Date,Open,High,Low,Close,Volume,Dividends,Stock Splits
2022-01-03 00:00:00-05:00,22.864426313010565,23.28380316776176,22.663125614705482,22.830875396728516,22000,0.0,0.0
2022-01-04 00:00:00-05:00,22.84765333264759,23.736731913195943,22.84765333264759,23.60253143310547,48600,0.0,0.0
2022-01-05 00:00:00-05:00,23.753504743306383,23.896092937590463,23.216702882376076,23.359291076660156,28800,0.0,0.0
2022-01-06 00:00:00-05:00,23.149602818660018,23.820605149718553,23.149602818660018,23.7451171875,18500,0.0,0.0
2022-01-07 00:00:00-05:00,23.870927292808172,24.16449138020399,23.59413866178825,24.01351547241211,21200,0.0,0.0
2022-01-10 00:00:00-05:00,24.055456554482724,24.25675725203456,23.3005785387144,23.443166732788086,55500,0.0,0.0
2022-01-11 00:00:00-05:00,23.35090543505126,23.761894596540664,22.83926511574189,23.661243438720703,38400,0.0,0.0
2022-01-12 00:00:00-05:00,23.62769197226167,23.770280166335354,23.43477900374896,23.443166732788086,31000,0.0,0.0
2022-01-13 00:00:00-05:00,23.384451703055877,23.761891495884285,23.241863514631333,23.392839431762695,29700,0.0,0.0
2022-01-14 00:00:00-05:00,23.250249002104226,23.55220080725997,23.241861274205952,23.493488311767578,12000,0.0,0.0
2022-01-18 00:00:00-05:00,23.418000825298712,23.770277405040854,23.258637191659385,23.518651962280273,137000,0.0,0.0
2022-01-19 00:00:00-05:00,23.61930378375937,23.61930378375937,22.931526013887577,22.97346305847168,17700,0.0,0.0
2022-01-20 00:00:00-05:00,22.839259965262787,23.468325160338452,22.730222702026367,22.730222702026367,44200,0.0,0.0
2022-01-21 00:00:00-05:00,22.486986268869938,23.493491349675033,22.486986268869938,23.040563583374023,42400,0.0,0.0
2022-01-24 00:00:00-05:00,22.428270095384605,23.116047761468014,22.226969432125713,22.805709838867188,63900,0.0,0.0
2022-01-25 00:00:00-05:00,21.88308440890094,23.082502469456674,21.857921221689406,22.830875396728516,51500,0.0,0.0
2022-01-26 00:00:00-05:00,22.99863084872743,23.25025636619125,22.352789994162002,22.42827796936035,52000,0.0,0.0
2022-01-27 00:00:00-05:00,22.528928569801003,22.755390889906312,22.243752137287373,22.294076919555664,55100,0.0,0.0
2022-01-28 00:00:00-05:00,22.285612118828812,22.67480578292098,21.701820008930817,22.243309020996094,32600,0.23,0.0
2022-01-31 00:00:00-05:00,22.048711035324857,22.640964099901073,22.02332982159944,22.446367263793945,29900,0.0,0.0
2022-02-01 00:00:00-05:00,22.801715131185688,23.00477287729572,22.35329493325967,22.522510528564453,40000,0.0,0.0
2022-02-02 00:00:00-05:00,22.505592247499614,22.827099993513137,22.20100477271644,22.446367263793945,94500,0.0,0.0
2022-02-03 00:00:00-05:00,22.429445575003253,22.83556113576009,22.327915877934153,22.564817428588867,27500,0.0,0.0
2022-02-04 00:00:00-05:00,22.497129430444105,22.801716879847703,22.302532610551648,22.539432525634766,23800,0.0,0.0
2022-02-07 00:00:00-05:00,22.59865778834362,22.71710936113309,22.310993832665464,22.581737518310547,32700,0.0,0.0
2022-02-08 00:00:00-05:00,22.615580347870306,23.047078714919827,22.615580347870306,22.90324592590332,48400,0.0,0.0
2022-02-09 00:00:00-05:00,23.030160015092164,23.030160015092164,22.61558347501586,22.62404441833496,40400,0.0,0.0
2022-02-10 00:00:00-05:00,22.640964716754002,22.88632560075659,22.573278788709167,22.717111587524414,31300,0.0,0.0
2022-02-11 00:00:00-05:00,22.759412513918306,22.818637493581704,22.48020788567683,22.590198516845703,25100,0.0,0.0
2022-02-14 00:00:00-05:00,22.784798645338913,22.801720531629137,22.370222113787825,22.463289260864258,40400,0.0,0.0
2022-02-15 00:00:00-05:00,22.64096862699683,22.89479049756169,22.598663906062622,22.734037399291992,33600,0.0,0.0
2022-02-16 00:00:00-05:00,22.73403351418287,22.954011570407438,22.53943505866141,22.76787567138672,91600,0.0,0.0
2022-02-17 00:00:00-05:00,22.72556963444634,22.72556963444634,22.327913445814414,22.395599365234375,29500,0.0,0.0
2022-02-18 00:00:00-05:00,22.294073707849726,22.683267383231556,22.294073707849726,22.607120513916016,39500,0.0,0.0
2022-02-22 00:00:00-05:00,22.547893467424824,22.827098091458243,22.34483570574231,22.539432525634766,26100,0.0,0.0
2022-02-23 00:00:00-05:00,22.75941383968258,22.810177880385464,22.251768591374468,22.41252326965332,29500,0.0,0.0
2022-02-24 00:00:00-05:00,21.964101971925857,22.505590964420325,21.397233380912677,21.947181701660156,89500,0.0,0.0
2022-02-25 00:00:00-05:00,22.10793354915431,23.00477398831958,22.10793354915431,22.94554901123047,38800,0.0,0.0
2022-02-28 00:00:00-05:00,22.717107715575477,22.87786237244254,22.708646774291992,22.708646774291992,25300,0.0,0.0
2022-03-01 00:00:00-05:00,22.573277037830277,22.573277037830277,21.80334906087925,22.057170867919922,40800,0.0,0.0
2022-03-02 00:00:00-05:00,22.260226568824724,22.928626406383888,22.260226568824724,22.708646774291992,24400,0.0,0.0
2022-03-03 00:00:00-05:00,22.82709672474165,22.83555766602513,22.547892117424926,22.708646774291992,19200,0.0,0.0
2022-03-04 00:00:00-05:00,22.429443529587992,22.52251227560077,22.260227921157412,22.45482635498047,25500,0.0,0.0
2022-03-07 00:00:00-05:00,22.48021045962187,22.48021045962187,22.07409488363649,22.09101676940918,27900,0.0,0.0
2022-03-08 00:00:00-05:00,22.116397468327452,22.36175996502749,21.871036585387227,21.879497528076172,27400,0.0,0.0
2022-03-09 00:00:00-05:00,22.234851121216145,22.302537055266242,21.947185498063245,21.98948860168457,36800,0.0,0.0
2022-03-10 00:00:00-05:00,21.794886659989636,22.336374006104293,21.794886659989636,22.251766204833984,21200,0.0,0.0
2022-03-11 00:00:00-05:00,22.302535428724557,22.48867133034729,22.02333076941053,22.124858856201172,20200,0.0,0.0
2022-03-14 00:00:00-04:00,22.28560986476682,22.420981700651115,22.006405251535508,22.192541122436523,16300,0.0,0.0
2022-03-15 00:00:00-04:00,22.243306730329717,22.547892553629772,21.921797410375763,22.09947395324707,21800,0.0,0.0
2022-03-16 00:00:00-04:00,22.184082524163685,22.420984068863678,22.150240368497826,22.302534103393555,38200,0.0,0.0
2022-03-17 00:00:00-04:00,22.048708190563087,22.082551956176758,21.989483214498726,22.082551956176758,18400,0.0,0.0
2022-03-18 00:00:00-04:00,21.981021881103516,22.014865646113645,21.61720947604231,21.981021881103516,53900,0.0,0.0
2022-03-21 00:00:00-04:00,22.006406075668334,22.167160741960988,21.63413270616521,21.76950454711914,15000,0.0,0.0
2022-03-22 00:00:00-04:00,21.820272417450017,21.97256454369528,21.752584876327944,21.904878616333008,15400,0.0,0.0
2022-03-23 00:00:00-04:00,21.744128235498046,21.828734444840215,21.28724695900232,21.371854782104492,19200,0.0,0.0
2022-03-24 00:00:00-04:00,21.34646660785552,21.56644624735451,21.18571355933516,21.557985305786133,14100,0.0,0.0
2022-03-25 00:00:00-04:00,21.49876260887728,21.828731296244772,21.49876260887728,21.659517288208008,22500,0.0,0.0
2022-03-28 00:00:00-04:00,21.651058345735027,21.7187442779541,21.40569583284094,21.7187442779541,16700,0.0,0.0
2022-03-29 00:00:00-04:00,21.78642621253518,21.955641818913087,21.507221591643365,21.693357467651367,42000,0.0,0.0
2022-03-30 00:00:00-04:00,21.60028896153657,21.701817027892737,20.98265316720524,21.143407821655273,34200,0.0,0.0
2022-03-31 00:00:00-04:00,21.219558450661896,21.388774076350924,21.024961610751376,21.134950637817383,28500,0.0,0.0
2022-04-01 00:00:00-04:00,21.160333423988707,21.2787833934811,20.991117798634026,21.084186553955078,24400,0.0,0.0
2022-04-04 00:00:00-04:00,21.219559727145427,21.236481613484244,20.720375376469654,20.813444137573242,21100,0.0,0.0
2022-04-05 00:00:00-04:00,20.855742810518784,20.940350610484774,20.49193040029671,20.593460083007812,20600,0.0,0.0
2022-04-06 00:00:00-04:00,20.59346178705958,20.59346178705958,20.348099308231095,20.475011825561523,19500,0.0,0.0
2022-04-07 00:00:00-04:00,20.610386730565875,20.71191482298919,20.153505473381145,20.22119140625,13600,0.0,0.0
2022-04-08 00:00:00-04:00,20.246576134595806,20.38194801302626,20.03505737282821,20.12812614440918,18300,0.0,0.0
2022-04-11 00:00:00-04:00,20.21272648851503,20.348098327634727,20.111198416055068,20.153501510620117,15500,0.0,0.0
2022-04-12 00:00:00-04:00,20.1873467050353,20.339640438255874,19.764309274426914,19.992748260498047,14800,0.0,0.0
2022-04-13 00:00:00-04:00,19.916603843106504,20.44116937535986,19.916603843106504,20.29733657836914,18400,0.0,0.0
2022-04-14 00:00:00-04:00,20.280414000715286,20.32271871236218,19.840456295905785,20.060434341430664,20500,0.0,0.0
2022-04-18 00:00:00-04:00,20.178884335614917,20.348098327634727,19.891218774045658,20.153501510620117,21400,0.0,0.0
2022-04-19 00:00:00-04:00,20.34810170648697,20.788061063562118,20.34810170648697,20.686532974243164,79600,0.0,0.0
2022-04-20 00:00:00-04:00,20.85574210738152,21.118024826049805,20.804978074617225,21.118024826049805,22500,0.0,0.0
2022-04-21 00:00:00-04:00,21.10110969413972,21.244942500117094,20.804983139038086,20.804983139038086,16800,0.0,0.0
2022-04-22 00:00:00-04:00,20.9149712224293,20.948814993479623,20.458091609568765,20.48347282409668,15900,0.0,0.0
2022-04-25 00:00:00-04:00,19.992749263048765,20.212728931647334,19.47664466918272,19.544330596923828,60000,0.0,0.0
2022-04-26 00:00:00-04:00,19.459723546535812,20.136582850476586,19.095911065507693,19.14667510986328,62400,0.0,0.0
2022-04-27 00:00:00-04:00,19.07052753236481,19.07052753236481,18.842086939889672,18.952075958251953,30400,0.0,0.0
2022-04-28 00:00:00-04:00,19.197438912056192,19.408957625808984,18.833626466199835,19.155134201049805,25900,0.0,0.0
2022-04-29 00:00:00-04:00,19.172231779827193,19.34318248704598,18.556804668937072,18.59099578857422,65400,0.23,0.0
2022-05-02 00:00:00-04:00,18.796136153857912,18.975636257350523,18.462780914928743,18.736303329467773,26900,0.0,0.0
2022-05-03 00:00:00-04:00,18.667923436485097,18.92435030229657,18.505518885299296,18.8303279876709,26100,0.0,0.0
2022-05-04 00:00:00-04:00,18.71920630891822,19.163681012989624,18.445683915742606,19.12948989868164,99400,0.0,0.0
2022-05-05 00:00:00-04:00,18.984184081662864,18.984184081662864,18.42004364430911,18.804685592651367,27700,0.0,0.0
2022-05-06 00:00:00-04:00,18.58244441568434,18.838872872414658,18.58244441568434,18.770490646362305,22600,0.0,0.0
2022-05-09 00:00:00-04:00,18.693567972113446,18.915803733874245,18.599544021145324,18.753400802612305,37700,0.0,0.0
2022-05-10 00:00:00-04:00,18.821779993113054,18.99273069159397,18.565351499908328,18.59954261779785,35300,0.0,0.0
2022-05-11 00:00:00-04:00,18.68501973725406,18.77904205561158,18.548258519350103,18.59099578857422,28900,0.0,0.0
2022-05-12 00:00:00-04:00,18.667926358860736,18.667926358860736,18.189262040262964,18.53971290588379,40900,0.0,0.0
2022-05-13 00:00:00-04:00,18.625188641313756,18.625188641313756,18.30037949582613,18.377307891845703,30300,0.0,0.0
2022-05-16 00:00:00-04:00,18.377303597907627,18.471327533367432,18.163614021187772,18.21489906311035,34000,0.0,0.0
2022-05-17 00:00:00-04:00,18.326019002985557,18.68501756584434,18.23199506523236,18.64227867126465,22300,0.0,0.0
2022-05-18 00:00:00-04:00,18.462784077367495,18.565354185227484,18.317475065963784,18.4114990234375,32600,0.0,0.0
2022-05-19 00:00:00-04:00,18.283282346326963,18.43713912500207,18.001212128863372,18.02685546875,42300,0.0,0.0
2022-05-20 00:00:00-04:00,18.206351557300223,18.27473215766266,17.753330691269877,17.88154411315918,23200,0.0,0.0
2022-05-23 00:00:00-04:00,18.16361643913051,18.3602104846061,18.11233139038086,18.11233139038086,16800,0.0,0.0
2022-05-24 00:00:00-04:00,18.035402745210824,18.206353448715525,17.838808702535392,18.163616180419922,18000,0.0,0.0
2022-05-25 00:00:00-04:00,18.137970944718138,18.326018818329732,18.078138123231582,18.180709838867188,17500,0.0,0.0
2022-05-26 00:00:00-04:00,18.351664296173606,18.531164427846672,18.180713575409555,18.462783813476562,17700,0.0,0.0
2022-05-27 00:00:00-04:00,18.54825757811177,18.676471009600203,18.505518680734138,18.61663818359375,12000,0.0,0.0
2022-05-31 00:00:00-04:00,18.437139257078165,18.710661696538946,18.33456915744154,18.50551986694336,35100,0.0,0.0
2022-06-01 00:00:00-04:00,18.61663792780653,18.727755798817178,18.32601995092057,18.667922973632812,30900,0.0,0.0
2022-06-02 00:00:00-04:00,18.710662086219692,18.975638381497944,18.53971137315754,18.949995040893555,21800,0.0,0.0
2022-06-03 00:00:00-04:00,18.633731608854543,19.0525646402299,18.633731608854543,18.736303329467773,23800,0.0,0.0
2022-06-06 00:00:00-04:00,18.873062143263773,18.958538294547722,18.804681548301012,18.89015769958496,11600,0.0,0.0
2022-06-07 00:00:00-04:00,18.80468603811342,19.044018992787283,18.761948767428475,18.949995040893555,13100,0.0,0.0
2022-06-08 00:00:00-04:00,18.65937565691508,18.8303279876709,18.616638389387255,18.8303279876709,22800,0.0,0.0
2022-06-09 00:00:00-04:00,18.54825801796813,18.813232666704167,18.54825801796813,18.72775650024414,45800,0.0,0.0
2022-06-10 00:00:00-04:00,18.47132992596924,18.505519414905514,18.351662638886527,18.360210418701172,39200,0.0,0.0
2022-06-13 00:00:00-04:00,18.274736227858167,18.924352891146633,17.93283314989647,18.061046600341797,28700,0.0,0.0
2022-06-14 00:00:00-04:00,18.112336156342195,18.257645191303798,17.99266883734146,18.086692810058594,27600,0.0,0.0
2022-06-15 00:00:00-04:00,18.155066502377757,18.445684461302847,17.81316350079592,18.180709838867188,22400,0.0,0.0
2022-06-16 00:00:00-04:00,18.001208800702805,18.095232732581128,17.77897145374079,17.890090942382812,29600,0.0,0.0
2022-06-17 00:00:00-04:00,18.001211179927186,18.103782903744285,17.992663400415573,18.035402297973633,51700,0.0,0.0
2022-06-21 00:00:00-04:00,18.1978016281927,18.496965673675692,18.1978016281927,18.47987174987793,22600,0.0,0.0
2022-06-22 00:00:00-04:00,18.343111516723,18.804681760675972,18.343111516723,18.488420486450195,24600,0.0,0.0
2022-06-23 00:00:00-04:00,18.445681822532443,18.488419080245546,18.249087828537153,18.402944564819336,36700,0.0,0.0
2022-06-24 00:00:00-04:00,18.360207536449966,18.984180692064708,18.360207536449966,18.915800094604492,106500,0.0,0.0
2022-06-27 00:00:00-04:00,18.915806884040876,19.04402197683072,18.599547118643255,18.659379959106445,18500,0.0,0.0
2022-06-28 00:00:00-04:00,18.821779734289247,19.07820659364554,18.616637920739773,18.650827407836914,27100,0.0,0.0
2022-06-29 00:00:00-04:00,18.616637202810207,18.616637202810207,18.454232661975656,18.55680274963379,47900,0.0,0.0
2022-06-30 00:00:00-04:00,18.351660951648192,18.633731138308907,18.231995305889754,18.573898315429688,14500,0.0,0.0
2022-07-01 00:00:00-04:00,18.608087750453972,18.94999072910573,18.37730262849329,18.770490646362305,18100,0.0,0.0
2022-07-05 00:00:00-04:00,18.55680274963379,18.590993865734596,18.37730428107098,18.55680274963379,28200,0.0,0.0
2022-07-06 00:00:00-04:00,18.45423462691825,18.46278240685359,18.30892562866211,18.30892562866211,28200,0.0,0.0
2022-07-07 00:00:00-04:00,18.223446607684664,18.48842122292273,18.223446607684664,18.30037498474121,22400,0.0,0.0
2022-07-08 00:00:00-04:00,18.377303361797757,18.394398918993005,18.180709345018613,18.30037498474121,19100,0.0,0.0
2022-07-11 00:00:00-04:00,18.300374257051143,18.471326561561792,18.18070862208689,18.206350326538086,14300,0.0,0.0
2022-07-12 00:00:00-04:00,18.163616193093553,18.488423671204714,18.163616193093553,18.19780731201172,8900,0.0,0.0
2022-07-13 00:00:00-04:00,18.069591050316458,18.257638931274414,17.915734286013464,18.257638931274414,24200,0.0,0.0
2022-07-14 00:00:00-04:00,18.026855456984723,18.137973335776266,17.87299867841003,17.992664337158203,23600,0.0,0.0
2022-07-15 00:00:00-04:00,18.035400369503144,18.462779517451928,17.924280878056102,18.30037498474121,29100,0.0,0.0
2022-07-18 00:00:00-04:00,18.642278225593483,18.642278225593483,18.368755828110917,18.548255920410156,82100,0.0,0.0
2022-07-19 00:00:00-04:00,18.454238093094375,18.813236766196155,18.454238093094375,18.659379959106445,18400,0.0,0.0
2022-07-20 00:00:00-04:00,18.642280280172123,18.99273109436035,18.54825796462653,18.99273109436035,17800,0.0,0.0
2022-07-21 00:00:00-04:00,18.82178116423469,18.915803483636633,18.4200436556472,18.838876724243164,12400,0.0,0.0
2022-07-22 00:00:00-04:00,18.804688984655325,18.821784547736986,18.548262059720894,18.659379959106445,12600,0.0,0.0
2022-07-25 00:00:00-04:00,18.77049234212488,18.77049234212488,18.488422155464168,18.573898315429688,18800,0.0,0.0
2022-07-26 00:00:00-04:00,18.625187350430608,18.83032918215724,18.625187350430608,18.719209671020508,17500,0.0,0.0
2022-07-27 00:00:00-04:00,18.821780398678612,19.06965948742994,18.676471405161532,19.00982666015625,18800,0.0,0.0
2022-07-28 00:00:00-04:00,19.07820841834764,19.428659253803197,19.035471147808128,19.232065200805664,22100,0.0,0.0
2022-07-29 00:00:00-04:00,19.30115325154949,19.43069086119209,18.722550391129815,19.38751220703125,16200,0.23,0.0
2022-08-01 00:00:00-04:00,19.18024518839563,19.283876238111382,19.02480108456148,19.11115837097168,17500,0.0,0.0
2022-08-02 00:00:00-04:00,18.98162513657712,19.024805436820124,18.73982204385641,18.81754493713379,19900,0.0,0.0
2022-08-03 00:00:00-04:00,18.80891027193759,18.869361049600744,18.636192352477018,18.852088928222656,20400,0.0,0.0
2022-08-04 00:00:00-04:00,18.765725342983455,18.886628515668846,18.65345987601818,18.83481216430664,20000,0.0,0.0
2022-08-05 00:00:00-04:00,18.523924740286404,19.024804672872033,18.523924740286404,18.88663101196289,18300,0.0,0.0
2022-08-08 00:00:00-04:00,18.938446804492543,19.02480575928227,18.67936994012336,18.869359970092773,27900,0.0,0.0
2022-08-09 00:00:00-04:00,18.834813734729757,18.98162344817731,18.765726907646194,18.91253662109375,10900,0.0,0.0
2022-08-10 00:00:00-04:00,19.059346166683717,19.206155878838302,18.938444632142247,19.03343963623047,16300,0.0,0.0
2022-08-11 00:00:00-04:00,19.1802442185174,19.34432601928711,19.093886936473993,19.34432601928711,14500,0.0,0.0
2022-08-12 00:00:00-04:00,19.240699508900313,19.534318923950195,19.0507095067152,19.534318923950195,73900,0.0,0.0
2022-08-15 00:00:00-04:00,19.499775658349797,19.77612296928409,19.327057765435917,19.68976402282715,19000,0.0,0.0
2022-08-16 00:00:00-04:00,19.61204015277459,19.853844861302772,19.603405741005567,19.663856506347656,20000,0.0,0.0
2022-08-17 00:00:00-04:00,19.646582634597248,19.732941569016422,19.31842066039599,19.542951583862305,23000,0.0,0.0
2022-08-18 00:00:00-04:00,19.4825039071428,19.568862855228808,19.30115159860612,19.35296630859375,11300,0.0,0.0
2022-08-19 00:00:00-04:00,19.232061955815567,19.396142121297252,19.02480149902842,19.119794845581055,34400,0.0,0.0
2022-08-22 00:00:00-04:00,19.05934684562595,19.05934684562595,18.739820879481208,18.877994537353516,28900,0.0,0.0
2022-08-23 00:00:00-04:00,18.912533117414785,19.04207068830374,18.60164327671322,18.705272674560547,15700,0.0,0.0
2022-08-24 00:00:00-04:00,18.68800363989615,18.696639699000336,18.31666133421543,18.515287399291992,111600,0.0,0.0
2022-08-25 00:00:00-04:00,18.558466438735447,18.895264515096766,18.558466438735447,18.78299903869629,19100,0.0,0.0
2022-08-26 00:00:00-04:00,18.670735414152446,18.757092721259756,18.480745385332252,18.56710433959961,24800,0.0,0.0
2022-08-29 00:00:00-04:00,18.618917494365128,19.01616799186983,18.35120624099538,18.35984230041504,15500,0.0,0.0
2022-08-30 00:00:00-04:00,18.446197645012106,18.912533232481508,18.14394221299253,18.195756912231445,14900,0.0,0.0
2022-08-31 00:00:00-04:00,18.19575671040526,18.247571409069447,17.89350128173828,17.89350128173828,23800,0.0,0.0
2022-09-01 00:00:00-04:00,17.945316571902897,18.169849115785357,17.763962666507286,18.04030990600586,63700,0.0,0.0
2022-09-02 00:00:00-04:00,18.247573106791155,18.506649918535285,17.96258976688442,18.057584762573242,20000,0.0,0.0
2022-09-06 00:00:00-04:00,18.653459526849915,18.653459526849915,17.8071455696928,17.84168815612793,16300,0.0,0.0
2022-09-07 00:00:00-04:00,17.789872891402773,18.152579096902155,17.686241841048805,18.083492279052734,45400,0.0,0.0
2022-09-08 00:00:00-04:00,17.953954701480026,18.30802484885327,17.876231825504465,18.083492279052734,19700,0.0,0.0
2022-09-09 00:00:00-04:00,18.118036846675388,18.454836561804974,17.91941242952194,18.29939079284668,32700,0.0,0.0
2022-09-12 00:00:00-04:00,18.48937629733431,18.48937629733431,18.264843737621547,18.325294494628906,13900,0.0,0.0
2022-09-13 00:00:00-04:00,18.195758403199388,18.411654922738364,17.763965364121436,17.92804718017578,28800,0.0,0.0
2022-09-14 00:00:00-04:00,17.962588925845488,18.040311801013637,17.70351377339142,17.78123664855957,18600,0.0,0.0
2022-09-15 00:00:00-04:00,17.75533304255924,18.048952502701685,17.712154388427734,17.712154388427734,13100,0.0,0.0
2022-09-16 00:00:00-04:00,17.651701046380037,17.9971351706697,17.487619219657507,17.867597579956055,42500,0.0,0.0
2022-09-19 00:00:00-04:00,17.70351524915245,18.178486950631648,17.70351524915245,18.03167724609375,13900,0.0,0.0
2022-09-20 00:00:00-04:00,17.798512149220848,18.118038121531693,17.74669579114885,17.902141571044922,10000,0.0,0.0
2022-09-21 00:00:00-04:00,17.997134578407284,18.04894928355562,17.703515170633747,17.815780639648438,26600,0.0,0.0
2022-09-22 00:00:00-04:00,17.72078838294718,17.746694913542093,17.5394344329834,17.5394344329834,10800,0.0,0.0
2022-09-23 00:00:00-04:00,17.401261129390384,17.49625613590937,17.271723532329894,17.33217430114746,21400,0.0,0.0
2022-09-26 00:00:00-04:00,17.435800969730224,17.694876098511678,17.314897815427315,17.44443702697754,17600,0.0,0.0
2022-09-27 00:00:00-04:00,17.53079797661885,17.53079797661885,17.2717227935791,17.2717227935791,24400,0.0,0.0
2022-09-28 00:00:00-04:00,17.280357862484372,17.539433030679323,17.271721803923242,17.37535285949707,22600,0.0,0.0
2022-09-29 00:00:00-04:00,17.254446784630993,17.487615385083714,17.17672391781342,17.314897537231445,30100,0.0,0.0
2022-09-30 00:00:00-04:00,17.418534378074273,17.470349090827387,16.943562608990668,17.055828094482422,32400,0.0,0.0
2022-10-03 00:00:00-04:00,17.211272686712242,17.271723455260066,17.029918733908858,17.24581527709961,22000,0.0,0.0
2022-10-04 00:00:00-04:00,17.340809187783165,18.01440695296499,17.340809187783165,17.94532012939453,38300,0.0,0.0
2022-10-05 00:00:00-04:00,17.772599118080933,18.023039838909458,17.70351230667298,17.919408798217773,17400,0.0,0.0
2022-10-06 00:00:00-04:00,17.902140414673962,18.04895012540834,17.789874940422898,17.833053588867188,15900,0.0,0.0
2022-10-07 00:00:00-04:00,17.858963700509687,17.867599760565877,17.582616367351786,17.70351791381836,32300,0.0,0.0
2022-10-10 00:00:00-04:00,17.902140923200875,18.083494875570096,17.703516499259273,17.798511505126953,16100,0.0,0.0
2022-10-11 00:00:00-04:00,17.63442826791823,17.850324793408337,17.470346447341015,17.599884033203125,13500,0.0,0.0
2022-10-12 00:00:00-04:00,17.461713197696362,17.738062178393662,17.461713197696362,17.5739803314209,17700,0.0,0.0
2022-10-13 00:00:00-04:00,17.798511451586055,18.316661834716797,17.625793559102544,18.316661834716797,21200,0.0,0.0
2022-10-14 00:00:00-04:00,18.394385248388794,18.403021307976275,17.953957739546873,18.1525821685791,20800,0.0,0.0
2022-10-17 00:00:00-04:00,18.359842943984404,18.549831316396823,18.135310332682472,18.463472366333008,37000,0.0,0.0
2022-10-18 00:00:00-04:00,18.5671070026183,18.705280690399846,18.10940563236675,18.282123565673828,19900,0.0,0.0
2022-10-19 00:00:00-04:00,18.19575857657689,18.411655098173025,17.93668340952542,18.230302810668945,33000,0.0,0.0
2022-10-20 00:00:00-04:00,18.50665112168189,18.50665112168189,17.76396651908924,17.867597579956055,13700,0.0,0.0
2022-10-21 00:00:00-04:00,18.739816905282712,18.8348102454495,17.876230903143593,18.705272674560547,36000,0.0,0.0
2022-10-24 00:00:00-04:00,18.972984540901567,19.430685731100514,18.57573575659125,18.679365158081055,28500,0.0,0.0
2022-10-25 00:00:00-04:00,18.56710433959961,18.808909082116198,18.377115957939463,18.56710433959961,35900,0.0,0.0
2022-10-26 00:00:00-04:00,18.731182250873537,18.765724837023924,18.428926798049062,18.480741500854492,18300,0.0,0.0
2022-10-27 00:00:00-04:00,18.6534617028345,18.774363240200568,18.506651987250027,18.61891746520996,23600,0.0,0.0
2022-10-28 00:00:00-04:00,18.741121256816445,19.299777162505336,18.741121256816445,19.221216201782227,38000,0.23,0.0
2022-10-31 00:00:00-04:00,19.011720972537187,19.43944083623846,18.8895141079647,19.24740219116211,23600,0.0,0.0
2022-11-01 00:00:00-04:00,19.25613303348301,19.39579660654253,18.80222725350014,18.968076705932617,14800,0.0,0.0
2022-11-02 00:00:00-04:00,18.985535051160056,19.12519862408984,18.575273513793945,18.575273513793945,23600,0.0,0.0
2022-11-03 00:00:00-04:00,18.409422613084413,18.531627824604797,18.269759038512216,18.34832000732422,7100,0.0,0.0
2022-11-04 00:00:00-04:00,18.671291888880376,19.099011805340936,18.52289912889029,19.02045249938965,18900,0.0,0.0
2022-11-07 00:00:00-05:00,19.06409523252563,19.099010291857038,18.776038917127075,19.002992630004883,18200,0.0,0.0
2022-11-08 00:00:00-05:00,18.968076595773617,19.081554288801144,18.70620781403813,18.941890716552734,18100,0.0,0.0
2022-11-09 00:00:00-05:00,18.9506166327968,18.985533355371043,18.575271854649518,18.741121292114258,15600,0.0,0.0
2022-11-10 00:00:00-05:00,19.203754227647455,19.57037142040846,18.854595392856176,19.317230224609375,30300,0.0,0.0
2022-11-11 00:00:00-05:00,19.343426198259152,19.596567504466602,18.880789499804873,18.933164596557617,12400,0.0,0.0
2022-11-14 00:00:00-05:00,18.933161690174217,19.186301292601442,18.549086030886187,18.645105361938477,32400,0.0,0.0
2022-11-15 00:00:00-05:00,18.828410675714935,19.465625852755828,18.61891534346536,18.732391357421875,21900,0.0,0.0
2022-11-16 00:00:00-05:00,18.697478772661565,18.697478772661565,18.487983412720283,18.531627655029297,31900,0.0,0.0
2022-11-17 00:00:00-05:00,18.409423591659113,18.645106510623123,18.383236045689372,18.522899627685547,76200,0.0,0.0
2022-11-18 00:00:00-05:00,18.522899284505545,18.70620877305506,18.522899284505545,18.61018943786621,111700,0.0,0.0
2022-11-21 00:00:00-05:00,18.61019064682154,18.741125052907698,18.531629670185584,18.671293258666992,30000,0.0,0.0
2022-11-22 00:00:00-05:00,18.67129130267906,18.819684058010225,18.66256212119827,18.714937210083008,19500,0.0,0.0
2022-11-23 00:00:00-05:00,18.749852673133514,18.749852673133514,18.531628126197823,18.697479248046875,16400,0.0,0.0
2022-11-25 00:00:00-05:00,18.776038769790485,18.83714137183176,18.662561081781522,18.74985122680664,3900,0.0,0.0
2022-11-28 00:00:00-05:00,18.583997402444528,18.837136931939526,18.44433220437065,18.514163970947266,19200,0.0,0.0
2022-11-29 00:00:00-05:00,18.662562108576903,18.723666378901108,18.426880868439486,18.601459503173828,171200,0.0,0.0
2022-11-30 00:00:00-05:00,18.636375332190948,18.906973285205286,18.226112147221002,18.889514923095703,38200,0.0,0.0
2022-12-01 00:00:00-05:00,18.976804883124593,19.2910487383395,18.89824391932087,19.22994613647461,22400,0.0,0.0
2022-12-02 00:00:00-05:00,19.18630281489289,19.59656605108866,19.18630281489289,19.561649322509766,18600,0.0,0.0
2022-12-05 00:00:00-05:00,19.456900530202372,19.456900530202372,18.968076368274687,19.05536651611328,23400,0.0,0.0
2022-12-06 00:00:00-05:00,19.00299317052235,19.378339642307278,18.994263989210943,19.238676071166992,49200,0.0,0.0
2022-12-07 00:00:00-05:00,19.168844114696626,19.439443761677442,19.13392905165082,19.142658233642578,17000,0.0,0.0
2022-12-08 00:00:00-05:00,19.168841869688688,19.308507100278337,19.168841869688688,19.22994613647461,15500,0.0,0.0
2022-12-09 00:00:00-05:00,19.168843879278807,19.360882550896548,19.168843879278807,19.256134033203125,15500,0.0,0.0
2022-12-12 00:00:00-05:00,19.27358627319336,19.378334757605142,19.203754505225728,19.27358627319336,17800,0.0,0.0
2022-12-13 00:00:00-05:00,19.439440389282034,19.66639408693165,19.29977683148549,19.30850601196289,40800,0.0,0.0
2022-12-14 00:00:00-05:00,19.31723598563446,19.352152711987213,18.828413471143975,18.880786895751953,23000,0.0,0.0
2022-12-15 00:00:00-05:00,18.76731055930866,18.8196839830637,18.348319839426097,18.531627655029297,21500,0.0,0.0
2022-12-16 00:00:00-05:00,18.391962134616627,18.985533090737377,18.252298576108327,18.898242950439453,95200,0.0,0.0
2022-12-19 00:00:00-05:00,18.82841294734067,19.03790830486561,18.23484193522612,18.758581161499023,26200,0.0,0.0
2022-12-20 00:00:00-05:00,18.741117837042705,18.95934231813742,18.68001524872349,18.767305374145508,27700,0.0,0.0
2022-12-21 00:00:00-05:00,18.828412320633213,19.203758781383993,18.828412320633213,18.889514923095703,82900,0.0,0.0
2022-12-22 00:00:00-05:00,18.767310068961173,18.976805423428814,18.697478284138626,18.91570281982422,16700,0.0,0.0
2022-12-23 00:00:00-05:00,19.011722905250505,19.046637966591376,18.9244327545166,18.9244327545166,16100,0.0,0.0
2022-12-27 00:00:00-05:00,18.94188867007422,18.94188867007422,18.80222511291504,18.80222511291504,19800,0.0,0.0
2022-12-28 00:00:00-05:00,18.933160859398384,18.933160859398384,18.531626854825173,18.566543579101562,16600,0.0,0.0
2022-12-29 00:00:00-05:00,18.592729568481445,18.845870826234655,18.557814508917488,18.592729568481445,26900,0.0,0.0
2022-12-30 00:00:00-05:00,18.584003498725032,18.584003498725032,18.44433825483549,18.54035758972168,25100,0.0,0.0
2023-01-03 00:00:00-05:00,18.453067502748674,18.741123843518086,18.453067502748674,18.72366714477539,20300,0.0,0.0
2023-01-04 00:00:00-05:00,18.76730952338298,18.76730952338298,18.601458414905427,18.68001937866211,11100,0.0,0.0
2023-01-05 00:00:00-05:00,18.592733021471766,18.592733021471766,18.130097990573397,18.217388153076172,19600,0.0,0.0
2023-01-06 00:00:00-05:00,18.243570994477675,18.645105009070733,18.182468390390298,18.61891746520996,22500,0.0,0.0
2023-01-09 00:00:00-05:00,18.61891879745103,18.61891879745103,18.348320817878626,18.426881790161133,15300,0.0,0.0
2023-01-10 00:00:00-05:00,18.479256428477978,18.531629858460278,18.409424633527806,18.487985610961914,11500,0.0,0.0
2023-01-11 00:00:00-05:00,18.47052341182546,18.592728611390193,18.29594312822929,18.37450408935547,19300,0.0,0.0
2023-01-12 00:00:00-05:00,18.418151975811583,18.627647339730927,18.3308618246149,18.557815551757812,22100,0.0,0.0
2023-01-13 00:00:00-05:00,18.40942325851014,18.78476975267781,18.322133105111885,18.72366714477539,12600,0.0,0.0
2023-01-17 00:00:00-05:00,18.758581439879524,18.758581439879524,18.383234961065053,18.601459503173828,75000,0.0,0.0
2023-01-18 00:00:00-05:00,18.48798336448255,18.662561998184223,18.261029642241365,18.575273513793945,59300,0.0,0.0
2023-01-19 00:00:00-05:00,18.60145430233574,18.87205385763606,18.540351714016523,18.767305374145508,30000,0.0,0.0
2023-01-20 00:00:00-05:00,18.8545969602215,19.10773651214319,18.8545969602215,19.037904739379883,31000,0.0,0.0
2023-01-23 00:00:00-05:00,19.116470168850633,19.160116077624885,19.02045249938965,19.02045249938965,28800,0.0,0.0
2023-01-24 00:00:00-05:00,19.02044931230105,19.05536436854886,18.57527110692537,18.732391357421875,20000,0.0,0.0
2023-01-25 00:00:00-05:00,18.470527058340128,18.784770964883954,18.461797875944878,18.671293258666992,15100,0.0,0.0
2023-01-26 00:00:00-05:00,19.62275007021824,19.62275007021824,18.461795593895463,18.688749313354492,18400,0.0,0.0
2023-01-27 00:00:00-05:00,18.69747907716345,18.976806228300873,18.592730563026343,18.880786895751953,28000,0.0,0.0
2023-01-30 00:00:00-05:00,18.889610777878296,19.030775414201262,18.57198950474402,18.810205459594727,17700,0.23,0.0
2023-01-31 00:00:00-05:00,18.36024438492506,18.80138433821947,18.36024438492506,18.580814361572266,28800,0.0,0.0
2023-02-01 00:00:00-05:00,18.44846947129407,18.819027034277937,18.44846947129407,18.545520782470703,24600,0.0,0.0
2023-02-02 00:00:00-05:00,18.677863038904572,18.792558670043945,18.554344408013687,18.792558670043945,29300,0.0,0.0
2023-02-03 00:00:00-05:00,18.739619659835956,19.074886870925763,18.58080905277393,18.90725326538086,34200,0.0,0.0
2023-02-06 00:00:00-05:00,18.801378150457413,18.88078345054239,18.686682540787352,18.704328536987305,15900,0.0,0.0
2023-02-07 00:00:00-05:00,18.57199028332431,18.933724889418553,18.563168965647623,18.827852249145508,22900,0.0,0.0
2023-02-08 00:00:00-05:00,18.713151278558307,18.748443273648114,18.44846804664455,18.466114044189453,20300,0.0,0.0
2023-02-09 00:00:00-05:00,18.4925819898915,18.598456295965462,18.324950055928987,18.34259605407715,36000,0.0,0.0
2023-02-10 00:00:00-05:00,18.377889238855875,18.49258487910856,18.298483917598144,18.36906623840332,46100,0.0,0.0
2023-02-13 00:00:00-05:00,18.4572896077752,18.510225913471743,18.2808330117003,18.386707305908203,22500,0.0,0.0
2023-02-14 00:00:00-05:00,18.501408338785325,18.501408338785325,18.024978082228714,18.06026840209961,24600,0.0,0.0
2023-02-15 00:00:00-05:00,18.060263718604705,18.2984796265151,18.033796406269023,18.2631893157959,18400,0.0,0.0
2023-02-16 00:00:00-05:00,18.05144245645043,18.580810630673312,17.96321582975915,18.492582321166992,79600,0.0,0.0
2023-02-17 00:00:00-05:00,18.519051380883155,19.163115181650674,18.47493806738978,19.039596557617188,54700,0.0,0.0
2023-02-21 00:00:00-05:00,19.013125231313467,19.048417224038026,18.651390719960922,18.713150024414062,25600,0.0,0.0
2023-02-22 00:00:00-05:00,18.580809018290743,18.580809018290743,18.20142849830551,18.272010803222656,23700,0.0,0.0
2023-02-23 00:00:00-05:00,18.316129053152554,18.430824687986412,18.122028100812496,18.254369735717773,22300,0.0,0.0
2023-02-24 00:00:00-05:00,18.10438333351812,18.10438333351812,17.883813366051715,17.963218688964844,30800,0.0,0.0
2023-02-27 00:00:00-05:00,17.980862031126325,18.166141668802045,17.980862031126325,18.122028350830078,16200,0.0,0.0
2023-02-28 00:00:00-05:00,18.174963746800607,18.174963746800607,17.830873489379883,17.830873489379883,34600,0.0,0.0
2023-03-01 00:00:00-05:00,17.769113061979507,17.954392678657065,17.707353750691997,17.84851837158203,42700,0.0,0.0
2023-03-02 00:00:00-05:00,17.830872923221925,17.830872923221925,17.636771984215258,17.813228607177734,20400,0.0,0.0
2023-03-03 00:00:00-05:00,17.795584354453773,17.91027999266298,17.689710033724687,17.857343673706055,34800,0.0,0.0
2023-03-06 00:00:00-05:00,17.822049852570068,17.84851716543899,17.583833939860337,17.636770248413086,76100,0.0,0.0
2023-03-07 00:00:00-05:00,17.583837701079403,17.583837701079403,17.301508417987385,17.407381057739258,19600,0.0,0.0
2023-03-08 00:00:00-05:00,17.539721086609052,17.539721086609052,17.33679714339107,17.504430770874023,20200,0.0,0.0
2023-03-09 00:00:00-05:00,17.389736287051615,17.389736287051615,16.886837005615234,16.886837005615234,47200,0.0,0.0
2023-03-10 00:00:00-05:00,16.736850501640102,16.8515478406414,16.32217951965699,16.45452117919922,64700,0.0,0.0
2023-03-13 00:00:00-04:00,16.322176049258882,16.330999049061163,15.263439632397112,15.501655578613281,82900,0.0,0.0
2023-03-14 00:00:00-04:00,16.286882221403886,16.507452143250514,15.686933447545618,15.801629066467285,53600,0.0,0.0
2023-03-15 00:00:00-04:00,15.484006990301976,16.013375110230005,15.334019384369281,15.872210502624512,35300,0.0,0.0
2023-03-16 00:00:00-04:00,15.704577538782765,16.472161596320245,15.58988192149391,16.09278106689453,40900,0.0,0.0
2023-03-17 00:00:00-04:00,16.05749353037243,16.05749353037243,15.44871997833252,15.44871997833252,119700,0.0,0.0
2023-03-20 00:00:00-04:00,15.589884450218978,15.92515004059548,15.466365814208984,15.466365814208984,50000,0.0,0.0
2023-03-21 00:00:00-04:00,15.704578931781244,16.101605493795383,15.704578931781244,15.986909866333008,39300,0.0,0.0
2023-03-22 00:00:00-04:00,16.013376954868423,16.066313268114694,15.616352081298828,15.616352081298828,37900,0.0,0.0
2023-03-23 00:00:00-04:00,15.660465497069554,15.739870808863,15.192856625709828,15.210502624511719,39000,0.0,0.0
2023-03-24 00:00:00-04:00,15.025224904537664,15.492832099897944,15.025224904537664,15.395782470703125,40800,0.0,0.0
2023-03-27 00:00:00-04:00,15.616353450570495,15.757518086814832,15.466365814208984,15.466365814208984,27900,0.0,0.0
2023-03-28 00:00:00-04:00,15.404605439097073,15.598708083928553,15.404605439097073,15.528125762939453,27400,0.0,0.0
2023-03-29 00:00:00-04:00,15.545772027290226,15.625175667284974,15.316379059485115,15.42225170135498,18100,0.0,0.0
2023-03-30 00:00:00-04:00,15.616351862680288,15.669288175185484,15.042868693083049,15.11345100402832,32600,0.0,0.0
2023-03-31 00:00:00-04:00,15.139919524125528,15.289907140505004,15.086983213290118,15.192855834960938,41400,0.0,0.0
2023-04-03 00:00:00-04:00,15.104631054417974,15.219326689027032,14.804655785052516,14.963464736938477,38200,0.0,0.0
2023-04-04 00:00:00-04:00,14.813478265506685,14.839945581818444,14.460565008408713,14.469388008117676,44500,0.0,0.0
2023-04-05 00:00:00-04:00,14.363512858304244,14.566436767578125,14.345866861980905,14.566436767578125,32400,0.0,0.0
2023-04-06 00:00:00-04:00,14.469386499719356,14.663489107451541,14.416450189799193,14.637020111083984,29400,0.0,0.0
2023-04-10 00:00:00-04:00,14.654666908940028,14.707603221750993,14.645843909669026,14.681134223937988,45800,0.0,0.0
2023-04-11 00:00:00-04:00,14.76053960490345,14.804654601468688,14.645843979463931,14.725249290466309,34800,0.0,0.0
2023-04-12 00:00:00-04:00,14.787009021732588,14.83112233673243,14.389982455473634,14.416451454162598,20400,0.0,0.0
2023-04-13 00:00:00-04:00,14.42527596771383,14.434098968202827,14.125300682349081,14.40762996673584,68500,0.0,0.0
2023-04-14 00:00:00-04:00,14.575261774823211,14.601729090141694,14.134121902821166,14.160589218139648,66500,0.0,0.0
2023-04-17 00:00:00-04:00,14.16941370699785,14.354693347779026,13.948844589218263,14.310578346252441,53200,0.0,0.0
2023-04-18 00:00:00-04:00,14.416452190219806,14.416452190219806,14.125299921036316,14.204705238342285,26300,0.0,0.0
2023-04-19 00:00:00-04:00,14.266465187072754,14.319401506681364,14.11647754583564,14.266465187072754,33800,0.0,0.0
2023-04-20 00:00:00-04:00,14.187056541442871,14.451739760271318,14.037068935356121,14.187056541442871,64700,0.0,0.0
2023-04-21 00:00:00-04:00,14.187058371942157,14.310576998957231,14.028247747028445,14.116476058959961,43900,0.0,0.0
2023-04-24 00:00:00-04:00,14.028247353952676,14.231171287738615,14.01060219690532,14.10765266418457,211900,0.0,0.0
2023-04-25 00:00:00-04:00,14.637022789963549,14.689959109572161,14.239996185860818,14.266465187072754,80100,0.0,0.0
2023-04-26 00:00:00-04:00,14.142943640559114,14.557614477436356,14.125297643377552,14.513501167297363,52600,0.0,0.0
2023-04-27 00:00:00-04:00,14.557615907747985,14.663490218424787,14.310576971378834,14.592907905578613,28200,0.0,0.0
2023-04-28 00:00:00-04:00,14.709220163905755,14.789745225718125,14.59290542726761,14.664483070373535,34700,0.23,0.0
2023-05-01 00:00:00-04:00,14.691325708042983,14.932900899754072,14.691325708042983,14.736061096191406,40300,0.0,0.0
2023-05-02 00:00:00-04:00,14.592909507192505,14.592909507192505,13.877132876014482,13.930815696716309,84300,0.0,0.0
2023-05-03 00:00:00-04:00,13.984498119929246,14.33343983637426,13.850289373632096,13.96660327911377,53100,0.0,0.0
2023-05-04 00:00:00-04:00,13.85028891068122,14.136600381247955,13.429770404849204,13.912919998168945,90700,0.0,0.0
2023-05-05 00:00:00-04:00,14.091864420137812,14.333439648339768,14.020286764360852,14.226072311401367,59300,0.0,0.0
2023-05-08 00:00:00-04:00,14.288701051217172,14.306595035583308,13.975548218717982,14.038178443908691,33500,0.0,0.0
2023-05-09 00:00:00-04:00,14.163441917767992,14.208178165447313,13.662398332923859,14.01133918762207,48800,0.0,0.0
2023-05-10 00:00:00-04:00,14.136598344377317,14.252912229212079,13.921865412346753,14.038178443908691,32100,0.0,0.0
2023-05-11 00:00:00-04:00,13.948709038754087,13.948709038754087,13.742922639470814,13.76976490020752,28700,0.0,0.0
2023-05-12 00:00:00-04:00,13.912920013244483,13.948708840444986,13.492400653683863,13.78765869140625,40700,0.0,0.0
2023-05-15 00:00:00-04:00,13.814499470987592,14.056074683572543,13.814499470987592,13.868183135986328,30400,0.0,0.0
2023-05-16 00:00:00-04:00,13.939759734787685,13.975548557660751,13.733974216585777,13.760815620422363,24500,0.0,0.0
2023-05-17 00:00:00-04:00,14.002390475017995,14.235018258860677,13.921866260555104,14.18133544921875,61200,0.0,0.0
2023-05-18 00:00:00-04:00,14.208176796406033,14.315543268527243,13.993443852163614,14.297648429870605,57800,0.0,0.0
2023-05-19 00:00:00-04:00,14.494488670599525,14.494488670599525,14.288702286327515,14.360279083251953,64700,0.0,0.0
2023-05-22 00:00:00-04:00,14.413962172775603,14.75395555089235,14.36027766053694,14.664483070373535,39300,0.0,0.0
2023-05-23 00:00:00-04:00,14.753959113269904,15.174477654734195,14.753959113269904,15.058164596557617,54500,0.0,0.0
2023-05-24 00:00:00-04:00,15.049215402173848,15.049215402173848,14.682379722595215,14.682379722595215,25000,0.0,0.0
2023-05-25 00:00:00-04:00,14.628697608098712,14.628697608098712,14.449752616406467,14.485542297363281,17000,0.0,0.0
2023-05-26 00:00:00-04:00,14.494489373816124,14.557119607459144,14.440804853654214,14.512382507324219,24900,0.0,0.0
2023-05-30 00:00:00-04:00,14.539226020920081,14.592908839164439,14.413965542834575,14.494490623474121,17700,0.0,0.0
2023-05-31 00:00:00-04:00,14.503433907247748,14.557118423041702,14.261859559085037,14.306595802307129,31000,0.0,0.0
2023-06-01 00:00:00-04:00,14.413964462309975,14.682380239956334,14.351334227962218,14.378174781799316,30100,0.0,0.0
2023-06-02 00:00:00-04:00,14.512383515637392,14.986586570739746,14.512383515637392,14.986586570739746,57000,0.0,0.0
2023-06-05 00:00:00-04:00,14.995532776771755,15.120793242614914,14.78079981823526,14.78974723815918,21100,0.0,0.0
2023-06-06 00:00:00-04:00,14.709221107084533,15.353419936344931,14.709221107084533,15.165529251098633,54300,0.0,0.0
2023-06-07 00:00:00-04:00,15.138685809305167,15.389208409919984,15.102896134983508,15.317630767822266,81800,0.0,0.0
2023-06-08 00:00:00-04:00,15.138686835415424,15.49657507016192,15.111844577854793,15.407102584838867,46500,0.0,0.0
2023-06-09 00:00:00-04:00,15.29079109223979,15.31763335251038,15.111846103527624,15.228160858154297,19200,0.0,0.0
2023-06-12 00:00:00-04:00,15.326580766561646,15.326580766561646,15.058164960258152,15.129742622375488,21400,0.0,0.0
2023-06-13 00:00:00-04:00,15.147634304910907,15.56815276881646,15.12973946647772,15.541312217712402,31400,0.0,0.0
2023-06-14 00:00:00-04:00,15.738150906817525,15.738150906817525,15.299737588155379,15.326578140258789,31400,0.0,0.0
2023-06-15 00:00:00-04:00,15.290792653109468,15.630786118513731,15.246057254637824,15.496578216552734,20800,0.0,0.0
2023-06-16 00:00:00-04:00,15.630786464730493,16.418142465021187,15.326580970056282,16.391300201416016,343500,0.0,0.0
2023-06-20 00:00:00-04:00,16.266038231253475,16.266038231253475,15.603944481744568,15.621837615966797,55400,0.0,0.0
2023-06-21 00:00:00-04:00,15.49657444824674,16.06024988857831,15.487627029418945,15.487627029418945,29000,0.0,0.0
2023-06-22 00:00:00-04:00,15.174475142107905,15.424997765258595,15.12973975172724,15.38026237487793,38200,0.0,0.0
2023-06-23 00:00:00-04:00,15.22816143725912,15.952885426666404,15.004481046135616,15.747099876403809,170600,0.0,0.0
2023-06-26 00:00:00-04:00,15.666574221822573,15.729204455982119,15.398156738436953,15.469736099243164,33500,0.0,0.0
2023-06-27 00:00:00-04:00,15.478680240828437,15.487627660020541,15.246054168016636,15.299736976623535,28000,0.0,0.0
2023-06-28 00:00:00-04:00,15.076058366296238,15.317633592884855,15.040268685373814,15.18342399597168,22800,0.0,0.0
2023-06-29 00:00:00-04:00,15.281842762400485,15.407103223114541,15.210265112485912,15.219212532043457,21600,0.0,0.0
2023-06-30 00:00:00-04:00,15.263949071501218,15.290791332193036,15.10289892044214,15.18342399597168,47700,0.0,0.0
2023-07-03 00:00:00-04:00,15.165529383002008,15.389209747314453,15.111844866854083,15.389209747314453,10700,0.0,0.0
2023-07-05 00:00:00-04:00,15.317630707821525,15.317630707821525,15.013425303461423,15.076055526733398,50800,0.0,0.0
2023-07-06 00:00:00-04:00,14.99553184614158,15.013426684878855,14.58395908791298,14.888164520263672,59500,0.0,0.0
2023-07-07 00:00:00-04:00,14.92395451282762,15.326578153642423,14.92395451282762,15.219212532043457,53100,0.0,0.0
2023-07-10 00:00:00-04:00,15.165530909822289,15.532366607702958,15.085005834039126,15.174476623535156,21900,0.0,0.0
2023-07-11 00:00:00-04:00,15.344471363269676,15.442891261405299,15.228158334464888,15.308683395385742,23200,0.0,0.0
2023-07-12 00:00:00-04:00,15.523418193384536,15.630783816522863,15.35342063244541,15.42499828338623,17900,0.0,0.0
2023-07-13 00:00:00-04:00,15.424998751134014,15.61289115714245,15.34447367806552,15.478681564331055,17900,0.0,0.0
2023-07-14 00:00:00-04:00,15.54131404181276,15.54131404181276,15.263949133180923,15.416051864624023,19300,0.0,0.0
2023-07-17 00:00:00-04:00,15.50552336805571,15.917096141247534,15.50552336805571,15.77393913269043,27100,0.0,0.0
2023-07-18 00:00:00-04:00,15.818677760801988,16.391299024218757,15.818677760801988,16.292879104614258,18500,0.0,0.0
2023-07-19 00:00:00-04:00,16.40919484897115,16.462877668997947,15.612893143480388,16.42708969116211,27700,0.0,0.0
2023-07-20 00:00:00-04:00,16.462874030970642,16.68655438928966,16.418138641925122,16.64181900024414,75600,0.0,0.0
2023-07-21 00:00:00-04:00,16.632872072897186,16.632872072897186,16.203406181797952,16.337614059448242,25600,0.0,0.0
2023-07-24 00:00:00-04:00,16.57024251177828,17.44706916809082,16.57024251177828,17.44706916809082,34200,0.0,0.0
2023-07-25 00:00:00-04:00,17.456018168183554,18.672840058728358,17.456018168183554,18.198637008666992,59600,0.0,0.0
2023-07-26 00:00:00-04:00,18.23442346201708,19.155987223541597,18.23442346201708,19.111251831054688,61700,0.0,0.0
2023-07-27 00:00:00-04:00,19.200721646885835,19.540716756190342,18.824940273253084,19.218616485595703,52000,0.0,0.0
2023-07-28 00:00:00-04:00,19.155309589840115,19.571335309724713,18.920163942724905,18.965383529663086,53300,0.23,0.0
2023-07-31 00:00:00-04:00,18.983473423630766,19.182442035532734,18.685019643269417,19.046781539916992,32800,0.0,0.0
2023-08-01 00:00:00-04:00,19.001557806400644,19.426627726647347,18.73023514931466,19.417583465576172,60000,0.0,0.0
2023-08-02 00:00:00-04:00,19.218614252209257,19.661772679728827,18.99251290806562,19.589420318603516,62500,0.0,0.0
2023-08-03 00:00:00-04:00,19.4175865151109,20.095890676829004,19.4175865151109,19.824569702148438,25300,0.0,0.0
2023-08-04 00:00:00-04:00,19.942142051335967,20.186331968295196,19.797437298697176,19.833614349365234,19700,0.0,0.0
2023-08-07 00:00:00-04:00,19.96927192896598,20.095888137817383,19.517069211620722,20.095888137817383,23400,0.0,0.0
2023-08-08 00:00:00-04:00,19.815526864488877,20.08684785867873,19.54420587029902,20.05067253112793,20900,0.0,0.0
2023-08-09 00:00:00-04:00,19.896923389968638,20.10493626595064,19.74317436750003,19.761262893676758,16700,0.0,0.0
2023-08-10 00:00:00-04:00,19.93309997689667,19.93309997689667,19.562292098999023,19.562292098999023,15100,0.0,0.0
2023-08-11 00:00:00-04:00,19.526113670931505,19.59846603743962,19.471849827304542,19.480894088745117,16200,0.0,0.0
2023-08-14 00:00:00-04:00,19.580379117829203,19.580379117829203,19.12817635887233,19.236705780029297,17900,0.0,0.0
2023-08-15 00:00:00-04:00,19.30001522606476,19.30001522606476,18.72119620654432,18.793548583984375,19400,0.0,0.0
2023-08-16 00:00:00-04:00,18.847809183557725,18.847809183557725,18.440826052548246,18.47700309753418,19300,0.0,0.0
2023-08-17 00:00:00-04:00,18.576492681675564,18.576492681675564,18.350391271577372,18.540315628051758,17600,0.0,0.0
2023-08-18 00:00:00-04:00,18.386565382748596,18.84781243581023,18.386565382748596,18.793548583984375,57600,0.0,0.0
2023-08-21 00:00:00-04:00,18.72119872887229,18.96538695749676,18.332304000854492,18.332304000854492,17500,0.0,0.0
2023-08-22 00:00:00-04:00,18.26899455436299,18.32325840956923,17.789658945826783,17.825834274291992,22800,0.0,0.0
2023-08-23 00:00:00-04:00,17.907228707418703,18.16046287545899,17.84392059666279,18.0067138671875,20600,0.0,0.0
2023-08-24 00:00:00-04:00,17.889144027134314,18.223773145061553,17.889144027134314,18.106201171875,20200,0.0,0.0
2023-08-25 00:00:00-04:00,18.133329410639693,18.314211198907138,18.088109826081123,18.178550720214844,63000,0.0,0.0
2023-08-28 00:00:00-04:00,18.178554962452502,18.486053039256483,18.178554962452502,18.332304000854492,18700,0.0,0.0
2023-08-29 00:00:00-04:00,18.323256676886015,18.477005689612263,18.250904301780526,18.30516815185547,16600,0.0,0.0
2023-08-30 00:00:00-04:00,18.3142087644976,18.3142087644976,17.898183121805747,17.979578018188477,19600,0.0,0.0
2023-08-31 00:00:00-04:00,18.0247993217526,18.178548303837925,17.834873296815974,17.979578018188477,22700,0.0,0.0
2023-09-01 00:00:00-04:00,17.99767012640297,18.35038946443183,17.99767012640297,18.30516815185547,41900,0.0,0.0
2023-09-05 00:00:00-04:00,18.187594514524406,18.214725574555377,18.02480125427246,18.02480125427246,22100,0.0,0.0
2023-09-06 00:00:00-04:00,18.18759690396532,18.18759690396532,17.681128533305937,17.753480911254883,24600,0.0,0.0
2023-09-07 00:00:00-04:00,17.69017023143699,17.970537164730928,17.52737697339961,17.925315856933594,71000,0.0,0.0
2023-09-08 00:00:00-04:00,17.93436074587145,18.160462117718048,17.77156748213925,18.033845901489258,17200,0.0,0.0
2023-09-11 00:00:00-04:00,18.142373885862476,18.241859043080918,17.825831615181016,17.852964401245117,15000,0.0,0.0
2023-09-12 00:00:00-04:00,17.889143576020942,17.96149595577665,17.83487799744156,17.907230377197266,14000,0.0,0.0
2023-09-13 00:00:00-04:00,17.82583322560168,17.82583322560168,17.58164502903072,17.608776092529297,33900,0.0,0.0
2023-09-14 00:00:00-04:00,17.753480242332408,18.024802943180525,17.753480242332408,17.970539093017578,14200,0.0,0.0
2023-09-15 00:00:00-04:00,17.970541723150703,17.970541723150703,16.76768223088764,17.228927612304688,175400,0.0,0.0
2023-09-18 00:00:00-04:00,17.237966230635752,17.708257446900593,17.228921969744153,17.653993606567383,29000,0.0,0.0
2023-09-19 00:00:00-04:00,17.889139605970282,17.889139605970282,17.50024500420756,17.66303825378418,19400,0.0,0.0
2023-09-20 00:00:00-04:00,17.825832836285272,17.862009886848938,17.5997314453125,17.5997314453125,13600,0.0,0.0
2023-09-21 00:00:00-04:00,17.68112779520458,17.68112779520458,17.37362977050392,17.4007625579834,18700,0.0,0.0
2023-09-22 00:00:00-04:00,17.373632383929046,17.373632383929046,17.18370801805343,17.228927612304688,19500,0.0,0.0
2023-09-25 00:00:00-04:00,17.102309386661883,17.545467914037715,17.102309386661883,17.46407127380371,14000,0.0,0.0
2023-09-26 00:00:00-04:00,17.219884048923145,17.219884048923145,17.029957969330763,17.057090759277344,20700,0.0,0.0
2023-09-27 00:00:00-04:00,17.057088834668523,17.11135268342207,16.93951514984975,17.01186752319336,26100,0.0,0.0
2023-09-28 00:00:00-04:00,17.10230948938563,17.43694031513722,17.10230948938563,17.274147033691406,13800,0.0,0.0
2023-09-29 00:00:00-04:00,17.409808057944772,17.482160438016077,17.10231001138752,17.14752960205078,18100,0.0,0.0
2023-10-02 00:00:00-04:00,17.120395414391833,17.120395414391833,16.91238257526164,17.020910263061523,13700,0.0,0.0
2023-10-03 00:00:00-04:00,17.05708969349098,17.05708969349098,16.7676801855448,16.794811248779297,12800,0.0,0.0
2023-10-04 00:00:00-04:00,16.641061837176398,17.274146414548607,16.641061837176398,17.165616989135742,35900,0.0,0.0
2023-10-05 00:00:00-04:00,17.364588709204316,17.364588709204316,17.057090658363013,17.292236328125,32700,0.0,0.0
2023-10-06 00:00:00-04:00,17.23797096126192,17.46407237055188,17.129443250812177,17.346500396728516,16500,0.0,0.0
2023-10-09 00:00:00-04:00,17.174663754199788,17.482161825155785,17.174663754199788,17.228927612304688,13000,0.0,0.0
2023-10-10 00:00:00-04:00,17.237968905519224,17.445983488271672,16.993780723619945,17.01186752319336,17800,0.0,0.0
2023-10-11 00:00:00-04:00,17.129443184268965,17.219884092636985,17.102310394253507,17.156574249267578,21100,0.0,0.0
2023-10-12 00:00:00-04:00,17.247011095265055,17.247011095265055,16.812896907370284,17.102306365966797,18600,0.0,0.0
2023-10-13 00:00:00-04:00,17.247011307653523,17.247011307653523,16.69532344227488,16.821941375732422,12300,0.0,0.0
2023-10-16 00:00:00-04:00,16.794808656791407,17.174659008601626,16.794808656791407,16.921424865722656,15300,0.0,0.0
2023-10-17 00:00:00-04:00,16.91238567342403,17.445985123736403,16.91238567342403,17.192750930786133,20200,0.0,0.0
2023-10-18 00:00:00-04:00,16.984736332866735,16.993780595093362,16.73150216557102,16.76767921447754,18100,0.0,0.0
2023-10-19 00:00:00-04:00,16.776721366281862,16.975691680663562,16.740546043223024,16.758634567260742,72400,0.0,0.0
2023-10-20 00:00:00-04:00,16.830986989416065,16.830986989416065,16.405915298324135,16.478267669677734,18700,0.0,0.0
2023-10-23 00:00:00-04:00,16.930472514311866,17.084221538067027,16.62297446680154,16.81290054321289,24000,0.0,0.0
2023-10-24 00:00:00-04:00,16.668192396885964,17.011865702226828,16.206945419311523,16.206945419311523,19900,0.0,0.0
2023-10-25 00:00:00-04:00,16.1979027158569,16.297387875004844,15.836140853068862,15.89040470123291,23200,0.0,0.0
2023-10-26 00:00:00-04:00,15.827094847553083,16.24312051268087,15.827094847553083,16.152681350708008,14800,0.0,0.0
2023-10-27 00:00:00-04:00,16.044152216292044,16.062240739003204,15.763787014334921,15.971799850463867,11400,0.0,0.0
2023-10-30 00:00:00-04:00,16.11841926432793,16.42997497563023,15.751883647436896,16.292524337768555,10700,0.23,0.0
2023-10-31 00:00:00-04:00,16.145907857954928,16.384154665148646,15.348691472168587,16.127580642700195,24100,0.0,0.0
2023-11-01 00:00:00-04:00,15.96263822213782,16.035945330882107,15.761044110035863,15.898494720458984,26700,0.0,0.0
2023-11-02 00:00:00-04:00,15.98096647058274,16.402481936198722,15.916822964752434,16.2467041015625,17300,0.0,0.0
2023-11-03 00:00:00-04:00,16.63156482574726,16.970611276029747,16.420807119025863,16.924793243408203,70000,0.0,0.0
2023-11-06 00:00:00-05:00,16.778177178570314,16.778177178570314,16.5216032153889,16.659053802490234,12800,0.0,0.0
2023-11-07 00:00:00-05:00,16.494113784232656,16.622400776598457,16.33833597302596,16.44829750061035,21000,0.0,0.0
2023-11-08 00:00:00-05:00,16.41164405140246,16.503278371875265,16.05427212411575,16.338336944580078,13900,0.0,0.0
2023-11-09 00:00:00-05:00,16.246702693497866,16.365827834955088,16.072599406413158,16.265029907226562,20200,0.0,0.0
2023-11-10 00:00:00-05:00,16.365828264697743,16.402480945338283,16.20088683236696,16.356664657592773,22100,0.0,0.0
2023-11-13 00:00:00-05:00,16.210050439471935,16.411644552443253,16.20088683236696,16.356664657592773,10200,0.0,0.0
2023-11-14 00:00:00-05:00,16.84232518517868,17.978588104248047,16.62240383729479,17.978588104248047,29200,0.0,0.0
2023-11-15 00:00:00-05:00,17.575393939605696,17.87778593996498,17.47459602355957,17.47459602355957,19600,0.0,0.0
2023-11-16 00:00:00-05:00,17.19969861948018,17.447110787162682,17.181371403849003,17.282169342041016,10000,0.0,0.0
2023-11-17 00:00:00-05:00,17.456272050358827,17.73117503208901,17.33714864838801,17.529579162597656,24200,0.0,0.0
2023-11-20 00:00:00-05:00,17.59372242640003,17.639538710953154,17.07140734448661,17.2180233001709,11700,0.0,0.0
2023-11-21 00:00:00-05:00,17.19969821100827,17.19969821100827,16.769017392801068,16.85148811340332,11100,0.0,0.0
2023-11-22 00:00:00-05:00,16.99810205604818,17.025592878383797,16.732364431254855,16.952285766601562,12200,0.0,0.0
2023-11-24 00:00:00-05:00,16.82399862650954,16.988940063676008,16.668220796716696,16.906469345092773,7800,0.0,0.0
2023-11-27 00:00:00-05:00,16.677385408471146,16.851488715717064,16.49411674552023,16.60407829284668,29300,0.0,0.0
2023-11-28 00:00:00-05:00,16.54909578396956,16.823998764088167,16.530770316851847,16.613239288330078,11800,0.0,0.0
2023-11-29 00:00:00-05:00,16.79650892055208,17.236351617038206,16.74152902043619,16.988941192626953,9800,0.0,0.0
2023-11-30 00:00:00-05:00,17.12639058981123,17.401291818475286,16.9889399754792,17.17220687866211,33700,0.0,0.0
2023-12-01 00:00:00-05:00,17.172206044628112,17.859460830688477,17.089735330478526,17.859460830688477,26200,0.0,0.0
2023-12-04 00:00:00-05:00,17.67619661284379,18.32679706989072,17.50209155130155,18.23516273498535,30700,0.0,0.0
2023-12-05 00:00:00-05:00,18.31763183854084,18.381775342957127,17.960259886633306,18.28097915649414,42700,0.0,0.0
2023-12-06 00:00:00-05:00,18.729983759884757,18.729983759884757,18.27181391471581,18.372610092163086,15700,0.0,0.0
2023-12-07 00:00:00-05:00,18.610858935340374,19.041539715643278,18.427592042848726,18.949905395507812,17400,0.0,0.0
2023-12-08 00:00:00-05:00,19.014046858357034,19.23396815445514,19.014046858357034,19.09651756286621,9400,0.0,0.0
2023-12-11 00:00:00-05:00,19.169826645433034,19.169826645433034,18.74830947345492,19.023212432861328,24700,0.0,0.0
2023-12-12 00:00:00-05:00,19.14233810979846,19.24313604838898,18.48257407448288,18.849109649658203,15300,0.0,0.0
2023-12-13 00:00:00-05:00,18.858270254144685,20.361066746918098,18.70249244103189,20.241943359375,89900,0.0,0.0
2023-12-14 00:00:00-05:00,20.241944267913134,20.608479801165622,20.003695734354196,20.205289840698242,39000,0.0,0.0
2023-12-15 00:00:00-05:00,20.361065676118557,20.471027199265503,19.83875237367357,20.278594970703125,107900,0.0,0.0
2023-12-18 00:00:00-05:00,20.471027199265503,20.51684348103891,20.022020996325445,20.278594970703125,18100,0.0,0.0
2023-12-19 00:00:00-05:00,20.35190609042885,20.90171031921112,20.168639179354404,20.59015464782715,26900,0.0,0.0
2023-12-20 00:00:00-05:00,20.52601073888777,21.231592789520082,20.19612960631351,20.306089401245117,37000,0.0,0.0
2023-12-21 00:00:00-05:00,20.4527038974743,21.26824575384957,20.20529173392918,20.54433822631836,17800,0.0,0.0
2023-12-22 00:00:00-05:00,20.736768535086235,21.09414223920164,20.553501627022925,20.571828842163086,19500,0.0,0.0
2023-12-26 00:00:00-05:00,20.489358314272383,21.24075666428268,20.452703883647757,20.883384704589844,31200,0.0,0.0
2023-12-27 00:00:00-05:00,20.736770130851827,21.10330747074362,20.736770130851827,20.86505889892578,24300,0.0,0.0
2023-12-28 00:00:00-05:00,20.89254669524457,21.07581535395597,20.718443392026142,20.929201126098633,15200,0.0,0.0
2023-12-29 00:00:00-05:00,21.02999900152915,21.02999900152915,20.526011065439707,20.663461685180664,27100,0.0,0.0
2024-01-02 00:00:00-05:00,20.690953551545416,20.993345629334883,20.617646434135228,20.81924057006836,16200,0.0,0.0
2024-01-03 00:00:00-05:00,20.7825879009089,20.7825879009089,19.857084450545866,20.16864013671875,21900,0.0,0.0
2024-01-04 00:00:00-05:00,20.296926734185494,20.535175297949408,19.838756822588625,20.07700538635254,18200,0.0,0.0
2024-01-05 00:00:00-05:00,19.948715505486017,20.443538030102,19.912061078888183,20.18696403503418,41500,0.0,0.0
2024-01-08 00:00:00-05:00,19.902900358313715,20.159476138366273,19.701306226130676,19.88457489013672,10300,0.0,0.0
2024-01-09 00:00:00-05:00,19.82042708264496,19.82042708264496,19.33476815677692,19.481382369995117,16300,0.0,0.0
2024-01-10 00:00:00-05:00,19.33476627913779,19.81126329971296,19.16066126243165,19.673810958862305,14600,0.0,0.0
2024-01-11 00:00:00-05:00,19.47222074633344,19.811267241292565,19.243135796376578,19.408077239990234,20100,0.0,0.0
2024-01-12 00:00:00-05:00,19.600511202799314,19.765452675392932,19.15150483172767,19.31644630432129,12000,0.0,0.0
2024-01-16 00:00:00-05:00,19.09652024612647,19.426403110515164,19.014049530029297,19.014049530029297,12100,0.0,0.0
2024-01-17 00:00:00-05:00,18.78496544019577,19.233971721471796,18.78496544019577,18.858272552490234,12400,0.0,0.0
2024-01-18 00:00:00-05:00,19.10568420739033,19.27978924990949,18.78496494415378,19.178991317749023,13700,0.0,0.0
2024-01-19 00:00:00-05:00,19.261462517583023,19.417240349467544,19.252298910086356,19.38974952697754,10000,0.0,0.0
2024-01-22 00:00:00-05:00,19.655489088051105,20.113658980567173,19.655489088051105,20.04035186767578,15600,0.0,0.0
2024-01-23 00:00:00-05:00,20.159474413230644,20.232781523003943,19.82959154536111,19.85708236694336,94000,0.0,0.0
2024-01-24 00:00:00-05:00,20.10449525008291,20.159475147470502,19.655488967895508,19.655488967895508,16400,0.0,0.0
2024-01-25 00:00:00-05:00,20.049509610555322,20.049509610555322,19.600503417821113,19.994529724121094,21000,0.0,0.0
2024-01-26 00:00:00-05:00,20.058678875233042,20.159476818615584,19.866248344535,20.067842483520508,10500,0.0,0.0
2024-01-29 00:00:00-05:00,19.46305702557163,20.15947547912964,19.46305702557163,20.012861251831055,27900,0.0,0.0
2024-01-30 00:00:00-05:00,20.086950103611038,20.374038330960463,19.96655706975442,20.16103744506836,11100,0.23,0.0
2024-01-31 00:00:00-05:00,19.948033136931382,20.03137983618822,19.216419219970703,19.216419219970703,25300,0.0,0.0
2024-02-01 00:00:00-05:00,19.309027206100104,19.309027206100104,18.373673654980795,18.707067489624023,23600,0.0,0.0
2024-02-02 00:00:00-05:00,18.60519766931561,19.07750503604903,17.9013671875,17.9013671875,27000,0.0,0.0
2024-02-05 00:00:00-05:00,17.595756113829587,18.003237276315517,17.31792909226894,17.382755279541016,130800,0.0,0.0
2024-02-06 00:00:00-05:00,17.373496073538476,17.790236652180248,17.27162533000365,17.345712661743164,17300,0.0,0.0
2024-02-07 00:00:00-05:00,17.345714393278275,17.660586026198583,17.058626174926758,17.058626174926758,23800,0.0,0.0
2024-02-08 00:00:00-05:00,17.012320937873394,17.51240999685968,17.012320937873394,17.17901611328125,29000,0.0,0.0
2024-02-09 00:00:00-05:00,17.18827496114245,17.632800668826484,16.92897021190632,17.364233016967773,26200,0.0,0.0
2024-02-12 00:00:00-05:00,17.50314788057685,18.299587995084128,17.50314788057685,18.003238677978516,35200,0.0,0.0
2024-02-13 00:00:00-05:00,17.493884909166514,17.89210492466179,16.71596715014808,16.771533966064453,50300,0.0,0.0
2024-02-14 00:00:00-05:00,16.975275223999503,17.317930221557617,16.79005601996032,17.317930221557617,21100,0.0,0.0
2024-02-15 00:00:00-05:00,17.530929608656994,18.031018591673924,17.530929608656994,17.929149627685547,49100,0.0,0.0
2024-02-16 00:00:00-05:00,17.864326489774456,17.993978884090087,17.614281072410257,17.84580421447754,19500,0.0,0.0
2024-02-20 00:00:00-05:00,17.586496527808382,17.938412670279117,17.13271141052246,17.13271141052246,25000,0.0,0.0
2024-02-21 00:00:00-05:00,16.95675241102202,17.36423358711983,16.95675241102202,17.10492706298828,14200,0.0,0.0
2024-02-22 00:00:00-05:00,17.01231957571325,17.169755367421626,16.63262003516146,16.993797302246094,36200,0.0,0.0
2024-02-23 00:00:00-05:00,16.993795571896772,17.206796395937136,16.910447116162537,16.919708251953125,10800,0.0,0.0
2024-02-26 00:00:00-05:00,16.910450915609488,17.141974063249734,16.836363579019864,16.938234329223633,13600,0.0,0.0
2024-02-27 00:00:00-05:00,16.901188480360375,17.188276666809866,16.901188480360375,17.040102005004883,12500,0.0,0.0
2024-02-28 00:00:00-05:00,16.901192483795352,17.18828073824828,16.808582856635198,16.94749641418457,26700,0.0,0.0
2024-02-29 00:00:00-05:00,17.31792945514322,17.55871193680446,17.104926850010337,17.234580993652344,76800,0.0,0.0
2024-03-01 00:00:00-05:00,17.123450260759373,17.327189976619792,16.62336122496333,16.753013610839844,34400,0.0,0.0
2024-03-04 00:00:00-05:00,16.901187119920397,17.17901414684608,16.75301247004255,16.836360931396484,86200,0.0,0.0
2024-03-05 00:00:00-05:00,17.06788913104696,17.558717142704065,16.901192158642026,17.45684814453125,32500,0.0,0.0
2024-03-06 00:00:00-05:00,17.456843037245854,17.697627286231864,17.188275378860283,17.558712005615234,29400,0.0,0.0
2024-03-07 00:00:00-05:00,17.605018221464466,17.9476714492039,17.308668911079696,17.37349510192871,19800,0.0,0.0
2024-03-08 00:00:00-05:00,17.595757885800225,18.003239089321312,17.54945396633748,17.799497604370117,18000,0.0,0.0
2024-03-11 00:00:00-04:00,18.123631278405718,18.123631278405718,17.827281939180622,17.84580421447754,10500,0.0,0.0
2024-03-12 00:00:00-04:00,17.79950108056562,17.81802335852059,17.567977905273438,17.567977905273438,16700,0.0,0.0
2024-03-13 00:00:00-04:00,17.484623308510553,17.577232899528912,17.299405892854868,17.336448669433594,14300,0.0,0.0
2024-03-14 00:00:00-04:00,17.22532200186344,17.22532200186344,16.706710661869106,16.725231170654297,23100,0.0,0.0
2024-03-15 00:00:00-04:00,16.623362342745114,17.26236494443089,16.623362342745114,17.067886352539062,74800,0.0,0.0
2024-03-18 00:00:00-04:00,17.003058602462843,17.179014902948964,16.54001235961914,16.54001235961914,25400,0.0,0.0
2024-03-19 00:00:00-04:00,16.604838000449945,17.13271041716875,16.604838000449945,16.76227378845215,12900,0.0,0.0
2024-03-20 00:00:00-04:00,16.82710451598008,17.586500251254794,16.382580441631216,17.18828010559082,20800,0.0,0.0
2024-03-21 00:00:00-04:00,17.19753816218686,17.8458036458727,17.19753816218686,17.68836784362793,21800,0.0,0.0
2024-03-22 00:00:00-04:00,17.58649556506922,17.58649556506922,17.049362010096228,17.10492706298828,15000,0.0,0.0
2024-03-25 00:00:00-04:00,17.29014778137207,17.623541660800388,17.22532158623464,17.29014778137207,21300,0.0,0.0
2024-03-26 00:00:00-04:00,17.466104290624134,17.466104290624134,17.160493850708008,17.160493850708008,19500,0.0,0.0
2024-03-27 00:00:00-04:00,17.34571376163155,18.049544340977352,17.34571376163155,18.040283203125,22300,0.0,0.0
2024-03-28 00:00:00-04:00,17.901366311363255,18.781154812169063,17.901366311363255,18.707067489624023,65300,0.0,0.0
2024-04-01 00:00:00-04:00,18.540370477140183,18.540370477140183,17.929149627685547,17.929149627685547,28100,0.0,0.0
2024-04-02 00:00:00-04:00,17.716152549762235,17.910632935016903,17.61428355403993,17.623544692993164,26000,0.0,0.0
2024-04-03 00:00:00-04:00,17.595756359321676,17.892105657489267,17.401277794792126,17.651321411132812,15300,0.0,0.0
2024-04-04 00:00:00-04:00,17.864323441589008,18.345890152469476,17.77171384728777,17.929149627685547,19100,0.0,0.0
2024-04-05 00:00:00-04:00,18.049540712425216,18.105105761987485,17.771713698232787,17.947669982910156,17900,0.0,0.0
2024-04-08 00:00:00-04:00,18.142153553702634,18.31811163626056,17.83654307682908,17.84580421447754,12000,0.0,0.0
2024-04-09 00:00:00-04:00,18.132890866371472,18.132890866371472,17.660583484953037,17.679105758666992,18900,0.0,0.0
2024-04-10 00:00:00-04:00,17.18827545916912,17.18827545916912,16.52148952789478,16.78079605102539,35700,0.0,0.0
2024-04-11 00:00:00-04:00,17.114191865416796,18.70707236482303,16.604841610976912,16.799320220947266,20200,0.0,0.0
2024-04-12 00:00:00-04:00,16.688185706260942,16.743750756454467,16.577053839492798,16.660402297973633,18000,0.0,0.0
2024-04-15 00:00:00-04:00,16.586316676780736,16.762274747885492,16.45666429090422,16.753013610839844,18500,0.0,0.0
2024-04-16 00:00:00-04:00,16.391838843177094,16.54001350988127,16.391838843177094,16.4566650390625,6000,0.0,0.0
2024-04-17 00:00:00-04:00,16.48444591128747,16.743752449038393,16.39183807373047,16.39183807373047,93200,0.0,0.0
2024-04-18 00:00:00-04:00,16.475185063203778,16.743750947521395,16.391836603771832,16.567792892456055,23000,0.0,0.0
2024-04-19 00:00:00-04:00,16.401096044430354,17.530929936551644,16.401096044430354,17.364233016967773,16800,0.0,0.0
2024-04-22 00:00:00-04:00,17.780974939512145,17.92914958347632,17.530929565429688,17.530929565429688,30100,0.0,0.0
2024-04-23 00:00:00-04:00,17.88284811448199,18.512591382818556,17.88284811448199,18.48480796813965,23800,0.0,0.0
2024-04-24 00:00:00-04:00,18.521850412940985,19.475726345104714,18.512589275768757,19.35533332824707,46600,0.0,0.0
2024-04-25 00:00:00-04:00,19.0775074168645,19.0775074168645,18.61446112891333,18.910810470581055,25800,0.0,0.0
2024-04-26 00:00:00-04:00,18.91081027885957,19.012681026418093,18.651503724338507,18.98489761352539,21000,0.0,0.0
2024-04-29 00:00:00-04:00,19.237780757634432,19.4063673963773,19.05045988824342,19.22841453552246,12600,0.23,0.0
2024-04-30 00:00:00-04:00,19.078558466675275,19.078558466675275,18.563426971435547,18.563426971435547,18700,0.0,0.0
2024-05-01 00:00:00-04:00,18.610258450217817,19.359538366315107,18.610258450217817,19.303342819213867,19400,0.0,0.0
2024-05-02 00:00:00-04:00,19.350170656873274,19.66861504334614,19.350170656873274,19.593687057495117,21600,0.0,0.0
2024-05-03 00:00:00-04:00,19.752907796596126,19.9214961989561,19.41573099187618,19.52812385559082,56800,0.0,0.0
2024-05-06 00:00:00-04:00,19.52812488424982,20.099450094490987,19.47192934264434,19.968326568603516,53500,0.0,0.0
2024-05-07 00:00:00-04:00,19.968326568603516,20.296137169746252,19.968326568603516,19.968326568603516,17100,0.0,0.0
2024-05-08 00:00:00-04:00,20.1275495026955,20.483458781012285,20.1275495026955,20.38043212890625,22800,0.0,0.0
2024-05-09 00:00:00-04:00,20.502187894809886,21.16717529296875,20.445992355356346,21.16717529296875,46900,0.0,0.0
2024-05-10 00:00:00-04:00,21.073518045844327,21.073518045844327,20.661413192749023,20.661413192749023,25400,0.0,0.0
2024-05-13 00:00:00-04:00,20.933027388663607,20.95175983264602,20.427262119683597,20.436628341674805,85200,0.0,0.0
2024-05-14 00:00:00-04:00,20.55838587290565,21.223371505737305,20.55838587290565,21.223371505737305,21500,0.0,0.0
2024-05-15 00:00:00-04:00,20.848733035189092,21.12034632538766,20.8112681474794,20.88619613647461,19400,0.0,0.0
2024-05-16 00:00:00-04:00,20.811268108395186,20.83000055221485,20.502189931067385,20.577117919921875,16600,0.0,0.0
2024-05-17 00:00:00-04:00,20.72697362185857,20.81126783150136,20.43662789221348,20.549020767211914,18700,0.0,0.0
2024-05-20 00:00:00-04:00,20.474092757329192,20.652045611784413,20.38043232600194,20.50218963623047,53200,0.0,0.0
2024-05-21 00:00:00-04:00,20.230578030041805,20.53029000603254,20.230578030041805,20.333602905273438,8100,0.0,0.0
2024-05-22 00:00:00-04:00,20.127551099289047,20.652047050260546,20.127551099289047,20.305505752563477,25000,0.0,0.0
2024-05-23 00:00:00-04:00,19.827840625639634,20.249311734606287,19.687350851458884,19.706083297729492,23000,0.0,0.0
2024-05-24 00:00:00-04:00,19.827837800515038,20.258673284805973,19.827837800515038,20.146282196044922,28100,0.0,0.0
2024-05-28 00:00:00-04:00,20.043256735209702,20.043256735209702,19.73417854309082,19.73417854309082,12500,0.0,0.0
2024-05-29 00:00:00-04:00,19.518762302611407,19.752912520458064,19.022363197663708,19.134756088256836,25200,0.0,0.0
2024-05-30 00:00:00-04:00,19.24714710439635,19.64988576307853,19.24714710439635,19.537494659423828,11800,0.0,0.0
2024-05-31 00:00:00-04:00,19.631153886923393,19.771645450207075,19.584324556778455,19.68735122680664,12800,0.0,0.0
2024-06-03 00:00:00-04:00,19.940232502979573,19.940232502979573,19.172218322753906,19.172218322753906,13300,0.0,0.0
2024-06-04 00:00:00-04:00,18.938068115549868,19.20968321339022,18.90997123399694,19.172218322753906,29900,0.0,0.0
2024-06-05 00:00:00-04:00,19.181579743820375,19.396997451782227,19.10665176772826,19.396997451782227,10000,0.0,0.0
2024-06-06 00:00:00-04:00,19.228416155965686,19.228416155965686,19.07856016239369,19.153488159179688,8300,0.0,0.0
2024-06-07 00:00:00-04:00,18.928698750836546,19.059824059873296,18.84440633374551,18.966163635253906,13300,0.0,0.0
2024-06-10 00:00:00-04:00,18.984897018391152,19.041092561378342,18.59152464463262,18.835041046142578,30100,0.0,0.0
2024-06-11 00:00:00-04:00,18.600893512973816,19.153488159179688,18.51659929328652,19.153488159179688,19200,0.0,0.0
2024-06-12 00:00:00-04:00,19.546857493510398,20.268038678461668,19.546857493510398,19.827836990356445,25300,0.0,0.0
2024-06-13 00:00:00-04:00,19.574956394692542,19.574956394692542,19.14412088347238,19.331439971923828,19600,0.0,0.0
2024-06-14 00:00:00-04:00,19.041094695846503,19.247146234180228,18.96616670132294,19.003631591796875,18900,0.0,0.0
2024-06-17 00:00:00-04:00,18.947433341196113,19.57495593493971,18.947433341196113,19.443832397460938,31000,0.0,0.0
2024-06-18 00:00:00-04:00,19.7903724017678,20.202477218229188,19.781007966633222,19.90276527404785,20000,0.0,0.0
2024-06-20 00:00:00-04:00,19.771645450207075,19.940233897007946,19.677985003492765,19.68735122680664,12200,0.0,0.0
2024-06-21 00:00:00-04:00,19.724808759919135,19.724808759919135,19.322070203348158,19.546855926513672,54600,0.0,0.0
2024-06-24 00:00:00-04:00,19.668613969209,19.81846993272715,19.40636513984024,19.50939178466797,17700,0.0,0.0
2024-06-25 00:00:00-04:00,19.35017204284668,19.603054683115857,19.162851171590052,19.35017204284668,19900,0.0,0.0
2024-06-26 00:00:00-04:00,19.050459438512153,19.734177558727417,19.031726994730434,19.556222915649414,27700,0.0,0.0
2024-06-27 00:00:00-04:00,19.790370664237273,19.790370664237273,19.556220505100217,19.76227378845215,14900,0.0,0.0
2024-06-28 00:00:00-04:00,19.80910410073797,21.073515380875293,19.80910410073797,20.961122512817383,121000,0.0,0.0
2024-07-01 00:00:00-04:00,20.839366145333276,20.94239279680862,20.65204528563704,20.829999923706055,32800,0.0,0.0
2024-07-02 00:00:00-04:00,20.933027482016545,21.110982127794692,20.876831936242883,21.10161590576172,16400,0.0,0.0
2024-07-03 00:00:00-04:00,20.876832859856478,21.185911054921853,20.876832859856478,20.923662185668945,10800,0.0,0.0
2024-07-05 00:00:00-04:00,20.661410412877686,20.661410412877686,19.968326126991247,20.080718994140625,44000,0.0,0.0
2024-07-08 00:00:00-04:00,20.389801295413104,20.614585289034878,20.33360395718937,20.417898178100586,11500,0.0,0.0
2024-07-09 00:00:00-04:00,20.3148714300929,20.726974487304688,20.3148714300929,20.726974487304688,11300,0.0,0.0
2024-07-10 00:00:00-04:00,20.549020420585812,21.12034564845352,20.549020420585812,20.829999923706055,18700,0.0,0.0
2024-07-11 00:00:00-04:00,21.335766588463304,22.806229539430877,21.139079494091465,22.319196701049805,78800,0.0,0.0
2024-07-12 00:00:00-04:00,22.600172611783087,23.19959823494748,22.366022452253357,22.890520095825195,35600,0.0,0.0
2024-07-15 00:00:00-04:00,22.946716281847202,24.35161727869499,22.946716281847202,23.70536231994629,66100,0.0,0.0
2024-07-16 00:00:00-04:00,24.16430179049559,25.28822355181257,24.16430179049559,25.054073333740234,44200,0.0,0.0
2024-07-17 00:00:00-04:00,24.848020667386564,25.84081704716251,23.48058252640522,25.372516632080078,54200,0.0,0.0
2024-07-18 00:00:00-04:00,25.194558483226935,25.719054375247026,25.194558483226935,25.44744110107422,24700,0.0,0.0
2024-07-19 00:00:00-04:00,26.000035512576133,26.000035512576133,24.5764020271603,24.782453536987305,34000,0.0,0.0
2024-07-22 00:00:00-04:00,25.943843649931214,26.48707205870925,24.426549522558467,26.346580505371094,39500,0.0,0.0
2024-07-23 00:00:00-04:00,26.224822354023477,27.957534188270593,24.707528274656873,27.760847091674805,70400,0.0,0.0
2024-07-24 00:00:00-04:00,27.53606150346129,28.875400852583947,25.044703668498194,28.285343170166016,75300,0.0,0.0
2024-07-25 00:00:00-04:00,28.24787712097168,29.83073281268125,27.714015004929013,28.24787712097168,178300,0.0,0.0
2024-07-26 00:00:00-04:00,28.098021544630164,28.116753987735034,26.805513339603777,27.826406478881836,81800,0.0,0.0
2024-07-29 00:00:00-04:00,27.901334310065003,28.06992092700712,26.23418450462961,26.805511474609375,45200,0.0,0.0
2024-07-30 00:00:00-04:00,25.94384282908578,27.788945758738276,25.94384282908578,27.760847091674805,48100,0.0,0.0
2024-07-31 00:00:00-04:00,27.94969797102603,27.996909577668404,27.175416095644092,27.46813201904297,41100,0.24,0.0
2024-08-01 00:00:00-04:00,27.38314845689513,27.38314845689513,26.013990313647465,26.807157516479492,51200,0.0,0.0
2024-08-02 00:00:00-04:00,25.872349689246704,26.769384444210655,25.48520882893771,25.825138092041016,36100,0.0,0.0
2024-08-05 00:00:00-04:00,24.74869748592961,25.211379810674778,23.058497352356415,24.72037124633789,53700,0.0,0.0
2024-08-06 00:00:00-04:00,24.73925827543398,25.4002297249259,24.60706254472982,25.145282745361328,92100,0.0,0.0
2024-08-07 00:00:00-04:00,26.325590834818918,26.325590834818918,25.03197417733744,25.145282745361328,26200,0.0,0.0
2024-08-08 00:00:00-04:00,25.806256780707532,25.806256780707532,25.30580548719466,25.52298355102539,14400,0.0,0.0
2024-08-09 00:00:00-04:00,26.43890200793776,26.43890200793776,25.164168872353592,25.52298355102539,29100,0.0,0.0
2024-08-12 00:00:00-04:00,25.69294408241782,25.929005686119595,25.20193731548353,25.60796356201172,43800,0.0,0.0
2024-08-13 00:00:00-04:00,25.90067943179676,26.231166036995354,25.560750146334534,26.12729835510254,22800,0.0,0.0
2024-08-14 00:00:00-04:00,26.259494918843703,26.674963887209717,25.494655750607517,25.98566436767578,21600,0.0,0.0
2024-08-15 00:00:00-04:00,26.656077969359064,27.01489264397372,24.57873677282839,26.3444766998291,44100,0.0,0.0
2024-08-16 00:00:00-04:00,26.363361428105232,27.071546278286057,26.08952908821852,26.731616973876953,32800,0.0,0.0
2024-08-19 00:00:00-04:00,26.7127327115301,26.826041276018252,26.48611198053948,26.75050163269043,17800,0.0,0.0
2024-08-20 00:00:00-04:00,26.448342175015192,26.674961097421104,26.155626292033446,26.278377532958984,23800,0.0,0.0
2024-08-21 00:00:00-04:00,26.599423802469083,26.599423802469083,26.013990183868067,26.193397521972656,20200,0.0,0.0
2024-08-22 00:00:00-04:00,26.061201290779206,26.552209856495566,25.286919522307237,26.278377532958984,24000,0.0,0.0
2024-08-23 00:00:00-04:00,26.59942151514283,28.84672718470127,26.59942151514283,28.232967376708984,57300,0.0,0.0
2024-08-26 00:00:00-04:00,28.23296898903205,28.346279357458766,27.84582808183551,28.166872024536133,48000,0.0,0.0
2024-08-27 00:00:00-04:00,27.987463106882913,28.00634846738589,27.62865026236187,27.713632583618164,23600,0.0,0.0
2024-08-28 00:00:00-04:00,27.49645864007133,27.96858188608143,27.48701595903026,27.628652572631836,27300,0.0,0.0
2024-08-29 00:00:00-04:00,27.84582681126239,27.92136645309768,27.335934679125977,27.656978607177734,48200,0.0,0.0
2024-08-30 00:00:00-04:00,28.119660893411016,28.572898772708005,28.04412124686152,28.450145721435547,50800,0.0,0.0
2024-09-03 00:00:00-04:00,28.03467719028544,28.78063093823268,28.03467719028544,28.365163803100586,69800,0.0,0.0
2024-09-04 00:00:00-04:00,28.346278937900994,28.8089594835314,27.779730706167395,28.374605178833008,41700,0.0,0.0
2024-09-05 00:00:00-04:00,28.582340701545828,28.582340701545828,27.704191207885742,27.704191207885742,30100,0.0,0.0
2024-09-06 00:00:00-04:00,27.855272366083376,27.864715047413096,27.213184443720962,27.3359375,17300,0.0,0.0
2024-09-09 00:00:00-04:00,27.335933681423832,27.779728835882704,27.062101364135742,27.062101364135742,33700,0.0,0.0
2024-09-10 00:00:00-04:00,27.61920930978478,27.61920930978478,27.005449463102117,27.34537696838379,29000,0.0,0.0
2024-09-11 00:00:00-04:00,27.033775555126287,27.033775555126287,25.305804592725355,26.731616973876953,20300,0.0,0.0
2024-09-12 00:00:00-04:00,26.94879340635776,27.080987327437814,26.854368405154677,27.071544647216797,17000,0.0,0.0
2024-09-13 00:00:00-04:00,27.40203313328441,27.789174043904985,27.288722763855528,27.59088134765625,24300,0.0,0.0
2024-09-16 00:00:00-04:00,27.534227029640533,28.100775274074923,27.33593613464247,27.987464904785156,20000,0.0,0.0
2024-09-17 00:00:00-04:00,28.308506717307537,28.903382959501123,28.034676197081076,28.440702438354492,48500,0.0,0.0
2024-09-18 00:00:00-04:00,28.64843769536328,29.507701828529484,28.00634981541333,28.742862701416016,30200,0.0,0.0
2024-09-19 00:00:00-04:00,29.375507228358526,30.05536401456574,28.412375430476278,29.92317008972168,35100,0.0,0.0
2024-09-20 00:00:00-04:00,29.60212630499621,29.866514156005298,28.875056112706904,28.978923797607422,125100,0.0,0.0
2024-09-23 00:00:00-04:00,28.988366697951673,28.988366697951673,28.516243473561627,28.67676544189453,22800,0.0,0.0
2024-09-24 00:00:00-04:00,28.620111538349246,28.620111538349246,28.006351660091113,28.10077667236328,29300,0.0,0.0
2024-09-25 00:00:00-04:00,27.402031952264757,27.82694176704332,27.24150998641317,27.326492309570312,44400,0.0,0.0
2024-09-26 00:00:00-04:00,27.449245097801928,27.571998149715665,26.96767917315539,27.014892578125,32400,0.0,0.0
2024-09-27 00:00:00-04:00,27.26983886835117,27.477574256639024,27.014893675191022,27.033777236938477,22500,0.0,0.0
2024-09-30 00:00:00-04:00,27.080990112310616,27.515342641101483,26.929910815252292,27.269838333129883,29800,0.0,0.0
2024-10-01 00:00:00-04:00,27.071544656793556,27.383145900168987,26.39168788970364,26.4011287689209,29300,0.0,0.0
2024-10-02 00:00:00-04:00,26.19339824497578,26.410574512303317,26.04231894587772,26.051761627197266,24600,0.0,0.0
2024-10-03 00:00:00-04:00,25.834584779195843,26.155628732815057,25.82514209808854,25.919567108154297,17500,0.0,0.0
2024-10-04 00:00:00-04:00,26.344477248759645,26.344477248759645,25.957336324034706,25.98566436767578,16200,0.0,0.0
2024-10-07 00:00:00-04:00,25.825142008066912,25.900681655654747,25.64573466966808,25.79681396484375,18700,0.0,0.0
2024-10-08 00:00:00-04:00,25.825141790690726,26.136743059493632,25.815699109695817,25.976221084594727,15000,0.0,0.0
2024-10-09 00:00:00-04:00,25.94789352413675,26.268937479904693,25.94789352413675,26.136743545532227,15200,0.0,0.0
2024-10-10 00:00:00-04:00,25.872351196953385,26.051758518602504,25.78736887622523,25.91012191772461,13000,0.0,0.0
2024-10-11 00:00:00-04:00,26.71273330124902,27.090431526226308,26.514440607506444,26.8826961517334,14500,0.0,0.0
2024-10-14 00:00:00-04:00,26.958235707588393,27.052660713772287,26.637191767167465,26.788272857666016,12100,0.0,0.0
2024-10-15 00:00:00-04:00,26.92046617155424,27.92136689185166,26.81659848702088,26.901580810546875,25300,0.0,0.0
2024-10-16 00:00:00-04:00,27.22262483308985,28.053560909065517,25.570193560666066,27.147085189819336,56100,0.0,0.0
2024-10-17 00:00:00-04:00,27.326491000970986,27.609764197258098,26.920464765554286,27.581436157226562,101900,0.0,0.0
2024-10-18 00:00:00-04:00,28.15743035615467,28.25185536640413,27.67586442478896,28.091333389282227,37300,0.0,0.0
2024-10-21 00:00:00-04:00,28.289622788511757,28.289622788511757,25.607964526396092,26.174510955810547,52100,0.0,0.0
2024-10-22 00:00:00-04:00,25.976220742422345,26.438901299034583,25.494654824069062,26.429458618164062,42700,0.0,0.0
2024-10-23 00:00:00-04:00,26.420016058115507,27.411475941967705,26.420016058115507,27.31705093383789,22100,0.0,0.0
2024-10-24 00:00:00-04:00,27.279279225115978,27.279279225115978,26.759944400666264,26.99600601196289,16600,0.0,0.0
2024-10-25 00:00:00-04:00,27.307608128043153,27.307608128043153,26.353918972207108,26.429458618164062,24400,0.0,0.0
2024-10-28 00:00:00-04:00,26.788271914885705,27.96857994812692,26.77882923449892,27.751401901245117,31500,0.0,0.0
2024-10-29 00:00:00-04:00,27.732519379354624,27.732519379354624,27.222625425428465,27.279279708862305,29100,0.0,0.0
2024-10-30 00:00:00-04:00,27.080988020561584,27.996906413357603,27.080988020561584,27.326492309570312,20400,0.0,0.0
2024-10-31 00:00:00-04:00,27.421706365397373,27.421706365397373,26.983721637726656,27.040849685668945,18200,0.24,0.0
2024-11-01 00:00:00-04:00,27.269362277354297,27.412185113894797,26.669513264941852,26.907548904418945,65500,0.0,0.0
2024-11-04 00:00:00-05:00,27.01228618949996,27.164628859246918,26.117271642685683,26.955156326293945,25600,0.0,0.0
2024-11-05 00:00:00-05:00,27.183670790883692,27.859692988384037,27.183670790883692,27.78352165222168,27400,0.0,0.0
2024-11-06 00:00:00-05:00,29.973448243452296,33.44877014355806,29.973448243452296,32.93461227416992,85800,0.0,0.0
2024-11-07 00:00:00-05:00,32.93461251509523,32.93461251509523,29.99249175047727,30.259092330932617,60700,0.0,0.0
2024-11-08 00:00:00-05:00,30.61138364401815,31.211230819873858,30.468560812356035,30.81133270263672,24800,0.0,0.0
2024-11-11 00:00:00-05:00,31.31597130570018,31.944385311990164,31.31597130570018,31.32549476623535,48100,0.0,0.0
2024-11-12 00:00:00-05:00,31.2778836702993,31.63969888354691,30.639949857179214,30.744686126708984,49000,0.0,0.0
2024-11-13 00:00:00-05:00,30.8589422342842,31.515919335906993,30.63042640686035,30.63042640686035,37100,0.0,0.0
2024-11-14 00:00:00-05:00,30.506648301106456,30.62090439058562,29.86871271729976,30.011533737182617,39700,0.0,0.0
2024-11-15 00:00:00-05:00,30.287655451344516,30.668512126293074,29.592591792554916,29.83062744140625,40800,0.0,0.0
2024-11-18 00:00:00-05:00,29.830627347228955,30.087706283033068,29.459292317334928,29.516420364379883,33800,0.0,0.0
2024-11-19 00:00:00-05:00,29.383123731325217,29.640200875110573,28.954658798236217,29.573551177978516,39400,0.0,0.0
2024-11-20 00:00:00-05:00,29.27838583518152,29.87823489224705,29.040350177984923,29.13556480407715,82300,0.0,0.0
2024-11-21 00:00:00-05:00,29.497378099796595,30.201963424682617,29.230779326961194,30.201963424682617,45800,0.0,0.0
2024-11-22 00:00:00-05:00,30.48760730862419,30.925592044702753,30.144835382254584,30.83989906311035,34500,0.0,0.0
2024-11-25 00:00:00-05:00,31.249319003938727,31.896776245157557,30.72564131440059,30.83037757873535,81200,0.0,0.0
2024-11-26 00:00:00-05:00,30.563777869824516,30.592344619417815,29.792544641389377,29.935365676879883,57600,0.0,0.0
2024-11-27 00:00:00-05:00,30.5637768568812,30.69707987558135,29.725892144656164,30.09722900390625,26800,0.0,0.0
2024-11-29 00:00:00-05:00,30.125792544075416,30.23052881560193,29.56402824127171,29.96392822265625,25100,0.0,0.0
2024-12-02 00:00:00-05:00,30.02105721654831,30.478083418481592,29.430727997912506,30.335264205932617,41900,0.0,0.0
2024-12-03 00:00:00-05:00,30.16387716254379,30.26861342726874,29.10699831978939,29.325990676879883,34200,0.0,0.0
2024-12-04 00:00:00-05:00,29.41168674214709,29.79254526619982,28.773751075247215,29.687808990478516,58600,0.0,0.0
2024-12-05 00:00:00-05:00,29.57354905139383,29.821106348702923,28.945135072096864,29.478334426879883,65800,0.0,0.0
2024-12-06 00:00:00-05:00,29.70684983129496,29.735412946996963,29.19269195584428,29.611635208129883,28400,0.0,0.0
2024-12-09 00:00:00-05:00,29.944888221112137,30.097230905688363,29.402165364232765,29.564029693603516,32600,0.0,0.0
2024-12-10 00:00:00-05:00,29.173649826959817,30.08770770316168,29.173649826959817,29.649721145629883,35100,0.0,0.0
2024-12-11 00:00:00-05:00,30.03057871275299,30.401913748542327,29.878234224768036,29.91632080078125,30600,0.0,0.0
2024-12-12 00:00:00-05:00,29.56402660788986,29.87823358904182,29.34503424867713,29.525941848754883,19300,0.0,0.0
2024-12-13 00:00:00-05:00,29.51642175754401,29.725892483974373,29.021307150270832,29.649721145629883,17800,0.0,0.0
2024-12-16 00:00:00-05:00,29.421206338398516,29.963927336498166,29.34503500210502,29.697328567504883,20500,0.0,0.0
2024-12-17 00:00:00-05:00,29.72589185814967,29.830628127193798,29.040349827482085,29.259342193603516,30500,0.0,0.0
2024-12-18 00:00:00-05:00,29.30695046641781,29.754456843560508,27.078936592686567,27.65974235534668,53800,0.0,0.0
2024-12-19 00:00:00-05:00,27.964431762018858,28.716623547003934,27.22175980584756,27.431230545043945,37500,0.0,0.0
2024-12-20 00:00:00-05:00,27.06941599607572,28.183422976050153,27.06941599607572,27.81208610534668,96800,0.0,0.0
2024-12-23 00:00:00-05:00,27.6216571771989,27.91682087612402,27.221757210626723,27.79304313659668,38500,0.0,0.0
2024-12-24 00:00:00-05:00,28.08820746282362,28.183422088623047,27.65022272664135,28.183422088623047,15700,0.0,0.0
2024-12-26 00:00:00-05:00,27.91682105322875,28.459542050719477,27.84064971702072,28.421457290649414,26800,0.0,0.0
2024-12-27 00:00:00-05:00,28.154857534402353,28.44050141563907,27.516921893862033,27.631179809570312,71800,0.0,0.0
2024-12-30 00:00:00-05:00,27.47883808899575,27.764480164105485,27.021808226324943,27.574050903320312,136900,0.0,0.0
2024-12-31 00:00:00-05:00,27.42170895044536,27.62165986119462,26.659995519181685,27.535966873168945,71500,0.0,0.0
2025-01-02 00:00:00-05:00,27.65974133589579,28.211983961915635,26.86946306390071,27.183670043945312,50700,0.0,0.0
2025-01-03 00:00:00-05:00,27.27888488459853,27.71687142106529,26.659992563306766,27.70734977722168,41700,0.0,0.0
2025-01-06 00:00:00-05:00,27.688305846127903,28.021556108638915,27.23127784866197,27.316970825195312,52300,0.0,0.0
2025-01-07 00:00:00-05:00,27.326493939740587,27.593092711245536,26.774251292392997,27.126543045043945,43800,0.0,0.0
2025-01-08 00:00:00-05:00,26.9361150748336,27.155107437376667,26.44100048607441,27.050371170043945,31100,0.0,0.0
2025-01-10 00:00:00-05:00,26.48860876437254,26.659994735385183,25.764980117912494,26.202966690063477,48600,0.0,0.0
2025-01-13 00:00:00-05:00,25.8411471699853,26.73616163891386,25.8411471699853,26.659990310668945,32300,0.0,0.0
2025-01-14 00:00:00-05:00,26.86946661999891,27.688309931667057,26.77425380186195,27.621660232543945,39100,0.0,0.0
2025-01-15 00:00:00-05:00,28.52619158269884,28.53571322667986,27.99299223223689,28.430978775024414,36700,0.0,0.0
2025-01-16 00:00:00-05:00,28.211985525279054,28.916572674550082,27.7930440727159,28.164379119873047,39600,0.0,0.0
2025-01-17 00:00:00-05:00,28.364327898153523,28.773747675824385,27.707349019454995,27.964427947998047,94100,0.0,0.0
2025-01-21 00:00:00-05:00,28.28815536471137,28.745185186305758,27.34553442228745,28.45954132080078,55100,0.0,0.0
2025-01-22 00:00:00-05:00,28.2786343472619,28.55475474129191,27.77399814401479,27.992990493774414,34800,0.0,0.0
2025-01-23 00:00:00-05:00,27.70735040318,28.22150646987561,27.70735040318,28.097728729248047,35900,0.0,0.0
2025-01-24 00:00:00-05:00,27.93586600591192,28.469065391139896,27.516922723770215,28.326244354248047,37900,0.0,0.0
2025-01-27 00:00:00-05:00,28.14533547890156,28.688056484434156,27.859693417905863,28.288156509399414,48400,0.0,0.0
2025-01-28 00:00:00-05:00,28.22150595431541,28.97369947660192,28.164377907074627,28.65949249267578,51000,0.0,0.0
2025-01-29 00:00:00-05:00,28.37384865018537,29.392642753970154,27.73591303786714,29.297428131103516,67700,0.0,0.0
2025-01-30 00:00:00-05:00,29.516423905494555,30.363830333252448,28.83088181050629,28.897531509399414,37300,0.0,0.0
2025-01-31 00:00:00-05:00,28.783269499544467,29.392641980208484,28.592842074892072,28.69757652282715,44600,0.0,0.0
2025-02-03 00:00:00-05:00,27.98710206230365,28.947208492099712,27.459044258418892,28.399948120117188,46800,0.25,0.0
2025-02-04 00:00:00-05:00,28.803192515739383,30.492980029747013,28.58236847928722,30.464176177978516,102500,0.0,0.0
2025-02-05 00:00:00-05:00,30.51218022943035,30.934627532958984,30.252951077406582,30.934627532958984,46000,0.0,0.0
2025-02-06 00:00:00-05:00,30.723403436561807,30.90582232596096,30.4929781305385,30.646595001220703,52900,0.0,0.0
2025-02-07 00:00:00-05:00,30.54098048901438,30.54098048901438,29.763294908983344,29.907310485839844,36800,0.0,0.0
2025-02-10 00:00:00-05:00,29.878511551441374,29.88811100379898,29.43686166142982,29.638484954833984,45400,0.0,0.0
2025-02-11 00:00:00-05:00,29.34084926989745,30.310556894114193,29.19683368499066,30.204944610595703,42900,0.0,0.0
2025-02-12 00:00:00-05:00,29.59047772510208,29.9841211862401,29.369653701782227,29.369653701782227,43500,0.0,0.0
2025-02-13 00:00:00-05:00,29.657683968622766,29.753694967942007,29.360051518864868,29.705690383911133,48800,0.0,0.0
2025-02-14 00:00:00-05:00,29.859306921543233,30.176141933927862,29.50406677735078,29.513668060302734,33400,0.0,0.0
2025-02-18 00:00:00-05:00,29.532871320111255,30.118536775139013,29.340849319075343,29.840105056762695,37300,0.0,0.0
2025-02-19 00:00:00-05:00,29.513669375052423,30.13773814467021,29.312047917852126,30.041728973388672,32900,0.0,0.0
2025-02-20 00:00:00-05:00,29.878510604515903,29.878510604515903,29.177631572879168,29.42725944519043,24600,0.0,0.0
2025-02-21 00:00:00-05:00,29.792101244017754,29.792101244017754,28.687977456340743,28.70718002319336,43700,0.0,0.0
2025-02-24 00:00:00-05:00,28.96641074309691,29.177633496086987,28.57276725769043,28.57276725769043,61700,0.0,0.0
2025-02-25 00:00:00-05:00,28.735983336363983,29.41765796557245,28.735983336363983,29.177631378173828,43900,0.0,0.0
2025-02-26 00:00:00-05:00,29.18723211743351,29.744093716569306,28.774386101801237,29.158430099487305,39100,0.0,0.0
2025-02-27 00:00:00-05:00,29.091219166136696,29.58087358220132,29.091219166136696,29.34084701538086,43200,0.0,0.0
2025-02-28 00:00:00-05:00,29.523268722517834,30.051326454970464,29.36005057828126,29.494464874267578,35000,0.0,0.0
2025-03-03 00:00:00-05:00,29.408056621450232,30.041728495627805,28.98561114700856,29.052818298339844,70900,0.0,0.0
2025-03-04 00:00:00-05:00,28.53436093875772,28.697579096518854,25.730850237439096,27.80467987060547,68500,0.0,0.0
2025-03-05 00:00:00-05:00,27.81427971030797,28.447949741367264,27.353429111584393,28.12151527404785,80400,0.0,0.0
2025-03-06 00:00:00-05:00,27.785477144800556,27.852684293549306,27.45904085265737,27.49744415283203,32800,0.0,0.0
2025-03-07 00:00:00-05:00,26.998191650813634,27.843084441918528,26.998191650813634,27.420637130737305,26500,0.0,0.0
2025-03-10 00:00:00-04:00,26.930982960493225,27.631862002726244,26.431729039580244,26.57574462890625,57700,0.0,0.0
2025-03-11 00:00:00-04:00,26.450929832118128,26.98859071926924,26.287711675528964,26.700557708740234,39300,0.0,0.0
2025-03-12 00:00:00-04:00,27.007791343343133,27.295824352681713,26.31651541719417,27.123004913330078,36100,0.0,0.0
2025-03-13 00:00:00-04:00,26.930980448007038,27.315024425390998,26.80616743723743,26.9213809967041,33900,0.0,0.0
2025-03-14 00:00:00-04:00,27.324626128479178,27.478244830846712,26.988590367462066,27.420637130737305,29900,0.0,0.0
2025-03-17 00:00:00-04:00,27.382233023622945,28.04470507408822,27.123003874523928,27.334226608276367,30600,0.0,0.0
2025-03-18 00:00:00-04:00,27.2286161570289,27.823881057266462,27.132605157593243,27.334226608276367,22600,0.0,0.0
2025-03-19 00:00:00-04:00,27.689467168717616,28.323137210658874,27.631861300702283,28.01590347290039,32600,0.0,0.0
2025-03-20 00:00:00-04:00,27.679867411343125,28.17912317835063,27.679867411343125,27.88149070739746,22000,0.0,0.0
2025-03-21 00:00:00-04:00,27.583854426312918,28.015903007392897,27.257418127554157,27.391834259033203,118000,0.0,0.0
2025-03-24 00:00:00-04:00,27.795078306433137,28.37114062534283,27.737470609536206,28.284730911254883,44200,0.0,0.0
2025-03-25 00:00:00-04:00,28.131116314488292,28.323138323762603,27.4974462476437,27.747074127197266,27900,0.0,0.0
2025-03-26 00:00:00-04:00,27.535852790489646,28.179124173827724,27.4686456331832,27.67026710510254,18000,0.0,0.0
2025-03-27 00:00:00-04:00,27.708668563589622,27.977497157133172,27.39183355601512,27.79507827758789,26000,0.0,0.0
2025-03-28 00:00:00-04:00,27.85268729700766,27.85268729700766,26.902182166655713,27.103803634643555,17300,0.0,0.0
2025-03-31 00:00:00-04:00,26.921381832293445,27.09419942997128,26.738961120499805,26.767763137817383,51100,0.0,0.0
2025-04-01 00:00:00-04:00,26.527737112460525,26.82537139349384,26.09569036238418,26.662153244018555,23900,0.0,0.0
2025-04-02 00:00:00-04:00,26.364521206125445,26.84457441233683,26.345320469632806,26.79656982421875,28600,0.0,0.0
2025-04-03 00:00:00-04:00,25.80765743065038,25.80765743065038,24.559519929993975,24.65553092956543,38700,0.0,0.0
2025-04-04 00:00:00-04:00,23.916248416891467,24.86675345919429,21.525583886628464,24.405902862548828,55800,0.0,0.0
2025-04-07 00:00:00-04:00,23.733829608960043,25.558033238594156,23.47460227205818,24.530717849731445,48900,0.0,0.0
2025-04-08 00:00:00-04:00,25.318005041158,25.318005041158,23.599413810187215,24.175477981567383,47800,0.0,0.0
2025-04-09 00:00:00-04:00,24.021863697043667,25.423618227952474,22.754523482452765,24.9915714263916,88200,0.0,0.0
2025-04-10 00:00:00-04:00,24.405904650941814,24.876356565064576,22.86013276792587,23.42659568786621,49200,0.0,0.0
2025-04-11 00:00:00-04:00,23.167362557959983,23.551406515526345,22.591300284125055,23.359384536743164,37800,0.0,0.0
2025-04-14 00:00:00-04:00,23.801036695391353,23.887444579955762,23.07135566803841,23.67622184753418,43200,0.0,0.0
2025-04-15 00:00:00-04:00,23.618618289797674,24.4539098493944,23.618618289797674,24.30029296875,34800,0.0,0.0
2025-04-16 00:00:00-04:00,24.079467165374197,24.386700904125778,23.484200423099864,24.242685317993164,39300,0.0,0.0
2025-04-17 00:00:00-04:00,24.233085631787606,24.82835241329192,24.233085631787606,24.41550636291504,41800,0.0,0.0
2025-04-21 00:00:00-04:00,24.26188826130445,24.655531724101,23.92585066760415,24.559520721435547,37400,0.0,0.0
2025-04-22 00:00:00-04:00,24.713135452859845,25.57723073949685,24.559518594402483,25.40441131591797,30200,0.0,0.0
2025-04-23 00:00:00-04:00,26.220502021008578,26.70055516150218,25.049173017456848,25.40441131591797,48100,0.0,0.0
2025-04-24 00:00:00-04:00,25.32760321807986,25.663640787073636,25.164385074926166,25.596433639526367,29500,0.0,0.0
2025-04-25 00:00:00-04:00,25.087579547029843,25.270000276660237,24.44430818268253,25.20279312133789,28200,0.0,0.0
2025-04-28 00:00:00-04:00,23.100157000591054,25.356407165527344,23.100157000591054,25.356407165527344,59100,0.0,0.0
2025-04-29 00:00:00-04:00,25.039574121554505,26.12449351672638,25.039574121554505,26.028484344482422,29500,0.0,0.0
2025-04-30 00:00:00-04:00,25.60603458717913,25.874865005108216,24.847549746195686,25.40441131591797,35900,0.0,0.0
2025-05-01 00:00:00-04:00,25.26999778029719,25.71164763504792,25.193189348765426,25.548429489135742,26500,0.0,0.0
2025-05-02 00:00:00-04:00,25.759651913710577,26.335716059021944,25.60603505246187,26.268508911132812,21100,0.0,0.0
2025-05-05 00:00:00-04:00,25.958444593106393,26.62702579910267,25.92937512183246,26.142545700073242,21900,0.25,0.0
2025-05-06 00:00:00-04:00,26.065027722686708,26.656094006892772,25.687133854762077,25.87123680114746,30300,0.0,0.0
2025-05-07 00:00:00-04:00,26.278201395803887,26.336338490231764,25.347998644233307,25.551481246948242,46900,0.0,0.0
2025-05-08 00:00:00-04:00,26.30726697863429,26.520439388578357,25.522409796221886,26.404163360595703,24300,0.0,0.0
2025-05-09 00:00:00-04:00,26.40416477459673,26.72392155849174,25.92937451051898,26.00689125061035,22900,0.0,0.0
2025-05-12 00:00:00-04:00,27.344055727983015,27.87698493808622,26.956472024000153,27.518468856811523,66200,0.0,0.0
2025-05-13 00:00:00-04:00,27.88667569560849,28.09984627790177,27.353746467657867,27.53784942626953,17800,0.0,0.0
2025-05-14 00:00:00-04:00,27.470020669791364,28.041707307134867,27.470020669791364,27.72195053100586,39700,0.0,0.0
2025-05-15 00:00:00-04:00,27.847916011679978,28.739359472341363,27.615365784743737,28.09984588623047,26100,0.0,0.0
2025-05-16 00:00:00-04:00,27.964190880687553,28.313015282443214,27.789777755737305,27.789777755737305,29900,0.0,0.0
2025-05-19 00:00:00-04:00,27.702570946069986,27.838224776200914,27.47002073092633,27.683191299438477,29400,0.0,0.0
2025-05-20 00:00:00-04:00,27.74132851786088,28.012638027506412,27.479710679720178,27.828535079956055,21200,0.0,0.0
2025-05-21 00:00:00-04:00,27.431262930765826,27.431262930765826,26.656095504760742,26.656095504760742,33800,0.0,0.0
2025-05-22 00:00:00-04:00,26.34602823705419,26.956472347126457,26.161925282401164,26.365406036376953,33100,0.0,0.0
2025-05-23 00:00:00-04:00,26.055337482440518,26.53981755075303,25.900304008432098,26.249130249023438,42600,0.0,0.0
2025-05-27 00:00:00-04:00,26.442925158508896,27.00492200936916,26.22975272836349,26.9467830657959,28300,0.0,0.0
2025-05-28 00:00:00-04:00,26.898333684341498,27.06305698192132,26.40416379160203,26.4332332611084,34300,0.0,0.0
2025-05-29 00:00:00-04:00,27.043680333291594,27.043680333291594,26.026272813674627,26.782060623168945,26000,0.0,0.0
2025-05-30 00:00:00-04:00,26.44292431448601,26.80143854768645,26.375095549148877,26.52044105529785,19600,0.0,0.0
2025-06-02 00:00:00-04:00,26.53981978775711,26.53981978775711,26.181305541948277,26.316959381103516,15700,0.0,0.0
2025-06-03 00:00:00-04:00,26.142545025271048,26.840197532678072,26.142545025271048,26.636714935302734,21100,0.0,0.0
2025-06-04 00:00:00-04:00,26.51075304433521,26.62702723943071,26.113479489493066,26.152236938476562,22700,0.0,0.0
2025-06-05 00:00:00-04:00,26.190994387546503,26.190994387546503,25.774341213539504,25.92937469482422,26700,0.0,0.0
2025-06-06 00:00:00-04:00,26.433234916087052,26.75299170809781,26.258821784418476,26.733612060546875,30900,0.0,0.0
2025-06-09 00:00:00-04:00,26.68516490912342,27.063058797331617,26.68516490912342,26.878955841064453,32900,0.0,0.0
2025-06-10 00:00:00-04:00,26.849885090507776,27.566917233780202,26.849885090507776,27.421571731567383,24800,0.0,0.0
2025-06-11 00:00:00-04:00,27.712260004595738,27.712260004595738,27.179330825805664,27.179330825805664,40900,0.0,0.0
2025-06-12 00:00:00-04:00,26.91771433538107,27.227781295776367,26.694852090470192,27.227781295776367,23100,0.0,0.0
2025-06-13 00:00:00-04:00,26.78205977133944,26.83050889101285,26.249132391946542,26.539819717407227,42600,0.0,0.0
2025-06-16 00:00:00-04:00,26.93709100644643,26.93709100644643,26.287887642246467,26.47199058532715,31000,0.0,0.0
2025-06-17 00:00:00-04:00,26.084408910767454,26.539819543849678,26.084408910767454,26.210372924804688,26600,0.0,0.0
2025-06-18 00:00:00-04:00,26.10378751847308,26.743301083340686,26.10378751847308,26.452611923217773,30200,0.0,0.0
2025-06-20 00:00:00-04:00,26.714231983255015,28.506808693691852,26.43323449086642,26.52044105529785,51200,0.0,0.0
2025-06-23 00:00:00-04:00,26.34602663200648,27.692880630493164,26.34602663200648,27.692880630493164,32000,0.0,0.0
2025-06-24 00:00:00-04:00,27.90605249519815,28.235499104845402,27.86729504896341,27.964191436767578,17400,0.0,0.0
2025-06-25 00:00:00-04:00,27.973880078821097,27.973880078821097,27.64443348308878,27.654123306274414,20400,0.0,0.0
2025-06-26 00:00:00-04:00,27.83822582032207,28.429292127738353,27.83822582032207,28.254878997802734,15600,0.0,0.0
2025-06-27 00:00:00-04:00,28.332393434732207,28.991286606168146,28.332393434732207,28.855632781982422,84100,0.0,0.0
2025-06-30 00:00:00-04:00,28.962219733246332,29.10756524149454,28.59401567110831,28.768428802490234,38300,0.0,0.0
2025-07-01 00:00:00-04:00,28.700602340404266,29.97962952667039,28.69091251649074,29.75676727294922,28900,0.0,0.0
2025-07-02 00:00:00-04:00,29.84397381515474,30.51255687947119,29.77614689596154,30.386592864990234,28600,0.0,0.0
2025-07-03 00:00:00-04:00,31.006726716592972,31.23927879333496,30.82262375923262,31.23927879333496,19400,0.0,0.0
2025-07-07 00:00:00-04:00,31.219897286416725,31.47182529961902,30.435038232477492,30.57069206237793,28600,0.0,0.0
2025-07-08 00:00:00-04:00,30.67727950394515,31.016414092331598,30.541625668590573,30.657899856567383,54800,0.0,0.0
2025-07-09 00:00:00-04:00,30.80324634227512,31.09393366959624,30.696660126456397,30.86138343811035,26000,0.0,0.0
2025-07-10 00:00:00-04:00,30.71603842870776,31.103620282725075,30.71603842870776,30.81293296813965,35000,0.0,0.0
2025-07-11 00:00:00-04:00,30.522245963404167,30.793555481744363,29.223839161871254,30.289695739746094,23500,0.0,0.0
2025-07-14 00:00:00-04:00,30.415660838555873,30.89045112651666,30.415660838555873,30.82262420654297,19600,0.0,0.0
2025-07-15 00:00:00-04:00,30.464109320019194,30.66759007567468,29.65018260110741,29.688940048217773,26400,0.0,0.0
2025-07-16 00:00:00-04:00,30.057146136302215,30.16373050258759,29.621113302855452,30.018386840820312,40700,0.0,0.0
2025-07-17 00:00:00-04:00,29.892422450000893,30.609452774073592,29.892422450000893,30.396282196044922,33900,0.0,0.0
2025-07-18 00:00:00-04:00,30.686968959869052,30.70634860701457,29.93117935449788,29.999006271362305,43300,0.0,0.0
2025-07-21 00:00:00-04:00,29.999003916195047,30.483483967928,29.708316624413165,29.78583335876465,68600,0.0,0.0
2025-07-22 00:00:00-04:00,29.621112268447924,30.095902532651372,29.24321839142056,29.6695613861084,64400,0.0,0.0
2025-07-23 00:00:00-04:00,30.018385612989352,30.61914173137184,29.437009141555134,30.561004638671875,43400,0.0,0.0
2025-07-24 00:00:00-04:00,30.15404266082394,30.270316851496347,29.572666163027083,29.75676727294922,24400,0.0,0.0
2025-07-25 00:00:00-04:00,29.77614599742023,30.347832653575605,29.097874977811145,29.553285598754883,22300,0.0,0.0
2025-07-28 00:00:00-04:00,29.78583410161668,30.00869448741719,29.301354037800902,29.88273048400879,36600,0.0,0.0
2025-07-29 00:00:00-04:00,30.212177613144373,30.212177613144373,29.107563639384484,29.24321746826172,39600,0.0,0.0
2025-07-30 00:00:00-04:00,29.18507972121717,29.46607719588341,28.371153069954296,28.477737426757812,30100,0.0,0.0
2025-07-31 00:00:00-04:00,28.138604442480283,29.117252595414605,28.061085854059087,28.409912109375,44700,0.0,0.0
2025-08-01 00:00:00-04:00,28.04170830366592,28.04170830366592,27.547538386969578,27.702571868896484,39300,0.0,0.0
2025-08-04 00:00:00-04:00,27.62437135722638,28.16199991517749,27.56572140977402,27.956724166870117,31700,0.25,0.0
2025-08-05 00:00:00-04:00,27.956724307159433,28.34772706621762,27.360443934315562,27.946949005126953,21800,0.0,0.0
2025-08-06 00:00:00-04:00,27.829647206521503,27.99582361194639,27.69279670715332,27.69279670715332,20400,0.0,0.0
2025-08-07 00:00:00-04:00,27.99582286084866,27.99582286084866,27.48752022064053,27.741670608520508,23300,0.0,0.0
2025-08-08 00:00:00-04:00,27.712346333432187,28.2695254777134,27.438643479904503,27.88829803466797,29400,0.0,0.0
2025-08-11 00:00:00-04:00,28.093573165024445,28.093573165024445,27.467968787089553,27.800321578979492,19400,0.0,0.0
2025-08-12 00:00:00-04:00,28.132675578188373,29.090632789124115,28.132675578188373,29.002656936645508,28700,0.0,0.0
2025-08-13 00:00:00-04:00,29.276357650756836,29.50118398419564,29.198157105889074,29.276357650756836,34000,0.0,0.0
2025-08-14 00:00:00-04:00,28.895129131109325,28.934230336806465,28.504126396378446,28.83647918701172,25500,0.0,0.0
2025-08-15 00:00:00-04:00,29.002658187382735,29.002658187382735,28.13267679140772,28.2793025970459,78000,0.0,0.0
2025-08-18 00:00:00-04:00,28.21087706070865,28.553003315595983,28.21087706070865,28.425928115844727,10900,0.0,0.0
2025-08-19 00:00:00-04:00,28.553001821444564,28.709404784070685,28.328175475869763,28.3966007232666,19200,0.0,0.0
2025-08-20 00:00:00-04:00,28.54322726911098,28.689853059868614,28.465026723077035,28.601877212524414,20500,0.0,0.0
2025-08-21 00:00:00-04:00,28.40637765693747,28.494353512772904,28.289077758789062,28.289077758789062,13200,0.0,0.0
2025-08-22 00:00:00-04:00,28.582328875766496,30.400494045750758,28.582328875766496,30.24409294128418,50300,0.0,0.0
2025-08-25 00:00:00-04:00,29.97038897061182,30.273415866280878,29.442535728622104,29.80421257019043,23100,0.0,0.0
2025-08-26 00:00:00-04:00,29.765112539324853,30.33206697510018,29.432759746168824,30.10723876953125,21600,0.0,0.0
2025-08-27 00:00:00-04:00,30.01926296778316,30.46891751518125,29.901963078512786,30.234315872192383,17600,0.0,0.0
2025-08-28 00:00:00-04:00,30.302742144270216,30.4004932982704,29.999715244873006,30.165891647338867,19600,0.0,0.0
2025-08-29 00:00:00-04:00,30.263640000958873,30.351615850393483,29.95083780939053,29.970388412475586,14700,0.0,0.0
2025-09-02 00:00:00-04:00,29.471860185017995,29.901964144724495,29.471860185017995,29.774887084960938,17100,0.0,0.0
2025-09-03 00:00:00-04:00,29.589161663422097,29.833538614330212,29.20793235218068,29.667362213134766,23400,0.0,0.0
2025-09-04 00:00:00-04:00,29.872637122200487,29.99971417721264,29.344783892502356,29.98016357421875,19700,0.0,0.0
2025-09-05 00:00:00-04:00,30.2245422643224,30.2245422643224,29.42298613974956,29.608713150024414,18300,0.0,0.0
2025-09-08 00:00:00-04:00,29.7455621590455,29.755337460617177,29.276358870293787,29.70646095275879,17900,0.0,0.0
2025-09-09 00:00:00-04:00,29.403434007453324,29.59893630962906,29.178607665064916,29.325233459472656,12200,0.0,0.0
2025-09-10 00:00:00-04:00,29.315459643854428,29.530510695589694,29.159058539965468,29.35456085205078,18000,0.0,0.0
2025-09-11 00:00:00-04:00,29.383884237198185,29.921514651195906,29.383884237198185,29.911739349365234,26100,0.0,0.0
2025-09-12 00:00:00-04:00,30.204990090367208,30.204990090367208,29.13950645885052,29.325233459472656,25500,0.0,0.0
2025-09-15 00:00:00-04:00,29.266584536090583,29.696686632772046,28.924456427565815,29.38388442993164,18200,0.0,0.0
2025-09-16 00:00:00-04:00,29.237259154286583,29.237259154286583,28.875582299939822,28.96355628967285,16500,0.0,0.0
2025-09-17 00:00:00-04:00,29.432759723953925,30.283190444750975,29.16883217703838,29.207931518554688,34800,0.0,0.0
2025-09-18 00:00:00-04:00,29.452308264507636,30.654644237558017,29.452308264507636,30.38094139099121,32000,0.0,0.0
2025-09-19 00:00:00-04:00,30.312518262130325,30.586221127809313,29.413210977125928,29.59893798828125,88400,0.0,0.0
2025-09-22 00:00:00-04:00,29.42298433540867,29.618484771308037,29.0417550361759,29.471858978271484,20300,0.0,0.0
2025-09-23 00:00:00-04:00,29.335008152845447,29.755336788695228,29.05153000701258,29.23725700378418,18500,0.0,0.0
2025-09-24 00:00:00-04:00,29.315460171611534,29.315460171611534,29.0124332604274,29.061307907104492,16400,0.0,0.0
2025-09-25 00:00:00-04:00,28.807154024548392,29.198158633796087,28.768054682292515,28.78760528564453,20600,0.0,0.0
2025-09-26 00:00:00-04:00,28.904906061805104,29.07108246648854,28.89513075982982,28.98310661315918,17600,0.0,0.0
2025-09-29 00:00:00-04:00,29.002656518401263,29.002656518401263,28.13267517249004,28.259750366210938,21000,0.0,0.0
2025-09-30 00:00:00-04:00,28.083798663791104,28.4161514651512,27.184491412660513,28.259750366210938,23000,0.0,0.0
2025-10-01 00:00:00-04:00,28.015373090097583,28.2988512439086,27.370218098363438,28.025148391723633,33400,0.0,0.0
2025-10-02 00:00:00-04:00,27.956722119996925,28.161997853274872,27.047639611027545,27.96649742126465,35300,0.0,0.0
2025-10-03 00:00:00-04:00,28.142451635489895,28.367277991437653,28.093575124774134,28.181550979614258,18200,0.0,0.0
2025-10-06 00:00:00-04:00,28.494353371291616,28.69963098870447,28.113125907529785,28.298852920532227,18200,0.0,0.0
2025-10-07 00:00:00-04:00,28.337948939066667,28.73872696020224,27.800320432015933,28.005596160888672,24100,0.0,0.0
2025-10-08 00:00:00-04:00,28.07402359616262,28.07402359616262,27.74167079203101,27.858972549438477,10400,0.0,0.0
2025-10-09 00:00:00-04:00,27.741671212325887,27.780772420203498,27.41909370512843,27.702571868896484,15700,0.0,0.0
2025-10-10 00:00:00-04:00,27.663469675643263,27.85897197917109,26.852138285564628,26.99876594543457,39000,0.0,0.0
2025-10-13 00:00:00-04:00,27.34089251175469,27.379993718714058,26.959665066141675,27.360443115234375,19400,0.0,0.0
2025-10-14 00:00:00-04:00,27.135617752981897,28.318401339689043,27.057417200674383,28.191326141357422,35000,0.0,0.0
2025-10-15 00:00:00-04:00,28.318399363016987,28.318399363016987,27.585268537139743,27.810096740722656,21500,0.0,0.0
2025-10-16 00:00:00-04:00,27.819870184322664,27.819870184322664,26.28518328676526,26.519784927368164,32600,0.0,0.0
2025-10-17 00:00:00-04:00,26.51978491561426,27.008538799432383,26.21675802969249,26.265634536743164,109000,0.0,0.0
2025-10-20 00:00:00-04:00,26.44158703309168,26.64686465449251,25.99193430960613,26.34383773803711,76000,0.0,0.0
2025-10-21 00:00:00-04:00,26.461134971601552,26.461134971601552,25.982156389193563,26.265634536743164,50300,0.0,0.0
2025-10-22 00:00:00-04:00,26.539337118875206,26.685962919973214,26.099459715581183,26.285184860229492,47000,0.0,0.0
2025-10-23 00:00:00-04:00,26.031031256813623,26.36338404983872,25.894180764784977,25.991931915283203,29000,0.0,0.0
2025-10-24 00:00:00-04:00,26.38293577556532,26.881464986318093,26.38293577556532,26.685962677001953,32300,0.0,0.0
2025-10-27 00:00:00-04:00,26.539336504420493,27.24314331651312,26.021258561572505,26.969440460205078,74300,0.0,0.0
2025-10-28 00:00:00-04:00,26.803264098960167,28.24019990171367,26.803264098960167,28.122900009155273,31600,0.0,0.0
2025-10-29 00:00:00-04:00,28.113124932998293,28.99288159203974,27.79054742920149,28.621429443359375,49800,0.0,0.0
2025-10-30 00:00:00-04:00,28.62142767553015,29.10040625070762,28.504125924827385,28.611652374267578,57700,0.0,0.0
2025-10-31 00:00:00-04:00,28.347724293888355,28.51390068329252,28.103347360320353,28.132673263549805,52700,0.0,0.0
2025-11-03 00:00:00-05:00,28.2016997796114,28.24114173783141,27.560752442053683,28.063648223876953,23200,0.25,0.0
2025-11-04 00:00:00-05:00,27.94532167942044,28.76376256639913,27.54103171602048,28.467941284179688,60600,0.0,0.0
2025-11-05 00:00:00-05:00,28.487660576916774,29.50331687927246,28.487660576916774,29.50331687927246,44100,0.0,0.0
2025-11-06 00:00:00-05:00,29.434292853791344,29.434292853791344,28.89195132790949,29.128610610961914,31700,0.0,0.0
2025-11-07 00:00:00-05:00,29.1877749579721,29.483596245338305,29.0004204728877,29.296241760253906,29600,0.0,0.0
2025-11-10 00:00:00-05:00,29.454013867574435,29.749835141105738,28.753900761731195,28.832786560058594,61700,0.0,0.0
2025-11-11 00:00:00-05:00,29.05958299062673,29.493455821752764,28.783483636916717,29.47373390197754,42500,0.0,0.0
2025-11-12 00:00:00-05:00,29.345543905533184,29.73011192045384,28.901810133866498,29.049720764160156,73300,0.0,0.0
2025-11-13 00:00:00-05:00,29.108886514479906,29.601923202540394,28.84264625153867,29.03986167907715,41000,0.0,0.0
2025-11-14 00:00:00-05:00,28.990558559456577,29.66108879494752,28.369333124096325,28.970836639404297,33400,0.0,0.0
2025-11-17 00:00:00-05:00,29.099027046636586,29.099027046636586,28.251003297851536,28.2608642578125,39500,0.0,0.0
2025-11-18 00:00:00-05:00,28.14253629947167,28.704597847744115,27.955181823118924,28.19183921813965,35800,0.0,0.0
2025-11-19 00:00:00-05:00,28.112954826795754,28.852509928543423,28.112954826795754,28.675016403198242,49400,0.0,0.0
2025-11-20 00:00:00-05:00,29.07930630998096,29.335685637041,28.586269576585313,28.65529441833496,31700,0.0,0.0
2025-11-21 00:00:00-05:00,28.6158514009939,29.86816510896412,28.47779984180646,29.582202911376953,66800,0.0,0.0
2025-11-24 00:00:00-05:00,29.53289842341061,29.996352233987697,28.941254020453542,29.690670013427734,34100,0.0,0.0
2025-11-25 00:00:00-05:00,29.966771944609075,30.844378605785977,29.966771944609075,30.56827735900879,30400,0.0,0.0
2025-11-26 00:00:00-05:00,30.46966996092423,31.0317315400029,30.42036703955399,30.676746368408203,38100,0.0,0.0
2025-11-28 00:00:00-05:00,30.647163327009423,30.75563201040037,30.410505920253993,30.62744140625,25300,0.0,0.0
2025-12-01 00:00:00-05:00,30.716185562276888,31.18950033562181,30.686604564433907,31.031728744506836,30000,0.0,0.0
2025-12-02 00:00:00-05:00,31.297970154893886,31.297970154893886,30.657022807441017,30.765491485595703,27000,0.0,0.0
2025-12-03 00:00:00-05:00,31.002149382455993,32.36292989781906,31.002149382455993,32.22488021850586,61000,0.0,0.0
2025-12-04 00:00:00-05:00,32.14599352860465,32.14599352860465,31.386718388198556,31.91919708251953,41000,0.0,0.0
2025-12-05 00:00:00-05:00,32.116410001745685,32.116410001745685,31.544487510948578,31.72197914123535,32500,0.0,0.0
2025-12-08 00:00:00-05:00,31.692398274322844,32.2051568904784,31.652954435794385,31.761423110961914,52900,0.0,0.0
2025-12-09 00:00:00-05:00,31.791009004351867,32.33334863795855,31.791009004351867,32.145992279052734,28400,0.0,0.0
2025-12-10 00:00:00-05:00,32.540422440164654,34.19702606531694,32.540422440164654,33.81245803833008,63400,0.0,0.0
2025-12-11 00:00:00-05:00,33.851904858400445,34.09842323192831,33.339146190073876,33.53635787963867,49400,0.0,0.0
2025-12-12 00:00:00-05:00,33.53635622483237,34.019533868196845,33.368725544659426,33.605384826660156,39900,0.0,0.0
2025-12-15 00:00:00-05:00,33.753292083740234,34.22660686509667,33.52649565277183,33.753292083740234,64500,0.0,0.0
2025-12-16 00:00:00-05:00,33.98995280319334,33.98995280319334,33.52649708101752,33.585662841796875,74700,0.0,0.0
2025-12-17 00:00:00-05:00,33.77301524667179,33.84204008639619,33.42789104804979,33.52649688720703,43100,0.0,0.0
2025-12-18 00:00:00-05:00,33.733573320240566,33.78287624261637,33.40817102330278,33.516639709472656,63000,0.0,0.0
2025-12-19 00:00:00-05:00,33.48705128890339,33.75329155453677,32.71791525145458,32.934852600097656,93100,0.0,0.0
2025-12-22 00:00:00-05:00,33.072901326727155,33.43774741591,32.59958656632394,32.6390266418457,31500,0.0,0.0
2025-12-23 00:00:00-05:00,32.45167758460571,32.97429531738365,32.45167758460571,32.54042434692383,40400,0.0,0.0
2025-12-24 00:00:00-05:00,32.44181390313805,33.21094989307773,32.44181390313805,32.90526580810547,39500,0.0,0.0
2025-12-26 00:00:00-05:00,32.984154707927495,33.18137013262211,32.540420942757436,32.678470611572266,38700,0.0,0.0
2025-12-29 00:00:00-05:00,32.767220457049966,32.934854900411054,32.422096252441406,32.422096252441406,35200,0.0,0.0
2025-12-30 00:00:00-05:00,32.17557756829637,32.70805436987978,31.652956084501188,32.323486328125,48000,0.0,0.0
2025-12-31 00:00:00-05:00,32.648892097294485,32.648892097294485,31.840312179970045,32.22488021850586,57100,0.0,0.0
2026-01-02 00:00:00-05:00,32.34320916895678,32.49112169456692,31.810728590646434,31.978363037109375,42800,0.0,0.0
2026-01-05 00:00:00-05:00,31.87975253832203,33.39830260648312,31.87975253832203,32.94470977783203,111300,0.0,0.0
2026-01-06 00:00:00-05:00,32.708054578201185,33.181373145068115,32.46153621534503,33.04331970214844,65600,0.0,0.0
2026-01-07 00:00:00-05:00,33.28983741390652,33.59552153203526,33.013738056610634,33.46733093261719,64800,0.0,0.0
2026-01-08 00:00:00-05:00,33.21095111639484,34.21674639651792,33.21095111639484,33.92092514038086,52700,0.0,0.0
2026-01-09 00:00:00-05:00,33.84204008639619,34.42382356519588,33.35886620832539,33.52649688720703,68800,0.0,0.0
2026-01-12 00:00:00-05:00,33.34900336746667,33.694127566088675,33.260256607596496,33.52649688720703,41200,0.0,0.0
2026-01-13 00:00:00-05:00,33.42789288109993,33.7532951774199,32.777084526888146,33.496917724609375,57000,0.0,0.0
2026-01-14 00:00:00-05:00,33.457471138994556,33.88148300668625,33.17150894700312,33.85190200805664,55800,0.0,0.0
2026-01-15 00:00:00-05:00,33.67441052311742,34.83797751926473,32.97429550024888,34.56187438964844,52500,0.0,0.0
2026-01-16 00:00:00-05:00,34.522430548050146,35.005608203699836,32.90527065823775,34.56187438964844,75500,0.0,0.0
2026-01-20 00:00:00-05:00,33.87162056833556,34.50271071864367,32.441817114541934,33.989952087402344,81700,0.0,0.0
2026-01-21 00:00:00-05:00,34.25619381575749,35.78460693359375,34.14772513279855,35.78460693359375,85000,0.0,0.0
2026-01-22 00:00:00-05:00,35.86349118634971,36.27764400133398,34.94644255485431,35.90293502807617,44800,0.0,0.0
2026-01-23 00:00:00-05:00,35.75502040679152,35.87335192503551,34.463266639319585,34.5520133972168,52200,0.0,0.0
2026-01-26 00:00:00-05:00,34.24633092080474,34.91686117661362,33.82231903076172,33.82231903076172,87200,0.0,0.0
2026-01-27 00:00:00-05:00,33.65468854906724,33.822319233237096,33.07290505191413,33.240535736083984,68400,0.0,0.0
2026-01-28 00:00:00-05:00,33.11234743436605,33.54621838742711,32.500979202214864,32.74749755859375,79200,0.0,0.0
2026-01-29 00:00:00-05:00,32.964435025160654,34.08855813212247,32.964435025160654,34.0688362121582,101700,0.0,0.0
2026-01-30 00:00:00-05:00,34.17730362882378,35.01546450770337,33.54621725956317,34.9168586730957,88100,0.0,0.0
2026-02-02 00:00:00-05:00,35.40003754545176,37.47079023819717,35.40003754545176,36.61290740966797,179400,0.0,0.0
2026-02-03 00:00:00-05:00,37.115804467746585,37.92438440478765,35.74516295889824,36.386112213134766,111700,0.0,0.0
2026-02-04 00:00:00-05:00,36.63263155073817,37.973688333486436,36.46499710191224,37.38204574584961,114600,0.0,0.0
2026-02-05 00:00:00-05:00,37.38204384430601,37.85535864265334,36.95803196549184,37.391902923583984,60100,0.0,0.0
2026-02-06 00:00:00-05:00,37.6285621266334,38.032852084493626,37.02705672947196,37.35246276855469,106100,0.0,0.0
2026-02-09 00:00:00-05:00,37.38225101089824,37.61061489593979,36.597868239949776,36.6375846862793,42700,0.26,0.0
2026-02-10 00:00:00-05:00,36.67729407229931,36.97516360562281,35.743980392248574,36.439002990722656,58300,0.0,0.0
2026-02-11 00:00:00-05:00,36.59786714974125,37.70990110086005,36.24042671856089,36.61772537231445,87500,0.0,0.0
2026-02-12 00:00:00-05:00,36.8560161668805,37.52125336115644,35.99220432363254,36.78651428222656,104500,0.0,0.0
2026-02-13 00:00:00-05:00,36.84608948303148,37.77940322444879,36.35957249583997,37.00495147705078,74600,0.0,0.0
2026-02-17 00:00:00-05:00,37.183669998657884,38.22620202360616,37.143953555071455,37.73968505859375,72500,0.0,0.0
2026-02-18 00:00:00-05:00,37.73968511209748,38.32548939933793,36.5382910986688,36.76665496826172,101800,0.0,0.0
2026-02-19 00:00:00-05:00,36.4787210496768,37.03473612303523,36.44893182248359,36.81630325317383,68500,0.0,0.0
2026-02-20 00:00:00-05:00,36.73686871283744,37.73968427333343,36.69715227007741,37.27302932739258,69200,0.0,0.0
2026-02-23 00:00:00-05:00,37.04466859963021,37.560971036523206,35.64469606812817,35.833343505859375,76000,0.0,0.0
2026-02-24 00:00:00-05:00,35.79362760202448,36.766657821367744,35.65462382605671,35.77376937866211,56100,0.0,0.0
2026-02-25 00:00:00-05:00,36.08156603794492,37.044669036148804,36.08156603794492,36.885807037353516,62400,0.0,0.0
2026-02-26 00:00:00-05:00,36.7467970042197,37.719830942449846,36.51843313302481,37.01487731933594,79300,0.0,0.0
2026-02-27 00:00:00-05:00,36.57800955592969,36.81630444333568,35.724124908447266,35.724124908447266,95000,0.0,0.0
2026-03-02 00:00:00-05:00,34.90002682143814,36.44893021469165,33.21211587840814,35.88298416137695,63400,0.0,0.0
2026-03-03 00:00:00-05:00,35.07874706038299,35.644693114245314,34.274506137098825,35.326969146728516,50100,0.0,0.0
2026-03-04 00:00:00-05:00,35.803555930299666,35.83334136933162,34.761020113358704,35.23760986328125,46800,0.0,0.0
2026-03-05 00:00:00-05:00,34.870237922487156,35.13831823250255,34.026284336843844,34.32415008544922,51000,0.0,0.0
2026-03-06 00:00:00-05:00,33.569556097260126,33.59934153540126,31.881645163841377,33.54969787597656,47600,0.0,0.0
2026-03-09 00:00:00-04:00,32.983753177445074,33.51991002379748,32.268872332217086,33.26176071166992,77000,0.0,0.0
2026-03-10 00:00:00-04:00,33.01353833860858,34.17521591474626,32.864603567918266,33.569557189941406,57400,0.0,0.0
2026-03-11 00:00:00-04:00,33.17240229604574,33.39083896267597,32.616383411700056,32.80503463745117,27200,0.0,0.0
2026-03-12 00:00:00-04:00,32.1000844828811,33.10290012199566,31.72278582221826,32.83481979370117,36900,0.0,0.0
2026-03-13 00:00:00-04:00,33.10289849057644,33.4702661278814,32.030577230246,32.735530853271484,43300,0.0,0.0
2026-03-16 00:00:00-04:00,33.20218551474528,33.370978506090296,32.66602867696166,32.904319763183594,24900,0.0,0.0
2026-03-17 00:00:00-04:00,33.013540602050846,33.420624710603455,31.98093571630853,32.49723815917969,65100,0.0,0.0
2026-03-18 00:00:00-04:00,32.368159470406,32.368159470406,31.663209634034178,31.971006393432617,66100,0.0,0.0
2026-03-19 00:00:00-04:00,31.69299823113224,32.94403785925666,31.13698124989395,32.72560119628906,42700,0.0,0.0
2026-03-20 00:00:00-04:00,32.735533095425595,32.864605865641515,32.01072498836623,32.21923065185547,104700,0.0,0.0
2026-03-23 00:00:00-04:00,32.95396450123453,34.03621300442717,32.43766208078249,33.06318283081055,92500,0.0,0.0
2026-03-24 00:00:00-04:00,32.88446206695864,33.748277684131985,32.88446206695864,33.26176071166992,34200,0.0,0.0
2026-03-25 00:00:00-04:00,33.66884673729957,33.97664351620413,32.96389685625268,33.1922607421875,48400,0.0,0.0
2026-03-26 00:00:00-04:00,33.06318199709601,33.50005530438398,32.98375289695092,33.29154586791992,32400,0.0,0.0
2026-03-27 00:00:00-04:00,33.162472591297636,33.241901690208174,32.59652653162425,33.07311248779297,54300,0.0,0.0
2026-03-30 00:00:00-04:00,33.241901135149185,33.648985202635686,32.93410438653513,33.41069412231445,43300,0.0,0.0
2026-03-31 00:00:00-04:00,33.738346638876735,33.946852289295556,33.25183345456615,33.67877197265625,44500,0.0,0.0
2026-04-01 00:00:00-04:00,33.857491914439116,34.40358354819503,33.847564697265625,33.847564697265625,22500,0.0,0.0
2026-04-02 00:00:00-04:00,33.39083912892905,33.907141569627406,32.9837550220896,33.7482795715332,31300,0.0,0.0
2026-04-06 00:00:00-04:00,33.57948410741423,34.254648496732116,33.42062212096111,34.15536117553711,30000,0.0,0.0
2026-04-07 00:00:00-04:00,34.32415226768819,34.48301426288232,34.03621371778361,34.363868713378906,34700,0.0,0.0
2026-04-08 00:00:00-04:00,35.38654191486699,35.72412412184388,34.99931604548116,35.25746536254883,43300,0.0,0.0
2026-04-09 00:00:00-04:00,35.20782084472639,36.439004095425794,35.08867530032599,36.31985855102539,44700,0.0,0.0
2026-04-10 00:00:00-04:00,36.141137810301394,36.141137810301394,35.446115200955504,35.96241760253906,36800,0.0,0.0
2026-04-13 00:00:00-04:00,35.85320172892089,36.031921948905726,35.42625940202031,35.833343505859375,33600,0.0,0.0
2026-04-14 00:00:00-04:00,35.71419795505908,36.42907504742965,35.46597584814333,35.833343505859375,54500,0.0,0.0
2026-04-15 00:00:00-04:00,35.76383863773367,36.10142082650172,35.33689634642206,35.604976654052734,36600,0.0,0.0
2026-04-16 00:00:00-04:00,35.39647373756731,35.97234705243755,35.267397182267416,35.44611740112305,45800,0.0,0.0
2026-04-17 00:00:00-04:00,36.03191943815945,37.560968419231,36.03191943815945,36.935447692871094,87900,0.0,0.0
2026-04-20 00:00:00-04:00,36.70708381882002,37.23331343670351,36.64750915379663,36.65743637084961,50200,0.0,0.0
2026-04-21 00:00:00-04:00,36.538293664914285,36.925519548706184,35.47590334205027,35.66455078125,43800,0.0,0.0
2026-04-22 00:00:00-04:00,35.67447907416147,36.03191948973592,35.346824097362045,35.54540252685547,39500,0.0,0.0
2026-04-23 00:00:00-04:00,35.52554701210741,35.92270390135661,35.34682679070215,35.803558349609375,24000,0.0,0.0
2026-04-24 00:00:00-04:00,35.63476342704216,36.14113862294425,35.21775212459912,36.012062072753906,67300,0.0,0.0
2026-04-27 00:00:00-04:00,36.071636962009975,36.92551779432022,36.071636962009975,36.81630325317383,39800,0.0,0.0
2026-04-28 00:00:00-04:00,36.975165517131735,37.134027508918365,36.30992832257179,36.64751052856445,52800,0.0,0.0
2026-04-29 00:00:00-04:00,36.3595735093978,36.637584847357935,34.790811748172544,35.24753952026367,45900,0.0,0.0
2026-04-30 00:00:00-04:00,35.108533017614235,35.98227583498328,35.02910013077682,35.82341384887695,43000,0.0,0.0
2026-05-01 00:00:00-04:00,36.06170436785951,36.69715230230433,35.90284238424831,36.29999923706055,26800,0.0,0.0
2026-05-04 00:00:00-04:00,36.029998779296875,36.47999954223633,35.81999969482422,35.81999969482422,30500,0.26,0.0
2026-05-05 00:00:00-04:00,35.779998779296875,36.810001373291016,35.779998779296875,36.599998474121094,24700,0.0,0.0
2026-05-06 00:00:00-04:00,36.75,37.72999954223633,36.75,36.849998474121094,33800,0.0,0.0
2026-05-07 00:00:00-04:00,36.849998474121094,37.84000015258789,36.5,37.7599983215332,52300,0.0,0.0
2026-05-08 00:00:00-04:00,37.65999984741211,38.20000076293945,37.439998626708984,37.97999954223633,60200,0.0,0.0
2026-05-11 00:00:00-04:00,37.939998626708984,38.0,37.099998474121094,37.540000915527344,77300,0.0,0.0
2026-05-12 00:00:00-04:00,37.380001068115234,37.79999923706055,36.75,37.290000915527344,86000,0.0,0.0
2026-05-13 00:00:00-04:00,37.06999969482422,37.79999923706055,36.880001068115234,36.939998626708984,54500,0.0,0.0
2026-05-14 00:00:00-04:00,37.02000045776367,37.869998931884766,37.02000045776367,37.459999084472656,50500,0.0,0.0
2026-05-15 00:00:00-04:00,37.060001373291016,37.459999084472656,36.77000045776367,37.27000045776367,91200,0.0,0.0
2026-05-18 00:00:00-04:00,37.41999816894531,38.099998474121094,37.0099983215332,37.9900016784668,91000,0.0,0.0
2026-05-19 00:00:00-04:00,37.9900016784668,38.279998779296875,37.75,37.900001525878906,83000,0.0,0.0
2026-05-20 00:00:00-04:00,37.93000030517578,38.8650016784668,37.93000030517578,38.2599983215332,78279,0.0,0.0
