Date,Open,High,Low,Close,Volume,Dividends,Stock Splits
2022-01-03 00:00:00-05:00,6.802180391524592,7.038367109870527,6.802180391524592,7.027870178222656,454200,0.0,0.0
2022-01-04 00:00:00-05:00,7.085603932990006,7.132841372630485,6.99112905370905,7.017372131347656,410500,0.0,0.0
2022-01-05 00:00:00-05:00,7.0698577623363,7.1590839193636615,6.859913657341611,6.865162372589111,618400,0.0,0.0
2022-01-06 00:00:00-05:00,6.964886975099516,6.991129554071257,6.786434635039059,6.817925930023193,496000,0.0,0.0
2022-01-07 00:00:00-05:00,6.85991479791493,7.017372777704659,6.765440410477188,7.012124061584473,615500,0.0,0.0
2022-01-10 00:00:00-05:00,6.975383874529068,7.017372601345058,6.775937171880559,6.833672046661377,385900,0.0,0.0
2022-01-11 00:00:00-05:00,6.849418260103578,7.253559914241235,6.844169543681558,7.2273173332214355,536700,0.0,0.0
2022-01-12 00:00:00-05:00,7.26930426046943,7.442507855074418,7.25355811510896,7.3165411949157715,668200,0.0,0.0
2022-01-13 00:00:00-05:00,7.342785151760295,7.400520023925305,7.2640564176835705,7.379525661468506,840000,0.0,0.0
2022-01-14 00:00:00-05:00,7.390022716621406,7.45825452088898,7.311293981221563,7.421514511108398,796500,0.0,0.0
2022-01-18 00:00:00-05:00,7.599966975977782,7.8728942157176585,7.599966975977782,7.783668041229248,1941700,0.0,0.0
2022-01-19 00:00:00-05:00,7.783667823879269,8.061843271580926,7.783667823879269,7.836153984069824,1304200,0.0,0.0
2022-01-20 00:00:00-05:00,7.762673490202927,7.841402230250849,7.631458589759642,7.636707305908203,975800,0.0,0.0
2022-01-21 00:00:00-05:00,7.563226538042575,7.704938866221994,7.494994731942681,7.552729606628418,1740400,0.0,0.0
2022-01-24 00:00:00-05:00,7.390022716621406,7.494994530669561,7.327039628192513,7.421514511108398,1438100,0.0,0.0
2022-01-25 00:00:00-05:00,7.390022183753268,7.715435034110735,7.342784745701448,7.6996893882751465,1384500,0.0,0.0
2022-01-26 00:00:00-05:00,7.799413576387071,7.872894101530939,7.6839448232904415,7.72593355178833,1027700,0.0,0.0
2022-01-27 00:00:00-05:00,7.799413000679757,7.8518991577004575,7.615712452197484,7.668198108673096,644200,0.0,0.0
2022-01-28 00:00:00-05:00,7.647204519105199,7.7521768437592895,7.557978343476307,7.689193248748779,929200,0.0,0.0
2022-01-31 00:00:00-05:00,7.66295109116599,7.783668570419242,7.59996749267845,7.736431121826172,807300,0.0,0.0
2022-02-01 00:00:00-05:00,7.720684835589812,7.809911008784106,7.668198674694889,7.72593355178833,1072200,0.0,0.0
2022-02-02 00:00:00-05:00,7.68394468621143,7.773170857813959,7.652452890127254,7.715435981750488,446900,0.0,0.0
2022-02-03 00:00:00-05:00,7.7206843648084575,7.7206843648084575,7.468751508638019,7.557977676391602,1171400,0.0,0.0
2022-02-04 00:00:00-05:00,7.657702070644488,7.809911343101202,7.557978460784312,7.731182098388672,987300,0.0,0.0
2022-02-07 00:00:00-05:00,7.725933663843566,7.809911122057334,7.64720442135931,7.783668041229248,781500,0.0,0.0
2022-02-08 00:00:00-05:00,7.731180988972561,7.794164575922568,7.662949687442693,7.7049384117126465,893500,0.0,0.0
2022-02-09 00:00:00-05:00,7.767921832075112,7.7994131263589095,7.689192595275424,7.710186958312988,516700,0.0,0.0
2022-02-10 00:00:00-05:00,7.657702139016448,7.899137590642602,7.636707773681354,7.652453422546387,1501900,0.0,0.0
2022-02-11 00:00:00-05:00,7.689193625825556,7.956872165839143,7.6734479765733346,7.935877799987793,1760100,0.0,0.0
2022-02-14 00:00:00-05:00,7.925379705001193,7.930627920285455,7.74167865533454,7.820407390594482,911500,0.0,0.0
2022-02-15 00:00:00-05:00,7.694442043327003,7.773171287618083,7.636707664616328,7.762673854827881,1801400,0.0,0.0
2022-02-16 00:00:00-05:00,7.815159449412777,8.10908053853406,7.778418937863784,8.040848731994629,2851100,0.0,0.0
2022-02-17 00:00:00-05:00,8.061844359069546,8.08808744270484,7.9411268751104584,8.046098709106445,769300,0.0,0.0
2022-02-18 00:00:00-05:00,8.014605905993006,8.067091562874408,7.956871032714845,7.956871032714844,737500,0.0,0.0
2022-02-22 00:00:00-05:00,8.145821002958515,8.229798456507348,8.014606106652186,8.088086128234863,2027400,0.0,0.0
2022-02-23 00:00:00-05:00,8.140573448330636,8.261290929892676,8.061844198988059,8.187810897827148,985400,0.0,0.0
2022-02-24 00:00:00-05:00,8.240294674074136,8.3452664819165,8.051345419957878,8.172062873840332,1441200,0.0,0.0
2022-02-25 00:00:00-05:00,8.172063312799887,8.277035626825867,8.093334577825493,8.2035551071167,991000,0.0,0.0
2022-02-28 00:00:00-05:00,8.124826092520317,8.497476916464176,8.124826092520317,8.486979484558105,1560700,0.0,0.0
2022-03-01 00:00:00-05:00,8.633939718892135,8.996092075902677,8.58145356537043,8.696922302246094,1554000,0.0,0.0
2022-03-02 00:00:00-05:00,8.749409707596401,9.0328333754205,8.59195222559304,8.733663558959961,1526900,0.0,0.0
2022-03-03 00:00:00-05:00,8.686425551075578,9.006590211631213,8.633940394536785,8.980347633361816,1012900,0.0,0.0
2022-03-04 00:00:00-05:00,9.001341935768503,9.206037860418597,8.943608060535608,9.195540428161621,1708500,0.0,0.0
2022-03-07 00:00:00-05:00,9.221783168211939,9.394986799105581,9.179794439543489,9.389738082885742,2392200,0.0,0.0
2022-03-08 00:00:00-05:00,9.573438410215815,9.657415861096553,9.148302439995804,9.457969665527344,2456000,0.0,0.0
2022-03-09 00:00:00-05:00,9.190291083132275,9.368743414928256,9.069573623708575,9.216533660888672,1428400,0.0,0.0
2022-03-10 00:00:00-05:00,9.253273932811556,9.400234975252896,9.20078877580912,9.269020080566406,2253000,0.0,0.0
2022-03-11 00:00:00-05:00,9.174545438277098,9.442223950630739,9.1483028590835,9.352997779846191,1687500,0.0,0.0
2022-03-14 00:00:00-04:00,9.269019804672336,9.300511098154493,8.812392545365459,8.864877700805664,2205000,0.0,0.0
2022-03-15 00:00:00-04:00,8.57620511079644,8.775651298937923,8.37150970648904,8.749408721923828,1600600,0.0,0.0
2022-03-16 00:00:00-04:00,8.791398095147159,8.917364276081129,8.597199607192572,8.744160652160645,1219000,0.0,0.0
2022-03-17 00:00:00-04:00,8.917364181710415,9.195540120677101,8.896370318988701,9.190291404724121,1484500,0.0,0.0
2022-03-18 00:00:00-04:00,9.153551238006436,9.158799953869886,8.9436076089194,9.011838912963867,1319100,0.0,0.0
2022-03-21 00:00:00-04:00,9.153551812347562,9.494710356156318,9.153551812347562,9.436975479125977,1204100,0.0,0.0
2022-03-22 00:00:00-04:00,9.473714249636007,9.473714249636007,9.263770634893987,9.368742942810059,791900,0.0,0.0
2022-03-23 00:00:00-04:00,9.557692301725979,10.040563146803597,9.510455861366927,9.793879508972168,2529800,0.0,0.0
2022-03-24 00:00:00-04:00,9.79388041307684,9.846366575208958,9.625925495126284,9.841117858886719,1136900,0.0,0.0
2022-03-25 00:00:00-04:00,9.804378334929122,10.024819426011117,9.778134752008453,9.977581977844238,1047500,0.0,0.0
2022-03-28 00:00:00-04:00,9.804378582246503,9.877858614097274,9.631174934962292,9.7256498336792,1160800,0.0,0.0
2022-03-29 00:00:00-04:00,9.547195253657698,9.783381444537909,9.515702960668241,9.7676362991333,1419000,0.0,0.0
2022-03-30 00:00:00-04:00,9.804377186859073,9.956585945614355,9.778133607011466,9.877857208251953,827900,0.0,0.0
2022-03-31 00:00:00-04:00,9.72564821954236,9.841116964871048,9.667913346332925,9.762388229370117,1278100,0.0,0.0
2022-04-01 00:00:00-04:00,9.862111679148297,10.014320432003508,9.772885513305528,9.935591697692871,1456900,0.0,0.0
2022-04-04 00:00:00-04:00,9.951338394923567,10.156034337343486,9.898853231262882,9.977581977844238,737600,0.0,0.0
2022-04-05 00:00:00-04:00,10.03531577480256,10.229513261979665,10.03531577480256,10.135038375854492,1144500,0.0,0.0
2022-04-06 00:00:00-04:00,10.219015973657422,10.281999565656692,9.935592312386287,9.946089744567871,1044500,0.0,0.0
2022-04-07 00:00:00-04:00,9.935591899664423,10.077304224958414,9.830619584389572,10.06680679321289,778800,0.0,0.0
2022-04-08 00:00:00-04:00,10.114044607206832,10.156033334644054,9.993327140961098,10.040563583374023,1027900,0.0,0.0
2022-04-11 00:00:00-04:00,10.04056339894628,10.045812114915801,9.856863345464077,9.877857208251953,886400,0.0,0.0
2022-04-12 00:00:00-04:00,10.072054596178544,10.245258199920151,9.977579721212194,10.01956844329834,840300,0.0,0.0
2022-04-13 00:00:00-04:00,10.108795780873269,10.213767097776174,9.946089588965126,10.119293212890625,1185100,0.0,0.0
2022-04-14 00:00:00-04:00,10.135039461949296,10.323989254447948,10.014321983893078,10.313491821289062,1006900,0.0,0.0
2022-04-18 00:00:00-04:00,10.360728127071024,10.397468137985957,10.05106089065913,10.150784492492676,1318700,0.0,0.0
2022-04-19 00:00:00-04:00,10.179788162412962,10.22528437993767,9.99211612953412,10.1570405960083,1225600,1.491,0.0
2022-04-20 00:00:00-04:00,10.191162176895398,10.270780283954506,10.077421094197797,10.259407043457031,860400,0.0,0.0
2022-04-21 00:00:00-04:00,10.276466698789994,10.35608480005566,9.889748347416278,9.9352445602417,1164900,0.0,0.0
2022-04-22 00:00:00-04:00,9.867000683416602,9.952305946010785,9.798755822512097,9.8385648727417,1002900,0.0,0.0
2022-04-25 00:00:00-04:00,9.576962931443584,9.576962931443584,9.224366434947134,9.485970497131348,1593700,0.0,0.0
2022-04-26 00:00:00-04:00,9.57127593642497,9.582650262092153,9.360855250443656,9.37222957611084,955500,0.0,0.0
2022-04-27 00:00:00-04:00,9.40066376227248,9.531465230646711,9.21299176012656,9.508716583251953,1280800,0.0,0.0
2022-04-28 00:00:00-04:00,9.531466714287467,9.531466714287467,9.241427923148946,9.485970497131348,803300,0.0,0.0
2022-04-29 00:00:00-04:00,9.531465058571499,9.594022753062497,9.17318146157875,9.23005199432373,945300,0.0,0.0
2022-05-02 00:00:00-04:00,9.12768696843009,9.235740892489348,9.031007912359062,9.190244674682617,1208400,0.0,0.0
2022-05-03 00:00:00-04:00,9.218679433750049,9.412038631230587,9.139061323510557,9.37222957611084,1545600,0.0,0.0
2022-05-04 00:00:00-04:00,9.582651093260763,9.724826922286248,9.303986598536673,9.696391105651855,2511700,0.0,0.0
2022-05-05 00:00:00-04:00,9.781696260574689,9.781696260574689,9.218679092744845,9.292611122131348,1145200,0.0,0.0
2022-05-06 00:00:00-04:00,9.343794175793972,9.343794175793972,9.1220002647852,9.241427421569824,771800,0.0,0.0
2022-05-09 00:00:00-04:00,9.099252230934693,9.122000882175419,8.576045184267333,8.587419509887695,1378700,0.0,0.0
2022-05-10 00:00:00-04:00,8.712533454788845,8.843335481887875,8.422495214862199,8.621541023254395,1015800,0.0,0.0
2022-05-11 00:00:00-04:00,8.866084691061369,8.866084691061369,8.536236814598492,8.598793983459473,1025700,0.0,0.0
2022-05-12 00:00:00-04:00,8.576045501335193,8.632916046824194,8.359938187777795,8.485053062438965,959200,0.0,0.0
2022-05-13 00:00:00-04:00,8.570358045412439,8.678411969677123,8.524861827519212,8.615854263305664,994400,0.0,0.0
2022-05-16 00:00:00-04:00,8.587419370525145,8.826274781099487,8.587419370525145,8.729595184326172,1311700,0.0,0.0
2022-05-17 00:00:00-04:00,8.860396556226508,8.860396556226508,8.718220744294301,8.75234317779541,1313800,0.0,0.0
2022-05-18 00:00:00-04:00,8.75802982171136,8.78646509264606,8.018716031555249,8.058525085449219,2084200,0.0,0.0
2022-05-19 00:00:00-04:00,7.961846299699116,8.240510790022729,7.899289131164551,7.899289131164551,2048400,0.0,0.0
2022-05-20 00:00:00-04:00,8.024402251134303,8.172265218724634,7.853791718761397,8.06421184539795,1341600,0.0,0.0
2022-05-23 00:00:00-04:00,8.14951736090678,8.359937493980823,8.052837767013616,8.320128440856934,1157400,0.0,0.0
2022-05-24 00:00:00-04:00,8.257571393715098,8.32012855553742,8.121082202459073,8.297380447387695,1075600,0.0,0.0
2022-05-25 00:00:00-04:00,8.303067790483949,8.496426442780466,8.303067790483949,8.490739822387695,1383200,0.0,0.0
2022-05-26 00:00:00-04:00,8.502113149105469,8.689785170934275,8.502113149105469,8.581731796264648,1464300,0.0,0.0
2022-05-27 00:00:00-04:00,8.570357995612655,8.71253381129227,8.473678397561903,8.706847190856934,1409500,0.0,0.0
2022-05-31 00:00:00-04:00,9.542841153856854,9.986429005254037,9.423412904446957,9.611084938049316,3414500,0.0,0.0
2022-06-01 00:00:00-04:00,9.74188543354153,9.895435559367675,9.67932881853906,9.849939346313477,1483900,0.0,0.0
2022-06-02 00:00:00-04:00,9.844253220139658,9.844253220139658,9.679329837229249,9.793069839477539,900900,0.0,0.0
2022-06-03 00:00:00-04:00,9.753259708940016,9.98074077306712,9.724824982692358,9.9352445602417,1096000,0.0,0.0
2022-06-06 00:00:00-04:00,9.9636809091982,9.980741311981868,9.77600888557049,9.787382125854492,1142900,0.0,0.0
2022-06-07 00:00:00-04:00,9.753260224778296,9.918184682940153,9.741885899791548,9.912497520446777,862500,0.0,0.0
2022-06-08 00:00:00-04:00,9.992115845505182,10.00917733336024,9.69638989764299,9.713451385498047,1577600,0.0,0.0
2022-06-09 00:00:00-04:00,9.633834472146416,9.656582040723466,9.343795650959466,9.360856056213379,980000,0.0,0.0
2022-06-10 00:00:00-04:00,9.195931163558997,9.224365890836046,8.974136711237486,9.059442520141602,1086500,0.0,0.0
2022-06-13 00:00:00-04:00,8.940014894944458,9.059442594504395,8.439555989281756,8.581731796264648,1367000,0.0,0.0
2022-06-14 00:00:00-04:00,8.689786049955478,8.809213761596205,8.371312513818681,8.485053062438965,1366000,0.0,0.0
2022-06-15 00:00:00-04:00,8.507800039598978,8.564670577517335,8.297379917073291,8.445242881774902,1075700,0.0,0.0
2022-06-16 00:00:00-04:00,8.23482372607597,8.29169427441691,8.05283883915735,8.177953720092773,1454100,0.0,0.0
2022-06-17 00:00:00-04:00,8.030089683476112,8.177952656037515,7.7286771181453044,7.779860496520996,5979500,0.0,0.0
2022-06-21 00:00:00-04:00,7.080354598467028,7.250965663732253,6.682262474419919,6.926805019378662,4664500,0.0,0.0
2022-06-22 00:00:00-04:00,6.682263401376151,6.687950564224021,6.511652312443943,6.562835693359375,3120900,0.0,0.0
2022-06-23 00:00:00-04:00,6.557147768230766,6.653827355974577,6.141994691037162,6.1533684730529785,3305900,0.0,0.0
2022-06-24 00:00:00-04:00,6.215925686833113,6.392223361989017,6.130619887768804,6.272795677185059,1875400,0.0,0.0
2022-06-27 00:00:00-04:00,6.42634532397597,6.807376455363511,6.403597221013619,6.693635940551758,2901300,0.0,0.0
2022-06-28 00:00:00-04:00,6.804696250733886,7.080810946207798,6.755609219768016,7.043995380401611,3058800,0.861,0.0
2022-06-29 00:00:00-04:00,7.1114914869521515,7.172849991706645,6.780153688754209,6.792425155639648,2567000,0.0,0.0
2022-06-30 00:00:00-04:00,6.7494734813109245,6.835376081731956,6.546989323684684,6.663570880889893,1655500,0.0,0.0
2022-07-01 00:00:00-04:00,6.645163958488236,6.798561096191406,6.467223302159105,6.798561096191406,1286800,0.0,0.0
2022-07-05 00:00:00-04:00,6.66357102839432,6.743337605158788,6.092934110254053,6.252466678619385,1721100,0.0,0.0
2022-07-06 00:00:00-04:00,6.203379903178367,6.209515928992354,5.884314167978253,6.068390846252441,1346600,0.0,0.0
2022-07-07 00:00:00-04:00,6.215651458005543,6.393592096243414,6.215651458005543,6.3199615478515625,1094800,0.0,0.0
2022-07-08 00:00:00-04:00,6.362913046467929,6.4426796263471,6.21565193830498,6.369049072265625,1009100,0.0,0.0
2022-07-11 00:00:00-04:00,6.227923358234058,6.246331435489697,6.080662251170679,6.172700881958008,1275000,0.0,0.0
2022-07-12 00:00:00-04:00,6.037711397836127,6.209516027199535,5.982488334964123,6.111341953277588,1666800,0.0,0.0
2022-07-13 00:00:00-04:00,6.019302901408217,6.234058506006085,6.01316687652051,6.166563987731934,891600,0.0,0.0
2022-07-14 00:00:00-04:00,5.970216467144274,5.982488519344562,5.730917300875232,5.841363430023193,1891600,0.0,0.0
2022-07-15 00:00:00-04:00,5.933400700129773,6.007031248151922,5.822954585514759,5.878177642822266,1886000,0.0,0.0
2022-07-18 00:00:00-04:00,6.013167381286621,6.129748938121605,5.957944322988727,6.013167381286621,1882500,0.0,0.0
2022-07-19 00:00:00-04:00,6.043847454502136,6.277010588671425,6.043847454502136,6.258603096008301,1836500,0.0,0.0
2022-07-20 00:00:00-04:00,6.234059163834404,6.289282223323912,6.099069527878228,6.246331214904785,1032800,0.0,0.0
2022-07-21 00:00:00-04:00,6.092934114728076,6.111341606252283,5.847498358696349,5.951808452606201,1376900,0.0,0.0
2022-07-22 00:00:00-04:00,5.92112918209574,5.964080777844448,5.7125095698513455,5.724781036376953,1314800,0.0,0.0
2022-07-25 00:00:00-04:00,5.7800040700655115,5.994760292256053,5.743188500343499,5.976352214813232,2003300,0.0,0.0
2022-07-26 00:00:00-04:00,6.11747773423361,6.22792327039154,6.025439104744451,6.086798191070557,1670900,0.0,0.0
2022-07-27 00:00:00-04:00,6.1174776044838,6.252466655276373,5.957944451550465,6.246331214904785,1977100,0.0,0.0
2022-07-28 00:00:00-04:00,6.344505943945217,6.399729009189267,6.148157787667406,6.375185489654541,1693500,0.0,0.0
2022-07-29 00:00:00-04:00,6.49176600888043,6.7249296992478405,6.49176600888043,6.589940071105957,1695500,0.0,0.0
2022-08-01 00:00:00-04:00,6.522445810504754,6.577668869006344,6.375184711276243,6.454951286315918,1219000,0.0,0.0
2022-08-02 00:00:00-04:00,6.497901832066422,6.608347941218592,6.448814802479579,6.504037857055664,1892700,0.0,0.0
2022-08-03 00:00:00-04:00,6.504038503988448,6.528582021223123,6.338369323781689,6.491766452789307,1635900,0.0,0.0
2022-08-04 00:00:00-04:00,6.5715326376606695,6.614483643965542,6.191107850659238,6.234058856964111,1942100,0.0,0.0
2022-08-05 00:00:00-04:00,6.234058865274167,6.332232928481072,6.197243884153365,6.32609748840332,1185300,0.0,0.0
2022-08-08 00:00:00-04:00,6.369048191824334,6.645162877751366,6.369048191824334,6.565396308898926,1535200,0.0,0.0
2022-08-09 00:00:00-04:00,6.6574359059445065,6.749473953057105,6.589940791909211,6.6144843101501465,1118900,0.0,0.0
2022-08-10 00:00:00-04:00,6.69425071838775,6.7003867440809275,6.565397104649132,6.626756191253662,1136800,0.0,0.0
2022-08-11 00:00:00-04:00,6.749473656807404,6.835376259462033,6.706522648061893,6.743337631225586,999600,0.0,0.0
2022-08-12 00:00:00-04:00,6.681978221241595,6.896733820896825,6.675842196495109,6.884462356567383,869500,0.0,0.0
2022-08-15 00:00:00-04:00,6.620620336001288,6.639027828391081,6.418136164222665,6.6144843101501465,990900,0.0,0.0
2022-08-16 00:00:00-04:00,6.657435482858043,6.7187939819791715,6.510173797607422,6.510173797607422,1501800,0.0,0.0
2022-08-17 00:00:00-04:00,6.473359354104207,6.540853884305755,6.362913227261995,6.405864238739014,1105100,0.0,0.0
2022-08-18 00:00:00-04:00,6.497901439666748,6.504037464285444,6.381319312565575,6.497901439666748,1365800,0.0,0.0
2022-08-19 00:00:00-04:00,6.424271591487137,6.48563008879053,6.356776483740751,6.381319999694824,999000,0.0,0.0
2022-08-22 00:00:00-04:00,6.313826177302059,6.454951848561204,6.240195621274365,6.448815822601318,1003700,0.0,0.0
2022-08-23 00:00:00-04:00,6.504039023332658,6.835376825039724,6.461087425869608,6.829240798950195,1902900,0.0,0.0
2022-08-24 00:00:00-04:00,6.841511326534533,6.970364930903048,6.76174533897821,6.878326892852783,883000,0.0,0.0
2022-08-25 00:00:00-04:00,6.866055403389833,6.896734946967964,6.688114752833024,6.872191429138184,892200,0.0,0.0
2022-08-26 00:00:00-04:00,6.823104754233439,6.921278830743271,6.669707613395915,6.731066703796387,836900,0.0,0.0
2022-08-29 00:00:00-04:00,6.724929623946874,6.9765008018737635,6.700386108665313,6.939685821533203,1056000,0.0,0.0
2022-08-30 00:00:00-04:00,6.810832383823413,6.841511339790561,6.522445633456328,6.583804130554199,1217000,0.0,0.0
2022-08-31 00:00:00-04:00,6.4549510926532765,6.55312515586018,6.301553972601595,6.32609748840332,1631800,0.0,0.0
2022-09-01 00:00:00-04:00,6.289282279289433,6.289282279289433,6.000895513368889,6.04998254776001,1385100,0.0,0.0
2022-09-02 00:00:00-04:00,6.1911076342688185,6.350640773773193,6.129748554409119,6.350640773773193,1125400,0.0,0.0
2022-09-06 00:00:00-04:00,6.473359567793446,6.5101745545137035,6.356777411130748,6.375185489654541,1286000,0.0,0.0
2022-09-07 00:00:00-04:00,6.289282492386454,6.3874565644950865,6.160428876452967,6.369049072265625,1031200,0.0,0.0
2022-09-08 00:00:00-04:00,6.344505468195745,6.448815564687444,6.2156518540097405,6.283146381378174,932100,0.0,0.0
2022-09-09 00:00:00-04:00,6.405863165745838,6.645162872099632,6.326097182124785,6.6083478927612305,1031100,0.0,0.0
2022-09-12 00:00:00-04:00,6.724930383131986,6.909007061106102,6.712658331524019,6.767881393432617,906800,0.0,0.0
2022-09-13 00:00:00-04:00,6.6083481394386485,6.731065717086717,6.583804038745466,6.632891654968262,1258100,0.0,0.0
2022-09-14 00:00:00-04:00,6.681978878817282,6.866054958018601,6.663570802766282,6.761745452880859,944300,0.0,0.0
2022-09-15 00:00:00-04:00,6.626755568764071,6.64516305895086,6.362912340377982,6.39359188079834,1267200,0.0,0.0
2022-09-16 00:00:00-04:00,6.319961385760086,6.338368876095046,6.129748701753603,6.289281845092773,1774900,0.0,0.0
2022-09-19 00:00:00-04:00,6.129748814874679,6.381319999694824,6.0867978082459455,6.381319999694824,998900,0.0,0.0
2022-09-20 00:00:00-04:00,6.319961098943357,6.3322325635552295,6.15429193795652,6.166563987731934,949700,0.0,0.0
2022-09-21 00:00:00-04:00,6.160429066269278,6.264739167389629,6.031575446365528,6.056118965148926,1026200,0.0,0.0
2022-09-22 00:00:00-04:00,6.160428853511695,6.301554520515026,6.117477843415023,6.178836345672607,1074400,0.0,0.0
2022-09-23 00:00:00-04:00,6.00703119038639,6.00703119038639,5.595926862343348,5.638877868652344,2243700,0.0,0.0
2022-09-26 00:00:00-04:00,5.5836561940826686,5.6818302711820605,5.270725884455613,5.301405429840088,1711800,0.0,0.0
2022-09-27 00:00:00-04:00,5.405714758321012,5.645013890664353,5.368899192103189,5.430258274078369,1421400,0.0,0.0
2022-09-28 00:00:00-04:00,5.467073399995244,5.63274257461987,5.417986367179856,5.6204705238342285,1415000,0.0,0.0
2022-09-29 00:00:00-04:00,5.552976772893862,5.6450148259421145,5.3750361078805495,5.6327433586120605,939000,0.0,0.0
2022-09-30 00:00:00-04:00,5.61433436613466,5.632742441879319,5.467073271158833,5.479345321655273,1239300,0.0,0.0
2022-10-03 00:00:00-04:00,5.755459755594253,5.914992893709134,5.7309162408968515,5.9088568687438965,1696100,0.0,0.0
2022-10-04 00:00:00-04:00,6.037711204435127,6.295418432807136,6.007031661026342,6.283146381378174,1641100,0.0,0.0
2022-10-05 00:00:00-04:00,6.258602704177484,6.295418272362471,6.068390593185263,6.252466678619385,1566000,0.0,0.0
2022-10-06 00:00:00-04:00,6.203379105146575,6.326097264984746,6.142020610391043,6.307689189910889,1082500,0.0,0.0
2022-10-07 00:00:00-04:00,6.319962185103571,6.412000233582836,6.209516058797541,6.258603096008301,1062700,0.0,0.0
2022-10-10 00:00:00-04:00,6.270874749529489,6.295418266575719,5.9579444683173595,5.994760036468506,1166400,0.0,0.0
2022-10-11 00:00:00-04:00,5.896584635436164,5.994759276336193,5.761595601380241,5.829090118408203,1368500,0.0,0.0
2022-10-12 00:00:00-04:00,5.780003470259476,5.835226526530039,5.694100873264869,5.74318790435791,1380300,0.0,0.0
2022-10-13 00:00:00-04:00,5.681829228841522,6.025438435653743,5.6450136641012945,5.957943916320801,1640000,0.0,0.0
2022-10-14 00:00:00-04:00,5.951808287919892,5.951808287919892,5.614334498441408,5.6204705238342285,999800,0.0,0.0
2022-10-17 00:00:00-04:00,5.700237613473624,5.872042243850243,5.614335005703494,5.7677321434021,861900,0.0,0.0
2022-10-18 00:00:00-04:00,5.816819180652562,5.829091232546999,5.645014550275944,5.7677321434021,1487200,0.0,0.0
2022-10-19 00:00:00-04:00,5.786139989639905,5.988624156484068,5.767731912535077,5.884314060211182,1808000,0.0,0.0
2022-10-20 00:00:00-04:00,5.964080360235676,6.03157488430959,5.75546017743537,5.761596202850342,1680400,0.0,0.0
2022-10-21 00:00:00-04:00,5.755460145843913,5.908857269394667,5.718644578719753,5.872041702270508,3345900,0.0,0.0
2022-10-24 00:00:00-04:00,5.8413632738933945,5.859770766538168,5.663422032727234,5.718645095825195,2261300,0.0,0.0
2022-10-25 00:00:00-04:00,5.681829204976831,5.780003263653689,5.626606150680212,5.657285690307617,1611900,0.0,0.0
2022-10-26 00:00:00-04:00,5.66342218860463,5.890450473181235,5.645014695453217,5.749324798583984,1899000,0.0,0.0
2022-10-27 00:00:00-04:00,5.872042336808329,6.000895957921537,5.85977086988327,5.902721881866455,1207300,0.0,0.0
2022-10-28 00:00:00-04:00,5.976352382811972,6.1481575994594015,5.970216356825211,6.056118965148926,2547100,0.0,0.0
2022-10-31 00:00:00-04:00,5.9518084789777665,6.178836159327607,5.921128936192414,6.04998254776001,1419600,0.0,0.0
2022-11-01 00:00:00-04:00,6.2647387297355825,6.369048823568841,6.209515670039904,6.252466678619385,1788300,0.0,0.0
2022-11-02 00:00:00-04:00,6.22178774297626,6.301554320020474,6.056118563308213,6.0929341316223145,1376200,0.0,0.0
2022-11-03 00:00:00-04:00,6.068389939469031,6.074525379202586,5.896584753331581,5.964079856872559,1037000,0.0,0.0
2022-11-04 00:00:00-04:00,6.1174774169921875,6.221787507239064,6.00089527605105,6.1174774169921875,1853900,0.0,0.0
2022-11-07 00:00:00-05:00,6.1788354894328315,6.270874107810281,6.117476995678077,6.264738082885742,1093700,0.0,0.0
2022-11-08 00:00:00-05:00,6.21565105381652,6.3076890870304245,6.117476995678077,6.264738082885742,1483600,0.0,0.0
2022-11-09 00:00:00-05:00,6.436543030253311,6.522445628318963,6.000895184998177,6.031574726104736,1472700,0.0,0.0
2022-11-10 00:00:00-05:00,6.166564664919161,6.36904882714115,5.988624019779728,6.344505310058594,2224000,0.0,0.0
2022-11-11 00:00:00-05:00,5.970215900319979,6.166564620737242,5.78613981610147,6.105205535888672,5996200,0.0,0.0
2022-11-14 00:00:00-05:00,6.135885358425809,6.52244620622627,6.135885358425809,6.369049072265625,2315600,0.0,0.0
2022-11-15 00:00:00-05:00,6.497902375052715,6.497902375052715,6.246331181107136,6.356776714324951,2617600,0.0,0.0
2022-11-16 00:00:00-05:00,6.289282268861238,6.32609783717534,6.080662080463078,6.0929341316223145,2147500,0.0,0.0
2022-11-17 00:00:00-05:00,5.970215608092602,6.203379299875337,5.90885711141098,6.184971809387207,2082500,0.0,0.0
2022-11-18 00:00:00-05:00,6.135885374715404,6.135885374715404,6.019303810067808,6.068390846252441,1254500,0.0,0.0
2022-11-21 00:00:00-05:00,6.031574866333369,6.037710891730052,5.706373127435773,5.921128749847412,2906300,0.0,0.0
2022-11-22 00:00:00-05:00,6.013167149414097,6.289281845092773,5.964080118411824,6.289281845092773,1632400,0.0,0.0
2022-11-23 00:00:00-05:00,6.197243808254404,6.350640926427398,6.166564267587091,6.289281845092773,1144300,0.0,0.0
2022-11-25 00:00:00-05:00,6.319961722270449,6.442679306310307,6.2770101289838,6.399728298187256,1306200,0.0,0.0
2022-11-28 00:00:00-05:00,6.234059545680021,6.234059545680021,6.086798434797101,6.111341953277588,1886400,0.0,0.0
2022-11-29 00:00:00-05:00,6.209515613258798,6.362912739826941,6.1727006305740595,6.356776714324951,2273100,0.0,0.0
2022-11-30 00:00:00-05:00,6.356777216536459,6.436543798873413,5.927265345245177,6.056118965148926,11628800,0.0,0.0
2022-12-01 00:00:00-05:00,5.982487833487075,5.982487833487075,5.767731625911846,5.921128749847412,6779300,0.0,0.0
2022-12-02 00:00:00-05:00,5.945671702844136,6.043846344397044,5.878177185367325,5.927264213562012,2247900,0.0,0.0
2022-12-05 00:00:00-05:00,6.007032182215601,6.0131682084624645,5.583656318964503,5.6327433586120605,3143200,0.0,0.0
2022-12-06 00:00:00-05:00,5.602063266314404,5.724780853467766,5.583655774532303,5.6879658699035645,3424500,0.0,0.0
2022-12-07 00:00:00-05:00,5.675693366465295,5.829090484477871,5.663421316145778,5.694100856781006,2219900,0.0,0.0
2022-12-08 00:00:00-05:00,5.829090484477871,5.908857056064038,5.669557341305536,5.694100856781006,2247100,0.0,0.0
2022-12-09 00:00:00-05:00,5.700237483984694,5.737053053668044,5.5652478420305815,5.57751989364624,2085000,0.0,0.0
2022-12-12 00:00:00-05:00,5.577519661967909,5.63274272161727,5.510024551212642,5.602063179016113,1552000,0.0,0.0
2022-12-13 00:00:00-05:00,5.718645106151637,5.85363475117223,5.712509665368061,5.7677321434021,2617800,0.0,0.0
2022-12-14 00:00:00-05:00,5.749324044574053,5.804547101949578,5.614334413785389,5.626606464385986,2577100,0.0,0.0
2022-12-15 00:00:00-05:00,5.669557690844266,5.706373258909002,5.497753071923907,5.552976131439209,1617200,0.0,0.0
2022-12-16 00:00:00-05:00,5.522296351854208,5.534568402403512,5.4057147974537045,5.485480785369873,2081800,0.0,0.0
2022-12-19 00:00:00-05:00,5.559112799140724,5.694101865589672,5.454802693598748,5.6327433586120605,3106400,0.0,0.0
2022-12-20 00:00:00-05:00,5.724780490658316,5.8168185288995,5.663421408388476,5.780003547668457,3317800,0.0,0.0
2022-12-21 00:00:00-05:00,5.884313354046495,5.988623437801337,5.822954274721218,5.9088568687438965,4432100,0.0,0.0
2022-12-22 00:00:00-05:00,5.927264760374952,5.927264760374952,5.681829596759182,5.872041702270508,2088600,0.0,0.0
2022-12-23 00:00:00-05:00,5.98862352626461,6.166564156740174,5.951807961092899,6.154292106628418,4794000,0.0,0.0
2022-12-27 00:00:00-05:00,6.215652084739796,6.270875147892811,6.129749477039145,6.258603096008301,2868900,0.0,0.0
2022-12-28 00:00:00-05:00,6.264738688364073,6.289282205270781,6.074525993464388,6.105205535888672,2259900,0.0,0.0
2022-12-29 00:00:00-05:00,6.0806620094901875,6.203379593832167,6.06839054363779,6.148157119750977,1360000,0.0,0.0
2022-12-30 00:00:00-05:00,6.11747688786256,6.528581187944573,6.111340863046164,6.424271106719971,2934400,0.0,0.0
2023-01-03 00:00:00-05:00,6.424271671273578,6.424271671273578,5.976351768094314,6.074525833129883,3148500,0.0,0.0
2023-01-04 00:00:00-05:00,6.013167320035994,6.160428417221304,5.829090655972565,6.0254387855529785,2790500,0.0,0.0
2023-01-05 00:00:00-05:00,6.056117916759778,6.270874107810281,5.957943858621334,6.264738082885742,2465900,0.0,0.0
2023-01-06 00:00:00-05:00,6.326097080387775,6.7494728469518925,6.326097080387775,6.724929332733154,3369900,0.0,0.0
2023-01-09 00:00:00-05:00,6.835376433036545,6.951957996233471,6.675843274839809,6.823104381561279,2304300,0.0,0.0
2023-01-10 00:00:00-05:00,6.85991884274497,6.884462356567383,6.589939605534901,6.884462356567383,2082100,0.0,0.0
2023-01-11 00:00:00-05:00,6.9703654391493695,7.0255885000715645,6.829240359160308,6.97650146484375,1729300,0.0,0.0
2023-01-12 00:00:00-05:00,6.964229386972279,7.166713535794371,6.945821311505859,7.086946964263916,3795200,0.0,0.0
2023-01-13 00:00:00-05:00,7.099219479810239,7.197393556169364,7.013317455577833,7.129899024963379,1814600,0.0,0.0
2023-01-17 00:00:00-05:00,7.185121346535949,7.203528837659731,7.043995687484035,7.056267738342285,1279600,0.0,0.0
2023-01-18 00:00:00-05:00,7.1298988953228175,7.4980522601391755,7.1298988953228175,7.338519096374512,3434600,0.0,0.0
2023-01-19 00:00:00-05:00,7.28329484091985,7.387604924370988,7.246479861562711,7.313974380493164,1204700,0.0,0.0
2023-01-20 00:00:00-05:00,7.332382765609962,7.424421395569756,7.258752212740297,7.418285369873047,1137500,0.0,0.0
2023-01-23 00:00:00-05:00,7.485779166644713,7.577817787624129,7.363061590502385,7.393741130828857,2067900,0.0,0.0
2023-01-24 00:00:00-05:00,7.479643920926317,7.479643920926317,7.2526162351158145,7.264888286590576,1274400,0.0,0.0
2023-01-25 00:00:00-05:00,7.221936249904322,7.246479764200502,7.117626167854672,7.228071689605713,1419100,0.0,0.0
2023-01-26 00:00:00-05:00,7.320111603682786,7.38760613366154,7.20966547720515,7.338519096374512,1177400,0.0,0.0
2023-01-27 00:00:00-05:00,7.117625733761587,7.172848198687404,6.866053996114293,6.921277046203613,3050400,0.0,0.0
2023-01-30 00:00:00-05:00,6.896734934922014,6.915143012134914,6.749473828200544,6.823104381561279,1996300,0.0,0.0
2023-01-31 00:00:00-05:00,6.810832236594714,7.0071803593252,6.774016671000966,6.988772869110107,1330000,0.0,0.0
2023-02-01 00:00:00-05:00,6.9887735777023545,7.037860613361914,6.767881332070714,6.872191429138184,2159500,0.0,0.0
2023-02-02 00:00:00-05:00,6.859920329806411,6.902871342015472,6.596077060148118,6.639028072357178,2437700,0.0,0.0
2023-02-03 00:00:00-05:00,6.681978755211356,6.749473277325727,6.553125151055867,6.5776686668396,2053300,0.0,0.0
2023-02-06 00:00:00-05:00,6.577669567081899,6.66357159150002,6.356777309632665,6.639028072357178,2625600,0.0,0.0
2023-02-07 00:00:00-05:00,6.7003871585961505,6.731066703796387,6.516310472558391,6.731066703796387,2242700,0.0,0.0
2023-02-08 00:00:00-05:00,6.749473877965307,6.859920001402554,6.596076744375186,6.669707298278809,1919500,0.0,0.0
2023-02-09 00:00:00-05:00,6.614484025505591,6.639027542690331,6.411999862440575,6.442679405212402,2932200,0.0,0.0
2023-02-10 00:00:00-05:00,6.473358706333258,6.737201359929056,6.467222680975229,6.718793869018555,2189600,0.0,0.0
2023-02-13 00:00:00-05:00,6.632892313908811,6.718794334214557,6.596076744375186,6.669707298278809,1487800,0.0,0.0
2023-02-14 00:00:00-05:00,6.675842668135077,6.761745265164198,6.5838040459259695,6.589940071105957,1395300,0.0,0.0
2023-02-15 00:00:00-05:00,6.534718091224611,6.534718091224611,6.362913454029947,6.47335958480835,1590000,0.0,0.0
2023-02-16 00:00:00-05:00,6.473358418548599,6.681978590138313,6.42427138819379,6.5469889640808105,1777500,0.0,0.0
2023-02-17 00:00:00-05:00,6.448815490441437,6.448815490441437,6.301554385971045,6.338369369506836,2133400,0.0,0.0
2023-02-21 00:00:00-05:00,6.319961502391431,6.4488151074412094,6.319961502391431,6.381319999694824,1782700,0.0,0.0
2023-02-22 00:00:00-05:00,6.36904882714115,6.442679378388817,6.307689741852957,6.344505310058594,1330100,0.0,0.0
2023-02-23 00:00:00-05:00,6.448815613720406,6.688114766768459,6.448815613720406,6.571533203125,2708000,0.0,0.0
2023-02-24 00:00:00-05:00,6.522446263037548,6.6758433983343,6.412000138371523,6.6144843101501465,2282200,0.0,0.0
2023-02-27 00:00:00-05:00,6.651298782649189,6.970364467136473,6.608347779105246,6.927413463592529,3258400,0.0,0.0
2023-02-28 00:00:00-05:00,7.007180718131001,7.031724234729073,6.798560534465589,6.804696559906006,3867000,0.0,0.0
2023-03-01 00:00:00-05:00,7.068539440260259,7.142169986284191,6.761745205912093,6.988772869110107,6727400,0.0,0.0
2023-03-02 00:00:00-05:00,6.988772841624174,7.074674852399139,6.829239699951295,6.847647190093994,3190600,0.0,0.0
2023-03-03 00:00:00-05:00,6.841510967560851,7.037859669016492,6.804695988337855,7.0133161544799805,2256000,0.0,0.0
2023-03-06 00:00:00-05:00,7.105354884583754,7.191257486468519,7.056267850696345,7.148305892944336,2051800,0.0,0.0
2023-03-07 00:00:00-05:00,7.111491243003591,7.148306227560677,6.872191502728016,6.9090070724487305,1945700,0.0,0.0
2023-03-08 00:00:00-05:00,6.92741474616147,7.043996313863773,6.866055656741114,6.945822238922119,1377300,0.0,0.0
2023-03-09 00:00:00-05:00,7.001044677787364,7.086947278279553,6.7494734869017465,6.755609512329102,2387700,0.0,0.0
2023-03-10 00:00:00-05:00,6.755609903748182,6.866055442021803,6.620620262343061,6.669707298278809,2846000,0.0,0.0
2023-03-13 00:00:00-04:00,6.47949519596965,6.620620278334902,6.307689984615916,6.369049072265625,3134200,0.0,0.0
2023-03-14 00:00:00-04:00,6.436543770681548,6.626756479292489,6.381320707369867,6.448815822601318,2187600,0.0,0.0
2023-03-15 00:00:00-04:00,6.227923196844999,6.234059222437871,5.951808481965434,6.142021179199219,5343600,0.0,0.0
2023-03-16 00:00:00-04:00,6.037710715155029,6.227922815580699,5.957944142821706,6.184971809387207,2710200,0.0,0.0
2023-03-17 00:00:00-04:00,6.135885374715404,6.172700944435693,5.921129152534913,6.068390846252441,2302300,0.0,0.0
2023-03-20 00:00:00-04:00,6.09907012621132,6.129749671733404,5.896585944994684,6.0377116203308105,1947100,0.0,0.0
2023-03-21 00:00:00-04:00,6.178834936459861,6.277008985812247,6.12361188740827,6.270873546600342,1685800,0.0,0.0
2023-03-22 00:00:00-04:00,6.3260972972116605,6.332232737103982,6.148156666736097,6.154292106628418,1526800,0.0,0.0
2023-03-23 00:00:00-04:00,6.22792332011203,6.264738889234333,5.890450098115082,5.933401107788086,1971200,0.0,0.0
2023-03-24 00:00:00-04:00,5.841362516862798,5.970215533840723,5.767731385498891,5.896584987640381,2037500,0.0,0.0
2023-03-27 00:00:00-04:00,5.95794374592874,6.160427883300243,5.933400231858362,6.129748344421387,2227500,0.0,0.0
2023-03-28 00:00:00-04:00,6.166563635360891,6.399727301298394,6.129748073301914,6.301553249359131,1401500,0.0,0.0
2023-03-29 00:00:00-04:00,6.37518485270269,6.387456318662165,6.307689741852957,6.344505310058594,1159800,0.0,0.0
2023-03-30 00:00:00-04:00,6.399729009189267,6.430407969734928,6.326098450585088,6.375185489654541,1485200,0.0,0.0
2023-03-31 00:00:00-04:00,6.442679005610333,6.559260558716072,6.442679005610333,6.479494571685791,1740000,0.0,0.0
2023-04-03 00:00:00-04:00,6.780152729744986,6.915142357373292,6.688114107886046,6.835375785827637,3006500,0.0,0.0
2023-04-04 00:00:00-04:00,6.945822447119174,6.976501992748954,6.694251226249571,6.774017810821533,2663700,0.0,0.0
2023-04-05 00:00:00-04:00,6.792424194894705,6.841511225820714,6.651299127273324,6.835375785827637,1216000,0.0,0.0
2023-04-06 00:00:00-04:00,6.81696768364568,6.841511199012511,6.657435126343059,6.694250106811523,1078800,0.0,0.0
2023-04-10 00:00:00-04:00,6.706523047634961,6.829240640764769,6.706523047634961,6.798561096191406,1389500,0.0,0.0
2023-04-11 00:00:00-04:00,6.81696801307874,7.056267738342285,6.81696801307874,7.056267738342285,1598400,0.0,0.0
2023-04-12 00:00:00-04:00,7.117626898468367,7.148305855615087,7.019452246042628,7.093083381652832,1901400,0.0,0.0
2023-04-13 00:00:00-04:00,7.123761816597558,7.2158004367816915,7.117626376716127,7.1544413566589355,1702900,0.0,0.0
2023-04-14 00:00:00-04:00,7.1483068240664664,7.185122396859335,7.050132743503718,7.142171382904053,1485900,0.0,0.0
2023-04-17 00:00:00-04:00,7.197392889246157,7.264887999361578,7.050131788352947,7.093083381652832,2063700,0.0,0.0
2023-04-18 00:00:00-04:00,7.086946930475351,7.123761910905535,6.976500818857671,6.988772869110107,1840000,0.0,0.0
2023-04-19 00:00:00-04:00,6.921278316878757,6.951957859801216,6.810832781586961,6.890598773956299,2133500,0.0,0.0
2023-04-20 00:00:00-04:00,6.810832915249634,6.902870960659647,6.767881320249822,6.823104381561279,2284700,0.0,0.0
2023-04-21 00:00:00-04:00,6.884463531326416,6.909007049336914,6.774017407697362,6.810832977294922,1722900,0.0,0.0
2023-04-24 00:00:00-04:00,6.872191404432711,7.166714202494884,6.816968343223327,7.123762607574463,4887300,0.0,0.0
2023-04-25 00:00:00-04:00,7.062977225655406,7.10922727294573,6.402268385346719,6.488160610198975,7361200,0.828,0.0
2023-04-26 00:00:00-04:00,6.507981608611994,6.521195456302776,6.217269398203007,6.263518810272217,5427000,0.0,0.0
2023-04-27 00:00:00-04:00,6.223877534770692,6.263519713661624,6.091735888299131,6.157806396484375,3624000,0.0,0.0
2023-04-28 00:00:00-04:00,6.157805684245245,6.455125142043309,6.13137735800775,6.422089576721191,2526600,0.0,0.0
2023-05-01 00:00:00-04:00,6.362626768746008,6.428697280541354,6.217270634634473,6.309770107269287,1402100,0.0,0.0
2023-05-02 00:00:00-04:00,6.137985260360179,6.171020829252106,5.7878097423483235,5.81423807144165,4600500,0.0,0.0
2023-05-03 00:00:00-04:00,5.741559799445744,5.919951496682105,5.708524860047377,5.7878098487854,3260700,0.0,0.0
2023-05-04 00:00:00-04:00,5.820845525633695,5.880308795708033,5.675489395216101,5.721738815307617,2638600,0.0,0.0
2023-05-05 00:00:00-04:00,5.933165129261725,6.151199627937366,5.933165129261725,6.078521251678467,2467600,0.0,0.0
2023-05-08 00:00:00-04:00,6.210662426508043,6.263519079747184,5.992628574371338,5.992628574371338,1708200,0.0,0.0
2023-05-09 00:00:00-04:00,5.9463790576043385,6.065306840388745,5.867094079115067,6.019056797027588,2432000,0.0,0.0
2023-05-10 00:00:00-04:00,6.045485123190678,6.091735166551835,5.979414622833451,6.019056797027588,1680700,0.0,0.0
2023-05-11 00:00:00-04:00,5.900130218358721,6.045485711346631,5.88030849923223,6.032271862030029,1965900,0.0,0.0
2023-05-12 00:00:00-04:00,6.0653071193150785,6.171020428828897,6.058699879945208,6.1511993408203125,1883100,0.0,0.0
2023-05-15 00:00:00-04:00,6.184235128837641,6.197449609396591,6.0983428955078125,6.0983428955078125,1623300,0.0,0.0
2023-05-16 00:00:00-04:00,6.1181636847167455,6.190841426420787,6.019056985919216,6.052092552185059,2194100,0.0,0.0
2023-05-17 00:00:00-04:00,6.1511992901057315,6.270126447277749,6.071913678523025,6.2436981201171875,1550700,0.0,0.0
2023-05-18 00:00:00-04:00,6.217270294921846,6.230484774619538,6.052093079307127,6.157806396484375,1407200,0.0,0.0
2023-05-19 00:00:00-04:00,6.210662872523557,6.270126769213211,6.171020694797824,6.204056262969971,1435500,0.0,0.0
2023-05-22 00:00:00-04:00,6.204055865531893,6.3295902604229255,6.1908413870691446,6.223876953125,1161700,0.0,0.0
2023-05-23 00:00:00-04:00,6.283340637449567,6.40887502817388,6.210662268518813,6.2767333984375,1635000,0.0,0.0
2023-05-24 00:00:00-04:00,6.34280412866154,6.362625214347714,6.223876354342588,6.296554088592529,1038700,0.0,0.0
2023-05-25 00:00:00-04:00,6.157806797820856,6.210663459854426,6.052093473753718,6.0983428955078125,1064300,0.0,0.0
2023-05-26 00:00:00-04:00,6.1776277472669365,6.210662684337053,6.045485478582333,6.1710205078125,1804000,0.0,0.0
2023-05-30 00:00:00-04:00,6.071914012000193,6.091735731035015,5.952986848296546,6.078521251678467,1708600,0.0,0.0
2023-05-31 00:00:00-04:00,5.979415493725738,6.019057673693695,5.900130503688735,5.999236583709717,1838500,0.0,0.0
2023-06-01 00:00:00-04:00,6.071913422413089,6.322982834898969,6.058699574440672,6.2304840087890625,1595600,0.0,0.0
2023-06-02 00:00:00-04:00,6.402268230046169,6.461732125047696,6.322983246744477,6.4485182762146,1933600,0.0,0.0
2023-06-05 00:00:00-04:00,6.5740530511154915,6.5740530511154915,6.329590847778856,6.435304164886475,1277900,0.0,0.0
2023-06-06 00:00:00-04:00,6.342804618430722,6.71280118694693,6.322982901113031,6.659944534301758,2317900,0.0,0.0
2023-06-07 00:00:00-04:00,6.726016022450347,6.897799837621957,6.726016022450347,6.81190824508667,2303700,0.0,0.0
2023-06-08 00:00:00-04:00,6.798693817944106,6.904407129655025,6.72601607366811,6.877978801727295,1462600,0.0,0.0
2023-06-09 00:00:00-04:00,6.871371269226074,6.950656879729579,6.811908006499966,6.871371269226074,1104500,0.0,0.0
2023-06-12 00:00:00-04:00,6.739230077829783,6.792086734902875,6.653337852560744,6.719408988952637,1733200,0.0,0.0
2023-06-13 00:00:00-04:00,6.838336191709899,6.9242277794584135,6.739229495683074,6.7458367347717285,1277900,0.0,0.0
2023-06-14 00:00:00-04:00,6.831730585582028,6.891194491391338,6.70619553329545,6.778873920440674,1151100,0.0,0.0
2023-06-15 00:00:00-04:00,6.792086686018043,6.983692224054218,6.792086686018043,6.891193389892578,1312300,0.0,0.0
2023-06-16 00:00:00-04:00,6.88458641173348,6.930835830570692,6.831729753033501,6.904407501220703,1369800,0.0,0.0
2023-06-20 00:00:00-04:00,6.864765349875164,6.89119367933152,6.726016462704023,6.818515300750732,1232900,0.0,0.0
2023-06-21 00:00:00-04:00,6.792086917293368,7.069584689429382,6.785480307557613,6.990299701690674,1587100,0.0,0.0
2023-06-22 00:00:00-04:00,6.897800338567081,6.996907047314678,6.884586488794717,6.924228668212891,1303800,0.0,0.0
2023-06-23 00:00:00-04:00,6.838337826249984,6.8845872507233805,6.7722666797727165,6.778873920440674,1309400,0.0,0.0
2023-06-26 00:00:00-04:00,6.818515273307969,6.944050310296224,6.7590513747452245,6.904407501220703,1061700,0.0,0.0
2023-06-27 00:00:00-04:00,6.930835400526121,6.937442639978921,6.772265434265137,6.772265434265137,1316600,0.0,0.0
2023-06-28 00:00:00-04:00,6.772265698928801,6.858157924868806,6.712801801731793,6.825122356414795,988700,0.0,0.0
2023-06-29 00:00:00-04:00,6.851550606667764,6.851550606667764,6.692980636026329,6.805301189422607,1659200,0.0,0.0
2023-06-30 00:00:00-04:00,6.811908240880901,6.825122089685465,6.739229867102173,6.772265434265137,1011800,0.0,0.0
2023-07-03 00:00:00-04:00,6.805301423683511,6.9969069689962025,6.805301423683511,6.904407501220703,788600,0.0,0.0
2023-07-05 00:00:00-04:00,6.944050339850563,6.9704786693130325,6.844943631790493,6.858158111572266,1058000,0.0,0.0
2023-07-06 00:00:00-04:00,6.785479855539136,6.805300943628152,6.554231517463503,6.6665520668029785,1986200,0.0,0.0
2023-07-07 00:00:00-04:00,6.640123697789308,6.871371404317666,6.640123697789308,6.83833646774292,1602600,0.0,0.0
2023-07-10 00:00:00-04:00,6.864764660101627,6.944049640504119,6.811908006499966,6.871371269226074,1075100,0.0,0.0
2023-07-11 00:00:00-04:00,6.924227437496529,7.003513042442767,6.884585265124379,6.99690580368042,1116400,0.0,0.0
2023-07-12 00:00:00-04:00,7.1224403681347885,7.195118736139858,7.096012042524123,7.115833759307861,1495100,0.0,0.0
2023-07-13 00:00:00-04:00,7.168691864003776,7.353690180787421,7.148870143201122,7.228155136108398,1635200,0.0,0.0
2023-07-14 00:00:00-04:00,7.2677964588504285,7.300832023319946,7.029941528851678,7.036548137664795,1378400,0.0,0.0
2023-07-17 00:00:00-04:00,6.990300508702328,7.1356566513881425,6.937443844107694,7.102621078491211,1171300,0.0,0.0
2023-07-18 00:00:00-04:00,7.1026197066704055,7.28101138779806,7.1026197066704055,7.2083330154418945,974100,0.0,0.0
2023-07-19 00:00:00-04:00,7.247976779937744,7.333869012200399,7.214941209051937,7.247976779937744,1111300,0.0,0.0
2023-07-20 00:00:00-04:00,7.27440434192172,7.327260997713073,7.201725967632829,7.281011581420898,819800,0.0,0.0
2023-07-21 00:00:00-04:00,7.360297202569858,7.360297202569858,7.241369401688673,7.320654392242432,1306800,0.0,0.0
2023-07-24 00:00:00-04:00,7.380118155978562,7.51886704440282,7.347082586334484,7.432974815368652,1455500,0.0,0.0
2023-07-25 00:00:00-04:00,7.432973867975559,7.479223281521753,7.320653323562515,7.472616672515869,1438900,0.0,0.0
2023-07-26 00:00:00-04:00,7.44618852914514,7.518866270803596,7.380117396654897,7.466009616851807,1103700,0.0,0.0
2023-07-27 00:00:00-04:00,7.49243817734195,7.499045416817103,7.320653731594182,7.327260971069336,1206500,0.0,0.0
2023-07-28 00:00:00-04:00,7.386724345549121,7.479223171278077,7.333867693675148,7.459402084350586,849200,0.0,0.0
2023-07-31 00:00:00-04:00,7.525472602789717,7.763327516896593,7.505650887371772,7.74350643157959,1540000,0.0,0.0
2023-08-01 00:00:00-04:00,7.644401393960597,7.6576158737567255,7.518866986402767,7.5651164054870605,1204300,0.0,0.0
2023-08-02 00:00:00-04:00,7.565115517650234,7.571722756772877,7.287617775509265,7.386724472045898,1754500,0.0,0.0
2023-08-03 00:00:00-04:00,7.399939245724576,7.46601038501273,7.333868736537504,7.432974815368652,1574800,0.0,0.0
2023-08-04 00:00:00-04:00,7.532081234836346,7.644401798645228,7.426367911275305,7.545295715332031,1537700,0.0,0.0
2023-08-07 00:00:00-04:00,7.565115531501714,7.6113655753438945,7.479223313053101,7.584936618804932,1195000,0.0,0.0
2023-08-08 00:00:00-04:00,7.446190138816817,7.664224041026429,7.366904510648637,7.651009559631348,1621500,0.0,0.0
2023-08-09 00:00:00-04:00,7.565116276449312,7.58493736570434,7.261190177434266,7.439581871032715,3091600,0.0,0.0
2023-08-10 00:00:00-04:00,7.512259746504703,7.67743696334984,7.492438656911588,7.5651164054870605,1494100,0.0,0.0
2023-08-11 00:00:00-04:00,7.551902269513322,7.6576155834706405,7.551902269513322,7.637794494628906,1218100,0.0,0.0
2023-08-14 00:00:00-04:00,7.598152033487956,7.604759273436987,7.393332005775544,7.432974815368652,1561100,0.0,0.0
2023-08-15 00:00:00-04:00,7.366903442064167,7.419760099775218,7.314046784353116,7.333868503570557,1340900,0.0,0.0
2023-08-16 00:00:00-04:00,7.333868765050327,7.380118184671196,7.25458314555586,7.347082614898682,1697300,0.0,0.0
2023-08-17 00:00:00-04:00,7.3669027546779695,7.499045016726815,7.3669027546779695,7.386724472045898,1129600,0.0,0.0
2023-08-18 00:00:00-04:00,7.307440225830754,7.44618911081808,7.267797417219631,7.439581871032715,1047300,0.0,0.0
2023-08-21 00:00:00-04:00,7.48583136552743,7.50565245498422,7.373510808437169,7.419760227203369,915000,0.0,0.0
2023-08-22 00:00:00-04:00,7.472617624961761,7.492438714707775,7.419760335470588,7.432974815368652,849500,0.0,0.0
2023-08-23 00:00:00-04:00,7.36690234669686,7.558507859935315,7.274403524506483,7.492437362670898,1495600,0.0,0.0
2023-08-24 00:00:00-04:00,7.472616370973988,7.571722433174042,7.426366329193116,7.426366329193115,803300,0.0,0.0
2023-08-25 00:00:00-04:00,7.499045097447756,7.505651706540511,7.366902833976511,7.406545639038086,1348200,0.0,0.0
2023-08-28 00:00:00-04:00,7.459403482413408,7.578331286470134,7.432975151523148,7.545295715332031,1411200,0.0,0.0
2023-08-29 00:00:00-04:00,7.545295906676816,7.730294227600098,7.466010911995409,7.730294227600098,1564500,0.0,0.0
2023-08-30 00:00:00-04:00,7.73029369338082,7.968149291088622,7.73029369338082,7.902078151702881,2466800,0.0,0.0
2023-08-31 00:00:00-04:00,7.935113511498889,7.954934600749877,7.703865159866778,7.7170796394348145,2102100,0.0,0.0
2023-09-01 00:00:00-04:00,7.849219707131446,7.862433553942794,7.7567202590482465,7.789755821228027,1419300,0.0,0.0
2023-09-05 00:00:00-04:00,7.789755831362061,7.928504688616895,7.776541984533522,7.8293986320495605,1663300,0.0,0.0
2023-09-06 00:00:00-04:00,7.862434789390457,7.981362579884769,7.829399852120739,7.882256507873535,1445700,0.0,0.0
2023-09-07 00:00:00-04:00,7.882257091888981,7.941720991541961,7.836007042102727,7.855828762054443,1060800,0.0,0.0
2023-09-08 00:00:00-04:00,7.921899211716527,8.021005920422807,7.875649792380912,7.948327541351318,1418200,0.0,0.0
2023-09-11 00:00:00-04:00,8.073862015404831,8.093683103720346,7.9218986580497885,7.928505897521973,2096500,0.0,0.0
2023-09-12 00:00:00-04:00,7.98136266352615,8.199396528316601,7.948327095809193,8.139932632446289,1778900,0.0,0.0
2023-09-13 00:00:00-04:00,8.040827642103954,8.139933728498537,7.9945782191333,8.067255973815918,1916300,0.0,0.0
2023-09-14 00:00:00-04:00,8.153146988163826,8.298503105857634,8.093683093193585,8.291895866394043,1913300,0.0,0.0
2023-09-15 00:00:00-04:00,8.324931618289916,8.351359946629524,8.232432154050766,8.28528881072998,3512100,0.0,0.0
2023-09-18 00:00:00-04:00,8.305110190943992,8.311717430786052,8.206004113717402,8.252253532409668,2888800,0.0,0.0
2023-09-19 00:00:00-04:00,8.331538678333457,8.410823667639677,8.245646449059784,8.37118148803711,3320200,0.0,0.0
2023-09-20 00:00:00-04:00,8.364573798225944,8.642071560924524,8.351359949102752,8.523143768310547,4069500,0.0,0.0
2023-09-21 00:00:00-04:00,8.43064474462426,8.536358055637562,8.258860299177128,8.291895866394043,4339400,0.0,0.0
2023-09-22 00:00:00-04:00,8.384394000709529,8.404215717450686,8.285287937407677,8.305109024047852,3812100,0.0,0.0
2023-09-25 00:00:00-04:00,8.357967008102198,8.417430907607132,8.285289258763434,8.37118148803711,4622700,0.0,0.0
2023-09-26 00:00:00-04:00,8.21424786721242,8.263731072855988,7.853725635402699,8.037521362304688,6267000,0.828,0.0
2023-09-27 00:00:00-04:00,8.17183362606838,8.214247608381225,8.009244896114224,8.164764404296875,3594900,0.0,0.0
2023-09-28 00:00:00-04:00,8.115280258321262,8.24252354937807,8.0870040463262,8.207178115844727,2770700,0.0,0.0
2023-09-29 00:00:00-04:00,8.263731638530437,8.2708008610086,8.143558227192456,8.185972213745117,3885900,0.0,0.0
2023-10-02 00:00:00-04:00,8.164765304022401,8.19304152006626,7.853726253381798,7.9173479080200195,3509300,0.0,0.0
2023-10-03 00:00:00-04:00,7.9102780731019084,8.087004578234426,7.853725645392152,7.938554286956787,2546500,0.0,0.0
2023-10-04 00:00:00-04:00,7.832518516346993,7.853725507827163,7.599239587590808,7.669930458068848,4224800,0.0,0.0
2023-10-05 00:00:00-04:00,7.535618422053312,7.669930949739898,7.493204436374077,7.5709638595581055,2014300,0.0,0.0
2023-10-06 00:00:00-04:00,7.563893418504749,7.7759653352056,7.422512365423527,7.712343692779541,2139700,0.0,0.0
2023-10-09 00:00:00-04:00,8.023384633418218,8.164765720855387,7.9385553067977135,8.129420280456543,2466500,0.0,0.0
2023-10-10 00:00:00-04:00,8.207178002921912,8.320283523504006,8.136487810985924,8.313214302062988,1397200,0.0,0.0
2023-10-11 00:00:00-04:00,8.292006601237787,8.412180668573818,8.249592621094516,8.383904457092285,2155300,0.0,0.0
2023-10-12 00:00:00-04:00,8.440457112835094,8.461664777649677,8.341490706999359,8.41218090057373,2554100,0.0,0.0
2023-10-13 00:00:00-04:00,8.553563438245773,8.709082283189774,8.553563438245773,8.631322860717773,1985300,0.0,0.0
2023-10-16 00:00:00-04:00,8.69494307422101,8.758564715789145,8.603045222417931,8.7302885055542,2059100,0.0,0.0
2023-10-17 00:00:00-04:00,8.666667551941659,8.878739482616922,8.652529108622868,8.815117835998535,2023400,0.0,0.0
2023-10-18 00:00:00-04:00,8.843394407686512,8.871670621314555,8.709081887334722,8.779772758483887,1723200,0.0,0.0
2023-10-19 00:00:00-04:00,8.723220006639469,8.86460106951894,8.567700500393007,8.70201301574707,1811100,0.0,0.0
2023-10-20 00:00:00-04:00,8.702013006422337,8.758565431513526,8.560631269536279,8.659598350524902,1551900,0.0,0.0
2023-10-23 00:00:00-04:00,8.546493434049507,8.624252849407211,8.376836160091928,8.497010231018066,2673600,0.0,0.0
2023-10-24 00:00:00-04:00,8.57476951054871,8.638391155814535,8.47580243189542,8.518217086791992,1447700,0.0,0.0
2023-10-25 00:00:00-04:00,8.489942141381174,8.624253999299523,8.482872918817531,8.595977783203125,1498300,0.0,0.0
2023-10-26 00:00:00-04:00,8.532354855652137,8.567700289039603,8.42631922964781,8.518217086791992,1188900,0.0,0.0
2023-10-27 00:00:00-04:00,8.504079360284234,8.581839455119942,8.419250717501926,8.447526931762695,1598800,0.0,0.0
2023-10-30 00:00:00-04:00,8.504079404489215,8.588908047712469,8.256662696960923,8.376836776733398,1307900,0.0,0.0
2023-10-31 00:00:00-04:00,8.376836546883842,8.447526743884508,8.235454804566288,8.348560333251953,1168400,0.0,0.0
2023-11-01 00:00:00-04:00,8.426319457994275,8.588907512161326,8.299076164014433,8.546493530273438,2120500,0.0,0.0
2023-11-02 00:00:00-04:00,8.624253471507691,8.822186972069236,8.603046479272772,8.808049201965332,1424500,0.0,0.0
2023-11-03 00:00:00-04:00,8.815118186288883,8.885808383217631,8.652529452452356,8.737358093261719,1723100,0.0,0.0
2023-11-06 00:00:00-05:00,8.800980144281773,8.829256359176053,8.532355765707047,8.588908195495605,1116300,0.0,0.0
2023-11-07 00:00:00-05:00,8.454596323987463,8.475803316570227,8.263731368268168,8.270800590515137,2461400,0.0,0.0
2023-11-08 00:00:00-05:00,8.270801365938343,8.362699241290327,8.044591626092354,8.087005615234375,2912000,0.0,0.0
2023-11-09 00:00:00-05:00,8.221317656485246,8.461665827609307,8.200110663197288,8.228386878967285,2459900,0.0,0.0
2023-11-10 00:00:00-05:00,8.341491240394825,8.341491240394825,8.164764733921029,8.28493881225586,1025200,0.0,0.0
2023-11-13 00:00:00-05:00,8.341491567523923,8.433389435393238,8.284939137167134,8.405113220214844,1116800,0.0,0.0
2023-11-14 00:00:00-05:00,8.482872238928685,8.553563110583005,8.419250589271421,8.511148452758789,1611700,0.0,0.0
2023-11-15 00:00:00-05:00,8.504078535449935,8.567700179905355,8.383904467958153,8.426319122314453,1875600,0.0,0.0
2023-11-16 00:00:00-05:00,8.355628514661404,8.390973948690958,8.21424745270128,8.341490745544434,2583400,0.0,0.0
2023-11-17 00:00:00-05:00,8.47580241534553,8.744426764744459,8.369766789548247,8.673736572265625,3682100,0.0,0.0
2023-11-20 00:00:00-05:00,8.800979392679746,8.970636667556724,8.723219976900651,8.815117835998535,2839600,0.0,0.0
2023-11-21 00:00:00-05:00,8.77977248797552,8.878739569703512,8.73028928419057,8.822186470031738,1280800,0.0,0.0
2023-11-22 00:00:00-05:00,8.659598901490208,8.77977298099456,8.560631814204823,8.765634536743164,2017000,0.0,0.0
2023-11-24 00:00:00-05:00,8.815118484770423,9.05546664561424,8.815118484770423,9.013051986694336,1962900,0.0,0.0
2023-11-27 00:00:00-05:00,8.977706913763155,9.055467012574411,8.935292927282616,9.020121574401855,2079900,0.0,0.0
2023-11-28 00:00:00-05:00,9.055466379946916,9.14029502113991,9.005982500299087,9.097880363464355,1591800,0.0,0.0
2023-11-29 00:00:00-05:00,9.126156612413471,9.154432826253588,8.970637099213775,8.98477554321289,2352000,0.0,0.0
2023-11-30 00:00:00-05:00,9.097882103337431,9.104951326661622,8.779774469489485,8.91408634185791,2260400,0.0,0.0
2023-12-01 00:00:00-05:00,8.878739207188076,9.104948900006757,8.878739207188076,9.055465698242188,2113600,0.0,0.0
2023-12-04 00:00:00-05:00,8.977706227194457,8.998913218812925,8.829255937548961,8.93529224395752,2036500,0.0,0.0
2023-12-05 00:00:00-05:00,8.963568080622927,8.97770584972144,8.871670221929321,8.885807991027832,1327400,0.0,0.0
2023-12-06 00:00:00-05:00,8.836324709958356,8.914084124709083,8.680805206298828,8.680805206298828,2771600,0.0,0.0
2023-12-07 00:00:00-05:00,8.772703895755114,8.850463992034875,8.702013695869494,8.744427680969238,2362900,0.0,0.0
2023-12-08 00:00:00-05:00,8.800980174118356,8.998913679049338,8.793910951831286,8.99184513092041,2384800,0.0,0.0
2023-12-11 00:00:00-05:00,8.98477494551229,9.083742024448098,8.89287708810577,8.949429512023926,2373300,0.0,0.0
2023-12-12 00:00:00-05:00,8.892876545865628,8.928221977198815,8.687873853122767,8.7302885055542,2394300,0.0,0.0
2023-12-13 00:00:00-05:00,8.76563508893709,8.970637824389643,8.694944885701345,8.956500053405762,1767000,0.0,0.0
2023-12-14 00:00:00-05:00,9.04839666952522,9.267537145571307,9.027189678911293,9.15443229675293,3757800,0.0,0.0
2023-12-15 00:00:00-05:00,9.189779099974347,9.225124539036653,9.0483980178833,9.0483980178833,2652400,0.0,0.0
2023-12-18 00:00:00-05:00,9.189777497659028,9.288744574946104,9.112018084606508,9.126155853271484,5885900,0.0,0.0
2023-12-19 00:00:00-05:00,9.169967626009429,9.177520593665392,8.988682715438868,9.05666446685791,4131700,0.828,0.0
2023-12-20 00:00:00-05:00,9.064218025224767,9.101985744401736,8.8527198063368,8.867826461791992,2691300,0.0,0.0
2023-12-21 00:00:00-05:00,8.867826892887011,9.02645074485406,8.860273204612541,9.01889705657959,2530200,0.0,0.0
2023-12-22 00:00:00-05:00,9.10198618688003,9.147306875808122,8.981130055925966,9.01889705657959,1580500,0.0,0.0
2023-12-26 00:00:00-05:00,9.109540136332841,9.275716960979429,9.109540136332841,9.230396270751953,2678700,0.0,0.0
2023-12-27 00:00:00-05:00,9.215288561552077,9.275716626583158,9.147306808302272,9.154860496520996,1188200,0.0,0.0
2023-12-28 00:00:00-05:00,9.124645714514804,9.132199402113075,9.011343281977933,9.041557312011719,2098600,0.0,0.0
2023-12-29 00:00:00-05:00,9.05666427600762,9.071771651719867,8.98112955852435,9.003789901733398,1253200,0.0,0.0
2024-01-02 00:00:00-05:00,9.10198500265814,9.192627089080617,9.018895883168085,9.034003257751465,2493900,0.0,0.0
2024-01-03 00:00:00-05:00,9.064216962150896,9.358804272750127,9.064216962150896,9.305929183959961,2588800,0.0,0.0
2024-01-04 00:00:00-05:00,9.328592060057327,9.426787129003317,9.230396270751953,9.230396270751953,2551700,0.0,0.0
2024-01-05 00:00:00-05:00,9.290823122440017,9.532535359654949,9.283269434937228,9.479660987854004,2479900,0.0,0.0
2024-01-08 00:00:00-05:00,9.373911693301384,9.373911693301384,9.162413481916051,9.253055572509766,1873000,0.0,0.0
2024-01-09 00:00:00-05:00,9.290823347545352,9.305930002557657,9.09443178987025,9.11709213256836,2279900,0.0,0.0
2024-01-10 00:00:00-05:00,9.124645282101316,9.124645282101316,8.950914797729896,8.98868179321289,2227000,0.0,0.0
2024-01-11 00:00:00-05:00,9.079325808663263,9.14730684180268,8.973576334291906,9.086878776550293,1451300,0.0,0.0
2024-01-12 00:00:00-05:00,9.237948682614881,9.275716402436492,9.117092555473194,9.169967651367188,1097800,0.0,0.0
2024-01-16 00:00:00-05:00,9.177520612474815,9.177520612474815,8.875380294836871,8.890487670898438,1946100,0.0,0.0
2024-01-17 00:00:00-05:00,8.814952262869907,8.860272950498192,8.716756479196164,8.822505950927734,2053500,0.0,0.0
2024-01-18 00:00:00-05:00,8.837611931983504,8.890487023992254,8.799844214937051,8.8527193069458,1241000,0.0,0.0
2024-01-19 00:00:00-05:00,8.830059507104894,8.905594951998546,8.709203371562559,8.814952850341797,1664100,0.0,0.0
2024-01-22 00:00:00-05:00,8.792292318461785,8.807398974904347,8.70920318676988,8.762078285217285,1372800,0.0,0.0
2024-01-23 00:00:00-05:00,8.716756698188416,8.814952484329144,8.678988977309773,8.807398796081543,1450700,0.0,0.0
2024-01-24 00:00:00-05:00,8.8753797827216,8.928254155167519,8.82250541027568,8.860272407531738,1411800,0.0,0.0
2024-01-25 00:00:00-05:00,8.91314799636386,9.064218154873213,8.898040620333255,9.05666446685791,1817400,0.0,0.0
2024-01-26 00:00:00-05:00,9.049109671229967,9.290822615618561,9.041556704498488,9.283268928527832,1629500,0.0,0.0
2024-01-29 00:00:00-05:00,9.26060948112221,9.268163168941754,9.124645981807678,9.237948417663574,1453600,0.0,0.0
2024-01-30 00:00:00-05:00,9.185073824474655,9.260609260149067,9.109539109159543,9.253055572509766,1246600,0.0,0.0
2024-01-31 00:00:00-05:00,9.253056316174039,9.253056316174039,9.079325808663263,9.086878776550293,1385400,0.0,0.0
2024-02-01 00:00:00-05:00,9.192627715601738,9.389019276415087,9.0188964978486,9.139753341674805,2457900,0.0,0.0
2024-02-02 00:00:00-05:00,9.071771398469359,9.071771398469359,8.882933529493858,8.905593872070312,1713600,0.0,0.0
2024-02-05 00:00:00-05:00,8.882933336511107,8.92825402067942,8.724309501203432,8.8527193069458,1513300,0.0,0.0
2024-02-06 00:00:00-05:00,8.905593394647333,9.0037891676935,8.860271991564769,8.98868179321289,1592700,0.0,0.0
2024-02-07 00:00:00-05:00,8.988682351639623,9.056664100307238,8.928254290681588,9.049110412597656,1078300,0.0,0.0
2024-02-08 00:00:00-05:00,9.056664867222523,9.132200309996035,8.943362423421624,8.996236801147461,1438800,0.0,0.0
2024-02-09 00:00:00-05:00,8.996235566672285,9.034003282876505,8.898039792685019,8.966021537780762,1136200,0.0,0.0
2024-02-12 00:00:00-05:00,8.996235480453196,9.064217224897408,8.96602145185124,8.98868179321289,1342600,0.0,0.0
2024-02-13 00:00:00-05:00,8.943360961891091,8.973574989991024,8.746969419061903,8.799843788146973,1418300,0.0,0.0
2024-02-14 00:00:00-05:00,8.860273173096028,8.920701958717473,8.777184763450501,8.807398796081543,912800,0.0,0.0
2024-02-15 00:00:00-05:00,8.792291713810876,8.981129588692353,8.74697030688122,8.935808181762695,1677300,0.0,0.0
2024-02-16 00:00:00-05:00,8.928253455866582,8.981128544530383,8.860271713555436,8.958467483520508,1577400,0.0,0.0
2024-02-20 00:00:00-05:00,8.95091668135403,9.011344751274377,8.739417716273406,8.777185440063477,2216600,0.0,0.0
2024-02-21 00:00:00-05:00,8.830059259261356,8.996236801147461,8.799845226223825,8.996236801147461,1654100,0.0,0.0
2024-02-22 00:00:00-05:00,8.958468991102558,9.064218465867045,8.905594613899996,9.01889705657959,2150200,0.0,0.0
2024-02-23 00:00:00-05:00,8.950914688035663,8.950914688035663,8.84516522904516,8.91314697265625,1159000,0.0,0.0
2024-02-26 00:00:00-05:00,8.913147531786946,8.9811292796626,8.860272438795159,8.973575592041016,1152700,0.0,0.0
2024-02-27 00:00:00-05:00,9.02645006982822,9.117092161265273,8.996236039349204,9.049110412597656,1294300,0.0,0.0
2024-02-28 00:00:00-05:00,9.049110050592448,9.169966888033006,8.85271922051501,8.87537956237793,1821900,0.0,0.0
2024-02-29 00:00:00-05:00,8.920702238383678,8.958469240086966,8.837613105773926,8.837613105773926,1523000,0.0,0.0
2024-03-01 00:00:00-05:00,8.762077327065468,8.814951699371573,8.43727596493529,8.580792427062988,5555000,0.0,0.0
2024-03-04 00:00:00-05:00,8.429722261925736,8.429722261925736,8.082260558066178,8.135135650634766,5418000,0.0,0.0
2024-03-05 00:00:00-05:00,8.067153367032713,8.165349137721824,7.961403909284612,8.006725311279297,2411300,0.0,0.0
2024-03-06 00:00:00-05:00,8.120028837638156,8.188010589675878,8.00672639781485,8.01427936553955,1506900,0.0,0.0
2024-03-07 00:00:00-05:00,8.036939253690088,8.150241676933057,7.991617852177356,8.029385566711426,1461300,0.0,0.0
2024-03-08 00:00:00-05:00,7.984065121102546,8.036940215924487,7.893423027584066,7.946298122406006,2494000,0.0,0.0
2024-03-11 00:00:00-04:00,7.908530535654183,7.976512287020161,7.772567032922229,7.953851222991943,1942400,0.0,0.0
2024-03-12 00:00:00-04:00,7.946297838122358,8.036939928398061,7.870762402712955,7.999172210693359,1241700,0.0,0.0
2024-03-13 00:00:00-04:00,8.059600096456274,8.172902526759058,8.036939754467573,8.044492721557617,1298600,0.0,0.0
2024-03-14 00:00:00-04:00,8.082260558066178,8.150242305397724,7.984064780849423,8.135135650634766,1760300,0.0,0.0
2024-03-15 00:00:00-04:00,8.13513684700507,8.369295432961474,8.127583158333081,8.331527709960938,3808800,0.0,0.0
2024-03-18 00:00:00-04:00,8.361741403046071,8.399509124505304,8.1275828266457,8.157796859741211,2137200,0.0,0.0
2024-03-19 00:00:00-04:00,8.135136337890188,8.286206500078626,8.127582649690927,8.203117370605469,1467600,0.0,0.0
2024-03-20 00:00:00-04:00,8.150243374476995,8.33908126611952,8.120029340628566,8.323974609375,1606300,0.0,0.0
2024-03-21 00:00:00-04:00,8.32397353684908,8.346633879225818,8.218224071825475,8.233330726623535,1020500,0.0,0.0
2024-03-22 00:00:00-04:00,8.301312739290067,8.301312739290067,8.059600491925483,8.165349960327148,2070400,0.0,0.0
2024-03-25 00:00:00-04:00,8.248439295647279,8.399509467290022,8.248439295647279,8.331527709960938,1692100,0.0,0.0
2024-03-26 00:00:00-04:00,8.346634442266557,8.422169162070812,8.210670938115816,8.2937593460083,1856100,0.0,0.0
2024-03-27 00:00:00-04:00,8.308866241999615,8.588346201878304,8.286205899403857,8.55813217163086,1827200,0.0,0.0
2024-03-28 00:00:00-04:00,8.64877395754923,8.97357531153119,8.641220270163771,8.943361282348633,4012600,0.0,0.0
2024-04-01 00:00:00-04:00,9.079325412090645,9.162413818093649,8.913147879725308,9.147306442260742,3716300,0.0,0.0
2024-04-02 00:00:00-04:00,9.230395788065778,9.592964172363281,9.230395788065778,9.592964172363281,4147100,0.0,0.0
2024-04-03 00:00:00-04:00,9.668498965296402,9.74403368012164,9.5551958125196,9.736480712890625,4105800,0.0,0.0
2024-04-04 00:00:00-04:00,9.72842805136699,9.905601626084586,9.502934899561033,9.768694877624512,4190000,0.8,0.0
2024-04-05 00:00:00-04:00,9.647894729995192,9.881442176699665,9.583468112982185,9.784801483154297,2162600,0.0,0.0
2024-04-08 00:00:00-04:00,9.825067904602237,9.929761344926563,9.664001368728592,9.69621467590332,1688500,0.0,0.0
2024-04-09 00:00:00-04:00,9.744534492492676,9.905601019635988,9.68816063197318,9.744534492492676,1579600,0.0,0.0
2024-04-10 00:00:00-04:00,9.744534537190805,9.90560106507293,9.51098787975528,9.535147666931152,3927400,0.0,0.0
2024-04-11 00:00:00-04:00,9.664001013881453,9.79285423784908,9.543201308418254,9.72037410736084,2989200,0.0,0.0
2024-04-12 00:00:00-04:00,9.728428238428029,9.825068162488803,9.422401428222656,9.422401428222656,2761000,0.0,0.0
2024-04-15 00:00:00-04:00,9.502934236511631,9.510987754806383,9.25328054555478,9.285493850708008,2179300,0.0,0.0
2024-04-16 00:00:00-04:00,9.229121112861083,9.325761032029297,9.156640981478473,9.261334419250488,1375800,0.0,0.0
2024-04-17 00:00:00-04:00,9.237175420847251,9.430455275700815,9.180801553828891,9.221068382263184,1175100,0.0,0.0
2024-04-18 00:00:00-04:00,9.309654179388614,9.37408078812965,9.092213798868304,9.13248062133789,1316900,0.0,0.0
2024-04-19 00:00:00-04:00,9.156641239302104,9.341868332275974,9.1002681435398,9.269388198852539,1394900,0.0,0.0
2024-04-22 00:00:00-04:00,9.221068091066947,9.349921323566877,9.132481685729708,9.317708015441895,1177600,0.0,0.0
2024-04-23 00:00:00-04:00,9.301600424048658,9.486826727448424,9.285493388261337,9.44655990600586,1004300,0.0,0.0
2024-04-24 00:00:00-04:00,9.39018786028062,9.438508204986414,9.333814764812045,9.414347648620605,984000,0.0,0.0
2024-04-25 00:00:00-04:00,9.422401188421025,9.43850822603415,9.325761266819752,9.3740816116333,1126900,0.0,0.0
2024-04-26 00:00:00-04:00,9.382134146216812,9.551254197128376,9.382134146216812,9.543201446533203,1333900,0.0,0.0
2024-04-29 00:00:00-04:00,9.58346823146253,9.720374986314212,9.55930844179043,9.712322235107422,1479100,0.0,0.0
2024-04-30 00:00:00-04:00,9.655948034524728,9.655948034524728,9.349921226501465,9.349921226501465,1644600,0.0,0.0
2024-05-01 00:00:00-04:00,9.398240898324907,9.494880814767292,9.196907547063493,9.253280639648438,2000900,0.0,0.0
2024-05-02 00:00:00-04:00,9.382134992730553,9.43045534079039,9.261335274619777,9.293548583984375,1692100,0.0,0.0
2024-05-03 00:00:00-04:00,9.325761893348973,9.357975202713574,9.253281755272157,9.293548583984375,1441800,0.0,0.0
2024-05-06 00:00:00-04:00,9.349921226501465,9.470721706735453,9.333814956619102,9.349921226501465,1113500,0.0,0.0
2024-05-07 00:00:00-04:00,9.349921389715517,9.48682814222174,9.325761600457318,9.390188217163086,1361700,0.0,0.0
2024-05-08 00:00:00-04:00,9.2613338589644,9.462667203724497,9.164693945642647,9.45461368560791,1590700,0.0,0.0
2024-05-09 00:00:00-04:00,9.462667465209961,9.607627723211214,9.406294372887597,9.462667465209961,1656300,0.0,0.0
2024-05-10 00:00:00-04:00,9.591521243229707,9.591521243229707,9.366028092826738,9.3740816116333,1378400,0.0,0.0
2024-05-13 00:00:00-04:00,9.462668352963538,9.470721872058224,9.349921389715517,9.390188217163086,1232400,0.0,0.0
2024-05-14 00:00:00-04:00,9.35797472484029,9.7445351855013,9.34992120590393,9.736481666564941,2381000,0.0,0.0
2024-05-15 00:00:00-04:00,9.720373169283828,9.728426687011039,9.438506961062954,9.680107116699219,2205000,0.0,0.0
2024-05-16 00:00:00-04:00,9.680108145743732,9.736481239775507,9.615680765102812,9.68816089630127,1154800,0.0,0.0
2024-05-17 00:00:00-04:00,9.68816122510947,9.825067973569544,9.68010847427863,9.768694877624512,1543800,0.0,0.0
2024-05-20 00:00:00-04:00,9.889493511830551,9.937813851684734,9.792853600147929,9.905600547790527,1730400,0.0,0.0
2024-05-21 00:00:00-04:00,9.841173679870161,10.050559765634928,9.833120162103052,9.897546768188477,1429000,0.0,0.0
2024-05-22 00:00:00-04:00,9.817013801735222,9.825067320056213,9.510987785795342,9.567360877990723,2265600,0.0,0.0
2024-05-23 00:00:00-04:00,9.63984074334583,9.68816031589952,9.510987525834983,9.559307098388672,1873500,0.0,0.0
2024-05-24 00:00:00-04:00,9.623733875750414,9.704267522118508,9.583467052566366,9.599574089050293,1563800,0.0,0.0
2024-05-28 00:00:00-04:00,9.74453494024137,10.018347664953447,9.72842790277405,10.010294914245605,2905800,0.0,0.0
2024-05-29 00:00:00-04:00,9.945867369664724,9.986133423513172,9.865333725916331,9.905600547790527,2059100,0.0,0.0
2024-05-30 00:00:00-04:00,9.800907544702476,10.026400681776286,9.800907544702476,9.889493942260742,1915000,0.0,0.0
2024-05-31 00:00:00-04:00,9.945867369664724,9.99418694149316,9.88144076187631,9.905600547790527,2352200,0.0,0.0
2024-06-03 00:00:00-04:00,9.978081926981613,9.978081926981613,9.704268425472184,9.808961868286133,2049900,0.0,0.0
2024-06-04 00:00:00-04:00,9.74453396915075,9.74453396915075,9.543200629028012,9.728426933288574,2223800,0.0,0.0
2024-06-05 00:00:00-04:00,9.736481598714212,9.784801175943965,9.647894427083278,9.66400146484375,1764800,0.0,0.0
2024-06-06 00:00:00-04:00,9.655947589993712,9.736481239775507,9.599574495961935,9.68816089630127,1268900,0.0,0.0
2024-06-07 00:00:00-04:00,9.647894166578919,9.776748161105992,9.623734378616383,9.6559476852417,1340200,0.0,0.0
2024-06-10 00:00:00-04:00,9.905601361466744,9.905601361466744,9.720374272840626,9.760641098022461,1669600,0.0,0.0
2024-06-11 00:00:00-04:00,9.760639910420549,9.760639910420549,9.607626914978027,9.607626914978027,1917100,0.0,0.0
2024-06-12 00:00:00-04:00,9.768694766948853,9.768694766948853,9.48682775436548,9.519041061401367,2562900,0.0,0.0
2024-06-13 00:00:00-04:00,9.567360370333557,9.615679941644043,9.341867245491223,9.44655990600586,2815100,0.0,0.0
2024-06-14 00:00:00-04:00,9.382134362414039,9.430454707227588,9.31770774801319,9.3740816116333,1673800,0.0,0.0
2024-06-17 00:00:00-04:00,9.647894289544913,9.808961592750165,9.470721484860448,9.519041061401367,3117800,0.0,0.0
2024-06-18 00:00:00-04:00,9.615680337406193,9.776747629805662,9.599574068981708,9.704267501831055,2309200,0.0,0.0
2024-06-20 00:00:00-04:00,9.833120966629155,9.889494059559802,9.712321262341828,9.75258731842041,3134600,0.0,0.0
2024-06-21 00:00:00-04:00,9.808961732584674,9.808961732584674,9.66400146484375,9.66400146484375,2850100,0.0,0.0
2024-06-24 00:00:00-04:00,9.792853964645262,10.203574180603027,9.73648087273859,10.203574180603027,6602200,0.0,0.0
2024-06-25 00:00:00-04:00,9.971479370047206,9.971479370047206,9.524481640177424,9.601846694946289,6780700,0.8,0.0
2024-06-26 00:00:00-04:00,9.63623107264487,9.662019150971748,9.481500963107141,9.601846694946289,2962100,0.0,0.0
2024-06-27 00:00:00-04:00,9.610442873184907,9.627634651923392,9.464309064860798,9.593250274658203,2408400,0.0,0.0
2024-06-28 00:00:00-04:00,9.670615558868937,9.713596236421557,9.558866125147418,9.619038581848145,1948100,0.0,0.0
2024-07-01 00:00:00-04:00,9.679213097573777,9.730789261409665,9.524482966489428,9.541675567626953,2274700,0.0,0.0
2024-07-02 00:00:00-04:00,9.558865789423837,9.653422620888016,9.498693334836469,9.576058387756348,2041800,0.0,0.0
2024-07-03 00:00:00-04:00,9.61044392819187,9.713597071311293,9.593251327777812,9.687808990478516,1390500,0.0,0.0
2024-07-05 00:00:00-04:00,9.679212208664085,9.730788367763374,9.584654550668276,9.653423309326172,1820300,0.0,0.0
2024-07-08 00:00:00-04:00,9.644827829335137,9.679212208664085,9.601847150226883,9.653423309326172,1046900,0.0,0.0
2024-07-09 00:00:00-04:00,9.644827980794698,9.662019760835012,9.550270321313983,9.567462921142578,1197200,0.0,0.0
2024-07-10 00:00:00-04:00,9.627634543177459,9.696403296931082,9.507289634002724,9.576058387756348,1572100,0.0,0.0
2024-07-11 00:00:00-04:00,9.576058844256433,9.687808279380327,9.533078166164435,9.62763500213623,1688800,0.0,0.0
2024-07-12 00:00:00-04:00,9.68780815780528,9.68780815780528,9.550269825679246,9.619038581848145,1427300,0.0,0.0
2024-07-15 00:00:00-04:00,9.619038473901465,9.704999828042032,9.54167423892083,9.601846694946289,1276000,0.0,0.0
2024-07-16 00:00:00-04:00,9.601847210562863,9.601847210562863,9.455713392549491,9.464309692382812,2433900,0.0,0.0
2024-07-17 00:00:00-04:00,9.464309221858219,9.53307797752936,9.37834786737518,9.4213285446167,1648000,0.0,0.0
2024-07-18 00:00:00-04:00,9.421328679229363,9.464309357084995,9.326771843777568,9.343963623046875,1753100,0.0,0.0
2024-07-19 00:00:00-04:00,9.352559462834046,9.4127319170011,9.275194410454574,9.292387008666992,1178500,0.0,0.0
2024-07-22 00:00:00-04:00,9.292387008666992,9.37834754036447,9.180637579650888,9.292387008666992,2150500,0.0,0.0
2024-07-23 00:00:00-04:00,9.266598499186374,9.275194798652366,9.08608030934172,9.14625358581543,2124000,0.0,0.0
2024-07-24 00:00:00-04:00,9.180637611851871,9.258002664502701,9.094676260064682,9.111868858337402,1474900,0.0,0.0
2024-07-25 00:00:00-04:00,9.103273254731594,9.1978300930915,9.034504495962887,9.180638313293457,1541600,0.0,0.0
2024-07-26 00:00:00-04:00,9.197830200195312,9.249407179766564,9.12906144062583,9.197830200195312,1357300,0.0,0.0
2024-07-29 00:00:00-04:00,9.19783084622206,9.215023447216124,8.965736471320543,9.068889617919922,2471100,0.0,0.0
2024-07-30 00:00:00-04:00,9.034505379732042,9.060293461845871,8.905563329586204,8.991524696350098,1818000,0.0,0.0
2024-07-31 00:00:00-04:00,9.103272656494752,9.26659824289015,9.094676357266517,9.215022087097168,1582200,0.0,0.0
2024-08-01 00:00:00-04:00,9.197830638843906,9.266599401693002,8.888371206022974,8.95713996887207,1768700,0.0,0.0
2024-08-02 00:00:00-04:00,8.8539858353587,8.888370212941542,8.553121916667644,8.587506294250488,3777900,0.0,0.0
2024-08-05 00:00:00-04:00,8.123317304892664,8.389796862990364,8.037356765349225,8.355412483215332,3742800,0.0,0.0
2024-08-06 00:00:00-04:00,8.398392275632919,8.707851660915358,8.389795976650248,8.639082908630371,2534700,0.0,0.0
2024-08-07 00:00:00-04:00,8.811005255773857,8.845389633736566,8.630487066522571,8.690659523010254,1548400,0.0,0.0
2024-08-08 00:00:00-04:00,8.759429418612527,8.89696776814652,8.69925695429589,8.888371467590332,1371400,0.0,0.0
2024-08-09 00:00:00-04:00,8.939946883889922,9.025908242687974,8.862582644717603,9.000120162963867,1248200,0.0,0.0
2024-08-12 00:00:00-04:00,9.06029223073198,9.17204166442517,9.051695931265987,9.14625358581543,1948600,0.0,0.0
2024-08-13 00:00:00-04:00,9.137658033098994,9.137658033098994,8.957139828501994,9.034504890441895,1821500,0.0,0.0
2024-08-14 00:00:00-04:00,8.81960203020686,9.068888988809357,8.716448890763235,8.733640670776367,2584800,0.0,0.0
2024-08-15 00:00:00-04:00,8.785218320281093,8.931352150582933,8.776622019724904,8.888371467590332,1288800,0.0,0.0
2024-08-16 00:00:00-04:00,8.89696704118664,8.93994690087907,8.81100568222523,8.914158821105957,1132200,0.0,0.0
2024-08-19 00:00:00-04:00,8.914159167620474,8.948543548583984,8.853986705881404,8.948543548583984,1539600,0.0,0.0
2024-08-20 00:00:00-04:00,8.922754319157033,8.939946097531488,8.707851760853023,8.742236137390137,1847500,0.0,0.0
2024-08-21 00:00:00-04:00,8.836793688290703,8.853986287854891,8.70785247071236,8.725044250488281,1401800,0.0,0.0
2024-08-22 00:00:00-04:00,8.759428660039662,8.776621259663147,8.630487442016602,8.630487442016602,1413300,0.0,0.0
2024-08-23 00:00:00-04:00,8.742236607227879,8.819601663541299,8.690659629756185,8.78521728515625,1686600,0.0,0.0
2024-08-26 00:00:00-04:00,8.871178486469008,8.99152422973545,8.819602324917893,8.948543548583984,1844000,0.0,0.0
2024-08-27 00:00:00-04:00,8.922755874483904,8.922755874483904,8.793813825152672,8.802410125732422,955000,0.0,0.0
2024-08-28 00:00:00-04:00,8.750833652690718,8.768025433454543,8.64768050874282,8.673468589782715,1225800,0.0,0.0
2024-08-29 00:00:00-04:00,8.639084122974346,8.69925658473474,8.544526460449946,8.57031536102295,1918200,0.0,0.0
2024-08-30 00:00:00-04:00,8.553122552409139,8.578910632566005,8.338219971595903,8.458565711975098,2466500,0.0,0.0
2024-09-03 00:00:00-04:00,8.406988209124073,8.406988209124073,8.131913185119629,8.131913185119629,2456700,0.0,0.0
2024-09-04 00:00:00-04:00,8.131914200453458,8.19208666452038,7.925607906691152,7.9513959884643555,2180700,0.0,0.0
2024-09-05 00:00:00-04:00,8.037357125497751,8.054548906261479,7.925607681274414,7.925607681274414,1645000,0.0,0.0
2024-09-06 00:00:00-04:00,8.020164159424729,8.054548539173425,7.856838560565496,7.899818420410156,2641700,0.0,0.0
2024-09-09 00:00:00-04:00,7.908414397847462,7.9256069969149605,7.7622805849267,7.770876884460449,1622000,0.0,0.0
2024-09-10 00:00:00-04:00,7.762281114429408,7.762281114429408,7.452821688198905,7.590359210968018,4049300,0.0,0.0
2024-09-11 00:00:00-04:00,7.6505314040540995,7.770877142152678,7.581762645080133,7.702108383178711,1964800,0.0,0.0
2024-09-12 00:00:00-04:00,7.736492716611467,7.899818313255317,7.667723958046872,7.882626533508301,1873400,0.0,0.0
2024-09-13 00:00:00-04:00,8.011567628244249,8.037356527152445,7.856838333736338,7.874030113220215,1902400,0.0,0.0
2024-09-16 00:00:00-04:00,7.9513951554581785,8.020163912841243,7.9084144771466995,7.959991455078125,1045400,0.0,0.0
2024-09-17 00:00:00-04:00,7.985779762268066,8.020164141941809,7.94279908272882,7.985779762268066,947500,0.0,0.0
2024-09-18 00:00:00-04:00,7.917010791612289,7.994375848760371,7.865433813584149,7.874030113220215,1662600,0.0,0.0
2024-09-19 00:00:00-04:00,8.020163818229364,8.05454819651527,7.796664949476837,7.856838226318359,2180400,0.0,0.0
2024-09-20 00:00:00-04:00,7.856839060135421,7.856839060135421,7.745089613899605,7.84824275970459,1710400,0.0,0.0
2024-09-23 00:00:00-04:00,7.874030098455168,8.04595199191283,7.856838319003528,7.959991455078125,1149600,0.0,0.0
2024-09-24 00:00:00-04:00,8.080336830757265,8.114721211406891,7.985779988917862,8.011568069458008,955800,0.0,0.0
2024-09-25 00:00:00-04:00,7.874030329736498,7.882626629608941,7.512993932976678,7.521590232849121,5026000,0.0,0.0
2024-09-26 00:00:00-04:00,7.5043977531074875,7.667724174142552,7.435628992604816,7.530186653137207,2592500,0.0,0.0
2024-09-27 00:00:00-04:00,7.573166808796705,7.788069375428086,7.573166808796705,7.753684997558594,1915800,0.0,0.0
2024-09-30 00:00:00-04:00,7.788069510956344,7.788069510956344,7.633339397956895,7.6763200759887695,1544300,0.0,0.0
2024-10-01 00:00:00-04:00,7.641936021169368,7.865434080781775,7.616147121385093,7.7622809410095215,2131900,0.0,0.0
2024-10-02 00:00:00-04:00,7.831050074967454,7.9771839015730786,7.702108849039348,7.745089530944824,2250400,0.0,0.0
2024-10-03 00:00:00-04:00,7.745088812614458,7.753685112155941,7.650531157234646,7.727896213531494,2244400,0.0,0.0
2024-10-04 00:00:00-04:00,7.917010587491621,7.968587564189976,7.745088698144163,7.753684997558594,3145600,0.0,0.0
2024-10-07 00:00:00-04:00,7.805261383961826,7.925607119937612,7.770877005081352,7.779473304748535,2148200,0.0,0.0
2024-10-08 00:00:00-04:00,7.73649258388979,7.73649258388979,7.349668118652951,7.452821254730225,4110700,0.0,0.0
2024-10-09 00:00:00-04:00,7.4528219828061255,7.504398145989179,7.35826513711164,7.4270339012146,2206400,0.0,0.0
2024-10-10 00:00:00-04:00,7.530186643857884,7.624743484485465,7.470013363650979,7.573167324066162,1873000,0.0,0.0
2024-10-11 00:00:00-04:00,7.573166610259165,7.607550987227238,7.504397036534805,7.512993335723877,1839900,0.0,0.0
2024-10-14 00:00:00-04:00,7.4700140953063965,7.478610396147681,7.375457245417383,7.4700140953063965,1828100,0.0,0.0
2024-10-15 00:00:00-04:00,7.349668067465935,7.349668067465935,7.160553576080569,7.169149875640869,3382000,0.0,0.0
2024-10-16 00:00:00-04:00,7.177746672761649,7.237919134278402,7.0574009299398375,7.083189010620117,2457100,0.0,0.0
2024-10-17 00:00:00-04:00,7.083188670325461,7.091784970068667,6.9886318325149865,7.005823612213135,2432600,0.0,0.0
2024-10-18 00:00:00-04:00,7.0488040349906464,7.091784712356515,6.988631578551371,7.074592113494873,3150100,0.0,0.0
2024-10-21 00:00:00-04:00,7.0917852328903495,7.1605539938080405,6.8854789501372755,6.9370551109313965,2865200,0.0,0.0
2024-10-22 00:00:00-04:00,6.962843766349247,7.040208004820813,6.937054867070458,6.997228145599365,1809600,0.0,0.0
2024-10-23 00:00:00-04:00,6.988632115113544,7.005823895506874,6.8081139121479435,6.885478973388672,3111000,0.0,0.0
2024-10-24 00:00:00-04:00,6.919863460737437,6.945651541619492,6.859690588855718,6.902670860290527,2206800,0.0,0.0
2024-10-25 00:00:00-04:00,6.93705547027442,7.005824234754368,6.919863689048602,6.962844371795654,1794400,0.0,0.0
2024-10-28 00:00:00-04:00,6.808113784312171,6.954247603958864,6.730748724524124,6.919863224029541,2188300,0.0,0.0
2024-10-29 00:00:00-04:00,6.91986293596349,6.928459235535038,6.799517201326576,6.851093769073486,2479600,0.0,0.0
2024-10-30 00:00:00-04:00,6.876882293326655,6.902670372385919,6.704960399951139,6.713556289672852,2837900,0.0,0.0
2024-10-31 00:00:00-04:00,6.747940628582871,6.747940628582871,6.550230247419056,6.618999004364014,3138900,0.0,0.0
2024-11-01 00:00:00-04:00,6.704960443735583,6.756537012085041,6.524442249565417,6.533038139343262,2475000,0.0,0.0
2024-11-04 00:00:00-05:00,6.653383588168562,6.679172077765849,6.533038259800873,6.541634559631348,1980600,0.0,0.0
2024-11-05 00:00:00-05:00,6.550230458069776,6.558826757911409,6.4642695091241364,6.498653888702393,2614200,0.0,0.0
2024-11-06 00:00:00-05:00,6.49005811888313,6.558826879312522,6.395500868345644,6.5072503089904785,2899100,0.0,0.0
2024-11-07 00:00:00-05:00,6.576018810272217,6.593210999702055,6.533038131750557,6.576018810272217,2263500,0.0,0.0
2024-11-08 00:00:00-05:00,6.593211312409197,6.593211312409197,6.300943668345954,6.326732158660889,3409000,0.0,0.0
2024-11-11 00:00:00-05:00,6.318136114157642,6.4556740515770805,6.249367350395005,6.447077751159668,2542400,0.0,0.0
2024-11-12 00:00:00-05:00,6.43848110375576,6.507250273706412,6.369712343699251,6.412693023681641,2122400,0.0,0.0
2024-11-13 00:00:00-05:00,6.395500919641853,6.395500919641853,6.197790526874508,6.326732158660889,5868400,0.0,0.0
2024-11-14 00:00:00-05:00,6.42988520844301,6.75653722833872,6.421288908495898,6.644787788391113,7238500,0.0,0.0
2024-11-15 00:00:00-05:00,6.722152627801441,6.851093843624749,6.627595380956104,6.8081135749816895,4181900,0.0,0.0
2024-11-18 00:00:00-05:00,6.842498133623892,7.0316126322830925,6.842498133623892,7.014420032501221,5212700,0.0,0.0
2024-11-19 00:00:00-05:00,6.962843903888265,6.988631983888187,6.868286244241416,6.919863224029541,2494700,0.0,0.0
2024-11-20 00:00:00-05:00,6.937055231008898,7.005823993116948,6.894075369532599,6.945651531219482,1832800,0.0,0.0
2024-11-21 00:00:00-05:00,6.962844097539734,7.0831890207452695,6.962844097539734,7.040208339691162,2454300,0.0,0.0
2024-11-22 00:00:00-05:00,7.014420111550286,7.229322692515862,7.005823811562474,7.160553932189941,2566100,0.0,0.0
2024-11-25 00:00:00-05:00,7.134766282995526,7.160554364728422,6.902671088034446,6.962844371795654,2904500,0.0,0.0
2024-11-26 00:00:00-05:00,6.945651619931715,6.954247920252094,6.80811409395894,6.8596906661987305,1844100,0.0,0.0
2024-11-27 00:00:00-05:00,6.8596907080243446,6.971439743611513,6.842498517172922,6.911267280578613,1414500,0.0,0.0
2024-11-29 00:00:00-05:00,6.894075379855383,6.954247841842947,6.868286479185017,6.902670860290527,1157900,0.0,0.0
2024-12-02 00:00:00-05:00,6.885478686612485,6.919863065755353,6.696364191432579,6.816709518432617,2630600,0.0,0.0
2024-12-03 00:00:00-05:00,6.833901579824516,6.902670336820396,6.799517201326576,6.851093769073486,1502100,0.0,0.0
2024-12-04 00:00:00-05:00,6.8339014787825585,6.928459133095007,6.765132722803451,6.790921211242676,1713900,0.0,0.0
2024-12-05 00:00:00-05:00,6.825306207750208,6.980035922725002,6.816709907526752,6.902670860290527,1803900,0.0,0.0
2024-12-06 00:00:00-05:00,6.88547858544001,6.88547858544001,6.66197971440124,6.756536960601807,2430300,0.0,0.0
2024-12-09 00:00:00-05:00,6.859690315018955,7.15195754274857,6.859690315018955,7.057400703430176,3721300,0.0,0.0
2024-12-10 00:00:00-05:00,7.091785395891785,7.246515521407139,7.074592795373051,7.186342239379883,2245000,0.0,0.0
2024-12-11 00:00:00-05:00,7.186342239379883,7.220726620629038,7.083189095632418,7.186342239379883,1678400,0.0,0.0
2024-12-12 00:00:00-05:00,7.1003813657794,7.160553825218595,7.023016306621422,7.143362045288086,1720400,0.0,0.0
2024-12-13 00:00:00-05:00,7.117573284302348,7.177746564701504,7.005823843319106,7.065997123718262,1429200,0.0,0.0
2024-12-16 00:00:00-05:00,7.023016382171274,7.023016382171274,6.799517502152448,6.833901882171631,2800100,0.0,0.0
2024-12-17 00:00:00-05:00,6.790921567687402,6.80811375758457,6.6877684283043966,6.782325267791748,2471100,0.0,0.0
2024-12-18 00:00:00-05:00,6.773729069247016,6.833901526199178,6.550230200870067,6.567422389984131,2049900,0.0,0.0
2024-12-19 00:00:00-05:00,6.618999262711359,6.6963643222411475,6.5416346130757095,6.550230503082275,1561700,0.0,0.0
2024-12-20 00:00:00-05:00,6.490057743917904,6.644787445944478,6.447077066185685,6.567422389984131,2133100,0.0,0.0
2024-12-23 00:00:00-05:00,6.51584638298562,6.533038573578162,6.369712558001939,6.481462001800537,2661200,0.0,0.0
2024-12-24 00:00:00-05:00,6.490057945251465,6.5158460247754935,6.386904397472949,6.490057945251465,883800,0.0,0.0
2024-12-26 00:00:00-05:00,6.4986538351280965,6.567422593717685,6.4470772661859055,6.490057945251465,1400500,0.0,0.0
2024-12-27 00:00:00-05:00,6.4814616454806995,6.576018893488451,6.4298850765385085,6.490057945251465,2105700,0.0,0.0
2024-12-30 00:00:00-05:00,6.4986539773207515,6.6619799874917165,6.490058087256039,6.601807117462158,2143500,0.0,0.0
2024-12-31 00:00:00-05:00,6.618999081291015,6.842497953853789,6.601806891854966,6.8081135749816895,2005000,0.0,0.0
2025-01-02 00:00:00-05:00,6.876882622070599,7.083188903983527,6.859690431911188,7.065997123718262,3179400,0.0,0.0
2025-01-03 00:00:00-05:00,7.091785074489351,7.134765754049972,6.997228235286606,7.100381374359131,1941600,0.0,0.0
2025-01-06 00:00:00-05:00,7.160554182915272,7.3324760897498855,7.117573501259539,7.134766101837158,2145500,0.0,0.0
2025-01-07 00:00:00-05:00,7.246514891193991,7.384052404229282,7.220725992658692,7.349668025970459,2323300,0.0,0.0
2025-01-08 00:00:00-05:00,7.28949499130249,7.315283890694387,7.203534452694309,7.28949499130249,1937200,0.0,0.0
2025-01-10 00:00:00-05:00,7.392649071345463,7.452821531343458,7.2808996315004135,7.298091411590576,3356900,0.0,0.0
2025-01-13 00:00:00-05:00,7.332475534110965,7.5129937275551155,7.298091155349614,7.3668599128723145,2948700,0.0,0.0
2025-01-14 00:00:00-05:00,7.358264433023168,7.409840591271066,7.263706776588265,7.3668599128723145,1526300,0.0,0.0
2025-01-15 00:00:00-05:00,7.435629034451408,7.435629034451408,7.263707132227178,7.392649173736572,2479000,0.0,0.0
2025-01-16 00:00:00-05:00,7.3926493997515355,7.487206243918669,7.358265018255458,7.418437480926514,2182700,0.0,0.0
2025-01-17 00:00:00-05:00,7.418436796462851,7.435628575730527,7.203534226993318,7.263706684112549,2444400,0.0,0.0
2025-01-21 00:00:00-05:00,7.237918960550182,7.2808996405112065,7.083188840605807,7.255110740661621,2547800,0.0,0.0
2025-01-22 00:00:00-05:00,7.246515315740318,7.272303395998202,7.091785194616434,7.108977794647217,2571200,0.0,0.0
2025-01-23 00:00:00-05:00,7.117573115602171,7.263706933440581,7.117573115602171,7.237918853759766,1834700,0.0,0.0
2025-01-24 00:00:00-05:00,7.263706576223015,7.272302875623293,7.151957143384109,7.246514797210693,1586900,0.0,0.0
2025-01-27 00:00:00-05:00,7.0831890548961445,7.366860403517323,7.005823992583403,7.358264923095703,2897200,0.0,0.0
2025-01-28 00:00:00-05:00,7.349668479672385,7.435629020731745,7.2980914992061345,7.401244640350342,2115100,0.0,0.0
2025-01-29 00:00:00-05:00,7.409840501925417,7.788069483527948,7.3754561235786635,7.770876884460449,3954700,0.0,0.0
2025-01-30 00:00:00-05:00,7.839646424757674,8.33822037051416,7.839646424757674,8.312432289123535,6517500,0.0,0.0
2025-01-31 00:00:00-05:00,8.31243264733264,8.31243264733264,7.977184295654298,7.977184295654297,4803500,0.0,0.0
2025-02-03 00:00:00-05:00,7.917011042971558,8.295239221296118,7.848242283276185,8.269451141357422,3437800,0.0,0.0
2025-02-04 00:00:00-05:00,8.278047511300448,8.518738172270552,8.174894370884688,8.458565711975098,3180400,0.0,0.0
2025-02-05 00:00:00-05:00,8.321026810292572,8.329622289059321,8.131912341025517,8.149104118347168,3366300,0.0,0.0
2025-02-06 00:00:00-05:00,8.217875444165694,8.329624070121175,8.183491062382085,8.312432289123535,2535000,0.0,0.0
2025-02-07 00:00:00-05:00,8.32102858951652,8.41558543447436,8.28664420773291,8.312432289123535,1702700,0.0,0.0
2025-02-10 00:00:00-05:00,8.424181105034874,8.553122322136055,8.406988505534308,8.432777404785156,2660300,0.0,0.0
2025-02-11 00:00:00-05:00,8.415584684869788,8.449969063590663,8.364007706894347,8.42418098449707,1564500,0.0,0.0
2025-02-12 00:00:00-05:00,8.338219061700418,8.449968489903409,8.200681556154645,8.278046607971191,2195300,0.0,0.0
2025-02-13 00:00:00-05:00,8.329623246819063,8.828197963084621,8.295238868434014,8.78521728515625,4149400,0.0,0.0
2025-02-14 00:00:00-05:00,8.853986271388461,8.905562430408569,8.793812992813978,8.811005592346191,1596700,0.0,0.0
2025-02-18 00:00:00-05:00,9.025908504679169,9.318176149330146,8.991524124119541,9.309579849243164,4398500,0.0,0.0
2025-02-19 00:00:00-05:00,9.309579591310964,9.498694089043433,9.300983291462153,9.378348350524902,2809100,0.0,0.0
2025-02-20 00:00:00-05:00,9.386944877389727,9.464309938323492,9.300983516399256,9.404136657714844,2468000,0.0,0.0
2025-02-21 00:00:00-05:00,9.283792126540716,9.318176508425417,8.948543788323642,8.965736389160156,2780900,0.0,0.0
2025-02-24 00:00:00-05:00,8.982927822619306,8.982927822619306,8.750833458825413,8.931351661682129,2971100,0.0,0.0
2025-02-25 00:00:00-05:00,8.90556255210522,8.965735831501986,8.72504435349148,8.819602012634277,2796600,0.0,0.0
2025-02-26 00:00:00-05:00,8.79381374310263,8.811006344101719,8.639084433052522,8.699256896972656,2836300,0.0,0.0
2025-02-27 00:00:00-05:00,8.682065178154785,8.802410106859902,8.458566282290509,8.518738746643066,3973300,0.0,0.0
2025-02-28 00:00:00-05:00,8.372604694152104,8.535931121331227,8.278047849850935,8.492950439453125,3430200,0.0,0.0
2025-03-03 00:00:00-05:00,8.544525847964557,8.647679803285717,8.08033632817233,8.140509605407715,3422900,0.0,0.0
2025-03-04 00:00:00-05:00,8.06314412298713,8.071740422107954,7.745088433610474,7.831048965454102,4026900,0.0,0.0
2025-03-05 00:00:00-05:00,7.985780451937615,8.131914283118526,7.822454839329253,8.054549217224121,4121300,0.0,0.0
2025-03-06 00:00:00-05:00,8.054548340324338,8.406988428994563,8.0115676617525,8.24366283416748,3090400,0.0,0.0
2025-03-07 00:00:00-05:00,8.286644486353195,8.630488315750275,8.286644486353195,8.527335166931152,2440000,0.0,0.0
2025-03-10 00:00:00-04:00,8.527334490974692,8.578910651401667,8.269451229474948,8.372604370117188,2062600,0.0,0.0
2025-03-11 00:00:00-04:00,8.321028121023092,8.389796880718468,8.097529242118986,8.269451141357422,1902200,0.0,0.0
2025-03-12 00:00:00-04:00,8.303835609689028,8.441373130545347,8.235066849260868,8.372604370117188,1475600,0.0,0.0
2025-03-13 00:00:00-04:00,8.398392664328602,8.544525654856402,8.346815687833672,8.406988143920898,1272100,0.0,0.0
2025-03-14 00:00:00-04:00,8.484353490731115,8.74223674250353,8.458565411490351,8.707852363586426,1552800,0.0,0.0
2025-03-17 00:00:00-04:00,8.759429522457891,9.000121022154586,8.759429522457891,8.905563354492188,1731900,0.0,0.0
2025-03-18 00:00:00-04:00,8.957139027763587,8.957139027763587,8.750832760892482,8.871177673339844,1845100,0.0,0.0
2025-03-19 00:00:00-04:00,8.76802551818334,8.811006200190716,8.639084291949537,8.77662181854248,1831600,0.0,0.0
2025-03-20 00:00:00-04:00,8.682064043360754,8.7336402004107,8.613295287435333,8.690659523010254,1827200,0.0,0.0
2025-03-21 00:00:00-04:00,8.613295751319612,8.750833270577777,8.613295751319612,8.733640670776367,1944700,0.0,0.0
2025-03-24 00:00:00-04:00,8.742236269141815,8.836793101096864,8.578909863287931,8.664871215820312,2140400,0.0,0.0
2025-03-25 00:00:00-04:00,8.733641114700625,8.922755623187289,8.725044814362976,8.86258316040039,1903100,0.0,0.0
2025-03-26 00:00:00-04:00,8.94854342836837,9.008715889299076,8.914159047866782,8.939947128295898,1953700,0.0,0.0
2025-03-27 00:00:00-04:00,8.9227553615965,9.04310110343041,8.828198520019477,8.931351661682129,1607000,0.0,0.0
2025-03-28 00:00:00-04:00,8.97433095637989,8.991523555466536,8.673467850457785,8.78521728515625,2757700,0.0,0.0
2025-03-31 00:00:00-04:00,8.621891737059107,9.03450513881942,8.596103655632941,8.974331855773926,3473700,0.0,0.0
2025-04-01 00:00:00-04:00,9.025908437734907,9.15484965893009,8.97433145738386,9.120465278625488,2300400,0.0,0.0
2025-04-02 00:00:00-04:00,9.094676488553928,9.163445243796103,8.948542678717251,9.137657165527344,2453200,0.0,0.0
2025-04-03 00:00:00-04:00,8.602585792541504,8.890839695508244,8.539529606969234,8.602585792541504,3752300,0.486,0.0
2025-04-04 00:00:00-04:00,8.152189013314759,8.233260642006524,7.701791839751119,8.107149124145508,5812300,0.0,0.0
2025-04-07 00:00:00-04:00,7.602704184074233,8.260284527743407,7.584688743199928,7.954014301300049,5549900,0.0,0.0
2025-04-08 00:00:00-04:00,8.188220563677099,8.206236003489956,7.2063546105406315,7.332466125488281,6072500,0.0,0.0
2025-04-09 00:00:00-04:00,7.1613146733802004,8.125165180104576,7.035203588828208,8.062108993530273,5689000,0.0,0.0
2025-04-10 00:00:00-04:00,7.881950495841146,7.954013974506538,7.332466256251414,7.41353702545166,5036900,0.0,0.0
2025-04-11 00:00:00-04:00,7.539648660836589,7.972030398671206,7.45857703130107,7.926990509033203,3318600,0.0,0.0
2025-04-14 00:00:00-04:00,8.206236508120826,8.251276399019252,7.908974430881469,8.008062362670898,2560500,0.0,0.0
2025-04-15 00:00:00-04:00,8.008061917595338,8.053100946926099,7.8999667008855585,7.935998439788818,2322800,0.0,0.0
2025-04-16 00:00:00-04:00,8.017068877309487,8.134172238680538,7.94500540247567,7.981037139892578,1631000,0.0,0.0
2025-04-17 00:00:00-04:00,8.107149075296666,8.314331361536656,8.071117335991259,8.21524429321289,1500000,0.0,0.0
2025-04-21 00:00:00-04:00,8.179212845436885,8.179212845436885,8.04409403299171,8.152189254760742,1619500,0.0,0.0
2025-04-22 00:00:00-04:00,8.28730780496599,8.28730780496599,8.09814095808998,8.143180847167969,2120600,0.0,0.0
2025-04-23 00:00:00-04:00,8.287308454927295,8.314332046867737,8.116157893885172,8.242268562316895,2035800,0.0,0.0
2025-04-24 00:00:00-04:00,8.368379592895508,8.386395892495653,8.269292522288053,8.368379592895508,1677900,0.0,0.0
2025-04-25 00:00:00-04:00,8.35036415235981,8.40441133303135,8.278299813023677,8.368379592895508,2037000,0.0,0.0
2025-04-28 00:00:00-04:00,8.364568397149798,8.364568397149798,8.012075294208756,8.069236755371094,3871100,0.506,0.0
2025-04-29 00:00:00-04:00,8.031129522105738,8.040655675298101,7.8215387065133095,7.907280445098877,3694700,0.0,0.0
2025-04-30 00:00:00-04:00,7.859645857554918,7.869172919070763,7.583367433449557,7.726269721984863,3547800,0.0,0.0
2025-05-01 00:00:00-04:00,7.707216349477103,7.907280094454835,7.650054890104648,7.678636074066162,1978200,0.0,0.0
2025-05-02 00:00:00-04:00,7.802484454952761,7.82153857812595,7.573840428178091,7.764377117156982,3711400,0.0,0.0
2025-05-05 00:00:00-04:00,7.688162178573478,7.726269515065703,7.478571827866236,7.507152557373047,2925500,0.0,0.0
2025-05-06 00:00:00-04:00,7.592893837342913,7.650054842081252,7.4595181596201225,7.507152557373047,3256200,0.0,0.0
2025-05-07 00:00:00-04:00,7.631002023402273,7.76437725375872,7.430938269316987,7.535733222961426,5522000,0.0,0.0
2025-05-08 00:00:00-04:00,7.592893799633197,7.773903874209935,7.564313524543612,7.707216262817383,2285400,0.0,0.0
2025-05-09 00:00:00-04:00,7.802484600319539,7.916807524387405,7.716743770094564,7.773904323577881,1924700,0.0,0.0
2025-05-12 00:00:00-04:00,8.050182589570824,8.050182589570824,7.792958287076797,7.8977532386779785,2612300,0.0,0.0
2025-05-13 00:00:00-04:00,7.9739680380300655,8.355042329734204,7.926333637998222,8.212139129638672,3137300,0.0,0.0
2025-05-14 00:00:00-04:00,8.164504070723156,8.240718741203262,8.107343522138347,8.231192588806152,2068100,0.0,0.0
2025-05-15 00:00:00-04:00,8.107343673706055,8.20261155931196,8.002547818423837,8.107343673706055,2015000,0.0,0.0
2025-05-16 00:00:00-04:00,8.145451271859615,8.221665946217902,8.088289811815606,8.193085670471191,1612900,0.0,0.0
2025-05-19 00:00:00-04:00,8.097817114692614,8.240719406237533,8.002548314628926,8.212139129638672,1920000,0.0,0.0
2025-05-20 00:00:00-04:00,8.193085233983126,8.231192569132094,8.126396716059528,8.164504051208496,1117400,0.0,0.0
2025-05-21 00:00:00-04:00,8.231192872572704,8.250246086574311,8.040655281253208,8.050182342529297,2163300,0.0,0.0
2025-05-22 00:00:00-04:00,8.040655570514623,8.09781703167696,7.907280342053506,8.069236755371094,1611500,0.0,0.0
2025-05-23 00:00:00-04:00,7.983494958907649,8.202611923217773,7.983494958907649,8.202611923217773,1255600,0.0,0.0
2025-05-27 00:00:00-04:00,8.212139242306565,8.335988320668282,8.202612180459365,8.28835391998291,1697700,0.0,0.0
2025-05-28 00:00:00-04:00,8.33598820630122,8.33598820630122,8.16450472960683,8.212139129638672,1534100,0.0,0.0
2025-05-29 00:00:00-04:00,8.269300043360502,8.316933531684949,8.193085371780729,8.30740737915039,1509600,0.0,0.0
2025-05-30 00:00:00-04:00,8.240719321756902,8.278826659681593,8.040655570514623,8.069236755371094,2152700,0.0,0.0
2025-06-02 00:00:00-04:00,8.231192595000989,8.288353143628816,8.012074735792874,8.097816467285156,1779200,0.0,0.0
2025-06-03 00:00:00-04:00,8.107343763703183,8.269300170436662,7.973967632113681,8.250246047973633,1544700,0.0,0.0
2025-06-04 00:00:00-04:00,8.269300736929797,8.459837431860077,8.2121392741754,8.22166633605957,2560600,0.0,0.0
2025-06-05 00:00:00-04:00,8.355042298458024,8.383622574949898,8.250246437070137,8.278826713562012,1338800,0.0,0.0
2025-06-06 00:00:00-04:00,8.28835374351012,8.593213356275161,8.278826681865768,8.545578956604004,2506700,0.0,0.0
2025-06-09 00:00:00-04:00,8.62179309149957,8.62179309149957,8.421729352278456,8.507471084594727,1762600,0.0,0.0
2025-06-10 00:00:00-04:00,8.621793356827972,8.726588305911418,8.51699749919395,8.593213081359863,2316300,0.0,0.0
2025-06-11 00:00:00-04:00,8.669427830038305,8.898071852864003,8.621793431478638,8.869491577148438,2282000,0.0,0.0
2025-06-12 00:00:00-04:00,8.859964759812982,8.936179436187883,8.793276236571987,8.888545036315918,1910500,0.0,0.0
2025-06-13 00:00:00-04:00,9.183877381003711,9.250564994186067,9.002866847293612,9.212457656860352,4418600,0.0,0.0
2025-06-16 00:00:00-04:00,9.17434993804732,9.355359555680097,9.02192059508276,9.050500869750977,2617300,0.0,0.0
2025-06-17 00:00:00-04:00,9.145770072937012,9.221984747832272,9.060028336542198,9.145770072937012,1681600,0.0,0.0
2025-06-18 00:00:00-04:00,9.193403361143718,9.355359768871896,9.15529602453418,9.269618034362793,3400600,0.0,0.0
2025-06-20 00:00:00-04:00,9.269618580704016,9.479209398684812,9.250565365551557,9.374414443969727,3248200,0.0,0.0
2025-06-23 00:00:00-04:00,9.431574512175727,9.460155696258191,8.955232346741589,9.002866744995117,3809500,0.0,0.0
2025-06-24 00:00:00-04:00,8.879017944126204,9.069555542959444,8.793276206361368,8.955232620239258,3190000,0.0,0.0
2025-06-25 00:00:00-04:00,8.907599159684947,9.002867050878269,8.821857421625532,8.888545036315918,3331800,0.0,0.0
2025-06-26 00:00:00-04:00,8.888544775090331,8.936179173562369,8.688481028348242,8.802803039550781,3312900,0.0,0.0
2025-06-27 00:00:00-04:00,8.802802708627937,8.802802708627937,8.459836687913404,8.507471084594727,2794500,0.0,0.0
2025-06-30 00:00:00-04:00,8.459837525342506,8.5074719267391,8.383622846528212,8.431257247924805,1626300,0.0,0.0
2025-07-01 00:00:00-04:00,8.478890419006348,8.57415921818419,8.41220280471222,8.478890419006348,2160200,0.0,0.0
2025-07-02 00:00:00-04:00,8.68848145635771,8.840910812136693,8.612266778468218,8.831384658813477,2254400,0.0,0.0
2025-07-03 00:00:00-04:00,8.755168669948734,8.869491590078834,8.717061332755563,8.736115455627441,998300,0.0,0.0
2025-07-07 00:00:00-04:00,8.640846434446166,8.669427618013318,8.41220241721233,8.450309753417969,2445000,0.0,0.0
2025-07-08 00:00:00-04:00,8.516997711836899,8.726588523787198,8.48841743565523,8.678954124450684,2139100,0.0,0.0
2025-07-09 00:00:00-04:00,8.678953890693062,8.707535074655528,8.526524543762207,8.526524543762207,2049300,0.0,0.0
2025-07-10 00:00:00-04:00,8.536051333000009,8.612266004036124,8.431256387462984,8.574158668518066,2209200,0.0,0.0
2025-07-11 00:00:00-04:00,8.555104520647081,8.707534770809517,8.555104520647081,8.640846252441406,1782300,0.0,0.0
2025-07-14 00:00:00-04:00,8.58368657231992,8.59321363427248,8.440783368683416,8.497944831848145,2720000,0.0,0.0
2025-07-15 00:00:00-04:00,8.45031031843146,8.583686458344413,8.40267591785179,8.421730041503906,2119800,0.0,0.0
2025-07-16 00:00:00-04:00,8.45983681460702,8.516997364640197,8.307407469784462,8.450309753417969,3111300,0.0,0.0
2025-07-17 00:00:00-04:00,8.355042010611962,8.545578694911143,8.355042010611962,8.459836959838867,2326400,0.0,0.0
2025-07-18 00:00:00-04:00,8.488417657185073,8.631320858924084,8.40267591785179,8.421730041503906,2222500,0.0,0.0
2025-07-21 00:00:00-04:00,8.478890595359013,8.555105272866237,8.421730041503906,8.421730041503906,1568600,0.0,0.0
2025-07-22 00:00:00-04:00,8.44078270184402,8.497944160492874,8.307407479247633,8.316933631896973,1492500,0.0,0.0
2025-07-23 00:00:00-04:00,8.383622814069323,8.526525109155191,8.355042536762276,8.497944831848145,2048600,0.0,0.0
2025-07-24 00:00:00-04:00,8.459837030725199,8.459837030725199,8.183558609038759,8.193085670471191,3500400,0.0,0.0
2025-07-25 00:00:00-04:00,8.221665654551122,8.250245929283937,8.145450982896579,8.174031257629395,1243900,0.0,0.0
2025-07-28 00:00:00-04:00,8.164504051208496,8.259772843356187,8.116870563685188,8.164504051208496,1601900,0.0,0.0
2025-07-29 00:00:00-04:00,8.145451736193879,8.41220311165414,8.135924674218353,8.364568710327148,1919600,0.0,0.0
2025-07-30 00:00:00-04:00,8.259772869314903,8.259772869314903,8.04065501010679,8.097816467285156,3229300,0.0,0.0
2025-07-31 00:00:00-04:00,8.012075279374622,8.116871139886447,7.973967941520486,8.002548217773438,1667800,0.0,0.0
2025-08-01 00:00:00-04:00,7.916807361814882,8.040655528002372,7.878700024091671,7.8977532386779785,2237000,0.0,0.0
2025-08-04 00:00:00-04:00,7.897753109926484,8.002548059819267,7.897753109926484,7.954914569854736,1326900,0.0,0.0
2025-08-05 00:00:00-04:00,8.002548474478699,8.10734433835216,7.9930223211225355,8.088290214538574,1509400,0.0,0.0
2025-08-06 00:00:00-04:00,8.107343502760312,8.307407239430033,8.107343502760312,8.164504051208496,2218800,0.0,0.0
2025-08-07 00:00:00-04:00,8.24071886818948,8.30740738730012,8.154978043991035,8.174031257629395,2246900,0.0,0.0
2025-08-08 00:00:00-04:00,8.19308594592841,8.278826776051211,8.126397422209855,8.145451545715332,2924600,0.0,0.0
2025-08-11 00:00:00-04:00,8.16450446997708,8.250246205597705,8.050182458666443,8.126397132873535,1711000,0.0,0.0
2025-08-12 00:00:00-04:00,8.18355902935084,8.250246645701809,8.107344351078126,8.15497875213623,2272500,0.0,0.0
2025-08-13 00:00:00-04:00,8.154978688324617,8.374095659506455,8.088290163944846,8.28835391998291,2439700,0.0,0.0
2025-08-14 00:00:00-04:00,8.240718860105174,8.326460592770058,8.15497803599084,8.30740737915039,2211100,0.0,0.0
2025-08-15 00:00:00-04:00,8.278826808791212,8.536052025828702,8.278826808791212,8.488417625427246,2090900,0.0,0.0
2025-08-18 00:00:00-04:00,8.459837525342506,8.5074719267391,8.374095784538765,8.431257247924805,1800500,0.0,0.0
2025-08-19 00:00:00-04:00,8.44078308104533,8.52652481859527,8.421729866340124,8.478890419006348,3122200,0.0,0.0
2025-08-20 00:00:00-04:00,8.497944831848145,8.669428312791695,8.478890707943025,8.497944831848145,2085600,0.0,0.0
2025-08-21 00:00:00-04:00,8.469364265929046,8.536051880223175,8.431256927968029,8.478890419006348,1800500,0.0,0.0
2025-08-22 00:00:00-04:00,8.497944608685152,8.764695976497293,8.48841754698278,8.755168914794922,1836600,0.0,0.0
2025-08-25 00:00:00-04:00,8.745642343993987,8.793275833129883,8.640846487373654,8.793275833129883,1843800,0.0,0.0
2025-08-26 00:00:00-04:00,8.707534890217174,8.783749562068262,8.66942755429163,8.717061042785645,2057000,0.0,0.0
2025-08-27 00:00:00-04:00,8.669427671115873,8.802802894377288,8.650373548621062,8.793275833129883,1171700,0.0,0.0
2025-08-28 00:00:00-04:00,8.80280305574467,8.888544791441953,8.736115442891489,8.869491577148438,960600,0.0,0.0
2025-08-29 00:00:00-04:00,8.888545005777988,8.974286743542825,8.859964729373244,8.955232620239258,1472500,0.0,0.0
2025-09-02 00:00:00-04:00,8.92665209968057,8.964759436694818,8.821857150029032,8.936179161071777,1693800,0.0,0.0
2025-09-03 00:00:00-04:00,8.85996483991062,8.92665245520389,8.621793746948242,8.621793746948242,1941600,0.0,0.0
2025-09-04 00:00:00-04:00,8.583686264246062,8.669428001640512,8.526524803132894,8.612266540527344,1458800,0.0,0.0
2025-09-05 00:00:00-04:00,8.536051450731371,8.68848079490595,8.507471175836278,8.650373458862305,1459900,0.0,0.0
2025-09-08 00:00:00-04:00,8.602739735446528,8.745642938215456,8.602739735446528,8.69800853729248,1554600,0.0,0.0
2025-09-09 00:00:00-04:00,8.717061447459855,9.040974272139342,8.70753529444915,8.81233024597168,2106900,0.0,0.0
2025-09-10 00:00:00-04:00,8.821856979598287,9.002866599781372,8.78374964332024,8.993339538574219,1635900,0.0,0.0
2025-09-11 00:00:00-04:00,8.92665225905551,8.96475959675012,8.783749969838372,8.81233024597168,1204000,0.0,0.0
2025-09-12 00:00:00-04:00,8.81232973549103,8.869491192996994,8.698007729029644,8.707534790039062,1262700,0.0,0.0
2025-09-15 00:00:00-04:00,8.745642343993987,8.821857016872102,8.70753500755493,8.793275833129883,1234600,0.0,0.0
2025-09-16 00:00:00-04:00,8.812330088637825,8.955232375303611,8.802803027246618,8.936179161071777,1430400,0.0,0.0
2025-09-17 00:00:00-04:00,8.907599014482663,8.993339842593814,8.850437553857969,8.87901782989502,1706600,0.0,0.0
2025-09-18 00:00:00-04:00,8.859964289262557,8.898071625426136,8.583685874938965,8.583685874938965,2376900,0.0,0.0
2025-09-19 00:00:00-04:00,8.593213093123582,8.593213093123582,8.421729622979031,8.459836959838867,2777200,0.0,0.0
2025-09-22 00:00:00-04:00,8.49794414143327,8.631320272281078,8.469363866448226,8.583685874938965,1723600,0.0,0.0
2025-09-23 00:00:00-04:00,8.669427942522645,8.983813705124728,8.669427942522645,8.945706367492676,2371500,0.0,0.0
2025-09-24 00:00:00-04:00,8.964759919386681,9.183877800429565,8.964759919386681,9.17435073852539,2628700,0.0,0.0
2025-09-25 00:00:00-04:00,9.193403547485165,9.212457670451428,9.069555382406813,9.079081535339355,2087100,0.0,0.0
2025-09-26 00:00:00-04:00,9.060028627615242,9.117189181347799,8.955232764854523,8.964759826660156,1845500,0.0,0.0
2025-09-29 00:00:00-04:00,8.755168815091618,8.85996467552308,8.717061477266704,8.74564266204834,2093000,0.0,0.0
2025-09-30 00:00:00-04:00,8.688480642233204,8.81232970933643,8.640846245878034,8.774222373962402,1907100,0.0,0.0
2025-10-01 00:00:00-04:00,8.850437044710457,8.888544380084486,8.76469531298126,8.774222373962402,1313700,0.0,0.0
2025-10-02 00:00:00-04:00,8.774222380627084,8.802802655041678,8.50747103280627,8.640846252441406,2410500,0.0,0.0
2025-10-03 00:00:00-04:00,8.707535454344074,8.745642792738442,8.659901054213458,8.688481330871582,988700,0.0,0.0
2025-10-06 00:00:00-04:00,8.707535035201804,8.745642371761853,8.650373576086444,8.726588249206543,1391200,0.0,0.0
2025-10-07 00:00:00-04:00,8.678954154700538,8.707535339532424,8.59321332585669,8.612266540527344,2333600,0.0,0.0
2025-10-08 00:00:00-04:00,8.631320418167533,8.726588305911418,8.536051621873073,8.593213081359863,1598700,0.0,0.0
2025-10-09 00:00:00-04:00,8.621793733087259,8.688481348273315,8.545579056145876,8.555105209350586,1166600,0.0,0.0
2025-10-10 00:00:00-04:00,8.478890728381547,8.536052191684062,8.307408155575269,8.364568710327148,2681600,0.0,0.0
2025-10-13 00:00:00-04:00,8.47889013462647,8.67895387934937,8.431256645185767,8.659900665283203,1282500,0.0,0.0
2025-10-14 00:00:00-04:00,8.526524305749616,8.583685763528347,8.36456790201885,8.37409496307373,2762400,0.0,0.0
2025-10-15 00:00:00-04:00,8.459836687913404,8.5360513591833,8.412202291232083,8.507471084594727,1506800,0.0,0.0
2025-10-16 00:00:00-04:00,8.574159477687733,8.583686539603983,8.478890675626506,8.564632415771484,1898200,0.0,0.0
2025-10-17 00:00:00-04:00,8.564632141024804,8.698008277921794,8.555105079414176,8.612266540527344,1750000,0.0,0.0
2025-10-20 00:00:00-04:00,8.47889018597257,8.536051645618372,8.316933776951808,8.326460838317871,2359800,0.0,0.0
2025-10-21 00:00:00-04:00,8.37409539688698,8.402675672981651,8.183558708671526,8.202611923217773,2507000,0.0,0.0
2025-10-22 00:00:00-04:00,8.221666032008423,8.345515106270614,8.164504571367953,8.33598804473877,2751900,0.0,0.0
2025-10-23 00:00:00-04:00,8.564631699083467,8.72658810390467,8.497944088351403,8.717061042785645,2201200,0.0,0.0
2025-10-24 00:00:00-04:00,8.755168277985065,8.859964131987576,8.707534790039062,8.707534790039062,2150100,0.0,0.0
2025-10-27 00:00:00-04:00,8.764695718607054,8.879017730019903,8.688481044331821,8.869491577148438,1841300,0.0,0.0
2025-10-28 00:00:00-04:00,8.859964252393306,8.869491313532196,8.774222519244411,8.7837495803833,1377400,0.0,0.0
2025-10-29 00:00:00-04:00,8.850437309461405,8.974286380269438,8.802802911681304,8.859964370727539,1928300,0.0,0.0
2025-10-30 00:00:00-04:00,8.764695846715767,8.898071982922202,8.717061447459855,8.81233024597168,1416400,0.0,0.0
2025-10-31 00:00:00-04:00,8.859964615387184,8.926652228990498,8.82185727782092,8.87901782989502,1477700,0.0,0.0
2025-11-03 00:00:00-05:00,8.879017529740077,9.012393660988524,8.821856979598287,8.993339538574219,1552400,0.0,0.0
2025-11-04 00:00:00-05:00,8.812330390674836,8.850437728995189,8.669428099111165,8.821857452392578,2185100,0.0,0.0
2025-11-05 00:00:00-05:00,8.859964601391738,9.107662749456484,8.859964601391738,9.012393951416016,2133400,0.0,0.0
2025-11-06 00:00:00-05:00,9.04097418461933,9.250564994186067,9.04097418461933,9.212457656860352,2669600,0.0,0.0
2025-11-07 00:00:00-05:00,9.212457206850445,9.450628280639648,9.193403084843046,9.450628280639648,2612600,0.0,0.0
2025-11-10 00:00:00-05:00,9.441101638031816,9.441101638031816,9.126715879381656,9.412521362304688,2933800,0.0,0.0
2025-11-11 00:00:00-05:00,9.450628771922927,9.707853072540582,9.431574648925016,9.688799858093262,3212400,0.0,0.0
2025-11-12 00:00:00-05:00,9.584004907256528,9.698326919592217,9.479209047869201,9.688799858093262,2493400,0.0,0.0
2025-11-13 00:00:00-05:00,9.688799623494878,9.765014296539926,9.507789093599966,9.536370277404785,2190300,0.0,0.0
2025-11-14 00:00:00-05:00,9.450628868966279,10.07940039754438,9.355360070099644,9.898390769958496,4525000,0.0,0.0
2025-11-17 00:00:00-05:00,9.917443826268256,10.146087849637127,9.812648876028504,10.022239685058594,2014800,0.0,0.0
2025-11-18 00:00:00-05:00,9.907916976293931,10.146088066190906,9.86980963825244,10.107980728149414,2207100,0.0,0.0
2025-11-19 00:00:00-05:00,9.955551002330493,10.041292736843431,9.91744366571925,9.946023941040039,2092100,0.0,0.0
2025-11-20 00:00:00-05:00,9.955551503339118,10.012712965407893,9.631638671567504,9.641165733337402,4047800,0.0,0.0
2025-11-21 00:00:00-05:00,9.603057649105255,9.603057649105255,9.364886574656115,9.383940696716309,2551200,0.0,0.0
2025-11-24 00:00:00-05:00,9.33630676017516,9.33630676017516,9.040974213543088,9.145770072937012,3282400,0.0,0.0
2025-11-25 00:00:00-05:00,9.117189131885373,9.221984994077557,8.945706563067413,9.164823532104492,3136500,0.0,0.0
2025-11-26 00:00:00-05:00,9.260091870901132,9.441101492449203,9.250564809622137,9.402994155883789,2570700,0.0,0.0
2025-11-28 00:00:00-05:00,9.364887092685025,9.431574706483508,9.288672417329447,9.35536003112793,1327300,0.0,0.0
2025-12-01 00:00:00-05:00,9.412521333551583,9.545897467455053,9.317252536684736,9.479208946228027,1872800,0.0,0.0
2025-12-02 00:00:00-05:00,9.46968230480039,9.479209366619704,9.326780011713153,9.441102027893066,1593100,0.0,0.0
2025-12-03 00:00:00-05:00,9.488736521444983,9.669746155033062,9.488736521444983,9.6506929397583,1354500,0.0,0.0
2025-12-04 00:00:00-05:00,9.66022003429264,9.736434712750322,9.54589801660612,9.584005355834961,1104300,0.0,0.0
2025-12-05 00:00:00-05:00,9.536370581943972,9.60305819585038,9.422048568725586,9.422048568725586,2846900,0.0,0.0
2025-12-08 00:00:00-05:00,9.431574691945057,9.564950827887023,9.374414139791782,9.488736152648926,2048700,0.0,0.0
2025-12-09 00:00:00-05:00,9.526843070983887,9.564950406925801,9.441101337976944,9.526843070983887,1580700,0.0,0.0
2025-12-10 00:00:00-05:00,9.44110166728381,9.488736066010334,9.288672318199401,9.345833778381348,2128100,0.0,0.0
2025-12-11 00:00:00-05:00,9.279145256743979,9.374414054197027,9.231510858017453,9.345833778381348,1786800,0.0,0.0
2025-12-12 00:00:00-05:00,9.383940952741977,9.450628564671025,9.269618034362793,9.269618034362793,1404900,0.0,0.0
2025-12-15 00:00:00-05:00,9.288672755723605,9.307726879531955,9.098136060393246,9.17435073852539,1896300,0.0,0.0
2025-12-16 00:00:00-05:00,9.06002851243475,9.107662912306715,8.869491821497498,8.888545036315918,3280700,0.0,0.0
2025-12-17 00:00:00-05:00,8.936178769855225,9.002866379573,8.888544373535153,8.907598495483398,1843300,0.0,0.0
2025-12-18 00:00:00-05:00,8.9457059855422,8.955232138130533,8.764695458105521,8.7837495803833,1788900,0.0,0.0
2025-12-19 00:00:00-05:00,8.888544380084486,8.983813172794825,8.774222373962402,8.774222373962402,2591900,0.0,0.0
2025-12-22 00:00:00-05:00,8.850437309461405,8.974286380269438,8.840910248195271,8.859964370727539,1365400,0.0,0.0
2025-12-23 00:00:00-05:00,8.917125394967952,9.060028595900345,8.888545118201721,9.031447410583496,1308600,0.0,0.0
2025-12-24 00:00:00-05:00,9.050501275042642,9.202930624833161,9.050501275042642,9.145770072937012,917900,0.0,0.0
2025-12-26 00:00:00-05:00,9.145770286184431,9.269618454363991,9.126716162741046,9.231511116027832,1319400,0.0,0.0
2025-12-29 00:00:00-05:00,9.2886727044071,9.42204884467681,9.260092427403098,9.374414443969727,1568600,0.0,0.0
2025-12-30 00:00:00-05:00,9.431574431170207,9.498262951572608,9.33630654403196,9.402994155883789,1906700,0.0,0.0
2025-12-31 00:00:00-05:00,9.412521349693483,9.593530973790214,9.402994288280343,9.545897483825684,1481400,0.0,0.0
2026-01-02 00:00:00-05:00,9.593530790040871,9.755487196759882,9.4125211694111,9.736433982849121,2492900,0.0,0.0
2026-01-05 00:00:00-05:00,9.898390778629796,10.43189350880863,9.51731649138003,10.30804443359375,6669000,0.0,0.0
2026-01-06 00:00:00-05:00,10.412840409068808,10.793913791973637,10.365206009068052,10.384259223937988,6040600,0.0,0.0
2026-01-07 00:00:00-05:00,10.32709851650878,10.32709851650878,9.946024230745925,9.965078353881836,3299300,0.0,0.0
2026-01-08 00:00:00-05:00,9.917444022545297,10.327098587268306,9.869809622929733,10.24135684967041,1857300,0.0,0.0
2026-01-09 00:00:00-05:00,10.250883609125028,10.393785895208602,10.203249210913643,10.35567855834961,1897900,0.0,0.0
2026-01-12 00:00:00-05:00,10.42236624563189,10.66053732985022,10.37473275562869,10.631957054138184,2547600,0.0,0.0
2026-01-13 00:00:00-05:00,10.689119030744264,10.984450680660773,10.612904352794802,10.803441047668457,2570400,0.0,0.0
2026-01-14 00:00:00-05:00,10.879654974454764,11.213094848874968,10.860600852007638,11.022557258605957,3732500,0.0,0.0
2026-01-15 00:00:00-05:00,10.79391377721415,11.15593394475402,10.698644977342907,11.12735366821289,3000100,0.0,0.0
2026-01-16 00:00:00-05:00,11.127353656887344,11.69896372988118,11.127353656887344,11.67038345336914,4223700,0.0,0.0
2026-01-20 00:00:00-05:00,11.556061643131633,12.108618511072581,11.556061643131633,11.956189155578613,3924200,0.0,0.0
2026-01-21 00:00:00-05:00,12.10861777192295,12.365842066479553,12.051456312826721,12.24199390411377,3397100,0.0,0.0
2026-01-22 00:00:00-05:00,12.175305200849712,12.175305200849712,11.603695161226813,11.622748374938965,4162300,0.0,0.0
2026-01-23 00:00:00-05:00,11.908554077148438,12.099090760672699,11.679910056919326,11.908554077148438,2701700,0.0,0.0
2026-01-26 00:00:00-05:00,12.06098394722435,12.19436008575304,11.870447255433803,12.080038070678711,2205600,0.0,0.0
2026-01-27 00:00:00-05:00,12.146725309860306,12.642121601739282,12.12767118699546,12.461111068725586,4123500,0.0,0.0
2026-01-28 00:00:00-05:00,12.480165694369894,12.613540925594668,11.918081766920857,12.15625286102295,4821200,0.0,0.0
2026-01-29 00:00:00-05:00,12.48016486439242,12.623067147929893,12.01334886049885,12.165779113769531,4250400,0.0,0.0
2026-01-30 00:00:00-05:00,12.118144854791714,12.241993925928764,11.832339375902412,11.975241661071777,4019300,0.0,0.0
2026-02-02 00:00:00-05:00,11.594168648055033,11.851392950904545,11.53700718711592,11.727544784545898,3355100,0.0,0.0
2026-02-03 00:00:00-05:00,11.851393166104556,12.051456920198351,11.689437659029212,11.813285827636719,4410500,0.0,0.0
2026-02-04 00:00:00-05:00,11.88949999452352,11.937134392702497,11.241675268361398,11.708490371704102,3942200,0.0,0.0
2026-02-05 00:00:00-05:00,11.375050586449222,11.584641395028186,11.165460686420841,11.174986839294434,2557000,0.0,0.0
2026-02-06 00:00:00-05:00,11.260728606548016,11.67038316342906,11.241675392196885,11.651329040527344,2002300,0.0,0.0
2026-02-09 00:00:00-05:00,11.651329056428564,11.975241877795119,11.52748089160073,11.718017578125,2892300,0.0,0.0
2026-02-10 00:00:00-05:00,11.746598326203642,11.746598326203642,11.384578152978271,11.479846954345703,2109400,0.0,0.0
2026-02-11 00:00:00-05:00,11.718017461632797,11.841866533780001,11.594168389485594,11.641802787780762,2554100,0.0,0.0
2026-02-12 00:00:00-05:00,11.575114468840251,11.64180299103805,11.184514031391327,11.317890167236328,2781400,0.0,0.0
2026-02-13 00:00:00-05:00,11.28931013479966,11.422685364972256,11.241675734644899,11.336943626403809,1482000,0.0,0.0
2026-02-17 00:00:00-05:00,11.346470413667818,11.422685088651518,11.098772265695496,11.384577751159668,2459700,0.0,0.0
2026-02-18 00:00:00-05:00,11.498899359717681,11.575114032024217,11.317889740127299,11.489373207092285,2005200,0.0,0.0
2026-02-19 00:00:00-05:00,11.613221649582279,12.022876204569338,11.508426699759102,11.984768867492676,3816100,0.0,0.0
2026-02-20 00:00:00-05:00,12.070510485281703,12.146725158691407,11.641802720214473,11.908554077148438,3626900,0.0,0.0
2026-02-23 00:00:00-05:00,11.889500327813673,12.308681953278604,11.870447113138322,12.070510864257812,3293800,0.0,0.0
2026-02-24 00:00:00-05:00,12.041930090884865,12.080037427213117,11.756124614147696,11.8323392868042,2227500,0.0,0.0
2026-02-25 00:00:00-05:00,11.803759243516174,12.060983541646001,11.575114312505615,11.984768867492676,2844300,0.0,0.0
2026-02-26 00:00:00-05:00,11.860919639552245,11.860919639552245,11.375050416773698,11.432211875915527,3864900,0.0,0.0
2026-02-27 00:00:00-05:00,11.613221954972646,11.708490754444856,11.27978297392112,11.327417373657227,3050500,0.0,0.0
2026-03-02 00:00:00-05:00,11.718017169151393,11.918080910157046,11.403631420221158,11.622748374938965,4411300,0.0,0.0
2026-03-03 00:00:00-05:00,11.527481277084329,11.613222107474517,11.079719367366014,11.136879920959473,3904200,0.0,0.0
2026-03-04 00:00:00-05:00,11.041611671447754,11.279782756997358,11.013031395575966,11.041611671447754,2159600,0.0,0.0
2026-03-05 00:00:00-05:00,11.17498718163308,12.060983933110602,11.117826628438111,12.013349533081055,5378200,0.0,0.0
2026-03-06 00:00:00-05:00,12.251520029070434,12.60401311847166,12.146725080940524,12.30868148803711,5552600,0.0,0.0
2026-03-09 00:00:00-04:00,12.623067119805556,12.775496464186062,12.099090567084648,12.232466697692871,6182600,0.0,0.0
2026-03-10 00:00:00-04:00,12.146725736565575,12.442058291491401,11.889500520157538,12.289628028869629,3539500,0.0,0.0
2026-03-11 00:00:00-04:00,12.337261792686826,12.937453024791665,12.299154456134959,12.918399810791016,3618900,0.0,0.0
2026-03-12 00:00:00-04:00,13.232786003641788,13.404268569540948,12.946980515742391,13.289946556091309,5024700,0.0,0.0
2026-03-13 00:00:00-04:00,13.061302272460642,13.328053631933235,12.937453199853579,13.204204559326172,3513000,0.0,0.0
2026-03-16 00:00:00-04:00,13.147044490798747,13.613859614156269,13.013668351889192,13.442376136779785,2792800,0.0,0.0
2026-03-17 00:00:00-04:00,13.528117595323538,14.052094169806088,13.490010257645748,14.033040046691895,3069700,0.0,0.0
2026-03-18 00:00:00-04:00,14.099728745328388,14.214050759791112,13.947299392711423,13.975879669189453,2631800,0.0,0.0
2026-03-19 00:00:00-04:00,14.042566892053532,14.642758132651283,13.899664605099556,13.947299003601074,5907500,0.0,0.0
2026-03-20 00:00:00-04:00,13.909191340207805,14.185469754774577,13.537644130872948,14.128308296203613,5291500,0.0,0.0
2026-03-23 00:00:00-04:00,13.35663516145776,13.832977341391906,13.251839300399858,13.632913589477539,3849400,0.0,0.0
2026-03-24 00:00:00-04:00,13.756761393464917,14.118781549681174,13.709127903569831,13.880610466003418,1818200,0.0,0.0
2026-03-25 00:00:00-04:00,13.671020235561297,14.214050002464171,13.585278502144936,14.194995880126953,2378700,0.0,0.0
2026-03-26 00:00:00-04:00,14.223577659013955,14.404587286041563,14.09020152272215,14.09972858428955,3327200,0.0,0.0
2026-03-27 00:00:00-04:00,14.061621202597284,14.433167517058006,13.985406527397616,14.299792289733887,3089900,0.0,0.0
2026-03-30 00:00:00-04:00,14.480801475162187,14.728499616292401,14.128308385961757,14.271210670471191,6511600,0.0,0.0
2026-03-31 00:00:00-04:00,14.25215760140978,14.880929113324088,13.880610385937425,14.28073787689209,5607100,0.0,0.0
2026-04-01 00:00:00-04:00,14.004459420605714,14.299791961641294,13.632913114669702,13.80439567565918,4883200,0.0,0.0
2026-04-02 00:00:00-04:00,14.290265070431744,14.74755311658128,14.013986648745421,14.423641204833984,3553800,0.0,0.0
2026-04-06 00:00:00-04:00,14.366479640579582,14.509381926827093,13.813922801215028,14.21405029296875,1948900,0.0,0.0
2026-04-07 00:00:00-04:00,14.290265008003798,14.518909030079719,13.842503116692184,14.013986587524414,1810700,0.0,0.0
2026-04-08 00:00:00-04:00,12.86123899802148,13.537644937222412,12.718336705908154,13.442376136779785,3424900,0.0,0.0
2026-04-09 00:00:00-04:00,13.451902426691813,13.566224435533035,13.185151072728958,13.251838684082031,3561300,0.0,0.0
2026-04-10 00:00:00-04:00,13.289946684428232,13.547171898586814,13.289946684428232,13.432849884033203,2091300,0.0,0.0
2026-04-13 00:00:00-04:00,13.61385879540828,13.928244545990689,13.299473044825874,13.451902389526367,2857900,0.0,0.0
2026-04-14 00:00:00-04:00,13.3566349187928,13.3566349187928,12.727862489520831,12.870765686035156,2639500,0.0,0.0
2026-04-15 00:00:00-04:00,12.87076589252581,13.051775520753921,12.48969160425781,12.546853065490723,1918000,0.0,0.0
2026-04-16 00:00:00-04:00,12.556379483281772,13.118463370956531,12.546852422139695,13.108936309814453,2866900,0.0,0.0
2026-04-17 00:00:00-04:00,12.403950173597499,12.946979940493513,12.270574042890338,12.908872604370117,5567400,0.0,0.0
2026-04-20 00:00:00-04:00,13.051775397915822,13.204204748368177,12.927926323535637,13.013668060302734,1975800,0.0,0.0
2026-04-21 00:00:00-04:00,13.089882620864513,13.509064239487143,13.03272206922089,13.480483055114746,2924100,0.0,0.0
2026-04-22 00:00:00-04:00,13.528117827230973,13.804396257268733,13.528117827230973,13.642439842224121,2297400,0.0,0.0
2026-04-23 00:00:00-04:00,13.766288512484406,13.947299045625465,13.509064213482093,13.747235298156738,2094600,0.0,0.0
2026-04-24 00:00:00-04:00,13.60433223267992,13.60433223267992,13.108936844252382,13.14704418182373,2442600,0.0,0.0
2026-04-27 00:00:00-04:00,13.251839016210399,13.404268365152339,12.994614717008522,13.070829391479492,2321700,0.0,0.0
2026-04-28 00:00:00-04:00,13.328054183980754,13.40426886127259,13.08035602850698,13.309000968933105,2005200,0.0,0.0
2026-04-29 00:00:00-04:00,13.520000457763672,13.9399995803833,13.399999618530273,13.779999732971191,2688100,0.661,0.0
2026-04-30 00:00:00-04:00,13.5,14.1899995803833,13.460000038146973,14.15999984741211,3798900,0.0,0.0
2026-05-01 00:00:00-04:00,14.0600004196167,14.100000381469727,13.710000038146973,13.920000076293945,1677300,0.0,0.0
2026-05-04 00:00:00-04:00,14.010000228881836,14.069999694824219,13.800000190734863,14.029999732971191,4238700,0.0,0.0
2026-05-05 00:00:00-04:00,13.920000076293945,14.380000114440918,13.770000457763672,14.199999809265137,2068200,0.0,0.0
2026-05-06 00:00:00-04:00,13.619999885559082,13.770000457763672,13.289999961853027,13.359999656677246,2584500,0.0,0.0
2026-05-07 00:00:00-04:00,13.130000114440918,13.229999542236328,12.789999961853027,13.0,2969000,0.0,0.0
2026-05-08 00:00:00-04:00,13.09000015258789,13.09000015258789,12.609999656677246,12.640000343322754,2773500,0.0,0.0
2026-05-11 00:00:00-04:00,12.890000343322754,12.960000038146973,12.6899995803833,12.789999961853027,2637500,0.0,0.0
2026-05-12 00:00:00-04:00,12.90999984741211,13.15999984741211,12.859999656677246,13.079999923706055,2903900,0.0,0.0
2026-05-13 00:00:00-04:00,13.079999923706055,13.4399995803833,12.84000015258789,12.869999885559082,3741100,0.0,0.0
2026-05-14 00:00:00-04:00,12.84000015258789,13.380000114440918,12.760000228881836,13.220000267028809,3003400,0.0,0.0
2026-05-15 00:00:00-04:00,13.289999961853027,13.4399995803833,12.920000076293945,13.09000015258789,2408200,0.0,0.0
2026-05-18 00:00:00-04:00,12.930000305175781,13.890000343322754,12.930000305175781,13.8100004196167,3675200,0.0,0.0
2026-05-19 00:00:00-04:00,13.800000190734863,14.010000228881836,13.489999771118164,14.010000228881836,3227200,0.0,0.0
2026-05-20 00:00:00-04:00,13.949999809265137,14.180000305175781,13.704999923706055,13.720000267028809,3264171,0.0,0.0
