Date,Open,High,Low,Close,Volume,Dividends,Stock Splits
2022-01-03 00:00:00-05:00,36.869998931884766,38.5099983215332,36.68000030517578,37.66999816894531,1289900,0.0,0.0
2022-01-04 00:00:00-05:00,38.15999984741211,38.81999969482422,37.7400016784668,38.439998626708984,731600,0.0,0.0
2022-01-05 00:00:00-05:00,38.709999084472656,39.54999923706055,38.13999938964844,38.34000015258789,1008300,0.0,0.0
2022-01-06 00:00:00-05:00,38.029998779296875,39.0,37.61000061035156,38.099998474121094,1081900,0.0,0.0
2022-01-07 00:00:00-05:00,37.68000030517578,38.779998779296875,37.349998474121094,37.720001220703125,1067000,0.0,0.0
2022-01-10 00:00:00-05:00,37.720001220703125,38.13999938964844,36.36000061035156,38.040000915527344,1017000,0.0,0.0
2022-01-11 00:00:00-05:00,38.31999969482422,38.31999969482422,37.130001068115234,37.2400016784668,660500,0.0,0.0
2022-01-12 00:00:00-05:00,37.560001373291016,37.7400016784668,36.11000061035156,36.31999969482422,733400,0.0,0.0
2022-01-13 00:00:00-05:00,36.470001220703125,38.400001525878906,36.470001220703125,38.0099983215332,744800,0.0,0.0
2022-01-14 00:00:00-05:00,36.599998474121094,37.310001373291016,35.7599983215332,36.43000030517578,1135500,0.0,0.0
2022-01-18 00:00:00-05:00,35.470001220703125,35.970001220703125,34.06999969482422,34.20000076293945,1078200,0.0,0.0
2022-01-19 00:00:00-05:00,34.459999084472656,35.459999084472656,33.66999816894531,34.459999084472656,1083300,0.0,0.0
2022-01-20 00:00:00-05:00,34.720001220703125,35.380001068115234,33.04999923706055,33.099998474121094,833400,0.0,0.0
2022-01-21 00:00:00-05:00,32.790000915527344,33.689998626708984,32.400001525878906,32.79999923706055,1376500,0.0,0.0
2022-01-24 00:00:00-05:00,32.29999923706055,35.09000015258789,31.950000762939453,34.9900016784668,1282300,0.0,0.0
2022-01-25 00:00:00-05:00,34.15999984741211,36.0,34.0,35.13999938964844,1353900,0.0,0.0
2022-01-26 00:00:00-05:00,35.060001373291016,35.84000015258789,33.43000030517578,33.720001220703125,904800,0.0,0.0
2022-01-27 00:00:00-05:00,33.84000015258789,34.13999938964844,31.43000030517578,31.81999969482422,940400,0.0,0.0
2022-01-28 00:00:00-05:00,31.920000076293945,32.119998931884766,30.200000762939453,31.790000915527344,1552300,0.0,0.0
2022-01-31 00:00:00-05:00,30.8799991607666,33.2400016784668,30.790000915527344,33.209999084472656,2281000,0.0,0.0
2022-02-01 00:00:00-05:00,33.540000915527344,34.7599983215332,32.86000061035156,34.72999954223633,2039600,0.0,0.0
2022-02-02 00:00:00-05:00,39.0,40.25,36.63999938964844,37.630001068115234,4888900,0.0,0.0
2022-02-03 00:00:00-05:00,37.5,39.029998779296875,36.540000915527344,37.220001220703125,1895600,0.0,0.0
2022-02-04 00:00:00-05:00,36.7599983215332,37.939998626708984,35.380001068115234,37.7599983215332,1698100,0.0,0.0
2022-02-07 00:00:00-05:00,37.939998626708984,39.439998626708984,37.849998474121094,38.95000076293945,1331100,0.0,0.0
2022-02-08 00:00:00-05:00,38.7599983215332,40.83000183105469,38.40999984741211,40.619998931884766,1235400,0.0,0.0
2022-02-09 00:00:00-05:00,40.88999938964844,42.189998626708984,40.880001068115234,42.15999984741211,974500,0.0,0.0
2022-02-10 00:00:00-05:00,41.52000045776367,43.709999084472656,41.06999969482422,41.36000061035156,1141900,0.0,0.0
2022-02-11 00:00:00-05:00,41.45000076293945,42.209999084472656,40.27000045776367,41.11000061035156,894200,0.0,0.0
2022-02-14 00:00:00-05:00,41.189998626708984,42.0,40.72999954223633,41.0099983215332,979500,0.0,0.0
2022-02-15 00:00:00-05:00,41.38999938964844,42.689998626708984,41.38999938964844,42.52000045776367,771600,0.0,0.0
2022-02-16 00:00:00-05:00,42.470001220703125,44.029998779296875,42.040000915527344,43.36000061035156,1069900,0.0,0.0
2022-02-17 00:00:00-05:00,43.13999938964844,43.43000030517578,41.0,41.630001068115234,729400,0.0,0.0
2022-02-18 00:00:00-05:00,41.560001373291016,43.459999084472656,41.34000015258789,42.849998474121094,820800,0.0,0.0
2022-02-22 00:00:00-05:00,42.06999969482422,42.91999816894531,40.849998474121094,41.31999969482422,1096200,0.0,0.0
2022-02-23 00:00:00-05:00,41.709999084472656,42.400001525878906,39.849998474121094,40.59000015258789,1106800,0.0,0.0
2022-02-24 00:00:00-05:00,39.18000030517578,41.77000045776367,39.099998474121094,41.65999984741211,912100,0.0,0.0
2022-02-25 00:00:00-05:00,41.650001525878906,42.939998626708984,40.689998626708984,42.84000015258789,730900,0.0,0.0
2022-02-28 00:00:00-05:00,42.58000183105469,42.81999969482422,41.77000045776367,42.540000915527344,838900,0.0,0.0
2022-03-01 00:00:00-05:00,42.150001525878906,42.279998779296875,39.349998474121094,39.70000076293945,1208600,0.0,0.0
2022-03-02 00:00:00-05:00,39.86000061035156,41.91999816894531,39.86000061035156,41.630001068115234,811600,0.0,0.0
2022-03-03 00:00:00-05:00,41.9900016784668,42.13999938964844,38.45000076293945,38.75,1024400,0.0,0.0
2022-03-04 00:00:00-05:00,38.34000015258789,38.56999969482422,35.560001373291016,36.83000183105469,1528200,0.0,0.0
2022-03-07 00:00:00-05:00,36.650001525878906,36.72999954223633,31.09000015258789,31.329999923706055,2211900,0.0,0.0
2022-03-08 00:00:00-05:00,31.200000762939453,34.45000076293945,30.860000610351562,32.66999816894531,2009500,0.0,0.0
2022-03-09 00:00:00-05:00,33.849998474121094,35.83000183105469,33.84000015258789,34.900001525878906,1380800,0.0,0.0
2022-03-10 00:00:00-05:00,34.15999984741211,35.70000076293945,33.720001220703125,35.599998474121094,1039300,0.0,0.0
2022-03-11 00:00:00-05:00,36.02000045776367,36.20000076293945,34.9900016784668,35.25,639500,0.0,0.0
2022-03-14 00:00:00-04:00,35.38999938964844,35.52000045776367,33.400001525878906,33.93000030517578,1223900,0.0,0.0
2022-03-15 00:00:00-04:00,34.349998474121094,35.5,33.209999084472656,33.790000915527344,760400,0.0,0.0
2022-03-16 00:00:00-04:00,34.470001220703125,36.13999938964844,34.25,35.779998779296875,1006900,0.0,0.0
2022-03-17 00:00:00-04:00,35.0099983215332,35.5099983215332,34.41999816894531,35.43000030517578,930600,0.0,0.0
2022-03-18 00:00:00-04:00,35.400001525878906,35.97999954223633,34.72999954223633,35.97999954223633,1264900,0.0,0.0
2022-03-21 00:00:00-04:00,36.11000061035156,36.72999954223633,35.470001220703125,35.97999954223633,1114600,0.0,0.0
2022-03-22 00:00:00-04:00,36.279998779296875,38.29999923706055,36.279998779296875,37.470001220703125,1480800,0.0,0.0
2022-03-23 00:00:00-04:00,36.93000030517578,38.11000061035156,36.81999969482422,36.91999816894531,677500,0.0,0.0
2022-03-24 00:00:00-04:00,37.2599983215332,37.900001525878906,36.7599983215332,37.79999923706055,803200,0.0,0.0
2022-03-25 00:00:00-04:00,37.900001525878906,38.09000015258789,35.41999816894531,36.08000183105469,1005500,0.0,0.0
2022-03-28 00:00:00-04:00,36.099998474121094,36.529998779296875,35.66999816894531,36.18000030517578,822100,0.0,0.0
2022-03-29 00:00:00-04:00,36.939998626708984,38.54999923706055,36.63999938964844,38.279998779296875,1276100,0.0,0.0
2022-03-30 00:00:00-04:00,37.81999969482422,38.61000061035156,37.310001373291016,37.34000015258789,683900,0.0,0.0
2022-03-31 00:00:00-04:00,37.56999969482422,38.560001373291016,37.040000915527344,38.15999984741211,866900,0.0,0.0
2022-04-01 00:00:00-04:00,38.20000076293945,39.0,36.27000045776367,36.959999084472656,984500,0.0,0.0
2022-04-04 00:00:00-04:00,36.779998779296875,37.93000030517578,35.84000015258789,37.72999954223633,993400,0.0,0.0
2022-04-05 00:00:00-04:00,37.72999954223633,38.209999084472656,36.04999923706055,36.150001525878906,899400,0.0,0.0
2022-04-06 00:00:00-04:00,35.45000076293945,35.630001068115234,33.70000076293945,35.09000015258789,1103000,0.0,0.0
2022-04-07 00:00:00-04:00,35.25,35.29999923706055,33.91999816894531,35.0099983215332,1235500,0.0,0.0
2022-04-08 00:00:00-04:00,34.619998931884766,35.04999923706055,33.310001373291016,33.97999954223633,1314000,0.0,0.0
2022-04-11 00:00:00-04:00,33.689998626708984,35.36000061035156,33.630001068115234,34.599998474121094,1226000,0.0,0.0
2022-04-12 00:00:00-04:00,34.90999984741211,36.529998779296875,34.90999984741211,35.540000915527344,1102900,0.0,0.0
2022-04-13 00:00:00-04:00,35.58000183105469,37.779998779296875,35.470001220703125,37.15999984741211,944500,0.0,0.0
2022-04-14 00:00:00-04:00,36.93000030517578,37.150001525878906,35.599998474121094,36.02000045776367,939500,0.0,0.0
2022-04-18 00:00:00-04:00,35.34000015258789,37.220001220703125,35.34000015258789,36.20000076293945,781800,0.0,0.0
2022-04-19 00:00:00-04:00,36.45000076293945,38.060001373291016,36.439998626708984,37.2599983215332,793100,0.0,0.0
2022-04-20 00:00:00-04:00,37.650001525878906,38.0,37.209999084472656,37.4900016784668,689200,0.0,0.0
2022-04-21 00:00:00-04:00,38.16999816894531,39.09000015258789,38.029998779296875,38.83000183105469,1397500,0.0,0.0
2022-04-22 00:00:00-04:00,38.849998474121094,39.54999923706055,38.099998474121094,38.61000061035156,1099700,0.0,0.0
2022-04-25 00:00:00-04:00,38.099998474121094,41.130001068115234,38.099998474121094,41.119998931884766,1318500,0.0,0.0
2022-04-26 00:00:00-04:00,40.79999923706055,41.119998931884766,39.060001373291016,39.41999816894531,1023300,0.0,0.0
2022-04-27 00:00:00-04:00,39.36000061035156,40.33000183105469,38.0099983215332,38.38999938964844,1033100,0.0,0.0
2022-04-28 00:00:00-04:00,39.029998779296875,39.4900016784668,37.790000915527344,38.84000015258789,873000,0.0,0.0
2022-04-29 00:00:00-04:00,38.7400016784668,39.2599983215332,36.06999969482422,36.33000183105469,1173700,0.0,0.0
2022-05-02 00:00:00-04:00,36.369998931884766,38.88999938964844,35.83000183105469,38.84000015258789,1432200,0.0,0.0
2022-05-03 00:00:00-04:00,38.959999084472656,40.02000045776367,36.9900016784668,39.459999084472656,2191800,0.0,0.0
2022-05-04 00:00:00-04:00,33.060001373291016,35.470001220703125,32.290000915527344,34.650001525878906,4000600,0.0,0.0
2022-05-05 00:00:00-04:00,33.20000076293945,35.5099983215332,33.20000076293945,34.599998474121094,1758200,0.0,0.0
2022-05-06 00:00:00-04:00,34.45000076293945,36.58000183105469,34.22999954223633,35.529998779296875,1604800,0.0,0.0
2022-05-09 00:00:00-04:00,34.880001068115234,35.220001220703125,31.100000381469727,31.350000381469727,1159800,0.0,0.0
2022-05-10 00:00:00-04:00,32.09000015258789,33.529998779296875,31.389999389648438,33.36000061035156,1100400,0.0,0.0
2022-05-11 00:00:00-04:00,33.08000183105469,33.9900016784668,32.060001373291016,32.25,903800,0.0,0.0
2022-05-12 00:00:00-04:00,32.0099983215332,34.060001373291016,31.549999237060547,33.79999923706055,870200,0.0,0.0
2022-05-13 00:00:00-04:00,34.65999984741211,35.04999923706055,34.08000183105469,34.18000030517578,711800,0.0,0.0
2022-05-16 00:00:00-04:00,34.060001373291016,34.4900016784668,32.13999938964844,32.150001525878906,899700,0.0,0.0
2022-05-17 00:00:00-04:00,32.849998474121094,33.75,32.09000015258789,32.349998474121094,1003900,0.0,0.0
2022-05-18 00:00:00-04:00,32.060001373291016,32.06999969482422,29.559999465942383,29.889999389648438,1226200,0.0,0.0
2022-05-19 00:00:00-04:00,29.3799991607666,29.799999237060547,28.459999084472656,28.510000228881836,1579500,0.0,0.0
2022-05-20 00:00:00-04:00,29.0,29.149999618530273,26.920000076293945,27.360000610351562,1263300,0.0,0.0
2022-05-23 00:00:00-04:00,27.780000686645508,27.780000686645508,26.229999542236328,26.93000030517578,1288700,0.0,0.0
2022-05-24 00:00:00-04:00,26.56999969482422,26.56999969482422,25.139999389648438,25.459999084472656,1121000,0.0,0.0
2022-05-25 00:00:00-04:00,25.34000015258789,28.239999771118164,25.190000534057617,27.84000015258789,1112400,0.0,0.0
2022-05-26 00:00:00-04:00,27.700000762939453,30.200000762939453,27.700000762939453,29.25,1064300,0.0,0.0
2022-05-27 00:00:00-04:00,30.040000915527344,31.049999237060547,30.0,30.520000457763672,747200,0.0,0.0
2022-05-31 00:00:00-04:00,30.139999389648438,31.059999465942383,30.139999389648438,30.350000381469727,909600,0.0,0.0
2022-06-01 00:00:00-04:00,30.309999465942383,30.6200008392334,29.010000228881836,30.040000915527344,933400,0.0,0.0
2022-06-02 00:00:00-04:00,30.139999389648438,31.079999923706055,30.110000610351562,31.030000686645508,876400,0.0,0.0
2022-06-03 00:00:00-04:00,30.3799991607666,30.940000534057617,29.670000076293945,29.93000030517578,517400,0.0,0.0
2022-06-06 00:00:00-04:00,30.209999084472656,30.270000457763672,29.25,29.979999542236328,574500,0.0,0.0
2022-06-07 00:00:00-04:00,29.530000686645508,30.450000762939453,29.260000228881836,30.110000610351562,549700,0.0,0.0
2022-06-08 00:00:00-04:00,30.100000381469727,30.450000762939453,29.690000534057617,29.920000076293945,300600,0.0,0.0
2022-06-09 00:00:00-04:00,29.610000610351562,30.209999084472656,29.219999313354492,29.479999542236328,462900,0.0,0.0
2022-06-10 00:00:00-04:00,28.75,29.299999237060547,27.799999237060547,27.920000076293945,787600,0.0,0.0
2022-06-13 00:00:00-04:00,26.860000610351562,27.09000015258789,25.469999313354492,25.690000534057617,1106700,0.0,0.0
2022-06-14 00:00:00-04:00,25.770000457763672,26.670000076293945,25.65999984741211,25.8700008392334,952400,0.0,0.0
2022-06-15 00:00:00-04:00,26.299999237060547,27.010000228881836,26.010000228881836,26.459999084472656,676600,0.0,0.0
2022-06-16 00:00:00-04:00,25.059999465942383,25.219999313354492,23.59000015258789,23.940000534057617,964400,0.0,0.0
2022-06-17 00:00:00-04:00,23.93000030517578,24.59000015258789,23.75,24.110000610351562,1389600,0.0,0.0
2022-06-21 00:00:00-04:00,24.40999984741211,24.6299991607666,23.200000762939453,23.209999084472656,952300,0.0,0.0
2022-06-22 00:00:00-04:00,22.780000686645508,23.530000686645508,22.600000381469727,23.31999969482422,928400,0.0,0.0
2022-06-23 00:00:00-04:00,23.670000076293945,23.760000228881836,22.309999465942383,23.6299991607666,1463200,0.0,0.0
2022-06-24 00:00:00-04:00,24.0,24.93000030517578,23.920000076293945,23.969999313354492,1880100,0.0,0.0
2022-06-27 00:00:00-04:00,24.139999389648438,24.649999618530273,23.239999771118164,23.389999389648438,1420100,0.0,0.0
2022-06-28 00:00:00-04:00,23.540000915527344,24.34000015258789,22.709999084472656,22.760000228881836,1080900,0.0,0.0
2022-06-29 00:00:00-04:00,22.719999313354492,22.719999313354492,21.6200008392334,22.40999984741211,894000,0.0,0.0
2022-06-30 00:00:00-04:00,22.219999313354492,22.6200008392334,21.469999313354492,22.030000686645508,1215200,0.0,0.0
2022-07-01 00:00:00-04:00,22.030000686645508,22.950000762939453,21.809999465942383,22.579999923706055,926400,0.0,0.0
2022-07-05 00:00:00-04:00,22.010000228881836,23.690000534057617,21.649999618530273,23.670000076293945,1079400,0.0,0.0
2022-07-06 00:00:00-04:00,23.809999465942383,24.09000015258789,22.229999542236328,22.510000228881836,826500,0.0,0.0
2022-07-07 00:00:00-04:00,22.979999542236328,23.350000381469727,22.729999542236328,23.309999465942383,799300,0.0,0.0
2022-07-08 00:00:00-04:00,22.920000076293945,23.479999542236328,22.6299991607666,22.770000457763672,554100,0.0,0.0
2022-07-11 00:00:00-04:00,22.510000228881836,22.829999923706055,21.969999313354492,22.299999237060547,642500,0.0,0.0
2022-07-12 00:00:00-04:00,22.350000381469727,23.1299991607666,22.110000610351562,22.809999465942383,919200,0.0,0.0
2022-07-13 00:00:00-04:00,22.34000015258789,22.979999542236328,22.030000686645508,22.899999618530273,926700,0.0,0.0
2022-07-14 00:00:00-04:00,22.610000610351562,22.860000610351562,22.020000457763672,22.280000686645508,675100,0.0,0.0
2022-07-15 00:00:00-04:00,22.760000228881836,23.360000610351562,22.40999984741211,22.979999542236328,673500,0.0,0.0
2022-07-18 00:00:00-04:00,22.170000076293945,23.549999237060547,22.170000076293945,23.18000030517578,1127200,0.0,0.0
2022-07-19 00:00:00-04:00,23.440000534057617,25.25,23.25,24.81999969482422,1270400,0.0,0.0
2022-07-20 00:00:00-04:00,25.030000686645508,25.709999084472656,24.670000076293945,25.600000381469727,1264700,0.0,0.0
2022-07-21 00:00:00-04:00,25.280000686645508,25.540000915527344,24.75,25.40999984741211,645300,0.0,0.0
2022-07-22 00:00:00-04:00,25.34000015258789,25.969999313354492,25.010000228881836,25.350000381469727,720500,0.0,0.0
2022-07-25 00:00:00-04:00,25.520000457763672,25.520000457763672,24.450000762939453,24.93000030517578,461200,0.0,0.0
2022-07-26 00:00:00-04:00,24.760000228881836,24.760000228881836,23.610000610351562,23.6200008392334,640700,0.0,0.0
2022-07-27 00:00:00-04:00,24.190000534057617,24.459999084472656,23.579999923706055,24.329999923706055,1364700,0.0,0.0
2022-07-28 00:00:00-04:00,24.31999969482422,26.899999618530273,24.25,26.84000015258789,1218300,0.0,0.0
2022-07-29 00:00:00-04:00,26.920000076293945,28.010000228881836,26.190000534057617,27.75,1269600,0.0,0.0
2022-08-01 00:00:00-04:00,27.219999313354492,28.18000030517578,26.959999084472656,27.600000381469727,871500,0.0,0.0
2022-08-02 00:00:00-04:00,27.549999237060547,28.389999389648438,27.280000686645508,28.049999237060547,529900,0.0,0.0
2022-08-03 00:00:00-04:00,28.200000762939453,29.700000762939453,28.200000762939453,29.5,779900,0.0,0.0
2022-08-04 00:00:00-04:00,29.25,29.739999771118164,28.06999969482422,28.309999465942383,823100,0.0,0.0
2022-08-05 00:00:00-04:00,27.959999084472656,28.56999969482422,27.639999389648438,27.920000076293945,783700,0.0,0.0
2022-08-08 00:00:00-04:00,28.31999969482422,30.3700008392334,28.25,29.530000686645508,567800,0.0,0.0
2022-08-09 00:00:00-04:00,29.209999084472656,29.450000762939453,28.420000076293945,28.670000076293945,632500,0.0,0.0
2022-08-10 00:00:00-04:00,29.399999618530273,30.989999771118164,29.350000381469727,30.309999465942383,814000,0.0,0.0
2022-08-11 00:00:00-04:00,30.829999923706055,31.43000030517578,30.600000381469727,31.399999618530273,1087300,0.0,0.0
2022-08-12 00:00:00-04:00,31.56999969482422,32.880001068115234,31.3700008392334,32.880001068115234,997100,0.0,0.0
2022-08-15 00:00:00-04:00,32.5099983215332,33.75,32.29999923706055,32.849998474121094,1404300,0.0,0.0
2022-08-16 00:00:00-04:00,32.900001525878906,33.81999969482422,32.09000015258789,33.349998474121094,800800,0.0,0.0
2022-08-17 00:00:00-04:00,32.2599983215332,32.83000183105469,31.81999969482422,32.810001373291016,648600,0.0,0.0
2022-08-18 00:00:00-04:00,31.81999969482422,33.38999938964844,31.770000457763672,33.279998779296875,1040600,0.0,0.0
2022-08-19 00:00:00-04:00,32.66999816894531,33.0,31.40999984741211,31.639999389648438,527700,0.0,0.0
2022-08-22 00:00:00-04:00,30.889999389648438,30.889999389648438,29.540000915527344,29.709999084472656,889400,0.0,0.0
2022-08-23 00:00:00-04:00,29.93000030517578,31.149999618530273,29.809999465942383,30.34000015258789,1113600,0.0,0.0
2022-08-24 00:00:00-04:00,27.670000076293945,30.510000228881836,27.530000686645508,28.84000015258789,3304500,0.0,0.0
2022-08-25 00:00:00-04:00,29.170000076293945,29.360000610351562,27.770000457763672,28.610000610351562,1591900,0.0,0.0
2022-08-26 00:00:00-04:00,28.729999542236328,28.969999313354492,26.309999465942383,26.3799991607666,1492600,0.0,0.0
2022-08-29 00:00:00-04:00,25.940000534057617,26.440000534057617,25.549999237060547,25.989999771118164,987200,0.0,0.0
2022-08-30 00:00:00-04:00,26.139999389648438,26.43000030517578,25.3700008392334,25.540000915527344,922600,0.0,0.0
2022-08-31 00:00:00-04:00,25.420000076293945,25.579999923706055,24.450000762939453,24.510000228881836,1320700,0.0,0.0
2022-09-01 00:00:00-04:00,24.0,25.549999237060547,23.65999984741211,25.489999771118164,1608500,0.0,0.0
2022-09-02 00:00:00-04:00,25.889999389648438,26.649999618530273,25.219999313354492,25.790000915527344,1297600,0.0,0.0
2022-09-06 00:00:00-04:00,26.149999618530273,26.170000076293945,24.860000610351562,25.059999465942383,897200,0.0,0.0
2022-09-07 00:00:00-04:00,25.049999237060547,26.8700008392334,25.030000686645508,26.860000610351562,865900,0.0,0.0
2022-09-08 00:00:00-04:00,26.549999237060547,28.440000534057617,26.520000457763672,28.420000076293945,870200,0.0,0.0
2022-09-09 00:00:00-04:00,28.770000457763672,30.219999313354492,28.59000015258789,29.649999618530273,1178300,0.0,0.0
2022-09-12 00:00:00-04:00,29.84000015258789,30.34000015258789,29.329999923706055,29.690000534057617,722500,0.0,0.0
2022-09-13 00:00:00-04:00,28.40999984741211,29.0,28.139999389648438,28.399999618530273,612600,0.0,0.0
2022-09-14 00:00:00-04:00,28.579999923706055,29.079999923706055,27.68000030517578,28.649999618530273,683300,0.0,0.0
2022-09-15 00:00:00-04:00,28.350000381469727,29.81999969482422,28.350000381469727,28.860000610351562,872400,0.0,0.0
2022-09-16 00:00:00-04:00,28.270000457763672,28.360000610351562,27.040000915527344,28.34000015258789,890200,0.0,0.0
2022-09-19 00:00:00-04:00,27.989999771118164,29.280000686645508,27.989999771118164,28.260000228881836,730800,0.0,0.0
2022-09-20 00:00:00-04:00,27.959999084472656,28.1200008392334,27.5,28.0,499900,0.0,0.0
2022-09-21 00:00:00-04:00,28.200000762939453,29.229999542236328,27.889999389648438,28.290000915527344,829700,0.0,0.0
2022-09-22 00:00:00-04:00,28.049999237060547,28.280000686645508,26.43000030517578,26.8799991607666,931800,0.0,0.0
2022-09-23 00:00:00-04:00,26.34000015258789,26.700000762939453,24.920000076293945,25.530000686645508,872000,0.0,0.0
2022-09-26 00:00:00-04:00,25.56999969482422,26.6299991607666,25.010000228881836,25.030000686645508,970600,0.0,0.0
2022-09-27 00:00:00-04:00,25.65999984741211,27.170000076293945,25.510000228881836,25.899999618530273,960500,0.0,0.0
2022-09-28 00:00:00-04:00,26.139999389648438,26.84000015258789,25.530000686645508,26.610000610351562,791400,0.0,0.0
2022-09-29 00:00:00-04:00,25.950000762939453,26.139999389648438,24.75,25.6299991607666,719600,0.0,0.0
2022-09-30 00:00:00-04:00,25.360000610351562,25.770000457763672,24.65999984741211,24.979999542236328,640200,0.0,0.0
2022-10-03 00:00:00-04:00,25.309999465942383,25.610000610351562,24.0,24.469999313354492,1065100,0.0,0.0
2022-10-04 00:00:00-04:00,25.31999969482422,27.059999465942383,25.1200008392334,26.760000228881836,855900,0.0,0.0
2022-10-05 00:00:00-04:00,26.100000381469727,27.690000534057617,26.0,27.600000381469727,692000,0.0,0.0
2022-10-06 00:00:00-04:00,27.43000030517578,28.110000610351562,26.260000228881836,26.350000381469727,546800,0.0,0.0
2022-10-07 00:00:00-04:00,25.709999084472656,25.889999389648438,24.760000228881836,25.43000030517578,632800,0.0,0.0
2022-10-10 00:00:00-04:00,25.440000534057617,25.670000076293945,24.329999923706055,25.06999969482422,599400,0.0,0.0
2022-10-11 00:00:00-04:00,25.040000915527344,25.809999465942383,23.940000534057617,25.610000610351562,785700,0.0,0.0
2022-10-12 00:00:00-04:00,25.549999237060547,26.09000015258789,25.040000915527344,25.920000076293945,1022800,0.0,0.0
2022-10-13 00:00:00-04:00,25.299999237060547,27.079999923706055,24.829999923706055,26.709999084472656,886800,0.0,0.0
2022-10-14 00:00:00-04:00,27.15999984741211,27.530000686645508,26.139999389648438,26.25,664100,0.0,0.0
2022-10-17 00:00:00-04:00,26.829999923706055,27.770000457763672,26.709999084472656,27.6299991607666,719500,0.0,0.0
2022-10-18 00:00:00-04:00,28.479999542236328,29.030000686645508,27.780000686645508,28.440000534057617,673700,0.0,0.0
2022-10-19 00:00:00-04:00,28.440000534057617,29.530000686645508,28.31999969482422,28.65999984741211,980400,0.0,0.0
2022-10-20 00:00:00-04:00,28.510000228881836,29.389999389648438,27.979999542236328,28.270000457763672,670000,0.0,0.0
2022-10-21 00:00:00-04:00,28.260000228881836,29.65999984741211,27.950000762939453,29.530000686645508,887400,0.0,0.0
2022-10-24 00:00:00-04:00,29.670000076293945,30.709999084472656,29.059999465942383,29.6200008392334,799900,0.0,0.0
2022-10-25 00:00:00-04:00,29.43000030517578,31.079999923706055,29.25,31.020000457763672,695500,0.0,0.0
2022-10-26 00:00:00-04:00,31.139999389648438,33.279998779296875,31.079999923706055,31.100000381469727,1571200,0.0,0.0
2022-10-27 00:00:00-04:00,31.719999313354492,33.06999969482422,31.329999923706055,32.06999969482422,1219400,0.0,0.0
2022-10-28 00:00:00-04:00,32.349998474121094,34.150001525878906,31.8700008392334,33.81999969482422,934000,0.0,0.0
2022-10-31 00:00:00-04:00,33.47999954223633,34.29999923706055,33.2599983215332,33.38999938964844,989400,0.0,0.0
2022-11-01 00:00:00-04:00,33.630001068115234,33.970001220703125,32.27000045776367,32.470001220703125,1251300,0.0,0.0
2022-11-02 00:00:00-04:00,33.060001373291016,34.20000076293945,30.010000228881836,30.09000015258789,1605500,0.0,0.0
2022-11-03 00:00:00-04:00,29.579999923706055,30.559999465942383,29.209999084472656,29.459999084472656,742800,0.0,0.0
2022-11-04 00:00:00-04:00,30.18000030517578,30.469999313354492,29.139999389648438,30.299999237060547,819400,0.0,0.0
2022-11-07 00:00:00-05:00,30.270000457763672,30.459999084472656,28.280000686645508,28.93000030517578,870500,0.0,0.0
2022-11-08 00:00:00-05:00,28.729999542236328,29.6200008392334,28.309999465942383,28.889999389648438,804900,0.0,0.0
2022-11-09 00:00:00-05:00,28.549999237060547,28.8700008392334,27.770000457763672,28.459999084472656,888400,0.0,0.0
2022-11-10 00:00:00-05:00,29.920000076293945,32.20000076293945,29.920000076293945,32.119998931884766,1127700,0.0,0.0
2022-11-11 00:00:00-05:00,32.4900016784668,33.33000183105469,32.20000076293945,33.290000915527344,873700,0.0,0.0
2022-11-14 00:00:00-05:00,32.790000915527344,34.630001068115234,32.59000015258789,34.08000183105469,1110000,0.0,0.0
2022-11-15 00:00:00-05:00,34.61000061035156,35.439998626708984,34.15999984741211,34.310001373291016,804200,0.0,0.0
2022-11-16 00:00:00-05:00,33.7400016784668,33.970001220703125,32.38999938964844,33.7599983215332,625600,0.0,0.0
2022-11-17 00:00:00-05:00,33.29999923706055,33.529998779296875,32.52000045776367,33.439998626708984,649800,0.0,0.0
2022-11-18 00:00:00-05:00,34.5,34.779998779296875,33.529998779296875,33.869998931884766,620000,0.0,0.0
2022-11-21 00:00:00-05:00,33.68000030517578,33.900001525878906,32.4900016784668,33.220001220703125,583400,0.0,0.0
2022-11-22 00:00:00-05:00,33.29999923706055,34.33000183105469,32.52000045776367,34.220001220703125,810200,0.0,0.0
2022-11-23 00:00:00-05:00,34.150001525878906,34.7400016784668,34.13999938964844,34.599998474121094,621100,0.0,0.0
2022-11-25 00:00:00-05:00,34.7599983215332,34.869998931884766,34.25,34.810001373291016,257000,0.0,0.0
2022-11-28 00:00:00-05:00,34.58000183105469,35.369998931884766,34.33000183105469,34.560001373291016,822800,0.0,0.0
2022-11-29 00:00:00-05:00,34.369998931884766,34.40999984741211,32.900001525878906,33.09000015258789,928000,0.0,0.0
2022-11-30 00:00:00-05:00,33.06999969482422,33.77000045776367,32.58000183105469,33.45000076293945,865100,0.0,0.0
2022-12-01 00:00:00-05:00,33.529998779296875,33.70000076293945,32.7599983215332,33.150001525878906,636100,0.0,0.0
2022-12-02 00:00:00-05:00,32.20000076293945,32.880001068115234,31.579999923706055,32.13999938964844,837700,0.0,0.0
2022-12-05 00:00:00-05:00,31.700000762939453,33.11000061035156,30.959999084472656,32.560001373291016,1468800,0.0,0.0
2022-12-06 00:00:00-05:00,32.41999816894531,33.470001220703125,32.27000045776367,32.939998626708984,1005800,0.0,0.0
2022-12-07 00:00:00-05:00,32.68000030517578,33.310001373291016,32.52000045776367,32.81999969482422,850800,0.0,0.0
2022-12-08 00:00:00-05:00,33.29999923706055,36.33000183105469,33.18000030517578,35.90999984741211,1650000,0.0,0.0
2022-12-09 00:00:00-05:00,35.790000915527344,36.88999938964844,34.779998779296875,35.25,1426800,0.0,0.0
2022-12-12 00:00:00-05:00,34.11000061035156,35.029998779296875,33.08000183105469,34.56999969482422,2350400,0.0,0.0
2022-12-13 00:00:00-05:00,35.5099983215332,36.15999984741211,34.72999954223633,35.540000915527344,1666700,0.0,0.0
2022-12-14 00:00:00-05:00,35.65999984741211,36.380001068115234,34.83000183105469,35.68000030517578,1268100,0.0,0.0
2022-12-15 00:00:00-05:00,35.02000045776367,35.43000030517578,34.13999938964844,35.060001373291016,1092600,0.0,0.0
2022-12-16 00:00:00-05:00,34.47999954223633,35.619998931884766,33.779998779296875,35.43000030517578,1674900,0.0,0.0
2022-12-19 00:00:00-05:00,35.25,35.59000015258789,32.66999816894531,33.099998474121094,1328700,0.0,0.0
2022-12-20 00:00:00-05:00,32.79999923706055,33.65999984741211,32.54999923706055,32.619998931884766,834400,0.0,0.0
2022-12-21 00:00:00-05:00,32.119998931884766,32.97999954223633,31.860000610351562,32.79999923706055,744200,0.0,0.0
2022-12-22 00:00:00-05:00,32.2599983215332,33.099998474121094,31.799999237060547,33.08000183105469,625600,0.0,0.0
2022-12-23 00:00:00-05:00,32.959999084472656,33.529998779296875,32.34000015258789,32.939998626708984,399100,0.0,0.0
2022-12-27 00:00:00-05:00,33.09000015258789,33.09000015258789,32.34000015258789,32.86000061035156,577800,0.0,0.0
2022-12-28 00:00:00-05:00,32.95000076293945,33.189998626708984,32.040000915527344,32.099998474121094,671900,0.0,0.0
2022-12-29 00:00:00-05:00,32.27000045776367,33.720001220703125,32.11000061035156,33.52000045776367,858700,0.0,0.0
2022-12-30 00:00:00-05:00,32.970001220703125,33.209999084472656,31.579999923706055,31.90999984741211,887600,0.0,0.0
2023-01-03 00:00:00-05:00,32.560001373291016,33.04999923706055,31.829999923706055,32.41999816894531,933000,0.0,0.0
2023-01-04 00:00:00-05:00,32.95000076293945,34.189998626708984,32.599998474121094,34.02000045776367,833600,0.0,0.0
2023-01-05 00:00:00-05:00,33.810001373291016,34.619998931884766,33.4900016784668,34.540000915527344,908300,0.0,0.0
2023-01-06 00:00:00-05:00,34.86000061035156,36.400001525878906,34.790000915527344,35.70000076293945,869400,0.0,0.0
2023-01-09 00:00:00-05:00,35.939998626708984,36.93000030517578,35.869998931884766,36.619998931884766,864600,0.0,0.0
2023-01-10 00:00:00-05:00,36.5,37.84000015258789,36.5,37.7400016784668,884800,0.0,0.0
2023-01-11 00:00:00-05:00,37.81999969482422,38.63999938964844,36.369998931884766,36.790000915527344,1078100,0.0,0.0
2023-01-12 00:00:00-05:00,37.29999923706055,37.95000076293945,36.72999954223633,36.97999954223633,771700,0.0,0.0
2023-01-13 00:00:00-05:00,36.459999084472656,37.79999923706055,36.150001525878906,37.560001373291016,989300,0.0,0.0
2023-01-17 00:00:00-05:00,37.43000030517578,37.689998626708984,36.84000015258789,37.25,717700,0.0,0.0
2023-01-18 00:00:00-05:00,37.630001068115234,38.11000061035156,36.7400016784668,36.81999969482422,641400,0.0,0.0
2023-01-19 00:00:00-05:00,36.459999084472656,36.810001373291016,35.599998474121094,35.7400016784668,923100,0.0,0.0
2023-01-20 00:00:00-05:00,36.08000183105469,37.939998626708984,35.95000076293945,37.77000045776367,1168900,0.0,0.0
2023-01-23 00:00:00-05:00,37.779998779296875,38.79999923706055,37.68000030517578,38.41999816894531,935100,0.0,0.0
2023-01-24 00:00:00-05:00,38.29999923706055,38.65999984741211,36.72999954223633,37.65999984741211,796900,0.0,0.0
2023-01-25 00:00:00-05:00,37.09000015258789,38.119998931884766,35.849998474121094,38.09000015258789,739200,0.0,0.0
2023-01-26 00:00:00-05:00,38.5,39.04999923706055,37.95000076293945,38.970001220703125,777200,0.0,0.0
2023-01-27 00:00:00-05:00,39.09000015258789,39.43000030517578,38.779998779296875,39.060001373291016,708200,0.0,0.0
2023-01-30 00:00:00-05:00,38.56999969482422,38.970001220703125,37.97999954223633,38.54999923706055,1021300,0.0,0.0
2023-01-31 00:00:00-05:00,38.58000183105469,39.58000183105469,38.5099983215332,39.459999084472656,1234400,0.0,0.0
2023-02-01 00:00:00-05:00,41.27000045776367,41.54999923706055,36.619998931884766,39.279998779296875,3687300,0.0,0.0
2023-02-02 00:00:00-05:00,40.38999938964844,41.119998931884766,39.20000076293945,40.470001220703125,2064100,0.0,0.0
2023-02-03 00:00:00-05:00,39.86000061035156,41.380001068115234,39.459999084472656,41.09000015258789,1558700,0.0,0.0
2023-02-06 00:00:00-05:00,40.0,40.93000030517578,39.79999923706055,40.349998474121094,934300,0.0,0.0
2023-02-07 00:00:00-05:00,40.09000015258789,41.15999984741211,39.38999938964844,41.119998931884766,1006900,0.0,0.0
2023-02-08 00:00:00-05:00,40.5099983215332,40.97999954223633,40.15999984741211,40.7400016784668,758200,0.0,0.0
2023-02-09 00:00:00-05:00,41.290000915527344,41.54999923706055,40.380001068115234,40.66999816894531,1021900,0.0,0.0
2023-02-10 00:00:00-05:00,40.119998931884766,40.349998474121094,39.439998626708984,40.20000076293945,895700,0.0,0.0
2023-02-13 00:00:00-05:00,40.189998626708984,40.93000030517578,39.81999969482422,40.66999816894531,685000,0.0,0.0
2023-02-14 00:00:00-05:00,40.560001373291016,41.290000915527344,39.91999816894531,40.849998474121094,628500,0.0,0.0
2023-02-15 00:00:00-05:00,40.52000045776367,41.16999816894531,40.40999984741211,41.060001373291016,525800,0.0,0.0
2023-02-16 00:00:00-05:00,40.45000076293945,42.119998931884766,40.36000061035156,40.75,1082600,0.0,0.0
2023-02-17 00:00:00-05:00,40.18000030517578,40.5099983215332,39.060001373291016,39.400001525878906,1191500,0.0,0.0
2023-02-21 00:00:00-05:00,38.880001068115234,39.43000030517578,37.720001220703125,38.7400016784668,1264800,0.0,0.0
2023-02-22 00:00:00-05:00,39.380001068115234,40.7599983215332,38.86000061035156,40.72999954223633,987300,0.0,0.0
2023-02-23 00:00:00-05:00,40.880001068115234,40.939998626708984,38.959999084472656,39.880001068115234,1077700,0.0,0.0
2023-02-24 00:00:00-05:00,39.130001068115234,39.36000061035156,38.27000045776367,38.43000030517578,978400,0.0,0.0
2023-02-27 00:00:00-05:00,38.720001220703125,38.86000061035156,37.900001525878906,38.02000045776367,639300,0.0,0.0
2023-02-28 00:00:00-05:00,38.06999969482422,38.470001220703125,37.70000076293945,38.0,1217100,0.0,0.0
2023-03-01 00:00:00-05:00,38.0099983215332,39.15999984741211,37.7400016784668,39.060001373291016,731800,0.0,0.0
2023-03-02 00:00:00-05:00,38.970001220703125,40.02000045776367,38.5099983215332,39.93000030517578,533900,0.0,0.0
2023-03-03 00:00:00-05:00,39.66999816894531,39.689998626708984,38.2599983215332,38.689998626708984,815300,0.0,0.0
2023-03-06 00:00:00-05:00,38.689998626708984,38.939998626708984,37.81999969482422,38.38999938964844,809200,0.0,0.0
2023-03-07 00:00:00-05:00,38.43000030517578,38.970001220703125,37.84000015258789,38.02000045776367,1075200,0.0,0.0
2023-03-08 00:00:00-05:00,38.0099983215332,38.47999954223633,37.45000076293945,38.310001373291016,658600,0.0,0.0
2023-03-09 00:00:00-05:00,38.380001068115234,38.70000076293945,36.2400016784668,36.41999816894531,1525900,0.0,0.0
2023-03-10 00:00:00-05:00,36.400001525878906,36.470001220703125,34.470001220703125,34.810001373291016,1498500,0.0,0.0
2023-03-13 00:00:00-04:00,34.0,34.56999969482422,32.619998931884766,34.4900016784668,1810000,0.0,0.0
2023-03-14 00:00:00-04:00,35.529998779296875,36.369998931884766,34.7599983215332,35.220001220703125,1082800,0.0,0.0
2023-03-15 00:00:00-04:00,34.439998626708984,36.220001220703125,34.11000061035156,36.209999084472656,1074400,0.0,0.0
2023-03-16 00:00:00-04:00,35.790000915527344,37.560001373291016,35.33000183105469,36.13999938964844,1115200,0.0,0.0
2023-03-17 00:00:00-04:00,35.79999923706055,36.2400016784668,35.220001220703125,35.7599983215332,1539000,0.0,0.0
2023-03-20 00:00:00-04:00,36.06999969482422,37.060001373291016,35.68000030517578,36.34000015258789,1286800,0.0,0.0
2023-03-21 00:00:00-04:00,36.9900016784668,38.060001373291016,36.93000030517578,37.220001220703125,1361300,0.0,0.0
2023-03-22 00:00:00-04:00,37.18000030517578,38.25,36.709999084472656,37.33000183105469,1152400,0.0,0.0
2023-03-23 00:00:00-04:00,37.529998779296875,37.88999938964844,35.20000076293945,36.220001220703125,1421800,0.0,0.0
2023-03-24 00:00:00-04:00,36.09000015258789,36.599998474121094,35.5,35.779998779296875,1379000,0.0,0.0
2023-03-27 00:00:00-04:00,36.06999969482422,36.06999969482422,34.7599983215332,35.2599983215332,1227400,0.0,0.0
2023-03-28 00:00:00-04:00,35.130001068115234,36.2599983215332,35.0099983215332,35.880001068115234,1060300,0.0,0.0
2023-03-29 00:00:00-04:00,36.2599983215332,36.290000915527344,35.47999954223633,35.900001525878906,710900,0.0,0.0
2023-03-30 00:00:00-04:00,36.119998931884766,37.61000061035156,35.970001220703125,37.220001220703125,960600,0.0,0.0
2023-03-31 00:00:00-04:00,37.54999923706055,38.04999923706055,36.970001220703125,38.0,1276600,0.0,0.0
2023-04-03 00:00:00-04:00,38.18000030517578,38.310001373291016,36.63999938964844,37.56999969482422,793400,0.0,0.0
2023-04-04 00:00:00-04:00,37.810001373291016,38.400001525878906,36.529998779296875,37.31999969482422,965500,0.0,0.0
2023-04-05 00:00:00-04:00,37.13999938964844,37.7599983215332,36.4900016784668,37.72999954223633,834800,0.0,0.0
2023-04-06 00:00:00-04:00,37.849998474121094,37.90999984741211,36.880001068115234,37.43000030517578,613500,0.0,0.0
2023-04-10 00:00:00-04:00,37.22999954223633,38.70000076293945,36.9900016784668,38.20000076293945,913900,0.0,0.0
2023-04-11 00:00:00-04:00,38.290000915527344,38.599998474121094,37.90999984741211,38.029998779296875,633800,0.0,0.0
2023-04-12 00:00:00-04:00,38.31999969482422,38.400001525878906,35.939998626708984,35.97999954223633,875300,0.0,0.0
2023-04-13 00:00:00-04:00,36.349998474121094,37.52000045776367,36.15999984741211,36.93000030517578,836200,0.0,0.0
2023-04-14 00:00:00-04:00,37.290000915527344,38.15999984741211,36.81999969482422,37.29999923706055,742500,0.0,0.0
2023-04-17 00:00:00-04:00,37.470001220703125,37.849998474121094,36.54999923706055,37.18000030517578,594600,0.0,0.0
2023-04-18 00:00:00-04:00,37.56999969482422,38.459999084472656,37.560001373291016,38.220001220703125,764300,0.0,0.0
2023-04-19 00:00:00-04:00,38.0099983215332,38.5,37.84000015258789,38.5,468900,0.0,0.0
2023-04-20 00:00:00-04:00,38.20000076293945,39.06999969482422,37.880001068115234,38.189998626708984,718000,0.0,0.0
2023-04-21 00:00:00-04:00,38.33000183105469,39.41999816894531,38.22999954223633,39.16999816894531,735900,0.0,0.0
2023-04-24 00:00:00-04:00,38.9900016784668,39.380001068115234,38.619998931884766,39.34000015258789,777600,0.0,0.0
2023-04-25 00:00:00-04:00,39.130001068115234,39.2400016784668,37.880001068115234,38.16999816894531,681400,0.0,0.0
2023-04-26 00:00:00-04:00,38.290000915527344,39.099998474121094,37.959999084472656,37.970001220703125,697000,0.0,0.0
2023-04-27 00:00:00-04:00,38.36000061035156,39.09000015258789,37.81999969482422,38.90999984741211,607800,0.0,0.0
2023-04-28 00:00:00-04:00,38.90999984741211,39.939998626708984,38.83000183105469,39.91999816894531,1176600,0.0,0.0
2023-05-01 00:00:00-04:00,39.77000045776367,40.900001525878906,39.63999938964844,40.279998779296875,1661400,0.0,0.0
2023-05-02 00:00:00-04:00,39.599998474121094,40.65999984741211,38.709999084472656,40.27000045776367,1964900,0.0,0.0
2023-05-03 00:00:00-04:00,36.720001220703125,39.9900016784668,34.22999954223633,38.7599983215332,4030300,0.0,0.0
2023-05-04 00:00:00-04:00,39.599998474121094,40.68000030517578,38.630001068115234,39.0,1690000,0.0,0.0
2023-05-05 00:00:00-04:00,39.689998626708984,40.09000015258789,37.5099983215332,38.04999923706055,1065800,0.0,0.0
2023-05-08 00:00:00-04:00,38.18000030517578,38.70000076293945,36.7400016784668,36.959999084472656,703200,0.0,0.0
2023-05-09 00:00:00-04:00,36.790000915527344,37.630001068115234,36.470001220703125,37.400001525878906,511000,0.0,0.0
2023-05-10 00:00:00-04:00,37.7400016784668,37.97999954223633,36.25,36.47999954223633,963600,0.0,0.0
2023-05-11 00:00:00-04:00,36.33000183105469,36.689998626708984,35.630001068115234,36.310001373291016,910300,0.0,0.0
2023-05-12 00:00:00-04:00,36.400001525878906,37.310001373291016,36.119998931884766,36.9900016784668,668100,0.0,0.0
2023-05-15 00:00:00-04:00,37.060001373291016,38.130001068115234,36.25,38.09000015258789,798100,0.0,0.0
2023-05-16 00:00:00-04:00,38.11000061035156,38.11000061035156,37.06999969482422,37.540000915527344,556300,0.0,0.0
2023-05-17 00:00:00-04:00,38.0,39.529998779296875,37.77000045776367,39.22999954223633,663700,0.0,0.0
2023-05-18 00:00:00-04:00,39.43000030517578,40.810001373291016,39.25,40.58000183105469,892000,0.0,0.0
2023-05-19 00:00:00-04:00,40.900001525878906,40.97999954223633,39.20000076293945,39.540000915527344,697100,0.0,0.0
2023-05-22 00:00:00-04:00,39.400001525878906,39.7400016784668,39.040000915527344,39.34000015258789,691600,0.0,0.0
2023-05-23 00:00:00-04:00,39.400001525878906,39.790000915527344,38.66999816894531,39.470001220703125,812200,0.0,0.0
2023-05-24 00:00:00-04:00,39.02000045776367,39.849998474121094,38.220001220703125,39.81999969482422,923100,0.0,0.0
2023-05-25 00:00:00-04:00,40.279998779296875,40.349998474121094,38.7599983215332,38.810001373291016,613100,0.0,0.0
2023-05-26 00:00:00-04:00,38.65999984741211,39.41999816894531,38.65999984741211,38.900001525878906,732200,0.0,0.0
2023-05-30 00:00:00-04:00,39.0,39.34000015258789,37.22999954223633,37.279998779296875,928200,0.0,0.0
2023-05-31 00:00:00-04:00,37.25,37.54999923706055,35.599998474121094,36.58000183105469,1710300,0.0,0.0
2023-06-01 00:00:00-04:00,36.7400016784668,38.52000045776367,36.709999084472656,38.119998931884766,1015500,0.0,0.0
2023-06-02 00:00:00-04:00,38.790000915527344,40.02000045776367,38.33000183105469,39.91999816894531,1049400,0.0,0.0
2023-06-05 00:00:00-04:00,39.709999084472656,39.810001373291016,38.459999084472656,38.619998931884766,840500,0.0,0.0
2023-06-06 00:00:00-04:00,38.060001373291016,39.04999923706055,37.54999923706055,38.81999969482422,969300,0.0,0.0
2023-06-07 00:00:00-04:00,39.310001373291016,40.91999816894531,35.58000183105469,36.38999938964844,2736400,0.0,0.0
2023-06-08 00:00:00-04:00,35.880001068115234,36.02000045776367,34.06999969482422,35.66999816894531,1978300,0.0,0.0
2023-06-09 00:00:00-04:00,35.220001220703125,36.290000915527344,35.220001220703125,36.0,1035200,0.0,0.0
2023-06-12 00:00:00-04:00,36.31999969482422,38.08000183105469,36.25,37.81999969482422,1100000,0.0,0.0
2023-06-13 00:00:00-04:00,37.810001373291016,38.130001068115234,37.0,37.38999938964844,723700,0.0,0.0
2023-06-14 00:00:00-04:00,37.58000183105469,37.68000030517578,35.7599983215332,36.150001525878906,875400,0.0,0.0
2023-06-15 00:00:00-04:00,36.400001525878906,37.0099983215332,35.93000030517578,36.470001220703125,744300,0.0,0.0
2023-06-16 00:00:00-04:00,36.779998779296875,36.779998779296875,35.90999984741211,36.38999938964844,980400,0.0,0.0
2023-06-20 00:00:00-04:00,36.119998931884766,37.08000183105469,36.060001373291016,36.56999969482422,753900,0.0,0.0
2023-06-21 00:00:00-04:00,36.25,36.599998474121094,35.86000061035156,36.09000015258789,599900,0.0,0.0
2023-06-22 00:00:00-04:00,35.810001373291016,35.880001068115234,35.04999923706055,35.279998779296875,933500,0.0,0.0
2023-06-23 00:00:00-04:00,34.70000076293945,35.34000015258789,33.77000045776367,34.04999923706055,2220300,0.0,0.0
2023-06-26 00:00:00-04:00,32.310001373291016,34.88999938964844,32.310001373291016,34.470001220703125,1204600,0.0,0.0
2023-06-27 00:00:00-04:00,34.880001068115234,36.0099983215332,34.459999084472656,35.79999923706055,935100,0.0,0.0
2023-06-28 00:00:00-04:00,35.790000915527344,36.2400016784668,35.22999954223633,36.20000076293945,1015200,0.0,0.0
2023-06-29 00:00:00-04:00,36.15999984741211,36.9900016784668,36.15999984741211,36.4900016784668,1472600,0.0,0.0
2023-06-30 00:00:00-04:00,36.88999938964844,37.150001525878906,36.5099983215332,36.599998474121094,768900,0.0,0.0
2023-07-03 00:00:00-04:00,36.5099983215332,37.16999816894531,36.130001068115234,37.060001373291016,632200,0.0,0.0
2023-07-05 00:00:00-04:00,36.7599983215332,36.7599983215332,35.220001220703125,35.70000076293945,1228300,0.0,0.0
2023-07-06 00:00:00-04:00,35.41999816894531,35.7599983215332,34.849998474121094,35.66999816894531,456000,0.0,0.0
2023-07-07 00:00:00-04:00,35.9900016784668,36.95000076293945,35.709999084472656,36.34000015258789,569100,0.0,0.0
2023-07-10 00:00:00-04:00,36.34000015258789,38.0,36.279998779296875,37.869998931884766,812700,0.0,0.0
2023-07-11 00:00:00-04:00,38.130001068115234,38.83000183105469,37.689998626708984,38.060001373291016,781000,0.0,0.0
2023-07-12 00:00:00-04:00,38.790000915527344,39.02000045776367,38.0,38.2599983215332,510100,0.0,0.0
2023-07-13 00:00:00-04:00,38.310001373291016,38.56999969482422,37.97999954223633,38.099998474121094,584200,0.0,0.0
2023-07-14 00:00:00-04:00,37.93000030517578,38.09000015258789,37.33000183105469,37.959999084472656,566100,0.0,0.0
2023-07-17 00:00:00-04:00,37.56999969482422,38.34000015258789,37.349998474121094,37.36000061035156,527600,0.0,0.0
2023-07-18 00:00:00-04:00,37.02000045776367,38.54999923706055,36.75,38.4900016784668,567400,0.0,0.0
2023-07-19 00:00:00-04:00,38.70000076293945,39.72999954223633,38.529998779296875,39.599998474121094,586400,0.0,0.0
2023-07-20 00:00:00-04:00,39.33000183105469,39.79999923706055,38.959999084472656,39.400001525878906,577100,0.0,0.0
2023-07-21 00:00:00-04:00,39.779998779296875,39.880001068115234,38.97999954223633,38.9900016784668,580300,0.0,0.0
2023-07-24 00:00:00-04:00,38.88999938964844,39.060001373291016,37.779998779296875,38.18000030517578,760300,0.0,0.0
2023-07-25 00:00:00-04:00,38.02000045776367,38.33000183105469,37.2599983215332,37.75,784300,0.0,0.0
2023-07-26 00:00:00-04:00,37.75,39.279998779296875,37.75,39.209999084472656,536500,0.0,0.0
2023-07-27 00:00:00-04:00,39.400001525878906,39.91999816894531,38.61000061035156,38.650001525878906,724200,0.0,0.0
2023-07-28 00:00:00-04:00,39.119998931884766,39.41999816894531,38.43000030517578,38.56999969482422,789000,0.0,0.0
2023-07-31 00:00:00-04:00,38.63999938964844,39.650001525878906,38.56999969482422,39.279998779296875,660400,0.0,0.0
2023-08-01 00:00:00-04:00,38.849998474121094,39.119998931884766,37.84000015258789,38.869998931884766,899700,0.0,0.0
2023-08-02 00:00:00-04:00,38.2400016784668,39.290000915527344,37.61000061035156,38.95000076293945,735900,0.0,0.0
2023-08-03 00:00:00-04:00,38.810001373291016,39.400001525878906,38.5099983215332,39.029998779296875,764000,0.0,0.0
2023-08-04 00:00:00-04:00,39.5099983215332,40.15999984741211,38.650001525878906,38.709999084472656,930000,0.0,0.0
2023-08-07 00:00:00-04:00,39.220001220703125,40.18000030517578,38.9900016784668,39.540000915527344,919900,0.0,0.0
2023-08-08 00:00:00-04:00,39.060001373291016,39.439998626708984,38.279998779296875,38.93000030517578,790800,0.0,0.0
2023-08-09 00:00:00-04:00,39.11000061035156,39.29999923706055,38.58000183105469,38.65999984741211,883200,0.0,0.0
2023-08-10 00:00:00-04:00,38.93000030517578,40.150001525878906,38.400001525878906,38.599998474121094,991900,0.0,0.0
2023-08-11 00:00:00-04:00,38.459999084472656,38.540000915527344,37.52000045776367,37.54999923706055,1040800,0.0,0.0
2023-08-14 00:00:00-04:00,37.0,37.279998779296875,36.0,36.709999084472656,2132800,0.0,0.0
2023-08-15 00:00:00-04:00,36.779998779296875,37.060001373291016,35.91999816894531,36.369998931884766,1739700,0.0,0.0
2023-08-16 00:00:00-04:00,35.0,35.279998779296875,33.36000061035156,34.36000061035156,3335300,0.0,0.0
2023-08-17 00:00:00-04:00,34.560001373291016,34.849998474121094,33.2400016784668,33.2599983215332,1293500,0.0,0.0
2023-08-18 00:00:00-04:00,33.08000183105469,34.38999938964844,32.91999816894531,34.119998931884766,1694400,0.0,0.0
2023-08-21 00:00:00-04:00,34.09000015258789,34.599998474121094,33.349998474121094,33.65999984741211,1179000,0.0,0.0
2023-08-22 00:00:00-04:00,33.709999084472656,34.20000076293945,33.06999969482422,33.970001220703125,853900,0.0,0.0
2023-08-23 00:00:00-04:00,34.0,34.560001373291016,33.58000183105469,34.20000076293945,723200,0.0,0.0
2023-08-24 00:00:00-04:00,34.31999969482422,34.5,33.7400016784668,33.77000045776367,742800,0.0,0.0
2023-08-25 00:00:00-04:00,34.0,34.04999923706055,32.790000915527344,33.04999923706055,932600,0.0,0.0
2023-08-28 00:00:00-04:00,33.0,33.380001068115234,32.29999923706055,32.369998931884766,824900,0.0,0.0
2023-08-29 00:00:00-04:00,32.040000915527344,32.72999954223633,32.040000915527344,32.5099983215332,987100,0.0,0.0
2023-08-30 00:00:00-04:00,32.47999954223633,32.84000015258789,32.310001373291016,32.63999938964844,1037600,0.0,0.0
2023-08-31 00:00:00-04:00,32.7400016784668,33.16999816894531,32.25,32.72999954223633,783300,0.0,0.0
2023-09-01 00:00:00-04:00,32.810001373291016,33.099998474121094,32.189998626708984,32.66999816894531,944400,0.0,0.0
2023-09-05 00:00:00-04:00,32.36000061035156,32.36000061035156,31.049999237060547,31.350000381469727,1514300,0.0,0.0
2023-09-06 00:00:00-04:00,31.290000915527344,31.450000762939453,30.6200008392334,30.6299991607666,1009300,0.0,0.0
2023-09-07 00:00:00-04:00,30.389999389648438,31.40999984741211,30.229999542236328,31.299999237060547,1172200,0.0,0.0
2023-09-08 00:00:00-04:00,31.209999084472656,31.729999542236328,30.899999618530273,31.1299991607666,981500,0.0,0.0
2023-09-11 00:00:00-04:00,31.299999237060547,31.329999923706055,30.149999618530273,30.540000915527344,1345100,0.0,0.0
2023-09-12 00:00:00-04:00,30.40999984741211,31.68000030517578,30.18000030517578,31.209999084472656,1115400,0.0,0.0
2023-09-13 00:00:00-04:00,31.149999618530273,31.8700008392334,30.8700008392334,31.670000076293945,1295400,0.0,0.0
2023-09-14 00:00:00-04:00,31.899999618530273,32.47999954223633,31.43000030517578,32.36000061035156,954000,0.0,0.0
2023-09-15 00:00:00-04:00,32.22999954223633,32.29999923706055,31.219999313354492,31.420000076293945,1326300,0.0,0.0
2023-09-18 00:00:00-04:00,31.579999923706055,31.600000381469727,31.100000381469727,31.139999389648438,1001600,0.0,0.0
2023-09-19 00:00:00-04:00,31.09000015258789,31.93000030517578,30.920000076293945,31.829999923706055,908200,0.0,0.0
2023-09-20 00:00:00-04:00,32.0,33.20000076293945,32.0,32.20000076293945,1076600,0.0,0.0
2023-09-21 00:00:00-04:00,31.950000762939453,32.52000045776367,31.709999084472656,31.719999313354492,776300,0.0,0.0
2023-09-22 00:00:00-04:00,31.350000381469727,31.3700008392334,30.139999389648438,30.149999618530273,1083200,0.0,0.0
2023-09-25 00:00:00-04:00,29.780000686645508,30.329999923706055,29.459999084472656,29.579999923706055,998700,0.0,0.0
2023-09-26 00:00:00-04:00,29.3799991607666,29.84000015258789,28.860000610351562,28.920000076293945,1519100,0.0,0.0
2023-09-27 00:00:00-04:00,29.020000457763672,29.979999542236328,28.940000534057617,29.450000762939453,1549500,0.0,0.0
2023-09-28 00:00:00-04:00,29.690000534057617,31.170000076293945,29.43000030517578,31.049999237060547,1195800,0.0,0.0
2023-09-29 00:00:00-04:00,33.540000915527344,33.880001068115234,31.459999084472656,31.59000015258789,1997900,0.0,0.0
2023-10-02 00:00:00-04:00,31.3700008392334,32.029998779296875,31.200000762939453,31.350000381469727,1254600,0.0,0.0
2023-10-03 00:00:00-04:00,31.030000686645508,31.18000030517578,29.459999084472656,29.75,1389000,0.0,0.0
2023-10-04 00:00:00-04:00,29.850000381469727,30.65999984741211,29.34000015258789,30.6299991607666,1331100,0.0,0.0
2023-10-05 00:00:00-04:00,30.440000534057617,30.969999313354492,30.280000686645508,30.540000915527344,1038700,0.0,0.0
2023-10-06 00:00:00-04:00,30.3700008392334,30.510000228881836,29.049999237060547,29.510000228881836,1301400,0.0,0.0
2023-10-09 00:00:00-04:00,29.0,30.360000610351562,28.229999542236328,29.850000381469727,1308100,0.0,0.0
2023-10-10 00:00:00-04:00,30.0,31.110000610351562,29.93000030517578,30.860000610351562,618500,0.0,0.0
2023-10-11 00:00:00-04:00,30.84000015258789,31.190000534057617,30.219999313354492,30.8700008392334,741800,0.0,0.0
2023-10-12 00:00:00-04:00,30.950000762939453,30.989999771118164,29.649999618530273,30.059999465942383,980300,0.0,0.0
2023-10-13 00:00:00-04:00,29.989999771118164,30.690000534057617,29.68000030517578,30.3700008392334,1019600,0.0,0.0
2023-10-16 00:00:00-04:00,30.709999084472656,32.279998779296875,30.700000762939453,32.040000915527344,1330100,0.0,0.0
2023-10-17 00:00:00-04:00,31.90999984741211,33.97999954223633,31.90999984741211,33.650001525878906,1540100,0.0,0.0
2023-10-18 00:00:00-04:00,34.34000015258789,34.34000015258789,32.959999084472656,33.22999954223633,1423300,0.0,0.0
2023-10-19 00:00:00-04:00,33.31999969482422,34.189998626708984,32.90999984741211,33.04999923706055,968200,0.0,0.0
2023-10-20 00:00:00-04:00,33.13999938964844,33.369998931884766,32.59000015258789,32.97999954223633,1006600,0.0,0.0
2023-10-23 00:00:00-04:00,32.41999816894531,33.34000015258789,32.119998931884766,32.540000915527344,1322500,0.0,0.0
2023-10-24 00:00:00-04:00,32.810001373291016,33.25,32.27000045776367,32.45000076293945,1004900,0.0,0.0
2023-10-25 00:00:00-04:00,32.040000915527344,32.83000183105469,31.950000762939453,32.650001525878906,798000,0.0,0.0
2023-10-26 00:00:00-04:00,33.0,33.11000061035156,32.02000045776367,32.70000076293945,834200,0.0,0.0
2023-10-27 00:00:00-04:00,32.709999084472656,33.34000015258789,32.459999084472656,32.72999954223633,830700,0.0,0.0
2023-10-30 00:00:00-04:00,33.220001220703125,33.880001068115234,32.290000915527344,33.400001525878906,1487700,0.0,0.0
2023-10-31 00:00:00-04:00,33.310001373291016,34.2599983215332,32.900001525878906,33.91999816894531,2436000,0.0,0.0
2023-11-01 00:00:00-04:00,36.70000076293945,36.75,33.54999923706055,34.47999954223633,3234400,0.0,0.0
2023-11-02 00:00:00-04:00,35.380001068115234,35.86000061035156,33.029998779296875,33.84000015258789,2119200,0.0,0.0
2023-11-03 00:00:00-04:00,34.31999969482422,35.470001220703125,34.31999969482422,35.279998779296875,1580700,0.0,0.0
2023-11-06 00:00:00-05:00,35.25,35.68000030517578,34.7400016784668,35.02000045776367,1037800,0.0,0.0
2023-11-07 00:00:00-05:00,34.88999938964844,34.95000076293945,33.779998779296875,34.20000076293945,1409900,0.0,0.0
2023-11-08 00:00:00-05:00,34.560001373291016,34.83000183105469,33.439998626708984,33.7400016784668,1090800,0.0,0.0
2023-11-09 00:00:00-05:00,34.0,34.38999938964844,33.54999923706055,33.75,841300,0.0,0.0
2023-11-10 00:00:00-05:00,33.77000045776367,34.27000045776367,33.2400016784668,33.95000076293945,1082500,0.0,0.0
2023-11-13 00:00:00-05:00,34.38999938964844,34.38999938964844,33.619998931884766,34.02000045776367,882100,0.0,0.0
2023-11-14 00:00:00-05:00,34.79999923706055,36.47999954223633,34.43000030517578,36.380001068115234,1495300,0.0,0.0
2023-11-15 00:00:00-05:00,36.459999084472656,37.34000015258789,36.400001525878906,36.84000015258789,1115800,0.0,0.0
2023-11-16 00:00:00-05:00,36.720001220703125,36.88999938964844,35.9900016784668,36.310001373291016,697800,0.0,0.0
2023-11-17 00:00:00-05:00,36.720001220703125,36.720001220703125,35.790000915527344,36.25,805500,0.0,0.0
2023-11-20 00:00:00-05:00,36.31999969482422,36.45000076293945,35.84000015258789,36.29999923706055,727400,0.0,0.0
2023-11-21 00:00:00-05:00,36.13999938964844,36.13999938964844,35.459999084472656,35.47999954223633,683600,0.0,0.0
2023-11-22 00:00:00-05:00,35.709999084472656,36.599998474121094,35.58000183105469,35.720001220703125,911400,0.0,0.0
2023-11-24 00:00:00-05:00,35.779998779296875,35.779998779296875,35.220001220703125,35.54999923706055,370500,0.0,0.0
2023-11-27 00:00:00-05:00,35.34000015258789,35.90999984741211,35.060001373291016,35.38999938964844,1210500,0.0,0.0
2023-11-28 00:00:00-05:00,35.29999923706055,35.45000076293945,34.77000045776367,35.439998626708984,1187300,0.0,0.0
2023-11-29 00:00:00-05:00,35.849998474121094,36.709999084472656,35.630001068115234,36.189998626708984,1301100,0.0,0.0
2023-11-30 00:00:00-05:00,36.220001220703125,36.400001525878906,35.79999923706055,36.0099983215332,1328600,0.0,0.0
2023-12-01 00:00:00-05:00,35.91999816894531,37.65999984741211,35.599998474121094,37.560001373291016,1476900,0.0,0.0
2023-12-04 00:00:00-05:00,37.619998931884766,38.9900016784668,37.619998931884766,38.4900016784668,1336300,0.0,0.0
2023-12-05 00:00:00-05:00,38.349998474121094,38.88999938964844,37.7599983215332,37.81999969482422,1069100,0.0,0.0
2023-12-06 00:00:00-05:00,38.61000061035156,39.619998931884766,38.61000061035156,39.310001373291016,1058700,0.0,0.0
2023-12-07 00:00:00-05:00,39.209999084472656,39.720001220703125,38.77000045776367,39.63999938964844,726200,0.0,0.0
2023-12-08 00:00:00-05:00,39.54999923706055,40.0,39.13999938964844,39.77000045776367,885900,0.0,0.0
2023-12-11 00:00:00-05:00,40.0,41.529998779296875,39.81999969482422,41.15999984741211,1570600,0.0,0.0
2023-12-12 00:00:00-05:00,41.150001525878906,41.77000045776367,40.970001220703125,41.119998931884766,1212000,0.0,0.0
2023-12-13 00:00:00-05:00,41.13999938964844,41.66999816894531,40.209999084472656,41.599998474121094,977000,0.0,0.0
2023-12-14 00:00:00-05:00,41.88999938964844,42.52000045776367,41.709999084472656,42.349998474121094,1375900,0.0,0.0
2023-12-15 00:00:00-05:00,42.18000030517578,42.38999938964844,40.650001525878906,40.81999969482422,2311900,0.0,0.0
2023-12-18 00:00:00-05:00,41.040000915527344,41.560001373291016,40.34000015258789,41.06999969482422,874500,0.0,0.0
2023-12-19 00:00:00-05:00,41.630001068115234,42.0099983215332,41.38999938964844,41.70000076293945,923400,0.0,0.0
2023-12-20 00:00:00-05:00,41.630001068115234,42.099998474121094,41.15999984741211,41.34000015258789,891000,0.0,0.0
2023-12-21 00:00:00-05:00,41.970001220703125,42.91999816894531,41.88999938964844,42.72999954223633,1142400,0.0,0.0
2023-12-22 00:00:00-05:00,42.529998779296875,42.93000030517578,42.209999084472656,42.84000015258789,699800,0.0,0.0
2023-12-26 00:00:00-05:00,42.86000061035156,44.439998626708984,42.599998474121094,44.31999969482422,755500,0.0,0.0
2023-12-27 00:00:00-05:00,44.0,44.970001220703125,43.90999984741211,44.56999969482422,1114600,0.0,0.0
2023-12-28 00:00:00-05:00,44.45000076293945,44.529998779296875,43.709999084472656,43.86000061035156,619500,0.0,0.0
2023-12-29 00:00:00-05:00,43.689998626708984,43.77000045776367,42.84000015258789,43.18000030517578,812500,0.0,0.0
2024-01-02 00:00:00-05:00,42.880001068115234,43.66999816894531,42.0,42.06999969482422,1262700,0.0,0.0
2024-01-03 00:00:00-05:00,41.22999954223633,41.900001525878906,40.70000076293945,41.04999923706055,1427100,0.0,0.0
2024-01-04 00:00:00-05:00,41.369998931884766,41.599998474121094,40.66999816894531,40.849998474121094,919600,0.0,0.0
2024-01-05 00:00:00-05:00,40.58000183105469,41.439998626708984,39.540000915527344,39.79999923706055,1208600,0.0,0.0
2024-01-08 00:00:00-05:00,39.939998626708984,41.5,39.54999923706055,41.279998779296875,1490200,0.0,0.0
2024-01-09 00:00:00-05:00,40.58000183105469,41.31999969482422,40.279998779296875,41.06999969482422,800500,0.0,0.0
2024-01-10 00:00:00-05:00,41.060001373291016,41.58000183105469,40.599998474121094,41.31999969482422,668800,0.0,0.0
2024-01-11 00:00:00-05:00,41.290000915527344,41.290000915527344,38.900001525878906,39.38999938964844,1246900,0.0,0.0
2024-01-12 00:00:00-05:00,39.56999969482422,39.56999969482422,38.08000183105469,38.20000076293945,984300,0.0,0.0
2024-01-16 00:00:00-05:00,37.91999816894531,38.36000061035156,37.25,38.310001373291016,1092600,0.0,0.0
2024-01-17 00:00:00-05:00,37.68000030517578,38.56999969482422,37.529998779296875,38.459999084472656,1523000,0.0,0.0
2024-01-18 00:00:00-05:00,38.65999984741211,39.40999984741211,38.130001068115234,39.31999969482422,1055000,0.0,0.0
2024-01-19 00:00:00-05:00,39.470001220703125,39.66999816894531,38.59000015258789,38.88999938964844,1233000,0.0,0.0
2024-01-22 00:00:00-05:00,39.36000061035156,40.88999938964844,39.279998779296875,40.0,1565700,0.0,0.0
2024-01-23 00:00:00-05:00,40.41999816894531,40.650001525878906,39.470001220703125,39.689998626708984,1215700,0.0,0.0
2024-01-24 00:00:00-05:00,40.13999938964844,40.33000183105469,38.959999084472656,39.15999984741211,795500,0.0,0.0
2024-01-25 00:00:00-05:00,39.849998474121094,40.09000015258789,39.11000061035156,39.869998931884766,862500,0.0,0.0
2024-01-26 00:00:00-05:00,39.939998626708984,40.150001525878906,39.16999816894531,39.40999984741211,1396000,0.0,0.0
2024-01-29 00:00:00-05:00,39.56999969482422,40.72999954223633,39.38999938964844,40.68000030517578,1795500,0.0,0.0
2024-01-30 00:00:00-05:00,40.470001220703125,40.93000030517578,40.119998931884766,40.689998626708984,1833800,0.0,0.0
2024-01-31 00:00:00-05:00,40.59000015258789,44.349998474121094,40.5,42.790000915527344,5065000,0.0,0.0
2024-02-01 00:00:00-05:00,43.33000183105469,46.11000061035156,43.33000183105469,46.029998779296875,2566400,0.0,0.0
2024-02-02 00:00:00-05:00,45.81999969482422,45.849998474121094,44.119998931884766,45.27000045776367,1563200,0.0,0.0
2024-02-05 00:00:00-05:00,44.630001068115234,45.220001220703125,43.90999984741211,44.15999984741211,1323500,0.0,0.0
2024-02-06 00:00:00-05:00,44.040000915527344,44.86000061035156,43.72999954223633,44.54999923706055,1111800,0.0,0.0
2024-02-07 00:00:00-05:00,44.619998931884766,44.7400016784668,43.869998931884766,44.16999816894531,1083400,0.0,0.0
2024-02-08 00:00:00-05:00,44.560001373291016,45.060001373291016,43.81999969482422,45.040000915527344,944100,0.0,0.0
2024-02-09 00:00:00-05:00,44.77000045776367,45.040000915527344,44.22999954223633,44.29999923706055,934500,0.0,0.0
2024-02-12 00:00:00-05:00,44.29999923706055,46.119998931884766,43.880001068115234,45.810001373291016,1179700,0.0,0.0
2024-02-13 00:00:00-05:00,44.220001220703125,44.84000015258789,43.06999969482422,44.31999969482422,1105800,0.0,0.0
2024-02-14 00:00:00-05:00,44.7400016784668,44.77000045776367,42.9900016784668,43.97999954223633,1303700,0.0,0.0
2024-02-15 00:00:00-05:00,44.41999816894531,45.400001525878906,44.20000076293945,44.650001525878906,1050000,0.0,0.0
2024-02-16 00:00:00-05:00,44.86000061035156,46.08000183105469,44.150001525878906,44.880001068115234,1408100,0.0,0.0
2024-02-20 00:00:00-05:00,44.380001068115234,45.33000183105469,44.279998779296875,45.22999954223633,1100400,0.0,0.0
2024-02-21 00:00:00-05:00,45.22999954223633,46.02000045776367,44.52000045776367,44.81999969482422,908600,0.0,0.0
2024-02-22 00:00:00-05:00,45.18000030517578,46.5099983215332,44.68000030517578,45.61000061035156,979800,0.0,0.0
2024-02-23 00:00:00-05:00,45.38999938964844,46.630001068115234,45.310001373291016,46.29999923706055,651600,0.0,0.0
2024-02-26 00:00:00-05:00,46.279998779296875,46.9900016784668,46.029998779296875,46.20000076293945,780400,0.0,0.0
2024-02-27 00:00:00-05:00,46.20000076293945,47.29999923706055,46.040000915527344,46.709999084472656,1195400,0.0,0.0
2024-02-28 00:00:00-05:00,46.59000015258789,47.43000030517578,46.380001068115234,46.77000045776367,801500,0.0,0.0
2024-02-29 00:00:00-05:00,47.0,47.22999954223633,45.72999954223633,46.34000015258789,1389200,0.0,0.0
2024-03-01 00:00:00-05:00,46.540000915527344,46.75,45.31999969482422,46.2400016784668,954600,0.0,0.0
2024-03-04 00:00:00-05:00,46.40999984741211,47.5,46.40999984741211,46.779998779296875,929900,0.0,0.0
2024-03-05 00:00:00-05:00,46.4900016784668,48.27000045776367,46.20000076293945,47.68000030517578,967500,0.0,0.0
2024-03-06 00:00:00-05:00,47.810001373291016,49.459999084472656,47.47999954223633,48.77000045776367,1138000,0.0,0.0
2024-03-07 00:00:00-05:00,48.83000183105469,49.119998931884766,48.20000076293945,48.65999984741211,1079800,0.0,0.0
2024-03-08 00:00:00-05:00,48.91999816894531,49.849998474121094,48.38999938964844,49.04999923706055,838700,0.0,0.0
2024-03-11 00:00:00-04:00,48.650001525878906,48.7599983215332,47.099998474121094,48.040000915527344,1138800,0.0,0.0
2024-03-12 00:00:00-04:00,48.0,49.09000015258789,48.0,48.779998779296875,902400,0.0,0.0
2024-03-13 00:00:00-04:00,48.779998779296875,49.650001525878906,48.2599983215332,48.709999084472656,1395800,0.0,0.0
2024-03-14 00:00:00-04:00,48.34000015258789,48.400001525878906,46.650001525878906,47.52000045776367,1095400,0.0,0.0
2024-03-15 00:00:00-04:00,47.56999969482422,48.61000061035156,47.380001068115234,47.93000030517578,1480100,0.0,0.0
2024-03-18 00:00:00-04:00,47.66999816894531,48.459999084472656,46.95000076293945,47.08000183105469,1167300,0.0,0.0
2024-03-19 00:00:00-04:00,47.16999816894531,47.349998474121094,46.150001525878906,46.7400016784668,884800,0.0,0.0
2024-03-20 00:00:00-04:00,46.68000030517578,47.709999084472656,46.47999954223633,47.099998474121094,1743600,0.0,0.0
2024-03-21 00:00:00-04:00,44.95000076293945,46.470001220703125,44.619998931884766,45.599998474121094,2247800,0.0,0.0
2024-03-22 00:00:00-04:00,45.68000030517578,46.099998474121094,44.72999954223633,46.08000183105469,1150500,0.0,0.0
2024-03-25 00:00:00-04:00,46.06999969482422,47.66999816894531,46.029998779296875,46.08000183105469,2051500,0.0,0.0
2024-03-26 00:00:00-04:00,46.5,47.459999084472656,46.29999923706055,47.459999084472656,1092200,0.0,0.0
2024-03-27 00:00:00-04:00,47.849998474121094,49.08000183105469,47.84000015258789,49.029998779296875,847200,0.0,0.0
2024-03-28 00:00:00-04:00,49.40999984741211,50.310001373291016,49.2599983215332,49.68000030517578,805600,0.0,0.0
2024-04-01 00:00:00-04:00,51.25,51.720001220703125,50.279998779296875,50.959999084472656,2088900,0.0,0.0
2024-04-02 00:00:00-04:00,51.0,51.119998931884766,48.959999084472656,49.66999816894531,1493300,0.0,0.0
2024-04-03 00:00:00-04:00,49.790000915527344,50.86000061035156,49.5,50.15999984741211,1257400,0.0,0.0
2024-04-04 00:00:00-04:00,50.52000045776367,50.779998779296875,46.689998626708984,47.11000061035156,2095500,0.0,0.0
2024-04-05 00:00:00-04:00,47.06999969482422,48.0099983215332,46.08000183105469,46.13999938964844,1204900,0.0,0.0
2024-04-08 00:00:00-04:00,46.52000045776367,48.29999923706055,46.470001220703125,48.20000076293945,1242200,0.0,0.0
2024-04-09 00:00:00-04:00,48.61000061035156,48.849998474121094,47.2400016784668,47.90999984741211,833400,0.0,0.0
2024-04-10 00:00:00-04:00,46.849998474121094,47.880001068115234,46.4900016784668,47.18000030517578,1511500,0.0,0.0
2024-04-11 00:00:00-04:00,47.81999969482422,47.81999969482422,45.61000061035156,46.650001525878906,1317800,0.0,0.0
2024-04-12 00:00:00-04:00,46.38999938964844,47.029998779296875,45.09000015258789,45.2400016784668,1651200,0.0,0.0
2024-04-15 00:00:00-04:00,45.630001068115234,46.439998626708984,44.58000183105469,45.02000045776367,1284700,0.0,0.0
2024-04-16 00:00:00-04:00,44.86000061035156,45.540000915527344,44.0,45.279998779296875,1069900,0.0,0.0
2024-04-17 00:00:00-04:00,45.41999816894531,45.779998779296875,43.369998931884766,44.06999969482422,1150000,0.0,0.0
2024-04-18 00:00:00-04:00,44.79999923706055,45.81999969482422,44.540000915527344,45.29999923706055,2861600,0.0,0.0
2024-04-19 00:00:00-04:00,45.040000915527344,45.439998626708984,44.58000183105469,45.22999954223633,1329500,0.0,0.0
2024-04-22 00:00:00-04:00,45.970001220703125,46.650001525878906,45.52000045776367,46.209999084472656,1017800,0.0,0.0
2024-04-23 00:00:00-04:00,46.97999954223633,48.13999938964844,46.7400016784668,48.0,1041100,0.0,0.0
2024-04-24 00:00:00-04:00,47.88999938964844,48.2599983215332,47.41999816894531,47.59000015258789,772700,0.0,0.0
2024-04-25 00:00:00-04:00,47.22999954223633,48.529998779296875,46.95000076293945,48.27000045776367,822700,0.0,0.0
2024-04-26 00:00:00-04:00,48.099998474121094,49.150001525878906,48.0099983215332,48.83000183105469,1035800,0.0,0.0
2024-04-29 00:00:00-04:00,48.97999954223633,49.7400016784668,48.369998931884766,49.65999984741211,2184100,0.0,0.0
2024-04-30 00:00:00-04:00,51.0,54.68000030517578,50.400001525878906,53.599998474121094,3762100,0.0,0.0
2024-05-01 00:00:00-04:00,53.599998474121094,55.689998626708984,53.02000045776367,54.95000076293945,2391700,0.0,0.0
2024-05-02 00:00:00-04:00,55.310001373291016,55.91999816894531,54.290000915527344,54.34000015258789,1438900,0.0,0.0
2024-05-03 00:00:00-04:00,55.11000061035156,56.29999923706055,54.779998779296875,54.97999954223633,1081500,0.0,0.0
2024-05-06 00:00:00-04:00,55.43000030517578,58.040000915527344,55.43000030517578,57.529998779296875,1825800,0.0,0.0
2024-05-07 00:00:00-04:00,57.459999084472656,58.09000015258789,56.630001068115234,56.959999084472656,1580500,0.0,0.0
2024-05-08 00:00:00-04:00,56.63999938964844,58.0,56.5,57.880001068115234,1403400,0.0,0.0
2024-05-09 00:00:00-04:00,57.91999816894531,59.189998626708984,57.689998626708984,58.52000045776367,1271800,0.0,0.0
2024-05-10 00:00:00-04:00,58.540000915527344,59.63999938964844,58.33000183105469,58.81999969482422,920600,0.0,0.0
2024-05-13 00:00:00-04:00,59.34000015258789,60.97999954223633,59.0099983215332,60.939998626708984,1563900,0.0,0.0
2024-05-14 00:00:00-04:00,61.81999969482422,63.79999923706055,61.81999969482422,62.38999938964844,1681700,0.0,0.0
2024-05-15 00:00:00-04:00,62.29999923706055,62.900001525878906,60.0099983215332,62.099998474121094,1791700,0.0,0.0
2024-05-16 00:00:00-04:00,62.13999938964844,63.2400016784668,61.77000045776367,62.75,981800,0.0,0.0
2024-05-17 00:00:00-04:00,62.220001220703125,63.02000045776367,61.93000030517578,62.560001373291016,927800,0.0,0.0
2024-05-20 00:00:00-04:00,62.720001220703125,64.5999984741211,62.45000076293945,64.51000213623047,1236100,0.0,0.0
2024-05-21 00:00:00-04:00,65.45999908447266,65.93000030517578,63.65999984741211,63.84000015258789,1399000,0.0,0.0
2024-05-22 00:00:00-04:00,63.56999969482422,64.55999755859375,63.20000076293945,64.52999877929688,1164700,0.0,0.0
2024-05-23 00:00:00-04:00,64.8499984741211,64.8499984741211,63.58000183105469,64.33999633789062,1080600,0.0,0.0
2024-05-24 00:00:00-04:00,64.83999633789062,66.69000244140625,64.33999633789062,66.31999969482422,1246800,0.0,0.0
2024-05-28 00:00:00-04:00,66.31999969482422,67.97000122070312,66.08999633789062,67.87999725341797,1710700,0.0,0.0
2024-05-29 00:00:00-04:00,66.93000030517578,68.55999755859375,66.18000030517578,68.55000305175781,1231400,0.0,0.0
2024-05-30 00:00:00-04:00,69.43000030517578,70.33000183105469,68.87999725341797,69.83000183105469,1418100,0.0,0.0
2024-05-31 00:00:00-04:00,70.05000305175781,70.69000244140625,69.29000091552734,70.62999725341797,1522900,0.0,0.0
2024-06-03 00:00:00-04:00,71.98999786376953,73.0,70.66000366210938,71.61000061035156,1583800,0.0,0.0
2024-06-04 00:00:00-04:00,71.3499984741211,72.56999969482422,70.80000305175781,71.66000366210938,1126100,0.0,0.0
2024-06-05 00:00:00-04:00,71.70999908447266,73.30000305175781,71.37999725341797,72.88999938964844,827900,0.0,0.0
2024-06-06 00:00:00-04:00,72.87999725341797,73.58000183105469,71.55999755859375,72.41000366210938,1345700,0.0,0.0
2024-06-07 00:00:00-04:00,71.87999725341797,72.36000061035156,68.68000030517578,68.95999908447266,2024700,0.0,0.0
2024-06-10 00:00:00-04:00,68.31999969482422,68.91999816894531,67.0,67.37999725341797,2501000,0.0,0.0
2024-06-11 00:00:00-04:00,67.08999633789062,67.69999694824219,66.58000183105469,66.86000061035156,1973300,0.0,0.0
2024-06-12 00:00:00-04:00,67.2300033569336,68.94000244140625,66.77999877929688,68.19000244140625,1617600,0.0,0.0
2024-06-13 00:00:00-04:00,67.6500015258789,68.9000015258789,66.97000122070312,67.94999694824219,1195400,0.0,0.0
2024-06-14 00:00:00-04:00,67.16000366210938,67.91999816894531,66.66999816894531,67.47000122070312,1088800,0.0,0.0
2024-06-17 00:00:00-04:00,67.7300033569336,68.76000213623047,65.31999969482422,68.5199966430664,1658000,0.0,0.0
2024-06-18 00:00:00-04:00,68.23999786376953,69.58000183105469,67.97000122070312,68.05999755859375,1070300,0.0,0.0
2024-06-20 00:00:00-04:00,68.5199966430664,71.83000183105469,68.01000213623047,71.44999694824219,2113400,0.0,0.0
2024-06-21 00:00:00-04:00,71.5,72.88999938964844,70.69999694824219,71.25,2183300,0.0,0.0
2024-06-24 00:00:00-04:00,71.25,73.94000244140625,70.0999984741211,73.62000274658203,1639100,0.0,0.0
2024-06-25 00:00:00-04:00,74.94999694824219,76.0199966430664,74.0999984741211,74.18000030517578,1579400,0.0,0.0
2024-06-26 00:00:00-04:00,73.62000274658203,74.12000274658203,72.36000061035156,72.87000274658203,766100,0.0,0.0
2024-06-27 00:00:00-04:00,73.36000061035156,74.55000305175781,72.52999877929688,74.44000244140625,858100,0.0,0.0
2024-06-28 00:00:00-04:00,74.47000122070312,74.97000122070312,72.0999984741211,72.38999938964844,1523000,0.0,0.0
2024-07-01 00:00:00-04:00,72.19999694824219,72.9800033569336,70.44000244140625,72.55000305175781,1777000,0.0,0.0
2024-07-02 00:00:00-04:00,72.80999755859375,72.95999908447266,70.31999969482422,71.05999755859375,1690000,0.0,0.0
2024-07-03 00:00:00-04:00,71.19999694824219,71.66000366210938,70.38999938964844,70.5999984741211,828700,0.0,0.0
2024-07-05 00:00:00-04:00,70.56999969482422,71.41000366210938,69.77999877929688,70.7699966430664,1082000,0.0,0.0
2024-07-08 00:00:00-04:00,70.55999755859375,71.86000061035156,68.06999969482422,70.12000274658203,1946800,0.0,0.0
2024-07-09 00:00:00-04:00,70.37000274658203,70.44000244140625,65.58999633789062,66.22000122070312,2595700,0.0,0.0
2024-07-10 00:00:00-04:00,66.30000305175781,66.73999786376953,63.33000183105469,65.54000091552734,2276000,0.0,0.0
2024-07-11 00:00:00-04:00,65.80000305175781,66.7300033569336,64.97000122070312,65.20999908447266,1737900,0.0,0.0
2024-07-12 00:00:00-04:00,65.77999877929688,65.87000274658203,63.150001525878906,63.7599983215332,2719700,0.0,0.0
2024-07-15 00:00:00-04:00,64.08000183105469,65.41000366210938,63.63999938964844,63.689998626708984,2049100,0.0,0.0
2024-07-16 00:00:00-04:00,64.25,65.30999755859375,62.18000030517578,65.22000122070312,1669100,0.0,0.0
2024-07-17 00:00:00-04:00,64.52999877929688,67.87999725341797,64.41999816894531,66.5,2389100,0.0,0.0
2024-07-18 00:00:00-04:00,65.5199966430664,66.79000091552734,64.38999938964844,64.58999633789062,1884300,0.0,0.0
2024-07-19 00:00:00-04:00,64.7300033569336,67.19000244140625,64.06999969482422,66.69000244140625,1447000,0.0,0.0
2024-07-22 00:00:00-04:00,66.69000244140625,66.91999816894531,65.79000091552734,66.3499984741211,1394200,0.0,0.0
2024-07-23 00:00:00-04:00,66.43000030517578,67.97000122070312,66.01000213623047,66.5,1364300,0.0,0.0
2024-07-24 00:00:00-04:00,66.08999633789062,66.08999633789062,62.61000061035156,62.689998626708984,1984100,0.0,0.0
2024-07-25 00:00:00-04:00,62.5,64.19999694824219,61.810001373291016,62.90999984741211,1439200,0.0,0.0
2024-07-26 00:00:00-04:00,64.11000061035156,65.05999755859375,63.779998779296875,64.11000061035156,1438000,0.0,0.0
2024-07-29 00:00:00-04:00,64.41000366210938,65.62999725341797,63.95000076293945,65.62999725341797,1188900,0.0,0.0
2024-07-30 00:00:00-04:00,66.48999786376953,68.05000305175781,66.48999786376953,67.73999786376953,1224400,0.0,0.0
2024-07-31 00:00:00-04:00,68.2300033569336,69.18000030517578,66.7300033569336,66.80999755859375,1147500,0.0,0.0
2024-08-01 00:00:00-04:00,67.25,67.48999786376953,62.65999984741211,63.689998626708984,1480300,0.0,0.0
2024-08-02 00:00:00-04:00,61.95000076293945,61.9900016784668,59.150001525878906,59.33000183105469,2186500,0.0,0.0
2024-08-05 00:00:00-04:00,56.9900016784668,61.06999969482422,56.27000045776367,59.09000015258789,2672200,0.0,0.0
2024-08-06 00:00:00-04:00,59.630001068115234,63.75,58.90999984741211,62.630001068115234,1586300,0.0,0.0
2024-08-07 00:00:00-04:00,63.2599983215332,64.75,61.599998474121094,61.75,1654000,0.0,0.0
2024-08-08 00:00:00-04:00,62.4900016784668,66.13999938964844,62.0,65.83000183105469,1373100,0.0,0.0
2024-08-09 00:00:00-04:00,65.97000122070312,67.54000091552734,64.87999725341797,66.63999938964844,1772900,0.0,0.0
2024-08-12 00:00:00-04:00,66.8499984741211,69.54000091552734,66.8499984741211,68.44000244140625,2451700,0.0,0.0
2024-08-13 00:00:00-04:00,68.87000274658203,70.66999816894531,68.62999725341797,70.4000015258789,3177200,0.0,0.0
2024-08-14 00:00:00-04:00,60.599998474121094,63.58000183105469,58.849998474121094,62.86000061035156,8839800,0.0,0.0
2024-08-15 00:00:00-04:00,65.75,67.83999633789062,65.69999694824219,67.05999755859375,3205800,0.0,0.0
2024-08-16 00:00:00-04:00,66.94999694824219,67.68000030517578,65.26000213623047,65.56999969482422,2139600,0.0,0.0
2024-08-19 00:00:00-04:00,65.63999938964844,68.5199966430664,65.37999725341797,68.11000061035156,1850300,0.0,0.0
2024-08-20 00:00:00-04:00,68.0,68.95999908447266,65.81999969482422,66.6500015258789,1167400,0.0,0.0
2024-08-21 00:00:00-04:00,66.97000122070312,69.72000122070312,66.72000122070312,69.38999938964844,1188200,0.0,0.0
2024-08-22 00:00:00-04:00,69.4000015258789,70.76000213623047,68.3499984741211,68.58000183105469,907700,0.0,0.0
2024-08-23 00:00:00-04:00,69.02999877929688,72.0,68.83999633789062,71.12999725341797,1500200,0.0,0.0
2024-08-26 00:00:00-04:00,71.4000015258789,71.97000122070312,70.2699966430664,71.19000244140625,1228500,0.0,0.0
2024-08-27 00:00:00-04:00,70.76000213623047,71.83000183105469,69.37000274658203,71.51000213623047,951300,0.0,0.0
2024-08-28 00:00:00-04:00,70.94999694824219,71.80000305175781,69.19000244140625,69.73999786376953,1017100,0.0,0.0
2024-08-29 00:00:00-04:00,70.0,71.0,69.52999877929688,70.19999694824219,1041300,0.0,0.0
2024-08-30 00:00:00-04:00,70.48999786376953,71.54000091552734,69.33999633789062,71.5199966430664,1248700,0.0,0.0
2024-09-03 00:00:00-04:00,70.66999816894531,73.68000030517578,70.44000244140625,71.20999908447266,2046000,0.0,0.0
2024-09-04 00:00:00-04:00,70.83000183105469,72.33999633789062,69.52999877929688,71.97000122070312,1185300,0.0,0.0
2024-09-05 00:00:00-04:00,72.33000183105469,72.33000183105469,70.36000061035156,71.76000213623047,997100,0.0,0.0
2024-09-06 00:00:00-04:00,72.19000244140625,72.91999816894531,68.58000183105469,69.13999938964844,1519500,0.0,0.0
2024-09-09 00:00:00-04:00,69.13999938964844,72.62999725341797,69.13999938964844,71.5999984741211,1845300,0.0,0.0
2024-09-10 00:00:00-04:00,71.5,71.51000213623047,68.44999694824219,69.58000183105469,1393600,0.0,0.0
2024-09-11 00:00:00-04:00,69.51000213623047,70.54000091552734,68.91000366210938,69.98999786376953,1219900,0.0,0.0
2024-09-12 00:00:00-04:00,69.93000030517578,71.54000091552734,69.20999908447266,69.29000091552734,695500,0.0,0.0
2024-09-13 00:00:00-04:00,70.19999694824219,70.87000274658203,68.94000244140625,70.38999938964844,1025700,0.0,0.0
2024-09-16 00:00:00-04:00,70.7699966430664,73.31999969482422,70.43000030517578,72.26000213623047,1547100,0.0,0.0
2024-09-17 00:00:00-04:00,73.0,75.27999877929688,72.7699966430664,75.19000244140625,1653600,0.0,0.0
2024-09-18 00:00:00-04:00,75.30000305175781,76.9000015258789,73.55000305175781,74.08000183105469,1468400,0.0,0.0
2024-09-19 00:00:00-04:00,76.4800033569336,77.80000305175781,75.16999816894531,77.69999694824219,1326900,0.0,0.0
2024-09-20 00:00:00-04:00,77.8499984741211,78.08999633789062,76.37000274658203,76.6500015258789,1323700,0.0,0.0
2024-09-23 00:00:00-04:00,79.4000015258789,79.8499984741211,77.41000366210938,77.8499984741211,1306600,0.0,0.0
2024-09-24 00:00:00-04:00,77.27999877929688,78.44000244140625,76.7300033569336,77.16000366210938,964200,0.0,0.0
2024-09-25 00:00:00-04:00,77.38999938964844,77.38999938964844,75.80999755859375,76.05999755859375,1119500,0.0,0.0
2024-09-26 00:00:00-04:00,76.9000015258789,77.66000366210938,75.2699966430664,76.80000305175781,802700,0.0,0.0
2024-09-27 00:00:00-04:00,77.0,77.56999969482422,75.20999908447266,75.58999633789062,793100,0.0,0.0
2024-09-30 00:00:00-04:00,75.69999694824219,77.33000183105469,74.7300033569336,76.52999877929688,1062500,0.0,0.0
2024-10-01 00:00:00-04:00,75.19000244140625,78.83999633789062,75.19000244140625,78.76000213623047,1197300,0.0,0.0
2024-10-02 00:00:00-04:00,78.16000366210938,79.98999786376953,77.37999725341797,79.77999877929688,878500,0.0,0.0
2024-10-03 00:00:00-04:00,79.22000122070312,80.66999816894531,78.02999877929688,79.80999755859375,888500,0.0,0.0
2024-10-04 00:00:00-04:00,81.0,83.93000030517578,80.44000244140625,83.83000183105469,1026100,0.0,0.0
2024-10-07 00:00:00-04:00,83.68000030517578,84.3499984741211,81.30000305175781,82.44999694824219,1456600,0.0,0.0
2024-10-08 00:00:00-04:00,82.91000366210938,84.76000213623047,82.58000183105469,84.5,1010500,0.0,0.0
2024-10-09 00:00:00-04:00,84.0,84.72000122070312,82.37999725341797,82.95999908447266,891700,0.0,0.0
2024-10-10 00:00:00-04:00,84.58999633789062,84.76000213623047,82.23999786376953,82.51000213623047,807900,0.0,0.0
2024-10-11 00:00:00-04:00,82.75,83.77999877929688,82.41999816894531,83.4800033569336,988300,0.0,0.0
2024-10-14 00:00:00-04:00,83.72000122070312,87.97000122070312,83.61000061035156,87.69999694824219,1351700,0.0,0.0
2024-10-15 00:00:00-04:00,88.6500015258789,91.20999908447266,88.62999725341797,89.52999877929688,1578700,0.0,0.0
2024-10-16 00:00:00-04:00,89.44000244140625,91.25,89.31999969482422,90.76000213623047,1104500,0.0,0.0
2024-10-17 00:00:00-04:00,89.70999908447266,90.9800033569336,88.76000213623047,89.30000305175781,1085700,0.0,0.0
2024-10-18 00:00:00-04:00,90.37999725341797,93.41999816894531,89.7699966430664,92.45999908447266,1546900,0.0,0.0
2024-10-21 00:00:00-04:00,92.45999908447266,93.93000030517578,91.70999908447266,93.70999908447266,898700,0.0,0.0
2024-10-22 00:00:00-04:00,93.2699966430664,94.38999938964844,92.44999694824219,92.93000030517578,1000900,0.0,0.0
2024-10-23 00:00:00-04:00,92.0,94.37999725341797,91.69999694824219,94.31999969482422,702000,0.0,0.0
2024-10-24 00:00:00-04:00,94.87999725341797,94.95999908447266,92.5,93.80000305175781,944900,0.0,0.0
2024-10-25 00:00:00-04:00,94.77999877929688,96.27999877929688,94.16000366210938,94.88999938964844,1270000,0.0,0.0
2024-10-28 00:00:00-04:00,95.88999938964844,98.87000274658203,95.86000061035156,97.7300033569336,1823800,0.0,0.0
2024-10-29 00:00:00-04:00,96.05000305175781,98.76000213623047,95.5999984741211,97.01000213623047,2755100,0.0,0.0
2024-10-30 00:00:00-04:00,104.0,106.20999908447266,101.1500015258789,104.25,3076500,0.0,0.0
2024-10-31 00:00:00-04:00,103.20999908447266,107.1500015258789,102.66000366210938,102.70999908447266,2317700,0.0,0.0
2024-11-01 00:00:00-04:00,103.29000091552734,106.33999633789062,102.95999908447266,104.91999816894531,1846200,0.0,0.0
2024-11-04 00:00:00-05:00,104.91999816894531,108.5,103.81999969482422,107.94000244140625,1361800,0.0,0.0
2024-11-05 00:00:00-05:00,108.52999877929688,110.02999877929688,108.26000213623047,109.81999969482422,1077300,0.0,0.0
2024-11-06 00:00:00-05:00,115.04000091552734,119.41999816894531,114.19999694824219,115.8499984741211,2181700,0.0,0.0
2024-11-07 00:00:00-05:00,116.0,116.54000091552734,110.62000274658203,110.69999694824219,1435500,0.0,0.0
2024-11-08 00:00:00-05:00,111.61000061035156,115.41999816894531,111.20999908447266,114.87999725341797,1216600,0.0,0.0
2024-11-11 00:00:00-05:00,117.26000213623047,118.44000244140625,115.63999938964844,117.61000061035156,1387200,0.0,0.0
2024-11-12 00:00:00-05:00,117.83999633789062,120.48999786376953,117.68000030517578,119.0,1637100,0.0,0.0
2024-11-13 00:00:00-05:00,119.93000030517578,123.66000366210938,118.47000122070312,118.6500015258789,1529000,0.0,0.0
2024-11-14 00:00:00-05:00,119.69000244140625,120.47000122070312,116.18000030517578,116.48999786376953,1088400,0.0,0.0
2024-11-15 00:00:00-05:00,117.5999984741211,117.5999984741211,114.9800033569336,117.44999694824219,910300,0.0,0.0
2024-11-18 00:00:00-05:00,118.48999786376953,123.0199966430664,118.48999786376953,122.9000015258789,1446700,0.0,0.0
2024-11-19 00:00:00-05:00,121.04000091552734,124.41000366210938,120.77999877929688,122.12999725341797,876300,0.0,0.0
2024-11-20 00:00:00-05:00,121.69999694824219,124.94000244140625,120.91000366210938,124.73999786376953,1244800,0.0,0.0
2024-11-21 00:00:00-05:00,125.25,125.26000213623047,122.30999755859375,123.70999908447266,1167600,0.0,0.0
2024-11-22 00:00:00-05:00,123.44999694824219,126.29000091552734,123.38999938964844,125.62000274658203,1338100,0.0,0.0
2024-11-25 00:00:00-05:00,126.66999816894531,131.4600067138672,126.18000030517578,130.97999572753906,1279700,0.0,0.0
2024-11-26 00:00:00-05:00,129.8000030517578,131.11000061035156,128.63999938964844,130.58999633789062,898900,0.0,0.0
2024-11-27 00:00:00-05:00,131.22000122070312,132.0800018310547,129.91000366210938,130.69000244140625,960200,0.0,0.0
2024-11-29 00:00:00-05:00,132.3800048828125,133.82000732421875,132.07000732421875,132.27000427246094,558800,0.0,0.0
2024-12-02 00:00:00-05:00,132.0,132.92999267578125,129.4199981689453,130.2100067138672,1360800,0.0,0.0
2024-12-03 00:00:00-05:00,129.6999969482422,131.14999389648438,128.2899932861328,129.0800018310547,841800,0.0,0.0
2024-12-04 00:00:00-05:00,129.35000610351562,130.8800048828125,126.87999725341797,128.8699951171875,1103900,0.0,0.0
2024-12-05 00:00:00-05:00,133.0,133.0,129.7899932861328,130.77000427246094,780300,0.0,0.0
2024-12-06 00:00:00-05:00,130.77999877929688,131.99000549316406,128.2100067138672,129.85000610351562,807900,0.0,0.0
2024-12-09 00:00:00-05:00,129.80999755859375,130.0,122.72000122070312,122.76000213623047,1237900,0.0,0.0
2024-12-10 00:00:00-05:00,123.3499984741211,128.61000061035156,123.0999984741211,126.95999908447266,1226600,0.0,0.0
2024-12-11 00:00:00-05:00,128.47000122070312,131.7899932861328,127.75,129.74000549316406,904100,0.0,0.0
2024-12-12 00:00:00-05:00,129.5399932861328,130.1300048828125,126.75,127.44999694824219,1000400,0.0,0.0
2024-12-13 00:00:00-05:00,128.13999938964844,130.0,126.38999938964844,127.8499984741211,574000,0.0,0.0
2024-12-16 00:00:00-05:00,127.8499984741211,132.52000427246094,127.0199966430664,132.36000061035156,946600,0.0,0.0
2024-12-17 00:00:00-05:00,131.5399932861328,133.8300018310547,128.6999969482422,133.77000427246094,1084900,0.0,0.0
2024-12-18 00:00:00-05:00,133.94000244140625,134.0,125.93000030517578,127.3499984741211,1440600,0.0,0.0
2024-12-19 00:00:00-05:00,131.57000732421875,136.14999389648438,130.32000732421875,131.3300018310547,1295300,0.0,0.0
2024-12-20 00:00:00-05:00,130.39999389648438,135.4499969482422,130.10000610351562,134.25999450683594,2107000,0.0,0.0
2024-12-23 00:00:00-05:00,133.99000549316406,133.99000549316406,130.9199981689453,133.08999633789062,898900,0.0,0.0
2024-12-24 00:00:00-05:00,134.75,137.2100067138672,133.80999755859375,137.19000244140625,354700,0.0,0.0
2024-12-26 00:00:00-05:00,137.25,137.86000061035156,135.57000732421875,137.11000061035156,449700,0.0,0.0
2024-12-27 00:00:00-05:00,135.07000732421875,136.0399932861328,130.3300018310547,132.47000122070312,795100,0.0,0.0
2024-12-30 00:00:00-05:00,130.49000549316406,133.27000427246094,128.3300018310547,132.10000610351562,1442700,0.0,0.0
2024-12-31 00:00:00-05:00,132.13999938964844,133.42999267578125,131.4199981689453,132.2899932861328,700800,0.0,0.0
2025-01-02 00:00:00-05:00,133.47999572753906,139.89999389648438,133.0,137.6699981689453,1214300,0.0,0.0
2025-01-03 00:00:00-05:00,138.19000244140625,141.17999267578125,136.1199951171875,141.13999938964844,774800,0.0,0.0
2025-01-06 00:00:00-05:00,141.83999633789062,142.47000122070312,138.16000366210938,140.82000732421875,909000,0.0,0.0
2025-01-07 00:00:00-05:00,140.35000610351562,141.02999877929688,134.27999877929688,136.7899932861328,1026700,0.0,0.0
2025-01-08 00:00:00-05:00,135.66000366210938,140.24000549316406,133.67999267578125,139.52000427246094,946800,0.0,0.0
2025-01-10 00:00:00-05:00,139.9199981689453,140.77999877929688,135.25999450683594,138.47999572753906,1161200,0.0,0.0
2025-01-13 00:00:00-05:00,136.38999938964844,140.49000549316406,135.77999877929688,139.80999755859375,972200,0.0,0.0
2025-01-14 00:00:00-05:00,141.50999450683594,144.10000610351562,140.82000732421875,143.19000244140625,1174200,0.0,0.0
2025-01-15 00:00:00-05:00,146.80999755859375,147.64999389648438,143.0,143.63999938964844,859100,0.0,0.0
2025-01-16 00:00:00-05:00,143.25,144.89999389648438,143.0,143.5399932861328,679300,0.0,0.0
2025-01-17 00:00:00-05:00,145.4600067138672,145.97999572753906,143.32000732421875,144.1199951171875,717600,0.0,0.0
2025-01-21 00:00:00-05:00,148.0800018310547,153.6300048828125,146.86000061035156,153.6300048828125,1230800,0.0,0.0
2025-01-22 00:00:00-05:00,154.19000244140625,155.1300048828125,151.77000427246094,152.61000061035156,1384000,0.0,0.0
2025-01-23 00:00:00-05:00,152.52000427246094,154.89999389648438,150.7100067138672,154.52000427246094,846800,0.0,0.0
2025-01-24 00:00:00-05:00,151.07000732421875,152.47000122070312,148.55999755859375,149.5,1278900,0.0,0.0
2025-01-27 00:00:00-05:00,147.66000366210938,152.85000610351562,146.5,151.82000732421875,1575600,0.0,0.0
2025-01-28 00:00:00-05:00,150.97000122070312,155.5500030517578,149.2899932861328,154.61000061035156,1391900,0.0,0.0
2025-01-29 00:00:00-05:00,176.5800018310547,181.08999633789062,171.1999969482422,179.7899932861328,4406900,0.0,0.0
2025-01-30 00:00:00-05:00,183.0,184.19000244140625,178.67999267578125,182.5,1854300,0.0,0.0
2025-01-31 00:00:00-05:00,183.67999267578125,187.0800018310547,181.64999389648438,181.97000122070312,1809700,0.0,0.0
2025-02-03 00:00:00-05:00,178.72000122070312,190.3699951171875,177.0800018310547,189.13999938964844,1892800,0.0,0.0
2025-02-04 00:00:00-05:00,191.9600067138672,192.22000122070312,186.5,188.00999450683594,1167800,0.0,0.0
2025-02-05 00:00:00-05:00,188.27999877929688,188.39999389648438,185.6999969482422,187.9499969482422,791400,0.0,0.0
2025-02-06 00:00:00-05:00,187.89999389648438,189.0,180.7100067138672,182.27999877929688,1191700,0.0,0.0
2025-02-07 00:00:00-05:00,181.7100067138672,183.0,171.7899932861328,172.05999755859375,1654000,0.0,0.0
2025-02-10 00:00:00-05:00,173.0800018310547,173.1999969482422,165.5800018310547,167.8699951171875,2127000,0.0,0.0
2025-02-11 00:00:00-05:00,165.75,167.6699981689453,159.6999969482422,164.22999572753906,1831700,0.0,0.0
2025-02-12 00:00:00-05:00,163.11000061035156,166.00999450683594,162.0,163.75999450683594,1627100,0.0,0.0
2025-02-13 00:00:00-05:00,165.0500030517578,165.5800018310547,157.8000030517578,160.2100067138672,1627600,0.0,0.0
2025-02-14 00:00:00-05:00,160.2100067138672,160.52999877929688,156.5500030517578,158.39999389648438,1486300,0.0,0.0
2025-02-18 00:00:00-05:00,159.0800018310547,168.36000061035156,158.27999877929688,167.02999877929688,1769500,0.0,0.0
2025-02-19 00:00:00-05:00,165.5,167.00999450683594,160.57000732421875,161.35000610351562,1189100,0.0,0.0
2025-02-20 00:00:00-05:00,161.0,161.07000732421875,152.13999938964844,153.52999877929688,1554200,0.0,0.0
2025-02-21 00:00:00-05:00,154.13999938964844,154.42999267578125,143.35000610351562,144.8699951171875,2018300,0.0,0.0
2025-02-24 00:00:00-05:00,146.0,153.2100067138672,145.61000061035156,153.07000732421875,2481300,0.0,0.0
2025-02-25 00:00:00-05:00,151.39999389648438,157.07000732421875,147.30999755859375,155.8300018310547,1561800,0.0,0.0
2025-02-26 00:00:00-05:00,157.8800048828125,163.3000030517578,157.3800048828125,160.08999633789062,1490600,0.0,0.0
2025-02-27 00:00:00-05:00,162.10000610351562,162.72999572753906,154.66000366210938,155.50999450683594,1122400,0.0,0.0
2025-02-28 00:00:00-05:00,154.4199981689453,164.9199981689453,153.6199951171875,164.8300018310547,1124500,0.0,0.0
2025-03-03 00:00:00-05:00,166.17999267578125,168.89999389648438,157.0800018310547,158.00999450683594,1471200,0.0,0.0
2025-03-04 00:00:00-05:00,153.74000549316406,156.9199981689453,146.05999755859375,152.52000427246094,1295300,0.0,0.0
2025-03-05 00:00:00-05:00,151.69000244140625,151.69000244140625,145.72000122070312,150.1699981689453,1241500,0.0,0.0
2025-03-06 00:00:00-05:00,146.44000244140625,147.9499969482422,138.99000549316406,139.47000122070312,1359100,0.0,0.0
2025-03-07 00:00:00-05:00,139.33999633789062,142.36000061035156,131.8000030517578,141.3699951171875,1772400,0.0,0.0
2025-03-10 00:00:00-04:00,136.6999969482422,140.3300018310547,134.5800018310547,140.27000427246094,1777900,0.0,0.0
2025-03-11 00:00:00-04:00,140.00999450683594,148.4199981689453,139.1999969482422,143.3000030517578,2036600,0.0,0.0
2025-03-12 00:00:00-04:00,148.4199981689453,150.80999755859375,141.11000061035156,145.61000061035156,1246800,0.0,0.0
2025-03-13 00:00:00-04:00,145.60000610351562,145.75,131.77999877929688,134.32000732421875,1712900,0.0,0.0
2025-03-14 00:00:00-04:00,136.52999877929688,141.5,134.49000549316406,139.41000366210938,1410800,0.0,0.0
2025-03-17 00:00:00-04:00,139.92999267578125,142.6699981689453,138.39999389648438,141.64999389648438,1110700,0.0,0.0
2025-03-18 00:00:00-04:00,140.00999450683594,140.8699951171875,132.07000732421875,133.4600067138672,1495100,0.0,0.0
2025-03-19 00:00:00-04:00,133.83999633789062,142.4600067138672,132.83999633789062,141.41000366210938,1274800,0.0,0.0
2025-03-20 00:00:00-04:00,139.8699951171875,147.47999572753906,139.8699951171875,145.4199981689453,1374700,0.0,0.0
2025-03-21 00:00:00-04:00,142.10000610351562,146.75999450683594,139.57000732421875,144.80999755859375,1265500,0.0,0.0
2025-03-24 00:00:00-04:00,150.52999877929688,154.9199981689453,149.02000427246094,154.14999389648438,1229900,0.0,0.0
2025-03-25 00:00:00-04:00,153.4199981689453,158.35000610351562,152.0,157.9499969482422,1340500,0.0,0.0
2025-03-26 00:00:00-04:00,157.92999267578125,157.92999267578125,152.7899932861328,154.1300048828125,1030000,0.0,0.0
2025-03-27 00:00:00-04:00,152.5,157.92999267578125,148.92999267578125,154.38999938964844,866600,0.0,0.0
2025-03-28 00:00:00-04:00,152.1199951171875,152.60000610351562,143.24000549316406,147.58999633789062,1090000,0.0,0.0
2025-03-31 00:00:00-04:00,143.44000244140625,150.4499969482422,140.0500030517578,149.0500030517578,1636300,0.0,0.0
2025-04-01 00:00:00-04:00,148.16000366210938,151.13999938964844,143.49000549316406,150.91000366210938,1387700,0.0,0.0
2025-04-02 00:00:00-04:00,146.3800048828125,155.7100067138672,146.25,155.25,1020800,0.0,0.0
2025-04-03 00:00:00-04:00,142.75999450683594,144.10000610351562,134.25,138.6999969482422,2563500,0.0,0.0
2025-04-04 00:00:00-04:00,131.0,138.0,126.27999877929688,135.07000732421875,2033600,0.0,0.0
2025-04-07 00:00:00-04:00,125.08999633789062,144.99000549316406,122.06999969482422,136.63999938964844,2031100,0.0,0.0
2025-04-08 00:00:00-04:00,144.5,145.47999572753906,130.1999969482422,132.91000366210938,1646500,0.0,0.0
2025-04-09 00:00:00-04:00,130.5800018310547,150.99000549316406,128.0,146.2899932861328,3172400,0.0,0.0
2025-04-10 00:00:00-04:00,139.2899932861328,146.6199951171875,137.89999389648438,142.77000427246094,1620800,0.0,0.0
2025-04-11 00:00:00-04:00,141.42999267578125,146.41000366210938,139.77000427246094,143.77000427246094,1277100,0.0,0.0
2025-04-14 00:00:00-04:00,149.75,151.88999938964844,145.10000610351562,147.63999938964844,1249500,0.0,0.0
2025-04-15 00:00:00-04:00,148.4600067138672,154.72000122070312,148.4600067138672,151.02000427246094,1517900,0.0,0.0
2025-04-16 00:00:00-04:00,148.97000122070312,152.38999938964844,147.3800048828125,150.3300018310547,1444000,0.0,0.0
2025-04-17 00:00:00-04:00,148.9600067138672,155.4499969482422,148.9600067138672,153.4499969482422,1062000,0.0,0.0
2025-04-21 00:00:00-04:00,153.07000732421875,153.94000244140625,145.82000732421875,149.66000366210938,1111900,0.0,0.0
2025-04-22 00:00:00-04:00,152.27000427246094,158.24000549316406,151.0399932861328,156.88999938964844,1877400,0.0,0.0
2025-04-23 00:00:00-04:00,163.02000427246094,165.33999633789062,157.33999633789062,158.52999877929688,1477600,0.0,0.0
2025-04-24 00:00:00-04:00,159.39999389648438,160.25999450683594,156.14999389648438,157.2899932861328,1002700,0.0,0.0
2025-04-25 00:00:00-04:00,158.07000732421875,160.25999450683594,155.4600067138672,159.64999389648438,1331500,0.0,0.0
2025-04-28 00:00:00-04:00,160.1300048828125,162.9199981689453,158.32000732421875,160.6699981689453,2787500,0.0,0.0
2025-04-29 00:00:00-04:00,147.0,148.35000610351562,133.60000610351562,136.88999938964844,7941400,0.0,0.0
2025-04-30 00:00:00-04:00,133.00999450683594,137.22000122070312,130.75999450683594,134.3000030517578,2549700,0.0,0.0
2025-05-01 00:00:00-04:00,134.74000549316406,134.8000030517578,128.05999755859375,130.0500030517578,2333000,0.0,0.0
2025-05-02 00:00:00-04:00,131.83999633789062,134.0,130.30999755859375,133.0800018310547,1682500,0.0,0.0
2025-05-05 00:00:00-04:00,131.8699951171875,132.86000061035156,128.30999755859375,128.67999267578125,2174500,0.0,0.0
2025-05-06 00:00:00-04:00,126.45999908447266,134.14999389648438,125.77999877929688,133.97000122070312,2575000,0.0,0.0
2025-05-07 00:00:00-04:00,135.22999572753906,139.35000610351562,134.0,138.8800048828125,1616600,0.0,0.0
2025-05-08 00:00:00-04:00,140.33999633789062,140.50999450683594,136.57000732421875,136.63999938964844,1368200,0.0,0.0
2025-05-09 00:00:00-04:00,137.25999450683594,137.7899932861328,135.0,136.97999572753906,835000,0.0,0.0
2025-05-12 00:00:00-04:00,142.0,145.7100067138672,140.3300018310547,145.60000610351562,1612600,0.0,0.0
2025-05-13 00:00:00-04:00,146.42999267578125,152.82000732421875,144.44000244140625,151.80999755859375,1692000,0.0,0.0
2025-05-14 00:00:00-04:00,151.8000030517578,152.67999267578125,148.8000030517578,150.97000122070312,1258700,0.0,0.0
2025-05-15 00:00:00-04:00,150.07000732421875,150.94000244140625,147.0800018310547,148.63999938964844,1049500,0.0,0.0
2025-05-16 00:00:00-04:00,149.3800048828125,151.97999572753906,147.6999969482422,151.61000061035156,1110300,0.0,0.0
2025-05-19 00:00:00-04:00,147.86000061035156,150.02999877929688,145.0,149.0500030517578,1342300,0.0,0.0
2025-05-20 00:00:00-04:00,148.92999267578125,152.2899932861328,148.27999877929688,150.0800018310547,1053000,0.0,0.0
2025-05-21 00:00:00-04:00,147.72000122070312,150.33999633789062,143.1699981689453,143.8699951171875,1244900,0.0,0.0
2025-05-22 00:00:00-04:00,144.08999633789062,149.27999877929688,143.92999267578125,149.0,1162200,0.0,0.0
2025-05-23 00:00:00-04:00,146.64999389648438,155.24000549316406,146.1300048828125,154.52999877929688,1457700,0.0,0.0
2025-05-27 00:00:00-04:00,157.39999389648438,167.5800018310547,156.67999267578125,165.1199951171875,1920400,0.0,0.0
2025-05-28 00:00:00-04:00,164.02000427246094,166.69000244140625,162.3000030517578,164.97999572753906,1091800,0.0,0.0
2025-05-29 00:00:00-04:00,164.8000030517578,169.44000244140625,163.61000061035156,168.47000122070312,1469900,0.0,0.0
2025-05-30 00:00:00-04:00,167.42999267578125,175.1300048828125,167.3300018310547,172.6300048828125,1833500,0.0,0.0
2025-06-02 00:00:00-04:00,172.36000061035156,176.08999633789062,168.0,175.9199981689453,1219900,0.0,0.0
2025-06-03 00:00:00-04:00,176.30999755859375,177.91000366210938,172.5800018310547,173.36000061035156,1897100,0.0,0.0
2025-06-04 00:00:00-04:00,173.25,175.74000549316406,172.75999450683594,173.5,960600,0.0,0.0
2025-06-05 00:00:00-04:00,172.67999267578125,173.11000061035156,167.52999877929688,169.3300018310547,1739400,0.0,0.0
2025-06-06 00:00:00-04:00,171.8699951171875,174.30999755859375,170.55999755859375,171.64999389648438,951800,0.0,0.0
2025-06-09 00:00:00-04:00,171.85000610351562,177.80999755859375,170.10000610351562,173.4499969482422,1387500,0.0,0.0
2025-06-10 00:00:00-04:00,172.89999389648438,173.8699951171875,166.3800048828125,168.38999938964844,1422900,0.0,0.0
2025-06-11 00:00:00-04:00,169.66000366210938,175.91000366210938,169.05999755859375,175.80999755859375,1637400,0.0,0.0
2025-06-12 00:00:00-04:00,173.69000244140625,177.41000366210938,171.27999877929688,176.2899932861328,1269200,0.0,0.0
2025-06-13 00:00:00-04:00,172.4499969482422,176.14999389648438,169.77999877929688,174.57000732421875,1316400,0.0,0.0
2025-06-16 00:00:00-04:00,176.7899932861328,183.75,176.7899932861328,181.25999450683594,1667600,0.0,0.0
2025-06-17 00:00:00-04:00,180.27999877929688,183.75999450683594,177.6999969482422,178.8300018310547,1439200,0.0,0.0
2025-06-18 00:00:00-04:00,179.27999877929688,181.47999572753906,177.72999572753906,178.30999755859375,1119500,0.0,0.0
2025-06-20 00:00:00-04:00,180.39999389648438,183.6199951171875,178.02000427246094,178.64999389648438,1391600,0.0,0.0
2025-06-23 00:00:00-04:00,178.52000427246094,179.5399932861328,170.22999572753906,178.63999938964844,1555300,0.0,0.0
2025-06-24 00:00:00-04:00,181.25999450683594,183.5,179.00999450683594,180.0,1209800,0.0,0.0
2025-06-25 00:00:00-04:00,180.74000549316406,182.3000030517578,175.33999633789062,176.6699981689453,1119000,0.0,0.0
2025-06-26 00:00:00-04:00,177.22999572753906,182.00999450683594,176.47999572753906,181.77999877929688,1011600,0.0,0.0
2025-06-27 00:00:00-04:00,182.0,183.5,178.75,180.0500030517578,1899600,0.0,0.0
2025-06-30 00:00:00-04:00,180.86000061035156,185.6999969482422,176.0399932861328,180.3300018310547,2061900,0.0,0.0
2025-07-01 00:00:00-04:00,180.16000366210938,187.1199951171875,179.41000366210938,184.02000427246094,1720600,0.0,0.0
2025-07-02 00:00:00-04:00,183.0,183.82000732421875,178.67999267578125,181.72999572753906,1095400,0.0,0.0
2025-07-03 00:00:00-04:00,181.42999267578125,184.55999755859375,179.3000030517578,182.77000427246094,456100,0.0,0.0
2025-07-07 00:00:00-04:00,180.8800048828125,182.1999969482422,170.3000030517578,173.4199981689453,1851400,0.0,0.0
2025-07-08 00:00:00-04:00,173.92999267578125,177.1699981689453,171.27999877929688,171.27999877929688,1156600,0.0,0.0
2025-07-09 00:00:00-04:00,173.32000732421875,173.85000610351562,167.75999450683594,169.19000244140625,1301600,0.0,0.0
2025-07-10 00:00:00-04:00,169.5,170.44000244140625,166.32000732421875,166.7100067138672,1622400,0.0,0.0
2025-07-11 00:00:00-04:00,167.52000427246094,167.52000427246094,162.39999389648438,165.08999633789062,1426000,0.0,0.0
2025-07-14 00:00:00-04:00,165.89999389648438,168.33999633789062,163.02999877929688,165.3800048828125,1169700,0.0,0.0
2025-07-15 00:00:00-04:00,165.36000061035156,167.99000549316406,162.2899932861328,164.50999450683594,1045900,0.0,0.0
2025-07-16 00:00:00-04:00,165.1199951171875,167.9600067138672,164.4499969482422,166.17999267578125,1196100,0.0,0.0
2025-07-17 00:00:00-04:00,166.1999969482422,167.97000122070312,162.30999755859375,165.1300048828125,1590900,0.0,0.0
2025-07-18 00:00:00-04:00,165.0,166.24000549316406,159.9499969482422,161.8000030517578,1528200,0.0,0.0
2025-07-21 00:00:00-04:00,162.47999572753906,165.0,161.0,162.69000244140625,1047300,0.0,0.0
2025-07-22 00:00:00-04:00,162.5399932861328,163.02000427246094,159.14999389648438,161.3000030517578,1090800,0.0,0.0
2025-07-23 00:00:00-04:00,161.4499969482422,165.5399932861328,159.36000061035156,160.50999450683594,1150700,0.0,0.0
2025-07-24 00:00:00-04:00,159.50999450683594,159.50999450683594,151.75999450683594,152.32000732421875,1736100,0.0,0.0
2025-07-25 00:00:00-04:00,153.0,153.92999267578125,151.35000610351562,153.5,872800,0.0,0.0
2025-07-28 00:00:00-04:00,154.9600067138672,157.50999450683594,154.17999267578125,157.13999938964844,1093800,0.0,0.0
2025-07-29 00:00:00-04:00,158.10000610351562,161.99000549316406,156.49000549316406,159.47000122070312,1763000,0.0,0.0
2025-07-30 00:00:00-04:00,161.3800048828125,168.8699951171875,161.3800048828125,165.88999938964844,1299800,0.0,0.0
2025-07-31 00:00:00-04:00,163.5399932861328,164.35000610351562,157.13999938964844,157.60000610351562,1254300,0.0,0.0
2025-08-01 00:00:00-04:00,154.0,156.88999938964844,152.00999450683594,155.91000366210938,1456000,0.0,0.0
2025-08-04 00:00:00-04:00,157.24000549316406,161.0399932861328,155.86000061035156,160.57000732421875,817000,0.0,0.0
2025-08-05 00:00:00-04:00,160.14999389648438,161.30999755859375,158.25999450683594,158.67999267578125,814300,0.0,0.0
2025-08-06 00:00:00-04:00,158.9499969482422,159.57000732421875,156.3000030517578,159.08999633789062,485200,0.0,0.0
2025-08-07 00:00:00-04:00,159.94000244140625,161.1199951171875,156.89999389648438,159.47999572753906,840000,0.0,0.0
2025-08-08 00:00:00-04:00,160.0,160.1699981689453,149.05999755859375,151.97000122070312,1356600,0.0,0.0
2025-08-11 00:00:00-04:00,152.38999938964844,152.6199951171875,149.3300018310547,152.08999633789062,1559400,0.0,0.0
2025-08-12 00:00:00-04:00,153.8699951171875,156.0399932861328,151.07000732421875,154.8800048828125,2062000,0.0,0.0
2025-08-13 00:00:00-04:00,163.1199951171875,167.7899932861328,151.27000427246094,157.3800048828125,4331500,0.0,0.0
2025-08-14 00:00:00-04:00,156.1199951171875,160.08999633789062,154.67999267578125,158.0800018310547,1812300,0.0,0.0
2025-08-15 00:00:00-04:00,158.57000732421875,160.32000732421875,156.66000366210938,158.16000366210938,1290600,0.0,0.0
2025-08-18 00:00:00-04:00,157.89999389648438,159.60000610351562,152.0,155.8699951171875,1307500,0.0,0.0
2025-08-19 00:00:00-04:00,155.52999877929688,159.77999877929688,152.47000122070312,153.8300018310547,1213200,0.0,0.0
2025-08-20 00:00:00-04:00,155.3699951171875,155.3699951171875,149.17999267578125,152.60000610351562,1317300,0.0,0.0
2025-08-21 00:00:00-04:00,152.89999389648438,153.35000610351562,150.82000732421875,152.17999267578125,714500,0.0,0.0
2025-08-22 00:00:00-04:00,152.63999938964844,155.97000122070312,149.82000732421875,150.39999389648438,1156500,0.0,0.0
2025-08-25 00:00:00-04:00,150.50999450683594,155.74000549316406,150.24000549316406,151.85000610351562,1236400,0.0,0.0
2025-08-26 00:00:00-04:00,152.1999969482422,162.10000610351562,152.1999969482422,161.8300018310547,1777600,0.0,0.0
2025-08-27 00:00:00-04:00,161.36000061035156,161.77999877929688,156.1199951171875,156.13999938964844,1179800,0.0,0.0
2025-08-28 00:00:00-04:00,155.69000244140625,157.52000427246094,152.55999755859375,155.52999877929688,966400,0.0,0.0
2025-08-29 00:00:00-04:00,155.13999938964844,156.0399932861328,151.8800048828125,155.97999572753906,920300,0.0,0.0
2025-09-02 00:00:00-04:00,154.1699981689453,156.5500030517578,152.97999572753906,155.86000061035156,1118800,0.0,0.0
2025-09-03 00:00:00-04:00,156.6300048828125,163.5399932861328,156.41000366210938,159.05999755859375,1350100,0.0,0.0
2025-09-04 00:00:00-04:00,167.47999572753906,171.13999938964844,159.0500030517578,159.8800048828125,1662600,0.0,0.0
2025-09-05 00:00:00-04:00,159.63999938964844,160.97999572753906,156.50999450683594,158.22000122070312,1098800,0.0,0.0
2025-09-08 00:00:00-04:00,159.0,159.75,154.91000366210938,156.61000061035156,781600,0.0,0.0
2025-09-09 00:00:00-04:00,154.92999267578125,157.5800018310547,151.61000061035156,155.72000122070312,874300,0.0,0.0
2025-09-10 00:00:00-04:00,155.3699951171875,155.3699951171875,150.1999969482422,154.5500030517578,1089100,0.0,0.0
2025-09-11 00:00:00-04:00,154.24000549316406,159.41000366210938,152.50999450683594,158.9499969482422,826100,0.0,0.0
2025-09-12 00:00:00-04:00,157.74000549316406,158.5500030517578,153.55999755859375,153.66000366210938,1102600,0.0,0.0
2025-09-15 00:00:00-04:00,156.0800018310547,156.0800018310547,151.89999389648438,152.83999633789062,1640000,0.0,0.0
2025-09-16 00:00:00-04:00,151.99000549316406,152.0,143.5800018310547,144.19000244140625,1763400,0.0,0.0
2025-09-17 00:00:00-04:00,144.3300018310547,147.74000549316406,142.52999877929688,144.3699951171875,1299600,0.0,0.0
2025-09-18 00:00:00-04:00,142.39999389648438,142.64999389648438,138.6199951171875,138.8699951171875,1728500,0.0,0.0
2025-09-19 00:00:00-04:00,139.3800048828125,140.1300048828125,134.02000427246094,136.35000610351562,2375100,0.0,0.0
2025-09-22 00:00:00-04:00,138.55999755859375,140.25999450683594,136.66000366210938,138.6999969482422,1655300,0.0,0.0
2025-09-23 00:00:00-04:00,138.1999969482422,139.22999572753906,135.13999938964844,138.67999267578125,1125800,0.0,0.0
2025-09-24 00:00:00-04:00,139.67999267578125,142.8699951171875,136.83999633789062,136.9600067138672,1088800,0.0,0.0
2025-09-25 00:00:00-04:00,136.19000244140625,136.3800048828125,132.64999389648438,133.02999877929688,1302900,0.0,0.0
2025-09-26 00:00:00-04:00,133.16000366210938,134.0,130.0500030517578,132.19000244140625,1178600,0.0,0.0
2025-09-29 00:00:00-04:00,134.8699951171875,134.8699951171875,130.10000610351562,132.97000122070312,1190100,0.0,0.0
2025-09-30 00:00:00-04:00,130.89999389648438,131.6999969482422,124.88999938964844,126.68000030517578,2364900,0.0,0.0
2025-10-01 00:00:00-04:00,126.8499984741211,127.77999877929688,124.2699966430664,125.05000305175781,1716500,0.0,0.0
2025-10-02 00:00:00-04:00,124.98999786376953,129.41000366210938,124.5999984741211,127.73999786376953,1387900,0.0,0.0
2025-10-03 00:00:00-04:00,128.0,128.42999267578125,125.29000091552734,126.58999633789062,1130100,0.0,0.0
2025-10-06 00:00:00-04:00,130.08999633789062,130.5,126.3499984741211,126.5199966430664,1203800,0.0,0.0
2025-10-07 00:00:00-04:00,129.3000030517578,129.6699981689453,125.55000305175781,127.12999725341797,1209800,0.0,0.0
2025-10-08 00:00:00-04:00,127.91000366210938,128.7100067138672,121.7300033569336,121.87999725341797,1173400,0.0,0.0
2025-10-09 00:00:00-04:00,121.61000061035156,125.8499984741211,121.2300033569336,124.44000244140625,1515900,0.0,0.0
2025-10-10 00:00:00-04:00,123.31999969482422,125.58000183105469,123.13999938964844,124.86000061035156,1076600,0.0,0.0
2025-10-13 00:00:00-04:00,125.54000091552734,133.0,125.54000091552734,128.5,1557700,0.0,0.0
2025-10-14 00:00:00-04:00,127.08999633789062,132.77000427246094,126.0,132.00999450683594,1269800,0.0,0.0
2025-10-15 00:00:00-04:00,131.57000732421875,133.50999450683594,129.49000549316406,130.82000732421875,1062100,0.0,0.0
2025-10-16 00:00:00-04:00,129.97999572753906,130.17999267578125,126.01000213623047,128.27999877929688,1228900,0.0,0.0
2025-10-17 00:00:00-04:00,127.91000366210938,129.27999877929688,126.2699966430664,127.8499984741211,1213300,0.0,0.0
2025-10-20 00:00:00-04:00,128.3699951171875,131.07000732421875,127.27999877929688,129.77999877929688,958800,0.0,0.0
2025-10-21 00:00:00-04:00,129.69000244140625,133.6199951171875,129.47000122070312,133.4600067138672,792900,0.0,0.0
2025-10-22 00:00:00-04:00,131.9199981689453,132.89999389648438,130.97999572753906,132.0500030517578,938600,0.0,0.0
2025-10-23 00:00:00-04:00,130.3800048828125,130.3800048828125,124.0,126.37000274658203,1446000,0.0,0.0
2025-10-24 00:00:00-04:00,126.72000122070312,127.5999984741211,125.55000305175781,127.30999755859375,1108600,0.0,0.0
2025-10-27 00:00:00-04:00,128.22999572753906,129.0,123.11000061035156,126.19000244140625,2033600,0.0,0.0
2025-10-28 00:00:00-04:00,125.06999969482422,128.1199951171875,122.30000305175781,124.26000213623047,2498600,0.0,0.0
2025-10-29 00:00:00-04:00,114.44000244140625,128.0,114.0,114.9800033569336,5310400,0.0,0.0
2025-10-30 00:00:00-04:00,112.5999984741211,113.2699966430664,107.11000061035156,108.08999633789062,2676600,0.0,0.0
2025-10-31 00:00:00-04:00,107.16999816894531,110.20999908447266,107.0,108.66000366210938,1535800,0.0,0.0
2025-11-03 00:00:00-05:00,107.33000183105469,107.51000213623047,103.41000366210938,105.05000305175781,1658700,0.0,0.0
2025-11-04 00:00:00-05:00,105.05000305175781,106.33999633789062,104.0,104.56999969482422,1805500,0.0,0.0
2025-11-05 00:00:00-05:00,103.87999725341797,104.91999816894531,101.5999984741211,103.5199966430664,1738700,0.0,0.0
2025-11-06 00:00:00-05:00,104.25,104.25,100.30000305175781,102.29000091552734,1822400,0.0,0.0
2025-11-07 00:00:00-05:00,102.22000122070312,104.63999938964844,101.37000274658203,102.63999938964844,1339800,0.0,0.0
2025-11-10 00:00:00-05:00,103.37999725341797,107.44000244140625,102.91999816894531,106.61000061035156,2228900,0.0,0.0
2025-11-11 00:00:00-05:00,106.19000244140625,106.55999755859375,103.73999786376953,105.80999755859375,1083400,0.0,0.0
2025-11-12 00:00:00-05:00,106.93000030517578,114.91999816894531,105.51000213623047,113.70999908447266,2507900,0.0,0.0
2025-11-13 00:00:00-05:00,112.87999725341797,117.58000183105469,111.62000274658203,117.16000366210938,2691900,0.0,0.0
2025-11-14 00:00:00-05:00,115.81999969482422,117.27999877929688,112.88999938964844,113.19000244140625,1636700,0.0,0.0
2025-11-17 00:00:00-05:00,114.7300033569336,124.61000061035156,114.7300033569336,121.08999633789062,2578400,0.0,0.0
2025-11-18 00:00:00-05:00,120.06999969482422,123.41000366210938,118.36000061035156,122.19999694824219,1923200,0.0,0.0
2025-11-19 00:00:00-05:00,123.0999984741211,131.1300048828125,123.0999984741211,127.94000244140625,2409600,0.0,0.0
2025-11-20 00:00:00-05:00,128.0,131.8800048828125,126.66999816894531,127.12999725341797,1708200,0.0,0.0
2025-11-21 00:00:00-05:00,127.83000183105469,136.50999450683594,127.80999755859375,134.9600067138672,1779800,0.0,0.0
2025-11-24 00:00:00-05:00,137.0,142.1999969482422,136.47999572753906,140.2899932861328,2059000,0.0,0.0
2025-11-25 00:00:00-05:00,146.00999450683594,153.0500030517578,145.4499969482422,149.7100067138672,2564000,0.0,0.0
2025-11-26 00:00:00-05:00,149.55999755859375,154.83999633789062,149.0500030517578,151.77000427246094,1710400,0.0,0.0
2025-11-28 00:00:00-05:00,152.0,155.17999267578125,151.4600067138672,153.7899932861328,744700,0.0,0.0
2025-12-01 00:00:00-05:00,152.1199951171875,154.4199981689453,150.5500030517578,151.3699951171875,1521900,0.0,0.0
2025-12-02 00:00:00-05:00,152.24000549316406,153.60000610351562,147.47000122070312,149.02999877929688,1446800,0.0,0.0
2025-12-03 00:00:00-05:00,149.0500030517578,150.0,140.91000366210938,142.07000732421875,2003400,0.0,0.0
2025-12-04 00:00:00-05:00,142.41000366210938,145.4499969482422,138.32000732421875,142.24000549316406,1691800,0.0,0.0
2025-12-05 00:00:00-05:00,143.6300048828125,143.66000366210938,139.5399932861328,140.4499969482422,1095900,0.0,0.0
2025-12-08 00:00:00-05:00,140.64999389648438,143.99000549316406,138.24000549316406,142.30999755859375,1120000,0.0,0.0
2025-12-09 00:00:00-05:00,142.60000610351562,143.25,136.75,140.1199951171875,1127300,0.0,0.0
2025-12-10 00:00:00-05:00,139.47999572753906,141.0,134.25,136.35000610351562,1581300,0.0,0.0
2025-12-11 00:00:00-05:00,137.97999572753906,146.60000610351562,137.22999572753906,142.52999877929688,1378500,0.0,0.0
2025-12-12 00:00:00-05:00,142.49000549316406,150.33999633789062,142.49000549316406,144.4499969482422,1000900,0.0,0.0
2025-12-15 00:00:00-05:00,145.9600067138672,148.89999389648438,144.07000732421875,144.60000610351562,1365100,0.0,0.0
2025-12-16 00:00:00-05:00,145.22000122070312,148.63999938964844,144.1300048828125,145.80999755859375,972600,0.0,0.0
2025-12-17 00:00:00-05:00,144.1999969482422,150.60000610351562,143.52000427246094,145.50999450683594,1311600,0.0,0.0
2025-12-18 00:00:00-05:00,149.42999267578125,154.8300018310547,149.02000427246094,150.60000610351562,1284200,0.0,0.0
2025-12-19 00:00:00-05:00,150.69000244140625,151.6199951171875,146.0399932861328,149.44000244140625,1479400,0.0,0.0
2025-12-22 00:00:00-05:00,149.0,151.25999450683594,147.4499969482422,151.0500030517578,835800,0.0,0.0
2025-12-23 00:00:00-05:00,150.6699981689453,150.6699981689453,144.52000427246094,148.82000732421875,923400,0.0,0.0
2025-12-24 00:00:00-05:00,148.33999633789062,151.55999755859375,148.33999633789062,150.9600067138672,265200,0.0,0.0
2025-12-26 00:00:00-05:00,150.47000122070312,153.3800048828125,149.2100067138672,149.61000061035156,517200,0.0,0.0
2025-12-29 00:00:00-05:00,148.5,148.69000244140625,142.86000061035156,143.3000030517578,818200,0.0,0.0
2025-12-30 00:00:00-05:00,143.07000732421875,146.5,142.55999755859375,142.77999877929688,1057400,0.0,0.0
2025-12-31 00:00:00-05:00,142.49000549316406,144.4199981689453,141.14999389648438,143.52000427246094,974200,0.0,0.0
2026-01-02 00:00:00-05:00,144.94000244140625,152.0,144.8300018310547,151.52000427246094,1113200,0.0,0.0
2026-01-05 00:00:00-05:00,149.33999633789062,151.99000549316406,146.5399932861328,149.47999572753906,948700,0.0,0.0
2026-01-06 00:00:00-05:00,151.77000427246094,158.4600067138672,150.8000030517578,155.9499969482422,1061800,0.0,0.0
2026-01-07 00:00:00-05:00,155.75999450683594,157.42999267578125,152.42999267578125,156.22999572753906,722600,0.0,0.0
2026-01-08 00:00:00-05:00,154.8800048828125,161.99000549316406,153.55999755859375,160.0,1257000,0.0,0.0
2026-01-09 00:00:00-05:00,161.22999572753906,161.5,155.58999633789062,160.00999450683594,818500,0.0,0.0
2026-01-12 00:00:00-05:00,160.41000366210938,167.85000610351562,159.1199951171875,167.69000244140625,1015200,0.0,0.0
2026-01-13 00:00:00-05:00,164.92999267578125,168.16000366210938,164.1199951171875,166.27000427246094,799700,0.0,0.0
2026-01-14 00:00:00-05:00,165.0500030517578,166.91000366210938,162.5800018310547,165.52999877929688,786500,0.0,0.0
2026-01-15 00:00:00-05:00,165.30999755859375,167.97999572753906,163.11000061035156,166.7100067138672,749400,0.0,0.0
2026-01-16 00:00:00-05:00,166.75999450683594,167.27000427246094,157.3300018310547,157.67999267578125,1413500,0.0,0.0
2026-01-20 00:00:00-05:00,161.60000610351562,164.5,158.24000549316406,159.72999572753906,1393300,0.0,0.0
2026-01-21 00:00:00-05:00,160.11000061035156,165.0,159.10000610351562,160.89999389648438,1079900,0.0,0.0
2026-01-22 00:00:00-05:00,163.3699951171875,167.13999938964844,161.7100067138672,162.44000244140625,1027500,0.0,0.0
2026-01-23 00:00:00-05:00,161.5,163.0399932861328,158.16000366210938,162.77000427246094,1088900,0.0,0.0
2026-01-26 00:00:00-05:00,161.5,163.8300018310547,156.72999572753906,157.39999389648438,1318500,0.0,0.0
2026-01-27 00:00:00-05:00,157.4600067138672,159.75999450683594,155.5,157.2899932861328,1709200,0.0,0.0
2026-01-28 00:00:00-05:00,167.8800048828125,168.47999572753906,152.25999450683594,156.63999938964844,3355700,0.0,0.0
2026-01-29 00:00:00-05:00,158.25,164.25,152.8800048828125,160.63999938964844,1765700,0.0,0.0
2026-01-30 00:00:00-05:00,159.11000061035156,160.9600067138672,153.4199981689453,157.72000122070312,1419500,0.0,0.0
2026-02-02 00:00:00-05:00,161.32000732421875,162.33999633789062,156.2899932861328,162.1199951171875,1468000,0.0,0.0
2026-02-03 00:00:00-05:00,161.0,163.63999938964844,158.14999389648438,163.4499969482422,1443600,0.0,0.0
2026-02-04 00:00:00-05:00,164.64999389648438,167.0,160.39999389648438,162.05999755859375,1840800,0.0,0.0
2026-02-05 00:00:00-05:00,162.8000030517578,166.00999450683594,159.5399932861328,160.63999938964844,1412100,0.0,0.0
2026-02-06 00:00:00-05:00,161.0,169.7100067138672,161.0,168.92999267578125,1285300,0.0,0.0
2026-02-09 00:00:00-05:00,170.0,175.2899932861328,168.19000244140625,171.2100067138672,1178700,0.0,0.0
2026-02-10 00:00:00-05:00,170.07000732421875,172.02999877929688,163.14999389648438,163.1699981689453,1084300,0.0,0.0
2026-02-11 00:00:00-05:00,164.19000244140625,167.75,161.3800048828125,166.47000122070312,1015400,0.0,0.0
2026-02-12 00:00:00-05:00,168.10000610351562,169.47000122070312,160.74000549316406,162.5399932861328,1433200,0.0,0.0
2026-02-13 00:00:00-05:00,163.3300018310547,165.3300018310547,158.63999938964844,161.07000732421875,832800,0.0,0.0
2026-02-17 00:00:00-05:00,164.0500030517578,164.0500030517578,156.3800048828125,163.3300018310547,1168200,0.0,0.0
2026-02-18 00:00:00-05:00,160.1300048828125,165.0,157.80999755859375,158.30999755859375,1107600,0.0,0.0
2026-02-19 00:00:00-05:00,156.07000732421875,158.3699951171875,150.27000427246094,150.61000061035156,1109100,0.0,0.0
2026-02-20 00:00:00-05:00,150.0,151.00999450683594,143.14999389648438,146.52000427246094,1843300,0.0,0.0
2026-02-23 00:00:00-05:00,145.0,145.17999267578125,136.58999633789062,140.77999877929688,1868700,0.0,0.0
2026-02-24 00:00:00-05:00,140.02000427246094,143.32000732421875,139.75,141.16000366210938,1088600,0.0,0.0
2026-02-25 00:00:00-05:00,142.0800018310547,145.30999755859375,139.32000732421875,144.89999389648438,1257300,0.0,0.0
2026-02-26 00:00:00-05:00,146.49000549316406,151.75,146.49000549316406,151.6300048828125,1701800,0.0,0.0
2026-02-27 00:00:00-05:00,149.0,152.57000732421875,144.10000610351562,148.1999969482422,1571600,0.0,0.0
2026-03-02 00:00:00-05:00,146.24000549316406,147.07000732421875,142.10000610351562,142.41000366210938,1389900,0.0,0.0
2026-03-03 00:00:00-05:00,137.91000366210938,142.9600067138672,135.27000427246094,140.9600067138672,1191200,0.0,0.0
2026-03-04 00:00:00-05:00,141.25,142.67999267578125,136.22000122070312,137.94000244140625,1108000,0.0,0.0
2026-03-05 00:00:00-05:00,137.0500030517578,141.92999267578125,135.88999938964844,140.3800048828125,1024600,0.0,0.0
2026-03-06 00:00:00-05:00,136.1999969482422,136.1999969482422,131.0,134.80999755859375,1329800,0.0,0.0
2026-03-09 00:00:00-04:00,133.6300048828125,137.80999755859375,129.02000427246094,137.57000732421875,1205500,0.0,0.0
2026-03-10 00:00:00-04:00,135.50999450683594,143.49000549316406,135.50999450683594,139.82000732421875,1423500,0.0,0.0
2026-03-11 00:00:00-04:00,140.11000061035156,145.9600067138672,139.63999938964844,144.35000610351562,1187000,0.0,0.0
2026-03-12 00:00:00-04:00,141.8699951171875,143.14999389648438,138.0500030517578,138.67999267578125,1331900,0.0,0.0
2026-03-13 00:00:00-04:00,140.75999450683594,144.5399932861328,139.33999633789062,144.02000427246094,1349800,0.0,0.0
2026-03-16 00:00:00-04:00,146.0,146.92999267578125,142.30999755859375,144.0800018310547,1397500,0.0,0.0
2026-03-17 00:00:00-04:00,144.97000122070312,145.88999938964844,142.7100067138672,142.77000427246094,707000,0.0,0.0
2026-03-18 00:00:00-04:00,141.97999572753906,142.3000030517578,139.27000427246094,140.0500030517578,782600,0.0,0.0
2026-03-19 00:00:00-04:00,139.5,146.7899932861328,138.35000610351562,144.75999450683594,929200,0.0,0.0
2026-03-20 00:00:00-04:00,144.6199951171875,145.74000549316406,142.8300018310547,143.39999389648438,1928300,0.0,0.0
2026-03-23 00:00:00-04:00,147.1199951171875,150.67999267578125,146.0,146.9600067138672,962500,0.0,0.0
2026-03-24 00:00:00-04:00,145.66000366210938,152.07000732421875,143.22000122070312,151.58999633789062,848600,0.0,0.0
2026-03-25 00:00:00-04:00,153.0,153.52999877929688,146.4600067138672,147.11000061035156,1077300,0.0,0.0
2026-03-26 00:00:00-04:00,145.3800048828125,147.72000122070312,137.02999877929688,137.57000732421875,1275900,0.0,0.0
2026-03-27 00:00:00-04:00,135.0,137.2100067138672,129.5800018310547,133.6699981689453,1301200,0.0,0.0
2026-03-30 00:00:00-04:00,135.67999267578125,137.5800018310547,134.22999572753906,136.69000244140625,901700,0.0,0.0
2026-03-31 00:00:00-04:00,141.77000427246094,145.05999755859375,138.63999938964844,142.77000427246094,766100,0.0,0.0
2026-04-01 00:00:00-04:00,145.38999938964844,145.75999450683594,141.25999450683594,143.35000610351562,656500,0.0,0.0
2026-04-02 00:00:00-04:00,142.52000427246094,146.08999633789062,141.4499969482422,144.69000244140625,1003300,0.0,0.0
2026-04-06 00:00:00-04:00,144.47999572753906,149.99000549316406,143.82000732421875,149.60000610351562,660300,0.0,0.0
2026-04-07 00:00:00-04:00,149.2100067138672,150.0,146.57000732421875,148.41000366210938,665300,0.0,0.0
2026-04-08 00:00:00-04:00,153.66000366210938,160.0,153.64999389648438,153.64999389648438,1351500,0.0,0.0
2026-04-09 00:00:00-04:00,152.72999572753906,156.1999969482422,151.42999267578125,154.8699951171875,693100,0.0,0.0
2026-04-10 00:00:00-04:00,154.5,157.3800048828125,153.61000061035156,155.1300048828125,743900,0.0,0.0
2026-04-13 00:00:00-04:00,153.74000549316406,154.6199951171875,146.0,154.14999389648438,952000,0.0,0.0
2026-04-14 00:00:00-04:00,152.55999755859375,159.49000549316406,152.1999969482422,159.25,759500,0.0,0.0
2026-04-15 00:00:00-04:00,160.0,161.4600067138672,156.77999877929688,157.22999572753906,842900,0.0,0.0
2026-04-16 00:00:00-04:00,155.5800018310547,156.92999267578125,150.25,151.08999633789062,1335600,0.0,0.0
2026-04-17 00:00:00-04:00,154.39999389648438,161.7100067138672,154.39999389648438,158.13999938964844,1357400,0.0,0.0
2026-04-20 00:00:00-04:00,155.7899932861328,159.33999633789062,150.97000122070312,158.30999755859375,1839400,0.0,0.0
2026-04-21 00:00:00-04:00,155.55999755859375,157.88999938964844,144.75999450683594,147.7100067138672,1823500,0.0,0.0
2026-04-22 00:00:00-04:00,148.17999267578125,151.88999938964844,146.2899932861328,147.75999450683594,962500,0.0,0.0
2026-04-23 00:00:00-04:00,148.49000549316406,149.19000244140625,143.3800048828125,143.85000610351562,866400,0.0,0.0
2026-04-24 00:00:00-04:00,140.00999450683594,142.02000427246094,136.86000061035156,138.6699981689453,1499400,0.0,0.0
2026-04-27 00:00:00-04:00,139.10000610351562,139.16000366210938,131.57000732421875,134.1300048828125,1714600,0.0,0.0
2026-04-28 00:00:00-04:00,133.3300018310547,136.61000061035156,128.3000030517578,129.13999938964844,2143100,0.0,0.0
2026-04-29 00:00:00-04:00,143.0,150.6999969482422,141.0,147.8000030517578,3908100,0.0,0.0
2026-04-30 00:00:00-04:00,150.7899932861328,154.19000244140625,147.41000366210938,152.24000549316406,1510900,0.0,0.0
2026-05-01 00:00:00-04:00,153.25,155.0399932861328,144.94000244140625,148.13999938964844,971000,0.0,0.0
2026-05-04 00:00:00-04:00,148.00999450683594,148.64999389648438,140.1300048828125,140.17999267578125,1306000,0.0,0.0
2026-05-05 00:00:00-04:00,142.27000427246094,146.49000549316406,140.00999450683594,144.94000244140625,1103100,0.0,0.0
2026-05-06 00:00:00-04:00,148.1199951171875,151.0,144.9499969482422,147.11000061035156,997000,0.0,0.0
2026-05-07 00:00:00-04:00,146.8000030517578,148.25999450683594,141.00999450683594,146.3000030517578,1311000,0.0,0.0
2026-05-08 00:00:00-04:00,147.94000244140625,148.8000030517578,138.63999938964844,138.67999267578125,1046900,0.0,0.0
2026-05-11 00:00:00-04:00,139.77000427246094,141.5800018310547,137.8800048828125,139.61000061035156,1173100,0.0,0.0
2026-05-12 00:00:00-04:00,139.57000732421875,141.02999877929688,135.30999755859375,135.3300018310547,1027500,0.0,0.0
2026-05-13 00:00:00-04:00,135.19000244140625,135.77999877929688,126.30000305175781,126.36000061035156,1668800,0.0,0.0
2026-05-14 00:00:00-04:00,128.11000061035156,136.91000366210938,127.55999755859375,136.75,2394800,0.0,0.0
2026-05-15 00:00:00-04:00,136.75,139.07000732421875,134.22000122070312,137.22000122070312,1153800,0.0,0.0
2026-05-18 00:00:00-04:00,134.75,135.94000244140625,131.6699981689453,132.30999755859375,1085100,0.0,0.0
2026-05-19 00:00:00-04:00,131.02000427246094,131.33999633789062,126.01000213623047,126.33000183105469,1046500,0.0,0.0
2026-05-20 00:00:00-04:00,128.22000122070312,134.11000061035156,124.95999908447266,131.17999267578125,1055000,0.0,0.0
2026-05-21 00:00:00-04:00,130.49000549316406,137.3800048828125,130.17999267578125,136.57000732421875,926500,0.0,0.0
2026-05-22 00:00:00-04:00,137.3300018310547,139.6199951171875,135.64999389648438,137.41000366210938,773100,0.0,0.0
2026-05-26 00:00:00-04:00,139.10000610351562,142.24000549316406,136.77000427246094,139.67999267578125,937900,0.0,0.0
2026-05-27 00:00:00-04:00,141.0800018310547,144.88999938964844,139.22999572753906,141.47999572753906,829892,0.0,0.0
