Date,Open,High,Low,Close,Volume,Dividends,Stock Splits
2022-01-03 00:00:00-05:00,6.389999866485596,6.468999862670898,6.179999828338623,6.260000228881836,895000,0.0,0.0
2022-01-04 00:00:00-05:00,6.289999961853027,6.289999961853027,5.610000133514404,5.809999942779541,1991800,0.0,0.0
2022-01-05 00:00:00-05:00,5.940000057220459,6.070000171661377,5.639999866485596,5.710000038146973,1792500,0.0,0.0
2022-01-06 00:00:00-05:00,5.630000114440918,5.869999885559082,5.360000133514404,5.369999885559082,908000,0.0,0.0
2022-01-07 00:00:00-05:00,5.460000038146973,5.480000019073486,5.130000114440918,5.199999809265137,1003400,0.0,0.0
2022-01-10 00:00:00-05:00,5.125999927520752,5.130000114440918,4.739999771118164,4.809999942779541,1484300,0.0,0.0
2022-01-11 00:00:00-05:00,4.809999942779541,4.929999828338623,4.71999979019165,4.800000190734863,1244800,0.0,0.0
2022-01-12 00:00:00-05:00,4.949999809265137,5.0,4.625,4.71999979019165,1277400,0.0,0.0
2022-01-13 00:00:00-05:00,4.71999979019165,4.860000133514404,4.289999961853027,4.320000171661377,2123700,0.0,0.0
2022-01-14 00:00:00-05:00,4.320000171661377,4.360000133514404,4.135000228881836,4.300000190734863,1736500,0.0,0.0
2022-01-18 00:00:00-05:00,4.289999961853027,4.340000152587891,3.9000000953674316,3.9200000762939453,1619400,0.0,0.0
2022-01-19 00:00:00-05:00,3.9700000286102295,4.03000020980835,3.869999885559082,3.880000114440918,1235700,0.0,0.0
2022-01-20 00:00:00-05:00,3.869999885559082,3.950000047683716,3.7149999141693115,3.7300000190734863,1550600,0.0,0.0
2022-01-21 00:00:00-05:00,3.674999952316284,3.700000047683716,3.4700000286102295,3.4800000190734863,1382900,0.0,0.0
2022-01-24 00:00:00-05:00,3.390000104904175,3.619999885559082,3.190000057220459,3.609999895095825,2636600,0.0,0.0
2022-01-25 00:00:00-05:00,3.5250000953674316,3.680000066757202,3.369999885559082,3.450000047683716,1453400,0.0,0.0
2022-01-26 00:00:00-05:00,3.549999952316284,3.759999990463257,3.430000066757202,3.549999952316284,2978100,0.0,0.0
2022-01-27 00:00:00-05:00,3.5999999046325684,3.690000057220459,3.359999895095825,3.4000000953674316,1907300,0.0,0.0
2022-01-28 00:00:00-05:00,3.390000104904175,3.7899999618530273,3.3499999046325684,3.740000009536743,2703900,0.0,0.0
2022-01-31 00:00:00-05:00,3.740000009536743,4.110000133514404,3.740000009536743,4.039999961853027,6789800,0.0,0.0
2022-02-01 00:00:00-05:00,4.099999904632568,4.275000095367432,3.8499999046325684,4.210000038146973,1564200,0.0,0.0
2022-02-02 00:00:00-05:00,4.25,4.269999980926514,4.039999961853027,4.159999847412109,1561200,0.0,0.0
2022-02-03 00:00:00-05:00,4.0,4.090000152587891,3.9200000762939453,4.070000171661377,1165400,0.0,0.0
2022-02-04 00:00:00-05:00,4.090000152587891,4.195000171661377,4.0,4.150000095367432,888400,0.0,0.0
2022-02-07 00:00:00-05:00,4.179999828338623,4.349999904632568,4.03000020980835,4.059999942779541,911800,0.0,0.0
2022-02-08 00:00:00-05:00,4.130000114440918,4.269999980926514,4.019999980926514,4.260000228881836,1267000,0.0,0.0
2022-02-09 00:00:00-05:00,4.380000114440918,4.409999847412109,4.159999847412109,4.380000114440918,1417500,0.0,0.0
2022-02-10 00:00:00-05:00,4.300000190734863,4.570000171661377,4.25,4.289999961853027,1133600,0.0,0.0
2022-02-11 00:00:00-05:00,4.289999961853027,4.380000114440918,4.019999980926514,4.070000171661377,939300,0.0,0.0
2022-02-14 00:00:00-05:00,4.099999904632568,4.130000114440918,3.930000066757202,3.9700000286102295,596400,0.0,0.0
2022-02-15 00:00:00-05:00,4.050000190734863,4.235000133514404,3.9549999237060547,4.21999979019165,846600,0.0,0.0
2022-02-16 00:00:00-05:00,4.210000038146973,4.269999980926514,4.114999771118164,4.159999847412109,719700,0.0,0.0
2022-02-17 00:00:00-05:00,4.139999866485596,4.175000190734863,3.990000009536743,4.110000133514404,863700,0.0,0.0
2022-02-18 00:00:00-05:00,4.110000133514404,4.179999828338623,3.990000009536743,4.070000171661377,991600,0.0,0.0
2022-02-22 00:00:00-05:00,4.050000190734863,4.074999809265137,3.7899999618530273,3.8299999237060547,822200,0.0,0.0
2022-02-23 00:00:00-05:00,3.869999885559082,3.884999990463257,3.5999999046325684,3.640000104904175,988900,0.0,0.0
2022-02-24 00:00:00-05:00,3.4600000381469727,3.930000066757202,3.4000000953674316,3.9100000858306885,1109400,0.0,0.0
2022-02-25 00:00:00-05:00,3.9800000190734863,4.0,3.8450000286102295,3.950000047683716,662400,0.0,0.0
2022-02-28 00:00:00-05:00,4.0,4.034999847412109,3.8550000190734863,4.0,1660700,0.0,0.0
2022-03-01 00:00:00-05:00,4.0,4.0,3.7799999713897705,3.8499999046325684,1096300,0.0,0.0
2022-03-02 00:00:00-05:00,4.0,4.03000020980835,3.4600000381469727,3.569999933242798,1333600,0.0,0.0
2022-03-03 00:00:00-05:00,3.5199999809265137,3.7149999141693115,3.509999990463257,3.630000114440918,1047100,0.0,0.0
2022-03-04 00:00:00-05:00,3.5299999713897705,3.680000066757202,3.3299999237060547,3.3299999237060547,1254300,0.0,0.0
2022-03-07 00:00:00-05:00,3.319999933242798,3.359999895095825,3.1600000858306885,3.25,1390600,0.0,0.0
2022-03-08 00:00:00-05:00,3.2300000190734863,3.7249999046325684,3.0899999141693115,3.569999933242798,1984600,0.0,0.0
2022-03-09 00:00:00-05:00,3.6500000953674316,3.740000009536743,3.5950000286102295,3.6500000953674316,1076600,0.0,0.0
2022-03-10 00:00:00-05:00,3.569999933242798,3.609999895095825,3.4200000762939453,3.5799999237060547,711400,0.0,0.0
2022-03-11 00:00:00-05:00,3.5999999046325684,3.619999885559082,3.319999933242798,3.319999933242798,413200,0.0,0.0
2022-03-14 00:00:00-04:00,3.299999952316284,3.319999933242798,3.0999999046325684,3.109999895095825,593900,0.0,0.0
2022-03-15 00:00:00-04:00,3.0999999046325684,3.2699999809265137,3.0899999141693115,3.259999990463257,594900,0.0,0.0
2022-03-16 00:00:00-04:00,3.4000000953674316,3.5299999713897705,3.3399999141693115,3.4600000381469727,803300,0.0,0.0
2022-03-17 00:00:00-04:00,3.450000047683716,3.609999895095825,3.390000104904175,3.569999933242798,618800,0.0,0.0
2022-03-18 00:00:00-04:00,3.5,3.75,3.4700000286102295,3.6600000858306885,776100,0.0,0.0
2022-03-21 00:00:00-04:00,3.740000009536743,3.7799999713897705,3.6500000953674316,3.700000047683716,527600,0.0,0.0
2022-03-22 00:00:00-04:00,3.7300000190734863,3.869999885559082,3.7100000381469727,3.7899999618530273,556800,0.0,0.0
2022-03-23 00:00:00-04:00,3.700000047683716,3.819999933242798,3.630000114440918,3.680000066757202,662500,0.0,0.0
2022-03-24 00:00:00-04:00,3.75,3.799999952316284,3.684999942779541,3.759999990463257,353400,0.0,0.0
2022-03-25 00:00:00-04:00,3.799999952316284,3.799999952316284,3.5799999237060547,3.640000104904175,503300,0.0,0.0
2022-03-28 00:00:00-04:00,3.7100000381469727,3.7799999713897705,3.5950000286102295,3.690000057220459,359000,0.0,0.0
2022-03-29 00:00:00-04:00,3.7300000190734863,3.819999933242798,3.690000057220459,3.7899999618530273,802500,0.0,0.0
2022-03-30 00:00:00-04:00,3.7799999713897705,3.930000066757202,3.6600000858306885,3.6600000858306885,665700,0.0,0.0
2022-03-31 00:00:00-04:00,3.7200000286102295,3.7699999809265137,3.5999999046325684,3.619999885559082,493500,0.0,0.0
2022-04-01 00:00:00-04:00,3.630000114440918,3.759999990463257,3.609999895095825,3.690000057220459,534600,0.0,0.0
2022-04-04 00:00:00-04:00,3.75,4.079999923706055,3.7100000381469727,4.079999923706055,1195600,0.0,0.0
2022-04-05 00:00:00-04:00,4.130000114440918,4.150000095367432,3.799999952316284,3.9200000762939453,792500,0.0,0.0
2022-04-06 00:00:00-04:00,3.809999942779541,3.8489999771118164,3.5999999046325684,3.690000057220459,748100,0.0,0.0
2022-04-07 00:00:00-04:00,3.680000066757202,3.7100000381469727,3.4739999771118164,3.5799999237060547,503500,0.0,0.0
2022-04-08 00:00:00-04:00,3.559999942779541,3.559999942779541,3.319999933242798,3.3499999046325684,443000,0.0,0.0
2022-04-11 00:00:00-04:00,3.359999895095825,3.390000104904175,3.2300000190734863,3.3299999237060547,458000,0.0,0.0
2022-04-12 00:00:00-04:00,3.4000000953674316,3.4749999046325684,3.309999942779541,3.319999933242798,384500,0.0,0.0
2022-04-13 00:00:00-04:00,3.3299999237060547,3.4820001125335693,3.2699999809265137,3.440000057220459,350800,0.0,0.0
2022-04-14 00:00:00-04:00,3.430000066757202,3.450000047683716,3.319999933242798,3.3399999141693115,367800,0.0,0.0
2022-04-18 00:00:00-04:00,3.3299999237060547,3.3499999046325684,3.180999994277954,3.200000047683716,549000,0.0,0.0
2022-04-19 00:00:00-04:00,3.200000047683716,3.440000057220459,3.184999942779541,3.3499999046325684,468300,0.0,0.0
2022-04-20 00:00:00-04:00,3.4000000953674316,3.4200000762939453,3.2799999713897705,3.299999952316284,446900,0.0,0.0
2022-04-21 00:00:00-04:00,3.3499999046325684,3.440000057220459,3.0999999046325684,3.109999895095825,444500,0.0,0.0
2022-04-22 00:00:00-04:00,3.0999999046325684,3.130000114440918,2.890000104904175,2.940000057220459,745200,0.0,0.0
2022-04-25 00:00:00-04:00,2.9700000286102295,3.130000114440918,2.9100000858306885,3.0999999046325684,647100,0.0,0.0
2022-04-26 00:00:00-04:00,3.1500000953674316,3.180000066757202,2.940000057220459,3.119999885559082,1010200,0.0,0.0
2022-04-27 00:00:00-04:00,3.109999895095825,3.4800000190734863,3.0899999141693115,3.359999895095825,1563000,0.0,0.0
2022-04-28 00:00:00-04:00,3.4000000953674316,3.7200000286102295,3.315000057220459,3.6700000762939453,1414100,0.0,0.0
2022-04-29 00:00:00-04:00,3.640000104904175,4.039999961853027,3.640000104904175,4.039999961853027,2069200,0.0,0.0
2022-05-02 00:00:00-04:00,4.53000020980835,4.679999828338623,4.119999885559082,4.409999847412109,30431800,0.0,0.0
2022-05-03 00:00:00-04:00,4.440000057220459,4.739999771118164,4.320000171661377,4.710000038146973,5543700,0.0,0.0
2022-05-04 00:00:00-04:00,4.849999904632568,5.139999866485596,4.579999923706055,5.119999885559082,5162700,0.0,0.0
2022-05-05 00:00:00-04:00,5.070000171661377,5.070000171661377,4.110000133514404,4.420000076293945,4828900,0.0,0.0
2022-05-06 00:00:00-04:00,4.360000133514404,4.420000076293945,4.099999904632568,4.159999847412109,1962300,0.0,0.0
2022-05-09 00:00:00-04:00,4.110000133514404,4.170000076293945,3.930000066757202,4.039999961853027,2992900,0.0,0.0
2022-05-10 00:00:00-04:00,4.21999979019165,4.21999979019165,3.819999933242798,4.03000020980835,3664500,0.0,0.0
2022-05-11 00:00:00-04:00,3.450000047683716,3.9800000190734863,3.4000000953674316,3.450000047683716,2665800,0.0,0.0
2022-05-12 00:00:00-04:00,3.4100000858306885,3.5899999141693115,3.299999952316284,3.4800000190734863,1410400,0.0,0.0
2022-05-13 00:00:00-04:00,3.609999895095825,4.025000095367432,3.609999895095825,4.019999980926514,2337800,0.0,0.0
2022-05-16 00:00:00-04:00,4.019999980926514,4.170000076293945,3.680000066757202,3.7300000190734863,2570800,0.0,0.0
2022-05-17 00:00:00-04:00,3.9000000953674316,4.375,3.859999895095825,4.349999904632568,2897000,0.0,0.0
2022-05-18 00:00:00-04:00,4.110000133514404,4.425000190734863,4.105000019073486,4.25,2524800,0.0,0.0
2022-05-19 00:00:00-04:00,4.230000019073486,4.474999904632568,4.070000171661377,4.25,1727400,0.0,0.0
2022-05-20 00:00:00-04:00,4.349999904632568,4.400000095367432,3.9100000858306885,4.130000114440918,1397700,0.0,0.0
2022-05-23 00:00:00-04:00,4.25,4.25,3.884999990463257,4.090000152587891,1579700,0.0,0.0
2022-05-24 00:00:00-04:00,4.03000020980835,4.050000190734863,3.7850000858306885,3.890000104904175,1412300,0.0,0.0
2022-05-25 00:00:00-04:00,3.819999933242798,4.085000038146973,3.799999952316284,4.03000020980835,1081200,0.0,0.0
2022-05-26 00:00:00-04:00,4.019999980926514,4.389999866485596,3.930000066757202,4.230000019073486,2747300,0.0,0.0
2022-05-27 00:00:00-04:00,4.300000190734863,4.695000171661377,4.269999980926514,4.550000190734863,1876300,0.0,0.0
2022-05-31 00:00:00-04:00,4.550000190734863,5.050000190734863,4.46999979019165,4.880000114440918,4235700,0.0,0.0
2022-06-01 00:00:00-04:00,4.880000114440918,4.949999809265137,4.5,4.610000133514404,1814000,0.0,0.0
2022-06-02 00:00:00-04:00,4.610000133514404,4.760000228881836,4.539999961853027,4.599999904632568,1751000,0.0,0.0
2022-06-03 00:00:00-04:00,4.5,4.570000171661377,4.320000171661377,4.420000076293945,1239100,0.0,0.0
2022-06-06 00:00:00-04:00,4.53000020980835,4.639999866485596,4.239999771118164,4.300000190734863,1418500,0.0,0.0
2022-06-07 00:00:00-04:00,4.190000057220459,4.25,4.03000020980835,4.179999828338623,1469400,0.0,0.0
2022-06-08 00:00:00-04:00,4.159999847412109,4.355000019073486,4.119999885559082,4.300000190734863,1294300,0.0,0.0
2022-06-09 00:00:00-04:00,4.269999980926514,4.300000190734863,3.9800000190734863,4.010000228881836,1108700,0.0,0.0
2022-06-10 00:00:00-04:00,3.8499999046325684,3.9700000286102295,3.7799999713897705,3.7899999618530273,802200,0.0,0.0
2022-06-13 00:00:00-04:00,3.690000057220459,3.7200000286102295,3.4100000858306885,3.4700000286102295,1368500,0.0,0.0
2022-06-14 00:00:00-04:00,3.4700000286102295,3.5899999141693115,3.4000000953674316,3.549999952316284,914300,0.0,0.0
2022-06-15 00:00:00-04:00,3.5799999237060547,3.884999990463257,3.5399999618530273,3.8499999046325684,1512900,0.0,0.0
2022-06-16 00:00:00-04:00,3.630000114440918,3.7799999713897705,3.509999990463257,3.690000057220459,1434500,0.0,0.0
2022-06-17 00:00:00-04:00,3.7100000381469727,3.924999952316284,3.700000047683716,3.819999933242798,2949100,0.0,0.0
2022-06-21 00:00:00-04:00,3.9000000953674316,4.059999942779541,3.869999885559082,4.019999980926514,1265400,0.0,0.0
2022-06-22 00:00:00-04:00,3.950000047683716,4.204999923706055,3.9200000762939453,4.130000114440918,895200,0.0,0.0
2022-06-23 00:00:00-04:00,4.179999828338623,4.264999866485596,4.039999961853027,4.150000095367432,748900,0.0,0.0
2022-06-24 00:00:00-04:00,4.21999979019165,4.309999942779541,4.079999923706055,4.159999847412109,1701300,0.0,0.0
2022-06-27 00:00:00-04:00,4.199999809265137,4.21999979019165,3.950000047683716,3.9800000190734863,781400,0.0,0.0
2022-06-28 00:00:00-04:00,3.9600000381469727,4.050000190734863,3.7960000038146973,3.8399999141693115,549900,0.0,0.0
2022-06-29 00:00:00-04:00,3.8499999046325684,3.884999990463257,3.700000047683716,3.7300000190734863,580900,0.0,0.0
2022-06-30 00:00:00-04:00,3.6600000858306885,3.9200000762939453,3.615000009536743,3.9200000762939453,1150500,0.0,0.0
2022-07-01 00:00:00-04:00,3.9200000762939453,3.9800000190734863,3.815000057220459,3.8299999237060547,842200,0.0,0.0
2022-07-05 00:00:00-04:00,3.7100000381469727,4.019999980926514,3.609999895095825,4.019999980926514,857600,0.0,0.0
2022-07-06 00:00:00-04:00,4.0,4.079999923706055,3.930000066757202,3.9700000286102295,786700,0.0,0.0
2022-07-07 00:00:00-04:00,3.9800000190734863,4.130000114440918,3.950000047683716,4.119999885559082,1014100,0.0,0.0
2022-07-08 00:00:00-04:00,4.090000152587891,4.15500020980835,3.9600000381469727,4.070000171661377,777700,0.0,0.0
2022-07-11 00:00:00-04:00,4.019999980926514,4.03000020980835,3.75,3.7699999809265137,524000,0.0,0.0
2022-07-12 00:00:00-04:00,3.7799999713897705,3.9100000858306885,3.7100000381469727,3.8399999141693115,544200,0.0,0.0
2022-07-13 00:00:00-04:00,3.700000047683716,3.8949999809265137,3.609999895095825,3.859999895095825,601500,0.0,0.0
2022-07-14 00:00:00-04:00,3.819999933242798,3.9100000858306885,3.7100000381469727,3.819999933242798,494300,0.0,0.0
2022-07-15 00:00:00-04:00,3.809999942779541,3.8299999237060547,3.690000057220459,3.7899999618530273,654800,0.0,0.0
2022-07-18 00:00:00-04:00,3.8350000381469727,3.984999895095825,3.6500000953674316,3.7100000381469727,779400,0.0,0.0
2022-07-19 00:00:00-04:00,3.7699999809265137,3.8299999237060547,3.7100000381469727,3.7300000190734863,884400,0.0,0.0
2022-07-20 00:00:00-04:00,3.7200000286102295,3.950000047683716,3.7200000286102295,3.7699999809265137,1293100,0.0,0.0
2022-07-21 00:00:00-04:00,3.7699999809265137,3.819999933242798,3.700000047683716,3.7200000286102295,1291700,0.0,0.0
2022-07-22 00:00:00-04:00,3.75,3.75,3.4700000286102295,3.549999952316284,1150600,0.0,0.0
2022-07-25 00:00:00-04:00,3.5199999809265137,3.630000114440918,3.3499999046325684,3.450000047683716,838900,0.0,0.0
2022-07-26 00:00:00-04:00,3.4200000762939453,3.450000047683716,3.299999952316284,3.4000000953674316,679400,0.0,0.0
2022-07-27 00:00:00-04:00,3.4600000381469727,3.5899999141693115,3.359999895095825,3.5299999713897705,746000,0.0,0.0
2022-07-28 00:00:00-04:00,3.5299999713897705,3.799999952316284,3.509999990463257,3.75,797900,0.0,0.0
2022-07-29 00:00:00-04:00,3.7300000190734863,4.050000190734863,3.694999933242798,4.019999980926514,2078800,0.0,0.0
2022-08-01 00:00:00-04:00,3.990000009536743,4.039999961853027,3.880000114440918,4.0,765900,0.0,0.0
2022-08-02 00:00:00-04:00,4.860000133514404,4.920000076293945,4.440000057220459,4.730000019073486,11256000,0.0,0.0
2022-08-03 00:00:00-04:00,4.900000095367432,5.610000133514404,4.789999961853027,5.46999979019165,7474400,0.0,0.0
2022-08-04 00:00:00-04:00,5.559999942779541,5.730000019073486,5.199999809265137,5.420000076293945,2821100,0.0,0.0
2022-08-05 00:00:00-04:00,5.300000190734863,5.769999980926514,5.300000190734863,5.400000095367432,2337500,0.0,0.0
2022-08-08 00:00:00-04:00,5.409999847412109,5.449999809265137,5.230000019073486,5.239999771118164,1199600,0.0,0.0
2022-08-09 00:00:00-04:00,5.239999771118164,5.420000076293945,5.03000020980835,5.230000019073486,1827100,0.0,0.0
2022-08-10 00:00:00-04:00,5.539999961853027,6.119999885559082,5.360000133514404,6.050000190734863,7379900,0.0,0.0
2022-08-11 00:00:00-04:00,6.050000190734863,6.105000019073486,5.630000114440918,5.739999771118164,2641400,0.0,0.0
2022-08-12 00:00:00-04:00,5.889999866485596,6.210000038146973,5.749000072479248,6.114999771118164,2481400,0.0,0.0
2022-08-15 00:00:00-04:00,6.059999942779541,6.190000057220459,5.875,5.900000095367432,2691100,0.0,0.0
2022-08-16 00:00:00-04:00,5.869999885559082,5.880000114440918,5.585000038146973,5.599999904632568,2246600,0.0,0.0
2022-08-17 00:00:00-04:00,5.53000020980835,5.579999923706055,5.25,5.340000152587891,1471200,0.0,0.0
2022-08-18 00:00:00-04:00,5.300000190734863,5.360000133514404,5.170000076293945,5.230000019073486,1281800,0.0,0.0
2022-08-19 00:00:00-04:00,5.099999904632568,5.170000076293945,4.840000152587891,4.860000133514404,1828100,0.0,0.0
2022-08-22 00:00:00-04:00,4.769999980926514,4.829999923706055,4.651000022888184,4.730000019073486,1530300,0.0,0.0
2022-08-23 00:00:00-04:00,4.699999809265137,5.019999980926514,4.650000095367432,4.880000114440918,1159300,0.0,0.0
2022-08-24 00:00:00-04:00,4.880000114440918,5.210000038146973,4.829999923706055,5.159999847412109,1082900,0.0,0.0
2022-08-25 00:00:00-04:00,5.210000038146973,5.239999771118164,5.050000190734863,5.070000171661377,1122000,0.0,0.0
2022-08-26 00:00:00-04:00,5.059999942779541,5.065000057220459,4.840000152587891,4.900000095367432,911200,0.0,0.0
2022-08-29 00:00:00-04:00,4.809999942779541,5.045000076293945,4.801000118255615,4.889999866485596,778200,0.0,0.0
2022-08-30 00:00:00-04:00,4.949999809265137,4.989999771118164,4.679999828338623,4.829999923706055,1043000,0.0,0.0
2022-08-31 00:00:00-04:00,4.860000133514404,5.054999828338623,4.75,5.019999980926514,1141100,0.0,0.0
2022-09-01 00:00:00-04:00,4.949999809265137,5.010000228881836,4.525000095367432,4.920000076293945,1627000,0.0,0.0
2022-09-02 00:00:00-04:00,4.929999828338623,4.929999828338623,4.690000057220459,4.739999771118164,978300,0.0,0.0
2022-09-06 00:00:00-04:00,4.829999923706055,5.059999942779541,4.730000019073486,5.010000228881836,1733100,0.0,0.0
2022-09-07 00:00:00-04:00,5.010000228881836,5.130000114440918,4.960000038146973,4.989999771118164,1067800,0.0,0.0
2022-09-08 00:00:00-04:00,5.21999979019165,5.320000171661377,5.03000020980835,5.199999809265137,3628100,0.0,0.0
2022-09-09 00:00:00-04:00,5.25,5.489999771118164,5.179999828338623,5.480000019073486,1238500,0.0,0.0
2022-09-12 00:00:00-04:00,5.599999904632568,5.670000076293945,5.409999847412109,5.570000171661377,1475500,0.0,0.0
2022-09-13 00:00:00-04:00,5.28000020980835,5.619999885559082,5.189000129699707,5.409999847412109,2010900,0.0,0.0
2022-09-14 00:00:00-04:00,5.429999828338623,5.690000057220459,5.139999866485596,5.559999942779541,1617800,0.0,0.0
2022-09-15 00:00:00-04:00,5.380000114440918,5.909999847412109,5.380000114440918,5.809999942779541,1925000,0.0,0.0
2022-09-16 00:00:00-04:00,5.679999828338623,5.679999828338623,5.260000228881836,5.449999809265137,1694300,0.0,0.0
2022-09-19 00:00:00-04:00,5.389999866485596,5.639999866485596,5.25,5.539999961853027,1243600,0.0,0.0
2022-09-20 00:00:00-04:00,5.889999866485596,6.190000057220459,5.769999980926514,5.78000020980835,4883500,0.0,0.0
2022-09-21 00:00:00-04:00,5.829999923706055,5.914999961853027,5.599999904632568,5.650000095367432,1451800,0.0,0.0
2022-09-22 00:00:00-04:00,5.570000171661377,5.739999771118164,5.127999782562256,5.28000020980835,2111100,0.0,0.0
2022-09-23 00:00:00-04:00,5.170000076293945,5.269999980926514,4.909999847412109,5.079999923706055,1327400,0.0,0.0
2022-09-26 00:00:00-04:00,5.0,5.276000022888184,4.860000133514404,4.940000057220459,1223800,0.0,0.0
2022-09-27 00:00:00-04:00,5.130000114440918,5.28000020980835,5.050000190734863,5.150000095367432,1061500,0.0,0.0
2022-09-28 00:00:00-04:00,5.179999828338623,5.460000038146973,5.159999847412109,5.349999904632568,1759000,0.0,0.0
2022-09-29 00:00:00-04:00,5.090000152587891,5.124000072479248,4.559999942779541,4.940000057220459,3386400,0.0,0.0
2022-09-30 00:00:00-04:00,4.880000114440918,5.340000152587891,4.78000020980835,5.210000038146973,2231300,0.0,0.0
2022-10-03 00:00:00-04:00,5.269999980926514,5.320000171661377,5.079999923706055,5.28000020980835,863600,0.0,0.0
2022-10-04 00:00:00-04:00,5.429999828338623,5.579999923706055,5.360000133514404,5.369999885559082,1179700,0.0,0.0
2022-10-05 00:00:00-04:00,5.400000095367432,5.425000190734863,5.179999828338623,5.380000114440918,614300,0.0,0.0
2022-10-06 00:00:00-04:00,5.349999904632568,5.519999980926514,5.329999923706055,5.429999828338623,1076000,0.0,0.0
2022-10-07 00:00:00-04:00,5.320000171661377,5.320000171661377,5.03000020980835,5.050000190734863,911300,0.0,0.0
2022-10-10 00:00:00-04:00,5.039999961853027,5.039999961853027,4.764999866485596,4.809999942779541,771200,0.0,0.0
2022-10-11 00:00:00-04:00,4.75,4.840000152587891,4.480000019073486,4.519999980926514,1121900,0.0,0.0
2022-10-12 00:00:00-04:00,4.619999885559082,4.619999885559082,4.409999847412109,4.539999961853027,697200,0.0,0.0
2022-10-13 00:00:00-04:00,4.320000171661377,4.739999771118164,4.251999855041504,4.739999771118164,1382700,0.0,0.0
2022-10-14 00:00:00-04:00,4.78000020980835,4.835000038146973,4.53000020980835,4.570000171661377,780100,0.0,0.0
2022-10-17 00:00:00-04:00,4.760000228881836,4.784999847412109,4.659999847412109,4.710000038146973,902900,0.0,0.0
2022-10-18 00:00:00-04:00,4.849999904632568,4.914999961853027,4.559999942779541,4.650000095367432,2779700,0.0,0.0
2022-10-19 00:00:00-04:00,4.599999904632568,4.599999904632568,4.445000171661377,4.53000020980835,1074400,0.0,0.0
2022-10-20 00:00:00-04:00,4.5,4.690000057220459,4.5,4.599999904632568,880800,0.0,0.0
2022-10-21 00:00:00-04:00,4.559999942779541,4.78000020980835,4.489999771118164,4.679999828338623,1312600,0.0,0.0
2022-10-24 00:00:00-04:00,4.710000038146973,4.724999904632568,4.40500020980835,4.53000020980835,2156500,0.0,0.0
2022-10-25 00:00:00-04:00,4.510000228881836,4.739999771118164,4.506999969482422,4.639999866485596,1209700,0.0,0.0
2022-10-26 00:00:00-04:00,4.559999942779541,4.840000152587891,4.479000091552734,4.559999942779541,1444300,0.0,0.0
2022-10-27 00:00:00-04:00,4.610000133514404,4.635000228881836,4.420000076293945,4.429999828338623,820100,0.0,0.0
2022-10-28 00:00:00-04:00,4.510000228881836,4.730000019073486,4.349999904632568,4.71999979019165,1547000,0.0,0.0
2022-10-31 00:00:00-04:00,4.670000076293945,5.03000020980835,4.625,5.010000228881836,2745800,0.0,0.0
2022-11-01 00:00:00-04:00,5.119999885559082,5.125,4.670000076293945,4.679999828338623,894100,0.0,0.0
2022-11-02 00:00:00-04:00,4.809999942779541,4.869999885559082,4.539999961853027,4.539999961853027,871700,0.0,0.0
2022-11-03 00:00:00-04:00,4.449999809265137,4.699999809265137,4.449999809265137,4.510000228881836,678200,0.0,0.0
2022-11-04 00:00:00-04:00,4.610000133514404,4.659999847412109,4.485000133514404,4.599999904632568,716800,0.0,0.0
2022-11-07 00:00:00-05:00,4.610000133514404,4.739999771118164,4.53000020980835,4.610000133514404,1153900,0.0,0.0
2022-11-08 00:00:00-05:00,4.710000038146973,4.71999979019165,4.449999809265137,4.579999923706055,1511000,0.0,0.0
2022-11-09 00:00:00-05:00,4.449999809265137,4.519999980926514,4.150000095367432,4.429999828338623,2359500,0.0,0.0
2022-11-10 00:00:00-05:00,4.619999885559082,5.119999885559082,4.619999885559082,5.050000190734863,3204200,0.0,0.0
2022-11-11 00:00:00-05:00,5.119999885559082,5.494999885559082,5.110000133514404,5.460000038146973,3158100,0.0,0.0
2022-11-14 00:00:00-05:00,5.389999866485596,5.590000152587891,5.139999866485596,5.449999809265137,1827100,0.0,0.0
2022-11-15 00:00:00-05:00,5.599999904632568,5.711999893188477,5.449999809265137,5.550000190734863,1667100,0.0,0.0
2022-11-16 00:00:00-05:00,5.539999961853027,5.610000133514404,5.315000057220459,5.429999828338623,1095400,0.0,0.0
2022-11-17 00:00:00-05:00,5.320000171661377,5.400000095367432,5.146999835968018,5.28000020980835,1102200,0.0,0.0
2022-11-18 00:00:00-05:00,5.369999885559082,5.394999980926514,5.03000020980835,5.179999828338623,838200,0.0,0.0
2022-11-21 00:00:00-05:00,5.130000114440918,5.130000114440918,4.835000038146973,5.010000228881836,1065900,0.0,0.0
2022-11-22 00:00:00-05:00,4.989999771118164,5.260000228881836,4.949999809265137,5.230000019073486,823100,0.0,0.0
2022-11-23 00:00:00-05:00,5.260000228881836,5.335000038146973,5.130000114440918,5.300000190734863,744200,0.0,0.0
2022-11-25 00:00:00-05:00,5.230000019073486,5.480000019073486,5.139999866485596,5.440000057220459,483400,0.0,0.0
2022-11-28 00:00:00-05:00,5.349999904632568,5.394999980926514,5.170000076293945,5.179999828338623,731600,0.0,0.0
2022-11-29 00:00:00-05:00,5.179999828338623,5.204999923706055,5.019999980926514,5.110000133514404,862000,0.0,0.0
2022-11-30 00:00:00-05:00,5.099999904632568,5.420000076293945,5.074999809265137,5.369999885559082,6122900,0.0,0.0
2022-12-01 00:00:00-05:00,5.389999866485596,5.599999904632568,5.210000038146973,5.510000228881836,1596400,0.0,0.0
2022-12-02 00:00:00-05:00,5.349999904632568,5.5,5.28000020980835,5.46999979019165,824600,0.0,0.0
2022-12-05 00:00:00-05:00,5.46999979019165,5.519999980926514,5.340000152587891,5.420000076293945,760600,0.0,0.0
2022-12-06 00:00:00-05:00,5.400000095367432,5.429999828338623,5.050000190734863,5.099999904632568,1021100,0.0,0.0
2022-12-07 00:00:00-05:00,5.010000228881836,5.045000076293945,4.869999885559082,4.929999828338623,734500,0.0,0.0
2022-12-08 00:00:00-05:00,4.949999809265137,5.010000228881836,4.650000095367432,4.809999942779541,819700,0.0,0.0
2022-12-09 00:00:00-05:00,4.760000228881836,5.019999980926514,4.710000038146973,4.710000038146973,607200,0.0,0.0
2022-12-12 00:00:00-05:00,4.699999809265137,4.84499979019165,4.590000152587891,4.789999961853027,583000,0.0,0.0
2022-12-13 00:00:00-05:00,5.0,5.050000190734863,4.644999980926514,4.730000019073486,766500,0.0,0.0
2022-12-14 00:00:00-05:00,4.739999771118164,4.755000114440918,4.545000076293945,4.610000133514404,712900,0.0,0.0
2022-12-15 00:00:00-05:00,4.53000020980835,4.559999942779541,4.400000095367432,4.409999847412109,762500,0.0,0.0
2022-12-16 00:00:00-05:00,4.400000095367432,4.519999980926514,4.320000171661377,4.340000152587891,1037300,0.0,0.0
2022-12-19 00:00:00-05:00,4.340000152587891,4.355999946594238,3.990000009536743,4.079999923706055,1266500,0.0,0.0
2022-12-20 00:00:00-05:00,4.03000020980835,4.125,3.880000114440918,3.930000066757202,1241000,0.0,0.0
2022-12-21 00:00:00-05:00,3.9800000190734863,4.010000228881836,3.8499999046325684,3.9000000953674316,840300,0.0,0.0
2022-12-22 00:00:00-05:00,3.8299999237060547,3.875,3.6700000762939453,3.8299999237060547,1440700,0.0,0.0
2022-12-23 00:00:00-05:00,3.809999942779541,3.809999942779541,3.674999952316284,3.7200000286102295,854900,0.0,0.0
2022-12-27 00:00:00-05:00,3.759999990463257,3.759999990463257,3.4600000381469727,3.549999952316284,2231600,0.0,0.0
2022-12-28 00:00:00-05:00,3.5399999618530273,3.700000047683716,3.4700000286102295,3.5799999237060547,1716900,0.0,0.0
2022-12-29 00:00:00-05:00,3.6500000953674316,3.799999952316284,3.6050000190734863,3.7699999809265137,2636200,0.0,0.0
2022-12-30 00:00:00-05:00,3.809999942779541,3.930000066757202,3.700000047683716,3.930000066757202,2544700,0.0,0.0
2023-01-03 00:00:00-05:00,3.990000009536743,4.079999923706055,3.734999895095825,3.8499999046325684,1845900,0.0,0.0
2023-01-04 00:00:00-05:00,3.859999895095825,3.9800000190734863,3.759999990463257,3.9700000286102295,946700,0.0,0.0
2023-01-05 00:00:00-05:00,3.9700000286102295,4.039999961853027,3.9210000038146973,3.9700000286102295,983600,0.0,0.0
2023-01-06 00:00:00-05:00,4.039999961853027,4.135000228881836,3.9549999237060547,4.119999885559082,1399800,0.0,0.0
2023-01-09 00:00:00-05:00,4.159999847412109,4.28000020980835,4.130000114440918,4.239999771118164,1012900,0.0,0.0
2023-01-10 00:00:00-05:00,4.179999828338623,4.480000019073486,4.119999885559082,4.460000038146973,1029400,0.0,0.0
2023-01-11 00:00:00-05:00,4.489999771118164,4.670000076293945,4.349999904632568,4.670000076293945,1099800,0.0,0.0
2023-01-12 00:00:00-05:00,4.690000057220459,4.835000038146973,4.5,4.809999942779541,1151200,0.0,0.0
2023-01-13 00:00:00-05:00,4.75,5.199999809265137,4.75,5.090000152587891,1686000,0.0,0.0
2023-01-17 00:00:00-05:00,5.090000152587891,5.349999904632568,5.010000228881836,5.269999980926514,1450900,0.0,0.0
2023-01-18 00:00:00-05:00,5.309999942779541,5.485000133514404,5.190000057220459,5.25,3093300,0.0,0.0
2023-01-19 00:00:00-05:00,5.199999809265137,5.269999980926514,4.820000171661377,5.130000114440918,2825000,0.0,0.0
2023-01-20 00:00:00-05:00,5.199999809265137,5.465000152587891,5.110000133514404,5.260000228881836,1298400,0.0,0.0
2023-01-23 00:00:00-05:00,5.275000095367432,5.480000019073486,5.260000228881836,5.369999885559082,1224100,0.0,0.0
2023-01-24 00:00:00-05:00,5.340000152587891,5.429999828338623,5.239999771118164,5.28000020980835,704300,0.0,0.0
2023-01-25 00:00:00-05:00,5.139999866485596,5.275000095367432,4.914999961853027,5.239999771118164,1321700,0.0,0.0
2023-01-26 00:00:00-05:00,5.329999923706055,5.429999828338623,5.099999904632568,5.119999885559082,1080400,0.0,0.0
2023-01-27 00:00:00-05:00,5.070000171661377,5.425000190734863,5.050000190734863,5.329999923706055,1853300,0.0,0.0
2023-01-30 00:00:00-05:00,5.28000020980835,5.28000020980835,4.980000019073486,5.079999923706055,1519700,0.0,0.0
2023-01-31 00:00:00-05:00,5.070000171661377,5.735000133514404,5.040999889373779,5.579999923706055,5229200,0.0,0.0
2023-02-01 00:00:00-05:00,5.599999904632568,5.739999771118164,5.264999866485596,5.590000152587891,2392100,0.0,0.0
2023-02-02 00:00:00-05:00,5.78000020980835,6.139999866485596,5.71999979019165,5.800000190734863,7578400,0.0,0.0
2023-02-03 00:00:00-05:00,5.590000152587891,5.929999828338623,5.53000020980835,5.639999866485596,1543900,0.0,0.0
2023-02-06 00:00:00-05:00,5.514999866485596,5.599999904632568,5.335000038146973,5.449999809265137,1177900,0.0,0.0
2023-02-07 00:00:00-05:00,5.440000057220459,5.445000171661377,5.099999904632568,5.21999979019165,1769500,0.0,0.0
2023-02-08 00:00:00-05:00,5.170000076293945,5.260000228881836,5.059999942779541,5.079999923706055,694500,0.0,0.0
2023-02-09 00:00:00-05:00,5.190000057220459,5.255000114440918,4.78000020980835,4.829999923706055,1225200,0.0,0.0
2023-02-10 00:00:00-05:00,4.75,4.789999961853027,4.514999866485596,4.679999828338623,1532900,0.0,0.0
2023-02-13 00:00:00-05:00,4.71999979019165,4.71999979019165,4.429999828338623,4.539999961853027,1311400,0.0,0.0
2023-02-14 00:00:00-05:00,4.510000228881836,4.614999771118164,4.369999885559082,4.570000171661377,1169900,0.0,0.0
2023-02-15 00:00:00-05:00,4.519999980926514,4.610000133514404,4.454999923706055,4.599999904632568,1030000,0.0,0.0
2023-02-16 00:00:00-05:00,4.519999980926514,4.639999866485596,4.375,4.429999828338623,1132000,0.0,0.0
2023-02-17 00:00:00-05:00,4.389999866485596,4.445000171661377,4.309999942779541,4.409999847412109,870000,0.0,0.0
2023-02-21 00:00:00-05:00,4.369999885559082,4.426000118255615,4.199999809265137,4.21999979019165,858300,0.0,0.0
2023-02-22 00:00:00-05:00,4.239999771118164,4.34499979019165,4.119999885559082,4.309999942779541,1101100,0.0,0.0
2023-02-23 00:00:00-05:00,4.360000133514404,4.420000076293945,4.130000114440918,4.260000228881836,1302700,0.0,0.0
2023-02-24 00:00:00-05:00,4.199999809265137,4.380000114440918,4.144999980926514,4.320000171661377,921500,0.0,0.0
2023-02-27 00:00:00-05:00,4.380000114440918,4.625,4.380000114440918,4.570000171661377,1539700,0.0,0.0
2023-02-28 00:00:00-05:00,4.625,4.840000152587891,4.53000020980835,4.75,1718300,0.0,0.0
2023-03-01 00:00:00-05:00,4.559999942779541,4.599999904632568,3.869999885559082,4.039999961853027,4482800,0.0,0.0
2023-03-02 00:00:00-05:00,3.990999937057495,4.0,3.759999990463257,3.9649999141693115,1864400,0.0,0.0
2023-03-03 00:00:00-05:00,4.0,4.329999923706055,3.950000047683716,4.309999942779541,2005300,0.0,0.0
2023-03-06 00:00:00-05:00,4.369999885559082,4.440000057220459,4.110000133514404,4.150000095367432,936500,0.0,0.0
2023-03-07 00:00:00-05:00,4.099999904632568,4.159999847412109,3.944999933242798,3.990000009536743,977600,0.0,0.0
2023-03-08 00:00:00-05:00,4.050000190734863,4.130000114440918,3.930000066757202,4.119999885559082,910700,0.0,0.0
2023-03-09 00:00:00-05:00,4.139999866485596,4.150000095367432,3.950000047683716,3.9800000190734863,770400,0.0,0.0
2023-03-10 00:00:00-05:00,3.9600000381469727,4.09499979019165,3.890000104904175,3.9700000286102295,952500,0.0,0.0
2023-03-13 00:00:00-04:00,3.880000114440918,4.039999961853027,3.7799999713897705,3.940000057220459,977300,0.0,0.0
2023-03-14 00:00:00-04:00,3.9800000190734863,4.050000190734863,3.740000009536743,3.859999895095825,1192400,0.0,0.0
2023-03-15 00:00:00-04:00,3.7799999713897705,3.8499999046325684,3.7119998931884766,3.819999933242798,814600,0.0,0.0
2023-03-16 00:00:00-04:00,3.7799999713897705,3.9049999713897705,3.690000057220459,3.9000000953674316,996400,0.0,0.0
2023-03-17 00:00:00-04:00,3.8499999046325684,3.9100000858306885,3.7690000534057617,3.869999885559082,1360700,0.0,0.0
2023-03-20 00:00:00-04:00,3.8450000286102295,3.8499999046325684,3.609999895095825,3.700000047683716,1649700,0.0,0.0
2023-03-21 00:00:00-04:00,3.7300000190734863,3.8399999141693115,3.609999895095825,3.7799999713897705,1156500,0.0,0.0
2023-03-22 00:00:00-04:00,3.809999942779541,3.809999942779541,3.5999999046325684,3.5999999046325684,1323600,0.0,0.0
2023-03-23 00:00:00-04:00,3.6500000953674316,3.690000057220459,3.4700000286102295,3.549999952316284,1506000,0.0,0.0
2023-03-24 00:00:00-04:00,3.5399999618530273,3.559999942779541,3.2899999618530273,3.4000000953674316,1818100,0.0,0.0
2023-03-27 00:00:00-04:00,3.4200000762939453,3.430000066757202,3.140000104904175,3.25,3239600,0.0,0.0
2023-03-28 00:00:00-04:00,3.25,3.2699999809265137,3.115000009536743,3.1700000762939453,1669500,0.0,0.0
2023-03-29 00:00:00-04:00,3.190000057220459,3.315000057220459,3.1500000953674316,3.2799999713897705,1503000,0.0,0.0
2023-03-30 00:00:00-04:00,3.299999952316284,3.4579999446868896,3.25,3.2799999713897705,1722600,0.0,0.0
2023-03-31 00:00:00-04:00,3.299999952316284,3.5399999618530273,3.2699999809265137,3.5,1591800,0.0,0.0
2023-04-03 00:00:00-04:00,3.5299999713897705,3.6500000953674316,3.2899999618530273,3.3299999237060547,1296700,0.0,0.0
2023-04-04 00:00:00-04:00,3.319999933242798,3.3299999237060547,3.0299999713897705,3.109999895095825,1763200,0.0,0.0
2023-04-05 00:00:00-04:00,3.1500000953674316,3.1589999198913574,3.015000104904175,3.0899999141693115,1386200,0.0,0.0
2023-04-06 00:00:00-04:00,3.069999933242798,3.069999933242798,2.9700000286102295,3.0299999713897705,1111100,0.0,0.0
2023-04-10 00:00:00-04:00,3.0,3.0999999046325684,2.924999952316284,3.0799999237060547,1534600,0.0,0.0
2023-04-11 00:00:00-04:00,3.0799999237060547,3.1500000953674316,3.009999990463257,3.049999952316284,1350300,0.0,0.0
2023-04-12 00:00:00-04:00,3.049999952316284,3.0899999141693115,2.8949999809265137,2.930000066757202,1450500,0.0,0.0
2023-04-13 00:00:00-04:00,2.9700000286102295,3.069999933242798,2.940000057220459,3.009999990463257,1312800,0.0,0.0
2023-04-14 00:00:00-04:00,3.0,3.0,2.819999933242798,2.890000104904175,1399900,0.0,0.0
2023-04-17 00:00:00-04:00,2.880000114440918,2.930000066757202,2.734999895095825,2.890000104904175,2450400,0.0,0.0
2023-04-18 00:00:00-04:00,2.890000104904175,2.924999952316284,2.7899999618530273,2.9100000858306885,1436800,0.0,0.0
2023-04-19 00:00:00-04:00,2.859999895095825,2.9000000953674316,2.759999990463257,2.799999952316284,1041100,0.0,0.0
2023-04-20 00:00:00-04:00,2.759999990463257,2.759999990463257,2.549999952316284,2.609999895095825,1867100,0.0,0.0
2023-04-21 00:00:00-04:00,2.609999895095825,2.6600000858306885,2.565000057220459,2.619999885559082,1334100,0.0,0.0
2023-04-24 00:00:00-04:00,2.5999999046325684,2.7200000286102295,2.5799999237060547,2.700000047683716,1335500,0.0,0.0
2023-04-25 00:00:00-04:00,2.6700000762939453,2.690000057220459,2.5299999713897705,2.5899999141693115,5947500,0.0,0.0
2023-04-26 00:00:00-04:00,2.5899999141693115,2.6500000953674316,2.5399999618530273,2.5799999237060547,1098300,0.0,0.0
2023-04-27 00:00:00-04:00,2.5899999141693115,2.640000104904175,2.450000047683716,2.609999895095825,2217600,0.0,0.0
2023-04-28 00:00:00-04:00,2.5999999046325684,2.6700000762939453,2.4800000190734863,2.5,1587000,0.0,0.0
2023-05-01 00:00:00-04:00,2.5,2.51200008392334,2.299999952316284,2.3399999141693115,1843600,0.0,0.0
2023-05-02 00:00:00-04:00,2.319999933242798,2.319999933242798,2.119999885559082,2.180000066757202,2978500,0.0,0.0
2023-05-03 00:00:00-04:00,2.180000066757202,2.309999942779541,2.109999895095825,2.25,3505400,0.0,0.0
2023-05-04 00:00:00-04:00,2.200000047683716,2.259999990463257,2.0850000381469727,2.180000066757202,2535300,0.0,0.0
2023-05-05 00:00:00-04:00,2.200000047683716,2.390000104904175,2.184999942779541,2.3499999046325684,2685700,0.0,0.0
2023-05-08 00:00:00-04:00,2.369999885559082,2.559999942779541,2.3499999046325684,2.549999952316284,2250700,0.0,0.0
2023-05-09 00:00:00-04:00,2.549999952316284,2.559999942779541,2.380000114440918,2.509999990463257,1227700,0.0,0.0
2023-05-10 00:00:00-04:00,2.549999952316284,2.5799999237060547,2.4100000858306885,2.4700000286102295,1608900,0.0,0.0
2023-05-11 00:00:00-04:00,2.4700000286102295,2.4700000286102295,2.369999885559082,2.4000000953674316,1209100,0.0,0.0
2023-05-12 00:00:00-04:00,2.430000066757202,2.549999952316284,2.359999895095825,2.509999990463257,1356400,0.0,0.0
2023-05-15 00:00:00-04:00,2.5399999618530273,2.7300000190734863,2.494999885559082,2.7100000381469727,2032600,0.0,0.0
2023-05-16 00:00:00-04:00,2.7300000190734863,2.825000047683716,2.640000104904175,2.7200000286102295,4395600,0.0,0.0
2023-05-17 00:00:00-04:00,2.450000047683716,2.9549999237060547,2.313999891281128,2.9100000858306885,3235100,0.0,0.0
2023-05-18 00:00:00-04:00,2.9800000190734863,3.1600000858306885,2.9000000953674316,2.9049999713897705,2291300,0.0,0.0
2023-05-19 00:00:00-04:00,2.9200000762939453,2.950000047683716,2.5399999618530273,2.619999885559082,2623500,0.0,0.0
2023-05-22 00:00:00-04:00,2.640000104904175,2.890000104904175,2.609999895095825,2.8399999141693115,1853100,0.0,0.0
2023-05-23 00:00:00-04:00,2.8299999237060547,2.950000047683716,2.799999952316284,2.8399999141693115,2028100,0.0,0.0
2023-05-24 00:00:00-04:00,2.7799999713897705,2.799999952316284,2.5899999141693115,2.7200000286102295,1484300,0.0,0.0
2023-05-25 00:00:00-04:00,2.75,2.755000114440918,2.5999999046325684,2.6700000762939453,891200,0.0,0.0
2023-05-26 00:00:00-04:00,2.690000057220459,2.8399999141693115,2.6549999713897705,2.809999942779541,1228400,0.0,0.0
2023-05-30 00:00:00-04:00,2.880000114440918,3.0999999046325684,2.8499999046325684,3.059999942779541,2338800,0.0,0.0
2023-05-31 00:00:00-04:00,3.059999942779541,3.0859999656677246,2.869999885559082,2.940000057220459,1575400,0.0,0.0
2023-06-01 00:00:00-04:00,2.950000047683716,3.059999942779541,2.877000093460083,2.930000066757202,1075100,0.0,0.0
2023-06-02 00:00:00-04:00,3.0,3.069999933242798,2.9100000858306885,3.0399999618530273,1613700,0.0,0.0
2023-06-05 00:00:00-04:00,3.0999999046325684,3.0999999046325684,2.75,2.819999933242798,1744200,0.0,0.0
2023-06-06 00:00:00-04:00,2.799999952316284,2.9700000286102295,2.7699999809265137,2.950000047683716,1733300,0.0,0.0
2023-06-07 00:00:00-04:00,2.9800000190734863,3.009999990463257,2.869999885559082,2.9100000858306885,1411800,0.0,0.0
2023-06-08 00:00:00-04:00,2.880000114440918,2.8949999809265137,2.7100000381469727,2.890000104904175,1087400,0.0,0.0
2023-06-09 00:00:00-04:00,2.9200000762939453,2.9600000381469727,2.7899999618530273,2.799999952316284,956100,0.0,0.0
2023-06-12 00:00:00-04:00,2.8399999141693115,2.940000057220459,2.7899999618530273,2.8499999046325684,2242500,0.0,0.0
2023-06-13 00:00:00-04:00,2.9100000858306885,3.0,2.874000072479248,2.990000009536743,2522400,0.0,0.0
2023-06-14 00:00:00-04:00,2.9800000190734863,3.015000104904175,2.8299999237060547,2.8399999141693115,1302900,0.0,0.0
2023-06-15 00:00:00-04:00,2.859999895095825,3.0,2.7899999618530273,3.0,1428300,0.0,0.0
2023-06-16 00:00:00-04:00,3.0399999618530273,3.2090001106262207,2.984999895095825,3.0999999046325684,4966700,0.0,0.0
2023-06-20 00:00:00-04:00,3.119999885559082,3.119999885559082,2.740000009536743,2.7899999618530273,2965700,0.0,0.0
2023-06-21 00:00:00-04:00,2.7899999618530273,2.809999942779541,2.619999885559082,2.6600000858306885,1428000,0.0,0.0
2023-06-22 00:00:00-04:00,2.630000114440918,2.6700000762939453,2.549999952316284,2.640000104904175,863700,0.0,0.0
2023-06-23 00:00:00-04:00,2.609999895095825,2.6700000762939453,2.565000057220459,2.5999999046325684,791200,0.0,0.0
2023-06-26 00:00:00-04:00,2.569999933242798,2.640000104904175,2.509999990463257,2.5299999713897705,911600,0.0,0.0
2023-06-27 00:00:00-04:00,2.549999952316284,2.6700000762939453,2.490000009536743,2.6500000953674316,964000,0.0,0.0
2023-06-28 00:00:00-04:00,2.619999885559082,2.6600000858306885,2.555000066757202,2.630000114440918,784400,0.0,0.0
2023-06-29 00:00:00-04:00,2.630000114440918,2.8299999237060547,2.569999933242798,2.8299999237060547,1104300,0.0,0.0
2023-06-30 00:00:00-04:00,2.869999885559082,2.9100000858306885,2.819999933242798,2.8399999141693115,1224500,0.0,0.0
2023-07-03 00:00:00-04:00,2.859999895095825,2.9690001010894775,2.859999895095825,2.950000047683716,570200,0.0,0.0
2023-07-05 00:00:00-04:00,2.9200000762939453,2.9200000762939453,2.755000114440918,2.799999952316284,1068300,0.0,0.0
2023-07-06 00:00:00-04:00,2.7699999809265137,2.9200000762939453,2.690000057220459,2.9100000858306885,1599900,0.0,0.0
2023-07-07 00:00:00-04:00,2.869999885559082,3.1500000953674316,2.869999885559082,3.1500000953674316,1663400,0.0,0.0
2023-07-10 00:00:00-04:00,3.1500000953674316,3.4600000381469727,3.049999952316284,3.450000047683716,2781300,0.0,0.0
2023-07-11 00:00:00-04:00,3.490000009536743,3.615000009536743,3.3399999141693115,3.369999885559082,3260400,0.0,0.0
2023-07-12 00:00:00-04:00,3.5,3.5950000286102295,3.375,3.4700000286102295,2960400,0.0,0.0
2023-07-13 00:00:00-04:00,3.5299999713897705,3.559999942779541,3.3450000286102295,3.369999885559082,1763500,0.0,0.0
2023-07-14 00:00:00-04:00,3.369999885559082,3.4200000762939453,3.0799999237060547,3.1700000762939453,1870100,0.0,0.0
2023-07-17 00:00:00-04:00,3.1700000762939453,3.299999952316284,3.015000104904175,3.2899999618530273,1466300,0.0,0.0
2023-07-18 00:00:00-04:00,3.299999952316284,3.4200000762939453,3.259999990463257,3.390000104904175,1248900,0.0,0.0
2023-07-19 00:00:00-04:00,3.430000066757202,3.4690001010894775,3.359999895095825,3.380000114440918,2416900,0.0,0.0
2023-07-20 00:00:00-04:00,3.3299999237060547,3.380000114440918,3.2100000381469727,3.240000009536743,1796700,0.0,0.0
2023-07-21 00:00:00-04:00,3.2899999618530273,3.369999885559082,3.130000114440918,3.2100000381469727,982700,0.0,0.0
2023-07-24 00:00:00-04:00,3.240000009536743,3.299999952316284,3.1649999618530273,3.25,997700,0.0,0.0
2023-07-25 00:00:00-04:00,3.259999990463257,3.3499999046325684,3.2300000190734863,3.259999990463257,1072000,0.0,0.0
2023-07-26 00:00:00-04:00,3.25,3.305000066757202,3.180000066757202,3.259999990463257,1354300,0.0,0.0
2023-07-27 00:00:00-04:00,3.309999942779541,3.3299999237060547,3.119999885559082,3.130000114440918,1671900,0.0,0.0
2023-07-28 00:00:00-04:00,3.3399999141693115,3.4700000286102295,3.2300000190734863,3.4100000858306885,4663900,0.0,0.0
2023-07-31 00:00:00-04:00,3.7699999809265137,4.190000057220459,3.619999885559082,4.099999904632568,20795500,0.0,0.0
2023-08-01 00:00:00-04:00,4.079999923706055,4.199999809265137,3.880000114440918,4.03000020980835,6650600,0.0,0.0
2023-08-02 00:00:00-04:00,4.039999961853027,4.385000228881836,3.880000114440918,4.070000171661377,7308100,0.0,0.0
2023-08-03 00:00:00-04:00,4.070000171661377,4.070000171661377,3.7300000190734863,3.890000104904175,2911900,0.0,0.0
2023-08-04 00:00:00-04:00,3.880000114440918,3.940000057220459,3.680000066757202,3.7100000381469727,2276000,0.0,0.0
2023-08-07 00:00:00-04:00,3.75,3.75,3.4000000953674316,3.5299999713897705,2850900,0.0,0.0
2023-08-08 00:00:00-04:00,3.4100000858306885,3.4649999141693115,3.299999952316284,3.4100000858306885,1940900,0.0,0.0
2023-08-09 00:00:00-04:00,3.390000104904175,3.390000104904175,3.109999895095825,3.140000104904175,3577300,0.0,0.0
2023-08-10 00:00:00-04:00,2.430000066757202,2.5399999618530273,2.180000066757202,2.259999990463257,29974100,0.0,0.0
2023-08-11 00:00:00-04:00,2.3499999046325684,2.440000057220459,2.25,2.319999933242798,6723300,0.0,0.0
2023-08-14 00:00:00-04:00,2.390000104904175,2.3949999809265137,2.240000009536743,2.299999952316284,6042000,0.0,0.0
2023-08-15 00:00:00-04:00,2.2899999618530273,2.3499999046325684,2.200000047683716,2.2100000381469727,5657200,0.0,0.0
2023-08-16 00:00:00-04:00,2.200000047683716,2.2899999618530273,2.1500000953674316,2.2300000190734863,6258700,0.0,0.0
2023-08-17 00:00:00-04:00,2.2799999713897705,2.2799999713897705,2.1500000953674316,2.1500000953674316,3077400,0.0,0.0
2023-08-18 00:00:00-04:00,2.1500000953674316,2.2149999141693115,2.0999999046325684,2.1500000953674316,4310900,0.0,0.0
2023-08-21 00:00:00-04:00,2.190000057220459,2.2290000915527344,2.0899999141693115,2.1600000858306885,3490800,0.0,0.0
2023-08-22 00:00:00-04:00,2.1600000858306885,2.2300000190734863,2.069999933242798,2.0999999046325684,4572900,0.0,0.0
2023-08-23 00:00:00-04:00,2.109999895095825,2.2899999618530273,2.059999942779541,2.2899999618530273,6512900,0.0,0.0
2023-08-24 00:00:00-04:00,2.3299999237060547,2.3329999446868896,2.069999933242798,2.075000047683716,3996600,0.0,0.0
2023-08-25 00:00:00-04:00,2.119999885559082,2.1649999618530273,2.0,2.1500000953674316,4043200,0.0,0.0
2023-08-28 00:00:00-04:00,2.1600000858306885,2.2200000286102295,2.134999990463257,2.2200000286102295,3021400,0.0,0.0
2023-08-29 00:00:00-04:00,2.2300000190734863,2.4000000953674316,2.190000057220459,2.390000104904175,5239000,0.0,0.0
2023-08-30 00:00:00-04:00,2.369999885559082,2.4100000858306885,2.2899999618530273,2.359999895095825,2722800,0.0,0.0
2023-08-31 00:00:00-04:00,2.359999895095825,2.4100000858306885,2.2699999809265137,2.2899999618530273,2017600,0.0,0.0
2023-09-01 00:00:00-04:00,2.299999952316284,2.369999885559082,2.2699999809265137,2.359999895095825,2044900,0.0,0.0
2023-09-05 00:00:00-04:00,2.359999895095825,2.494999885559082,2.3399999141693115,2.440000057220459,3129900,0.0,0.0
2023-09-06 00:00:00-04:00,2.440000057220459,2.509999990463257,2.3299999237060547,2.359999895095825,2604300,0.0,0.0
2023-09-07 00:00:00-04:00,2.359999895095825,2.369999885559082,2.2300000190734863,2.3499999046325684,2276700,0.0,0.0
2023-09-08 00:00:00-04:00,2.3499999046325684,2.359999895095825,2.1700000762939453,2.240000009536743,2238900,0.0,0.0
2023-09-11 00:00:00-04:00,2.319999933242798,2.319999933242798,2.2100000381469727,2.259999990463257,1670600,0.0,0.0
2023-09-12 00:00:00-04:00,2.259999990463257,2.3399999141693115,2.200000047683716,2.2200000286102295,1695300,0.0,0.0
2023-09-13 00:00:00-04:00,2.2200000286102295,2.2200000286102295,2.130000114440918,2.1700000762939453,1727100,0.0,0.0
2023-09-14 00:00:00-04:00,2.1600000858306885,2.2200000286102295,2.109999895095825,2.2100000381469727,1720400,0.0,0.0
2023-09-15 00:00:00-04:00,2.190000057220459,2.25,2.1700000762939453,2.2200000286102295,1164400,0.0,0.0
2023-09-18 00:00:00-04:00,2.190000057220459,2.200000047683716,2.109999895095825,2.1500000953674316,1223300,0.0,0.0
2023-09-19 00:00:00-04:00,2.140000104904175,2.140000104904175,2.0399999618530273,2.0899999141693115,1628100,0.0,0.0
2023-09-20 00:00:00-04:00,2.0999999046325684,2.180000066757202,2.0399999618530273,2.049999952316284,1007300,0.0,0.0
2023-09-21 00:00:00-04:00,2.0199999809265137,2.0399999618530273,1.9199999570846558,1.9299999475479126,2758600,0.0,0.0
2023-09-22 00:00:00-04:00,1.940000057220459,2.009999990463257,1.909999966621399,1.9600000381469727,1604500,0.0,0.0
2023-09-25 00:00:00-04:00,1.9600000381469727,2.009999990463257,1.8949999809265137,1.9500000476837158,2765700,0.0,0.0
2023-09-26 00:00:00-04:00,1.940000057220459,1.940000057220459,1.7300000190734863,1.7400000095367432,3054000,0.0,0.0
2023-09-27 00:00:00-04:00,1.809999942779541,1.809999942779541,1.7000000476837158,1.7899999618530273,2811200,0.0,0.0
2023-09-28 00:00:00-04:00,1.8600000143051147,1.9299999475479126,1.7799999713897705,1.909999966621399,2117400,0.0,0.0
2023-09-29 00:00:00-04:00,1.909999966621399,2.0,1.899999976158142,1.9500000476837158,2098300,0.0,0.0
2023-10-02 00:00:00-04:00,1.9299999475479126,1.9850000143051147,1.8949999809265137,1.940000057220459,1122700,0.0,0.0
2023-10-03 00:00:00-04:00,1.909999966621399,1.9249999523162842,1.8600000143051147,1.8899999856948853,2204900,0.0,0.0
2023-10-04 00:00:00-04:00,1.8799999952316284,1.9149999618530273,1.8450000286102295,1.8799999952316284,5811900,0.0,0.0
2023-10-05 00:00:00-04:00,1.909999966621399,1.9199999570846558,1.75,1.7799999713897705,1694100,0.0,0.0
2023-10-06 00:00:00-04:00,1.7999999523162842,1.8200000524520874,1.715000033378601,1.7300000190734863,2029900,0.0,0.0
2023-10-09 00:00:00-04:00,1.6699999570846558,1.7050000429153442,1.5149999856948853,1.690000057220459,2561200,0.0,0.0
2023-10-10 00:00:00-04:00,1.6699999570846558,1.850000023841858,1.6699999570846558,1.7949999570846558,994400,0.0,0.0
2023-10-11 00:00:00-04:00,1.8200000524520874,1.8799999952316284,1.6799999475479126,1.6799999475479126,1147000,0.0,0.0
2023-10-12 00:00:00-04:00,1.690000057220459,1.7200000286102295,1.5700000524520874,1.5800000429153442,1578800,0.0,0.0
2023-10-13 00:00:00-04:00,1.600000023841858,1.628000020980835,1.5399999618530273,1.5700000524520874,1599100,0.0,0.0
2023-10-16 00:00:00-04:00,1.590000033378601,1.649999976158142,1.5700000524520874,1.6299999952316284,846800,0.0,0.0
2023-10-17 00:00:00-04:00,1.600000023841858,1.690000057220459,1.5950000286102295,1.6200000047683716,1354500,0.0,0.0
2023-10-18 00:00:00-04:00,1.600000023841858,1.6100000143051147,1.4900000095367432,1.5,1981500,0.0,0.0
2023-10-19 00:00:00-04:00,1.4500000476837158,1.4900000095367432,1.399999976158142,1.4199999570846558,1916400,0.0,0.0
2023-10-20 00:00:00-04:00,1.409999966621399,1.4199999570846558,1.2999999523162842,1.399999976158142,3197900,0.0,0.0
2023-10-23 00:00:00-04:00,1.3600000143051147,1.440000057220459,1.2999999523162842,1.3700000047683716,1243200,0.0,0.0
2023-10-24 00:00:00-04:00,1.3700000047683716,1.4700000286102295,1.3700000047683716,1.440000057220459,1317000,0.0,0.0
2023-10-25 00:00:00-04:00,1.440000057220459,1.5499999523162842,1.3899999856948853,1.4299999475479126,2864300,0.0,0.0
2023-10-26 00:00:00-04:00,1.440000057220459,1.4789999723434448,1.3600000143051147,1.3799999952316284,1596000,0.0,0.0
2023-10-27 00:00:00-04:00,1.3899999856948853,1.4800000190734863,1.340000033378601,1.350000023841858,1670300,0.0,0.0
2023-10-30 00:00:00-04:00,1.3700000047683716,1.3980000019073486,1.2999999523162842,1.350000023841858,1224500,0.0,0.0
2023-10-31 00:00:00-04:00,1.309999942779541,1.5299999713897705,1.309999942779541,1.5,5156100,0.0,0.0
2023-11-01 00:00:00-04:00,1.4500000476837158,1.5099999904632568,1.3700000047683716,1.4199999570846558,1533100,0.0,0.0
2023-11-02 00:00:00-04:00,1.4600000381469727,1.600000023841858,1.4600000381469727,1.590000033378601,1680100,0.0,0.0
2023-11-03 00:00:00-04:00,1.590000033378601,1.7000000476837158,1.590000033378601,1.600000023841858,2092000,0.0,0.0
2023-11-06 00:00:00-05:00,1.8200000524520874,1.8200000524520874,1.6299999952316284,1.690000057220459,3422600,0.0,0.0
2023-11-07 00:00:00-05:00,1.7100000381469727,1.715000033378601,1.6399999856948853,1.659999966621399,1651200,0.0,0.0
2023-11-08 00:00:00-05:00,1.8300000429153442,1.8899999856948853,1.7100000381469727,1.840000033378601,3124300,0.0,0.0
2023-11-09 00:00:00-05:00,1.809999942779541,1.8350000381469727,1.7100000381469727,1.7400000095367432,2670800,0.0,0.0
2023-11-10 00:00:00-05:00,1.75,1.8600000143051147,1.7100000381469727,1.850000023841858,1684900,0.0,0.0
2023-11-13 00:00:00-05:00,1.8600000143051147,1.9850000143051147,1.7899999618530273,1.9600000381469727,2160400,0.0,0.0
2023-11-14 00:00:00-05:00,2.049999952316284,2.1600000858306885,1.9900000095367432,2.140000104904175,4495700,0.0,0.0
2023-11-15 00:00:00-05:00,2.1500000953674316,2.2300000190734863,2.059999942779541,2.069999933242798,2765500,0.0,0.0
2023-11-16 00:00:00-05:00,2.0899999141693115,2.0899999141693115,1.8300000429153442,1.850000023841858,2320000,0.0,0.0
2023-11-17 00:00:00-05:00,1.909999966621399,2.194999933242798,1.8700000047683716,2.190000057220459,2790500,0.0,0.0
2023-11-20 00:00:00-05:00,2.190000057220459,2.190000057220459,2.0399999618530273,2.059999942779541,2586500,0.0,0.0
2023-11-21 00:00:00-05:00,2.059999942779541,2.059999942779541,1.909999966621399,1.9199999570846558,1469700,0.0,0.0
2023-11-22 00:00:00-05:00,2.0,2.0199999809265137,1.850000023841858,1.9199999570846558,4048100,0.0,0.0
2023-11-24 00:00:00-05:00,1.9600000381469727,2.009999990463257,1.8799999952316284,1.9900000095367432,1044200,0.0,0.0
2023-11-27 00:00:00-05:00,1.9500000476837158,1.9500000476837158,1.8309999704360962,1.8799999952316284,2142800,0.0,0.0
2023-11-28 00:00:00-05:00,1.8600000143051147,1.8700000047683716,1.7400000095367432,1.809999942779541,2520900,0.0,0.0
2023-11-29 00:00:00-05:00,1.840000033378601,1.909999966621399,1.7699999809265137,1.7799999713897705,3697100,0.0,0.0
2023-11-30 00:00:00-05:00,1.7899999618530273,1.8600000143051147,1.7000000476837158,1.7100000381469727,9022000,0.0,0.0
2023-12-01 00:00:00-05:00,1.7100000381469727,1.7949999570846558,1.649999976158142,1.7799999713897705,3050600,0.0,0.0
2023-12-04 00:00:00-05:00,1.7599999904632568,1.809999942779541,1.725000023841858,1.7899999618530273,1578200,0.0,0.0
2023-12-05 00:00:00-05:00,1.7400000095367432,1.809999942779541,1.7209999561309814,1.75,1289100,0.0,0.0
2023-12-06 00:00:00-05:00,1.75,1.8880000114440918,1.75,1.7899999618530273,2548900,0.0,0.0
2023-12-07 00:00:00-05:00,1.7899999618530273,1.8200000524520874,1.7450000047683716,1.7899999618530273,1210800,0.0,0.0
2023-12-08 00:00:00-05:00,1.7699999809265137,1.8200000524520874,1.7400000095367432,1.7999999523162842,1067200,0.0,0.0
2023-12-11 00:00:00-05:00,2.190000057220459,2.390000104904175,2.0299999713897705,2.299999952316284,29087200,0.0,0.0
2023-12-12 00:00:00-05:00,2.369999885559082,2.6549999713897705,2.2899999618530273,2.5999999046325684,20928000,0.0,0.0
2023-12-13 00:00:00-05:00,2.6700000762939453,2.7200000286102295,2.3299999237060547,2.5199999809265137,13408400,0.0,0.0
2023-12-14 00:00:00-05:00,2.6700000762939453,2.9600000381469727,2.6600000858306885,2.880000114440918,9136200,0.0,0.0
2023-12-15 00:00:00-05:00,2.9700000286102295,2.990000009536743,2.6500000953674316,2.6600000858306885,11876200,0.0,0.0
2023-12-18 00:00:00-05:00,2.7100000381469727,2.7200000286102295,2.490000009536743,2.549999952316284,7334400,0.0,0.0
2023-12-19 00:00:00-05:00,2.5999999046325684,2.7200000286102295,2.5399999618530273,2.6500000953674316,4078100,0.0,0.0
2023-12-20 00:00:00-05:00,2.6700000762939453,2.9700000286102295,2.5350000858306885,2.549999952316284,9945900,0.0,0.0
2023-12-21 00:00:00-05:00,2.690000057220459,2.7300000190734863,2.5,2.5899999141693115,4807400,0.0,0.0
2023-12-22 00:00:00-05:00,2.619999885559082,2.7300000190734863,2.562000036239624,2.5999999046325684,5184800,0.0,0.0
2023-12-26 00:00:00-05:00,2.609999895095825,2.6600000858306885,2.5299999713897705,2.549999952316284,3272900,0.0,0.0
2023-12-27 00:00:00-05:00,2.559999942779541,2.755000114440918,2.549999952316284,2.740000009536743,4240600,0.0,0.0
2023-12-28 00:00:00-05:00,2.75,2.799999952316284,2.630000114440918,2.680000066757202,2321400,0.0,0.0
2023-12-29 00:00:00-05:00,2.640000104904175,2.6500000953674316,2.4800000190734863,2.5299999713897705,4580300,0.0,0.0
2024-01-02 00:00:00-05:00,2.509999990463257,2.819999933242798,2.450000047683716,2.5799999237060547,6648300,0.0,0.0
2024-01-03 00:00:00-05:00,2.5,2.5799999237060547,2.4000000953674316,2.450000047683716,5559700,0.0,0.0
2024-01-04 00:00:00-05:00,2.4000000953674316,2.4649999141693115,2.259999990463257,2.4100000858306885,4930600,0.0,0.0
2024-01-05 00:00:00-05:00,2.369999885559082,2.4110000133514404,2.2899999618530273,2.3299999237060547,3077100,0.0,0.0
2024-01-08 00:00:00-05:00,2.2200000286102295,2.2950000762939453,2.1700000762939453,2.2799999713897705,4015000,0.0,0.0
2024-01-09 00:00:00-05:00,2.2799999713897705,2.3299999237060547,2.200000047683716,2.2200000286102295,2911800,0.0,0.0
2024-01-10 00:00:00-05:00,2.2300000190734863,2.25,2.130000114440918,2.1700000762939453,3039800,0.0,0.0
2024-01-11 00:00:00-05:00,2.140000104904175,2.180000066757202,2.069999933242798,2.140000104904175,3549000,0.0,0.0
2024-01-12 00:00:00-05:00,2.0899999141693115,2.2100000381469727,1.9199999570846558,1.9500000476837158,4290200,0.0,0.0
2024-01-16 00:00:00-05:00,1.9700000286102295,1.9700000286102295,1.8200000524520874,1.8600000143051147,3212400,0.0,0.0
2024-01-17 00:00:00-05:00,1.8200000524520874,1.8700000047683716,1.7699999809265137,1.7899999618530273,5759600,0.0,0.0
2024-01-18 00:00:00-05:00,1.809999942779541,1.899999976158142,1.690000057220459,1.7599999904632568,8272200,0.0,0.0
2024-01-19 00:00:00-05:00,1.809999942779541,1.8300000429153442,1.684999942779541,1.7699999809265137,4608000,0.0,0.0
2024-01-22 00:00:00-05:00,1.840000033378601,1.909999966621399,1.7999999523162842,1.850000023841858,5216000,0.0,0.0
2024-01-23 00:00:00-05:00,1.850000023841858,1.9450000524520874,1.850000023841858,1.9199999570846558,2642400,0.0,0.0
2024-01-24 00:00:00-05:00,1.9500000476837158,1.9500000476837158,1.7200000286102295,1.7200000286102295,6368500,0.0,0.0
2024-01-25 00:00:00-05:00,1.7400000095367432,1.7599999904632568,1.6649999618530273,1.7200000286102295,2183600,0.0,0.0
2024-01-26 00:00:00-05:00,1.7400000095367432,1.7649999856948853,1.6799999475479126,1.690000057220459,1451100,0.0,0.0
2024-01-29 00:00:00-05:00,1.690000057220459,1.7599999904632568,1.6200000047683716,1.7599999904632568,3088800,0.0,0.0
2024-01-30 00:00:00-05:00,1.7000000476837158,1.7300000190734863,1.6399999856948853,1.649999976158142,2432200,0.0,0.0
2024-01-31 00:00:00-05:00,1.6799999475479126,1.8250000476837158,1.6100000143051147,1.7100000381469727,10805700,0.0,0.0
2024-02-01 00:00:00-05:00,1.6799999475479126,1.7400000095367432,1.600000023841858,1.7000000476837158,4224700,0.0,0.0
2024-02-02 00:00:00-05:00,1.6799999475479126,1.6799999475479126,1.6100000143051147,1.659999966621399,2475100,0.0,0.0
2024-02-05 00:00:00-05:00,1.6699999570846558,1.6699999570846558,1.531999945640564,1.5399999618530273,3991500,0.0,0.0
2024-02-06 00:00:00-05:00,1.5399999618530273,1.6200000047683716,1.5080000162124634,1.600000023841858,2055500,0.0,0.0
2024-02-07 00:00:00-05:00,1.6200000047683716,1.6200000047683716,1.5399999618530273,1.5800000429153442,1441200,0.0,0.0
2024-02-08 00:00:00-05:00,1.559999942779541,1.6699999570846558,1.5499999523162842,1.6399999856948853,1999800,0.0,0.0
2024-02-09 00:00:00-05:00,1.6200000047683716,1.7100000381469727,1.600000023841858,1.6699999570846558,1624400,0.0,0.0
2024-02-12 00:00:00-05:00,1.690000057220459,1.7899999618530273,1.659999966621399,1.7400000095367432,2390000,0.0,0.0
2024-02-13 00:00:00-05:00,1.7000000476837158,1.7000000476837158,1.5700000524520874,1.5800000429153442,2413200,0.0,0.0
2024-02-14 00:00:00-05:00,1.6299999952316284,1.6799999475479126,1.6050000190734863,1.659999966621399,3642500,0.0,0.0
2024-02-15 00:00:00-05:00,1.6799999475479126,1.7300000190734863,1.649999976158142,1.6799999475479126,1916200,0.0,0.0
2024-02-16 00:00:00-05:00,1.6799999475479126,1.7000000476837158,1.6299999952316284,1.6699999570846558,1202600,0.0,0.0
2024-02-20 00:00:00-05:00,1.649999976158142,1.649999976158142,1.5800000429153442,1.649999976158142,2329500,0.0,0.0
2024-02-21 00:00:00-05:00,1.6200000047683716,1.6349999904632568,1.5700000524520874,1.6299999952316284,2198300,0.0,0.0
2024-02-22 00:00:00-05:00,1.6699999570846558,1.6699999570846558,1.5800000429153442,1.6200000047683716,2717700,0.0,0.0
2024-02-23 00:00:00-05:00,1.6100000143051147,1.6100000143051147,1.4299999475479126,1.4600000381469727,4806200,0.0,0.0
2024-02-26 00:00:00-05:00,1.649999976158142,1.690000057220459,1.5399999618530273,1.6200000047683716,2825600,0.0,0.0
2024-02-27 00:00:00-05:00,1.649999976158142,1.7000000476837158,1.6200000047683716,1.6799999475479126,3058700,0.0,0.0
2024-02-28 00:00:00-05:00,1.899999976158142,1.940000057220459,1.565000057220459,1.6100000143051147,6499200,0.0,0.0
2024-02-29 00:00:00-05:00,1.649999976158142,1.7710000276565552,1.590000033378601,1.590000033378601,3569600,0.0,0.0
2024-03-01 00:00:00-05:00,1.6699999570846558,1.6699999570846558,1.5099999904632568,1.6200000047683716,3650800,0.0,0.0
2024-03-04 00:00:00-05:00,1.6200000047683716,1.6349999904632568,1.5299999713897705,1.600000023841858,2950200,0.0,0.0
2024-03-05 00:00:00-05:00,1.559999942779541,1.5850000381469727,1.4900000095367432,1.559999942779541,2082000,0.0,0.0
2024-03-06 00:00:00-05:00,1.559999942779541,1.5800000429153442,1.5099999904632568,1.5299999713897705,2000600,0.0,0.0
2024-03-07 00:00:00-05:00,1.5499999523162842,1.5700000524520874,1.5,1.5099999904632568,2015100,0.0,0.0
2024-03-08 00:00:00-05:00,1.5199999809265137,1.590000033378601,1.4600000381469727,1.4600000381469727,3131700,0.0,0.0
2024-03-11 00:00:00-04:00,1.4800000190734863,1.5049999952316284,1.3899999856948853,1.399999976158142,2512000,0.0,0.0
2024-03-12 00:00:00-04:00,1.4299999475479126,1.440000057220459,1.3700000047683716,1.399999976158142,2046800,0.0,0.0
2024-03-13 00:00:00-04:00,1.399999976158142,1.4299999475479126,1.3600000143051147,1.3700000047683716,1347100,0.0,0.0
2024-03-14 00:00:00-04:00,1.3600000143051147,1.3650000095367432,1.2899999618530273,1.2999999523162842,1883900,0.0,0.0
2024-03-15 00:00:00-04:00,1.3300000429153442,1.3300000429153442,1.2799999713897705,1.309999942779541,1386100,0.0,0.0
2024-03-18 00:00:00-04:00,1.340000033378601,1.340000033378601,1.2799999713897705,1.309999942779541,1622200,0.0,0.0
2024-03-19 00:00:00-04:00,1.2999999523162842,1.315000057220459,1.25,1.309999942779541,1542200,0.0,0.0
2024-03-20 00:00:00-04:00,1.2999999523162842,1.3799999952316284,1.274999976158142,1.3700000047683716,1694200,0.0,0.0
2024-03-21 00:00:00-04:00,1.409999966621399,1.434999942779541,1.350000023841858,1.4299999475479126,1664400,0.0,0.0
2024-03-22 00:00:00-04:00,1.399999976158142,1.399999976158142,1.3200000524520874,1.3200000524520874,1861900,0.0,0.0
2024-03-25 00:00:00-04:00,1.2899999618530273,1.3650000095367432,1.2899999618530273,1.309999942779541,1029700,0.0,0.0
2024-03-26 00:00:00-04:00,1.309999942779541,1.4149999618530273,1.309999942779541,1.3300000429153442,2024200,0.0,0.0
2024-03-27 00:00:00-04:00,1.350000023841858,1.3700000047683716,1.3200000524520874,1.3300000429153442,1762100,0.0,0.0
2024-03-28 00:00:00-04:00,1.350000023841858,1.3849999904632568,1.2999999523162842,1.350000023841858,3035200,0.0,0.0
2024-04-01 00:00:00-04:00,1.3899999856948853,1.4800000190734863,1.3799999952316284,1.4700000286102295,3660500,0.0,0.0
2024-04-02 00:00:00-04:00,1.409999966621399,1.4149999618530273,1.3600000143051147,1.3700000047683716,956600,0.0,0.0
2024-04-03 00:00:00-04:00,1.3799999952316284,1.4800000190734863,1.3350000381469727,1.4700000286102295,988400,0.0,0.0
2024-04-04 00:00:00-04:00,1.5,1.6050000190734863,1.4500000476837158,1.4800000190734863,3478300,0.0,0.0
2024-04-05 00:00:00-04:00,1.4600000381469727,1.5049999952316284,1.4299999475479126,1.4600000381469727,1130300,0.0,0.0
2024-04-08 00:00:00-04:00,1.4600000381469727,1.4900000095367432,1.399999976158142,1.409999966621399,1553800,0.0,0.0
2024-04-09 00:00:00-04:00,1.409999966621399,1.440000057220459,1.3600000143051147,1.3899999856948853,2045800,0.0,0.0
2024-04-10 00:00:00-04:00,1.3600000143051147,1.3600000143051147,1.2999999523162842,1.3300000429153442,1702600,0.0,0.0
2024-04-11 00:00:00-04:00,1.3200000524520874,1.340000033378601,1.2599999904632568,1.3200000524520874,1855900,0.0,0.0
2024-04-12 00:00:00-04:00,1.2999999523162842,1.309999942779541,1.2000000476837158,1.2000000476837158,2854200,0.0,0.0
2024-04-15 00:00:00-04:00,1.2000000476837158,1.2100000381469727,1.1200000047683716,1.149999976158142,1853100,0.0,0.0
2024-04-16 00:00:00-04:00,1.1299999952316284,1.1299999952316284,1.059999942779541,1.0700000524520874,2467900,0.0,0.0
2024-04-17 00:00:00-04:00,1.0700000524520874,1.090000033378601,1.0299999713897705,1.0700000524520874,3744800,0.0,0.0
2024-04-18 00:00:00-04:00,1.090000033378601,1.1200000047683716,1.0299999713897705,1.059999942779541,2027300,0.0,0.0
2024-04-19 00:00:00-04:00,1.0399999618530273,1.0700000524520874,1.0099999904632568,1.0099999904632568,1970500,0.0,0.0
2024-04-22 00:00:00-04:00,1.0299999713897705,1.0399999618530273,0.949999988079071,0.949999988079071,2625600,0.0,0.0
2024-04-23 00:00:00-04:00,0.9599999785423279,0.9980000257492065,0.9399999976158142,0.9620000123977661,3257100,0.0,0.0
2024-04-24 00:00:00-04:00,0.9890000224113464,1.0299999713897705,0.9700000286102295,1.0099999904632568,2534200,0.0,0.0
2024-04-25 00:00:00-04:00,0.9959999918937683,1.0299999713897705,0.9629999995231628,1.0199999809265137,760800,0.0,0.0
2024-04-26 00:00:00-04:00,1.0299999713897705,1.1799999475479126,1.0299999713897705,1.1799999475479126,1314000,0.0,0.0
2024-04-29 00:00:00-04:00,1.2200000286102295,1.2699999809265137,1.1399999856948853,1.1699999570846558,1645200,0.0,0.0
2024-04-30 00:00:00-04:00,1.1699999570846558,1.184000015258789,1.1100000143051147,1.149999976158142,827300,0.0,0.0
2024-05-01 00:00:00-04:00,1.159999966621399,1.1799999475479126,1.1200000047683716,1.1399999856948853,823100,0.0,0.0
2024-05-02 00:00:00-04:00,1.149999976158142,1.159999966621399,1.100000023841858,1.1200000047683716,928700,0.0,0.0
2024-05-03 00:00:00-04:00,1.159999966621399,1.2200000286102295,1.1200000047683716,1.2100000381469727,4081200,0.0,0.0
2024-05-06 00:00:00-04:00,1.2300000190734863,1.2999999523162842,1.2200000286102295,1.25,1406600,0.0,0.0
2024-05-07 00:00:00-04:00,1.2300000190734863,1.2300000190734863,1.0700000524520874,1.1200000047683716,3591400,0.0,0.0
2024-05-08 00:00:00-04:00,1.1299999952316284,1.3899999856948853,1.090000033378601,1.2999999523162842,5340100,0.0,0.0
2024-05-09 00:00:00-04:00,1.2599999904632568,1.2999999523162842,1.2400000095367432,1.2699999809265137,1921100,0.0,0.0
2024-05-10 00:00:00-04:00,1.2400000095367432,1.2699999809265137,1.1399999856948853,1.1799999475479126,2101100,0.0,0.0
2024-05-13 00:00:00-04:00,1.2200000286102295,1.2799999713897705,1.149999976158142,1.2000000476837158,1879500,0.0,0.0
2024-05-14 00:00:00-04:00,1.2200000286102295,1.340000033378601,1.2100000381469727,1.2699999809265137,2069000,0.0,0.0
2024-05-15 00:00:00-04:00,1.2699999809265137,1.284999966621399,1.2000000476837158,1.2200000286102295,1141400,0.0,0.0
2024-05-16 00:00:00-04:00,1.2000000476837158,1.2130000591278076,1.159999966621399,1.159999966621399,1399200,0.0,0.0
2024-05-17 00:00:00-04:00,1.1799999475479126,1.2799999713897705,1.1699999570846558,1.2200000286102295,4398700,0.0,0.0
2024-05-20 00:00:00-04:00,1.2400000095367432,1.2549999952316284,1.1699999570846558,1.1699999570846558,1107500,0.0,0.0
2024-05-21 00:00:00-04:00,1.1799999475479126,1.190000057220459,1.1349999904632568,1.149999976158142,910300,0.0,0.0
2024-05-22 00:00:00-04:00,1.1399999856948853,1.159000039100647,1.100000023841858,1.1100000143051147,1144300,0.0,0.0
2024-05-23 00:00:00-04:00,1.1100000143051147,1.1200000047683716,1.0700000524520874,1.0800000429153442,1320300,0.0,0.0
2024-05-24 00:00:00-04:00,1.090000033378601,1.1150000095367432,1.0800000429153442,1.1100000143051147,724600,0.0,0.0
2024-05-28 00:00:00-04:00,1.1200000047683716,1.1920000314712524,1.1200000047683716,1.149999976158142,1406300,0.0,0.0
2024-05-29 00:00:00-04:00,1.149999976158142,1.1549999713897705,1.0800000429153442,1.090000033378601,856100,0.0,0.0
2024-05-30 00:00:00-04:00,1.1200000047683716,1.1399999856948853,1.100000023841858,1.1100000143051147,873800,0.0,0.0
2024-05-31 00:00:00-04:00,1.1100000143051147,1.1200000047683716,1.0499999523162842,1.0499999523162842,1165800,0.0,0.0
2024-06-03 00:00:00-04:00,1.090000033378601,1.100000023841858,1.0199999809265137,1.0299999713897705,1510400,0.0,0.0
2024-06-04 00:00:00-04:00,1.0399999618530273,1.0499999523162842,1.0,1.0099999904632568,793500,0.0,0.0
2024-06-05 00:00:00-04:00,1.0099999904632568,1.0299999713897705,0.9810000061988831,1.0199999809265137,1080400,0.0,0.0
2024-06-06 00:00:00-04:00,1.0199999809265137,1.0199999809265137,0.9900000095367432,1.0,724200,0.0,0.0
2024-06-07 00:00:00-04:00,0.9900000095367432,1.059999942779541,0.9900000095367432,1.059999942779541,1215200,0.0,0.0
2024-06-10 00:00:00-04:00,1.0700000524520874,1.0800000429153442,1.0099999904632568,1.0199999809265137,653200,0.0,0.0
2024-06-11 00:00:00-04:00,1.0299999713897705,1.0299999713897705,0.9980000257492065,1.0099999904632568,465600,0.0,0.0
2024-06-12 00:00:00-04:00,1.0399999618530273,1.059999942779541,0.9959999918937683,1.0099999904632568,955100,0.0,0.0
2024-06-13 00:00:00-04:00,1.0099999904632568,1.0299999713897705,0.9700000286102295,0.9900000095367432,2653900,0.0,0.0
2024-06-14 00:00:00-04:00,1.0099999904632568,1.0099999904632568,0.9610000252723694,0.9789999723434448,1513100,0.0,0.0
2024-06-17 00:00:00-04:00,0.9700000286102295,1.0,0.9509999752044678,0.9559999704360962,1172700,0.0,0.0
2024-06-18 00:00:00-04:00,0.949999988079071,0.9599999785423279,0.902999997138977,0.9110000133514404,1903700,0.0,0.0
2024-06-20 00:00:00-04:00,0.9129999876022339,0.9290000200271606,0.8299999833106995,0.8640000224113464,2738400,0.0,0.0
2024-06-21 00:00:00-04:00,0.8550000190734863,0.9100000262260437,0.8500000238418579,0.8669999837875366,2331400,0.0,0.0
2024-06-24 00:00:00-04:00,0.875,0.8999999761581421,0.8700000047683716,0.8930000066757202,7325700,0.0,0.0
2024-06-25 00:00:00-04:00,0.8809999823570251,0.8949999809265137,0.8519999980926514,0.8600000143051147,1140200,0.0,0.0
2024-06-26 00:00:00-04:00,0.9100000262260437,0.9599999785423279,0.9100000262260437,0.9300000071525574,4274400,0.0,0.0
2024-06-27 00:00:00-04:00,0.9300000071525574,0.9599999785423279,0.9110000133514404,0.9570000171661377,844700,0.0,0.0
2024-06-28 00:00:00-04:00,0.9649999737739563,0.9779999852180481,0.925000011920929,0.9279999732971191,1463000,0.0,0.0
2024-07-01 00:00:00-04:00,0.9350000023841858,0.9599999785423279,0.9129999876022339,0.9169999957084656,713500,0.0,0.0
2024-07-02 00:00:00-04:00,0.9100000262260437,0.9430000185966492,0.8999999761581421,0.8999999761581421,730400,0.0,0.0
2024-07-03 00:00:00-04:00,0.9020000100135803,0.921999990940094,0.8999999761581421,0.9110000133514404,279000,0.0,0.0
2024-07-05 00:00:00-04:00,0.8999999761581421,0.9470000267028809,0.8899999856948853,0.9269999861717224,949000,0.0,0.0
2024-07-08 00:00:00-04:00,0.9399999976158142,0.9860000014305115,0.9200000166893005,0.949999988079071,2627100,0.0,0.0
2024-07-09 00:00:00-04:00,0.949999988079071,0.9539999961853027,0.902999997138977,0.9039999842643738,727100,0.0,0.0
2024-07-10 00:00:00-04:00,0.9200000166893005,0.9599999785423279,0.8809999823570251,0.9549999833106995,1364100,0.0,0.0
2024-07-11 00:00:00-04:00,0.9449999928474426,0.9620000123977661,0.875,0.8899999856948853,2600100,0.0,0.0
2024-07-12 00:00:00-04:00,0.8930000066757202,0.9359999895095825,0.8899999856948853,0.9259999990463257,2536000,0.0,0.0
2024-07-15 00:00:00-04:00,0.921999990940094,0.9449999928474426,0.875,0.8949999809265137,1756600,0.0,0.0
2024-07-16 00:00:00-04:00,0.8960000276565552,1.0,0.8960000276565552,0.9929999709129333,4356900,0.0,0.0
2024-07-17 00:00:00-04:00,0.9900000095367432,0.9900000095367432,0.921999990940094,0.9399999976158142,2417200,0.0,0.0
2024-07-18 00:00:00-04:00,0.949999988079071,0.9900000095367432,0.8830000162124634,0.8999999761581421,6493100,0.0,0.0
2024-07-19 00:00:00-04:00,0.8799999952316284,0.9100000262260437,0.8339999914169312,0.8370000123977661,1373000,0.0,0.0
2024-07-22 00:00:00-04:00,0.8450000286102295,0.8600000143051147,0.7089999914169312,0.8190000057220459,5490200,0.0,0.0
2024-07-23 00:00:00-04:00,0.8299999833106995,0.8389999866485596,0.7910000085830688,0.8199999928474426,1469300,0.0,0.0
2024-07-24 00:00:00-04:00,0.8169999718666077,0.8199999928474426,0.7699999809265137,0.777999997138977,2556100,0.0,0.0
2024-07-25 00:00:00-04:00,0.800000011920929,0.8399999737739563,0.7620000243186951,0.800000011920929,1251000,0.0,0.0
2024-07-26 00:00:00-04:00,0.8299999833106995,0.8569999933242798,0.8009999990463257,0.8529999852180481,739500,0.0,0.0
2024-07-29 00:00:00-04:00,0.8759999871253967,0.8799999952316284,0.800000011920929,0.8080000281333923,1112900,0.0,0.0
2024-07-30 00:00:00-04:00,0.8100000023841858,0.8199999928474426,0.7739999890327454,0.7940000295639038,673200,0.0,0.0
2024-07-31 00:00:00-04:00,0.8109999895095825,0.8489999771118164,0.7900000214576721,0.7990000247955322,773300,0.0,0.0
2024-08-01 00:00:00-04:00,0.800000011920929,0.8199999928474426,0.7350000143051147,0.7480000257492065,1383000,0.0,0.0
2024-08-02 00:00:00-04:00,0.7200000286102295,0.7400000095367432,0.6710000038146973,0.7049999833106995,1734700,0.0,0.0
2024-08-05 00:00:00-04:00,0.6050000190734863,0.7350000143051147,0.6000000238418579,0.722000002861023,1968500,0.0,0.0
2024-08-06 00:00:00-04:00,0.800000011920929,0.800000011920929,0.7200000286102295,0.7350000143051147,1302100,0.0,0.0
2024-08-07 00:00:00-04:00,0.7799999713897705,0.800000011920929,0.6800000071525574,0.6930000185966492,2210800,0.0,0.0
2024-08-08 00:00:00-04:00,0.7120000123977661,0.7480000257492065,0.6759999990463257,0.734000027179718,2031300,0.0,0.0
2024-08-09 00:00:00-04:00,0.7300000190734863,0.7400000095367432,0.7080000042915344,0.7139999866485596,572500,0.0,0.0
2024-08-12 00:00:00-04:00,0.7099999785423279,0.7300000190734863,0.7009999752044678,0.7080000042915344,766000,0.0,0.0
2024-08-13 00:00:00-04:00,0.7009999752044678,0.7540000081062317,0.699999988079071,0.734000027179718,807100,0.0,0.0
2024-08-14 00:00:00-04:00,0.7400000095367432,0.7400000095367432,0.7009999752044678,0.718999981880188,672600,0.0,0.0
2024-08-15 00:00:00-04:00,0.7099999785423279,0.7480000257492065,0.6970000267028809,0.7379999756813049,1128700,0.0,0.0
2024-08-16 00:00:00-04:00,0.7400000095367432,0.75,0.7099999785423279,0.7300000190734863,566500,0.0,0.0
2024-08-19 00:00:00-04:00,0.7310000061988831,0.7820000052452087,0.7300000190734863,0.7699999809265137,1091600,0.0,0.0
2024-08-20 00:00:00-04:00,0.7630000114440918,0.7699999809265137,0.7329999804496765,0.746999979019165,480500,0.0,0.0
2024-08-21 00:00:00-04:00,0.7419999837875366,0.7699999809265137,0.7200000286102295,0.7200000286102295,629000,0.0,0.0
2024-08-22 00:00:00-04:00,0.7300000190734863,0.7390000224113464,0.6949999928474426,0.6990000009536743,441000,0.0,0.0
2024-08-23 00:00:00-04:00,0.7080000042915344,0.7239999771118164,0.6899999976158142,0.699999988079071,672300,0.0,0.0
2024-08-26 00:00:00-04:00,0.7099999785423279,0.7099999785423279,0.6809999942779541,0.6899999976158142,1497000,0.0,0.0
2024-08-27 00:00:00-04:00,0.699999988079071,0.699999988079071,0.652999997138977,0.6549999713897705,653500,0.0,0.0
2024-08-28 00:00:00-04:00,0.6499999761581421,0.6629999876022339,0.6140000224113464,0.6299999952316284,1241400,0.0,0.0
2024-08-29 00:00:00-04:00,0.6399999856948853,0.6740000247955322,0.6380000114440918,0.6629999876022339,2044600,0.0,0.0
2024-08-30 00:00:00-04:00,0.6700000166893005,0.6800000071525574,0.6299999952316284,0.6589999794960022,1125800,0.0,0.0
2024-09-03 00:00:00-04:00,0.6600000262260437,0.6600000262260437,0.6119999885559082,0.6119999885559082,597400,0.0,0.0
2024-09-04 00:00:00-04:00,0.6039999723434448,0.6100000143051147,0.5809999704360962,0.5849999785423279,811200,0.0,0.0
2024-09-05 00:00:00-04:00,0.5849999785423279,0.5899999737739563,0.5550000071525574,0.5630000233650208,980900,0.0,0.0
2024-09-06 00:00:00-04:00,0.5519999861717224,0.5619999766349792,0.5040000081062317,0.5299999713897705,1912900,0.0,0.0
2024-09-09 00:00:00-04:00,0.5619999766349792,0.5849999785423279,0.5400000214576721,0.5550000071525574,2615000,0.0,0.0
2024-09-10 00:00:00-04:00,0.5600000023841858,0.5809999704360962,0.5270000100135803,0.5450000166893005,982500,0.0,0.0
2024-09-11 00:00:00-04:00,0.5389999747276306,0.5659999847412109,0.5210000276565552,0.5659999847412109,1247800,0.0,0.0
2024-09-12 00:00:00-04:00,0.5799999833106995,0.6909999847412109,0.5709999799728394,0.6779999732971191,2277700,0.0,0.0
2024-09-13 00:00:00-04:00,0.75,0.8600000143051147,0.7409999966621399,0.7860000133514404,6076300,0.0,0.0
2024-09-16 00:00:00-04:00,0.8100000023841858,0.8399999737739563,0.722000002861023,0.7549999952316284,3017000,0.0,0.0
2024-09-17 00:00:00-04:00,0.75,0.7710000276565552,0.7049999833106995,0.7390000224113464,1161500,0.0,0.0
2024-09-18 00:00:00-04:00,0.7300000190734863,0.7699999809265137,0.7099999785423279,0.7379999756813049,738300,0.0,0.0
2024-09-19 00:00:00-04:00,0.7509999871253967,0.7739999890327454,0.734000027179718,0.7630000114440918,1042700,0.0,0.0
2024-09-20 00:00:00-04:00,0.7699999809265137,0.7699999809265137,0.7120000123977661,0.7260000109672546,687600,0.0,0.0
2024-09-23 00:00:00-04:00,0.7260000109672546,0.7300000190734863,0.6890000104904175,0.7179999947547913,1068400,0.0,0.0
2024-09-24 00:00:00-04:00,0.7279999852180481,0.7570000290870667,0.699999988079071,0.722000002861023,485100,0.0,0.0
2024-09-25 00:00:00-04:00,0.7400000095367432,0.746999979019165,0.6959999799728394,0.7379999756813049,682500,0.0,0.0
2024-09-26 00:00:00-04:00,0.7409999966621399,0.7799999713897705,0.7379999756813049,0.7799999713897705,615200,0.0,0.0
2024-09-27 00:00:00-04:00,0.800000011920929,0.8399999737739563,0.7799999713897705,0.7900000214576721,975400,0.0,0.0
2024-09-30 00:00:00-04:00,0.7900000214576721,0.8399999737739563,0.7799999713897705,0.828000009059906,876600,0.0,0.0
2024-10-01 00:00:00-04:00,0.8299999833106995,0.8389999866485596,0.7720000147819519,0.8230000138282776,837500,0.0,0.0
2024-10-02 00:00:00-04:00,0.8190000057220459,0.8199999928474426,0.7900000214576721,0.8059999942779541,376500,0.0,0.0
2024-10-03 00:00:00-04:00,0.8199999928474426,0.824999988079071,0.7829999923706055,0.8209999799728394,437700,0.0,0.0
2024-10-04 00:00:00-04:00,0.8299999833106995,0.8500000238418579,0.7929999828338623,0.8190000057220459,676500,0.0,0.0
2024-10-07 00:00:00-04:00,0.8299999833106995,0.8700000047683716,0.7699999809265137,0.8309999704360962,1456300,0.0,0.0
2024-10-08 00:00:00-04:00,0.8100000023841858,0.8289999961853027,0.781000018119812,0.8119999766349792,477000,0.0,0.0
2024-10-09 00:00:00-04:00,0.8059999942779541,0.8240000009536743,0.7829999923706055,0.7990000247955322,1566900,0.0,0.0
2024-10-10 00:00:00-04:00,0.7900000214576721,0.7990000247955322,0.7559999823570251,0.7760000228881836,1504900,0.0,0.0
2024-10-11 00:00:00-04:00,0.7900000214576721,0.800000011920929,0.7699999809265137,0.800000011920929,385800,0.0,0.0
2024-10-14 00:00:00-04:00,0.800000011920929,0.8050000071525574,0.7229999899864197,0.7720000147819519,1220300,0.0,0.0
2024-10-15 00:00:00-04:00,0.7599999904632568,0.7689999938011169,0.722000002861023,0.7459999918937683,515300,0.0,0.0
2024-10-16 00:00:00-04:00,0.7490000128746033,0.8199999928474426,0.7409999966621399,0.7590000033378601,561500,0.0,0.0
2024-10-17 00:00:00-04:00,0.7599999904632568,0.7900000214576721,0.7239999771118164,0.7900000214576721,556500,0.0,0.0
2024-10-18 00:00:00-04:00,0.796999990940094,0.8429999947547913,0.7300000190734863,0.7710000276565552,1361600,0.0,0.0
2024-10-21 00:00:00-04:00,0.7699999809265137,0.7760000228881836,0.7419999837875366,0.7739999890327454,431700,0.0,0.0
2024-10-22 00:00:00-04:00,0.7509999871253967,0.7900000214576721,0.75,0.7799999713897705,478500,0.0,0.0
2024-10-23 00:00:00-04:00,0.7699999809265137,0.7699999809265137,0.7319999933242798,0.7490000128746033,1588800,0.0,0.0
2024-10-24 00:00:00-04:00,0.7419999837875366,0.7599999904632568,0.7120000123977661,0.7480000257492065,637300,0.0,0.0
2024-10-25 00:00:00-04:00,0.7300000190734863,0.7620000243186951,0.6690000295639038,0.6899999976158142,1314000,0.0,0.0
2024-10-28 00:00:00-04:00,0.6990000009536743,0.7110000252723694,0.6729999780654907,0.7080000042915344,816700,0.0,0.0
2024-10-29 00:00:00-04:00,0.6930000185966492,0.7099999785423279,0.6660000085830688,0.6740000247955322,2305700,0.0,0.0
2024-10-30 00:00:00-04:00,0.6800000071525574,0.6899999976158142,0.6169999837875366,0.6309999823570251,2229100,0.0,0.0
2024-10-31 00:00:00-04:00,0.6209999918937683,0.6330000162124634,0.5950000286102295,0.6000000238418579,2237400,0.0,0.0
2024-11-01 00:00:00-04:00,0.6000000238418579,0.699999988079071,0.6000000238418579,0.6700000166893005,2914700,0.0,0.0
2024-11-04 00:00:00-05:00,0.6600000262260437,0.6809999942779541,0.640999972820282,0.6420000195503235,501500,0.0,0.0
2024-11-05 00:00:00-05:00,0.6389999985694885,0.6700000166893005,0.6309999823570251,0.6399999856948853,1519600,0.0,0.0
2024-11-06 00:00:00-05:00,0.6200000047683716,0.6499999761581421,0.6100000143051147,0.6430000066757202,657900,0.0,0.0
2024-11-07 00:00:00-05:00,0.6399999856948853,0.6600000262260437,0.6230000257492065,0.6510000228881836,1171400,0.0,0.0
2024-11-08 00:00:00-05:00,0.6499999761581421,0.656000018119812,0.6309999823570251,0.6420000195503235,690200,0.0,0.0
2024-11-11 00:00:00-05:00,0.550000011920929,0.6060000061988831,0.5,0.6000000238418579,4912700,0.0,0.0
2024-11-12 00:00:00-05:00,0.6140000224113464,0.6299999952316284,0.5630000233650208,0.5759999752044678,2133300,0.0,0.0
2024-11-13 00:00:00-05:00,0.5899999737739563,0.5899999737739563,0.5,0.5149999856948853,4862300,0.0,0.0
2024-11-14 00:00:00-05:00,0.5099999904632568,0.550000011920929,0.5,0.5,2034200,0.0,0.0
2024-11-15 00:00:00-05:00,0.5220000147819519,0.5260000228881836,0.44999998807907104,0.4869999885559082,3789600,0.0,0.0
2024-11-18 00:00:00-05:00,0.5,0.550000011920929,0.5,0.5450000166893005,1547500,0.0,0.0
2024-11-19 00:00:00-05:00,0.5400000214576721,0.550000011920929,0.5170000195503235,0.5400000214576721,1079100,0.0,0.0
2024-11-20 00:00:00-05:00,0.531000018119812,0.5400000214576721,0.5149999856948853,0.5230000019073486,867100,0.0,0.0
2024-11-21 00:00:00-05:00,0.5220000147819519,0.5299999713897705,0.5,0.5299999713897705,1105100,0.0,0.0
2024-11-22 00:00:00-05:00,0.5270000100135803,0.550000011920929,0.5199999809265137,0.5329999923706055,1071600,0.0,0.0
2024-11-25 00:00:00-05:00,0.5400000214576721,0.7360000014305115,0.5329999923706055,0.6850000023841858,7443300,0.0,0.0
2024-11-26 00:00:00-05:00,0.6850000023841858,0.7049999833106995,0.6309999823570251,0.6769999861717224,1414400,0.0,0.0
2024-11-27 00:00:00-05:00,0.6700000166893005,0.75,0.6650000214576721,0.7099999785423279,1858400,0.0,0.0
2024-11-29 00:00:00-05:00,0.7260000109672546,0.7919999957084656,0.7200000286102295,0.7599999904632568,1429500,0.0,0.0
2024-12-02 00:00:00-05:00,0.7699999809265137,0.7900000214576721,0.699999988079071,0.7110000252723694,1207500,0.0,0.0
2024-12-03 00:00:00-05:00,0.699999988079071,0.699999988079071,0.6579999923706055,0.6710000038146973,840900,0.0,0.0
2024-12-04 00:00:00-05:00,0.6600000262260437,0.7089999914169312,0.6309999823570251,0.6600000262260437,1138300,0.0,0.0
2024-12-05 00:00:00-05:00,0.6420000195503235,0.6890000104904175,0.6119999885559082,0.6330000162124634,948500,0.0,0.0
2024-12-06 00:00:00-05:00,0.6499999761581421,0.7059999704360962,0.6320000290870667,0.6840000152587891,1397700,0.0,0.0
2024-12-09 00:00:00-05:00,0.699999988079071,0.7300000190734863,0.6800000071525574,0.6949999928474426,1112600,0.0,0.0
2024-12-10 00:00:00-05:00,0.699999988079071,0.7059999704360962,0.6470000147819519,0.6809999942779541,884200,0.0,0.0
2024-12-11 00:00:00-05:00,0.7950000166893005,0.800000011920929,0.6809999942779541,0.7260000109672546,6222400,0.0,0.0
2024-12-12 00:00:00-05:00,0.7400000095367432,0.9900000095367432,0.7350000143051147,0.8700000047683716,35482000,0.0,0.0
2024-12-13 00:00:00-05:00,0.8709999918937683,0.9300000071525574,0.8360000252723694,0.9300000071525574,8070700,0.0,0.0
2024-12-16 00:00:00-05:00,0.9599999785423279,1.2000000476837158,0.925000011920929,1.1699999570846558,16559200,0.0,0.0
2024-12-17 00:00:00-05:00,1.2000000476837158,1.25,1.0199999809265137,1.2300000190734863,9075300,0.0,0.0
2024-12-18 00:00:00-05:00,1.2799999713897705,1.3700000047683716,1.059999942779541,1.149999976158142,11560900,0.0,0.0
2024-12-19 00:00:00-05:00,1.190000057220459,1.2300000190734863,1.0499999523162842,1.0499999523162842,4301600,0.0,0.0
2024-12-20 00:00:00-05:00,1.159999966621399,1.2699999809265137,1.090000033378601,1.149999976158142,9174300,0.0,0.0
2024-12-23 00:00:00-05:00,1.2999999523162842,1.559999942779541,1.2000000476837158,1.5299999713897705,25717000,0.0,0.0
2024-12-24 00:00:00-05:00,1.6399999856948853,1.8700000047683716,1.559999942779541,1.6699999570846558,18011700,0.0,0.0
2024-12-26 00:00:00-05:00,1.7400000095367432,1.899999976158142,1.559999942779541,1.7899999618530273,13714200,0.0,0.0
2024-12-27 00:00:00-05:00,1.850000023841858,1.8899999856948853,1.600000023841858,1.7999999523162842,14576500,0.0,0.0
2024-12-30 00:00:00-05:00,1.8200000524520874,1.9800000190734863,1.7300000190734863,1.840000033378601,10645600,0.0,0.0
2024-12-31 00:00:00-05:00,1.8600000143051147,1.8700000047683716,1.6549999713897705,1.6799999475479126,6941400,0.0,0.0
2025-01-02 00:00:00-05:00,1.6649999618530273,1.7999999523162842,1.562000036239624,1.7999999523162842,8788000,0.0,0.0
2025-01-03 00:00:00-05:00,1.7799999713897705,1.7899999618530273,1.649999976158142,1.7400000095367432,7700500,0.0,0.0
2025-01-06 00:00:00-05:00,1.7300000190734863,2.049999952316284,1.6799999475479126,1.9900000095367432,12542600,0.0,0.0
2025-01-07 00:00:00-05:00,2.7100000381469727,3.140000104904175,2.119999885559082,2.200000047683716,84713900,0.0,0.0
2025-01-08 00:00:00-05:00,2.049999952316284,2.1500000953674316,1.7999999523162842,1.8799999952316284,19040100,0.0,0.0
2025-01-10 00:00:00-05:00,1.809999942779541,1.840000033378601,1.6399999856948853,1.75,10652700,0.0,0.0
2025-01-13 00:00:00-05:00,1.649999976158142,1.6890000104904175,1.5,1.6100000143051147,8410200,0.0,0.0
2025-01-14 00:00:00-05:00,1.6200000047683716,1.75,1.3600000143051147,1.4299999475479126,11386000,0.0,0.0
2025-01-15 00:00:00-05:00,1.5199999809265137,1.7400000095367432,1.4700000286102295,1.7000000476837158,11058100,0.0,0.0
2025-01-16 00:00:00-05:00,1.7000000476837158,1.7599999904632568,1.6150000095367432,1.7200000286102295,7921200,0.0,0.0
2025-01-17 00:00:00-05:00,1.7699999809265137,1.840000033378601,1.600000023841858,1.6200000047683716,7643500,0.0,0.0
2025-01-21 00:00:00-05:00,1.7100000381469727,1.899999976158142,1.6699999570846558,1.8799999952316284,11572500,0.0,0.0
2025-01-22 00:00:00-05:00,1.809999942779541,1.9450000524520874,1.7200000286102295,1.8899999856948853,9899400,0.0,0.0
2025-01-23 00:00:00-05:00,1.8300000429153442,1.8799999952316284,1.7100000381469727,1.7899999618530273,6687400,0.0,0.0
2025-01-24 00:00:00-05:00,1.7699999809265137,2.0,1.7200000286102295,1.8300000429153442,7756500,0.0,0.0
2025-01-27 00:00:00-05:00,1.7100000381469727,1.7599999904632568,1.600000023841858,1.6299999952316284,6645600,0.0,0.0
2025-01-28 00:00:00-05:00,1.6399999856948853,1.6799999475479126,1.5199999809265137,1.649999976158142,4147800,0.0,0.0
2025-01-29 00:00:00-05:00,1.649999976158142,1.649999976158142,1.5399999618530273,1.5499999523162842,3979900,0.0,0.0
2025-01-30 00:00:00-05:00,1.5449999570846558,1.5850000381469727,1.465000033378601,1.5,4864100,0.0,0.0
2025-01-31 00:00:00-05:00,1.4900000095367432,1.6649999618530273,1.4800000190734863,1.5499999523162842,4955200,0.0,0.0
2025-02-03 00:00:00-05:00,1.4600000381469727,1.5199999809265137,1.4299999475479126,1.4600000381469727,4154500,0.0,0.0
2025-02-04 00:00:00-05:00,1.5099999904632568,1.5700000524520874,1.4800000190734863,1.559999942779541,4581000,0.0,0.0
2025-02-05 00:00:00-05:00,1.559999942779541,1.565000057220459,1.465000033378601,1.4800000190734863,3636900,0.0,0.0
2025-02-06 00:00:00-05:00,1.5199999809265137,1.6799999475479126,1.5099999904632568,1.600000023841858,5736000,0.0,0.0
2025-02-07 00:00:00-05:00,1.6200000047683716,1.684999942779541,1.5499999523162842,1.590000033378601,4344300,0.0,0.0
2025-02-10 00:00:00-05:00,1.350000023841858,1.3799999952316284,1.1100000143051147,1.1799999475479126,33624900,0.0,0.0
2025-02-11 00:00:00-05:00,1.25,1.2699999809265137,0.949999988079071,0.9900000095367432,33947800,0.0,0.0
2025-02-12 00:00:00-05:00,0.9800000190734863,0.9800000190734863,0.8700000047683716,0.871999979019165,26428500,0.0,0.0
2025-02-13 00:00:00-05:00,0.9179999828338623,0.9399999976158142,0.7799999713897705,0.9150000214576721,38614600,0.0,0.0
2025-02-14 00:00:00-05:00,0.9580000042915344,1.0700000524520874,0.9319999814033508,0.9789999723434448,15137100,0.0,0.0
2025-02-18 00:00:00-05:00,1.0099999904632568,1.0499999523162842,0.8809999823570251,0.9210000038146973,17313400,0.0,0.0
2025-02-19 00:00:00-05:00,0.9399999976158142,1.0199999809265137,0.9010000228881836,0.9860000014305115,18925300,0.0,0.0
2025-02-20 00:00:00-05:00,0.9800000190734863,0.9890000224113464,0.8809999823570251,0.925000011920929,14128800,0.0,0.0
2025-02-21 00:00:00-05:00,0.925000011920929,0.949999988079071,0.8399999737739563,0.8550000190734863,18583900,0.0,0.0
2025-02-24 00:00:00-05:00,0.8700000047683716,0.8799999952316284,0.7680000066757202,0.7900000214576721,20889800,0.0,0.0
2025-02-25 00:00:00-05:00,0.7910000085830688,0.8199999928474426,0.7400000095367432,0.8130000233650208,16786200,0.0,0.0
2025-02-26 00:00:00-05:00,0.8899999856948853,1.0099999904632568,0.7620000243186951,0.7799999713897705,25266600,0.0,0.0
2025-02-27 00:00:00-05:00,0.7799999713897705,0.8299999833106995,0.7300000190734863,0.734000027179718,8092400,0.0,0.0
2025-02-28 00:00:00-05:00,0.7200000286102295,0.800000011920929,0.6710000038146973,0.7390000224113464,5509200,0.0,0.0
2025-03-03 00:00:00-05:00,0.75,0.7599999904632568,0.6899999976158142,0.6940000057220459,4998900,0.0,0.0
2025-03-04 00:00:00-05:00,0.6700000166893005,0.75,0.6600000262260437,0.7250000238418579,3872400,0.0,0.0
2025-03-05 00:00:00-05:00,0.7480000257492065,0.7580000162124634,0.7229999899864197,0.7450000047683716,1859500,0.0,0.0
2025-03-06 00:00:00-05:00,0.7200000286102295,0.75,0.7009999752044678,0.7089999914169312,2136600,0.0,0.0
2025-03-07 00:00:00-05:00,0.6949999928474426,0.75,0.6850000023841858,0.7350000143051147,2366400,0.0,0.0
2025-03-10 00:00:00-04:00,0.7099999785423279,0.7200000286102295,0.6520000100135803,0.6679999828338623,3708800,0.0,0.0
2025-03-11 00:00:00-04:00,0.6700000166893005,0.6899999976158142,0.6200000047683716,0.6859999895095825,4039200,0.0,0.0
2025-03-12 00:00:00-04:00,0.6899999976158142,0.7139999866485596,0.6399999856948853,0.6480000019073486,3392700,0.0,0.0
2025-03-13 00:00:00-04:00,0.6499999761581421,0.6549999713897705,0.5799999833106995,0.6290000081062317,6646900,0.0,0.0
2025-03-14 00:00:00-04:00,0.6399999856948853,0.6869999766349792,0.6320000290870667,0.6499999761581421,4409100,0.0,0.0
2025-03-17 00:00:00-04:00,0.652999997138977,0.7070000171661377,0.652999997138977,0.6740000247955322,4448800,0.0,0.0
2025-03-18 00:00:00-04:00,0.699999988079071,0.7070000171661377,0.6600000262260437,0.6930000185966492,3397000,0.0,0.0
2025-03-19 00:00:00-04:00,0.7099999785423279,0.718999981880188,0.6710000038146973,0.699999988079071,4221100,0.0,0.0
2025-03-20 00:00:00-04:00,0.6909999847412109,0.7099999785423279,0.6840000152587891,0.6959999799728394,1989200,0.0,0.0
2025-03-21 00:00:00-04:00,0.6980000138282776,0.7559999823570251,0.6899999976158142,0.7139999866485596,4090800,0.0,0.0
2025-03-24 00:00:00-04:00,0.7409999966621399,0.7590000033378601,0.7210000157356262,0.7229999899864197,4023000,0.0,0.0
2025-03-25 00:00:00-04:00,0.7300000190734863,0.75,0.699999988079071,0.7250000238418579,2215800,0.0,0.0
2025-03-26 00:00:00-04:00,0.7300000190734863,0.7310000061988831,0.6940000057220459,0.699999988079071,2122600,0.0,0.0
2025-03-27 00:00:00-04:00,0.6899999976158142,0.699999988079071,0.6570000052452087,0.6700000166893005,3246100,0.0,0.0
2025-03-28 00:00:00-04:00,0.6510000228881836,0.6759999990463257,0.6299999952316284,0.6589999794960022,2990400,0.0,0.0
2025-03-31 00:00:00-04:00,0.6100000143051147,0.6600000262260437,0.5899999737739563,0.6520000100135803,2594200,0.0,0.0
2025-04-01 00:00:00-04:00,0.6349999904632568,0.6499999761581421,0.6010000109672546,0.6200000047683716,2351900,0.0,0.0
2025-04-02 00:00:00-04:00,0.6110000014305115,0.6370000243186951,0.6000000238418579,0.6200000047683716,2011000,0.0,0.0
2025-04-03 00:00:00-04:00,0.5770000219345093,0.5849999785423279,0.550000011920929,0.5699999928474426,3199900,0.0,0.0
2025-04-04 00:00:00-04:00,0.550000011920929,0.5600000023841858,0.5,0.5450000166893005,3872500,0.0,0.0
2025-04-07 00:00:00-04:00,0.5009999871253967,0.5699999928474426,0.47999998927116394,0.5339999794960022,3435600,0.0,0.0
2025-04-08 00:00:00-04:00,0.5699999928474426,0.5699999928474426,0.5,0.5109999775886536,3523500,0.0,0.0
2025-04-09 00:00:00-04:00,0.5199999809265137,0.5680000185966492,0.49000000953674316,0.5630000233650208,3884000,0.0,0.0
2025-04-10 00:00:00-04:00,0.5580000281333923,0.5600000023841858,0.5099999904632568,0.5400000214576721,1873700,0.0,0.0
2025-04-11 00:00:00-04:00,0.5550000071525574,0.5789999961853027,0.5440000295639038,0.5770000219345093,1590400,0.0,0.0
2025-04-14 00:00:00-04:00,0.593999981880188,0.6399999856948853,0.5870000123977661,0.6200000047683716,1989500,0.0,0.0
2025-04-15 00:00:00-04:00,0.6200000047683716,0.6480000019073486,0.6100000143051147,0.6460000276565552,1096400,0.0,0.0
2025-04-16 00:00:00-04:00,0.640999972820282,0.640999972820282,0.6019999980926514,0.6290000081062317,1267600,0.0,0.0
2025-04-17 00:00:00-04:00,0.6200000047683716,0.6399999856948853,0.6069999933242798,0.6309999823570251,1084700,0.0,0.0
2025-04-21 00:00:00-04:00,0.6179999709129333,0.6309999823570251,0.6000000238418579,0.6200000047683716,937200,0.0,0.0
2025-04-22 00:00:00-04:00,0.6320000290870667,0.6890000104904175,0.6320000290870667,0.6890000104904175,2254700,0.0,0.0
2025-04-23 00:00:00-04:00,0.7049999833106995,0.7360000014305115,0.699999988079071,0.7239999771118164,2987600,0.0,0.0
2025-04-24 00:00:00-04:00,0.7400000095367432,0.8090000152587891,0.7360000014305115,0.7900000214576721,3887700,0.0,0.0
2025-04-25 00:00:00-04:00,0.800000011920929,0.8090000152587891,0.7749999761581421,0.7960000038146973,1697700,0.0,0.0
2025-04-28 00:00:00-04:00,0.8100000023841858,0.8299999833106995,0.753000020980835,0.7620000243186951,1923400,0.0,0.0
2025-04-29 00:00:00-04:00,0.765999972820282,0.7870000004768372,0.7300000190734863,0.7390000224113464,1310800,0.0,0.0
2025-04-30 00:00:00-04:00,0.718999981880188,0.718999981880188,0.671999990940094,0.6940000057220459,1110900,0.0,0.0
2025-05-01 00:00:00-04:00,0.7099999785423279,0.7250000238418579,0.6949999928474426,0.7049999833106995,996000,0.0,0.0
2025-05-02 00:00:00-04:00,0.7200000286102295,0.7789999842643738,0.7149999737739563,0.75,2286100,0.0,0.0
2025-05-05 00:00:00-04:00,0.7549999952316284,0.7590000033378601,0.7049999833106995,0.7049999833106995,865000,0.0,0.0
2025-05-06 00:00:00-04:00,0.7200000286102295,0.7200000286102295,0.699999988079071,0.699999988079071,853200,0.0,0.0
2025-05-07 00:00:00-04:00,0.699999988079071,0.7400000095367432,0.6949999928474426,0.7210000157356262,938100,0.0,0.0
2025-05-08 00:00:00-04:00,0.7300000190734863,0.7699999809265137,0.7200000286102295,0.7300000190734863,1385800,0.0,0.0
2025-05-09 00:00:00-04:00,0.7400000095367432,0.8100000023841858,0.7379999756813049,0.7799999713897705,2695500,0.0,0.0
2025-05-12 00:00:00-04:00,0.8389999866485596,0.9200000166893005,0.8299999833106995,0.9160000085830688,8601500,0.0,0.0
2025-05-13 00:00:00-04:00,0.9399999976158142,1.0299999713897705,0.9100000262260437,1.0099999904632568,8671800,0.0,0.0
2025-05-14 00:00:00-04:00,1.0499999523162842,1.1699999570846558,0.8700000047683716,0.949999988079071,15071500,0.0,0.0
2025-05-15 00:00:00-04:00,0.949999988079071,0.9850000143051147,0.8880000114440918,0.9850000143051147,3824800,0.0,0.0
2025-05-16 00:00:00-04:00,1.0,1.003000020980835,0.9440000057220459,0.9860000014305115,3060500,0.0,0.0
2025-05-19 00:00:00-04:00,0.949999988079071,1.0099999904632568,0.9100000262260437,1.0,4654400,0.0,0.0
2025-05-20 00:00:00-04:00,0.9959999918937683,1.0099999904632568,0.9399999976158142,0.9729999899864197,2939600,0.0,0.0
2025-05-21 00:00:00-04:00,0.9729999899864197,0.9869999885559082,0.8939999938011169,0.8999999761581421,3474100,0.0,0.0
2025-05-22 00:00:00-04:00,0.906000018119812,0.9200000166893005,0.8700000047683716,0.8980000019073486,2834300,0.0,0.0
2025-05-23 00:00:00-04:00,0.8500000238418579,0.8899999856948853,0.8299999833106995,0.8659999966621399,2409300,0.0,0.0
2025-05-27 00:00:00-04:00,0.8999999761581421,0.9649999737739563,0.8939999938011169,0.9470000267028809,4918100,0.0,0.0
2025-05-28 00:00:00-04:00,0.9700000286102295,0.9700000286102295,0.9300000071525574,0.9470000267028809,2937900,0.0,0.0
2025-05-29 00:00:00-04:00,1.0399999618530273,1.0399999618530273,0.9200000166893005,0.9369999766349792,4978800,0.0,0.0
2025-05-30 00:00:00-04:00,0.9200000166893005,0.9290000200271606,0.8809999823570251,0.9100000262260437,2534700,0.0,0.0
2025-06-02 00:00:00-04:00,0.9210000038146973,0.9300000071525574,0.8550000190734863,0.8799999952316284,2311300,0.0,0.0
2025-06-03 00:00:00-04:00,0.8799999952316284,0.9089999794960022,0.8600000143051147,0.9039999842643738,1500800,0.0,0.0
2025-06-04 00:00:00-04:00,0.9139999747276306,0.9200000166893005,0.8889999985694885,0.9010000228881836,1799400,0.0,0.0
2025-06-05 00:00:00-04:00,0.9089999794960022,0.9200000166893005,0.8709999918937683,0.9190000295639038,2344600,0.0,0.0
2025-06-06 00:00:00-04:00,0.9200000166893005,0.9490000009536743,0.8730000257492065,0.875,3253900,0.0,0.0
2025-06-09 00:00:00-04:00,0.9100000262260437,0.9829999804496765,0.8849999904632568,0.9290000200271606,7921300,0.0,0.0
2025-06-10 00:00:00-04:00,0.949999988079071,1.0149999856948853,0.8999999761581421,0.921999990940094,4651600,0.0,0.0
2025-06-11 00:00:00-04:00,0.9599999785423279,0.9800000190734863,0.9049999713897705,0.9409999847412109,4321100,0.0,0.0
2025-06-12 00:00:00-04:00,0.9200000166893005,0.9700000286102295,0.9100000262260437,0.9610000252723694,2944100,0.0,0.0
2025-06-13 00:00:00-04:00,0.9200000166893005,0.949999988079071,0.8999999761581421,0.9150000214576721,4119900,0.0,0.0
2025-06-16 00:00:00-04:00,0.9200000166893005,0.9800000190734863,0.9200000166893005,0.9330000281333923,3548400,0.0,0.0
2025-06-17 00:00:00-04:00,1.059999942779541,1.2400000095367432,0.9729999899864197,1.100000023841858,25074400,0.0,0.0
2025-06-18 00:00:00-04:00,1.215000033378601,1.399999976158142,1.149999976158142,1.3200000524520874,26093200,0.0,0.0
2025-06-20 00:00:00-04:00,1.465000033378601,1.5800000429153442,1.309999942779541,1.3300000429153442,27900600,0.0,0.0
2025-06-23 00:00:00-04:00,1.2400000095367432,1.4199999570846558,1.2000000476837158,1.340000033378601,11676300,0.0,0.0
2025-06-24 00:00:00-04:00,1.399999976158142,1.4149999618530273,1.309999942779541,1.3600000143051147,6007400,0.0,0.0
2025-06-25 00:00:00-04:00,1.3700000047683716,1.3700000047683716,1.25,1.2699999809265137,6420100,0.0,0.0
2025-06-26 00:00:00-04:00,1.2699999809265137,1.5499999523162842,1.25,1.5199999809265137,11521900,0.0,0.0
2025-06-27 00:00:00-04:00,1.5399999618530273,1.5499999523162842,1.409999966621399,1.4600000381469727,6452400,0.0,0.0
2025-06-30 00:00:00-04:00,1.5099999904632568,1.649999976158142,1.4600000381469727,1.6399999856948853,11911800,0.0,0.0
2025-07-01 00:00:00-04:00,1.6399999856948853,1.649999976158142,1.4800000190734863,1.4800000190734863,10261000,0.0,0.0
2025-07-02 00:00:00-04:00,1.5,1.565000057220459,1.440000057220459,1.5,6349400,0.0,0.0
2025-07-03 00:00:00-04:00,1.5,1.5,1.3899999856948853,1.440000057220459,5703500,0.0,0.0
2025-07-07 00:00:00-04:00,1.4199999570846558,1.4290000200271606,1.2799999713897705,1.3700000047683716,7292700,0.0,0.0
2025-07-08 00:00:00-04:00,1.4600000381469727,1.5149999856948853,1.399999976158142,1.4299999475479126,7468100,0.0,0.0
2025-07-09 00:00:00-04:00,1.4299999475479126,1.6699999570846558,1.399999976158142,1.600000023841858,21930900,0.0,0.0
2025-07-10 00:00:00-04:00,1.75,1.7699999809265137,1.6200000047683716,1.684999942779541,17692800,0.0,0.0
2025-07-11 00:00:00-04:00,1.6799999475479126,1.75,1.6200000047683716,1.690000057220459,8061400,0.0,0.0
2025-07-14 00:00:00-04:00,1.6950000524520874,1.7000000476837158,1.590000033378601,1.6200000047683716,7089600,0.0,0.0
2025-07-15 00:00:00-04:00,1.7100000381469727,1.7450000047683716,1.600000023841858,1.6100000143051147,8826500,0.0,0.0
2025-07-16 00:00:00-04:00,1.6200000047683716,1.6299999952316284,1.559999942779541,1.6299999952316284,6830200,0.0,0.0
2025-07-17 00:00:00-04:00,1.6399999856948853,1.7000000476837158,1.6100000143051147,1.7000000476837158,8176400,0.0,0.0
2025-07-18 00:00:00-04:00,1.75,1.9199999570846558,1.7100000381469727,1.8899999856948853,12451100,0.0,0.0
2025-07-21 00:00:00-04:00,1.934999942779541,1.940000057220459,1.7400000095367432,1.75,12099800,0.0,0.0
2025-07-22 00:00:00-04:00,1.8049999475479126,1.899999976158142,1.659999966621399,1.8300000429153442,11156300,0.0,0.0
2025-07-23 00:00:00-04:00,1.850000023841858,1.9800000190734863,1.8300000429153442,1.909999966621399,8284000,0.0,0.0
2025-07-24 00:00:00-04:00,1.899999976158142,2.0899999141693115,1.8700000047683716,1.9500000476837158,13800700,0.0,0.0
2025-07-25 00:00:00-04:00,2.0,2.0,1.8600000143051147,1.9199999570846558,7229800,0.0,0.0
2025-07-28 00:00:00-04:00,1.9199999570846558,1.9600000381469727,1.7799999713897705,1.809999942779541,7745700,0.0,0.0
2025-07-29 00:00:00-04:00,1.8250000476837158,1.8300000429153442,1.6200000047683716,1.6399999856948853,10586700,0.0,0.0
2025-07-30 00:00:00-04:00,1.6549999713897705,1.7699999809265137,1.649999976158142,1.690000057220459,6947200,0.0,0.0
2025-07-31 00:00:00-04:00,1.6699999570846558,1.6799999475479126,1.524999976158142,1.5399999618530273,9613500,0.0,0.0
2025-08-01 00:00:00-04:00,1.465000033378601,1.5099999904632568,1.399999976158142,1.4800000190734863,8486200,0.0,0.0
2025-08-04 00:00:00-04:00,1.5299999713897705,1.5700000524520874,1.4800000190734863,1.5099999904632568,4997200,0.0,0.0
2025-08-05 00:00:00-04:00,1.559999942779541,1.6349999904632568,1.5199999809265137,1.6100000143051147,5378000,0.0,0.0
2025-08-06 00:00:00-04:00,1.559999942779541,1.5700000524520874,1.4900000095367432,1.5099999904632568,4357800,0.0,0.0
2025-08-07 00:00:00-04:00,1.5399999618530273,1.6399999856948853,1.524999976158142,1.6299999952316284,5099300,0.0,0.0
2025-08-08 00:00:00-04:00,1.6799999475479126,1.75,1.6399999856948853,1.6699999570846558,5476100,0.0,0.0
2025-08-11 00:00:00-04:00,1.7200000286102295,1.8200000524520874,1.6699999570846558,1.7000000476837158,6742400,0.0,0.0
2025-08-12 00:00:00-04:00,1.7200000286102295,1.850000023841858,1.6799999475479126,1.8200000524520874,7218900,0.0,0.0
2025-08-13 00:00:00-04:00,1.5499999523162842,1.6349999904632568,1.4800000190734863,1.5800000429153442,19259800,0.0,0.0
2025-08-14 00:00:00-04:00,1.524999976158142,1.559999942779541,1.4900000095367432,1.5,7915700,0.0,0.0
2025-08-15 00:00:00-04:00,1.559999942779541,1.809999942779541,1.4700000286102295,1.774999976158142,15685900,0.0,0.0
2025-08-18 00:00:00-04:00,1.7450000047683716,1.8300000429153442,1.659999966621399,1.7899999618530273,9908700,0.0,0.0
2025-08-19 00:00:00-04:00,1.7699999809265137,1.7869999408721924,1.6200000047683716,1.6299999952316284,7968200,0.0,0.0
2025-08-20 00:00:00-04:00,1.6100000143051147,1.649999976158142,1.5399999618530273,1.6399999856948853,4911700,0.0,0.0
2025-08-21 00:00:00-04:00,1.6299999952316284,1.7100000381469727,1.600000023841858,1.649999976158142,3272600,0.0,0.0
2025-08-22 00:00:00-04:00,1.6399999856948853,1.690000057220459,1.5800000429153442,1.649999976158142,4757300,0.0,0.0
2025-08-25 00:00:00-04:00,1.649999976158142,1.6699999570846558,1.600000023841858,1.6200000047683716,4050600,0.0,0.0
2025-08-26 00:00:00-04:00,1.6200000047683716,1.7400000095367432,1.5950000286102295,1.7000000476837158,6887400,0.0,0.0
2025-08-27 00:00:00-04:00,1.7020000219345093,1.7100000381469727,1.6549999713897705,1.690000057220459,3965300,0.0,0.0
2025-08-28 00:00:00-04:00,1.690000057220459,1.75,1.6399999856948853,1.7100000381469727,6191500,0.0,0.0
2025-08-29 00:00:00-04:00,1.7000000476837158,1.7599999904632568,1.6200000047683716,1.6699999570846558,6287100,0.0,0.0
2025-09-02 00:00:00-04:00,1.6150000095367432,1.6150000095367432,1.5,1.5700000524520874,6551100,0.0,0.0
2025-09-03 00:00:00-04:00,1.600000023841858,1.6100000143051147,1.5049999952316284,1.5199999809265137,3142200,0.0,0.0
2025-09-04 00:00:00-04:00,1.5099999904632568,1.590000033378601,1.4800000190734863,1.5700000524520874,3673300,0.0,0.0
2025-09-05 00:00:00-04:00,1.5800000429153442,1.600000023841858,1.5199999809265137,1.5800000429153442,3217700,0.0,0.0
2025-09-08 00:00:00-04:00,1.7000000476837158,1.9199999570846558,1.690000057220459,1.8600000143051147,21925500,0.0,0.0
2025-09-09 00:00:00-04:00,1.8580000400543213,1.9500000476837158,1.8250000476837158,1.8700000047683716,7953800,0.0,0.0
2025-09-10 00:00:00-04:00,1.850000023841858,1.8899999856948853,1.7100000381469727,1.7300000190734863,6520300,0.0,0.0
2025-09-11 00:00:00-04:00,1.75,1.8899999856948853,1.7450000047683716,1.850000023841858,7052700,0.0,0.0
2025-09-12 00:00:00-04:00,1.8899999856948853,1.909999966621399,1.7999999523162842,1.850000023841858,4911600,0.0,0.0
2025-09-15 00:00:00-04:00,1.909999966621399,1.9500000476837158,1.7999999523162842,1.840000033378601,8232400,0.0,0.0
2025-09-16 00:00:00-04:00,1.840000033378601,1.850000023841858,1.6699999570846558,1.7799999713897705,6671100,0.0,0.0
2025-09-17 00:00:00-04:00,1.75,1.7949999570846558,1.7100000381469727,1.7300000190734863,4721000,0.0,0.0
2025-09-18 00:00:00-04:00,1.75,1.9800000190734863,1.725000023841858,1.9700000286102295,10299900,0.0,0.0
2025-09-19 00:00:00-04:00,1.9800000190734863,2.0899999141693115,1.9500000476837158,1.9900000095367432,12660900,0.0,0.0
2025-09-22 00:00:00-04:00,1.9600000381469727,2.0199999809265137,1.8600000143051147,2.0,7112500,0.0,0.0
2025-09-23 00:00:00-04:00,1.9800000190734863,2.069999933242798,1.909999966621399,1.940000057220459,9363800,0.0,0.0
2025-09-24 00:00:00-04:00,1.9299999475479126,1.9600000381469727,1.75,1.75,7549700,0.0,0.0
2025-09-25 00:00:00-04:00,1.7200000286102295,1.75,1.659999966621399,1.7200000286102295,6603300,0.0,0.0
2025-09-26 00:00:00-04:00,1.7400000095367432,1.7599999904632568,1.6799999475479126,1.7000000476837158,3899900,0.0,0.0
2025-09-29 00:00:00-04:00,1.8600000143051147,2.0299999713897705,1.8200000524520874,1.940000057220459,18768100,0.0,0.0
2025-09-30 00:00:00-04:00,1.9800000190734863,2.2100000381469727,1.965000033378601,2.0399999618530273,19158800,0.0,0.0
2025-10-01 00:00:00-04:00,2.069999933242798,2.109999895095825,1.9600000381469727,1.9800000190734863,9316000,0.0,0.0
2025-10-02 00:00:00-04:00,2.0,2.140000104904175,1.9600000381469727,2.119999885559082,11187500,0.0,0.0
2025-10-03 00:00:00-04:00,2.190000057220459,2.369999885559082,2.130000114440918,2.309999942779541,21267200,0.0,0.0
2025-10-06 00:00:00-04:00,2.4000000953674316,2.4800000190734863,2.319999933242798,2.359999895095825,10231500,0.0,0.0
2025-10-07 00:00:00-04:00,2.3399999141693115,2.430000066757202,2.200000047683716,2.3399999141693115,9309300,0.0,0.0
2025-10-08 00:00:00-04:00,2.3299999237060547,2.384999990463257,2.2300000190734863,2.240000009536743,6987400,0.0,0.0
2025-10-09 00:00:00-04:00,2.259999990463257,2.3399999141693115,2.140000104904175,2.1600000858306885,8918800,0.0,0.0
2025-10-10 00:00:00-04:00,2.200000047683716,2.430000066757202,2.0899999141693115,2.0899999141693115,15259100,0.0,0.0
2025-10-13 00:00:00-04:00,2.194999933242798,2.2100000381469727,2.059999942779541,2.180000066757202,8420800,0.0,0.0
2025-10-14 00:00:00-04:00,2.140000104904175,2.444999933242798,1.9910000562667847,2.380000114440918,15102800,0.0,0.0
2025-10-15 00:00:00-04:00,2.4700000286102295,2.5399999618530273,2.2799999713897705,2.319999933242798,11316000,0.0,0.0
2025-10-16 00:00:00-04:00,2.359999895095825,2.384999990463257,2.119999885559082,2.140000104904175,8300900,0.0,0.0
2025-10-17 00:00:00-04:00,2.119999885559082,2.1500000953674316,2.059999942779541,2.140000104904175,6193000,0.0,0.0
2025-10-20 00:00:00-04:00,2.200000047683716,2.234999895095825,2.109999895095825,2.2100000381469727,5253400,0.0,0.0
2025-10-21 00:00:00-04:00,2.190000057220459,2.200000047683716,2.069999933242798,2.0999999046325684,4596200,0.0,0.0
2025-10-22 00:00:00-04:00,2.059999942779541,2.0899999141693115,1.9199999570846558,2.0,9306100,0.0,0.0
2025-10-23 00:00:00-04:00,2.0,2.0399999618530273,1.965000033378601,1.9700000286102295,3702400,0.0,0.0
2025-10-24 00:00:00-04:00,2.0299999713897705,2.109999895095825,2.009999990463257,2.0199999809265137,4581400,0.0,0.0
2025-10-27 00:00:00-04:00,2.0910000801086426,2.0999999046325684,2.0,2.0299999713897705,4622300,0.0,0.0
2025-10-28 00:00:00-04:00,2.0199999809265137,2.0320000648498535,1.9249999523162842,1.9900000095367432,4456300,0.0,0.0
2025-10-29 00:00:00-04:00,1.9800000190734863,2.0,1.9199999570846558,1.9500000476837158,4190000,0.0,0.0
2025-10-30 00:00:00-04:00,1.909999966621399,1.9500000476837158,1.8700000047683716,1.8899999856948853,3763500,0.0,0.0
2025-10-31 00:00:00-04:00,1.909999966621399,1.9500000476837158,1.840000033378601,1.8600000143051147,4944800,0.0,0.0
2025-11-03 00:00:00-05:00,1.875,1.8899999856948853,1.75,1.7599999904632568,6674400,0.0,0.0
2025-11-04 00:00:00-05:00,1.6649999618530273,1.7400000095367432,1.6100000143051147,1.6200000047683716,6506500,0.0,0.0
2025-11-05 00:00:00-05:00,1.659999966621399,1.6950000524520874,1.6299999952316284,1.690000057220459,3479500,0.0,0.0
2025-11-06 00:00:00-05:00,1.6799999475479126,1.7400000095367432,1.6299999952316284,1.659999966621399,5277200,0.0,0.0
2025-11-07 00:00:00-05:00,1.590000033378601,1.6799999475479126,1.5499999523162842,1.6699999570846558,4597000,0.0,0.0
2025-11-10 00:00:00-05:00,1.7400000095367432,1.7400000095367432,1.649999976158142,1.6699999570846558,5400700,0.0,0.0
2025-11-11 00:00:00-05:00,1.6699999570846558,1.6699999570846558,1.5299999713897705,1.6100000143051147,6282900,0.0,0.0
2025-11-12 00:00:00-05:00,1.7200000286102295,1.7599999904632568,1.440000057220459,1.5299999713897705,11552400,0.0,0.0
2025-11-13 00:00:00-05:00,1.4800000190734863,1.5099999904632568,1.3700000047683716,1.3799999952316284,5537100,0.0,0.0
2025-11-14 00:00:00-05:00,1.2949999570846558,1.4500000476837158,1.2949999570846558,1.340000033378601,5090300,0.0,0.0
2025-11-17 00:00:00-05:00,1.3300000429153442,1.3799999952316284,1.2999999523162842,1.3300000429153442,4761700,0.0,0.0
2025-11-18 00:00:00-05:00,1.2899999618530273,1.350000023841858,1.2400000095367432,1.309999942779541,5626700,0.0,0.0
2025-11-19 00:00:00-05:00,1.3300000429153442,1.375,1.2599999904632568,1.2699999809265137,4110800,0.0,0.0
2025-11-20 00:00:00-05:00,1.3300000429153442,1.3700000047683716,1.1749999523162842,1.1799999475479126,5661000,0.0,0.0
2025-11-21 00:00:00-05:00,1.2000000476837158,1.25,1.1399999856948853,1.2200000286102295,7943800,0.0,0.0
2025-11-24 00:00:00-05:00,1.2300000190734863,1.2699999809265137,1.1799999475479126,1.2200000286102295,3923700,0.0,0.0
2025-11-25 00:00:00-05:00,1.2300000190734863,1.2350000143051147,1.1799999475479126,1.2100000381469727,3520500,0.0,0.0
2025-11-26 00:00:00-05:00,1.2300000190734863,1.2400000095367432,1.190000057220459,1.2200000286102295,2587100,0.0,0.0
2025-11-28 00:00:00-05:00,1.2300000190734863,1.2999999523162842,1.2200000286102295,1.2799999713897705,3113400,0.0,0.0
2025-12-01 00:00:00-05:00,1.2400000095367432,1.25,1.190000057220459,1.2100000381469727,2986800,0.0,0.0
2025-12-02 00:00:00-05:00,1.340000033378601,1.399999976158142,1.2350000143051147,1.2400000095367432,10141800,0.0,0.0
2025-12-03 00:00:00-05:00,1.25,1.3300000429153442,1.225000023841858,1.3300000429153442,4148700,0.0,0.0
2025-12-04 00:00:00-05:00,1.2999999523162842,1.3799999952316284,1.2999999523162842,1.3200000524520874,4712600,0.0,0.0
2025-12-05 00:00:00-05:00,1.340000033378601,1.3700000047683716,1.2799999713897705,1.309999942779541,2772200,0.0,0.0
2025-12-08 00:00:00-05:00,1.309999942779541,1.3200000524520874,1.2400000095367432,1.2999999523162842,3057000,0.0,0.0
2025-12-09 00:00:00-05:00,1.2899999618530273,1.3200000524520874,1.2699999809265137,1.2999999523162842,2177300,0.0,0.0
2025-12-10 00:00:00-05:00,1.2799999713897705,1.315000057220459,1.2599999904632568,1.2799999713897705,2676400,0.0,0.0
2025-12-11 00:00:00-05:00,1.2799999713897705,1.3799999952316284,1.2400000095367432,1.3300000429153442,5633100,0.0,0.0
2025-12-12 00:00:00-05:00,1.3200000524520874,1.340000033378601,1.2400000095367432,1.2400000095367432,2808600,0.0,0.0
2025-12-15 00:00:00-05:00,1.25,1.2699999809265137,1.1799999475479126,1.2100000381469727,5339400,0.0,0.0
2025-12-16 00:00:00-05:00,1.1699999570846558,1.2300000190734863,1.1699999570846558,1.2000000476837158,2998400,0.0,0.0
2025-12-17 00:00:00-05:00,1.2000000476837158,1.2400000095367432,1.1299999952316284,1.1399999856948853,4642900,0.0,0.0
2025-12-18 00:00:00-05:00,1.159999966621399,1.2100000381469727,1.1399999856948853,1.1399999856948853,4136300,0.0,0.0
2025-12-19 00:00:00-05:00,1.1399999856948853,1.2000000476837158,1.1399999856948853,1.1799999475479126,6405600,0.0,0.0
2025-12-22 00:00:00-05:00,1.190000057220459,1.190000057220459,1.059999942779541,1.0700000524520874,7722000,0.0,0.0
2025-12-23 00:00:00-05:00,1.0299999713897705,1.0499999523162842,0.9100000262260437,0.9860000014305115,10249800,0.0,0.0
2025-12-24 00:00:00-05:00,0.9950000047683716,0.9950000047683716,0.949999988079071,0.9700000286102295,2547000,0.0,0.0
2025-12-26 00:00:00-05:00,0.949999988079071,0.9599999785423279,0.9160000085830688,0.9539999961853027,4321400,0.0,0.0
2025-12-29 00:00:00-05:00,0.9229999780654907,0.9700000286102295,0.875,0.9079999923706055,10703100,0.0,0.0
2025-12-30 00:00:00-05:00,0.9200000166893005,0.949999988079071,0.8619999885559082,0.8700000047683716,7330100,0.0,0.0
2025-12-31 00:00:00-05:00,0.8899999856948853,0.8970000147819519,0.8410000205039978,0.8529999852180481,5356100,0.0,0.0
2026-01-02 00:00:00-05:00,0.8999999761581421,0.9950000047683716,0.8820000290870667,0.9639999866485596,4516500,0.0,0.0
2026-01-05 00:00:00-05:00,1.0800000429153442,1.25,1.0549999475479126,1.2300000190734863,12848000,0.0,0.0
2026-01-06 00:00:00-05:00,1.340000033378601,1.3799999952316284,1.1649999618530273,1.1799999475479126,17873900,0.0,0.0
2026-01-07 00:00:00-05:00,1.2200000286102295,1.2300000190734863,1.100000023841858,1.1200000047683716,6297600,0.0,0.0
2026-01-08 00:00:00-05:00,1.1100000143051147,1.159999966621399,1.090000033378601,1.1399999856948853,3674100,0.0,0.0
2026-01-09 00:00:00-05:00,1.2000000476837158,1.2300000190734863,1.159999966621399,1.2100000381469727,3747500,0.0,0.0
2026-01-12 00:00:00-05:00,1.2200000286102295,1.2289999723434448,1.1200000047683716,1.1299999952316284,3935900,0.0,0.0
2026-01-13 00:00:00-05:00,1.1299999952316284,1.1399999856948853,1.0499999523162842,1.0800000429153442,4846700,0.0,0.0
2026-01-14 00:00:00-05:00,1.0800000429153442,1.100000023841858,1.0499999523162842,1.100000023841858,3489900,0.0,0.0
2026-01-15 00:00:00-05:00,1.1150000095367432,1.149999976158142,1.0809999704360962,1.1200000047683716,2634200,0.0,0.0
2026-01-16 00:00:00-05:00,1.1299999952316284,1.1299999952316284,1.0700000524520874,1.090000033378601,2010800,0.0,0.0
2026-01-20 00:00:00-05:00,1.0499999523162842,1.0800000429153442,1.0199999809265137,1.059999942779541,3862800,0.0,0.0
2026-01-21 00:00:00-05:00,1.059999942779541,1.1100000143051147,1.0099999904632568,1.090000033378601,3263300,0.0,0.0
2026-01-22 00:00:00-05:00,1.100000023841858,1.1799999475479126,1.100000023841858,1.1299999952316284,3502700,0.0,0.0
2026-01-23 00:00:00-05:00,1.128999948501587,1.1299999952316284,1.0750000476837158,1.100000023841858,1687000,0.0,0.0
2026-01-26 00:00:00-05:00,1.1299999952316284,1.1299999952316284,1.0299999713897705,1.0399999618530273,4108200,0.0,0.0
2026-01-27 00:00:00-05:00,1.059999942779541,1.069000005722046,1.0299999713897705,1.0499999523162842,2224200,0.0,0.0
2026-01-28 00:00:00-05:00,1.0499999523162842,1.090000033378601,1.0299999713897705,1.0399999618530273,2058600,0.0,0.0
2026-01-29 00:00:00-05:00,1.0299999713897705,1.0399999618530273,0.9639999866485596,0.9750000238418579,4129100,0.0,0.0
2026-01-30 00:00:00-05:00,0.9750000238418579,1.0,0.949999988079071,0.9620000123977661,2769800,0.0,0.0
2026-02-02 00:00:00-05:00,0.9700000286102295,0.9890000224113464,0.9399999976158142,0.9539999961853027,1590500,0.0,0.0
2026-02-03 00:00:00-05:00,0.9800000190734863,0.9950000047683716,0.9100000262260437,0.9599999785423279,2468800,0.0,0.0
2026-02-04 00:00:00-05:00,0.9879999756813049,0.9900000095367432,0.9110000133514404,0.9390000104904175,2235900,0.0,0.0
2026-02-05 00:00:00-05:00,0.9259999990463257,0.9509999752044678,0.8600000143051147,0.8960000276565552,6814900,0.0,0.0
2026-02-06 00:00:00-05:00,0.9300000071525574,1.0499999523162842,0.9290000200271606,1.0099999904632568,3461000,0.0,0.0
2026-02-09 00:00:00-05:00,1.0099999904632568,1.0299999713897705,0.9819999933242798,1.0099999904632568,1670000,0.0,0.0
2026-02-10 00:00:00-05:00,1.0199999809265137,1.0299999713897705,0.9739999771118164,0.9860000014305115,1467000,0.0,0.0
2026-02-11 00:00:00-05:00,1.0099999904632568,1.0199999809265137,0.9459999799728394,0.9700000286102295,1835800,0.0,0.0
2026-02-12 00:00:00-05:00,0.984000027179718,0.9900000095367432,0.9399999976158142,0.9549999833106995,1164200,0.0,0.0
2026-02-13 00:00:00-05:00,0.9549999833106995,1.0,0.949999988079071,0.9539999961853027,1275000,0.0,0.0
2026-02-17 00:00:00-05:00,0.9599999785423279,0.9599999785423279,0.8999999761581421,0.9390000104904175,1657700,0.0,0.0
2026-02-18 00:00:00-05:00,0.9319999814033508,0.9649999737739563,0.9200000166893005,0.9359999895095825,921100,0.0,0.0
2026-02-19 00:00:00-05:00,0.9399999976158142,0.9639999866485596,0.9120000004768372,0.949999988079071,1220200,0.0,0.0
2026-02-20 00:00:00-05:00,0.9520000219345093,1.0149999856948853,0.9359999895095825,0.9409999847412109,1328100,0.0,0.0
2026-02-23 00:00:00-05:00,0.9700000286102295,0.9810000061988831,0.8999999761581421,0.9179999828338623,1920600,0.0,0.0
2026-02-24 00:00:00-05:00,0.9049999713897705,0.9300000071525574,0.8999999761581421,0.9129999876022339,2102300,0.0,0.0
2026-02-25 00:00:00-05:00,0.8849999904632568,0.9200000166893005,0.8199999928474426,0.8899999856948853,6105100,0.0,0.0
2026-02-26 00:00:00-05:00,0.8899999856948853,0.925000011920929,0.871999979019165,0.9079999923706055,1854400,0.0,0.0
2026-02-27 00:00:00-05:00,0.8899999856948853,0.8999999761581421,0.8510000109672546,0.8529999852180481,1710700,0.0,0.0
2026-03-02 00:00:00-05:00,0.8159999847412109,0.9300000071525574,0.8019999861717224,0.9049999713897705,2284000,0.0,0.0
2026-03-03 00:00:00-05:00,0.8799999952316284,0.8799999952316284,0.8399999737739563,0.8529999852180481,1246700,0.0,0.0
2026-03-04 00:00:00-05:00,0.8529999852180481,0.8899999856948853,0.8450000286102295,0.8700000047683716,815700,0.0,0.0
2026-03-05 00:00:00-05:00,0.8700000047683716,0.8989999890327454,0.8560000061988831,0.8560000061988831,830400,0.0,0.0
2026-03-06 00:00:00-05:00,0.8510000109672546,0.8799999952316284,0.8199999928474426,0.8209999799728394,1047900,0.0,0.0
2026-03-09 00:00:00-04:00,0.8199999928474426,0.8209999799728394,0.7559999823570251,0.7900000214576721,5243900,0.0,0.0
2026-03-10 00:00:00-04:00,0.8019999861717224,0.8270000219345093,0.7590000033378601,0.7590000033378601,2243300,0.0,0.0
2026-03-11 00:00:00-04:00,0.7850000262260437,0.7900000214576721,0.7300000190734863,0.7400000095367432,3430400,0.0,0.0
2026-03-12 00:00:00-04:00,0.7509999871253967,0.7509999871253967,0.6899999976158142,0.6899999976158142,3395200,0.0,0.0
2026-03-13 00:00:00-04:00,0.7099999785423279,0.7300000190734863,0.6899999976158142,0.6899999976158142,3085300,0.0,0.0
2026-03-16 00:00:00-04:00,0.7099999785423279,0.800000011920929,0.6959999799728394,0.722000002861023,8988000,0.0,0.0
2026-03-17 00:00:00-04:00,0.7379999756813049,0.7699999809265137,0.7200000286102295,0.7400000095367432,2490500,0.0,0.0
2026-03-18 00:00:00-04:00,0.753000020980835,0.753000020980835,0.7039999961853027,0.7099999785423279,2207100,0.0,0.0
2026-03-19 00:00:00-04:00,0.7089999914169312,0.7149999737739563,0.6850000023841858,0.6990000009536743,2627500,0.0,0.0
2026-03-20 00:00:00-04:00,0.6990000009536743,0.7160000205039978,0.6759999990463257,0.6899999976158142,3182700,0.0,0.0
2026-03-23 00:00:00-04:00,0.6990000009536743,0.7089999914169312,0.671999990940094,0.6830000281333923,3245900,0.0,0.0
2026-03-24 00:00:00-04:00,0.6830000281333923,0.7049999833106995,0.6660000085830688,0.6700000166893005,2114800,0.0,0.0
2026-03-25 00:00:00-04:00,0.6859999895095825,0.6899999976158142,0.652999997138977,0.6710000038146973,1945600,0.0,0.0
2026-03-26 00:00:00-04:00,0.6639999747276306,0.6899999976158142,0.6399999856948853,0.6399999856948853,2029400,0.0,0.0
2026-03-27 00:00:00-04:00,0.6359999775886536,0.6579999923706055,0.6169999837875366,0.6240000128746033,2371800,0.0,0.0
2026-03-30 00:00:00-04:00,0.6230000257492065,0.6230000257492065,0.5799999833106995,0.5899999737739563,3053400,0.0,0.0
2026-03-31 00:00:00-04:00,0.6000000238418579,0.6520000100135803,0.5950000286102295,0.6330000162124634,3291100,0.0,0.0
2026-04-01 00:00:00-04:00,0.6489999890327454,0.6990000009536743,0.6399999856948853,0.6690000295639038,2920100,0.0,0.0
2026-04-02 00:00:00-04:00,0.6480000019073486,0.671999990940094,0.6100000143051147,0.6499999761581421,1663000,0.0,0.0
2026-04-06 00:00:00-04:00,0.6589999794960022,0.7070000171661377,0.6549999713897705,0.6600000262260437,1593500,0.0,0.0
2026-04-07 00:00:00-04:00,0.6600000262260437,0.6600000262260437,0.6299999952316284,0.6480000019073486,1464300,0.0,0.0
2026-04-08 00:00:00-04:00,0.699999988079071,0.7250000238418579,0.6600000262260437,0.6660000085830688,2124100,0.0,0.0
2026-04-09 00:00:00-04:00,0.6700000166893005,0.6830000281333923,0.6399999856948853,0.6510000228881836,2332400,0.0,0.0
2026-04-10 00:00:00-04:00,0.6690000295639038,0.7070000171661377,0.6600000262260437,0.6779999732971191,1519100,0.0,0.0
2026-04-13 00:00:00-04:00,0.6589999794960022,0.6899999976158142,0.6299999952316284,0.6850000023841858,2541700,0.0,0.0
2026-04-14 00:00:00-04:00,0.671999990940094,0.699999988079071,0.6460000276565552,0.6510000228881836,2143000,0.0,0.0
2026-04-15 00:00:00-04:00,0.6520000100135803,0.6850000023841858,0.6499999761581421,0.6800000071525574,1615400,0.0,0.0
2026-04-16 00:00:00-04:00,0.6869999766349792,0.7099999785423279,0.6600000262260437,0.6899999976158142,2423200,0.0,0.0
2026-04-17 00:00:00-04:00,0.7110000252723694,0.7110000252723694,0.6629999876022339,0.6700000166893005,3178200,0.0,0.0
2026-04-20 00:00:00-04:00,0.6700000166893005,0.6700000166893005,0.6399999856948853,0.6600000262260437,2252000,0.0,0.0
2026-04-21 00:00:00-04:00,0.6679999828338623,0.6899999976158142,0.6399999856948853,0.6399999856948853,1489700,0.0,0.0
2026-04-22 00:00:00-04:00,0.6650000214576721,0.6759999990463257,0.6499999761581421,0.6499999761581421,1918100,0.0,0.0
2026-04-23 00:00:00-04:00,0.6600000262260437,0.6600000262260437,0.6060000061988831,0.6200000047683716,2169600,0.0,0.0
2026-04-24 00:00:00-04:00,0.6449999809265137,0.7429999709129333,0.625,0.6890000104904175,3930700,0.0,0.0
2026-04-27 00:00:00-04:00,0.7229999899864197,0.7480000257492065,0.6600000262260437,0.6610000133514404,3000700,0.0,0.0
2026-04-28 00:00:00-04:00,0.6510000228881836,0.7300000190734863,0.6299999952316284,0.7099999785423279,4065600,0.0,0.0
2026-04-29 00:00:00-04:00,0.7099999785423279,0.7129999995231628,0.6600000262260437,0.6660000085830688,2154400,0.0,0.0
2026-04-30 00:00:00-04:00,0.6809999942779541,0.6980000138282776,0.6610000133514404,0.6700000166893005,1470700,0.0,0.0
2026-05-01 00:00:00-04:00,0.6899999976158142,0.6970000267028809,0.6610000133514404,0.6710000038146973,819000,0.0,0.0
2026-05-04 00:00:00-04:00,0.6899999976158142,0.699999988079071,0.6629999876022339,0.6759999990463257,1421600,0.0,0.0
2026-05-05 00:00:00-04:00,0.6809999942779541,0.6890000104904175,0.652999997138977,0.6890000104904175,1391000,0.0,0.0
2026-05-06 00:00:00-04:00,0.6899999976158142,0.7699999809265137,0.6809999942779541,0.7519999742507935,3292900,0.0,0.0
2026-05-07 00:00:00-04:00,0.7400000095367432,0.75,0.6899999976158142,0.6930000185966492,2792800,0.0,0.0
2026-05-08 00:00:00-04:00,0.7200000286102295,0.7490000128746033,0.6899999976158142,0.7319999933242798,1444000,0.0,0.0
2026-05-11 00:00:00-04:00,0.7799999713897705,0.8299999833106995,0.7549999952316284,0.8009999990463257,3891600,0.0,0.0
2026-05-12 00:00:00-04:00,0.7900000214576721,0.800000011920929,0.7350000143051147,0.7860000133514404,2380800,0.0,0.0
2026-05-13 00:00:00-04:00,0.800000011920929,0.9700000286102295,0.7799999713897705,0.9169999957084656,10613000,0.0,0.0
2026-05-14 00:00:00-04:00,0.7149999737739563,0.75,0.656000018119812,0.746999979019165,17689200,0.0,0.0
2026-05-15 00:00:00-04:00,0.7260000109672546,0.753000020980835,0.6830000281333923,0.7360000014305115,4902900,0.0,0.0
2026-05-18 00:00:00-04:00,0.7369999885559082,0.7799999713897705,0.7089999914169312,0.722000002861023,4773600,0.0,0.0
2026-05-19 00:00:00-04:00,0.722000002861023,0.7369999885559082,0.6949999928474426,0.699999988079071,2522200,0.0,0.0
2026-05-20 00:00:00-04:00,0.699999988079071,0.7350000143051147,0.6840000152587891,0.7099999785423279,2355200,0.0,0.0
2026-05-21 00:00:00-04:00,0.7099999785423279,0.7459999918937683,0.6959999799728394,0.7110000252723694,2492800,0.0,0.0
2026-05-22 00:00:00-04:00,0.7089999914169312,0.7480000257492065,0.7059999704360962,0.7099999785423279,2179000,0.0,0.0
2026-05-26 00:00:00-04:00,0.7200000286102295,0.7699999809265137,0.7200000286102295,0.7360000014305115,2953100,0.0,0.0
2026-05-27 00:00:00-04:00,0.7300000190734863,0.7498999834060669,0.7063999772071838,0.7200000286102295,1769715,0.0,0.0
