Date,Open,High,Low,Close,Volume,Dividends,Stock Splits
2023-11-27 00:00:00-05:00,10.149999618530273,10.149999618530273,10.069999694824219,10.069999694824219,1500,0.0,0.0
2023-11-28 00:00:00-05:00,10.100000381469727,10.119999885559082,10.09000015258789,10.119999885559082,472300,0.0,0.0
2023-11-29 00:00:00-05:00,10.119999885559082,10.119999885559082,10.109999656677246,10.119999885559082,40400,0.0,0.0
2023-11-30 00:00:00-05:00,10.119999885559082,10.119999885559082,10.119999885559082,10.119999885559082,0,0.0,0.0
2023-12-01 00:00:00-05:00,10.119999885559082,10.119999885559082,10.119999885559082,10.119999885559082,0,0.0,0.0
2023-12-04 00:00:00-05:00,10.119999885559082,10.119999885559082,10.119999885559082,10.119999885559082,0,0.0,0.0
2023-12-05 00:00:00-05:00,10.119999885559082,10.130000114440918,10.119999885559082,10.119999885559082,274300,0.0,0.0
2023-12-06 00:00:00-05:00,10.130000114440918,10.130000114440918,10.119999885559082,10.119999885559082,29800,0.0,0.0
2023-12-07 00:00:00-05:00,10.119999885559082,10.119999885559082,10.119999885559082,10.119999885559082,0,0.0,0.0
2023-12-08 00:00:00-05:00,10.140000343322754,10.140000343322754,10.119999885559082,10.119999885559082,3400,0.0,0.0
2023-12-11 00:00:00-05:00,10.119999885559082,10.119999885559082,10.119999885559082,10.119999885559082,0,0.0,0.0
2023-12-12 00:00:00-05:00,10.130000114440918,10.140000343322754,10.130000114440918,10.130000114440918,17800,0.0,0.0
2023-12-13 00:00:00-05:00,10.130000114440918,10.130000114440918,10.130000114440918,10.130000114440918,0,0.0,0.0
2023-12-14 00:00:00-05:00,10.140000343322754,10.140000343322754,10.119999885559082,10.130000114440918,27100,0.0,0.0
2023-12-15 00:00:00-05:00,10.130000114440918,10.130000114440918,10.119999885559082,10.119999885559082,39200,0.0,0.0
2023-12-18 00:00:00-05:00,10.119999885559082,10.130000114440918,10.119999885559082,10.119999885559082,48300,0.0,0.0
2023-12-19 00:00:00-05:00,10.119999885559082,10.130000114440918,10.119999885559082,10.130000114440918,30300,0.0,0.0
2023-12-20 00:00:00-05:00,10.130000114440918,10.130000114440918,10.130000114440918,10.130000114440918,0,0.0,0.0
2023-12-21 00:00:00-05:00,10.130000114440918,10.130000114440918,10.130000114440918,10.130000114440918,0,0.0,0.0
2023-12-22 00:00:00-05:00,10.130000114440918,10.130000114440918,10.130000114440918,10.130000114440918,0,0.0,0.0
2023-12-26 00:00:00-05:00,10.130000114440918,10.130000114440918,10.130000114440918,10.130000114440918,57000,0.0,0.0
2023-12-27 00:00:00-05:00,10.140000343322754,10.149999618530273,10.140000343322754,10.140000343322754,132200,0.0,0.0
2023-12-28 00:00:00-05:00,10.140000343322754,10.140000343322754,10.140000343322754,10.140000343322754,0,0.0,0.0
2023-12-29 00:00:00-05:00,10.140000343322754,10.140000343322754,10.140000343322754,10.140000343322754,100,0.0,0.0
2024-01-02 00:00:00-05:00,10.15999984741211,10.15999984741211,10.15999984741211,10.15999984741211,25400,0.0,0.0
2024-01-03 00:00:00-05:00,10.170000076293945,10.170000076293945,10.170000076293945,10.170000076293945,100,0.0,0.0
2024-01-04 00:00:00-05:00,10.170000076293945,10.170000076293945,10.170000076293945,10.170000076293945,0,0.0,0.0
2024-01-05 00:00:00-05:00,10.170000076293945,10.170000076293945,10.170000076293945,10.170000076293945,0,0.0,0.0
2024-01-08 00:00:00-05:00,10.170000076293945,10.180000305175781,10.170000076293945,10.170000076293945,79500,0.0,0.0
2024-01-09 00:00:00-05:00,10.170000076293945,10.170000076293945,10.170000076293945,10.170000076293945,0,0.0,0.0
2024-01-10 00:00:00-05:00,10.170000076293945,10.170000076293945,10.170000076293945,10.170000076293945,100,0.0,0.0
2024-01-11 00:00:00-05:00,10.187999725341797,10.1899995803833,10.180000305175781,10.1899995803833,900,0.0,0.0
2024-01-12 00:00:00-05:00,10.180000305175781,10.199999809265137,10.180000305175781,10.199999809265137,3700,0.0,0.0
2024-01-16 00:00:00-05:00,10.199999809265137,10.199999809265137,10.199999809265137,10.199999809265137,2500,0.0,0.0
2024-01-17 00:00:00-05:00,10.199999809265137,10.199999809265137,10.199999809265137,10.199999809265137,0,0.0,0.0
2024-01-18 00:00:00-05:00,10.180000305175781,10.180000305175781,10.180000305175781,10.180000305175781,100,0.0,0.0
2024-01-19 00:00:00-05:00,10.1899995803833,10.210000038146973,10.180000305175781,10.210000038146973,2800,0.0,0.0
2024-01-22 00:00:00-05:00,10.229999542236328,10.229999542236328,10.180000305175781,10.180000305175781,7900,0.0,0.0
2024-01-23 00:00:00-05:00,10.180000305175781,10.180000305175781,10.180000305175781,10.180000305175781,10000,0.0,0.0
2024-01-24 00:00:00-05:00,10.199999809265137,10.199999809265137,10.199999809265137,10.199999809265137,300,0.0,0.0
2024-01-25 00:00:00-05:00,10.1850004196167,10.1899995803833,10.1850004196167,10.1899995803833,18800,0.0,0.0
2024-01-26 00:00:00-05:00,10.1899995803833,10.1899995803833,10.1899995803833,10.1899995803833,0,0.0,0.0
2024-01-29 00:00:00-05:00,10.1899995803833,10.1899995803833,10.1899995803833,10.1899995803833,0,0.0,0.0
2024-01-30 00:00:00-05:00,10.1899995803833,10.1899995803833,10.1899995803833,10.1899995803833,163800,0.0,0.0
2024-01-31 00:00:00-05:00,10.199999809265137,10.210000038146973,10.199999809265137,10.199999809265137,50600,0.0,0.0
2024-02-01 00:00:00-05:00,10.199999809265137,10.210000038146973,10.199999809265137,10.210000038146973,16500,0.0,0.0
2024-02-02 00:00:00-05:00,10.210000038146973,10.210000038146973,10.210000038146973,10.210000038146973,3700,0.0,0.0
2024-02-05 00:00:00-05:00,10.210000038146973,10.210000038146973,10.210000038146973,10.210000038146973,0,0.0,0.0
2024-02-06 00:00:00-05:00,10.210000038146973,10.210000038146973,10.210000038146973,10.210000038146973,0,0.0,0.0
2024-02-07 00:00:00-05:00,10.229999542236328,10.229999542236328,10.229999542236328,10.229999542236328,1300,0.0,0.0
2024-02-08 00:00:00-05:00,10.229999542236328,10.229999542236328,10.229999542236328,10.229999542236328,0,0.0,0.0
2024-02-09 00:00:00-05:00,10.210000038146973,10.210000038146973,10.210000038146973,10.210000038146973,1100,0.0,0.0
2024-02-12 00:00:00-05:00,10.210000038146973,10.210000038146973,10.210000038146973,10.210000038146973,700,0.0,0.0
2024-02-13 00:00:00-05:00,10.210000038146973,10.210000038146973,10.210000038146973,10.210000038146973,18800,0.0,0.0
2024-02-14 00:00:00-05:00,10.210000038146973,10.210000038146973,10.210000038146973,10.210000038146973,700,0.0,0.0
2024-02-15 00:00:00-05:00,10.210000038146973,10.229999542236328,10.210000038146973,10.229999542236328,1800,0.0,0.0
2024-02-16 00:00:00-05:00,10.210000038146973,10.210000038146973,10.199999809265137,10.199999809265137,3300,0.0,0.0
2024-02-20 00:00:00-05:00,10.229999542236328,10.234999656677246,10.225000381469727,10.229999542236328,85300,0.0,0.0
2024-02-21 00:00:00-05:00,10.234999656677246,10.234999656677246,10.229999542236328,10.229999542236328,7900,0.0,0.0
2024-02-22 00:00:00-05:00,10.244999885559082,10.244999885559082,10.239999771118164,10.239999771118164,10300,0.0,0.0
2024-02-23 00:00:00-05:00,10.25,10.25,10.25,10.25,5000,0.0,0.0
2024-02-26 00:00:00-05:00,10.239999771118164,10.25,10.239999771118164,10.239999771118164,8200,0.0,0.0
2024-02-27 00:00:00-05:00,10.25,10.25,10.239999771118164,10.239999771118164,1200,0.0,0.0
2024-02-28 00:00:00-05:00,10.258999824523926,10.258999824523926,10.239999771118164,10.239999771118164,2200,0.0,0.0
2024-02-29 00:00:00-05:00,10.229999542236328,10.260000228881836,10.229999542236328,10.260000228881836,1600,0.0,0.0
2024-03-01 00:00:00-05:00,10.25,10.25,10.25,10.25,3200,0.0,0.0
2024-03-04 00:00:00-05:00,10.241999626159668,10.260000228881836,10.241999626159668,10.260000228881836,1000,0.0,0.0
2024-03-05 00:00:00-05:00,10.260000228881836,10.260000228881836,10.260000228881836,10.260000228881836,400,0.0,0.0
2024-03-06 00:00:00-05:00,10.25,10.260000228881836,10.25,10.260000228881836,31500,0.0,0.0
2024-03-07 00:00:00-05:00,10.260000228881836,10.270000457763672,10.25,10.25,20600,0.0,0.0
2024-03-08 00:00:00-05:00,10.239999771118164,10.239999771118164,10.239999771118164,10.239999771118164,200,0.0,0.0
2024-03-11 00:00:00-04:00,10.260000228881836,10.260000228881836,10.260000228881836,10.260000228881836,9800,0.0,0.0
2024-03-12 00:00:00-04:00,10.260000228881836,10.260000228881836,10.260000228881836,10.260000228881836,0,0.0,0.0
2024-03-13 00:00:00-04:00,10.25,10.25,10.25,10.25,700,0.0,0.0
2024-03-14 00:00:00-04:00,10.270000457763672,10.270000457763672,10.260000228881836,10.260000228881836,1400,0.0,0.0
2024-03-15 00:00:00-04:00,10.270000457763672,10.270000457763672,10.270000457763672,10.270000457763672,4900,0.0,0.0
2024-03-18 00:00:00-04:00,10.270000457763672,10.270000457763672,10.270000457763672,10.270000457763672,5200,0.0,0.0
2024-03-19 00:00:00-04:00,10.262999534606934,10.270000457763672,10.262999534606934,10.270000457763672,4000,0.0,0.0
2024-03-20 00:00:00-04:00,10.267999649047852,10.267999649047852,10.260000228881836,10.260000228881836,600,0.0,0.0
2024-03-21 00:00:00-04:00,10.260000228881836,10.270000457763672,10.260000228881836,10.270000457763672,22700,0.0,0.0
2024-03-22 00:00:00-04:00,10.270000457763672,10.270000457763672,10.270000457763672,10.270000457763672,0,0.0,0.0
2024-03-25 00:00:00-04:00,10.270000457763672,10.270000457763672,10.270000457763672,10.270000457763672,0,0.0,0.0
2024-03-26 00:00:00-04:00,10.270000457763672,10.270000457763672,10.260000228881836,10.270000457763672,24800,0.0,0.0
2024-03-27 00:00:00-04:00,10.270000457763672,10.270000457763672,10.260000228881836,10.265000343322754,57700,0.0,0.0
2024-03-28 00:00:00-04:00,10.262999534606934,10.262999534606934,10.260000228881836,10.260000228881836,26000,0.0,0.0
2024-04-01 00:00:00-04:00,10.260000228881836,10.260000228881836,10.260000228881836,10.260000228881836,0,0.0,0.0
2024-04-02 00:00:00-04:00,10.260000228881836,10.260000228881836,10.260000228881836,10.260000228881836,2400,0.0,0.0
2024-04-03 00:00:00-04:00,10.265000343322754,10.270000457763672,10.265000343322754,10.270000457763672,69000,0.0,0.0
2024-04-04 00:00:00-04:00,10.274999618530273,10.279999732971191,10.270000457763672,10.270000457763672,14100,0.0,0.0
2024-04-05 00:00:00-04:00,10.270000457763672,10.27299976348877,10.270000457763672,10.27299976348877,700,0.0,0.0
2024-04-08 00:00:00-04:00,10.27299976348877,10.27299976348877,10.27299976348877,10.27299976348877,0,0.0,0.0
2024-04-09 00:00:00-04:00,10.270000457763672,10.289999961853027,10.270000457763672,10.289999961853027,8500,0.0,0.0
2024-04-10 00:00:00-04:00,10.279999732971191,10.279999732971191,10.279999732971191,10.279999732971191,900,0.0,0.0
2024-04-11 00:00:00-04:00,10.279999732971191,10.289999961853027,10.270000457763672,10.289999961853027,57600,0.0,0.0
2024-04-12 00:00:00-04:00,10.289999961853027,10.295000076293945,10.289999961853027,10.289999961853027,12100,0.0,0.0
2024-04-15 00:00:00-04:00,10.289999961853027,10.289999961853027,10.279999732971191,10.279999732971191,59800,0.0,0.0
2024-04-16 00:00:00-04:00,10.289999961853027,10.300000190734863,10.289999961853027,10.300000190734863,110200,0.0,0.0
2024-04-17 00:00:00-04:00,10.300000190734863,10.300000190734863,10.300000190734863,10.300000190734863,0,0.0,0.0
2024-04-18 00:00:00-04:00,10.34000015258789,10.34000015258789,10.34000015258789,10.34000015258789,200,0.0,0.0
2024-04-19 00:00:00-04:00,10.324999809265137,10.324999809265137,10.3100004196167,10.317000389099121,6200,0.0,0.0
2024-04-22 00:00:00-04:00,10.329999923706055,10.329999923706055,10.3100004196167,10.317000389099121,8200,0.0,0.0
2024-04-23 00:00:00-04:00,10.329999923706055,10.34000015258789,10.289999961853027,10.289999961853027,551200,0.0,0.0
2024-04-24 00:00:00-04:00,10.300000190734863,10.319999694824219,10.300000190734863,10.312000274658203,151700,0.0,0.0
2024-04-25 00:00:00-04:00,10.312000274658203,10.312000274658203,10.312000274658203,10.312000274658203,1500,0.0,0.0
2024-04-26 00:00:00-04:00,10.300000190734863,11.350000381469727,10.300000190734863,10.350000381469727,3900,0.0,0.0
2024-04-29 00:00:00-04:00,10.435999870300293,11.3100004196167,10.300000190734863,10.3100004196167,8500,0.0,0.0
2024-04-30 00:00:00-04:00,10.800000190734863,10.800000190734863,10.300000190734863,10.319999694824219,4900,0.0,0.0
2024-05-01 00:00:00-04:00,10.312999725341797,10.312999725341797,10.312999725341797,10.312999725341797,1500,0.0,0.0
2024-05-02 00:00:00-04:00,10.300000190734863,10.300000190734863,10.300000190734863,10.300000190734863,1300,0.0,0.0
2024-05-03 00:00:00-04:00,10.300000190734863,10.300000190734863,10.300000190734863,10.300000190734863,0,0.0,0.0
2024-05-06 00:00:00-04:00,10.3100004196167,10.3100004196167,10.300000190734863,10.300000190734863,21000,0.0,0.0
2024-05-07 00:00:00-04:00,10.420000076293945,10.885000228881836,10.300000190734863,10.3100004196167,11800,0.0,0.0
2024-05-08 00:00:00-04:00,10.3100004196167,10.3100004196167,10.3100004196167,10.3100004196167,0,0.0,0.0
2024-05-09 00:00:00-04:00,10.3100004196167,10.319999694824219,10.305000305175781,10.305000305175781,23100,0.0,0.0
2024-05-10 00:00:00-04:00,10.305000305175781,10.305000305175781,10.305000305175781,10.305000305175781,600,0.0,0.0
2024-05-13 00:00:00-04:00,10.3100004196167,10.3100004196167,10.3100004196167,10.3100004196167,7000,0.0,0.0
2024-05-14 00:00:00-04:00,10.3100004196167,10.3100004196167,10.3100004196167,10.3100004196167,500,0.0,0.0
2024-05-15 00:00:00-04:00,10.305999755859375,10.319999694824219,10.300000190734863,10.3100004196167,4800,0.0,0.0
2024-05-16 00:00:00-04:00,10.34000015258789,10.34000015258789,10.319999694824219,10.319999694824219,2300,0.0,0.0
2024-05-17 00:00:00-04:00,10.3149995803833,10.3149995803833,10.300000190734863,10.300000190734863,1400,0.0,0.0
2024-05-20 00:00:00-04:00,10.300000190734863,10.3149995803833,10.300000190734863,10.3100004196167,8500,0.0,0.0
2024-05-21 00:00:00-04:00,10.3100004196167,10.3100004196167,10.3100004196167,10.3100004196167,0,0.0,0.0
2024-05-22 00:00:00-04:00,10.319999694824219,10.319999694824219,10.319999694824219,10.319999694824219,7900,0.0,0.0
2024-05-23 00:00:00-04:00,10.329000473022461,10.329000473022461,10.329000473022461,10.329000473022461,500,0.0,0.0
2024-05-24 00:00:00-04:00,10.3100004196167,10.3100004196167,10.279999732971191,10.279999732971191,3900,0.0,0.0
2024-05-28 00:00:00-04:00,10.319999694824219,10.319999694824219,10.319999694824219,10.319999694824219,400,0.0,0.0
2024-05-29 00:00:00-04:00,10.329999923706055,10.34000015258789,10.329999923706055,10.34000015258789,16600,0.0,0.0
2024-05-30 00:00:00-04:00,10.34000015258789,10.342000007629395,10.34000015258789,10.342000007629395,500,0.0,0.0
2024-05-31 00:00:00-04:00,10.342000007629395,10.342000007629395,10.342000007629395,10.342000007629395,0,0.0,0.0
2024-06-03 00:00:00-04:00,10.342000007629395,10.342000007629395,10.342000007629395,10.342000007629395,0,0.0,0.0
2024-06-04 00:00:00-04:00,10.329999923706055,10.329999923706055,10.329999923706055,10.329999923706055,12500,0.0,0.0
2024-06-05 00:00:00-04:00,10.35200023651123,10.35200023651123,10.329999923706055,10.350000381469727,25800,0.0,0.0
2024-06-06 00:00:00-04:00,10.350000381469727,10.359999656677246,10.34000015258789,10.359999656677246,753100,0.0,0.0
2024-06-07 00:00:00-04:00,10.34000015258789,10.399999618530273,10.34000015258789,10.34000015258789,8500,0.0,0.0
2024-06-10 00:00:00-04:00,10.399999618530273,10.399999618530273,10.34000015258789,10.34000015258789,3100,0.0,0.0
2024-06-11 00:00:00-04:00,10.34000015258789,10.34000015258789,10.34000015258789,10.34000015258789,0,0.0,0.0
2024-06-12 00:00:00-04:00,10.34000015258789,10.34000015258789,10.34000015258789,10.34000015258789,0,0.0,0.0
2024-06-13 00:00:00-04:00,10.350000381469727,10.350000381469727,10.350000381469727,10.350000381469727,348000,0.0,0.0
2024-06-14 00:00:00-04:00,10.36400032043457,10.36400032043457,10.34000015258789,10.34000015258789,3700,0.0,0.0
2024-06-17 00:00:00-04:00,10.350000381469727,10.404999732971191,10.345000267028809,10.350000381469727,85900,0.0,0.0
2024-06-18 00:00:00-04:00,10.350000381469727,10.359999656677246,10.350000381469727,10.350000381469727,1500,0.0,0.0
2024-06-20 00:00:00-04:00,10.350000381469727,10.350000381469727,10.350000381469727,10.350000381469727,0,0.0,0.0
2024-06-21 00:00:00-04:00,10.354999542236328,10.359999656677246,10.350000381469727,10.359999656677246,4400,0.0,0.0
2024-06-24 00:00:00-04:00,10.399999618530273,10.399999618530273,10.350000381469727,10.359999656677246,27700,0.0,0.0
2024-06-25 00:00:00-04:00,10.369999885559082,10.369999885559082,10.369999885559082,10.369999885559082,10900,0.0,0.0
2024-06-26 00:00:00-04:00,10.359999656677246,10.369000434875488,10.359999656677246,10.369000434875488,1900,0.0,0.0
2024-06-27 00:00:00-04:00,10.449999809265137,10.449999809265137,10.361000061035156,10.361000061035156,2100,0.0,0.0
2024-06-28 00:00:00-04:00,10.359999656677246,10.359999656677246,10.350000381469727,10.350000381469727,2900,0.0,0.0
2024-07-01 00:00:00-04:00,10.369999885559082,10.369999885559082,10.350000381469727,10.350000381469727,20400,0.0,0.0
2024-07-02 00:00:00-04:00,10.369999885559082,10.369999885559082,10.369999885559082,10.369999885559082,200,0.0,0.0
2024-07-03 00:00:00-04:00,10.352999687194824,10.369999885559082,10.352999687194824,10.369999885559082,25700,0.0,0.0
2024-07-05 00:00:00-04:00,10.369999885559082,10.369999885559082,10.369999885559082,10.369999885559082,24500,0.0,0.0
2024-07-08 00:00:00-04:00,10.369999885559082,10.369999885559082,10.369999885559082,10.369999885559082,400,0.0,0.0
2024-07-09 00:00:00-04:00,10.369999885559082,10.369999885559082,10.369999885559082,10.369999885559082,0,0.0,0.0
2024-07-10 00:00:00-04:00,10.369999885559082,10.369999885559082,10.369999885559082,10.369999885559082,0,0.0,0.0
2024-07-11 00:00:00-04:00,10.369999885559082,10.375,10.369999885559082,10.375,50300,0.0,0.0
2024-07-12 00:00:00-04:00,10.279999732971191,10.420000076293945,10.279999732971191,10.420000076293945,3300,0.0,0.0
2024-07-15 00:00:00-04:00,10.380000114440918,10.380000114440918,10.380000114440918,10.380000114440918,200,0.0,0.0
2024-07-16 00:00:00-04:00,10.380000114440918,10.380000114440918,10.380000114440918,10.380000114440918,0,0.0,0.0
2024-07-17 00:00:00-04:00,10.380000114440918,10.380000114440918,10.380000114440918,10.380000114440918,0,0.0,0.0
2024-07-18 00:00:00-04:00,10.369999885559082,10.375,10.369999885559082,10.375,1300,0.0,0.0
2024-07-19 00:00:00-04:00,10.375,10.375,10.375,10.375,0,0.0,0.0
2024-07-22 00:00:00-04:00,10.380000114440918,10.420000076293945,10.380000114440918,10.380000114440918,2300,0.0,0.0
2024-07-23 00:00:00-04:00,10.380000114440918,10.420000076293945,10.380000114440918,10.399999618530273,3500,0.0,0.0
2024-07-24 00:00:00-04:00,10.399999618530273,10.399999618530273,10.399999618530273,10.399999618530273,0,0.0,0.0
2024-07-25 00:00:00-04:00,10.399999618530273,10.399999618530273,10.399999618530273,10.399999618530273,300,0.0,0.0
2024-07-26 00:00:00-04:00,10.399999618530273,10.40999984741211,10.399999618530273,10.40999984741211,5000,0.0,0.0
2024-07-29 00:00:00-04:00,10.40999984741211,10.40999984741211,10.40999984741211,10.40999984741211,0,0.0,0.0
2024-07-30 00:00:00-04:00,10.40999984741211,10.40999984741211,10.40999984741211,10.40999984741211,1000,0.0,0.0
2024-07-31 00:00:00-04:00,10.420000076293945,10.449999809265137,10.420000076293945,10.449999809265137,1900,0.0,0.0
2024-08-01 00:00:00-04:00,10.420000076293945,10.420000076293945,10.420000076293945,10.420000076293945,238300,0.0,0.0
2024-08-02 00:00:00-04:00,10.420000076293945,10.420000076293945,10.40999984741211,10.420000076293945,724700,0.0,0.0
2024-08-05 00:00:00-04:00,10.420000076293945,10.430000305175781,10.40999984741211,10.40999984741211,13800,0.0,0.0
2024-08-06 00:00:00-04:00,10.420000076293945,10.430000305175781,10.420000076293945,10.420000076293945,49900,0.0,0.0
2024-08-07 00:00:00-04:00,10.4399995803833,10.4399995803833,10.4399995803833,10.4399995803833,200,0.0,0.0
2024-08-08 00:00:00-04:00,10.4399995803833,10.4399995803833,10.4399995803833,10.4399995803833,800,0.0,0.0
2024-08-09 00:00:00-04:00,10.4399995803833,10.4399995803833,10.4399995803833,10.4399995803833,0,0.0,0.0
2024-08-12 00:00:00-04:00,10.4399995803833,10.4399995803833,10.4399995803833,10.4399995803833,9100,0.0,0.0
2024-08-13 00:00:00-04:00,10.4399995803833,10.5,10.4399995803833,10.4399995803833,1600,0.0,0.0
2024-08-14 00:00:00-04:00,10.449999809265137,10.5,10.449999809265137,10.449999809265137,3700,0.0,0.0
2024-08-15 00:00:00-04:00,10.4399995803833,10.449999809265137,10.4399995803833,10.449999809265137,3400,0.0,0.0
2024-08-16 00:00:00-04:00,10.4399995803833,10.47599983215332,10.4399995803833,10.449999809265137,3000,0.0,0.0
2024-08-19 00:00:00-04:00,10.470000267028809,10.470000267028809,10.4399995803833,10.449999809265137,5500,0.0,0.0
2024-08-20 00:00:00-04:00,10.449999809265137,10.449999809265137,10.449999809265137,10.449999809265137,0,0.0,0.0
2024-08-21 00:00:00-04:00,10.470000267028809,10.470000267028809,10.470000267028809,10.470000267028809,6100,0.0,0.0
2024-08-22 00:00:00-04:00,10.460000038146973,10.5,10.460000038146973,10.460000038146973,4500,0.0,0.0
2024-08-23 00:00:00-04:00,10.470000267028809,10.470000267028809,10.449999809265137,10.460000038146973,284800,0.0,0.0
2024-08-26 00:00:00-04:00,10.4399995803833,10.449999809265137,10.4399995803833,10.449999809265137,93800,0.0,0.0
2024-08-27 00:00:00-04:00,10.456000328063965,10.456000328063965,10.45300006866455,10.45300006866455,1900,0.0,0.0
2024-08-28 00:00:00-04:00,10.454000473022461,10.456999778747559,10.449999809265137,10.449999809265137,4600,0.0,0.0
2024-08-29 00:00:00-04:00,10.451000213623047,10.454999923706055,10.451000213623047,10.454999923706055,4000,0.0,0.0
2024-08-30 00:00:00-04:00,10.454999923706055,10.454999923706055,10.454999923706055,10.454999923706055,500,0.0,0.0
2024-09-03 00:00:00-04:00,10.449999809265137,10.460000038146973,10.449999809265137,10.460000038146973,98500,0.0,0.0
2024-09-04 00:00:00-04:00,10.460000038146973,10.460000038146973,10.460000038146973,10.460000038146973,0,0.0,0.0
2024-09-05 00:00:00-04:00,10.470000267028809,10.470000267028809,10.470000267028809,10.470000267028809,900,0.0,0.0
2024-09-06 00:00:00-04:00,10.470000267028809,10.470000267028809,10.460000038146973,10.460000038146973,1400,0.0,0.0
2024-09-09 00:00:00-04:00,10.460000038146973,10.460000038146973,10.460000038146973,10.460000038146973,100,0.0,0.0
2024-09-10 00:00:00-04:00,10.46500015258789,10.46500015258789,10.46500015258789,10.46500015258789,1100,0.0,0.0
2024-09-11 00:00:00-04:00,10.46500015258789,10.46500015258789,10.46500015258789,10.46500015258789,1400,0.0,0.0
2024-09-12 00:00:00-04:00,10.48900032043457,10.48900032043457,10.48900032043457,10.48900032043457,600,0.0,0.0
2024-09-13 00:00:00-04:00,10.479999542236328,10.479999542236328,10.479999542236328,10.479999542236328,57700,0.0,0.0
2024-09-16 00:00:00-04:00,10.479999542236328,10.479999542236328,10.479999542236328,10.479999542236328,0,0.0,0.0
2024-09-17 00:00:00-04:00,10.5,10.5,10.470000267028809,10.489999771118164,1000,0.0,0.0
2024-09-18 00:00:00-04:00,10.494000434875488,10.5,10.470000267028809,10.489999771118164,1400,0.0,0.0
2024-09-19 00:00:00-04:00,10.489999771118164,10.489999771118164,10.489999771118164,10.489999771118164,0,0.0,0.0
2024-09-20 00:00:00-04:00,10.489999771118164,10.489999771118164,10.489999771118164,10.489999771118164,0,0.0,0.0
2024-09-23 00:00:00-04:00,10.489999771118164,10.489999771118164,10.489999771118164,10.489999771118164,0,0.0,0.0
2024-09-24 00:00:00-04:00,10.489999771118164,10.489999771118164,10.489999771118164,10.489999771118164,400,0.0,0.0
2024-09-25 00:00:00-04:00,10.489999771118164,10.5,10.489999771118164,10.5,150100,0.0,0.0
2024-09-26 00:00:00-04:00,10.479999542236328,10.479999542236328,10.479999542236328,10.479999542236328,2600,0.0,0.0
2024-09-27 00:00:00-04:00,10.479999542236328,10.479999542236328,10.479999542236328,10.479999542236328,0,0.0,0.0
2024-09-30 00:00:00-04:00,10.48799991607666,10.48799991607666,10.48799991607666,10.48799991607666,400,0.0,0.0
2024-10-01 00:00:00-04:00,10.48799991607666,10.48799991607666,10.48799991607666,10.48799991607666,100,0.0,0.0
2024-10-02 00:00:00-04:00,10.48799991607666,10.48799991607666,10.48799991607666,10.48799991607666,0,0.0,0.0
2024-10-03 00:00:00-04:00,10.48799991607666,10.48799991607666,10.48799991607666,10.48799991607666,0,0.0,0.0
2024-10-04 00:00:00-04:00,10.729999542236328,10.729999542236328,10.489999771118164,10.489999771118164,300,0.0,0.0
2024-10-07 00:00:00-04:00,10.529999732971191,10.529999732971191,10.529999732971191,10.529999732971191,600,0.0,0.0
2024-10-08 00:00:00-04:00,10.489999771118164,10.489999771118164,10.489999771118164,10.489999771118164,400,0.0,0.0
2024-10-09 00:00:00-04:00,10.489999771118164,10.489999771118164,10.489999771118164,10.489999771118164,20900,0.0,0.0
2024-10-10 00:00:00-04:00,10.489999771118164,10.489999771118164,10.489999771118164,10.489999771118164,2000,0.0,0.0
2024-10-11 00:00:00-04:00,10.460000038146973,10.460000038146973,10.460000038146973,10.460000038146973,2200,0.0,0.0
2024-10-14 00:00:00-04:00,10.460000038146973,10.460000038146973,10.460000038146973,10.460000038146973,0,0.0,0.0
2024-10-15 00:00:00-04:00,10.520999908447266,10.520999908447266,10.520999908447266,10.520999908447266,500,0.0,0.0
2024-10-16 00:00:00-04:00,10.510000228881836,10.510000228881836,10.5,10.5,68600,0.0,0.0
2024-10-17 00:00:00-04:00,10.520000457763672,10.880000114440918,10.5,10.529999732971191,33700,0.0,0.0
2024-10-18 00:00:00-04:00,10.520000457763672,11.569999694824219,10.520000457763672,10.529999732971191,3700,0.0,0.0
2024-10-21 00:00:00-04:00,10.550000190734863,10.59000015258789,10.529999732971191,10.550000190734863,8700,0.0,0.0
2024-10-22 00:00:00-04:00,10.5600004196167,10.5600004196167,10.5600004196167,10.5600004196167,500,0.0,0.0
2024-10-23 00:00:00-04:00,10.5600004196167,10.5600004196167,10.5600004196167,10.5600004196167,200,0.0,0.0
2024-10-24 00:00:00-04:00,10.520000457763672,11.569999694824219,10.510000228881836,10.5600004196167,19500,0.0,0.0
2024-10-25 00:00:00-04:00,10.539999961853027,11.074999809265137,10.510000228881836,10.579999923706055,13900,0.0,0.0
2024-10-28 00:00:00-04:00,10.600000381469727,10.600000381469727,10.510000228881836,10.539999961853027,15000,0.0,0.0
2024-10-29 00:00:00-04:00,10.529999732971191,10.550000190734863,10.520000457763672,10.550000190734863,5200,0.0,0.0
2024-10-30 00:00:00-04:00,10.539999961853027,10.550000190734863,10.539999961853027,10.550000190734863,21900,0.0,0.0
2024-10-31 00:00:00-04:00,10.539999961853027,10.5600004196167,10.539999961853027,10.539999961853027,1000,0.0,0.0
2024-11-01 00:00:00-04:00,10.569999694824219,10.569999694824219,10.569999694824219,10.569999694824219,600,0.0,0.0
2024-11-04 00:00:00-05:00,10.550000190734863,10.550000190734863,10.539999961853027,10.545000076293945,5100,0.0,0.0
2024-11-05 00:00:00-05:00,10.520000457763672,10.550000190734863,10.520000457763672,10.539999961853027,1800,0.0,0.0
2024-11-06 00:00:00-05:00,10.539999961853027,10.539999961853027,10.529999732971191,10.529999732971191,2000,0.0,0.0
2024-11-07 00:00:00-05:00,10.529999732971191,10.529999732971191,10.529999732971191,10.529999732971191,3200,0.0,0.0
2024-11-08 00:00:00-05:00,10.529999732971191,10.529999732971191,10.529999732971191,10.529999732971191,800,0.0,0.0
2024-11-11 00:00:00-05:00,10.529999732971191,10.539999961853027,10.529999732971191,10.539999961853027,25900,0.0,0.0
2024-11-12 00:00:00-05:00,10.539999961853027,10.569999694824219,10.539999961853027,10.569999694824219,25600,0.0,0.0
2024-11-13 00:00:00-05:00,11.574999809265137,11.574999809265137,10.539999961853027,10.760000228881836,51800,0.0,0.0
2024-11-14 00:00:00-05:00,10.595999717712402,10.600000381469727,10.569999694824219,10.569999694824219,2300,0.0,0.0
2024-11-15 00:00:00-05:00,10.859999656677246,11.949999809265137,10.539999961853027,10.550000190734863,47400,0.0,0.0
2024-11-18 00:00:00-05:00,10.550000190734863,11.585000038146973,10.550000190734863,10.579999923706055,23900,0.0,0.0
2024-11-19 00:00:00-05:00,10.579999923706055,11.630000114440918,10.550000190734863,10.579999923706055,41500,0.0,0.0
2024-11-20 00:00:00-05:00,10.699999809265137,10.805000305175781,10.5600004196167,10.609999656677246,29100,0.0,0.0
2024-11-21 00:00:00-05:00,10.64799976348877,10.807000160217285,10.550000190734863,10.5600004196167,17500,0.0,0.0
2024-11-22 00:00:00-05:00,10.5600004196167,10.5649995803833,10.550000190734863,10.5600004196167,18200,0.0,0.0
2024-11-25 00:00:00-05:00,10.550000190734863,10.583000183105469,10.539999961853027,10.550000190734863,11200,0.0,0.0
2024-11-26 00:00:00-05:00,10.550000190734863,10.550000190734863,10.550000190734863,10.550000190734863,0,0.0,0.0
2024-11-27 00:00:00-05:00,10.550000190734863,10.569999694824219,10.550000190734863,10.569999694824219,9000,0.0,0.0
2024-11-29 00:00:00-05:00,10.550000190734863,10.550000190734863,10.550000190734863,10.550000190734863,1000,0.0,0.0
2024-12-02 00:00:00-05:00,10.550000190734863,10.550000190734863,10.550000190734863,10.550000190734863,2800,0.0,0.0
2024-12-03 00:00:00-05:00,10.550000190734863,10.550000190734863,10.539999961853027,10.550000190734863,1700,0.0,0.0
2024-12-04 00:00:00-05:00,10.550000190734863,10.550000190734863,10.539999961853027,10.550000190734863,6500,0.0,0.0
2024-12-05 00:00:00-05:00,10.550000190734863,10.569999694824219,10.539999961853027,10.550000190734863,4500,0.0,0.0
2024-12-06 00:00:00-05:00,10.539999961853027,10.539999961853027,10.539999961853027,10.539999961853027,1400,0.0,0.0
2024-12-09 00:00:00-05:00,10.539999961853027,10.539999961853027,10.539999961853027,10.539999961853027,0,0.0,0.0
2024-12-10 00:00:00-05:00,10.539999961853027,10.539999961853027,10.539999961853027,10.539999961853027,0,0.0,0.0
2024-12-11 00:00:00-05:00,10.5600004196167,10.600000381469727,10.5600004196167,10.600000381469727,20800,0.0,0.0
2024-12-12 00:00:00-05:00,10.555999755859375,10.579999923706055,10.550000190734863,10.574999809265137,2100,0.0,0.0
2024-12-13 00:00:00-05:00,10.574999809265137,10.574999809265137,10.574999809265137,10.574999809265137,0,0.0,0.0
2024-12-16 00:00:00-05:00,10.569999694824219,10.569999694824219,10.569999694824219,10.569999694824219,1200,0.0,0.0
2024-12-17 00:00:00-05:00,10.579999923706055,10.609999656677246,10.579999923706055,10.585000038146973,271400,0.0,0.0
2024-12-18 00:00:00-05:00,10.600000381469727,10.609999656677246,10.59000015258789,10.59000015258789,105000,0.0,0.0
2024-12-19 00:00:00-05:00,10.59000015258789,10.59000015258789,10.59000015258789,10.59000015258789,1300,0.0,0.0
2024-12-20 00:00:00-05:00,10.597000122070312,10.597000122070312,10.59000015258789,10.59000015258789,9100,0.0,0.0
2024-12-23 00:00:00-05:00,10.600000381469727,10.600000381469727,10.600000381469727,10.600000381469727,19200,0.0,0.0
2024-12-24 00:00:00-05:00,10.619999885559082,10.619999885559082,10.619999885559082,10.619999885559082,1300,0.0,0.0
2024-12-26 00:00:00-05:00,10.619999885559082,10.619999885559082,10.619999885559082,10.619999885559082,0,0.0,0.0
2024-12-27 00:00:00-05:00,10.619999885559082,10.619999885559082,10.619999885559082,10.619999885559082,0,0.0,0.0
2024-12-30 00:00:00-05:00,10.65999984741211,10.670000076293945,10.65999984741211,10.670000076293945,1500,0.0,0.0
2024-12-31 00:00:00-05:00,10.640000343322754,10.640000343322754,10.640000343322754,10.640000343322754,200,0.0,0.0
2025-01-02 00:00:00-05:00,10.670000076293945,10.670000076293945,10.609999656677246,10.640000343322754,55200,0.0,0.0
2025-01-03 00:00:00-05:00,10.619999885559082,10.630000114440918,10.619999885559082,10.619999885559082,1900,0.0,0.0
2025-01-06 00:00:00-05:00,10.609999656677246,10.663000106811523,10.609999656677246,10.614999771118164,12100,0.0,0.0
2025-01-07 00:00:00-05:00,10.609999656677246,10.66100025177002,10.609999656677246,10.619999885559082,129100,0.0,0.0
2025-01-08 00:00:00-05:00,10.661999702453613,10.661999702453613,10.661999702453613,10.661999702453613,300,0.0,0.0
2025-01-10 00:00:00-05:00,10.65999984741211,10.65999984741211,10.630000114440918,10.630000114440918,126600,0.0,0.0
2025-01-13 00:00:00-05:00,10.670000076293945,10.670000076293945,10.640000343322754,10.649999618530273,28400,0.0,0.0
2025-01-14 00:00:00-05:00,10.649999618530273,10.680000305175781,10.649999618530273,10.65999984741211,131300,0.0,0.0
2025-01-15 00:00:00-05:00,10.678999900817871,10.678999900817871,10.678999900817871,10.678999900817871,2300,0.0,0.0
2025-01-16 00:00:00-05:00,10.678999900817871,10.678999900817871,10.678999900817871,10.678999900817871,0,0.0,0.0
2025-01-17 00:00:00-05:00,10.680000305175781,10.680000305175781,10.670000076293945,10.670000076293945,500,0.0,0.0
2025-01-21 00:00:00-05:00,10.670000076293945,10.67300033569336,10.670000076293945,10.670000076293945,3200,0.0,0.0
2025-01-22 00:00:00-05:00,10.670000076293945,10.6850004196167,10.670000076293945,10.6850004196167,1100,0.0,0.0
2025-01-23 00:00:00-05:00,10.670000076293945,10.670000076293945,10.670000076293945,10.670000076293945,300,0.0,0.0
2025-01-24 00:00:00-05:00,10.6899995803833,10.6899995803833,10.670000076293945,10.6899995803833,7000,0.0,0.0
2025-01-27 00:00:00-05:00,10.680000305175781,10.699999809265137,10.670000076293945,10.670000076293945,1500,0.0,0.0
2025-01-28 00:00:00-05:00,10.670000076293945,10.680000305175781,10.670000076293945,10.680000305175781,700,0.0,0.0
2025-01-29 00:00:00-05:00,10.696000099182129,10.699999809265137,10.680000305175781,10.699999809265137,2700,0.0,0.0
2025-01-30 00:00:00-05:00,10.680000305175781,10.699999809265137,10.680000305175781,10.699999809265137,5400,0.0,0.0
2025-01-31 00:00:00-05:00,10.699999809265137,10.699999809265137,10.680000305175781,10.680000305175781,1300,0.0,0.0
2025-02-03 00:00:00-05:00,10.723999977111816,10.72599983215332,10.696999549865723,10.699999809265137,2600,0.0,0.0
2025-02-04 00:00:00-05:00,10.682999610900879,10.729999542236328,10.680000305175781,10.680000305175781,1700,0.0,0.0
2025-02-05 00:00:00-05:00,10.680000305175781,10.680000305175781,10.680000305175781,10.680000305175781,1000,0.0,0.0
2025-02-06 00:00:00-05:00,10.680000305175781,10.680000305175781,10.680000305175781,10.680000305175781,700,0.0,0.0
2025-02-07 00:00:00-05:00,10.722999572753906,10.722999572753906,10.699999809265137,10.699999809265137,67000,0.0,0.0
2025-02-10 00:00:00-05:00,10.710000038146973,10.710000038146973,10.699999809265137,10.710000038146973,13000,0.0,0.0
2025-02-11 00:00:00-05:00,10.71500015258789,10.72700023651123,10.6899995803833,10.6899995803833,10500,0.0,0.0
2025-02-12 00:00:00-05:00,10.699999809265137,10.699999809265137,10.699999809265137,10.699999809265137,5700,0.0,0.0
2025-02-13 00:00:00-05:00,10.710000038146973,10.710000038146973,10.699999809265137,10.699999809265137,9600,0.0,0.0
2025-02-14 00:00:00-05:00,10.699999809265137,10.699999809265137,10.6899995803833,10.699999809265137,19100,0.0,0.0
2025-02-18 00:00:00-05:00,10.699999809265137,10.699999809265137,10.6899995803833,10.6899995803833,9000,0.0,0.0
2025-02-19 00:00:00-05:00,10.699999809265137,10.710000038146973,10.699999809265137,10.710000038146973,28400,0.0,0.0
2025-02-20 00:00:00-05:00,10.710000038146973,10.729999542236328,10.710000038146973,10.720000267028809,1100,0.0,0.0
2025-02-21 00:00:00-05:00,10.729000091552734,10.729000091552734,10.710000038146973,10.720000267028809,21100,0.0,0.0
2025-02-24 00:00:00-05:00,10.729999542236328,10.729999542236328,10.723999977111816,10.729999542236328,1800,0.0,0.0
2025-02-25 00:00:00-05:00,10.720000267028809,10.720000267028809,10.720000267028809,10.720000267028809,600,0.0,0.0
2025-02-26 00:00:00-05:00,10.739999771118164,10.739999771118164,10.739999771118164,10.739999771118164,5300,0.0,0.0
2025-02-27 00:00:00-05:00,10.739999771118164,10.739999771118164,10.739999771118164,10.739999771118164,1100,0.0,0.0
2025-02-28 00:00:00-05:00,10.729999542236328,10.75,10.729999542236328,10.739999771118164,23800,0.0,0.0
2025-03-03 00:00:00-05:00,10.744999885559082,10.744999885559082,10.739999771118164,10.739999771118164,11100,0.0,0.0
2025-03-04 00:00:00-05:00,10.739999771118164,10.75,10.739999771118164,10.75,5300,0.0,0.0
2025-03-05 00:00:00-05:00,10.75,10.75,10.739999771118164,10.75,7400,0.0,0.0
2025-03-06 00:00:00-05:00,10.75,10.75,10.75,10.75,300,0.0,0.0
2025-03-07 00:00:00-05:00,10.755000114440918,10.770000457763672,10.75,10.758000373840332,5800,0.0,0.0
2025-03-10 00:00:00-04:00,10.760000228881836,10.760000228881836,10.75,10.75,4700,0.0,0.0
2025-03-11 00:00:00-04:00,10.770000457763672,10.770000457763672,10.770000457763672,10.770000457763672,1100,0.0,0.0
2025-03-12 00:00:00-04:00,10.75,10.75,10.75,10.75,300,0.0,0.0
2025-03-13 00:00:00-04:00,10.75,10.75,10.75,10.75,100,0.0,0.0
2025-03-14 00:00:00-04:00,10.75,10.75,10.75,10.75,0,0.0,0.0
2025-03-17 00:00:00-04:00,10.75,10.75,10.720000267028809,10.720000267028809,25300,0.0,0.0
2025-03-18 00:00:00-04:00,10.729999542236328,10.75100040435791,10.729999542236328,10.75100040435791,1900,0.0,0.0
2025-03-19 00:00:00-04:00,10.75100040435791,10.75100040435791,10.75100040435791,10.75100040435791,0,0.0,0.0
2025-03-20 00:00:00-04:00,10.75100040435791,10.75100040435791,10.75100040435791,10.75100040435791,0,0.0,0.0
2025-03-21 00:00:00-04:00,10.779999732971191,10.789999961853027,10.779999732971191,10.784000396728516,900,0.0,0.0
2025-03-24 00:00:00-04:00,10.793000221252441,10.800000190734863,10.760000228881836,10.760000228881836,8200,0.0,0.0
2025-03-25 00:00:00-04:00,10.75,10.800000190734863,10.739999771118164,10.75,3300,0.0,0.0
2025-03-26 00:00:00-04:00,10.75,10.75,10.75,10.75,0,0.0,0.0
2025-03-27 00:00:00-04:00,10.75,10.75,10.75,10.75,0,0.0,0.0
2025-03-28 00:00:00-04:00,10.760000228881836,10.8100004196167,10.760000228881836,10.800000190734863,500,0.0,0.0
2025-03-31 00:00:00-04:00,10.800000190734863,10.800000190734863,10.800000190734863,10.800000190734863,0,0.0,0.0
2025-04-01 00:00:00-04:00,10.807000160217285,10.807000160217285,10.75,10.75,1700,0.0,0.0
2025-04-02 00:00:00-04:00,10.763999938964844,10.763999938964844,10.760000228881836,10.760000228881836,4400,0.0,0.0
2025-04-03 00:00:00-04:00,10.760000228881836,10.760000228881836,10.760000228881836,10.760000228881836,0,0.0,0.0
2025-04-04 00:00:00-04:00,10.710000038146973,10.765000343322754,10.710000038146973,10.729999542236328,2400,0.0,0.0
2025-04-07 00:00:00-04:00,10.777999877929688,10.779999732971191,10.75,10.763999938964844,6300,0.0,0.0
2025-04-08 00:00:00-04:00,10.760000228881836,10.760000228881836,10.760000228881836,10.760000228881836,1200,0.0,0.0
2025-04-09 00:00:00-04:00,10.760000228881836,10.760000228881836,10.760000228881836,10.760000228881836,0,0.0,0.0
2025-04-10 00:00:00-04:00,10.770000457763672,10.770000457763672,10.770000457763672,10.770000457763672,600,0.0,0.0
2025-04-11 00:00:00-04:00,10.770000457763672,10.770000457763672,10.770000457763672,10.770000457763672,0,0.0,0.0
2025-04-14 00:00:00-04:00,10.850000381469727,10.890000343322754,10.779999732971191,10.880000114440918,6600,0.0,0.0
2025-04-15 00:00:00-04:00,10.850000381469727,10.850000381469727,10.817000389099121,10.817000389099121,6600,0.0,0.0
2025-04-16 00:00:00-04:00,10.800000190734863,10.800000190734863,10.770000457763672,10.789999961853027,58900,0.0,0.0
2025-04-17 00:00:00-04:00,10.789999961853027,10.789999961853027,10.789999961853027,10.789999961853027,0,0.0,0.0
2025-04-21 00:00:00-04:00,10.789999961853027,10.807000160217285,10.789999961853027,10.800000190734863,103100,0.0,0.0
2025-04-22 00:00:00-04:00,10.789999961853027,10.800000190734863,10.789999961853027,10.789999961853027,1400,0.0,0.0
2025-04-23 00:00:00-04:00,10.789999961853027,10.789999961853027,10.789999961853027,10.789999961853027,0,0.0,0.0
2025-04-24 00:00:00-04:00,10.888999938964844,10.890000343322754,10.800000190734863,10.800000190734863,7700,0.0,0.0
2025-04-25 00:00:00-04:00,10.800000190734863,10.829999923706055,10.800000190734863,10.800000190734863,246700,0.0,0.0
2025-04-28 00:00:00-04:00,10.859999656677246,10.859999656677246,10.824000358581543,10.850000381469727,10000,0.0,0.0
2025-04-29 00:00:00-04:00,10.859999656677246,10.859999656677246,10.8100004196167,10.8100004196167,1600,0.0,0.0
2025-04-30 00:00:00-04:00,10.84000015258789,10.869999885559082,10.819999694824219,10.829999923706055,52900,0.0,0.0
2025-05-01 00:00:00-04:00,10.869999885559082,10.869999885559082,10.819999694824219,10.819999694824219,2300,0.0,0.0
2025-05-02 00:00:00-04:00,10.880000114440918,10.880000114440918,10.819999694824219,10.819999694824219,1400,0.0,0.0
2025-05-05 00:00:00-04:00,10.869999885559082,10.869999885559082,10.829999923706055,10.829999923706055,1100,0.0,0.0
2025-05-06 00:00:00-04:00,10.850000381469727,10.850000381469727,10.829999923706055,10.829999923706055,600,0.0,0.0
2025-05-07 00:00:00-04:00,10.847999572753906,10.847999572753906,10.847999572753906,10.847999572753906,800,0.0,0.0
2025-05-08 00:00:00-04:00,10.829999923706055,10.829999923706055,10.829999923706055,10.829999923706055,400,0.0,0.0
2025-05-09 00:00:00-04:00,10.869999885559082,10.869999885559082,10.869999885559082,10.869999885559082,200,0.0,0.0
2025-05-12 00:00:00-04:00,10.880000114440918,10.880000114440918,10.859999656677246,10.869999885559082,32000,0.0,0.0
2025-05-13 00:00:00-04:00,10.829999923706055,10.861000061035156,10.829999923706055,10.850000381469727,161800,0.0,0.0
2025-05-14 00:00:00-04:00,10.869999885559082,10.899999618530273,10.850000381469727,10.899999618530273,5400,0.0,0.0
2025-05-15 00:00:00-04:00,10.850000381469727,10.899999618530273,10.84000015258789,10.899999618530273,33800,0.0,0.0
2025-05-16 00:00:00-04:00,10.899999618530273,10.899999618530273,10.890000343322754,10.890000343322754,500,0.0,0.0
2025-05-19 00:00:00-04:00,10.90999984741211,10.90999984741211,10.850000381469727,10.850000381469727,2600,0.0,0.0
2025-05-20 00:00:00-04:00,10.90999984741211,10.90999984741211,10.850000381469727,10.899999618530273,1900,0.0,0.0
2025-05-21 00:00:00-04:00,10.899999618530273,10.899999618530273,10.843000411987305,10.843000411987305,1600,0.0,0.0
2025-05-22 00:00:00-04:00,10.850000381469727,10.899999618530273,10.84000015258789,10.869999885559082,104400,0.0,0.0
2025-05-23 00:00:00-04:00,10.84000015258789,10.869999885559082,10.84000015258789,10.850000381469727,800,0.0,0.0
2025-05-27 00:00:00-04:00,10.869999885559082,10.875,10.845000267028809,10.875,101900,0.0,0.0
2025-05-28 00:00:00-04:00,10.850000381469727,10.869999885559082,10.850000381469727,10.869999885559082,300,0.0,0.0
2025-05-29 00:00:00-04:00,10.850000381469727,10.869999885559082,10.847999572753906,10.847999572753906,400,0.0,0.0
2025-05-30 00:00:00-04:00,10.84000015258789,10.869999885559082,10.84000015258789,10.869999885559082,95500,0.0,0.0
2025-06-02 00:00:00-04:00,10.869999885559082,10.869999885559082,10.859999656677246,10.869999885559082,100900,0.0,0.0
2025-06-03 00:00:00-04:00,10.869999885559082,10.90999984741211,10.869999885559082,10.890000343322754,820800,0.0,0.0
2025-06-04 00:00:00-04:00,10.880999565124512,10.890000343322754,10.880000114440918,10.880000114440918,44900,0.0,0.0
2025-06-05 00:00:00-04:00,10.859999656677246,10.890000343322754,10.859999656677246,10.890000343322754,8000,0.0,0.0
2025-06-06 00:00:00-04:00,10.890000343322754,10.890000343322754,10.880000114440918,10.880000114440918,3500,0.0,0.0
2025-06-09 00:00:00-04:00,10.869999885559082,10.899999618530273,10.869999885559082,10.885000228881836,9300,0.0,0.0
2025-06-10 00:00:00-04:00,10.859999656677246,10.890000343322754,10.859999656677246,10.880000114440918,47900,0.0,0.0
2025-06-11 00:00:00-04:00,10.880999565124512,10.890000343322754,10.880000114440918,10.880000114440918,3200,0.0,0.0
2025-06-12 00:00:00-04:00,10.890000343322754,10.890000343322754,10.880000114440918,10.880000114440918,731600,0.0,0.0
2025-06-13 00:00:00-04:00,10.875,10.875,10.875,10.875,13300,0.0,0.0
2025-06-16 00:00:00-04:00,10.859999656677246,10.890000343322754,10.859999656677246,10.869999885559082,27300,0.0,0.0
2025-06-17 00:00:00-04:00,10.869999885559082,10.869999885559082,10.869999885559082,10.869999885559082,14500,0.0,0.0
2025-06-18 00:00:00-04:00,10.890000343322754,10.890000343322754,10.869999885559082,10.869999885559082,700,0.0,0.0
2025-06-20 00:00:00-04:00,10.880000114440918,10.890000343322754,10.869999885559082,10.890000343322754,11400,0.0,0.0
2025-06-23 00:00:00-04:00,10.859999656677246,10.880000114440918,10.859999656677246,10.880000114440918,2700,0.0,0.0
2025-06-24 00:00:00-04:00,10.890000343322754,10.890000343322754,10.880000114440918,10.885000228881836,816000,0.0,0.0
2025-06-25 00:00:00-04:00,10.861000061035156,10.899999618530273,10.859999656677246,10.880000114440918,10800,0.0,0.0
2025-06-26 00:00:00-04:00,10.899999618530273,10.899999618530273,10.859999656677246,10.880000114440918,2200,0.0,0.0
2025-06-27 00:00:00-04:00,10.890000343322754,10.90999984741211,10.890000343322754,10.90999984741211,1300,0.0,0.0
2025-06-30 00:00:00-04:00,10.859999656677246,10.899999618530273,10.859999656677246,10.899999618530273,317600,0.0,0.0
2025-07-01 00:00:00-04:00,10.906000137329102,10.906000137329102,10.880000114440918,10.890000343322754,14100,0.0,0.0
2025-07-02 00:00:00-04:00,10.880000114440918,10.89900016784668,10.869999885559082,10.875,26400,0.0,0.0
2025-07-03 00:00:00-04:00,10.90999984741211,11.0,10.90999984741211,11.0,800,0.0,0.0
2025-07-07 00:00:00-04:00,11.0,11.0,11.0,11.0,0,0.0,0.0
2025-07-08 00:00:00-04:00,11.0,11.0,10.880000114440918,10.899999618530273,1400,0.0,0.0
2025-07-09 00:00:00-04:00,10.890000343322754,11.145000457763672,10.869999885559082,11.145000457763672,400,0.0,0.0
2025-07-10 00:00:00-04:00,10.96500015258789,10.96500015258789,10.90999984741211,10.90999984741211,900,0.0,0.0
2025-07-11 00:00:00-04:00,10.949999809265137,10.949999809265137,10.890000343322754,10.899999618530273,1200,0.0,0.0
2025-07-14 00:00:00-04:00,10.930000305175781,10.949999809265137,10.880000114440918,10.930000305175781,78300,0.0,0.0
2025-07-15 00:00:00-04:00,10.930000305175781,10.930000305175781,10.899999618530273,10.920000076293945,41200,0.0,0.0
2025-07-16 00:00:00-04:00,10.930000305175781,10.96399974822998,10.899999618530273,10.930000305175781,75000,0.0,0.0
2025-07-17 00:00:00-04:00,10.970000267028809,10.970000267028809,10.944999694824219,10.949999809265137,4100,0.0,0.0
2025-07-18 00:00:00-04:00,10.949999809265137,10.949999809265137,10.899999618530273,10.930000305175781,9800,0.0,0.0
2025-07-21 00:00:00-04:00,10.960000038146973,10.960000038146973,10.949999809265137,10.960000038146973,28000,0.0,0.0
2025-07-22 00:00:00-04:00,10.9350004196167,10.960000038146973,10.899999618530273,10.960000038146973,11800,0.0,0.0
2025-07-23 00:00:00-04:00,10.956000328063965,10.960000038146973,10.9399995803833,10.960000038146973,20800,0.0,0.0
2025-07-24 00:00:00-04:00,10.989999771118164,10.989999771118164,10.90999984741211,10.90999984741211,300,0.0,0.0
2025-07-25 00:00:00-04:00,10.960000038146973,10.960000038146973,10.9399995803833,10.9399995803833,4600,0.0,0.0
2025-07-28 00:00:00-04:00,10.989999771118164,10.989999771118164,10.90999984741211,10.90999984741211,4500,0.0,0.0
2025-07-29 00:00:00-04:00,10.989999771118164,11.0,10.960000038146973,10.960000038146973,26500,0.0,0.0
2025-07-30 00:00:00-04:00,10.970000267028809,10.98900032043457,10.949999809265137,10.949999809265137,19900,0.0,0.0
2025-07-31 00:00:00-04:00,11.0,11.0,11.0,11.0,100,0.0,0.0
2025-08-01 00:00:00-04:00,10.960000038146973,11.0,10.960000038146973,11.0,200,0.0,0.0
2025-08-04 00:00:00-04:00,10.940999984741211,10.989999771118164,10.90999984741211,10.989999771118164,8600,0.0,0.0
2025-08-05 00:00:00-04:00,11.0,11.0,10.970000267028809,10.970000267028809,10100,0.0,0.0
2025-08-06 00:00:00-04:00,11.0,11.0,10.979999542236328,11.0,900,0.0,0.0
2025-08-07 00:00:00-04:00,11.0,11.0,11.0,11.0,200,0.0,0.0
2025-08-08 00:00:00-04:00,10.968000411987305,10.968000411987305,10.960000038146973,10.960000038146973,2500,0.0,0.0
2025-08-11 00:00:00-04:00,10.970000267028809,11.0,10.970000267028809,11.0,300,0.0,0.0
2025-08-12 00:00:00-04:00,11.0,11.0,11.0,11.0,300,0.0,0.0
2025-08-13 00:00:00-04:00,11.0,11.0,10.90999984741211,10.954999923706055,11100,0.0,0.0
2025-08-14 00:00:00-04:00,11.0,11.0,10.90999984741211,11.0,2300,0.0,0.0
2025-08-15 00:00:00-04:00,11.0,11.0,10.970000267028809,10.970000267028809,200,0.0,0.0
2025-08-18 00:00:00-04:00,11.0,11.0,10.989999771118164,11.0,5100,0.0,0.0
2025-08-19 00:00:00-04:00,11.0,11.0,10.930000305175781,11.0,1200,0.0,0.0
2025-08-20 00:00:00-04:00,11.0,11.0,11.0,11.0,200,0.0,0.0
2025-08-21 00:00:00-04:00,11.0,11.0,10.9399995803833,11.0,2800,0.0,0.0
2025-08-22 00:00:00-04:00,10.949999809265137,10.970000267028809,10.949999809265137,10.970000267028809,6400,0.0,0.0
2025-08-25 00:00:00-04:00,10.979999542236328,10.979999542236328,10.979999542236328,10.979999542236328,100,0.0,0.0
2025-08-26 00:00:00-04:00,10.949999809265137,10.949999809265137,10.930000305175781,10.949999809265137,3200,0.0,0.0
2025-08-27 00:00:00-04:00,10.960000038146973,10.960000038146973,10.949999809265137,10.949999809265137,2300,0.0,0.0
2025-08-28 00:00:00-04:00,10.949999809265137,10.949999809265137,10.949999809265137,10.949999809265137,0,0.0,0.0
2025-08-29 00:00:00-04:00,10.949999809265137,10.949999809265137,10.949999809265137,10.949999809265137,0,0.0,0.0
2025-09-02 00:00:00-04:00,10.960000038146973,10.960000038146973,10.949999809265137,10.949999809265137,1300,0.0,0.0
2025-09-03 00:00:00-04:00,10.979999542236328,10.982999801635742,10.949999809265137,10.982999801635742,6900,0.0,0.0
2025-09-04 00:00:00-04:00,10.982999801635742,10.982999801635742,10.982999801635742,10.982999801635742,0,0.0,0.0
2025-09-05 00:00:00-04:00,10.949999809265137,10.949999809265137,10.949999809265137,10.949999809265137,1000,0.0,0.0
2025-09-08 00:00:00-04:00,11.0,11.0,10.949999809265137,10.949999809265137,1300,0.0,0.0
2025-09-09 00:00:00-04:00,10.970000267028809,10.970000267028809,10.970000267028809,10.970000267028809,400,0.0,0.0
2025-09-10 00:00:00-04:00,10.899999618530273,11.0,10.899999618530273,11.0,5900,0.0,0.0
2025-09-11 00:00:00-04:00,10.949999809265137,10.949999809265137,10.949999809265137,10.949999809265137,3100,0.0,0.0
2025-09-12 00:00:00-04:00,11.0,11.0,10.949999809265137,10.949999809265137,1500,0.0,0.0
2025-09-15 00:00:00-04:00,10.949999809265137,10.949999809265137,10.949999809265137,10.949999809265137,3100,0.0,0.0
2025-09-16 00:00:00-04:00,10.982999801635742,11.149999618530273,10.975000381469727,11.149999618530273,34800,0.0,0.0
2025-09-17 00:00:00-04:00,11.149999618530273,11.149999618530273,11.079999923706055,11.079999923706055,8000,0.0,0.0
2025-09-18 00:00:00-04:00,11.119999885559082,11.119999885559082,11.119999885559082,11.119999885559082,1000,0.0,0.0
2025-09-19 00:00:00-04:00,11.119999885559082,11.350000381469727,11.095000267028809,11.350000381469727,35300,0.0,0.0
2025-09-22 00:00:00-04:00,11.350000381469727,11.600000381469727,11.305999755859375,11.600000381469727,124700,0.0,0.0
2025-09-23 00:00:00-04:00,11.600000381469727,12.0,11.390000343322754,11.741000175476074,39700,0.0,0.0
2025-09-24 00:00:00-04:00,11.770000457763672,11.8100004196167,11.609999656677246,11.770000457763672,5800,0.0,0.0
2025-09-25 00:00:00-04:00,11.770000457763672,11.770000457763672,11.609999656677246,11.609999656677246,2300,0.0,0.0
2025-09-26 00:00:00-04:00,11.779999732971191,11.800000190734863,11.699999809265137,11.699999809265137,600,0.0,0.0
2025-09-29 00:00:00-04:00,11.609999656677246,11.699999809265137,11.609999656677246,11.625,7900,0.0,0.0
2025-09-30 00:00:00-04:00,11.6899995803833,11.850000381469727,11.609999656677246,11.630000114440918,1000,0.0,0.0
2025-10-01 00:00:00-04:00,11.770000457763672,11.789999961853027,11.609999656677246,11.649999618530273,3600,0.0,0.0
2025-10-02 00:00:00-04:00,11.649999618530273,11.699999809265137,11.420000076293945,11.699999809265137,6400,0.0,0.0
2025-10-03 00:00:00-04:00,11.949999809265137,11.949999809265137,11.899999618530273,11.899999618530273,300,0.0,0.0
2025-10-06 00:00:00-04:00,11.9399995803833,12.010000228881836,11.76200008392334,12.0,20900,0.0,0.0
2025-10-07 00:00:00-04:00,11.899999618530273,11.899999618530273,11.770000457763672,11.850000381469727,10500,0.0,0.0
2025-10-08 00:00:00-04:00,11.850000381469727,11.899999618530273,11.609999656677246,11.609999656677246,18600,0.0,0.0
2025-10-09 00:00:00-04:00,11.710000038146973,11.899999618530273,11.710000038146973,11.899999618530273,600,0.0,0.0
2025-10-10 00:00:00-04:00,11.677000045776367,11.899999618530273,11.65999984741211,11.899999618530273,45100,0.0,0.0
2025-10-13 00:00:00-04:00,11.866999626159668,11.890000343322754,11.5600004196167,11.5600004196167,9400,0.0,0.0
2025-10-14 00:00:00-04:00,11.699999809265137,11.899999618530273,11.5,11.520000457763672,32000,0.0,0.0
2025-10-15 00:00:00-04:00,11.529999732971191,11.680000305175781,11.529999732971191,11.680000305175781,1200,0.0,0.0
2025-10-16 00:00:00-04:00,11.520000457763672,11.6899995803833,11.520000457763672,11.670000076293945,30100,0.0,0.0
2025-10-17 00:00:00-04:00,11.595000267028809,11.595000267028809,11.595000267028809,11.595000267028809,200,0.0,0.0
2025-10-20 00:00:00-04:00,11.600000381469727,11.600000381469727,11.449999809265137,11.520000457763672,9700,0.0,0.0
2025-10-21 00:00:00-04:00,11.380000114440918,11.380000114440918,11.380000114440918,11.380000114440918,200,0.0,0.0
2025-10-22 00:00:00-04:00,11.380000114440918,11.380000114440918,11.100000381469727,11.34000015258789,16600,0.0,0.0
2025-10-23 00:00:00-04:00,11.350000381469727,11.6899995803833,11.350000381469727,11.640000343322754,7100,0.0,0.0
2025-10-24 00:00:00-04:00,11.539999961853027,11.550000190734863,11.4399995803833,11.50100040435791,4000,0.0,0.0
2025-10-27 00:00:00-04:00,11.513999938964844,11.640000343322754,11.489999771118164,11.569999694824219,8400,0.0,0.0
2025-10-28 00:00:00-04:00,11.57800006866455,11.600000381469727,11.510000228881836,11.550000190734863,7900,0.0,0.0
2025-10-29 00:00:00-04:00,11.489999771118164,11.489999771118164,11.350000381469727,11.371000289916992,10500,0.0,0.0
2025-10-30 00:00:00-04:00,11.449999809265137,11.449999809265137,11.361000061035156,11.449999809265137,4100,0.0,0.0
2025-10-31 00:00:00-04:00,11.359999656677246,11.359999656677246,11.359999656677246,11.359999656677246,100,0.0,0.0
2025-11-03 00:00:00-05:00,11.479999542236328,11.479999542236328,11.447999954223633,11.468999862670898,1200,0.0,0.0
2025-11-04 00:00:00-05:00,11.300000190734863,11.300000190734863,11.300000190734863,11.300000190734863,300,0.0,0.0
2025-11-05 00:00:00-05:00,11.300000190734863,11.300000190734863,11.300000190734863,11.300000190734863,0,0.0,0.0
2025-11-06 00:00:00-05:00,11.399999618530273,11.399999618530273,11.244999885559082,11.274999618530273,14300,0.0,0.0
2025-11-07 00:00:00-05:00,11.119999885559082,11.300000190734863,11.119999885559082,11.295999526977539,2400,0.0,0.0
2025-11-10 00:00:00-05:00,11.3100004196167,11.539999961853027,11.25,11.300000190734863,12000,0.0,0.0
2025-11-11 00:00:00-05:00,11.230999946594238,11.319999694824219,11.119999885559082,11.319999694824219,14000,0.0,0.0
2025-11-12 00:00:00-05:00,11.170000076293945,11.39799976348877,11.170000076293945,11.300000190734863,3800,0.0,0.0
2025-11-13 00:00:00-05:00,11.170000076293945,11.331000328063965,11.140000343322754,11.23900032043457,13500,0.0,0.0
2025-11-14 00:00:00-05:00,11.244999885559082,11.289999961853027,11.199999809265137,11.23900032043457,7700,0.0,0.0
2025-11-17 00:00:00-05:00,11.149999618530273,11.1850004196167,11.149999618530273,11.1850004196167,900,0.0,0.0
2025-11-18 00:00:00-05:00,11.140000343322754,11.196999549865723,11.119999885559082,11.1899995803833,4000,0.0,0.0
2025-11-19 00:00:00-05:00,11.109999656677246,11.180000305175781,11.09000015258789,11.149999618530273,35200,0.0,0.0
2025-11-20 00:00:00-05:00,11.149999618530273,11.180000305175781,11.069999694824219,11.149999618530273,5200,0.0,0.0
2025-11-21 00:00:00-05:00,11.180000305175781,11.1899995803833,11.039999961853027,11.1899995803833,8200,0.0,0.0
2025-11-24 00:00:00-05:00,11.289999961853027,11.460000038146973,11.109999656677246,11.1899995803833,13100,0.0,0.0
2025-11-25 00:00:00-05:00,11.069999694824219,11.25,11.069999694824219,11.25,2700,0.0,0.0
2025-11-26 00:00:00-05:00,11.180000305175781,11.25,11.140000343322754,11.25,10600,0.0,0.0
2025-11-28 00:00:00-05:00,11.149999618530273,11.15999984741211,11.119999885559082,11.149999618530273,90300,0.0,0.0
2025-12-01 00:00:00-05:00,11.149999618530273,11.201000213623047,11.140000343322754,11.140000343322754,130600,0.0,0.0
2025-12-02 00:00:00-05:00,11.119999885559082,11.149999618530273,11.119999885559082,11.149999618530273,6100,0.0,0.0
2025-12-03 00:00:00-05:00,11.300000190734863,11.300000190734863,11.119999885559082,11.149999618530273,7900,0.0,0.0
2025-12-04 00:00:00-05:00,11.25,11.25,11.149999618530273,11.149999618530273,300,0.0,0.0
2025-12-05 00:00:00-05:00,11.119999885559082,11.25,11.119999885559082,11.149999618530273,74600,0.0,0.0
2025-12-08 00:00:00-05:00,11.149999618530273,11.170000076293945,11.149999618530273,11.170000076293945,300,0.0,0.0
2025-12-09 00:00:00-05:00,11.25,11.25,11.140000343322754,11.170000076293945,400,0.0,0.0
2025-12-10 00:00:00-05:00,11.25,11.399999618530273,11.170000076293945,11.369999885559082,6700,0.0,0.0
2025-12-11 00:00:00-05:00,11.329999923706055,11.329999923706055,11.130000114440918,11.149999618530273,2000,0.0,0.0
2025-12-12 00:00:00-05:00,11.229999542236328,11.229999542236328,11.140000343322754,11.149999618530273,15900,0.0,0.0
2025-12-15 00:00:00-05:00,11.149999618530273,11.149999618530273,11.149999618530273,11.149999618530273,0,0.0,0.0
2025-12-16 00:00:00-05:00,11.229999542236328,11.229999542236328,11.229999542236328,11.229999542236328,500,0.0,0.0
2025-12-17 00:00:00-05:00,11.1899995803833,11.1899995803833,11.1899995803833,11.1899995803833,700,0.0,0.0
2025-12-18 00:00:00-05:00,11.199999809265137,11.199999809265137,11.199999809265137,11.199999809265137,3400,0.0,0.0
2025-12-19 00:00:00-05:00,11.300000190734863,11.300000190734863,11.300000190734863,11.300000190734863,500,0.0,0.0
2025-12-22 00:00:00-05:00,11.399999618530273,11.399999618530273,11.199999809265137,11.300000190734863,1100,0.0,0.0
2025-12-23 00:00:00-05:00,11.15999984741211,11.300000190734863,11.130000114440918,11.25,19800,0.0,0.0
2025-12-24 00:00:00-05:00,11.210000038146973,11.210000038146973,11.15999984741211,11.15999984741211,2000,0.0,0.0
2025-12-26 00:00:00-05:00,11.289999961853027,11.289999961853027,11.289999961853027,11.289999961853027,200,0.0,0.0
2025-12-29 00:00:00-05:00,11.130000114440918,11.300000190734863,11.130000114440918,11.300000190734863,500,0.0,0.0
2025-12-30 00:00:00-05:00,11.300000190734863,11.520000457763672,11.25,11.470000267028809,15300,0.0,0.0
2025-12-31 00:00:00-05:00,11.430000305175781,11.430000305175781,11.430000305175781,11.430000305175781,300,0.0,0.0
2026-01-02 00:00:00-05:00,11.430000305175781,11.430000305175781,11.430000305175781,11.430000305175781,0,0.0,0.0
2026-01-05 00:00:00-05:00,11.430000305175781,11.430000305175781,11.430000305175781,11.430000305175781,0,0.0,0.0
2026-01-06 00:00:00-05:00,11.430000305175781,11.430000305175781,11.430000305175781,11.430000305175781,0,0.0,0.0
2026-01-07 00:00:00-05:00,11.470000267028809,11.470000267028809,11.470000267028809,11.470000267028809,200,0.0,0.0
2026-01-08 00:00:00-05:00,11.348999977111816,11.348999977111816,11.348999977111816,11.348999977111816,1300,0.0,0.0
2026-01-09 00:00:00-05:00,11.348999977111816,11.348999977111816,11.348999977111816,11.348999977111816,0,0.0,0.0
2026-01-12 00:00:00-05:00,11.348999977111816,11.348999977111816,11.348999977111816,11.348999977111816,0,0.0,0.0
2026-01-13 00:00:00-05:00,11.348999977111816,11.348999977111816,11.348999977111816,11.348999977111816,0,0.0,0.0
2026-01-14 00:00:00-05:00,11.348999977111816,11.348999977111816,11.348999977111816,11.348999977111816,0,0.0,0.0
2026-01-15 00:00:00-05:00,11.350000381469727,11.350000381469727,11.335000038146973,11.335000038146973,400,0.0,0.0
2026-01-16 00:00:00-05:00,11.335000038146973,11.335000038146973,11.335000038146973,11.335000038146973,0,0.0,0.0
2026-01-20 00:00:00-05:00,11.34000015258789,11.34000015258789,11.34000015258789,11.34000015258789,200,0.0,0.0
2026-01-21 00:00:00-05:00,11.34000015258789,11.38599967956543,11.34000015258789,11.38599967956543,300,0.0,0.0
2026-01-22 00:00:00-05:00,11.300000190734863,11.390000343322754,11.300000190734863,11.390000343322754,2400,0.0,0.0
2026-01-23 00:00:00-05:00,11.390000343322754,11.390000343322754,11.390000343322754,11.390000343322754,0,0.0,0.0
2026-01-26 00:00:00-05:00,11.390000343322754,11.390000343322754,11.369999885559082,11.369999885559082,500,0.0,0.0
2026-01-27 00:00:00-05:00,11.369999885559082,11.369999885559082,11.369999885559082,11.369999885559082,300,0.0,0.0
2026-01-28 00:00:00-05:00,11.350000381469727,11.350000381469727,11.350000381469727,11.350000381469727,500,0.0,0.0
2026-01-29 00:00:00-05:00,11.329999923706055,11.34000015258789,11.319999694824219,11.319999694824219,1600,0.0,0.0
2026-01-30 00:00:00-05:00,11.270000457763672,11.319999694824219,11.199999809265137,11.319999694824219,1400,0.0,0.0
2026-02-02 00:00:00-05:00,11.319999694824219,11.319999694824219,11.319999694824219,11.319999694824219,900,0.0,0.0
2026-02-03 00:00:00-05:00,11.319999694824219,11.319999694824219,11.319999694824219,11.319999694824219,200,0.0,0.0
2026-02-04 00:00:00-05:00,11.3100004196167,11.3100004196167,11.300000190734863,11.300000190734863,1800,0.0,0.0
2026-02-05 00:00:00-05:00,11.199999809265137,11.380000114440918,11.199999809265137,11.380000114440918,2400,0.0,0.0
2026-02-06 00:00:00-05:00,11.319999694824219,11.420000076293945,11.319999694824219,11.420000076293945,300,0.0,0.0
2026-02-09 00:00:00-05:00,11.420000076293945,11.420000076293945,11.420000076293945,11.420000076293945,0,0.0,0.0
2026-02-10 00:00:00-05:00,11.420000076293945,11.420000076293945,11.420000076293945,11.420000076293945,0,0.0,0.0
2026-02-11 00:00:00-05:00,11.420000076293945,11.420000076293945,11.420000076293945,11.420000076293945,0,0.0,0.0
2026-02-12 00:00:00-05:00,11.312000274658203,11.380000114440918,11.312000274658203,11.380000114440918,1400,0.0,0.0
2026-02-13 00:00:00-05:00,11.380000114440918,11.380000114440918,11.380000114440918,11.380000114440918,0,0.0,0.0
2026-02-17 00:00:00-05:00,11.3100004196167,11.380000114440918,11.199999809265137,11.380000114440918,600,0.0,0.0
2026-02-18 00:00:00-05:00,11.350000381469727,11.350000381469727,11.350000381469727,11.350000381469727,300,0.0,0.0
2026-02-19 00:00:00-05:00,11.350000381469727,11.350000381469727,11.350000381469727,11.350000381469727,0,0.0,0.0
2026-02-20 00:00:00-05:00,11.350000381469727,11.350000381469727,11.350000381469727,11.350000381469727,0,0.0,0.0
2026-02-23 00:00:00-05:00,11.350000381469727,11.350000381469727,11.350000381469727,11.350000381469727,600,0.0,0.0
2026-02-24 00:00:00-05:00,11.300000190734863,11.380000114440918,11.210000038146973,11.380000114440918,1100,0.0,0.0
2026-02-25 00:00:00-05:00,11.350000381469727,11.380000114440918,11.199999809265137,11.380000114440918,2000,0.0,0.0
2026-02-26 00:00:00-05:00,11.350000381469727,11.380000114440918,11.350000381469727,11.380000114440918,400,0.0,0.0
2026-02-27 00:00:00-05:00,11.1899995803833,11.369999885559082,11.1899995803833,11.369999885559082,700,0.0,0.0
2026-03-02 00:00:00-05:00,11.321999549865723,11.34000015258789,11.270000457763672,11.34000015258789,1600,0.0,0.0
2026-03-03 00:00:00-05:00,11.1899995803833,11.34000015258789,11.1899995803833,11.34000015258789,1100,0.0,0.0
2026-03-04 00:00:00-05:00,11.34000015258789,11.34000015258789,11.300000190734863,11.34000015258789,1800,0.0,0.0
2026-03-05 00:00:00-05:00,11.34000015258789,11.34000015258789,11.34000015258789,11.34000015258789,0,0.0,0.0
2026-03-06 00:00:00-05:00,11.34000015258789,11.34000015258789,11.34000015258789,11.34000015258789,0,0.0,0.0
2026-03-09 00:00:00-04:00,11.34000015258789,11.34000015258789,11.34000015258789,11.34000015258789,0,0.0,0.0
2026-03-10 00:00:00-04:00,11.34000015258789,11.34000015258789,11.34000015258789,11.34000015258789,0,0.0,0.0
2026-03-11 00:00:00-04:00,11.229999542236328,11.350000381469727,11.210000038146973,11.350000381469727,1400,0.0,0.0
2026-03-12 00:00:00-04:00,11.350000381469727,11.350000381469727,11.350000381469727,11.350000381469727,0,0.0,0.0
2026-03-13 00:00:00-04:00,11.350000381469727,11.350000381469727,11.350000381469727,11.350000381469727,0,0.0,0.0
2026-03-16 00:00:00-04:00,11.350000381469727,11.350000381469727,11.350000381469727,11.350000381469727,0,0.0,0.0
2026-03-17 00:00:00-04:00,11.350000381469727,11.350000381469727,11.34000015258789,11.34000015258789,1200,0.0,0.0
2026-03-18 00:00:00-04:00,11.34000015258789,11.340999603271484,11.28499984741211,11.34000015258789,25400,0.0,0.0
2026-03-19 00:00:00-04:00,11.34000015258789,11.34000015258789,11.34000015258789,11.34000015258789,0,0.0,0.0
2026-03-20 00:00:00-04:00,11.319000244140625,11.319000244140625,11.3100004196167,11.3100004196167,500,0.0,0.0
2026-03-23 00:00:00-04:00,11.300000190734863,11.300000190734863,11.300000190734863,11.300000190734863,2100,0.0,0.0
2026-03-24 00:00:00-04:00,11.300000190734863,11.300000190734863,11.300000190734863,11.300000190734863,400,0.0,0.0
2026-03-25 00:00:00-04:00,11.329999923706055,11.329999923706055,11.319999694824219,11.329999923706055,1400,0.0,0.0
2026-03-26 00:00:00-04:00,11.300000190734863,11.300000190734863,11.300000190734863,11.300000190734863,800,0.0,0.0
2026-03-27 00:00:00-04:00,11.329999923706055,11.329999923706055,11.329999923706055,11.329999923706055,200,0.0,0.0
2026-03-30 00:00:00-04:00,11.3100004196167,11.3100004196167,11.3100004196167,11.3100004196167,300,0.0,0.0
2026-03-31 00:00:00-04:00,11.3100004196167,11.3100004196167,11.3100004196167,11.3100004196167,0,0.0,0.0
2026-04-01 00:00:00-04:00,11.359999656677246,11.359999656677246,11.319999694824219,11.329999923706055,9100,0.0,0.0
2026-04-02 00:00:00-04:00,11.329999923706055,11.329999923706055,11.329999923706055,11.329999923706055,0,0.0,0.0
2026-04-06 00:00:00-04:00,11.329999923706055,11.329999923706055,11.329999923706055,11.329999923706055,0,0.0,0.0
2026-04-07 00:00:00-04:00,11.319999694824219,11.380000114440918,11.319999694824219,11.359999656677246,6100,0.0,0.0
2026-04-08 00:00:00-04:00,11.359999656677246,11.359999656677246,11.359999656677246,11.359999656677246,0,0.0,0.0
2026-04-09 00:00:00-04:00,11.359999656677246,11.359999656677246,11.359999656677246,11.359999656677246,0,0.0,0.0
2026-04-10 00:00:00-04:00,11.369999885559082,11.369999885559082,11.319999694824219,11.359999656677246,400,0.0,0.0
2026-04-13 00:00:00-04:00,11.350000381469727,11.359999656677246,11.350000381469727,11.359999656677246,4500,0.0,0.0
2026-04-14 00:00:00-04:00,11.329999923706055,11.369999885559082,11.319999694824219,11.369999885559082,4200,0.0,0.0
2026-04-15 00:00:00-04:00,11.369999885559082,11.369999885559082,11.369999885559082,11.369999885559082,200,0.0,0.0
2026-04-16 00:00:00-04:00,11.369999885559082,11.369999885559082,11.369999885559082,11.369999885559082,0,0.0,0.0
2026-04-17 00:00:00-04:00,11.378999710083008,11.399999618530273,11.378999710083008,11.390000343322754,3900,0.0,0.0
2026-04-20 00:00:00-04:00,11.390000343322754,11.390000343322754,11.390000343322754,11.390000343322754,0,0.0,0.0
2026-04-21 00:00:00-04:00,11.390000343322754,11.390000343322754,11.390000343322754,11.390000343322754,1200,0.0,0.0
2026-04-22 00:00:00-04:00,11.390000343322754,11.390000343322754,11.390000343322754,11.390000343322754,0,0.0,0.0
2026-04-23 00:00:00-04:00,11.350000381469727,11.390000343322754,11.34000015258789,11.390000343322754,1800,0.0,0.0
2026-04-24 00:00:00-04:00,11.390000343322754,11.390000343322754,11.390000343322754,11.390000343322754,0,0.0,0.0
2026-04-27 00:00:00-04:00,11.350000381469727,11.390000343322754,11.350000381469727,11.390000343322754,1800,0.0,0.0
2026-04-28 00:00:00-04:00,11.390000343322754,11.390000343322754,11.390000343322754,11.390000343322754,0,0.0,0.0
2026-04-29 00:00:00-04:00,11.350000381469727,11.369999885559082,11.350000381469727,11.369999885559082,104900,0.0,0.0
2026-04-30 00:00:00-04:00,11.399999618530273,11.399999618530273,11.319999694824219,11.399999618530273,30600,0.0,0.0
2026-05-01 00:00:00-04:00,11.350000381469727,11.390000343322754,11.34000015258789,11.390000343322754,5400,0.0,0.0
2026-05-04 00:00:00-04:00,11.390000343322754,11.390000343322754,11.390000343322754,11.390000343322754,0,0.0,0.0
2026-05-05 00:00:00-04:00,11.350000381469727,11.390000343322754,11.350000381469727,11.350000381469727,600,0.0,0.0
2026-05-06 00:00:00-04:00,11.390000343322754,11.399999618530273,11.390000343322754,11.399999618530273,2000,0.0,0.0
2026-05-07 00:00:00-04:00,11.399999618530273,11.399999618530273,11.399999618530273,11.399999618530273,37200,0.0,0.0
2026-05-08 00:00:00-04:00,11.489999771118164,11.800000190734863,11.399999618530273,11.789999961853027,189100,0.0,0.0
2026-05-11 00:00:00-04:00,11.800000190734863,11.949999809265137,11.604999542236328,11.90999984741211,29500,0.0,0.0
2026-05-12 00:00:00-04:00,11.90999984741211,11.989999771118164,11.789999961853027,11.960000038146973,17800,0.0,0.0
2026-05-13 00:00:00-04:00,11.979999542236328,11.979999542236328,11.649999618530273,11.895000457763672,32900,0.0,0.0
2026-05-14 00:00:00-04:00,11.890000343322754,12.300000190734863,11.835000038146973,11.970000267028809,48200,0.0,0.0
2026-05-15 00:00:00-04:00,11.989999771118164,11.994999885559082,11.90999984741211,11.920000076293945,14800,0.0,0.0
2026-05-18 00:00:00-04:00,12.010000228881836,12.130000114440918,11.949999809265137,12.0,5500,0.0,0.0
2026-05-19 00:00:00-04:00,11.989999771118164,12.4399995803833,11.979999542236328,12.229999542236328,96800,0.0,0.0
2026-05-20 00:00:00-04:00,12.15999984741211,12.585000038146973,12.104999542236328,12.399999618530273,99500,0.0,0.0
2026-05-21 00:00:00-04:00,12.5,12.5,12.390000343322754,12.4399995803833,28400,0.0,0.0
2026-05-22 00:00:00-04:00,12.5,12.579999923706055,12.020000457763672,12.050000190734863,87200,0.0,0.0
2026-05-26 00:00:00-04:00,12.175000190734863,12.270000457763672,12.109999656677246,12.109999656677246,77600,0.0,0.0
2026-05-27 00:00:00-04:00,12.100000381469727,12.210000038146973,12.050000190734863,12.050000190734863,40797,0.0,0.0
