Date,Open,High,Low,Close,Volume,Dividends,Stock Splits
2022-01-03 00:00:00-05:00,14.386906464863852,14.488045356522974,14.235198931149244,14.42061996459961,53800,0.0,0.0
2022-01-04 00:00:00-05:00,14.454334879091135,14.454334879091135,14.134064602375831,14.184633255004883,47500,0.0,0.0
2022-01-05 00:00:00-05:00,14.024496555897013,14.100350334520604,13.69579792022705,13.69579792022705,100600,0.0,0.0
2022-01-06 00:00:00-05:00,13.695798636018278,13.81379269446692,13.594659723384812,13.780080795288086,83600,0.0,0.0
2022-01-07 00:00:00-05:00,13.822221905843925,13.98235785737199,13.822221905843925,13.923360824584961,64800,0.0,0.0
2022-01-10 00:00:00-05:00,13.864362607390976,14.032925314161263,13.805363972095515,14.007641792297363,89900,0.0,0.0
2022-01-11 00:00:00-05:00,14.032923643233685,14.235199831801673,14.007640124380341,14.218344688415527,126900,0.0,0.0
2022-01-12 00:00:00-05:00,14.370051548015454,14.496475580602828,14.336339651527613,14.471190452575684,86500,0.0,0.0
2022-01-13 00:00:00-05:00,14.412195077584936,14.412195077584936,14.150921821594238,14.150921821594238,91700,0.0,0.0
2022-01-14 00:00:00-05:00,14.049781008225077,14.075066135731776,13.923358585788222,14.016067504882812,88300,0.0,0.0
2022-01-18 00:00:00-05:00,13.940215110778809,14.041352404064382,13.53566111499164,13.940215110778809,52100,0.0,0.0
2022-01-19 00:00:00-05:00,14.007639511467952,14.108776797552501,13.898072242736816,13.898072242736816,64000,0.0,0.0
2022-01-20 00:00:00-05:00,14.268914352020468,14.5554727081634,14.268914352020468,14.327911376953125,109900,0.0,0.0
2022-01-21 00:00:00-05:00,14.285771312622376,14.32791158603253,14.041353225708008,14.041353225708008,101800,0.0,0.0
2022-01-24 00:00:00-05:00,13.78850891958772,14.058210538275757,13.771652166532604,14.024497032165527,102900,0.0,0.0
2022-01-25 00:00:00-05:00,13.965497835328058,14.024494854310902,13.864360547799814,13.906500816345215,35800,0.0,0.0
2022-01-26 00:00:00-05:00,14.024496757876586,14.091922161229899,13.695798117472734,13.70422649383545,42700,0.0,0.0
2022-01-27 00:00:00-05:00,13.603086519778731,13.619943271184118,13.426095452667044,13.451379776000977,37400,0.0,0.0
2022-01-28 00:00:00-05:00,13.400810868333492,13.43452356873559,13.190106289876839,13.333385467529297,40300,0.0,0.0
2022-01-31 00:00:00-05:00,13.417667775300172,13.695797757771441,13.417667775300172,13.594658851623535,185600,0.0,0.0
2022-02-01 00:00:00-05:00,13.678940082632288,13.678940082632288,13.485092267104248,13.636799812316895,45500,0.0,0.0
2022-02-02 00:00:00-05:00,13.653657587454104,13.653657587454104,13.527233551929886,13.58623218536377,144500,0.0,0.0
2022-02-03 00:00:00-05:00,13.55251851804212,13.577803646353459,13.45138041611932,13.485093116760254,45100,0.0,0.0
2022-02-04 00:00:00-05:00,13.434523595976328,13.611515474389764,13.41766764762819,13.535661697387695,33600,0.0,0.0
2022-02-07 00:00:00-05:00,13.552519041783395,13.653657951388924,13.485093637895853,13.56094741821289,85100,0.0,0.0
2022-02-08 00:00:00-05:00,13.501951385092877,13.58623354804629,13.46823787689209,13.46823787689209,120900,0.0,0.0
2022-02-09 00:00:00-05:00,13.552519041783395,13.645229574959426,13.552519041783395,13.56094741821289,82500,0.0,0.0
2022-02-10 00:00:00-05:00,13.451380926859892,13.729511722425775,13.409239848515108,13.459809303283691,59400,0.0,0.0
2022-02-11 00:00:00-05:00,13.350241874055001,13.400810521462121,13.105824601522835,13.16482162475586,77200,0.0,0.0
2022-02-14 00:00:00-05:00,13.088968661427426,13.105825414124409,12.970974607645381,13.004687309265137,77700,0.0,0.0
2022-02-15 00:00:00-05:00,13.088967427658158,13.265959295422139,13.088967427658158,13.24067497253418,67700,0.0,0.0
2022-02-16 00:00:00-05:00,13.257532083065726,13.42609639383941,13.232247757959355,13.350242614746094,54900,0.0,0.0
2022-02-17 00:00:00-05:00,13.282816558540633,13.341813582144729,13.17325008343719,13.215391159057617,81900,0.0,0.0
2022-02-18 00:00:00-05:00,13.198533793309677,13.232246491482885,12.979400853296767,13.088967323303223,93500,0.0,0.0
2022-02-22 00:00:00-05:00,12.96254766808369,12.96254766808369,12.751843058661864,12.836124420166016,65400,0.0,0.0
2022-02-23 00:00:00-05:00,12.89512009454814,12.996258193654404,12.7265565960377,12.819266319274902,127100,0.0,0.0
2022-02-24 00:00:00-05:00,12.616990544316282,12.768697296177804,12.448427040151154,12.743412971496582,69400,0.0,0.0
2022-02-25 00:00:00-05:00,12.701271242276597,12.911975812606462,12.701271242276597,12.903548240661621,35300,0.0,0.0
2022-02-28 00:00:00-05:00,12.802409764886342,12.895120293326842,12.760269492439761,12.8276948928833,48100,0.0,0.0
2022-03-01 00:00:00-05:00,12.793981995441877,12.911976042512103,12.793981995441877,12.819266319274902,36700,0.0,0.0
2022-03-02 00:00:00-05:00,12.827694926572164,12.827694926572164,12.667558997267566,12.734984397888184,100800,0.0,0.0
2022-03-03 00:00:00-05:00,12.701272956530653,12.734985660182572,12.482140784680311,12.49899673461914,35800,0.0,0.0
2022-03-04 00:00:00-05:00,12.389428730921097,12.448426557924076,12.094442811002832,12.11972713470459,43100,0.0,0.0
2022-03-07 00:00:00-05:00,11.807885835837514,12.010162056515107,11.445473670959473,11.445473670959473,235500,0.0,0.0
2022-03-08 00:00:00-05:00,11.43704515781088,11.43704515781088,11.125202453706907,11.184200286865234,94100,0.0,0.0
2022-03-09 00:00:00-05:00,11.251623845324957,11.369617884717327,11.226338719363069,11.293764114379883,89100,0.0,0.0
2022-03-10 00:00:00-05:00,11.243197358020529,11.319051141095734,11.032492762266843,11.091489791870117,162600,0.0,0.0
2022-03-11 00:00:00-05:00,11.142058897468686,11.150486470164887,10.678508640660397,10.720649719238281,167600,0.0,0.0
2022-03-14 00:00:00-04:00,10.53522893360074,10.53522893360074,10.172816801077136,10.24867057800293,188700,0.0,0.0
2022-03-15 00:00:00-04:00,9.90311630461684,10.223387396453104,9.776693864791012,10.054823875427246,177300,0.0,0.0
2022-03-16 00:00:00-04:00,10.99877863379796,11.53818181461221,10.906068109264904,11.512897491455078,233300,0.0,0.0
2022-03-17 00:00:00-04:00,11.319051233979541,11.504470701046875,11.209484746835615,11.445473670959473,94400,0.0,0.0
2022-03-18 00:00:00-04:00,11.293766308483088,12.001733897474578,11.276910358341238,11.858454704284668,88700,0.0,0.0
2022-03-21 00:00:00-04:00,11.791027341431526,11.791027341431526,11.445471981180614,11.555038452148438,68500,0.0,0.0
2022-03-22 00:00:00-04:00,11.715175511094758,11.942736866316709,11.715175511094758,11.858454704284668,48200,0.0,0.0
2022-03-23 00:00:00-04:00,11.71517434856869,11.799456502237202,11.479185443580718,11.647748947143555,54100,0.0,0.0
2022-03-24 00:00:00-04:00,11.538181898641419,11.605608100508386,11.462328928617605,11.563467025756836,45200,0.0,0.0
2022-03-25 00:00:00-04:00,11.462329359406665,11.462329359406665,11.125201552498128,11.192626953125,132000,0.0,0.0
2022-03-28 00:00:00-04:00,11.175771282501898,11.251625061035156,11.099917503968642,11.251625061035156,38000,0.0,0.0
2022-03-29 00:00:00-04:00,11.386475563049316,11.538182312310104,11.361190435027373,11.386475563049316,53200,0.0,0.0
2022-03-30 00:00:00-04:00,11.394903871438597,11.538182243841847,11.352762795426267,11.437044143676758,67000,0.0,0.0
2022-03-31 00:00:00-04:00,11.411761801689906,11.45390288502173,11.276910978047523,11.28533935546875,84200,0.0,0.0
2022-04-01 00:00:00-04:00,11.470756387815708,11.681460955728538,11.470756387815708,11.605607986450195,28100,0.0,0.0
2022-04-04 00:00:00-04:00,11.740459273592345,11.934307098388672,11.71517414566521,11.934307098388672,42500,0.0,0.0
2022-04-05 00:00:00-04:00,11.959591377679086,11.959591377679086,11.630892753601074,11.630892753601074,25700,0.0,0.0
2022-04-06 00:00:00-04:00,11.453902288831928,11.504470943178505,11.319051472208697,11.361191749572754,46200,0.0,0.0
2022-04-07 00:00:00-04:00,11.293765769946091,11.293765769946091,11.116773881137979,11.175771713256836,43000,0.0,0.0
2022-04-08 00:00:00-04:00,11.133629601054768,11.260052022568237,11.125201225280762,11.125201225280762,35500,0.0,0.0
2022-04-11 00:00:00-04:00,10.95663876255873,10.990351465061789,10.779646873474121,10.779646873474121,108200,0.0,0.0
2022-04-12 00:00:00-04:00,10.889213238436032,10.956638642704585,10.771218379078956,10.82178783416748,46100,0.0,0.0
2022-04-13 00:00:00-04:00,10.897641436763536,11.024063866756821,10.86392873518038,11.01563549041748,61700,0.0,0.0
2022-04-14 00:00:00-04:00,10.922925741441599,10.95663844296128,10.813359260559082,10.813359260559082,45600,0.0,0.0
2022-04-18 00:00:00-04:00,10.796503220036323,10.796503220036323,10.627938910094626,10.661651611328125,128800,0.0,0.0
2022-04-19 00:00:00-04:00,10.585797999393373,10.67850772126323,10.48465909800461,10.627938270568848,47600,0.0,0.0
2022-04-20 00:00:00-04:00,10.627938436835938,10.627938436835938,10.417233862565624,10.434090614318848,33600,0.0,0.0
2022-04-21 00:00:00-04:00,10.400378117895626,10.400378117895626,10.139104087032358,10.14753246307373,97700,0.0,0.0
2022-04-22 00:00:00-04:00,10.155960196078922,10.29923936461364,10.029536974785515,10.113819122314453,41600,0.0,0.0
2022-04-25 00:00:00-04:00,9.98739696089302,10.113819381654036,9.709266992199467,9.776692390441895,82400,0.0,0.0
2022-04-26 00:00:00-04:00,9.683981629138083,9.73455107847517,9.565987586975098,9.565987586975098,39200,0.0,0.0
2022-04-27 00:00:00-04:00,9.59127312520352,9.945256904099066,9.59127312520352,9.785120964050293,114200,0.0,0.0
2022-04-28 00:00:00-04:00,9.911544090462732,9.945256792657194,9.793549230895,9.928400039672852,61600,0.0,0.0
2022-04-29 00:00:00-04:00,10.383521262910067,11.040920119686877,10.290811538696289,10.290811538696289,87300,0.0,0.0
2022-05-02 00:00:00-04:00,10.341381632417324,10.36666595808574,10.113820290078923,10.324524879455566,84800,0.0,0.0
2022-05-03 00:00:00-04:00,10.467803733548678,10.653223991394043,10.467803733548678,10.653223991394043,73300,0.0,0.0
2022-05-04 00:00:00-04:00,10.40037857008006,10.70379288679358,10.40037857008006,10.670080184936523,49800,0.0,0.0
2022-05-05 00:00:00-04:00,10.450946911836581,10.594226091434392,10.24867070667762,10.30766773223877,160500,0.0,0.0
2022-05-06 00:00:00-04:00,10.231815032218885,10.299240435744691,9.860974509052733,9.869402885437012,87000,0.0,0.0
2022-05-09 00:00:00-04:00,9.692411344756696,9.75983675067915,9.608129185466506,9.641841888427734,74900,0.0,0.0
2022-05-10 00:00:00-04:00,9.835689443855852,9.835689443855852,9.60812812124224,9.683981895446777,21800,0.0,0.0
2022-05-11 00:00:00-04:00,9.810406291171038,10.021110887429893,9.785121160902516,9.793549537658691,34900,0.0,0.0
2022-05-12 00:00:00-04:00,9.785121076956512,9.852546482878967,9.616557562150374,9.641841888427734,19300,0.0,0.0
2022-05-13 00:00:00-04:00,9.709268069898078,10.00425401900769,9.709268069898078,9.93682861328125,42600,0.0,0.0
2022-05-16 00:00:00-04:00,9.936827102393742,10.0042524978682,9.89468602927868,9.953683853149414,54800,0.0,0.0
2022-05-17 00:00:00-04:00,10.223386008609756,10.341380859196976,10.130676285574618,10.23181438446045,39500,0.0,0.0
2022-05-18 00:00:00-04:00,10.189673008731468,10.23181408296904,10.046393838588205,10.071678161621094,40700,0.0,0.0
2022-05-19 00:00:00-04:00,10.012681547779541,10.257098823783855,9.97054047182552,10.18967342376709,25100,0.0,0.0
2022-05-20 00:00:00-04:00,10.282383407537447,10.400378262433936,10.18967368111647,10.30766773223877,55200,0.0,0.0
2022-05-23 00:00:00-04:00,10.26552892149229,10.37509541583987,10.198103510166751,10.282384872436523,49900,0.0,0.0
2022-05-24 00:00:00-04:00,10.164389966858044,10.164389966858044,10.004254025325938,10.03796672821045,13800,0.0,0.0
2022-05-25 00:00:00-04:00,9.987396978653416,10.02110967783458,9.76826403208877,9.877830505371094,45500,0.0,0.0
2022-05-26 00:00:00-04:00,9.936827144891586,10.189672780889223,9.936827144891586,10.155960083007812,44900,0.0,0.0
2022-05-27 00:00:00-04:00,10.164388723339847,10.324523841506677,10.164388723339847,10.273954391479492,39500,0.0,0.0
2022-05-31 00:00:00-04:00,10.400378125149906,10.619511079733341,10.400378125149906,10.543657302856445,87300,0.0,0.0
2022-06-01 00:00:00-04:00,10.535227927375876,10.568940624592516,10.332951744076045,10.34138011932373,59600,0.0,0.0
2022-06-02 00:00:00-04:00,10.307667789163547,10.585798577510852,10.307667789163547,10.552085876464844,41700,0.0,0.0
2022-06-03 00:00:00-04:00,10.526800991779762,10.611083148234888,10.526800991779762,10.568942070007324,73600,0.0,0.0
2022-06-06 00:00:00-04:00,10.695364093316067,10.906068672649731,10.6869365210111,10.847071647644043,57700,0.0,0.0
2022-06-07 00:00:00-04:00,10.8302156917528,11.150485944796685,10.8302156917528,11.142058372497559,56900,0.0,0.0
2022-06-08 00:00:00-04:00,11.20948431445336,11.614036740203783,11.20948431445336,11.420188903808594,80200,0.0,0.0
2022-06-09 00:00:00-04:00,11.327478592769623,11.361191295578267,11.133630752563477,11.133630752563477,85600,0.0,0.0
2022-06-10 00:00:00-04:00,11.175770428890255,11.20948312746624,11.057775581987235,11.108345031738281,52300,0.0,0.0
2022-06-13 00:00:00-04:00,10.897641614913157,11.015635670496012,10.69536459833328,10.82178783416748,64500,0.0,0.0
2022-06-14 00:00:00-04:00,10.880784340644283,11.20948377353566,10.79650299123375,11.142058372497559,36000,0.0,0.0
2022-06-15 00:00:00-04:00,11.251625502274807,11.428617391201858,11.209484423239942,11.276909828186035,64700,0.0,0.0
2022-06-16 00:00:00-04:00,11.083060030551424,11.158913804150382,10.872355461120605,10.872355461120605,35100,0.0,0.0
2022-06-17 00:00:00-04:00,11.167341947555542,11.25162409508448,10.914496308742855,10.956637382507324,25400,0.0,0.0
2022-06-21 00:00:00-04:00,11.083059554008809,11.32747681188829,11.083059554008809,11.293764114379883,23400,0.0,0.0
2022-06-22 00:00:00-04:00,11.158913677715192,11.276908524618213,11.108345031738281,11.108345031738281,19700,0.0,0.0
2022-06-23 00:00:00-04:00,11.175771927076836,11.538183284408808,11.175771927076836,11.487614631652832,46900,0.0,0.0
2022-06-24 00:00:00-04:00,11.614035595249492,11.824740163832697,11.580322896427145,11.807884216308594,26500,0.0,0.0
2022-06-27 00:00:00-04:00,11.917450641334419,12.102870082237596,11.917450641334419,11.959590911865234,35500,0.0,0.0
2022-06-28 00:00:00-04:00,12.018589776185603,12.161868958941787,12.001733023497012,12.010161399841309,30500,0.0,0.0
2022-06-29 00:00:00-04:00,11.968019798517345,11.968019798517345,11.883738450082749,11.934307098388672,16700,0.0,0.0
2022-06-30 00:00:00-04:00,11.850025522369357,12.035444967628916,11.850025522369357,12.01858901977539,27000,0.0,0.0
2022-07-01 00:00:00-04:00,11.993304647152717,12.06073085413287,11.934307620291069,12.010161399841309,17700,0.0,0.0
2022-07-05 00:00:00-04:00,11.77417197372102,11.984876550468767,11.765743597745306,11.934307098388672,77000,0.0,0.0
2022-07-06 00:00:00-04:00,12.01858976597221,12.01858976597221,11.841597881763462,11.90902328491211,189900,0.0,0.0
2022-07-07 00:00:00-04:00,12.001733346096405,12.094443880827237,11.9090236151398,12.077587127685547,64000,0.0,0.0
2022-07-08 00:00:00-04:00,12.060730934143066,12.11129958499589,11.951164452262997,12.060730934143066,48600,0.0,0.0
2022-07-11 00:00:00-04:00,11.841597579071458,11.976448381921728,11.487613819702407,11.647748947143555,42200,0.0,0.0
2022-07-12 00:00:00-04:00,11.58875061661487,11.58875061661487,11.327476612688768,11.4791841506958,39900,0.0,0.0
2022-07-13 00:00:00-04:00,11.327477667554367,11.462329271548658,11.327477667554367,11.437044143676758,30700,0.0,0.0
2022-07-14 00:00:00-04:00,11.319050680912612,11.479185813514352,11.260052849933688,11.462329864501953,51300,0.0,0.0
2022-07-15 00:00:00-04:00,11.437043279734143,11.437043279734143,11.234767094683697,11.293764114379883,47600,0.0,0.0
2022-07-18 00:00:00-04:00,11.403332786642453,11.639322518595385,11.403332786642453,11.453902244567871,32800,0.0,0.0
2022-07-19 00:00:00-04:00,11.453901526171546,11.453901526171546,11.319050718527382,11.369619369506836,19000,0.0,0.0
2022-07-20 00:00:00-04:00,11.378046545111307,11.470756264638712,11.31904952393697,11.352762222290039,17700,0.0,0.0
2022-07-21 00:00:00-04:00,11.352764767289942,11.386477473200538,11.217913943647558,11.28533935546875,33100,0.0,0.0
2022-07-22 00:00:00-04:00,11.293765122946194,11.293765122946194,11.116773244277635,11.142058372497559,48000,0.0,0.0
2022-07-25 00:00:00-04:00,11.116773913526975,11.116773913526975,10.965067153945327,10.98192310333252,50900,0.0,0.0
2022-07-26 00:00:00-04:00,10.99035159889667,11.108346460981368,10.93978214263916,10.93978214263916,35800,0.0,0.0
2022-07-27 00:00:00-04:00,10.956638138662633,10.956638138662633,10.872355985317093,10.948209762573242,68800,0.0,0.0
2022-07-28 00:00:00-04:00,10.880783504559131,10.94820890041623,10.712220014916388,10.804929733276367,88600,0.0,0.0
2022-07-29 00:00:00-04:00,10.60265500954841,10.653224465310108,10.484660148620605,10.484660148620605,59600,0.0,0.0
2022-08-01 00:00:00-04:00,10.375094532498085,10.425663184799644,10.273955620346499,10.332953453063965,34500,0.0,0.0
2022-08-02 00:00:00-04:00,10.240242330519116,10.40880663859244,10.198102057274975,10.30766773223877,112700,0.0,0.0
2022-08-03 00:00:00-04:00,10.30766773223877,10.36666556157411,10.290811783695952,10.30766773223877,74700,0.0,0.0
2022-08-04 00:00:00-04:00,10.375094146683535,10.417234420776367,10.290811990949459,10.417234420776367,326100,0.0,0.0
2022-08-05 00:00:00-04:00,10.32452486664492,10.821787825560673,10.32452486664492,10.720649719238281,235600,0.0,0.0
2022-08-08 00:00:00-04:00,10.796502985352966,10.880784334717593,10.695364080076722,10.745933532714844,272600,0.0,0.0
2022-08-09 00:00:00-04:00,10.754362468694952,10.838643822447574,10.703793013423999,10.729077339172363,150500,0.0,0.0
2022-08-10 00:00:00-04:00,10.754362421345744,10.771218370512367,10.71222134276786,10.720649719238281,47800,0.0,0.0
2022-08-11 00:00:00-04:00,10.754361763780468,10.990350664103394,10.560513135684577,10.585798263549805,300200,0.0,0.0
2022-08-12 00:00:00-04:00,10.699562731158922,10.699562731158922,10.417500268254896,10.483314514160156,339600,1.301,0.0
2022-08-15 00:00:00-04:00,10.43630587412558,10.483315542008825,10.220057635924508,10.47391414642334,123900,0.0,0.0
2022-08-16 00:00:00-04:00,10.408098187983661,10.473913331875304,10.379892210116884,10.426902770996094,77100,0.0,0.0
2022-08-17 00:00:00-04:00,10.417502274075122,10.680760205036567,10.398698584475317,10.455110549926758,54700,0.0,0.0
2022-08-18 00:00:00-04:00,10.398697181175187,10.398697181175187,10.295273764051123,10.304676055908203,24900,0.0,0.0
2022-08-19 00:00:00-04:00,10.248263593030998,10.257665885247363,10.173047048603946,10.182449340820312,18100,0.0,0.0
2022-08-22 00:00:00-04:00,10.14484020781226,10.210654454438576,10.116634230208392,10.163644790649414,55600,0.0,0.0
2022-08-23 00:00:00-04:00,10.107231987652836,10.220056795265622,10.097829696188805,10.135437965393066,34500,0.0,0.0
2022-08-24 00:00:00-04:00,10.079026659082931,10.304676288842149,10.079026659082931,10.238862037658691,61800,0.0,0.0
2022-08-25 00:00:00-04:00,10.408099175019895,10.718367650933901,10.408099175019895,10.708966255187988,121300,0.0,0.0
2022-08-26 00:00:00-04:00,10.812388374335226,10.859398937901851,10.530325889587402,10.530325889587402,79700,0.0,0.0
2022-08-29 00:00:00-04:00,10.502119893210448,10.633749291654821,10.455109329719463,10.539728164672852,244700,0.0,0.0
2022-08-30 00:00:00-04:00,10.539727365401703,10.577335634012115,10.304675462423655,10.483314514160156,90200,0.0,0.0
2022-08-31 00:00:00-04:00,10.624345643680671,10.718365862011272,10.61494335285207,10.671356201171875,421200,0.0,0.0
2022-09-01 00:00:00-04:00,10.577336023845415,10.690160833834874,9.94739682891536,10.079026222229004,1666800,0.0,0.0
2022-09-02 00:00:00-04:00,10.032015335239343,10.032015335239343,9.834571699997776,9.881582260131836,226000,0.0,0.0
2022-09-06 00:00:00-04:00,9.872181356089943,9.872181356089943,9.721748259842414,9.740551948547363,88000,0.0,0.0
2022-09-07 00:00:00-04:00,9.684139470124531,9.928593686836187,9.684139470124531,9.900386810302734,103100,0.0,0.0
2022-09-08 00:00:00-04:00,9.806366123757595,9.825169810589367,9.674736729327625,9.749953269958496,56500,0.0,0.0
2022-09-09 00:00:00-04:00,9.834572558361879,9.966201958895525,9.834572558361879,9.900386810302734,58200,0.0,0.0
2022-09-12 00:00:00-04:00,9.9568003152691,10.107233413305137,9.947398022478849,10.00381088256836,69400,0.0,0.0
2022-09-13 00:00:00-04:00,9.91919148125873,9.91919148125873,9.580716133117676,9.580716133117676,67300,0.0,0.0
2022-09-14 00:00:00-04:00,9.580716081745555,9.637128938350557,9.53370641400198,9.608922958374023,57700,0.0,0.0
2022-09-15 00:00:00-04:00,9.543107735992946,9.702943115714374,9.543107735992946,9.618324279785156,95700,0.0,0.0
2022-09-16 00:00:00-04:00,9.486695715546594,9.486695715546594,9.326860336851706,9.345664024353027,102100,0.0,0.0
2022-09-19 00:00:00-04:00,9.24224063066385,9.35506543499722,9.23283833947311,9.336261749267578,62900,0.0,0.0
2022-09-20 00:00:00-04:00,9.261046085619196,9.383272296007593,9.261046085619196,9.345664024353027,55000,0.0,0.0
2022-09-21 00:00:00-04:00,9.242241421315107,9.242241421315107,9.073003752011264,9.082406044006348,59200,0.0,0.0
2022-09-22 00:00:00-04:00,9.05419934040255,9.073003026236641,8.988385095005459,9.01659107208252,101800,0.0,0.0
2022-09-23 00:00:00-04:00,8.93197266025745,8.978983222010235,8.79094187165098,8.87555980682373,84000,0.0,0.0
2022-09-26 00:00:00-04:00,8.903766681866534,8.997786908720217,8.866158411794682,8.87555980682373,173600,0.0,0.0
2022-09-27 00:00:00-04:00,8.978984280304058,9.082406811028408,8.828551182286095,8.856757164001465,194500,0.0,0.0
2022-09-28 00:00:00-04:00,8.800343233839916,8.941374918571984,8.772137255554256,8.894364356994629,46900,0.0,0.0
2022-09-29 00:00:00-04:00,8.772136825753513,8.800342802657191,8.687517998390645,8.725126266479492,123000,0.0,0.0
2022-09-30 00:00:00-04:00,8.696921189116066,8.790942317388906,8.696921189116066,8.753334045410156,117600,0.0,0.0
2022-10-03 00:00:00-04:00,8.837951750825114,8.866158626551146,8.734529229785393,8.819148063659668,52200,0.0,0.0
2022-10-04 00:00:00-04:00,8.903766736948835,9.24224116968943,8.903766736948835,9.157622337341309,31300,0.0,0.0
2022-10-05 00:00:00-04:00,9.167024456544194,9.28925155689634,9.167024456544194,9.223437309265137,92000,0.0,0.0
2022-10-06 00:00:00-04:00,9.204633822580904,9.204633822580904,9.15762325582228,9.176427841186523,59300,0.0,0.0
2022-10-07 00:00:00-04:00,9.0730033232466,9.120013884348515,8.894364267041569,8.913167953491211,56100,0.0,0.0
2022-10-10 00:00:00-04:00,8.875560792181995,8.875560792181995,8.574694598205244,8.593499183654785,62900,0.0,0.0
2022-10-11 00:00:00-04:00,8.508878258357162,8.508878258357162,8.28322866814293,8.339640617370605,98000,0.0,0.0
2022-10-12 00:00:00-04:00,8.320839675675684,8.433664507969162,8.320839675675684,8.367849349975586,42400,0.0,0.0
2022-10-13 00:00:00-04:00,8.010569556876904,8.424260525689625,8.010569556876904,8.302033424377441,85800,0.0,0.0
2022-10-14 00:00:00-04:00,8.386651261217198,8.461867792081335,8.3020324398321,8.320837020874023,94100,0.0,0.0
2022-10-17 00:00:00-04:00,8.377249564080907,8.508878950742721,8.377249564080907,8.433662414550781,160200,0.0,0.0
2022-10-18 00:00:00-04:00,8.54648723517381,8.54648723517381,8.414857848260409,8.424260139465332,98700,0.0,0.0
2022-10-19 00:00:00-04:00,8.330241052073601,8.330241052073601,8.095189094543457,8.095189094543457,47300,0.0,0.0
2022-10-20 00:00:00-04:00,8.132797334972357,8.264426753386594,8.057580780636238,8.113993644714355,50600,0.0,0.0
2022-10-21 00:00:00-04:00,8.048177508002441,8.12339404480745,8.00116694833635,8.104589462280273,64800,0.0,0.0
2022-10-24 00:00:00-04:00,7.850734715104293,7.850734715104293,7.277207439758362,7.408836841583252,157300,0.0,0.0
2022-10-25 00:00:00-04:00,7.502857039820635,7.5686717364976905,7.484052904816612,7.549867153167725,141200,0.0,0.0
2022-10-26 00:00:00-04:00,7.55926978008186,7.6720945951097175,7.540466092569846,7.5968780517578125,393300,0.0,0.0
2022-10-27 00:00:00-04:00,7.559270048766253,7.615682906611266,7.474651210324712,7.512259483337402,73600,0.0,0.0
2022-10-28 00:00:00-04:00,7.408836775218573,7.408836775218573,7.201990830389981,7.277207374572754,276400,0.0,0.0
2022-10-31 00:00:00-04:00,7.17378468742074,7.211392958657272,7.126774124212097,7.1831865310668945,53000,0.0,0.0
2022-11-01 00:00:00-04:00,7.427640749593131,7.49345500015755,7.258403080539577,7.333620071411133,174100,0.0,0.0
2022-11-02 00:00:00-04:00,7.408836332341703,7.615682264805697,7.408836332341703,7.568671703338623,280300,0.0,0.0
2022-11-03 00:00:00-04:00,7.531064164765326,7.672094966208824,7.5216618722285675,7.625084400177002,97000,0.0,0.0
2022-11-04 00:00:00-04:00,7.97296193284509,8.170405612140417,7.97296193284509,8.113993644714355,135600,0.0,0.0
2022-11-07 00:00:00-05:00,8.179806726303593,8.226817290149114,8.113992474911015,8.170404434204102,50700,0.0,0.0
2022-11-08 00:00:00-05:00,8.15160110863624,8.15160110863624,8.029373995871047,8.06698226928711,81300,0.0,0.0
2022-11-09 00:00:00-05:00,7.897744651925457,7.935352925633598,7.766116142272949,7.766116142272949,54300,0.0,0.0
2022-11-10 00:00:00-05:00,7.9635586482142084,8.189208257730447,7.9635586482142084,8.123394012451172,104800,0.0,0.0
2022-11-11 00:00:00-05:00,8.245622721912945,8.518282944261323,8.245622721912945,8.490076065063477,131200,0.0,0.0
2022-11-14 00:00:00-05:00,8.537086451257364,8.61230300087313,8.537086451257364,8.555891036987305,267700,0.0,0.0
2022-11-15 00:00:00-05:00,8.950776826685429,9.073003026236641,8.922569952956524,9.01659107208252,141700,0.0,0.0
2022-11-16 00:00:00-05:00,8.960179548263026,8.960179548263026,8.8285510379749,8.903767585754395,75100,0.0,0.0
2022-11-17 00:00:00-05:00,8.734529640611896,9.044798114976373,8.706323660211112,8.988386154174805,32400,0.0,0.0
2022-11-18 00:00:00-05:00,8.903766806189882,8.903766806189882,8.77213741077452,8.83795166015625,44700,0.0,0.0
2022-11-21 00:00:00-05:00,8.772137196777981,8.772137196777981,8.58409584838038,8.61230182647705,84600,0.0,0.0
2022-11-22 00:00:00-05:00,8.555891036987305,8.565292433200275,8.471272194506568,8.555891036987305,32700,0.0,0.0
2022-11-23 00:00:00-05:00,8.55588890751785,8.687517388258517,8.54648661699301,8.621703147888184,61500,0.0,0.0
2022-11-25 00:00:00-05:00,8.461870175397744,8.527684434277743,8.433664192542318,8.471272468566895,79500,0.0,0.0
2022-11-28 00:00:00-05:00,8.349044424207932,8.55589036779909,8.349044424207932,8.461869239807129,114600,0.0,0.0
2022-11-29 00:00:00-05:00,8.668714890795812,8.894364514377664,8.668714890795812,8.83795166015625,118700,0.0,0.0
2022-11-30 00:00:00-05:00,9.007189945259173,9.30805613071439,9.007189945259173,9.232839584350586,135900,0.0,0.0
2022-12-01 00:00:00-05:00,9.195231311168683,9.279850149990953,9.167025330445247,9.232839584350586,123800,0.0,0.0
2022-12-02 00:00:00-05:00,9.176428060653073,9.467891967553724,9.176428060653073,9.383273124694824,108200,0.0,0.0
2022-12-05 00:00:00-05:00,9.477292997957338,9.580715516200938,9.44908701964579,9.486695289611816,107900,0.0,0.0
2022-12-06 00:00:00-05:00,9.571314720368932,9.590118408203125,9.514901863562468,9.590118408203125,93300,0.0,0.0
2022-12-07 00:00:00-05:00,9.449085966576735,9.524302498126154,9.36446714442069,9.514900207519531,63600,0.0,0.0
2022-12-08 00:00:00-05:00,9.590117639563593,9.881582399174446,9.590117639563593,9.834571838378906,91100,0.0,0.0
2022-12-09 00:00:00-05:00,9.900386102031154,9.966201245915544,9.815767271788278,9.825169563293457,52700,0.0,0.0
2022-12-12 00:00:00-05:00,9.778159389924067,9.778159389924067,9.637128598364855,9.702942848205566,114500,0.0,0.0
2022-12-13 00:00:00-05:00,9.834571871249823,10.013210926887714,9.787561310297155,9.815767288208008,100500,0.0,0.0
2022-12-14 00:00:00-05:00,9.872180107684965,9.872180107684965,9.787561277583366,9.834571838378906,92100,0.0,0.0
2022-12-15 00:00:00-05:00,9.796963973679643,9.834572244538894,9.693541452979682,9.702942848205566,137100,0.0,0.0
2022-12-16 00:00:00-05:00,9.740551948547363,9.778160222609246,9.721748259842414,9.740551948547363,49300,0.0,0.0
2022-12-19 00:00:00-05:00,9.731150101893311,9.76875837421364,9.590118408203125,9.590118408203125,66100,0.0,0.0
2022-12-20 00:00:00-05:00,9.496097688420182,9.571314229200977,9.430282542748067,9.458489418029785,67400,0.0,0.0
2022-12-21 00:00:00-05:00,9.477293608214545,9.618324405505355,9.477293608214545,9.580716133117676,92700,0.0,0.0
2022-12-22 00:00:00-05:00,9.618324405505355,9.655933574544976,9.543107860729997,9.580716133117676,111800,0.0,0.0
2022-12-23 00:00:00-05:00,9.61832280343542,9.61832280343542,9.467889738941494,9.49609661102295,53300,0.0,0.0
2022-12-27 00:00:00-05:00,9.590117671617449,9.890984723723399,9.590117671617449,9.815767288208008,129100,0.0,0.0
2022-12-28 00:00:00-05:00,9.796964577273203,9.796964577273203,9.533706665039062,9.533706665039062,119000,0.0,0.0
2022-12-29 00:00:00-05:00,9.496097757645462,9.749953360468242,9.496097757645462,9.731149673461914,149000,0.0,0.0
2022-12-30 00:00:00-05:00,9.580716081745555,9.73115006714158,9.580716081745555,9.608922958374023,134000,0.0,0.0
2023-01-03 00:00:00-05:00,9.731149185024329,9.966201089042773,9.731149185024329,9.881582260131836,47800,0.0,0.0
2023-01-04 00:00:00-05:00,10.079027010458178,10.41750146689691,10.079027010458178,10.408099174499512,68700,0.0,0.0
2023-01-05 00:00:00-05:00,10.37049014780871,10.417500709726898,10.295273607400361,10.361088752746582,50400,0.0,0.0
2023-01-06 00:00:00-05:00,10.417500268254896,10.502119096791288,10.323479148402935,10.483314514160156,42400,0.0,0.0
2023-01-09 00:00:00-05:00,10.577335942223943,10.737171312638589,10.530325380928128,10.690160751342773,82200,0.0,0.0
2023-01-10 00:00:00-05:00,10.755976495235496,10.821791648864746,10.690162238258248,10.821791648864746,88000,0.0,0.0
2023-01-11 00:00:00-05:00,10.86880065836042,11.00983144499163,10.859398366811174,11.000429153442383,61800,0.0,0.0
2023-01-12 00:00:00-05:00,10.981626952435432,11.16026603277553,10.8782035247078,11.132060050964355,125600,0.0,0.0
2023-01-13 00:00:00-05:00,11.160264828245573,11.263687348158793,11.122656557672412,11.207275390625,57400,0.0,0.0
2023-01-17 00:00:00-05:00,11.188471216298394,11.188471216298394,11.009832148704048,11.07564640045166,57300,0.0,0.0
2023-01-18 00:00:00-05:00,11.132059383049562,11.188471343287238,11.019234565922268,11.03803825378418,49200,0.0,0.0
2023-01-19 00:00:00-05:00,11.038037635771083,11.226078987121582,11.038037635771083,11.226078987121582,53500,0.0,0.0
2023-01-20 00:00:00-05:00,11.301297505477006,11.498740270794906,11.28249292021703,11.489338874816895,46500,0.0,0.0
2023-01-23 00:00:00-05:00,11.50814123896984,11.630368339136824,11.498738947421947,11.60216236114502,63500,0.0,0.0
2023-01-24 00:00:00-05:00,11.573957243386213,11.658575183650845,11.517544386557852,11.620966911315918,41100,0.0,0.0
2023-01-25 00:00:00-05:00,11.630368496075766,11.630368496075766,11.423522562490337,11.54574966430664,37700,0.0,0.0
2023-01-26 00:00:00-05:00,11.630367957145786,11.743192762059229,11.583357397602223,11.72438907623291,32700,0.0,0.0
2023-01-27 00:00:00-05:00,11.67737962520047,11.686781917332093,11.61156537358297,11.667977333068848,18800,0.0,0.0
2023-01-30 00:00:00-05:00,11.395315393582164,11.414119974967072,11.301295176613005,11.329501152038574,40100,0.0,0.0
2023-01-31 00:00:00-05:00,11.235481369391897,11.301296515383854,11.066244600138617,11.207275390625,84800,0.0,0.0
2023-02-01 00:00:00-05:00,11.263687190626854,11.54574966430664,11.263687190626854,11.54574966430664,69200,0.0,0.0
2023-02-02 00:00:00-05:00,11.696184940979244,11.696184940979244,11.301298479652141,11.470535278320312,109700,0.0,0.0
2023-02-03 00:00:00-05:00,11.338904644273175,11.451729454582871,11.197872958897138,11.25428581237793,67000,0.0,0.0
2023-02-06 00:00:00-05:00,11.122656395121322,11.16026466514486,10.944017336672482,10.953418731689453,53200,0.0,0.0
2023-02-07 00:00:00-05:00,10.972223191882147,11.009831461483595,10.821790113476352,10.991026878356934,64000,0.0,0.0
2023-02-08 00:00:00-05:00,10.906409173237826,10.934615151868167,10.831192632455652,10.925212860107422,29900,0.0,0.0
2023-02-09 00:00:00-05:00,11.122657090792636,11.141461675306488,11.009832273665342,11.03803825378418,37300,0.0,0.0
2023-02-10 00:00:00-05:00,10.97222390881698,10.97222390881698,10.78418254852295,10.78418254852295,41400,0.0,0.0
2023-02-13 00:00:00-05:00,10.784182192852162,10.925212984258398,10.784182192852162,10.887604713439941,23400,0.0,0.0
2023-02-14 00:00:00-05:00,10.802986003548497,10.88760483802125,10.793583711573321,10.849996566772461,46100,0.0,0.0
2023-02-15 00:00:00-05:00,10.671357749274705,10.7841825656301,10.62434718496364,10.7747802734375,35000,0.0,0.0
2023-02-16 00:00:00-05:00,10.680759286748795,10.746574436319658,10.671357891083199,10.72776985168457,18700,0.0,0.0
2023-02-17 00:00:00-05:00,10.596141676841812,10.596141676841812,10.304676882456988,10.34228515625,67000,0.0,0.0
2023-02-21 00:00:00-05:00,10.37049030560395,10.417500868237443,10.238861806212455,10.304676055908203,61200,0.0,0.0
2023-02-22 00:00:00-05:00,10.276470936167204,10.379893465286147,10.276470936167204,10.323480606079102,28200,0.0,0.0
2023-02-23 00:00:00-05:00,10.389295124164837,10.436305687860989,10.220057453519463,10.238862037658691,30100,0.0,0.0
2023-02-24 00:00:00-05:00,9.975602134021273,10.25766458828517,9.928592472187143,9.985004425048828,64400,0.0,0.0
2023-02-27 00:00:00-05:00,10.116634792803664,10.116634792803664,9.956799416406712,9.975603103637695,83200,0.0,0.0
2023-02-28 00:00:00-05:00,9.937994231351436,9.975602500190298,9.872179985046387,9.872179985046387,68500,0.0,0.0
2023-03-01 00:00:00-05:00,10.24826284729287,10.267067430357244,10.050819208376312,10.126036643981934,245400,0.0,0.0
2023-03-02 00:00:00-05:00,10.079025888508323,10.210654380811809,10.079025888508323,10.173046112060547,174300,0.0,0.0
2023-03-03 00:00:00-05:00,10.154242426010844,10.229458963513366,10.126036448610362,10.173046112060547,132700,0.0,0.0
2023-03-06 00:00:00-05:00,10.144840612038978,10.144840612038978,10.013211216889642,10.032015800476074,77100,0.0,0.0
2023-03-07 00:00:00-05:00,9.900386069003504,9.956798921194519,9.815767239042914,9.843974113464355,125500,0.0,0.0
2023-03-08 00:00:00-05:00,9.665334650946276,9.75935577713631,9.665334650946276,9.693541526794434,116100,0.0,0.0
2023-03-09 00:00:00-05:00,9.608921578824404,9.608921578824404,9.411477954031717,9.430281639099121,95300,0.0,0.0
2023-03-10 00:00:00-05:00,9.402076721191406,9.449087284127744,9.326860179154027,9.402076721191406,59100,0.0,0.0
2023-03-13 00:00:00-04:00,9.439685550989598,9.552510370724299,9.383272692796266,9.524304389953613,93600,0.0,0.0
2023-03-14 00:00:00-04:00,9.580714448462329,9.580714448462329,9.467889651138197,9.514900207519531,30500,0.0,0.0
2023-03-15 00:00:00-04:00,9.402075663172111,9.430281639099121,9.289250862812263,9.430281639099121,121500,0.0,0.0
2023-03-16 00:00:00-04:00,9.345663710206699,9.467890813138464,9.279849461186478,9.458489418029785,152700,0.0,0.0
2023-03-17 00:00:00-04:00,9.449086220818334,9.48669448760495,9.3738696872451,9.430281639099121,36000,0.0,0.0
2023-03-20 00:00:00-04:00,9.392674571024736,9.411479155143828,9.270447464206411,9.355066299438477,47500,0.0,0.0
2023-03-21 00:00:00-04:00,9.411478855878816,9.467890813138464,9.411478855878816,9.458489418029785,48300,0.0,0.0
2023-03-22 00:00:00-04:00,9.505499787667862,9.61832460719678,9.467891514491557,9.533706665039062,106100,0.0,0.0
2023-03-23 00:00:00-04:00,9.702942797974572,9.81576760996824,9.665334527310014,9.731149673461914,90700,0.0,0.0
2023-03-24 00:00:00-04:00,9.655933289311122,9.693541560587862,9.64653099732896,9.674736976623535,34300,0.0,0.0
2023-03-27 00:00:00-04:00,9.637129192110912,9.64653148456798,9.51490208012493,9.533706665039062,97300,0.0,0.0
2023-03-28 00:00:00-04:00,9.712345914689687,9.768758773803711,9.684139933458663,9.768758773803711,64600,0.0,0.0
2023-03-29 00:00:00-04:00,9.778158187866211,9.796962769310086,9.712343946116238,9.778158187866211,66300,0.0,0.0
2023-03-30 00:00:00-04:00,9.862779360256933,9.937995910644531,9.862779360256933,9.937995910644531,48600,0.0,0.0
2023-03-31 00:00:00-04:00,9.928593527711648,9.985005486570577,9.900386651630264,9.956799507141113,51200,0.0,0.0
2023-04-03 00:00:00-04:00,9.928593635559082,9.966201907424187,9.909789051300566,9.928593635559082,35200,0.0,0.0
2023-04-04 00:00:00-04:00,9.909787265761521,9.909787265761521,9.843973026018935,9.890983581542969,22600,0.0,0.0
2023-04-05 00:00:00-04:00,9.806366123757595,9.825169810589367,9.721747291384892,9.749953269958496,34500,0.0,0.0
2023-04-06 00:00:00-04:00,9.749952903258029,9.872180001349145,9.749952903258029,9.862777709960938,14000,0.0,0.0
2023-04-10 00:00:00-04:00,9.80636586056233,9.84397412986839,9.796963569072847,9.834571838378906,22700,0.0,0.0
2023-04-11 00:00:00-04:00,9.881582260131836,9.947396506328406,9.853375386060286,9.881582260131836,20200,0.0,0.0
2023-04-12 00:00:00-04:00,9.843974807813716,9.843974807813716,9.599520592163069,9.618324279785156,42800,0.0,0.0
2023-04-13 00:00:00-04:00,9.684139127647136,9.80636623168043,9.684139127647136,9.721747398376465,49800,0.0,0.0
2023-04-14 00:00:00-04:00,9.702942088858821,9.721746671142762,9.646530135310666,9.655932426452637,56600,0.0,0.0
2023-04-17 00:00:00-04:00,9.825169669881086,9.843974253095444,9.778159108497066,9.796963691711426,48300,0.0,0.0
2023-04-18 00:00:00-04:00,9.768758069085695,9.796964048281941,9.693541526794434,9.693541526794434,54200,0.0,0.0
2023-04-19 00:00:00-04:00,9.59011862647754,9.693542050201351,9.533706665039062,9.533706665039062,75200,0.0,0.0
2023-04-20 00:00:00-04:00,9.505498976268887,9.543107246234912,9.44908701964579,9.486695289611816,68000,0.0,0.0
2023-04-21 00:00:00-04:00,9.44908867073462,9.467892360677359,9.232840408154866,9.270448684692383,34400,0.0,0.0
2023-04-24 00:00:00-04:00,9.232837160077501,9.232837160077501,9.091806396838914,9.101208686828613,122900,0.0,0.0
2023-04-25 00:00:00-04:00,9.007189200401152,9.007189200401152,8.87555980682373,8.87555980682373,62100,0.0,0.0
2023-04-26 00:00:00-04:00,8.941375589072198,9.0259944269265,8.941375589072198,8.988386154174805,42400,0.0,0.0
2023-04-27 00:00:00-04:00,9.082404970117832,9.120013236999512,9.025993018121218,9.120013236999512,15600,0.0,0.0
2023-04-28 00:00:00-04:00,9.129416203272893,9.24224101226466,9.120013911693944,9.214035034179688,43200,0.0,0.0
2023-05-01 00:00:00-04:00,9.138819619845785,9.195231582960076,9.138819619845785,9.148221015930176,33700,0.0,0.0
2023-05-02 00:00:00-04:00,9.091807731903744,9.091807731903744,8.941374656585472,8.978982925415039,110200,0.0,0.0
2023-05-03 00:00:00-04:00,8.96017837524414,8.997786644210413,8.941374689086935,8.96017837524414,38800,0.0,0.0
2023-05-04 00:00:00-04:00,9.06360042352154,9.120012370156285,9.06360042352154,9.101208686828613,26400,0.0,0.0
2023-05-05 00:00:00-04:00,9.129415512084961,9.148219197167357,9.025993002502261,9.129415512084961,26800,0.0,0.0
2023-05-08 00:00:00-04:00,9.223438390276431,9.242242078952671,9.148220945615533,9.185830116271973,17900,0.0,0.0
2023-05-09 00:00:00-04:00,8.969580756592137,8.988385339589769,8.89436421790535,8.941374778747559,88000,0.0,0.0
2023-05-10 00:00:00-04:00,8.950778280716053,8.978984262375102,8.819148871887172,8.866159439086914,76500,0.0,0.0
2023-05-11 00:00:00-04:00,8.894364267041569,8.950777119694243,8.86615828904117,8.913167953491211,62100,0.0,0.0
2023-05-12 00:00:00-04:00,8.837951144893678,8.847353436157732,8.678115780012142,8.71572494506836,61300,0.0,0.0
2023-05-15 00:00:00-04:00,8.809745060890037,9.044796959729105,8.809745060890037,9.035394668579102,26500,0.0,0.0
2023-05-16 00:00:00-04:00,9.025993592381868,9.025993592381868,8.922570179388284,8.950777053833008,32800,0.0,0.0
2023-05-17 00:00:00-04:00,8.894364390185599,8.903766681866534,8.809745558360964,8.87555980682373,64600,0.0,0.0
2023-05-18 00:00:00-04:00,8.875561147756903,8.875561147756903,8.743932630944734,8.762736320495605,44100,0.0,0.0
2023-05-19 00:00:00-04:00,8.772136915649897,8.790941498212948,8.67811579613833,8.70632266998291,64000,0.0,0.0
2023-05-22 00:00:00-04:00,8.781541448714496,8.903768576621367,8.781541448714496,8.884963989257812,90100,0.0,0.0
2023-05-23 00:00:00-04:00,8.828550861998218,8.828550861998218,8.659313184541729,8.668715476989746,90000,0.0,0.0
2023-05-24 00:00:00-04:00,8.612301202026952,8.631105783829192,8.508878692070072,8.518280982971191,58500,0.0,0.0
2023-05-25 00:00:00-04:00,8.461868407633183,8.508878967005959,8.424260139465332,8.424260139465332,62200,0.0,0.0
2023-05-26 00:00:00-04:00,8.443064164593272,8.71572524058464,8.443064164593272,8.61230182647705,24500,0.0,0.0
2023-05-30 00:00:00-04:00,8.565292130702407,8.649910970194684,8.349044782357224,8.358447074890137,23800,0.0,0.0
2023-05-31 00:00:00-04:00,8.273826464920994,8.34904299578513,8.255021883879072,8.320837020874023,26200,0.0,0.0
2023-06-01 00:00:00-04:00,8.32083807999398,8.57469367980957,8.32083807999398,8.57469367980957,65200,0.0,0.0
2023-06-02 00:00:00-04:00,8.71572543672709,8.8473539352417,8.696920853138206,8.8473539352417,60200,0.0,0.0
2023-06-05 00:00:00-04:00,8.809745754963597,8.856756317765493,8.772137484052461,8.828550338745117,80600,0.0,0.0
2023-06-06 00:00:00-04:00,8.809745436388496,8.931972536592726,8.790941749938854,8.913167953491211,37500,0.0,0.0
2023-06-07 00:00:00-04:00,8.87556041958315,8.913168692251437,8.696921348571777,8.696921348571777,57800,0.0,0.0
2023-06-08 00:00:00-04:00,8.706323481273737,8.772137733073565,8.696921189116066,8.753334045410156,26900,0.0,0.0
2023-06-09 00:00:00-04:00,8.743932023269974,8.772138003962068,8.668715476989746,8.668715476989746,41000,0.0,0.0
2023-06-12 00:00:00-04:00,8.687518071276196,8.819147459017415,8.687518071276196,8.71572494506836,55900,0.0,0.0
2023-06-13 00:00:00-04:00,8.790943181745329,8.837952853851972,8.753334906068801,8.772138595581055,41000,0.0,0.0
2023-06-14 00:00:00-04:00,8.753334795649447,8.819149053090147,8.753334795649447,8.800344467163086,39600,0.0,0.0
2023-06-15 00:00:00-04:00,8.837951244815265,8.988385216785396,8.837951244815265,8.978982925415039,42600,0.0,0.0
2023-06-16 00:00:00-04:00,9.025993242051916,9.138818045496086,8.997786368701998,9.05419921875,79700,0.0,0.0
2023-06-20 00:00:00-04:00,8.978982732017794,8.99778641770164,8.715724855881096,8.734528541564941,33800,0.0,0.0
2023-06-21 00:00:00-04:00,8.64050683228609,8.678115097733675,8.621703147888184,8.621703147888184,52200,0.0,0.0
2023-06-22 00:00:00-04:00,8.565291232471479,8.659312354636796,8.565291232471479,8.63110637664795,11700,0.0,0.0
2023-06-23 00:00:00-04:00,8.565291763276743,8.565291763276743,8.452466947677546,8.461869239807129,28300,0.0,0.0
2023-06-26 00:00:00-04:00,8.49947817644948,8.565292433200275,8.48067448737154,8.555891036987305,19200,0.0,0.0
2023-06-27 00:00:00-04:00,8.612302618953597,8.687519165233823,8.612302618953597,8.668715476989746,49700,0.0,0.0
2023-06-28 00:00:00-04:00,8.640507911788342,8.640507911788342,8.55588997644836,8.58409595489502,23900,0.0,0.0
2023-06-29 00:00:00-04:00,8.5370866337412,8.546488926807148,8.471272375583599,8.490076065063477,24300,0.0,0.0
2023-06-30 00:00:00-04:00,8.508880395005267,8.621705218443601,8.508880395005267,8.565292358398438,30800,0.0,0.0
2023-07-03 00:00:00-04:00,8.64990985119753,8.781539239674142,8.64990985119753,8.687518119812012,23000,0.0,0.0
2023-07-05 00:00:00-04:00,8.649910096156571,8.687518365836093,8.602899534894203,8.61230182647705,15500,0.0,0.0
2023-07-06 00:00:00-04:00,8.508878967005959,8.527682652763964,8.386651871297481,8.424260139465332,42200,0.0,0.0
2023-07-07 00:00:00-04:00,8.46186876398592,8.659312404345,8.46186876398592,8.602899551391602,74200,0.0,0.0
2023-07-10 00:00:00-04:00,8.584096890930015,8.640508853974662,8.565292305480476,8.593499183654785,18800,0.0,0.0
2023-07-11 00:00:00-04:00,8.602899396293624,8.687518225872228,8.602899396293624,8.65931224822998,32400,0.0,0.0
2023-07-12 00:00:00-04:00,8.76273619196097,8.856757328292263,8.725127916758854,8.800344467163086,37000,0.0,0.0
2023-07-13 00:00:00-04:00,8.847353536185622,9.007188902874251,8.847353536185622,8.978982925415039,40100,0.0,0.0
2023-07-14 00:00:00-04:00,8.913168076895582,8.913168076895582,8.83795153675188,8.87555980682373,116900,0.0,0.0
2023-07-17 00:00:00-04:00,8.837951875939025,8.837951875939025,8.68751878987823,8.781539916992188,28600,0.0,0.0
2023-07-18 00:00:00-04:00,8.687519200109941,8.706323785081468,8.612302653527756,8.649910926818848,38700,0.0,0.0
2023-07-19 00:00:00-04:00,8.687518225872228,8.781539346882202,8.65931224822998,8.65931224822998,52300,0.0,0.0
2023-07-20 00:00:00-04:00,8.649910926818848,8.668715511790376,8.612302653527756,8.649910926818848,19900,0.0,0.0
2023-07-21 00:00:00-04:00,8.668715476989746,8.687519165233823,8.640508599645692,8.668715476989746,44600,0.0,0.0
2023-07-24 00:00:00-04:00,8.668714979728469,8.847354042733791,8.612302124928316,8.819148063659668,57100,0.0,0.0
2023-07-25 00:00:00-04:00,8.950778867556693,9.025995421346913,8.913169694009532,8.969582557678223,66200,0.0,0.0
2023-07-26 00:00:00-04:00,8.95077670642247,9.138818045496086,8.95077670642247,9.05419921875,80800,0.0,0.0
2023-07-27 00:00:00-04:00,9.063602699678196,9.063602699678196,8.96017927712207,8.988386154174805,17500,0.0,0.0
2023-07-28 00:00:00-04:00,9.317458027852217,9.364468591498023,9.270447464206411,9.355066299438477,59000,0.0,0.0
2023-07-31 00:00:00-04:00,9.373870479713739,9.524303559577842,9.373870479713739,9.486695289611816,58700,0.0,0.0
2023-08-01 00:00:00-04:00,9.402076365686353,9.402076365686353,9.14821987341992,9.223437309265137,106700,0.0,0.0
2023-08-02 00:00:00-04:00,9.138818168285576,9.138818168285576,8.988385095005459,9.01659107208252,72400,0.0,0.0
2023-08-03 00:00:00-04:00,9.101211076539908,9.261046461725982,9.101211076539908,9.232839584350586,43100,0.0,0.0
2023-08-04 00:00:00-04:00,9.223436627452367,9.223436627452367,9.09180724526836,9.129415512084961,51300,0.0,0.0
2023-08-07 00:00:00-04:00,9.129415909830385,9.20463244674058,8.96958054473326,8.997786521911621,45200,0.0,0.0
2023-08-08 00:00:00-04:00,8.931972859587763,8.931972859587763,8.790942067833983,8.828550338745117,86000,0.0,0.0
2023-08-09 00:00:00-04:00,8.856755948561956,8.960178465093321,8.856755948561956,8.941374778747559,34800,0.0,0.0
2023-08-10 00:00:00-04:00,9.016592832442944,9.101211676846587,9.016592832442944,9.063603401184082,35000,0.0,0.0
2023-08-11 00:00:00-04:00,8.92257060173807,8.92257060173807,8.76273522559297,8.809745788574219,23300,0.0,0.0
2023-08-14 00:00:00-04:00,8.743932023269974,8.743932023269974,8.631107203849632,8.668715476989746,27100,0.0,0.0
2023-08-15 00:00:00-04:00,8.612301202026952,8.649909468979619,8.508878692070072,8.518280982971191,39800,0.0,0.0
2023-08-16 00:00:00-04:00,8.433663494469272,8.433663494469272,8.36784834438491,8.396055221557617,56100,0.0,0.0
2023-08-17 00:00:00-04:00,8.527684304634784,8.546488890687208,8.471272339781542,8.508880615234375,34800,0.0,0.0
2023-08-18 00:00:00-04:00,8.358446402167944,8.377250089068403,8.255022985933783,8.264425277709961,40500,0.0,0.0
2023-08-21 00:00:00-04:00,8.217413855163633,8.26442441247088,8.179805588648193,8.245620727539062,25200,0.0,0.0
2023-08-22 00:00:00-04:00,8.226817114229496,8.27382767706976,8.226817114229496,8.23621940612793,27400,0.0,0.0
2023-08-23 00:00:00-04:00,8.245621467865284,8.349043985905494,8.245621467865284,8.302033424377441,34500,0.0,0.0
2023-08-24 00:00:00-04:00,8.33964070526417,8.377248970696238,8.311434730353062,8.320837020874023,22300,0.0,0.0
2023-08-25 00:00:00-04:00,8.320837155836626,8.320837155836626,8.24562062375249,8.273826599121094,22400,0.0,0.0
2023-08-28 00:00:00-04:00,8.349045255682324,8.490076065063477,8.179807567103325,8.490076065063477,16100,0.0,0.0
2023-08-29 00:00:00-04:00,8.518282384429293,8.725127438373937,8.518282384429293,8.668715476989746,28600,0.0,0.0
2023-08-30 00:00:00-04:00,8.62170413459336,8.62170413459336,8.546487595090081,8.602899551391602,36300,0.0,0.0
2023-08-31 00:00:00-04:00,8.574693787081717,8.574693787081717,8.537085516392178,8.546487808227539,19000,0.0,0.0
2023-09-01 00:00:00-04:00,8.621703060178154,8.753332436231508,8.621703060178154,8.640506744384766,45900,0.0,0.0
2023-09-05 00:00:00-04:00,8.602900708008159,8.602900708008159,8.518282762179423,8.555891036987305,40000,0.0,0.0
2023-09-06 00:00:00-04:00,8.518280982971191,8.584095225975405,8.499476401168952,8.518280982971191,17700,0.0,0.0
2023-09-07 00:00:00-04:00,8.386652397801448,8.386652397801448,8.236219315686034,8.255023002624512,30300,0.0,0.0
2023-09-08 00:00:00-04:00,8.22681714789394,8.245621731767757,8.189208876798215,8.217414855957031,21900,0.0,0.0
2023-09-11 00:00:00-04:00,8.283229861262315,8.349044110391766,8.226817007257146,8.264425277709961,79000,0.0,0.0
2023-09-12 00:00:00-04:00,8.236219299033325,8.349044110391766,8.226817007257146,8.264425277709961,129100,0.0,0.0
2023-09-13 00:00:00-04:00,8.217414946890436,8.255023218402332,8.189208967419496,8.19861125946045,35300,0.0,0.0
2023-09-14 00:00:00-04:00,8.236218468195876,8.245620759023586,8.189207910709126,8.226816177368164,54600,0.0,0.0
2023-09-15 00:00:00-04:00,8.198611402078134,8.198611402078134,8.113992565541416,8.15160083770752,64900,0.0,0.0
2023-09-18 00:00:00-04:00,8.123394840705755,8.179806800510608,8.10459025633618,8.161003112792969,51200,0.0,0.0
2023-09-19 00:00:00-04:00,8.113992548520967,8.189209092695396,8.113992548520967,8.161003112792969,51100,0.0,0.0
2023-09-20 00:00:00-04:00,8.15159998947774,8.17980596650431,8.113991721225034,8.123394012451172,44200,0.0,0.0
2023-09-21 00:00:00-04:00,7.991764683509346,7.991764683509346,7.897743563866143,7.944754123687744,29600,0.0,0.0
2023-09-22 00:00:00-04:00,8.104590182811526,8.208012705950136,8.104590182811526,8.170404434204102,69700,0.0,0.0
2023-09-25 00:00:00-04:00,8.095188471129706,8.095188471129706,8.010570526123047,8.010570526123047,44200,0.0,0.0
2023-09-26 00:00:00-04:00,7.982363460345859,8.019971733905185,7.907146913227205,7.916549205780029,90000,0.0,0.0
2023-09-27 00:00:00-04:00,7.916549114040835,7.963559679608214,7.916549114040835,7.935352802276611,26500,0.0,0.0
2023-09-28 00:00:00-04:00,7.916548712061874,7.954156983275748,7.860135856915105,7.92595100402832,22800,0.0,0.0
2023-09-29 00:00:00-04:00,8.010570433940753,8.048178707950486,8.001168141275325,8.029374122619629,20200,0.0,0.0
2023-10-02 00:00:00-04:00,8.03877652556325,8.03877652556325,7.944755390923122,8.001168251037598,36000,0.0,0.0
2023-10-03 00:00:00-04:00,7.925950308906549,7.925950308906549,7.8319291907917465,7.841331481933594,13800,0.0,0.0
2023-10-04 00:00:00-04:00,7.822527885437012,7.8601361580919225,7.7943219051088155,7.822527885437012,27200,0.0,0.0
2023-10-05 00:00:00-04:00,7.850735441992216,7.92595199381293,7.803724872941264,7.907147407531738,108100,0.0,0.0
2023-10-06 00:00:00-04:00,7.897743793431637,8.057579163479943,7.897743793431637,8.019970893859863,88600,0.0,0.0
2023-10-09 00:00:00-04:00,7.9541562935535985,7.982362270355225,7.897743443298511,7.982362270355225,42000,0.0,0.0
2023-10-10 00:00:00-04:00,8.038775216738854,8.13279543941919,8.038775216738854,8.104589462280273,27500,0.0,0.0
2023-10-11 00:00:00-04:00,8.12339404480745,8.179805999085282,8.00116694833635,8.104589462280273,29900,0.0,0.0
2023-10-12 00:00:00-04:00,8.113992852773778,8.123395145311127,7.907146900211967,8.05757999420166,80700,0.0,0.0
2023-10-13 00:00:00-04:00,8.010569838422517,8.010569838422517,7.89774412812898,7.92595100402832,22400,0.0,0.0
2023-10-16 00:00:00-04:00,7.888343717902573,7.972961666211857,7.869539131621382,7.907147407531738,47200,0.0,0.0
2023-10-17 00:00:00-04:00,7.8131264897622446,7.8789407427453515,7.784919612782101,7.822527885437012,85500,0.0,0.0
2023-10-18 00:00:00-04:00,7.737909409400215,7.803724562110873,7.662692860575454,7.7191057205200195,110600,0.0,0.0
2023-10-19 00:00:00-04:00,7.615683131591284,7.662692801756923,7.578074857467583,7.5874762535095215,43500,0.0,0.0
2023-10-20 00:00:00-04:00,7.549867028058921,7.549867028058921,7.427640376721154,7.446444511413574,49700,0.0,0.0
2023-10-23 00:00:00-04:00,7.427640914916992,7.484053323081814,7.35242437069723,7.427640914916992,119100,0.0,0.0
2023-10-24 00:00:00-04:00,7.50285786089419,7.615683131591284,7.455847294076568,7.5874762535095215,75100,0.0,0.0
2023-10-25 00:00:00-04:00,7.521661595191695,7.56867215949203,7.3994344866715975,7.427640914916992,76200,0.0,0.0
2023-10-26 00:00:00-04:00,7.4370427587814785,7.465249187026873,7.35242437069723,7.427640914916992,97700,0.0,0.0
2023-10-27 00:00:00-04:00,7.4746509222807305,7.512259193844143,7.455846786499023,7.455846786499023,65800,0.0,0.0
2023-10-30 00:00:00-04:00,7.493454748155653,7.62508369318382,7.493454748155653,7.549867153167725,103000,0.0,0.0
2023-10-31 00:00:00-04:00,7.493454517420621,7.549866920695668,7.418237979720558,7.4746503829956055,53500,0.0,0.0
2023-11-01 00:00:00-04:00,7.446445178384332,7.549867704293132,7.390032769254265,7.54046630859375,73900,0.0,0.0
2023-11-02 00:00:00-04:00,7.606280309888709,7.643888581396795,7.596878017848708,7.615682601928711,28000,0.0,0.0
2023-11-03 00:00:00-04:00,7.672094901858225,7.831930287034601,7.672094901858225,7.7943220138549805,49800,0.0,0.0
2023-11-06 00:00:00-05:00,7.841332066063595,7.841332066063595,7.728507253912194,7.813126087188721,9800,0.0,0.0
2023-11-07 00:00:00-05:00,7.784919261932373,7.8131261376412935,7.728507303818348,7.784919261932373,39700,0.0,0.0
2023-11-08 00:00:00-05:00,7.747312162439964,7.79432273241137,7.728508472442627,7.728508472442627,23700,0.0,0.0
2023-11-09 00:00:00-05:00,7.719104924131716,7.756713194664011,7.643888383067125,7.662692070007324,71500,0.0,0.0
2023-11-10 00:00:00-05:00,7.634485689157387,7.681496249009651,7.5874751293051235,7.653290271759033,65500,0.0,0.0
2023-11-13 00:00:00-05:00,7.690899629610907,7.803724451245173,7.690899629610907,7.747311592102051,35800,0.0,0.0
2023-11-14 00:00:00-05:00,7.803723566212483,7.897743791918732,7.775517588165795,7.878940105438232,67400,0.0,0.0
2023-11-15 00:00:00-05:00,8.386652729934838,8.602900069876732,8.311436185898359,8.44306468963623,191500,0.0,0.0
2023-11-16 00:00:00-05:00,8.37725034232381,8.37725034232381,8.161003004845659,8.189208984375,95600,0.0,0.0
2023-11-17 00:00:00-05:00,8.198611293449417,8.245621857197158,8.142198437621744,8.17980670928955,109200,0.0,0.0
2023-11-20 00:00:00-05:00,8.21741528668883,8.377250671386719,8.21741528668883,8.377250671386719,92000,0.0,0.0
2023-11-21 00:00:00-05:00,8.320838007649416,8.386652255797559,8.292631132741455,8.302033424377441,186200,0.0,0.0
2023-11-22 00:00:00-05:00,8.349042907792473,8.396053463250047,8.320836933178636,8.339640617370605,59600,0.0,0.0
2023-11-24 00:00:00-05:00,8.283228755441955,8.358445286306091,8.283228755441955,8.320837020874023,22700,0.0,0.0
2023-11-27 00:00:00-05:00,8.273826599121094,8.28322888979456,8.226816042405561,8.273826599121094,55300,0.0,0.0
2023-11-28 00:00:00-05:00,8.24562160748122,8.264425294419699,8.217414732095659,8.255023002624512,58100,0.0,0.0
2023-11-29 00:00:00-05:00,8.198610672238347,8.217414358321527,8.085785865783691,8.085785865783691,47800,0.0,0.0
2023-11-30 00:00:00-05:00,8.113991721225034,8.17980596650431,8.09518713877276,8.123394012451172,169300,0.0,0.0
2023-12-01 00:00:00-05:00,8.085786854321123,8.123395127737187,8.01997170335404,8.06698226928711,94400,0.0,0.0
2023-12-04 00:00:00-05:00,7.831930366108551,7.944755186786532,7.831930366108551,7.916549205780029,114000,0.0,0.0
2023-12-05 00:00:00-05:00,7.813126598770771,7.850734871950392,7.747311448217466,7.7943220138549805,64300,0.0,0.0
2023-12-06 00:00:00-05:00,7.850735534680783,7.888343811035156,7.84133324142918,7.888343811035156,41000,0.0,0.0
2023-12-07 00:00:00-05:00,7.869538560214221,7.944755106573462,7.7943220138549805,7.7943220138549805,117500,0.0,0.0
2023-12-08 00:00:00-05:00,7.747311350083065,7.831930187828342,7.578074571244458,7.681497097015381,80100,0.0,0.0
2023-12-11 00:00:00-05:00,7.653291116650938,7.747311350083065,7.653291116650938,7.681497097015381,111700,0.0,0.0
2023-12-12 00:00:00-05:00,7.643887891333867,7.756712695672703,7.643887891333867,7.672093868255615,59700,0.0,0.0
2023-12-13 00:00:00-05:00,7.615681914412117,7.6908984506380085,7.596877332029725,7.672093868255615,106900,0.0,0.0
2023-12-14 00:00:00-05:00,7.653290429842593,7.803723507155649,7.653290429842593,7.737908363342285,78600,0.0,0.0
2023-12-15 00:00:00-05:00,7.756712913513184,7.944754259358888,7.756712913513184,7.756712913513184,102700,0.0,0.0
2023-12-18 00:00:00-05:00,7.700300378385417,7.8319297742213365,7.690898983195059,7.813126087188721,153900,0.0,0.0
2023-12-19 00:00:00-05:00,7.954157261006554,7.972960948944092,7.822527858836006,7.972960948944092,84800,0.0,0.0
2023-12-20 00:00:00-05:00,7.888343045209177,7.897744440896025,7.681497097015381,7.681497097015381,101600,0.0,0.0
2023-12-21 00:00:00-05:00,7.681496887191687,7.681496887191687,7.5310638004878765,7.5968780517578125,178600,0.0,0.0
2023-12-22 00:00:00-05:00,7.465248954127043,7.512259068634796,7.42764068319046,7.493454933166504,135800,0.0,0.0
2023-12-26 00:00:00-05:00,7.4934552951630655,7.549867704293132,7.4746511587863775,7.54046630859375,93900,0.0,0.0
2023-12-27 00:00:00-05:00,7.531063433495341,7.5780739949624145,7.502857006949909,7.568671703338623,56600,0.0,0.0
2023-12-28 00:00:00-05:00,7.559269063916779,7.6908984506380085,7.559269063916779,7.672093868255615,97500,0.0,0.0
2023-12-29 00:00:00-05:00,7.662692512337786,7.728507662057418,7.6344865319733435,7.681497097015381,400700,0.0,0.0
2024-01-02 00:00:00-05:00,7.587475423175772,7.681496546521834,7.484052904816612,7.549867153167725,155200,0.0,0.0
2024-01-03 00:00:00-05:00,7.5216617757535635,7.549867756350092,7.455847073818368,7.512259483337402,225500,0.0,0.0
2024-01-04 00:00:00-05:00,7.502856994160499,7.512258837442324,7.399434028104798,7.418238162994385,95000,0.0,0.0
2024-01-05 00:00:00-05:00,7.3994340896606445,7.437042359752683,7.352423976208569,7.3994340896606445,97500,0.0,0.0
2024-01-08 00:00:00-05:00,7.286609524966129,7.352424224008328,7.20199069024415,7.324217796325684,134000,0.0,0.0
2024-01-09 00:00:00-05:00,7.211392941726461,7.286609484022932,7.164382378628189,7.192588806152344,72100,0.0,0.0
2024-01-10 00:00:00-05:00,7.183186576524255,7.211393004293131,7.126774169312463,7.1737847328186035,85700,0.0,0.0
2024-01-11 00:00:00-05:00,7.211392772531689,7.258402886201048,7.201990480802251,7.239598751068115,130000,0.0,0.0
2024-01-12 00:00:00-05:00,7.258403010767564,7.286609438114005,7.19258876083579,7.201990604400635,71800,0.0,0.0
2024-01-16 00:00:00-05:00,7.107969930477324,7.107969930477324,7.051557524083768,7.060959815979004,74100,0.0,0.0
2024-01-17 00:00:00-05:00,6.985743299429695,6.985743299429695,6.816506068774711,6.910526752471924,159400,0.0,0.0
2024-01-18 00:00:00-05:00,6.91052660918798,7.0233514272853075,6.882320628826635,6.9575371742248535,101200,0.0,0.0
2024-01-19 00:00:00-05:00,6.948134283069855,7.013948978784117,6.87291774415409,6.995144844055176,36500,0.0,0.0
2024-01-22 00:00:00-05:00,6.797701235835485,6.854113640276227,6.722484696581163,6.8353095054626465,100100,0.0,0.0
2024-01-23 00:00:00-05:00,6.9481345548659394,7.070361659548287,6.9481345548659394,7.060959815979004,87000,0.0,0.0
2024-01-24 00:00:00-05:00,7.230196907664622,7.27720702133398,7.211392772531689,7.239598751068115,87700,0.0,0.0
2024-01-25 00:00:00-05:00,7.258403073539958,7.305413636748601,7.1831865310668945,7.1831865310668945,62700,0.0,0.0
2024-01-26 00:00:00-05:00,7.183186222175119,7.183186222175119,7.126773817746171,7.136176109313965,50500,0.0,0.0
2024-01-29 00:00:00-05:00,7.0703612595239065,7.079763550887183,7.013948856322031,7.032752990722656,55100,0.0,0.0
2024-01-30 00:00:00-05:00,6.95753696414828,7.023351215221531,6.844712149457595,6.872918128967285,129600,0.0,0.0
2024-01-31 00:00:00-05:00,6.825908013675814,7.032753507275402,6.825908013675814,6.872918128967285,106400,0.0,0.0
2024-02-01 00:00:00-05:00,6.901124890865342,6.938733164249405,6.8823207541733105,6.919929027557373,39600,0.0,0.0
2024-02-02 00:00:00-05:00,6.825907740398351,6.919928415543106,6.778897178663002,6.807103157043457,148200,0.0,0.0
2024-02-05 00:00:00-05:00,6.854113976286626,6.882320404052734,6.825907996846477,6.882320404052734,43100,0.0,0.0
2024-02-06 00:00:00-05:00,7.023350972876421,7.249001042797554,7.023350972876421,7.239598751068115,75400,0.0,0.0
2024-02-07 00:00:00-05:00,7.220794865078381,7.220794865078381,7.164382457733154,7.164382457733154,102900,0.0,0.0
2024-02-08 00:00:00-05:00,7.051557954452287,7.136176793370028,7.03275381784012,7.070362091064453,59400,0.0,0.0
2024-02-09 00:00:00-05:00,7.051557828899852,7.126774374009294,7.0327536926224905,7.107970237731934,33600,0.0,0.0
2024-02-12 00:00:00-05:00,7.126773940270522,7.286609313063419,7.126773940270522,7.239598751068115,79600,0.0,0.0
2024-02-13 00:00:00-05:00,7.18318623878793,7.220794508494207,7.117371990964916,7.126773834228516,32900,0.0,0.0
2024-02-14 00:00:00-05:00,7.183186881500273,7.230197447002337,7.183186881500273,7.220795154571533,48400,0.0,0.0
2024-02-15 00:00:00-05:00,7.154980489924503,7.249001167202719,7.154980489924503,7.201990604400635,56300,0.0,0.0
2024-02-16 00:00:00-05:00,7.2866091563792335,7.361825695293579,7.2866091563792335,7.296011447906494,115400,0.0,0.0
2024-02-20 00:00:00-05:00,7.230196952819824,7.3148157856094675,7.230196952819824,7.230196952819824,108500,0.0,0.0
2024-02-21 00:00:00-05:00,7.324217717366309,7.399434259274541,7.324217717366309,7.352424144744873,87100,0.0,0.0
2024-02-22 00:00:00-05:00,7.418238162994385,7.427640454602149,7.371228049933386,7.418238162994385,44900,0.0,0.0
2024-02-23 00:00:00-05:00,7.4464450052980675,7.46524914123767,7.437042713165283,7.437042713165283,24900,0.0,0.0
2024-02-26 00:00:00-05:00,7.3618263567459445,7.399434629582181,7.3618263567459445,7.3806304931640625,56400,0.0,0.0
2024-02-27 00:00:00-05:00,7.399434441286078,7.4840532771772725,7.399434441286078,7.437042713165283,41100,0.0,0.0
2024-02-28 00:00:00-05:00,7.380630393306692,7.380630393306692,7.258403284079626,7.267805576324463,45100,0.0,0.0
2024-02-29 00:00:00-05:00,7.343022057662893,7.343022057662893,7.277207357494438,7.286609649658203,62800,0.0,0.0
2024-03-01 00:00:00-05:00,7.343022203151194,7.39943461227359,7.343022203151194,7.390032768249512,36600,0.0,0.0
2024-03-04 00:00:00-05:00,7.3618261305127115,7.3618261305127115,7.296011879234796,7.305413722991943,68200,0.0,0.0
2024-03-05 00:00:00-05:00,7.286609649658203,7.343022057662893,7.258403221492875,7.286609649658203,43400,0.0,0.0
2024-03-06 00:00:00-05:00,7.371228218078613,7.418238332211961,7.371228218078613,7.371228218078613,17000,0.0,0.0
2024-03-07 00:00:00-05:00,7.258403221492875,7.314816077823531,7.258403221492875,7.286609649658203,35000,0.0,0.0
2024-03-08 00:00:00-05:00,7.296011941821968,7.3242179216613295,7.277207357494438,7.286609649658203,24700,0.0,0.0
2024-03-11 00:00:00-04:00,7.343022078506776,7.446445050971933,7.343022078506776,7.427640914916992,37400,0.0,0.0
2024-03-12 00:00:00-04:00,7.474651068257107,7.587475885150761,7.474651068257107,7.559269905090332,58400,0.0,0.0
2024-03-13 00:00:00-04:00,7.587475885150761,7.643888741923558,7.559269905090332,7.559269905090332,42900,0.0,0.0
2024-03-14 00:00:00-04:00,7.549867028058921,7.5874752974437625,7.437042219904397,7.446444511413574,98100,0.0,0.0
2024-03-15 00:00:00-04:00,7.418238085211976,7.484052780798416,7.352423837951471,7.446444511413574,14000,0.0,0.0
2024-03-18 00:00:00-04:00,7.521661360531918,7.521661360531918,7.474650797698212,7.493454933166504,60600,0.0,0.0
2024-03-19 00:00:00-04:00,7.484052780798416,7.484052780798416,7.390032107336312,7.446444511413574,54800,0.0,0.0
2024-03-20 00:00:00-04:00,7.390032107336312,7.502856915490836,7.390032107336312,7.446444511413574,38300,0.0,0.0
2024-03-21 00:00:00-04:00,7.4652494749751215,7.502857748535622,7.446445338194871,7.484053611755371,39300,0.0,0.0
2024-03-22 00:00:00-04:00,7.437042484438282,7.437042484438282,7.3524240994755,7.361825942993164,94000,0.0,0.0
2024-03-25 00:00:00-04:00,7.333620359127115,7.4088369046236435,7.333620359127115,7.390032768249512,36500,0.0,0.0
2024-03-26 00:00:00-04:00,7.380630475899458,7.427641040997775,7.380630475899458,7.390032768249512,30200,0.0,0.0
2024-03-27 00:00:00-04:00,7.333620133873953,7.361826113405813,7.314815998077393,7.314815998077393,37600,0.0,0.0
2024-03-28 00:00:00-04:00,7.361826339525326,7.39943461227359,7.361826339525326,7.390032768249512,18600,0.0,0.0
2024-04-01 00:00:00-04:00,7.437043045641754,7.559270158876373,7.437043045641754,7.484053611755371,39800,0.0,0.0
2024-04-02 00:00:00-04:00,7.52166134367811,7.587475593506683,7.474650780949741,7.502857208251953,19900,0.0,0.0
2024-04-03 00:00:00-04:00,7.455846645523583,7.512259051802055,7.4370425100974265,7.502857208251953,58800,0.0,0.0
2024-04-04 00:00:00-04:00,7.549867243574391,7.568671827129535,7.512258973115999,7.531063556671143,74400,0.0,0.0
2024-04-05 00:00:00-04:00,7.455845817078822,7.531062798751785,7.446443974573391,7.465248107910156,44100,0.0,0.0
2024-04-08 00:00:00-04:00,7.4746503829956055,7.549866920695668,7.343021442020496,7.4746503829956055,71200,0.0,0.0
2024-04-09 00:00:00-04:00,7.455846645523583,7.568671906406479,7.455846645523583,7.502857208251953,96600,0.0,0.0
2024-04-10 00:00:00-04:00,7.465248894671259,7.465248894671259,7.361825926256373,7.371228218078613,20600,0.0,0.0
2024-04-11 00:00:00-04:00,7.390032642807111,7.455846894836419,7.3806303506166575,7.427640914916992,44100,0.0,0.0
2024-04-12 00:00:00-04:00,7.343022074895663,7.371228503127187,7.258403238527061,7.277207374572754,56000,0.0,0.0
2024-04-15 00:00:00-04:00,7.380630329666019,7.380630329666019,7.286609649658203,7.286609649658203,34700,0.0,0.0
2024-04-16 00:00:00-04:00,7.2584028244018555,7.286609251024072,7.164382149537701,7.2584028244018555,49200,0.0,0.0
2024-04-17 00:00:00-04:00,7.267805451311431,7.343021994672456,7.1737847721101495,7.305413722991943,26600,0.0,0.0
2024-04-18 00:00:00-04:00,7.305413598619182,7.380630140699665,7.305413598619182,7.343021869659424,35400,0.0,0.0
2024-04-19 00:00:00-04:00,7.305413643793555,7.343021915066354,7.305413643793555,7.333620071411133,19600,0.0,0.0
2024-04-22 00:00:00-04:00,7.286609732028413,7.455846957955594,7.286609732028413,7.408836841583252,70500,0.0,0.0
2024-04-23 00:00:00-04:00,7.465249366234529,7.615682906611266,7.455847073818368,7.512259483337402,36700,0.0,0.0
2024-04-24 00:00:00-04:00,7.587475850804189,7.596878142999083,7.540466183133589,7.5780744552612305,29000,0.0,0.0
2024-04-25 00:00:00-04:00,7.521661020066062,7.634485827768828,7.474650459360276,7.6062798500061035,55400,0.0,0.0
2024-04-26 00:00:00-04:00,7.69090019579591,7.747312162439964,7.6532919191491935,7.728508472442627,29400,0.0,0.0
2024-04-29 00:00:00-04:00,7.747311064544454,7.794321627853848,7.728507377211846,7.77551794052124,35600,0.0,0.0
2024-04-30 00:00:00-04:00,7.681496249009651,7.70970222626027,7.64388798045821,7.653290271759033,42700,0.0,0.0
2024-05-01 00:00:00-04:00,7.643889625824504,7.737909869115274,7.643889625824504,7.728508472442627,23300,0.0,0.0
2024-05-02 00:00:00-04:00,7.841332860140574,8.03877652556325,7.841332860140574,8.001168251037598,41900,0.0,0.0
2024-05-03 00:00:00-04:00,8.066981283048653,8.113991843234391,7.991764745412216,8.085785865783691,53300,0.0,0.0
2024-05-06 00:00:00-04:00,8.11399175354386,8.12339404480745,8.076383485141358,8.104589462280273,29500,0.0,0.0
2024-05-07 00:00:00-04:00,8.11399281770745,8.11399281770745,8.066982251875844,8.076384544372559,29600,0.0,0.0
2024-05-08 00:00:00-04:00,7.954156382602228,8.001166942232457,7.878939845854601,7.963558673858643,32400,0.0,0.0
2024-05-09 00:00:00-04:00,8.010570324818858,8.076384579276356,8.010570324818858,8.05757999420166,195300,0.0,0.0
2024-05-10 00:00:00-04:00,8.132796541196507,8.17040481469393,8.05757999420166,8.05757999420166,47800,0.0,0.0
2024-05-13 00:00:00-04:00,8.085785671458206,8.151599916145413,8.001166844487893,8.132795333862305,74200,0.0,0.0
2024-05-14 00:00:00-04:00,8.095187260499353,8.113991843234391,8.076383574416173,8.085785865783691,67100,0.0,0.0
2024-05-15 00:00:00-04:00,8.12339404480745,8.12339404480745,8.085785776404945,8.104589462280273,26400,0.0,0.0
2024-05-16 00:00:00-04:00,8.113992458033868,8.208012688877426,8.113992458033868,8.17980670928955,85200,0.0,0.0
2024-05-17 00:00:00-04:00,8.189208876798215,8.29263139814848,8.142198313765583,8.217414855957031,44700,0.0,0.0
2024-05-20 00:00:00-04:00,8.123394857745925,8.189209109873623,8.085786585579822,8.15160083770752,126400,0.0,0.0
2024-05-21 00:00:00-04:00,8.048178580905061,8.095188250186165,8.038776288388053,8.06698226928711,47100,0.0,0.0
2024-05-22 00:00:00-04:00,8.02937423276884,8.066982507294492,7.991765958243186,8.001168251037598,66300,0.0,0.0
2024-05-23 00:00:00-04:00,7.92595077410197,7.991765022654047,7.841331942162508,7.850734233856201,23300,0.0,0.0
2024-05-24 00:00:00-04:00,7.850734233856201,7.907146190714585,7.822527358775122,7.850734233856201,63400,0.0,0.0
2024-05-28 00:00:00-04:00,7.850734762417155,7.8601361580919225,7.8131264897622446,7.822527885437012,22700,0.0,0.0
2024-05-29 00:00:00-04:00,7.6908992979368636,7.775518134676325,7.681497005709826,7.700300693511963,73100,0.0,0.0
2024-05-30 00:00:00-04:00,7.662693315821841,7.775519042414033,7.662693315821841,7.728508472442627,21100,0.0,0.0
2024-05-31 00:00:00-04:00,7.643888807164253,7.700300767766588,7.606280534545381,7.69089937210083,110300,0.0,0.0
2024-06-03 00:00:00-04:00,7.747311257995213,7.747311257995213,7.6908992979368636,7.700300693511963,13400,0.0,0.0
2024-06-04 00:00:00-04:00,7.747312162439964,7.775519042414033,7.67209560914653,7.728508472442627,16000,0.0,0.0
2024-06-05 00:00:00-04:00,7.756713740675361,7.803724306312876,7.719105467495741,7.7943220138549805,18900,0.0,0.0
2024-06-06 00:00:00-04:00,7.8131264897622446,7.8601361580919225,7.756713632453905,7.822527885437012,20400,0.0,0.0
2024-06-07 00:00:00-04:00,7.766115344856037,7.82252730129994,7.7003002001356435,7.709702491760254,8800,0.0,0.0
2024-06-10 00:00:00-04:00,7.709702385509054,7.775517529322418,7.709702385509054,7.737908363342285,13400,0.0,0.0
2024-06-11 00:00:00-04:00,7.700299845177365,7.7379081132903105,7.653290182525063,7.672093868255615,20800,0.0,0.0
2024-06-12 00:00:00-04:00,7.747311592102051,7.822528139858228,7.747311592102051,7.747311592102051,14400,0.0,0.0
2024-06-13 00:00:00-04:00,7.672094221913692,7.737908469982205,7.662691930289081,7.709702491760254,38600,0.0,0.0
2024-06-14 00:00:00-04:00,7.719104517561092,7.719104517561092,7.653290271759033,7.653290271759033,7500,0.0,0.0
2024-06-17 00:00:00-04:00,7.709702385509054,7.737908363342285,7.662691824685758,7.737908363342285,15000,0.0,0.0
2024-06-18 00:00:00-04:00,7.747310654837318,7.775517529322418,7.700300094014021,7.737908363342285,25300,0.0,0.0
2024-06-20 00:00:00-04:00,7.756713625020868,7.756713625020868,7.615682826863086,7.69089937210083,36100,0.0,0.0
2024-06-21 00:00:00-04:00,7.653290873436797,7.653290873436797,7.559269746340622,7.615682601928711,23200,0.0,0.0
2024-06-24 00:00:00-04:00,7.606279711906769,7.7285068088619155,7.596877420605946,7.653290271759033,18900,0.0,0.0
2024-06-25 00:00:00-04:00,7.606280561749173,7.6156828541005055,7.521661723891087,7.54046630859375,40800,0.0,0.0
2024-06-26 00:00:00-04:00,7.54046630859375,7.58747597704651,7.531064016242419,7.54046630859375,39700,0.0,0.0
2024-06-27 00:00:00-04:00,7.493454933166504,7.540465944326163,7.465248954127043,7.493454933166504,109900,0.0,0.0
2024-06-28 00:00:00-04:00,7.512259431539754,7.568672288995796,7.4934552951630655,7.54046630859375,10400,0.0,0.0
2024-07-01 00:00:00-04:00,7.521661632792448,7.606280469625673,7.521661632792448,7.559269905090332,20700,0.0,0.0
2024-07-02 00:00:00-04:00,7.5780744552612305,7.596878142999083,7.540466183133589,7.5780744552612305,54700,0.0,0.0
2024-07-03 00:00:00-04:00,7.578074240161026,7.69089905334147,7.578074240161026,7.634486198425293,14400,0.0,0.0
2024-07-05 00:00:00-04:00,7.568672341182415,7.568672341182415,7.484053502740874,7.512259483337402,18700,0.0,0.0
2024-07-08 00:00:00-04:00,7.493455058062437,7.493455058062437,7.427640806989444,7.455846786499023,11800,0.0,0.0
2024-07-09 00:00:00-04:00,7.4276410932218395,7.5216617757535635,7.4276410932218395,7.512259483337402,62700,0.0,0.0
2024-07-10 00:00:00-04:00,7.502857587514398,7.568672288995796,7.502857587514398,7.54046630859375,45600,0.0,0.0
2024-07-11 00:00:00-04:00,7.5874751293051235,7.700299934959447,7.540465466104709,7.653290271759033,25900,0.0,0.0
2024-07-12 00:00:00-04:00,7.700300693511963,7.7849195302514245,7.681497005709826,7.700300693511963,52700,0.0,0.0
2024-07-15 00:00:00-04:00,7.625084157448645,7.625084157448645,7.484053360494563,7.559269905090332,33100,0.0,0.0
2024-07-16 00:00:00-04:00,7.474651431138419,7.606280838897363,7.474651431138419,7.5874762535095215,46800,0.0,0.0
2024-07-17 00:00:00-04:00,7.502857129664375,7.568671827129535,7.502857129664375,7.531063556671143,31500,0.0,0.0
2024-07-18 00:00:00-04:00,7.512259051802055,7.559269614530424,7.4840530728257955,7.502857208251953,40400,0.0,0.0
2024-07-19 00:00:00-04:00,7.512259068634796,7.578074215262746,7.465248954127043,7.493454933166504,13500,0.0,0.0
2024-07-22 00:00:00-04:00,7.52166114187155,7.615682264805697,7.52166114187155,7.568671703338623,88800,0.0,0.0
2024-07-23 00:00:00-04:00,7.474649950415587,7.484052241246921,7.418237550405292,7.465248107910156,26600,0.0,0.0
2024-07-24 00:00:00-04:00,7.4182386855273315,7.474651094169725,7.39003270536912,7.408836841583252,35100,0.0,0.0
2024-07-25 00:00:00-04:00,7.333620088328551,7.408836631047661,7.183186554564373,7.324217796325684,126100,0.0,0.0
2024-07-26 00:00:00-04:00,7.305413660645906,7.343021932005461,7.305413660645906,7.324217796325684,32700,0.0,0.0
2024-07-29 00:00:00-04:00,7.324217841812692,7.333620133873953,7.3054137060161315,7.314815998077393,20400,0.0,0.0
2024-07-30 00:00:00-04:00,7.2584028244018555,7.296011542673459,7.23019684610558,7.2584028244018555,45000,0.0,0.0
2024-07-31 00:00:00-04:00,7.352424082760084,7.4088364887156715,7.296011676804497,7.371228218078613,41200,0.0,0.0
2024-08-01 00:00:00-04:00,7.371228485828221,7.380630329666019,7.286609649658203,7.286609649658203,73500,0.0,0.0
2024-08-02 00:00:00-04:00,7.267805161243322,7.267805161243322,7.173784485794536,7.2490010261535645,42100,0.0,0.0
2024-08-05 00:00:00-04:00,7.042155273233446,7.23959892092466,7.042155273233446,7.192588806152344,53000,0.0,0.0
2024-08-06 00:00:00-04:00,7.154980489924503,7.277207146223207,7.126774062578062,7.201990604400635,130900,0.0,0.0
2024-08-07 00:00:00-04:00,7.31481567764629,7.324217520969734,7.23019684610558,7.2584028244018555,27500,0.0,0.0
2024-08-08 00:00:00-04:00,7.33361996411422,7.37122823483678,7.324217672270605,7.361825942993164,34200,0.0,0.0
2024-08-09 00:00:00-04:00,7.333620009267815,7.3806301237974825,7.333620009267815,7.352424144744873,21000,0.0,0.0
2024-08-12 00:00:00-04:00,7.380630305346475,7.4464450052980675,7.3524243256000545,7.437042713165283,58500,0.0,0.0
2024-08-13 00:00:00-04:00,7.446444801973481,7.512259051802055,7.4370425100974265,7.502857208251953,16600,0.0,0.0
2024-08-14 00:00:00-04:00,7.4370425302286565,7.4370425302286565,7.314815873790757,7.352424144744873,28900,0.0,0.0
2024-08-15 00:00:00-04:00,7.3806303506166575,7.484053323081814,7.3806303506166575,7.427640914916992,18700,0.0,0.0
2024-08-16 00:00:00-04:00,7.399434255825046,7.502857225063626,7.399434255825046,7.493454933166504,18400,0.0,0.0
2024-08-19 00:00:00-04:00,7.518261492152633,7.565965923390758,7.49917962866788,7.546884059906006,19200,0.116,0.0
2024-08-20 00:00:00-04:00,7.499179344336658,7.499179344336658,7.403770030530338,7.432392597198486,30700,0.0,0.0
2024-08-21 00:00:00-04:00,7.413311004638672,7.432392868095434,7.375147277725146,7.413311004638672,53600,0.0,0.0
2024-08-22 00:00:00-04:00,7.422852435786398,7.527802461169813,7.394229412078857,7.394229412078857,49800,0.0,0.0
2024-08-23 00:00:00-04:00,7.4514750767081175,7.508720669730049,7.4228525076709175,7.489638805389404,38600,0.0,0.0
2024-08-26 00:00:00-04:00,7.422852310611408,7.43239301505468,7.3751474235524865,7.403770446777344,50200,0.0,0.0
2024-08-27 00:00:00-04:00,7.384688332501777,7.451475085244305,7.384688332501777,7.422852516174316,31100,0.0,0.0
2024-08-28 00:00:00-04:00,7.3751471363759595,7.432392725649101,7.317901547102818,7.356065273284912,30400,0.0,0.0
2024-08-29 00:00:00-04:00,7.441933838321736,7.50872013125072,7.3465240685131885,7.461015701293945,32600,0.0,0.0
2024-08-30 00:00:00-04:00,7.52780199422293,7.565965720167349,7.461015701293945,7.461015701293945,33600,0.0,0.0
2024-09-03 00:00:00-04:00,7.432392786132796,7.432392786132796,7.36560603729688,7.384687900543213,75900,0.0,0.0
2024-09-04 00:00:00-04:00,7.432392868095434,7.5087203219224845,7.403770300384046,7.413311004638672,14400,0.0,0.0
2024-09-05 00:00:00-04:00,7.394229141181909,7.489638458465722,7.394229141181909,7.413311004638672,20800,0.0,0.0
2024-09-06 00:00:00-04:00,7.375147681670982,7.4133114106747815,7.317902088165283,7.317902088165283,8900,0.0,0.0
2024-09-09 00:00:00-04:00,7.2988201436899995,7.317902007982818,7.270197119777006,7.289278984069824,187200,0.0,0.0
2024-09-10 00:00:00-04:00,7.279737867569618,7.279737867569618,7.232032982062554,7.251114845275879,17800,0.0,0.0
2024-09-11 00:00:00-04:00,7.193869336472728,7.289278653611455,7.193869336472728,7.279737949371338,17000,0.0,0.0
2024-09-12 00:00:00-04:00,7.27973827939718,7.308360848362644,7.251115255484186,7.289278984069824,10500,0.0,0.0
2024-09-13 00:00:00-04:00,7.289278363886821,7.2988195226952195,7.232032775878906,7.232032775878906,21400,0.0,0.0
2024-09-16 00:00:00-04:00,7.251114638548211,7.289278363886821,7.2129509132096015,7.232032775878906,42000,0.0,0.0
2024-09-17 00:00:00-04:00,7.260655816491963,7.336983267370342,7.260655816491963,7.298819541931152,42000,0.0,0.0
2024-09-18 00:00:00-04:00,7.3369838722756375,7.3369838722756375,7.27973827939718,7.289278984069824,25000,0.0,0.0
2024-09-19 00:00:00-04:00,7.4705568165800535,7.508720544625486,7.432393088534622,7.499179840087891,34200,0.0,0.0
2024-09-20 00:00:00-04:00,7.518261704110607,7.5659661366936355,7.4705568165800535,7.499179840087891,30400,0.0,0.0
2024-09-23 00:00:00-04:00,7.537343502044678,7.575507229755485,7.441934182767661,7.537343502044678,41000,0.0,0.0
2024-09-24 00:00:00-04:00,8.291076065480382,8.329239787270243,7.823570246080851,8.062093734741211,131400,0.0,0.0
2024-09-25 00:00:00-04:00,7.899897989913811,7.976225436394529,7.823570543433092,7.871275424957275,32500,0.0,0.0
2024-09-26 00:00:00-04:00,8.386486528259287,8.520060020673776,8.281536512008957,8.453272819519043,232500,0.0,0.0
2024-09-27 00:00:00-04:00,8.558223538463519,8.644092145087109,8.520059814396918,8.605928421020508,117200,0.0,0.0
2024-09-30 00:00:00-04:00,8.720419592366728,8.863533330128734,8.720419592366728,8.739500999450684,145000,0.0,0.0
2024-10-01 00:00:00-04:00,8.83491263662223,9.121141082691347,8.815830315599886,9.111599922180176,51200,0.0,0.0
2024-10-02 00:00:00-04:00,9.397827730360488,9.531400328869902,9.331040521210696,9.521859169006348,205600,0.0,0.0
2024-10-03 00:00:00-04:00,9.359664509832934,9.435991973102313,9.216549833781492,9.321500778198242,91800,0.0,0.0
2024-10-04 00:00:00-04:00,9.45507371914386,9.636352133256107,9.397828574610116,9.598188400268555,110100,0.0,0.0
2024-10-07 00:00:00-04:00,9.769923589566751,9.932119663076135,9.722218701494274,9.91303825378418,128800,0.0,0.0
2024-10-08 00:00:00-04:00,9.168842993445635,9.426448809661608,8.806287165009234,8.815828323364258,303400,0.0,0.0
2024-10-09 00:00:00-04:00,8.682256053996866,8.78720606994064,8.577305128158118,8.69179630279541,175400,0.0,0.0
2024-10-10 00:00:00-04:00,8.73950192328298,8.863534267072199,8.691797035687888,8.844452857971191,161300,0.0,0.0
2024-10-11 00:00:00-04:00,8.768123668076079,8.930319724723288,8.768123668076079,8.901697158813477,55300,0.0,0.0
2024-10-14 00:00:00-04:00,8.768124739862065,8.930320816335577,8.691797281509247,8.825370788574219,104800,0.0,0.0
2024-10-15 00:00:00-04:00,8.682255462916999,8.729959433346997,8.43419081314339,8.462813377380371,282500,0.0,0.0
2024-10-16 00:00:00-04:00,8.54868341640122,8.567764825800442,8.50097852806057,8.529601097106934,67200,0.0,0.0
2024-10-17 00:00:00-04:00,8.49143680244096,8.567764254740586,8.281536763564489,8.300618171691895,48300,0.0,0.0
2024-10-18 00:00:00-04:00,8.62501109244518,8.663174822106193,8.577306202895137,8.615469932556152,66900,0.0,0.0
2024-10-21 00:00:00-04:00,8.58684647917772,8.58684647917772,8.462814143068863,8.510519027709961,40700,0.0,0.0
2024-10-22 00:00:00-04:00,8.51051865590653,8.71087843472992,8.491436338925752,8.605928421020508,52900,0.0,0.0
2024-10-23 00:00:00-04:00,8.596388112630041,8.653633249443457,8.558224384789415,8.577305793762207,20100,0.0,0.0
2024-10-24 00:00:00-04:00,8.510518674685759,8.5677638059645,8.500977516174316,8.500977516174316,7200,0.0,0.0
2024-10-25 00:00:00-04:00,8.54868237997313,8.625009828106332,8.539141221482742,8.605928421020508,50700,0.0,0.0
2024-10-28 00:00:00-04:00,8.5677644449742,8.691796785188785,8.5677644449742,8.62501049041748,46900,0.0,0.0
2024-10-29 00:00:00-04:00,8.605929153174515,8.605929153174515,8.520060539245605,8.520060539245605,18700,0.0,0.0
2024-10-30 00:00:00-04:00,8.424651609972152,8.510520232503133,8.396029039093532,8.491437911987305,35300,0.0,0.0
2024-10-31 00:00:00-04:00,8.46281397824043,8.481896295683205,8.415109094528471,8.453272819519043,35500,0.0,0.0
2024-11-01 00:00:00-04:00,8.462814683074301,8.500978411243375,8.443733273937289,8.472355842590332,47200,0.0,0.0
2024-11-04 00:00:00-05:00,8.52960106600734,8.663174570895128,8.510519656677692,8.634552001953125,32400,0.0,0.0
2024-11-05 00:00:00-05:00,8.787206175595726,8.787206175595726,8.691796407303313,8.720419883728027,32200,0.0,0.0
2024-11-06 00:00:00-05:00,8.472355959014205,8.577305985447584,8.405569661274333,8.529601097106934,56900,0.0,0.0
2024-11-07 00:00:00-05:00,8.710878414869915,9.035270523643913,8.672714690890324,8.97802448272705,65300,0.0,0.0
2024-11-08 00:00:00-05:00,8.710879296151917,8.75858418342646,8.405569473426914,8.577305793762207,156400,0.0,0.0
2024-11-11 00:00:00-05:00,8.586845333699351,8.672713932619525,8.548681613056482,8.558222770690918,14400,0.0,0.0
2024-11-12 00:00:00-05:00,8.453272716870368,8.453272716870368,8.26245409423463,8.29107666015625,52500,0.0,0.0
2024-11-13 00:00:00-05:00,8.300617818761777,8.319700135972834,8.29107666015625,8.29107666015625,16100,0.0,0.0
2024-11-14 00:00:00-05:00,8.271995733684038,8.271995733684038,8.214749688618172,8.22429084777832,16000,0.0,0.0
2024-11-15 00:00:00-05:00,8.205209982241547,8.205209982241547,8.14796393338806,8.186127662658691,46300,0.0,0.0
2024-11-18 00:00:00-05:00,8.186126993242455,8.319700489714302,8.16704558511505,8.300618171691895,35000,0.0,0.0
2024-11-19 00:00:00-05:00,8.252913415363745,8.291077142109316,8.22429084777832,8.22429084777832,69700,0.0,0.0
2024-11-20 00:00:00-05:00,8.271995544433594,8.271995544433594,8.224290659619289,8.271995544433594,34100,0.0,0.0
2024-11-21 00:00:00-05:00,8.22429037219504,8.22429037219504,8.128881515795797,8.157504081726074,123200,0.0,0.0
2024-11-22 00:00:00-05:00,7.957144737243652,8.014389872246763,7.928522169742096,7.957144737243652,127100,0.0,0.0
2024-11-25 00:00:00-05:00,7.93806266784668,8.043013601801075,7.823571484356012,7.93806266784668,175100,0.0,0.0
2024-11-26 00:00:00-05:00,7.93806283656155,7.985767724837005,7.890358858181158,7.92852258682251,45900,0.0,0.0
2024-11-27 00:00:00-05:00,8.033472283215856,8.119340896606445,8.033472283215856,8.119340896606445,38400,0.0,0.0
2024-11-29 00:00:00-05:00,8.081177519758192,8.138422657902817,8.0239314717185,8.12888240814209,62900,0.0,0.0
2024-12-02 00:00:00-05:00,8.081176818482323,8.119340543898621,8.033471934238204,8.1097993850708,124100,0.0,0.0
2024-12-03 00:00:00-05:00,8.090717418879565,8.128882055848738,8.071636010290003,8.119340896606445,68300,0.0,0.0
2024-12-04 00:00:00-05:00,8.100259019469872,8.109800179232023,8.033472720924975,8.0525541305542,28100,0.0,0.0
2024-12-05 00:00:00-05:00,8.062095040484687,8.119341087388547,8.033472471980282,8.071636199951172,92200,0.0,0.0
2024-12-06 00:00:00-05:00,8.12888240814209,8.157504977214403,8.100258929174712,8.12888240814209,69300,0.0,0.0
2024-12-09 00:00:00-05:00,8.58684556866197,8.729959297515043,8.510518125287676,8.644091606140137,267700,0.0,0.0
2024-12-10 00:00:00-05:00,8.405569101025133,8.453273076291147,8.271995604553286,8.300618171691895,221700,0.0,0.0
2024-12-11 00:00:00-05:00,8.329241032919585,8.338782192267669,8.186127282278472,8.281537055969238,108200,0.0,0.0
2024-12-12 00:00:00-05:00,8.262454796042839,8.348323410996292,8.25291363662689,8.310159683227539,84800,0.0,0.0
2024-12-13 00:00:00-05:00,8.23383194698772,8.23383194698772,8.186127061429342,8.19566822052002,31300,0.0,0.0
2024-12-16 00:00:00-05:00,8.081176282614296,8.176585134880925,8.081176282614296,8.14796257019043,115300,0.0,0.0
2024-12-17 00:00:00-05:00,8.138422773596632,8.224291391929324,8.119341363908855,8.186127662658691,103600,0.0,0.0
2024-12-18 00:00:00-05:00,8.128881702726442,8.271995445563816,8.10025822624298,8.1097993850708,83700,0.0,0.0
2024-12-19 00:00:00-05:00,8.22429037219504,8.262454096733732,8.05255315682345,8.157504081726074,95900,0.0,0.0
2024-12-20 00:00:00-05:00,8.128882580875421,8.262455179314587,8.128882580875421,8.214750289916992,52300,0.0,0.0
2024-12-23 00:00:00-05:00,8.195668092688704,8.281536703375455,8.15750436681626,8.271995544433594,55800,0.0,0.0
2024-12-24 00:00:00-05:00,8.319700055075328,8.36740493774414,8.310158896562575,8.36740493774414,34300,0.0,0.0
2024-12-26 00:00:00-05:00,8.357863779231387,8.434191227543504,8.348322620718633,8.36740493774414,34300,0.0,0.0
2024-12-27 00:00:00-05:00,8.33878112471183,8.33878112471183,8.176585076139375,8.252912521362305,145800,0.0,0.0
2024-12-30 00:00:00-05:00,8.19566860277626,8.25291374020029,8.071636258497458,8.100258827209473,137500,0.0,0.0
2024-12-31 00:00:00-05:00,8.062095098961768,8.157504874528556,8.033472530249753,8.100258827209473,71000,0.0,0.0
2025-01-02 00:00:00-05:00,8.052553053489238,8.090716777538194,7.976225605391327,7.995307922363281,75700,0.0,0.0
2025-01-03 00:00:00-05:00,7.976226366810406,8.043013572692871,7.976226366810406,8.043013572692871,17000,0.0,0.0
2025-01-06 00:00:00-05:00,8.081177136747767,8.109799704463503,7.976226205298367,7.985767364501953,174200,0.0,0.0
2025-01-07 00:00:00-05:00,7.966685955989803,8.014389932217687,7.918981069866896,7.985767364501953,152000,0.0,0.0
2025-01-08 00:00:00-05:00,7.899898529052734,7.947603413832599,7.8521936442728695,7.899898529052734,40800,0.0,0.0
2025-01-10 00:00:00-05:00,7.880817993547799,7.880817993547799,7.7281630732680995,7.737703323364258,82900,0.0,0.0
2025-01-13 00:00:00-05:00,7.737702787364751,7.766326265355736,7.699539059938471,7.709080219268799,227200,0.0,0.0
2025-01-14 00:00:00-05:00,7.785407886993565,7.899899072402875,7.785407886993565,7.8617353439331055,88800,0.0,0.0
2025-01-15 00:00:00-05:00,7.899899107920199,7.92852258682251,7.880817698547055,7.92852258682251,48200,0.0,0.0
2025-01-16 00:00:00-05:00,7.909440459870434,7.928522779602623,7.871276730301141,7.880817890167236,85300,0.0,0.0
2025-01-17 00:00:00-05:00,7.918981476354354,8.090717801359148,7.918981476354354,8.023931503295898,58400,0.0,0.0
2025-01-21 00:00:00-05:00,8.043013032682717,8.138421890559684,8.023930715170335,8.0811767578125,113800,0.0,0.0
2025-01-22 00:00:00-05:00,8.08117760984065,8.119341338994174,8.014390401400675,8.0525541305542,166000,0.0,0.0
2025-01-23 00:00:00-05:00,8.033472471980282,8.071636199951172,7.9953087440093915,8.071636199951172,32400,0.0,0.0
2025-01-24 00:00:00-05:00,8.128882580875421,8.2433737694926,8.128882580875421,8.214750289916992,63500,0.0,0.0
2025-01-27 00:00:00-05:00,8.24337297750301,8.300618111364178,8.205209251630565,8.271995544433594,95700,0.0,0.0
2025-01-28 00:00:00-05:00,8.271995604553286,8.348323056852912,8.214749560381064,8.300618171691895,88100,0.0,0.0
2025-01-29 00:00:00-05:00,8.348323056852912,8.434191668163743,8.300618171691895,8.300618171691895,60700,0.0,0.0
2025-01-30 00:00:00-05:00,8.357864124774444,8.52006018661718,8.319700399040565,8.510519027709961,72600,0.0,0.0
2025-01-31 00:00:00-05:00,8.510517956092372,8.510517956092372,8.3292395992612,8.348321914672852,25000,0.0,0.0
2025-02-03 00:00:00-05:00,8.138422640989914,8.415109901167448,8.138422640989914,8.262454986572266,231400,0.0,0.0
2025-02-04 00:00:00-05:00,8.348322681983543,8.462813855291921,8.27199523311129,8.396027565002441,59300,0.0,0.0
2025-02-05 00:00:00-05:00,8.357864215864115,8.405569101025133,8.262454445542081,8.300618171691895,92900,0.0,0.0
2025-02-06 00:00:00-05:00,8.357863779231387,8.386486344874692,8.329240303693126,8.36740493774414,31900,0.0,0.0
2025-02-07 00:00:00-05:00,8.443732384895576,8.5677638059645,8.443732384895576,8.500977516174316,29000,0.0,0.0
2025-02-10 00:00:00-05:00,8.60592943301112,8.710879459061843,8.58684711378641,8.634552001953125,293700,0.0,0.0
2025-02-11 00:00:00-05:00,8.644091976078121,8.644091976078121,8.443732201172155,8.54868221282959,104500,0.0,0.0
2025-02-12 00:00:00-05:00,8.625010710458614,8.739501894371045,8.558224413983456,8.7108793258667,81600,0.0,0.0
2025-02-13 00:00:00-05:00,8.605928543569512,8.701337400147164,8.596387384943256,8.66317367553711,83000,0.0,0.0
2025-02-14 00:00:00-05:00,8.777664354128506,8.873074115218074,8.777664354128506,8.83491039276123,94900,0.0,0.0
2025-02-18 00:00:00-05:00,8.920779829328596,8.920779829328596,8.844452377282801,8.911238670349121,95900,0.0,0.0
2025-02-19 00:00:00-05:00,8.939860097803605,9.016187540119727,8.920778692172016,8.958942413330078,116500,0.0,0.0
2025-02-20 00:00:00-05:00,9.016189250990925,9.197467643311446,9.016189250990925,9.14022159576416,205300,0.0,0.0
2025-02-21 00:00:00-05:00,9.24517129785335,9.359663388941247,9.24517129785335,9.264253616333008,108900,0.0,0.0
2025-02-24 00:00:00-05:00,9.216547303673272,9.216547303673272,8.930318940040369,8.958942413330078,185600,0.0,0.0
2025-02-25 00:00:00-05:00,8.987565702812214,9.025729427053447,8.920779412863798,9.006647109985352,210200,0.0,0.0
2025-02-26 00:00:00-05:00,9.178386490850253,9.32150117296258,9.140222757599334,9.226091384887695,202400,0.0,0.0
2025-02-27 00:00:00-05:00,9.207008189283176,9.24517191891117,9.102058160279963,9.121140480041504,165400,0.0,0.0
2025-02-28 00:00:00-05:00,8.930319600278825,9.006647048238007,8.930319600278825,8.97802448272705,107400,0.0,0.0
2025-03-03 00:00:00-05:00,8.939860402043823,8.978024124500669,8.83491039276123,8.83491039276123,75700,0.0,0.0
2025-03-04 00:00:00-05:00,8.882616975940403,9.063894464884248,8.873075816023597,9.016189575195312,113000,0.0,0.0
2025-03-05 00:00:00-05:00,9.111598338830904,9.407366984119458,9.092516021124553,9.359663009643555,162600,0.0,0.0
2025-03-06 00:00:00-05:00,9.445531730089758,9.502777779498432,9.378745430692211,9.388286590576172,72100,0.0,0.0
2025-03-07 00:00:00-05:00,9.378745020286521,9.445531316761558,9.340581292315779,9.350122451782227,51300,0.0,0.0
2025-03-10 00:00:00-04:00,9.254712424220656,9.321499628767207,9.130680084228516,9.130680084228516,90900,0.0,0.0
2025-03-11 00:00:00-04:00,9.28333568572998,9.340581735348854,9.140221926525433,9.28333568572998,74000,0.0,0.0
2025-03-12 00:00:00-04:00,9.302417622620883,9.426449966776568,9.245171575358624,9.378745079040527,447100,0.0,0.0
2025-03-13 00:00:00-04:00,9.378745296552419,9.474155074237244,9.378745296552419,9.464613914489746,94500,0.0,0.0
2025-03-14 00:00:00-04:00,9.54094145517277,9.68405521304233,9.54094145517277,9.626810073852539,160900,0.0,0.0
2025-03-17 00:00:00-04:00,9.636446909979172,9.925540501079187,9.636446909979172,9.906267166137695,178600,0.1,0.0
2025-03-18 00:00:00-04:00,9.92553975818013,9.992994587420158,9.848448262190637,9.915903091430664,244400,0.0,0.0
2025-03-19 00:00:00-04:00,9.954448447383884,9.983357527490622,9.867720288060585,9.89663028717041,98400,0.0,0.0
2025-03-20 00:00:00-04:00,9.78099275185777,9.78099275185777,9.655719757080078,9.655719757080078,77300,0.0,0.0
2025-03-21 00:00:00-04:00,9.56899180232991,9.578627550522196,9.462990301186274,9.53044605255127,24600,0.0,0.0
2025-03-24 00:00:00-04:00,9.54971765057414,9.588263397053632,9.491899490356445,9.491899490356445,44200,0.0,0.0
2025-03-25 00:00:00-04:00,9.501535554895094,9.540081302661283,9.44371739274737,9.462989807128906,11900,0.0,0.0
2025-03-26 00:00:00-04:00,9.453353669163134,9.520808495218349,9.405171256693803,9.443717002868652,30600,0.0,0.0
2025-03-27 00:00:00-04:00,9.434081602766756,9.578627940571915,9.34735343248238,9.549718856811523,52700,0.0,0.0
2025-03-28 00:00:00-04:00,9.501534948435946,9.501534948435946,9.337715301135061,9.434080123901367,65800,0.0,0.0
2025-03-31 00:00:00-04:00,9.376261107309405,9.405171105728808,9.270260536780787,9.347352027893066,110200,0.0,0.0
2025-04-01 00:00:00-04:00,9.385897500498887,9.443716576653198,9.27989693305286,9.424443244934082,34400,0.0,0.0
2025-04-02 00:00:00-04:00,9.43408150485883,9.43408150485883,9.31844425201416,9.31844425201416,17600,0.0,0.0
2025-04-03 00:00:00-04:00,9.212443882913488,9.222079631624343,9.15462479563229,9.193170547485352,25900,0.0,0.0
2025-04-04 00:00:00-04:00,8.78843875161563,9.10644140007188,8.547527598603128,8.6053466796875,144200,0.0,0.0
2025-04-07 00:00:00-04:00,8.296980369973566,8.547528207515958,7.863340447459845,7.91152286529541,152200,0.0,0.0
2025-04-08 00:00:00-04:00,8.181343337119992,8.21025333999552,7.834431573642528,7.921159744262695,104800,0.0,0.0
2025-04-09 00:00:00-04:00,8.075342217862858,8.306616711600407,8.036796468906598,8.258434295654297,106500,0.0,0.0
2025-04-10 00:00:00-04:00,8.248798157928581,8.40298114646878,8.171705744655378,8.239161491394043,79500,0.0,0.0
2025-04-11 00:00:00-04:00,8.402981687734867,8.528255603743895,8.316253521343759,8.489709854125977,41100,0.0,0.0
2025-04-14 00:00:00-04:00,8.480072944674035,8.672801687256895,8.45116386303739,8.614982604980469,79000,0.0,0.0
2025-04-15 00:00:00-04:00,8.624619271860395,8.643892605620248,8.354799032244392,8.614982604980469,46700,0.0,0.0
2025-04-16 00:00:00-04:00,8.547526981799065,8.586072726739413,8.374070670065969,8.441526412963867,90300,0.0,0.0
2025-04-17 00:00:00-04:00,8.518618510554894,8.557164258245061,8.441527015174561,8.470436096191406,48100,0.0,0.0
2025-04-21 00:00:00-04:00,8.499344434142987,8.54752684429407,8.431889611333292,8.480072021484375,37400,0.0,0.0
2025-04-22 00:00:00-04:00,8.605347733064093,8.720984990384821,8.586074397342356,8.701711654663086,22600,0.0,0.0
2025-04-23 00:00:00-04:00,8.80771234292783,8.913712922516627,8.759529927113599,8.798075675964355,66600,0.0,0.0
2025-04-24 00:00:00-04:00,8.8558939479439,8.932986365590505,8.8558939479439,8.894439697265625,46200,0.0,0.0
2025-04-25 00:00:00-04:00,8.875166406174307,8.942621231079102,8.836620660656843,8.942621231079102,28700,0.0,0.0
2025-04-28 00:00:00-04:00,8.913711761110974,8.971530836355187,8.884802682990381,8.923348426818848,24000,0.0,0.0
2025-04-29 00:00:00-04:00,8.884803912615208,9.000441160104387,8.846258163452148,8.846258163452148,22300,0.0,0.0
2025-04-30 00:00:00-04:00,8.904076787660832,8.913713455200195,8.855894368967219,8.913713455200195,110200,0.0,0.0
2025-05-01 00:00:00-04:00,8.89443966065361,8.952258743899774,8.836621496410595,8.846258163452148,19400,0.0,0.0
2025-05-02 00:00:00-04:00,8.942622393485049,9.087169647216797,8.942622393485049,9.087169647216797,137200,0.0,0.0
2025-05-05 00:00:00-04:00,9.029348800342282,9.087167874355401,9.029348800342282,9.048622131347656,28400,0.0,0.0
2025-05-06 00:00:00-04:00,9.058258871598976,9.144987032631816,9.048623124042187,9.09680461883545,24500,0.0,0.0
2025-05-07 00:00:00-04:00,9.038986839085045,9.048623506051774,8.884803843629944,8.93298625946045,112100,0.0,0.0
2025-05-08 00:00:00-04:00,8.981166391831847,9.067894543350027,8.942620648824102,9.048622131347656,117500,0.0,0.0
2025-05-09 00:00:00-04:00,9.067894543350027,9.135349363862831,8.759528599288059,9.048622131347656,33600,0.0,0.0
2025-05-12 00:00:00-04:00,9.289534746033196,9.347352910324162,9.270261411934106,9.29917049407959,101200,0.0,0.0
2025-05-13 00:00:00-04:00,9.279897339530647,9.414807910464699,9.260624006967321,9.308806419372559,133600,0.0,0.0
2025-05-14 00:00:00-04:00,9.44371707750631,9.491899490356445,9.385897998285529,9.491899490356445,58800,0.0,0.0
2025-05-15 00:00:00-04:00,9.434080247536055,9.472625993347112,9.231714852277241,9.260623931884766,111300,0.0,0.0
2025-05-16 00:00:00-04:00,9.250988996838169,9.337716243274617,9.212443247643142,9.29917049407959,57100,0.0,0.0
2025-05-19 00:00:00-04:00,9.260624568189597,9.31844365038051,9.096804907485659,9.289534568786621,49600,0.0,0.0
2025-05-20 00:00:00-04:00,9.356989929962285,9.424444763844619,9.289535096079954,9.405172348022461,40500,0.0,0.0
2025-05-21 00:00:00-04:00,9.45335373244408,9.53044522530983,9.308806494068486,9.356988906860352,46500,0.0,0.0
2025-05-22 00:00:00-04:00,9.356988694032868,9.36662536017267,9.299169616197124,9.347352027893066,12500,0.0,0.0
2025-05-23 00:00:00-04:00,9.299170038786649,9.385898199979986,9.299170038786649,9.366625785827637,13600,0.0,0.0
2025-05-27 00:00:00-04:00,9.250988748089254,9.270261162666978,9.202806333140254,9.241352081298828,216100,0.0,0.0
2025-05-28 00:00:00-04:00,9.20280647277832,9.222078887648472,9.135350723224933,9.20280647277832,249400,0.0,0.0
2025-05-29 00:00:00-04:00,9.279898501065937,9.347353335474528,9.279898501065937,9.31844425201416,26500,0.0,0.0
2025-05-30 00:00:00-04:00,9.260624920983755,9.260624920983755,9.116078588504509,9.125715255737305,15400,0.0,0.0
2025-06-02 00:00:00-04:00,9.144986694451596,9.299169677695822,9.144986694451596,9.260623931884766,43500,0.0,0.0
2025-06-03 00:00:00-04:00,9.308806494068486,9.356988906860352,9.250988333920718,9.356988906860352,24100,0.0,0.0
2025-06-04 00:00:00-04:00,9.424445076704258,9.549719000218106,9.424445076704258,9.511173248291016,23700,0.0,0.0
2025-06-05 00:00:00-04:00,9.568992191987252,9.597901275747644,9.530446440638997,9.549718856811523,37100,0.0,0.0
2025-06-06 00:00:00-04:00,9.559353964969908,9.559353964969908,9.44371672978919,9.520808219909668,12000,0.0,0.0
2025-06-09 00:00:00-04:00,9.5497178381127,9.665355079822074,9.5497178381127,9.636445999145508,58700,0.0,0.0
2025-06-10 00:00:00-04:00,9.66535529265385,9.66535529265385,9.588263796483373,9.646082878112793,16500,0.0,0.0
2025-06-11 00:00:00-04:00,9.694265014670574,9.723174095153809,9.684628348175128,9.723174095153809,26200,0.0,0.0
2025-06-12 00:00:00-04:00,9.655719332265289,9.655719332265289,9.626809332585617,9.636445999145508,11300,0.0,0.0
2025-06-13 00:00:00-04:00,9.568990983315429,9.568990983315429,9.462989491244512,9.491899490356445,15700,0.0,0.0
2025-06-16 00:00:00-04:00,9.589251661225418,9.861839255190166,9.589251661225418,9.793692588806152,214800,0.1,0.0
2025-06-17 00:00:00-04:00,9.822897857421212,9.822897857421212,9.550310272139976,9.569780349731445,38700,0.0,0.0
2025-06-18 00:00:00-04:00,9.501635551452637,9.637928906644255,9.423753368934898,9.501635551452637,17500,0.0,0.0
2025-06-20 00:00:00-04:00,9.530840682829947,9.540576187287147,9.384811829687163,9.443222999572754,19900,0.0,0.0
2025-06-23 00:00:00-04:00,9.491898735489903,9.60872199313064,9.491898735489903,9.579516410827637,29200,0.0,0.0
2025-06-24 00:00:00-04:00,9.618458311430643,9.88131043127977,9.170635321661019,9.813163757324219,52000,0.0,0.0
2025-06-25 00:00:00-04:00,9.813162667017858,9.871574758510366,9.783957085485952,9.793692588806152,10600,0.0,0.0
2025-06-26 00:00:00-04:00,9.764487425732414,9.822899525282129,9.764487425732414,9.783958435058594,7400,0.0,0.0
2025-06-27 00:00:00-04:00,9.725545781846868,9.813163461969074,9.696340197949059,9.774222373962402,31600,0.0,0.0
2025-06-30 00:00:00-04:00,9.754752395809602,9.764486971591115,9.67686929055601,9.725545883178711,30900,0.0,0.0
2025-07-01 00:00:00-04:00,9.7060758031869,9.783957980011708,9.686604794766307,9.725545883178711,19400,0.0,0.0
2025-07-02 00:00:00-04:00,9.696340560913086,9.725546145904152,9.647663966975436,9.696340560913086,9300,0.0,0.0
2025-07-03 00:00:00-04:00,9.66713497592202,9.735281650377443,9.66713497592202,9.696340560913086,4200,0.0,0.0
2025-07-07 00:00:00-04:00,9.696340401020525,9.75475249846825,9.67686939239502,9.67686939239502,15600,0.0,0.0
2025-07-08 00:00:00-04:00,9.745016655144578,9.754752159118652,9.696340063702975,9.754752159118652,13300,0.0,0.0
2025-07-09 00:00:00-04:00,9.686605160010114,9.686605160010114,9.589252899522723,9.647664070129395,22800,0.0,0.0
2025-07-10 00:00:00-04:00,9.686604794766307,9.735281387389009,9.686604794766307,9.725545883178711,11300,0.0,0.0
2025-07-11 00:00:00-04:00,9.706075608711059,9.715810184297526,9.637928009033203,9.637928009033203,17100,0.0,0.0
2025-07-14 00:00:00-04:00,9.686605348867761,9.754752953809293,9.686605348867761,9.735281944274902,40000,0.0,0.0
2025-07-15 00:00:00-04:00,9.79369331523668,9.920251154071716,9.79369331523668,9.891045570373535,116100,0.0,0.0
2025-07-16 00:00:00-04:00,9.852104448342624,9.852104448342624,9.783957777141133,9.822898864746094,27500,0.0,0.0
2025-07-17 00:00:00-04:00,9.783958331471023,9.881310591784732,9.783958331471023,9.832634925842285,41500,0.0,0.0
2025-07-18 00:00:00-04:00,9.85210467478686,10.06628112575123,9.85210467478686,9.978663444519043,71000,0.0,0.0
2025-07-21 00:00:00-04:00,10.007868766784668,10.066280862219848,9.949457599778249,10.007868766784668,36700,0.0,0.0
2025-07-22 00:00:00-04:00,10.007869118788605,10.163633474189394,9.99813454289765,10.114957809448242,39100,0.0,0.0
2025-07-23 00:00:00-04:00,10.12469212357777,10.222045307400714,10.12469212357777,10.144163131713867,30100,0.0,0.0
2025-07-24 00:00:00-04:00,10.202573900717006,10.222044908092498,10.153898239135742,10.153898239135742,13000,0.0,0.0
2025-07-25 00:00:00-04:00,10.095486539802396,10.153898635781914,10.095486539802396,10.144163131713867,9300,0.0,0.0
2025-07-28 00:00:00-04:00,10.114957387710723,10.192839562163863,10.066280796570322,10.1246919631958,16200,0.0,0.0
2025-07-29 00:00:00-04:00,10.076016460095067,10.173368715489243,10.076016460095067,10.144163131713867,12300,0.0,0.0
2025-07-30 00:00:00-04:00,10.085751238773843,10.16363341602856,10.046810150146484,10.046810150146484,25900,0.0,0.0
2025-07-31 00:00:00-04:00,9.998134716267424,10.037075805792869,9.949458122253418,9.949458122253418,35200,0.0,0.0
2025-08-01 00:00:00-04:00,9.871576015653531,9.871576015653531,9.754752746219792,9.832634925842285,82200,0.0,0.0
2025-08-04 00:00:00-04:00,9.929987113276292,9.959192698313172,9.891046023750848,9.949458122253418,63500,0.0,0.0
2025-08-05 00:00:00-04:00,10.007869188996354,10.076016791283868,9.97866360426102,9.99813461303711,23300,0.0,0.0
2025-08-06 00:00:00-04:00,9.98839858726682,10.076016265328086,9.98839858726682,10.05654525756836,31200,0.0,0.0
2025-08-07 00:00:00-04:00,10.066280625541136,10.076016129289558,10.027339538976188,10.03707504272461,8600,0.0,0.0
2025-08-08 00:00:00-04:00,9.949459100293973,10.046811369462992,9.949459100293973,10.017605781555176,22300,0.0,0.0
2025-08-11 00:00:00-04:00,10.0176046933844,10.046810278119734,9.959192595484932,9.99813461303711,69500,0.0,0.0
2025-08-12 00:00:00-04:00,9.978662886471248,10.1733683180825,9.978662886471248,10.153898239135742,21200,0.0,0.0
2025-08-13 00:00:00-04:00,10.29992780054883,10.455692156723444,10.29992780054883,10.436222076416016,37500,0.0,0.0
2025-08-14 00:00:00-04:00,10.348604834274804,10.416751510893516,9.881310817439655,10.241517066955566,14400,0.0,0.0
2025-08-15 00:00:00-04:00,10.329132501436966,10.338868004972085,10.290191415725213,10.319397926330566,10400,0.0,0.0
2025-08-18 00:00:00-04:00,10.329132538963801,10.41675021424075,10.329132538963801,10.387544631958008,14100,0.0,0.0
2025-08-19 00:00:00-04:00,10.348604041826123,10.407015209189634,10.329133033752441,10.329133033752441,36300,0.0,0.0
2025-08-20 00:00:00-04:00,10.32913267407654,10.416750350499594,10.32913267407654,10.407014846801758,36000,0.0,0.0
2025-08-21 00:00:00-04:00,10.377809264136985,10.436221357895265,10.270721508746993,10.407014846801758,11100,0.0,0.0
2025-08-22 00:00:00-04:00,10.46542802373726,10.864574432373047,10.436222438049695,10.864574432373047,115600,0.0,0.0
2025-08-25 00:00:00-04:00,10.815897114221316,10.893779289800882,10.708809354906608,10.767221450805664,46800,0.0,0.0
2025-08-26 00:00:00-04:00,10.806163418966538,10.961927782815689,10.806163418966538,10.884045600891113,31100,0.0,0.0
2025-08-27 00:00:00-04:00,10.747751046371883,10.747751046371883,10.562781101088289,10.660133361816406,48900,0.0,0.0
2025-08-28 00:00:00-04:00,10.708810011814483,10.74775110199302,10.494633551618122,10.728281021118164,40900,0.0,0.0
2025-08-29 00:00:00-04:00,10.660133217930275,10.922986268048827,10.630927632948929,10.893779754638672,65200,0.0,0.0
2025-09-02 00:00:00-04:00,10.903514108405625,10.991131782531738,10.845102944607355,10.991131782531738,44600,0.0,0.0
2025-09-03 00:00:00-04:00,10.952191679644669,11.107956034984342,10.952191679644669,11.059279441833496,63000,0.0,0.0
2025-09-04 00:00:00-04:00,10.952190718704406,10.981396300660911,10.806161880493164,10.806161880493164,19800,0.0,0.0
2025-09-05 00:00:00-04:00,10.874309833135927,11.00086860781077,10.806163157706711,10.913250923156738,107400,0.0,0.0
2025-09-08 00:00:00-04:00,10.981396675109863,11.069014352395723,10.854837911077928,10.981396675109863,103200,0.0,0.0
2025-09-09 00:00:00-04:00,11.039809226989746,11.14689698787254,11.010603642826945,11.039809226989746,41300,0.0,0.0
2025-09-10 00:00:00-04:00,11.098220954667608,11.127427468731204,10.884045422107539,11.049545288085938,194200,0.0,0.0
2025-09-11 00:00:00-04:00,11.117690975865937,11.234514236450195,11.059278881359434,11.234514236450195,83700,0.0,0.0
2025-09-12 00:00:00-04:00,11.215044157233859,11.302660906350495,11.146896558904816,11.234514236450195,98100,0.0,0.0
2025-09-15 00:00:00-04:00,11.302661364118133,11.419484629433837,11.176102594585592,11.292926788330078,77800,0.0,0.0
2025-09-16 00:00:00-04:00,11.302661002470808,11.380543176855975,11.15663215760581,11.370808601379395,60800,0.0,0.0
2025-09-17 00:00:00-04:00,11.458426509306792,11.633660940970891,11.370808829260355,11.526573181152344,110600,0.0,0.0
2025-09-18 00:00:00-04:00,11.438209305267575,11.614937308102682,11.094572666389055,11.261482238769531,160700,0.1,0.0
2025-09-19 00:00:00-04:00,11.22220945328807,11.330209379277823,11.192754161924176,11.261482238769531,20100,0.0,0.0
2025-09-22 00:00:00-04:00,11.261481637938605,11.349845634641696,11.19275356476008,11.251663208007812,128100,0.0,0.0
2025-09-23 00:00:00-04:00,11.241844770778945,11.290935984064017,11.084753637336325,11.094572067260742,177600,0.0,0.0
2025-09-24 00:00:00-04:00,11.153480535120567,11.37929973685792,11.12402618231552,11.232026100158691,172100,0.0,0.0
2025-09-25 00:00:00-04:00,11.232026577992809,11.340027436767558,11.192753793802998,11.271299362182617,45500,0.0,0.0
2025-09-26 00:00:00-04:00,11.232026100158691,11.57566364945323,11.094571829510471,11.232026100158691,147600,0.0,0.0
2025-09-29 00:00:00-04:00,11.310572629348794,11.457845330073201,11.241844557518675,11.389118194580078,141600,0.0,0.0
2025-09-30 00:00:00-04:00,11.418572656689927,11.624755001478677,11.359663014034425,11.43820858001709,92000,0.0,0.0
2025-10-01 00:00:00-04:00,11.467663427425174,11.713118545742754,11.467663427425174,11.634572982788086,85400,0.0,0.0
2025-10-02 00:00:00-04:00,11.732754701478498,11.821118695642802,11.65420913696289,11.65420913696289,55800,0.0,0.0
2025-10-03 00:00:00-04:00,11.664027688368442,11.713118900787391,11.565845263530546,11.624754905700684,79300,0.0,0.0
2025-10-06 00:00:00-04:00,11.614936706374582,11.713119133160289,11.55602799937277,11.644391059875488,36600,0.0,0.0
2025-10-07 00:00:00-04:00,11.575664044753085,11.742573610243179,11.516754400794277,11.614936828613281,68200,0.0,0.0
2025-10-08 00:00:00-04:00,11.614936123880934,11.72293603885936,11.448026568518022,11.634572982788086,28900,0.0,0.0
2025-10-09 00:00:00-04:00,11.673846107862436,11.811300378910321,11.42839098232036,11.467663764953613,76600,0.0,0.0
2025-10-10 00:00:00-04:00,11.42839142696018,11.54620977944385,10.898208372615159,10.957117080688477,133300,0.0,0.0
2025-10-13 00:00:00-04:00,11.143662932587308,11.398935548292227,11.055298938700728,11.18293571472168,344900,0.0,0.0
2025-10-14 00:00:00-04:00,11.04548038273456,11.467663488102467,10.83929804480337,11.133844375610352,135300,0.0,0.0
2025-10-15 00:00:00-04:00,11.133844606703516,11.300754166413935,11.114207747284881,11.153480529785156,72600,0.0,0.0
2025-10-16 00:00:00-04:00,11.232026575991895,11.26148186638178,11.045481085207792,11.192753791809082,44400,0.0,0.0
2025-10-17 00:00:00-04:00,11.074935683814589,11.241845254361458,11.055299759458103,11.212390899658203,20800,0.0,0.0
2025-10-20 00:00:00-04:00,11.143663759904923,11.271299609064712,11.065118189804874,11.212390899658203,46800,0.0,0.0
2025-10-21 00:00:00-04:00,11.212389938980618,11.232025861654698,11.114207516599299,11.133844375610352,50500,0.0,0.0
2025-10-22 00:00:00-04:00,11.133844496848484,11.241844413574384,11.074934855510822,11.104390144348145,32500,0.0,0.0
2025-10-23 00:00:00-04:00,11.094571388168532,11.398935206499425,11.045480177888303,11.349844932556152,64800,0.0,0.0
2025-10-24 00:00:00-04:00,11.408754112532513,11.487299677728087,11.310572624206543,11.310572624206543,11300,0.0,0.0
2025-10-27 00:00:00-04:00,11.369481214011337,11.497117990237006,11.349845291081149,11.418572425842285,101700,0.0,0.0
2025-10-28 00:00:00-04:00,11.398935792619708,11.487299788400303,11.320390226667403,11.359663009643555,228400,0.0,0.0
2025-10-29 00:00:00-04:00,11.438208475725927,11.624754895486623,11.438208475725927,11.467663764953613,73000,0.0,0.0
2025-10-30 00:00:00-04:00,11.33020854733694,11.369481329934725,11.271298905271761,11.310572624206543,61800,0.0,0.0
2025-10-31 00:00:00-04:00,11.241844419754743,11.281117201889113,10.809843816276663,11.18293571472168,136500,0.0,0.0
2025-11-03 00:00:00-05:00,11.212390177067658,11.359662877429892,11.182935824262609,11.232026100158691,67300,0.0,0.0
2025-11-04 00:00:00-05:00,11.124026067236043,11.202571631461604,10.750934168996139,11.104390144348145,82600,0.0,0.0
2025-11-05 00:00:00-05:00,11.133844737251415,11.340027081879665,10.868752750013522,11.28111743927002,222600,0.0,0.0
2025-11-06 00:00:00-05:00,11.31057285839603,11.585482342272638,11.222208861637153,11.408754348754883,164100,0.0,0.0
2025-11-07 00:00:00-05:00,11.349845035858031,11.418572169073704,11.104389918559809,11.320389747619629,105000,0.0,0.0
2025-11-10 00:00:00-05:00,11.418572656689927,11.64439092480584,11.330208660875176,11.43820858001709,155700,0.0,0.0
2025-11-11 00:00:00-05:00,11.457845565645357,11.58548234585464,11.428391212162296,11.487299919128418,75700,0.0,0.0
2025-11-12 00:00:00-05:00,11.49711847170822,11.56584560934748,11.133844987085379,11.457845687866211,150400,0.0,0.0
2025-11-13 00:00:00-05:00,11.46766302320102,11.506935803294027,11.330207824707031,11.330207824707031,42100,0.0,0.0
2025-11-14 00:00:00-05:00,11.330208774780115,11.428391201413998,11.16329921130472,11.251663208007812,85400,0.0,0.0
2025-11-17 00:00:00-05:00,11.114208219399055,11.143663509778222,11.035662651062012,11.035662651062012,86600,0.0,0.0
2025-11-18 00:00:00-05:00,10.96693528361841,11.016026496887207,10.898208146844302,11.016026496887207,78800,0.0,0.0
2025-11-19 00:00:00-05:00,10.898207664489746,10.966934798221992,10.87857080551655,10.898207664489746,24200,0.0,0.0
2025-11-20 00:00:00-05:00,10.996389858538654,11.07493542681602,10.721480369567871,10.721480369567871,59100,0.0,0.0
2025-11-21 00:00:00-05:00,10.623297695258712,10.780388828178788,10.152024296498487,10.70184326171875,47500,0.0,0.0
2025-11-24 00:00:00-05:00,10.741116417980964,10.829480417401584,10.741116417980964,10.7705717086792,63000,0.0,0.0
2025-11-25 00:00:00-05:00,10.85893583283559,10.927662972580183,10.809844617444998,10.819663047790527,55300,0.0,0.0
2025-11-26 00:00:00-05:00,10.868752849717634,10.937480922782195,10.800025712990086,10.858935356140137,57500,0.0,0.0
2025-11-28 00:00:00-05:00,10.927662248359372,11.01602624293878,10.91784381866455,10.91784381866455,17300,0.0,0.0
2025-12-01 00:00:00-05:00,10.957116263411057,11.192752950802552,10.908025052786922,11.084753036499023,49100,0.0,0.0
2025-12-02 00:00:00-05:00,11.124026543521444,11.124026543521444,10.996389762105776,11.065117835998535,74700,0.0,0.0
2025-12-03 00:00:00-05:00,10.976753592135436,11.055299157961983,10.927662379409593,11.045480728149414,29500,0.0,0.0
2025-12-04 00:00:00-05:00,11.074935081250118,11.074935081250118,10.908025519784456,11.045480728149414,27500,0.0,0.0
2025-12-05 00:00:00-05:00,11.14366340637207,11.182936190176164,11.12402654630151,11.14366340637207,58900,0.0,0.0
2025-12-08 00:00:00-05:00,11.114207637623602,11.163298849348823,11.055298932622923,11.104390144348145,128800,0.0,0.0
2025-12-09 00:00:00-05:00,11.006207818737808,11.07493495396188,10.937480683513737,10.996389389038086,155100,0.0,0.0
2025-12-10 00:00:00-05:00,10.947298302697728,11.074935081250118,10.908025519784456,11.045480728149414,94700,0.0,0.0
2025-12-11 00:00:00-05:00,11.00620782415373,11.094571818820729,10.917843829486731,11.074934959411621,144400,0.0,0.0
2025-12-12 00:00:00-05:00,11.104390619792815,11.232026464871458,11.065117835998535,11.065117835998535,74000,0.0,0.0
2025-12-15 00:00:00-05:00,11.164178449191608,11.164178449191608,11.00568000883778,11.025492668151855,76500,0.1,0.0
2025-12-16 00:00:00-05:00,10.926431495297994,11.025492904553197,10.847182745781677,10.966055870056152,37600,0.0,0.0
2025-12-17 00:00:00-05:00,11.00567981289583,11.075023174540933,10.857088649564108,10.95615005493164,170800,0.0,0.0
2025-12-18 00:00:00-05:00,11.005680127333944,11.134459580103202,10.975962082762454,11.11464786529541,101500,0.0,0.0
2025-12-19 00:00:00-05:00,11.094834962782036,11.283051445291782,10.886806765898392,11.174083709716797,57800,0.0,0.0
2025-12-22 00:00:00-05:00,11.243427545526902,11.302863635872313,10.91652621446827,11.292957305908203,44000,0.0,0.0
2025-12-23 00:00:00-05:00,11.283051209792822,11.283051209792822,11.193896135172157,11.2335205078125,117200,0.0,0.0
2025-12-24 00:00:00-05:00,11.22361497018497,11.302863721055855,11.22361497018497,11.27314567565918,17900,0.0,0.0
2025-12-26 00:00:00-05:00,11.283051685141835,11.411831137828255,11.283051685141835,11.352394104003906,23000,0.0,0.0
2025-12-29 00:00:00-05:00,11.263238710562504,11.411830818607031,11.13445926147841,11.193896293640137,93600,0.0,0.0
2025-12-30 00:00:00-05:00,11.243427706349669,11.362300833460441,11.183990670434465,11.25333309173584,43800,0.0,0.0
2025-12-31 00:00:00-05:00,11.203802782855453,11.203802782855453,11.065117002313869,11.154272079467773,154600,0.0,0.0
2026-01-02 00:00:00-05:00,11.292957145720495,11.67929550636405,11.253332771145741,11.570328712463379,120100,0.0,0.0
2026-01-05 00:00:00-05:00,11.540609359741211,11.61985810639629,11.45145522829393,11.540609359741211,102500,0.0,0.0
2026-01-06 00:00:00-05:00,11.679295745944797,11.72882645135918,11.45145582364612,11.510891914367676,246600,0.0,0.0
2026-01-07 00:00:00-05:00,11.471266989976613,11.629764483941399,11.312769496011827,11.41183090209961,103900,0.0,0.0
2026-01-08 00:00:00-05:00,11.392018437264358,11.481173515319824,11.312769688930523,11.481173515319824,178500,0.0,0.0
2026-01-09 00:00:00-05:00,11.45145531184297,11.520797729492188,11.411830938226334,11.520797729492188,145100,0.0,0.0
2026-01-12 00:00:00-05:00,11.560421980942793,11.669388771057129,11.510891278265522,11.669388771057129,158600,0.0,0.0
2026-01-13 00:00:00-05:00,11.609953280437386,11.699108360895634,11.550516245225346,11.639671325683594,162400,0.0,0.0
2026-01-14 00:00:00-05:00,11.590140781385074,11.619858827043906,11.49108031428242,11.60004711151123,122500,0.0,0.0
2026-01-15 00:00:00-05:00,11.590140342712402,11.639671046748871,11.560422298178363,11.590140342712402,76800,0.0,0.0
2026-01-16 00:00:00-05:00,11.570328508391327,11.629764596845348,11.481173430990705,11.500985145568848,161100,0.0,0.0
2026-01-20 00:00:00-05:00,11.500984873907196,11.500984873907196,11.392018084502306,11.451455116271973,47600,0.0,0.0
2026-01-21 00:00:00-05:00,11.520797765280417,11.709013304364218,11.392018314446412,11.629764556884766,369500,0.0,0.0
2026-01-22 00:00:00-05:00,11.768450898456175,11.83779331962706,11.580234405678578,11.728826522827148,132400,0.0,0.0
2026-01-23 00:00:00-05:00,11.728826437765159,11.798168858433147,11.679295732408184,11.748638153076172,25800,0.0,0.0
2026-01-26 00:00:00-05:00,11.7090137020116,11.847699487170313,11.7090137020116,11.768450736999512,128900,0.0,0.0
2026-01-27 00:00:00-05:00,11.837793350219727,11.867511395838388,11.788262644375534,11.837793350219727,106100,0.0,0.0
2026-01-28 00:00:00-05:00,11.90713631786353,12.04582115592316,11.867510998738373,11.936854362487793,154600,0.0,0.0
2026-01-29 00:00:00-05:00,12.06563349369839,12.06563349369839,11.778356550739836,12.01610279083252,82000,0.0,0.0
2026-01-30 00:00:00-05:00,11.798168266440952,11.907136001702588,11.728825849252331,11.778356552124023,42500,0.0,0.0
2026-02-02 00:00:00-05:00,11.629764556884766,11.728825963593875,11.520797765280417,11.629764556884766,259000,0.0,0.0
2026-02-03 00:00:00-05:00,11.540609443940713,12.085445289709154,11.471267026291496,11.520797729492188,123000,0.0,0.0
2026-02-04 00:00:00-05:00,11.491079920757194,11.580234054680504,11.421736556968478,11.461360931396484,36200,0.0,0.0
2026-02-05 00:00:00-05:00,11.471267261183387,11.600046714254312,11.401924842114278,11.461360931396484,129700,0.0,0.0
2026-02-06 00:00:00-05:00,11.520797570875393,11.867510599067566,11.451455154180874,11.798168182373047,113800,0.0,0.0
2026-02-09 00:00:00-05:00,11.758543893087515,11.857605298830897,11.738732178770587,11.778356552124023,59100,0.0,0.0
2026-02-10 00:00:00-05:00,11.837792715413796,11.887323418601888,11.699107880150644,11.758543968200684,117100,0.0,0.0
2026-02-11 00:00:00-05:00,11.73873276778048,11.8377932337748,11.679295732408184,11.748638153076172,109400,0.0,0.0
2026-02-12 00:00:00-05:00,11.679295745944797,11.718920121332376,11.510891914367676,11.510891914367676,53900,0.0,0.0
2026-02-13 00:00:00-05:00,11.431643248237371,11.510891999599323,11.401925202656548,11.491080284118652,32900,0.0,0.0
2026-02-17 00:00:00-05:00,11.491080123165052,11.590140588620152,11.401925042951728,11.530704498291016,86700,0.0,0.0
2026-02-18 00:00:00-05:00,11.570328189257511,11.65948326419905,11.372205380623171,11.580233573913574,139500,0.0,0.0
2026-02-19 00:00:00-05:00,11.600046476725462,11.619858191173986,11.510891399908132,11.520797729492188,95500,0.0,0.0
2026-02-20 00:00:00-05:00,11.441549578337524,11.550516375280298,11.362300826975572,11.491080284118652,122700,0.0,0.0
2026-02-23 00:00:00-05:00,11.421736717224121,11.590140547085884,11.352394297182084,11.421736717224121,127800,0.0,0.0
2026-02-24 00:00:00-05:00,11.382111755087433,11.491079489211893,11.382111755087433,11.451455116271973,147800,0.0,0.0
2026-02-25 00:00:00-05:00,11.530704659799628,11.550516375280298,11.451455908437676,11.491080284118652,183800,0.0,0.0
2026-02-26 00:00:00-05:00,11.352394179727373,11.461360973625979,11.154272306857358,11.332581520080566,287500,0.0,0.0
2026-02-27 00:00:00-05:00,11.273145039550386,11.481173235027978,11.273145039550386,11.431642532348633,71000,0.0,0.0
2026-03-02 00:00:00-05:00,11.233521140090344,11.39201863957274,11.193896765219746,11.312769889831543,169300,0.0,0.0
2026-03-03 00:00:00-05:00,11.144366071032527,11.174084116033788,10.966055911585729,11.075023651123047,69000,0.0,0.0
2026-03-04 00:00:00-05:00,11.045304618699248,11.223614777456671,11.045304618699248,11.203803062438965,13200,0.0,0.0
2026-03-05 00:00:00-05:00,11.05521062798227,11.164178363938387,11.015586254376295,11.045304298400879,39200,0.0,0.0
2026-03-06 00:00:00-05:00,10.995774465165168,11.13445929948327,10.995774465165168,11.065116882324219,29700,0.0,0.0
2026-03-09 00:00:00-04:00,10.936337866584468,11.114648026031267,10.896713491676248,11.075023651123047,103400,0.0,0.0
2026-03-10 00:00:00-04:00,11.045304883112077,11.332581843143021,11.045304883112077,11.25333309173584,63100,0.0,0.0
2026-03-11 00:00:00-04:00,11.25333245665156,11.25333245665156,11.174083709716797,11.174083709716797,29800,0.0,0.0
2026-03-12 00:00:00-04:00,11.134459375194217,11.134459375194217,11.005679924794904,11.045304298400879,47200,0.0,0.0
2026-03-13 00:00:00-04:00,11.04530402635185,11.174083473579289,10.926430908461807,10.995774269104004,86500,0.0,0.0
2026-03-16 00:00:00-04:00,11.065117397174669,11.193896852690319,10.966055986864285,11.055211067199707,31400,0.0,0.0
2026-03-17 00:00:00-04:00,11.104741057656653,11.223614175546697,10.995774269104004,10.995774269104004,16500,0.0,0.0
2026-03-18 00:00:00-04:00,10.91652599196137,11.035399114948875,10.866995287870008,10.876900672912598,79300,0.0,0.0
2026-03-19 00:00:00-04:00,10.797652329867857,11.26323945426506,10.401408571691283,10.777840614318848,142600,0.0,0.0
2026-03-20 00:00:00-04:00,10.421220888774158,10.728309555068222,10.421220888774158,10.510375022888184,42100,0.0,0.0
2026-03-23 00:00:00-04:00,10.629247984881653,10.728309392017831,10.490563148554514,10.549999237060547,66400,0.0,0.0
2026-03-24 00:00:00-04:00,10.510000228881836,10.609999656677246,10.4399995803833,10.529999732971191,56700,0.1,0.0
2026-03-25 00:00:00-04:00,10.65999984741211,10.8100004196167,10.65999984741211,10.6899995803833,22500,0.0,0.0
2026-03-26 00:00:00-04:00,10.520000457763672,10.630000114440918,10.380000114440918,10.380000114440918,18500,0.0,0.0
2026-03-27 00:00:00-04:00,10.3100004196167,10.420000076293945,10.3100004196167,10.34000015258789,67500,0.0,0.0
2026-03-30 00:00:00-04:00,10.350000381469727,10.520000457763672,10.350000381469727,10.420000076293945,44700,0.0,0.0
2026-03-31 00:00:00-04:00,10.460000038146973,10.739999771118164,10.260000228881836,10.609999656677246,44800,0.0,0.0
2026-04-01 00:00:00-04:00,10.609999656677246,10.680000305175781,10.5,10.569999694824219,34200,0.0,0.0
2026-04-02 00:00:00-04:00,10.539999961853027,10.75,10.470000267028809,10.59000015258789,25100,0.0,0.0
2026-04-06 00:00:00-04:00,10.520000457763672,10.619999885559082,10.510000228881836,10.510000228881836,16600,0.0,0.0
2026-04-07 00:00:00-04:00,10.399999618530273,10.59000015258789,10.34000015258789,10.390000343322754,7000,0.0,0.0
2026-04-08 00:00:00-04:00,10.649999618530273,10.800000190734863,10.300000190734863,10.720000267028809,54600,0.0,0.0
2026-04-09 00:00:00-04:00,10.699999809265137,10.9399995803833,10.579999923706055,10.8100004196167,32100,0.0,0.0
2026-04-10 00:00:00-04:00,10.899999618530273,11.130000114440918,10.869999885559082,10.9399995803833,57600,0.0,0.0
2026-04-13 00:00:00-04:00,10.890000343322754,11.260000228881836,10.800000190734863,10.979999542236328,43800,0.0,0.0
2026-04-14 00:00:00-04:00,11.100000381469727,11.40999984741211,10.989999771118164,11.140000343322754,47200,0.0,0.0
2026-04-15 00:00:00-04:00,11.09000015258789,11.3100004196167,10.949999809265137,11.199999809265137,57600,0.0,0.0
2026-04-16 00:00:00-04:00,11.279999732971191,11.479999542236328,11.25,11.430000305175781,16400,0.0,0.0
2026-04-17 00:00:00-04:00,11.5,11.6899995803833,11.069999694824219,11.510000228881836,80900,0.0,0.0
2026-04-20 00:00:00-04:00,11.579999923706055,11.6899995803833,11.420000076293945,11.529999732971191,25900,0.0,0.0
2026-04-21 00:00:00-04:00,11.5,11.59000015258789,11.239999771118164,11.369999885559082,86200,0.0,0.0
2026-04-22 00:00:00-04:00,11.34000015258789,11.729999542236328,11.34000015258789,11.350000381469727,33100,0.0,0.0
2026-04-23 00:00:00-04:00,11.319999694824219,11.399999618530273,11.260000228881836,11.300000190734863,35000,0.0,0.0
2026-04-24 00:00:00-04:00,11.229999542236328,11.420000076293945,11.229999542236328,11.279999732971191,29800,0.0,0.0
2026-04-27 00:00:00-04:00,11.229999542236328,11.329999923706055,11.0600004196167,11.1899995803833,52200,0.0,0.0
2026-04-28 00:00:00-04:00,11.109999656677246,11.180000305175781,10.930000305175781,11.119999885559082,104400,0.0,0.0
2026-04-29 00:00:00-04:00,11.079999923706055,11.270000457763672,11.039999961853027,11.170000076293945,48400,0.0,0.0
2026-04-30 00:00:00-04:00,11.260000228881836,11.399999618530273,11.170000076293945,11.270000457763672,115200,0.0,0.0
2026-05-01 00:00:00-04:00,11.229999542236328,11.34000015258789,11.199999809265137,11.25,64800,0.0,0.0
2026-05-04 00:00:00-04:00,11.210000038146973,11.319999694824219,11.210000038146973,11.220000267028809,37300,0.0,0.0
2026-05-05 00:00:00-04:00,11.260000228881836,11.34000015258789,11.199999809265137,11.220000267028809,16300,0.0,0.0
2026-05-06 00:00:00-04:00,11.270000457763672,11.569999694824219,11.270000457763672,11.479999542236328,46700,0.0,0.0
2026-05-07 00:00:00-04:00,11.510000228881836,11.630000114440918,11.34000015258789,11.5,75500,0.0,0.0
2026-05-08 00:00:00-04:00,11.569999694824219,11.600000381469727,11.40999984741211,11.479999542236328,85900,0.0,0.0
2026-05-11 00:00:00-04:00,11.529999732971191,11.649999618530273,11.5,11.5600004196167,30200,0.0,0.0
2026-05-12 00:00:00-04:00,11.4399995803833,11.5,11.350000381469727,11.40999984741211,76300,0.0,0.0
2026-05-13 00:00:00-04:00,11.460000038146973,11.869999885559082,11.40999984741211,11.779999732971191,82600,0.0,0.0
2026-05-14 00:00:00-04:00,11.710000038146973,11.75,11.529999732971191,11.5600004196167,60800,0.0,0.0
2026-05-15 00:00:00-04:00,11.4399995803833,11.4399995803833,11.010000228881836,11.300000190734863,33000,0.0,0.0
2026-05-18 00:00:00-04:00,11.319999694824219,11.40999984741211,11.109999656677246,11.170000076293945,56500,0.0,0.0
2026-05-19 00:00:00-04:00,11.09000015258789,11.449999809265137,11.079999923706055,11.1899995803833,68000,0.0,0.0
2026-05-20 00:00:00-04:00,11.119999885559082,11.1899995803833,11.069999694824219,11.130000114440918,36900,0.0,0.0
2026-05-21 00:00:00-04:00,11.029999732971191,11.079999923706055,10.899999618530273,11.039999961853027,34600,0.0,0.0
2026-05-22 00:00:00-04:00,10.859999656677246,11.180000305175781,10.800000190734863,10.979999542236328,80600,0.0,0.0
2026-05-26 00:00:00-04:00,11.010000228881836,11.229999542236328,11.010000228881836,11.15999984741211,46300,0.0,0.0
2026-05-27 00:00:00-04:00,11.1899995803833,11.3100004196167,11.010000228881836,11.1899995803833,56821,0.0,0.0
