Date,Open,High,Low,Close,Volume,Dividends,Stock Splits
2024-02-01 00:00:00-05:00,13.399999618530273,13.800000190734863,13.100000381469727,13.399999618530273,18656400,0.0,0.0
2024-02-02 00:00:00-05:00,13.550000190734863,15.119999885559082,13.550000190734863,14.949999809265137,10039400,0.0,0.0
2024-02-05 00:00:00-05:00,15.390000343322754,15.470000267028809,14.350000381469727,14.600000381469727,3585100,0.0,0.0
2024-02-06 00:00:00-05:00,14.84000015258789,15.520000457763672,14.550000190734863,15.130000114440918,3338000,0.0,0.0
2024-02-07 00:00:00-05:00,15.199999809265137,15.229999542236328,14.680000305175781,15.050000190734863,1624200,0.0,0.0
2024-02-08 00:00:00-05:00,15.100000381469727,15.180000305175781,14.899999618530273,15.180000305175781,1208400,0.0,0.0
2024-02-09 00:00:00-05:00,15.369999885559082,15.390000343322754,14.729999542236328,14.9399995803833,824900,0.0,0.0
2024-02-12 00:00:00-05:00,15.020000457763672,15.03499984741211,14.510000228881836,14.90999984741211,1142600,0.0,0.0
2024-02-13 00:00:00-05:00,14.640000343322754,14.720000267028809,14.359999656677246,14.5,519100,0.0,0.0
2024-02-14 00:00:00-05:00,14.789999961853027,15.0,14.654000282287598,14.850000381469727,641000,0.0,0.0
2024-02-15 00:00:00-05:00,14.960000038146973,15.5,14.960000038146973,15.5,1027900,0.0,0.0
2024-02-16 00:00:00-05:00,15.59000015258789,16.350000381469727,15.4350004196167,15.970000267028809,1413700,0.0,0.0
2024-02-20 00:00:00-05:00,15.979999542236328,15.979999542236328,14.800000190734863,14.970000267028809,1224400,0.0,0.0
2024-02-21 00:00:00-05:00,15.0600004196167,15.208000183105469,14.65999984741211,14.75,697500,0.0,0.0
2024-02-22 00:00:00-05:00,14.989999771118164,15.350000381469727,14.800000190734863,15.020000457763672,682500,0.0,0.0
2024-02-23 00:00:00-05:00,15.109999656677246,15.699999809265137,14.949999809265137,15.539999961853027,874800,0.0,0.0
2024-02-26 00:00:00-05:00,16.0,16.479999542236328,15.579999923706055,16.100000381469727,3320900,0.0,0.0
2024-02-27 00:00:00-05:00,16.350000381469727,16.53499984741211,15.949999809265137,15.989999771118164,1378200,0.0,0.0
2024-02-28 00:00:00-05:00,15.960000038146973,16.5,15.901000022888184,16.049999237060547,818400,0.0,0.0
2024-02-29 00:00:00-05:00,16.299999237060547,17.290000915527344,16.149999618530273,16.31999969482422,2178900,0.0,0.0
2024-03-01 00:00:00-05:00,16.6200008392334,18.100000381469727,16.6200008392334,17.65999984741211,3628900,0.0,0.0
2024-03-04 00:00:00-05:00,17.799999237060547,18.229999542236328,17.34000015258789,17.34000015258789,2544400,0.0,0.0
2024-03-05 00:00:00-05:00,16.0,16.56999969482422,15.520000457763672,16.450000762939453,5495100,0.0,0.0
2024-03-06 00:00:00-05:00,16.6299991607666,16.6299991607666,14.710000038146973,15.15999984741211,3123000,0.0,0.0
2024-03-07 00:00:00-05:00,15.239999771118164,15.300000190734863,14.760000228881836,15.0600004196167,1439600,0.0,0.0
2024-03-08 00:00:00-05:00,15.100000381469727,15.899999618530273,15.039999961853027,15.489999771118164,762200,0.0,0.0
2024-03-11 00:00:00-04:00,15.529999732971191,16.299999237060547,15.5,16.15999984741211,952300,0.0,0.0
2024-03-12 00:00:00-04:00,16.18000030517578,16.360000610351562,15.72700023651123,15.960000038146973,954500,0.0,0.0
2024-03-13 00:00:00-04:00,15.899999618530273,16.459999084472656,15.899999618530273,16.229999542236328,617200,0.0,0.0
2024-03-14 00:00:00-04:00,16.299999237060547,16.600000381469727,15.390000343322754,15.539999961853027,864600,0.0,0.0
2024-03-15 00:00:00-04:00,15.5,15.600000381469727,15.020000457763672,15.130000114440918,890100,0.0,0.0
2024-03-18 00:00:00-04:00,15.199999809265137,15.65999984741211,15.050000190734863,15.0600004196167,1048300,0.0,0.0
2024-03-19 00:00:00-04:00,15.130000114440918,15.324999809265137,14.920000076293945,15.079999923706055,774400,0.0,0.0
2024-03-20 00:00:00-04:00,15.069999694824219,15.668000221252441,15.050000190734863,15.470000267028809,1179200,0.0,0.0
2024-03-21 00:00:00-04:00,15.600000381469727,15.84000015258789,15.420000076293945,15.8100004196167,726100,0.0,0.0
2024-03-22 00:00:00-04:00,15.600000381469727,16.3799991607666,15.364999771118164,16.270000457763672,1282400,0.0,0.0
2024-03-25 00:00:00-04:00,16.170000076293945,16.979999542236328,16.1200008392334,16.68000030517578,1540700,0.0,0.0
2024-03-26 00:00:00-04:00,16.690000534057617,17.280000686645508,16.510000228881836,16.700000762939453,2064200,0.0,0.0
2024-03-27 00:00:00-04:00,16.75,16.979999542236328,16.059999465942383,16.059999465942383,1205400,0.0,0.0
2024-03-28 00:00:00-04:00,16.110000610351562,16.507999420166016,15.970000267028809,16.299999237060547,1544000,0.0,0.0
2024-04-01 00:00:00-04:00,16.190000534057617,16.895000457763672,15.460000038146973,15.760000228881836,3340800,0.0,0.0
2024-04-02 00:00:00-04:00,15.600000381469727,15.649999618530273,15.300000190734863,15.5,2168900,0.0,0.0
2024-04-03 00:00:00-04:00,15.4399995803833,15.9399995803833,15.4399995803833,15.710000038146973,1231700,0.0,0.0
2024-04-04 00:00:00-04:00,15.779999732971191,16.100000381469727,15.300000190734863,15.510000228881836,1173700,0.0,0.0
2024-04-05 00:00:00-04:00,15.699999809265137,15.699999809265137,15.229999542236328,15.34000015258789,872400,0.0,0.0
2024-04-08 00:00:00-04:00,15.109999656677246,15.130000114440918,14.270000457763672,14.520000457763672,2920800,0.0,0.0
2024-04-09 00:00:00-04:00,14.489999771118164,14.9399995803833,14.359999656677246,14.9399995803833,951400,0.0,0.0
2024-04-10 00:00:00-04:00,14.609999656677246,15.220000267028809,14.449999809265137,14.819999694824219,960700,0.0,0.0
2024-04-11 00:00:00-04:00,14.890000343322754,15.109999656677246,14.539999961853027,15.050000190734863,775300,0.0,0.0
2024-04-12 00:00:00-04:00,14.680000305175781,14.850000381469727,14.029999732971191,14.1899995803833,1479800,0.0,0.0
2024-04-15 00:00:00-04:00,14.430000305175781,14.699999809265137,13.489999771118164,13.640000343322754,4451600,0.0,0.0
2024-04-16 00:00:00-04:00,13.710000038146973,13.760000228881836,13.390000343322754,13.569999694824219,1542500,0.0,0.0
2024-04-17 00:00:00-04:00,13.569999694824219,13.734999656677246,13.15999984741211,13.350000381469727,1487900,0.0,0.0
2024-04-18 00:00:00-04:00,13.3100004196167,13.789999961853027,13.100000381469727,13.630000114440918,1650400,0.0,0.0
2024-04-19 00:00:00-04:00,13.600000381469727,13.779999732971191,13.359999656677246,13.770000457763672,1439400,0.0,0.0
2024-04-22 00:00:00-04:00,13.880000114440918,14.0,13.710000038146973,13.819999694824219,1525100,0.0,0.0
2024-04-23 00:00:00-04:00,14.100000381469727,14.449999809265137,13.949999809265137,14.140000343322754,1506600,0.0,0.0
2024-04-24 00:00:00-04:00,14.25,14.4399995803833,14.0600004196167,14.329999923706055,962400,0.0,0.0
2024-04-25 00:00:00-04:00,14.3100004196167,14.6850004196167,14.15999984741211,14.550000190734863,2102500,0.0,0.0
2024-04-26 00:00:00-04:00,14.819999694824219,15.34000015258789,14.789999961853027,15.039999961853027,2274500,0.0,0.0
2024-04-29 00:00:00-04:00,15.029999732971191,15.300000190734863,14.850000381469727,15.210000038146973,1640200,0.0,0.0
2024-04-30 00:00:00-04:00,15.119999885559082,15.119999885559082,14.170000076293945,14.279999732971191,1431200,0.0,0.0
2024-05-01 00:00:00-04:00,14.1899995803833,14.25,13.75,13.869999885559082,2103900,0.0,0.0
2024-05-02 00:00:00-04:00,14.029999732971191,14.489999771118164,13.960000038146973,14.479999542236328,2099700,0.0,0.0
2024-05-03 00:00:00-04:00,14.609999656677246,14.689000129699707,14.199999809265137,14.479999542236328,1399300,0.0,0.0
2024-05-06 00:00:00-04:00,14.609999656677246,14.6899995803833,14.449999809265137,14.539999961853027,848400,0.0,0.0
2024-05-07 00:00:00-04:00,14.569999694824219,14.770000457763672,14.289999961853027,14.699999809265137,886500,0.0,0.0
2024-05-08 00:00:00-04:00,14.5,14.699999809265137,13.850000381469727,13.899999618530273,1097000,0.0,0.0
2024-05-09 00:00:00-04:00,13.9399995803833,14.289999961853027,13.850000381469727,14.25,1098200,0.0,0.0
2024-05-10 00:00:00-04:00,14.40999984741211,14.890000343322754,14.385000228881836,14.8100004196167,1228800,0.0,0.0
2024-05-13 00:00:00-04:00,14.800000190734863,15.100000381469727,14.569999694824219,14.920000076293945,1270800,0.0,0.0
2024-05-14 00:00:00-04:00,14.880000114440918,15.09000015258789,14.680000305175781,15.079999923706055,859300,0.0,0.0
2024-05-15 00:00:00-04:00,15.289999961853027,16.0,15.1899995803833,15.979999542236328,2024900,0.0,0.0
2024-05-16 00:00:00-04:00,15.970000267028809,16.43000030517578,15.970000267028809,16.25,2179200,0.0,0.0
2024-05-17 00:00:00-04:00,16.18000030517578,16.290000915527344,15.890000343322754,16.149999618530273,1423300,0.0,0.0
2024-05-20 00:00:00-04:00,16.020000457763672,16.149999618530273,15.920000076293945,16.030000686645508,2289600,0.0,0.0
2024-05-21 00:00:00-04:00,16.229999542236328,16.260000228881836,14.4399995803833,14.760000228881836,4567000,0.0,0.0
2024-05-22 00:00:00-04:00,14.9399995803833,15.180000305175781,14.859999656677246,15.010000228881836,1690200,0.0,0.0
2024-05-23 00:00:00-04:00,15.0600004196167,15.149999618530273,14.899999618530273,14.899999618530273,1147600,0.0,0.0
2024-05-24 00:00:00-04:00,14.880000114440918,14.975000381469727,14.569999694824219,14.819999694824219,1058900,0.0,0.0
2024-05-28 00:00:00-04:00,14.930000305175781,15.229999542236328,14.850000381469727,15.220000267028809,1395000,0.0,0.0
2024-05-29 00:00:00-04:00,15.09000015258789,15.260000228881836,15.0,15.0600004196167,1046000,0.0,0.0
2024-05-30 00:00:00-04:00,15.15999984741211,15.380000114440918,14.989999771118164,15.029999732971191,1198400,0.0,0.0
2024-05-31 00:00:00-04:00,15.0,15.369999885559082,14.90999984741211,15.369999885559082,850400,0.0,0.0
2024-06-03 00:00:00-04:00,15.5,15.569999694824219,15.149999618530273,15.319999694824219,687900,0.0,0.0
2024-06-04 00:00:00-04:00,15.210000038146973,15.234999656677246,15.095000267028809,15.140000343322754,680000,0.0,0.0
2024-06-05 00:00:00-04:00,15.25,15.479999542236328,15.083999633789062,15.460000038146973,1018800,0.0,0.0
2024-06-06 00:00:00-04:00,15.260000228881836,15.489999771118164,15.050000190734863,15.140000343322754,873500,0.0,0.0
2024-06-07 00:00:00-04:00,15.100000381469727,15.100000381469727,14.670000076293945,14.6899995803833,1034500,0.0,0.0
2024-06-10 00:00:00-04:00,14.680000305175781,14.800000190734863,14.579999923706055,14.6899995803833,781200,0.0,0.0
2024-06-11 00:00:00-04:00,14.5600004196167,14.583999633789062,14.170000076293945,14.3100004196167,714900,0.0,0.0
2024-06-12 00:00:00-04:00,14.529999732971191,14.579999923706055,14.359999656677246,14.40999984741211,609000,0.0,0.0
2024-06-13 00:00:00-04:00,14.300000190734863,14.430000305175781,14.25100040435791,14.329999923706055,805100,0.0,0.0
2024-06-14 00:00:00-04:00,14.199999809265137,14.470000267028809,14.15999984741211,14.449999809265137,862600,0.0,0.0
2024-06-17 00:00:00-04:00,14.399999618530273,14.720000267028809,14.364999771118164,14.699999809265137,637300,0.0,0.0
2024-06-18 00:00:00-04:00,14.710000038146973,14.770000457763672,14.569999694824219,14.670000076293945,563800,0.0,0.0
2024-06-20 00:00:00-04:00,14.699999809265137,14.720000267028809,14.079999923706055,14.170000076293945,1003700,0.0,0.0
2024-06-21 00:00:00-04:00,14.119999885559082,14.260000228881836,13.930000305175781,14.180000305175781,1351300,0.0,0.0
2024-06-24 00:00:00-04:00,14.210000038146973,14.350000381469727,14.069999694824219,14.170000076293945,722500,0.0,0.0
2024-06-25 00:00:00-04:00,14.239999771118164,14.489999771118164,14.069999694824219,14.09000015258789,972800,0.0,0.0
2024-06-26 00:00:00-04:00,14.020000457763672,14.199999809265137,13.979999542236328,14.119999885559082,939800,0.0,0.0
2024-06-27 00:00:00-04:00,14.069999694824219,14.069999694824219,12.84000015258789,13.100000381469727,3439200,0.0,0.0
2024-06-28 00:00:00-04:00,13.140000343322754,13.229999542236328,12.539999961853027,12.569999694824219,9482500,0.0,0.0
2024-07-01 00:00:00-04:00,12.579999923706055,12.630000114440918,12.25,12.40999984741211,1708200,0.0,0.0
2024-07-02 00:00:00-04:00,12.380000114440918,12.430000305175781,12.210000038146973,12.420000076293945,1046800,0.0,0.0
2024-07-03 00:00:00-04:00,12.460000038146973,12.550000190734863,12.329999923706055,12.529999732971191,466500,0.0,0.0
2024-07-05 00:00:00-04:00,12.4399995803833,12.449999809265137,11.90999984741211,11.989999771118164,1515400,0.0,0.0
2024-07-08 00:00:00-04:00,11.960000038146973,12.0600004196167,11.324999809265137,11.350000381469727,2126200,0.0,0.0
2024-07-09 00:00:00-04:00,11.380000114440918,11.630000114440918,11.15999984741211,11.430000305175781,1592600,0.0,0.0
2024-07-10 00:00:00-04:00,11.430000305175781,11.460000038146973,10.930000305175781,11.260000228881836,1230800,0.0,0.0
2024-07-11 00:00:00-04:00,11.369999885559082,11.979999542236328,11.369999885559082,11.90999984741211,1788300,0.0,0.0
2024-07-12 00:00:00-04:00,12.0,12.220000267028809,11.920000076293945,11.949999809265137,1540200,0.0,0.0
2024-07-15 00:00:00-04:00,11.920000076293945,11.920000076293945,11.34000015258789,11.380000114440918,1602300,0.0,0.0
2024-07-16 00:00:00-04:00,11.25,11.350000381469727,11.029999732971191,11.210000038146973,2430800,0.0,0.0
2024-07-17 00:00:00-04:00,11.270000457763672,11.75,11.199999809265137,11.649999618530273,1955500,0.0,0.0
2024-07-18 00:00:00-04:00,11.609999656677246,11.789999961853027,11.220000267028809,11.229999542236328,901300,0.0,0.0
2024-07-19 00:00:00-04:00,11.130000114440918,11.319999694824219,11.0,11.0,862900,0.0,0.0
2024-07-22 00:00:00-04:00,11.109999656677246,11.260000228881836,10.819999694824219,11.199999809265137,1239500,0.0,0.0
2024-07-23 00:00:00-04:00,11.069999694824219,11.175000190734863,10.850000381469727,10.869999885559082,2623100,0.0,0.0
2024-07-24 00:00:00-04:00,10.819999694824219,11.199999809265137,10.744999885559082,10.84000015258789,1164800,0.0,0.0
2024-07-25 00:00:00-04:00,10.824999809265137,11.069999694824219,10.470000267028809,10.859999656677246,1239400,0.0,0.0
2024-07-26 00:00:00-04:00,10.920000076293945,11.239999771118164,10.880000114440918,11.039999961853027,850500,0.0,0.0
2024-07-29 00:00:00-04:00,11.100000381469727,11.520000457763672,11.09000015258789,11.260000228881836,944500,0.0,0.0
2024-07-30 00:00:00-04:00,11.3100004196167,11.59000015258789,11.220000267028809,11.430000305175781,1004500,0.0,0.0
2024-07-31 00:00:00-04:00,11.600000381469727,11.779999732971191,11.460000038146973,11.609999656677246,557600,0.0,0.0
2024-08-01 00:00:00-04:00,11.630000114440918,11.630000114440918,10.649999618530273,10.779999732971191,992000,0.0,0.0
2024-08-02 00:00:00-04:00,10.600000381469727,10.765000343322754,10.319999694824219,10.75,1245800,0.0,0.0
2024-08-05 00:00:00-04:00,10.109999656677246,10.529999732971191,10.109999656677246,10.470000267028809,799000,0.0,0.0
2024-08-06 00:00:00-04:00,10.470000267028809,10.8100004196167,10.350000381469727,10.720000267028809,902100,0.0,0.0
2024-08-07 00:00:00-04:00,10.880000114440918,11.668000221252441,10.864999771118164,11.3100004196167,1514400,0.0,0.0
2024-08-08 00:00:00-04:00,11.420000076293945,11.779000282287598,11.420000076293945,11.65999984741211,859700,0.0,0.0
2024-08-09 00:00:00-04:00,11.65999984741211,11.854999542236328,11.40999984741211,11.470000267028809,710700,0.0,0.0
2024-08-12 00:00:00-04:00,11.515000343322754,11.699999809265137,11.270000457763672,11.420000076293945,933500,0.0,0.0
2024-08-13 00:00:00-04:00,11.430000305175781,11.449999809265137,11.100000381469727,11.140000343322754,987400,0.0,0.0
2024-08-14 00:00:00-04:00,11.149999618530273,11.279999732971191,11.029999732971191,11.270000457763672,1550600,0.0,0.0
2024-08-15 00:00:00-04:00,11.640000343322754,11.779999732971191,11.5600004196167,11.65999984741211,901800,0.0,0.0
2024-08-16 00:00:00-04:00,11.630000114440918,11.680000305175781,11.3100004196167,11.460000038146973,987800,0.0,0.0
2024-08-19 00:00:00-04:00,11.579999923706055,12.510000228881836,11.579999923706055,12.350000381469727,2241100,0.0,0.0
2024-08-20 00:00:00-04:00,13.640000343322754,14.25,13.369999885559082,13.630000114440918,6833700,0.0,0.0
2024-08-21 00:00:00-04:00,13.793999671936035,14.380000114440918,13.770000457763672,14.149999618530273,3152800,0.0,0.0
2024-08-22 00:00:00-04:00,14.15999984741211,14.359999656677246,13.739999771118164,13.829999923706055,1323000,0.0,0.0
2024-08-23 00:00:00-04:00,13.899999618530273,14.399999618530273,13.600000381469727,14.119999885559082,1829700,0.0,0.0
2024-08-26 00:00:00-04:00,14.130000114440918,14.274999618530273,13.880000114440918,14.170000076293945,939100,0.0,0.0
2024-08-27 00:00:00-04:00,14.279999732971191,14.640000343322754,14.100000381469727,14.180000305175781,1128600,0.0,0.0
2024-08-28 00:00:00-04:00,14.119999885559082,14.121000289916992,13.720000267028809,13.90999984741211,596300,0.0,0.0
2024-08-29 00:00:00-04:00,14.029999732971191,14.109999656677246,13.850000381469727,13.850000381469727,489800,0.0,0.0
2024-08-30 00:00:00-04:00,14.100000381469727,14.109999656677246,13.649999618530273,13.649999618530273,706200,0.0,0.0
2024-09-03 00:00:00-04:00,13.510000228881836,13.770000457763672,13.15999984741211,13.390000343322754,1158200,0.0,0.0
2024-09-04 00:00:00-04:00,13.350000381469727,13.920000076293945,13.34000015258789,13.8100004196167,753600,0.0,0.0
2024-09-05 00:00:00-04:00,13.90999984741211,14.350000381469727,13.78499984741211,14.130000114440918,1335800,0.0,0.0
2024-09-06 00:00:00-04:00,14.100000381469727,14.329999923706055,13.699999809265137,14.020000457763672,1317500,0.0,0.0
2024-09-09 00:00:00-04:00,14.229999542236328,14.600000381469727,14.0,14.399999618530273,1519100,0.0,0.0
2024-09-10 00:00:00-04:00,14.350000381469727,14.489999771118164,13.520000457763672,13.729999542236328,1875600,0.0,0.0
2024-09-11 00:00:00-04:00,13.739999771118164,13.90999984741211,13.430000305175781,13.899999618530273,1019500,0.0,0.0
2024-09-12 00:00:00-04:00,13.819999694824219,14.130000114440918,13.800000190734863,14.109999656677246,1074100,0.0,0.0
2024-09-13 00:00:00-04:00,14.15999984741211,14.529999732971191,14.15999984741211,14.510000228881836,656400,0.0,0.0
2024-09-16 00:00:00-04:00,14.550000190734863,14.59000015258789,14.359999656677246,14.390000343322754,575200,0.0,0.0
2024-09-17 00:00:00-04:00,14.529999732971191,14.984999656677246,14.510000228881836,14.890000343322754,925500,0.0,0.0
2024-09-18 00:00:00-04:00,14.890000343322754,15.170000076293945,14.729999542236328,14.850000381469727,1208200,0.0,0.0
2024-09-19 00:00:00-04:00,15.100000381469727,15.25,14.760000228881836,15.029999732971191,2492600,0.0,0.0
2024-09-20 00:00:00-04:00,14.880000114440918,15.149999618530273,14.680000305175781,15.140000343322754,4467000,0.0,0.0
2024-09-23 00:00:00-04:00,15.050000190734863,15.119999885559082,14.6899995803833,14.930000305175781,1120500,0.0,0.0
2024-09-24 00:00:00-04:00,15.09000015258789,15.664999961853027,15.09000015258789,15.210000038146973,1970500,0.0,0.0
2024-09-25 00:00:00-04:00,15.210000038146973,15.255000114440918,15.0,15.100000381469727,1414600,0.0,0.0
2024-09-26 00:00:00-04:00,16.010000228881836,16.200000762939453,15.579999923706055,15.880000114440918,3376400,0.0,0.0
2024-09-27 00:00:00-04:00,15.899999618530273,16.540000915527344,15.770000457763672,16.3799991607666,2364000,0.0,0.0
2024-09-30 00:00:00-04:00,16.56999969482422,16.739999771118164,15.899999618530273,15.949999809265137,2207000,0.0,0.0
2024-10-01 00:00:00-04:00,16.030000686645508,16.5,15.960000038146973,16.440000534057617,1502300,0.0,0.0
2024-10-02 00:00:00-04:00,16.690000534057617,16.719999313354492,16.200000762939453,16.56999969482422,1349300,0.0,0.0
2024-10-03 00:00:00-04:00,16.25,16.719999313354492,16.100000381469727,16.600000381469727,1488900,0.0,0.0
2024-10-04 00:00:00-04:00,16.799999237060547,17.25,16.791000366210938,17.209999084472656,1171800,0.0,0.0
2024-10-07 00:00:00-04:00,17.489999771118164,17.489999771118164,16.899999618530273,17.170000076293945,1239700,0.0,0.0
2024-10-08 00:00:00-04:00,16.729999542236328,18.59000015258789,16.719999313354492,18.350000381469727,3853200,0.0,0.0
2024-10-09 00:00:00-04:00,18.170000076293945,19.600000381469727,18.170000076293945,19.280000686645508,3978700,0.0,0.0
2024-10-10 00:00:00-04:00,19.43000030517578,19.729999542236328,18.989999771118164,19.489999771118164,6200900,0.0,0.0
2024-10-11 00:00:00-04:00,19.399999618530273,19.600000381469727,19.209999084472656,19.559999465942383,2440100,0.0,0.0
2024-10-14 00:00:00-04:00,18.690000534057617,19.43000030517578,18.40999984741211,19.329999923706055,4111400,0.0,0.0
2024-10-15 00:00:00-04:00,19.110000610351562,19.329999923706055,17.940000534057617,18.040000915527344,3868000,0.0,0.0
2024-10-16 00:00:00-04:00,18.1299991607666,18.75,18.0,18.6200008392334,2355400,0.0,0.0
2024-10-17 00:00:00-04:00,18.549999237060547,18.790000915527344,18.360000610351562,18.3700008392334,1013000,0.0,0.0
2024-10-18 00:00:00-04:00,18.700000762939453,19.010000228881836,18.600000381469727,18.899999618530273,1095400,0.0,0.0
2024-10-21 00:00:00-04:00,18.8700008392334,19.239999771118164,18.649999618530273,18.860000610351562,1355000,0.0,0.0
2024-10-22 00:00:00-04:00,18.739999771118164,19.170000076293945,18.440000534057617,18.450000762939453,1171200,0.0,0.0
2024-10-23 00:00:00-04:00,18.350000381469727,18.399999618530273,17.31999969482422,17.6200008392334,3908400,0.0,0.0
2024-10-24 00:00:00-04:00,17.709999084472656,18.209999084472656,17.56999969482422,17.889999389648438,1631200,0.0,0.0
2024-10-25 00:00:00-04:00,18.040000915527344,18.399999618530273,18.010000228881836,18.15999984741211,1061600,0.0,0.0
2024-10-28 00:00:00-04:00,18.290000915527344,18.579999923706055,17.899999618530273,17.979999542236328,1111600,0.0,0.0
2024-10-29 00:00:00-04:00,17.799999237060547,18.3799991607666,17.690000534057617,18.219999313354492,1116900,0.0,0.0
2024-10-30 00:00:00-04:00,18.219999313354492,18.219999313354492,17.469999313354492,17.6200008392334,3457200,0.0,0.0
2024-10-31 00:00:00-04:00,17.600000381469727,18.06999969482422,17.434999465942383,17.850000381469727,1841300,0.0,0.0
2024-11-01 00:00:00-04:00,18.18000030517578,18.190000534057617,17.75200080871582,17.81999969482422,1224700,0.0,0.0
2024-11-04 00:00:00-05:00,17.989999771118164,19.09000015258789,17.989999771118164,18.709999084472656,2220600,0.0,0.0
2024-11-05 00:00:00-05:00,18.93000030517578,19.06999969482422,18.5,18.709999084472656,1318400,0.0,0.0
2024-11-06 00:00:00-05:00,18.149999618530273,18.610000610351562,17.84000015258789,18.049999237060547,2110700,0.0,0.0
2024-11-07 00:00:00-05:00,18.43000030517578,19.510000228881836,18.309999465942383,19.399999618530273,3183600,0.0,0.0
2024-11-08 00:00:00-05:00,19.040000915527344,19.569000244140625,18.75,19.3700008392334,1619500,0.0,0.0
2024-11-11 00:00:00-05:00,19.8700008392334,20.649999618530273,19.422000885009766,20.579999923706055,2270800,0.0,0.0
2024-11-12 00:00:00-05:00,20.530000686645508,20.68000030517578,19.549999237060547,19.969999313354492,1797700,0.0,0.0
2024-11-13 00:00:00-05:00,20.110000610351562,20.399999618530273,19.68000030517578,19.700000762939453,1644500,0.0,0.0
2024-11-14 00:00:00-05:00,19.81999969482422,20.280000686645508,19.770000457763672,19.920000076293945,1188900,0.0,0.0
2024-11-15 00:00:00-05:00,19.8799991607666,20.020000457763672,19.200000762939453,19.329999923706055,1677100,0.0,0.0
2024-11-18 00:00:00-05:00,19.5,20.18000030517578,19.440000534057617,19.540000915527344,3414500,0.0,0.0
2024-11-19 00:00:00-05:00,20.100000381469727,20.899999618530273,18.559999465942383,20.670000076293945,7635100,0.0,0.0
2024-11-20 00:00:00-05:00,21.280000686645508,21.690000534057617,20.420000076293945,20.959999084472656,4436600,0.0,0.0
2024-11-21 00:00:00-05:00,21.139999389648438,23.989999771118164,21.139999389648438,23.690000534057617,5151900,0.0,0.0
2024-11-22 00:00:00-05:00,23.8799991607666,24.600000381469727,23.520000457763672,24.299999237060547,4157700,0.0,0.0
2024-11-25 00:00:00-05:00,24.700000762939453,25.940000534057617,24.65999984741211,25.510000228881836,3157800,0.0,0.0
2024-11-26 00:00:00-05:00,25.43000030517578,25.66900062561035,25.0,25.600000381469727,1452800,0.0,0.0
2024-11-27 00:00:00-05:00,25.829999923706055,26.0,25.399999618530273,25.8700008392334,1839200,0.0,0.0
2024-11-29 00:00:00-05:00,26.030000686645508,26.850000381469727,25.549999237060547,26.329999923706055,1542200,0.0,0.0
2024-12-02 00:00:00-05:00,26.329999923706055,26.514999389648438,25.816999435424805,26.1299991607666,1476000,0.0,0.0
2024-12-03 00:00:00-05:00,24.3700008392334,25.8799991607666,24.280000686645508,25.729999542236328,4237600,0.0,0.0
2024-12-04 00:00:00-05:00,25.739999771118164,26.479999542236328,25.18000030517578,25.59000015258789,4495200,0.0,0.0
2024-12-05 00:00:00-05:00,24.020000457763672,25.18000030517578,24.0,24.899999618530273,17232000,0.0,0.0
2024-12-06 00:00:00-05:00,25.219999313354492,25.40999984741211,24.739999771118164,25.010000228881836,4857700,0.0,0.0
2024-12-09 00:00:00-05:00,26.200000762939453,26.43000030517578,25.219999313354492,25.790000915527344,5302300,0.0,0.0
2024-12-10 00:00:00-05:00,25.6299991607666,26.5,25.420000076293945,25.639999389648438,3164200,0.0,0.0
2024-12-11 00:00:00-05:00,25.639999389648438,26.049999237060547,25.350000381469727,25.760000228881836,2061600,0.0,0.0
2024-12-12 00:00:00-05:00,26.1200008392334,27.649999618530273,26.110000610351562,26.8799991607666,5053300,0.0,0.0
2024-12-13 00:00:00-05:00,26.899999618530273,27.790000915527344,26.8799991607666,27.649999618530273,2827400,0.0,0.0
2024-12-16 00:00:00-05:00,27.1200008392334,28.0,27.030000686645508,27.649999618530273,2632000,0.0,0.0
2024-12-17 00:00:00-05:00,27.59000015258789,29.43000030517578,27.389999389648438,28.739999771118164,3336700,0.0,0.0
2024-12-18 00:00:00-05:00,28.940000534057617,29.399999618530273,27.68000030517578,27.690000534057617,2735300,0.0,0.0
2024-12-19 00:00:00-05:00,28.100000381469727,28.149999618530273,27.209999084472656,27.5,2870400,0.0,0.0
2024-12-20 00:00:00-05:00,27.34000015258789,28.6200008392334,27.18000030517578,28.18000030517578,1871800,0.0,0.0
2024-12-23 00:00:00-05:00,28.6200008392334,28.790000915527344,28.100000381469727,28.559999465942383,2375900,0.0,0.0
2024-12-24 00:00:00-05:00,28.610000610351562,28.850000381469727,28.290000915527344,28.780000686645508,636800,0.0,0.0
2024-12-26 00:00:00-05:00,28.649999618530273,29.0,28.25,28.790000915527344,885200,0.0,0.0
2024-12-27 00:00:00-05:00,28.59000015258789,28.649999618530273,28.139999389648438,28.420000076293945,1706500,0.0,0.0
2024-12-30 00:00:00-05:00,27.834999084472656,28.6200008392334,27.489999771118164,28.399999618530273,2542000,0.0,0.0
2024-12-31 00:00:00-05:00,28.3799991607666,28.780000686645508,27.93000030517578,27.959999084472656,1370400,0.0,0.0
2025-01-02 00:00:00-05:00,28.219999313354492,29.0,28.030000686645508,28.850000381469727,3046200,0.0,0.0
2025-01-03 00:00:00-05:00,29.09000015258789,29.760000228881836,28.65999984741211,29.489999771118164,3903000,0.0,0.0
2025-01-06 00:00:00-05:00,29.979999542236328,31.31999969482422,29.579999923706055,29.860000610351562,3788900,0.0,0.0
2025-01-07 00:00:00-05:00,30.15999984741211,30.350000381469727,29.329999923706055,29.739999771118164,2665700,0.0,0.0
2025-01-08 00:00:00-05:00,29.780000686645508,30.940000534057617,29.149999618530273,30.530000686645508,2607800,0.0,0.0
2025-01-10 00:00:00-05:00,30.31999969482422,30.969999313354492,29.709999084472656,30.889999389648438,3050000,0.0,0.0
2025-01-13 00:00:00-05:00,28.5,29.8799991607666,28.030000686645508,29.100000381469727,4845200,0.0,0.0
2025-01-14 00:00:00-05:00,29.760000228881836,29.979999542236328,28.200000762939453,28.8799991607666,2972000,0.0,0.0
2025-01-15 00:00:00-05:00,29.690000534057617,29.700000762939453,29.06999969482422,29.549999237060547,1751800,0.0,0.0
2025-01-16 00:00:00-05:00,29.639999389648438,30.1200008392334,29.420000076293945,29.899999618530273,1641200,0.0,0.0
2025-01-17 00:00:00-05:00,29.90999984741211,30.030000686645508,29.170000076293945,29.760000228881836,1879300,0.0,0.0
2025-01-21 00:00:00-05:00,30.0,31.1299991607666,29.610000610351562,31.059999465942383,2199500,0.0,0.0
2025-01-22 00:00:00-05:00,31.3799991607666,31.600000381469727,30.530000686645508,30.780000686645508,2340500,0.0,0.0
2025-01-23 00:00:00-05:00,30.760000228881836,31.0,30.100000381469727,30.860000610351562,2087300,0.0,0.0
2025-01-24 00:00:00-05:00,31.049999237060547,31.059999465942383,30.540000915527344,30.579999923706055,1950300,0.0,0.0
2025-01-27 00:00:00-05:00,30.0,30.649999618530273,29.739999771118164,30.440000534057617,1383800,0.0,0.0
2025-01-28 00:00:00-05:00,30.549999237060547,31.969999313354492,30.549999237060547,31.899999618530273,2707400,0.0,0.0
2025-01-29 00:00:00-05:00,31.899999618530273,32.97999954223633,31.899999618530273,32.77000045776367,2207000,0.0,0.0
2025-01-30 00:00:00-05:00,33.060001373291016,34.0,32.689998626708984,33.779998779296875,2548900,0.0,0.0
2025-01-31 00:00:00-05:00,33.369998931884766,33.400001525878906,31.809999465942383,31.969999313354492,2823700,0.0,0.0
2025-02-03 00:00:00-05:00,31.200000762939453,31.81999969482422,30.200000762939453,30.940000534057617,4310900,0.0,0.0
2025-02-04 00:00:00-05:00,31.139999389648438,31.8700008392334,30.799999237060547,31.65999984741211,2496500,0.0,0.0
2025-02-05 00:00:00-05:00,31.690000534057617,32.400001525878906,31.454999923706055,31.84000015258789,2171100,0.0,0.0
2025-02-06 00:00:00-05:00,32.33000183105469,32.900001525878906,31.84000015258789,32.56999969482422,2792800,0.0,0.0
2025-02-07 00:00:00-05:00,32.59000015258789,32.599998474121094,30.559999465942383,30.940000534057617,2366700,0.0,0.0
2025-02-10 00:00:00-05:00,31.0,31.040000915527344,29.861000061035156,30.610000610351562,3460500,0.0,0.0
2025-02-11 00:00:00-05:00,30.100000381469727,30.399999618530273,28.489999771118164,29.469999313354492,4189100,0.0,0.0
2025-02-12 00:00:00-05:00,29.540000915527344,30.350000381469727,29.25,30.1299991607666,3689000,0.0,0.0
2025-02-13 00:00:00-05:00,30.479999542236328,31.860000610351562,30.399999618530273,30.8799991607666,2566400,0.0,0.0
2025-02-14 00:00:00-05:00,30.75,31.450000762939453,30.299999237060547,30.989999771118164,1768400,0.0,0.0
2025-02-18 00:00:00-05:00,31.0,31.5,30.780000686645508,31.219999313354492,2558400,0.0,0.0
2025-02-19 00:00:00-05:00,30.770000457763672,30.780000686645508,29.774999618530273,30.59000015258789,2389600,0.0,0.0
2025-02-20 00:00:00-05:00,30.489999771118164,30.489999771118164,29.149999618530273,29.34000015258789,3175000,0.0,0.0
2025-02-21 00:00:00-05:00,29.469999313354492,29.5,28.170000076293945,28.600000381469727,4578900,0.0,0.0
2025-02-24 00:00:00-05:00,29.059999465942383,29.329999923706055,27.969999313354492,28.600000381469727,6550100,0.0,0.0
2025-02-25 00:00:00-05:00,26.399999618530273,29.829999923706055,26.06999969482422,28.829999923706055,6876000,0.0,0.0
2025-02-26 00:00:00-05:00,29.5,31.440000534057617,29.149999618530273,30.309999465942383,5515800,0.0,0.0
2025-02-27 00:00:00-05:00,30.309999465942383,30.479999542236328,28.540000915527344,28.559999465942383,4791500,0.0,0.0
2025-02-28 00:00:00-05:00,28.34000015258789,29.93000030517578,28.31999969482422,29.889999389648438,3901300,0.0,0.0
2025-03-03 00:00:00-05:00,30.5,31.09000015258789,29.540000915527344,29.790000915527344,4058800,0.0,0.0
2025-03-04 00:00:00-05:00,28.979999542236328,29.549999237060547,28.15999984741211,28.940000534057617,3811400,0.0,0.0
2025-03-05 00:00:00-05:00,29.280000686645508,29.829999923706055,28.799999237060547,29.450000762939453,2629600,0.0,0.0
2025-03-06 00:00:00-05:00,29.020000457763672,29.575000762939453,27.899999618530273,28.290000915527344,2663100,0.0,0.0
2025-03-07 00:00:00-05:00,28.260000228881836,28.709999084472656,26.1299991607666,26.920000076293945,6418500,0.0,0.0
2025-03-10 00:00:00-04:00,26.25,26.385000228881836,25.04400062561035,25.600000381469727,7008000,0.0,0.0
2025-03-11 00:00:00-04:00,25.774999618530273,26.899999618530273,25.43000030517578,26.75,7251000,0.0,0.0
2025-03-12 00:00:00-04:00,27.639999389648438,28.18000030517578,26.399999618530273,26.979999542236328,2916400,0.0,0.0
2025-03-13 00:00:00-04:00,27.139999389648438,27.389999389648438,26.0,26.610000610351562,4158800,0.0,0.0
2025-03-14 00:00:00-04:00,27.219999313354492,28.030000686645508,26.799999237060547,27.700000762939453,4881900,0.0,0.0
2025-03-17 00:00:00-04:00,27.700000762939453,28.889999389648438,27.309999465942383,28.5,2738500,0.0,0.0
2025-03-18 00:00:00-04:00,28.65999984741211,28.90999984741211,28.075000762939453,28.299999237060547,3869400,0.0,0.0
2025-03-19 00:00:00-04:00,28.260000228881836,29.584999084472656,28.15999984741211,29.18000030517578,4156700,0.0,0.0
2025-03-20 00:00:00-04:00,28.81999969482422,29.75,28.6200008392334,29.170000076293945,2011700,0.0,0.0
2025-03-21 00:00:00-04:00,28.610000610351562,29.17099952697754,28.309999465942383,28.889999389648438,2001900,0.0,0.0
2025-03-24 00:00:00-04:00,29.420000076293945,29.760000228881836,29.0,29.469999313354492,2022200,0.0,0.0
2025-03-25 00:00:00-04:00,29.209999084472656,29.610000610351562,28.59000015258789,28.799999237060547,2299700,0.0,0.0
2025-03-26 00:00:00-04:00,28.56999969482422,28.719999313354492,27.549999237060547,27.979999542236328,2807000,0.0,0.0
2025-03-27 00:00:00-04:00,27.780000686645508,28.023000717163086,27.389999389648438,27.469999313354492,2252900,0.0,0.0
2025-03-28 00:00:00-04:00,26.889999389648438,26.934999465942383,26.09000015258789,26.549999237060547,5617500,0.0,0.0
2025-03-31 00:00:00-04:00,25.540000915527344,26.760000228881836,25.200000762939453,26.729999542236328,5150900,0.0,0.0
2025-04-01 00:00:00-04:00,26.84000015258789,27.100000381469727,26.290000915527344,26.809999465942383,2700200,0.0,0.0
2025-04-02 00:00:00-04:00,26.6200008392334,28.450000762939453,26.6200008392334,28.360000610351562,2940800,0.0,0.0
2025-04-03 00:00:00-04:00,25.704999923706055,26.260000228881836,24.5,24.56999969482422,8585600,0.0,0.0
2025-04-04 00:00:00-04:00,23.0,25.649999618530273,22.31999969482422,23.729999542236328,9198600,0.0,0.0
2025-04-07 00:00:00-04:00,22.18000030517578,24.3799991607666,21.729999542236328,22.56999969482422,6636400,0.0,0.0
2025-04-08 00:00:00-04:00,23.799999237060547,23.799999237060547,20.459999084472656,20.969999313354492,7062800,0.0,0.0
2025-04-09 00:00:00-04:00,21.219999313354492,25.149999618530273,20.209999084472656,24.1200008392334,7749300,0.0,0.0
2025-04-10 00:00:00-04:00,23.239999771118164,23.399999618530273,21.5,22.040000915527344,6730700,0.0,0.0
2025-04-11 00:00:00-04:00,22.020000457763672,22.399999618530273,21.149999618530273,22.170000076293945,4376500,0.0,0.0
2025-04-14 00:00:00-04:00,22.790000915527344,23.360000610351562,22.2450008392334,22.75,3352100,0.0,0.0
2025-04-15 00:00:00-04:00,22.649999618530273,23.190000534057617,22.420000076293945,22.649999618530273,2558200,0.0,0.0
2025-04-16 00:00:00-04:00,22.34000015258789,22.979999542236328,22.079999923706055,22.399999618530273,2135400,0.0,0.0
2025-04-17 00:00:00-04:00,22.360000610351562,22.690000534057617,21.90999984741211,22.15999984741211,3180600,0.0,0.0
2025-04-21 00:00:00-04:00,21.93000030517578,21.93000030517578,21.059999465942383,21.65999984741211,3027100,0.0,0.0
2025-04-22 00:00:00-04:00,21.969999313354492,22.709999084472656,21.6200008392334,22.25,5733300,0.0,0.0
2025-04-23 00:00:00-04:00,23.350000381469727,25.260000228881836,22.920000076293945,23.209999084472656,6662600,0.0,0.0
2025-04-24 00:00:00-04:00,23.479999542236328,24.18000030517578,22.93000030517578,24.079999923706055,2898600,0.0,0.0
2025-04-25 00:00:00-04:00,23.510000228881836,24.200000762939453,23.399999618530273,24.18000030517578,1919300,0.0,0.0
2025-04-28 00:00:00-04:00,24.110000610351562,24.402999877929688,23.81999969482422,24.260000228881836,2201200,0.0,0.0
2025-04-29 00:00:00-04:00,24.15999984741211,24.489999771118164,24.0,24.239999771118164,2001700,0.0,0.0
2025-04-30 00:00:00-04:00,23.5,24.260000228881836,23.270000457763672,24.25,1607000,0.0,0.0
2025-05-01 00:00:00-04:00,24.540000915527344,24.8700008392334,24.049999237060547,24.25,1816100,0.0,0.0
2025-05-02 00:00:00-04:00,24.809999465942383,25.950000762939453,24.670000076293945,25.709999084472656,3489900,0.0,0.0
2025-05-05 00:00:00-04:00,25.229999542236328,26.06999969482422,25.229999542236328,25.719999313354492,3433500,0.0,0.0
2025-05-06 00:00:00-04:00,25.329999923706055,26.079999923706055,25.329999923706055,25.56999969482422,4345200,0.0,0.0
2025-05-07 00:00:00-04:00,25.770000457763672,26.940000534057617,25.735000610351562,26.65999984741211,3320000,0.0,0.0
2025-05-08 00:00:00-04:00,27.5,27.770000457763672,27.020000457763672,27.399999618530273,3751200,0.0,0.0
2025-05-09 00:00:00-04:00,27.56999969482422,28.079999923706055,26.899999618530273,26.989999771118164,2069000,0.0,0.0
2025-05-12 00:00:00-04:00,28.600000381469727,30.1200008392334,28.450000762939453,30.040000915527344,7345800,0.0,0.0
2025-05-13 00:00:00-04:00,29.0,31.43000030517578,28.92300033569336,31.200000762939453,5049100,0.0,0.0
2025-05-14 00:00:00-04:00,31.31999969482422,31.75,30.920000076293945,31.290000915527344,3521700,0.0,0.0
2025-05-15 00:00:00-04:00,31.149999618530273,31.450000762939453,30.299999237060547,30.850000381469727,5485400,0.0,0.0
2025-05-16 00:00:00-04:00,30.8700008392334,31.399999618530273,30.6200008392334,31.139999389648438,4028000,0.0,0.0
2025-05-19 00:00:00-04:00,30.559999465942383,32.15999984741211,30.3799991607666,31.389999389648438,6668700,0.0,0.0
2025-05-20 00:00:00-04:00,36.0,37.9900016784668,35.595001220703125,37.369998931884766,19816200,0.0,0.0
2025-05-21 00:00:00-04:00,38.38999938964844,38.41999816894531,36.619998931884766,37.0,8949000,0.0,0.0
2025-05-22 00:00:00-04:00,37.599998474121094,38.02000045776367,36.41999816894531,37.4900016784668,6654600,0.0,0.0
2025-05-23 00:00:00-04:00,35.77000045776367,37.35499954223633,35.0,37.040000915527344,2969800,0.0,0.0
2025-05-27 00:00:00-04:00,37.81999969482422,38.5099983215332,37.0,38.5,3242000,0.0,0.0
2025-05-28 00:00:00-04:00,38.2599983215332,38.465999603271484,37.34000015258789,37.72999954223633,3334900,0.0,0.0
2025-05-29 00:00:00-04:00,37.0,37.130001068115234,36.58000183105469,36.849998474121094,12714700,0.0,0.0
2025-05-30 00:00:00-04:00,36.5,36.529998779296875,35.9900016784668,36.380001068115234,8473300,0.0,0.0
2025-06-02 00:00:00-04:00,36.43000030517578,36.84000015258789,36.11000061035156,36.810001373291016,7603800,0.0,0.0
2025-06-03 00:00:00-04:00,36.849998474121094,37.5099983215332,36.56999969482422,37.459999084472656,6634400,0.0,0.0
2025-06-04 00:00:00-04:00,37.720001220703125,37.77000045776367,37.040000915527344,37.22999954223633,4236900,0.0,0.0
2025-06-05 00:00:00-04:00,37.08000183105469,38.11000061035156,37.060001373291016,37.380001068115234,4280000,0.0,0.0
2025-06-06 00:00:00-04:00,37.540000915527344,37.79999923706055,37.0099983215332,37.52000045776367,4036300,0.0,0.0
2025-06-09 00:00:00-04:00,38.16999816894531,38.400001525878906,37.439998626708984,37.66999816894531,2934500,0.0,0.0
2025-06-10 00:00:00-04:00,38.0,38.34000015258789,37.18000030517578,37.84000015258789,4175400,0.0,0.0
2025-06-11 00:00:00-04:00,38.22999954223633,39.167999267578125,37.5099983215332,37.7400016784668,4725700,0.0,0.0
2025-06-12 00:00:00-04:00,37.5099983215332,37.84000015258789,37.25,37.40999984741211,2107000,0.0,0.0
2025-06-13 00:00:00-04:00,36.91999816894531,37.22999954223633,36.02000045776367,36.2400016784668,4981100,0.0,0.0
2025-06-16 00:00:00-04:00,36.75,37.529998779296875,36.75,37.119998931884766,3263500,0.0,0.0
2025-06-17 00:00:00-04:00,36.79999923706055,36.869998931884766,35.93000030517578,36.060001373291016,3124600,0.0,0.0
2025-06-18 00:00:00-04:00,36.0,36.79999923706055,35.90999984741211,36.189998626708984,2548900,0.0,0.0
2025-06-20 00:00:00-04:00,36.36000061035156,36.650001525878906,36.01300048828125,36.41999816894531,3333300,0.0,0.0
2025-06-23 00:00:00-04:00,36.189998626708984,37.17499923706055,35.97999954223633,37.119998931884766,4210400,0.0,0.0
2025-06-24 00:00:00-04:00,38.13999938964844,38.4900016784668,37.0,37.68000030517578,3211200,0.0,0.0
2025-06-25 00:00:00-04:00,37.90999984741211,37.959999084472656,37.09400177001953,37.310001373291016,2752900,0.0,0.0
2025-06-26 00:00:00-04:00,37.650001525878906,37.95000076293945,37.349998474121094,37.849998474121094,2845800,0.0,0.0
2025-06-27 00:00:00-04:00,38.08000183105469,39.65999984741211,37.95000076293945,39.36000061035156,10438200,0.0,0.0
2025-06-30 00:00:00-04:00,39.81999969482422,40.207000732421875,38.66999816894531,38.7599983215332,7792600,0.0,0.0
2025-07-01 00:00:00-04:00,38.25,39.005001068115234,37.40999984741211,37.66999816894531,4898900,0.0,0.0
2025-07-02 00:00:00-04:00,37.5099983215332,38.56999969482422,36.599998474121094,38.189998626708984,5695300,0.0,0.0
2025-07-03 00:00:00-04:00,38.34000015258789,39.040000915527344,38.20000076293945,38.869998931884766,1634700,0.0,0.0
2025-07-07 00:00:00-04:00,38.400001525878906,38.709999084472656,38.029998779296875,38.310001373291016,3085400,0.0,0.0
2025-07-08 00:00:00-04:00,38.54999923706055,38.689998626708984,37.439998626708984,37.81999969482422,2756200,0.0,0.0
2025-07-09 00:00:00-04:00,38.220001220703125,38.61000061035156,37.59000015258789,38.5,2526600,0.0,0.0
2025-07-10 00:00:00-04:00,38.459999084472656,38.540000915527344,37.5099983215332,38.13999938964844,2867200,0.0,0.0
2025-07-11 00:00:00-04:00,37.939998626708984,38.290000915527344,37.52000045776367,38.13999938964844,1871900,0.0,0.0
2025-07-14 00:00:00-04:00,38.16999816894531,39.959999084472656,38.029998779296875,39.0099983215332,6515900,0.0,0.0
2025-07-15 00:00:00-04:00,39.20000076293945,39.689998626708984,38.40999984741211,39.41999816894531,2287800,0.0,0.0
2025-07-16 00:00:00-04:00,39.599998474121094,39.81999969482422,38.33000183105469,39.27000045776367,2221100,0.0,0.0
2025-07-17 00:00:00-04:00,39.290000915527344,39.650001525878906,39.099998474121094,39.150001525878906,2118900,0.0,0.0
2025-07-18 00:00:00-04:00,39.220001220703125,39.220001220703125,37.689998626708984,38.470001220703125,2565600,0.0,0.0
2025-07-21 00:00:00-04:00,38.70000076293945,38.97999954223633,38.1349983215332,38.18000030517578,2481000,0.0,0.0
2025-07-22 00:00:00-04:00,38.560001373291016,38.560001373291016,36.880001068115234,37.369998931884766,3350600,0.0,0.0
2025-07-23 00:00:00-04:00,37.689998626708984,38.0099983215332,37.39500045776367,37.72999954223633,2565800,0.0,0.0
2025-07-24 00:00:00-04:00,37.65999984741211,37.79999923706055,36.779998779296875,36.81999969482422,2606500,0.0,0.0
2025-07-25 00:00:00-04:00,37.400001525878906,37.70000076293945,36.94499969482422,37.65999984741211,2457100,0.0,0.0
2025-07-28 00:00:00-04:00,37.900001525878906,38.779998779296875,37.849998474121094,38.599998474121094,2493800,0.0,0.0
2025-07-29 00:00:00-04:00,38.75,38.75,37.59000015258789,38.34000015258789,2798800,0.0,0.0
2025-07-30 00:00:00-04:00,38.40999984741211,39.220001220703125,38.15999984741211,38.849998474121094,2435100,0.0,0.0
2025-07-31 00:00:00-04:00,38.58000183105469,38.849998474121094,37.47999954223633,37.540000915527344,3276800,0.0,0.0
2025-08-01 00:00:00-04:00,36.5,37.040000915527344,35.689998626708984,36.5099983215332,3472600,0.0,0.0
2025-08-04 00:00:00-04:00,37.16999816894531,38.709999084472656,36.83000183105469,38.709999084472656,3115100,0.0,0.0
2025-08-05 00:00:00-04:00,39.04999923706055,39.130001068115234,37.83000183105469,37.970001220703125,2238000,0.0,0.0
2025-08-06 00:00:00-04:00,38.130001068115234,39.040000915527344,37.44499969482422,38.97999954223633,1991400,0.0,0.0
2025-08-07 00:00:00-04:00,39.380001068115234,39.59000015258789,37.209999084472656,37.83000183105469,3609600,0.0,0.0
2025-08-08 00:00:00-04:00,37.810001373291016,38.189998626708984,36.86000061035156,37.20000076293945,3652300,0.0,0.0
2025-08-11 00:00:00-04:00,37.279998779296875,37.290000915527344,36.5099983215332,36.66999816894531,4057200,0.0,0.0
2025-08-12 00:00:00-04:00,37.36000061035156,37.91999816894531,37.09000015258789,37.459999084472656,3346800,0.0,0.0
2025-08-13 00:00:00-04:00,38.0,39.20000076293945,37.7599983215332,39.08000183105469,4665900,0.0,0.0
2025-08-14 00:00:00-04:00,38.599998474121094,38.72999954223633,37.4900016784668,37.91999816894531,3647800,0.0,0.0
2025-08-15 00:00:00-04:00,38.08000183105469,38.904998779296875,37.720001220703125,38.709999084472656,3493000,0.0,0.0
2025-08-18 00:00:00-04:00,38.95000076293945,39.209999084472656,36.95000076293945,37.5,7103500,0.0,0.0
2025-08-19 00:00:00-04:00,35.5,37.33000183105469,35.0,35.7400016784668,13461300,0.0,0.0
2025-08-20 00:00:00-04:00,36.0,37.45500183105469,35.369998931884766,37.16999816894531,8107700,0.0,0.0
2025-08-21 00:00:00-04:00,36.900001525878906,38.040000915527344,36.88999938964844,37.20000076293945,4141900,0.0,0.0
2025-08-22 00:00:00-04:00,38.0,41.560001373291016,37.810001373291016,41.47999954223633,9374500,0.0,0.0
2025-08-25 00:00:00-04:00,41.650001525878906,42.36000061035156,40.689998626708984,40.689998626708984,4638900,0.0,0.0
2025-08-26 00:00:00-04:00,40.0,40.709999084472656,39.880001068115234,40.709999084472656,6341600,0.0,0.0
2025-08-27 00:00:00-04:00,41.439998626708984,41.66999816894531,40.540000915527344,41.04999923706055,4231300,0.0,0.0
2025-08-28 00:00:00-04:00,41.04999923706055,41.36000061035156,40.34000015258789,40.90999984741211,3164200,0.0,0.0
2025-08-29 00:00:00-04:00,40.40999984741211,40.5,38.77000045776367,39.31999969482422,3855100,0.0,0.0
2025-09-02 00:00:00-04:00,38.27000045776367,38.87099838256836,36.31999969482422,38.029998779296875,4260800,0.0,0.0
2025-09-03 00:00:00-04:00,38.130001068115234,38.9900016784668,37.810001373291016,37.939998626708984,2520300,0.0,0.0
2025-09-04 00:00:00-04:00,37.810001373291016,38.0,36.95000076293945,37.790000915527344,3610300,0.0,0.0
2025-09-05 00:00:00-04:00,37.33000183105469,37.70000076293945,36.4900016784668,36.560001373291016,5036400,0.0,0.0
2025-09-08 00:00:00-04:00,37.029998779296875,37.15999984741211,36.4900016784668,36.63999938964844,3284600,0.0,0.0
2025-09-09 00:00:00-04:00,36.63999938964844,36.97700119018555,36.220001220703125,36.709999084472656,2276200,0.0,0.0
2025-09-10 00:00:00-04:00,37.0099983215332,37.150001525878906,36.439998626708984,36.709999084472656,2620600,0.0,0.0
2025-09-11 00:00:00-04:00,36.790000915527344,37.13999938964844,36.61000061035156,36.959999084472656,3444800,0.0,0.0
2025-09-12 00:00:00-04:00,36.70000076293945,36.880001068115234,35.66999816894531,36.369998931884766,3060800,0.0,0.0
2025-09-15 00:00:00-04:00,36.75,37.540000915527344,36.68000030517578,37.2400016784668,3737100,0.0,0.0
2025-09-16 00:00:00-04:00,37.099998474121094,37.290000915527344,36.279998779296875,37.09000015258789,2705300,0.0,0.0
2025-09-17 00:00:00-04:00,37.20000076293945,37.577999114990234,36.29999923706055,37.09000015258789,3924600,0.0,0.0
2025-09-18 00:00:00-04:00,39.09000015258789,39.290000915527344,37.040000915527344,37.880001068115234,5927100,0.0,0.0
2025-09-19 00:00:00-04:00,38.61000061035156,39.0,37.13999938964844,37.45000076293945,4391600,0.0,0.0
2025-09-22 00:00:00-04:00,35.349998474121094,37.26499938964844,34.61000061035156,35.27000045776367,13732800,0.0,0.0
2025-09-23 00:00:00-04:00,35.45000076293945,35.63999938964844,33.65999984741211,34.29999923706055,5935400,0.0,0.0
2025-09-24 00:00:00-04:00,34.13999938964844,34.619998931884766,33.709999084472656,34.13999938964844,6132700,0.0,0.0
2025-09-25 00:00:00-04:00,33.400001525878906,34.599998474121094,33.2599983215332,34.279998779296875,6509200,0.0,0.0
2025-09-26 00:00:00-04:00,34.279998779296875,34.599998474121094,33.69499969482422,34.47999954223633,3426400,0.0,0.0
2025-09-29 00:00:00-04:00,35.380001068115234,35.70000076293945,34.36000061035156,34.61000061035156,5983500,0.0,0.0
2025-09-30 00:00:00-04:00,35.08000183105469,35.279998779296875,34.275001525878906,34.75,5471400,0.0,0.0
2025-10-01 00:00:00-04:00,34.630001068115234,35.154998779296875,33.880001068115234,34.95000076293945,4944900,0.0,0.0
2025-10-02 00:00:00-04:00,35.0,35.29999923706055,34.54499816894531,35.189998626708984,2375300,0.0,0.0
2025-10-03 00:00:00-04:00,35.34000015258789,35.619998931884766,34.29499816894531,34.36000061035156,5538300,0.0,0.0
2025-10-06 00:00:00-04:00,34.5099983215332,34.849998474121094,33.810001373291016,34.119998931884766,3960500,0.0,0.0
2025-10-07 00:00:00-04:00,34.0,34.4900016784668,33.43000030517578,34.15999984741211,3350100,0.0,0.0
2025-10-08 00:00:00-04:00,34.36000061035156,34.7400016784668,34.23500061035156,34.529998779296875,3927400,0.0,0.0
2025-10-09 00:00:00-04:00,34.54999923706055,34.77000045776367,32.38999938964844,32.439998626708984,8830400,0.0,0.0
2025-10-10 00:00:00-04:00,32.529998779296875,32.76499938964844,30.875,30.940000534057617,10491400,0.0,0.0
2025-10-13 00:00:00-04:00,31.729999542236328,31.989999771118164,30.354999542236328,30.950000762939453,7715600,0.0,0.0
2025-10-14 00:00:00-04:00,30.0,31.56999969482422,29.530000686645508,30.920000076293945,8400800,0.0,0.0
2025-10-15 00:00:00-04:00,31.469999313354492,33.0,31.200000762939453,32.040000915527344,7347200,0.0,0.0
2025-10-16 00:00:00-04:00,32.25,32.43000030517578,30.469999313354492,30.639999389648438,4794900,0.0,0.0
2025-10-17 00:00:00-04:00,30.329999923706055,31.059999465942383,30.219999313354492,30.829999923706055,5187200,0.0,0.0
2025-10-20 00:00:00-04:00,30.899999618530273,31.40999984741211,30.3700008392334,30.860000610351562,4137700,0.0,0.0
2025-10-21 00:00:00-04:00,30.829999923706055,31.3700008392334,30.510000228881836,30.8799991607666,4882700,0.0,0.0
2025-10-22 00:00:00-04:00,31.110000610351562,31.799999237060547,30.634000778198242,31.049999237060547,6252900,0.0,0.0
2025-10-23 00:00:00-04:00,30.959999084472656,31.959999084472656,30.959999084472656,31.639999389648438,4514000,0.0,0.0
2025-10-24 00:00:00-04:00,32.0,32.130001068115234,31.360000610351562,31.760000228881836,4089400,0.0,0.0
2025-10-27 00:00:00-04:00,32.689998626708984,33.09000015258789,32.29999923706055,32.560001373291016,5370200,0.0,0.0
2025-10-28 00:00:00-04:00,32.40999984741211,33.14500045776367,31.68000030517578,32.81999969482422,5613400,0.0,0.0
2025-10-29 00:00:00-04:00,32.5,32.63999938964844,31.8700008392334,32.13999938964844,3635000,0.0,0.0
2025-10-30 00:00:00-04:00,32.13999938964844,32.81999969482422,31.6299991607666,31.93000030517578,3455700,0.0,0.0
2025-10-31 00:00:00-04:00,32.09000015258789,32.09000015258789,31.18000030517578,31.229999542236328,4183300,0.0,0.0
2025-11-03 00:00:00-05:00,31.5,31.780000686645508,30.8700008392334,31.469999313354492,5807100,0.0,0.0
2025-11-04 00:00:00-05:00,31.020000457763672,31.979999542236328,30.985000610351562,31.399999618530273,2491400,0.0,0.0
2025-11-05 00:00:00-05:00,31.309999465942383,31.719999313354492,30.94499969482422,31.270000457763672,4299900,0.0,0.0
2025-11-06 00:00:00-05:00,31.190000534057617,31.190000534057617,29.56999969482422,29.670000076293945,5400500,0.0,0.0
2025-11-07 00:00:00-05:00,29.5,29.700000762939453,28.920000076293945,29.540000915527344,5712900,0.0,0.0
2025-11-10 00:00:00-05:00,30.040000915527344,30.469999313354492,29.56999969482422,30.139999389648438,4194900,0.0,0.0
2025-11-11 00:00:00-05:00,30.239999771118164,30.739999771118164,29.98200035095215,30.18000030517578,2982900,0.0,0.0
2025-11-12 00:00:00-05:00,31.110000610351562,32.189998626708984,30.75,31.3799991607666,5647100,0.0,0.0
2025-11-13 00:00:00-05:00,31.100000381469727,31.635000228881836,30.3799991607666,30.40999984741211,3442100,0.0,0.0
2025-11-14 00:00:00-05:00,29.889999389648438,30.75,29.719999313354492,30.3700008392334,5721900,0.0,0.0
2025-11-17 00:00:00-05:00,30.18000030517578,31.0,30.18000030517578,30.760000228881836,10767100,0.0,0.0
2025-11-18 00:00:00-05:00,33.02000045776367,34.03499984741211,31.25,33.36000061035156,13868400,0.0,0.0
2025-11-19 00:00:00-05:00,34.06999969482422,35.81999969482422,34.0,34.7599983215332,7410500,0.0,0.0
2025-11-20 00:00:00-05:00,35.34000015258789,35.709999084472656,34.165000915527344,34.349998474121094,5107500,0.0,0.0
2025-11-21 00:00:00-05:00,34.7599983215332,35.47999954223633,33.70000076293945,34.060001373291016,3919000,0.0,0.0
2025-11-24 00:00:00-05:00,34.2599983215332,36.09000015258789,34.2599983215332,36.04999923706055,4844200,0.0,0.0
2025-11-25 00:00:00-05:00,35.88999938964844,36.91999816894531,35.79999923706055,36.599998474121094,5416800,0.0,0.0
2025-11-26 00:00:00-05:00,36.97999954223633,37.459999084472656,36.5,36.65999984741211,4346100,0.0,0.0
2025-11-28 00:00:00-05:00,36.709999084472656,37.47999954223633,36.52000045776367,37.130001068115234,1542500,0.0,0.0
2025-12-01 00:00:00-05:00,36.79999923706055,37.814998626708984,36.619998931884766,37.029998779296875,3569600,0.0,0.0
2025-12-02 00:00:00-05:00,37.25,37.63999938964844,37.0,37.02000045776367,3248700,0.0,0.0
2025-12-03 00:00:00-05:00,37.130001068115234,37.45500183105469,36.77000045776367,36.959999084472656,4359000,0.0,0.0
2025-12-04 00:00:00-05:00,36.369998931884766,36.939998626708984,35.92499923706055,35.97999954223633,3579600,0.0,0.0
2025-12-05 00:00:00-05:00,36.2400016784668,36.6150016784668,35.77000045776367,35.810001373291016,3276700,0.0,0.0
2025-12-08 00:00:00-05:00,36.310001373291016,37.279998779296875,36.25,37.189998626708984,4120900,0.0,0.0
2025-12-09 00:00:00-05:00,37.599998474121094,39.20000076293945,37.2400016784668,38.68000030517578,6935800,0.0,0.0
2025-12-10 00:00:00-05:00,38.7400016784668,39.84000015258789,38.19499969482422,39.470001220703125,4440100,0.0,0.0
2025-12-11 00:00:00-05:00,39.209999084472656,39.869998931884766,39.0,39.36000061035156,3303100,0.0,0.0
2025-12-12 00:00:00-05:00,39.290000915527344,39.314998626708984,37.9640007019043,38.36000061035156,3525800,0.0,0.0
2025-12-15 00:00:00-05:00,38.65999984741211,39.43000030517578,38.29999923706055,39.040000915527344,3530400,0.0,0.0
2025-12-16 00:00:00-05:00,38.90999984741211,39.4900016784668,38.45000076293945,38.900001525878906,2271900,0.0,0.0
2025-12-17 00:00:00-05:00,38.900001525878906,39.0,37.70000076293945,37.90999984741211,4327000,0.0,0.0
2025-12-18 00:00:00-05:00,38.540000915527344,38.86800003051758,38.18000030517578,38.18000030517578,3234300,0.0,0.0
2025-12-19 00:00:00-05:00,38.20000076293945,38.7400016784668,37.90999984741211,38.209999084472656,2499000,0.0,0.0
2025-12-22 00:00:00-05:00,38.46500015258789,38.46500015258789,37.77000045776367,38.119998931884766,2975900,0.0,0.0
2025-12-23 00:00:00-05:00,38.130001068115234,38.25,37.38999938964844,37.93000030517578,1638100,0.0,0.0
2025-12-24 00:00:00-05:00,37.970001220703125,38.09400177001953,37.75,37.84000015258789,825600,0.0,0.0
2025-12-26 00:00:00-05:00,37.970001220703125,38.43000030517578,37.82500076293945,38.369998931884766,2016900,0.0,0.0
2025-12-29 00:00:00-05:00,38.04999923706055,38.36000061035156,37.55500030517578,37.84000015258789,2803800,0.0,0.0
2025-12-30 00:00:00-05:00,37.75,38.099998474121094,37.33000183105469,37.75,1814400,0.0,0.0
2025-12-31 00:00:00-05:00,37.630001068115234,37.650001525878906,36.79999923706055,37.349998474121094,3267100,0.0,0.0
2026-01-02 00:00:00-05:00,37.630001068115234,37.970001220703125,37.2400016784668,37.5,2150900,0.0,0.0
2026-01-05 00:00:00-05:00,37.47999954223633,37.59000015258789,36.2400016784668,37.09000015258789,5104800,0.0,0.0
2026-01-06 00:00:00-05:00,37.04999923706055,38.900001525878906,37.0,38.63999938964844,3260200,0.0,0.0
2026-01-07 00:00:00-05:00,38.689998626708984,39.099998474121094,38.125,38.38999938964844,2281200,0.0,0.0
2026-01-08 00:00:00-05:00,38.869998931884766,40.0,38.70000076293945,39.119998931884766,4038400,0.0,0.0
2026-01-09 00:00:00-05:00,38.95000076293945,39.58000183105469,37.86000061035156,38.529998779296875,2592800,0.0,0.0
2026-01-12 00:00:00-05:00,37.91999816894531,38.72999954223633,37.560001373291016,37.9900016784668,1988900,0.0,0.0
2026-01-13 00:00:00-05:00,38.0,38.404998779296875,37.70000076293945,38.2599983215332,1883700,0.0,0.0
2026-01-14 00:00:00-05:00,38.209999084472656,38.375,36.45500183105469,36.7400016784668,3764500,0.0,0.0
2026-01-15 00:00:00-05:00,36.95000076293945,37.93000030517578,36.89500045776367,37.290000915527344,3278700,0.0,0.0
2026-01-16 00:00:00-05:00,37.2599983215332,37.4900016784668,36.84000015258789,37.029998779296875,2888300,0.0,0.0
2026-01-20 00:00:00-05:00,36.119998931884766,37.209999084472656,35.86800003051758,36.459999084472656,4124700,0.0,0.0
2026-01-21 00:00:00-05:00,36.939998626708984,36.939998626708984,35.540000915527344,35.869998931884766,4487900,0.0,0.0
2026-01-22 00:00:00-05:00,35.97999954223633,36.709999084472656,35.81999969482422,36.4900016784668,4295300,0.0,0.0
2026-01-23 00:00:00-05:00,36.369998931884766,37.7400016784668,36.09000015258789,37.720001220703125,4522100,0.0,0.0
2026-01-26 00:00:00-05:00,38.2400016784668,38.880001068115234,37.75,37.869998931884766,4064700,0.0,0.0
2026-01-27 00:00:00-05:00,38.099998474121094,38.362998962402344,37.47999954223633,38.08000183105469,2524800,0.0,0.0
2026-01-28 00:00:00-05:00,38.369998931884766,38.90999984741211,36.84000015258789,37.20000076293945,4465100,0.0,0.0
2026-01-29 00:00:00-05:00,37.33000183105469,37.810001373291016,36.75,37.34000015258789,3485500,0.0,0.0
2026-01-30 00:00:00-05:00,37.0,37.630001068115234,36.36000061035156,36.630001068115234,4137000,0.0,0.0
2026-02-02 00:00:00-05:00,36.599998474121094,38.01499938964844,36.45399856567383,37.970001220703125,4001000,0.0,0.0
2026-02-03 00:00:00-05:00,38.150001525878906,38.209999084472656,35.18000030517578,35.95000076293945,6892100,0.0,0.0
2026-02-04 00:00:00-05:00,36.380001068115234,36.58000183105469,35.279998779296875,36.34000015258789,4094100,0.0,0.0
2026-02-05 00:00:00-05:00,36.130001068115234,36.63999938964844,34.81999969482422,35.72999954223633,5418000,0.0,0.0
2026-02-06 00:00:00-05:00,36.22999954223633,37.68000030517578,36.220001220703125,37.5099983215332,4106100,0.0,0.0
2026-02-09 00:00:00-05:00,37.900001525878906,39.790000915527344,37.900001525878906,39.540000915527344,8386100,0.0,0.0
2026-02-10 00:00:00-05:00,40.34000015258789,41.22999954223633,39.79999923706055,40.20000076293945,8216100,0.0,0.0
2026-02-11 00:00:00-05:00,40.619998931884766,41.310001373291016,39.70000076293945,39.810001373291016,5373500,0.0,0.0
2026-02-12 00:00:00-05:00,40.26499938964844,40.61000061035156,38.0,38.52000045776367,5539800,0.0,0.0
2026-02-13 00:00:00-05:00,38.7400016784668,39.900001525878906,38.18000030517578,39.810001373291016,3338800,0.0,0.0
2026-02-17 00:00:00-05:00,39.849998474121094,40.83000183105469,39.279998779296875,40.2599983215332,3213600,0.0,0.0
2026-02-18 00:00:00-05:00,40.02000045776367,41.84000015258789,40.0,41.310001373291016,3900300,0.0,0.0
2026-02-19 00:00:00-05:00,41.310001373291016,41.564998626708984,40.68000030517578,41.5099983215332,1879800,0.0,0.0
2026-02-20 00:00:00-05:00,41.5099983215332,42.7599983215332,41.119998931884766,41.959999084472656,4120500,0.0,0.0
2026-02-23 00:00:00-05:00,41.75,42.09000015258789,40.11000061035156,40.4900016784668,6225300,0.0,0.0
2026-02-24 00:00:00-05:00,38.689998626708984,40.66999816894531,38.0,38.2400016784668,11081500,0.0,0.0
2026-02-25 00:00:00-05:00,38.189998626708984,38.619998931884766,36.25,37.849998474121094,7694400,0.0,0.0
2026-02-26 00:00:00-05:00,38.689998626708984,39.2599983215332,37.720001220703125,38.689998626708984,4211100,0.0,0.0
2026-02-27 00:00:00-05:00,37.720001220703125,38.345001220703125,37.02000045776367,37.97999954223633,3677500,0.0,0.0
2026-03-02 00:00:00-05:00,36.95000076293945,38.349998474121094,36.400001525878906,37.88999938964844,3813600,0.0,0.0
2026-03-03 00:00:00-05:00,36.7400016784668,37.0,35.209999084472656,36.91999816894531,18491700,0.0,0.0
2026-03-04 00:00:00-05:00,37.099998474121094,37.5,36.404998779296875,36.970001220703125,6601800,0.0,0.0
2026-03-05 00:00:00-05:00,36.5099983215332,36.845001220703125,34.67499923706055,35.349998474121094,8542300,0.0,0.0
2026-03-06 00:00:00-05:00,34.59000015258789,35.178001403808594,33.77000045776367,33.97999954223633,5713200,0.0,0.0
2026-03-09 00:00:00-04:00,33.0,34.150001525878906,32.630001068115234,34.08000183105469,6689700,0.0,0.0
2026-03-10 00:00:00-04:00,34.45000076293945,35.29999923706055,33.790000915527344,34.689998626708984,6724900,0.0,0.0
2026-03-11 00:00:00-04:00,34.4900016784668,34.7400016784668,33.2400016784668,33.400001525878906,4341900,0.0,0.0
2026-03-12 00:00:00-04:00,32.849998474121094,33.369998931884766,32.33000183105469,32.349998474121094,4246200,0.0,0.0
2026-03-13 00:00:00-04:00,32.72999954223633,32.779998779296875,32.040000915527344,32.34000015258789,3709600,0.0,0.0
2026-03-16 00:00:00-04:00,33.06999969482422,33.959999084472656,32.75,33.54999923706055,3385000,0.0,0.0
2026-03-17 00:00:00-04:00,33.939998626708984,34.77000045776367,33.4900016784668,33.65999984741211,2344700,0.0,0.0
2026-03-18 00:00:00-04:00,33.63999938964844,34.34000015258789,33.27000045776367,33.36000061035156,4475900,0.0,0.0
2026-03-19 00:00:00-04:00,32.599998474121094,33.0,31.655000686645508,32.66999816894531,4310600,0.0,0.0
2026-03-20 00:00:00-04:00,32.47999954223633,32.65999984741211,30.549999237060547,30.739999771118164,5350900,0.0,0.0
2026-03-23 00:00:00-04:00,31.469999313354492,33.310001373291016,31.469999313354492,32.709999084472656,6073700,0.0,0.0
2026-03-24 00:00:00-04:00,32.099998474121094,33.470001220703125,32.029998779296875,33.09000015258789,4535600,0.0,0.0
2026-03-25 00:00:00-04:00,33.849998474121094,34.43000030517578,33.2599983215332,33.619998931884766,7312700,0.0,0.0
2026-03-26 00:00:00-04:00,33.130001068115234,33.779998779296875,31.780000686645508,31.81999969482422,3799100,0.0,0.0
2026-03-27 00:00:00-04:00,31.3700008392334,31.600000381469727,30.649999618530273,31.43000030517578,4415600,0.0,0.0
2026-03-30 00:00:00-04:00,31.65999984741211,31.8700008392334,30.895000457763672,31.010000228881836,4916000,0.0,0.0
2026-03-31 00:00:00-04:00,31.690000534057617,33.400001525878906,31.6299991607666,32.91999816894531,5530500,0.0,0.0
2026-04-01 00:00:00-04:00,33.52000045776367,34.400001525878906,32.970001220703125,33.86000061035156,5444200,0.0,0.0
2026-04-02 00:00:00-04:00,32.84000015258789,33.91999816894531,32.30500030517578,33.400001525878906,2811100,0.0,0.0
2026-04-06 00:00:00-04:00,33.68000030517578,34.04999923706055,33.099998474121094,33.900001525878906,3257800,0.0,0.0
2026-04-07 00:00:00-04:00,33.29999923706055,33.43000030517578,32.02000045776367,32.66999816894531,4985400,0.0,0.0
2026-04-08 00:00:00-04:00,35.310001373291016,37.93000030517578,34.7599983215332,35.06999969482422,6936800,0.0,0.0
2026-04-09 00:00:00-04:00,34.540000915527344,36.185001373291016,34.529998779296875,35.77000045776367,3650400,0.0,0.0
2026-04-10 00:00:00-04:00,35.880001068115234,36.0,34.95000076293945,35.220001220703125,2913000,0.0,0.0
2026-04-13 00:00:00-04:00,34.849998474121094,35.41999816894531,34.540000915527344,35.25,2459500,0.0,0.0
2026-04-14 00:00:00-04:00,35.810001373291016,36.66999816894531,35.40999984741211,36.29999923706055,3660300,0.0,0.0
2026-04-15 00:00:00-04:00,36.4900016784668,36.880001068115234,35.81999969482422,36.40999984741211,2204400,0.0,0.0
2026-04-16 00:00:00-04:00,36.52000045776367,36.654998779296875,35.880001068115234,36.02000045776367,2768200,0.0,0.0
2026-04-17 00:00:00-04:00,37.2599983215332,38.04499816894531,36.8650016784668,37.11000061035156,4272600,0.0,0.0
2026-04-20 00:00:00-04:00,36.59000015258789,37.11000061035156,36.16999816894531,36.709999084472656,2753900,0.0,0.0
2026-04-21 00:00:00-04:00,37.06999969482422,37.09000015258789,35.529998779296875,36.150001525878906,4067000,0.0,0.0
2026-04-22 00:00:00-04:00,36.47999954223633,36.709999084472656,35.744998931884766,36.2400016784668,2770800,0.0,0.0
2026-04-23 00:00:00-04:00,35.97999954223633,37.290000915527344,35.63999938964844,35.869998931884766,2755400,0.0,0.0
2026-04-24 00:00:00-04:00,35.97999954223633,36.29999923706055,35.7400016784668,35.84000015258789,2436900,0.0,0.0
2026-04-27 00:00:00-04:00,35.709999084472656,35.9900016784668,35.20000076293945,35.400001525878906,3983400,0.0,0.0
2026-04-28 00:00:00-04:00,34.90999984741211,35.380001068115234,34.720001220703125,34.810001373291016,3163700,0.0,0.0
2026-04-29 00:00:00-04:00,34.720001220703125,35.09000015258789,34.400001525878906,34.5,2494500,0.0,0.0
2026-04-30 00:00:00-04:00,34.900001525878906,35.130001068115234,34.41999816894531,35.06999969482422,3238900,0.0,0.0
2026-05-01 00:00:00-04:00,35.04999923706055,36.04999923706055,35.040000915527344,35.25,3161400,0.0,0.0
2026-05-04 00:00:00-04:00,35.04999923706055,35.290000915527344,33.90999984741211,33.91999816894531,3404000,0.0,0.0
2026-05-05 00:00:00-04:00,34.29999923706055,35.15999984741211,34.04999923706055,34.779998779296875,3261300,0.0,0.0
2026-05-06 00:00:00-04:00,35.88999938964844,37.369998931884766,35.43000030517578,37.189998626708984,3895500,0.0,0.0
2026-05-07 00:00:00-04:00,37.349998474121094,37.349998474121094,35.845001220703125,36.4900016784668,3669400,0.0,0.0
2026-05-08 00:00:00-04:00,36.81999969482422,36.86000061035156,35.85499954223633,36.029998779296875,3241000,0.0,0.0
2026-05-11 00:00:00-04:00,35.91999816894531,35.91999816894531,34.08000183105469,34.5,6069500,0.0,0.0
2026-05-12 00:00:00-04:00,33.70000076293945,34.029998779296875,32.90999984741211,33.560001373291016,4077100,0.0,0.0
2026-05-13 00:00:00-04:00,33.630001068115234,33.90999984741211,32.57500076293945,32.779998779296875,4296200,0.0,0.0
2026-05-14 00:00:00-04:00,32.81999969482422,33.79999923706055,32.61000061035156,33.33000183105469,2614000,0.0,0.0
2026-05-15 00:00:00-04:00,32.7599983215332,33.869998931884766,32.70500183105469,32.84000015258789,4058100,0.0,0.0
2026-05-18 00:00:00-04:00,33.52000045776367,34.11000061035156,32.61000061035156,33.150001525878906,12183600,0.0,0.0
2026-05-19 00:00:00-04:00,34.0,35.869998931884766,33.540000915527344,33.83000183105469,16344500,0.0,0.0
2026-05-20 00:00:00-04:00,34.40999984741211,35.61000061035156,33.0,34.84000015258789,7502300,0.0,0.0
2026-05-21 00:00:00-04:00,34.4900016784668,35.83000183105469,34.369998931884766,35.33000183105469,3819900,0.0,0.0
2026-05-22 00:00:00-04:00,35.43000030517578,35.5,34.900001525878906,35.2599983215332,3613300,0.0,0.0
2026-05-26 00:00:00-04:00,35.709999084472656,37.040000915527344,35.43000030517578,36.880001068115234,4884500,0.0,0.0
2026-05-27 00:00:00-04:00,37.06999969482422,37.5099983215332,36.61000061035156,36.650001525878906,3942800,0.0,0.0
2026-05-28 00:00:00-04:00,36.06999969482422,36.8650016784668,35.75199890136719,36.040000915527344,4461400,0.0,0.0
2026-05-29 00:00:00-04:00,36.0099983215332,36.380001068115234,35.34000015258789,35.58000183105469,4095800,0.0,0.0
2026-06-01 00:00:00-04:00,35.31999969482422,35.88999938964844,34.66999816894531,35.81999969482422,3695500,0.0,0.0
2026-06-02 00:00:00-04:00,35.65999984741211,35.75,35.13999938964844,35.40999984741211,3212100,0.0,0.0
2026-06-03 00:00:00-04:00,34.81999969482422,35.029998779296875,33.70000076293945,34.36000061035156,4505500,0.0,0.0
2026-06-04 00:00:00-04:00,34.45000076293945,34.80500030517578,33.98500061035156,34.4900016784668,3734800,0.0,0.0
2026-06-05 00:00:00-04:00,34.27000045776367,34.7400016784668,33.560001373291016,34.099998474121094,3352000,0.0,0.0
2026-06-08 00:00:00-04:00,34.470001220703125,34.47999954223633,33.720001220703125,33.880001068115234,3443400,0.0,0.0
2026-06-09 00:00:00-04:00,34.400001525878906,36.02000045776367,34.20000076293945,34.75,6295200,0.0,0.0
2026-06-10 00:00:00-04:00,34.470001220703125,34.882999420166016,33.43000030517578,33.7599983215332,4156500,0.0,0.0
2026-06-11 00:00:00-04:00,33.86000061035156,35.65999984741211,33.689998626708984,35.599998474121094,4178300,0.0,0.0
2026-06-12 00:00:00-04:00,35.900001525878906,36.27000045776367,35.22999954223633,35.459999084472656,2332200,0.0,0.0
2026-06-15 00:00:00-04:00,36.869998931884766,37.16999816894531,35.79999923706055,35.88999938964844,4328000,0.0,0.0
2026-06-16 00:00:00-04:00,35.970001220703125,36.275001525878906,35.56999969482422,35.59000015258789,3573100,0.0,0.0
2026-06-17 00:00:00-04:00,35.630001068115234,36.560001373291016,35.04999923706055,35.099998474121094,3333600,0.0,0.0
2026-06-18 00:00:00-04:00,36.119998931884766,36.95000076293945,35.7400016784668,36.83000183105469,4346900,0.0,0.0
2026-06-22 00:00:00-04:00,36.5,36.98500061035156,35.68119812011719,36.11000061035156,2474395,0.0,0.0
