Date,Open,High,Low,Close,Volume,Dividends,Stock Splits
2022-01-03 00:00:00-05:00,223.0,230.0,221.0,229.0,1868,0.0,0.0
2022-01-04 00:00:00-05:00,232.0,232.5,220.0,228.0,1316,0.0,0.0
2022-01-05 00:00:00-05:00,228.0,230.5,214.0,230.5,1632,0.0,0.0
2022-01-06 00:00:00-05:00,230.5,233.64999389648438,216.0,232.5,1412,0.0,0.0
2022-01-07 00:00:00-05:00,222.0,233.5,214.0,217.0,1210,0.0,0.0
2022-01-10 00:00:00-05:00,220.0,220.0,200.0,207.0,1904,0.0,0.0
2022-01-11 00:00:00-05:00,205.5,210.9499969482422,201.0,208.0,840,0.0,0.0
2022-01-12 00:00:00-05:00,215.5,215.5,202.25,210.5,698,0.0,0.0
2022-01-13 00:00:00-05:00,217.0,217.0,200.0,205.5,804,0.0,0.0
2022-01-14 00:00:00-05:00,212.5,212.5,192.0,204.5,2230,0.0,0.0
2022-01-18 00:00:00-05:00,212.5,212.5,194.0,199.5,2464,0.0,0.0
2022-01-19 00:00:00-05:00,194.5,198.0,192.5,194.5,1104,0.0,0.0
2022-01-20 00:00:00-05:00,193.5,199.5,188.0,188.0,2674,0.0,0.0
2022-01-21 00:00:00-05:00,185.0,187.5,178.3000030517578,184.0,1644,0.0,0.0
2022-01-24 00:00:00-05:00,181.0,182.0,155.0,179.0,4250,0.0,0.0
2022-01-25 00:00:00-05:00,175.5,179.5,161.0,177.5,1016,0.0,0.0
2022-01-26 00:00:00-05:00,182.0,182.0,157.25,161.0,11962,0.0,0.0
2022-01-27 00:00:00-05:00,163.5,172.14999389648438,140.0,148.5,8174,0.0,0.0
2022-01-28 00:00:00-05:00,146.0,152.0,141.0,151.0,1652,0.0,0.0
2022-01-31 00:00:00-05:00,155.0,160.5,153.0,157.0,1306,0.0,0.0
2022-02-01 00:00:00-05:00,159.0,162.85000610351562,154.0,159.5,1356,0.0,0.0
2022-02-02 00:00:00-05:00,167.0,167.0,152.64999389648438,157.5,894,0.0,0.0
2022-02-03 00:00:00-05:00,152.5,156.0,151.0,155.5,288,0.0,0.0
2022-02-04 00:00:00-05:00,155.5,157.5,145.0,153.5,762,0.0,0.0
2022-02-07 00:00:00-05:00,160.0,161.0,149.0,155.0,1282,0.0,0.0
2022-02-08 00:00:00-05:00,161.0,161.0,149.5,153.5,502,0.0,0.0
2022-02-09 00:00:00-05:00,153.5,156.5,146.0,156.5,928,0.0,0.0
2022-02-10 00:00:00-05:00,155.0,158.5,150.5,158.5,884,0.0,0.0
2022-02-11 00:00:00-05:00,156.5,164.0,152.1999969482422,164.0,876,0.0,0.0
2022-02-14 00:00:00-05:00,164.0,165.75,155.0,162.5,600,0.0,0.0
2022-02-15 00:00:00-05:00,159.5,166.35000610351562,158.5,159.5,548,0.0,0.0
2022-02-16 00:00:00-05:00,161.0,162.0,156.0,160.5,560,0.0,0.0
2022-02-17 00:00:00-05:00,160.0,160.0,150.0,154.5,948,0.0,0.0
2022-02-18 00:00:00-05:00,154.5,159.75,146.5,150.5,596,0.0,0.0
2022-02-22 00:00:00-05:00,150.5,157.0,146.5,151.0,1076,0.0,0.0
2022-02-23 00:00:00-05:00,151.5,152.5,135.0,141.0,1682,0.0,0.0
2022-02-24 00:00:00-05:00,135.0,145.0,130.0,144.5,1118,0.0,0.0
2022-02-25 00:00:00-05:00,149.5,149.5,135.0,146.5,730,0.0,0.0
2022-02-28 00:00:00-05:00,146.5,152.0,145.0,152.0,384,0.0,0.0
2022-03-01 00:00:00-05:00,151.0,151.0,143.0,148.0,490,0.0,0.0
2022-03-02 00:00:00-05:00,146.0,148.0,140.5,143.5,750,0.0,0.0
2022-03-03 00:00:00-05:00,143.5,150.0,135.5,143.5,868,0.0,0.0
2022-03-04 00:00:00-05:00,141.5,149.5,139.5,143.5,990,0.0,0.0
2022-03-07 00:00:00-05:00,142.5,155.0,138.0,138.5,898,0.0,0.0
2022-03-08 00:00:00-05:00,138.5,140.0,132.0,135.5,1058,0.0,0.0
2022-03-09 00:00:00-05:00,133.5,144.5,131.0,133.5,812,0.0,0.0
2022-03-10 00:00:00-05:00,131.5,135.5,131.0,133.0,376,0.0,0.0
2022-03-11 00:00:00-05:00,140.0,143.10000610351562,131.0,137.0,408,0.0,0.0
2022-03-14 00:00:00-04:00,137.5,137.5,122.6500015258789,133.0,970,0.0,0.0
2022-03-15 00:00:00-04:00,130.5,136.5,125.80000305175781,133.5,276,0.0,0.0
2022-03-16 00:00:00-04:00,136.0,140.0,126.4000015258789,133.5,556,0.0,0.0
2022-03-17 00:00:00-04:00,142.5,142.5,135.5,139.5,550,0.0,0.0
2022-03-18 00:00:00-04:00,137.5,149.0,137.0,144.5,902,0.0,0.0
2022-03-21 00:00:00-04:00,148.89999389648438,163.5,145.5,162.0,780,0.0,0.0
2022-03-22 00:00:00-04:00,162.0,162.5,146.0,162.5,930,0.0,0.0
2022-03-23 00:00:00-04:00,170.0,170.0,152.5,159.5,406,0.0,0.0
2022-03-24 00:00:00-04:00,170.0,170.0,155.0,158.5,910,0.0,0.0
2022-03-25 00:00:00-04:00,153.0,163.5,152.5,154.0,262,0.0,0.0
2022-03-28 00:00:00-04:00,151.5,160.0,151.5,157.5,264,0.0,0.0
2022-03-29 00:00:00-04:00,157.5,157.5,152.25,154.0,498,0.0,0.0
2022-03-30 00:00:00-04:00,157.0,157.0,151.5,151.5,438,0.0,0.0
2022-03-31 00:00:00-04:00,152.5,153.5,150.0,151.5,436,0.0,0.0
2022-04-01 00:00:00-04:00,152.5,152.5,147.5,151.5,338,0.0,0.0
2022-04-04 00:00:00-04:00,156.0,156.0,148.0,151.5,360,0.0,0.0
2022-04-05 00:00:00-04:00,151.5,152.5,148.0,150.5,696,0.0,0.0
2022-04-06 00:00:00-04:00,153.5,153.5,136.5,149.5,1170,0.0,0.0
2022-04-07 00:00:00-04:00,149.5,151.5500030517578,140.10000610351562,145.0,316,0.0,0.0
2022-04-08 00:00:00-04:00,145.0,150.0,144.0,147.5,294,0.0,0.0
2022-04-11 00:00:00-04:00,155.0,155.0,136.0,149.0,458,0.0,0.0
2022-04-12 00:00:00-04:00,145.5,149.5,138.0,147.5,382,0.0,0.0
2022-04-13 00:00:00-04:00,147.5,147.5,136.0,147.0,466,0.0,0.0
2022-04-14 00:00:00-04:00,139.8000030517578,144.0,137.4499969482422,144.0,270,0.0,0.0
2022-04-18 00:00:00-04:00,138.0,151.5,136.5,138.5,364,0.0,0.0
2022-04-19 00:00:00-04:00,135.5,144.0,135.0,143.5,368,0.0,0.0
2022-04-20 00:00:00-04:00,150.0,150.0,130.5,142.0,1532,0.0,0.0
2022-04-21 00:00:00-04:00,144.0,149.0,137.5,147.5,650,0.0,0.0
2022-04-22 00:00:00-04:00,149.0,149.5,136.89999389648438,149.5,696,0.0,0.0
2022-04-25 00:00:00-04:00,148.5,153.5,140.5500030517578,153.5,912,0.0,0.0
2022-04-26 00:00:00-04:00,155.0,155.0,143.35000610351562,152.5,796,0.0,0.0
2022-04-27 00:00:00-04:00,149.5,152.0,143.0,151.5,246,0.0,0.0
2022-04-28 00:00:00-04:00,146.0,152.0,142.0,152.0,308,0.0,0.0
2022-04-29 00:00:00-04:00,151.25,151.25,135.0,140.0,606,0.0,0.0
2022-05-02 00:00:00-04:00,141.0,145.0,126.0,145.0,372,0.0,0.0
2022-05-03 00:00:00-04:00,140.0,147.0,134.0,145.5,414,0.0,0.0
2022-05-04 00:00:00-04:00,141.5,145.0,134.0,143.5,172,0.0,0.0
2022-05-05 00:00:00-04:00,137.0,145.0,134.5,145.0,254,0.0,0.0
2022-05-06 00:00:00-04:00,139.5,142.0,130.0,138.5,422,0.0,0.0
2022-05-09 00:00:00-04:00,130.0,130.0,115.5,119.5,1028,0.0,0.0
2022-05-10 00:00:00-04:00,159.0,161.0,95.0,112.5,432908,0.0,0.0
2022-05-11 00:00:00-04:00,100.0,105.0,95.5,95.5,7742,0.0,0.0
2022-05-12 00:00:00-04:00,81.5,88.0,75.5,86.5,5456,0.0,0.0
2022-05-13 00:00:00-04:00,80.5,89.0,80.5,87.0,1850,0.0,0.0
2022-05-16 00:00:00-04:00,89.5,97.0,87.5,95.0,2766,0.0,0.0
2022-05-17 00:00:00-04:00,90.0,97.0,90.0,92.0,666,0.0,0.0
2022-05-18 00:00:00-04:00,94.5,94.5,89.0,90.5,444,0.0,0.0
2022-05-19 00:00:00-04:00,91.0,92.5,85.0,91.5,924,0.0,0.0
2022-05-20 00:00:00-04:00,90.0,97.5,86.0,93.0,2074,0.0,0.0
2022-05-23 00:00:00-04:00,113.0,113.0,92.5,93.0,956,0.0,0.0
2022-05-24 00:00:00-04:00,86.0,94.0,85.0,87.0,3360,0.0,0.0
2022-05-25 00:00:00-04:00,90.0,94.0,87.55000305175781,90.0,480,0.0,0.0
2022-05-26 00:00:00-04:00,88.80000305175781,94.5,87.5,94.5,600,0.0,0.0
2022-05-27 00:00:00-04:00,96.5,100.0,90.0,95.0,1400,0.0,0.0
2022-05-31 00:00:00-04:00,100.0,100.0,94.5,98.0,1020,0.0,0.0
2022-06-01 00:00:00-04:00,100.0,100.0,90.0,93.0,648,0.0,0.0
2022-06-02 00:00:00-04:00,99.5,99.5,93.05000305175781,95.0,508,0.0,0.0
2022-06-03 00:00:00-04:00,94.0,96.25,91.0,92.5,168,0.0,0.0
2022-06-06 00:00:00-04:00,92.5,93.0,87.5,88.0,546,0.0,0.0
2022-06-07 00:00:00-04:00,94.5,97.0,86.0,97.0,1144,0.0,0.0
2022-06-08 00:00:00-04:00,97.0,104.0,87.5,87.5,2798,0.0,0.0
2022-06-09 00:00:00-04:00,87.0,93.0,87.0,87.5,1052,0.0,0.0
2022-06-10 00:00:00-04:00,87.5,90.5,85.0,89.25,260,0.0,0.0
2022-06-13 00:00:00-04:00,88.5,89.5,82.5,85.5,746,0.0,0.0
2022-06-14 00:00:00-04:00,95.0,95.0,84.0,84.0,426,0.0,0.0
2022-06-15 00:00:00-04:00,81.0,87.25,81.0,84.0,362,0.0,0.0
2022-06-16 00:00:00-04:00,94.0,94.0,80.0,81.0,590,0.0,0.0
2022-06-17 00:00:00-04:00,94.5,94.5,80.0,80.0,820,0.0,0.0
2022-06-21 00:00:00-04:00,86.0,93.5,83.5,91.5,1328,0.0,0.0
2022-06-22 00:00:00-04:00,90.0,92.5,83.8499984741211,88.0,460,0.0,0.0
2022-06-23 00:00:00-04:00,94.5,97.5,90.0,92.5,586,0.0,0.0
2022-06-24 00:00:00-04:00,93.0,96.0,87.5,93.5,862,0.0,0.0
2022-06-27 00:00:00-04:00,97.0,97.0,91.5,95.0,332,0.0,0.0
2022-06-28 00:00:00-04:00,98.0,101.75,93.0,94.5,1184,0.0,0.0
2022-06-29 00:00:00-04:00,94.25,99.5,90.5,99.5,220,0.0,0.0
2022-06-30 00:00:00-04:00,100.0,100.0,95.5,96.0,538,0.0,0.0
2022-07-01 00:00:00-04:00,101.5,101.5,96.5,98.5,70,0.0,0.0
2022-07-05 00:00:00-04:00,100.0,119.5,100.0,111.5,1702,0.0,0.0
2022-07-06 00:00:00-04:00,113.5,115.8499984741211,103.0,108.0,692,0.0,0.0
2022-07-07 00:00:00-04:00,115.5,115.5,108.25,111.5,554,0.0,0.0
2022-07-08 00:00:00-04:00,116.0,116.0,109.0,110.5,950,0.0,0.0
2022-07-11 00:00:00-04:00,116.5,116.5,110.69999694824219,114.5,390,0.0,0.0
2022-07-12 00:00:00-04:00,113.0,114.5,103.5,112.0,744,0.0,0.0
2022-07-13 00:00:00-04:00,116.0,117.5,110.5,116.75,1182,0.0,0.0
2022-07-14 00:00:00-04:00,120.0,122.0,113.5,119.5,680,0.0,0.0
2022-07-15 00:00:00-04:00,122.5,126.5,118.0,121.0,908,0.0,0.0
2022-07-18 00:00:00-04:00,129.0,130.0,118.5,125.5,1054,0.0,0.0
2022-07-19 00:00:00-04:00,130.0,130.0,121.30000305175781,122.4000015258789,908,0.0,0.0
2022-07-20 00:00:00-04:00,122.5,124.5,121.0,124.0,316,0.0,0.0
2022-07-21 00:00:00-04:00,124.0,134.5,122.55000305175781,130.5,784,0.0,0.0
2022-07-22 00:00:00-04:00,135.0,135.0,122.5,129.0,364,0.0,0.0
2022-07-25 00:00:00-04:00,134.5,134.5,122.5,127.0,290,0.0,0.0
2022-07-26 00:00:00-04:00,132.0,159.0,129.5,151.5,6140,0.0,0.0
2022-07-27 00:00:00-04:00,151.5,153.64999389648438,140.5,147.5,1032,0.0,0.0
2022-07-28 00:00:00-04:00,155.0,155.0,145.0,154.0,1022,0.0,0.0
2022-07-29 00:00:00-04:00,158.5,158.5,149.25,153.0,562,0.0,0.0
2022-08-01 00:00:00-04:00,155.5,155.5,146.5,148.5,802,0.0,0.0
2022-08-02 00:00:00-04:00,139.5,149.5,139.0500030517578,149.5,716,0.0,0.0
2022-08-03 00:00:00-04:00,145.0,150.0,142.75,148.5,428,0.0,0.0
2022-08-04 00:00:00-04:00,150.0,155.0,146.5,148.5,466,0.0,0.0
2022-08-05 00:00:00-04:00,149.5,154.0,145.5,154.0,184,0.0,0.0
2022-08-08 00:00:00-04:00,145.0,154.0,145.0,145.0,462,0.0,0.0
2022-08-09 00:00:00-04:00,145.0,151.35000610351562,137.5,140.0,426,0.0,0.0
2022-08-10 00:00:00-04:00,140.0,144.0,137.0,139.0,278,0.0,0.0
2022-08-11 00:00:00-04:00,145.0,145.0,133.0,140.0,468,0.0,0.0
2022-08-12 00:00:00-04:00,140.0,149.0,137.5,146.5,368,0.0,0.0
2022-08-15 00:00:00-04:00,149.0,149.0,144.0,146.5,250,0.0,0.0
2022-08-16 00:00:00-04:00,150.0,150.0,144.0,146.5,1084,0.0,0.0
2022-08-17 00:00:00-04:00,146.5,149.0,138.5500030517578,146.0,486,0.0,0.0
2022-08-18 00:00:00-04:00,148.5,148.5,140.0,141.5,318,0.0,0.0
2022-08-19 00:00:00-04:00,143.5,144.5,140.0,143.0,104,0.0,0.0
2022-08-22 00:00:00-04:00,148.5,148.5,135.0,135.0,264,0.0,0.0
2022-08-23 00:00:00-04:00,133.5,136.5,130.6999969482422,133.0,196,0.0,0.0
2022-08-24 00:00:00-04:00,130.0,130.0,124.5,127.5,384,0.0,0.0
2022-08-25 00:00:00-04:00,125.0,136.5,122.5,127.0,494,0.0,0.0
2022-08-26 00:00:00-04:00,127.0,127.0,123.5,123.5,64,0.0,0.0
2022-08-29 00:00:00-04:00,123.0,124.6500015258789,105.0,112.5,1016,0.0,0.0
2022-08-30 00:00:00-04:00,112.5,127.5,112.5,124.5,716,0.0,0.0
2022-08-31 00:00:00-04:00,121.0,123.5,116.5,117.5,68,0.0,0.0
2022-09-01 00:00:00-04:00,112.5,117.0,104.25,110.0,442,0.0,0.0
2022-09-02 00:00:00-04:00,110.5,114.80000305175781,110.5,111.5,126,0.0,0.0
2022-09-06 00:00:00-04:00,117.0,117.0,100.0,106.0,1522,0.0,0.0
2022-09-07 00:00:00-04:00,102.0,108.5,101.0,102.0,560,0.0,0.0
2022-09-08 00:00:00-04:00,101.0,114.4000015258789,97.0,103.5,170,0.0,0.0
2022-09-09 00:00:00-04:00,108.0,108.0,101.5,102.0,282,0.0,0.0
2022-09-12 00:00:00-04:00,113.5,113.5,100.0,102.0,586,0.0,0.0
2022-09-13 00:00:00-04:00,101.0,105.4000015258789,101.0,101.5,94,0.0,0.0
2022-09-14 00:00:00-04:00,102.0,110.0,100.5,102.5,164,0.0,0.0
2022-09-15 00:00:00-04:00,105.5,106.0,103.0,103.0,88,0.0,0.0
2022-09-16 00:00:00-04:00,101.5,103.5,101.5,103.0,52,0.0,0.0
2022-09-19 00:00:00-04:00,102.0,109.5,98.0,98.0,232,0.0,0.0
2022-09-20 00:00:00-04:00,99.0,101.5,95.0,95.0,80,0.0,0.0
2022-09-21 00:00:00-04:00,162.5,176.0,107.5,116.5,924046,0.0,0.0
2022-09-22 00:00:00-04:00,105.5,125.0,105.0,121.5,15082,0.0,0.0
2022-09-23 00:00:00-04:00,120.0,153.5,114.5999984741211,145.5,21966,0.0,0.0
2022-09-26 00:00:00-04:00,140.0,146.0,130.0,137.5,3482,0.0,0.0
2022-09-27 00:00:00-04:00,132.0,138.9499969482422,114.0,120.0,4266,0.0,0.0
2022-09-28 00:00:00-04:00,114.5,143.5,109.0,138.5,5158,0.0,0.0
2022-09-29 00:00:00-04:00,139.0,139.0,129.0,135.0,930,0.0,0.0
2022-09-30 00:00:00-04:00,131.5,142.5,130.0,131.5,5328,0.0,0.0
2022-10-03 00:00:00-04:00,131.5,140.0,125.5,131.0,4916,0.0,0.0
2022-10-04 00:00:00-04:00,126.0,155.0,126.0,149.0,7058,0.0,0.0
2022-10-05 00:00:00-04:00,150.0,150.0,137.5,149.5,1462,0.0,0.0
2022-10-06 00:00:00-04:00,147.0,147.0,140.0500030517578,144.5,390,0.0,0.0
2022-10-07 00:00:00-04:00,141.5,148.85000610351562,139.0,140.0,1612,0.0,0.0
2022-10-10 00:00:00-04:00,143.0,143.5,137.5,141.25,1210,0.0,0.0
2022-10-11 00:00:00-04:00,141.5,142.5,130.0,136.5,6260,0.0,0.0
2022-10-12 00:00:00-04:00,141.0,141.5,132.0,141.5,1090,0.0,0.0
2022-10-13 00:00:00-04:00,137.5,146.0,135.14999389648438,139.5,2452,0.0,0.0
2022-10-14 00:00:00-04:00,140.75,150.0,135.5500030517578,146.0,644,0.0,0.0
2022-10-17 00:00:00-04:00,141.5,146.0,139.5,144.5,374,0.0,0.0
2022-10-18 00:00:00-04:00,142.5,146.5,142.5,146.5,182,0.0,0.0
2022-10-19 00:00:00-04:00,142.1999969482422,151.89999389648438,142.0,151.0,2378,0.0,0.0
2022-10-20 00:00:00-04:00,152.5,152.5,144.5500030517578,148.5,438,0.0,0.0
2022-10-21 00:00:00-04:00,147.14999389648438,148.5,142.5,143.0,234,0.0,0.0
2022-10-24 00:00:00-04:00,142.5,142.5,130.0,130.0,1202,0.0,0.0
2022-10-25 00:00:00-04:00,132.0,134.0,131.0,132.0,286,0.0,0.0
2022-10-26 00:00:00-04:00,131.5,134.85000610351562,128.0,134.5,382,0.0,0.0
2022-10-27 00:00:00-04:00,131.0,136.0,131.0,131.75,170,0.0,0.0
2022-10-28 00:00:00-04:00,128.5,134.5,128.5,134.5,256,0.0,0.0
2022-10-31 00:00:00-04:00,131.0,134.5,127.5,130.0,112,0.0,0.0
2022-11-01 00:00:00-04:00,127.5,131.0,124.0,125.0,294,0.0,0.0
2022-11-02 00:00:00-04:00,130.0,130.0,125.0,127.0,316,0.0,0.0
2022-11-03 00:00:00-04:00,125.0,126.5,125.0,125.0,254,0.0,0.0
2022-11-04 00:00:00-04:00,130.0,130.0,120.0,121.5,442,0.0,0.0
2022-11-07 00:00:00-05:00,120.0,122.5,117.5,117.5,188,0.0,0.0
2022-11-08 00:00:00-05:00,117.5,121.0,112.5,117.5,270,0.0,0.0
2022-11-09 00:00:00-05:00,120.5,122.0,109.0,109.0,600,0.0,0.0
2022-11-10 00:00:00-05:00,111.5,121.0,107.5,116.0,858,0.0,0.0
2022-11-11 00:00:00-05:00,120.5,120.5,109.5,116.5,466,0.0,0.0
2022-11-14 00:00:00-05:00,118.0,118.5,112.5,115.5,208,0.0,0.0
2022-11-15 00:00:00-05:00,115.0,121.0,115.0,118.0,354,0.0,0.0
2022-11-16 00:00:00-05:00,115.0,115.0,107.75,110.5,528,0.0,0.0
2022-11-17 00:00:00-05:00,112.5,121.0,108.5,115.5,420,0.0,0.0
2022-11-18 00:00:00-05:00,115.5,115.55000305175781,107.5,111.5,538,0.0,0.0
2022-11-21 00:00:00-05:00,111.5,116.0,111.5,112.3499984741211,68,0.0,0.0
2022-11-22 00:00:00-05:00,111.0,111.0,105.0,107.5,454,0.0,0.0
2022-11-23 00:00:00-05:00,107.5,111.5,105.0,106.25,120,0.0,0.0
2022-11-25 00:00:00-05:00,105.5,109.5,105.0,105.0,138,0.0,0.0
2022-11-28 00:00:00-05:00,111.5,114.75,105.19999694824219,110.4000015258789,704,0.0,0.0
2022-11-29 00:00:00-05:00,112.5,120.5,107.0,107.5,484,0.0,0.0
2022-11-30 00:00:00-05:00,107.5,110.5,107.0,109.0,194,0.0,0.0
2022-12-01 00:00:00-05:00,107.0,119.69999694824219,107.0,111.5,74,0.0,0.0
2022-12-02 00:00:00-05:00,109.75,114.0999984741211,108.0,111.0,340,0.0,0.0
2022-12-05 00:00:00-05:00,115.5,116.0,107.5,109.0,446,0.0,0.0
2022-12-06 00:00:00-05:00,122.0,122.0,105.0,105.0,332,0.0,0.0
2022-12-07 00:00:00-05:00,118.5,118.5,101.0,104.5,902,0.0,0.0
2022-12-08 00:00:00-05:00,100.0,106.05000305175781,100.0,101.0,736,0.0,0.0
2022-12-09 00:00:00-05:00,100.0,106.0,95.0,95.0,626,0.0,0.0
2022-12-12 00:00:00-05:00,95.0,114.0,84.0,85.0,1188,0.0,0.0
2022-12-13 00:00:00-05:00,89.5,105.0,89.25,101.0,1560,0.0,0.0
2022-12-14 00:00:00-05:00,95.0,100.0,90.0,97.75,864,0.0,0.0
2022-12-15 00:00:00-05:00,95.0,102.5,95.0,100.0,628,0.0,0.0
2022-12-16 00:00:00-05:00,96.0,103.75,93.5,97.5,520,0.0,0.0
2022-12-19 00:00:00-05:00,95.0,95.0,89.5,92.25,416,0.0,0.0
2022-12-20 00:00:00-05:00,89.5,94.5,86.5,92.25,518,0.0,0.0
2022-12-21 00:00:00-05:00,94.5,94.5,90.5,90.5,82,0.0,0.0
2022-12-22 00:00:00-05:00,93.0,93.0,89.05000305175781,90.0,752,0.0,0.0
2022-12-23 00:00:00-05:00,92.5,92.5,85.5999984741211,86.5,726,0.0,0.0
2022-12-27 00:00:00-05:00,86.5,93.0,86.0,89.5,556,0.0,0.0
2022-12-28 00:00:00-05:00,87.0,93.0,84.5,86.5,848,0.0,0.0
2022-12-29 00:00:00-05:00,87.0,92.5,86.0,88.3499984741211,12552,0.0,0.0
2022-12-30 00:00:00-05:00,106.5,107.5,85.5,88.75,42752,0.0,0.0
2023-01-03 00:00:00-05:00,104.5,107.0,85.5,87.0,136114,0.0,0.0
2023-01-04 00:00:00-05:00,82.5,92.0,81.0,87.5,13192,0.0,0.0
2023-01-05 00:00:00-05:00,92.0,92.0,82.5,85.0,3466,0.0,0.0
2023-01-06 00:00:00-05:00,83.5,84.5,70.5,80.5,7608,0.0,0.0
2023-01-09 00:00:00-05:00,78.5,83.5,78.5,81.5,2604,0.0,0.0
2023-01-10 00:00:00-05:00,80.5,82.5,77.5,79.5,2258,0.0,0.0
2023-01-11 00:00:00-05:00,81.0,82.5,79.5,81.0,2006,0.0,0.0
2023-01-12 00:00:00-05:00,80.0,81.75,76.0,79.0,2154,0.0,0.0
2023-01-13 00:00:00-05:00,80.5,80.5,76.0,77.5,1494,0.0,0.0
2023-01-17 00:00:00-05:00,82.0,82.0,76.0,78.75,2004,0.0,0.0
2023-01-18 00:00:00-05:00,80.5,82.0,77.5,80.0,2186,0.0,0.0
2023-01-19 00:00:00-05:00,94.0,96.0,78.0,85.0,103738,0.0,0.0
2023-01-20 00:00:00-05:00,85.0,85.5,80.5,83.0,10972,0.0,0.0
2023-01-23 00:00:00-05:00,80.0,82.5,78.0,81.5,5966,0.0,0.0
2023-01-24 00:00:00-05:00,81.0,82.0,78.0,80.0,3372,0.0,0.0
2023-01-25 00:00:00-05:00,79.0,80.0,75.5,79.0,2664,0.0,0.0
2023-01-26 00:00:00-05:00,79.5,80.0,75.5,79.0,1108,0.0,0.0
2023-01-27 00:00:00-05:00,79.0,81.5,77.1500015258789,80.5,3252,0.0,0.0
2023-01-30 00:00:00-05:00,79.5,81.5,78.0,80.0,1990,0.0,0.0
2023-01-31 00:00:00-05:00,79.0,82.5,78.55000305175781,80.5,3508,0.0,0.0
2023-02-01 00:00:00-05:00,80.5,83.94999694824219,80.0,82.5,3610,0.0,0.0
2023-02-02 00:00:00-05:00,81.5,87.5,81.5,86.5,3140,0.0,0.0
2023-02-03 00:00:00-05:00,87.0,87.94999694824219,85.0,87.0,1668,0.0,0.0
2023-02-06 00:00:00-05:00,86.5,91.94999694824219,84.5,90.0,7218,0.0,0.0
2023-02-07 00:00:00-05:00,91.0,91.0,88.0,89.0,1134,0.0,0.0
2023-02-08 00:00:00-05:00,105.5,105.5,84.0,88.0,313390,0.0,0.0
2023-02-09 00:00:00-05:00,87.5,92.5,83.5,84.5,14564,0.0,0.0
2023-02-10 00:00:00-05:00,83.0,86.0,77.0,84.5,9254,0.0,0.0
2023-02-13 00:00:00-05:00,83.0,84.5,78.0,78.0,3168,0.0,0.0
2023-02-14 00:00:00-05:00,79.0,79.0,75.25,77.5,2242,0.0,0.0
2023-02-15 00:00:00-05:00,76.5,79.0,75.5,78.5,1536,0.0,0.0
2023-02-16 00:00:00-05:00,79.0,79.0,76.5,77.5,886,0.0,0.0
2023-02-17 00:00:00-05:00,77.0,78.5,76.5,78.44999694824219,1248,0.0,0.0
2023-02-21 00:00:00-05:00,78.5,80.0,74.0,76.0,2062,0.0,0.0
2023-02-22 00:00:00-05:00,76.5,79.5,75.0,77.5,1582,0.0,0.0
2023-02-23 00:00:00-05:00,76.5,80.5,76.5,78.5,1494,0.0,0.0
2023-02-24 00:00:00-05:00,78.5,78.5,75.5,76.5,964,0.0,0.0
2023-02-27 00:00:00-05:00,76.0,78.0,74.0,76.0,1214,0.0,0.0
2023-02-28 00:00:00-05:00,74.5,79.0,74.5,77.0,608,0.0,0.0
2023-03-01 00:00:00-05:00,76.5,77.5,72.5,73.25,1514,0.0,0.0
2023-03-02 00:00:00-05:00,70.5,72.5,68.0,71.75,2586,0.0,0.0
2023-03-03 00:00:00-05:00,69.5,72.94999694824219,65.0,65.5,5874,0.0,0.0
2023-03-06 00:00:00-05:00,66.0,67.5,59.0,61.0,3584,0.0,0.0
2023-03-07 00:00:00-05:00,61.0,65.0,58.5,59.0,2462,0.0,0.0
2023-03-08 00:00:00-05:00,59.0,59.0,52.5,56.0,5066,0.0,0.0
2023-03-09 00:00:00-05:00,56.0,59.5,54.5,58.5,1364,0.0,0.0
2023-03-10 00:00:00-05:00,56.5,59.0,52.5,52.5,2686,0.0,0.0
2023-03-13 00:00:00-04:00,53.0,57.0,52.650001525878906,54.0,1520,0.0,0.0
2023-03-14 00:00:00-04:00,55.5,58.0,53.0,55.0,1484,0.0,0.0
2023-03-15 00:00:00-04:00,55.0,56.0,51.0,54.0,1364,0.0,0.0
2023-03-16 00:00:00-04:00,55.0,55.0,51.0,52.0,1542,0.0,0.0
2023-03-17 00:00:00-04:00,54.5,54.5,49.5,51.5,1352,0.0,0.0
2023-03-20 00:00:00-04:00,53.0,53.0,48.5,51.5,1282,0.0,0.0
2023-03-21 00:00:00-04:00,50.0,52.5,48.5,52.0,898,0.0,0.0
2023-03-22 00:00:00-04:00,50.0,63.5,49.5,63.5,2872,0.0,0.0
2023-03-23 00:00:00-04:00,67.0,68.5,52.0,58.0,6498,0.0,0.0
2023-03-24 00:00:00-04:00,56.5,62.0,56.5,62.0,694,0.0,0.0
2023-03-27 00:00:00-04:00,62.5,62.5,56.5,60.5,1042,0.0,0.0
2023-03-28 00:00:00-04:00,59.5,62.0,46.0,53.0,3682,0.0,0.0
2023-03-29 00:00:00-04:00,52.5,52.5,51.0,52.5,758,0.0,0.0
2023-03-30 00:00:00-04:00,52.5,55.0,51.5,53.75,538,0.0,0.0
2023-03-31 00:00:00-04:00,55.5,58.0,53.0,56.5,1228,0.0,0.0
2023-04-03 00:00:00-04:00,59.0,59.0,55.5,57.0,380,0.0,0.0
2023-04-04 00:00:00-04:00,57.5,59.0,57.0,59.0,446,0.0,0.0
2023-04-05 00:00:00-04:00,60.0,61.0,57.5,58.5,736,0.0,0.0
2023-04-06 00:00:00-04:00,58.5,60.0,56.0,57.5,406,0.0,0.0
2023-04-10 00:00:00-04:00,57.5,59.5,56.0,59.0,580,0.0,0.0
2023-04-11 00:00:00-04:00,59.5,59.54999923706055,56.0,58.5,1302,0.0,0.0
2023-04-12 00:00:00-04:00,57.0,58.5,55.0,56.0,984,0.0,0.0
2023-04-13 00:00:00-04:00,57.0,72.5,54.5,60.5,7302,0.0,0.0
2023-04-14 00:00:00-04:00,62.5,78.0,58.95000076293945,78.0,8864,0.0,0.0
2023-04-17 00:00:00-04:00,78.0,92.0,70.0,87.0,9496,0.0,0.0
2023-04-18 00:00:00-04:00,82.0,90.0,71.0,77.5,7448,0.0,0.0
2023-04-19 00:00:00-04:00,78.0,78.0,68.0,72.5,1694,0.0,0.0
2023-04-20 00:00:00-04:00,68.5,82.5,65.5,67.5,1314,0.0,0.0
2023-04-21 00:00:00-04:00,69.5,74.5,68.5,74.0,906,0.0,0.0
2023-04-24 00:00:00-04:00,74.5,76.5,68.0,70.0,1228,0.0,0.0
2023-04-25 00:00:00-04:00,70.0,70.0,65.5,65.5,348,0.0,0.0
2023-04-26 00:00:00-04:00,64.0,68.0,63.0,64.0,1050,0.0,0.0
2023-04-27 00:00:00-04:00,63.5,67.0,63.5,64.0,528,0.0,0.0
2023-04-28 00:00:00-04:00,64.5,65.5,61.0,63.0,780,0.0,0.0
2023-05-01 00:00:00-04:00,62.0,69.5,62.0,63.5,1000,0.0,0.0
2023-05-02 00:00:00-04:00,64.5,65.0,63.0,64.5,314,0.0,0.0
2023-05-03 00:00:00-04:00,65.0,67.5,62.5,64.0,926,0.0,0.0
2023-05-04 00:00:00-04:00,64.0,66.5,64.0,65.5,516,0.0,0.0
2023-05-05 00:00:00-04:00,65.5,69.5,62.5,66.0,520,0.0,0.0
2023-05-08 00:00:00-04:00,68.0,74.0,67.3499984741211,74.0,1160,0.0,0.0
2023-05-09 00:00:00-04:00,71.0,75.0,70.0,75.0,1088,0.0,0.0
2023-05-10 00:00:00-04:00,76.5,85.5,76.0,84.0,5542,0.0,0.0
2023-05-11 00:00:00-04:00,84.5,86.0,77.5,78.0,1182,0.0,0.0
2023-05-12 00:00:00-04:00,80.0,82.44999694824219,75.0,79.0,504,0.0,0.0
2023-05-15 00:00:00-04:00,78.5,80.0,75.05000305175781,78.5,456,0.0,0.0
2023-05-16 00:00:00-04:00,78.0,84.0,77.5,81.0,832,0.0,0.0
2023-05-17 00:00:00-04:00,82.5,83.0,81.3499984741211,82.5,166,0.0,0.0
2023-05-18 00:00:00-04:00,81.5,86.5,79.5,86.0,1508,0.0,0.0
2023-05-19 00:00:00-04:00,85.5,89.0,85.0,87.0,1108,0.0,0.0
2023-05-22 00:00:00-04:00,89.0,89.0,84.5,85.0,698,0.0,0.0
2023-05-23 00:00:00-04:00,85.5,85.5,82.0,84.0,506,0.0,0.0
2023-05-24 00:00:00-04:00,82.5,84.0,75.5,78.5,762,0.0,0.0
2023-05-25 00:00:00-04:00,78.0,80.5,76.1500015258789,80.5,3422,0.0,0.0
2023-05-26 00:00:00-04:00,76.0,80.5,74.5,77.5,1894,0.0,0.0
2023-05-30 00:00:00-04:00,80.0,81.44999694824219,75.0,78.0,726,0.0,0.0
2023-05-31 00:00:00-04:00,74.5,81.5,70.0,76.0,1392,0.0,0.0
2023-06-01 00:00:00-04:00,76.0,77.0,71.0,74.5,482,0.0,0.0
2023-06-02 00:00:00-04:00,78.0,78.0,73.0,74.0,238,0.0,0.0
2023-06-05 00:00:00-04:00,91.0,92.5,70.0,76.5,193150,0.0,0.0
2023-06-06 00:00:00-04:00,72.5,79.0,68.25,70.5,8770,0.0,0.0
2023-06-07 00:00:00-04:00,71.0,71.0,68.0,69.0,2546,0.0,0.0
2023-06-08 00:00:00-04:00,67.5,71.0,66.0,69.0,2780,0.0,0.0
2023-06-09 00:00:00-04:00,69.5,69.5,63.0,65.0,3066,0.0,0.0
2023-06-12 00:00:00-04:00,65.0,66.5,64.5,65.75,1762,0.0,0.0
2023-06-13 00:00:00-04:00,66.0,67.5,65.0,66.75,2212,0.0,0.0
2023-06-14 00:00:00-04:00,68.0,68.0,62.0,65.0,1830,0.0,0.0
2023-06-15 00:00:00-04:00,66.5,67.5,64.0,64.5,1818,0.0,0.0
2023-06-16 00:00:00-04:00,65.0,67.0,65.0,65.5,1292,0.0,0.0
2023-06-20 00:00:00-04:00,67.0,67.25,62.5,63.5,1170,0.0,0.0
2023-06-21 00:00:00-04:00,64.5,66.0,61.5,64.0,822,0.0,0.0
2023-06-22 00:00:00-04:00,62.5,63.0,59.0,62.0,854,0.0,0.0
2023-06-23 00:00:00-04:00,59.5,63.0,59.0,61.5,1148,0.0,0.0
2023-06-26 00:00:00-04:00,62.0,62.0,58.5,60.5,1190,0.0,0.0
2023-06-27 00:00:00-04:00,60.5,63.5,59.0,62.5,970,0.0,0.0
2023-06-28 00:00:00-04:00,59.5,63.5,59.0,63.0,650,0.0,0.0
2023-06-29 00:00:00-04:00,62.5,62.5,60.849998474121094,62.5,1098,0.0,0.0
2023-06-30 00:00:00-04:00,62.5,66.5,61.0,65.5,488,0.0,0.0
2023-07-03 00:00:00-04:00,62.5,65.5,62.0,65.0,310,0.0,0.0
2023-07-05 00:00:00-04:00,65.0,66.5,63.650001525878906,65.5,658,0.0,0.0
2023-07-06 00:00:00-04:00,64.75,66.5,60.5,61.0,1556,0.0,0.0
2023-07-07 00:00:00-04:00,61.0,66.0,61.0,64.5,186,0.0,0.0
2023-07-10 00:00:00-04:00,62.0,67.5,61.5,65.5,714,0.0,0.0
2023-07-11 00:00:00-04:00,65.5,66.0,63.5,65.0,438,0.0,0.0
2023-07-12 00:00:00-04:00,67.5,67.69999694824219,64.5,65.0,588,0.0,0.0
2023-07-13 00:00:00-04:00,65.5,67.5,64.0,66.5,1188,0.0,0.0
2023-07-14 00:00:00-04:00,65.0,66.0,62.45000076293945,63.0,384,0.0,0.0
2023-07-17 00:00:00-04:00,65.0,65.5,62.0,63.0,678,0.0,0.0
2023-07-18 00:00:00-04:00,64.0,64.0,60.5,63.5,458,0.0,0.0
2023-07-19 00:00:00-04:00,63.0,64.0,61.5,62.5,658,0.0,0.0
2023-07-20 00:00:00-04:00,62.0,62.0,60.0,61.5,286,0.0,0.0
2023-07-21 00:00:00-04:00,62.0,62.5,61.0,62.0,134,0.0,0.0
2023-07-24 00:00:00-04:00,61.0,63.0,59.599998474121094,63.0,1158,0.0,0.0
2023-07-25 00:00:00-04:00,62.5,64.5,60.5,62.5,366,0.0,0.0
2023-07-26 00:00:00-04:00,62.5,64.5,61.0,62.0,720,0.0,0.0
2023-07-27 00:00:00-04:00,61.0,63.5,59.5,61.5,500,0.0,0.0
2023-07-28 00:00:00-04:00,60.5,63.5,60.5,63.5,136,0.0,0.0
2023-07-31 00:00:00-04:00,62.0,69.0999984741211,61.0,62.0,1752,0.0,0.0
2023-08-01 00:00:00-04:00,61.5,65.0,61.0,63.0,436,0.0,0.0
2023-08-02 00:00:00-04:00,64.0,64.5,61.0,61.5,372,0.0,0.0
2023-08-03 00:00:00-04:00,62.5,62.5,60.5,61.5,614,0.0,0.0
2023-08-04 00:00:00-04:00,62.5,62.5,57.5,59.5,502,0.0,0.0
2023-08-07 00:00:00-04:00,60.0,60.0,46.54999923706055,50.0,4094,0.0,0.0
2023-08-08 00:00:00-04:00,53.5,58.099998474121094,46.75,49.0,8966,0.0,0.0
2023-08-09 00:00:00-04:00,52.5,53.5,49.5,51.5,1208,0.0,0.0
2023-08-10 00:00:00-04:00,51.5,53.0,51.5,52.900001525878906,264,0.0,0.0
2023-08-11 00:00:00-04:00,53.0,53.45000076293945,50.29999923706055,53.0,466,0.0,0.0
2023-08-14 00:00:00-04:00,53.5,53.5,50.0,51.5,254,0.0,0.0
2023-08-15 00:00:00-04:00,51.5,52.0,50.5,50.650001525878906,186,0.0,0.0
2023-08-16 00:00:00-04:00,50.5,52.0,50.0,50.5,1000,0.0,0.0
2023-08-17 00:00:00-04:00,50.5,51.20000076293945,47.5,50.0,700,0.0,0.0
2023-08-18 00:00:00-04:00,48.0,50.0,42.5,46.0,2696,0.0,0.0
2023-08-21 00:00:00-04:00,47.5,48.25,43.5,48.25,986,0.0,0.0
2023-08-22 00:00:00-04:00,47.0,49.0,45.5,49.0,696,0.0,0.0
2023-08-23 00:00:00-04:00,46.5,49.0,46.0,49.0,394,0.0,0.0
2023-08-24 00:00:00-04:00,49.0,49.0,45.0,47.29999923706055,670,0.0,0.0
2023-08-25 00:00:00-04:00,45.5,47.599998474121094,45.0,45.0,272,0.0,0.0
2023-08-28 00:00:00-04:00,45.0,46.0,42.79999923706055,44.0,1004,0.0,0.0
2023-08-29 00:00:00-04:00,45.0,45.0,38.0,44.849998474121094,2914,0.0,0.0
2023-08-30 00:00:00-04:00,43.54999923706055,44.5,42.5,42.5,696,0.0,0.0
2023-08-31 00:00:00-04:00,43.900001525878906,44.5,41.25,41.5,430,0.0,0.0
2023-09-01 00:00:00-04:00,42.5,43.0,40.0,40.54999923706055,654,0.0,0.0
2023-09-05 00:00:00-04:00,45.0,45.0,38.0,40.0,2260,0.0,0.0
2023-09-06 00:00:00-04:00,40.5,40.5,37.5,38.75,956,0.0,0.0
2023-09-07 00:00:00-04:00,38.5,39.5,35.5,35.54999923706055,1524,0.0,0.0
2023-09-08 00:00:00-04:00,37.0,37.0,33.5,34.099998474121094,1046,0.0,0.0
2023-09-11 00:00:00-04:00,35.0,39.04999923706055,31.75,39.04999923706055,8022,0.0,0.0
2023-09-12 00:00:00-04:00,40.0,40.04999923706055,37.5,39.349998474121094,1522,0.0,0.0
2023-09-13 00:00:00-04:00,39.5,39.95000076293945,36.5,37.5,740,0.0,0.0
2023-09-14 00:00:00-04:00,36.45000076293945,37.79999923706055,36.45000076293945,36.5,262,0.0,0.0
2023-09-15 00:00:00-04:00,36.900001525878906,38.29999923706055,32.5,37.599998474121094,1876,0.0,0.0
2023-09-18 00:00:00-04:00,36.5,39.5,29.549999237060547,29.899999618530273,8310,0.0,0.0
2023-09-19 00:00:00-04:00,30.0,33.5,23.5,24.0,9224,0.0,0.0
2023-09-20 00:00:00-04:00,27.649999618530273,36.0,27.0,34.0,32542,0.0,0.0
2023-09-21 00:00:00-04:00,36.0,45.5,32.5,37.5,23246,0.0,0.0
2023-09-22 00:00:00-04:00,41.0,41.79999923706055,38.04999923706055,38.349998474121094,4514,0.0,0.0
2023-09-25 00:00:00-04:00,38.5,38.900001525878906,34.0,36.900001525878906,1064,0.0,0.0
2023-09-26 00:00:00-04:00,38.0,39.5,34.349998474121094,39.5,3332,0.0,0.0
2023-09-27 00:00:00-04:00,41.0,44.0,37.5,41.95000076293945,1406,0.0,0.0
2023-09-28 00:00:00-04:00,46.0,46.0,40.5,42.5,732,0.0,0.0
2023-09-29 00:00:00-04:00,44.95000076293945,44.95000076293945,40.54999923706055,41.650001525878906,2228,0.0,0.0
2023-10-02 00:00:00-04:00,44.0,44.0,40.75,42.95000076293945,1278,0.0,0.0
2023-10-03 00:00:00-04:00,44.0,44.0,41.04999923706055,43.45000076293945,670,0.0,0.0
2023-10-04 00:00:00-04:00,43.45000076293945,44.0,43.0,44.0,1134,0.0,0.0
2023-10-05 00:00:00-04:00,42.5,44.0,42.0,44.0,590,0.0,0.0
2023-10-06 00:00:00-04:00,44.0,44.0,40.54999923706055,43.150001525878906,1242,0.0,0.0
2023-10-09 00:00:00-04:00,41.5,43.5,41.099998474121094,42.349998474121094,734,0.0,0.0
2023-10-10 00:00:00-04:00,41.650001525878906,43.5,41.099998474121094,42.5,472,0.0,0.0
2023-10-11 00:00:00-04:00,41.20000076293945,43.45000076293945,40.04999923706055,42.95000076293945,476,0.0,0.0
2023-10-12 00:00:00-04:00,42.5,43.0,40.04999923706055,41.25,1068,0.0,0.0
2023-10-13 00:00:00-04:00,40.75,42.5,40.75,42.45000076293945,460,0.0,0.0
2023-10-16 00:00:00-04:00,40.79999923706055,42.75,40.79999923706055,42.75,198,0.0,0.0
2023-10-17 00:00:00-04:00,42.25,43.0,39.0,43.0,588,0.0,0.0
2023-10-18 00:00:00-04:00,41.25,43.0,40.0,41.45000076293945,242,0.0,0.0
2023-10-19 00:00:00-04:00,41.45000076293945,43.0,40.0,40.349998474121094,742,0.0,0.0
2023-10-20 00:00:00-04:00,39.900001525878906,42.5,39.900001525878906,42.099998474121094,152,0.0,0.0
2023-10-23 00:00:00-04:00,39.0,40.099998474121094,35.04999923706055,37.5,778,0.0,0.0
2023-10-24 00:00:00-04:00,37.5,39.20000076293945,32.45000076293945,35.5,482,0.0,0.0
2023-10-25 00:00:00-04:00,37.79999923706055,37.79999923706055,33.5,34.0,310,0.0,0.0
2023-10-26 00:00:00-04:00,37.5,41.0,34.5,41.0,4318,0.0,0.0
2023-10-27 00:00:00-04:00,41.5,41.5,38.5,40.0,1688,0.0,0.0
2023-10-30 00:00:00-04:00,41.5,47.5,41.5,46.75,1806,0.0,0.0
2023-10-31 00:00:00-04:00,49.0,62.5,47.5,56.0,23958,0.0,0.0
2023-11-01 00:00:00-04:00,59.5,59.5,51.5,54.0,2460,0.0,0.0
2023-11-02 00:00:00-04:00,53.0,57.0,50.0,55.0,1194,0.0,0.0
2023-11-03 00:00:00-04:00,54.5,58.5,52.5,57.0,1952,0.0,0.0
2023-11-06 00:00:00-05:00,60.0,60.0,55.0,55.5,2666,0.0,0.0
2023-11-07 00:00:00-05:00,60.0,60.0,56.0,58.5,1078,0.0,0.0
2023-11-08 00:00:00-05:00,58.0,58.0,51.5,52.5,1824,0.0,0.0
2023-11-09 00:00:00-05:00,50.0,51.5,35.79999923706055,36.79999923706055,4150,0.0,0.0
2023-11-10 00:00:00-05:00,35.0,37.5,34.5,37.5,1164,0.0,0.0
2023-11-13 00:00:00-05:00,36.75,36.75,33.150001525878906,34.45000076293945,1988,0.0,0.0
2023-11-14 00:00:00-05:00,34.0,39.0,34.0,35.70000076293945,904,0.0,0.0
2023-11-15 00:00:00-05:00,37.5,38.0,35.54999923706055,37.25,2486,0.0,0.0
2023-11-16 00:00:00-05:00,36.150001525878906,39.0,36.150001525878906,37.5,2032,0.0,0.0
2023-11-17 00:00:00-05:00,39.29999923706055,39.29999923706055,36.349998474121094,36.5,258,0.0,0.0
2023-11-20 00:00:00-05:00,42.5,42.5,38.349998474121094,38.349998474121094,1236,0.0,0.0
2023-11-21 00:00:00-05:00,40.45000076293945,42.45000076293945,35.0,40.20000076293945,2220,0.0,0.0
2023-11-22 00:00:00-05:00,38.400001525878906,40.0,38.400001525878906,40.0,190,0.0,0.0
2023-11-24 00:00:00-05:00,39.400001525878906,43.0,37.5,43.0,334,0.0,0.0
2023-11-27 00:00:00-05:00,41.900001525878906,42.5,38.849998474121094,40.5,362,0.0,0.0
2023-11-28 00:00:00-05:00,40.0,42.900001525878906,39.599998474121094,39.599998474121094,5346,0.0,0.0
2023-11-29 00:00:00-05:00,38.400001525878906,41.0,38.25,39.0,684,0.0,0.0
2023-11-30 00:00:00-05:00,41.0,44.54999923706055,36.0,39.95000076293945,5784,0.0,0.0
2023-12-01 00:00:00-05:00,41.0,41.0,38.599998474121094,41.0,870,0.0,0.0
2023-12-04 00:00:00-05:00,40.5,41.20000076293945,37.5,41.0,932,0.0,0.0
2023-12-05 00:00:00-05:00,38.5,38.5,27.350000381469727,30.0,15638,0.0,0.0
2023-12-06 00:00:00-05:00,32.0,34.0,31.0,34.0,2052,0.0,0.0
2023-12-07 00:00:00-05:00,33.0,34.45000076293945,31.0,34.45000076293945,876,0.0,0.0
2023-12-08 00:00:00-05:00,34.0,34.75,31.0,34.75,836,0.0,0.0
2023-12-11 00:00:00-05:00,33.0,35.0,31.0,34.95000076293945,1424,0.0,0.0
2023-12-12 00:00:00-05:00,33.0,34.349998474121094,32.54999923706055,33.0,566,0.0,0.0
2023-12-13 00:00:00-05:00,34.45000076293945,34.849998474121094,33.0,34.0,504,0.0,0.0
2023-12-14 00:00:00-05:00,33.5,35.0,33.04999923706055,34.25,796,0.0,0.0
2023-12-15 00:00:00-05:00,33.0,34.25,33.0,33.0,664,0.0,0.0
2023-12-18 00:00:00-05:00,33.0,34.5,32.04999923706055,32.04999923706055,582,0.0,0.0
2023-12-19 00:00:00-05:00,34.5,35.0,31.049999237060547,31.100000381469727,2862,0.0,0.0
2023-12-20 00:00:00-05:00,33.0,34.0,31.5,33.25,1488,0.0,0.0
2023-12-21 00:00:00-05:00,33.5,34.599998474121094,33.0,34.45000076293945,852,0.0,0.0
2023-12-22 00:00:00-05:00,34.349998474121094,35.5,33.900001525878906,35.5,1950,0.0,0.0
2023-12-26 00:00:00-05:00,35.25,36.0,35.25,35.25,660,0.0,0.0
2023-12-27 00:00:00-05:00,34.599998474121094,35.0,33.5,35.0,806,0.0,0.0
2023-12-28 00:00:00-05:00,34.0,35.75,34.0,35.0,590,0.0,0.0
2023-12-29 00:00:00-05:00,34.5,35.5,33.650001525878906,34.29999923706055,1076,0.0,0.0
2024-01-02 00:00:00-05:00,40.95000076293945,40.95000076293945,33.5,36.5,870,0.0,0.0
2024-01-03 00:00:00-05:00,35.900001525878906,38.0,35.0,36.95000076293945,384,0.0,0.0
2024-01-04 00:00:00-05:00,36.5,38.5,35.0,38.5,906,0.0,0.0
2024-01-05 00:00:00-05:00,38.5,38.5,36.5,37.95000076293945,372,0.0,0.0
2024-01-08 00:00:00-05:00,40.0,40.0,36.5,38.349998474121094,904,0.0,0.0
2024-01-09 00:00:00-05:00,34.20000076293945,39.0,34.20000076293945,36.04999923706055,1360,0.0,0.0
2024-01-10 00:00:00-05:00,35.5,38.5,35.5,37.70000076293945,1488,0.0,0.0
2024-01-11 00:00:00-05:00,37.849998474121094,39.5,36.0,37.45000076293945,522,0.0,0.0
2024-01-12 00:00:00-05:00,37.5,41.45000076293945,37.349998474121094,39.95000076293945,658,0.0,0.0
2024-01-16 00:00:00-05:00,40.0,42.0,38.0,39.75,3284,0.0,0.0
2024-01-17 00:00:00-05:00,39.5,43.79999923706055,37.5,38.29999923706055,1694,0.0,0.0
2024-01-18 00:00:00-05:00,38.0,41.849998474121094,35.04999923706055,36.95000076293945,1880,0.0,0.0
2024-01-19 00:00:00-05:00,37.0,37.0,32.5,33.5,2244,0.0,0.0
2024-01-22 00:00:00-05:00,30.399999618530273,30.5,16.799999237060547,18.30500030517578,42500,0.0,0.1
2024-01-23 00:00:00-05:00,27.75,27.850000381469727,20.75,24.950000762939453,251740,0.0,0.0
2024-01-24 00:00:00-05:00,46.650001525878906,68.05000305175781,41.75,53.25,6586760,0.0,0.0
2024-01-25 00:00:00-05:00,53.25,53.45000076293945,43.79999923706055,47.04999923706055,408020,0.0,0.0
2024-01-26 00:00:00-05:00,42.04999923706055,47.04999923706055,35.900001525878906,36.900001525878906,105500,0.0,0.0
2024-01-29 00:00:00-05:00,35.04999923706055,36.900001525878906,31.799999237060547,32.75,30560,0.0,0.0
2024-01-30 00:00:00-05:00,31.700000762939453,31.950000762939453,28.010000228881836,28.950000762939453,29860,0.0,0.0
2024-01-31 00:00:00-05:00,26.850000381469727,27.5,18.40999984741211,19.649999618530273,133480,0.0,0.0
2024-02-01 00:00:00-05:00,20.049999237060547,26.450000762939453,20.049999237060547,23.0,262280,0.0,0.0
2024-02-02 00:00:00-05:00,23.0,23.450000762939453,20.799999237060547,21.899999618530273,41100,0.0,0.0
2024-02-05 00:00:00-05:00,21.5,22.850000381469727,20.75,21.25,19600,0.0,0.0
2024-02-06 00:00:00-05:00,22.149999618530273,23.700000762939453,21.049999237060547,22.5,37060,0.0,0.0
2024-02-07 00:00:00-05:00,22.5,23.0,21.34000015258789,21.399999618530273,19680,0.0,0.0
2024-02-08 00:00:00-05:00,21.450000762939453,22.700000762939453,19.850000381469727,21.149999618530273,13440,0.0,0.0
2024-02-09 00:00:00-05:00,21.5,22.299999237060547,20.049999237060547,20.100000381469727,14740,0.0,0.0
2024-02-12 00:00:00-05:00,23.0,23.700000762939453,20.049999237060547,21.049999237060547,49380,0.0,0.0
2024-02-13 00:00:00-05:00,20.549999237060547,21.950000762939453,19.649999618530273,20.0,15300,0.0,0.0
2024-02-14 00:00:00-05:00,20.450000762939453,21.950000762939453,20.299999237060547,21.049999237060547,10820,0.0,0.0
2024-02-15 00:00:00-05:00,21.149999618530273,21.950000762939453,19.649999618530273,20.75,10720,0.0,0.0
2024-02-16 00:00:00-05:00,21.100000381469727,21.290000915527344,20.0,20.25,9920,0.0,0.0
2024-02-20 00:00:00-05:00,22.100000381469727,22.5,18.850000381469727,19.950000762939453,88600,0.0,0.0
2024-02-21 00:00:00-05:00,20.100000381469727,20.5,18.799999237060547,19.399999618530273,11820,0.0,0.0
2024-02-22 00:00:00-05:00,19.25,20.270000457763672,18.649999618530273,19.149999618530273,9300,0.0,0.0
2024-02-23 00:00:00-05:00,19.049999237060547,19.450000762939453,18.549999237060547,18.899999618530273,6540,0.0,0.0
2024-02-26 00:00:00-05:00,18.899999618530273,19.739999771118164,18.549999237060547,18.799999237060547,13520,0.0,0.0
2024-02-27 00:00:00-05:00,18.649999618530273,19.299999237060547,17.899999618530273,18.0,14020,0.0,0.0
2024-02-28 00:00:00-05:00,18.200000762939453,18.954999923706055,17.799999237060547,18.299999237060547,7600,0.0,0.0
2024-02-29 00:00:00-05:00,18.399999618530273,18.950000762939453,17.799999237060547,18.0,6060,0.0,0.0
2024-03-01 00:00:00-05:00,18.399999618530273,18.399999618530273,16.90999984741211,16.950000762939453,13520,0.0,0.0
2024-03-04 00:00:00-05:00,17.350000381469727,17.875,15.675000190734863,15.949999809265137,15820,0.0,0.0
2024-03-05 00:00:00-05:00,15.949999809265137,16.25,14.649999618530273,15.100000381469727,14680,0.0,0.0
2024-03-06 00:00:00-05:00,15.600000381469727,15.600000381469727,14.300000190734863,14.5,8640,0.0,0.0
2024-03-07 00:00:00-05:00,14.75,15.654999732971191,14.119999885559082,14.699999809265137,9300,0.0,0.0
2024-03-08 00:00:00-05:00,14.550000190734863,15.800000190734863,14.399999618530273,15.5,10360,0.0,0.0
2024-03-11 00:00:00-04:00,15.949999809265137,16.950000762939453,15.25,15.600000381469727,12580,0.0,0.0
2024-03-12 00:00:00-04:00,16.0,16.25,14.600000381469727,15.100000381469727,6140,0.0,0.0
2024-03-13 00:00:00-04:00,15.100000381469727,15.5,15.0,15.149999618530273,3920,0.0,0.0
2024-03-14 00:00:00-04:00,15.0,15.050000190734863,14.649999618530273,14.75,5380,0.0,0.0
2024-03-15 00:00:00-04:00,14.75,15.345000267028809,14.649999618530273,14.949999809265137,2480,0.0,0.0
2024-03-18 00:00:00-04:00,14.600000381469727,15.399999618530273,14.5,15.399999618530273,4640,0.0,0.0
2024-03-19 00:00:00-04:00,15.0,16.0,14.399999618530273,15.350000381469727,6120,0.0,0.0
2024-03-20 00:00:00-04:00,15.199999809265137,15.399999618530273,14.5,15.149999618530273,5740,0.0,0.0
2024-03-21 00:00:00-04:00,15.149999618530273,15.550000190734863,14.899999618530273,15.25,2440,0.0,0.0
2024-03-22 00:00:00-04:00,15.0,15.25,14.850000381469727,15.25,2920,0.0,0.0
2024-03-25 00:00:00-04:00,15.550000190734863,15.75,14.75,15.5,3120,0.0,0.0
2024-03-26 00:00:00-04:00,15.100000381469727,15.880000114440918,15.0600004196167,15.649999618530273,2000,0.0,0.0
2024-03-27 00:00:00-04:00,15.649999618530273,15.649999618530273,14.5,15.0,5120,0.0,0.0
2024-03-28 00:00:00-04:00,15.0,16.0,15.0,16.0,3440,0.0,0.0
2024-04-01 00:00:00-04:00,16.0,17.229999542236328,15.399999618530273,16.149999618530273,4660,0.0,0.0
2024-04-02 00:00:00-04:00,17.0,19.5,15.75,19.399999618530273,62120,0.0,0.0
2024-04-03 00:00:00-04:00,19.399999618530273,20.9950008392334,17.399999618530273,18.0,32500,0.0,0.0
2024-04-04 00:00:00-04:00,18.549999237060547,19.229999542236328,18.25,18.25,8400,0.0,0.0
2024-04-05 00:00:00-04:00,18.25,19.25,17.950000762939453,18.450000762939453,9040,0.0,0.0
2024-04-08 00:00:00-04:00,18.5,20.549999237060547,18.5,20.450000762939453,17700,0.0,0.0
2024-04-09 00:00:00-04:00,20.0,20.549999237060547,19.25,19.799999237060547,7240,0.0,0.0
2024-04-10 00:00:00-04:00,20.850000381469727,20.850000381469727,19.200000762939453,19.950000762939453,7680,0.0,0.0
2024-04-11 00:00:00-04:00,20.0,20.0,17.600000381469727,19.450000762939453,6840,0.0,0.0
2024-04-12 00:00:00-04:00,19.0,20.649999618530273,19.0,20.5,6180,0.0,0.0
2024-04-15 00:00:00-04:00,19.899999618530273,20.950000762939453,19.28499984741211,20.5,8960,0.0,0.0
2024-04-16 00:00:00-04:00,20.0,20.549999237060547,19.5,20.200000762939453,4980,0.0,0.0
2024-04-17 00:00:00-04:00,20.5,20.75,19.649999618530273,20.549999237060547,5960,0.0,0.0
2024-04-18 00:00:00-04:00,20.549999237060547,21.239999771118164,20.549999237060547,21.100000381469727,7080,0.0,0.0
2024-04-19 00:00:00-04:00,21.200000762939453,22.049999237060547,20.850000381469727,21.549999237060547,6180,0.0,0.0
2024-04-22 00:00:00-04:00,21.799999237060547,21.799999237060547,20.950000762939453,20.950000762939453,1980,0.0,0.0
2024-04-23 00:00:00-04:00,21.399999618530273,21.399999618530273,19.950000762939453,20.700000762939453,5000,0.0,0.0
2024-04-24 00:00:00-04:00,20.899999618530273,20.899999618530273,20.25,20.649999618530273,2040,0.0,0.0
2024-04-25 00:00:00-04:00,20.549999237060547,20.649999618530273,19.25,20.600000381469727,1440,0.0,0.0
2024-04-26 00:00:00-04:00,21.25,21.649999618530273,20.100000381469727,20.899999618530273,5020,0.0,0.0
2024-04-29 00:00:00-04:00,21.549999237060547,21.549999237060547,20.295000076293945,21.450000762939453,3300,0.0,0.0
2024-04-30 00:00:00-04:00,20.649999618530273,21.0,20.350000381469727,20.850000381469727,1920,0.0,0.0
2024-05-01 00:00:00-04:00,20.799999237060547,20.799999237060547,19.549999237060547,19.549999237060547,740,0.0,0.0
2024-05-02 00:00:00-04:00,20.25,20.25,19.450000762939453,19.450000762939453,1520,0.0,0.0
2024-05-03 00:00:00-04:00,19.5,19.950000762939453,19.25,19.75,3200,0.0,0.0
2024-05-06 00:00:00-04:00,19.950000762939453,20.799999237060547,19.350000381469727,19.549999237060547,3880,0.0,0.0
2024-05-07 00:00:00-04:00,19.5,20.299999237060547,18.0,19.549999237060547,4620,0.0,0.0
2024-05-08 00:00:00-04:00,19.549999237060547,19.75,19.049999237060547,19.350000381469727,1980,0.0,0.0
2024-05-09 00:00:00-04:00,19.0,19.204999923706055,18.5,18.850000381469727,580,0.0,0.0
2024-05-10 00:00:00-04:00,18.350000381469727,18.899999618530273,18.25,18.600000381469727,1240,0.0,0.0
2024-05-13 00:00:00-04:00,19.049999237060547,19.094999313354492,18.200000762939453,18.850000381469727,2100,0.0,0.0
2024-05-14 00:00:00-04:00,18.899999618530273,19.5,17.549999237060547,18.600000381469727,2380,0.0,0.0
2024-05-15 00:00:00-04:00,18.649999618530273,19.450000762939453,18.649999618530273,19.350000381469727,2520,0.0,0.0
2024-05-16 00:00:00-04:00,18.799999237060547,19.450000762939453,18.799999237060547,19.149999618530273,1420,0.0,0.0
2024-05-17 00:00:00-04:00,19.0,19.114999771118164,18.600000381469727,18.600000381469727,1360,0.0,0.0
2024-05-20 00:00:00-04:00,18.450000762939453,19.440000534057617,17.799999237060547,18.600000381469727,2180,0.0,0.0
2024-05-21 00:00:00-04:00,17.81999969482422,18.450000762939453,17.799999237060547,17.850000381469727,1360,0.0,0.0
2024-05-22 00:00:00-04:00,17.549999237060547,19.049999237060547,17.350000381469727,19.049999237060547,5200,0.0,0.0
2024-05-23 00:00:00-04:00,18.549999237060547,20.040000915527344,18.049999237060547,19.399999618530273,3740,0.0,0.0
2024-05-24 00:00:00-04:00,19.950000762939453,20.5,18.950000762939453,20.200000762939453,5860,0.0,0.0
2024-05-28 00:00:00-04:00,20.200000762939453,20.809999465942383,19.0049991607666,19.149999618530273,4880,0.0,0.0
2024-05-29 00:00:00-04:00,20.0,20.0,17.75,17.950000762939453,2880,0.0,0.0
2024-05-30 00:00:00-04:00,18.5,19.200000762939453,17.899999618530273,17.9950008392334,3140,0.0,0.0
2024-05-31 00:00:00-04:00,18.5,18.850000381469727,17.5,18.350000381469727,1980,0.0,0.0
2024-06-03 00:00:00-04:00,18.5,19.149999618530273,17.5,17.600000381469727,3580,0.0,0.0
2024-06-04 00:00:00-04:00,17.600000381469727,18.350000381469727,17.049999237060547,17.600000381469727,1580,0.0,0.0
2024-06-05 00:00:00-04:00,17.0,17.600000381469727,17.0,17.25,1040,0.0,0.0
2024-06-06 00:00:00-04:00,17.06999969482422,18.0,17.049999237060547,17.625,3440,0.0,0.0
2024-06-07 00:00:00-04:00,17.649999618530273,19.950000762939453,16.75,16.950000762939453,11300,0.0,0.0
2024-06-10 00:00:00-04:00,17.5,18.899999618530273,16.5,16.600000381469727,4000,0.0,0.0
2024-06-11 00:00:00-04:00,16.5,17.31999969482422,15.899999618530273,16.049999237060547,3580,0.0,0.0
2024-06-12 00:00:00-04:00,16.950000762939453,17.200000762939453,16.25,17.200000762939453,4720,0.0,0.0
2024-06-13 00:00:00-04:00,16.450000762939453,17.399999618530273,16.450000762939453,16.950000762939453,2120,0.0,0.0
2024-06-14 00:00:00-04:00,16.399999618530273,16.950000762939453,15.199999809265137,15.5,6380,0.0,0.0
2024-06-17 00:00:00-04:00,14.600000381469727,14.850000381469727,11.300000190734863,12.350000381469727,234080,0.0,0.0
2024-06-18 00:00:00-04:00,12.899999618530273,14.149999618530273,12.899999618530273,13.350000381469727,10780,0.0,0.0
2024-06-20 00:00:00-04:00,13.649999618530273,14.75,13.5,13.550000190734863,11740,0.0,0.0
2024-06-21 00:00:00-04:00,14.0,14.550000190734863,13.399999618530273,14.199999809265137,2540,0.0,0.0
2024-06-24 00:00:00-04:00,14.199999809265137,14.369999885559082,12.904999732971191,13.449999809265137,2420,0.0,0.0
2024-06-25 00:00:00-04:00,13.550000190734863,14.050000190734863,13.050000190734863,14.050000190734863,1800,0.0,0.0
2024-06-26 00:00:00-04:00,15.0,15.0,13.619999885559082,14.25,8000,0.0,0.0
2024-06-27 00:00:00-04:00,14.350000381469727,14.524999618530273,14.0,14.350000381469727,1820,0.0,0.0
2024-06-28 00:00:00-04:00,13.949999809265137,14.5,13.850000381469727,14.5,1700,0.0,0.0
2024-07-01 00:00:00-04:00,14.0,14.5,13.899999618530273,14.399999618530273,2160,0.0,0.0
2024-07-02 00:00:00-04:00,14.0,14.5,14.0,14.5,1080,0.0,0.0
2024-07-03 00:00:00-04:00,14.5,16.280000686645508,14.34000015258789,15.75,7760,0.0,0.0
2024-07-05 00:00:00-04:00,15.0,16.200000762939453,14.949999809265137,16.049999237060547,4800,0.0,0.0
2024-07-08 00:00:00-04:00,16.350000381469727,16.600000381469727,15.5,16.600000381469727,5440,0.0,0.0
2024-07-09 00:00:00-04:00,16.0,17.145000457763672,15.5,16.649999618530273,1980,0.0,0.0
2024-07-10 00:00:00-04:00,16.649999618530273,16.75,15.149999618530273,15.904999732971191,9080,0.0,0.0
2024-07-11 00:00:00-04:00,15.649999618530273,16.225000381469727,15.024999618530273,16.0,3560,0.0,0.0
2024-07-12 00:00:00-04:00,15.600000381469727,16.75,15.25,16.5,7240,0.0,0.0
2024-07-15 00:00:00-04:00,15.75,16.450000762939453,15.300000190734863,15.744999885559082,3420,0.0,0.0
2024-07-16 00:00:00-04:00,15.449999809265137,16.0,13.850000381469727,15.699999809265137,8580,0.0,0.0
2024-07-17 00:00:00-04:00,15.449999809265137,15.699999809265137,14.4399995803833,14.449999809265137,8980,0.0,0.0
2024-07-18 00:00:00-04:00,14.949999809265137,15.765000343322754,14.0600004196167,14.399999618530273,4420,0.0,0.0
2024-07-19 00:00:00-04:00,14.199999809265137,15.0,13.699999809265137,14.0,4960,0.0,0.0
2024-07-22 00:00:00-04:00,14.5,14.649999618530273,13.199999809265137,13.800000190734863,2760,0.0,0.0
2024-07-23 00:00:00-04:00,13.949999809265137,14.0,12.800000190734863,13.725000381469727,5620,0.0,0.0
2024-07-24 00:00:00-04:00,13.914999961853027,15.449999809265137,13.149999618530273,14.8100004196167,11340,0.0,0.0
2024-07-25 00:00:00-04:00,14.550000190734863,15.670000076293945,14.194999694824219,14.550000190734863,6980,0.0,0.0
2024-07-26 00:00:00-04:00,14.600000381469727,15.600000381469727,14.300000190734863,14.9399995803833,2260,0.0,0.0
2024-07-29 00:00:00-04:00,14.875,15.125,14.199999809265137,15.125,5500,0.0,0.0
2024-07-30 00:00:00-04:00,14.649999618530273,14.649999618530273,13.75,13.75,1020,0.0,0.0
2024-07-31 00:00:00-04:00,14.5,15.199999809265137,13.75,14.100000381469727,5480,0.0,0.0
2024-08-01 00:00:00-04:00,14.5,15.149999618530273,13.800000190734863,14.350000381469727,3580,0.0,0.0
2024-08-02 00:00:00-04:00,14.649999618530273,14.649999618530273,13.25,13.25,2360,0.0,0.0
2024-08-05 00:00:00-04:00,12.75,12.949999809265137,11.550000190734863,12.5,5460,0.0,0.0
2024-08-06 00:00:00-04:00,13.0,13.949999809265137,11.949999809265137,13.930000305175781,9560,0.0,0.0
2024-08-07 00:00:00-04:00,13.850000381469727,13.850000381469727,12.274999618530273,12.5,4760,0.0,0.0
2024-08-08 00:00:00-04:00,12.25,12.949999809265137,11.5,11.5,5960,0.0,0.0
2024-08-09 00:00:00-04:00,11.899999618530273,13.0,11.649999618530273,12.770000457763672,3500,0.0,0.0
2024-08-12 00:00:00-04:00,12.100000381469727,13.050000190734863,11.800000190734863,12.449999809265137,5840,0.0,0.0
2024-08-13 00:00:00-04:00,12.449999809265137,14.350000381469727,12.449999809265137,13.524999618530273,3900,0.0,0.0
2024-08-14 00:00:00-04:00,14.75,15.800000190734863,13.75,13.760000228881836,6580,0.0,0.0
2024-08-15 00:00:00-04:00,14.949999809265137,15.449999809265137,14.050000190734863,15.125,7380,0.0,0.0
2024-08-16 00:00:00-04:00,15.699999809265137,16.06999969482422,14.649999618530273,16.06999969482422,4180,0.0,0.0
2024-08-19 00:00:00-04:00,16.299999237060547,17.625,15.609999656677246,16.975000381469727,8980,0.0,0.0
2024-08-20 00:00:00-04:00,16.299999237060547,17.5,16.0,16.125,10160,0.0,0.0
2024-08-21 00:00:00-04:00,15.96500015258789,16.950000762939453,15.350000381469727,16.0,7260,0.0,0.0
2024-08-22 00:00:00-04:00,15.75,16.5,15.25,15.25,3660,0.0,0.0
2024-08-23 00:00:00-04:00,16.0,16.299999237060547,15.600000381469727,15.699999809265137,3440,0.0,0.0
2024-08-26 00:00:00-04:00,16.200000762939453,16.950000762939453,15.399999618530273,15.399999618530273,7700,0.0,0.0
2024-08-27 00:00:00-04:00,16.299999237060547,16.600000381469727,15.300000190734863,15.949999809265137,4620,0.0,0.0
2024-08-28 00:00:00-04:00,15.649999618530273,15.75,15.0,15.050000190734863,2660,0.0,0.0
2024-08-29 00:00:00-04:00,15.375,16.950000762939453,15.114999771118164,16.649999618530273,6240,0.0,0.0
2024-08-30 00:00:00-04:00,17.149999618530273,17.149999618530273,15.25,15.25,5860,0.0,0.0
2024-09-03 00:00:00-04:00,16.049999237060547,16.049999237060547,15.399999618530273,15.800000190734863,3880,0.0,0.0
2024-09-04 00:00:00-04:00,15.850000381469727,17.100000381469727,15.800000190734863,17.049999237060547,7240,0.0,0.0
2024-09-05 00:00:00-04:00,16.950000762939453,17.049999237060547,15.75,16.100000381469727,6540,0.0,0.0
2024-09-06 00:00:00-04:00,16.350000381469727,17.28499984741211,16.25,17.25,5160,0.0,0.0
2024-09-09 00:00:00-04:00,17.350000381469727,17.5,16.049999237060547,16.25,8300,0.0,0.0
2024-09-10 00:00:00-04:00,16.350000381469727,17.75,15.649999618530273,16.0,11360,0.0,0.0
2024-09-11 00:00:00-04:00,16.399999618530273,17.149999618530273,15.699999809265137,15.699999809265137,4840,0.0,0.0
2024-09-12 00:00:00-04:00,16.0,16.53499984741211,15.050000190734863,15.300000190734863,7040,0.0,0.0
2024-09-13 00:00:00-04:00,15.550000190734863,15.875,14.0,15.0,3920,0.0,0.0
2024-09-16 00:00:00-04:00,15.149999618530273,17.200000762939453,14.600000381469727,16.25,99960,0.0,0.0
2024-09-17 00:00:00-04:00,16.049999237060547,16.684999465942383,14.5,15.149999618530273,13460,0.0,0.0
2024-09-18 00:00:00-04:00,15.300000190734863,15.8100004196167,14.899999618530273,15.600000381469727,3700,0.0,0.0
2024-09-19 00:00:00-04:00,15.75,16.524999618530273,15.25,15.75,14200,0.0,0.0
2024-09-20 00:00:00-04:00,16.450000762939453,16.549999237060547,14.600000381469727,14.949999809265137,4560,0.0,0.0
2024-09-23 00:00:00-04:00,15.350000381469727,15.350000381469727,14.574999809265137,14.75,4820,0.0,0.0
2024-09-24 00:00:00-04:00,15.25,15.25,14.0,14.850000381469727,8820,0.0,0.0
2024-09-25 00:00:00-04:00,14.744999885559082,15.020000457763672,13.90999984741211,14.149999618530273,2280,0.0,0.0
2024-09-26 00:00:00-04:00,15.0,16.049999237060547,14.350000381469727,15.300000190734863,157400,0.0,0.0
2024-09-27 00:00:00-04:00,15.5,16.100000381469727,15.005000114440918,15.600000381469727,17600,0.0,0.0
2024-09-30 00:00:00-04:00,15.550000190734863,15.699999809265137,14.854999542236328,15.550000190734863,6780,0.0,0.0
2024-10-01 00:00:00-04:00,15.649999618530273,15.649999618530273,14.399999618530273,14.649999618530273,5960,0.0,0.0
2024-10-02 00:00:00-04:00,14.649999618530273,14.899999618530273,14.050000190734863,14.899999618530273,4460,0.0,0.0
2024-10-03 00:00:00-04:00,14.899999618530273,15.5,14.135000228881836,15.300000190734863,9020,0.0,0.0
2024-10-04 00:00:00-04:00,15.100000381469727,15.670000076293945,14.399999618530273,14.75,5480,0.0,0.0
2024-10-07 00:00:00-04:00,15.100000381469727,15.524999618530273,14.25,14.25,2520,0.0,0.0
2024-10-08 00:00:00-04:00,14.25,14.350000381469727,13.800000190734863,14.199999809265137,7180,0.0,0.0
2024-10-09 00:00:00-04:00,14.300000190734863,14.600000381469727,12.5,13.399999618530273,14840,0.0,0.0
2024-10-10 00:00:00-04:00,13.300000190734863,14.149999618530273,12.100000381469727,13.149999618530273,18740,0.0,0.0
2024-10-11 00:00:00-04:00,13.149999618530273,13.619999885559082,12.765000343322754,13.0,2400,0.0,0.0
2024-10-14 00:00:00-04:00,13.25,13.899999618530273,13.100000381469727,13.449999809265137,3980,0.0,0.0
2024-10-15 00:00:00-04:00,13.449999809265137,13.550000190734863,12.899999618530273,13.0,2720,0.0,0.0
2024-10-16 00:00:00-04:00,13.75,14.0600004196167,13.5,13.550000190734863,3800,0.0,0.0
2024-10-17 00:00:00-04:00,14.050000190734863,14.100000381469727,13.550000190734863,13.550000190734863,980,0.0,0.0
2024-10-18 00:00:00-04:00,13.699999809265137,14.0,13.199999809265137,13.199999809265137,1740,0.0,0.0
2024-10-21 00:00:00-04:00,13.300000190734863,13.800000190734863,12.5,12.699999809265137,2140,0.0,0.0
2024-10-22 00:00:00-04:00,13.850000381469727,13.850000381469727,12.800000190734863,12.800000190734863,4120,0.0,0.0
2024-10-23 00:00:00-04:00,12.90999984741211,13.515000343322754,12.899999618530273,13.350000381469727,2600,0.0,0.0
2024-10-24 00:00:00-04:00,13.449999809265137,14.100000381469727,12.829999923706055,13.25,2940,0.0,0.0
2024-10-25 00:00:00-04:00,13.25,14.0,13.25,13.800000190734863,1280,0.0,0.0
2024-10-28 00:00:00-04:00,13.994999885559082,14.880000114440918,13.800000190734863,14.199999809265137,2960,0.0,0.0
2024-10-29 00:00:00-04:00,14.850000381469727,15.5,14.5,14.550000190734863,7080,0.0,0.0
2024-10-30 00:00:00-04:00,14.550000190734863,14.805000305175781,13.800000190734863,13.800000190734863,1840,0.0,0.0
2024-10-31 00:00:00-04:00,12.949999809265137,14.375,12.739999771118164,13.350000381469727,6140,0.0,0.0
2024-11-01 00:00:00-04:00,12.899999618530273,13.170000076293945,12.75,12.949999809265137,2340,0.0,0.0
2024-11-04 00:00:00-05:00,12.75,13.399999618530273,12.694999694824219,13.199999809265137,1600,0.0,0.0
2024-11-05 00:00:00-05:00,13.25,13.25,12.835000038146973,13.050000190734863,440,0.0,0.0
2024-11-06 00:00:00-05:00,13.25,13.800000190734863,12.75,12.850000381469727,3000,0.0,0.0
2024-11-07 00:00:00-05:00,12.899999618530273,13.399999618530273,12.699999809265137,13.100000381469727,5160,0.0,0.0
2024-11-08 00:00:00-05:00,12.75,13.050000190734863,12.25,12.5,5120,0.0,0.0
2024-11-11 00:00:00-05:00,12.149999618530273,13.149999618530273,12.050000190734863,12.100000381469727,5720,0.0,0.0
2024-11-12 00:00:00-05:00,12.600000381469727,12.875,11.649999618530273,11.899999618530273,12840,0.0,0.0
2024-11-13 00:00:00-05:00,11.699999809265137,11.699999809265137,7.949999809265137,8.800000190734863,36240,0.0,0.0
2024-11-14 00:00:00-05:00,8.800000190734863,9.449999809265137,8.399999618530273,8.399999618530273,8280,0.0,0.0
2024-11-15 00:00:00-05:00,8.149999618530273,8.5,7.0,7.199999809265137,15080,0.0,0.0
2024-11-18 00:00:00-05:00,7.0,8.800000190734863,6.800000190734863,8.149999618530273,14140,0.0,0.0
2024-11-19 00:00:00-05:00,8.300000190734863,9.0,6.949999809265137,7.800000190734863,19840,0.0,0.0
2024-11-20 00:00:00-05:00,7.75,7.949999809265137,6.400000095367432,7.0,9280,0.0,0.0
2024-11-21 00:00:00-05:00,6.900000095367432,7.40500020980835,6.5,6.849999904632568,5340,0.0,0.0
2024-11-22 00:00:00-05:00,6.849999904632568,7.449999809265137,6.820000171661377,7.449999809265137,2700,0.0,0.0
2024-11-25 00:00:00-05:00,7.5,8.949999809265137,7.059999942779541,7.550000190734863,10840,0.0,0.0
2024-11-26 00:00:00-05:00,7.599999904632568,8.399999618530273,7.400000095367432,8.050000190734863,7300,0.0,0.0
2024-11-27 00:00:00-05:00,8.300000190734863,9.149999618530273,7.75,7.849999904632568,11120,0.0,0.0
2024-11-29 00:00:00-05:00,7.800000190734863,8.529999732971191,7.800000190734863,8.300000190734863,1320,0.0,0.0
2024-12-02 00:00:00-05:00,8.0,8.46500015258789,7.5,7.699999809265137,7340,0.0,0.0
2024-12-03 00:00:00-05:00,7.800000190734863,7.949999809265137,7.25,7.25,3240,0.0,0.0
2024-12-04 00:00:00-05:00,7.300000190734863,7.599999904632568,7.0,7.150000095367432,5340,0.0,0.0
2024-12-05 00:00:00-05:00,7.974999904632568,7.974999904632568,6.900000095367432,6.900000095367432,7980,0.0,0.0
2024-12-06 00:00:00-05:00,7.449999809265137,7.449999809265137,6.550000190734863,6.699999809265137,2960,0.0,0.0
2024-12-09 00:00:00-05:00,6.75,7.034999847412109,5.949999809265137,6.599999904632568,12900,0.0,0.0
2024-12-10 00:00:00-05:00,6.949999809265137,6.949999809265137,6.050000190734863,6.449999809265137,10160,0.0,0.0
2024-12-11 00:00:00-05:00,6.5,6.5,6.0,6.5,11400,0.0,0.0
2024-12-12 00:00:00-05:00,5.800000190734863,6.5,5.400000095367432,5.949999809265137,105240,0.0,0.0
2024-12-13 00:00:00-05:00,5.75,6.099999904632568,5.449999809265137,5.699999809265137,16460,0.0,0.0
2024-12-16 00:00:00-05:00,5.75,5.75,4.699999809265137,5.25,31000,0.0,0.0
2024-12-17 00:00:00-05:00,5.5,6.0,4.550000190734863,4.78000020980835,30660,0.0,0.0
2024-12-18 00:00:00-05:00,4.699999809265137,5.0,4.349999904632568,4.400000095367432,26940,0.0,0.0
2024-12-19 00:00:00-05:00,4.375,4.599999904632568,4.235000133514404,4.449999809265137,10280,0.0,0.0
2024-12-20 00:00:00-05:00,4.449999809265137,4.800000190734863,4.420000076293945,4.599999904632568,14700,0.0,0.0
2024-12-23 00:00:00-05:00,4.550000190734863,4.724999904632568,4.349999904632568,4.539999961853027,11360,0.0,0.0
2024-12-24 00:00:00-05:00,4.474999904632568,4.474999904632568,4.300000190734863,4.474999904632568,2620,0.0,0.0
2024-12-26 00:00:00-05:00,4.460000038146973,4.5,4.199999809265137,4.230000019073486,1421300,0.0,0.0
2024-12-27 00:00:00-05:00,6.050000190734863,6.099999904632568,4.449999809265137,5.300000190734863,1706000,0.0,0.0
2024-12-30 00:00:00-05:00,4.875,4.949999809265137,4.650000095367432,4.789999961853027,205460,0.0,0.0
2024-12-31 00:00:00-05:00,4.75,4.75,4.150000095367432,4.224999904632568,150200,0.0,0.0
2025-01-02 00:00:00-05:00,4.300000190734863,4.800000190734863,4.300000190734863,4.619999885559082,64680,0.0,0.0
2025-01-03 00:00:00-05:00,4.599999904632568,4.690000057220459,4.349999904632568,4.550000190734863,30960,0.0,0.0
2025-01-06 00:00:00-05:00,4.5,4.949999809265137,4.5,4.75,42860,0.0,0.0
2025-01-07 00:00:00-05:00,4.695000171661377,4.855000019073486,4.5,4.574999809265137,32180,0.0,0.0
2025-01-08 00:00:00-05:00,4.599999904632568,4.75,4.25,4.449999809265137,43820,0.0,0.0
2025-01-10 00:00:00-05:00,4.5,4.699999809265137,4.034999847412109,4.5,33200,0.0,0.0
2025-01-13 00:00:00-05:00,4.400000095367432,4.46999979019165,4.025000095367432,4.25,44760,0.0,0.0
2025-01-14 00:00:00-05:00,3.5399999618530273,4.170000076293945,3.319999933242798,3.7790000438690186,135000,0.0,0.2
2025-01-15 00:00:00-05:00,3.3299999237060547,3.6500000953674316,3.1700000762939453,3.2899999618530273,407700,0.0,0.0
2025-01-16 00:00:00-05:00,3.319999933242798,3.9000000953674316,3.299999952316284,3.359999895095825,193500,0.0,0.0
2025-01-17 00:00:00-05:00,3.4100000858306885,3.490000009536743,3.0299999713897705,3.0899999141693115,59400,0.0,0.0
2025-01-21 00:00:00-05:00,3.140000104904175,3.4600000381469727,2.609999895095825,2.7100000381469727,178700,0.0,0.0
2025-01-22 00:00:00-05:00,2.9700000286102295,2.9800000190734863,2.380000114440918,2.380000114440918,199500,0.0,0.0
2025-01-23 00:00:00-05:00,2.4000000953674316,4.190000057220459,2.390000104904175,3.640000104904175,4135300,0.0,0.0
2025-01-24 00:00:00-05:00,6.96999979019165,9.800000190734863,4.809999942779541,6.03000020980835,55785400,0.0,0.0
2025-01-27 00:00:00-05:00,5.71999979019165,7.570000171661377,5.409999847412109,6.0,3290700,0.0,0.0
2025-01-28 00:00:00-05:00,5.420000076293945,6.0929999351501465,4.320000171661377,4.369999885559082,793700,0.0,0.0
2025-01-29 00:00:00-05:00,4.199999809265137,4.63100004196167,3.3440001010894775,3.390000104904175,539000,0.0,0.0
2025-01-30 00:00:00-05:00,2.509999990463257,2.619999885559082,2.3499999046325684,2.4700000286102295,1360000,0.0,0.0
2025-01-31 00:00:00-05:00,2.5399999618530273,2.5999999046325684,2.309999942779541,2.4549999237060547,395900,0.0,0.0
2025-02-03 00:00:00-05:00,2.3499999046325684,2.4260001182556152,2.2200000286102295,2.4000000953674316,4187400,0.0,0.0
2025-02-04 00:00:00-05:00,3.930000066757202,4.050000190734863,2.930000066757202,3.2699999809265137,62829000,0.0,0.0
2025-02-05 00:00:00-05:00,2.940000057220459,3.25,2.9000000953674316,2.990000009536743,1515800,0.0,0.0
2025-02-06 00:00:00-05:00,2.859999895095825,2.9200000762939453,2.75,2.75,580600,0.0,0.0
2025-02-07 00:00:00-05:00,2.759999990463257,2.8299999237060547,2.559999942779541,2.5799999237060547,501600,0.0,0.0
2025-02-10 00:00:00-05:00,2.4100000858306885,2.680000066757202,2.299999952316284,2.619999885559082,480600,0.0,0.0
2025-02-11 00:00:00-05:00,2.569999933242798,2.9000000953674316,2.569999933242798,2.7799999713897705,468300,0.0,0.0
2025-02-12 00:00:00-05:00,2.6700000762939453,2.7799999713897705,2.619999885559082,2.619999885559082,160600,0.0,0.0
2025-02-13 00:00:00-05:00,2.7200000286102295,2.7990000247955322,2.5899999141693115,2.609999895095825,183600,0.0,0.0
2025-02-14 00:00:00-05:00,2.609999895095825,2.7899999618530273,2.4200000762939453,2.490000009536743,1500100,0.0,0.0
2025-02-18 00:00:00-05:00,2.509999990463257,2.674999952316284,2.440000057220459,2.5999999046325684,354400,0.0,0.0
2025-02-19 00:00:00-05:00,2.5899999141693115,2.6500000953674316,2.490000009536743,2.549999952316284,300800,0.0,0.0
2025-02-20 00:00:00-05:00,2.5,2.677999973297119,2.430000066757202,2.6600000858306885,210800,0.0,0.0
2025-02-21 00:00:00-05:00,2.690000057220459,2.690000057220459,2.509999990463257,2.5299999713897705,180700,0.0,0.0
2025-02-24 00:00:00-05:00,2.509999990463257,2.5260000228881836,2.4200000762939453,2.440000057220459,95700,0.0,0.0
2025-02-25 00:00:00-05:00,2.259999990463257,2.359999895095825,2.140000104904175,2.1700000762939453,229800,0.0,0.0
2025-02-26 00:00:00-05:00,2.130000114440918,2.3399999141693115,2.130000114440918,2.259999990463257,91700,0.0,0.0
2025-02-27 00:00:00-05:00,2.2200000286102295,2.299999952316284,2.069999933242798,2.0999999046325684,124900,0.0,0.0
2025-02-28 00:00:00-05:00,2.119999885559082,2.119999885559082,1.8899999856948853,1.940000057220459,167200,0.0,0.0
2025-03-03 00:00:00-05:00,1.9500000476837158,1.9500000476837158,1.7799999713897705,1.8899999856948853,125300,0.0,0.0
2025-03-04 00:00:00-05:00,1.940000057220459,1.940000057220459,1.7000000476837158,1.8700000047683716,179700,0.0,0.0
2025-03-05 00:00:00-05:00,1.8300000429153442,1.9500000476837158,1.8200000524520874,1.940000057220459,59400,0.0,0.0
2025-03-06 00:00:00-05:00,1.909999966621399,1.9900000095367432,1.8300000429153442,1.8700000047683716,56000,0.0,0.0
2025-03-07 00:00:00-05:00,1.840000033378601,1.8799999952316284,1.7519999742507935,1.8799999952316284,135700,0.0,0.0
2025-03-10 00:00:00-04:00,1.8799999952316284,1.8799999952316284,1.7599999904632568,1.8300000429153442,73500,0.0,0.0
2025-03-11 00:00:00-04:00,1.7999999523162842,1.9889999628067017,1.7999999523162842,1.909999966621399,73100,0.0,0.0
2025-03-12 00:00:00-04:00,1.9500000476837158,1.9800000190734863,1.840000033378601,1.8600000143051147,59400,0.0,0.0
2025-03-13 00:00:00-04:00,1.850000023841858,1.8600000143051147,1.7599999904632568,1.7879999876022339,60000,0.0,0.0
2025-03-14 00:00:00-04:00,1.840000033378601,1.840000033378601,1.7599999904632568,1.7799999713897705,44600,0.0,0.0
2025-03-17 00:00:00-04:00,1.8600000143051147,1.9299999475479126,1.8020000457763672,1.8700000047683716,55100,0.0,0.0
2025-03-18 00:00:00-04:00,1.9299999475479126,1.9299999475479126,1.850000023841858,1.850000023841858,47500,0.0,0.0
2025-03-19 00:00:00-04:00,1.9199999570846558,1.9199999570846558,1.850000023841858,1.8600000143051147,15900,0.0,0.0
2025-03-20 00:00:00-04:00,1.8600000143051147,1.9700000286102295,1.8600000143051147,1.899999976158142,44700,0.0,0.0
2025-03-21 00:00:00-04:00,1.9299999475479126,1.940000057220459,1.8899999856948853,1.8899999856948853,49800,0.0,0.0
2025-03-24 00:00:00-04:00,1.9199999570846558,1.9199999570846558,1.850000023841858,1.850000023841858,62700,0.0,0.0
2025-03-25 00:00:00-04:00,1.8200000524520874,1.8539999723434448,1.6699999570846558,1.75,100100,0.0,0.0
2025-03-26 00:00:00-04:00,1.7999999523162842,1.850000023841858,1.7000000476837158,1.7699999809265137,83100,0.0,0.0
2025-03-27 00:00:00-04:00,1.7699999809265137,1.7999999523162842,1.6699999570846558,1.7599999904632568,49600,0.0,0.0
2025-03-28 00:00:00-04:00,1.7599999904632568,1.7799999713897705,1.690000057220459,1.7599999904632568,46300,0.0,0.0
2025-03-31 00:00:00-04:00,1.7699999809265137,1.8600000143051147,1.6799999475479126,1.850000023841858,74600,0.0,0.0
2025-04-01 00:00:00-04:00,1.8600000143051147,1.8600000143051147,1.6399999856948853,1.659999966621399,136000,0.0,0.0
2025-04-02 00:00:00-04:00,1.690000057220459,1.7000000476837158,1.6100000143051147,1.690000057220459,47900,0.0,0.0
2025-04-03 00:00:00-04:00,1.6200000047683716,1.690000057220459,1.5499999523162842,1.690000057220459,32000,0.0,0.0
2025-04-04 00:00:00-04:00,1.6299999952316284,1.6399999856948853,1.5,1.5099999904632568,65900,0.0,0.0
2025-04-07 00:00:00-04:00,1.3899999856948853,1.5499999523162842,1.3600000143051147,1.440000057220459,91800,0.0,0.0
2025-04-08 00:00:00-04:00,1.4299999475479126,1.4900000095367432,1.3700000047683716,1.3799999952316284,82900,0.0,0.0
2025-04-09 00:00:00-04:00,1.3300000429153442,1.4320000410079956,1.3300000429153442,1.3300000429153442,153400,0.0,0.0
2025-04-10 00:00:00-04:00,1.4500000476837158,1.4500000476837158,1.2000000476837158,1.350000023841858,177900,0.0,0.0
2025-04-11 00:00:00-04:00,1.340000033378601,1.378999948501587,1.3200000524520874,1.350000023841858,58900,0.0,0.0
2025-04-14 00:00:00-04:00,1.3300000429153442,1.4600000381469727,1.3300000429153442,1.4199999570846558,56600,0.0,0.0
2025-04-15 00:00:00-04:00,1.4299999475479126,1.4500000476837158,1.340000033378601,1.350000023841858,24300,0.0,0.0
2025-04-16 00:00:00-04:00,1.340000033378601,1.3589999675750732,1.2799999713897705,1.309999942779541,34000,0.0,0.0
2025-04-17 00:00:00-04:00,1.309999942779541,1.315000057220459,1.25,1.309000015258789,62900,0.0,0.0
2025-04-21 00:00:00-04:00,1.2799999713897705,1.3200000524520874,1.25,1.3049999475479126,36800,0.0,0.0
2025-04-22 00:00:00-04:00,1.309999942779541,1.399999976158142,1.2799999713897705,1.3700000047683716,76000,0.0,0.0
2025-04-23 00:00:00-04:00,1.4199999570846558,1.600000023841858,1.3600000143051147,1.4900000095367432,162500,0.0,0.0
2025-04-24 00:00:00-04:00,1.5700000524520874,1.6690000295639038,1.4630000591278076,1.590000033378601,90600,0.0,0.0
2025-04-25 00:00:00-04:00,1.590000033378601,1.7000000476837158,1.590000033378601,1.649999976158142,59800,0.0,0.0
2025-04-28 00:00:00-04:00,1.6699999570846558,1.7699999809265137,1.5499999523162842,1.649999976158142,207900,0.0,0.0
2025-04-29 00:00:00-04:00,1.6299999952316284,1.6759999990463257,1.5,1.5,65900,0.0,0.0
2025-04-30 00:00:00-04:00,1.440000057220459,1.559999942779541,1.4210000038146973,1.5299999713897705,40100,0.0,0.0
2025-05-01 00:00:00-04:00,1.5399999618530273,1.5700000524520874,1.5399999618530273,1.559999942779541,12400,0.0,0.0
2025-05-02 00:00:00-04:00,1.600000023841858,1.6169999837875366,1.5499999523162842,1.5700000524520874,14600,0.0,0.0
2025-05-05 00:00:00-04:00,1.5399999618530273,1.6200000047683716,1.4299999475479126,1.4450000524520874,76700,0.0,0.0
2025-05-06 00:00:00-04:00,1.440000057220459,1.4700000286102295,1.4199999570846558,1.4700000286102295,33900,0.0,0.0
2025-05-07 00:00:00-04:00,1.4900000095367432,1.4900000095367432,1.4290000200271606,1.4800000190734863,23600,0.0,0.0
2025-05-08 00:00:00-04:00,1.4600000381469727,1.5,1.4299999475479126,1.4500000476837158,28100,0.0,0.0
2025-05-09 00:00:00-04:00,1.4900000095367432,1.5,1.4620000123977661,1.4900000095367432,29400,0.0,0.0
2025-05-12 00:00:00-04:00,1.5099999904632568,1.590000033378601,1.4800000190734863,1.4900000095367432,73300,0.0,0.0
2025-05-13 00:00:00-04:00,1.4900000095367432,1.6200000047683716,1.4900000095367432,1.6089999675750732,53400,0.0,0.0
2025-05-14 00:00:00-04:00,1.600000023841858,1.659000039100647,1.5700000524520874,1.6399999856948853,98900,0.0,0.0
2025-05-15 00:00:00-04:00,1.649999976158142,1.7369999885559082,1.6100000143051147,1.659999966621399,57700,0.0,0.0
2025-05-16 00:00:00-04:00,1.7400000095367432,1.7569999694824219,1.659999966621399,1.7410000562667847,46500,0.0,0.0
2025-05-19 00:00:00-04:00,1.7699999809265137,1.7699999809265137,1.6200000047683716,1.7100000381469727,27300,0.0,0.0
2025-05-20 00:00:00-04:00,1.6799999475479126,1.75,1.6699999570846558,1.75,33800,0.0,0.0
2025-05-21 00:00:00-04:00,1.7389999628067017,1.8600000143051147,1.7000000476837158,1.7300000190734863,43900,0.0,0.0
2025-05-22 00:00:00-04:00,1.8700000047683716,1.9579999446868896,1.6799999475479126,1.8700000047683716,84100,0.0,0.0
2025-05-23 00:00:00-04:00,1.8300000429153442,1.940000057220459,1.7799999713897705,1.8799999952316284,72200,0.0,0.0
2025-05-27 00:00:00-04:00,2.069999933242798,2.380000114440918,1.9500000476837158,2.359999895095825,586400,0.0,0.0
2025-05-28 00:00:00-04:00,2.450000047683716,2.7699999809265137,2.4000000953674316,2.630000114440918,356300,0.0,0.0
2025-05-29 00:00:00-04:00,2.630000114440918,2.640000104904175,2.1710000038146973,2.299999952316284,168200,0.0,0.0
2025-05-30 00:00:00-04:00,2.309999942779541,2.4800000190734863,2.309999942779541,2.4600000381469727,70100,0.0,0.0
2025-06-02 00:00:00-04:00,2.630000114440918,2.75,2.5169999599456787,2.7200000286102295,173800,0.0,0.0
2025-06-03 00:00:00-04:00,2.7100000381469727,2.8299999237060547,2.5260000228881836,2.740000009536743,161300,0.0,0.0
2025-06-04 00:00:00-04:00,2.799999952316284,2.8399999141693115,2.6679999828338623,2.7799999713897705,64500,0.0,0.0
2025-06-05 00:00:00-04:00,2.7799999713897705,2.7799999713897705,2.5799999237060547,2.5799999237060547,80300,0.0,0.0
2025-06-06 00:00:00-04:00,2.799999952316284,3.180000066757202,2.799999952316284,3.130000114440918,418800,0.0,0.0
2025-06-09 00:00:00-04:00,3.140000104904175,3.193000078201294,2.950000047683716,3.009999990463257,110700,0.0,0.0
2025-06-10 00:00:00-04:00,3.140000104904175,3.140000104904175,2.819999933242798,3.0199999809265137,108300,0.0,0.0
2025-06-11 00:00:00-04:00,3.0,3.0399999618530273,2.880000114440918,2.890000104904175,65300,0.0,0.0
2025-06-12 00:00:00-04:00,3.069999933242798,3.069999933242798,2.8499999046325684,2.9700000286102295,59000,0.0,0.0
2025-06-13 00:00:00-04:00,2.819999933242798,2.924999952316284,2.75,2.7699999809265137,78400,0.0,0.0
2025-06-16 00:00:00-04:00,2.7699999809265137,2.8499999046325684,2.319999933242798,2.4000000953674316,163000,0.0,0.0
2025-06-17 00:00:00-04:00,2.4200000762939453,2.4700000286102295,2.069999933242798,2.069999933242798,131900,0.0,0.0
2025-06-18 00:00:00-04:00,2.240000009536743,2.305000066757202,2.109999895095825,2.1700000762939453,142500,0.0,0.0
2025-06-20 00:00:00-04:00,2.299999952316284,2.509999990463257,2.190000057220459,2.319999933242798,93600,0.0,0.0
2025-06-23 00:00:00-04:00,2.319999933242798,2.440000057220459,2.25,2.440000057220459,83800,0.0,0.0
2025-06-24 00:00:00-04:00,2.490000009536743,2.490000009536743,2.3299999237060547,2.450000047683716,38700,0.0,0.0
2025-06-25 00:00:00-04:00,2.490000009536743,2.950000047683716,2.3499999046325684,2.5899999141693115,250000,0.0,0.0
2025-06-26 00:00:00-04:00,2.6500000953674316,2.8399999141693115,2.490000009536743,2.5850000381469727,174900,0.0,0.0
2025-06-27 00:00:00-04:00,2.609999895095825,2.693000078201294,2.430000066757202,2.450000047683716,47500,0.0,0.0
2025-06-30 00:00:00-04:00,2.450000047683716,2.4820001125335693,2.375,2.450000047683716,37800,0.0,0.0
2025-07-01 00:00:00-04:00,2.4100000858306885,2.5999999046325684,2.3499999046325684,2.4800000190734863,128500,0.0,0.0
2025-07-02 00:00:00-04:00,2.450000047683716,2.515000104904175,2.4100000858306885,2.4700000286102295,59200,0.0,0.0
2025-07-03 00:00:00-04:00,2.4600000381469727,2.4739999771118164,2.359999895095825,2.390000104904175,43300,0.0,0.0
2025-07-07 00:00:00-04:00,2.380000114440918,2.380000114440918,2.257999897003174,2.299999952316284,41100,0.0,0.0
2025-07-08 00:00:00-04:00,2.299999952316284,2.4800000190734863,2.299999952316284,2.4800000190734863,32400,0.0,0.0
2025-07-09 00:00:00-04:00,2.4800000190734863,2.549999952316284,2.4119999408721924,2.5399999618530273,61900,0.0,0.0
2025-07-10 00:00:00-04:00,2.569999933242798,2.5799999237060547,2.502000093460083,2.5799999237060547,33200,0.0,0.0
2025-07-11 00:00:00-04:00,2.7699999809265137,2.8499999046325684,2.5399999618530273,2.6600000858306885,366200,0.0,0.0
2025-07-14 00:00:00-04:00,2.7799999713897705,2.799999952316284,2.5399999618530273,2.6700000762939453,87900,0.0,0.0
2025-07-15 00:00:00-04:00,2.6600000858306885,2.6689999103546143,2.5,2.5399999618530273,44900,0.0,0.0
2025-07-16 00:00:00-04:00,2.509999990463257,2.674999952316284,2.490000009536743,2.625,48700,0.0,0.0
2025-07-17 00:00:00-04:00,2.640000104904175,2.6500000953674316,2.5399999618530273,2.6500000953674316,32500,0.0,0.0
2025-07-18 00:00:00-04:00,2.7100000381469727,2.7100000381469727,2.5799999237060547,2.630000114440918,70500,0.0,0.0
2025-07-21 00:00:00-04:00,2.5999999046325684,2.680000066757202,2.5299999713897705,2.569999933242798,147900,0.0,0.0
2025-07-22 00:00:00-04:00,2.630000114440918,2.630000114440918,2.5299999713897705,2.609999895095825,34300,0.0,0.0
2025-07-23 00:00:00-04:00,2.5399999618530273,2.7799999713897705,2.5399999618530273,2.680000066757202,74100,0.0,0.0
2025-07-24 00:00:00-04:00,2.6500000953674316,2.7799999713897705,2.634000062942505,2.7100000381469727,50900,0.0,0.0
2025-07-25 00:00:00-04:00,2.869999885559082,2.880000114440918,2.559999942779541,2.7200000286102295,703500,0.0,0.0
2025-07-28 00:00:00-04:00,2.8499999046325684,3.0899999141693115,2.809999942779541,2.934999942779541,280500,0.0,0.0
2025-07-29 00:00:00-04:00,3.0,3.005000114440918,2.874000072479248,2.940000057220459,61900,0.0,0.0
2025-07-30 00:00:00-04:00,3.0,3.0299999713897705,2.753999948501587,2.7699999809265137,126200,0.0,0.0
2025-07-31 00:00:00-04:00,2.890000104904175,2.890000104904175,2.640000104904175,2.680000066757202,57200,0.0,0.0
2025-08-01 00:00:00-04:00,2.680000066757202,2.7219998836517334,2.450000047683716,2.609999895095825,70500,0.0,0.0
2025-08-04 00:00:00-04:00,2.6500000953674316,2.755000114440918,2.619999885559082,2.7200000286102295,45800,0.0,0.0
2025-08-05 00:00:00-04:00,2.740000009536743,2.740000009536743,2.609999895095825,2.680000066757202,30700,0.0,0.0
2025-08-06 00:00:00-04:00,2.700000047683716,2.8399999141693115,2.619999885559082,2.8299999237060547,82800,0.0,0.0
2025-08-07 00:00:00-04:00,2.7899999618530273,2.9800000190734863,2.753999948501587,2.930000066757202,108200,0.0,0.0
2025-08-08 00:00:00-04:00,2.950000047683716,2.990000009536743,2.799999952316284,2.8299999237060547,40900,0.0,0.0
2025-08-11 00:00:00-04:00,2.8499999046325684,2.890000104904175,2.7699999809265137,2.7699999809265137,34200,0.0,0.0
2025-08-12 00:00:00-04:00,2.799999952316284,2.884999990463257,2.7239999771118164,2.8499999046325684,24500,0.0,0.0
2025-08-13 00:00:00-04:00,2.8399999141693115,3.049999952316284,2.8299999237060547,3.0399999618530273,75600,0.0,0.0
2025-08-14 00:00:00-04:00,3.009999990463257,3.009999990463257,2.690000057220459,2.859999895095825,98300,0.0,0.0
2025-08-15 00:00:00-04:00,2.859999895095825,2.940000057220459,2.811000108718872,2.880000114440918,28300,0.0,0.0
2025-08-18 00:00:00-04:00,2.950000047683716,3.2300000190734863,2.9000000953674316,3.2200000286102295,356600,0.0,0.0
2025-08-19 00:00:00-04:00,3.200000047683716,3.4000000953674316,2.9600000381469727,3.0399999618530273,106900,0.0,0.0
2025-08-20 00:00:00-04:00,3.0,3.0920000076293945,2.9100000858306885,2.950000047683716,142800,0.0,0.0
2025-08-21 00:00:00-04:00,3.049999952316284,3.1500000953674316,2.940000057220459,3.1010000705718994,56600,0.0,0.0
2025-08-22 00:00:00-04:00,3.1500000953674316,3.2899999618530273,3.0999999046325684,3.25,74200,0.0,0.0
2025-08-25 00:00:00-04:00,3.200000047683716,3.25,3.1500000953674316,3.2060000896453857,55300,0.0,0.0
2025-08-26 00:00:00-04:00,3.180000066757202,3.190000057220459,3.049999952316284,3.109999895095825,35500,0.0,0.0
2025-08-27 00:00:00-04:00,3.109999895095825,3.109999895095825,3.0299999713897705,3.0299999713897705,96800,0.0,0.0
2025-08-28 00:00:00-04:00,3.069999933242798,3.109999895095825,3.0199999809265137,3.0450000762939453,14600,0.0,0.0
2025-08-29 00:00:00-04:00,3.049999952316284,3.049999952316284,2.700000047683716,2.75,178200,0.0,0.0
2025-09-02 00:00:00-04:00,2.759999990463257,2.799999952316284,2.740000009536743,2.7750000953674316,49700,0.0,0.0
2025-09-03 00:00:00-04:00,2.8499999046325684,2.8499999046325684,2.5460000038146973,2.5899999141693115,111300,0.0,0.0
2025-09-04 00:00:00-04:00,2.640000104904175,2.7100000381469727,2.5199999809265137,2.694999933242798,117200,0.0,0.0
2025-09-05 00:00:00-04:00,2.7100000381469727,3.0250000953674316,2.7100000381469727,2.9200000762939453,102300,0.0,0.0
2025-09-08 00:00:00-04:00,3.0,3.0299999713897705,2.9049999713897705,2.950000047683716,52200,0.0,0.0
2025-09-09 00:00:00-04:00,3.0399999618530273,3.0399999618530273,2.7090001106262207,2.799999952316284,64200,0.0,0.0
2025-09-10 00:00:00-04:00,2.819999933242798,2.9179999828338623,2.7200000286102295,2.819999933242798,63000,0.0,0.0
2025-09-11 00:00:00-04:00,2.7899999618530273,2.940000057220459,2.7200000286102295,2.880000114440918,39700,0.0,0.0
2025-09-12 00:00:00-04:00,2.819999933242798,3.0199999809265137,2.819999933242798,2.944999933242798,38800,0.0,0.0
2025-09-15 00:00:00-04:00,3.0,3.0199999809265137,2.809999942779541,2.9200000762939453,25200,0.0,0.0
2025-09-16 00:00:00-04:00,2.859999895095825,2.990000009536743,2.859999895095825,2.940000057220459,13400,0.0,0.0
2025-09-17 00:00:00-04:00,2.859999895095825,3.049999952316284,2.859999895095825,2.924999952316284,52700,0.0,0.0
2025-09-18 00:00:00-04:00,3.0,3.1500000953674316,2.940000057220459,3.0199999809265137,42800,0.0,0.0
2025-09-19 00:00:00-04:00,3.0999999046325684,3.1700000762939453,3.0199999809265137,3.0859999656677246,112100,0.0,0.0
2025-09-22 00:00:00-04:00,3.0999999046325684,3.0999999046325684,2.8499999046325684,3.049999952316284,115700,0.0,0.0
2025-09-23 00:00:00-04:00,3.059999942779541,3.1519999504089355,3.0199999809265137,3.0199999809265137,95800,0.0,0.0
2025-09-24 00:00:00-04:00,3.0399999618530273,3.3399999141693115,2.9600000381469727,3.299999952316284,105400,0.0,0.0
2025-09-25 00:00:00-04:00,4.289999961853027,4.75,3.9100000858306885,4.53000020980835,77188500,0.0,0.0
2025-09-26 00:00:00-04:00,4.5,4.5,3.5299999713897705,4.039999961853027,1836800,0.0,0.0
2025-09-29 00:00:00-04:00,3.9000000953674316,4.119999885559082,3.799999952316284,3.799999952316284,677200,0.0,0.0
2025-09-30 00:00:00-04:00,3.7899999618530273,4.090000152587891,3.700000047683716,3.759999990463257,472200,0.0,0.0
2025-10-01 00:00:00-04:00,3.8499999046325684,4.559999942779541,3.808000087738037,4.440000057220459,980500,0.0,0.0
2025-10-02 00:00:00-04:00,4.389999866485596,4.769999980926514,4.380000114440918,4.739999771118164,793700,0.0,0.0
2025-10-03 00:00:00-04:00,4.710000038146973,5.480000019073486,4.679999828338623,5.429999828338623,936000,0.0,0.0
2025-10-06 00:00:00-04:00,5.610000133514404,7.230000019073486,5.449999809265137,6.949999809265137,1426300,0.0,0.0
2025-10-07 00:00:00-04:00,7.03000020980835,7.199999809265137,5.519999980926514,5.71999979019165,1739400,0.0,0.0
2025-10-08 00:00:00-04:00,5.960000038146973,7.349999904632568,5.849999904632568,6.289999961853027,1450900,0.0,0.0
2025-10-09 00:00:00-04:00,6.320000171661377,6.820000171661377,6.25,6.429999828338623,576900,0.0,0.0
2025-10-10 00:00:00-04:00,6.53000020980835,6.550000190734863,5.809999942779541,5.900000095367432,454300,0.0,0.0
2025-10-13 00:00:00-04:00,5.909999847412109,6.360000133514404,5.9019999504089355,6.260000228881836,381600,0.0,0.0
2025-10-14 00:00:00-04:00,6.260000228881836,7.9039998054504395,6.14300012588501,7.840000152587891,697200,0.0,0.0
2025-10-15 00:00:00-04:00,9.149999618530273,12.149999618530273,9.149999618530273,11.010000228881836,2735700,0.0,0.0
2025-10-16 00:00:00-04:00,11.289999961853027,11.510000228881836,9.579999923706055,9.600000381469727,901200,0.0,0.0
2025-10-17 00:00:00-04:00,9.329999923706055,9.5,6.130000114440918,6.789999961853027,1952200,0.0,0.0
2025-10-20 00:00:00-04:00,7.0,8.100000381469727,6.949999809265137,7.090000152587891,582700,0.0,0.0
2025-10-21 00:00:00-04:00,6.960000038146973,7.168000221252441,6.230000019073486,6.53000020980835,390300,0.0,0.0
2025-10-22 00:00:00-04:00,6.090000152587891,6.311999797821045,5.289999961853027,5.440000057220459,646800,0.0,0.0
2025-10-23 00:00:00-04:00,5.400000095367432,6.199999809265137,5.400000095367432,5.610000133514404,356200,0.0,0.0
2025-10-24 00:00:00-04:00,5.610000133514404,6.239999771118164,5.599999904632568,5.889999866485596,263500,0.0,0.0
2025-10-27 00:00:00-04:00,6.019999980926514,6.440000057220459,5.989999771118164,6.130000114440918,383600,0.0,0.0
2025-10-28 00:00:00-04:00,6.099999904632568,6.820000171661377,6.010000228881836,6.480000019073486,239800,0.0,0.0
2025-10-29 00:00:00-04:00,6.46999979019165,6.697999954223633,5.699999809265137,5.75,210600,0.0,0.0
2025-10-30 00:00:00-04:00,5.730000019073486,6.150000095367432,5.599999904632568,5.760000228881836,310000,0.0,0.0
2025-10-31 00:00:00-04:00,5.840000152587891,6.139999866485596,5.679999828338623,5.75,142300,0.0,0.0
2025-11-03 00:00:00-05:00,5.889999866485596,5.980000019073486,5.510000228881836,5.769999980926514,157500,0.0,0.0
2025-11-04 00:00:00-05:00,5.570000171661377,6.010000228881836,5.570000171661377,5.599999904632568,130700,0.0,0.0
2025-11-05 00:00:00-05:00,5.599999904632568,5.900000095367432,5.570000171661377,5.659999847412109,88900,0.0,0.0
2025-11-06 00:00:00-05:00,5.900000095367432,6.440000057220459,5.689000129699707,6.260000228881836,302900,0.0,0.0
2025-11-07 00:00:00-05:00,6.190000057220459,6.449999809265137,5.739999771118164,6.380000114440918,315100,0.0,0.0
2025-11-10 00:00:00-05:00,6.449999809265137,6.550000190734863,6.079999923706055,6.380000114440918,190600,0.0,0.0
2025-11-11 00:00:00-05:00,6.349999904632568,6.369999885559082,6.0,6.0,88400,0.0,0.0
2025-11-12 00:00:00-05:00,6.070000171661377,6.199999809265137,5.75,6.039999961853027,92900,0.0,0.0
2025-11-13 00:00:00-05:00,5.900000095367432,6.099999904632568,5.510000228881836,5.710000038146973,136900,0.0,0.0
2025-11-14 00:00:00-05:00,5.449999809265137,5.860000133514404,5.171000003814697,5.460000038146973,75700,0.0,0.0
2025-11-17 00:00:00-05:00,5.300000190734863,5.5,5.199999809265137,5.210000038146973,105400,0.0,0.0
2025-11-18 00:00:00-05:00,5.170000076293945,5.320000171661377,5.090000152587891,5.260000228881836,47600,0.0,0.0
2025-11-19 00:00:00-05:00,5.090000152587891,5.210000038146973,4.831999778747559,4.880000114440918,135200,0.0,0.0
2025-11-20 00:00:00-05:00,5.309999942779541,5.989999771118164,5.260000228881836,5.340000152587891,177800,0.0,0.0
2025-11-21 00:00:00-05:00,5.440000057220459,5.440000057220459,4.849999904632568,5.179999828338623,115500,0.0,0.0
2025-11-24 00:00:00-05:00,5.130000114440918,5.389999866485596,5.03000020980835,5.349999904632568,54300,0.0,0.0
2025-11-25 00:00:00-05:00,5.400000095367432,5.420000076293945,5.010000228881836,5.400000095367432,42500,0.0,0.0
2025-11-26 00:00:00-05:00,5.400000095367432,5.78000020980835,5.190000057220459,5.650000095367432,38200,0.0,0.0
2025-11-28 00:00:00-05:00,5.650000095367432,6.119999885559082,5.630000114440918,5.934999942779541,84900,0.0,0.0
2025-12-01 00:00:00-05:00,5.929999828338623,5.947999954223633,5.320000171661377,5.434999942779541,59000,0.0,0.0
2025-12-02 00:00:00-05:00,5.489999771118164,5.599999904632568,5.090000152587891,5.119999885559082,83700,0.0,0.0
2025-12-03 00:00:00-05:00,5.170000076293945,5.329999923706055,5.03000020980835,5.099999904632568,43100,0.0,0.0
2025-12-04 00:00:00-05:00,5.099999904632568,5.460000038146973,5.03000020980835,5.289999961853027,53200,0.0,0.0
2025-12-05 00:00:00-05:00,5.349999904632568,5.460000038146973,5.170000076293945,5.25,46000,0.0,0.0
2025-12-08 00:00:00-05:00,5.369999885559082,6.380000114440918,5.289999961853027,6.28000020980835,315100,0.0,0.0
2025-12-09 00:00:00-05:00,6.349999904632568,6.920000076293945,6.199999809265137,6.630000114440918,312600,0.0,0.0
2025-12-10 00:00:00-05:00,6.630000114440918,6.630000114440918,6.146999835968018,6.369999885559082,98800,0.0,0.0
2025-12-11 00:00:00-05:00,6.489999771118164,6.699999809265137,6.248000144958496,6.449999809265137,56700,0.0,0.0
2025-12-12 00:00:00-05:00,6.4070000648498535,6.440000057220459,6.150000095367432,6.210000038146973,70900,0.0,0.0
2025-12-15 00:00:00-05:00,6.199999809265137,6.199999809265137,5.71999979019165,5.78000020980835,95100,0.0,0.0
2025-12-16 00:00:00-05:00,5.760000228881836,6.199999809265137,5.760000228881836,6.090000152587891,51300,0.0,0.0
2025-12-17 00:00:00-05:00,6.090000152587891,6.179999828338623,5.849999904632568,5.860000133514404,40100,0.0,0.0
2025-12-18 00:00:00-05:00,5.869999885559082,6.039999961853027,5.699999809265137,5.75,73500,0.0,0.0
2025-12-19 00:00:00-05:00,5.650000095367432,5.75,4.6519999504089355,4.699999809265137,377500,0.0,0.0
2025-12-22 00:00:00-05:00,4.75,5.28000020980835,4.599999904632568,5.130000114440918,154900,0.0,0.0
2025-12-23 00:00:00-05:00,5.110000133514404,5.110000133514404,4.679999828338623,4.730000019073486,106400,0.0,0.0
2025-12-24 00:00:00-05:00,4.699999809265137,5.0,4.699999809265137,4.920000076293945,23000,0.0,0.0
2025-12-26 00:00:00-05:00,4.889999866485596,5.199999809265137,4.809999942779541,5.130000114440918,78400,0.0,0.0
2025-12-29 00:00:00-05:00,5.130000114440918,5.21999979019165,4.800000190734863,4.909999847412109,99500,0.0,0.0
2025-12-30 00:00:00-05:00,4.849999904632568,5.015999794006348,4.760000228881836,4.78000020980835,98600,0.0,0.0
2025-12-31 00:00:00-05:00,4.75,4.920000076293945,4.690000057220459,4.769999980926514,84500,0.0,0.0
2026-01-02 00:00:00-05:00,4.829999923706055,5.019999980926514,4.679999828338623,4.710000038146973,63800,0.0,0.0
2026-01-05 00:00:00-05:00,4.710000038146973,4.8979997634887695,4.559999942779541,4.800000190734863,85600,0.0,0.0
2026-01-06 00:00:00-05:00,4.75,5.079999923706055,4.739999771118164,5.050000190734863,53000,0.0,0.0
2026-01-07 00:00:00-05:00,5.010000228881836,5.480000019073486,4.920000076293945,5.389999866485596,51300,0.0,0.0
2026-01-08 00:00:00-05:00,5.420000076293945,5.454999923706055,5.090000152587891,5.110000133514404,24400,0.0,0.0
2026-01-09 00:00:00-05:00,5.170000076293945,5.25,5.007999897003174,5.079999923706055,31600,0.0,0.0
2026-01-12 00:00:00-05:00,5.119999885559082,5.239999771118164,4.940000057220459,5.179999828338623,52300,0.0,0.0
2026-01-13 00:00:00-05:00,5.190000057220459,5.366000175476074,4.940000057220459,5.099999904632568,22100,0.0,0.0
2026-01-14 00:00:00-05:00,5.010000228881836,5.179999828338623,4.980000019073486,5.059999942779541,54000,0.0,0.0
2026-01-15 00:00:00-05:00,5.110000133514404,5.110000133514404,4.75,4.789999961853027,44700,0.0,0.0
2026-01-16 00:00:00-05:00,4.75,4.822999954223633,4.369999885559082,4.550000190734863,94200,0.0,0.0
2026-01-20 00:00:00-05:00,4.380000114440918,4.849999904632568,4.380000114440918,4.679999828338623,50900,0.0,0.0
2026-01-21 00:00:00-05:00,4.639999866485596,4.679999828338623,4.110000133514404,4.179999828338623,139000,0.0,0.0
2026-01-22 00:00:00-05:00,4.235000133514404,4.480000019073486,4.179999828338623,4.190000057220459,66400,0.0,0.0
2026-01-23 00:00:00-05:00,4.239999771118164,4.239999771118164,3.9000000953674316,4.039999961853027,104300,0.0,0.0
2026-01-26 00:00:00-05:00,4.150000095367432,4.150000095367432,3.880000114440918,3.9000000953674316,70400,0.0,0.0
2026-01-27 00:00:00-05:00,3.9100000858306885,4.130000114440918,3.9100000858306885,4.010000228881836,68200,0.0,0.0
2026-01-28 00:00:00-05:00,4.0,4.078000068664551,3.549999952316284,3.549999952316284,163700,0.0,0.0
2026-01-29 00:00:00-05:00,3.5199999809265137,3.700000047683716,3.0,3.4000000953674316,160600,0.0,0.0
2026-01-30 00:00:00-05:00,3.380000114440918,3.380000114440918,3.1449999809265137,3.180000066757202,76700,0.0,0.0
2026-02-02 00:00:00-05:00,3.1500000953674316,3.2899999618530273,3.0999999046325684,3.0999999046325684,66300,0.0,0.0
2026-02-03 00:00:00-05:00,3.109999895095825,3.3499999046325684,3.109999895095825,3.190000057220459,84600,0.0,0.0
2026-02-04 00:00:00-05:00,3.140000104904175,3.243000030517578,2.9100000858306885,3.130000114440918,63800,0.0,0.0
2026-02-05 00:00:00-05:00,3.0199999809265137,3.130000114440918,2.871000051498413,2.9100000858306885,98300,0.0,0.0
2026-02-06 00:00:00-05:00,2.950000047683716,3.450000047683716,2.944999933242798,3.359999895095825,62300,0.0,0.0
2026-02-09 00:00:00-05:00,3.4100000858306885,3.640000104904175,3.299999952316284,3.4700000286102295,53200,0.0,0.0
2026-02-10 00:00:00-05:00,3.5399999618530273,3.6600000858306885,3.364000082015991,3.4000000953674316,27900,0.0,0.0
2026-02-11 00:00:00-05:00,3.440000057220459,3.4600000381469727,3.2200000286102295,3.309999942779541,19000,0.0,0.0
2026-02-12 00:00:00-05:00,3.369999885559082,3.4000000953674316,3.059999942779541,3.190000057220459,31400,0.0,0.0
2026-02-13 00:00:00-05:00,3.190000057220459,3.390000104904175,3.190000057220459,3.3399999141693115,22300,0.0,0.0
2026-02-17 00:00:00-05:00,3.3399999141693115,3.3399999141693115,3.140000104904175,3.1600000858306885,19300,0.0,0.0
2026-02-18 00:00:00-05:00,3.190000057220459,3.3499999046325684,3.1500000953674316,3.319999933242798,19800,0.0,0.0
2026-02-19 00:00:00-05:00,3.319999933242798,3.569999933242798,3.253999948501587,3.4800000190734863,23300,0.0,0.0
2026-02-20 00:00:00-05:00,3.4800000190734863,3.5,3.2699999809265137,3.2899999618530273,12200,0.0,0.0
2026-02-23 00:00:00-05:00,3.2100000381469727,3.3499999046325684,3.2100000381469727,3.240000009536743,8000,0.0,0.0
2026-02-24 00:00:00-05:00,3.2899999618530273,3.4800000190734863,3.240000009536743,3.4700000286102295,21800,0.0,0.0
2026-02-25 00:00:00-05:00,3.5299999713897705,3.549999952316284,3.200000047683716,3.369999885559082,16500,0.0,0.0
2026-02-26 00:00:00-05:00,3.069999933242798,3.3299999237060547,3.069999933242798,3.25,53200,0.0,0.0
2026-02-27 00:00:00-05:00,3.2300000190734863,3.2899999618530273,3.109999895095825,3.1600000858306885,9400,0.0,0.0
2026-03-02 00:00:00-05:00,3.2799999713897705,3.315000057220459,3.1700000762939453,3.1700000762939453,17100,0.0,0.0
2026-03-03 00:00:00-05:00,3.0,3.1670000553131104,2.9649999141693115,3.119999885559082,41400,0.0,0.0
2026-03-04 00:00:00-05:00,3.0899999141693115,3.174999952316284,3.049999952316284,3.109999895095825,14000,0.0,0.0
2026-03-05 00:00:00-05:00,3.1700000762939453,3.4210000038146973,3.0299999713897705,3.4000000953674316,42500,0.0,0.0
2026-03-06 00:00:00-05:00,3.369999885559082,3.430000066757202,3.130000114440918,3.2200000286102295,30000,0.0,0.0
2026-03-09 00:00:00-04:00,3.119999885559082,3.2790000438690186,3.0199999809265137,3.0799999237060547,33800,0.0,0.0
2026-03-10 00:00:00-04:00,3.0799999237060547,3.6500000953674316,3.0799999237060547,3.5799999237060547,48800,0.0,0.0
2026-03-11 00:00:00-04:00,3.5999999046325684,3.9200000762939453,3.506999969482422,3.869999885559082,43800,0.0,0.0
2026-03-12 00:00:00-04:00,3.759999990463257,4.440000057220459,3.759999990463257,4.179999828338623,60800,0.0,0.0
2026-03-13 00:00:00-04:00,4.25,4.640999794006348,4.090000152587891,4.260000228881836,86900,0.0,0.0
2026-03-16 00:00:00-04:00,4.170000076293945,4.185999870300293,3.549999952316284,3.819999933242798,56100,0.0,0.0
2026-03-17 00:00:00-04:00,3.8299999237060547,3.9660000801086426,3.759999990463257,3.8299999237060547,25800,0.0,0.0
2026-03-18 00:00:00-04:00,3.890000104904175,4.019999980926514,3.6600000858306885,3.7799999713897705,51100,0.0,0.0
2026-03-19 00:00:00-04:00,3.75,4.0,3.5920000076293945,4.0,15700,0.0,0.0
2026-03-20 00:00:00-04:00,4.0,4.091000080108643,3.7699999809265137,3.9100000858306885,21500,0.0,0.0
2026-03-23 00:00:00-04:00,3.7300000190734863,4.039999961853027,3.6760001182556152,3.880000114440918,24200,0.0,0.0
2026-03-24 00:00:00-04:00,3.940000057220459,3.940000057220459,3.609999895095825,3.674999952316284,18400,0.0,0.0
2026-03-25 00:00:00-04:00,3.6500000953674316,4.0,3.5799999237060547,3.700000047683716,10000,0.0,0.0
2026-03-26 00:00:00-04:00,3.759999990463257,3.759999990463257,3.5799999237060547,3.5899999141693115,18200,0.0,0.0
2026-03-27 00:00:00-04:00,3.5799999237060547,3.5799999237060547,3.309999942779541,3.5199999809265137,30200,0.0,0.0
2026-03-30 00:00:00-04:00,3.6600000858306885,3.859999895095825,3.359999895095825,3.7699999809265137,37600,0.0,0.0
2026-03-31 00:00:00-04:00,3.609999895095825,3.7230000495910645,3.509999990463257,3.7200000286102295,20600,0.0,0.0
2026-04-01 00:00:00-04:00,3.7100000381469727,3.940000057220459,3.6080000400543213,3.940000057220459,21200,0.0,0.0
2026-04-02 00:00:00-04:00,3.7100000381469727,3.869999885559082,3.609999895095825,3.7799999713897705,3800,0.0,0.0
2026-04-06 00:00:00-04:00,3.859999895095825,3.859999895095825,3.569999933242798,3.7249999046325684,15800,0.0,0.0
2026-04-07 00:00:00-04:00,3.569999933242798,3.809999942779541,3.3269999027252197,3.799999952316284,13600,0.0,0.0
2026-04-08 00:00:00-04:00,4.070000171661377,4.070000171661377,3.8380000591278076,4.059999942779541,15100,0.0,0.0
2026-04-09 00:00:00-04:00,4.010000228881836,4.510000228881836,4.0,4.110000133514404,24100,0.0,0.0
2026-04-10 00:00:00-04:00,4.010000228881836,4.224999904632568,3.880000114440918,4.039999961853027,75600,0.0,0.0
2026-04-13 00:00:00-04:00,4.119999885559082,4.239999771118164,4.039999961853027,4.139999866485596,11700,0.0,0.0
2026-04-14 00:00:00-04:00,4.110000133514404,4.164999961853027,4.0,4.139999866485596,14200,0.0,0.0
2026-04-15 00:00:00-04:00,4.130000114440918,4.144999980926514,3.9700000286102295,4.139999866485596,22600,0.0,0.0
2026-04-16 00:00:00-04:00,4.110000133514404,4.25,3.950000047683716,4.139999866485596,34500,0.0,0.0
2026-04-17 00:00:00-04:00,4.179999828338623,4.710000038146973,4.039999961853027,4.449999809265137,119900,0.0,0.0
2026-04-20 00:00:00-04:00,4.519999980926514,4.599999904632568,4.300000190734863,4.489999771118164,60100,0.0,0.0
2026-04-21 00:00:00-04:00,4.5,4.550000190734863,4.28000020980835,4.5,28700,0.0,0.0
2026-04-22 00:00:00-04:00,4.53000020980835,4.53000020980835,4.269999980926514,4.269999980926514,32400,0.0,0.0
2026-04-23 00:00:00-04:00,4.289999961853027,4.53000020980835,4.079999923706055,4.25,39800,0.0,0.0
2026-04-24 00:00:00-04:00,4.269999980926514,4.269999980926514,3.9800000190734863,4.03000020980835,31400,0.0,0.0
2026-04-27 00:00:00-04:00,4.260000228881836,4.364999771118164,4.059999942779541,4.179999828338623,37500,0.0,0.0
2026-04-28 00:00:00-04:00,4.139999866485596,4.440000057220459,4.019999980926514,4.320000171661377,33400,0.0,0.0
2026-04-29 00:00:00-04:00,4.349999904632568,4.369999885559082,4.079999923706055,4.260000228881836,7300,0.0,0.0
2026-04-30 00:00:00-04:00,4.239999771118164,4.449999809265137,4.199999809265137,4.409999847412109,16900,0.0,0.0
2026-05-01 00:00:00-04:00,4.429999828338623,4.599999904632568,4.309999942779541,4.494999885559082,30000,0.0,0.0
2026-05-04 00:00:00-04:00,4.519999980926514,4.75,4.429999828338623,4.570000171661377,29300,0.0,0.0
2026-05-05 00:00:00-04:00,4.570000171661377,4.679999828338623,4.400000095367432,4.400000095367432,19700,0.0,0.0
2026-05-06 00:00:00-04:00,4.449999809265137,4.489999771118164,4.349999904632568,4.409999847412109,9400,0.0,0.0
2026-05-07 00:00:00-04:00,4.340000152587891,4.389999866485596,3.930000066757202,4.070000171661377,39600,0.0,0.0
2026-05-08 00:00:00-04:00,4.010000228881836,4.5,4.010000228881836,4.340000152587891,36800,0.0,0.0
2026-05-11 00:00:00-04:00,4.360000133514404,4.5,4.224999904632568,4.224999904632568,41300,0.0,0.0
2026-05-12 00:00:00-04:00,4.230000019073486,4.349999904632568,4.150000095367432,4.170000076293945,29100,0.0,0.0
2026-05-13 00:00:00-04:00,4.170000076293945,4.349999904632568,4.150000095367432,4.159999847412109,27300,0.0,0.0
2026-05-14 00:00:00-04:00,4.159999847412109,4.210000038146973,4.019999980926514,4.119999885559082,55600,0.0,0.0
2026-05-15 00:00:00-04:00,4.139999866485596,4.139999866485596,3.9100000858306885,3.9200000762939453,26200,0.0,0.0
2026-05-18 00:00:00-04:00,4.03000020980835,4.119999885559082,4.03000020980835,4.090000152587891,29500,0.0,0.0
2026-05-19 00:00:00-04:00,4.090000152587891,4.110000133514404,3.8949999809265137,3.9800000190734863,11600,0.0,0.0
2026-05-20 00:00:00-04:00,4.050000190734863,4.079999923706055,3.9000000953674316,4.0,14500,0.0,0.0
2026-05-21 00:00:00-04:00,3.9000000953674316,4.135000228881836,3.9000000953674316,4.059999942779541,23500,0.0,0.0
2026-05-22 00:00:00-04:00,4.0,4.25,4.0,4.079999923706055,24800,0.0,0.0
2026-05-26 00:00:00-04:00,4.090000152587891,4.199999809265137,4.039999961853027,4.110000133514404,18400,0.0,0.0
2026-05-27 00:00:00-04:00,4.099999904632568,4.230000019073486,3.9600000381469727,4.054999828338623,86200,0.0,0.0
2026-05-28 00:00:00-04:00,4.119999885559082,4.150000095367432,4.079999923706055,4.099999904632568,8800,0.0,0.0
2026-05-29 00:00:00-04:00,4.050000190734863,4.139999866485596,3.997999906539917,4.0,19100,0.0,0.0
2026-06-01 00:00:00-04:00,3.880000114440918,3.950000047683716,3.7899999618530273,3.9000000953674316,35700,0.0,0.0
2026-06-02 00:00:00-04:00,3.828000068664551,3.869999885559082,3.700000047683716,3.75,43600,0.0,0.0
2026-06-03 00:00:00-04:00,3.7300000190734863,3.75,3.5,3.5399999618530273,19600,0.0,0.0
2026-06-04 00:00:00-04:00,3.5,3.990000009536743,3.5,3.869999885559082,57500,0.0,0.0
2026-06-05 00:00:00-04:00,3.9800000190734863,3.9800000190734863,3.4200000762939453,3.549999952316284,58000,0.0,0.0
2026-06-08 00:00:00-04:00,3.700000047683716,3.859999895095825,3.690000057220459,3.7300000190734863,20300,0.0,0.0
2026-06-09 00:00:00-04:00,3.809999942779541,3.825000047683716,3.5,3.630000114440918,28300,0.0,0.0
2026-06-10 00:00:00-04:00,3.5999999046325684,3.9549999237060547,3.5999999046325684,3.7899999618530273,25000,0.0,0.0
2026-06-11 00:00:00-04:00,3.8399999141693115,3.8399999141693115,3.5999999046325684,3.609999895095825,16400,0.0,0.0
2026-06-12 00:00:00-04:00,3.549999952316284,3.9000000953674316,3.549999952316284,3.640000104904175,58900,0.0,0.0
2026-06-15 00:00:00-04:00,3.640000104904175,3.7899999618530273,3.5799999237060547,3.5999999046325684,28900,0.0,0.0
2026-06-16 00:00:00-04:00,3.5799999237060547,3.6600000858306885,3.4200000762939453,3.4200000762939453,33400,0.0,0.0
2026-06-17 00:00:00-04:00,3.3540000915527344,3.5,3.25,3.319999933242798,30900,0.0,0.0
2026-06-18 00:00:00-04:00,3.380000114440918,3.4049999713897705,3.049999952316284,3.049999952316284,42500,0.0,0.0
2026-06-22 00:00:00-04:00,3.140000104904175,3.643199920654297,3.0201001167297363,3.4200000762939453,27492,0.0,0.0
