Date,Open,High,Low,Close,Volume,Dividends,Stock Splits
2022-01-03 00:00:00-05:00,1.0499999523162842,1.0800000429153442,1.0499999523162842,1.059999942779541,62200,0.0,0.0
2022-01-04 00:00:00-05:00,1.0700000524520874,1.0800000429153442,1.0499999523162842,1.059999942779541,30200,0.0,0.0
2022-01-05 00:00:00-05:00,1.0700000524520874,1.2000000476837158,1.0499999523162842,1.059999942779541,596500,0.0,0.0
2022-01-06 00:00:00-05:00,1.059999942779541,1.059999942779541,1.0199999809265137,1.0299999713897705,138100,0.0,0.0
2022-01-07 00:00:00-05:00,1.0299999713897705,1.0499999523162842,1.0199999809265137,1.0299999713897705,73200,0.0,0.0
2022-01-10 00:00:00-05:00,1.0199999809265137,1.0299999713897705,1.0099999904632568,1.0099999904632568,49100,0.0,0.0
2022-01-11 00:00:00-05:00,1.0199999809265137,1.0299999713897705,1.0099999904632568,1.0199999809265137,53300,0.0,0.0
2022-01-12 00:00:00-05:00,1.0299999713897705,1.0299999713897705,1.0099999904632568,1.0299999713897705,36600,0.0,0.0
2022-01-13 00:00:00-05:00,1.0199999809265137,1.0499999523162842,1.0099999904632568,1.0499999523162842,44900,0.0,0.0
2022-01-14 00:00:00-05:00,1.0499999523162842,1.0499999523162842,1.0099999904632568,1.0199999809265137,43600,0.0,0.0
2022-01-18 00:00:00-05:00,1.0099999904632568,1.0399999618530273,1.0099999904632568,1.0299999713897705,71500,0.0,0.0
2022-01-19 00:00:00-05:00,1.0499999523162842,1.0499999523162842,1.0,1.0099999904632568,101700,0.0,0.0
2022-01-20 00:00:00-05:00,1.0,1.0099999904632568,0.9900000095367432,1.0099999904632568,52300,0.0,0.0
2022-01-21 00:00:00-05:00,0.9900000095367432,1.0299999713897705,0.9599999785423279,0.9800000190734863,94300,0.0,0.0
2022-01-24 00:00:00-05:00,0.9599999785423279,0.9800000190734863,0.8700000047683716,0.9300000071525574,216600,0.0,0.0
2022-01-25 00:00:00-05:00,0.9300000071525574,1.0,0.8999999761581421,0.9399999976158142,105700,0.0,0.0
2022-01-26 00:00:00-05:00,0.9200000166893005,1.0,0.9200000166893005,0.9399999976158142,110200,0.0,0.0
2022-01-27 00:00:00-05:00,0.9399999976158142,1.0,0.9300000071525574,0.949999988079071,62700,0.0,0.0
2022-01-28 00:00:00-05:00,0.9599999785423279,0.9800000190734863,0.9100000262260437,0.9200000166893005,32600,0.0,0.0
2022-01-31 00:00:00-05:00,0.8899999856948853,0.9700000286102295,0.8899999856948853,0.9200000166893005,21300,0.0,0.0
2022-02-01 00:00:00-05:00,0.9300000071525574,1.0099999904632568,0.9300000071525574,0.9599999785423279,135000,0.0,0.0
2022-02-02 00:00:00-05:00,0.9700000286102295,0.9900000095367432,0.9300000071525574,0.9700000286102295,52400,0.0,0.0
2022-02-03 00:00:00-05:00,0.949999988079071,0.9700000286102295,0.9100000262260437,0.9200000166893005,74100,0.0,0.0
2022-02-04 00:00:00-05:00,0.9399999976158142,1.0499999523162842,0.9300000071525574,0.9700000286102295,158300,0.0,0.0
2022-02-07 00:00:00-05:00,0.9800000190734863,1.100000023841858,0.9800000190734863,1.0499999523162842,83700,0.0,0.0
2022-02-08 00:00:00-05:00,1.0499999523162842,1.059999942779541,1.0099999904632568,1.0299999713897705,35000,0.0,0.0
2022-02-09 00:00:00-05:00,0.9800000190734863,1.100000023841858,0.9800000190734863,1.0800000429153442,166700,0.0,0.0
2022-02-10 00:00:00-05:00,1.0800000429153442,1.149999976158142,1.0399999618530273,1.1200000047683716,182200,0.0,0.0
2022-02-11 00:00:00-05:00,1.1100000143051147,1.1699999570846558,1.100000023841858,1.159999966621399,141800,0.0,0.0
2022-02-14 00:00:00-05:00,1.1399999856948853,1.149999976158142,1.0800000429153442,1.090000033378601,93400,0.0,0.0
2022-02-15 00:00:00-05:00,1.090000033378601,1.1200000047683716,1.090000033378601,1.090000033378601,123800,0.0,0.0
2022-02-16 00:00:00-05:00,1.1100000143051147,1.1200000047683716,1.0800000429153442,1.1100000143051147,37400,0.0,0.0
2022-02-17 00:00:00-05:00,1.1100000143051147,1.1100000143051147,1.059999942779541,1.059999942779541,21100,0.0,0.0
2022-02-18 00:00:00-05:00,1.0800000429153442,1.090000033378601,1.0700000524520874,1.0800000429153442,20300,0.0,0.0
2022-02-22 00:00:00-05:00,1.090000033378601,1.090000033378601,1.0399999618530273,1.0399999618530273,55400,0.0,0.0
2022-02-23 00:00:00-05:00,1.0399999618530273,1.059999942779541,1.0399999618530273,1.0399999618530273,24500,0.0,0.0
2022-02-24 00:00:00-05:00,1.0399999618530273,1.0499999523162842,1.0,1.0199999809265137,98200,0.0,0.0
2022-02-25 00:00:00-05:00,1.0199999809265137,1.0399999618530273,1.0099999904632568,1.0299999713897705,26100,0.0,0.0
2022-02-28 00:00:00-05:00,1.0099999904632568,1.090000033378601,1.0099999904632568,1.0800000429153442,56000,0.0,0.0
2022-03-01 00:00:00-05:00,1.059999942779541,1.090000033378601,1.0399999618530273,1.0399999618530273,57300,0.0,0.0
2022-03-02 00:00:00-05:00,1.059999942779541,1.0700000524520874,1.0299999713897705,1.059999942779541,58800,0.0,0.0
2022-03-03 00:00:00-05:00,1.0800000429153442,1.0800000429153442,1.0299999713897705,1.0399999618530273,28700,0.0,0.0
2022-03-04 00:00:00-05:00,1.0199999809265137,1.0399999618530273,0.9900000095367432,1.0299999713897705,102300,0.0,0.0
2022-03-07 00:00:00-05:00,1.0199999809265137,1.0299999713897705,0.9599999785423279,0.9900000095367432,84100,0.0,0.0
2022-03-08 00:00:00-05:00,0.9900000095367432,1.0299999713897705,0.9800000190734863,1.0,34200,0.0,0.0
2022-03-09 00:00:00-05:00,1.0099999904632568,1.0399999618530273,1.0099999904632568,1.0199999809265137,54100,0.0,0.0
2022-03-10 00:00:00-05:00,1.0,1.0700000524520874,0.9900000095367432,1.059999942779541,540500,0.0,0.0
2022-03-11 00:00:00-05:00,1.059999942779541,1.090000033378601,1.0099999904632568,1.0399999618530273,545700,0.0,0.0
2022-03-14 00:00:00-04:00,1.0399999618530273,1.100000023841858,1.0099999904632568,1.0499999523162842,817300,0.0,0.0
2022-03-15 00:00:00-04:00,1.0700000524520874,1.100000023841858,1.0499999523162842,1.0499999523162842,449100,0.0,0.0
2022-03-16 00:00:00-04:00,1.0399999618530273,1.090000033378601,1.0299999713897705,1.059999942779541,822200,0.0,0.0
2022-03-17 00:00:00-04:00,1.1100000143051147,1.1100000143051147,1.059999942779541,1.090000033378601,205900,0.0,0.0
2022-03-18 00:00:00-04:00,1.059999942779541,1.1200000047683716,1.0299999713897705,1.090000033378601,815100,0.0,0.0
2022-03-21 00:00:00-04:00,1.100000023841858,1.1299999952316284,1.0299999713897705,1.059999942779541,319700,0.0,0.0
2022-03-22 00:00:00-04:00,1.059999942779541,1.1399999856948853,1.0499999523162842,1.1299999952316284,478700,0.0,0.0
2022-03-23 00:00:00-04:00,1.1200000047683716,1.1200000047683716,1.0399999618530273,1.0499999523162842,370400,0.0,0.0
2022-03-24 00:00:00-04:00,1.0399999618530273,1.100000023841858,1.0399999618530273,1.059999942779541,511700,0.0,0.0
2022-03-25 00:00:00-04:00,1.0499999523162842,1.1699999570846558,1.0499999523162842,1.1299999952316284,1492900,0.0,0.0
2022-03-28 00:00:00-04:00,1.1299999952316284,1.1399999856948853,1.0700000524520874,1.090000033378601,196800,0.0,0.0
2022-03-29 00:00:00-04:00,1.090000033378601,1.1100000143051147,1.0700000524520874,1.100000023841858,134800,0.0,0.0
2022-03-30 00:00:00-04:00,1.1100000143051147,1.1200000047683716,1.0700000524520874,1.090000033378601,34700,0.0,0.0
2022-03-31 00:00:00-04:00,1.0800000429153442,1.100000023841858,1.059999942779541,1.0700000524520874,58900,0.0,0.0
2022-04-01 00:00:00-04:00,1.0499999523162842,1.0700000524520874,1.0399999618530273,1.0399999618530273,64900,0.0,0.0
2022-04-04 00:00:00-04:00,1.0499999523162842,1.0700000524520874,1.0499999523162842,1.0700000524520874,70200,0.0,0.0
2022-04-05 00:00:00-04:00,1.059999942779541,1.1100000143051147,1.0499999523162842,1.100000023841858,458700,0.0,0.0
2022-04-06 00:00:00-04:00,1.100000023841858,1.149999976158142,1.0800000429153442,1.1200000047683716,475900,0.0,0.0
2022-04-07 00:00:00-04:00,1.1299999952316284,1.149999976158142,1.1100000143051147,1.1200000047683716,725000,0.0,0.0
2022-04-08 00:00:00-04:00,1.1399999856948853,1.149999976158142,1.100000023841858,1.1299999952316284,615100,0.0,0.0
2022-04-11 00:00:00-04:00,1.1299999952316284,1.159999966621399,1.1100000143051147,1.1200000047683716,109000,0.0,0.0
2022-04-12 00:00:00-04:00,1.090000033378601,1.159999966621399,1.090000033378601,1.100000023841858,186000,0.0,0.0
2022-04-13 00:00:00-04:00,1.0499999523162842,1.090000033378601,1.0199999809265137,1.059999942779541,255700,0.0,0.0
2022-04-14 00:00:00-04:00,1.059999942779541,1.090000033378601,1.059999942779541,1.0700000524520874,39300,0.0,0.0
2022-04-18 00:00:00-04:00,1.0499999523162842,1.0700000524520874,1.0499999523162842,1.0499999523162842,41500,0.0,0.0
2022-04-19 00:00:00-04:00,1.0499999523162842,1.059999942779541,1.0399999618530273,1.059999942779541,41700,0.0,0.0
2022-04-20 00:00:00-04:00,1.090000033378601,1.090000033378601,1.059999942779541,1.059999942779541,35900,0.0,0.0
2022-04-21 00:00:00-04:00,1.0700000524520874,1.0700000524520874,1.0499999523162842,1.059999942779541,26200,0.0,0.0
2022-04-22 00:00:00-04:00,1.0700000524520874,1.0700000524520874,1.0199999809265137,1.0199999809265137,48300,0.0,0.0
2022-04-25 00:00:00-04:00,1.0199999809265137,1.059999942779541,1.0099999904632568,1.0199999809265137,63700,0.0,0.0
2022-04-26 00:00:00-04:00,1.0199999809265137,1.0199999809265137,0.9700000286102295,0.9800000190734863,78300,0.0,0.0
2022-04-27 00:00:00-04:00,1.0099999904632568,1.0299999713897705,0.9900000095367432,1.0099999904632568,84700,0.0,0.0
2022-04-28 00:00:00-04:00,1.0199999809265137,1.0499999523162842,1.0099999904632568,1.0199999809265137,39800,0.0,0.0
2022-04-29 00:00:00-04:00,1.0299999713897705,1.0399999618530273,0.9900000095367432,1.0,65400,0.0,0.0
2022-05-02 00:00:00-04:00,1.0,1.0099999904632568,0.9700000286102295,1.0,89700,0.0,0.0
2022-05-03 00:00:00-04:00,1.0,1.0,0.9800000190734863,1.0,68600,0.0,0.0
2022-05-04 00:00:00-04:00,1.0,1.0299999713897705,0.9900000095367432,1.0199999809265137,8100,0.0,0.0
2022-05-05 00:00:00-04:00,1.0299999713897705,1.0299999713897705,0.9700000286102295,1.0299999713897705,25300,0.0,0.0
2022-05-06 00:00:00-04:00,1.0499999523162842,1.0499999523162842,0.9700000286102295,1.0,62800,0.0,0.0
2022-05-09 00:00:00-04:00,0.9700000286102295,1.0,0.9200000166893005,0.9300000071525574,84100,0.0,0.0
2022-05-10 00:00:00-04:00,0.8999999761581421,0.9300000071525574,0.8199999928474426,0.9200000166893005,524900,0.0,0.0
2022-05-11 00:00:00-04:00,0.9100000262260437,0.9200000166893005,0.8299999833106995,0.8399999737739563,359900,0.0,0.0
2022-05-12 00:00:00-04:00,0.8500000238418579,0.8799999952316284,0.8500000238418579,0.8600000143051147,120100,0.0,0.0
2022-05-13 00:00:00-04:00,0.8700000047683716,0.9800000190734863,0.8500000238418579,0.8700000047683716,370000,0.0,0.0
2022-05-16 00:00:00-04:00,0.8999999761581421,0.9100000262260437,0.8500000238418579,0.8600000143051147,130400,0.0,0.0
2022-05-17 00:00:00-04:00,0.8399999737739563,0.9100000262260437,0.8399999737739563,0.8999999761581421,190300,0.0,0.0
2022-05-18 00:00:00-04:00,0.8999999761581421,0.9100000262260437,0.8600000143051147,0.8799999952316284,76500,0.0,0.0
2022-05-19 00:00:00-04:00,0.8899999856948853,0.8999999761581421,0.8799999952316284,0.8899999856948853,81100,0.0,0.0
2022-05-20 00:00:00-04:00,0.8700000047683716,0.8899999856948853,0.8600000143051147,0.8799999952316284,33700,0.0,0.0
2022-05-23 00:00:00-04:00,0.8799999952316284,0.8799999952316284,0.8500000238418579,0.8700000047683716,67500,0.0,0.0
2022-05-24 00:00:00-04:00,0.8799999952316284,0.8899999856948853,0.8500000238418579,0.8600000143051147,33300,0.0,0.0
2022-05-25 00:00:00-04:00,0.8700000047683716,0.8999999761581421,0.8500000238418579,0.8700000047683716,62900,0.0,0.0
2022-05-26 00:00:00-04:00,0.8500000238418579,0.8999999761581421,0.8500000238418579,0.8899999856948853,124400,0.0,0.0
2022-05-27 00:00:00-04:00,0.8799999952316284,0.9100000262260437,0.8700000047683716,0.8899999856948853,63700,0.0,0.0
2022-05-31 00:00:00-04:00,0.8799999952316284,0.9100000262260437,0.8799999952316284,0.8999999761581421,71000,0.0,0.0
2022-06-01 00:00:00-04:00,0.9100000262260437,0.9100000262260437,0.8899999856948853,0.8999999761581421,10000,0.0,0.0
2022-06-02 00:00:00-04:00,0.8999999761581421,0.9599999785423279,0.8799999952316284,0.9300000071525574,127800,0.0,0.0
2022-06-03 00:00:00-04:00,0.9399999976158142,0.9700000286102295,0.9200000166893005,0.949999988079071,50200,0.0,0.0
2022-06-06 00:00:00-04:00,0.949999988079071,0.9800000190734863,0.9300000071525574,0.9399999976158142,41400,0.0,0.0
2022-06-07 00:00:00-04:00,0.9100000262260437,0.9700000286102295,0.9100000262260437,0.9399999976158142,95800,0.0,0.0
2022-06-08 00:00:00-04:00,0.9599999785423279,0.9900000095367432,0.9300000071525574,0.949999988079071,96500,0.0,0.0
2022-06-09 00:00:00-04:00,0.9800000190734863,1.0099999904632568,0.9300000071525574,0.9900000095367432,108900,0.0,0.0
2022-06-10 00:00:00-04:00,0.9900000095367432,1.0499999523162842,0.949999988079071,0.9800000190734863,180600,0.0,0.0
2022-06-13 00:00:00-04:00,0.9800000190734863,0.9900000095367432,0.8799999952316284,0.9300000071525574,172700,0.0,0.0
2022-06-14 00:00:00-04:00,0.9300000071525574,1.0099999904632568,0.9300000071525574,0.9599999785423279,193600,0.0,0.0
2022-06-15 00:00:00-04:00,0.9700000286102295,1.059999942779541,0.9300000071525574,1.0399999618530273,232000,0.0,0.0
2022-06-16 00:00:00-04:00,0.9900000095367432,1.059999942779541,0.949999988079071,1.0,175600,0.0,0.0
2022-06-17 00:00:00-04:00,0.9800000190734863,1.0499999523162842,0.9800000190734863,1.0199999809265137,125300,0.0,0.0
2022-06-21 00:00:00-04:00,1.0499999523162842,1.090000033378601,1.0099999904632568,1.0700000524520874,163100,0.0,0.0
2022-06-22 00:00:00-04:00,1.0499999523162842,1.090000033378601,1.0199999809265137,1.0800000429153442,188000,0.0,0.0
2022-06-23 00:00:00-04:00,1.059999942779541,1.100000023841858,0.9599999785423279,0.9800000190734863,219400,0.0,0.0
2022-06-24 00:00:00-04:00,1.0099999904632568,1.100000023841858,0.9800000190734863,1.059999942779541,136400,0.0,0.0
2022-06-27 00:00:00-04:00,1.059999942779541,1.100000023841858,1.059999942779541,1.090000033378601,181100,0.0,0.0
2022-06-28 00:00:00-04:00,1.100000023841858,1.1299999952316284,1.059999942779541,1.059999942779541,247100,0.0,0.0
2022-06-29 00:00:00-04:00,1.059999942779541,1.1100000143051147,1.0299999713897705,1.0700000524520874,126300,0.0,0.0
2022-06-30 00:00:00-04:00,1.0700000524520874,1.1100000143051147,1.0299999713897705,1.090000033378601,81000,0.0,0.0
2022-07-01 00:00:00-04:00,1.0700000524520874,1.1299999952316284,1.0700000524520874,1.1100000143051147,159700,0.0,0.0
2022-07-05 00:00:00-04:00,1.1200000047683716,1.1299999952316284,1.0800000429153442,1.1100000143051147,19400,0.0,0.0
2022-07-06 00:00:00-04:00,1.1200000047683716,1.159999966621399,1.1100000143051147,1.1100000143051147,111800,0.0,0.0
2022-07-07 00:00:00-04:00,1.1200000047683716,1.1699999570846558,1.1200000047683716,1.1699999570846558,156200,0.0,0.0
2022-07-08 00:00:00-04:00,1.1699999570846558,1.2100000381469727,1.1699999570846558,1.190000057220459,137300,0.0,0.0
2022-07-11 00:00:00-04:00,1.190000057220459,1.2300000190734863,1.159999966621399,1.2100000381469727,163600,0.0,0.0
2022-07-12 00:00:00-04:00,1.2200000286102295,1.25,1.2000000476837158,1.2300000190734863,126900,0.0,0.0
2022-07-13 00:00:00-04:00,1.2000000476837158,1.2699999809265137,1.2000000476837158,1.25,164700,0.0,0.0
2022-07-14 00:00:00-04:00,1.2699999809265137,1.2699999809265137,1.2100000381469727,1.2599999904632568,139400,0.0,0.0
2022-07-15 00:00:00-04:00,1.2699999809265137,1.2999999523162842,1.25,1.2899999618530273,132000,0.0,0.0
2022-07-18 00:00:00-04:00,1.3200000524520874,1.3600000143051147,1.2999999523162842,1.340000033378601,132000,0.0,0.0
2022-07-19 00:00:00-04:00,1.340000033378601,1.3799999952316284,1.3200000524520874,1.340000033378601,150400,0.0,0.0
2022-07-20 00:00:00-04:00,1.3700000047683716,1.3899999856948853,1.3300000429153442,1.3799999952316284,145400,0.0,0.0
2022-07-21 00:00:00-04:00,1.3899999856948853,1.4299999475479126,1.3700000047683716,1.399999976158142,160700,0.0,0.0
2022-07-22 00:00:00-04:00,1.4500000476837158,1.4500000476837158,1.2000000476837158,1.2999999523162842,378500,0.0,0.0
2022-07-25 00:00:00-04:00,1.2400000095367432,1.3700000047683716,1.2400000095367432,1.3300000429153442,99900,0.0,0.0
2022-07-26 00:00:00-04:00,1.3200000524520874,1.3600000143051147,1.2999999523162842,1.3300000429153442,44900,0.0,0.0
2022-07-27 00:00:00-04:00,1.3200000524520874,1.350000023841858,1.2599999904632568,1.2599999904632568,93600,0.0,0.0
2022-07-28 00:00:00-04:00,1.2799999713897705,1.350000023841858,1.2599999904632568,1.3200000524520874,142900,0.0,0.0
2022-07-29 00:00:00-04:00,1.2899999618530273,1.350000023841858,1.2799999713897705,1.350000023841858,88300,0.0,0.0
2022-08-01 00:00:00-04:00,1.350000023841858,1.3600000143051147,1.2999999523162842,1.350000023841858,65800,0.0,0.0
2022-08-02 00:00:00-04:00,1.350000023841858,1.350000023841858,1.309999942779541,1.3200000524520874,48800,0.0,0.0
2022-08-03 00:00:00-04:00,1.3300000429153442,1.3600000143051147,1.3200000524520874,1.350000023841858,41100,0.0,0.0
2022-08-04 00:00:00-04:00,1.3600000143051147,1.3899999856948853,1.3600000143051147,1.3799999952316284,41400,0.0,0.0
2022-08-05 00:00:00-04:00,1.3799999952316284,1.399999976158142,1.3600000143051147,1.399999976158142,45500,0.0,0.0
2022-08-08 00:00:00-04:00,1.3899999856948853,1.399999976158142,1.3700000047683716,1.3799999952316284,48000,0.0,0.0
2022-08-09 00:00:00-04:00,1.350000023841858,1.3899999856948853,1.3300000429153442,1.3600000143051147,83600,0.0,0.0
2022-08-10 00:00:00-04:00,1.3600000143051147,1.3700000047683716,1.3300000429153442,1.340000033378601,51300,0.0,0.0
2022-08-11 00:00:00-04:00,1.309999942779541,1.399999976158142,1.309999942779541,1.3799999952316284,82800,0.0,0.0
2022-08-12 00:00:00-04:00,1.3899999856948853,1.3899999856948853,1.340000033378601,1.3799999952316284,28900,0.0,0.0
2022-08-15 00:00:00-04:00,1.3899999856948853,1.4199999570846558,1.3799999952316284,1.409999966621399,39300,0.0,0.0
2022-08-16 00:00:00-04:00,1.3899999856948853,1.409999966621399,1.3799999952316284,1.3899999856948853,45300,0.0,0.0
2022-08-17 00:00:00-04:00,1.3600000143051147,1.4199999570846558,1.3600000143051147,1.3700000047683716,16000,0.0,0.0
2022-08-18 00:00:00-04:00,1.3600000143051147,1.3799999952316284,1.340000033378601,1.3600000143051147,27300,0.0,0.0
2022-08-19 00:00:00-04:00,1.3600000143051147,1.3799999952316284,1.350000023841858,1.350000023841858,22600,0.0,0.0
2022-08-22 00:00:00-04:00,1.350000023841858,1.350000023841858,1.25,1.2799999713897705,87500,0.0,0.0
2022-08-23 00:00:00-04:00,1.25,1.3300000429153442,1.25,1.309999942779541,88100,0.0,0.0
2022-08-24 00:00:00-04:00,1.340000033378601,1.350000023841858,1.3200000524520874,1.340000033378601,47900,0.0,0.0
2022-08-25 00:00:00-04:00,1.340000033378601,1.350000023841858,1.3200000524520874,1.3200000524520874,29900,0.0,0.0
2022-08-26 00:00:00-04:00,1.309999942779541,1.350000023841858,1.2899999618530273,1.2899999618530273,38500,0.0,0.0
2022-08-29 00:00:00-04:00,1.2100000381469727,1.2699999809265137,1.1799999475479126,1.2599999904632568,103000,0.0,0.0
2022-08-30 00:00:00-04:00,1.2300000190734863,1.25,1.2000000476837158,1.2200000286102295,32800,0.0,0.0
2022-08-31 00:00:00-04:00,1.190000057220459,1.2100000381469727,1.1699999570846558,1.190000057220459,32100,0.0,0.0
2022-09-01 00:00:00-04:00,1.1699999570846558,1.25,1.1699999570846558,1.2400000095367432,92900,0.0,0.0
2022-09-02 00:00:00-04:00,1.2200000286102295,1.2200000286102295,1.1699999570846558,1.190000057220459,26000,0.0,0.0
2022-09-06 00:00:00-04:00,1.25,1.25,1.2200000286102295,1.2400000095367432,20900,0.0,0.0
2022-09-07 00:00:00-04:00,1.2300000190734863,1.2799999713897705,1.2200000286102295,1.2799999713897705,28400,0.0,0.0
2022-09-08 00:00:00-04:00,1.2000000476837158,1.2400000095367432,1.2000000476837158,1.2300000190734863,19100,0.0,0.0
2022-09-09 00:00:00-04:00,1.2000000476837158,1.2799999713897705,1.2000000476837158,1.2000000476837158,97500,0.0,0.0
2022-09-12 00:00:00-04:00,1.2200000286102295,1.2300000190734863,1.2000000476837158,1.2100000381469727,30000,0.0,0.0
2022-09-13 00:00:00-04:00,1.2100000381469727,1.2300000190734863,1.1799999475479126,1.2300000190734863,15300,0.0,0.0
2022-09-14 00:00:00-04:00,1.2000000476837158,1.2000000476837158,1.159999966621399,1.159999966621399,27400,0.0,0.0
2022-09-15 00:00:00-04:00,1.1299999952316284,1.2000000476837158,1.1299999952316284,1.2000000476837158,18600,0.0,0.0
2022-09-16 00:00:00-04:00,1.1299999952316284,1.190000057220459,1.1299999952316284,1.1399999856948853,64700,0.0,0.0
2022-09-19 00:00:00-04:00,1.1399999856948853,1.2000000476837158,1.1399999856948853,1.2000000476837158,25700,0.0,0.0
2022-09-20 00:00:00-04:00,1.3600000143051147,1.3600000143051147,1.1799999475479126,1.2300000190734863,33500,0.0,0.0
2022-09-21 00:00:00-04:00,1.2200000286102295,1.2300000190734863,1.159999966621399,1.2300000190734863,65400,0.0,0.0
2022-09-22 00:00:00-04:00,1.2100000381469727,1.2100000381469727,1.1399999856948853,1.159999966621399,20400,0.0,0.0
2022-09-23 00:00:00-04:00,1.190000057220459,1.3600000143051147,1.149999976158142,1.2999999523162842,234300,0.0,0.0
2022-09-26 00:00:00-04:00,1.2999999523162842,1.3899999856948853,1.2899999618530273,1.350000023841858,102500,0.0,0.0
2022-09-27 00:00:00-04:00,1.3899999856948853,1.440000057220459,1.340000033378601,1.3799999952316284,104700,0.0,0.0
2022-09-28 00:00:00-04:00,1.350000023841858,1.440000057220459,1.350000023841858,1.4299999475479126,88000,0.0,0.0
2022-09-29 00:00:00-04:00,1.409999966621399,1.4299999475479126,1.3700000047683716,1.3899999856948853,79100,0.0,0.0
2022-09-30 00:00:00-04:00,1.3899999856948853,1.4299999475479126,1.3700000047683716,1.399999976158142,65800,0.0,0.0
2022-10-03 00:00:00-04:00,1.409999966621399,1.4500000476837158,1.399999976158142,1.440000057220459,33800,0.0,0.0
2022-10-04 00:00:00-04:00,1.4500000476837158,1.559999942779541,1.4299999475479126,1.4800000190734863,106600,0.0,0.0
2022-10-05 00:00:00-04:00,1.5099999904632568,1.5199999809265137,1.3600000143051147,1.4600000381469727,51400,0.0,0.0
2022-10-06 00:00:00-04:00,1.4900000095367432,1.4900000095367432,1.4500000476837158,1.4900000095367432,37800,0.0,0.0
2022-10-07 00:00:00-04:00,1.5,1.5199999809265137,1.399999976158142,1.4900000095367432,38300,0.0,0.0
2022-10-10 00:00:00-04:00,1.5,1.5499999523162842,1.4600000381469727,1.5299999713897705,72700,0.0,0.0
2022-10-11 00:00:00-04:00,1.5,1.559999942779541,1.4600000381469727,1.5099999904632568,35700,0.0,0.0
2022-10-12 00:00:00-04:00,1.5399999618530273,1.5399999618530273,1.5,1.5199999809265137,26500,0.0,0.0
2022-10-13 00:00:00-04:00,1.5299999713897705,1.5800000429153442,1.5299999713897705,1.5700000524520874,50100,0.0,0.0
2022-10-14 00:00:00-04:00,1.5700000524520874,1.5800000429153442,1.559999942779541,1.559999942779541,30300,0.0,0.0
2022-10-17 00:00:00-04:00,1.5800000429153442,1.600000023841858,1.5299999713897705,1.559999942779541,39100,0.0,0.0
2022-10-18 00:00:00-04:00,1.600000023841858,1.6100000143051147,1.5199999809265137,1.590000033378601,97100,0.0,0.0
2022-10-19 00:00:00-04:00,1.590000033378601,1.7000000476837158,1.590000033378601,1.690000057220459,101500,0.0,0.0
2022-10-20 00:00:00-04:00,1.7000000476837158,1.7799999713897705,1.690000057220459,1.7699999809265137,174100,0.0,0.0
2022-10-21 00:00:00-04:00,1.7899999618530273,1.7899999618530273,1.7300000190734863,1.7699999809265137,62400,0.0,0.0
2022-10-24 00:00:00-04:00,1.809999942779541,1.8600000143051147,1.649999976158142,1.6799999475479126,204900,0.0,0.0
2022-10-25 00:00:00-04:00,1.7000000476837158,1.7100000381469727,1.6299999952316284,1.6699999570846558,104500,0.0,0.0
2022-10-26 00:00:00-04:00,1.7000000476837158,1.840000033378601,1.6699999570846558,1.7999999523162842,107900,0.0,0.0
2022-10-27 00:00:00-04:00,1.7899999618530273,1.9199999570846558,1.7899999618530273,1.850000023841858,192800,0.0,0.0
2022-10-28 00:00:00-04:00,1.8200000524520874,1.899999976158142,1.7899999618530273,1.8899999856948853,82500,0.0,0.0
2022-10-31 00:00:00-04:00,1.899999976158142,1.9700000286102295,1.899999976158142,1.9600000381469727,129000,0.0,0.0
2022-11-01 00:00:00-04:00,1.9900000095367432,2.1700000762939453,1.9900000095367432,2.1600000858306885,343100,0.0,0.0
2022-11-02 00:00:00-04:00,2.1600000858306885,2.2799999713897705,1.899999976158142,1.9700000286102295,384600,0.0,0.0
2022-11-03 00:00:00-04:00,2.0199999809265137,2.049999952316284,1.5399999618530273,1.7200000286102295,554000,0.0,0.0
2022-11-04 00:00:00-04:00,1.7100000381469727,1.9199999570846558,1.309999942779541,1.3200000524520874,395800,0.0,0.0
2022-11-07 00:00:00-05:00,1.2999999523162842,1.3799999952316284,1.2000000476837158,1.350000023841858,178300,0.0,0.0
2022-11-08 00:00:00-05:00,1.3200000524520874,1.5299999713897705,1.309999942779541,1.5199999809265137,188600,0.0,0.0
2022-11-09 00:00:00-05:00,1.4800000190734863,1.649999976158142,1.4700000286102295,1.5499999523162842,138300,0.0,0.0
2022-11-10 00:00:00-05:00,1.5700000524520874,1.649999976158142,1.5,1.5399999618530273,188300,0.0,0.0
2022-11-11 00:00:00-05:00,1.5399999618530273,1.600000023841858,1.5,1.5199999809265137,51000,0.0,0.0
2022-11-14 00:00:00-05:00,1.4800000190734863,1.5,1.4199999570846558,1.4700000286102295,67600,0.0,0.0
2022-11-15 00:00:00-05:00,1.440000057220459,1.5199999809265137,1.4199999570846558,1.5,55900,0.0,0.0
2022-11-16 00:00:00-05:00,1.5199999809265137,1.5199999809265137,1.4500000476837158,1.5099999904632568,37000,0.0,0.0
2022-11-17 00:00:00-05:00,1.5,1.600000023841858,1.5,1.5299999713897705,108400,0.0,0.0
2022-11-18 00:00:00-05:00,1.5499999523162842,1.5800000429153442,1.5199999809265137,1.5499999523162842,54700,0.0,0.0
2022-11-21 00:00:00-05:00,1.5299999713897705,1.5299999713897705,1.4800000190734863,1.4900000095367432,71000,0.0,0.0
2022-11-22 00:00:00-05:00,1.5,1.5399999618530273,1.4600000381469727,1.5299999713897705,100300,0.0,0.0
2022-11-23 00:00:00-05:00,1.5399999618530273,1.6399999856948853,1.5299999713897705,1.6200000047683716,64800,0.0,0.0
2022-11-25 00:00:00-05:00,1.649999976158142,1.649999976158142,1.590000033378601,1.6200000047683716,29000,0.0,0.0
2022-11-28 00:00:00-05:00,1.6399999856948853,1.7000000476837158,1.6299999952316284,1.6399999856948853,108300,0.0,0.0
2022-11-29 00:00:00-05:00,1.6299999952316284,1.690000057220459,1.6200000047683716,1.690000057220459,43500,0.0,0.0
2022-11-30 00:00:00-05:00,1.690000057220459,1.7899999618530273,1.6200000047683716,1.7899999618530273,61900,0.0,0.0
2022-12-01 00:00:00-05:00,1.7999999523162842,1.7999999523162842,1.6699999570846558,1.7300000190734863,47400,0.0,0.0
2022-12-02 00:00:00-05:00,1.7400000095367432,1.75,1.659999966621399,1.7000000476837158,27600,0.0,0.0
2022-12-05 00:00:00-05:00,1.6699999570846558,1.6799999475479126,1.6200000047683716,1.6299999952316284,43800,0.0,0.0
2022-12-06 00:00:00-05:00,1.6100000143051147,1.649999976158142,1.5700000524520874,1.6299999952316284,41200,0.0,0.0
2022-12-07 00:00:00-05:00,1.600000023841858,1.649999976158142,1.559999942779541,1.6100000143051147,31500,0.0,0.0
2022-12-08 00:00:00-05:00,1.600000023841858,1.649999976158142,1.4800000190734863,1.590000033378601,81000,0.0,0.0
2022-12-09 00:00:00-05:00,1.6100000143051147,1.6100000143051147,1.5199999809265137,1.600000023841858,30600,0.0,0.0
2022-12-12 00:00:00-05:00,1.559999942779541,1.600000023841858,1.5299999713897705,1.5700000524520874,71000,0.0,0.0
2022-12-13 00:00:00-05:00,1.5700000524520874,1.6399999856948853,1.5299999713897705,1.590000033378601,56700,0.0,0.0
2022-12-14 00:00:00-05:00,1.5800000429153442,1.6100000143051147,1.5700000524520874,1.5800000429153442,61700,0.0,0.0
2022-12-15 00:00:00-05:00,1.559999942779541,1.6100000143051147,1.5399999618530273,1.590000033378601,49600,0.0,0.0
2022-12-16 00:00:00-05:00,1.5499999523162842,1.590000033378601,1.5199999809265137,1.590000033378601,69900,0.0,0.0
2022-12-19 00:00:00-05:00,1.5399999618530273,1.600000023841858,1.4199999570846558,1.4500000476837158,94200,0.0,0.0
2022-12-20 00:00:00-05:00,1.4199999570846558,1.5399999618530273,1.3799999952316284,1.3799999952316284,35500,0.0,0.0
2022-12-21 00:00:00-05:00,1.3600000143051147,1.5,1.3600000143051147,1.4700000286102295,15000,0.0,0.0
2022-12-22 00:00:00-05:00,1.4900000095367432,1.5199999809265137,1.350000023841858,1.409999966621399,91400,0.0,0.0
2022-12-23 00:00:00-05:00,1.4299999475479126,1.4299999475479126,1.3600000143051147,1.399999976158142,30200,0.0,0.0
2022-12-27 00:00:00-05:00,1.3899999856948853,1.600000023841858,1.350000023841858,1.4800000190734863,140200,0.0,0.0
2022-12-28 00:00:00-05:00,1.4600000381469727,1.5800000429153442,1.4600000381469727,1.5199999809265137,29600,0.0,0.0
2022-12-29 00:00:00-05:00,1.559999942779541,1.5700000524520874,1.5199999809265137,1.5199999809265137,21700,0.0,0.0
2022-12-30 00:00:00-05:00,1.4900000095367432,1.5800000429153442,1.4900000095367432,1.5800000429153442,42000,0.0,0.0
2023-01-03 00:00:00-05:00,1.559999942779541,1.5700000524520874,1.5199999809265137,1.5399999618530273,30200,0.0,0.0
2023-01-04 00:00:00-05:00,1.5299999713897705,1.600000023841858,1.5299999713897705,1.559999942779541,48000,0.0,0.0
2023-01-05 00:00:00-05:00,1.5399999618530273,1.559999942779541,1.4700000286102295,1.5499999523162842,73300,0.0,0.0
2023-01-06 00:00:00-05:00,1.5,1.659999966621399,1.5,1.649999976158142,109800,0.0,0.0
2023-01-09 00:00:00-05:00,1.6399999856948853,1.75,1.5800000429153442,1.7200000286102295,123600,0.0,0.0
2023-01-10 00:00:00-05:00,1.7300000190734863,1.9900000095367432,1.7200000286102295,1.9600000381469727,321800,0.0,0.0
2023-01-11 00:00:00-05:00,1.9299999475479126,1.9500000476837158,1.8200000524520874,1.850000023841858,102000,0.0,0.0
2023-01-12 00:00:00-05:00,1.9199999570846558,1.9199999570846558,1.840000033378601,1.850000023841858,35900,0.0,0.0
2023-01-13 00:00:00-05:00,1.8300000429153442,1.9299999475479126,1.809999942779541,1.8700000047683716,38500,0.0,0.0
2023-01-17 00:00:00-05:00,1.8799999952316284,1.9299999475479126,1.8300000429153442,1.850000023841858,24600,0.0,0.0
2023-01-18 00:00:00-05:00,1.8300000429153442,1.8300000429153442,1.6100000143051147,1.659999966621399,117900,0.0,0.0
2023-01-19 00:00:00-05:00,1.6200000047683716,1.659999966621399,1.5800000429153442,1.600000023841858,82900,0.0,0.0
2023-01-20 00:00:00-05:00,1.6299999952316284,1.6699999570846558,1.5700000524520874,1.6299999952316284,51000,0.0,0.0
2023-01-23 00:00:00-05:00,1.600000023841858,1.7200000286102295,1.600000023841858,1.7000000476837158,71500,0.0,0.0
2023-01-24 00:00:00-05:00,1.7200000286102295,1.7200000286102295,1.6299999952316284,1.649999976158142,48400,0.0,0.0
2023-01-25 00:00:00-05:00,1.6799999475479126,1.7200000286102295,1.649999976158142,1.7200000286102295,23400,0.0,0.0
2023-01-26 00:00:00-05:00,1.7200000286102295,1.7200000286102295,1.6799999475479126,1.7000000476837158,25300,0.0,0.0
2023-01-27 00:00:00-05:00,1.7200000286102295,1.7200000286102295,1.649999976158142,1.6799999475479126,32300,0.0,0.0
2023-01-30 00:00:00-05:00,1.6799999475479126,1.7100000381469727,1.6699999570846558,1.6799999475479126,29300,0.0,0.0
2023-01-31 00:00:00-05:00,1.6799999475479126,1.7999999523162842,1.6799999475479126,1.7899999618530273,46300,0.0,0.0
2023-02-01 00:00:00-05:00,1.7599999904632568,1.7999999523162842,1.690000057220459,1.75,31500,0.0,0.0
2023-02-02 00:00:00-05:00,1.7899999618530273,1.7899999618530273,1.5199999809265137,1.600000023841858,215000,0.0,0.0
2023-02-03 00:00:00-05:00,1.6200000047683716,1.690000057220459,1.6200000047683716,1.6399999856948853,31800,0.0,0.0
2023-02-06 00:00:00-05:00,1.6100000143051147,1.6299999952316284,1.5800000429153442,1.6299999952316284,54500,0.0,0.0
2023-02-07 00:00:00-05:00,1.6299999952316284,1.6399999856948853,1.5700000524520874,1.5700000524520874,31900,0.0,0.0
2023-02-08 00:00:00-05:00,1.5499999523162842,1.600000023841858,1.5199999809265137,1.5800000429153442,39700,0.0,0.0
2023-02-09 00:00:00-05:00,1.6100000143051147,1.6100000143051147,1.5499999523162842,1.5700000524520874,11700,0.0,0.0
2023-02-10 00:00:00-05:00,1.5399999618530273,1.5800000429153442,1.5399999618530273,1.5700000524520874,18100,0.0,0.0
2023-02-13 00:00:00-05:00,1.5800000429153442,1.600000023841858,1.5399999618530273,1.5399999618530273,24400,0.0,0.0
2023-02-14 00:00:00-05:00,1.5700000524520874,1.5700000524520874,1.5499999523162842,1.5700000524520874,17400,0.0,0.0
2023-02-15 00:00:00-05:00,1.5499999523162842,1.590000033378601,1.5499999523162842,1.590000033378601,25100,0.0,0.0
2023-02-16 00:00:00-05:00,1.5499999523162842,1.600000023841858,1.5499999523162842,1.5700000524520874,17600,0.0,0.0
2023-02-17 00:00:00-05:00,1.5700000524520874,1.600000023841858,1.5700000524520874,1.590000033378601,20500,0.0,0.0
2023-02-21 00:00:00-05:00,1.5700000524520874,1.6299999952316284,1.5700000524520874,1.590000033378601,35600,0.0,0.0
2023-02-22 00:00:00-05:00,1.5800000429153442,1.6299999952316284,1.5800000429153442,1.600000023841858,12100,0.0,0.0
2023-02-23 00:00:00-05:00,1.6200000047683716,1.6299999952316284,1.5700000524520874,1.590000033378601,46000,0.0,0.0
2023-02-24 00:00:00-05:00,1.600000023841858,1.6200000047683716,1.5800000429153442,1.6100000143051147,35900,0.0,0.0
2023-02-27 00:00:00-05:00,1.6200000047683716,1.6299999952316284,1.590000033378601,1.600000023841858,31600,0.0,0.0
2023-02-28 00:00:00-05:00,1.600000023841858,1.6399999856948853,1.590000033378601,1.6100000143051147,87900,0.0,0.0
2023-03-01 00:00:00-05:00,1.6399999856948853,1.6399999856948853,1.590000033378601,1.590000033378601,51900,0.0,0.0
2023-03-02 00:00:00-05:00,1.5700000524520874,1.590000033378601,1.559999942779541,1.5800000429153442,23200,0.0,0.0
2023-03-03 00:00:00-05:00,1.559999942779541,1.600000023841858,1.559999942779541,1.600000023841858,16800,0.0,0.0
2023-03-06 00:00:00-05:00,1.6299999952316284,1.6299999952316284,1.559999942779541,1.5700000524520874,24700,0.0,0.0
2023-03-07 00:00:00-05:00,1.5800000429153442,1.5800000429153442,1.5199999809265137,1.5299999713897705,31100,0.0,0.0
2023-03-08 00:00:00-05:00,1.5299999713897705,1.5700000524520874,1.5,1.5,50400,0.0,0.0
2023-03-09 00:00:00-05:00,1.5700000524520874,1.5800000429153442,1.5,1.5,66000,0.0,0.0
2023-03-10 00:00:00-05:00,1.5,1.5299999713897705,1.4500000476837158,1.4500000476837158,45400,0.0,0.0
2023-03-13 00:00:00-04:00,1.409999966621399,1.4900000095367432,1.3600000143051147,1.4500000476837158,38400,0.0,0.0
2023-03-14 00:00:00-04:00,1.4700000286102295,1.5399999618530273,1.4199999570846558,1.4700000286102295,22600,0.0,0.0
2023-03-15 00:00:00-04:00,1.440000057220459,1.4700000286102295,1.4199999570846558,1.4199999570846558,31000,0.0,0.0
2023-03-16 00:00:00-04:00,1.440000057220459,1.4500000476837158,1.4199999570846558,1.4500000476837158,37100,0.0,0.0
2023-03-17 00:00:00-04:00,1.440000057220459,1.5199999809265137,1.440000057220459,1.5199999809265137,31000,0.0,0.0
2023-03-20 00:00:00-04:00,1.4900000095367432,1.5499999523162842,1.440000057220459,1.4500000476837158,26700,0.0,0.0
2023-03-21 00:00:00-04:00,1.5499999523162842,1.5499999523162842,1.4500000476837158,1.4500000476837158,13000,0.0,0.0
2023-03-22 00:00:00-04:00,1.4500000476837158,1.4900000095367432,1.4500000476837158,1.4600000381469727,7100,0.0,0.0
2023-03-23 00:00:00-04:00,1.4500000476837158,1.4700000286102295,1.440000057220459,1.4500000476837158,20800,0.0,0.0
2023-03-24 00:00:00-04:00,1.4500000476837158,1.4500000476837158,1.4299999475479126,1.440000057220459,9400,0.0,0.0
2023-03-27 00:00:00-04:00,1.440000057220459,1.4800000190734863,1.4299999475479126,1.4700000286102295,13700,0.0,0.0
2023-03-28 00:00:00-04:00,1.4800000190734863,1.4900000095367432,1.440000057220459,1.4600000381469727,9300,0.0,0.0
2023-03-29 00:00:00-04:00,1.4500000476837158,1.5,1.4199999570846558,1.440000057220459,47000,0.0,0.0
2023-03-30 00:00:00-04:00,1.4199999570846558,1.4600000381469727,1.4199999570846558,1.4299999475479126,14500,0.0,0.0
2023-03-31 00:00:00-04:00,1.4199999570846558,1.4900000095367432,1.4199999570846558,1.440000057220459,26200,0.0,0.0
2023-04-03 00:00:00-04:00,1.4600000381469727,1.4700000286102295,1.4500000476837158,1.4700000286102295,10200,0.0,0.0
2023-04-04 00:00:00-04:00,1.5,1.5,1.4199999570846558,1.4199999570846558,37700,0.0,0.0
2023-04-05 00:00:00-04:00,1.4299999475479126,1.440000057220459,1.399999976158142,1.409999966621399,27200,0.0,0.0
2023-04-06 00:00:00-04:00,1.3799999952316284,1.4600000381469727,1.3799999952316284,1.399999976158142,8800,0.0,0.0
2023-04-10 00:00:00-04:00,1.4299999475479126,1.4299999475479126,1.3799999952316284,1.409999966621399,15700,0.0,0.0
2023-04-11 00:00:00-04:00,1.399999976158142,1.4199999570846558,1.3700000047683716,1.3899999856948853,24500,0.0,0.0
2023-04-12 00:00:00-04:00,1.3700000047683716,1.3899999856948853,1.309999942779541,1.3700000047683716,78800,0.0,0.0
2023-04-13 00:00:00-04:00,1.309999942779541,1.3799999952316284,1.309999942779541,1.340000033378601,63900,0.0,0.0
2023-04-14 00:00:00-04:00,1.3200000524520874,1.350000023841858,1.309999942779541,1.350000023841858,64200,0.0,0.0
2023-04-17 00:00:00-04:00,1.4299999475479126,1.5199999809265137,1.399999976158142,1.5099999904632568,227300,0.0,0.0
2023-04-18 00:00:00-04:00,1.5299999713897705,1.5299999713897705,1.5199999809265137,1.5199999809265137,38900,0.0,0.0
2023-04-19 00:00:00-04:00,1.5199999809265137,1.5299999713897705,1.5,1.5199999809265137,24300,0.0,0.0
2023-04-20 00:00:00-04:00,1.5,1.5299999713897705,1.5,1.5199999809265137,28300,0.0,0.0
2023-04-21 00:00:00-04:00,1.5199999809265137,1.5199999809265137,1.4800000190734863,1.5,17800,0.0,0.0
2023-04-24 00:00:00-04:00,1.5199999809265137,1.5700000524520874,1.4800000190734863,1.5199999809265137,93700,0.0,0.0
2023-04-25 00:00:00-04:00,1.5099999904632568,1.5199999809265137,1.4900000095367432,1.5199999809265137,15800,0.0,0.0
2023-04-26 00:00:00-04:00,1.5,1.559999942779541,1.4800000190734863,1.5,47100,0.0,0.0
2023-04-27 00:00:00-04:00,1.5199999809265137,1.5499999523162842,1.5,1.5399999618530273,18100,0.0,0.0
2023-04-28 00:00:00-04:00,1.559999942779541,1.559999942779541,1.5099999904632568,1.5299999713897705,22600,0.0,0.0
2023-05-01 00:00:00-04:00,1.5099999904632568,1.600000023841858,1.5,1.559999942779541,68300,0.0,0.0
2023-05-02 00:00:00-04:00,1.5399999618530273,1.5800000429153442,1.5399999618530273,1.5800000429153442,11400,0.0,0.0
2023-05-03 00:00:00-04:00,1.5499999523162842,1.5800000429153442,1.5399999618530273,1.5499999523162842,21400,0.0,0.0
2023-05-04 00:00:00-04:00,1.5299999713897705,1.5499999523162842,1.5299999713897705,1.5299999713897705,9900,0.0,0.0
2023-05-05 00:00:00-04:00,1.5299999713897705,1.559999942779541,1.5,1.559999942779541,23700,0.0,0.0
2023-05-08 00:00:00-04:00,1.5399999618530273,1.5700000524520874,1.5,1.5,14000,0.0,0.0
2023-05-09 00:00:00-04:00,1.5,1.600000023841858,1.5,1.600000023841858,49900,0.0,0.0
2023-05-10 00:00:00-04:00,1.6200000047683716,1.6200000047683716,1.5700000524520874,1.6100000143051147,34700,0.0,0.0
2023-05-11 00:00:00-04:00,1.6200000047683716,1.690000057220459,1.600000023841858,1.6799999475479126,31300,0.0,0.0
2023-05-12 00:00:00-04:00,1.7000000476837158,1.7699999809265137,1.659999966621399,1.7599999904632568,85100,0.0,0.0
2023-05-15 00:00:00-04:00,1.75,1.75,1.7000000476837158,1.7300000190734863,54000,0.0,0.0
2023-05-16 00:00:00-04:00,1.7799999713897705,1.7799999713897705,1.659999966621399,1.659999966621399,22200,0.0,0.0
2023-05-17 00:00:00-04:00,1.7100000381469727,1.7100000381469727,1.6699999570846558,1.7100000381469727,21900,0.0,0.0
2023-05-18 00:00:00-04:00,1.690000057220459,1.75,1.6799999475479126,1.7000000476837158,36900,0.0,0.0
2023-05-19 00:00:00-04:00,1.7100000381469727,1.7100000381469727,1.6799999475479126,1.690000057220459,8500,0.0,0.0
2023-05-22 00:00:00-04:00,1.6799999475479126,1.7000000476837158,1.6100000143051147,1.6799999475479126,28900,0.0,0.0
2023-05-23 00:00:00-04:00,1.7000000476837158,1.7000000476837158,1.659999966621399,1.7000000476837158,13300,0.0,0.0
2023-05-24 00:00:00-04:00,1.7000000476837158,1.7000000476837158,1.6699999570846558,1.7000000476837158,20900,0.0,0.0
2023-05-25 00:00:00-04:00,1.7000000476837158,1.7000000476837158,1.6200000047683716,1.690000057220459,18700,0.0,0.0
2023-05-26 00:00:00-04:00,1.7000000476837158,1.7200000286102295,1.6299999952316284,1.7200000286102295,35800,0.0,0.0
2023-05-30 00:00:00-04:00,1.7200000286102295,1.75,1.6799999475479126,1.75,16000,0.0,0.0
2023-05-31 00:00:00-04:00,1.7200000286102295,1.7400000095367432,1.6799999475479126,1.7100000381469727,13500,0.0,0.0
2023-06-01 00:00:00-04:00,1.690000057220459,1.75,1.6799999475479126,1.690000057220459,44500,0.0,0.0
2023-06-02 00:00:00-04:00,1.690000057220459,1.7300000190734863,1.6699999570846558,1.7100000381469727,45200,0.0,0.0
2023-06-05 00:00:00-04:00,1.75,1.840000033378601,1.7100000381469727,1.7999999523162842,129000,0.0,0.0
2023-06-06 00:00:00-04:00,1.840000033378601,1.8700000047683716,1.809999942779541,1.840000033378601,50300,0.0,0.0
2023-06-07 00:00:00-04:00,1.840000033378601,1.8899999856948853,1.840000033378601,1.8700000047683716,73300,0.0,0.0
2023-06-08 00:00:00-04:00,1.8799999952316284,1.9199999570846558,1.8700000047683716,1.899999976158142,47100,0.0,0.0
2023-06-09 00:00:00-04:00,1.899999976158142,1.899999976158142,1.7999999523162842,1.8200000524520874,91300,0.0,0.0
2023-06-12 00:00:00-04:00,1.809999942779541,1.8700000047683716,1.7000000476837158,1.7599999904632568,107300,0.0,0.0
2023-06-13 00:00:00-04:00,1.7400000095367432,1.809999942779541,1.7100000381469727,1.7699999809265137,38800,0.0,0.0
2023-06-14 00:00:00-04:00,1.7999999523162842,1.7999999523162842,1.7000000476837158,1.7100000381469727,44100,0.0,0.0
2023-06-15 00:00:00-04:00,1.7000000476837158,1.8200000524520874,1.7000000476837158,1.7999999523162842,72200,0.0,0.0
2023-06-16 00:00:00-04:00,1.7599999904632568,1.809999942779541,1.75,1.7999999523162842,46000,0.0,0.0
2023-06-20 00:00:00-04:00,1.7799999713897705,1.840000033378601,1.7799999713897705,1.809999942779541,16500,0.0,0.0
2023-06-21 00:00:00-04:00,1.8300000429153442,1.840000033378601,1.809999942779541,1.840000033378601,11100,0.0,0.0
2023-06-22 00:00:00-04:00,1.7999999523162842,1.8200000524520874,1.7899999618530273,1.809999942779541,16400,0.0,0.0
2023-06-23 00:00:00-04:00,1.809999942779541,1.8899999856948853,1.809999942779541,1.8799999952316284,43000,0.0,0.0
2023-06-26 00:00:00-04:00,1.8899999856948853,1.899999976158142,1.7799999713897705,1.8700000047683716,38100,0.0,0.0
2023-06-27 00:00:00-04:00,1.8700000047683716,1.9900000095367432,1.850000023841858,1.9700000286102295,88000,0.0,0.0
2023-06-28 00:00:00-04:00,1.9700000286102295,2.0399999618530273,1.940000057220459,2.0399999618530273,102600,0.0,0.0
2023-06-29 00:00:00-04:00,2.049999952316284,2.049999952316284,2.0,2.0399999618530273,59600,0.0,0.0
2023-06-30 00:00:00-04:00,2.0299999713897705,2.0399999618530273,1.9700000286102295,2.0199999809265137,41400,0.0,0.0
2023-07-03 00:00:00-04:00,1.9700000286102295,2.0399999618530273,1.9700000286102295,2.0399999618530273,41300,0.0,0.0
2023-07-05 00:00:00-04:00,2.009999990463257,2.0399999618530273,1.9800000190734863,2.009999990463257,33300,0.0,0.0
2023-07-06 00:00:00-04:00,1.9700000286102295,2.0199999809265137,1.9500000476837158,1.9600000381469727,22200,0.0,0.0
2023-07-07 00:00:00-04:00,1.940000057220459,2.0299999713897705,1.9299999475479126,2.009999990463257,55900,0.0,0.0
2023-07-10 00:00:00-04:00,1.9900000095367432,2.0799999237060547,1.9500000476837158,2.059999942779541,44500,0.0,0.0
2023-07-11 00:00:00-04:00,2.0799999237060547,2.0899999141693115,2.059999942779541,2.0799999237060547,24700,0.0,0.0
2023-07-12 00:00:00-04:00,2.0999999046325684,2.140000104904175,2.059999942779541,2.059999942779541,54300,0.0,0.0
2023-07-13 00:00:00-04:00,2.0899999141693115,2.1500000953674316,2.0199999809265137,2.069999933242798,44700,0.0,0.0
2023-07-14 00:00:00-04:00,2.069999933242798,2.069999933242798,1.9800000190734863,2.0,54700,0.0,0.0
2023-07-17 00:00:00-04:00,2.0,2.0899999141693115,2.0,2.0399999618530273,31400,0.0,0.0
2023-07-18 00:00:00-04:00,2.049999952316284,2.140000104904175,2.049999952316284,2.109999895095825,126300,0.0,0.0
2023-07-19 00:00:00-04:00,2.0999999046325684,2.119999885559082,2.0299999713897705,2.049999952316284,28500,0.0,0.0
2023-07-20 00:00:00-04:00,2.0399999618530273,2.0799999237060547,2.0399999618530273,2.049999952316284,7400,0.0,0.0
2023-07-21 00:00:00-04:00,2.0399999618530273,2.0899999141693115,2.0,2.0299999713897705,27100,0.0,0.0
2023-07-24 00:00:00-04:00,2.0,2.109999895095825,2.0,2.0999999046325684,52000,0.0,0.0
2023-07-25 00:00:00-04:00,2.0999999046325684,2.2300000190734863,2.0799999237060547,2.2300000190734863,89400,0.0,0.0
2023-07-26 00:00:00-04:00,2.25,2.3299999237060547,2.240000009536743,2.299999952316284,83100,0.0,0.0
2023-07-27 00:00:00-04:00,2.2699999809265137,2.319999933242798,2.140000104904175,2.25,213800,0.0,0.0
2023-07-28 00:00:00-04:00,2.240000009536743,2.2699999809265137,2.1500000953674316,2.2200000286102295,89100,0.0,0.0
2023-07-31 00:00:00-04:00,2.2100000381469727,2.240000009536743,2.180000066757202,2.180000066757202,47300,0.0,0.0
2023-08-01 00:00:00-04:00,2.2100000381469727,2.2100000381469727,2.180000066757202,2.2100000381469727,18900,0.0,0.0
2023-08-02 00:00:00-04:00,2.200000047683716,2.2100000381469727,2.1500000953674316,2.2100000381469727,39900,0.0,0.0
2023-08-03 00:00:00-04:00,2.180000066757202,2.200000047683716,2.1500000953674316,2.1600000858306885,24200,0.0,0.0
2023-08-04 00:00:00-04:00,2.1600000858306885,2.1600000858306885,2.0799999237060547,2.140000104904175,28000,0.0,0.0
2023-08-07 00:00:00-04:00,2.109999895095825,2.2799999713897705,2.069999933242798,2.2799999713897705,159900,0.0,0.0
2023-08-08 00:00:00-04:00,2.2799999713897705,2.3499999046325684,2.190000057220459,2.2799999713897705,96400,0.0,0.0
2023-08-09 00:00:00-04:00,2.309999942779541,2.309999942779541,2.259999990463257,2.2699999809265137,23400,0.0,0.0
2023-08-10 00:00:00-04:00,2.259999990463257,2.2699999809265137,2.1700000762939453,2.2200000286102295,60600,0.0,0.0
2023-08-11 00:00:00-04:00,2.200000047683716,2.2100000381469727,2.140000104904175,2.180000066757202,31600,0.0,0.0
2023-08-14 00:00:00-04:00,2.1600000858306885,2.1700000762939453,2.130000114440918,2.1500000953674316,10000,0.0,0.0
2023-08-15 00:00:00-04:00,2.140000104904175,2.140000104904175,2.049999952316284,2.059999942779541,28800,0.0,0.0
2023-08-16 00:00:00-04:00,2.049999952316284,2.119999885559082,2.049999952316284,2.0999999046325684,16900,0.0,0.0
2023-08-17 00:00:00-04:00,2.109999895095825,2.1500000953674316,2.059999942779541,2.109999895095825,20900,0.0,0.0
2023-08-18 00:00:00-04:00,2.0299999713897705,2.140000104904175,1.9600000381469727,2.119999885559082,79600,0.0,0.0
2023-08-21 00:00:00-04:00,2.1500000953674316,2.1500000953674316,1.9500000476837158,2.059999942779541,130700,0.0,0.0
2023-08-22 00:00:00-04:00,2.0399999618530273,2.1600000858306885,1.9800000190734863,2.0399999618530273,117500,0.0,0.0
2023-08-23 00:00:00-04:00,2.0199999809265137,2.0999999046325684,2.0,2.0799999237060547,31500,0.0,0.0
2023-08-24 00:00:00-04:00,2.069999933242798,2.130000114440918,1.9600000381469727,2.009999990463257,79100,0.0,0.0
2023-08-25 00:00:00-04:00,2.0299999713897705,2.0899999141693115,1.9500000476837158,2.0199999809265137,28200,0.0,0.0
2023-08-28 00:00:00-04:00,2.0,2.049999952316284,1.9800000190734863,2.0199999809265137,14200,0.0,0.0
2023-08-29 00:00:00-04:00,2.049999952316284,2.0799999237060547,2.0,2.0799999237060547,32300,0.0,0.0
2023-08-30 00:00:00-04:00,2.0999999046325684,2.0999999046325684,2.049999952316284,2.049999952316284,22400,0.0,0.0
2023-08-31 00:00:00-04:00,2.0399999618530273,2.119999885559082,2.0199999809265137,2.0999999046325684,19000,0.0,0.0
2023-09-01 00:00:00-04:00,2.109999895095825,2.190000057220459,2.0799999237060547,2.140000104904175,28900,0.0,0.0
2023-09-05 00:00:00-04:00,2.180000066757202,2.180000066757202,2.0399999618530273,2.0799999237060547,17600,0.0,0.0
2023-09-06 00:00:00-04:00,2.0799999237060547,2.0799999237060547,2.0199999809265137,2.0199999809265137,9100,0.0,0.0
2023-09-07 00:00:00-04:00,2.0399999618530273,2.0899999141693115,2.009999990463257,2.0399999618530273,14500,0.0,0.0
2023-09-08 00:00:00-04:00,2.069999933242798,2.0899999141693115,2.0,2.049999952316284,50900,0.0,0.0
2023-09-11 00:00:00-04:00,2.009999990463257,2.009999990463257,1.9299999475479126,1.940000057220459,61800,0.0,0.0
2023-09-12 00:00:00-04:00,1.940000057220459,1.9900000095367432,1.7699999809265137,1.7999999523162842,175700,0.0,0.0
2023-09-13 00:00:00-04:00,1.8700000047683716,1.8899999856948853,1.809999942779541,1.809999942779541,58100,0.0,0.0
2023-09-14 00:00:00-04:00,1.809999942779541,1.909999966621399,1.7999999523162842,1.850000023841858,37700,0.0,0.0
2023-09-15 00:00:00-04:00,1.8200000524520874,1.8899999856948853,1.6699999570846558,1.6699999570846558,184900,0.0,0.0
2023-09-18 00:00:00-04:00,1.6699999570846558,1.7400000095367432,1.6200000047683716,1.690000057220459,116600,0.0,0.0
2023-09-19 00:00:00-04:00,1.7000000476837158,1.7599999904632568,1.6699999570846558,1.7000000476837158,69900,0.0,0.0
2023-09-20 00:00:00-04:00,1.6699999570846558,1.7400000095367432,1.649999976158142,1.659999966621399,36600,0.0,0.0
2023-09-21 00:00:00-04:00,1.6699999570846558,1.850000023841858,1.6399999856948853,1.8300000429153442,98300,0.0,0.0
2023-09-22 00:00:00-04:00,1.850000023841858,1.9600000381469727,1.840000033378601,1.9600000381469727,112000,0.0,0.0
2023-09-25 00:00:00-04:00,2.0799999237060547,2.200000047683716,2.0,2.1700000762939453,120300,0.0,0.0
2023-09-26 00:00:00-04:00,2.1700000762939453,2.190000057220459,2.049999952316284,2.1700000762939453,58400,0.0,0.0
2023-09-27 00:00:00-04:00,2.200000047683716,2.2200000286102295,2.140000104904175,2.2100000381469727,68100,0.0,0.0
2023-09-28 00:00:00-04:00,2.2200000286102295,2.25,2.1500000953674316,2.2200000286102295,50100,0.0,0.0
2023-09-29 00:00:00-04:00,2.2300000190734863,2.4000000953674316,2.180000066757202,2.369999885559082,105600,0.0,0.0
2023-10-02 00:00:00-04:00,2.3499999046325684,2.369999885559082,2.2100000381469727,2.2799999713897705,56500,0.0,0.0
2023-10-03 00:00:00-04:00,2.2300000190734863,2.25,2.200000047683716,2.2200000286102295,61200,0.0,0.0
2023-10-04 00:00:00-04:00,2.2200000286102295,2.299999952316284,2.2200000286102295,2.2699999809265137,14800,0.0,0.0
2023-10-05 00:00:00-04:00,2.2899999618530273,2.299999952316284,2.1700000762939453,2.1700000762939453,30700,0.0,0.0
2023-10-06 00:00:00-04:00,2.25,2.25,2.109999895095825,2.109999895095825,28500,0.0,0.0
2023-10-09 00:00:00-04:00,2.240000009536743,2.25,2.059999942779541,2.2200000286102295,26900,0.0,0.0
2023-10-10 00:00:00-04:00,2.25,2.2799999713897705,2.190000057220459,2.240000009536743,19900,0.0,0.0
2023-10-11 00:00:00-04:00,2.25,2.2699999809265137,2.2100000381469727,2.2300000190734863,6600,0.0,0.0
2023-10-12 00:00:00-04:00,2.240000009536743,2.240000009536743,2.0299999713897705,2.069999933242798,66300,0.0,0.0
2023-10-13 00:00:00-04:00,2.200000047683716,2.25,1.940000057220459,1.9900000095367432,110800,0.0,0.0
2023-10-16 00:00:00-04:00,1.9800000190734863,2.119999885559082,1.9299999475479126,2.009999990463257,78000,0.0,0.0
2023-10-17 00:00:00-04:00,2.059999942779541,2.1500000953674316,2.0199999809265137,2.119999885559082,26000,0.0,0.0
2023-10-18 00:00:00-04:00,2.1600000858306885,2.200000047683716,2.130000114440918,2.190000057220459,50700,0.0,0.0
2023-10-19 00:00:00-04:00,2.200000047683716,2.2300000190734863,2.0899999141693115,2.130000114440918,43400,0.0,0.0
2023-10-20 00:00:00-04:00,2.119999885559082,2.1700000762939453,2.069999933242798,2.119999885559082,14700,0.0,0.0
2023-10-23 00:00:00-04:00,2.119999885559082,2.200000047683716,2.0799999237060547,2.1700000762939453,55700,0.0,0.0
2023-10-24 00:00:00-04:00,2.1500000953674316,2.240000009536743,2.109999895095825,2.240000009536743,18800,0.0,0.0
2023-10-25 00:00:00-04:00,2.25,2.25,2.1500000953674316,2.240000009536743,45700,0.0,0.0
2023-10-26 00:00:00-04:00,2.2100000381469727,2.2100000381469727,2.1500000953674316,2.200000047683716,12700,0.0,0.0
2023-10-27 00:00:00-04:00,2.180000066757202,2.2200000286102295,2.1600000858306885,2.1600000858306885,7900,0.0,0.0
2023-10-30 00:00:00-04:00,2.0999999046325684,2.299999952316284,2.0899999141693115,2.2799999713897705,33200,0.0,0.0
2023-10-31 00:00:00-04:00,2.2300000190734863,2.25,2.130000114440918,2.25,25500,0.0,0.0
2023-11-01 00:00:00-04:00,2.25,2.2799999713897705,2.1600000858306885,2.240000009536743,11300,0.0,0.0
2023-11-02 00:00:00-04:00,2.1700000762939453,2.299999952316284,2.130000114440918,2.2799999713897705,25900,0.0,0.0
2023-11-03 00:00:00-04:00,2.2899999618530273,2.3299999237060547,2.1700000762939453,2.319999933242798,87900,0.0,0.0
2023-11-06 00:00:00-05:00,2.2899999618530273,2.3499999046325684,2.2200000286102295,2.3499999046325684,80500,0.0,0.0
2023-11-07 00:00:00-05:00,2.3499999046325684,2.5299999713897705,2.3499999046325684,2.4700000286102295,44200,0.0,0.0
2023-11-08 00:00:00-05:00,2.490000009536743,2.490000009536743,2.3499999046325684,2.440000057220459,39900,0.0,0.0
2023-11-09 00:00:00-05:00,2.380000114440918,2.4200000762939453,2.319999933242798,2.319999933242798,42400,0.0,0.0
2023-11-10 00:00:00-05:00,2.200000047683716,2.5,2.200000047683716,2.5,33500,0.0,0.0
2023-11-13 00:00:00-05:00,2.5,2.549999952316284,2.4200000762939453,2.549999952316284,34000,0.0,0.0
2023-11-14 00:00:00-05:00,2.549999952316284,2.5999999046325684,2.359999895095825,2.5899999141693115,57000,0.0,0.0
2023-11-15 00:00:00-05:00,2.559999942779541,2.630000114440918,2.5199999809265137,2.569999933242798,70500,0.0,0.0
2023-11-16 00:00:00-05:00,2.640000104904175,2.640000104904175,2.5199999809265137,2.559999942779541,7200,0.0,0.0
2023-11-17 00:00:00-05:00,2.559999942779541,2.640000104904175,2.5,2.5,29200,0.0,0.0
2023-11-20 00:00:00-05:00,2.5899999141693115,2.5899999141693115,2.380000114440918,2.490000009536743,33800,0.0,0.0
2023-11-21 00:00:00-05:00,2.4800000190734863,2.509999990463257,2.4200000762939453,2.4200000762939453,8900,0.0,0.0
2023-11-22 00:00:00-05:00,2.4200000762939453,2.4600000381469727,2.4000000953674316,2.440000057220459,17400,0.0,0.0
2023-11-24 00:00:00-05:00,2.450000047683716,2.4600000381469727,2.4000000953674316,2.450000047683716,8800,0.0,0.0
2023-11-27 00:00:00-05:00,2.4700000286102295,2.4700000286102295,2.4000000953674316,2.430000066757202,13800,0.0,0.0
2023-11-28 00:00:00-05:00,2.4600000381469727,2.4600000381469727,2.309999942779541,2.3499999046325684,53700,0.0,0.0
2023-11-29 00:00:00-05:00,2.3299999237060547,2.3499999046325684,2.309999942779541,2.3299999237060547,30600,0.0,0.0
2023-11-30 00:00:00-05:00,2.319999933242798,2.319999933242798,2.2200000286102295,2.2799999713897705,48800,0.0,0.0
2023-12-01 00:00:00-05:00,2.200000047683716,2.309999942779541,2.200000047683716,2.25,36100,0.0,0.0
2023-12-04 00:00:00-05:00,2.2200000286102295,2.299999952316284,2.2200000286102295,2.2899999618530273,26300,0.0,0.0
2023-12-05 00:00:00-05:00,2.2699999809265137,2.2699999809265137,2.25,2.2699999809265137,8600,0.0,0.0
2023-12-06 00:00:00-05:00,2.2699999809265137,2.299999952316284,2.25,2.259999990463257,13500,0.0,0.0
2023-12-07 00:00:00-05:00,2.2300000190734863,2.259999990463257,2.2100000381469727,2.2100000381469727,13800,0.0,0.0
2023-12-08 00:00:00-05:00,2.200000047683716,2.2300000190734863,2.180000066757202,2.200000047683716,31900,0.0,0.0
2023-12-11 00:00:00-05:00,2.180000066757202,2.180000066757202,2.140000104904175,2.140000104904175,34400,0.0,0.0
2023-12-12 00:00:00-05:00,2.140000104904175,2.140000104904175,2.069999933242798,2.069999933242798,17100,0.0,0.0
2023-12-13 00:00:00-05:00,2.069999933242798,2.380000114440918,2.069999933242798,2.3399999141693115,95200,0.0,0.0
2023-12-14 00:00:00-05:00,2.319999933242798,2.4000000953674316,2.25,2.380000114440918,29500,0.0,0.0
2023-12-15 00:00:00-05:00,2.3499999046325684,2.390000104904175,2.049999952316284,2.049999952316284,101700,0.0,0.0
2023-12-18 00:00:00-05:00,2.119999885559082,2.2699999809265137,2.119999885559082,2.25,41300,0.0,0.0
2023-12-19 00:00:00-05:00,2.190000057220459,2.380000114440918,2.1600000858306885,2.259999990463257,36900,0.0,0.0
2023-12-20 00:00:00-05:00,2.2300000190734863,2.259999990463257,2.1500000953674316,2.200000047683716,25600,0.0,0.0
2023-12-21 00:00:00-05:00,2.240000009536743,2.259999990463257,2.1700000762939453,2.1700000762939453,7800,0.0,0.0
2023-12-22 00:00:00-05:00,2.119999885559082,2.259999990463257,2.119999885559082,2.259999990463257,13000,0.0,0.0
2023-12-26 00:00:00-05:00,2.2200000286102295,2.2899999618530273,2.1700000762939453,2.2100000381469727,30700,0.0,0.0
2023-12-27 00:00:00-05:00,2.2300000190734863,2.309999942779541,2.2200000286102295,2.2699999809265137,13400,0.0,0.0
2023-12-28 00:00:00-05:00,2.3399999141693115,2.3399999141693115,2.180000066757202,2.200000047683716,60200,0.0,0.0
2023-12-29 00:00:00-05:00,2.2300000190734863,2.2300000190734863,2.190000057220459,2.2300000190734863,7700,0.0,0.0
2024-01-02 00:00:00-05:00,2.1700000762939453,2.190000057220459,2.140000104904175,2.1700000762939453,22200,0.0,0.0
2024-01-03 00:00:00-05:00,2.109999895095825,2.25,2.109999895095825,2.180000066757202,28200,0.0,0.0
2024-01-04 00:00:00-05:00,2.140000104904175,2.190000057220459,2.109999895095825,2.140000104904175,6800,0.0,0.0
2024-01-05 00:00:00-05:00,2.1600000858306885,2.1600000858306885,2.0199999809265137,2.0299999713897705,39300,0.0,0.0
2024-01-08 00:00:00-05:00,2.0199999809265137,2.190000057220459,2.0199999809265137,2.190000057220459,34800,0.0,0.0
2024-01-09 00:00:00-05:00,2.200000047683716,2.200000047683716,2.069999933242798,2.140000104904175,15100,0.0,0.0
2024-01-10 00:00:00-05:00,2.130000114440918,2.200000047683716,2.119999885559082,2.180000066757202,23400,0.0,0.0
2024-01-11 00:00:00-05:00,2.180000066757202,2.2100000381469727,2.140000104904175,2.2100000381469727,26700,0.0,0.0
2024-01-12 00:00:00-05:00,2.130000114440918,2.1600000858306885,2.109999895095825,2.109999895095825,26700,0.0,0.0
2024-01-16 00:00:00-05:00,2.109999895095825,2.140000104904175,2.0199999809265137,2.0799999237060547,31700,0.0,0.0
2024-01-17 00:00:00-05:00,2.059999942779541,2.0799999237060547,2.0,2.009999990463257,51900,0.0,0.0
2024-01-18 00:00:00-05:00,2.009999990463257,2.059999942779541,1.8799999952316284,1.8899999856948853,51300,0.0,0.0
2024-01-19 00:00:00-05:00,1.8899999856948853,2.0399999618530273,1.8200000524520874,2.009999990463257,84300,0.0,0.0
2024-01-22 00:00:00-05:00,2.0399999618530273,2.0899999141693115,2.0299999713897705,2.0399999618530273,22800,0.0,0.0
2024-01-23 00:00:00-05:00,2.059999942779541,2.119999885559082,2.0399999618530273,2.049999952316284,21900,0.0,0.0
2024-01-24 00:00:00-05:00,2.0299999713897705,2.0899999141693115,2.0,2.0799999237060547,54200,0.0,0.0
2024-01-25 00:00:00-05:00,2.0199999809265137,2.0799999237060547,2.0199999809265137,2.069999933242798,43500,0.0,0.0
2024-01-26 00:00:00-05:00,2.109999895095825,2.109999895095825,2.0199999809265137,2.0399999618530273,16500,0.0,0.0
2024-01-29 00:00:00-05:00,2.009999990463257,2.0399999618530273,1.9299999475479126,1.940000057220459,129800,0.0,0.0
2024-01-30 00:00:00-05:00,1.909999966621399,2.0199999809265137,1.909999966621399,1.9800000190734863,116200,0.0,0.0
2024-01-31 00:00:00-05:00,1.9600000381469727,1.9800000190734863,1.899999976158142,1.899999976158142,62400,0.0,0.0
2024-02-01 00:00:00-05:00,1.909999966621399,1.9500000476837158,1.8799999952316284,1.9500000476837158,35200,0.0,0.0
2024-02-02 00:00:00-05:00,1.940000057220459,2.0199999809265137,1.940000057220459,1.9800000190734863,54900,0.0,0.0
2024-02-05 00:00:00-05:00,1.9500000476837158,1.9800000190734863,1.9299999475479126,1.940000057220459,9200,0.0,0.0
2024-02-06 00:00:00-05:00,1.940000057220459,1.940000057220459,1.899999976158142,1.899999976158142,35300,0.0,0.0
2024-02-07 00:00:00-05:00,1.8799999952316284,1.9199999570846558,1.840000033378601,1.840000033378601,48600,0.0,0.0
2024-02-08 00:00:00-05:00,1.8200000524520874,1.840000033378601,1.809999942779541,1.8300000429153442,13100,0.0,0.0
2024-02-09 00:00:00-05:00,1.809999942779541,1.9199999570846558,1.809999942779541,1.899999976158142,21400,0.0,0.0
2024-02-12 00:00:00-05:00,1.899999976158142,1.899999976158142,1.840000033378601,1.8700000047683716,14100,0.0,0.0
2024-02-13 00:00:00-05:00,1.8799999952316284,1.899999976158142,1.8200000524520874,1.8700000047683716,50100,0.0,0.0
2024-02-14 00:00:00-05:00,1.8600000143051147,1.899999976158142,1.809999942779541,1.8799999952316284,36100,0.0,0.0
2024-02-15 00:00:00-05:00,1.8600000143051147,1.9199999570846558,1.8600000143051147,1.9199999570846558,8400,0.0,0.0
2024-02-16 00:00:00-05:00,1.909999966621399,1.909999966621399,1.850000023841858,1.899999976158142,30200,0.0,0.0
2024-02-20 00:00:00-05:00,1.8899999856948853,1.9199999570846558,1.850000023841858,1.9199999570846558,21500,0.0,0.0
2024-02-21 00:00:00-05:00,1.8899999856948853,1.909999966621399,1.850000023841858,1.909999966621399,29300,0.0,0.0
2024-02-22 00:00:00-05:00,1.909999966621399,1.940000057220459,1.850000023841858,1.8700000047683716,34800,0.0,0.0
2024-02-23 00:00:00-05:00,1.909999966621399,1.909999966621399,1.850000023841858,1.8899999856948853,25800,0.0,0.0
2024-02-26 00:00:00-05:00,1.8700000047683716,1.899999976158142,1.840000033378601,1.8799999952316284,35900,0.0,0.0
2024-02-27 00:00:00-05:00,1.840000033378601,1.909999966621399,1.840000033378601,1.909999966621399,26100,0.0,0.0
2024-02-28 00:00:00-05:00,1.909999966621399,1.909999966621399,1.850000023841858,1.850000023841858,20400,0.0,0.0
2024-02-29 00:00:00-05:00,1.850000023841858,1.899999976158142,1.850000023841858,1.8600000143051147,28700,0.0,0.0
2024-03-01 00:00:00-05:00,1.8899999856948853,1.8899999856948853,1.8200000524520874,1.8200000524520874,14900,0.0,0.0
2024-03-04 00:00:00-05:00,1.8300000429153442,1.8600000143051147,1.75,1.75,44600,0.0,0.0
2024-03-05 00:00:00-05:00,1.7599999904632568,1.8300000429153442,1.7200000286102295,1.8300000429153442,39700,0.0,0.0
2024-03-06 00:00:00-05:00,1.8200000524520874,1.909999966621399,1.7999999523162842,1.8899999856948853,36200,0.0,0.0
2024-03-07 00:00:00-05:00,1.909999966621399,1.909999966621399,1.809999942779541,1.8200000524520874,49400,0.0,0.0
2024-03-08 00:00:00-05:00,1.7999999523162842,1.8700000047683716,1.7899999618530273,1.7899999618530273,19500,0.0,0.0
2024-03-11 00:00:00-04:00,1.7799999713897705,1.7899999618530273,1.6399999856948853,1.75,70700,0.0,0.0
2024-03-12 00:00:00-04:00,1.7100000381469727,1.75,1.7100000381469727,1.7300000190734863,33900,0.0,0.0
2024-03-13 00:00:00-04:00,1.7000000476837158,1.7899999618530273,1.690000057220459,1.75,27000,0.0,0.0
2024-03-14 00:00:00-04:00,1.7200000286102295,1.7999999523162842,1.7100000381469727,1.7699999809265137,31100,0.0,0.0
2024-03-15 00:00:00-04:00,1.7300000190734863,1.7999999523162842,1.7100000381469727,1.7699999809265137,43000,0.0,0.0
2024-03-18 00:00:00-04:00,1.7999999523162842,1.909999966621399,1.7999999523162842,1.8899999856948853,28100,0.0,0.0
2024-03-19 00:00:00-04:00,1.8899999856948853,1.9900000095367432,1.8899999856948853,1.899999976158142,40200,0.0,0.0
2024-03-20 00:00:00-04:00,1.9199999570846558,1.9500000476837158,1.909999966621399,1.9500000476837158,28700,0.0,0.0
2024-03-21 00:00:00-04:00,1.9500000476837158,2.0199999809265137,1.9500000476837158,1.9700000286102295,46100,0.0,0.0
2024-03-22 00:00:00-04:00,2.009999990463257,2.0199999809265137,1.9700000286102295,1.9800000190734863,21000,0.0,0.0
2024-03-25 00:00:00-04:00,1.9900000095367432,2.0199999809265137,1.909999966621399,2.0199999809265137,63100,0.0,0.0
2024-03-26 00:00:00-04:00,2.0899999141693115,2.0899999141693115,2.009999990463257,2.0899999141693115,45200,0.0,0.0
2024-03-27 00:00:00-04:00,1.9800000190734863,2.240000009536743,1.9800000190734863,2.2300000190734863,96400,0.0,0.0
2024-03-28 00:00:00-04:00,2.240000009536743,2.3299999237060547,2.1500000953674316,2.190000057220459,33800,0.0,0.0
2024-04-01 00:00:00-04:00,2.2200000286102295,2.2200000286102295,2.0799999237060547,2.0899999141693115,46100,0.0,0.0
2024-04-02 00:00:00-04:00,2.0799999237060547,2.1500000953674316,2.0799999237060547,2.109999895095825,27300,0.0,0.0
2024-04-03 00:00:00-04:00,2.109999895095825,2.190000057220459,2.109999895095825,2.130000114440918,20000,0.0,0.0
2024-04-04 00:00:00-04:00,2.200000047683716,2.200000047683716,2.059999942779541,2.130000114440918,48500,0.0,0.0
2024-04-05 00:00:00-04:00,2.130000114440918,2.190000057220459,2.119999885559082,2.180000066757202,15400,0.0,0.0
2024-04-08 00:00:00-04:00,2.190000057220459,2.2200000286102295,2.180000066757202,2.2100000381469727,8100,0.0,0.0
2024-04-09 00:00:00-04:00,2.2100000381469727,2.2200000286102295,2.1600000858306885,2.180000066757202,6200,0.0,0.0
2024-04-10 00:00:00-04:00,2.1700000762939453,2.200000047683716,2.130000114440918,2.1600000858306885,7300,0.0,0.0
2024-04-11 00:00:00-04:00,2.200000047683716,2.200000047683716,2.119999885559082,2.130000114440918,8500,0.0,0.0
2024-04-12 00:00:00-04:00,2.180000066757202,2.190000057220459,2.0799999237060547,2.140000104904175,13100,0.0,0.0
2024-04-15 00:00:00-04:00,2.0899999141693115,2.1700000762939453,2.049999952316284,2.059999942779541,23100,0.0,0.0
2024-04-16 00:00:00-04:00,2.0999999046325684,2.140000104904175,2.049999952316284,2.130000114440918,9700,0.0,0.0
2024-04-17 00:00:00-04:00,2.119999885559082,2.130000114440918,1.9800000190734863,2.059999942779541,41300,0.0,0.0
2024-04-18 00:00:00-04:00,2.0399999618530273,2.109999895095825,2.0,2.059999942779541,26800,0.0,0.0
2024-04-19 00:00:00-04:00,2.0799999237060547,2.119999885559082,2.0199999809265137,2.049999952316284,10500,0.0,0.0
2024-04-22 00:00:00-04:00,2.119999885559082,2.119999885559082,2.0199999809265137,2.069999933242798,45400,0.0,0.0
2024-04-23 00:00:00-04:00,2.069999933242798,2.140000104904175,2.009999990463257,2.119999885559082,52100,0.0,0.0
2024-04-24 00:00:00-04:00,2.130000114440918,2.1500000953674316,2.0299999713897705,2.0999999046325684,24600,0.0,0.0
2024-04-25 00:00:00-04:00,2.0999999046325684,2.130000114440918,2.049999952316284,2.0999999046325684,5600,0.0,0.0
2024-04-26 00:00:00-04:00,2.0899999141693115,2.0999999046325684,2.049999952316284,2.0999999046325684,10300,0.0,0.0
2024-04-29 00:00:00-04:00,2.109999895095825,2.140000104904175,2.0199999809265137,2.069999933242798,12700,0.0,0.0
2024-04-30 00:00:00-04:00,2.069999933242798,2.0999999046325684,1.9600000381469727,2.049999952316284,20900,0.0,0.0
2024-05-01 00:00:00-04:00,2.059999942779541,2.059999942779541,1.9600000381469727,2.009999990463257,29100,0.0,0.0
2024-05-02 00:00:00-04:00,2.200000047683716,2.200000047683716,2.049999952316284,2.0799999237060547,13900,0.0,0.0
2024-05-03 00:00:00-04:00,2.0899999141693115,2.0899999141693115,1.9500000476837158,1.9700000286102295,33300,0.0,0.0
2024-05-06 00:00:00-04:00,2.059999942779541,2.059999942779541,1.8300000429153442,1.850000023841858,57100,0.0,0.0
2024-05-07 00:00:00-04:00,1.8700000047683716,1.9600000381469727,1.8200000524520874,1.8200000524520874,14600,0.0,0.0
2024-05-08 00:00:00-04:00,1.840000033378601,1.850000023841858,1.7999999523162842,1.8300000429153442,18300,0.0,0.0
2024-05-09 00:00:00-04:00,1.8600000143051147,1.8700000047683716,1.8300000429153442,1.850000023841858,12300,0.0,0.0
2024-05-10 00:00:00-04:00,1.809999942779541,1.8600000143051147,1.7799999713897705,1.850000023841858,23400,0.0,0.0
2024-05-13 00:00:00-04:00,1.7999999523162842,1.8899999856948853,1.7999999523162842,1.8899999856948853,17400,0.0,0.0
2024-05-14 00:00:00-04:00,1.899999976158142,1.9500000476837158,1.840000033378601,1.8799999952316284,14600,0.0,0.0
2024-05-15 00:00:00-04:00,1.909999966621399,1.9700000286102295,1.850000023841858,1.940000057220459,8300,0.0,0.0
2024-05-16 00:00:00-04:00,1.9500000476837158,1.9900000095367432,1.940000057220459,1.9700000286102295,17900,0.0,0.0
2024-05-17 00:00:00-04:00,1.8600000143051147,1.9600000381469727,1.8600000143051147,1.9299999475479126,4500,0.0,0.0
2024-05-20 00:00:00-04:00,1.9299999475479126,1.9600000381469727,1.899999976158142,1.9199999570846558,6600,0.0,0.0
2024-05-21 00:00:00-04:00,1.9199999570846558,1.940000057220459,1.840000033378601,1.909999966621399,14700,0.0,0.0
2024-05-22 00:00:00-04:00,1.9500000476837158,2.0,1.8700000047683716,1.9500000476837158,8900,0.0,0.0
2024-05-23 00:00:00-04:00,1.9600000381469727,1.9600000381469727,1.8799999952316284,1.9500000476837158,11400,0.0,0.0
2024-05-24 00:00:00-04:00,1.9600000381469727,2.0,1.850000023841858,1.909999966621399,20100,0.0,0.0
2024-05-28 00:00:00-04:00,1.9900000095367432,2.0,1.899999976158142,1.909999966621399,4900,0.0,0.0
2024-05-29 00:00:00-04:00,1.899999976158142,1.9500000476837158,1.8300000429153442,1.8700000047683716,22800,0.0,0.0
2024-05-30 00:00:00-04:00,1.8799999952316284,1.9299999475479126,1.850000023841858,1.8799999952316284,10600,0.0,0.0
2024-05-31 00:00:00-04:00,1.8600000143051147,1.940000057220459,1.8600000143051147,1.8799999952316284,11800,0.0,0.0
2024-06-03 00:00:00-04:00,1.8799999952316284,1.940000057220459,1.8700000047683716,1.909999966621399,12600,0.0,0.0
2024-06-04 00:00:00-04:00,1.909999966621399,1.9299999475479126,1.840000033378601,1.8899999856948853,32300,0.0,0.0
2024-06-05 00:00:00-04:00,1.8600000143051147,1.909999966621399,1.8200000524520874,1.8799999952316284,17800,0.0,0.0
2024-06-06 00:00:00-04:00,1.899999976158142,1.9299999475479126,1.8200000524520874,1.8700000047683716,25300,0.0,0.0
2024-06-07 00:00:00-04:00,1.840000033378601,1.8799999952316284,1.840000033378601,1.8799999952316284,17600,0.0,0.0
2024-06-10 00:00:00-04:00,1.840000033378601,1.9199999570846558,1.7999999523162842,1.8300000429153442,18600,0.0,0.0
2024-06-11 00:00:00-04:00,1.850000023841858,1.850000023841858,1.809999942779541,1.8300000429153442,5600,0.0,0.0
2024-06-12 00:00:00-04:00,1.8300000429153442,1.850000023841858,1.7799999713897705,1.840000033378601,33800,0.0,0.0
2024-06-13 00:00:00-04:00,1.8600000143051147,1.9299999475479126,1.8200000524520874,1.8799999952316284,15000,0.0,0.0
2024-06-14 00:00:00-04:00,1.850000023841858,1.8899999856948853,1.8200000524520874,1.8799999952316284,20500,0.0,0.0
2024-06-17 00:00:00-04:00,1.840000033378601,1.8799999952316284,1.7899999618530273,1.8700000047683716,29200,0.0,0.0
2024-06-18 00:00:00-04:00,1.840000033378601,1.899999976158142,1.809999942779541,1.8200000524520874,14200,0.0,0.0
2024-06-20 00:00:00-04:00,1.840000033378601,1.9199999570846558,1.7999999523162842,1.909999966621399,31200,0.0,0.0
2024-06-21 00:00:00-04:00,1.909999966621399,1.9199999570846558,1.840000033378601,1.9199999570846558,40400,0.0,0.0
2024-06-24 00:00:00-04:00,1.8899999856948853,1.9199999570846558,1.809999942779541,1.909999966621399,23400,0.0,0.0
2024-06-25 00:00:00-04:00,1.9700000286102295,2.119999885559082,1.8899999856948853,2.0199999809265137,88900,0.0,0.0
2024-06-26 00:00:00-04:00,2.0,2.0799999237060547,2.0,2.0,12900,0.0,0.0
2024-06-27 00:00:00-04:00,2.0199999809265137,2.109999895095825,1.8899999856948853,2.0399999618530273,74000,0.0,0.0
2024-06-28 00:00:00-04:00,2.0899999141693115,2.0899999141693115,1.899999976158142,1.9800000190734863,20800,0.0,0.0
2024-07-01 00:00:00-04:00,1.9700000286102295,1.9700000286102295,1.8300000429153442,1.8600000143051147,40500,0.0,0.0
2024-07-02 00:00:00-04:00,1.8799999952316284,1.8799999952316284,1.809999942779541,1.8600000143051147,26200,0.0,0.0
2024-07-03 00:00:00-04:00,1.840000033378601,1.8899999856948853,1.7999999523162842,1.8300000429153442,19500,0.0,0.0
2024-07-05 00:00:00-04:00,1.8799999952316284,1.8899999856948853,1.7999999523162842,1.850000023841858,9900,0.0,0.0
2024-07-08 00:00:00-04:00,1.840000033378601,1.899999976158142,1.840000033378601,1.8799999952316284,12100,0.0,0.0
2024-07-09 00:00:00-04:00,1.8600000143051147,1.899999976158142,1.8200000524520874,1.850000023841858,9600,0.0,0.0
2024-07-10 00:00:00-04:00,1.850000023841858,1.8899999856948853,1.8200000524520874,1.840000033378601,6000,0.0,0.0
2024-07-11 00:00:00-04:00,1.9199999570846558,1.9199999570846558,1.809999942779541,1.809999942779541,24800,0.0,0.0
2024-07-12 00:00:00-04:00,1.8300000429153442,1.8700000047683716,1.7999999523162842,1.840000033378601,24700,0.0,0.0
2024-07-15 00:00:00-04:00,1.8799999952316284,1.8899999856948853,1.809999942779541,1.8600000143051147,13300,0.0,0.0
2024-07-16 00:00:00-04:00,1.8700000047683716,1.8899999856948853,1.8600000143051147,1.8700000047683716,8500,0.0,0.0
2024-07-17 00:00:00-04:00,1.8799999952316284,1.9199999570846558,1.8799999952316284,1.899999976158142,10100,0.0,0.0
2024-07-18 00:00:00-04:00,1.899999976158142,1.899999976158142,1.8700000047683716,1.8799999952316284,6600,0.0,0.0
2024-07-19 00:00:00-04:00,1.899999976158142,1.9500000476837158,1.8700000047683716,1.8799999952316284,11600,0.0,0.0
2024-07-22 00:00:00-04:00,1.899999976158142,1.909999966621399,1.8300000429153442,1.8799999952316284,13500,0.0,0.0
2024-07-23 00:00:00-04:00,1.909999966621399,1.909999966621399,1.850000023841858,1.8799999952316284,17200,0.0,0.0
2024-07-24 00:00:00-04:00,1.899999976158142,1.899999976158142,1.8600000143051147,1.8799999952316284,18000,0.0,0.0
2024-07-25 00:00:00-04:00,1.899999976158142,1.899999976158142,1.840000033378601,1.8700000047683716,24500,0.0,0.0
2024-07-26 00:00:00-04:00,1.8799999952316284,1.899999976158142,1.8600000143051147,1.8799999952316284,8600,0.0,0.0
2024-07-29 00:00:00-04:00,1.899999976158142,1.899999976158142,1.850000023841858,1.8700000047683716,2200,0.0,0.0
2024-07-30 00:00:00-04:00,1.8799999952316284,1.8899999856948853,1.840000033378601,1.840000033378601,34800,0.0,0.0
2024-07-31 00:00:00-04:00,1.850000023841858,1.850000023841858,1.8300000429153442,1.840000033378601,15500,0.0,0.0
2024-08-01 00:00:00-04:00,1.840000033378601,1.840000033378601,1.7899999618530273,1.8300000429153442,16800,0.0,0.0
2024-08-02 00:00:00-04:00,1.8300000429153442,1.8300000429153442,1.7799999713897705,1.7799999713897705,15400,0.0,0.0
2024-08-05 00:00:00-04:00,1.7799999713897705,1.850000023841858,1.7799999713897705,1.8200000524520874,12900,0.0,0.0
2024-08-06 00:00:00-04:00,1.809999942779541,1.809999942779541,1.7599999904632568,1.7699999809265137,23700,0.0,0.0
2024-08-07 00:00:00-04:00,1.7899999618530273,1.7899999618530273,1.7699999809265137,1.7799999713897705,2900,0.0,0.0
2024-08-08 00:00:00-04:00,1.7699999809265137,1.809999942779541,1.75,1.809999942779541,17200,0.0,0.0
2024-08-09 00:00:00-04:00,1.8300000429153442,1.8300000429153442,1.7599999904632568,1.7899999618530273,5100,0.0,0.0
2024-08-12 00:00:00-04:00,1.7699999809265137,1.7899999618530273,1.75,1.7699999809265137,7400,0.0,0.0
2024-08-13 00:00:00-04:00,1.7999999523162842,1.7999999523162842,1.7699999809265137,1.7699999809265137,3100,0.0,0.0
2024-08-14 00:00:00-04:00,1.7400000095367432,1.7699999809265137,1.7400000095367432,1.75,1500,0.0,0.0
2024-08-15 00:00:00-04:00,1.7899999618530273,1.7999999523162842,1.7599999904632568,1.7799999713897705,8500,0.0,0.0
2024-08-16 00:00:00-04:00,1.7999999523162842,1.809999942779541,1.75,1.7999999523162842,15400,0.0,0.0
2024-08-19 00:00:00-04:00,1.7999999523162842,1.809999942779541,1.7599999904632568,1.809999942779541,25100,0.0,0.0
2024-08-20 00:00:00-04:00,1.8200000524520874,1.8300000429153442,1.7699999809265137,1.8200000524520874,2400,0.0,0.0
2024-08-21 00:00:00-04:00,1.7599999904632568,1.8300000429153442,1.7599999904632568,1.8200000524520874,8600,0.0,0.0
2024-08-22 00:00:00-04:00,1.7999999523162842,1.8200000524520874,1.7599999904632568,1.7899999618530273,9600,0.0,0.0
2024-08-23 00:00:00-04:00,1.7699999809265137,1.809999942779541,1.75,1.7999999523162842,6500,0.0,0.0
2024-08-26 00:00:00-04:00,1.7999999523162842,1.8300000429153442,1.7899999618530273,1.8300000429153442,32000,0.0,0.0
2024-08-27 00:00:00-04:00,1.8200000524520874,1.840000033378601,1.7999999523162842,1.840000033378601,10300,0.0,0.0
2024-08-28 00:00:00-04:00,1.7999999523162842,1.850000023841858,1.7999999523162842,1.8200000524520874,28100,0.0,0.0
2024-08-29 00:00:00-04:00,1.850000023841858,1.850000023841858,1.7999999523162842,1.8200000524520874,9400,0.0,0.0
2024-08-30 00:00:00-04:00,1.809999942779541,1.8300000429153442,1.809999942779541,1.8300000429153442,6000,0.0,0.0
2024-09-03 00:00:00-04:00,1.809999942779541,1.809999942779541,1.7400000095367432,1.7599999904632568,60900,0.0,0.0
2024-09-04 00:00:00-04:00,1.75,1.7799999713897705,1.7400000095367432,1.75,9300,0.0,0.0
2024-09-05 00:00:00-04:00,1.7599999904632568,1.7699999809265137,1.7400000095367432,1.7699999809265137,10600,0.0,0.0
2024-09-06 00:00:00-04:00,1.7799999713897705,1.7799999713897705,1.7000000476837158,1.7200000286102295,12200,0.0,0.0
2024-09-09 00:00:00-04:00,1.7300000190734863,1.7999999523162842,1.7100000381469727,1.7799999713897705,37200,0.0,0.0
2024-09-10 00:00:00-04:00,1.7999999523162842,1.7999999523162842,1.7000000476837158,1.7699999809265137,21000,0.0,0.0
2024-09-11 00:00:00-04:00,1.7899999618530273,1.7899999618530273,1.7200000286102295,1.7699999809265137,13000,0.0,0.0
2024-09-12 00:00:00-04:00,1.7999999523162842,1.7999999523162842,1.7200000286102295,1.7200000286102295,19200,0.0,0.0
2024-09-13 00:00:00-04:00,1.75,1.7799999713897705,1.7200000286102295,1.7799999713897705,39700,0.0,0.0
2024-09-16 00:00:00-04:00,1.7699999809265137,1.7899999618530273,1.75,1.7599999904632568,16100,0.0,0.0
2024-09-17 00:00:00-04:00,1.7899999618530273,1.9600000381469727,1.7599999904632568,1.7899999618530273,55600,0.0,0.0
2024-09-18 00:00:00-04:00,1.8300000429153442,1.840000033378601,1.7699999809265137,1.7699999809265137,28900,0.0,0.0
2024-09-19 00:00:00-04:00,1.7999999523162842,1.7999999523162842,1.7599999904632568,1.7799999713897705,13700,0.0,0.0
2024-09-20 00:00:00-04:00,1.7899999618530273,1.7999999523162842,1.7100000381469727,1.7899999618530273,74900,0.0,0.0
2024-09-23 00:00:00-04:00,1.7799999713897705,1.7999999523162842,1.7599999904632568,1.7599999904632568,10000,0.0,0.0
2024-09-24 00:00:00-04:00,1.75,1.7999999523162842,1.75,1.7599999904632568,25800,0.0,0.0
2024-09-25 00:00:00-04:00,1.7599999904632568,1.7899999618530273,1.7100000381469727,1.7400000095367432,42700,0.0,0.0
2024-09-26 00:00:00-04:00,1.7400000095367432,2.380000114440918,1.7400000095367432,2.0999999046325684,357600,0.0,0.0
2024-09-27 00:00:00-04:00,2.0899999141693115,2.130000114440918,2.0399999618530273,2.059999942779541,40000,0.0,0.0
2024-09-30 00:00:00-04:00,2.059999942779541,2.0899999141693115,2.0,2.0299999713897705,44500,0.0,0.0
2024-10-01 00:00:00-04:00,2.0299999713897705,2.2699999809265137,2.0,2.2200000286102295,113400,0.0,0.0
2024-10-02 00:00:00-04:00,2.240000009536743,2.2899999618530273,2.1500000953674316,2.25,19200,0.0,0.0
2024-10-03 00:00:00-04:00,2.2200000286102295,2.4200000762939453,2.2200000286102295,2.3399999141693115,31100,0.0,0.0
2024-10-04 00:00:00-04:00,2.3499999046325684,2.5,2.2899999618530273,2.5,99300,0.0,0.0
2024-10-07 00:00:00-04:00,2.5,2.509999990463257,2.4000000953674316,2.4800000190734863,51100,0.0,0.0
2024-10-08 00:00:00-04:00,2.5,2.509999990463257,2.4100000858306885,2.490000009536743,71600,0.0,0.0
2024-10-09 00:00:00-04:00,2.509999990463257,2.509999990463257,2.4000000953674316,2.4800000190734863,36500,0.0,0.0
2024-10-10 00:00:00-04:00,2.490000009536743,2.5199999809265137,2.4600000381469727,2.4800000190734863,4300,0.0,0.0
2024-10-11 00:00:00-04:00,2.490000009536743,2.490000009536743,2.390000104904175,2.4000000953674316,27800,0.0,0.0
2024-10-14 00:00:00-04:00,2.450000047683716,2.7200000286102295,2.390000104904175,2.6700000762939453,55000,0.0,0.0
2024-10-15 00:00:00-04:00,2.700000047683716,2.8399999141693115,2.640000104904175,2.7100000381469727,38100,0.0,0.0
2024-10-16 00:00:00-04:00,2.75,2.7799999713897705,2.4600000381469727,2.619999885559082,115300,0.0,0.0
2024-10-17 00:00:00-04:00,2.630000114440918,2.809999942779541,2.5799999237060547,2.809999942779541,45600,0.0,0.0
2024-10-18 00:00:00-04:00,2.869999885559082,2.930000066757202,2.7300000190734863,2.7799999713897705,45700,0.0,0.0
2024-10-21 00:00:00-04:00,2.75,2.7799999713897705,2.7100000381469727,2.759999990463257,36800,0.0,0.0
2024-10-22 00:00:00-04:00,2.7699999809265137,2.990000009536743,2.7699999809265137,2.990000009536743,72000,0.0,0.0
2024-10-23 00:00:00-04:00,2.950000047683716,2.9800000190734863,2.7899999618530273,2.819999933242798,25600,0.0,0.0
2024-10-24 00:00:00-04:00,2.8499999046325684,2.9800000190734863,2.8399999141693115,2.869999885559082,52200,0.0,0.0
2024-10-25 00:00:00-04:00,2.8299999237060547,2.8299999237060547,2.7200000286102295,2.7699999809265137,19600,0.0,0.0
2024-10-28 00:00:00-04:00,2.819999933242798,2.890000104904175,2.740000009536743,2.799999952316284,36600,0.0,0.0
2024-10-29 00:00:00-04:00,2.8399999141693115,2.9700000286102295,2.8299999237060547,2.890000104904175,32800,0.0,0.0
2024-10-30 00:00:00-04:00,2.890000104904175,2.9600000381469727,2.7799999713897705,2.8299999237060547,32900,0.0,0.0
2024-10-31 00:00:00-04:00,2.8499999046325684,2.9600000381469727,2.700000047683716,2.9100000858306885,81800,0.0,0.0
2024-11-01 00:00:00-04:00,2.9100000858306885,2.9200000762939453,2.799999952316284,2.9200000762939453,36500,0.0,0.0
2024-11-04 00:00:00-05:00,2.9200000762939453,3.059999942779541,2.880000114440918,3.0,172400,0.0,0.0
2024-11-05 00:00:00-05:00,3.0199999809265137,3.2200000286102295,3.0199999809265137,3.109999895095825,99700,0.0,0.0
2024-11-06 00:00:00-05:00,3.1600000858306885,3.200000047683716,2.9700000286102295,3.059999942779541,61000,0.0,0.0
2024-11-07 00:00:00-05:00,3.0199999809265137,3.1700000762939453,2.8499999046325684,2.9100000858306885,117700,0.0,0.0
2024-11-08 00:00:00-05:00,2.940000057220459,3.109999895095825,2.9100000858306885,2.990000009536743,51700,0.0,0.0
2024-11-11 00:00:00-05:00,2.950000047683716,2.9700000286102295,2.799999952316284,2.8299999237060547,80400,0.0,0.0
2024-11-12 00:00:00-05:00,2.799999952316284,2.799999952316284,2.559999942779541,2.6600000858306885,83500,0.0,0.0
2024-11-13 00:00:00-05:00,2.700000047683716,2.759999990463257,2.680000066757202,2.7200000286102295,30800,0.0,0.0
2024-11-14 00:00:00-05:00,2.700000047683716,2.8399999141693115,2.700000047683716,2.799999952316284,31000,0.0,0.0
2024-11-15 00:00:00-05:00,2.869999885559082,2.869999885559082,2.759999990463257,2.7799999713897705,17500,0.0,0.0
2024-11-18 00:00:00-05:00,2.799999952316284,2.799999952316284,2.6600000858306885,2.7200000286102295,16700,0.0,0.0
2024-11-19 00:00:00-05:00,2.7200000286102295,2.9100000858306885,2.640000104904175,2.819999933242798,57300,0.0,0.0
2024-11-20 00:00:00-05:00,2.819999933242798,2.869999885559082,2.799999952316284,2.869999885559082,9400,0.0,0.0
2024-11-21 00:00:00-05:00,2.859999895095825,2.9000000953674316,2.680000066757202,2.8499999046325684,35800,0.0,0.0
2024-11-22 00:00:00-05:00,2.819999933242798,2.9200000762939453,2.819999933242798,2.890000104904175,16300,0.0,0.0
2024-11-25 00:00:00-05:00,2.880000114440918,2.930000066757202,2.809999942779541,2.809999942779541,18300,0.0,0.0
2024-11-26 00:00:00-05:00,2.8499999046325684,2.9200000762939453,2.8299999237060547,2.9200000762939453,14600,0.0,0.0
2024-11-27 00:00:00-05:00,2.940000057220459,2.990000009536743,2.890000104904175,2.930000066757202,16600,0.0,0.0
2024-11-29 00:00:00-05:00,2.950000047683716,3.0799999237060547,2.930000066757202,3.009999990463257,15100,0.0,0.0
2024-12-02 00:00:00-05:00,3.0299999713897705,3.049999952316284,2.940000057220459,3.009999990463257,42000,0.0,0.0
2024-12-03 00:00:00-05:00,2.990000009536743,3.059999942779541,2.9700000286102295,3.0399999618530273,27300,0.0,0.0
2024-12-04 00:00:00-05:00,3.0,3.2899999618530273,3.0,3.25,59100,0.0,0.0
2024-12-05 00:00:00-05:00,3.2300000190734863,3.359999895095825,3.2300000190734863,3.309999942779541,35000,0.0,0.0
2024-12-06 00:00:00-05:00,3.309999942779541,3.309999942779541,3.1700000762939453,3.2200000286102295,30000,0.0,0.0
2024-12-09 00:00:00-05:00,3.2100000381469727,3.240000009536743,3.0899999141693115,3.130000114440918,19500,0.0,0.0
2024-12-10 00:00:00-05:00,3.130000114440918,3.130000114440918,3.009999990463257,3.009999990463257,3300,0.0,0.0
2024-12-11 00:00:00-05:00,3.069999933242798,3.140000104904175,3.0399999618530273,3.049999952316284,5900,0.0,0.0
2024-12-12 00:00:00-05:00,3.0999999046325684,3.140000104904175,2.950000047683716,3.0399999618530273,11600,0.0,0.0
2024-12-13 00:00:00-05:00,3.049999952316284,3.049999952316284,2.9000000953674316,3.0199999809265137,10200,0.0,0.0
2024-12-16 00:00:00-05:00,2.9800000190734863,3.049999952316284,2.9200000762939453,2.950000047683716,13800,0.0,0.0
2024-12-17 00:00:00-05:00,2.950000047683716,2.990000009536743,2.7200000286102295,2.8299999237060547,28800,0.0,0.0
2024-12-18 00:00:00-05:00,2.7699999809265137,2.890000104904175,2.700000047683716,2.700000047683716,28200,0.0,0.0
2024-12-19 00:00:00-05:00,2.6700000762939453,2.700000047683716,2.549999952316284,2.680000066757202,33900,0.0,0.0
2024-12-20 00:00:00-05:00,2.6500000953674316,2.690000057220459,2.569999933242798,2.6700000762939453,27400,0.0,0.0
2024-12-23 00:00:00-05:00,2.6500000953674316,2.690000057220459,2.630000114440918,2.630000114440918,2700,0.0,0.0
2024-12-24 00:00:00-05:00,2.640000104904175,2.680000066757202,2.559999942779541,2.680000066757202,7800,0.0,0.0
2024-12-26 00:00:00-05:00,2.640000104904175,2.640000104904175,2.5999999046325684,2.640000104904175,2500,0.0,0.0
2024-12-27 00:00:00-05:00,2.6600000858306885,2.6700000762939453,2.619999885559082,2.6700000762939453,3000,0.0,0.0
2024-12-30 00:00:00-05:00,2.630000114440918,2.680000066757202,2.5999999046325684,2.640000104904175,7800,0.0,0.0
2024-12-31 00:00:00-05:00,2.6700000762939453,2.680000066757202,2.549999952316284,2.5799999237060547,12500,0.0,0.0
2025-01-02 00:00:00-05:00,2.619999885559082,2.680000066757202,2.5999999046325684,2.6500000953674316,9200,0.0,0.0
2025-01-03 00:00:00-05:00,2.630000114440918,2.700000047683716,2.619999885559082,2.700000047683716,10900,0.0,0.0
2025-01-06 00:00:00-05:00,2.7100000381469727,2.7300000190734863,2.6700000762939453,2.7200000286102295,22900,0.0,0.0
2025-01-07 00:00:00-05:00,2.680000066757202,2.690000057220459,2.559999942779541,2.6500000953674316,5800,0.0,0.0
2025-01-08 00:00:00-05:00,2.6700000762939453,2.6700000762939453,2.450000047683716,2.5899999141693115,54100,0.0,0.0
2025-01-10 00:00:00-05:00,2.5299999713897705,2.569999933242798,2.4700000286102295,2.4700000286102295,17200,0.0,0.0
2025-01-13 00:00:00-05:00,2.5,2.549999952316284,2.4200000762939453,2.5,17400,0.0,0.0
2025-01-14 00:00:00-05:00,2.4800000190734863,2.680000066757202,2.4800000190734863,2.559999942779541,10100,0.0,0.0
2025-01-15 00:00:00-05:00,2.5899999141693115,2.700000047683716,2.4600000381469727,2.630000114440918,7100,0.0,0.0
2025-01-16 00:00:00-05:00,2.619999885559082,2.680000066757202,2.609999895095825,2.609999895095825,3500,0.0,0.0
2025-01-17 00:00:00-05:00,2.6600000858306885,2.680000066757202,2.609999895095825,2.619999885559082,8400,0.0,0.0
2025-01-21 00:00:00-05:00,2.5999999046325684,2.6700000762939453,2.5999999046325684,2.6500000953674316,7400,0.0,0.0
2025-01-22 00:00:00-05:00,2.630000114440918,2.700000047683716,2.630000114440918,2.640000104904175,6000,0.0,0.0
2025-01-23 00:00:00-05:00,2.630000114440918,2.700000047683716,2.630000114440918,2.680000066757202,14900,0.0,0.0
2025-01-24 00:00:00-05:00,2.690000057220459,2.690000057220459,2.569999933242798,2.5899999141693115,25000,0.0,0.0
2025-01-27 00:00:00-05:00,2.619999885559082,2.640000104904175,2.5,2.569999933242798,4300,0.0,0.0
2025-01-28 00:00:00-05:00,2.549999952316284,2.5999999046325684,2.490000009536743,2.549999952316284,25700,0.0,0.0
2025-01-29 00:00:00-05:00,2.5999999046325684,2.5999999046325684,2.5,2.5199999809265137,38400,0.0,0.0
2025-01-30 00:00:00-05:00,2.5399999618530273,2.5799999237060547,2.4700000286102295,2.5199999809265137,15100,0.0,0.0
2025-01-31 00:00:00-05:00,2.559999942779541,2.5799999237060547,2.4200000762939453,2.5299999713897705,62500,0.0,0.0
2025-02-03 00:00:00-05:00,2.440000057220459,2.5199999809265137,2.2799999713897705,2.4000000953674316,53900,0.0,0.0
2025-02-04 00:00:00-05:00,2.5,2.5199999809265137,2.4700000286102295,2.4700000286102295,10600,0.0,0.0
2025-02-05 00:00:00-05:00,2.5199999809265137,2.5199999809265137,2.4600000381469727,2.4600000381469727,5200,0.0,0.0
2025-02-06 00:00:00-05:00,2.549999952316284,2.549999952316284,2.309999942779541,2.309999942779541,21300,0.0,0.0
2025-02-07 00:00:00-05:00,2.3499999046325684,2.509999990463257,2.3499999046325684,2.3499999046325684,19200,0.0,0.0
2025-02-10 00:00:00-05:00,2.4000000953674316,2.4800000190734863,2.3499999046325684,2.380000114440918,8800,0.0,0.0
2025-02-11 00:00:00-05:00,2.380000114440918,2.5,2.3299999237060547,2.4800000190734863,22600,0.0,0.0
2025-02-12 00:00:00-05:00,2.4800000190734863,2.5399999618530273,2.4000000953674316,2.4800000190734863,14500,0.0,0.0
2025-02-13 00:00:00-05:00,2.380000114440918,2.509999990463257,2.369999885559082,2.4000000953674316,7400,0.0,0.0
2025-02-14 00:00:00-05:00,2.430000066757202,2.549999952316284,2.4000000953674316,2.549999952316284,11100,0.0,0.0
2025-02-18 00:00:00-05:00,2.549999952316284,2.5999999046325684,2.509999990463257,2.5299999713897705,13500,0.0,0.0
2025-02-19 00:00:00-05:00,2.5,2.619999885559082,2.4700000286102295,2.609999895095825,50900,0.0,0.0
2025-02-20 00:00:00-05:00,2.6500000953674316,2.680000066757202,2.559999942779541,2.609999895095825,13900,0.0,0.0
2025-02-21 00:00:00-05:00,2.5999999046325684,2.6600000858306885,2.559999942779541,2.559999942779541,510900,0.0,0.0
2025-02-24 00:00:00-05:00,2.609999895095825,2.9600000381469727,2.559999942779541,2.869999885559082,172900,0.0,0.0
2025-02-25 00:00:00-05:00,2.869999885559082,2.9800000190734863,2.819999933242798,2.8499999046325684,47200,0.0,0.0
2025-02-26 00:00:00-05:00,2.859999895095825,2.9800000190734863,2.7200000286102295,2.819999933242798,43000,0.0,0.0
2025-02-27 00:00:00-05:00,2.7899999618530273,2.859999895095825,2.7100000381469727,2.7899999618530273,10400,0.0,0.0
2025-02-28 00:00:00-05:00,2.859999895095825,3.25,2.7899999618530273,3.2100000381469727,90100,0.0,0.0
2025-03-03 00:00:00-05:00,3.119999885559082,3.200000047683716,2.819999933242798,2.8499999046325684,51800,0.0,0.0
2025-03-04 00:00:00-05:00,2.7699999809265137,2.9700000286102295,2.7200000286102295,2.8399999141693115,15300,0.0,0.0
2025-03-05 00:00:00-05:00,2.940000057220459,2.990000009536743,2.8499999046325684,2.8499999046325684,13800,0.0,0.0
2025-03-06 00:00:00-05:00,2.8499999046325684,2.940000057220459,2.75,2.75,35200,0.0,0.0
2025-03-07 00:00:00-05:00,2.8399999141693115,2.9700000286102295,2.799999952316284,2.869999885559082,28100,0.0,0.0
2025-03-10 00:00:00-04:00,2.940000057220459,2.9600000381469727,2.799999952316284,2.8399999141693115,46700,0.0,0.0
2025-03-11 00:00:00-04:00,2.9000000953674316,3.049999952316284,2.9000000953674316,2.9800000190734863,20600,0.0,0.0
2025-03-12 00:00:00-04:00,3.0999999046325684,3.0999999046325684,2.9700000286102295,3.0399999618530273,5600,0.0,0.0
2025-03-13 00:00:00-04:00,3.0199999809265137,3.0299999713897705,2.75,2.9200000762939453,19900,0.0,0.0
2025-03-14 00:00:00-04:00,2.9200000762939453,3.0,2.819999933242798,2.8399999141693115,9800,0.0,0.0
2025-03-17 00:00:00-04:00,2.890000104904175,2.890000104904175,2.7200000286102295,2.759999990463257,22100,0.0,0.0
2025-03-18 00:00:00-04:00,2.7100000381469727,2.799999952316284,2.6700000762939453,2.7200000286102295,20400,0.0,0.0
2025-03-19 00:00:00-04:00,2.7699999809265137,2.809999942779541,2.7300000190734863,2.809999942779541,7900,0.0,0.0
2025-03-20 00:00:00-04:00,2.8499999046325684,2.8499999046325684,2.640000104904175,2.7699999809265137,9000,0.0,0.0
2025-03-21 00:00:00-04:00,2.859999895095825,2.859999895095825,2.7200000286102295,2.75,8800,0.0,0.0
2025-03-24 00:00:00-04:00,2.8299999237060547,2.859999895095825,2.799999952316284,2.8299999237060547,16500,0.0,0.0
2025-03-25 00:00:00-04:00,2.8499999046325684,2.8499999046325684,2.7300000190734863,2.819999933242798,10400,0.0,0.0
2025-03-26 00:00:00-04:00,2.819999933242798,2.8499999046325684,2.5999999046325684,2.75,29700,0.0,0.0
2025-03-27 00:00:00-04:00,2.8299999237060547,2.8499999046325684,2.75,2.7799999713897705,9900,0.0,0.0
2025-03-28 00:00:00-04:00,2.809999942779541,2.8399999141693115,2.7200000286102295,2.7699999809265137,11400,0.0,0.0
2025-03-31 00:00:00-04:00,2.7300000190734863,2.799999952316284,2.609999895095825,2.75,17500,0.0,0.0
2025-04-01 00:00:00-04:00,2.759999990463257,2.759999990463257,2.569999933242798,2.5799999237060547,13800,0.0,0.0
2025-04-02 00:00:00-04:00,2.6500000953674316,2.6500000953674316,2.5,2.5,24600,0.0,0.0
2025-04-03 00:00:00-04:00,2.440000057220459,2.559999942779541,2.440000057220459,2.5,12900,0.0,0.0
2025-04-04 00:00:00-04:00,2.5,2.5199999809265137,2.380000114440918,2.4100000858306885,10700,0.0,0.0
2025-04-07 00:00:00-04:00,2.5,2.509999990463257,2.1600000858306885,2.240000009536743,133000,0.0,0.0
2025-04-08 00:00:00-04:00,2.2699999809265137,2.4600000381469727,2.119999885559082,2.1700000762939453,17700,0.0,0.0
2025-04-09 00:00:00-04:00,2.200000047683716,2.4600000381469727,2.069999933242798,2.180000066757202,53500,0.0,0.0
2025-04-10 00:00:00-04:00,2.190000057220459,2.200000047683716,2.009999990463257,2.0799999237060547,42000,0.0,0.0
2025-04-11 00:00:00-04:00,2.059999942779541,2.319999933242798,2.059999942779541,2.2300000190734863,7200,0.0,0.0
2025-04-14 00:00:00-04:00,2.240000009536743,2.309999942779541,2.140000104904175,2.190000057220459,16800,0.0,0.0
2025-04-15 00:00:00-04:00,2.2300000190734863,2.2899999618530273,2.2200000286102295,2.2300000190734863,14200,0.0,0.0
2025-04-16 00:00:00-04:00,2.180000066757202,2.299999952316284,2.1700000762939453,2.190000057220459,4100,0.0,0.0
2025-04-17 00:00:00-04:00,2.2899999618530273,2.2899999618530273,2.109999895095825,2.2699999809265137,45400,0.0,0.0
2025-04-21 00:00:00-04:00,2.2699999809265137,2.309999942779541,2.1500000953674316,2.2300000190734863,30100,0.0,0.0
2025-04-22 00:00:00-04:00,2.2799999713897705,2.2799999713897705,2.2799999713897705,2.2799999713897705,1100,0.0,0.0
2025-04-23 00:00:00-04:00,2.3499999046325684,2.440000057220459,2.3399999141693115,2.359999895095825,7400,0.0,0.0
2025-04-24 00:00:00-04:00,2.3299999237060547,2.4200000762939453,2.309999942779541,2.4100000858306885,18900,0.0,0.0
2025-04-25 00:00:00-04:00,2.4100000858306885,2.5,2.359999895095825,2.5,20600,0.0,0.0
2025-04-28 00:00:00-04:00,2.490000009536743,2.490000009536743,2.4100000858306885,2.4600000381469727,5900,0.0,0.0
2025-04-29 00:00:00-04:00,2.4700000286102295,2.4800000190734863,2.380000114440918,2.430000066757202,7500,0.0,0.0
2025-04-30 00:00:00-04:00,2.4000000953674316,2.4800000190734863,2.380000114440918,2.4600000381469727,25700,0.0,0.0
2025-05-01 00:00:00-04:00,2.440000057220459,2.4800000190734863,2.4200000762939453,2.4800000190734863,3300,0.0,0.0
2025-05-02 00:00:00-04:00,2.4600000381469727,2.490000009536743,2.4000000953674316,2.450000047683716,9900,0.0,0.0
2025-05-05 00:00:00-04:00,2.440000057220459,2.490000009536743,2.3499999046325684,2.380000114440918,6800,0.0,0.0
2025-05-06 00:00:00-04:00,2.4200000762939453,2.450000047683716,2.359999895095825,2.390000104904175,5200,0.0,0.0
2025-05-07 00:00:00-04:00,2.4000000953674316,2.490000009536743,2.299999952316284,2.490000009536743,48200,0.0,0.0
2025-05-08 00:00:00-04:00,2.490000009536743,2.75,2.490000009536743,2.619999885559082,22400,0.0,0.0
2025-05-09 00:00:00-04:00,2.75,2.890000104904175,2.7300000190734863,2.740000009536743,15200,0.0,0.0
2025-05-12 00:00:00-04:00,2.799999952316284,2.8299999237060547,2.7200000286102295,2.7799999713897705,17400,0.0,0.0
2025-05-13 00:00:00-04:00,2.799999952316284,2.8399999141693115,2.7699999809265137,2.7799999713897705,19700,0.0,0.0
2025-05-14 00:00:00-04:00,2.809999942779541,2.8399999141693115,2.5999999046325684,2.630000114440918,32200,0.0,0.0
2025-05-15 00:00:00-04:00,2.799999952316284,2.799999952316284,2.700000047683716,2.75,9900,0.0,0.0
2025-05-16 00:00:00-04:00,2.6700000762939453,2.799999952316284,2.5399999618530273,2.7300000190734863,19500,0.0,0.0
2025-05-19 00:00:00-04:00,2.75,2.809999942779541,2.740000009536743,2.7699999809265137,2900,0.0,0.0
2025-05-20 00:00:00-04:00,2.799999952316284,2.809999942779541,2.740000009536743,2.740000009536743,1800,0.0,0.0
2025-05-21 00:00:00-04:00,2.819999933242798,2.819999933242798,2.7300000190734863,2.7300000190734863,5000,0.0,0.0
2025-05-22 00:00:00-04:00,2.7899999618530273,2.819999933242798,2.7300000190734863,2.740000009536743,12200,0.0,0.0
2025-05-23 00:00:00-04:00,2.680000066757202,2.819999933242798,2.680000066757202,2.7799999713897705,9700,0.0,0.0
2025-05-27 00:00:00-04:00,2.799999952316284,2.799999952316284,2.6600000858306885,2.759999990463257,15100,0.0,0.0
2025-05-28 00:00:00-04:00,2.75,2.7699999809265137,2.700000047683716,2.75,7500,0.0,0.0
2025-05-29 00:00:00-04:00,2.7699999809265137,2.7899999618530273,2.6600000858306885,2.6600000858306885,28500,0.0,0.0
2025-05-30 00:00:00-04:00,2.700000047683716,2.799999952316284,2.690000057220459,2.759999990463257,21300,0.0,0.0
2025-06-02 00:00:00-04:00,2.75,2.75,2.6500000953674316,2.75,6800,0.0,0.0
2025-06-03 00:00:00-04:00,2.7200000286102295,2.740000009536743,2.690000057220459,2.690000057220459,1700,0.0,0.0
2025-06-04 00:00:00-04:00,2.7200000286102295,2.75,2.630000114440918,2.7200000286102295,12500,0.0,0.0
2025-06-05 00:00:00-04:00,2.7300000190734863,2.7300000190734863,2.559999942779541,2.640000104904175,23900,0.0,0.0
2025-06-06 00:00:00-04:00,2.609999895095825,2.7200000286102295,2.609999895095825,2.6600000858306885,10200,0.0,0.0
2025-06-09 00:00:00-04:00,2.619999885559082,2.740000009536743,2.569999933242798,2.609999895095825,14800,0.0,0.0
2025-06-10 00:00:00-04:00,2.5799999237060547,2.6600000858306885,2.490000009536743,2.5399999618530273,40400,0.0,0.0
2025-06-11 00:00:00-04:00,2.490000009536743,2.609999895095825,2.4700000286102295,2.5399999618530273,19200,0.0,0.0
2025-06-12 00:00:00-04:00,2.5,2.5199999809265137,2.4200000762939453,2.4700000286102295,18900,0.0,0.0
2025-06-13 00:00:00-04:00,2.450000047683716,2.490000009536743,2.380000114440918,2.440000057220459,14200,0.0,0.0
2025-06-16 00:00:00-04:00,2.5,2.549999952316284,2.380000114440918,2.4200000762939453,34100,0.0,0.0
2025-06-17 00:00:00-04:00,2.4000000953674316,2.4800000190734863,2.359999895095825,2.450000047683716,29800,0.0,0.0
2025-06-18 00:00:00-04:00,2.4000000953674316,2.569999933242798,2.390000104904175,2.5,62300,0.0,0.0
2025-06-20 00:00:00-04:00,2.490000009536743,2.5399999618530273,2.4600000381469727,2.5399999618530273,15500,0.0,0.0
2025-06-23 00:00:00-04:00,2.490000009536743,2.5999999046325684,2.450000047683716,2.549999952316284,30600,0.0,0.0
2025-06-24 00:00:00-04:00,2.5799999237060547,2.619999885559082,2.549999952316284,2.609999895095825,12200,0.0,0.0
2025-06-25 00:00:00-04:00,2.5899999141693115,2.640000104904175,2.5199999809265137,2.609999895095825,12100,0.0,0.0
2025-06-26 00:00:00-04:00,2.569999933242798,2.5899999141693115,2.5,2.5799999237060547,14100,0.0,0.0
2025-06-27 00:00:00-04:00,2.509999990463257,2.640000104904175,2.4800000190734863,2.630000114440918,52900,0.0,0.0
2025-06-30 00:00:00-04:00,2.640000104904175,2.75,2.5999999046325684,2.75,61400,0.0,0.0
2025-07-01 00:00:00-04:00,2.75,2.7699999809265137,2.6700000762939453,2.7300000190734863,9000,0.0,0.0
2025-07-02 00:00:00-04:00,2.7300000190734863,2.8299999237060547,2.7300000190734863,2.7899999618530273,10900,0.0,0.0
2025-07-03 00:00:00-04:00,2.7799999713897705,2.890000104904175,2.7799999713897705,2.869999885559082,12600,0.0,0.0
2025-07-07 00:00:00-04:00,2.869999885559082,2.9000000953674316,2.819999933242798,2.8299999237060547,22300,0.0,0.0
2025-07-08 00:00:00-04:00,2.8499999046325684,2.9100000858306885,2.819999933242798,2.819999933242798,13200,0.0,0.0
2025-07-09 00:00:00-04:00,2.8399999141693115,2.9000000953674316,2.740000009536743,2.799999952316284,22400,0.0,0.0
2025-07-10 00:00:00-04:00,2.799999952316284,2.8499999046325684,2.7899999618530273,2.799999952316284,17300,0.0,0.0
2025-07-11 00:00:00-04:00,2.690000057220459,2.8299999237060547,2.690000057220459,2.7899999618530273,71000,0.0,0.0
2025-07-14 00:00:00-04:00,2.7899999618530273,2.950000047683716,2.6700000762939453,2.809999942779541,24800,0.0,0.0
2025-07-15 00:00:00-04:00,2.7699999809265137,2.7799999713897705,2.6600000858306885,2.6600000858306885,16200,0.0,0.0
2025-07-16 00:00:00-04:00,2.75,2.819999933242798,2.6600000858306885,2.6600000858306885,10800,0.0,0.0
2025-07-17 00:00:00-04:00,2.6600000858306885,2.8299999237060547,2.630000114440918,2.759999990463257,38500,0.0,0.0
2025-07-18 00:00:00-04:00,2.7899999618530273,2.8299999237060547,2.690000057220459,2.7300000190734863,11700,0.0,0.0
2025-07-21 00:00:00-04:00,2.680000066757202,2.7699999809265137,2.680000066757202,2.7699999809265137,25600,0.0,0.0
2025-07-22 00:00:00-04:00,2.7300000190734863,2.9000000953674316,2.7200000286102295,2.799999952316284,33500,0.0,0.0
2025-07-23 00:00:00-04:00,2.8499999046325684,2.880000114440918,2.7300000190734863,2.799999952316284,32400,0.0,0.0
2025-07-24 00:00:00-04:00,2.859999895095825,3.180000066757202,2.7699999809265137,3.009999990463257,112900,0.0,0.0
2025-07-25 00:00:00-04:00,3.0999999046325684,3.0999999046325684,2.9000000953674316,2.9700000286102295,19300,0.0,0.0
2025-07-28 00:00:00-04:00,3.0,3.0299999713897705,2.799999952316284,2.880000114440918,28800,0.0,0.0
2025-07-29 00:00:00-04:00,2.9200000762939453,3.0399999618530273,2.9200000762939453,2.950000047683716,13200,0.0,0.0
2025-07-30 00:00:00-04:00,2.9000000953674316,3.140000104904175,2.9000000953674316,3.0199999809265137,51200,0.0,0.0
2025-07-31 00:00:00-04:00,3.059999942779541,3.0799999237060547,2.9600000381469727,3.009999990463257,14500,0.0,0.0
2025-08-01 00:00:00-04:00,2.9700000286102295,3.2699999809265137,2.809999942779541,2.8399999141693115,29400,0.0,0.0
2025-08-04 00:00:00-04:00,2.9000000953674316,3.009999990463257,2.8299999237060547,2.859999895095825,11800,0.0,0.0
2025-08-05 00:00:00-04:00,2.9100000858306885,2.9800000190734863,2.759999990463257,2.809999942779541,8400,0.0,0.0
2025-08-06 00:00:00-04:00,2.75,2.9100000858306885,2.700000047683716,2.7699999809265137,12300,0.0,0.0
2025-08-07 00:00:00-04:00,2.799999952316284,2.799999952316284,2.700000047683716,2.700000047683716,11300,0.0,0.0
2025-08-08 00:00:00-04:00,2.75,2.9000000953674316,2.75,2.819999933242798,5400,0.0,0.0
2025-08-11 00:00:00-04:00,2.799999952316284,2.9800000190734863,2.75,2.819999933242798,15400,0.0,0.0
2025-08-12 00:00:00-04:00,2.819999933242798,2.9700000286102295,2.700000047683716,2.7699999809265137,25700,0.0,0.0
2025-08-13 00:00:00-04:00,2.8299999237060547,2.940000057220459,2.7200000286102295,2.740000009536743,19700,0.0,0.0
2025-08-14 00:00:00-04:00,2.759999990463257,2.890000104904175,2.7200000286102295,2.7799999713897705,8000,0.0,0.0
2025-08-15 00:00:00-04:00,2.7799999713897705,2.8399999141693115,2.740000009536743,2.809999942779541,4000,0.0,0.0
2025-08-18 00:00:00-04:00,2.809999942779541,2.8399999141693115,2.7699999809265137,2.7699999809265137,8600,0.0,0.0
2025-08-19 00:00:00-04:00,2.809999942779541,2.890000104904175,2.740000009536743,2.740000009536743,15200,0.0,0.0
2025-08-20 00:00:00-04:00,2.859999895095825,3.359999895095825,2.8499999046325684,3.25,268300,0.0,0.0
2025-08-21 00:00:00-04:00,3.299999952316284,3.369999885559082,3.009999990463257,3.1500000953674316,79800,0.0,0.0
2025-08-22 00:00:00-04:00,3.190000057220459,3.3499999046325684,3.0999999046325684,3.3499999046325684,46800,0.0,0.0
2025-08-25 00:00:00-04:00,3.390000104904175,3.450000047683716,3.259999990463257,3.2699999809265137,19600,0.0,0.0
2025-08-26 00:00:00-04:00,3.369999885559082,3.369999885559082,3.190000057220459,3.309999942779541,17700,0.0,0.0
2025-08-27 00:00:00-04:00,3.3499999046325684,3.4200000762939453,3.180000066757202,3.240000009536743,34900,0.0,0.0
2025-08-28 00:00:00-04:00,3.240000009536743,3.4000000953674316,3.180000066757202,3.299999952316284,21700,0.0,0.0
2025-08-29 00:00:00-04:00,3.3499999046325684,3.390000104904175,3.2100000381469727,3.3299999237060547,9200,0.0,0.0
2025-09-02 00:00:00-04:00,3.2799999713897705,3.309999942779541,3.180000066757202,3.200000047683716,9400,0.0,0.0
2025-09-03 00:00:00-04:00,3.1500000953674316,3.3499999046325684,3.0899999141693115,3.240000009536743,15200,0.0,0.0
2025-09-04 00:00:00-04:00,3.2300000190734863,3.3499999046325684,3.200000047683716,3.3399999141693115,23900,0.0,0.0
2025-09-05 00:00:00-04:00,3.3499999046325684,3.4200000762939453,3.2899999618530273,3.4200000762939453,36700,0.0,0.0
2025-09-08 00:00:00-04:00,3.4200000762939453,3.5,3.2899999618530273,3.4100000858306885,25700,0.0,0.0
2025-09-09 00:00:00-04:00,3.4600000381469727,3.4800000190734863,3.2300000190734863,3.359999895095825,41300,0.0,0.0
2025-09-10 00:00:00-04:00,3.369999885559082,3.369999885559082,3.25,3.3299999237060547,15800,0.0,0.0
2025-09-11 00:00:00-04:00,3.3499999046325684,3.440000057220459,3.180000066757202,3.2100000381469727,20600,0.0,0.0
2025-09-12 00:00:00-04:00,3.309999942779541,3.619999885559082,3.25,3.549999952316284,142500,0.0,0.0
2025-09-15 00:00:00-04:00,3.5399999618530273,3.6500000953674316,3.5299999713897705,3.5899999141693115,34600,0.0,0.0
2025-09-16 00:00:00-04:00,3.450000047683716,3.5999999046325684,3.4000000953674316,3.559999942779541,56200,0.0,0.0
2025-09-17 00:00:00-04:00,3.549999952316284,3.5899999141693115,3.4800000190734863,3.569999933242798,7300,0.0,0.0
2025-09-18 00:00:00-04:00,3.559999942779541,3.569999933242798,3.4100000858306885,3.5,31700,0.0,0.0
2025-09-19 00:00:00-04:00,3.5999999046325684,3.5999999046325684,3.4700000286102295,3.5999999046325684,55400,0.0,0.0
2025-09-22 00:00:00-04:00,3.569999933242798,3.75,3.5399999618530273,3.5999999046325684,75200,0.0,0.0
2025-09-23 00:00:00-04:00,3.5999999046325684,3.690000057220459,3.490000009536743,3.640000104904175,59900,0.0,0.0
2025-09-24 00:00:00-04:00,3.700000047683716,3.700000047683716,3.5299999713897705,3.5999999046325684,45100,0.0,0.0
2025-09-25 00:00:00-04:00,3.5299999713897705,3.5299999713897705,3.3299999237060547,3.4100000858306885,45900,0.0,0.0
2025-09-26 00:00:00-04:00,3.4200000762939453,3.4800000190734863,3.2200000286102295,3.450000047683716,52900,0.0,0.0
2025-09-29 00:00:00-04:00,3.319999933242798,3.450000047683716,3.200000047683716,3.3299999237060547,61600,0.0,0.0
2025-09-30 00:00:00-04:00,3.4100000858306885,3.490000009536743,3.200000047683716,3.319999933242798,74000,0.0,0.0
2025-10-01 00:00:00-04:00,3.299999952316284,3.380000114440918,3.200000047683716,3.2100000381469727,25400,0.0,0.0
2025-10-02 00:00:00-04:00,3.309999942779541,3.390000104904175,3.200000047683716,3.259999990463257,16000,0.0,0.0
2025-10-03 00:00:00-04:00,3.259999990463257,3.319999933242798,3.0299999713897705,3.1700000762939453,62300,0.0,0.0
2025-10-06 00:00:00-04:00,3.0799999237060547,3.430000066757202,3.0299999713897705,3.0299999713897705,46000,0.0,0.0
2025-10-07 00:00:00-04:00,3.0299999713897705,3.259999990463257,2.890000104904175,2.950000047683716,50100,0.0,0.0
2025-10-08 00:00:00-04:00,2.950000047683716,3.369999885559082,2.880000114440918,2.930000066757202,53300,0.0,0.0
2025-10-09 00:00:00-04:00,2.940000057220459,3.1600000858306885,2.9000000953674316,2.950000047683716,19600,0.0,0.0
2025-10-10 00:00:00-04:00,2.859999895095825,3.1500000953674316,2.740000009536743,2.759999990463257,77100,0.0,0.0
2025-10-13 00:00:00-04:00,2.759999990463257,2.940000057220459,2.7300000190734863,2.7699999809265137,47000,0.0,0.0
2025-10-14 00:00:00-04:00,2.8499999046325684,2.9600000381469727,2.7699999809265137,2.890000104904175,56700,0.0,0.0
2025-10-15 00:00:00-04:00,2.819999933242798,2.880000114440918,2.7699999809265137,2.799999952316284,66800,0.0,0.0
2025-10-16 00:00:00-04:00,2.799999952316284,2.8499999046325684,2.75,2.75,57700,0.0,0.0
2025-10-17 00:00:00-04:00,2.75,2.859999895095825,2.7100000381469727,2.7100000381469727,41100,0.0,0.0
2025-10-20 00:00:00-04:00,2.7799999713897705,2.8399999141693115,2.75,2.7899999618530273,61800,0.0,0.0
2025-10-21 00:00:00-04:00,2.799999952316284,2.880000114440918,2.700000047683716,2.7200000286102295,23200,0.0,0.0
2025-10-22 00:00:00-04:00,2.6600000858306885,2.700000047683716,2.559999942779541,2.569999933242798,61900,0.0,0.0
2025-10-23 00:00:00-04:00,2.569999933242798,2.7200000286102295,2.5299999713897705,2.7100000381469727,75100,0.0,0.0
2025-10-24 00:00:00-04:00,2.690000057220459,2.7300000190734863,2.549999952316284,2.5899999141693115,53300,0.0,0.0
2025-10-27 00:00:00-04:00,2.630000114440918,2.759999990463257,2.5799999237060547,2.7100000381469727,60300,0.0,0.0
2025-10-28 00:00:00-04:00,2.7200000286102295,2.759999990463257,2.609999895095825,2.609999895095825,61500,0.0,0.0
2025-10-29 00:00:00-04:00,2.680000066757202,2.7100000381469727,2.549999952316284,2.5799999237060547,24700,0.0,0.0
2025-10-30 00:00:00-04:00,2.5199999809265137,2.5899999141693115,2.5199999809265137,2.5299999713897705,22100,0.0,0.0
2025-10-31 00:00:00-04:00,2.569999933242798,2.5999999046325684,2.509999990463257,2.559999942779541,23700,0.0,0.0
2025-11-03 00:00:00-05:00,2.509999990463257,2.6600000858306885,2.509999990463257,2.5199999809265137,36300,0.0,0.0
2025-11-04 00:00:00-05:00,2.509999990463257,2.559999942779541,2.3299999237060547,2.3299999237060547,67000,0.0,0.0
2025-11-05 00:00:00-05:00,2.319999933242798,2.490000009536743,2.319999933242798,2.4800000190734863,34600,0.0,0.0
2025-11-06 00:00:00-05:00,2.5999999046325684,3.130000114440918,2.5999999046325684,2.8299999237060547,178900,0.0,0.0
2025-11-07 00:00:00-05:00,2.9000000953674316,2.990000009536743,2.8299999237060547,2.859999895095825,38600,0.0,0.0
2025-11-10 00:00:00-05:00,2.859999895095825,3.049999952316284,2.8399999141693115,2.9100000858306885,42300,0.0,0.0
2025-11-11 00:00:00-05:00,2.9100000858306885,3.0,2.819999933242798,2.9000000953674316,24800,0.0,0.0
2025-11-12 00:00:00-05:00,2.7200000286102295,3.190000057220459,2.7200000286102295,2.990000009536743,80500,0.0,0.0
2025-11-13 00:00:00-05:00,2.990000009536743,3.130000114440918,2.9700000286102295,3.0199999809265137,45100,0.0,0.0
2025-11-14 00:00:00-05:00,2.9800000190734863,3.069999933242798,2.9600000381469727,2.9600000381469727,39300,0.0,0.0
2025-11-17 00:00:00-05:00,2.9600000381469727,3.190000057220459,2.9100000858306885,2.9700000286102295,44600,0.0,0.0
2025-11-18 00:00:00-05:00,3.0,3.190000057220459,2.9800000190734863,3.0399999618530273,98800,0.0,0.0
2025-11-19 00:00:00-05:00,3.109999895095825,3.109999895095825,2.9700000286102295,3.049999952316284,73100,0.0,0.0
2025-11-20 00:00:00-05:00,3.180000066757202,3.190000057220459,2.9100000858306885,3.069999933242798,74200,0.0,0.0
2025-11-21 00:00:00-05:00,3.109999895095825,3.1500000953674316,2.9800000190734863,3.0299999713897705,42500,0.0,0.0
2025-11-24 00:00:00-05:00,3.009999990463257,3.190000057220459,2.9100000858306885,2.930000066757202,29600,0.0,0.0
2025-11-25 00:00:00-05:00,2.9000000953674316,3.130000114440918,2.8399999141693115,3.0299999713897705,100200,0.0,0.0
2025-11-26 00:00:00-05:00,3.1700000762939453,3.25,3.0399999618530273,3.049999952316284,124900,0.0,0.0
2025-11-28 00:00:00-05:00,3.25,3.25,3.0899999141693115,3.1700000762939453,77800,0.0,0.0
2025-12-01 00:00:00-05:00,3.180000066757202,3.180000066757202,2.859999895095825,2.859999895095825,42700,0.0,0.0
2025-12-02 00:00:00-05:00,2.9100000858306885,2.940000057220459,2.859999895095825,2.869999885559082,10500,0.0,0.0
2025-12-03 00:00:00-05:00,2.8299999237060547,3.009999990463257,2.809999942779541,2.8499999046325684,42900,0.0,0.0
2025-12-04 00:00:00-05:00,2.9200000762939453,2.930000066757202,2.8499999046325684,2.9100000858306885,12000,0.0,0.0
2025-12-05 00:00:00-05:00,2.9200000762939453,2.990000009536743,2.9100000858306885,2.9100000858306885,4200,0.0,0.0
2025-12-08 00:00:00-05:00,2.940000057220459,3.0399999618530273,2.9100000858306885,2.940000057220459,19900,0.0,0.0
2025-12-09 00:00:00-05:00,2.990000009536743,3.140000104904175,2.869999885559082,3.0399999618530273,60600,0.0,0.0
2025-12-10 00:00:00-05:00,2.9800000190734863,3.140000104904175,2.9100000858306885,2.930000066757202,132000,0.0,0.0
2025-12-11 00:00:00-05:00,2.890000104904175,2.950000047683716,2.819999933242798,2.869999885559082,24300,0.0,0.0
2025-12-12 00:00:00-05:00,2.9000000953674316,2.930000066757202,2.819999933242798,2.8399999141693115,14600,0.0,0.0
2025-12-15 00:00:00-05:00,2.809999942779541,2.890000104904175,2.7699999809265137,2.8499999046325684,25800,0.0,0.0
2025-12-16 00:00:00-05:00,2.809999942779541,2.9700000286102295,2.740000009536743,2.819999933242798,19200,0.0,0.0
2025-12-17 00:00:00-05:00,2.940000057220459,2.940000057220459,2.740000009536743,2.809999942779541,16100,0.0,0.0
2025-12-18 00:00:00-05:00,2.809999942779541,2.9000000953674316,2.75,2.8399999141693115,25000,0.0,0.0
2025-12-19 00:00:00-05:00,2.880000114440918,2.9100000858306885,2.8499999046325684,2.8499999046325684,28700,0.0,0.0
2025-12-22 00:00:00-05:00,2.9000000953674316,2.990000009536743,2.9000000953674316,2.9600000381469727,16900,0.0,0.0
2025-12-23 00:00:00-05:00,3.0,3.2200000286102295,2.9800000190734863,3.0199999809265137,153200,0.0,0.0
2025-12-24 00:00:00-05:00,3.0199999809265137,3.180000066757202,3.0199999809265137,3.0799999237060547,44000,0.0,0.0
2025-12-26 00:00:00-05:00,3.0899999141693115,3.319999933242798,3.0899999141693115,3.2899999618530273,87400,0.0,0.0
2025-12-29 00:00:00-05:00,3.319999933242798,3.4800000190734863,3.25,3.3299999237060547,99600,0.0,0.0
2025-12-30 00:00:00-05:00,3.3299999237060547,3.4200000762939453,3.190000057220459,3.2300000190734863,42800,0.0,0.0
2025-12-31 00:00:00-05:00,3.2300000190734863,3.369999885559082,3.180000066757202,3.299999952316284,49500,0.0,0.0
2026-01-02 00:00:00-05:00,3.319999933242798,3.369999885559082,3.190000057220459,3.190000057220459,18200,0.0,0.0
2026-01-05 00:00:00-05:00,3.190000057220459,3.4100000858306885,3.130000114440918,3.1600000858306885,28800,0.0,0.0
2026-01-06 00:00:00-05:00,3.200000047683716,3.200000047683716,3.130000114440918,3.130000114440918,17400,0.0,0.0
2026-01-07 00:00:00-05:00,3.140000104904175,3.200000047683716,3.119999885559082,3.140000104904175,9000,0.0,0.0
2026-01-08 00:00:00-05:00,3.2200000286102295,3.4000000953674316,3.130000114440918,3.2799999713897705,64400,0.0,0.0
2026-01-09 00:00:00-05:00,3.2300000190734863,3.3499999046325684,3.119999885559082,3.190000057220459,37900,0.0,0.0
2026-01-12 00:00:00-05:00,3.240000009536743,3.309999942779541,3.2100000381469727,3.2200000286102295,14400,0.0,0.0
2026-01-13 00:00:00-05:00,3.2100000381469727,3.240000009536743,3.1700000762939453,3.200000047683716,9900,0.0,0.0
2026-01-14 00:00:00-05:00,3.190000057220459,3.200000047683716,3.1500000953674316,3.1500000953674316,7900,0.0,0.0
2026-01-15 00:00:00-05:00,3.1700000762939453,3.200000047683716,3.1500000953674316,3.200000047683716,6400,0.0,0.0
2026-01-16 00:00:00-05:00,3.2899999618530273,3.2899999618530273,3.119999885559082,3.180000066757202,3700,0.0,0.0
2026-01-20 00:00:00-05:00,3.1700000762939453,3.180000066757202,3.069999933242798,3.069999933242798,40900,0.0,0.0
2026-01-21 00:00:00-05:00,3.069999933242798,3.140000104904175,3.059999942779541,3.059999942779541,9500,0.0,0.0
2026-01-22 00:00:00-05:00,3.069999933242798,3.2100000381469727,3.059999942779541,3.1600000858306885,24000,0.0,0.0
2026-01-23 00:00:00-05:00,3.2100000381469727,3.2699999809265137,3.119999885559082,3.1700000762939453,27800,0.0,0.0
2026-01-26 00:00:00-05:00,3.2100000381469727,3.2799999713897705,3.1700000762939453,3.2799999713897705,21200,0.0,0.0
2026-01-27 00:00:00-05:00,3.240000009536743,3.3299999237060547,3.240000009536743,3.3299999237060547,22000,0.0,0.0
2026-01-28 00:00:00-05:00,3.4200000762939453,3.4200000762939453,3.180000066757202,3.4000000953674316,21200,0.0,0.0
2026-01-29 00:00:00-05:00,3.369999885559082,3.4100000858306885,3.2899999618530273,3.390000104904175,12600,0.0,0.0
2026-01-30 00:00:00-05:00,3.390000104904175,3.390000104904175,3.190000057220459,3.3399999141693115,30900,0.0,0.0
2026-02-02 00:00:00-05:00,3.359999895095825,3.4000000953674316,3.2300000190734863,3.369999885559082,29100,0.0,0.0
2026-02-03 00:00:00-05:00,3.3499999046325684,3.430000066757202,3.069999933242798,3.2799999713897705,13000,0.0,0.0
2026-02-04 00:00:00-05:00,3.2899999618530273,3.309999942779541,3.180000066757202,3.2699999809265137,9000,0.0,0.0
2026-02-05 00:00:00-05:00,3.319999933242798,3.3499999046325684,3.140000104904175,3.180000066757202,35800,0.0,0.0
2026-02-06 00:00:00-05:00,3.319999933242798,3.369999885559082,3.25,3.25,19100,0.0,0.0
2026-02-09 00:00:00-05:00,3.2300000190734863,3.359999895095825,3.2300000190734863,3.309999942779541,50300,0.0,0.0
2026-02-10 00:00:00-05:00,3.319999933242798,3.359999895095825,3.2899999618530273,3.3499999046325684,36300,0.0,0.0
2026-02-11 00:00:00-05:00,3.2100000381469727,3.5999999046325684,3.059999942779541,3.4800000190734863,73900,0.0,0.0
2026-02-12 00:00:00-05:00,3.5299999713897705,3.5299999713897705,3.2899999618530273,3.309999942779541,13800,0.0,0.0
2026-02-13 00:00:00-05:00,3.3299999237060547,3.4100000858306885,3.2799999713897705,3.299999952316284,7600,0.0,0.0
2026-02-17 00:00:00-05:00,3.299999952316284,3.3399999141693115,3.140000104904175,3.1500000953674316,78100,0.0,0.0
2026-02-18 00:00:00-05:00,3.140000104904175,3.359999895095825,3.140000104904175,3.1500000953674316,28500,0.0,0.0
2026-02-19 00:00:00-05:00,3.2300000190734863,3.2300000190734863,3.0999999046325684,3.1700000762939453,13500,0.0,0.0
2026-02-20 00:00:00-05:00,3.1500000953674316,3.1700000762939453,3.0399999618530273,3.069999933242798,6800,0.0,0.0
2026-02-23 00:00:00-05:00,3.049999952316284,3.140000104904175,2.890000104904175,2.950000047683716,64400,0.0,0.0
2026-02-24 00:00:00-05:00,3.0199999809265137,3.0799999237060547,2.9000000953674316,3.0,23700,0.0,0.0
2026-02-25 00:00:00-05:00,2.9700000286102295,3.009999990463257,2.930000066757202,2.990000009536743,4500,0.0,0.0
2026-02-26 00:00:00-05:00,2.9600000381469727,2.990000009536743,2.950000047683716,2.950000047683716,3600,0.0,0.0
2026-02-27 00:00:00-05:00,2.9700000286102295,2.990000009536743,2.930000066757202,2.950000047683716,7800,0.0,0.0
2026-03-02 00:00:00-05:00,2.9700000286102295,2.9700000286102295,2.75,2.819999933242798,42600,0.0,0.0
2026-03-03 00:00:00-05:00,2.759999990463257,2.859999895095825,2.75,2.8499999046325684,16400,0.0,0.0
2026-03-04 00:00:00-05:00,2.809999942779541,2.859999895095825,2.759999990463257,2.7699999809265137,9200,0.0,0.0
2026-03-05 00:00:00-05:00,2.7699999809265137,2.859999895095825,2.75,2.7899999618530273,27400,0.0,0.0
2026-03-06 00:00:00-05:00,2.819999933242798,2.8399999141693115,2.7100000381469727,2.819999933242798,19900,0.0,0.0
2026-03-09 00:00:00-04:00,2.7100000381469727,2.7799999713897705,2.609999895095825,2.640000104904175,58100,0.0,0.0
2026-03-10 00:00:00-04:00,2.6600000858306885,2.809999942779541,2.490000009536743,2.680000066757202,64100,0.0,0.0
2026-03-11 00:00:00-04:00,2.7100000381469727,2.7899999618530273,2.609999895095825,2.6600000858306885,29800,0.0,0.0
2026-03-12 00:00:00-04:00,2.6500000953674316,2.7300000190734863,2.5899999141693115,2.680000066757202,9100,0.0,0.0
2026-03-13 00:00:00-04:00,2.7200000286102295,2.7200000286102295,2.5999999046325684,2.5999999046325684,19900,0.0,0.0
2026-03-16 00:00:00-04:00,2.5999999046325684,2.700000047683716,2.569999933242798,2.630000114440918,14400,0.0,0.0
2026-03-17 00:00:00-04:00,2.6600000858306885,2.7300000190734863,2.6600000858306885,2.680000066757202,17200,0.0,0.0
2026-03-18 00:00:00-04:00,2.7300000190734863,2.7300000190734863,2.6500000953674316,2.6500000953674316,11500,0.0,0.0
2026-03-19 00:00:00-04:00,2.6600000858306885,2.6700000762939453,2.5999999046325684,2.630000114440918,17000,0.0,0.0
2026-03-20 00:00:00-04:00,2.5999999046325684,2.7200000286102295,2.490000009536743,2.490000009536743,100500,0.0,0.0
2026-03-23 00:00:00-04:00,2.5,2.549999952316284,2.25,2.4600000381469727,155300,0.0,0.0
2026-03-24 00:00:00-04:00,2.4700000286102295,2.5899999141693115,2.390000104904175,2.4100000858306885,98300,0.0,0.0
2026-03-25 00:00:00-04:00,2.450000047683716,2.569999933242798,2.450000047683716,2.490000009536743,18300,0.0,0.0
2026-03-26 00:00:00-04:00,2.5199999809265137,2.6500000953674316,2.5199999809265137,2.5899999141693115,33100,0.0,0.0
2026-03-27 00:00:00-04:00,2.5999999046325684,2.6500000953674316,2.4600000381469727,2.5399999618530273,12100,0.0,0.0
2026-03-30 00:00:00-04:00,2.5299999713897705,2.640000104904175,2.5299999713897705,2.5399999618530273,35400,0.0,0.0
2026-03-31 00:00:00-04:00,2.6500000953674316,2.75,2.5299999713897705,2.6500000953674316,16500,0.0,0.0
2026-04-01 00:00:00-04:00,2.6500000953674316,2.700000047683716,2.569999933242798,2.609999895095825,21200,0.0,0.0
2026-04-02 00:00:00-04:00,2.609999895095825,2.619999885559082,2.5399999618530273,2.5399999618530273,19000,0.0,0.0
2026-04-06 00:00:00-04:00,2.559999942779541,2.700000047683716,2.5399999618530273,2.5999999046325684,55100,0.0,0.0
2026-04-07 00:00:00-04:00,2.569999933242798,2.5999999046325684,2.509999990463257,2.509999990463257,20800,0.0,0.0
2026-04-08 00:00:00-04:00,2.5399999618530273,2.6700000762939453,2.4600000381469727,2.5,31500,0.0,0.0
2026-04-09 00:00:00-04:00,2.5,2.5,2.3499999046325684,2.3499999046325684,64600,0.0,0.0
2026-04-10 00:00:00-04:00,2.75,2.75,2.3499999046325684,2.3499999046325684,106800,0.0,0.0
2026-04-13 00:00:00-04:00,2.490000009536743,2.5,2.299999952316284,2.430000066757202,292800,0.0,0.0
2026-04-14 00:00:00-04:00,2.4700000286102295,2.4700000286102295,2.299999952316284,2.369999885559082,105700,0.0,0.0
2026-04-15 00:00:00-04:00,2.4000000953674316,2.4700000286102295,2.3399999141693115,2.359999895095825,133500,0.0,0.0
2026-04-16 00:00:00-04:00,2.390000104904175,2.4700000286102295,2.299999952316284,2.369999885559082,138800,0.0,0.0
2026-04-17 00:00:00-04:00,2.450000047683716,2.5,2.3499999046325684,2.4700000286102295,182000,0.0,0.0
2026-04-20 00:00:00-04:00,2.4200000762939453,2.450000047683716,2.380000114440918,2.4200000762939453,71000,0.0,0.0
2026-04-21 00:00:00-04:00,2.390000104904175,2.4800000190734863,2.390000104904175,2.450000047683716,27400,0.0,0.0
2026-04-22 00:00:00-04:00,2.4100000858306885,2.490000009536743,2.3499999046325684,2.390000104904175,95400,0.0,0.0
2026-04-23 00:00:00-04:00,2.4200000762939453,2.619999885559082,2.4200000762939453,2.609999895095825,163400,0.0,0.0
2026-04-24 00:00:00-04:00,2.569999933242798,2.809999942779541,2.569999933242798,2.7799999713897705,110700,0.0,0.0
2026-04-27 00:00:00-04:00,2.799999952316284,2.799999952316284,2.690000057220459,2.7699999809265137,32500,0.0,0.0
2026-04-28 00:00:00-04:00,2.75,2.9200000762939453,2.75,2.8299999237060547,37800,0.0,0.0
2026-04-29 00:00:00-04:00,2.8499999046325684,2.880000114440918,2.690000057220459,2.7300000190734863,11800,0.0,0.0
2026-04-30 00:00:00-04:00,2.7300000190734863,2.859999895095825,2.7300000190734863,2.7699999809265137,37000,0.0,0.0
2026-05-01 00:00:00-04:00,2.7699999809265137,2.880000114440918,2.740000009536743,2.75,48800,0.0,0.0
2026-05-04 00:00:00-04:00,2.759999990463257,2.9200000762939453,2.759999990463257,2.7899999618530273,26700,0.0,0.0
2026-05-05 00:00:00-04:00,2.7899999618530273,2.940000057220459,2.7699999809265137,2.819999933242798,7700,0.0,0.0
2026-05-06 00:00:00-04:00,2.809999942779541,2.869999885559082,2.6700000762939453,2.6700000762939453,31800,0.0,0.0
2026-05-07 00:00:00-04:00,2.7699999809265137,3.059999942779541,2.7699999809265137,2.9100000858306885,100500,0.0,0.0
2026-05-08 00:00:00-04:00,2.8499999046325684,2.9700000286102295,2.799999952316284,2.799999952316284,37100,0.0,0.0
2026-05-11 00:00:00-04:00,2.7899999618530273,2.9100000858306885,2.700000047683716,2.799999952316284,16200,0.0,0.0
2026-05-12 00:00:00-04:00,2.759999990463257,2.859999895095825,2.700000047683716,2.7899999618530273,49800,0.0,0.0
2026-05-13 00:00:00-04:00,2.819999933242798,2.819999933242798,2.690000057220459,2.690000057220459,4100,0.0,0.0
2026-05-14 00:00:00-04:00,2.690000057220459,2.869999885559082,2.450000047683716,2.5799999237060547,760200,0.0,0.0
2026-05-15 00:00:00-04:00,2.619999885559082,2.700000047683716,2.5,2.619999885559082,84600,0.0,0.0
2026-05-18 00:00:00-04:00,2.6600000858306885,2.759999990463257,2.559999942779541,2.5999999046325684,50500,0.0,0.0
2026-05-19 00:00:00-04:00,2.5999999046325684,2.7899999618530273,2.5,2.75,166600,0.0,0.0
2026-05-20 00:00:00-04:00,2.7100000381469727,2.890000104904175,2.640000104904175,2.859999895095825,115500,0.0,0.0
2026-05-21 00:00:00-04:00,2.809999942779541,3.0,2.809999942779541,2.9600000381469727,89300,0.0,0.0
2026-05-22 00:00:00-04:00,2.9100000858306885,3.069999933242798,2.859999895095825,2.890000104904175,76300,0.0,0.0
2026-05-26 00:00:00-04:00,2.859999895095825,3.0299999713897705,2.8499999046325684,2.9000000953674316,104600,0.0,0.0
2026-05-27 00:00:00-04:00,2.880000114440918,2.9700000286102295,2.6700000762939453,2.7799999713897705,91100,0.0,0.0
2026-05-28 00:00:00-04:00,2.8399999141693115,3.390000104904175,2.6500000953674316,2.9600000381469727,739800,0.0,0.0
2026-05-29 00:00:00-04:00,2.940000057220459,3.25,2.940000057220459,3.0399999618530273,94500,0.0,0.0
2026-06-01 00:00:00-04:00,3.009999990463257,3.0999999046325684,2.9700000286102295,2.9800000190734863,27700,0.0,0.0
2026-06-02 00:00:00-04:00,2.9800000190734863,3.0299999713897705,2.940000057220459,2.940000057220459,10300,0.0,0.0
2026-06-03 00:00:00-04:00,2.9000000953674316,2.940000057220459,2.809999942779541,2.809999942779541,48200,0.0,0.0
2026-06-04 00:00:00-04:00,2.809999942779541,2.9100000858306885,2.809999942779541,2.8399999141693115,11100,0.0,0.0
2026-06-05 00:00:00-04:00,2.819999933242798,2.930000066757202,2.819999933242798,2.869999885559082,39100,0.0,0.0
2026-06-08 00:00:00-04:00,2.869999885559082,3.119999885559082,2.859999895095825,3.069999933242798,47500,0.0,0.0
2026-06-09 00:00:00-04:00,3.0199999809265137,3.200000047683716,3.0199999809265137,3.1500000953674316,56400,0.0,0.0
2026-06-10 00:00:00-04:00,3.180000066757202,3.2100000381469727,3.049999952316284,3.1600000858306885,25300,0.0,0.0
2026-06-11 00:00:00-04:00,3.1700000762939453,3.359999895095825,3.130000114440918,3.2899999618530273,43600,0.0,0.0
2026-06-12 00:00:00-04:00,3.2899999618530273,3.440000057220459,3.200000047683716,3.4000000953674316,52900,0.0,0.0
2026-06-15 00:00:00-04:00,3.3299999237060547,3.5,3.1700000762939453,3.2100000381469727,93000,0.0,0.0
2026-06-16 00:00:00-04:00,3.180000066757202,3.309999942779541,3.1700000762939453,3.240000009536743,18100,0.0,0.0
2026-06-17 00:00:00-04:00,3.2300000190734863,3.3299999237060547,3.2200000286102295,3.25,29300,0.0,0.0
2026-06-18 00:00:00-04:00,3.25,3.430000066757202,3.200000047683716,3.359999895095825,54600,0.0,0.0
2026-06-22 00:00:00-04:00,3.3399999141693115,3.359999895095825,3.259999990463257,3.3299999237060547,32008,0.0,0.0
