Date,Open,High,Low,Close,Volume,Dividends,Stock Splits
2022-01-03 00:00:00-05:00,142.24000549316406,142.39999389648438,136.8000030517578,140.8000030517578,250,0.0,0.0
2022-01-04 00:00:00-05:00,136.8000030517578,141.60000610351562,136.8000030517578,140.8000030517578,194,0.0,0.0
2022-01-05 00:00:00-05:00,140.8000030517578,141.60000610351562,140.0,140.8000030517578,64,0.0,0.0
2022-01-06 00:00:00-05:00,140.0,141.60000610351562,140.0,140.8000030517578,253,0.0,0.0
2022-01-07 00:00:00-05:00,140.8000030517578,143.1999969482422,137.60000610351562,140.8000030517578,324,0.0,0.0
2022-01-10 00:00:00-05:00,139.1999969482422,143.1999969482422,139.1999969482422,140.8000030517578,295,0.0,0.0
2022-01-11 00:00:00-05:00,143.1999969482422,146.39999389648438,142.39999389648438,145.60000610351562,100,0.0,0.0
2022-01-12 00:00:00-05:00,146.39999389648438,151.1999969482422,146.39999389648438,148.0,181,0.0,0.0
2022-01-13 00:00:00-05:00,151.1999969482422,152.0,140.8000030517578,145.60000610351562,419,0.0,0.0
2022-01-14 00:00:00-05:00,147.1999969482422,147.1999969482422,140.0,144.0,145,0.0,0.0
2022-01-18 00:00:00-05:00,147.1999969482422,147.1999969482422,140.8000030517578,144.0,65,0.0,0.0
2022-01-19 00:00:00-05:00,148.0,148.8000030517578,140.8000030517578,146.39999389648438,211,0.0,0.0
2022-01-20 00:00:00-05:00,148.72000122070312,148.8000030517578,143.1999969482422,148.0,90,0.0,0.0
2022-01-21 00:00:00-05:00,146.39999389648438,150.39999389648438,141.60000610351562,145.60000610351562,185,0.0,0.0
2022-01-24 00:00:00-05:00,145.60000610351562,146.39999389648438,124.0,139.1999969482422,714,0.0,0.0
2022-01-25 00:00:00-05:00,141.60000610351562,142.39999389648438,135.36000061035156,139.1999969482422,13429,0.0,0.0
2022-01-26 00:00:00-05:00,141.52000427246094,141.60000610351562,136.8000030517578,140.0,93,0.0,0.0
2022-01-27 00:00:00-05:00,138.39999389648438,139.1999969482422,132.8000030517578,135.1999969482422,316,0.0,0.0
2022-01-28 00:00:00-05:00,136.0,137.60000610351562,122.4000015258789,126.4000015258789,328,0.0,0.0
2022-01-31 00:00:00-05:00,133.52000427246094,133.60000610351562,122.4000015258789,129.60000610351562,145,0.0,0.0
2022-02-01 00:00:00-05:00,125.5999984741211,130.39999389648438,125.5999984741211,128.8000030517578,134,0.0,0.0
2022-02-02 00:00:00-05:00,131.52000427246094,131.52000427246094,120.0,125.5999984741211,284,0.0,0.0
2022-02-03 00:00:00-05:00,129.60000610351562,132.0,126.4000015258789,131.1999969482422,425,0.0,0.0
2022-02-04 00:00:00-05:00,131.52000427246094,132.63999938964844,131.52000427246094,132.0,21,0.0,0.0
2022-02-07 00:00:00-05:00,132.8000030517578,133.60000610351562,128.8000030517578,133.60000610351562,191,0.0,0.0
2022-02-08 00:00:00-05:00,134.39999389648438,134.39999389648438,132.9600067138672,134.39999389648438,55,0.0,0.0
2022-02-09 00:00:00-05:00,135.1999969482422,140.8000030517578,134.39999389648438,140.8000030517578,150,0.0,0.0
2022-02-10 00:00:00-05:00,133.60000610351562,140.8000030517578,133.60000610351562,137.60000610351562,55,0.0,0.0
2022-02-11 00:00:00-05:00,139.1999969482422,140.0,134.39999389648438,136.0,56,0.0,0.0
2022-02-14 00:00:00-05:00,140.0,140.8000030517578,135.60000610351562,138.39999389648438,188,0.0,0.0
2022-02-15 00:00:00-05:00,139.1199951171875,140.0,137.60000610351562,137.60000610351562,18,0.0,0.0
2022-02-16 00:00:00-05:00,137.60000610351562,140.0,136.8000030517578,139.1999969482422,76,0.0,0.0
2022-02-17 00:00:00-05:00,139.1999969482422,140.8000030517578,136.8000030517578,139.1999969482422,114,0.0,0.0
2022-02-18 00:00:00-05:00,140.8000030517578,140.8000030517578,138.39999389648438,138.39999389648438,10,0.0,0.0
2022-02-22 00:00:00-05:00,140.0,140.0,137.60000610351562,139.1999969482422,109,0.0,0.0
2022-02-23 00:00:00-05:00,140.8000030517578,140.8000030517578,138.0,139.1999969482422,79,0.0,0.0
2022-02-24 00:00:00-05:00,136.0,138.39999389648438,133.60000610351562,135.1999969482422,211,0.0,0.0
2022-02-25 00:00:00-05:00,136.0,140.8000030517578,135.1999969482422,135.1999969482422,31,0.0,0.0
2022-02-28 00:00:00-05:00,140.0,140.0,138.39999389648438,138.39999389648438,51,0.0,0.0
2022-03-01 00:00:00-05:00,140.0,140.0,136.8000030517578,137.60000610351562,29,0.0,0.0
2022-03-02 00:00:00-05:00,136.8000030517578,140.0,136.0,137.60000610351562,16,0.0,0.0
2022-03-03 00:00:00-05:00,140.0,140.0,132.0,139.1999969482422,209,0.0,0.0
2022-03-04 00:00:00-05:00,139.1999969482422,140.0,129.60000610351562,137.60000610351562,123,0.0,0.0
2022-03-07 00:00:00-05:00,139.1999969482422,146.39999389648438,136.8000030517578,142.39999389648438,503,0.0,0.0
2022-03-08 00:00:00-05:00,142.39999389648438,142.39999389648438,132.8000030517578,135.1999969482422,191,0.0,0.0
2022-03-09 00:00:00-05:00,141.60000610351562,141.60000610351562,132.8000030517578,138.39999389648438,203,0.0,0.0
2022-03-10 00:00:00-05:00,139.1999969482422,140.0,133.60000610351562,136.0,58,0.0,0.0
2022-03-11 00:00:00-05:00,140.0,140.0,84.0,84.0,1373,0.0,0.0
2022-03-14 00:00:00-04:00,119.19999694824219,119.19999694824219,86.4000015258789,112.80000305175781,36994,0.0,0.0
2022-03-15 00:00:00-04:00,103.19999694824219,113.5999984741211,96.80000305175781,106.4000015258789,1683,0.0,0.0
2022-03-16 00:00:00-04:00,102.4000015258789,108.80000305175781,101.5999984741211,104.80000305175781,1289,0.0,0.0
2022-03-17 00:00:00-04:00,103.19999694824219,104.80000305175781,100.0,104.0,346,0.0,0.0
2022-03-18 00:00:00-04:00,98.4000015258789,108.0,88.0,104.16000366210938,1925,0.0,0.0
2022-03-21 00:00:00-04:00,102.4000015258789,105.5999984741211,89.5999984741211,100.0,934,0.0,0.0
2022-03-22 00:00:00-04:00,107.19999694824219,128.0,100.0,113.5999984741211,2246,0.0,0.0
2022-03-23 00:00:00-04:00,110.4000015258789,113.5999984741211,110.4000015258789,112.0,85,0.0,0.0
2022-03-24 00:00:00-04:00,118.4000015258789,118.4000015258789,112.0,112.80000305175781,58,0.0,0.0
2022-03-25 00:00:00-04:00,113.19999694824219,113.5999984741211,111.19999694824219,112.0,124,0.0,0.0
2022-03-28 00:00:00-04:00,108.80000305175781,111.19999694824219,101.5999984741211,108.0,154,0.0,0.0
2022-03-29 00:00:00-04:00,108.80000305175781,111.19999694824219,107.5999984741211,109.5999984741211,45,0.0,0.0
2022-03-30 00:00:00-04:00,107.19999694824219,109.5999984741211,107.19999694824219,107.19999694824219,50,0.0,0.0
2022-03-31 00:00:00-04:00,104.0,108.80000305175781,104.0,108.80000305175781,70,0.0,0.0
2022-04-01 00:00:00-04:00,112.0,112.0,108.0,108.80000305175781,76,0.0,0.0
2022-04-04 00:00:00-04:00,107.5999984741211,108.0,99.19999694824219,106.4000015258789,110,0.0,0.0
2022-04-05 00:00:00-04:00,101.5999984741211,107.19999694824219,101.5999984741211,107.19999694824219,18,0.0,0.0
2022-04-06 00:00:00-04:00,100.72000122070312,105.5999984741211,100.72000122070312,104.4000015258789,45,0.0,0.0
2022-04-07 00:00:00-04:00,104.0,124.80000305175781,101.5999984741211,112.80000305175781,1209,0.0,0.0
2022-04-08 00:00:00-04:00,114.55999755859375,124.0,113.5999984741211,113.5999984741211,185,0.0,0.0
2022-04-11 00:00:00-04:00,108.0,120.0,104.80000305175781,114.4000015258789,145,0.0,0.0
2022-04-12 00:00:00-04:00,119.19999694824219,119.19999694824219,117.5999984741211,117.5999984741211,70,0.0,0.0
2022-04-13 00:00:00-04:00,100.80000305175781,117.5999984741211,100.80000305175781,116.0,80,0.0,0.0
2022-04-14 00:00:00-04:00,116.0,120.0,114.4000015258789,118.63999938964844,6238,0.0,0.0
2022-04-18 00:00:00-04:00,112.0,117.5999984741211,104.80000305175781,117.5999984741211,55,0.0,0.0
2022-04-19 00:00:00-04:00,117.5999984741211,117.5999984741211,111.68000030517578,115.19999694824219,75,0.0,0.0
2022-04-20 00:00:00-04:00,117.5999984741211,117.5999984741211,106.80000305175781,108.0,68,0.0,0.0
2022-04-21 00:00:00-04:00,116.80000305175781,116.80000305175781,109.5999984741211,109.5999984741211,59,0.0,0.0
2022-04-22 00:00:00-04:00,109.5999984741211,113.5999984741211,104.0,104.0,103,0.0,0.0
2022-04-25 00:00:00-04:00,104.80000305175781,117.5999984741211,102.4000015258789,103.19999694824219,223,0.0,0.0
2022-04-26 00:00:00-04:00,110.4000015258789,112.0,102.4000015258789,103.19999694824219,111,0.0,0.0
2022-04-27 00:00:00-04:00,115.19999694824219,115.19999694824219,99.19999694824219,102.87999725341797,128,0.0,0.0
2022-04-28 00:00:00-04:00,108.0,108.63999938964844,100.80000305175781,104.0,101,0.0,0.0
2022-04-29 00:00:00-04:00,99.19999694824219,104.80000305175781,96.0,100.0,155,0.0,0.0
2022-05-02 00:00:00-04:00,100.0,100.0,97.12000274658203,98.4000015258789,36,0.0,0.0
2022-05-03 00:00:00-04:00,87.19999694824219,99.12000274658203,87.19999694824219,92.80000305175781,185,0.0,0.0
2022-05-04 00:00:00-04:00,98.4000015258789,99.44000244140625,92.4000015258789,93.5999984741211,51,0.0,0.0
2022-05-05 00:00:00-04:00,95.19999694824219,96.80000305175781,88.80000305175781,90.4000015258789,196,0.0,0.0
2022-05-06 00:00:00-04:00,89.5199966430664,90.4000015258789,89.5199966430664,89.5999984741211,16,0.0,0.0
2022-05-09 00:00:00-04:00,88.80000305175781,88.80000305175781,85.5999984741211,86.4000015258789,355,0.0,0.0
2022-05-10 00:00:00-04:00,88.80000305175781,97.44000244140625,88.80000305175781,91.19999694824219,200,0.0,0.0
2022-05-11 00:00:00-04:00,93.5999984741211,96.80000305175781,92.0,95.19999694824219,419,0.0,0.0
2022-05-12 00:00:00-04:00,93.5999984741211,94.4000015258789,92.80000305175781,93.83999633789062,363,0.0,0.0
2022-05-13 00:00:00-04:00,99.19999694824219,100.0,89.5999984741211,91.19999694824219,309,0.0,0.0
2022-05-16 00:00:00-04:00,86.4000015258789,100.0,86.4000015258789,90.4000015258789,144,0.0,0.0
2022-05-17 00:00:00-04:00,86.4000015258789,100.95999908447266,86.4000015258789,92.80000305175781,50,0.0,0.0
2022-05-18 00:00:00-04:00,100.0,100.0,92.0,95.19999694824219,15,0.0,0.0
2022-05-19 00:00:00-04:00,100.0,100.0,94.4000015258789,95.19999694824219,81,0.0,0.0
2022-05-20 00:00:00-04:00,95.19999694824219,100.80000305175781,95.19999694824219,98.4000015258789,80,0.0,0.0
2022-05-23 00:00:00-04:00,96.0,99.19999694824219,94.4000015258789,96.0,129,0.0,0.0
2022-05-24 00:00:00-04:00,89.5999984741211,99.19999694824219,89.5999984741211,96.0,106,0.0,0.0
2022-05-25 00:00:00-04:00,96.80000305175781,99.12000274658203,93.83999633789062,96.0,159,0.0,0.0
2022-05-26 00:00:00-04:00,91.19999694824219,96.80000305175781,91.19999694824219,95.19999694824219,19,0.0,0.0
2022-05-27 00:00:00-04:00,98.4000015258789,98.4000015258789,97.5999984741211,97.5999984741211,29,0.0,0.0
2022-05-31 00:00:00-04:00,97.5999984741211,103.91999816894531,97.5999984741211,101.5999984741211,189,0.0,0.0
2022-06-01 00:00:00-04:00,110.4000015258789,110.4000015258789,103.19999694824219,103.19999694824219,21,0.0,0.0
2022-06-02 00:00:00-04:00,100.80000305175781,102.23999786376953,100.80000305175781,100.80000305175781,14,0.0,0.0
2022-06-03 00:00:00-04:00,101.5999984741211,101.5999984741211,101.5999984741211,101.5999984741211,10,0.0,0.0
2022-06-06 00:00:00-04:00,103.19999694824219,103.19999694824219,103.19999694824219,103.19999694824219,10,0.0,0.0
2022-06-07 00:00:00-04:00,109.5999984741211,109.5999984741211,105.5999984741211,105.5999984741211,16,0.0,0.0
2022-06-08 00:00:00-04:00,106.4000015258789,106.4000015258789,104.80000305175781,104.80000305175781,15,0.0,0.0
2022-06-09 00:00:00-04:00,106.4000015258789,106.4000015258789,99.19999694824219,101.5999984741211,74,0.0,0.0
2022-06-10 00:00:00-04:00,99.19999694824219,106.4000015258789,99.19999694824219,102.80000305175781,19,0.0,0.0
2022-06-13 00:00:00-04:00,92.80000305175781,104.80000305175781,87.19999694824219,91.91999816894531,80,0.0,0.0
2022-06-14 00:00:00-04:00,92.0,103.19999694824219,92.0,101.5999984741211,83,0.0,0.0
2022-06-15 00:00:00-04:00,101.5999984741211,102.4000015258789,97.91999816894531,99.19999694824219,23,0.0,0.0
2022-06-16 00:00:00-04:00,96.0,102.4000015258789,96.0,100.80000305175781,64,0.0,0.0
2022-06-17 00:00:00-04:00,100.80000305175781,101.5999984741211,98.80000305175781,100.0,18,0.0,0.0
2022-06-21 00:00:00-04:00,100.80000305175781,103.19999694824219,99.12000274658203,102.4000015258789,133,0.0,0.0
2022-06-22 00:00:00-04:00,103.19999694824219,103.19999694824219,92.80000305175781,99.19999694824219,81,0.0,0.0
2022-06-23 00:00:00-04:00,96.0,100.0,96.0,100.0,31,0.0,0.0
2022-06-24 00:00:00-04:00,100.80000305175781,100.80000305175781,100.0,100.0,26,0.0,0.0
2022-06-27 00:00:00-04:00,99.19999694824219,102.4000015258789,96.95999908447266,98.4000015258789,28,0.0,0.0
2022-06-28 00:00:00-04:00,100.80000305175781,103.19999694824219,100.80000305175781,103.19999694824219,36,0.0,0.0
2022-06-29 00:00:00-04:00,103.19999694824219,106.4000015258789,99.19999694824219,102.4000015258789,95,0.0,0.0
2022-06-30 00:00:00-04:00,103.19999694824219,104.0,96.0,103.68000030517578,93,0.0,0.0
2022-07-01 00:00:00-04:00,103.27999877929688,105.5999984741211,103.27999877929688,105.5999984741211,30,0.0,0.0
2022-07-05 00:00:00-04:00,105.5999984741211,106.4000015258789,99.19999694824219,105.5999984741211,100,0.0,0.0
2022-07-06 00:00:00-04:00,105.5999984741211,105.5999984741211,100.80000305175781,100.80000305175781,34,0.0,0.0
2022-07-07 00:00:00-04:00,101.5999984741211,106.4000015258789,99.19999694824219,103.19999694824219,60,0.0,0.0
2022-07-08 00:00:00-04:00,103.44000244140625,104.0,96.0,96.0,123,0.0,0.0
2022-07-11 00:00:00-04:00,96.80000305175781,104.0,96.0,103.19999694824219,33,0.0,0.0
2022-07-12 00:00:00-04:00,103.19999694824219,104.0,96.80000305175781,100.80000305175781,148,0.0,0.0
2022-07-13 00:00:00-04:00,94.4000015258789,104.0,94.4000015258789,103.19999694824219,43,0.0,0.0
2022-07-14 00:00:00-04:00,88.80000305175781,103.19999694824219,88.80000305175781,98.4000015258789,285,0.0,0.0
2022-07-15 00:00:00-04:00,98.4000015258789,105.5999984741211,96.80000305175781,104.0,104,0.0,0.0
2022-07-18 00:00:00-04:00,100.0,106.4000015258789,84.0,99.19999694824219,366,0.0,0.0
2022-07-19 00:00:00-04:00,100.0,100.0,100.0,100.0,18,0.0,0.0
2022-07-20 00:00:00-04:00,98.4000015258789,103.19999694824219,98.4000015258789,100.0,121,0.0,0.0
2022-07-21 00:00:00-04:00,103.19999694824219,104.0,98.4000015258789,103.19999694824219,31,0.0,0.0
2022-07-22 00:00:00-04:00,102.4000015258789,104.0,102.08000183105469,103.19999694824219,53,0.0,0.0
2022-07-25 00:00:00-04:00,104.0,104.0,100.80000305175781,103.19999694824219,28,0.0,0.0
2022-07-26 00:00:00-04:00,103.19999694824219,104.0,100.80000305175781,103.19999694824219,101,0.0,0.0
2022-07-27 00:00:00-04:00,103.19999694824219,104.0,103.19999694824219,104.0,6,0.0,0.0
2022-07-28 00:00:00-04:00,103.19999694824219,103.19999694824219,100.0,102.4000015258789,69,0.0,0.0
2022-07-29 00:00:00-04:00,101.5999984741211,103.19999694824219,101.5999984741211,101.5999984741211,16,0.0,0.0
2022-08-01 00:00:00-04:00,102.4000015258789,102.4000015258789,97.5999984741211,100.0,23,0.0,0.0
2022-08-02 00:00:00-04:00,96.0,100.80000305175781,96.0,100.0,80,0.0,0.0
2022-08-03 00:00:00-04:00,100.80000305175781,103.19999694824219,100.0,100.80000305175781,60,0.0,0.0
2022-08-04 00:00:00-04:00,101.5999984741211,103.04000091552734,100.08000183105469,101.5999984741211,55,0.0,0.0
2022-08-05 00:00:00-04:00,100.80000305175781,112.0,94.4000015258789,104.80000305175781,1024,0.0,0.0
2022-08-08 00:00:00-04:00,102.4000015258789,104.80000305175781,98.4000015258789,100.55999755859375,191,0.0,0.0
2022-08-09 00:00:00-04:00,102.4000015258789,102.4000015258789,92.0,97.5999984741211,173,0.0,0.0
2022-08-10 00:00:00-04:00,88.80000305175781,99.19999694824219,88.80000305175781,98.4000015258789,198,0.0,0.0
2022-08-11 00:00:00-04:00,98.4000015258789,102.4000015258789,96.0,101.5999984741211,50,0.0,0.0
2022-08-12 00:00:00-04:00,96.80000305175781,102.4000015258789,93.5999984741211,100.80000305175781,48,0.0,0.0
2022-08-15 00:00:00-04:00,95.83999633789062,95.83999633789062,94.4000015258789,95.19999694824219,109,0.0,0.0
2022-08-16 00:00:00-04:00,99.19999694824219,100.0,97.5999984741211,100.0,18,0.0,0.0
2022-08-17 00:00:00-04:00,100.0,100.0,98.4000015258789,100.0,5,0.0,0.0
2022-08-18 00:00:00-04:00,99.19999694824219,100.80000305175781,99.19999694824219,100.80000305175781,8,0.0,0.0
2022-08-19 00:00:00-04:00,96.0,100.80000305175781,96.0,98.95999908447266,28,0.0,0.0
2022-08-22 00:00:00-04:00,99.19999694824219,100.0,92.0,95.19999694824219,145,0.0,0.0
2022-08-23 00:00:00-04:00,96.0,99.12000274658203,95.19999694824219,96.80000305175781,53,0.0,0.0
2022-08-24 00:00:00-04:00,99.19999694824219,99.19999694824219,92.80000305175781,96.0,13,0.0,0.0
2022-08-25 00:00:00-04:00,98.4000015258789,98.4000015258789,93.5999984741211,96.0,16,0.0,0.0
2022-08-26 00:00:00-04:00,95.19999694824219,95.19999694824219,92.80000305175781,95.19999694824219,16,0.0,0.0
2022-08-29 00:00:00-04:00,96.80000305175781,96.80000305175781,90.4000015258789,91.19999694824219,60,0.0,0.0
2022-08-30 00:00:00-04:00,89.5999984741211,96.0,89.5999984741211,95.19999694824219,20,0.0,0.0
2022-08-31 00:00:00-04:00,95.19999694824219,95.19999694824219,90.4000015258789,93.5999984741211,18,0.0,0.0
2022-09-01 00:00:00-04:00,94.4000015258789,95.19999694824219,90.4000015258789,92.4000015258789,76,0.0,0.0
2022-09-02 00:00:00-04:00,93.5999984741211,93.5999984741211,84.0,92.80000305175781,289,0.0,0.0
2022-09-06 00:00:00-04:00,89.5999984741211,93.5999984741211,84.0,89.5999984741211,83,0.0,0.0
2022-09-07 00:00:00-04:00,91.19999694824219,92.80000305175781,84.87999725341797,91.19999694824219,16,0.0,0.0
2022-09-08 00:00:00-04:00,93.5999984741211,93.5999984741211,91.19999694824219,91.19999694824219,5,0.0,0.0
2022-09-09 00:00:00-04:00,92.80000305175781,92.80000305175781,84.0,90.4000015258789,86,0.0,0.0
2022-09-12 00:00:00-04:00,89.5999984741211,92.0,88.80000305175781,91.19999694824219,9,0.0,0.0
2022-09-13 00:00:00-04:00,92.0,92.0,91.36000061035156,91.5999984741211,69,0.0,0.0
2022-09-14 00:00:00-04:00,90.4000015258789,91.19999694824219,88.0,91.19999694824219,49,0.0,0.0
2022-09-15 00:00:00-04:00,89.5999984741211,91.19999694824219,86.72000122070312,89.5199966430664,56,0.0,0.0
2022-09-16 00:00:00-04:00,91.19999694824219,91.19999694824219,88.80000305175781,90.0,190,0.0,0.0
2022-09-19 00:00:00-04:00,90.4000015258789,92.4000015258789,87.19999694824219,90.4000015258789,71,0.0,0.0
2022-09-20 00:00:00-04:00,84.0,92.0,84.0,88.4000015258789,80,0.0,0.0
2022-09-21 00:00:00-04:00,88.0,88.0,83.19999694824219,85.5999984741211,104,0.0,0.0
2022-09-22 00:00:00-04:00,83.19999694824219,92.0,83.19999694824219,86.4000015258789,59,0.0,0.0
2022-09-23 00:00:00-04:00,88.80000305175781,92.0,88.0,88.0,59,0.0,0.0
2022-09-26 00:00:00-04:00,88.0,93.5999984741211,84.0,90.4000015258789,316,0.0,0.0
2022-09-27 00:00:00-04:00,94.0,96.80000305175781,93.5999984741211,94.4000015258789,53,0.0,0.0
2022-09-28 00:00:00-04:00,94.4000015258789,95.19999694824219,88.0,88.0,68,0.0,0.0
2022-09-29 00:00:00-04:00,87.19999694824219,93.5999984741211,87.19999694824219,92.0,46,0.0,0.0
2022-09-30 00:00:00-04:00,91.91999816894531,92.0,91.19999694824219,92.0,11,0.0,0.0
2022-10-03 00:00:00-04:00,88.80000305175781,96.0,88.80000305175781,95.19999694824219,79,0.0,0.0
2022-10-04 00:00:00-04:00,95.19999694824219,96.0,91.19999694824219,96.0,346,0.0,0.0
2022-10-05 00:00:00-04:00,96.0,96.0,92.0,95.19999694824219,13,0.0,0.0
2022-10-06 00:00:00-04:00,95.83999633789062,96.0,88.0,92.0,49,0.0,0.0
2022-10-07 00:00:00-04:00,93.5999984741211,93.5999984741211,88.0,93.27999877929688,48,0.0,0.0
2022-10-10 00:00:00-04:00,95.12000274658203,95.12000274658203,90.4000015258789,92.80000305175781,63,0.0,0.0
2022-10-11 00:00:00-04:00,95.19999694824219,95.19999694824219,88.0,90.80000305175781,206,0.0,0.0
2022-10-12 00:00:00-04:00,94.4000015258789,94.4000015258789,89.68000030517578,90.4000015258789,68,0.0,0.0
2022-10-13 00:00:00-04:00,92.80000305175781,93.83999633789062,89.19999694824219,92.80000305175781,125,0.0,0.0
2022-10-14 00:00:00-04:00,93.5999984741211,93.5999984741211,88.87999725341797,93.5999984741211,44,0.0,0.0
2022-10-17 00:00:00-04:00,93.91999816894531,93.91999816894531,92.72000122070312,92.80000305175781,34,0.0,0.0
2022-10-18 00:00:00-04:00,92.80000305175781,92.80000305175781,88.0,92.80000305175781,13,0.0,0.0
2022-10-19 00:00:00-04:00,92.72000122070312,92.80000305175781,92.0,92.80000305175781,34,0.0,0.0
2022-10-20 00:00:00-04:00,92.72000122070312,92.80000305175781,92.0,92.80000305175781,25,0.0,0.0
2022-10-21 00:00:00-04:00,92.72000122070312,92.80000305175781,92.0,92.4000015258789,30,0.0,0.0
2022-10-24 00:00:00-04:00,92.0,92.16000366210938,77.91999816894531,83.19999694824219,1043,0.0,0.0
2022-10-25 00:00:00-04:00,48.0,91.19999694824219,48.0,84.80000305175781,693,0.0,0.0
2022-10-26 00:00:00-04:00,80.0,87.19999694824219,80.0,84.80000305175781,68,0.0,0.0
2022-10-27 00:00:00-04:00,86.4000015258789,86.4000015258789,81.5999984741211,84.80000305175781,45,0.0,0.0
2022-10-28 00:00:00-04:00,88.0,88.0,83.19999694824219,86.4000015258789,109,0.0,0.0
2022-10-31 00:00:00-04:00,82.72000122070312,90.4000015258789,82.72000122070312,88.80000305175781,145,0.0,0.0
2022-11-01 00:00:00-04:00,91.19999694824219,91.19999694824219,86.4000015258789,88.80000305175781,19,0.0,0.0
2022-11-02 00:00:00-04:00,87.19999694824219,91.19999694824219,87.19999694824219,88.80000305175781,25,0.0,0.0
2022-11-03 00:00:00-04:00,88.80000305175781,90.4000015258789,88.80000305175781,88.80000305175781,19,0.0,0.0
2022-11-04 00:00:00-04:00,90.4000015258789,90.4000015258789,88.80000305175781,89.04000091552734,26,0.0,0.0
2022-11-07 00:00:00-05:00,90.31999969482422,90.4000015258789,87.19999694824219,90.4000015258789,31,0.0,0.0
2022-11-08 00:00:00-05:00,92.0,92.0,89.5999984741211,90.63999938964844,21,0.0,0.0
2022-11-09 00:00:00-05:00,90.63999938964844,92.72000122070312,87.19999694824219,89.19999694824219,33,0.0,0.0
2022-11-10 00:00:00-05:00,89.5999984741211,92.0,89.5999984741211,90.4000015258789,10,0.0,0.0
2022-11-11 00:00:00-05:00,90.31999969482422,90.4000015258789,87.19999694824219,90.31999969482422,25,0.0,0.0
2022-11-14 00:00:00-05:00,89.5999984741211,90.4000015258789,84.0,88.80000305175781,51,0.0,0.0
2022-11-15 00:00:00-05:00,87.83999633789062,97.5999984741211,86.4000015258789,96.0,264,0.0,0.0
2022-11-16 00:00:00-05:00,95.5999984741211,99.19999694824219,95.5999984741211,97.5999984741211,40,0.0,0.0
2022-11-17 00:00:00-05:00,96.80000305175781,99.19999694824219,94.4000015258789,98.4000015258789,1083,0.0,0.0
2022-11-18 00:00:00-05:00,98.31999969482422,98.4000015258789,93.5999984741211,98.16000366210938,116,0.0,0.0
2022-11-21 00:00:00-05:00,88.80000305175781,98.4000015258789,88.80000305175781,96.80000305175781,26,0.0,0.0
2022-11-22 00:00:00-05:00,100.80000305175781,100.80000305175781,92.80000305175781,96.0,24,0.0,0.0
2022-11-23 00:00:00-05:00,96.0,97.5999984741211,96.0,97.36000061035156,14,0.0,0.0
2022-11-25 00:00:00-05:00,97.5999984741211,98.4000015258789,97.5999984741211,98.0,10,0.0,0.0
2022-11-28 00:00:00-05:00,99.12000274658203,99.12000274658203,98.0,98.0,8,0.0,0.0
2022-11-29 00:00:00-05:00,99.12000274658203,99.12000274658203,87.19999694824219,98.4000015258789,164,0.0,0.0
2022-11-30 00:00:00-05:00,99.19999694824219,99.19999694824219,96.0,97.5999984741211,51,0.0,0.0
2022-12-01 00:00:00-05:00,103.19999694824219,103.19999694824219,96.4000015258789,98.4000015258789,55,0.0,0.0
2022-12-02 00:00:00-05:00,96.72000122070312,96.80000305175781,96.0,96.80000305175781,44,0.0,0.0
2022-12-05 00:00:00-05:00,98.4000015258789,98.4000015258789,95.19999694824219,97.44000244140625,63,0.0,0.0
2022-12-06 00:00:00-05:00,101.5999984741211,101.5999984741211,88.0,97.36000061035156,38,0.0,0.0
2022-12-07 00:00:00-05:00,95.19999694824219,98.4000015258789,90.4000015258789,96.80000305175781,63,0.0,0.0
2022-12-08 00:00:00-05:00,95.19999694824219,99.12000274658203,95.19999694824219,98.4000015258789,23,0.0,0.0
2022-12-09 00:00:00-05:00,97.5999984741211,99.19999694824219,95.19999694824219,99.19999694824219,20,0.0,0.0
2022-12-12 00:00:00-05:00,102.4000015258789,102.4000015258789,96.80000305175781,97.5999984741211,46,0.0,0.0
2022-12-13 00:00:00-05:00,84.0,99.12000274658203,84.0,98.4000015258789,33,0.0,0.0
2022-12-14 00:00:00-05:00,99.12000274658203,99.12000274658203,95.5999984741211,96.80000305175781,116,0.0,0.0
2022-12-15 00:00:00-05:00,92.80000305175781,98.4000015258789,92.80000305175781,97.5999984741211,16,0.0,0.0
2022-12-16 00:00:00-05:00,97.5999984741211,99.12000274658203,95.19999694824219,96.80000305175781,40,0.0,0.0
2022-12-19 00:00:00-05:00,98.4000015258789,99.04000091552734,95.19999694824219,99.04000091552734,30,0.0,0.0
2022-12-20 00:00:00-05:00,99.19999694824219,99.19999694824219,98.4000015258789,98.4000015258789,5,0.0,0.0
2022-12-21 00:00:00-05:00,97.5999984741211,101.5999984741211,92.0,100.80000305175781,108,0.0,0.0
2022-12-22 00:00:00-05:00,99.19999694824219,99.19999694824219,90.4000015258789,98.80000305175781,235,0.0,0.0
2022-12-23 00:00:00-05:00,99.91999816894531,100.0,84.0,92.80000305175781,104,0.0,0.0
2022-12-27 00:00:00-05:00,85.5999984741211,94.4000015258789,79.19999694824219,92.0,386,0.0,0.0
2022-12-28 00:00:00-05:00,92.0,97.83999633789062,90.4000015258789,96.4000015258789,131,0.0,0.0
2022-12-29 00:00:00-05:00,97.5999984741211,98.4000015258789,95.19999694824219,96.80000305175781,45,0.0,0.0
2022-12-30 00:00:00-05:00,96.80000305175781,96.80000305175781,84.0,91.91999816894531,474,0.0,0.0
2023-01-03 00:00:00-05:00,87.19999694824219,92.80000305175781,87.19999694824219,92.0,60,0.0,0.0
2023-01-04 00:00:00-05:00,94.4000015258789,96.0,91.19999694824219,92.80000305175781,114,0.0,0.0
2023-01-05 00:00:00-05:00,96.80000305175781,96.80000305175781,85.5999984741211,93.5999984741211,108,0.0,0.0
2023-01-06 00:00:00-05:00,93.5999984741211,96.0,88.0,94.63999938964844,129,0.0,0.0
2023-01-09 00:00:00-05:00,96.72000122070312,96.72000122070312,92.0,94.72000122070312,25,0.0,0.0
2023-01-10 00:00:00-05:00,94.4000015258789,94.4000015258789,93.19999694824219,94.4000015258789,45,0.0,0.0
2023-01-11 00:00:00-05:00,92.0,97.5999984741211,92.0,93.5999984741211,29,0.0,0.0
2023-01-12 00:00:00-05:00,95.19999694824219,97.5999984741211,92.0,93.5999984741211,41,0.0,0.0
2023-01-13 00:00:00-05:00,92.80000305175781,97.5999984741211,92.0,92.0,51,0.0,0.0
2023-01-17 00:00:00-05:00,95.19999694824219,96.0,88.0,92.0,276,0.0,0.0
2023-01-18 00:00:00-05:00,88.0,96.0,88.0,94.0,170,0.0,0.0
2023-01-19 00:00:00-05:00,95.19999694824219,95.19999694824219,93.5999984741211,95.19999694824219,66,0.0,0.0
2023-01-20 00:00:00-05:00,95.19999694824219,95.19999694824219,94.4000015258789,95.19999694824219,29,0.0,0.0
2023-01-23 00:00:00-05:00,88.80000305175781,95.19999694824219,88.80000305175781,93.5999984741211,64,0.0,0.0
2023-01-24 00:00:00-05:00,93.5999984741211,93.5999984741211,92.0,92.80000305175781,9,0.0,0.0
2023-01-25 00:00:00-05:00,93.5999984741211,93.5999984741211,92.0,92.80000305175781,20,0.0,0.0
2023-01-26 00:00:00-05:00,93.5999984741211,93.5999984741211,92.4000015258789,92.4000015258789,6,0.0,0.0
2023-01-27 00:00:00-05:00,88.80000305175781,92.80000305175781,88.80000305175781,92.80000305175781,50,0.0,0.0
2023-01-30 00:00:00-05:00,92.80000305175781,92.80000305175781,92.0,92.0,9,0.0,0.0
2023-01-31 00:00:00-05:00,92.80000305175781,92.80000305175781,90.4000015258789,91.19999694824219,99,0.0,0.0
2023-02-01 00:00:00-05:00,91.19999694824219,91.19999694824219,88.0,90.4000015258789,41,0.0,0.0
2023-02-02 00:00:00-05:00,90.31999969482422,91.19999694824219,88.0,89.5999984741211,190,0.0,0.0
2023-02-03 00:00:00-05:00,90.4000015258789,91.19999694824219,88.0,90.31999969482422,55,0.0,0.0
2023-02-06 00:00:00-05:00,91.19999694824219,91.19999694824219,88.0,90.4000015258789,30,0.0,0.0
2023-02-07 00:00:00-05:00,89.5199966430664,91.19999694824219,88.0,89.19999694824219,99,0.0,0.0
2023-02-08 00:00:00-05:00,91.19999694824219,112.0,81.5999984741211,106.4000015258789,34364,0.0,0.0
2023-02-09 00:00:00-05:00,96.0,106.16000366210938,88.80000305175781,94.4000015258789,1033,0.0,0.0
2023-02-10 00:00:00-05:00,91.19999694824219,104.0,88.0,92.0,124,0.0,0.0
2023-02-13 00:00:00-05:00,92.0,93.5999984741211,88.16000366210938,90.4000015258789,344,0.0,0.0
2023-02-14 00:00:00-05:00,93.5999984741211,93.5999984741211,88.0,89.83999633789062,170,0.0,0.0
2023-02-15 00:00:00-05:00,86.4000015258789,91.19999694824219,84.0,87.19999694824219,109,0.0,0.0
2023-02-16 00:00:00-05:00,88.80000305175781,95.19999694824219,84.0,88.0,75,0.0,0.0
2023-02-17 00:00:00-05:00,86.31999969482422,91.27999877929688,82.4000015258789,91.27999877929688,136,0.0,0.0
2023-02-21 00:00:00-05:00,91.19999694824219,91.19999694824219,80.0,84.0,550,0.0,0.0
2023-02-22 00:00:00-05:00,80.0,89.5999984741211,80.0,87.19999694824219,39,0.0,0.0
2023-02-23 00:00:00-05:00,84.0,89.5999984741211,81.5999984741211,85.5199966430664,409,0.0,0.0
2023-02-24 00:00:00-05:00,83.19999694824219,84.80000305175781,80.0,84.0,55,0.0,0.0
2023-02-27 00:00:00-05:00,84.0,84.0,82.4000015258789,84.0,49,0.0,0.0
2023-02-28 00:00:00-05:00,80.80000305175781,84.0,80.80000305175781,80.80000305175781,149,0.0,0.0
2023-03-01 00:00:00-05:00,83.19999694824219,83.91999816894531,82.4000015258789,83.19999694824219,71,0.0,0.0
2023-03-02 00:00:00-05:00,81.5999984741211,84.0,81.5999984741211,84.0,46,0.0,0.0
2023-03-03 00:00:00-05:00,84.0,87.19999694824219,83.27999877929688,87.19999694824219,113,0.0,0.0
2023-03-06 00:00:00-05:00,88.80000305175781,88.80000305175781,84.4800033569336,86.16000366210938,19,0.0,0.0
2023-03-07 00:00:00-05:00,84.80000305175781,87.19999694824219,83.44000244140625,84.80000305175781,19,0.0,0.0
2023-03-08 00:00:00-05:00,86.4000015258789,86.4000015258789,86.23999786376953,86.23999786376953,4,0.0,0.0
2023-03-09 00:00:00-05:00,80.0,87.19999694824219,80.0,86.63999938964844,115,0.0,0.0
2023-03-10 00:00:00-05:00,86.4000015258789,87.19999694824219,84.80000305175781,84.87999725341797,61,0.0,0.0
2023-03-13 00:00:00-04:00,84.80000305175781,87.19999694824219,84.0,86.4000015258789,59,0.0,0.0
2023-03-14 00:00:00-04:00,86.4000015258789,87.19999694824219,81.5999984741211,87.12000274658203,189,0.0,0.0
2023-03-15 00:00:00-04:00,86.4000015258789,92.80000305175781,86.0,91.19999694824219,126,0.0,0.0
2023-03-16 00:00:00-04:00,92.0,94.4000015258789,88.0,93.5999984741211,59,0.0,0.0
2023-03-17 00:00:00-04:00,93.5999984741211,95.19999694824219,90.0,91.76000213623047,25,0.0,0.0
2023-03-20 00:00:00-04:00,92.0,92.0,87.19999694824219,88.80000305175781,21,0.0,0.0
2023-03-21 00:00:00-04:00,91.19999694824219,92.0,87.19999694824219,88.4000015258789,28,0.0,0.0
2023-03-22 00:00:00-04:00,90.4000015258789,90.4000015258789,88.80000305175781,90.4000015258789,78,0.0,0.0
2023-03-23 00:00:00-04:00,92.0,101.5999984741211,92.0,101.5999984741211,309,0.0,0.0
2023-03-24 00:00:00-04:00,99.19999694824219,102.4000015258789,99.19999694824219,101.5999984741211,60,0.0,0.0
2023-03-27 00:00:00-04:00,104.0,104.0,99.19999694824219,102.16000366210938,48,0.0,0.0
2023-03-28 00:00:00-04:00,102.4000015258789,102.80000305175781,101.5999984741211,102.80000305175781,70,0.0,0.0
2023-03-29 00:00:00-04:00,102.4000015258789,103.19999694824219,97.5999984741211,99.5999984741211,129,0.0,0.0
2023-03-30 00:00:00-04:00,100.80000305175781,100.80000305175781,100.80000305175781,100.80000305175781,3,0.0,0.0
2023-03-31 00:00:00-04:00,98.4000015258789,98.4000015258789,86.4000015258789,98.4000015258789,90,0.0,0.0
2023-04-03 00:00:00-04:00,99.19999694824219,103.19999694824219,99.19999694824219,101.5999984741211,24,0.0,0.0
2023-04-04 00:00:00-04:00,100.0,102.4000015258789,96.0,96.4000015258789,34,0.0,0.0
2023-04-05 00:00:00-04:00,96.80000305175781,100.0,92.80000305175781,97.5999984741211,16,0.0,0.0
2023-04-06 00:00:00-04:00,102.4000015258789,102.4000015258789,90.4000015258789,99.19999694824219,150,0.0,0.0
2023-04-10 00:00:00-04:00,97.5999984741211,99.19999694824219,92.0,98.4000015258789,55,0.0,0.0
2023-04-11 00:00:00-04:00,97.5999984741211,97.5999984741211,90.4000015258789,93.5999984741211,60,0.0,0.0
2023-04-12 00:00:00-04:00,96.0,96.0,91.19999694824219,95.19999694824219,30,0.0,0.0
2023-04-13 00:00:00-04:00,95.19999694824219,99.19999694824219,94.4000015258789,98.4000015258789,18,0.0,0.0
2023-04-14 00:00:00-04:00,98.4000015258789,98.4000015258789,92.80000305175781,97.27999877929688,81,0.0,0.0
2023-04-17 00:00:00-04:00,96.0,99.19999694824219,92.0,99.19999694824219,29,0.0,0.0
2023-04-18 00:00:00-04:00,96.80000305175781,98.4000015258789,92.0,98.4000015258789,59,0.0,0.0
2023-04-19 00:00:00-04:00,98.4000015258789,98.4000015258789,98.4000015258789,98.4000015258789,49,0.0,0.0
2023-04-20 00:00:00-04:00,94.4000015258789,96.0,94.23999786376953,94.23999786376953,26,0.0,0.0
2023-04-21 00:00:00-04:00,93.5999984741211,96.0,92.80000305175781,95.19999694824219,10,0.0,0.0
2023-04-24 00:00:00-04:00,97.5999984741211,97.5999984741211,90.80000305175781,93.36000061035156,43,0.0,0.0
2023-04-25 00:00:00-04:00,95.19999694824219,95.19999694824219,90.95999908447266,91.19999694824219,26,0.0,0.0
2023-04-26 00:00:00-04:00,91.19999694824219,93.5999984741211,89.5999984741211,89.5999984741211,10,0.0,0.0
2023-04-27 00:00:00-04:00,92.80000305175781,92.80000305175781,89.5999984741211,89.5999984741211,34,0.0,0.0
2023-04-28 00:00:00-04:00,87.19999694824219,92.0,87.19999694824219,90.4000015258789,8,0.0,0.0
2023-05-01 00:00:00-04:00,90.4000015258789,92.0,86.4000015258789,89.5199966430664,64,0.0,0.0
2023-05-02 00:00:00-04:00,90.4000015258789,90.4000015258789,88.16000366210938,88.16000366210938,30,0.0,0.0
2023-05-03 00:00:00-04:00,90.4000015258789,92.0,90.0,90.0,10,0.0,0.0
2023-05-04 00:00:00-04:00,96.0,98.0,84.80000305175781,97.5999984741211,2258,0.0,0.0
2023-05-05 00:00:00-04:00,92.80000305175781,112.0,84.80000305175781,86.4000015258789,3168,0.0,0.0
2023-05-08 00:00:00-04:00,84.0,92.0,84.0,86.4000015258789,424,0.0,0.0
2023-05-09 00:00:00-04:00,89.5999984741211,89.5999984741211,80.0,84.80000305175781,140,0.0,0.0
2023-05-10 00:00:00-04:00,79.19999694824219,86.4000015258789,79.19999694824219,84.80000305175781,218,0.0,0.0
2023-05-11 00:00:00-04:00,84.80000305175781,86.4000015258789,80.0,84.80000305175781,113,0.0,0.0
2023-05-12 00:00:00-04:00,86.4000015258789,88.0,80.80000305175781,87.91999816894531,201,0.0,0.0
2023-05-15 00:00:00-04:00,88.0,88.0,84.80000305175781,87.19999694824219,145,0.0,0.0
2023-05-16 00:00:00-04:00,86.4000015258789,88.0,81.5999984741211,88.0,56,0.0,0.0
2023-05-17 00:00:00-04:00,87.19999694824219,87.19999694824219,87.19999694824219,87.19999694824219,6,0.0,0.0
2023-05-18 00:00:00-04:00,86.4000015258789,93.5999984741211,86.4000015258789,91.19999694824219,209,0.0,0.0
2023-05-19 00:00:00-04:00,94.31999969482422,94.4000015258789,88.80000305175781,89.76000213623047,33,0.0,0.0
2023-05-22 00:00:00-04:00,85.5999984741211,93.5999984741211,85.5999984741211,89.5999984741211,60,0.0,0.0
2023-05-23 00:00:00-04:00,94.4000015258789,94.4000015258789,91.19999694824219,91.19999694824219,15,0.0,0.0
2023-05-24 00:00:00-04:00,93.5999984741211,93.5999984741211,93.27999877929688,93.27999877929688,11,0.0,0.0
2023-05-25 00:00:00-04:00,93.5999984741211,93.5999984741211,87.19999694824219,90.72000122070312,34,0.0,0.0
2023-05-26 00:00:00-04:00,92.80000305175781,92.80000305175781,86.4000015258789,91.19999694824219,59,0.0,0.0
2023-05-30 00:00:00-04:00,86.4000015258789,91.19999694824219,82.4000015258789,87.19999694824219,1268,0.0,0.0
2023-05-31 00:00:00-04:00,87.19999694824219,87.19999694824219,80.0,84.0,101,0.0,0.0
2023-06-01 00:00:00-04:00,84.0,84.0,79.44000244140625,80.80000305175781,340,0.0,0.0
2023-06-02 00:00:00-04:00,83.19999694824219,83.19999694824219,82.23999786376953,82.95999908447266,6,0.0,0.0
2023-06-05 00:00:00-04:00,80.0,83.19999694824219,80.0,83.19999694824219,203,0.0,0.0
2023-06-06 00:00:00-04:00,81.04000091552734,85.5999984741211,81.04000091552734,85.5999984741211,168,0.0,0.0
2023-06-07 00:00:00-04:00,85.5999984741211,87.91999816894531,85.5999984741211,87.19999694824219,18,0.0,0.0
2023-06-08 00:00:00-04:00,87.19999694824219,88.0,85.5999984741211,87.19999694824219,111,0.0,0.0
2023-06-09 00:00:00-04:00,87.19999694824219,89.5999984741211,87.04000091552734,89.5999984741211,119,0.0,0.0
2023-06-12 00:00:00-04:00,88.80000305175781,91.19999694824219,84.0,91.19999694824219,93,0.0,0.0
2023-06-13 00:00:00-04:00,88.80000305175781,91.19999694824219,88.80000305175781,91.19999694824219,16,0.0,0.0
2023-06-14 00:00:00-04:00,84.0,91.19999694824219,84.0,91.19999694824219,39,0.0,0.0
2023-06-15 00:00:00-04:00,89.5999984741211,91.19999694824219,89.5999984741211,90.4000015258789,58,0.0,0.0
2023-06-16 00:00:00-04:00,84.0,91.19999694824219,84.0,91.19999694824219,85,0.0,0.0
2023-06-20 00:00:00-04:00,90.4000015258789,92.0,88.0,92.0,90,0.0,0.0
2023-06-21 00:00:00-04:00,91.19999694824219,92.0,91.19999694824219,92.0,31,0.0,0.0
2023-06-22 00:00:00-04:00,92.0,94.4000015258789,92.0,92.80000305175781,69,0.0,0.0
2023-06-23 00:00:00-04:00,92.80000305175781,96.0,90.4000015258789,95.19999694824219,51,0.0,0.0
2023-06-26 00:00:00-04:00,95.19999694824219,96.0,92.0,93.5999984741211,30,0.0,0.0
2023-06-27 00:00:00-04:00,95.19999694824219,96.0,93.27999877929688,95.12000274658203,35,0.0,0.0
2023-06-28 00:00:00-04:00,95.19999694824219,96.0,84.0,93.5999984741211,50,0.0,0.0
2023-06-29 00:00:00-04:00,91.19999694824219,97.5999984741211,91.19999694824219,94.4000015258789,108,0.0,0.0
2023-06-30 00:00:00-04:00,99.19999694824219,100.0,96.0,96.0,64,0.0,0.0
2023-07-03 00:00:00-04:00,91.19999694824219,96.0,91.19999694824219,96.0,44,0.0,0.0
2023-07-05 00:00:00-04:00,93.5999984741211,96.0,92.80000305175781,95.19999694824219,16,0.0,0.0
2023-07-06 00:00:00-04:00,94.0,94.0,92.0,93.19999694824219,11,0.0,0.0
2023-07-07 00:00:00-04:00,96.0,96.0,93.5999984741211,95.19999694824219,16,0.0,0.0
2023-07-10 00:00:00-04:00,96.0,96.0,92.0,95.19999694824219,20,0.0,0.0
2023-07-11 00:00:00-04:00,93.5999984741211,103.91999816894531,93.5999984741211,101.5999984741211,156,0.0,0.0
2023-07-12 00:00:00-04:00,100.0,100.0,96.80000305175781,97.5999984741211,59,0.0,0.0
2023-07-13 00:00:00-04:00,100.0,101.5999984741211,99.19999694824219,99.19999694824219,78,0.0,0.0
2023-07-14 00:00:00-04:00,102.4000015258789,102.4000015258789,100.80000305175781,100.80000305175781,5,0.0,0.0
2023-07-17 00:00:00-04:00,102.4000015258789,102.4000015258789,99.19999694824219,100.80000305175781,18,0.0,0.0
2023-07-18 00:00:00-04:00,104.0,104.0,100.0,100.0,13,0.0,0.0
2023-07-19 00:00:00-04:00,95.19999694824219,101.5999984741211,88.80000305175781,101.5999984741211,11,0.0,0.0
2023-07-20 00:00:00-04:00,103.91999816894531,103.91999816894531,99.27999877929688,101.5999984741211,14,0.0,0.0
2023-07-21 00:00:00-04:00,102.4000015258789,102.4000015258789,100.0,100.80000305175781,24,0.0,0.0
2023-07-24 00:00:00-04:00,103.19999694824219,103.19999694824219,96.0,101.5999984741211,65,0.0,0.0
2023-07-25 00:00:00-04:00,99.19999694824219,99.19999694824219,96.4000015258789,98.0,35,0.0,0.0
2023-07-26 00:00:00-04:00,95.19999694824219,102.4000015258789,95.19999694824219,100.0,35,0.0,0.0
2023-07-27 00:00:00-04:00,100.0,101.5999984741211,93.5999984741211,96.80000305175781,100,0.0,0.0
2023-07-28 00:00:00-04:00,96.0,100.0,96.0,98.4000015258789,45,0.0,0.0
2023-07-31 00:00:00-04:00,89.5999984741211,98.4000015258789,89.5999984741211,97.19999694824219,25,0.0,0.0
2023-08-01 00:00:00-04:00,96.0,96.80000305175781,95.19999694824219,96.0,14,0.0,0.0
2023-08-02 00:00:00-04:00,95.19999694824219,96.0,93.5999984741211,96.0,16,0.0,0.0
2023-08-03 00:00:00-04:00,94.4000015258789,95.19999694824219,92.80000305175781,94.4000015258789,33,0.0,0.0
2023-08-04 00:00:00-04:00,96.80000305175781,96.80000305175781,96.80000305175781,96.80000305175781,6,0.0,0.0
2023-08-07 00:00:00-04:00,95.19999694824219,96.0,93.19999694824219,93.5199966430664,16,0.0,0.0
2023-08-08 00:00:00-04:00,95.19999694824219,95.19999694824219,94.4000015258789,94.4000015258789,6,0.0,0.0
2023-08-09 00:00:00-04:00,92.80000305175781,95.19999694824219,92.0,95.19999694824219,39,0.0,0.0
2023-08-10 00:00:00-04:00,92.80000305175781,94.4000015258789,92.80000305175781,93.5999984741211,9,0.0,0.0
2023-08-11 00:00:00-04:00,93.5199966430664,93.5999984741211,93.5199966430664,93.5999984741211,9,0.0,0.0
2023-08-14 00:00:00-04:00,91.19999694824219,93.5999984741211,91.19999694824219,93.5999984741211,11,0.0,0.0
2023-08-15 00:00:00-04:00,93.5999984741211,93.5999984741211,93.5999984741211,93.5999984741211,4,0.0,0.0
2023-08-16 00:00:00-04:00,92.80000305175781,92.80000305175781,88.0,90.4000015258789,46,0.0,0.0
2023-08-17 00:00:00-04:00,92.0,93.5999984741211,90.4000015258789,92.0,46,0.0,0.0
2023-08-18 00:00:00-04:00,93.5999984741211,93.5999984741211,90.80000305175781,90.80000305175781,10,0.0,0.0
2023-08-21 00:00:00-04:00,93.5199966430664,93.5999984741211,90.80000305175781,91.19999694824219,10,0.0,0.0
2023-08-22 00:00:00-04:00,92.80000305175781,93.5999984741211,91.19999694824219,91.19999694824219,26,0.0,0.0
2023-08-23 00:00:00-04:00,91.19999694824219,92.0,91.19999694824219,91.19999694824219,38,0.0,0.0
2023-08-24 00:00:00-04:00,92.80000305175781,92.80000305175781,90.4000015258789,90.4000015258789,26,0.0,0.0
2023-08-25 00:00:00-04:00,88.0,90.63999938964844,88.0,90.4000015258789,15,0.0,0.0
2023-08-28 00:00:00-04:00,92.0,92.0,91.19999694824219,92.0,9,0.0,0.0
2023-08-29 00:00:00-04:00,91.91999816894531,92.0,91.19999694824219,91.19999694824219,23,0.0,0.0
2023-08-30 00:00:00-04:00,91.19999694824219,93.5999984741211,90.80000305175781,92.80000305175781,38,0.0,0.0
2023-08-31 00:00:00-04:00,92.80000305175781,92.80000305175781,91.19999694824219,92.80000305175781,39,0.0,0.0
2023-09-01 00:00:00-04:00,92.80000305175781,92.80000305175781,92.0,92.80000305175781,14,0.0,0.0
2023-09-05 00:00:00-04:00,92.0,92.0,91.5999984741211,92.0,53,0.0,0.0
2023-09-06 00:00:00-04:00,91.19999694824219,91.19999694824219,88.0,89.5999984741211,39,0.0,0.0
2023-09-07 00:00:00-04:00,88.80000305175781,92.80000305175781,88.80000305175781,92.4000015258789,38,0.0,0.0
2023-09-08 00:00:00-04:00,92.80000305175781,93.5999984741211,90.4000015258789,92.0,70,0.0,0.0
2023-09-11 00:00:00-04:00,95.19999694824219,95.19999694824219,88.0,92.0,214,0.0,0.0
2023-09-12 00:00:00-04:00,92.80000305175781,92.80000305175781,92.0,92.0,5,0.0,0.0
2023-09-13 00:00:00-04:00,93.5199966430664,93.5999984741211,90.4000015258789,92.0,53,0.0,0.0
2023-09-14 00:00:00-04:00,88.0,93.5999984741211,88.0,93.5999984741211,11,0.0,0.0
2023-09-15 00:00:00-04:00,92.80000305175781,92.80000305175781,88.0,88.0,6,0.0,0.0
2023-09-18 00:00:00-04:00,89.5999984741211,91.19999694824219,86.4000015258789,86.4000015258789,13,0.0,0.0
2023-09-19 00:00:00-04:00,91.19999694824219,91.19999694824219,90.4000015258789,90.4000015258789,8,0.0,0.0
2023-09-20 00:00:00-04:00,91.19999694824219,92.80000305175781,88.80000305175781,88.80000305175781,11,0.0,0.0
2023-09-21 00:00:00-04:00,83.19999694824219,91.19999694824219,83.19999694824219,89.5999984741211,14,0.0,0.0
2023-09-22 00:00:00-04:00,88.80000305175781,92.0,88.80000305175781,90.4000015258789,6,0.0,0.0
2023-09-25 00:00:00-04:00,92.0,92.0,90.0,90.4000015258789,9,0.0,0.0
2023-09-26 00:00:00-04:00,93.5199966430664,93.5199966430664,92.0,92.80000305175781,13,0.0,0.0
2023-09-27 00:00:00-04:00,91.19999694824219,91.19999694824219,88.80000305175781,89.5999984741211,111,0.0,0.0
2023-09-28 00:00:00-04:00,91.91999816894531,92.0,88.0,88.0,30,0.0,0.0
2023-09-29 00:00:00-04:00,88.0,88.0,88.0,88.0,6,0.0,0.0
2023-10-02 00:00:00-04:00,86.4000015258789,88.72000122070312,86.4000015258789,88.72000122070312,5,0.0,0.0
2023-10-03 00:00:00-04:00,88.80000305175781,88.80000305175781,88.80000305175781,88.80000305175781,3,0.0,0.0
2023-10-04 00:00:00-04:00,88.0,88.0,87.19999694824219,88.0,14,0.0,0.0
2023-10-05 00:00:00-04:00,87.27999877929688,88.0,87.19999694824219,87.19999694824219,13,0.0,0.0
2023-10-06 00:00:00-04:00,88.80000305175781,88.80000305175781,87.19999694824219,87.19999694824219,8,0.0,0.0
2023-10-09 00:00:00-04:00,86.4000015258789,89.5999984741211,86.4000015258789,89.5999984741211,23,0.0,0.0
2023-10-10 00:00:00-04:00,90.4000015258789,90.4000015258789,87.19999694824219,90.0,5,0.0,0.0
2023-10-11 00:00:00-04:00,90.4000015258789,90.4000015258789,89.5999984741211,89.5999984741211,13,0.0,0.0
2023-10-12 00:00:00-04:00,89.5999984741211,89.5999984741211,86.4000015258789,88.0,15,0.0,0.0
2023-10-13 00:00:00-04:00,89.5999984741211,89.5999984741211,81.44000244140625,88.0,73,0.0,0.0
2023-10-16 00:00:00-04:00,81.5999984741211,88.0,81.5999984741211,86.4000015258789,56,0.0,0.0
2023-10-17 00:00:00-04:00,84.80000305175781,87.19999694824219,84.80000305175781,86.4000015258789,9,0.0,0.0
2023-10-18 00:00:00-04:00,83.91999816894531,84.0,82.4000015258789,84.0,26,0.0,0.0
2023-10-19 00:00:00-04:00,80.80000305175781,88.0,80.0,87.19999694824219,294,0.0,0.0
2023-10-20 00:00:00-04:00,80.0,88.0,80.0,85.5999984741211,51,0.0,0.0
2023-10-23 00:00:00-04:00,81.5999984741211,86.4000015258789,81.5999984741211,84.80000305175781,44,0.0,0.0
2023-10-24 00:00:00-04:00,86.4000015258789,86.4000015258789,84.80000305175781,85.5999984741211,39,0.0,0.0
2023-10-25 00:00:00-04:00,87.19999694824219,87.19999694824219,84.80000305175781,86.4000015258789,10,0.0,0.0
2023-10-26 00:00:00-04:00,86.4000015258789,86.4000015258789,80.16000366210938,84.72000122070312,310,0.0,0.0
2023-10-27 00:00:00-04:00,84.80000305175781,85.5999984741211,84.72000122070312,85.5999984741211,53,0.0,0.0
2023-10-30 00:00:00-04:00,85.5199966430664,85.5999984741211,83.19999694824219,85.5999984741211,90,0.0,0.0
2023-10-31 00:00:00-04:00,80.80000305175781,85.5199966430664,80.80000305175781,83.91999816894531,13,0.0,0.0
2023-11-01 00:00:00-04:00,84.0,85.5999984741211,83.19999694824219,84.08000183105469,50,0.0,0.0
2023-11-02 00:00:00-04:00,84.80000305175781,84.80000305175781,82.4000015258789,84.80000305175781,19,0.0,0.0
2023-11-03 00:00:00-04:00,84.80000305175781,84.80000305175781,84.0,84.0,5,0.0,0.0
2023-11-06 00:00:00-05:00,82.4000015258789,84.0,81.5999984741211,83.91999816894531,59,0.0,0.0
2023-11-07 00:00:00-05:00,84.0,84.0,74.0,83.5999984741211,204,0.0,0.0
2023-11-08 00:00:00-05:00,77.68000030517578,84.80000305175781,77.68000030517578,84.80000305175781,220,0.0,0.0
2023-11-09 00:00:00-05:00,84.80000305175781,87.19999694824219,79.19999694824219,83.19999694824219,504,0.0,0.0
2023-11-10 00:00:00-05:00,83.19999694824219,83.19999694824219,80.0,82.4000015258789,18,0.0,0.0
2023-11-13 00:00:00-05:00,81.5999984741211,81.68000030517578,67.68000030517578,80.0,78,0.0,0.0
2023-11-14 00:00:00-05:00,80.0,80.0,74.95999908447266,78.4000015258789,34,0.0,0.0
2023-11-15 00:00:00-05:00,79.12000274658203,79.12000274658203,76.0,76.0,21,0.0,0.0
2023-11-16 00:00:00-05:00,71.19999694824219,78.4000015258789,71.19999694824219,76.55999755859375,156,0.0,0.0
2023-11-17 00:00:00-05:00,79.12000274658203,79.19999694824219,73.5999984741211,76.0,25,0.0,0.0
2023-11-20 00:00:00-05:00,76.80000305175781,78.4000015258789,74.4000015258789,76.80000305175781,29,0.0,0.0
2023-11-21 00:00:00-05:00,67.04000091552734,79.19999694824219,67.04000091552734,78.4000015258789,15,0.0,0.0
2023-11-22 00:00:00-05:00,78.4000015258789,78.4000015258789,64.0,76.80000305175781,13,0.0,0.0
2023-11-24 00:00:00-05:00,72.80000305175781,76.0,72.80000305175781,76.0,20,0.0,0.0
2023-11-27 00:00:00-05:00,74.4000015258789,74.4000015258789,64.0,68.72000122070312,24,0.0,0.0
2023-11-28 00:00:00-05:00,75.04000091552734,75.04000091552734,64.0,64.0,8,0.0,0.0
2023-11-29 00:00:00-05:00,64.0,64.0,62.400001525878906,62.400001525878906,14,0.0,0.0
2023-11-30 00:00:00-05:00,75.19999694824219,78.4000015258789,74.80000305175781,76.4800033569336,39,0.0,0.0
2023-12-01 00:00:00-05:00,76.80000305175781,76.80000305175781,64.08000183105469,64.08000183105469,8,0.0,0.0
2023-12-04 00:00:00-05:00,75.5999984741211,76.80000305175781,72.23999786376953,74.23999786376953,55,0.0,0.0
2023-12-05 00:00:00-05:00,68.0,69.83999633789062,68.0,69.83999633789062,3,0.0,0.0
2023-12-06 00:00:00-05:00,68.80000305175781,69.5999984741211,68.80000305175781,69.04000091552734,20,0.0,0.0
2023-12-07 00:00:00-05:00,68.80000305175781,68.95999908447266,64.0,64.0,119,0.0,0.0
2023-12-08 00:00:00-05:00,62.400001525878906,62.400001525878906,62.08000183105469,62.08000183105469,26,0.0,0.0
2023-12-11 00:00:00-05:00,25.600000381469727,60.79999923706055,25.600000381469727,42.79999923706055,399,0.0,0.0
2023-12-12 00:00:00-05:00,48.79999923706055,48.79999923706055,40.0,44.79999923706055,76,0.0,0.0
2023-12-13 00:00:00-05:00,51.599998474121094,51.599998474121094,39.20000076293945,39.279998779296875,33,0.0,0.0
2023-12-14 00:00:00-05:00,43.279998779296875,49.599998474121094,40.0,49.599998474121094,68,0.0,0.0
2023-12-15 00:00:00-05:00,40.0,47.20000076293945,38.400001525878906,40.0,206,0.0,0.0
2023-12-18 00:00:00-05:00,38.400001525878906,38.400001525878906,32.79999923706055,38.15999984741211,109,0.0,0.0
2023-12-19 00:00:00-05:00,37.439998626708984,44.0,32.959999084472656,36.79999923706055,210,0.0,0.0
2023-12-20 00:00:00-05:00,39.7599983215332,44.0,37.599998474121094,38.400001525878906,68,0.0,0.0
2023-12-21 00:00:00-05:00,36.0,40.0,36.0,39.20000076293945,43,0.0,0.0
2023-12-22 00:00:00-05:00,36.08000183105469,38.0,36.08000183105469,37.84000015258789,91,0.0,0.0
2023-12-26 00:00:00-05:00,36.08000183105469,36.08000183105469,36.0,36.0,74,0.0,0.0
2023-12-27 00:00:00-05:00,36.0,36.0,30.8799991607666,32.0,141,0.0,0.0
2023-12-28 00:00:00-05:00,32.0,32.0,29.200000762939453,29.200000762939453,94,0.0,0.0
2023-12-29 00:00:00-05:00,31.040000915527344,33.599998474121094,24.959999084472656,28.079999923706055,623,0.0,0.0
2024-01-02 00:00:00-05:00,27.280000686645508,27.280000686645508,24.0,25.520000457763672,60,0.0,0.0
2024-01-03 00:00:00-05:00,25.600000381469727,30.959999084472656,24.799999237060547,25.200000762939453,493,0.0,0.0
2024-01-04 00:00:00-05:00,24.0,30.399999618530273,24.0,30.399999618530273,246,0.0,0.0
2024-01-05 00:00:00-05:00,28.0,31.200000762939453,28.0,28.0,265,0.0,0.0
2024-01-08 00:00:00-05:00,30.799999237060547,30.799999237060547,26.719999313354492,28.0,56,0.0,0.0
2024-01-09 00:00:00-05:00,29.200000762939453,29.280000686645508,28.0,28.079999923706055,141,0.0,0.0
2024-01-10 00:00:00-05:00,24.15999984741211,31.920000076293945,24.15999984741211,29.520000457763672,333,0.0,0.0
2024-01-11 00:00:00-05:00,30.239999771118164,31.84000015258789,25.84000015258789,28.0,121,0.0,0.0
2024-01-12 00:00:00-05:00,25.84000015258789,29.280000686645508,25.84000015258789,26.0,240,0.0,0.0
2024-01-16 00:00:00-05:00,25.84000015258789,26.799999237060547,25.84000015258789,26.399999618530273,29,0.0,0.0
2024-01-17 00:00:00-05:00,25.84000015258789,30.31999969482422,25.84000015258789,26.0,23,0.0,0.0
2024-01-18 00:00:00-05:00,26.799999237060547,29.600000381469727,25.920000076293945,26.079999923706055,181,0.0,0.0
2024-01-19 00:00:00-05:00,26.639999389648438,27.200000762939453,25.920000076293945,25.920000076293945,86,0.0,0.0
2024-01-22 00:00:00-05:00,25.920000076293945,26.799999237060547,25.920000076293945,25.920000076293945,60,0.0,0.0
2024-01-23 00:00:00-05:00,25.920000076293945,26.799999237060547,25.920000076293945,26.399999618530273,49,0.0,0.0
2024-01-24 00:00:00-05:00,25.920000076293945,26.799999237060547,25.920000076293945,26.799999237060547,41,0.0,0.0
2024-01-25 00:00:00-05:00,26.0,26.0,26.0,26.0,13,0.0,0.0
2024-01-26 00:00:00-05:00,25.920000076293945,26.799999237060547,24.15999984741211,26.799999237060547,156,0.0,0.0
2024-01-29 00:00:00-05:00,28.0,28.0,24.239999771118164,25.600000381469727,16,0.0,0.0
2024-01-30 00:00:00-05:00,24.239999771118164,26.399999618530273,24.239999771118164,24.799999237060547,30,0.0,0.0
2024-01-31 00:00:00-05:00,26.15999984741211,26.15999984741211,24.239999771118164,24.799999237060547,36,0.0,0.0
2024-02-01 00:00:00-05:00,24.799999237060547,24.799999237060547,24.799999237060547,24.799999237060547,0,0.0,0.0
2024-02-02 00:00:00-05:00,24.15999984741211,24.15999984741211,24.15999984741211,24.15999984741211,4,0.0,0.0
2024-02-05 00:00:00-05:00,24.15999984741211,24.15999984741211,24.0,24.15999984741211,51,0.0,0.0
2024-02-06 00:00:00-05:00,24.0,24.079999923706055,24.0,24.0,16,0.0,0.0
2024-02-07 00:00:00-05:00,24.0,24.079999923706055,24.0,24.0,41,0.0,0.0
2024-02-08 00:00:00-05:00,24.799999237060547,39.20000076293945,24.639999389648438,32.0,3531,0.0,0.0
2024-02-09 00:00:00-05:00,32.0,32.0,28.0,30.399999618530273,306,0.0,0.0
2024-02-12 00:00:00-05:00,29.84000015258789,31.200000762939453,28.0,28.959999084472656,148,0.0,0.0
2024-02-13 00:00:00-05:00,28.0,28.0,25.600000381469727,25.84000015258789,238,0.0,0.0
2024-02-14 00:00:00-05:00,26.079999923706055,27.68000030517578,23.520000457763672,26.15999984741211,475,0.0,0.0
2024-02-15 00:00:00-05:00,25.600000381469727,34.2400016784668,25.600000381469727,32.959999084472656,2678,0.0,0.0
2024-02-16 00:00:00-05:00,35.599998474121094,40.79999923706055,33.439998626708984,36.560001373291016,4983,0.0,0.0
2024-02-20 00:00:00-05:00,35.439998626708984,38.400001525878906,30.239999771118164,32.0,748,0.0,0.0
2024-02-21 00:00:00-05:00,32.0,32.0,28.079999923706055,29.68000030517578,4604,0.0,0.0
2024-02-22 00:00:00-05:00,30.8799991607666,31.600000381469727,28.0,30.639999389648438,454,0.0,0.0
2024-02-23 00:00:00-05:00,30.399999618530273,32.31999969482422,30.399999618530273,30.399999618530273,854,0.0,0.0
2024-02-26 00:00:00-05:00,30.479999542236328,31.200000762939453,28.719999313354492,31.1200008392334,238,0.0,0.0
2024-02-27 00:00:00-05:00,32.79999923706055,36.0,25.84000015258789,35.119998931884766,2384,0.0,0.0
2024-02-28 00:00:00-05:00,36.0,36.79999923706055,28.799999237060547,28.959999084472656,3910,0.0,0.0
2024-02-29 00:00:00-05:00,25.760000228881836,28.959999084472656,24.799999237060547,24.799999237060547,4850,0.0,0.1
2024-03-01 00:00:00-05:00,24.8799991607666,28.79199981689453,24.0,26.079999923706055,2700,0.0,0.0
2024-03-04 00:00:00-05:00,24.719999313354492,26.0,23.920000076293945,25.440000534057617,2625,0.0,0.0
2024-03-05 00:00:00-05:00,25.520000457763672,26.239999771118164,19.040000915527344,21.040000915527344,549613,0.0,0.0
2024-03-06 00:00:00-05:00,18.399999618530273,19.600000381469727,16.079999923706055,16.88800048828125,28525,0.0,0.0
2024-03-07 00:00:00-05:00,16.8799991607666,16.8799991607666,13.359999656677246,15.119999885559082,17163,0.0,0.0
2024-03-08 00:00:00-05:00,14.704000473022461,16.31999969482422,14.640000343322754,15.199999809265137,11475,0.0,0.0
2024-03-11 00:00:00-04:00,15.119999885559082,15.359999656677246,13.920000076293945,15.199999809265137,6000,0.0,0.0
2024-03-12 00:00:00-04:00,18.15999984741211,24.799999237060547,15.039999961853027,17.200000762939453,829400,0.0,0.0
2024-03-13 00:00:00-04:00,15.600000381469727,16.799999237060547,14.399999618530273,15.199999809265137,28438,0.0,0.0
2024-03-14 00:00:00-04:00,14.720000267028809,14.720000267028809,13.520000457763672,13.920000076293945,6688,0.0,0.0
2024-03-15 00:00:00-04:00,13.520000457763672,14.479999542236328,12.720000267028809,14.319999694824219,4213,0.0,0.0
2024-03-18 00:00:00-04:00,13.84000015258789,13.84000015258789,12.175999641418457,12.640000343322754,6325,0.0,0.0
2024-03-19 00:00:00-04:00,12.15999984741211,13.119999885559082,11.039999961853027,12.5600004196167,6463,0.0,0.0
2024-03-20 00:00:00-04:00,12.319999694824219,13.199999809265137,12.0,12.960000038146973,5350,0.0,0.0
2024-03-21 00:00:00-04:00,12.960000038146973,13.84000015258789,12.399999618530273,12.800000190734863,5950,0.0,0.0
2024-03-22 00:00:00-04:00,12.399999618530273,13.279999732971191,12.399999618530273,12.880000114440918,2925,0.0,0.0
2024-03-25 00:00:00-04:00,12.399999618530273,13.039999961853027,12.064000129699707,12.399999618530273,4525,0.0,0.0
2024-03-26 00:00:00-04:00,12.239999771118164,12.720000267028809,10.640000343322754,11.199999809265137,9050,0.0,0.0
2024-03-27 00:00:00-04:00,10.720000267028809,10.720000267028809,9.600000381469727,10.239999771118164,3525,0.0,0.0
2024-03-28 00:00:00-04:00,10.319999694824219,10.960000038146973,10.319999694824219,10.720000267028809,2413,0.0,0.0
2024-04-01 00:00:00-04:00,10.720000267028809,10.880000114440918,10.312000274658203,10.600000381469727,1013,0.0,0.0
2024-04-02 00:00:00-04:00,10.800000190734863,10.800000190734863,10.02400016784668,10.079999923706055,300,0.0,0.0
2024-04-03 00:00:00-04:00,9.760000228881836,12.479999542236328,9.760000228881836,12.319999694824219,12788,0.0,0.0
2024-04-04 00:00:00-04:00,16.079999923706055,16.239999771118164,11.295999526977539,15.359999656677246,1052263,0.0,0.0
2024-04-05 00:00:00-04:00,13.920000076293945,17.84000015258789,13.760000228881836,16.799999237060547,51288,0.0,0.0
2024-04-08 00:00:00-04:00,15.4399995803833,15.760000228881836,14.399999618530273,14.960000038146973,11325,0.0,0.0
2024-04-09 00:00:00-04:00,15.279999732971191,15.279999732971191,12.15999984741211,13.039999961853027,3600,0.0,0.0
2024-04-10 00:00:00-04:00,11.84000015258789,12.960000038146973,11.680000305175781,12.399999618530273,2850,0.0,0.0
2024-04-11 00:00:00-04:00,13.680000305175781,13.680000305175781,12.239999771118164,12.960000038146973,3100,0.0,0.0
2024-04-12 00:00:00-04:00,13.119999885559082,13.4399995803833,12.399999618530273,13.119999885559082,925,0.0,0.0
2024-04-15 00:00:00-04:00,12.640000343322754,12.640000343322754,11.039999961853027,11.199999809265137,2388,0.0,0.0
2024-04-16 00:00:00-04:00,11.039999961853027,11.039999961853027,10.399999618530273,10.880000114440918,2513,0.0,0.0
2024-04-17 00:00:00-04:00,10.399999618530273,12.0,10.239999771118164,10.960000038146973,4575,0.0,0.0
2024-04-18 00:00:00-04:00,10.432000160217285,12.432000160217285,10.239999771118164,11.600000381469727,363438,0.0,0.0
2024-04-19 00:00:00-04:00,21.200000762939453,21.920000076293945,13.680000305175781,15.520000457763672,3935238,0.0,0.0
2024-04-22 00:00:00-04:00,14.319999694824219,14.319999694824219,12.399999618530273,12.720000267028809,99763,0.0,0.0
2024-04-23 00:00:00-04:00,12.720000267028809,14.800000190734863,12.0,13.760000228881836,348138,0.0,0.0
2024-04-24 00:00:00-04:00,12.5600004196167,13.920000076293945,12.15999984741211,12.15999984741211,27275,0.0,0.0
2024-04-25 00:00:00-04:00,11.920000076293945,12.239999771118164,10.5600004196167,11.920000076293945,16900,0.0,0.0
2024-04-26 00:00:00-04:00,12.479999542236328,14.239999771118164,11.359999656677246,13.520000457763672,84200,0.0,0.0
2024-04-29 00:00:00-04:00,13.520000457763672,14.399999618530273,12.079999923706055,13.119999885559082,27025,0.0,0.0
2024-04-30 00:00:00-04:00,12.960000038146973,13.119999885559082,12.399999618530273,12.815999984741211,10613,0.0,0.0
2024-05-01 00:00:00-04:00,12.640000343322754,13.911999702453613,11.600000381469727,13.199999809265137,50163,0.0,0.0
2024-05-02 00:00:00-04:00,13.359999656677246,14.800000190734863,12.399999618530273,14.039999961853027,49825,0.0,0.0
2024-05-03 00:00:00-04:00,13.600000381469727,13.600000381469727,12.640000343322754,12.800000190734863,13913,0.0,0.0
2024-05-06 00:00:00-04:00,13.119999885559082,13.119999885559082,11.84000015258789,11.920000076293945,8913,0.0,0.0
2024-05-07 00:00:00-04:00,12.880000114440918,12.880000114440918,11.4399995803833,11.600000381469727,3400,0.0,0.0
2024-05-08 00:00:00-04:00,11.359999656677246,11.960000038146973,11.119999885559082,11.4399995803833,5050,0.0,0.0
2024-05-09 00:00:00-04:00,11.199999809265137,11.744000434875488,11.199999809265137,11.359999656677246,988,0.0,0.0
2024-05-10 00:00:00-04:00,11.359999656677246,11.583999633789062,10.960000038146973,11.119999885559082,2488,0.0,0.0
2024-05-13 00:00:00-04:00,11.119999885559082,11.84000015258789,10.895999908447266,11.199999809265137,5213,0.0,0.0
2024-05-14 00:00:00-04:00,10.479999542236328,11.600000381469727,10.479999542236328,10.960000038146973,4000,0.0,0.0
2024-05-15 00:00:00-04:00,11.199999809265137,11.600000381469727,10.640000343322754,11.039999961853027,6700,0.0,0.0
2024-05-16 00:00:00-04:00,11.199999809265137,12.272000312805176,10.871999740600586,11.600000381469727,3850,0.0,0.0
2024-05-17 00:00:00-04:00,11.680000305175781,12.67199993133545,11.279999732971191,12.079999923706055,12225,0.0,0.0
2024-05-20 00:00:00-04:00,12.15999984741211,12.239999771118164,11.520000457763672,12.079999923706055,5888,0.0,0.0
2024-05-21 00:00:00-04:00,11.760000228881836,12.079999923706055,11.600000381469727,11.84000015258789,1875,0.0,0.0
2024-05-22 00:00:00-04:00,12.079999923706055,12.079999923706055,10.640000343322754,11.039999961853027,3025,0.0,0.0
2024-05-23 00:00:00-04:00,11.039999961853027,11.600000381469727,10.5600004196167,10.960000038146973,2938,0.0,0.0
2024-05-24 00:00:00-04:00,10.800000190734863,10.800000190734863,10.399999618530273,10.800000190734863,1563,0.0,0.0
2024-05-28 00:00:00-04:00,10.880000114440918,10.880000114440918,10.239999771118164,10.239999771118164,3700,0.0,0.0
2024-05-29 00:00:00-04:00,10.15999984741211,10.319999694824219,9.760000228881836,9.84000015258789,1263,0.0,0.0
2024-05-30 00:00:00-04:00,9.760000228881836,9.944000244140625,8.911999702453613,9.520000457763672,2113,0.0,0.0
2024-05-31 00:00:00-04:00,9.520000457763672,10.0,9.319999694824219,10.0,1000,0.0,0.0
2024-06-03 00:00:00-04:00,9.84000015258789,10.0,9.680000305175781,9.680000305175781,800,0.0,0.0
2024-06-04 00:00:00-04:00,9.600000381469727,9.600000381469727,8.815999984741211,8.960000038146973,838,0.0,0.0
2024-06-05 00:00:00-04:00,9.399999618530273,12.5600004196167,9.119999885559082,10.399999618530273,72838,0.0,0.0
2024-06-06 00:00:00-04:00,9.920000076293945,10.880000114440918,9.855999946594238,10.880000114440918,6138,0.0,0.0
2024-06-07 00:00:00-04:00,10.319999694824219,10.479999542236328,8.800000190734863,9.600000381469727,6100,0.0,0.0
2024-06-10 00:00:00-04:00,9.359999656677246,9.767999649047852,9.119999885559082,9.760000228881836,2663,0.0,0.0
2024-06-11 00:00:00-04:00,9.680000305175781,9.760000228881836,9.199999809265137,9.4399995803833,1400,0.0,0.0
2024-06-12 00:00:00-04:00,9.680000305175781,10.079999923706055,9.600000381469727,9.600000381469727,1788,0.0,0.0
2024-06-13 00:00:00-04:00,9.600000381469727,10.319999694824219,9.600000381469727,9.600000381469727,638,0.0,0.0
2024-06-14 00:00:00-04:00,9.279999732971191,10.0,8.071999549865723,9.520000457763672,3300,0.0,0.0
2024-06-17 00:00:00-04:00,9.600000381469727,9.600000381469727,9.199999809265137,9.199999809265137,1388,0.0,0.0
2024-06-18 00:00:00-04:00,9.199999809265137,9.600000381469727,9.119999885559082,9.199999809265137,925,0.0,0.0
2024-06-20 00:00:00-04:00,9.199999809265137,10.0,9.199999809265137,9.600000381469727,7050,0.0,0.0
2024-06-21 00:00:00-04:00,9.600000381469727,9.920000076293945,9.279999732971191,9.680000305175781,1613,0.0,0.0
2024-06-24 00:00:00-04:00,9.4399995803833,10.479999542236328,9.4399995803833,10.399999618530273,3213,0.0,0.0
2024-06-25 00:00:00-04:00,9.920000076293945,11.119999885559082,9.920000076293945,10.399999618530273,4050,0.0,0.0
2024-06-26 00:00:00-04:00,9.84000015258789,9.84000015258789,9.592000007629395,9.784000396728516,250,0.0,0.0
2024-06-27 00:00:00-04:00,9.84000015258789,10.239999771118164,9.84000015258789,10.239999771118164,388,0.0,0.0
2024-06-28 00:00:00-04:00,10.239999771118164,10.5600004196167,9.920000076293945,10.5600004196167,1738,0.0,0.0
2024-07-01 00:00:00-04:00,10.0,10.399999618530273,9.887999534606934,9.991999626159668,450,0.0,0.0
2024-07-02 00:00:00-04:00,9.807999610900879,10.319999694824219,9.600000381469727,9.920000076293945,413,0.0,0.0
2024-07-03 00:00:00-04:00,9.760000228881836,10.720000267028809,9.760000228881836,10.239999771118164,525,0.0,0.0
2024-07-05 00:00:00-04:00,10.0,10.0,9.680000305175781,9.84000015258789,663,0.0,0.0
2024-07-08 00:00:00-04:00,9.520000457763672,10.0,9.039999961853027,9.520000457763672,950,0.0,0.0
2024-07-09 00:00:00-04:00,10.0,10.0,8.800000190734863,9.520000457763672,1600,0.0,0.0
2024-07-10 00:00:00-04:00,9.359999656677246,9.680000305175781,9.199999809265137,9.4399995803833,200,0.0,0.0
2024-07-11 00:00:00-04:00,9.920000076293945,10.319999694824219,9.4399995803833,9.920000076293945,1775,0.0,0.0
2024-07-12 00:00:00-04:00,9.920000076293945,10.399999618530273,9.767999649047852,10.15999984741211,1338,0.0,0.0
2024-07-15 00:00:00-04:00,10.32800006866455,10.399999618530273,9.600000381469727,10.35200023651123,363,0.0,0.0
2024-07-16 00:00:00-04:00,10.239999771118164,10.479999542236328,9.760000228881836,10.479999542236328,925,0.0,0.0
2024-07-17 00:00:00-04:00,10.720000267028809,11.279999732971191,10.5600004196167,11.015999794006348,2975,0.0,0.0
2024-07-18 00:00:00-04:00,10.319999694824219,10.880000114440918,10.079999923706055,10.640000343322754,738,0.0,0.0
2024-07-19 00:00:00-04:00,10.319999694824219,10.399999618530273,9.199999809265137,9.199999809265137,5038,0.0,0.0
2024-07-22 00:00:00-04:00,9.199999809265137,9.727999687194824,8.479999542236328,9.199999809265137,1938,0.0,0.0
2024-07-23 00:00:00-04:00,9.199999809265137,10.208000183105469,8.800000190734863,10.208000183105469,1188,0.0,0.0
2024-07-24 00:00:00-04:00,10.079999923706055,10.079999923706055,10.079999923706055,10.079999923706055,250,0.0,0.0
2024-07-25 00:00:00-04:00,9.119999885559082,10.079999923706055,9.119999885559082,9.600000381469727,288,0.0,0.0
2024-07-26 00:00:00-04:00,9.359999656677246,9.600000381469727,9.119999885559082,9.520000457763672,1150,0.0,0.0
2024-07-29 00:00:00-04:00,9.600000381469727,9.600000381469727,9.039999961853027,9.4399995803833,888,0.0,0.0
2024-07-30 00:00:00-04:00,9.359999656677246,9.359999656677246,8.960000038146973,9.239999771118164,725,0.0,0.0
2024-07-31 00:00:00-04:00,9.119999885559082,9.192000389099121,8.880000114440918,9.039999961853027,1100,0.0,0.0
2024-08-01 00:00:00-04:00,9.039999961853027,9.119999885559082,8.800000190734863,8.800000190734863,725,0.0,0.0
2024-08-02 00:00:00-04:00,8.496000289916992,8.880000114440918,8.239999771118164,8.239999771118164,4050,0.0,0.0
2024-08-05 00:00:00-04:00,8.0,8.807999610900879,8.0,8.5600004196167,1463,0.0,0.0
2024-08-06 00:00:00-04:00,8.791999816894531,8.800000190734863,8.5600004196167,8.720000267028809,259413,0.0,0.0
2024-08-07 00:00:00-04:00,12.319999694824219,13.600000381469727,9.359999656677246,11.4399995803833,3075025,0.0,0.0
2024-08-08 00:00:00-04:00,11.680000305175781,14.079999923706055,11.4399995803833,12.399999618530273,135788,0.0,0.0
2024-08-09 00:00:00-04:00,12.640000343322754,13.520000457763672,12.248000144958496,12.472000122070312,32063,0.0,0.0
2024-08-12 00:00:00-04:00,12.15999984741211,12.15999984741211,10.0,10.15999984741211,8288,0.0,0.0
2024-08-13 00:00:00-04:00,9.920000076293945,10.399999618530273,9.600000381469727,10.0,5800,0.0,0.0
2024-08-14 00:00:00-04:00,9.847999572753906,10.079999923706055,9.600000381469727,10.079999923706055,4675,0.0,0.0
2024-08-15 00:00:00-04:00,9.680000305175781,10.399999618530273,9.680000305175781,10.399999618530273,2163,0.0,0.0
2024-08-16 00:00:00-04:00,9.520000457763672,11.600000381469727,9.520000457763672,10.5600004196167,3125,0.0,0.0
2024-08-19 00:00:00-04:00,10.0,11.4399995803833,10.0,10.479999542236328,4863,0.0,0.0
2024-08-20 00:00:00-04:00,10.479999542236328,10.960000038146973,10.399999618530273,10.640000343322754,963,0.0,0.0
2024-08-21 00:00:00-04:00,10.479999542236328,10.5600004196167,10.15999984741211,10.399999618530273,1475,0.0,0.0
2024-08-22 00:00:00-04:00,10.095999717712402,10.640000343322754,10.095999717712402,10.640000343322754,575,0.0,0.0
2024-08-23 00:00:00-04:00,10.479999542236328,11.199999809265137,10.399999618530273,11.199999809265137,1863,0.0,0.0
2024-08-26 00:00:00-04:00,10.880000114440918,11.199999809265137,10.239999771118164,10.800000190734863,2700,0.0,0.0
2024-08-27 00:00:00-04:00,11.279999732971191,11.279999732971191,10.399999618530273,10.640000343322754,538,0.0,0.0
2024-08-28 00:00:00-04:00,10.15999984741211,11.751999855041504,10.15999984741211,11.4399995803833,3675,0.0,0.0
2024-08-29 00:00:00-04:00,11.119999885559082,11.600000381469727,10.800000190734863,11.600000381469727,525,0.0,0.0
2024-08-30 00:00:00-04:00,11.359999656677246,11.520000457763672,10.880000114440918,11.199999809265137,538,0.0,0.0
2024-09-03 00:00:00-04:00,10.727999687194824,11.84000015258789,10.727999687194824,11.760000228881836,938,0.0,0.0
2024-09-04 00:00:00-04:00,11.279999732971191,11.760000228881836,11.184000015258789,11.184000015258789,238,0.0,0.0
2024-09-05 00:00:00-04:00,11.199999809265137,11.255999565124512,10.687999725341797,10.687999725341797,188,0.0,0.0
2024-09-06 00:00:00-04:00,10.800000190734863,11.84000015258789,8.960000038146973,10.15999984741211,2088,0.0,0.0
2024-09-09 00:00:00-04:00,10.720000267028809,11.152000427246094,9.920000076293945,9.920000076293945,513,0.0,0.0
2024-09-10 00:00:00-04:00,10.0,10.640000343322754,9.920000076293945,10.5600004196167,238,0.0,0.0
2024-09-11 00:00:00-04:00,11.680000305175781,11.680000305175781,10.15999984741211,10.5600004196167,650,0.0,0.0
2024-09-12 00:00:00-04:00,10.5600004196167,11.119999885559082,10.479999542236328,10.479999542236328,525,0.0,0.0
2024-09-13 00:00:00-04:00,10.5600004196167,10.583999633789062,9.680000305175781,10.15999984741211,1925,0.0,0.0
2024-09-16 00:00:00-04:00,10.319999694824219,11.199999809265137,9.600000381469727,10.399999618530273,1188,0.0,0.0
2024-09-17 00:00:00-04:00,10.239999771118164,10.960000038146973,10.0,10.0,463,0.0,0.0
2024-09-18 00:00:00-04:00,10.399999618530273,10.399999618530273,9.84000015258789,10.0,725,0.0,0.0
2024-09-19 00:00:00-04:00,10.079999923706055,10.319999694824219,10.079999923706055,10.239999771118164,438,0.0,0.0
2024-09-20 00:00:00-04:00,10.479999542236328,10.479999542236328,9.84000015258789,9.968000411987305,500,0.0,0.0
2024-09-23 00:00:00-04:00,10.295999526977539,10.319999694824219,10.239999771118164,10.319999694824219,150,0.0,0.0
2024-09-24 00:00:00-04:00,10.479999542236328,11.039999961853027,10.479999542236328,10.760000228881836,2625,0.0,0.0
2024-09-25 00:00:00-04:00,10.800000190734863,10.800000190734863,10.399999618530273,10.48799991607666,688,0.0,0.0
2024-09-26 00:00:00-04:00,10.5600004196167,10.960000038146973,10.175999641418457,10.800000190734863,625,0.0,0.0
2024-09-27 00:00:00-04:00,10.760000228881836,11.064000129699707,10.239999771118164,10.760000228881836,597888,0.0,0.0
2024-09-30 00:00:00-04:00,17.600000381469727,19.84000015258789,15.520000457763672,19.68000030517578,4620588,0.0,0.0
2024-10-01 00:00:00-04:00,16.959999084472656,22.479999542236328,16.239999771118164,21.280000686645508,255063,0.0,0.0
2024-10-02 00:00:00-04:00,19.520000457763672,23.760000228881836,18.719999313354492,19.200000762939453,89288,0.0,0.0
2024-10-03 00:00:00-04:00,17.1200008392334,21.440000534057617,16.399999618530273,20.399999618530273,57838,0.0,0.0
2024-10-04 00:00:00-04:00,19.760000228881836,20.399999618530273,18.488000869750977,19.719999313354492,11650,0.0,0.0
2024-10-07 00:00:00-04:00,19.760000228881836,19.760000228881836,17.280000686645508,17.84000015258789,10975,0.0,0.0
2024-10-08 00:00:00-04:00,17.600000381469727,18.639999389648438,16.959999084472656,18.0,17888,0.0,0.0
2024-10-09 00:00:00-04:00,17.600000381469727,18.15999984741211,17.423999786376953,17.520000457763672,4613,0.0,0.0
2024-10-10 00:00:00-04:00,17.040000915527344,17.920000076293945,15.279999732971191,15.359999656677246,11388,0.0,0.0
2024-10-11 00:00:00-04:00,15.279999732971191,15.520000457763672,14.5600004196167,15.279999732971191,24200,0.0,0.0
2024-10-14 00:00:00-04:00,15.359999656677246,17.200000762939453,15.359999656677246,15.920000076293945,15938,0.0,0.0
2024-10-15 00:00:00-04:00,15.84000015258789,16.079999923706055,14.720000267028809,14.720000267028809,2713,0.0,0.0
2024-10-16 00:00:00-04:00,14.800000190734863,14.800000190734863,13.600000381469727,13.960000038146973,2850,0.0,0.0
2024-10-17 00:00:00-04:00,14.239999771118164,14.479999542236328,12.239999771118164,12.239999771118164,2225,0.0,0.0
2024-10-18 00:00:00-04:00,12.079999923706055,12.399999618530273,12.079999923706055,12.255999565124512,300,0.0,0.0
2024-10-21 00:00:00-04:00,13.4399995803833,14.239999771118164,12.239999771118164,12.640000343322754,2913,0.0,0.0
2024-10-22 00:00:00-04:00,12.0,12.880000114440918,11.4399995803833,12.399999618530273,1538,0.0,0.0
2024-10-23 00:00:00-04:00,11.680000305175781,13.279999732971191,11.680000305175781,12.079999923706055,2050,0.0,0.0
2024-10-24 00:00:00-04:00,11.279999732971191,11.944000244140625,11.279999732971191,11.600000381469727,663,0.0,0.0
2024-10-25 00:00:00-04:00,10.800000190734863,11.680000305175781,10.800000190734863,11.119999885559082,1075,0.0,0.0
2024-10-28 00:00:00-04:00,11.600000381469727,11.680000305175781,10.720000267028809,11.4399995803833,5925,0.0,0.0
2024-10-29 00:00:00-04:00,11.4399995803833,13.199999809265137,10.800000190734863,10.880000114440918,7113,0.0,0.0
2024-10-30 00:00:00-04:00,10.960000038146973,11.680000305175781,10.399999618530273,10.800000190734863,2150,0.0,0.0
2024-10-31 00:00:00-04:00,11.279999732971191,11.359999656677246,10.399999618530273,10.640000343322754,1288,0.0,0.0
2024-11-01 00:00:00-04:00,10.479999542236328,10.687999725341797,9.920000076293945,10.319999694824219,2225,0.0,0.0
2024-11-04 00:00:00-05:00,10.079999923706055,10.15999984741211,10.0,10.079999923706055,613,0.0,0.0
2024-11-05 00:00:00-05:00,10.319999694824219,10.5600004196167,10.079999923706055,10.399999618530273,1300,0.0,0.0
2024-11-06 00:00:00-05:00,10.399999618530273,10.640000343322754,9.84000015258789,9.84000015258789,2563,0.0,0.0
2024-11-07 00:00:00-05:00,9.84000015258789,10.239999771118164,9.784000396728516,10.239999771118164,438,0.0,0.0
2024-11-08 00:00:00-05:00,9.84000015258789,10.319999694824219,9.680000305175781,9.680000305175781,1238,0.0,0.0
2024-11-11 00:00:00-05:00,9.600000381469727,10.0,9.600000381469727,9.600000381469727,663,0.0,0.0
2024-11-12 00:00:00-05:00,9.359999656677246,10.239999771118164,9.359999656677246,9.600000381469727,1525,0.0,0.0
2024-11-13 00:00:00-05:00,9.760000228881836,10.15999984741211,9.680000305175781,9.680000305175781,1088,0.0,0.0
2024-11-14 00:00:00-05:00,10.039999961853027,10.239999771118164,9.760000228881836,10.0,363,0.0,0.0
2024-11-15 00:00:00-05:00,10.02400016784668,10.039999961853027,9.600000381469727,9.600000381469727,938,0.0,0.0
2024-11-18 00:00:00-05:00,9.279999732971191,9.279999732971191,8.479999542236328,8.960000038146973,1425,0.0,0.0
2024-11-19 00:00:00-05:00,8.880000114440918,8.880000114440918,8.479999542236328,8.880000114440918,650,0.0,0.0
2024-11-20 00:00:00-05:00,9.039999961853027,9.039999961853027,8.880000114440918,9.039999961853027,463,0.0,0.0
2024-11-21 00:00:00-05:00,9.039999961853027,9.279999732971191,8.399999618530273,8.479999542236328,1338,0.0,0.0
2024-11-22 00:00:00-05:00,8.479999542236328,8.5600004196167,8.239999771118164,8.479999542236328,688,0.0,0.0
2024-11-25 00:00:00-05:00,8.239999771118164,9.4399995803833,8.239999771118164,9.199999809265137,3025,0.0,0.0
2024-11-26 00:00:00-05:00,8.5600004196167,10.880000114440918,8.5600004196167,10.0,9813,0.0,0.0
2024-11-27 00:00:00-05:00,10.800000190734863,10.800000190734863,9.680000305175781,10.368000030517578,2088,0.0,0.0
2024-11-29 00:00:00-05:00,10.5600004196167,11.15999984741211,9.847999572753906,10.720000267028809,1713,0.0,0.0
2024-12-02 00:00:00-05:00,10.079999923706055,11.192000389099121,9.84000015258789,10.720000267028809,3638,0.0,0.0
2024-12-03 00:00:00-05:00,10.5600004196167,11.751999855041504,10.079999923706055,10.239999771118164,2400,0.0,0.0
2024-12-04 00:00:00-05:00,10.383999824523926,11.359999656677246,10.383999824523926,10.880000114440918,3575,0.0,0.0
2024-12-05 00:00:00-05:00,10.880000114440918,11.4399995803833,10.751999855041504,11.4399995803833,1825,0.0,0.0
2024-12-06 00:00:00-05:00,10.960000038146973,13.279999732971191,10.239999771118164,13.279999732971191,7100,0.0,0.0
2024-12-09 00:00:00-05:00,12.319999694824219,16.799999237060547,12.319999694824219,16.520000457763672,5863,0.0,0.0
2024-12-10 00:00:00-05:00,16.479999542236328,20.0,13.824000358581543,20.0,8013,0.0,0.0
2024-12-11 00:00:00-05:00,19.520000457763672,20.0,16.15999984741211,19.360000610351562,8763,0.0,0.0
2024-12-12 00:00:00-05:00,18.0,18.8799991607666,16.479999542236328,18.224000930786133,1388,0.0,0.0
2024-12-13 00:00:00-05:00,16.8799991607666,17.520000457763672,15.86400032043457,16.29599952697754,1625,0.0,0.0
2024-12-16 00:00:00-05:00,16.079999923706055,17.15999984741211,15.288000106811523,16.479999542236328,800,0.0,0.0
2024-12-17 00:00:00-05:00,15.631999969482422,16.152000427246094,15.039999961853027,16.152000427246094,825,0.0,0.0
2024-12-18 00:00:00-05:00,16.152000427246094,16.152000427246094,16.152000427246094,16.152000427246094,0,0.0,0.0
2024-12-19 00:00:00-05:00,15.279999732971191,15.680000305175781,15.119999885559082,15.53600025177002,663,0.0,0.0
2024-12-20 00:00:00-05:00,14.223999977111816,15.680000305175781,14.039999961853027,14.479999542236328,400,0.0,0.0
2024-12-23 00:00:00-05:00,15.239999771118164,15.239999771118164,14.479999542236328,14.800000190734863,263,0.0,0.0
2024-12-24 00:00:00-05:00,13.680000305175781,14.5600004196167,12.720000267028809,12.880000114440918,1850,0.0,0.0
2024-12-26 00:00:00-05:00,12.079999923706055,13.600000381469727,12.079999923706055,13.520000457763672,1638,0.0,0.0
2024-12-27 00:00:00-05:00,12.800000190734863,13.4399995803833,12.800000190734863,13.199999809265137,2850,0.0,0.0
2024-12-30 00:00:00-05:00,13.119999885559082,14.720000267028809,12.920000076293945,13.520000457763672,1188,0.0,0.0
2024-12-31 00:00:00-05:00,13.520000457763672,13.928000450134277,12.255999565124512,12.960000038146973,650,0.0,0.0
2025-01-02 00:00:00-05:00,13.600000381469727,13.600000381469727,13.600000381469727,13.600000381469727,88,0.0,0.0
2025-01-03 00:00:00-05:00,13.680000305175781,13.84000015258789,13.680000305175781,13.84000015258789,188,0.0,0.0
2025-01-06 00:00:00-05:00,13.279999732971191,15.199999809265137,13.279999732971191,14.720000267028809,4900,0.0,0.0
2025-01-07 00:00:00-05:00,13.920000076293945,18.239999771118164,13.920000076293945,15.600000381469727,4975,0.0,0.0
2025-01-08 00:00:00-05:00,15.520000457763672,15.600000381469727,14.479999542236328,14.880000114440918,700,0.0,0.0
2025-01-10 00:00:00-05:00,14.720000267028809,14.880000114440918,14.319999694824219,14.319999694824219,213,0.0,0.0
2025-01-13 00:00:00-05:00,14.079999923706055,14.079999923706055,13.680000305175781,14.0,225,0.0,0.0
2025-01-14 00:00:00-05:00,13.4399995803833,14.383999824523926,13.4399995803833,14.383999824523926,113,0.0,0.0
2025-01-15 00:00:00-05:00,13.600000381469727,13.600000381469727,10.640000343322754,11.359999656677246,3763,0.0,0.0
2025-01-16 00:00:00-05:00,10.479999542236328,12.880000114440918,10.479999542236328,11.279999732971191,2025,0.0,0.0
2025-01-17 00:00:00-05:00,12.15999984741211,12.399999618530273,11.359999656677246,11.84000015258789,863,0.0,0.0
2025-01-21 00:00:00-05:00,11.84000015258789,12.960000038146973,11.279999732971191,11.760000228881836,738,0.0,0.0
2025-01-22 00:00:00-05:00,11.84000015258789,11.84000015258789,10.880000114440918,10.880000114440918,1388,0.0,0.0
2025-01-23 00:00:00-05:00,12.199999809265137,12.199999809265137,11.223999977111816,11.223999977111816,813,0.0,0.0
2025-01-24 00:00:00-05:00,11.279999732971191,13.039999961853027,11.279999732971191,11.279999732971191,475,0.0,0.0
2025-01-27 00:00:00-05:00,11.920000076293945,11.920000076293945,11.359999656677246,11.359999656677246,325,0.0,0.0
2025-01-28 00:00:00-05:00,11.119999885559082,11.680000305175781,10.960000038146973,11.119999885559082,1100,0.0,0.0
2025-01-29 00:00:00-05:00,11.215999603271484,11.920000076293945,11.039999961853027,11.039999961853027,375,0.0,0.0
2025-01-30 00:00:00-05:00,12.368000030517578,12.368000030517578,11.208000183105469,11.208000183105469,488,0.0,0.0
2025-01-31 00:00:00-05:00,11.279999732971191,12.0,11.199999809265137,11.199999809265137,788,0.0,0.0
2025-02-03 00:00:00-05:00,11.119999885559082,12.079999923706055,10.720000267028809,12.079999923706055,550,0.0,0.0
2025-02-04 00:00:00-05:00,11.319999694824219,12.0,11.319999694824219,12.0,250,0.0,0.0
2025-02-05 00:00:00-05:00,11.640000343322754,11.640000343322754,11.640000343322754,11.640000343322754,88,0.0,0.0
2025-02-06 00:00:00-05:00,11.640000343322754,11.640000343322754,11.640000343322754,11.640000343322754,0,0.0,0.0
2025-02-07 00:00:00-05:00,10.984000205993652,11.600000381469727,10.855999946594238,11.600000381469727,625,0.0,0.0
2025-02-10 00:00:00-05:00,11.600000381469727,11.600000381469727,11.199999809265137,11.199999809265137,175,0.0,0.0
2025-02-11 00:00:00-05:00,11.039999961853027,11.600000381469727,11.039999961853027,11.600000381469727,225,0.0,0.0
2025-02-12 00:00:00-05:00,11.479999542236328,11.479999542236328,11.119999885559082,11.119999885559082,63,0.0,0.0
2025-02-13 00:00:00-05:00,11.583999633789062,11.583999633789062,11.583999633789062,11.583999633789062,38,0.0,0.0
2025-02-14 00:00:00-05:00,11.152000427246094,11.152000427246094,10.960000038146973,11.119999885559082,125,0.0,0.0
2025-02-18 00:00:00-05:00,10.880000114440918,10.880000114440918,10.880000114440918,10.880000114440918,13,0.0,0.0
2025-02-19 00:00:00-05:00,10.960000038146973,11.600000381469727,10.935999870300293,11.119999885559082,600,0.0,0.0
2025-02-20 00:00:00-05:00,12.0,12.0,11.039999961853027,11.520000457763672,88,0.0,0.0
2025-02-21 00:00:00-05:00,11.199999809265137,11.520000457763672,11.112000465393066,11.119999885559082,1250,0.0,0.0
2025-02-24 00:00:00-05:00,10.880000114440918,10.880000114440918,10.880000114440918,10.880000114440918,213,0.0,0.0
2025-02-25 00:00:00-05:00,10.880000114440918,12.720000267028809,9.600000381469727,9.760000228881836,5175,0.0,0.0
2025-02-26 00:00:00-05:00,10.4399995803833,10.631999969482422,9.84000015258789,9.84000015258789,413,0.0,0.0
2025-02-27 00:00:00-05:00,10.239999771118164,10.239999771118164,9.84000015258789,9.84000015258789,213,0.0,0.0
2025-02-28 00:00:00-05:00,10.479999542236328,10.479999542236328,9.760000228881836,9.760000228881836,113,0.0,0.0
2025-03-03 00:00:00-05:00,9.760000228881836,9.760000228881836,9.760000228881836,9.760000228881836,0,0.0,0.0
2025-03-04 00:00:00-05:00,9.680000305175781,10.239999771118164,9.600000381469727,10.239999771118164,525,0.0,0.0
2025-03-05 00:00:00-05:00,10.239999771118164,10.239999771118164,10.239999771118164,10.239999771118164,0,0.0,0.0
2025-03-06 00:00:00-05:00,10.640000343322754,10.704000473022461,10.399999618530273,10.399999618530273,63,0.0,0.0
2025-03-07 00:00:00-05:00,10.479999542236328,10.479999542236328,9.600000381469727,9.600000381469727,575,0.0,0.0
2025-03-10 00:00:00-04:00,10.720000267028809,12.239999771118164,9.751999855041504,10.319999694824219,763,0.0,0.0
2025-03-11 00:00:00-04:00,10.479999542236328,11.119999885559082,9.680000305175781,10.479999542236328,475,0.0,0.0
2025-03-12 00:00:00-04:00,9.920000076293945,9.960000038146973,9.920000076293945,9.960000038146973,163,0.0,0.0
2025-03-13 00:00:00-04:00,10.079999923706055,10.079999923706055,9.600000381469727,9.600000381469727,163,0.0,0.0
2025-03-14 00:00:00-04:00,9.600000381469727,10.479999542236328,9.600000381469727,9.607999801635742,1388,0.0,0.0
2025-03-17 00:00:00-04:00,9.600000381469727,11.039999961853027,9.600000381469727,9.600000381469727,1125,0.0,0.0
2025-03-18 00:00:00-04:00,10.15999984741211,10.15999984741211,10.0,10.071999549865723,538,0.0,0.0
2025-03-19 00:00:00-04:00,9.711999893188477,9.711999893188477,9.600000381469727,9.600000381469727,200,0.0,0.0
2025-03-20 00:00:00-04:00,9.600000381469727,10.319999694824219,9.600000381469727,10.319999694824219,113,0.0,0.0
2025-03-21 00:00:00-04:00,9.920000076293945,10.239999771118164,9.760000228881836,10.239999771118164,100,0.0,0.0
2025-03-24 00:00:00-04:00,10.640000343322754,10.640000343322754,10.640000343322754,10.640000343322754,100,0.0,0.0
2025-03-25 00:00:00-04:00,9.84000015258789,10.640000343322754,9.84000015258789,10.15999984741211,625,0.0,0.0
2025-03-26 00:00:00-04:00,10.711999893188477,10.711999893188477,10.399999618530273,10.399999618530273,288,0.0,0.0
2025-03-27 00:00:00-04:00,10.479999542236328,10.640000343322754,9.600000381469727,10.479999542236328,1025,0.0,0.0
2025-03-28 00:00:00-04:00,10.15999984741211,10.239999771118164,9.920000076293945,9.920000076293945,450,0.0,0.0
2025-03-31 00:00:00-04:00,9.680000305175781,10.239999771118164,9.680000305175781,10.239999771118164,488,0.0,0.0
2025-04-01 00:00:00-04:00,9.600000381469727,10.079999923706055,9.600000381469727,9.920000076293945,600,0.0,0.0
2025-04-02 00:00:00-04:00,10.239999771118164,10.399999618530273,9.600000381469727,10.15999984741211,1600,0.0,0.0
2025-04-03 00:00:00-04:00,10.640000343322754,11.680000305175781,9.600000381469727,11.039999961853027,2125,0.0,0.0
2025-04-04 00:00:00-04:00,10.399999618530273,11.199999809265137,10.399999618530273,10.399999618530273,425,0.0,0.0
2025-04-07 00:00:00-04:00,9.84000015258789,10.319999694824219,9.760000228881836,10.319999694824219,163,0.0,0.0
2025-04-08 00:00:00-04:00,10.319999694824219,10.319999694824219,10.319999694824219,10.319999694824219,25,0.0,0.0
2025-04-09 00:00:00-04:00,9.84000015258789,10.479999542236328,9.760000228881836,10.479999542236328,325,0.0,0.0
2025-04-10 00:00:00-04:00,9.760000228881836,10.479999542236328,9.600000381469727,10.479999542236328,188,0.0,0.0
2025-04-11 00:00:00-04:00,10.479999542236328,10.479999542236328,10.479999542236328,10.479999542236328,0,0.0,0.0
2025-04-14 00:00:00-04:00,9.600000381469727,10.15999984741211,9.600000381469727,10.15999984741211,438,0.0,0.0
2025-04-15 00:00:00-04:00,9.600000381469727,10.0,9.600000381469727,10.0,150,0.0,0.0
2025-04-16 00:00:00-04:00,9.600000381469727,9.600000381469727,9.600000381469727,9.600000381469727,313,0.0,0.0
2025-04-17 00:00:00-04:00,8.880000114440918,9.520000457763672,8.800000190734863,9.520000457763672,50,0.0,0.0
2025-04-21 00:00:00-04:00,9.520000457763672,9.520000457763672,9.520000457763672,9.520000457763672,0,0.0,0.0
2025-04-22 00:00:00-04:00,9.039999961853027,10.208000183105469,9.039999961853027,9.199999809265137,175,0.0,0.0
2025-04-23 00:00:00-04:00,9.520000457763672,9.520000457763672,8.640000343322754,8.640000343322754,288,0.0,0.0
2025-04-24 00:00:00-04:00,8.720000267028809,10.239999771118164,8.720000267028809,9.359999656677246,7550,0.0,0.0
2025-04-25 00:00:00-04:00,9.359999656677246,9.359999656677246,9.039999961853027,9.039999961853027,313,0.0,0.0
2025-04-28 00:00:00-04:00,8.800000190734863,9.600000381469727,8.640000343322754,9.600000381469727,700,0.0,0.0
2025-04-29 00:00:00-04:00,8.720000267028809,8.960000038146973,8.472000122070312,8.880000114440918,138,0.0,0.0
2025-04-30 00:00:00-04:00,8.5600004196167,9.680000305175781,8.503999710083008,9.4399995803833,238,0.0,0.0
2025-05-01 00:00:00-04:00,9.199999809265137,9.520000457763672,9.199999809265137,9.199999809265137,263,0.0,0.0
2025-05-02 00:00:00-04:00,9.199999809265137,9.199999809265137,9.199999809265137,9.199999809265137,0,0.0,0.0
2025-05-05 00:00:00-04:00,9.199999809265137,9.199999809265137,9.199999809265137,9.199999809265137,0,0.0,0.0
2025-05-06 00:00:00-04:00,9.039999961853027,10.5600004196167,7.599999904632568,10.399999618530273,5213,0.0,0.0
2025-05-07 00:00:00-04:00,10.079999923706055,10.079999923706055,9.119999885559082,9.472000122070312,438,0.0,0.0
2025-05-08 00:00:00-04:00,8.815999984741211,10.319999694824219,8.815999984741211,9.039999961853027,2063,0.0,0.0
2025-05-09 00:00:00-04:00,9.272000312805176,10.239999771118164,9.039999961853027,9.119999885559082,4150,0.0,0.0
2025-05-12 00:00:00-04:00,9.128000259399414,9.199999809265137,9.128000259399414,9.199999809265137,175,0.0,0.0
2025-05-13 00:00:00-04:00,9.359999656677246,10.319999694824219,9.359999656677246,9.359999656677246,1400,0.0,0.0
2025-05-14 00:00:00-04:00,9.199999809265137,9.199999809265137,9.199999809265137,9.199999809265137,300,0.0,0.0
2025-05-15 00:00:00-04:00,10.168000221252441,10.279999732971191,9.279999732971191,10.279999732971191,1163,0.0,0.0
2025-05-16 00:00:00-04:00,10.279999732971191,10.279999732971191,10.279999732971191,10.279999732971191,0,0.0,0.0
2025-05-19 00:00:00-04:00,9.800000190734863,10.239999771118164,9.503999710083008,10.239999771118164,113,0.0,0.0
2025-05-20 00:00:00-04:00,9.807999610900879,9.807999610900879,9.807999610900879,9.807999610900879,38,0.0,0.0
2025-05-21 00:00:00-04:00,10.319999694824219,10.319999694824219,10.319999694824219,10.319999694824219,38,0.0,0.0
2025-05-22 00:00:00-04:00,10.239999771118164,10.239999771118164,9.319999694824219,9.319999694824219,138,0.0,0.0
2025-05-23 00:00:00-04:00,9.199999809265137,9.359999656677246,9.199999809265137,9.199999809265137,375,0.0,0.0
2025-05-27 00:00:00-04:00,9.199999809265137,9.199999809265137,9.199999809265137,9.199999809265137,0,0.0,0.0
2025-05-28 00:00:00-04:00,9.119999885559082,9.279999732971191,8.800000190734863,8.800000190734863,250,0.0,0.0
2025-05-29 00:00:00-04:00,9.279999732971191,9.279999732971191,8.880000114440918,8.928000450134277,638,0.0,0.0
2025-05-30 00:00:00-04:00,9.279999732971191,9.279999732971191,9.279999732971191,9.279999732971191,113,0.0,0.0
2025-06-02 00:00:00-04:00,10.079999923706055,10.079999923706055,8.479999542236328,9.520000457763672,388,0.0,0.0
2025-06-03 00:00:00-04:00,9.119999885559082,9.4399995803833,8.15999984741211,8.960000038146973,625,0.0,0.0
2025-06-04 00:00:00-04:00,8.960000038146973,8.960000038146973,8.960000038146973,8.960000038146973,38,0.0,0.0
2025-06-05 00:00:00-04:00,8.62399959564209,8.640000343322754,8.5600004196167,8.5600004196167,263,0.0,0.0
2025-06-06 00:00:00-04:00,8.15999984741211,8.607999801635742,8.15999984741211,8.607999801635742,63,0.0,0.0
2025-06-09 00:00:00-04:00,9.760000228881836,9.920000076293945,9.199999809265137,9.84000015258789,3050,0.0,0.0
2025-06-10 00:00:00-04:00,10.319999694824219,10.880000114440918,10.0,10.640000343322754,154500,0.0,0.0
2025-06-11 00:00:00-04:00,10.239999771118164,10.600000381469727,8.319999694824219,8.319999694824219,229850,0.0,0.0
2025-06-12 00:00:00-04:00,9.359999656677246,11.279999732971191,8.960000038146973,10.5600004196167,287925,0.0,0.0
2025-06-13 00:00:00-04:00,9.600000381469727,10.079999923706055,9.199999809265137,9.199999809265137,326875,0.0,0.0
2025-06-16 00:00:00-04:00,9.199999809265137,10.800000190734863,9.199999809265137,9.760000228881836,37125,0.0,0.0
2025-06-17 00:00:00-04:00,9.760000228881836,10.800000190734863,9.520000457763672,10.319999694824219,13363,0.0,0.0
2025-06-18 00:00:00-04:00,10.0,10.640000343322754,9.600000381469727,9.760000228881836,160888,0.0,0.0
2025-06-20 00:00:00-04:00,10.5600004196167,12.184000015258789,10.239999771118164,11.760000228881836,39375,0.0,0.0
2025-06-23 00:00:00-04:00,11.600000381469727,11.920000076293945,10.0,10.0,18638,0.0,0.0
2025-06-24 00:00:00-04:00,9.039999961853027,10.0,8.4399995803833,9.039999961853027,246588,0.0,0.0
2025-06-25 00:00:00-04:00,9.991999626159668,9.991999626159668,8.720000267028809,9.680000305175781,41975,0.0,0.0
2025-06-26 00:00:00-04:00,10.15999984741211,10.239999771118164,9.520000457763672,9.680000305175781,13338,0.0,0.0
2025-06-27 00:00:00-04:00,9.4399995803833,9.680000305175781,8.960000038146973,9.119999885559082,12063,0.0,0.0
2025-06-30 00:00:00-04:00,9.039999961853027,10.319999694824219,8.960000038146973,9.680000305175781,15450,0.0,0.0
2025-07-01 00:00:00-04:00,10.399999618530273,10.407999992370605,8.800000190734863,9.279999732971191,18375,0.0,0.0
2025-07-02 00:00:00-04:00,9.4399995803833,9.600000381469727,8.960000038146973,9.359999656677246,4788,0.0,0.0
2025-07-03 00:00:00-04:00,9.359999656677246,9.600000381469727,9.279999732971191,9.359999656677246,763,0.0,0.0
2025-07-07 00:00:00-04:00,9.279999732971191,9.279999732971191,8.960000038146973,9.039999961853027,1875,0.0,0.0
2025-07-08 00:00:00-04:00,9.055999755859375,9.920000076293945,9.039999961853027,9.760000228881836,18413,0.0,0.0
2025-07-09 00:00:00-04:00,9.4399995803833,9.760000228881836,9.199999809265137,9.4399995803833,2900,0.0,0.0
2025-07-10 00:00:00-04:00,9.4399995803833,9.680000305175781,9.039999961853027,9.039999961853027,3463,0.0,0.0
2025-07-11 00:00:00-04:00,9.039999961853027,9.359999656677246,9.039999961853027,9.199999809265137,1175,0.0,0.0
2025-07-14 00:00:00-04:00,9.199999809265137,9.359999656677246,9.039999961853027,9.119999885559082,1588,0.0,0.0
2025-07-15 00:00:00-04:00,9.119999885559082,9.119999885559082,8.800000190734863,8.960000038146973,913,0.0,0.0
2025-07-16 00:00:00-04:00,8.960000038146973,9.119999885559082,8.960000038146973,9.039999961853027,238,0.0,0.0
2025-07-17 00:00:00-04:00,8.880000114440918,9.039999961853027,8.800000190734863,8.800000190734863,1825,0.0,0.0
2025-07-18 00:00:00-04:00,9.039999961853027,9.039999961853027,8.800000190734863,8.800000190734863,2913,0.0,0.0
2025-07-21 00:00:00-04:00,8.800000190734863,9.039999961853027,8.5600004196167,8.5600004196167,863,0.0,0.0
2025-07-22 00:00:00-04:00,8.720000267028809,9.359999656677246,8.15999984741211,8.399999618530273,8000,0.0,0.0
2025-07-23 00:00:00-04:00,8.5600004196167,8.86400032043457,8.319999694824219,8.319999694824219,1725,0.0,0.0
2025-07-24 00:00:00-04:00,8.48799991607666,9.920000076293945,8.319999694824219,8.479999542236328,21713,0.0,0.0
2025-07-25 00:00:00-04:00,8.5600004196167,9.4399995803833,8.239999771118164,8.239999771118164,17975,0.0,0.0
2025-07-28 00:00:00-04:00,8.239999771118164,8.4399995803833,8.079999923706055,8.239999771118164,988,0.0,0.0
2025-07-29 00:00:00-04:00,8.399999618530273,8.640000343322754,8.079999923706055,8.079999923706055,8475,0.0,0.0
2025-07-30 00:00:00-04:00,8.239999771118164,8.239999771118164,8.079999923706055,8.239999771118164,425,0.0,0.0
2025-07-31 00:00:00-04:00,8.15999984741211,8.239999771118164,8.079999923706055,8.215999603271484,375,0.0,0.0
2025-08-01 00:00:00-04:00,8.079999923706055,8.119999885559082,7.840000152587891,7.880000114440918,1338,0.0,0.0
2025-08-04 00:00:00-04:00,7.688000202178955,8.02400016784668,7.688000202178955,8.015999794006348,675,0.0,0.0
2025-08-05 00:00:00-04:00,8.15999984741211,8.319999694824219,7.688000202178955,7.688000202178955,775,0.0,0.0
2025-08-06 00:00:00-04:00,7.688000202178955,7.943999767303467,7.688000202178955,7.8480000495910645,500,0.0,0.0
2025-08-07 00:00:00-04:00,7.8480000495910645,7.8480000495910645,7.8480000495910645,7.8480000495910645,0,0.0,0.0
2025-08-08 00:00:00-04:00,7.688000202178955,7.74399995803833,7.688000202178955,7.688000202178955,675,0.0,0.0
2025-08-11 00:00:00-04:00,7.688000202178955,7.688000202178955,7.688000202178955,7.688000202178955,138,0.0,0.0
2025-08-12 00:00:00-04:00,7.9679999351501465,7.9679999351501465,7.688000202178955,7.688000202178955,350,0.0,0.0
2025-08-13 00:00:00-04:00,7.872000217437744,8.079999923706055,7.447999954223633,8.079999923706055,575,0.0,0.0
2025-08-14 00:00:00-04:00,8.079999923706055,8.079999923706055,7.199999809265137,7.760000228881836,725,0.0,0.0
2025-08-15 00:00:00-04:00,7.599999904632568,7.679999828338623,6.927999973297119,7.360000133514404,838,0.0,0.0
2025-08-18 00:00:00-04:00,7.440000057220459,7.440000057220459,7.360000133514404,7.360000133514404,75,0.0,0.0
2025-08-19 00:00:00-04:00,7.360000133514404,7.840000152587891,7.047999858856201,7.599999904632568,288,0.0,0.0
2025-08-20 00:00:00-04:00,7.064000129699707,7.111999988555908,6.880000114440918,7.111999988555908,388,0.0,0.0
2025-08-21 00:00:00-04:00,7.111999988555908,7.656000137329102,7.111999988555908,7.208000183105469,400,0.0,0.0
2025-08-22 00:00:00-04:00,7.599999904632568,7.599999904632568,6.9039998054504395,6.9039998054504395,38,0.0,0.0
2025-08-25 00:00:00-04:00,7.184000015258789,8.399999618530273,7.184000015258789,8.239999771118164,2475,0.0,0.0
2025-08-26 00:00:00-04:00,8.15999984741211,8.319999694824219,7.432000160217285,7.800000190734863,338,0.0,0.0
2025-08-27 00:00:00-04:00,7.800000190734863,8.239999771118164,7.607999801635742,7.840000152587891,150,0.0,0.0
2025-08-28 00:00:00-04:00,7.616000175476074,8.319999694824219,7.616000175476074,8.15999984741211,150,0.0,0.0
2025-08-29 00:00:00-04:00,7.855999946594238,8.5600004196167,7.760000228881836,8.008000373840332,600,0.0,0.0
2025-09-02 00:00:00-04:00,7.400000095367432,7.76800012588501,7.400000095367432,7.679999828338623,200,0.0,0.0
2025-09-03 00:00:00-04:00,8.0,8.0,7.679999828338623,7.679999828338623,150,0.0,0.0
2025-09-04 00:00:00-04:00,7.8480000495910645,8.552000045776367,7.8480000495910645,8.0,1113,0.0,0.0
2025-09-05 00:00:00-04:00,7.783999919891357,8.399999618530273,7.599999904632568,7.599999904632568,575,0.0,0.0
2025-09-08 00:00:00-04:00,7.9679999351501465,8.15999984741211,7.783999919891357,8.15999984741211,2700,0.0,0.0
2025-09-09 00:00:00-04:00,8.479999542236328,9.279999732971191,8.319999694824219,8.880000114440918,8100,0.0,0.0
2025-09-10 00:00:00-04:00,9.039999961853027,9.199999809265137,8.319999694824219,8.319999694824219,1938,0.0,0.0
2025-09-11 00:00:00-04:00,8.640000343322754,9.4399995803833,8.128000259399414,8.960000038146973,3200,0.0,0.0
2025-09-12 00:00:00-04:00,8.399999618530273,9.279999732971191,8.15999984741211,8.880000114440918,3463,0.0,0.0
2025-09-15 00:00:00-04:00,8.5600004196167,8.960000038146973,8.479999542236328,8.960000038146973,1100,0.0,0.0
2025-09-16 00:00:00-04:00,8.960000038146973,8.960000038146973,8.640000343322754,8.880000114440918,400,0.0,0.0
2025-09-17 00:00:00-04:00,8.928000450134277,9.119999885559082,8.928000450134277,9.119999885559082,238,0.0,0.0
2025-09-18 00:00:00-04:00,9.119999885559082,9.199999809265137,8.960000038146973,9.119999885559082,1600,0.0,0.0
2025-09-19 00:00:00-04:00,8.880000114440918,9.119999885559082,8.880000114440918,9.119999885559082,125,0.0,0.0
2025-09-22 00:00:00-04:00,9.119999885559082,9.119999885559082,8.960000038146973,8.984000205993652,1325,0.0,0.0
2025-09-23 00:00:00-04:00,8.935999870300293,9.520000457763672,8.5600004196167,8.5600004196167,1588,0.0,0.0
2025-09-24 00:00:00-04:00,9.432000160217285,9.432000160217285,8.663999557495117,9.37600040435791,1400,0.0,0.0
2025-09-25 00:00:00-04:00,9.279999732971191,9.279999732971191,8.800000190734863,9.039999961853027,1375,0.0,0.0
2025-09-26 00:00:00-04:00,8.720000267028809,9.199999809265137,8.720000267028809,8.800000190734863,1488,0.0,0.0
2025-09-29 00:00:00-04:00,9.208000183105469,9.359999656677246,9.199999809265137,9.208000183105469,2200,0.0,0.0
2025-09-30 00:00:00-04:00,9.35200023651123,9.84000015258789,9.119999885559082,9.199999809265137,6700,0.0,0.0
2025-10-01 00:00:00-04:00,9.055999755859375,9.359999656677246,8.800000190734863,9.119999885559082,17888,0.0,0.0
2025-10-02 00:00:00-04:00,9.199999809265137,9.600000381469727,9.039999961853027,9.600000381469727,10700,0.0,0.0
2025-10-03 00:00:00-04:00,9.407999992370605,10.079999923706055,9.407999992370605,10.0,3950,0.0,0.0
2025-10-06 00:00:00-04:00,10.319999694824219,10.399999618530273,9.520000457763672,9.600000381469727,7175,0.0,0.0
2025-10-07 00:00:00-04:00,9.359999656677246,9.84000015258789,9.199999809265137,9.279999732971191,1763,0.0,0.0
2025-10-08 00:00:00-04:00,9.199999809265137,9.359999656677246,9.039999961853027,9.039999961853027,1541475,0.0,0.0
2025-10-09 00:00:00-04:00,6.800000190734863,7.104000091552734,6.25600004196167,6.559999942779541,151950,0.0,0.0
2025-10-10 00:00:00-04:00,6.368000030517578,6.480000019073486,5.728000164031982,5.97599983215332,42975,0.0,0.0
2025-10-13 00:00:00-04:00,5.599999904632568,5.872000217437744,5.440000057220459,5.751999855041504,18850,0.0,0.0
2025-10-14 00:00:00-04:00,5.584000110626221,5.97599983215332,5.440000057220459,5.776000022888184,15500,0.0,0.0
2025-10-15 00:00:00-04:00,5.679999828338623,6.079999923706055,5.455999851226807,5.624000072479248,22450,0.0,0.0
2025-10-16 00:00:00-04:00,5.360000133514404,5.751999855041504,5.28000020980835,5.71999979019165,10950,0.0,0.0
2025-10-17 00:00:00-04:00,5.696000099182129,5.71999979019165,5.440000057220459,5.711999893188477,3013,0.0,0.0
2025-10-20 00:00:00-04:00,5.440000057220459,6.0,5.440000057220459,5.584000110626221,6900,0.0,0.0
2025-10-21 00:00:00-04:00,5.440000057220459,6.624000072479248,5.375999927520752,5.960000038146973,94525,0.0,0.0
2025-10-22 00:00:00-04:00,5.840000152587891,6.216000080108643,5.599999904632568,6.127999782562256,17050,0.0,0.0
2025-10-23 00:00:00-04:00,6.127999782562256,6.320000171661377,5.223999977111816,5.880000114440918,12000,0.0,0.0
2025-10-24 00:00:00-04:00,5.703999996185303,5.920000076293945,5.599999904632568,5.776000022888184,5113,0.0,0.0
2025-10-27 00:00:00-04:00,5.728000164031982,5.728000164031982,5.127999782562256,5.656000137329102,12988,0.0,0.0
2025-10-28 00:00:00-04:00,5.51200008392334,5.679999828338623,5.440000057220459,5.671999931335449,3138,0.0,0.0
2025-10-29 00:00:00-04:00,5.440000057220459,5.599999904632568,5.223999977111816,5.360000133514404,4338,0.0,0.0
2025-10-30 00:00:00-04:00,5.263999938964844,5.703999996185303,4.808000087738037,5.400000095367432,14175,0.0,0.0
2025-10-31 00:00:00-04:00,4.97599983215332,5.880000114440918,4.97599983215332,5.464000225067139,11563,0.0,0.0
2025-11-03 00:00:00-05:00,5.624000072479248,5.880000114440918,5.02400016784668,5.760000228881836,7750,0.0,0.0
2025-11-04 00:00:00-05:00,5.25600004196167,6.0320000648498535,5.176000118255615,5.863999843597412,5425,0.0,0.0
2025-11-05 00:00:00-05:00,5.28000020980835,5.855999946594238,5.28000020980835,5.664000034332275,1000,0.0,0.0
2025-11-06 00:00:00-05:00,5.4079999923706055,5.808000087738037,5.320000171661377,5.760000228881836,3525,0.0,0.0
2025-11-07 00:00:00-05:00,5.303999900817871,5.679999828338623,5.28000020980835,5.567999839782715,750,0.0,0.0
2025-11-10 00:00:00-05:00,5.28000020980835,5.440000057220459,5.28000020980835,5.288000106811523,788,0.0,0.0
2025-11-11 00:00:00-05:00,5.368000030517578,5.703999996185303,5.28000020980835,5.599999904632568,1463,0.0,0.0
2025-11-12 00:00:00-05:00,5.28000020980835,5.48799991607666,5.199999809265137,5.440000057220459,2150,0.0,0.0
2025-11-13 00:00:00-05:00,5.248000144958496,5.760000228881836,5.23199987411499,5.432000160217285,1325,0.0,0.0
2025-11-14 00:00:00-05:00,5.392000198364258,5.584000110626221,5.064000129699707,5.296000003814697,775,0.0,0.0
2025-11-17 00:00:00-05:00,5.039999961853027,5.296000003814697,4.8480000495910645,4.8480000495910645,1063,0.0,0.0
2025-11-18 00:00:00-05:00,4.800000190734863,5.504000186920166,4.535999774932861,4.808000087738037,4025,0.0,0.0
2025-11-19 00:00:00-05:00,5.056000232696533,5.4079999923706055,4.639999866485596,4.639999866485596,3438,0.0,0.0
2025-11-20 00:00:00-05:00,4.639999866485596,4.840000152587891,4.639999866485596,4.751999855041504,1825,0.0,0.0
2025-11-21 00:00:00-05:00,4.296000003814697,4.800000190734863,4.296000003814697,4.71999979019165,1213,0.0,0.0
2025-11-24 00:00:00-05:00,4.552000045776367,4.800000190734863,4.392000198364258,4.480000019073486,3238,0.0,0.0
2025-11-25 00:00:00-05:00,4.480000019073486,5.176000118255615,4.480000019073486,4.920000076293945,1800,0.0,0.0
2025-11-26 00:00:00-05:00,4.800000190734863,5.168000221252441,4.6479997634887695,5.168000221252441,1938,0.0,0.0
2025-11-28 00:00:00-05:00,4.952000141143799,5.328000068664551,4.736000061035156,5.328000068664551,2425,0.0,0.0
2025-12-01 00:00:00-05:00,5.104000091552734,5.311999797821045,4.9120001792907715,4.920000076293945,1550,0.0,0.0
2025-12-02 00:00:00-05:00,4.480000019073486,4.863999843597412,4.480000019073486,4.688000202178955,4125,0.0,0.0
2025-12-03 00:00:00-05:00,4.552000045776367,4.800000190734863,4.400000095367432,4.791999816894531,1038,0.0,0.0
2025-12-04 00:00:00-05:00,4.519999980926514,4.880000114440918,4.519999980926514,4.863999843597412,575,0.0,0.0
2025-12-05 00:00:00-05:00,4.559999942779541,5.271999835968018,4.480000019073486,5.271999835968018,2525,0.0,0.0
2025-12-08 00:00:00-05:00,4.960000038146973,5.02400016784668,4.808000087738037,4.960000038146973,538,0.0,0.0
2025-12-09 00:00:00-05:00,4.880000114440918,4.9120001792907715,4.639999866485596,4.808000087738037,213,0.0,0.0
2025-12-10 00:00:00-05:00,4.71999979019165,4.791999816894531,4.624000072479248,4.791999816894531,663,0.0,0.0
2025-12-11 00:00:00-05:00,4.920000076293945,4.920000076293945,4.656000137329102,4.9120001792907715,63,0.0,0.0
2025-12-12 00:00:00-05:00,4.943999767303467,4.97599983215332,4.800000190734863,4.800000190734863,275,0.0,0.0
2025-12-15 00:00:00-05:00,4.800000190734863,4.800000190734863,4.495999813079834,4.6479997634887695,900,0.0,0.0
2025-12-16 00:00:00-05:00,4.504000186920166,4.6479997634887695,4.1519999504089355,4.584000110626221,1425,0.0,0.0
2025-12-17 00:00:00-05:00,4.296000003814697,5.039999961853027,4.1519999504089355,4.567999839782715,4663,0.0,0.0
2025-12-18 00:00:00-05:00,4.400000095367432,4.800000190734863,4.0,4.800000190734863,4525,0.0,0.0
2025-12-19 00:00:00-05:00,3.8239998817443848,4.800000190734863,3.8239998817443848,4.800000190734863,4225,0.0,0.0
2025-12-22 00:00:00-05:00,4.320000171661377,4.760000228881836,4.320000171661377,4.751999855041504,650,0.0,0.0
2025-12-23 00:00:00-05:00,4.159999847412109,4.711999893188477,4.159999847412109,4.288000106811523,4225,0.0,0.0
2025-12-24 00:00:00-05:00,4.1519999504089355,4.495999813079834,3.680000066757202,4.23199987411499,1450,0.0,0.0
2025-12-26 00:00:00-05:00,4.159999847412109,4.199999809265137,3.815999984741211,4.072000026702881,131600,0.0,0.0
2025-12-29 00:00:00-05:00,4.679999828338623,6.343999862670898,2.808000087738037,3.624000072479248,310725,0.0,0.0
2025-12-30 00:00:00-05:00,3.615999937057495,5.920000076293945,3.615999937057495,4.9039998054504395,446875,0.0,0.0
2025-12-31 00:00:00-05:00,4.480000019073486,4.480000019073486,3.3519999980926514,3.5999999046325684,35225,0.0,0.0
2026-01-02 00:00:00-05:00,3.5999999046325684,3.9040000438690186,3.5999999046325684,3.864000082015991,4175,0.0,0.0
2026-01-05 00:00:00-05:00,3.9839999675750732,4.23199987411499,3.7360000610351562,4.199999809265137,6563,0.0,0.0
2026-01-06 00:00:00-05:00,4.0320000648498535,4.239999771118164,4.0320000648498535,4.191999912261963,975,0.0,0.0
2026-01-07 00:00:00-05:00,4.168000221252441,4.168000221252441,4.0,4.159999847412109,925,0.0,0.0
2026-01-08 00:00:00-05:00,4.1519999504089355,4.23199987411499,4.0,4.23199987411499,19775,0.0,0.0
2026-01-09 00:00:00-05:00,4.800000190734863,4.800000190734863,4.320000171661377,4.519999980926514,10150,0.0,0.0
2026-01-12 00:00:00-05:00,4.480000019073486,4.552000045776367,4.248000144958496,4.544000148773193,1688,0.0,0.0
2026-01-13 00:00:00-05:00,4.320000171661377,4.576000213623047,4.320000171661377,4.552000045776367,288,0.0,0.0
2026-01-14 00:00:00-05:00,4.23199987411499,4.552000045776367,4.23199987411499,4.400000095367432,375,0.0,0.0
2026-01-15 00:00:00-05:00,4.535999774932861,4.535999774932861,3.7039999961853027,3.7920000553131104,4775,0.0,0.0
2026-01-16 00:00:00-05:00,4.079999923706055,4.199999809265137,3.888000011444092,3.9839999675750732,238,0.0,0.0
2026-01-20 00:00:00-05:00,3.671999931335449,3.992000102996826,3.671999931335449,3.8239998817443848,1950,0.0,0.0
2026-01-21 00:00:00-05:00,3.8239998817443848,3.9200000762939453,3.759999990463257,3.799999952316284,1263,0.0,0.0
2026-01-22 00:00:00-05:00,3.752000093460083,3.808000087738037,3.4079999923706055,3.631999969482422,1963,0.0,0.0
2026-01-23 00:00:00-05:00,3.7679998874664307,3.799999952316284,3.440000057220459,3.5999999046325684,4363,0.0,0.0
2026-01-26 00:00:00-05:00,3.680000066757202,3.9040000438690186,3.5199999809265137,3.680000066757202,988,0.0,0.0
2026-01-27 00:00:00-05:00,3.503999948501587,3.680000066757202,3.328000068664551,3.4159998893737793,1363,0.0,0.0
2026-01-28 00:00:00-05:00,3.552000045776367,3.552000045776367,3.4159998893737793,3.4159998893737793,925,0.0,0.0
2026-01-29 00:00:00-05:00,3.631999969482422,4.311999797821045,3.503999948501587,3.759999990463257,6063,0.0,0.0
2026-01-30 00:00:00-05:00,3.7039999961853027,4.311999797821045,3.4159998893737793,3.8399999141693115,9400,0.0,0.0
2026-02-02 00:00:00-05:00,2.0480000972747803,4.288000106811523,2.0480000972747803,3.5999999046325684,34388,0.0,0.0
2026-02-03 00:00:00-05:00,3.496000051498413,3.808000087738037,3.0959999561309814,3.0959999561309814,588,0.0,0.0
2026-02-04 00:00:00-05:00,2.9600000381469727,7.760000228881836,2.247999906539917,3.0320000648498535,10494513,0.0,0.0
2026-02-05 00:00:00-05:00,2.4000000953674316,2.4159998893737793,1.8480000495910645,2.0160000324249268,286888,0.0,0.0
2026-02-06 00:00:00-05:00,1.8320000171661377,2.0,1.784000039100647,1.8960000276565552,83938,0.0,0.0
2026-02-09 00:00:00-05:00,1.8320000171661377,1.8480000495910645,1.6160000562667847,1.840000033378601,89175,0.0,0.0
2026-02-10 00:00:00-05:00,1.7280000448226929,2.1600000858306885,1.687999963760376,2.0320000648498535,106800,0.0,0.0
2026-02-11 00:00:00-05:00,2.1440000534057617,2.1440000534057617,1.5520000457763672,1.9520000219345093,121800,0.0,0.0
2026-02-12 00:00:00-05:00,1.9279999732971191,1.9919999837875366,1.7039999961853027,1.8079999685287476,31113,0.0,0.0
2026-02-13 00:00:00-05:00,1.7920000553131104,1.8079999685287476,1.5920000076293945,1.687999963760376,22775,0.0,0.0
2026-02-17 00:00:00-05:00,1.6959999799728394,1.840000033378601,1.4880000352859497,1.503999948501587,37388,0.0,0.0
2026-02-18 00:00:00-05:00,1.5520000457763672,1.6319999694824219,1.5199999809265137,1.5920000076293945,16025,0.0,0.0
2026-02-19 00:00:00-05:00,1.600000023841858,1.6480000019073486,1.5119999647140503,1.6239999532699585,11663,0.0,0.0
2026-02-20 00:00:00-05:00,1.5839999914169312,2.055999994277954,1.472000002861023,1.8480000495910645,90075,0.0,0.0
2026-02-23 00:00:00-05:00,1.74399995803833,1.840000033378601,1.6480000019073486,1.7999999523162842,10688,0.0,0.0
2026-02-24 00:00:00-05:00,1.8480000495910645,1.8799999952316284,1.6640000343322754,1.8320000171661377,19300,0.0,0.0
2026-02-25 00:00:00-05:00,1.687999963760376,2.0,1.687999963760376,1.9199999570846558,19538,0.0,0.0
2026-02-26 00:00:00-05:00,1.600000023841858,1.9199999570846558,1.600000023841858,1.7120000123977661,25125,0.0,0.0
2026-02-27 00:00:00-05:00,1.6640000343322754,1.7519999742507935,1.527999997138977,1.7359999418258667,21838,0.0,0.0
2026-03-02 00:00:00-05:00,1.4700000286102295,1.8700000047683716,1.4500000476837158,1.8550000190734863,37300,0.0,0.125
2026-03-03 00:00:00-05:00,1.7899999618530273,1.9299999475479126,1.5800000429153442,1.7200000286102295,81500,0.0,0.0
2026-03-04 00:00:00-05:00,1.6749999523162842,1.7599999904632568,1.6399999856948853,1.6699999570846558,21400,0.0,0.0
2026-03-05 00:00:00-05:00,1.6399999856948853,1.7999999523162842,1.6399999856948853,1.6799999475479126,5500,0.0,0.0
2026-03-06 00:00:00-05:00,1.6100000143051147,1.75,1.600000023841858,1.6200000047683716,24048,0.0,0.0
