Date,Open,High,Low,Close,Volume,Dividends,Stock Splits
2022-01-03 00:00:00-05:00,4.051302687249325,4.057000580578394,4.017114512164523,4.028510570526123,289200,0.0,0.0
2022-01-04 00:00:00-05:00,4.02281132927477,4.062697658721353,4.02281132927477,4.039905548095703,178200,0.0,0.0
2022-01-05 00:00:00-05:00,4.022809382983717,4.045601482582233,3.9658291339874268,3.9658291339874268,136800,0.0,0.0
2022-01-06 00:00:00-05:00,3.9316420555114746,4.0000183729317325,3.9316420555114746,3.9316420555114746,207000,0.0,0.0
2022-01-07 00:00:00-05:00,3.9259461075695103,3.9601342855628845,3.9259461075695103,3.9373421669006348,96600,0.0,0.0
2022-01-10 00:00:00-05:00,3.9316411779439275,3.9373390672721436,3.8803588154736204,3.9145469665527344,192500,0.0,0.0
2022-01-11 00:00:00-05:00,3.914548206883951,3.9430384776620397,3.8860582078092216,3.897454261779785,140200,0.0,0.0
2022-01-12 00:00:00-05:00,3.8917557024677865,3.9031517552773702,3.8746617591050763,3.880359649658203,172900,0.0,0.0
2022-01-13 00:00:00-05:00,3.8974540290348814,3.908850082324905,3.8632658691648105,3.874661922454834,178300,0.0,0.0
2022-01-14 00:00:00-05:00,3.8518701419162635,3.8689640874465447,3.834775924682617,3.834775924682617,191900,0.0,0.0
2022-01-18 00:00:00-05:00,3.846171491229452,3.9031517552773702,3.834775438419868,3.880359649658203,456200,0.0,0.0
2022-01-19 00:00:00-05:00,3.9145468469016347,3.9202450077589543,3.8803586968675075,3.903150796890259,247000,0.0,0.0
2022-01-20 00:00:00-05:00,3.91454913722309,3.960133363938978,3.8689649105072017,3.868964910507202,255200,0.0,0.0
2022-01-21 00:00:00-05:00,3.862650189498589,3.874129079527835,3.747861289206132,3.753600597381592,403700,0.049,0.0
2022-01-24 00:00:00-05:00,3.7306428515913783,3.736382433497886,3.5469803357580663,3.6445510387420654,583900,0.0,0.0
2022-01-25 00:00:00-05:00,3.6158532916771717,3.696205507985162,3.5986348227720346,3.6904659271240234,206400,0.0,0.0
2022-01-26 00:00:00-05:00,3.6904654788066242,3.7363812990830474,3.6904654788066242,3.713423252105713,118600,0.0,0.0
2022-01-27 00:00:00-05:00,3.713425027001829,3.742122394181219,3.7076857177729767,3.7191646099090576,141200,0.0,0.0
2022-01-28 00:00:00-05:00,3.730644343117158,3.776559922013127,3.6904680747439667,3.7593417167663574,128600,0.0,0.0
2022-01-31 00:00:00-05:00,3.7593404974089815,3.8511716254151196,3.742122024068656,3.8454320430755615,208300,0.0,0.0
2022-02-01 00:00:00-05:00,3.8569111655830763,3.885608531646696,3.810995598823977,3.879869222640991,271300,0.0,0.0
2022-02-02 00:00:00-05:00,3.8798671132194094,3.897085304553634,3.8052542209625244,3.8052542209625244,268900,0.0,0.0
2022-02-03 00:00:00-05:00,3.7937769358919264,3.7995162441983497,3.7363824844360347,3.736382484436035,243700,0.0,0.0
2022-02-04 00:00:00-05:00,3.730644343117158,3.776559922013127,3.730644343117158,3.7593417167663574,213400,0.0,0.0
2022-02-07 00:00:00-05:00,3.7593411423195513,3.788038237905248,3.7363833563796356,3.765080451965332,171200,0.0,0.0
2022-02-08 00:00:00-05:00,3.759341716766358,3.776559922013127,3.736383927318373,3.7593417167663574,247600,0.0,0.0
2022-02-09 00:00:00-05:00,3.770820035289509,3.7765593449352903,3.7593411423195513,3.765080451965332,185000,0.0,0.0
2022-02-10 00:00:00-05:00,3.7536007078649867,3.776558488599217,3.7134244547409168,3.7249033451080322,205600,0.0,0.0
2022-02-11 00:00:00-05:00,3.736382796915173,3.7536009969527573,3.633072501976245,3.6617698669433594,307400,0.0,0.0
2022-02-14 00:00:00-05:00,3.6502911773804856,3.6732489611513137,3.5871571351715232,3.615854501724243,309100,0.0,0.0
2022-02-15 00:00:00-05:00,3.6617690562080587,3.6962057223371203,3.656029475014068,3.667508363723755,237800,0.0,0.0
2022-02-16 00:00:00-05:00,3.673249147331653,3.6962069322661066,3.6502913623971986,3.678988456726074,183100,0.0,0.0
2022-02-17 00:00:00-05:00,3.6899770907610763,3.7015444058254525,3.655275145567948,3.666842460632324,108800,0.049,0.0
2022-02-18 00:00:00-05:00,3.66684345099752,3.68419429038704,3.6437088146204126,3.6726269721984863,202400,0.0,0.0
2022-02-22 00:00:00-05:00,3.649490868376627,3.649490868376627,3.5916543006896977,3.5916543006896973,160100,0.0,0.0
2022-02-23 00:00:00-05:00,3.6147889277644696,3.649490868376627,3.5858705060277503,3.5916543006896973,216500,0.0,0.0
2022-02-24 00:00:00-05:00,3.5569528314340753,3.5858709812164307,3.51068357115307,3.5858709812164307,207300,0.0,0.0
2022-02-25 00:00:00-05:00,3.5858708226648375,3.6957604488666562,3.5858708226648375,3.6841931343078613,209000,0.0,0.0
2022-02-28 00:00:00-05:00,3.6784096149217302,3.707327763425451,3.6263565615138864,3.6841931343078613,122200,0.0,0.0
2022-03-01 00:00:00-05:00,3.72467867282644,3.72467867282644,3.6668421031431837,3.6957602500915527,192600,0.0,0.0
2022-03-02 00:00:00-05:00,3.7073271295832817,3.730461754745542,3.7015436111859596,3.71311092376709,126600,0.0,0.0
2022-03-03 00:00:00-05:00,3.72467867282644,3.7304621919015064,3.689976731016486,3.6957602500915527,84600,0.0,0.0
2022-03-04 00:00:00-05:00,3.7015431996550725,3.7015431996550725,3.661057472229004,3.661057472229004,74400,0.0,0.0
2022-03-07 00:00:00-05:00,3.666842988418332,3.666842988418332,3.585871495526545,3.5974388122558594,156900,0.0,0.0
2022-03-08 00:00:00-05:00,3.5858715848259277,3.603222698245289,3.5569534301757817,3.5569534301757812,203400,0.0,0.0
2022-03-09 00:00:00-05:00,3.6032216142270834,3.609005133102522,3.5858705060277503,3.5916543006896973,67000,0.0,0.0
2022-03-10 00:00:00-05:00,3.5916555855138275,3.5916555855138275,3.5396025180816655,3.539602518081665,131100,0.0,0.0
2022-03-11 00:00:00-05:00,3.5627363942549857,3.5743037094654286,3.4991162984908244,3.5280344486236572,136400,0.0,0.0
2022-03-14 00:00:00-04:00,3.539602348611531,3.55116966573301,3.4007945431537903,3.4123618602752686,358200,0.0,0.0
2022-03-15 00:00:00-04:00,3.3892254175346275,3.435494661331177,3.383441624166835,3.4354946613311768,218300,0.0,0.0
2022-03-16 00:00:00-04:00,3.475981513429168,3.499116142820832,3.4297119788593045,3.487548828125,317300,0.0,0.0
2022-03-17 00:00:00-04:00,3.4991170441114123,3.5396025180816655,3.4875497264361104,3.539602518081665,256400,0.0,0.0
2022-03-18 00:00:00-04:00,3.5396008909958487,3.5743028280699476,3.5338173727100726,3.551168203353882,132000,0.0,0.0
2022-03-21 00:00:00-04:00,3.5627353910001975,3.597437326859573,3.5164661431876967,3.522249937057495,162900,0.0,0.0
2022-03-22 00:00:00-04:00,3.5338182837960446,3.562736434253539,3.5048998575519983,3.5453855991363525,191900,0.0,0.0
2022-03-23 00:00:00-04:00,3.550633150887101,3.5622936752738883,3.503991053339952,3.5098211765289307,266300,0.049,0.0
2022-03-24 00:00:00-04:00,3.509821489140994,3.5214820145663586,3.486500438290265,3.5039913654327393,137100,0.0,0.0
2022-03-25 00:00:00-04:00,3.49816018326522,3.5039905836815493,3.4573482143772933,3.4806692600250244,177600,0.0,0.0
2022-03-28 00:00:00-04:00,3.469008571953079,3.4806690942214895,3.4515179275548538,3.474838972091675,139900,0.0,0.0
2022-03-29 00:00:00-04:00,3.4456883375317675,3.5156517656001065,3.4456883375317675,3.4981608390808105,810700,0.0,0.0
2022-03-30 00:00:00-04:00,3.5039904167670906,3.5156509390355013,3.469008571953079,3.474838972091675,255800,0.0,0.0
2022-03-31 00:00:00-04:00,3.486500127755356,3.533142225302505,3.480669726557547,3.5098211765289307,564100,0.0,0.0
2022-04-01 00:00:00-04:00,3.544801402929095,3.5914434827557318,3.5331408829724356,3.5797829627990723,363900,0.0,0.0
2022-04-04 00:00:00-04:00,3.6031048828499093,3.620595806061803,3.5856142376468085,3.6147654056549072,658600,0.0,0.0
2022-04-05 00:00:00-04:00,3.608935965679431,3.6205964906893464,3.4923304375714297,3.4981608390808105,386000,0.0,0.0
2022-04-06 00:00:00-04:00,3.4923296164899003,3.4981600166284954,3.4281968830180327,3.474838972091675,682900,0.0,0.0
2022-04-07 00:00:00-04:00,3.381554499284932,3.381554499284932,3.2999305725097656,3.2999305725097656,642200,0.0,0.0
2022-04-08 00:00:00-04:00,3.2999315772481284,3.329083028259182,3.2999315772481284,3.3115921020507812,264100,0.0,0.0
2022-04-11 00:00:00-04:00,3.282439818726413,3.329081902159817,3.276609419292864,3.3057608604431152,315200,0.0,0.0
2022-04-12 00:00:00-04:00,3.3349126573157433,3.3698945045471187,3.323252134241551,3.369894504547119,208800,0.0,0.0
2022-04-13 00:00:00-04:00,3.3407433344085984,3.3407433344085984,3.2941012382507324,3.2941012382507324,347100,0.0,0.0
2022-04-14 00:00:00-04:00,3.305762088244659,3.3174226134338753,3.259119987487793,3.259119987487793,199500,0.0,0.0
2022-04-18 00:00:00-04:00,3.2591193848195963,3.2941009539185417,3.2474588617866145,3.253288984298706,418700,0.0,0.0
2022-04-19 00:00:00-04:00,3.2824409290485685,3.329083028259182,3.259119879443262,3.3115921020507812,374500,0.0,0.0
2022-04-20 00:00:00-04:00,3.340742311047358,3.340742311047358,3.2649487890040554,3.282439708709717,606700,0.0,0.0
2022-04-21 00:00:00-04:00,3.3112598766516763,3.3112598766516763,3.2583266816074334,3.2818524837493896,475000,0.049,0.0
2022-04-22 00:00:00-04:00,3.2818525515458385,3.2818525515458385,3.1818677501521995,3.2053935527801514,450400,0.0,0.0
2022-04-25 00:00:00-04:00,3.1701048488382235,3.2230380449759592,3.0701200474445844,3.2053935527801514,485200,0.0,0.0
2022-04-26 00:00:00-04:00,3.19951281006969,3.211275713470876,3.175987003267318,3.181868314743042,302300,0.0,0.0
2022-04-27 00:00:00-04:00,3.193630740635369,3.205393642277776,3.140697823469385,3.1759865283966064,305800,0.0,0.0
2022-04-28 00:00:00-04:00,3.170104067243934,3.181866965657748,3.140696961434208,3.1524598598480225,263900,0.0,0.0
2022-04-29 00:00:00-04:00,3.1465789409354157,3.1642234325408936,3.123053139094565,3.1642234325408936,276300,0.0,0.0
2022-05-02 00:00:00-04:00,3.18186826125734,3.1877498530839357,3.1289353370666504,3.1289353370666504,463500,0.0,0.0
2022-05-03 00:00:00-04:00,3.128934103843604,3.1524599009781733,3.0936454081417497,3.1406970024108887,344000,0.0,0.0
2022-05-04 00:00:00-04:00,3.1465796501624306,3.170105457305908,3.117172531457955,3.170105457305908,529300,0.0,0.0
2022-05-05 00:00:00-04:00,3.1465789638012436,3.1465789638012436,3.0760015577658137,3.0936460494995117,273300,0.0,0.0
2022-05-06 00:00:00-04:00,3.099527642067447,3.1112905441446594,3.0701202466495614,3.0877647399902344,282500,0.0,0.0
2022-05-09 00:00:00-04:00,3.0171860066888065,3.046593108783392,2.9995415210723877,2.9995415210723877,350000,0.0,0.0
2022-05-10 00:00:00-04:00,3.0230675137460645,3.0348304114474267,2.9818975120160993,3.0054233074188232,178000,0.0,0.0
2022-05-11 00:00:00-04:00,3.005422718736485,3.0701185031969915,2.993659823339161,3.0465927124023438,711400,0.0,0.0
2022-05-12 00:00:00-04:00,3.0524750223656607,3.0524750223656607,2.9642531457927404,2.970134735107422,177500,0.0,0.0
2022-05-13 00:00:00-04:00,3.034830808525641,3.034830808525641,3.0054237006494025,3.028949499130249,182400,0.0,0.0
2022-05-16 00:00:00-04:00,3.0465944708313675,3.0465944708313675,2.9995428620848923,3.02306866645813,139900,0.0,0.0
2022-05-17 00:00:00-04:00,3.04659302774979,3.04659302774979,2.993660133207617,3.017185926437378,258200,0.0,0.0
2022-05-18 00:00:00-04:00,3.011304497917909,3.011304497917909,2.9701344978029516,2.97601580619812,320400,0.0,0.0
2022-05-19 00:00:00-04:00,2.9818973159055533,3.0230673149278897,2.964252830289134,2.9995415210723877,155900,0.0,0.0
2022-05-20 00:00:00-04:00,3.0167632102966313,3.0167632102966313,2.9989478378349346,3.016763210296631,142400,0.049,0.0
2022-05-23 00:00:00-04:00,3.034578438827555,3.0405168010889136,2.998947415748802,3.028639793395996,199700,0.0,0.0
2022-05-24 00:00:00-04:00,3.0345788659285673,3.0345788659285673,2.969255172838454,3.016763210296631,343300,0.0,0.0
2022-05-25 00:00:00-04:00,2.998948668629575,3.034579706594026,2.998948668629575,3.022702693939209,169200,0.0,0.0
2022-05-26 00:00:00-04:00,3.046456508072484,3.1295955908931097,3.040517860571576,3.1236572265625,234200,0.0,0.0
2022-05-27 00:00:00-04:00,3.153350062081459,3.2246121431841237,3.153350062081459,3.2008581161499023,333300,0.0,0.0
2022-05-31 00:00:00-04:00,3.206795898757114,3.218672909067797,3.1355338368930203,3.1652262210845947,222600,0.0,0.0
2022-06-01 00:00:00-04:00,3.2127341945545926,3.2602422347951383,3.1771031643741834,3.18304181098938,241000,0.0,0.0
2022-06-02 00:00:00-04:00,3.2008584739477643,3.2424281674895585,3.1830430932658316,3.2067971229553223,298900,0.0,0.0
2022-06-03 00:00:00-04:00,3.206796838391024,3.2127352037012535,3.183042810809415,3.1949198246002197,68600,0.0,0.0
2022-06-06 00:00:00-04:00,3.206796764493627,3.2186737780107375,3.171165723942295,3.2008581161499023,79700,0.0,0.0
2022-06-07 00:00:00-04:00,3.194918510157801,3.194918510157801,3.1474104745401754,3.1889798641204834,139700,0.0,0.0
2022-06-08 00:00:00-04:00,3.194918821049516,3.200857184494456,3.171164800929243,3.18304181098938,106000,0.0,0.0
2022-06-09 00:00:00-04:00,3.1889804326319466,3.200857443653712,3.1117797194053316,3.1533493995666504,122300,0.0,0.0
2022-06-10 00:00:00-04:00,3.129594416941726,3.129594416941726,3.0405167200343897,3.0642707347869873,412300,0.0,0.0
2022-06-13 00:00:00-04:00,3.028640763787905,3.028640763787905,2.8920549899714754,2.939563035964966,762400,0.0,0.0
2022-06-14 00:00:00-04:00,2.945502135995912,2.981133175967193,2.9395634877488646,2.9692561626434326,381700,0.0,0.0
2022-06-15 00:00:00-04:00,3.0167637155879046,3.058333396911621,2.993009692880148,3.058333396911621,757900,0.0,0.0
2022-06-16 00:00:00-04:00,3.028639793395996,3.064270816474749,2.9633161094998495,3.028639793395996,352500,0.0,0.0
2022-06-17 00:00:00-04:00,3.00488788199893,3.0345805636068066,2.9573798179626465,2.9573798179626465,206700,0.0,0.0
2022-06-21 00:00:00-04:00,2.9989495155795938,3.0345805636068066,2.9573798179626465,2.9573798179626465,152000,0.0,0.0
2022-06-22 00:00:00-04:00,2.956780189790837,3.0047606376078537,2.9267927316375646,2.962777853012085,198100,0.049,0.0
2022-06-23 00:00:00-04:00,2.980768290105476,3.0227510468053764,2.9507808518776613,3.016753673553467,566400,0.0,0.0
2022-06-24 00:00:00-04:00,3.028748648236234,3.070731118150745,3.016753615977213,3.0587360858917236,122300,0.0,0.0
2022-06-27 00:00:00-04:00,3.0467423956919504,3.070732470777379,3.0287499823700057,3.0407450199127197,198200,0.0,0.0
2022-06-28 00:00:00-04:00,3.0587373161552023,3.0827273903223613,2.980769432119814,2.9987621307373047,161700,0.0,0.0
2022-06-29 00:00:00-04:00,3.004759916279207,3.01075729207639,2.938787066604665,2.9567794799804688,385600,0.0,0.0
2022-06-30 00:00:00-04:00,2.9447844424018483,2.9927645927163318,2.932789404823227,2.9567794799804688,557000,0.0,0.0
2022-07-01 00:00:00-04:00,2.9927632781264313,3.028748661039745,2.980768245816703,3.004758596420288,171800,0.0,0.0
2022-07-05 00:00:00-04:00,3.0167541121536385,3.0407441806174145,2.9867663835818314,2.9927637577056885,375000,0.0,0.0
2022-07-06 00:00:00-04:00,3.022751486277495,3.0287491463855267,2.9807687234738003,2.9927637577056885,175800,0.0,0.0
2022-07-07 00:00:00-04:00,3.0047597922712157,3.0287498664383747,2.9927644692033937,2.9987621307373047,100900,0.0,0.0
2022-07-08 00:00:00-04:00,2.998761498148644,3.0287492275238037,2.97477142904219,3.0287492275238037,124200,0.0,0.0
2022-07-11 00:00:00-04:00,3.022751569747925,3.028749230021576,3.0167541954584567,3.022751569747925,109300,0.0,0.0
2022-07-12 00:00:00-04:00,3.034747358149236,3.0647350949981482,3.0167549448272912,3.0407450199127197,112600,0.0,0.0
2022-07-13 00:00:00-04:00,3.0347462561268603,3.088724048459979,3.010756189753063,3.0647339820861816,148200,0.0,0.0
2022-07-14 00:00:00-04:00,3.0347464516360416,3.046741485595703,2.998761349757057,3.046741485595703,119600,0.0,0.0
2022-07-15 00:00:00-04:00,3.058736995128961,3.064734656033395,3.034746923479653,3.0527396202087402,153900,0.0,0.0
2022-07-18 00:00:00-04:00,3.0647345163466513,3.160694798570136,3.0527394810687154,3.142702102661133,376400,0.0,0.0
2022-07-19 00:00:00-04:00,3.154697898808081,3.1846853485249085,3.1307075386566794,3.14870023727417,245700,0.0,0.0
2022-07-20 00:00:00-04:00,3.160695272517152,3.226668119430542,3.160695272517152,3.226668119430542,173400,0.0,0.0
2022-07-21 00:00:00-04:00,3.2321149702880696,3.2321149702880696,3.159482955932617,3.159482955932617,206500,0.049,0.0
2022-07-22 00:00:00-04:00,3.1534314951617417,3.195800160107515,3.080799745494346,3.0989575386047363,274300,0.0,0.0
2022-07-25 00:00:00-04:00,3.1050082933001732,3.1352713581835414,3.0686924422724946,3.074744939804077,212700,0.0,0.0
2022-07-26 00:00:00-04:00,3.0626404285430904,3.0868510020009174,3.044482642756121,3.062640428543091,91800,0.0,0.0
2022-07-27 00:00:00-04:00,3.074745774353493,3.1715880700456323,3.074745774353493,3.141324996948242,107700,0.0,0.0
2022-07-28 00:00:00-04:00,3.171589104903922,3.26843172080766,3.1534313128433404,3.2623789310455322,195400,0.0,0.0
2022-07-29 00:00:00-04:00,3.2684301114512446,3.2684301114512446,3.2139561848663503,3.2442195415496826,232100,0.0,0.0
2022-08-01 00:00:00-04:00,3.2563251798081767,3.3531674699217078,3.2381671061054944,3.322904109954834,315400,0.0,0.0
2022-08-02 00:00:00-04:00,3.322904232982817,3.3592203817327593,3.322904232982817,3.341062307357788,159700,0.0,0.0
2022-08-03 00:00:00-04:00,3.3592186494858116,3.365271145414513,3.341060584474403,3.353165864944458,150500,0.0,0.0
2022-08-04 00:00:00-04:00,3.3773791790008545,3.41974783948976,3.359221387800529,3.3773791790008545,124300,0.0,0.0
2022-08-05 00:00:00-04:00,3.3773791790008545,3.4258003403522395,3.3350108071248363,3.3773791790008545,136700,0.0,0.0
2022-08-08 00:00:00-04:00,3.383429210425922,3.425797547764789,3.3289553040043476,3.353165864944458,135000,0.0,0.0
2022-08-09 00:00:00-04:00,3.365271145414513,3.3773764258845684,3.335008088545701,3.353165864944458,97100,0.0,0.0
2022-08-10 00:00:00-04:00,3.389484093129972,3.4560633269047467,3.377378804135727,3.4500105381011963,148700,0.0,0.0
2022-08-11 00:00:00-04:00,3.480273837534414,3.5044844150543213,3.462115760088059,3.5044844150543213,122100,0.0,0.0
2022-08-12 00:00:00-04:00,3.492379126294368,3.540800281334182,3.492379126294368,3.5044844150543213,116300,0.0,0.0
2022-08-15 00:00:00-04:00,3.516589744116422,3.607379555163002,3.516589744116422,3.589221477508545,127200,0.0,0.0
2022-08-16 00:00:00-04:00,3.5892220372765276,3.595274826976279,3.5226430822566526,3.528695583343506,141800,0.0,0.0
2022-08-17 00:00:00-04:00,3.516588921194157,3.528694207260068,3.425799131393432,3.4257991313934326,147200,0.0,0.0
2022-08-18 00:00:00-04:00,3.450009703525254,3.450009703525254,3.4015885592616106,3.4257991313934326,92700,0.0,0.0
2022-08-19 00:00:00-04:00,3.431852651365376,3.4439579400155265,3.341062842182825,3.371326208114624,109300,0.0,0.0
2022-08-22 00:00:00-04:00,3.3410619483101516,3.371325306145247,3.3047460920756984,3.3168513774871826,178400,0.0,0.0
2022-08-23 00:00:00-04:00,3.3223483487111025,3.3650992590571396,3.304026446786586,3.358991861343384,162600,0.049,0.0
2022-08-24 00:00:00-04:00,3.3406692614289164,3.3895275592803955,3.334562156207913,3.3895275592803955,141800,0.0,0.0
2022-08-25 00:00:00-04:00,3.41395656259779,3.420063667818793,3.334562156207913,3.3895275592803955,232000,0.0,0.0
2022-08-26 00:00:00-04:00,3.3834201628427016,3.4017420609390925,3.3589911595253072,3.3895275592803955,139800,0.0,0.0
2022-08-29 00:00:00-04:00,3.3467779844909207,3.3650998898499043,3.3345634779905335,3.340670585632324,89700,0.0,0.0
2022-08-30 00:00:00-04:00,3.3467782582123484,3.3895291800685565,3.2673838138580322,3.2673838138580322,166500,0.0,0.0
2022-08-31 00:00:00-04:00,3.2673823032598306,3.3162403106689453,3.2673823032598306,3.3162403106689453,129200,0.0,0.0
2022-09-01 00:00:00-04:00,3.3101342559426192,3.389528688789488,3.267383340282739,3.297919750213623,182100,0.0,0.0
2022-09-02 00:00:00-04:00,3.3040271497870703,3.346778069229255,3.297920041990652,3.328456163406372,129600,0.0,0.0
2022-09-06 00:00:00-04:00,3.334563363061193,3.340670470492495,3.212418302267184,3.2185254096984863,197500,0.0,0.0
2022-09-07 00:00:00-04:00,3.212417583435834,3.2673827028853895,3.212417583435834,3.2551681995391846,104600,0.0,0.0
2022-09-08 00:00:00-04:00,3.255168846621654,3.279597858170212,3.2185253292988167,3.2612762451171875,64800,0.0,0.0
2022-09-09 00:00:00-04:00,3.2795985407401735,3.31013495713969,3.27349143219038,3.304027557373047,68700,0.0,0.0
2022-09-12 00:00:00-04:00,3.31624157263155,3.358992490991308,3.31624157263155,3.340670585632324,82400,0.0,0.0
2022-09-13 00:00:00-04:00,3.310133446454341,3.322347949196298,3.273489938228469,3.279597043991089,114700,0.0,0.0
2022-09-14 00:00:00-04:00,3.2918113069643877,3.328454812521224,3.2734896997943177,3.3162403106689453,104400,0.0,0.0
2022-09-15 00:00:00-04:00,3.3040273363561408,3.31624184385551,3.2673838138580322,3.2673838138580322,83400,0.0,0.0
2022-09-16 00:00:00-04:00,3.236847469283306,3.236847469283306,3.212418455955771,3.2307400703430176,97600,0.0,0.0
2022-09-19 00:00:00-04:00,3.2185254096984863,3.2185254096984863,3.200203504970987,3.2185254096984863,151300,0.0,0.0
2022-09-20 00:00:00-04:00,3.194096014770254,3.206310519385911,3.1696670055389404,3.1696670055389404,84900,0.0,0.0
2022-09-21 00:00:00-04:00,3.175774121108326,3.175774121108326,3.1330235004425053,3.133023500442505,136200,0.0,0.0
2022-09-22 00:00:00-04:00,3.1447409438135736,3.157073249709887,2.9844209671614994,3.0460824966430664,519900,0.049,0.0
2022-09-23 00:00:00-04:00,3.0399143572497733,3.0399143572497733,2.93508996757235,2.9474222660064697,317600,0.0,0.0
2022-09-26 00:00:00-04:00,2.9042592968905883,2.9474224917281564,2.8302655006192228,2.8364315032958984,336800,0.0,0.0
2022-09-27 00:00:00-04:00,2.867261870014532,2.8795941671189427,2.805600384492477,2.8117663860321045,169100,0.0,0.0
2022-09-28 00:00:00-04:00,2.8117674362668863,2.891927544399066,2.8056014324241696,2.8549306392669678,157700,0.0,0.0
2022-09-29 00:00:00-04:00,2.8364314401044717,2.848763739208288,2.762437645481577,2.7809362411499023,409300,0.0,0.0
2022-09-30 00:00:00-04:00,2.7809360444863858,2.7932683427180804,2.688443660736084,2.688443660736084,558400,0.0,0.0
2022-10-03 00:00:00-04:00,2.7377731231024427,2.7747700214385986,2.6946099280309883,2.7747700214385986,386200,0.0,0.0
2022-10-04 00:00:00-04:00,2.8240986051507546,2.8857600889700654,2.817932603781397,2.879594087600708,231900,0.0,0.0
2022-10-05 00:00:00-04:00,2.8672623987549053,2.8672623987549053,2.8364315032958984,2.8364315032958984,134600,0.0,0.0
2022-10-06 00:00:00-04:00,2.8364314758258447,2.8364314758258447,2.743939084369796,2.750105381011963,183900,0.0,0.0
2022-10-07 00:00:00-04:00,2.7192742824554443,2.7501051753097756,2.713108280299689,2.7192742824554443,190900,0.0,0.0
2022-10-10 00:00:00-04:00,2.7316066353569304,2.7316066353569304,2.669945142441743,2.6822774410247803,120200,0.0,0.0
2022-10-11 00:00:00-04:00,2.69460966283934,2.7007759589677787,2.6699450663759507,2.688443660736084,201200,0.0,0.0
2022-10-12 00:00:00-04:00,2.669945701033766,2.700776600954234,2.614450198787024,2.63911509513855,362500,0.0,0.0
2022-10-13 00:00:00-04:00,2.5774530412873067,2.6514471349991955,2.552788441391751,2.6452808380126953,194300,0.0,0.0
2022-10-14 00:00:00-04:00,2.657612690601726,2.6637789865502475,2.6144495010375977,2.6144495010375977,167900,0.0,0.0
2022-10-17 00:00:00-04:00,2.657612466352324,2.6946093568461325,2.651446464949264,2.6699447631835938,225400,0.0,0.0
2022-10-18 00:00:00-04:00,2.7192744858515443,2.7562713836289223,2.713108483234585,2.750105381011963,230300,0.0,0.0
2022-10-19 00:00:00-04:00,2.7501052191613446,2.7501052191613446,2.7192743258154017,2.74393892288208,87000,0.0,0.0
2022-10-20 00:00:00-04:00,2.7501057974174556,2.7501057974174556,2.7069425964623828,2.73160719871521,289100,0.0,0.0
2022-10-21 00:00:00-04:00,2.712278625361653,2.7372190952301025,2.699808390427428,2.7372190952301025,247000,0.049,0.0
2022-10-24 00:00:00-04:00,2.7496887084741006,2.755923973188379,2.712278012129789,2.7434537410736084,259500,0.0,0.0
2022-10-25 00:00:00-04:00,2.762158729140728,2.7683939933776855,2.755923762217533,2.7683939933776855,177800,0.0,0.0
2022-10-26 00:00:00-04:00,2.7683942448646177,2.7808644771575928,2.762158980061235,2.7808644771575928,339200,0.0,0.0
2022-10-27 00:00:00-04:00,2.7933347094505683,2.799569676940161,2.7683942448646177,2.7808644771575928,164400,0.0,0.0
2022-10-28 00:00:00-04:00,2.793334305174385,2.849450491028035,2.787099041273425,2.843215227127075,205100,0.0,0.0
2022-10-31 00:00:00-04:00,2.843215227127075,2.8619207215162077,2.8058045356625576,2.843215227127075,162000,0.0,0.0
2022-11-01 00:00:00-04:00,2.893096001175158,2.924271724458657,2.8494503453547373,2.918036460876465,289800,0.0,0.0
2022-11-02 00:00:00-04:00,2.9367415560966834,2.9367415560966834,2.8993308716174906,2.9118010997772217,243300,0.0,0.0
2022-11-03 00:00:00-04:00,2.8930952983091536,2.911800787197575,2.8494496530922686,2.86191987991333,166400,0.0,0.0
2022-11-04 00:00:00-04:00,2.8930970080043372,2.905567242194768,2.8743918053756095,2.88686203956604,158800,0.0,0.0
2022-11-07 00:00:00-05:00,2.9118020665129434,2.9429774986058552,2.899331834213021,2.924272298812866,268300,0.0,0.0
2022-11-08 00:00:00-05:00,2.930507279339606,2.9492127765295795,2.924272311818809,2.9367425441741943,179900,0.0,0.0
2022-11-09 00:00:00-05:00,2.93674202166302,2.93674202166302,2.8930960675278548,2.8993313312530518,192000,0.0,0.0
2022-11-10 00:00:00-05:00,2.9803879261016846,2.9928581560304055,2.961682432551736,2.9803879261016846,295000,0.0,0.0
2022-11-11 00:00:00-05:00,2.999094093463745,3.0053293591039916,2.97415362553042,2.992859125137329,149200,0.0,0.0
2022-11-14 00:00:00-05:00,2.9990943604794724,3.0115645955563863,2.936743185094902,2.9554483890533447,217500,0.0,0.0
2022-11-15 00:00:00-05:00,3.0177993065476936,3.0427397721130625,2.9928588409823242,3.0365045070648193,150400,0.0,0.0
2022-11-16 00:00:00-05:00,3.0427390862310624,3.0988549724468246,3.036503822588347,3.0614442825317383,323500,0.0,0.0
2022-11-17 00:00:00-05:00,3.0489751300290333,3.1300318021463176,3.0489751300290333,3.1050913333892822,415100,0.0,0.0
2022-11-18 00:00:00-05:00,3.123795476971557,3.173676392822696,3.098854721732277,3.1674411296844482,505400,0.0,0.0
2022-11-21 00:00:00-05:00,3.1794041719392294,3.1982915526448106,3.147924803817255,3.191995859146118,187400,0.049,0.0
2022-11-22 00:00:00-05:00,3.204587641461758,3.3242088235821834,3.1856999599861067,3.311617136001587,232000,0.0,0.0
2022-11-23 00:00:00-05:00,3.31161797840451,3.31161797840451,3.210884151925749,3.236067533493042,228400,0.0,0.0
2022-11-25 00:00:00-05:00,3.236067384861687,3.236067384861687,3.1857006240404275,3.223475694656372,90700,0.0,0.0
2022-11-28 00:00:00-05:00,3.2171793968757645,3.229771084721854,3.160516651463603,3.1731083393096924,248900,0.0,0.0
2022-11-29 00:00:00-05:00,3.1542207121007197,3.229770833295954,3.1542207121007197,3.204587459564209,288300,0.0,0.0
2022-11-30 00:00:00-05:00,3.2234749475634077,3.3116170587818132,3.2234749475634077,3.292729377746582,248700,0.0,0.0
2022-12-01 00:00:00-05:00,3.3242087364196777,3.368279491691452,3.286433374458865,3.3242087364196777,402700,0.0,0.0
2022-12-02 00:00:00-05:00,3.2927296031951196,3.3242089736726848,3.286433609015796,3.299025297164917,176800,0.0,0.0
2022-12-05 00:00:00-05:00,3.292730292124246,3.292730292124246,3.2171801474223667,3.236067533493042,145000,0.0,0.0
2022-12-06 00:00:00-05:00,3.254954315885625,3.292729377746582,3.2486583221373793,3.292729377746582,350700,0.0,0.0
2022-12-07 00:00:00-05:00,3.2927297042827592,3.2927297042827592,3.254954638675693,3.2801380157470703,121200,0.0,0.0
2022-12-08 00:00:00-05:00,3.2864340244882824,3.2990257142292507,3.2549549502406445,3.2738423347473145,218000,0.0,0.0
2022-12-09 00:00:00-05:00,3.236066526624142,3.261249900355887,3.204587459564209,3.204587459564209,304200,0.0,0.0
2022-12-12 00:00:00-05:00,3.223474497311365,3.2549538612365727,3.204587119123811,3.2549538612365723,270800,0.0,0.0
2022-12-13 00:00:00-05:00,3.31791242579389,3.3242084189225265,3.2927290536982974,3.3053207397460938,238000,0.0,0.0
2022-12-14 00:00:00-05:00,3.3116170587818132,3.336800433355785,3.2864333839983364,3.292729377746582,204000,0.0,0.0
2022-12-15 00:00:00-05:00,3.292729377746582,3.3116170587818132,3.2675460031726105,3.292729377746582,130800,0.0,0.0
2022-12-16 00:00:00-05:00,3.286434296627628,3.292730292124246,3.2171801474223667,3.236067533493042,185700,0.0,0.0
2022-12-19 00:00:00-05:00,3.2234747531413186,3.254954119564875,3.191995686927249,3.2171790599823,196600,0.0,0.0
2022-12-20 00:00:00-05:00,3.2171790933937956,3.324208580094041,3.2108830999599034,3.286433219909668,229600,0.0,0.0
2022-12-21 00:00:00-05:00,3.2921534666416323,3.336642137575512,3.279442461096849,3.298509120941162,183500,0.049,0.0
2022-12-22 00:00:00-05:00,3.2857978548685356,3.2857978548685356,3.2095318276468983,3.222242832183838,186500,0.0,0.0
2022-12-23 00:00:00-05:00,3.2285979884786604,3.2413089922500635,3.2158869847072578,3.2349536418914795,167800,0.0,0.0
2022-12-27 00:00:00-05:00,3.2158876598996584,3.234954321087025,3.1777546405792236,3.1777546405792236,326300,0.0,0.0
2022-12-28 00:00:00-05:00,3.1968210642519157,3.2031764154726545,3.1205547282231185,3.133265733718872,366400,0.0,0.0
2022-12-29 00:00:00-05:00,3.1586874635461326,3.215887134712647,3.1459764591818233,3.209531784057617,478300,0.0,0.0
2022-12-30 00:00:00-05:00,3.215886563485165,3.234953218172005,3.0760655403137207,3.0760655403137207,1085700,0.0,0.0
2023-01-03 00:00:00-05:00,3.1459768206739755,3.215887504237968,3.1269104634637945,3.203176498413086,308100,0.0,0.0
2023-01-04 00:00:00-05:00,3.2285983124184794,3.266731327558745,3.2222429614222343,3.2603759765625,139000,0.0,0.0
2023-01-05 00:00:00-05:00,3.2540209960036424,3.266732003681222,3.209532620659278,3.2476656436920166,197000,0.0,0.0
2023-01-06 00:00:00-05:00,3.2603754862616032,3.336641505073119,3.254019833166867,3.323930501937866,153900,0.0,0.0
2023-01-09 00:00:00-05:00,3.3366425447686305,3.3684202140357713,3.3302868896934763,3.349353551864624,114300,0.0,0.0
2023-01-10 00:00:00-05:00,3.36206302472228,3.4001960286087085,3.3366410221313276,3.3874850273132324,189800,0.0,0.0
2023-01-11 00:00:00-05:00,3.4001972219295484,3.451041244955486,3.387486216173064,3.4319748878479004,136800,0.0,0.0
2023-01-12 00:00:00-05:00,3.451042082692021,3.482819756324367,3.406553703271963,3.4701087474823,261700,0.0,0.0
2023-01-13 00:00:00-05:00,3.4701068046088217,3.5145954621745403,3.444684801158179,3.5018844604492188,202000,0.0,0.0
2023-01-17 00:00:00-05:00,3.489174193159506,3.5018855017186623,3.4573968309244436,3.482818841934204,275700,0.0,0.0
2023-01-18 00:00:00-05:00,3.5145969390869145,3.5273079461536856,3.482819269892829,3.514596939086914,287400,0.0,0.0
2023-01-19 00:00:00-05:00,3.5082412840263717,3.5336632981599148,3.4955302769596006,3.514596939086914,104100,0.0,0.0
2023-01-20 00:00:00-05:00,3.540018953220457,3.540018953220457,3.5145969390869145,3.514596939086914,197100,0.0,0.0
2023-01-23 00:00:00-05:00,3.5267789363861084,3.5331914084914717,3.4947171873862892,3.5267789363861084,194400,0.049,0.0
2023-01-24 00:00:00-05:00,3.5139546394348145,3.533191751856922,3.481892887319145,3.5139546394348145,207800,0.0,0.0
2023-01-25 00:00:00-05:00,3.51395497795559,3.5396042598136663,3.4818932227512156,3.52036714553833,124700,0.0,0.0
2023-01-26 00:00:00-05:00,3.552429816024383,3.558842291022852,3.5203680525593115,3.546017646789551,101400,0.0,0.0
2023-01-27 00:00:00-05:00,3.552428007125855,3.552428007125855,3.520366259986645,3.5524280071258545,110300,0.0,0.0
2023-01-30 00:00:00-05:00,3.5524282132805634,3.565252851727791,3.5267789363861084,3.5267789363861084,118400,0.0,0.0
2023-01-31 00:00:00-05:00,3.5460160810602566,3.5460160810602566,3.5011296931812907,3.533191442489624,154600,0.0,0.0
2023-02-01 00:00:00-05:00,3.5460166161261233,3.584490537643432,3.533191975620354,3.5844905376434326,267300,0.0,0.0
2023-02-02 00:00:00-05:00,3.610140006232182,3.6486139297485356,3.610140006232182,3.648613929748535,225300,0.0,0.0
2023-02-03 00:00:00-05:00,3.6165521739364586,3.6614385709206534,3.610140006232182,3.648613929748535,152900,0.0,0.0
2023-02-06 00:00:00-05:00,3.62937696889353,3.635789442633082,3.578078402031421,3.5909030437469482,101300,0.0,0.0
2023-02-07 00:00:00-05:00,3.578078191602784,3.6165521144866943,3.5652535506414806,3.6165521144866943,165600,0.0,0.0
2023-02-08 00:00:00-05:00,3.6229625367826492,3.6293747007514052,3.565251532246915,3.6037254333496094,115800,0.0,0.0
2023-02-09 00:00:00-05:00,3.616552916631592,3.6229653914162987,3.571666816193154,3.5780789852142334,86700,0.0,0.0
2023-02-10 00:00:00-05:00,3.565253766940671,3.5780784086800286,3.5396044834619564,3.5716662406921387,100600,0.0,0.0
2023-02-13 00:00:00-05:00,3.558841592339919,3.5909030437469482,3.552429118600367,3.5909030437469482,97300,0.0,0.0
2023-02-14 00:00:00-05:00,3.571664536350107,3.5844891719697505,3.539602794419283,3.5652520656585693,115800,0.0,0.0
2023-02-15 00:00:00-05:00,3.546015841156102,3.5652526448288424,3.5267787317198795,3.5524280071258545,111800,0.0,0.0
2023-02-16 00:00:00-05:00,3.5267804442012896,3.5588422069085714,3.5075433254241943,3.5075433254241943,135400,0.0,0.0
2023-02-17 00:00:00-05:00,3.4939556878200064,3.526306943686118,3.487485251530354,3.5004258155822754,174400,0.049,0.0
2023-02-21 00:00:00-05:00,3.481015030537215,3.493955594242554,3.3904307760724697,3.409841775894165,182800,0.0,0.0
2023-02-22 00:00:00-05:00,3.3904309380620767,3.429252939560324,3.364549809414839,3.403371810913086,238900,0.0,0.0
2023-02-23 00:00:00-05:00,3.429252468764004,3.455133593858066,3.4163119062169733,3.442193031311035,162500,0.0,0.0
2023-02-24 00:00:00-05:00,3.4227820269694242,3.4421930250181583,3.4098414644460506,3.435722589492798,193500,0.0,0.0
2023-02-27 00:00:00-05:00,3.455132333409099,3.50689456471411,3.4421917755828457,3.4680728912353516,173900,0.0,0.0
2023-02-28 00:00:00-05:00,3.4874835737111134,3.500424131537366,3.4421917755828457,3.4680728912353516,152600,0.0,0.0
2023-03-01 00:00:00-05:00,3.481015682220459,3.5068968144763604,3.455134549964558,3.481015682220459,349200,0.0,0.0
2023-03-02 00:00:00-05:00,3.448663075182068,3.4616036374171335,3.416311823858074,3.4292523860931396,111600,0.0,0.0
2023-03-03 00:00:00-05:00,3.429252468764004,3.4616037208679074,3.429252468764004,3.442193031311035,129800,0.0,0.0
2023-03-06 00:00:00-05:00,3.4616037208679074,3.468074156405097,3.435722595773846,3.442193031311035,237700,0.0,0.0
2023-03-07 00:00:00-05:00,3.429252781439339,3.4421933451662756,3.409841781585246,3.4163122177124023,163200,0.0,0.0
2023-03-08 00:00:00-05:00,3.403371244558738,3.4163118067289204,3.371019684869612,3.383960247039795,121500,0.0,0.0
2023-03-09 00:00:00-05:00,3.383960790435047,3.3904309182954395,3.3127875328063965,3.3127875328063965,143600,0.0,0.0
2023-03-10 00:00:00-05:00,3.325726841242688,3.3516079599661897,3.3127862818809373,3.34513783454895,319000,0.0,0.0
2023-03-13 00:00:00-04:00,3.3192570209503174,3.351608268064968,3.261024344205726,3.3192570209503174,204800,0.0,0.0
2023-03-14 00:00:00-04:00,3.3516095474247285,3.358079984433902,3.2804365914883293,3.325728416442871,354300,0.0,0.0
2023-03-15 00:00:00-04:00,3.2933762794199968,3.2933762794199968,3.241614031248948,3.2674951553344727,199400,0.0,0.0
2023-03-16 00:00:00-04:00,3.248084470576591,3.293376596348482,3.1963222174243526,3.27396559715271,139300,0.0,0.0
2023-03-17 00:00:00-04:00,3.2545548990691486,3.2674954623277244,3.2092627734004506,3.2351438999176025,155800,0.0,0.0
2023-03-20 00:00:00-04:00,3.222203336659027,3.2480844631761783,3.196322210141875,3.2351438999176025,182200,0.0,0.0
2023-03-21 00:00:00-04:00,3.241613567319455,3.351608174677185,3.228672698601413,3.2998459339141846,217400,0.0,0.0
2023-03-22 00:00:00-04:00,3.2998460499330076,3.3063164845195216,3.202791690826416,3.202791690826416,118500,0.0,0.0
2023-03-23 00:00:00-04:00,3.2021383776128904,3.221743131571163,3.123718738555908,3.123718738555908,252300,0.049,0.0
2023-03-24 00:00:00-04:00,3.110649734604713,3.156394382011698,3.0583696478920968,3.0975794792175293,236900,0.0,0.0
2023-03-27 00:00:00-04:00,3.1106487284155833,3.1694633005731974,3.0779737237409566,3.1433234214782715,215600,0.0,0.0
2023-03-28 00:00:00-04:00,3.130253647507012,3.1694634682234226,3.1171837072682087,3.156393527984619,101200,0.0,0.0
2023-03-29 00:00:00-04:00,3.1563933840553555,3.1825332633410026,3.1433234444125318,3.1759984493255615,163400,0.0,0.0
2023-03-30 00:00:00-04:00,3.175998594148802,3.1956033487010296,3.149858713671195,3.156393527984619,177500,0.0,0.0
2023-03-31 00:00:00-04:00,3.1629285096827378,3.2021383286112086,3.149858570039914,3.1759984493255615,383700,0.0,0.0
2023-04-03 00:00:00-04:00,3.202139139175415,3.254418910980398,3.1759992532729235,3.202139139175415,209200,0.0,0.0
2023-04-04 00:00:00-04:00,3.195603275954935,3.21520834167282,3.1563934561311138,3.1694633960723877,146400,0.0,0.0
2023-04-05 00:00:00-04:00,3.162928581237793,3.1694633954010714,3.1237187614222766,3.162928581237793,124000,0.0,0.0
2023-04-06 00:00:00-04:00,3.1629284866054355,3.1694633005731974,3.136788607510509,3.1433234214782715,178400,0.0,0.0
2023-04-10 00:00:00-04:00,3.1367887020251777,3.1759985218489986,3.1302535762485664,3.1694633960723877,120000,0.0,0.0
2023-04-11 00:00:00-04:00,3.1563930772576927,3.2217427691198988,3.1563930772576927,3.189068078994751,70400,0.0,0.0
2023-04-12 00:00:00-04:00,3.2217438220977783,3.2413488918700137,3.2152090065817083,3.2217438220977783,68800,0.0,0.0
2023-04-13 00:00:00-04:00,3.215208315188489,3.260952948800165,3.215208315188489,3.254418134689331,110000,0.0,0.0
2023-04-14 00:00:00-04:00,3.2413488171630074,3.2544187595059224,3.202138990134262,3.234813690185547,88200,0.0,0.0
2023-04-17 00:00:00-04:00,3.2544188345141665,3.267488777158319,3.2152090065817083,3.2217438220977783,87600,0.0,0.0
2023-04-18 00:00:00-04:00,3.228278949225861,3.234813764741931,3.2021390639375555,3.2217438220977783,101400,0.0,0.0
2023-04-19 00:00:00-04:00,3.189069121293403,3.2413488918700137,3.189069121293403,3.2217438220977783,120900,0.0,0.0
2023-04-20 00:00:00-04:00,3.221083755075665,3.2342849051071125,3.2012818726583716,3.2144830226898193,123100,0.049,0.0
2023-04-21 00:00:00-04:00,3.201281459147784,3.2144826074740354,3.1748791624952823,3.188080310821533,66300,0.0,0.0
2023-04-24 00:00:00-04:00,3.188080722626924,3.2342849051071125,3.188080722626924,3.2144830226898193,79600,0.0,0.0
2023-04-25 00:00:00-04:00,3.1880812185846534,3.1946819519973504,3.161678914414452,3.1682796478271484,91900,0.0,0.0
2023-04-26 00:00:00-04:00,3.168279541071549,3.201282262802124,3.168279541071549,3.201282262802124,80800,0.0,0.0
2023-04-27 00:00:00-04:00,3.2012827285661842,3.2144838821271455,3.161679267883301,3.161679267883301,152100,0.0,0.0
2023-04-28 00:00:00-04:00,3.161679267883301,3.1946823091558674,3.1550788484729844,3.161679267883301,158200,0.0,0.0
2023-05-01 00:00:00-04:00,3.1748799813285933,3.2606876249499757,3.148477677866673,3.155078411102295,250900,0.0,0.0
2023-05-02 00:00:00-04:00,3.16167885972855,3.188081163442085,3.1220754041582475,3.1352765560150146,178800,0.0,0.0
2023-05-03 00:00:00-04:00,3.1286748056593465,3.148476684377526,3.1022725105285645,3.1022725105285645,149300,0.0,0.0
2023-05-04 00:00:00-04:00,3.095672280639241,3.1220745773608387,3.0494681040063436,3.0824711322784424,263300,0.0,0.0
2023-05-05 00:00:00-04:00,3.1220755188518727,3.1484778235353317,3.102273632969129,3.128675937652588,226800,0.0,0.0
2023-05-08 00:00:00-04:00,3.115474174683247,3.141876788932137,3.089071875174593,3.095672607421875,128600,0.0,0.0
2023-05-09 00:00:00-04:00,3.1022725105285645,3.1088732416813523,3.08247094655057,3.1022725105285645,93200,0.0,0.0
2023-05-10 00:00:00-04:00,3.1286749941711363,3.1286749941711363,3.0824711322784424,3.0824711322784424,137700,0.0,0.0
2023-05-11 00:00:00-04:00,3.0824711322784424,3.1022726974495387,3.0692699839176436,3.0824711322784424,88900,0.0,0.0
2023-05-12 00:00:00-04:00,3.082472312865885,3.0890727322041442,3.0362681185367726,3.0428688526153564,118000,0.0,0.0
2023-05-15 00:00:00-04:00,3.062669428002736,3.0824713090496187,3.0428678616960747,3.0494682788848877,99400,0.0,0.0
2023-05-16 00:00:00-04:00,3.042868357833069,3.0560695091033527,2.996664171016938,3.003264904022217,192200,0.0,0.0
2023-05-17 00:00:00-04:00,3.003264904022217,3.0296672065627845,2.983463019746654,3.003264904022217,277400,0.0,0.0
2023-05-18 00:00:00-04:00,3.0098652362667337,3.023066387159735,2.9834629344807304,2.9900636672973633,130200,0.0,0.0
2023-05-19 00:00:00-04:00,2.9900630651665945,3.003264213401185,2.970261185444609,2.983462333679199,185100,0.0,0.0
2023-05-22 00:00:00-04:00,2.982795738782403,3.009487717233122,2.982795738782403,2.989468812942505,121000,0.049,0.0
2023-05-23 00:00:00-04:00,2.9694495260570597,2.976122599357378,2.9494309425354004,2.9494309425354004,119100,0.0,0.0
2023-05-24 00:00:00-04:00,2.9561031942259826,2.9561031942259826,2.9294115419495546,2.9427573680877686,125200,0.0,0.0
2023-05-25 00:00:00-04:00,2.95610354355318,2.95610354355318,2.922739133359719,2.9294118881225586,158800,0.0,0.0
2023-05-26 00:00:00-04:00,2.9427579900369243,2.982795476913452,2.9294121610780817,2.982795476913452,143800,0.0,0.0
2023-05-30 00:00:00-04:00,2.996141568912918,3.0028146430730196,2.97612298281199,2.989468812942505,147100,0.0,0.0
2023-05-31 00:00:00-04:00,2.9894689390513727,3.002814769744873,2.982795864609771,3.002814769744873,79300,0.0,0.0
2023-06-01 00:00:00-04:00,3.036178841925137,3.0828890800476074,3.0161599411657694,3.0828890800476074,231300,0.0,0.0
2023-06-02 00:00:00-04:00,3.0962352056438873,3.1562915955090474,3.0828893765838146,3.1429457664489746,259900,0.0,0.0
2023-06-05 00:00:00-04:00,3.129600166445928,3.1629645824432373,3.122927092332654,3.1629645824432373,130200,0.0,0.0
2023-06-06 00:00:00-04:00,3.1896568371565275,3.203002668350081,3.1763110059629738,3.1963295936584473,110500,0.0,0.0
2023-06-07 00:00:00-04:00,3.1896556700706227,3.2296931490016854,3.1896556700706227,3.223020076751709,99900,0.0,0.0
2023-06-08 00:00:00-04:00,3.2296939930056694,3.2363667488098145,3.223020919011844,3.2363667488098145,56000,0.0,0.0
2023-06-09 00:00:00-04:00,3.2363680786754623,3.2363680786754623,3.223022243393515,3.2296953201293945,55700,0.0,0.0
2023-06-12 00:00:00-04:00,3.2363680786754623,3.2363680786754623,3.216349484847447,3.2296953201293945,104300,0.0,0.0
2023-06-13 00:00:00-04:00,3.2296939930056694,3.2363667488098145,3.216348163207699,3.2363667488098145,147200,0.0,0.0
2023-06-14 00:00:00-04:00,3.2430398382982117,3.276404253857706,3.2363667642725034,3.2630584239959717,102000,0.0,0.0
2023-06-15 00:00:00-04:00,3.27640438079834,3.289750211177143,3.2630585504195366,3.27640438079834,83700,0.0,0.0
2023-06-16 00:00:00-04:00,3.289750211177143,3.3030960415559467,3.27640438079834,3.27640438079834,123000,0.0,0.0
2023-06-20 00:00:00-04:00,3.2764033194522075,3.289749145507813,3.2764033194522075,3.2897491455078125,92800,0.0,0.0
2023-06-21 00:00:00-04:00,3.27640438079834,3.289750211177143,3.2630585504195366,3.27640438079834,163300,0.0,0.0
2023-06-22 00:00:00-04:00,3.2555095400764182,3.2757302379600817,3.248769521713257,3.248769521713257,122400,0.049,0.0
2023-06-23 00:00:00-04:00,3.248768018205598,3.2622483700903957,3.2285473296799316,3.235287666320801,129900,0.0,0.0
2023-06-26 00:00:00-04:00,3.2218095243210403,3.262250607714548,3.2218095243210403,3.242029905319214,147200,0.0,0.0
2023-06-27 00:00:00-04:00,3.2555086612701416,3.2555086612701416,3.2352882902419435,3.2555086612701416,77600,0.0,0.0
2023-06-28 00:00:00-04:00,3.2555092738273967,3.2892103270782607,3.235288898994529,3.2824699878692627,138100,0.0,0.0
2023-06-29 00:00:00-04:00,3.2824691955673964,3.289209533149454,3.268988841800267,3.275729179382324,94500,0.0,0.0
2023-06-30 00:00:00-04:00,3.289210081100464,3.289210081100464,3.268989386382702,3.289210081100464,73800,0.0,0.0
2023-07-03 00:00:00-04:00,3.28921039479954,3.3161711093964974,3.28921039479954,3.295950412750244,148300,0.0,0.0
2023-07-05 00:00:00-04:00,3.2959504050679604,3.316171101667083,3.2959504050679604,3.3026907444000244,110000,0.0,0.0
2023-07-06 00:00:00-04:00,3.2824701591311265,3.2824701591311265,3.2487694255190003,3.2689898014068604,153300,0.0,0.0
2023-07-07 00:00:00-04:00,3.262249783243267,3.2892104986917996,3.2555094436825938,3.2689898014068604,138700,0.0,0.0
2023-07-10 00:00:00-04:00,3.2555092738273967,3.2959503448901954,3.2555092738273967,3.2824699878692627,137900,0.0,0.0
2023-07-11 00:00:00-04:00,3.295950709234398,3.316171407699585,3.282470350723306,3.316171407699585,129700,0.0,0.0
2023-07-12 00:00:00-04:00,3.329651766210677,3.329651766210677,3.302691049188493,3.316171407699585,150400,0.0,0.0
2023-07-13 00:00:00-04:00,3.3363909022016416,3.3363909022016416,3.3229105472564697,3.3229105472564697,78400,0.0,0.0
2023-07-14 00:00:00-04:00,3.3363920901731077,3.3431324307441974,3.3161717112540936,3.3296520709991455,119800,0.0,0.0
2023-07-17 00:00:00-04:00,3.3363921642303462,3.3431325049510505,3.3296521449067775,3.3363921642303467,89100,0.0,0.0
2023-07-18 00:00:00-04:00,3.3431324307441974,3.3431324307441974,3.3229117304280553,3.3296520709991455,156100,0.0,0.0
2023-07-19 00:00:00-04:00,3.343132257461548,3.343132257461548,3.3296518984152152,3.343132257461548,89800,0.0,0.0
2023-07-20 00:00:00-04:00,3.3363921642303462,3.3431325049510505,3.3094314441418007,3.3363921642303467,99900,0.0,0.0
2023-07-21 00:00:00-04:00,3.3493251752996365,3.3493251752996365,3.3016720587172985,3.3084797859191895,120900,0.049,0.0
2023-07-24 00:00:00-04:00,3.3016722193076387,3.3152873497633486,3.2744419583962188,3.2880570888519287,248500,0.0,0.0
2023-07-25 00:00:00-04:00,3.288057563602338,3.3152878284454346,3.281250159696745,3.3152878284454346,107400,0.0,0.0
2023-07-26 00:00:00-04:00,3.32209555696139,3.3289029608669827,3.3016726960238865,3.3152878284454346,114700,0.0,0.0
2023-07-27 00:00:00-04:00,3.308480897414671,3.3289034366607666,3.3016731679256996,3.3289034366607666,140900,0.0,0.0
2023-07-28 00:00:00-04:00,3.3561335382675956,3.3561335382675956,3.3357110000384984,3.3493261337280273,141200,0.0,0.0
2023-07-31 00:00:00-04:00,3.356132745742798,3.369747876217219,3.356132745742798,3.356132745742798,182100,0.0,0.0
2023-08-01 00:00:00-04:00,3.3629417377279154,3.3901720089151506,3.33571146654068,3.376556873321533,229500,0.0,0.0
2023-08-02 00:00:00-04:00,3.3697486719571246,3.3697486719571246,3.3357110000384984,3.3493261337280273,234400,0.0,0.0
2023-08-03 00:00:00-04:00,3.335710925233453,3.3629411920018577,3.308480658465048,3.3425183296203613,184500,0.0,0.0
2023-08-04 00:00:00-04:00,3.3561341713745345,3.383364443890358,3.349326765550806,3.3697493076324463,349600,0.0,0.0
2023-08-07 00:00:00-04:00,3.376556081441207,3.3969786177368584,3.376556081441207,3.3833634853363037,196400,0.0,0.0
2023-08-08 00:00:00-04:00,3.3901719266438244,3.396979331970215,3.383364196707004,3.396979331970215,118600,0.0,0.0
2023-08-09 00:00:00-04:00,3.4037862581818974,3.4105939865112305,3.396978529852564,3.4105939865112305,230600,0.0,0.0
2023-08-10 00:00:00-04:00,3.4174013902302107,3.4242091185595442,3.396978529852564,3.4105939865112305,208500,0.0,0.0
2023-08-11 00:00:00-04:00,3.4242097522471147,3.4446322917938232,3.4174020226579365,3.4446322917938232,95600,0.0,0.0
2023-08-14 00:00:00-04:00,3.451439380645752,3.451439380645752,3.437824248605369,3.451439380645752,92200,0.0,0.0
2023-08-15 00:00:00-04:00,3.4514396206733937,3.458247024861824,3.4174016259001143,3.4378244876861572,84400,0.0,0.0
2023-08-16 00:00:00-04:00,3.424209531325632,3.424209531325632,3.3493261337280273,3.3493261337280273,127000,0.0,0.0
2023-08-17 00:00:00-04:00,3.3152878348638346,3.3289029673117416,3.2335970401763916,3.2335970401763916,362000,0.0,0.0
2023-08-18 00:00:00-04:00,3.2404055465261434,3.294866089390374,3.2335978163628942,3.2812509536743164,141300,0.0,0.0
2023-08-21 00:00:00-04:00,3.2948644109266167,3.301671813011611,3.267634153366089,3.267634153366089,140800,0.0,0.0
2023-08-22 00:00:00-04:00,3.281249282146353,3.2880566842313472,3.2608264266708193,3.267634153366089,120200,0.0,0.0
2023-08-23 00:00:00-04:00,3.2875795471226796,3.301335096359253,3.280701608525311,3.301335096359253,133300,0.049,0.0
2023-08-24 00:00:00-04:00,3.3013363192486924,3.3013363192486924,3.2669472694396973,3.2669472694396973,88500,0.0,0.0
2023-08-25 00:00:00-04:00,3.2669472694396973,3.2944583781035797,3.2669472694396973,3.2669472694396973,66000,0.0,0.0
2023-08-28 00:00:00-04:00,3.2875795471226796,3.308212706998458,3.273823997886106,3.301335096359253,166700,0.0,0.0
2023-08-29 00:00:00-04:00,3.2944576909434202,3.328846733579526,3.287580079191129,3.3219687938690186,101800,0.0,0.0
2023-08-30 00:00:00-04:00,3.3357243133157115,3.342602252960205,3.328846701629431,3.342602252960205,106500,0.0,0.0
2023-08-31 00:00:00-04:00,3.3357262159968104,3.3426041595644476,3.3082150976430618,3.3288486003875732,71500,0.0,0.0
2023-09-01 00:00:00-04:00,3.3426030211297504,3.376991743380512,3.3219695254126624,3.36323618888855,248500,0.0,0.0
2023-09-05 00:00:00-04:00,3.37011413553192,3.3838696900459975,3.349480639781659,3.3769917488098145,208000,0.0,0.0
2023-09-06 00:00:00-04:00,3.3632354159772593,3.370113355621753,3.3357243133157115,3.342602252960205,148100,0.0,0.0
2023-09-07 00:00:00-04:00,3.342602777782571,3.349480390548706,3.328847224292036,3.349480390548706,86100,0.0,0.0
2023-09-08 00:00:00-04:00,3.342602777782571,3.363235944039241,3.3219692835676367,3.349480390548706,178300,0.0,0.0
2023-09-11 00:00:00-04:00,3.3494793547081785,3.3494793547081785,3.2875795471226796,3.301335096359253,155200,0.0,0.0
2023-09-12 00:00:00-04:00,3.2944583781035797,3.2944583781035797,3.2531917151077563,3.2669472694396973,170200,0.0,0.0
2023-09-13 00:00:00-04:00,3.26694746547038,3.280703020627713,3.26694746547038,3.2738254070281982,124200,0.0,0.0
2023-09-14 00:00:00-04:00,3.27382521058481,3.2875807649167514,3.2600693282945845,3.2669472694396973,162700,0.0,0.0
2023-09-15 00:00:00-04:00,3.253191746100875,3.266947300563865,3.232558250427246,3.232558250427246,117200,0.0,0.0
2023-09-18 00:00:00-04:00,3.2394362024853427,3.273825252737115,3.225680647976291,3.2600693702697754,126400,0.0,0.0
2023-09-19 00:00:00-04:00,3.239435959171128,3.2531915126469992,3.239435959171128,3.2463135719299316,98900,0.0,0.0
2023-09-20 00:00:00-04:00,3.2394366191484365,3.2738256738234015,3.211925506591797,3.211925506591797,176100,0.0,0.0
2023-09-21 00:00:00-04:00,3.2181800177510174,3.239031969975518,3.2181800177510174,3.225130558013916,37000,0.049,0.0
2023-09-22 00:00:00-04:00,3.225131694877006,3.2320825690259016,3.2112302780151367,3.2112302780151367,75800,0.0,0.0
2023-09-25 00:00:00-04:00,3.211230182575946,3.211230182575946,3.127821683883667,3.127821683883667,283700,0.0,0.0
2023-09-26 00:00:00-04:00,3.120871142987312,3.1347728923554716,3.079166889190674,3.079166889190674,187100,0.0,0.0
2023-09-27 00:00:00-04:00,3.079166464066542,3.10001875380387,3.0027088417134427,3.0444130897521973,375600,0.0,0.0
2023-09-28 00:00:00-04:00,3.0583145652630486,3.1069693565368652,3.0444131489796855,3.1069693565368652,245200,0.0,0.0
2023-09-29 00:00:00-04:00,3.127821571599665,3.127821571599665,3.0930678660075306,3.1000187397003174,164300,0.0,0.0
2023-10-02 00:00:00-04:00,3.113920599739179,3.17647714615211,3.0583149280103283,3.079166889190674,262400,0.0,0.0
2023-10-03 00:00:00-04:00,3.0652644634246826,3.093067290147767,3.0513630500631406,3.0652644634246826,303700,0.0,0.0
2023-10-04 00:00:00-04:00,3.0513630500631406,3.072215335823373,3.030511095738746,3.0652644634246826,186700,0.0,0.0
2023-10-05 00:00:00-04:00,3.0513641296139933,3.072216422751618,3.0235612930544637,3.0374627113342285,127000,0.0,0.0
2023-10-06 00:00:00-04:00,3.030511984567193,3.051363945007324,3.0166105671284598,3.051363945007324,206500,0.0,0.0
2023-10-09 00:00:00-04:00,3.030511095738746,3.0652644634246826,3.030511095738746,3.0652644634246826,74800,0.0,0.0
2023-10-10 00:00:00-04:00,3.0513637434369634,3.079166576477799,3.044413200894711,3.072216033935547,92700,0.0,0.0
2023-10-11 00:00:00-04:00,3.0791657563715433,3.106968582007363,3.0791657563715433,3.093067169189453,148300,0.0,0.0
2023-10-12 00:00:00-04:00,3.079166889190674,3.0861177638747535,3.0583149280103283,3.079166889190674,127600,0.0,0.0
2023-10-13 00:00:00-04:00,3.0930683071228864,3.0930683071228864,3.079166889190674,3.079166889190674,63000,0.0,0.0
2023-10-16 00:00:00-04:00,3.0374625275685916,3.0583148194446585,3.0374625275685916,3.051363945007324,277400,0.0,0.0
2023-10-17 00:00:00-04:00,3.051363945007324,3.0652653624460573,3.0374625275685916,3.051363945007324,124700,0.0,0.0
2023-10-18 00:00:00-04:00,3.051363945007324,3.0652653624460573,3.0374625275685916,3.051363945007324,175400,0.0,0.0
2023-10-19 00:00:00-04:00,3.0305111408233643,3.051363095457971,3.023560268321267,3.0305111408233643,163000,0.0,0.0
2023-10-20 00:00:00-04:00,3.0235607624053955,3.0374621782453968,3.0235607624053955,3.0235607624053955,113600,0.0,0.0
2023-10-23 00:00:00-04:00,2.9877088177561077,3.0509780529293398,2.973649024963379,2.973649024963379,168900,0.049,0.0
2023-10-24 00:00:00-04:00,2.9806780077559645,3.0298874378204346,2.9806780077559645,3.0298874378204346,124600,0.0,0.0
2023-10-25 00:00:00-04:00,3.00176765420092,3.00176765420092,2.9595882892608643,2.9595882892608643,132200,0.0,0.0
2023-10-26 00:00:00-04:00,2.9595885722612807,2.9736483619190515,2.9525585098264817,2.966618299484253,101100,0.0,0.0
2023-10-27 00:00:00-04:00,2.9595890142458616,2.9595890142458616,2.924439367246278,2.9455292224884033,150700,0.0,0.0
2023-10-30 00:00:00-04:00,2.9455292224884033,2.9736488060033195,2.9455292224884033,2.9455292224884033,152200,0.0,0.0
2023-10-31 00:00:00-04:00,2.9384989738464355,2.959588827759671,2.931469246016594,2.9384989738464355,196100,0.0,0.0
2023-11-01 00:00:00-04:00,2.952558429208215,3.0298874378204346,2.945528702177187,3.0298874378204346,384600,0.0,0.0
2023-11-02 00:00:00-04:00,3.0650370427933984,3.1212761992316933,3.0509772536838247,3.100186347961426,258900,0.0,0.0
2023-11-03 00:00:00-04:00,3.1212768160297797,3.1986058390193945,3.1212768160297797,3.177515983581543,225600,0.0,0.0
2023-11-06 00:00:00-05:00,3.1564259178996035,3.163455980981254,3.1072168171754844,3.135336399078369,118500,0.0,0.0
2023-11-07 00:00:00-05:00,3.1353359602050204,3.1564254760742183,3.128305898107414,3.1564254760742188,110500,0.0,0.0
2023-11-08 00:00:00-05:00,3.1564261379815233,3.170486265125166,3.149396409621583,3.1634562015533447,75400,0.0,0.0
2023-11-09 00:00:00-05:00,3.163456285924918,3.170486349684236,3.093157324391187,3.1142468452453613,228100,0.0,0.0
2023-11-10 00:00:00-05:00,3.128305867028971,3.142365655872695,3.100186289341523,3.1212761402130127,203800,0.0,0.0
2023-11-13 00:00:00-05:00,3.1142468452453613,3.1212769090046795,3.100187052938615,3.1142468452453613,131700,0.0,0.0
2023-11-14 00:00:00-05:00,3.1353366079177207,3.1845460471314535,3.1353366079177207,3.177515983581543,203600,0.0,0.0
2023-11-15 00:00:00-05:00,3.184546057056928,3.19860584898869,3.1564261379815233,3.1634562015533447,106900,0.0,0.0
2023-11-16 00:00:00-05:00,3.1634550003308455,3.212664421012223,3.1634550003308455,3.1915745735168457,166000,0.0,0.0
2023-11-17 00:00:00-05:00,3.219694569218715,3.219694569218715,3.184545265729499,3.212664842605591,204700,0.0,0.0
2023-11-20 00:00:00-05:00,3.219694562822832,3.226724624633789,3.2056347744127156,3.226724624633789,155600,0.0,0.0
2023-11-21 00:00:00-05:00,3.23312011641636,3.275754624955366,3.218908613570025,3.2473316192626953,121700,0.049,0.0
2023-11-22 00:00:00-05:00,3.2544372884442105,3.268648791671213,3.2118027787632033,3.2331202030181885,174000,0.0,0.0
2023-11-24 00:00:00-05:00,3.2473317129738595,3.2544372951876017,3.2189087064609603,3.2402257919311523,86700,0.0,0.0
2023-11-27 00:00:00-05:00,3.247331320572688,3.247331320572688,3.2189083174943693,3.2260138988494873,117600,0.0,0.0
2023-11-28 00:00:00-05:00,3.2402257919311523,3.2473317129738595,3.226014288674703,3.2402257919311523,176700,0.0,0.0
2023-11-29 00:00:00-05:00,3.254438123490859,3.311284150984822,3.240226616617368,3.2899670600891113,319800,0.0,0.0
2023-11-30 00:00:00-05:00,3.304178566962602,3.304178566962602,3.254438123490859,3.2899670600891113,157000,0.0,0.0
2023-12-01 00:00:00-05:00,3.3041771010395777,3.389446104450288,3.2828596807724497,3.375234603881836,369200,0.0,0.0
2023-12-04 00:00:00-05:00,3.353917715419095,3.4107640655354814,3.353917715419095,3.396552562713623,252300,0.0,0.0
2023-12-05 00:00:00-05:00,3.4036586014293664,3.4462931156158447,3.396553018479453,3.4462931156158447,241700,0.0,0.0
2023-12-06 00:00:00-05:00,3.4605047995208165,3.467610721667656,3.3823416888796847,3.417870283126831,281200,0.0,0.0
2023-12-07 00:00:00-05:00,3.4391884803771973,3.453399989022182,3.424976971732213,3.4391884803771973,97800,0.0,0.0
2023-12-08 00:00:00-05:00,3.4249753616544885,3.4391868636186596,3.368129014968872,3.368129014968872,168600,0.0,0.0
2023-12-11 00:00:00-05:00,3.368129218240953,3.4107640655354814,3.368129218240953,3.396552562713623,126600,0.0,0.0
2023-12-12 00:00:00-05:00,3.4107645232082793,3.4462931156158447,3.4036586014293664,3.4462931156158447,172400,0.0,0.0
2023-12-13 00:00:00-05:00,3.4462927834348207,3.4676102078878173,3.410764194451782,3.4533987045288086,233500,0.0,0.0
2023-12-14 00:00:00-05:00,3.4605052080843484,3.503139729511966,3.4605052080843484,3.4960341453552246,162200,0.0,0.0
2023-12-15 00:00:00-05:00,3.5173498655355453,3.552878788956682,3.5031383639328757,3.5244557857513428,143700,0.0,0.0
2023-12-18 00:00:00-05:00,3.552878942631798,3.581301947066537,3.531561519891274,3.5386674404144287,265700,0.0,0.0
2023-12-19 00:00:00-05:00,3.5386674404144283,3.595513449283907,3.5386674404144283,3.5386674404144287,188300,0.0,0.0
2023-12-20 00:00:00-05:00,3.5523027088956645,3.5738319676180925,3.4087754580660055,3.480539083480835,372100,0.049,0.0
2023-12-21 00:00:00-05:00,3.509244248397054,3.5235969723133556,3.423127904899245,3.459009885787964,380200,0.0,0.0
2023-12-22 00:00:00-05:00,3.459009810931745,3.480538725242326,3.4374805544252407,3.44465708732605,200300,0.0,0.0
2023-12-26 00:00:00-05:00,3.4661864617659015,3.516421172152352,3.4590102701083905,3.487715721130371,151200,0.0,0.0
2023-12-27 00:00:00-05:00,3.4877156903485735,3.5451265918858397,3.4877156903485735,3.494891881942749,239300,0.0,0.0
2023-12-28 00:00:00-05:00,3.5020681170568055,3.5235970321991905,3.480538859718484,3.516420841217041,117600,0.0,0.0
2023-12-29 00:00:00-05:00,3.5379497409397156,3.588184446379566,3.516420825891162,3.559478998184204,486300,0.0,0.0
2024-01-02 00:00:00-05:00,3.559479753099699,3.5953617420519333,3.5523032184308496,3.5810086727142334,191900,0.0,0.0
2024-01-03 00:00:00-05:00,3.566655562973887,3.581008288575948,3.545126645668781,3.552302837371826,96500,0.0,0.0
2024-01-04 00:00:00-05:00,3.545126645668781,3.566655562973887,3.537950111769765,3.552302837371826,145200,0.0,0.0
2024-01-05 00:00:00-05:00,3.552302285444809,3.5594788182287953,3.523596838700699,3.537949562072754,123000,0.0,0.0
2024-01-08 00:00:00-05:00,3.5379495919089625,3.566655038895151,3.5164206777672815,3.530773401260376,172000,0.0,0.0
2024-01-09 00:00:00-05:00,3.5092446073270653,3.5523027834800147,3.4805391565584323,3.494891881942749,183000,0.0,0.0
2024-01-10 00:00:00-05:00,3.480538859718484,3.5235970321991905,3.480538859718484,3.516420841217041,120600,0.0,0.0
2024-01-11 00:00:00-05:00,3.5020680870713687,3.537949726066763,3.49489155395473,3.523597002029419,160300,0.0,0.0
2024-01-12 00:00:00-05:00,3.5020681170568055,3.537949756359426,3.4948915838787196,3.516420841217041,114800,0.0,0.0
2024-01-16 00:00:00-05:00,3.516421172152352,3.5379500893208538,3.4877157211303715,3.487715721130371,128000,0.0,0.0
2024-01-17 00:00:00-05:00,3.480538859718484,3.537949756359426,3.480538859718484,3.516420841217041,120700,0.0,0.0
2024-01-18 00:00:00-05:00,3.5235970321991905,3.537949756359426,3.5020681170568055,3.516420841217041,118500,0.0,0.0
2024-01-19 00:00:00-05:00,3.466186168535048,3.480538892831833,3.3513643741607666,3.3513643741607666,1973200,0.0,0.0
2024-01-22 00:00:00-05:00,3.3585405652111895,3.380069822754337,3.3298351166176188,3.3513643741607666,727800,0.0,0.0
2024-01-23 00:00:00-05:00,3.365144295088197,3.365144295088197,3.1910852683985094,3.1983375549316406,712900,0.049,0.0
2024-01-24 00:00:00-05:00,3.220094902290699,3.2491047382354736,3.2128422703922435,3.2491047382354736,503400,0.0,0.0
2024-01-25 00:00:00-05:00,3.256357189551589,3.3796491714855317,3.241852270843157,3.3651442527770996,389000,0.0,0.0
2024-01-26 00:00:00-05:00,3.2708619929400786,3.2926191950230037,3.2128419804617967,3.227346897125244,755300,0.0,0.0
2024-01-29 00:00:00-05:00,3.2200945975688318,3.2636093473681345,3.205589680969064,3.256356716156006,268700,0.0,0.0
2024-01-30 00:00:00-05:00,3.2708619929400786,3.2708619929400786,3.227346897125244,3.227346897125244,234500,0.0,0.0
2024-01-31 00:00:00-05:00,3.2346000112577675,3.328882156557661,3.2346000112577675,3.321629524230957,551800,0.0,0.0
2024-02-01 00:00:00-05:00,3.321629524230957,3.365144280717552,3.2998723188999315,3.321629524230957,292300,0.0,0.0
2024-02-02 00:00:00-05:00,3.2781148466968713,3.336134523409719,3.2781148466968713,3.299872398376465,328100,0.0,0.0
2024-02-05 00:00:00-05:00,3.3143770249223627,3.3143770249223627,3.270862271229723,3.2781145572662354,265200,0.0,0.0
2024-02-06 00:00:00-05:00,3.2708627575273366,3.2926199646961622,3.2346002844798627,3.2636101245880127,569400,0.0,0.0
2024-02-07 00:00:00-05:00,3.2708620949082916,3.29987192913956,3.263609463438223,3.285367012023926,231700,0.0,0.0
2024-02-08 00:00:00-05:00,3.2926194921526357,3.299872124051091,3.2418521063370185,3.2491047382354736,229300,0.0,0.0
2024-02-09 00:00:00-05:00,3.2636093473681345,3.285366895180031,3.249104430768367,3.256356716156006,178600,0.0,0.0
2024-02-12 00:00:00-05:00,3.270862340927124,3.28536725913375,3.2563570768959695,3.270862340927124,306500,0.0,0.0
2024-02-13 00:00:00-05:00,3.25635672327209,3.2708619857280463,3.22734689000916,3.241851806640625,280900,0.0,0.0
2024-02-14 00:00:00-05:00,3.241851883335813,3.2491045147353725,3.212842049386573,3.220094680786133,247100,0.0,0.0
2024-02-15 00:00:00-05:00,3.227346904305582,3.249104452261406,3.20558970217425,3.2128419876098633,228200,0.0,0.0
2024-02-16 00:00:00-05:00,3.2055897239617295,3.220094640756034,3.1620749735788163,3.1693272590637207,421100,0.0,0.0
2024-02-20 00:00:00-05:00,3.1983375549316406,3.2128424738224477,3.176580349507702,3.1983375549316406,452000,0.0,0.0
2024-02-21 00:00:00-05:00,3.2196057945528533,3.2416078110162587,3.2122720222051764,3.2269399166107178,348400,0.049,0.0
2024-02-22 00:00:00-05:00,3.234273672103882,3.2489415664329853,3.2122720054653198,3.234273672103882,475500,0.0,0.0
2024-02-23 00:00:00-05:00,3.241607904434204,3.241607904434204,3.2122721147777114,3.241607904434204,568400,0.0,0.0
2024-02-26 00:00:00-05:00,3.2342740750037433,3.2416081979370137,3.2049382826911192,3.2122724056243896,677700,0.0,0.0
2024-02-27 00:00:00-05:00,3.2269400494486864,3.285611629486084,3.2269400494486864,3.285611629486084,632400,0.0,0.0
2024-02-28 00:00:00-05:00,3.2636095718214744,3.2782774666497208,3.241607904434204,3.241607904434204,265200,0.0,0.0
2024-02-29 00:00:00-05:00,3.256275019779484,3.3002786937306796,3.241607128462419,3.2782766819000244,496000,0.0,0.0
2024-03-01 00:00:00-05:00,3.278276842305493,3.3442825313169893,3.2709430711431775,3.3296146392822266,589300,0.0,0.0
2024-03-04 00:00:00-05:00,3.336948617837595,3.3516165092467882,3.3222807264284016,3.344282388687134,381400,0.0,0.0
2024-03-05 00:00:00-05:00,3.2636087905829596,3.278276681900025,3.234273007948829,3.2782766819000244,1888500,0.0,0.0
2024-03-06 00:00:00-05:00,3.2856108024136144,3.3002786937306796,3.2636087905829596,3.2782766819000244,772300,0.0,0.0
2024-03-07 00:00:00-05:00,3.278276681900025,3.2929445732170897,3.270942911096549,3.2782766819000244,371300,0.0,0.0
2024-03-08 00:00:00-05:00,3.285611629486084,3.2929454021356577,3.278277507126308,3.285611629486084,426300,0.0,0.0
2024-03-11 00:00:00-04:00,3.292945384979248,3.3002795073008127,3.285611612367884,3.292945384979248,393500,0.0,0.0
2024-03-12 00:00:00-04:00,3.3002795244954335,3.3002795244954335,3.2636096121169587,3.285611629486084,415100,0.0,0.0
2024-03-13 00:00:00-04:00,3.270944062765163,3.3002798557281494,3.270944062765163,3.3002798557281494,2820900,0.0,0.0
2024-03-14 00:00:00-04:00,3.3002786937306796,3.3002786937306796,3.256275019779484,3.2782766819000244,267600,0.0,0.0
2024-03-15 00:00:00-04:00,3.2929445732170897,3.2929445732170897,3.2636087905829596,3.2782766819000244,646400,0.0,0.0
2024-03-18 00:00:00-04:00,3.292945384979248,3.3002795073008127,3.270943717434955,3.292945384979248,360500,0.0,0.0
2024-03-19 00:00:00-04:00,3.3002795073008127,3.3076136296223773,3.278277490046319,3.292945384979248,250900,0.0,0.0
2024-03-20 00:00:00-04:00,3.2922041416168217,3.3070338756686146,3.262544673513235,3.2922041416168213,499000,0.049,0.0
2024-03-21 00:00:00-04:00,3.2922041416168217,3.3070338756686146,3.2847890978065504,3.2922041416168213,339800,0.0,0.0
2024-03-22 00:00:00-04:00,3.307033962657135,3.307033962657135,3.2551297153261904,3.2699594497680664,283100,0.0,0.0
2024-03-25 00:00:00-04:00,3.2773746053232125,3.28478929601214,3.240300091172263,3.262544870376587,587800,0.0,0.0
2024-03-26 00:00:00-04:00,3.277374505996704,3.2847891964609164,3.2699594619637318,3.277374505996704,473100,0.0,0.0
2024-03-27 00:00:00-04:00,3.292204268898694,3.29961895942688,3.284789224801745,3.29961895942688,268700,0.0,0.0
2024-03-28 00:00:00-04:00,3.307033666855076,3.314448356628418,3.284788890397597,3.314448356628418,540400,0.0,0.0
2024-04-01 00:00:00-04:00,3.3292780897438283,3.336693133085897,3.2996186235130076,3.314448356628418,467100,0.0,0.0
2024-04-02 00:00:00-04:00,3.2773740737358485,3.3070335388183594,3.2773740737358485,3.3070335388183594,359900,0.0,0.0
2024-04-03 00:00:00-04:00,3.30703386316615,3.30703386316615,3.2847890853881836,3.2847890853881836,293200,0.0,0.0
2024-04-04 00:00:00-04:00,3.284789184209942,3.299618918651818,3.2551297153261904,3.2699594497680664,333900,0.0,0.0
2024-04-05 00:00:00-04:00,3.2699594497680664,3.284789184209942,3.2625447593315076,3.2699594497680664,292300,0.0,0.0
2024-04-08 00:00:00-04:00,3.3070335388183594,3.3070335388183594,3.292203806277104,3.3070335388183594,418600,0.0,0.0
2024-04-09 00:00:00-04:00,3.3070340035238286,3.314448694052014,3.292204268898694,3.29961895942688,164500,0.0,0.0
2024-04-10 00:00:00-04:00,3.30703386316615,3.30703386316615,3.269959351392455,3.2847890853881836,199700,0.0,0.0
2024-04-11 00:00:00-04:00,3.2996190309587656,3.2996190309587656,3.2625448703765865,3.262544870376587,349400,0.0,0.0
2024-04-12 00:00:00-04:00,3.2625446764630186,3.27737441052822,3.195810696385238,3.2106404304504395,531900,0.0,0.0
2024-04-15 00:00:00-04:00,3.2180559792930388,3.2328857156855446,3.114247470976692,3.1364922523498535,666800,0.0,0.0
2024-04-16 00:00:00-04:00,3.143906409328264,3.180980920791626,3.1216619853052427,3.180980920791626,399500,0.0,0.0
2024-04-17 00:00:00-04:00,3.1883954510123504,3.2402993344193063,3.1883954510123504,3.232884645462036,212800,0.0,0.0
2024-04-18 00:00:00-04:00,3.240299952397762,3.2551296867092643,3.240299952397762,3.2477149963378906,153400,0.0,0.0
2024-04-19 00:00:00-04:00,3.255130153383993,3.2699598898215743,3.240300416946411,3.240300416946411,257800,0.0,0.0
2024-04-22 00:00:00-04:00,3.262046813964844,3.269545943959806,3.247048911553119,3.2620468139648438,253900,0.049,0.0
2024-04-23 00:00:00-04:00,3.254547595977783,3.2695454963361907,3.2470484670095043,3.254547595977783,300900,0.0,0.0
2024-04-24 00:00:00-04:00,3.254547595977783,3.2695454963361907,3.2470484670095043,3.254547595977783,181200,0.0,0.0
2024-04-25 00:00:00-04:00,3.2470487397906864,3.2470487397906864,3.2095541645338628,3.217052936553955,234900,0.0,0.0
2024-04-26 00:00:00-04:00,3.2095543343129065,3.262046813964844,3.2095543343129065,3.2620468139648438,259900,0.0,0.0
2024-04-29 00:00:00-04:00,3.2620466901354015,3.292042493820191,3.2620466901354015,3.2920424938201904,258300,0.0,0.0
2024-04-30 00:00:00-04:00,3.2770442677263194,3.2770442677263194,3.239549695619376,3.254547595977783,231800,0.0,0.0
2024-05-01 00:00:00-04:00,3.2470492903153203,3.292043002798927,3.2470492903153203,3.2845442295074463,281300,0.0,0.0
2024-05-02 00:00:00-04:00,3.2770447731018066,3.2995418058979142,3.269546000555241,3.2770447731018066,218800,0.0,0.0
2024-05-03 00:00:00-04:00,3.2845437216880864,3.307040395662585,3.277044591977796,3.2920424938201904,328200,0.0,0.0
2024-05-06 00:00:00-04:00,3.2845438349838987,3.329537542063078,3.2845438349838987,3.322038412094116,347200,0.0,0.0
2024-05-07 00:00:00-04:00,3.322038682363631,3.322038682363631,3.299542005782889,3.314539909362793,224000,0.0,0.0
2024-05-08 00:00:00-04:00,3.3070407787837275,3.322038682363631,3.2920428752038235,3.314539909362793,348600,0.0,0.0
2024-05-09 00:00:00-04:00,3.329538106918335,3.329538106918335,3.314540202014218,3.329538106918335,313400,0.0,0.0
2024-05-10 00:00:00-04:00,3.3295377568805744,3.33703652975515,3.2845440468984584,3.29954195022583,302900,0.0,0.0
2024-05-13 00:00:00-04:00,3.2995418058979142,3.2995418058979142,3.269546000555241,3.2770447731018066,300500,0.0,0.0
2024-05-14 00:00:00-04:00,3.292043002798927,3.2995421336686483,3.2620471944765224,3.2845442295074463,366400,0.0,0.0
2024-05-15 00:00:00-04:00,3.299542005782889,3.337036585943535,3.2920428752038235,3.314539909362793,434500,0.0,0.0
2024-05-16 00:00:00-04:00,3.3220386264277777,3.3220386264277777,3.29954195022583,3.29954195022583,458400,0.0,0.0
2024-05-17 00:00:00-04:00,3.3145400378298504,3.3145400378298504,3.2845442295074463,3.2845442295074463,162900,0.0,0.0
2024-05-20 00:00:00-04:00,3.2770448850087406,3.3220385945592286,3.2770448850087406,3.3070406913757324,316700,0.0,0.0
2024-05-21 00:00:00-04:00,3.3220390829322795,3.3595340251922607,3.2995424036389065,3.3595340251922607,609700,0.0,0.0
2024-05-22 00:00:00-04:00,3.3739393743497716,3.3966851931024826,3.3587756156921387,3.3587756156921387,210100,0.049,0.0
2024-05-23 00:00:00-04:00,3.3663565748637923,3.373938270946851,3.3057015600697,3.3436107635498047,440200,0.0,0.0
2024-05-24 00:00:00-04:00,3.358774611750706,3.366356669579499,3.3284471035003658,3.328447103500366,241500,0.0,0.0
2024-05-28 00:00:00-04:00,3.3436114337641683,3.3511934928994283,3.305702222685304,3.313283920288086,525700,0.0,0.0
2024-05-29 00:00:00-04:00,3.3132839070451343,3.3132839070451343,3.2981201503677013,3.3057022094726562,147800,0.0,0.0
2024-05-30 00:00:00-04:00,3.2981204986572266,3.3057025585628654,3.282956740378464,3.2981204986572266,211800,0.0,0.0
2024-05-31 00:00:00-04:00,3.320865407203989,3.3284471035003658,3.298119595250026,3.328447103500366,246900,0.0,0.0
2024-06-03 00:00:00-04:00,3.3436112733072396,3.3891025413382776,3.3284475172968935,3.3663570880889893,415300,0.0,0.0
2024-06-04 00:00:00-04:00,3.3739395141601562,3.38910327344615,3.358775754874163,3.3739395141601562,387900,0.0,0.0
2024-06-05 00:00:00-04:00,3.3891025413382776,3.3891025413382776,3.3587750293175853,3.3663570880889893,256600,0.0,0.0
2024-06-06 00:00:00-04:00,3.38152143444485,3.38152143444485,3.3436118570345057,3.3587756156921387,164100,0.0,0.0
2024-06-07 00:00:00-04:00,3.351193332078643,3.3663570880889893,3.3436112733072396,3.3663570880889893,317800,0.0,0.0
2024-06-10 00:00:00-04:00,3.366357663478899,3.373939362013733,3.351193904876709,3.351193904876709,143000,0.0,0.0
2024-06-11 00:00:00-04:00,3.3511940559974356,3.3739395141601562,3.3436119955881693,3.3739395141601562,182500,0.0,0.0
2024-06-12 00:00:00-04:00,3.381521127742736,3.4194307017147025,3.3739390683353463,3.3966848850250244,407700,0.0,0.0
2024-06-13 00:00:00-04:00,3.4194310411290543,3.4194310411290543,3.3739394032341763,3.381521463394165,232300,0.0,0.0
2024-06-14 00:00:00-04:00,3.38910191113901,3.4194297790527344,3.3815202153098745,3.4194297790527344,314900,0.0,0.0
2024-06-17 00:00:00-04:00,3.4194303317697816,3.4270120288244237,3.3891024589538574,3.3891024589538574,283100,0.0,0.0
2024-06-18 00:00:00-04:00,3.3891024589538574,3.3966845175409515,3.3815207618992154,3.3891024589538574,182100,0.0,0.0
2024-06-20 00:00:00-04:00,3.396685025583262,3.411848783493042,3.396685025583262,3.411848783493042,198000,0.0,0.0
2024-06-21 00:00:00-04:00,3.418747457630121,3.418747457630121,3.3880860749573185,3.3957512378692627,199800,0.049,0.0
2024-06-24 00:00:00-04:00,3.40341629291807,3.40341629291807,3.3804200763557177,3.3880856037139893,333300,0.0,0.0
2024-06-25 00:00:00-04:00,3.3727547049673547,3.380419866336943,3.3420933284641237,3.365089178085327,280400,0.0,0.0
2024-06-26 00:00:00-04:00,3.357424736022949,3.36508989903475,3.34975920749863,3.357424736022949,171000,0.0,0.0
2024-06-27 00:00:00-04:00,3.357424391186099,3.380420243372145,3.3344281734875727,3.3497588634490967,224700,0.0,0.0
2024-06-28 00:00:00-04:00,3.3650896915762463,3.3650896915762463,3.326763147855045,3.334428310394287,451900,0.0,0.0
2024-07-01 00:00:00-04:00,3.372755427559069,3.3957512821069904,3.33442851596251,3.357424736022949,659200,0.0,0.0
2024-07-02 00:00:00-04:00,3.3650892525355847,3.403416156768799,3.3574240909964104,3.403416156768799,566900,0.0,0.0
2024-07-03 00:00:00-04:00,3.411081318307973,3.4187468453595953,3.3727547795872064,3.403416156768799,435900,0.0,0.0
2024-07-05 00:00:00-04:00,3.40341629291807,3.40341629291807,3.3727549145099083,3.3880856037139893,348800,0.0,0.0
2024-07-08 00:00:00-04:00,3.4034166283228657,3.4110817909240723,3.388085937607954,3.4110817909240723,264600,0.0,0.0
2024-07-09 00:00:00-04:00,3.411081754351192,3.4417431354522705,3.4034165918321695,3.4417431354522705,422700,0.0,0.0
2024-07-10 00:00:00-04:00,3.4417429017140364,3.4494084292249663,3.4264122122046468,3.434077739715576,257700,0.0,0.0
2024-07-11 00:00:00-04:00,3.4494084292249663,3.4494084292249663,3.434077739715576,3.434077739715576,238200,0.0,0.0
2024-07-12 00:00:00-04:00,3.434077972933248,3.449408663483787,3.426412444901731,3.4417431354522705,238100,0.0,0.0
2024-07-15 00:00:00-04:00,3.4417430034514434,3.457074058926487,3.4417430034514434,3.449408531188965,703200,0.0,0.0
2024-07-16 00:00:00-04:00,3.441742867452376,3.480069773600551,3.441742867452376,3.4647390842437744,745600,0.0,0.0
2024-07-17 00:00:00-04:00,3.464739566752444,3.4724050952545866,3.4494088752606746,3.4570744037628174,488800,0.0,0.0
2024-07-18 00:00:00-04:00,3.4494095291307945,3.4800709179265055,3.418748140335083,3.418748140335083,547300,0.0,0.0
2024-07-19 00:00:00-04:00,3.418748140335083,3.426413304777718,3.3804212215841507,3.418748140335083,3660400,0.0,0.0
2024-07-22 00:00:00-04:00,3.4417431354522705,3.4417431354522705,3.411081754351192,3.4417431354522705,332200,0.0,0.0
2024-07-23 00:00:00-04:00,3.4417429017140364,3.4417429017140364,3.4187470502061865,3.434077739715576,423400,0.0,0.0
2024-07-24 00:00:00-04:00,3.425553399242294,3.4333033277529172,3.3945529460906982,3.3945529460906982,393900,0.049,0.0
2024-07-25 00:00:00-04:00,3.4100527180439375,3.425552942553271,3.3635520445159366,3.3868021965026855,1042800,0.0,0.0
2024-07-26 00:00:00-04:00,3.3713023411270475,3.394552865214067,3.3713023411270475,3.3790526390075684,635700,0.0,0.0
2024-07-29 00:00:00-04:00,3.379052557758234,3.3868024858978645,3.3635523319244385,3.3635523319244385,569600,0.0,0.0
2024-07-30 00:00:00-04:00,3.371302260064069,3.379052557758234,3.3558020342302735,3.3635523319244385,528700,0.0,0.0
2024-07-31 00:00:00-04:00,3.394552493534604,3.394552493534604,3.371301971993352,3.3868021965026855,602900,0.0,0.0
2024-08-01 00:00:00-04:00,3.4100530914205653,3.4100530914205653,3.3713023411270475,3.3790526390075684,621000,0.0,0.0
2024-08-02 00:00:00-04:00,3.379052557758234,3.379052557758234,3.348052106090643,3.3635523319244385,596700,0.0,0.0
2024-08-05 00:00:00-04:00,3.301551372936431,3.340301752090454,3.301551372936431,3.340301752090454,619700,0.0,0.0
2024-08-06 00:00:00-04:00,3.3325516524651677,3.41005277633667,3.324801355300763,3.41005277633667,738800,0.0,0.0
2024-08-07 00:00:00-04:00,3.4100530914205653,3.4100530914205653,3.3790526390075684,3.3790526390075684,226900,0.0,0.0
2024-08-08 00:00:00-04:00,3.3868025673335462,3.4023027935400445,3.3713023411270475,3.3790526390075684,356900,0.0,0.0
2024-08-09 00:00:00-04:00,3.4023027935400445,3.4023027935400445,3.3713023411270475,3.3790526390075684,470200,0.0,0.0
2024-08-12 00:00:00-04:00,3.3868017892084237,3.394552085308297,3.3558013439178467,3.3558013439178467,327500,0.0,0.0
2024-08-13 00:00:00-04:00,3.3790526390075684,3.3790526390075684,3.355802114920549,3.3790526390075684,442300,0.0,0.0
2024-08-14 00:00:00-04:00,3.38680211354924,3.38680211354924,3.3635519621319605,3.3713018894195557,344000,0.0,0.0
2024-08-15 00:00:00-04:00,3.371301971993352,3.394552493534604,3.3635520445159366,3.3868021965026855,531100,0.0,0.0
2024-08-16 00:00:00-04:00,3.355802114920549,3.394552865214067,3.355802114920549,3.3790526390075684,662700,0.0,0.0
2024-08-19 00:00:00-04:00,3.379051877456167,3.4023020267486572,3.3713015813223635,3.4023020267486572,576600,0.0,0.0
2024-08-20 00:00:00-04:00,3.4100521691831727,3.417802095413208,3.402301873398694,3.417802095413208,383600,0.0,0.0
2024-08-21 00:00:00-04:00,3.417802095413208,3.4410526132122015,3.4100521691831727,3.417802095413208,421600,0.0,0.0
2024-08-22 00:00:00-04:00,3.4178027039465655,3.4255530011109703,3.3945525515623696,3.41005277633667,464200,0.0,0.0
2024-08-23 00:00:00-04:00,3.409269004785252,3.4327813697689242,3.4014317989349365,3.4014317989349365,685000,0.049,0.0
2024-08-26 00:00:00-04:00,3.4171065843519304,3.4171065843519304,3.393594219368258,3.4014317989349365,614800,0.0,0.0
2024-08-27 00:00:00-04:00,3.424943685531616,3.4327812648587686,3.409268900593664,3.424943685531616,346000,0.0,0.0
2024-08-28 00:00:00-04:00,3.4327812648587686,3.440618470469569,3.417106479920816,3.424943685531616,300800,0.0,0.0
2024-08-29 00:00:00-04:00,3.440618663952526,3.448456243720424,3.424943878133103,3.432781457901001,446600,0.0,0.0
2024-08-30 00:00:00-04:00,3.448456287384033,3.4562934935347913,3.4327815013661396,3.448456287384033,577800,0.0,0.0
2024-09-03 00:00:00-04:00,3.448455855481586,3.4641306395362887,3.4249434925413667,3.4406182765960693,474500,0.0,0.0
2024-09-04 00:00:00-04:00,3.4406182765960693,3.448455855481586,3.4327810714268834,3.4406182765960693,359700,0.0,0.0
2024-09-05 00:00:00-04:00,3.448456287384033,3.4562934935347913,3.4406187075168977,3.448456287384033,402400,0.0,0.0
2024-09-06 00:00:00-04:00,3.456292629241944,3.4641302071491866,3.440617847143742,3.4562926292419434,360700,0.0,0.0
2024-09-09 00:00:00-04:00,3.464130401611328,3.464130401611328,3.4562928232641155,3.464130401611328,300100,0.0,0.0
2024-09-10 00:00:00-04:00,3.4641307301878586,3.479805514652749,3.456293151097243,3.471967935562134,315500,0.0,0.0
2024-09-11 00:00:00-04:00,3.4719674147608166,3.4798049926757812,3.464130210562136,3.4798049926757812,540900,0.0,0.0
2024-09-12 00:00:00-04:00,3.479805514652749,3.479805514652749,3.4641307301878586,3.471967935562134,283600,0.0,0.0
2024-09-13 00:00:00-04:00,3.487643003463745,3.495480583191312,3.4798057974525496,3.487643003463745,261500,0.0,0.0
2024-09-16 00:00:00-04:00,3.487643003463745,3.495480583191312,3.4798057974525496,3.487643003463745,384000,0.0,0.0
2024-09-17 00:00:00-04:00,3.4798057974525496,3.495480583191312,3.471968217724983,3.487643003463745,539400,0.0,0.0
2024-09-18 00:00:00-04:00,3.4954801510672873,3.503317356109619,3.487642572308631,3.503317356109619,436700,0.0,0.0
2024-09-19 00:00:00-04:00,3.5111552183361736,3.5189924240112305,3.5033176389447616,3.5189924240112305,478700,0.0,0.0
2024-09-20 00:00:00-04:00,3.5189924240112305,3.526830003402642,3.5033176389447616,3.5189924240112305,427800,0.0,0.0
2024-09-23 00:00:00-04:00,3.5261243146373165,3.5340483712044115,3.5023529006156573,3.518200635910034,386600,0.049,0.0
2024-09-24 00:00:00-04:00,3.526123663302435,3.557819128036499,3.502352253671759,3.557819128036499,423400,0.0,0.0
2024-09-25 00:00:00-04:00,3.565743976125785,3.565743976125785,3.5340485043429646,3.549896240234375,462900,0.0,0.0
2024-09-26 00:00:00-04:00,3.557819492510227,3.557819492510227,3.534048080444336,3.534048080444336,282900,0.0,0.0
2024-09-27 00:00:00-04:00,3.557819177671742,3.557819177671742,3.5340477677094304,3.541971445083618,335000,0.0,0.0
2024-09-30 00:00:00-04:00,3.5578187026773436,3.57366681098938,3.5419709722050055,3.57366681098938,648400,0.0,0.0
2024-10-01 00:00:00-04:00,3.5736674757776,3.5974388869883125,3.565743420147516,3.589515209197998,979100,0.0,0.0
2024-10-02 00:00:00-04:00,3.5974388869883125,3.5974388869883125,3.5815911535679144,3.589515209197998,479700,0.0,0.0
2024-10-03 00:00:00-04:00,3.597438432348099,3.597438432348099,3.5578189148842894,3.5657429695129395,425500,0.0,0.0
2024-10-04 00:00:00-04:00,3.573667288099615,3.573667288099615,3.5340477677094304,3.541971445083618,545900,0.0,0.0
2024-10-07 00:00:00-04:00,3.5498961064987884,3.5578197852260702,3.5023529006156573,3.518200635910034,665900,0.0,0.0
2024-10-08 00:00:00-04:00,3.5182006359100346,3.5261243146373165,3.510276579342939,3.518200635910034,332700,0.0,0.0
2024-10-09 00:00:00-04:00,3.5102762905386626,3.5419717585197055,3.502352612463293,3.534048080444336,524300,0.0,0.0
2024-10-10 00:00:00-04:00,3.5261237621307373,3.534047817456216,3.5102760293195336,3.5261237621307373,249900,0.0,0.0
2024-10-11 00:00:00-04:00,3.518200035121306,3.5498955002975547,3.518200035121306,3.541971445083618,354500,0.0,0.0
2024-10-14 00:00:00-04:00,3.5340477677094304,3.5498955002975547,3.5340477677094304,3.541971445083618,427100,0.0,0.0
2024-10-15 00:00:00-04:00,3.534048080444336,3.5419717585197055,3.5261240245291843,3.534048080444336,510000,0.0,0.0
2024-10-16 00:00:00-04:00,3.5419721833687556,3.557819919260166,3.5340485043429646,3.549896240234375,590300,0.0,0.0
2024-10-17 00:00:00-04:00,3.557819177671742,3.557819177671742,3.526123712495494,3.541971445083618,352300,0.0,0.0
2024-10-18 00:00:00-04:00,3.5498955002975547,3.557819177671742,3.5340477677094304,3.541971445083618,234300,0.0,0.0
2024-10-21 00:00:00-04:00,3.541971395669467,3.557819128036499,3.534047718405823,3.557819128036499,330800,0.0,0.0
2024-10-22 00:00:00-04:00,3.557819177671742,3.557819177671742,3.5340477677094304,3.541971445083618,238500,0.0,0.0
2024-10-23 00:00:00-04:00,3.534048080444336,3.5419717585197055,3.5261240245291843,3.534048080444336,382900,0.0,0.0
2024-10-24 00:00:00-04:00,3.5332461141981772,3.5733057481518595,3.5172223370241014,3.557281970977783,850100,0.049,0.0
2024-10-25 00:00:00-04:00,3.557281970977783,3.5733057481518595,3.541258193803707,3.557281970977783,451600,0.0,0.0
2024-10-28 00:00:00-04:00,3.5492700330017692,3.557282112927012,3.5412583351135254,3.5412583351135254,407300,0.0,0.0
2024-10-29 00:00:00-04:00,3.5332463974601156,3.541258477707977,3.517222619001406,3.5252346992492676,312500,0.0,0.0
2024-10-30 00:00:00-04:00,3.517222619001406,3.5332463974601156,3.517222619001406,3.5252346992492676,378200,0.0,0.0
2024-10-31 00:00:00-04:00,3.5332465171813965,3.5412585977007414,3.5172227381797336,3.5332465171813965,312100,0.0,0.0
2024-11-01 00:00:00-04:00,3.541258261720564,3.541258261720564,3.5172224044799805,3.5172224044799805,540200,0.0,0.0
2024-11-04 00:00:00-05:00,3.517222522958508,3.533246300979665,3.5092108249664307,3.5092108249664307,386500,0.0,0.0
2024-11-05 00:00:00-05:00,3.509211039697415,3.5332465171813965,3.509211039697415,3.5332465171813965,210300,0.0,0.0
2024-11-06 00:00:00-05:00,3.5332466120324075,3.5652941708960593,3.5172228326005817,3.5492703914642334,340300,0.0,0.0
2024-11-07 00:00:00-05:00,3.5332466120324075,3.5572824721986644,3.5332466120324075,3.5492703914642334,290300,0.0,0.0
2024-11-08 00:00:00-05:00,3.5492706982723785,3.5733065605163574,3.541258998882432,3.5733065605163574,269300,0.0,0.0
2024-11-11 00:00:00-05:00,3.56529366854633,3.5813174457204062,3.5492698913722536,3.557281970977783,478500,0.0,0.0
2024-11-12 00:00:00-05:00,3.557282376702404,3.565294075184722,3.5252348186990785,3.5332465171813965,305900,0.0,0.0
2024-11-13 00:00:00-05:00,3.5412588872510193,3.5492705863884124,3.501199245452881,3.501199245452881,557300,0.0,0.0
2024-11-14 00:00:00-05:00,3.5011988151536535,3.5092108953434153,3.469151258468628,3.469151258468628,385300,0.0,0.0
2024-11-15 00:00:00-05:00,3.4611394909029594,3.5092108249664307,3.4611394909029594,3.5092108249664307,489000,0.0,0.0
2024-11-18 00:00:00-05:00,3.5092107067577794,3.5252344842391716,3.5092107067577794,3.5172224044799805,348600,0.0,0.0
2024-11-19 00:00:00-05:00,3.5172231366384525,3.581318259906304,3.5172231366384525,3.5733065605163574,534500,0.0,0.0
2024-11-20 00:00:00-05:00,3.5733057481518595,3.5813174457204062,3.557281970977783,3.557281970977783,346100,0.0,0.0
2024-11-21 00:00:00-05:00,3.580776479236282,3.5969790720079278,3.5564723969286716,3.5726749897003174,317000,0.049,0.0
2024-11-22 00:00:00-05:00,3.572674249904068,3.5888768393206316,3.572674249904068,3.580775737762451,218800,0.0,0.0
2024-11-25 00:00:00-05:00,3.5888770604639535,3.6050796508789062,3.5888770604639535,3.6050796508789062,445500,0.0,0.0
2024-11-26 00:00:00-05:00,3.6050794287371954,3.613180916595579,3.580775737762451,3.580775737762451,490200,0.0,0.0
2024-11-27 00:00:00-05:00,3.5888775824719636,3.5969790720079278,3.564573886464636,3.5726749897003174,241000,0.0,0.0
2024-11-29 00:00:00-05:00,3.5888770604639535,3.6050796508789062,3.5888770604639535,3.6050796508789062,194100,0.0,0.0
2024-12-02 00:00:00-05:00,3.6050798637793275,3.6212824551511353,3.5969787612435487,3.6131813526153564,558600,0.0,0.0
2024-12-03 00:00:00-05:00,3.6212819370632334,3.6455860137939453,3.613180835686459,3.6455860137939453,550200,0.0,0.0
2024-12-04 00:00:00-05:00,3.645586418525007,3.645586418525007,3.6212823390960693,3.6212823390960693,267500,0.0,0.0
2024-12-05 00:00:00-05:00,3.645586587245851,3.6617891788482666,3.629383995643435,3.6617891788482666,513100,0.0,0.0
2024-12-06 00:00:00-05:00,3.653687575944975,3.6779912668708805,3.6455860881028714,3.6698901653289795,602000,0.0,0.0
2024-12-09 00:00:00-05:00,3.6698905450092703,3.6698905450092703,3.6536879539489746,3.6536879539489746,773600,0.0,0.0
2024-12-10 00:00:00-05:00,3.6536879071013986,3.661789009377553,3.6131812368199148,3.6212823390960693,496400,0.0,0.0
2024-12-11 00:00:00-05:00,3.6455863931537253,3.6455863931537253,3.6131812116741555,3.6293838024139404,539900,0.0,0.0
2024-12-12 00:00:00-05:00,3.629383943987164,3.6374850465229427,3.6050798637793275,3.6131813526153564,341200,0.0,0.0
2024-12-13 00:00:00-05:00,3.6212818775924234,3.6212818775924234,3.5807755987733807,3.596978187561035,539900,0.0,0.0
2024-12-16 00:00:00-05:00,3.6212819177813396,3.6212819177813396,3.5564715619114566,3.564573049545288,460700,0.0,0.0
2024-12-17 00:00:00-05:00,3.5726743580410076,3.5726743580410076,3.507863998413086,3.507863998413086,691700,0.0,0.0
2024-12-18 00:00:00-05:00,3.5483716385877004,3.5483716385877004,3.4187504975153318,3.426851987838745,813400,0.0,0.0
2024-12-19 00:00:00-05:00,3.451155185699463,3.491661468007069,3.426851107274722,3.451155185699463,1104100,0.0,0.0
2024-12-20 00:00:00-05:00,3.451155185699463,3.475458877823982,3.4430536974578088,3.451155185699463,520900,0.0,0.0
2024-12-23 00:00:00-05:00,3.483118116566568,3.5240961330796,3.466726988120421,3.5159003734588623,679900,0.049,0.0
2024-12-24 00:00:00-05:00,3.49950909614563,3.5077048554177246,3.4831179683967517,3.49950909614563,278800,0.0,0.0
2024-12-26 00:00:00-05:00,3.4995085000889423,3.5322907500030345,3.4831173751318962,3.507704257965088,298000,0.0,0.0
2024-12-27 00:00:00-05:00,3.5159004041236424,3.5159004041236424,3.458531258664104,3.4667270183563232,722400,0.0,0.0
2024-12-30 00:00:00-05:00,3.4667265985629796,3.4667265985629796,3.4011620921459005,3.425748586654663,1847600,0.0,0.0
2024-12-31 00:00:00-05:00,3.4421395059996414,3.483117515440576,3.417553012971289,3.4503352642059326,955100,0.0,0.0
2025-01-02 00:00:00-05:00,3.48311746099226,3.4913132190704346,3.458530577552991,3.4913132190704346,329300,0.0,0.0
2025-01-03 00:00:00-05:00,3.49950909614563,3.5077048554177246,3.4667268406478735,3.49950909614563,384300,0.0,0.0
2025-01-06 00:00:00-05:00,3.507704224594524,3.507704224594524,3.46672621719413,3.4831173419952393,377700,0.0,0.0
2025-01-07 00:00:00-05:00,3.507704224594524,3.507704224594524,3.458530459395955,3.4831173419952393,367200,0.0,0.0
2025-01-08 00:00:00-05:00,3.474921584197064,3.4913130997934148,3.458530459395955,3.4831173419952393,464900,0.0,0.0
2025-01-10 00:00:00-05:00,3.4749223872532107,3.4831181469454298,3.4503358897672167,3.4667270183563232,366200,0.0,0.0
2025-01-13 00:00:00-05:00,3.466726336054702,3.474921703338623,3.442139452612429,3.474921703338623,405400,0.0,0.0
2025-01-14 00:00:00-05:00,3.4749217572342848,3.4749217572342848,3.4421395059996414,3.4503352642059326,400400,0.0,0.0
2025-01-15 00:00:00-05:00,3.474921703338623,3.4913132194969747,3.466726336054702,3.474921703338623,231700,0.0,0.0
2025-01-16 00:00:00-05:00,3.474922209124657,3.49950909614563,3.458531081375779,3.49950909614563,546600,0.0,0.0
2025-01-17 00:00:00-05:00,3.499509245012715,3.5159003734588623,3.4913138761873057,3.5159003734588623,728700,0.0,0.0
2025-01-21 00:00:00-05:00,3.515900490640164,3.5240962505340576,3.507705121541611,3.5240962505340576,361200,0.0,0.0
2025-01-22 00:00:00-05:00,3.5240962505340576,3.5240962505340576,3.515900490640164,3.5240962505340576,350200,0.0,0.0
2025-01-23 00:00:00-05:00,3.5240960437358773,3.5322914123535156,3.5077049157052818,3.5322914123535156,432500,0.0,0.0
2025-01-24 00:00:00-05:00,3.539751757910461,3.5480417644495956,3.5148821335823253,3.52317214012146,479400,0.049,0.0
2025-01-27 00:00:00-05:00,3.5480418105397757,3.5480418105397757,3.5065925678842005,3.5314621925354004,381300,0.0,0.0
2025-01-28 00:00:00-05:00,3.539751757910461,3.539751757910461,3.5065925223324594,3.52317214012146,379900,0.0,0.0
2025-01-29 00:00:00-05:00,3.5148821792417513,3.5314621925354004,3.4983025612373764,3.5314621925354004,398800,0.0,0.0
2025-01-30 00:00:00-05:00,3.539751757910461,3.539751757910461,3.5148821335823253,3.52317214012146,403300,0.0,0.0
2025-01-31 00:00:00-05:00,3.539752252832927,3.5563318729400635,3.5314626404240204,3.5563318729400635,803600,0.0,0.0
2025-02-03 00:00:00-05:00,3.5729114930472003,3.597781120852567,3.52317263272579,3.5563318729400635,784700,0.0,0.0
2025-02-04 00:00:00-05:00,3.5729113076580643,3.5977809341730107,3.5646216956792847,3.5812013149261475,632500,0.0,0.0
2025-02-05 00:00:00-05:00,3.589491374018759,3.614361003631513,3.581201761007409,3.6060709953308105,381500,0.0,0.0
2025-02-06 00:00:00-05:00,3.6309408706016906,3.63923048417389,3.5977816257341355,3.6226508617401123,741000,0.0,0.0
2025-02-07 00:00:00-05:00,3.6309408706016906,3.63923048417389,3.614361248167913,3.6226508617401123,255000,0.0,0.0
2025-02-10 00:00:00-05:00,3.6392290940482823,3.6392290940482823,3.614359867541941,3.630939483642578,271000,0.0,0.0
2025-02-11 00:00:00-05:00,3.6226494779476455,3.630939483642578,3.606069861847008,3.630939483642578,349600,0.0,0.0
2025-02-12 00:00:00-05:00,3.6226508617401123,3.6309408706016906,3.614361248167913,3.6226508617401123,196300,0.0,0.0
2025-02-13 00:00:00-05:00,3.630940624943565,3.630940624943565,3.606070995330811,3.6060709953308105,265000,0.0,0.0
2025-02-14 00:00:00-05:00,3.6226506364971423,3.6558098793029785,3.6143610234403605,3.6558098793029785,876600,0.0,0.0
2025-02-18 00:00:00-05:00,3.6558091999868796,3.6558091999868796,3.6226499633426346,3.647519588470459,340200,0.0,0.0
2025-02-19 00:00:00-05:00,3.6558098793029785,3.6640998876491153,3.6392302579000604,3.6558098793029785,334700,0.0,0.0
2025-02-20 00:00:00-05:00,3.6558091999868796,3.664099206792581,3.647519588470459,3.647519588470459,244100,0.0,0.0
2025-02-21 00:00:00-05:00,3.6550648623966278,3.6802141666412354,3.6550648623966278,3.6802141666412354,326200,0.049,0.0
2025-02-24 00:00:00-05:00,3.6802140989952328,3.6802140989952328,3.646681427458131,3.6718311309814453,248000,0.0,0.0
2025-02-25 00:00:00-05:00,3.663447618484497,3.671830985908035,3.6466812833783813,3.663447618484497,410200,0.0,0.0
2025-02-26 00:00:00-05:00,3.655064582824707,3.6634475503513775,3.655064582824707,3.655064582824707,137100,0.0,0.0
2025-02-27 00:00:00-05:00,3.671831198473361,3.696980502717968,3.638298526319895,3.6802141666412354,639100,0.0,0.0
2025-02-28 00:00:00-05:00,3.6802135972705896,3.6885969638824463,3.663447263787798,3.6885969638824463,348000,0.0,0.0
2025-03-03 00:00:00-05:00,3.6969799307533813,3.705363297365238,3.6885969638824463,3.6885969638824463,615200,0.0,0.0
2025-03-04 00:00:00-05:00,3.6885974667499966,3.7053638025185474,3.663447763226682,3.6718311309814453,341200,0.0,0.0
2025-03-05 00:00:00-05:00,3.6802141666412354,3.6885975345500936,3.671831198473361,3.6802141666412354,169400,0.0,0.0
2025-03-06 00:00:00-05:00,3.6550643684790267,3.671830702290085,3.6382980346679688,3.6382980346679688,219900,0.0,0.0
2025-03-07 00:00:00-05:00,3.629914973523588,3.6550646762281946,3.6131486383008378,3.646681308746338,237400,0.0,0.0
2025-03-10 00:00:00-04:00,3.6299147605895996,3.6466810948288217,3.596382092111155,3.6299147605895996,301800,0.0,0.0
2025-03-11 00:00:00-04:00,3.638298564534482,3.6466815327904065,3.5460835152733856,3.6047658920288086,743500,0.0,0.0
2025-03-12 00:00:00-04:00,3.59638185714199,3.6215315567281405,3.5376994912682473,3.571232557296753,737900,0.0,0.0
2025-03-13 00:00:00-04:00,3.579615975841304,3.5879993433418638,3.512550634800684,3.5376999378204346,552600,0.0,0.0
2025-03-14 00:00:00-04:00,3.55446620469655,3.55446620469655,3.520933534821372,3.5293169021606445,584200,0.0,0.0
2025-03-17 00:00:00-04:00,3.54608280414662,3.5544657707214355,3.5293164712560814,3.5544657707214355,303300,0.0,0.0
2025-03-18 00:00:00-04:00,3.5544664184197505,3.562849786263099,3.529317114371666,3.546083450317383,583300,0.0,0.0
2025-03-19 00:00:00-04:00,3.554466154416278,3.5879992235580658,3.5460831869365443,3.562849521636963,464400,0.0,0.0
2025-03-20 00:00:00-04:00,3.5796155239981937,3.5879988904405486,3.554465824412043,3.571232557296753,133200,0.0,0.0
2025-03-21 00:00:00-04:00,3.562849190854398,3.5879988904405486,3.562849190854398,3.571232557296753,407000,0.0,0.0
2025-03-24 00:00:00-04:00,3.5958268292114464,3.6043077474314202,3.5788653971639373,3.587346315383911,413000,0.049,0.0
2025-03-25 00:00:00-04:00,3.587346315383911,3.5958268292114464,3.570384883336402,3.587346315383911,405800,0.0,0.0
2025-03-26 00:00:00-04:00,3.6127883164783317,3.6127883164783317,3.5619036208613304,3.5788650512695312,454500,0.0,0.0
2025-03-27 00:00:00-04:00,3.587345968669831,3.604307399078032,3.5703845382616306,3.5788650512695312,219900,0.0,0.0
2025-03-28 00:00:00-04:00,3.5873460636155463,3.6043074944726623,3.561903715133667,3.561903715133667,175600,0.0,0.0
2025-03-31 00:00:00-04:00,3.5619038103081304,3.5703847281595045,3.5364618655388496,3.5449423789978027,446600,0.0,0.0
2025-04-01 00:00:00-04:00,3.553422635050331,3.6212683476558754,3.5110188624756926,3.5194997787475586,1038400,0.0,0.0
2025-04-02 00:00:00-04:00,3.5195005410434086,3.5534234046936035,3.5195005410434086,3.5534234046936035,247900,0.0,0.0
2025-04-03 00:00:00-04:00,3.536462119313987,3.536462119313987,3.4770969032716055,3.4855778217315674,571200,0.0,0.0
2025-04-04 00:00:00-04:00,3.4686161372463507,3.4686161372463507,3.095464244354971,3.2905209064483643,1620600,0.0,0.0
2025-04-07 00:00:00-04:00,3.2565978275999896,3.2565978275999896,3.120906377822621,3.1802713871002197,1025900,0.0,0.0
2025-04-08 00:00:00-04:00,3.2565982077862623,3.366847725797485,3.2226753413816502,3.2820403575897217,956400,0.0,0.0
2025-04-09 00:00:00-04:00,3.290521277683922,3.4177322289475853,3.214194626047231,3.392289876937866,848200,0.0,0.0
2025-04-10 00:00:00-04:00,3.3922893734171784,3.4686160137246347,3.2905207892688404,3.3329243659973145,522000,0.0,0.0
2025-04-11 00:00:00-04:00,3.341404821618827,3.3583662509918213,3.299001248186342,3.3583662509918213,356800,0.0,0.0
2025-04-14 00:00:00-04:00,3.4007705815842018,3.4262125275993163,3.349886082965311,3.366847515106201,174700,0.0,0.0
2025-04-15 00:00:00-04:00,3.3498857518943206,3.4092507585203604,3.3498857518943206,3.3838086128234863,397900,0.0,0.0
2025-04-16 00:00:00-04:00,3.3583667990357564,3.3922896633175363,3.3583667990357564,3.366847515106201,347400,0.0,0.0
2025-04-17 00:00:00-04:00,3.392289876937866,3.409251310146857,3.3753284437288755,3.392289876937866,230800,0.0,0.0
2025-04-21 00:00:00-04:00,3.3922894133992183,3.434693192823673,3.3668472670622687,3.417731761932373,1103700,0.0,0.0
2025-04-22 00:00:00-04:00,3.443173660561684,3.5279808138972117,3.426212229894578,3.468616008758545,970300,0.0,0.0
2025-04-23 00:00:00-04:00,3.502091460501518,3.562176511480213,3.4591739177703857,3.4591739177703857,398600,0.049,0.0
2025-04-24 00:00:00-04:00,3.4849245756404716,3.5364258756592823,3.459174130279041,3.5106754302978516,600100,0.0,0.0
2025-04-25 00:00:00-04:00,3.5278424921222946,3.5450095919427658,3.4677574381026743,3.519258737564087,323900,0.0,0.0
2025-04-28 00:00:00-04:00,3.502091684304603,3.5192587843533136,3.467757484207181,3.4935083389282227,340500,0.0,0.0
2025-04-29 00:00:00-04:00,3.5020919037514275,3.562176962334919,3.4935085578372007,3.5278427600860596,272800,0.0,0.0
2025-04-30 00:00:00-04:00,3.5278425006352756,3.5450096004971723,3.4935083009114827,3.502091646194458,421600,0.0,0.0
2025-05-01 00:00:00-04:00,3.545009861210489,3.562176962334919,3.519259004875857,3.5278427600860596,573500,0.0,0.0
2025-05-02 00:00:00-04:00,3.5278427215318717,3.5535931682891126,3.5278427215318717,3.536426067352295,217500,0.0,0.0
2025-05-05 00:00:00-04:00,3.5020916377436158,3.5535929372050283,3.5020916377436158,3.519258737564087,218800,0.0,0.0
2025-05-06 00:00:00-04:00,3.502091646194458,3.5278425006352756,3.4849245463325613,3.502091646194458,260400,0.0,0.0
2025-05-07 00:00:00-04:00,3.5192587460563542,3.5278425006352756,3.502091646194458,3.502091646194458,263700,0.0,0.0
2025-05-08 00:00:00-04:00,3.519258737564087,3.5364258373845576,3.5020916377436158,3.519258737564087,277000,0.0,0.0
2025-05-09 00:00:00-04:00,3.510675392301824,3.5364258373845576,3.510675392301824,3.519258737564087,238700,0.0,0.0
2025-05-12 00:00:00-04:00,3.55359291197439,3.5793437661702368,3.55359291197439,3.5707600116729736,288700,0.0,0.0
2025-05-13 00:00:00-04:00,3.562176666471653,3.5707600116729736,3.55359291197439,3.5707600116729736,424400,0.0,0.0
2025-05-14 00:00:00-04:00,3.5879266692967273,3.5879266692967273,3.536425376546542,3.56217622756958,427100,0.0,0.0
2025-05-15 00:00:00-04:00,3.5535931780708507,3.5793440341949463,3.5535931780708507,3.5793440341949463,186300,0.0,0.0
2025-05-16 00:00:00-04:00,3.5707600116729736,3.5879271113715574,3.562176666471653,3.5707600116729736,327200,0.0,0.0
2025-05-19 00:00:00-04:00,3.5707602406616914,3.587927341461181,3.5621768949099306,3.5879273414611816,504300,0.0,0.0
2025-05-20 00:00:00-04:00,3.596511135179019,3.605094481023069,3.5707602790549235,3.5793440341949463,273300,0.0,0.0
2025-05-21 00:00:00-04:00,3.5793438128823545,3.6050942581183145,3.5450096130371094,3.5450096130371094,506500,0.0,0.0
2025-05-22 00:00:00-04:00,3.5615140387841397,3.578887261833416,3.5354544113153805,3.5441408157348633,310100,0.049,0.0
2025-05-23 00:00:00-04:00,3.5441409156364254,3.561514139175415,3.5267676920974362,3.561514139175415,224800,0.0,0.0
2025-05-27 00:00:00-04:00,3.5962603092193604,3.5962603092193604,3.5615138648180364,3.5962603092193604,252500,0.0,0.0
2025-05-28 00:00:00-04:00,3.5962607458985993,3.631007194519043,3.5702011165384375,3.631007194519043,351200,0.0,0.0
2025-05-29 00:00:00-04:00,3.622320451108759,3.622320451108759,3.5962604099725204,3.613633632659912,281100,0.0,0.0
2025-05-30 00:00:00-04:00,3.631007194519043,3.6483804188292646,3.6136339702088214,3.631007194519043,229800,0.0,0.0
2025-06-02 00:00:00-04:00,3.631007194519043,3.6483804188292646,3.6049475651588807,3.631007194519043,470900,0.0,0.0
2025-06-03 00:00:00-04:00,3.639694013779324,3.6483804188292646,3.631007194519043,3.631007194519043,217500,0.0,0.0
2025-06-04 00:00:00-04:00,3.657067060470581,3.657067060470581,3.6396938370041543,3.657067060470581,235200,0.0,0.0
2025-06-05 00:00:00-04:00,3.674440045520526,3.683126449584961,3.6570668231813626,3.683126449584961,343600,0.0,0.0
2025-06-06 00:00:00-04:00,3.683126449584961,3.683126449584961,3.6570668231813626,3.683126449584961,331000,0.0,0.0
2025-06-09 00:00:00-04:00,3.683126449584961,3.683126449584961,3.6570668231813626,3.683126449584961,102100,0.0,0.0
2025-06-10 00:00:00-04:00,3.6918132678596893,3.6918132678596893,3.6657532272457978,3.683126449584961,202400,0.0,0.0
2025-06-11 00:00:00-04:00,3.700500526660535,3.700500526660535,3.6831268880428336,3.6918137073516846,118700,0.0,0.0
2025-06-12 00:00:00-04:00,3.6918132678596893,3.6918132678596893,3.683126449584961,3.683126449584961,155100,0.0,0.0
2025-06-13 00:00:00-04:00,3.691813847396103,3.7005006670344773,3.6657538026913374,3.674440622329712,285700,0.0,0.0
2025-06-16 00:00:00-04:00,3.6831268880428336,3.6918137073516846,3.6570672585369666,3.6918137073516846,171900,0.0,0.0
2025-06-17 00:00:00-04:00,3.6831268880428336,3.6918137073516846,3.6744404829443256,3.6918137073516846,149700,0.0,0.0
2025-06-18 00:00:00-04:00,3.700500526660535,3.709186931759043,3.6744404829443256,3.6918137073516846,137600,0.0,0.0
2025-06-20 00:00:00-04:00,3.6744404829443256,3.709186931759043,3.6744404829443256,3.6918137073516846,104400,0.0,0.0
2025-06-23 00:00:00-04:00,3.6997225284576416,3.708510249973903,3.6733585258256465,3.6997225284576416,95900,0.049,0.0
2025-06-24 00:00:00-04:00,3.6997220218043236,3.743661880493164,3.690933882449936,3.743661880493164,509900,0.0,0.0
2025-06-25 00:00:00-04:00,3.726085601784389,3.743661880493164,3.71729788147155,3.743661880493164,161300,0.0,0.0
2025-06-26 00:00:00-04:00,3.76123896064301,3.770026683807373,3.734874953066552,3.770026683807373,288300,0.0,0.0
2025-06-27 00:00:00-04:00,3.787602186203003,3.787602186203003,3.7700263225169284,3.787602186203003,235100,0.0,0.0
2025-06-30 00:00:00-04:00,3.796390691383831,3.796390691383831,3.770026683807373,3.770026683807373,308500,0.0,0.0
2025-07-01 00:00:00-04:00,3.761237741565777,3.822753040903281,3.761237741565777,3.813965320587158,495500,0.0,0.0
2025-07-02 00:00:00-04:00,3.822753429412842,3.822753429412842,3.805177567952799,3.822753429412842,249000,0.0,0.0
2025-07-03 00:00:00-04:00,3.822753040903281,3.822753040903281,3.813965320587158,3.813965320587158,110900,0.0,0.0
2025-07-07 00:00:00-04:00,3.7963903275668622,3.8227539135751516,3.7788144638807877,3.787602186203003,252300,0.0,0.0
2025-07-08 00:00:00-04:00,3.7788140773773193,3.796389939265705,3.7788140773773193,3.7788140773773193,142500,0.0,0.0
2025-07-09 00:00:00-04:00,3.7963900566101074,3.7963900566101074,3.7788141941784614,3.7963900566101074,242600,0.0,0.0
2025-07-10 00:00:00-04:00,3.8139661912529363,3.8139661912529363,3.7612386001947136,3.787602186203003,338400,0.0,0.0
2025-07-11 00:00:00-04:00,3.796389939265705,3.796389939265705,3.7612382154889334,3.7788140773773193,314400,0.0,0.0
2025-07-14 00:00:00-04:00,3.7788139852835303,3.822753429412842,3.770025845032713,3.822753429412842,417500,0.0,0.0
2025-07-15 00:00:00-04:00,3.8139658011540902,3.8139658011540902,3.7700259369123255,3.7788140773773193,768900,0.0,0.0
2025-07-16 00:00:00-04:00,3.7876017988007114,3.7876017988007114,3.7700259369123255,3.7788140773773193,195300,0.0,0.0
2025-07-17 00:00:00-04:00,3.778813601239571,3.813965320587158,3.7700254618819,3.813965320587158,403800,0.0,0.0
2025-07-18 00:00:00-04:00,3.8315418189747534,3.849117681578424,3.7524502277374268,3.7524502277374268,509600,0.0,0.0
2025-07-21 00:00:00-04:00,3.7788144638807877,3.7963903275668622,3.7788144638807877,3.787602186203003,201200,0.0,0.0
2025-07-22 00:00:00-04:00,3.7963900566101074,3.7963900566101074,3.7876019158734775,3.7963900566101074,226100,0.0,0.0
2025-07-23 00:00:00-04:00,3.7963903275668622,3.7963903275668622,3.787602186203003,3.787602186203003,219900,0.0,0.0
2025-07-24 00:00:00-04:00,3.7867133649215248,3.795602142545704,3.7511569828434403,3.7778241634368896,407700,0.049,0.0
2025-07-25 00:00:00-04:00,3.7867133649215248,3.7867133649215248,3.7689349619522545,3.7778241634368896,179700,0.0,0.0
2025-07-28 00:00:00-04:00,3.777823684545149,3.786712884902954,3.751156507332136,3.786712884902954,365200,0.0,0.0
2025-07-29 00:00:00-04:00,3.768934484187344,3.786712884902954,3.7600457076899407,3.786712884902954,265700,0.0,0.0
2025-07-30 00:00:00-04:00,3.768934782449858,3.7867131845723994,3.7600460052490234,3.7600460052490234,272700,0.0,0.0
2025-07-31 00:00:00-04:00,3.777823927644906,3.777823927644906,3.751156748715882,3.768934726715088,414200,0.0,0.0
2025-08-01 00:00:00-04:00,3.7778241634368896,3.7778241634368896,3.7511569828434403,3.7778241634368896,404200,0.0,0.0
2025-08-04 00:00:00-04:00,3.7956016063690186,3.8044908065979417,3.742267676576667,3.7956016063690186,626600,0.0,0.0
2025-08-05 00:00:00-04:00,3.7956019056441117,3.7956019056441117,3.7600459496457,3.768934726715088,516600,0.0,0.0
2025-08-06 00:00:00-04:00,3.777823684545149,3.786712884902954,3.7600457076899407,3.786712884902954,239500,0.0,0.0
2025-08-07 00:00:00-04:00,3.7956016063690186,3.8044908065979417,3.777823629771568,3.7956016063690186,363200,0.0,0.0
2025-08-08 00:00:00-04:00,3.8044908065979417,3.8044908065979417,3.786712830000491,3.7956016063690186,201400,0.0,0.0
2025-08-11 00:00:00-04:00,3.7778241634368896,3.7867133649215248,3.7778241634368896,3.7778241634368896,393600,0.0,0.0
2025-08-12 00:00:00-04:00,3.786712830000491,3.7956016063690186,3.777823629771568,3.7956016063690186,137600,0.0,0.0
2025-08-13 00:00:00-04:00,3.804491404009923,3.83115816116333,3.7956022023851452,3.83115816116333,545600,0.0,0.0
2025-08-14 00:00:00-04:00,3.8311579199827923,3.8578250993178997,3.822269142778047,3.8400471210479736,383900,0.0,0.0
2025-08-15 00:00:00-04:00,3.8578250993178997,3.8578250993178997,3.8311579199827923,3.8400471210479736,130000,0.0,0.0
2025-08-18 00:00:00-04:00,3.8400470654380165,3.848935842514038,3.813379886489092,3.848935842514038,378200,0.0,0.0
2025-08-19 00:00:00-04:00,3.848935842514038,3.8578250434504895,3.8222690874255436,3.848935842514038,394900,0.0,0.0
2025-08-20 00:00:00-04:00,3.848935842514038,3.8578250434504895,3.831157864501565,3.848935842514038,173600,0.0,0.0
2025-08-21 00:00:00-04:00,3.8578250993178997,3.8578250993178997,3.822269142778047,3.8400471210479736,273400,0.0,0.0
2025-08-22 00:00:00-04:00,3.8571296975242966,3.8841028213500977,3.839147757881515,3.8841028213500977,334900,0.049,0.0
2025-08-25 00:00:00-04:00,3.8661205768585205,3.8661205768585205,3.839147455159586,3.8661205768585205,518500,0.0,0.0
2025-08-26 00:00:00-04:00,3.8661205768585205,3.875111331609349,3.848138638633639,3.8661205768585205,186800,0.0,0.0
2025-08-27 00:00:00-04:00,3.8751117524181895,3.8841029368686195,3.8481390565134417,3.8571298122406006,267000,0.0,0.0
2025-08-28 00:00:00-04:00,3.8571298122406006,3.8571298122406006,3.8391478720630117,3.8571298122406006,304400,0.0,0.0
2025-08-29 00:00:00-04:00,3.8661208817073165,3.8841028213500977,3.8481389420645353,3.8841028213500977,266800,0.0,0.0
2025-09-02 00:00:00-04:00,3.8841028213500977,3.8841028213500977,3.8481389420645353,3.8841028213500977,394700,0.0,0.0
2025-09-03 00:00:00-04:00,3.8751117524181895,3.8841029368686195,3.8571298122406006,3.8571298122406006,428800,0.0,0.0
2025-09-04 00:00:00-04:00,3.8751116371670777,3.8841028213500977,3.8751116371670777,3.8841028213500977,147300,0.0,0.0
2025-09-05 00:00:00-04:00,3.893093880956222,3.902085065841675,3.884103124794062,3.902085065841675,249400,0.0,0.0
2025-09-08 00:00:00-04:00,3.911076362623546,3.920067548751831,3.902085605218612,3.920067548751831,323200,0.0,0.0
2025-09-09 00:00:00-04:00,3.9200670068892878,3.9290577630514485,3.902085065841675,3.902085065841675,482900,0.0,0.0
2025-09-10 00:00:00-04:00,3.9110753536224365,3.9110753536224365,3.9020845985369883,3.9110753536224365,230500,0.0,0.0
2025-09-11 00:00:00-04:00,3.929057292516574,3.929057292516574,3.9020845985369883,3.9110753536224365,452200,0.0,0.0
2025-09-12 00:00:00-04:00,3.920066842329275,3.9290575981140137,3.911075657821262,3.9290575981140137,207300,0.0,0.0
2025-09-15 00:00:00-04:00,3.9290575981140137,3.9380487826220265,3.911075657821262,3.9290575981140137,479900,0.0,0.0
2025-09-16 00:00:00-04:00,3.920065949696665,3.9380478858947754,3.920065949696665,3.9380478858947754,372300,0.0,0.0
2025-09-17 00:00:00-04:00,3.9380478858947754,3.9380478858947754,3.929056703434132,3.9380478858947754,269100,0.0,0.0
2025-09-18 00:00:00-04:00,3.9380487826220265,3.9380487826220265,3.920066842329275,3.9290575981140137,279500,0.0,0.0
2025-09-19 00:00:00-04:00,3.9290583061567643,3.9380494922850495,3.893094419090327,3.920067548751831,613600,0.0,0.0
2025-09-22 00:00:00-04:00,3.9290565360396097,3.9560296535491943,3.920065782685187,3.9560296535491943,418000,0.0,0.0
2025-09-23 00:00:00-04:00,3.973306333916208,3.973306333916208,3.9460298734695782,3.964214324951172,235000,0.049,0.0
2025-09-24 00:00:00-04:00,3.955121304138928,3.96421374532604,3.9187524064933967,3.936936855316162,378100,0.0,0.0
2025-09-25 00:00:00-04:00,3.946029033314994,3.964213480924912,3.909660138095159,3.9551210403442383,298300,0.0,0.0
2025-09-26 00:00:00-04:00,3.946029211231935,3.964213659661745,3.9096603143723136,3.927844762802124,222600,0.0,0.0
2025-09-29 00:00:00-04:00,3.9369367702413047,3.9369367702413047,3.9096603143723136,3.927844762802124,294300,0.0,0.0
2025-09-30 00:00:00-04:00,3.9278445857050763,3.9551210403442383,3.909660138095159,3.9551210403442383,386400,0.0,0.0
2025-10-01 00:00:00-04:00,3.982398776432766,3.982398776432766,3.927845421987984,3.964214324951172,554600,0.0,0.0
2025-10-02 00:00:00-04:00,3.973305882011697,3.973305882011697,3.9369369831849306,3.9460294246673584,218900,0.0,0.0
2025-10-03 00:00:00-04:00,3.9369367702413047,3.946029211231935,3.9096603143723136,3.927844762802124,328800,0.0,0.0
2025-10-06 00:00:00-04:00,3.9369369831849306,3.9551214325983137,3.9096605258405925,3.9460294246673584,270600,0.0,0.0
2025-10-07 00:00:00-04:00,3.946028664484453,3.9823975563049316,3.9369362247536386,3.9823975563049316,395600,0.0,0.0
2025-10-08 00:00:00-04:00,3.982398776432766,3.991490785397802,3.964214324951172,3.964214324951172,369700,0.0,0.0
2025-10-09 00:00:00-04:00,3.973305487954156,3.973305487954156,3.9369365927343205,3.9551210403442383,223700,0.0,0.0
2025-10-10 00:00:00-04:00,3.955121408031707,3.955121408031707,3.846014712229108,3.864199161529541,399300,0.0,0.0
2025-10-13 00:00:00-04:00,3.9096599484441428,3.918751955032349,3.8732910549885013,3.9187519550323486,192800,0.0,0.0
2025-10-14 00:00:00-04:00,3.9187524064933967,3.936936855316162,3.8641990600250997,3.936936855316162,280300,0.0,0.0
2025-10-15 00:00:00-04:00,3.918752533771548,3.9460294246673584,3.9096605258405925,3.9460294246673584,183500,0.0,0.0
2025-10-16 00:00:00-04:00,3.927844418615935,3.9369364252584083,3.9005675315856934,3.9005675315856934,154500,0.0,0.0
2025-10-17 00:00:00-04:00,3.891475501716322,3.918751955032349,3.8641986148488865,3.9187519550323486,185300,0.0,0.0
2025-10-20 00:00:00-04:00,3.946029347865505,3.955121355619502,3.791461314084382,3.800553321838379,1148600,0.0,0.0
2025-10-21 00:00:00-04:00,3.827829685391837,3.8369216918945312,3.809645238835044,3.8369216918945312,306700,0.0,0.0
2025-10-22 00:00:00-04:00,3.864198898494992,3.882383346557617,3.836922009625335,3.882383346557617,291700,0.0,0.0
2025-10-23 00:00:00-04:00,3.90056770876139,3.90056770876139,3.855106372829798,3.873291254043579,359600,0.0,0.0
2025-10-24 00:00:00-04:00,3.8907672446366615,3.8999650478363037,3.8631729578451166,3.8999650478363037,307200,0.049,0.0
2025-10-27 00:00:00-04:00,3.9091633813187827,3.918361623330472,3.8815690938800342,3.8907673358917236,313800,0.0,0.0
2025-10-28 00:00:00-04:00,3.9091637134552,3.9091637134552,3.8907676664651474,3.9091637134552,188100,0.0,0.0
2025-10-29 00:00:00-04:00,3.927559228350536,3.927559228350536,3.89076713935492,3.9183614253997803,205300,0.0,0.0
2025-10-30 00:00:00-04:00,3.899964953240795,3.9091631948136385,3.8539750611654724,3.8815689086914062,305700,0.0,0.0
2025-10-31 00:00:00-04:00,3.8815690938800342,3.8999651393070938,3.863173048452975,3.8907673358917236,260900,0.0,0.0
2025-11-03 00:00:00-05:00,3.89076715026425,3.9091631948136385,3.872371105714861,3.8815689086914062,390100,0.0,0.0
2025-11-04 00:00:00-05:00,3.8907673358917236,3.8907673358917236,3.8723712904646646,3.8907673358917236,310600,0.0,0.0
2025-11-05 00:00:00-05:00,3.89076713935492,3.9183614253997803,3.8815688978078673,3.9183614253997803,442800,0.0,0.0
2025-11-06 00:00:00-05:00,3.9091633305746756,3.927559375762939,3.890767285386412,3.9275593757629395,193700,0.0,0.0
2025-11-07 00:00:00-05:00,3.9367580032384573,3.9367580032384573,3.8907676664651474,3.9091637134552,175700,0.0,0.0
2025-11-10 00:00:00-05:00,3.9091633305746756,3.927559375762939,3.9091633305746756,3.9275593757629395,230700,0.0,0.0
2025-11-11 00:00:00-05:00,3.9459556066921837,3.9459556066921837,3.9183617569090687,3.936757802963257,213400,0.0,0.0
2025-11-12 00:00:00-05:00,3.955153849017445,3.955153849017445,3.9091635145838075,3.936757802963257,120100,0.0,0.0
2025-11-13 00:00:00-05:00,3.918361623330472,3.918361623330472,3.8723712904646646,3.8907673358917236,263400,0.0,0.0
2025-11-14 00:00:00-05:00,3.89076715026425,3.899964953240795,3.8539750611654724,3.8815689086914062,745400,0.0,0.0
2025-11-17 00:00:00-05:00,3.8907673358917236,3.8999651393070938,3.8355791996105464,3.8907673358917236,511000,0.0,0.0
2025-11-18 00:00:00-05:00,3.88156900284071,3.8999650478363037,3.835579109649881,3.8999650478363037,701300,0.0,0.0
2025-11-19 00:00:00-05:00,3.890766814871473,3.899964617055147,3.8631725311279297,3.8631725311279297,282700,0.0,0.0
2025-11-20 00:00:00-05:00,3.8808558585130917,3.890162236353918,3.8157094385325885,3.8250162601470947,417900,0.049,0.0
2025-11-21 00:00:00-05:00,3.8343225917845807,3.852935791015625,3.8250162140558954,3.852935791015625,438600,0.0,0.0
2025-11-24 00:00:00-05:00,3.8343225917845807,3.8808558117490293,3.8343225917845807,3.852935791015625,182000,0.0,0.0
2025-11-25 00:00:00-05:00,3.880856275558472,3.8901626543993824,3.8622430741029237,3.8808562755584717,398800,0.0,0.0
2025-11-26 00:00:00-05:00,3.8808560895616573,3.908775668520021,3.8715492673930654,3.890162467956543,457700,0.0,0.0
2025-11-28 00:00:00-05:00,3.908775468449541,3.936695489752526,3.880855890920239,3.9273886680603027,512900,0.0,0.0
2025-12-01 00:00:00-05:00,3.8994691898528444,3.946001968178126,3.8715491678387193,3.908775568008423,434200,0.0,0.0
2025-12-02 00:00:00-05:00,3.9087758558549304,3.936695879925116,3.880856275558472,3.8808562755584717,374500,0.0,0.0
2025-12-03 00:00:00-05:00,3.880856275558472,3.918082678469568,3.880856275558472,3.8808562755584717,438900,0.0,0.0
2025-12-04 00:00:00-05:00,3.890162553237733,3.899469375610352,3.88085617463883,3.8994693756103516,325500,0.0,0.0
2025-12-05 00:00:00-05:00,3.8994689110856697,3.8994689110856697,3.8622425135772254,3.871548891067505,407600,0.0,0.0
2025-12-08 00:00:00-05:00,3.890162089821727,3.890162089821727,3.8529356923132827,3.871548891067505,308700,0.0,0.0
2025-12-09 00:00:00-05:00,3.8994689110856697,3.8994689110856697,3.8622425135772254,3.871548891067505,206100,0.0,0.0
2025-12-10 00:00:00-05:00,3.890162467956543,3.890162467956543,3.8715492673930654,3.890162467956543,179100,0.0,0.0
2025-12-11 00:00:00-05:00,3.8715489902466698,3.8715489902466698,3.84362941328694,3.852935791015625,634200,0.0,0.0
2025-12-12 00:00:00-05:00,3.8343230306921057,3.8529362320537675,3.8157098293304443,3.8157098293304443,500900,0.0,0.0
2025-12-15 00:00:00-05:00,3.815709060176085,3.834322257785778,3.8064026832580566,3.8064026832580566,546500,0.0,0.0
2025-12-16 00:00:00-05:00,3.8250162601470943,3.8250162601470943,3.78778986123643,3.8250162601470947,594200,0.0,0.0
2025-12-17 00:00:00-05:00,3.843629473130354,3.843629473130354,3.7877898745678253,3.7970962524414062,514100,0.0,0.0
2025-12-18 00:00:00-05:00,3.797096512417831,3.871549315598775,3.7877901339070688,3.8622429370880127,931800,0.0,0.0
2025-12-19 00:00:00-05:00,3.871549036898586,3.871549036898586,3.8157094385325885,3.8250162601470947,508700,0.0,0.0
2025-12-22 00:00:00-05:00,3.852936130252191,3.852936130252191,3.834322929382324,3.834322929382324,397100,0.0,0.0
2025-12-23 00:00:00-05:00,3.8616366595967118,3.8616366595967118,3.842799425125122,3.842799425125122,266000,0.049,0.0
2025-12-24 00:00:00-05:00,3.8239623338488244,3.8427995690258094,3.8239623338488244,3.833381175994873,396200,0.0,0.0
2025-12-26 00:00:00-05:00,3.842799526020528,3.8804739959528773,3.8333811330949943,3.8710556030273438,276200,0.0,0.0
2025-12-29 00:00:00-05:00,3.8522185607530957,3.9087302684783936,3.842799718241314,3.9087302684783936,1042400,0.0,0.0
2025-12-30 00:00:00-05:00,3.918148684429896,3.9464047630127665,3.889893054962158,3.889893054962158,739100,0.0,0.0
2025-12-31 00:00:00-05:00,3.936985513258666,3.9746599813958716,3.9181482791900635,3.9181482791900635,1345300,0.0,0.0
2026-01-02 00:00:00-05:00,3.936985969543457,3.936985969543457,3.9087303397233537,3.936985969543457,260300,0.0,0.0
2026-01-05 00:00:00-05:00,3.9558233512724246,3.9558233512724246,3.9087304834686782,3.927567720413208,381900,0.0,0.0
2026-01-06 00:00:00-05:00,3.9369858531059694,3.9464046955108643,3.9275674598161996,3.9464046955108643,248000,0.0,0.0
2026-01-07 00:00:00-05:00,3.936985969543457,3.936985969543457,3.9181487332916753,3.936985969543457,184300,0.0,0.0
2026-01-08 00:00:00-05:00,3.936985969543457,3.946404812226917,3.9181487332916753,3.936985969543457,148500,0.0,0.0
2026-01-09 00:00:00-05:00,3.936985969543457,3.936985969543457,3.9275675759751354,3.936985969543457,140000,0.0,0.0
2026-01-12 00:00:00-05:00,3.9181487332916753,3.936985969543457,3.9181487332916753,3.936985969543457,263100,0.0,0.0
2026-01-13 00:00:00-05:00,3.9558230888006345,3.9558230888006345,3.9275674598161996,3.9464046955108643,311700,0.0,0.0
2026-01-14 00:00:00-05:00,3.955822828822635,3.9652416706085205,3.936985594365959,3.9652416706085205,259000,0.0,0.0
2026-01-15 00:00:00-05:00,3.974660324495299,3.9840791669001945,3.9464046955108643,3.9464046955108643,734600,0.0,0.0
2026-01-16 00:00:00-05:00,3.9652418652964543,4.00291633605957,3.9464046299148965,4.00291633605957,723600,0.0,0.0
2026-01-20 00:00:00-05:00,3.9934974938112324,4.00291633605957,3.9652418652964543,4.00291633605957,340300,0.0,0.0
2026-01-21 00:00:00-05:00,4.040590806822686,4.040590806822686,3.984079100678012,4.00291633605957,537400,0.0,0.0
2026-01-22 00:00:00-05:00,4.031172413689466,4.031172413689466,3.9934974938112324,4.00291633605957,391500,0.0,0.0
2026-01-23 00:00:00-05:00,4.011491775512695,4.011491775512695,3.9829061237741223,4.011491775512695,280000,0.049,0.0
2026-01-26 00:00:00-05:00,4.01149184076602,4.021020088598189,3.992434890748153,4.001963138580322,227900,0.0,0.0
2026-01-27 00:00:00-05:00,4.011491688138268,4.02101993560791,4.001962986315115,4.02101993560791,182700,0.0,0.0
2026-01-28 00:00:00-05:00,4.030548790783887,4.030548790783887,4.001963138580322,4.001963138580322,282700,0.0,0.0
2026-01-29 00:00:00-05:00,4.02101993560791,4.02101993560791,4.001962986315115,4.02101993560791,188200,0.0,0.0
2026-01-30 00:00:00-05:00,4.040076732635498,4.049605434099527,4.021019784060934,4.040076732635498,414300,0.0,0.0
2026-02-02 00:00:00-05:00,4.040076884900706,4.040076884900706,4.02101993560791,4.02101993560791,231100,0.0,0.0
2026-02-03 00:00:00-05:00,4.021020243052489,4.030548945604201,3.9829063415527344,3.9829063415527344,444200,0.0,0.0
2026-02-04 00:00:00-05:00,4.011491909140045,4.011491909140045,3.9638493061065674,3.9638493061065674,391900,0.0,0.0
2026-02-05 00:00:00-05:00,3.9829064298669583,3.9829064298669583,3.9638494786945255,3.9733781814575195,229200,0.0,0.0
2026-02-06 00:00:00-05:00,4.0114919289217665,4.0114919289217665,3.9733780280484483,3.9924349784851074,280500,0.0,0.0
2026-02-09 00:00:00-05:00,4.021020088598189,4.021020088598189,3.992434890748153,4.001963138580322,293800,0.0,0.0
2026-02-10 00:00:00-05:00,4.021020193456025,4.049605846405029,4.011491945375383,4.049605846405029,222200,0.0,0.0
2026-02-11 00:00:00-05:00,4.06866238267409,4.078191084138119,4.040076732635498,4.040076732635498,215100,0.0,0.0
2026-02-12 00:00:00-05:00,4.0305495262146,4.040077775785333,4.0210208222902555,4.0305495262146,242300,0.0,0.0
2026-02-13 00:00:00-05:00,4.040077143970848,4.059134548839211,4.030548895890206,4.049605846405029,285400,0.0,0.0
2026-02-17 00:00:00-05:00,4.059134652229292,4.097248554229736,4.049605949552405,4.097248554229736,457700,0.0,0.0
2026-02-18 00:00:00-05:00,4.078191515615505,4.106776714324951,4.078191515615505,4.106776714324951,306000,0.0,0.0
2026-02-19 00:00:00-05:00,4.087719611589513,4.125833511352539,4.087719611589513,4.125833511352539,323500,0.0,0.0
2026-02-20 00:00:00-05:00,4.115232425482524,4.115232425482524,3.9995819752921764,4.028494358062744,653200,0.049,0.0
2026-02-23 00:00:00-05:00,4.0670448767907015,4.0670448767907015,3.999582337841423,4.009219646453857,223400,0.0,0.0
2026-02-24 00:00:00-05:00,4.018856689496918,4.047769069671631,3.9995816161957762,4.047769069671631,271100,0.0,0.0
2026-02-25 00:00:00-05:00,4.047769135728381,4.057406902313232,4.028494062112685,4.057406902313232,216500,0.0,0.0
2026-02-26 00:00:00-05:00,4.0477698000117535,4.0574075681782675,4.009219646453857,4.009219646453857,294100,0.0,0.0
2026-02-27 00:00:00-05:00,4.038132077059495,4.06704445948427,4.018857002258301,4.018857002258301,405700,0.0,0.0
2026-03-02 00:00:00-05:00,4.009219235080687,4.028494309881881,4.009219235080687,4.018857002258301,253100,0.0,0.0
2026-03-03 00:00:00-05:00,4.018857002258301,4.028494309881881,3.9706690854782987,4.018857002258301,380200,0.0,0.0
2026-03-04 00:00:00-05:00,4.009219180218052,4.0284942547554845,3.9706690311431885,3.9706690311431885,321500,0.0,0.0
2026-03-05 00:00:00-05:00,3.970668992968519,3.989944067320637,3.9224815368652344,3.9224815368652344,206700,0.0,0.0
2026-03-06 00:00:00-05:00,3.9513939892049166,3.9513939892049166,3.8550186157226562,3.8550186157226562,475300,0.0,0.0
2026-03-09 00:00:00-04:00,3.8839313423657362,3.903206416490583,3.7682806678396483,3.8357434272766113,921200,0.0,0.0
2026-03-10 00:00:00-04:00,3.8357437221149904,3.8550187977214354,3.8164686465085453,3.845381259918213,340200,0.0,0.0
2026-03-11 00:00:00-04:00,3.855018501401458,3.8742935755263046,3.8357434272766113,3.8357434272766113,321300,0.0,0.0
2026-03-12 00:00:00-04:00,3.835743620741231,3.835743620741231,3.777918395450142,3.7875559329986572,396600,0.0,0.0
2026-03-13 00:00:00-04:00,3.8068309509874463,3.8068309509874463,3.7393681891598862,3.7779183387756348,615900,0.0,0.0
2026-03-16 00:00:00-04:00,3.7779182049020714,3.8357434272766113,3.7779182049020714,3.8357434272766113,282200,0.0,0.0
2026-03-17 00:00:00-04:00,3.8453810675901776,3.893568754196167,3.8357435302689797,3.893568754196167,182600,0.0,0.0
2026-03-18 00:00:00-04:00,3.8839316368103027,3.903206712396411,3.8742938692402227,3.8839316368103027,149400,0.0,0.0
2026-03-19 00:00:00-04:00,3.8550186157226562,3.8646563828478975,3.826106003677978,3.8550186157226562,255300,0.0,0.0
2026-03-20 00:00:00-04:00,3.855018511326516,3.855018511326516,3.7875557517158644,3.7971932888031006,164400,0.0,0.0
2026-03-23 00:00:00-04:00,3.8068309964341838,3.845381146510152,3.7971934589151917,3.826106071472168,377600,0.0,0.0
2026-03-24 00:00:00-04:00,3.8446463569798723,3.8446463569798723,3.795856475830078,3.795856475830078,361300,0.049,0.0
2026-03-25 00:00:00-04:00,3.805614471435547,3.854404352833745,3.776340309948122,3.805614471435547,423000,0.0,0.0
2026-03-26 00:00:00-04:00,3.8056144920822765,3.8056144920822765,3.6982765197753906,3.6982765197753906,338000,0.0,0.0
2026-03-27 00:00:00-04:00,3.727550147808699,3.7373081233534147,3.6592443189956896,3.6690022945404053,418300,0.0,0.0
2026-03-30 00:00:00-04:00,3.678760290145874,3.6982762413417283,3.6690023145479467,3.678760290145874,329000,0.0,0.0
2026-03-31 00:00:00-04:00,3.7275503481073042,3.8836781978607178,3.6982764199001332,3.8836781978607178,669100,0.0,0.0
2026-04-01 00:00:00-04:00,3.8836783403877777,3.8836783403877777,3.8153725053976233,3.834888458251953,538700,0.0,0.0
2026-04-02 00:00:00-04:00,3.805614452060037,3.8251304045199546,3.7763402907216554,3.795856475830078,357200,0.0,0.0
2026-04-06 00:00:00-04:00,3.776340385878026,3.8544044303332625,3.776340385878026,3.844646453857422,250200,0.0,0.0
2026-04-07 00:00:00-04:00,3.8446462935844896,3.8836781978607178,3.8446462935844896,3.8836781978607178,338400,0.0,0.0
2026-04-08 00:00:00-04:00,3.9422261328094907,3.9422261328094907,3.8934362514922456,3.9227101802825928,206200,0.0,0.0
2026-04-09 00:00:00-04:00,3.9129523783507296,3.922710121820248,3.8739202412301457,3.8934361934661865,347000,0.0,0.0
2026-04-10 00:00:00-04:00,3.8934361345609454,3.903194110531334,3.8641622066497803,3.8641622066497803,218100,0.0,0.0
2026-04-13 00:00:00-04:00,3.864162347377801,3.9324684143066406,3.864162347377801,3.9324684143066406,342000,0.0,0.0
2026-04-14 00:00:00-04:00,3.942225958618221,3.951984167098999,3.9324682154344335,3.951984167098999,292500,0.0,0.0
2026-04-15 00:00:00-04:00,3.951984167098999,3.961741910282787,3.9227100069536553,3.951984167098999,234700,0.0,0.0
2026-04-16 00:00:00-04:00,3.961742110635419,3.9715003196096883,3.9324684143066406,3.9324684143066406,222900,0.0,0.0
2026-04-17 00:00:00-04:00,3.932468293366893,4.000773892898038,3.932468293366893,3.991016149520874,269000,0.0,0.0
2026-04-20 00:00:00-04:00,3.9910160704281306,4.010532022092697,3.942225958618221,3.951984167098999,409800,0.0,0.0
2026-04-21 00:00:00-04:00,3.9715003332196424,3.9910162859380454,3.9324684277828363,3.9422261714935303,279300,0.0,0.0
2026-04-22 00:00:00-04:00,3.951984418898967,3.971500371806988,3.951984418898967,3.9617421627044678,313800,0.0,0.0
2026-04-23 00:00:00-04:00,3.9607547210175675,3.9706316693615347,3.881737014850087,3.8916141986846924,401300,0.049,0.0
2026-04-24 00:00:00-04:00,3.891614003378344,3.9212455533950568,3.871859636700535,3.9113683700561523,432700,0.0,0.0
2026-04-27 00:00:00-04:00,3.9212456389728345,3.9607546086813272,3.901491271863904,3.9508771896362305,186500,0.0,0.0
2026-04-28 00:00:00-04:00,3.9409999632934176,3.9409999632934176,3.8916140460572857,3.9311227798461914,342700,0.0,0.0
2026-04-29 00:00:00-04:00,3.9409999417375756,3.9508771251307775,3.8916140247715663,3.921245574951172,294000,0.0,0.0
2026-04-30 00:00:00-04:00,3.9706315994262695,4.010140334068818,3.9508772321049954,3.9706315994262695,713200,0.0,0.0
2026-05-01 00:00:00-04:00,3.990385966747544,4.010140334068818,3.9706315994262695,3.9706315994262695,342200,0.0,0.0
2026-05-04 00:00:00-04:00,3.9706315352441517,3.9706315352441517,3.9311228012402304,3.940999984741211,246100,0.0,0.0
2026-05-05 00:00:00-04:00,3.970631556745161,3.970631556745161,3.941000006081765,3.9508771896362305,209700,0.0,0.0
2026-05-06 00:00:00-04:00,3.9508771896362305,3.9607546086813272,3.9311228225273,3.9508771896362305,307400,0.0,0.0
2026-05-07 00:00:00-04:00,3.941000117857719,3.950877301692324,3.8916141986846924,3.8916141986846924,542900,0.0,0.0
2026-05-08 00:00:00-04:00,3.9212457289137386,3.9410000964757717,3.8521054424466232,3.881736993789673,1247200,0.0,0.0
2026-05-11 00:00:00-04:00,3.881736993789673,3.8916141775706894,3.8521054424466232,3.881736993789673,492000,0.0,0.0
2026-05-12 00:00:00-04:00,3.881737014850087,3.8916141986846924,3.8422282795116662,3.8916141986846924,329600,0.0,0.0
2026-05-13 00:00:00-04:00,3.901491208164768,3.921245574951172,3.861982474591961,3.921245574951172,332400,0.0,0.0
2026-05-14 00:00:00-04:00,3.9409998982984606,3.9409998982984606,3.901491165161133,3.901491165161133,416100,0.0,0.0
2026-05-15 00:00:00-04:00,3.901491340076116,3.9113685238032705,3.8718597888946533,3.8718597888946533,292800,0.0,0.0
2026-05-18 00:00:00-04:00,3.901491165161133,3.911368348445465,3.861982432023805,3.901491165161133,303600,0.0,0.0
2026-05-19 00:00:00-04:00,3.9014913825192976,3.9212457501885085,3.8619826471808767,3.8916141986846924,531500,0.0,0.0
2026-05-20 00:00:00-04:00,3.8916140672363095,3.940999984741211,3.881736883735329,3.940999984741211,320300,0.0,0.0
2026-05-21 00:00:00-04:00,3.950000047683716,3.9700000286102295,3.9200000762939453,3.9600000381469727,417500,0.049,0.0
2026-05-22 00:00:00-04:00,3.9700000286102295,3.9700000286102295,3.930000066757202,3.940000057220459,274700,0.0,0.0
2026-05-26 00:00:00-04:00,3.940000057220459,3.9600000381469727,3.9200000762939453,3.950000047683716,346000,0.0,0.0
2026-05-27 00:00:00-04:00,3.950000047683716,4.0,3.9200000762939453,3.9700000286102295,506500,0.0,0.0
2026-05-28 00:00:00-04:00,3.990000009536743,4.0,3.9600000381469727,3.990000009536743,485400,0.0,0.0
2026-05-29 00:00:00-04:00,4.0,4.039999961853027,3.9800000190734863,4.03000020980835,433600,0.0,0.0
2026-06-01 00:00:00-04:00,4.0,4.019999980926514,3.9600000381469727,3.9700000286102295,373300,0.0,0.0
2026-06-02 00:00:00-04:00,3.990000009536743,4.0,3.9600000381469727,3.990000009536743,351800,0.0,0.0
2026-06-03 00:00:00-04:00,3.990000009536743,3.990000009536743,3.9200000762939453,3.9600000381469727,433300,0.0,0.0
2026-06-04 00:00:00-04:00,3.950000047683716,3.950000047683716,3.9200000762939453,3.930000066757202,418012,0.0,0.0
