Date,Open,High,Low,Close,Volume,Dividends,Stock Splits
2022-01-03 00:00:00-05:00,31.492881935216303,32.31667188015102,31.22972322505912,31.55580711364746,342080,0.0,0.0
2022-01-04 00:00:00-05:00,31.63590579224256,32.49402387246444,31.63590579224256,32.13933563232422,373547,0.0,0.0
2022-01-05 00:00:00-05:00,32.37389032703892,33.50088390852018,32.37389032703892,32.44253921508789,360571,0.0,0.0
2022-01-06 00:00:00-05:00,32.79150582550485,33.03177692253704,32.248031357333076,32.78578567504883,379548,0.0,0.0
2022-01-07 00:00:00-05:00,32.974567608111904,33.48371762257154,32.842989991750024,33.28921127319336,375331,0.0,0.0
2022-01-10 00:00:00-05:00,33.18051659085544,33.41506752370358,32.591277413826056,32.79150390625,444752,0.0,0.0
2022-01-11 00:00:00-05:00,32.63704279436864,32.64848309483538,31.83613326927352,32.602718353271484,324724,0.0,0.0
2022-01-12 00:00:00-05:00,32.905913480862075,33.35785484061309,32.55122528030183,33.06037521362305,478977,0.0,0.0
2022-01-13 00:00:00-05:00,33.23772215896508,33.89561015721526,33.123305008123374,33.5123176574707,323589,0.0,0.0
2022-01-14 00:00:00-05:00,33.22056238984777,33.32353571486616,32.82010939043281,33.28921127319336,326346,0.0,0.0
2022-01-18 00:00:00-05:00,33.0031719325616,33.420788923080366,32.59127863207487,32.99745178222656,384252,0.0,0.0
2022-01-19 00:00:00-05:00,33.46654768935189,33.46654768935189,32.654194540637185,32.7457275390625,369167,0.0,0.0
2022-01-20 00:00:00-05:00,32.57411441156105,33.02605584059858,31.132477250937313,31.1839656829834,437291,0.0,0.0
2022-01-21 00:00:00-05:00,30.955130592820037,30.955130592820037,29.359033667344136,29.387636184692383,528448,0.0,0.0
2022-01-24 00:00:00-05:00,28.661100642645987,30.211432999440767,28.397945419724742,30.142784118652344,619604,0.0,0.0
2022-01-25 00:00:00-05:00,29.753761863292215,30.697692632030588,29.072991573674997,30.365888595581055,554724,0.0,0.0
2022-01-26 00:00:00-05:00,30.794952025839233,31.14392011959444,29.959718076751972,30.142784118652344,485951,0.0,0.0
2022-01-27 00:00:00-05:00,30.33156250343895,31.25260919377247,30.33156250343895,30.680530548095703,435020,0.0,0.0
2022-01-28 00:00:00-05:00,30.57755980214207,31.052385330200195,29.68511909317207,31.052385330200195,366572,0.0,0.0
2022-01-31 00:00:00-05:00,30.67481253459817,31.029500753262443,30.302960327108185,30.995176315307617,582136,0.0,0.0
2022-02-01 00:00:00-05:00,31.264049162442294,31.567252469711374,31.040942103473256,31.469999313354492,338349,0.0,0.0
2022-02-02 00:00:00-05:00,31.469998221926534,31.62445994482963,30.754898177330155,31.315536499023438,328942,0.0,0.0
2022-02-03 00:00:00-05:00,31.172522861794175,31.64734485361649,30.674813191249886,30.789230346679688,259033,0.0,0.0
2022-02-04 00:00:00-05:00,30.45170387425446,30.606165624822065,30.06841134272243,30.10845947265625,271523,0.0,0.0
2022-02-07 00:00:00-05:00,30.119898042495826,30.19998721836887,29.61074807972827,29.868183135986328,364788,0.0,0.0
2022-02-08 00:00:00-05:00,29.810978036990253,31.092433318032306,29.810978036990253,30.989459991455078,332997,0.0,0.0
2022-02-09 00:00:00-05:00,31.309825604573792,31.67023403808026,31.166804137501547,31.584421157836914,298448,0.0,0.0
2022-02-10 00:00:00-05:00,31.098152416603323,31.69883544419891,30.594726101576555,30.82927703857422,312722,0.0,0.0
2022-02-11 00:00:00-05:00,30.40593388353414,31.664504731360573,30.40593388353414,31.355581283569336,357651,0.0,0.0
2022-02-14 00:00:00-05:00,31.578702312949147,31.67023534772105,30.83500127251137,31.481449127197266,295691,0.0,0.0
2022-02-15 00:00:00-05:00,31.601584412092546,32.63704494279655,31.361313308595935,32.6198844909668,274605,0.0,0.0
2022-02-16 00:00:00-05:00,32.562672463536366,32.92308085053401,32.248028816277795,32.71141052246094,202263,0.0,0.0
2022-02-17 00:00:00-05:00,32.30523784535554,32.780059858157934,32.23086527516134,32.47686004638672,254492,0.0,0.0
2022-02-18 00:00:00-05:00,32.53978245155187,32.785777174960195,32.25946329460938,32.65991973876953,212158,0.0,0.0
2022-02-22 00:00:00-05:00,32.48829566587064,32.89447227943831,31.79608327169332,32.04779815673828,212969,0.0,0.0
2022-02-23 00:00:00-05:00,32.4425334548564,32.4425334548564,30.840714552462224,31.006616592407227,318399,0.0,0.0
2022-02-24 00:00:00-05:00,30.36017033018766,31.281217127930393,29.913952615807666,31.22972869873047,270874,0.0,0.0
2022-02-25 00:00:00-05:00,31.201120937331748,32.72857071707041,31.201120937331748,32.69996643066406,232919,0.0,0.0
2022-02-28 00:00:00-05:00,32.036361874509275,32.64276509340647,32.036361874509275,32.6198844909668,462757,0.0,0.0
2022-03-01 00:00:00-05:00,32.88304164684369,33.44367661403566,31.893345803222715,32.625606536865234,429343,0.0,0.0
2022-03-02 00:00:00-05:00,33.03176955576219,34.37615328037738,32.78005467425857,34.290340423583984,300719,0.0,0.0
2022-03-03 00:00:00-05:00,34.57638759688341,34.873870818821054,33.83840677191356,34.616432189941406,240543,0.0,0.0
2022-03-04 00:00:00-05:00,34.153046735267004,34.41048179648456,33.695385190812836,34.301788330078125,358949,0.0,0.0
2022-03-07 00:00:00-05:00,34.29606927954477,34.46197132924997,32.99745009241686,33.02605438232422,329266,0.0,0.0
2022-03-08 00:00:00-05:00,33.129029456441565,33.58669103979999,32.39104864890488,32.694252014160156,264062,0.0,0.0
2022-03-09 00:00:00-05:00,33.06037625717209,33.63817508113717,32.82582534576639,33.231998443603516,256438,0.0,0.0
2022-03-10 00:00:00-05:00,32.92308664370324,33.764040874571556,32.642767386848,33.603858947753906,296502,0.0,0.0
2022-03-11 00:00:00-05:00,33.58668645024084,33.884169624500586,33.23199824065101,33.48943328857422,315803,0.0,0.0
2022-03-14 00:00:00-04:00,33.58140414570925,33.78259646039617,32.805387316327256,33.04106903076172,232919,0.172626,0.0
2022-03-15 00:00:00-04:00,33.1790262979605,33.679124367652946,32.83987638767493,33.610145568847656,222863,0.0,0.0
2022-03-16 00:00:00-04:00,34.14473980076809,34.52412322982047,33.40321230892111,34.08150863647461,307693,0.0,0.0
2022-03-17 00:00:00-04:00,33.966546891700986,34.834536847619425,33.966546891700986,34.6793327331543,265684,0.0,0.0
2022-03-18 00:00:00-04:00,34.70232250022626,35.13918946592142,33.86307441582144,34.88626480102539,942706,0.0,0.0
2022-03-21 00:00:00-04:00,35.12769510416742,36.07041142435994,35.1047009821992,35.34613037109375,284661,0.0,0.0
2022-03-22 00:00:00-04:00,35.50707306536065,36.11639046696813,35.11619087502903,35.719757080078125,530394,0.0,0.0
2022-03-23 00:00:00-04:00,32.76515022490079,33.67337701134794,29.569111772488974,29.649587631225586,1631408,0.0,0.0
2022-03-24 00:00:00-04:00,29.982990402817943,31.086658455719697,29.60360517651585,30.868223190307617,880259,0.0,0.0
2022-03-25 00:00:00-04:00,30.701520863063088,31.24185955510232,30.063465165309797,30.178428649902344,693243,0.0,0.0
2022-03-28 00:00:00-04:00,30.178429422056645,30.25890706436808,28.97704088192318,29.402414321899414,480436,0.0,0.0
2022-03-29 00:00:00-04:00,29.35642850790684,29.6840796118389,28.787348028419455,29.643840789794922,593652,0.0,0.0
2022-03-30 00:00:00-04:00,29.707067741745337,30.224410487126825,29.59210248962123,29.603599548339844,425288,0.0,0.0
2022-03-31 00:00:00-04:00,29.626594882059965,30.080708296275596,29.494384917671244,29.551868438720703,421396,0.0,0.0
2022-04-01 00:00:00-04:00,29.7530606639852,29.954249454334775,29.057519581554274,29.35068130493164,401932,0.0,0.0
2022-04-04 00:00:00-04:00,29.344934658891745,30.028980481663094,28.88507175650849,29.793298721313477,374520,0.0,0.0
2022-04-05 00:00:00-04:00,29.597855781078295,30.04047214859079,29.097755890804937,29.16673469543457,397552,0.0,0.0
2022-04-06 00:00:00-04:00,28.965547963739123,29.155241479839273,28.310245676636033,28.643646240234375,466812,0.0,0.0
2022-04-07 00:00:00-04:00,28.689629708762233,28.8908184872087,27.764156348516437,28.695377349853516,511903,0.0,0.0
2022-04-08 00:00:00-04:00,28.896562334943553,29.12649284537122,28.505680111545704,28.563161849975586,378575,0.0,0.0
2022-04-11 00:00:00-04:00,28.563163842294824,29.569113007701798,28.511429740593186,29.00003433227539,458702,0.0,0.0
2022-04-12 00:00:00-04:00,29.356430053710938,30.04047405928944,29.23571535957687,29.356430053710938,401932,0.0,0.0
2022-04-13 00:00:00-04:00,29.574860542516788,30.38536857968971,29.356427076663017,30.368122100830078,329266,0.0,0.0
2022-04-14 00:00:00-04:00,30.402606246646062,31.29358999161955,30.402606246646062,30.816482543945312,432750,0.0,0.0
2022-04-18 00:00:00-04:00,30.73601314983278,31.443051272773534,30.718770226043773,31.161388397216797,428857,0.0,0.0
2022-04-19 00:00:00-04:00,31.08090812874296,32.7938935862442,30.7590046780699,32.70766830444336,491790,0.0,0.0
2022-04-20 00:00:00-04:00,32.788153808115155,33.36872968670531,32.54672438386102,33.12730026245117,528610,0.0,0.0
2022-04-21 00:00:00-04:00,33.65038784364454,33.70787137049432,31.816691079464995,32.0581169128418,497954,0.0,0.0
2022-04-22 00:00:00-04:00,31.874179278601822,31.966152223701595,30.78775397738033,30.977447509765625,401121,0.0,0.0
2022-04-25 00:00:00-04:00,30.534821995149613,30.7130202007225,28.988537671766895,30.16118621826172,470218,0.0,0.0
2022-04-26 00:00:00-04:00,29.971494992466297,29.971494992466297,28.413713491557836,28.528676986694336,438102,0.0,0.0
2022-04-27 00:00:00-04:00,28.729865560674728,28.86207552712123,27.775652256222912,27.948101043701172,411177,0.0,0.0
2022-04-28 00:00:00-04:00,28.201021538989686,28.660882562356555,27.41925708792438,28.62064552307129,379386,0.0,0.0
2022-04-29 00:00:00-04:00,28.620642822171128,28.95404327749731,27.189324010412847,27.344526290893555,398201,0.0,0.0
2022-05-02 00:00:00-04:00,27.465245853880845,27.741162846757533,26.51678019054298,27.235315322875977,378737,0.0,0.0
2022-05-03 00:00:00-04:00,27.103109117475796,27.982592542517633,26.9364079477636,27.539976119995117,347270,0.0,0.0
2022-05-04 00:00:00-04:00,27.40776233950126,28.03432454826319,26.821438951771093,27.948101043701172,302990,0.0,0.0
2022-05-05 00:00:00-04:00,27.723915329671105,28.01707699367626,26.459295759249407,27.022624969482422,386685,0.0,0.0
2022-05-06 00:00:00-04:00,26.988136758154965,26.988136758154965,25.92470766891995,26.315589904785156,466487,0.0,0.0
2022-05-09 00:00:00-04:00,25.775252309670677,26.06841399882839,25.188928931355246,25.361377716064453,356029,0.0,0.0
2022-05-10 00:00:00-04:00,25.74651058793916,25.832734085290934,24.349679260715966,24.79229736328125,371600,0.0,0.0
2022-05-11 00:00:00-04:00,24.999234674207248,25.424608092910148,24.16573609361284,24.274951934814453,279471,0.0,0.0
2022-05-12 00:00:00-04:00,24.154241810389248,24.832538168019326,23.85533245534261,24.821041107177734,396092,0.0,0.0
2022-05-13 00:00:00-04:00,25.085457264919267,25.700524140803104,24.958996728201043,25.28664779663086,332186,0.0,0.0
2022-05-16 00:00:00-04:00,25.33263761926081,25.671785791837962,24.907265937843476,25.21767234802246,281417,0.0,0.0
2022-05-17 00:00:00-04:00,25.884470766179927,26.1948789443237,25.614301409717633,26.125898361206055,254492,0.0,0.0
2022-05-18 00:00:00-04:00,26.14889129154602,26.712220542613146,25.33838503740309,25.43610382080078,388631,0.0,0.0
2022-05-19 00:00:00-04:00,25.154444704120806,25.85573349037292,24.50489003041642,25.321144104003906,500711,0.0,0.0
2022-05-20 00:00:00-04:00,25.712018874175694,25.712018874175694,24.165734702707937,24.752058029174805,297799,0.0,0.0
2022-05-23 00:00:00-04:00,25.171687027950707,25.23491819675891,24.57386652332676,24.976245880126953,467623,0.0,0.0
2022-05-24 00:00:00-04:00,24.72907014106319,25.252162405497014,24.389921959703344,25.154441833496094,289689,0.0,0.0
2022-05-25 00:00:00-04:00,25.02798121646245,25.907466424845243,25.02798121646245,25.781005859375,217348,0.0,0.0
2022-05-26 00:00:00-04:00,25.97643971756976,26.746707069085748,25.941948542110257,26.447797775268555,236650,0.0,0.0
2022-05-27 00:00:00-04:00,26.758205295985384,27.19507397565479,26.516777727350657,27.108850479125977,202588,0.0,0.0
2022-05-31 00:00:00-04:00,26.786951809127753,27.177834100581105,26.125900142788662,26.80994415283203,424153,0.0,0.0
2022-06-01 00:00:00-04:00,26.9076636885249,26.924908390226996,25.941953279790297,26.832937240600586,370789,0.0,0.0
2022-06-02 00:00:00-04:00,27.120349759764423,27.861877274342906,27.120349759764423,27.746912002563477,375006,0.0,0.0
2022-06-03 00:00:00-04:00,27.52273083757564,27.614703772146814,26.57426684093383,26.89042091369629,275740,0.0,0.0
2022-06-06 00:00:00-04:00,27.177829354718614,27.177829354718614,26.792694771855928,27.137592315673828,220916,0.0,0.0
2022-06-07 00:00:00-04:00,26.758209242576942,27.80439374927603,26.620249849429037,27.746912002563477,312722,0.0,0.0
2022-06-08 00:00:00-04:00,27.419261355887514,27.442253699293115,26.38457211390275,26.522531509399414,228378,0.0,0.0
2022-06-09 00:00:00-04:00,26.189129194598667,26.424809145705716,25.62005050577217,25.648792266845703,334943,0.0,0.0
2022-06-10 00:00:00-04:00,25.068218974869946,25.43610715059288,24.775055472882702,25.091211318969727,295691,0.0,0.0
2022-06-13 00:00:00-04:00,24.228970153361104,24.591110677224332,23.947303720708053,24.13699722290039,423829,0.0,0.0
2022-06-14 00:00:00-04:00,24.11963069256979,24.530497344133,23.80135257427235,23.96338653564453,382143,0.172626,0.0
2022-06-15 00:00:00-04:00,24.47263257128278,24.76197423292783,23.963389313271872,24.55943489074707,308667,0.0,0.0
2022-06-16 00:00:00-04:00,23.92866584656635,23.957600548913284,22.834949494365112,22.973834991455078,342729,0.0,0.0
2022-06-17 00:00:00-04:00,23.124292044660155,23.535158715133846,22.846522851494214,23.384700775146484,929082,0.0,0.0
2022-06-21 00:00:00-04:00,24.015473921360755,24.25273422310368,23.454149196492633,23.70298194885254,356353,0.0,0.0
2022-06-22 00:00:00-04:00,22.852309075623378,23.812927908299788,22.649769747597176,23.384700775146484,682375,0.0,0.0
2022-06-23 00:00:00-04:00,24.01547489691889,25.72259941298159,23.778212795245405,25.508485794067383,710760,0.0,0.0
2022-06-24 00:00:00-04:00,25.589494913644014,26.87417815640343,25.421676504052677,26.845243453979492,1000125,0.0,0.0
2022-06-27 00:00:00-04:00,27.27347091957696,27.400780380828795,26.399654411518213,26.972553253173828,475895,0.0,0.0
2022-06-28 00:00:00-04:00,27.29083414672926,27.470226803816683,26.29549430064073,26.359149932861328,715951,0.0,0.0
2022-06-29 00:00:00-04:00,26.5038222605349,26.561689879130046,25.45061298306307,25.884626388549805,357975,0.0,0.0
2022-06-30 00:00:00-04:00,25.334874984708016,25.87883917205998,24.98187590072351,25.52005386352539,332997,0.0,0.0
2022-07-01 00:00:00-04:00,25.329083178087636,26.1623906934576,24.848774693858026,25.4737548828125,281741,0.0,0.0
2022-07-05 00:00:00-04:00,24.895075212343706,25.647366806594285,24.218011703342764,25.64158058166504,435507,0.0,0.0
2022-07-06 00:00:00-04:00,25.381168028877955,25.693658143995673,24.35689358078114,25.456396102905273,450267,0.0,0.0
2022-07-07 00:00:00-04:00,25.913563074530014,26.110316215324847,25.43904068847821,25.45061492919922,305098,0.0,0.0
2022-07-08 00:00:00-04:00,25.572136867871933,25.572136867871933,24.871926670591638,25.161270141601562,290338,0.0,0.0
2022-07-11 00:00:00-04:00,24.935579527984448,25.439036538562696,24.796694032866373,25.138120651245117,217835,0.0,0.0
2022-07-12 00:00:00-04:00,24.981875018679435,26.249197793197084,24.981875018679435,26.069805145263672,280444,0.0,0.0
2022-07-13 00:00:00-04:00,25.531630804670765,26.301282895011887,25.439040460318058,26.20869255065918,274767,0.0,0.0
2022-07-14 00:00:00-04:00,25.537414647609886,25.792037175681493,25.219138277812647,25.7862491607666,233892,0.0,0.0
2022-07-15 00:00:00-04:00,26.197121001406344,26.197121001406344,25.184420565026013,25.595287322998047,256600,0.0,0.0
2022-07-18 00:00:00-04:00,25.8904134140219,26.191329315916533,25.398530618448607,25.42746353149414,231946,0.0,0.0
2022-07-19 00:00:00-04:00,25.873052348179776,27.03042434213627,25.844117645515116,26.9551944732666,230486,0.0,0.0
2022-07-20 00:00:00-04:00,27.036209442734034,27.094078845657883,26.61376853032474,26.91468620300293,282228,0.0,0.0
2022-07-21 00:00:00-04:00,26.642705570402736,26.816312004120807,26.35336211097005,26.76422882080078,331050,0.0,0.0
2022-07-22 00:00:00-04:00,27.036214652931438,27.151951690790902,25.867270033463125,26.104530334472656,328779,0.0,0.0
2022-07-25 00:00:00-04:00,26.393871063704136,26.677428317784514,26.150824546338686,26.561691284179688,313046,0.0,0.0
2022-07-26 00:00:00-04:00,26.30706572624654,27.16352182528486,26.272344799166802,27.1403751373291,286607,0.0,0.0
2022-07-27 00:00:00-04:00,27.20981761280663,28.465566192228334,27.013064494667248,28.291959762573242,320345,0.0,0.0
2022-07-28 00:00:00-04:00,28.315110865277216,28.859075102843043,28.031553610887254,28.82435417175293,463081,0.0,0.0
2022-07-29 00:00:00-04:00,29.055824937387516,29.975936667886142,28.604451094216547,29.634510040283203,264548,0.0,0.0
2022-08-01 00:00:00-04:00,29.21785734041077,30.0511649689207,29.00952998571023,29.975936889648438,255141,0.0,0.0
2022-08-02 00:00:00-04:00,29.686595629554482,29.796546434626464,29.05582729448006,29.18892478942871,222376,0.0,0.0
2022-08-03 00:00:00-04:00,29.241007518833975,29.547709658807452,28.67389303733405,29.293088912963867,218321,0.0,0.0
2022-08-04 00:00:00-04:00,29.44933195473952,29.663445538064376,29.200497443339525,29.45511817932129,220916,0.0,0.0
2022-08-05 00:00:00-04:00,29.05582635808121,29.95857587885558,29.05582635808121,29.831266403198242,194316,0.0,0.0
2022-08-08 00:00:00-04:00,30.282643726349516,30.589349476826477,29.825481793904235,30.23056411743164,320507,0.0,0.0
2022-08-09 00:00:00-04:00,30.24212972089083,30.375227196612883,29.779181667893763,30.34629249572754,212158,0.0,0.0
2022-08-10 00:00:00-04:00,30.994421566157694,31.214323147118307,30.525687283595552,31.13909149169922,240380,0.0,0.0
2022-08-11 00:00:00-04:00,31.249050952021445,31.67727817937727,31.06965648104825,31.11595344543457,258385,0.0,0.0
2022-08-12 00:00:00-04:00,31.26061037006353,32.064984880222624,30.47359810945712,31.798789978027344,217835,0.0,0.0
2022-08-15 00:00:00-04:00,31.179605453879276,31.596256601309843,30.78609920536067,31.521028518676758,178744,0.0,0.0
2022-08-16 00:00:00-04:00,31.67727035237832,32.556873071945915,31.61361472751429,32.0592041015625,194964,0.0,0.0
2022-08-17 00:00:00-04:00,31.64255376881759,32.16337128712243,31.301127121185605,31.769865036010742,185232,0.0,0.0
2022-08-18 00:00:00-04:00,32.00711548915838,32.09391957575475,31.463149658204852,31.798789978027344,219294,0.0,0.0
2022-08-19 00:00:00-04:00,31.480521936823614,31.613619430323457,31.104374355656446,31.416866302490234,227242,0.0,0.0
2022-08-22 00:00:00-04:00,30.84396149501828,31.00599367173782,30.554618066548798,30.71665382385254,212969,0.0,0.0
2022-08-23 00:00:00-04:00,30.849759324417406,31.602051001893198,30.849759324417406,31.092805862426758,176474,0.0,0.0
2022-08-24 00:00:00-04:00,31.03493369021519,31.642555352170323,31.02336124010388,31.567323684692383,182962,0.0,0.0
2022-08-25 00:00:00-04:00,31.602043384049406,32.31382773037502,31.602043384049406,32.09971237182617,251572,0.0,0.0
2022-08-26 00:00:00-04:00,32.19809245875723,32.360124656351836,31.555749893188477,31.555749893188477,289689,0.0,0.0
2022-08-29 00:00:00-04:00,31.11015746357095,31.966615328846693,30.99442223675054,31.237468719482422,177122,0.0,0.0
2022-08-30 00:00:00-04:00,31.075442188571408,31.075442188571408,29.981727446508188,30.21320152282715,213293,0.0,0.0
2022-08-31 00:00:00-04:00,30.32314756054223,30.32314756054223,29.43775850014348,29.5072021484375,216699,0.0,0.0
2022-09-01 00:00:00-04:00,29.23521794759133,29.23521794759133,28.5118611124972,28.8937931060791,299583,0.0,0.0
2022-09-02 00:00:00-04:00,29.229433113817294,29.518776577738677,28.396123651276937,28.56394386291504,246382,0.0,0.0
2022-09-06 00:00:00-04:00,28.77805835744701,28.77805835744701,28.16465048110894,28.540796279907227,288878,0.0,0.0
2022-09-07 00:00:00-04:00,28.30353605569508,29.073188120163074,28.193585249258973,28.974811553955078,233568,0.0,0.0
2022-09-08 00:00:00-04:00,28.731765377117572,28.986387939224237,28.3614057750422,28.89958381652832,233730,0.0,0.0
2022-09-09 00:00:00-04:00,29.327809879079336,30.213198951272307,29.327809879079336,30.114822387695312,251734,0.0,0.0
2022-09-12 00:00:00-04:00,30.554617514000284,31.38214063540999,30.369440444372543,30.97705841064453,363004,0.0,0.0
2022-09-13 00:00:00-04:00,30.29420772561251,30.722438411738406,29.883342871922867,30.08588218688965,467460,0.0,0.0
2022-09-14 00:00:00-04:00,29.957816525577492,29.957816525577492,28.898289545650268,29.381479263305664,415556,0.191122,0.0
2022-09-15 00:00:00-04:00,29.44551220864731,30.103351445133107,29.36401014580199,29.701662063598633,375169,0.0,0.0
2022-09-16 00:00:00-04:00,29.282508096555503,29.934524599620833,29.17772050186193,29.83555793762207,1480886,0.0,0.0
2022-09-19 00:00:00-04:00,29.387298268610042,30.860154571079416,29.387298268610042,30.615650177001953,292447,0.0,0.0
2022-09-20 00:00:00-04:00,30.225604964467806,30.225604964467806,29.701663366202812,29.992740631103516,266819,0.0,0.0
2022-09-21 00:00:00-04:00,30.295461657336485,30.627290837269822,29.323259649045553,29.32908058166504,342242,0.0,0.0
2022-09-22 00:00:00-04:00,29.783162777564804,29.783162777564804,28.717815076133164,28.74692153930664,290825,0.0,0.0
2022-09-23 00:00:00-04:00,28.071622773660494,28.077445507791758,27.59425402955492,28.036693572998047,238596,0.0,0.0
2022-09-26 00:00:00-04:00,27.768901820412516,28.38598736686819,27.460358146669037,27.635005950927734,251572,0.0,0.0
2022-09-27 00:00:00-04:00,28.030869818643886,28.57809690899698,27.79218457009868,28.054155349731445,303476,0.0,0.0
2022-09-28 00:00:00-04:00,28.124017306209605,28.869177761078472,28.025048840054453,28.583921432495117,321480,0.0,0.0
2022-09-29 00:00:00-04:00,27.9551912004548,29.04964728044581,24.904687297418032,25.026941299438477,831275,0.0,0.0
2022-09-30 00:00:00-04:00,24.741683898928795,24.846473303928736,22.127798523641278,22.20347785949707,1059328,0.0,0.0
2022-10-03 00:00:00-04:00,22.680847693231488,24.70675391282717,22.430518756650063,24.660181045532227,838574,0.0,0.0
2022-10-04 00:00:00-04:00,25.265626545627008,26.272757894724315,25.189947206701603,26.26111602783203,537044,0.0,0.0
2022-10-05 00:00:00-04:00,25.64984861300032,26.098109067882273,25.364590486322644,25.678955078125,309964,0.0,0.0
2022-10-06 00:00:00-04:00,25.277265944237644,25.696419908381166,24.71839519273367,24.951257705688477,302341,0.0,0.0
2022-10-07 00:00:00-04:00,24.764970415399276,24.764970415399276,24.22356597238209,24.59032440185547,277524,0.0,0.0
2022-10-10 00:00:00-04:00,24.858113455850216,25.34130490989669,24.60196539680557,25.14337158203125,249139,0.0,0.0
2022-10-11 00:00:00-04:00,24.817361363179984,25.55087988550345,24.817361363179984,25.108440399169922,252383,0.0,0.0
2022-10-12 00:00:00-04:00,24.98619164150108,25.242341534952345,24.596145867757173,24.93379783630371,220268,0.0,0.0
2022-10-13 00:00:00-04:00,24.392386865035665,25.7138844128226,24.258491010627566,25.614917755126953,437453,0.0,0.0
2022-10-14 00:00:00-04:00,25.638204677087476,25.766279606003373,24.578677848183712,24.70675277709961,222863,0.0,0.0
2022-10-17 00:00:00-04:00,25.294731721606986,25.67313377305307,25.28308805510723,25.63820457458496,287256,0.0,0.0
2022-10-18 00:00:00-04:00,26.185433895261223,26.488156642581657,25.603277536616265,25.841962814331055,321967,0.0,0.0
2022-10-19 00:00:00-04:00,25.64402800531726,25.871069618507384,24.753327954523396,25.11426544189453,272172,0.0,0.0
2022-10-20 00:00:00-04:00,25.0502265748806,25.8070307093009,24.834828641333093,24.957080841064453,203237,0.0,0.0
2022-10-21 00:00:00-04:00,25.172480207335777,26.732661431884154,25.10844453785265,26.55219268798828,326833,0.0,0.0
2022-10-24 00:00:00-04:00,26.488157122887582,26.85491554543272,26.33679664699843,26.81998634338379,273956,0.0,0.0
2022-10-25 00:00:00-04:00,26.43575839140045,27.413781269531967,26.266931544929836,26.96552085876465,271523,0.0,0.0
2022-10-26 00:00:00-04:00,27.32646407499802,27.955193330043514,26.703555753432642,27.099422454833984,250923,0.0,0.0
2022-10-27 00:00:00-04:00,27.16928081979761,27.570968427446456,26.819985211980647,27.00045394897461,234055,0.0,0.0
2022-10-28 00:00:00-04:00,26.907307931808337,27.320641003364766,26.59876426191278,27.26242446899414,195451,0.0,0.0
2022-10-31 00:00:00-04:00,26.953878459346367,27.83875745795474,26.93059292823819,27.687397003173828,216537,0.0,0.0
2022-11-01 00:00:00-04:00,28.31030769707416,28.76439090214826,27.821295291768394,28.531526565551758,250275,0.0,0.0
2022-11-02 00:00:00-04:00,28.351059486210477,29.067113535875258,27.489467694090564,27.524396896362305,281741,0.0,0.0
2022-11-03 00:00:00-04:00,27.111061997455213,27.879507947343615,27.006272603538704,27.59425163269043,209887,0.0,0.0
2022-11-04 00:00:00-04:00,28.479130495012104,29.829736335484256,28.39180750139384,29.457155227661133,228378,0.0,0.0
2022-11-07 00:00:00-05:00,29.835561087912644,30.4060737873032,29.480444533347395,30.324573516845703,313695,0.0,0.0
2022-11-08 00:00:00-05:00,30.446824036264125,31.191982659877493,29.88795146649182,30.732078552246094,294555,0.0,0.0
2022-11-09 00:00:00-05:00,30.49921752659695,30.49921752659695,29.346546734715332,29.556123733520508,230324,0.0,0.0
2022-11-10 00:00:00-05:00,30.446827583765323,31.814894598712026,30.318752642458044,31.72757339477539,222701,0.0,0.0
2022-11-11 00:00:00-05:00,32.12926936154157,32.68814034051921,31.791619120634802,32.21076965332031,307207,0.0,0.0
2022-11-14 00:00:00-05:00,31.762496368508035,33.933941807490505,31.762496368508035,33.351783752441406,348568,0.0,0.0
2022-11-15 00:00:00-05:00,33.67779112528699,33.67779112528699,32.513478646630745,32.868595123291016,348406,0.0,0.0
2022-11-16 00:00:00-05:00,32.60080104406392,32.81037981946217,31.90221353088116,32.292259216308594,274118,0.0,0.0
2022-11-17 00:00:00-05:00,31.57620506407613,32.60080079602783,31.372450824539133,32.554229736328125,335754,0.0,0.0
2022-11-18 00:00:00-05:00,33.05489199019419,33.05489199019419,31.919687463591295,32.42616271972656,273145,0.0,0.0
2022-11-21 00:00:00-05:00,32.10015145800105,33.13639281339331,32.09433052491458,33.10728454589844,228540,0.0,0.0
2022-11-22 00:00:00-05:00,33.1829631600627,33.70108382651538,33.1829631600627,33.42747116088867,191234,0.0,0.0
2022-11-23 00:00:00-05:00,33.182966611289714,33.46822477456775,32.41452053319039,32.95592498779297,140627,0.0,0.0
2022-11-25 00:00:00-05:00,32.897706617901264,33.311039704879136,32.897706617901264,32.99085235595703,66502,0.0,0.0
2022-11-28 00:00:00-05:00,32.7870973325399,32.89770586779889,32.21658465279278,32.50766372680664,247679,0.0,0.0
2022-11-29 00:00:00-05:00,32.717233873459456,33.07817129311053,32.443617641070055,32.68812561035156,154090,0.0,0.0
2022-11-30 00:00:00-05:00,32.76380921900062,33.05488828609335,32.05940068624495,33.03160095214844,275578,0.0,0.0
2022-12-01 00:00:00-05:00,33.01996321234298,33.36925885691433,32.653204766677675,32.76963424682617,229675,0.0,0.0
2022-12-02 00:00:00-05:00,32.059402956830844,33.41000718622928,32.059402956830844,33.13639450073242,210049,0.0,0.0
2022-12-05 00:00:00-05:00,32.76963940738913,32.81039315381879,31.896405561538284,32.321380615234375,224971,0.0,0.0
2022-12-06 00:00:00-05:00,32.38540816132365,32.57169602214034,31.937145904673176,32.146724700927734,280282,0.0,0.0
2022-12-07 00:00:00-05:00,32.14672287204695,32.647377097731216,31.71010250589308,32.1816520690918,240867,0.0,0.0
2022-12-08 00:00:00-05:00,32.56587587911239,32.664842545780374,31.570388279463064,31.59367561340332,275091,0.0,0.0
2022-12-09 00:00:00-05:00,31.471419185350328,31.651886103795768,30.29546114197703,30.318748474121094,223349,0.0,0.0
2022-12-12 00:00:00-05:00,30.237247265478228,30.755367938251613,29.771522194110304,30.66804313659668,391551,0.0,0.0
2022-12-13 00:00:00-05:00,31.436497866165563,31.436497866165563,30.21978938817912,30.5865478515625,819921,0.0,0.0
2022-12-14 00:00:00-05:00,30.656816741777284,31.13702065334259,30.118054382387715,30.762229919433594,348081,0.191122,0.0
2022-12-15 00:00:00-05:00,30.30544877948788,30.30544877948788,28.782856715941804,29.216211318969727,300881,0.0,0.0
2022-12-16 00:00:00-05:00,28.67744584831717,30.328872939320693,28.630596557298766,30.04192352294922,1761005,0.0,0.0
2022-12-19 00:00:00-05:00,30.15319037573496,30.721235538463315,29.280627538836228,29.444599151611328,278822,0.0,0.0
2022-12-20 00:00:00-05:00,29.75497425258179,30.42843081709532,29.71983773493641,30.147335052490234,298935,0.0,0.0
2022-12-21 00:00:00-05:00,28.899981891329215,31.40640195445449,28.700871935286425,30.369869232177734,509470,0.0,0.0
2022-12-22 00:00:00-05:00,30.10633996619955,30.10633996619955,28.53104144568644,29.093229293823242,359760,0.0,0.0
2022-12-23 00:00:00-05:00,29.274766153299016,29.280623446185736,28.812132413001898,29.034666061401367,190585,0.0,0.0
2022-12-27 00:00:00-05:00,29.104943639083103,29.53244093587353,28.882409955842718,29.274770736694336,188801,0.0,0.0
2022-12-28 00:00:00-05:00,29.274769405519827,29.421172756421615,28.203098471233087,28.208955764770508,247842,0.0,0.0
2022-12-29 00:00:00-05:00,28.56032182684093,29.28648126510596,28.466623250380668,29.05809211730957,338674,0.0,0.0
2022-12-30 00:00:00-05:00,28.841416730201306,29.33918703768202,28.695013378873885,29.110797882080078,219943,0.0,0.0
2023-01-03 00:00:00-05:00,29.374322794855193,29.591000981204,28.58960309850416,28.771142959594727,231946,0.0,0.0
2023-01-04 00:00:00-05:00,29.233778502032674,29.397750116233777,28.5837475272637,28.765287399291992,378737,0.0,0.0
2023-01-05 00:00:00-05:00,28.636450589887083,29.40360384157814,28.238234353967165,29.26891326904297,336889,0.0,0.0
2023-01-06 00:00:00-05:00,29.696413242665226,30.93791135219311,29.684700466505994,30.504558563232422,355380,0.0,0.0
2023-01-09 00:00:00-05:00,30.9789035441249,30.9789035441249,29.836959495535268,30.01849937438965,303963,0.0,0.0
2023-01-10 00:00:00-05:00,30.106345399056337,31.605512056806838,29.79597038670256,31.47667694091797,294069,0.0,0.0
2023-01-11 00:00:00-05:00,31.728493500987117,32.03886671933634,31.541096299280483,31.974449157714844,301205,0.0,0.0
2023-01-12 00:00:00-05:00,32.202830453062624,32.589335727831205,31.904168274407358,32.3550910949707,300557,0.0,0.0
2023-01-13 00:00:00-05:00,32.24383070781981,32.46636078579436,31.945164862782363,32.20283508300781,212969,0.0,0.0
2023-01-17 00:00:00-05:00,32.07985528064386,32.390228430613135,31.154587689162092,31.207290649414062,195289,0.0,0.0
2023-01-18 00:00:00-05:00,31.3654065375474,32.056429484948175,30.680239071969712,30.691953659057617,229513,0.0,0.0
2023-01-19 00:00:00-05:00,30.375723377011575,30.885204680302067,30.11805317254385,30.598257064819336,197560,0.0,0.0
2023-01-20 00:00:00-05:00,30.70951880993835,31.42396727795496,30.305445288157713,31.318557739257812,224160,0.0,0.0
2023-01-23 00:00:00-05:00,31.1955821895246,31.423971364792305,30.66853080405175,31.037466049194336,145493,0.0,0.0
2023-01-24 00:00:00-05:00,30.967189636968556,31.265851814601543,30.80907351388247,31.154586791992188,102997,0.0,0.0
2023-01-25 00:00:00-05:00,30.85006496097141,31.904167598223633,30.779791934946804,31.82218360900879,143385,0.0,0.0
2023-01-26 00:00:00-05:00,31.939307229843585,32.700606874141734,31.68749613257509,32.68303680419922,187990,0.0,0.0
2023-01-27 00:00:00-05:00,32.384373369625926,32.75916407189546,32.208690794099866,32.61861801147461,160740,0.0,0.0
2023-01-30 00:00:00-05:00,32.243821605073045,32.88799335033849,32.23796612416501,32.319950103759766,172581,0.0,0.0
2023-01-31 00:00:00-05:00,32.24382899407438,33.30378723144531,32.2379735118245,33.30378723144531,298772,0.0,0.0
2023-02-01 00:00:00-05:00,33.13395709551944,34.65654901942246,33.13395709551944,34.34031677246094,316939,0.0,0.0
2023-02-02 00:00:00-05:00,34.45158091783289,35.71064701259007,34.45158091783289,35.289005279541016,392686,0.0,0.0
2023-02-03 00:00:00-05:00,35.043054183781685,36.782320666282985,35.043054183781685,36.12057876586914,389929,0.0,0.0
2023-02-06 00:00:00-05:00,35.704799760130655,35.704799760130655,34.97864023942336,35.31243896484375,260818,0.0,0.0
2023-02-07 00:00:00-05:00,35.230447059073654,36.003457591069434,35.10747107543562,35.88633346557617,299908,0.0,0.0
2023-02-08 00:00:00-05:00,35.52325845090206,35.52325845090206,34.410593605220086,34.5394287109375,296826,0.0,0.0
2023-02-09 00:00:00-05:00,34.920068927163555,35.171879963434854,33.95966500462499,34.246612548828125,261629,0.0,0.0
2023-02-10 00:00:00-05:00,33.95966986916944,34.410589056126625,33.84254574365853,34.29932403564453,109323,0.0,0.0
2023-02-13 00:00:00-05:00,34.29347330012882,35.160178904468204,33.98895560447472,35.14261245727539,171445,0.0,0.0
2023-02-14 00:00:00-05:00,34.849799513335626,35.8277699792015,34.498430774259155,35.6110954284668,179069,0.0,0.0
2023-02-15 00:00:00-05:00,35.136751425710045,35.798493369213006,34.82052278259215,35.640380859375,159929,0.0,0.0
2023-02-16 00:00:00-05:00,35.31244177672533,35.88634068616684,35.15432562487194,35.26559066772461,485951,0.0,0.0
2023-02-17 00:00:00-05:00,35.41784879603418,35.90976366459927,35.08990555032412,35.73407745361328,243300,0.0,0.0
2023-02-21 00:00:00-05:00,35.5232536019906,35.85705228544337,34.43986993943879,34.48672103881836,231946,0.0,0.0
2023-02-22 00:00:00-05:00,34.375453140220095,34.86151247202606,34.32275018157807,34.72682189941406,223674,0.0,0.0
2023-02-23 00:00:00-05:00,34.867368697390596,35.259729460217265,34.21734137066374,34.76781463623047,201452,0.0,0.0
2023-02-24 00:00:00-05:00,34.1353559743869,34.68583289918673,33.661011188441925,34.67997741699219,181502,0.0,0.0
2023-02-27 00:00:00-05:00,35.07233015946736,35.529108441231585,34.908358561486395,35.04890823364258,144845,0.0,0.0
2023-02-28 00:00:00-05:00,35.11332472010971,35.78677753614038,35.03719259314522,35.39441680908203,297799,0.0,0.0
2023-03-01 00:00:00-05:00,35.52325671666052,36.0268825267785,35.43541361520294,35.8394889831543,176960,0.0,0.0
2023-03-02 00:00:00-05:00,35.44713142863899,36.22013847211029,35.22459772542672,36.21428298950195,183124,0.0,0.0
2023-03-03 00:00:00-05:00,36.48365784590845,36.794034604711825,35.9917430405384,36.68276596069336,196100,0.0,0.0
2023-03-06 00:00:00-05:00,36.59492808261211,36.952152368512444,35.58767640193262,35.757503509521484,313695,0.0,0.0
2023-03-07 00:00:00-05:00,35.64037399432209,36.155710669434335,35.23629870411944,35.289005279541016,264224,0.0,0.0
2023-03-08 00:00:00-05:00,35.464693417837374,35.58181754904809,34.73267846809568,35.376853942871094,349703,0.0,0.0
2023-03-09 00:00:00-05:00,35.35928472831653,35.51740085989538,33.971383306514575,34.029945373535156,311262,0.0,0.0
2023-03-10 00:00:00-05:00,33.85425520899209,33.85425520899209,32.34337450973187,32.85285568237305,411177,0.0,0.0
2023-03-13 00:00:00-04:00,31.980305426350146,32.88800306821638,31.47082046174825,32.22040557861328,348568,0.0,0.0
2023-03-14 00:00:00-04:00,33.75750722290971,33.75750722290971,32.55608945189964,32.95656204223633,329753,0.191122,0.0
2023-03-15 00:00:00-04:00,31.613804309124998,31.90827014887287,30.50661581261058,31.295780181884766,385874,0.0,0.0
2023-03-16 00:00:00-04:00,30.653842472363692,31.978936737392253,30.48305311171133,31.790477752685547,309315,0.0,0.0
2023-03-17 00:00:00-04:00,31.513681287537622,31.513681287537622,30.54783537682017,30.695066452026367,1141888,0.0,0.0
2023-03-20 00:00:00-04:00,31.095542527494047,31.719809789728817,31.013093990732386,31.431236267089844,332023,0.0,0.0
2023-03-21 00:00:00-04:00,31.925946134912778,32.55610221006289,31.849382596305016,32.10851287841797,266170,0.0,0.0
2023-03-22 00:00:00-04:00,32.1850592093237,32.44418938223159,31.248660306290624,31.289884567260742,277524,0.0,0.0
2023-03-23 00:00:00-04:00,33.8281860093351,37.24398475620514,32.91534151302898,36.12501525878906,1191035,0.0,0.0
2023-03-24 00:00:00-04:00,36.001333855317725,36.984849437251086,35.895327038791635,36.93773651123047,735577,0.0,0.0
2023-03-27 00:00:00-04:00,37.36176377733481,37.47955155834575,36.849395675472266,36.93773651123047,428370,0.0,0.0
2023-03-28 00:00:00-04:00,36.94363508952364,37.32643819263219,36.67861615507391,37.07320022583008,307856,0.0,0.0
2023-03-29 00:00:00-04:00,37.57967002961392,37.60322831480816,36.97896108695795,37.491329193115234,370303,0.0,0.0
2023-03-30 00:00:00-04:00,37.68567351796415,37.87413249492414,37.13207755062707,37.155635833740234,400472,0.0,0.0
2023-03-31 00:00:00-04:00,37.520771574296624,38.13326140702817,37.29698064608035,38.07436752319336,384090,0.0,0.0
2023-04-03 00:00:00-04:00,38.068477511655225,38.38060925453879,37.444210381915696,38.1391487121582,315317,0.0,0.0
2023-04-04 00:00:00-04:00,38.07437091614005,38.07437091614005,36.18390331317809,36.6491584777832,341431,0.0,0.0
2023-04-05 00:00:00-04:00,36.19568195755306,36.47248178878051,35.54786008585858,35.78343200683594,251734,0.0,0.0
2023-04-06 00:00:00-04:00,35.97778200296353,36.17212967031188,35.39473900091849,35.865882873535156,218808,0.0,0.0
2023-04-10 00:00:00-04:00,35.859988593714405,36.82583447442657,35.859988593714405,36.284019470214844,307369,0.0,0.0
2023-04-11 00:00:00-04:00,36.66682561382834,37.0260739757908,36.201570434558825,36.74338912963867,291473,0.0,0.0
2023-04-12 00:00:00-04:00,36.990736499063175,36.990736499063175,36.16034433953235,36.201568603515625,258060,0.0,0.0
2023-04-13 00:00:00-04:00,36.501927601228466,36.77283511974368,36.2369087428596,36.49014663696289,211347,0.0,0.0
2023-04-14 00:00:00-04:00,36.484259948109056,36.80228040895104,35.67153734865093,36.05434036254883,236974,0.0,0.0
2023-04-17 00:00:00-04:00,36.14856919415782,36.61971303823975,35.942444217868605,36.46070098876953,164633,0.0,0.0
2023-04-18 00:00:00-04:00,36.74338538306533,36.77872098523132,36.307577193703075,36.65504455566406,182313,0.0,0.0
2023-04-19 00:00:00-04:00,36.45481470796116,36.64916237622471,36.13090192752192,36.560821533203125,134302,0.0,0.0
2023-04-20 00:00:00-04:00,36.142679312130184,37.07318964813002,36.142679312130184,36.454811096191406,165282,0.0,0.0
2023-04-21 00:00:00-04:00,36.37824916138353,36.50192559354597,35.382956332206895,36.07200241088867,166093,0.0,0.0
2023-04-24 00:00:00-04:00,35.99544619432071,36.43714309742768,35.87766205401293,36.248687744140625,140303,0.0,0.0
2023-04-25 00:00:00-04:00,35.47718460630995,35.748092100647014,34.894141712345146,35.247501373291016,214104,0.0,0.0
2023-04-26 00:00:00-04:00,34.894145414948966,35.147386957295,34.110866146928316,34.375885009765625,215239,0.0,0.0
2023-04-27 00:00:00-04:00,34.493672950309204,35.147387120061346,34.19920714090709,35.10615921020508,237136,0.0,0.0
2023-04-28 00:00:00-04:00,34.81170007855793,35.26517802218181,34.78814543294791,34.97660446166992,179231,0.0,0.0
2023-05-01 00:00:00-04:00,35.000151429726195,35.50663085884609,34.64679538335085,34.905921936035156,175014,0.0,0.0
2023-05-02 00:00:00-04:00,34.629119873046875,34.746907631133205,33.73394530109635,34.629119873046875,339485,0.0,0.0
2023-05-03 00:00:00-04:00,34.80580629754806,35.08849479905025,34.05197758148841,34.13442611694336,265684,0.0,0.0
2023-05-04 00:00:00-04:00,33.92241018908281,33.940076169502,32.785771243064744,33.109683990478516,209725,0.0,0.0
2023-05-05 00:00:00-04:00,33.62205524971644,34.69390798708883,33.62205524971644,34.29932403564453,295042,0.0,0.0
2023-05-08 00:00:00-04:00,34.487790209693316,34.529014482652585,33.5690570181806,33.834075927734375,238434,0.0,0.0
2023-05-09 00:00:00-04:00,33.627947394673015,34.12264955025898,33.28636499230947,33.69272994995117,238596,0.0,0.0
2023-05-10 00:00:00-04:00,34.240436698432376,34.240436698432376,32.8211126624764,33.45716094970703,209562,0.0,0.0
2023-05-11 00:00:00-04:00,32.79754487227791,33.22157567915289,32.738650996106266,32.96833419799805,143709,0.0,0.0
2023-05-12 00:00:00-04:00,33.13323486489542,33.36880672560996,32.921221283443955,32.96833419799805,172256,0.0,0.0
2023-05-15 00:00:00-04:00,33.15679834460474,33.345253676351234,32.84466293832167,32.90355682373047,143385,0.0,0.0
2023-05-16 00:00:00-04:00,32.67387792939752,32.87411425122826,32.43830600041859,32.51486587524414,133491,0.0,0.0
2023-05-17 00:00:00-04:00,32.832888612304075,33.669169471848434,32.55609242720802,33.486602783203125,191396,0.0,0.0
2023-05-18 00:00:00-04:00,33.26280753592034,33.96363461939038,33.115572811845944,33.89296340942383,141601,0.0,0.0
2023-05-19 00:00:00-04:00,34.87058400917611,35.10026724601065,33.7457261078505,33.95185470581055,191072,0.0,0.0
2023-05-22 00:00:00-04:00,34.02841420248402,34.3110990177049,33.80461962778579,34.16386795043945,154252,0.0,0.0
2023-05-23 00:00:00-04:00,33.96363753495625,34.59968212322859,33.52782927343581,34.45833969116211,266495,0.0,0.0
2023-05-24 00:00:00-04:00,34.14032186636178,34.29344529196659,33.56905972817753,33.75751876831055,163660,0.0,0.0
2023-05-25 00:00:00-04:00,33.49249337225035,33.82229480683409,33.304034368495884,33.78106689453125,143060,0.0,0.0
2023-05-26 00:00:00-04:00,34.02841157100623,34.26398344679728,33.77517007364401,34.258094787597656,139330,0.0,0.0
2023-05-30 00:00:00-04:00,34.19331540061607,34.19331540061607,33.574936892175785,33.77517318725586,124732,0.0,0.0
2023-05-31 00:00:00-04:00,33.563165894203614,33.88707868077419,32.821110815517095,33.05668640136719,224647,0.0,0.0
2023-06-01 00:00:00-04:00,33.20979661102826,33.60438050231505,32.93300047880056,33.49248504638672,157658,0.0,0.0
2023-06-02 00:00:00-04:00,34.40533808578693,35.630314462162076,34.37000247404357,35.29462432861328,336565,0.0,0.0
2023-06-05 00:00:00-04:00,34.74102949255848,34.74102949255848,33.79873807443288,34.48189926147461,170148,0.0,0.0
2023-06-06 00:00:00-04:00,34.47010753519287,35.96599091387551,34.47010753519287,35.801090240478516,206481,0.0,0.0
2023-06-07 00:00:00-04:00,35.93655357137244,37.23220102435532,35.93655357137244,37.02018737792969,341755,0.0,0.0
2023-06-08 00:00:00-04:00,36.772834077623074,37.014294644590805,35.830542805697284,36.32524490356445,283201,0.0,0.0
2023-06-09 00:00:00-04:00,36.18979692881029,36.25457948687785,35.636200854775915,35.942447662353516,196749,0.0,0.0
2023-06-12 00:00:00-04:00,35.84822030838124,36.360588498795835,35.65387262250804,36.14857482910156,154577,0.0,0.0
2023-06-13 00:00:00-04:00,36.39592281106748,37.21453779822489,36.39592281106748,36.890625,195289,0.0,0.0
2023-06-14 00:00:00-04:00,37.275327445667244,37.31675674011574,36.13895701844754,36.38161849975586,203399,0.191122,0.0
2023-06-15 00:00:00-04:00,36.15671918654353,36.87286782788092,36.11528622465472,36.8551139831543,179069,0.0,0.0
2023-06-16 00:00:00-04:00,37.26941396679965,37.50615752901468,35.8607884898864,36.05610275268555,488060,0.0,0.0
2023-06-20 00:00:00-04:00,35.902213689218144,35.955482541024224,35.36362187202966,35.801597595214844,202101,0.0,0.0
2023-06-21 00:00:00-04:00,35.541179674244106,36.60060949786965,35.39321633360419,36.10344696044922,266657,0.0,0.0
2023-06-22 00:00:00-04:00,36.103444293580765,36.28100102165228,35.46423641042724,36.251407623291016,277524,0.0,0.0
2023-06-23 00:00:00-04:00,35.647715363085126,36.3520317368205,35.48791611969465,35.9258918762207,564294,0.0,0.0
2023-06-26 00:00:00-04:00,35.78976715028237,36.70123008262297,35.78976715028237,36.32244110107422,300070,0.0,0.0
2023-06-27 00:00:00-04:00,36.47631392729273,37.21613787313597,36.13895432517528,36.97347640991211,258547,0.0,0.0
2023-06-28 00:00:00-04:00,36.69531014238416,37.819844791259726,36.13896076603896,37.50615692138672,552129,0.0,0.0
2023-06-29 00:00:00-04:00,39.062747086231326,41.82081468885536,38.9207016919939,40.83832550048828,1331986,0.0,0.0
2023-06-30 00:00:00-04:00,41.23487079235058,41.37099823504068,40.27605708384512,41.11650085449219,833221,0.0,0.0
2023-07-03 00:00:00-04:00,40.89159264332086,41.61365914187811,40.79097654959677,41.16976547241211,236650,0.0,0.0
2023-07-05 00:00:00-04:00,40.75546790519675,40.84424444771938,39.867676845295215,40.169525146484375,415881,0.0,0.0
2023-07-06 00:00:00-04:00,39.80256795266192,40.352999304670696,39.3172413448467,40.068904876708984,404202,0.0,0.0
2023-07-07 00:00:00-04:00,40.281976649537555,41.234868700016754,40.13400965710235,40.20503234863281,379872,0.0,0.0
2023-07-10 00:00:00-04:00,40.05116027760631,40.897518485342815,39.73747237879363,40.589752197265625,267143,0.0,0.0
2023-07-11 00:00:00-04:00,40.891599220157524,41.48345998270213,40.4003545675197,41.27630615234375,354894,0.0,0.0
2023-07-12 00:00:00-04:00,42.01612215707601,42.54287806073097,41.76162478830167,42.31797409057617,397066,0.0,0.0
2023-07-13 00:00:00-04:00,42.37716393745818,42.75003862186309,41.90959475698823,42.2706298828125,224160,0.0,0.0
2023-07-14 00:00:00-04:00,42.02204797662468,42.02204797662468,41.051394658523805,41.70244216918945,308829,0.0,0.0
2023-07-17 00:00:00-04:00,41.53080440297834,42.17593031970089,41.51304689674725,41.8681640625,246706,0.0,0.0
2023-07-18 00:00:00-04:00,41.885918493102096,42.79738504347357,41.885918493102096,42.64942169189453,260818,0.0,0.0
2023-07-19 00:00:00-04:00,42.43634655440467,42.61982490437164,41.874079271284664,42.17000961303711,262277,0.0,0.0
2023-07-20 00:00:00-04:00,42.53696228484576,42.66717178058023,42.03388180682449,42.49553298950195,226431,0.0,0.0
2023-07-21 00:00:00-04:00,42.673090766814184,42.673090766814184,42.08123007399685,42.0989875793457,214104,0.0,0.0
2023-07-24 00:00:00-04:00,42.21735278394452,42.99860968971099,42.21735278394452,42.767784118652344,212158,0.0,0.0
2023-07-25 00:00:00-04:00,42.86249018087865,44.15274570603932,42.49553711061247,43.856815338134766,326022,0.0,0.0
2023-07-26 00:00:00-04:00,43.53127970107715,44.0521175925499,43.31229004340912,44.04619598388672,292284,0.0,0.0
2023-07-27 00:00:00-04:00,44.20009335408141,44.20009335408141,43.26495499435219,43.53129196166992,241029,0.0,0.0
2023-07-28 00:00:00-04:00,43.856817891666914,44.17642007090286,43.42476004206353,43.84497833251953,218321,0.0,0.0
2023-07-31 00:00:00-04:00,43.97518118742962,44.638064563787644,43.87456509145015,44.16457748413086,229351,0.0,0.0
2023-08-01 00:00:00-04:00,43.7088452325609,44.06988032911825,43.3951610422943,44.05804443359375,245246,0.0,0.0
2023-08-02 00:00:00-04:00,43.44843128578375,43.83905613364412,43.075556619681365,43.19984817504883,257249,0.0,0.0
2023-08-03 00:00:00-04:00,43.11698266045727,43.768026410481134,42.655331524971594,43.26494598388672,212482,0.0,0.0
2023-08-04 00:00:00-04:00,43.24719996782171,43.47802559687493,42.22328500166184,42.294307708740234,248328,0.0,0.0
2023-08-07 00:00:00-04:00,42.45410827877879,42.880244497641414,42.30614126214869,42.542884826660156,308342,0.0,0.0
2023-08-08 00:00:00-04:00,42.02796099831111,42.02796099831111,41.009960554255535,41.82672882080078,259033,0.0,0.0
2023-08-09 00:00:00-04:00,41.791226450265306,41.91551435452742,41.45386676623116,41.82081985473633,182962,0.0,0.0
2023-08-10 00:00:00-04:00,42.12266645762373,42.19368916060156,41.18160648792584,41.58999252319336,178096,0.0,0.0
2023-08-11 00:00:00-04:00,41.40059452912766,42.00429114206666,41.264467076921605,41.63142013549805,266657,0.0,0.0
2023-08-14 00:00:00-04:00,41.625495780043074,42.690843441732596,41.341401361281086,42.631656646728516,289689,0.0,0.0
2023-08-15 00:00:00-04:00,42.24103602376543,42.25287558221834,41.56039874134754,42.05164337158203,237299,0.0,0.0
2023-08-16 00:00:00-04:00,42.12265725394177,42.933503874883705,42.12265725394177,42.6020622253418,297799,0.0,0.0
2023-08-17 00:00:00-04:00,43.00453674888556,43.904163773295764,42.54880345729132,42.60799026489258,304774,0.0,0.0
2023-08-18 00:00:00-04:00,42.31205988898303,42.76779318057728,42.20552583255881,42.60799026489258,312397,0.0,0.0
2023-08-21 00:00:00-04:00,42.62574350890926,42.85065115804244,42.17001026289398,42.52512741088867,186206,0.0,0.0
2023-08-22 00:00:00-04:00,42.80330232227132,42.9749411257738,42.42451336495882,42.72044372558594,186854,0.0,0.0
2023-08-23 00:00:00-04:00,42.61982841224757,43.19393163793525,42.49553685282039,42.9039192199707,176798,0.0,0.0
2023-08-24 00:00:00-04:00,42.59023431061857,43.05780347573833,42.34756914389058,42.70268630981445,208427,0.0,0.0
2023-08-25 00:00:00-04:00,42.85656714729405,43.430670308340765,42.359404627659806,43.30046081542969,284012,0.0,0.0
2023-08-28 00:00:00-04:00,43.312299418131346,44.555207625967654,43.312299418131346,43.850894927978516,305260,0.0,0.0
2023-08-29 00:00:00-04:00,43.77986099671058,45.0286869364374,43.5845504410048,44.97541809082031,216050,0.0,0.0
2023-08-30 00:00:00-04:00,44.969507350904486,45.69749549316267,44.76827515402794,45.02869415283203,294393,0.0,0.0
2023-08-31 00:00:00-04:00,44.963589844131775,45.36013629400069,44.5256140973458,44.549285888671875,230486,0.0,0.0
2023-09-01 00:00:00-04:00,45.04053104359318,45.821788057268066,44.963590396645124,45.48442840576172,164795,0.0,0.0
2023-09-05 00:00:00-04:00,45.18850089355356,45.18850089355356,43.63190837831152,44.194175720214844,240867,0.0,0.0
2023-09-06 00:00:00-04:00,44.0757993654729,44.69725347568904,43.489860266900195,43.933753967285156,216537,0.0,0.0
2023-09-07 00:00:00-04:00,43.6733377693702,44.010697442796,42.73819940103995,43.20576858520508,255627,0.0,0.0
2023-09-08 00:00:00-04:00,43.004528552127944,43.205760729939534,42.34756316958586,42.38899612426758,192369,0.0,0.0
2023-09-11 00:00:00-04:00,42.974936328098586,43.27678460306285,42.79146164900869,42.96310043334961,461297,0.0,0.0
2023-09-12 00:00:00-04:00,42.815139742743504,43.31822393718914,42.48369802000812,42.542884826660156,320507,0.0,0.0
2023-09-13 00:00:00-04:00,42.536965794193264,42.536965794193264,40.944861975995224,41.2703857421875,445239,0.0,0.0
2023-09-14 00:00:00-04:00,42.03740321404018,42.97685278882873,41.847137413904925,41.918487548828125,568511,0.197287,0.0
2023-09-15 00:00:00-04:00,41.76984069179831,41.77578960252264,40.30715548655946,40.67580032348633,1107664,0.0,0.0
2023-09-18 00:00:00-04:00,40.812551403832764,41.78767600556733,40.675796371082036,41.056331634521484,319858,0.0,0.0
2023-09-19 00:00:00-04:00,41.08605966381334,41.543893949238274,40.83038530304729,40.87200927734375,442806,0.0,0.0
2023-09-20 00:00:00-04:00,40.91957667237035,41.47849094565044,40.5152568045872,40.62822723388672,396417,0.0,0.0
2023-09-21 00:00:00-04:00,40.289314371028276,40.5390435253357,39.980129222867546,40.015804290771484,315317,0.0,0.0
2023-09-22 00:00:00-04:00,40.24174483206048,41.074169131875735,39.992015702626155,40.824440002441406,425613,0.0,0.0
2023-09-25 00:00:00-04:00,40.55093913217708,41.853088473297404,40.55093913217708,41.43687438964844,323751,0.0,0.0
2023-09-26 00:00:00-04:00,41.139578044732026,41.38336198886426,40.53904706935267,40.66985321044922,404527,0.0,0.0
2023-09-27 00:00:00-04:00,40.97309261185938,42.44172296247114,40.97309261185938,42.26334762573242,693243,0.0,0.0
2023-09-28 00:00:00-04:00,39.36770317249507,39.80769811828194,35.752605188864834,36.596920013427734,1876167,0.0,0.0
2023-09-29 00:00:00-04:00,37.019077493080346,37.53637150985312,36.55530159805024,36.75746154785156,734928,0.0,0.0
2023-10-02 00:00:00-04:00,36.37693004471762,36.92395401102379,36.1034199010549,36.745574951171875,452376,0.0,0.0
2023-10-03 00:00:00-04:00,36.62664799203849,36.864482986378526,35.85368334068849,36.13908386230469,456106,0.0,0.0
2023-10-04 00:00:00-04:00,36.079622298930005,36.62664606826186,35.96665187822052,36.39475631713867,327482,0.0,0.0
2023-10-05 00:00:00-04:00,36.18665516366879,36.34719112688269,35.14017671320889,35.56233596801758,494223,0.0,0.0
2023-10-06 00:00:00-04:00,35.55045105685739,36.4482767891119,35.50288184041903,36.11531066894531,495034,0.0,0.0
2023-10-09 00:00:00-04:00,35.865571971648045,36.228271515167364,34.99747263108687,35.93097686767578,322778,0.0,0.0
2023-10-10 00:00:00-04:00,36.24017141140763,36.60287104935224,36.07368651262881,36.30557632446289,466487,0.0,0.0
2023-10-11 00:00:00-04:00,36.3055591611826,36.573123919195005,35.91313354734873,36.406639099121094,370303,0.0,0.0
2023-10-12 00:00:00-04:00,36.15097602534929,36.70988657592662,35.41368647954228,36.703941345214844,837763,0.0,0.0
2023-10-13 00:00:00-04:00,36.72178458745556,36.93583498952059,36.311515798361235,36.596920013427734,455458,0.0,0.0
2023-10-16 00:00:00-04:00,37.161777541447805,37.161777541447805,36.56718821782954,36.86448287963867,483194,0.0,0.0
2023-10-17 00:00:00-04:00,36.602867082418065,37.38772227504006,36.602867082418065,36.923946380615234,409231,0.0,0.0
2023-10-18 00:00:00-04:00,36.50178546955819,36.61475590253114,35.84773643924165,35.95476531982422,430641,0.0,0.0
2023-10-19 00:00:00-04:00,35.87151348066274,36.07961860862183,35.502868744657285,35.645572662353516,447023,0.0,0.0
2023-10-20 00:00:00-04:00,35.55638880792358,35.966653898735565,35.53854943576759,35.85368347167969,438751,0.0,0.0
2023-10-23 00:00:00-04:00,35.63962752148178,35.96070677152263,35.08666219849737,35.2055778503418,524717,0.0,0.0
2023-10-24 00:00:00-04:00,35.615842917375325,35.90124710394771,35.42557713863982,35.431522369384766,242651,0.0,0.0
2023-10-25 00:00:00-04:00,35.46720319790749,35.70503821922071,35.30666354680155,35.485042572021484,218808,0.0,0.0
2023-10-26 00:00:00-04:00,35.74665826777513,36.57313744431438,35.71693210942839,36.008277893066406,240218,0.0,0.0
2023-10-27 00:00:00-04:00,36.15098179918482,36.204492563116645,35.562337643074805,36.17476272583008,237461,0.0,0.0
2023-10-30 00:00:00-04:00,36.75745389608406,36.75745389608406,36.32340424963344,36.43637466430664,179718,0.0,0.0
2023-10-31 00:00:00-04:00,36.436378431973694,36.900157957395855,36.37691876379555,36.6385383605957,214915,0.0,0.0
2023-11-01 00:00:00-04:00,36.495841765845206,37.05475608069461,36.24016737438665,37.04286193847656,271685,0.0,0.0
2023-11-02 00:00:00-04:00,37.465021092633535,37.70880134110926,37.3104266761236,37.66123580932617,317750,0.0,0.0
2023-11-03 00:00:00-04:00,38.202301017675836,38.45797166422741,37.66717144627062,37.77419662475586,300394,0.0,0.0
2023-11-06 00:00:00-05:00,37.85149962616997,37.893123603145085,37.20934474645675,37.488800048828125,236163,0.0,0.0
2023-11-07 00:00:00-05:00,37.00124549569221,37.30448545069706,36.781246149992064,36.97151565551758,146791,0.0,0.0
2023-11-08 00:00:00-05:00,36.816921310931356,37.23908062764981,36.50773612294422,36.76935577392578,213617,0.0,0.0
2023-11-09 00:00:00-05:00,37.16178131456727,37.26880652072997,36.76340664803393,36.912052154541016,190261,0.0,0.0
2023-11-10 00:00:00-05:00,37.132049359348414,38.00014878033795,37.07853491982971,37.714744567871094,253519,0.0,0.0
2023-11-13 00:00:00-05:00,37.51258470420733,38.03582392193724,37.387720131070914,37.47690963745117,212969,0.0,0.0
2023-11-14 00:00:00-05:00,38.59446336737409,39.68811075000361,38.008791084627404,39.63432693481445,372573,0.197287,0.0
2023-11-15 00:00:00-05:00,39.43711283892397,40.18414030012052,39.06061132388318,39.11439514160156,325535,0.0,0.0
2023-11-16 00:00:00-05:00,39.054630201460014,39.305633664728795,38.52872469827093,38.59446334838867,329915,0.0,0.0
2023-11-17 00:00:00-05:00,39.048657291144195,39.34149345230867,38.767775965748605,39.33551788330078,253681,0.0,0.0
2023-11-20 00:00:00-05:00,39.3474668956702,39.68811128824844,39.114393832682,39.46101379394531,218483,0.0,0.0
2023-11-21 00:00:00-05:00,39.44309309474664,39.74190485428302,39.3175913422356,39.532737731933594,238596,0.0,0.0
2023-11-22 00:00:00-05:00,39.79568050742039,39.87934955783305,39.32355883779615,39.38929748535156,287743,0.0,0.0
2023-11-24 00:00:00-05:00,39.18013602790162,39.729947560710016,39.18013602790162,39.64628219604492,100402,0.0,0.0
2023-11-27 00:00:00-05:00,39.628347854208414,40.375378981529856,39.23391964921197,40.35744857788086,257249,0.0,0.0
2023-11-28 00:00:00-05:00,41.33755372382143,42.58658452544107,41.194125269487934,41.749916076660156,1176437,0.0,0.0
2023-11-29 00:00:00-05:00,41.74991142952275,43.441182242252665,41.74991142952275,42.50291442871094,10509425,0.0,0.0
2023-11-30 00:00:00-05:00,42.502920700658386,42.9511364855778,41.88139121309014,42.84954071044922,956169,0.0,0.0
2023-12-01 00:00:00-05:00,45.665785475208075,46.160149169585395,44.114833228670285,44.16330337524414,1151500,0.0,1.622
2023-12-04 00:00:00-05:00,43.99851589812004,49.01002542729811,43.8725001647172,48.61259460449219,738100,0.0,0.0
2023-12-05 00:00:00-05:00,48.19577529897917,50.44465263687613,47.82742361670633,49.91151428222656,809200,0.0,0.0
2023-12-06 00:00:00-05:00,50.16353708019577,51.772647493698706,49.43652929642482,50.03752136230469,568900,0.0,0.0
2023-12-07 00:00:00-05:00,49.921206303689935,50.36710356962136,49.01002445186228,50.260475158691406,573500,0.0,0.0
2023-12-08 00:00:00-05:00,50.095678041634464,50.754831992004846,49.06817248423301,49.60131072998047,430400,0.0,0.0
2023-12-11 00:00:00-05:00,49.126336959414495,50.67728533551769,48.75798533343276,50.444644927978516,472800,0.0,0.0
2023-12-12 00:00:00-05:00,50.69667743522819,51.879277994670325,50.27985932649868,51.598167419433594,521400,0.0,0.0
2023-12-13 00:00:00-05:00,51.588482276927145,53.57563648367436,51.43338740463842,53.03280258178711,619500,0.0,0.0
2023-12-14 00:00:00-05:00,54.73884375816908,55.572479990227556,53.66287158412864,54.670989990234375,687000,0.0,0.0
2023-12-15 00:00:00-05:00,54.60313549306475,55.80511967850092,53.84704484970666,55.572479248046875,5607100,0.0,0.0
2023-12-18 00:00:00-05:00,55.727580405233084,56.18316950714214,54.18632351254347,54.8163948059082,651400,0.0,0.0
2023-12-19 00:00:00-05:00,55.41738019650976,57.15250638970532,54.96179115025808,56.71630096435547,629700,0.0,0.0
2023-12-20 00:00:00-05:00,56.755073982457134,57.89889986618461,55.06841798289482,55.39799499511719,657600,0.0,0.0
2023-12-21 00:00:00-05:00,56.04745661609835,56.30917987833819,55.1653539312543,56.29948806762695,373800,0.0,0.0
2023-12-22 00:00:00-05:00,56.72600070461572,57.44331305959257,56.06684661218914,56.63875961303711,303100,0.0,0.0
2023-12-26 00:00:00-05:00,56.80354239869838,57.44330912722764,56.183162988943096,57.06526565551758,237600,0.0,0.0
2023-12-27 00:00:00-05:00,56.97802982784888,57.472397257823054,56.22194281465696,57.07496643066406,268100,0.0,0.0
2023-12-28 00:00:00-05:00,56.60968056802927,57.24944734132963,56.01838024617906,56.105621337890625,270600,0.0,0.0
2023-12-29 00:00:00-05:00,56.57090204074158,56.70660957457873,55.494929882814226,55.78573226928711,287200,0.0,0.0
2024-01-02 00:00:00-05:00,55.378612912664614,55.892363948794866,54.18632046983677,54.98118209838867,389600,0.0,0.0
2024-01-03 00:00:00-05:00,54.58375028873116,55.068422184997715,53.72103120726406,53.934288024902344,444100,0.0,0.0
2024-01-04 00:00:00-05:00,53.70164202809812,53.88581599842897,52.65474906557903,53.255741119384766,323100,0.0,0.0
2024-01-05 00:00:00-05:00,52.92616448175458,53.982749261483974,52.89708535406797,53.604705810546875,325500,0.0,0.0
2024-01-08 00:00:00-05:00,53.82765587503797,54.370489692320454,53.478691542338716,54.36079788208008,258600,0.0,0.0
2024-01-09 00:00:00-05:00,53.49808168280001,53.81796690390044,52.59659167502087,52.88739776611328,317100,0.0,0.0
2024-01-10 00:00:00-05:00,52.75168442658971,53.3914548432645,52.37364096055672,53.35268020629883,216800,0.0,0.0
2024-01-11 00:00:00-05:00,53.23635528465958,53.439920275988,52.15069135450359,52.7322998046875,292900,0.0,0.0
2024-01-12 00:00:00-05:00,52.790461136886506,53.60471005638039,52.082840624359555,52.56751251220703,210500,0.0,0.0
2024-01-16 00:00:00-05:00,51.85989107687377,52.2088554215549,51.23951166310866,51.41399383544922,202400,0.0,0.0
2024-01-17 00:00:00-05:00,50.783918861967216,51.5981677661482,50.677290457005554,50.98748016357422,242100,0.0,0.0
2024-01-18 00:00:00-05:00,51.433379680179506,52.063450886458845,50.97778694348689,52.044063568115234,187500,0.0,0.0
2024-01-19 00:00:00-05:00,52.24763197508997,53.51746997865312,51.375221081398934,53.50777816772461,332600,0.0,0.0
2024-01-22 00:00:00-05:00,52.19916606988947,52.50935581335754,49.64009883740122,52.257328033447266,556000,0.0,0.0
2024-01-23 00:00:00-05:00,52.945554620497134,53.061878532947084,51.859890655235006,52.34456253051758,316000,0.0,0.0
2024-01-24 00:00:00-05:00,52.916478940616734,52.96494539175368,52.17977926917683,52.63536834716797,223100,0.0,0.0
2024-01-25 00:00:00-05:00,53.30420794381834,54.040907477032256,52.50934276374853,54.03121566772461,269600,0.0,0.0
2024-01-26 00:00:00-05:00,54.28324957653485,54.78730876633302,54.03122183051222,54.767921447753906,235800,0.0,0.0
2024-01-29 00:00:00-05:00,54.87455120082313,54.990871417406034,54.25417178204359,54.88424301147461,177600,0.0,0.0
2024-01-30 00:00:00-05:00,54.45773337686998,55.97960280225387,54.45773337686998,55.87297439575195,223800,0.0,0.0
2024-01-31 00:00:00-05:00,56.09592381068029,56.7744651998289,55.233208433546196,55.2913703918457,227600,0.0,0.0
2024-02-01 00:00:00-05:00,56.008686998182846,57.278528784855496,55.65972261724969,57.162208557128906,288700,0.0,0.0
2024-02-02 00:00:00-05:00,56.85201253094686,57.33668440692167,56.42549891352713,56.95863723754883,210500,0.0,0.0
2024-02-05 00:00:00-05:00,56.22194124068939,56.41581074313896,55.204130975020654,55.863285064697266,205400,0.0,0.0
2024-02-06 00:00:00-05:00,55.737268690163326,56.202553272020396,55.00056902666125,55.37861251831055,199200,0.0,0.0
2024-02-07 00:00:00-05:00,55.57248050953526,56.793852041526414,55.4949312324549,56.00868225097656,233900,0.0,0.0
2024-02-08 00:00:00-05:00,56.07653943344589,56.89078840359525,56.07653943344589,56.4061164855957,221400,0.0,0.0
2024-02-09 00:00:00-05:00,56.26071434067958,61.911986701656815,56.20255238221084,60.6809196472168,911800,0.0,0.0
2024-02-12 00:00:00-05:00,60.4579752428551,61.42731909852651,60.34165501554547,60.81663513183594,314200,0.0,0.0
2024-02-13 00:00:00-05:00,58.558061225260204,59.3432310668349,56.91017595774415,57.60810470581055,485900,0.0,0.0
2024-02-14 00:00:00-05:00,58.20909507506035,58.38357725675287,56.47396876698087,57.56932830810547,301500,0.0,0.0
2024-02-15 00:00:00-05:00,57.87951442503929,60.777853864550586,57.87951442503929,60.583984375,315800,0.0,0.0
2024-02-16 00:00:00-05:00,60.225331065464935,61.15590022192645,59.866671198654316,60.07023620605469,168700,0.0,0.0
2024-02-20 00:00:00-05:00,59.159041734108925,60.61305720807393,58.89731850506491,60.59366989135742,231100,0.0,0.0
2024-02-21 00:00:00-05:00,60.874789952661835,61.010497493137734,59.459548890908735,60.2059440612793,220900,0.0,0.0
2024-02-22 00:00:00-05:00,60.54520866418816,60.95233495480212,59.89575013812323,60.283485412597656,193100,0.0,0.0
2024-02-23 00:00:00-05:00,60.54520942570318,62.67777010202303,60.33195631627353,62.26095199584961,466700,0.0,0.0
2024-02-26 00:00:00-05:00,62.23186369556792,65.16898137135846,59.663105063246235,59.98299026489258,605600,0.0,0.0
2024-02-27 00:00:00-05:00,60.59367863716501,60.91356386252928,59.255986870422895,60.25440979003906,233900,0.0,0.0
2024-02-28 00:00:00-05:00,59.585564994362166,60.5452132924665,59.47893658396098,59.59525680541992,163600,0.0,0.0
2024-02-29 00:00:00-05:00,59.94421832256025,60.51613128940704,59.003953691196976,60.215633392333984,279500,0.0,0.0
2024-03-01 00:00:00-05:00,60.487051126762246,61.76658457348869,60.487051126762246,61.088043212890625,197900,0.0,0.0
2024-03-04 00:00:00-05:00,61.175285691724696,61.427313443988,59.93452685396133,60.564598083496094,217600,0.0,0.0
2024-03-05 00:00:00-05:00,60.2156371261856,61.340075810654824,59.78912717612942,60.855403900146484,200700,0.0,0.0
2024-03-06 00:00:00-05:00,61.475779229289735,61.58240763408794,60.09931287072047,61.14620590209961,221500,0.0,0.0
2024-03-07 00:00:00-05:00,61.844138794524774,62.39666820796928,60.79724932712457,61.921688079833984,243600,0.0,0.0
2024-03-08 00:00:00-05:00,62.67777430275769,63.10428055020189,60.884486035654,61.33038330078125,231500,0.0,0.0
2024-03-11 00:00:00-04:00,60.9717304131125,61.21406637866899,58.955493404760944,60.09931945800781,320400,0.0,0.0
2024-03-12 00:00:00-04:00,60.28349192130883,61.24314394741941,59.944223057294295,60.94264602661133,235500,0.0,0.0
2024-03-13 00:00:00-04:00,60.748776224402235,61.543641569201775,60.351345400879104,61.12682342529297,271600,0.0,0.0
2024-03-14 00:00:00-04:00,60.83526851079272,60.990757870477374,59.066575654195226,59.805152893066406,315100,0.16,0.0
2024-03-15 00:00:00-04:00,59.5427727002176,62.312432194429476,59.5427727002176,61.612728118896484,1494900,0.0,0.0
2024-03-18 00:00:00-04:00,61.7779332230665,62.33186437381473,61.10738596351844,61.437801361083984,364100,0.0,0.0
2024-03-19 00:00:00-04:00,61.48638841540616,61.76821406427494,60.534015536239075,61.11709976196289,311700,0.0,0.0
2024-03-20 00:00:00-04:00,61.933419456350435,62.64283995183158,60.747810671134765,61.904266357421875,362000,0.0,0.0
2024-03-21 00:00:00-04:00,61.81680377334302,67.98779270384607,59.299816984014186,65.09180450439453,822400,0.0,0.0
2024-03-22 00:00:00-04:00,64.49900549007144,64.49900549007144,61.33090413432452,62.43876647949219,393500,0.0,0.0
2024-03-25 00:00:00-04:00,62.91494354849334,63.49802775260383,60.14528801823008,60.59231948852539,285000,0.0,0.0
2024-03-26 00:00:00-04:00,60.913015416210385,60.913015416210385,58.51264493595811,58.82362365722656,303500,0.0,0.0
2024-03-27 00:00:00-04:00,59.377561078233974,60.320217513039886,59.299818243192625,60.21331787109375,268500,0.0,0.0
2024-03-28 00:00:00-04:00,60.17443812056882,61.0879413572655,59.86345939957044,60.47570037841797,257800,0.0,0.0
2024-04-01 00:00:00-04:00,60.42711609423879,60.79640474889038,59.00827508841834,59.465023040771484,338400,0.0,0.0
2024-04-02 00:00:00-04:00,58.83334119123174,59.03742027282715,56.77310262119863,57.336753845214844,426000,0.0,0.0
2024-04-03 00:00:00-04:00,57.288173753230716,58.92081409492342,56.87029534987131,58.736167907714844,253200,0.0,0.0
2024-04-04 00:00:00-04:00,58.911089391563,59.77599923197605,58.104489454281676,58.46405792236328,210600,0.0,0.0
2024-04-05 00:00:00-04:00,58.25026113505116,59.96064796158656,58.25026113505116,59.8537483215332,279800,0.0,0.0
2024-04-08 00:00:00-04:00,60.44655196463405,60.44655196463405,59.47474245943787,59.484458923339844,158900,0.0,0.0
2024-04-09 00:00:00-04:00,59.95092600925867,59.96064618015243,58.52236858207299,59.0277099609375,137000,0.0,0.0
2024-04-10 00:00:00-04:00,57.88097650989958,58.18223508937197,56.773110539944554,57.618587493896484,189500,0.0,0.0
2024-04-11 00:00:00-04:00,57.812950139879426,57.90041314521379,57.33676184257917,57.618587493896484,198900,0.0,0.0
2024-04-12 00:00:00-04:00,57.02577976930681,57.443658136317076,56.31635930388817,56.73423767089844,190500,0.0,0.0
2024-04-15 00:00:00-04:00,57.15211755209084,57.54083912454778,55.80129924436287,56.306640625,163100,0.0,0.0
2024-04-16 00:00:00-04:00,55.869330924738826,56.452415153758174,55.26680635330517,56.07341003417969,144000,0.0,0.0
2024-04-17 00:00:00-04:00,56.685650627858635,57.04521910937949,55.89848358837442,56.47185134887695,244000,0.0,0.0
2024-04-18 00:00:00-04:00,56.79254240577275,57.093804667104,55.27652205017257,55.606937408447266,207500,0.0,0.0
2024-04-19 00:00:00-04:00,55.500040351803804,56.627339207545525,55.14047187990281,55.733272552490234,237400,0.0,0.0
2024-04-22 00:00:00-04:00,55.86933435843151,56.66621791707481,55.42229913440579,55.9859504699707,180400,0.0,0.0
2024-04-23 00:00:00-04:00,55.94706976815298,58.454339929854164,55.94706976815298,57.91984176635742,317500,0.0,0.0
2024-04-24 00:00:00-04:00,57.861537984504636,58.026743818540155,56.462129944867236,57.181270599365234,194400,0.0,0.0
2024-04-25 00:00:00-04:00,56.60790800772554,56.60790800772554,55.27652992177163,55.9859504699707,276500,0.0,0.0
2024-04-26 00:00:00-04:00,56.09284240430061,57.00634194888021,55.879043139909264,56.763389587402344,147500,0.0,0.0
2024-04-29 00:00:00-04:00,56.967466727769995,57.25900881011397,56.33579283388451,56.61761474609375,205700,0.0,0.0
2024-04-30 00:00:00-04:00,56.19975175926524,56.41354735348519,55.28624834948727,55.54863739013672,251000,0.0,0.0
2024-05-01 00:00:00-04:00,55.67496593613886,56.928601053643405,55.227934465561084,56.32607650756836,263000,0.0,0.0
2024-05-02 00:00:00-04:00,56.6079021556231,57.01606035739472,55.956791584084854,56.90916442871094,186500,0.0,0.0
2024-05-03 00:00:00-04:00,57.7449177490607,57.978153656327095,57.16183354163317,57.77407455444336,188800,0.0,0.0
2024-05-06 00:00:00-04:00,58.1336421250938,58.77503622619393,57.84210002589536,58.47377395629883,184300,0.0,0.0
2024-05-07 00:00:00-04:00,58.99855097518466,58.99855097518466,56.73423687844304,57.04521560668945,382400,0.0,0.0
2024-05-08 00:00:00-04:00,56.646773879426306,57.20070497081266,56.296921883359374,57.04521560668945,196400,0.0,0.0
2024-05-09 00:00:00-04:00,57.045223970216725,57.618591779576064,56.72452502441736,57.220149993896484,155500,0.0,0.0
2024-05-10 00:00:00-04:00,57.60885928734206,57.60885928734206,56.91887551214313,57.336753845214844,155300,0.0,0.0
2024-05-13 00:00:00-04:00,57.60885928734206,57.60885928734206,56.91887551214313,57.336753845214844,204200,0.0,0.0
2024-05-14 00:00:00-04:00,58.22110172156009,58.415464345381565,57.68660728642004,58.0753288269043,140100,0.0,0.0
2024-05-15 00:00:00-04:00,58.590392659777386,58.843061485754966,57.83237876752695,57.91984176635742,142500,0.0,0.0
2024-05-16 00:00:00-04:00,57.910129177045775,57.9295658122149,57.30760831543913,57.62830352783203,134600,0.0,0.0
2024-05-17 00:00:00-04:00,57.75464108076523,57.75464108076523,56.6176219947469,56.72452163696289,158900,0.0,0.0
2024-05-20 00:00:00-04:00,56.773106795084296,57.66717342476787,56.48156469892011,56.549591064453125,205800,0.0,0.0
2024-05-21 00:00:00-04:00,56.38438828260722,57.161835150106775,56.13171573369543,56.95775604248047,154700,0.0,0.0
2024-05-22 00:00:00-04:00,56.62734131150819,56.94803652615706,54.654569167452486,54.71287536621094,222900,0.0,0.0
2024-05-23 00:00:00-04:00,55.01413532912478,55.043288427272685,54.110352214949856,54.67399978637695,208100,0.0,0.0
2024-05-24 00:00:00-04:00,55.169619783733665,55.39313549966274,54.56709899700491,55.383419036865234,131200,0.0,0.0
2024-05-28 00:00:00-04:00,55.480603822944424,56.335797210461976,54.98498261517205,55.53891372680664,153800,0.0,0.0
2024-05-29 00:00:00-04:00,55.0432908148484,55.30567983103798,54.30471720817929,54.42133331298828,128100,0.0,0.0
2024-05-30 00:00:00-04:00,54.76146241750357,55.47088659634768,54.557383317530906,54.97526168823242,163800,0.0,0.0
2024-05-31 00:00:00-04:00,55.27652922061135,55.47089187548416,54.68372479147096,55.422298431396484,158900,0.0,0.0
2024-06-03 00:00:00-04:00,55.101598050992926,55.43201342124138,53.789653033612765,54.19781494140625,279600,0.0,0.0
2024-06-04 00:00:00-04:00,53.68275728216625,53.77993674725889,51.807164690038476,51.86547088623047,245300,0.0,0.0
2024-06-05 00:00:00-04:00,52.011247831921466,52.91503101470437,51.321263937543755,52.730384826660156,200800,0.0,0.0
2024-06-06 00:00:00-04:00,52.594331852832404,52.72066813244469,51.86547468971105,52.059837341308594,122400,0.0,0.0
2024-06-07 00:00:00-04:00,51.59336017376632,52.09870149662967,51.40871772599568,51.807159423828125,145800,0.0,0.0
2024-06-10 00:00:00-04:00,51.42815748392132,51.95293550897988,51.058872539317804,51.4378776550293,181600,0.0,0.0
2024-06-11 00:00:00-04:00,50.825634053049946,51.04914978415132,50.11621359159981,50.72845458984375,192500,0.0,0.0
2024-06-12 00:00:00-04:00,52.39025219222183,52.85672032691093,51.010284423828125,51.010284423828125,240900,0.0,0.0
2024-06-13 00:00:00-04:00,51.0102824873231,51.26295132716959,49.873263440116254,51.25323486328125,249000,0.0,0.0
2024-06-14 00:00:00-04:00,50.483169663564595,50.55140303695211,49.635119934137,49.95679473876953,246100,0.16,0.0
2024-06-17 00:00:00-04:00,49.60588036047907,50.69761810237893,49.60588036047907,50.590396881103516,268500,0.0,0.0
2024-06-18 00:00:00-04:00,50.86332389354476,51.126511334217824,50.11275312979705,50.34669876098633,315900,0.0,0.0
2024-06-20 00:00:00-04:00,50.25897449917519,50.9900495548463,49.147737291065475,49.44017028808594,406400,0.0,0.0
2024-06-21 00:00:00-04:00,49.401177236939674,49.401177236939674,48.11448547521808,49.215972900390625,1170600,0.0,0.0
2024-06-24 00:00:00-04:00,49.59613321941784,50.6781249055212,49.176983219964455,49.97629165649414,332400,0.0,0.0
2024-06-25 00:00:00-04:00,49.72285265788857,49.93730254303902,48.60187307287543,48.89430236816406,408300,0.0,0.0
2024-06-26 00:00:00-04:00,45.307155914721974,47.753822421875036,44.9854848362817,47.227447509765625,794400,0.0,0.0
2024-06-27 00:00:00-04:00,46.769304399069604,46.85703354814224,44.99522935643611,45.81403350830078,664200,0.0,0.0
2024-06-28 00:00:00-04:00,46.25268646213263,46.52561998247755,45.42413243210789,46.13571548461914,1679100,0.0,0.0
2024-07-01 00:00:00-04:00,46.34041424314127,46.53536834547767,44.01072220224378,44.12769317626953,428000,0.0,0.0
2024-07-02 00:00:00-04:00,43.70853813351359,44.28365062415613,43.33812575349641,44.03995895385742,398300,0.0,0.0
2024-07-03 00:00:00-04:00,44.19591796034323,45.1511887857532,44.19591796034323,45.034217834472656,131700,0.0,0.0
2024-07-05 00:00:00-04:00,44.995226659420716,44.995226659420716,43.15291835776317,43.2601432800293,359800,0.0,0.0
2024-07-08 00:00:00-04:00,43.58181850655056,44.17642679180234,42.70453070274358,42.8702392578125,342100,0.0,0.0
2024-07-09 00:00:00-04:00,42.55831894835133,42.909235596324045,41.97346034735701,42.15866470336914,250900,0.0,0.0
2024-07-10 00:00:00-04:00,42.236641051620566,42.548566084525405,41.98319963836057,42.304874420166016,205000,0.0,0.0
2024-07-11 00:00:00-04:00,43.51358473875315,45.5800890942623,43.21140944262616,45.30715560913086,375500,0.0,0.0
2024-07-12 00:00:00-04:00,45.814028041413984,46.993494679416436,45.814028041413984,46.642578125,305200,0.0,0.0
2024-07-15 00:00:00-04:00,47.100722543991296,47.90003087089532,46.35015180415419,46.42813491821289,332100,0.0,0.0
2024-07-16 00:00:00-04:00,46.79855162120743,48.611618432750596,46.79855162120743,48.484901428222656,243500,0.0,0.0
2024-07-17 00:00:00-04:00,48.172965235864254,49.26470654250543,47.81230262268367,48.02675247192383,291500,0.0,0.0
2024-07-18 00:00:00-04:00,47.78306637186337,49.06001214874337,47.43214974808322,48.12423324584961,186600,0.0,0.0
2024-07-19 00:00:00-04:00,48.046257253303594,48.1729742621072,46.993507307167036,47.25669479370117,256200,0.0,0.0
2024-07-22 00:00:00-04:00,47.72457606107811,47.802559180820566,46.720567564252775,47.675838470458984,202200,0.0,0.0
2024-07-23 00:00:00-04:00,47.38340793407044,49.26470788520745,47.07148290036853,48.70909118652344,243500,0.0,0.0
2024-07-24 00:00:00-04:00,48.47515098286149,49.06001327540646,47.198205176656444,47.21770095825195,227100,0.0,0.0
2024-07-25 00:00:00-04:00,47.57836806479044,49.59613501015757,47.22745142760656,48.816322326660156,206200,0.0,0.0
2024-07-26 00:00:00-04:00,47.96826734762855,49.82032552380964,47.96826734762855,49.51814651489258,254600,0.0,0.0
2024-07-29 00:00:00-04:00,49.6253727507391,49.927551767610375,48.89429772275624,49.342689514160156,191300,0.0,0.0
2024-07-30 00:00:00-04:00,49.39142428091698,49.64486569178276,47.90978224783567,48.436153411865234,295000,0.0,0.0
2024-07-31 00:00:00-04:00,48.77732878067538,50.200487335029244,48.026757941298065,48.65060806274414,252100,0.0,0.0
2024-08-01 00:00:00-04:00,48.37767675670885,48.533639294138624,45.75555171571797,46.50612258911133,225100,0.0,0.0
2024-08-02 00:00:00-04:00,44.849021911621094,45.3364053450892,44.33239666204586,44.849021911621094,183700,0.0,0.0
2024-08-05 00:00:00-04:00,42.56805724778206,44.215415243913846,42.353611116206984,43.874244689941406,233400,0.0,0.0
2024-08-06 00:00:00-04:00,43.75727447179416,44.74179087395581,43.42585366093376,43.95222854614258,168600,0.0,0.0
2024-08-07 00:00:00-04:00,44.615075036998064,44.615075036998064,42.81175430051665,42.97746658325195,168200,0.0,0.0
2024-08-08 00:00:00-04:00,43.435610746930415,43.796273428412285,42.79226479581452,42.889739990234375,178600,0.0,0.0
2024-08-09 00:00:00-04:00,43.22116397540027,43.26015554335751,42.58756401063724,42.81175994873047,157000,0.0,0.0
2024-08-12 00:00:00-04:00,42.733768384036374,42.733768384036374,41.69076840752044,42.13916015625,189700,0.0,0.0
2024-08-13 00:00:00-04:00,42.63629799620144,42.79226052276366,41.88572717510827,42.61680221557617,163300,0.0,0.0
2024-08-14 00:00:00-04:00,42.85073817715564,42.85073817715564,41.91496314813438,42.11966323852539,153800,0.0,0.0
2024-08-15 00:00:00-04:00,43.37711475510142,43.8547520368328,42.948218779307204,43.26988983154297,168400,0.0,0.0
2024-08-16 00:00:00-04:00,43.113931905914825,43.591569238445835,43.055444563633486,43.08469009399414,146300,0.0,0.0
2024-08-19 00:00:00-04:00,43.29913500855128,44.15693074530639,43.28938897766946,43.59156799316406,173300,0.0,0.0
2024-08-20 00:00:00-04:00,43.416112827699756,43.69879608342196,43.19191691681529,43.25040054321289,149200,0.0,0.0
2024-08-21 00:00:00-04:00,43.69878717450169,44.42986210294778,43.46484156128562,44.28364562988281,119000,0.0,0.0
2024-08-22 00:00:00-04:00,44.381125847163325,44.41037137616608,43.71828420584445,43.776771545410156,130900,0.0,0.0
2024-08-23 00:00:00-04:00,44.16668123880456,45.99923998753338,43.79626884557642,45.190185546875,167800,0.0,0.0
2024-08-26 00:00:00-04:00,45.77504650602807,46.233188076620415,45.19993396450751,45.29741287231445,207300,0.0,0.0
2024-08-27 00:00:00-04:00,45.11220493763413,45.11220493763413,44.449363236383554,44.77103805541992,112100,0.0,0.0
2024-08-28 00:00:00-04:00,44.351887721224536,44.907504478718515,43.952233497089566,43.97172927856445,148600,0.0,0.0
2024-08-29 00:00:00-04:00,44.459111801454526,44.946495173593355,43.93273686711898,44.42012023925781,145700,0.0,0.0
2024-08-30 00:00:00-04:00,44.8100222548592,44.975730793720274,43.991218153662075,44.644309997558594,154200,0.0,0.0
2024-09-03 00:00:00-04:00,44.1666795068245,44.31289227742092,42.363358921950336,42.51932144165039,171800,0.0,0.0
2024-09-04 00:00:00-04:00,42.25613517061668,42.78251008369545,41.90522228033739,42.275630950927734,170600,0.0,0.0
2024-09-05 00:00:00-04:00,42.50957928956185,42.772766762776385,41.93446674848715,42.25613784790039,170700,0.0,0.0
2024-09-06 00:00:00-04:00,42.236639694364996,42.987206724245844,41.817489747660865,41.88572311401367,206200,0.0,0.0
2024-09-09 00:00:00-04:00,42.05143257940764,42.54856565197313,41.53480744611849,41.83698272705078,197500,0.0,0.0
2024-09-10 00:00:00-04:00,41.66153046388626,41.77850142691899,40.86221834758293,41.612789154052734,200500,0.0,0.0
2024-09-11 00:00:00-04:00,41.38859662393902,42.382859186654244,40.56979237925826,42.26588821411133,198300,0.0,0.0
2024-09-12 00:00:00-04:00,42.66554439565071,43.113936242926684,42.09043181990446,43.09444046020508,175500,0.0,0.0
2024-09-13 00:00:00-04:00,43.70112408341682,44.97321159262496,43.70112408341682,44.268672943115234,188800,0.17,0.0
2024-09-16 00:00:00-04:00,44.72857149014567,45.090630003239504,43.945748830254615,44.200164794921875,259500,0.0,0.0
2024-09-17 00:00:00-04:00,44.86557295144973,45.3939797404514,44.29802782210218,44.71879577636719,227400,0.0,0.0
2024-09-18 00:00:00-04:00,44.93406826164053,45.814746214863376,44.15124548810547,44.395877838134766,284100,0.0,0.0
2024-09-19 00:00:00-04:00,45.86367386131264,45.99088373384377,44.77750558439404,45.55054473876953,246500,0.0,0.0
2024-09-20 00:00:00-04:00,45.423330994774965,45.49183148398691,44.41544695079161,44.894927978515625,1743800,0.0,0.0
2024-09-23 00:00:00-04:00,45.41355162537102,45.59947087706607,43.08465048917944,43.554344177246094,410500,0.0,0.0
2024-09-24 00:00:00-04:00,43.84790655620324,44.611158342420495,43.476064315289904,44.31760025024414,800600,0.0,0.0
2024-09-25 00:00:00-04:00,42.78130794335718,45.51140222055413,41.822349548339844,41.822349548339844,858800,0.0,0.0
2024-09-26 00:00:00-04:00,42.38989142947154,42.5171012910122,39.180316334303534,39.20967102050781,477800,0.0,0.0
2024-09-27 00:00:00-04:00,39.865286093824515,41.049305673805634,39.66957948348879,39.95335388183594,356800,0.0,0.0
2024-09-30 00:00:00-04:00,39.61086864684222,40.726391536948206,39.54237188922472,40.56004333496094,362000,0.0,0.0
2024-10-01 00:00:00-04:00,40.315410075347096,40.69703592562997,39.46409058373197,40.276268005371094,342700,0.0,0.0
2024-10-02 00:00:00-04:00,40.13927329987143,40.59918327643276,39.963137723009346,40.47197341918945,244900,0.0,0.0
2024-10-03 00:00:00-04:00,40.012067438451474,40.403480700076564,39.56194480053807,40.19799041748047,275000,0.0,0.0
2024-10-04 00:00:00-04:00,41.08845141503304,41.19608651418496,40.3251959397811,40.951454162597656,190600,0.0,0.0
2024-10-07 00:00:00-04:00,40.599186767191085,41.010167326677035,40.119705714997366,40.882957458496094,206500,0.0,0.0
2024-10-08 00:00:00-04:00,40.706818756443326,40.902525369586385,40.12948630070754,40.71660614013672,188100,0.0,0.0
2024-10-09 00:00:00-04:00,39.630440387960206,39.91421480759626,38.387707611809944,38.7399787902832,385200,0.0,0.0
2024-10-10 00:00:00-04:00,38.26049421724422,38.818255620792286,38.05500395968295,38.397491455078125,268800,0.0,0.0
2024-10-11 00:00:00-04:00,38.39749715911802,39.59130054666852,38.39749715911802,39.415164947509766,154300,0.0,0.0
2024-10-14 00:00:00-04:00,39.2488166749439,39.689155672187326,38.99439692862832,39.48366165161133,253200,0.0,0.0
2024-10-15 00:00:00-04:00,39.8457159230953,40.481757754480064,39.4249480082317,39.44451904296875,341400,0.0,0.0
2024-10-16 00:00:00-04:00,40.11970460872715,40.794888537605,39.78700446997719,40.1490592956543,316800,0.0,0.0
2024-10-17 00:00:00-04:00,40.01206538364717,40.88295592660556,39.923997590943884,40.765533447265625,323800,0.0,0.0
2024-10-18 00:00:00-04:00,40.980812127712184,40.980812127712184,40.19798935789016,40.912315368652344,318900,0.0,0.0
2024-10-21 00:00:00-04:00,41.05909571836383,41.17652194252696,40.344769652276405,40.354557037353516,226000,0.0,0.0
2024-10-22 00:00:00-04:00,40.139279292351624,40.266489168586375,39.04332733154297,39.04332733154297,285800,0.0,0.0
2024-10-23 00:00:00-04:00,38.73019627344066,38.84761875877399,37.93758609865529,37.957157135009766,209500,0.0,0.0
2024-10-24 00:00:00-04:00,38.0745780568278,38.17242950178843,37.4874619214773,37.77123260498047,251700,0.0,0.0
2024-10-25 00:00:00-04:00,37.9962947992099,38.46598841884066,37.86908494406206,37.986507415771484,222300,0.0,0.0
2024-10-28 00:00:00-04:00,38.328992200254746,38.994392445637374,38.328992200254746,38.92589569091797,214000,0.0,0.0
2024-10-29 00:00:00-04:00,38.465987760905406,38.57362284733539,37.95715208181044,38.22135543823242,180300,0.0,0.0
2024-10-30 00:00:00-04:00,38.01586687520645,39.258599699660884,38.01586687520645,38.20178985595703,151700,0.0,0.0
2024-10-31 00:00:00-04:00,37.878873308259685,38.15286408673383,37.448321703219655,37.47767639160156,150100,0.0,0.0
2024-11-01 00:00:00-04:00,37.73209143826889,38.11371727091932,37.644023651288556,37.986507415771484,170600,0.0,0.0
2024-11-04 00:00:00-05:00,37.84951723042031,38.798691936388934,37.692952676808375,37.87887191772461,152000,0.0,0.0
2024-11-05 00:00:00-05:00,37.69295285369322,38.46599197387695,37.69295285369322,38.46599197387695,217700,0.0,0.0
2024-11-06 00:00:00-05:00,40.38390747562347,43.534773235883165,39.72829085784328,42.48774337768555,479300,0.0,0.0
2024-11-07 00:00:00-05:00,42.35075053728795,42.35075053728795,41.15694722732557,41.528785705566406,206500,0.0,0.0
2024-11-08 00:00:00-05:00,41.38200808333559,41.96912421406501,41.08845001797088,41.489646911621094,213500,0.0,0.0
2024-11-11 00:00:00-05:00,41.753851613185596,42.252903744246446,41.303728942937845,41.94955825805664,186600,0.0,0.0
2024-11-12 00:00:00-05:00,41.37222454422871,41.47007973030681,40.520904955714414,40.69704055786133,174400,0.0,0.0
2024-11-13 00:00:00-05:00,40.90252525139261,41.04930614402406,39.88485385222395,39.99249267578125,163300,0.0,0.0
2024-11-14 00:00:00-05:00,40.060990666585674,40.22734259888797,39.366235716648106,39.86528778076172,159800,0.0,0.0
2024-11-15 00:00:00-05:00,40.03163582936709,40.03163582936709,39.13139061303197,39.20967102050781,157100,0.0,0.0
2024-11-18 00:00:00-05:00,39.40537680959159,39.60108342335487,38.69105084222979,38.788902282714844,112700,0.0,0.0
2024-11-19 00:00:00-05:00,37.96694093294827,38.280070050238244,37.52660194526126,37.68316650390625,134000,0.0,0.0
2024-11-20 00:00:00-05:00,37.68316593748587,37.8005921542997,37.418966281638404,37.78102111816406,151500,0.0,0.0
2024-11-21 00:00:00-05:00,37.96694128141805,39.07268058669339,37.96694128141805,38.72040939331055,163200,0.0,0.0
2024-11-22 00:00:00-05:00,38.896541668160964,39.78700322747883,38.84761594721249,39.552154541015625,127900,0.0,0.0
2024-11-25 00:00:00-05:00,39.9533591022429,41.20587559957952,39.9533591022429,40.2077751159668,236600,0.0,0.0
2024-11-26 00:00:00-05:00,39.90442531507986,39.91421269885003,39.03353479919483,39.30752182006836,169100,0.0,0.0
2024-11-27 00:00:00-05:00,39.75764846801758,40.501329130322866,39.47387406113017,39.75764846801758,106000,0.0,0.0
2024-11-29 00:00:00-05:00,40.34476543106916,40.47197529420595,39.72829088349138,40.041419982910156,76100,0.0,0.0
2024-12-02 00:00:00-05:00,40.17841987568857,41.1373782724013,39.85550337095396,40.96124267578125,187400,0.0,0.0
2024-12-03 00:00:00-05:00,40.91231841557117,40.91231841557117,39.99249832633304,40.49155044555664,128100,0.0,0.0
2024-12-04 00:00:00-05:00,40.47197869730369,40.78510782305201,39.98271397172273,40.65789794921875,178000,0.0,0.0
2024-12-05 00:00:00-05:00,40.452404856512025,40.80467603176071,39.51301754437778,40.01206588745117,160700,0.0,0.0
2024-12-06 00:00:00-05:00,40.50132791142423,40.70681817251983,39.796785607332865,39.95335388183594,166400,0.0,0.0
2024-12-09 00:00:00-05:00,40.63832532998781,41.4407191500755,40.18820269584953,40.608970642089844,171900,0.0,0.0
2024-12-10 00:00:00-05:00,40.54047099086653,40.58939671147208,39.61086736818839,40.03163528442383,189000,0.0,0.0
2024-12-11 00:00:00-05:00,40.32519943548347,40.48176400475984,39.84572207517185,39.98271560668945,166900,0.0,0.0
2024-12-12 00:00:00-05:00,39.62065748777306,39.64022479113182,38.14307598702419,38.4366340637207,208900,0.0,0.0
2024-12-13 00:00:00-05:00,38.397324689426206,38.67250268085909,37.96490159588611,38.56439971923828,318300,0.17,0.0
2024-12-16 00:00:00-05:00,38.4366349796539,38.4366349796539,37.650409508443886,38.0140380859375,239600,0.0,0.0
2024-12-17 00:00:00-05:00,37.83713909294689,37.97472808980548,37.227814785850725,37.54230499267578,423100,0.0,0.0
2024-12-18 00:00:00-05:00,43.02623402356688,45.20801325421744,40.8051463262977,41.41447067260742,1033800,0.0,0.0
2024-12-19 00:00:00-05:00,41.4930939973306,42.20069511484515,40.28427151634831,40.510311126708984,446600,0.0,0.0
2024-12-20 00:00:00-05:00,39.7830467730405,41.021355184271734,39.724078456166076,40.077880859375,1459300,0.0,0.0
2024-12-23 00:00:00-05:00,39.96977600830273,40.52996567206614,39.370281629502834,40.33340835571289,265600,0.0,0.0
2024-12-24 00:00:00-05:00,40.24495370403663,40.67737675731698,40.12702082569083,40.402198791503906,125300,0.0,0.0
2024-12-26 00:00:00-05:00,40.37271831679976,40.726516967677966,40.0483982005546,40.65772247314453,143400,0.0,0.0
2024-12-27 00:00:00-05:00,40.30392246787367,40.79531388603317,39.69459815908121,39.96977615356445,184600,0.0,0.0
2024-12-30 00:00:00-05:00,39.82235655957296,39.9992577504062,39.350621300357176,39.370277404785156,151100,0.0,0.0
2024-12-31 00:00:00-05:00,39.665114032636815,40.461165693734614,39.34079391217562,39.41941833496094,228600,0.0,0.0
2025-01-02 00:00:00-05:00,39.7928747453169,40.16632948678379,38.0926573079823,38.279388427734375,262900,0.0,0.0
2025-01-03 00:00:00-05:00,38.485775614328745,39.34079562984683,37.974728090967645,39.08527374267578,343800,0.0,0.0
2025-01-06 00:00:00-05:00,39.18354881562381,40.09753711089959,39.14424035324998,39.41941833496094,241200,0.0,0.0
2025-01-07 00:00:00-05:00,39.39976266445747,39.62580225893375,38.82974684002424,39.1344108581543,259800,0.0,0.0
2025-01-08 00:00:00-05:00,38.741294921836534,39.1245833505996,38.28921574824161,38.88871383666992,196700,0.0,0.0
2025-01-10 00:00:00-05:00,38.24007985566212,38.94768469461955,38.15162925079244,38.9378547668457,311800,0.0,0.0
2025-01-13 00:00:00-05:00,38.58405378246406,40.107370228435606,38.505433102444,40.068058013916016,303000,0.0,0.0
2025-01-14 00:00:00-05:00,40.31375000047734,40.746173073118776,39.891153106046914,40.65772247314453,242200,0.0,0.0
2025-01-15 00:00:00-05:00,41.66016245765387,41.66016245765387,40.67737965374972,40.97221374511719,254700,0.0,0.0
2025-01-16 00:00:00-05:00,40.78548539605807,41.15894390242194,40.44151292244582,41.0999755859375,222400,0.0,0.0
2025-01-17 00:00:00-05:00,41.591365201030186,41.896029199667794,40.88376042949439,41.28670120239258,369900,0.0,0.0
2025-01-21 00:00:00-05:00,41.56188202196501,41.74860938863941,41.38498083289725,41.70929718017578,241400,0.0,0.0
2025-01-22 00:00:00-05:00,41.50291845326378,41.50291845326378,40.99187093187698,41.13928985595703,220100,0.0,0.0
2025-01-23 00:00:00-05:00,40.84445614999505,41.168772537466545,40.41202930134104,40.70686340332031,243500,0.0,0.0
2025-01-24 00:00:00-05:00,40.549618153191986,41.198254674821676,39.75356645561224,41.07049560546875,294000,0.0,0.0
2025-01-27 00:00:00-05:00,41.16876989036686,42.308797760664966,40.529963335322726,41.46360397338867,274600,0.0,0.0
2025-01-28 00:00:00-05:00,41.237567669826916,41.768271310954205,40.99187195623307,41.1589469909668,195500,0.0,0.0
2025-01-29 00:00:00-05:00,40.93290267744829,41.50291471795014,40.343230783218274,40.628238677978516,231100,0.0,0.0
2025-01-30 00:00:00-05:00,42.19086971983754,43.763320842448955,41.40464415853184,42.583984375,374500,0.0,0.0
2025-01-31 00:00:00-05:00,42.48569946965404,42.810019589179525,40.98204300390192,41.1786003112793,436500,0.0,0.0
2025-02-03 00:00:00-05:00,40.33340863895056,41.12946033969391,40.01891843018447,40.5594482421875,291300,0.0,0.0
2025-02-04 00:00:00-05:00,40.470994015838755,41.37515234789415,40.470994015838755,41.296531677246094,199300,0.0,0.0
2025-02-05 00:00:00-05:00,41.43411819450734,41.719126075293964,41.119628032611224,41.689640045166016,184900,0.0,0.0
2025-02-06 00:00:00-05:00,42.09258984064869,42.09258984064869,41.07049481147102,41.129459381103516,249800,0.0,0.0
2025-02-07 00:00:00-05:00,41.13928486714274,41.23756163859912,40.41202401170259,40.67737579345703,223400,0.0,0.0
2025-02-10 00:00:00-05:00,41.276880712076824,42.190869084908634,41.276880712076824,41.837066650390625,296300,0.0,0.0
2025-02-11 00:00:00-05:00,41.59136824904232,42.59380716584196,41.51274757367589,42.446388244628906,228200,0.0,0.0
2025-02-12 00:00:00-05:00,41.6699913982307,42.08275836656541,41.0999755859375,41.0999755859375,261200,0.0,0.0
2025-02-13 00:00:00-05:00,41.4341201956325,42.829673636838095,41.4341201956325,42.53483581542969,210400,0.0,0.0
2025-02-14 00:00:00-05:00,42.829673286000926,43.19330184733571,42.46604097564754,43.11467742919922,211900,0.0,0.0
2025-02-18 00:00:00-05:00,43.203134386403505,43.399691711667614,42.377596619509596,42.72157287597656,284500,0.0,0.0
2025-02-19 00:00:00-05:00,42.31862585574087,42.81001722250926,41.719127788440446,42.30879592895508,211500,0.0,0.0
2025-02-20 00:00:00-05:00,42.19086742158722,43.065543545207554,42.14172902962341,42.76087951660156,198700,0.0,0.0
2025-02-21 00:00:00-05:00,43.173644011318125,43.52744638070587,41.424292017143664,41.689640045166016,315100,0.0,0.0
2025-02-24 00:00:00-05:00,41.86654209403952,42.6920797233116,41.473431258064274,41.92551040649414,251700,0.0,0.0
2025-02-25 00:00:00-05:00,41.68964319560711,42.967263792504255,41.63067862893224,41.89603042602539,335900,0.0,0.0
2025-02-26 00:00:00-05:00,42.131900992647246,42.50535953656672,41.25722482977252,41.47343826293945,366300,0.0,0.0
2025-02-27 00:00:00-05:00,41.02135461509408,41.257220381281485,40.29409371314229,40.87393569946289,470700,0.0,0.0
2025-02-28 00:00:00-05:00,40.85428096853478,41.34567237181186,40.73634808147357,41.267051696777344,400600,0.0,0.0
2025-03-03 00:00:00-05:00,41.65033910666929,41.92551711075722,40.40220441109755,40.510311126708984,274200,0.0,0.0
2025-03-04 00:00:00-05:00,39.84201432148338,39.84201432148338,38.878887658556444,38.88871383666992,327700,0.0,0.0
2025-03-05 00:00:00-05:00,38.88871819999804,39.78305046941879,38.60371026548548,39.340797424316406,404400,0.0,0.0
2025-03-06 00:00:00-05:00,39.045959399675155,40.05822446339323,38.829745988388275,39.70442581176758,552100,0.0,0.0
2025-03-07 00:00:00-05:00,39.79287945246195,41.71913294868827,39.76339341747606,41.45378112792969,391000,0.0,0.0
2025-03-10 00:00:00-04:00,41.050835245933726,41.55205279066734,40.00908419832642,40.402198791503906,322700,0.0,0.0
2025-03-11 00:00:00-04:00,40.46116324912152,41.09014734634515,40.14667307501901,40.913246154785156,394700,0.0,0.0
2025-03-12 00:00:00-04:00,40.8641105405286,41.0311818166602,39.58648990390853,39.64545822143555,277100,0.0,0.0
2025-03-13 00:00:00-04:00,39.83218708375726,40.107368826758176,38.75112746538342,39.38010787963867,295000,0.0,0.0
2025-03-14 00:00:00-04:00,40.20916722427835,40.416430060719755,39.58737494996167,40.26838302612305,285000,0.17,0.0
2025-03-17 00:00:00-04:00,39.9624210879139,40.94939118994694,39.843981964875596,40.90003967285156,306300,0.0,0.0
2025-03-18 00:00:00-04:00,40.64343112600406,41.235611710703644,40.08085844104175,40.36708068847656,302000,0.0,0.0
2025-03-19 00:00:00-04:00,40.27825248540999,40.88030110398061,40.021638142419775,40.73225784301758,283600,0.0,0.0
2025-03-20 00:00:00-04:00,40.14994274167798,41.0184774573217,39.992027681105675,40.75199508666992,270900,0.0,0.0
2025-03-21 00:00:00-04:00,40.31772685897284,40.79147581758048,38.5411814416666,39.26166915893555,2787200,0.0,0.0
2025-03-24 00:00:00-04:00,39.85385587516461,40.830954219288884,39.56763362688888,40.495384216308594,398400,0.0,0.0
2025-03-25 00:00:00-04:00,40.465770400680654,41.24547761199912,40.31772339321803,41.087562561035156,517800,0.0,0.0
2025-03-26 00:00:00-04:00,42.952940448284984,51.598797118186944,42.82463327736971,50.84870147705078,1922100,0.0,0.0
2025-03-27 00:00:00-04:00,50.43417300753675,51.57905822749868,49.427466770753384,50.92765808105469,796700,0.0,0.0
2025-03-28 00:00:00-04:00,50.5427342200082,50.99673952919787,49.49654840013565,49.82224655151367,644600,0.0,0.0
2025-03-31 00:00:00-04:00,49.03267456542697,50.2170394310879,49.03267456542697,49.43733215332031,559400,0.0,0.0
2025-04-01 00:00:00-04:00,49.46694155107915,49.78277168949846,48.785933521048555,49.71368408203125,511000,0.0,0.0
2025-04-02 00:00:00-04:00,49.12150567912414,50.414437953705566,48.845155237073186,50.315738677978516,364500,0.0,0.0
2025-04-03 00:00:00-04:00,48.3615395029482,49.151114905099874,47.06860719349249,47.44365692138672,419000,0.0,0.0
2025-04-04 00:00:00-04:00,45.76580586513433,46.3382503726372,44.10769567339195,45.85463333129883,504200,0.0,0.0
2025-04-07 00:00:00-04:00,44.31496195762907,46.8119952727119,43.377339546968,45.09466552734375,610700,0.0,0.0
2025-04-08 00:00:00-04:00,46.140850796020636,46.3283737540191,43.05163342114812,43.51551055908203,660800,0.0,0.0
2025-04-09 00:00:00-04:00,42.8443709978347,47.91739660375094,42.78515143767124,47.03899383544922,443600,0.0,0.0
2025-04-10 00:00:00-04:00,46.26915787749283,46.6836834991743,45.13414079242628,45.96319580078125,420800,0.0,0.0
2025-04-11 00:00:00-04:00,45.91385409913154,47.305481928814274,45.34140957664165,46.88108444213867,291600,0.0,0.0
2025-04-14 00:00:00-04:00,47.02912664432186,47.29560525741101,46.269159217569815,46.802120208740234,243900,0.0,0.0
2025-04-15 00:00:00-04:00,46.5356441566368,47.45352669887744,46.5356441566368,46.96990966796875,474300,0.0,0.0
2025-04-16 00:00:00-04:00,46.71329929248983,47.17717270563303,45.92372015566529,46.4073371887207,238500,0.0,0.0
2025-04-17 00:00:00-04:00,46.436940557654,47.058732749486424,46.23954579270809,46.77251052856445,274700,0.0,0.0
2025-04-21 00:00:00-04:00,46.38759246512259,46.624466934306916,45.26244720772897,45.82501983642578,260400,0.0,0.0
2025-04-22 00:00:00-04:00,46.10137285813131,47.29560578565485,45.568408096016086,47.187042236328125,334800,0.0,0.0
2025-04-23 00:00:00-04:00,48.13453626720121,49.200462106834586,47.14756608439616,47.24626159667969,275100,0.0,0.0
2025-04-24 00:00:00-04:00,47.41404518585518,48.99319586244805,47.41404518585518,48.82541275024414,209500,0.0,0.0
2025-04-25 00:00:00-04:00,48.57866793321492,49.11162890833756,48.17401035608906,49.10176086425781,231200,0.0,0.0
2025-04-28 00:00:00-04:00,49.101763194612836,49.75316331955977,48.87476052008505,49.328765869140625,191600,0.0,0.0
2025-04-29 00:00:00-04:00,49.170852256027686,49.98016747263092,48.72671493838145,49.79264450073242,173600,0.0,0.0
2025-04-30 00:00:00-04:00,49.47681747880874,50.04925824046752,47.80883542114664,49.97030258178711,254800,0.0,0.0
2025-05-01 00:00:00-04:00,50.19730207742992,50.70065519378387,49.93081968700995,50.483524322509766,336000,0.0,0.0
2025-05-02 00:00:00-04:00,50.8585671941751,51.85540908683153,50.8585671941751,51.31257629394531,232300,0.0,0.0
2025-05-05 00:00:00-04:00,52.45745877969289,54.8261846007894,52.45745877969289,54.47087478637695,410500,0.0,0.0
2025-05-06 00:00:00-04:00,53.888570136869106,55.51707243427138,53.37534895822563,55.41837692260742,352800,0.0,0.0
2025-05-07 00:00:00-04:00,55.48746130698051,56.03029411954949,54.974236393190424,55.93159484863281,395300,0.0,0.0
2025-05-08 00:00:00-04:00,56.50403689903777,57.76735739259434,56.19807481982051,57.46139907836914,387200,0.0,0.0
2025-05-09 00:00:00-04:00,57.25413149772909,57.61931313055574,56.91856152688341,57.38243865966797,223200,0.0,0.0
2025-05-12 00:00:00-04:00,59.34651434279533,60.03739417947943,58.48784762799163,59.70182418823242,337900,0.0,0.0
2025-05-13 00:00:00-04:00,60.01765323806853,60.905924070578,59.62286369140289,60.50126647949219,344000,0.0,0.0
2025-05-14 00:00:00-04:00,60.19530955148213,60.27426520364831,58.61615509324402,58.76420211791992,367900,0.0,0.0
2025-05-15 00:00:00-04:00,58.408894788414194,58.862900161668314,57.88580180466455,58.42863464355469,162100,0.0,0.0
2025-05-16 00:00:00-04:00,58.46811237578706,59.26755577447263,58.28058564079284,58.96159744262695,206400,0.0,0.0
2025-05-19 00:00:00-04:00,58.201628352309804,59.158986794880725,58.07332118433929,59.0602912902832,201800,0.0,0.0
2025-05-20 00:00:00-04:00,58.92211922178332,59.46495205601821,58.843159801898494,59.23794937133789,272700,0.0,0.0
2025-05-21 00:00:00-04:00,58.36941303862576,58.74446274320556,57.66866514808918,57.95488739013672,167100,0.0,0.0
2025-05-22 00:00:00-04:00,57.67853182854749,57.67853182854749,56.918564392634174,57.11595916748047,226700,0.0,0.0
2025-05-23 00:00:00-04:00,56.13885938333654,57.01726215493453,56.13885938333654,56.83960723876953,155900,0.0,0.0
2025-05-27 00:00:00-04:00,57.31335247982393,58.86289521058955,56.98765430988195,58.7247200012207,196600,0.0,0.0
2025-05-28 00:00:00-04:00,58.685244312235504,58.685244312235504,58.014104307928704,58.16215133666992,166200,0.0,0.0
2025-05-29 00:00:00-04:00,58.665502957448204,58.83328983673111,57.77723210268916,58.38915252685547,204300,0.0,0.0
2025-05-30 00:00:00-04:00,58.0042388679829,58.37928859664311,57.2047916538633,58.14241409301758,256200,0.0,0.0
2025-06-02 00:00:00-04:00,58.162148099428414,58.477978229171406,57.45152842501062,58.17201614379883,205600,0.0,0.0
2025-06-03 00:00:00-04:00,58.04371723689227,59.237950242775625,58.04371723689227,59.001075744628906,148600,0.0,0.0
2025-06-04 00:00:00-04:00,59.00107200736644,59.435341265629084,58.79380918773682,58.81354904174805,233600,0.0,0.0
2025-06-05 00:00:00-04:00,58.95172274165627,59.19846526297493,58.41875799200985,58.53719711303711,161200,0.0,0.0
2025-06-06 00:00:00-04:00,59.46494935724916,59.77091144792846,59.08003161526074,59.44520950317383,289600,0.0,0.0
2025-06-09 00:00:00-04:00,59.91895394529683,60.31374349180691,59.504428309954164,59.9979133605957,209200,0.0,0.0
2025-06-10 00:00:00-04:00,60.24465859337279,60.51114098449426,59.82026112954885,60.29400634765625,161500,0.0,0.0
2025-06-11 00:00:00-04:00,60.185439691053844,60.82697179877028,59.86960954217595,60.11635208129883,168900,0.0,0.0
2025-06-12 00:00:00-04:00,59.691950797381644,60.19530765341417,59.356380815023996,59.61299514770508,153300,0.0,0.0
2025-06-13 00:00:00-04:00,59.266581571796365,59.59319904016832,58.80139511239802,59.07852554321289,150300,0.17,0.0
2025-06-16 00:00:00-04:00,59.761464434771646,60.09798160382198,58.79150407118404,59.128021240234375,152700,0.0,0.0
2025-06-17 00:00:00-04:00,58.66283000849898,59.187399403715375,58.22733879130225,58.46487808227539,207300,0.0,0.0
2025-06-18 00:00:00-04:00,58.37580066772723,59.23688721609982,58.24713134765625,58.24713134765625,148100,0.0,0.0
2025-06-20 00:00:00-04:00,58.46487827289775,58.82119098613816,57.465226516856795,57.78194808959961,345300,0.0,0.0
2025-06-23 00:00:00-04:00,57.4058400308011,58.67272632673105,57.03963141881241,58.59354782104492,249000,0.0,0.0
2025-06-24 00:00:00-04:00,59.217099508245525,60.19695577128448,58.73211743796394,59.53382110595703,523500,0.0,0.0
2025-06-25 00:00:00-04:00,69.50066088409248,70.18359487520203,59.43484136303989,60.72152328491211,950400,0.0,0.0
2025-06-26 00:00:00-04:00,61.50342736985579,62.43380027700692,60.57305823832357,62.42390060424805,419400,0.0,0.0
2025-06-27 00:00:00-04:00,62.37441068002571,63.61160164867372,62.37441068002571,63.15631866455078,825800,0.0,0.0
2025-06-30 00:00:00-04:00,63.15632427574717,63.33448063679958,62.2655424704851,62.98806381225586,274700,0.0,0.0
2025-07-01 00:00:00-04:00,62.26554535479708,64.26485278485056,62.26554535479708,63.81946563720703,324000,0.0,0.0
2025-07-02 00:00:00-04:00,63.958025151534365,65.18532027979116,63.611604566260915,65.07644653320312,428700,0.0,0.0
2025-07-03 00:00:00-04:00,64.82901452386915,65.58123115788223,64.50239324908522,64.68054962158203,151500,0.0,0.0
2025-07-07 00:00:00-04:00,64.37372408751337,65.04675839576413,63.195912160264996,63.52253341674805,343300,0.0,0.0
2025-07-08 00:00:00-04:00,64.03720385608794,64.07679499832716,63.087042871680715,63.37406921386719,324800,0.0,0.0
2025-07-09 00:00:00-04:00,63.482945144806834,63.878849029541016,62.48329331050097,63.878849029541016,396900,0.0,0.0
2025-07-10 00:00:00-04:00,63.82934866633158,64.38361704256207,63.55221825383504,63.641300201416016,305400,0.0,0.0
2025-07-11 00:00:00-04:00,63.20580978348696,63.284988288914725,61.978510856595435,62.879188537597656,312000,0.0,0.0
2025-07-14 00:00:00-04:00,62.54267041458163,63.31468254021688,61.89933138144098,63.30478286743164,288100,0.0,0.0
2025-07-15 00:00:00-04:00,63.5819128479107,63.86894294675933,62.05769172855982,62.15666580200195,330800,0.0,0.0
2025-07-16 00:00:00-04:00,62.216055771486715,62.39421213351285,60.94916944207336,61.69148635864258,244000,0.0,0.0
2025-07-17 00:00:00-04:00,61.463836979654246,62.38431022527234,61.463836979654246,62.206153869628906,274300,0.0,0.0
2025-07-18 00:00:00-04:00,62.77031840466056,62.77031840466056,61.33517534640175,61.59251022338867,304700,0.0,0.0
2025-07-21 00:00:00-04:00,61.80035599556921,62.01810349809874,61.33517329782759,61.493534088134766,252700,0.0,0.0
2025-07-22 00:00:00-04:00,61.12732081718333,62.394210897111115,61.12732081718333,61.78055953979492,232800,0.0,0.0
2025-07-23 00:00:00-04:00,62.47338874820089,62.59216216969859,61.44404552455361,62.40410614013672,235600,0.0,0.0
2025-07-24 00:00:00-04:00,61.839946483327026,62.24574624017558,61.51332900860454,61.57271194458008,305500,0.0,0.0
2025-07-25 00:00:00-04:00,61.59250756128546,61.869637997696415,60.51367350803264,61.02834701538086,270200,0.0,0.0
2025-07-28 00:00:00-04:00,60.66213863080987,60.830395317667445,59.88023058153057,60.820499420166016,282900,0.0,0.0
2025-07-29 00:00:00-04:00,61.41435281290098,61.79046111190913,60.840296354475065,61.06793975830078,213100,0.0,0.0
2025-07-30 00:00:00-04:00,60.99865634061546,61.919129617086554,60.820499979000466,61.285682678222656,193900,0.0,0.0
2025-07-31 00:00:00-04:00,60.691831712893595,61.47373978296595,60.691831712893595,61.335174560546875,189900,0.0,0.0
2025-08-01 00:00:00-04:00,60.75121726592231,61.147117354469074,59.53381798069811,60.8798828125,203100,0.0,0.0
2025-08-04 00:00:00-04:00,61.05803903238368,62.08738605633532,60.899678242207976,62.037899017333984,195800,0.0,0.0
2025-08-05 00:00:00-04:00,62.53278096634075,62.988067795323076,61.94882480721323,62.374420166015625,246400,0.0,0.0
2025-08-06 00:00:00-04:00,62.4931872849177,62.96826966660311,61.988413434257936,62.691139221191406,220100,0.0,0.0
2025-08-07 00:00:00-04:00,63.34437469204738,63.40375762692505,62.48328815575067,62.68124008178711,158300,0.0,0.0
2025-08-08 00:00:00-04:00,63.07713915700223,63.57202085204742,62.47338749120311,62.56246566772461,194900,0.0,0.0
2025-08-11 00:00:00-04:00,62.582259572250365,62.730724454375135,61.47373411940681,62.04779052734375,228500,0.0,0.0
2025-08-12 00:00:00-04:00,62.602059813230646,64.36382408278038,62.25564676324696,64.34403228759766,183300,0.0,0.0
2025-08-13 00:00:00-04:00,64.65085845756963,66.41262284324961,64.24506244405077,66.30374908447266,328800,0.0,0.0
2025-08-14 00:00:00-04:00,65.19522419736248,65.71979361894765,64.05700339607559,64.1856689453125,177400,0.0,0.0
2025-08-15 00:00:00-04:00,64.43310240815464,64.77951543510281,63.720477009154,64.2153549194336,252800,0.0,0.0
2025-08-18 00:00:00-04:00,64.0273084294999,64.51228668223352,64.0273084294999,64.4529037475586,141000,0.0,0.0
2025-08-19 00:00:00-04:00,64.54198528806985,65.31399372918143,64.46280299892027,64.86860656738281,102700,0.0,0.0
2025-08-20 00:00:00-04:00,64.88839630179922,64.93788711875449,63.73038367693524,63.81946563720703,160300,0.0,0.0
2025-08-21 00:00:00-04:00,63.40376113541013,64.02731219108179,63.2256085453,63.502742767333984,137900,0.0,0.0
2025-08-22 00:00:00-04:00,64.02730439635177,66.59076826484926,63.918430655480556,66.36312866210938,203400,0.0,0.0
2025-08-25 00:00:00-04:00,66.46210846466843,66.62046547790115,65.87814857223003,66.05630493164062,180900,0.0,0.0
2025-08-26 00:00:00-04:00,65.80887339407505,66.6402723489502,65.7791819226936,66.19487762451172,248000,0.0,0.0
2025-08-27 00:00:00-04:00,66.12558579192677,66.82831153789482,65.86825470832463,66.69964599609375,153300,0.0,0.0
2025-08-28 00:00:00-04:00,66.8085284016379,67.1054582150296,65.68020719273157,65.8682632446289,148300,0.0,0.0
2025-08-29 00:00:00-04:00,66.18497688053989,66.5313899202659,64.74982635704947,65.12593841552734,143500,0.0,0.0
2025-09-02 00:00:00-04:00,64.14607329454633,64.73993283694936,63.64130325523661,63.78976058959961,178600,0.0,0.0
2025-09-03 00:00:00-04:00,63.51263685932712,64.12628826059063,63.25530197619221,63.67100143432617,185600,0.0,0.0
2025-09-04 00:00:00-04:00,64.13617650564103,64.8290025197079,63.700681553234865,64.69043731689453,186700,0.0,0.0
2025-09-05 00:00:00-04:00,65.04676237367703,65.78907933767746,63.99762348095276,64.4034194946289,166200,0.0,0.0
2025-09-08 00:00:00-04:00,64.54198167530211,64.7696288560548,63.87884703108079,64.1856689453125,151700,0.0,0.0
2025-09-09 00:00:00-04:00,63.95802607807,64.0965912936916,62.07748844304238,62.61195373535156,239100,0.0,0.0
2025-09-10 00:00:00-04:00,62.602064973430494,64.03720810647607,62.59216907502343,63.97782516479492,330700,0.0,0.0
2025-09-11 00:00:00-04:00,63.987723316348784,65.01707040468374,63.987723316348784,64.8191146850586,255500,0.0,0.0
2025-09-12 00:00:00-04:00,64.22525575152123,64.57166878472363,63.09693469981186,63.10683059692383,201800,0.0,0.0
2025-09-15 00:00:00-04:00,63.64290203837128,64.11940056864384,63.13661572287506,63.33515930175781,175600,0.19,0.0
2025-09-16 00:00:00-04:00,63.13661498597898,63.22595940608825,60.82359311166695,61.02213668823242,208500,0.0,0.0
2025-09-17 00:00:00-04:00,61.210750688510046,62.550913196356106,60.605194487205004,60.6151237487793,257700,0.0,0.0
2025-09-18 00:00:00-04:00,60.94271677773468,62.62040599689548,60.446359737633365,62.292808532714844,288100,0.0,0.0
2025-09-19 00:00:00-04:00,62.07441088719076,62.07441088719076,60.27760080642421,60.6151237487793,582300,0.0,0.0
2025-09-22 00:00:00-04:00,60.65483209367835,61.032064525062296,60.0592051278333,60.58534240722656,209500,0.0,0.0
2025-09-23 00:00:00-04:00,60.70446827786543,61.429149111042314,59.62240976544434,59.82094955444336,461500,0.0,0.0
2025-09-24 00:00:00-04:00,54.86730679143578,55.09563057180944,50.18169519586192,52.9017333984375,1153000,0.0,0.0
2025-09-25 00:00:00-04:00,51.4821520503228,53.0506383048541,51.005649753241,52.40537643432617,771800,0.0,0.0
2025-09-26 00:00:00-04:00,52.564210693629,54.480149149120656,52.18697828720015,54.00364685058594,833500,0.0,0.0
2025-09-29 00:00:00-04:00,54.361025635299185,54.827602501449626,53.993722457108404,54.33124542236328,430800,0.0,0.0
2025-09-30 00:00:00-04:00,54.63898650327082,55.45301178511901,54.16248417635265,55.08570861816406,349600,0.0,0.0
2025-10-01 00:00:00-04:00,54.6489086054826,55.3835186809576,54.4404395603667,54.79781723022461,237900,0.0,0.0
2025-10-02 00:00:00-04:00,54.698547221577364,55.62177166835536,54.62905753520946,55.49272155761719,340800,0.0,0.0
2025-10-03 00:00:00-04:00,55.70118797583511,56.217399755024985,55.026142094348636,55.22468566894531,271900,0.0,0.0
2025-10-06 00:00:00-04:00,55.32395828886431,55.453012186746804,54.66876711124351,54.99636459350586,225700,0.0,0.0
2025-10-07 00:00:00-04:00,55.026146301961624,55.11549072801673,54.25183046742006,55.03607177734375,222300,0.0,0.0
2025-10-08 00:00:00-04:00,55.54235335243787,56.12805480920595,54.7680337974659,56.10820007324219,221100,0.0,0.0
2025-10-09 00:00:00-04:00,56.19754771929858,56.19754771929858,55.14526937420436,55.2941780090332,182900,0.0,0.0
2025-10-10 00:00:00-04:00,55.53242509324769,55.582063827504804,54.321316472829714,54.63898468017578,192300,0.0,0.0
2025-10-13 00:00:00-04:00,55.135338587982886,55.453006777240184,54.63898156890541,55.0559196472168,165700,0.0,0.0
2025-10-14 00:00:00-04:00,54.59927668162018,57.220041356433335,54.39080762496546,56.773319244384766,207900,0.0,0.0
2025-10-15 00:00:00-04:00,57.0909851091478,57.62705162152943,56.664121538440604,57.210113525390625,202600,0.0,0.0
2025-10-16 00:00:00-04:00,57.04135109119589,57.259749404293146,55.90965762678967,56.23725509643555,259300,0.0,0.0
2025-10-17 00:00:00-04:00,56.11812554777223,56.4854324827463,55.79053187162937,56.10820007324219,172200,0.0,0.0
2025-10-20 00:00:00-04:00,56.56484875109278,56.94208116800881,55.860022651597276,56.336524963378906,117900,0.0,0.0
2025-10-21 00:00:00-04:00,56.1379805498693,57.01157000189782,56.1379805498693,56.813026428222656,146000,0.0,0.0
2025-10-22 00:00:00-04:00,56.81302807535336,56.81302807535336,56.018857544531684,56.1578369140625,188700,0.0,0.0
2025-10-23 00:00:00-04:00,56.69390513352457,57.30938683990701,56.35638217449473,57.299461364746094,126600,0.0,0.0
2025-10-24 00:00:00-04:00,57.91493985462832,58.381516686260646,57.42850828687296,58.11348342895508,186500,0.0,0.0
2025-10-27 00:00:00-04:00,58.11348181158405,58.51056516228253,55.81038550206065,55.87987518310547,159800,0.0,0.0
2025-10-28 00:00:00-04:00,55.711113766217224,56.147910390186325,55.244540718209855,55.53242492675781,135800,0.0,0.0
2025-10-29 00:00:00-04:00,55.274318757307206,55.899729670841424,54.22204049815955,54.77796173095703,190000,0.0,0.0
2025-10-30 00:00:00-04:00,54.56949566899792,55.175051880121465,54.152553774903105,55.15519714355469,195400,0.0,0.0
2025-10-31 00:00:00-04:00,55.055924489838105,56.06849335224834,54.88716490622166,55.68133544921875,176200,0.0,0.0
2025-11-03 00:00:00-05:00,55.244541139989224,55.53242535073511,54.370951672285095,55.34381103515625,200500,0.0,0.0
2025-11-04 00:00:00-05:00,54.9367970117948,54.9566517477051,54.281605874369426,54.50992965698242,191900,0.0,0.0
2025-11-05 00:00:00-05:00,54.41066144787845,55.86994860685342,54.122773448626866,55.750823974609375,164900,0.0,0.0
2025-11-06 00:00:00-05:00,55.323957156172874,55.87987842367387,54.6588405170573,54.768035888671875,103700,0.0,0.0
2025-11-07 00:00:00-05:00,54.49007913462915,54.738257672343366,54.13270143441604,54.420589447021484,108000,0.0,0.0
2025-11-10 00:00:00-05:00,54.728329468283505,55.37359136202494,53.795175789387145,54.64891052246094,171200,0.0,0.0
2025-11-11 00:00:00-05:00,54.81767468372355,54.81767468372355,54.19226373046571,54.569496154785156,124500,0.0,0.0
2025-11-12 00:00:00-05:00,54.39080725166774,55.353737367803774,54.33124304150211,54.768035888671875,153500,0.0,0.0
2025-11-13 00:00:00-05:00,54.61912952315146,55.28424614375182,54.490075631503736,54.92687225341797,182400,0.0,0.0
2025-11-14 00:00:00-05:00,54.65883873004992,55.08570608835472,54.03342779792136,54.122772216796875,118300,0.0,0.0
2025-11-17 00:00:00-05:00,53.72568692713015,54.311388407368376,52.11749111865889,52.27632522583008,94400,0.0,0.0
2025-11-18 00:00:00-05:00,52.35574454071322,52.494723912101485,51.62113442307029,52.286251068115234,124900,0.0,0.0
2025-11-19 00:00:00-05:00,52.14727153527271,53.25911407674413,52.14727153527271,53.17969512939453,169300,0.0,0.0
2025-11-20 00:00:00-05:00,53.87459360580073,54.31138643795679,52.05792502068304,52.12741470336914,164200,0.0,0.0
2025-11-21 00:00:00-05:00,52.73297289154775,54.311388490755284,52.33588951646204,53.874595642089844,150100,0.0,0.0
2025-11-24 00:00:00-05:00,53.7455387026213,54.30145994054226,53.42787050578179,53.894447326660156,191800,0.0,0.0
2025-11-25 00:00:00-05:00,54.11284508219446,55.41330194429559,54.08306487036669,54.97650909423828,164100,0.0,0.0
2025-11-26 00:00:00-05:00,54.61913289092016,55.91958978840777,54.61913289092016,55.01621627807617,263900,0.0,0.0
2025-11-28 00:00:00-05:00,54.96657916026018,55.125413266239235,54.152553893754536,54.460296630859375,58500,0.0,0.0
2025-12-01 00:00:00-05:00,53.97386465871516,54.8474541286999,53.80510507910989,54.54964065551758,137100,0.0,0.0
2025-12-02 00:00:00-05:00,55.105558933792516,55.105558933792516,53.834886076640494,54.27167892456055,90500,0.0,0.0
2025-12-03 00:00:00-05:00,54.58934925887714,55.383519770347306,54.53971052505099,55.12541198730469,118200,0.0,0.0
2025-12-04 00:00:00-05:00,54.79781875605522,55.10555770163228,54.55956570721464,54.73825454711914,95900,0.0,0.0
2025-12-05 00:00:00-05:00,54.42058670473426,55.12541280746907,54.192262915971035,54.84745407104492,102400,0.0,0.0
2025-12-08 00:00:00-05:00,54.99636003436026,55.37358864781581,54.708472050220294,54.77796173095703,147100,0.0,0.0
2025-12-09 00:00:00-05:00,54.72833083105264,55.572136323458004,54.72833083105264,55.482791900634766,107600,0.0,0.0
2025-12-10 00:00:00-05:00,55.333885696103614,57.378874322028146,55.333885696103614,56.74353790283203,227000,0.0,0.0
2025-12-11 00:00:00-05:00,56.94208284656835,57.835523287407156,56.83288368685493,57.57741928100586,151500,0.0,0.0
2025-12-12 00:00:00-05:00,57.80574148653342,58.00428506356371,57.0909861239859,57.93479537963867,200900,0.0,0.0
2025-12-15 00:00:00-05:00,58.29333738683394,58.32321866772676,57.29738080725763,57.506534576416016,184900,0.19,0.0
2025-12-16 00:00:00-05:00,57.406936871336775,57.486615221676466,54.97680417506915,56.06239700317383,569800,0.0,0.0
2025-12-17 00:00:00-05:00,51.04277583890657,55.634136380787496,51.04277583890657,54.638179779052734,609200,0.0,0.0
2025-12-18 00:00:00-05:00,54.70789689835101,54.94692435718921,52.078572055493005,52.19808578491211,408100,0.0,0.0
2025-12-19 00:00:00-05:00,51.78974449467024,52.27776491255014,51.590552409836135,52.168209075927734,744600,0.0,0.0
2025-12-22 00:00:00-05:00,52.35743786349469,53.31355528229006,52.287721205828745,52.5765495300293,206700,0.0,0.0
2025-12-23 00:00:00-05:00,52.39727778511165,53.35339521751992,52.22796318603165,52.64626693725586,370800,0.0,0.0
2025-12-24 00:00:00-05:00,52.31759790810054,52.845457478768644,51.83953920582831,52.65622329711914,92300,0.0,0.0
2025-12-26 00:00:00-05:00,52.58650664049233,52.745859541249736,51.98893421247025,52.65622329711914,96900,0.0,0.0
2025-12-29 00:00:00-05:00,52.45703209894186,52.706021247995366,51.969015494389815,51.978973388671875,128900,0.0,0.0
2025-12-30 00:00:00-05:00,52.03873297449752,52.47695251601818,51.62043302112866,51.70010757446289,125100,0.0,0.0
2025-12-31 00:00:00-05:00,51.59055027120847,51.59055027120847,51.00293573490691,51.361480712890625,146100,0.0,0.0
2026-01-02 00:00:00-05:00,51.251926326713914,51.76982422071529,51.14237049154226,51.74990463256836,120600,0.0,0.0
2026-01-05 00:00:00-05:00,51.67022773979886,53.04464506625159,51.67022773979886,52.18812561035156,154400,0.0,0.0
2026-01-06 00:00:00-05:00,51.77978353922953,52.397275546367574,51.500913117237516,52.33751678466797,139400,0.0,0.0
2026-01-07 00:00:00-05:00,52.38731483880472,52.55662943383626,50.83362499810966,50.963096618652344,123100,0.0,0.0
2026-01-08 00:00:00-05:00,50.53483914805196,53.403191397438526,50.53483914805196,53.323516845703125,150100,0.0,0.0
2026-01-09 00:00:00-05:00,53.50279005359904,53.67210085285256,52.8952559164697,53.59242630004883,145600,0.0,0.0
2026-01-12 00:00:00-05:00,53.69202044087173,53.801576275340686,53.20400003258446,53.59242630004883,107800,0.0,0.0
2026-01-13 00:00:00-05:00,53.592424106663486,53.7119378306142,52.556628367696554,52.93509292602539,142300,0.0,0.0
2026-01-14 00:00:00-05:00,53.0247328814132,53.6422249308781,52.27776540569382,53.38327407836914,156200,0.0,0.0
2026-01-15 00:00:00-05:00,53.36335659771574,54.67801900937236,52.9749303312633,54.28959274291992,156300,0.0,0.0
2026-01-16 00:00:00-05:00,53.692021277017666,54.010727091741686,52.835497975219496,53.21396255493164,160000,0.0,0.0
2026-01-20 00:00:00-05:00,52.53671040983539,52.83549662861495,52.06860959420792,52.27776336669922,135000,0.0,0.0
2026-01-21 00:00:00-05:00,52.73590301158929,53.84141545137902,52.37735802579015,53.59242630004883,169000,0.0,0.0
2026-01-22 00:00:00-05:00,53.61234593131231,54.0704850583039,53.14424511066664,53.293636322021484,179800,0.0,0.0
2026-01-23 00:00:00-05:00,53.00481188667266,53.00481188667266,52.13832690234819,52.795658111572266,124600,0.0,0.0
2026-01-26 00:00:00-05:00,53.044646459189885,54.18004016633562,52.80561900451817,53.074527740478516,269600,0.0,0.0
2026-01-27 00:00:00-05:00,52.83549648653391,54.77761260228779,52.60642692610982,53.074527740478516,192200,0.0,0.0
2026-01-28 00:00:00-05:00,52.984890646086996,54.37922757405573,52.45703107687277,53.60238265991211,175200,0.0,0.0
2026-01-29 00:00:00-05:00,54.07048482000575,54.767655201074675,53.652181071655235,54.638179779052734,198400,0.0,0.0
2026-01-30 00:00:00-05:00,54.06052150690922,55.574375952108404,53.93104988803878,55.345306396484375,293000,0.0,0.0
2026-02-02 00:00:00-05:00,55.644094817528696,56.381104381676685,55.215833170666336,55.80344772338867,190500,0.0,0.0
2026-02-03 00:00:00-05:00,55.883123670743174,56.72968523432456,55.584337460024614,56.59025192260742,142200,0.0,0.0
2026-02-04 00:00:00-05:00,57.35714186744827,58.16386809696006,56.06239902198735,57.36709976196289,197300,0.0,0.0
2026-02-05 00:00:00-05:00,57.27746118041226,58.24354027770503,57.27746118041226,57.755523681640625,203700,0.0,0.0
2026-02-06 00:00:00-05:00,58.23358446169398,59.349054806063066,57.95471402614698,58.86103439331055,165800,0.0,0.0
2026-02-09 00:00:00-05:00,58.87099699282689,59.119986150266165,58.21366576915811,58.233585357666016,141100,0.0,0.0
2026-02-10 00:00:00-05:00,58.004512832947974,58.40289318498639,57.65592575073242,57.65592575073242,148400,0.0,0.0
2026-02-11 00:00:00-05:00,58.28338164203409,58.9705903395457,58.03439248795804,58.31325912475586,138800,0.0,0.0
2026-02-12 00:00:00-05:00,58.65188461479951,59.20962168850998,57.44677801907797,57.914878845214844,162600,0.0,0.0
2026-02-13 00:00:00-05:00,58.15390614680942,58.85107653722208,57.68580532195308,58.71164321899414,124700,0.0,0.0
2026-02-17 00:00:00-05:00,58.67180184850236,58.831154748985625,58.004512765001444,58.10410690307617,128300,0.0,0.0
2026-02-18 00:00:00-05:00,58.10410949838902,58.622007397910586,56.440859963484954,56.570335388183594,133500,0.0,0.0
2026-02-19 00:00:00-05:00,56.15203472482425,56.44085925422139,55.7436926667735,56.351226806640625,121800,0.0,0.0
2026-02-20 00:00:00-05:00,56.271547583843756,57.26750417824807,55.942880084039345,56.92887878417969,132000,0.0,0.0
2026-02-23 00:00:00-05:00,56.789444168727655,56.789444168727655,55.076397649802836,55.49470138549805,102200,0.0,0.0
2026-02-24 00:00:00-05:00,55.82336574026497,56.54045569608734,55.49470204336161,56.1121940612793,116700,0.0,0.0
2026-02-25 00:00:00-05:00,56.21178731592742,56.998593916273364,55.27558950998303,56.8890380859375,217400,0.0,0.0
2026-02-26 00:00:00-05:00,56.89900282289204,57.45673609913071,56.18191283998747,56.968719482421875,116900,0.0,0.0
2026-02-27 00:00:00-05:00,56.57033399839978,56.87908191147358,55.41502449685706,55.78352737426758,180700,0.0,0.0
2026-03-02 00:00:00-05:00,54.598338867588915,56.042476654052734,53.881248921367366,56.042476654052734,185500,0.0,0.0
2026-03-03 00:00:00-05:00,54.75769447951969,54.93696697495622,52.52675377962314,53.56254577636719,191400,0.0,0.0
2026-03-04 00:00:00-05:00,53.60238496600177,54.10036327583031,52.835497912953066,53.51274871826172,132400,0.0,0.0
2026-03-05 00:00:00-05:00,52.64626785167972,53.09444909317844,51.65031122580389,51.919219970703125,108200,0.0,0.0
2026-03-06 00:00:00-05:00,50.68423229856435,51.142371436590786,49.618559008285345,50.823665618896484,145800,0.0,0.0
2026-03-09 00:00:00-04:00,49.6285193643103,50.11653597231695,48.513045233177785,50.036861419677734,122500,0.0,0.0
2026-03-10 00:00:00-04:00,49.51896364273019,50.36552523772171,49.279932385722844,49.389488220214844,163400,0.0,0.0
2026-03-11 00:00:00-04:00,48.981147739781775,49.3795319145202,48.353693994314334,49.13054275512695,124200,0.0,0.0
2026-03-12 00:00:00-04:00,48.29393797557387,48.503087953082606,46.75020218154556,46.80000305175781,178800,0.0,0.0
2026-03-13 00:00:00-04:00,47.099998474121094,47.689998626708984,46.09000015258789,47.34000015258789,232300,0.19,0.0
2026-03-16 00:00:00-04:00,47.91999816894531,48.75,47.84000015258789,48.209999084472656,161900,0.0,0.0
2026-03-17 00:00:00-04:00,48.689998626708984,48.689998626708984,47.7400016784668,48.38999938964844,181300,0.0,0.0
2026-03-18 00:00:00-04:00,48.08000183105469,48.470001220703125,47.7599983215332,47.88999938964844,197300,0.0,0.0
2026-03-19 00:00:00-04:00,47.189998626708984,48.38999938964844,46.63999938964844,47.9900016784668,164300,0.0,0.0
2026-03-20 00:00:00-04:00,48.709999084472656,49.04999923706055,47.459999084472656,47.63999938964844,563900,0.0,0.0
2026-03-23 00:00:00-04:00,48.84000015258789,50.189998626708984,48.439998626708984,49.15999984741211,221900,0.0,0.0
2026-03-24 00:00:00-04:00,48.68000030517578,52.7599983215332,48.68000030517578,51.880001068115234,633100,0.0,0.0
2026-03-25 00:00:00-04:00,50.33000183105469,50.9900016784668,45.0099983215332,49.5099983215332,903000,0.0,0.0
2026-03-26 00:00:00-04:00,49.09000015258789,51.09000015258789,48.689998626708984,50.959999084472656,392900,0.0,0.0
2026-03-27 00:00:00-04:00,50.779998779296875,51.41999816894531,50.400001525878906,50.70000076293945,322200,0.0,0.0
2026-03-30 00:00:00-04:00,51.279998779296875,51.81999969482422,50.36000061035156,50.9900016784668,401500,0.0,0.0
2026-03-31 00:00:00-04:00,51.27000045776367,52.689998626708984,50.290000915527344,52.13999938964844,317600,0.0,0.0
2026-04-01 00:00:00-04:00,52.20000076293945,53.47999954223633,51.93000030517578,52.5,263500,0.0,0.0
2026-04-02 00:00:00-04:00,51.83000183105469,52.720001220703125,51.15999984741211,52.040000915527344,175500,0.0,0.0
2026-04-06 00:00:00-04:00,52.029998779296875,52.7400016784668,51.459999084472656,52.060001373291016,235000,0.0,0.0
2026-04-07 00:00:00-04:00,52.09000015258789,52.31999969482422,51.56999969482422,52.099998474121094,210500,0.0,0.0
2026-04-08 00:00:00-04:00,53.7599983215332,55.040000915527344,52.40999984741211,54.77000045776367,228500,0.0,0.0
2026-04-09 00:00:00-04:00,54.369998931884766,56.0,54.36000061035156,55.31999969482422,163100,0.0,0.0
2026-04-10 00:00:00-04:00,55.33000183105469,55.689998626708984,55.04999923706055,55.20000076293945,171900,0.0,0.0
2026-04-13 00:00:00-04:00,54.88999938964844,55.52000045776367,54.61000061035156,55.470001220703125,141800,0.0,0.0
2026-04-14 00:00:00-04:00,55.380001068115234,55.70000076293945,55.119998931884766,55.31999969482422,148700,0.0,0.0
2026-04-15 00:00:00-04:00,54.900001525878906,54.95000076293945,53.380001068115234,53.79999923706055,150600,0.0,0.0
2026-04-16 00:00:00-04:00,53.58000183105469,53.90999984741211,52.95000076293945,53.029998779296875,169600,0.0,0.0
2026-04-17 00:00:00-04:00,53.599998474121094,56.060001373291016,53.599998474121094,55.150001525878906,205500,0.0,0.0
2026-04-20 00:00:00-04:00,54.939998626708984,55.65999984741211,54.58000183105469,54.83000183105469,163400,0.0,0.0
2026-04-21 00:00:00-04:00,54.869998931884766,55.5099983215332,54.209999084472656,54.599998474121094,145600,0.0,0.0
2026-04-22 00:00:00-04:00,54.93000030517578,55.189998626708984,53.650001525878906,53.959999084472656,183000,0.0,0.0
2026-04-23 00:00:00-04:00,54.2599983215332,55.33000183105469,54.13999938964844,54.84000015258789,173600,0.0,0.0
2026-04-24 00:00:00-04:00,54.72999954223633,55.7599983215332,54.349998474121094,55.189998626708984,122100,0.0,0.0
2026-04-27 00:00:00-04:00,55.349998474121094,55.97999954223633,55.34000015258789,55.779998779296875,150300,0.0,0.0
2026-04-28 00:00:00-04:00,56.119998931884766,56.20000076293945,55.36000061035156,55.689998626708984,129200,0.0,0.0
2026-04-29 00:00:00-04:00,55.56999969482422,55.58000183105469,53.45000076293945,53.84000015258789,159600,0.0,0.0
2026-04-30 00:00:00-04:00,53.91999816894531,54.93000030517578,53.279998779296875,54.27000045776367,201500,0.0,0.0
2026-05-01 00:00:00-04:00,54.66999816894531,54.72999954223633,53.40999984741211,54.380001068115234,102800,0.0,0.0
2026-05-04 00:00:00-04:00,54.0,54.119998931884766,52.77000045776367,53.310001373291016,115600,0.0,0.0
2026-05-05 00:00:00-04:00,53.689998626708984,55.06999969482422,53.06999969482422,54.63999938964844,188200,0.0,0.0
2026-05-06 00:00:00-04:00,55.40999984741211,56.68000030517578,55.13999938964844,55.900001525878906,145000,0.0,0.0
2026-05-07 00:00:00-04:00,56.209999084472656,56.52000045776367,55.630001068115234,55.66999816894531,140400,0.0,0.0
2026-05-08 00:00:00-04:00,55.880001068115234,55.91999816894531,54.119998931884766,54.439998626708984,183100,0.0,0.0
2026-05-11 00:00:00-04:00,54.59000015258789,54.77000045776367,53.779998779296875,54.400001525878906,245500,0.0,0.0
2026-05-12 00:00:00-04:00,54.400001525878906,54.400001525878906,53.22999954223633,54.08000183105469,202300,0.0,0.0
2026-05-13 00:00:00-04:00,53.93000030517578,54.779998779296875,53.29999923706055,54.65999984741211,185100,0.0,0.0
2026-05-14 00:00:00-04:00,54.83000183105469,55.900001525878906,54.709999084472656,55.650001525878906,123700,0.0,0.0
2026-05-15 00:00:00-04:00,55.11000061035156,55.900001525878906,53.31999969482422,53.380001068115234,176200,0.0,0.0
2026-05-18 00:00:00-04:00,53.13999938964844,55.31999969482422,53.13999938964844,54.310001373291016,206400,0.0,0.0
2026-05-19 00:00:00-04:00,53.81999969482422,53.90999984741211,52.939998626708984,53.5,116400,0.0,0.0
2026-05-20 00:00:00-04:00,53.38999938964844,54.939998626708984,53.08000183105469,54.65999984741211,135800,0.0,0.0
2026-05-21 00:00:00-04:00,53.959999084472656,55.06999969482422,53.529998779296875,54.540000915527344,153900,0.0,0.0
2026-05-22 00:00:00-04:00,54.709999084472656,55.36000061035156,54.470001220703125,55.13999938964844,135500,0.0,0.0
2026-05-26 00:00:00-04:00,55.5,56.20000076293945,55.2599983215332,55.66999816894531,136000,0.0,0.0
2026-05-27 00:00:00-04:00,56.02000045776367,56.619998931884766,55.689998626708984,56.08000183105469,119500,0.0,0.0
2026-05-28 00:00:00-04:00,55.65999984741211,56.4900016784668,54.880001068115234,56.290000915527344,142200,0.0,0.0
2026-05-29 00:00:00-04:00,55.97999954223633,58.0099983215332,55.27000045776367,56.77000045776367,312400,0.0,0.0
2026-06-01 00:00:00-04:00,56.63999938964844,57.54999923706055,55.52000045776367,56.97999954223633,191100,0.0,0.0
2026-06-02 00:00:00-04:00,57.2400016784668,58.209999084472656,56.959999084472656,57.63999938964844,130400,0.0,0.0
2026-06-03 00:00:00-04:00,57.45000076293945,58.060001373291016,56.529998779296875,56.95000076293945,184700,0.0,0.0
2026-06-04 00:00:00-04:00,57.810001373291016,58.290000915527344,57.33000183105469,57.709999084472656,108351,0.0,0.0
