Date,Open,High,Low,Close,Volume,Dividends,Stock Splits
2022-01-03 00:00:00-05:00,9.875,9.875,9.760000228881836,9.760000228881836,38000,0.0,0.0
2022-01-04 00:00:00-05:00,9.800000190734863,9.850000381469727,9.75,9.75,5000,0.0,0.0
2022-01-05 00:00:00-05:00,9.75,9.75,9.75,9.75,5500,0.0,0.0
2022-01-06 00:00:00-05:00,9.75,9.75,9.75,9.75,700,0.0,0.0
2022-01-07 00:00:00-05:00,9.75,9.779999732971191,9.75,9.779999732971191,600,0.0,0.0
2022-01-10 00:00:00-05:00,9.779999732971191,9.779999732971191,9.779999732971191,9.779999732971191,0,0.0,0.0
2022-01-11 00:00:00-05:00,9.75,9.75,9.739999771118164,9.75,450600,0.0,0.0
2022-01-12 00:00:00-05:00,9.75,9.75,9.75,9.75,0,0.0,0.0
2022-01-13 00:00:00-05:00,9.75,9.75,9.75,9.75,0,0.0,0.0
2022-01-14 00:00:00-05:00,9.739999771118164,9.739999771118164,9.739999771118164,9.739999771118164,100000,0.0,0.0
2022-01-18 00:00:00-05:00,9.739999771118164,9.739999771118164,9.739999771118164,9.739999771118164,100,0.0,0.0
2022-01-19 00:00:00-05:00,9.760000228881836,9.760000228881836,9.760000228881836,9.760000228881836,300,0.0,0.0
2022-01-20 00:00:00-05:00,9.739999771118164,9.739999771118164,9.739999771118164,9.739999771118164,30800,0.0,0.0
2022-01-21 00:00:00-05:00,9.739999771118164,9.739999771118164,9.739999771118164,9.739999771118164,0,0.0,0.0
2022-01-24 00:00:00-05:00,9.739999771118164,9.739999771118164,9.739999771118164,9.739999771118164,500,0.0,0.0
2022-01-25 00:00:00-05:00,9.720000267028809,9.720000267028809,9.710000038146973,9.720000267028809,248200,0.0,0.0
2022-01-26 00:00:00-05:00,9.720000267028809,9.720000267028809,9.720000267028809,9.720000267028809,2400,0.0,0.0
2022-01-27 00:00:00-05:00,9.720000267028809,9.725000381469727,9.6899995803833,9.6899995803833,118500,0.0,0.0
2022-01-28 00:00:00-05:00,9.739999771118164,9.739999771118164,9.739999771118164,9.739999771118164,100,0.0,0.0
2022-01-31 00:00:00-05:00,9.710000038146973,9.710000038146973,9.710000038146973,9.710000038146973,55600,0.0,0.0
2022-02-01 00:00:00-05:00,9.710000038146973,9.710000038146973,9.710000038146973,9.710000038146973,0,0.0,0.0
2022-02-02 00:00:00-05:00,9.729999542236328,9.729999542236328,9.729999542236328,9.729999542236328,200000,0.0,0.0
2022-02-03 00:00:00-05:00,9.729999542236328,9.734999656677246,9.729999542236328,9.729999542236328,33300,0.0,0.0
2022-02-04 00:00:00-05:00,9.729999542236328,9.729999542236328,9.729999542236328,9.729999542236328,0,0.0,0.0
2022-02-07 00:00:00-05:00,9.739999771118164,9.739999771118164,9.739999771118164,9.739999771118164,140600,0.0,0.0
2022-02-08 00:00:00-05:00,9.739999771118164,9.739999771118164,9.739999771118164,9.739999771118164,0,0.0,0.0
2022-02-09 00:00:00-05:00,9.739999771118164,9.739999771118164,9.739999771118164,9.739999771118164,0,0.0,0.0
2022-02-10 00:00:00-05:00,9.75,9.760000228881836,9.75,9.760000228881836,500200,0.0,0.0
2022-02-11 00:00:00-05:00,9.760000228881836,9.760000228881836,9.760000228881836,9.760000228881836,0,0.0,0.0
2022-02-14 00:00:00-05:00,9.760000228881836,9.760000228881836,9.760000228881836,9.760000228881836,0,0.0,0.0
2022-02-15 00:00:00-05:00,9.760000228881836,9.760000228881836,9.760000228881836,9.760000228881836,0,0.0,0.0
2022-02-16 00:00:00-05:00,9.760000228881836,9.760000228881836,9.760000228881836,9.760000228881836,0,0.0,0.0
2022-02-17 00:00:00-05:00,9.770000457763672,9.770000457763672,9.770000457763672,9.770000457763672,900,0.0,0.0
2022-02-18 00:00:00-05:00,9.760000228881836,9.760000228881836,9.760000228881836,9.760000228881836,2400,0.0,0.0
2022-02-22 00:00:00-05:00,9.760000228881836,9.760000228881836,9.760000228881836,9.760000228881836,0,0.0,0.0
2022-02-23 00:00:00-05:00,9.760000228881836,9.760000228881836,9.760000228881836,9.760000228881836,0,0.0,0.0
2022-02-24 00:00:00-05:00,9.760000228881836,9.760000228881836,9.760000228881836,9.760000228881836,0,0.0,0.0
2022-02-25 00:00:00-05:00,9.779999732971191,9.779999732971191,9.770000457763672,9.770000457763672,2000,0.0,0.0
2022-02-28 00:00:00-05:00,9.770000457763672,9.770000457763672,9.75,9.760000228881836,3500,0.0,0.0
2022-03-01 00:00:00-05:00,9.770000457763672,9.800000190734863,9.760000228881836,9.800000190734863,2400,0.0,0.0
2022-03-02 00:00:00-05:00,9.765000343322754,9.779999732971191,9.739999771118164,9.779999732971191,43600,0.0,0.0
2022-03-03 00:00:00-05:00,9.779999732971191,9.779999732971191,9.779999732971191,9.779999732971191,600,0.0,0.0
2022-03-04 00:00:00-05:00,9.779999732971191,9.779999732971191,9.779999732971191,9.779999732971191,31000,0.0,0.0
2022-03-07 00:00:00-05:00,9.779999732971191,9.779999732971191,9.779999732971191,9.779999732971191,0,0.0,0.0
2022-03-08 00:00:00-05:00,9.779999732971191,9.779999732971191,9.779999732971191,9.779999732971191,0,0.0,0.0
2022-03-09 00:00:00-05:00,9.850000381469727,9.850000381469727,9.850000381469727,9.850000381469727,100,0.0,0.0
2022-03-10 00:00:00-05:00,9.850000381469727,9.850000381469727,9.850000381469727,9.850000381469727,0,0.0,0.0
2022-03-11 00:00:00-05:00,9.800000190734863,9.800000190734863,9.800000190734863,9.800000190734863,200,0.0,0.0
2022-03-14 00:00:00-04:00,9.800000190734863,9.800000190734863,9.800000190734863,9.800000190734863,0,0.0,0.0
2022-03-15 00:00:00-04:00,9.800000190734863,9.800000190734863,9.800000190734863,9.800000190734863,0,0.0,0.0
2022-03-16 00:00:00-04:00,9.800000190734863,9.800000190734863,9.800000190734863,9.800000190734863,0,0.0,0.0
2022-03-17 00:00:00-04:00,9.800000190734863,9.800000190734863,9.800000190734863,9.800000190734863,100,0.0,0.0
2022-03-18 00:00:00-04:00,9.789999961853027,9.789999961853027,9.789999961853027,9.789999961853027,800,0.0,0.0
2022-03-21 00:00:00-04:00,9.789999961853027,9.789999961853027,9.789999961853027,9.789999961853027,0,0.0,0.0
2022-03-22 00:00:00-04:00,9.789999961853027,9.789999961853027,9.789999961853027,9.789999961853027,0,0.0,0.0
2022-03-23 00:00:00-04:00,9.789999961853027,9.789999961853027,9.789999961853027,9.789999961853027,0,0.0,0.0
2022-03-24 00:00:00-04:00,9.779999732971191,9.779999732971191,9.760000228881836,9.770000457763672,66300,0.0,0.0
2022-03-25 00:00:00-04:00,9.779999732971191,9.789999961853027,9.774999618530273,9.779999732971191,33500,0.0,0.0
2022-03-28 00:00:00-04:00,9.789999961853027,9.789999961853027,9.789999961853027,9.789999961853027,2900,0.0,0.0
2022-03-29 00:00:00-04:00,9.789999961853027,9.789999961853027,9.789999961853027,9.789999961853027,7700,0.0,0.0
2022-03-30 00:00:00-04:00,9.789999961853027,9.789999961853027,9.789999961853027,9.789999961853027,0,0.0,0.0
2022-03-31 00:00:00-04:00,9.800000190734863,9.800000190734863,9.800000190734863,9.800000190734863,3000,0.0,0.0
2022-04-01 00:00:00-04:00,9.800000190734863,9.8100004196167,9.800000190734863,9.8100004196167,2700,0.0,0.0
2022-04-04 00:00:00-04:00,9.800000190734863,9.84000015258789,9.800000190734863,9.84000015258789,5600,0.0,0.0
2022-04-05 00:00:00-04:00,9.84000015258789,9.84000015258789,9.84000015258789,9.84000015258789,1600,0.0,0.0
2022-04-06 00:00:00-04:00,9.800000190734863,9.800000190734863,9.800000190734863,9.800000190734863,200,0.0,0.0
2022-04-07 00:00:00-04:00,9.800000190734863,9.819999694824219,9.800000190734863,9.800000190734863,19800,0.0,0.0
2022-04-08 00:00:00-04:00,9.800000190734863,9.800000190734863,9.800000190734863,9.800000190734863,0,0.0,0.0
2022-04-11 00:00:00-04:00,9.800000190734863,9.800000190734863,9.800000190734863,9.800000190734863,0,0.0,0.0
2022-04-12 00:00:00-04:00,9.800000190734863,9.800000190734863,9.800000190734863,9.800000190734863,0,0.0,0.0
2022-04-13 00:00:00-04:00,9.800000190734863,9.800000190734863,9.800000190734863,9.800000190734863,0,0.0,0.0
2022-04-14 00:00:00-04:00,9.84000015258789,9.84000015258789,9.84000015258789,9.84000015258789,3300,0.0,0.0
2022-04-18 00:00:00-04:00,9.84000015258789,9.84000015258789,9.84000015258789,9.84000015258789,0,0.0,0.0
2022-04-19 00:00:00-04:00,9.84000015258789,9.84000015258789,9.84000015258789,9.84000015258789,0,0.0,0.0
2022-04-20 00:00:00-04:00,9.84000015258789,9.84000015258789,9.84000015258789,9.84000015258789,0,0.0,0.0
2022-04-21 00:00:00-04:00,9.84000015258789,9.84000015258789,9.829999923706055,9.84000015258789,5800,0.0,0.0
2022-04-22 00:00:00-04:00,9.850000381469727,9.850000381469727,9.850000381469727,9.850000381469727,2400,0.0,0.0
2022-04-25 00:00:00-04:00,9.859999656677246,9.859999656677246,9.859999656677246,9.859999656677246,300,0.0,0.0
2022-04-26 00:00:00-04:00,9.829999923706055,9.829999923706055,9.829999923706055,9.829999923706055,158200,0.0,0.0
2022-04-27 00:00:00-04:00,9.829999923706055,9.829999923706055,9.829999923706055,9.829999923706055,3000,0.0,0.0
2022-04-28 00:00:00-04:00,9.829999923706055,9.829999923706055,9.829999923706055,9.829999923706055,0,0.0,0.0
2022-04-29 00:00:00-04:00,9.829999923706055,9.829999923706055,9.829999923706055,9.829999923706055,0,0.0,0.0
2022-05-02 00:00:00-04:00,9.829999923706055,9.829999923706055,9.829999923706055,9.829999923706055,7000,0.0,0.0
2022-05-03 00:00:00-04:00,9.829999923706055,9.829999923706055,9.829999923706055,9.829999923706055,0,0.0,0.0
2022-05-04 00:00:00-04:00,9.829999923706055,9.829999923706055,9.829999923706055,9.829999923706055,0,0.0,0.0
2022-05-05 00:00:00-04:00,9.829999923706055,9.829999923706055,9.829999923706055,9.829999923706055,0,0.0,0.0
2022-05-06 00:00:00-04:00,9.829999923706055,9.829999923706055,9.829999923706055,9.829999923706055,0,0.0,0.0
2022-05-09 00:00:00-04:00,9.829999923706055,9.829999923706055,9.829999923706055,9.829999923706055,0,0.0,0.0
2022-05-10 00:00:00-04:00,9.829999923706055,9.829999923706055,9.829999923706055,9.829999923706055,0,0.0,0.0
2022-05-11 00:00:00-04:00,9.829999923706055,9.829999923706055,9.819999694824219,9.819999694824219,3000,0.0,0.0
2022-05-12 00:00:00-04:00,9.819999694824219,9.819999694824219,9.819999694824219,9.819999694824219,100,0.0,0.0
2022-05-13 00:00:00-04:00,9.819999694824219,9.819999694824219,9.819999694824219,9.819999694824219,0,0.0,0.0
2022-05-16 00:00:00-04:00,9.800000190734863,9.800000190734863,9.779999732971191,9.789999961853027,10000,0.0,0.0
2022-05-17 00:00:00-04:00,9.789999961853027,9.789999961853027,9.789999961853027,9.789999961853027,0,0.0,0.0
2022-05-18 00:00:00-04:00,9.789999961853027,9.789999961853027,9.789999961853027,9.789999961853027,10500,0.0,0.0
2022-05-19 00:00:00-04:00,9.789999961853027,9.789999961853027,9.789999961853027,9.789999961853027,0,0.0,0.0
2022-05-20 00:00:00-04:00,9.789999961853027,9.789999961853027,9.789999961853027,9.789999961853027,0,0.0,0.0
2022-05-23 00:00:00-04:00,9.789999961853027,9.789999961853027,9.789999961853027,9.789999961853027,0,0.0,0.0
2022-05-24 00:00:00-04:00,9.789999961853027,9.789999961853027,9.789999961853027,9.789999961853027,0,0.0,0.0
2022-05-25 00:00:00-04:00,9.789999961853027,9.789999961853027,9.789999961853027,9.789999961853027,0,0.0,0.0
2022-05-26 00:00:00-04:00,9.789999961853027,9.789999961853027,9.789999961853027,9.789999961853027,0,0.0,0.0
2022-05-27 00:00:00-04:00,9.869999885559082,9.869999885559082,9.800000190734863,9.800000190734863,261300,0.0,0.0
2022-05-31 00:00:00-04:00,9.800000190734863,9.800000190734863,9.800000190734863,9.800000190734863,0,0.0,0.0
2022-06-01 00:00:00-04:00,9.84000015258789,9.84000015258789,9.829999923706055,9.829999923706055,700,0.0,0.0
2022-06-02 00:00:00-04:00,9.829999923706055,9.84000015258789,9.829999923706055,9.84000015258789,900,0.0,0.0
2022-06-03 00:00:00-04:00,9.84000015258789,9.84000015258789,9.84000015258789,9.84000015258789,0,0.0,0.0
2022-06-06 00:00:00-04:00,9.84000015258789,9.84000015258789,9.84000015258789,9.84000015258789,0,0.0,0.0
2022-06-07 00:00:00-04:00,9.859999656677246,9.859999656677246,9.8100004196167,9.821999549865723,13800,0.0,0.0
2022-06-08 00:00:00-04:00,9.819999694824219,9.819999694824219,9.819999694824219,9.819999694824219,82200,0.0,0.0
2022-06-09 00:00:00-04:00,9.819999694824219,9.819999694824219,9.819999694824219,9.819999694824219,0,0.0,0.0
2022-06-10 00:00:00-04:00,9.819999694824219,9.819999694824219,9.819999694824219,9.819999694824219,0,0.0,0.0
2022-06-13 00:00:00-04:00,9.819999694824219,9.819999694824219,9.819999694824219,9.819999694824219,2800,0.0,0.0
2022-06-14 00:00:00-04:00,9.819999694824219,9.819999694824219,9.819999694824219,9.819999694824219,0,0.0,0.0
2022-06-15 00:00:00-04:00,9.819999694824219,9.819999694824219,9.819999694824219,9.819999694824219,0,0.0,0.0
2022-06-16 00:00:00-04:00,9.8100004196167,9.8100004196167,9.8100004196167,9.8100004196167,100,0.0,0.0
2022-06-17 00:00:00-04:00,9.829999923706055,9.829999923706055,9.829999923706055,9.829999923706055,5000,0.0,0.0
2022-06-21 00:00:00-04:00,9.829999923706055,9.829999923706055,9.829999923706055,9.829999923706055,0,0.0,0.0
2022-06-22 00:00:00-04:00,9.8100004196167,9.8100004196167,9.8100004196167,9.8100004196167,300,0.0,0.0
2022-06-23 00:00:00-04:00,9.8100004196167,9.8100004196167,9.8100004196167,9.8100004196167,0,0.0,0.0
2022-06-24 00:00:00-04:00,9.8100004196167,9.8100004196167,9.8100004196167,9.8100004196167,0,0.0,0.0
2022-06-27 00:00:00-04:00,9.8100004196167,9.8100004196167,9.8100004196167,9.8100004196167,0,0.0,0.0
2022-06-28 00:00:00-04:00,9.8100004196167,9.8100004196167,9.8100004196167,9.8100004196167,0,0.0,0.0
2022-06-29 00:00:00-04:00,9.829999923706055,9.850000381469727,9.819999694824219,9.819999694824219,50300,0.0,0.0
2022-06-30 00:00:00-04:00,9.819999694824219,9.819999694824219,9.8100004196167,9.819999694824219,11900,0.0,0.0
2022-07-01 00:00:00-04:00,9.819999694824219,9.819999694824219,9.819999694824219,9.819999694824219,0,0.0,0.0
2022-07-05 00:00:00-04:00,9.819999694824219,9.819999694824219,9.819999694824219,9.819999694824219,100,0.0,0.0
2022-07-06 00:00:00-04:00,9.819999694824219,9.819999694824219,9.819999694824219,9.819999694824219,0,0.0,0.0
2022-07-07 00:00:00-04:00,9.819999694824219,9.819999694824219,9.819999694824219,9.819999694824219,2700,0.0,0.0
2022-07-08 00:00:00-04:00,9.850000381469727,9.850000381469727,9.850000381469727,9.850000381469727,200,0.0,0.0
2022-07-11 00:00:00-04:00,9.850000381469727,9.850000381469727,9.850000381469727,9.850000381469727,0,0.0,0.0
2022-07-12 00:00:00-04:00,9.850000381469727,9.850000381469727,9.850000381469727,9.850000381469727,0,0.0,0.0
2022-07-13 00:00:00-04:00,9.850000381469727,9.850000381469727,9.850000381469727,9.850000381469727,0,0.0,0.0
2022-07-14 00:00:00-04:00,9.850000381469727,9.850000381469727,9.850000381469727,9.850000381469727,0,0.0,0.0
2022-07-15 00:00:00-04:00,9.850000381469727,9.850000381469727,9.850000381469727,9.850000381469727,0,0.0,0.0
2022-07-18 00:00:00-04:00,9.859999656677246,9.859999656677246,9.859999656677246,9.859999656677246,100,0.0,0.0
2022-07-19 00:00:00-04:00,9.84000015258789,9.84000015258789,9.84000015258789,9.84000015258789,600,0.0,0.0
2022-07-20 00:00:00-04:00,9.84000015258789,9.84000015258789,9.84000015258789,9.84000015258789,0,0.0,0.0
2022-07-21 00:00:00-04:00,9.84000015258789,9.84000015258789,9.84000015258789,9.84000015258789,100,0.0,0.0
2022-07-22 00:00:00-04:00,9.850000381469727,9.850000381469727,9.850000381469727,9.850000381469727,900,0.0,0.0
2022-07-25 00:00:00-04:00,9.859999656677246,9.859999656677246,9.859999656677246,9.859999656677246,56200,0.0,0.0
2022-07-26 00:00:00-04:00,9.859999656677246,9.859999656677246,9.859999656677246,9.859999656677246,0,0.0,0.0
2022-07-27 00:00:00-04:00,9.859999656677246,9.859999656677246,9.859999656677246,9.859999656677246,0,0.0,0.0
2022-07-28 00:00:00-04:00,9.859999656677246,9.859999656677246,9.859999656677246,9.859999656677246,0,0.0,0.0
2022-07-29 00:00:00-04:00,9.880000114440918,9.880000114440918,9.880000114440918,9.880000114440918,100,0.0,0.0
2022-08-01 00:00:00-04:00,9.880000114440918,9.880000114440918,9.880000114440918,9.880000114440918,0,0.0,0.0
2022-08-02 00:00:00-04:00,9.880000114440918,9.880000114440918,9.880000114440918,9.880000114440918,0,0.0,0.0
2022-08-03 00:00:00-04:00,9.880000114440918,9.880000114440918,9.880000114440918,9.880000114440918,5300,0.0,0.0
2022-08-04 00:00:00-04:00,9.869999885559082,9.869999885559082,9.869999885559082,9.869999885559082,1000,0.0,0.0
2022-08-05 00:00:00-04:00,9.869999885559082,9.869999885559082,9.869999885559082,9.869999885559082,100,0.0,0.0
2022-08-08 00:00:00-04:00,9.869999885559082,9.869999885559082,9.869999885559082,9.869999885559082,0,0.0,0.0
2022-08-09 00:00:00-04:00,9.869999885559082,9.869999885559082,9.869999885559082,9.869999885559082,12000,0.0,0.0
2022-08-10 00:00:00-04:00,9.869999885559082,9.869999885559082,9.869999885559082,9.869999885559082,0,0.0,0.0
2022-08-11 00:00:00-04:00,9.869999885559082,9.869999885559082,9.869999885559082,9.869999885559082,0,0.0,0.0
2022-08-12 00:00:00-04:00,9.869999885559082,9.869999885559082,9.869999885559082,9.869999885559082,0,0.0,0.0
2022-08-15 00:00:00-04:00,9.869999885559082,9.869999885559082,9.869999885559082,9.869999885559082,0,0.0,0.0
2022-08-16 00:00:00-04:00,9.869999885559082,9.869999885559082,9.869999885559082,9.869999885559082,0,0.0,0.0
2022-08-17 00:00:00-04:00,9.869999885559082,9.880000114440918,9.869999885559082,9.880000114440918,968400,0.0,0.0
2022-08-18 00:00:00-04:00,9.880000114440918,9.880000114440918,9.880000114440918,9.880000114440918,0,0.0,0.0
2022-08-19 00:00:00-04:00,9.859999656677246,9.880000114440918,9.859999656677246,9.869999885559082,1700,0.0,0.0
2022-08-22 00:00:00-04:00,9.869999885559082,9.869999885559082,9.869999885559082,9.869999885559082,0,0.0,0.0
2022-08-23 00:00:00-04:00,9.869999885559082,9.869999885559082,9.869999885559082,9.869999885559082,0,0.0,0.0
2022-08-24 00:00:00-04:00,9.875,9.880000114440918,9.869999885559082,9.878000259399414,11100,0.0,0.0
2022-08-25 00:00:00-04:00,9.878000259399414,9.878000259399414,9.878000259399414,9.878000259399414,0,0.0,0.0
2022-08-26 00:00:00-04:00,9.878000259399414,9.878000259399414,9.878000259399414,9.878000259399414,0,0.0,0.0
2022-08-29 00:00:00-04:00,9.869999885559082,9.869999885559082,9.869999885559082,9.869999885559082,1500,0.0,0.0
2022-08-30 00:00:00-04:00,9.850000381469727,9.869999885559082,9.850000381469727,9.869999885559082,1300,0.0,0.0
2022-08-31 00:00:00-04:00,9.869999885559082,9.869999885559082,9.869999885559082,9.869999885559082,0,0.0,0.0
2022-09-01 00:00:00-04:00,9.869999885559082,9.869999885559082,9.869999885559082,9.869999885559082,0,0.0,0.0
2022-09-02 00:00:00-04:00,9.869999885559082,9.869999885559082,9.869999885559082,9.869999885559082,0,0.0,0.0
2022-09-06 00:00:00-04:00,9.869999885559082,9.869999885559082,9.869999885559082,9.869999885559082,0,0.0,0.0
2022-09-07 00:00:00-04:00,9.869999885559082,9.869999885559082,9.869999885559082,9.869999885559082,0,0.0,0.0
2022-09-08 00:00:00-04:00,9.890000343322754,9.890000343322754,9.890000343322754,9.890000343322754,100,0.0,0.0
2022-09-09 00:00:00-04:00,9.890000343322754,9.890000343322754,9.890000343322754,9.890000343322754,0,0.0,0.0
2022-09-12 00:00:00-04:00,9.890000343322754,9.890000343322754,9.890000343322754,9.890000343322754,0,0.0,0.0
2022-09-13 00:00:00-04:00,9.890000343322754,9.890000343322754,9.890000343322754,9.890000343322754,0,0.0,0.0
2022-09-14 00:00:00-04:00,9.890000343322754,9.890000343322754,9.890000343322754,9.890000343322754,0,0.0,0.0
2022-09-15 00:00:00-04:00,9.890000343322754,9.890000343322754,9.890000343322754,9.890000343322754,0,0.0,0.0
2022-09-16 00:00:00-04:00,9.890000343322754,9.890000343322754,9.890000343322754,9.890000343322754,0,0.0,0.0
2022-09-19 00:00:00-04:00,9.890000343322754,9.890000343322754,9.890000343322754,9.890000343322754,0,0.0,0.0
2022-09-20 00:00:00-04:00,9.890000343322754,9.890000343322754,9.890000343322754,9.890000343322754,0,0.0,0.0
2022-09-21 00:00:00-04:00,9.890000343322754,9.890000343322754,9.890000343322754,9.890000343322754,0,0.0,0.0
2022-09-22 00:00:00-04:00,9.890000343322754,9.890000343322754,9.890000343322754,9.890000343322754,0,0.0,0.0
2022-09-23 00:00:00-04:00,9.890000343322754,9.890000343322754,9.890000343322754,9.890000343322754,0,0.0,0.0
2022-09-26 00:00:00-04:00,9.869999885559082,9.869999885559082,9.859999656677246,9.859999656677246,300,0.0,0.0
2022-09-27 00:00:00-04:00,9.859999656677246,9.859999656677246,9.859999656677246,9.859999656677246,0,0.0,0.0
2022-09-28 00:00:00-04:00,9.875,9.890000343322754,9.875,9.890000343322754,130300,0.0,0.0
2022-09-29 00:00:00-04:00,9.869999885559082,9.869999885559082,9.84000015258789,9.869999885559082,70200,0.0,0.0
2022-09-30 00:00:00-04:00,9.859999656677246,9.859999656677246,9.859999656677246,9.859999656677246,45100,0.0,0.0
2022-10-03 00:00:00-04:00,9.869999885559082,9.869999885559082,9.869999885559082,9.869999885559082,2000,0.0,0.0
2022-10-04 00:00:00-04:00,9.880000114440918,9.880000114440918,9.880000114440918,9.880000114440918,3200,0.0,0.0
2022-10-05 00:00:00-04:00,9.880000114440918,9.880000114440918,9.880000114440918,9.880000114440918,0,0.0,0.0
2022-10-06 00:00:00-04:00,9.880000114440918,9.880000114440918,9.880000114440918,9.880000114440918,0,0.0,0.0
2022-10-07 00:00:00-04:00,9.880000114440918,9.880000114440918,9.880000114440918,9.880000114440918,0,0.0,0.0
2022-10-10 00:00:00-04:00,9.890000343322754,9.899999618530273,9.885000228881836,9.899999618530273,135000,0.0,0.0
2022-10-11 00:00:00-04:00,9.880000114440918,9.880000114440918,9.880000114440918,9.880000114440918,100,0.0,0.0
2022-10-12 00:00:00-04:00,9.880000114440918,9.880000114440918,9.880000114440918,9.880000114440918,0,0.0,0.0
2022-10-13 00:00:00-04:00,9.899999618530273,9.899999618530273,9.899999618530273,9.899999618530273,200,0.0,0.0
2022-10-14 00:00:00-04:00,9.899999618530273,9.899999618530273,9.899999618530273,9.899999618530273,0,0.0,0.0
2022-10-17 00:00:00-04:00,9.960000038146973,9.960000038146973,9.960000038146973,9.960000038146973,1100,0.0,0.0
2022-10-18 00:00:00-04:00,9.930000305175781,9.930000305175781,9.930000305175781,9.930000305175781,2600,0.0,0.0
2022-10-19 00:00:00-04:00,9.930000305175781,9.930000305175781,9.930000305175781,9.930000305175781,0,0.0,0.0
2022-10-20 00:00:00-04:00,9.930000305175781,9.930000305175781,9.930000305175781,9.930000305175781,0,0.0,0.0
2022-10-21 00:00:00-04:00,9.930000305175781,9.930000305175781,9.930000305175781,9.930000305175781,0,0.0,0.0
2022-10-24 00:00:00-04:00,9.949999809265137,9.949999809265137,9.949999809265137,9.949999809265137,124600,0.0,0.0
2022-10-25 00:00:00-04:00,9.9399995803833,9.949999809265137,9.930000305175781,9.949999809265137,391900,0.0,0.0
2022-10-26 00:00:00-04:00,9.949999809265137,9.949999809265137,9.949999809265137,9.949999809265137,0,0.0,0.0
2022-10-27 00:00:00-04:00,9.960000038146973,9.960000038146973,9.960000038146973,9.960000038146973,50000,0.0,0.0
2022-10-28 00:00:00-04:00,9.960000038146973,9.960000038146973,9.960000038146973,9.960000038146973,0,0.0,0.0
2022-10-31 00:00:00-04:00,9.960000038146973,9.970000267028809,9.954999923706055,9.970000267028809,57800,0.0,0.0
2022-11-01 00:00:00-04:00,9.970000267028809,9.970000267028809,9.949999809265137,9.970000267028809,48600,0.0,0.0
2022-11-02 00:00:00-04:00,9.970000267028809,9.970000267028809,9.970000267028809,9.970000267028809,0,0.0,0.0
2022-11-03 00:00:00-04:00,9.970000267028809,9.970000267028809,9.970000267028809,9.970000267028809,0,0.0,0.0
2022-11-04 00:00:00-04:00,9.970000267028809,9.970000267028809,9.949999809265137,9.970000267028809,5500,0.0,0.0
2022-11-07 00:00:00-05:00,9.970000267028809,9.970000267028809,9.970000267028809,9.970000267028809,0,0.0,0.0
2022-11-08 00:00:00-05:00,9.970000267028809,9.970000267028809,9.970000267028809,9.970000267028809,0,0.0,0.0
2022-11-09 00:00:00-05:00,9.970000267028809,9.970000267028809,9.960000038146973,9.970000267028809,2600,0.0,0.0
2022-11-10 00:00:00-05:00,9.949999809265137,9.960000038146973,9.949999809265137,9.960000038146973,115100,0.0,0.0
2022-11-11 00:00:00-05:00,9.960000038146973,9.960000038146973,9.960000038146973,9.960000038146973,0,0.0,0.0
2022-11-14 00:00:00-05:00,10.0,10.0,10.0,10.0,2100,0.0,0.0
2022-11-15 00:00:00-05:00,10.0,10.0,10.0,10.0,0,0.0,0.0
2022-11-16 00:00:00-05:00,9.984999656677246,9.984999656677246,9.984999656677246,9.984999656677246,100,0.0,0.0
2022-11-17 00:00:00-05:00,9.949999809265137,9.949999809265137,9.949999809265137,9.949999809265137,200,0.0,0.0
2022-11-18 00:00:00-05:00,9.949999809265137,9.949999809265137,9.949999809265137,9.949999809265137,0,0.0,0.0
2022-11-21 00:00:00-05:00,10.005000114440918,10.005000114440918,9.960000038146973,9.970999717712402,500,0.0,0.0
2022-11-22 00:00:00-05:00,9.970999717712402,9.970999717712402,9.970999717712402,9.970999717712402,0,0.0,0.0
2022-11-23 00:00:00-05:00,9.975000381469727,9.979999542236328,9.975000381469727,9.975000381469727,30200,0.0,0.0
2022-11-25 00:00:00-05:00,9.975000381469727,9.975000381469727,9.975000381469727,9.975000381469727,100,0.0,0.0
2022-11-28 00:00:00-05:00,9.975000381469727,10.0,9.975000381469727,9.989999771118164,28200,0.0,0.0
2022-11-29 00:00:00-05:00,9.989999771118164,10.0,9.98900032043457,10.0,146200,0.0,0.0
2022-11-30 00:00:00-05:00,10.010000228881836,10.010000228881836,10.005000114440918,10.010000228881836,6000,0.0,0.0
2022-12-01 00:00:00-05:00,10.010000228881836,10.010000228881836,10.010000228881836,10.010000228881836,300,0.0,0.0
2022-12-02 00:00:00-05:00,10.010000228881836,10.010000228881836,10.010000228881836,10.010000228881836,0,0.0,0.0
2022-12-05 00:00:00-05:00,10.010000228881836,10.010000228881836,10.010000228881836,10.010000228881836,0,0.0,0.0
2022-12-06 00:00:00-05:00,10.050000190734863,10.050000190734863,10.039999961853027,10.050000190734863,4200,0.0,0.0
2022-12-07 00:00:00-05:00,10.050000190734863,10.050000190734863,10.050000190734863,10.050000190734863,0,0.0,0.0
2022-12-08 00:00:00-05:00,10.050000190734863,10.050000190734863,10.050000190734863,10.050000190734863,0,0.0,0.0
2022-12-09 00:00:00-05:00,10.050000190734863,10.050000190734863,10.050000190734863,10.050000190734863,0,0.0,0.0
2022-12-12 00:00:00-05:00,10.050000190734863,10.050000190734863,10.050000190734863,10.050000190734863,0,0.0,0.0
2022-12-13 00:00:00-05:00,10.050000190734863,10.050000190734863,10.050000190734863,10.050000190734863,0,0.0,0.0
2022-12-14 00:00:00-05:00,10.0600004196167,10.0600004196167,10.0600004196167,10.0600004196167,100,0.0,0.0
2022-12-15 00:00:00-05:00,10.0600004196167,10.0600004196167,10.0600004196167,10.0600004196167,100,0.0,0.0
2022-12-16 00:00:00-05:00,10.09000015258789,10.100000381469727,10.09000015258789,10.09000015258789,17300,0.0,0.0
2022-12-19 00:00:00-05:00,10.09000015258789,10.09000015258789,10.09000015258789,10.09000015258789,0,0.0,0.0
2022-12-20 00:00:00-05:00,10.09000015258789,10.09000015258789,10.09000015258789,10.09000015258789,0,0.0,0.0
2022-12-21 00:00:00-05:00,10.09000015258789,10.09000015258789,10.09000015258789,10.09000015258789,0,0.0,0.0
2022-12-22 00:00:00-05:00,10.09000015258789,10.09000015258789,10.09000015258789,10.09000015258789,0,0.0,0.0
2022-12-23 00:00:00-05:00,10.09000015258789,10.09000015258789,10.09000015258789,10.09000015258789,0,0.0,0.0
2022-12-27 00:00:00-05:00,10.079999923706055,10.079999923706055,10.079999923706055,10.079999923706055,100,0.0,0.0
2022-12-28 00:00:00-05:00,10.079999923706055,10.079999923706055,10.079999923706055,10.079999923706055,100,0.0,0.0
2022-12-29 00:00:00-05:00,10.0600004196167,10.079999923706055,10.0600004196167,10.079999923706055,13600,0.0,0.0
2022-12-30 00:00:00-05:00,10.079999923706055,10.079999923706055,10.079999923706055,10.079999923706055,2000,0.0,0.0
2023-01-03 00:00:00-05:00,10.130000114440918,10.130000114440918,10.069999694824219,10.079999923706055,119700,0.0,0.0
2023-01-04 00:00:00-05:00,10.079999923706055,10.109999656677246,10.079999923706055,10.100000381469727,134200,0.0,0.0
2023-01-05 00:00:00-05:00,10.109999656677246,10.119999885559082,10.109999656677246,10.119999885559082,4000,0.0,0.0
2023-01-06 00:00:00-05:00,10.109999656677246,10.109999656677246,10.109999656677246,10.109999656677246,200,0.0,0.0
2023-01-09 00:00:00-05:00,10.140000343322754,10.140000343322754,10.109999656677246,10.140000343322754,1300,0.0,0.0
2023-01-10 00:00:00-05:00,10.140000343322754,10.140000343322754,10.140000343322754,10.140000343322754,0,0.0,0.0
2023-01-11 00:00:00-05:00,10.140000343322754,10.140000343322754,10.140000343322754,10.140000343322754,0,0.0,0.0
2023-01-12 00:00:00-05:00,10.119999885559082,10.119999885559082,10.119999885559082,10.119999885559082,100,0.0,0.0
2023-01-13 00:00:00-05:00,10.100000381469727,10.100000381469727,10.100000381469727,10.100000381469727,200,0.0,0.0
2023-01-17 00:00:00-05:00,10.100000381469727,10.100000381469727,10.100000381469727,10.100000381469727,0,0.0,0.0
2023-01-18 00:00:00-05:00,10.100000381469727,10.100000381469727,10.100000381469727,10.100000381469727,0,0.0,0.0
2023-01-19 00:00:00-05:00,10.100000381469727,10.100000381469727,10.100000381469727,10.100000381469727,0,0.0,0.0
2023-01-20 00:00:00-05:00,10.119999885559082,10.149999618530273,10.119999885559082,10.149999618530273,1700,0.0,0.0
2023-01-23 00:00:00-05:00,10.135000228881836,10.135000228881836,10.130000114440918,10.130000114440918,3000,0.0,0.0
2023-01-24 00:00:00-05:00,10.130000114440918,10.130000114440918,10.130000114440918,10.130000114440918,9400,0.0,0.0
2023-01-25 00:00:00-05:00,10.130000114440918,10.130000114440918,10.130000114440918,10.130000114440918,0,0.0,0.0
2023-01-26 00:00:00-05:00,10.15999984741211,10.199999809265137,10.149999618530273,10.149999618530273,6000,0.0,0.0
2023-01-27 00:00:00-05:00,10.15999984741211,10.15999984741211,10.149999618530273,10.149999618530273,6400,0.0,0.0
2023-01-30 00:00:00-05:00,10.149999618530273,10.149999618530273,10.149999618530273,10.149999618530273,0,0.0,0.0
2023-01-31 00:00:00-05:00,10.149999618530273,10.149999618530273,10.149999618530273,10.149999618530273,0,0.0,0.0
2023-02-01 00:00:00-05:00,10.170000076293945,10.170000076293945,10.149999618530273,10.15999984741211,7700,0.0,0.0
2023-02-02 00:00:00-05:00,10.149999618530273,10.15999984741211,10.149999618530273,10.159000396728516,2100,0.0,0.0
2023-02-03 00:00:00-05:00,10.145000457763672,10.149999618530273,10.140000343322754,10.140000343322754,1400,0.0,0.0
2023-02-06 00:00:00-05:00,10.149999618530273,10.149999618530273,10.140000343322754,10.140000343322754,2600,0.0,0.0
2023-02-07 00:00:00-05:00,10.149999618530273,10.170000076293945,10.140000343322754,10.149999618530273,179000,0.0,0.0
2023-02-08 00:00:00-05:00,10.15999984741211,10.15999984741211,10.15999984741211,10.15999984741211,1107100,0.0,0.0
2023-02-09 00:00:00-05:00,10.15999984741211,10.170000076293945,10.15999984741211,10.170000076293945,1600,0.0,0.0
2023-02-10 00:00:00-05:00,10.180000305175781,10.180000305175781,10.170000076293945,10.170000076293945,98100,0.0,0.0
2023-02-13 00:00:00-05:00,10.170000076293945,10.170000076293945,10.15999984741211,10.15999984741211,5500,0.0,0.0
2023-02-14 00:00:00-05:00,10.15999984741211,10.15999984741211,10.15999984741211,10.15999984741211,100,0.0,0.0
2023-02-15 00:00:00-05:00,10.15999984741211,10.15999984741211,10.15999984741211,10.15999984741211,91000,0.0,0.0
2023-02-16 00:00:00-05:00,10.170000076293945,10.170000076293945,10.15999984741211,10.170000076293945,255000,0.0,0.0
2023-02-17 00:00:00-05:00,10.180000305175781,10.180000305175781,10.170000076293945,10.170000076293945,251300,0.0,0.0
2023-02-21 00:00:00-05:00,10.15999984741211,10.180000305175781,10.15999984741211,10.170000076293945,152200,0.0,0.0
2023-02-22 00:00:00-05:00,10.199999809265137,10.199999809265137,10.164999961853027,10.170000076293945,315000,0.0,0.0
2023-02-23 00:00:00-05:00,10.1899995803833,10.1899995803833,10.1899995803833,10.1899995803833,1600,0.0,0.0
2023-02-24 00:00:00-05:00,10.1899995803833,10.1899995803833,10.180000305175781,10.187000274658203,15000,0.0,0.0
2023-02-27 00:00:00-05:00,10.187000274658203,10.187000274658203,10.187000274658203,10.187000274658203,0,0.0,0.0
2023-02-28 00:00:00-05:00,10.305000305175781,10.359999656677246,10.170000076293945,10.239999771118164,13700,0.0,0.0
2023-03-01 00:00:00-05:00,10.210000038146973,10.402999877929688,10.1899995803833,10.220000267028809,6400,0.0,0.0
2023-03-02 00:00:00-05:00,10.239999771118164,10.3100004196167,10.210000038146973,10.25,5500,0.0,0.0
2023-03-03 00:00:00-05:00,10.25,10.25,10.21500015258789,10.21500015258789,500,0.0,0.0
2023-03-06 00:00:00-05:00,10.1899995803833,10.1899995803833,10.1899995803833,10.1899995803833,2100,0.0,0.0
2023-03-07 00:00:00-05:00,10.289999961853027,10.289999961853027,10.289999961853027,10.289999961853027,200,0.0,0.0
2023-03-08 00:00:00-05:00,10.329999923706055,10.329999923706055,10.199999809265137,10.220000267028809,6400,0.0,0.0
2023-03-09 00:00:00-05:00,10.199999809265137,10.210000038146973,10.199999809265137,10.208999633789062,5200,0.0,0.0
2023-03-10 00:00:00-05:00,10.210000038146973,10.210000038146973,10.210000038146973,10.210000038146973,100,0.0,0.0
2023-03-13 00:00:00-04:00,10.220000267028809,10.220000267028809,10.199999809265137,10.199999809265137,700,0.0,0.0
2023-03-14 00:00:00-04:00,10.199999809265137,10.199999809265137,10.199999809265137,10.199999809265137,500,0.0,0.0
2023-03-15 00:00:00-04:00,10.199999809265137,10.199999809265137,10.199999809265137,10.199999809265137,0,0.0,0.0
2023-03-16 00:00:00-04:00,10.300000190734863,10.300000190734863,10.199999809265137,10.210000038146973,800,0.0,0.0
2023-03-17 00:00:00-04:00,10.25,10.25,10.199999809265137,10.201000213623047,700,0.0,0.0
2023-03-20 00:00:00-04:00,10.279999732971191,10.279999732971191,10.204999923706055,10.210000038146973,500,0.0,0.0
2023-03-21 00:00:00-04:00,10.710000038146973,10.710000038146973,10.710000038146973,10.710000038146973,800,0.0,0.0
2023-03-22 00:00:00-04:00,10.399999618530273,10.399999618530273,10.399999618530273,10.399999618530273,1300,0.0,0.0
2023-03-23 00:00:00-04:00,10.390000343322754,10.390000343322754,10.210000038146973,10.229999542236328,1200,0.0,0.0
2023-03-24 00:00:00-04:00,10.229999542236328,10.229999542236328,10.229999542236328,10.229999542236328,0,0.0,0.0
2023-03-27 00:00:00-04:00,10.220000267028809,10.220000267028809,10.220000267028809,10.220000267028809,100,0.0,0.0
2023-03-28 00:00:00-04:00,10.359999656677246,10.369999885559082,10.289999961853027,10.350000381469727,51200,0.0,0.0
2023-03-29 00:00:00-04:00,10.350000381469727,10.350000381469727,10.350000381469727,10.350000381469727,0,0.0,0.0
2023-03-30 00:00:00-04:00,10.289999961853027,10.300000190734863,10.220000267028809,10.300000190734863,63100,0.0,0.0
2023-03-31 00:00:00-04:00,10.220000267028809,10.220000267028809,10.220000267028809,10.220000267028809,300,0.0,0.0
2023-04-03 00:00:00-04:00,10.300000190734863,10.300000190734863,10.220000267028809,10.25,9400,0.0,0.0
2023-04-04 00:00:00-04:00,10.34000015258789,10.34000015258789,10.220000267028809,10.25,8800,0.0,0.0
2023-04-05 00:00:00-04:00,10.25,10.25,10.25,10.25,300,0.0,0.0
2023-04-06 00:00:00-04:00,10.220000267028809,10.220000267028809,10.220000267028809,10.220000267028809,500,0.0,0.0
2023-04-10 00:00:00-04:00,10.270000457763672,10.270000457763672,10.239999771118164,10.25,15500,0.0,0.0
2023-04-11 00:00:00-04:00,10.260000228881836,10.269000053405762,10.25,10.260000228881836,15700,0.0,0.0
2023-04-12 00:00:00-04:00,10.229999542236328,10.260000228881836,10.229999542236328,10.25,7100,0.0,0.0
2023-04-13 00:00:00-04:00,10.220000267028809,10.220000267028809,10.220000267028809,10.220000267028809,600,0.0,0.0
2023-04-14 00:00:00-04:00,10.199999809265137,10.227999687194824,10.199999809265137,10.225000381469727,21500,0.0,0.0
2023-04-17 00:00:00-04:00,10.1899995803833,10.220000267028809,10.1899995803833,10.211000442504883,1000,0.0,0.0
2023-04-18 00:00:00-04:00,10.210000038146973,10.229999542236328,10.210000038146973,10.220000267028809,6000,0.0,0.0
2023-04-19 00:00:00-04:00,10.220000267028809,10.220000267028809,10.220000267028809,10.220000267028809,0,0.0,0.0
2023-04-20 00:00:00-04:00,10.220000267028809,10.220000267028809,10.220000267028809,10.220000267028809,0,0.0,0.0
2023-04-21 00:00:00-04:00,10.399999618530273,10.399999618530273,10.229999542236328,10.229999542236328,3000,0.0,0.0
2023-04-24 00:00:00-04:00,10.220000267028809,10.220000267028809,10.220000267028809,10.220000267028809,200,0.0,0.0
2023-04-25 00:00:00-04:00,10.220000267028809,10.220000267028809,10.220000267028809,10.220000267028809,200,0.0,0.0
2023-04-26 00:00:00-04:00,10.399999618530273,10.399999618530273,10.279999732971191,10.279999732971191,200,0.0,0.0
2023-04-27 00:00:00-04:00,10.25,10.25,10.25,10.25,100,0.0,0.0
2023-04-28 00:00:00-04:00,10.25,10.25,10.25,10.25,0,0.0,0.0
2023-05-01 00:00:00-04:00,10.220000267028809,10.25,10.220000267028809,10.25,2200,0.0,0.0
2023-05-02 00:00:00-04:00,10.239999771118164,10.25,10.229999542236328,10.239999771118164,0,0.0,0.0
2023-05-03 00:00:00-04:00,10.239999771118164,10.239999771118164,10.239999771118164,10.239999771118164,0,0.0,0.0
2023-05-04 00:00:00-04:00,10.229999542236328,10.25100040435791,10.220000267028809,10.239999771118164,58700,0.0,0.0
2023-05-05 00:00:00-04:00,10.239999771118164,10.239999771118164,10.239999771118164,10.239999771118164,0,0.0,0.0
2023-05-08 00:00:00-04:00,10.239999771118164,10.239999771118164,10.239999771118164,10.239999771118164,0,0.0,0.0
2023-05-09 00:00:00-04:00,10.239999771118164,10.239999771118164,10.239999771118164,10.239999771118164,0,0.0,0.0
2023-05-10 00:00:00-04:00,10.229999542236328,10.229999542236328,10.229999542236328,10.229999542236328,200,0.0,0.0
2023-05-11 00:00:00-04:00,10.229999542236328,10.229999542236328,10.229999542236328,10.229999542236328,0,0.0,0.0
2023-05-12 00:00:00-04:00,10.229999542236328,10.229999542236328,10.229999542236328,10.229999542236328,0,0.0,0.0
2023-05-15 00:00:00-04:00,10.25,10.25,10.25,10.25,200,0.0,0.0
2023-05-16 00:00:00-04:00,10.25,10.25,10.25,10.25,0,0.0,0.0
2023-05-17 00:00:00-04:00,10.25,10.25,10.25,10.25,0,0.0,0.0
2023-05-18 00:00:00-04:00,10.25,10.25,10.25,10.25,0,0.0,0.0
2023-05-19 00:00:00-04:00,10.239999771118164,10.239999771118164,10.229999542236328,10.229999542236328,500,0.0,0.0
2023-05-22 00:00:00-04:00,10.229999542236328,10.229999542236328,10.229999542236328,10.229999542236328,0,0.0,0.0
2023-05-23 00:00:00-04:00,10.229999542236328,10.229999542236328,10.229999542236328,10.229999542236328,0,0.0,0.0
2023-05-24 00:00:00-04:00,10.229999542236328,10.229999542236328,10.229999542236328,10.229999542236328,0,0.0,0.0
2023-05-25 00:00:00-04:00,10.229999542236328,10.229999542236328,10.229999542236328,10.229999542236328,0,0.0,0.0
2023-05-26 00:00:00-04:00,10.229999542236328,10.229999542236328,10.229999542236328,10.229999542236328,1500,0.0,0.0
2023-05-30 00:00:00-04:00,10.229999542236328,10.229999542236328,10.229999542236328,10.229999542236328,0,0.0,0.0
2023-05-31 00:00:00-04:00,10.289999961853027,10.289999961853027,10.289999961853027,10.289999961853027,300,0.0,0.0
2023-06-01 00:00:00-04:00,10.289999961853027,10.289999961853027,10.289999961853027,10.289999961853027,0,0.0,0.0
2023-06-02 00:00:00-04:00,10.289999961853027,10.289999961853027,10.289999961853027,10.289999961853027,300,0.0,0.0
2023-06-05 00:00:00-04:00,10.399999618530273,10.399999618530273,10.289999961853027,10.319999694824219,44400,0.0,0.0
2023-06-06 00:00:00-04:00,10.319999694824219,10.319999694824219,10.319999694824219,10.319999694824219,0,0.0,0.0
2023-06-07 00:00:00-04:00,10.399999618530273,10.399999618530273,10.399999618530273,10.399999618530273,100,0.0,0.0
2023-06-08 00:00:00-04:00,10.289999961853027,10.380000114440918,10.289999961853027,10.380000114440918,1700,0.0,0.0
2023-06-09 00:00:00-04:00,10.380000114440918,10.380000114440918,10.380000114440918,10.380000114440918,0,0.0,0.0
2023-06-12 00:00:00-04:00,10.3100004196167,10.399999618530273,10.3100004196167,10.399999618530273,300,0.0,0.0
2023-06-13 00:00:00-04:00,10.399999618530273,10.399999618530273,10.399999618530273,10.399999618530273,0,0.0,0.0
2023-06-14 00:00:00-04:00,10.399999618530273,10.399999618530273,10.399999618530273,10.399999618530273,0,0.0,0.0
2023-06-15 00:00:00-04:00,10.399999618530273,10.399999618530273,10.399999618530273,10.399999618530273,0,0.0,0.0
2023-06-16 00:00:00-04:00,10.34000015258789,10.399999618530273,10.34000015258789,10.399999618530273,25200,0.0,0.0
2023-06-20 00:00:00-04:00,10.399999618530273,10.399999618530273,10.399999618530273,10.399999618530273,0,0.0,0.0
2023-06-21 00:00:00-04:00,10.390000343322754,10.390000343322754,10.369999885559082,10.390000343322754,1900,0.0,0.0
2023-06-22 00:00:00-04:00,10.390000343322754,10.390000343322754,10.390000343322754,10.390000343322754,0,0.0,0.0
2023-06-23 00:00:00-04:00,10.380000114440918,10.380000114440918,10.380000114440918,10.380000114440918,200,0.0,0.0
2023-06-26 00:00:00-04:00,10.369999885559082,10.369999885559082,10.369999885559082,10.369999885559082,600,0.0,0.0
2023-06-27 00:00:00-04:00,10.375,10.390000343322754,10.300000190734863,10.390000343322754,1200,0.0,0.0
2023-06-28 00:00:00-04:00,10.390000343322754,10.399999618530273,10.369999885559082,10.378999710083008,5400,0.0,0.0
2023-06-29 00:00:00-04:00,10.430000305175781,10.430000305175781,10.430000305175781,10.430000305175781,100,0.0,0.0
2023-06-30 00:00:00-04:00,10.430000305175781,10.430000305175781,10.430000305175781,10.430000305175781,0,0.0,0.0
2023-07-03 00:00:00-04:00,10.430000305175781,10.430000305175781,10.430000305175781,10.430000305175781,0,0.0,0.0
2023-07-05 00:00:00-04:00,10.430000305175781,10.430000305175781,10.430000305175781,10.430000305175781,0,0.0,0.0
2023-07-06 00:00:00-04:00,10.460000038146973,10.460000038146973,10.460000038146973,10.460000038146973,100,0.0,0.0
2023-07-07 00:00:00-04:00,10.460000038146973,10.460000038146973,10.460000038146973,10.460000038146973,0,0.0,0.0
2023-07-10 00:00:00-04:00,10.479999542236328,10.479999542236328,10.479999542236328,10.479999542236328,100,0.0,0.0
2023-07-11 00:00:00-04:00,10.479999542236328,10.479999542236328,10.479999542236328,10.479999542236328,1700,0.0,0.0
2023-07-12 00:00:00-04:00,10.475000381469727,10.475000381469727,10.470000267028809,10.470000267028809,1000,0.0,0.0
2023-07-13 00:00:00-04:00,10.4350004196167,10.470000267028809,10.428000450134277,10.460000038146973,1800,0.0,0.0
2023-07-14 00:00:00-04:00,10.460000038146973,10.460000038146973,10.460000038146973,10.460000038146973,0,0.0,0.0
2023-07-17 00:00:00-04:00,10.460000038146973,10.460000038146973,10.460000038146973,10.460000038146973,0,0.0,0.0
2023-07-18 00:00:00-04:00,10.460000038146973,10.460000038146973,10.460000038146973,10.460000038146973,0,0.0,0.0
2023-07-19 00:00:00-04:00,10.460000038146973,10.460000038146973,10.460000038146973,10.460000038146973,0,0.0,0.0
2023-07-20 00:00:00-04:00,10.460000038146973,10.460000038146973,10.460000038146973,10.460000038146973,0,0.0,0.0
2023-07-21 00:00:00-04:00,10.460000038146973,10.460000038146973,10.460000038146973,10.460000038146973,0,0.0,0.0
2023-07-24 00:00:00-04:00,10.460000038146973,10.460000038146973,10.460000038146973,10.460000038146973,0,0.0,0.0
2023-07-25 00:00:00-04:00,10.460000038146973,10.460000038146973,10.460000038146973,10.460000038146973,0,0.0,0.0
2023-07-26 00:00:00-04:00,10.460000038146973,10.460000038146973,10.460000038146973,10.460000038146973,0,0.0,0.0
2023-07-27 00:00:00-04:00,10.430000305175781,10.460000038146973,10.402000427246094,10.430000305175781,4000,0.0,0.0
2023-07-28 00:00:00-04:00,10.430000305175781,10.581000328063965,10.430000305175781,10.449999809265137,4700,0.0,0.0
2023-07-31 00:00:00-04:00,10.449999809265137,10.449999809265137,10.449999809265137,10.449999809265137,6000,0.0,0.0
2023-08-01 00:00:00-04:00,10.586000442504883,10.586000442504883,10.586000442504883,10.586000442504883,100,0.0,0.0
2023-08-02 00:00:00-04:00,10.586000442504883,10.586000442504883,10.586000442504883,10.586000442504883,0,0.0,0.0
2023-08-03 00:00:00-04:00,10.539999961853027,10.539999961853027,10.539999961853027,10.539999961853027,2500,0.0,0.0
2023-08-04 00:00:00-04:00,10.539999961853027,10.539999961853027,10.539999961853027,10.539999961853027,0,0.0,0.0
2023-08-07 00:00:00-04:00,10.449999809265137,10.579999923706055,10.449999809265137,10.529999732971191,400,0.0,0.0
2023-08-08 00:00:00-04:00,10.5,10.5600004196167,10.460000038146973,10.479999542236328,4900,0.0,0.0
2023-08-09 00:00:00-04:00,10.579999923706055,10.579999923706055,10.449999809265137,10.468000411987305,1100,0.0,0.0
2023-08-10 00:00:00-04:00,10.5600004196167,10.5600004196167,10.5600004196167,10.5600004196167,200,0.0,0.0
2023-08-11 00:00:00-04:00,10.5600004196167,10.5600004196167,10.5600004196167,10.5600004196167,0,0.0,0.0
2023-08-14 00:00:00-04:00,10.5600004196167,10.5600004196167,10.5600004196167,10.5600004196167,0,0.0,0.0
2023-08-15 00:00:00-04:00,10.510000228881836,10.510000228881836,10.510000228881836,10.510000228881836,1300,0.0,0.0
2023-08-16 00:00:00-04:00,10.510000228881836,10.510000228881836,10.510000228881836,10.510000228881836,100,0.0,0.0
2023-08-17 00:00:00-04:00,10.510000228881836,10.510000228881836,10.510000228881836,10.510000228881836,400,0.0,0.0
2023-08-18 00:00:00-04:00,10.510000228881836,10.510000228881836,10.510000228881836,10.510000228881836,200,0.0,0.0
2023-08-21 00:00:00-04:00,10.510000228881836,10.520000457763672,10.510000228881836,10.520000457763672,2700,0.0,0.0
2023-08-22 00:00:00-04:00,10.520000457763672,10.520000457763672,10.520000457763672,10.520000457763672,0,0.0,0.0
2023-08-23 00:00:00-04:00,10.520000457763672,10.520000457763672,10.520000457763672,10.520000457763672,0,0.0,0.0
2023-08-24 00:00:00-04:00,10.510000228881836,10.579999923706055,10.510000228881836,10.569999694824219,10500,0.0,0.0
2023-08-25 00:00:00-04:00,10.510000228881836,10.579999923706055,10.510000228881836,10.579999923706055,1500,0.0,0.0
2023-08-28 00:00:00-04:00,10.538000106811523,10.579999923706055,10.538000106811523,10.579999923706055,400,0.0,0.0
2023-08-29 00:00:00-04:00,10.539999961853027,10.569999694824219,10.520000457763672,10.550000190734863,45400,0.0,0.0
2023-08-30 00:00:00-04:00,10.550000190734863,10.550000190734863,10.545000076293945,10.550000190734863,7300,0.0,0.0
2023-08-31 00:00:00-04:00,10.550000190734863,10.729999542236328,10.550000190734863,10.720000267028809,7300,0.0,0.0
2023-09-01 00:00:00-04:00,10.680000305175781,10.75,10.680000305175781,10.75,400,0.0,0.0
2023-09-05 00:00:00-04:00,10.739999771118164,10.770000457763672,10.600000381469727,10.739999771118164,551400,0.0,0.0
2023-09-06 00:00:00-04:00,10.5600004196167,10.718000411987305,10.550000190734863,10.699999809265137,8500,0.0,0.0
2023-09-07 00:00:00-04:00,10.699999809265137,10.699999809265137,10.699999809265137,10.699999809265137,0,0.0,0.0
2023-09-08 00:00:00-04:00,10.699999809265137,10.699999809265137,10.600000381469727,10.699999809265137,5600,0.0,0.0
2023-09-11 00:00:00-04:00,10.640000343322754,10.680000305175781,10.640000343322754,10.680000305175781,1500,0.0,0.0
2023-09-12 00:00:00-04:00,10.680000305175781,10.699999809265137,10.680000305175781,10.699999809265137,300,0.0,0.0
2023-09-13 00:00:00-04:00,10.699999809265137,10.699999809265137,10.699999809265137,10.699999809265137,100,0.0,0.0
2023-09-14 00:00:00-04:00,10.699999809265137,10.699999809265137,10.579999923706055,10.600000381469727,113700,0.0,0.0
2023-09-15 00:00:00-04:00,10.640000343322754,10.640000343322754,10.640000343322754,10.640000343322754,100,0.0,0.0
2023-09-18 00:00:00-04:00,10.640000343322754,10.640000343322754,10.640000343322754,10.640000343322754,0,0.0,0.0
2023-09-19 00:00:00-04:00,10.649999618530273,10.649999618530273,10.649999618530273,10.649999618530273,100,0.0,0.0
2023-09-20 00:00:00-04:00,10.649999618530273,10.649999618530273,10.649999618530273,10.649999618530273,0,0.0,0.0
2023-09-21 00:00:00-04:00,10.649999618530273,10.649999618530273,10.649999618530273,10.649999618530273,0,0.0,0.0
2023-09-22 00:00:00-04:00,10.649999618530273,10.649999618530273,10.649999618530273,10.649999618530273,0,0.0,0.0
2023-09-25 00:00:00-04:00,10.649999618530273,10.649999618530273,10.649999618530273,10.649999618530273,0,0.0,0.0
2023-09-26 00:00:00-04:00,10.649999618530273,10.649999618530273,10.649999618530273,10.649999618530273,0,0.0,0.0
2023-09-27 00:00:00-04:00,10.649999618530273,10.649999618530273,10.649999618530273,10.649999618530273,0,0.0,0.0
2023-09-28 00:00:00-04:00,10.649999618530273,10.649999618530273,10.649999618530273,10.649999618530273,0,0.0,0.0
2023-09-29 00:00:00-04:00,10.649999618530273,10.649999618530273,10.649999618530273,10.649999618530273,0,0.0,0.0
2023-10-02 00:00:00-04:00,10.600000381469727,10.625,10.600000381469727,10.600000381469727,3700,0.0,0.0
2023-10-03 00:00:00-04:00,10.59000015258789,10.604000091552734,10.550000190734863,10.550000190734863,32300,0.0,0.0
2023-10-04 00:00:00-04:00,10.5600004196167,10.5600004196167,10.5600004196167,10.5600004196167,3000,0.0,0.0
2023-10-05 00:00:00-04:00,10.541999816894531,10.5600004196167,10.541999816894531,10.5600004196167,300,0.0,0.0
2023-10-06 00:00:00-04:00,10.5600004196167,10.5600004196167,10.5600004196167,10.5600004196167,0,0.0,0.0
2023-10-09 00:00:00-04:00,10.5600004196167,10.5600004196167,10.5600004196167,10.5600004196167,0,0.0,0.0
2023-10-10 00:00:00-04:00,10.5600004196167,10.5600004196167,10.5600004196167,10.5600004196167,0,0.0,0.0
2023-10-11 00:00:00-04:00,10.5600004196167,10.5600004196167,10.5600004196167,10.5600004196167,0,0.0,0.0
2023-10-12 00:00:00-04:00,10.5600004196167,10.5600004196167,10.5600004196167,10.5600004196167,0,0.0,0.0
2023-10-13 00:00:00-04:00,10.529999732971191,10.5600004196167,10.5,10.5,51500,0.0,0.0
2023-10-16 00:00:00-04:00,10.539999961853027,10.539999961853027,10.5,10.5,7400,0.0,0.0
2023-10-17 00:00:00-04:00,10.550000190734863,10.550000190734863,10.550000190734863,10.550000190734863,200,0.0,0.0
2023-10-18 00:00:00-04:00,10.550000190734863,10.550000190734863,10.550000190734863,10.550000190734863,0,0.0,0.0
2023-10-19 00:00:00-04:00,10.550000190734863,10.550000190734863,10.550000190734863,10.550000190734863,100,0.0,0.0
2023-10-20 00:00:00-04:00,10.548999786376953,10.550000190734863,10.548999786376953,10.550000190734863,2800,0.0,0.0
2023-10-23 00:00:00-04:00,10.550000190734863,10.550000190734863,10.550000190734863,10.550000190734863,0,0.0,0.0
2023-10-24 00:00:00-04:00,10.550000190734863,10.59000015258789,10.550000190734863,10.59000015258789,18500,0.0,0.0
2023-10-25 00:00:00-04:00,10.59000015258789,10.59000015258789,10.59000015258789,10.59000015258789,0,0.0,0.0
2023-10-26 00:00:00-04:00,10.59000015258789,10.59000015258789,10.59000015258789,10.59000015258789,0,0.0,0.0
2023-10-27 00:00:00-04:00,10.59000015258789,10.59000015258789,10.59000015258789,10.59000015258789,0,0.0,0.0
2023-10-30 00:00:00-04:00,10.59000015258789,10.59000015258789,10.59000015258789,10.59000015258789,0,0.0,0.0
2023-10-31 00:00:00-04:00,10.59000015258789,10.59000015258789,10.59000015258789,10.59000015258789,0,0.0,0.0
2023-11-01 00:00:00-04:00,10.59000015258789,10.59000015258789,10.59000015258789,10.59000015258789,0,0.0,0.0
2023-11-02 00:00:00-04:00,10.59000015258789,10.59000015258789,10.59000015258789,10.59000015258789,0,0.0,0.0
2023-11-03 00:00:00-04:00,10.59000015258789,10.59000015258789,10.59000015258789,10.59000015258789,0,0.0,0.0
2023-11-06 00:00:00-05:00,10.600000381469727,10.609999656677246,10.600000381469727,10.609999656677246,1100,0.0,0.0
2023-11-07 00:00:00-05:00,10.609999656677246,10.609999656677246,10.609999656677246,10.609999656677246,0,0.0,0.0
2023-11-08 00:00:00-05:00,10.609999656677246,10.609999656677246,10.609999656677246,10.609999656677246,0,0.0,0.0
2023-11-09 00:00:00-05:00,10.609999656677246,10.609999656677246,10.609999656677246,10.609999656677246,0,0.0,0.0
2023-11-10 00:00:00-05:00,10.609999656677246,10.609999656677246,10.609999656677246,10.609999656677246,0,0.0,0.0
2023-11-13 00:00:00-05:00,10.609999656677246,10.609999656677246,10.609999656677246,10.609999656677246,0,0.0,0.0
2023-11-14 00:00:00-05:00,10.609999656677246,10.649999618530273,10.609999656677246,10.649999618530273,17600,0.0,0.0
2023-11-15 00:00:00-05:00,10.630000114440918,10.75,10.579999923706055,10.59000015258789,59500,0.0,0.0
2023-11-16 00:00:00-05:00,10.649999618530273,10.649999618530273,10.649999618530273,10.649999618530273,400,0.0,0.0
2023-11-17 00:00:00-05:00,10.600000381469727,10.649999618530273,10.600000381469727,10.649999618530273,600,0.0,0.0
2023-11-20 00:00:00-05:00,10.649999618530273,10.6899995803833,10.649999618530273,10.6899995803833,300,0.0,0.0
2023-11-21 00:00:00-05:00,10.680000305175781,10.680000305175781,10.680000305175781,10.680000305175781,700,0.0,0.0
2023-11-22 00:00:00-05:00,10.680000305175781,10.680000305175781,10.680000305175781,10.680000305175781,0,0.0,0.0
2023-11-24 00:00:00-05:00,10.680000305175781,10.680000305175781,10.680000305175781,10.680000305175781,0,0.0,0.0
2023-11-27 00:00:00-05:00,10.600000381469727,10.680000305175781,10.59000015258789,10.59000015258789,28700,0.0,0.0
2023-11-28 00:00:00-05:00,10.614999771118164,10.619999885559082,10.614999771118164,10.619999885559082,1400,0.0,0.0
2023-11-29 00:00:00-05:00,10.619999885559082,10.619999885559082,10.619999885559082,10.619999885559082,0,0.0,0.0
2023-11-30 00:00:00-05:00,10.619999885559082,10.619999885559082,10.619999885559082,10.619999885559082,100,0.0,0.0
2023-12-01 00:00:00-05:00,10.619999885559082,10.619999885559082,10.619999885559082,10.619999885559082,0,0.0,0.0
2023-12-04 00:00:00-05:00,10.619999885559082,10.619999885559082,10.619999885559082,10.619999885559082,0,0.0,0.0
2023-12-05 00:00:00-05:00,10.619999885559082,10.619999885559082,10.619999885559082,10.619999885559082,0,0.0,0.0
2023-12-06 00:00:00-05:00,10.619999885559082,10.619999885559082,10.619999885559082,10.619999885559082,0,0.0,0.0
2023-12-07 00:00:00-05:00,10.619999885559082,10.619999885559082,10.619999885559082,10.619999885559082,0,0.0,0.0
2023-12-08 00:00:00-05:00,10.619999885559082,10.619999885559082,10.619999885559082,10.619999885559082,100,0.0,0.0
2023-12-11 00:00:00-05:00,10.619999885559082,10.630000114440918,10.619999885559082,10.630000114440918,700,0.0,0.0
2023-12-12 00:00:00-05:00,10.670000076293945,10.670000076293945,10.670000076293945,10.670000076293945,200,0.0,0.0
2023-12-13 00:00:00-05:00,10.670000076293945,10.670000076293945,10.670000076293945,10.670000076293945,0,0.0,0.0
2023-12-14 00:00:00-05:00,10.609999656677246,10.670000076293945,10.609999656677246,10.670000076293945,300,0.0,0.0
2023-12-15 00:00:00-05:00,10.670000076293945,10.670000076293945,10.670000076293945,10.670000076293945,0,0.0,0.0
2023-12-18 00:00:00-05:00,10.6899995803833,10.6899995803833,10.6899995803833,10.6899995803833,100,0.0,0.0
2023-12-19 00:00:00-05:00,10.6899995803833,10.6899995803833,10.6899995803833,10.6899995803833,0,0.0,0.0
2023-12-20 00:00:00-05:00,10.6899995803833,10.6899995803833,10.6899995803833,10.6899995803833,0,0.0,0.0
2023-12-21 00:00:00-05:00,10.739999771118164,10.739999771118164,10.739999771118164,10.739999771118164,100,0.0,0.0
2023-12-22 00:00:00-05:00,10.739999771118164,10.739999771118164,10.739999771118164,10.739999771118164,0,0.0,0.0
2023-12-26 00:00:00-05:00,10.699999809265137,10.739999771118164,10.699999809265137,10.699999809265137,1300,0.0,0.0
2023-12-27 00:00:00-05:00,10.739999771118164,10.739999771118164,10.739999771118164,10.739999771118164,600,0.0,0.0
2023-12-28 00:00:00-05:00,10.739999771118164,10.739999771118164,10.739999771118164,10.739999771118164,0,0.0,0.0
2023-12-29 00:00:00-05:00,10.789999961853027,10.789999961853027,10.789999961853027,10.789999961853027,200,0.0,0.0
2024-01-02 00:00:00-05:00,10.789999961853027,10.789999961853027,10.789999961853027,10.789999961853027,0,0.0,0.0
2024-01-03 00:00:00-05:00,10.729999542236328,10.729999542236328,10.699999809265137,10.729999542236328,4000,0.0,0.0
2024-01-04 00:00:00-05:00,10.760000228881836,10.760000228881836,10.699999809265137,10.699999809265137,400,0.0,0.0
2024-01-05 00:00:00-05:00,10.739999771118164,10.739999771118164,10.739999771118164,10.739999771118164,200,0.0,0.0
2024-01-08 00:00:00-05:00,10.739999771118164,10.739999771118164,10.739999771118164,10.739999771118164,0,0.0,0.0
2024-01-09 00:00:00-05:00,10.739999771118164,10.739999771118164,10.739999771118164,10.739999771118164,0,0.0,0.0
2024-01-10 00:00:00-05:00,10.739999771118164,10.739999771118164,10.739999771118164,10.739999771118164,0,0.0,0.0
2024-01-11 00:00:00-05:00,10.739999771118164,10.739999771118164,10.739999771118164,10.739999771118164,0,0.0,0.0
2024-01-12 00:00:00-05:00,10.699999809265137,10.729999542236328,10.699999809265137,10.729999542236328,600,0.0,0.0
2024-01-16 00:00:00-05:00,10.699999809265137,10.701000213623047,10.699999809265137,10.701000213623047,2200,0.0,0.0
2024-01-17 00:00:00-05:00,10.739999771118164,10.739999771118164,10.739999771118164,10.739999771118164,300,0.0,0.0
2024-01-18 00:00:00-05:00,10.727999687194824,10.739999771118164,10.680000305175781,10.739999771118164,600,0.0,0.0
2024-01-19 00:00:00-05:00,10.739999771118164,10.739999771118164,10.739999771118164,10.739999771118164,0,0.0,0.0
2024-01-22 00:00:00-05:00,10.739999771118164,10.739999771118164,10.739999771118164,10.739999771118164,0,0.0,0.0
2024-01-23 00:00:00-05:00,10.739999771118164,10.739999771118164,10.739999771118164,10.739999771118164,0,0.0,0.0
2024-01-24 00:00:00-05:00,10.739999771118164,10.739999771118164,10.739999771118164,10.739999771118164,0,0.0,0.0
2024-01-25 00:00:00-05:00,10.739999771118164,10.739999771118164,10.739999771118164,10.739999771118164,0,0.0,0.0
2024-01-26 00:00:00-05:00,10.739999771118164,10.75,10.739999771118164,10.75,600,0.0,0.0
2024-01-29 00:00:00-05:00,10.760000228881836,10.760000228881836,10.680000305175781,10.760000228881836,1500,0.0,0.0
2024-01-30 00:00:00-05:00,10.760000228881836,10.760000228881836,10.760000228881836,10.760000228881836,0,0.0,0.0
2024-01-31 00:00:00-05:00,10.760000228881836,10.760000228881836,10.760000228881836,10.760000228881836,0,0.0,0.0
2024-02-01 00:00:00-05:00,10.760000228881836,10.760000228881836,10.760000228881836,10.760000228881836,200,0.0,0.0
2024-02-02 00:00:00-05:00,10.760000228881836,10.760000228881836,10.760000228881836,10.760000228881836,0,0.0,0.0
2024-02-05 00:00:00-05:00,10.760000228881836,10.760000228881836,10.760000228881836,10.760000228881836,0,0.0,0.0
2024-02-06 00:00:00-05:00,10.760000228881836,10.760000228881836,10.760000228881836,10.760000228881836,0,0.0,0.0
2024-02-07 00:00:00-05:00,10.760000228881836,10.760000228881836,10.760000228881836,10.760000228881836,0,0.0,0.0
2024-02-08 00:00:00-05:00,10.680000305175781,10.75,10.680000305175781,10.75,300,0.0,0.0
2024-02-09 00:00:00-05:00,10.75,10.75,10.75,10.75,0,0.0,0.0
2024-02-12 00:00:00-05:00,10.760000228881836,10.760000228881836,10.760000228881836,10.760000228881836,100,0.0,0.0
2024-02-13 00:00:00-05:00,10.760000228881836,10.760000228881836,10.760000228881836,10.760000228881836,0,0.0,0.0
2024-02-14 00:00:00-05:00,10.760000228881836,10.760000228881836,10.760000228881836,10.760000228881836,0,0.0,0.0
2024-02-15 00:00:00-05:00,10.760000228881836,10.760000228881836,10.760000228881836,10.760000228881836,0,0.0,0.0
2024-02-16 00:00:00-05:00,10.760000228881836,10.760000228881836,10.760000228881836,10.760000228881836,0,0.0,0.0
2024-02-20 00:00:00-05:00,10.760000228881836,10.760000228881836,10.760000228881836,10.760000228881836,0,0.0,0.0
2024-02-21 00:00:00-05:00,10.710000038146973,10.779999732971191,10.710000038146973,10.779999732971191,1100,0.0,0.0
2024-02-22 00:00:00-05:00,10.739999771118164,10.75,10.739999771118164,10.75,7900,0.0,0.0
2024-02-23 00:00:00-05:00,10.770000457763672,10.770000457763672,10.770000457763672,10.770000457763672,200,0.0,0.0
2024-02-26 00:00:00-05:00,10.770000457763672,10.770000457763672,10.770000457763672,10.770000457763672,0,0.0,0.0
2024-02-27 00:00:00-05:00,10.770000457763672,10.770000457763672,10.770000457763672,10.770000457763672,0,0.0,0.0
2024-02-28 00:00:00-05:00,10.770000457763672,10.770000457763672,10.770000457763672,10.770000457763672,0,0.0,0.0
2024-02-29 00:00:00-05:00,10.770000457763672,10.770000457763672,10.770000457763672,10.770000457763672,0,0.0,0.0
2024-03-01 00:00:00-05:00,10.770000457763672,10.770000457763672,10.770000457763672,10.770000457763672,0,0.0,0.0
2024-03-04 00:00:00-05:00,10.770000457763672,10.770000457763672,10.770000457763672,10.770000457763672,100,0.0,0.0
2024-03-05 00:00:00-05:00,10.770000457763672,10.770000457763672,10.770000457763672,10.770000457763672,0,0.0,0.0
2024-03-06 00:00:00-05:00,10.739999771118164,10.770000457763672,10.739999771118164,10.770000457763672,700,0.0,0.0
2024-03-07 00:00:00-05:00,10.770000457763672,10.770000457763672,10.770000457763672,10.770000457763672,0,0.0,0.0
2024-03-08 00:00:00-05:00,10.739999771118164,10.770000457763672,10.739999771118164,10.770000457763672,400,0.0,0.0
2024-03-11 00:00:00-04:00,10.770000457763672,10.770000457763672,10.770000457763672,10.770000457763672,200,0.0,0.0
2024-03-12 00:00:00-04:00,10.770000457763672,10.770000457763672,10.770000457763672,10.770000457763672,200,0.0,0.0
2024-03-13 00:00:00-04:00,10.770000457763672,10.770000457763672,10.770000457763672,10.770000457763672,200,0.0,0.0
2024-03-14 00:00:00-04:00,10.770000457763672,10.770000457763672,10.770000457763672,10.770000457763672,0,0.0,0.0
2024-03-15 00:00:00-04:00,10.75,10.770000457763672,10.75,10.770000457763672,1300,0.0,0.0
2024-03-18 00:00:00-04:00,10.770000457763672,10.770000457763672,10.770000457763672,10.770000457763672,100,0.0,0.0
2024-03-19 00:00:00-04:00,10.770000457763672,10.770000457763672,10.770000457763672,10.770000457763672,0,0.0,0.0
2024-03-20 00:00:00-04:00,10.770000457763672,10.770000457763672,10.770000457763672,10.770000457763672,0,0.0,0.0
2024-03-21 00:00:00-04:00,10.770000457763672,10.770000457763672,10.770000457763672,10.770000457763672,0,0.0,0.0
2024-03-22 00:00:00-04:00,10.770000457763672,10.770000457763672,10.770000457763672,10.770000457763672,0,0.0,0.0
2024-03-25 00:00:00-04:00,10.770000457763672,10.770000457763672,10.770000457763672,10.770000457763672,0,0.0,0.0
2024-03-26 00:00:00-04:00,10.770000457763672,10.770000457763672,10.770000457763672,10.770000457763672,0,0.0,0.0
2024-03-27 00:00:00-04:00,10.770000457763672,10.770000457763672,10.770000457763672,10.770000457763672,0,0.0,0.0
2024-03-28 00:00:00-04:00,10.770000457763672,10.770000457763672,10.770000457763672,10.770000457763672,0,0.0,0.0
2024-04-01 00:00:00-04:00,10.770000457763672,10.770000457763672,10.770000457763672,10.770000457763672,0,0.0,0.0
2024-04-02 00:00:00-04:00,10.770000457763672,10.770000457763672,10.770000457763672,10.770000457763672,0,0.0,0.0
2024-04-03 00:00:00-04:00,10.770000457763672,10.789999961853027,10.770000457763672,10.789999961853027,1500,0.0,0.0
2024-04-04 00:00:00-04:00,10.789999961853027,10.789999961853027,10.789999961853027,10.789999961853027,0,0.0,0.0
2024-04-05 00:00:00-04:00,10.789999961853027,10.789999961853027,10.789999961853027,10.789999961853027,0,0.0,0.0
2024-04-08 00:00:00-04:00,10.789999961853027,10.819999694824219,10.789999961853027,10.819999694824219,10400,0.0,0.0
2024-04-09 00:00:00-04:00,10.829000473022461,10.890000343322754,10.824999809265137,10.890000343322754,12000,0.0,0.0
2024-04-10 00:00:00-04:00,10.899999618530273,10.930000305175781,10.890000343322754,10.925000190734863,6700,0.0,0.0
2024-04-11 00:00:00-04:00,10.949999809265137,10.949999809265137,10.829999923706055,10.890000343322754,4400,0.0,0.0
2024-04-12 00:00:00-04:00,10.930000305175781,10.9399995803833,10.819999694824219,10.928999900817871,800,0.0,0.0
2024-04-15 00:00:00-04:00,10.928999900817871,10.928999900817871,10.928999900817871,10.928999900817871,400,0.0,0.0
2024-04-16 00:00:00-04:00,10.928999900817871,10.928999900817871,10.928999900817871,10.928999900817871,0,0.0,0.0
2024-04-17 00:00:00-04:00,10.928999900817871,10.928999900817871,10.928999900817871,10.928999900817871,0,0.0,0.0
2024-04-18 00:00:00-04:00,10.928999900817871,10.928999900817871,10.928999900817871,10.928999900817871,0,0.0,0.0
2024-04-19 00:00:00-04:00,10.928999900817871,10.928999900817871,10.928999900817871,10.928999900817871,0,0.0,0.0
2024-04-22 00:00:00-04:00,10.859999656677246,10.9399995803833,10.84000015258789,10.9399995803833,600,0.0,0.0
2024-04-23 00:00:00-04:00,10.949999809265137,10.949999809265137,10.84000015258789,10.9399995803833,4700,0.0,0.0
2024-04-24 00:00:00-04:00,10.9399995803833,10.9399995803833,10.9399995803833,10.9399995803833,0,0.0,0.0
2024-04-25 00:00:00-04:00,10.949999809265137,11.100000381469727,10.9399995803833,11.100000381469727,31600,0.0,0.0
2024-04-26 00:00:00-04:00,11.100000381469727,11.100000381469727,11.100000381469727,11.100000381469727,0,0.0,0.0
2024-04-29 00:00:00-04:00,11.137999534606934,11.1899995803833,11.045000076293945,11.1899995803833,11300,0.0,0.0
2024-04-30 00:00:00-04:00,11.149999618530273,11.25,11.149999618530273,11.25,2900,0.0,0.0
2024-05-01 00:00:00-04:00,11.430000305175781,11.430000305175781,11.430000305175781,11.430000305175781,800,0.0,0.0
2024-05-02 00:00:00-04:00,11.430000305175781,11.430000305175781,11.430000305175781,11.430000305175781,500,0.0,0.0
2024-05-03 00:00:00-04:00,11.430000305175781,11.430000305175781,11.430000305175781,11.430000305175781,700,0.0,0.0
2024-05-06 00:00:00-04:00,11.430000305175781,11.75,11.430000305175781,11.5,6100,0.0,0.0
2024-05-07 00:00:00-04:00,11.600000381469727,11.65999984741211,11.600000381469727,11.65999984741211,400,0.0,0.0
2024-05-08 00:00:00-04:00,11.640000343322754,11.640000343322754,11.640000343322754,11.640000343322754,300,0.0,0.0
2024-05-09 00:00:00-04:00,11.640000343322754,11.640000343322754,11.5,11.640000343322754,3500,0.0,0.0
2024-05-10 00:00:00-04:00,11.640000343322754,11.640000343322754,11.640000343322754,11.640000343322754,200,0.0,0.0
2024-05-13 00:00:00-04:00,11.640000343322754,11.640000343322754,11.640000343322754,11.640000343322754,0,0.0,0.0
2024-05-14 00:00:00-04:00,11.640000343322754,11.640000343322754,11.640000343322754,11.640000343322754,0,0.0,0.0
2024-05-15 00:00:00-04:00,11.300000190734863,11.449999809265137,11.0,11.25,52100,0.0,0.0
2024-05-16 00:00:00-04:00,11.25,11.25,11.25,11.25,0,0.0,0.0
2024-05-17 00:00:00-04:00,11.25,11.25,11.25,11.25,0,0.0,0.0
2024-05-20 00:00:00-04:00,11.25,11.25,11.25,11.25,6200,0.0,0.0
2024-05-21 00:00:00-04:00,11.5,11.609999656677246,11.470000267028809,11.600000381469727,14700,0.0,0.0
2024-05-22 00:00:00-04:00,11.600000381469727,11.699999809265137,11.579999923706055,11.649999618530273,39000,0.0,0.0
2024-05-23 00:00:00-04:00,11.649999618530273,11.649999618530273,11.609999656677246,11.609999656677246,8700,0.0,0.0
2024-05-24 00:00:00-04:00,11.640000343322754,11.649999618530273,11.600000381469727,11.649999618530273,5600,0.0,0.0
2024-05-28 00:00:00-04:00,11.699999809265137,11.699999809265137,11.644000053405762,11.649999618530273,3900,0.0,0.0
2024-05-29 00:00:00-04:00,11.649999618530273,11.699999809265137,11.649999618530273,11.649999618530273,19000,0.0,0.0
2024-05-30 00:00:00-04:00,11.649999618530273,11.649999618530273,11.630000114440918,11.630000114440918,14000,0.0,0.0
2024-05-31 00:00:00-04:00,11.380000114440918,11.4399995803833,11.3100004196167,11.4399995803833,60100,0.0,0.0
2024-06-03 00:00:00-04:00,11.354999542236328,11.491999626159668,11.354999542236328,11.449999809265137,5600,0.0,0.0
2024-06-04 00:00:00-04:00,11.350000381469727,11.420000076293945,11.350000381469727,11.399999618530273,3400,0.0,0.0
2024-06-05 00:00:00-04:00,11.350000381469727,11.550000190734863,11.350000381469727,11.4399995803833,6600,0.0,0.0
2024-06-06 00:00:00-04:00,11.350000381469727,11.449999809265137,11.350000381469727,11.418000221252441,8000,0.0,0.0
2024-06-07 00:00:00-04:00,11.449999809265137,11.550000190734863,11.449999809265137,11.550000190734863,1200,0.0,0.0
2024-06-10 00:00:00-04:00,11.539999961853027,11.989999771118164,11.529999732971191,11.699999809265137,93000,0.0,0.0
2024-06-11 00:00:00-04:00,11.651000022888184,11.760000228881836,11.529999732971191,11.595000267028809,18700,0.0,0.0
2024-06-12 00:00:00-04:00,11.539999961853027,11.539999961853027,11.420000076293945,11.489999771118164,4800,0.0,0.0
2024-06-13 00:00:00-04:00,11.401000022888184,11.418000221252441,11.350000381469727,11.369999885559082,30300,0.0,0.0
2024-06-14 00:00:00-04:00,11.399999618530273,11.399999618530273,11.369999885559082,11.375,6400,0.0,0.0
2024-06-17 00:00:00-04:00,11.350000381469727,11.375,11.170000076293945,11.279999732971191,45500,0.0,0.0
2024-06-18 00:00:00-04:00,11.270000457763672,11.279999732971191,11.260000228881836,11.279999732971191,500,0.0,0.0
2024-06-20 00:00:00-04:00,11.279999732971191,11.350000381469727,11.279999732971191,11.279999732971191,1000,0.0,0.0
2024-06-21 00:00:00-04:00,11.279999732971191,11.279999732971191,11.279999732971191,11.279999732971191,0,0.0,0.0
2024-06-24 00:00:00-04:00,11.289999961853027,11.289999961853027,11.286999702453613,11.286999702453613,3100,0.0,0.0
2024-06-25 00:00:00-04:00,11.3100004196167,11.3100004196167,11.300000190734863,11.300000190734863,4800,0.0,0.0
2024-06-26 00:00:00-04:00,11.300000190734863,11.300000190734863,11.300000190734863,11.300000190734863,0,0.0,0.0
2024-06-27 00:00:00-04:00,11.369999885559082,11.369999885559082,11.369999885559082,11.369999885559082,2000,0.0,0.0
2024-06-28 00:00:00-04:00,11.369999885559082,11.369999885559082,11.369999885559082,11.369999885559082,0,0.0,0.0
2024-07-01 00:00:00-04:00,11.34000015258789,11.34000015258789,11.3100004196167,11.3100004196167,4800,0.0,0.0
2024-07-02 00:00:00-04:00,11.300000190734863,11.329999923706055,11.300000190734863,11.329999923706055,700,0.0,0.0
2024-07-03 00:00:00-04:00,11.319999694824219,11.319999694824219,11.319999694824219,11.319999694824219,5300,0.0,0.0
2024-07-05 00:00:00-04:00,11.3149995803833,11.331000328063965,11.3149995803833,11.331000328063965,700,0.0,0.0
2024-07-08 00:00:00-04:00,11.3149995803833,11.34000015258789,11.3149995803833,11.34000015258789,600,0.0,0.0
2024-07-09 00:00:00-04:00,11.29699993133545,11.34000015258789,11.29699993133545,11.34000015258789,800,0.0,0.0
2024-07-10 00:00:00-04:00,11.295999526977539,11.34000015258789,11.295999526977539,11.34000015258789,3200,0.0,0.0
2024-07-11 00:00:00-04:00,11.270000457763672,11.34000015258789,11.270000457763672,11.34000015258789,1700,0.0,0.0
2024-07-12 00:00:00-04:00,11.34000015258789,11.34000015258789,11.34000015258789,11.34000015258789,0,0.0,0.0
2024-07-15 00:00:00-04:00,11.329999923706055,11.449999809265137,11.329999923706055,11.390000343322754,122800,0.0,0.0
2024-07-16 00:00:00-04:00,11.390000343322754,11.5,11.359999656677246,11.399999618530273,40900,0.0,0.0
2024-07-17 00:00:00-04:00,11.380000114440918,11.399999618530273,11.359999656677246,11.359999656677246,20600,0.0,0.0
2024-07-18 00:00:00-04:00,11.4399995803833,11.4399995803833,11.420000076293945,11.420000076293945,500,0.0,0.0
2024-07-19 00:00:00-04:00,11.359999656677246,11.380000114440918,11.359999656677246,11.380000114440918,4300,0.0,0.0
2024-07-22 00:00:00-04:00,11.380000114440918,11.380000114440918,11.350000381469727,11.380000114440918,6100,0.0,0.0
2024-07-23 00:00:00-04:00,11.331000328063965,11.380000114440918,11.329999923706055,11.329999923706055,8500,0.0,0.0
2024-07-24 00:00:00-04:00,11.329999923706055,11.380000114440918,11.329999923706055,11.380000114440918,500,0.0,0.0
2024-07-25 00:00:00-04:00,11.380000114440918,11.380000114440918,11.380000114440918,11.380000114440918,0,0.0,0.0
2024-07-26 00:00:00-04:00,11.380000114440918,11.380000114440918,11.380000114440918,11.380000114440918,0,0.0,0.0
2024-07-29 00:00:00-04:00,11.329999923706055,11.390000343322754,11.329999923706055,11.390000343322754,300,0.0,0.0
2024-07-30 00:00:00-04:00,11.390000343322754,11.390000343322754,11.380999565124512,11.380999565124512,1100,0.0,0.0
2024-07-31 00:00:00-04:00,11.350000381469727,11.359999656677246,11.350000381469727,11.359999656677246,12000,0.0,0.0
2024-08-01 00:00:00-04:00,11.359999656677246,11.359999656677246,11.359999656677246,11.359999656677246,0,0.0,0.0
2024-08-02 00:00:00-04:00,11.333999633789062,11.350000381469727,11.300000190734863,11.307000160217285,4300,0.0,0.0
2024-08-05 00:00:00-04:00,11.331999778747559,11.350000381469727,11.291999816894531,11.300000190734863,16100,0.0,0.0
2024-08-06 00:00:00-04:00,11.359999656677246,11.380000114440918,11.345000267028809,11.369999885559082,18000,0.0,0.0
2024-08-07 00:00:00-04:00,11.329999923706055,11.34000015258789,11.329999923706055,11.329999923706055,2800,0.0,0.0
2024-08-08 00:00:00-04:00,11.336999893188477,11.336999893188477,11.336999893188477,11.336999893188477,1000,0.0,0.0
2024-08-09 00:00:00-04:00,11.34000015258789,11.34000015258789,11.34000015258789,11.34000015258789,500,0.0,0.0
2024-08-12 00:00:00-04:00,11.34000015258789,11.34000015258789,11.34000015258789,11.34000015258789,0,0.0,0.0
2024-08-13 00:00:00-04:00,11.329999923706055,11.329999923706055,11.329999923706055,11.329999923706055,200,0.0,0.0
2024-08-14 00:00:00-04:00,11.329999923706055,11.34000015258789,11.300000190734863,11.329999923706055,24000,0.0,0.0
2024-08-15 00:00:00-04:00,11.300000190734863,11.350000381469727,11.300000190734863,11.300000190734863,14100,0.0,0.0
2024-08-16 00:00:00-04:00,11.300000190734863,11.300000190734863,11.300000190734863,11.300000190734863,0,0.0,0.0
2024-08-19 00:00:00-04:00,11.300000190734863,11.300000190734863,11.300000190734863,11.300000190734863,1800,0.0,0.0
2024-08-20 00:00:00-04:00,11.300000190734863,11.300000190734863,11.300000190734863,11.300000190734863,200,0.0,0.0
2024-08-21 00:00:00-04:00,11.300000190734863,11.300000190734863,11.300000190734863,11.300000190734863,0,0.0,0.0
2024-08-22 00:00:00-04:00,11.300000190734863,11.300000190734863,11.300000190734863,11.300000190734863,0,0.0,0.0
2024-08-23 00:00:00-04:00,11.300000190734863,11.300000190734863,11.300000190734863,11.300000190734863,200,0.0,0.0
2024-08-26 00:00:00-04:00,11.300000190734863,11.300000190734863,11.300000190734863,11.300000190734863,300,0.0,0.0
2024-08-27 00:00:00-04:00,11.300000190734863,11.300000190734863,11.300000190734863,11.300000190734863,600,0.0,0.0
2024-08-28 00:00:00-04:00,11.319999694824219,11.319999694824219,11.319999694824219,11.319999694824219,100,0.0,0.0
2024-08-29 00:00:00-04:00,11.300000190734863,11.300000190734863,11.300000190734863,11.300000190734863,100,0.0,0.0
2024-08-30 00:00:00-04:00,11.300000190734863,11.300000190734863,11.300000190734863,11.300000190734863,0,0.0,0.0
2024-09-03 00:00:00-04:00,11.300000190734863,11.300000190734863,11.300000190734863,11.300000190734863,0,0.0,0.0
2024-09-04 00:00:00-04:00,11.300000190734863,11.300000190734863,11.300000190734863,11.300000190734863,0,0.0,0.0
2024-09-05 00:00:00-04:00,11.300000190734863,11.300000190734863,11.300000190734863,11.300000190734863,0,0.0,0.0
2024-09-06 00:00:00-04:00,11.300000190734863,11.300000190734863,11.300000190734863,11.300000190734863,0,0.0,0.0
2024-09-09 00:00:00-04:00,11.300000190734863,11.300000190734863,11.300000190734863,11.300000190734863,100,0.0,0.0
2024-09-10 00:00:00-04:00,11.300000190734863,11.300000190734863,11.300000190734863,11.300000190734863,900,0.0,0.0
2024-09-11 00:00:00-04:00,11.300000190734863,11.300000190734863,11.300000190734863,11.300000190734863,0,0.0,0.0
2024-09-12 00:00:00-04:00,11.300000190734863,11.300000190734863,11.300000190734863,11.300000190734863,0,0.0,0.0
2024-09-13 00:00:00-04:00,11.300000190734863,11.300000190734863,11.300000190734863,11.300000190734863,0,0.0,0.0
2024-09-16 00:00:00-04:00,11.279999732971191,11.279999732971191,11.279999732971191,11.279999732971191,500,0.0,0.0
2024-09-17 00:00:00-04:00,11.279999732971191,11.279999732971191,11.279999732971191,11.279999732971191,0,0.0,0.0
2024-09-18 00:00:00-04:00,11.279999732971191,11.279999732971191,11.279999732971191,11.279999732971191,0,0.0,0.0
2024-09-19 00:00:00-04:00,11.329999923706055,11.329999923706055,11.329999923706055,11.329999923706055,1300,0.0,0.0
2024-09-20 00:00:00-04:00,11.329999923706055,11.329999923706055,11.329999923706055,11.329999923706055,0,0.0,0.0
2024-09-23 00:00:00-04:00,11.324000358581543,11.324000358581543,11.324000358581543,11.324000358581543,300,0.0,0.0
2024-09-24 00:00:00-04:00,11.324000358581543,11.324000358581543,11.324000358581543,11.324000358581543,0,0.0,0.0
2024-09-25 00:00:00-04:00,11.324000358581543,11.324000358581543,11.324000358581543,11.324000358581543,0,0.0,0.0
2024-09-26 00:00:00-04:00,11.324000358581543,11.324000358581543,11.324000358581543,11.324000358581543,1100,0.0,0.0
2024-09-27 00:00:00-04:00,11.324000358581543,11.324000358581543,11.324000358581543,11.324000358581543,0,0.0,0.0
2024-09-30 00:00:00-04:00,11.329999923706055,11.329999923706055,11.329999923706055,11.329999923706055,100,0.0,0.0
2024-10-01 00:00:00-04:00,11.369999885559082,11.390000343322754,11.359999656677246,11.390000343322754,56900,0.0,0.0
2024-10-02 00:00:00-04:00,11.442999839782715,11.699999809265137,11.390000343322754,11.618000030517578,41300,0.0,0.0
2024-10-03 00:00:00-04:00,11.460000038146973,11.9399995803833,11.420000076293945,11.670000076293945,51200,0.0,0.0
2024-10-04 00:00:00-04:00,11.609999656677246,11.680000305175781,11.600000381469727,11.600000381469727,1800,0.0,0.0
2024-10-07 00:00:00-04:00,11.489999771118164,11.550000190734863,11.489999771118164,11.539999961853027,500,0.0,0.0
2024-10-08 00:00:00-04:00,11.420000076293945,11.550000190734863,11.40999984741211,11.550000190734863,2900,0.0,0.0
2024-10-09 00:00:00-04:00,11.529999732971191,11.65999984741211,11.4399995803833,11.65999984741211,4500,0.0,0.0
2024-10-10 00:00:00-04:00,11.40999984741211,11.869999885559082,11.40999984741211,11.489999771118164,12200,0.0,0.0
2024-10-11 00:00:00-04:00,11.5,11.5,11.420000076293945,11.460000038146973,2500,0.0,0.0
2024-10-14 00:00:00-04:00,11.489999771118164,11.5,11.489999771118164,11.489999771118164,2600,0.0,0.0
2024-10-15 00:00:00-04:00,11.5,11.600000381469727,11.5,11.600000381469727,1300,0.0,0.0
2024-10-16 00:00:00-04:00,11.600000381469727,11.600000381469727,11.5,11.600000381469727,1000,0.0,0.0
2024-10-17 00:00:00-04:00,11.640000343322754,11.699999809265137,11.600000381469727,11.649999618530273,2000,0.0,0.0
2024-10-18 00:00:00-04:00,11.600000381469727,11.649999618530273,11.5600004196167,11.5600004196167,1100,0.0,0.0
2024-10-21 00:00:00-04:00,11.729999542236328,11.729999542236328,11.550000190734863,11.5600004196167,700,0.0,0.0
2024-10-22 00:00:00-04:00,11.720000267028809,11.720000267028809,11.470000267028809,11.619999885559082,400,0.0,0.0
2024-10-23 00:00:00-04:00,11.539999961853027,11.539999961853027,11.539999961853027,11.539999961853027,200,0.0,0.0
2024-10-24 00:00:00-04:00,11.461999893188477,11.609999656677246,11.460000038146973,11.470000267028809,2100,0.0,0.0
2024-10-25 00:00:00-04:00,11.645000457763672,11.670000076293945,11.5,11.670000076293945,900,0.0,0.0
2024-10-28 00:00:00-04:00,11.670000076293945,11.670000076293945,11.670000076293945,11.670000076293945,0,0.0,0.0
2024-10-29 00:00:00-04:00,11.770000457763672,11.789999961853027,11.6899995803833,11.779999732971191,4600,0.0,0.0
2024-10-30 00:00:00-04:00,12.5,12.5,12.5,12.5,1300,0.0,0.0
2024-10-31 00:00:00-04:00,13.0,13.0,12.3100004196167,12.979999542236328,6200,0.0,0.0
2024-11-01 00:00:00-04:00,11.6899995803833,11.6899995803833,9.4399995803833,10.800000190734863,5000,0.0,0.0
2024-11-04 00:00:00-05:00,10.699999809265137,10.699999809265137,10.100000381469727,10.420000076293945,2300,0.0,0.0
2024-11-05 00:00:00-05:00,10.319999694824219,10.319999694824219,9.9399995803833,9.9399995803833,300,0.0,0.0
2024-11-06 00:00:00-05:00,9.119999885559082,9.119999885559082,9.119999885559082,9.119999885559082,400,0.0,0.0
2024-11-07 00:00:00-05:00,9.760000228881836,10.600000381469727,9.760000228881836,10.600000381469727,6800,0.0,0.0
2024-11-08 00:00:00-05:00,10.600000381469727,11.640000343322754,10.600000381469727,10.619999885559082,3200,0.0,0.0
2024-11-11 00:00:00-05:00,10.920000076293945,11.039999961853027,10.920000076293945,11.0,800,0.0,0.0
2024-11-12 00:00:00-05:00,11.960000038146973,11.970000267028809,11.949999809265137,11.970000267028809,500,0.0,0.0
2024-11-13 00:00:00-05:00,11.300000190734863,11.300000190734863,11.300000190734863,11.300000190734863,200,0.0,0.0
2024-11-14 00:00:00-05:00,11.0,11.0,11.0,11.0,300,0.0,0.0
2024-11-15 00:00:00-05:00,11.0,11.0,11.0,11.0,0,0.0,0.0
2024-11-18 00:00:00-05:00,10.109000205993652,10.326000213623047,8.170000076293945,8.5,6200,0.0,0.0
2024-11-19 00:00:00-05:00,9.119999885559082,9.600000381469727,9.119999885559082,9.600000381469727,300,0.0,0.0
2024-11-20 00:00:00-05:00,10.329999923706055,10.329999923706055,10.329999923706055,10.329999923706055,300,0.0,0.0
2024-11-21 00:00:00-05:00,10.329999923706055,10.329999923706055,10.329999923706055,10.329999923706055,0,0.0,0.0
2024-11-22 00:00:00-05:00,10.0,13.489999771118164,9.0,10.84000015258789,29100,0.0,0.0
2024-11-25 00:00:00-05:00,11.0,11.0,11.0,11.0,400,0.0,0.0
2024-11-26 00:00:00-05:00,12.479999542236328,13.300000190734863,12.390000343322754,12.5,3500,0.0,0.0
2024-11-27 00:00:00-05:00,12.050000190734863,13.359999656677246,12.050000190734863,12.5,2100,0.0,0.0
2024-11-29 00:00:00-05:00,13.329999923706055,13.329999923706055,13.329999923706055,13.329999923706055,800,0.0,0.0
2024-12-02 00:00:00-05:00,13.329999923706055,13.329999923706055,13.329999923706055,13.329999923706055,0,0.0,0.0
2024-12-03 00:00:00-05:00,11.199999809265137,11.199999809265137,11.199999809265137,11.199999809265137,600,0.0,0.0
2024-12-04 00:00:00-05:00,12.100000381469727,13.399999618530273,11.800000190734863,11.800000190734863,6900,0.0,0.0
2024-12-05 00:00:00-05:00,12.75,12.789999961853027,10.289999961853027,10.869999885559082,2400,0.0,0.0
2024-12-06 00:00:00-05:00,11.199999809265137,11.279999732971191,11.199999809265137,11.25,600,0.0,0.0
2024-12-09 00:00:00-05:00,10.319999694824219,10.329999923706055,10.319999694824219,10.329999923706055,700,0.0,0.0
2024-12-10 00:00:00-05:00,11.300000190734863,12.100000381469727,10.359999656677246,10.359999656677246,1700,0.0,0.0
2024-12-11 00:00:00-05:00,10.0600004196167,10.380000114440918,10.0600004196167,10.380000114440918,800,0.0,0.0
2024-12-12 00:00:00-05:00,11.449999809265137,11.449999809265137,11.449999809265137,11.449999809265137,500,0.0,0.0
2024-12-13 00:00:00-05:00,11.239999771118164,11.5600004196167,8.5,9.5,12900,0.0,0.0
2024-12-16 00:00:00-05:00,11.300000190734863,11.300000190734863,4.5,5.5,171000,0.0,0.0
2024-12-17 00:00:00-05:00,4.949999809265137,6.099999904632568,2.7899999618530273,3.0,253100,0.0,0.0
2024-12-18 00:00:00-05:00,2.950000047683716,2.950000047683716,2.200000047683716,2.5899999141693115,94500,0.0,0.0
2024-12-19 00:00:00-05:00,2.509999990463257,3.640000104904175,2.240000009536743,3.490000009536743,108600,0.0,0.0
2024-12-20 00:00:00-05:00,3.569999933242798,4.78000020980835,2.9800000190734863,3.700000047683716,141500,0.0,0.0
2024-12-23 00:00:00-05:00,3.6500000953674316,3.9130001068115234,2.7799999713897705,3.4100000858306885,21600,0.0,0.0
2024-12-24 00:00:00-05:00,3.299999952316284,3.739000082015991,3.140000104904175,3.3299999237060547,21100,0.0,0.0
2024-12-26 00:00:00-05:00,3.25,3.9000000953674316,2.990000009536743,3.2300000190734863,87700,0.0,0.0
2024-12-27 00:00:00-05:00,3.109999895095825,3.490000009536743,3.0,3.194999933242798,17300,0.0,0.0
2024-12-30 00:00:00-05:00,3.0799999237060547,3.434999942779541,2.859999895095825,3.2799999713897705,36400,0.0,0.0
2024-12-31 00:00:00-05:00,3.009999990463257,3.7100000381469727,2.9709999561309814,3.0,102600,0.0,0.0
2025-01-02 00:00:00-05:00,3.1700000762939453,3.3499999046325684,2.8499999046325684,2.9700000286102295,22700,0.0,0.0
2025-01-03 00:00:00-05:00,2.9700000286102295,3.234999895095825,2.4700000286102295,2.509999990463257,138900,0.0,0.0
2025-01-06 00:00:00-05:00,3.1500000953674316,3.2100000381469727,2.5,2.700000047683716,267000,0.0,0.0
2025-01-07 00:00:00-05:00,3.0,3.0,2.6500000953674316,2.7699999809265137,422500,0.0,0.0
2025-01-08 00:00:00-05:00,2.5799999237060547,2.640000104904175,1.7100000381469727,2.25,163100,0.0,0.0
2025-01-10 00:00:00-05:00,2.1500000953674316,2.1500000953674316,1.9199999570846558,1.9199999570846558,74500,0.0,0.0
2025-01-13 00:00:00-05:00,1.8200000524520874,1.899999976158142,1.7000000476837158,1.8300000429153442,53700,0.0,0.0
2025-01-14 00:00:00-05:00,1.8899999856948853,2.1500000953674316,1.7999999523162842,2.0,142200,0.0,0.0
2025-01-15 00:00:00-05:00,1.940000057220459,2.119999885559082,1.5850000381469727,1.840000033378601,85300,0.0,0.0
2025-01-16 00:00:00-05:00,1.75,1.8600000143051147,1.7100000381469727,1.7699999809265137,18200,0.0,0.0
2025-01-17 00:00:00-05:00,1.7599999904632568,2.5,1.7599999904632568,2.305000066757202,622300,0.0,0.0
2025-01-21 00:00:00-05:00,2.4100000858306885,2.5,1.7699999809265137,1.9600000381469727,236600,0.0,0.0
2025-01-22 00:00:00-05:00,1.8200000524520874,2.0,1.5499999523162842,1.850000023841858,165400,0.0,0.0
2025-01-23 00:00:00-05:00,1.8300000429153442,2.0,1.75,1.7899999618530273,73800,0.0,0.0
2025-01-24 00:00:00-05:00,1.7999999523162842,1.8600000143051147,1.6100000143051147,1.7400000095367432,62400,0.0,0.0
2025-01-27 00:00:00-05:00,1.7999999523162842,1.7999999523162842,1.409999966621399,1.5199999809265137,63300,0.0,0.0
2025-01-28 00:00:00-05:00,1.5099999904632568,1.559999942779541,1.3200000524520874,1.399999976158142,54500,0.0,0.0
2025-01-29 00:00:00-05:00,1.3899999856948853,1.690000057220459,1.3899999856948853,1.5399999618530273,168500,0.0,0.0
2025-01-30 00:00:00-05:00,2.7300000190734863,5.539999961853027,2.700000047683716,3.140000104904175,126590600,0.0,0.0
2025-01-31 00:00:00-05:00,3.0999999046325684,3.109999895095825,2.5999999046325684,2.880000114440918,1646800,0.0,0.0
2025-02-03 00:00:00-05:00,2.700000047683716,2.880000114440918,2.450000047683716,2.609999895095825,428800,0.0,0.0
2025-02-04 00:00:00-05:00,3.190000057220459,3.200000047683716,2.119999885559082,2.319999933242798,8275300,0.0,0.0
2025-02-05 00:00:00-05:00,2.3499999046325684,2.5,2.0299999713897705,2.369999885559082,222400,0.0,0.0
2025-02-06 00:00:00-05:00,2.2200000286102295,2.549999952316284,2.2100000381469727,2.4700000286102295,178600,0.0,0.0
2025-02-07 00:00:00-05:00,2.4000000953674316,2.497999906539917,2.190000057220459,2.369999885559082,273600,0.0,0.0
2025-02-10 00:00:00-05:00,2.2300000190734863,2.369999885559082,1.8200000524520874,1.9600000381469727,335500,0.0,0.0
2025-02-11 00:00:00-05:00,1.8799999952316284,2.009999990463257,1.7799999713897705,1.8899999856948853,186100,0.0,0.0
2025-02-12 00:00:00-05:00,1.8389999866485596,1.940000057220459,1.7699999809265137,1.840000033378601,134400,0.0,0.0
2025-02-13 00:00:00-05:00,3.25,6.019999980926514,3.140000104904175,3.619999885559082,125942200,0.0,0.0
2025-02-14 00:00:00-05:00,3.6029999256134033,3.990000009536743,2.569999933242798,2.6500000953674316,3173100,0.0,0.0
2025-02-18 00:00:00-05:00,2.509999990463257,3.2820000648498535,2.509999990463257,2.75,983900,0.0,0.0
2025-02-19 00:00:00-05:00,2.6700000762939453,2.809999942779541,2.4210000038146973,2.5799999237060547,356000,0.0,0.0
2025-02-20 00:00:00-05:00,2.559999942779541,2.739000082015991,2.299999952316284,2.4700000286102295,471800,0.0,0.0
2025-02-21 00:00:00-05:00,2.4100000858306885,2.5,2.049999952316284,2.0899999141693115,304200,0.0,0.0
2025-02-24 00:00:00-05:00,2.130000114440918,2.1600000858306885,1.9800000190734863,2.0950000286102295,301800,0.0,0.0
2025-02-25 00:00:00-05:00,2.130000114440918,2.25,1.899999976158142,1.9800000190734863,233700,0.0,0.0
2025-02-26 00:00:00-05:00,2.0,2.364000082015991,1.9299999475479126,2.2200000286102295,392300,0.0,0.0
2025-02-27 00:00:00-05:00,2.1700000762939453,2.25,1.940000057220459,1.9800000190734863,166200,0.0,0.0
2025-02-28 00:00:00-05:00,1.940000057220459,2.0799999237060547,1.9299999475479126,2.0399999618530273,86200,0.0,0.0
2025-03-03 00:00:00-05:00,2.0299999713897705,2.1700000762939453,1.850000023841858,1.909999966621399,137600,0.0,0.0
2025-03-04 00:00:00-05:00,1.8700000047683716,1.909999966621399,1.6799999475479126,1.7699999809265137,156800,0.0,0.0
2025-03-05 00:00:00-05:00,1.7999999523162842,1.8530000448226929,1.7000000476837158,1.7200000286102295,101900,0.0,0.0
2025-03-06 00:00:00-05:00,1.7300000190734863,1.7400000095367432,1.559999942779541,1.600000023841858,109400,0.0,0.0
2025-03-07 00:00:00-05:00,1.5800000429153442,1.6299999952316284,1.3799999952316284,1.6200000047683716,241900,0.0,0.0
2025-03-10 00:00:00-04:00,1.5800000429153442,1.6089999675750732,1.4199999570846558,1.4900000095367432,165200,0.0,0.0
2025-03-11 00:00:00-04:00,1.4500000476837158,1.4600000381469727,1.25,1.350000023841858,238700,0.0,0.0
2025-03-12 00:00:00-04:00,1.399999976158142,1.7899999618530273,1.2999999523162842,1.649999976158142,331200,0.0,0.0
2025-03-13 00:00:00-04:00,1.6799999475479126,1.6799999475479126,1.5299999713897705,1.6100000143051147,93300,0.0,0.0
2025-03-14 00:00:00-04:00,1.5399999618530273,1.7200000286102295,1.5399999618530273,1.659999966621399,58500,0.0,0.0
2025-03-17 00:00:00-04:00,1.7599999904632568,1.7699999809265137,1.4800000190734863,1.5299999713897705,943100,0.0,0.0
2025-03-18 00:00:00-04:00,1.5,1.600000023841858,1.465000033378601,1.600000023841858,55600,0.0,0.0
2025-03-19 00:00:00-04:00,1.6200000047683716,1.8799999952316284,1.600000023841858,1.7599999904632568,300200,0.0,0.0
2025-03-20 00:00:00-04:00,1.7000000476837158,2.049999952316284,1.690999984741211,1.9600000381469727,146900,0.0,0.0
2025-03-21 00:00:00-04:00,1.8200000524520874,1.9800000190734863,1.7300000190734863,1.7400000095367432,131900,0.0,0.0
2025-03-24 00:00:00-04:00,1.7599999904632568,1.9600000381469727,1.6050000190734863,1.649999976158142,320900,0.0,0.0
2025-03-25 00:00:00-04:00,1.690000057220459,1.7400000095367432,1.6100000143051147,1.6130000352859497,66500,0.0,0.0
2025-03-26 00:00:00-04:00,1.6109999418258667,1.6399999856948853,1.5399999618530273,1.5499999523162842,74300,0.0,0.0
2025-03-27 00:00:00-04:00,1.600000023841858,1.600000023841858,1.399999976158142,1.440000057220459,87600,0.0,0.0
2025-03-28 00:00:00-04:00,1.399999976158142,1.5,1.309999942779541,1.3300000429153442,73100,0.0,0.0
2025-03-31 00:00:00-04:00,1.3200000524520874,1.371999979019165,1.2000000476837158,1.2899999618530273,50200,0.0,0.0
2025-04-01 00:00:00-04:00,1.2599999904632568,1.399999976158142,1.2599999904632568,1.3200000524520874,38500,0.0,0.0
2025-04-02 00:00:00-04:00,1.281000018119812,1.440000057220459,1.281000018119812,1.3600000143051147,26800,0.0,0.0
2025-04-03 00:00:00-04:00,1.4199999570846558,1.4199999570846558,1.2100000381469727,1.3200000524520874,47100,0.0,0.0
2025-04-04 00:00:00-04:00,1.2799999713897705,1.2999999523162842,1.1699999570846558,1.2699999809265137,61700,0.0,0.0
2025-04-07 00:00:00-04:00,1.100000023841858,1.2000000476837158,1.0700000524520874,1.125,48700,0.0,0.0
2025-04-08 00:00:00-04:00,1.2000000476837158,1.2000000476837158,1.100000023841858,1.100000023841858,32900,0.0,0.0
2025-04-09 00:00:00-04:00,1.0499999523162842,1.1990000009536743,1.0199999809265137,1.1100000143051147,44400,0.0,0.0
2025-04-10 00:00:00-04:00,1.190000057220459,1.2799999713897705,1.090000033378601,1.2200000286102295,78000,0.0,0.0
2025-04-11 00:00:00-04:00,1.2100000381469727,1.2100000381469727,1.100000023841858,1.100000023841858,48200,0.0,0.0
2025-04-14 00:00:00-04:00,1.159999966621399,1.2999999523162842,1.1399999856948853,1.2599999904632568,112800,0.0,0.0
2025-04-15 00:00:00-04:00,1.2200000286102295,1.3329999446868896,1.2000000476837158,1.2200000286102295,31500,0.0,0.0
2025-04-16 00:00:00-04:00,1.2999999523162842,1.4490000009536743,1.2230000495910645,1.3700000047683716,157300,0.0,0.0
2025-04-17 00:00:00-04:00,1.350000023841858,1.3539999723434448,1.2059999704360962,1.340000033378601,72800,0.0,0.0
2025-04-21 00:00:00-04:00,1.3200000524520874,1.3700000047683716,1.190000057220459,1.2899999618530273,57100,0.0,0.0
2025-04-22 00:00:00-04:00,1.25,1.3300000429153442,1.2000000476837158,1.2000000476837158,25900,0.0,0.0
2025-04-23 00:00:00-04:00,1.2699999809265137,1.2699999809265137,1.190000057220459,1.2200000286102295,33600,0.0,0.0
2025-04-24 00:00:00-04:00,1.190000057220459,1.2999999523162842,1.190000057220459,1.2999999523162842,51000,0.0,0.0
2025-04-25 00:00:00-04:00,1.2699999809265137,1.340000033378601,1.2400000095367432,1.3300000429153442,42800,0.0,0.0
2025-04-28 00:00:00-04:00,1.3300000429153442,1.3300000429153442,1.1200000047683716,1.149999976158142,92800,0.0,0.0
2025-04-29 00:00:00-04:00,1.2000000476837158,1.2400000095367432,1.1799999475479126,1.2200000286102295,33000,0.0,0.0
2025-04-30 00:00:00-04:00,1.1799999475479126,1.2359999418258667,1.149999976158142,1.2100000381469727,22700,0.0,0.0
2025-05-01 00:00:00-04:00,1.1799999475479126,1.3420000076293945,1.1799999475479126,1.2699999809265137,91700,0.0,0.0
2025-05-02 00:00:00-04:00,1.25,1.3600000143051147,1.25,1.2799999713897705,46300,0.0,0.0
2025-05-05 00:00:00-04:00,1.2999999523162842,1.6200000047683716,1.2949999570846558,1.4900000095367432,290800,0.0,0.0
2025-05-06 00:00:00-04:00,1.4500000476837158,1.5800000429153442,1.4199999570846558,1.5299999713897705,84300,0.0,0.0
2025-05-07 00:00:00-04:00,1.5,1.50600004196167,1.2999999523162842,1.2999999523162842,157100,0.0,0.0
2025-05-08 00:00:00-04:00,1.2999999523162842,1.3600000143051147,1.2899999618530273,1.309999942779541,47900,0.0,0.0
2025-05-09 00:00:00-04:00,1.3200000524520874,1.465000033378601,1.2699999809265137,1.3899999856948853,90100,0.0,0.0
2025-05-12 00:00:00-04:00,1.4500000476837158,1.4500000476837158,1.3300000429153442,1.340000033378601,85600,0.0,0.0
2025-05-13 00:00:00-04:00,1.2999999523162842,1.399999976158142,1.2999999523162842,1.3200000524520874,63600,0.0,0.0
2025-05-14 00:00:00-04:00,1.350000023841858,1.4600000381469727,1.2999999523162842,1.440000057220459,54500,0.0,0.0
2025-05-15 00:00:00-04:00,1.4500000476837158,1.4500000476837158,1.3200000524520874,1.340000033378601,29500,0.0,0.0
2025-05-16 00:00:00-04:00,1.350000023841858,1.3799999952316284,1.3300000429153442,1.3300000429153442,23000,0.0,0.0
2025-05-19 00:00:00-04:00,1.2999999523162842,1.350000023841858,1.274999976158142,1.274999976158142,34500,0.0,0.0
2025-05-20 00:00:00-04:00,1.25,1.2999999523162842,1.2000000476837158,1.2000000476837158,39000,0.0,0.0
2025-05-21 00:00:00-04:00,1.2300000190734863,1.2599999904632568,1.1619999408721924,1.2000000476837158,53900,0.0,0.0
2025-05-22 00:00:00-04:00,1.2100000381469727,1.2599999904632568,1.190000057220459,1.2300000190734863,23300,0.0,0.0
2025-05-23 00:00:00-04:00,1.190000057220459,1.2489999532699585,1.190000057220459,1.2300000190734863,22800,0.0,0.0
2025-05-27 00:00:00-04:00,1.2899999618530273,1.3700000047683716,1.2300000190734863,1.350000023841858,146100,0.0,0.0
2025-05-28 00:00:00-04:00,1.5,1.5800000429153442,1.2000000476837158,1.309999942779541,15655100,0.0,0.0
2025-05-29 00:00:00-04:00,1.2699999809265137,1.2699999809265137,1.190000057220459,1.2300000190734863,399900,0.0,0.0
2025-05-30 00:00:00-04:00,1.2200000286102295,1.2400000095367432,1.1699999570846558,1.1699999570846558,199700,0.0,0.0
2025-06-02 00:00:00-04:00,1.159999966621399,1.1749999523162842,1.0099999904632568,1.0800000429153442,619800,0.0,0.0
2025-06-03 00:00:00-04:00,1.1399999856948853,1.1799999475479126,1.100000023841858,1.1299999952316284,179500,0.0,0.0
2025-06-04 00:00:00-04:00,1.100000023841858,1.1299999952316284,1.0499999523162842,1.1100000143051147,187300,0.0,0.0
2025-06-05 00:00:00-04:00,1.1299999952316284,1.2999999523162842,1.1299999952316284,1.25,349000,0.0,0.0
2025-06-06 00:00:00-04:00,1.2200000286102295,1.309999942779541,1.180999994277954,1.25,146600,0.0,0.0
2025-06-09 00:00:00-04:00,1.25,1.25,1.1749999523162842,1.2200000286102295,76100,0.0,0.0
2025-06-10 00:00:00-04:00,1.2100000381469727,1.3899999856948853,1.2000000476837158,1.25,297800,0.0,0.0
2025-06-11 00:00:00-04:00,1.2400000095367432,1.25,1.1299999952316284,1.159999966621399,162300,0.0,0.0
2025-06-12 00:00:00-04:00,1.1399999856948853,1.2200000286102295,1.100000023841858,1.149999976158142,198300,0.0,0.0
2025-06-13 00:00:00-04:00,1.2100000381469727,1.2669999599456787,1.1799999475479126,1.25,237500,0.0,0.0
2025-06-16 00:00:00-04:00,1.2599999904632568,1.2799999713897705,1.2239999771118164,1.25,203600,0.0,0.0
2025-06-17 00:00:00-04:00,1.2300000190734863,1.2599999904632568,1.1799999475479126,1.2200000286102295,113900,0.0,0.0
2025-06-18 00:00:00-04:00,1.2100000381469727,1.2200000286102295,1.149999976158142,1.159999966621399,109700,0.0,0.0
2025-06-20 00:00:00-04:00,1.2799999713897705,1.2799999713897705,1.0099999904632568,1.0399999618530273,327700,0.0,0.0
2025-06-23 00:00:00-04:00,1.100000023841858,1.25,1.0499999523162842,1.2400000095367432,269600,0.0,0.0
2025-06-24 00:00:00-04:00,1.2300000190734863,1.2510000467300415,1.1799999475479126,1.2100000381469727,184700,0.0,0.0
2025-06-25 00:00:00-04:00,1.2100000381469727,1.2400000095367432,1.1729999780654907,1.2300000190734863,93000,0.0,0.0
2025-06-26 00:00:00-04:00,1.2300000190734863,1.2400000095367432,1.1399999856948853,1.1799999475479126,75100,0.0,0.0
2025-06-27 00:00:00-04:00,1.190000057220459,1.2000000476837158,1.1419999599456787,1.159999966621399,102200,0.0,0.0
2025-06-30 00:00:00-04:00,1.149999976158142,1.159999966621399,1.1100000143051147,1.1399999856948853,36800,0.0,0.0
2025-07-01 00:00:00-04:00,1.100000023841858,1.1699999570846558,1.100000023841858,1.159999966621399,33200,0.0,0.0
2025-07-02 00:00:00-04:00,1.159999966621399,1.1699999570846558,1.121000051498413,1.159999966621399,40200,0.0,0.0
2025-07-03 00:00:00-04:00,1.1699999570846558,1.190000057220459,1.13100004196167,1.159999966621399,32500,0.0,0.0
2025-07-07 00:00:00-04:00,1.159999966621399,1.1970000267028809,1.059999942779541,1.100000023841858,61000,0.0,0.0
2025-07-08 00:00:00-04:00,1.1200000047683716,1.1299999952316284,1.059999942779541,1.1100000143051147,67400,0.0,0.0
2025-07-09 00:00:00-04:00,1.1799999475479126,1.3300000429153442,1.159999966621399,1.2599999904632568,1169800,0.0,0.0
2025-07-10 00:00:00-04:00,1.2400000095367432,1.2999999523162842,1.1399999856948853,1.2300000190734863,444100,0.0,0.0
2025-07-11 00:00:00-04:00,1.2000000476837158,1.2200000286102295,1.149999976158142,1.1799999475479126,144900,0.0,0.0
2025-07-14 00:00:00-04:00,1.1799999475479126,1.2599999904632568,1.1799999475479126,1.2400000095367432,153500,0.0,0.0
2025-07-15 00:00:00-04:00,1.25,1.2899999618530273,1.2000000476837158,1.2100000381469727,291200,0.0,0.0
2025-07-16 00:00:00-04:00,1.2000000476837158,1.2799999713897705,1.190000057220459,1.25,263400,0.0,0.0
2025-07-17 00:00:00-04:00,1.25,1.2999999523162842,1.2300000190734863,1.2899999618530273,160100,0.0,0.0
2025-07-18 00:00:00-04:00,1.25,1.2899999618530273,1.2100000381469727,1.2300000190734863,102000,0.0,0.0
2025-07-21 00:00:00-04:00,1.25,1.2599999904632568,1.190000057220459,1.2100000381469727,85100,0.0,0.0
2025-07-22 00:00:00-04:00,1.2200000286102295,1.2599999904632568,1.1200000047683716,1.159999966621399,142300,0.0,0.0
2025-07-23 00:00:00-04:00,1.9800000190734863,2.5999999046325684,1.6100000143051147,1.850000023841858,139267300,0.0,0.0
2025-07-24 00:00:00-04:00,1.559999942779541,1.590000033378601,1.3600000143051147,1.399999976158142,4368200,0.0,0.0
2025-07-25 00:00:00-04:00,1.399999976158142,1.440000057220459,1.2999999523162842,1.3899999856948853,1343100,0.0,0.0
2025-07-28 00:00:00-04:00,1.3700000047683716,1.3899999856948853,1.25,1.2999999523162842,925900,0.0,0.0
2025-07-29 00:00:00-04:00,1.2300000190734863,1.2549999952316284,1.2000000476837158,1.2100000381469727,618400,0.0,0.0
2025-07-30 00:00:00-04:00,1.2200000286102295,1.2400000095367432,1.1399999856948853,1.1799999475479126,376900,0.0,0.0
2025-07-31 00:00:00-04:00,1.2000000476837158,1.2000000476837158,1.1399999856948853,1.149999976158142,390800,0.0,0.0
2025-08-01 00:00:00-04:00,1.2100000381469727,1.2100000381469727,1.0700000524520874,1.0800000429153442,403100,0.0,0.0
2025-08-04 00:00:00-04:00,1.0700000524520874,1.1449999809265137,1.0700000524520874,1.1150000095367432,166300,0.0,0.0
2025-08-05 00:00:00-04:00,1.100000023841858,1.149999976158142,1.0700000524520874,1.1399999856948853,210400,0.0,0.0
2025-08-06 00:00:00-04:00,1.159999966621399,1.159999966621399,1.100000023841858,1.1100000143051147,130200,0.0,0.0
2025-08-07 00:00:00-04:00,1.1399999856948853,1.1399999856948853,1.0499999523162842,1.0800000429153442,164000,0.0,0.0
2025-08-08 00:00:00-04:00,1.090000033378601,1.090000033378601,1.0399999618530273,1.0499999523162842,179400,0.0,0.0
2025-08-11 00:00:00-04:00,1.0800000429153442,1.0800000429153442,1.0499999523162842,1.059999942779541,85700,0.0,0.0
2025-08-12 00:00:00-04:00,1.059999942779541,1.1299999952316284,1.0399999618530273,1.090000033378601,182700,0.0,0.0
2025-08-13 00:00:00-04:00,1.100000023841858,1.1799999475479126,1.059999942779541,1.159999966621399,249900,0.0,0.0
2025-08-14 00:00:00-04:00,1.159999966621399,1.159999966621399,1.1100000143051147,1.1399999856948853,126300,0.0,0.0
2025-08-15 00:00:00-04:00,1.1100000143051147,1.1200000047683716,1.090000033378601,1.100000023841858,130400,0.0,0.0
2025-08-18 00:00:00-04:00,1.090000033378601,1.1799999475479126,1.0800000429153442,1.149999976158142,691700,0.0,0.0
2025-08-19 00:00:00-04:00,1.1699999570846558,1.1699999570846558,1.100000023841858,1.1100000143051147,112500,0.0,0.0
2025-08-20 00:00:00-04:00,1.1299999952316284,1.1299999952316284,1.0499999523162842,1.0800000429153442,223800,0.0,0.0
2025-08-21 00:00:00-04:00,1.059999942779541,1.1299999952316284,1.0509999990463257,1.1299999952316284,171300,0.0,0.0
2025-08-22 00:00:00-04:00,1.149999976158142,1.149999976158142,1.090000033378601,1.1299999952316284,164700,0.0,0.0
2025-08-25 00:00:00-04:00,1.149999976158142,1.1799999475479126,1.1200000047683716,1.1449999809265137,80300,0.0,0.0
2025-08-26 00:00:00-04:00,1.1399999856948853,1.1399999856948853,1.0700000524520874,1.0700000524520874,162400,0.0,0.0
2025-08-27 00:00:00-04:00,1.090000033378601,1.1169999837875366,1.0800000429153442,1.090000033378601,96900,0.0,0.0
2025-08-28 00:00:00-04:00,1.100000023841858,1.100000023841858,1.0700000524520874,1.090000033378601,76700,0.0,0.0
2025-08-29 00:00:00-04:00,1.059999942779541,1.0800000429153442,1.0199999809265137,1.059999942779541,147200,0.0,0.0
2025-09-02 00:00:00-04:00,1.0299999713897705,1.0640000104904175,1.024999976158142,1.0299999713897705,62600,0.0,0.0
2025-09-03 00:00:00-04:00,1.0399999618530273,1.059999942779541,1.0,1.0399999618530273,233600,0.0,0.0
2025-09-04 00:00:00-04:00,1.0199999809265137,1.0499999523162842,0.949999988079071,0.9769999980926514,236300,0.0,0.0
2025-09-05 00:00:00-04:00,0.8939999938011169,0.9200000166893005,0.8610000014305115,0.8840000033378601,360300,0.0,0.0
2025-09-08 00:00:00-04:00,0.8989999890327454,1.059999942779541,0.8899999856948853,1.0399999618530273,757100,0.0,0.0
2025-09-09 00:00:00-04:00,0.9950000047683716,1.0399999618530273,0.9599999785423279,1.00600004196167,239200,0.0,0.0
2025-09-10 00:00:00-04:00,0.9900000095367432,1.0709999799728394,0.9900000095367432,1.0700000524520874,184900,0.0,0.0
2025-09-11 00:00:00-04:00,1.0800000429153442,1.1200000047683716,1.0199999809265137,1.090000033378601,164200,0.0,0.0
2025-09-12 00:00:00-04:00,1.0700000524520874,1.1460000276565552,1.0700000524520874,1.1299999952316284,134800,0.0,0.0
2025-09-15 00:00:00-04:00,1.090000033378601,1.2000000476837158,1.0700000524520874,1.149999976158142,131900,0.0,0.0
2025-09-16 00:00:00-04:00,1.1699999570846558,1.2000000476837158,1.1299999952316284,1.1799999475479126,148400,0.0,0.0
2025-09-17 00:00:00-04:00,1.1799999475479126,1.3869999647140503,1.159999966621399,1.2899999618530273,636600,0.0,0.0
2025-09-18 00:00:00-04:00,1.2799999713897705,1.3799999952316284,1.2599999904632568,1.2899999618530273,379600,0.0,0.0
2025-09-19 00:00:00-04:00,1.2699999809265137,1.3200000524520874,1.2300000190734863,1.2300000190734863,894100,0.0,0.0
2025-09-22 00:00:00-04:00,1.2100000381469727,1.2599999904632568,1.2009999752044678,1.2400000095367432,173100,0.0,0.0
2025-09-23 00:00:00-04:00,1.2300000190734863,1.2400000095367432,1.1699999570846558,1.2000000476837158,211100,0.0,0.0
2025-09-24 00:00:00-04:00,1.2100000381469727,1.2400000095367432,1.149999976158142,1.1699999570846558,105900,0.0,0.0
2025-09-25 00:00:00-04:00,1.149999976158142,1.1699999570846558,1.0549999475479126,1.090000033378601,151100,0.0,0.0
2025-09-26 00:00:00-04:00,1.1200000047683716,1.149999976158142,1.0299999713897705,1.0800000429153442,121600,0.0,0.0
2025-09-29 00:00:00-04:00,1.0700000524520874,1.1799999475479126,1.0700000524520874,1.1799999475479126,242000,0.0,0.0
2025-09-30 00:00:00-04:00,1.1799999475479126,1.2000000476837158,1.1009999513626099,1.190000057220459,90500,0.0,0.0
2025-10-01 00:00:00-04:00,1.2009999752044678,1.2009999752044678,1.1449999809265137,1.1699999570846558,87100,0.0,0.0
2025-10-02 00:00:00-04:00,1.159999966621399,1.2000000476837158,1.100000023841858,1.1200000047683716,78900,0.0,0.0
2025-10-03 00:00:00-04:00,1.100000023841858,1.149999976158142,1.100000023841858,1.1200000047683716,27000,0.0,0.0
2025-10-06 00:00:00-04:00,1.1100000143051147,1.1200000047683716,1.059999942779541,1.1100000143051147,69000,0.0,0.0
2025-10-07 00:00:00-04:00,1.100000023841858,1.1200000047683716,1.090000033378601,1.100000023841858,51200,0.0,0.0
2025-10-08 00:00:00-04:00,1.1200000047683716,1.1299999952316284,1.100000023841858,1.1200000047683716,30800,0.0,0.0
2025-10-09 00:00:00-04:00,1.100000023841858,1.1100000143051147,1.0800000429153442,1.0800000429153442,52700,0.0,0.0
2025-10-10 00:00:00-04:00,1.0700000524520874,1.0850000381469727,1.0149999856948853,1.0199999809265137,124100,0.0,0.0
2025-10-13 00:00:00-04:00,1.0299999713897705,1.059999942779541,1.0199999809265137,1.059999942779541,19700,0.0,0.0
2025-10-14 00:00:00-04:00,1.059999942779541,1.1330000162124634,1.0299999713897705,1.1100000143051147,70400,0.0,0.0
2025-10-15 00:00:00-04:00,1.090000033378601,1.1260000467300415,1.059999942779541,1.0700000524520874,53200,0.0,0.0
2025-10-16 00:00:00-04:00,1.0800000429153442,1.1100000143051147,1.0800000429153442,1.100000023841858,52800,0.0,0.0
2025-10-17 00:00:00-04:00,1.090000033378601,1.100000023841858,1.0440000295639038,1.090000033378601,32000,0.0,0.0
2025-10-20 00:00:00-04:00,1.1399999856948853,1.2200000286102295,1.100000023841858,1.2100000381469727,113100,0.0,0.0
2025-10-21 00:00:00-04:00,1.1799999475479126,1.1799999475479126,1.1399999856948853,1.149999976158142,29100,0.0,0.0
2025-10-22 00:00:00-04:00,1.1100000143051147,1.1299999952316284,1.0800000429153442,1.100000023841858,53400,0.0,0.0
2025-10-23 00:00:00-04:00,1.0700000524520874,1.100000023841858,1.0700000524520874,1.090000033378601,18000,0.0,0.0
2025-10-24 00:00:00-04:00,1.149999976158142,1.149999976158142,1.0800000429153442,1.0800000429153442,367500,0.0,0.0
2025-10-27 00:00:00-04:00,1.1399999856948853,1.159999966621399,1.1100000143051147,1.1299999952316284,70600,0.0,0.0
2025-10-28 00:00:00-04:00,1.1100000143051147,1.1390000581741333,1.100000023841858,1.1299999952316284,22200,0.0,0.0
2025-10-29 00:00:00-04:00,1.100000023841858,1.1299999952316284,1.0800000429153442,1.0800000429153442,50200,0.0,0.0
2025-10-30 00:00:00-04:00,1.0399999618530273,1.0700000524520874,1.0099999904632568,1.0299999713897705,59700,0.0,0.0
2025-10-31 00:00:00-04:00,1.0299999713897705,1.0399999618530273,1.0099999904632568,1.0399999618530273,39000,0.0,0.0
2025-11-03 00:00:00-05:00,1.027999997138977,1.0700000524520874,1.0199999809265137,1.059999942779541,52800,0.0,0.0
2025-11-04 00:00:00-05:00,1.0199999809265137,1.0499999523162842,1.0,1.0149999856948853,57500,0.0,0.0
2025-11-05 00:00:00-05:00,1.0180000066757202,1.065000057220459,1.0099999904632568,1.059999942779541,51100,0.0,0.0
2025-11-06 00:00:00-05:00,1.059999942779541,1.2999999523162842,1.0099999904632568,1.0950000286102295,500600,0.0,0.0
2025-11-07 00:00:00-05:00,1.0499999523162842,1.0700000524520874,1.0399999618530273,1.059999942779541,53300,0.0,0.0
2025-11-10 00:00:00-05:00,1.0700000524520874,1.2000000476837158,1.0,1.0700000524520874,683700,0.0,0.0
2025-11-11 00:00:00-05:00,1.0399999618530273,1.0700000524520874,1.0099999904632568,1.0299999713897705,105500,0.0,0.0
2025-11-12 00:00:00-05:00,1.0299999713897705,1.0499999523162842,1.0199999809265137,1.0199999809265137,65700,0.0,0.0
2025-11-13 00:00:00-05:00,1.0099999904632568,1.0269999504089355,0.9480000138282776,0.9700000286102295,104000,0.0,0.0
2025-11-14 00:00:00-05:00,0.9700000286102295,1.0199999809265137,0.9100000262260437,0.9900000095367432,108300,0.0,0.0
2025-11-17 00:00:00-05:00,1.0119999647140503,1.0160000324249268,0.9200000166893005,0.9279999732971191,129700,0.0,0.0
2025-11-18 00:00:00-05:00,0.9900000095367432,0.9900000095367432,0.8500000238418579,0.8700000047683716,157200,0.0,0.0
2025-11-19 00:00:00-05:00,0.8550000190734863,0.9100000262260437,0.8159999847412109,0.8159999847412109,69700,0.0,0.0
2025-11-20 00:00:00-05:00,0.8600000143051147,0.8690000176429749,0.7699999809265137,0.7730000019073486,139500,0.0,0.0
2025-11-21 00:00:00-05:00,0.7609999775886536,0.7749999761581421,0.7400000095367432,0.7609999775886536,59500,0.0,0.0
2025-11-24 00:00:00-05:00,0.7699999809265137,0.7699999809265137,0.7210000157356262,0.722000002861023,65800,0.0,0.0
2025-11-25 00:00:00-05:00,0.7350000143051147,0.7570000290870667,0.7260000109672546,0.7429999709129333,49700,0.0,0.0
2025-11-26 00:00:00-05:00,0.7570000290870667,0.859000027179718,0.75,0.7509999871253967,100900,0.0,0.0
2025-11-28 00:00:00-05:00,0.7730000019073486,0.800000011920929,0.7599999904632568,0.7730000019073486,14900,0.0,0.0
2025-12-01 00:00:00-05:00,0.800000011920929,0.8100000023841858,0.7099999785423279,0.7099999785423279,30500,0.0,0.0
2025-12-02 00:00:00-05:00,0.7630000114440918,0.8090000152587891,0.7300000190734863,0.7549999952316284,50800,0.0,0.0
2025-12-03 00:00:00-05:00,0.7300000190734863,0.7799999713897705,0.7210000157356262,0.7639999985694885,32200,0.0,0.0
2025-12-04 00:00:00-05:00,0.7720000147819519,0.7799999713897705,0.7210000157356262,0.7250000238418579,87900,0.0,0.0
2025-12-05 00:00:00-05:00,0.777999997138977,0.7900000214576721,0.6499999761581421,0.6909999847412109,536700,0.0,0.0
2025-12-08 00:00:00-05:00,0.7260000109672546,0.7260000109672546,0.6600000262260437,0.6700000166893005,58600,0.0,0.0
2025-12-09 00:00:00-05:00,0.6759999990463257,0.7799999713897705,0.6510000228881836,0.7179999947547913,111000,0.0,0.0
2025-12-10 00:00:00-05:00,0.7289999723434448,0.765999972820282,0.6800000071525574,0.6980000138282776,123500,0.0,0.0
2025-12-11 00:00:00-05:00,0.6769999861717224,0.7300000190734863,0.6489999890327454,0.6690000295639038,86000,0.0,0.0
2025-12-12 00:00:00-05:00,0.6850000023841858,0.6850000023841858,0.5609999895095825,0.5699999928474426,162000,0.0,0.0
2025-12-15 00:00:00-05:00,0.5619999766349792,0.6000000238418579,0.5339999794960022,0.5450000166893005,77000,0.0,0.0
2025-12-16 00:00:00-05:00,0.5659999847412109,0.5720000267028809,0.5450000166893005,0.5600000023841858,76100,0.0,0.0
2025-12-17 00:00:00-05:00,0.5450000166893005,0.6660000085830688,0.5210000276565552,0.6129999756813049,231900,0.0,0.0
2025-12-18 00:00:00-05:00,0.6399999856948853,0.8700000047683716,0.621999979019165,0.7170000076293945,8836500,0.0,0.0
2025-12-19 00:00:00-05:00,0.699999988079071,0.7400000095367432,0.6150000095367432,0.6240000128746033,726000,0.0,0.0
2025-12-22 00:00:00-05:00,0.6230000257492065,0.6330000162124634,0.550000011920929,0.5720000267028809,255700,0.0,0.0
2025-12-23 00:00:00-05:00,0.5600000023841858,0.5619999766349792,0.5099999904632568,0.5170000195503235,231300,0.0,0.0
2025-12-24 00:00:00-05:00,0.5099999904632568,0.5109999775886536,0.46000000834465027,0.4790000021457672,127800,0.0,0.0
2025-12-26 00:00:00-05:00,0.47999998927116394,0.546999990940094,0.4790000021457672,0.5239999890327454,639400,0.0,0.0
2025-12-29 00:00:00-05:00,0.5,0.5099999904632568,0.44699999690055847,0.4699999988079071,639300,0.0,0.0
2025-12-30 00:00:00-05:00,0.4620000123977661,0.49000000953674316,0.46000000834465027,0.48100000619888306,215600,0.0,0.0
2025-12-31 00:00:00-05:00,0.49000000953674316,0.49000000953674316,0.4440000057220459,0.46000000834465027,189900,0.0,0.0
2026-01-02 00:00:00-05:00,0.4880000054836273,0.4880000054836273,0.44600000977516174,0.4620000123977661,79900,0.0,0.0
2026-01-05 00:00:00-05:00,0.48399999737739563,0.48399999737739563,0.4000000059604645,0.4580000042915344,242000,0.0,0.0
2026-01-06 00:00:00-05:00,0.46000000834465027,0.492000013589859,0.4519999921321869,0.4909999966621399,13424600,0.0,0.0
2026-01-07 00:00:00-05:00,0.6679999828338623,0.75,0.6029999852180481,0.6539999842643738,73205600,0.0,0.0
2026-01-08 00:00:00-05:00,0.6209999918937683,0.7099999785423279,0.5830000042915344,0.7070000171661377,3986500,0.0,0.0
2026-01-09 00:00:00-05:00,0.699999988079071,0.699999988079071,0.6299999952316284,0.6510000228881836,963400,0.0,0.0
2026-01-12 00:00:00-05:00,0.6230000257492065,0.6549999713897705,0.6000000238418579,0.6470000147819519,676900,0.0,0.0
2026-01-13 00:00:00-05:00,0.6589999794960022,0.7200000286102295,0.640999972820282,0.6899999976158142,1598000,0.0,0.0
2026-01-14 00:00:00-05:00,0.675000011920929,0.6949999928474426,0.6399999856948853,0.6800000071525574,523700,0.0,0.0
2026-01-15 00:00:00-05:00,0.671999990940094,0.722000002861023,0.6600000262260437,0.6949999928474426,718500,0.0,0.0
2026-01-16 00:00:00-05:00,0.6980000138282776,0.7919999957084656,0.6729999780654907,0.7519999742507935,1605900,0.0,0.0
2026-01-20 00:00:00-05:00,0.7210000157356262,0.8399999737739563,0.7059999704360962,0.8050000071525574,1721800,0.0,0.0
2026-01-21 00:00:00-05:00,0.8690000176429749,0.9480000138282776,0.8050000071525574,0.9200000166893005,3192300,0.0,0.0
2026-01-22 00:00:00-05:00,0.9300000071525574,0.9300000071525574,0.8510000109672546,0.9120000004768372,1150100,0.0,0.0
2026-01-23 00:00:00-05:00,0.8799999952316284,0.9829999804496765,0.8299999833106995,0.953000009059906,3081200,0.0,0.0
2026-01-26 00:00:00-05:00,1.0299999713897705,1.0299999713897705,0.7680000066757202,0.9399999976158142,3193700,0.0,0.0
2026-01-27 00:00:00-05:00,0.9300000071525574,0.9399999976158142,0.8730000257492065,0.9340000152587891,1538700,0.0,0.0
2026-01-28 00:00:00-05:00,0.9399999976158142,1.190000057220459,0.9150000214576721,1.1200000047683716,3470200,0.0,0.0
2026-01-29 00:00:00-05:00,1.2100000381469727,1.2100000381469727,1.0,1.1200000047683716,2277000,0.0,0.0
2026-01-30 00:00:00-05:00,1.1299999952316284,1.149999976158142,1.0299999713897705,1.0449999570846558,1030900,0.0,0.0
2026-02-02 00:00:00-05:00,1.149999976158142,1.149999976158142,0.8799999952316284,0.9150000214576721,2180100,0.0,0.0
2026-02-03 00:00:00-05:00,0.9300000071525574,1.0700000524520874,0.9300000071525574,1.0299999713897705,1158900,0.0,0.0
2026-02-04 00:00:00-05:00,1.0399999618530273,1.0399999618530273,0.9599999785423279,1.0199999809265137,949300,0.0,0.0
2026-02-05 00:00:00-05:00,0.949999988079071,1.0,0.8820000290870667,0.9300000071525574,774900,0.0,0.0
2026-02-06 00:00:00-05:00,0.9900000095367432,0.9900000095367432,0.75,0.8029999732971191,1060000,0.0,0.0
2026-02-09 00:00:00-05:00,0.781000018119812,0.7900000214576721,0.6549999713897705,0.7269999980926514,971400,0.0,0.0
2026-02-10 00:00:00-05:00,0.7200000286102295,0.7269999980926514,0.6029999852180481,0.6240000128746033,733500,0.0,0.0
2026-02-11 00:00:00-05:00,0.625,0.6579999923706055,0.5529999732971191,0.5830000042915344,752900,0.0,0.0
2026-02-12 00:00:00-05:00,0.6000000238418579,0.6499999761581421,0.5699999928474426,0.6000000238418579,408000,0.0,0.0
2026-02-13 00:00:00-05:00,0.6000000238418579,0.6190000176429749,0.5699999928474426,0.5899999737739563,347000,0.0,0.0
2026-02-17 00:00:00-05:00,0.5910000205039978,0.6150000095367432,0.5609999895095825,0.5789999961853027,218900,0.0,0.0
2026-02-18 00:00:00-05:00,0.5730000138282776,0.5879999995231628,0.5299999713897705,0.5379999876022339,306000,0.0,0.0
2026-02-19 00:00:00-05:00,0.5339999794960022,0.5550000071525574,0.4860000014305115,0.5049999952316284,428900,0.0,0.0
2026-02-20 00:00:00-05:00,0.5,0.503000020980835,0.47999998927116394,0.49399998784065247,356600,0.0,0.0
2026-02-23 00:00:00-05:00,0.4950000047683716,0.5,0.45500001311302185,0.4650000035762787,174700,0.0,0.0
2026-02-24 00:00:00-05:00,0.48399999737739563,0.49799999594688416,0.4650000035762787,0.4869999885559082,149700,0.0,0.0
2026-02-25 00:00:00-05:00,0.4909999966621399,0.550000011920929,0.4909999966621399,0.527999997138977,287200,0.0,0.0
2026-02-26 00:00:00-05:00,0.5289999842643738,0.5849999785423279,0.5099999904632568,0.5379999876022339,373100,0.0,0.0
2026-02-27 00:00:00-05:00,0.5329999923706055,0.5699999928474426,0.5009999871253967,0.5009999871253967,267600,0.0,0.0
2026-03-02 00:00:00-05:00,0.49900001287460327,0.5260000228881836,0.4699999988079071,0.503000020980835,246000,0.0,0.0
2026-03-03 00:00:00-05:00,0.5009999871253967,0.5400000214576721,0.47999998927116394,0.5120000243186951,311300,0.0,0.0
2026-03-04 00:00:00-05:00,0.5329999923706055,0.5730000138282776,0.5009999871253967,0.5600000023841858,289400,0.0,0.0
2026-03-05 00:00:00-05:00,0.5600000023841858,0.5730000138282776,0.5149999856948853,0.5220000147819519,345900,0.0,0.0
2026-03-06 00:00:00-05:00,0.5120000243186951,0.527999997138977,0.492000013589859,0.49799999594688416,424000,0.0,0.0
2026-03-09 00:00:00-04:00,0.48500001430511475,0.5040000081062317,0.47099998593330383,0.4970000088214874,306500,0.0,0.0
2026-03-10 00:00:00-04:00,0.5090000033378601,0.5090000033378601,0.47099998593330383,0.47699999809265137,201600,0.0,0.0
2026-03-11 00:00:00-04:00,0.47600001096725464,0.5109999775886536,0.4699999988079071,0.5,742200,0.0,0.0
2026-03-12 00:00:00-04:00,0.5,0.5199999809265137,0.4729999899864197,0.4790000021457672,381200,0.0,0.0
2026-03-13 00:00:00-04:00,0.4959999918937683,0.49900001287460327,0.45100000500679016,0.460999995470047,240700,0.0,0.0
2026-03-16 00:00:00-04:00,0.46000000834465027,0.49300000071525574,0.46000000834465027,0.4650000035762787,311400,0.0,0.0
2026-03-17 00:00:00-04:00,0.4650000035762787,0.47999998927116394,0.453000009059906,0.45500001311302185,354800,0.0,0.0
2026-03-18 00:00:00-04:00,0.44999998807907104,0.4699999988079071,0.36800000071525574,0.3700000047683716,1202100,0.0,0.0
2026-03-19 00:00:00-04:00,0.3709999918937683,0.39399999380111694,0.33000001311302185,0.3619999885559082,629900,0.0,0.0
2026-03-20 00:00:00-04:00,0.367000013589859,0.3700000047683716,0.33500000834465027,0.35600000619888306,490300,0.0,0.0
2026-03-23 00:00:00-04:00,0.3700000047683716,0.38199999928474426,0.34700000286102295,0.36000001430511475,434500,0.0,0.0
2026-03-24 00:00:00-04:00,0.35100001096725464,0.3880000114440918,0.3499999940395355,0.3619999885559082,232800,0.0,0.0
2026-03-25 00:00:00-04:00,0.3700000047683716,0.3709999918937683,0.3449999988079071,0.3630000054836273,255400,0.0,0.0
2026-03-26 00:00:00-04:00,0.37700000405311584,0.4000000059604645,0.3630000054836273,0.3799999952316284,485600,0.0,0.0
2026-03-27 00:00:00-04:00,0.37400001287460327,0.38999998569488525,0.3400000035762787,0.37400001287460327,482800,0.0,0.0
2026-03-30 00:00:00-04:00,0.3659999966621399,0.3659999966621399,0.3400000035762787,0.3409999907016754,170100,0.0,0.0
2026-03-31 00:00:00-04:00,0.3709999918937683,0.37400001287460327,0.335999995470047,0.36800000071525574,273400,0.0,0.0
2026-04-01 00:00:00-04:00,0.3700000047683716,0.3869999945163727,0.3499999940395355,0.3720000088214874,2475500,0.0,0.0
2026-04-02 00:00:00-04:00,0.35899999737739563,0.3700000047683716,0.3310000002384186,0.34200000762939453,681200,0.0,0.0
2026-04-06 00:00:00-04:00,0.34200000762939453,0.3700000047683716,0.3400000035762787,0.36000001430511475,386900,0.0,0.0
2026-04-07 00:00:00-04:00,0.3529999852180481,0.3610000014305115,0.3409999907016754,0.3540000021457672,350500,0.0,0.0
2026-04-08 00:00:00-04:00,0.3700000047683716,0.3700000047683716,0.3409999907016754,0.3529999852180481,519200,0.0,0.0
2026-04-09 00:00:00-04:00,0.34599998593330383,0.35600000619888306,0.3199999928474426,0.3370000123977661,439900,0.0,0.0
2026-04-10 00:00:00-04:00,0.3400000035762787,0.34700000286102295,0.3230000138282776,0.3370000123977661,333300,0.0,0.0
2026-04-13 00:00:00-04:00,0.3449999988079071,0.36500000953674316,0.33000001311302185,0.36399999260902405,764100,0.0,0.0
2026-04-14 00:00:00-04:00,0.35600000619888306,0.36800000071525574,0.34700000286102295,0.36399999260902405,353000,0.0,0.0
2026-04-15 00:00:00-04:00,0.3700000047683716,0.38100001215934753,0.35499998927116394,0.36399999260902405,679600,0.0,0.0
2026-04-16 00:00:00-04:00,0.37599998712539673,0.38999998569488525,0.3709999918937683,0.382999986410141,441700,0.0,0.0
2026-04-17 00:00:00-04:00,0.3840000033378601,0.39899998903274536,0.37700000405311584,0.3799999952316284,280900,0.0,0.0
2026-04-20 00:00:00-04:00,0.37599998712539673,0.39500001072883606,0.3700000047683716,0.38199999928474426,189500,0.0,0.0
2026-04-21 00:00:00-04:00,0.3869999945163727,0.4000000059604645,0.37299999594688416,0.37599998712539673,139200,0.0,0.0
2026-04-22 00:00:00-04:00,0.38499999046325684,0.39500001072883606,0.36500000953674316,0.3880000114440918,223100,0.0,0.0
2026-04-23 00:00:00-04:00,0.37599998712539673,0.37599998712539673,0.3449999988079071,0.3580000102519989,293900,0.0,0.0
2026-04-24 00:00:00-04:00,0.3630000054836273,0.3630000054836273,0.32499998807907104,0.328000009059906,1239600,0.0,0.0
2026-04-27 00:00:00-04:00,0.33399999141693115,0.33399999141693115,0.28999999165534973,0.29100000858306885,597500,0.0,0.0
2026-04-28 00:00:00-04:00,0.27900001406669617,0.2879999876022339,0.2280000001192093,0.24699999392032623,1384300,0.0,0.0
2026-04-29 00:00:00-04:00,0.25200000405311584,0.25200000405311584,0.2160000056028366,0.2199999988079071,924900,0.0,0.0
2026-04-30 00:00:00-04:00,0.23100000619888306,0.23999999463558197,0.22300000488758087,0.23199999332427979,961800,0.0,0.0
2026-05-01 00:00:00-04:00,0.2329999953508377,0.24500000476837158,0.2199999988079071,0.23999999463558197,747700,0.0,0.0
2026-05-04 00:00:00-04:00,0.25,0.25,0.22499999403953552,0.23100000619888306,600300,0.0,0.0
2026-05-05 00:00:00-04:00,0.20630000531673431,0.24210000038146973,0.19740000367164612,0.23070000112056732,40309378,0.0,0.0
