Date,Open,High,Low,Close,Volume,Dividends,Stock Splits
2022-01-03 00:00:00-05:00,119.5,127.0,119.5,124.0,24562,0.0,0.0
2022-01-04 00:00:00-05:00,123.0,123.0,113.0,113.5,19610,0.0,0.0
2022-01-05 00:00:00-05:00,113.5,113.5999984741211,104.5,104.5,26612,0.0,0.0
2022-01-06 00:00:00-05:00,105.0,107.5,99.0,107.0,24664,0.0,0.0
2022-01-07 00:00:00-05:00,105.5,110.0,103.5,104.0,13372,0.0,0.0
2022-01-10 00:00:00-05:00,102.5,103.0,97.0,101.0,26188,0.0,0.0
2022-01-11 00:00:00-05:00,101.0,104.5,99.1500015258789,102.5,18960,0.0,0.0
2022-01-12 00:00:00-05:00,103.0,104.75,100.0,101.0,14446,0.0,0.0
2022-01-13 00:00:00-05:00,100.5,101.30000305175781,95.5,96.5,25424,0.0,0.0
2022-01-14 00:00:00-05:00,95.0,98.5,95.0,97.5,25444,0.0,0.0
2022-01-18 00:00:00-05:00,97.5,101.0,92.0,93.0,31096,0.0,0.0
2022-01-19 00:00:00-05:00,94.0,94.0,88.0,90.0,23664,0.0,0.0
2022-01-20 00:00:00-05:00,91.0,94.75,87.0,87.5,28082,0.0,0.0
2022-01-21 00:00:00-05:00,85.5,88.25,82.0,82.0,36642,0.0,0.0
2022-01-24 00:00:00-05:00,80.5,86.0,75.25,86.0,51036,0.0,0.0
2022-01-25 00:00:00-05:00,84.5,86.5,80.5,84.0,20190,0.0,0.0
2022-01-26 00:00:00-05:00,85.5,89.0,81.5,82.0,23660,0.0,0.0
2022-01-27 00:00:00-05:00,83.5,84.0,77.5,78.5,20154,0.0,0.0
2022-01-28 00:00:00-05:00,79.0,83.5,76.0,82.0,21192,0.0,0.0
2022-01-31 00:00:00-05:00,83.0,92.5,82.5,91.0,21318,0.0,0.0
2022-02-01 00:00:00-05:00,92.5,96.0,89.0,94.0,19472,0.0,0.0
2022-02-02 00:00:00-05:00,96.0,97.5,92.5,95.5,33268,0.0,0.0
2022-02-03 00:00:00-05:00,93.0,93.5,86.5,87.5,31918,0.0,0.0
2022-02-04 00:00:00-05:00,88.0,96.5,85.25,96.5,22022,0.0,0.0
2022-02-07 00:00:00-05:00,102.5,107.0,98.5,100.5,32494,0.0,0.0
2022-02-08 00:00:00-05:00,100.0,107.0,99.0,107.0,25826,0.0,0.0
2022-02-09 00:00:00-05:00,108.5,115.5,108.5,115.5,29390,0.0,0.0
2022-02-10 00:00:00-05:00,111.0,119.0,108.0,113.0,26422,0.0,0.0
2022-02-11 00:00:00-05:00,113.0,115.0,104.0,106.5,23240,0.0,0.0
2022-02-14 00:00:00-05:00,105.0,110.5,103.4000015258789,110.0,18376,0.0,0.0
2022-02-15 00:00:00-05:00,111.5,118.0,111.25,117.0,24392,0.0,0.0
2022-02-16 00:00:00-05:00,117.0,122.5,113.0,122.0,31322,0.0,0.0
2022-02-17 00:00:00-05:00,121.0,123.5,115.75,117.5,16082,0.0,0.0
2022-02-18 00:00:00-05:00,117.5,120.0,107.0,107.0,22444,0.0,0.0
2022-02-22 00:00:00-05:00,104.5,107.0,98.5,99.5,25180,0.0,0.0
2022-02-23 00:00:00-05:00,102.0,105.25,92.5,93.5,28426,0.0,0.0
2022-02-24 00:00:00-05:00,86.0,99.5,85.0,99.5,26540,0.0,0.0
2022-02-25 00:00:00-05:00,100.5,102.5,95.75,100.0,14658,0.0,0.0
2022-02-28 00:00:00-05:00,96.5,102.25,95.25,100.0,31410,0.0,0.0
2022-03-01 00:00:00-05:00,100.0,106.0,95.0,97.0,31216,0.0,0.0
2022-03-02 00:00:00-05:00,100.0,113.5,98.5,108.5,39384,0.0,0.0
2022-03-03 00:00:00-05:00,110.0,110.0,100.25,103.5,26214,0.0,0.0
2022-03-04 00:00:00-05:00,97.0,102.0,95.0,97.5,24664,0.0,0.0
2022-03-07 00:00:00-05:00,99.5,104.0,93.5,93.5,50906,0.0,0.0
2022-03-08 00:00:00-05:00,93.5,100.5,87.0,96.5,36684,0.0,0.0
2022-03-09 00:00:00-05:00,99.0,108.0,99.0,102.0,43306,0.0,0.0
2022-03-10 00:00:00-05:00,101.0,108.0,97.5,108.0,25178,0.0,0.0
2022-03-11 00:00:00-05:00,108.5,113.0,105.5,106.0,23370,0.0,0.0
2022-03-14 00:00:00-04:00,105.0,106.25,96.75,97.5,16726,0.0,0.0
2022-03-15 00:00:00-04:00,99.5,105.0,97.5,98.5,14800,0.0,0.0
2022-03-16 00:00:00-04:00,99.5,110.75,99.5,110.5,38664,0.0,0.0
2022-03-17 00:00:00-04:00,107.0,114.5,107.0,111.5,39544,0.0,0.0
2022-03-18 00:00:00-04:00,109.5,115.25,108.75,111.5,29664,0.0,0.0
2022-03-21 00:00:00-04:00,109.0,112.0,107.0,109.0,31532,0.0,0.0
2022-03-22 00:00:00-04:00,109.0,114.5,109.0,113.0,26290,0.0,0.0
2022-03-23 00:00:00-04:00,112.5,114.5,109.0,109.5,15916,0.0,0.0
2022-03-24 00:00:00-04:00,111.0,111.0,105.5,107.5,10416,0.0,0.0
2022-03-25 00:00:00-04:00,110.0,110.0999984741211,103.5,105.5,13838,0.0,0.0
2022-03-28 00:00:00-04:00,106.0,108.5,102.0,104.5,8824,0.0,0.0
2022-03-29 00:00:00-04:00,105.0,112.5,104.75,110.0,15238,0.0,0.0
2022-03-30 00:00:00-04:00,110.0,113.5,107.5,111.0,14082,0.0,0.0
2022-03-31 00:00:00-04:00,110.0,114.5,108.0,113.5,13796,0.0,0.0
2022-04-01 00:00:00-04:00,113.0,113.0,104.25,105.5,12938,0.0,0.0
2022-04-04 00:00:00-04:00,107.0,109.0,105.0,107.5,11254,0.0,0.0
2022-04-05 00:00:00-04:00,105.0,107.0,101.75,105.0,14604,0.0,0.0
2022-04-06 00:00:00-04:00,105.0,105.5,94.5,97.0,19574,0.0,0.0
2022-04-07 00:00:00-04:00,97.0,97.5,89.5,91.0,19644,0.0,0.0
2022-04-08 00:00:00-04:00,89.5,92.5,87.25,91.5,15754,0.0,0.0
2022-04-11 00:00:00-04:00,94.5,97.25,88.75,94.0,14808,0.0,0.0
2022-04-12 00:00:00-04:00,94.5,99.5,94.0,95.5,14828,0.0,0.0
2022-04-13 00:00:00-04:00,96.5,101.0,95.0,99.0,12750,0.0,0.0
2022-04-14 00:00:00-04:00,98.0,99.25,95.0,98.0,18024,0.0,0.0
2022-04-18 00:00:00-04:00,96.0,96.5,90.0,91.5,11910,0.0,0.0
2022-04-19 00:00:00-04:00,93.0,95.0,88.5,89.5,22358,0.0,0.0
2022-04-20 00:00:00-04:00,89.5,89.5,85.5,87.0,15286,0.0,0.0
2022-04-21 00:00:00-04:00,89.0,90.75,84.5,85.0,10130,0.0,0.0
2022-04-22 00:00:00-04:00,84.0,87.0,81.5,85.5,22736,0.0,0.0
2022-04-25 00:00:00-04:00,84.0,89.5,84.0,87.0,13696,0.0,0.0
2022-04-26 00:00:00-04:00,85.5,86.5,80.5,81.5,15712,0.0,0.0
2022-04-27 00:00:00-04:00,80.5,84.5,80.5,83.5,11030,0.0,0.0
2022-04-28 00:00:00-04:00,84.0,87.5,81.0,85.0,14796,0.0,0.0
2022-04-29 00:00:00-04:00,84.0,85.5,81.5,82.0,14560,0.0,0.0
2022-05-02 00:00:00-04:00,81.5,87.5,80.55000305175781,86.5,16854,0.0,0.0
2022-05-03 00:00:00-04:00,85.0,87.0,83.5,84.5,11894,0.0,0.0
2022-05-04 00:00:00-04:00,85.0,87.0,80.0,87.0,21758,0.0,0.0
2022-05-05 00:00:00-04:00,83.5,84.75,78.0,81.5,16690,0.0,0.0
2022-05-06 00:00:00-04:00,79.5,80.25,75.5,78.0,13038,0.0,0.0
2022-05-09 00:00:00-04:00,76.0,76.0,70.25,72.5,32182,0.0,0.0
2022-05-10 00:00:00-04:00,64.5,64.5,51.0,52.5,60440,0.0,0.0
2022-05-11 00:00:00-04:00,51.5,54.5,51.0,51.5,25362,0.0,0.0
2022-05-12 00:00:00-04:00,50.0,51.5,45.5,51.0,37182,0.0,0.0
2022-05-13 00:00:00-04:00,51.0,56.5,51.0,54.5,23968,0.0,0.0
2022-05-16 00:00:00-04:00,52.0,53.5,50.0,52.0,28770,0.0,0.0
2022-05-17 00:00:00-04:00,52.0,58.0,50.5,58.0,31546,0.0,0.0
2022-05-18 00:00:00-04:00,60.5,61.0,55.5,60.0,28170,0.0,0.0
2022-05-19 00:00:00-04:00,59.5,66.0,58.5,63.5,29984,0.0,0.0
2022-05-20 00:00:00-04:00,68.0,82.0,67.0,80.5,80240,0.0,0.0
2022-05-23 00:00:00-04:00,82.5,83.5,75.75,79.0,33598,0.0,0.0
2022-05-24 00:00:00-04:00,79.0,80.4000015258789,73.5,79.0,23056,0.0,0.0
2022-05-25 00:00:00-04:00,84.0,89.0,81.0,88.5,30196,0.0,0.0
2022-05-26 00:00:00-04:00,88.5,103.0,87.75,100.5,28558,0.0,0.0
2022-05-27 00:00:00-04:00,101.0,110.0,100.25,108.0,31992,0.0,0.0
2022-05-31 00:00:00-04:00,111.0,116.5,101.5,112.0,58204,0.0,0.0
2022-06-01 00:00:00-04:00,114.5,114.5,104.75,110.5,29672,0.0,0.0
2022-06-02 00:00:00-04:00,110.0,112.0,105.0,106.0,22434,0.0,0.0
2022-06-03 00:00:00-04:00,107.5,109.0,98.5,102.0,26638,0.0,0.0
2022-06-06 00:00:00-04:00,103.5,110.25,99.0,100.0,33372,0.0,0.0
2022-06-07 00:00:00-04:00,96.5,97.0,85.75,88.0,44526,0.0,0.0
2022-06-08 00:00:00-04:00,86.0,93.5,83.0,85.5,37558,0.0,0.0
2022-06-09 00:00:00-04:00,85.0,85.0,76.5,77.5,18778,0.0,0.0
2022-06-10 00:00:00-04:00,75.0,79.8499984741211,74.5,76.0,13006,0.0,0.0
2022-06-13 00:00:00-04:00,72.0,72.5,64.5,64.5,19480,0.0,0.0
2022-06-14 00:00:00-04:00,65.5,69.0,65.0,67.5,8858,0.0,0.0
2022-06-15 00:00:00-04:00,67.0,71.5,66.0,69.0,17222,0.0,0.0
2022-06-16 00:00:00-04:00,68.0,69.0,63.5,63.5,25010,0.0,0.0
2022-06-17 00:00:00-04:00,64.0,74.5,64.0,73.0,28538,0.0,0.0
2022-06-21 00:00:00-04:00,73.0,74.5999984741211,69.0,69.0,19126,0.0,0.0
2022-06-22 00:00:00-04:00,69.5,71.0,64.5,64.5,16038,0.0,0.0
2022-06-23 00:00:00-04:00,67.0,69.5,64.75,69.0,16454,0.0,0.0
2022-06-24 00:00:00-04:00,69.5,74.0,65.25,69.5,235746,0.0,0.0
2022-06-27 00:00:00-04:00,70.0,70.5,62.5,64.5,14158,0.0,0.0
2022-06-28 00:00:00-04:00,65.5,67.0,63.5,64.0,12938,0.0,0.0
2022-06-29 00:00:00-04:00,62.5,63.25,57.0,58.5,26244,0.0,0.0
2022-06-30 00:00:00-04:00,57.5,60.0,57.5,60.0,9698,0.0,0.0
2022-07-01 00:00:00-04:00,59.5,61.5,57.5,59.5,6930,0.0,0.0
2022-07-05 00:00:00-04:00,58.5,67.5,56.0,66.5,18826,0.0,0.0
2022-07-06 00:00:00-04:00,66.0,68.5,61.5,63.5,7370,0.0,0.0
2022-07-07 00:00:00-04:00,64.5,66.5,63.25,66.0,8138,0.0,0.0
2022-07-08 00:00:00-04:00,65.0,69.5,64.0,69.0,12654,0.0,0.0
2022-07-11 00:00:00-04:00,68.0,68.0,62.0,62.5,7778,0.0,0.0
2022-07-12 00:00:00-04:00,63.0,63.5,60.5,61.0,5280,0.0,0.0
2022-07-13 00:00:00-04:00,60.0,61.099998474121094,56.0,59.5,7776,0.0,0.0
2022-07-14 00:00:00-04:00,59.0,60.5,55.0,56.0,18738,0.0,0.0
2022-07-15 00:00:00-04:00,59.0,61.0,54.5,59.0,13298,0.0,0.0
2022-07-18 00:00:00-04:00,59.5,62.349998474121094,58.5,58.5,11212,0.0,0.0
2022-07-19 00:00:00-04:00,60.5,64.0,60.5,62.0,13300,0.0,0.0
2022-07-20 00:00:00-04:00,62.5,65.5,62.0,63.5,16212,0.0,0.0
2022-07-21 00:00:00-04:00,63.5,65.0,61.5,64.0,7048,0.0,0.0
2022-07-22 00:00:00-04:00,63.0,63.75,59.0,61.5,10842,0.0,0.0
2022-07-25 00:00:00-04:00,62.0,65.5,55.5,58.0,15438,0.0,0.0
2022-07-26 00:00:00-04:00,57.5,57.5,55.0,55.0,13714,0.0,0.0
2022-07-27 00:00:00-04:00,57.0,58.0,55.0,57.5,10598,0.0,0.0
2022-07-28 00:00:00-04:00,57.5,61.25,57.0,61.0,10504,0.0,0.0
2022-07-29 00:00:00-04:00,61.5,64.0,59.5,60.0,8298,0.0,0.0
2022-08-01 00:00:00-04:00,59.5,64.25,58.5,64.0,8464,0.0,0.0
2022-08-02 00:00:00-04:00,64.0,67.5,61.5,67.5,8558,0.0,0.0
2022-08-03 00:00:00-04:00,67.5,71.0,66.5,69.5,9434,0.0,0.0
2022-08-04 00:00:00-04:00,70.0,75.0,68.0,70.0,9468,0.0,0.0
2022-08-05 00:00:00-04:00,68.0,70.0,65.25,70.0,6340,0.0,0.0
2022-08-08 00:00:00-04:00,69.5,82.5,69.5,80.5,21740,0.0,0.0
2022-08-09 00:00:00-04:00,68.0,68.44999694824219,65.0,65.5,13494,0.0,0.0
2022-08-10 00:00:00-04:00,67.5,68.5,63.5,64.5,11156,0.0,0.0
2022-08-11 00:00:00-04:00,64.5,71.75,64.5,68.5,18056,0.0,0.0
2022-08-12 00:00:00-04:00,69.5,77.0,68.5,75.5,14242,0.0,0.0
2022-08-15 00:00:00-04:00,76.5,83.0,75.0,79.0,18514,0.0,0.0
2022-08-16 00:00:00-04:00,78.0,83.0,76.75,79.0,11256,0.0,0.0
2022-08-17 00:00:00-04:00,78.0,81.25,74.5,74.5,10970,0.0,0.0
2022-08-18 00:00:00-04:00,76.5,76.5,74.0,74.5,7156,0.0,0.0
2022-08-19 00:00:00-04:00,73.5,73.5,69.0,73.0,11026,0.0,0.0
2022-08-22 00:00:00-04:00,69.0,71.5,69.0,70.5,8852,0.0,0.0
2022-08-23 00:00:00-04:00,69.5,71.5,67.0,67.5,9454,0.0,0.0
2022-08-24 00:00:00-04:00,68.0,69.5,67.25,67.5,4588,0.0,0.0
2022-08-25 00:00:00-04:00,69.0,69.5,66.5,68.5,6384,0.0,0.0
2022-08-26 00:00:00-04:00,67.0,68.75,66.0,66.5,7372,0.0,0.0
2022-08-29 00:00:00-04:00,65.5,66.5,60.75,61.0,7574,0.0,0.0
2022-08-30 00:00:00-04:00,61.5,63.5,57.5,59.0,9400,0.0,0.0
2022-08-31 00:00:00-04:00,59.0,61.75,57.5,58.0,19774,0.0,0.0
2022-09-01 00:00:00-04:00,57.5,60.349998474121094,57.0,59.0,8482,0.0,0.0
2022-09-02 00:00:00-04:00,61.0,61.0,57.0,57.0,4490,0.0,0.0
2022-09-06 00:00:00-04:00,58.5,61.5,57.0,60.5,6704,0.0,0.0
2022-09-07 00:00:00-04:00,57.5,63.0,57.5,63.0,7128,0.0,0.0
2022-09-08 00:00:00-04:00,62.0,64.0,61.0,63.0,4576,0.0,0.0
2022-09-09 00:00:00-04:00,62.5,68.5,62.0,63.5,14918,0.0,0.0
2022-09-12 00:00:00-04:00,63.5,70.5,63.5,69.0,6742,0.0,0.0
2022-09-13 00:00:00-04:00,66.5,67.5,62.0,65.0,7716,0.0,0.0
2022-09-14 00:00:00-04:00,63.0,66.25,63.0,64.5,5846,0.0,0.0
2022-09-15 00:00:00-04:00,64.0,67.75,61.5,62.5,6440,0.0,0.0
2022-09-16 00:00:00-04:00,60.5,61.5,56.0,57.5,23340,0.0,0.0
2022-09-19 00:00:00-04:00,59.0,60.5,59.0,60.0,5232,0.0,0.0
2022-09-20 00:00:00-04:00,59.5,59.5,58.0,59.0,5278,0.0,0.0
2022-09-21 00:00:00-04:00,59.5,61.75,58.04999923706055,59.5,4230,0.0,0.0
2022-09-22 00:00:00-04:00,58.5,62.25,57.5,60.5,7580,0.0,0.0
2022-09-23 00:00:00-04:00,59.0,61.0,56.0,57.0,5896,0.0,0.0
2022-09-26 00:00:00-04:00,57.0,59.5,52.5,52.5,12262,0.0,0.0
2022-09-27 00:00:00-04:00,54.0,57.5,53.5,54.0,7692,0.0,0.0
2022-09-28 00:00:00-04:00,54.5,57.0,53.0,55.5,7438,0.0,0.0
2022-09-29 00:00:00-04:00,56.5,57.0,50.0,50.5,10950,0.0,0.0
2022-09-30 00:00:00-04:00,50.5,55.0,50.0,50.5,7462,0.0,0.0
2022-10-03 00:00:00-04:00,54.0,55.0,50.5,51.0,8514,0.0,0.0
2022-10-04 00:00:00-04:00,52.0,59.5,50.5,58.0,13116,0.0,0.0
2022-10-05 00:00:00-04:00,57.5,60.0,56.5,60.0,11118,0.0,0.0
2022-10-06 00:00:00-04:00,60.5,63.45000076293945,58.5,59.0,7460,0.0,0.0
2022-10-07 00:00:00-04:00,58.5,59.0,53.0,55.0,4416,0.0,0.0
2022-10-10 00:00:00-04:00,56.0,57.0,54.5,56.5,2554,0.0,0.0
2022-10-11 00:00:00-04:00,56.5,57.0,52.0,53.0,5400,0.0,0.0
2022-10-12 00:00:00-04:00,53.5,55.0,52.849998474121094,53.5,4670,0.0,0.0
2022-10-13 00:00:00-04:00,51.5,59.0,50.5,56.5,9728,0.0,0.0
2022-10-14 00:00:00-04:00,57.0,59.0,53.5,58.0,6670,0.0,0.0
2022-10-17 00:00:00-04:00,60.5,61.5,58.5,60.0,5920,0.0,0.0
2022-10-18 00:00:00-04:00,62.5,62.75,57.0,57.5,9122,0.0,0.0
2022-10-19 00:00:00-04:00,58.0,58.0,53.0,53.5,9232,0.0,0.0
2022-10-20 00:00:00-04:00,55.0,59.0,52.0,53.5,8740,0.0,0.0
2022-10-21 00:00:00-04:00,54.5,54.5,50.0,51.0,29044,0.0,0.0
2022-10-24 00:00:00-04:00,50.5,51.25,45.5,46.400001525878906,21936,0.0,0.0
2022-10-25 00:00:00-04:00,47.5,51.0,45.5,50.5,16360,0.0,0.0
2022-10-26 00:00:00-04:00,50.5,51.5,49.29999923706055,49.54999923706055,9854,0.0,0.0
2022-10-27 00:00:00-04:00,50.0,54.0,49.75,50.5,8280,0.0,0.0
2022-10-28 00:00:00-04:00,49.5,51.0,48.0,49.20000076293945,8166,0.0,0.0
2022-10-31 00:00:00-04:00,48.75,51.5,47.54999923706055,50.5,12236,0.0,0.0
2022-11-01 00:00:00-04:00,51.5,52.5,48.349998474121094,49.650001525878906,11540,0.0,0.0
2022-11-02 00:00:00-04:00,48.5,51.0,45.0,46.849998474121094,18092,0.0,0.0
2022-11-03 00:00:00-04:00,46.849998474121094,47.0,44.75,45.849998474121094,7502,0.0,0.0
2022-11-04 00:00:00-04:00,45.75,46.5,44.5,45.5,7118,0.0,0.0
2022-11-07 00:00:00-05:00,44.5,45.5,44.5,44.900001525878906,7542,0.0,0.0
2022-11-08 00:00:00-05:00,45.0,47.0,43.5,46.04999923706055,9452,0.0,0.0
2022-11-09 00:00:00-05:00,46.0,46.0,42.5,43.25,10734,0.0,0.0
2022-11-10 00:00:00-05:00,44.900001525878906,48.650001525878906,42.79999923706055,46.0,19942,0.0,0.0
2022-11-11 00:00:00-05:00,46.5,46.5,43.400001525878906,44.400001525878906,10628,0.0,0.0
2022-11-14 00:00:00-05:00,44.400001525878906,45.849998474121094,43.54999923706055,44.70000076293945,7334,0.0,0.0
2022-11-15 00:00:00-05:00,46.5,46.5,43.0,44.650001525878906,11568,0.0,0.0
2022-11-16 00:00:00-05:00,43.0,45.75,42.70000076293945,43.0,6084,0.0,0.0
2022-11-17 00:00:00-05:00,43.0,44.0,41.25,41.70000076293945,5952,0.0,0.0
2022-11-18 00:00:00-05:00,44.95000076293945,44.95000076293945,39.849998474121094,40.0,5964,0.0,0.0
2022-11-21 00:00:00-05:00,40.0,41.95000076293945,38.54999923706055,39.5,8374,0.0,0.0
2022-11-22 00:00:00-05:00,40.0,40.95000076293945,37.20000076293945,38.900001525878906,6400,0.0,0.0
2022-11-23 00:00:00-05:00,39.400001525878906,41.25,35.150001525878906,38.0,5658,0.0,0.0
2022-11-25 00:00:00-05:00,39.900001525878906,40.0,38.20000076293945,38.54999923706055,2512,0.0,0.0
2022-11-28 00:00:00-05:00,38.5,40.5,34.5,35.0,19920,0.0,0.0
2022-11-29 00:00:00-05:00,35.75,36.0,34.650001525878906,35.0,8452,0.0,0.0
2022-11-30 00:00:00-05:00,35.0,36.5,34.5,35.0,23748,0.0,0.0
2022-12-01 00:00:00-05:00,35.70000076293945,36.5,34.650001525878906,35.0,23252,0.0,0.0
2022-12-02 00:00:00-05:00,35.099998474121094,36.0,34.150001525878906,35.0,29824,0.0,0.0
2022-12-05 00:00:00-05:00,35.70000076293945,36.5,34.5,35.54999923706055,14568,0.0,0.0
2022-12-06 00:00:00-05:00,35.79999923706055,43.25,34.75,39.95000076293945,19818,0.0,0.0
2022-12-07 00:00:00-05:00,38.54999923706055,40.400001525878906,37.5,38.20000076293945,4258,0.0,0.0
2022-12-08 00:00:00-05:00,38.0,41.349998474121094,38.0,39.54999923706055,5136,0.0,0.0
2022-12-09 00:00:00-05:00,37.5,42.0,37.5,41.0,6752,0.0,0.0
2022-12-12 00:00:00-05:00,41.0,41.5,37.150001525878906,38.900001525878906,9404,0.0,0.0
2022-12-13 00:00:00-05:00,40.5,42.5,39.0,39.95000076293945,5302,0.0,0.0
2022-12-14 00:00:00-05:00,40.0,40.79999923706055,38.0,39.0,8710,0.0,0.0
2022-12-15 00:00:00-05:00,38.04999923706055,39.5,38.0,38.25,4534,0.0,0.0
2022-12-16 00:00:00-05:00,37.650001525878906,39.0,36.5,37.5,21022,0.0,0.0
2022-12-19 00:00:00-05:00,37.5,37.5,33.75,34.25,7728,0.0,0.0
2022-12-20 00:00:00-05:00,33.349998474121094,34.5,32.0,32.70000076293945,8294,0.0,0.0
2022-12-21 00:00:00-05:00,35.5,35.5,30.0,30.049999237060547,10984,0.0,0.0
2022-12-22 00:00:00-05:00,29.450000762939453,30.899999618530273,28.0,28.649999618530273,8542,0.0,0.0
2022-12-23 00:00:00-05:00,28.5,29.799999237060547,26.700000762939453,27.299999237060547,11304,0.0,0.0
2022-12-27 00:00:00-05:00,26.149999618530273,28.149999618530273,25.0,25.700000762939453,14520,0.0,0.0
2022-12-28 00:00:00-05:00,25.0,27.399999618530273,25.0,26.700000762939453,12424,0.0,0.0
2022-12-29 00:00:00-05:00,26.600000381469727,27.0,25.5,26.200000762939453,12410,0.0,0.0
2022-12-30 00:00:00-05:00,25.0,26.850000381469727,25.0,26.299999237060547,8460,0.0,0.0
2023-01-03 00:00:00-05:00,27.149999618530273,29.0,26.149999618530273,26.299999237060547,7392,0.0,0.0
2023-01-04 00:00:00-05:00,28.700000762939453,28.700000762939453,26.5,26.950000762939453,3686,0.0,0.0
2023-01-05 00:00:00-05:00,28.0,28.0,25.5,25.5,6196,0.0,0.0
2023-01-06 00:00:00-05:00,26.299999237060547,27.549999237060547,25.0,26.100000381469727,5064,0.0,0.0
2023-01-09 00:00:00-05:00,26.600000381469727,29.0,26.600000381469727,27.399999618530273,6930,0.0,0.0
2023-01-10 00:00:00-05:00,28.350000381469727,35.650001525878906,27.0,34.29999923706055,15178,0.0,0.0
2023-01-11 00:00:00-05:00,35.650001525878906,37.349998474121094,32.5,33.29999923706055,11022,0.0,0.0
2023-01-12 00:00:00-05:00,33.900001525878906,36.5,32.650001525878906,36.150001525878906,7290,0.0,0.0
2023-01-13 00:00:00-05:00,36.0,36.0,33.5,34.400001525878906,5106,0.0,0.0
2023-01-17 00:00:00-05:00,33.849998474121094,35.04999923706055,32.5,33.400001525878906,6402,0.0,0.0
2023-01-18 00:00:00-05:00,33.0,35.0,31.5,31.950000762939453,6786,0.0,0.0
2023-01-19 00:00:00-05:00,32.0,32.0,28.600000381469727,29.0,4976,0.0,0.0
2023-01-20 00:00:00-05:00,31.0,31.0,29.100000381469727,30.399999618530273,6634,0.0,0.0
2023-01-23 00:00:00-05:00,30.350000381469727,31.5,28.0,28.399999618530273,12838,0.0,0.0
2023-01-24 00:00:00-05:00,30.0,30.0,27.75,28.75,8228,0.0,0.0
2023-01-25 00:00:00-05:00,28.100000381469727,30.899999618530273,28.100000381469727,30.5,5988,0.0,0.0
2023-01-26 00:00:00-05:00,32.0,32.400001525878906,30.0,31.549999237060547,5386,0.0,0.0
2023-01-27 00:00:00-05:00,30.600000381469727,31.799999237060547,30.200000762939453,31.149999618530273,3634,0.0,0.0
2023-01-30 00:00:00-05:00,31.799999237060547,31.799999237060547,30.0,30.350000381469727,5152,0.0,0.0
2023-01-31 00:00:00-05:00,30.200000762939453,31.5,30.049999237060547,31.049999237060547,5510,0.0,0.0
2023-02-01 00:00:00-05:00,31.5,34.900001525878906,30.5,33.099998474121094,12798,0.0,0.0
2023-02-02 00:00:00-05:00,32.0,37.29999923706055,32.0,34.54999923706055,18874,0.0,0.0
2023-02-03 00:00:00-05:00,35.0,36.54999923706055,34.099998474121094,34.099998474121094,8562,0.0,0.0
2023-02-06 00:00:00-05:00,33.5,35.79999923706055,32.5,32.54999923706055,4558,0.0,0.0
2023-02-07 00:00:00-05:00,32.5,33.0,29.5,30.049999237060547,11906,0.0,0.0
2023-02-08 00:00:00-05:00,31.450000762939453,31.5,29.5,30.0,9628,0.0,0.0
2023-02-09 00:00:00-05:00,30.0,31.0,27.899999618530273,27.950000762939453,13320,0.0,0.0
2023-02-10 00:00:00-05:00,28.0,30.5,27.649999618530273,29.549999237060547,13764,0.0,0.0
2023-02-13 00:00:00-05:00,28.950000762939453,31.350000381469727,28.950000762939453,30.899999618530273,7210,0.0,0.0
2023-02-14 00:00:00-05:00,30.75,32.04999923706055,30.0,31.799999237060547,5476,0.0,0.0
2023-02-15 00:00:00-05:00,29.5,34.900001525878906,29.5,33.79999923706055,10116,0.0,0.0
2023-02-16 00:00:00-05:00,32.79999923706055,36.0,32.5,34.599998474121094,9256,0.0,0.0
2023-02-17 00:00:00-05:00,35.5,35.5,33.04999923706055,34.54999923706055,5554,0.0,0.0
2023-02-21 00:00:00-05:00,32.95000076293945,34.0,31.049999237060547,31.049999237060547,7014,0.0,0.0
2023-02-22 00:00:00-05:00,32.5,33.5,31.0,32.5,6722,0.0,0.0
2023-02-23 00:00:00-05:00,32.5,34.0,31.799999237060547,33.04999923706055,5290,0.0,0.0
2023-02-24 00:00:00-05:00,32.5,33.5,31.399999618530273,32.0,6612,0.0,0.0
2023-02-27 00:00:00-05:00,33.150001525878906,35.0,32.54999923706055,34.900001525878906,8898,0.0,0.0
2023-02-28 00:00:00-05:00,36.45000076293945,36.45000076293945,32.29999923706055,32.29999923706055,46164,0.0,0.0
2023-03-01 00:00:00-05:00,33.5,34.150001525878906,31.299999237060547,32.349998474121094,10684,0.0,0.0
2023-03-02 00:00:00-05:00,32.099998474121094,35.0,32.099998474121094,34.599998474121094,6134,0.0,0.0
2023-03-03 00:00:00-05:00,35.0,36.20000076293945,34.5,35.20000076293945,7112,0.0,0.0
2023-03-06 00:00:00-05:00,36.0,38.5,34.349998474121094,38.0,9238,0.0,0.0
2023-03-07 00:00:00-05:00,38.04999923706055,42.29999923706055,36.900001525878906,41.54999923706055,14046,0.0,0.0
2023-03-08 00:00:00-05:00,42.5,42.5,41.0,41.0,10122,0.0,0.0
2023-03-09 00:00:00-05:00,42.0,44.5,41.04999923706055,42.5,12108,0.0,0.0
2023-03-10 00:00:00-05:00,42.5,43.5,35.150001525878906,36.5,10712,0.0,0.0
2023-03-13 00:00:00-04:00,35.75,36.25,34.099998474121094,35.5,5188,0.0,0.0
2023-03-14 00:00:00-04:00,38.0,38.0,35.0,35.150001525878906,10610,0.0,0.0
2023-03-15 00:00:00-04:00,29.700000762939453,32.5,29.0,29.0,13448,0.0,0.0
2023-03-16 00:00:00-04:00,29.5,29.5,28.5,28.549999237060547,8098,0.0,0.0
2023-03-17 00:00:00-04:00,28.399999618530273,30.0,25.0,25.100000381469727,16942,0.0,0.0
2023-03-20 00:00:00-04:00,25.600000381469727,27.149999618530273,25.0,25.25,10426,0.0,0.0
2023-03-21 00:00:00-04:00,25.5,27.350000381469727,24.549999237060547,26.100000381469727,9792,0.0,0.0
2023-03-22 00:00:00-04:00,26.0,26.450000762939453,23.549999237060547,23.950000762939453,9086,0.0,0.0
2023-03-23 00:00:00-04:00,25.5,26.25,23.5,23.850000381469727,5262,0.0,0.0
2023-03-24 00:00:00-04:00,23.899999618530273,25.899999618530273,21.0,23.350000381469727,19382,0.0,0.0
2023-03-27 00:00:00-04:00,23.350000381469727,25.5,23.25,24.799999237060547,6474,0.0,0.0
2023-03-28 00:00:00-04:00,26.5,26.5,24.100000381469727,24.399999618530273,1990,0.0,0.0
2023-03-29 00:00:00-04:00,24.450000762939453,25.25,24.0,24.049999237060547,3628,0.0,0.0
2023-03-30 00:00:00-04:00,24.5,25.450000762939453,23.75,24.600000381469727,8210,0.0,0.0
2023-03-31 00:00:00-04:00,24.5,27.399999618530273,23.5,24.100000381469727,8764,0.0,0.0
2023-04-03 00:00:00-04:00,24.399999618530273,25.950000762939453,22.549999237060547,23.399999618530273,7286,0.0,0.0
2023-04-04 00:00:00-04:00,23.25,26.5,23.0,26.5,5472,0.0,0.0
2023-04-05 00:00:00-04:00,25.700000762939453,26.350000381469727,24.149999618530273,24.75,4228,0.0,0.0
2023-04-06 00:00:00-04:00,25.0,26.649999618530273,23.75,26.0,3222,0.0,0.0
2023-04-10 00:00:00-04:00,26.0,26.0,23.0,23.450000762939453,6688,0.0,0.0
2023-04-11 00:00:00-04:00,23.549999237060547,24.799999237060547,22.75,24.0,7788,0.0,0.0
2023-04-12 00:00:00-04:00,23.549999237060547,24.75,22.25,22.299999237060547,7176,0.0,0.0
2023-04-13 00:00:00-04:00,22.299999237060547,23.549999237060547,22.0,22.549999237060547,5706,0.0,0.0
2023-04-14 00:00:00-04:00,22.899999618530273,25.0,22.299999237060547,22.600000381469727,9146,0.0,0.0
2023-04-17 00:00:00-04:00,22.5,24.450000762939453,22.5,23.450000762939453,13340,0.0,0.0
2023-04-18 00:00:00-04:00,23.649999618530273,24.5,22.5,23.700000762939453,10054,0.0,0.0
2023-04-19 00:00:00-04:00,23.799999237060547,24.5,22.600000381469727,23.399999618530273,3290,0.0,0.0
2023-04-20 00:00:00-04:00,23.649999618530273,23.850000381469727,22.399999618530273,22.700000762939453,6352,0.0,0.0
2023-04-21 00:00:00-04:00,22.200000762939453,23.350000381469727,21.149999618530273,21.600000381469727,14130,0.0,0.0
2023-04-24 00:00:00-04:00,22.5,23.399999618530273,21.899999618530273,23.0,5082,0.0,0.0
2023-04-25 00:00:00-04:00,23.5,25.049999237060547,22.5,23.950000762939453,7298,0.0,0.0
2023-04-26 00:00:00-04:00,24.5,25.5,22.350000381469727,22.649999618530273,5512,0.0,0.0
2023-04-27 00:00:00-04:00,23.200000762939453,24.5,22.049999237060547,22.799999237060547,6028,0.0,0.0
2023-04-28 00:00:00-04:00,23.0,24.0,22.450000762939453,23.350000381469727,5946,0.0,0.0
2023-05-01 00:00:00-04:00,23.5,24.049999237060547,22.5,22.899999618530273,2562,0.0,0.0
2023-05-02 00:00:00-04:00,22.700000762939453,23.75,22.149999618530273,22.600000381469727,4582,0.0,0.0
2023-05-03 00:00:00-04:00,22.899999618530273,23.399999618530273,22.25,22.75,3554,0.0,0.0
2023-05-04 00:00:00-04:00,22.5,24.5,21.549999237060547,24.5,9658,0.0,0.0
2023-05-05 00:00:00-04:00,23.75,23.75,21.5,22.5,9312,0.0,0.0
2023-05-08 00:00:00-04:00,21.950000762939453,24.5,21.950000762939453,24.0,7430,0.0,0.0
2023-05-09 00:00:00-04:00,24.0,24.0,22.0,23.5,4712,0.0,0.0
2023-05-10 00:00:00-04:00,23.950000762939453,23.950000762939453,22.299999237060547,23.5,6964,0.0,0.0
2023-05-11 00:00:00-04:00,23.25,24.0,22.5,22.600000381469727,6160,0.0,0.0
2023-05-12 00:00:00-04:00,22.5,23.950000762939453,22.25,22.600000381469727,5956,0.0,0.0
2023-05-15 00:00:00-04:00,22.399999618530273,23.0,22.200000762939453,22.950000762939453,3512,0.0,0.0
2023-05-16 00:00:00-04:00,22.549999237060547,22.950000762939453,22.100000381469727,22.5,6606,0.0,0.0
2023-05-17 00:00:00-04:00,22.5,23.0,20.850000381469727,22.549999237060547,11098,0.0,0.0
2023-05-18 00:00:00-04:00,22.600000381469727,22.899999618530273,22.200000762939453,22.649999618530273,5676,0.0,0.0
2023-05-19 00:00:00-04:00,23.149999618530273,23.149999618530273,22.049999237060547,22.799999237060547,7540,0.0,0.0
2023-05-22 00:00:00-04:00,22.5,23.350000381469727,22.299999237060547,22.649999618530273,7188,0.0,0.0
2023-05-23 00:00:00-04:00,21.600000381469727,23.0,21.5,21.700000762939453,9166,0.0,0.0
2023-05-24 00:00:00-04:00,21.899999618530273,22.850000381469727,21.0,22.149999618530273,7246,0.0,0.0
2023-05-25 00:00:00-04:00,22.950000762939453,22.950000762939453,21.100000381469727,21.5,7678,0.0,0.0
2023-05-26 00:00:00-04:00,20.549999237060547,22.5,20.5,22.0,8216,0.0,0.0
2023-05-30 00:00:00-04:00,22.25,22.799999237060547,22.0,22.399999618530273,5740,0.0,0.0
2023-05-31 00:00:00-04:00,22.649999618530273,24.5,22.299999237060547,24.299999237060547,14982,0.0,0.0
2023-06-01 00:00:00-04:00,24.0,24.25,22.5,22.5,7926,0.0,0.0
2023-06-02 00:00:00-04:00,23.399999618530273,24.399999618530273,23.399999618530273,24.0,7746,0.0,0.0
2023-06-05 00:00:00-04:00,23.350000381469727,24.100000381469727,23.350000381469727,23.600000381469727,6794,0.0,0.0
2023-06-06 00:00:00-04:00,23.200000762939453,24.5,21.799999237060547,21.799999237060547,14910,0.0,0.0
2023-06-07 00:00:00-04:00,21.5,23.049999237060547,21.100000381469727,22.0,18220,0.0,0.0
2023-06-08 00:00:00-04:00,22.5,23.75,22.0,22.850000381469727,13902,0.0,0.0
2023-06-09 00:00:00-04:00,22.700000762939453,23.600000381469727,22.5,23.149999618530273,5608,0.0,0.0
2023-06-12 00:00:00-04:00,22.5,23.5,20.950000762939453,23.299999237060547,14022,0.0,0.0
2023-06-13 00:00:00-04:00,22.450000762939453,24.450000762939453,22.100000381469727,23.75,11090,0.0,0.0
2023-06-14 00:00:00-04:00,23.0,24.5,22.600000381469727,22.649999618530273,11322,0.0,0.0
2023-06-15 00:00:00-04:00,22.899999618530273,23.5,21.649999618530273,22.0,16480,0.0,0.0
2023-06-16 00:00:00-04:00,22.25,27.75,22.0,26.350000381469727,78344,0.0,0.0
2023-06-20 00:00:00-04:00,25.299999237060547,26.0,23.25,23.5,22844,0.0,0.0
2023-06-21 00:00:00-04:00,23.200000762939453,26.0,23.0,25.25,18620,0.0,0.0
2023-06-22 00:00:00-04:00,25.299999237060547,28.5,24.0,25.899999618530273,30632,0.0,0.0
2023-06-23 00:00:00-04:00,26.0,27.0,22.700000762939453,22.799999237060547,229254,0.0,0.0
2023-06-26 00:00:00-04:00,22.799999237060547,23.0,21.649999618530273,21.649999618530273,18470,0.0,0.0
2023-06-27 00:00:00-04:00,21.649999618530273,22.299999237060547,20.75,20.899999618530273,23282,0.0,0.0
2023-06-28 00:00:00-04:00,21.399999618530273,21.399999618530273,20.25,20.25,19054,0.0,0.0
2023-06-29 00:00:00-04:00,20.700000762939453,22.5,20.25,20.5,14646,0.0,0.0
2023-06-30 00:00:00-04:00,20.5,22.0,20.299999237060547,20.950000762939453,9192,0.0,0.0
2023-07-03 00:00:00-04:00,20.5,21.75,20.25,21.0,13202,0.0,0.0
2023-07-05 00:00:00-04:00,21.600000381469727,21.75,20.549999237060547,20.950000762939453,10888,0.0,0.0
2023-07-06 00:00:00-04:00,21.149999618530273,21.450000762939453,16.0,16.0,27470,0.0,0.0
2023-07-07 00:00:00-04:00,18.0,21.0,16.850000381469727,20.75,33894,0.0,0.0
2023-07-10 00:00:00-04:00,20.75,21.5,19.049999237060547,20.25,14812,0.0,0.0
2023-07-11 00:00:00-04:00,19.950000762939453,20.799999237060547,19.399999618530273,20.25,9618,0.0,0.0
2023-07-12 00:00:00-04:00,20.399999618530273,21.0,19.549999237060547,20.5,6254,0.0,0.0
2023-07-13 00:00:00-04:00,19.700000762939453,23.0,19.700000762939453,20.799999237060547,16484,0.0,0.0
2023-07-14 00:00:00-04:00,21.5,22.5,21.0,21.0,8452,0.0,0.0
2023-07-17 00:00:00-04:00,23.0,23.0,20.25,21.950000762939453,7614,0.0,0.0
2023-07-18 00:00:00-04:00,21.5,24.5,21.5,23.5,15046,0.0,0.0
2023-07-19 00:00:00-04:00,23.0,24.5,22.799999237060547,23.350000381469727,6274,0.0,0.0
2023-07-20 00:00:00-04:00,23.5,24.0,22.049999237060547,22.700000762939453,10234,0.0,0.0
2023-07-21 00:00:00-04:00,22.0,25.950000762939453,22.0,24.5,16752,0.0,0.0
2023-07-24 00:00:00-04:00,25.5,25.5,23.100000381469727,23.700000762939453,7448,0.0,0.0
2023-07-25 00:00:00-04:00,23.299999237060547,24.850000381469727,22.299999237060547,22.75,7716,0.0,0.0
2023-07-26 00:00:00-04:00,22.5,24.25,22.5,24.0,2286,0.0,0.0
2023-07-27 00:00:00-04:00,22.899999618530273,24.5,22.600000381469727,23.0,3206,0.0,0.0
2023-07-28 00:00:00-04:00,22.75,23.600000381469727,22.75,23.5,2548,0.0,0.0
2023-07-31 00:00:00-04:00,23.700000762939453,24.75,23.0,23.0,6664,0.0,0.0
2023-08-01 00:00:00-04:00,23.25,24.75,23.25,24.0,5130,0.0,0.0
2023-08-02 00:00:00-04:00,24.0,24.700000762939453,23.5,24.0,4908,0.0,0.0
2023-08-03 00:00:00-04:00,24.75,24.75,23.600000381469727,23.700000762939453,1860,0.0,0.0
2023-08-04 00:00:00-04:00,24.149999618530273,24.149999618530273,23.0,23.549999237060547,5096,0.0,0.0
2023-08-07 00:00:00-04:00,23.549999237060547,24.399999618530273,23.100000381469727,24.0,4452,0.0,0.0
2023-08-08 00:00:00-04:00,23.25,27.5,23.25,25.5,12164,0.0,0.0
2023-08-09 00:00:00-04:00,24.75,24.75,20.5,21.0,22808,0.0,0.0
2023-08-10 00:00:00-04:00,20.75,21.600000381469727,18.5,19.799999237060547,10142,0.0,0.0
2023-08-11 00:00:00-04:00,20.25,20.25,18.5,19.200000762939453,4778,0.0,0.0
2023-08-14 00:00:00-04:00,20.100000381469727,20.700000762939453,17.950000762939453,18.549999237060547,6852,0.0,0.0
2023-08-15 00:00:00-04:00,18.850000381469727,19.950000762939453,18.0,18.450000762939453,5754,0.0,0.0
2023-08-16 00:00:00-04:00,18.850000381469727,18.850000381469727,17.5,17.649999618530273,5642,0.0,0.0
2023-08-17 00:00:00-04:00,18.0,18.049999237060547,17.049999237060547,17.350000381469727,5806,0.0,0.0
2023-08-18 00:00:00-04:00,18.0,18.5,17.5,18.25,5000,0.0,0.0
2023-08-21 00:00:00-04:00,18.850000381469727,19.75,16.75,17.899999618530273,8156,0.0,0.0
2023-08-22 00:00:00-04:00,16.549999237060547,18.899999618530273,16.5,17.850000381469727,6388,0.0,0.0
2023-08-23 00:00:00-04:00,17.600000381469727,26.049999237060547,17.149999618530273,21.5,43460,0.0,0.0
2023-08-24 00:00:00-04:00,21.0,22.25,19.549999237060547,19.600000381469727,10438,0.0,0.0
2023-08-25 00:00:00-04:00,19.049999237060547,23.149999618530273,19.049999237060547,22.399999618530273,10954,0.0,0.0
2023-08-28 00:00:00-04:00,21.75,22.399999618530273,20.600000381469727,20.899999618530273,2356,0.0,0.0
2023-08-29 00:00:00-04:00,20.5,21.350000381469727,19.950000762939453,21.100000381469727,2044,0.0,0.0
2023-08-30 00:00:00-04:00,20.799999237060547,22.200000762939453,20.549999237060547,20.75,2010,0.0,0.0
2023-08-31 00:00:00-04:00,20.5,22.0,20.25,20.450000762939453,3002,0.0,0.0
2023-09-01 00:00:00-04:00,20.5,23.25,20.5,22.0,6010,0.0,0.0
2023-09-05 00:00:00-04:00,21.049999237060547,23.0,21.049999237060547,22.600000381469727,2764,0.0,0.0
2023-09-06 00:00:00-04:00,21.899999618530273,22.5,19.049999237060547,19.600000381469727,11024,0.0,0.0
2023-09-07 00:00:00-04:00,19.5,19.950000762939453,19.5,19.5,2492,0.0,0.0
2023-09-08 00:00:00-04:00,19.149999618530273,19.850000381469727,19.149999618530273,19.5,1202,0.0,0.0
2023-09-11 00:00:00-04:00,20.0,20.0,19.0,19.0,5192,0.0,0.0
2023-09-12 00:00:00-04:00,19.299999237060547,19.299999237060547,17.799999237060547,17.799999237060547,4806,0.0,0.0
2023-09-13 00:00:00-04:00,17.75,18.350000381469727,17.0,17.0,8608,0.0,0.0
2023-09-14 00:00:00-04:00,17.0,18.5,17.0,17.350000381469727,3354,0.0,0.0
2023-09-15 00:00:00-04:00,17.0,19.0,16.75,16.75,7608,0.0,0.0
2023-09-18 00:00:00-04:00,17.25,19.0,16.75,17.0,12484,0.0,0.0
2023-09-19 00:00:00-04:00,17.0,18.200000762939453,17.0,17.549999237060547,6566,0.0,0.0
2023-09-20 00:00:00-04:00,16.100000381469727,17.899999618530273,16.100000381469727,17.149999618530273,5780,0.0,0.0
2023-09-21 00:00:00-04:00,16.649999618530273,17.950000762939453,16.600000381469727,16.600000381469727,2720,0.0,0.0
2023-09-22 00:00:00-04:00,16.5,17.0,15.199999809265137,16.149999618530273,7862,0.0,0.0
2023-09-25 00:00:00-04:00,15.649999618530273,16.399999618530273,15.5,15.649999618530273,4274,0.0,0.0
2023-09-26 00:00:00-04:00,15.5,16.5,15.0,15.0,4434,0.0,0.0
2023-09-27 00:00:00-04:00,15.0,15.699999809265137,14.0,14.0,9668,0.0,0.0
2023-09-28 00:00:00-04:00,15.199999809265137,15.199999809265137,14.0,14.050000190734863,4752,0.0,0.0
2023-09-29 00:00:00-04:00,14.550000190734863,15.199999809265137,14.0,14.75,10450,0.0,0.0
2023-10-02 00:00:00-04:00,20.0,20.0,15.5,16.149999618530273,10426,0.0,0.0
2023-10-03 00:00:00-04:00,15.649999618530273,15.75,14.399999618530273,15.350000381469727,4218,0.0,0.0
2023-10-04 00:00:00-04:00,15.600000381469727,18.0,15.5,17.5,14036,0.0,0.0
2023-10-05 00:00:00-04:00,18.25,18.25,16.75,17.0,4476,0.0,0.0
2023-10-06 00:00:00-04:00,18.149999618530273,19.450000762939453,18.0,18.350000381469727,8712,0.0,0.0
2023-10-09 00:00:00-04:00,18.899999618530273,18.899999618530273,17.649999618530273,18.25,1392,0.0,0.0
2023-10-10 00:00:00-04:00,18.25,18.799999237060547,16.5,17.0,5288,0.0,0.0
2023-10-11 00:00:00-04:00,17.049999237060547,17.700000762939453,16.5,16.5,3670,0.0,0.0
2023-10-12 00:00:00-04:00,16.049999237060547,16.299999237060547,14.550000190734863,15.0,6428,0.0,0.0
2023-10-13 00:00:00-04:00,14.550000190734863,15.199999809265137,14.550000190734863,15.0,4516,0.0,0.0
2023-10-16 00:00:00-04:00,15.0,16.25,15.0,15.25,3788,0.0,0.0
2023-10-17 00:00:00-04:00,15.0,15.649999618530273,14.5,14.5,13018,0.0,0.0
2023-10-18 00:00:00-04:00,14.5,15.100000381469727,14.149999618530273,14.699999809265137,5082,0.0,0.0
2023-10-19 00:00:00-04:00,14.25,14.699999809265137,13.5,13.550000190734863,4310,0.0,0.0
2023-10-20 00:00:00-04:00,14.699999809265137,14.699999809265137,11.800000190734863,12.199999809265137,13118,0.0,0.0
2023-10-23 00:00:00-04:00,12.0,12.0,11.100000381469727,11.75,9292,0.0,0.0
2023-10-24 00:00:00-04:00,12.0,12.100000381469727,10.600000381469727,10.800000190734863,9074,0.0,0.0
2023-10-25 00:00:00-04:00,11.0,11.199999809265137,10.100000381469727,10.699999809265137,5016,0.0,0.0
2023-10-26 00:00:00-04:00,10.350000381469727,10.949999809265137,10.0,10.100000381469727,12670,0.0,0.0
2023-10-27 00:00:00-04:00,10.75,10.75,9.5,9.75,8002,0.0,0.0
2023-10-30 00:00:00-04:00,8.800000190734863,10.0,8.800000190734863,9.800000190734863,5814,0.0,0.0
2023-10-31 00:00:00-04:00,10.75,11.0,10.0,10.399999618530273,2520,0.0,0.0
2023-11-01 00:00:00-04:00,10.0,10.75,9.25,9.25,6384,0.0,0.0
2023-11-02 00:00:00-04:00,9.25,9.75,9.050000190734863,9.600000381469727,3840,0.0,0.0
2023-11-03 00:00:00-04:00,9.149999618530273,11.25,9.149999618530273,10.25,5674,0.0,0.0
2023-11-06 00:00:00-05:00,10.899999618530273,11.300000190734863,10.5,10.5,6304,0.0,0.0
2023-11-07 00:00:00-05:00,10.600000381469727,11.699999809265137,9.050000190734863,9.050000190734863,16016,0.0,0.0
2023-11-08 00:00:00-05:00,9.050000190734863,10.050000190734863,8.5,8.5,16228,0.0,0.0
2023-11-09 00:00:00-05:00,8.75,9.149999618530273,7.800000190734863,7.849999904632568,15930,0.0,0.0
2023-11-10 00:00:00-05:00,7.800000190734863,8.5,7.650000095367432,8.149999618530273,9854,0.0,0.0
2023-11-13 00:00:00-05:00,8.0,8.0,7.300000190734863,7.5,15648,0.0,0.0
2023-11-14 00:00:00-05:00,7.800000190734863,8.5,7.5,7.650000095367432,13244,0.0,0.0
2023-11-15 00:00:00-05:00,7.900000095367432,8.25,7.25,7.25,16690,0.0,0.0
2023-11-16 00:00:00-05:00,7.699999809265137,8.449999809265137,6.5,8.0,51286,0.0,0.0
2023-11-17 00:00:00-05:00,8.5,8.899999618530273,7.5,7.75,24946,0.0,0.0
2023-11-20 00:00:00-05:00,8.0,8.199999809265137,6.949999809265137,7.349999904632568,16930,0.0,0.0
2023-11-21 00:00:00-05:00,7.5,7.650000095367432,7.0,7.5,15912,0.0,0.0
2023-11-22 00:00:00-05:00,6.309999942779541,10.739999771118164,6.309999942779541,8.300000190734863,489500,0.0,0.02
2023-11-24 00:00:00-05:00,8.25,8.850000381469727,7.960000038146973,8.079999923706055,43500,0.0,0.0
2023-11-27 00:00:00-05:00,8.079999923706055,12.404000282287598,8.079999923706055,9.260000228881836,351900,0.0,0.0
2023-11-28 00:00:00-05:00,9.020000457763672,9.494999885559082,8.699999809265137,9.0,51800,0.0,0.0
2023-11-29 00:00:00-05:00,9.319999694824219,9.39799976348877,8.710000038146973,8.789999961853027,31000,0.0,0.0
2023-11-30 00:00:00-05:00,8.670000076293945,8.829999923706055,7.710000038146973,7.739999771118164,21000,0.0,0.0
2023-12-01 00:00:00-05:00,7.699999809265137,7.980000019073486,6.760000228881836,7.420000076293945,74500,0.0,0.0
2023-12-04 00:00:00-05:00,7.170000076293945,11.029999732971191,7.099999904632568,10.010000228881836,139200,0.0,0.0
2023-12-05 00:00:00-05:00,10.109999656677246,10.427000045776367,9.3100004196167,9.399999618530273,18300,0.0,0.0
2023-12-06 00:00:00-05:00,9.300000190734863,11.149999618530273,9.300000190734863,11.0,44100,0.0,0.0
2023-12-07 00:00:00-05:00,11.029999732971191,11.989999771118164,11.020000457763672,11.989999771118164,17400,0.0,0.0
2023-12-08 00:00:00-05:00,11.970000267028809,11.970000267028809,11.180000305175781,11.239999771118164,17300,0.0,0.0
2023-12-11 00:00:00-05:00,10.579999923706055,10.579999923706055,9.829999923706055,10.109999656677246,29600,0.0,0.0
2023-12-12 00:00:00-05:00,9.859999656677246,10.020000457763672,9.40999984741211,9.8100004196167,38300,0.0,0.0
2023-12-13 00:00:00-05:00,9.829999923706055,9.829999923706055,9.295000076293945,9.510000228881836,21400,0.0,0.0
2023-12-14 00:00:00-05:00,9.350000381469727,9.6899995803833,8.510000228881836,9.329999923706055,64800,0.0,0.0
2023-12-15 00:00:00-05:00,9.109999656677246,9.395000457763672,8.449999809265137,9.149999618530273,45500,0.0,0.0
2023-12-18 00:00:00-05:00,9.050000190734863,9.239999771118164,8.359999656677246,8.930000305175781,25500,0.0,0.0
2023-12-19 00:00:00-05:00,8.800000190734863,9.649999618530273,8.600000381469727,8.829999923706055,22500,0.0,0.0
2023-12-20 00:00:00-05:00,8.779999732971191,8.859999656677246,8.5,8.59000015258789,22700,0.0,0.0
2023-12-21 00:00:00-05:00,8.630000114440918,8.690999984741211,8.380000114440918,8.4399995803833,16100,0.0,0.0
2023-12-22 00:00:00-05:00,8.369999885559082,8.970000267028809,8.359999656677246,8.529999732971191,43900,0.0,0.0
2023-12-26 00:00:00-05:00,8.369999885559082,8.84000015258789,8.0,8.84000015258789,19900,0.0,0.0
2023-12-27 00:00:00-05:00,8.670000076293945,9.239999771118164,8.402999877929688,8.649999618530273,26800,0.0,0.0
2023-12-28 00:00:00-05:00,8.510000228881836,8.65999984741211,8.010000228881836,8.229999542236328,65200,0.0,0.0
2023-12-29 00:00:00-05:00,8.100000381469727,8.446000099182129,8.100000381469727,8.289999961853027,11900,0.0,0.0
2024-01-02 00:00:00-05:00,8.270000457763672,8.829999923706055,8.229999542236328,8.800000190734863,26100,0.0,0.0
2024-01-03 00:00:00-05:00,8.609999656677246,9.729999542236328,8.434000015258789,9.420000076293945,49200,0.0,0.0
2024-01-04 00:00:00-05:00,9.529999732971191,10.807000160217285,8.9350004196167,10.550000190734863,48600,0.0,0.0
2024-01-05 00:00:00-05:00,10.800000190734863,11.59000015258789,10.600000381469727,11.25,45000,0.0,0.0
2024-01-08 00:00:00-05:00,11.270000457763672,12.09000015258789,10.989999771118164,12.039999961853027,24200,0.0,0.0
2024-01-09 00:00:00-05:00,11.770000457763672,13.449999809265137,11.770000457763672,13.0,56600,0.0,0.0
2024-01-10 00:00:00-05:00,12.899999618530273,12.899999618530273,11.87600040435791,12.0600004196167,21400,0.0,0.0
2024-01-11 00:00:00-05:00,12.010000228881836,12.010000228881836,10.010000228881836,10.319999694824219,43400,0.0,0.0
2024-01-12 00:00:00-05:00,10.180000305175781,10.520000457763672,9.6899995803833,9.829999923706055,37800,0.0,0.0
2024-01-16 00:00:00-05:00,9.890000343322754,9.890000343322754,9.319999694824219,9.640000343322754,18700,0.0,0.0
2024-01-17 00:00:00-05:00,9.710000038146973,9.727999687194824,9.145000457763672,9.399999618530273,11900,0.0,0.0
2024-01-18 00:00:00-05:00,9.479999542236328,9.489999771118164,8.0,8.229999542236328,41500,0.0,0.0
2024-01-19 00:00:00-05:00,8.229999542236328,8.96500015258789,8.229999542236328,8.430000305175781,49900,0.0,0.0
2024-01-22 00:00:00-05:00,8.430000305175781,8.880000114440918,8.210000038146973,8.25,13300,0.0,0.0
2024-01-23 00:00:00-05:00,8.25,8.680000305175781,8.25,8.649999618530273,12000,0.0,0.0
2024-01-24 00:00:00-05:00,8.800000190734863,9.425000190734863,8.800000190734863,9.050000190734863,34100,0.0,0.0
2024-01-25 00:00:00-05:00,9.029999732971191,9.069999694824219,8.199999809265137,8.8100004196167,58700,0.0,0.0
2024-01-26 00:00:00-05:00,8.970000267028809,9.449999809265137,8.510000228881836,9.15999984741211,35900,0.0,0.0
2024-01-29 00:00:00-05:00,9.050000190734863,10.039999961853027,8.899999618530273,9.850000381469727,41800,0.0,0.0
2024-01-30 00:00:00-05:00,9.75,10.630000114440918,9.75,10.069999694824219,34900,0.0,0.0
2024-01-31 00:00:00-05:00,10.09000015258789,10.699999809265137,9.850000381469727,10.609999656677246,39500,0.0,0.0
2024-02-01 00:00:00-05:00,10.619999885559082,11.170000076293945,10.16100025177002,11.170000076293945,26900,0.0,0.0
2024-02-02 00:00:00-05:00,10.9399995803833,12.130000114440918,10.510000228881836,10.84000015258789,29400,0.0,0.0
2024-02-05 00:00:00-05:00,10.75,11.1899995803833,10.270000457763672,10.710000038146973,47800,0.0,0.0
2024-02-06 00:00:00-05:00,10.84000015258789,11.069999694824219,10.678999900817871,10.949999809265137,6100,0.0,0.0
2024-02-07 00:00:00-05:00,10.90999984741211,11.329999923706055,10.829999923706055,11.010000228881836,7700,0.0,0.0
2024-02-08 00:00:00-05:00,11.050000190734863,11.050000190734863,10.15999984741211,10.279999732971191,13400,0.0,0.0
2024-02-09 00:00:00-05:00,10.069999694824219,10.517000198364258,9.354999542236328,9.390000343322754,19000,0.0,0.0
2024-02-12 00:00:00-05:00,9.199999809265137,10.157999992370605,9.199999809265137,9.600000381469727,17400,0.0,0.0
2024-02-13 00:00:00-05:00,9.390000343322754,10.039999961853027,9.010000228881836,9.369999885559082,40300,0.0,0.0
2024-02-14 00:00:00-05:00,9.260000228881836,10.130000114440918,9.100000381469727,10.050000190734863,12900,0.0,0.0
2024-02-15 00:00:00-05:00,10.0,10.0,8.899999618530273,9.279999732971191,15900,0.0,0.0
2024-02-16 00:00:00-05:00,9.369999885559082,9.369999885559082,8.979999542236328,9.020000457763672,9400,0.0,0.0
2024-02-20 00:00:00-05:00,8.989999771118164,9.0,8.5,8.569999694824219,11900,0.0,0.0
2024-02-21 00:00:00-05:00,8.600000381469727,8.600000381469727,8.0,8.279999732971191,25900,0.0,0.0
2024-02-22 00:00:00-05:00,8.079999923706055,8.600000381469727,8.079999923706055,8.289999961853027,19600,0.0,0.0
2024-02-23 00:00:00-05:00,8.300000190734863,9.039999961853027,7.800000190734863,8.979999542236328,41200,0.0,0.0
2024-02-26 00:00:00-05:00,8.699999809265137,9.092000007629395,8.609999656677246,9.0,21500,0.0,0.0
2024-02-27 00:00:00-05:00,9.0,9.175000190734863,8.630000114440918,8.75,17400,0.0,0.0
2024-02-28 00:00:00-05:00,8.640000343322754,8.640000343322754,7.900000095367432,8.369999885559082,18800,0.0,0.0
2024-02-29 00:00:00-05:00,8.25,8.779999732971191,8.25,8.3100004196167,10700,0.0,0.0
2024-03-01 00:00:00-05:00,8.729999542236328,8.729999542236328,8.039999961853027,8.140000343322754,18100,0.0,0.0
2024-03-04 00:00:00-05:00,7.650000095367432,8.270000457763672,7.650000095367432,8.15999984741211,12000,0.0,0.0
2024-03-05 00:00:00-05:00,7.739999771118164,8.15999984741211,6.929999828338623,8.0600004196167,18100,0.0,0.0
2024-03-06 00:00:00-05:00,8.109999656677246,9.0,8.109999656677246,8.739999771118164,22000,0.0,0.0
2024-03-07 00:00:00-05:00,8.720000267028809,10.40999984741211,8.380000114440918,9.479999542236328,35400,0.0,0.0
2024-03-08 00:00:00-05:00,9.470000267028809,9.529999732971191,9.300000190734863,9.34000015258789,9300,0.0,0.0
2024-03-11 00:00:00-04:00,9.470000267028809,9.5,8.170000076293945,9.09000015258789,27900,0.0,0.0
2024-03-12 00:00:00-04:00,10.920000076293945,11.3100004196167,10.210000038146973,10.369999885559082,98300,0.0,0.0
2024-03-13 00:00:00-04:00,10.039999961853027,10.38599967956543,9.510000228881836,9.770000457763672,18000,0.0,0.0
2024-03-14 00:00:00-04:00,9.529999732971191,9.90999984741211,8.84000015258789,8.970000267028809,64500,0.0,0.0
2024-03-15 00:00:00-04:00,8.619999885559082,9.5,8.0,8.539999961853027,40500,0.0,0.0
2024-03-18 00:00:00-04:00,8.539999961853027,8.694999694824219,8.270000457763672,8.319999694824219,10200,0.0,0.0
2024-03-19 00:00:00-04:00,8.109999656677246,8.640000343322754,8.100000381469727,8.270000457763672,14200,0.0,0.0
2024-03-20 00:00:00-04:00,8.369999885559082,9.100000381469727,8.369999885559082,9.0,20600,0.0,0.0
2024-03-21 00:00:00-04:00,9.029999732971191,9.75,9.029999732971191,9.600000381469727,33800,0.0,0.0
2024-03-22 00:00:00-04:00,9.279999732971191,9.289999961853027,8.859999656677246,9.180000305175781,9800,0.0,0.0
2024-03-25 00:00:00-04:00,8.899999618530273,9.279999732971191,8.640000343322754,9.140000343322754,13900,0.0,0.0
2024-03-26 00:00:00-04:00,9.079999923706055,9.390000343322754,9.069999694824219,9.279999732971191,6600,0.0,0.0
2024-03-27 00:00:00-04:00,9.25,9.8100004196167,9.010000228881836,9.699999809265137,15100,0.0,0.0
2024-03-28 00:00:00-04:00,9.479999542236328,9.760000228881836,9.430000305175781,9.600000381469727,9400,0.0,0.0
2024-04-01 00:00:00-04:00,9.760000228881836,9.979999542236328,9.199999809265137,9.5600004196167,9400,0.0,0.0
2024-04-02 00:00:00-04:00,9.350000381469727,9.579999923706055,9.25,9.520000457763672,6900,0.0,0.0
2024-04-03 00:00:00-04:00,9.420000076293945,9.609999656677246,9.369999885559082,9.600000381469727,4900,0.0,0.0
2024-04-04 00:00:00-04:00,9.670000076293945,9.895000457763672,9.539999961853027,9.699999809265137,9400,0.0,0.0
2024-04-05 00:00:00-04:00,9.550000190734863,9.859999656677246,9.329999923706055,9.569999694824219,3500,0.0,0.0
2024-04-08 00:00:00-04:00,9.600000381469727,9.777999877929688,9.329999923706055,9.760000228881836,7200,0.0,0.0
2024-04-09 00:00:00-04:00,9.550999641418457,9.979999542236328,9.5,9.75,4500,0.0,0.0
2024-04-10 00:00:00-04:00,9.460000038146973,10.800000190734863,9.260000228881836,10.800000190734863,26600,0.0,0.0
2024-04-11 00:00:00-04:00,10.5600004196167,10.800000190734863,9.699999809265137,10.199999809265137,8700,0.0,0.0
2024-04-12 00:00:00-04:00,9.960000038146973,9.960000038146973,9.40999984741211,9.5,14800,0.0,0.0
2024-04-15 00:00:00-04:00,9.5,9.5,8.649999618530273,9.050000190734863,15400,0.0,0.0
2024-04-16 00:00:00-04:00,9.050000190734863,9.11400032043457,8.779999732971191,9.0600004196167,9500,0.0,0.0
2024-04-17 00:00:00-04:00,9.149999618530273,9.5,8.850000381469727,8.989999771118164,7800,0.0,0.0
2024-04-18 00:00:00-04:00,8.920000076293945,9.15999984741211,8.800000190734863,9.15999984741211,6600,0.0,0.0
2024-04-19 00:00:00-04:00,8.9399995803833,9.270000457763672,8.779999732971191,9.029999732971191,6100,0.0,0.0
2024-04-22 00:00:00-04:00,9.03499984741211,9.229999542236328,8.729999542236328,8.75,3600,0.0,0.0
2024-04-23 00:00:00-04:00,9.130000114440918,9.149999618530273,8.90999984741211,9.0,2400,0.0,0.0
2024-04-24 00:00:00-04:00,8.899999618530273,9.329999923706055,8.649999618530273,9.229999542236328,8900,0.0,0.0
2024-04-25 00:00:00-04:00,8.800000190734863,9.5,8.649999618530273,9.5,12200,0.0,0.0
2024-04-26 00:00:00-04:00,9.279999732971191,9.37600040435791,9.010000228881836,9.220000267028809,3200,0.0,0.0
2024-04-29 00:00:00-04:00,9.149999618530273,9.239999771118164,8.973999977111816,9.239999771118164,6000,0.0,0.0
2024-04-30 00:00:00-04:00,9.260000228881836,9.5,9.260000228881836,9.5,3500,0.0,0.0
2024-05-01 00:00:00-04:00,9.3100004196167,9.5,9.300000190734863,9.300000190734863,12100,0.0,0.0
2024-05-02 00:00:00-04:00,9.5,9.880000114440918,9.470000267028809,9.75,27700,0.0,0.0
2024-05-03 00:00:00-04:00,9.6899995803833,9.770000457763672,9.550000190734863,9.770000457763672,6200,0.0,0.0
2024-05-06 00:00:00-04:00,9.5600004196167,10.119999885559082,9.4399995803833,9.4399995803833,43300,0.0,0.0
2024-05-07 00:00:00-04:00,9.15999984741211,9.869999885559082,8.510000228881836,8.800000190734863,92000,0.0,0.0
2024-05-08 00:00:00-04:00,8.65999984741211,8.937000274658203,7.659999847412109,8.359999656677246,44800,0.0,0.0
2024-05-09 00:00:00-04:00,8.40999984741211,9.420000076293945,8.40999984741211,9.420000076293945,21000,0.0,0.0
2024-05-10 00:00:00-04:00,9.210000038146973,9.5,8.90999984741211,9.430000305175781,37600,0.0,0.0
2024-05-13 00:00:00-04:00,9.494000434875488,9.899999618530273,8.899999618530273,9.329999923706055,40400,0.0,0.0
2024-05-14 00:00:00-04:00,9.140000343322754,9.350000381469727,8.90999984741211,9.15999984741211,23300,0.0,0.0
2024-05-15 00:00:00-04:00,9.15999984741211,9.262999534606934,8.789999961853027,8.869999885559082,19900,0.0,0.0
2024-05-16 00:00:00-04:00,8.680000305175781,8.84000015258789,8.359999656677246,8.640000343322754,13800,0.0,0.0
2024-05-17 00:00:00-04:00,8.5,9.1899995803833,8.5,9.0600004196167,30800,0.0,0.0
2024-05-20 00:00:00-04:00,8.880000114440918,9.5,8.739999771118164,9.479999542236328,19900,0.0,0.0
2024-05-21 00:00:00-04:00,9.229999542236328,9.449999809265137,8.880000114440918,9.300000190734863,17900,0.0,0.0
2024-05-22 00:00:00-04:00,9.109999656677246,9.34000015258789,8.619999885559082,8.720000267028809,8900,0.0,0.0
2024-05-23 00:00:00-04:00,8.75,8.932999610900879,8.220000267028809,8.529999732971191,20900,0.0,0.0
2024-05-24 00:00:00-04:00,8.479999542236328,8.609999656677246,8.220000267028809,8.34000015258789,15800,0.0,0.0
2024-05-28 00:00:00-04:00,8.609999656677246,8.739999771118164,8.229999542236328,8.640000343322754,19000,0.0,0.0
2024-05-29 00:00:00-04:00,8.59000015258789,8.59000015258789,8.229999542236328,8.59000015258789,12900,0.0,0.0
2024-05-30 00:00:00-04:00,8.470000267028809,8.739999771118164,8.220000267028809,8.350000381469727,32700,0.0,0.0
2024-05-31 00:00:00-04:00,8.220000267028809,8.75,8.220000267028809,8.75,66700,0.0,0.0
2024-06-03 00:00:00-04:00,8.670000076293945,9.5,8.670000076293945,9.40999984741211,122700,0.0,0.0
2024-06-04 00:00:00-04:00,9.15999984741211,9.5,8.380000114440918,9.300000190734863,25300,0.0,0.0
2024-06-05 00:00:00-04:00,8.600000381469727,8.899999618530273,8.0,8.510000228881836,27200,0.0,0.0
2024-06-06 00:00:00-04:00,8.25,8.729999542236328,8.25,8.699999809265137,26500,0.0,0.0
2024-06-07 00:00:00-04:00,8.789999961853027,8.789999961853027,8.550000190734863,8.75,10500,0.0,0.0
2024-06-10 00:00:00-04:00,8.652000427246094,8.732999801635742,8.550000190734863,8.649999618530273,23700,0.0,0.0
2024-06-11 00:00:00-04:00,8.550000190734863,8.869999885559082,8.527999877929688,8.869999885559082,5300,0.0,0.0
2024-06-12 00:00:00-04:00,8.880000114440918,8.880000114440918,8.649999618530273,8.720000267028809,1500,0.0,0.0
2024-06-13 00:00:00-04:00,8.680000305175781,8.949999809265137,8.600000381469727,8.949999809265137,4100,0.0,0.0
2024-06-14 00:00:00-04:00,8.869999885559082,9.029999732971191,8.680000305175781,8.84000015258789,3400,0.0,0.0
2024-06-17 00:00:00-04:00,8.760000228881836,8.97700023651123,8.63700008392334,8.652999877929688,8800,0.0,0.0
2024-06-18 00:00:00-04:00,8.619999885559082,8.869999885559082,8.600000381469727,8.600000381469727,11600,0.0,0.0
2024-06-20 00:00:00-04:00,8.600000381469727,8.800000190734863,8.600000381469727,8.800000190734863,12000,0.0,0.0
2024-06-21 00:00:00-04:00,8.699999809265137,8.800000190734863,8.600000381469727,8.739999771118164,10300,0.0,0.0
2024-06-24 00:00:00-04:00,8.739999771118164,8.800000190734863,8.600000381469727,8.739999771118164,16900,0.0,0.0
2024-06-25 00:00:00-04:00,8.618000030517578,8.859999656677246,8.618000030517578,8.739999771118164,8800,0.0,0.0
2024-06-26 00:00:00-04:00,8.854000091552734,8.944999694824219,8.600000381469727,8.65999984741211,24200,0.0,0.0
2024-06-27 00:00:00-04:00,8.9399995803833,8.9399995803833,8.664999961853027,8.699999809265137,6700,0.0,0.0
2024-06-28 00:00:00-04:00,8.600000381469727,8.699999809265137,8.430000305175781,8.430000305175781,29200,0.0,0.0
2024-07-01 00:00:00-04:00,8.520000457763672,8.6899995803833,8.4399995803833,8.600000381469727,10000,0.0,0.0
2024-07-02 00:00:00-04:00,8.336999893188477,8.425000190734863,8.329999923706055,8.34000015258789,3200,0.0,0.0
2024-07-03 00:00:00-04:00,8.300000190734863,8.66100025177002,8.300000190734863,8.579999923706055,5000,0.0,0.0
2024-07-05 00:00:00-04:00,8.279999732971191,8.399999618530273,8.09000015258789,8.210000038146973,9200,0.0,0.0
2024-07-08 00:00:00-04:00,8.180000305175781,8.8100004196167,8.180000305175781,8.5600004196167,26700,0.0,0.0
2024-07-09 00:00:00-04:00,8.449999809265137,8.630000114440918,8.359999656677246,8.5,12900,0.0,0.0
2024-07-10 00:00:00-04:00,8.359999656677246,9.399999618530273,8.359999656677246,8.539999961853027,36700,0.0,0.0
2024-07-11 00:00:00-04:00,8.420000076293945,8.609999656677246,8.420000076293945,8.5,10400,0.0,0.0
2024-07-12 00:00:00-04:00,8.489999771118164,8.600000381469727,8.380000114440918,8.40999984741211,9600,0.0,0.0
2024-07-15 00:00:00-04:00,8.329999923706055,8.496000289916992,7.909999847412109,8.0,35600,0.0,0.0
2024-07-16 00:00:00-04:00,8.109999656677246,8.109999656677246,7.619999885559082,7.929999828338623,21100,0.0,0.0
2024-07-17 00:00:00-04:00,7.900000095367432,8.029999732971191,7.699999809265137,7.800000190734863,30800,0.0,0.0
2024-07-18 00:00:00-04:00,8.09000015258789,8.09000015258789,7.710000038146973,7.710000038146973,2800,0.0,0.0
2024-07-19 00:00:00-04:00,7.699999809265137,7.909999847412109,7.699999809265137,7.880000114440918,3600,0.0,0.0
2024-07-22 00:00:00-04:00,8.09000015258789,8.09000015258789,7.590000152587891,7.590000152587891,2100,0.0,0.0
2024-07-23 00:00:00-04:00,7.519999980926514,7.960000038146973,7.5,7.630000114440918,2800,0.0,0.0
2024-07-24 00:00:00-04:00,7.53000020980835,7.900000095367432,7.400000095367432,7.679999828338623,8100,0.0,0.0
2024-07-25 00:00:00-04:00,7.570000171661377,7.876999855041504,7.570000171661377,7.789999961853027,1300,0.0,0.0
2024-07-26 00:00:00-04:00,7.849999904632568,7.8979997634887695,7.809999942779541,7.860000133514404,1700,0.0,0.0
2024-07-29 00:00:00-04:00,7.820000171661377,7.980000019073486,7.650000095367432,7.650000095367432,4100,0.0,0.0
2024-07-30 00:00:00-04:00,7.619999885559082,7.989999771118164,7.619999885559082,7.730000019073486,5300,0.0,0.0
2024-07-31 00:00:00-04:00,7.860000133514404,7.860000133514404,7.25,7.510000228881836,22000,0.0,0.0
2024-08-01 00:00:00-04:00,7.0,7.579999923706055,7.0,7.489999771118164,4100,0.0,0.0
2024-08-02 00:00:00-04:00,7.369999885559082,7.369999885559082,6.980000019073486,7.0,8500,0.0,0.0
2024-08-05 00:00:00-04:00,6.300000190734863,7.25,6.300000190734863,7.010000228881836,17700,0.0,0.0
2024-08-06 00:00:00-04:00,7.139999866485596,7.570000171661377,7.059999942779541,7.570000171661377,17500,0.0,0.0
2024-08-07 00:00:00-04:00,6.869999885559082,7.400000095367432,6.0,6.820000171661377,12700,0.0,0.0
2024-08-08 00:00:00-04:00,6.900000095367432,7.170000076293945,6.760000228881836,6.960000038146973,17600,0.0,0.0
2024-08-09 00:00:00-04:00,6.920000076293945,7.090000152587891,6.699999809265137,7.090000152587891,26900,0.0,0.0
2024-08-12 00:00:00-04:00,6.5269999504089355,7.050000190734863,6.5269999504089355,6.849999904632568,9700,0.0,0.0
2024-08-13 00:00:00-04:00,6.5,6.940000057220459,6.5,6.769999980926514,11600,0.0,0.0
2024-08-14 00:00:00-04:00,6.809999942779541,6.980000019073486,6.78000020980835,6.829999923706055,8000,0.0,0.0
2024-08-15 00:00:00-04:00,6.96999979019165,7.150000095367432,6.699999809265137,7.0,19900,0.0,0.0
2024-08-16 00:00:00-04:00,6.849999904632568,6.949999809265137,6.730000019073486,6.900000095367432,3900,0.0,0.0
2024-08-19 00:00:00-04:00,6.900000095367432,6.900000095367432,6.7170000076293945,6.849999904632568,15100,0.0,0.0
2024-08-20 00:00:00-04:00,6.730000019073486,7.440000057220459,6.730000019073486,7.170000076293945,17700,0.0,0.0
2024-08-21 00:00:00-04:00,7.059999942779541,7.059999942779541,6.781000137329102,6.860000133514404,8300,0.0,0.0
2024-08-22 00:00:00-04:00,6.809999942779541,7.360000133514404,6.809999942779541,6.900000095367432,11900,0.0,0.0
2024-08-23 00:00:00-04:00,7.0,7.179999828338623,6.909999847412109,7.019999980926514,11700,0.0,0.0
2024-08-26 00:00:00-04:00,7.061999797821045,7.099999904632568,7.034999847412109,7.070000171661377,3400,0.0,0.0
2024-08-27 00:00:00-04:00,6.949999809265137,6.949999809265137,6.764999866485596,6.900000095367432,1200,0.0,0.0
2024-08-28 00:00:00-04:00,6.78000020980835,6.78000020980835,6.670000076293945,6.78000020980835,4000,0.0,0.0
2024-08-29 00:00:00-04:00,6.659999847412109,6.760000228881836,6.659999847412109,6.75,1900,0.0,0.0
2024-08-30 00:00:00-04:00,6.739999771118164,6.849999904632568,6.610000133514404,6.679999828338623,4700,0.0,0.0
2024-09-03 00:00:00-04:00,6.570000171661377,6.75,6.53000020980835,6.599999904632568,5400,0.0,0.0
2024-09-04 00:00:00-04:00,6.519999980926514,6.85099983215332,6.510000228881836,6.599999904632568,22500,0.0,0.0
2024-09-05 00:00:00-04:00,6.510000228881836,6.789999961853027,6.5,6.599999904632568,17000,0.0,0.0
2024-09-06 00:00:00-04:00,6.510000228881836,6.651000022888184,5.704999923706055,5.840000152587891,24000,0.0,0.0
2024-09-09 00:00:00-04:00,5.849999904632568,6.179999828338623,5.849999904632568,6.179999828338623,4800,0.0,0.0
2024-09-10 00:00:00-04:00,6.059999942779541,6.059999942779541,5.869999885559082,5.920000076293945,6500,0.0,0.0
2024-09-11 00:00:00-04:00,5.900000095367432,6.21999979019165,5.900000095367432,6.010000228881836,7300,0.0,0.0
2024-09-12 00:00:00-04:00,6.110000133514404,6.150000095367432,6.0,6.010000228881836,2800,0.0,0.0
2024-09-13 00:00:00-04:00,6.0,6.300000190734863,6.0,6.099999904632568,9300,0.0,0.0
2024-09-16 00:00:00-04:00,6.099999904632568,6.304999828338623,6.099999904632568,6.119999885559082,4400,0.0,0.0
2024-09-17 00:00:00-04:00,6.099999904632568,6.23199987411499,6.099999904632568,6.099999904632568,9700,0.0,0.0
2024-09-18 00:00:00-04:00,6.099999904632568,6.195000171661377,5.989999771118164,5.989999771118164,7100,0.0,0.0
2024-09-19 00:00:00-04:00,6.130000114440918,6.185999870300293,6.050000190734863,6.065000057220459,2000,0.0,0.0
2024-09-20 00:00:00-04:00,6.050000190734863,6.119999885559082,6.050000190734863,6.119999885559082,7100,0.0,0.0
2024-09-23 00:00:00-04:00,6.059999942779541,6.059999942779541,5.876999855041504,5.876999855041504,4000,0.0,0.0
2024-09-24 00:00:00-04:00,5.920000076293945,6.110000133514404,5.920000076293945,5.989999771118164,2700,0.0,0.0
2024-09-25 00:00:00-04:00,6.079999923706055,6.144999980926514,5.730000019073486,5.849999904632568,21700,0.0,0.0
2024-09-26 00:00:00-04:00,5.849999904632568,5.849999904632568,5.610000133514404,5.610000133514404,3900,0.0,0.0
2024-09-27 00:00:00-04:00,5.63100004196167,6.039999961853027,5.449999809265137,5.75,27000,0.0,0.0
2024-09-30 00:00:00-04:00,5.619999885559082,6.019999980926514,5.550000190734863,5.71999979019165,2400,0.0,0.0
2024-10-01 00:00:00-04:00,6.860000133514404,7.39900016784668,5.322000026702881,5.400000095367432,388100,0.0,0.0
2024-10-02 00:00:00-04:00,5.550000190734863,6.96999979019165,5.139999866485596,6.789999961853027,102100,0.0,0.0
2024-10-03 00:00:00-04:00,6.849999904632568,8.350000381469727,6.78000020980835,7.139999866485596,151200,0.0,0.0
2024-10-04 00:00:00-04:00,7.139999866485596,7.465000152587891,6.659999847412109,6.940000057220459,40600,0.0,0.0
2024-10-07 00:00:00-04:00,6.940000057220459,7.78000020980835,6.800000190734863,7.150000095367432,76300,0.0,0.0
2024-10-08 00:00:00-04:00,7.079999923706055,7.150000095367432,6.614999771118164,6.889999866485596,55600,0.0,0.0
2024-10-09 00:00:00-04:00,6.900000095367432,7.050000190734863,6.75,7.010000228881836,23500,0.0,0.0
2024-10-10 00:00:00-04:00,6.909999847412109,6.980000019073486,6.690000057220459,6.829999923706055,20400,0.0,0.0
2024-10-11 00:00:00-04:00,6.789999961853027,7.056000232696533,6.789999961853027,7.050000190734863,10500,0.0,0.0
2024-10-14 00:00:00-04:00,6.909999847412109,7.11899995803833,6.675000190734863,6.760000228881836,15500,0.0,0.0
2024-10-15 00:00:00-04:00,6.71999979019165,6.940000057220459,6.690999984741211,6.710000038146973,12000,0.0,0.0
2024-10-16 00:00:00-04:00,6.639999866485596,6.880000114440918,6.639999866485596,6.829999923706055,9600,0.0,0.0
2024-10-17 00:00:00-04:00,6.710000038146973,6.96999979019165,6.611999988555908,6.659999847412109,25900,0.0,0.0
2024-10-18 00:00:00-04:00,6.789999961853027,6.979000091552734,6.640999794006348,6.760000228881836,10700,0.0,0.0
2024-10-21 00:00:00-04:00,6.670000076293945,6.835000038146973,6.239999771118164,6.460000038146973,15600,0.0,0.0
2024-10-22 00:00:00-04:00,6.28000020980835,6.599999904632568,6.28000020980835,6.559999942779541,14300,0.0,0.0
2024-10-23 00:00:00-04:00,6.559999942779541,6.559999942779541,6.300000190734863,6.460000038146973,7500,0.0,0.0
2024-10-24 00:00:00-04:00,6.349999904632568,6.519999980926514,6.300000190734863,6.389999866485596,6700,0.0,0.0
2024-10-25 00:00:00-04:00,6.400000095367432,6.4679999351501465,6.388999938964844,6.429999828338623,5800,0.0,0.0
2024-10-28 00:00:00-04:00,6.429999828338623,6.769999980926514,6.3460001945495605,6.690000057220459,12000,0.0,0.0
2024-10-29 00:00:00-04:00,6.599999904632568,6.71999979019165,6.599999904632568,6.639999866485596,6500,0.0,0.0
2024-10-30 00:00:00-04:00,6.599999904632568,6.789999961853027,6.300000190734863,6.429999828338623,15300,0.0,0.0
2024-10-31 00:00:00-04:00,6.429999828338623,6.5,5.900000095367432,6.110000133514404,32000,0.0,0.0
2024-11-01 00:00:00-04:00,6.150000095367432,6.309999942779541,5.900000095367432,6.0,4600,0.0,0.0
2024-11-04 00:00:00-05:00,6.190000057220459,6.320000171661377,6.0,6.269999980926514,20200,0.0,0.0
2024-11-05 00:00:00-05:00,6.269999980926514,6.369999885559082,6.070000171661377,6.210000038146973,8200,0.0,0.0
2024-11-06 00:00:00-05:00,6.369999885559082,6.486000061035156,5.440000057220459,6.019999980926514,40300,0.0,0.0
2024-11-07 00:00:00-05:00,6.033999919891357,6.385000228881836,6.010000228881836,6.199999809265137,6600,0.0,0.0
2024-11-08 00:00:00-05:00,6.199999809265137,6.559999942779541,6.110000133514404,6.559999942779541,15500,0.0,0.0
2024-11-11 00:00:00-05:00,6.460000038146973,6.699999809265137,6.190000057220459,6.659999847412109,21200,0.0,0.0
2024-11-12 00:00:00-05:00,6.460000038146973,6.789999961853027,6.349999904632568,6.46999979019165,18500,0.0,0.0
2024-11-13 00:00:00-05:00,6.480000019073486,6.644999980926514,6.309999942779541,6.429999828338623,12700,0.0,0.0
2024-11-14 00:00:00-05:00,6.510000228881836,7.150000095367432,6.289999961853027,6.809999942779541,35800,0.0,0.0
2024-11-15 00:00:00-05:00,6.610000133514404,6.880000114440918,6.514999866485596,6.610000133514404,54800,0.0,0.0
2024-11-18 00:00:00-05:00,6.599999904632568,6.659999847412109,6.235000133514404,6.260000228881836,17300,0.0,0.0
2024-11-19 00:00:00-05:00,6.349999904632568,6.461999893188477,6.150000095367432,6.199999809265137,12800,0.0,0.0
2024-11-20 00:00:00-05:00,6.150000095367432,6.480000019073486,6.150000095367432,6.329999923706055,8100,0.0,0.0
2024-11-21 00:00:00-05:00,6.199999809265137,6.574999809265137,6.099999904632568,6.110000133514404,15500,0.0,0.0
2024-11-22 00:00:00-05:00,6.079999923706055,6.269999980926514,6.079999923706055,6.159999847412109,5300,0.0,0.0
2024-11-25 00:00:00-05:00,6.150000095367432,6.568999767303467,6.079999923706055,6.349999904632568,16100,0.0,0.0
2024-11-26 00:00:00-05:00,6.599999904632568,6.599999904632568,6.269999980926514,6.340000152587891,5600,0.0,0.0
2024-11-27 00:00:00-05:00,6.269999980926514,6.449999809265137,6.269999980926514,6.369999885559082,3900,0.0,0.0
2024-11-29 00:00:00-05:00,6.420000076293945,6.420000076293945,6.420000076293945,6.420000076293945,900,0.0,0.0
2024-12-02 00:00:00-05:00,6.320000171661377,6.406000137329102,6.260000228881836,6.309999942779541,5100,0.0,0.0
2024-12-03 00:00:00-05:00,6.449999809265137,6.4720001220703125,6.25,6.360000133514404,7600,0.0,0.0
2024-12-04 00:00:00-05:00,6.260000228881836,6.360000133514404,6.099999904632568,6.159999847412109,24100,0.0,0.0
2024-12-05 00:00:00-05:00,6.170000076293945,6.239999771118164,6.090000152587891,6.110000133514404,4800,0.0,0.0
2024-12-06 00:00:00-05:00,6.110000133514404,6.263999938964844,6.079999923706055,6.263999938964844,3700,0.0,0.0
2024-12-09 00:00:00-05:00,6.199999809265137,6.420000076293945,6.199999809265137,6.349999904632568,14500,0.0,0.0
2024-12-10 00:00:00-05:00,6.260000228881836,6.379000186920166,6.130000114440918,6.289999961853027,5400,0.0,0.0
2024-12-11 00:00:00-05:00,6.079999923706055,6.309999942779541,6.079999923706055,6.309999942779541,5200,0.0,0.0
2024-12-12 00:00:00-05:00,6.380000114440918,6.639999866485596,6.309999942779541,6.53000020980835,27800,0.0,0.0
2024-12-13 00:00:00-05:00,6.510000228881836,6.630000114440918,6.389999866485596,6.53000020980835,14200,0.0,0.0
2024-12-16 00:00:00-05:00,6.53000020980835,6.829999923706055,6.53000020980835,6.829999923706055,12100,0.0,0.0
2024-12-17 00:00:00-05:00,6.829999923706055,7.0,6.684999942779541,6.869999885559082,4500,0.0,0.0
2024-12-18 00:00:00-05:00,6.900000095367432,6.909999847412109,6.25,6.25,27000,0.0,0.0
2024-12-19 00:00:00-05:00,6.800000190734863,6.800000190734863,6.099999904632568,6.179999828338623,11300,0.0,0.0
2024-12-20 00:00:00-05:00,6.079999923706055,6.300000190734863,6.079999923706055,6.21999979019165,5600,0.0,0.0
2024-12-23 00:00:00-05:00,6.099999904632568,6.190000057220459,6.079999923706055,6.090000152587891,5800,0.0,0.0
2024-12-24 00:00:00-05:00,6.090000152587891,6.208000183105469,6.079999923706055,6.109000205993652,12500,0.0,0.0
2024-12-26 00:00:00-05:00,6.070000171661377,6.21999979019165,6.040999889373779,6.119999885559082,8400,0.0,0.0
2024-12-27 00:00:00-05:00,6.010000228881836,6.304999828338623,6.010000228881836,6.070000171661377,16800,0.0,0.0
2024-12-30 00:00:00-05:00,6.0,6.204999923706055,6.0,6.079999923706055,8600,0.0,0.0
2024-12-31 00:00:00-05:00,6.019999980926514,6.291999816894531,6.019999980926514,6.150000095367432,10700,0.0,0.0
2025-01-02 00:00:00-05:00,6.289999961853027,6.289999961853027,6.070000171661377,6.159999847412109,3800,0.0,0.0
2025-01-03 00:00:00-05:00,6.260000228881836,6.579999923706055,6.080999851226807,6.579999923706055,10700,0.0,0.0
2025-01-06 00:00:00-05:00,6.199999809265137,6.579999923706055,6.139999866485596,6.409999847412109,7800,0.0,0.0
2025-01-07 00:00:00-05:00,6.260000228881836,7.0,6.144000053405762,6.699999809265137,56400,0.0,0.0
2025-01-08 00:00:00-05:00,6.599999904632568,6.71999979019165,6.079999923706055,6.239999771118164,27800,0.0,0.0
2025-01-10 00:00:00-05:00,6.099999904632568,6.590000152587891,5.989999771118164,6.5,19400,0.0,0.0
2025-01-13 00:00:00-05:00,6.489999771118164,6.489999771118164,6.068999767303467,6.199999809265137,15200,0.0,0.0
2025-01-14 00:00:00-05:00,6.179999828338623,6.179999828338623,5.869999885559082,5.940000057220459,11500,0.0,0.0
2025-01-15 00:00:00-05:00,5.860000133514404,6.224999904632568,5.699999809265137,5.699999809265137,11900,0.0,0.0
2025-01-16 00:00:00-05:00,5.550000190734863,7.5,5.449999809265137,7.300000190734863,56800,0.0,0.0
2025-01-17 00:00:00-05:00,7.300000190734863,7.329999923706055,6.510000228881836,6.510000228881836,19800,0.0,0.0
2025-01-21 00:00:00-05:00,6.5,6.820000171661377,6.5,6.690000057220459,6400,0.0,0.0
2025-01-22 00:00:00-05:00,6.610000133514404,6.8420000076293945,6.554999828338623,6.710000038146973,3600,0.0,0.0
2025-01-23 00:00:00-05:00,6.789999961853027,7.0,6.510000228881836,6.949999809265137,24500,0.0,0.0
2025-01-24 00:00:00-05:00,7.019999980926514,7.570000171661377,6.949999809265137,7.329999923706055,8700,0.0,0.0
2025-01-27 00:00:00-05:00,7.269999980926514,7.797999858856201,6.816999912261963,7.449999809265137,15300,0.0,0.0
2025-01-28 00:00:00-05:00,7.5,7.860000133514404,7.26200008392334,7.699999809265137,15700,0.0,0.0
2025-01-29 00:00:00-05:00,7.820000171661377,7.820000171661377,7.090000152587891,7.210999965667725,12500,0.0,0.0
2025-01-30 00:00:00-05:00,7.050000190734863,7.429999828338623,7.040999889373779,7.429999828338623,4700,0.0,0.0
2025-01-31 00:00:00-05:00,7.119999885559082,7.409999847412109,7.119999885559082,7.409999847412109,3700,0.0,0.0
2025-02-03 00:00:00-05:00,7.820000171661377,8.359999656677246,7.558000087738037,7.690000057220459,44900,0.0,0.0
2025-02-04 00:00:00-05:00,7.53000020980835,7.960000038146973,7.53000020980835,7.789999961853027,2400,0.0,0.0
2025-02-05 00:00:00-05:00,7.78000020980835,8.010000228881836,7.570000171661377,7.699999809265137,5800,0.0,0.0
2025-02-06 00:00:00-05:00,7.690000057220459,7.894999980926514,7.010000228881836,7.113999843597412,9600,0.0,0.0
2025-02-07 00:00:00-05:00,7.050000190734863,7.25,6.199999809265137,6.539999961853027,25900,0.0,0.0
2025-02-10 00:00:00-05:00,6.380000114440918,6.769999980926514,6.309999942779541,6.570000171661377,13200,0.0,0.0
2025-02-11 00:00:00-05:00,6.659999847412109,6.710000038146973,6.360000133514404,6.710000038146973,8600,0.0,0.0
2025-02-12 00:00:00-05:00,6.458000183105469,6.605000019073486,6.409999847412109,6.599999904632568,2600,0.0,0.0
2025-02-13 00:00:00-05:00,6.5289998054504395,6.869999885559082,6.5289998054504395,6.710000038146973,4500,0.0,0.0
2025-02-14 00:00:00-05:00,6.929999828338623,6.929999828338623,6.650000095367432,6.650000095367432,2400,0.0,0.0
2025-02-18 00:00:00-05:00,6.510000228881836,7.53000020980835,6.510000228881836,7.150000095367432,18200,0.0,0.0
2025-02-19 00:00:00-05:00,6.519999980926514,7.889999866485596,6.519999980926514,7.829999923706055,11600,0.0,0.0
2025-02-20 00:00:00-05:00,7.599999904632568,8.149999618530273,7.552999973297119,7.980000019073486,16100,0.0,0.0
2025-02-21 00:00:00-05:00,7.78000020980835,8.15999984741211,7.519999980926514,7.940000057220459,8600,0.0,0.0
2025-02-24 00:00:00-05:00,8.710000038146973,8.710000038146973,8.010000228881836,8.359999656677246,42200,0.0,0.0
2025-02-25 00:00:00-05:00,8.4399995803833,8.4399995803833,7.28000020980835,7.860000133514404,8500,0.0,0.0
2025-02-26 00:00:00-05:00,8.149999618530273,8.380000114440918,7.570000171661377,7.800000190734863,32000,0.0,0.0
2025-02-27 00:00:00-05:00,7.400000095367432,7.853000164031982,7.400000095367432,7.75,4200,0.0,0.0
2025-02-28 00:00:00-05:00,7.75,7.980000019073486,7.380000114440918,7.869999885559082,18800,0.0,0.0
2025-03-03 00:00:00-05:00,8.279999732971191,8.604000091552734,7.572000026702881,7.880000114440918,26300,0.0,0.0
2025-03-04 00:00:00-05:00,7.400000095367432,7.71999979019165,6.880000114440918,7.703000068664551,9300,0.0,0.0
2025-03-05 00:00:00-05:00,7.46999979019165,7.564000129699707,7.119999885559082,7.389999866485596,6300,0.0,0.0
2025-03-06 00:00:00-05:00,7.320000171661377,7.380000114440918,6.980000019073486,7.079999923706055,4400,0.0,0.0
2025-03-07 00:00:00-05:00,7.170000076293945,7.170000076293945,6.210000038146973,6.510000228881836,18700,0.0,0.0
2025-03-10 00:00:00-04:00,6.170000076293945,7.131999969482422,6.170000076293945,6.880000114440918,23800,0.0,0.0
2025-03-11 00:00:00-04:00,6.699999809265137,7.059999942779541,6.491000175476074,7.059999942779541,6100,0.0,0.0
2025-03-12 00:00:00-04:00,6.78000020980835,7.199999809265137,6.78000020980835,6.900000095367432,11100,0.0,0.0
2025-03-13 00:00:00-04:00,6.900000095367432,7.25,6.699999809265137,7.099999904632568,9500,0.0,0.0
2025-03-14 00:00:00-04:00,6.751999855041504,7.400000095367432,6.751999855041504,6.880000114440918,7900,0.0,0.0
2025-03-17 00:00:00-04:00,7.400000095367432,7.699999809265137,7.150000095367432,7.510000228881836,29600,0.0,0.0
2025-03-18 00:00:00-04:00,7.0,7.599999904632568,7.0,7.599999904632568,3200,0.0,0.0
2025-03-19 00:00:00-04:00,7.699999809265137,7.75,7.349999904632568,7.349999904632568,5000,0.0,0.0
2025-03-20 00:00:00-04:00,7.046000003814697,7.889999866485596,7.046000003814697,7.75,11000,0.0,0.0
2025-03-21 00:00:00-04:00,7.849999904632568,7.849999904632568,6.610000133514404,7.110000133514404,14600,0.0,0.0
2025-03-24 00:00:00-04:00,7.099999904632568,7.900000095367432,7.080999851226807,7.860000133514404,13100,0.0,0.0
2025-03-25 00:00:00-04:00,7.590000152587891,8.199999809265137,7.400000095367432,7.949999809265137,16500,0.0,0.0
2025-03-26 00:00:00-04:00,7.929999828338623,7.929999828338623,7.5,7.539999961853027,7700,0.0,0.0
2025-03-27 00:00:00-04:00,7.769999980926514,8.161999702453613,7.590000152587891,8.0,34300,0.0,0.0
2025-03-28 00:00:00-04:00,7.760000228881836,7.929999828338623,7.177999973297119,7.420000076293945,13700,0.0,0.0
2025-03-31 00:00:00-04:00,7.199999809265137,7.489999771118164,7.159999847412109,7.489999771118164,7000,0.0,0.0
2025-04-01 00:00:00-04:00,7.551000118255615,7.551000118255615,7.050000190734863,7.25,7600,0.0,0.0
2025-04-02 00:00:00-04:00,7.199999809265137,7.199999809265137,6.110000133514404,6.369999885559082,27000,0.0,0.0
2025-04-03 00:00:00-04:00,6.489999771118164,6.800000190734863,6.010000228881836,6.010000228881836,6800,0.0,0.0
2025-04-04 00:00:00-04:00,6.0,6.0,5.03000020980835,5.449999809265137,24900,0.0,0.0
2025-04-07 00:00:00-04:00,5.289999961853027,5.550000190734863,4.900000095367432,5.0,23100,0.0,0.0
2025-04-08 00:00:00-04:00,5.0,5.400000095367432,5.0,5.059999942779541,15300,0.0,0.0
2025-04-09 00:00:00-04:00,5.050000190734863,5.539999961853027,4.870999813079834,5.429999828338623,27000,0.0,0.0
2025-04-10 00:00:00-04:00,5.269999980926514,5.289999961853027,4.809999942779541,4.900000095367432,15500,0.0,0.0
2025-04-11 00:00:00-04:00,4.900000095367432,5.230999946594238,4.860000133514404,4.900000095367432,6400,0.0,0.0
2025-04-14 00:00:00-04:00,4.860000133514404,4.980000019073486,4.400000095367432,4.440000057220459,25800,0.0,0.0
2025-04-15 00:00:00-04:00,4.489999771118164,4.776000022888184,3.7339999675750732,4.050000190734863,25700,0.0,0.0
2025-04-16 00:00:00-04:00,4.010000228881836,4.058000087738037,3.7200000286102295,3.869999885559082,13000,0.0,0.0
2025-04-17 00:00:00-04:00,4.079999923706055,4.150000095367432,3.7720000743865967,3.859999895095825,19600,0.0,0.0
2025-04-21 00:00:00-04:00,3.7699999809265137,4.0,3.7699999809265137,3.819999933242798,21100,0.0,0.0
2025-04-22 00:00:00-04:00,3.8399999141693115,4.079999923706055,3.7699999809265137,3.9000000953674316,66400,0.0,0.0
2025-04-23 00:00:00-04:00,3.930000066757202,5.0,3.9200000762939453,4.699999809265137,30900,0.0,0.0
2025-04-24 00:00:00-04:00,4.710000038146973,4.710000038146973,4.309999942779541,4.599999904632568,14300,0.0,0.0
2025-04-25 00:00:00-04:00,4.5,4.519999980926514,4.235000133514404,4.369999885559082,6900,0.0,0.0
2025-04-28 00:00:00-04:00,4.340000152587891,4.380000114440918,4.150000095367432,4.28000020980835,9000,0.0,0.0
2025-04-29 00:00:00-04:00,4.300000190734863,4.300000190734863,4.170000076293945,4.25,7900,0.0,0.0
2025-04-30 00:00:00-04:00,4.230000019073486,4.28000020980835,3.700000047683716,3.75,19100,0.0,0.0
2025-05-01 00:00:00-04:00,3.809999942779541,3.881999969482422,3.75,3.809999942779541,7200,0.0,0.0
2025-05-02 00:00:00-04:00,3.930000066757202,4.170000076293945,3.8499999046325684,4.150000095367432,20200,0.0,0.0
2025-05-05 00:00:00-04:00,4.099999904632568,4.440000057220459,3.7899999618530273,4.199999809265137,45000,0.0,0.0
2025-05-06 00:00:00-04:00,4.170000076293945,4.256999969482422,4.051000118255615,4.170000076293945,5200,0.0,0.0
2025-05-07 00:00:00-04:00,4.400000095367432,5.0,4.130000114440918,4.909999847412109,139500,0.0,0.0
2025-05-08 00:00:00-04:00,4.820000171661377,5.460000038146973,4.820000171661377,5.159999847412109,11000,0.0,0.0
2025-05-09 00:00:00-04:00,5.190000057220459,5.21999979019165,4.949999809265137,4.949999809265137,5300,0.0,0.0
2025-05-12 00:00:00-04:00,4.949999809265137,5.295000076293945,4.860000133514404,5.170000076293945,5600,0.0,0.0
2025-05-13 00:00:00-04:00,5.119999885559082,5.360000133514404,4.8460001945495605,5.15500020980835,4600,0.0,0.0
2025-05-14 00:00:00-04:00,4.880000114440918,5.068999767303467,4.710000038146973,4.710000038146973,17300,0.0,0.0
2025-05-15 00:00:00-04:00,5.300000190734863,5.300000190734863,4.420000076293945,4.599999904632568,26400,0.0,0.0
2025-05-16 00:00:00-04:00,4.599999904632568,4.599999904632568,3.9100000858306885,3.9100000858306885,30800,0.0,0.0
2025-05-19 00:00:00-04:00,4.170000076293945,4.170000076293945,3.5999999046325684,3.680000066757202,34400,0.0,0.0
2025-05-20 00:00:00-04:00,3.680000066757202,4.5,3.680000066757202,3.940000057220459,147000,0.0,0.0
2025-05-21 00:00:00-04:00,3.950000047683716,4.111999988555908,3.7200000286102295,3.7699999809265137,80700,0.0,0.0
2025-05-22 00:00:00-04:00,3.7699999809265137,3.9600000381469727,3.7100000381469727,3.8399999141693115,11900,0.0,0.0
2025-05-23 00:00:00-04:00,3.9000000953674316,3.9000000953674316,3.609999895095825,3.6500000953674316,25800,0.0,0.0
2025-05-27 00:00:00-04:00,3.7200000286102295,3.75,3.38100004196167,3.5,31700,0.0,0.0
2025-05-28 00:00:00-04:00,3.5,3.6500000953674316,3.5,3.5899999141693115,6900,0.0,0.0
2025-05-29 00:00:00-04:00,3.630000114440918,3.75,3.630000114440918,3.700000047683716,5200,0.0,0.0
2025-05-30 00:00:00-04:00,3.640000104904175,3.700000047683716,3.4100000858306885,3.687999963760376,49700,0.0,0.0
2025-06-02 00:00:00-04:00,3.630000114440918,3.6700000762939453,3.5460000038146973,3.630000114440918,6500,0.0,0.0
2025-06-03 00:00:00-04:00,3.6500000953674316,3.700000047683716,3.5,3.609999895095825,23200,0.0,0.0
2025-06-04 00:00:00-04:00,3.609999895095825,3.7200000286102295,3.51200008392334,3.6700000762939453,7400,0.0,0.0
2025-06-05 00:00:00-04:00,3.6600000858306885,3.890000104904175,3.6600000858306885,3.7200000286102295,5400,0.0,0.0
2025-06-06 00:00:00-04:00,3.759999990463257,3.759999990463257,3.5,3.6500000953674316,14700,0.0,0.0
2025-06-09 00:00:00-04:00,3.700000047683716,3.880000114440918,3.5299999713897705,3.630000114440918,5700,0.0,0.0
2025-06-10 00:00:00-04:00,3.609999895095825,5.449999809265137,3.578000068664551,4.599999904632568,1338000,0.0,0.0
2025-06-11 00:00:00-04:00,4.630000114440918,4.630000114440918,3.799999952316284,3.930000066757202,111800,0.0,0.0
2025-06-12 00:00:00-04:00,4.019999980926514,4.284999847412109,3.930000066757202,4.079999923706055,33000,0.0,0.0
2025-06-13 00:00:00-04:00,4.139999866485596,4.139999866485596,3.549999952316284,3.7799999713897705,46800,0.0,0.0
2025-06-16 00:00:00-04:00,3.8499999046325684,3.884999990463257,3.7009999752044678,3.809999942779541,25800,0.0,0.0
2025-06-17 00:00:00-04:00,3.8499999046325684,4.001999855041504,3.6500000953674316,3.740000009536743,26700,0.0,0.0
2025-06-18 00:00:00-04:00,3.700000047683716,3.825000047683716,3.700000047683716,3.740000009536743,19700,0.0,0.0
2025-06-20 00:00:00-04:00,3.740000009536743,3.859999895095825,3.6500000953674316,3.7100000381469727,10600,0.0,0.0
2025-06-23 00:00:00-04:00,3.619999885559082,3.799999952316284,3.561000108718872,3.6700000762939453,33900,0.0,0.0
2025-06-24 00:00:00-04:00,3.640000104904175,3.680000066757202,3.509000062942505,3.619999885559082,9400,0.0,0.0
2025-06-25 00:00:00-04:00,3.5999999046325684,3.7739999294281006,3.5999999046325684,3.7300000190734863,19900,0.0,0.0
2025-06-26 00:00:00-04:00,3.700000047683716,3.9000000953674316,3.630000114440918,3.799999952316284,23700,0.0,0.0
2025-06-27 00:00:00-04:00,3.809999942779541,4.00600004196167,3.7990000247955322,3.9000000953674316,38500,0.0,0.0
2025-06-30 00:00:00-04:00,3.9000000953674316,4.21999979019165,3.9000000953674316,4.119999885559082,53900,0.0,0.0
2025-07-01 00:00:00-04:00,4.090000152587891,4.25,3.9159998893737793,4.110000133514404,11500,0.0,0.0
2025-07-02 00:00:00-04:00,4.099999904632568,4.429999828338623,3.9679999351501465,4.260000228881836,67600,0.0,0.0
2025-07-03 00:00:00-04:00,4.199999809265137,4.349999904632568,4.0,4.21999979019165,10500,0.0,0.0
2025-07-07 00:00:00-04:00,4.199999809265137,4.199999809265137,3.75,3.9000000953674316,14300,0.0,0.0
2025-07-08 00:00:00-04:00,3.809999942779541,4.0,3.809999942779541,3.950000047683716,7500,0.0,0.0
2025-07-09 00:00:00-04:00,3.869999885559082,4.150000095367432,3.869999885559082,4.150000095367432,5800,0.0,0.0
2025-07-10 00:00:00-04:00,4.110000133514404,4.150000095367432,3.9700000286102295,4.099999904632568,8900,0.0,0.0
2025-07-11 00:00:00-04:00,4.010000228881836,4.150000095367432,3.809999942779541,4.010000228881836,5300,0.0,0.0
2025-07-14 00:00:00-04:00,3.9600000381469727,4.050000190734863,3.9600000381469727,4.050000190734863,1600,0.0,0.0
2025-07-15 00:00:00-04:00,3.9800000190734863,4.150000095367432,3.9700000286102295,4.0,6100,0.0,0.0
2025-07-16 00:00:00-04:00,4.010000228881836,4.119999885559082,3.812000036239624,3.9600000381469727,11900,0.0,0.0
2025-07-17 00:00:00-04:00,3.9100000858306885,3.98799991607666,3.8499999046325684,3.9000000953674316,22900,0.0,0.0
2025-07-18 00:00:00-04:00,3.859999895095825,4.070000171661377,3.859999895095825,4.010000228881836,11100,0.0,0.0
2025-07-21 00:00:00-04:00,3.930000066757202,4.070000171661377,3.930000066757202,3.990000009536743,12800,0.0,0.0
2025-07-22 00:00:00-04:00,4.059999942779541,4.360000133514404,3.984999895095825,4.21999979019165,43600,0.0,0.0
2025-07-23 00:00:00-04:00,4.300000190734863,4.909999847412109,4.300000190734863,4.690000057220459,39200,0.0,0.0
2025-07-24 00:00:00-04:00,4.659999847412109,4.909999847412109,4.340000152587891,4.670000076293945,19300,0.0,0.0
2025-07-25 00:00:00-04:00,4.659999847412109,4.76200008392334,4.46999979019165,4.610000133514404,18500,0.0,0.0
2025-07-28 00:00:00-04:00,4.639999866485596,4.789999961853027,4.400000095367432,4.570000171661377,10800,0.0,0.0
2025-07-29 00:00:00-04:00,4.579999923706055,4.690000057220459,4.300000190734863,4.5,10300,0.0,0.0
2025-07-30 00:00:00-04:00,4.550000190734863,4.630000114440918,4.420000076293945,4.550000190734863,2700,0.0,0.0
2025-07-31 00:00:00-04:00,4.400000095367432,4.499000072479248,4.349999904632568,4.349999904632568,1600,0.0,0.0
2025-08-01 00:00:00-04:00,4.329999923706055,4.429999828338623,3.9100000858306885,3.9100000858306885,8700,0.0,0.0
2025-08-04 00:00:00-04:00,3.890000104904175,4.159999847412109,3.890000104904175,3.9000000953674316,8600,0.0,0.0
2025-08-05 00:00:00-04:00,4.03000020980835,4.03000020980835,3.759999990463257,3.819999933242798,12300,0.0,0.0
2025-08-06 00:00:00-04:00,4.199999809265137,5.75,4.190000057220459,4.510000228881836,271900,0.0,0.0
2025-08-07 00:00:00-04:00,4.510000228881836,4.550000190734863,4.235000133514404,4.349999904632568,8400,0.0,0.0
2025-08-08 00:00:00-04:00,4.46999979019165,4.679999828338623,4.09499979019165,4.610000133514404,24300,0.0,0.0
2025-08-11 00:00:00-04:00,4.710000038146973,4.714000225067139,4.401000022888184,4.550000190734863,11700,0.0,0.0
2025-08-12 00:00:00-04:00,4.650000095367432,4.789999961853027,4.550000190734863,4.650000095367432,6500,0.0,0.0
2025-08-13 00:00:00-04:00,4.769999980926514,5.119999885559082,4.756999969482422,5.039999961853027,20500,0.0,0.0
2025-08-14 00:00:00-04:00,4.954999923706055,5.03000020980835,4.889999866485596,4.96999979019165,4300,0.0,0.0
2025-08-15 00:00:00-04:00,5.070000171661377,5.329999923706055,4.960000038146973,5.21999979019165,28000,0.0,0.0
2025-08-18 00:00:00-04:00,5.190000057220459,5.96999979019165,5.190000057220459,5.650000095367432,35400,0.0,0.0
2025-08-19 00:00:00-04:00,5.630000114440918,5.644999980926514,5.199999809265137,5.320000171661377,9800,0.0,0.0
2025-08-20 00:00:00-04:00,5.25,5.295000076293945,5.0,5.139999866485596,13800,0.0,0.0
2025-08-21 00:00:00-04:00,5.039999961853027,5.4770002365112305,4.849999904632568,5.400000095367432,7200,0.0,0.0
2025-08-22 00:00:00-04:00,5.369999885559082,5.517000198364258,5.1519999504089355,5.409999847412109,23000,0.0,0.0
2025-08-25 00:00:00-04:00,5.519999980926514,6.420000076293945,5.460000038146973,5.690000057220459,46700,0.0,0.0
2025-08-26 00:00:00-04:00,5.639999866485596,5.760000228881836,5.519999980926514,5.619999885559082,11100,0.0,0.0
2025-08-27 00:00:00-04:00,5.599999904632568,5.599999904632568,5.519999980926514,5.579999923706055,4600,0.0,0.0
2025-08-28 00:00:00-04:00,5.539999961853027,5.650000095367432,5.438000202178955,5.559999942779541,4000,0.0,0.0
2025-08-29 00:00:00-04:00,5.46999979019165,5.659999847412109,5.409999847412109,5.510000228881836,4700,0.0,0.0
2025-09-02 00:00:00-04:00,5.489999771118164,5.5,5.119999885559082,5.360000133514404,7400,0.0,0.0
2025-09-03 00:00:00-04:00,5.53000020980835,5.9039998054504395,5.320000171661377,5.679999828338623,22100,0.0,0.0
2025-09-04 00:00:00-04:00,5.679999828338623,6.420000076293945,5.545000076293945,5.760000228881836,14800,0.0,0.0
2025-09-05 00:00:00-04:00,5.61899995803833,5.989999771118164,5.610000133514404,5.769999980926514,9500,0.0,0.0
2025-09-08 00:00:00-04:00,5.550000190734863,5.760000228881836,5.300000190734863,5.53000020980835,24100,0.0,0.0
2025-09-09 00:00:00-04:00,5.510000228881836,5.940000057220459,5.510000228881836,5.739999771118164,12300,0.0,0.0
2025-09-10 00:00:00-04:00,5.989999771118164,6.119999885559082,5.619999885559082,5.860000133514404,22200,0.0,0.0
2025-09-11 00:00:00-04:00,5.909999847412109,6.150000095367432,5.909999847412109,5.980000019073486,9900,0.0,0.0
2025-09-12 00:00:00-04:00,6.019999980926514,6.449999809265137,6.014999866485596,6.449999809265137,11200,0.0,0.0
2025-09-15 00:00:00-04:00,6.449999809265137,6.869999885559082,6.223999977111816,6.739999771118164,10300,0.0,0.0
2025-09-16 00:00:00-04:00,6.960000038146973,7.289999961853027,6.480000019073486,7.289999961853027,29300,0.0,0.0
2025-09-17 00:00:00-04:00,7.0,7.239999771118164,6.806000232696533,6.900000095367432,11700,0.0,0.0
2025-09-18 00:00:00-04:00,6.949999809265137,6.949999809265137,6.199999809265137,6.800000190734863,8700,0.0,0.0
2025-09-19 00:00:00-04:00,6.599999904632568,6.755000114440918,6.5,6.71999979019165,12900,0.0,0.0
2025-09-22 00:00:00-04:00,6.699999809265137,7.150000095367432,6.659999847412109,7.03000020980835,11200,0.0,0.0
2025-09-23 00:00:00-04:00,6.995999813079834,6.995999813079834,6.489999771118164,6.630000114440918,10700,0.0,0.0
2025-09-24 00:00:00-04:00,6.650000095367432,6.650000095367432,5.659999847412109,6.0,18100,0.0,0.0
2025-09-25 00:00:00-04:00,6.050000190734863,6.050000190734863,5.800000190734863,5.900000095367432,6100,0.0,0.0
2025-09-26 00:00:00-04:00,5.849999904632568,6.061999797821045,5.78000020980835,5.96999979019165,7100,0.0,0.0
2025-09-29 00:00:00-04:00,5.940000057220459,6.263999938964844,5.900000095367432,5.900000095367432,8300,0.0,0.0
2025-09-30 00:00:00-04:00,5.989999771118164,6.140999794006348,5.909999847412109,5.920000076293945,6100,0.0,0.0
2025-10-01 00:00:00-04:00,5.909999847412109,6.050000190734863,5.400000095367432,5.699999809265137,16400,0.0,0.0
2025-10-02 00:00:00-04:00,5.610000133514404,5.920000076293945,5.610000133514404,5.920000076293945,11600,0.0,0.0
2025-10-03 00:00:00-04:00,5.940000057220459,5.940000057220459,5.71999979019165,5.840000152587891,6600,0.0,0.0
2025-10-06 00:00:00-04:00,5.71999979019165,5.900000095367432,5.599999904632568,5.829999923706055,30700,0.0,0.0
2025-10-07 00:00:00-04:00,5.800000190734863,5.880000114440918,5.420000076293945,5.679999828338623,15300,0.0,0.0
2025-10-08 00:00:00-04:00,5.46999979019165,5.936999797821045,5.341000080108643,5.820000171661377,12900,0.0,0.0
2025-10-09 00:00:00-04:00,5.78000020980835,5.869999885559082,5.550000190734863,5.760000228881836,3000,0.0,0.0
2025-10-10 00:00:00-04:00,5.800000190734863,5.800000190734863,5.178999900817871,5.449999809265137,13700,0.0,0.0
2025-10-13 00:00:00-04:00,5.420000076293945,5.420000076293945,5.099999904632568,5.400000095367432,13100,0.0,0.0
2025-10-14 00:00:00-04:00,5.010000228881836,5.38100004196167,5.010000228881836,5.309999942779541,14700,0.0,0.0
2025-10-15 00:00:00-04:00,5.275000095367432,5.767000198364258,5.179999828338623,5.755000114440918,26800,0.0,0.0
2025-10-16 00:00:00-04:00,5.699999809265137,5.800000190734863,5.21999979019165,5.389999866485596,22000,0.0,0.0
2025-10-17 00:00:00-04:00,5.5,5.599999904632568,5.179999828338623,5.179999828338623,14000,0.0,0.0
2025-10-20 00:00:00-04:00,5.179999828338623,5.635000228881836,5.010000228881836,5.449999809265137,11200,0.0,0.0
2025-10-21 00:00:00-04:00,5.420000076293945,5.800000190734863,5.349999904632568,5.670000076293945,8600,0.0,0.0
2025-10-22 00:00:00-04:00,5.369999885559082,5.736000061035156,5.369999885559082,5.570000171661377,8500,0.0,0.0
2025-10-23 00:00:00-04:00,5.570000171661377,5.730000019073486,5.400000095367432,5.550000190734863,16300,0.0,0.0
2025-10-24 00:00:00-04:00,5.429999828338623,5.710000038146973,5.400000095367432,5.679999828338623,8500,0.0,0.0
2025-10-27 00:00:00-04:00,5.590000152587891,5.599999904632568,5.0,5.074999809265137,28800,0.0,0.0
2025-10-28 00:00:00-04:00,5.090000152587891,5.199999809265137,4.75,4.940000057220459,18400,0.0,0.0
2025-10-29 00:00:00-04:00,4.960000038146973,5.110000133514404,4.610000133514404,4.769999980926514,38700,0.0,0.0
2025-10-30 00:00:00-04:00,4.84499979019165,5.0,4.671000003814697,4.960000038146973,8900,0.0,0.0
2025-10-31 00:00:00-04:00,5.179999828338623,5.311999797821045,4.840000152587891,4.849999904632568,7600,0.0,0.0
2025-11-03 00:00:00-05:00,4.869999885559082,4.960000038146973,4.716000080108643,4.769999980926514,3400,0.0,0.0
2025-11-04 00:00:00-05:00,4.699999809265137,4.889999866485596,4.599999904632568,4.599999904632568,4100,0.0,0.0
2025-11-05 00:00:00-05:00,4.599999904632568,4.599999904632568,4.324999809265137,4.329999923706055,4900,0.0,0.0
2025-11-06 00:00:00-05:00,4.440000057220459,4.449999809265137,4.061999797821045,4.25,13800,0.0,0.0
2025-11-07 00:00:00-05:00,4.053999900817871,5.0,4.053999900817871,5.0,44100,0.0,0.0
2025-11-10 00:00:00-05:00,4.909999847412109,5.703999996185303,4.519999980926514,5.019999980926514,466000,0.0,0.0
2025-11-11 00:00:00-05:00,6.03000020980835,6.349999904632568,5.119999885559082,5.920000076293945,9947500,0.0,0.0
2025-11-12 00:00:00-05:00,5.690000057220459,6.289999961853027,5.515999794006348,5.889999866485596,332200,0.0,0.0
2025-11-13 00:00:00-05:00,6.039999961853027,6.46999979019165,5.840000152587891,6.110000133514404,172400,0.0,0.0
2025-11-14 00:00:00-05:00,6.309999942779541,6.900000095367432,6.119999885559082,6.269999980926514,143000,0.0,0.0
2025-11-17 00:00:00-05:00,6.699999809265137,7.690000057220459,6.610000133514404,7.559999942779541,247500,0.0,0.0
2025-11-18 00:00:00-05:00,7.599999904632568,8.109999656677246,7.28000020980835,8.039999961853027,133600,0.0,0.0
2025-11-19 00:00:00-05:00,8.109999656677246,8.239999771118164,7.690000057220459,8.140000343322754,71000,0.0,0.0
2025-11-20 00:00:00-05:00,8.119999885559082,8.27299976348877,7.440000057220459,7.90500020980835,65400,0.0,0.0
2025-11-21 00:00:00-05:00,8.039999961853027,8.270000457763672,7.545000076293945,8.170000076293945,79900,0.0,0.0
2025-11-24 00:00:00-05:00,8.25,10.989999771118164,8.182000160217285,9.5,331400,0.0,0.0
2025-11-25 00:00:00-05:00,9.600000381469727,10.029999732971191,8.670000076293945,9.0,162500,0.0,0.0
2025-11-26 00:00:00-05:00,9.029999732971191,9.713000297546387,8.460000038146973,8.470000267028809,46900,0.0,0.0
2025-11-28 00:00:00-05:00,8.529999732971191,9.09000015258789,8.529999732971191,8.829999923706055,31800,0.0,0.0
2025-12-01 00:00:00-05:00,9.109999656677246,10.010000228881836,8.954999923706055,9.979999542236328,150400,0.0,0.0
2025-12-02 00:00:00-05:00,10.029999732971191,10.600000381469727,9.479999542236328,9.520000457763672,130800,0.0,0.0
2025-12-03 00:00:00-05:00,9.619999885559082,10.84000015258789,9.449999809265137,10.125,97100,0.0,0.0
2025-12-04 00:00:00-05:00,10.15999984741211,10.47700023651123,9.90999984741211,10.300000190734863,72300,0.0,0.0
2025-12-05 00:00:00-05:00,10.300000190734863,11.5600004196167,10.180000305175781,11.140000343322754,113800,0.0,0.0
2025-12-08 00:00:00-05:00,11.300000190734863,12.220000267028809,11.300000190734863,11.880000114440918,123700,0.0,0.0
2025-12-09 00:00:00-05:00,11.770000457763672,12.029999732971191,11.140000343322754,11.779999732971191,70900,0.0,0.0
2025-12-10 00:00:00-05:00,11.720000267028809,12.279999732971191,11.699999809265137,12.09000015258789,142200,0.0,0.0
2025-12-11 00:00:00-05:00,12.020000457763672,12.050000190734863,10.65999984741211,11.899999618530273,76200,0.0,0.0
2025-12-12 00:00:00-05:00,11.970000267028809,12.329999923706055,11.579999923706055,11.579999923706055,57700,0.0,0.0
2025-12-15 00:00:00-05:00,11.569999694824219,12.005000114440918,10.180000305175781,10.329999923706055,96600,0.0,0.0
2025-12-16 00:00:00-05:00,10.239999771118164,11.0,10.239999771118164,10.680000305175781,34800,0.0,0.0
2025-12-17 00:00:00-05:00,10.710000038146973,11.46500015258789,10.6899995803833,10.880000114440918,41700,0.0,0.0
2025-12-18 00:00:00-05:00,10.880000114440918,12.199999809265137,10.819999694824219,11.770000457763672,67800,0.0,0.0
2025-12-19 00:00:00-05:00,11.869999885559082,12.329999923706055,11.0649995803833,11.300000190734863,125700,0.0,0.0
2025-12-22 00:00:00-05:00,11.25,11.531999588012695,10.569999694824219,10.569999694824219,85800,0.0,0.0
2025-12-23 00:00:00-05:00,10.520000457763672,11.279999732971191,10.520000457763672,10.720000267028809,29300,0.0,0.0
2025-12-24 00:00:00-05:00,10.710000038146973,11.163999557495117,10.619999885559082,10.8100004196167,11900,0.0,0.0
2025-12-26 00:00:00-05:00,10.699999809265137,10.779999732971191,10.020000457763672,10.050000190734863,39600,0.0,0.0
2025-12-29 00:00:00-05:00,9.920000076293945,10.114999771118164,8.979999542236328,9.9399995803833,120500,0.0,0.0
2025-12-30 00:00:00-05:00,9.800000190734863,10.8100004196167,9.414999961853027,10.289999961853027,63600,0.0,0.0
2025-12-31 00:00:00-05:00,10.239999771118164,10.529999732971191,10.1850004196167,10.359999656677246,34800,0.0,0.0
2026-01-02 00:00:00-05:00,10.359999656677246,10.619999885559082,9.390000343322754,9.420000076293945,39100,0.0,0.0
2026-01-05 00:00:00-05:00,9.460000038146973,10.859999656677246,9.460000038146973,10.289999961853027,71000,0.0,0.0
2026-01-06 00:00:00-05:00,10.319999694824219,10.649999618530273,10.206999778747559,10.279999732971191,18400,0.0,0.0
2026-01-07 00:00:00-05:00,10.329999923706055,10.760000228881836,10.145000457763672,10.1899995803833,42500,0.0,0.0
2026-01-08 00:00:00-05:00,10.25,10.529999732971191,9.869999885559082,9.869999885559082,17500,0.0,0.0
2026-01-09 00:00:00-05:00,9.8100004196167,10.109999656677246,9.61400032043457,9.680000305175781,23700,0.0,0.0
2026-01-12 00:00:00-05:00,9.819999694824219,10.75,9.760000228881836,10.585000038146973,68400,0.0,0.0
2026-01-13 00:00:00-05:00,10.460000038146973,10.569999694824219,9.930000305175781,9.930000305175781,40400,0.0,0.0
2026-01-14 00:00:00-05:00,9.970000267028809,10.390000343322754,9.899999618530273,10.1899995803833,48600,0.0,0.0
2026-01-15 00:00:00-05:00,10.199999809265137,10.718000411987305,10.010000228881836,10.399999618530273,55100,0.0,0.0
2026-01-16 00:00:00-05:00,10.350000381469727,10.350000381469727,9.619999885559082,9.699999809265137,83200,0.0,0.0
2026-01-20 00:00:00-05:00,9.649999618530273,10.364999771118164,9.300000190734863,9.479999542236328,96900,0.0,0.0
2026-01-21 00:00:00-05:00,9.479999542236328,10.069999694824219,9.34000015258789,9.699999809265137,43700,0.0,0.0
2026-01-22 00:00:00-05:00,9.869999885559082,10.739999771118164,9.869999885559082,10.630000114440918,15000,0.0,0.0
2026-01-23 00:00:00-05:00,10.65999984741211,10.970000267028809,10.039999961853027,10.75,32900,0.0,0.0
2026-01-26 00:00:00-05:00,10.479999542236328,10.649999618530273,10.024999618530273,10.295000076293945,49700,0.0,0.0
2026-01-27 00:00:00-05:00,10.25,11.180000305175781,10.25,11.109999656677246,23900,0.0,0.0
2026-01-28 00:00:00-05:00,11.199999809265137,11.899999618530273,11.02400016784668,11.520000457763672,30900,0.0,0.0
2026-01-29 00:00:00-05:00,11.539999961853027,11.859999656677246,10.979999542236328,11.550000190734863,55900,0.0,0.0
2026-01-30 00:00:00-05:00,11.449999809265137,11.541999816894531,11.289999961853027,11.380000114440918,21600,0.0,0.0
2026-02-02 00:00:00-05:00,11.40999984741211,12.65999984741211,11.380000114440918,12.3100004196167,120500,0.0,0.0
2026-02-03 00:00:00-05:00,12.220000267028809,12.619999885559082,11.0,11.649999618530273,46200,0.0,0.0
2026-02-04 00:00:00-05:00,11.4399995803833,11.920000076293945,10.670000076293945,11.130000114440918,41000,0.0,0.0
2026-02-05 00:00:00-05:00,10.970000267028809,11.359999656677246,10.489999771118164,10.670000076293945,43000,0.0,0.0
2026-02-06 00:00:00-05:00,10.6899995803833,11.15999984741211,10.649999618530273,10.84000015258789,49100,0.0,0.0
2026-02-09 00:00:00-05:00,10.520000457763672,10.579999923706055,9.649999618530273,9.989999771118164,81000,0.0,0.0
2026-02-10 00:00:00-05:00,10.020000457763672,10.149999618530273,9.789999961853027,9.800000190734863,32000,0.0,0.0
2026-02-11 00:00:00-05:00,9.8100004196167,9.890000343322754,9.460000038146973,9.6850004196167,23800,0.0,0.0
2026-02-12 00:00:00-05:00,9.539999961853027,9.670000076293945,8.949999809265137,9.1899995803833,18700,0.0,0.0
2026-02-13 00:00:00-05:00,9.25,9.399999618530273,8.829999923706055,8.859999656677246,15000,0.0,0.0
2026-02-17 00:00:00-05:00,8.960000038146973,9.010000228881836,8.279999732971191,8.600000381469727,26300,0.0,0.0
2026-02-18 00:00:00-05:00,8.460000038146973,9.020000457763672,8.460000038146973,8.829999923706055,13500,0.0,0.0
2026-02-19 00:00:00-05:00,8.680000305175781,8.699999809265137,7.840000152587891,8.300000190734863,41600,0.0,0.0
2026-02-20 00:00:00-05:00,8.119999885559082,8.59000015258789,7.960000038146973,8.010000228881836,14300,0.0,0.0
2026-02-23 00:00:00-05:00,8.0,8.09000015258789,7.025000095367432,7.699999809265137,72700,0.0,0.0
2026-02-24 00:00:00-05:00,7.599999904632568,7.869999885559082,7.079999923706055,7.28000020980835,25500,0.0,0.0
2026-02-25 00:00:00-05:00,7.409999847412109,7.639999866485596,7.135000228881836,7.420000076293945,11000,0.0,0.0
2026-02-26 00:00:00-05:00,7.28000020980835,7.679999828338623,7.28000020980835,7.440000057220459,6100,0.0,0.0
2026-02-27 00:00:00-05:00,7.28000020980835,7.449999809265137,6.820000171661377,6.960000038146973,17500,0.0,0.0
2026-03-02 00:00:00-05:00,6.78000020980835,8.420000076293945,6.769999980926514,8.010000228881836,61400,0.0,0.0
2026-03-03 00:00:00-05:00,8.09000015258789,8.850000381469727,7.525000095367432,8.680000305175781,25200,0.0,0.0
2026-03-04 00:00:00-05:00,8.75,8.770000457763672,8.020000457763672,8.335000038146973,18300,0.0,0.0
2026-03-05 00:00:00-05:00,8.5600004196167,8.949999809265137,8.5,8.694999694824219,24400,0.0,0.0
2026-03-06 00:00:00-05:00,8.5,9.170000076293945,8.220000267028809,8.270000457763672,19900,0.0,0.0
2026-03-09 00:00:00-04:00,8.1899995803833,8.25,7.801000118255615,8.194999694824219,23400,0.0,0.0
2026-03-10 00:00:00-04:00,8.210000038146973,8.428000450134277,7.940000057220459,8.329999923706055,26100,0.0,0.0
2026-03-11 00:00:00-04:00,9.994999885559082,11.5,9.779999732971191,10.90999984741211,257200,0.0,0.0
2026-03-12 00:00:00-04:00,11.15999984741211,11.694999694824219,10.739999771118164,10.739999771118164,63600,0.0,0.0
2026-03-13 00:00:00-04:00,11.0,11.4399995803833,10.5600004196167,10.5600004196167,53000,0.0,0.0
2026-03-16 00:00:00-04:00,10.729999542236328,12.050000190734863,10.729999542236328,11.15999984741211,70800,0.0,0.0
2026-03-17 00:00:00-04:00,11.960000038146973,12.649999618530273,11.319999694824219,11.729999542236328,166200,0.0,0.0
2026-03-18 00:00:00-04:00,12.079999923706055,12.289999961853027,11.550000190734863,11.699999809265137,85100,0.0,0.0
2026-03-19 00:00:00-04:00,11.510000228881836,11.6899995803833,10.729999542236328,11.130000114440918,60400,0.0,0.0
2026-03-20 00:00:00-04:00,11.15999984741211,11.647000312805176,10.300000190734863,11.15999984741211,61500,0.0,0.0
2026-03-23 00:00:00-04:00,11.180000305175781,12.390000343322754,10.460000038146973,11.635000228881836,129000,0.0,0.0
2026-03-24 00:00:00-04:00,11.600000381469727,11.84000015258789,11.098999977111816,11.229999542236328,40300,0.0,0.0
2026-03-25 00:00:00-04:00,11.279999732971191,12.35200023651123,11.260000228881836,11.609999656677246,68200,0.0,0.0
2026-03-26 00:00:00-04:00,11.779999732971191,12.079999923706055,11.210000038146973,11.529999732971191,60300,0.0,0.0
2026-03-27 00:00:00-04:00,11.699999809265137,11.699999809265137,9.800000190734863,10.229999542236328,106000,0.0,0.0
2026-03-30 00:00:00-04:00,10.489999771118164,11.489999771118164,10.489999771118164,11.15999984741211,81500,0.0,0.0
2026-03-31 00:00:00-04:00,11.260000228881836,11.289999961853027,10.399999618530273,10.859999656677246,58700,0.0,0.0
2026-04-01 00:00:00-04:00,11.130000114440918,12.199999809265137,11.130000114440918,11.520000457763672,118000,0.0,0.0
2026-04-02 00:00:00-04:00,11.329999923706055,12.0,11.300000190734863,11.899999618530273,145900,0.0,0.0
2026-04-06 00:00:00-04:00,11.899999618530273,12.130000114440918,11.3100004196167,11.59000015258789,100200,0.0,0.0
2026-04-07 00:00:00-04:00,11.34000015258789,11.5600004196167,9.713000297546387,9.720000267028809,129600,0.0,0.0
2026-04-08 00:00:00-04:00,10.029999732971191,10.279999732971191,9.5,10.020000457763672,83100,0.0,0.0
2026-04-09 00:00:00-04:00,10.25,10.541000366210938,10.0,10.399999618530273,59100,0.0,0.0
2026-04-10 00:00:00-04:00,10.399999618530273,10.470000267028809,9.850000381469727,10.260000228881836,37300,0.0,0.0
2026-04-13 00:00:00-04:00,10.130000114440918,11.489999771118164,10.0,11.369999885559082,64800,0.0,0.0
2026-04-14 00:00:00-04:00,11.270000457763672,11.59000015258789,11.050000190734863,11.119999885559082,32200,0.0,0.0
2026-04-15 00:00:00-04:00,11.020000457763672,11.581000328063965,10.8100004196167,11.0,43100,0.0,0.0
2026-04-16 00:00:00-04:00,10.90999984741211,11.100000381469727,10.649999618530273,10.989999771118164,25700,0.0,0.0
2026-04-17 00:00:00-04:00,11.109999656677246,12.520000457763672,11.024999618530273,12.220000267028809,116800,0.0,0.0
2026-04-20 00:00:00-04:00,12.0,12.489999771118164,11.600000381469727,12.489999771118164,92700,0.0,0.0
2026-04-21 00:00:00-04:00,12.520000457763672,14.329999923706055,12.470000267028809,14.0600004196167,120600,0.0,0.0
2026-04-22 00:00:00-04:00,14.399999618530273,14.744999885559082,13.5,14.40999984741211,94500,0.0,0.0
2026-04-23 00:00:00-04:00,14.380000114440918,15.460000038146973,14.079999923706055,15.055000305175781,84000,0.0,0.0
2026-04-24 00:00:00-04:00,15.539999961853027,15.729999542236328,14.390000343322754,15.489999771118164,78700,0.0,0.0
2026-04-27 00:00:00-04:00,15.65999984741211,16.479999542236328,14.850000381469727,15.289999961853027,118900,0.0,0.0
2026-04-28 00:00:00-04:00,15.15999984741211,16.450000762939453,14.90999984741211,16.049999237060547,85400,0.0,0.0
2026-04-29 00:00:00-04:00,15.989999771118164,16.68000030517578,15.0,15.270000457763672,76000,0.0,0.0
2026-04-30 00:00:00-04:00,15.390000343322754,15.635000228881836,14.760000228881836,14.960000038146973,32200,0.0,0.0
2026-05-01 00:00:00-04:00,15.1899995803833,16.8700008392334,14.0,14.989999771118164,114800,0.0,0.0
2026-05-04 00:00:00-04:00,15.029999732971191,15.029999732971191,13.380000114440918,13.680000305175781,102100,0.0,0.0
2026-05-05 00:00:00-04:00,13.680000305175781,15.260000228881836,13.680000305175781,15.109999656677246,59516,0.0,0.0
