Date,Open,High,Low,Close,Volume,Dividends,Stock Splits
2022-01-03 00:00:00-05:00,135.47999572753906,135.89999389648438,130.9199981689453,134.2899932861328,810000,0.0,0.0
2022-01-04 00:00:00-05:00,132.47000122070312,134.16000366210938,123.5,126.16000366210938,1232700,0.0,0.0
2022-01-05 00:00:00-05:00,125.55000305175781,130.44000244140625,123.72000122070312,126.80000305175781,813600,0.0,0.0
2022-01-06 00:00:00-05:00,125.18000030517578,130.11000061035156,122.47000122070312,126.88999938964844,662200,0.0,0.0
2022-01-07 00:00:00-05:00,130.16000366210938,130.25,122.73999786376953,124.0999984741211,1161800,0.0,0.0
2022-01-10 00:00:00-05:00,123.0,130.67999267578125,122.22000122070312,130.2899932861328,887500,0.0,0.0
2022-01-11 00:00:00-05:00,130.1999969482422,131.8800048828125,125.9800033569336,127.62000274658203,820200,0.0,0.0
2022-01-12 00:00:00-05:00,127.62000274658203,129.0,124.48999786376953,124.76000213623047,699000,0.0,0.0
2022-01-13 00:00:00-05:00,125.66999816894531,125.66999816894531,117.19000244140625,117.5,1136000,0.0,0.0
2022-01-14 00:00:00-05:00,117.0,119.81999969482422,113.0199966430664,114.87999725341797,911900,0.0,0.0
2022-01-18 00:00:00-05:00,114.66000366210938,115.43000030517578,109.6500015258789,110.05999755859375,760200,0.0,0.0
2022-01-19 00:00:00-05:00,110.56999969482422,113.61000061035156,108.87999725341797,112.31999969482422,663400,0.0,0.0
2022-01-20 00:00:00-05:00,113.80000305175781,115.81999969482422,109.30000305175781,109.4000015258789,501500,0.0,0.0
2022-01-21 00:00:00-05:00,108.83000183105469,109.30999755859375,104.83999633789062,105.01000213623047,579900,0.0,0.0
2022-01-24 00:00:00-05:00,100.93000030517578,103.1500015258789,96.18000030517578,102.61000061035156,1105300,0.0,0.0
2022-01-25 00:00:00-05:00,102.12999725341797,102.75,96.80999755859375,99.11000061035156,1250600,0.0,0.0
2022-01-26 00:00:00-05:00,99.62000274658203,100.98999786376953,94.76000213623047,95.18000030517578,581700,0.0,0.0
2022-01-27 00:00:00-05:00,96.0999984741211,97.36000061035156,91.13999938964844,91.5,665500,0.0,0.0
2022-01-28 00:00:00-05:00,92.0,101.7699966430664,91.55000305175781,101.73999786376953,1856200,0.0,0.0
2022-01-31 00:00:00-05:00,102.52999877929688,104.80999755859375,100.26000213623047,103.36000061035156,601700,0.0,0.0
2022-02-01 00:00:00-05:00,103.5,104.95999908447266,100.0,102.31999969482422,540600,0.0,0.0
2022-02-02 00:00:00-05:00,101.63999938964844,103.22000122070312,100.55999755859375,102.19000244140625,527500,0.0,0.0
2022-02-03 00:00:00-05:00,100.11000061035156,102.98999786376953,99.5,99.68000030517578,480200,0.0,0.0
2022-02-04 00:00:00-05:00,100.77999877929688,101.11000061035156,97.38999938964844,98.87000274658203,869200,0.0,0.0
2022-02-07 00:00:00-05:00,99.43000030517578,99.44999694824219,95.8499984741211,96.4000015258789,450900,0.0,0.0
2022-02-08 00:00:00-05:00,96.04000091552734,96.16000366210938,93.18000030517578,95.0199966430664,611300,0.0,0.0
2022-02-09 00:00:00-05:00,96.05999755859375,98.94999694824219,95.76000213623047,97.63999938964844,391000,0.0,0.0
2022-02-10 00:00:00-05:00,96.11000061035156,99.31999969482422,95.0,95.33999633789062,398300,0.0,0.0
2022-02-11 00:00:00-05:00,96.61000061035156,97.94999694824219,95.16999816894531,96.02999877929688,648200,0.0,0.0
2022-02-14 00:00:00-05:00,95.94999694824219,96.0999984741211,92.22000122070312,92.4000015258789,612300,0.0,0.0
2022-02-15 00:00:00-05:00,93.88999938964844,95.98999786376953,93.25,95.38999938964844,630200,0.0,0.0
2022-02-16 00:00:00-05:00,94.55000305175781,94.55000305175781,91.31999969482422,92.52999877929688,435100,0.0,0.0
2022-02-17 00:00:00-05:00,93.01000213623047,93.12999725341797,88.37000274658203,88.44000244140625,746700,0.0,0.0
2022-02-18 00:00:00-05:00,92.93000030517578,103.7300033569336,91.63999938964844,97.83999633789062,2066800,0.0,0.0
2022-02-22 00:00:00-05:00,99.30000305175781,105.47000122070312,99.19999694824219,103.08999633789062,964200,0.0,0.0
2022-02-23 00:00:00-05:00,102.47000122070312,106.30000305175781,102.29000091552734,103.08999633789062,940400,0.0,0.0
2022-02-24 00:00:00-05:00,99.9800033569336,105.16000366210938,99.20999908447266,104.4000015258789,1120900,0.0,0.0
2022-02-25 00:00:00-05:00,104.08999633789062,108.01000213623047,102.55999755859375,107.73999786376953,764700,0.0,0.0
2022-02-28 00:00:00-05:00,107.0999984741211,108.68000030517578,104.37000274658203,105.79000091552734,696800,0.0,0.0
2022-03-01 00:00:00-05:00,106.0,107.75,102.63999938964844,103.55000305175781,591900,0.0,0.0
2022-03-02 00:00:00-05:00,103.3499984741211,105.3499984741211,101.0,103.83000183105469,709100,0.0,0.0
2022-03-03 00:00:00-05:00,104.62999725341797,104.62999725341797,100.6500015258789,101.19999694824219,386300,0.0,0.0
2022-03-04 00:00:00-05:00,100.13999938964844,102.16000366210938,98.52999877929688,99.56999969482422,517600,0.0,0.0
2022-03-07 00:00:00-05:00,99.73999786376953,101.87999725341797,97.83000183105469,99.01000213623047,475600,0.0,0.0
2022-03-08 00:00:00-05:00,98.30999755859375,100.55000305175781,96.95999908447266,98.1500015258789,474200,0.0,0.0
2022-03-09 00:00:00-05:00,99.12999725341797,104.63999938964844,98.05999755859375,102.05999755859375,547800,0.0,0.0
2022-03-10 00:00:00-05:00,100.58000183105469,101.4800033569336,98.37999725341797,99.48999786376953,313100,0.0,0.0
2022-03-11 00:00:00-05:00,100.66999816894531,101.83000183105469,98.44999694824219,99.19999694824219,441900,0.0,0.0
2022-03-14 00:00:00-04:00,98.3499984741211,107.6500015258789,98.3499984741211,101.98999786376953,749000,0.0,0.0
2022-03-15 00:00:00-04:00,102.33999633789062,104.30999755859375,100.22000122070312,103.68000030517578,526000,0.0,0.0
2022-03-16 00:00:00-04:00,105.5999984741211,107.68000030517578,102.37999725341797,107.47000122070312,530200,0.0,0.0
2022-03-17 00:00:00-04:00,106.58000183105469,110.29000091552734,106.08999633789062,109.72000122070312,380500,0.0,0.0
2022-03-18 00:00:00-04:00,109.69999694824219,115.2699966430664,109.43000030517578,114.5999984741211,673000,0.0,0.0
2022-03-21 00:00:00-04:00,114.5,114.95999908447266,110.37000274658203,111.30999755859375,375700,0.0,0.0
2022-03-22 00:00:00-04:00,111.33999633789062,115.04000091552734,111.33999633789062,114.12000274658203,432900,0.0,0.0
2022-03-23 00:00:00-04:00,112.94999694824219,114.12999725341797,111.4000015258789,112.16999816894531,243700,0.0,0.0
2022-03-24 00:00:00-04:00,112.86000061035156,113.94999694824219,109.02999877929688,110.44999694824219,361300,0.0,0.0
2022-03-25 00:00:00-04:00,110.98999786376953,111.55000305175781,108.0,109.19999694824219,431800,0.0,0.0
2022-03-28 00:00:00-04:00,109.69999694824219,112.41000366210938,108.7699966430664,110.83000183105469,272300,0.0,0.0
2022-03-29 00:00:00-04:00,112.12999725341797,114.41999816894531,111.66999816894531,113.33000183105469,346500,0.0,0.0
2022-03-30 00:00:00-04:00,112.88999938964844,113.55000305175781,111.72000122070312,112.80000305175781,294000,0.0,0.0
2022-03-31 00:00:00-04:00,112.83999633789062,114.31999969482422,111.47000122070312,112.45999908447266,324000,0.0,0.0
2022-04-01 00:00:00-04:00,113.5,115.18000030517578,111.48999786376953,113.93000030517578,392200,0.0,0.0
2022-04-04 00:00:00-04:00,113.30999755859375,114.12000274658203,111.91999816894531,113.7300033569336,387900,0.0,0.0
2022-04-05 00:00:00-04:00,113.05999755859375,116.04000091552734,112.08000183105469,115.5,606200,0.0,0.0
2022-04-06 00:00:00-04:00,114.54000091552734,115.12999725341797,112.7699966430664,114.1500015258789,536000,0.0,0.0
2022-04-07 00:00:00-04:00,113.7699966430664,117.76000213623047,113.23999786376953,117.63999938964844,493600,0.0,0.0
2022-04-08 00:00:00-04:00,118.51000213623047,120.61000061035156,116.04000091552734,116.19999694824219,557900,0.0,0.0
2022-04-11 00:00:00-04:00,114.93000030517578,115.8499984741211,112.75,113.08000183105469,419800,0.0,0.0
2022-04-12 00:00:00-04:00,114.38999938964844,115.30999755859375,112.41999816894531,112.5,345100,0.0,0.0
2022-04-13 00:00:00-04:00,112.69000244140625,115.56999969482422,111.87000274658203,113.94999694824219,289100,0.0,0.0
2022-04-14 00:00:00-04:00,113.62000274658203,113.62000274658203,110.41000366210938,110.94000244140625,212000,0.0,0.0
2022-04-18 00:00:00-04:00,110.86000061035156,111.0999984741211,108.69000244140625,109.66999816894531,331200,0.0,0.0
2022-04-19 00:00:00-04:00,109.63999938964844,113.61000061035156,109.63999938964844,112.62999725341797,293100,0.0,0.0
2022-04-20 00:00:00-04:00,112.72000122070312,116.88999938964844,112.33000183105469,116.02999877929688,405300,0.0,0.0
2022-04-21 00:00:00-04:00,116.37999725341797,116.7699966430664,109.9800033569336,110.18000030517578,400200,0.0,0.0
2022-04-22 00:00:00-04:00,109.5199966430664,110.55000305175781,105.70999908447266,105.91999816894531,286000,0.0,0.0
2022-04-25 00:00:00-04:00,105.06999969482422,106.37000274658203,103.5,104.5199966430664,492300,0.0,0.0
2022-04-26 00:00:00-04:00,103.56999969482422,104.45999908447266,98.5999984741211,100.12000274658203,857400,0.0,0.0
2022-04-27 00:00:00-04:00,100.80999755859375,102.80999755859375,100.05000305175781,101.62000274658203,345000,0.0,0.0
2022-04-28 00:00:00-04:00,102.55999755859375,103.25,99.69000244140625,100.9800033569336,518000,0.0,0.0
2022-04-29 00:00:00-04:00,100.66000366210938,104.3499984741211,100.25,100.62000274658203,530600,0.0,0.0
2022-05-02 00:00:00-04:00,100.11000061035156,103.68000030517578,99.70999908447266,101.19999694824219,633000,0.0,0.0
2022-05-03 00:00:00-04:00,101.30000305175781,104.23999786376953,100.0,100.97000122070312,619900,0.0,0.0
2022-05-04 00:00:00-04:00,100.54000091552734,105.80000305175781,98.95999908447266,104.81999969482422,721800,0.0,0.0
2022-05-05 00:00:00-04:00,103.20999908447266,104.7300033569336,99.93000030517578,102.66000366210938,735200,0.0,0.0
2022-05-06 00:00:00-04:00,103.63999938964844,103.73999786376953,95.58999633789062,98.29000091552734,854200,0.0,0.0
2022-05-09 00:00:00-04:00,96.97000122070312,98.16000366210938,91.80999755859375,92.18000030517578,803300,0.0,0.0
2022-05-10 00:00:00-04:00,93.62999725341797,95.52999877929688,91.43000030517578,91.5,650300,0.0,0.0
2022-05-11 00:00:00-04:00,90.77999877929688,92.91000366210938,88.72000122070312,89.05999755859375,866600,0.0,0.0
2022-05-12 00:00:00-04:00,88.79000091552734,92.58000183105469,88.05000305175781,92.48999786376953,585700,0.0,0.0
2022-05-13 00:00:00-04:00,94.30000305175781,100.8499984741211,94.11000061035156,100.5999984741211,570500,0.0,0.0
2022-05-16 00:00:00-04:00,100.5999984741211,101.76000213623047,97.80999755859375,98.05999755859375,425100,0.0,0.0
2022-05-17 00:00:00-04:00,101.55000305175781,103.37000274658203,99.61000061035156,103.37000274658203,600900,0.0,0.0
2022-05-18 00:00:00-04:00,101.66000366210938,104.73999786376953,99.5,100.04000091552734,742300,0.0,0.0
2022-05-19 00:00:00-04:00,100.19999694824219,100.87000274658203,98.13999938964844,98.33000183105469,703800,0.0,0.0
2022-05-20 00:00:00-04:00,99.83999633789062,100.45999908447266,97.23999786376953,99.91000366210938,405100,0.0,0.0
2022-05-23 00:00:00-04:00,99.56999969482422,101.77999877929688,98.83000183105469,101.25,620300,0.0,0.0
2022-05-24 00:00:00-04:00,99.9000015258789,101.0999984741211,99.16999816894531,100.4000015258789,466500,0.0,0.0
2022-05-25 00:00:00-04:00,99.5199966430664,100.55000305175781,98.0199966430664,98.98999786376953,553500,0.0,0.0
2022-05-26 00:00:00-04:00,100.19999694824219,101.0999984741211,97.88999938964844,99.5999984741211,1212800,0.0,0.0
2022-05-27 00:00:00-04:00,101.69000244140625,103.81999969482422,97.94999694824219,103.44999694824219,1844400,0.0,0.0
2022-05-31 00:00:00-04:00,104.30000305175781,105.29000091552734,93.18000030517578,95.02999877929688,3148300,0.0,0.0
2022-06-01 00:00:00-04:00,95.48999786376953,96.75,92.58999633789062,92.73999786376953,801600,0.0,0.0
2022-06-02 00:00:00-04:00,92.16000366210938,94.4800033569336,91.38999938964844,92.58999633789062,879900,0.0,0.0
2022-06-03 00:00:00-04:00,91.55999755859375,93.79000091552734,89.30000305175781,89.94000244140625,831400,0.0,0.0
2022-06-06 00:00:00-04:00,91.12000274658203,94.18000030517578,90.18000030517578,93.38999938964844,715600,0.0,0.0
2022-06-07 00:00:00-04:00,92.19999694824219,100.0,92.0,99.54000091552734,745600,0.0,0.0
2022-06-08 00:00:00-04:00,98.79000091552734,99.54000091552734,96.44999694824219,97.5199966430664,654600,0.0,0.0
2022-06-09 00:00:00-04:00,96.33000183105469,96.55000305175781,93.66999816894531,96.2300033569336,593900,0.0,0.0
2022-06-10 00:00:00-04:00,94.80000305175781,97.63999938964844,94.44999694824219,97.48999786376953,695700,0.0,0.0
2022-06-13 00:00:00-04:00,95.0,97.0,93.69999694824219,94.37999725341797,1053800,0.0,0.0
2022-06-14 00:00:00-04:00,94.33000183105469,98.55000305175781,93.87999725341797,98.4000015258789,838300,0.0,0.0
2022-06-15 00:00:00-04:00,99.37000274658203,102.72000122070312,98.97000122070312,100.31999969482422,859500,0.0,0.0
2022-06-16 00:00:00-04:00,98.12999725341797,100.5,96.9000015258789,97.25,660500,0.0,0.0
2022-06-17 00:00:00-04:00,98.94999694824219,103.29000091552734,98.88999938964844,101.05999755859375,1327400,0.0,0.0
2022-06-21 00:00:00-04:00,101.45999908447266,102.1500015258789,99.55999755859375,99.91999816894531,581800,0.0,0.0
2022-06-22 00:00:00-04:00,99.25,99.95999908447266,95.43000030517578,96.0999984741211,831000,0.0,0.0
2022-06-23 00:00:00-04:00,96.26000213623047,99.0,95.37000274658203,98.0,932200,0.0,0.0
2022-06-24 00:00:00-04:00,99.2300033569336,100.62000274658203,96.31999969482422,100.18000030517578,876300,0.0,0.0
2022-06-27 00:00:00-04:00,100.7300033569336,101.9800033569336,98.33999633789062,101.37999725341797,699000,0.0,0.0
2022-06-28 00:00:00-04:00,101.87000274658203,102.0,99.25,100.80999755859375,645400,0.0,0.0
2022-06-29 00:00:00-04:00,100.27999877929688,100.79000091552734,98.19999694824219,100.02999877929688,702600,0.0,0.0
2022-06-30 00:00:00-04:00,99.31999969482422,100.02999877929688,96.94999694824219,97.18000030517578,510900,0.0,0.0
2022-07-01 00:00:00-04:00,97.13999938964844,97.70999908447266,95.0199966430664,97.11000061035156,469300,0.0,0.0
2022-07-05 00:00:00-04:00,95.79000091552734,100.55999755859375,95.62000274658203,100.41000366210938,527600,0.0,0.0
2022-07-06 00:00:00-04:00,100.83000183105469,106.73999786376953,100.68000030517578,105.05999755859375,1207900,0.0,0.0
2022-07-07 00:00:00-04:00,105.0,108.2300033569336,105.0,107.62999725341797,692900,0.0,0.0
2022-07-08 00:00:00-04:00,107.33000183105469,108.3499984741211,105.79000091552734,106.52999877929688,426200,0.0,0.0
2022-07-11 00:00:00-04:00,105.94000244140625,106.77999877929688,103.55999755859375,104.08000183105469,274800,0.0,0.0
2022-07-12 00:00:00-04:00,104.08000183105469,105.06999969482422,101.87999725341797,102.72000122070312,534800,0.0,0.0
2022-07-13 00:00:00-04:00,100.80000305175781,103.6500015258789,100.80000305175781,102.18000030517578,424100,0.0,0.0
2022-07-14 00:00:00-04:00,102.05999755859375,102.05999755859375,98.41999816894531,99.11000061035156,417400,0.0,0.0
2022-07-15 00:00:00-04:00,100.37000274658203,101.5,98.76000213623047,101.44999694824219,573600,0.0,0.0
2022-07-18 00:00:00-04:00,102.61000061035156,103.91999816894531,99.83000183105469,99.9800033569336,736600,0.0,0.0
2022-07-19 00:00:00-04:00,101.5,105.70999908447266,101.16999816894531,105.19999694824219,680900,0.0,0.0
2022-07-20 00:00:00-04:00,103.37999725341797,104.30000305175781,99.36000061035156,102.08000183105469,615400,0.0,0.0
2022-07-21 00:00:00-04:00,102.58000183105469,106.27999877929688,102.58000183105469,104.72000122070312,475800,0.0,0.0
2022-07-22 00:00:00-04:00,104.47000122070312,104.70999908447266,101.87000274658203,103.26000213623047,271600,0.0,0.0
2022-07-25 00:00:00-04:00,104.04000091552734,104.19000244140625,101.97000122070312,102.36000061035156,493300,0.0,0.0
2022-07-26 00:00:00-04:00,102.4000015258789,102.73999786376953,100.75,101.68000030517578,484300,0.0,0.0
2022-07-27 00:00:00-04:00,101.83999633789062,102.2300033569336,99.83000183105469,101.63999938964844,467600,0.0,0.0
2022-07-28 00:00:00-04:00,101.02999877929688,102.61000061035156,99.62000274658203,102.37000274658203,369800,0.0,0.0
2022-07-29 00:00:00-04:00,101.94000244140625,102.44999694824219,100.94000244140625,102.04000091552734,401200,0.0,0.0
2022-08-01 00:00:00-04:00,102.05999755859375,102.55000305175781,99.55000305175781,101.91000366210938,771200,0.0,0.0
2022-08-02 00:00:00-04:00,101.69999694824219,103.13999938964844,99.70999908447266,100.83000183105469,611300,0.0,0.0
2022-08-03 00:00:00-04:00,101.79000091552734,104.30000305175781,100.83000183105469,101.58000183105469,640100,0.0,0.0
2022-08-04 00:00:00-04:00,102.36000061035156,102.66000366210938,96.95999908447266,97.16999816894531,940300,0.0,0.0
2022-08-05 00:00:00-04:00,93.19000244140625,94.11000061035156,88.12000274658203,92.19999694824219,1642100,0.0,0.0
2022-08-08 00:00:00-04:00,91.37999725341797,94.44000244140625,90.1500015258789,90.30000305175781,1191000,0.0,0.0
2022-08-09 00:00:00-04:00,89.2699966430664,90.02999877929688,85.44000244140625,86.47000122070312,1561600,0.0,0.0
2022-08-10 00:00:00-04:00,87.33000183105469,91.58999633789062,87.01000213623047,91.0,1023000,0.0,0.0
2022-08-11 00:00:00-04:00,91.58000183105469,91.77999877929688,87.11000061035156,87.19999694824219,674800,0.0,0.0
2022-08-12 00:00:00-04:00,87.0999984741211,87.88999938964844,83.38999938964844,84.08999633789062,979100,0.0,0.0
2022-08-15 00:00:00-04:00,83.98999786376953,89.26000213623047,83.75,89.19000244140625,1026900,0.0,0.0
2022-08-16 00:00:00-04:00,88.62999725341797,89.0199966430664,86.0199966430664,88.73999786376953,963100,0.0,0.0
2022-08-17 00:00:00-04:00,88.05999755859375,88.2699966430664,85.45999908447266,85.66000366210938,680400,0.0,0.0
2022-08-18 00:00:00-04:00,87.61000061035156,87.79000091552734,85.70999908447266,87.73999786376953,585500,0.0,0.0
2022-08-19 00:00:00-04:00,86.08000183105469,87.45999908447266,85.5,86.12999725341797,601200,0.0,0.0
2022-08-22 00:00:00-04:00,85.0,86.02999877929688,84.33000183105469,85.66999816894531,688000,0.0,0.0
2022-08-23 00:00:00-04:00,85.05000305175781,85.66000366210938,83.06999969482422,84.4800033569336,823900,0.0,0.0
2022-08-24 00:00:00-04:00,84.33000183105469,87.44000244140625,84.30000305175781,85.80000305175781,690600,0.0,0.0
2022-08-25 00:00:00-04:00,85.66000366210938,86.13999938964844,83.5,84.63999938964844,519200,0.0,0.0
2022-08-26 00:00:00-04:00,84.79000091552734,84.83000183105469,81.12999725341797,82.05999755859375,591700,0.0,0.0
2022-08-29 00:00:00-04:00,81.5999984741211,81.5999984741211,79.91999816894531,80.08999633789062,572500,0.0,0.0
2022-08-30 00:00:00-04:00,80.12000274658203,80.12000274658203,77.31999969482422,77.36000061035156,656800,0.0,0.0
2022-08-31 00:00:00-04:00,78.0,81.2699966430664,77.5,79.26000213623047,900300,0.0,0.0
2022-09-01 00:00:00-04:00,78.62999725341797,80.16999816894531,77.66999816894531,79.7300033569336,477000,0.0,0.0
2022-09-02 00:00:00-04:00,80.5,80.5,78.26000213623047,78.52999877929688,483100,0.0,0.0
2022-09-06 00:00:00-04:00,79.87000274658203,82.55000305175781,79.30999755859375,81.05000305175781,763300,0.0,0.0
2022-09-07 00:00:00-04:00,81.0,81.36000061035156,79.48999786376953,81.30999755859375,549800,0.0,0.0
2022-09-08 00:00:00-04:00,80.54000091552734,82.68000030517578,80.45999908447266,81.94000244140625,503400,0.0,0.0
2022-09-09 00:00:00-04:00,82.4800033569336,86.08000183105469,82.31999969482422,85.97000122070312,1109300,0.0,0.0
2022-09-12 00:00:00-04:00,86.51000213623047,88.44000244140625,85.08999633789062,85.4800033569336,903900,0.0,0.0
2022-09-13 00:00:00-04:00,83.12999725341797,85.06999969482422,82.55999755859375,83.80000305175781,568000,0.0,0.0
2022-09-14 00:00:00-04:00,84.06999969482422,85.37000274658203,82.38999938964844,83.25,620000,0.0,0.0
2022-09-15 00:00:00-04:00,83.12000274658203,83.91999816894531,82.0199966430664,83.30000305175781,637800,0.0,0.0
2022-09-16 00:00:00-04:00,82.31999969482422,82.91999816894531,80.19999694824219,81.77999877929688,1680700,0.0,0.0
2022-09-19 00:00:00-04:00,80.4800033569336,80.69000244140625,77.5199966430664,79.1500015258789,697300,0.0,0.0
2022-09-20 00:00:00-04:00,78.04000091552734,79.37999725341797,76.93000030517578,78.95999908447266,607400,0.0,0.0
2022-09-21 00:00:00-04:00,79.08999633789062,79.08999633789062,75.44999694824219,75.5,453600,0.0,0.0
2022-09-22 00:00:00-04:00,75.06999969482422,75.19000244140625,73.29000091552734,73.55999755859375,574300,0.0,0.0
2022-09-23 00:00:00-04:00,72.81999969482422,72.81999969482422,70.91000366210938,72.58000183105469,696800,0.0,0.0
2022-09-26 00:00:00-04:00,72.29000091552734,74.13999938964844,71.9800033569336,72.19999694824219,851100,0.0,0.0
2022-09-27 00:00:00-04:00,72.05000305175781,72.5,68.43000030517578,69.86000061035156,768900,0.0,0.0
2022-09-28 00:00:00-04:00,70.48999786376953,73.73999786376953,70.20999908447266,73.33999633789062,471900,0.0,0.0
2022-09-29 00:00:00-04:00,72.5199966430664,73.45999908447266,71.56999969482422,71.9800033569336,572600,0.0,0.0
2022-09-30 00:00:00-04:00,71.86000061035156,72.5,70.8499984741211,71.4800033569336,783500,0.0,0.0
2022-10-03 00:00:00-04:00,72.80000305175781,73.13999938964844,70.83000183105469,72.86000061035156,833400,0.0,0.0
2022-10-04 00:00:00-04:00,74.25,75.25,73.11000061035156,73.5199966430664,620600,0.0,0.0
2022-10-05 00:00:00-04:00,72.6500015258789,72.6500015258789,68.94000244140625,71.91999816894531,651500,0.0,0.0
2022-10-06 00:00:00-04:00,71.51000213623047,72.4800033569336,70.72000122070312,72.4000015258789,592200,0.0,0.0
2022-10-07 00:00:00-04:00,71.91000366210938,72.38999938964844,70.08000183105469,71.02999877929688,491200,0.0,0.0
2022-10-10 00:00:00-04:00,71.23999786376953,71.23999786376953,68.44999694824219,69.37999725341797,761900,0.0,0.0
2022-10-11 00:00:00-04:00,69.58999633789062,69.87999725341797,67.37000274658203,68.05999755859375,632800,0.0,0.0
2022-10-12 00:00:00-04:00,67.9000015258789,68.20999908447266,66.87999725341797,67.48999786376953,416300,0.0,0.0
2022-10-13 00:00:00-04:00,69.80000305175781,75.0999984741211,68.58000183105469,74.5999984741211,1333100,0.0,0.0
2022-10-14 00:00:00-04:00,75.87000274658203,77.11000061035156,74.79000091552734,76.29000091552734,744600,0.0,0.0
2022-10-17 00:00:00-04:00,77.08999633789062,79.5,77.04000091552734,77.30999755859375,541700,0.0,0.0
2022-10-18 00:00:00-04:00,78.1500015258789,82.02999877929688,78.1500015258789,81.33999633789062,951800,0.0,0.0
2022-10-19 00:00:00-04:00,80.58999633789062,80.58999633789062,77.26000213623047,77.88999938964844,587600,0.0,0.0
2022-10-20 00:00:00-04:00,77.80000305175781,79.91999816894531,76.58000183105469,78.72000122070312,565800,0.0,0.0
2022-10-21 00:00:00-04:00,79.05999755859375,79.22000122070312,76.93000030517578,78.75,344500,0.0,0.0
2022-10-24 00:00:00-04:00,79.41999816894531,80.91999816894531,78.80999755859375,79.66999816894531,350200,0.0,0.0
2022-10-25 00:00:00-04:00,79.83999633789062,83.37000274658203,79.83999633789062,82.5,450400,0.0,0.0
2022-10-26 00:00:00-04:00,82.0,86.80999755859375,81.30000305175781,86.51000213623047,798000,0.0,0.0
2022-10-27 00:00:00-04:00,86.58999633789062,87.91999816894531,85.91000366210938,86.75,512900,0.0,0.0
2022-10-28 00:00:00-04:00,87.1500015258789,89.56999969482422,86.72000122070312,88.7699966430664,522300,0.0,0.0
2022-10-31 00:00:00-04:00,87.91999816894531,91.2300033569336,87.91999816894531,89.81999969482422,587800,0.0,0.0
2022-11-01 00:00:00-04:00,90.13999938964844,92.0199966430664,89.69000244140625,91.5199966430664,443200,0.0,0.0
2022-11-02 00:00:00-04:00,92.61000061035156,92.62999725341797,88.7300033569336,88.7300033569336,564600,0.0,0.0
2022-11-03 00:00:00-04:00,85.51000213623047,88.9800033569336,82.26000213623047,87.5199966430664,680700,0.0,0.0
2022-11-04 00:00:00-04:00,87.88999938964844,90.87999725341797,84.7699966430664,90.80999755859375,704500,0.0,0.0
2022-11-07 00:00:00-05:00,91.18000030517578,91.72000122070312,87.94999694824219,88.55000305175781,546300,0.0,0.0
2022-11-08 00:00:00-05:00,88.94999694824219,91.0199966430664,87.41000366210938,87.69000244140625,493300,0.0,0.0
2022-11-09 00:00:00-05:00,87.69999694824219,89.4000015258789,87.04000091552734,87.6500015258789,545100,0.0,0.0
2022-11-10 00:00:00-05:00,90.36000061035156,92.20999908447266,89.54000091552734,91.01000213623047,771000,0.0,0.0
2022-11-11 00:00:00-05:00,91.41999816894531,96.16000366210938,91.12999725341797,93.3499984741211,868900,0.0,0.0
2022-11-14 00:00:00-05:00,92.58999633789062,92.72000122070312,90.62999725341797,90.87000274658203,522400,0.0,0.0
2022-11-15 00:00:00-05:00,92.05999755859375,94.0199966430664,90.66999816894531,91.44999694824219,770900,0.0,0.0
2022-11-16 00:00:00-05:00,90.72000122070312,90.91000366210938,88.4800033569336,89.2300033569336,389000,0.0,0.0
2022-11-17 00:00:00-05:00,87.94999694824219,90.44000244140625,87.58000183105469,90.43000030517578,327500,0.0,0.0
2022-11-18 00:00:00-05:00,91.55999755859375,92.95999908447266,86.11000061035156,88.4000015258789,981700,0.0,0.0
2022-11-21 00:00:00-05:00,88.02999877929688,90.06999969482422,87.27999877929688,88.44999694824219,329800,0.0,0.0
2022-11-22 00:00:00-05:00,88.47000122070312,89.3499984741211,86.45999908447266,88.55000305175781,816900,0.0,0.0
2022-11-23 00:00:00-05:00,89.06999969482422,89.37000274658203,87.52999877929688,88.1500015258789,384700,0.0,0.0
2022-11-25 00:00:00-05:00,87.30000305175781,88.5999984741211,86.25,88.19999694824219,285300,0.0,0.0
2022-11-28 00:00:00-05:00,87.3499984741211,88.33999633789062,84.16999816894531,84.8499984741211,509700,0.0,0.0
2022-11-29 00:00:00-05:00,84.8499984741211,85.16999816894531,82.19999694824219,83.31999969482422,508600,0.0,0.0
2022-11-30 00:00:00-05:00,83.0,87.81999969482422,83.0,87.61000061035156,558100,0.0,0.0
2022-12-01 00:00:00-05:00,88.11000061035156,93.97000122070312,87.94000244140625,93.6500015258789,931900,0.0,0.0
2022-12-02 00:00:00-05:00,92.9000015258789,96.98999786376953,91.77999877929688,94.26000213623047,846500,0.0,0.0
2022-12-05 00:00:00-05:00,93.69000244140625,93.97000122070312,91.12000274658203,93.5999984741211,320700,0.0,0.0
2022-12-06 00:00:00-05:00,93.4000015258789,94.47000122070312,90.37999725341797,92.19000244140625,466300,0.0,0.0
2022-12-07 00:00:00-05:00,93.04000091552734,94.19999694824219,92.18000030517578,92.61000061035156,468900,0.0,0.0
2022-12-08 00:00:00-05:00,92.9800033569336,95.79000091552734,91.45999908447266,95.66999816894531,485500,0.0,0.0
2022-12-09 00:00:00-05:00,95.3499984741211,98.6500015258789,92.29000091552734,92.30000305175781,662600,0.0,0.0
2022-12-12 00:00:00-05:00,95.0,98.1500015258789,93.95999908447266,97.5,687900,0.0,0.0
2022-12-13 00:00:00-05:00,99.87999725341797,102.0,78.5,82.08000183105469,2221900,0.0,0.0
2022-12-14 00:00:00-05:00,84.86000061035156,87.87999725341797,83.69000244140625,84.41999816894531,1769000,0.0,0.0
2022-12-15 00:00:00-05:00,82.9800033569336,87.44999694824219,81.33000183105469,86.12999725341797,1110200,0.0,0.0
2022-12-16 00:00:00-05:00,85.37999725341797,85.7699966430664,79.47000122070312,82.58999633789062,1535600,0.0,0.0
2022-12-19 00:00:00-05:00,81.87000274658203,82.1500015258789,80.5,81.52999877929688,720900,0.0,0.0
2022-12-20 00:00:00-05:00,81.16000366210938,83.0999984741211,80.0999984741211,81.69999694824219,636500,0.0,0.0
2022-12-21 00:00:00-05:00,82.72000122070312,85.83999633789062,82.1500015258789,85.6500015258789,625300,0.0,0.0
2022-12-22 00:00:00-05:00,84.94999694824219,86.62999725341797,84.2300033569336,86.5,502400,0.0,0.0
2022-12-23 00:00:00-05:00,85.83999633789062,86.97000122070312,83.69999694824219,84.69999694824219,506100,0.0,0.0
2022-12-27 00:00:00-05:00,84.5,84.5,83.05999755859375,83.69999694824219,336200,0.0,0.0
2022-12-28 00:00:00-05:00,83.7300033569336,85.72000122070312,82.58000183105469,82.88999938964844,422100,0.0,0.0
2022-12-29 00:00:00-05:00,83.9800033569336,86.7300033569336,83.87000274658203,85.13999938964844,464800,0.0,0.0
2022-12-30 00:00:00-05:00,84.31999969482422,86.26000213623047,83.5199966430664,85.66999816894531,514300,0.0,0.0
2023-01-03 00:00:00-05:00,86.4000015258789,87.02999877929688,83.02999877929688,85.0,581000,0.0,0.0
2023-01-04 00:00:00-05:00,86.5,88.30999755859375,85.2699966430664,88.30999755859375,587900,0.0,0.0
2023-01-05 00:00:00-05:00,87.83000183105469,88.91000366210938,86.33999633789062,88.73999786376953,485000,0.0,0.0
2023-01-06 00:00:00-05:00,88.52999877929688,90.91999816894531,88.2300033569336,90.7699966430664,679200,0.0,0.0
2023-01-09 00:00:00-05:00,92.33000183105469,93.11000061035156,85.5199966430664,86.16000366210938,1786800,0.0,0.0
2023-01-10 00:00:00-05:00,85.54000091552734,88.02999877929688,83.72000122070312,84.73999786376953,1191500,0.0,0.0
2023-01-11 00:00:00-05:00,85.95999908447266,86.38999938964844,84.55000305175781,84.9000015258789,607700,0.0,0.0
2023-01-12 00:00:00-05:00,84.48999786376953,86.23999786376953,83.69000244140625,84.26000213623047,535000,0.0,0.0
2023-01-13 00:00:00-05:00,83.62999725341797,86.80000305175781,83.62999725341797,84.58000183105469,422700,0.0,0.0
2023-01-17 00:00:00-05:00,84.0,85.66999816894531,84.0,84.05000305175781,353800,0.0,0.0
2023-01-18 00:00:00-05:00,84.30999755859375,86.80999755859375,84.30999755859375,85.0999984741211,269000,0.0,0.0
2023-01-19 00:00:00-05:00,84.86000061035156,86.31999969482422,83.79000091552734,86.27999877929688,357600,0.0,0.0
2023-01-20 00:00:00-05:00,86.77999877929688,88.7300033569336,86.43000030517578,88.12999725341797,385500,0.0,0.0
2023-01-23 00:00:00-05:00,88.25,90.98999786376953,87.88999938964844,90.9800033569336,416200,0.0,0.0
2023-01-24 00:00:00-05:00,90.54000091552734,91.08000183105469,86.66000366210938,86.69999694824219,310700,0.0,0.0
2023-01-25 00:00:00-05:00,86.1500015258789,86.44000244140625,85.12999725341797,85.81999969482422,286600,0.0,0.0
2023-01-26 00:00:00-05:00,86.69999694824219,87.5,85.41999816894531,86.16999816894531,227100,0.0,0.0
2023-01-27 00:00:00-05:00,86.08999633789062,87.3499984741211,85.13999938964844,86.30999755859375,309200,0.0,0.0
2023-01-30 00:00:00-05:00,86.02999877929688,87.08000183105469,84.97000122070312,85.12000274658203,226900,0.0,0.0
2023-01-31 00:00:00-05:00,84.97000122070312,86.37999725341797,84.19999694824219,85.61000061035156,414600,0.0,0.0
2023-02-01 00:00:00-05:00,85.61000061035156,88.86000061035156,85.16999816894531,88.51000213623047,625200,0.0,0.0
2023-02-02 00:00:00-05:00,89.37999725341797,91.87000274658203,88.81999969482422,91.45999908447266,793500,0.0,0.0
2023-02-03 00:00:00-05:00,90.2699966430664,92.0,89.44000244140625,89.69999694824219,394100,0.0,0.0
2023-02-06 00:00:00-05:00,89.41000366210938,91.55999755859375,88.81999969482422,89.25,326100,0.0,0.0
2023-02-07 00:00:00-05:00,88.95999908447266,90.55000305175781,87.68000030517578,89.98999786376953,622000,0.0,0.0
2023-02-08 00:00:00-05:00,89.95999908447266,90.16000366210938,87.36000061035156,87.5,309900,0.0,0.0
2023-02-09 00:00:00-05:00,88.20999908447266,89.30000305175781,85.58000183105469,85.7699966430664,651900,0.0,0.0
2023-02-10 00:00:00-05:00,85.25,87.98999786376953,85.1500015258789,86.5,520700,0.0,0.0
2023-02-13 00:00:00-05:00,86.22000122070312,87.18000030517578,85.55999755859375,86.22000122070312,409900,0.0,0.0
2023-02-14 00:00:00-05:00,85.62999725341797,87.54000091552734,84.9000015258789,85.80999755859375,482600,0.0,0.0
2023-02-15 00:00:00-05:00,85.16000366210938,87.0,84.75,86.2300033569336,918600,0.0,0.0
2023-02-16 00:00:00-05:00,87.0,92.19999694824219,85.6500015258789,90.68000030517578,1527100,0.0,0.0
2023-02-17 00:00:00-05:00,90.0,91.44999694824219,89.81999969482422,91.38999938964844,855200,0.0,0.0
2023-02-21 00:00:00-05:00,90.36000061035156,90.5999984741211,89.11000061035156,89.69999694824219,714000,0.0,0.0
2023-02-22 00:00:00-05:00,89.87999725341797,90.44999694824219,88.68000030517578,89.81999969482422,450500,0.0,0.0
2023-02-23 00:00:00-05:00,89.9000015258789,90.98999786376953,88.0199966430664,88.70999908447266,476700,0.0,0.0
2023-02-24 00:00:00-05:00,87.30000305175781,88.62999725341797,85.9800033569336,87.51000213623047,647500,0.0,0.0
2023-02-27 00:00:00-05:00,88.30000305175781,88.95999908447266,87.61000061035156,87.6500015258789,300800,0.0,0.0
2023-02-28 00:00:00-05:00,87.58999633789062,88.5199966430664,86.9000015258789,86.94000244140625,378600,0.0,0.0
2023-03-01 00:00:00-05:00,86.81999969482422,87.98999786376953,85.18000030517578,85.45999908447266,349200,0.0,0.0
2023-03-02 00:00:00-05:00,84.87999725341797,88.88999938964844,84.31999969482422,88.25,533800,0.0,0.0
2023-03-03 00:00:00-05:00,88.47000122070312,89.7300033569336,88.25,88.33000183105469,297300,0.0,0.0
2023-03-06 00:00:00-05:00,87.94000244140625,88.16999816894531,86.83000183105469,86.91999816894531,467100,0.0,0.0
2023-03-07 00:00:00-05:00,86.61000061035156,87.9000015258789,86.0,87.55999755859375,385900,0.0,0.0
2023-03-08 00:00:00-05:00,87.58000183105469,88.37999725341797,85.54000091552734,85.55000305175781,342000,0.0,0.0
2023-03-09 00:00:00-05:00,86.1500015258789,87.55000305175781,85.58999633789062,86.36000061035156,439500,0.0,0.0
2023-03-10 00:00:00-05:00,86.08999633789062,86.12000274658203,80.81999969482422,83.26000213623047,638300,0.0,0.0
2023-03-13 00:00:00-04:00,82.37000274658203,84.87000274658203,81.37999725341797,82.9800033569336,373500,0.0,0.0
2023-03-14 00:00:00-04:00,84.4000015258789,86.43000030517578,84.08999633789062,85.41000366210938,383000,0.0,0.0
2023-03-15 00:00:00-04:00,84.33000183105469,85.41000366210938,83.25,84.79000091552734,385500,0.0,0.0
2023-03-16 00:00:00-04:00,84.29000091552734,87.33999633789062,84.13999938964844,86.70999908447266,433100,0.0,0.0
2023-03-17 00:00:00-04:00,86.9800033569336,86.9800033569336,84.63999938964844,85.02999877929688,672300,0.0,0.0
2023-03-20 00:00:00-04:00,85.05999755859375,85.94000244140625,83.94999694824219,85.83000183105469,319000,0.0,0.0
2023-03-21 00:00:00-04:00,86.41000366210938,87.4000015258789,85.0999984741211,85.9000015258789,334300,0.0,0.0
2023-03-22 00:00:00-04:00,85.55000305175781,88.86000061035156,85.16999816894531,85.97000122070312,424400,0.0,0.0
2023-03-23 00:00:00-04:00,86.69000244140625,87.58999633789062,84.56999969482422,85.16999816894531,356200,0.0,0.0
2023-03-24 00:00:00-04:00,84.97000122070312,87.0999984741211,84.12999725341797,87.08000183105469,306900,0.0,0.0
2023-03-27 00:00:00-04:00,87.13999938964844,88.51000213623047,86.5199966430664,87.97000122070312,230200,0.0,0.0
2023-03-28 00:00:00-04:00,87.83000183105469,88.43000030517578,86.88999938964844,87.45999908447266,231800,0.0,0.0
2023-03-29 00:00:00-04:00,88.25,88.4800033569336,86.88999938964844,87.86000061035156,234900,0.0,0.0
2023-03-30 00:00:00-04:00,88.63999938964844,89.55999755859375,87.3499984741211,88.08000183105469,313800,0.0,0.0
2023-03-31 00:00:00-04:00,88.58000183105469,90.2300033569336,88.58000183105469,89.08999633789062,285300,0.0,0.0
2023-04-03 00:00:00-04:00,89.2300033569336,89.79000091552734,87.9800033569336,89.69999694824219,268000,0.0,0.0
2023-04-04 00:00:00-04:00,89.94000244140625,89.94000244140625,88.5,88.83999633789062,290200,0.0,0.0
2023-04-05 00:00:00-04:00,89.05000305175781,90.44999694824219,88.69999694824219,89.47000122070312,332400,0.0,0.0
2023-04-06 00:00:00-04:00,89.38999938964844,91.41000366210938,89.31999969482422,90.08999633789062,394300,0.0,0.0
2023-04-10 00:00:00-04:00,89.5199966430664,90.80000305175781,88.83999633789062,90.55000305175781,367500,0.0,0.0
2023-04-11 00:00:00-04:00,90.88999938964844,91.98999786376953,90.56999969482422,91.73999786376953,270900,0.0,0.0
2023-04-12 00:00:00-04:00,92.0,92.23999786376953,88.83999633789062,89.16000366210938,425500,0.0,0.0
2023-04-13 00:00:00-04:00,89.25,90.0999984741211,88.8499984741211,89.66999816894531,236100,0.0,0.0
2023-04-14 00:00:00-04:00,96.0,98.66999816894531,93.2699966430664,94.16000366210938,1377700,0.0,0.0
2023-04-17 00:00:00-04:00,94.16000366210938,94.29000091552734,91.58000183105469,92.18000030517578,408700,0.0,0.0
2023-04-18 00:00:00-04:00,92.81999969482422,92.94000244140625,89.8499984741211,90.48999786376953,451300,0.0,0.0
2023-04-19 00:00:00-04:00,90.48999786376953,91.37000274658203,89.29000091552734,90.63999938964844,328800,0.0,0.0
2023-04-20 00:00:00-04:00,89.9800033569336,90.2699966430664,88.5199966430664,89.56999969482422,307200,0.0,0.0
2023-04-21 00:00:00-04:00,89.95999908447266,91.66999816894531,89.63999938964844,91.0,186500,0.0,0.0
2023-04-24 00:00:00-04:00,91.26000213623047,93.43000030517578,90.81999969482422,92.5999984741211,259000,0.0,0.0
2023-04-25 00:00:00-04:00,92.0999984741211,92.0999984741211,89.20999908447266,89.55000305175781,343300,0.0,0.0
2023-04-26 00:00:00-04:00,88.80999755859375,89.20999908447266,87.70999908447266,88.66999816894531,258900,0.0,0.0
2023-04-27 00:00:00-04:00,89.06999969482422,89.72000122070312,88.4800033569336,89.2699966430664,206200,0.0,0.0
2023-04-28 00:00:00-04:00,89.08000183105469,90.55999755859375,88.7699966430664,89.94999694824219,271400,0.0,0.0
2023-05-01 00:00:00-04:00,89.80000305175781,92.0,89.4000015258789,91.97000122070312,215300,0.0,0.0
2023-05-02 00:00:00-04:00,91.86000061035156,91.86000061035156,89.5199966430664,91.44999694824219,296400,0.0,0.0
2023-05-03 00:00:00-04:00,91.6500015258789,95.0199966430664,91.6500015258789,93.2300033569336,693800,0.0,0.0
2023-05-04 00:00:00-04:00,92.69999694824219,94.86000061035156,86.98999786376953,87.13999938964844,670200,0.0,0.0
2023-05-05 00:00:00-04:00,87.98999786376953,89.30999755859375,87.75,88.61000061035156,441300,0.0,0.0
2023-05-08 00:00:00-04:00,88.5,89.22000122070312,87.12000274658203,88.25,308000,0.0,0.0
2023-05-09 00:00:00-04:00,87.41000366210938,87.73999786376953,86.05000305175781,86.08999633789062,367000,0.0,0.0
2023-05-10 00:00:00-04:00,86.9800033569336,87.94000244140625,86.52999877929688,87.16999816894531,355400,0.0,0.0
2023-05-11 00:00:00-04:00,86.55000305175781,87.48999786376953,85.94999694824219,86.30000305175781,198300,0.0,0.0
2023-05-12 00:00:00-04:00,86.12999725341797,87.5,85.62999725341797,87.31999969482422,306800,0.0,0.0
2023-05-15 00:00:00-04:00,87.16000366210938,87.86000061035156,86.7699966430664,87.08999633789062,294500,0.0,0.0
2023-05-16 00:00:00-04:00,86.27999877929688,87.08999633789062,85.12999725341797,86.20999908447266,263700,0.0,0.0
2023-05-17 00:00:00-04:00,86.45999908447266,87.83000183105469,85.18000030517578,87.6500015258789,355300,0.0,0.0
2023-05-18 00:00:00-04:00,87.47000122070312,88.0999984741211,86.0999984741211,86.9800033569336,328900,0.0,0.0
2023-05-19 00:00:00-04:00,87.5,88.8499984741211,87.26000213623047,87.44000244140625,349000,0.0,0.0
2023-05-22 00:00:00-04:00,87.87000274658203,90.44999694824219,87.87000274658203,89.25,293900,0.0,0.0
2023-05-23 00:00:00-04:00,88.94999694824219,89.79000091552734,87.37000274658203,88.77999877929688,494300,0.0,0.0
2023-05-24 00:00:00-04:00,88.06999969482422,88.27999877929688,85.8499984741211,86.91000366210938,361600,0.0,0.0
2023-05-25 00:00:00-04:00,86.4000015258789,87.80999755859375,84.4800033569336,84.72000122070312,403900,0.0,0.0
2023-05-26 00:00:00-04:00,85.0,86.04000091552734,84.45999908447266,85.54000091552734,174700,0.0,0.0
2023-05-30 00:00:00-04:00,85.3499984741211,86.83999633789062,85.19999694824219,86.48999786376953,192700,0.0,0.0
2023-05-31 00:00:00-04:00,86.0999984741211,86.63999938964844,84.55000305175781,85.13999938964844,362600,0.0,0.0
2023-06-01 00:00:00-04:00,85.58999633789062,86.83000183105469,84.91000366210938,85.6500015258789,251700,0.0,0.0
2023-06-02 00:00:00-04:00,86.12000274658203,87.01000213623047,85.91999816894531,86.16000366210938,217400,0.0,0.0
2023-06-05 00:00:00-04:00,85.63999938964844,86.23999786376953,84.8499984741211,85.05000305175781,269200,0.0,0.0
2023-06-06 00:00:00-04:00,85.37999725341797,87.0999984741211,85.12000274658203,85.73999786376953,290900,0.0,0.0
2023-06-07 00:00:00-04:00,86.22000122070312,87.33999633789062,85.44999694824219,86.44000244140625,218900,0.0,0.0
2023-06-08 00:00:00-04:00,86.13999938964844,86.13999938964844,84.58000183105469,84.62000274658203,211200,0.0,0.0
2023-06-09 00:00:00-04:00,84.75,85.37000274658203,84.01000213623047,84.73999786376953,255300,0.0,0.0
2023-06-12 00:00:00-04:00,84.66999816894531,84.83000183105469,83.23999786376953,84.19999694824219,300800,0.0,0.0
2023-06-13 00:00:00-04:00,84.31999969482422,86.04000091552734,84.31999969482422,85.81999969482422,337600,0.0,0.0
2023-06-14 00:00:00-04:00,85.79000091552734,86.5,83.73999786376953,84.63999938964844,298900,0.0,0.0
2023-06-15 00:00:00-04:00,84.9000015258789,86.37999725341797,84.58999633789062,86.36000061035156,425800,0.0,0.0
2023-06-16 00:00:00-04:00,86.83999633789062,88.05000305175781,86.11000061035156,87.62000274658203,1289100,0.0,0.0
2023-06-20 00:00:00-04:00,87.0,87.87000274658203,86.19000244140625,87.33000183105469,467300,0.0,0.0
2023-06-21 00:00:00-04:00,86.79000091552734,86.79000091552734,85.0199966430664,85.58000183105469,235000,0.0,0.0
2023-06-22 00:00:00-04:00,85.58000183105469,86.62999725341797,84.98999786376953,85.55999755859375,227500,0.0,0.0
2023-06-23 00:00:00-04:00,85.19999694824219,86.45999908447266,83.62999725341797,84.37000274658203,633300,0.0,0.0
2023-06-26 00:00:00-04:00,84.37000274658203,85.55999755859375,83.80999755859375,83.80999755859375,207300,0.0,0.0
2023-06-27 00:00:00-04:00,83.55999755859375,83.70999908447266,80.37999725341797,81.08999633789062,608800,0.0,0.0
2023-06-28 00:00:00-04:00,81.30999755859375,81.33000183105469,80.29000091552734,81.30000305175781,495000,0.0,0.0
2023-06-29 00:00:00-04:00,80.91999816894531,82.44000244140625,80.54000091552734,81.44999694824219,526100,0.0,0.0
2023-06-30 00:00:00-04:00,82.33000183105469,83.83999633789062,82.25,82.86000061035156,291200,0.0,0.0
2023-07-03 00:00:00-04:00,82.83000183105469,83.7300033569336,82.61000061035156,83.25,198400,0.0,0.0
2023-07-05 00:00:00-04:00,82.86000061035156,83.88999938964844,82.72000122070312,83.72000122070312,464800,0.0,0.0
2023-07-06 00:00:00-04:00,83.08999633789062,83.08999633789062,81.62000274658203,82.5199966430664,497300,0.0,0.0
2023-07-07 00:00:00-04:00,82.7300033569336,84.41999816894531,82.16999816894531,84.05000305175781,491300,0.0,0.0
2023-07-10 00:00:00-04:00,84.29000091552734,85.41000366210938,84.06999969482422,85.05000305175781,451300,0.0,0.0
2023-07-11 00:00:00-04:00,85.31999969482422,86.66999816894531,85.31999969482422,86.37999725341797,270500,0.0,0.0
2023-07-12 00:00:00-04:00,87.22000122070312,87.58999633789062,86.69000244140625,87.2699966430664,261200,0.0,0.0
2023-07-13 00:00:00-04:00,87.4000015258789,87.8499984741211,87.02999877929688,87.5199966430664,190900,0.0,0.0
2023-07-14 00:00:00-04:00,87.75,87.91999816894531,85.29000091552734,85.43000030517578,325700,0.0,0.0
2023-07-17 00:00:00-04:00,85.02999877929688,85.1500015258789,82.4000015258789,83.12999725341797,486700,0.0,0.0
2023-07-18 00:00:00-04:00,83.30000305175781,84.62000274658203,83.11000061035156,83.58000183105469,551100,0.0,0.0
2023-07-19 00:00:00-04:00,84.08000183105469,84.80000305175781,82.75,83.69000244140625,510200,0.0,0.0
2023-07-20 00:00:00-04:00,83.94999694824219,85.55000305175781,83.47000122070312,84.80999755859375,449800,0.0,0.0
2023-07-21 00:00:00-04:00,85.18000030517578,88.18000030517578,84.83000183105469,87.01000213623047,594300,0.0,0.0
2023-07-24 00:00:00-04:00,87.23999786376953,88.77999877929688,87.12000274658203,88.30000305175781,432700,0.0,0.0
2023-07-25 00:00:00-04:00,87.4000015258789,88.93000030517578,87.16999816894531,88.62999725341797,445800,0.0,0.0
2023-07-26 00:00:00-04:00,88.73999786376953,88.73999786376953,87.51000213623047,88.26000213623047,337100,0.0,0.0
2023-07-27 00:00:00-04:00,89.11000061035156,89.11000061035156,86.36000061035156,86.5999984741211,304400,0.0,0.0
2023-07-28 00:00:00-04:00,86.98999786376953,87.62999725341797,85.36000061035156,87.12000274658203,258200,0.0,0.0
2023-07-31 00:00:00-04:00,87.19000244140625,88.13999938964844,86.9000015258789,87.36000061035156,277800,0.0,0.0
2023-08-01 00:00:00-04:00,86.9800033569336,87.55999755859375,85.01000213623047,85.08000183105469,380100,0.0,0.0
2023-08-02 00:00:00-04:00,84.20999908447266,84.31999969482422,83.22000122070312,83.37000274658203,442400,0.0,0.0
2023-08-03 00:00:00-04:00,83.19000244140625,83.54000091552734,82.44999694824219,83.0,385600,0.0,0.0
2023-08-04 00:00:00-04:00,82.9000015258789,84.79000091552734,82.69999694824219,83.58999633789062,436700,0.0,0.0
2023-08-07 00:00:00-04:00,83.30999755859375,84.27999877929688,83.0,83.9000015258789,429100,0.0,0.0
2023-08-08 00:00:00-04:00,82.87000274658203,83.16999816894531,81.58999633789062,82.26000213623047,709100,0.0,0.0
2023-08-09 00:00:00-04:00,79.80000305175781,79.80000305175781,73.80999755859375,76.27999877929688,1602800,0.0,0.0
2023-08-10 00:00:00-04:00,76.5,77.8499984741211,75.97000122070312,77.38999938964844,604700,0.0,0.0
2023-08-11 00:00:00-04:00,77.13999938964844,78.1500015258789,76.2699966430664,77.93000030517578,639000,0.0,0.0
2023-08-14 00:00:00-04:00,77.51000213623047,77.9800033569336,76.27999877929688,76.33999633789062,471800,0.0,0.0
2023-08-15 00:00:00-04:00,75.41999816894531,76.05999755859375,74.05000305175781,74.69999694824219,913200,0.0,0.0
2023-08-16 00:00:00-04:00,74.44999694824219,74.44999694824219,71.91999816894531,71.97000122070312,675200,0.0,0.0
2023-08-17 00:00:00-04:00,72.08999633789062,73.51000213623047,71.30000305175781,73.2699966430664,574200,0.0,0.0
2023-08-18 00:00:00-04:00,73.16999816894531,74.93000030517578,72.41999816894531,74.29000091552734,751100,0.0,0.0
2023-08-21 00:00:00-04:00,74.16999816894531,76.6500015258789,73.9800033569336,76.58999633789062,518800,0.0,0.0
2023-08-22 00:00:00-04:00,76.80000305175781,81.55999755859375,76.58999633789062,81.36000061035156,905700,0.0,0.0
2023-08-23 00:00:00-04:00,81.55000305175781,82.8499984741211,81.08000183105469,81.7300033569336,480900,0.0,0.0
2023-08-24 00:00:00-04:00,81.80999755859375,81.80999755859375,78.19000244140625,78.33000183105469,385200,0.0,0.0
2023-08-25 00:00:00-04:00,78.70999908447266,78.8499984741211,76.66000366210938,77.11000061035156,341300,0.0,0.0
2023-08-28 00:00:00-04:00,77.91999816894531,78.61000061035156,77.19999694824219,77.22000122070312,293100,0.0,0.0
2023-08-29 00:00:00-04:00,78.0,82.51000213623047,77.79000091552734,82.11000061035156,823100,0.0,0.0
2023-08-30 00:00:00-04:00,82.27999877929688,84.1500015258789,82.06999969482422,82.79000091552734,583900,0.0,0.0
2023-08-31 00:00:00-04:00,82.9800033569336,83.52999877929688,82.30999755859375,82.36000061035156,430700,0.0,0.0
2023-09-01 00:00:00-04:00,82.98999786376953,84.5999984741211,82.66000366210938,83.62999725341797,450800,0.0,0.0
2023-09-05 00:00:00-04:00,83.37000274658203,83.37000274658203,80.20999908447266,80.23999786376953,392600,0.0,0.0
2023-09-06 00:00:00-04:00,79.95999908447266,79.95999908447266,77.75,77.77999877929688,555100,0.0,0.0
2023-09-07 00:00:00-04:00,77.33000183105469,77.86000061035156,75.02999877929688,75.63999938964844,886500,0.0,0.0
2023-09-08 00:00:00-04:00,75.16000366210938,76.3499984741211,73.52999877929688,74.63999938964844,616900,0.0,0.0
2023-09-11 00:00:00-04:00,75.33999633789062,75.6500015258789,74.37000274658203,74.5199966430664,488300,0.0,0.0
2023-09-12 00:00:00-04:00,74.08000183105469,74.76000213623047,72.48999786376953,73.72000122070312,478300,0.0,0.0
2023-09-13 00:00:00-04:00,73.7699966430664,76.94000244140625,72.66999816894531,76.37000274658203,571300,0.0,0.0
2023-09-14 00:00:00-04:00,77.2699966430664,77.44000244140625,74.44999694824219,76.37000274658203,385600,0.0,0.0
2023-09-15 00:00:00-04:00,76.05999755859375,76.91000366210938,75.05000305175781,75.73999786376953,1718500,0.0,0.0
2023-09-18 00:00:00-04:00,75.81999969482422,75.81999969482422,74.0,75.04000091552734,599600,0.0,0.0
2023-09-19 00:00:00-04:00,75.11000061035156,76.13999938964844,74.41000366210938,75.77999877929688,397800,0.0,0.0
2023-09-20 00:00:00-04:00,76.12999725341797,76.43000030517578,73.37000274658203,73.44999694824219,488400,0.0,0.0
2023-09-21 00:00:00-04:00,72.68000030517578,72.91999816894531,71.02999877929688,71.81999969482422,667400,0.0,0.0
2023-09-22 00:00:00-04:00,72.19000244140625,72.55999755859375,71.62000274658203,71.62999725341797,397000,0.0,0.0
2023-09-25 00:00:00-04:00,71.13999938964844,72.08000183105469,70.83000183105469,71.55999755859375,295600,0.0,0.0
2023-09-26 00:00:00-04:00,70.83999633789062,71.91999816894531,70.66999816894531,70.9000015258789,475100,0.0,0.0
2023-09-27 00:00:00-04:00,71.11000061035156,72.01000213623047,70.55999755859375,71.19000244140625,382700,0.0,0.0
2023-09-28 00:00:00-04:00,71.18000030517578,72.29000091552734,70.66999816894531,71.87000274658203,440600,0.0,0.0
2023-09-29 00:00:00-04:00,72.41999816894531,73.56999969482422,72.02999877929688,73.04000091552734,466300,0.0,0.0
2023-10-02 00:00:00-04:00,72.63999938964844,72.95999908447266,71.04000091552734,72.70999908447266,458800,0.0,0.0
2023-10-03 00:00:00-04:00,72.26000213623047,73.36000061035156,71.9000015258789,72.9800033569336,400700,0.0,0.0
2023-10-04 00:00:00-04:00,73.33999633789062,74.2699966430664,72.4000015258789,74.02999877929688,385800,0.0,0.0
2023-10-05 00:00:00-04:00,74.0199966430664,74.69000244140625,73.08000183105469,73.76000213623047,640700,0.0,0.0
2023-10-06 00:00:00-04:00,73.08000183105469,73.41999816894531,71.2300033569336,71.2699966430664,399900,0.0,0.0
2023-10-09 00:00:00-04:00,71.0,71.29000091552734,70.0199966430664,70.63999938964844,324300,0.0,0.0
2023-10-10 00:00:00-04:00,70.88999938964844,71.72000122070312,70.41999816894531,71.45999908447266,265900,0.0,0.0
2023-10-11 00:00:00-04:00,71.30999755859375,71.73999786376953,68.66999816894531,69.20999908447266,488700,0.0,0.0
2023-10-12 00:00:00-04:00,70.86000061035156,70.86000061035156,63.81999969482422,64.94000244140625,1453100,0.0,0.0
2023-10-13 00:00:00-04:00,65.0199966430664,68.36000061035156,65.0199966430664,68.0199966430664,614300,0.0,0.0
2023-10-16 00:00:00-04:00,68.41000366210938,69.97000122070312,67.5,67.9800033569336,474700,0.0,0.0
2023-10-17 00:00:00-04:00,66.87999725341797,69.83000183105469,66.80000305175781,69.33999633789062,396600,0.0,0.0
2023-10-18 00:00:00-04:00,69.0199966430664,69.9800033569336,68.30000305175781,68.69000244140625,418900,0.0,0.0
2023-10-19 00:00:00-04:00,68.62999725341797,68.97000122070312,66.7300033569336,67.02999877929688,479500,0.0,0.0
2023-10-20 00:00:00-04:00,67.16000366210938,67.51000213623047,66.62999725341797,67.18000030517578,337300,0.0,0.0
2023-10-23 00:00:00-04:00,66.66000366210938,67.88999938964844,66.20999908447266,66.93000030517578,267200,0.0,0.0
2023-10-24 00:00:00-04:00,67.05000305175781,67.2699966430664,65.62000274658203,66.23999786376953,263900,0.0,0.0
2023-10-25 00:00:00-04:00,65.11000061035156,65.88999938964844,63.459999084472656,63.75,347900,0.0,0.0
2023-10-26 00:00:00-04:00,63.54999923706055,66.72000122070312,62.34000015258789,62.34000015258789,399500,0.0,0.0
2023-10-27 00:00:00-04:00,62.47999954223633,62.75,60.790000915527344,60.97999954223633,370000,0.0,0.0
2023-10-30 00:00:00-04:00,61.209999084472656,61.939998626708984,59.290000915527344,60.150001525878906,478800,0.0,0.0
2023-10-31 00:00:00-04:00,60.54999923706055,61.970001220703125,60.2400016784668,61.08000183105469,556500,0.0,0.0
2023-11-01 00:00:00-04:00,60.7599983215332,60.83000183105469,59.869998931884766,60.5,533000,0.0,0.0
2023-11-02 00:00:00-04:00,62.099998474121094,63.45000076293945,60.84000015258789,62.75,1208700,0.0,0.0
2023-11-03 00:00:00-04:00,64.0,65.25,63.040000915527344,64.2699966430664,747600,0.0,0.0
2023-11-06 00:00:00-05:00,64.13999938964844,64.13999938964844,62.13999938964844,62.84000015258789,622700,0.0,0.0
2023-11-07 00:00:00-05:00,62.900001525878906,63.060001373291016,61.310001373291016,61.599998474121094,580600,0.0,0.0
2023-11-08 00:00:00-05:00,61.5099983215332,62.40999984741211,60.02000045776367,60.290000915527344,657900,0.0,0.0
2023-11-09 00:00:00-05:00,60.869998931884766,60.88999938964844,57.81999969482422,58.15999984741211,475200,0.0,0.0
2023-11-10 00:00:00-05:00,58.150001525878906,59.439998626708984,57.540000915527344,59.33000183105469,642700,0.0,0.0
2023-11-13 00:00:00-05:00,59.189998626708984,59.65999984741211,58.220001220703125,58.400001525878906,425600,0.0,0.0
2023-11-14 00:00:00-05:00,60.25,61.150001525878906,59.83000183105469,61.06999969482422,573100,0.0,0.0
2023-11-15 00:00:00-05:00,60.77000045776367,64.05999755859375,60.77000045776367,63.470001220703125,424600,0.0,0.0
2023-11-16 00:00:00-05:00,63.97999954223633,66.02999877929688,63.41999816894531,65.56999969482422,815800,0.0,0.0
2023-11-17 00:00:00-05:00,66.19999694824219,66.66999816894531,64.19000244140625,66.25,693000,0.0,0.0
2023-11-20 00:00:00-05:00,65.87999725341797,68.69999694824219,65.3499984741211,68.30000305175781,716300,0.0,0.0
2023-11-21 00:00:00-05:00,68.44999694824219,69.4800033569336,68.01000213623047,69.19999694824219,662000,0.0,0.0
2023-11-22 00:00:00-05:00,69.72000122070312,70.43000030517578,68.5,69.0199966430664,335000,0.0,0.0
2023-11-24 00:00:00-05:00,68.63999938964844,69.69999694824219,68.37999725341797,69.68000030517578,130200,0.0,0.0
2023-11-27 00:00:00-05:00,68.8499984741211,69.6500015258789,68.12999725341797,69.36000061035156,397800,0.0,0.0
2023-11-28 00:00:00-05:00,68.91999816894531,69.43000030517578,68.16999816894531,69.08000183105469,459100,0.0,0.0
2023-11-29 00:00:00-05:00,69.45999908447266,70.69999694824219,69.08999633789062,70.12000274658203,502800,0.0,0.0
2023-11-30 00:00:00-05:00,70.12000274658203,70.12000274658203,68.44000244140625,68.7300033569336,537600,0.0,0.0
2023-12-01 00:00:00-05:00,68.33999633789062,69.23999786376953,67.7300033569336,69.22000122070312,659800,0.0,0.0
2023-12-04 00:00:00-05:00,68.52999877929688,69.62000274658203,67.58000183105469,68.73999786376953,453800,0.0,0.0
2023-12-05 00:00:00-05:00,68.36000061035156,68.36000061035156,66.4000015258789,66.44000244140625,393800,0.0,0.0
2023-12-06 00:00:00-05:00,66.55999755859375,67.8499984741211,65.72000122070312,66.8499984741211,428600,0.0,0.0
2023-12-07 00:00:00-05:00,66.86000061035156,67.3499984741211,64.7300033569336,66.66999816894531,432000,0.0,0.0
2023-12-08 00:00:00-05:00,66.7300033569336,67.36000061035156,65.81999969482422,66.0199966430664,710300,0.0,0.0
2023-12-11 00:00:00-05:00,65.79000091552734,66.41000366210938,65.23999786376953,65.7699966430664,409500,0.0,0.0
2023-12-12 00:00:00-05:00,65.83000183105469,65.83000183105469,63.880001068115234,65.56999969482422,375200,0.0,0.0
2023-12-13 00:00:00-05:00,65.37000274658203,70.69000244140625,65.29000091552734,70.55999755859375,662300,0.0,0.0
2023-12-14 00:00:00-05:00,71.0,73.02999877929688,70.72000122070312,72.2699966430664,827600,0.0,0.0
2023-12-15 00:00:00-05:00,72.2699966430664,72.37999725341797,70.30000305175781,71.05999755859375,1063400,0.0,0.0
2023-12-18 00:00:00-05:00,71.0999984741211,71.3499984741211,69.83000183105469,70.5,430000,0.0,0.0
2023-12-19 00:00:00-05:00,71.0,72.97000122070312,70.0199966430664,72.94999694824219,509800,0.0,0.0
2023-12-20 00:00:00-05:00,72.83000183105469,73.29000091552734,70.94999694824219,70.95999908447266,464200,0.0,0.0
2023-12-21 00:00:00-05:00,72.26000213623047,75.4000015258789,71.4800033569336,73.77999877929688,963200,0.0,0.0
2023-12-22 00:00:00-05:00,74.02999877929688,75.83000183105469,73.9000015258789,73.9800033569336,378900,0.0,0.0
2023-12-26 00:00:00-05:00,73.9800033569336,75.6500015258789,73.55999755859375,75.31999969482422,213600,0.0,0.0
2023-12-27 00:00:00-05:00,75.5,75.86000061035156,74.80000305175781,75.44000244140625,176900,0.0,0.0
2023-12-28 00:00:00-05:00,75.20999908447266,75.80000305175781,74.6500015258789,75.02999877929688,231300,0.0,0.0
2023-12-29 00:00:00-05:00,74.62000274658203,75.02999877929688,73.52999877929688,73.69999694824219,354900,0.0,0.0
2024-01-02 00:00:00-05:00,73.01000213623047,75.81999969482422,71.81999969482422,74.7300033569336,301700,0.0,0.0
2024-01-03 00:00:00-05:00,74.01000213623047,74.01000213623047,71.41000366210938,72.5999984741211,387900,0.0,0.0
2024-01-04 00:00:00-05:00,72.56999969482422,73.27999877929688,71.88999938964844,72.66000366210938,501200,0.0,0.0
2024-01-05 00:00:00-05:00,72.11000061035156,75.08999633789062,71.83999633789062,73.75,876800,0.0,0.0
2024-01-08 00:00:00-05:00,73.41000366210938,75.06999969482422,70.48999786376953,71.87999725341797,998000,0.0,0.0
2024-01-09 00:00:00-05:00,71.2300033569336,72.9000015258789,71.0,72.45999908447266,775700,0.0,0.0
2024-01-10 00:00:00-05:00,72.44999694824219,72.68000030517578,71.05000305175781,72.55000305175781,535700,0.0,0.0
2024-01-11 00:00:00-05:00,71.86000061035156,72.62999725341797,71.16999816894531,72.13999938964844,405600,0.0,0.0
2024-01-12 00:00:00-05:00,72.88999938964844,73.5999984741211,72.05000305175781,72.94999694824219,392200,0.0,0.0
2024-01-16 00:00:00-05:00,72.4000015258789,74.04000091552734,71.55000305175781,72.97000122070312,400600,0.0,0.0
2024-01-17 00:00:00-05:00,71.7699966430664,72.56999969482422,70.18000030517578,70.69999694824219,589300,0.0,0.0
2024-01-18 00:00:00-05:00,70.79000091552734,71.16000366210938,69.20999908447266,70.80000305175781,556800,0.0,0.0
2024-01-19 00:00:00-05:00,70.83999633789062,71.94000244140625,70.13999938964844,71.33999633789062,350300,0.0,0.0
2024-01-22 00:00:00-05:00,71.45999908447266,73.44999694824219,71.45999908447266,72.25,338400,0.0,0.0
2024-01-23 00:00:00-05:00,73.13999938964844,73.27999877929688,71.30999755859375,72.16000366210938,221500,0.0,0.0
2024-01-24 00:00:00-05:00,72.55999755859375,73.19000244140625,69.08000183105469,69.98999786376953,546100,0.0,0.0
2024-01-25 00:00:00-05:00,71.0,71.04000091552734,69.83999633789062,69.98999786376953,349300,0.0,0.0
2024-01-26 00:00:00-05:00,70.16999816894531,71.29000091552734,70.16999816894531,70.36000061035156,241500,0.0,0.0
2024-01-29 00:00:00-05:00,70.2699966430664,71.56999969482422,70.0199966430664,71.52999877929688,305300,0.0,0.0
2024-01-30 00:00:00-05:00,71.41000366210938,71.41000366210938,70.05000305175781,70.38999938964844,297200,0.0,0.0
2024-01-31 00:00:00-05:00,70.47000122070312,70.47000122070312,68.3499984741211,68.51000213623047,446900,0.0,0.0
2024-02-01 00:00:00-05:00,68.66000366210938,70.05000305175781,68.06999969482422,69.44999694824219,367500,0.0,0.0
2024-02-02 00:00:00-05:00,68.56999969482422,69.05999755859375,67.16000366210938,68.33999633789062,365000,0.0,0.0
2024-02-05 00:00:00-05:00,68.0999984741211,68.23999786376953,66.76000213623047,67.80999755859375,510200,0.0,0.0
2024-02-06 00:00:00-05:00,67.7699966430664,69.55999755859375,67.4800033569336,68.81999969482422,440000,0.0,0.0
2024-02-07 00:00:00-05:00,68.83999633789062,68.87000274658203,67.2699966430664,67.63999938964844,426100,0.0,0.0
2024-02-08 00:00:00-05:00,67.5,68.05000305175781,66.86000061035156,67.0199966430664,716000,0.0,0.0
2024-02-09 00:00:00-05:00,67.08999633789062,68.37000274658203,66.51000213623047,68.1500015258789,658800,0.0,0.0
2024-02-12 00:00:00-05:00,68.05999755859375,69.83000183105469,67.30000305175781,69.54000091552734,485200,0.0,0.0
2024-02-13 00:00:00-05:00,67.0999984741211,68.8499984741211,66.30000305175781,66.7699966430664,1255500,0.0,0.0
2024-02-14 00:00:00-05:00,46.27000045776367,48.220001220703125,43.119998931884766,45.27000045776367,10119000,0.0,0.0
2024-02-15 00:00:00-05:00,45.849998474121094,45.95000076293945,43.33000183105469,43.97999954223633,3363800,0.0,0.0
2024-02-16 00:00:00-05:00,43.45000076293945,43.959999084472656,41.75,41.7599983215332,2587000,0.0,0.0
2024-02-20 00:00:00-05:00,42.0,46.630001068115234,42.0,46.59000015258789,3240800,0.0,0.0
2024-02-21 00:00:00-05:00,46.279998779296875,49.560001373291016,46.279998779296875,49.47999954223633,3751700,0.0,0.0
2024-02-22 00:00:00-05:00,49.0099983215332,49.43000030517578,46.06999969482422,46.54999923706055,1535200,0.0,0.0
2024-02-23 00:00:00-05:00,46.08000183105469,47.470001220703125,45.619998931884766,46.88999938964844,1061500,0.0,0.0
2024-02-26 00:00:00-05:00,46.560001373291016,46.97999954223633,45.47999954223633,45.869998931884766,1271800,0.0,0.0
2024-02-27 00:00:00-05:00,46.5,48.34000015258789,46.290000915527344,46.79999923706055,978900,0.0,0.0
2024-02-28 00:00:00-05:00,46.20000076293945,46.619998931884766,45.0,45.099998474121094,747600,0.0,0.0
2024-02-29 00:00:00-05:00,45.599998474121094,46.04999923706055,45.25,45.599998474121094,903100,0.0,0.0
2024-03-01 00:00:00-05:00,45.5099983215332,46.22999954223633,45.150001525878906,45.529998779296875,516900,0.0,0.0
2024-03-04 00:00:00-05:00,44.130001068115234,44.83000183105469,43.90999984741211,44.33000183105469,760200,0.0,0.0
2024-03-05 00:00:00-05:00,44.40999984741211,44.90999984741211,42.86000061035156,42.939998626708984,695000,0.0,0.0
2024-03-06 00:00:00-05:00,43.0,43.38999938964844,42.310001373291016,42.869998931884766,776500,0.0,0.0
2024-03-07 00:00:00-05:00,43.36000061035156,45.25,43.310001373291016,44.72999954223633,1152600,0.0,0.0
2024-03-08 00:00:00-05:00,44.7400016784668,46.83000183105469,44.689998626708984,46.2599983215332,1252000,0.0,0.0
2024-03-11 00:00:00-04:00,46.47999954223633,47.5099983215332,46.31999969482422,46.790000915527344,988700,0.0,0.0
2024-03-12 00:00:00-04:00,46.59000015258789,48.310001373291016,45.65999984741211,46.81999969482422,1295000,0.0,0.0
2024-03-13 00:00:00-04:00,46.869998931884766,47.970001220703125,46.709999084472656,47.2599983215332,845700,0.0,0.0
2024-03-14 00:00:00-04:00,46.849998474121094,47.4900016784668,45.720001220703125,47.47999954223633,1071700,0.0,0.0
2024-03-15 00:00:00-04:00,47.400001525878906,48.630001068115234,46.959999084472656,48.40999984741211,1441200,0.0,0.0
2024-03-18 00:00:00-04:00,48.40999984741211,49.119998931884766,47.150001525878906,49.0,938000,0.0,0.0
2024-03-19 00:00:00-04:00,48.849998474121094,49.189998626708984,48.20000076293945,48.380001068115234,801900,0.0,0.0
2024-03-20 00:00:00-04:00,48.380001068115234,48.5,46.720001220703125,47.41999816894531,895200,0.0,0.0
2024-03-21 00:00:00-04:00,47.560001373291016,48.400001525878906,47.0099983215332,47.310001373291016,624300,0.0,0.0
2024-03-22 00:00:00-04:00,47.36000061035156,47.689998626708984,46.619998931884766,46.79999923706055,541800,0.0,0.0
2024-03-25 00:00:00-04:00,47.02000045776367,47.88999938964844,47.02000045776367,47.470001220703125,810700,0.0,0.0
2024-03-26 00:00:00-04:00,47.709999084472656,47.7599983215332,46.849998474121094,47.0,1019700,0.0,0.0
2024-03-27 00:00:00-04:00,47.439998626708984,48.439998626708984,46.91999816894531,48.2599983215332,703300,0.0,0.0
2024-03-28 00:00:00-04:00,48.349998474121094,49.08000183105469,47.869998931884766,47.939998626708984,522600,0.0,0.0
2024-04-01 00:00:00-04:00,47.939998626708984,47.939998626708984,46.529998779296875,47.0,760100,0.0,0.0
2024-04-02 00:00:00-04:00,47.119998931884766,47.16999816894531,41.75,42.150001525878906,2439000,0.0,0.0
2024-04-03 00:00:00-04:00,42.08000183105469,42.7400016784668,41.91999816894531,42.529998779296875,1499100,0.0,0.0
2024-04-04 00:00:00-04:00,42.720001220703125,44.220001220703125,42.459999084472656,42.68000030517578,1343900,0.0,0.0
2024-04-05 00:00:00-04:00,42.68000030517578,43.29999923706055,41.970001220703125,42.70000076293945,805200,0.0,0.0
2024-04-08 00:00:00-04:00,42.83000183105469,43.630001068115234,42.63999938964844,43.349998474121094,583100,0.0,0.0
2024-04-09 00:00:00-04:00,43.66999816894531,44.95000076293945,43.459999084472656,44.630001068115234,852000,0.0,0.0
2024-04-10 00:00:00-04:00,43.45000076293945,44.45000076293945,43.0,43.9900016784668,711900,0.0,0.0
2024-04-11 00:00:00-04:00,44.849998474121094,44.849998474121094,42.650001525878906,42.97999954223633,641500,0.0,0.0
2024-04-12 00:00:00-04:00,42.619998931884766,43.11000061035156,42.0,42.16999816894531,598000,0.0,0.0
2024-04-15 00:00:00-04:00,42.20000076293945,42.4900016784668,41.22999954223633,41.45000076293945,551100,0.0,0.0
2024-04-16 00:00:00-04:00,41.06999969482422,41.18000030517578,39.86000061035156,40.29999923706055,807200,0.0,0.0
2024-04-17 00:00:00-04:00,40.349998474121094,40.349998474121094,38.66999816894531,38.709999084472656,754600,0.0,0.0
2024-04-18 00:00:00-04:00,38.630001068115234,39.119998931884766,38.099998474121094,38.2599983215332,1039100,0.0,0.0
2024-04-19 00:00:00-04:00,38.189998626708984,39.470001220703125,37.779998779296875,39.119998931884766,1106300,0.0,0.0
2024-04-22 00:00:00-04:00,39.06999969482422,39.61000061035156,38.33000183105469,39.08000183105469,907800,0.0,0.0
2024-04-23 00:00:00-04:00,38.97999954223633,40.81999969482422,38.97999954223633,40.400001525878906,1192800,0.0,0.0
2024-04-24 00:00:00-04:00,39.72999954223633,40.84000015258789,39.18000030517578,40.81999969482422,950500,0.0,0.0
2024-04-25 00:00:00-04:00,40.75,40.75,38.90999984741211,39.689998626708984,913700,0.0,0.0
2024-04-26 00:00:00-04:00,39.4900016784668,40.40999984741211,39.29999923706055,39.63999938964844,547000,0.0,0.0
2024-04-29 00:00:00-04:00,39.81999969482422,41.27000045776367,39.16999816894531,39.36000061035156,796000,0.0,0.0
2024-04-30 00:00:00-04:00,38.5099983215332,40.720001220703125,38.5099983215332,40.54999923706055,942400,0.0,0.0
2024-05-01 00:00:00-04:00,40.34000015258789,40.619998931884766,39.45000076293945,39.68000030517578,844800,0.0,0.0
2024-05-02 00:00:00-04:00,41.56999969482422,43.06999969482422,39.099998474121094,42.220001220703125,1715400,0.0,0.0
2024-05-03 00:00:00-04:00,42.91999816894531,43.290000915527344,41.869998931884766,42.5,902000,0.0,0.0
2024-05-06 00:00:00-04:00,42.880001068115234,43.70000076293945,42.380001068115234,43.40999984741211,778600,0.0,0.0
2024-05-07 00:00:00-04:00,43.43000030517578,44.290000915527344,42.900001525878906,43.880001068115234,907800,0.0,0.0
2024-05-08 00:00:00-04:00,43.400001525878906,43.77000045776367,42.63999938964844,42.68000030517578,982500,0.0,0.0
2024-05-09 00:00:00-04:00,42.650001525878906,44.86000061035156,41.22999954223633,43.619998931884766,1230400,0.0,0.0
2024-05-10 00:00:00-04:00,43.59000015258789,43.720001220703125,41.52000045776367,42.61000061035156,1081200,0.0,0.0
2024-05-13 00:00:00-04:00,42.720001220703125,43.130001068115234,42.06999969482422,42.11000061035156,675200,0.0,0.0
2024-05-14 00:00:00-04:00,43.0,47.7599983215332,42.29999923706055,44.18000030517578,2637200,0.0,0.0
2024-05-15 00:00:00-04:00,45.150001525878906,46.380001068115234,44.849998474121094,44.959999084472656,929000,0.0,0.0
2024-05-16 00:00:00-04:00,44.630001068115234,45.279998779296875,43.7599983215332,43.9900016784668,791600,0.0,0.0
2024-05-17 00:00:00-04:00,43.939998626708984,44.099998474121094,42.2400016784668,42.81999969482422,672300,0.0,0.0
2024-05-20 00:00:00-04:00,42.59000015258789,42.88999938964844,42.0,42.38999938964844,650500,0.0,0.0
2024-05-21 00:00:00-04:00,42.029998779296875,42.27000045776367,41.08000183105469,41.349998474121094,1186400,0.0,0.0
2024-05-22 00:00:00-04:00,41.279998779296875,42.91999816894531,40.77000045776367,42.599998474121094,1212700,0.0,0.0
2024-05-23 00:00:00-04:00,42.61000061035156,42.61000061035156,41.45000076293945,41.849998474121094,764000,0.0,0.0
2024-05-24 00:00:00-04:00,41.84000015258789,42.5,41.2599983215332,42.400001525878906,796800,0.0,0.0
2024-05-28 00:00:00-04:00,42.400001525878906,44.16999816894531,41.560001373291016,44.04999923706055,720500,0.0,0.0
2024-05-29 00:00:00-04:00,43.650001525878906,43.970001220703125,42.84000015258789,43.709999084472656,637000,0.0,0.0
2024-05-30 00:00:00-04:00,43.7400016784668,44.79999923706055,43.7400016784668,44.20000076293945,701400,0.0,0.0
2024-05-31 00:00:00-04:00,44.310001373291016,44.900001525878906,43.77000045776367,44.189998626708984,648400,0.0,0.0
2024-06-03 00:00:00-04:00,44.20000076293945,45.470001220703125,43.880001068115234,44.959999084472656,533100,0.0,0.0
2024-06-04 00:00:00-04:00,44.77000045776367,44.77000045776367,43.220001220703125,43.2599983215332,568300,0.0,0.0
2024-06-05 00:00:00-04:00,43.25,43.720001220703125,42.93000030517578,43.540000915527344,412500,0.0,0.0
2024-06-06 00:00:00-04:00,43.09000015258789,43.61000061035156,42.439998626708984,42.58000183105469,685800,0.0,0.0
2024-06-07 00:00:00-04:00,42.11000061035156,42.43000030517578,41.619998931884766,41.66999816894531,590200,0.0,0.0
2024-06-10 00:00:00-04:00,41.279998779296875,41.939998626708984,40.65999984741211,41.119998931884766,883900,0.0,0.0
2024-06-11 00:00:00-04:00,41.06999969482422,41.119998931884766,39.88999938964844,40.0099983215332,843900,0.0,0.0
2024-06-12 00:00:00-04:00,40.630001068115234,41.2400016784668,39.7599983215332,39.970001220703125,811300,0.0,0.0
2024-06-13 00:00:00-04:00,39.540000915527344,39.95000076293945,36.68000030517578,37.31999969482422,1883800,0.0,0.0
2024-06-14 00:00:00-04:00,37.08000183105469,37.209999084472656,35.470001220703125,36.45000076293945,1589300,0.0,0.0
2024-06-17 00:00:00-04:00,36.11000061035156,36.59000015258789,35.400001525878906,36.310001373291016,1075900,0.0,0.0
2024-06-18 00:00:00-04:00,36.16999816894531,36.970001220703125,35.5,35.61000061035156,663300,0.0,0.0
2024-06-20 00:00:00-04:00,35.2599983215332,35.40999984741211,34.279998779296875,34.84000015258789,877400,0.0,0.0
2024-06-21 00:00:00-04:00,34.869998931884766,35.470001220703125,34.650001525878906,35.209999084472656,1257900,0.0,0.0
2024-06-24 00:00:00-04:00,35.33000183105469,35.38999938964844,33.86000061035156,33.90999984741211,1153900,0.0,0.0
2024-06-25 00:00:00-04:00,33.40999984741211,33.77000045776367,32.68000030517578,32.900001525878906,862600,0.0,0.0
2024-06-26 00:00:00-04:00,32.66999816894531,33.779998779296875,32.470001220703125,33.7599983215332,996000,0.0,0.0
2024-06-27 00:00:00-04:00,33.63999938964844,33.83000183105469,33.0099983215332,33.529998779296875,637700,0.0,0.0
2024-06-28 00:00:00-04:00,33.560001373291016,33.56999969482422,32.709999084472656,33.220001220703125,948100,0.0,0.0
2024-07-01 00:00:00-04:00,33.220001220703125,34.22999954223633,31.610000610351562,31.6299991607666,1034600,0.0,0.0
2024-07-02 00:00:00-04:00,31.68000030517578,31.68000030517578,30.8700008392334,31.360000610351562,1161700,0.0,0.0
2024-07-03 00:00:00-04:00,31.399999618530273,31.399999618530273,30.6200008392334,31.010000228881836,1100100,0.0,0.0
2024-07-05 00:00:00-04:00,30.959999084472656,31.3700008392334,30.610000610351562,31.260000228881836,1108900,0.0,0.0
2024-07-08 00:00:00-04:00,31.6200008392334,31.75,30.06999969482422,30.360000610351562,980100,0.0,0.0
2024-07-09 00:00:00-04:00,30.329999923706055,30.40999984741211,29.829999923706055,30.010000228881836,625700,0.0,0.0
2024-07-10 00:00:00-04:00,30.010000228881836,30.239999771118164,29.739999771118164,29.959999084472656,592900,0.0,0.0
2024-07-11 00:00:00-04:00,30.260000228881836,32.04999923706055,30.100000381469727,31.479999542236328,1324900,0.0,0.0
2024-07-12 00:00:00-04:00,31.860000610351562,32.689998626708984,31.360000610351562,32.380001068115234,909800,0.0,0.0
2024-07-15 00:00:00-04:00,32.150001525878906,32.36000061035156,31.31999969482422,31.780000686645508,1259600,0.0,0.0
2024-07-16 00:00:00-04:00,31.989999771118164,34.18000030517578,31.350000381469727,34.150001525878906,1162000,0.0,0.0
2024-07-17 00:00:00-04:00,34.029998779296875,35.099998474121094,33.88999938964844,34.849998474121094,854600,0.0,0.0
2024-07-18 00:00:00-04:00,34.849998474121094,35.25,33.13999938964844,33.20000076293945,1267600,0.0,0.0
2024-07-19 00:00:00-04:00,32.93000030517578,34.83000183105469,32.93000030517578,34.689998626708984,915000,0.0,0.0
2024-07-22 00:00:00-04:00,34.959999084472656,35.75,34.84000015258789,35.380001068115234,1655900,0.0,0.0
2024-07-23 00:00:00-04:00,35.5,37.09000015258789,35.130001068115234,36.939998626708984,1124200,0.0,0.0
2024-07-24 00:00:00-04:00,37.88999938964844,39.81999969482422,37.77000045776367,38.400001525878906,2421600,0.0,0.0
2024-07-25 00:00:00-04:00,38.040000915527344,39.470001220703125,38.040000915527344,38.2400016784668,11009300,0.0,0.0
2024-07-26 00:00:00-04:00,38.52000045776367,39.7599983215332,38.040000915527344,38.90999984741211,1159800,0.0,0.0
2024-07-29 00:00:00-04:00,38.36000061035156,39.119998931884766,38.099998474121094,38.93000030517578,1408100,0.0,0.0
2024-07-30 00:00:00-04:00,38.880001068115234,40.09000015258789,38.72999954223633,39.779998779296875,1431700,0.0,0.0
2024-07-31 00:00:00-04:00,39.470001220703125,39.83000183105469,38.25,39.290000915527344,1944400,0.0,0.0
2024-08-01 00:00:00-04:00,41.84000015258789,42.529998779296875,39.5,42.0,2308100,0.0,0.0
2024-08-02 00:00:00-04:00,40.779998779296875,43.0099983215332,39.83000183105469,42.0099983215332,1681600,0.0,0.0
2024-08-05 00:00:00-04:00,40.04999923706055,41.36000061035156,38.970001220703125,40.599998474121094,1209100,0.0,0.0
2024-08-06 00:00:00-04:00,40.27000045776367,41.040000915527344,39.400001525878906,40.06999969482422,933800,0.0,0.0
2024-08-07 00:00:00-04:00,40.150001525878906,40.7599983215332,39.439998626708984,39.59000015258789,1124100,0.0,0.0
2024-08-08 00:00:00-04:00,39.20000076293945,41.61000061035156,38.97999954223633,41.400001525878906,976000,0.0,0.0
2024-08-09 00:00:00-04:00,41.380001068115234,41.91999816894531,40.5,41.619998931884766,931300,0.0,0.0
2024-08-12 00:00:00-04:00,41.66999816894531,41.900001525878906,40.93000030517578,41.22999954223633,782700,0.0,0.0
2024-08-13 00:00:00-04:00,41.33000183105469,43.310001373291016,40.970001220703125,43.279998779296875,736600,0.0,0.0
2024-08-14 00:00:00-04:00,43.31999969482422,43.720001220703125,41.900001525878906,43.52000045776367,1281500,0.0,0.0
2024-08-15 00:00:00-04:00,43.91999816894531,45.16999816894531,43.91999816894531,44.650001525878906,912400,0.0,0.0
2024-08-16 00:00:00-04:00,44.459999084472656,44.75,43.93000030517578,43.939998626708984,769600,0.0,0.0
2024-08-19 00:00:00-04:00,44.130001068115234,45.130001068115234,44.119998931884766,44.95000076293945,691200,0.0,0.0
2024-08-20 00:00:00-04:00,44.720001220703125,44.900001525878906,43.619998931884766,43.7599983215332,586800,0.0,0.0
2024-08-21 00:00:00-04:00,43.70000076293945,44.189998626708984,43.099998474121094,43.36000061035156,492600,0.0,0.0
2024-08-22 00:00:00-04:00,43.66999816894531,43.70000076293945,42.650001525878906,43.36000061035156,575100,0.0,0.0
2024-08-23 00:00:00-04:00,43.61000061035156,45.060001373291016,43.38999938964844,45.0099983215332,616100,0.0,0.0
2024-08-26 00:00:00-04:00,45.04999923706055,45.31999969482422,44.220001220703125,44.619998931884766,573100,0.0,0.0
2024-08-27 00:00:00-04:00,44.7599983215332,44.97999954223633,43.689998626708984,44.33000183105469,651200,0.0,0.0
2024-08-28 00:00:00-04:00,44.25,44.459999084472656,43.060001373291016,43.790000915527344,583000,0.0,0.0
2024-08-29 00:00:00-04:00,44.0,44.33000183105469,43.33000183105469,43.58000183105469,569600,0.0,0.0
2024-08-30 00:00:00-04:00,43.77000045776367,44.209999084472656,42.15999984741211,42.25,592700,0.0,0.0
2024-09-03 00:00:00-04:00,41.83000183105469,42.630001068115234,40.939998626708984,40.9900016784668,644300,0.0,0.0
2024-09-04 00:00:00-04:00,40.66999816894531,41.2599983215332,40.08000183105469,40.36000061035156,545400,0.0,0.0
2024-09-05 00:00:00-04:00,41.939998626708984,44.650001525878906,41.54999923706055,44.5,1300400,0.0,0.0
2024-09-06 00:00:00-04:00,44.599998474121094,45.06999969482422,42.91999816894531,43.45000076293945,651100,0.0,0.0
2024-09-09 00:00:00-04:00,43.79999923706055,46.06999969482422,43.290000915527344,44.68000030517578,1075900,0.0,0.0
2024-09-10 00:00:00-04:00,44.779998779296875,45.5099983215332,43.58000183105469,44.119998931884766,747600,0.0,0.0
2024-09-11 00:00:00-04:00,43.79999923706055,45.16999816894531,43.33000183105469,44.849998474121094,958400,0.0,0.0
2024-09-12 00:00:00-04:00,45.130001068115234,45.20000076293945,43.709999084472656,44.79999923706055,613800,0.0,0.0
2024-09-13 00:00:00-04:00,45.20000076293945,45.93000030517578,44.88999938964844,45.470001220703125,599000,0.0,0.0
2024-09-16 00:00:00-04:00,45.5099983215332,46.2599983215332,45.0099983215332,45.9900016784668,772700,0.0,0.0
2024-09-17 00:00:00-04:00,45.880001068115234,47.09000015258789,45.880001068115234,46.349998474121094,793200,0.0,0.0
2024-09-18 00:00:00-04:00,46.849998474121094,47.619998931884766,45.970001220703125,46.22999954223633,774000,0.0,0.0
2024-09-19 00:00:00-04:00,46.349998474121094,46.810001373291016,45.77000045776367,46.22999954223633,868200,0.0,0.0
2024-09-20 00:00:00-04:00,45.939998626708984,46.060001373291016,44.959999084472656,45.400001525878906,2514800,0.0,0.0
2024-09-23 00:00:00-04:00,45.33000183105469,45.65999984741211,44.54999923706055,44.7400016784668,650100,0.0,0.0
2024-09-24 00:00:00-04:00,45.22999954223633,45.939998626708984,44.880001068115234,45.38999938964844,639200,0.0,0.0
2024-09-25 00:00:00-04:00,45.380001068115234,45.380001068115234,42.91999816894531,43.36000061035156,618900,0.0,0.0
2024-09-26 00:00:00-04:00,44.06999969482422,44.43000030517578,43.560001373291016,44.18000030517578,595800,0.0,0.0
2024-09-27 00:00:00-04:00,44.869998931884766,45.97999954223633,44.7599983215332,45.54999923706055,525800,0.0,0.0
2024-09-30 00:00:00-04:00,45.52000045776367,45.900001525878906,44.79999923706055,45.599998474121094,476900,0.0,0.0
2024-10-01 00:00:00-04:00,45.77000045776367,45.77000045776367,44.09000015258789,44.209999084472656,414200,0.0,0.0
2024-10-02 00:00:00-04:00,44.15999984741211,44.77000045776367,43.7599983215332,44.45000076293945,359500,0.0,0.0
2024-10-03 00:00:00-04:00,44.029998779296875,44.08000183105469,43.20000076293945,43.45000076293945,304600,0.0,0.0
2024-10-04 00:00:00-04:00,43.779998779296875,43.90999984741211,42.91999816894531,43.77000045776367,427800,0.0,0.0
2024-10-07 00:00:00-04:00,43.93000030517578,43.93000030517578,43.0,43.58000183105469,333800,0.0,0.0
2024-10-08 00:00:00-04:00,43.650001525878906,43.70000076293945,42.099998474121094,42.15999984741211,446700,0.0,0.0
2024-10-09 00:00:00-04:00,42.34000015258789,43.189998626708984,42.040000915527344,42.7400016784668,613400,0.0,0.0
2024-10-10 00:00:00-04:00,42.459999084472656,42.790000915527344,41.84000015258789,41.970001220703125,405100,0.0,0.0
2024-10-11 00:00:00-04:00,41.91999816894531,42.38999938964844,40.959999084472656,41.04999923706055,903000,0.0,0.0
2024-10-14 00:00:00-04:00,41.22999954223633,41.34000015258789,40.31999969482422,40.4900016784668,714500,0.0,0.0
2024-10-15 00:00:00-04:00,40.20000076293945,40.720001220703125,39.880001068115234,40.20000076293945,716600,0.0,0.0
2024-10-16 00:00:00-04:00,40.380001068115234,40.380001068115234,38.63999938964844,39.97999954223633,954000,0.0,0.0
2024-10-17 00:00:00-04:00,40.040000915527344,40.540000915527344,39.38999938964844,40.06999969482422,601600,0.0,0.0
2024-10-18 00:00:00-04:00,40.060001373291016,41.0,39.08000183105469,40.83000183105469,601400,0.0,0.0
2024-10-21 00:00:00-04:00,40.83000183105469,40.90999984741211,39.2400016784668,39.84000015258789,576800,0.0,0.0
2024-10-22 00:00:00-04:00,39.83000183105469,40.119998931884766,39.459999084472656,39.650001525878906,365900,0.0,0.0
2024-10-23 00:00:00-04:00,39.36000061035156,39.529998779296875,38.5,38.88999938964844,448600,0.0,0.0
2024-10-24 00:00:00-04:00,39.08000183105469,39.849998474121094,38.66999816894531,38.790000915527344,306100,0.0,0.0
2024-10-25 00:00:00-04:00,38.880001068115234,39.5,38.290000915527344,38.68000030517578,460500,0.0,0.0
2024-10-28 00:00:00-04:00,39.119998931884766,39.5099983215332,38.5099983215332,38.72999954223633,442700,0.0,0.0
2024-10-29 00:00:00-04:00,38.470001220703125,38.709999084472656,38.11000061035156,38.369998931884766,417400,0.0,0.0
2024-10-30 00:00:00-04:00,38.18000030517578,39.630001068115234,38.18000030517578,38.9900016784668,459300,0.0,0.0
2024-10-31 00:00:00-04:00,39.029998779296875,39.130001068115234,38.02000045776367,38.04999923706055,338900,0.0,0.0
2024-11-01 00:00:00-04:00,38.5099983215332,39.65999984741211,38.45000076293945,39.099998474121094,419000,0.0,0.0
2024-11-04 00:00:00-05:00,39.25,40.06999969482422,38.970001220703125,39.09000015258789,390400,0.0,0.0
2024-11-05 00:00:00-05:00,39.209999084472656,39.70000076293945,38.189998626708984,39.529998779296875,388500,0.0,0.0
2024-11-06 00:00:00-05:00,40.72999954223633,40.959999084472656,39.22999954223633,39.959999084472656,430400,0.0,0.0
2024-11-07 00:00:00-05:00,40.09000015258789,40.220001220703125,38.709999084472656,38.849998474121094,710900,0.0,0.0
2024-11-08 00:00:00-05:00,41.77000045776367,46.0,41.5099983215332,43.75,2488400,0.0,0.0
2024-11-11 00:00:00-05:00,43.18000030517578,43.650001525878906,42.27000045776367,42.97999954223633,1653700,0.0,0.0
2024-11-12 00:00:00-05:00,42.70000076293945,43.29999923706055,41.119998931884766,41.13999938964844,711100,0.0,0.0
2024-11-13 00:00:00-05:00,40.959999084472656,41.290000915527344,39.31999969482422,40.02000045776367,621100,0.0,0.0
2024-11-14 00:00:00-05:00,39.81999969482422,39.81999969482422,38.36000061035156,38.959999084472656,768500,0.0,0.0
2024-11-15 00:00:00-05:00,38.68000030517578,39.0,35.65999984741211,36.18000030517578,1152600,0.0,0.0
2024-11-18 00:00:00-05:00,35.869998931884766,37.880001068115234,35.599998474121094,37.38999938964844,829000,0.0,0.0
2024-11-19 00:00:00-05:00,37.209999084472656,38.66999816894531,37.20000076293945,38.58000183105469,520900,0.0,0.0
2024-11-20 00:00:00-05:00,36.97999954223633,38.060001373291016,36.29999923706055,37.47999954223633,4010300,0.0,0.0
2024-11-21 00:00:00-05:00,37.81999969482422,38.349998474121094,37.470001220703125,37.88999938964844,1219300,0.0,0.0
2024-11-22 00:00:00-05:00,37.88999938964844,40.810001373291016,37.4900016784668,40.13999938964844,4300200,0.0,0.0
2024-11-25 00:00:00-05:00,40.900001525878906,41.5099983215332,40.5099983215332,41.15999984741211,1491100,0.0,0.0
2024-11-26 00:00:00-05:00,41.02000045776367,41.279998779296875,40.36000061035156,40.97999954223633,962100,0.0,0.0
2024-11-27 00:00:00-05:00,41.349998474121094,42.58000183105469,40.84000015258789,41.119998931884766,795400,0.0,0.0
2024-11-29 00:00:00-05:00,41.380001068115234,41.380001068115234,40.31999969482422,41.0,320500,0.0,0.0
2024-12-02 00:00:00-05:00,40.70000076293945,41.04999923706055,39.7400016784668,40.95000076293945,842000,0.0,0.0
2024-12-03 00:00:00-05:00,40.7599983215332,40.91999816894531,39.56999969482422,40.060001373291016,667400,0.0,0.0
2024-12-04 00:00:00-05:00,40.16999816894531,40.7400016784668,39.29999923706055,39.84000015258789,676700,0.0,0.0
2024-12-05 00:00:00-05:00,39.630001068115234,39.95000076293945,37.310001373291016,37.599998474121094,1142300,0.0,0.0
2024-12-06 00:00:00-05:00,37.95000076293945,38.70000076293945,37.65999984741211,38.20000076293945,606100,0.0,0.0
2024-12-09 00:00:00-05:00,38.5,40.68000030517578,38.349998474121094,40.529998779296875,878500,0.0,0.0
2024-12-10 00:00:00-05:00,39.86000061035156,40.060001373291016,38.31999969482422,38.5,837400,0.0,0.0
2024-12-11 00:00:00-05:00,39.650001525878906,41.619998931884766,39.16999816894531,41.52000045776367,1770200,0.0,0.0
2024-12-12 00:00:00-05:00,41.56999969482422,41.70000076293945,40.709999084472656,41.599998474121094,544500,0.0,0.0
2024-12-13 00:00:00-05:00,42.0,42.189998626708984,40.689998626708984,41.349998474121094,570600,0.0,0.0
2024-12-16 00:00:00-05:00,42.2400016784668,44.0099983215332,41.45000076293945,43.84000015258789,1450500,0.0,0.0
2024-12-17 00:00:00-05:00,43.91999816894531,45.439998626708984,43.0,43.029998779296875,1263600,0.0,0.0
2024-12-18 00:00:00-05:00,43.040000915527344,44.470001220703125,42.27000045776367,42.459999084472656,1084300,0.0,0.0
2024-12-19 00:00:00-05:00,42.459999084472656,43.31999969482422,41.63999938964844,43.029998779296875,1298600,0.0,0.0
2024-12-20 00:00:00-05:00,43.08000183105469,45.97999954223633,42.689998626708984,44.84000015258789,1870900,0.0,0.0
2024-12-23 00:00:00-05:00,44.720001220703125,45.29999923706055,44.09000015258789,44.65999984741211,753500,0.0,0.0
2024-12-24 00:00:00-05:00,44.66999816894531,44.66999816894531,43.779998779296875,44.58000183105469,207800,0.0,0.0
2024-12-26 00:00:00-05:00,43.75,44.70000076293945,42.93000030517578,44.599998474121094,560200,0.0,0.0
2024-12-27 00:00:00-05:00,44.290000915527344,44.540000915527344,43.630001068115234,44.25,452500,0.0,0.0
2024-12-30 00:00:00-05:00,43.97999954223633,44.27000045776367,42.79999923706055,44.0,606900,0.0,0.0
2024-12-31 00:00:00-05:00,44.36000061035156,45.56999969482422,44.279998779296875,44.54999923706055,470700,0.0,0.0
2025-01-02 00:00:00-05:00,44.86000061035156,45.90999984741211,44.68000030517578,45.040000915527344,594200,0.0,0.0
2025-01-03 00:00:00-05:00,45.08000183105469,46.72999954223633,44.27000045776367,46.65999984741211,708800,0.0,0.0
2025-01-06 00:00:00-05:00,46.869998931884766,48.529998779296875,46.869998931884766,47.61000061035156,938700,0.0,0.0
2025-01-07 00:00:00-05:00,47.56999969482422,49.45000076293945,46.689998626708984,46.90999984741211,1053900,0.0,0.0
2025-01-08 00:00:00-05:00,46.47999954223633,46.560001373291016,45.20000076293945,46.029998779296875,668100,0.0,0.0
2025-01-10 00:00:00-05:00,45.56999969482422,46.09000015258789,44.7400016784668,45.75,1038300,0.0,0.0
2025-01-13 00:00:00-05:00,45.849998474121094,46.33000183105469,42.779998779296875,44.61000061035156,1444200,0.0,0.0
2025-01-14 00:00:00-05:00,45.11000061035156,45.11000061035156,40.099998474121094,41.099998474121094,1809500,0.0,0.0
2025-01-15 00:00:00-05:00,41.13999938964844,42.58000183105469,40.2599983215332,40.27000045776367,1179000,0.0,0.0
2025-01-16 00:00:00-05:00,40.209999084472656,41.90999984741211,39.18000030517578,41.880001068115234,933900,0.0,0.0
2025-01-17 00:00:00-05:00,42.02000045776367,42.5,41.43000030517578,41.7400016784668,560500,0.0,0.0
2025-01-21 00:00:00-05:00,42.13999938964844,43.75,42.13999938964844,43.720001220703125,855100,0.0,0.0
2025-01-22 00:00:00-05:00,43.97999954223633,45.41999816894531,43.5099983215332,44.47999954223633,911800,0.0,0.0
2025-01-23 00:00:00-05:00,44.599998474121094,44.97999954223633,43.0099983215332,44.33000183105469,760600,0.0,0.0
2025-01-24 00:00:00-05:00,44.15999984741211,45.099998474121094,43.83000183105469,44.2400016784668,1102000,0.0,0.0
2025-01-27 00:00:00-05:00,44.22999954223633,46.2400016784668,43.83000183105469,45.119998931884766,974200,0.0,0.0
2025-01-28 00:00:00-05:00,45.45000076293945,46.11000061035156,44.779998779296875,45.709999084472656,491100,0.0,0.0
2025-01-29 00:00:00-05:00,45.79999923706055,45.79999923706055,42.869998931884766,43.52000045776367,604700,0.0,0.0
2025-01-30 00:00:00-05:00,43.79999923706055,44.9900016784668,42.88999938964844,43.15999984741211,696600,0.0,0.0
2025-01-31 00:00:00-05:00,43.09000015258789,44.09000015258789,42.13999938964844,43.459999084472656,553500,0.0,0.0
2025-02-03 00:00:00-05:00,42.439998626708984,43.439998626708984,42.0,42.529998779296875,670900,0.0,0.0
2025-02-04 00:00:00-05:00,42.13999938964844,43.58000183105469,42.13999938964844,42.7400016784668,759000,0.0,0.0
2025-02-05 00:00:00-05:00,43.25,44.68000030517578,43.16999816894531,43.970001220703125,566000,0.0,0.0
2025-02-06 00:00:00-05:00,43.97999954223633,44.0099983215332,41.66999816894531,42.099998474121094,667500,0.0,0.0
2025-02-07 00:00:00-05:00,42.11000061035156,43.06999969482422,41.5099983215332,42.88999938964844,767500,0.0,0.0
2025-02-10 00:00:00-05:00,43.0,43.0,41.75,42.88999938964844,1189900,0.0,0.0
2025-02-11 00:00:00-05:00,42.65999984741211,43.619998931884766,40.849998474121094,41.470001220703125,1107600,0.0,0.0
2025-02-12 00:00:00-05:00,40.959999084472656,41.63999938964844,39.560001373291016,39.939998626708984,1309700,0.0,0.0
2025-02-13 00:00:00-05:00,43.79999923706055,43.91999816894531,41.029998779296875,41.650001525878906,1911600,0.0,0.0
2025-02-14 00:00:00-05:00,42.04999923706055,42.2400016784668,38.77000045776367,40.56999969482422,1445800,0.0,0.0
2025-02-18 00:00:00-05:00,40.36000061035156,41.529998779296875,40.2400016784668,41.4900016784668,977000,0.0,0.0
2025-02-19 00:00:00-05:00,41.31999969482422,42.5,40.849998474121094,41.88999938964844,844100,0.0,0.0
2025-02-20 00:00:00-05:00,41.70000076293945,42.029998779296875,40.400001525878906,41.029998779296875,620200,0.0,0.0
2025-02-21 00:00:00-05:00,40.97999954223633,41.459999084472656,39.900001525878906,40.459999084472656,998600,0.0,0.0
2025-02-24 00:00:00-05:00,40.380001068115234,42.060001373291016,40.380001068115234,41.959999084472656,981200,0.0,0.0
2025-02-25 00:00:00-05:00,41.75,42.209999084472656,41.02000045776367,41.189998626708984,701800,0.0,0.0
2025-02-26 00:00:00-05:00,41.0,41.77000045776367,40.54999923706055,40.880001068115234,414700,0.0,0.0
2025-02-27 00:00:00-05:00,40.849998474121094,40.849998474121094,39.66999816894531,39.779998779296875,751800,0.0,0.0
2025-02-28 00:00:00-05:00,39.529998779296875,40.099998474121094,39.0,39.9900016784668,821700,0.0,0.0
2025-03-03 00:00:00-05:00,40.189998626708984,40.9900016784668,39.040000915527344,39.04999923706055,1172200,0.0,0.0
2025-03-04 00:00:00-05:00,38.45000076293945,39.56999969482422,38.18000030517578,38.970001220703125,661500,0.0,0.0
2025-03-05 00:00:00-05:00,38.81999969482422,40.150001525878906,38.77000045776367,39.66999816894531,627600,0.0,0.0
2025-03-06 00:00:00-05:00,39.36000061035156,40.380001068115234,39.31999969482422,39.959999084472656,480900,0.0,0.0
2025-03-07 00:00:00-05:00,39.83000183105469,41.220001220703125,38.4900016784668,40.79999923706055,640500,0.0,0.0
2025-03-10 00:00:00-04:00,40.459999084472656,41.400001525878906,38.650001525878906,38.68000030517578,834300,0.0,0.0
2025-03-11 00:00:00-04:00,38.459999084472656,38.459999084472656,36.54999923706055,37.290000915527344,672000,0.0,0.0
2025-03-12 00:00:00-04:00,38.380001068115234,38.380001068115234,36.310001373291016,36.869998931884766,726400,0.0,0.0
2025-03-13 00:00:00-04:00,36.7400016784668,36.7400016784668,35.279998779296875,35.599998474121094,605100,0.0,0.0
2025-03-14 00:00:00-04:00,35.81999969482422,36.65999984741211,35.81999969482422,36.119998931884766,856000,0.0,0.0
2025-03-17 00:00:00-04:00,36.130001068115234,36.63999938964844,35.599998474121094,36.20000076293945,1071400,0.0,0.0
2025-03-18 00:00:00-04:00,36.189998626708984,36.38999938964844,34.75,34.88999938964844,924200,0.0,0.0
2025-03-19 00:00:00-04:00,34.70000076293945,35.040000915527344,33.59000015258789,34.779998779296875,1497100,0.0,0.0
2025-03-20 00:00:00-04:00,34.63999938964844,35.45000076293945,34.4900016784668,35.15999984741211,1202300,0.0,0.0
2025-03-21 00:00:00-04:00,34.84000015258789,36.130001068115234,34.65999984741211,35.93000030517578,1330100,0.0,0.0
2025-03-24 00:00:00-04:00,36.290000915527344,36.97999954223633,35.939998626708984,36.5099983215332,677200,0.0,0.0
2025-03-25 00:00:00-04:00,35.209999084472656,37.2400016784668,35.16999816894531,35.349998474121094,808400,0.0,0.0
2025-03-26 00:00:00-04:00,36.16999816894531,36.16999816894531,34.2599983215332,35.02000045776367,957100,0.0,0.0
2025-03-27 00:00:00-04:00,34.959999084472656,36.040000915527344,34.58000183105469,35.869998931884766,684500,0.0,0.0
2025-03-28 00:00:00-04:00,35.130001068115234,35.900001525878906,34.45000076293945,34.88999938964844,614600,0.0,0.0
2025-03-31 00:00:00-04:00,34.560001373291016,35.33000183105469,33.849998474121094,34.970001220703125,636100,0.0,0.0
2025-04-01 00:00:00-04:00,34.90999984741211,35.2400016784668,33.470001220703125,34.11000061035156,615900,0.0,0.0
2025-04-02 00:00:00-04:00,34.58000183105469,34.880001068115234,33.650001525878906,34.630001068115234,434000,0.0,0.0
2025-04-03 00:00:00-04:00,33.25,34.400001525878906,32.43000030517578,32.4900016784668,1519700,0.0,0.0
2025-04-04 00:00:00-04:00,31.360000610351562,31.360000610351562,26.84000015258789,28.1299991607666,2719900,0.0,0.0
2025-04-07 00:00:00-04:00,27.079999923706055,29.049999237060547,26.34000015258789,28.360000610351562,2196800,0.0,0.0
2025-04-08 00:00:00-04:00,29.940000534057617,29.940000534057617,26.0,26.200000762939453,1863400,0.0,0.0
2025-04-09 00:00:00-04:00,25.489999771118164,29.149999618530273,25.1299991607666,28.850000381469727,2219000,0.0,0.0
2025-04-10 00:00:00-04:00,28.3799991607666,28.3799991607666,25.170000076293945,26.420000076293945,2555100,0.0,0.0
2025-04-11 00:00:00-04:00,26.34000015258789,27.239999771118164,25.889999389648438,26.90999984741211,1573800,0.0,0.0
2025-04-14 00:00:00-04:00,27.559999465942383,27.739999771118164,26.68000030517578,27.280000686645508,1418800,0.0,0.0
2025-04-15 00:00:00-04:00,27.079999923706055,27.3799991607666,26.34000015258789,26.559999465942383,1552300,0.0,0.0
2025-04-16 00:00:00-04:00,26.5,26.5,24.850000381469727,25.270000457763672,1748200,0.0,0.0
2025-04-17 00:00:00-04:00,24.829999923706055,25.450000762939453,24.440000534057617,25.170000076293945,938600,0.0,0.0
2025-04-21 00:00:00-04:00,24.739999771118164,24.860000610351562,23.770000457763672,24.559999465942383,1460100,0.0,0.0
2025-04-22 00:00:00-04:00,24.90999984741211,25.389999389648438,24.3799991607666,24.459999084472656,1449900,0.0,0.0
2025-04-23 00:00:00-04:00,25.780000686645508,26.989999771118164,25.399999618530273,25.729999542236328,1694400,0.0,0.0
2025-04-24 00:00:00-04:00,26.010000228881836,28.190000534057617,25.65999984741211,27.780000686645508,1535400,0.0,0.0
2025-04-25 00:00:00-04:00,27.649999618530273,28.479999542236328,27.350000381469727,28.09000015258789,1191000,0.0,0.0
2025-04-28 00:00:00-04:00,28.299999237060547,29.020000457763672,27.969999313354492,28.959999084472656,1588400,0.0,0.0
2025-04-29 00:00:00-04:00,29.040000915527344,29.100000381469727,28.030000686645508,28.579999923706055,1395200,0.0,0.0
2025-04-30 00:00:00-04:00,28.34000015258789,28.34000015258789,27.350000381469727,27.790000915527344,1406700,0.0,0.0
2025-05-01 00:00:00-04:00,28.049999237060547,28.31999969482422,27.489999771118164,27.8799991607666,1302100,0.0,0.0
2025-05-02 00:00:00-04:00,28.489999771118164,29.450000762939453,28.059999465942383,29.1200008392334,1332800,0.0,0.0
2025-05-05 00:00:00-04:00,29.0,29.1200008392334,27.59000015258789,27.690000534057617,2032600,0.0,0.0
2025-05-06 00:00:00-04:00,27.40999984741211,27.40999984741211,25.84000015258789,25.940000534057617,2389400,0.0,0.0
2025-05-07 00:00:00-04:00,26.030000686645508,27.309999465942383,25.649999618530273,25.850000381469727,4297100,0.0,0.0
2025-05-08 00:00:00-04:00,28.65999984741211,37.2400016784668,28.540000915527344,36.459999084472656,6902900,0.0,0.0
2025-05-09 00:00:00-04:00,36.95000076293945,36.95000076293945,35.45000076293945,36.34000015258789,3252800,0.0,0.0
2025-05-12 00:00:00-04:00,37.84000015258789,38.9900016784668,37.29999923706055,37.41999816894531,1845400,0.0,0.0
2025-05-13 00:00:00-04:00,37.33000183105469,37.75,35.369998931884766,35.5099983215332,1595900,0.0,0.0
2025-05-14 00:00:00-04:00,35.119998931884766,35.459999084472656,33.529998779296875,33.54999923706055,1260900,0.0,0.0
2025-05-15 00:00:00-04:00,33.119998931884766,33.41999816894531,32.09000015258789,33.029998779296875,1402700,0.0,0.0
2025-05-16 00:00:00-04:00,33.08000183105469,33.599998474121094,32.33000183105469,33.459999084472656,1056500,0.0,0.0
2025-05-19 00:00:00-04:00,32.77000045776367,33.0,32.22999954223633,32.56999969482422,992200,0.0,0.0
2025-05-20 00:00:00-04:00,32.4900016784668,32.65999984741211,32.02000045776367,32.380001068115234,872100,0.0,0.0
2025-05-21 00:00:00-04:00,31.860000610351562,31.950000762939453,29.469999313354492,29.579999923706055,1255500,0.0,0.0
2025-05-22 00:00:00-04:00,29.469999313354492,30.469999313354492,29.219999313354492,30.18000030517578,1551700,0.0,0.0
2025-05-23 00:00:00-04:00,29.850000381469727,30.899999618530273,29.299999237060547,29.739999771118164,1381900,0.0,0.0
2025-05-27 00:00:00-04:00,30.610000610351562,31.8799991607666,30.209999084472656,31.260000228881836,1568200,0.0,0.0
2025-05-28 00:00:00-04:00,31.399999618530273,31.950000762939453,30.760000228881836,31.700000762939453,1483200,0.0,0.0
2025-05-29 00:00:00-04:00,32.11000061035156,32.11000061035156,30.350000381469727,30.75,939600,0.0,0.0
2025-05-30 00:00:00-04:00,30.649999618530273,30.780000686645508,30.15999984741211,30.670000076293945,1323700,0.0,0.0
2025-06-02 00:00:00-04:00,30.450000762939453,30.540000915527344,29.43000030517578,29.649999618530273,881500,0.0,0.0
2025-06-03 00:00:00-04:00,29.709999084472656,30.59000015258789,29.260000228881836,30.290000915527344,986100,0.0,0.0
2025-06-04 00:00:00-04:00,30.219999313354492,32.279998779296875,30.219999313354492,31.079999923706055,1119700,0.0,0.0
2025-06-05 00:00:00-04:00,31.200000762939453,31.3799991607666,29.760000228881836,29.899999618530273,1106600,0.0,0.0
2025-06-06 00:00:00-04:00,30.209999084472656,30.56999969482422,29.059999465942383,29.530000686645508,912100,0.0,0.0
2025-06-09 00:00:00-04:00,30.329999923706055,30.940000534057617,29.889999389648438,30.209999084472656,1027800,0.0,0.0
2025-06-10 00:00:00-04:00,30.489999771118164,31.440000534057617,30.260000228881836,30.920000076293945,822900,0.0,0.0
2025-06-11 00:00:00-04:00,31.040000915527344,31.450000762939453,30.469999313354492,30.969999313354492,1111500,0.0,0.0
2025-06-12 00:00:00-04:00,30.84000015258789,30.84000015258789,29.75,29.8799991607666,738700,0.0,0.0
2025-06-13 00:00:00-04:00,29.020000457763672,29.56999969482422,28.559999465942383,28.899999618530273,928000,0.0,0.0
2025-06-16 00:00:00-04:00,29.079999923706055,29.84000015258789,28.770000457763672,29.219999313354492,937000,0.0,0.0
2025-06-17 00:00:00-04:00,28.8700008392334,29.190000534057617,28.020000457763672,28.030000686645508,1160400,0.0,0.0
2025-06-18 00:00:00-04:00,28.0,28.549999237060547,27.84000015258789,28.329999923706055,1210400,0.0,0.0
2025-06-20 00:00:00-04:00,28.790000915527344,28.790000915527344,27.639999389648438,28.030000686645508,1522000,0.0,0.0
2025-06-23 00:00:00-04:00,27.690000534057617,28.020000457763672,26.90999984741211,27.649999618530273,1113800,0.0,0.0
2025-06-24 00:00:00-04:00,27.969999313354492,28.809999465942383,27.579999923706055,28.670000076293945,1233500,0.0,0.0
2025-06-25 00:00:00-04:00,28.68000030517578,28.68000030517578,27.399999618530273,28.110000610351562,995000,0.0,0.0
2025-06-26 00:00:00-04:00,28.079999923706055,28.739999771118164,27.920000076293945,28.700000762939453,1292500,0.0,0.0
2025-06-27 00:00:00-04:00,28.649999618530273,28.959999084472656,28.110000610351562,28.8700008392334,10817000,0.0,0.0
2025-06-30 00:00:00-04:00,28.979999542236328,29.829999923706055,28.56999969482422,28.81999969482422,1673800,0.0,0.0
2025-07-01 00:00:00-04:00,28.43000030517578,31.25,28.43000030517578,29.790000915527344,1353500,0.0,0.0
2025-07-02 00:00:00-04:00,29.760000228881836,30.31999969482422,29.6200008392334,30.18000030517578,1213800,0.0,0.0
2025-07-03 00:00:00-04:00,30.25,30.399999618530273,29.670000076293945,30.190000534057617,999300,0.0,0.0
2025-07-07 00:00:00-04:00,29.719999313354492,30.31999969482422,28.829999923706055,29.219999313354492,1395300,0.0,0.0
2025-07-08 00:00:00-04:00,29.299999237060547,31.079999923706055,29.219999313354492,30.81999969482422,1555700,0.0,0.0
2025-07-09 00:00:00-04:00,30.770000457763672,31.799999237060547,30.1299991607666,31.56999969482422,1193900,0.0,0.0
2025-07-10 00:00:00-04:00,31.59000015258789,32.70000076293945,31.209999084472656,31.549999237060547,1048800,0.0,0.0
2025-07-11 00:00:00-04:00,31.18000030517578,31.309999465942383,30.100000381469727,30.34000015258789,924700,0.0,0.0
2025-07-14 00:00:00-04:00,30.030000686645508,30.030000686645508,28.360000610351562,28.860000610351562,1160400,0.0,0.0
2025-07-15 00:00:00-04:00,29.1200008392334,29.360000610351562,27.790000915527344,27.950000762939453,1131700,0.0,0.0
2025-07-16 00:00:00-04:00,28.040000915527344,28.1200008392334,27.280000686645508,27.56999969482422,1296600,0.0,0.0
2025-07-17 00:00:00-04:00,27.290000915527344,27.75,26.489999771118164,26.68000030517578,1841800,0.0,0.0
2025-07-18 00:00:00-04:00,27.219999313354492,27.219999313354492,25.440000534057617,25.450000762939453,1506000,0.0,0.0
2025-07-21 00:00:00-04:00,25.549999237060547,26.079999923706055,25.25,25.299999237060547,1752300,0.0,0.0
2025-07-22 00:00:00-04:00,25.329999923706055,26.670000076293945,25.31999969482422,25.540000915527344,1719900,0.0,0.0
2025-07-23 00:00:00-04:00,26.149999618530273,26.969999313354492,25.860000610351562,26.600000381469727,1735200,0.0,0.0
2025-07-24 00:00:00-04:00,26.290000915527344,27.350000381469727,26.200000762939453,26.329999923706055,1228900,0.0,0.0
2025-07-25 00:00:00-04:00,26.540000915527344,27.420000076293945,26.010000228881836,27.389999389648438,1200000,0.0,0.0
2025-07-28 00:00:00-04:00,27.290000915527344,27.290000915527344,26.079999923706055,26.09000015258789,1442700,0.0,0.0
2025-07-29 00:00:00-04:00,25.940000534057617,26.18000030517578,25.149999618530273,25.440000534057617,1880900,0.0,0.0
2025-07-30 00:00:00-04:00,25.440000534057617,25.530000686645508,24.219999313354492,24.290000915527344,1396900,0.0,0.0
2025-07-31 00:00:00-04:00,23.989999771118164,24.209999084472656,22.889999389648438,23.020000457763672,1790400,0.0,0.0
2025-08-01 00:00:00-04:00,22.829999923706055,22.850000381469727,22.049999237060547,22.809999465942383,1600700,0.0,0.0
2025-08-04 00:00:00-04:00,23.020000457763672,24.139999389648438,22.6200008392334,24.110000610351562,1839000,0.0,0.0
2025-08-05 00:00:00-04:00,24.200000762939453,24.450000762939453,23.5,23.68000030517578,2261100,0.0,0.0
2025-08-06 00:00:00-04:00,27.260000228881836,27.270000457763672,23.280000686645508,23.440000534057617,2805600,0.0,0.0
2025-08-07 00:00:00-04:00,23.440000534057617,24.440000534057617,23.110000610351562,24.399999618530273,1724700,0.0,0.0
2025-08-08 00:00:00-04:00,24.399999618530273,24.459999084472656,23.700000762939453,23.90999984741211,1057800,0.0,0.0
2025-08-11 00:00:00-04:00,23.829999923706055,24.040000915527344,23.200000762939453,23.639999389648438,1323800,0.0,0.0
2025-08-12 00:00:00-04:00,23.829999923706055,25.329999923706055,23.719999313354492,25.190000534057617,1095000,0.0,0.0
2025-08-13 00:00:00-04:00,25.43000030517578,27.1299991607666,25.09000015258789,27.079999923706055,1561100,0.0,0.0
2025-08-14 00:00:00-04:00,26.459999084472656,26.600000381469727,25.530000686645508,25.950000762939453,895900,0.0,0.0
2025-08-15 00:00:00-04:00,26.280000686645508,26.549999237060547,25.690000534057617,25.93000030517578,975500,0.0,0.0
2025-08-18 00:00:00-04:00,25.93000030517578,26.549999237060547,25.670000076293945,25.81999969482422,938700,0.0,0.0
2025-08-19 00:00:00-04:00,25.8700008392334,26.760000228881836,25.8700008392334,26.75,811000,0.0,0.0
2025-08-20 00:00:00-04:00,26.700000762939453,26.8799991607666,25.90999984741211,26.34000015258789,846800,0.0,0.0
2025-08-21 00:00:00-04:00,26.040000915527344,26.15999984741211,25.43000030517578,25.65999984741211,671000,0.0,0.0
2025-08-22 00:00:00-04:00,26.469999313354492,28.219999313354492,25.920000076293945,27.899999618530273,1749000,0.0,0.0
2025-08-25 00:00:00-04:00,27.729999542236328,27.729999542236328,26.799999237060547,27.649999618530273,1471900,0.0,0.0
2025-08-26 00:00:00-04:00,27.649999618530273,28.239999771118164,27.40999984741211,27.920000076293945,1762500,0.0,0.0
2025-08-27 00:00:00-04:00,27.739999771118164,28.399999618530273,27.540000915527344,27.770000457763672,1361100,0.0,0.0
2025-08-28 00:00:00-04:00,27.75,28.059999465942383,27.270000457763672,28.0,1286700,0.0,0.0
2025-08-29 00:00:00-04:00,28.079999923706055,29.25,27.90999984741211,28.690000534057617,1195400,0.0,0.0
2025-09-02 00:00:00-04:00,27.950000762939453,28.479999542236328,27.440000534057617,28.25,1277800,0.0,0.0
2025-09-03 00:00:00-04:00,28.299999237060547,28.84000015258789,27.479999542236328,27.610000610351562,937500,0.0,0.0
2025-09-04 00:00:00-04:00,27.5,28.18000030517578,26.809999465942383,27.790000915527344,1068700,0.0,0.0
2025-09-05 00:00:00-04:00,28.06999969482422,29.25,28.0,28.68000030517578,971400,0.0,0.0
2025-09-08 00:00:00-04:00,28.450000762939453,28.559999465942383,27.68000030517578,28.469999313354492,878500,0.0,0.0
2025-09-09 00:00:00-04:00,28.510000228881836,28.829999923706055,28.100000381469727,28.559999465942383,922600,0.0,0.0
2025-09-10 00:00:00-04:00,28.459999084472656,28.829999923706055,27.450000762939453,27.6299991607666,710400,0.0,0.0
2025-09-11 00:00:00-04:00,27.6299991607666,30.010000228881836,27.6200008392334,29.940000534057617,1746500,0.0,0.0
2025-09-12 00:00:00-04:00,29.809999465942383,30.15999984741211,28.549999237060547,28.56999969482422,1150200,0.0,0.0
2025-09-15 00:00:00-04:00,28.75,29.079999923706055,28.239999771118164,28.920000076293945,1616100,0.0,0.0
2025-09-16 00:00:00-04:00,29.100000381469727,30.280000686645508,28.90999984741211,29.530000686645508,1603800,0.0,0.0
2025-09-17 00:00:00-04:00,29.469999313354492,30.229999542236328,28.40999984741211,28.729999542236328,1224400,0.0,0.0
2025-09-18 00:00:00-04:00,29.270000457763672,29.969999313354492,28.81999969482422,29.739999771118164,1315200,0.0,0.0
2025-09-19 00:00:00-04:00,29.739999771118164,29.75,28.68000030517578,28.780000686645508,1676800,0.0,0.0
2025-09-22 00:00:00-04:00,28.760000228881836,28.969999313354492,28.3700008392334,28.459999084472656,989500,0.0,0.0
2025-09-23 00:00:00-04:00,28.440000534057617,29.209999084472656,27.440000534057617,27.440000534057617,1016800,0.0,0.0
2025-09-24 00:00:00-04:00,27.309999465942383,27.670000076293945,26.110000610351562,26.690000534057617,1220600,0.0,0.0
2025-09-25 00:00:00-04:00,26.18000030517578,26.59000015258789,25.950000762939453,26.540000915527344,1377900,0.0,0.0
2025-09-26 00:00:00-04:00,26.90999984741211,28.3700008392334,26.68000030517578,28.329999923706055,1587500,0.0,0.0
2025-09-29 00:00:00-04:00,28.610000610351562,29.25,27.649999618530273,28.8799991607666,1379300,0.0,0.0
2025-09-30 00:00:00-04:00,28.600000381469727,29.510000228881836,28.489999771118164,29.450000762939453,1344600,0.0,0.0
2025-10-01 00:00:00-04:00,29.229999542236328,31.540000915527344,29.1299991607666,31.25,1777300,0.0,0.0
2025-10-02 00:00:00-04:00,31.40999984741211,32.54999923706055,31.1299991607666,31.93000030517578,1652700,0.0,0.0
2025-10-03 00:00:00-04:00,32.150001525878906,32.810001373291016,29.700000762939453,29.979999542236328,2094800,0.0,0.0
2025-10-06 00:00:00-04:00,29.899999618530273,30.489999771118164,29.229999542236328,29.600000381469727,1251400,0.0,0.0
2025-10-07 00:00:00-04:00,28.450000762939453,29.079999923706055,27.649999618530273,27.709999084472656,1192600,0.0,0.0
2025-10-08 00:00:00-04:00,27.399999618530273,28.06999969482422,26.780000686645508,27.860000610351562,1123300,0.0,0.0
2025-10-09 00:00:00-04:00,27.809999465942383,28.09000015258789,27.450000762939453,28.059999465942383,987400,0.0,0.0
2025-10-10 00:00:00-04:00,28.219999313354492,28.530000686645508,26.34000015258789,26.3700008392334,1377400,0.0,0.0
2025-10-13 00:00:00-04:00,26.770000457763672,27.440000534057617,26.290000915527344,26.309999465942383,1080200,0.0,0.0
2025-10-14 00:00:00-04:00,25.479999542236328,26.579999923706055,25.479999542236328,26.170000076293945,1077700,0.0,0.0
2025-10-15 00:00:00-04:00,26.40999984741211,27.329999923706055,26.040000915527344,27.309999465942383,909300,0.0,0.0
2025-10-16 00:00:00-04:00,27.6299991607666,29.049999237060547,27.459999084472656,28.420000076293945,1480500,0.0,0.0
2025-10-17 00:00:00-04:00,28.1299991607666,28.59000015258789,27.8700008392334,28.1299991607666,915000,0.0,0.0
2025-10-20 00:00:00-04:00,28.579999923706055,29.81999969482422,28.360000610351562,29.0,1079600,0.0,0.0
2025-10-21 00:00:00-04:00,29.030000686645508,29.90999984741211,28.799999237060547,29.829999923706055,1073000,0.0,0.0
2025-10-22 00:00:00-04:00,29.979999542236328,30.239999771118164,29.239999771118164,29.799999237060547,1111400,0.0,0.0
2025-10-23 00:00:00-04:00,29.799999237060547,30.850000381469727,29.56999969482422,29.799999237060547,1113000,0.0,0.0
2025-10-24 00:00:00-04:00,30.260000228881836,30.84000015258789,29.8799991607666,30.510000228881836,1003400,0.0,0.0
2025-10-27 00:00:00-04:00,30.510000228881836,30.790000915527344,29.280000686645508,29.479999542236328,953300,0.0,0.0
2025-10-28 00:00:00-04:00,28.90999984741211,29.270000457763672,28.079999923706055,28.190000534057617,1112700,0.0,0.0
2025-10-29 00:00:00-04:00,28.149999618530273,28.6299991607666,27.389999389648438,27.940000534057617,998800,0.0,0.0
2025-10-30 00:00:00-04:00,27.649999618530273,28.100000381469727,26.709999084472656,26.809999465942383,1205200,0.0,0.0
2025-10-31 00:00:00-04:00,26.649999618530273,27.299999237060547,26.170000076293945,26.989999771118164,1191500,0.0,0.0
2025-11-03 00:00:00-05:00,27.0,27.920000076293945,26.3700008392334,27.709999084472656,1547900,0.0,0.0
2025-11-04 00:00:00-05:00,27.34000015258789,27.979999542236328,26.790000915527344,27.1299991607666,1289900,0.0,0.0
2025-11-05 00:00:00-05:00,27.290000915527344,28.010000228881836,26.549999237060547,27.3700008392334,1862100,0.0,0.0
2025-11-06 00:00:00-05:00,26.479999542236328,27.309999465942383,21.15999984741211,21.260000228881836,5441500,0.0,0.0
2025-11-07 00:00:00-05:00,21.010000228881836,21.56999969482422,20.100000381469727,20.350000381469727,3301400,0.0,0.0
2025-11-10 00:00:00-05:00,20.360000610351562,21.030000686645508,19.579999923706055,19.729999542236328,2385200,0.0,0.0
2025-11-11 00:00:00-05:00,19.68000030517578,22.149999618530273,19.5,21.889999389648438,3119500,0.0,0.0
2025-11-12 00:00:00-05:00,21.889999389648438,23.25,21.670000076293945,22.59000015258789,2428200,0.0,0.0
2025-11-13 00:00:00-05:00,22.170000076293945,22.81999969482422,21.940000534057617,22.18000030517578,1226500,0.0,0.0
2025-11-14 00:00:00-05:00,21.3700008392334,21.469999313354492,20.420000076293945,21.34000015258789,1717700,0.0,0.0
2025-11-17 00:00:00-05:00,21.200000762939453,21.420000076293945,20.6200008392334,21.100000381469727,1081500,0.0,0.0
2025-11-18 00:00:00-05:00,20.889999389648438,21.600000381469727,20.309999465942383,21.280000686645508,1352100,0.0,0.0
2025-11-19 00:00:00-05:00,21.3799991607666,21.780000686645508,20.8799991607666,20.989999771118164,997000,0.0,0.0
2025-11-20 00:00:00-05:00,21.290000915527344,22.06999969482422,20.940000534057617,21.309999465942383,962200,0.0,0.0
2025-11-21 00:00:00-05:00,22.43000030517578,24.6299991607666,22.020000457763672,24.350000381469727,1885800,0.0,0.0
2025-11-24 00:00:00-05:00,24.530000686645508,26.690000534057617,24.100000381469727,26.579999923706055,1924700,0.0,0.0
2025-11-25 00:00:00-05:00,27.15999984741211,28.3700008392334,26.899999618530273,28.139999389648438,1666600,0.0,0.0
2025-11-26 00:00:00-05:00,27.68000030517578,28.31999969482422,27.479999542236328,27.5,1404000,0.0,0.0
2025-11-28 00:00:00-05:00,27.420000076293945,27.559999465942383,27.030000686645508,27.350000381469727,389600,0.0,0.0
2025-12-01 00:00:00-05:00,26.979999542236328,27.350000381469727,26.25,26.479999542236328,747000,0.0,0.0
2025-12-02 00:00:00-05:00,26.709999084472656,26.889999389648438,26.309999465942383,26.530000686645508,879700,0.0,0.0
2025-12-03 00:00:00-05:00,26.530000686645508,27.81999969482422,26.530000686645508,27.530000686645508,1146600,0.0,0.0
2025-12-04 00:00:00-05:00,27.530000686645508,27.989999771118164,26.520000457763672,27.81999969482422,788000,0.0,0.0
2025-12-05 00:00:00-05:00,28.09000015258789,28.299999237060547,27.510000228881836,27.760000228881836,705700,0.0,0.0
2025-12-08 00:00:00-05:00,28.0,28.280000686645508,27.1299991607666,27.15999984741211,824100,0.0,0.0
2025-12-09 00:00:00-05:00,27.149999618530273,27.760000228881836,26.84000015258789,27.440000534057617,868900,0.0,0.0
2025-12-10 00:00:00-05:00,27.440000534057617,29.040000915527344,27.3799991607666,28.799999237060547,1427500,0.0,0.0
2025-12-11 00:00:00-05:00,28.920000076293945,30.399999618530273,28.780000686645508,29.65999984741211,1344500,0.0,0.0
2025-12-12 00:00:00-05:00,29.729999542236328,29.920000076293945,28.610000610351562,28.799999237060547,603300,0.0,0.0
2025-12-15 00:00:00-05:00,28.989999771118164,29.420000076293945,28.219999313354492,29.059999465942383,1077900,0.0,0.0
2025-12-16 00:00:00-05:00,29.049999237060547,29.389999389648438,28.34000015258789,28.8799991607666,908500,0.0,0.0
2025-12-17 00:00:00-05:00,28.799999237060547,29.510000228881836,28.690000534057617,29.389999389648438,789900,0.0,0.0
2025-12-18 00:00:00-05:00,29.81999969482422,30.0,28.15999984741211,28.31999969482422,990100,0.0,0.0
2025-12-19 00:00:00-05:00,28.280000686645508,29.3799991607666,28.15999984741211,28.950000762939453,1279800,0.0,0.0
2025-12-22 00:00:00-05:00,28.770000457763672,29.940000534057617,28.719999313354492,29.809999465942383,760600,0.0,0.0
2025-12-23 00:00:00-05:00,29.690000534057617,29.690000534057617,28.350000381469727,28.59000015258789,670300,0.0,0.0
2025-12-24 00:00:00-05:00,28.6200008392334,29.1299991607666,28.450000762939453,28.90999984741211,388900,0.0,0.0
2025-12-26 00:00:00-05:00,28.690000534057617,29.469999313354492,28.389999389648438,29.299999237060547,481700,0.0,0.0
2025-12-29 00:00:00-05:00,29.399999618530273,29.6200008392334,28.889999389648438,29.299999237060547,498100,0.0,0.0
2025-12-30 00:00:00-05:00,29.229999542236328,29.469999313354492,29.010000228881836,29.299999237060547,398900,0.0,0.0
2025-12-31 00:00:00-05:00,29.270000457763672,29.350000381469727,28.43000030517578,28.559999465942383,437000,0.0,0.0
2026-01-02 00:00:00-05:00,28.860000610351562,29.1299991607666,27.93000030517578,28.780000686645508,530100,0.0,0.0
2026-01-05 00:00:00-05:00,28.610000610351562,30.25,28.610000610351562,30.059999465942383,807900,0.0,0.0
2026-01-06 00:00:00-05:00,29.979999542236328,32.77000045776367,29.68000030517578,32.5,1419900,0.0,0.0
2026-01-07 00:00:00-05:00,32.439998626708984,33.529998779296875,31.829999923706055,33.369998931884766,1333800,0.0,0.0
2026-01-08 00:00:00-05:00,32.880001068115234,33.79999923706055,32.5,33.5099983215332,886300,0.0,0.0
2026-01-09 00:00:00-05:00,33.61000061035156,34.45000076293945,33.45000076293945,33.650001525878906,1196400,0.0,0.0
2026-01-12 00:00:00-05:00,33.72999954223633,33.97999954223633,32.09000015258789,33.36000061035156,978200,0.0,0.0
2026-01-13 00:00:00-05:00,33.16999816894531,33.90999984741211,32.650001525878906,33.29999923706055,783000,0.0,0.0
2026-01-14 00:00:00-05:00,33.13999938964844,34.43000030517578,32.95000076293945,34.34000015258789,716700,0.0,0.0
2026-01-15 00:00:00-05:00,34.31999969482422,35.560001373291016,33.279998779296875,35.380001068115234,719700,0.0,0.0
2026-01-16 00:00:00-05:00,35.470001220703125,35.58000183105469,31.8700008392334,33.20000076293945,1257700,0.0,0.0
2026-01-20 00:00:00-05:00,32.040000915527344,33.439998626708984,32.040000915527344,32.72999954223633,877500,0.0,0.0
2026-01-21 00:00:00-05:00,32.20000076293945,32.720001220703125,27.190000534057617,29.420000076293945,2569400,0.0,0.0
2026-01-22 00:00:00-05:00,30.170000076293945,31.43000030517578,29.829999923706055,30.559999465942383,1573100,0.0,0.0
2026-01-23 00:00:00-05:00,30.1299991607666,30.25,27.989999771118164,28.09000015258789,1261000,0.0,0.0
2026-01-26 00:00:00-05:00,27.889999389648438,28.8799991607666,27.56999969482422,28.68000030517578,765600,0.0,0.0
2026-01-27 00:00:00-05:00,28.25,28.469999313354492,27.1299991607666,27.280000686645508,883900,0.0,0.0
2026-01-28 00:00:00-05:00,26.989999771118164,27.510000228881836,25.809999465942383,26.790000915527344,939100,0.0,0.0
2026-01-29 00:00:00-05:00,26.600000381469727,27.5,26.049999237060547,27.40999984741211,889000,0.0,0.0
2026-01-30 00:00:00-05:00,27.020000457763672,27.389999389648438,26.719999313354492,27.170000076293945,742500,0.0,0.0
2026-02-02 00:00:00-05:00,27.149999618530273,27.93000030517578,26.5,27.649999618530273,780600,0.0,0.0
2026-02-03 00:00:00-05:00,27.579999923706055,29.190000534057617,27.350000381469727,27.979999542236328,868700,0.0,0.0
2026-02-04 00:00:00-05:00,28.389999389648438,29.729999542236328,28.389999389648438,29.309999465942383,923800,0.0,0.0
2026-02-05 00:00:00-05:00,28.989999771118164,29.969999313354492,28.420000076293945,28.690000534057617,1187100,0.0,0.0
2026-02-06 00:00:00-05:00,28.950000762939453,29.459999084472656,28.3799991607666,29.100000381469727,788200,0.0,0.0
2026-02-09 00:00:00-05:00,29.209999084472656,29.530000686645508,27.75,29.260000228881836,716700,0.0,0.0
2026-02-10 00:00:00-05:00,29.559999465942383,30.5,29.110000610351562,29.209999084472656,970500,0.0,0.0
2026-02-11 00:00:00-05:00,29.040000915527344,29.399999618530273,27.489999771118164,28.799999237060547,1204000,0.0,0.0
2026-02-12 00:00:00-05:00,26.68000030517578,27.040000915527344,21.649999618530273,23.739999771118164,4258900,0.0,0.0
2026-02-13 00:00:00-05:00,23.420000076293945,24.739999771118164,22.729999542236328,23.579999923706055,2506200,0.0,0.0
2026-02-17 00:00:00-05:00,23.8700008392334,24.049999237060547,22.700000762939453,23.1299991607666,1984100,0.0,0.0
2026-02-18 00:00:00-05:00,23.149999618530273,24.75,23.149999618530273,24.15999984741211,1080600,0.0,0.0
2026-02-19 00:00:00-05:00,24.399999618530273,24.600000381469727,23.399999618530273,23.610000610351562,1041900,0.0,0.0
2026-02-20 00:00:00-05:00,23.399999618530273,23.68000030517578,21.989999771118164,22.479999542236328,1654100,0.0,0.0
2026-02-23 00:00:00-05:00,22.399999618530273,22.469999313354492,21.139999389648438,21.190000534057617,1144700,0.0,0.0
2026-02-24 00:00:00-05:00,21.100000381469727,22.149999618530273,20.850000381469727,21.93000030517578,1168500,0.0,0.0
2026-02-25 00:00:00-05:00,22.170000076293945,24.260000228881836,21.959999084472656,23.329999923706055,1269300,0.0,0.0
2026-02-26 00:00:00-05:00,23.329999923706055,23.579999923706055,22.030000686645508,22.700000762939453,1218300,0.0,0.0
2026-02-27 00:00:00-05:00,22.290000915527344,22.760000228881836,21.989999771118164,22.739999771118164,1089100,0.0,0.0
2026-03-02 00:00:00-05:00,22.09000015258789,22.690000534057617,21.610000610351562,22.600000381469727,858700,0.0,0.0
2026-03-03 00:00:00-05:00,21.719999313354492,21.959999084472656,20.59000015258789,21.479999542236328,989800,0.0,0.0
2026-03-04 00:00:00-05:00,21.520000457763672,21.799999237060547,20.920000076293945,21.190000534057617,572600,0.0,0.0
2026-03-05 00:00:00-05:00,20.700000762939453,21.93000030517578,20.649999618530273,21.40999984741211,1095100,0.0,0.0
2026-03-06 00:00:00-05:00,20.850000381469727,20.899999618530273,19.969999313354492,20.829999923706055,1177500,0.0,0.0
2026-03-09 00:00:00-04:00,20.059999465942383,20.239999771118164,19.239999771118164,19.860000610351562,1605300,0.0,0.0
2026-03-10 00:00:00-04:00,20.059999465942383,20.1299991607666,18.920000076293945,19.299999237060547,1196400,0.0,0.0
2026-03-11 00:00:00-04:00,19.010000228881836,19.15999984741211,17.899999618530273,18.020000457763672,1356500,0.0,0.0
2026-03-12 00:00:00-04:00,17.700000762939453,18.239999771118164,17.3700008392334,17.920000076293945,1890500,0.0,0.0
2026-03-13 00:00:00-04:00,18.09000015258789,18.6299991607666,17.079999923706055,17.100000381469727,1596900,0.0,0.0
2026-03-16 00:00:00-04:00,17.350000381469727,17.850000381469727,17.15999984741211,17.649999618530273,1365300,0.0,0.0
2026-03-17 00:00:00-04:00,17.860000610351562,19.719999313354492,17.780000686645508,19.1200008392334,1478100,0.0,0.0
2026-03-18 00:00:00-04:00,18.610000610351562,18.700000762939453,17.030000686645508,17.030000686645508,2742000,0.0,0.0
2026-03-19 00:00:00-04:00,16.709999084472656,16.860000610351562,16.15999984741211,16.56999969482422,2312700,0.0,0.0
2026-03-20 00:00:00-04:00,16.540000915527344,16.6299991607666,15.079999923706055,15.239999771118164,3485700,0.0,0.0
2026-03-23 00:00:00-04:00,16.079999923706055,17.100000381469727,15.319999694824219,16.549999237060547,2550800,0.0,0.0
2026-03-24 00:00:00-04:00,16.190000534057617,17.200000762939453,16.1200008392334,16.170000076293945,1797700,0.0,0.0
2026-03-25 00:00:00-04:00,16.559999465942383,16.809999465942383,15.489999771118164,16.010000228881836,2005500,0.0,0.0
2026-03-26 00:00:00-04:00,15.75,16.290000915527344,15.510000228881836,15.600000381469727,1612100,0.0,0.0
2026-03-27 00:00:00-04:00,15.350000381469727,15.779999732971191,14.449999809265137,14.779999732971191,2166200,0.0,0.0
2026-03-30 00:00:00-04:00,14.890000343322754,15.460000038146973,14.800000190734863,15.260000228881836,2557700,0.0,0.0
2026-03-31 00:00:00-04:00,15.729999542236328,16.610000610351562,15.5600004196167,16.43000030517578,2101000,0.0,0.0
2026-04-01 00:00:00-04:00,16.719999313354492,17.440000534057617,16.469999313354492,16.579999923706055,2470500,0.0,0.0
2026-04-02 00:00:00-04:00,15.949999809265137,17.549999237060547,15.550000190734863,17.25,1180200,0.0,0.0
2026-04-06 00:00:00-04:00,17.149999618530273,17.350000381469727,15.710000038146973,15.880000114440918,1654900,0.0,0.0
2026-04-07 00:00:00-04:00,15.850000381469727,15.970000267028809,14.890000343322754,14.979999542236328,1785900,0.0,0.0
2026-04-08 00:00:00-04:00,16.209999084472656,16.579999923706055,15.3100004196167,15.319999694824219,1404700,0.0,0.0
2026-04-09 00:00:00-04:00,15.09000015258789,15.09000015258789,13.989999771118164,14.149999618530273,1989800,0.0,0.0
2026-04-10 00:00:00-04:00,14.079999923706055,14.3100004196167,13.84000015258789,13.850000381469727,2498500,0.0,0.0
2026-04-13 00:00:00-04:00,13.699999809265137,16.200000762939453,13.699999809265137,16.079999923706055,2112900,0.0,0.0
2026-04-14 00:00:00-04:00,16.260000228881836,17.43000030517578,16.260000228881836,17.31999969482422,1690000,0.0,0.0
2026-04-15 00:00:00-04:00,17.520000457763672,18.0,17.260000228881836,17.489999771118164,1827200,0.0,0.0
2026-04-16 00:00:00-04:00,13.779999732971191,14.0,11.609999656677246,12.6899995803833,14130300,0.0,0.0
2026-04-17 00:00:00-04:00,12.979999542236328,13.020000457763672,12.149999618530273,12.710000038146973,4825100,0.0,0.0
2026-04-20 00:00:00-04:00,12.6899995803833,13.359999656677246,12.420000076293945,12.890000343322754,3707700,0.0,0.0
2026-04-21 00:00:00-04:00,12.890000343322754,13.489999771118164,11.710000038146973,12.039999961853027,2374400,0.0,0.0
2026-04-22 00:00:00-04:00,12.15999984741211,12.260000228881836,11.819999694824219,11.899999618530273,2198000,0.0,0.0
2026-04-23 00:00:00-04:00,11.75,11.989999771118164,10.859999656677246,11.239999771118164,2206900,0.0,0.0
2026-04-24 00:00:00-04:00,11.229999542236328,11.649999618530273,11.1899995803833,11.59000015258789,1743400,0.0,0.0
2026-04-27 00:00:00-04:00,11.5,12.489999771118164,11.5,12.289999961853027,2328400,0.0,0.0
2026-04-28 00:00:00-04:00,12.239999771118164,12.369999885559082,11.739999771118164,12.020000457763672,2466500,0.0,0.0
2026-04-29 00:00:00-04:00,11.920000076293945,12.100000381469727,11.1899995803833,11.489999771118164,2129300,0.0,0.0
2026-04-30 00:00:00-04:00,11.5,12.40999984741211,11.430000305175781,12.300000190734863,1841000,0.0,0.0
2026-05-01 00:00:00-04:00,12.5,12.649999618530273,12.210000038146973,12.640000343322754,1415200,0.0,0.0
2026-05-04 00:00:00-04:00,12.5600004196167,12.850000381469727,11.859999656677246,12.420000076293945,1783400,0.0,0.0
2026-05-05 00:00:00-04:00,12.4350004196167,12.800000190734863,11.579999923706055,11.65999984741211,3182216,0.0,0.0
