Date,Open,High,Low,Close,Volume,Dividends,Stock Splits
2022-01-03 00:00:00-05:00,87.44999694824219,88.05999755859375,86.0999984741211,86.68000030517578,774200,0.0,0.0
2022-01-04 00:00:00-05:00,86.75,86.94999694824219,83.98999786376953,85.11000061035156,1386000,0.0,0.0
2022-01-05 00:00:00-05:00,84.62000274658203,85.05000305175781,81.55999755859375,81.61000061035156,1112800,0.0,0.0
2022-01-06 00:00:00-05:00,81.4000015258789,83.02999877929688,80.51000213623047,82.02999877929688,1337900,0.0,0.0
2022-01-07 00:00:00-05:00,81.5999984741211,82.05999755859375,78.91999816894531,79.13999938964844,1351500,0.0,0.0
2022-01-10 00:00:00-05:00,77.9800033569336,78.81999969482422,76.19999694824219,78.7699966430664,1501000,0.0,0.0
2022-01-11 00:00:00-05:00,78.9000015258789,79.55999755859375,76.86000061035156,79.48999786376953,1222900,0.0,0.0
2022-01-12 00:00:00-05:00,80.08000183105469,80.98999786376953,78.7300033569336,79.16000366210938,870900,0.0,0.0
2022-01-13 00:00:00-05:00,79.79000091552734,79.95999908447266,75.6500015258789,75.94000244140625,2135200,0.0,0.0
2022-01-14 00:00:00-05:00,75.41999816894531,77.2699966430664,74.70999908447266,75.91999816894531,1408900,0.0,0.0
2022-01-18 00:00:00-05:00,74.3499984741211,75.8499984741211,73.45999908447266,74.77999877929688,1850300,0.0,0.0
2022-01-19 00:00:00-05:00,75.30000305175781,76.48999786376953,73.86000061035156,73.94000244140625,1582700,0.0,0.0
2022-01-20 00:00:00-05:00,74.5,75.68000030517578,72.48999786376953,72.66000366210938,1130600,0.0,0.0
2022-01-21 00:00:00-05:00,72.33999633789062,73.41000366210938,70.56999969482422,70.62000274658203,1216100,0.0,0.0
2022-01-24 00:00:00-05:00,69.69999694824219,72.7300033569336,67.55999755859375,72.5199966430664,2177200,0.0,0.0
2022-01-25 00:00:00-05:00,71.11000061035156,72.12000274658203,69.26000213623047,70.37000274658203,2033600,0.0,0.0
2022-01-26 00:00:00-05:00,71.75,72.63999938964844,67.55999755859375,68.41999816894531,2143800,0.0,0.0
2022-01-27 00:00:00-05:00,69.75,70.62999725341797,66.52999877929688,67.12999725341797,2118200,0.0,0.0
2022-01-28 00:00:00-05:00,67.61000061035156,70.30999755859375,66.18000030517578,70.26000213623047,2263500,0.0,0.0
2022-01-31 00:00:00-05:00,70.54000091552734,72.73999786376953,70.54000091552734,72.16000366210938,2170600,0.0,0.0
2022-02-01 00:00:00-05:00,72.79000091552734,73.16000366210938,71.0,72.9800033569336,1424900,0.0,0.0
2022-02-02 00:00:00-05:00,73.30999755859375,73.72000122070312,72.37999725341797,72.9000015258789,1369800,0.0,0.0
2022-02-03 00:00:00-05:00,71.69000244140625,72.47000122070312,70.52999877929688,70.73999786376953,1370700,0.0,0.0
2022-02-04 00:00:00-05:00,70.2699966430664,71.44000244140625,69.37999725341797,70.47000122070312,2305300,0.0,0.0
2022-02-07 00:00:00-05:00,71.05999755859375,71.58000183105469,69.87000274658203,70.4000015258789,2089300,0.0,0.0
2022-02-08 00:00:00-05:00,70.54000091552734,71.83000183105469,69.73999786376953,71.5999984741211,1713200,0.0,0.0
2022-02-09 00:00:00-05:00,71.69999694824219,72.94000244140625,70.30000305175781,71.44999694824219,2562300,0.0,0.0
2022-02-10 00:00:00-05:00,69.12999725341797,72.58999633789062,67.55000305175781,68.52999877929688,2479900,0.0,0.0
2022-02-11 00:00:00-05:00,68.80999755859375,70.33999633789062,65.94000244140625,66.41999816894531,2170900,0.0,0.0
2022-02-14 00:00:00-05:00,66.7699966430664,67.80000305175781,65.0,65.8499984741211,1299400,0.0,0.0
2022-02-15 00:00:00-05:00,67.16999816894531,68.48999786376953,66.70999908447266,68.36000061035156,1441400,0.0,0.0
2022-02-16 00:00:00-05:00,67.66000366210938,68.98999786376953,67.02999877929688,68.58999633789062,1896700,0.0,0.0
2022-02-17 00:00:00-05:00,69.01000213623047,69.01000213623047,67.55999755859375,68.05999755859375,2194500,0.0,0.0
2022-02-18 00:00:00-05:00,67.93000030517578,69.36000061035156,67.69000244140625,68.3499984741211,1809700,0.0,0.0
2022-02-22 00:00:00-05:00,67.87999725341797,68.86000061035156,66.73999786376953,67.06999969482422,1745200,0.0,0.0
2022-02-23 00:00:00-05:00,67.62999725341797,68.26000213623047,64.41000366210938,64.68000030517578,1446900,0.0,0.0
2022-02-24 00:00:00-05:00,63.06999969482422,67.62999725341797,62.31999969482422,67.56999969482422,3347300,0.0,0.0
2022-02-25 00:00:00-05:00,67.91999816894531,69.97000122070312,67.1500015258789,69.88999938964844,1569000,0.0,0.0
2022-02-28 00:00:00-05:00,68.75,70.62999725341797,68.62999725341797,69.75,1760800,0.0,0.0
2022-03-01 00:00:00-05:00,69.30000305175781,70.2300033569336,68.0999984741211,68.69999694824219,1677000,0.0,0.0
2022-03-02 00:00:00-05:00,68.95999908447266,69.91000366210938,68.5999984741211,69.41000366210938,2190900,0.0,0.0
2022-03-03 00:00:00-05:00,70.08999633789062,70.3499984741211,67.80999755859375,68.05000305175781,2336700,0.0,0.0
2022-03-04 00:00:00-05:00,67.5999984741211,68.11000061035156,66.11000061035156,66.4800033569336,1727400,0.0,0.0
2022-03-07 00:00:00-05:00,66.58000183105469,66.94999694824219,63.5099983215332,63.540000915527344,2001900,0.0,0.0
2022-03-08 00:00:00-05:00,63.40999984741211,66.16000366210938,62.880001068115234,64.43000030517578,1562000,0.0,0.0
2022-03-09 00:00:00-05:00,66.20999908447266,67.95999908447266,65.62999725341797,67.70999908447266,1439700,0.0,0.0
2022-03-10 00:00:00-05:00,66.04000091552734,67.16000366210938,65.36000061035156,66.61000061035156,913700,0.0,0.0
2022-03-11 00:00:00-05:00,67.56999969482422,67.73999786376953,65.41000366210938,65.47000122070312,926600,0.0,0.0
2022-03-14 00:00:00-04:00,65.81999969482422,65.97000122070312,63.70000076293945,64.2300033569336,1306900,0.0,0.0
2022-03-15 00:00:00-04:00,65.0999984741211,66.37999725341797,64.81999969482422,66.22000122070312,899800,0.0,0.0
2022-03-16 00:00:00-04:00,67.3499984741211,68.9000015258789,66.38999938964844,68.2699966430664,1505900,0.0,0.0
2022-03-17 00:00:00-04:00,67.52999877929688,70.20999908447266,67.01000213623047,70.0999984741211,1335800,0.0,0.0
2022-03-18 00:00:00-04:00,69.0199966430664,71.94999694824219,69.0199966430664,71.80999755859375,2191200,0.0,0.0
2022-03-21 00:00:00-04:00,71.27999877929688,71.5,69.8499984741211,70.77999877929688,1819000,0.0,0.0
2022-03-22 00:00:00-04:00,70.91000366210938,71.93000030517578,70.66000366210938,71.27999877929688,799000,0.0,0.0
2022-03-23 00:00:00-04:00,70.69999694824219,70.69999694824219,69.4000015258789,69.47000122070312,610300,0.0,0.0
2022-03-24 00:00:00-04:00,70.01000213623047,71.16000366210938,69.08000183105469,71.13999938964844,991800,0.0,0.0
2022-03-25 00:00:00-04:00,71.38999938964844,72.0,70.9000015258789,71.5999984741211,795900,0.0,0.0
2022-03-28 00:00:00-04:00,71.52999877929688,71.88999938964844,70.18000030517578,71.8499984741211,762100,0.0,0.0
2022-03-29 00:00:00-04:00,73.06999969482422,73.69000244140625,72.41000366210938,73.55999755859375,669700,0.0,0.0
2022-03-30 00:00:00-04:00,73.04000091552734,73.47000122070312,72.33000183105469,72.91000366210938,800500,0.0,0.0
2022-03-31 00:00:00-04:00,72.91999816894531,73.38999938964844,72.11000061035156,72.13999938964844,1102600,0.0,0.0
2022-04-01 00:00:00-04:00,72.5,72.9800033569336,71.72000122070312,72.77999877929688,1270100,0.0,0.0
2022-04-04 00:00:00-04:00,73.0999984741211,74.69000244140625,73.0,74.61000061035156,1086500,0.0,0.0
2022-04-05 00:00:00-04:00,74.16999816894531,74.87000274658203,72.87999725341797,73.25,1253200,0.0,0.0
2022-04-06 00:00:00-04:00,71.98999786376953,72.02999877929688,69.36000061035156,70.95999908447266,1724600,0.0,0.0
2022-04-07 00:00:00-04:00,70.45999908447266,73.16999816894531,70.45999908447266,72.62999725341797,1325600,0.0,0.0
2022-04-08 00:00:00-04:00,72.4800033569336,72.7300033569336,71.58999633789062,72.11000061035156,851800,0.0,0.0
2022-04-11 00:00:00-04:00,71.38999938964844,71.80999755859375,70.11000061035156,70.86000061035156,1338200,0.0,0.0
2022-04-12 00:00:00-04:00,71.80000305175781,72.16000366210938,69.16999816894531,69.58999633789062,791500,0.0,0.0
2022-04-13 00:00:00-04:00,69.45999908447266,70.0,69.0,69.37000274658203,806000,0.0,0.0
2022-04-14 00:00:00-04:00,69.63999938964844,69.94999694824219,67.41999816894531,67.47000122070312,876500,0.0,0.0
2022-04-18 00:00:00-04:00,67.4000015258789,67.66000366210938,66.2300033569336,67.05999755859375,647100,0.0,0.0
2022-04-19 00:00:00-04:00,66.93000030517578,69.38999938964844,66.9000015258789,69.30999755859375,529600,0.0,0.0
2022-04-20 00:00:00-04:00,69.91999816894531,70.87999725341797,69.3499984741211,70.36000061035156,546500,0.0,0.0
2022-04-21 00:00:00-04:00,70.68000030517578,71.44999694824219,68.61000061035156,68.94999694824219,545000,0.0,0.0
2022-04-22 00:00:00-04:00,68.58000183105469,68.91999816894531,66.30999755859375,66.38999938964844,555400,0.0,0.0
2022-04-25 00:00:00-04:00,66.04000091552734,68.51000213623047,65.56999969482422,68.47000122070312,648400,0.0,0.0
2022-04-26 00:00:00-04:00,67.9000015258789,68.19000244140625,65.61000061035156,65.63999938964844,561700,0.0,0.0
2022-04-27 00:00:00-04:00,65.76000213623047,66.94999694824219,65.45999908447266,66.05999755859375,701800,0.0,0.0
2022-04-28 00:00:00-04:00,66.93000030517578,68.30999755859375,65.98999786376953,67.94999694824219,783100,0.0,0.0
2022-04-29 00:00:00-04:00,67.45999908447266,68.47000122070312,66.56999969482422,66.69999694824219,955500,0.0,0.0
2022-05-02 00:00:00-04:00,66.51000213623047,67.5199966430664,65.06999969482422,67.22000122070312,853200,0.0,0.0
2022-05-03 00:00:00-04:00,67.05000305175781,68.02999877929688,66.68000030517578,67.16999816894531,665900,0.0,0.0
2022-05-04 00:00:00-04:00,67.04000091552734,70.13999938964844,66.3499984741211,69.95999908447266,1765600,0.0,0.0
2022-05-05 00:00:00-04:00,67.95999908447266,68.69000244140625,62.0,63.27000045776367,1541100,0.0,0.0
2022-05-06 00:00:00-04:00,62.38999938964844,65.68000030517578,59.88999938964844,64.08000183105469,1672500,0.0,0.0
2022-05-09 00:00:00-04:00,62.869998931884766,63.599998474121094,61.7599983215332,61.959999084472656,1314900,0.0,0.0
2022-05-10 00:00:00-04:00,63.45000076293945,63.790000915527344,60.52000045776367,61.88999938964844,1475900,0.0,0.0
2022-05-11 00:00:00-04:00,61.16999816894531,63.459999084472656,60.93000030517578,61.529998779296875,1840200,0.0,0.0
2022-05-12 00:00:00-04:00,60.58000183105469,63.36000061035156,60.27000045776367,62.68000030517578,1878300,0.0,0.0
2022-05-13 00:00:00-04:00,63.27000045776367,66.22000122070312,63.27000045776367,65.91999816894531,1266700,0.0,0.0
2022-05-16 00:00:00-04:00,65.33000183105469,66.30999755859375,64.66000366210938,65.30000305175781,936600,0.0,0.0
2022-05-17 00:00:00-04:00,66.70999908447266,67.38999938964844,65.73999786376953,67.30999755859375,840500,0.0,0.0
2022-05-18 00:00:00-04:00,66.18000030517578,66.69000244140625,64.33999633789062,64.76000213623047,1116400,0.0,0.0
2022-05-19 00:00:00-04:00,64.33000183105469,65.9000015258789,64.30000305175781,65.02999877929688,1182800,0.0,0.0
2022-05-20 00:00:00-04:00,65.6500015258789,66.1500015258789,63.25,65.2300033569336,1317400,0.0,0.0
2022-05-23 00:00:00-04:00,66.2699966430664,67.43000030517578,64.8499984741211,67.0,1357300,0.0,0.0
2022-05-24 00:00:00-04:00,66.33999633789062,66.77999877929688,64.77999877929688,65.55999755859375,1618800,0.0,0.0
2022-05-25 00:00:00-04:00,65.12000274658203,66.5199966430664,64.86000061035156,65.55000305175781,1495800,0.0,0.0
2022-05-26 00:00:00-04:00,65.47000122070312,67.5,65.47000122070312,67.13999938964844,1012500,0.0,0.0
2022-05-27 00:00:00-04:00,67.63999938964844,69.2699966430664,67.63999938964844,69.2300033569336,1126600,0.0,0.0
2022-05-31 00:00:00-04:00,69.0,69.19999694824219,67.54000091552734,68.05000305175781,2368900,0.0,0.0
2022-06-01 00:00:00-04:00,68.62999725341797,69.05999755859375,66.80000305175781,67.23999786376953,979400,0.0,0.0
2022-06-02 00:00:00-04:00,67.29000091552734,70.2699966430664,66.87000274658203,70.19999694824219,1124100,0.0,0.0
2022-06-03 00:00:00-04:00,69.12000274658203,69.4800033569336,67.9000015258789,68.62999725341797,746900,0.0,0.0
2022-06-06 00:00:00-04:00,69.37999725341797,69.7300033569336,68.1500015258789,68.3499984741211,828700,0.0,0.0
2022-06-07 00:00:00-04:00,67.62999725341797,68.91999816894531,67.05000305175781,68.7699966430664,535000,0.0,0.0
2022-06-08 00:00:00-04:00,68.47000122070312,68.62999725341797,66.9800033569336,67.1500015258789,629600,0.0,0.0
2022-06-09 00:00:00-04:00,66.6500015258789,66.97000122070312,65.0199966430664,65.04000091552734,1131800,0.0,0.0
2022-06-10 00:00:00-04:00,63.90999984741211,63.90999984741211,62.34000015258789,62.52000045776367,1548300,0.0,0.0
2022-06-13 00:00:00-04:00,60.869998931884766,61.459999084472656,59.029998779296875,59.36000061035156,1214900,0.0,0.0
2022-06-14 00:00:00-04:00,59.86000061035156,60.290000915527344,58.66999816894531,59.15999984741211,907800,0.0,0.0
2022-06-15 00:00:00-04:00,59.7599983215332,60.709999084472656,58.52000045776367,59.790000915527344,1780100,0.0,0.0
2022-06-16 00:00:00-04:00,58.560001373291016,58.560001373291016,55.650001525878906,56.04999923706055,1536900,0.0,0.0
2022-06-17 00:00:00-04:00,56.2599983215332,57.75,55.849998474121094,57.4900016784668,1991500,0.0,0.0
2022-06-21 00:00:00-04:00,58.4900016784668,59.20000076293945,58.41999816894531,58.84000015258789,1143100,0.0,0.0
2022-06-22 00:00:00-04:00,58.2599983215332,59.150001525878906,57.5,58.5099983215332,1348900,0.0,0.0
2022-06-23 00:00:00-04:00,58.90999984741211,59.66999816894531,58.15999984741211,59.43000030517578,1444400,0.0,0.0
2022-06-24 00:00:00-04:00,60.22999954223633,61.15999984741211,59.91999816894531,61.0099983215332,1558600,0.0,0.0
2022-06-27 00:00:00-04:00,60.970001220703125,61.31999969482422,59.97999954223633,60.16999816894531,1098200,0.0,0.0
2022-06-28 00:00:00-04:00,60.36000061035156,60.91999816894531,58.810001373291016,59.060001373291016,1243400,0.0,0.0
2022-06-29 00:00:00-04:00,59.130001068115234,59.209999084472656,57.79999923706055,59.099998474121094,938400,0.0,0.0
2022-06-30 00:00:00-04:00,58.20000076293945,58.97999954223633,57.58000183105469,58.22999954223633,1578800,0.0,0.0
2022-07-01 00:00:00-04:00,58.209999084472656,58.7599983215332,56.86000061035156,57.9900016784668,977300,0.0,0.0
2022-07-05 00:00:00-04:00,56.790000915527344,58.439998626708984,56.029998779296875,58.439998626708984,866300,0.0,0.0
2022-07-06 00:00:00-04:00,58.790000915527344,58.970001220703125,57.77000045776367,58.4900016784668,868100,0.0,0.0
2022-07-07 00:00:00-04:00,58.95000076293945,60.54999923706055,58.06999969482422,60.310001373291016,1527500,0.0,0.0
2022-07-08 00:00:00-04:00,59.84000015258789,59.97999954223633,58.689998626708984,59.7599983215332,1082800,0.0,0.0
2022-07-11 00:00:00-04:00,59.27000045776367,59.529998779296875,58.2599983215332,58.88999938964844,921000,0.0,0.0
2022-07-12 00:00:00-04:00,58.959999084472656,59.41999816894531,57.369998931884766,57.52000045776367,981800,0.0,0.0
2022-07-13 00:00:00-04:00,56.38999938964844,57.63999938964844,55.72999954223633,57.41999816894531,685000,0.0,0.0
2022-07-14 00:00:00-04:00,56.72999954223633,57.279998779296875,55.349998474121094,56.970001220703125,1049800,0.0,0.0
2022-07-15 00:00:00-04:00,57.56999969482422,58.779998779296875,57.459999084472656,58.68000030517578,605900,0.0,0.0
2022-07-18 00:00:00-04:00,59.099998474121094,59.38999938964844,57.9900016784668,58.29999923706055,686700,0.0,0.0
2022-07-19 00:00:00-04:00,59.369998931884766,60.97999954223633,59.209999084472656,60.880001068115234,685200,0.0,0.0
2022-07-20 00:00:00-04:00,60.91999816894531,63.119998931884766,60.900001525878906,62.91999816894531,615000,0.0,0.0
2022-07-21 00:00:00-04:00,63.13999938964844,64.5,63.09000015258789,64.48999786376953,742800,0.0,0.0
2022-07-22 00:00:00-04:00,64.29000091552734,64.7300033569336,62.84000015258789,63.150001525878906,617300,0.0,0.0
2022-07-25 00:00:00-04:00,63.040000915527344,64.25,62.650001525878906,64.18000030517578,1786800,0.0,0.0
2022-07-26 00:00:00-04:00,64.06999969482422,64.16999816894531,63.540000915527344,64.12999725341797,894000,0.0,0.0
2022-07-27 00:00:00-04:00,64.61000061035156,66.16999816894531,64.48999786376953,65.83999633789062,817100,0.0,0.0
2022-07-28 00:00:00-04:00,65.83999633789062,67.73999786376953,65.52999877929688,67.70999908447266,630700,0.0,0.0
2022-07-29 00:00:00-04:00,67.19000244140625,69.68000030517578,66.58999633789062,69.43000030517578,1153200,0.0,0.0
2022-08-01 00:00:00-04:00,68.5199966430664,69.9800033569336,68.12000274658203,69.72000122070312,1180300,0.0,0.0
2022-08-02 00:00:00-04:00,69.02999877929688,69.80999755859375,68.47000122070312,68.55000305175781,1145900,0.0,0.0
2022-08-03 00:00:00-04:00,66.79000091552734,69.94999694824219,65.80999755859375,69.7300033569336,935500,0.0,0.0
2022-08-04 00:00:00-04:00,69.9000015258789,70.54000091552734,69.48999786376953,70.30000305175781,995000,0.0,0.0
2022-08-05 00:00:00-04:00,67.31999969482422,69.23999786376953,65.5,68.0999984741211,1553400,0.0,0.0
2022-08-08 00:00:00-04:00,68.44999694824219,69.11000061035156,67.86000061035156,68.23999786376953,985000,0.0,0.0
2022-08-09 00:00:00-04:00,67.5999984741211,68.69000244140625,67.29000091552734,68.0999984741211,879700,0.0,0.0
2022-08-10 00:00:00-04:00,69.19000244140625,70.38999938964844,67.08000183105469,70.0,851900,0.0,0.0
2022-08-11 00:00:00-04:00,70.5999984741211,71.30000305175781,69.94999694824219,70.31999969482422,918400,0.0,0.0
2022-08-12 00:00:00-04:00,70.73999786376953,71.76000213623047,70.58000183105469,71.73999786376953,683000,0.0,0.0
2022-08-15 00:00:00-04:00,71.55999755859375,72.23999786376953,71.06999969482422,71.68000030517578,670500,0.0,0.0
2022-08-16 00:00:00-04:00,71.12000274658203,72.08999633789062,70.86000061035156,71.91000366210938,664100,0.0,0.0
2022-08-17 00:00:00-04:00,71.1500015258789,71.23999786376953,70.26000213623047,70.61000061035156,661400,0.0,0.0
2022-08-18 00:00:00-04:00,70.38999938964844,71.58000183105469,70.20999908447266,71.44000244140625,505500,0.0,0.0
2022-08-19 00:00:00-04:00,70.52999877929688,70.81999969482422,69.87999725341797,70.01000213623047,1016100,0.0,0.0
2022-08-22 00:00:00-04:00,68.9800033569336,69.0,67.02999877929688,67.25,753500,0.0,0.0
2022-08-23 00:00:00-04:00,67.0,67.88999938964844,66.94000244140625,66.95999908447266,573000,0.0,0.0
2022-08-24 00:00:00-04:00,66.95999908447266,68.25,66.95999908447266,68.16999816894531,670100,0.0,0.0
2022-08-25 00:00:00-04:00,68.48999786376953,69.41999816894531,67.68000030517578,69.4000015258789,664000,0.0,0.0
2022-08-26 00:00:00-04:00,69.22000122070312,69.44000244140625,65.9800033569336,66.0,908600,0.0,0.0
2022-08-29 00:00:00-04:00,65.2699966430664,65.8499984741211,64.72000122070312,64.80999755859375,599000,0.0,0.0
2022-08-30 00:00:00-04:00,64.94000244140625,65.33000183105469,63.709999084472656,63.90999984741211,633600,0.0,0.0
2022-08-31 00:00:00-04:00,64.52999877929688,64.7699966430664,62.66999816894531,63.25,1639800,0.0,0.0
2022-09-01 00:00:00-04:00,62.540000915527344,62.97999954223633,61.900001525878906,62.79999923706055,1041800,0.0,0.0
2022-09-02 00:00:00-04:00,63.81999969482422,64.0199966430664,61.810001373291016,62.119998931884766,809400,0.0,0.0
2022-09-06 00:00:00-04:00,62.189998626708984,62.189998626708984,60.040000915527344,60.220001220703125,1380200,0.0,0.0
2022-09-07 00:00:00-04:00,60.38999938964844,62.52000045776367,59.97999954223633,62.290000915527344,1059300,0.0,0.0
2022-09-08 00:00:00-04:00,61.099998474121094,61.65999984741211,60.58000183105469,61.38999938964844,1343600,0.0,0.0
2022-09-09 00:00:00-04:00,61.79999923706055,63.22999954223633,61.79999923706055,63.08000183105469,785300,0.0,0.0
2022-09-12 00:00:00-04:00,63.40999984741211,64.44000244140625,63.34000015258789,64.43000030517578,931100,0.0,0.0
2022-09-13 00:00:00-04:00,62.439998626708984,63.099998474121094,61.45000076293945,61.68000030517578,1235600,0.0,0.0
2022-09-14 00:00:00-04:00,61.709999084472656,62.130001068115234,60.40999984741211,61.220001220703125,1067800,0.0,0.0
2022-09-15 00:00:00-04:00,61.09000015258789,61.61000061035156,59.36000061035156,59.41999816894531,1140800,0.0,0.0
2022-09-16 00:00:00-04:00,58.959999084472656,58.959999084472656,58.060001373291016,58.68000030517578,1700900,0.0,0.0
2022-09-19 00:00:00-04:00,58.0099983215332,59.209999084472656,57.849998474121094,58.91999816894531,1141300,0.0,0.0
2022-09-20 00:00:00-04:00,58.41999816894531,58.86000061035156,57.310001373291016,58.459999084472656,1227400,0.0,0.0
2022-09-21 00:00:00-04:00,58.84000015258789,59.47999954223633,57.349998474121094,57.369998931884766,702800,0.0,0.0
2022-09-22 00:00:00-04:00,56.970001220703125,57.40999984741211,56.43000030517578,56.790000915527344,1159300,0.0,0.0
2022-09-23 00:00:00-04:00,56.45000076293945,56.790000915527344,55.43000030517578,56.380001068115234,1219700,0.0,0.0
2022-09-26 00:00:00-04:00,56.34000015258789,57.209999084472656,55.189998626708984,55.439998626708984,840700,0.0,0.0
2022-09-27 00:00:00-04:00,56.20000076293945,56.72999954223633,54.65999984741211,55.25,732400,0.0,0.0
2022-09-28 00:00:00-04:00,55.34000015258789,57.279998779296875,55.11000061035156,56.91999816894531,891600,0.0,0.0
2022-09-29 00:00:00-04:00,55.93000030517578,56.04999923706055,54.810001373291016,55.2599983215332,1379000,0.0,0.0
2022-09-30 00:00:00-04:00,55.45000076293945,56.130001068115234,54.18000030517578,54.27000045776367,1345200,0.0,0.0
2022-10-03 00:00:00-04:00,54.810001373291016,56.650001525878906,54.599998474121094,56.220001220703125,1290100,0.0,0.0
2022-10-04 00:00:00-04:00,57.560001373291016,58.880001068115234,57.29999923706055,58.790000915527344,2017200,0.0,0.0
2022-10-05 00:00:00-04:00,57.86000061035156,58.47999954223633,57.09000015258789,57.61000061035156,7074500,0.0,0.0
2022-10-06 00:00:00-04:00,57.52000045776367,58.25,57.290000915527344,57.72999954223633,936700,0.0,0.0
2022-10-07 00:00:00-04:00,56.61000061035156,56.61000061035156,54.349998474121094,54.61000061035156,856300,0.0,0.0
2022-10-10 00:00:00-04:00,54.91999816894531,54.91999816894531,53.290000915527344,53.81999969482422,743100,0.0,0.0
2022-10-11 00:00:00-04:00,53.619998931884766,53.720001220703125,51.9900016784668,52.4900016784668,881500,0.0,0.0
2022-10-12 00:00:00-04:00,52.4900016784668,52.650001525878906,51.959999084472656,52.0,863300,0.0,0.0
2022-10-13 00:00:00-04:00,50.40999984741211,54.029998779296875,49.9900016784668,53.47999954223633,1204800,0.0,0.0
2022-10-14 00:00:00-04:00,54.22999954223633,54.61000061035156,52.189998626708984,52.29999923706055,871400,0.0,0.0
2022-10-17 00:00:00-04:00,53.68000030517578,54.68000030517578,53.400001525878906,54.5,1348900,0.0,0.0
2022-10-18 00:00:00-04:00,56.09000015258789,56.720001220703125,55.45000076293945,55.7599983215332,1203600,0.0,0.0
2022-10-19 00:00:00-04:00,55.09000015258789,55.43000030517578,54.33000183105469,54.83000183105469,619500,0.0,0.0
2022-10-20 00:00:00-04:00,54.70000076293945,55.599998474121094,53.34000015258789,53.4900016784668,687400,0.0,0.0
2022-10-21 00:00:00-04:00,53.880001068115234,55.97999954223633,53.380001068115234,55.880001068115234,832300,0.0,0.0
2022-10-24 00:00:00-04:00,56.0099983215332,56.40999984741211,55.40999984741211,56.099998474121094,755600,0.0,0.0
2022-10-25 00:00:00-04:00,56.290000915527344,58.20000076293945,56.290000915527344,58.150001525878906,697800,0.0,0.0
2022-10-26 00:00:00-04:00,58.13999938964844,59.2400016784668,57.79999923706055,58.029998779296875,569500,0.0,0.0
2022-10-27 00:00:00-04:00,58.56999969482422,59.72999954223633,57.9900016784668,58.2400016784668,858700,0.0,0.0
2022-10-28 00:00:00-04:00,58.380001068115234,60.41999816894531,58.2599983215332,60.2400016784668,792800,0.0,0.0
2022-10-31 00:00:00-04:00,59.58000183105469,60.43000030517578,59.369998931884766,60.15999984741211,1137300,0.0,0.0
2022-11-01 00:00:00-04:00,60.68000030517578,60.939998626708984,59.84000015258789,59.88999938964844,926900,0.0,0.0
2022-11-02 00:00:00-04:00,60.15999984741211,60.15999984741211,53.619998931884766,53.650001525878906,1937200,0.0,0.0
2022-11-03 00:00:00-04:00,52.939998626708984,52.939998626708984,50.650001525878906,52.060001373291016,1523100,0.0,0.0
2022-11-04 00:00:00-04:00,53.279998779296875,53.939998626708984,52.56999969482422,53.790000915527344,2008800,0.0,0.0
2022-11-07 00:00:00-05:00,54.0,57.459999084472656,53.7400016784668,57.20000076293945,6269300,0.0,0.0
2022-11-08 00:00:00-05:00,57.56999969482422,57.9900016784668,54.380001068115234,54.650001525878906,1489900,0.0,0.0
2022-11-09 00:00:00-05:00,54.11000061035156,54.220001220703125,53.290000915527344,54.04999923706055,1081600,0.0,0.0
2022-11-10 00:00:00-05:00,56.880001068115234,59.2599983215332,56.880001068115234,59.15999984741211,1280500,0.0,0.0
2022-11-11 00:00:00-05:00,59.33000183105469,62.400001525878906,59.33000183105469,62.0,1285700,0.0,0.0
2022-11-14 00:00:00-05:00,61.40999984741211,61.72999954223633,59.27000045776367,59.29999923706055,1497500,0.0,0.0
2022-11-15 00:00:00-05:00,60.5,60.68000030517578,59.310001373291016,59.83000183105469,1025700,0.0,0.0
2022-11-16 00:00:00-05:00,59.650001525878906,59.650001525878906,58.59000015258789,58.68000030517578,759400,0.0,0.0
2022-11-17 00:00:00-05:00,57.95000076293945,57.95000076293945,56.7599983215332,57.77000045776367,710200,0.0,0.0
2022-11-18 00:00:00-05:00,58.95000076293945,58.95000076293945,57.4900016784668,57.9900016784668,574900,0.0,0.0
2022-11-21 00:00:00-05:00,57.47999954223633,57.720001220703125,56.58000183105469,57.0099983215332,1534100,0.0,0.0
2022-11-22 00:00:00-05:00,57.45000076293945,57.880001068115234,56.189998626708984,57.779998779296875,750700,0.0,0.0
2022-11-23 00:00:00-05:00,58.06999969482422,59.099998474121094,57.970001220703125,58.709999084472656,730600,0.0,0.0
2022-11-25 00:00:00-05:00,58.529998779296875,58.79999923706055,58.119998931884766,58.540000915527344,362300,0.0,0.0
2022-11-28 00:00:00-05:00,57.7599983215332,58.29999923706055,57.220001220703125,57.459999084472656,869700,0.0,0.0
2022-11-29 00:00:00-05:00,57.849998474121094,57.849998474121094,55.790000915527344,56.38999938964844,832500,0.0,0.0
2022-11-30 00:00:00-05:00,56.529998779296875,59.90999984741211,55.95000076293945,59.75,2121800,0.0,0.0
2022-12-01 00:00:00-05:00,59.900001525878906,62.0,59.900001525878906,61.119998931884766,1301900,0.0,0.0
2022-12-02 00:00:00-05:00,59.560001373291016,61.22999954223633,59.560001373291016,61.040000915527344,633800,0.0,0.0
2022-12-05 00:00:00-05:00,60.349998474121094,60.720001220703125,59.54999923706055,59.849998474121094,1112000,0.0,0.0
2022-12-06 00:00:00-05:00,59.7599983215332,59.86000061035156,58.08000183105469,58.540000915527344,1283700,0.0,0.0
2022-12-07 00:00:00-05:00,57.900001525878906,58.619998931884766,56.95000076293945,57.47999954223633,1397100,0.0,0.0
2022-12-08 00:00:00-05:00,57.90999984741211,58.130001068115234,57.150001525878906,57.709999084472656,973400,0.0,0.0
2022-12-09 00:00:00-05:00,57.709999084472656,58.38999938964844,56.34000015258789,57.5,1751200,0.0,0.0
2022-12-12 00:00:00-05:00,57.5,58.880001068115234,57.189998626708984,58.779998779296875,1188900,0.0,0.0
2022-12-13 00:00:00-05:00,53.310001373291016,56.540000915527344,53.310001373291016,55.029998779296875,3277900,0.0,0.0
2022-12-14 00:00:00-05:00,54.86000061035156,56.040000915527344,53.72999954223633,54.560001373291016,1823700,0.0,0.0
2022-12-15 00:00:00-05:00,54.11000061035156,54.11000061035156,51.72999954223633,51.869998931884766,1465000,0.0,0.0
2022-12-16 00:00:00-05:00,51.20000076293945,51.25,49.33000183105469,49.83000183105469,3236800,0.0,0.0
2022-12-19 00:00:00-05:00,50.08000183105469,50.08000183105469,49.16999816894531,49.560001373291016,1477400,0.0,0.0
2022-12-20 00:00:00-05:00,49.38999938964844,49.86000061035156,48.84000015258789,49.150001525878906,1087200,0.0,0.0
2022-12-21 00:00:00-05:00,49.4900016784668,50.2599983215332,49.0099983215332,49.810001373291016,1474700,0.0,0.0
2022-12-22 00:00:00-05:00,49.09000015258789,49.20000076293945,47.52000045776367,48.72999954223633,1020600,0.0,0.0
2022-12-23 00:00:00-05:00,48.56999969482422,48.900001525878906,48.099998474121094,48.540000915527344,593900,0.0,0.0
2022-12-27 00:00:00-05:00,48.52000045776367,49.439998626708984,48.08000183105469,49.02000045776367,736400,0.0,0.0
2022-12-28 00:00:00-05:00,49.0,49.529998779296875,48.5,48.560001373291016,976400,0.0,0.0
2022-12-29 00:00:00-05:00,49.29999923706055,50.720001220703125,48.52000045776367,50.47999954223633,845200,0.0,0.0
2022-12-30 00:00:00-05:00,49.97999954223633,50.630001068115234,49.33000183105469,50.560001373291016,800900,0.0,0.0
2023-01-03 00:00:00-05:00,51.11000061035156,51.709999084472656,50.029998779296875,50.599998474121094,920500,0.0,0.0
2023-01-04 00:00:00-05:00,51.40999984741211,51.70000076293945,50.02000045776367,50.79999923706055,1729000,0.0,0.0
2023-01-05 00:00:00-05:00,50.18000030517578,50.7400016784668,49.79999923706055,50.119998931884766,840500,0.0,0.0
2023-01-06 00:00:00-05:00,50.869998931884766,51.560001373291016,50.27000045776367,51.5,1316300,0.0,0.0
2023-01-09 00:00:00-05:00,52.290000915527344,53.2400016784668,51.7599983215332,52.2400016784668,1523700,0.0,0.0
2023-01-10 00:00:00-05:00,52.29999923706055,52.849998474121094,51.81999969482422,52.5,1370200,0.0,0.0
2023-01-11 00:00:00-05:00,52.9900016784668,53.810001373291016,52.630001068115234,53.2599983215332,1436000,0.0,0.0
2023-01-12 00:00:00-05:00,53.43000030517578,54.41999816894531,52.81999969482422,54.13999938964844,2822600,0.0,0.0
2023-01-13 00:00:00-05:00,53.70000076293945,54.56999969482422,52.689998626708984,54.5099983215332,842500,0.0,0.0
2023-01-17 00:00:00-05:00,54.70000076293945,55.58000183105469,54.47999954223633,55.43000030517578,1012300,0.0,0.0
2023-01-18 00:00:00-05:00,55.75,56.470001220703125,54.31999969482422,54.36000061035156,783800,0.0,0.0
2023-01-19 00:00:00-05:00,53.86000061035156,54.63999938964844,53.560001373291016,54.20000076293945,712500,0.0,0.0
2023-01-20 00:00:00-05:00,54.2400016784668,55.849998474121094,54.2400016784668,55.790000915527344,803200,0.0,0.0
2023-01-23 00:00:00-05:00,56.0099983215332,57.06999969482422,55.72999954223633,56.84000015258789,827300,0.0,0.0
2023-01-24 00:00:00-05:00,56.47999954223633,56.93000030517578,56.18000030517578,56.279998779296875,605700,0.0,0.0
2023-01-25 00:00:00-05:00,55.36000061035156,56.61000061035156,55.0,56.56999969482422,723200,0.0,0.0
2023-01-26 00:00:00-05:00,57.22999954223633,57.47999954223633,56.25,57.209999084472656,591900,0.0,0.0
2023-01-27 00:00:00-05:00,57.0099983215332,58.18000030517578,56.709999084472656,58.0099983215332,815000,0.0,0.0
2023-01-30 00:00:00-05:00,57.279998779296875,58.0099983215332,57.02000045776367,57.09000015258789,1039600,0.0,0.0
2023-01-31 00:00:00-05:00,57.029998779296875,58.11000061035156,56.779998779296875,58.060001373291016,945500,0.0,0.0
2023-02-01 00:00:00-05:00,58.0,60.560001373291016,57.97999954223633,60.189998626708984,1001500,0.0,0.0
2023-02-02 00:00:00-05:00,61.2599983215332,62.0099983215332,60.81999969482422,61.709999084472656,1039000,0.0,0.0
2023-02-03 00:00:00-05:00,60.45000076293945,61.439998626708984,60.22999954223633,60.29999923706055,683100,0.0,0.0
2023-02-06 00:00:00-05:00,59.369998931884766,59.650001525878906,58.619998931884766,58.939998626708984,772600,0.0,0.0
2023-02-07 00:00:00-05:00,58.529998779296875,59.70000076293945,58.06999969482422,59.630001068115234,1356600,0.0,0.0
2023-02-08 00:00:00-05:00,58.310001373291016,58.91999816894531,55.970001220703125,56.2400016784668,2830600,0.0,0.0
2023-02-09 00:00:00-05:00,57.04999923706055,58.720001220703125,57.0,57.45000076293945,2007400,0.0,0.0
2023-02-10 00:00:00-05:00,56.72999954223633,57.18000030517578,55.22999954223633,55.68000030517578,1836800,0.0,0.0
2023-02-13 00:00:00-05:00,55.72999954223633,56.29999923706055,54.77000045776367,56.060001373291016,1453400,0.0,0.0
2023-02-14 00:00:00-05:00,55.65999984741211,56.439998626708984,55.130001068115234,55.61000061035156,1269500,0.0,0.0
2023-02-15 00:00:00-05:00,55.119998931884766,56.400001525878906,54.95000076293945,56.209999084472656,2174500,0.0,0.0
2023-02-16 00:00:00-05:00,55.290000915527344,55.79999923706055,54.939998626708984,54.970001220703125,901900,0.0,0.0
2023-02-17 00:00:00-05:00,54.779998779296875,55.27000045776367,53.72999954223633,55.20000076293945,882100,0.0,0.0
2023-02-21 00:00:00-05:00,54.31999969482422,54.540000915527344,52.900001525878906,53.119998931884766,1077800,0.0,0.0
2023-02-22 00:00:00-05:00,53.040000915527344,53.31999969482422,52.56999969482422,52.97999954223633,1307700,0.0,0.0
2023-02-23 00:00:00-05:00,53.380001068115234,53.599998474121094,52.189998626708984,52.93000030517578,952900,0.0,0.0
2023-02-24 00:00:00-05:00,52.25,52.33000183105469,51.290000915527344,51.779998779296875,1242600,0.0,0.0
2023-02-27 00:00:00-05:00,52.2599983215332,52.2599983215332,51.5,51.66999816894531,878400,0.0,0.0
2023-02-28 00:00:00-05:00,51.34000015258789,52.810001373291016,51.27000045776367,52.060001373291016,2673700,0.0,0.0
2023-03-01 00:00:00-05:00,51.97999954223633,52.619998931884766,51.810001373291016,52.33000183105469,1145600,0.0,0.0
2023-03-02 00:00:00-05:00,51.970001220703125,52.2400016784668,51.52000045776367,52.22999954223633,1121300,0.0,0.0
2023-03-03 00:00:00-05:00,52.56999969482422,54.27000045776367,52.43000030517578,54.040000915527344,1268100,0.0,0.0
2023-03-06 00:00:00-05:00,54.2400016784668,54.29999923706055,52.90999984741211,53.04999923706055,913900,0.0,0.0
2023-03-07 00:00:00-05:00,51.81999969482422,52.220001220703125,50.90999984741211,51.15999984741211,1539500,0.0,0.0
2023-03-08 00:00:00-05:00,51.13999938964844,51.439998626708984,50.58000183105469,51.099998474121094,1288300,0.0,0.0
2023-03-09 00:00:00-05:00,51.029998779296875,51.400001525878906,49.68000030517578,49.7599983215332,1627200,0.0,0.0
2023-03-10 00:00:00-05:00,49.540000915527344,49.65999984741211,48.0,48.279998779296875,1620600,0.0,0.0
2023-03-13 00:00:00-04:00,47.619998931884766,48.13999938964844,47.09000015258789,47.68000030517578,1599700,0.0,0.0
2023-03-14 00:00:00-04:00,48.5099983215332,48.970001220703125,47.83000183105469,48.45000076293945,1380500,0.0,0.0
2023-03-15 00:00:00-04:00,47.83000183105469,49.02000045776367,47.220001220703125,48.939998626708984,1677300,0.0,0.0
2023-03-16 00:00:00-04:00,48.720001220703125,49.75,48.63999938964844,49.45000076293945,1520300,0.0,0.0
2023-03-17 00:00:00-04:00,49.130001068115234,49.15999984741211,48.130001068115234,48.75,3108500,0.0,0.0
2023-03-20 00:00:00-04:00,48.810001373291016,49.099998474121094,48.47999954223633,48.97999954223633,1066300,0.0,0.0
2023-03-21 00:00:00-04:00,49.38999938964844,50.029998779296875,49.06999969482422,49.900001525878906,825300,0.0,0.0
2023-03-22 00:00:00-04:00,49.779998779296875,50.29999923706055,48.5099983215332,48.529998779296875,878000,0.0,0.0
2023-03-23 00:00:00-04:00,48.81999969482422,49.72999954223633,48.349998474121094,48.689998626708984,900800,0.0,0.0
2023-03-24 00:00:00-04:00,48.5,49.540000915527344,48.15999984741211,49.439998626708984,1303500,0.0,0.0
2023-03-27 00:00:00-04:00,49.779998779296875,50.209999084472656,49.22999954223633,49.720001220703125,968300,0.0,0.0
2023-03-28 00:00:00-04:00,49.66999816894531,49.95000076293945,49.31999969482422,49.900001525878906,830200,0.0,0.0
2023-03-29 00:00:00-04:00,50.439998626708984,51.470001220703125,50.439998626708984,51.439998626708984,1090700,0.0,0.0
2023-03-30 00:00:00-04:00,52.040000915527344,52.290000915527344,51.02000045776367,51.310001373291016,2344700,0.0,0.0
2023-03-31 00:00:00-04:00,51.56999969482422,52.470001220703125,51.45000076293945,52.41999816894531,1580600,0.0,0.0
2023-04-03 00:00:00-04:00,51.90999984741211,52.2400016784668,51.459999084472656,51.75,1027400,0.0,0.0
2023-04-04 00:00:00-04:00,51.650001525878906,52.040000915527344,50.09000015258789,50.34000015258789,1155100,0.0,0.0
2023-04-05 00:00:00-04:00,50.33000183105469,50.33000183105469,49.08000183105469,49.15999984741211,1001800,0.0,0.0
2023-04-06 00:00:00-04:00,48.79999923706055,49.310001373291016,48.18000030517578,48.959999084472656,1477900,0.0,0.0
2023-04-10 00:00:00-04:00,48.560001373291016,49.689998626708984,48.2599983215332,49.68000030517578,1094000,0.0,0.0
2023-04-11 00:00:00-04:00,49.91999816894531,50.04999923706055,49.290000915527344,49.66999816894531,1249600,0.0,0.0
2023-04-12 00:00:00-04:00,50.36000061035156,50.54999923706055,49.040000915527344,49.11000061035156,1102500,0.0,0.0
2023-04-13 00:00:00-04:00,49.52000045776367,49.880001068115234,49.09000015258789,49.779998779296875,846900,0.0,0.0
2023-04-14 00:00:00-04:00,49.619998931884766,50.22999954223633,48.54999923706055,48.93000030517578,783800,0.0,0.0
2023-04-17 00:00:00-04:00,48.83000183105469,48.900001525878906,48.34000015258789,48.689998626708984,1054700,0.0,0.0
2023-04-18 00:00:00-04:00,49.060001373291016,49.36000061035156,48.06999969482422,48.27000045776367,1656100,0.0,0.0
2023-04-19 00:00:00-04:00,47.88999938964844,48.22999954223633,47.459999084472656,47.599998474121094,1376000,0.0,0.0
2023-04-20 00:00:00-04:00,47.040000915527344,47.560001373291016,46.849998474121094,47.22999954223633,1034900,0.0,0.0
2023-04-21 00:00:00-04:00,47.22999954223633,47.599998474121094,46.91999816894531,47.459999084472656,846300,0.0,0.0
2023-04-24 00:00:00-04:00,47.459999084472656,47.630001068115234,46.95000076293945,47.5099983215332,937300,0.0,0.0
2023-04-25 00:00:00-04:00,47.13999938964844,47.13999938964844,45.66999816894531,45.81999969482422,1095600,0.0,0.0
2023-04-26 00:00:00-04:00,45.79999923706055,46.5,45.560001373291016,46.150001525878906,958600,0.0,0.0
2023-04-27 00:00:00-04:00,46.5099983215332,46.68000030517578,46.040000915527344,46.65999984741211,891900,0.0,0.0
2023-04-28 00:00:00-04:00,46.689998626708984,47.25,46.689998626708984,47.099998474121094,942200,0.0,0.0
2023-05-01 00:00:00-04:00,47.16999816894531,47.459999084472656,46.779998779296875,46.90999984741211,1323400,0.0,0.0
2023-05-02 00:00:00-04:00,46.709999084472656,46.75,45.43000030517578,45.97999954223633,1835600,0.0,0.0
2023-05-03 00:00:00-04:00,47.09000015258789,48.56999969482422,46.130001068115234,47.40999984741211,2550600,0.0,0.0
2023-05-04 00:00:00-04:00,47.279998779296875,47.7599983215332,46.81999969482422,47.599998474121094,1558900,0.0,0.0
2023-05-05 00:00:00-04:00,48.4900016784668,48.599998474121094,47.66999816894531,48.04999923706055,1242700,0.0,0.0
2023-05-08 00:00:00-04:00,48.060001373291016,48.189998626708984,47.45000076293945,47.54999923706055,924100,0.0,0.0
2023-05-09 00:00:00-04:00,47.0099983215332,47.5099983215332,46.91999816894531,47.290000915527344,925300,0.0,0.0
2023-05-10 00:00:00-04:00,47.709999084472656,47.88999938964844,46.959999084472656,47.65999984741211,866100,0.0,0.0
2023-05-11 00:00:00-04:00,47.459999084472656,47.7400016784668,46.52000045776367,46.7400016784668,825900,0.0,0.0
2023-05-12 00:00:00-04:00,46.900001525878906,46.95000076293945,46.34000015258789,46.7400016784668,897500,0.0,0.0
2023-05-15 00:00:00-04:00,46.81999969482422,47.91999816894531,46.470001220703125,47.810001373291016,734100,0.0,0.0
2023-05-16 00:00:00-04:00,47.5,47.75,46.61000061035156,46.70000076293945,1052600,0.0,0.0
2023-05-17 00:00:00-04:00,47.08000183105469,48.33000183105469,46.84000015258789,48.130001068115234,1018000,0.0,0.0
2023-05-18 00:00:00-04:00,48.290000915527344,48.959999084472656,47.81999969482422,48.81999969482422,832200,0.0,0.0
2023-05-19 00:00:00-04:00,48.869998931884766,48.869998931884766,47.61000061035156,47.86000061035156,977800,0.0,0.0
2023-05-22 00:00:00-04:00,47.86000061035156,48.7400016784668,47.439998626708984,48.619998931884766,797300,0.0,0.0
2023-05-23 00:00:00-04:00,48.13999938964844,48.810001373291016,47.38999938964844,47.529998779296875,922500,0.0,0.0
2023-05-24 00:00:00-04:00,47.060001373291016,47.25,46.099998474121094,46.54999923706055,995000,0.0,0.0
2023-05-25 00:00:00-04:00,46.90999984741211,46.91999816894531,45.93000030517578,46.400001525878906,834600,0.0,0.0
2023-05-26 00:00:00-04:00,46.630001068115234,47.400001525878906,46.59000015258789,47.189998626708984,961000,0.0,0.0
2023-05-30 00:00:00-04:00,47.75,47.93000030517578,47.16999816894531,47.459999084472656,1028000,0.0,0.0
2023-05-31 00:00:00-04:00,47.08000183105469,47.66999816894531,46.40999984741211,46.66999816894531,2571300,0.0,0.0
2023-06-01 00:00:00-04:00,46.849998474121094,48.27000045776367,46.66999816894531,48.029998779296875,1530600,0.0,0.0
2023-06-02 00:00:00-04:00,48.5099983215332,49.70000076293945,48.29999923706055,49.560001373291016,1269500,0.0,0.0
2023-06-05 00:00:00-04:00,49.5,49.560001373291016,48.40999984741211,48.52000045776367,889800,0.0,0.0
2023-06-06 00:00:00-04:00,48.36000061035156,49.84000015258789,48.22999954223633,49.58000183105469,751300,0.0,0.0
2023-06-07 00:00:00-04:00,49.849998474121094,51.40999984741211,49.779998779296875,51.16999816894531,1357800,0.0,0.0
2023-06-08 00:00:00-04:00,51.0099983215332,51.369998931884766,50.59000015258789,50.70000076293945,1202700,0.0,0.0
2023-06-09 00:00:00-04:00,50.90999984741211,51.189998626708984,49.959999084472656,50.11000061035156,848100,0.0,0.0
2023-06-12 00:00:00-04:00,50.25,51.08000183105469,50.0,51.0099983215332,738800,0.0,0.0
2023-06-13 00:00:00-04:00,51.310001373291016,52.58000183105469,51.310001373291016,52.029998779296875,1789800,0.0,0.0
2023-06-14 00:00:00-04:00,52.06999969482422,52.599998474121094,51.81999969482422,51.91999816894531,1257100,0.0,0.0
2023-06-15 00:00:00-04:00,51.5,53.18000030517578,51.349998474121094,52.91999816894531,1099800,0.0,0.0
2023-06-16 00:00:00-04:00,53.36000061035156,53.43000030517578,52.63999938964844,52.66999816894531,1928900,0.0,0.0
2023-06-20 00:00:00-04:00,52.09000015258789,52.369998931884766,51.33000183105469,51.58000183105469,989200,0.0,0.0
2023-06-21 00:00:00-04:00,51.119998931884766,51.31999969482422,50.560001373291016,50.66999816894531,1216000,0.0,0.0
2023-06-22 00:00:00-04:00,50.459999084472656,50.59000015258789,49.63999938964844,50.5099983215332,806500,0.0,0.0
2023-06-23 00:00:00-04:00,49.7599983215332,49.9900016784668,49.45000076293945,49.54999923706055,1113900,0.0,0.0
2023-06-26 00:00:00-04:00,49.7599983215332,50.86000061035156,49.65999984741211,50.61000061035156,896400,0.0,0.0
2023-06-27 00:00:00-04:00,50.619998931884766,51.77000045776367,50.34000015258789,51.66999816894531,805100,0.0,0.0
2023-06-28 00:00:00-04:00,51.52000045776367,52.439998626708984,51.41999816894531,52.279998779296875,1058400,0.0,0.0
2023-06-29 00:00:00-04:00,52.04999923706055,53.11000061035156,51.93000030517578,52.77000045776367,1370400,0.0,0.0
2023-06-30 00:00:00-04:00,53.290000915527344,53.68000030517578,52.93000030517578,52.939998626708984,1104100,0.0,0.0
2023-07-03 00:00:00-04:00,52.52000045776367,52.7599983215332,52.0,52.18000030517578,632100,0.0,0.0
2023-07-05 00:00:00-04:00,51.900001525878906,52.40999984741211,51.2599983215332,52.15999984741211,880300,0.0,0.0
2023-07-06 00:00:00-04:00,51.189998626708984,51.380001068115234,50.68000030517578,51.279998779296875,1015800,0.0,0.0
2023-07-07 00:00:00-04:00,51.34000015258789,52.43000030517578,51.130001068115234,52.06999969482422,722300,0.0,0.0
2023-07-10 00:00:00-04:00,51.84000015258789,52.9900016784668,51.84000015258789,52.810001373291016,587400,0.0,0.0
2023-07-11 00:00:00-04:00,53.0,53.40999984741211,52.779998779296875,53.13999938964844,607700,0.0,0.0
2023-07-12 00:00:00-04:00,53.849998474121094,53.95000076293945,53.41999816894531,53.79999923706055,880300,0.0,0.0
2023-07-13 00:00:00-04:00,54.0,54.150001525878906,53.7400016784668,53.9900016784668,634300,0.0,0.0
2023-07-14 00:00:00-04:00,53.779998779296875,53.779998779296875,53.0099983215332,53.400001525878906,732100,0.0,0.0
2023-07-17 00:00:00-04:00,53.400001525878906,53.9900016784668,53.20000076293945,53.720001220703125,594500,0.0,0.0
2023-07-18 00:00:00-04:00,53.5,53.84000015258789,52.7400016784668,53.040000915527344,1011800,0.0,0.0
2023-07-19 00:00:00-04:00,53.04999923706055,53.720001220703125,52.88999938964844,53.66999816894531,1178100,0.0,0.0
2023-07-20 00:00:00-04:00,53.38999938964844,53.38999938964844,52.15999984741211,52.369998931884766,670200,0.0,0.0
2023-07-21 00:00:00-04:00,52.7599983215332,53.08000183105469,52.45000076293945,52.75,768700,0.0,0.0
2023-07-24 00:00:00-04:00,52.810001373291016,53.36000061035156,52.810001373291016,52.95000076293945,754900,0.0,0.0
2023-07-25 00:00:00-04:00,53.11000061035156,53.959999084472656,53.11000061035156,53.810001373291016,680600,0.0,0.0
2023-07-26 00:00:00-04:00,53.540000915527344,54.27000045776367,53.27000045776367,53.939998626708984,947600,0.0,0.0
2023-07-27 00:00:00-04:00,54.380001068115234,54.41999816894531,53.310001373291016,53.36000061035156,964400,0.0,0.0
2023-07-28 00:00:00-04:00,53.97999954223633,54.16999816894531,52.79999923706055,53.06999969482422,1027400,0.0,0.0
2023-07-31 00:00:00-04:00,53.11000061035156,53.900001525878906,53.11000061035156,53.79999923706055,927400,0.0,0.0
2023-08-01 00:00:00-04:00,53.220001220703125,53.619998931884766,52.83000183105469,53.529998779296875,1362900,0.0,0.0
2023-08-02 00:00:00-04:00,53.060001373291016,54.02000045776367,52.70000076293945,53.7599983215332,1739600,0.0,0.0
2023-08-03 00:00:00-04:00,52.540000915527344,55.70000076293945,52.540000915527344,55.5099983215332,2943100,0.0,0.0
2023-08-04 00:00:00-04:00,55.5099983215332,56.15999984741211,54.310001373291016,55.77000045776367,3074400,0.0,0.0
2023-08-07 00:00:00-04:00,55.849998474121094,55.95000076293945,54.09000015258789,55.06999969482422,1521500,0.0,0.0
2023-08-08 00:00:00-04:00,54.65999984741211,54.65999984741211,54.119998931884766,54.529998779296875,1381100,0.0,0.0
2023-08-09 00:00:00-04:00,54.400001525878906,54.790000915527344,54.029998779296875,54.40999984741211,1408900,0.0,0.0
2023-08-10 00:00:00-04:00,54.709999084472656,55.68000030517578,54.56999969482422,55.2599983215332,1986900,0.0,0.0
2023-08-11 00:00:00-04:00,55.619998931884766,55.709999084472656,55.11000061035156,55.59000015258789,2015700,0.0,0.0
2023-08-14 00:00:00-04:00,55.349998474121094,55.880001068115234,55.22999954223633,55.52000045776367,1507000,0.0,0.0
2023-08-15 00:00:00-04:00,55.040000915527344,55.75,54.95000076293945,55.63999938964844,1510200,0.0,0.0
2023-08-16 00:00:00-04:00,55.25,55.58000183105469,53.970001220703125,54.099998474121094,2035800,0.0,0.0
2023-08-17 00:00:00-04:00,54.369998931884766,54.77000045776367,53.38999938964844,53.40999984741211,1064400,0.0,0.0
2023-08-18 00:00:00-04:00,52.65999984741211,53.0099983215332,52.349998474121094,52.779998779296875,1215300,0.0,0.0
2023-08-21 00:00:00-04:00,52.650001525878906,53.38999938964844,52.369998931884766,52.880001068115234,907200,0.0,0.0
2023-08-22 00:00:00-04:00,53.0,53.11000061035156,52.11000061035156,52.119998931884766,1108100,0.0,0.0
2023-08-23 00:00:00-04:00,52.189998626708984,53.2400016784668,51.779998779296875,53.220001220703125,1137200,0.0,0.0
2023-08-24 00:00:00-04:00,53.290000915527344,53.47999954223633,52.25,52.2599983215332,891100,0.0,0.0
2023-08-25 00:00:00-04:00,52.36000061035156,52.560001373291016,51.54999923706055,52.150001525878906,1382200,0.0,0.0
2023-08-28 00:00:00-04:00,52.459999084472656,53.310001373291016,52.38999938964844,53.2599983215332,813900,0.0,0.0
2023-08-29 00:00:00-04:00,53.189998626708984,54.56999969482422,52.7599983215332,54.2400016784668,1266700,0.0,0.0
2023-08-30 00:00:00-04:00,54.0,54.59000015258789,54.0,54.25,989900,0.0,0.0
2023-08-31 00:00:00-04:00,54.369998931884766,55.27000045776367,54.369998931884766,54.790000915527344,1658500,0.0,0.0
2023-09-01 00:00:00-04:00,55.349998474121094,55.779998779296875,54.91999816894531,55.060001373291016,1049600,0.0,0.0
2023-09-05 00:00:00-04:00,54.790000915527344,54.93000030517578,53.099998474121094,53.470001220703125,1032700,0.0,0.0
2023-09-06 00:00:00-04:00,53.349998474121094,53.54999923706055,52.54999923706055,53.040000915527344,1122800,0.0,0.0
2023-09-07 00:00:00-04:00,52.40999984741211,52.40999984741211,51.650001525878906,52.040000915527344,1019200,0.0,0.0
2023-09-08 00:00:00-04:00,52.0,52.279998779296875,50.86000061035156,50.97999954223633,1113500,0.0,0.0
2023-09-11 00:00:00-04:00,51.279998779296875,51.380001068115234,50.709999084472656,50.790000915527344,921400,0.0,0.0
2023-09-12 00:00:00-04:00,50.34000015258789,51.09000015258789,50.16999816894531,50.4900016784668,905000,0.0,0.0
2023-09-13 00:00:00-04:00,50.349998474121094,50.790000915527344,50.189998626708984,50.369998931884766,1031600,0.0,0.0
2023-09-14 00:00:00-04:00,50.540000915527344,51.91999816894531,50.540000915527344,51.689998626708984,1698500,0.0,0.0
2023-09-15 00:00:00-04:00,51.59000015258789,51.65999984741211,51.15999984741211,51.34000015258789,2194300,0.0,0.0
2023-09-18 00:00:00-04:00,51.20000076293945,52.220001220703125,51.20000076293945,52.119998931884766,1013700,0.0,0.0
2023-09-19 00:00:00-04:00,52.20000076293945,52.56999969482422,51.72999954223633,52.310001373291016,1019600,0.0,0.0
2023-09-20 00:00:00-04:00,52.720001220703125,53.27000045776367,52.2599983215332,52.27000045776367,1343500,0.0,0.0
2023-09-21 00:00:00-04:00,51.75,51.83000183105469,50.83000183105469,50.86000061035156,1481400,0.0,0.0
2023-09-22 00:00:00-04:00,51.08000183105469,51.4900016784668,50.189998626708984,50.220001220703125,1217700,0.0,0.0
2023-09-25 00:00:00-04:00,50.119998931884766,50.7599983215332,49.90999984741211,50.15999984741211,789600,0.0,0.0
2023-09-26 00:00:00-04:00,49.83000183105469,50.09000015258789,49.06999969482422,49.15999984741211,788600,0.0,0.0
2023-09-27 00:00:00-04:00,49.5,49.75,48.79999923706055,49.209999084472656,890900,0.0,0.0
2023-09-28 00:00:00-04:00,49.54999923706055,53.11000061035156,49.54999923706055,52.40999984741211,2735200,0.0,0.0
2023-09-29 00:00:00-04:00,54.150001525878906,55.540000915527344,53.790000915527344,53.86000061035156,2734000,0.0,0.0
2023-10-02 00:00:00-04:00,53.529998779296875,53.68000030517578,52.54999923706055,52.84000015258789,1570700,0.0,0.0
2023-10-03 00:00:00-04:00,52.619998931884766,52.90999984741211,51.61000061035156,51.75,1537000,0.0,0.0
2023-10-04 00:00:00-04:00,51.95000076293945,52.439998626708984,51.47999954223633,52.29999923706055,1978200,0.0,0.0
2023-10-05 00:00:00-04:00,52.34000015258789,52.66999816894531,51.099998474121094,51.400001525878906,1005700,0.0,0.0
2023-10-06 00:00:00-04:00,51.09000015258789,51.84000015258789,50.56999969482422,51.34000015258789,1228600,0.0,0.0
2023-10-09 00:00:00-04:00,50.90999984741211,51.939998626708984,50.720001220703125,51.81999969482422,1947400,0.0,0.0
2023-10-10 00:00:00-04:00,51.90999984741211,52.619998931884766,51.84000015258789,52.06999969482422,1219300,0.0,0.0
2023-10-11 00:00:00-04:00,52.209999084472656,52.779998779296875,52.150001525878906,52.529998779296875,652100,0.0,0.0
2023-10-12 00:00:00-04:00,52.619998931884766,52.66999816894531,49.9900016784668,50.279998779296875,1008100,0.0,0.0
2023-10-13 00:00:00-04:00,50.279998779296875,50.5099983215332,49.709999084472656,49.90999984741211,980200,0.0,0.0
2023-10-16 00:00:00-04:00,50.150001525878906,50.790000915527344,49.72999954223633,50.70000076293945,797300,0.0,0.0
2023-10-17 00:00:00-04:00,50.130001068115234,51.20000076293945,50.02000045776367,50.4900016784668,1109400,0.0,0.0
2023-10-18 00:00:00-04:00,50.040000915527344,51.84000015258789,49.5,51.56999969482422,2827200,0.0,0.0
2023-10-19 00:00:00-04:00,51.72999954223633,51.9900016784668,49.349998474121094,49.529998779296875,1300700,0.0,0.0
2023-10-20 00:00:00-04:00,49.400001525878906,49.40999984741211,48.529998779296875,48.790000915527344,1036200,0.0,0.0
2023-10-23 00:00:00-04:00,48.68000030517578,49.2599983215332,48.25,48.40999984741211,612500,0.0,0.0
2023-10-24 00:00:00-04:00,48.59000015258789,49.0,48.13999938964844,48.45000076293945,703400,0.0,0.0
2023-10-25 00:00:00-04:00,48.0,48.0,46.91999816894531,47.2400016784668,1058000,0.0,0.0
2023-10-26 00:00:00-04:00,47.290000915527344,47.939998626708984,46.83000183105469,46.849998474121094,1225500,0.0,0.0
2023-10-27 00:00:00-04:00,46.91999816894531,47.0,45.810001373291016,46.08000183105469,1663700,0.0,0.0
2023-10-30 00:00:00-04:00,46.2599983215332,46.58000183105469,45.68000030517578,46.36000061035156,1654000,0.0,0.0
2023-10-31 00:00:00-04:00,46.31999969482422,47.189998626708984,46.16999816894531,47.130001068115234,1245400,0.0,0.0
2023-11-01 00:00:00-04:00,45.650001525878906,46.25,39.56999969482422,40.959999084472656,5519000,0.0,0.0
2023-11-02 00:00:00-04:00,41.279998779296875,42.529998779296875,40.720001220703125,41.84000015258789,2529900,0.0,0.0
2023-11-03 00:00:00-04:00,42.65999984741211,43.619998931884766,42.29999923706055,42.40999984741211,1396200,0.0,0.0
2023-11-06 00:00:00-05:00,42.4900016784668,42.650001525878906,41.560001373291016,41.810001373291016,1693700,0.0,0.0
2023-11-07 00:00:00-05:00,41.810001373291016,43.34000015258789,41.63999938964844,42.45000076293945,1861300,0.0,0.0
2023-11-08 00:00:00-05:00,42.45000076293945,43.310001373291016,41.959999084472656,42.02000045776367,1506700,0.0,0.0
2023-11-09 00:00:00-05:00,42.18000030517578,42.33000183105469,41.189998626708984,41.22999954223633,1604900,0.0,0.0
2023-11-10 00:00:00-05:00,41.31999969482422,41.849998474121094,40.869998931884766,41.849998474121094,1378700,0.0,0.0
2023-11-13 00:00:00-05:00,41.529998779296875,41.650001525878906,40.790000915527344,40.81999969482422,1665300,0.0,0.0
2023-11-14 00:00:00-05:00,41.95000076293945,42.630001068115234,41.43000030517578,42.540000915527344,4342800,0.0,0.0
2023-11-15 00:00:00-05:00,42.619998931884766,43.90999984741211,42.540000915527344,43.369998931884766,1915400,0.0,0.0
2023-11-16 00:00:00-05:00,43.15999984741211,43.59000015258789,42.560001373291016,42.810001373291016,2363900,0.0,0.0
2023-11-17 00:00:00-05:00,43.34000015258789,43.70000076293945,42.83000183105469,43.33000183105469,1832200,0.0,0.0
2023-11-20 00:00:00-05:00,43.380001068115234,44.150001525878906,43.33000183105469,43.93000030517578,1401500,0.0,0.0
2023-11-21 00:00:00-05:00,43.61000061035156,43.689998626708984,42.849998474121094,43.25,1042500,0.0,0.0
2023-11-22 00:00:00-05:00,43.52000045776367,43.88999938964844,43.279998779296875,43.68000030517578,868900,0.0,0.0
2023-11-24 00:00:00-05:00,43.599998474121094,44.220001220703125,43.52000045776367,44.13999938964844,425300,0.0,0.0
2023-11-27 00:00:00-05:00,43.7599983215332,44.41999816894531,43.70000076293945,44.400001525878906,1513400,0.0,0.0
2023-11-28 00:00:00-05:00,44.279998779296875,44.689998626708984,44.04999923706055,44.65999984741211,2274600,0.0,0.0
2023-11-29 00:00:00-05:00,45.02000045776367,46.16999816894531,44.88999938964844,45.91999816894531,2983900,0.0,0.0
2023-11-30 00:00:00-05:00,46.0099983215332,46.470001220703125,45.75,46.400001525878906,3463200,0.0,0.0
2023-12-01 00:00:00-05:00,46.279998779296875,47.5,46.13999938964844,47.36000061035156,1642900,0.0,0.0
2023-12-04 00:00:00-05:00,47.09000015258789,47.599998474121094,46.5099983215332,46.810001373291016,1417600,0.0,0.0
2023-12-05 00:00:00-05:00,46.40999984741211,46.40999984741211,45.61000061035156,45.939998626708984,1203900,0.0,0.0
2023-12-06 00:00:00-05:00,46.400001525878906,47.060001373291016,46.09000015258789,46.209999084472656,802900,0.0,0.0
2023-12-07 00:00:00-05:00,46.33000183105469,46.869998931884766,46.060001373291016,46.75,940400,0.0,0.0
2023-12-08 00:00:00-05:00,46.56999969482422,47.47999954223633,46.279998779296875,46.900001525878906,924900,0.0,0.0
2023-12-11 00:00:00-05:00,46.849998474121094,48.720001220703125,46.709999084472656,48.04999923706055,2275900,0.0,0.0
2023-12-12 00:00:00-05:00,48.099998474121094,48.54999923706055,47.66999816894531,48.09000015258789,2001200,0.0,0.0
2023-12-13 00:00:00-05:00,47.959999084472656,49.599998474121094,47.20000076293945,49.220001220703125,1390600,0.0,0.0
2023-12-14 00:00:00-05:00,49.97999954223633,51.849998474121094,49.900001525878906,51.779998779296875,2331500,0.0,0.0
2023-12-15 00:00:00-05:00,51.33000183105469,51.84000015258789,51.0,51.77000045776367,4135800,0.0,0.0
2023-12-18 00:00:00-05:00,51.849998474121094,51.95000076293945,51.34000015258789,51.650001525878906,1848700,0.0,0.0
2023-12-19 00:00:00-05:00,51.959999084472656,52.70000076293945,51.83000183105469,52.439998626708984,1876600,0.0,0.0
2023-12-20 00:00:00-05:00,52.220001220703125,52.86000061035156,51.38999938964844,51.41999816894531,848400,0.0,0.0
2023-12-21 00:00:00-05:00,52.0099983215332,52.400001525878906,51.59000015258789,52.36000061035156,924800,0.0,0.0
2023-12-22 00:00:00-05:00,52.5099983215332,53.029998779296875,52.0,52.439998626708984,785200,0.0,0.0
2023-12-26 00:00:00-05:00,52.459999084472656,53.27000045776367,52.439998626708984,53.189998626708984,735300,0.0,0.0
2023-12-27 00:00:00-05:00,53.31999969482422,53.7400016784668,53.150001525878906,53.33000183105469,727400,0.0,0.0
2023-12-28 00:00:00-05:00,53.349998474121094,53.650001525878906,53.08000183105469,53.63999938964844,1269600,0.0,0.0
2023-12-29 00:00:00-05:00,53.45000076293945,53.86000061035156,53.130001068115234,53.20000076293945,769600,0.0,0.0
2024-01-02 00:00:00-05:00,52.599998474121094,52.7400016784668,52.029998779296875,52.45000076293945,1145000,0.0,0.0
2024-01-03 00:00:00-05:00,52.04999923706055,52.04999923706055,50.5099983215332,50.58000183105469,777900,0.0,0.0
2024-01-04 00:00:00-05:00,50.41999816894531,51.470001220703125,50.22999954223633,51.02000045776367,1146400,0.0,0.0
2024-01-05 00:00:00-05:00,50.790000915527344,51.4900016784668,50.380001068115234,50.77000045776367,1125100,0.0,0.0
2024-01-08 00:00:00-05:00,50.77000045776367,51.689998626708984,50.47999954223633,51.63999938964844,603500,0.0,0.0
2024-01-09 00:00:00-05:00,51.04999923706055,51.45000076293945,50.709999084472656,51.13999938964844,892300,0.0,0.0
2024-01-10 00:00:00-05:00,50.97999954223633,51.150001525878906,50.52000045776367,50.95000076293945,683800,0.0,0.0
2024-01-11 00:00:00-05:00,50.95000076293945,51.540000915527344,50.77000045776367,51.5,686500,0.0,0.0
2024-01-12 00:00:00-05:00,51.83000183105469,51.9900016784668,50.779998779296875,51.2599983215332,710200,0.0,0.0
2024-01-16 00:00:00-05:00,50.81999969482422,50.88999938964844,50.060001373291016,50.310001373291016,1576600,0.0,0.0
2024-01-17 00:00:00-05:00,49.689998626708984,50.0,48.7400016784668,49.29999923706055,893400,0.0,0.0
2024-01-18 00:00:00-05:00,49.45000076293945,49.77000045776367,48.599998474121094,49.400001525878906,1066400,0.0,0.0
2024-01-19 00:00:00-05:00,49.77000045776367,50.150001525878906,48.9900016784668,50.0099983215332,817900,0.0,0.0
2024-01-22 00:00:00-05:00,50.400001525878906,51.060001373291016,50.2400016784668,50.47999954223633,665700,0.0,0.0
2024-01-23 00:00:00-05:00,50.72999954223633,51.33000183105469,50.45000076293945,51.220001220703125,1495400,0.0,0.0
2024-01-24 00:00:00-05:00,51.560001373291016,51.61000061035156,50.68000030517578,50.7400016784668,1065100,0.0,0.0
2024-01-25 00:00:00-05:00,51.2400016784668,51.779998779296875,51.02000045776367,51.689998626708984,855600,0.0,0.0
2024-01-26 00:00:00-05:00,51.75,51.93000030517578,50.93000030517578,50.97999954223633,742100,0.0,0.0
2024-01-29 00:00:00-05:00,50.880001068115234,51.65999984741211,50.599998474121094,51.58000183105469,930200,0.0,0.0
2024-01-30 00:00:00-05:00,52.189998626708984,52.970001220703125,51.86000061035156,52.84000015258789,2083800,0.0,0.0
2024-01-31 00:00:00-05:00,52.5099983215332,52.5099983215332,50.86000061035156,50.86000061035156,1555600,0.0,0.0
2024-02-01 00:00:00-05:00,50.93000030517578,52.52000045776367,50.59000015258789,52.38999938964844,1097500,0.0,0.0
2024-02-02 00:00:00-05:00,51.970001220703125,52.869998931884766,51.65999984741211,52.59000015258789,940000,0.0,0.0
2024-02-05 00:00:00-05:00,52.060001373291016,52.18000030517578,51.08000183105469,51.63999938964844,1351600,0.0,0.0
2024-02-06 00:00:00-05:00,51.869998931884766,52.150001525878906,51.4900016784668,51.689998626708984,865300,0.0,0.0
2024-02-07 00:00:00-05:00,51.75,52.0,51.16999816894531,51.90999984741211,1486000,0.0,0.0
2024-02-08 00:00:00-05:00,51.90999984741211,52.38999938964844,51.68000030517578,52.08000183105469,1031300,0.0,0.0
2024-02-09 00:00:00-05:00,52.09000015258789,52.63999938964844,51.72999954223633,52.5099983215332,1597400,0.0,0.0
2024-02-12 00:00:00-05:00,49.790000915527344,55.5,49.599998474121094,54.689998626708984,3722300,0.0,0.0
2024-02-13 00:00:00-05:00,54.75,57.150001525878906,54.560001373291016,55.959999084472656,4016700,0.0,0.0
2024-02-14 00:00:00-05:00,56.31999969482422,58.29999923706055,56.310001373291016,58.209999084472656,3573500,0.0,0.0
2024-02-15 00:00:00-05:00,59.029998779296875,60.40999984741211,59.0,60.150001525878906,2447200,0.0,0.0
2024-02-16 00:00:00-05:00,59.75,60.88999938964844,59.68000030517578,60.290000915527344,1990000,0.0,0.0
2024-02-20 00:00:00-05:00,59.58000183105469,60.599998474121094,59.439998626708984,60.130001068115234,2131800,0.0,0.0
2024-02-21 00:00:00-05:00,59.810001373291016,60.650001525878906,59.59000015258789,60.310001373291016,1954900,0.0,0.0
2024-02-22 00:00:00-05:00,60.66999816894531,61.91999816894531,60.04999923706055,61.400001525878906,1798300,0.0,0.0
2024-02-23 00:00:00-05:00,61.56999969482422,62.11000061035156,61.029998779296875,61.459999084472656,1314800,0.0,0.0
2024-02-26 00:00:00-05:00,61.220001220703125,62.369998931884766,61.150001525878906,61.810001373291016,1422900,0.0,0.0
2024-02-27 00:00:00-05:00,62.099998474121094,62.4900016784668,61.369998931884766,61.779998779296875,1116400,0.0,0.0
2024-02-28 00:00:00-05:00,61.33000183105469,62.459999084472656,60.70000076293945,60.90999984741211,1573200,0.0,0.0
2024-02-29 00:00:00-05:00,61.04999923706055,61.470001220703125,60.720001220703125,61.189998626708984,2728500,0.0,0.0
2024-03-01 00:00:00-05:00,61.2400016784668,62.38999938964844,60.77000045776367,62.349998474121094,1660200,0.0,0.0
2024-03-04 00:00:00-05:00,62.29999923706055,62.70000076293945,61.84000015258789,62.54999923706055,958500,0.0,0.0
2024-03-05 00:00:00-05:00,62.2400016784668,62.93000030517578,61.540000915527344,61.790000915527344,1138300,0.0,0.0
2024-03-06 00:00:00-05:00,62.189998626708984,62.66999816894531,61.7599983215332,62.43000030517578,1045800,0.0,0.0
2024-03-07 00:00:00-05:00,62.59000015258789,63.06999969482422,62.25,62.5,878500,0.0,0.0
2024-03-08 00:00:00-05:00,63.0099983215332,63.88999938964844,62.720001220703125,63.09000015258789,1617800,0.0,0.0
2024-03-11 00:00:00-04:00,63.09000015258789,63.56999969482422,62.439998626708984,62.84000015258789,1050700,0.0,0.0
2024-03-12 00:00:00-04:00,62.93000030517578,63.93000030517578,62.72999954223633,63.41999816894531,1073400,0.0,0.0
2024-03-13 00:00:00-04:00,63.45000076293945,63.810001373291016,63.130001068115234,63.33000183105469,1137300,0.0,0.0
2024-03-14 00:00:00-04:00,63.470001220703125,63.470001220703125,61.61000061035156,62.33000183105469,1467800,0.0,0.0
2024-03-15 00:00:00-04:00,61.880001068115234,62.65999984741211,61.880001068115234,62.06999969482422,2861500,0.0,0.0
2024-03-18 00:00:00-04:00,62.43000030517578,62.9900016784668,62.13999938964844,62.45000076293945,1019900,0.0,0.0
2024-03-19 00:00:00-04:00,62.220001220703125,63.560001373291016,61.95000076293945,63.470001220703125,1166500,0.0,0.0
2024-03-20 00:00:00-04:00,63.56999969482422,63.95000076293945,62.900001525878906,63.7400016784668,911400,0.0,0.0
2024-03-21 00:00:00-04:00,64.0,65.55000305175781,63.810001373291016,64.69000244140625,1114800,0.0,0.0
2024-03-22 00:00:00-04:00,64.4000015258789,64.70999908447266,64.11000061035156,64.19999694824219,715100,0.0,0.0
2024-03-25 00:00:00-04:00,64.18000030517578,64.36000061035156,62.97999954223633,63.099998474121094,1091500,0.0,0.0
2024-03-26 00:00:00-04:00,63.29999923706055,64.55000305175781,63.130001068115234,63.439998626708984,1460300,0.0,0.0
2024-03-27 00:00:00-04:00,63.61000061035156,64.18000030517578,62.47999954223633,63.29999923706055,2220100,0.0,0.0
2024-03-28 00:00:00-04:00,63.380001068115234,64.62999725341797,62.630001068115234,64.36000061035156,2964500,0.0,0.0
2024-04-01 00:00:00-04:00,64.19000244140625,64.2699966430664,63.119998931884766,63.16999816894531,910000,0.0,0.0
2024-04-02 00:00:00-04:00,62.790000915527344,62.9900016784668,62.20000076293945,62.83000183105469,861800,0.0,0.0
2024-04-03 00:00:00-04:00,62.459999084472656,63.4900016784668,62.0,62.349998474121094,1296300,0.0,0.0
2024-04-04 00:00:00-04:00,63.0099983215332,63.630001068115234,61.439998626708984,61.4900016784668,1208700,0.0,0.0
2024-04-05 00:00:00-04:00,61.25,61.7400016784668,60.849998474121094,61.45000076293945,2794000,0.0,0.0
2024-04-08 00:00:00-04:00,61.779998779296875,62.560001373291016,61.59000015258789,62.18000030517578,3046800,0.0,0.0
2024-04-09 00:00:00-04:00,62.5,63.15999984741211,62.130001068115234,62.970001220703125,1533700,0.0,0.0
2024-04-10 00:00:00-04:00,61.529998779296875,62.130001068115234,61.150001525878906,61.52000045776367,977800,0.0,0.0
2024-04-11 00:00:00-04:00,61.779998779296875,62.2400016784668,61.369998931884766,62.029998779296875,1333700,0.0,0.0
2024-04-12 00:00:00-04:00,61.36000061035156,61.52000045776367,60.22999954223633,60.540000915527344,1030500,0.0,0.0
2024-04-15 00:00:00-04:00,61.13999938964844,61.400001525878906,59.25,59.40999984741211,1018400,0.0,0.0
2024-04-16 00:00:00-04:00,59.08000183105469,59.31999969482422,58.61000061035156,58.91999816894531,897300,0.0,0.0
2024-04-17 00:00:00-04:00,59.43000030517578,59.540000915527344,58.439998626708984,58.4900016784668,852500,0.0,0.0
2024-04-18 00:00:00-04:00,58.529998779296875,58.689998626708984,57.75,57.86000061035156,905900,0.0,0.0
2024-04-19 00:00:00-04:00,58.040000915527344,58.61000061035156,57.72999954223633,57.970001220703125,843200,0.0,0.0
2024-04-22 00:00:00-04:00,58.779998779296875,59.2599983215332,58.04999923706055,58.939998626708984,861300,0.0,0.0
2024-04-23 00:00:00-04:00,58.84000015258789,60.0,58.7599983215332,59.689998626708984,808700,0.0,0.0
2024-04-24 00:00:00-04:00,59.529998779296875,59.88999938964844,58.970001220703125,59.5099983215332,1061000,0.0,0.0
2024-04-25 00:00:00-04:00,59.0099983215332,59.22999954223633,58.29999923706055,59.209999084472656,1637900,0.0,0.0
2024-04-26 00:00:00-04:00,59.43000030517578,60.40999984741211,59.279998779296875,60.150001525878906,790700,0.0,0.0
2024-04-29 00:00:00-04:00,60.13999938964844,60.709999084472656,60.13999938964844,60.66999816894531,817700,0.0,0.0
2024-04-30 00:00:00-04:00,60.22999954223633,60.79999923706055,59.66999816894531,60.06999969482422,1290000,0.0,0.0
2024-05-01 00:00:00-04:00,60.09000015258789,60.09000015258789,58.560001373291016,58.59000015258789,1074100,0.0,0.0
2024-05-02 00:00:00-04:00,58.959999084472656,60.220001220703125,58.31999969482422,60.09000015258789,1676700,0.0,0.0
2024-05-03 00:00:00-04:00,60.09000015258789,60.27000045776367,55.439998626708984,55.93000030517578,3315500,0.0,0.0
2024-05-06 00:00:00-04:00,56.83000183105469,56.83000183105469,55.22999954223633,56.20000076293945,3006000,0.0,0.0
2024-05-07 00:00:00-04:00,56.58000183105469,58.040000915527344,56.40999984741211,57.0,2326100,0.0,0.0
2024-05-08 00:00:00-04:00,56.54999923706055,56.7599983215332,55.81999969482422,56.540000915527344,1471200,0.0,0.0
2024-05-09 00:00:00-04:00,56.54999923706055,57.029998779296875,56.439998626708984,56.779998779296875,1286600,0.0,0.0
2024-05-10 00:00:00-04:00,56.959999084472656,57.27000045776367,56.4900016784668,56.79999923706055,1034700,0.0,0.0
2024-05-13 00:00:00-04:00,57.18000030517578,57.65999984741211,57.0099983215332,57.060001373291016,1066100,0.0,0.0
2024-05-14 00:00:00-04:00,57.54999923706055,57.869998931884766,57.040000915527344,57.09000015258789,1175700,0.0,0.0
2024-05-15 00:00:00-04:00,57.540000915527344,57.7599983215332,57.06999969482422,57.68000030517578,1119100,0.0,0.0
2024-05-16 00:00:00-04:00,57.380001068115234,57.68000030517578,56.880001068115234,57.25,1880800,0.0,0.0
2024-05-17 00:00:00-04:00,57.709999084472656,57.709999084472656,56.470001220703125,57.09000015258789,1180700,0.0,0.0
2024-05-20 00:00:00-04:00,56.93000030517578,57.43000030517578,56.709999084472656,57.31999969482422,1075700,0.0,0.0
2024-05-21 00:00:00-04:00,56.790000915527344,57.47999954223633,56.790000915527344,57.29999923706055,967900,0.0,0.0
2024-05-22 00:00:00-04:00,57.47999954223633,58.619998931884766,57.41999816894531,57.599998474121094,2216900,0.0,0.0
2024-05-23 00:00:00-04:00,57.689998626708984,57.689998626708984,56.689998626708984,56.869998931884766,847700,0.0,0.0
2024-05-24 00:00:00-04:00,57.369998931884766,57.369998931884766,56.619998931884766,56.79999923706055,671200,0.0,0.0
2024-05-28 00:00:00-04:00,56.79999923706055,56.79999923706055,55.689998626708984,55.81999969482422,976600,0.0,0.0
2024-05-29 00:00:00-04:00,55.27000045776367,56.15999984741211,55.13999938964844,55.70000076293945,1036600,0.0,0.0
2024-05-30 00:00:00-04:00,55.810001373291016,56.02000045776367,55.43000030517578,55.5,973600,0.0,0.0
2024-05-31 00:00:00-04:00,55.4900016784668,55.900001525878906,54.79999923706055,55.68000030517578,1994300,0.0,0.0
2024-06-03 00:00:00-04:00,55.68000030517578,55.91999816894531,53.900001525878906,54.5,1409300,0.0,0.0
2024-06-04 00:00:00-04:00,54.2599983215332,54.560001373291016,53.91999816894531,54.0,918600,0.0,0.0
2024-06-05 00:00:00-04:00,54.349998474121094,54.65999984741211,53.90999984741211,54.439998626708984,1428300,0.0,0.0
2024-06-06 00:00:00-04:00,54.439998626708984,55.599998474121094,54.04999923706055,55.56999969482422,1779700,0.0,0.0
2024-06-07 00:00:00-04:00,55.20000076293945,55.650001525878906,54.459999084472656,54.9900016784668,1520400,0.0,0.0
2024-06-10 00:00:00-04:00,54.619998931884766,55.5,54.38999938964844,55.36000061035156,1509600,0.0,0.0
2024-06-11 00:00:00-04:00,55.279998779296875,55.56999969482422,54.88999938964844,55.29999923706055,5166800,0.0,0.0
2024-06-12 00:00:00-04:00,56.22999954223633,56.65999984741211,55.7599983215332,56.09000015258789,1289700,0.0,0.0
2024-06-13 00:00:00-04:00,55.97999954223633,55.97999954223633,55.220001220703125,55.720001220703125,755700,0.0,0.0
2024-06-14 00:00:00-04:00,55.41999816894531,55.41999816894531,54.15999984741211,54.810001373291016,1013800,0.0,0.0
2024-06-17 00:00:00-04:00,54.810001373291016,55.779998779296875,54.380001068115234,55.720001220703125,1180400,0.0,0.0
2024-06-18 00:00:00-04:00,55.720001220703125,55.720001220703125,55.08000183105469,55.5099983215332,1148500,0.0,0.0
2024-06-20 00:00:00-04:00,55.72999954223633,55.9900016784668,55.119998931884766,55.75,1050800,0.0,0.0
2024-06-21 00:00:00-04:00,55.720001220703125,56.349998474121094,55.09000015258789,56.13999938964844,3544000,0.0,0.0
2024-06-24 00:00:00-04:00,56.0099983215332,56.91999816894531,55.79999923706055,56.130001068115234,922200,0.0,0.0
2024-06-25 00:00:00-04:00,55.97999954223633,56.29999923706055,55.040000915527344,55.540000915527344,843100,0.0,0.0
2024-06-26 00:00:00-04:00,55.279998779296875,55.5099983215332,54.38999938964844,55.18000030517578,929900,0.0,0.0
2024-06-27 00:00:00-04:00,54.27000045776367,55.61000061035156,54.27000045776367,55.41999816894531,700400,0.0,0.0
2024-06-28 00:00:00-04:00,55.56999969482422,56.2400016784668,55.29999923706055,55.91999816894531,1390800,0.0,0.0
2024-07-01 00:00:00-04:00,55.86000061035156,56.0,55.33000183105469,55.689998626708984,1413200,0.0,0.0
2024-07-02 00:00:00-04:00,55.86000061035156,56.900001525878906,55.540000915527344,56.220001220703125,935500,0.0,0.0
2024-07-03 00:00:00-04:00,56.27000045776367,56.5099983215332,55.5099983215332,55.5099983215332,839400,0.0,0.0
2024-07-05 00:00:00-04:00,55.54999923706055,56.15999984741211,55.220001220703125,55.88999938964844,717700,0.0,0.0
2024-07-08 00:00:00-04:00,56.119998931884766,56.70000076293945,55.790000915527344,56.290000915527344,742200,0.0,0.0
2024-07-09 00:00:00-04:00,56.20000076293945,56.20000076293945,55.18000030517578,55.22999954223633,754400,0.0,0.0
2024-07-10 00:00:00-04:00,55.31999969482422,55.650001525878906,54.970001220703125,55.349998474121094,849100,0.0,0.0
2024-07-11 00:00:00-04:00,55.810001373291016,56.459999084472656,55.459999084472656,56.25,938100,0.0,0.0
2024-07-12 00:00:00-04:00,56.5099983215332,57.81999969482422,56.220001220703125,57.349998474121094,971700,0.0,0.0
2024-07-15 00:00:00-04:00,57.349998474121094,57.88999938964844,57.0,57.290000915527344,851700,0.0,0.0
2024-07-16 00:00:00-04:00,57.54999923706055,58.709999084472656,57.279998779296875,58.61000061035156,786800,0.0,0.0
2024-07-17 00:00:00-04:00,58.31999969482422,59.0,58.09000015258789,58.150001525878906,852700,0.0,0.0
2024-07-18 00:00:00-04:00,57.97999954223633,58.52000045776367,57.099998474121094,57.27000045776367,1311500,0.0,0.0
2024-07-19 00:00:00-04:00,57.470001220703125,57.56999969482422,55.689998626708984,55.97999954223633,845100,0.0,0.0
2024-07-22 00:00:00-04:00,56.400001525878906,57.31999969482422,56.209999084472656,57.29999923706055,778800,0.0,0.0
2024-07-23 00:00:00-04:00,57.15999984741211,57.5099983215332,56.959999084472656,57.11000061035156,678200,0.0,0.0
2024-07-24 00:00:00-04:00,57.11000061035156,57.4900016784668,55.58000183105469,55.70000076293945,1321300,0.0,0.0
2024-07-25 00:00:00-04:00,55.70000076293945,55.880001068115234,54.65999984741211,54.70000076293945,2067500,0.0,0.0
2024-07-26 00:00:00-04:00,54.91999816894531,55.38999938964844,54.56999969482422,55.36000061035156,1258000,0.0,0.0
2024-07-29 00:00:00-04:00,55.540000915527344,55.540000915527344,54.790000915527344,55.0,944700,0.0,0.0
2024-07-30 00:00:00-04:00,55.459999084472656,55.709999084472656,53.93000030517578,54.20000076293945,1506200,0.0,0.0
2024-07-31 00:00:00-04:00,54.90999984741211,55.45000076293945,54.41999816894531,54.540000915527344,2281700,0.0,0.0
2024-08-01 00:00:00-04:00,54.540000915527344,54.709999084472656,52.380001068115234,52.5099983215332,1576900,0.0,0.0
2024-08-02 00:00:00-04:00,51.38999938964844,51.47999954223633,50.029998779296875,50.86000061035156,2058100,0.0,0.0
2024-08-05 00:00:00-04:00,49.470001220703125,50.279998779296875,48.650001525878906,49.81999969482422,2171700,0.0,0.0
2024-08-06 00:00:00-04:00,50.349998474121094,52.720001220703125,49.84000015258789,51.529998779296875,2698600,0.0,0.0
2024-08-07 00:00:00-04:00,52.060001373291016,53.119998931884766,50.52000045776367,50.59000015258789,2821200,0.0,0.0
2024-08-08 00:00:00-04:00,50.77000045776367,51.7400016784668,50.7599983215332,51.540000915527344,1289300,0.0,0.0
2024-08-09 00:00:00-04:00,51.61000061035156,51.95000076293945,51.029998779296875,51.650001525878906,1286600,0.0,0.0
2024-08-12 00:00:00-04:00,51.529998779296875,52.45000076293945,51.29999923706055,52.11000061035156,2137700,0.0,0.0
2024-08-13 00:00:00-04:00,52.470001220703125,53.41999816894531,52.220001220703125,52.63999938964844,1423600,0.0,0.0
2024-08-14 00:00:00-04:00,52.7400016784668,53.4900016784668,52.540000915527344,53.16999816894531,1230500,0.0,0.0
2024-08-15 00:00:00-04:00,54.0,54.130001068115234,53.459999084472656,54.040000915527344,1403000,0.0,0.0
2024-08-16 00:00:00-04:00,53.779998779296875,54.70000076293945,53.459999084472656,54.369998931884766,840100,0.0,0.0
2024-08-19 00:00:00-04:00,54.7400016784668,55.95000076293945,54.720001220703125,55.88999938964844,1236100,0.0,0.0
2024-08-20 00:00:00-04:00,56.0,56.400001525878906,55.869998931884766,56.09000015258789,1180800,0.0,0.0
2024-08-21 00:00:00-04:00,56.380001068115234,56.59000015258789,55.880001068115234,56.47999954223633,705500,0.0,0.0
2024-08-22 00:00:00-04:00,56.47999954223633,56.7400016784668,55.91999816894531,56.04999923706055,863700,0.0,0.0
2024-08-23 00:00:00-04:00,56.560001373291016,57.08000183105469,56.400001525878906,56.9900016784668,696500,0.0,0.0
2024-08-26 00:00:00-04:00,57.08000183105469,57.459999084472656,56.619998931884766,56.709999084472656,552400,0.0,0.0
2024-08-27 00:00:00-04:00,56.310001373291016,56.72999954223633,56.11000061035156,56.599998474121094,659600,0.0,0.0
2024-08-28 00:00:00-04:00,56.5,56.83000183105469,56.040000915527344,56.130001068115234,798300,0.0,0.0
2024-08-29 00:00:00-04:00,56.20000076293945,57.09000015258789,55.90999984741211,56.349998474121094,795800,0.0,0.0
2024-08-30 00:00:00-04:00,56.810001373291016,57.0099983215332,56.45000076293945,56.689998626708984,1581300,0.0,0.0
2024-09-03 00:00:00-04:00,56.099998474121094,56.5,54.779998779296875,54.939998626708984,1328900,0.0,0.0
2024-09-04 00:00:00-04:00,54.810001373291016,55.59000015258789,54.7599983215332,55.4900016784668,1325600,0.0,0.0
2024-09-05 00:00:00-04:00,55.349998474121094,55.880001068115234,55.0099983215332,55.779998779296875,1294400,0.0,0.0
2024-09-06 00:00:00-04:00,55.810001373291016,55.970001220703125,54.09000015258789,54.150001525878906,2296700,0.0,0.0
2024-09-09 00:00:00-04:00,54.72999954223633,55.58000183105469,54.11000061035156,54.310001373291016,1185600,0.0,0.0
2024-09-10 00:00:00-04:00,54.41999816894531,55.31999969482422,53.81999969482422,55.220001220703125,1385000,0.0,0.0
2024-09-11 00:00:00-04:00,55.130001068115234,55.61000061035156,53.56999969482422,54.90999984741211,1125200,0.0,0.0
2024-09-12 00:00:00-04:00,55.11000061035156,55.79999923706055,54.7599983215332,55.68000030517578,880200,0.0,0.0
2024-09-13 00:00:00-04:00,55.959999084472656,56.779998779296875,55.93000030517578,56.5,750200,0.0,0.0
2024-09-16 00:00:00-04:00,56.59000015258789,58.70000076293945,56.59000015258789,58.40999984741211,1284100,0.0,0.0
2024-09-17 00:00:00-04:00,58.5,59.09000015258789,58.119998931884766,58.310001373291016,1070700,0.0,0.0
2024-09-18 00:00:00-04:00,58.4900016784668,59.119998931884766,57.689998626708984,58.04999923706055,1020700,0.0,0.0
2024-09-19 00:00:00-04:00,59.5,60.630001068115234,59.040000915527344,60.20000076293945,1410700,0.0,0.0
2024-09-20 00:00:00-04:00,59.880001068115234,59.93000030517578,57.93000030517578,58.56999969482422,4155800,0.0,0.0
2024-09-23 00:00:00-04:00,58.849998474121094,59.09000015258789,58.33000183105469,58.56999969482422,983000,0.0,0.0
2024-09-24 00:00:00-04:00,58.66999816894531,58.90999984741211,58.09000015258789,58.52000045776367,994600,0.0,0.0
2024-09-25 00:00:00-04:00,58.380001068115234,59.40999984741211,58.380001068115234,59.119998931884766,1751600,0.0,0.0
2024-09-26 00:00:00-04:00,59.83000183105469,60.720001220703125,59.779998779296875,60.5099983215332,1803700,0.0,0.0
2024-09-27 00:00:00-04:00,60.939998626708984,62.63999938964844,60.880001068115234,61.650001525878906,2065900,0.0,0.0
2024-09-30 00:00:00-04:00,61.349998474121094,62.13999938964844,61.099998474121094,62.09000015258789,1648200,0.0,0.0
2024-10-01 00:00:00-04:00,61.79999923706055,61.79999923706055,60.029998779296875,60.790000915527344,2284900,0.0,0.0
2024-10-02 00:00:00-04:00,60.7599983215332,62.869998931884766,60.650001525878906,62.47999954223633,2491300,0.0,0.0
2024-10-03 00:00:00-04:00,62.06999969482422,62.63999938964844,61.29999923706055,61.59000015258789,1479800,0.0,0.0
2024-10-04 00:00:00-04:00,62.47999954223633,62.599998474121094,61.33000183105469,62.13999938964844,1110200,0.0,0.0
2024-10-07 00:00:00-04:00,61.970001220703125,62.099998474121094,61.15999984741211,61.5099983215332,1093600,0.0,0.0
2024-10-08 00:00:00-04:00,61.290000915527344,61.68000030517578,61.150001525878906,61.47999954223633,950100,0.0,0.0
2024-10-09 00:00:00-04:00,61.63999938964844,62.540000915527344,61.36000061035156,62.22999954223633,770100,0.0,0.0
2024-10-10 00:00:00-04:00,62.040000915527344,62.08000183105469,61.310001373291016,61.7400016784668,1027200,0.0,0.0
2024-10-11 00:00:00-04:00,61.720001220703125,63.209999084472656,61.720001220703125,63.0099983215332,1436400,0.0,0.0
2024-10-14 00:00:00-04:00,62.97999954223633,63.2599983215332,62.540000915527344,63.04999923706055,725600,0.0,0.0
2024-10-15 00:00:00-04:00,63.09000015258789,63.33000183105469,61.63999938964844,61.720001220703125,874100,0.0,0.0
2024-10-16 00:00:00-04:00,61.75,61.9900016784668,61.02000045776367,61.06999969482422,930800,0.0,0.0
2024-10-17 00:00:00-04:00,61.16999816894531,61.5,60.56999969482422,61.43000030517578,799000,0.0,0.0
2024-10-18 00:00:00-04:00,61.619998931884766,61.86000061035156,61.25,61.77000045776367,755100,0.0,0.0
2024-10-21 00:00:00-04:00,61.77000045776367,61.779998779296875,60.66999816894531,60.77000045776367,540300,0.0,0.0
2024-10-22 00:00:00-04:00,60.29999923706055,60.630001068115234,60.11000061035156,60.209999084472656,666600,0.0,0.0
2024-10-23 00:00:00-04:00,60.099998474121094,60.5,59.52000045776367,60.29999923706055,726700,0.0,0.0
2024-10-24 00:00:00-04:00,60.599998474121094,60.95000076293945,60.04999923706055,60.560001373291016,904400,0.0,0.0
2024-10-25 00:00:00-04:00,60.81999969482422,61.25,60.79999923706055,60.900001525878906,725100,0.0,0.0
2024-10-28 00:00:00-04:00,61.189998626708984,61.86000061035156,61.09000015258789,61.349998474121094,748700,0.0,0.0
2024-10-29 00:00:00-04:00,61.029998779296875,61.83000183105469,61.0,61.65999984741211,874100,0.0,0.0
2024-10-30 00:00:00-04:00,61.630001068115234,62.16999816894531,61.31999969482422,61.36000061035156,923200,0.0,0.0
2024-10-31 00:00:00-04:00,61.310001373291016,61.52000045776367,60.33000183105469,60.5,1120500,0.0,0.0
2024-11-01 00:00:00-04:00,60.63999938964844,61.849998474121094,60.459999084472656,61.209999084472656,896200,0.0,0.0
2024-11-04 00:00:00-05:00,60.83000183105469,61.84000015258789,60.75,61.310001373291016,838400,0.0,0.0
2024-11-05 00:00:00-05:00,60.9900016784668,61.619998931884766,60.47999954223633,61.619998931884766,1173500,0.0,0.0
2024-11-06 00:00:00-05:00,65.01000213623047,73.16999816894531,65.01000213623047,72.63999938964844,4368900,0.0,0.0
2024-11-07 00:00:00-05:00,72.6500015258789,73.08999633789062,71.30999755859375,72.13999938964844,1719700,0.0,0.0
2024-11-08 00:00:00-05:00,71.37000274658203,73.02999877929688,71.16999816894531,72.6500015258789,1395700,0.0,0.0
2024-11-11 00:00:00-05:00,73.0,73.80999755859375,72.38999938964844,73.36000061035156,918500,0.0,0.0
2024-11-12 00:00:00-05:00,73.2699966430664,74.22000122070312,72.58000183105469,72.80999755859375,1287000,0.0,0.0
2024-11-13 00:00:00-05:00,72.69999694824219,73.20999908447266,72.20999908447266,72.61000061035156,1430900,0.0,0.0
2024-11-14 00:00:00-05:00,71.94999694824219,72.55999755859375,70.58999633789062,70.73999786376953,949900,0.0,0.0
2024-11-15 00:00:00-05:00,70.29000091552734,70.87999725341797,69.56999969482422,70.62000274658203,1155000,0.0,0.0
2024-11-18 00:00:00-05:00,70.69000244140625,70.80999755859375,69.44000244140625,69.87999725341797,1420000,0.0,0.0
2024-11-19 00:00:00-05:00,69.05999755859375,70.0,68.91000366210938,69.66999816894531,1189600,0.0,0.0
2024-11-20 00:00:00-05:00,70.0,70.51000213623047,69.13999938964844,70.4800033569336,1263300,0.0,0.0
2024-11-21 00:00:00-05:00,70.5,72.12999725341797,70.4000015258789,71.43000030517578,1643300,0.0,0.0
2024-11-22 00:00:00-05:00,71.31999969482422,72.5199966430664,71.0,72.31999969482422,1519600,0.0,0.0
2024-11-25 00:00:00-05:00,72.6500015258789,74.12000274658203,72.44000244140625,72.94999694824219,1597800,0.0,0.0
2024-11-26 00:00:00-05:00,72.68000030517578,72.80000305175781,72.19000244140625,72.37000274658203,1006100,0.0,0.0
2024-11-27 00:00:00-05:00,72.4000015258789,72.81999969482422,72.1500015258789,72.43000030517578,917400,0.0,0.0
2024-11-29 00:00:00-05:00,72.29000091552734,73.41999816894531,72.2699966430664,72.97000122070312,561100,0.0,0.0
2024-12-02 00:00:00-05:00,72.91000366210938,73.37000274658203,72.33999633789062,73.08000183105469,1151800,0.0,0.0
2024-12-03 00:00:00-05:00,73.16999816894531,74.55999755859375,72.83000183105469,73.94999694824219,1520000,0.0,0.0
2024-12-04 00:00:00-05:00,76.9000015258789,76.97000122070312,74.38999938964844,75.27999877929688,2152700,0.0,0.0
2024-12-05 00:00:00-05:00,75.58000183105469,75.79000091552734,74.4800033569336,75.4000015258789,1817000,0.0,0.0
2024-12-06 00:00:00-05:00,75.7300033569336,75.91999816894531,74.58000183105469,74.86000061035156,1131500,0.0,0.0
2024-12-09 00:00:00-05:00,74.9800033569336,75.61000061035156,74.01000213623047,74.61000061035156,1000700,0.0,0.0
2024-12-10 00:00:00-05:00,74.83999633789062,75.79000091552734,73.80999755859375,74.12000274658203,1394200,0.0,0.0
2024-12-11 00:00:00-05:00,74.33000183105469,74.47000122070312,73.33000183105469,73.95999908447266,1429200,0.0,0.0
2024-12-12 00:00:00-05:00,73.62000274658203,75.55999755859375,73.62000274658203,74.87000274658203,1856200,0.0,0.0
2024-12-13 00:00:00-05:00,74.41000366210938,74.97000122070312,73.26000213623047,73.58999633789062,1086900,0.0,0.0
2024-12-16 00:00:00-05:00,74.05000305175781,74.9800033569336,73.72000122070312,74.23999786376953,1368800,0.0,0.0
2024-12-17 00:00:00-05:00,73.7699966430664,73.87000274658203,72.52999877929688,72.88999938964844,1218300,0.0,0.0
2024-12-18 00:00:00-05:00,73.0,73.70999908447266,70.44000244140625,70.69000244140625,1665500,0.0,0.0
2024-12-19 00:00:00-05:00,70.87999725341797,71.58000183105469,70.52999877929688,70.73999786376953,1406700,0.0,0.0
2024-12-20 00:00:00-05:00,70.43000030517578,72.0999984741211,70.05000305175781,71.63999938964844,3454400,0.0,0.0
2024-12-23 00:00:00-05:00,71.6500015258789,71.83000183105469,70.58999633789062,71.16999816894531,854500,0.0,0.0
2024-12-24 00:00:00-05:00,70.95999908447266,71.97000122070312,70.95999908447266,71.87000274658203,268800,0.0,0.0
2024-12-26 00:00:00-05:00,71.51000213623047,72.38999938964844,71.36000061035156,72.30000305175781,500500,0.0,0.0
2024-12-27 00:00:00-05:00,71.75,72.55999755859375,70.87999725341797,71.19999694824219,608600,0.0,0.0
2024-12-30 00:00:00-05:00,70.55000305175781,71.16000366210938,69.6500015258789,70.43000030517578,754900,0.0,0.0
2024-12-31 00:00:00-05:00,70.68000030517578,71.02999877929688,70.30999755859375,70.66000366210938,672700,0.0,0.0
2025-01-02 00:00:00-05:00,70.70999908447266,71.08000183105469,69.2300033569336,69.70999908447266,1340500,0.0,0.0
2025-01-03 00:00:00-05:00,70.27999877929688,70.81999969482422,69.70999908447266,70.56999969482422,939000,0.0,0.0
2025-01-06 00:00:00-05:00,70.62000274658203,72.27999877929688,70.30000305175781,71.0999984741211,1412000,0.0,0.0
2025-01-07 00:00:00-05:00,71.26000213623047,73.16000366210938,71.26000213623047,72.0199966430664,2115100,0.0,0.0
2025-01-08 00:00:00-05:00,71.41999816894531,72.6500015258789,71.02999877929688,72.54000091552734,1153700,0.0,0.0
2025-01-10 00:00:00-05:00,71.66000366210938,72.37999725341797,70.05000305175781,70.2300033569336,1714800,0.0,0.0
2025-01-13 00:00:00-05:00,69.20999908447266,70.4000015258789,68.48999786376953,70.2699966430664,1033500,0.0,0.0
2025-01-14 00:00:00-05:00,70.27999877929688,72.06999969482422,70.22000122070312,71.55999755859375,1173300,0.0,0.0
2025-01-15 00:00:00-05:00,72.94999694824219,73.18000030517578,72.16999816894531,72.72000122070312,823800,0.0,0.0
2025-01-16 00:00:00-05:00,72.8499984741211,74.12999725341797,72.72000122070312,73.9000015258789,1114700,0.0,0.0
2025-01-17 00:00:00-05:00,74.94000244140625,75.12999725341797,74.1500015258789,74.91999816894531,1010700,0.0,0.0
2025-01-21 00:00:00-05:00,75.5,76.51000213623047,75.30999755859375,76.43000030517578,1341800,0.0,0.0
2025-01-22 00:00:00-05:00,76.73999786376953,77.7300033569336,76.16000366210938,77.4000015258789,1098600,0.0,0.0
2025-01-23 00:00:00-05:00,77.12000274658203,77.56999969482422,76.44000244140625,77.48999786376953,1210400,0.0,0.0
2025-01-24 00:00:00-05:00,77.5,77.77999877929688,77.0,77.41999816894531,895300,0.0,0.0
2025-01-27 00:00:00-05:00,75.30999755859375,76.83000183105469,75.30999755859375,75.95999908447266,2052100,0.0,0.0
2025-01-28 00:00:00-05:00,76.02999877929688,76.02999877929688,74.44999694824219,75.2699966430664,1303400,0.0,0.0
2025-01-29 00:00:00-05:00,75.41999816894531,75.58000183105469,74.41000366210938,74.7699966430664,1212500,0.0,0.0
2025-01-30 00:00:00-05:00,75.69000244140625,76.31999969482422,74.97000122070312,75.37999725341797,1305500,0.0,0.0
2025-01-31 00:00:00-05:00,75.2699966430664,76.33000183105469,74.47000122070312,74.95999908447266,1373700,0.0,0.0
2025-02-03 00:00:00-05:00,73.86000061035156,74.38999938964844,72.38999938964844,74.12000274658203,1553400,0.0,0.0
2025-02-04 00:00:00-05:00,73.72000122070312,74.44999694824219,73.63999938964844,74.3499984741211,1654900,0.0,0.0
2025-02-05 00:00:00-05:00,74.51000213623047,75.16999816894531,74.11000061035156,75.06999969482422,1224900,0.0,0.0
2025-02-06 00:00:00-05:00,75.37999725341797,75.6500015258789,74.75,75.37000274658203,1206800,0.0,0.0
2025-02-07 00:00:00-05:00,75.37999725341797,75.66000366210938,74.05000305175781,74.36000061035156,906100,0.0,0.0
2025-02-10 00:00:00-05:00,74.76000213623047,74.76000213623047,74.11000061035156,74.36000061035156,834600,0.0,0.0
2025-02-11 00:00:00-05:00,73.69999694824219,74.63999938964844,73.66000366210938,73.83000183105469,830700,0.0,0.0
2025-02-12 00:00:00-05:00,72.80000305175781,73.44000244140625,72.05000305175781,73.29000091552734,891200,0.0,0.0
2025-02-13 00:00:00-05:00,73.72000122070312,73.72000122070312,72.62000274658203,73.66000366210938,1154200,0.0,0.0
2025-02-14 00:00:00-05:00,73.6500015258789,74.41000366210938,73.41999816894531,74.29000091552734,1229300,0.0,0.0
2025-02-18 00:00:00-05:00,74.48999786376953,75.1500015258789,73.81999969482422,75.13999938964844,2385500,0.0,0.0
2025-02-19 00:00:00-05:00,75.91999816894531,76.87999725341797,75.05000305175781,75.56999969482422,2454300,0.0,0.0
2025-02-20 00:00:00-05:00,76.12999725341797,76.38999938964844,72.36000061035156,73.20999908447266,1997300,0.0,0.0
2025-02-21 00:00:00-05:00,73.23999786376953,74.62999725341797,71.11000061035156,71.47000122070312,1852400,0.0,0.0
2025-02-24 00:00:00-05:00,71.7699966430664,71.94999694824219,69.86000061035156,70.93000030517578,1416700,0.0,0.0
2025-02-25 00:00:00-05:00,71.08000183105469,72.19000244140625,70.87999725341797,71.36000061035156,2066700,0.0,0.0
2025-02-26 00:00:00-05:00,71.62000274658203,72.30999755859375,71.30000305175781,71.38999938964844,1724600,0.0,0.0
2025-02-27 00:00:00-05:00,71.3499984741211,72.66999816894531,70.51000213623047,70.68000030517578,1833400,0.0,0.0
2025-02-28 00:00:00-05:00,70.8499984741211,72.18000030517578,70.72000122070312,71.9800033569336,2966500,0.0,0.0
2025-03-03 00:00:00-05:00,72.51000213623047,73.04000091552734,69.41999816894531,69.68000030517578,1878500,0.0,0.0
2025-03-04 00:00:00-05:00,68.9800033569336,69.73999786376953,67.08000183105469,68.44999694824219,2016700,0.0,0.0
2025-03-05 00:00:00-05:00,68.27999877929688,69.80000305175781,68.11000061035156,69.48999786376953,2160800,0.0,0.0
2025-03-06 00:00:00-05:00,68.51000213623047,69.44999694824219,67.37999725341797,67.6500015258789,1751200,0.0,0.0
2025-03-07 00:00:00-05:00,67.27999877929688,69.33000183105469,66.36000061035156,69.05999755859375,2360400,0.0,0.0
2025-03-10 00:00:00-04:00,68.08000183105469,68.80999755859375,65.87999725341797,66.51000213623047,1998500,0.0,0.0
2025-03-11 00:00:00-04:00,66.79000091552734,67.94000244140625,65.76000213623047,66.48999786376953,2221300,0.0,0.0
2025-03-12 00:00:00-04:00,67.41999816894531,68.30999755859375,66.88999938964844,67.36000061035156,1808100,0.0,0.0
2025-03-13 00:00:00-04:00,67.04000091552734,68.2300033569336,66.06999969482422,66.38999938964844,1996400,0.0,0.0
2025-03-14 00:00:00-04:00,67.4000015258789,69.77999877929688,67.25,69.38999938964844,1878200,0.0,0.0
2025-03-17 00:00:00-04:00,69.33000183105469,71.3499984741211,69.08999633789062,70.25,2284200,0.0,0.0
2025-03-18 00:00:00-04:00,69.94999694824219,71.02999877929688,69.77999877929688,70.19000244140625,2036300,0.0,0.0
2025-03-19 00:00:00-04:00,70.23999786376953,72.58999633789062,70.19000244140625,71.63999938964844,2041600,0.0,0.0
2025-03-20 00:00:00-04:00,70.98999786376953,71.9000015258789,70.5999984741211,70.68000030517578,1790700,0.0,0.0
2025-03-21 00:00:00-04:00,69.94000244140625,70.73999786376953,69.58999633789062,70.54000091552734,3049900,0.0,0.0
2025-03-24 00:00:00-04:00,72.0,72.45999908447266,71.5199966430664,72.06999969482422,1167900,0.0,0.0
2025-03-25 00:00:00-04:00,72.06999969482422,72.2699966430664,70.2300033569336,70.4800033569336,1268900,0.0,0.0
2025-03-26 00:00:00-04:00,70.5199966430664,70.87999725341797,68.76000213623047,68.94000244140625,932700,0.0,0.0
2025-03-27 00:00:00-04:00,68.5,68.54000091552734,67.04000091552734,67.9800033569336,1242300,0.0,0.0
2025-03-28 00:00:00-04:00,67.87999725341797,67.94000244140625,65.33999633789062,65.5199966430664,1409600,0.0,0.0
2025-03-31 00:00:00-04:00,64.69000244140625,65.94000244140625,63.7599983215332,65.6500015258789,1704700,0.0,0.0
2025-04-01 00:00:00-04:00,65.08000183105469,65.75,64.18000030517578,65.37999725341797,1955800,0.0,0.0
2025-04-02 00:00:00-04:00,64.47000122070312,66.81999969482422,64.47000122070312,66.51000213623047,1289700,0.0,0.0
2025-04-03 00:00:00-04:00,63.58000183105469,63.58000183105469,59.439998626708984,60.279998779296875,1812100,0.0,0.0
2025-04-04 00:00:00-04:00,58.0099983215332,58.5,55.45000076293945,56.5099983215332,1922300,0.0,0.0
2025-04-07 00:00:00-04:00,54.970001220703125,58.31999969482422,52.90999984741211,56.02000045776367,4607700,0.0,0.0
2025-04-08 00:00:00-04:00,58.189998626708984,58.72999954223633,54.15999984741211,55.119998931884766,1697700,0.0,0.0
2025-04-09 00:00:00-04:00,54.29999923706055,62.0,53.630001068115234,61.4900016784668,2375200,0.0,0.0
2025-04-10 00:00:00-04:00,58.65999984741211,59.400001525878906,56.20000076293945,58.040000915527344,1791600,0.0,0.0
2025-04-11 00:00:00-04:00,57.45000076293945,58.540000915527344,56.189998626708984,58.220001220703125,1759100,0.0,0.0
2025-04-14 00:00:00-04:00,59.5099983215332,60.130001068115234,58.56999969482422,59.4900016784668,1204500,0.0,0.0
2025-04-15 00:00:00-04:00,59.52000045776367,60.2599983215332,59.2400016784668,59.59000015258789,994800,0.0,0.0
2025-04-16 00:00:00-04:00,58.54999923706055,59.02000045776367,57.43000030517578,58.279998779296875,1163900,0.0,0.0
2025-04-17 00:00:00-04:00,58.959999084472656,58.959999084472656,57.9900016784668,58.22999954223633,1252200,0.0,0.0
2025-04-21 00:00:00-04:00,57.529998779296875,57.709999084472656,55.54999923706055,56.220001220703125,820400,0.0,0.0
2025-04-22 00:00:00-04:00,56.9900016784668,58.2400016784668,56.33000183105469,58.0099983215332,1291200,0.0,0.0
2025-04-23 00:00:00-04:00,60.15999984741211,61.75,59.29999923706055,59.5099983215332,1228000,0.0,0.0
2025-04-24 00:00:00-04:00,59.599998474121094,61.72999954223633,59.599998474121094,61.650001525878906,1251000,0.0,0.0
2025-04-25 00:00:00-04:00,61.18000030517578,62.02000045776367,61.09000015258789,61.709999084472656,844000,0.0,0.0
2025-04-28 00:00:00-04:00,61.810001373291016,62.4900016784668,60.779998779296875,61.45000076293945,1438400,0.0,0.0
2025-04-29 00:00:00-04:00,61.16999816894531,62.2599983215332,60.88999938964844,61.95000076293945,1146400,0.0,0.0
2025-04-30 00:00:00-04:00,60.61000061035156,62.29999923706055,60.18000030517578,62.13999938964844,1702100,0.0,0.0
2025-05-01 00:00:00-04:00,62.68000030517578,63.45000076293945,62.09000015258789,62.540000915527344,1131200,0.0,0.0
2025-05-02 00:00:00-04:00,63.7599983215332,64.69999694824219,63.400001525878906,64.58999633789062,1160200,0.0,0.0
2025-05-05 00:00:00-04:00,63.790000915527344,64.69999694824219,63.790000915527344,64.08999633789062,1027900,0.0,0.0
2025-05-06 00:00:00-04:00,63.33000183105469,64.0199966430664,62.93000030517578,63.31999969482422,1216200,0.0,0.0
2025-05-07 00:00:00-04:00,63.45000076293945,66.83000183105469,62.0,66.30000305175781,3181300,0.0,0.0
2025-05-08 00:00:00-04:00,67.02999877929688,68.01000213623047,66.20999908447266,67.37999725341797,2481000,0.0,0.0
2025-05-09 00:00:00-04:00,67.93000030517578,68.30999755859375,67.4000015258789,68.12000274658203,1729300,0.0,0.0
2025-05-12 00:00:00-04:00,71.6500015258789,71.97000122070312,70.4000015258789,70.54000091552734,1876600,0.0,0.0
2025-05-13 00:00:00-04:00,70.5999984741211,71.83999633789062,70.5999984741211,71.25,1278600,0.0,0.0
2025-05-14 00:00:00-04:00,71.52999877929688,72.23999786376953,70.95999908447266,71.2699966430664,1324900,0.0,0.0
2025-05-15 00:00:00-04:00,71.16000366210938,71.66000366210938,70.73999786376953,71.23999786376953,791700,0.0,0.0
2025-05-16 00:00:00-04:00,71.23999786376953,72.04000091552734,70.83000183105469,71.88999938964844,1025500,0.0,0.0
2025-05-19 00:00:00-04:00,70.7300033569336,71.87000274658203,70.7300033569336,71.69000244140625,985100,0.0,0.0
2025-05-20 00:00:00-04:00,71.54000091552734,72.38999938964844,71.5,72.30999755859375,1566500,0.0,0.0
2025-05-21 00:00:00-04:00,71.69000244140625,72.30000305175781,70.55999755859375,70.76000213623047,868400,0.0,0.0
2025-05-22 00:00:00-04:00,70.54000091552734,71.23999786376953,70.1500015258789,70.79000091552734,864700,0.0,0.0
2025-05-23 00:00:00-04:00,69.5199966430664,70.79000091552734,69.33000183105469,70.55000305175781,929200,0.0,0.0
2025-05-27 00:00:00-04:00,71.52999877929688,72.19999694824219,70.88999938964844,71.91999816894531,1588300,0.0,0.0
2025-05-28 00:00:00-04:00,72.0,72.22000122070312,71.41000366210938,71.51000213623047,984300,0.0,0.0
2025-05-29 00:00:00-04:00,71.52999877929688,71.77999877929688,71.04000091552734,71.66000366210938,991500,0.0,0.0
2025-05-30 00:00:00-04:00,71.30000305175781,71.54000091552734,70.47000122070312,71.2699966430664,2798400,0.0,0.0
2025-06-02 00:00:00-04:00,70.94000244140625,71.2699966430664,69.79000091552734,70.83999633789062,1519000,0.0,0.0
2025-06-03 00:00:00-04:00,70.87000274658203,72.19999694824219,70.6500015258789,71.72000122070312,1511200,0.0,0.0
2025-06-04 00:00:00-04:00,72.25,72.25,71.13999938964844,71.66999816894531,1289700,0.0,0.0
2025-06-05 00:00:00-04:00,71.81999969482422,71.93000030517578,70.75,71.16000366210938,1243900,0.0,0.0
2025-06-06 00:00:00-04:00,72.0,72.36000061035156,70.56999969482422,72.22000122070312,914300,0.0,0.0
2025-06-09 00:00:00-04:00,72.56999969482422,72.69999694824219,72.12000274658203,72.36000061035156,894400,0.0,0.0
2025-06-10 00:00:00-04:00,72.47000122070312,72.98999786376953,72.22000122070312,72.80000305175781,943600,0.0,0.0
2025-06-11 00:00:00-04:00,73.16000366210938,73.5,72.37000274658203,72.54000091552734,1241200,0.0,0.0
2025-06-12 00:00:00-04:00,72.37000274658203,72.83000183105469,71.94000244140625,72.36000061035156,645800,0.0,0.0
2025-06-13 00:00:00-04:00,71.0999984741211,72.12000274658203,70.01000213623047,71.08000183105469,753200,0.0,0.0
2025-06-16 00:00:00-04:00,71.68000030517578,73.16000366210938,71.55000305175781,72.87999725341797,1479300,0.0,0.0
2025-06-17 00:00:00-04:00,72.18000030517578,72.81999969482422,71.5,71.76000213623047,916400,0.0,0.0
2025-06-18 00:00:00-04:00,71.83000183105469,72.4800033569336,71.58000183105469,71.69999694824219,1129200,0.0,0.0
2025-06-20 00:00:00-04:00,72.05000305175781,72.20999908447266,71.11000061035156,71.80999755859375,3786600,0.0,0.0
2025-06-23 00:00:00-04:00,71.62000274658203,72.73999786376953,71.18000030517578,72.70999908447266,897900,0.0,0.0
2025-06-24 00:00:00-04:00,73.20999908447266,73.81999969482422,72.83999633789062,73.70999908447266,1006000,0.0,0.0
2025-06-25 00:00:00-04:00,73.87999725341797,74.33000183105469,73.37999725341797,74.12000274658203,1156700,0.0,0.0
2025-06-26 00:00:00-04:00,74.5,75.27999877929688,74.02999877929688,75.02999877929688,988400,0.0,0.0
2025-06-27 00:00:00-04:00,75.12000274658203,75.83000183105469,74.80000305175781,75.6500015258789,2107900,0.0,0.0
2025-06-30 00:00:00-04:00,75.70999908447266,76.3499984741211,75.12999725341797,75.9800033569336,1543100,0.0,0.0
2025-07-01 00:00:00-04:00,75.48999786376953,77.05999755859375,75.30999755859375,76.45999908447266,3098800,0.0,0.0
2025-07-02 00:00:00-04:00,76.48999786376953,77.88999938964844,76.26000213623047,77.86000061035156,1004400,0.0,0.0
2025-07-03 00:00:00-04:00,78.05000305175781,78.98999786376953,77.88999938964844,78.87999725341797,805600,0.0,0.0
2025-07-07 00:00:00-04:00,78.19999694824219,79.31999969482422,78.05000305175781,78.62999725341797,1269800,0.0,0.0
2025-07-08 00:00:00-04:00,78.86000061035156,79.58000183105469,78.83000183105469,79.31999969482422,2027900,0.0,0.0
2025-07-09 00:00:00-04:00,79.80000305175781,79.80000305175781,78.22000122070312,79.62000274658203,1319500,0.0,0.0
2025-07-10 00:00:00-04:00,79.87999725341797,81.66000366210938,79.41000366210938,80.83000183105469,1546900,0.0,0.0
2025-07-11 00:00:00-04:00,80.19000244140625,80.37999725341797,79.68000030517578,79.98999786376953,1207100,0.0,0.0
2025-07-14 00:00:00-04:00,79.91000366210938,80.31999969482422,79.44000244140625,80.19999694824219,944200,0.0,0.0
2025-07-15 00:00:00-04:00,80.61000061035156,80.62999725341797,79.41999816894531,79.47000122070312,1623800,0.0,0.0
2025-07-16 00:00:00-04:00,79.93000030517578,80.77999877929688,79.13999938964844,80.66999816894531,1376600,0.0,0.0
2025-07-17 00:00:00-04:00,80.47000122070312,82.13999938964844,80.02999877929688,82.0199966430664,1517900,0.0,0.0
2025-07-18 00:00:00-04:00,82.44000244140625,82.44000244140625,81.69000244140625,82.04000091552734,1597200,0.0,0.0
2025-07-21 00:00:00-04:00,82.04000091552734,82.25,81.20999908447266,81.43000030517578,2088600,0.0,0.0
2025-07-22 00:00:00-04:00,80.55999755859375,82.66000366210938,80.2699966430664,82.5199966430664,1775700,0.0,0.0
2025-07-23 00:00:00-04:00,82.33999633789062,83.80999755859375,82.30000305175781,83.62000274658203,2836900,0.0,0.0
2025-07-24 00:00:00-04:00,83.22000122070312,84.30999755859375,82.56999969482422,84.19000244140625,1585700,0.0,0.0
2025-07-25 00:00:00-04:00,84.54000091552734,85.30000305175781,84.06999969482422,85.23999786376953,1873700,0.0,0.0
2025-07-28 00:00:00-04:00,85.30999755859375,86.41999816894531,84.6500015258789,85.06999969482422,2783900,0.0,0.0
2025-07-29 00:00:00-04:00,85.22000122070312,85.86000061035156,83.75,84.69000244140625,1905600,0.0,0.0
2025-07-30 00:00:00-04:00,84.83999633789062,85.83999633789062,84.37000274658203,85.19000244140625,2541600,0.0,0.0
2025-07-31 00:00:00-04:00,85.08000183105469,85.98999786376953,83.62999725341797,83.88999938964844,2034400,0.0,0.0
2025-08-01 00:00:00-04:00,82.48999786376953,82.73999786376953,80.2300033569336,82.63999938964844,2156200,0.0,0.0
2025-08-04 00:00:00-04:00,83.26000213623047,84.37000274658203,82.48999786376953,84.25,1876300,0.0,0.0
2025-08-05 00:00:00-04:00,84.25,84.29000091552734,82.11000061035156,82.69999694824219,2127700,0.0,0.0
2025-08-06 00:00:00-04:00,86.16999816894531,87.5,81.41999816894531,84.12999725341797,3352300,0.0,0.0
2025-08-07 00:00:00-04:00,85.04000091552734,85.41999816894531,81.8499984741211,82.5199966430664,2236600,0.0,0.0
2025-08-08 00:00:00-04:00,83.19000244140625,84.6500015258789,82.29000091552734,83.7699966430664,2390700,0.0,0.0
2025-08-11 00:00:00-04:00,83.7699966430664,84.63999938964844,82.37000274658203,82.58999633789062,1728500,0.0,0.0
2025-08-12 00:00:00-04:00,82.93000030517578,83.6500015258789,82.05999755859375,83.61000061035156,1554600,0.0,0.0
2025-08-13 00:00:00-04:00,83.87000274658203,84.55000305175781,83.44000244140625,84.47000122070312,1569700,0.0,0.0
2025-08-14 00:00:00-04:00,84.12000274658203,84.12000274658203,83.23999786376953,83.66999816894531,1283900,0.0,0.0
2025-08-15 00:00:00-04:00,83.73999786376953,83.73999786376953,81.88999938964844,82.23999786376953,2024600,0.0,0.0
2025-08-18 00:00:00-04:00,81.70999908447266,82.8499984741211,81.22000122070312,82.80000305175781,1445100,0.0,0.0
2025-08-19 00:00:00-04:00,82.87999725341797,83.66000366210938,80.91999816894531,81.12000274658203,2139500,0.0,0.0
2025-08-20 00:00:00-04:00,81.12000274658203,81.12000274658203,78.79000091552734,80.19999694824219,1449300,0.0,0.0
2025-08-21 00:00:00-04:00,79.83999633789062,80.4800033569336,79.45999908447266,80.2699966430664,1032900,0.0,0.0
2025-08-22 00:00:00-04:00,80.91000366210938,83.02999877929688,80.55000305175781,82.58000183105469,880300,0.0,0.0
2025-08-25 00:00:00-04:00,82.44000244140625,82.94000244140625,81.37999725341797,81.43000030517578,949100,0.0,0.0
2025-08-26 00:00:00-04:00,81.37999725341797,81.62999725341797,80.56999969482422,81.44000244140625,3727600,0.0,0.0
2025-08-27 00:00:00-04:00,81.55000305175781,82.30999755859375,81.44999694824219,82.18000030517578,1245000,0.0,0.0
2025-08-28 00:00:00-04:00,82.41000366210938,82.80999755859375,82.16000366210938,82.20999908447266,957300,0.0,0.0
2025-08-29 00:00:00-04:00,82.16000366210938,82.19000244140625,80.62999725341797,80.81999969482422,1210100,0.0,0.0
2025-09-02 00:00:00-04:00,79.63999938964844,80.25,78.22000122070312,78.56999969482422,1938100,0.0,0.0
2025-09-03 00:00:00-04:00,78.18000030517578,78.63999938964844,77.87999725341797,78.5999984741211,1513900,0.0,0.0
2025-09-04 00:00:00-04:00,78.94999694824219,79.73999786376953,78.37000274658203,79.70999908447266,1217000,0.0,0.0
2025-09-05 00:00:00-04:00,80.0199966430664,80.95999908447266,79.51000213623047,80.73999786376953,1332300,0.0,0.0
2025-09-08 00:00:00-04:00,81.05000305175781,81.36000061035156,80.30000305175781,81.29000091552734,1131700,0.0,0.0
2025-09-09 00:00:00-04:00,81.30999755859375,81.48999786376953,79.77999877929688,80.05999755859375,1086700,0.0,0.0
2025-09-10 00:00:00-04:00,80.05999755859375,81.13999938964844,79.69999694824219,80.16000366210938,1428100,0.0,0.0
2025-09-11 00:00:00-04:00,80.76000213623047,83.68000030517578,80.44000244140625,82.8499984741211,1773900,0.0,0.0
2025-09-12 00:00:00-04:00,82.69000244140625,82.69000244140625,80.45999908447266,80.87999725341797,1027600,0.0,0.0
2025-09-15 00:00:00-04:00,80.87999725341797,82.04000091552734,80.55999755859375,81.01000213623047,981500,0.0,0.0
2025-09-16 00:00:00-04:00,80.9000015258789,81.26000213623047,80.45999908447266,80.88999938964844,1191100,0.0,0.0
2025-09-17 00:00:00-04:00,80.98999786376953,81.29000091552734,78.7699966430664,79.63999938964844,1146100,0.0,0.0
2025-09-18 00:00:00-04:00,80.11000061035156,81.83999633789062,80.02999877929688,81.66000366210938,1363500,0.0,0.0
2025-09-19 00:00:00-04:00,82.47000122070312,83.18000030517578,81.51000213623047,82.77999877929688,2726700,0.0,0.0
2025-09-22 00:00:00-04:00,82.61000061035156,82.62000274658203,80.77999877929688,82.1500015258789,1167800,0.0,0.0
2025-09-23 00:00:00-04:00,82.27999877929688,82.72000122070312,81.20999908447266,82.04000091552734,1187400,0.0,0.0
2025-09-24 00:00:00-04:00,82.08000183105469,82.08000183105469,79.70999908447266,79.87999725341797,1462800,0.0,0.0
2025-09-25 00:00:00-04:00,79.06999969482422,80.08999633789062,78.27999877929688,79.9800033569336,1287500,0.0,0.0
2025-09-26 00:00:00-04:00,80.30000305175781,81.33999633789062,79.80999755859375,81.23999786376953,1043800,0.0,0.0
2025-09-29 00:00:00-04:00,82.0,82.4800033569336,81.55000305175781,81.94999694824219,2092800,0.0,0.0
2025-09-30 00:00:00-04:00,81.80000305175781,82.27999877929688,80.72000122070312,81.6500015258789,1224900,0.0,0.0
2025-10-01 00:00:00-04:00,81.05999755859375,81.08999633789062,78.80999755859375,79.41000366210938,2293800,0.0,0.0
2025-10-02 00:00:00-04:00,79.63999938964844,80.36000061035156,79.2699966430664,80.20999908447266,1488100,0.0,0.0
2025-10-03 00:00:00-04:00,80.6500015258789,81.33000183105469,80.33000183105469,80.72000122070312,1158800,0.0,0.0
2025-10-06 00:00:00-04:00,80.98999786376953,81.54000091552734,80.33000183105469,80.80999755859375,890500,0.0,0.0
2025-10-07 00:00:00-04:00,81.37999725341797,81.37999725341797,79.05000305175781,79.30000305175781,1126500,0.0,0.0
2025-10-08 00:00:00-04:00,79.7300033569336,81.05000305175781,79.43000030517578,80.47000122070312,1003100,0.0,0.0
2025-10-09 00:00:00-04:00,80.4000015258789,80.55000305175781,78.66999816894531,79.19000244140625,931600,0.0,0.0
2025-10-10 00:00:00-04:00,79.37000274658203,79.54000091552734,75.47000122070312,75.62999725341797,955900,0.0,0.0
2025-10-13 00:00:00-04:00,76.6500015258789,77.4000015258789,76.27999877929688,77.05999755859375,759300,0.0,0.0
2025-10-14 00:00:00-04:00,75.6500015258789,78.6500015258789,75.4000015258789,78.04000091552734,1073800,0.0,0.0
2025-10-15 00:00:00-04:00,79.23999786376953,79.66000366210938,77.63999938964844,78.72000122070312,876000,0.0,0.0
2025-10-16 00:00:00-04:00,78.95999908447266,79.11000061035156,77.43000030517578,77.87000274658203,978400,0.0,0.0
2025-10-17 00:00:00-04:00,77.9000015258789,78.25,76.80000305175781,77.4000015258789,818000,0.0,0.0
2025-10-20 00:00:00-04:00,78.13999938964844,79.02999877929688,77.55000305175781,78.58000183105469,1398700,0.0,0.0
2025-10-21 00:00:00-04:00,78.58000183105469,80.01000213623047,78.27999877929688,79.6500015258789,811000,0.0,0.0
2025-10-22 00:00:00-04:00,79.44000244140625,80.31999969482422,78.58999633789062,79.0999984741211,1614200,0.0,0.0
2025-10-23 00:00:00-04:00,79.22000122070312,81.1500015258789,78.5,80.69999694824219,1717300,0.0,0.0
2025-10-24 00:00:00-04:00,81.9800033569336,82.19000244140625,81.11000061035156,81.41999816894531,1003300,0.0,0.0
2025-10-27 00:00:00-04:00,82.22000122070312,82.47000122070312,80.5,81.12000274658203,1087300,0.0,0.0
2025-10-28 00:00:00-04:00,81.12000274658203,81.62000274658203,80.3499984741211,80.5,1496000,0.0,0.0
2025-10-29 00:00:00-04:00,80.25,80.94000244140625,78.81999969482422,79.38999938964844,1523300,0.0,0.0
2025-10-30 00:00:00-04:00,79.29000091552734,80.44999694824219,78.63999938964844,78.87000274658203,1180200,0.0,0.0
2025-10-31 00:00:00-04:00,78.91000366210938,80.51000213623047,78.81999969482422,79.75,1376000,0.0,0.0
2025-11-03 00:00:00-05:00,79.80000305175781,79.94000244140625,78.62000274658203,79.56999969482422,1547100,0.0,0.0
2025-11-04 00:00:00-05:00,78.87999725341797,79.2699966430664,77.9000015258789,78.5999984741211,1831000,0.0,0.0
2025-11-05 00:00:00-05:00,76.33000183105469,81.52999877929688,75.0,80.56999969482422,2161700,0.0,0.0
2025-11-06 00:00:00-05:00,81.0,81.20999908447266,78.11000061035156,78.81999969482422,1573000,0.0,0.0
2025-11-07 00:00:00-05:00,78.56999969482422,79.38999938964844,77.83000183105469,78.9000015258789,1096700,0.0,0.0
2025-11-10 00:00:00-05:00,79.54000091552734,80.33000183105469,79.08999633789062,79.69999694824219,1302800,0.0,0.0
2025-11-11 00:00:00-05:00,79.5,80.19000244140625,79.16999816894531,79.58000183105469,840000,0.0,0.0
2025-11-12 00:00:00-05:00,79.9800033569336,82.5999984741211,79.73999786376953,82.19000244140625,1717000,0.0,0.0
2025-11-13 00:00:00-05:00,81.5,82.55000305175781,76.83000183105469,77.0199966430664,1488100,0.0,0.0
2025-11-14 00:00:00-05:00,76.55000305175781,78.08999633789062,75.58000183105469,77.55999755859375,1190000,0.0,0.0
2025-11-17 00:00:00-05:00,76.83000183105469,77.37000274658203,75.27999877929688,75.55000305175781,1263500,0.0,0.0
2025-11-18 00:00:00-05:00,75.2300033569336,76.08000183105469,74.7699966430664,75.41999816894531,1232200,0.0,0.0
2025-11-19 00:00:00-05:00,75.3499984741211,76.5199966430664,75.26000213623047,75.76000213623047,898600,0.0,0.0
2025-11-20 00:00:00-05:00,77.62999725341797,78.0,74.66000366210938,74.81999969482422,993900,0.0,0.0
2025-11-21 00:00:00-05:00,74.94000244140625,77.37999725341797,74.5,77.02999877929688,1255100,0.0,0.0
2025-11-24 00:00:00-05:00,77.19000244140625,79.44000244140625,77.12000274658203,79.05999755859375,2446100,0.0,0.0
2025-11-25 00:00:00-05:00,79.5,81.66000366210938,79.38999938964844,80.8499984741211,1167900,0.0,0.0
2025-11-26 00:00:00-05:00,80.87000274658203,82.06999969482422,80.62000274658203,81.2699966430664,1024100,0.0,0.0
2025-11-28 00:00:00-05:00,81.80000305175781,81.98999786376953,81.16999816894531,81.41999816894531,446000,0.0,0.0
2025-12-01 00:00:00-05:00,80.5199966430664,82.27999877929688,79.97000122070312,81.66999816894531,1150100,0.0,0.0
2025-12-02 00:00:00-05:00,81.97000122070312,82.72000122070312,81.2699966430664,82.2300033569336,1105500,0.0,0.0
2025-12-03 00:00:00-05:00,82.27999877929688,82.94999694824219,81.43000030517578,82.33999633789062,1305300,0.0,0.0
2025-12-04 00:00:00-05:00,82.19000244140625,83.30999755859375,82.02999877929688,82.30000305175781,1411000,0.0,0.0
2025-12-05 00:00:00-05:00,83.81999969482422,84.41999816894531,82.87999725341797,83.5199966430664,1204200,0.0,0.0
2025-12-08 00:00:00-05:00,83.41999816894531,83.91000366210938,81.33999633789062,81.7699966430664,1389000,0.0,0.0
2025-12-09 00:00:00-05:00,81.38999938964844,82.4000015258789,81.30999755859375,81.44000244140625,1033300,0.0,0.0
2025-12-10 00:00:00-05:00,81.05000305175781,82.93000030517578,80.98999786376953,82.45999908447266,1029700,0.0,0.0
2025-12-11 00:00:00-05:00,81.94000244140625,83.37000274658203,81.41000366210938,83.33999633789062,961600,0.0,0.0
2025-12-12 00:00:00-05:00,83.48999786376953,83.6500015258789,80.04000091552734,80.26000213623047,1268100,0.0,0.0
2025-12-15 00:00:00-05:00,80.7300033569336,81.30999755859375,80.01000213623047,80.16999816894531,1243100,0.0,0.0
2025-12-16 00:00:00-05:00,80.44999694824219,81.33999633789062,79.83999633789062,80.5,1175700,0.0,0.0
2025-12-17 00:00:00-05:00,80.44999694824219,80.87999725341797,78.37999725341797,78.88999938964844,1568800,0.0,0.0
2025-12-18 00:00:00-05:00,79.83000183105469,80.69000244140625,79.37999725341797,79.91000366210938,1611800,0.0,0.0
2025-12-19 00:00:00-05:00,79.68000030517578,81.37999725341797,79.68000030517578,80.87999725341797,3079800,0.0,0.0
2025-12-22 00:00:00-05:00,81.08999633789062,82.29000091552734,80.97000122070312,81.94999694824219,925000,0.0,0.0
2025-12-23 00:00:00-05:00,81.75,82.16999816894531,80.47000122070312,80.5,1598800,0.0,0.0
2025-12-24 00:00:00-05:00,80.66000366210938,80.70999908447266,79.91999816894531,80.01000213623047,513200,0.0,0.0
2025-12-26 00:00:00-05:00,79.9000015258789,80.44000244140625,79.68000030517578,80.19999694824219,603000,0.0,0.0
2025-12-29 00:00:00-05:00,79.95999908447266,80.4800033569336,79.58999633789062,79.98999786376953,872300,0.0,0.0
2025-12-30 00:00:00-05:00,79.73999786376953,79.95999908447266,79.47000122070312,79.55999755859375,804900,0.0,0.0
2025-12-31 00:00:00-05:00,79.44999694824219,79.69000244140625,78.33999633789062,78.3499984741211,1064600,0.0,0.0
2026-01-02 00:00:00-05:00,78.86000061035156,78.94999694824219,76.72000122070312,78.33000183105469,2549700,0.0,0.0
2026-01-05 00:00:00-05:00,78.33999633789062,80.26000213623047,78.33999633789062,79.2699966430664,1715200,0.0,0.0
2026-01-06 00:00:00-05:00,79.0,81.58000183105469,78.62000274658203,81.55000305175781,1288700,0.0,0.0
2026-01-07 00:00:00-05:00,81.55000305175781,81.94999694824219,79.62000274658203,80.18000030517578,1157900,0.0,0.0
2026-01-08 00:00:00-05:00,79.72000122070312,80.1500015258789,79.0999984741211,79.51000213623047,1490200,0.0,0.0
2026-01-09 00:00:00-05:00,79.55999755859375,80.81999969482422,79.55999755859375,80.61000061035156,1163500,0.0,0.0
2026-01-12 00:00:00-05:00,80.06999969482422,81.22000122070312,79.68000030517578,80.80000305175781,881000,0.0,0.0
2026-01-13 00:00:00-05:00,80.87999725341797,81.61000061035156,79.69999694824219,80.23999786376953,1277100,0.0,0.0
2026-01-14 00:00:00-05:00,80.11000061035156,80.44999694824219,78.88999938964844,79.76000213623047,1210700,0.0,0.0
2026-01-15 00:00:00-05:00,80.16999816894531,80.43000030517578,78.47000122070312,78.56999969482422,1724500,0.0,0.0
2026-01-16 00:00:00-05:00,78.45999908447266,78.83000183105469,73.5199966430664,73.88999938964844,3318500,0.0,0.0
2026-01-20 00:00:00-05:00,72.4000015258789,72.97000122070312,69.51000213623047,69.58999633789062,3594700,0.0,0.0
2026-01-21 00:00:00-05:00,70.22000122070312,71.19999694824219,69.26000213623047,70.23999786376953,2970000,0.0,0.0
2026-01-22 00:00:00-05:00,70.69999694824219,71.70999908447266,70.51000213623047,71.4800033569336,2271500,0.0,0.0
2026-01-23 00:00:00-05:00,71.1500015258789,71.62000274658203,70.66999816894531,71.19000244140625,1847800,0.0,0.0
2026-01-26 00:00:00-05:00,71.31999969482422,71.91999816894531,71.0,71.37999725341797,1719200,0.0,0.0
2026-01-27 00:00:00-05:00,71.55000305175781,71.7699966430664,69.97000122070312,70.01000213623047,1805000,0.0,0.0
2026-01-28 00:00:00-05:00,70.20999908447266,70.63999938964844,69.80999755859375,70.06999969482422,2122700,0.0,0.0
2026-01-29 00:00:00-05:00,69.83999633789062,70.5,67.26000213623047,68.37000274658203,3846900,0.0,0.0
2026-01-30 00:00:00-05:00,67.9000015258789,68.26000213623047,67.02999877929688,67.5999984741211,2490700,0.0,0.0
2026-02-02 00:00:00-05:00,68.0999984741211,68.80000305175781,67.54000091552734,67.87999725341797,2325600,0.0,0.0
2026-02-03 00:00:00-05:00,67.87999725341797,68.08000183105469,64.05000305175781,64.62000274658203,2614800,0.0,0.0
2026-02-04 00:00:00-05:00,63.900001525878906,65.66999816894531,63.65999984741211,65.04000091552734,4084200,0.0,0.0
2026-02-05 00:00:00-05:00,64.63999938964844,65.30999755859375,63.52000045776367,63.97999954223633,2034000,0.0,0.0
2026-02-06 00:00:00-05:00,65.11000061035156,66.33000183105469,64.58000183105469,66.1500015258789,1991100,0.0,0.0
2026-02-09 00:00:00-05:00,65.77999877929688,67.5,65.37000274658203,66.93000030517578,2177700,0.0,0.0
2026-02-10 00:00:00-05:00,65.41000366210938,69.04000091552734,64.75,68.87999725341797,4569400,0.0,0.0
2026-02-11 00:00:00-05:00,68.8499984741211,69.2300033569336,64.80999755859375,65.12999725341797,3532200,0.0,0.0
2026-02-12 00:00:00-05:00,65.73999786376953,67.86000061035156,65.12999725341797,66.01000213623047,3542300,0.0,0.0
2026-02-13 00:00:00-05:00,66.25,67.47000122070312,65.87999725341797,66.4000015258789,2889700,0.0,0.0
2026-02-17 00:00:00-05:00,65.55999755859375,66.41999816894531,64.5,65.62999725341797,2879700,0.0,0.0
2026-02-18 00:00:00-05:00,65.63999938964844,67.38999938964844,65.62000274658203,66.91000366210938,1766600,0.0,0.0
2026-02-19 00:00:00-05:00,66.36000061035156,67.44000244140625,65.9800033569336,67.38999938964844,1498900,0.0,0.0
2026-02-20 00:00:00-05:00,67.04000091552734,69.05000305175781,66.94999694824219,67.62000274658203,1472700,0.0,0.0
2026-02-23 00:00:00-05:00,67.01000213623047,67.19000244140625,64.8499984741211,65.41999816894531,1830600,0.0,0.0
2026-02-24 00:00:00-05:00,65.4800033569336,67.38999938964844,65.29000091552734,66.73999786376953,1469500,0.0,0.0
2026-02-25 00:00:00-05:00,67.11000061035156,67.7699966430664,66.22000122070312,67.13999938964844,1276800,0.0,0.0
2026-02-26 00:00:00-05:00,67.62999725341797,68.2699966430664,66.86000061035156,68.2300033569336,1657600,0.0,0.0
2026-02-27 00:00:00-05:00,67.0199966430664,67.2699966430664,65.1500015258789,66.87000274658203,2278000,0.0,0.0
2026-03-02 00:00:00-05:00,65.54000091552734,68.54000091552734,65.54000091552734,68.41000366210938,2354300,0.0,0.0
2026-03-03 00:00:00-05:00,66.86000061035156,69.33999633789062,66.44000244140625,69.16000366210938,2370000,0.0,0.0
2026-03-04 00:00:00-05:00,69.41000366210938,70.06999969482422,69.06999969482422,69.91999816894531,1579300,0.0,0.0
2026-03-05 00:00:00-05:00,69.22000122070312,70.81999969482422,69.06999969482422,70.45999908447266,1946300,0.0,0.0
2026-03-06 00:00:00-05:00,68.97000122070312,70.33000183105469,68.77999877929688,70.08000183105469,2014600,0.0,0.0
2026-03-09 00:00:00-04:00,69.2300033569336,70.76000213623047,67.93000030517578,70.44999694824219,1800700,0.0,0.0
2026-03-10 00:00:00-04:00,70.44999694824219,70.7300033569336,67.91999816894531,68.98999786376953,1431200,0.0,0.0
2026-03-11 00:00:00-04:00,68.91999816894531,69.66999816894531,67.13999938964844,67.5999984741211,1540100,0.0,0.0
2026-03-12 00:00:00-04:00,66.7300033569336,67.80000305175781,65.73999786376953,66.16000366210938,2170100,0.0,0.0
2026-03-13 00:00:00-04:00,66.51000213623047,67.16999816894531,65.56999969482422,66.47000122070312,1412300,0.0,0.0
2026-03-16 00:00:00-04:00,67.31999969482422,67.98999786376953,66.4000015258789,66.5999984741211,1377300,0.0,0.0
2026-03-17 00:00:00-04:00,67.05999755859375,68.41999816894531,66.43000030517578,67.08999633789062,1130100,0.0,0.0
2026-03-18 00:00:00-04:00,66.43000030517578,66.9800033569336,65.23999786376953,65.52999877929688,2391400,0.0,0.0
2026-03-19 00:00:00-04:00,64.94000244140625,67.22000122070312,64.73999786376953,66.68000030517578,2178900,0.0,0.0
2026-03-20 00:00:00-04:00,66.51000213623047,66.51000213623047,65.06999969482422,65.70999908447266,3673400,0.0,0.0
2026-03-23 00:00:00-04:00,67.27999877929688,67.98999786376953,66.79000091552734,66.83000183105469,2078100,0.0,0.0
2026-03-24 00:00:00-04:00,65.98999786376953,65.98999786376953,64.58999633789062,65.37999725341797,2191400,0.0,0.0
2026-03-25 00:00:00-04:00,66.20999908447266,66.75,64.5,65.87000274658203,1417300,0.0,0.0
2026-03-26 00:00:00-04:00,65.4000015258789,66.6500015258789,65.13999938964844,65.44999694824219,1420400,0.0,0.0
2026-03-27 00:00:00-04:00,64.58999633789062,65.37999725341797,62.70000076293945,62.970001220703125,1671300,0.0,0.0
2026-03-30 00:00:00-04:00,63.709999084472656,64.13999938964844,62.0099983215332,62.540000915527344,2366100,0.0,0.0
2026-03-31 00:00:00-04:00,63.0099983215332,65.44000244140625,62.7400016784668,65.2300033569336,1807800,0.0,0.0
2026-04-01 00:00:00-04:00,65.62000274658203,65.91000366210938,63.970001220703125,65.08000183105469,1870500,0.0,0.0
2026-04-02 00:00:00-04:00,64.01000213623047,66.30999755859375,63.7400016784668,65.12000274658203,1268400,0.0,0.0
2026-04-06 00:00:00-04:00,65.06999969482422,65.47000122070312,64.63999938964844,65.06999969482422,1261000,0.0,0.0
2026-04-07 00:00:00-04:00,64.58000183105469,65.02999877929688,63.459999084472656,64.20999908447266,2029800,0.0,0.0
2026-04-08 00:00:00-04:00,67.0,67.7300033569336,66.68000030517578,66.73999786376953,1589500,0.0,0.0
2026-04-09 00:00:00-04:00,66.0999984741211,66.12999725341797,64.25,65.41999816894531,1565700,0.0,0.0
2026-04-10 00:00:00-04:00,65.41999816894531,65.52999877929688,63.77000045776367,64.7699966430664,1640000,0.0,0.0
2026-04-13 00:00:00-04:00,64.58000183105469,67.0,64.37000274658203,66.88999938964844,1940300,0.0,0.0
2026-04-14 00:00:00-04:00,66.94000244140625,67.91999816894531,65.70999908447266,66.51000213623047,1563200,0.0,0.0
2026-04-15 00:00:00-04:00,66.51000213623047,67.48999786376953,66.1500015258789,66.79000091552734,1463800,0.0,0.0
2026-04-16 00:00:00-04:00,67.01000213623047,67.79000091552734,66.72000122070312,67.66999816894531,1576900,0.0,0.0
2026-04-17 00:00:00-04:00,69.55000305175781,70.13999938964844,68.91000366210938,69.29000091552734,1520000,0.0,0.0
2026-04-20 00:00:00-04:00,68.73999786376953,69.81999969482422,68.45999908447266,69.5,1105600,0.0,0.0
2026-04-21 00:00:00-04:00,69.55999755859375,70.80000305175781,68.9000015258789,68.97000122070312,1481900,0.0,0.0
2026-04-22 00:00:00-04:00,69.37999725341797,70.04000091552734,68.62999725341797,69.08999633789062,1121500,0.0,0.0
2026-04-23 00:00:00-04:00,68.0199966430664,68.29000091552734,65.83999633789062,67.04000091552734,1483800,0.0,0.0
2026-04-24 00:00:00-04:00,67.29000091552734,67.56999969482422,66.58000183105469,67.3499984741211,1292200,0.0,0.0
2026-04-27 00:00:00-04:00,67.2300033569336,67.9000015258789,66.48999786376953,67.16999816894531,1627700,0.0,0.0
2026-04-28 00:00:00-04:00,67.30000305175781,67.9800033569336,66.4800033569336,66.63999938964844,1691600,0.0,0.0
2026-04-29 00:00:00-04:00,66.19999694824219,66.54000091552734,65.83000183105469,66.27999877929688,1267000,0.0,0.0
2026-04-30 00:00:00-04:00,66.18000030517578,67.38999938964844,65.63999938964844,67.31999969482422,1698600,0.0,0.0
2026-05-01 00:00:00-04:00,68.56999969482422,68.9000015258789,66.76000213623047,68.41999816894531,2028200,0.0,0.0
2026-05-04 00:00:00-04:00,68.18000030517578,69.05999755859375,67.88999938964844,68.5199966430664,1743600,0.0,0.0
2026-05-05 00:00:00-04:00,68.58000183105469,69.12999725341797,67.72000122070312,68.37000274658203,1614887,0.0,0.0
