Date,Open,High,Low,Close,Volume,Dividends,Stock Splits
2023-10-05 00:00:00-04:00,40.0,114.80000305175781,37.599998474121094,89.5999984741211,931290,0.0,0.0
2023-10-06 00:00:00-04:00,70.5,109.5999984741211,66.0,73.19999694824219,560520,0.0,0.0
2023-10-09 00:00:00-04:00,69.0999984741211,77.9000015258789,63.79999923706055,65.0,38100,0.0,0.0
2023-10-10 00:00:00-04:00,57.70000076293945,57.70000076293945,48.099998474121094,53.099998474121094,38120,0.0,0.0
2023-10-11 00:00:00-04:00,57.099998474121094,57.099998474121094,47.099998474121094,47.599998474121094,13020,0.0,0.0
2023-10-12 00:00:00-04:00,45.79999923706055,53.400001525878906,45.0,50.79999923706055,50770,0.0,0.0
2023-10-13 00:00:00-04:00,53.599998474121094,57.9900016784668,48.0,50.400001525878906,21800,0.0,0.0
2023-10-16 00:00:00-04:00,50.099998474121094,54.599998474121094,48.0,52.29999923706055,24390,0.0,0.0
2023-10-17 00:00:00-04:00,48.099998474121094,54.900001525878906,48.099998474121094,54.900001525878906,13350,0.0,0.0
2023-10-18 00:00:00-04:00,53.400001525878906,66.5999984741211,51.20000076293945,64.5,12500,0.0,0.0
2023-10-19 00:00:00-04:00,65.30000305175781,90.0,65.30000305175781,80.9000015258789,85560,0.0,0.0
2023-10-20 00:00:00-04:00,79.19999694824219,83.0,77.9000015258789,82.5999984741211,5910,0.0,0.0
2023-10-23 00:00:00-04:00,84.5,97.30000305175781,84.3499984741211,92.5,33510,0.0,0.0
2023-10-24 00:00:00-04:00,94.19999694824219,94.69999694824219,84.19999694824219,87.69999694824219,8420,0.0,0.0
2023-10-25 00:00:00-04:00,85.30000305175781,85.30000305175781,80.4000015258789,81.19999694824219,3550,0.0,0.0
2023-10-26 00:00:00-04:00,80.9000015258789,82.5,68.30000305175781,78.0,9150,0.0,0.0
2023-10-27 00:00:00-04:00,78.0,84.4000015258789,75.51000213623047,81.19999694824219,3410,0.0,0.0
2023-10-30 00:00:00-04:00,84.9000015258789,84.98999786376953,80.19999694824219,81.0999984741211,2970,0.0,0.0
2023-10-31 00:00:00-04:00,82.8499984741211,84.5,51.5,56.0,22210,0.0,0.0
2023-11-01 00:00:00-04:00,58.599998474121094,67.5,51.5099983215332,65.4000015258789,35290,0.0,0.0
2023-11-02 00:00:00-04:00,66.9000015258789,80.5999984741211,63.0,79.30000305175781,67850,0.0,0.0
2023-11-03 00:00:00-04:00,77.5999984741211,92.5999984741211,65.80000305175781,72.80000305175781,140880,0.0,0.0
2023-11-06 00:00:00-05:00,70.80000305175781,88.5999984741211,67.5999984741211,86.4000015258789,76730,0.0,0.0
2023-11-07 00:00:00-05:00,86.0999984741211,87.4000015258789,77.4000015258789,82.80000305175781,6810,0.0,0.0
2023-11-08 00:00:00-05:00,80.30000305175781,93.9000015258789,78.19999694824219,87.0999984741211,14670,0.0,0.0
2023-11-09 00:00:00-05:00,84.4000015258789,92.0,83.0999984741211,91.4000015258789,8960,0.0,0.0
2023-11-10 00:00:00-05:00,91.5999984741211,100.48999786376953,88.5,96.4000015258789,17040,0.0,0.0
2023-11-13 00:00:00-05:00,96.19999694824219,102.9000015258789,92.5999984741211,98.30000305175781,8390,0.0,0.0
2023-11-14 00:00:00-05:00,95.4000015258789,102.0,94.0999984741211,100.4000015258789,2220,0.0,0.0
2023-11-15 00:00:00-05:00,104.0,104.0,97.5199966430664,99.4000015258789,2270,0.0,0.0
2023-11-16 00:00:00-05:00,102.9000015258789,102.9000015258789,91.4000015258789,93.1500015258789,2440,0.0,0.0
2023-11-17 00:00:00-05:00,92.5,102.69999694824219,92.01000213623047,98.5,2030,0.0,0.0
2023-11-20 00:00:00-05:00,101.4000015258789,107.19999694824219,79.30000305175781,84.0,56970,0.0,0.0
2023-11-21 00:00:00-05:00,83.9000015258789,91.5,79.5999984741211,83.9000015258789,42690,0.0,0.0
2023-11-22 00:00:00-05:00,84.5,118.5,84.0,108.69999694824219,131080,0.0,0.0
2023-11-24 00:00:00-05:00,97.80000305175781,128.3000030517578,96.0999984741211,124.5,66480,0.0,0.0
2023-11-27 00:00:00-05:00,123.69999694824219,128.89999389648438,114.5999984741211,127.4000015258789,6640,0.0,0.0
2023-11-28 00:00:00-05:00,132.8000030517578,229.6999969482422,124.0999984741211,145.0,426310,0.0,0.0
2023-11-29 00:00:00-05:00,143.89999389648438,150.0,136.91000366210938,150.0,83000,0.0,0.0
2023-11-30 00:00:00-05:00,150.0,160.0,145.0,145.1999969482422,34610,0.0,0.0
2023-12-01 00:00:00-05:00,148.5,154.8000030517578,140.0,142.0,141860,0.0,0.0
2023-12-04 00:00:00-05:00,149.0,169.89999389648438,110.0,128.5,131080,0.0,0.0
2023-12-05 00:00:00-05:00,130.0,149.0,129.60000610351562,142.5,419310,0.0,0.0
2023-12-06 00:00:00-05:00,135.0,139.5,130.0,134.89999389648438,57770,0.0,0.0
2023-12-07 00:00:00-05:00,135.39999389648438,145.89999389648438,135.0,145.0,65510,0.0,0.0
2023-12-08 00:00:00-05:00,144.39999389648438,145.0,112.55000305175781,138.0,428110,0.0,0.0
2023-12-11 00:00:00-05:00,140.0,154.10000610351562,126.0999984741211,145.8000030517578,297630,0.0,0.0
2023-12-12 00:00:00-05:00,145.8000030517578,159.89999389648438,142.10000610351562,147.89999389648438,187530,0.0,0.0
2023-12-13 00:00:00-05:00,147.1999969482422,153.0,146.6999969482422,150.1999969482422,250360,0.0,0.0
2023-12-14 00:00:00-05:00,148.6999969482422,162.0,148.0,152.10000610351562,62650,0.0,0.0
2023-12-15 00:00:00-05:00,153.10000610351562,156.60000610351562,20.5,25.0,516180,0.0,0.0
2023-12-18 00:00:00-05:00,18.799999237060547,23.899999618530273,14.5,23.899999618530273,420230,0.0,0.0
2023-12-19 00:00:00-05:00,21.700000762939453,25.5,20.0,22.299999237060547,147620,0.0,0.0
2023-12-20 00:00:00-05:00,21.700000762939453,21.790000915527344,17.5,18.0,94650,0.0,0.0
2023-12-21 00:00:00-05:00,18.5,18.700000762939453,17.0,17.0,41140,0.0,0.0
2023-12-22 00:00:00-05:00,16.899999618530273,16.899999618530273,15.199999809265137,15.199999809265137,71060,0.0,0.0
2023-12-26 00:00:00-05:00,15.600000381469727,17.5,15.600000381469727,16.299999237060547,57720,0.0,0.0
2023-12-27 00:00:00-05:00,16.799999237060547,17.200000762939453,15.0,15.0,79660,0.0,0.0
2023-12-28 00:00:00-05:00,15.0,15.800000190734863,13.399999618530273,13.800000190734863,68800,0.0,0.0
2023-12-29 00:00:00-05:00,14.199999809265137,14.300000190734863,13.699999809265137,13.699999809265137,18480,0.0,0.0
2024-01-02 00:00:00-05:00,13.5,13.800000190734863,11.699999809265137,11.800000190734863,46690,0.0,0.0
2024-01-03 00:00:00-05:00,11.300000190734863,12.800000190734863,11.199999809265137,12.100000381469727,27890,0.0,0.0
2024-01-04 00:00:00-05:00,11.899999618530273,12.399999618530273,11.300000190734863,11.5,13340,0.0,0.0
2024-01-05 00:00:00-05:00,11.100000381469727,12.170000076293945,11.100000381469727,11.300000190734863,20910,0.0,0.0
2024-01-08 00:00:00-05:00,11.5,12.100000381469727,10.100000381469727,10.199999809265137,31910,0.0,0.0
2024-01-09 00:00:00-05:00,10.300000190734863,10.300000190734863,9.449999809265137,9.649999618530273,24350,0.0,0.0
2024-01-10 00:00:00-05:00,9.789999961853027,10.199999809265137,8.800000190734863,9.0,21890,0.0,0.0
2024-01-11 00:00:00-05:00,9.279999732971191,9.279999732971191,8.649999618530273,9.0,12400,0.0,0.0
2024-01-12 00:00:00-05:00,9.34000015258789,9.34000015258789,8.800000190734863,9.199999809265137,8960,0.0,0.0
2024-01-16 00:00:00-05:00,8.819999694824219,9.100000381469727,8.649999618530273,8.649999618530273,8470,0.0,0.0
2024-01-17 00:00:00-05:00,8.699999809265137,8.90999984741211,8.239999771118164,8.25,9440,0.0,0.0
2024-01-18 00:00:00-05:00,8.470000267028809,8.479999542236328,7.570000171661377,7.570000171661377,14500,0.0,0.0
2024-01-19 00:00:00-05:00,7.800000190734863,8.0,7.300000190734863,7.400000095367432,13120,0.0,0.0
2024-01-22 00:00:00-05:00,7.400000095367432,7.460000038146973,6.769999980926514,7.300000190734863,30220,0.0,0.0
2024-01-23 00:00:00-05:00,7.099999904632568,7.369999885559082,7.0,7.349999904632568,9000,0.0,0.0
2024-01-24 00:00:00-05:00,7.269999980926514,7.699999809265137,7.110000133514404,7.699999809265137,8220,0.0,0.0
2024-01-25 00:00:00-05:00,7.699999809265137,8.579999923706055,7.5,8.510000228881836,17630,0.0,0.0
2024-01-26 00:00:00-05:00,9.100000381469727,10.300000190734863,8.869999885559082,10.0,25330,0.0,0.0
2024-01-29 00:00:00-05:00,9.800000190734863,10.199999809265137,9.100000381469727,9.34000015258789,9700,0.0,0.0
2024-01-30 00:00:00-05:00,9.050000190734863,9.699999809265137,8.550000190734863,8.760000228881836,8260,0.0,0.0
2024-01-31 00:00:00-05:00,8.850000381469727,9.329999923706055,8.649999618530273,8.949999809265137,3520,0.0,0.0
2024-02-01 00:00:00-05:00,8.970000267028809,9.430000305175781,8.699999809265137,9.109999656677246,8260,0.0,0.0
2024-02-02 00:00:00-05:00,8.760000228881836,10.300000190734863,8.760000228881836,9.369999885559082,15430,0.0,0.0
2024-02-05 00:00:00-05:00,9.020000457763672,9.800000190734863,8.680000305175781,8.680000305175781,10850,0.0,0.0
2024-02-06 00:00:00-05:00,8.899999618530273,9.239999771118164,8.40999984741211,8.800000190734863,6900,0.0,0.0
2024-02-07 00:00:00-05:00,8.800000190734863,9.899999618530273,8.800000190734863,9.800000190734863,15110,0.0,0.0
2024-02-08 00:00:00-05:00,10.300000190734863,11.5,9.399999618530273,11.0,57230,0.0,0.0
2024-02-09 00:00:00-05:00,12.0,17.799999237060547,10.75,15.600000381469727,322880,0.0,0.0
2024-02-12 00:00:00-05:00,14.800000190734863,19.799999237060547,14.800000190734863,18.0,196000,0.0,0.0
2024-02-13 00:00:00-05:00,18.0,18.0,15.0,15.300000190734863,37730,0.0,0.0
2024-02-14 00:00:00-05:00,18.100000381469727,18.100000381469727,15.399999618530273,17.799999237060547,47580,0.0,0.0
2024-02-15 00:00:00-05:00,17.200000762939453,17.5,16.399999618530273,16.700000762939453,26490,0.0,0.0
2024-02-16 00:00:00-05:00,17.0,19.799999237060547,16.299999237060547,19.200000762939453,44830,0.0,0.0
2024-02-20 00:00:00-05:00,19.200000762939453,19.600000381469727,17.0,17.0,28660,0.0,0.0
2024-02-21 00:00:00-05:00,17.899999618530273,18.0,16.5,16.600000381469727,10230,0.0,0.0
2024-02-22 00:00:00-05:00,16.899999618530273,17.5,13.699999809265137,14.0,20070,0.0,0.0
2024-02-23 00:00:00-05:00,14.399999618530273,14.699999809265137,12.319999694824219,12.699999809265137,12650,0.0,0.0
2024-02-26 00:00:00-05:00,13.300000190734863,16.600000381469727,13.0,16.0,28380,0.0,0.0
2024-02-27 00:00:00-05:00,15.5,16.399999618530273,15.399999618530273,15.800000190734863,7740,0.0,0.0
2024-02-28 00:00:00-05:00,15.899999618530273,16.799999237060547,15.600000381469727,16.100000381469727,5200,0.0,0.0
2024-02-29 00:00:00-05:00,16.200000762939453,16.299999237060547,15.100000381469727,15.300000190734863,3400,0.0,0.0
2024-03-01 00:00:00-05:00,15.699999809265137,15.800000190734863,14.699999809265137,15.300000190734863,7000,0.0,0.0
2024-03-04 00:00:00-05:00,15.100000381469727,16.5,14.899999618530273,16.0,7560,0.0,0.0
2024-03-05 00:00:00-05:00,15.5,16.0,15.100000381469727,15.699999809265137,10150,0.0,0.0
2024-03-06 00:00:00-05:00,15.800000190734863,16.5,15.800000190734863,16.5,10430,0.0,0.0
2024-03-07 00:00:00-05:00,16.299999237060547,16.399999618530273,15.399999618530273,15.800000190734863,10550,0.0,0.0
2024-03-08 00:00:00-05:00,15.899999618530273,15.899999618530273,14.0,14.300000190734863,14340,0.0,0.0
2024-03-11 00:00:00-04:00,14.699999809265137,15.199999809265137,14.300000190734863,14.699999809265137,3350,0.0,0.0
2024-03-12 00:00:00-04:00,14.699999809265137,15.079999923706055,13.0,14.800000190734863,3860,0.0,0.0
2024-03-13 00:00:00-04:00,13.0,14.319999694824219,13.0,13.800000190734863,19320,0.0,0.0
2024-03-14 00:00:00-04:00,13.899999618530273,13.899999618530273,11.699999809265137,12.800000190734863,6160,0.0,0.0
2024-03-15 00:00:00-04:00,12.600000381469727,12.800000190734863,11.449999809265137,12.300000190734863,13720,0.0,0.0
2024-03-18 00:00:00-04:00,12.600000381469727,13.0,12.0,12.0,18800,0.0,0.0
2024-03-19 00:00:00-04:00,12.0,12.800000190734863,10.800000190734863,11.800000190734863,6630,0.0,0.0
2024-03-20 00:00:00-04:00,11.899999618530273,16.299999237060547,11.899999618530273,15.5,25100,0.0,0.0
2024-03-21 00:00:00-04:00,14.300000190734863,15.5,13.300000190734863,13.300000190734863,13760,0.0,0.0
2024-03-22 00:00:00-04:00,13.300000190734863,14.550000190734863,13.300000190734863,14.300000190734863,12690,0.0,0.0
2024-03-25 00:00:00-04:00,13.899999618530273,14.5,13.100000381469727,14.5,6070,0.0,0.0
2024-03-26 00:00:00-04:00,14.75,15.0,13.300000190734863,14.100000381469727,5320,0.0,0.0
2024-03-27 00:00:00-04:00,14.199999809265137,14.300000190734863,13.399999618530273,13.899999618530273,2710,0.0,0.0
2024-03-28 00:00:00-04:00,14.199999809265137,14.199999809265137,13.100000381469727,13.600000381469727,6990,0.0,0.0
2024-04-01 00:00:00-04:00,13.699999809265137,14.300000190734863,12.699999809265137,13.100000381469727,6910,0.0,0.0
2024-04-02 00:00:00-04:00,12.800000190734863,13.199999809265137,12.100000381469727,12.399999618530273,7710,0.0,0.0
2024-04-03 00:00:00-04:00,12.399999618530273,13.5,12.300000190734863,12.600000381469727,4500,0.0,0.0
2024-04-04 00:00:00-04:00,13.600000381469727,14.399999618530273,12.199999809265137,12.600000381469727,21130,0.0,0.0
2024-04-05 00:00:00-04:00,12.600000381469727,13.399999618530273,12.600000381469727,13.199999809265137,6120,0.0,0.0
2024-04-08 00:00:00-04:00,13.5,13.5,13.0,13.5,3160,0.0,0.0
2024-04-09 00:00:00-04:00,13.399999618530273,13.5,13.100000381469727,13.5,2100,0.0,0.0
2024-04-10 00:00:00-04:00,13.300000190734863,13.399999618530273,12.699999809265137,13.100000381469727,680,0.0,0.0
2024-04-11 00:00:00-04:00,13.199999809265137,13.199999809265137,11.899999618530273,12.0,7070,0.0,0.0
2024-04-12 00:00:00-04:00,12.699999809265137,12.800000190734863,11.5,12.300000190734863,5880,0.0,0.0
2024-04-15 00:00:00-04:00,12.300000190734863,12.399999618530273,11.449999809265137,11.699999809265137,4850,0.0,0.0
2024-04-16 00:00:00-04:00,11.5,11.800000190734863,11.100000381469727,11.800000190734863,2400,0.0,0.0
2024-04-17 00:00:00-04:00,11.600000381469727,12.0,11.399999618530273,12.0,1480,0.0,0.0
2024-04-18 00:00:00-04:00,13.100000381469727,13.100000381469727,12.130000114440918,12.199999809265137,2270,0.0,0.0
2024-04-19 00:00:00-04:00,12.199999809265137,13.0,11.699999809265137,12.100000381469727,3150,0.0,0.0
2024-04-22 00:00:00-04:00,11.800000190734863,12.0,11.399999618530273,11.800000190734863,1880,0.0,0.0
2024-04-23 00:00:00-04:00,12.0,12.5,11.65999984741211,12.5,1090,0.0,0.0
2024-04-24 00:00:00-04:00,11.699999809265137,12.0,11.399999618530273,11.699999809265137,1390,0.0,0.0
2024-04-25 00:00:00-04:00,11.600000381469727,11.600000381469727,11.0,11.0,4380,0.0,0.0
2024-04-26 00:00:00-04:00,11.0,11.399999618530273,10.5,11.0,2500,0.0,0.0
2024-04-29 00:00:00-04:00,10.899999618530273,10.989999771118164,10.399999618530273,10.600000381469727,3180,0.0,0.0
2024-04-30 00:00:00-04:00,10.600000381469727,10.899999618530273,10.600000381469727,10.699999809265137,1420,0.0,0.0
2024-05-01 00:00:00-04:00,10.5,10.800000190734863,10.100000381469727,10.399999618530273,1770,0.0,0.0
2024-05-02 00:00:00-04:00,10.699999809265137,10.699999809265137,10.100000381469727,10.399999618530273,1330,0.0,0.0
2024-05-03 00:00:00-04:00,10.699999809265137,11.100000381469727,10.399999618530273,10.800000190734863,5450,0.0,0.0
2024-05-06 00:00:00-04:00,10.800000190734863,14.0,10.800000190734863,13.100000381469727,14720,0.0,0.0
2024-05-07 00:00:00-04:00,13.100000381469727,13.100000381469727,11.600000381469727,11.800000190734863,4330,0.0,0.0
2024-05-08 00:00:00-04:00,11.899999618530273,12.300000190734863,11.229999542236328,12.300000190734863,8000,0.0,0.0
2024-05-09 00:00:00-04:00,12.300000190734863,12.300000190734863,12.0,12.0,1660,0.0,0.0
2024-05-10 00:00:00-04:00,11.800000190734863,12.699999809265137,11.399999618530273,11.899999618530273,6510,0.0,0.0
2024-05-13 00:00:00-04:00,12.050000190734863,12.180000305175781,10.859999656677246,11.199999809265137,1910,0.0,0.0
2024-05-14 00:00:00-04:00,10.899999618530273,12.5,10.899999618530273,12.399999618530273,6340,0.0,0.0
2024-05-15 00:00:00-04:00,12.199999809265137,12.329999923706055,11.399999618530273,12.0,870,0.0,0.0
2024-05-16 00:00:00-04:00,11.699999809265137,12.399999618530273,11.699999809265137,12.100000381469727,1610,0.0,0.0
2024-05-17 00:00:00-04:00,12.699999809265137,12.699999809265137,10.699999809265137,11.699999809265137,2080,0.0,0.0
2024-05-20 00:00:00-04:00,11.800000190734863,12.199999809265137,11.800000190734863,11.800000190734863,2970,0.0,0.0
2024-05-21 00:00:00-04:00,12.199999809265137,12.199999809265137,11.100000381469727,11.399999618530273,2120,0.0,0.0
2024-05-22 00:00:00-04:00,11.449999809265137,11.449999809265137,10.100000381469727,10.5,5760,0.0,0.0
2024-05-23 00:00:00-04:00,10.699999809265137,11.100000381469727,10.5,10.800000190734863,430,0.0,0.0
2024-05-24 00:00:00-04:00,10.5,10.960000038146973,10.5,10.899999618530273,500,0.0,0.0
2024-05-28 00:00:00-04:00,10.899999618530273,11.199999809265137,10.699999809265137,11.100000381469727,3810,0.0,0.0
2024-05-29 00:00:00-04:00,11.199999809265137,11.199999809265137,10.5,10.699999809265137,2470,0.0,0.0
2024-05-30 00:00:00-04:00,11.199999809265137,11.300000190734863,10.399999618530273,10.899999618530273,8940,0.0,0.0
2024-05-31 00:00:00-04:00,11.0,12.0,11.0,11.100000381469727,3160,0.0,0.0
2024-06-03 00:00:00-04:00,10.90999984741211,12.300000190734863,10.90999984741211,11.899999618530273,2050,0.0,0.0
2024-06-04 00:00:00-04:00,11.0,13.0,11.0,12.050000190734863,8080,0.0,0.0
2024-06-05 00:00:00-04:00,11.899999618530273,12.5,11.0,11.399999618530273,4690,0.0,0.0
2024-06-06 00:00:00-04:00,11.0,11.899999618530273,11.0,11.399999618530273,3450,0.0,0.0
2024-06-07 00:00:00-04:00,11.199999809265137,11.600000381469727,11.199999809265137,11.5,1550,0.0,0.0
2024-06-10 00:00:00-04:00,11.600000381469727,12.5,11.300000190734863,12.0,7170,0.0,0.0
2024-06-11 00:00:00-04:00,11.899999618530273,12.100000381469727,11.800000190734863,12.100000381469727,2050,0.0,0.0
2024-06-12 00:00:00-04:00,12.100000381469727,14.199999809265137,12.0,14.0,17170,0.0,0.0
2024-06-13 00:00:00-04:00,13.300000190734863,14.399999618530273,13.199999809265137,14.199999809265137,12720,0.0,0.0
2024-06-14 00:00:00-04:00,13.899999618530273,13.899999618530273,12.100000381469727,13.5,9600,0.0,0.0
2024-06-17 00:00:00-04:00,14.100000381469727,15.100000381469727,13.100000381469727,13.899999618530273,9760,0.0,0.0
2024-06-18 00:00:00-04:00,14.899999618530273,14.899999618530273,13.199999809265137,13.199999809265137,2390,0.0,0.0
2024-06-20 00:00:00-04:00,12.600000381469727,13.600000381469727,12.300000190734863,12.699999809265137,3540,0.0,0.0
2024-06-21 00:00:00-04:00,13.199999809265137,14.5,12.699999809265137,14.5,5880,0.0,0.0
2024-06-24 00:00:00-04:00,14.300000190734863,14.300000190734863,13.3100004196167,13.600000381469727,1090,0.0,0.0
2024-06-25 00:00:00-04:00,13.5,13.699999809265137,13.199999809265137,13.699999809265137,790,0.0,0.0
2024-06-26 00:00:00-04:00,13.600000381469727,14.300000190734863,12.479999542236328,14.100000381469727,4460,0.0,0.0
2024-06-27 00:00:00-04:00,14.100000381469727,14.779999732971191,13.800000190734863,14.5,6010,0.0,0.0
2024-06-28 00:00:00-04:00,14.0,14.5,13.199999809265137,13.199999809265137,6740,0.0,0.0
2024-07-01 00:00:00-04:00,13.800000190734863,13.800000190734863,13.100000381469727,13.199999809265137,3280,0.0,0.0
2024-07-02 00:00:00-04:00,13.300000190734863,13.600000381469727,13.0,13.199999809265137,2640,0.0,0.0
2024-07-03 00:00:00-04:00,13.100000381469727,13.399999618530273,13.0,13.199999809265137,740,0.0,0.0
2024-07-05 00:00:00-04:00,13.25,13.800000190734863,13.100000381469727,13.100000381469727,4300,0.0,0.0
2024-07-08 00:00:00-04:00,13.0,13.5,13.0,13.0,2250,0.0,0.0
2024-07-09 00:00:00-04:00,13.25,13.5,13.0,13.100000381469727,6420,0.0,0.0
2024-07-10 00:00:00-04:00,13.050000190734863,13.100000381469727,12.5,13.0,3200,0.0,0.0
2024-07-11 00:00:00-04:00,12.899999618530273,12.899999618530273,12.600000381469727,12.800000190734863,2140,0.0,0.0
2024-07-12 00:00:00-04:00,12.600000381469727,13.0,12.5,13.0,2780,0.0,0.0
2024-07-15 00:00:00-04:00,13.800000190734863,13.800000190734863,12.5,12.899999618530273,1680,0.0,0.0
2024-07-16 00:00:00-04:00,12.600000381469727,12.600000381469727,11.5,11.699999809265137,6580,0.0,0.0
2024-07-17 00:00:00-04:00,11.899999618530273,11.899999618530273,11.5,11.600000381469727,1020,0.0,0.0
2024-07-18 00:00:00-04:00,11.600000381469727,11.699999809265137,11.5,11.600000381469727,1130,0.0,0.0
2024-07-19 00:00:00-04:00,11.5,11.600000381469727,11.300000190734863,11.300000190734863,870,0.0,0.0
2024-07-22 00:00:00-04:00,11.300000190734863,11.300000190734863,10.899999618530273,11.0,1280,0.0,0.0
2024-07-23 00:00:00-04:00,11.300000190734863,11.399999618530273,11.0,11.319999694824219,1580,0.0,0.0
2024-07-24 00:00:00-04:00,11.489999771118164,11.5,11.100000381469727,11.100000381469727,640,0.0,0.0
2024-07-25 00:00:00-04:00,11.100000381469727,11.199999809265137,11.0,11.0,860,0.0,0.0
2024-07-26 00:00:00-04:00,11.449999809265137,11.699999809265137,11.0,11.300000190734863,2390,0.0,0.0
2024-07-29 00:00:00-04:00,11.0,11.300000190734863,10.899999618530273,10.899999618530273,3540,0.0,0.0
2024-07-30 00:00:00-04:00,10.899999618530273,11.100000381469727,10.899999618530273,11.0,470,0.0,0.0
2024-07-31 00:00:00-04:00,10.899999618530273,10.899999618530273,10.699999809265137,10.699999809265137,2040,0.0,0.0
2024-08-01 00:00:00-04:00,11.199999809265137,11.300000190734863,10.600000381469727,10.600000381469727,1360,0.0,0.0
2024-08-02 00:00:00-04:00,10.5,10.550000190734863,10.0,10.0,2730,0.0,0.0
2024-08-05 00:00:00-04:00,9.5,9.5,8.630000114440918,9.0,1590,0.0,0.0
2024-08-06 00:00:00-04:00,9.899999618530273,10.199999809265137,9.119999885559082,9.600000381469727,1580,0.0,0.0
2024-08-07 00:00:00-04:00,9.550000190734863,9.550000190734863,9.010000228881836,9.010000228881836,760,0.0,0.0
2024-08-08 00:00:00-04:00,9.699999809265137,10.0,9.100000381469727,9.100000381469727,1450,0.0,0.0
2024-08-09 00:00:00-04:00,9.199999809265137,9.4399995803833,9.0,9.430000305175781,1400,0.0,0.0
2024-08-12 00:00:00-04:00,9.350000381469727,9.449999809265137,9.100000381469727,9.100000381469727,3580,0.0,0.0
2024-08-13 00:00:00-04:00,9.029999732971191,9.34000015258789,9.020000457763672,9.020000457763672,800,0.0,0.0
2024-08-14 00:00:00-04:00,9.0,9.0,7.0,7.599999904632568,5870,0.0,0.0
2024-08-15 00:00:00-04:00,7.599999904632568,9.449999809265137,7.599999904632568,8.899999618530273,7830,0.0,0.0
2024-08-16 00:00:00-04:00,9.670000076293945,12.600000381469727,6.010000228881836,6.659999847412109,216000,0.0,0.0
2024-08-19 00:00:00-04:00,6.860000133514404,7.429999828338623,6.829999923706055,7.199999809265137,15320,0.0,0.0
2024-08-20 00:00:00-04:00,7.050000190734863,7.199999809265137,6.599999904632568,6.800000190734863,9130,0.0,0.0
2024-08-21 00:00:00-04:00,6.800000190734863,6.800000190734863,6.5,6.760000228881836,5480,0.0,0.0
2024-08-22 00:00:00-04:00,6.78000020980835,6.900000095367432,6.599999904632568,6.78000020980835,2670,0.0,0.0
2024-08-23 00:00:00-04:00,6.699999809265137,6.800000190734863,6.599999904632568,6.599999904632568,5100,0.0,0.0
2024-08-26 00:00:00-04:00,6.599999904632568,6.659999847412109,6.449999809265137,6.489999771118164,3430,0.0,0.0
2024-08-27 00:00:00-04:00,6.599999904632568,6.599999904632568,6.460000038146973,6.460000038146973,1370,0.0,0.0
2024-08-28 00:00:00-04:00,6.400000095367432,6.800000190734863,6.400000095367432,6.75,4980,0.0,0.0
2024-08-29 00:00:00-04:00,6.889999866485596,7.5,6.650000095367432,7.159999847412109,6600,0.0,0.0
2024-08-30 00:00:00-04:00,7.099999904632568,12.0,7.099999904632568,9.199999809265137,362370,0.0,0.0
2024-09-03 00:00:00-04:00,8.319999694824219,10.800000190734863,8.319999694824219,9.960000038146973,76210,0.0,0.0
2024-09-04 00:00:00-04:00,9.649999618530273,9.789999961853027,8.880000114440918,9.399999618530273,12430,0.0,0.0
2024-09-05 00:00:00-04:00,9.300000190734863,9.390000343322754,8.119999885559082,8.199999809265137,9650,0.0,0.0
2024-09-06 00:00:00-04:00,8.210000038146973,8.800000190734863,7.400000095367432,7.5,5690,0.0,0.0
2024-09-09 00:00:00-04:00,7.699999809265137,9.0,7.699999809265137,8.039999961853027,1880,0.0,0.0
2024-09-10 00:00:00-04:00,8.199999809265137,8.359999656677246,7.320000171661377,7.5,1600,0.0,0.0
2024-09-11 00:00:00-04:00,7.5,7.5,7.050000190734863,7.380000114440918,2740,0.0,0.0
2024-09-12 00:00:00-04:00,7.380000114440918,8.430000305175781,7.380000114440918,7.380000114440918,1470,0.0,0.0
2024-09-13 00:00:00-04:00,8.399999618530273,8.399999618530273,7.380000114440918,7.409999847412109,1200,0.0,0.0
2024-09-16 00:00:00-04:00,7.78000020980835,9.699999809265137,7.78000020980835,9.199999809265137,10670,0.0,0.0
2024-09-17 00:00:00-04:00,9.350000381469727,9.550000190734863,8.220000267028809,8.229999542236328,4640,0.0,0.0
2024-09-18 00:00:00-04:00,8.5,9.529999732971191,8.100000381469727,8.119999885559082,5920,0.0,0.0
2024-09-19 00:00:00-04:00,8.529999732971191,9.079999923706055,7.610000133514404,8.0,5870,0.0,0.0
2024-09-20 00:00:00-04:00,7.800000190734863,8.399999618530273,7.610000133514404,7.800000190734863,2540,0.0,0.0
2024-09-23 00:00:00-04:00,7.599999904632568,7.949999809265137,6.800000190734863,7.150000095367432,1230830,0.0,0.0
2024-09-24 00:00:00-04:00,16.899999618530273,18.899999618530273,12.699999809265137,15.899999618530273,10171560,0.0,0.0
2024-09-25 00:00:00-04:00,15.0,15.0,12.899999618530273,12.899999618530273,349370,0.0,0.0
2024-09-26 00:00:00-04:00,13.199999809265137,16.0,12.199999809265137,13.0,211040,0.0,0.0
2024-09-27 00:00:00-04:00,13.199999809265137,15.0,13.199999809265137,14.199999809265137,76670,0.0,0.0
2024-09-30 00:00:00-04:00,14.100000381469727,16.5,13.75,14.800000190734863,98730,0.0,0.0
2024-10-01 00:00:00-04:00,14.899999618530273,15.800000190734863,13.300000190734863,13.699999809265137,39590,0.0,0.0
2024-10-02 00:00:00-04:00,13.5,14.600000381469727,13.300000190734863,13.300000190734863,21250,0.0,0.0
2024-10-03 00:00:00-04:00,13.300000190734863,13.350000381469727,12.100000381469727,12.199999809265137,15850,0.0,0.0
2024-10-04 00:00:00-04:00,12.100000381469727,13.899999618530273,11.800000190734863,13.0,29910,0.0,0.0
2024-10-07 00:00:00-04:00,13.0,14.5,12.800000190734863,14.100000381469727,18750,0.0,0.0
2024-10-08 00:00:00-04:00,14.0,14.489999771118164,13.0,13.399999618530273,15380,0.0,0.0
2024-10-09 00:00:00-04:00,13.100000381469727,13.5,11.899999618530273,12.5,10790,0.0,0.0
2024-10-10 00:00:00-04:00,12.5,13.0,12.5,12.5,6540,0.0,0.0
2024-10-11 00:00:00-04:00,12.800000190734863,13.100000381469727,11.5,12.0,8650,0.0,0.0
2024-10-14 00:00:00-04:00,12.100000381469727,12.199999809265137,11.100000381469727,11.600000381469727,9350,0.0,0.0
2024-10-15 00:00:00-04:00,11.399999618530273,11.890000343322754,11.199999809265137,11.199999809265137,5980,0.0,0.0
2024-10-16 00:00:00-04:00,11.199999809265137,11.399999618530273,10.699999809265137,11.199999809265137,7410,0.0,0.0
2024-10-17 00:00:00-04:00,11.0,11.399999618530273,10.0,10.600000381469727,6770,0.0,0.0
2024-10-18 00:00:00-04:00,11.100000381469727,11.699999809265137,10.5,11.699999809265137,9560,0.0,0.0
2024-10-21 00:00:00-04:00,11.399999618530273,11.399999618530273,10.5,11.0,6540,0.0,0.0
2024-10-22 00:00:00-04:00,11.0,11.239999771118164,10.600000381469727,11.0,5730,0.0,0.0
2024-10-23 00:00:00-04:00,11.199999809265137,11.199999809265137,10.0,10.199999809265137,11990,0.0,0.0
2024-10-24 00:00:00-04:00,10.100000381469727,10.5,9.75,10.100000381469727,5290,0.0,0.0
2024-10-25 00:00:00-04:00,9.670000076293945,10.029999732971191,9.600000381469727,9.84000015258789,3700,0.0,0.0
2024-10-28 00:00:00-04:00,9.699999809265137,9.850000381469727,9.5,9.699999809265137,1780,0.0,0.0
2024-10-29 00:00:00-04:00,9.699999809265137,9.800000190734863,8.539999961853027,8.869999885559082,7820,0.0,0.0
2024-10-30 00:00:00-04:00,8.949999809265137,9.680000305175781,8.800000190734863,9.149999618530273,4760,0.0,0.0
2024-10-31 00:00:00-04:00,9.100000381469727,9.600000381469727,8.869999885559082,9.0,920,0.0,0.0
2024-11-01 00:00:00-04:00,8.800000190734863,9.050000190734863,8.800000190734863,9.050000190734863,2580,0.0,0.0
2024-11-04 00:00:00-05:00,8.819999694824219,9.380000114440918,8.819999694824219,9.199999809265137,2090,0.0,0.0
2024-11-05 00:00:00-05:00,9.399999618530273,9.710000038146973,9.199999809265137,9.600000381469727,3880,0.0,0.0
2024-11-06 00:00:00-05:00,9.699999809265137,10.399999618530273,9.1899995803833,10.100000381469727,2900,0.0,0.0
2024-11-07 00:00:00-05:00,9.850000381469727,11.399999618530273,9.850000381469727,10.5,4240,0.0,0.0
2024-11-08 00:00:00-05:00,10.5,10.550000190734863,9.0,9.869999885559082,3790,0.0,0.0
2024-11-11 00:00:00-05:00,9.859999656677246,10.430000305175781,9.859999656677246,10.100000381469727,1880,0.0,0.0
2024-11-12 00:00:00-05:00,10.0,10.300000190734863,10.0,10.100000381469727,1810,0.0,0.0
2024-11-13 00:00:00-05:00,10.100000381469727,10.100000381469727,9.399999618530273,9.899999618530273,5640,0.0,0.0
2024-11-14 00:00:00-05:00,9.899999618530273,10.100000381469727,9.600000381469727,9.800000190734863,3390,0.0,0.0
2024-11-15 00:00:00-05:00,9.800000190734863,9.979999542236328,9.800000190734863,9.850000381469727,1680,0.0,0.0
2024-11-18 00:00:00-05:00,10.0,10.100000381469727,9.699999809265137,10.0,1520,0.0,0.0
2024-11-19 00:00:00-05:00,9.949999809265137,10.100000381469727,9.699999809265137,9.699999809265137,1540,0.0,0.0
2024-11-20 00:00:00-05:00,9.699999809265137,9.800000190734863,9.399999618530273,9.550000190734863,1550,0.0,0.0
2024-11-21 00:00:00-05:00,10.0,10.0,9.399999618530273,9.800000190734863,690,0.0,0.0
2024-11-22 00:00:00-05:00,9.5,9.800000190734863,9.300000190734863,9.300000190734863,1420,0.0,0.0
2024-11-25 00:00:00-05:00,9.300000190734863,9.850000381469727,9.300000190734863,9.600000381469727,4480,0.0,0.0
2024-11-26 00:00:00-05:00,9.600000381469727,9.800000190734863,9.300000190734863,9.550000190734863,1190,0.0,0.0
2024-11-27 00:00:00-05:00,9.399999618530273,9.680000305175781,9.199999809265137,9.199999809265137,2000,0.0,0.0
2024-11-29 00:00:00-05:00,9.199999809265137,9.800000190734863,9.199999809265137,9.399999618530273,2410,0.0,0.0
2024-12-02 00:00:00-05:00,9.399999618530273,9.600000381469727,9.300000190734863,9.600000381469727,930,0.0,0.0
2024-12-03 00:00:00-05:00,9.300000190734863,9.899999618530273,8.819999694824219,9.579999923706055,3460,0.0,0.0
2024-12-04 00:00:00-05:00,9.579999923706055,9.800000190734863,9.199999809265137,9.600000381469727,1320,0.0,0.0
2024-12-05 00:00:00-05:00,9.40999984741211,9.600000381469727,8.979999542236328,9.0,3760,0.0,0.0
2024-12-06 00:00:00-05:00,9.100000381469727,9.59000015258789,9.100000381469727,9.5,890,0.0,0.0
2024-12-09 00:00:00-05:00,9.5,10.399999618530273,9.300000190734863,9.510000228881836,6180,0.0,0.0
2024-12-10 00:00:00-05:00,9.600000381469727,9.8100004196167,9.510000228881836,9.8100004196167,960,0.0,0.0
2024-12-11 00:00:00-05:00,10.0,10.5,10.0,10.199999809265137,1890,0.0,0.0
2024-12-12 00:00:00-05:00,10.4399995803833,12.100000381469727,10.399999618530273,10.399999618530273,6090,0.0,0.0
2024-12-13 00:00:00-05:00,10.600000381469727,10.600000381469727,9.5,9.710000038146973,3980,0.0,0.0
2024-12-16 00:00:00-05:00,10.0,10.399999618530273,9.760000228881836,10.199999809265137,239910,0.0,0.0
2024-12-17 00:00:00-05:00,13.699999809265137,17.399999618530273,11.399999618530273,11.600000381469727,1907180,0.0,0.0
2024-12-18 00:00:00-05:00,12.199999809265137,13.5,10.399999618530273,12.100000381469727,183750,0.0,0.0
2024-12-19 00:00:00-05:00,12.0,13.0,10.649999618530273,10.699999809265137,62590,0.0,0.0
2024-12-20 00:00:00-05:00,10.800000190734863,12.399999618530273,10.800000190734863,11.800000190734863,49920,0.0,0.0
2024-12-23 00:00:00-05:00,12.100000381469727,12.100000381469727,11.0,11.100000381469727,15070,0.0,0.0
2024-12-24 00:00:00-05:00,10.800000190734863,11.600000381469727,10.800000190734863,11.100000381469727,21020,0.0,0.0
2024-12-26 00:00:00-05:00,11.100000381469727,12.0,10.399999618530273,11.600000381469727,18580,0.0,0.0
2024-12-27 00:00:00-05:00,11.600000381469727,12.800000190734863,11.5,12.5,24710,0.0,0.0
2024-12-30 00:00:00-05:00,12.100000381469727,12.899999618530273,12.0,12.300000190734863,16490,0.0,0.0
2024-12-31 00:00:00-05:00,12.5,12.600000381469727,11.800000190734863,12.199999809265137,13740,0.0,0.0
2025-01-02 00:00:00-05:00,12.300000190734863,12.800000190734863,11.699999809265137,12.399999618530273,11580,0.0,0.0
2025-01-03 00:00:00-05:00,12.800000190734863,13.199999809265137,12.0,13.0,11690,0.0,0.0
2025-01-06 00:00:00-05:00,13.399999618530273,20.799999237060547,12.829999923706055,17.5,520540,0.0,0.0
2025-01-07 00:00:00-05:00,16.600000381469727,17.0,13.199999809265137,13.350000381469727,80580,0.0,0.0
2025-01-08 00:00:00-05:00,13.300000190734863,13.5,12.0,12.899999618530273,26420,0.0,0.0
2025-01-10 00:00:00-05:00,12.5,13.800000190734863,12.199999809265137,12.300000190734863,8030,0.0,0.0
2025-01-13 00:00:00-05:00,12.399999618530273,12.399999618530273,11.0,11.300000190734863,17160,0.0,0.0
2025-01-14 00:00:00-05:00,11.800000190734863,11.800000190734863,10.100000381469727,10.800000190734863,9650,0.0,0.0
2025-01-15 00:00:00-05:00,11.100000381469727,11.100000381469727,10.5,10.699999809265137,5400,0.0,0.0
2025-01-16 00:00:00-05:00,10.899999618530273,11.300000190734863,10.5,10.600000381469727,8940,0.0,0.0
2025-01-17 00:00:00-05:00,11.300000190734863,11.300000190734863,10.600000381469727,10.800000190734863,6430,0.0,0.0
2025-01-21 00:00:00-05:00,11.199999809265137,11.760000228881836,11.0,11.399999618530273,7590,0.0,0.0
2025-01-22 00:00:00-05:00,11.199999809265137,11.300000190734863,10.800000190734863,11.100000381469727,7560,0.0,0.0
2025-01-23 00:00:00-05:00,11.0,11.300000190734863,10.800000190734863,11.300000190734863,4390,0.0,0.0
2025-01-24 00:00:00-05:00,11.0,12.399999618530273,11.0,11.899999618530273,9770,0.0,0.0
2025-01-27 00:00:00-05:00,11.800000190734863,12.300000190734863,11.199999809265137,11.5,4880,0.0,0.0
2025-01-28 00:00:00-05:00,11.5,11.5,11.100000381469727,11.199999809265137,2660,0.0,0.0
2025-01-29 00:00:00-05:00,11.399999618530273,11.399999618530273,10.699999809265137,11.0,2520,0.0,0.0
2025-01-30 00:00:00-05:00,11.399999618530273,11.699999809265137,10.899999618530273,11.1899995803833,4330,0.0,0.0
2025-01-31 00:00:00-05:00,11.399999618530273,11.600000381469727,10.699999809265137,11.0,5230,0.0,0.0
2025-02-03 00:00:00-05:00,10.600000381469727,11.199999809265137,10.600000381469727,10.899999618530273,3340,0.0,0.0
2025-02-04 00:00:00-05:00,11.0,11.300000190734863,10.800000190734863,10.899999618530273,2310,0.0,0.0
2025-02-05 00:00:00-05:00,11.0,11.199999809265137,10.199999809265137,10.5,9440,0.0,0.0
2025-02-06 00:00:00-05:00,10.899999618530273,11.699999809265137,10.600000381469727,11.5,15830,0.0,0.0
2025-02-07 00:00:00-05:00,11.100000381469727,12.300000190734863,11.0,11.899999618530273,11190,0.0,0.0
2025-02-10 00:00:00-05:00,11.300000190734863,13.100000381469727,11.100000381469727,12.699999809265137,12900,0.0,0.0
2025-02-11 00:00:00-05:00,12.100000381469727,13.0,11.300000190734863,11.800000190734863,12420,0.0,0.0
2025-02-12 00:00:00-05:00,11.399999618530273,12.600000381469727,11.399999618530273,12.100000381469727,4190,0.0,0.0
2025-02-13 00:00:00-05:00,11.899999618530273,12.869999885559082,11.899999618530273,12.600000381469727,6010,0.0,0.0
2025-02-14 00:00:00-05:00,12.300000190734863,13.600000381469727,12.300000190734863,12.699999809265137,5540,0.0,0.0
2025-02-18 00:00:00-05:00,12.399999618530273,13.600000381469727,12.25,13.5,5890,0.0,0.0
2025-02-19 00:00:00-05:00,13.5,13.770000457763672,12.899999618530273,12.899999618530273,9400,0.0,0.0
2025-02-20 00:00:00-05:00,12.699999809265137,13.399999618530273,12.699999809265137,12.800000190734863,2320,0.0,0.0
2025-02-21 00:00:00-05:00,12.800000190734863,13.199999809265137,12.600000381469727,12.800000190734863,3000,0.0,0.0
2025-02-24 00:00:00-05:00,12.600000381469727,12.699999809265137,12.0,12.0,4530,0.0,0.0
2025-02-25 00:00:00-05:00,11.600000381469727,12.600000381469727,11.600000381469727,12.199999809265137,3980,0.0,0.0
2025-02-26 00:00:00-05:00,11.699999809265137,12.899999618530273,11.699999809265137,12.0,2840,0.0,0.0
2025-02-27 00:00:00-05:00,12.0,12.600000381469727,11.699999809265137,11.899999618530273,2580,0.0,0.0
2025-02-28 00:00:00-05:00,12.300000190734863,12.300000190734863,11.5,11.5,1980,0.0,0.0
2025-03-03 00:00:00-05:00,11.6899995803833,12.300000190734863,11.0,11.0,6640,0.0,0.0
2025-03-04 00:00:00-05:00,11.300000190734863,12.050000190734863,11.199999809265137,11.949999809265137,8540,0.0,0.0
2025-03-05 00:00:00-05:00,11.699999809265137,13.40999984741211,11.699999809265137,12.800000190734863,8530,0.0,0.0
2025-03-06 00:00:00-05:00,12.649999618530273,14.0,12.649999618530273,13.600000381469727,11260,0.0,0.0
2025-03-07 00:00:00-05:00,13.5,14.0,13.5,13.699999809265137,4660,0.0,0.0
2025-03-10 00:00:00-04:00,13.800000190734863,13.899999618530273,13.0,13.300000190734863,6250,0.0,0.0
2025-03-11 00:00:00-04:00,13.100000381469727,13.899999618530273,13.0,13.800000190734863,8840,0.0,0.0
2025-03-12 00:00:00-04:00,14.0,14.899999618530273,13.399999618530273,14.899999618530273,11800,0.0,0.0
2025-03-13 00:00:00-04:00,14.800000190734863,14.800000190734863,12.899999618530273,13.5,13070,0.0,0.0
2025-03-14 00:00:00-04:00,13.050000190734863,13.300000190734863,12.199999809265137,12.199999809265137,4930,0.0,0.0
2025-03-17 00:00:00-04:00,12.100000381469727,12.600000381469727,11.199999809265137,11.800000190734863,18450,0.0,0.0
2025-03-18 00:00:00-04:00,12.899999618530273,13.300000190734863,10.25,11.100000381469727,25510,0.0,0.0
2025-03-19 00:00:00-04:00,11.300000190734863,11.300000190734863,9.699999809265137,10.100000381469727,21080,0.0,0.0
2025-03-20 00:00:00-04:00,10.199999809265137,11.199999809265137,10.199999809265137,10.600000381469727,11820,0.0,0.0
2025-03-21 00:00:00-04:00,10.699999809265137,11.0,10.149999618530273,11.0,9340,0.0,0.0
2025-03-24 00:00:00-04:00,10.699999809265137,11.100000381469727,10.399999618530273,10.800000190734863,6770,0.0,0.0
2025-03-25 00:00:00-04:00,10.899999618530273,11.800000190734863,10.5,11.300000190734863,15840,0.0,0.0
2025-03-26 00:00:00-04:00,11.199999809265137,11.300000190734863,10.300000190734863,11.0,7290,0.0,0.0
2025-03-27 00:00:00-04:00,11.300000190734863,11.399999618530273,10.699999809265137,11.300000190734863,2280,0.0,0.0
2025-03-28 00:00:00-04:00,10.899999618530273,11.199999809265137,10.5,10.800000190734863,5220,0.0,0.0
2025-03-31 00:00:00-04:00,10.899999618530273,11.300000190734863,10.0,10.300000190734863,6750,0.0,0.0
2025-04-01 00:00:00-04:00,10.600000381469727,10.899999618530273,10.100000381469727,10.300000190734863,1270,0.0,0.0
2025-04-02 00:00:00-04:00,10.100000381469727,10.800000190734863,10.100000381469727,10.699999809265137,6430,0.0,0.0
2025-04-03 00:00:00-04:00,10.699999809265137,10.699999809265137,9.899999618530273,10.300000190734863,10130,0.0,0.0
2025-04-04 00:00:00-04:00,10.300000190734863,10.300000190734863,9.699999809265137,10.100000381469727,1460,0.0,0.0
2025-04-07 00:00:00-04:00,9.520000457763672,10.199999809265137,9.300000190734863,10.100000381469727,7520,0.0,0.0
2025-04-08 00:00:00-04:00,9.899999618530273,10.800000190734863,9.600000381469727,9.960000038146973,6160,0.0,0.0
2025-04-09 00:00:00-04:00,9.300000190734863,10.520000457763672,9.100000381469727,10.199999809265137,8220,0.0,0.0
2025-04-10 00:00:00-04:00,10.0,10.899999618530273,9.800000190734863,10.300000190734863,6940,0.0,0.0
2025-04-11 00:00:00-04:00,9.779999732971191,10.199999809265137,9.75,10.100000381469727,2680,0.0,0.0
2025-04-14 00:00:00-04:00,9.800000190734863,10.100000381469727,9.699999809265137,10.0,3880,0.0,0.0
2025-04-15 00:00:00-04:00,10.100000381469727,10.5,9.800000190734863,10.100000381469727,5710,0.0,0.0
2025-04-16 00:00:00-04:00,10.100000381469727,10.100000381469727,9.800000190734863,10.100000381469727,1430,0.0,0.0
2025-04-17 00:00:00-04:00,10.100000381469727,10.300000190734863,9.5,10.100000381469727,4760,0.0,0.0
2025-04-21 00:00:00-04:00,9.699999809265137,10.5,9.699999809265137,9.699999809265137,9340,0.0,0.0
2025-04-22 00:00:00-04:00,10.100000381469727,10.1899995803833,9.600000381469727,9.720000267028809,4860,0.0,0.0
2025-04-23 00:00:00-04:00,9.699999809265137,10.0,9.569999694824219,9.699999809265137,5570,0.0,0.0
2025-04-24 00:00:00-04:00,9.800000190734863,9.899999618530273,9.699999809265137,9.710000038146973,2260,0.0,0.0
2025-04-25 00:00:00-04:00,9.760000228881836,9.899999618530273,9.710000038146973,9.789999961853027,5520,0.0,0.0
2025-04-28 00:00:00-04:00,9.899999618530273,9.899999618530273,9.399999618530273,9.520000457763672,3560,0.0,0.0
2025-04-29 00:00:00-04:00,9.699999809265137,9.800000190734863,9.449999809265137,9.800000190734863,3490,0.0,0.0
2025-04-30 00:00:00-04:00,9.680000305175781,10.300000190734863,9.5,10.0,8580,0.0,0.0
2025-05-01 00:00:00-04:00,9.699999809265137,9.899999618530273,9.699999809265137,9.850000381469727,530,0.0,0.0
2025-05-02 00:00:00-04:00,9.890000343322754,9.920000076293945,9.550000190734863,9.720000267028809,5930,0.0,0.0
2025-05-05 00:00:00-04:00,9.699999809265137,9.899999618530273,9.300000190734863,9.520000457763672,8220,0.0,0.0
2025-05-06 00:00:00-04:00,9.5,9.550000190734863,9.300000190734863,9.300000190734863,1140,0.0,0.0
2025-05-07 00:00:00-04:00,9.300000190734863,9.5,8.899999618530273,9.0,2960,0.0,0.0
2025-05-08 00:00:00-04:00,9.300000190734863,9.300000190734863,8.600000381469727,8.75,3080,0.0,0.0
2025-05-09 00:00:00-04:00,9.0,9.5,8.699999809265137,9.460000038146973,9750,0.0,0.0
2025-05-12 00:00:00-04:00,9.899999618530273,10.5,9.199999809265137,9.399999618530273,17410,0.0,0.0
2025-05-13 00:00:00-04:00,9.399999618530273,10.399999618530273,8.699999809265137,10.199999809265137,12250,0.0,0.0
2025-05-14 00:00:00-04:00,10.199999809265137,10.800000190734863,9.600000381469727,9.619999885559082,7020,0.0,0.0
2025-05-15 00:00:00-04:00,9.800000190734863,9.800000190734863,9.199999809265137,9.619999885559082,2430,0.0,0.0
2025-05-16 00:00:00-04:00,9.630000114440918,10.0,9.3100004196167,9.699999809265137,8920,0.0,0.0
2025-05-19 00:00:00-04:00,9.699999809265137,9.699999809265137,9.399999618530273,9.579999923706055,2860,0.0,0.0
2025-05-20 00:00:00-04:00,9.100000381469727,9.800000190734863,9.100000381469727,9.600000381469727,15970,0.0,0.0
2025-05-21 00:00:00-04:00,9.680000305175781,9.800000190734863,9.199999809265137,9.399999618530273,11690,0.0,0.0
2025-05-22 00:00:00-04:00,9.350000381469727,10.100000381469727,9.239999771118164,10.100000381469727,8870,0.0,0.0
2025-05-23 00:00:00-04:00,10.0,10.0,9.270000457763672,9.399999618530273,6760,0.0,0.0
2025-05-27 00:00:00-04:00,9.399999618530273,9.399999618530273,8.899999618530273,9.300000190734863,8080,0.0,0.0
2025-05-28 00:00:00-04:00,9.350000381469727,9.399999618530273,9.100000381469727,9.199999809265137,9690,0.0,0.0
2025-05-29 00:00:00-04:00,9.100000381469727,9.140000343322754,8.710000038146973,8.8100004196167,5590,0.0,0.0
2025-05-30 00:00:00-04:00,8.800000190734863,9.100000381469727,8.800000190734863,9.020000457763672,11860,0.0,0.0
2025-06-02 00:00:00-04:00,8.960000038146973,9.199999809265137,8.699999809265137,8.8100004196167,12400,0.0,0.0
2025-06-03 00:00:00-04:00,8.609999656677246,9.199999809265137,8.600000381469727,9.0,4140,0.0,0.0
2025-06-04 00:00:00-04:00,8.779999732971191,9.0,8.729999542236328,8.949999809265137,4870,0.0,0.0
2025-06-05 00:00:00-04:00,8.800000190734863,9.699999809265137,8.800000190734863,8.899999618530273,27620,0.0,0.0
2025-06-06 00:00:00-04:00,8.84000015258789,9.050000190734863,8.609999656677246,8.930000305175781,5810,0.0,0.0
2025-06-09 00:00:00-04:00,9.300000190734863,9.300000190734863,8.699999809265137,8.850000381469727,2920,0.0,0.0
2025-06-10 00:00:00-04:00,9.100000381469727,9.100000381469727,8.699999809265137,8.890000343322754,6080,0.0,0.0
2025-06-11 00:00:00-04:00,8.8100004196167,9.180000305175781,8.800000190734863,8.920000076293945,2450,0.0,0.0
2025-06-12 00:00:00-04:00,8.920000076293945,8.920000076293945,8.699999809265137,8.880000114440918,8800,0.0,0.0
2025-06-13 00:00:00-04:00,8.699999809265137,9.09000015258789,8.649999618530273,8.960000038146973,5380,0.0,0.0
2025-06-16 00:00:00-04:00,8.800000190734863,8.970000267028809,8.529999732971191,8.8100004196167,13300,0.0,0.0
2025-06-17 00:00:00-04:00,9.09000015258789,9.09000015258789,8.619999885559082,8.710000038146973,9180,0.0,0.0
2025-06-18 00:00:00-04:00,8.729999542236328,9.149999618530273,8.649999618530273,9.010000228881836,9650,0.0,0.0
2025-06-20 00:00:00-04:00,9.010000228881836,9.010000228881836,8.770000457763672,8.899999618530273,1800,0.0,0.0
2025-06-23 00:00:00-04:00,8.5,9.180000305175781,8.5,9.0,11650,0.0,0.0
2025-06-24 00:00:00-04:00,9.199999809265137,9.5,8.800000190734863,9.100000381469727,10500,0.0,0.0
2025-06-25 00:00:00-04:00,9.199999809265137,9.199999809265137,8.729999542236328,9.0,5730,0.0,0.0
2025-06-26 00:00:00-04:00,8.800000190734863,8.90999984741211,8.609999656677246,8.75,8370,0.0,0.0
2025-06-27 00:00:00-04:00,8.75,8.989999771118164,8.40999984741211,8.880000114440918,9710,0.0,0.0
2025-06-30 00:00:00-04:00,8.800000190734863,9.0,8.699999809265137,8.829999923706055,5010,0.0,0.0
2025-07-01 00:00:00-04:00,8.800000190734863,9.0,8.760000228881836,8.800000190734863,1760,0.0,0.0
2025-07-02 00:00:00-04:00,8.75,9.300000190734863,8.75,9.039999961853027,19950,0.0,0.0
2025-07-03 00:00:00-04:00,8.949999809265137,9.300000190734863,8.760000228881836,9.020000457763672,2590,0.0,0.0
2025-07-07 00:00:00-04:00,9.100000381469727,9.399999618530273,8.760000228881836,9.100000381469727,14400,0.0,0.0
2025-07-08 00:00:00-04:00,8.899999618530273,9.25,8.880000114440918,8.989999771118164,6560,0.0,0.0
2025-07-09 00:00:00-04:00,8.899999618530273,9.199999809265137,8.850000381469727,8.90999984741211,4490,0.0,0.0
2025-07-10 00:00:00-04:00,8.899999618530273,9.100000381469727,8.899999618530273,9.0,4230,0.0,0.0
2025-07-11 00:00:00-04:00,8.989999771118164,9.0,8.869999885559082,8.869999885559082,2600,0.0,0.0
2025-07-14 00:00:00-04:00,8.899999618530273,9.069999694824219,8.710000038146973,9.069999694824219,3630,0.0,0.0
2025-07-15 00:00:00-04:00,9.0600004196167,9.149999618530273,8.890000343322754,9.100000381469727,2520,0.0,0.0
2025-07-16 00:00:00-04:00,9.199999809265137,9.9399995803833,8.979999542236328,9.65999984741211,17200,0.0,0.0
2025-07-17 00:00:00-04:00,9.65999984741211,10.399999618530273,9.199999809265137,10.100000381469727,9020,0.0,0.0
2025-07-18 00:00:00-04:00,10.199999809265137,10.699999809265137,9.600000381469727,10.100000381469727,7750,0.0,0.0
2025-07-21 00:00:00-04:00,10.100000381469727,10.100000381469727,9.0,9.199999809265137,6280,0.0,0.0
2025-07-22 00:00:00-04:00,9.239999771118164,9.5,9.029999732971191,9.050000190734863,1900,0.0,0.0
2025-07-23 00:00:00-04:00,9.100000381469727,9.5,9.050000190734863,9.220000267028809,4600,0.0,0.0
2025-07-24 00:00:00-04:00,9.4399995803833,9.600000381469727,9.100000381469727,9.15999984741211,1850,0.0,0.0
2025-07-25 00:00:00-04:00,9.460000038146973,9.460000038146973,9.100000381469727,9.3100004196167,1500,0.0,0.0
2025-07-28 00:00:00-04:00,9.399999618530273,9.399999618530273,9.140000343322754,9.15999984741211,2860,0.0,0.0
2025-07-29 00:00:00-04:00,9.100000381469727,9.399999618530273,9.100000381469727,9.199999809265137,13890,0.0,0.0
2025-07-30 00:00:00-04:00,9.100000381469727,9.109999656677246,8.529999732971191,8.649999618530273,8870,0.0,0.0
2025-07-31 00:00:00-04:00,8.699999809265137,9.050000190734863,8.199999809265137,8.720000267028809,11110,0.0,0.0
2025-08-01 00:00:00-04:00,8.600000381469727,8.65999984741211,8.550000190734863,8.550000190734863,4850,0.0,0.0
2025-08-04 00:00:00-04:00,8.550000190734863,8.630000114440918,8.550000190734863,8.550000190734863,990,0.0,0.0
2025-08-05 00:00:00-04:00,8.550000190734863,8.739999771118164,8.4399995803833,8.550000190734863,2140,0.0,0.0
2025-08-06 00:00:00-04:00,8.550000190734863,8.550000190734863,8.319999694824219,8.529999732971191,2330,0.0,0.0
2025-08-07 00:00:00-04:00,8.390000343322754,8.640000343322754,8.1899995803833,8.5,3530,0.0,0.0
2025-08-08 00:00:00-04:00,8.699999809265137,8.90999984741211,8.399999618530273,8.770000457763672,2640,0.0,0.0
2025-08-11 00:00:00-04:00,8.800000190734863,8.890000343322754,8.369999885559082,8.529999732971191,3080,0.0,0.0
2025-08-12 00:00:00-04:00,8.529999732971191,8.899999618530273,8.529999732971191,8.670000076293945,610,0.0,0.0
2025-08-13 00:00:00-04:00,8.670000076293945,8.699999809265137,8.670000076293945,8.670000076293945,260,0.0,0.0
2025-08-14 00:00:00-04:00,8.510000228881836,9.0,8.119999885559082,8.520000457763672,2140,0.0,0.0
2025-08-15 00:00:00-04:00,8.75,8.800000190734863,8.300000190734863,8.300000190734863,370,0.0,0.0
2025-08-18 00:00:00-04:00,8.15999984741211,8.800000190734863,8.149999618530273,8.329999923706055,2670,0.0,0.0
2025-08-19 00:00:00-04:00,8.15999984741211,8.529999732971191,8.15999984741211,8.319999694824219,520,0.0,0.0
2025-08-20 00:00:00-04:00,8.3100004196167,8.3100004196167,8.180000305175781,8.199999809265137,940,0.0,0.0
2025-08-21 00:00:00-04:00,8.15999984741211,8.199999809265137,8.0,8.079999923706055,2860,0.0,0.0
2025-08-22 00:00:00-04:00,8.170000076293945,8.420000076293945,8.0,8.279999732971191,2750,0.0,0.0
2025-08-25 00:00:00-04:00,8.5,8.5,8.050000190734863,8.239999771118164,1280,0.0,0.0
2025-08-26 00:00:00-04:00,8.5,8.699999809265137,8.220000267028809,8.25,1390,0.0,0.0
2025-08-27 00:00:00-04:00,8.850000381469727,8.850000381469727,8.529999732971191,8.529999732971191,1610,0.0,0.0
2025-08-28 00:00:00-04:00,8.5,9.199999809265137,8.170000076293945,8.930000305175781,6480,0.0,0.0
2025-08-29 00:00:00-04:00,9.180000305175781,9.6899995803833,8.130000114440918,9.279999732971191,11240,0.0,0.0
2025-09-02 00:00:00-04:00,8.970000267028809,9.300000190734863,8.710000038146973,9.100000381469727,2270,0.0,0.0
2025-09-03 00:00:00-04:00,8.699999809265137,9.100000381469727,8.699999809265137,8.899999618530273,1700,0.0,0.0
2025-09-04 00:00:00-04:00,8.800000190734863,9.399999618530273,8.699999809265137,9.399999618530273,3890,0.0,0.0
2025-09-05 00:00:00-04:00,9.199999809265137,9.600000381469727,8.899999618530273,9.100000381469727,5490,0.0,0.0
2025-09-08 00:00:00-04:00,9.399999618530273,13.899999618530273,9.399999618530273,12.0,188590,0.0,0.0
2025-09-09 00:00:00-04:00,15.100000381469727,17.200000762939453,12.800000190734863,13.899999618530273,287150,0.0,0.0
2025-09-10 00:00:00-04:00,12.899999618530273,14.0,10.100000381469727,11.100000381469727,66750,0.0,0.0
2025-09-11 00:00:00-04:00,11.899999618530273,12.050000190734863,10.520000457763672,11.100000381469727,42530,0.0,0.0
2025-09-12 00:00:00-04:00,11.100000381469727,11.1899995803833,8.770000457763672,8.829999923706055,33050,0.0,0.0
2025-09-15 00:00:00-04:00,9.630000114440918,10.300000190734863,9.270000457763672,9.880000114440918,66670,0.0,0.0
2025-09-16 00:00:00-04:00,9.5,9.850000381469727,9.270000457763672,9.680000305175781,12660,0.0,0.0
2025-09-17 00:00:00-04:00,9.65999984741211,9.899999618530273,9.300000190734863,9.520000457763672,6190,0.0,0.0
2025-09-18 00:00:00-04:00,9.300000190734863,9.880000114440918,9.029999732971191,9.800000190734863,14320,0.0,0.0
2025-09-19 00:00:00-04:00,9.600000381469727,9.779999732971191,9.4399995803833,9.4399995803833,4930,0.0,0.0
2025-09-22 00:00:00-04:00,9.600000381469727,9.800000190734863,9.039999961853027,9.550000190734863,153190,0.0,0.0
2025-09-23 00:00:00-04:00,9.600000381469727,10.0,9.390000343322754,9.729999542236328,16840,0.0,0.0
2025-09-24 00:00:00-04:00,9.5,10.100000381469727,8.300000190734863,9.699999809265137,797840,0.0,0.0
2025-09-25 00:00:00-04:00,9.300000190734863,10.399999618530273,9.239999771118164,9.600000381469727,23690,0.0,0.0
2025-09-26 00:00:00-04:00,9.199999809265137,9.699999809265137,9.010000228881836,9.550000190734863,22710,0.0,0.0
2025-09-29 00:00:00-04:00,37.900001525878906,39.599998474121094,11.0,11.199999809265137,9345240,0.0,0.0
2025-09-30 00:00:00-04:00,12.75,14.899999618530273,10.600000381469727,11.399999618530273,2067540,0.0,0.0
2025-10-01 00:00:00-04:00,10.100000381469727,10.699999809265137,8.899999618530273,9.989999771118164,301970,0.0,0.0
2025-10-02 00:00:00-04:00,10.300000190734863,11.399999618530273,9.699999809265137,10.600000381469727,212670,0.0,0.0
2025-10-03 00:00:00-04:00,10.300000190734863,10.760000228881836,9.630000114440918,9.6899995803833,127440,0.0,0.0
2025-10-06 00:00:00-04:00,9.760000228881836,10.5,9.529999732971191,10.199999809265137,136660,0.0,0.0
2025-10-07 00:00:00-04:00,10.199999809265137,10.199999809265137,9.5,9.5,74060,0.0,0.0
2025-10-08 00:00:00-04:00,9.199999809265137,9.460000038146973,8.550000190734863,8.579999923706055,132780,0.0,0.0
2025-10-09 00:00:00-04:00,8.569999694824219,8.869999885559082,8.100000381469727,8.399999618530273,69500,0.0,0.0
2025-10-10 00:00:00-04:00,8.300000190734863,8.399999618530273,7.800000190734863,8.029999732971191,60950,0.0,0.0
2025-10-13 00:00:00-04:00,8.100000381469727,8.550000190734863,8.0,8.34000015258789,45510,0.0,0.0
2025-10-14 00:00:00-04:00,8.149999618530273,8.3100004196167,7.949999809265137,8.079999923706055,37030,0.0,0.0
2025-10-15 00:00:00-04:00,8.0,8.069999694824219,7.800000190734863,7.849999904632568,41090,0.0,0.0
2025-10-16 00:00:00-04:00,7.800000190734863,7.900000095367432,6.800000190734863,7.269999980926514,72360,0.0,0.0
2025-10-17 00:00:00-04:00,7.130000114440918,7.480000019073486,6.920000076293945,6.940000057220459,21610,0.0,0.0
2025-10-20 00:00:00-04:00,6.880000114440918,7.099999904632568,6.880000114440918,7.0,21300,0.0,0.0
2025-10-21 00:00:00-04:00,7.0,8.180000305175781,6.760000228881836,7.800000190734863,177540,0.0,0.0
2025-10-22 00:00:00-04:00,7.25,7.699999809265137,6.53000020980835,7.659999847412109,73380,0.0,0.0
2025-10-23 00:00:00-04:00,7.159999847412109,7.349999904632568,7.110000133514404,7.320000171661377,14080,0.0,0.0
2025-10-24 00:00:00-04:00,7.190000057220459,7.599999904632568,7.110000133514404,7.21999979019165,10370,0.0,0.0
2025-10-27 00:00:00-04:00,7.099999904632568,7.53000020980835,7.010000228881836,7.210000038146973,13980,0.0,0.0
2025-10-28 00:00:00-04:00,7.110000133514404,7.300000190734863,6.900000095367432,7.170000076293945,46890,0.0,0.0
2025-10-29 00:00:00-04:00,7.300000190734863,7.760000228881836,7.260000228881836,7.420000076293945,41340,0.0,0.0
2025-10-30 00:00:00-04:00,7.119999885559082,7.550000190734863,6.900000095367432,6.960000038146973,13840,0.0,0.0
2025-10-31 00:00:00-04:00,7.0,7.0,6.630000114440918,6.980000019073486,20380,0.0,0.0
2025-11-03 00:00:00-05:00,7.0,7.190000057220459,6.619999885559082,6.75,17670,0.0,0.0
2025-11-04 00:00:00-05:00,6.699999809265137,6.840000152587891,6.300000190734863,6.429999828338623,36530,0.0,0.0
2025-11-05 00:00:00-05:00,6.349999904632568,6.449999809265137,6.050000190734863,6.150000095367432,14770,0.0,0.0
2025-11-06 00:00:00-05:00,6.099999904632568,6.099999904632568,5.019999980926514,5.340000152587891,44620,0.0,0.0
2025-11-07 00:00:00-05:00,5.210000038146973,5.269999980926514,4.329999923706055,5.070000171661377,59870,0.0,0.0
2025-11-10 00:00:00-05:00,5.099999904632568,5.309999942779541,5.0,5.199999809265137,12260,0.0,0.0
2025-11-11 00:00:00-05:00,5.099999904632568,5.099999904632568,4.849999904632568,5.03000020980835,6540,0.0,0.0
2025-11-12 00:00:00-05:00,5.210000038146973,5.210000038146973,4.800000190734863,4.989999771118164,13610,0.0,0.0
2025-11-13 00:00:00-05:00,4.849999904632568,5.21999979019165,4.849999904632568,5.150000095367432,19440,0.0,0.0
2025-11-14 00:00:00-05:00,5.190000057220459,5.190000057220459,4.820000171661377,4.929999828338623,5670,0.0,0.0
2025-11-17 00:00:00-05:00,5.039999961853027,5.039999961853027,4.449999809265137,4.829999923706055,14090,0.0,0.0
2025-11-18 00:00:00-05:00,4.150000095367432,4.800000190734863,4.150000095367432,4.690000057220459,23390,0.0,0.0
2025-11-19 00:00:00-05:00,4.599999904632568,4.699999809265137,4.300000190734863,4.329999923706055,8230,0.0,0.0
2025-11-20 00:00:00-05:00,4.139999866485596,4.46999979019165,3.859999895095825,4.03000020980835,20240,0.0,0.0
2025-11-21 00:00:00-05:00,3.740000009536743,4.0,3.509999990463257,3.740000009536743,25550,0.0,0.0
2025-11-24 00:00:00-05:00,3.75,3.819999933242798,3.6700000762939453,3.759999990463257,8570,0.0,0.0
2025-11-25 00:00:00-05:00,3.9600000381469727,4.239999771118164,3.799999952316284,4.190000057220459,13210,0.0,0.0
2025-11-26 00:00:00-05:00,4.369999885559082,4.369999885559082,4.099999904632568,4.170000076293945,6970,0.0,0.0
2025-11-28 00:00:00-05:00,4.179999828338623,4.449999809265137,4.0,4.309999942779541,7160,0.0,0.0
2025-12-01 00:00:00-05:00,4.130000114440918,4.400000095367432,4.130000114440918,4.230000019073486,9680,0.0,0.0
2025-12-02 00:00:00-05:00,4.159999847412109,4.900000095367432,4.159999847412109,4.650000095367432,40320,0.0,0.0
2025-12-03 00:00:00-05:00,4.5,5.800000190734863,4.5,5.400000095367432,67100,0.0,0.0
2025-12-04 00:00:00-05:00,5.159999847412109,5.400000095367432,5.0,5.21999979019165,10440,0.0,0.0
2025-12-05 00:00:00-05:00,5.190000057220459,5.489999771118164,5.0,5.28000020980835,3990,0.0,0.0
2025-12-08 00:00:00-05:00,5.400000095367432,5.400000095367432,4.860000133514404,5.210000038146973,16750,0.0,0.0
2025-12-09 00:00:00-05:00,5.099999904632568,5.369999885559082,5.0,5.289999961853027,6830,0.0,0.0
2025-12-10 00:00:00-05:00,5.489999771118164,5.489999771118164,4.900000095367432,5.0,9790,0.0,0.0
2025-12-11 00:00:00-05:00,4.96999979019165,4.96999979019165,4.449999809265137,4.659999847412109,12730,0.0,0.0
2025-12-12 00:00:00-05:00,4.809999942779541,5.0,4.650000095367432,4.710000038146973,7030,0.0,0.0
2025-12-15 00:00:00-05:00,4.900000095367432,4.900000095367432,4.320000171661377,4.320000171661377,7400,0.0,0.0
2025-12-16 00:00:00-05:00,4.289999961853027,4.880000114440918,4.190000057220459,4.400000095367432,7790,0.0,0.0
2025-12-17 00:00:00-05:00,4.400000095367432,4.519999980926514,4.230000019073486,4.260000228881836,7390,0.0,0.0
2025-12-18 00:00:00-05:00,3.5,4.679999828338623,3.0199999809265137,4.480000019073486,1749060,0.0,0.0
2025-12-19 00:00:00-05:00,4.599999904632568,5.0,4.599999904632568,4.880000114440918,94530,0.0,0.0
2025-12-22 00:00:00-05:00,4.71999979019165,5.610000133514404,4.71999979019165,5.230000019073486,74260,0.0,0.0
2025-12-23 00:00:00-05:00,4.900000095367432,4.989999771118164,4.0,4.300000190734863,44640,0.0,0.0
2025-12-24 00:00:00-05:00,4.199999809265137,4.210000038146973,3.700000047683716,3.7200000286102295,19800,0.0,0.0
2025-12-26 00:00:00-05:00,4.0,4.0,3.509999990463257,3.559999942779541,8190,0.0,0.0
2025-12-29 00:00:00-05:00,3.690000057220459,3.700000047683716,3.190000057220459,3.190000057220459,15510,0.0,0.0
2025-12-30 00:00:00-05:00,3.430000066757202,3.430000066757202,2.9700000286102295,3.0199999809265137,35840,0.0,0.0
2025-12-31 00:00:00-05:00,3.0299999713897705,4.050000190734863,2.950000047683716,3.180000066757202,351900,0.0,0.0
2026-01-02 00:00:00-05:00,3.130000114440918,3.190000057220459,2.950000047683716,3.0799999237060547,48770,0.0,0.0
2026-01-05 00:00:00-05:00,3.0999999046325684,3.3299999237060547,3.0999999046325684,3.2699999809265137,41510,0.0,0.0
2026-01-06 00:00:00-05:00,3.299999952316284,3.4800000190734863,3.0,3.0999999046325684,63470,0.0,0.0
2026-01-07 00:00:00-05:00,3.130000114440918,3.25,3.0399999618530273,3.1600000858306885,16270,0.0,0.0
2026-01-08 00:00:00-05:00,3.190000057220459,3.5399999618530273,3.1600000858306885,3.4000000953674316,42230,0.0,0.0
2026-01-09 00:00:00-05:00,3.390000104904175,3.450000047683716,3.200000047683716,3.2200000286102295,44920,0.0,0.0
2026-01-12 00:00:00-05:00,3.2699999809265137,3.359999895095825,3.0999999046325684,3.140000104904175,72660,0.0,0.0
2026-01-13 00:00:00-05:00,3.1500000953674316,3.3399999141693115,3.119999885559082,3.200000047683716,71100,0.0,0.0
2026-01-14 00:00:00-05:00,3.25,3.319999933242798,2.9100000858306885,2.9100000858306885,84180,0.0,0.0
2026-01-15 00:00:00-05:00,2.9000000953674316,3.130000114440918,2.799999952316284,3.069999933242798,94450,0.0,0.0
2026-01-16 00:00:00-05:00,3.0199999809265137,3.0199999809265137,2.890000104904175,2.9100000858306885,28520,0.0,0.0
2026-01-20 00:00:00-05:00,3.009999990463257,3.0799999237060547,2.809999942779541,2.8299999237060547,30200,0.0,0.0
2026-01-21 00:00:00-05:00,2.930000066757202,2.930000066757202,2.7200000286102295,2.7699999809265137,21730,0.0,0.0
2026-01-22 00:00:00-05:00,2.869999885559082,2.9000000953674316,2.7699999809265137,2.809999942779541,17840,0.0,0.0
2026-01-23 00:00:00-05:00,2.9100000858306885,2.9100000858306885,2.8299999237060547,2.8299999237060547,10430,0.0,0.0
2026-01-26 00:00:00-05:00,2.890000104904175,2.9000000953674316,2.700000047683716,2.7100000381469727,24000,0.0,0.0
2026-01-27 00:00:00-05:00,2.7799999713897705,2.819999933242798,2.6600000858306885,2.75,17710,0.0,0.0
2026-01-28 00:00:00-05:00,2.759999990463257,2.890000104904175,2.700000047683716,2.859999895095825,11440,0.0,0.0
2026-01-29 00:00:00-05:00,2.819999933242798,2.8499999046325684,2.75,2.759999990463257,13770,0.0,0.0
2026-01-30 00:00:00-05:00,2.8299999237060547,2.8299999237060547,2.559999942779541,2.559999942779541,25500,0.0,0.0
2026-02-02 00:00:00-05:00,2.4800000190734863,2.5899999141693115,2.430000066757202,2.5199999809265137,28430,0.0,0.0
2026-02-03 00:00:00-05:00,2.5999999046325684,2.7100000381469727,2.5199999809265137,2.630000114440918,23140,0.0,0.0
2026-02-04 00:00:00-05:00,2.6500000953674316,3.0,2.5999999046325684,2.7200000286102295,51220,0.0,0.0
2026-02-05 00:00:00-05:00,2.6500000953674316,2.700000047683716,2.440000057220459,2.4700000286102295,38800,0.0,0.0
2026-02-06 00:00:00-05:00,2.430000066757202,2.75,2.4100000858306885,2.5299999713897705,13170,0.0,0.0
2026-02-09 00:00:00-05:00,2.5799999237060547,2.7100000381469727,2.5199999809265137,2.609999895095825,10820,0.0,0.0
2026-02-10 00:00:00-05:00,2.700000047683716,2.799999952316284,2.609999895095825,2.700000047683716,9060,0.0,0.0
2026-02-11 00:00:00-05:00,2.799999952316284,2.799999952316284,2.509999990463257,2.6700000762939453,13140,0.0,0.0
2026-02-12 00:00:00-05:00,2.75,3.130000114440918,2.619999885559082,3.0899999141693115,77010,0.0,0.0
2026-02-13 00:00:00-05:00,3.069999933242798,3.069999933242798,2.75,2.799999952316284,45290,0.0,0.0
2026-02-17 00:00:00-05:00,2.7899999618530273,2.8299999237060547,2.700000047683716,2.7100000381469727,16960,0.0,0.0
2026-02-18 00:00:00-05:00,2.799999952316284,3.0399999618530273,2.690000057220459,2.990000009536743,48670,0.0,0.0
2026-02-19 00:00:00-05:00,2.9600000381469727,3.119999885559082,2.809999942779541,2.890000104904175,39460,0.0,0.0
2026-02-20 00:00:00-05:00,3.0,3.109999895095825,2.7300000190734863,3.0899999141693115,105320,0.0,0.0
2026-02-23 00:00:00-05:00,3.369999885559082,3.4700000286102295,2.5999999046325684,3.0999999046325684,396300,0.0,0.0
2026-02-24 00:00:00-05:00,3.0899999141693115,3.0999999046325684,2.6500000953674316,2.7200000286102295,125710,0.0,0.0
2026-02-25 00:00:00-05:00,2.6700000762939453,2.869999885559082,2.509999990463257,2.5899999141693115,103240,0.0,0.0
2026-02-26 00:00:00-05:00,2.5299999713897705,2.700000047683716,2.509999990463257,2.609999895095825,43530,0.0,0.0
2026-02-27 00:00:00-05:00,2.569999933242798,2.799999952316284,2.509999990463257,2.630000114440918,21260,0.0,0.0
2026-03-02 00:00:00-05:00,2.430000066757202,2.690000057220459,2.240000009536743,2.2699999809265137,64760,0.0,0.0
2026-03-03 00:00:00-05:00,2.240000009536743,2.359999895095825,2.069999933242798,2.3299999237060547,42370,0.0,0.0
2026-03-04 00:00:00-05:00,2.4000000953674316,2.5999999046325684,2.309999942779541,2.309999942779541,58840,0.0,0.0
2026-03-05 00:00:00-05:00,2.2899999618530273,2.369999885559082,2.200000047683716,2.2100000381469727,34660,0.0,0.0
2026-03-06 00:00:00-05:00,2.2799999713897705,2.2799999713897705,2.119999885559082,2.1600000858306885,30150,0.0,0.0
2026-03-09 00:00:00-04:00,2.3499999046325684,2.4800000190734863,2.1600000858306885,2.2899999618530273,203540,0.0,0.0
2026-03-10 00:00:00-04:00,2.25,2.299999952316284,2.0799999237060547,2.1500000953674316,50750,0.0,0.0
2026-03-11 00:00:00-04:00,2.190000057220459,2.299999952316284,2.119999885559082,2.299999952316284,22170,0.0,0.0
2026-03-12 00:00:00-04:00,2.4000000953674316,3.5999999046325684,2.200000047683716,2.4200000762939453,4743210,0.0,0.0
2026-03-13 00:00:00-04:00,2.3299999237060547,2.3299999237060547,2.0399999618530273,2.0899999141693115,459770,0.0,0.0
2026-03-16 00:00:00-04:00,2.0399999618530273,2.0399999618530273,1.75,1.9700000286102295,139780,0.0,0.0
2026-03-17 00:00:00-04:00,2.0,2.0,1.8200000524520874,1.8799999952316284,88690,0.0,0.0
2026-03-18 00:00:00-04:00,1.7000000476837158,1.7999999523162842,1.3200000524520874,1.399999976158142,423640,0.0,0.0
2026-03-19 00:00:00-04:00,1.3600000143051147,1.4500000476837158,1.2599999904632568,1.4500000476837158,99540,0.0,0.0
2026-03-20 00:00:00-04:00,1.409999966621399,1.5399999618530273,1.3799999952316284,1.5399999618530273,108030,0.0,0.0
2026-03-23 00:00:00-04:00,1.4900000095367432,1.5,1.3799999952316284,1.4500000476837158,124160,0.0,0.0
2026-03-24 00:00:00-04:00,1.4500000476837158,1.5299999713897705,1.3700000047683716,1.4700000286102295,67080,0.0,0.0
2026-03-25 00:00:00-04:00,1.399999976158142,1.4800000190734863,1.340000033378601,1.4800000190734863,40530,0.0,0.0
2026-03-26 00:00:00-04:00,1.4299999475479126,1.4800000190734863,1.3600000143051147,1.4800000190734863,38900,0.0,0.0
2026-03-27 00:00:00-04:00,1.4800000190734863,1.4900000095367432,1.3799999952316284,1.4700000286102295,43000,0.0,0.0
2026-03-30 00:00:00-04:00,1.3799999952316284,1.4600000381469727,1.2200000286102295,1.350000023841858,102530,0.0,0.0
2026-03-31 00:00:00-04:00,1.350000023841858,1.4800000190734863,1.2899999618530273,1.4500000476837158,54410,0.0,0.0
2026-04-01 00:00:00-04:00,1.4800000190734863,1.4800000190734863,1.3799999952316284,1.3799999952316284,67510,0.0,0.0
2026-04-02 00:00:00-04:00,1.409999966621399,1.409999966621399,1.3300000429153442,1.3600000143051147,15710,0.0,0.0
2026-04-06 00:00:00-04:00,1.399999976158142,1.4700000286102295,1.399999976158142,1.440000057220459,23150,0.0,0.0
2026-04-07 00:00:00-04:00,1.399999976158142,1.559999942779541,1.399999976158142,1.4800000190734863,178650,0.0,0.0
2026-04-08 00:00:00-04:00,1.5199999809265137,1.600000023841858,1.399999976158142,1.4700000286102295,91760,0.0,0.0
2026-04-09 00:00:00-04:00,1.399999976158142,1.4500000476837158,1.3700000047683716,1.3899999856948853,76030,0.0,0.0
2026-04-10 00:00:00-04:00,1.399999976158142,1.5099999904632568,1.3700000047683716,1.4500000476837158,23320,0.0,0.0
2026-04-13 00:00:00-04:00,1.4800000190734863,1.600000023841858,1.3799999952316284,1.5399999618530273,159340,0.0,0.0
2026-04-14 00:00:00-04:00,1.559999942779541,1.6200000047683716,1.399999976158142,1.399999976158142,139530,0.0,0.0
2026-04-15 00:00:00-04:00,1.4800000190734863,1.4800000190734863,1.399999976158142,1.4700000286102295,72240,0.0,0.0
2026-04-16 00:00:00-04:00,1.440000057220459,1.4500000476837158,1.3700000047683716,1.3799999952316284,78730,0.0,0.0
2026-04-17 00:00:00-04:00,1.440000057220459,1.4500000476837158,1.3799999952316284,1.4199999570846558,54510,0.0,0.0
2026-04-20 00:00:00-04:00,1.4299999475479126,1.5299999713897705,1.399999976158142,1.4600000381469727,153530,0.0,0.0
2026-04-21 00:00:00-04:00,1.5,1.5,1.3600000143051147,1.3700000047683716,82380,0.0,0.0
2026-04-22 00:00:00-04:00,1.3899999856948853,1.4299999475479126,1.1299999952316284,1.1799999475479126,274040,0.0,0.0
2026-04-23 00:00:00-04:00,1.2300000190734863,1.2300000190734863,1.100000023841858,1.1299999952316284,76020,0.0,0.0
2026-04-24 00:00:00-04:00,1.149999976158142,1.25,1.090000033378601,1.1699999570846558,97800,0.0,0.1
2026-04-27 00:00:00-04:00,1.1799999475479126,1.2799999713897705,1.1200000047683716,1.2799999713897705,78600,0.0,0.0
2026-04-28 00:00:00-04:00,1.2699999809265137,1.3700000047683716,1.25,1.2699999809265137,68700,0.0,0.0
2026-04-29 00:00:00-04:00,1.2799999713897705,1.2799999713897705,1.1399999856948853,1.2200000286102295,369700,0.0,0.0
2026-04-30 00:00:00-04:00,1.215000033378601,1.2300000190734863,1.1779999732971191,1.2300000190734863,155500,0.0,0.0
2026-05-01 00:00:00-04:00,1.2100000381469727,1.2799999713897705,1.2100000381469727,1.2200000286102295,22300,0.0,0.0
2026-05-04 00:00:00-04:00,1.25,1.6299999952316284,1.2100000381469727,1.4600000381469727,1132500,0.0,0.0
2026-05-05 00:00:00-04:00,1.4700000286102295,1.5399999618530273,1.350000023841858,1.5,273600,0.0,0.0
2026-05-06 00:00:00-04:00,1.4500000476837158,2.059999942779541,1.309999942779541,1.3899999856948853,1916500,0.0,0.0
2026-05-07 00:00:00-04:00,1.350000023841858,1.3730000257492065,1.2000000476837158,1.2200000286102295,179200,0.0,0.0
2026-05-08 00:00:00-04:00,1.190000057220459,1.2680000066757202,1.149999976158142,1.25,130200,0.0,0.0
2026-05-11 00:00:00-04:00,1.2300000190734863,1.2599999904632568,1.2000000476837158,1.2200000286102295,88500,0.0,0.0
2026-05-12 00:00:00-04:00,1.2000000476837158,1.2599999904632568,1.0800000429153442,1.1200000047683716,150500,0.0,0.0
2026-05-13 00:00:00-04:00,1.1100000143051147,1.1519999504089355,1.0399999618530273,1.059999942779541,62500,0.0,0.0
2026-05-14 00:00:00-04:00,1.0499999523162842,1.1059999465942383,0.984000027179718,1.0199999809265137,74900,0.0,0.0
2026-05-15 00:00:00-04:00,1.0399999618530273,1.100000023841858,0.9900000095367432,1.0199999809265137,116402,0.0,0.0
