Date,Open,High,Low,Close,Volume,Dividends,Stock Splits
2022-01-03 00:00:00-05:00,29.726112365722656,29.726112365722656,29.726112365722656,29.726112365722656,0,0.0,0.0
2022-01-04 00:00:00-05:00,29.726112365722656,29.726112365722656,29.726112365722656,29.726112365722656,700,0.0,0.0
2022-01-05 00:00:00-05:00,29.76900445535846,29.983478546142578,29.76900445535846,29.983478546142578,1200,0.0,0.0
2022-01-06 00:00:00-05:00,29.983478546142578,29.983478546142578,29.983478546142578,29.983478546142578,0,0.0,0.0
2022-01-07 00:00:00-05:00,29.983478922360515,30.01779556274414,29.983478922360515,30.01779556274414,600,0.0,0.0
2022-01-10 00:00:00-05:00,30.01779556274414,30.01779556274414,30.01779556274414,30.01779556274414,0,0.0,0.0
2022-01-11 00:00:00-05:00,30.71268653869629,30.71268653869629,30.71268653869629,30.71268653869629,100,0.0,0.0
2022-01-12 00:00:00-05:00,30.71268653869629,30.71268653869629,30.71268653869629,30.71268653869629,0,0.0,0.0
2022-01-13 00:00:00-05:00,30.71268653869629,30.71268653869629,30.71268653869629,30.71268653869629,0,0.0,0.0
2022-01-14 00:00:00-05:00,30.326636124412865,30.669795989990234,30.326636124412865,30.669795989990234,1600,0.0,0.0
2022-01-18 00:00:00-05:00,30.155058506272194,30.283740997314453,29.854792815277097,30.283740997314453,2000,0.0,0.0
2022-01-19 00:00:00-05:00,30.026366862844913,30.240840911865234,30.026366862844913,30.240840911865234,400,0.0,0.0
2022-01-20 00:00:00-05:00,30.240840911865234,30.240840911865234,30.240840911865234,30.240840911865234,0,0.0,0.0
2022-01-21 00:00:00-05:00,30.0263729095459,30.0263729095459,30.0263729095459,30.0263729095459,500,0.0,0.0
2022-01-24 00:00:00-05:00,29.854793548583984,29.854793548583984,29.854793548583984,29.854793548583984,600,0.0,0.0
2022-01-25 00:00:00-05:00,29.854793548583984,29.854793548583984,29.854793548583984,29.854793548583984,0,0.0,0.0
2022-01-26 00:00:00-05:00,29.854793548583984,29.854793548583984,29.854793548583984,29.854793548583984,0,0.0,0.0
2022-01-27 00:00:00-05:00,29.906267166137695,29.906267166137695,29.906267166137695,29.906267166137695,200,0.0,0.0
2022-01-28 00:00:00-05:00,29.906267166137695,29.906267166137695,29.906267166137695,29.906267166137695,100,0.0,0.0
2022-01-31 00:00:00-05:00,29.983478546142578,29.983478546142578,29.983478546142578,29.983478546142578,700,0.0,0.0
2022-02-01 00:00:00-05:00,29.897688471867887,30.197954177856445,29.897688471867887,30.197954177856445,500,0.0,0.0
2022-02-02 00:00:00-05:00,30.197954177856445,30.197954177856445,30.197954177856445,30.197954177856445,0,0.0,0.0
2022-02-03 00:00:00-05:00,30.0263729095459,30.0263729095459,30.0263729095459,30.0263729095459,600,0.0,0.0
2022-02-04 00:00:00-05:00,30.268522262573242,30.268522262573242,30.268522262573242,30.268522262573242,0,0.28,0.0
2022-02-07 00:00:00-05:00,30.268522262573242,30.268522262573242,30.268522262573242,30.268522262573242,0,0.0,0.0
2022-02-08 00:00:00-05:00,30.268522262573242,30.268522262573242,30.268522262573242,30.268522262573242,100,0.0,0.0
2022-02-09 00:00:00-05:00,30.268522262573242,30.268522262573242,30.268522262573242,30.268522262573242,0,0.0,0.0
2022-02-10 00:00:00-05:00,30.268522262573242,30.268522262573242,30.268522262573242,30.268522262573242,5100,0.0,0.0
2022-02-11 00:00:00-05:00,30.268522262573242,30.268522262573242,30.268522262573242,30.268522262573242,0,0.0,0.0
2022-02-14 00:00:00-05:00,30.138792037963867,30.138792037963867,30.138792037963867,30.138792037963867,200,0.0,0.0
2022-02-15 00:00:00-05:00,30.182039260864258,30.182039260864258,30.182039260864258,30.182039260864258,500,0.0,0.0
2022-02-16 00:00:00-05:00,31.090094183822913,31.090094183822913,30.182039260864258,30.182039260864258,1500,0.0,0.0
2022-02-17 00:00:00-05:00,30.182039260864258,30.182039260864258,30.182039260864258,30.182039260864258,0,0.0,0.0
2022-02-18 00:00:00-05:00,30.700925813688265,30.917129516601562,30.700925813688265,30.917129516601562,3300,0.0,0.0
2022-02-22 00:00:00-05:00,30.91712998790226,31.0900936126709,30.91712998790226,31.0900936126709,700,0.0,0.0
2022-02-23 00:00:00-05:00,31.0900936126709,31.0900936126709,31.0900936126709,31.0900936126709,0,0.0,0.0
2022-02-24 00:00:00-05:00,31.090100744212272,31.13334083557129,31.090100744212272,31.13334083557129,200,0.0,0.0
2022-02-25 00:00:00-05:00,31.13334083557129,31.13334083557129,31.13334083557129,31.13334083557129,0,0.0,0.0
2022-02-28 00:00:00-05:00,30.268525812360974,31.13334083557129,30.268525812360974,31.13334083557129,2100,0.0,0.0
2022-03-01 00:00:00-05:00,31.13334083557129,31.13334083557129,31.13334083557129,31.13334083557129,0,0.0,0.0
2022-03-02 00:00:00-05:00,31.13334083557129,31.13334083557129,31.13334083557129,31.13334083557129,0,0.0,0.0
2022-03-03 00:00:00-05:00,30.277172511029775,31.13334083557129,30.268525812360974,31.13334083557129,1300,0.0,0.0
2022-03-04 00:00:00-05:00,30.225284576416016,30.225284576416016,30.225284576416016,30.225284576416016,200,0.0,0.0
2022-03-07 00:00:00-05:00,30.225284576416016,30.225284576416016,30.225284576416016,30.225284576416016,0,0.0,0.0
2022-03-08 00:00:00-05:00,30.225284576416016,30.225284576416016,30.225284576416016,30.225284576416016,200,0.0,0.0
2022-03-09 00:00:00-05:00,30.225284576416016,30.225284576416016,30.225284576416016,30.225284576416016,0,0.0,0.0
2022-03-10 00:00:00-05:00,30.225284536224795,31.124692916870117,30.138801057889257,31.124692916870117,400,0.0,0.0
2022-03-11 00:00:00-05:00,31.124692916870117,31.124692916870117,31.124692916870117,31.124692916870117,0,0.0,0.0
2022-03-14 00:00:00-04:00,30.13879866429426,30.484725952148438,30.13879866429426,30.484725952148438,900,0.0,0.0
2022-03-15 00:00:00-04:00,30.484725952148438,30.484725952148438,30.484725952148438,30.484725952148438,0,0.0,0.0
2022-03-16 00:00:00-04:00,30.484725952148438,30.484725952148438,30.484725952148438,30.484725952148438,0,0.0,0.0
2022-03-17 00:00:00-04:00,30.138798704702225,30.268522262573242,30.09555861841426,30.268522262573242,2500,0.0,0.0
2022-03-18 00:00:00-04:00,30.43283301646195,30.61444664001465,30.43283301646195,30.61444664001465,600,0.0,0.0
2022-03-21 00:00:00-04:00,30.18203922023482,30.61444664001465,30.18203922023482,30.61444664001465,300,0.0,0.0
2022-03-22 00:00:00-04:00,30.61444664001465,30.61444664001465,30.61444664001465,30.61444664001465,100,0.0,0.0
2022-03-23 00:00:00-04:00,30.61444664001465,30.61444664001465,30.61444664001465,30.61444664001465,0,0.0,0.0
2022-03-24 00:00:00-04:00,30.441483012301358,30.61444664001465,30.441483012301358,30.61444664001465,300,0.0,0.0
2022-03-25 00:00:00-04:00,30.61444664001465,30.61444664001465,30.61444664001465,30.61444664001465,0,0.0,0.0
2022-03-28 00:00:00-04:00,30.657690048217773,30.657690048217773,30.657690048217773,30.657690048217773,600,0.0,0.0
2022-03-29 00:00:00-04:00,30.700923919677734,30.700923919677734,30.700923919677734,30.700923919677734,100,0.0,0.0
2022-03-30 00:00:00-04:00,30.700923919677734,30.700923919677734,30.700923919677734,30.700923919677734,100,0.0,0.0
2022-03-31 00:00:00-04:00,30.657690048217773,30.657690048217773,30.657690048217773,30.657690048217773,4400,0.0,0.0
2022-04-01 00:00:00-04:00,30.657690048217773,30.657690048217773,30.657690048217773,30.657690048217773,0,0.0,0.0
2022-04-04 00:00:00-04:00,30.657690048217773,30.657690048217773,30.657690048217773,30.657690048217773,0,0.0,0.0
2022-04-05 00:00:00-04:00,30.657690048217773,30.657690048217773,30.657690048217773,30.657690048217773,0,0.0,0.0
2022-04-06 00:00:00-04:00,30.657690048217773,30.657690048217773,30.657690048217773,30.657690048217773,0,0.0,0.0
2022-04-07 00:00:00-04:00,30.657690048217773,30.657690048217773,30.657690048217773,30.657690048217773,0,0.0,0.0
2022-04-08 00:00:00-04:00,30.657690048217773,30.657690048217773,30.657690048217773,30.657690048217773,0,0.0,0.0
2022-04-11 00:00:00-04:00,30.363648214480527,30.67498207092285,30.268518058455744,30.67498207092285,800,0.0,0.0
2022-04-12 00:00:00-04:00,30.67498207092285,30.67498207092285,30.67498207092285,30.67498207092285,0,0.0,0.0
2022-04-13 00:00:00-04:00,30.67498207092285,30.67498207092285,30.67498207092285,30.67498207092285,0,0.0,0.0
2022-04-14 00:00:00-04:00,30.67498207092285,30.67498207092285,30.67498207092285,30.67498207092285,0,0.0,0.0
2022-04-18 00:00:00-04:00,30.67498207092285,30.67498207092285,30.67498207092285,30.67498207092285,0,0.0,0.0
2022-04-19 00:00:00-04:00,30.268522221991354,30.484725952148438,30.268522221991354,30.484725952148438,1600,0.0,0.0
2022-04-20 00:00:00-04:00,30.484725952148438,30.484725952148438,30.484725952148438,30.484725952148438,100,0.0,0.0
2022-04-21 00:00:00-04:00,30.484725952148438,30.484725952148438,30.484725952148438,30.484725952148438,0,0.0,0.0
2022-04-22 00:00:00-04:00,30.484725993020195,30.484725993020195,30.268522262573242,30.268522262573242,1000,0.0,0.0
2022-04-25 00:00:00-04:00,30.182039260864258,30.182039260864258,30.182039260864258,30.182039260864258,200,0.0,0.0
2022-04-26 00:00:00-04:00,30.614455976743784,30.614455976743784,30.11286163330078,30.11286163330078,900,0.0,0.0
2022-04-27 00:00:00-04:00,30.112852490083082,30.182039260864258,30.112852490083082,30.182039260864258,800,0.0,0.0
2022-04-28 00:00:00-04:00,30.182039260864258,30.182039260864258,30.182039260864258,30.182039260864258,200,0.0,0.0
2022-04-29 00:00:00-04:00,30.4261474609375,30.4261474609375,30.4261474609375,30.4261474609375,0,0.28,0.0
2022-05-02 00:00:00-04:00,30.4261474609375,30.4261474609375,30.4261474609375,30.4261474609375,0,0.0,0.0
2022-05-03 00:00:00-04:00,30.672224044799805,30.672224044799805,30.672224044799805,30.672224044799805,0,0.28,0.0
2022-05-04 00:00:00-04:00,30.654647827148438,30.654647827148438,30.654647827148438,30.654647827148438,100,0.0,0.0
2022-05-05 00:00:00-04:00,30.654647827148438,30.654647827148438,30.654647827148438,30.654647827148438,100,0.0,0.0
2022-05-06 00:00:00-04:00,30.584341725088397,30.584341725088397,30.408568971837745,30.461301803588867,1000,0.0,0.0
2022-05-09 00:00:00-04:00,30.672224044799805,30.672224044799805,30.672224044799805,30.672224044799805,100,0.0,0.0
2022-05-10 00:00:00-04:00,30.672224044799805,30.672224044799805,30.672224044799805,30.672224044799805,0,0.0,0.0
2022-05-11 00:00:00-04:00,30.188848225565813,30.672224044799805,30.188848225565813,30.672224044799805,400,0.0,0.0
2022-05-12 00:00:00-04:00,30.979823791052535,30.979823791052535,30.15369636355535,30.672224044799805,1000,0.0,0.0
2022-05-13 00:00:00-04:00,30.672224044799805,30.672224044799805,30.672224044799805,30.672224044799805,0,0.0,0.0
2022-05-16 00:00:00-04:00,30.672222428767306,30.979822158813477,30.672222428767306,30.979822158813477,2400,0.0,0.0
2022-05-17 00:00:00-04:00,31.155596842151464,31.199539184570312,31.155596842151464,31.199539184570312,1600,0.0,0.0
2022-05-18 00:00:00-04:00,31.621392874362332,31.682912826538086,31.621392874362332,31.682912826538086,3200,0.0,0.0
2022-05-19 00:00:00-04:00,31.682912826538086,31.682912826538086,31.682912826538086,31.682912826538086,0,0.0,0.0
2022-05-20 00:00:00-04:00,31.682912826538086,31.682912826538086,31.682912826538086,31.682912826538086,0,0.0,0.0
2022-05-23 00:00:00-04:00,31.682912826538086,31.682912826538086,31.682912826538086,31.682912826538086,0,0.0,0.0
2022-05-24 00:00:00-04:00,31.682912826538086,31.682912826538086,31.682912826538086,31.682912826538086,0,0.0,0.0
2022-05-25 00:00:00-04:00,30.76010545094808,31.638965606689453,30.76010545094808,31.638965606689453,300,0.0,0.0
2022-05-26 00:00:00-04:00,31.05892562866211,31.05892562866211,31.05892562866211,31.05892562866211,100,0.0,0.0
2022-05-27 00:00:00-04:00,31.05892562866211,31.05892562866211,31.05892562866211,31.05892562866211,0,0.0,0.0
2022-05-31 00:00:00-04:00,30.47887404062654,31.199539184570312,30.461296433141836,31.199539184570312,400,0.0,0.0
2022-06-01 00:00:00-04:00,30.46130202053794,31.63018798828125,30.46130202053794,31.63018798828125,300,0.0,0.0
2022-06-02 00:00:00-04:00,31.63018798828125,31.63018798828125,31.63018798828125,31.63018798828125,0,0.0,0.0
2022-06-03 00:00:00-04:00,30.461301550247622,31.621397018432617,30.461301550247622,31.621397018432617,200,0.0,0.0
2022-06-06 00:00:00-04:00,30.47008313865157,31.61260414123535,30.47008313865157,31.61260414123535,300,0.0,0.0
2022-06-07 00:00:00-04:00,31.61260414123535,31.61260414123535,31.61260414123535,31.61260414123535,0,0.0,0.0
2022-06-08 00:00:00-04:00,30.470090021995617,31.60382080078125,30.408570059046305,31.60382080078125,700,0.0,0.0
2022-06-09 00:00:00-04:00,30.153695277237208,31.57744789123535,30.144904797611936,31.57744789123535,2400,0.0,0.0
2022-06-10 00:00:00-04:00,30.118541468654655,31.568658883991638,30.0570215187511,31.199539184570312,1800,0.0,0.0
2022-06-13 00:00:00-04:00,30.057028681444997,31.55109214782715,30.057028681444997,31.55109214782715,1100,0.0,0.0
2022-06-14 00:00:00-04:00,30.0570215187511,31.199539184570312,30.0570215187511,31.199539184570312,700,0.0,0.0
2022-06-15 00:00:00-04:00,30.02186630378169,31.199539184570312,30.02186630378169,31.199539184570312,200,0.0,0.0
2022-06-16 00:00:00-04:00,30.153698500774755,31.190753936767578,30.153698500774755,31.190753936767578,400,0.0,0.0
2022-06-17 00:00:00-04:00,31.190753936767578,31.190753936767578,31.190753936767578,31.190753936767578,0,0.0,0.0
2022-06-21 00:00:00-04:00,31.190753936767578,31.190753936767578,31.190753936767578,31.190753936767578,0,0.0,0.0
2022-06-22 00:00:00-04:00,30.206428115036683,31.16438599335308,30.188850506410525,31.05013656616211,1300,0.0,0.0
2022-06-23 00:00:00-04:00,31.05013656616211,31.05013656616211,31.05013656616211,31.05013656616211,0,0.0,0.0
2022-06-24 00:00:00-04:00,31.05013656616211,31.05013656616211,31.05013656616211,31.05013656616211,0,0.0,0.0
2022-06-27 00:00:00-04:00,31.05013656616211,31.05013656616211,31.05013656616211,31.05013656616211,0,0.0,0.0
2022-06-28 00:00:00-04:00,31.05013656616211,31.05013656616211,31.05013656616211,31.05013656616211,0,0.0,0.0
2022-06-29 00:00:00-04:00,31.05013656616211,31.05013656616211,31.05013656616211,31.05013656616211,0,0.0,0.0
2022-06-30 00:00:00-04:00,30.18885443595544,31.14681243896484,30.18885443595544,31.146812438964844,900,0.0,0.0
2022-07-01 00:00:00-04:00,31.14681243896484,31.14681243896484,31.14681243896484,31.146812438964844,0,0.0,0.0
2022-07-05 00:00:00-04:00,31.14681243896484,31.14681243896484,31.14681243896484,31.146812438964844,0,0.0,0.0
2022-07-06 00:00:00-04:00,30.23280013953407,31.14681243896484,30.23280013953407,31.146812438964844,200,0.0,0.0
2022-07-07 00:00:00-04:00,31.14681243896484,31.14681243896484,31.14681243896484,31.146812438964844,0,0.0,0.0
2022-07-08 00:00:00-04:00,31.14681243896484,31.14681243896484,31.14681243896484,31.146812438964844,0,0.0,0.0
2022-07-11 00:00:00-04:00,31.14681243896484,31.14681243896484,31.14681243896484,31.146812438964844,0,0.0,0.0
2022-07-12 00:00:00-04:00,30.057025019188117,31.155600470528427,30.004292190592743,31.120445251464844,2600,0.0,0.0
2022-07-13 00:00:00-04:00,31.111656188964844,31.111656188964844,31.111656188964844,31.111656188964844,200,0.0,0.0
2022-07-14 00:00:00-04:00,31.111656188964844,31.111656188964844,31.111656188964844,31.111656188964844,0,0.0,0.0
2022-07-15 00:00:00-04:00,31.111656188964844,31.111656188964844,31.111656188964844,31.111656188964844,0,0.0,0.0
2022-07-18 00:00:00-04:00,31.111656188964844,31.111656188964844,31.111656188964844,31.111656188964844,0,0.0,0.0
2022-07-19 00:00:00-04:00,31.111656188964844,31.111656188964844,31.111656188964844,31.111656188964844,0,0.0,0.0
2022-07-20 00:00:00-04:00,31.111656188964844,31.111656188964844,31.111656188964844,31.111656188964844,0,0.0,0.0
2022-07-21 00:00:00-04:00,30.01308131948827,30.927093505859375,30.01308131948827,30.927093505859375,700,0.0,0.0
2022-07-22 00:00:00-04:00,30.927093505859375,30.927093505859375,30.927093505859375,30.927093505859375,0,0.0,0.0
2022-07-25 00:00:00-04:00,30.030655161889644,30.751323699951172,30.030655161889644,30.751323699951172,600,0.0,0.0
2022-07-26 00:00:00-04:00,30.751323699951172,30.751323699951172,30.751323699951172,30.751323699951172,0,0.0,0.0
2022-07-27 00:00:00-04:00,30.074600859426898,30.751323699951172,30.074600859426898,30.751323699951172,3600,0.0,0.0
2022-07-28 00:00:00-04:00,30.751323699951172,30.751323699951172,30.751323699951172,30.751323699951172,0,0.0,0.0
2022-07-29 00:00:00-04:00,30.751318324528256,31.902622982894776,30.751318324528256,31.638965606689453,1400,0.0,0.0
2022-08-01 00:00:00-04:00,31.638965606689453,31.638965606689453,31.638965606689453,31.638965606689453,0,0.0,0.0
2022-08-02 00:00:00-04:00,30.417350526622613,31.638965606689453,30.417350526622613,31.638965606689453,400,0.0,0.0
2022-08-03 00:00:00-04:00,30.45251452017523,33.370330810546875,30.434936909680655,33.370330810546875,800,0.0,0.0
2022-08-04 00:00:00-04:00,31.638970314174035,33.37032615141606,31.638970314174035,31.814743041992188,9600,0.0,0.0
2022-08-05 00:00:00-04:00,32.0716667175293,32.0716667175293,32.0716667175293,32.0716667175293,0,0.29,0.0
2022-08-08 00:00:00-04:00,32.0716667175293,32.0716667175293,32.0716667175293,32.0716667175293,0,0.0,0.0
2022-08-09 00:00:00-04:00,31.043957400285734,33.56893539428711,31.043957400285734,33.56893539428711,400,0.0,0.0
2022-08-10 00:00:00-04:00,31.05281548988737,33.56893539428711,31.05281548988737,33.56893539428711,200,0.0,0.0
2022-08-11 00:00:00-04:00,33.56893539428711,33.56893539428711,33.56893539428711,33.56893539428711,100,0.0,0.0
2022-08-12 00:00:00-04:00,31.89447410982492,33.48033905029297,31.451495302744018,33.48033905029297,600,0.0,0.0
2022-08-15 00:00:00-04:00,33.48033905029297,33.48033905029297,33.48033905029297,33.48033905029297,0,0.0,0.0
2022-08-16 00:00:00-04:00,33.48033905029297,33.48033905029297,33.48033905029297,33.48033905029297,0,0.0,0.0
2022-08-17 00:00:00-04:00,33.48033905029297,33.48033905029297,31.478072949677642,33.48033905029297,1400,0.0,0.0
2022-08-18 00:00:00-04:00,33.48033905029297,33.48033905029297,33.48033905029297,33.48033905029297,0,0.0,0.0
2022-08-19 00:00:00-04:00,33.40060700089871,33.657535552978516,33.40060700089871,33.657535552978516,2600,0.0,0.0
2022-08-22 00:00:00-04:00,33.57780075073242,33.57780075073242,33.57780075073242,33.57780075073242,1400,0.0,0.0
2022-08-23 00:00:00-04:00,33.57780075073242,33.57780075073242,33.57780075073242,33.57780075073242,0,0.0,0.0
2022-08-24 00:00:00-04:00,33.57780075073242,33.57780075073242,33.57780075073242,33.57780075073242,0,0.0,0.0
2022-08-25 00:00:00-04:00,33.57780075073242,33.57780075073242,33.57780075073242,33.57780075073242,0,0.0,0.0
2022-08-26 00:00:00-04:00,33.57780075073242,33.57780075073242,33.57780075073242,33.57780075073242,0,0.0,0.0
2022-08-29 00:00:00-04:00,33.57780075073242,33.57780075073242,33.57780075073242,33.57780075073242,0,0.0,0.0
2022-08-30 00:00:00-04:00,33.57780075073242,33.57780075073242,33.57780075073242,33.57780075073242,0,0.0,0.0
2022-08-31 00:00:00-04:00,33.75499033979343,33.75499033979343,31.495798658409907,32.75386047363281,3500,0.0,0.0
2022-09-01 00:00:00-04:00,32.75386047363281,32.75386047363281,32.75386047363281,32.75386047363281,0,0.0,0.0
2022-09-02 00:00:00-04:00,32.75386047363281,32.75386047363281,32.75386047363281,32.75386047363281,0,0.0,0.0
2022-09-06 00:00:00-04:00,32.75386047363281,32.75386047363281,32.75386047363281,32.75386047363281,0,0.0,0.0
2022-09-07 00:00:00-04:00,32.71841401810786,32.73613357543945,32.71841401810786,32.73613357543945,200,0.0,0.0
2022-09-08 00:00:00-04:00,32.73613357543945,32.73613357543945,32.73613357543945,32.73613357543945,0,0.0,0.0
2022-09-09 00:00:00-04:00,32.73613357543945,32.73613357543945,32.73613357543945,32.73613357543945,0,0.0,0.0
2022-09-12 00:00:00-04:00,32.73613357543945,32.73613357543945,32.73613357543945,32.73613357543945,0,0.0,0.0
2022-09-13 00:00:00-04:00,32.73614054885465,32.762718200683594,32.73614054885465,32.762718200683594,300,0.0,0.0
2022-09-14 00:00:00-04:00,32.762718200683594,32.762718200683594,32.762718200683594,32.762718200683594,0,0.0,0.0
2022-09-15 00:00:00-04:00,32.762718200683594,32.762718200683594,32.762718200683594,32.762718200683594,0,0.0,0.0
2022-09-16 00:00:00-04:00,32.762718200683594,32.762718200683594,32.762718200683594,32.762718200683594,0,0.0,0.0
2022-09-19 00:00:00-04:00,32.762718200683594,32.762718200683594,32.762718200683594,32.762718200683594,0,0.0,0.0
2022-09-20 00:00:00-04:00,31.699572234797245,32.931053161621094,31.699572234797245,32.931053161621094,300,0.0,0.0
2022-09-21 00:00:00-04:00,31.699568281328965,32.948768615722656,31.699568281328965,32.948768615722656,500,0.0,0.0
2022-09-22 00:00:00-04:00,31.68185572202571,32.78044509887695,31.68185572202571,32.78044509887695,400,0.0,0.0
2022-09-23 00:00:00-04:00,32.762718200683594,32.762718200683594,32.762718200683594,32.762718200683594,100,0.0,0.0
2022-09-26 00:00:00-04:00,32.762718200683594,32.762718200683594,32.762718200683594,32.762718200683594,0,0.0,0.0
2022-09-27 00:00:00-04:00,32.762718200683594,32.762718200683594,32.762718200683594,32.762718200683594,0,0.0,0.0
2022-09-28 00:00:00-04:00,31.54895047914423,32.70955276489258,31.54895047914423,32.70955276489258,1600,0.0,0.0
2022-09-29 00:00:00-04:00,32.70955276489258,32.70955276489258,32.70955276489258,32.70955276489258,0,0.0,0.0
2022-09-30 00:00:00-04:00,32.70955276489258,32.70955276489258,32.70955276489258,32.70955276489258,0,0.0,0.0
2022-10-03 00:00:00-04:00,32.70955276489258,32.70955276489258,32.70955276489258,32.70955276489258,0,0.0,0.0
2022-10-04 00:00:00-04:00,32.70955276489258,32.70955276489258,32.70955276489258,32.70955276489258,0,0.0,0.0
2022-10-05 00:00:00-04:00,30.93764097428217,32.33745574951172,30.93764097428217,32.33745574951172,2700,0.0,0.0
2022-10-06 00:00:00-04:00,31.495796482892366,31.876758575439457,31.06167908976881,31.876758575439453,700,0.0,0.0
2022-10-07 00:00:00-04:00,31.876758575439457,31.876758575439457,31.876758575439457,31.876758575439453,0,0.0,0.0
2022-10-10 00:00:00-04:00,31.354043381920928,31.876758575439457,31.354043381920928,31.876758575439453,1200,0.0,0.0
2022-10-11 00:00:00-04:00,31.061679708556174,32.248863220214844,30.919926604760835,32.248863220214844,1100,0.0,0.0
2022-10-12 00:00:00-04:00,32.248863220214844,32.248863220214844,32.248863220214844,32.248863220214844,100,0.0,0.0
2022-10-13 00:00:00-04:00,32.248863220214844,32.248863220214844,32.248863220214844,32.248863220214844,0,0.0,0.0
2022-10-14 00:00:00-04:00,32.248863220214844,32.248863220214844,32.248863220214844,32.248863220214844,0,0.0,0.0
2022-10-17 00:00:00-04:00,32.248863220214844,32.248863220214844,32.248863220214844,32.248863220214844,0,0.0,0.0
2022-10-18 00:00:00-04:00,32.248863220214844,32.248863220214844,32.248863220214844,32.248863220214844,0,0.0,0.0
2022-10-19 00:00:00-04:00,32.23115158081055,32.23115158081055,32.23115158081055,32.23115158081055,200,0.0,0.0
2022-10-20 00:00:00-04:00,32.23115158081055,32.23115158081055,32.23115158081055,32.23115158081055,0,0.0,0.0
2022-10-21 00:00:00-04:00,32.23115158081055,32.23115158081055,32.23115158081055,32.23115158081055,0,0.0,0.0
2022-10-24 00:00:00-04:00,32.248863220214844,32.248863220214844,32.248863220214844,32.248863220214844,100,0.0,0.0
2022-10-25 00:00:00-04:00,32.080528259277344,32.080528259277344,32.0716701691199,32.080528259277344,6500,0.0,0.0
2022-10-26 00:00:00-04:00,32.080528259277344,32.080528259277344,32.080528259277344,32.080528259277344,0,0.0,0.0
2022-10-27 00:00:00-04:00,31.052817608352584,32.27544021606445,31.052817608352584,32.27544021606445,200,0.0,0.0
2022-10-28 00:00:00-04:00,32.27544021606445,32.27544021606445,32.27544021606445,32.27544021606445,0,0.0,0.0
2022-10-31 00:00:00-04:00,32.33745574951172,32.33745574951172,32.33745574951172,32.33745574951172,200,0.0,0.0
2022-11-01 00:00:00-04:00,32.33745574951172,32.33745574951172,32.33745574951172,32.33745574951172,0,0.0,0.0
2022-11-02 00:00:00-04:00,32.33745574951172,32.33745574951172,32.33745574951172,32.33745574951172,200,0.0,0.0
2022-11-03 00:00:00-04:00,32.33745945076825,32.72727966308594,32.33745945076825,32.72727966308594,800,0.0,0.0
2022-11-04 00:00:00-04:00,33.04883534225958,33.05776596069336,33.04883534225958,33.05776596069336,1700,0.3,0.0
2022-11-07 00:00:00-05:00,33.05776596069336,33.05776596069336,33.05776596069336,33.05776596069336,0,0.0,0.0
2022-11-08 00:00:00-05:00,33.06669998645962,34.29933317760239,33.05776596069336,33.05776596069336,1300,0.0,0.0
2022-11-09 00:00:00-05:00,33.05776596069336,33.05776596069336,33.05776596069336,33.05776596069336,0,0.0,0.0
2022-11-10 00:00:00-05:00,33.05776596069336,33.05776596069336,33.05776596069336,33.05776596069336,0,0.0,0.0
2022-11-11 00:00:00-05:00,33.05776596069336,33.05776596069336,33.05776596069336,33.05776596069336,0,0.0,0.0
2022-11-14 00:00:00-05:00,33.94205093383789,33.94205093383789,33.94205093383789,33.94205093383789,400,0.0,0.0
2022-11-15 00:00:00-05:00,33.057764199743545,33.94204530021213,33.048833581785495,33.71874237060547,700,0.0,0.0
2022-11-16 00:00:00-05:00,33.71874237060547,33.71874237060547,33.71874237060547,33.71874237060547,0,0.0,0.0
2022-11-17 00:00:00-05:00,34.16534899604379,34.16534899604379,33.54010009765625,33.54010009765625,1200,0.0,0.0
2022-11-18 00:00:00-05:00,33.71874312681446,33.71874312681446,33.54010009765625,33.54010009765625,200,0.0,0.0
2022-11-21 00:00:00-05:00,33.04883432297046,33.54010009765625,33.04883432297046,33.54010009765625,2200,0.0,0.0
2022-11-22 00:00:00-05:00,32.84339529542724,33.71874237060547,32.84339529542724,33.71874237060547,4900,0.0,0.0
2022-11-23 00:00:00-05:00,32.861261896657915,33.49544143676758,32.861261896657915,33.49544143676758,300,0.0,0.0
2022-11-25 00:00:00-05:00,33.49544143676758,33.49544143676758,33.49544143676758,33.49544143676758,0,0.0,0.0
2022-11-28 00:00:00-05:00,32.8344612121582,32.8344612121582,32.8344612121582,32.8344612121582,100,0.0,0.0
2022-11-29 00:00:00-05:00,33.4686393737793,33.4686393737793,33.4686393737793,33.4686393737793,100,0.0,0.0
2022-11-30 00:00:00-05:00,32.88805715946093,33.49544143676758,32.88805715946093,33.49544143676758,300,0.0,0.0
2022-12-01 00:00:00-05:00,33.048824310302734,33.048824310302734,33.048824310302734,33.048824310302734,200,0.0,0.0
2022-12-02 00:00:00-05:00,33.048824310302734,33.048824310302734,33.048824310302734,33.048824310302734,0,0.0,0.0
2022-12-05 00:00:00-05:00,33.05776596069336,33.05776596069336,33.05776596069336,33.05776596069336,100,0.0,0.0
2022-12-06 00:00:00-05:00,33.406124114990234,33.406124114990234,33.406124114990234,33.406124114990234,500,0.0,0.0
2022-12-07 00:00:00-05:00,33.49543980189732,33.49543980189732,32.825531005859375,32.825531005859375,400,0.0,0.0
2022-12-08 00:00:00-05:00,32.825531005859375,32.825531005859375,32.825531005859375,32.825531005859375,0,0.0,0.0
2022-12-09 00:00:00-05:00,32.87019348144531,32.87019348144531,32.87019348144531,32.87019348144531,300,0.0,0.0
2022-12-12 00:00:00-05:00,32.78087615966797,32.78087615966797,32.78087615966797,32.78087615966797,100,0.0,0.0
2022-12-13 00:00:00-05:00,32.78087615966797,32.78087615966797,32.78087615966797,32.78087615966797,0,0.0,0.0
2022-12-14 00:00:00-05:00,32.78087615966797,32.78087615966797,32.78087615966797,32.78087615966797,100,0.0,0.0
2022-12-15 00:00:00-05:00,32.78087615966797,32.78087615966797,32.78087615966797,32.78087615966797,0,0.0,0.0
2022-12-16 00:00:00-05:00,32.78087615966797,32.78087615966797,32.78087615966797,32.78087615966797,0,0.0,0.0
2022-12-19 00:00:00-05:00,32.78087615966797,32.78087615966797,32.78087615966797,32.78087615966797,0,0.0,0.0
2022-12-20 00:00:00-05:00,32.78087615966797,32.78087615966797,32.78087615966797,32.78087615966797,0,0.0,0.0
2022-12-21 00:00:00-05:00,32.68262481689453,32.68262481689453,32.68262481689453,32.68262481689453,400,0.0,0.0
2022-12-22 00:00:00-05:00,32.68262481689453,32.68262481689453,32.68262481689453,32.68262481689453,100,0.0,0.0
2022-12-23 00:00:00-05:00,32.78087289789984,32.78087289789984,32.17348861694336,32.17348861694336,900,0.0,0.0
2022-12-27 00:00:00-05:00,31.807265983155762,32.06629816786332,31.70901216086449,31.735807418823242,12200,0.0,0.0
2022-12-28 00:00:00-05:00,31.735813314183524,31.735813314183524,31.655424118041992,31.655424118041992,300,0.0,0.0
2022-12-29 00:00:00-05:00,31.655426203124872,32.093101501464844,31.619700319300733,32.093101501464844,1200,0.0,0.0
2022-12-30 00:00:00-05:00,32.1109619140625,32.1109619140625,32.1109619140625,32.1109619140625,200,0.0,0.0
2023-01-03 00:00:00-05:00,32.1109619140625,32.1109619140625,32.1109619140625,32.1109619140625,0,0.0,0.0
2023-01-04 00:00:00-05:00,32.066307067871094,32.066307067871094,32.066307067871094,32.066307067871094,2000,0.0,0.0
2023-01-05 00:00:00-05:00,32.066307067871094,32.066307067871094,32.066307067871094,32.066307067871094,100,0.0,0.0
2023-01-06 00:00:00-05:00,32.066307067871094,32.066307067871094,32.066307067871094,32.066307067871094,0,0.0,0.0
2023-01-09 00:00:00-05:00,32.066307067871094,32.066307067871094,32.066307067871094,32.066307067871094,0,0.0,0.0
2023-01-10 00:00:00-05:00,32.066307067871094,32.066307067871094,32.066307067871094,32.066307067871094,0,0.0,0.0
2023-01-11 00:00:00-05:00,31.72687863452741,31.97697680947341,31.709013992412398,31.9591121673584,600,0.0,0.0
2023-01-12 00:00:00-05:00,31.914457321166992,31.914457321166992,31.914457321166992,31.914457321166992,100,0.0,0.0
2023-01-13 00:00:00-05:00,31.914457321166992,31.914457321166992,31.914457321166992,31.914457321166992,0,0.0,0.0
2023-01-17 00:00:00-05:00,31.842998504638672,31.842998504638672,31.842998504638672,31.842998504638672,400,0.0,0.0
2023-01-18 00:00:00-05:00,31.842998504638672,31.842998504638672,31.842998504638672,31.842998504638672,0,0.0,0.0
2023-01-19 00:00:00-05:00,31.592898730054745,31.709017211926145,31.575034086125882,31.70008659362793,1400,0.0,0.0
2023-01-20 00:00:00-05:00,31.70008659362793,31.70008659362793,31.70008659362793,31.70008659362793,0,0.0,0.0
2023-01-23 00:00:00-05:00,31.575029373168945,31.575029373168945,31.575029373168945,31.575029373168945,400,0.0,0.0
2023-01-24 00:00:00-05:00,31.70901870727539,31.70901870727539,31.70901870727539,31.70901870727539,900,0.0,0.0
2023-01-25 00:00:00-05:00,31.378531297337194,31.70901870727539,31.36066665256586,31.70901870727539,1100,0.0,0.0
2023-01-26 00:00:00-05:00,31.70901870727539,31.70901870727539,31.70901870727539,31.70901870727539,0,0.0,0.0
2023-01-27 00:00:00-05:00,31.70901870727539,31.70901870727539,31.70901870727539,31.70901870727539,0,0.0,0.0
2023-01-30 00:00:00-05:00,31.798336029052734,31.798336029052734,31.798336029052734,31.798336029052734,200,0.0,0.0
2023-01-31 00:00:00-05:00,31.887656592569044,31.97697639465332,31.798333383152727,31.97697639465332,300,0.0,0.0
2023-02-01 00:00:00-05:00,31.941247110886795,31.97697639465332,31.932316493611182,31.97697639465332,700,0.0,0.0
2023-02-02 00:00:00-05:00,31.97697639465332,31.97697639465332,31.97697639465332,31.97697639465332,0,0.0,0.0
2023-02-03 00:00:00-05:00,32.2472038269043,32.2472038269043,32.2472038269043,32.2472038269043,200,0.3,0.0
2023-02-06 00:00:00-05:00,32.247210027036424,32.877742767333984,32.247210027036424,32.877742767333984,1500,0.0,0.0
2023-02-07 00:00:00-05:00,33.084917774824135,33.084917774824135,33.06690216064453,33.06690216064453,600,0.0,0.0
2023-02-08 00:00:00-05:00,32.877742767333984,32.877742767333984,32.877742767333984,32.877742767333984,200,0.0,0.0
2023-02-09 00:00:00-05:00,32.877742767333984,32.877742767333984,32.877742767333984,32.877742767333984,0,0.0,0.0
2023-02-10 00:00:00-05:00,32.42736353380926,32.65255355834961,32.42736353380926,32.65255355834961,900,0.0,0.0
2023-02-13 00:00:00-05:00,32.42736353380926,32.65255355834961,32.42736353380926,32.65255355834961,500,0.0,0.0
2023-02-14 00:00:00-05:00,32.65255355834961,32.65255355834961,32.65255355834961,32.65255355834961,0,0.0,0.0
2023-02-15 00:00:00-05:00,32.65255355834961,32.65255355834961,32.19316742018323,32.65255355834961,800,0.0,0.0
2023-02-16 00:00:00-05:00,32.65255355834961,32.65255355834961,32.19316742018323,32.65255355834961,300,0.0,0.0
2023-02-17 00:00:00-05:00,32.65255355834961,32.65255355834961,32.65255355834961,32.65255355834961,6700,0.0,0.0
2023-02-21 00:00:00-05:00,32.65255355834961,32.65255355834961,32.65255355834961,32.65255355834961,0,0.0,0.0
2023-02-22 00:00:00-05:00,31.886909651326683,32.427364349365234,31.886909651326683,32.427364349365234,1200,0.0,0.0
2023-02-23 00:00:00-05:00,31.85087923408434,32.20217514038086,31.85087923408434,32.20217514038086,500,0.0,0.0
2023-02-24 00:00:00-05:00,32.20217514038086,32.20217514038086,32.20217514038086,32.20217514038086,0,0.0,0.0
2023-02-27 00:00:00-05:00,31.97698402404785,31.97698402404785,31.97698402404785,31.97698402404785,100,0.0,0.0
2023-02-28 00:00:00-05:00,31.8598842471963,31.97698402404785,31.8598842471963,31.97698402404785,600,0.0,0.0
2023-03-01 00:00:00-05:00,31.97698402404785,31.97698402404785,31.97698402404785,31.97698402404785,0,0.0,0.0
2023-03-02 00:00:00-05:00,31.97698402404785,31.97698402404785,31.97698402404785,31.97698402404785,0,0.0,0.0
2023-03-03 00:00:00-05:00,31.841869239687263,31.841869239687263,31.59866702823685,31.80584144592285,1600,0.0,0.0
2023-03-06 00:00:00-05:00,31.796823501586914,31.796823501586914,31.796823501586914,31.796823501586914,300,0.0,0.0
2023-03-07 00:00:00-05:00,31.589657715585737,31.751794815063477,31.589657715585737,31.751794815063477,300,0.0,0.0
2023-03-08 00:00:00-05:00,31.52660260097586,31.52660260097586,30.400652508083862,31.30141258239746,6300,0.0,0.0
2023-03-09 00:00:00-05:00,31.256372863060115,31.382478713989258,31.211335550032096,31.382478713989258,800,0.0,0.0
2023-03-10 00:00:00-05:00,31.301410176088133,31.382478713989258,28.37394015961946,31.382478713989258,2300,0.0,0.0
2023-03-13 00:00:00-04:00,26.41028555364413,30.625843048095703,25.221282510196463,30.625843048095703,4600,0.0,0.0
2023-03-14 00:00:00-04:00,28.599131349204242,31.076221466064453,28.599131349204242,31.076221466064453,300,0.0,0.0
2023-03-15 00:00:00-04:00,28.617147051655994,30.869047164916992,25.824790567599667,30.869047164916992,1400,0.0,0.0
2023-03-16 00:00:00-04:00,30.814998626708984,30.814998626708984,30.814998626708984,30.814998626708984,200,0.0,0.0
2023-03-17 00:00:00-04:00,30.814998626708984,30.814998626708984,30.814998626708984,30.814998626708984,0,0.0,0.0
2023-03-20 00:00:00-04:00,30.851033070508173,30.851033070508173,30.44569034294032,30.625843048095703,800,0.0,0.0
2023-03-21 00:00:00-04:00,27.608295320800817,30.607826232910153,27.022801629115996,30.607826232910156,6700,0.0,0.0
2023-03-22 00:00:00-04:00,28.833328957796553,30.625843048095703,28.833328957796553,30.625843048095703,2200,0.0,0.0
2023-03-23 00:00:00-04:00,30.625843048095703,30.625843048095703,30.625843048095703,30.625843048095703,0,0.0,0.0
2023-03-24 00:00:00-04:00,28.932410845473683,30.625840643151687,28.427985715938345,30.58980941772461,1500,0.0,0.0
2023-03-27 00:00:00-04:00,30.58980941772461,30.58980941772461,30.58980941772461,30.58980941772461,0,0.0,0.0
2023-03-28 00:00:00-04:00,30.58980941772461,30.58980941772461,30.58980941772461,30.58980941772461,0,0.0,0.0
2023-03-29 00:00:00-04:00,30.58980941772461,30.58980941772461,30.58980941772461,30.58980941772461,0,0.0,0.0
2023-03-30 00:00:00-04:00,30.58980941772461,30.58980941772461,30.58980941772461,30.58980941772461,0,0.0,0.0
2023-03-31 00:00:00-04:00,30.58980941772461,30.58980941772461,30.58980941772461,30.58980941772461,0,0.0,0.0
2023-04-03 00:00:00-04:00,30.535764694213867,30.535764694213867,30.535764694213867,30.535764694213867,200,0.0,0.0
2023-04-04 00:00:00-04:00,30.535764694213867,30.535764694213867,30.535764694213867,30.535764694213867,0,0.0,0.0
2023-04-05 00:00:00-04:00,30.535764694213867,30.535764694213867,30.535764694213867,30.535764694213867,0,0.0,0.0
2023-04-06 00:00:00-04:00,30.535764694213867,30.535764694213867,30.535764694213867,30.535764694213867,0,0.0,0.0
2023-04-10 00:00:00-04:00,29.950270024052372,30.400650024414062,29.950270024052372,30.400650024414062,200,0.0,0.0
2023-04-11 00:00:00-04:00,30.400650024414062,30.400650024414062,30.400650024414062,30.400650024414062,0,0.0,0.0
2023-04-12 00:00:00-04:00,30.400650024414062,30.400650024414062,30.400650024414062,30.400650024414062,0,0.0,0.0
2023-04-13 00:00:00-04:00,29.635005398249874,30.400650024414062,29.635005398249874,30.400650024414062,300,0.0,0.0
2023-04-14 00:00:00-04:00,29.86019539843072,30.400650024414062,29.86019539843072,30.400650024414062,500,0.0,0.0
2023-04-17 00:00:00-04:00,30.31057539879241,30.400650024414062,30.31057539879241,30.400650024414062,600,0.0,0.0
2023-04-18 00:00:00-04:00,30.400650024414062,30.400650024414062,30.400650024414062,30.400650024414062,0,0.0,0.0
2023-04-19 00:00:00-04:00,30.400650024414062,30.400650024414062,30.400650024414062,30.400650024414062,0,0.0,0.0
2023-04-20 00:00:00-04:00,30.400650024414062,30.400650024414062,30.400650024414062,30.400650024414062,0,0.0,0.0
2023-04-21 00:00:00-04:00,30.400650024414062,30.400650024414062,30.400650024414062,30.400650024414062,0,0.0,0.0
2023-04-24 00:00:00-04:00,30.400650024414062,30.400650024414062,30.400650024414062,30.400650024414062,0,0.0,0.0
2023-04-25 00:00:00-04:00,30.400650024414062,30.400650024414062,30.400650024414062,30.400650024414062,0,0.0,0.0
2023-04-26 00:00:00-04:00,30.400650024414062,30.400650024414062,30.400650024414062,30.400650024414062,0,0.0,0.0
2023-04-27 00:00:00-04:00,30.400650024414062,30.400650024414062,30.400650024414062,30.400650024414062,0,0.0,0.0
2023-04-28 00:00:00-04:00,30.400650024414062,30.400650024414062,30.400650024414062,30.400650024414062,0,0.0,0.0
2023-05-01 00:00:00-04:00,29.094549075977284,29.094549075977284,28.38294952624551,28.824321746826172,1400,0.0,0.0
2023-05-02 00:00:00-04:00,28.824320162259614,29.274700164794922,28.824320162259614,29.274700164794922,300,0.0,0.0
2023-05-03 00:00:00-04:00,29.049511647741316,29.265695571899414,28.824321634968125,29.265695571899414,1100,0.0,0.0
2023-05-04 00:00:00-04:00,29.229662851766737,29.274700164794922,29.229662851766737,29.274700164794922,1200,0.0,0.0
2023-05-05 00:00:00-04:00,29.54744529724121,29.54744529724121,29.54744529724121,29.54744529724121,0,0.3,0.0
2023-05-08 00:00:00-04:00,29.54744529724121,29.54744529724121,29.54744529724121,29.54744529724121,0,0.0,0.0
2023-05-09 00:00:00-04:00,29.54744529724121,29.54744529724121,29.54744529724121,29.54744529724121,0,0.0,0.0
2023-05-10 00:00:00-04:00,29.54744529724121,29.54744529724121,29.54744529724121,29.54744529724121,0,0.0,0.0
2023-05-11 00:00:00-04:00,29.211060024003018,29.465621520323825,29.211060024003018,29.456531524658203,6200,0.0,0.0
2023-05-12 00:00:00-04:00,29.456531524658203,29.456531524658203,29.456531524658203,29.456531524658203,0,0.0,0.0
2023-05-15 00:00:00-04:00,29.320158004760742,29.320158004760742,29.320158004760742,29.320158004760742,200,0.0,0.0
2023-05-16 00:00:00-04:00,29.338341464661468,29.338341464661468,29.320158004760742,29.320158004760742,200,0.0,0.0
2023-05-17 00:00:00-04:00,30.00201988220215,30.00201988220215,30.00201988220215,30.00201988220215,700,0.0,0.0
2023-05-18 00:00:00-04:00,28.929223416396415,30.683887481689453,28.929223416396415,30.683887481689453,300,0.0,0.0
2023-05-19 00:00:00-04:00,28.93831904638033,31.13846778869629,28.93831904638033,31.13846778869629,6700,0.0,0.0
2023-05-22 00:00:00-04:00,31.13846778869629,31.13846778869629,31.13846778869629,31.13846778869629,0,0.0,0.0
2023-05-23 00:00:00-04:00,31.13846778869629,31.13846778869629,31.13846778869629,31.13846778869629,0,0.0,0.0
2023-05-24 00:00:00-04:00,29.67473008606343,29.95656854350033,29.574722779613538,29.729280471801758,1000,0.0,0.0
2023-05-25 00:00:00-04:00,29.365617752075195,29.365617752075195,29.365617752075195,29.365617752075195,100,0.0,0.0
2023-05-26 00:00:00-04:00,29.365617752075195,29.365617752075195,29.365617752075195,29.365617752075195,0,0.0,0.0
2023-05-30 00:00:00-04:00,29.18378448486328,29.18378448486328,29.09287065133404,29.18378448486328,500,0.0,0.0
2023-05-31 00:00:00-04:00,28.91103744506836,28.91103744506836,28.91103744506836,28.91103744506836,300,0.0,0.0
2023-06-01 00:00:00-04:00,28.411009542606433,28.411009542606433,28.338277427540177,28.392826080322266,600,0.0,0.0
2023-06-02 00:00:00-04:00,28.320090323387173,28.63829393615853,28.18371784193379,28.274633407592773,800,0.0,0.0
2023-06-05 00:00:00-04:00,28.620110476212695,28.620110476212695,28.274633407592773,28.274633407592773,1600,0.0,0.0
2023-06-06 00:00:00-04:00,28.274633407592773,28.274633407592773,28.274633407592773,28.274633407592773,0,0.0,0.0
2023-06-07 00:00:00-04:00,28.18372062267197,28.18372062267197,28.09280504804283,28.138263702392578,1400,0.0,0.0
2023-06-08 00:00:00-04:00,28.501920700073242,28.501920700073242,28.501920700073242,28.501920700073242,100,0.0,0.0
2023-06-09 00:00:00-04:00,28.501920700073242,28.501920700073242,28.501920700073242,28.501920700073242,0,0.0,0.0
2023-06-12 00:00:00-04:00,28.501920700073242,28.501920700073242,28.501920700073242,28.501920700073242,0,0.0,0.0
2023-06-13 00:00:00-04:00,28.138263702392578,28.138263702392578,28.138263702392578,28.138263702392578,1600,0.0,0.0
2023-06-14 00:00:00-04:00,28.501920700073242,28.501920700073242,28.501920700073242,28.501920700073242,200,0.0,0.0
2023-06-15 00:00:00-04:00,28.501920700073242,28.501920700073242,28.501920700073242,28.501920700073242,0,0.0,0.0
2023-06-16 00:00:00-04:00,28.47465183295593,28.5019270282083,28.09280776977539,28.09280776977539,900,0.0,0.0
2023-06-20 00:00:00-04:00,28.00188671061582,28.274633407592773,28.00188671061582,28.274633407592773,1700,0.0,0.0
2023-06-21 00:00:00-04:00,28.274633407592773,28.274633407592773,28.274633407592773,28.274633407592773,0,0.0,0.0
2023-06-22 00:00:00-04:00,28.274633407592773,28.274633407592773,28.274633407592773,28.274633407592773,0,0.0,0.0
2023-06-23 00:00:00-04:00,28.04734638563241,28.411006927490234,27.410939136828528,28.411006927490234,2100,0.0,0.0
2023-06-26 00:00:00-04:00,28.411006927490234,28.411006927490234,28.411006927490234,28.411006927490234,0,0.0,0.0
2023-06-27 00:00:00-04:00,27.638229736233455,28.392826080322266,27.638229736233455,28.392826080322266,200,0.0,0.0
2023-06-28 00:00:00-04:00,27.565493738861562,28.320089976673543,27.54731027913834,28.00188636779785,1100,0.0,0.0
2023-06-29 00:00:00-04:00,27.501853942871094,28.320090572869745,27.501853942871094,27.501853942871094,900,0.0,0.0
2023-06-30 00:00:00-04:00,27.95642735528164,27.95642735528164,27.72913932800293,27.72913932800293,1300,0.0,0.0
2023-07-03 00:00:00-04:00,27.72913932800293,27.72913932800293,27.72913932800293,27.72913932800293,0,0.0,0.0
2023-07-05 00:00:00-04:00,27.72913932800293,27.72913932800293,27.72913932800293,27.72913932800293,0,0.0,0.0
2023-07-06 00:00:00-04:00,28.00188636779785,28.00188636779785,28.00188636779785,28.00188636779785,100,0.0,0.0
2023-07-07 00:00:00-04:00,28.00188636779785,28.00188636779785,28.00188636779785,28.00188636779785,0,0.0,0.0
2023-07-10 00:00:00-04:00,28.22917366027832,28.22917366027832,28.22917366027832,28.22917366027832,500,0.0,0.0
2023-07-11 00:00:00-04:00,28.22917366027832,28.22917366027832,28.22917366027832,28.22917366027832,0,0.0,0.0
2023-07-12 00:00:00-04:00,28.138260926139388,28.274633407592773,28.138260926139388,28.274633407592773,300,0.0,0.0
2023-07-13 00:00:00-04:00,28.35645866394043,28.35645866394043,28.35645866394043,28.35645866394043,300,0.0,0.0
2023-07-14 00:00:00-04:00,28.35645866394043,28.35645866394043,28.35645866394043,28.35645866394043,0,0.0,0.0
2023-07-17 00:00:00-04:00,28.183716060351934,28.36554718017578,28.183716060351934,28.36554718017578,700,0.0,0.0
2023-07-18 00:00:00-04:00,28.36554718017578,28.36554718017578,28.36554718017578,28.36554718017578,100,0.0,0.0
2023-07-19 00:00:00-04:00,27.95642802760716,28.36554718017578,27.95642802760716,28.36554718017578,1900,0.0,0.0
2023-07-20 00:00:00-04:00,28.36554718017578,28.36554718017578,28.36554718017578,28.36554718017578,0,0.0,0.0
2023-07-21 00:00:00-04:00,28.36554718017578,28.36554718017578,28.36554718017578,28.36554718017578,0,0.0,0.0
2023-07-24 00:00:00-04:00,28.18372065981895,28.320093154907227,27.59277202505617,28.320093154907227,1600,0.0,0.0
2023-07-25 00:00:00-04:00,28.320091578290768,28.592838287353516,27.592770488930626,28.592838287353516,2500,0.0,0.0
2023-07-26 00:00:00-04:00,28.592838287353516,28.592838287353516,28.592838287353516,28.592838287353516,0,0.0,0.0
2023-07-27 00:00:00-04:00,28.592838287353516,28.592838287353516,28.592838287353516,28.592838287353516,0,0.0,0.0
2023-07-28 00:00:00-04:00,28.18371834297738,29.54744664989564,27.274566138365206,28.820125579833984,5400,0.0,0.0
2023-07-31 00:00:00-04:00,28.820125579833984,28.820125579833984,28.820125579833984,28.820125579833984,0,0.0,0.0
2023-08-01 00:00:00-04:00,27.501857457880234,28.874677658081055,27.501857457880234,28.874677658081055,500,0.0,0.0
2023-08-02 00:00:00-04:00,28.874677658081055,28.874677658081055,28.874677658081055,28.874677658081055,0,0.0,0.0
2023-08-03 00:00:00-04:00,28.874677658081055,28.874677658081055,28.874677658081055,28.874677658081055,0,0.0,0.0
2023-08-04 00:00:00-04:00,29.150022506713867,29.150022506713867,29.150022506713867,29.150022506713867,0,0.3,0.0
2023-08-07 00:00:00-04:00,29.150022506713867,29.150022506713867,29.150022506713867,29.150022506713867,0,0.0,0.0
2023-08-08 00:00:00-04:00,27.589724896081854,29.140844345092773,27.589724896081854,29.140844345092773,400,0.0,0.0
2023-08-09 00:00:00-04:00,27.59890191987175,28.819604873657227,27.53465467239981,28.819604873657227,8000,0.0,0.0
2023-08-10 00:00:00-04:00,28.085348115969044,28.819604873657227,28.085348115969044,28.819604873657227,5600,0.0,0.0
2023-08-11 00:00:00-04:00,27.819176742146215,28.893028259277344,27.819176742146215,28.893028259277344,300,0.0,0.0
2023-08-14 00:00:00-04:00,28.223024368286133,28.911390816293114,28.223024368286133,28.223024368286133,10000,0.0,0.0
2023-08-15 00:00:00-04:00,29.140844345092773,29.140844345092773,29.140844345092773,29.140844345092773,100,0.0,0.0
2023-08-16 00:00:00-04:00,29.0857712948602,29.09494972229004,27.828354746669092,29.09494972229004,2800,0.0,0.0
2023-08-17 00:00:00-04:00,29.076595306396484,29.076595306396484,29.076595306396484,29.076595306396484,300,0.0,0.0
2023-08-18 00:00:00-04:00,29.094953067221624,29.35194206237793,29.094953067221624,29.35194206237793,6900,0.0,0.0
2023-08-21 00:00:00-04:00,28.957277864329853,29.370298385620117,28.957277864329853,29.370298385620117,500,0.0,0.0
2023-08-22 00:00:00-04:00,29.370298385620117,29.370298385620117,29.370298385620117,29.370298385620117,0,0.0,0.0
2023-08-23 00:00:00-04:00,28.8746740223504,29.361120223999023,28.8746740223504,29.361120223999023,300,0.0,0.0
2023-08-24 00:00:00-04:00,29.361120223999023,29.361120223999023,29.361120223999023,29.361120223999023,0,0.0,0.0
2023-08-25 00:00:00-04:00,29.361120223999023,29.361120223999023,29.361120223999023,29.361120223999023,0,0.0,0.0
2023-08-28 00:00:00-04:00,29.361120223999023,29.361120223999023,29.361120223999023,29.361120223999023,0,0.0,0.0
2023-08-29 00:00:00-04:00,29.361120223999023,29.361120223999023,29.361120223999023,29.361120223999023,0,0.0,0.0
2023-08-30 00:00:00-04:00,29.361120223999023,29.361120223999023,29.361120223999023,29.361120223999023,0,0.0,0.0
2023-08-31 00:00:00-04:00,29.278515853043814,29.370298385620117,29.278515853043814,29.370298385620117,500,0.0,0.0
2023-09-01 00:00:00-04:00,29.370298385620117,29.370298385620117,29.370298385620117,29.370298385620117,0,0.0,0.0
2023-09-05 00:00:00-04:00,29.370298385620117,29.370298385620117,29.370298385620117,29.370298385620117,0,0.0,0.0
2023-09-06 00:00:00-04:00,29.370298385620117,29.370298385620117,29.370298385620117,29.370298385620117,0,0.0,0.0
2023-09-07 00:00:00-04:00,28.342337112482767,28.54425903384887,28.342337112482767,28.452476501464844,5300,0.0,0.0
2023-09-08 00:00:00-04:00,29.14084292948246,29.370298385620117,29.14084292948246,29.370298385620117,200,0.0,0.0
2023-09-11 00:00:00-04:00,28.241379459245266,29.50797462463379,28.241379459245266,29.50797462463379,300,0.0,0.0
2023-09-12 00:00:00-04:00,29.50797462463379,29.50797462463379,29.50797462463379,29.50797462463379,0,0.0,0.0
2023-09-13 00:00:00-04:00,29.50797462463379,29.50797462463379,29.50797462463379,29.50797462463379,0,0.0,0.0
2023-09-14 00:00:00-04:00,29.09495408144051,29.50797462463379,29.09495408144051,29.50797462463379,300,0.0,0.0
2023-09-15 00:00:00-04:00,29.50797462463379,29.50797462463379,29.50797462463379,29.50797462463379,0,0.0,0.0
2023-09-18 00:00:00-04:00,29.50797462463379,29.50797462463379,29.50797462463379,29.50797462463379,0,0.0,0.0
2023-09-19 00:00:00-04:00,29.50797462463379,29.50797462463379,29.50797462463379,29.50797462463379,100,0.0,0.0
2023-09-20 00:00:00-04:00,29.50797462463379,29.50797462463379,29.50797462463379,29.50797462463379,0,0.0,0.0
2023-09-21 00:00:00-04:00,28.415765588303817,29.69153748727473,28.223023826850532,29.278518676757812,3400,0.0,0.0
2023-09-22 00:00:00-04:00,29.278518676757812,29.278518676757812,29.278518676757812,29.278518676757812,0,0.0,0.0
2023-09-25 00:00:00-04:00,29.278518676757812,29.278518676757812,29.278518676757812,29.278518676757812,0,0.0,0.0
2023-09-26 00:00:00-04:00,29.278518676757812,29.278518676757812,29.278518676757812,29.278518676757812,0,0.0,0.0
2023-09-27 00:00:00-04:00,28.287271080668294,29.278518676757812,28.287271080668294,29.278518676757812,700,0.0,0.0
2023-09-28 00:00:00-04:00,29.278518676757812,29.278518676757812,29.278518676757812,29.278518676757812,0,0.0,0.0
2023-09-29 00:00:00-04:00,29.278518676757812,29.278518676757812,29.278518676757812,29.278518676757812,0,0.0,0.0
2023-10-02 00:00:00-04:00,29.278518676757812,29.278518676757812,29.278518676757812,29.278518676757812,0,0.0,0.0
2023-10-03 00:00:00-04:00,28.259735620624234,29.186734149208515,27.810001373291016,27.810001373291016,2400,0.0,0.0
2023-10-04 00:00:00-04:00,29.278518676757812,29.278518676757812,29.278518676757812,29.278518676757812,100,0.0,0.0
2023-10-05 00:00:00-04:00,28.709470070995028,29.278518676757812,28.131241285422426,29.278518676757812,600,0.0,0.0
2023-10-06 00:00:00-04:00,29.278518676757812,29.278518676757812,29.278518676757812,29.278518676757812,0,0.0,0.0
2023-10-09 00:00:00-04:00,29.278518676757812,29.278518676757812,29.278518676757812,29.278518676757812,0,0.0,0.0
2023-10-10 00:00:00-04:00,29.278518676757812,29.278518676757812,29.278518676757812,29.278518676757812,0,0.0,0.0
2023-10-11 00:00:00-04:00,29.278518676757812,29.278518676757812,29.278518676757812,29.278518676757812,0,0.0,0.0
2023-10-12 00:00:00-04:00,29.278518676757812,29.278518676757812,29.278518676757812,29.278518676757812,0,0.0,0.0
2023-10-13 00:00:00-04:00,29.278518676757812,29.278518676757812,29.278518676757812,29.278518676757812,0,0.0,0.0
2023-10-16 00:00:00-04:00,29.278518676757812,29.278518676757812,29.278518676757812,29.278518676757812,0,0.0,0.0
2023-10-17 00:00:00-04:00,28.369873412446097,29.085775089928852,28.369873412446097,28.663576126098633,1700,0.0,0.0
2023-10-18 00:00:00-04:00,28.45247778461146,28.65439796447754,28.45247778461146,28.65439796447754,400,0.0,0.0
2023-10-19 00:00:00-04:00,28.2505594643467,28.580974166731178,28.2505594643467,28.535083770751953,600,0.0,0.0
2023-10-20 00:00:00-04:00,28.535083770751953,28.535083770751953,28.535083770751953,28.535083770751953,0,0.0,0.0
2023-10-23 00:00:00-04:00,28.241381035029576,28.535083770751953,28.241381035029576,28.535083770751953,300,0.0,0.0
2023-10-24 00:00:00-04:00,28.49836540222168,28.49836540222168,28.49836540222168,28.49836540222168,200,0.0,0.0
2023-10-25 00:00:00-04:00,28.379051208496094,28.379051208496094,28.379051208496094,28.379051208496094,200,0.0,0.0
2023-10-26 00:00:00-04:00,28.360693969080813,28.452476501464844,28.17713065491895,28.452476501464844,400,0.0,0.0
2023-10-27 00:00:00-04:00,28.452476501464844,28.452476501464844,28.452476501464844,28.452476501464844,0,0.0,0.0
2023-10-30 00:00:00-04:00,28.452476501464844,28.452476501464844,28.452476501464844,28.452476501464844,0,0.0,0.0
2023-10-31 00:00:00-04:00,28.22302320299784,28.443300247192383,28.131240663598533,28.443300247192383,400,0.0,0.0
2023-11-01 00:00:00-04:00,28.195485767674757,28.195485767674757,28.08534812927246,28.08534812927246,700,0.0,0.0
2023-11-02 00:00:00-04:00,28.223024368286133,28.223024368286133,28.223024368286133,28.223024368286133,100,0.0,0.0
2023-11-03 00:00:00-04:00,28.362050003379743,28.362050003379743,28.287900924682617,28.287900924682617,900,0.3,0.0
2023-11-06 00:00:00-05:00,28.287900924682617,28.287900924682617,28.287900924682617,28.287900924682617,0,0.0,0.0
2023-11-07 00:00:00-05:00,28.287900924682617,28.287900924682617,28.287900924682617,28.287900924682617,0,0.0,0.0
2023-11-08 00:00:00-05:00,28.08399200439453,28.223023085566233,28.08399200439453,28.08399200439453,500,0.0,0.0
2023-11-09 00:00:00-05:00,28.00057263616752,28.241557591972033,27.991305547891635,28.130334854125977,500,0.0,0.0
2023-11-10 00:00:00-05:00,28.130334854125977,28.130334854125977,28.130334854125977,28.130334854125977,0,0.0,0.0
2023-11-13 00:00:00-05:00,28.037647205005022,28.121065139770508,28.037647205005022,28.121065139770508,400,0.0,0.0
2023-11-14 00:00:00-05:00,27.991306254449857,28.130335564193587,27.34250045184101,27.75959014892578,4500,0.0,0.0
2023-11-15 00:00:00-05:00,27.75959014892578,27.75959014892578,27.666903353145432,27.75959014892578,2600,0.0,0.0
2023-11-16 00:00:00-05:00,27.741053485205057,27.750322341918945,27.574217600062383,27.750322341918945,2400,0.0,0.0
2023-11-17 00:00:00-05:00,27.57421813056499,28.640111923217773,27.57421813056499,28.640111923217773,12600,0.0,0.0
2023-11-20 00:00:00-05:00,28.000571947763447,28.621571150339328,28.000571947763447,28.501079559326172,1800,0.0,0.0
2023-11-21 00:00:00-05:00,28.176678802557788,28.603037366967307,28.08399200439453,28.08399200439453,800,0.0,0.0
2023-11-22 00:00:00-05:00,28.08399200439453,28.08399200439453,28.08399200439453,28.08399200439453,0,0.0,0.0
2023-11-24 00:00:00-05:00,28.08399200439453,28.08399200439453,28.08399200439453,28.08399200439453,0,0.0,0.0
2023-11-27 00:00:00-05:00,28.44546890258789,28.44546890258789,28.44546890258789,28.44546890258789,100,0.0,0.0
2023-11-28 00:00:00-05:00,28.130336092966928,28.41766357421875,28.130336092966928,28.41766357421875,200,0.0,0.0
2023-11-29 00:00:00-05:00,28.130332579773466,28.269361874767217,28.037645793826503,28.23228645324707,6900,0.0,0.0
2023-11-30 00:00:00-05:00,28.130335144867423,28.269364452538703,28.130335144867423,28.260095596313477,500,0.0,0.0
2023-12-01 00:00:00-05:00,28.204479561653454,28.250822067260742,28.204479561653454,28.250822067260742,500,0.0,0.0
2023-12-04 00:00:00-05:00,28.250822067260742,28.250822067260742,28.250822067260742,28.250822067260742,0,0.0,0.0
2023-12-05 00:00:00-05:00,28.176675945822332,28.25082502326449,28.130333435366026,28.24155616760254,900,0.0,0.0
2023-12-06 00:00:00-05:00,28.130334854125977,28.130334854125977,28.130334854125977,28.130334854125977,500,0.0,0.0
2023-12-07 00:00:00-05:00,27.991304587843754,28.037647099047895,27.759588496116084,27.972766876220703,4300,0.0,0.0
2023-12-08 00:00:00-05:00,27.88935169850139,28.08399238622227,27.71324695638226,27.982038497924805,3700,0.0,0.0
2023-12-11 00:00:00-05:00,27.80593190486652,28.028379147963026,27.713245111612924,27.898618698120117,2200,0.0,0.0
2023-12-12 00:00:00-05:00,27.805931049188803,27.88934898376465,27.713244258787476,27.88934898376465,1500,0.0,0.0
2023-12-13 00:00:00-05:00,27.88934898376465,27.88934898376465,27.88934898376465,27.88934898376465,0,0.0,0.0
2023-12-14 00:00:00-05:00,27.796663806525768,27.889350602306116,27.75959014892578,27.75959014892578,9700,0.0,0.0
2023-12-15 00:00:00-05:00,27.75959014892578,27.75959014892578,27.75959014892578,27.75959014892578,200,0.0,0.0
2023-12-18 00:00:00-05:00,27.75959014892578,27.75959014892578,27.75959014892578,27.75959014892578,0,0.0,0.0
2023-12-19 00:00:00-05:00,27.713241577148438,27.713241577148438,27.713241577148438,27.713241577148438,3100,0.0,0.0
2023-12-20 00:00:00-05:00,27.713241577148438,27.713241577148438,27.713241577148438,27.713241577148438,0,0.0,0.0
2023-12-21 00:00:00-05:00,27.71324696526262,27.71324696526262,27.66690444946289,27.66690444946289,4700,0.0,0.0
2023-12-22 00:00:00-05:00,27.66690444946289,27.66690444946289,27.66690444946289,27.66690444946289,0,0.0,0.0
2023-12-26 00:00:00-05:00,27.66690444946289,27.66690444946289,27.66690444946289,27.66690444946289,0,0.0,0.0
2023-12-27 00:00:00-05:00,27.66690444946289,27.66690444946289,27.66690444946289,27.66690444946289,0,0.0,0.0
2023-12-28 00:00:00-05:00,27.574214935302734,27.574214935302734,27.4444544895556,27.574214935302734,3100,0.0,0.0
2023-12-29 00:00:00-05:00,27.666903687234665,27.805932998657227,27.666903687234665,27.805932998657227,3100,0.0,0.0
2024-01-02 00:00:00-05:00,27.805932998657227,27.805932998657227,27.805932998657227,27.805932998657227,0,0.0,0.0
2024-01-03 00:00:00-05:00,27.45372359670564,27.805931281752297,27.24981230254655,27.78739356994629,2200,0.0,0.0
2024-01-04 00:00:00-05:00,27.24981230254655,27.78739356994629,27.24981230254655,27.78739356994629,1800,0.0,0.0
2024-01-05 00:00:00-05:00,27.259082512424055,27.75959014892578,27.259082512424055,27.75959014892578,2100,0.0,0.0
2024-01-08 00:00:00-05:00,27.249814686490918,27.750322341918945,27.249814686490918,27.750322341918945,700,0.0,0.0
2024-01-09 00:00:00-05:00,27.750322341918945,27.750322341918945,27.750322341918945,27.750322341918945,0,0.0,0.0
2024-01-10 00:00:00-05:00,27.259082512424055,27.75959014892578,27.24981365606066,27.75959014892578,2200,0.0,0.0
2024-01-11 00:00:00-05:00,27.29615676926342,27.805931472450272,27.268350201363706,27.768856048583984,1300,0.0,0.0
2024-01-12 00:00:00-05:00,27.768856048583984,27.768856048583984,27.768856048583984,27.768856048583984,0,0.0,0.0
2024-01-16 00:00:00-05:00,27.768856048583984,27.768856048583984,27.768856048583984,27.768856048583984,0,0.0,0.0
2024-01-17 00:00:00-05:00,27.23127543173197,27.796663284301758,27.23127543173197,27.796663284301758,900,0.0,0.0
2024-01-18 00:00:00-05:00,27.796663284301758,27.796663284301758,27.796663284301758,27.796663284301758,0,0.0,0.0
2024-01-19 00:00:00-05:00,27.249813144110483,27.796663284301758,27.249813144110483,27.796663284301758,600,0.0,0.0
2024-01-22 00:00:00-05:00,27.277619712678252,27.796663284301758,27.277619712678252,27.796663284301758,300,0.0,0.0
2024-01-23 00:00:00-05:00,27.805932998657227,27.805932998657227,27.805932998657227,27.805932998657227,100,0.0,0.0
2024-01-24 00:00:00-05:00,27.231276272162724,27.805932998657227,27.231276272162724,27.805932998657227,3600,0.0,0.0
2024-01-25 00:00:00-05:00,27.805932998657227,27.805932998657227,27.805932998657227,27.805932998657227,0,0.0,0.0
2024-01-26 00:00:00-05:00,27.425917911988048,27.70397652661641,27.39811134338379,27.39811134338379,900,0.0,0.0
2024-01-29 00:00:00-05:00,27.546408705433755,27.62055778503418,27.546408705433755,27.62055778503418,400,0.0,0.0
2024-01-30 00:00:00-05:00,27.62055778503418,27.62055778503418,27.62055778503418,27.62055778503418,0,0.0,0.0
2024-01-31 00:00:00-05:00,27.78739356994629,27.78739356994629,27.620557699399214,27.78739356994629,700,0.0,0.0
2024-02-01 00:00:00-05:00,27.78739356994629,27.78739356994629,27.78739356994629,27.78739356994629,0,0.0,0.0
2024-02-02 00:00:00-05:00,27.497161564714975,28.040176585278523,27.431623760502028,27.89974021911621,900,0.3,0.0
2024-02-05 00:00:00-05:00,27.89974021911621,27.89974021911621,27.89974021911621,27.89974021911621,0,0.0,0.0
2024-02-06 00:00:00-05:00,27.89974021911621,27.89974021911621,27.89974021911621,27.89974021911621,0,0.0,0.0
2024-02-07 00:00:00-05:00,27.89974021911621,27.89974021911621,27.89974021911621,27.89974021911621,0,0.0,0.0
2024-02-08 00:00:00-05:00,27.89974021911621,27.89974021911621,27.89974021911621,27.89974021911621,0,0.0,0.0
2024-02-09 00:00:00-05:00,27.89974021911621,27.89974021911621,27.89974021911621,27.89974021911621,0,0.0,0.0
2024-02-12 00:00:00-05:00,27.89974021911621,27.89974021911621,27.89974021911621,27.89974021911621,0,0.0,0.0
2024-02-13 00:00:00-05:00,27.52524774287316,27.70313249930417,26.542203882161566,27.150754928588867,2800,0.0,0.0
2024-02-14 00:00:00-05:00,27.38481619632835,27.38481619632835,26.570292672463122,27.225656509399414,6000,0.0,0.0
2024-02-15 00:00:00-05:00,26.888610632612995,27.29119110107422,26.888610632612995,27.29119110107422,300,0.0,0.0
2024-02-16 00:00:00-05:00,27.328642116823662,28.133801292750285,27.328642116823662,28.086990356445312,8500,0.0,0.0
2024-02-20 00:00:00-05:00,27.384813122762214,28.077625274658203,27.384813122762214,28.077625274658203,400,0.0,0.0
2024-02-21 00:00:00-05:00,27.852932103474934,28.086990356445312,27.852932103474934,28.086990356445312,700,0.0,0.0
2024-02-22 00:00:00-05:00,28.086990356445312,28.086990356445312,28.086990356445312,28.086990356445312,0,0.0,0.0
2024-02-23 00:00:00-05:00,27.38481559753418,28.086990356445312,27.38481559753418,28.086990356445312,1600,0.0,0.0
2024-02-26 00:00:00-05:00,28.086990356445312,28.086990356445312,28.086990356445312,28.086990356445312,100,0.0,0.0
2024-02-27 00:00:00-05:00,28.086990356445312,28.086990356445312,28.086990356445312,28.086990356445312,0,0.0,0.0
2024-02-28 00:00:00-05:00,28.086990356445312,28.086990356445312,28.086990356445312,28.086990356445312,0,0.0,0.0
2024-02-29 00:00:00-05:00,28.086990356445312,28.086990356445312,28.086990356445312,28.086990356445312,0,0.0,0.0
2024-03-01 00:00:00-05:00,28.086990356445312,28.086990356445312,28.086990356445312,28.086990356445312,0,0.0,0.0
2024-03-04 00:00:00-05:00,27.71249750883726,28.086990356445312,27.71249750883726,28.086990356445312,600,0.0,0.0
2024-03-05 00:00:00-05:00,28.086990356445312,28.086990356445312,28.086990356445312,28.086990356445312,0,0.0,0.0
2024-03-06 00:00:00-05:00,27.30991702801257,28.086990356445312,27.30991702801257,28.086990356445312,400,0.0,0.0
2024-03-07 00:00:00-05:00,28.086990356445312,28.086990356445312,28.086990356445312,28.086990356445312,0,0.0,0.0
2024-03-08 00:00:00-05:00,28.086990356445312,28.086990356445312,28.086990356445312,28.086990356445312,0,0.0,0.0
2024-03-11 00:00:00-04:00,28.086990356445312,28.086990356445312,28.086990356445312,28.086990356445312,0,0.0,0.0
2024-03-12 00:00:00-04:00,28.086990356445312,28.086990356445312,28.086990356445312,28.086990356445312,0,0.0,0.0
2024-03-13 00:00:00-04:00,27.17884497778044,28.086990356445312,27.17884497778044,28.086990356445312,1000,0.0,0.0
2024-03-14 00:00:00-04:00,28.086990356445312,28.086990356445312,28.086990356445312,28.086990356445312,0,0.0,0.0
2024-03-15 00:00:00-04:00,28.086990356445312,28.086990356445312,28.086990356445312,28.086990356445312,0,0.0,0.0
2024-03-18 00:00:00-04:00,27.17884497778044,28.086990356445312,27.17884497778044,28.086990356445312,300,0.0,0.0
2024-03-19 00:00:00-04:00,28.086990356445312,28.086990356445312,28.086990356445312,28.086990356445312,0,0.0,0.0
2024-03-20 00:00:00-04:00,28.086990356445312,28.086990356445312,28.086990356445312,28.086990356445312,0,0.0,0.0
2024-03-21 00:00:00-04:00,28.086990356445312,28.086990356445312,28.086990356445312,28.086990356445312,0,0.0,0.0
2024-03-22 00:00:00-04:00,28.086990356445312,28.086990356445312,28.086990356445312,28.086990356445312,0,0.0,0.0
2024-03-25 00:00:00-04:00,27.197565531194936,27.909102762575202,27.17884222999953,27.89974021911621,5700,0.0,0.0
2024-03-26 00:00:00-04:00,27.85292862995437,28.07762431049755,27.85292862995437,27.946552276611328,1500,0.0,0.0
2024-03-27 00:00:00-04:00,27.89974021911621,27.89974021911621,27.89974021911621,27.89974021911621,200,0.0,0.0
2024-03-28 00:00:00-04:00,27.87165371643027,27.946552276611328,27.87165371643027,27.946552276611328,200,0.0,0.0
2024-04-01 00:00:00-04:00,27.450351840387903,27.918468350041785,27.057133900849735,27.684410095214844,7300,0.0,0.0
2024-04-02 00:00:00-04:00,27.338004878075722,27.684410095214844,27.253743763480205,27.684410095214844,900,0.0,0.0
2024-04-03 00:00:00-04:00,27.684410095214844,27.684410095214844,27.684410095214844,27.684410095214844,0,0.0,0.0
2024-04-04 00:00:00-04:00,27.347361086673725,27.89973861901643,27.338000329474163,27.75930404663086,1200,0.0,0.0
2024-04-05 00:00:00-04:00,27.75930404663086,27.75930404663086,27.75930404663086,27.75930404663086,0,0.0,0.0
2024-04-08 00:00:00-04:00,27.75930404663086,27.75930404663086,27.75930404663086,27.75930404663086,0,0.0,0.0
2024-04-09 00:00:00-04:00,27.75930404663086,27.75930404663086,27.75930404663086,27.75930404663086,0,0.0,0.0
2024-04-10 00:00:00-04:00,27.06649398803711,27.06649398803711,27.06649398803711,27.06649398803711,400,0.0,0.0
2024-04-11 00:00:00-04:00,27.066493357010163,27.60950837482109,27.057130813598633,27.057130813598633,1500,0.0,0.0
2024-04-12 00:00:00-04:00,27.010320346447582,27.150754928588867,27.010320346447582,27.150754928588867,700,0.0,0.0
2024-04-15 00:00:00-04:00,26.682639234140577,27.103944778442383,26.49539192873474,27.103944778442383,600,0.0,0.0
2024-04-16 00:00:00-04:00,27.103944778442383,27.103944778442383,27.103944778442383,27.103944778442383,0,0.0,0.0
2024-04-17 00:00:00-04:00,27.01032257080078,27.01032257080078,27.01032257080078,27.01032257080078,200,0.0,0.0
2024-04-18 00:00:00-04:00,26.598378504669462,26.598378504669462,26.074088542066555,26.58901596069336,4700,0.0,0.0
2024-04-19 00:00:00-04:00,26.308144432737517,26.57965104088501,25.980462565754667,26.495389938354492,2600,0.0,0.0
2024-04-22 00:00:00-04:00,26.495389938354492,26.495389938354492,26.495389938354492,26.495389938354492,0,0.0,0.0
2024-04-23 00:00:00-04:00,26.13026327549798,26.579654693603516,26.13026327549798,26.579654693603516,900,0.0,0.0
2024-04-24 00:00:00-04:00,26.579654693603516,26.579654693603516,26.579654693603516,26.579654693603516,0,0.0,0.0
2024-04-25 00:00:00-04:00,26.13026327549798,26.579654693603516,25.98046613612947,26.579654693603516,5300,0.0,0.0
2024-04-26 00:00:00-04:00,26.579654693603516,26.579654693603516,26.579654693603516,26.579654693603516,0,0.0,0.0
2024-04-29 00:00:00-04:00,26.579654693603516,26.579654693603516,26.579654693603516,26.579654693603516,0,0.0,0.0
2024-04-30 00:00:00-04:00,26.214521408081055,26.214521408081055,26.214521408081055,26.214521408081055,400,0.0,0.0
2024-05-01 00:00:00-04:00,26.214522853489303,26.579653136088798,26.120899200439453,26.120899200439453,3300,0.0,0.0
2024-05-02 00:00:00-04:00,26.16771125793457,26.16771125793457,26.12089853973241,26.16771125793457,1000,0.0,0.0
2024-05-03 00:00:00-04:00,27.426408767700195,27.426408767700195,27.426408767700195,27.426408767700195,300,0.3,0.0
2024-05-06 00:00:00-04:00,27.350698471069336,27.350698471069336,27.350698471069336,27.350698471069336,100,0.0,0.0
2024-05-07 00:00:00-04:00,25.571484254781893,27.350698471069336,25.571484254781893,27.350698471069336,300,0.0,0.0
2024-05-08 00:00:00-04:00,25.580947260938334,26.97214126586914,25.580947260938334,26.97214126586914,500,0.0,0.0
2024-05-09 00:00:00-04:00,26.97214126586914,26.97214126586914,26.97214126586914,26.97214126586914,0,0.0,0.0
2024-05-10 00:00:00-04:00,26.97214126586914,26.97214126586914,26.97214126586914,26.97214126586914,0,0.0,0.0
2024-05-13 00:00:00-04:00,26.97214126586914,26.97214126586914,26.97214126586914,26.97214126586914,0,0.0,0.0
2024-05-14 00:00:00-04:00,26.97214126586914,26.97214126586914,26.97214126586914,26.97214126586914,0,0.0,0.0
2024-05-15 00:00:00-04:00,27.331770536423882,27.331770536423882,25.647195757870968,26.943750381469727,2000,0.0,0.0
2024-05-16 00:00:00-04:00,26.943750381469727,26.943750381469727,26.943750381469727,26.943750381469727,0,0.0,0.0
2024-05-17 00:00:00-04:00,26.943750160884015,28.230842452690773,26.943750160884015,28.221378326416016,8300,0.0,0.0
2024-05-20 00:00:00-04:00,28.221378326416016,28.221378326416016,28.221378326416016,28.221378326416016,0,0.0,0.0
2024-05-21 00:00:00-04:00,28.221378326416016,28.221378326416016,28.221378326416016,28.221378326416016,0,0.0,0.0
2024-05-22 00:00:00-04:00,28.221378326416016,28.221378326416016,28.221378326416016,28.221378326416016,0,0.0,0.0
2024-05-23 00:00:00-04:00,28.221378326416016,28.221378326416016,28.221378326416016,28.221378326416016,0,0.0,0.0
2024-05-24 00:00:00-04:00,26.7355447981319,28.221378326416016,26.7355447981319,28.221378326416016,7900,0.0,0.0
2024-05-28 00:00:00-04:00,28.34441043918765,28.34441043918765,27.91853377815976,28.240306854248047,900,0.0,0.0
2024-05-29 00:00:00-04:00,27.473730669495378,28.240306854248047,27.473730669495378,28.240306854248047,2000,0.0,0.0
2024-05-30 00:00:00-04:00,28.240306854248047,28.240306854248047,28.240306854248047,28.240306854248047,100,0.0,0.0
2024-05-31 00:00:00-04:00,27.94692812226761,28.39173126220703,27.94692812226761,28.39173126220703,1300,0.0,0.0
2024-06-03 00:00:00-04:00,27.539977701793894,28.382265090942383,27.539977701793894,28.382265090942383,2200,0.0,0.0
2024-06-04 00:00:00-04:00,28.382265090942383,28.382265090942383,28.382265090942383,28.382265090942383,0,0.0,0.0
2024-06-05 00:00:00-04:00,28.382265090942383,28.382265090942383,28.382265090942383,28.382265090942383,0,0.0,0.0
2024-06-06 00:00:00-04:00,28.164597628721094,28.39173126220703,28.164597628721094,28.39173126220703,2000,0.0,0.0
2024-06-07 00:00:00-04:00,28.39173126220703,28.39173126220703,28.39173126220703,28.39173126220703,0,0.0,0.0
2024-06-10 00:00:00-04:00,28.39173126220703,28.39173126220703,28.39173126220703,28.39173126220703,0,0.0,0.0
2024-06-11 00:00:00-04:00,28.24977296691553,28.39173126220703,28.15513350168864,28.39173126220703,600,0.0,0.0
2024-06-12 00:00:00-04:00,27.61568920221664,29.41383171081543,27.606225075764836,29.41383171081543,5200,0.0,0.0
2024-06-13 00:00:00-04:00,28.704038069978285,29.385438919067383,28.704038069978285,29.385438919067383,600,0.0,0.0
2024-06-14 00:00:00-04:00,29.811316992758375,33.123685547509304,29.811316992758375,31.514820098876953,2500,0.0,0.0
2024-06-17 00:00:00-04:00,31.65677899879084,32.29085922241211,31.230902335808974,32.29085922241211,1700,0.0,0.0
2024-06-18 00:00:00-04:00,30.360226161783142,32.08265755814765,30.360226161783142,31.846059799194336,1400,0.0,0.0
2024-06-20 00:00:00-04:00,31.846059799194336,31.846059799194336,31.846059799194336,31.846059799194336,0,0.0,0.0
2024-06-21 00:00:00-04:00,31.798732932002768,31.798732932002768,30.379146575927734,30.379146575927734,3900,0.0,0.0
2024-06-24 00:00:00-04:00,31.136266708374023,31.136266708374023,31.136266708374023,31.136266708374023,700,0.0,0.0
2024-06-25 00:00:00-04:00,31.136266708374023,31.136266708374023,31.136266708374023,31.136266708374023,0,0.0,0.0
2024-06-26 00:00:00-04:00,30.71985233960312,31.136266708374023,30.71985233960312,31.136266708374023,500,0.0,0.0
2024-06-27 00:00:00-04:00,31.136266708374023,31.136266708374023,31.136266708374023,31.136266708374023,0,0.0,0.0
2024-06-28 00:00:00-04:00,30.8712739929583,31.2214412689209,30.8712739929583,31.2214412689209,2200,0.0,0.0
2024-07-01 00:00:00-04:00,30.890202117263257,31.22144113825824,29.95327523007762,30.928058624267578,10900,0.0,0.0
2024-07-02 00:00:00-04:00,30.928058624267578,30.928058624267578,30.928058624267578,30.928058624267578,0,0.0,0.0
2024-07-03 00:00:00-04:00,30.928058624267578,30.928058624267578,30.928058624267578,30.928058624267578,0,0.0,0.0
2024-07-05 00:00:00-04:00,30.284509056726666,30.852342157462367,30.284509056726666,30.663066864013672,400,0.0,0.0
2024-07-08 00:00:00-04:00,30.06683958110482,30.663066864013672,30.06683958110482,30.663066864013672,500,0.0,0.0
2024-07-09 00:00:00-04:00,30.123622530158908,30.663066864013672,30.114158404466995,30.663066864013672,1200,0.0,0.0
2024-07-10 00:00:00-04:00,30.663066864013672,30.663066864013672,30.663066864013672,30.663066864013672,0,0.0,0.0
2024-07-11 00:00:00-04:00,30.123624349736392,30.521108627319336,30.11416022347281,30.521108627319336,3100,0.0,0.0
2024-07-12 00:00:00-04:00,30.521108040398353,30.521108040398353,29.9532731111854,30.47378921508789,5400,0.0,0.0
2024-07-15 00:00:00-04:00,29.9627378134505,30.521108627319336,29.9627378134505,30.521108627319336,1100,0.0,0.0
2024-07-16 00:00:00-04:00,30.521108627319336,30.521108627319336,30.521108627319336,30.521108627319336,0,0.0,0.0
2024-07-17 00:00:00-04:00,30.521108627319336,30.521108627319336,30.521108627319336,30.521108627319336,0,0.0,0.0
2024-07-18 00:00:00-04:00,30.2845118904465,31.32554054260254,30.2845118904465,31.32554054260254,1700,0.0,0.0
2024-07-19 00:00:00-04:00,31.32554054260254,31.32554054260254,31.32554054260254,31.32554054260254,0,0.0,0.0
2024-07-22 00:00:00-04:00,31.23090362548828,31.23090362548828,31.23090362548828,31.23090362548828,200,0.0,0.0
2024-07-23 00:00:00-04:00,31.23089850781856,32.16782705153876,30.776631326382734,32.12997055053711,7200,0.0,0.0
2024-07-24 00:00:00-04:00,32.12997055053711,32.12997055053711,32.12997055053711,32.12997055053711,0,0.0,0.0
2024-07-25 00:00:00-04:00,31.410710657475683,32.12996971707046,31.410710657475683,32.073184967041016,3000,0.0,0.0
2024-07-26 00:00:00-04:00,32.12996971707046,32.12996971707046,31.429638907485497,32.073184967041016,7500,0.0,0.0
2024-07-29 00:00:00-04:00,32.073184967041016,32.073184967041016,32.073184967041016,32.073184967041016,0,0.0,0.0
2024-07-30 00:00:00-04:00,32.073184967041016,32.073184967041016,32.073184967041016,32.073184967041016,0,0.0,0.0
2024-07-31 00:00:00-04:00,32.073184967041016,32.073184967041016,32.073184967041016,32.073184967041016,0,0.0,0.0
2024-08-01 00:00:00-04:00,32.073184967041016,32.073184967041016,32.073184967041016,32.073184967041016,0,0.0,0.0
2024-08-02 00:00:00-04:00,32.0069465637207,32.0069465637207,32.0069465637207,32.0069465637207,100,0.0,0.0
2024-08-05 00:00:00-04:00,31.98784270431056,32.40798022255771,31.032981728062484,31.510412216186523,21600,0.3,0.0
2024-08-06 00:00:00-04:00,30.364582694205957,31.510416759413104,30.364582694205957,31.500869750976562,2200,0.0,0.0
2024-08-07 00:00:00-04:00,30.38368035358512,31.500869750976562,30.38368035358512,31.500869750976562,600,0.0,0.0
2024-08-08 00:00:00-04:00,30.402773857471313,31.51041245252657,30.402773857471313,31.395830154418945,5000,0.0,0.0
2024-08-09 00:00:00-04:00,31.042530134442686,31.51041363659771,31.042530134442686,31.405378341674805,1100,0.0,0.0
2024-08-12 00:00:00-04:00,31.405378341674805,31.405378341674805,31.405378341674805,31.405378341674805,0,0.0,0.0
2024-08-13 00:00:00-04:00,31.395830154418945,31.395830154418945,31.395830154418945,31.395830154418945,100,0.0,0.0
2024-08-14 00:00:00-04:00,31.395830154418945,31.395830154418945,31.395830154418945,31.395830154418945,0,0.0,0.0
2024-08-15 00:00:00-04:00,32.398433685302734,32.398433685302734,32.398433685302734,32.398433685302734,300,0.0,0.0
2024-08-16 00:00:00-04:00,31.166661681936326,31.510412216186523,31.04252873512252,31.510412216186523,8200,0.0,0.0
2024-08-19 00:00:00-04:00,31.052080920701968,31.50086676733986,31.052080920701968,31.319440841674805,2200,0.0,0.0
2024-08-20 00:00:00-04:00,31.061627026355726,31.41492821738967,31.061627026355726,31.138017654418945,2000,0.0,0.0
2024-08-21 00:00:00-04:00,31.510415066541913,32.3984361461813,31.300344467163086,31.300344467163086,7200,0.0,0.0
2024-08-22 00:00:00-04:00,31.4053797668525,31.4053797668525,31.300344467163086,31.300344467163086,500,0.0,0.0
2024-08-23 00:00:00-04:00,31.309895117592607,31.510415066541913,31.300344467163086,31.300344467163086,1900,0.0,0.0
2024-08-26 00:00:00-04:00,31.281249443370598,31.290800094604492,31.281249443370598,31.290800094604492,300,0.0,0.0
2024-08-27 00:00:00-04:00,31.309895117592607,31.309895117592607,31.300344467163086,31.300344467163086,200,0.0,0.0
2024-08-28 00:00:00-04:00,31.281243979184538,32.217010941312545,30.842008804311757,31.510412216186523,1400,0.0,0.0
2024-08-29 00:00:00-04:00,31.510412216186523,31.510412216186523,31.510412216186523,31.510412216186523,0,0.0,0.0
2024-08-30 00:00:00-04:00,31.510412216186523,31.510412216186523,31.510412216186523,31.510412216186523,0,0.0,0.0
2024-09-03 00:00:00-04:00,31.510412216186523,31.510412216186523,31.510412216186523,31.510412216186523,0,0.0,0.0
2024-09-04 00:00:00-04:00,30.85155945387735,31.510412216186523,30.85155945387735,31.510412216186523,2200,0.0,0.0
2024-09-05 00:00:00-04:00,31.510412216186523,31.510412216186523,31.510412216186523,31.510412216186523,0,0.0,0.0
2024-09-06 00:00:00-04:00,31.510412216186523,31.510412216186523,31.510412216186523,31.510412216186523,0,0.0,0.0
2024-09-09 00:00:00-04:00,31.510412216186523,31.510412216186523,31.510412216186523,31.510412216186523,100,0.0,0.0
2024-09-10 00:00:00-04:00,31.510412216186523,31.510412216186523,31.510412216186523,31.510412216186523,0,0.0,0.0
2024-09-11 00:00:00-04:00,31.510412216186523,31.510412216186523,31.510412216186523,31.510412216186523,0,0.0,0.0
2024-09-12 00:00:00-04:00,31.510412216186523,31.510412216186523,31.510412216186523,31.510412216186523,0,0.0,0.0
2024-09-13 00:00:00-04:00,31.1762130316384,31.892358779907227,30.8420094969429,31.892358779907227,2600,0.0,0.0
2024-09-16 00:00:00-04:00,31.892358779907227,31.892358779907227,31.892358779907227,31.892358779907227,0,0.0,0.0
2024-09-17 00:00:00-04:00,31.892358779907227,31.892358779907227,31.892358779907227,31.892358779907227,0,0.0,0.0
2024-09-18 00:00:00-04:00,31.892358779907227,31.892358779907227,31.892358779907227,31.892358779907227,0,0.0,0.0
2024-09-19 00:00:00-04:00,30.88975112462305,31.892358063687976,30.88975112462305,31.510412216186523,20200,0.0,0.0
2024-09-20 00:00:00-04:00,31.510412216186523,31.510412216186523,31.510412216186523,31.510412216186523,100,0.0,0.0
2024-09-23 00:00:00-04:00,31.510412216186523,31.510412216186523,31.510412216186523,31.510412216186523,0,0.0,0.0
2024-09-24 00:00:00-04:00,31.510412216186523,31.510412216186523,31.510412216186523,31.510412216186523,0,0.0,0.0
2024-09-25 00:00:00-04:00,31.510412216186523,31.510412216186523,31.510412216186523,31.510412216186523,0,0.0,0.0
2024-09-26 00:00:00-04:00,30.86110884288609,31.223957061767578,30.86110884288609,31.223957061767578,3100,0.0,0.0
2024-09-27 00:00:00-04:00,30.889751992515933,31.22395552909603,30.555552098441492,31.023435592651367,5400,0.0,0.0
2024-09-30 00:00:00-04:00,30.61284520447828,31.023435729006174,30.61284520447828,30.937498092651367,2700,0.0,0.0
2024-10-01 00:00:00-04:00,30.94704756416229,31.023438199229425,30.345485883032474,30.927949905395508,6000,0.0,0.0
2024-10-02 00:00:00-04:00,30.565101673838555,30.927949905395508,30.565101673838555,30.927949905395508,1400,0.0,0.0
2024-10-03 00:00:00-04:00,30.565102351970154,30.927950591577428,30.55555534362793,30.55555534362793,2900,0.0,0.0
2024-10-04 00:00:00-04:00,30.55555534362793,30.918403583235204,30.364582394229046,30.55555534362793,800,0.0,0.0
2024-10-07 00:00:00-04:00,30.55555534362793,30.55555534362793,30.55555534362793,30.55555534362793,0,0.0,0.0
2024-10-08 00:00:00-04:00,30.55555534362793,30.55555534362793,30.55555534362793,30.55555534362793,0,0.0,0.0
2024-10-09 00:00:00-04:00,30.555555986168116,30.555555986168116,30.34548719441431,30.54600715637207,800,0.0,0.0
2024-10-10 00:00:00-04:00,30.54600715637207,30.54600715637207,30.54600715637207,30.54600715637207,0,0.0,0.0
2024-10-11 00:00:00-04:00,30.54600715637207,30.54600715637207,30.54600715637207,30.54600715637207,0,0.0,0.0
2024-10-14 00:00:00-04:00,30.54600715637207,30.54600715637207,30.54600715637207,30.54600715637207,0,0.0,0.0
2024-10-15 00:00:00-04:00,30.34548414493723,30.507810592651367,30.269095335498392,30.507810592651367,2400,0.0,0.0
2024-10-16 00:00:00-04:00,30.507810592651367,30.507810592651367,30.507810592651367,30.507810592651367,0,0.0,0.0
2024-10-17 00:00:00-04:00,30.27864234308198,30.8229128379903,30.269095335498392,30.507810592651367,2100,0.0,0.0
2024-10-18 00:00:00-04:00,30.55555534362793,30.55555534362793,30.55555534362793,30.55555534362793,100,0.0,0.0
2024-10-21 00:00:00-04:00,30.55555534362793,30.55555534362793,30.55555534362793,30.55555534362793,0,0.0,0.0
2024-10-22 00:00:00-04:00,30.55555534362793,30.55555534362793,30.27864474912485,30.55555534362793,1000,0.0,0.0
2024-10-23 00:00:00-04:00,30.221353592806395,30.55555534362793,30.221353592806395,30.55555534362793,400,0.0,0.0
2024-10-24 00:00:00-04:00,30.889753341674805,30.889753341674805,30.889753341674805,30.889753341674805,200,0.0,0.0
2024-10-25 00:00:00-04:00,30.88975112462305,31.510412216186523,30.88975112462305,31.510412216186523,9200,0.0,0.0
2024-10-28 00:00:00-04:00,31.510412216186523,31.510412216186523,31.510412216186523,31.510412216186523,0,0.0,0.0
2024-10-29 00:00:00-04:00,31.510412216186523,31.510412216186523,31.510412216186523,31.510412216186523,0,0.0,0.0
2024-10-30 00:00:00-04:00,31.510412216186523,31.510412216186523,31.510412216186523,31.510412216186523,0,0.0,0.0
2024-10-31 00:00:00-04:00,31.032983468286687,31.26215171813965,30.32638652478989,31.26215171813965,600,0.0,0.0
2024-11-01 00:00:00-04:00,31.26215171813965,31.26215171813965,31.26215171813965,31.26215171813965,0,0.0,0.0
2024-11-04 00:00:00-05:00,31.032983468286687,31.26215171813965,30.74652588784981,31.26215171813965,1000,0.0,0.0
2024-11-05 00:00:00-05:00,31.26215171813965,31.26215171813965,31.26215171813965,31.26215171813965,0,0.0,0.0
2024-11-06 00:00:00-05:00,31.26215168792401,31.987844467163086,31.26215168792401,31.987844467163086,12100,0.0,0.0
2024-11-07 00:00:00-05:00,31.605901017047017,31.70138931274414,31.414931710664842,31.70138931274414,5700,0.0,0.0
2024-11-08 00:00:00-05:00,32.000186920166016,32.000186920166016,32.000186920166016,32.000186920166016,0,0.31,0.0
2024-11-11 00:00:00-05:00,32.28934707926934,32.74236297607422,32.28934707926934,32.74236297607422,900,0.0,0.0
2024-11-12 00:00:00-05:00,32.289345641429485,32.645973205566406,31.874885089795427,32.645973205566406,1500,0.0,0.0
2024-11-13 00:00:00-05:00,32.645973205566406,32.645973205566406,32.645973205566406,32.645973205566406,0,0.0,0.0
2024-11-14 00:00:00-05:00,32.60741943876731,32.60741943876731,32.3375358581543,32.3375358581543,1500,0.0,0.0
2024-11-15 00:00:00-05:00,32.289344634980864,33.38814562531,32.289344634980864,33.34959030151367,6400,0.0,0.0
2024-11-18 00:00:00-05:00,33.25320456574655,33.39778518676758,33.25320456574655,33.39778518676758,2500,0.0,0.0
2024-11-19 00:00:00-05:00,33.39778518676758,33.39778518676758,33.39778518676758,33.39778518676758,0,0.0,0.0
2024-11-20 00:00:00-05:00,33.44597625732422,33.44597625732422,33.44597625732422,33.44597625732422,100,0.0,0.0
2024-11-21 00:00:00-05:00,33.25320332874654,33.44597625732422,33.25320332874654,33.44597625732422,700,0.0,0.0
2024-11-22 00:00:00-05:00,33.44597625732422,33.44597625732422,33.44597625732422,33.44597625732422,0,0.0,0.0
2024-11-25 00:00:00-05:00,33.44597625732422,33.44597625732422,33.44597625732422,33.44597625732422,0,0.0,0.0
2024-11-26 00:00:00-05:00,33.031518072289046,33.34959030151367,33.031518072289046,33.34959030151367,700,0.0,0.0
2024-11-27 00:00:00-05:00,33.02187470175427,34.217063903808594,32.96404539762822,34.217063903808594,3000,0.0,0.0
2024-11-29 00:00:00-05:00,34.217063903808594,34.217063903808594,34.217063903808594,34.217063903808594,0,0.0,0.0
2024-12-02 00:00:00-05:00,33.73513373551041,34.506221771240234,33.73513373551041,34.506221771240234,3700,0.0,0.0
2024-12-03 00:00:00-05:00,34.02428620209428,34.40983200073242,34.02428620209428,34.40983200073242,1200,0.0,0.0
2024-12-04 00:00:00-05:00,34.31344371265427,34.40983200073242,34.31344371265427,34.40983200073242,500,0.0,0.0
2024-12-05 00:00:00-05:00,34.36164443173123,34.40019607543945,34.36164443173123,34.40019607543945,800,0.0,0.0
2024-12-06 00:00:00-05:00,34.36164474487305,34.36164474487305,34.36164474487305,34.36164474487305,200,0.0,0.0
2024-12-09 00:00:00-05:00,34.36164474487305,34.36164474487305,34.36164474487305,34.36164474487305,100,0.0,0.0
2024-12-10 00:00:00-05:00,34.36164474487305,34.36164474487305,34.36164474487305,34.36164474487305,0,0.0,0.0
2024-12-11 00:00:00-05:00,33.744771553266595,34.35200500488281,33.744771553266595,34.35200500488281,600,0.0,0.0
2024-12-12 00:00:00-05:00,34.35200500488281,34.35200500488281,34.35200500488281,34.35200500488281,0,0.0,0.0
2024-12-13 00:00:00-05:00,33.735134734898885,34.31344985961914,33.70622008171424,34.31344985961914,4100,0.0,0.0
2024-12-16 00:00:00-05:00,34.31344985961914,34.31344985961914,34.31344985961914,34.31344985961914,0,0.0,0.0
2024-12-17 00:00:00-05:00,33.73513524609983,34.747188568115234,33.72549825383821,34.747188568115234,3700,0.0,0.0
2024-12-18 00:00:00-05:00,33.64838477806412,34.785740964839675,33.64838477806412,34.77610397338867,4500,0.0,0.0
2024-12-19 00:00:00-05:00,33.64838615020385,34.68935775756836,33.64838615020385,34.68935775756836,1500,0.0,0.0
2024-12-20 00:00:00-05:00,33.98573902356004,35.59538888988586,33.98573902356004,35.17129135131836,10100,0.0,0.0
2024-12-23 00:00:00-05:00,34.756828127710435,35.12309265136719,34.68935815351904,35.12309265136719,1400,0.0,0.0
2024-12-24 00:00:00-05:00,33.77368979305372,35.08454132080078,33.77368979305372,35.08454132080078,800,0.0,0.0
2024-12-26 00:00:00-05:00,34.93996070233185,35.08454132080078,34.93996070233185,35.08454132080078,3600,0.0,0.0
2024-12-27 00:00:00-05:00,34.69899545610887,35.08454132080078,34.69899545610887,35.08454132080078,700,0.0,0.0
2024-12-30 00:00:00-05:00,35.08454132080078,35.08454132080078,35.08454132080078,35.08454132080078,0,0.0,0.0
2024-12-31 00:00:00-05:00,35.08454132080078,35.08454132080078,35.08454132080078,35.08454132080078,500,0.0,0.0
2025-01-02 00:00:00-05:00,35.08454132080078,35.08454132080078,35.08454132080078,35.08454132080078,0,0.0,0.0
2025-01-03 00:00:00-05:00,34.69899523504849,34.93996047973633,34.69899523504849,34.93996047973633,1800,0.0,0.0
2025-01-06 00:00:00-05:00,34.93996047973633,34.93996047973633,34.93996047973633,34.93996047973633,300,0.0,0.0
2025-01-07 00:00:00-05:00,34.89176940917969,34.89176940917969,34.89176940917969,34.89176940917969,100,0.0,0.0
2025-01-08 00:00:00-05:00,34.89176940917969,34.89176940917969,34.89176940917969,34.89176940917969,0,0.0,0.0
2025-01-10 00:00:00-05:00,34.89176940917969,34.89176940917969,34.89176940917969,34.89176940917969,0,0.0,0.0
2025-01-13 00:00:00-05:00,34.89176940917969,34.89176940917969,34.89176940917969,34.89176940917969,0,0.0,0.0
2025-01-14 00:00:00-05:00,34.89176940917969,34.89176940917969,34.89176940917969,34.89176940917969,0,0.0,0.0
2025-01-15 00:00:00-05:00,33.937545388413135,34.89176940917969,33.937545388413135,34.89176940917969,1300,0.0,0.0
2025-01-16 00:00:00-05:00,34.89176940917969,34.89176940917969,34.89176940917969,34.89176940917969,0,0.0,0.0
2025-01-17 00:00:00-05:00,34.89176940917969,34.89176940917969,34.89176940917969,34.89176940917969,0,0.0,0.0
2025-01-21 00:00:00-05:00,34.22670295697216,34.89176940917969,34.22670295697216,34.89176940917969,400,0.0,0.0
2025-01-22 00:00:00-05:00,34.43875373202767,34.87249192549663,34.21706613910754,34.853214263916016,1900,0.0,0.0
2025-01-23 00:00:00-05:00,34.22670417966554,34.84357833862305,34.21706718699909,34.84357833862305,1200,0.0,0.0
2025-01-24 00:00:00-05:00,34.84357833862305,34.84357833862305,34.84357833862305,34.84357833862305,0,0.0,0.0
2025-01-27 00:00:00-05:00,33.65801954084652,34.83393096923828,33.65801954084652,34.83393096923828,700,0.0,0.0
2025-01-28 00:00:00-05:00,34.83393096923828,34.83393096923828,34.83393096923828,34.83393096923828,0,0.0,0.0
2025-01-29 00:00:00-05:00,34.83393096923828,34.83393096923828,34.83393096923828,34.83393096923828,0,0.0,0.0
2025-01-30 00:00:00-05:00,33.78332656986714,34.93996047973633,33.78332656986714,34.93996047973633,400,0.0,0.0
2025-01-31 00:00:00-05:00,34.93996047973633,34.93996047973633,34.93996047973633,34.93996047973633,0,0.0,0.0
2025-02-03 00:00:00-05:00,35.2413330078125,35.2413330078125,35.2413330078125,35.2413330078125,0,0.31,0.0
2025-02-04 00:00:00-05:00,35.13439373651591,35.13439373651591,34.03583526611328,34.03583526611328,300,0.0,0.0
2025-02-05 00:00:00-05:00,34.04555866277525,34.05527877807617,34.04555866277525,34.05527877807617,700,0.0,0.0
2025-02-06 00:00:00-05:00,34.045562744140625,34.055282860606795,34.045562744140625,34.045562744140625,700,0.0,0.0
2025-02-07 00:00:00-05:00,32.32481099244915,33.316429699499444,31.479019983823353,32.95672607421875,122000,0.0,0.0
2025-02-10 00:00:00-05:00,32.2373125834022,32.47063614084725,32.10120872012265,32.22759246826172,7500,0.0,0.0
2025-02-11 00:00:00-05:00,32.17898132960281,32.17898132960281,31.644285982275093,32.03315734863281,14000,0.0,0.0
2025-02-12 00:00:00-05:00,31.96510676889583,31.96510676889583,31.576235386077062,31.887331008911133,4300,0.0,0.0
2025-02-13 00:00:00-05:00,31.965104630030456,32.08176455364914,31.829000767716646,31.984548568725586,8200,0.0,0.0
2025-02-14 00:00:00-05:00,31.984551406771985,32.03315940354683,31.167924451876246,31.85816764831543,13300,0.0,0.0
2025-02-18 00:00:00-05:00,31.838721665453953,32.03315734863281,31.712337915104865,32.03315734863281,8200,0.0,0.0
2025-02-19 00:00:00-05:00,31.955385202610834,31.955385202610834,31.692897556943468,31.790117263793945,4500,0.0,0.0
2025-02-20 00:00:00-05:00,31.790112595992248,31.96510433407613,31.59567691939326,31.82900047302246,17100,0.0,0.0
2025-02-21 00:00:00-05:00,31.83872413635254,31.8970559583988,31.82900402028774,31.83872413635254,4200,0.0,0.0
2025-02-24 00:00:00-05:00,31.838721870401614,31.838721870401614,31.741505882462498,31.77066993713379,6000,0.0,0.0
2025-02-25 00:00:00-05:00,31.78039300981913,31.848444949419502,31.741508836156463,31.809560775756836,4900,0.0,0.0
2025-02-26 00:00:00-05:00,31.5762360750479,32.256759155553084,31.5762360750479,31.85816764831543,3400,0.0,0.0
2025-02-27 00:00:00-05:00,31.790115591017063,31.790115591017063,31.683175773384953,31.692895889282227,4000,0.0,0.0
2025-02-28 00:00:00-05:00,31.838725262942877,31.838725262942877,31.741509264645014,31.790117263793945,2600,0.0,0.0
2025-03-03 00:00:00-05:00,31.78039117597974,31.790115000248733,31.595679308944757,31.722063064575195,5500,0.0,0.0
2025-03-04 00:00:00-05:00,31.605398781919703,31.69289465579952,31.401242979050892,31.498462677001953,5400,0.0,0.0
2025-03-05 00:00:00-05:00,31.430410673010492,31.887330272434216,31.187366991500244,31.58595848083496,10000,0.0,0.0
2025-03-06 00:00:00-05:00,31.391524925236858,31.595680741514037,31.284585104743332,31.488740921020508,7000,0.0,0.0
2025-03-07 00:00:00-05:00,31.595678898617745,31.72206265260686,31.401243209838867,31.401243209838867,4800,0.0,0.0
2025-03-10 00:00:00-04:00,31.751226474570156,32.072045914980244,31.206807291701047,31.498462677001953,75700,0.0,0.0
2025-03-11 00:00:00-04:00,31.449851974356697,31.595679671646796,29.077746897164232,31.284584045410156,40200,0.0,0.0
2025-03-12 00:00:00-04:00,31.362354408997714,31.722061720664332,31.284582360902363,31.527626037597656,31200,0.0,0.0
2025-03-13 00:00:00-04:00,31.547069217110078,32.10120848994757,31.547069217110078,31.644285202026367,50400,0.0,0.0
2025-03-14 00:00:00-04:00,31.770670006056687,31.770670006056687,31.64428625461988,31.68317413330078,30700,0.0,0.0
2025-03-17 00:00:00-04:00,31.78039076687052,32.21787013953471,31.692894892337687,31.906774520874023,44100,0.0,0.0
2025-03-18 00:00:00-04:00,31.83872413635254,31.974828012574655,31.790116138923565,31.83872413635254,22200,0.0,0.0
2025-03-19 00:00:00-04:00,31.790116138923565,32.32481152774724,31.479020505115162,31.83872413635254,72500,0.0,0.0
2025-03-20 00:00:00-04:00,31.790115591017063,31.88733158419948,31.58595978020254,31.692895889282227,72200,0.0,0.0
2025-03-21 00:00:00-04:00,31.595678617243482,32.237313788513106,31.47901868843599,31.7512264251709,319300,0.0,0.0
2025-03-24 00:00:00-04:00,31.702618026825984,31.965105644714363,31.605398330264237,31.935937881469727,56600,0.0,0.0
2025-03-25 00:00:00-04:00,32.033157501585286,32.52896497293418,31.93593780525555,32.36369705200195,63500,0.0,0.0
2025-03-26 00:00:00-04:00,32.276203735392436,32.59701948730402,31.92622021799616,32.08176803588867,19700,0.0,0.0
2025-03-27 00:00:00-04:00,32.247033424086055,32.52896498068111,31.83872182506057,32.023433685302734,22500,0.0,0.0
2025-03-28 00:00:00-04:00,32.237314349076506,32.237314349076506,31.654010986343906,31.89705467224121,12200,0.0,0.0
2025-03-31 00:00:00-04:00,31.974827152521367,31.974827152521367,30.98321030999847,31.87761116027832,16900,0.0,0.0
2025-04-01 00:00:00-04:00,31.974829143980934,32.00399320175977,31.702621381904823,31.790117263793945,18100,0.0,0.0
2025-04-02 00:00:00-04:00,31.624841265693824,32.27620023204834,31.61512115062231,31.984548568725586,30900,0.0,0.0
2025-04-03 00:00:00-04:00,31.92621917179882,31.92621917179882,30.67211284507575,30.866548538208008,22000,0.0,0.0
2025-04-04 00:00:00-04:00,30.623504638671875,32.081766764322914,30.254079049388466,30.623504638671875,28800,0.0,0.0
2025-04-07 00:00:00-04:00,30.63322653989743,30.983210042636113,30.166583105763305,30.205469131469727,20900,0.0,0.0
2025-04-08 00:00:00-04:00,30.623504483554047,31.06098386074386,28.552773091500004,28.863868713378906,32300,0.0,0.0
2025-04-09 00:00:00-04:00,28.805536116337702,31.479018448629443,28.027797082625426,31.342914581298828,41400,0.0,0.0
2025-04-10 00:00:00-04:00,30.866548913813673,30.866548913813673,29.388842820000082,29.505504608154297,11200,0.0,0.0
2025-04-11 00:00:00-04:00,29.7291033022541,29.836043116400976,29.35967771908258,29.71938133239746,32200,0.0,0.0
2025-04-14 00:00:00-04:00,29.923538421698098,30.137416191647812,29.699936827800542,29.913816452026367,28300,0.0,0.0
2025-04-15 00:00:00-04:00,30.08880856112833,30.380460237699797,30.059642651760733,30.234634399414062,19900,0.0,0.0
2025-04-16 00:00:00-04:00,30.215190744369465,30.331852528662328,29.3499558220203,30.13741683959961,21100,0.0,0.0
2025-04-17 00:00:00-04:00,30.74988746423167,30.74988746423167,30.176306050176343,30.33185386657715,26100,0.0,0.0
2025-04-21 00:00:00-04:00,30.331853029527732,30.788774495811193,29.95270361502221,30.28324317932129,20400,0.0,0.0
2025-04-22 00:00:00-04:00,30.594338372973354,31.099869682348746,30.312408662848412,30.808218002319336,55100,0.0,0.0
2025-04-23 00:00:00-04:00,31.12903658517247,31.692896023411176,31.09987067452859,31.352636337280273,20300,0.0,0.0
2025-04-24 00:00:00-04:00,30.477678600426685,31.82900275572377,30.477678600426685,31.556791305541992,15800,0.0,0.0
2025-04-25 00:00:00-04:00,31.55679078722031,31.595678666400737,31.187367060663114,31.498462677001953,8800,0.0,0.0
2025-04-28 00:00:00-04:00,30.86654987597853,30.86654987597853,28.173625237047958,29.631887435913086,48300,0.0,0.0
2025-04-29 00:00:00-04:00,29.48606133592799,29.894374822306148,28.358338726745693,28.970808029174805,121400,0.0,0.0
2025-04-30 00:00:00-04:00,28.92219692958162,29.26245844078485,28.92219692958162,29.194406509399414,79600,0.0,0.0
2025-05-01 00:00:00-04:00,28.92219806212111,29.836042822608977,28.92219806212111,29.311067581176758,33400,0.0,0.0
2025-05-02 00:00:00-04:00,29.53466740119723,29.923538775560584,29.340233568291687,29.729103088378906,33800,0.0,0.0
2025-05-05 00:00:00-04:00,29.463927244368122,29.905886902340065,29.080896789636473,29.19875144958496,24400,0.31,0.0
2025-05-06 00:00:00-04:00,28.99250444722159,29.670173415488012,28.99250444722159,29.080896377563477,17700,0.0,0.0
2025-05-07 00:00:00-04:00,29.37553583214818,29.778209361746068,29.257681170115962,29.689817428588867,18700,0.0,0.0
2025-05-08 00:00:00-04:00,29.72910231347145,31.104085176659105,29.72910231347145,30.210346221923828,32000,0.0,0.0
2025-05-09 00:00:00-04:00,30.82908938544532,30.82908938544532,30.62284278869629,30.62284278869629,5300,0.0,0.0
2025-05-12 00:00:00-04:00,31.388903580328343,31.889792451995334,30.937124252319336,30.937124252319336,22000,0.0,0.0
2025-05-13 00:00:00-04:00,32.03710984337279,32.03710984337279,30.937124252319336,30.937124252319336,14700,0.0,0.0
2025-05-14 00:00:00-04:00,31.202299118041992,31.830862294102474,30.937123325666718,31.202299118041992,7200,0.0,0.0
2025-05-15 00:00:00-04:00,31.408547400175127,31.673723206839515,31.408547400175127,31.487119674682617,10100,0.0,0.0
2025-05-16 00:00:00-04:00,31.487118634033965,32.164787619868946,31.37908363342285,31.37908363342285,34400,0.0,0.0
2025-05-19 00:00:00-04:00,31.575510260811985,31.673721853216872,31.33979719389532,31.477294921875,10400,0.0,0.0
2025-05-20 00:00:00-04:00,31.477296745014083,31.771935285826064,31.438010607163868,31.447834014892578,10400,0.0,0.0
2025-05-21 00:00:00-04:00,31.428189441485472,31.575510578105288,31.035337448120117,31.035337448120117,10400,0.0,0.0
2025-05-22 00:00:00-04:00,31.084441987609136,31.231761245004574,30.524627685546875,30.524627685546875,12900,0.0,0.0
2025-05-23 00:00:00-04:00,30.44605827331543,31.182656457347253,30.44605827331543,30.44605827331543,16000,0.0,0.0
2025-05-27 00:00:00-04:00,30.848731592521233,31.90943476881821,30.848731592521233,31.60497283935547,30500,0.0,0.0
2025-05-28 00:00:00-04:00,31.663902378387533,31.673722039072803,31.329975843840504,31.349618911743164,11300,0.0,0.0
2025-05-29 00:00:00-04:00,31.64426058604731,31.673723315822862,31.172836303710938,31.172836303710938,19600,0.0,0.0
2025-05-30 00:00:00-04:00,31.438008044418556,31.438008044418556,30.888017145478646,30.92730140686035,12400,0.0,0.0
2025-06-02 00:00:00-04:00,31.153191855610203,31.172834923434902,30.44605827331543,30.44605827331543,23600,0.0,0.0
2025-06-03 00:00:00-04:00,30.789805466694208,30.937124733629698,30.367488861083984,30.367488861083984,10900,0.0,0.0
2025-06-04 00:00:00-04:00,30.210346282031203,31.03533637623842,30.053205490112305,30.053205490112305,11500,0.0,0.0
2025-06-05 00:00:00-04:00,30.347845023152274,30.544271956263266,30.09249075941441,30.161239624023438,8800,0.0,0.0
2025-06-06 00:00:00-04:00,30.544271416388256,30.544271416388256,29.974635568354064,30.013919830322266,10800,0.0,0.0
2025-06-09 00:00:00-04:00,30.28891640199751,30.44605719248454,29.346069785809355,29.463926315307617,11500,0.0,0.0
2025-06-10 00:00:00-04:00,30.838909233512705,30.838909233512705,29.218393657418332,29.650531768798828,22000,0.0,0.0
2025-06-11 00:00:00-04:00,29.611247931799177,30.08267034082549,29.41482286467128,29.581785202026367,20000,0.0,0.0
2025-06-12 00:00:00-04:00,29.49339216340309,29.72910335910289,29.149645967199444,29.630889892578125,14000,0.0,0.0
2025-06-13 00:00:00-04:00,30.004100050359078,30.004100050359078,29.267501831054688,29.267501831054688,8000,0.0,0.0
2025-06-16 00:00:00-04:00,29.454107237792986,30.563916270573973,29.110361027464375,29.267501831054688,10200,0.0,0.0
2025-06-17 00:00:00-04:00,29.866601022315866,29.886244090230647,28.9139347076416,28.9139347076416,42600,0.0,0.0
2025-06-18 00:00:00-04:00,29.483569960085436,29.68981654916576,28.52108213117856,28.58000946044922,64000,0.0,0.0
2025-06-20 00:00:00-04:00,29.689818455943506,29.689818455943506,28.187159286806814,28.737152099609375,65800,0.0,0.0
2025-06-23 00:00:00-04:00,29.061253648859466,29.46392717032597,28.46215319695104,28.481796264648438,48600,0.0,0.0
2025-06-24 00:00:00-04:00,28.9237545426672,29.660352686810516,28.678221827952765,28.97286033630371,62100,0.0,0.0
2025-06-25 00:00:00-04:00,29.198750854022258,29.43446204237751,28.727328477311755,29.208572387695312,31100,0.0,0.0
2025-06-26 00:00:00-04:00,29.34607133746739,30.5933780670166,28.874648941080093,30.5933780670166,39000,0.0,0.0
2025-06-27 00:00:00-04:00,30.937123591677217,31.133550522518092,29.483570297906073,29.88624382019043,586000,0.0,0.0
2025-06-30 00:00:00-04:00,30.573734389061755,30.632663592384397,30.004098536471894,30.07284927368164,31400,0.0,0.0
2025-07-01 00:00:00-04:00,30.072848863378585,31.791576058319542,30.033562728366164,31.703184127807617,52700,0.0,0.0
2025-07-02 00:00:00-04:00,31.781758638522966,32.30228685127389,31.604974765035422,32.13532638549805,24600,0.0,0.0
2025-07-03 00:00:00-04:00,32.33174983910258,32.704960657944106,32.145146302947985,32.56746292114258,7900,0.0,0.0
2025-07-07 00:00:00-04:00,32.626391879762224,32.842458144576355,32.2138949259674,32.321929931640625,14900,0.0,0.0
2025-07-08 00:00:00-04:00,32.70496027503227,33.12727688828235,32.50853333338744,32.82281494140625,20400,0.0,0.0
2025-07-09 00:00:00-04:00,32.979958551510485,33.087989807128906,32.42996387989476,33.087989807128906,8400,0.0,0.0
2025-07-10 00:00:00-04:00,33.22549058792729,33.2844160449317,32.52817479227408,32.53799819946289,13700,0.0,0.0
2025-07-11 00:00:00-04:00,32.439781077396376,32.763886059236825,32.321926423332535,32.75406265258789,13600,0.0,0.0
2025-07-14 00:00:00-04:00,32.65585106529001,33.07816763442834,32.65585106529001,32.75406265258789,12500,0.0,0.0
2025-07-15 00:00:00-04:00,32.547815196226495,32.979955160394766,31.82104047808645,31.830860137939453,14200,0.0,0.0
2025-07-16 00:00:00-04:00,32.410322273213175,32.53800034937914,31.654080970587653,32.43978500366211,14300,0.0,0.0
2025-07-17 00:00:00-04:00,31.889791042202127,33.00941965191548,31.889791042202127,32.80317306518555,24100,0.0,0.0
2025-07-18 00:00:00-04:00,33.029061940876474,33.35316317716723,32.537996509835025,32.940670013427734,24200,0.0,0.0
2025-07-21 00:00:00-04:00,33.01923919272238,33.12727418915122,32.88174146873368,33.117454528808594,14900,0.0,0.0
2025-07-22 00:00:00-04:00,33.04870687655942,33.30405926666674,32.93084846894177,33.28441619873047,16800,0.0,0.0
2025-07-23 00:00:00-04:00,33.284418425409065,33.392453433019895,33.16656375643924,33.37281036376953,19100,0.0,0.0
2025-07-24 00:00:00-04:00,33.3924484944704,33.3924484944704,32.87192034918207,32.891563415527344,10400,0.0,0.0
2025-07-25 00:00:00-04:00,32.99959480213726,33.264770579137824,32.73442277166854,32.763885498046875,22600,0.0,0.0
2025-07-28 00:00:00-04:00,32.989778194832354,33.07817012867838,32.74424546154141,32.90138626098633,6400,0.0,0.0
2025-07-29 00:00:00-04:00,33.23531293272413,33.23531293272413,32.74424743652344,32.74424743652344,9800,0.0,0.0
2025-07-30 00:00:00-04:00,32.842455182688845,33.04870551425178,32.41031894550035,32.557640075683594,15900,0.0,0.0
2025-07-31 00:00:00-04:00,32.41031965223272,32.74424430760185,32.31210806099029,32.42013931274414,11700,0.0,0.0
2025-08-01 00:00:00-04:00,32.16478637060211,32.61656567694518,32.066574781060396,32.429962158203125,22100,0.0,0.0
2025-08-04 00:00:00-04:00,32.7174808853369,32.83645248413086,32.37047881300496,32.83645248413086,11500,0.31,0.0
2025-08-05 00:00:00-04:00,32.68773930156362,32.905853271484375,32.657993564998854,32.905853271484375,11500,0.0,0.0
2025-08-06 00:00:00-04:00,32.84636780604672,33.36191642495264,32.67782124696267,32.71747970581055,10600,0.0,0.0
2025-08-07 00:00:00-04:00,32.67782124696267,33.33217068979734,32.56876237615043,32.71747970581055,10500,0.0,0.0
2025-08-08 00:00:00-04:00,32.965339342624716,33.1338821193738,32.57867882463442,32.80670928955078,18800,0.0,0.0
2025-08-11 00:00:00-04:00,32.8166246542711,33.28260212731911,32.63816535744587,32.687740325927734,13800,0.0,0.0
2025-08-12 00:00:00-04:00,33.22311314601337,33.36191775752518,33.064483086324536,33.26277160644531,31400,0.0,0.0
2025-08-13 00:00:00-04:00,33.40157042685977,34.44258414936856,33.36191575085195,34.393009185791016,26000,0.0,0.0
2025-08-14 00:00:00-04:00,34.581387805788125,34.63095899139124,34.085668385678936,34.61112976074219,10000,0.0,0.0
2025-08-15 00:00:00-04:00,34.65078828543709,35.11676196940572,34.3533573892352,34.52190017700195,19600,0.0,0.0
2025-08-18 00:00:00-04:00,34.462412421893816,34.87881870144583,34.14515229558705,34.61112976074219,13300,0.0,0.0
2025-08-19 00:00:00-04:00,34.87881870144583,34.87881870144583,34.61112976074219,34.61112976074219,7400,0.0,0.0
2025-08-20 00:00:00-04:00,34.720186433692895,34.749928386758455,34.57146910428751,34.710269927978516,5500,0.0,0.0
2025-08-21 00:00:00-04:00,34.63095598463993,34.710269118310926,34.462409429776166,34.66069793701172,8000,0.0,0.0
2025-08-22 00:00:00-04:00,34.87881702399124,36.06854433144261,34.700357738771594,35.810768127441406,29700,0.0,0.0
2025-08-25 00:00:00-04:00,35.999146006315684,36.12803033375214,35.75128629380686,35.89008712768555,9300,0.0,0.0
2025-08-26 00:00:00-04:00,36.01897205186162,36.37588682939813,36.01897205186162,36.20734405517578,10600,0.0,0.0
2025-08-27 00:00:00-04:00,36.42546260616563,36.42546260616563,36.23708681660817,36.25691604614258,8600,0.0,0.0
2025-08-28 00:00:00-04:00,36.415548250582546,36.415548250582546,36.12803007841498,36.247005462646484,5500,0.0,0.0
2025-08-29 00:00:00-04:00,36.425462885758215,37.109554290771484,36.425462885758215,37.109554290771484,12900,0.0,0.0
2025-09-02 00:00:00-04:00,36.75263587769642,37.079812495866705,36.23708724975586,36.23708724975586,13500,0.0,0.0
2025-09-03 00:00:00-04:00,36.43537576543128,36.643577004973,36.157774112709006,36.23708724975586,5700,0.0,0.0
2025-09-04 00:00:00-04:00,36.24700309214424,36.673322069328854,36.24700309214424,36.613834381103516,6400,0.0,0.0
2025-09-05 00:00:00-04:00,36.61383581097279,37.01041285055153,36.554348120424294,36.98066711425781,9100,0.0,0.0
2025-09-08 00:00:00-04:00,37.04015443077171,37.06989638472615,36.65349390120838,36.9112663269043,10100,0.0,0.0
2025-09-09 00:00:00-04:00,37.10955578029382,37.10955578029382,36.732807965203804,36.782379150390625,5500,0.0,0.0
2025-09-10 00:00:00-04:00,36.931093670985064,36.931093670985064,36.56426239013672,36.56426239013672,5200,0.0,0.0
2025-09-11 00:00:00-04:00,36.86169476933239,36.901353228895594,36.802207079987575,36.84186553955078,7500,0.0,0.0
2025-09-12 00:00:00-04:00,36.911267790106585,36.911267790106585,36.494865290082174,36.67332458496094,8300,0.0,0.0
2025-09-15 00:00:00-04:00,36.69314931853508,37.020325946782435,36.445289611816406,36.445289611816406,5900,0.0,0.0
2025-09-16 00:00:00-04:00,36.67332218523766,36.67332218523766,36.24700320670563,36.43537521362305,6900,0.0,0.0
2025-09-17 00:00:00-04:00,36.61383581097279,37.278098002922405,36.61383581097279,36.98066711425781,42400,0.0,0.0
2025-09-18 00:00:00-04:00,37.248355334548194,39.51875108942903,37.248355334548194,39.2609748840332,53800,0.0,0.0
2025-09-19 00:00:00-04:00,39.14200259655673,39.19157377916923,37.71433211430706,39.03294372558594,75700,0.0,0.0
2025-09-22 00:00:00-04:00,39.032943349629235,39.11226026667632,38.83465483905029,38.96354293823242,65300,0.0,0.0
2025-09-23 00:00:00-04:00,38.9833748627204,39.6872955310064,38.66611473667491,39.36012268066406,73300,0.0,0.0
2025-09-24 00:00:00-04:00,39.548495199718495,39.548495199718495,39.151921928156334,39.25106430053711,48800,0.0,0.0
2025-09-25 00:00:00-04:00,39.409692745419825,39.409692745419825,39.08251612234332,39.151920318603516,10100,0.0,0.0
2025-09-26 00:00:00-04:00,39.15191980807428,39.37995027783344,38.44799538694774,38.65620040893555,15900,0.0,0.0
2025-09-29 00:00:00-04:00,38.913974656073236,39.11226318142919,37.85313539476379,37.882877349853516,11800,0.0,0.0
2025-09-30 00:00:00-04:00,38.20013432695335,38.20013432695335,37.36732561477763,37.50613021850586,7900,0.0,0.0
2025-10-01 00:00:00-04:00,37.555704197670124,37.555704197670124,36.732808147731724,37.119468688964844,8000,0.0,0.0
2025-10-02 00:00:00-04:00,37.119468004939165,37.50613232108598,36.375888891027444,36.89143753051758,13900,0.0,0.0
2025-10-03 00:00:00-04:00,37.70441794689744,37.94236493304869,36.80220875205735,36.85177993774414,6600,0.0,0.0
2025-10-06 00:00:00-04:00,36.88152431298131,37.367327209628804,36.802207393179906,37.00049591064453,15200,0.0,0.0
2025-10-07 00:00:00-04:00,37.22852519024986,37.22852519024986,36.831951950054666,36.88152313232422,7100,0.0,0.0
2025-10-08 00:00:00-04:00,37.02032482554634,37.02032482554634,36.68323548333682,36.84186553955078,13300,0.0,0.0
2025-10-09 00:00:00-04:00,36.73280715942383,37.0203253220549,36.60391905513422,36.73280715942383,4700,0.0,0.0
2025-10-10 00:00:00-04:00,36.68323630887832,36.91126678344019,35.681884765625,35.681884765625,7700,0.0,0.0
2025-10-13 00:00:00-04:00,35.75128318776344,36.18751488234544,35.324964216723394,36.11811447143555,8700,0.0,0.0
2025-10-14 00:00:00-04:00,36.55434588463236,36.56426239013672,36.25691501415969,36.56426239013672,6300,0.0,0.0
2025-10-15 00:00:00-04:00,36.53451772144607,36.8616943359375,36.43537535574258,36.8616943359375,6200,0.0,0.0
2025-10-16 00:00:00-04:00,36.861693680516765,36.861693680516765,35.0572754261171,35.24564743041992,8700,0.0,0.0
2025-10-17 00:00:00-04:00,35.04735921118281,36.74272239212457,35.04735921118281,36.09828567504883,9600,0.0,0.0
2025-10-20 00:00:00-04:00,36.31640448311639,36.61383536818401,36.197429103458234,36.39571762084961,7700,0.0,0.0
2025-10-21 00:00:00-04:00,36.38580446369534,36.683235345221796,36.068544352461934,36.41554641723633,10400,0.0,0.0
2025-10-22 00:00:00-04:00,36.584093487288754,37.08972561470874,36.33623378556468,36.9112663269043,12400,0.0,0.0
2025-10-23 00:00:00-04:00,36.91126476503596,36.9310939941795,36.49486229913791,36.72289276123047,4700,0.0,0.0
2025-10-24 00:00:00-04:00,36.91126497141601,37.12938271117573,36.70306373730288,37.05998229980469,9400,0.0,0.0
2025-10-27 00:00:00-04:00,37.03023910522461,37.20869839871805,36.68323702456461,37.03023910522461,12900,0.0,0.0
2025-10-28 00:00:00-04:00,37.30784298432128,37.30784298432128,36.70306471311843,36.84186553955078,5100,0.0,0.0
2025-10-29 00:00:00-04:00,36.78237801298434,38.60662555853737,35.7116260743113,35.969398498535156,20300,0.0,0.0
2025-10-30 00:00:00-04:00,36.32631602475402,36.43537489487168,36.2767448425293,36.2767448425293,3300,0.0,0.0
2025-10-31 00:00:00-04:00,35.939656170507384,36.22717432756077,35.59265410650423,35.89999771118164,10100,0.0,0.0
2025-11-03 00:00:00-05:00,35.900001525878906,36.0,35.5,35.709999084472656,19100,0.31,0.0
2025-11-04 00:00:00-05:00,36.0,36.0,35.52000045776367,35.58000183105469,7300,0.0,0.0
2025-11-05 00:00:00-05:00,35.9900016784668,36.0,35.540000915527344,35.93000030517578,12600,0.0,0.0
2025-11-06 00:00:00-05:00,35.7599983215332,35.9900016784668,35.43000030517578,35.459999084472656,9200,0.0,0.0
2025-11-07 00:00:00-05:00,36.0,36.0,35.529998779296875,35.529998779296875,3600,0.0,0.0
2025-11-10 00:00:00-05:00,35.90999984741211,35.95000076293945,35.90999984741211,35.93000030517578,1800,0.0,0.0
2025-11-11 00:00:00-05:00,35.790000915527344,36.0,35.790000915527344,35.95000076293945,2500,0.0,0.0
2025-11-12 00:00:00-05:00,35.79999923706055,36.189998626708984,35.79999923706055,36.119998931884766,8900,0.0,0.0
2025-11-13 00:00:00-05:00,36.189998626708984,36.4900016784668,35.65999984741211,36.0,16900,0.0,0.0
2025-11-14 00:00:00-05:00,36.189998626708984,36.189998626708984,35.619998931884766,36.099998474121094,14100,0.0,0.0
2025-11-17 00:00:00-05:00,35.349998474121094,35.720001220703125,34.869998931884766,34.869998931884766,5900,0.0,0.0
2025-11-18 00:00:00-05:00,35.25,35.25,34.72999954223633,34.869998931884766,5400,0.0,0.0
2025-11-19 00:00:00-05:00,35.0,35.0,34.54999923706055,34.720001220703125,6000,0.0,0.0
2025-11-20 00:00:00-05:00,35.0,35.25,34.720001220703125,34.720001220703125,8800,0.0,0.0
2025-11-21 00:00:00-05:00,34.630001068115234,36.0,34.630001068115234,36.0,15100,0.0,0.0
2025-11-24 00:00:00-05:00,36.0,36.0,35.70000076293945,35.70000076293945,5100,0.0,0.0
2025-11-25 00:00:00-05:00,37.02000045776367,37.02000045776367,36.5,37.0,12700,0.0,0.0
2025-11-26 00:00:00-05:00,36.97999954223633,37.2599983215332,36.70000076293945,37.2599983215332,11400,0.0,0.0
2025-11-28 00:00:00-05:00,37.25,37.959999084472656,37.25,37.56999969482422,4600,0.0,0.0
2025-12-01 00:00:00-05:00,37.29999923706055,38.56999969482422,37.29999923706055,37.939998626708984,12100,0.0,0.0
2025-12-02 00:00:00-05:00,37.900001525878906,37.93000030517578,37.27000045776367,37.36000061035156,14300,0.0,0.0
2025-12-03 00:00:00-05:00,37.5,38.90999984741211,37.5,38.2400016784668,20000,0.0,0.0
2025-12-04 00:00:00-05:00,38.22999954223633,38.459999084472656,37.81999969482422,38.029998779296875,17000,0.0,0.0
2025-12-05 00:00:00-05:00,38.369998931884766,38.369998931884766,37.7599983215332,38.189998626708984,10300,0.0,0.0
2025-12-08 00:00:00-05:00,38.2400016784668,38.779998779296875,38.099998474121094,38.11000061035156,15900,0.0,0.0
2025-12-09 00:00:00-05:00,38.810001373291016,38.849998474121094,38.34000015258789,38.5,10400,0.0,0.0
2025-12-10 00:00:00-05:00,38.5,39.97999954223633,38.40999984741211,39.86000061035156,52500,0.0,0.0
2025-12-11 00:00:00-05:00,39.849998474121094,40.380001068115234,39.599998474121094,39.75,20500,0.0,0.0
2025-12-12 00:00:00-05:00,39.72999954223633,39.959999084472656,39.5099983215332,39.63999938964844,10100,0.0,0.0
2025-12-15 00:00:00-05:00,40.0,40.709999084472656,39.540000915527344,39.75,18800,0.0,0.0
2025-12-16 00:00:00-05:00,39.75,40.2400016784668,39.70000076293945,39.75,17000,0.0,0.0
2025-12-17 00:00:00-05:00,39.75,40.150001525878906,39.72999954223633,40.150001525878906,19200,0.0,0.0
2025-12-18 00:00:00-05:00,40.75,40.9900016784668,40.75,40.970001220703125,7200,0.0,0.0
2025-12-19 00:00:00-05:00,40.91999816894531,41.119998931884766,40.189998626708984,40.75,33400,0.0,0.0
2025-12-22 00:00:00-05:00,40.529998779296875,40.93000030517578,40.0,40.150001525878906,19100,0.0,0.0
2025-12-23 00:00:00-05:00,40.099998474121094,40.45000076293945,39.77000045776367,39.880001068115234,14600,0.0,0.0
2025-12-24 00:00:00-05:00,40.43000030517578,40.47999954223633,39.709999084472656,39.93000030517578,6500,0.0,0.0
2025-12-26 00:00:00-05:00,39.79999923706055,40.33000183105469,39.79999923706055,40.33000183105469,9100,0.0,0.0
2025-12-29 00:00:00-05:00,40.29999923706055,40.77000045776367,39.970001220703125,39.970001220703125,20400,0.0,0.0
2025-12-30 00:00:00-05:00,40.2400016784668,40.279998779296875,39.540000915527344,39.709999084472656,9800,0.0,0.0
2025-12-31 00:00:00-05:00,40.0,40.2599983215332,39.65999984741211,39.79999923706055,7900,0.0,0.0
2026-01-02 00:00:00-05:00,40.099998474121094,40.150001525878906,39.310001373291016,39.439998626708984,11900,0.0,0.0
2026-01-05 00:00:00-05:00,39.709999084472656,39.84000015258789,39.16999816894531,39.349998474121094,29800,0.0,0.0
2026-01-06 00:00:00-05:00,38.7599983215332,39.65999984741211,38.7599983215332,39.11000061035156,14300,0.0,0.0
2026-01-07 00:00:00-05:00,38.83000183105469,39.22999954223633,38.599998474121094,39.0099983215332,7700,0.0,0.0
2026-01-08 00:00:00-05:00,39.09000015258789,39.900001525878906,39.0,39.83000183105469,11300,0.0,0.0
2026-01-09 00:00:00-05:00,39.939998626708984,39.939998626708984,39.470001220703125,39.5,16700,0.0,0.0
2026-01-12 00:00:00-05:00,39.38999938964844,39.70000076293945,39.33000183105469,39.40999984741211,8200,0.0,0.0
2026-01-13 00:00:00-05:00,39.65999984741211,40.43000030517578,39.52000045776367,39.70000076293945,17000,0.0,0.0
2026-01-14 00:00:00-05:00,39.79999923706055,40.5,39.599998474121094,39.630001068115234,17400,0.0,0.0
2026-01-15 00:00:00-05:00,39.75,41.0,39.720001220703125,39.9900016784668,19100,0.0,0.0
2026-01-16 00:00:00-05:00,39.959999084472656,40.779998779296875,39.529998779296875,39.7599983215332,12300,0.0,0.0
2026-01-20 00:00:00-05:00,39.66999816894531,40.0,38.790000915527344,39.36000061035156,8900,0.0,0.0
2026-01-21 00:00:00-05:00,39.869998931884766,40.83000183105469,39.869998931884766,40.16999816894531,29300,0.0,0.0
2026-01-22 00:00:00-05:00,40.369998931884766,40.709999084472656,40.369998931884766,40.560001373291016,13000,0.0,0.0
2026-01-23 00:00:00-05:00,40.689998626708984,40.9900016784668,39.90999984741211,40.029998779296875,14800,0.0,0.0
2026-01-26 00:00:00-05:00,40.18000030517578,40.18000030517578,39.88999938964844,39.900001525878906,10300,0.0,0.0
2026-01-27 00:00:00-05:00,39.75,40.18000030517578,39.630001068115234,39.650001525878906,13700,0.0,0.0
2026-01-28 00:00:00-05:00,39.959999084472656,39.959999084472656,37.93000030517578,38.79999923706055,21800,0.0,0.0
2026-01-29 00:00:00-05:00,38.939998626708984,39.02000045776367,37.93000030517578,38.15999984741211,12600,0.0,0.0
2026-01-30 00:00:00-05:00,38.029998779296875,39.040000915527344,37.9900016784668,38.310001373291016,18200,0.0,0.0
2026-02-02 00:00:00-05:00,38.099998474121094,39.369998931884766,38.099998474121094,38.220001220703125,24400,0.0,0.0
2026-02-03 00:00:00-05:00,38.310001373291016,39.27000045776367,38.150001525878906,38.720001220703125,21800,0.0,0.0
2026-02-04 00:00:00-05:00,38.970001220703125,39.619998931884766,38.88999938964844,39.25,17400,0.0,0.0
2026-02-05 00:00:00-05:00,39.2599983215332,39.349998474121094,39.0,39.15999984741211,13900,0.0,0.0
2026-02-06 00:00:00-05:00,39.43000030517578,39.439998626708984,39.04999923706055,39.09000015258789,15300,0.0,0.0
2026-02-09 00:00:00-05:00,38.79999923706055,39.290000915527344,38.79999923706055,39.0,11500,0.0,0.0
2026-02-10 00:00:00-05:00,39.150001525878906,39.18000030517578,38.709999084472656,38.900001525878906,10400,0.0,0.0
2026-02-11 00:00:00-05:00,39.130001068115234,39.130001068115234,38.540000915527344,38.540000915527344,6800,0.0,0.0
2026-02-12 00:00:00-05:00,38.90999984741211,38.90999984741211,37.7400016784668,38.4900016784668,10300,0.0,0.0
2026-02-13 00:00:00-05:00,38.47999954223633,39.060001373291016,38.369998931884766,38.81999969482422,18900,0.0,0.0
2026-02-17 00:00:00-05:00,39.0099983215332,39.25,38.84000015258789,39.119998931884766,12700,0.0,0.0
2026-02-18 00:00:00-05:00,39.29999923706055,39.7400016784668,38.540000915527344,38.77000045776367,15300,0.0,0.0
2026-02-19 00:00:00-05:00,38.77000045776367,38.77000045776367,38.060001373291016,38.40999984741211,16600,0.0,0.0
2026-02-20 00:00:00-05:00,38.34000015258789,38.75,38.22999954223633,38.619998931884766,19600,0.0,0.0
2026-02-23 00:00:00-05:00,38.650001525878906,38.650001525878906,37.06999969482422,37.29999923706055,18300,0.0,0.0
2026-02-24 00:00:00-05:00,37.290000915527344,37.290000915527344,36.70000076293945,37.18000030517578,9700,0.0,0.0
2026-02-25 00:00:00-05:00,38.0,38.0,37.150001525878906,37.189998626708984,6700,0.0,0.0
2026-02-26 00:00:00-05:00,37.75,38.0099983215332,36.58000183105469,36.779998779296875,15800,0.0,0.0
2026-02-27 00:00:00-05:00,36.5,36.5,34.709999084472656,34.709999084472656,9800,0.0,0.0
2026-03-02 00:00:00-05:00,34.209999084472656,35.16999816894531,33.7400016784668,34.709999084472656,14000,0.0,0.0
2026-03-03 00:00:00-05:00,34.18000030517578,34.97999954223633,33.630001068115234,34.560001373291016,14700,0.0,0.0
2026-03-04 00:00:00-05:00,34.7599983215332,35.02000045776367,34.7599983215332,34.90999984741211,14100,0.0,0.0
2026-03-05 00:00:00-05:00,34.75,35.20000076293945,34.31999969482422,34.54999923706055,12100,0.0,0.0
2026-03-06 00:00:00-05:00,33.77000045776367,34.52000045776367,33.709999084472656,34.52000045776367,15500,0.0,0.0
2026-03-09 00:00:00-04:00,34.02000045776367,34.47999954223633,33.75,34.43000030517578,10474,0.0,0.0
