Date,Open,High,Low,Close,Volume,Dividends,Stock Splits
2022-01-03 00:00:00-05:00,12.65999984741211,13.180000305175781,12.59000015258789,12.630000114440918,129500,0.0,0.0
2022-01-04 00:00:00-05:00,12.75,13.210000038146973,12.710000038146973,12.8100004196167,26400,0.0,0.0
2022-01-05 00:00:00-05:00,13.449999809265137,13.979999542236328,12.930000305175781,13.100000381469727,20000,0.0,0.0
2022-01-06 00:00:00-05:00,13.149999618530273,14.0,12.829999923706055,13.0600004196167,21300,0.0,0.0
2022-01-07 00:00:00-05:00,13.350000381469727,13.449999809265137,13.109999656677246,13.149999618530273,16900,0.0,0.0
2022-01-10 00:00:00-05:00,13.3100004196167,13.550000190734863,12.869999885559082,13.020000457763672,16200,0.0,0.0
2022-01-11 00:00:00-05:00,13.0600004196167,13.779999732971191,13.010000228881836,13.130000114440918,91800,0.0,0.0
2022-01-12 00:00:00-05:00,13.359999656677246,13.59000015258789,13.100000381469727,13.149999618530273,27000,0.0,0.0
2022-01-13 00:00:00-05:00,13.15999984741211,13.619999885559082,13.149999618530273,13.149999618530273,47500,0.0,0.0
2022-01-14 00:00:00-05:00,13.15999984741211,13.670000076293945,12.779999732971191,13.359999656677246,10000,0.0,0.0
2022-01-18 00:00:00-05:00,13.5,13.59000015258789,13.279999732971191,13.460000038146973,5900,0.0,0.0
2022-01-19 00:00:00-05:00,13.5,13.710000038146973,13.180000305175781,13.619999885559082,31600,0.0,0.0
2022-01-20 00:00:00-05:00,13.59000015258789,13.600000381469727,13.220000267028809,13.220000267028809,23700,0.0,0.0
2022-01-21 00:00:00-05:00,13.199999809265137,13.539999961853027,12.670000076293945,12.850000381469727,29400,0.0,0.0
2022-01-24 00:00:00-05:00,12.930000305175781,13.449999809265137,12.619999885559082,12.619999885559082,21500,0.0,0.0
2022-01-25 00:00:00-05:00,12.890000343322754,13.109999656677246,12.619999885559082,12.619999885559082,11900,0.0,0.0
2022-01-26 00:00:00-05:00,12.779999732971191,13.029999732971191,12.720000267028809,12.970000267028809,8300,0.0,0.0
2022-01-27 00:00:00-05:00,12.869999885559082,13.069999694824219,12.619999885559082,12.75,19000,0.0,0.0
2022-01-28 00:00:00-05:00,12.8100004196167,13.300000190734863,12.65999984741211,13.300000190734863,12200,0.0,0.0
2022-01-31 00:00:00-05:00,12.8100004196167,13.1899995803833,12.8100004196167,13.100000381469727,45300,0.0,0.0
2022-02-01 00:00:00-05:00,13.199999809265137,13.470000267028809,12.890000343322754,13.300000190734863,3000,0.0,0.0
2022-02-02 00:00:00-05:00,13.210000038146973,13.5600004196167,13.0,13.300000190734863,10100,0.0,0.0
2022-02-03 00:00:00-05:00,13.1899995803833,13.5600004196167,13.119999885559082,13.220000267028809,3800,0.0,0.0
2022-02-04 00:00:00-05:00,13.039999961853027,13.239999771118164,13.039999961853027,13.100000381469727,2600,0.0,0.0
2022-02-07 00:00:00-05:00,13.210000038146973,13.289999961853027,13.0,13.050000190734863,19700,0.0,0.0
2022-02-08 00:00:00-05:00,13.229999542236328,13.319999694824219,13.069999694824219,13.199999809265137,7000,0.0,0.0
2022-02-09 00:00:00-05:00,13.220000267028809,13.5600004196167,13.199999809265137,13.5600004196167,75600,0.0,0.0
2022-02-10 00:00:00-05:00,13.0,13.069999694824219,12.510000228881836,12.75,90900,0.0,0.0
2022-02-11 00:00:00-05:00,12.579999923706055,12.699999809265137,12.5,12.5,16800,0.0,0.0
2022-02-14 00:00:00-05:00,12.5,12.5,12.09000015258789,12.119999885559082,14600,0.0,0.0
2022-02-15 00:00:00-05:00,12.25,12.510000228881836,12.0600004196167,12.239999771118164,12200,0.0,0.0
2022-02-16 00:00:00-05:00,12.140000343322754,12.489999771118164,12.09000015258789,12.34000015258789,2800,0.0,0.0
2022-02-17 00:00:00-05:00,12.289999961853027,12.489999771118164,12.029999732971191,12.029999732971191,23700,0.0,0.0
2022-02-18 00:00:00-05:00,11.90999984741211,12.380000114440918,11.569999694824219,12.0600004196167,25200,0.0,0.0
2022-02-22 00:00:00-05:00,12.0600004196167,12.229999542236328,11.800000190734863,11.800000190734863,43000,0.0,0.0
2022-02-23 00:00:00-05:00,11.800000190734863,12.100000381469727,11.569999694824219,11.569999694824219,25700,0.0,0.0
2022-02-24 00:00:00-05:00,11.119999885559082,11.479999542236328,11.119999885559082,11.270000457763672,29500,0.0,0.0
2022-02-25 00:00:00-05:00,11.369999885559082,11.869999885559082,11.359999656677246,11.40999984741211,3000,0.0,0.0
2022-02-28 00:00:00-05:00,11.270000457763672,11.270000457763672,11.050000190734863,11.0600004196167,14300,0.0,0.0
2022-03-01 00:00:00-05:00,11.260000228881836,11.319999694824219,11.140000343322754,11.140000343322754,10100,0.0,0.0
2022-03-02 00:00:00-05:00,11.369999885559082,11.380000114440918,11.0600004196167,11.0600004196167,6000,0.0,0.0
2022-03-03 00:00:00-05:00,11.220000267028809,11.399999618530273,11.119999885559082,11.380000114440918,5400,0.0,0.0
2022-03-04 00:00:00-05:00,11.050000190734863,11.350000381469727,11.050000190734863,11.0600004196167,9200,0.0,0.0
2022-03-07 00:00:00-05:00,11.0,11.1899995803833,10.949999809265137,11.0,10500,0.0,0.0
2022-03-08 00:00:00-05:00,11.130000114440918,11.130000114440918,10.880000114440918,10.880000114440918,16400,0.0,0.0
2022-03-09 00:00:00-05:00,11.020000457763672,11.050000190734863,10.899999618530273,10.920000076293945,9400,0.0,0.0
2022-03-10 00:00:00-05:00,10.890000343322754,11.0600004196167,10.859999656677246,10.949999809265137,10500,0.0,0.0
2022-03-11 00:00:00-05:00,10.899999618530273,11.020000457763672,10.899999618530273,10.949999809265137,3000,0.0,0.0
2022-03-14 00:00:00-04:00,10.880000114440918,10.9399995803833,10.819999694824219,10.819999694824219,6200,0.0,0.0
2022-03-15 00:00:00-04:00,10.800000190734863,10.949999809265137,10.609999656677246,10.680000305175781,9800,0.0,0.0
2022-03-16 00:00:00-04:00,10.710000038146973,11.34000015258789,10.710000038146973,11.199999809265137,3100,0.0,0.0
2022-03-17 00:00:00-04:00,11.109999656677246,11.399999618530273,11.109999656677246,11.399999618530273,1900,0.0,0.0
2022-03-18 00:00:00-04:00,11.020000457763672,11.399999618530273,11.020000457763672,11.399999618530273,4900,0.0,0.0
2022-03-21 00:00:00-04:00,11.109999656677246,11.369999885559082,11.079999923706055,11.369999885559082,1800,0.0,0.0
2022-03-22 00:00:00-04:00,11.229999542236328,11.430000305175781,11.0600004196167,11.430000305175781,7100,0.0,0.0
2022-03-23 00:00:00-04:00,11.079999923706055,11.140000343322754,11.079999923706055,11.100000381469727,1800,0.0,0.0
2022-03-24 00:00:00-04:00,11.130000114440918,11.399999618530273,11.119999885559082,11.369999885559082,4000,0.0,0.0
2022-03-25 00:00:00-04:00,11.270000457763672,11.359999656677246,11.270000457763672,11.359999656677246,5500,0.0,0.0
2022-03-28 00:00:00-04:00,11.449999809265137,11.449999809265137,11.109999656677246,11.1899995803833,3000,0.0,0.0
2022-03-29 00:00:00-04:00,11.079999923706055,11.25,11.0,11.0600004196167,19600,0.0,0.0
2022-03-30 00:00:00-04:00,11.170000076293945,11.539999961853027,11.130000114440918,11.520000457763672,10500,0.0,0.0
2022-03-31 00:00:00-04:00,11.5,11.899999618530273,11.5,11.520000457763672,8000,0.0,0.0
2022-04-01 00:00:00-04:00,11.75,11.800000190734863,11.5600004196167,11.5600004196167,4800,0.0,0.0
2022-04-04 00:00:00-04:00,11.5600004196167,11.6899995803833,11.5600004196167,11.609999656677246,2700,0.0,0.0
2022-04-05 00:00:00-04:00,11.630000114440918,11.630000114440918,11.609999656677246,11.609999656677246,500,0.0,0.0
2022-04-06 00:00:00-04:00,11.5600004196167,11.729999542236328,11.5600004196167,11.729999542236328,4000,0.0,0.0
2022-04-07 00:00:00-04:00,11.579999923706055,11.579999923706055,11.399999618530273,11.5,2700,0.0,0.0
2022-04-08 00:00:00-04:00,11.550000190734863,11.760000228881836,11.430000305175781,11.430000305175781,2300,0.0,0.0
2022-04-11 00:00:00-04:00,11.430000305175781,11.550000190734863,11.430000305175781,11.510000228881836,3700,0.0,0.0
2022-04-12 00:00:00-04:00,11.430000305175781,11.430000305175781,10.420000076293945,10.510000228881836,87400,0.0,0.0
2022-04-13 00:00:00-04:00,10.510000228881836,10.510000228881836,10.170000076293945,10.270000457763672,39200,0.0,0.0
2022-04-14 00:00:00-04:00,10.260000228881836,10.270000457763672,10.050000190734863,10.050000190734863,18400,0.0,0.0
2022-04-18 00:00:00-04:00,10.109999656677246,10.149999618530273,9.960000038146973,9.960000038146973,14200,0.0,0.0
2022-04-19 00:00:00-04:00,10.100000381469727,10.149999618530273,10.069999694824219,10.119999885559082,45800,0.0,0.0
2022-04-20 00:00:00-04:00,10.180000305175781,10.239999771118164,10.180000305175781,10.239999771118164,12700,0.0,0.0
2022-04-21 00:00:00-04:00,10.229999542236328,10.229999542236328,9.979999542236328,10.050000190734863,23800,0.0,0.0
2022-04-22 00:00:00-04:00,10.020000457763672,10.020000457763672,9.869999885559082,9.90999984741211,18700,0.0,0.0
2022-04-25 00:00:00-04:00,9.819999694824219,9.979999542236328,9.739999771118164,9.960000038146973,3200,0.0,0.0
2022-04-26 00:00:00-04:00,9.779999732971191,9.90999984741211,9.779999732971191,9.8100004196167,17200,0.0,0.0
2022-04-27 00:00:00-04:00,9.699999809265137,9.800000190734863,9.539999961853027,9.539999961853027,25500,0.0,0.0
2022-04-28 00:00:00-04:00,9.670000076293945,10.0,9.670000076293945,9.739999771118164,4500,0.0,0.0
2022-04-29 00:00:00-04:00,9.729999542236328,9.789999961853027,9.5600004196167,9.789999961853027,4100,0.0,0.0
2022-05-02 00:00:00-04:00,9.670000076293945,9.6899995803833,9.300000190734863,9.40999984741211,22500,0.0,0.0
2022-05-03 00:00:00-04:00,9.430000305175781,9.449999809265137,9.239999771118164,9.399999618530273,8700,0.0,0.0
2022-05-04 00:00:00-04:00,9.630000114440918,9.630000114440918,8.420000076293945,8.9399995803833,113000,0.0,0.0
2022-05-05 00:00:00-04:00,8.779999732971191,9.09000015258789,8.779999732971191,9.039999961853027,31600,0.0,0.0
2022-05-06 00:00:00-04:00,9.289999961853027,9.300000190734863,9.069999694824219,9.069999694824219,13600,0.0,0.0
2022-05-09 00:00:00-04:00,9.130000114440918,9.729999542236328,8.970000267028809,8.970000267028809,12100,0.0,0.0
2022-05-10 00:00:00-04:00,8.90999984741211,9.270000457763672,8.90999984741211,8.90999984741211,17400,0.0,0.0
2022-05-11 00:00:00-04:00,9.029999732971191,9.130000114440918,8.970000267028809,9.0600004196167,45100,0.0,0.0
2022-05-12 00:00:00-04:00,9.170000076293945,9.170000076293945,9.010000228881836,9.010000228881836,11500,0.0,0.0
2022-05-13 00:00:00-04:00,10.270000457763672,11.0,9.8100004196167,10.479999542236328,65800,0.0,0.0
2022-05-16 00:00:00-04:00,10.470000267028809,10.550000190734863,10.140000343322754,10.140000343322754,3800,0.0,0.0
2022-05-17 00:00:00-04:00,10.300000190734863,10.5600004196167,10.300000190734863,10.359999656677246,4800,0.0,0.0
2022-05-18 00:00:00-04:00,10.289999961853027,10.470000267028809,10.289999961853027,10.430000305175781,2200,0.0,0.0
2022-05-19 00:00:00-04:00,10.319999694824219,10.319999694824219,9.970000267028809,10.199999809265137,13000,0.0,0.0
2022-05-20 00:00:00-04:00,10.170000076293945,10.170000076293945,9.899999618530273,9.899999618530273,3500,0.0,0.0
2022-05-23 00:00:00-04:00,10.020000457763672,10.020000457763672,9.829999923706055,10.010000228881836,3300,0.0,0.0
2022-05-24 00:00:00-04:00,9.989999771118164,9.989999771118164,9.529999732971191,9.680000305175781,11700,0.0,0.0
2022-05-25 00:00:00-04:00,9.800000190734863,9.890000343322754,9.649999618530273,9.890000343322754,5200,0.0,0.0
2022-05-26 00:00:00-04:00,9.9399995803833,10.170000076293945,9.9399995803833,10.170000076293945,1100,0.0,0.0
2022-05-27 00:00:00-04:00,10.199999809265137,10.25,10.109999656677246,10.25,4100,0.0,0.0
2022-05-31 00:00:00-04:00,10.25,10.8100004196167,10.25,10.5,7300,0.0,0.0
2022-06-01 00:00:00-04:00,10.460000038146973,10.470000267028809,10.180000305175781,10.270000457763672,4000,0.0,0.0
2022-06-02 00:00:00-04:00,10.359999656677246,10.430000305175781,10.359999656677246,10.430000305175781,500,0.0,0.0
2022-06-03 00:00:00-04:00,10.140000343322754,10.600000381469727,10.140000343322754,10.5,2300,0.0,0.0
2022-06-06 00:00:00-04:00,10.710000038146973,10.710000038146973,10.5,10.59000015258789,3400,0.0,0.0
2022-06-07 00:00:00-04:00,10.420000076293945,10.829999923706055,10.170000076293945,10.239999771118164,6400,0.0,0.0
2022-06-08 00:00:00-04:00,10.239999771118164,10.699999809265137,10.239999771118164,10.699999809265137,2800,0.0,0.0
2022-06-09 00:00:00-04:00,10.699999809265137,10.739999771118164,10.6899995803833,10.739999771118164,2300,0.0,0.0
2022-06-10 00:00:00-04:00,10.239999771118164,10.569999694824219,10.0,10.539999961853027,5600,0.0,0.0
2022-06-13 00:00:00-04:00,10.079999923706055,10.300000190734863,9.850000381469727,9.850000381469727,4800,0.0,0.0
2022-06-14 00:00:00-04:00,9.850000381469727,9.979999542236328,9.850000381469727,9.850000381469727,3300,0.0,0.0
2022-06-15 00:00:00-04:00,9.979999542236328,10.859999656677246,9.979999542236328,10.229999542236328,3400,0.0,0.0
2022-06-16 00:00:00-04:00,10.220000267028809,10.619999885559082,10.079999923706055,10.199999809265137,4200,0.0,0.0
2022-06-17 00:00:00-04:00,10.270000457763672,10.6899995803833,10.170000076293945,10.170000076293945,6900,0.0,0.0
2022-06-21 00:00:00-04:00,10.0,10.119999885559082,9.920000076293945,9.930000305175781,8400,0.0,0.0
2022-06-22 00:00:00-04:00,10.0,10.5600004196167,9.949999809265137,10.489999771118164,15000,0.0,0.0
2022-06-23 00:00:00-04:00,10.199999809265137,10.449999809265137,10.0,10.079999923706055,4200,0.0,0.0
2022-06-24 00:00:00-04:00,9.949999809265137,10.010000228881836,9.949999809265137,10.010000228881836,1600,0.0,0.0
2022-06-27 00:00:00-04:00,10.100000381469727,10.100000381469727,9.859999656677246,10.100000381469727,700,0.0,0.0
2022-06-28 00:00:00-04:00,10.180000305175781,10.279999732971191,10.020000457763672,10.210000038146973,1400,0.0,0.0
2022-06-29 00:00:00-04:00,10.210000038146973,10.210000038146973,10.210000038146973,10.210000038146973,300,0.0,0.0
2022-06-30 00:00:00-04:00,10.380000114440918,10.630000114440918,10.010000228881836,10.4399995803833,5500,0.0,0.0
2022-07-01 00:00:00-04:00,10.4399995803833,10.4399995803833,10.4399995803833,10.4399995803833,300,0.0,0.0
2022-07-05 00:00:00-04:00,10.119999885559082,10.350000381469727,9.649999618530273,10.109999656677246,15100,0.0,0.0
2022-07-06 00:00:00-04:00,10.020000457763672,10.350000381469727,9.930000305175781,9.930000305175781,2400,0.0,0.0
2022-07-07 00:00:00-04:00,10.170000076293945,10.510000228881836,9.850000381469727,9.850000381469727,4800,0.0,0.0
2022-07-08 00:00:00-04:00,10.0,10.34000015258789,9.699999809265137,10.020000457763672,6000,0.0,0.0
2022-07-11 00:00:00-04:00,10.449999809265137,10.449999809265137,9.930000305175781,9.960000038146973,5400,0.0,0.0
2022-07-12 00:00:00-04:00,9.850000381469727,10.069999694824219,9.819999694824219,9.880000114440918,3300,0.0,0.0
2022-07-13 00:00:00-04:00,9.8100004196167,9.930000305175781,9.8100004196167,9.930000305175781,700,0.0,0.0
2022-07-14 00:00:00-04:00,10.260000228881836,10.260000228881836,10.069999694824219,10.15999984741211,2600,0.0,0.0
2022-07-15 00:00:00-04:00,9.90999984741211,9.960000038146973,9.800000190734863,9.819999694824219,4300,0.0,0.0
2022-07-18 00:00:00-04:00,9.90999984741211,9.989999771118164,9.90999984741211,9.989999771118164,1900,0.0,0.0
2022-07-19 00:00:00-04:00,9.859999656677246,10.119999885559082,9.859999656677246,10.020000457763672,1600,0.0,0.0
2022-07-20 00:00:00-04:00,10.199999809265137,10.199999809265137,9.899999618530273,9.899999618530273,1300,0.0,0.0
2022-07-21 00:00:00-04:00,9.779999732971191,10.25,9.779999732971191,10.25,27500,0.0,0.0
2022-07-22 00:00:00-04:00,10.369999885559082,10.399999618530273,9.989999771118164,10.109999656677246,7300,0.0,0.0
2022-07-25 00:00:00-04:00,10.0600004196167,10.210000038146973,10.0600004196167,10.210000038146973,1100,0.0,0.0
2022-07-26 00:00:00-04:00,10.039999961853027,10.039999961853027,9.930000305175781,9.979999542236328,1100,0.0,0.0
2022-07-27 00:00:00-04:00,10.380000114440918,10.449999809265137,9.84000015258789,9.920000076293945,3300,0.0,0.0
2022-07-28 00:00:00-04:00,9.949999809265137,10.119999885559082,9.899999618530273,9.899999618530273,4600,0.0,0.0
2022-07-29 00:00:00-04:00,10.239999771118164,10.270000457763672,10.0,10.109999656677246,6200,0.0,0.0
2022-08-01 00:00:00-04:00,9.800000190734863,10.09000015258789,9.800000190734863,10.0,5700,0.0,0.0
2022-08-02 00:00:00-04:00,10.039999961853027,10.119999885559082,10.039999961853027,10.0600004196167,3700,0.0,0.0
2022-08-03 00:00:00-04:00,10.0,10.170000076293945,9.850000381469727,9.970000267028809,4800,0.0,0.0
2022-08-04 00:00:00-04:00,10.0600004196167,10.0600004196167,9.880000114440918,9.880000114440918,1600,0.0,0.0
2022-08-05 00:00:00-04:00,10.0600004196167,10.0600004196167,9.890000343322754,9.960000038146973,2200,0.0,0.0
2022-08-08 00:00:00-04:00,10.09000015258789,10.229999542236328,9.970000267028809,10.0,4700,0.0,0.0
2022-08-09 00:00:00-04:00,10.149999618530273,10.300000190734863,10.039999961853027,10.130000114440918,8900,0.0,0.0
2022-08-10 00:00:00-04:00,10.380000114440918,10.600000381469727,10.140000343322754,10.5,17200,0.0,0.0
2022-08-11 00:00:00-04:00,10.300000190734863,10.300000190734863,10.069999694824219,10.239999771118164,7200,0.0,0.0
2022-08-12 00:00:00-04:00,10.449999809265137,10.460000038146973,10.289999961853027,10.449999809265137,2300,0.0,0.0
2022-08-15 00:00:00-04:00,10.350000381469727,10.529999732971191,10.25,10.449999809265137,4400,0.0,0.0
2022-08-16 00:00:00-04:00,10.5,11.029999732971191,10.369999885559082,10.670000076293945,14900,0.0,0.0
2022-08-17 00:00:00-04:00,10.720000267028809,11.279999732971191,10.609999656677246,11.0,12400,0.0,0.0
2022-08-18 00:00:00-04:00,10.75,11.619999885559082,10.470000267028809,11.619999885559082,11800,0.0,0.0
2022-08-19 00:00:00-04:00,11.649999618530273,11.829999923706055,11.039999961853027,11.350000381469727,21200,0.0,0.0
2022-08-22 00:00:00-04:00,11.5,11.75,11.130000114440918,11.319999694824219,12400,0.0,0.0
2022-08-23 00:00:00-04:00,11.199999809265137,11.65999984741211,11.199999809265137,11.539999961853027,4800,0.0,0.0
2022-08-24 00:00:00-04:00,11.550000190734863,12.149999618530273,11.5,11.5,12500,0.0,0.0
2022-08-25 00:00:00-04:00,11.550000190734863,11.779999732971191,11.369999885559082,11.5,4200,0.0,0.0
2022-08-26 00:00:00-04:00,11.109999656677246,11.710000038146973,11.109999656677246,11.710000038146973,8700,0.0,0.0
2022-08-29 00:00:00-04:00,11.710000038146973,11.710000038146973,11.3100004196167,11.579999923706055,2300,0.0,0.0
2022-08-30 00:00:00-04:00,11.3100004196167,11.600000381469727,11.079999923706055,11.520000457763672,6100,0.0,0.0
2022-08-31 00:00:00-04:00,11.449999809265137,11.680000305175781,11.449999809265137,11.5,5500,0.0,0.0
2022-09-01 00:00:00-04:00,11.34000015258789,11.5,11.119999885559082,11.380000114440918,7000,0.0,0.0
2022-09-02 00:00:00-04:00,11.039999961853027,11.369999885559082,11.039999961853027,11.220000267028809,4400,0.0,0.0
2022-09-06 00:00:00-04:00,11.220000267028809,11.5,11.199999809265137,11.350000381469727,8100,0.0,0.0
2022-09-07 00:00:00-04:00,11.5,11.90999984741211,11.5,11.600000381469727,4500,0.0,0.0
2022-09-08 00:00:00-04:00,11.609999656677246,12.210000038146973,11.5,11.710000038146973,6700,0.0,0.0
2022-09-09 00:00:00-04:00,11.800000190734863,12.300000190734863,11.760000228881836,11.920000076293945,6500,0.0,0.0
2022-09-12 00:00:00-04:00,11.859999656677246,12.600000381469727,11.859999656677246,12.5,7700,0.0,0.0
2022-09-13 00:00:00-04:00,12.380000114440918,12.380000114440918,11.489999771118164,11.720000267028809,6900,0.0,0.0
2022-09-14 00:00:00-04:00,11.979999542236328,12.0600004196167,11.600000381469727,11.600000381469727,4800,0.0,0.0
2022-09-15 00:00:00-04:00,11.5600004196167,12.270000457763672,11.5600004196167,11.579999923706055,2200,0.0,0.0
2022-09-16 00:00:00-04:00,11.5,11.890000343322754,11.5,11.890000343322754,4000,0.0,0.0
2022-09-19 00:00:00-04:00,11.850000381469727,11.850000381469727,11.399999618530273,11.399999618530273,3100,0.0,0.0
2022-09-20 00:00:00-04:00,11.5,12.0,11.460000038146973,11.5600004196167,9300,0.0,0.0
2022-09-21 00:00:00-04:00,11.880000114440918,12.579999923706055,11.5,11.699999809265137,12100,0.0,0.0
2022-09-22 00:00:00-04:00,10.449999809265137,11.050000190734863,9.779999732971191,9.949999809265137,47000,0.0,0.0
2022-09-23 00:00:00-04:00,10.069999694824219,10.100000381469727,9.100000381469727,9.180000305175781,13300,0.0,0.0
2022-09-26 00:00:00-04:00,9.180000305175781,9.390000343322754,8.380000114440918,9.199999809265137,28100,0.0,0.0
2022-09-27 00:00:00-04:00,9.460000038146973,9.649999618530273,9.229999542236328,9.390000343322754,16900,0.0,0.0
2022-09-28 00:00:00-04:00,9.300000190734863,9.75,9.25,9.399999618530273,13700,0.0,0.0
2022-09-29 00:00:00-04:00,9.579999923706055,9.649999618530273,9.1899995803833,9.470000267028809,5400,0.0,0.0
2022-09-30 00:00:00-04:00,9.829999923706055,9.829999923706055,9.270000457763672,9.270000457763672,6800,0.0,0.0
2022-10-03 00:00:00-04:00,9.34000015258789,9.649999618530273,9.220000267028809,9.649999618530273,5100,0.0,0.0
2022-10-04 00:00:00-04:00,9.649999618530273,9.84000015258789,9.25,9.470000267028809,7600,0.0,0.0
2022-10-05 00:00:00-04:00,9.5,9.65999984741211,9.479999542236328,9.529999732971191,8200,0.0,0.0
2022-10-06 00:00:00-04:00,9.390000343322754,9.5,9.25,9.5,2100,0.0,0.0
2022-10-07 00:00:00-04:00,9.170000076293945,9.25,9.119999885559082,9.119999885559082,1400,0.0,0.0
2022-10-10 00:00:00-04:00,9.119999885559082,9.479999542236328,9.0,9.15999984741211,10200,0.0,0.0
2022-10-11 00:00:00-04:00,9.630000114440918,9.75,9.220000267028809,9.359999656677246,8000,0.0,0.0
2022-10-12 00:00:00-04:00,9.350000381469727,9.550000190734863,9.15999984741211,9.270000457763672,6100,0.0,0.0
2022-10-13 00:00:00-04:00,9.180000305175781,9.649999618530273,8.949999809265137,9.649999618530273,6500,0.0,0.0
2022-10-14 00:00:00-04:00,9.300000190734863,9.350000381469727,9.260000228881836,9.260000228881836,1300,0.0,0.0
2022-10-17 00:00:00-04:00,9.399999618530273,9.550000190734863,9.170000076293945,9.170000076293945,5200,0.0,0.0
2022-10-18 00:00:00-04:00,9.170000076293945,9.300000190734863,9.010000228881836,9.109999656677246,4400,0.0,0.0
2022-10-19 00:00:00-04:00,9.069999694824219,9.199999809265137,9.0,9.010000228881836,6600,0.0,0.0
2022-10-20 00:00:00-04:00,9.0600004196167,9.0600004196167,8.800000190734863,8.890000343322754,6800,0.0,0.0
2022-10-21 00:00:00-04:00,8.8100004196167,9.239999771118164,8.649999618530273,8.770000457763672,15000,0.0,0.0
2022-10-24 00:00:00-04:00,8.760000228881836,9.359999656677246,8.760000228881836,8.789999961853027,7200,0.0,0.0
2022-10-25 00:00:00-04:00,8.75,9.100000381469727,8.75,8.789999961853027,3400,0.0,0.0
2022-10-26 00:00:00-04:00,8.819999694824219,8.930000305175781,8.739999771118164,8.739999771118164,1800,0.0,0.0
2022-10-27 00:00:00-04:00,8.8100004196167,8.850000381469727,8.5,8.710000038146973,2200,0.0,0.0
2022-10-28 00:00:00-04:00,8.710000038146973,8.710000038146973,8.5,8.510000228881836,2700,0.0,0.0
2022-10-31 00:00:00-04:00,8.569999694824219,8.979999542236328,8.529999732971191,8.920000076293945,4500,0.0,0.0
2022-11-01 00:00:00-04:00,8.8100004196167,8.8100004196167,8.569999694824219,8.569999694824219,2800,0.0,0.0
2022-11-02 00:00:00-04:00,8.569999694824219,8.59000015258789,8.5,8.5,3500,0.0,0.0
2022-11-03 00:00:00-04:00,8.5,8.5,8.119999885559082,8.119999885559082,5500,0.0,0.0
2022-11-04 00:00:00-04:00,8.199999809265137,8.539999961853027,8.0,8.399999618530273,8400,0.0,0.0
2022-11-07 00:00:00-05:00,8.5,8.75,8.5,8.630000114440918,8900,0.0,0.0
2022-11-08 00:00:00-05:00,8.819999694824219,8.819999694824219,8.5,8.550000190734863,2400,0.0,0.0
2022-11-09 00:00:00-05:00,8.579999923706055,8.579999923706055,8.15999984741211,8.329999923706055,7800,0.0,0.0
2022-11-10 00:00:00-05:00,8.210000038146973,8.229999542236328,7.769999980926514,8.220000267028809,23100,0.0,0.0
2022-11-11 00:00:00-05:00,8.180000305175781,8.180000305175781,7.820000171661377,7.980000019073486,7000,0.0,0.0
2022-11-14 00:00:00-05:00,8.0,8.079999923706055,7.940000057220459,7.949999809265137,2400,0.0,0.0
2022-11-15 00:00:00-05:00,7.940000057220459,8.350000381469727,7.909999847412109,8.170000076293945,20300,0.0,0.0
2022-11-16 00:00:00-05:00,8.279999732971191,8.279999732971191,7.570000171661377,7.590000152587891,13000,0.0,0.0
2022-11-17 00:00:00-05:00,7.679999828338623,7.769999980926514,7.559999942779541,7.579999923706055,4400,0.0,0.0
2022-11-18 00:00:00-05:00,7.559999942779541,7.739999771118164,7.489999771118164,7.650000095367432,3300,0.0,0.0
2022-11-21 00:00:00-05:00,7.659999847412109,7.659999847412109,7.53000020980835,7.559999942779541,2900,0.0,0.0
2022-11-22 00:00:00-05:00,7.5,7.75,7.489999771118164,7.519999980926514,3200,0.0,0.0
2022-11-23 00:00:00-05:00,7.539999961853027,7.809999942779541,7.5,7.75,5000,0.0,0.0
2022-11-25 00:00:00-05:00,7.789999961853027,7.800000190734863,7.789999961853027,7.800000190734863,1300,0.0,0.0
2022-11-28 00:00:00-05:00,7.510000228881836,7.769999980926514,7.400000095367432,7.460000038146973,17400,0.0,0.0
2022-11-29 00:00:00-05:00,7.550000190734863,7.739999771118164,7.119999885559082,7.199999809265137,28600,0.0,0.0
2022-11-30 00:00:00-05:00,7.039999961853027,7.849999904632568,7.039999961853027,7.349999904632568,5700,0.0,0.0
2022-12-01 00:00:00-05:00,7.550000190734863,7.75,7.260000228881836,7.369999885559082,2200,0.0,0.0
2022-12-02 00:00:00-05:00,7.679999828338623,7.809999942779541,7.679999828338623,7.789999961853027,3100,0.0,0.0
2022-12-05 00:00:00-05:00,7.800000190734863,8.0,7.610000133514404,7.690000057220459,8100,0.0,0.0
2022-12-06 00:00:00-05:00,7.860000133514404,7.949999809265137,7.619999885559082,7.699999809265137,18200,0.0,0.0
2022-12-07 00:00:00-05:00,7.71999979019165,7.920000076293945,7.71999979019165,7.71999979019165,12400,0.0,0.0
2022-12-08 00:00:00-05:00,7.75,7.909999847412109,7.5,7.690000057220459,23100,0.0,0.0
2022-12-09 00:00:00-05:00,7.659999847412109,7.889999866485596,7.659999847412109,7.889999866485596,6600,0.0,0.0
2022-12-12 00:00:00-05:00,7.869999885559082,7.869999885559082,7.559999942779541,7.610000133514404,1900,0.0,0.0
2022-12-13 00:00:00-05:00,7.639999866485596,7.989999771118164,7.630000114440918,7.630000114440918,2400,0.0,0.0
2022-12-14 00:00:00-05:00,7.809999942779541,7.989999771118164,7.670000076293945,7.809999942779541,7900,0.0,0.0
2022-12-15 00:00:00-05:00,7.829999923706055,8.020000457763672,7.539999961853027,7.949999809265137,10600,0.0,0.0
2022-12-16 00:00:00-05:00,7.980000019073486,8.029999732971191,7.900000095367432,8.0,14400,0.0,0.0
2022-12-19 00:00:00-05:00,7.949999809265137,8.109999656677246,7.639999866485596,7.769999980926514,8600,0.0,0.0
2022-12-20 00:00:00-05:00,7.940000057220459,8.529999732971191,7.909999847412109,8.210000038146973,27800,0.0,0.0
2022-12-21 00:00:00-05:00,8.199999809265137,8.529999732971191,8.199999809265137,8.220000267028809,6900,0.0,0.0
2022-12-22 00:00:00-05:00,8.5,8.739999771118164,8.100000381469727,8.739999771118164,1900,0.0,0.0
2022-12-23 00:00:00-05:00,8.130000114440918,8.520000457763672,8.109999656677246,8.420000076293945,9200,0.0,0.0
2022-12-27 00:00:00-05:00,8.420000076293945,8.420000076293945,8.420000076293945,8.420000076293945,600,0.0,0.0
2022-12-28 00:00:00-05:00,7.909999847412109,8.359999656677246,7.900000095367432,8.149999618530273,10000,0.0,0.0
2022-12-29 00:00:00-05:00,8.109999656677246,8.350000381469727,8.020000457763672,8.350000381469727,5900,0.0,0.0
2022-12-30 00:00:00-05:00,8.0,8.5,7.920000076293945,8.390000343322754,10600,0.0,0.0
2023-01-03 00:00:00-05:00,7.949999809265137,8.75,7.949999809265137,8.199999809265137,4900,0.0,0.0
2023-01-04 00:00:00-05:00,8.210000038146973,9.199999809265137,8.210000038146973,8.949999809265137,19800,0.0,0.0
2023-01-05 00:00:00-05:00,8.970000267028809,9.380000114440918,8.970000267028809,9.029999732971191,6300,0.0,0.0
2023-01-06 00:00:00-05:00,8.829999923706055,9.430000305175781,8.829999923706055,9.430000305175781,6800,0.0,0.0
2023-01-09 00:00:00-05:00,9.119999885559082,9.699999809265137,9.0,9.149999618530273,14900,0.0,0.0
2023-01-10 00:00:00-05:00,9.239999771118164,9.569999694824219,8.9399995803833,9.529999732971191,7100,0.0,0.0
2023-01-11 00:00:00-05:00,9.420000076293945,10.119999885559082,9.420000076293945,9.779999732971191,8400,0.0,0.0
2023-01-12 00:00:00-05:00,9.729999542236328,9.920000076293945,9.529999732971191,9.920000076293945,6000,0.0,0.0
2023-01-13 00:00:00-05:00,9.75,9.800000190734863,9.609999656677246,9.75,5700,0.0,0.0
2023-01-17 00:00:00-05:00,9.75,9.899999618530273,9.390000343322754,9.420000076293945,9900,0.0,0.0
2023-01-18 00:00:00-05:00,9.15999984741211,9.460000038146973,9.119999885559082,9.170000076293945,6400,0.0,0.0
2023-01-19 00:00:00-05:00,8.960000038146973,9.229999542236328,8.720000267028809,8.720000267028809,1900,0.0,0.0
2023-01-20 00:00:00-05:00,8.850000381469727,9.140000343322754,8.739999771118164,8.819999694824219,16700,0.0,0.0
2023-01-23 00:00:00-05:00,8.960000038146973,8.989999771118164,8.65999984741211,8.760000228881836,9300,0.0,0.0
2023-01-24 00:00:00-05:00,9.760000228881836,9.760000228881836,8.710000038146973,8.760000228881836,3300,0.0,0.0
2023-01-25 00:00:00-05:00,9.0,9.100000381469727,9.0,9.100000381469727,3400,0.0,0.0
2023-01-26 00:00:00-05:00,9.100000381469727,9.359999656677246,8.720000267028809,8.989999771118164,17500,0.0,0.0
2023-01-27 00:00:00-05:00,9.260000228881836,9.260000228881836,8.979999542236328,9.050000190734863,5300,0.0,0.0
2023-01-30 00:00:00-05:00,8.760000228881836,8.770000457763672,8.710000038146973,8.770000457763672,7600,0.0,0.0
2023-01-31 00:00:00-05:00,8.920000076293945,8.920000076293945,8.899999618530273,8.899999618530273,2100,0.0,0.0
2023-02-01 00:00:00-05:00,8.75,8.75,8.699999809265137,8.75,8000,0.0,0.0
2023-02-02 00:00:00-05:00,8.699999809265137,9.039999961853027,8.699999809265137,9.039999961853027,5600,0.0,0.0
2023-02-03 00:00:00-05:00,9.350000381469727,9.350000381469727,8.970000267028809,8.970000267028809,5100,0.0,0.0
2023-02-06 00:00:00-05:00,8.920000076293945,8.920000076293945,8.920000076293945,8.920000076293945,6000,0.0,0.0
2023-02-07 00:00:00-05:00,8.829999923706055,9.0,8.569999694824219,8.569999694824219,2700,0.0,0.0
2023-02-08 00:00:00-05:00,8.399999618530273,8.65999984741211,8.25,8.489999771118164,17800,0.0,0.0
2023-02-09 00:00:00-05:00,8.430000305175781,9.020000457763672,8.220000267028809,8.399999618530273,39900,0.0,0.0
2023-02-10 00:00:00-05:00,8.539999961853027,8.800000190734863,8.449999809265137,8.729999542236328,8400,0.0,0.0
2023-02-13 00:00:00-05:00,8.779999732971191,9.199999809265137,8.75,8.800000190734863,11700,0.0,0.0
2023-02-14 00:00:00-05:00,8.970000267028809,8.970000267028809,8.449999809265137,8.600000381469727,16600,0.0,0.0
2023-02-15 00:00:00-05:00,8.489999771118164,8.710000038146973,8.420000076293945,8.649999618530273,18700,0.0,0.0
2023-02-16 00:00:00-05:00,8.770000457763672,9.050000190734863,8.75,8.800000190734863,8900,0.0,0.0
2023-02-17 00:00:00-05:00,8.960000038146973,8.960000038146973,8.649999618530273,8.760000228881836,6000,0.0,0.0
2023-02-21 00:00:00-05:00,9.0,9.0,8.649999618530273,8.760000228881836,6300,0.0,0.0
2023-02-22 00:00:00-05:00,8.649999618530273,8.890000343322754,8.649999618530273,8.729999542236328,2700,0.0,0.0
2023-02-23 00:00:00-05:00,8.8100004196167,9.600000381469727,8.739999771118164,9.600000381469727,34900,0.0,0.0
2023-02-24 00:00:00-05:00,9.300000190734863,9.300000190734863,9.0,9.010000228881836,4200,0.0,0.0
2023-02-27 00:00:00-05:00,9.300000190734863,9.420000076293945,9.119999885559082,9.15999984741211,1300,0.0,0.0
2023-02-28 00:00:00-05:00,9.0600004196167,9.239999771118164,9.0600004196167,9.100000381469727,2700,0.0,0.0
2023-03-01 00:00:00-05:00,9.210000038146973,9.210000038146973,8.720000267028809,8.789999961853027,9500,0.0,0.0
2023-03-02 00:00:00-05:00,8.779999732971191,9.039999961853027,8.779999732971191,9.0,4700,0.0,0.0
2023-03-03 00:00:00-05:00,8.770000457763672,8.979999542236328,8.770000457763672,8.899999618530273,1800,0.0,0.0
2023-03-06 00:00:00-05:00,9.0,9.399999618530273,8.819999694824219,8.819999694824219,23400,0.0,0.0
2023-03-07 00:00:00-05:00,9.0,9.0,8.859999656677246,8.859999656677246,1200,0.0,0.0
2023-03-08 00:00:00-05:00,8.989999771118164,9.3100004196167,8.84000015258789,9.039999961853027,10100,0.0,0.0
2023-03-09 00:00:00-05:00,9.0,9.300000190734863,8.979999542236328,9.140000343322754,4700,0.0,0.0
2023-03-10 00:00:00-05:00,9.0,9.020000457763672,8.75,8.970000267028809,1100,0.0,0.0
2023-03-13 00:00:00-04:00,9.0600004196167,9.399999618530273,8.859999656677246,9.149999618530273,7300,0.0,0.0
2023-03-14 00:00:00-04:00,8.920000076293945,9.100000381469727,8.84000015258789,8.84000015258789,4200,0.0,0.0
2023-03-15 00:00:00-04:00,8.75,9.0,8.75,8.850000381469727,2700,0.0,0.0
2023-03-16 00:00:00-04:00,8.779999732971191,9.239999771118164,8.75,9.239999771118164,17400,0.0,0.0
2023-03-17 00:00:00-04:00,9.329999923706055,9.350000381469727,8.800000190734863,9.300000190734863,28600,0.0,0.0
2023-03-20 00:00:00-04:00,9.399999618530273,9.649999618530273,9.100000381469727,9.109999656677246,26100,0.0,0.0
2023-03-21 00:00:00-04:00,9.470000267028809,9.6899995803833,8.989999771118164,9.130000114440918,8700,0.0,0.0
2023-03-22 00:00:00-04:00,9.579999923706055,9.579999923706055,8.960000038146973,9.279999732971191,2800,0.0,0.0
2023-03-23 00:00:00-04:00,9.010000228881836,9.140000343322754,9.0,9.140000343322754,4100,0.0,0.0
2023-03-24 00:00:00-04:00,9.140000343322754,9.140000343322754,9.140000343322754,9.140000343322754,0,0.0,0.0
2023-03-27 00:00:00-04:00,9.260000228881836,9.489999771118164,8.869999885559082,8.979999542236328,8300,0.0,0.0
2023-03-28 00:00:00-04:00,8.859999656677246,9.140000343322754,8.84000015258789,9.09000015258789,5100,0.0,0.0
2023-03-29 00:00:00-04:00,9.300000190734863,9.300000190734863,8.779999732971191,8.920000076293945,6000,0.0,0.0
2023-03-30 00:00:00-04:00,8.789999961853027,9.029999732971191,8.789999961853027,8.899999618530273,3300,0.0,0.0
2023-03-31 00:00:00-04:00,9.010000228881836,9.350000381469727,8.979999542236328,9.220000267028809,7800,0.0,0.0
2023-04-03 00:00:00-04:00,9.010000228881836,9.300000190734863,8.890000343322754,9.15999984741211,2800,0.0,0.0
2023-04-04 00:00:00-04:00,9.010000228881836,9.050000190734863,8.699999809265137,8.699999809265137,8500,0.0,0.0
2023-04-05 00:00:00-04:00,8.75,8.949999809265137,8.649999618530273,8.899999618530273,3800,0.0,0.0
2023-04-06 00:00:00-04:00,8.789999961853027,8.789999961853027,8.649999618530273,8.65999984741211,1700,0.0,0.0
2023-04-10 00:00:00-04:00,8.65999984741211,9.0,8.59000015258789,8.859999656677246,11200,0.0,0.0
2023-04-11 00:00:00-04:00,8.8100004196167,8.899999618530273,8.680000305175781,8.899999618530273,5000,0.0,0.0
2023-04-12 00:00:00-04:00,8.729999542236328,8.890000343322754,8.729999542236328,8.890000343322754,500,0.0,0.0
2023-04-13 00:00:00-04:00,8.960000038146973,8.960000038146973,8.75,8.819999694824219,2100,0.0,0.0
2023-04-14 00:00:00-04:00,8.489999771118164,8.789999961853027,8.489999771118164,8.75,3600,0.0,0.0
2023-04-17 00:00:00-04:00,8.649999618530273,8.789999961853027,8.609999656677246,8.779999732971191,3500,0.0,0.0
2023-04-18 00:00:00-04:00,8.789999961853027,8.84000015258789,8.699999809265137,8.699999809265137,900,0.0,0.0
2023-04-19 00:00:00-04:00,8.600000381469727,8.609999656677246,8.600000381469727,8.609999656677246,400,0.0,0.0
2023-04-20 00:00:00-04:00,8.789999961853027,8.829999923706055,8.789999961853027,8.819999694824219,1500,0.0,0.0
2023-04-21 00:00:00-04:00,8.829999923706055,8.9399995803833,8.829999923706055,8.9399995803833,1600,0.0,0.0
2023-04-24 00:00:00-04:00,8.9399995803833,9.4399995803833,8.90999984741211,9.4399995803833,6100,0.0,0.0
2023-04-25 00:00:00-04:00,9.369999885559082,9.399999618530273,8.949999809265137,8.949999809265137,1900,0.0,0.0
2023-04-26 00:00:00-04:00,8.800000190734863,9.100000381469727,8.479999542236328,9.029999732971191,2500,0.0,0.0
2023-04-27 00:00:00-04:00,9.029999732971191,9.029999732971191,9.029999732971191,9.029999732971191,400,0.0,0.0
2023-04-28 00:00:00-04:00,8.859999656677246,8.90999984741211,8.859999656677246,8.90999984741211,700,0.0,0.0
2023-05-01 00:00:00-04:00,8.869999885559082,8.869999885559082,8.720000267028809,8.720000267028809,1900,0.0,0.0
2023-05-02 00:00:00-04:00,8.75,8.760000228881836,8.460000038146973,8.489999771118164,5900,0.0,0.0
2023-05-03 00:00:00-04:00,8.449999809265137,8.449999809265137,7.539999961853027,7.599999904632568,49300,0.0,0.0
2023-05-04 00:00:00-04:00,7.550000190734863,7.880000114440918,7.550000190734863,7.880000114440918,16800,0.0,0.0
2023-05-05 00:00:00-04:00,7.900000095367432,7.949999809265137,7.619999885559082,7.800000190734863,5100,0.0,0.0
2023-05-08 00:00:00-04:00,7.710000038146973,7.909999847412109,7.630000114440918,7.75,4900,0.0,0.0
2023-05-09 00:00:00-04:00,7.78000020980835,7.909999847412109,7.590000152587891,7.699999809265137,10600,0.0,0.0
2023-05-10 00:00:00-04:00,7.909999847412109,7.909999847412109,7.710000038146973,7.829999923706055,2800,0.0,0.0
2023-05-11 00:00:00-04:00,7.900000095367432,7.900000095367432,7.429999828338623,7.5,10600,0.0,0.0
2023-05-12 00:00:00-04:00,7.340000152587891,7.75,7.340000152587891,7.679999828338623,12800,0.0,0.0
2023-05-15 00:00:00-04:00,7.679999828338623,7.679999828338623,7.260000228881836,7.599999904632568,3500,0.0,0.0
2023-05-16 00:00:00-04:00,7.429999828338623,7.5,7.369999885559082,7.5,2100,0.0,0.0
2023-05-17 00:00:00-04:00,7.400000095367432,7.690000057220459,7.360000133514404,7.690000057220459,4500,0.0,0.0
2023-05-18 00:00:00-04:00,7.449999809265137,7.78000020980835,7.449999809265137,7.760000228881836,7200,0.0,0.0
2023-05-19 00:00:00-04:00,7.559999942779541,7.860000133514404,7.0,7.650000095367432,12900,0.0,0.0
2023-05-22 00:00:00-04:00,7.550000190734863,7.849999904632568,7.5,7.570000171661377,12500,0.0,0.0
2023-05-23 00:00:00-04:00,7.559999942779541,7.690000057220459,7.559999942779541,7.650000095367432,1100,0.0,0.0
2023-05-24 00:00:00-04:00,7.53000020980835,7.929999828338623,7.53000020980835,7.929999828338623,2100,0.0,0.0
2023-05-25 00:00:00-04:00,7.809999942779541,7.809999942779541,7.710000038146973,7.710000038146973,900,0.0,0.0
2023-05-26 00:00:00-04:00,7.710000038146973,7.71999979019165,7.510000228881836,7.71999979019165,7400,0.0,0.0
2023-05-30 00:00:00-04:00,7.699999809265137,7.71999979019165,7.5,7.650000095367432,3200,0.0,0.0
2023-05-31 00:00:00-04:00,7.460000038146973,7.460000038146973,7.460000038146973,7.460000038146973,900,0.0,0.0
2023-06-01 00:00:00-04:00,7.489999771118164,7.699999809265137,7.489999771118164,7.579999923706055,3900,0.0,0.0
2023-06-02 00:00:00-04:00,7.570000171661377,7.670000076293945,7.320000171661377,7.510000228881836,5400,0.0,0.0
2023-06-05 00:00:00-04:00,7.480000019073486,7.599999904632568,7.480000019073486,7.510000228881836,4300,0.0,0.0
2023-06-06 00:00:00-04:00,7.579999923706055,7.739999771118164,7.519999980926514,7.739999771118164,800,0.0,0.0
2023-06-07 00:00:00-04:00,7.739999771118164,7.739999771118164,7.730000019073486,7.730000019073486,600,0.0,0.0
2023-06-08 00:00:00-04:00,7.659999847412109,7.809999942779541,7.489999771118164,7.53000020980835,1700,0.0,0.0
2023-06-09 00:00:00-04:00,7.650000095367432,7.650000095367432,7.570000171661377,7.579999923706055,1100,0.0,0.0
2023-06-12 00:00:00-04:00,7.5,7.769999980926514,7.5,7.769999980926514,1900,0.0,0.0
2023-06-13 00:00:00-04:00,7.710000038146973,7.710000038146973,7.650000095367432,7.650000095367432,700,0.0,0.0
2023-06-14 00:00:00-04:00,7.630000114440918,7.630000114440918,7.519999980926514,7.53000020980835,7600,0.0,0.0
2023-06-15 00:00:00-04:00,7.570000171661377,7.570000171661377,7.570000171661377,7.570000171661377,4500,0.0,0.0
2023-06-16 00:00:00-04:00,7.510000228881836,7.599999904632568,7.510000228881836,7.599999904632568,800,0.0,0.0
2023-06-20 00:00:00-04:00,7.5,7.519999980926514,7.349999904632568,7.449999809265137,4500,0.0,0.0
2023-06-21 00:00:00-04:00,7.449999809265137,7.449999809265137,7.309999942779541,7.440000057220459,4300,0.0,0.0
2023-06-22 00:00:00-04:00,7.300000190734863,7.480000019073486,7.300000190734863,7.480000019073486,2200,0.0,0.0
2023-06-23 00:00:00-04:00,7.449999809265137,7.449999809265137,7.300000190734863,7.300000190734863,4600,0.0,0.0
2023-06-26 00:00:00-04:00,7.46999979019165,7.650000095367432,7.449999809265137,7.519999980926514,5800,0.0,0.0
2023-06-27 00:00:00-04:00,7.449999809265137,7.630000114440918,7.400000095367432,7.400000095367432,10600,0.0,0.0
2023-06-28 00:00:00-04:00,7.400000095367432,7.489999771118164,7.150000095367432,7.150000095367432,8800,0.0,0.0
2023-06-29 00:00:00-04:00,7.340000152587891,7.510000228881836,7.170000076293945,7.21999979019165,17400,0.0,0.0
2023-06-30 00:00:00-04:00,7.21999979019165,7.489999771118164,6.96999979019165,7.199999809265137,25400,0.0,0.0
2023-07-03 00:00:00-04:00,7.28000020980835,7.28000020980835,7.0,7.110000133514404,13400,0.0,0.0
2023-07-05 00:00:00-04:00,7.099999904632568,7.21999979019165,6.880000114440918,7.03000020980835,17100,0.0,0.0
2023-07-06 00:00:00-04:00,7.099999904632568,7.269999980926514,6.900000095367432,7.199999809265137,12800,0.0,0.0
2023-07-07 00:00:00-04:00,7.400000095367432,7.440000057220459,7.099999904632568,7.150000095367432,7300,0.0,0.0
2023-07-10 00:00:00-04:00,7.400000095367432,7.5,7.170000076293945,7.170000076293945,1700,0.0,0.0
2023-07-11 00:00:00-04:00,7.21999979019165,7.25,7.050000190734863,7.119999885559082,3700,0.0,0.0
2023-07-12 00:00:00-04:00,7.300000190734863,7.429999828338623,7.079999923706055,7.28000020980835,14900,0.0,0.0
2023-07-13 00:00:00-04:00,7.239999771118164,7.25,7.119999885559082,7.199999809265137,6600,0.0,0.0
2023-07-14 00:00:00-04:00,7.119999885559082,7.150000095367432,7.03000020980835,7.03000020980835,7500,0.0,0.0
2023-07-17 00:00:00-04:00,7.099999904632568,7.110000133514404,6.929999828338623,6.929999828338623,4800,0.0,0.0
2023-07-18 00:00:00-04:00,7.0,7.179999828338623,6.960000038146973,7.150000095367432,9900,0.0,0.0
2023-07-19 00:00:00-04:00,6.980000019073486,7.159999847412109,6.920000076293945,7.079999923706055,14900,0.0,0.0
2023-07-20 00:00:00-04:00,7.059999942779541,7.21999979019165,6.960000038146973,7.010000228881836,17200,0.0,0.0
2023-07-21 00:00:00-04:00,7.199999809265137,7.400000095367432,6.920000076293945,7.010000228881836,5000,0.0,0.0
2023-07-24 00:00:00-04:00,7.090000152587891,7.230000019073486,6.96999979019165,6.96999979019165,4500,0.0,0.0
2023-07-25 00:00:00-04:00,7.0,7.099999904632568,6.920000076293945,6.920000076293945,15900,0.0,0.0
2023-07-26 00:00:00-04:00,7.0,7.25,6.800000190734863,7.150000095367432,21400,0.0,0.0
2023-07-27 00:00:00-04:00,7.0,7.139999866485596,6.920000076293945,7.039999961853027,6600,0.0,0.0
2023-07-28 00:00:00-04:00,7.139999866485596,7.139999866485596,6.929999828338623,6.929999828338623,5300,0.0,0.0
2023-07-31 00:00:00-04:00,6.989999771118164,7.300000190734863,6.989999771118164,7.199999809265137,5500,0.0,0.0
2023-08-01 00:00:00-04:00,7.269999980926514,7.619999885559082,7.260000228881836,7.449999809265137,9300,0.0,0.0
2023-08-02 00:00:00-04:00,7.53000020980835,7.53000020980835,7.320000171661377,7.340000152587891,12900,0.0,0.0
2023-08-03 00:00:00-04:00,7.369999885559082,7.480000019073486,7.309999942779541,7.309999942779541,2800,0.0,0.0
2023-08-04 00:00:00-04:00,7.28000020980835,7.429999828338623,7.269999980926514,7.429999828338623,1200,0.0,0.0
2023-08-07 00:00:00-04:00,7.25,7.340000152587891,7.070000171661377,7.070000171661377,7600,0.0,0.0
2023-08-08 00:00:00-04:00,7.409999847412109,7.409999847412109,7.139999866485596,7.170000076293945,2900,0.0,0.0
2023-08-09 00:00:00-04:00,7.150000095367432,7.199999809265137,6.949999809265137,7.059999942779541,12000,0.0,0.0
2023-08-10 00:00:00-04:00,7.010000228881836,7.059999942779541,6.989999771118164,7.050000190734863,7000,0.0,0.0
2023-08-11 00:00:00-04:00,7.059999942779541,7.059999942779541,7.050000190734863,7.050000190734863,4800,0.0,0.0
2023-08-14 00:00:00-04:00,7.010000228881836,7.070000171661377,6.980000019073486,7.010000228881836,5900,0.0,0.0
2023-08-15 00:00:00-04:00,7.039999961853027,7.039999961853027,6.929999828338623,6.929999828338623,4500,0.0,0.0
2023-08-16 00:00:00-04:00,6.980000019073486,6.989999771118164,6.929999828338623,6.980000019073486,2900,0.0,0.0
2023-08-17 00:00:00-04:00,6.489999771118164,6.489999771118164,5.059999942779541,5.46999979019165,87300,0.0,0.0
2023-08-18 00:00:00-04:00,5.670000076293945,5.670000076293945,5.400000095367432,5.449999809265137,20900,0.0,0.0
2023-08-21 00:00:00-04:00,5.690000057220459,6.71999979019165,5.690000057220459,6.519999980926514,42400,0.0,0.0
2023-08-22 00:00:00-04:00,6.519999980926514,6.519999980926514,6.210000038146973,6.309999942779541,10000,0.0,0.0
2023-08-23 00:00:00-04:00,6.260000228881836,6.400000095367432,6.170000076293945,6.400000095367432,3600,0.0,0.0
2023-08-24 00:00:00-04:00,6.099999904632568,6.28000020980835,6.010000228881836,6.28000020980835,1400,0.0,0.0
2023-08-25 00:00:00-04:00,6.28000020980835,6.28000020980835,6.28000020980835,6.28000020980835,400,0.0,0.0
2023-08-28 00:00:00-04:00,6.460000038146973,6.690000057220459,6.329999923706055,6.449999809265137,3700,0.0,0.0
2023-08-29 00:00:00-04:00,6.449999809265137,6.449999809265137,6.389999866485596,6.389999866485596,1400,0.0,0.0
2023-08-30 00:00:00-04:00,6.269999980926514,6.5,6.199999809265137,6.300000190734863,4200,0.0,0.0
2023-08-31 00:00:00-04:00,6.010000228881836,6.539999961853027,6.010000228881836,6.199999809265137,5000,0.0,0.0
2023-09-01 00:00:00-04:00,6.239999771118164,6.400000095367432,6.099999904632568,6.179999828338623,5600,0.0,0.0
2023-09-05 00:00:00-04:00,6.289999961853027,6.289999961853027,6.019999980926514,6.260000228881836,1700,0.0,0.0
2023-09-06 00:00:00-04:00,6.230000019073486,6.309999942779541,6.099999904632568,6.119999885559082,7700,0.0,0.0
2023-09-07 00:00:00-04:00,6.260000228881836,6.260000228881836,6.260000228881836,6.260000228881836,400,0.0,0.0
2023-09-08 00:00:00-04:00,6.150000095367432,6.400000095367432,6.119999885559082,6.400000095367432,3200,0.0,0.0
2023-09-11 00:00:00-04:00,6.380000114440918,6.53000020980835,6.179999828338623,6.179999828338623,9400,0.0,0.0
2023-09-12 00:00:00-04:00,6.5,6.739999771118164,6.5,6.510000228881836,11500,0.0,0.0
2023-09-13 00:00:00-04:00,6.400000095367432,6.610000133514404,6.25,6.380000114440918,10200,0.0,0.0
2023-09-14 00:00:00-04:00,6.579999923706055,6.699999809265137,6.329999923706055,6.659999847412109,9700,0.0,0.0
2023-09-15 00:00:00-04:00,6.340000152587891,6.650000095367432,6.340000152587891,6.650000095367432,10200,0.0,0.0
2023-09-18 00:00:00-04:00,6.380000114440918,6.460000038146973,6.349999904632568,6.449999809265137,4000,0.0,0.0
2023-09-19 00:00:00-04:00,6.389999866485596,6.550000190734863,6.320000171661377,6.360000133514404,16400,0.0,0.0
2023-09-20 00:00:00-04:00,6.53000020980835,6.53000020980835,6.340000152587891,6.340000152587891,9000,0.0,0.0
2023-09-21 00:00:00-04:00,6.360000133514404,6.5,6.300000190734863,6.309999942779541,10100,0.0,0.0
2023-09-22 00:00:00-04:00,6.440000057220459,6.599999904632568,6.159999847412109,6.570000171661377,10400,0.0,0.0
2023-09-25 00:00:00-04:00,6.380000114440918,6.570000171661377,6.360000133514404,6.380000114440918,6100,0.0,0.0
2023-09-26 00:00:00-04:00,6.190000057220459,6.239999771118164,5.949999809265137,6.150000095367432,21600,0.0,0.0
2023-09-27 00:00:00-04:00,6.269999980926514,6.510000228881836,6.119999885559082,6.25,15500,0.0,0.0
2023-09-28 00:00:00-04:00,6.480000019073486,6.510000228881836,6.349999904632568,6.349999904632568,3400,0.0,0.0
2023-09-29 00:00:00-04:00,6.380000114440918,6.489999771118164,6.380000114440918,6.489999771118164,2800,0.0,0.0
2023-10-02 00:00:00-04:00,6.409999847412109,6.650000095367432,6.300000190734863,6.630000114440918,6100,0.0,0.0
2023-10-03 00:00:00-04:00,6.630000114440918,6.630000114440918,6.309999942779541,6.309999942779541,6900,0.0,0.0
2023-10-04 00:00:00-04:00,6.369999885559082,6.599999904632568,6.289999961853027,6.300000190734863,6600,0.0,0.0
2023-10-05 00:00:00-04:00,6.400000095367432,6.570000171661377,6.25,6.340000152587891,13700,0.0,0.0
2023-10-06 00:00:00-04:00,6.269999980926514,6.579999923706055,6.199999809265137,6.400000095367432,9700,0.0,0.0
2023-10-09 00:00:00-04:00,6.300000190734863,6.409999847412109,6.289999961853027,6.360000133514404,9000,0.0,0.0
2023-10-10 00:00:00-04:00,6.300000190734863,6.489999771118164,6.190000057220459,6.210000038146973,8200,0.0,0.0
2023-10-11 00:00:00-04:00,6.289999961853027,6.420000076293945,6.230000019073486,6.409999847412109,5200,0.0,0.0
2023-10-12 00:00:00-04:00,6.199999809265137,6.449999809265137,5.920000076293945,6.25,16400,0.0,0.0
2023-10-13 00:00:00-04:00,6.139999866485596,6.349999904632568,6.139999866485596,6.349999904632568,3300,0.0,0.0
2023-10-16 00:00:00-04:00,6.210000038146973,6.510000228881836,6.210000038146973,6.389999866485596,4300,0.0,0.0
2023-10-17 00:00:00-04:00,6.489999771118164,6.610000133514404,6.28000020980835,6.320000171661377,15100,0.0,0.0
2023-10-18 00:00:00-04:00,6.400000095367432,6.400000095367432,6.239999771118164,6.239999771118164,3700,0.0,0.0
2023-10-19 00:00:00-04:00,6.25,6.46999979019165,6.019999980926514,6.039999961853027,13700,0.0,0.0
2023-10-20 00:00:00-04:00,6.130000114440918,6.570000171661377,5.800000190734863,6.230000019073486,72600,0.0,0.0
2023-10-23 00:00:00-04:00,5.96999979019165,6.25,5.949999809265137,5.949999809265137,3700,0.0,0.0
2023-10-24 00:00:00-04:00,6.070000171661377,6.199999809265137,5.909999847412109,5.929999828338623,13600,0.0,0.0
2023-10-25 00:00:00-04:00,5.989999771118164,6.190000057220459,5.960000038146973,6.079999923706055,2900,0.0,0.0
2023-10-26 00:00:00-04:00,5.929999828338623,6.179999828338623,5.920000076293945,6.099999904632568,2800,0.0,0.0
2023-10-27 00:00:00-04:00,6.099999904632568,6.110000133514404,5.96999979019165,6.010000228881836,4400,0.0,0.0
2023-10-30 00:00:00-04:00,6.019999980926514,6.130000114440918,6.010000228881836,6.130000114440918,1700,0.0,0.0
2023-10-31 00:00:00-04:00,5.949999809265137,6.150000095367432,5.920000076293945,5.96999979019165,5100,0.0,0.0
2023-11-01 00:00:00-04:00,5.960000038146973,6.210000038146973,5.960000038146973,6.210000038146973,3300,0.0,0.0
2023-11-02 00:00:00-04:00,6.019999980926514,6.230000019073486,6.0,6.099999904632568,10700,0.0,0.0
2023-11-03 00:00:00-04:00,6.090000152587891,6.28000020980835,6.090000152587891,6.130000114440918,5900,0.0,0.0
2023-11-06 00:00:00-05:00,6.159999847412109,6.260000228881836,6.139999866485596,6.159999847412109,2600,0.0,0.0
2023-11-07 00:00:00-05:00,6.199999809265137,6.199999809265137,6.059999942779541,6.059999942779541,2700,0.0,0.0
2023-11-08 00:00:00-05:00,6.110000133514404,6.130000114440918,6.059999942779541,6.110000133514404,5800,0.0,0.0
2023-11-09 00:00:00-05:00,6.079999923706055,6.130000114440918,5.980000019073486,6.130000114440918,3600,0.0,0.0
2023-11-10 00:00:00-05:00,6.050000190734863,6.429999828338623,6.050000190734863,6.429999828338623,4600,0.0,0.0
2023-11-13 00:00:00-05:00,6.190000057220459,6.190000057220459,6.070000171661377,6.070000171661377,3000,0.0,0.0
2023-11-14 00:00:00-05:00,6.070000171661377,6.150000095367432,6.070000171661377,6.070000171661377,4100,0.0,0.0
2023-11-15 00:00:00-05:00,6.03000020980835,6.070000171661377,6.010000228881836,6.03000020980835,2500,0.0,0.0
2023-11-16 00:00:00-05:00,6.0,6.139999866485596,5.980000019073486,6.139999866485596,2100,0.0,0.0
2023-11-17 00:00:00-05:00,6.03000020980835,6.150000095367432,6.03000020980835,6.139999866485596,2100,0.0,0.0
2023-11-20 00:00:00-05:00,6.139999866485596,6.46999979019165,6.010000228881836,6.119999885559082,7100,0.0,0.0
2023-11-21 00:00:00-05:00,6.150000095367432,6.150000095367432,6.0,6.0,6700,0.0,0.0
2023-11-22 00:00:00-05:00,5.980000019073486,6.260000228881836,5.980000019073486,6.150000095367432,2400,0.0,0.0
2023-11-24 00:00:00-05:00,6.099999904632568,6.289999961853027,6.099999904632568,6.110000133514404,1900,0.0,0.0
2023-11-27 00:00:00-05:00,6.099999904632568,6.099999904632568,5.920000076293945,5.920000076293945,4100,0.0,0.0
2023-11-28 00:00:00-05:00,6.039999961853027,6.050000190734863,5.800000190734863,5.800000190734863,5500,0.0,0.0
2023-11-29 00:00:00-05:00,6.070000171661377,6.070000171661377,5.820000171661377,5.989999771118164,11500,0.0,0.0
2023-11-30 00:00:00-05:00,5.900000095367432,5.989999771118164,5.809999942779541,5.820000171661377,3400,0.0,0.0
2023-12-01 00:00:00-05:00,5.980000019073486,6.079999923706055,5.78000020980835,6.079999923706055,10100,0.0,0.0
2023-12-04 00:00:00-05:00,6.099999904632568,6.380000114440918,6.039999961853027,6.380000114440918,10800,0.0,0.0
2023-12-05 00:00:00-05:00,6.300000190734863,6.480000019073486,6.170000076293945,6.170000076293945,11200,0.0,0.0
2023-12-06 00:00:00-05:00,6.099999904632568,6.440000057220459,6.099999904632568,6.260000228881836,1900,0.0,0.0
2023-12-07 00:00:00-05:00,6.300000190734863,6.409999847412109,6.28000020980835,6.389999866485596,4700,0.0,0.0
2023-12-08 00:00:00-05:00,6.389999866485596,6.599999904632568,6.389999866485596,6.590000152587891,10100,0.0,0.0
2023-12-11 00:00:00-05:00,6.519999980926514,7.260000228881836,6.510000228881836,7.210000038146973,19000,0.0,0.0
2023-12-12 00:00:00-05:00,7.239999771118164,7.369999885559082,6.989999771118164,6.989999771118164,5500,0.0,0.0
2023-12-13 00:00:00-05:00,7.130000114440918,7.150000095367432,7.010000228881836,7.010000228881836,1500,0.0,0.0
2023-12-14 00:00:00-05:00,6.949999809265137,7.150000095367432,6.940000057220459,7.099999904632568,3500,0.0,0.0
2023-12-15 00:00:00-05:00,6.989999771118164,6.989999771118164,6.550000190734863,6.579999923706055,4200,0.0,0.0
2023-12-18 00:00:00-05:00,6.590000152587891,6.619999885559082,6.579999923706055,6.579999923706055,4900,0.0,0.0
2023-12-19 00:00:00-05:00,6.639999866485596,6.800000190734863,6.449999809265137,6.610000133514404,9400,0.0,0.0
2023-12-20 00:00:00-05:00,6.610000133514404,6.739999771118164,6.5,6.739999771118164,2600,0.0,0.0
2023-12-21 00:00:00-05:00,6.699999809265137,6.800000190734863,6.610000133514404,6.610000133514404,800,0.0,0.0
2023-12-22 00:00:00-05:00,6.739999771118164,6.869999885559082,6.400000095367432,6.579999923706055,2500,0.0,0.0
2023-12-26 00:00:00-05:00,6.5,6.650000095367432,6.460000038146973,6.460000038146973,3700,0.0,0.0
2023-12-27 00:00:00-05:00,6.659999847412109,6.659999847412109,6.440000057220459,6.440000057220459,3100,0.0,0.0
2023-12-28 00:00:00-05:00,6.440000057220459,6.449999809265137,6.400000095367432,6.440000057220459,3900,0.0,0.0
2023-12-29 00:00:00-05:00,6.429999828338623,6.53000020980835,6.420000076293945,6.53000020980835,2200,0.0,0.0
2024-01-02 00:00:00-05:00,6.980000019073486,6.980000019073486,6.53000020980835,6.53000020980835,800,0.0,0.0
2024-01-03 00:00:00-05:00,6.519999980926514,6.519999980926514,6.480000019073486,6.480000019073486,900,0.0,0.0
2024-01-04 00:00:00-05:00,6.769999980926514,6.78000020980835,6.460000038146973,6.610000133514404,7000,0.0,0.0
2024-01-05 00:00:00-05:00,6.510000228881836,6.510000228881836,6.070000171661377,6.070000171661377,6200,0.0,0.0
2024-01-08 00:00:00-05:00,6.329999923706055,6.329999923706055,6.070000171661377,6.079999923706055,7300,0.0,0.0
2024-01-09 00:00:00-05:00,6.090000152587891,6.139999866485596,6.090000152587891,6.119999885559082,1300,0.0,0.0
2024-01-10 00:00:00-05:00,6.090000152587891,6.099999904632568,6.090000152587891,6.099999904632568,500,0.0,0.0
2024-01-11 00:00:00-05:00,6.110000133514404,6.440000057220459,6.099999904632568,6.150000095367432,2900,0.0,0.0
2024-01-12 00:00:00-05:00,6.150000095367432,6.389999866485596,6.150000095367432,6.389999866485596,1400,0.0,0.0
2024-01-16 00:00:00-05:00,6.389999866485596,6.389999866485596,6.300000190734863,6.300000190734863,4000,0.0,0.0
2024-01-17 00:00:00-05:00,6.289999961853027,6.289999961853027,6.199999809265137,6.260000228881836,14700,0.0,0.0
2024-01-18 00:00:00-05:00,6.21999979019165,6.260000228881836,6.21999979019165,6.25,12100,0.0,0.0
2024-01-19 00:00:00-05:00,6.25,6.300000190734863,6.21999979019165,6.300000190734863,3300,0.0,0.0
2024-01-22 00:00:00-05:00,6.300000190734863,6.300000190734863,6.239999771118164,6.239999771118164,1100,0.0,0.0
2024-01-23 00:00:00-05:00,6.239999771118164,6.239999771118164,6.150000095367432,6.150000095367432,3800,0.0,0.0
2024-01-24 00:00:00-05:00,6.159999847412109,6.159999847412109,6.0,6.090000152587891,5600,0.0,0.0
2024-01-25 00:00:00-05:00,6.079999923706055,6.289999961853027,6.050000190734863,6.289999961853027,7600,0.0,0.0
2024-01-26 00:00:00-05:00,6.199999809265137,6.199999809265137,6.019999980926514,6.079999923706055,6900,0.0,0.0
2024-01-29 00:00:00-05:00,6.199999809265137,6.300000190734863,6.0,6.25,24300,0.0,0.0
2024-01-30 00:00:00-05:00,6.239999771118164,6.329999923706055,6.199999809265137,6.309999942779541,5800,0.0,0.0
2024-01-31 00:00:00-05:00,6.21999979019165,6.329999923706055,6.210000038146973,6.210000038146973,3900,0.0,0.0
2024-02-01 00:00:00-05:00,6.210000038146973,6.210000038146973,5.960000038146973,6.139999866485596,7600,0.0,0.0
2024-02-02 00:00:00-05:00,6.119999885559082,6.119999885559082,6.070000171661377,6.119999885559082,1000,0.0,0.0
2024-02-05 00:00:00-05:00,6.059999942779541,6.059999942779541,6.050000190734863,6.050000190734863,1100,0.0,0.0
2024-02-06 00:00:00-05:00,6.090000152587891,6.150000095367432,6.079999923706055,6.119999885559082,5200,0.0,0.0
2024-02-07 00:00:00-05:00,6.119999885559082,6.119999885559082,6.119999885559082,6.119999885559082,300,0.0,0.0
2024-02-08 00:00:00-05:00,6.170000076293945,6.170000076293945,6.119999885559082,6.150000095367432,1700,0.0,0.0
2024-02-09 00:00:00-05:00,6.150000095367432,6.199999809265137,6.059999942779541,6.199999809265137,1600,0.0,0.0
2024-02-12 00:00:00-05:00,6.150000095367432,6.150000095367432,6.130000114440918,6.130000114440918,3300,0.0,0.0
2024-02-13 00:00:00-05:00,6.170000076293945,6.400000095367432,6.170000076293945,6.400000095367432,12100,0.0,0.0
2024-02-14 00:00:00-05:00,6.199999809265137,6.300000190734863,6.050000190734863,6.25,15200,0.0,0.0
2024-02-15 00:00:00-05:00,6.25,6.25,6.079999923706055,6.110000133514404,9000,0.0,0.0
2024-02-16 00:00:00-05:00,6.130000114440918,6.28000020980835,6.130000114440918,6.159999847412109,1000,0.0,0.0
2024-02-20 00:00:00-05:00,6.079999923706055,6.159999847412109,6.050000190734863,6.050000190734863,4300,0.0,0.0
2024-02-21 00:00:00-05:00,6.070000171661377,6.070000171661377,6.050000190734863,6.050000190734863,1100,0.0,0.0
2024-02-22 00:00:00-05:00,6.050000190734863,6.139999866485596,6.050000190734863,6.139999866485596,1800,0.0,0.0
2024-02-23 00:00:00-05:00,6.050000190734863,6.139999866485596,6.050000190734863,6.059999942779541,4900,0.0,0.0
2024-02-26 00:00:00-05:00,6.059999942779541,6.070000171661377,6.059999942779541,6.070000171661377,800,0.0,0.0
2024-02-27 00:00:00-05:00,6.059999942779541,6.079999923706055,6.050000190734863,6.059999942779541,5800,0.0,0.0
2024-02-28 00:00:00-05:00,6.050000190734863,6.050000190734863,6.050000190734863,6.050000190734863,300,0.0,0.0
2024-02-29 00:00:00-05:00,6.079999923706055,6.110000133514404,6.039999961853027,6.039999961853027,9400,0.0,0.0
2024-03-01 00:00:00-05:00,6.010000228881836,6.010000228881836,5.960000038146973,5.960000038146973,1000,0.0,0.0
2024-03-04 00:00:00-05:00,5.900000095367432,6.050000190734863,5.900000095367432,5.940000057220459,7000,0.0,0.0
2024-03-05 00:00:00-05:00,6.0,6.0,5.75,5.900000095367432,2300,0.0,0.0
2024-03-06 00:00:00-05:00,6.090000152587891,6.090000152587891,5.949999809265137,5.949999809265137,1900,0.0,0.0
2024-03-07 00:00:00-05:00,6.0,6.0,5.949999809265137,5.949999809265137,3400,0.0,0.0
2024-03-08 00:00:00-05:00,6.0,6.0,5.869999885559082,5.949999809265137,6400,0.0,0.0
2024-03-11 00:00:00-04:00,5.900000095367432,5.940000057220459,5.820000171661377,5.820000171661377,15300,0.0,0.0
2024-03-12 00:00:00-04:00,6.110000133514404,6.110000133514404,5.710000038146973,5.710000038146973,16300,0.0,0.0
2024-03-13 00:00:00-04:00,5.880000114440918,5.880000114440918,5.659999847412109,5.710000038146973,8800,0.0,0.0
2024-03-14 00:00:00-04:00,5.699999809265137,5.900000095367432,5.699999809265137,5.730000019073486,8200,0.0,0.0
2024-03-15 00:00:00-04:00,5.650000095367432,5.71999979019165,5.650000095367432,5.659999847412109,2800,0.0,0.0
2024-03-18 00:00:00-04:00,5.659999847412109,5.829999923706055,5.659999847412109,5.71999979019165,6600,0.0,0.0
2024-03-19 00:00:00-04:00,5.960000038146973,5.989999771118164,5.75,5.75,5900,0.0,0.0
2024-03-20 00:00:00-04:00,5.829999923706055,5.989999771118164,5.829999923706055,5.989999771118164,4300,0.0,0.0
2024-03-21 00:00:00-04:00,5.989999771118164,6.0,5.909999847412109,5.949999809265137,7600,0.0,0.0
2024-03-22 00:00:00-04:00,6.0,6.090000152587891,5.960000038146973,6.0,6100,0.0,0.0
2024-03-25 00:00:00-04:00,6.090000152587891,6.090000152587891,6.0,6.010000228881836,5900,0.0,0.0
2024-03-26 00:00:00-04:00,5.96999979019165,6.099999904632568,5.96999979019165,6.099999904632568,1600,0.0,0.0
2024-03-27 00:00:00-04:00,6.079999923706055,6.099999904632568,6.079999923706055,6.079999923706055,4300,0.0,0.0
2024-03-28 00:00:00-04:00,6.0,6.090000152587891,6.0,6.090000152587891,2100,0.0,0.0
2024-04-01 00:00:00-04:00,6.150000095367432,6.150000095367432,6.059999942779541,6.059999942779541,1800,0.0,0.0
2024-04-02 00:00:00-04:00,6.150000095367432,7.050000190734863,6.150000095367432,6.760000228881836,15900,0.0,0.0
2024-04-03 00:00:00-04:00,6.820000171661377,7.03000020980835,6.760000228881836,6.860000133514404,4600,0.0,0.0
2024-04-04 00:00:00-04:00,6.849999904632568,6.900000095367432,6.400000095367432,6.679999828338623,6600,0.0,0.0
2024-04-05 00:00:00-04:00,6.699999809265137,6.699999809265137,6.5,6.670000076293945,3000,0.0,0.0
2024-04-08 00:00:00-04:00,6.5,6.849999904632568,6.5,6.619999885559082,7800,0.0,0.0
2024-04-09 00:00:00-04:00,6.949999809265137,6.949999809265137,6.619999885559082,6.619999885559082,13600,0.0,0.0
2024-04-10 00:00:00-04:00,6.75,6.75,6.53000020980835,6.71999979019165,6600,0.0,0.0
2024-04-11 00:00:00-04:00,6.599999904632568,6.71999979019165,6.5,6.699999809265137,5800,0.0,0.0
2024-04-12 00:00:00-04:00,6.710000038146973,6.739999771118164,6.679999828338623,6.690000057220459,1300,0.0,0.0
2024-04-15 00:00:00-04:00,6.610000133514404,6.769999980926514,6.5,6.769999980926514,2800,0.0,0.0
2024-04-16 00:00:00-04:00,6.690000057220459,6.760000228881836,6.5,6.5,1100,0.0,0.0
2024-04-17 00:00:00-04:00,6.550000190734863,6.550000190734863,6.5,6.5,600,0.0,0.0
2024-04-18 00:00:00-04:00,6.53000020980835,6.699999809265137,6.5,6.559999942779541,1900,0.0,0.0
2024-04-19 00:00:00-04:00,6.679999828338623,6.679999828338623,6.679999828338623,6.679999828338623,400,0.0,0.0
2024-04-22 00:00:00-04:00,6.679999828338623,6.679999828338623,6.5,6.5,2500,0.0,0.0
2024-04-23 00:00:00-04:00,6.510000228881836,6.550000190734863,6.340000152587891,6.340000152587891,10700,0.0,0.0
2024-04-24 00:00:00-04:00,6.670000076293945,6.670000076293945,6.150000095367432,6.300000190734863,6600,0.0,0.0
2024-04-25 00:00:00-04:00,6.400000095367432,6.650000095367432,6.150000095367432,6.46999979019165,900,0.0,0.0
2024-04-26 00:00:00-04:00,6.210000038146973,6.550000190734863,6.210000038146973,6.25,1000,0.0,0.0
2024-04-29 00:00:00-04:00,6.170000076293945,6.340000152587891,6.159999847412109,6.230000019073486,5100,0.0,0.0
2024-04-30 00:00:00-04:00,6.21999979019165,6.21999979019165,6.21999979019165,6.21999979019165,900,0.0,0.0
2024-05-01 00:00:00-04:00,6.309999942779541,6.309999942779541,6.159999847412109,6.25,9600,0.0,0.0
2024-05-02 00:00:00-04:00,6.25,6.25,6.239999771118164,6.239999771118164,1600,0.0,0.0
2024-05-03 00:00:00-04:00,6.389999866485596,6.409999847412109,6.300000190734863,6.300000190734863,2900,0.0,0.0
2024-05-06 00:00:00-04:00,6.170000076293945,6.300000190734863,6.170000076293945,6.300000190734863,1500,0.0,0.0
2024-05-07 00:00:00-04:00,6.579999923706055,6.579999923706055,6.400000095367432,6.400000095367432,3300,0.0,0.0
2024-05-08 00:00:00-04:00,6.400000095367432,6.510000228881836,6.400000095367432,6.510000228881836,2800,0.0,0.0
2024-05-09 00:00:00-04:00,6.420000076293945,6.639999866485596,6.420000076293945,6.599999904632568,3700,0.0,0.0
2024-05-10 00:00:00-04:00,6.630000114440918,6.670000076293945,6.420000076293945,6.670000076293945,5900,0.0,0.0
2024-05-13 00:00:00-04:00,6.670000076293945,6.849999904632568,6.559999942779541,6.559999942779541,7800,0.0,0.0
2024-05-14 00:00:00-04:00,6.550000190734863,6.730000019073486,6.5,6.5,4700,0.0,0.0
2024-05-15 00:00:00-04:00,6.670000076293945,7.260000228881836,6.400000095367432,6.789999961853027,21800,0.0,0.0
2024-05-16 00:00:00-04:00,6.650000095367432,6.980000019073486,6.650000095367432,6.760000228881836,3300,0.0,0.0
2024-05-17 00:00:00-04:00,6.679999828338623,6.829999923706055,6.519999980926514,6.550000190734863,3100,0.0,0.0
2024-05-20 00:00:00-04:00,6.650000095367432,6.650000095367432,6.550000190734863,6.559999942779541,2700,0.0,0.0
2024-05-21 00:00:00-04:00,6.78000020980835,6.78000020980835,6.559999942779541,6.559999942779541,2600,0.0,0.0
2024-05-22 00:00:00-04:00,6.599999904632568,6.599999904632568,6.599999904632568,6.599999904632568,900,0.0,0.0
2024-05-23 00:00:00-04:00,6.559999942779541,6.789999961853027,6.5,6.5,2600,0.0,0.0
2024-05-24 00:00:00-04:00,6.5,6.539999961853027,6.480000019073486,6.539999961853027,1800,0.0,0.0
2024-05-28 00:00:00-04:00,6.489999771118164,6.639999866485596,6.400000095367432,6.550000190734863,4300,0.0,0.0
2024-05-29 00:00:00-04:00,6.579999923706055,6.590000152587891,6.550000190734863,6.550000190734863,2200,0.0,0.0
2024-05-30 00:00:00-04:00,6.679999828338623,6.78000020980835,6.429999828338623,6.46999979019165,4800,0.0,0.0
2024-05-31 00:00:00-04:00,6.610000133514404,6.610000133514404,6.449999809265137,6.449999809265137,1700,0.0,0.0
2024-06-03 00:00:00-04:00,6.5,6.619999885559082,6.420000076293945,6.619999885559082,1800,0.0,0.0
2024-06-04 00:00:00-04:00,6.599999904632568,6.599999904632568,6.5,6.5,3200,0.0,0.0
2024-06-05 00:00:00-04:00,6.5,6.5,6.5,6.5,400,0.0,0.0
2024-06-06 00:00:00-04:00,6.5,6.539999961853027,6.5,6.539999961853027,1300,0.0,0.0
2024-06-07 00:00:00-04:00,6.539999961853027,6.550000190734863,6.5,6.550000190734863,3900,0.0,0.0
2024-06-10 00:00:00-04:00,6.550000190734863,6.590000152587891,6.5,6.5,3700,0.0,0.0
2024-06-11 00:00:00-04:00,6.420000076293945,6.579999923706055,6.400000095367432,6.579999923706055,4100,0.0,0.0
2024-06-12 00:00:00-04:00,6.579999923706055,6.579999923706055,6.579999923706055,6.579999923706055,300,0.0,0.0
2024-06-13 00:00:00-04:00,6.599999904632568,6.739999771118164,6.579999923706055,6.739999771118164,2300,0.0,0.0
2024-06-14 00:00:00-04:00,6.860000133514404,6.860000133514404,6.579999923706055,6.579999923706055,2300,0.0,0.0
2024-06-17 00:00:00-04:00,6.5,6.5,6.110000133514404,6.46999979019165,5100,0.0,0.0
2024-06-18 00:00:00-04:00,6.210000038146973,6.260000228881836,6.199999809265137,6.199999809265137,1700,0.0,0.0
2024-06-20 00:00:00-04:00,6.199999809265137,6.349999904632568,6.199999809265137,6.260000228881836,3600,0.0,0.0
2024-06-21 00:00:00-04:00,6.139999866485596,6.46999979019165,6.139999866485596,6.460000038146973,5900,0.0,0.0
2024-06-24 00:00:00-04:00,6.340000152587891,6.420000076293945,6.340000152587891,6.420000076293945,2000,0.0,0.0
2024-06-25 00:00:00-04:00,6.360000133514404,6.360000133514404,6.25,6.25,1400,0.0,0.0
2024-06-26 00:00:00-04:00,6.25,6.389999866485596,6.25,6.389999866485596,1000,0.0,0.0
2024-06-27 00:00:00-04:00,6.429999828338623,6.429999828338623,6.119999885559082,6.170000076293945,8000,0.0,0.0
2024-06-28 00:00:00-04:00,6.179999828338623,6.179999828338623,6.0,6.019999980926514,8200,0.0,0.0
2024-07-01 00:00:00-04:00,6.0,6.0,5.679999828338623,5.699999809265137,15400,0.0,0.0
2024-07-02 00:00:00-04:00,5.699999809265137,5.699999809265137,5.449999809265137,5.449999809265137,11000,0.0,0.0
2024-07-03 00:00:00-04:00,5.389999866485596,5.940000057220459,5.389999866485596,5.559999942779541,1600,0.0,0.0
2024-07-05 00:00:00-04:00,5.5,5.579999923706055,5.400000095367432,5.539999961853027,9500,0.0,0.0
2024-07-08 00:00:00-04:00,5.460000038146973,5.570000171661377,5.460000038146973,5.539999961853027,600,0.0,0.0
2024-07-09 00:00:00-04:00,5.929999828338623,5.929999828338623,5.699999809265137,5.880000114440918,2400,0.0,0.0
2024-07-10 00:00:00-04:00,5.71999979019165,5.71999979019165,5.71999979019165,5.71999979019165,600,0.0,0.0
2024-07-11 00:00:00-04:00,5.75,5.880000114440918,5.630000114440918,5.699999809265137,6600,0.0,0.0
2024-07-12 00:00:00-04:00,5.840000152587891,5.840000152587891,5.699999809265137,5.800000190734863,2100,0.0,0.0
2024-07-15 00:00:00-04:00,5.75,5.75,5.630000114440918,5.630000114440918,3500,0.0,0.0
2024-07-16 00:00:00-04:00,5.659999847412109,5.800000190734863,5.630000114440918,5.630000114440918,2000,0.0,0.0
2024-07-17 00:00:00-04:00,5.800000190734863,5.889999866485596,5.78000020980835,5.889999866485596,3300,0.0,0.0
2024-07-18 00:00:00-04:00,5.78000020980835,5.789999961853027,5.78000020980835,5.789999961853027,500,0.0,0.0
2024-07-19 00:00:00-04:00,5.670000076293945,5.670000076293945,5.670000076293945,5.670000076293945,500,0.0,0.0
2024-07-22 00:00:00-04:00,5.630000114440918,5.789999961853027,5.630000114440918,5.789999961853027,4300,0.0,0.0
2024-07-23 00:00:00-04:00,5.789999961853027,5.789999961853027,5.789999961853027,5.789999961853027,700,0.0,0.0
2024-07-24 00:00:00-04:00,5.670000076293945,5.670000076293945,5.630000114440918,5.630000114440918,4800,0.0,0.0
2024-07-25 00:00:00-04:00,5.710000038146973,5.730000019073486,5.690000057220459,5.690000057220459,1200,0.0,0.0
2024-07-26 00:00:00-04:00,5.760000228881836,5.96999979019165,5.760000228881836,5.96999979019165,1300,0.0,0.0
2024-07-29 00:00:00-04:00,5.690000057220459,5.809999942779541,5.690000057220459,5.809999942779541,2100,0.0,0.0
2024-07-30 00:00:00-04:00,5.809999942779541,5.829999923706055,5.809999942779541,5.809999942779541,1700,0.0,0.0
2024-07-31 00:00:00-04:00,5.809999942779541,5.829999923706055,5.659999847412109,5.730000019073486,7900,0.0,0.0
2024-08-01 00:00:00-04:00,5.71999979019165,5.71999979019165,5.71999979019165,5.71999979019165,400,0.0,0.0
2024-08-02 00:00:00-04:00,5.760000228881836,5.760000228881836,5.619999885559082,5.619999885559082,3500,0.0,0.0
2024-08-05 00:00:00-04:00,5.599999904632568,5.639999866485596,5.400000095367432,5.400000095367432,9200,0.0,0.0
2024-08-06 00:00:00-04:00,5.400000095367432,5.5,5.400000095367432,5.5,2400,0.0,0.0
2024-08-07 00:00:00-04:00,5.480000019073486,5.489999771118164,5.21999979019165,5.329999923706055,2900,0.0,0.0
2024-08-08 00:00:00-04:00,5.340000152587891,5.340000152587891,5.289999961853027,5.340000152587891,1300,0.0,0.0
2024-08-09 00:00:00-04:00,5.199999809265137,5.289999961853027,5.199999809265137,5.289999961853027,3800,0.0,0.0
2024-08-12 00:00:00-04:00,5.300000190734863,5.300000190734863,5.300000190734863,5.300000190734863,500,0.0,0.0
2024-08-13 00:00:00-04:00,5.380000114440918,5.440000057220459,5.099999904632568,5.150000095367432,10200,0.0,0.0
2024-08-14 00:00:00-04:00,5.210000038146973,5.210000038146973,5.199999809265137,5.210000038146973,400,0.0,0.0
2024-08-15 00:00:00-04:00,5.210000038146973,5.449999809265137,5.199999809265137,5.449999809265137,3600,0.0,0.0
2024-08-16 00:00:00-04:00,5.400000095367432,5.400000095367432,5.380000114440918,5.380000114440918,1900,0.0,0.0
2024-08-19 00:00:00-04:00,5.300000190734863,5.550000190734863,5.230000019073486,5.329999923706055,21400,0.0,0.0
2024-08-20 00:00:00-04:00,5.260000228881836,5.429999828338623,5.25,5.25,1700,0.0,0.0
2024-08-21 00:00:00-04:00,5.46999979019165,5.550000190734863,5.389999866485596,5.5,11000,0.0,0.0
2024-08-22 00:00:00-04:00,5.559999942779541,5.559999942779541,5.329999923706055,5.559999942779541,1700,0.0,0.0
2024-08-23 00:00:00-04:00,5.389999866485596,5.510000228881836,5.199999809265137,5.21999979019165,41100,0.0,0.0
2024-08-26 00:00:00-04:00,5.320000171661377,5.510000228881836,5.150000095367432,5.46999979019165,13200,0.0,0.0
2024-08-27 00:00:00-04:00,5.349999904632568,5.610000133514404,5.349999904632568,5.599999904632568,2100,0.0,0.0
2024-08-28 00:00:00-04:00,5.46999979019165,5.46999979019165,5.360000133514404,5.400000095367432,4400,0.0,0.0
2024-08-29 00:00:00-04:00,5.489999771118164,5.690000057220459,5.409999847412109,5.429999828338623,3900,0.0,0.0
2024-08-30 00:00:00-04:00,5.389999866485596,5.769999980926514,5.360000133514404,5.429999828338623,1600,0.0,0.0
2024-09-03 00:00:00-04:00,5.590000152587891,6.03000020980835,5.380000114440918,5.96999979019165,40500,0.0,0.0
2024-09-04 00:00:00-04:00,5.949999809265137,6.840000152587891,5.949999809265137,6.730000019073486,18900,0.0,0.0
2024-09-05 00:00:00-04:00,6.619999885559082,6.840000152587891,6.289999961853027,6.840000152587891,11100,0.0,0.0
2024-09-06 00:00:00-04:00,6.75,6.849999904632568,6.670000076293945,6.829999923706055,6400,0.0,0.0
2024-09-09 00:00:00-04:00,6.809999942779541,6.880000114440918,6.539999961853027,6.880000114440918,5500,0.0,0.0
2024-09-10 00:00:00-04:00,6.619999885559082,6.619999885559082,6.309999942779541,6.460000038146973,1100,0.0,0.0
2024-09-11 00:00:00-04:00,6.050000190734863,6.5,6.050000190734863,6.440000057220459,6300,0.0,0.0
2024-09-12 00:00:00-04:00,6.489999771118164,6.489999771118164,6.050000190734863,6.25,2400,0.0,0.0
2024-09-13 00:00:00-04:00,6.150000095367432,6.210000038146973,6.150000095367432,6.210000038146973,700,0.0,0.0
2024-09-16 00:00:00-04:00,6.769999980926514,6.769999980926514,6.119999885559082,6.590000152587891,4500,0.0,0.0
2024-09-17 00:00:00-04:00,6.320000171661377,6.710000038146973,6.099999904632568,6.420000076293945,2800,0.0,0.0
2024-09-18 00:00:00-04:00,6.5,6.730000019073486,6.429999828338623,6.429999828338623,4300,0.0,0.0
2024-09-19 00:00:00-04:00,6.739999771118164,6.739999771118164,6.739999771118164,6.739999771118164,900,0.0,0.0
2024-09-20 00:00:00-04:00,6.239999771118164,6.75,6.130000114440918,6.75,14600,0.0,0.0
2024-09-23 00:00:00-04:00,6.510000228881836,6.559999942779541,6.28000020980835,6.489999771118164,4800,0.0,0.0
2024-09-24 00:00:00-04:00,6.329999923706055,6.650000095367432,6.329999923706055,6.389999866485596,5400,0.0,0.0
2024-09-25 00:00:00-04:00,6.309999942779541,6.539999961853027,6.309999942779541,6.539999961853027,3100,0.0,0.0
2024-09-26 00:00:00-04:00,6.199999809265137,6.5,6.199999809265137,6.5,3200,0.0,0.0
2024-09-27 00:00:00-04:00,6.5,6.599999904632568,6.460000038146973,6.599999904632568,13600,0.0,0.0
2024-09-30 00:00:00-04:00,5.980000019073486,5.980000019073486,5.599999904632568,5.730000019073486,15600,0.0,0.0
2024-10-01 00:00:00-04:00,5.599999904632568,5.599999904632568,4.389999866485596,4.699999809265137,78900,0.0,0.0
2024-10-02 00:00:00-04:00,5.090000152587891,5.090000152587891,4.829999923706055,4.980000019073486,17000,0.0,0.0
2024-10-03 00:00:00-04:00,4.900000095367432,5.079999923706055,4.510000228881836,4.610000133514404,41400,0.0,0.0
2024-10-04 00:00:00-04:00,4.53000020980835,4.670000076293945,4.130000114440918,4.670000076293945,18800,0.0,0.0
2024-10-07 00:00:00-04:00,4.639999866485596,4.679999828338623,4.550000190734863,4.570000171661377,13200,0.0,0.0
2024-10-08 00:00:00-04:00,4.480000019073486,4.619999885559082,4.380000114440918,4.480000019073486,6900,0.0,0.0
2024-10-09 00:00:00-04:00,4.579999923706055,4.800000190734863,4.5,4.800000190734863,31800,0.0,0.0
2024-10-10 00:00:00-04:00,4.829999923706055,4.860000133514404,4.610000133514404,4.760000228881836,8200,0.0,0.0
2024-10-11 00:00:00-04:00,4.699999809265137,4.920000076293945,4.699999809265137,4.730000019073486,5800,0.0,0.0
2024-10-14 00:00:00-04:00,4.789999961853027,4.789999961853027,4.349999904632568,4.550000190734863,19300,0.0,0.0
2024-10-15 00:00:00-04:00,4.5,4.539999961853027,4.21999979019165,4.420000076293945,21900,0.0,0.0
2024-10-16 00:00:00-04:00,4.230000019073486,4.610000133514404,4.230000019073486,4.610000133514404,18000,0.0,0.0
2024-10-17 00:00:00-04:00,4.590000152587891,4.739999771118164,4.46999979019165,4.699999809265137,22100,0.0,0.0
2024-10-18 00:00:00-04:00,4.480000019073486,4.550000190734863,4.440000057220459,4.510000228881836,5900,0.0,0.0
2024-10-21 00:00:00-04:00,4.599999904632568,4.619999885559082,4.360000133514404,4.380000114440918,14500,0.0,0.0
2024-10-22 00:00:00-04:00,4.389999866485596,4.46999979019165,4.309999942779541,4.420000076293945,5800,0.0,0.0
2024-10-23 00:00:00-04:00,4.550000190734863,4.550000190734863,4.400000095367432,4.489999771118164,5700,0.0,0.0
2024-10-24 00:00:00-04:00,4.550000190734863,4.579999923706055,4.449999809265137,4.449999809265137,2000,0.0,0.0
2024-10-25 00:00:00-04:00,4.579999923706055,4.949999809265137,4.449999809265137,4.800000190734863,4000,0.0,0.0
2024-10-28 00:00:00-04:00,4.579999923706055,4.730000019073486,4.5,4.53000020980835,14900,0.0,0.0
2024-10-29 00:00:00-04:00,4.53000020980835,4.650000095367432,4.389999866485596,4.559999942779541,6500,0.0,0.0
2024-10-30 00:00:00-04:00,4.489999771118164,4.829999923706055,4.409999847412109,4.659999847412109,9100,0.0,0.0
2024-10-31 00:00:00-04:00,4.619999885559082,4.639999866485596,4.5,4.570000171661377,1800,0.0,0.0
2024-11-01 00:00:00-04:00,4.550000190734863,4.690000057220459,4.519999980926514,4.550000190734863,7300,0.0,0.0
2024-11-04 00:00:00-05:00,4.539999961853027,4.539999961853027,4.5,4.539999961853027,2900,0.0,0.0
2024-11-05 00:00:00-05:00,4.510000228881836,4.579999923706055,4.400000095367432,4.449999809265137,7900,0.0,0.0
2024-11-06 00:00:00-05:00,4.579999923706055,4.579999923706055,4.449999809265137,4.53000020980835,3600,0.0,0.0
2024-11-07 00:00:00-05:00,4.71999979019165,4.71999979019165,4.519999980926514,4.539999961853027,5900,0.0,0.0
2024-11-08 00:00:00-05:00,4.760000228881836,4.809999942779541,4.53000020980835,4.550000190734863,15300,0.0,0.0
2024-11-11 00:00:00-05:00,4.650000095367432,4.670000076293945,4.380000114440918,4.380000114440918,13300,0.0,0.0
2024-11-12 00:00:00-05:00,4.429999828338623,4.590000152587891,4.300000190734863,4.309999942779541,16500,0.0,0.0
2024-11-13 00:00:00-05:00,4.400000095367432,4.519999980926514,4.400000095367432,4.429999828338623,7200,0.0,0.0
2024-11-14 00:00:00-05:00,4.460000038146973,4.53000020980835,4.329999923706055,4.53000020980835,5200,0.0,0.0
2024-11-15 00:00:00-05:00,4.5,4.53000020980835,4.429999828338623,4.53000020980835,3500,0.0,0.0
2024-11-18 00:00:00-05:00,4.5,4.5,4.309999942779541,4.309999942779541,5400,0.0,0.0
2024-11-19 00:00:00-05:00,4.349999904632568,4.440000057220459,4.260000228881836,4.269999980926514,14200,0.0,0.0
2024-11-20 00:00:00-05:00,4.260000228881836,4.510000228881836,4.170000076293945,4.420000076293945,11100,0.0,0.0
2024-11-21 00:00:00-05:00,4.449999809265137,4.449999809265137,4.130000114440918,4.25,10400,0.0,0.0
2024-11-22 00:00:00-05:00,4.25,4.320000171661377,4.110000133514404,4.210000038146973,10800,0.0,0.0
2024-11-25 00:00:00-05:00,4.199999809265137,4.429999828338623,4.199999809265137,4.309999942779541,17700,0.0,0.0
2024-11-26 00:00:00-05:00,4.269999980926514,4.340000152587891,4.230000019073486,4.289999961853027,3700,0.0,0.0
2024-11-27 00:00:00-05:00,4.25,4.610000133514404,4.25,4.559999942779541,33100,0.0,0.0
2024-11-29 00:00:00-05:00,4.599999904632568,4.699999809265137,4.599999904632568,4.690000057220459,6800,0.0,0.0
2024-12-02 00:00:00-05:00,4.5,4.699999809265137,4.5,4.630000114440918,11000,0.0,0.0
2024-12-03 00:00:00-05:00,4.659999847412109,4.659999847412109,4.489999771118164,4.570000171661377,8200,0.0,0.0
2024-12-04 00:00:00-05:00,4.599999904632568,4.599999904632568,4.449999809265137,4.460000038146973,14300,0.0,0.0
2024-12-05 00:00:00-05:00,4.349999904632568,4.489999771118164,4.199999809265137,4.28000020980835,6700,0.0,0.0
2024-12-06 00:00:00-05:00,4.429999828338623,4.429999828338623,4.300000190734863,4.380000114440918,5800,0.0,0.0
2024-12-09 00:00:00-05:00,4.380000114440918,4.380000114440918,4.230000019073486,4.28000020980835,9300,0.0,0.0
2024-12-10 00:00:00-05:00,4.28000020980835,4.28000020980835,4.21999979019165,4.21999979019165,5200,0.0,0.0
2024-12-11 00:00:00-05:00,4.210000038146973,4.269999980926514,4.199999809265137,4.25,5100,0.0,0.0
2024-12-12 00:00:00-05:00,4.25,4.380000114440918,4.199999809265137,4.380000114440918,8600,0.0,0.0
2024-12-13 00:00:00-05:00,4.300000190734863,4.300000190734863,4.25,4.300000190734863,2600,0.0,0.0
2024-12-16 00:00:00-05:00,4.28000020980835,4.28000020980835,4.210000038146973,4.28000020980835,4300,0.0,0.0
2024-12-17 00:00:00-05:00,4.260000228881836,4.329999923706055,4.150000095367432,4.25,18000,0.0,0.0
2024-12-18 00:00:00-05:00,4.260000228881836,4.28000020980835,4.139999866485596,4.150000095367432,6500,0.0,0.0
2024-12-19 00:00:00-05:00,4.199999809265137,4.199999809265137,4.019999980926514,4.139999866485596,10600,0.0,0.0
2024-12-20 00:00:00-05:00,4.070000171661377,4.25,4.03000020980835,4.239999771118164,8800,0.0,0.0
2024-12-23 00:00:00-05:00,4.25,4.25,4.039999961853027,4.150000095367432,7600,0.0,0.0
2024-12-24 00:00:00-05:00,4.21999979019165,4.309999942779541,4.199999809265137,4.309999942779541,5000,0.0,0.0
2024-12-26 00:00:00-05:00,4.289999961853027,4.289999961853027,4.199999809265137,4.25,12300,0.0,0.0
2024-12-27 00:00:00-05:00,4.230000019073486,4.260000228881836,4.230000019073486,4.260000228881836,11700,0.0,0.0
2024-12-30 00:00:00-05:00,4.25,4.309999942779541,4.25,4.309999942779541,4000,0.0,0.0
2024-12-31 00:00:00-05:00,4.289999961853027,4.320000171661377,4.239999771118164,4.309999942779541,8000,0.0,0.0
2025-01-02 00:00:00-05:00,4.25,4.309999942779541,4.230000019073486,4.289999961853027,7200,0.0,0.0
2025-01-03 00:00:00-05:00,4.269999980926514,4.320000171661377,4.199999809265137,4.320000171661377,7300,0.0,0.0
2025-01-06 00:00:00-05:00,4.400000095367432,4.400000095367432,4.21999979019165,4.269999980926514,4100,0.0,0.0
2025-01-07 00:00:00-05:00,4.230000019073486,4.289999961853027,4.21999979019165,4.289999961853027,1600,0.0,0.0
2025-01-08 00:00:00-05:00,4.230000019073486,4.239999771118164,4.179999828338623,4.21999979019165,5300,0.0,0.0
2025-01-10 00:00:00-05:00,4.199999809265137,4.21999979019165,4.199999809265137,4.210000038146973,1500,0.0,0.0
2025-01-13 00:00:00-05:00,4.21999979019165,4.239999771118164,4.199999809265137,4.199999809265137,2500,0.0,0.0
2025-01-14 00:00:00-05:00,4.21999979019165,4.239999771118164,4.150000095367432,4.150000095367432,14800,0.0,0.0
2025-01-15 00:00:00-05:00,4.179999828338623,4.25,4.159999847412109,4.25,3300,0.0,0.0
2025-01-16 00:00:00-05:00,4.21999979019165,4.21999979019165,4.190000057220459,4.21999979019165,900,0.0,0.0
2025-01-17 00:00:00-05:00,4.239999771118164,4.28000020980835,4.199999809265137,4.210000038146973,6100,0.0,0.0
2025-01-21 00:00:00-05:00,4.150000095367432,4.260000228881836,4.139999866485596,4.199999809265137,18200,0.0,0.0
2025-01-22 00:00:00-05:00,4.230000019073486,4.239999771118164,4.230000019073486,4.230000019073486,3700,0.0,0.0
2025-01-23 00:00:00-05:00,4.230000019073486,4.25,4.230000019073486,4.25,5000,0.0,0.0
2025-01-24 00:00:00-05:00,4.239999771118164,4.239999771118164,4.199999809265137,4.230000019073486,1800,0.0,0.0
2025-01-27 00:00:00-05:00,4.230000019073486,4.25,4.210000038146973,4.25,3300,0.0,0.0
2025-01-28 00:00:00-05:00,4.21999979019165,4.260000228881836,4.21999979019165,4.260000228881836,3700,0.0,0.0
2025-01-29 00:00:00-05:00,4.269999980926514,4.269999980926514,4.230000019073486,4.25,3000,0.0,0.0
2025-01-30 00:00:00-05:00,4.269999980926514,4.28000020980835,4.25,4.28000020980835,2700,0.0,0.0
2025-01-31 00:00:00-05:00,4.25,4.289999961853027,4.25,4.289999961853027,900,0.0,0.0
2025-02-03 00:00:00-05:00,4.25,4.25,4.199999809265137,4.230000019073486,6900,0.0,0.0
2025-02-04 00:00:00-05:00,4.230000019073486,4.300000190734863,4.099999904632568,4.150000095367432,16400,0.0,0.0
2025-02-05 00:00:00-05:00,4.150000095367432,4.269999980926514,4.150000095367432,4.210000038146973,4400,0.0,0.0
2025-02-06 00:00:00-05:00,4.190000057220459,4.25,4.190000057220459,4.21999979019165,1700,0.0,0.0
2025-02-07 00:00:00-05:00,4.199999809265137,4.199999809265137,4.190000057220459,4.199999809265137,900,0.0,0.0
2025-02-10 00:00:00-05:00,4.309999942779541,4.309999942779541,4.130000114440918,4.210000038146973,6500,0.0,0.0
2025-02-11 00:00:00-05:00,4.170000076293945,4.190000057220459,4.130000114440918,4.150000095367432,3900,0.0,0.0
2025-02-12 00:00:00-05:00,4.150000095367432,4.260000228881836,4.119999885559082,4.150000095367432,12600,0.0,0.0
2025-02-13 00:00:00-05:00,4.110000133514404,4.25,4.079999923706055,4.25,6200,0.0,0.0
2025-02-14 00:00:00-05:00,4.25,4.25,4.139999866485596,4.150000095367432,7000,0.0,0.0
2025-02-18 00:00:00-05:00,4.099999904632568,4.179999828338623,4.099999904632568,4.179999828338623,3200,0.0,0.0
2025-02-19 00:00:00-05:00,4.139999866485596,4.190000057220459,4.090000152587891,4.150000095367432,5000,0.0,0.0
2025-02-20 00:00:00-05:00,4.130000114440918,4.150000095367432,4.079999923706055,4.150000095367432,3300,0.0,0.0
2025-02-21 00:00:00-05:00,4.090000152587891,4.139999866485596,4.019999980926514,4.050000190734863,5300,0.0,0.0
2025-02-24 00:00:00-05:00,4.0,4.010000228881836,4.0,4.0,1900,0.0,0.0
2025-02-25 00:00:00-05:00,4.159999847412109,4.159999847412109,4.159999847412109,4.159999847412109,1400,0.0,0.0
2025-02-26 00:00:00-05:00,4.059999942779541,4.159999847412109,4.059999942779541,4.159999847412109,900,0.0,0.0
2025-02-27 00:00:00-05:00,4.159999847412109,4.159999847412109,3.990000009536743,3.990000009536743,700,0.0,0.0
2025-02-28 00:00:00-05:00,3.990000009536743,3.990000009536743,3.990000009536743,3.990000009536743,0,0.0,0.0
2025-03-03 00:00:00-05:00,3.9600000381469727,4.039999961853027,3.950000047683716,3.950000047683716,2700,0.0,0.0
2025-03-04 00:00:00-05:00,3.950000047683716,4.03000020980835,3.6500000953674316,3.6500000953674316,26500,0.0,0.0
2025-03-05 00:00:00-05:00,3.6700000762939453,4.010000228881836,3.6700000762939453,3.880000114440918,9300,0.0,0.0
2025-03-06 00:00:00-05:00,3.75,3.880000114440918,3.75,3.819999933242798,1900,0.0,0.0
2025-03-07 00:00:00-05:00,3.819999933242798,3.890000104904175,3.819999933242798,3.8399999141693115,3000,0.0,0.0
2025-03-10 00:00:00-04:00,3.799999952316284,3.819999933242798,3.799999952316284,3.809999942779541,2700,0.0,0.0
2025-03-11 00:00:00-04:00,3.8299999237060547,3.8299999237060547,3.2699999809265137,3.2799999713897705,24600,0.0,0.0
2025-03-12 00:00:00-04:00,3.2799999713897705,3.440000057220459,3.2799999713897705,3.4100000858306885,19400,0.0,0.0
2025-03-13 00:00:00-04:00,3.5199999809265137,3.609999895095825,3.380000114440918,3.5799999237060547,12100,0.0,0.0
2025-03-14 00:00:00-04:00,3.4700000286102295,3.5,3.4700000286102295,3.5,7000,0.0,0.0
2025-03-17 00:00:00-04:00,3.4700000286102295,3.5,3.4700000286102295,3.4700000286102295,5600,0.0,0.0
2025-03-18 00:00:00-04:00,3.5,3.7100000381469727,3.4700000286102295,3.5299999713897705,54800,0.0,0.0
2025-03-19 00:00:00-04:00,3.5999999046325684,3.7799999713897705,3.5199999809265137,3.700000047683716,7400,0.0,0.0
2025-03-20 00:00:00-04:00,3.5899999141693115,3.809999942779541,3.5899999141693115,3.609999895095825,2400,0.0,0.0
2025-03-21 00:00:00-04:00,3.690000057220459,3.9000000953674316,3.5999999046325684,3.890000104904175,4600,0.0,0.0
2025-03-24 00:00:00-04:00,3.9200000762939453,3.9200000762939453,3.690000057220459,3.690000057220459,2800,0.0,0.0
2025-03-25 00:00:00-04:00,3.6600000858306885,3.680000066757202,3.5799999237060547,3.5899999141693115,3900,0.0,0.0
2025-03-26 00:00:00-04:00,3.630000114440918,3.640000104904175,3.5,3.5,3300,0.0,0.0
2025-03-27 00:00:00-04:00,3.5,3.5,3.450000047683716,3.450000047683716,18000,0.0,0.0
2025-03-28 00:00:00-04:00,3.430000066757202,3.5,3.430000066757202,3.5,10500,0.0,0.0
2025-03-31 00:00:00-04:00,3.549999952316284,3.549999952316284,3.440000057220459,3.440000057220459,7500,0.0,0.0
2025-04-01 00:00:00-04:00,3.619999885559082,3.619999885559082,3.5,3.5199999809265137,2500,0.0,0.0
2025-04-02 00:00:00-04:00,3.490000009536743,3.549999952316284,3.450000047683716,3.450000047683716,2300,0.0,0.0
2025-04-03 00:00:00-04:00,3.5299999713897705,3.5299999713897705,3.390000104904175,3.4100000858306885,2600,0.0,0.0
2025-04-04 00:00:00-04:00,3.359999895095825,3.4100000858306885,3.299999952316284,3.309999942779541,17900,0.0,0.0
2025-04-07 00:00:00-04:00,3.25,3.25,3.119999885559082,3.119999885559082,12700,0.0,0.0
2025-04-08 00:00:00-04:00,3.180000066757202,3.2200000286102295,2.990000009536743,2.990000009536743,6700,0.0,0.0
2025-04-09 00:00:00-04:00,3.0,3.1600000858306885,2.7699999809265137,2.809999942779541,9900,0.0,0.0
2025-04-10 00:00:00-04:00,2.890000104904175,3.299999952316284,2.890000104904175,3.0,16200,0.0,0.0
2025-04-11 00:00:00-04:00,3.3399999141693115,3.3399999141693115,2.8399999141693115,2.950000047683716,15800,0.0,0.0
2025-04-14 00:00:00-04:00,3.0199999809265137,3.2899999618530273,2.859999895095825,3.0399999618530273,38400,0.0,0.0
2025-04-15 00:00:00-04:00,3.25,3.25,2.819999933242798,2.819999933242798,6000,0.0,0.0
2025-04-16 00:00:00-04:00,2.8499999046325684,3.1600000858306885,2.75,2.75,8900,0.0,0.0
2025-04-17 00:00:00-04:00,2.890000104904175,3.1500000953674316,2.700000047683716,2.7799999713897705,22300,0.0,0.0
2025-04-21 00:00:00-04:00,2.75,3.200000047683716,2.569999933242798,2.609999895095825,23100,0.0,0.0
2025-04-22 00:00:00-04:00,2.630000114440918,2.809999942779541,2.609999895095825,2.619999885559082,14600,0.0,0.0
2025-04-23 00:00:00-04:00,2.700000047683716,2.880000114440918,2.6500000953674316,2.7200000286102295,23100,0.0,0.0
2025-04-24 00:00:00-04:00,2.809999942779541,3.140000104904175,2.7899999618530273,2.890000104904175,21100,0.0,0.0
2025-04-25 00:00:00-04:00,2.9100000858306885,3.0999999046325684,2.9100000858306885,3.049999952316284,33400,0.0,0.0
2025-04-28 00:00:00-04:00,3.0399999618530273,3.450000047683716,2.930000066757202,3.0899999141693115,66800,0.0,0.0
2025-04-29 00:00:00-04:00,3.0999999046325684,3.309999942779541,2.9700000286102295,3.0999999046325684,32500,0.0,0.0
2025-04-30 00:00:00-04:00,3.0,3.369999885559082,2.950000047683716,3.0,54500,0.0,0.0
2025-05-01 00:00:00-04:00,3.0,3.2300000190734863,2.930000066757202,3.0,16200,0.0,0.0
2025-05-02 00:00:00-04:00,3.130000114440918,3.130000114440918,2.7799999713897705,2.9600000381469727,24200,0.0,0.0
2025-05-05 00:00:00-04:00,2.9200000762939453,2.950000047683716,2.7200000286102295,2.809999942779541,14300,0.0,0.0
2025-05-06 00:00:00-04:00,2.7100000381469727,2.9000000953674316,2.690000057220459,2.700000047683716,15200,0.0,0.0
2025-05-07 00:00:00-04:00,2.75,2.9700000286102295,2.75,2.859999895095825,7500,0.0,0.0
2025-05-08 00:00:00-04:00,2.890000104904175,3.1700000762939453,2.8499999046325684,3.1700000762939453,26100,0.0,0.0
2025-05-09 00:00:00-04:00,3.200000047683716,3.4200000762939453,3.200000047683716,3.2300000190734863,7800,0.0,0.0
2025-05-12 00:00:00-04:00,3.2699999809265137,3.3299999237060547,3.2200000286102295,3.2200000286102295,6500,0.0,0.0
2025-05-13 00:00:00-04:00,3.3399999141693115,3.3399999141693115,3.2799999713897705,3.299999952316284,6200,0.0,0.0
2025-05-14 00:00:00-04:00,3.2100000381469727,3.299999952316284,3.2100000381469727,3.2300000190734863,15600,0.0,0.0
2025-05-15 00:00:00-04:00,3.2899999618530273,3.299999952316284,3.2699999809265137,3.299999952316284,5500,0.0,0.0
2025-05-16 00:00:00-04:00,3.2100000381469727,3.2899999618530273,3.2100000381469727,3.25,4300,0.0,0.0
2025-05-19 00:00:00-04:00,3.3299999237060547,3.3299999237060547,3.25,3.309999942779541,2400,0.0,0.0
2025-05-20 00:00:00-04:00,3.2799999713897705,3.3399999141693115,3.2799999713897705,3.2799999713897705,6900,0.0,0.0
2025-05-21 00:00:00-04:00,3.299999952316284,3.299999952316284,3.2899999618530273,3.299999952316284,7500,0.0,0.0
2025-05-22 00:00:00-04:00,3.299999952316284,3.3399999141693115,3.299999952316284,3.3399999141693115,1400,0.0,0.0
2025-05-23 00:00:00-04:00,3.299999952316284,3.3499999046325684,3.299999952316284,3.3499999046325684,1500,0.0,0.0
2025-05-27 00:00:00-04:00,3.2699999809265137,3.369999885559082,3.2699999809265137,3.299999952316284,2700,0.0,0.0
2025-05-28 00:00:00-04:00,3.319999933242798,3.359999895095825,3.309999942779541,3.309999942779541,2900,0.0,0.0
2025-05-29 00:00:00-04:00,3.259999990463257,3.359999895095825,3.259999990463257,3.359999895095825,3200,0.0,0.0
2025-05-30 00:00:00-04:00,3.2699999809265137,3.440000057220459,3.200000047683716,3.319999933242798,16900,0.0,0.0
2025-06-02 00:00:00-04:00,3.259999990463257,3.3299999237060547,3.259999990463257,3.3299999237060547,500,0.0,0.0
2025-06-03 00:00:00-04:00,3.299999952316284,3.4000000953674316,3.299999952316284,3.3399999141693115,3700,0.0,0.0
2025-06-04 00:00:00-04:00,3.390000104904175,3.4200000762939453,3.390000104904175,3.4200000762939453,1300,0.0,0.0
2025-06-05 00:00:00-04:00,3.4100000858306885,3.4100000858306885,3.4100000858306885,3.4100000858306885,400,0.0,0.0
2025-06-06 00:00:00-04:00,3.299999952316284,3.4700000286102295,3.299999952316284,3.430000066757202,3100,0.0,0.0
2025-06-09 00:00:00-04:00,3.359999895095825,3.450000047683716,3.359999895095825,3.4200000762939453,2700,0.0,0.0
2025-06-10 00:00:00-04:00,3.4200000762939453,3.5,3.4200000762939453,3.450000047683716,3000,0.0,0.0
2025-06-11 00:00:00-04:00,3.490000009536743,3.490000009536743,3.4200000762939453,3.4200000762939453,2100,0.0,0.0
2025-06-12 00:00:00-04:00,3.4600000381469727,3.4600000381469727,3.430000066757202,3.440000057220459,5000,0.0,0.0
2025-06-13 00:00:00-04:00,3.4200000762939453,3.4600000381469727,3.4200000762939453,3.4200000762939453,800,0.0,0.0
2025-06-16 00:00:00-04:00,3.4000000953674316,3.5199999809265137,3.4000000953674316,3.4600000381469727,4400,0.0,0.0
2025-06-17 00:00:00-04:00,3.450000047683716,3.450000047683716,3.4200000762939453,3.4200000762939453,4500,0.0,0.0
2025-06-18 00:00:00-04:00,3.450000047683716,3.4700000286102295,3.4100000858306885,3.4700000286102295,3400,0.0,0.0
2025-06-20 00:00:00-04:00,3.440000057220459,3.490000009536743,3.309999942779541,3.309999942779541,10300,0.0,0.0
2025-06-23 00:00:00-04:00,3.3299999237060547,3.3299999237060547,3.3299999237060547,3.3299999237060547,1800,0.0,0.0
2025-06-24 00:00:00-04:00,3.3399999141693115,3.4700000286102295,3.3399999141693115,3.4000000953674316,4800,0.0,0.0
2025-06-25 00:00:00-04:00,3.4800000190734863,3.4800000190734863,3.4000000953674316,3.4100000858306885,2200,0.0,0.0
2025-06-26 00:00:00-04:00,3.450000047683716,3.490000009536743,3.440000057220459,3.4600000381469727,3700,0.0,0.0
2025-06-27 00:00:00-04:00,3.4700000286102295,3.4700000286102295,3.2200000286102295,3.2200000286102295,25200,0.0,0.0
2025-06-30 00:00:00-04:00,3.3399999141693115,3.3399999141693115,3.25,3.2799999713897705,1900,0.0,0.0
2025-07-01 00:00:00-04:00,3.2799999713897705,3.4000000953674316,3.259999990463257,3.259999990463257,1200,0.0,0.0
2025-07-02 00:00:00-04:00,3.2200000286102295,3.4000000953674316,3.2100000381469727,3.2100000381469727,13500,0.0,0.0
2025-07-03 00:00:00-04:00,3.319999933242798,3.319999933242798,3.25,3.25,1000,0.0,0.0
2025-07-07 00:00:00-04:00,3.259999990463257,3.4100000858306885,3.2300000190734863,3.319999933242798,11500,0.0,0.0
2025-07-08 00:00:00-04:00,3.4200000762939453,3.4800000190734863,3.319999933242798,3.319999933242798,5700,0.0,0.0
2025-07-09 00:00:00-04:00,3.5,3.5,3.3399999141693115,3.430000066757202,800,0.0,0.0
2025-07-10 00:00:00-04:00,3.3299999237060547,3.5,3.3299999237060547,3.5,5200,0.0,0.0
2025-07-11 00:00:00-04:00,3.3399999141693115,3.490000009536743,3.3399999141693115,3.490000009536743,2600,0.0,0.0
2025-07-14 00:00:00-04:00,3.4000000953674316,3.509999990463257,3.380000114440918,3.4000000953674316,4000,0.0,0.0
2025-07-15 00:00:00-04:00,3.4000000953674316,3.5299999713897705,3.4000000953674316,3.4200000762939453,2300,0.0,0.0
2025-07-16 00:00:00-04:00,3.4200000762939453,3.569999933242798,3.4200000762939453,3.430000066757202,1800,0.0,0.0
2025-07-17 00:00:00-04:00,3.569999933242798,3.5799999237060547,3.4100000858306885,3.4100000858306885,2800,0.0,0.0
2025-07-18 00:00:00-04:00,3.4200000762939453,3.490000009536743,3.3399999141693115,3.490000009536743,2100,0.0,0.0
2025-07-21 00:00:00-04:00,3.3399999141693115,3.4800000190734863,3.3399999141693115,3.359999895095825,6600,0.0,0.0
2025-07-22 00:00:00-04:00,3.359999895095825,3.700000047683716,3.359999895095825,3.4700000286102295,10800,0.0,0.0
2025-07-23 00:00:00-04:00,3.4700000286102295,3.6700000762939453,3.4700000286102295,3.6500000953674316,3900,0.0,0.0
2025-07-24 00:00:00-04:00,3.5299999713897705,3.6500000953674316,3.5299999713897705,3.6500000953674316,1800,0.0,0.0
2025-07-25 00:00:00-04:00,3.5899999141693115,3.6600000858306885,3.5799999237060547,3.619999885559082,1700,0.0,0.0
2025-07-28 00:00:00-04:00,3.5999999046325684,3.5999999046325684,3.5999999046325684,3.5999999046325684,600,0.0,0.0
2025-07-29 00:00:00-04:00,3.630000114440918,3.799999952316284,3.609999895095825,3.799999952316284,6600,0.0,0.0
2025-07-30 00:00:00-04:00,3.7899999618530273,3.799999952316284,3.619999885559082,3.630000114440918,4400,0.0,0.0
2025-07-31 00:00:00-04:00,3.690000057220459,3.799999952316284,3.630000114440918,3.630000114440918,1500,0.0,0.0
2025-08-01 00:00:00-04:00,3.619999885559082,3.619999885559082,3.609999895095825,3.609999895095825,500,0.0,0.0
2025-08-04 00:00:00-04:00,3.609999895095825,3.7300000190734863,3.609999895095825,3.6500000953674316,2600,0.0,0.0
2025-08-05 00:00:00-04:00,3.609999895095825,3.680000066757202,3.609999895095825,3.6600000858306885,2400,0.0,0.0
2025-08-06 00:00:00-04:00,3.7300000190734863,3.7699999809265137,3.6600000858306885,3.6600000858306885,1500,0.0,0.0
2025-08-07 00:00:00-04:00,3.7699999809265137,3.7699999809265137,3.700000047683716,3.700000047683716,800,0.0,0.0
2025-08-08 00:00:00-04:00,3.6500000953674316,3.700000047683716,3.640000104904175,3.700000047683716,2000,0.0,0.0
2025-08-11 00:00:00-04:00,3.619999885559082,3.8299999237060547,3.619999885559082,3.700000047683716,9000,0.0,0.0
2025-08-12 00:00:00-04:00,3.7300000190734863,3.819999933242798,3.7300000190734863,3.819999933242798,500,0.0,0.0
2025-08-13 00:00:00-04:00,3.7899999618530273,3.9000000953674316,3.7699999809265137,3.7699999809265137,3400,0.0,0.0
2025-08-14 00:00:00-04:00,3.7699999809265137,3.7699999809265137,3.7699999809265137,3.7699999809265137,300,0.0,0.0
2025-08-15 00:00:00-04:00,3.8499999046325684,3.869999885559082,3.799999952316284,3.8399999141693115,5900,0.0,0.0
2025-08-18 00:00:00-04:00,3.8499999046325684,3.880000114440918,3.8499999046325684,3.859999895095825,2400,0.0,0.0
2025-08-19 00:00:00-04:00,3.8499999046325684,3.869999885559082,3.8499999046325684,3.8499999046325684,1000,0.0,0.0
2025-08-20 00:00:00-04:00,3.8499999046325684,4.0,3.8499999046325684,4.0,8100,0.0,0.0
2025-08-21 00:00:00-04:00,3.859999895095825,3.9600000381469727,3.859999895095825,3.9600000381469727,1500,0.0,0.0
2025-08-22 00:00:00-04:00,4.03000020980835,4.03000020980835,3.9600000381469727,3.9800000190734863,1400,0.0,0.0
2025-08-25 00:00:00-04:00,3.9000000953674316,3.9700000286102295,3.9000000953674316,3.950000047683716,12900,0.0,0.0
2025-08-26 00:00:00-04:00,3.930000066757202,3.930000066757202,3.6700000762939453,3.6700000762939453,21300,0.0,0.0
2025-08-27 00:00:00-04:00,3.740000009536743,3.8499999046325684,3.5799999237060547,3.5799999237060547,8500,0.0,0.0
2025-08-28 00:00:00-04:00,3.609999895095825,3.7799999713897705,3.609999895095825,3.7300000190734863,3300,0.0,0.0
2025-08-29 00:00:00-04:00,3.7300000190734863,3.7300000190734863,3.7300000190734863,3.7300000190734863,0,0.0,0.0
2025-09-02 00:00:00-04:00,3.630000114440918,3.630000114440918,3.630000114440918,3.630000114440918,800,0.0,0.0
2025-09-03 00:00:00-04:00,3.630000114440918,3.630000114440918,3.630000114440918,3.630000114440918,500,0.0,0.0
2025-09-04 00:00:00-04:00,3.740000009536743,3.809999942779541,3.740000009536743,3.809999942779541,1500,0.0,0.0
2025-09-05 00:00:00-04:00,3.930000066757202,3.930000066757202,3.5999999046325684,3.5999999046325684,5000,0.0,0.0
2025-09-08 00:00:00-04:00,3.8299999237060547,3.8299999237060547,3.4000000953674316,3.4100000858306885,21600,0.0,0.0
2025-09-09 00:00:00-04:00,3.4000000953674316,3.4000000953674316,3.2799999713897705,3.2799999713897705,4300,0.0,0.0
2025-09-10 00:00:00-04:00,3.319999933242798,3.4000000953674316,3.319999933242798,3.369999885559082,5600,0.0,0.0
2025-09-11 00:00:00-04:00,3.359999895095825,3.869999885559082,3.359999895095825,3.5899999141693115,12200,0.0,0.0
2025-09-12 00:00:00-04:00,3.549999952316284,3.5799999237060547,3.440000057220459,3.5,2300,0.0,0.0
2025-09-15 00:00:00-04:00,3.450000047683716,3.450000047683716,3.2200000286102295,3.2300000190734863,6500,0.0,0.0
2025-09-16 00:00:00-04:00,3.2100000381469727,3.2100000381469727,3.109999895095825,3.130000114440918,4900,0.0,0.0
2025-09-17 00:00:00-04:00,2.890000104904175,3.1700000762939453,2.890000104904175,3.009999990463257,5500,0.0,0.0
2025-09-18 00:00:00-04:00,3.0399999618530273,3.380000114440918,3.009999990463257,3.25,7000,0.0,0.0
2025-09-19 00:00:00-04:00,3.2799999713897705,3.2799999713897705,3.0199999809265137,3.119999885559082,5800,0.0,0.0
2025-09-22 00:00:00-04:00,3.1500000953674316,3.1500000953674316,3.0,3.0299999713897705,1700,0.0,0.0
2025-09-23 00:00:00-04:00,3.299999952316284,3.299999952316284,2.9700000286102295,3.130000114440918,2400,0.0,0.0
2025-09-24 00:00:00-04:00,3.0999999046325684,3.200000047683716,2.930000066757202,3.049999952316284,15300,0.0,0.0
2025-09-25 00:00:00-04:00,2.9800000190734863,2.990000009536743,2.930000066757202,2.990000009536743,6700,0.0,0.0
2025-09-26 00:00:00-04:00,2.9700000286102295,2.990000009536743,2.869999885559082,2.880000114440918,13700,0.0,0.0
2025-09-29 00:00:00-04:00,2.930000066757202,2.930000066757202,2.759999990463257,2.9100000858306885,3200,0.0,0.0
2025-09-30 00:00:00-04:00,2.740000009536743,2.9100000858306885,2.740000009536743,2.8499999046325684,6200,0.0,0.0
2025-10-01 00:00:00-04:00,2.7699999809265137,2.9100000858306885,2.759999990463257,2.9000000953674316,10300,0.0,0.0
2025-10-02 00:00:00-04:00,2.759999990463257,2.890000104904175,2.7300000190734863,2.75,19300,0.0,0.0
2025-10-03 00:00:00-04:00,2.9000000953674316,2.9200000762939453,2.7799999713897705,2.819999933242798,16200,0.0,0.0
2025-10-06 00:00:00-04:00,2.880000114440918,2.9000000953674316,2.759999990463257,2.759999990463257,13900,0.0,0.0
2025-10-07 00:00:00-04:00,2.8299999237060547,2.880000114440918,2.700000047683716,2.7100000381469727,23300,0.0,0.0
2025-10-08 00:00:00-04:00,2.700000047683716,2.799999952316284,2.6700000762939453,2.680000066757202,13200,0.0,0.0
2025-10-09 00:00:00-04:00,2.6700000762939453,2.8399999141693115,2.6700000762939453,2.8399999141693115,13600,0.0,0.0
2025-10-10 00:00:00-04:00,2.75,2.9000000953674316,2.6500000953674316,2.6600000858306885,6900,0.0,0.0
2025-10-13 00:00:00-04:00,2.690000057220459,2.8399999141693115,2.690000057220459,2.7200000286102295,8500,0.0,0.0
2025-10-14 00:00:00-04:00,2.7200000286102295,2.7699999809265137,2.6500000953674316,2.6600000858306885,3900,0.0,0.0
2025-10-15 00:00:00-04:00,2.680000066757202,2.7799999713897705,2.640000104904175,2.75,16000,0.0,0.0
2025-10-16 00:00:00-04:00,2.690000057220459,2.7699999809265137,2.609999895095825,2.690000057220459,17900,0.0,0.0
2025-10-17 00:00:00-04:00,2.6700000762939453,2.680000066757202,2.5999999046325684,2.630000114440918,24400,0.0,0.0
2025-10-20 00:00:00-04:00,2.619999885559082,2.740000009536743,2.5999999046325684,2.700000047683716,16600,0.0,0.0
2025-10-21 00:00:00-04:00,2.680000066757202,2.880000114440918,2.609999895095825,2.630000114440918,33800,0.0,0.0
2025-10-22 00:00:00-04:00,2.6700000762939453,2.6700000762939453,2.5899999141693115,2.640000104904175,8300,0.0,0.0
2025-10-23 00:00:00-04:00,2.690000057220459,2.690000057220459,2.619999885559082,2.690000057220459,14300,0.0,0.0
2025-10-24 00:00:00-04:00,2.680000066757202,3.0799999237060547,2.6600000858306885,2.7300000190734863,166500,0.0,0.0
2025-10-27 00:00:00-04:00,2.859999895095825,2.940000057220459,2.700000047683716,2.7799999713897705,47600,0.0,0.0
2025-10-28 00:00:00-04:00,2.7699999809265137,2.9000000953674316,2.7200000286102295,2.859999895095825,10900,0.0,0.0
2025-10-29 00:00:00-04:00,2.859999895095825,3.0,2.7699999809265137,2.809999942779541,52600,0.0,0.0
2025-10-30 00:00:00-04:00,2.950000047683716,2.950000047683716,2.7100000381469727,2.7300000190734863,25400,0.0,0.0
2025-10-31 00:00:00-04:00,2.740000009536743,2.740000009536743,2.690000057220459,2.7300000190734863,10900,0.0,0.0
2025-11-03 00:00:00-05:00,2.740000009536743,2.819999933242798,2.7100000381469727,2.7300000190734863,23300,0.0,0.0
2025-11-04 00:00:00-05:00,2.700000047683716,2.9100000858306885,2.700000047683716,2.7300000190734863,33300,0.0,0.0
2025-11-05 00:00:00-05:00,2.759999990463257,3.0399999618530273,2.759999990463257,2.9800000190734863,43500,0.0,0.0
2025-11-06 00:00:00-05:00,2.950000047683716,3.0299999713897705,2.9000000953674316,2.9100000858306885,22500,0.0,0.0
2025-11-07 00:00:00-05:00,2.880000114440918,3.1500000953674316,2.759999990463257,2.9600000381469727,59200,0.0,0.0
2025-11-10 00:00:00-05:00,2.9200000762939453,3.049999952316284,2.819999933242798,2.819999933242798,27800,0.0,0.0
2025-11-11 00:00:00-05:00,2.9000000953674316,3.009999990463257,2.799999952316284,2.859999895095825,31700,0.0,0.0
2025-11-12 00:00:00-05:00,2.9700000286102295,3.049999952316284,2.7699999809265137,2.809999942779541,54100,0.0,0.0
2025-11-13 00:00:00-05:00,3.190000057220459,3.390000104904175,3.1500000953674316,3.359999895095825,66100,0.0,0.0
2025-11-14 00:00:00-05:00,3.299999952316284,3.309999942779541,3.069999933242798,3.1700000762939453,83500,0.0,0.0
2025-11-17 00:00:00-05:00,3.130000114440918,3.1600000858306885,2.930000066757202,2.9600000381469727,43000,0.0,0.0
2025-11-18 00:00:00-05:00,2.9100000858306885,3.130000114440918,2.9100000858306885,3.059999942779541,22700,0.0,0.0
2025-11-19 00:00:00-05:00,3.0,3.0899999141693115,2.9800000190734863,3.049999952316284,13000,0.0,0.0
2025-11-20 00:00:00-05:00,3.0999999046325684,3.140000104904175,2.9800000190734863,3.0999999046325684,18000,0.0,0.0
2025-11-21 00:00:00-05:00,3.130000114440918,3.2799999713897705,3.0799999237060547,3.190000057220459,40200,0.0,0.0
2025-11-24 00:00:00-05:00,3.2100000381469727,3.690000057220459,3.140000104904175,3.680000066757202,57300,0.0,0.0
2025-11-25 00:00:00-05:00,3.5799999237060547,3.700000047683716,3.509999990463257,3.640000104904175,26500,0.0,0.0
2025-11-26 00:00:00-05:00,3.450000047683716,3.6700000762939453,3.450000047683716,3.559999942779541,13700,0.0,0.0
2025-11-28 00:00:00-05:00,3.559999942779541,3.700000047683716,3.559999942779541,3.630000114440918,2800,0.0,0.0
2025-12-01 00:00:00-05:00,3.609999895095825,3.6600000858306885,3.5,3.5,8500,0.0,0.0
2025-12-02 00:00:00-05:00,3.5,3.680000066757202,3.4200000762939453,3.549999952316284,12400,0.0,0.0
2025-12-03 00:00:00-05:00,3.559999942779541,3.559999942779541,3.4600000381469727,3.490000009536743,16000,0.0,0.0
2025-12-04 00:00:00-05:00,3.5,3.5,3.450000047683716,3.450000047683716,1000,0.0,0.0
2025-12-05 00:00:00-05:00,3.4600000381469727,3.4700000286102295,3.259999990463257,3.4700000286102295,13400,0.0,0.0
2025-12-08 00:00:00-05:00,3.4000000953674316,3.4000000953674316,3.1600000858306885,3.200000047683716,41600,0.0,0.0
2025-12-09 00:00:00-05:00,3.1700000762939453,3.3399999141693115,3.059999942779541,3.119999885559082,23600,0.0,0.0
2025-12-10 00:00:00-05:00,3.3499999046325684,3.3499999046325684,3.1600000858306885,3.299999952316284,39800,0.0,0.0
2025-12-11 00:00:00-05:00,3.2200000286102295,3.3499999046325684,3.2100000381469727,3.240000009536743,14900,0.0,0.0
2025-12-12 00:00:00-05:00,3.2100000381469727,3.259999990463257,3.1500000953674316,3.1500000953674316,5500,0.0,0.0
2025-12-15 00:00:00-05:00,3.180000066757202,3.3299999237060547,3.140000104904175,3.200000047683716,22200,0.0,0.0
2025-12-16 00:00:00-05:00,3.109999895095825,3.240000009536743,3.109999895095825,3.190000057220459,11100,0.0,0.0
2025-12-17 00:00:00-05:00,3.140000104904175,3.190000057220459,3.119999885559082,3.140000104904175,20100,0.0,0.0
2025-12-18 00:00:00-05:00,3.140000104904175,3.190000057220459,3.140000104904175,3.1500000953674316,26200,0.0,0.0
2025-12-19 00:00:00-05:00,3.190000057220459,3.25,3.180000066757202,3.2100000381469727,8700,0.0,0.0
2025-12-22 00:00:00-05:00,3.25,3.25,3.1500000953674316,3.1500000953674316,8000,0.0,0.0
2025-12-23 00:00:00-05:00,3.2100000381469727,3.2100000381469727,3.140000104904175,3.1700000762939453,30500,0.0,0.0
2025-12-24 00:00:00-05:00,3.25,3.4600000381469727,3.1500000953674316,3.2100000381469727,1700,0.0,0.0
2025-12-26 00:00:00-05:00,3.200000047683716,3.4200000762939453,3.200000047683716,3.4200000762939453,16100,0.0,0.0
2025-12-29 00:00:00-05:00,3.380000114440918,3.549999952316284,3.3499999046325684,3.440000057220459,25000,0.0,0.0
2025-12-30 00:00:00-05:00,3.390000104904175,3.549999952316284,3.380000114440918,3.5199999809265137,12800,0.0,0.0
2025-12-31 00:00:00-05:00,3.5,3.5799999237060547,3.4700000286102295,3.5799999237060547,13400,0.0,0.0
2026-01-02 00:00:00-05:00,3.5799999237060547,3.5899999141693115,3.5199999809265137,3.5899999141693115,3500,0.0,0.0
2026-01-05 00:00:00-05:00,3.5399999618530273,3.740000009536743,3.5399999618530273,3.700000047683716,4700,0.0,0.0
2026-01-06 00:00:00-05:00,3.7200000286102295,3.7699999809265137,3.680000066757202,3.7100000381469727,17400,0.0,0.0
2026-01-07 00:00:00-05:00,3.75,3.9700000286102295,3.7200000286102295,3.930000066757202,17700,0.0,0.0
2026-01-08 00:00:00-05:00,3.930000066757202,4.440000057220459,3.869999885559082,4.340000152587891,39800,0.0,0.0
2026-01-09 00:00:00-05:00,4.360000133514404,4.559999942779541,4.320000171661377,4.559999942779541,12400,0.0,0.0
2026-01-12 00:00:00-05:00,4.539999961853027,4.869999885559082,4.449999809265137,4.710000038146973,41000,0.0,0.0
2026-01-13 00:00:00-05:00,4.820000171661377,4.960000038146973,4.53000020980835,4.539999961853027,28100,0.0,0.0
2026-01-14 00:00:00-05:00,4.730000019073486,4.769999980926514,4.489999771118164,4.75,4300,0.0,0.0
2026-01-15 00:00:00-05:00,4.800000190734863,4.800000190734863,4.630000114440918,4.639999866485596,11100,0.0,0.0
2026-01-16 00:00:00-05:00,4.599999904632568,4.769999980926514,4.599999904632568,4.699999809265137,6100,0.0,0.0
2026-01-20 00:00:00-05:00,4.610000133514404,4.829999923706055,4.539999961853027,4.829999923706055,1200,0.0,0.0
2026-01-21 00:00:00-05:00,4.599999904632568,4.610000133514404,4.25,4.389999866485596,24300,0.0,0.0
2026-01-22 00:00:00-05:00,4.489999771118164,4.489999771118164,4.309999942779541,4.320000171661377,18400,0.0,0.0
2026-01-23 00:00:00-05:00,4.239999771118164,4.329999923706055,3.9800000190734863,4.150000095367432,14900,0.0,0.0
2026-01-26 00:00:00-05:00,4.300000190734863,4.519999980926514,4.099999904632568,4.099999904632568,3900,0.0,0.0
2026-01-27 00:00:00-05:00,4.050000190734863,4.210000038146973,3.950000047683716,3.950000047683716,3200,0.0,0.0
2026-01-28 00:00:00-05:00,3.700000047683716,4.050000190734863,3.6500000953674316,4.039999961853027,9500,0.0,0.0
2026-01-29 00:00:00-05:00,3.9100000858306885,4.090000152587891,3.9000000953674316,4.090000152587891,5300,0.0,0.0
2026-01-30 00:00:00-05:00,3.8499999046325684,4.21999979019165,3.8499999046325684,4.099999904632568,3500,0.0,0.0
2026-02-02 00:00:00-05:00,4.039999961853027,4.099999904632568,3.8499999046325684,3.9800000190734863,4300,0.0,0.0
2026-02-03 00:00:00-05:00,3.809999942779541,3.930000066757202,3.5,3.809999942779541,11000,0.0,0.0
2026-02-04 00:00:00-05:00,3.759999990463257,3.9100000858306885,3.509999990463257,3.690000057220459,26000,0.0,0.0
2026-02-05 00:00:00-05:00,3.5899999141693115,3.809999942779541,3.069999933242798,3.109999895095825,73500,0.0,0.0
2026-02-06 00:00:00-05:00,3.180000066757202,3.690000057220459,3.0799999237060547,3.2100000381469727,64500,0.0,0.0
2026-02-09 00:00:00-05:00,3.2799999713897705,3.4700000286102295,3.259999990463257,3.299999952316284,6800,0.0,0.0
2026-02-10 00:00:00-05:00,3.2899999618530273,3.5,3.2699999809265137,3.319999933242798,16700,0.0,0.0
2026-02-11 00:00:00-05:00,3.4100000858306885,3.5,3.359999895095825,3.4200000762939453,10200,0.0,0.0
2026-02-12 00:00:00-05:00,3.440000057220459,3.4700000286102295,3.319999933242798,3.4200000762939453,7100,0.0,0.0
2026-02-13 00:00:00-05:00,3.5,3.5,3.440000057220459,3.490000009536743,5800,0.0,0.0
2026-02-17 00:00:00-05:00,2.819999933242798,2.819999933242798,2.3299999237060547,2.559999942779541,103400,0.0,0.0
2026-02-18 00:00:00-05:00,2.5,2.609999895095825,2.4100000858306885,2.5999999046325684,13600,0.0,0.0
2026-02-19 00:00:00-05:00,2.5999999046325684,2.680000066757202,2.4200000762939453,2.640000104904175,39300,0.0,0.0
2026-02-20 00:00:00-05:00,2.6500000953674316,2.700000047683716,2.630000114440918,2.630000114440918,16800,0.0,0.0
2026-02-23 00:00:00-05:00,2.690000057220459,2.759999990463257,2.6600000858306885,2.700000047683716,21000,0.0,0.0
2026-02-24 00:00:00-05:00,2.700000047683716,2.7899999618530273,2.680000066757202,2.75,15200,0.0,0.0
2026-02-25 00:00:00-05:00,2.799999952316284,2.890000104904175,2.7300000190734863,2.890000104904175,48400,0.0,0.0
2026-02-26 00:00:00-05:00,2.859999895095825,2.930000066757202,2.759999990463257,2.759999990463257,7400,0.0,0.0
2026-02-27 00:00:00-05:00,2.809999942779541,2.8499999046325684,2.7100000381469727,2.7100000381469727,4700,0.0,0.0
2026-03-02 00:00:00-05:00,2.7100000381469727,2.799999952316284,2.700000047683716,2.7100000381469727,12700,0.0,0.0
2026-03-03 00:00:00-05:00,2.6700000762939453,2.740000009536743,2.609999895095825,2.619999885559082,5300,0.0,0.0
2026-03-04 00:00:00-05:00,2.6700000762939453,2.799999952316284,2.6500000953674316,2.7699999809265137,21800,0.0,0.0
2026-03-05 00:00:00-05:00,2.7699999809265137,2.7799999713897705,2.75,2.75,4000,0.0,0.0
2026-03-06 00:00:00-05:00,2.7300000190734863,2.799999952316284,2.700000047683716,2.7300000190734863,18400,0.0,0.0
2026-03-09 00:00:00-04:00,2.7200000286102295,2.8178000450134277,2.6649999618530273,2.809999942779541,25623,0.0,0.0
