Date,Open,High,Low,Close,Volume,Dividends,Stock Splits
2022-01-03 00:00:00-05:00,87.60622861337276,89.47238499458089,85.24128189509206,85.68846893310547,191400,0.0,0.0
2022-01-04 00:00:00-05:00,86.37645853734364,88.18241658910915,85.249879424903,85.6282730102539,303400,0.0,0.0
2022-01-05 00:00:00-05:00,86.53124143138044,88.44899429784202,85.44766414974578,85.53366088867188,200500,0.0,0.0
2022-01-06 00:00:00-05:00,85.85185662969788,87.20202577961759,83.97709883925548,86.36784362792969,98700,0.0,0.0
2022-01-07 00:00:00-05:00,85.81745897670355,86.71183952671028,84.13189790362075,84.16629791259766,94800,0.0,0.0
2022-01-10 00:00:00-05:00,83.0827087579788,83.28050058000535,81.01015280000647,83.17730712890625,155500,0.0,0.0
2022-01-11 00:00:00-05:00,82.43773975214881,83.30632198379435,81.47455913086212,82.91932678222656,115600,0.0,0.0
2022-01-12 00:00:00-05:00,83.07410213828172,83.71908741351858,81.30254468185925,82.31732177734375,124000,0.0,0.0
2022-01-13 00:00:00-05:00,82.99971463571069,84.58041643141337,82.64557211292981,83.00835418701172,65600,0.42,0.0
2022-01-14 00:00:00-05:00,81.77317016866172,82.72331661578691,80.2011077663135,81.03032684326172,74100,0.0,0.0
2022-01-18 00:00:00-05:00,80.10607122242047,80.96984168896816,79.67418598914662,79.73464965820312,92300,0.0,0.0
2022-01-19 00:00:00-05:00,80.44295997481206,80.5293423136889,78.95727996081965,79.6482925415039,114600,0.0,0.0
2022-01-20 00:00:00-05:00,79.80374731702872,80.98711514616757,76.24501087038107,76.4004898071289,124800,0.0,0.0
2022-01-21 00:00:00-05:00,76.2018473626212,78.24034661219386,75.12213405628174,76.05500793457031,139200,0.0,0.0
2022-01-24 00:00:00-05:00,74.64705482782006,78.93999583079122,74.24972113646484,78.80179595947266,174300,0.0,0.0
2022-01-25 00:00:00-05:00,77.35929110245266,78.57721078452144,76.0981868453747,77.49749755859375,134000,0.0,0.0
2022-01-26 00:00:00-05:00,78.62039537029372,79.31141447100066,74.62977950434843,75.50218963623047,121000,0.0,0.0
2022-01-27 00:00:00-05:00,75.5367246403557,77.43702362020383,75.3898852426987,75.8995132446289,74900,0.0,0.0
2022-01-28 00:00:00-05:00,73.43777996902789,73.90421692484261,68.26379546534432,69.92223358154297,309900,0.0,0.0
2022-01-31 00:00:00-05:00,67.66778047311082,71.2956206700872,65.82795160803205,71.16605377197266,297400,0.0,0.0
2022-02-01 00:00:00-05:00,70.1986315527812,73.55006559292009,70.1986315527812,72.8417739868164,193000,0.0,0.0
2022-02-02 00:00:00-05:00,72.66038881894512,73.54143197466749,71.2610780056892,73.04044342041016,146900,0.0,0.0
2022-02-03 00:00:00-05:00,72.29759973339917,73.21320109051621,71.33018083688648,71.47702026367188,106000,0.0,0.0
2022-02-04 00:00:00-05:00,70.9760319716038,71.63249950381274,69.97406145511889,71.12287139892578,147200,0.0,0.0
2022-02-07 00:00:00-05:00,70.63051056867981,72.54808212448896,70.24181648144105,72.21121215820312,116600,0.0,0.0
2022-02-08 00:00:00-05:00,71.9434621009321,75.01848367159884,71.9434621009321,74.82845306396484,102200,0.0,0.0
2022-02-09 00:00:00-05:00,75.14804079677626,76.74601505892828,74.69024344173208,75.28624725341797,167600,0.0,0.0
2022-02-10 00:00:00-05:00,73.688259094034,75.65765477556025,73.688259094034,74.79388427734375,207100,0.0,0.0
2022-02-11 00:00:00-05:00,75.20852034159626,75.76997265757734,73.10955711634702,74.57796478271484,158700,0.0,0.0
2022-02-14 00:00:00-05:00,74.38793696761024,76.44370891401056,73.42915093877308,73.82648468017578,133400,0.0,0.0
2022-02-15 00:00:00-05:00,74.69024450114219,76.27957923478566,74.69024450114219,75.69221496582031,86200,0.0,0.0
2022-02-16 00:00:00-05:00,75.1048601600343,75.66631243626617,73.15274311166458,74.76799011230469,190400,0.0,0.0
2022-02-17 00:00:00-05:00,74.41382862188266,75.38124734772795,73.57597019678748,73.80055236816406,159900,0.0,0.0
2022-02-18 00:00:00-05:00,73.61053173809208,75.10485118874519,72.79858526360401,73.71417999267578,104900,0.0,0.0
2022-02-22 00:00:00-05:00,73.48960047140326,74.74206514133441,71.97800199870538,72.23712921142578,145500,0.0,0.0
2022-02-23 00:00:00-05:00,73.17863971478984,73.42049440666324,72.03846288878233,72.16802978515625,193900,0.0,0.0
2022-02-24 00:00:00-05:00,71.01058801856846,74.79390128883547,70.44913574901909,73.6364517211914,239100,0.0,0.0
2022-02-25 00:00:00-05:00,73.79192541877121,75.77860051009715,73.16136995724874,75.37262725830078,133300,0.0,0.0
2022-02-28 00:00:00-05:00,74.51749753842834,76.68556390316763,74.51749753842834,76.34869384765625,127200,0.0,0.0
2022-03-01 00:00:00-05:00,75.76996639145052,76.25367587165432,72.86769633013292,73.6364517211914,200100,0.0,0.0
2022-03-02 00:00:00-05:00,74.17199196050728,77.07426202324133,74.17199196050728,76.51280975341797,141600,0.0,0.0
2022-03-03 00:00:00-05:00,76.64236571963887,76.65099868052162,74.96664870187736,76.01181030273438,150300,0.0,0.0
2022-03-04 00:00:00-05:00,74.99258309600317,75.32945319204562,72.29761573761513,73.70556640625,155900,0.0,0.0
2022-03-07 00:00:00-05:00,74.0424181518368,74.1374334466644,71.26107571789451,71.58067321777344,194500,0.0,0.0
2022-03-08 00:00:00-05:00,71.8484572079394,74.31884228504475,71.77935396059628,72.80724334716797,192400,0.0,0.0
2022-03-09 00:00:00-05:00,74.44839122072892,75.3985375767317,73.89557855578016,74.16334533691406,76500,0.0,0.0
2022-03-10 00:00:00-05:00,72.64309359218731,73.94738881807066,71.94344163587397,72.28031158447266,119000,0.0,0.0
2022-03-11 00:00:00-05:00,72.69493058139666,72.87632160092639,71.71886567005828,71.95208740234375,128900,0.0,0.0
2022-03-14 00:00:00-04:00,72.35805252727224,73.5586995957655,71.71022464652532,71.93480682373047,154900,0.0,0.0
2022-03-15 00:00:00-04:00,72.63446266268268,74.3360917070655,70.98466433272857,71.86570739746094,135700,0.0,0.0
2022-03-16 00:00:00-04:00,72.86769588146318,75.70086268815056,72.10758004724501,72.66039276123047,286000,0.0,0.0
2022-03-17 00:00:00-04:00,72.92814327793106,74.50020531784786,72.16802761348141,74.11151123046875,253000,0.0,0.0
2022-03-18 00:00:00-04:00,74.1892551815425,75.16531357232148,72.77267194623204,75.07030487060547,341800,0.0,0.0
2022-03-21 00:00:00-04:00,75.21714307007223,75.45035822513579,74.17198146766422,74.83708190917969,247900,0.0,0.0
2022-03-22 00:00:00-04:00,75.36399206621427,76.01182007824477,73.45505964823676,73.91285705566406,222000,0.0,0.0
2022-03-23 00:00:00-04:00,73.64508049224237,73.79191990722981,70.7859954301796,71.37335968017578,245300,0.0,0.0
2022-03-24 00:00:00-04:00,76.44370655080326,80.73664796179267,74.71616515982466,79.38916778564453,973100,0.0,0.0
2022-03-25 00:00:00-04:00,80.07153358111452,80.4170431460155,77.79117967883356,79.40643310546875,230200,0.0,0.0
2022-03-28 00:00:00-04:00,78.82771608388026,79.03501920707897,77.324750318059,78.68087005615234,209100,0.0,0.0
2022-03-29 00:00:00-04:00,79.79512885439057,81.42765482663113,79.79512885439057,81.06487274169922,180300,0.0,0.0
2022-03-30 00:00:00-04:00,81.26354557100053,81.26354557100053,78.21443618447968,78.67223358154297,181800,0.0,0.0
2022-03-31 00:00:00-04:00,78.65495120266256,79.51008886840961,77.15199215657357,78.1712417602539,257200,0.0,0.0
2022-04-01 00:00:00-04:00,78.65495755199001,78.81907609321847,77.41976519180398,77.843017578125,346900,0.0,0.0
2022-04-04 00:00:00-04:00,78.10213744546836,79.38052085559634,77.33338212513726,79.0350112915039,277800,0.0,0.0
2022-04-05 00:00:00-04:00,79.1386789491511,79.70876422065238,76.91014881953728,78.47357177734375,319100,0.0,0.0
2022-04-06 00:00:00-04:00,77.49750645588537,78.30081345180307,75.17396121811375,75.90816497802734,319800,0.0,0.0
2022-04-07 00:00:00-04:00,76.95331316576306,77.75662002029495,75.45899384295348,77.2556381225586,345200,0.0,0.0
2022-04-08 00:00:00-04:00,78.12805267352643,80.62434932536728,77.46295217250203,78.57721710205078,248700,0.0,0.0
2022-04-11 00:00:00-04:00,78.30944961538742,79.07820496003924,76.35732611804661,77.0915298461914,211100,0.0,0.0
2022-04-12 00:00:00-04:00,78.01575276544646,79.6655576147346,77.77389807529966,78.56856536865234,222600,0.0,0.0
2022-04-13 00:00:00-04:00,78.7249832539381,80.81933699730097,78.7249832539381,80.39351654052734,158300,0.55,0.0
2022-04-14 00:00:00-04:00,80.697699222939,81.95778340164169,80.28925622387135,80.38484954833984,196000,0.0,0.0
2022-04-18 00:00:00-04:00,80.21102938583019,82.42703968912582,79.81996406397602,81.7665786743164,268600,0.0,0.0
2022-04-19 00:00:00-04:00,82.10552356798748,83.88702167853725,82.10552356798748,83.13097381591797,198000,0.0,0.0
2022-04-20 00:00:00-04:00,84.30414756028014,85.31221347676164,83.22655139731481,84.06082153320312,217100,0.0,0.0
2022-04-21 00:00:00-04:00,84.8168705807541,85.32959897130449,82.62692967419177,83.23524475097656,207200,0.0,0.0
2022-04-22 00:00:00-04:00,82.30537464724715,83.49594154002709,80.08067229065468,80.42828369140625,233100,0.0,0.0
2022-04-25 00:00:00-04:00,79.85472885280079,83.66105702094643,78.93356421912608,83.05274200439453,265800,0.0,0.0
2022-04-26 00:00:00-04:00,82.07074377877868,82.56608788825098,80.12412251511887,80.5499496459961,205500,0.0,0.0
2022-04-27 00:00:00-04:00,80.15021086951505,81.15827682685956,78.84667284578761,80.53257751464844,234100,0.0,0.0
2022-04-28 00:00:00-04:00,81.18433807864645,82.12288694929978,79.22903124652025,81.61885070800781,110600,0.0,0.0
2022-04-29 00:00:00-04:00,80.85411911645824,81.67100506464547,77.55182014433457,77.86466979980469,183900,0.0,0.0
2022-05-02 00:00:00-04:00,77.78645207190527,79.46367107150746,76.83921110066308,78.23834228515625,191800,0.0,0.0
2022-05-03 00:00:00-04:00,78.17750742333813,79.02915504996417,76.6306436038827,77.45621490478516,254200,0.0,0.0
2022-05-04 00:00:00-04:00,77.84728877636373,78.71631408541855,75.15331164432118,78.32524871826172,170000,0.0,0.0
2022-05-05 00:00:00-04:00,77.10860762081754,78.23833638380013,74.24951396512341,75.48352813720703,167100,0.0,0.0
2022-05-06 00:00:00-04:00,74.79700157571669,76.3004181468026,73.11978261000026,73.91059875488281,202400,0.0,0.0
2022-05-09 00:00:00-04:00,72.76347909087868,74.41462158003264,72.03349451355514,72.29420471191406,136400,0.0,0.0
2022-05-10 00:00:00-04:00,72.66789119728845,73.48477039462949,70.2433100407402,71.08626556396484,163800,0.0,0.0
2022-05-11 00:00:00-04:00,71.2600623135208,73.25013070301469,69.80009979603837,69.91307067871094,216900,0.0,0.0
2022-05-12 00:00:00-04:00,69.52202339343812,72.66789733884045,69.52202339343812,72.0943374633789,168800,0.0,0.0
2022-05-13 00:00:00-04:00,72.86776271431695,74.30165564042252,72.5809828030686,72.9633560180664,134700,0.0,0.0
2022-05-16 00:00:00-04:00,72.31159111282801,74.21475855449927,71.45125796158256,73.87583923339844,137300,0.0,0.0
2022-05-17 00:00:00-04:00,74.7883142016914,76.49160297142168,73.64120108615317,75.79638671875,139400,0.0,0.0
2022-05-18 00:00:00-04:00,73.95404824397464,74.62320140654444,71.47732758087733,72.71134185791016,231800,0.0,0.0
2022-05-19 00:00:00-04:00,72.12040536926841,73.86714802006347,70.95591468882947,72.36373138427734,200900,0.0,0.0
2022-05-20 00:00:00-04:00,73.09371880500562,73.09371880500562,69.65237939889342,71.77279663085938,178700,0.0,0.0
2022-05-23 00:00:00-04:00,72.12909597573444,73.22406965059947,71.01674471307508,72.50277709960938,158400,0.0,0.0
2022-05-24 00:00:00-04:00,71.85969551882249,71.85969551882249,67.61884832259994,68.94845581054688,207500,0.0,0.0
2022-05-25 00:00:00-04:00,68.40096689698116,74.14522351236303,68.40096689698116,73.6498794555664,188000,0.0,0.0
2022-05-26 00:00:00-04:00,74.4580928647272,78.03847972298222,74.4580928647272,76.77838897705078,172900,0.0,0.0
2022-05-27 00:00:00-04:00,76.77837661873326,79.8199648791369,76.77837661873326,79.38545227050781,132600,0.0,0.0
2022-05-31 00:00:00-04:00,78.61203046447893,80.10675509115721,77.41277789732727,79.22035217285156,252900,0.0,0.0
2022-06-01 00:00:00-04:00,79.49842880140683,80.60208789631206,78.39476307636545,79.7591323852539,195900,0.0,0.0
2022-06-02 00:00:00-04:00,80.1067546681488,81.81873561803341,80.1067546681488,81.7318344116211,152400,0.0,0.0
2022-06-03 00:00:00-04:00,81.44504580914504,82.66168246005122,80.94100958331961,82.13157653808594,125100,0.0,0.0
2022-06-06 00:00:00-04:00,82.61823904058797,82.7833559772955,81.03661318255222,81.51457977294922,225500,0.0,0.0
2022-06-07 00:00:00-04:00,79.63748356812197,81.42767369050877,79.3854654177633,80.13282775878906,210100,0.0,0.0
2022-06-08 00:00:00-04:00,79.46366461807813,81.02790596472951,79.0899835252976,79.84603118896484,350100,0.0,0.0
2022-06-09 00:00:00-04:00,83.84354628519262,86.27681263702645,82.65297948692107,83.80878448486328,512700,0.0,0.0
2022-06-10 00:00:00-04:00,82.93977609464494,84.2172443363167,81.29731882110605,81.61016845703125,248100,0.0,0.0
2022-06-13 00:00:00-04:00,79.40284262567155,80.24579158225859,76.76100496537286,77.14337158203125,345800,0.0,0.0
2022-06-14 00:00:00-04:00,77.1433646264112,78.13405946106701,76.6914744365098,77.29978942871094,348100,0.0,0.0
2022-06-15 00:00:00-04:00,78.55119349033859,80.12412710470058,78.16882025054983,79.2637939453125,297600,0.0,0.0
2022-06-16 00:00:00-04:00,77.7951300794079,77.7951300794079,71.38172672993635,72.7374038696289,303200,0.0,0.0
2022-06-17 00:00:00-04:00,73.64119083916896,77.22157691619842,73.36310305076813,76.91741943359375,426300,0.0,0.0
2022-06-21 00:00:00-04:00,78.42953453136491,79.42022285819223,76.41339606955911,78.95964050292969,202900,0.0,0.0
2022-06-22 00:00:00-04:00,78.0210935226636,79.55057996884285,77.5083717574322,78.26441955566406,130300,0.0,0.0
2022-06-23 00:00:00-04:00,79.02044700606784,80.4891014425912,78.13404438416872,80.26315307617188,128300,0.0,0.0
2022-06-24 00:00:00-04:00,80.81064145846176,82.69643094723372,80.74112448999612,82.62690734863281,449300,0.0,0.0
2022-06-27 00:00:00-04:00,83.46986878911578,84.07818374555646,82.15763894863859,82.84416961669922,204300,0.0,0.0
2022-06-28 00:00:00-04:00,83.49594080846636,84.06949397906558,81.20171486579754,81.54063415527344,124400,0.0,0.0
2022-06-29 00:00:00-04:00,81.54063564426018,81.62753683773956,77.69085376491309,78.91617584228516,117700,0.0,0.0
2022-06-30 00:00:00-04:00,78.05585084002936,78.43822408710514,76.58719598661264,77.11730194091797,234000,0.0,0.0
2022-07-01 00:00:00-04:00,76.47422593179412,77.75169417579485,74.90997774931633,76.00495147705078,256900,0.0,0.0
2022-07-05 00:00:00-04:00,74.44070018975461,78.00370210596284,74.43200808150621,77.30847930908203,263800,0.0,0.0
2022-07-06 00:00:00-04:00,76.84788224992973,77.83857023543646,75.76160098247631,76.24825286865234,167800,0.0,0.0
2022-07-07 00:00:00-04:00,76.23958792300668,78.21227231867316,76.23958792300668,77.52574157714844,153000,0.0,0.0
2022-07-08 00:00:00-04:00,77.50836455684492,77.75169056724022,75.74424435134254,76.891357421875,156800,0.0,0.0
2022-07-11 00:00:00-04:00,75.9788780092468,76.6306469479181,74.82307283343695,74.96212005615234,129600,0.0,0.0
2022-07-12 00:00:00-04:00,74.97079620494559,76.60456771784811,74.71878474787533,75.20543670654297,142300,0.0,0.0
2022-07-13 00:00:00-04:00,74.31904900993456,75.71818042905913,73.59776296956444,74.41464233398438,116600,0.0,0.0
2022-07-14 00:00:00-04:00,73.12890018465698,73.85485546049951,72.13180772002843,72.93647766113281,125500,0.55,0.0
2022-07-15 00:00:00-04:00,74.70327377276557,75.60415513907282,72.90150436715346,74.97441101074219,120100,0.0,0.0
2022-07-18 00:00:00-04:00,75.8053227299108,77.04731444269419,75.65663499098558,76.74993896484375,233100,0.0,0.0
2022-07-19 00:00:00-04:00,77.91321736326522,80.96572024346175,77.75578132134402,79.88116455078125,190700,0.0,0.0
2022-07-20 00:00:00-04:00,79.88115487757811,81.27183418531284,79.35637035905552,81.21060943603516,106600,0.0,0.0
2022-07-21 00:00:00-04:00,81.65668447283423,82.15523079808685,80.07358251725967,82.11149597167969,89000,0.0,0.0
2022-07-22 00:00:00-04:00,83.1873024685586,83.8257881693035,81.55171753428594,82.13773345947266,81500,0.0,0.0
2022-07-25 00:00:00-04:00,83.06484916768137,83.23103347782184,81.62168684155836,82.06775665283203,108400,0.0,0.0
2022-07-26 00:00:00-04:00,80.80827383696702,81.48175274719233,78.90155165070132,79.87240600585938,156900,0.0,0.0
2022-07-27 00:00:00-04:00,80.30097696429122,82.48758460778458,78.94528422912352,82.16397094726562,102700,0.0,0.0
2022-07-28 00:00:00-04:00,82.0327877712212,83.65962468170096,80.90449722537244,83.30101776123047,106200,0.0,0.0
2022-07-29 00:00:00-04:00,83.21353942439372,83.93074646003586,82.05026256384092,83.44094848632812,94800,0.0,0.0
2022-08-01 00:00:00-04:00,82.74123454228508,85.47012337094758,81.96280273013726,84.78790283203125,211700,0.0,0.0
2022-08-02 00:00:00-04:00,84.85786729976705,85.39140010369432,82.65376971027833,82.68000793457031,87600,0.0,0.0
2022-08-03 00:00:00-04:00,83.22229958580057,85.21648496071407,82.7237532420722,84.50802612304688,91900,0.0,0.0
2022-08-04 00:00:00-04:00,84.9190948113792,86.51969327525701,84.28935738888372,86.353515625,86000,0.0,0.0
2022-08-05 00:00:00-04:00,85.28645190268676,87.15818763254597,84.79664722127684,86.58966827392578,90500,0.0,0.0
2022-08-08 00:00:00-04:00,86.93952738170032,89.02992390271535,86.93952738170032,87.92787170410156,153400,0.0,0.0
2022-08-09 00:00:00-04:00,87.53429135201515,87.53429135201515,85.74127015775086,86.41474914550781,180700,0.0,0.0
2022-08-10 00:00:00-04:00,87.94535999021379,91.0328488414123,87.94535999021379,90.709228515625,205800,0.0,0.0
2022-08-11 00:00:00-04:00,91.48766253277529,93.47310601132605,90.93663980851073,91.51390075683594,191000,0.0,0.0
2022-08-12 00:00:00-04:00,91.7937772885746,93.35064738483801,91.20776809855766,93.09700012207031,118700,0.0,0.0
2022-08-15 00:00:00-04:00,91.86375359544199,94.88127596149613,91.19902304430305,94.78506469726562,167600,0.0,0.0
2022-08-16 00:00:00-04:00,94.65389044225132,102.07086121929183,94.31278011990857,101.21371459960938,274100,0.0,0.0
2022-08-17 00:00:00-04:00,100.50524245942775,102.62187717328965,99.6131027549092,101.79096221923828,301800,0.0,0.0
2022-08-18 00:00:00-04:00,101.40611448633862,103.12916231381998,100.65392095075796,102.8055419921875,243600,0.0,0.0
2022-08-19 00:00:00-04:00,102.88425852107123,103.68018689150111,100.49648675577531,103.181640625,248200,0.0,0.0
2022-08-22 00:00:00-04:00,101.51981972445404,101.642269219035,99.68307063274273,101.23118591308594,211400,0.0,0.0
2022-08-23 00:00:00-04:00,103.17288479067835,104.51983577633801,102.59562389567928,102.70057678222656,194200,0.0,0.0
2022-08-24 00:00:00-04:00,102.49067735305337,102.49067735305337,99.90173461246677,100.16412353515625,208000,0.0,0.0
2022-08-25 00:00:00-04:00,100.14663334354513,102.88426380035172,99.76178825035932,100.78512573242188,191300,0.0,0.0
2022-08-26 00:00:00-04:00,100.72390519138288,101.18746497863401,98.92213582137235,99.21076965332031,164500,0.0,0.0
2022-08-29 00:00:00-04:00,97.96003263369202,100.08541575150365,97.48772453273415,99.6480941772461,133800,0.0,0.0
2022-08-30 00:00:00-04:00,99.2807354950828,100.30406627258891,95.92210267857946,96.54309844970703,254300,0.0,0.0
2022-08-31 00:00:00-04:00,96.09704892171212,96.09704892171212,92.82587861262391,93.35066986083984,401500,0.0,0.0
2022-09-01 00:00:00-04:00,91.96872141298637,92.19613048276062,88.16402534063398,89.58969116210938,518500,0.0,0.0
2022-09-02 00:00:00-04:00,85.07652426432813,86.78208217005759,80.94821478394466,81.24559020996094,867300,0.0,0.0
2022-09-06 00:00:00-04:00,81.77911759311915,82.81119656335323,78.94527624228853,79.32137298583984,423500,0.0,0.0
2022-09-07 00:00:00-04:00,79.19018295826847,80.3971879712465,78.23681855886798,78.84032440185547,336100,0.0,0.0
2022-09-08 00:00:00-04:00,77.89571269543221,79.81993152774778,77.34468994227223,79.22517395019531,208500,0.0,0.0
2022-09-09 00:00:00-04:00,79.24266441608705,81.7179060184281,79.24266441608705,80.5633773803711,211300,0.0,0.0
2022-09-12 00:00:00-04:00,81.38555012307366,82.02403590410273,79.6450053998348,80.75580596923828,358300,0.0,0.0
2022-09-13 00:00:00-04:00,78.33302391817828,78.80533193274881,75.50793080207588,75.77906799316406,375600,0.0,0.0
2022-09-14 00:00:00-04:00,75.72659921000266,76.00648472772951,74.34466154679008,75.4379653930664,343300,0.0,0.0
2022-09-15 00:00:00-04:00,75.42921605587738,77.90445753130454,75.42047442978537,77.65081024169922,376600,0.0,0.0
2022-09-16 00:00:00-04:00,76.40005454829785,77.14349966476297,74.34464510642522,75.83153533935547,595900,0.0,0.0
2022-09-19 00:00:00-04:00,75.59540870439325,79.01525999540307,75.59540870439325,78.7353744506836,262300,0.0,0.0
2022-09-20 00:00:00-04:00,80.28349026027725,84.71793047227395,79.6624944653701,83.37097930908203,671500,0.0,0.0
2022-09-21 00:00:00-04:00,85.19023614019592,86.24855345149759,80.60710833326213,80.63334655761719,461800,0.0,0.0
2022-09-22 00:00:00-04:00,81.40302870514522,82.74123150903829,79.32138064053345,80.20476531982422,415200,0.0,0.0
2022-09-23 00:00:00-04:00,78.49045916623342,79.33011562637519,76.19889882907455,76.8286361694336,365100,0.0,0.0
2022-09-26 00:00:00-04:00,76.74993182380135,79.71497139118877,76.66246884863008,77.88697052001953,416400,0.0,0.0
2022-09-27 00:00:00-04:00,78.73535485344803,80.53712385505456,77.86946020764931,79.54003143310547,276800,0.0,0.0
2022-09-28 00:00:00-04:00,79.88990041613782,82.3651420794294,79.42634062419225,81.84910583496094,344800,0.0,0.0
2022-09-29 00:00:00-04:00,80.96571636231471,80.96571636231471,77.81700234782443,78.5604476928711,223700,0.0,0.0
2022-09-30 00:00:00-04:00,77.70328506095045,79.63625206627432,75.00064124985425,78.52545166015625,335900,0.0,0.0
2022-10-03 00:00:00-04:00,78.9365356750725,78.98027049699985,74.86069583773107,76.08519744873047,410800,0.0,0.0
2022-10-04 00:00:00-04:00,77.782001122365,79.79368266222053,77.782001122365,78.98900604248047,288800,0.0,0.0
2022-10-05 00:00:00-04:00,77.42340607225907,80.02984550685248,76.52252472603638,79.71497344970703,260200,0.0,0.0
2022-10-06 00:00:00-04:00,79.3826031187399,81.0619161315946,79.16394236165995,80.08231353759766,177500,0.0,0.0
2022-10-07 00:00:00-04:00,78.98900942720937,79.52254220612902,77.25721997513962,78.28929901123047,211700,0.0,0.0
2022-10-10 00:00:00-04:00,78.70038663458286,79.61000955814897,76.91611396513164,77.96568298339844,142300,0.0,0.0
2022-10-11 00:00:00-04:00,77.6857867062273,81.22809332995455,76.93359323389508,79.5137939453125,254400,0.0,0.0
2022-10-12 00:00:00-04:00,79.47881287127596,79.92487600266193,78.49921029594474,78.91029357910156,159900,0.0,0.0
2022-10-13 00:00:00-04:00,77.39668640724607,80.91671774745377,76.39347801240103,80.30951690673828,221000,0.55,0.0
2022-10-14 00:00:00-04:00,80.83751888825387,81.30392195865984,77.72229039955374,77.819091796875,183500,0.0,0.0
2022-10-17 00:00:00-04:00,79.68470251659811,82.20152515770711,79.57909917214435,81.83191680908203,191700,0.0,0.0
2022-10-18 00:00:00-04:00,83.21353184713858,84.58634852167293,82.29832296875783,82.896728515625,164700,0.0,0.0
2022-10-19 00:00:00-04:00,82.3687185992616,83.11672379441168,80.89030540866783,81.91111755371094,194400,0.0,0.0
2022-10-20 00:00:00-04:00,81.67352096128052,83.3983354265401,79.20950317402112,79.62310791015625,174400,0.0,0.0
2022-10-21 00:00:00-04:00,80.18631872788009,82.84393951452053,79.94871284556184,82.26313781738281,155000,0.0,0.0
2022-10-24 00:00:00-04:00,82.34233072774884,84.06714523417295,81.69992207064678,83.32794189453125,164400,0.0,0.0
2022-10-25 00:00:00-04:00,82.89672610901991,85.58075239144284,82.89672610901991,85.11434936523438,147400,0.0,0.0
2022-10-26 00:00:00-04:00,84.74475818926398,87.3055775278843,84.17275174702478,85.51036071777344,122600,0.0,0.0
2022-10-27 00:00:00-04:00,86.03835638741099,87.56957473534082,84.15514030397797,84.64794921875,165800,0.0,0.0
2022-10-28 00:00:00-04:00,85.05274892746849,88.47597847938096,83.75913648283694,88.39677429199219,173300,0.0,0.0
2022-10-31 00:00:00-04:00,88.13277947200501,90.02479751951145,86.83036501881352,89.523193359375,157100,0.0,0.0
2022-11-01 00:00:00-04:00,90.86959176334446,91.16879114147727,89.5407783327577,90.3327865600586,184200,0.0,0.0
2022-11-02 00:00:00-04:00,89.40877794718332,91.53839489766915,86.98875685419698,87.25276184082031,242500,0.0,0.0
2022-11-03 00:00:00-04:00,86.94476829498605,88.91598377303293,85.40475473409053,87.50797271728516,229700,0.0,0.0
2022-11-04 00:00:00-04:00,89.59357979072198,90.27118946441067,87.3495642341162,89.5495834350586,151300,0.0,0.0
2022-11-07 00:00:00-05:00,90.70240124305633,90.9928054206045,86.25835928676051,86.78636932373047,208900,0.0,0.0
2022-11-08 00:00:00-05:00,87.82476183513313,87.82476183513313,84.72713129971916,85.82714080810547,213900,0.0,0.0
2022-11-09 00:00:00-05:00,84.91195252446136,86.68077011948954,81.66472823977001,82.02552795410156,214300,0.0,0.0
2022-11-10 00:00:00-05:00,85.16715123822283,91.42400704441658,85.16715123822283,90.89600372314453,213800,0.0,0.0
2022-11-11 00:00:00-05:00,91.0808139905466,93.87043731012227,91.0808139905466,93.32483673095703,131900,0.0,0.0
2022-11-14 00:00:00-05:00,92.06641128261403,95.49843606417662,92.06641128261403,94.06402587890625,221200,0.0,0.0
2022-11-15 00:00:00-05:00,95.92083779463162,99.90727153884093,93.98482357058553,99.30006408691406,181400,0.0,0.0
2022-11-16 00:00:00-05:00,96.85366404612995,97.50487470410808,94.45124632027391,94.79444885253906,175300,0.0,0.0
2022-11-17 00:00:00-05:00,94.12562623142797,95.4720369874799,93.37762100183537,95.34003448486328,108900,0.0,0.0
2022-11-18 00:00:00-05:00,97.02085233127742,97.61045589963543,95.38403741469689,95.91204071044922,91400,0.0,0.0
2022-11-21 00:00:00-05:00,95.87683956685015,97.5928586699394,93.71202135516512,95.4984359741211,107100,0.0,0.0
2022-11-22 00:00:00-05:00,96.77446271888216,101.18330385348496,95.83285460370023,100.76969909667969,173700,0.0,0.0
2022-11-23 00:00:00-05:00,100.02168278491813,102.42410015132829,99.40567333958577,100.88408660888672,130000,0.0,0.0
2022-11-25 00:00:00-05:00,100.40887695253566,101.18328802332977,99.28246817384522,99.43206787109375,43100,0.0,0.0
2022-11-28 00:00:00-05:00,98.99208697429646,100.59370108670332,97.89207709726075,98.15608215332031,172300,0.0,0.0
2022-11-29 00:00:00-05:00,97.99765810679312,98.81606553716591,97.51365118574031,97.68085479736328,92300,0.0,0.0
2022-11-30 00:00:00-05:00,97.36406945754403,99.54649191263687,95.90325989572098,99.31768798828125,145200,0.0,0.0
2022-12-01 00:00:00-05:00,98.87766872641099,100.31207890416933,98.3320615187482,99.88967895507812,127300,0.0,0.0
2022-12-02 00:00:00-05:00,98.5168821613227,102.45932052513444,98.05047904645906,101.72891235351562,163300,0.0,0.0
2022-12-05 00:00:00-05:00,100.18008388113205,100.41768974491929,96.28165580550804,96.70405578613281,155100,0.0,0.0
2022-12-06 00:00:00-05:00,96.70404365080988,96.95924668429514,95.03202771200093,95.50723266601562,244000,0.0,0.0
2022-12-07 00:00:00-05:00,95.26084427897675,97.28486490303838,93.5184258821481,95.20804595947266,301100,0.0,0.0
2022-12-08 00:00:00-05:00,101.16567885372015,102.07208566092189,88.8719708828176,89.60237884521484,513800,0.0,0.0
2022-12-09 00:00:00-05:00,88.37038094979987,90.71120490154897,88.07997676680664,88.70478820800781,284300,0.0,0.0
2022-12-12 00:00:00-05:00,88.29119350955294,91.38001637972853,87.82479040052556,90.94881439208984,244400,0.0,0.0
2022-12-13 00:00:00-05:00,93.21922110501922,94.5392327283053,90.34159872038316,91.04560089111328,229500,0.0,0.0
2022-12-14 00:00:00-05:00,91.18638217914273,92.1279899625591,88.36155882889362,90.21836853027344,137300,0.0,0.0
2022-12-15 00:00:00-05:00,88.88077806511177,89.08318279107064,86.90956268891351,87.74556732177734,152900,0.0,0.0
2022-12-16 00:00:00-05:00,86.19678017035092,87.69279778579376,86.055982382809,86.55758666992188,426300,0.0,0.0
2022-12-19 00:00:00-05:00,86.72475487491867,86.72475487491867,84.3399282824113,84.69193267822266,191500,0.0,0.0
2022-12-20 00:00:00-05:00,84.48954282998227,84.85914445995898,82.35991905122722,82.36872100830078,171800,0.0,0.0
2022-12-21 00:00:00-05:00,83.89993761305753,86.02956152015702,82.91433320705426,85.19355010986328,137300,0.0,0.0
2022-12-22 00:00:00-05:00,83.92636189210663,84.47196253253736,82.16634596518846,84.41036224365234,101300,0.0,0.0
2022-12-23 00:00:00-05:00,84.63034257068249,84.75354311691542,83.17832845987873,84.54234313964844,64200,0.0,0.0
2022-12-27 00:00:00-05:00,85.05274980702066,85.6511553415444,83.86474069531323,84.89434814453125,78200,0.0,0.0
2022-12-28 00:00:00-05:00,84.89435174848235,85.03514950226885,81.84072367270272,82.13992309570312,105600,0.0,0.0
2022-12-29 00:00:00-05:00,82.87913708237876,84.48955301065999,82.86153988003731,84.06714630126953,119100,0.0,0.0
2022-12-30 00:00:00-05:00,83.57434507771501,83.97914787572498,81.53272717118428,81.99913024902344,149400,0.0,0.0
2023-01-03 00:00:00-05:00,82.9407287496067,83.0991304099402,80.80230969206777,81.06631469726562,251100,0.0,0.0
2023-01-04 00:00:00-05:00,82.31591696061187,84.04073116096693,81.33910792518711,82.85272216796875,179400,0.0,0.0
2023-01-05 00:00:00-05:00,82.34231452174703,83.72392624657226,81.61190656995443,83.03752136230469,122000,0.0,0.0
2023-01-06 00:00:00-05:00,84.11994012159707,87.19996733893137,83.20473794241592,86.78636932373047,172200,0.0,0.0
2023-01-09 00:00:00-05:00,87.77198067332016,90.88720925358933,86.50477394064902,90.22720336914062,293500,0.0,0.0
2023-01-10 00:00:00-05:00,89.37359048854562,93.67682811601341,89.32959412667076,93.49202728271484,227400,0.0,0.0
2023-01-11 00:00:00-05:00,93.4656217527893,94.16082867672789,92.70001259793703,93.21041870117188,138100,0.0,0.0
2023-01-12 00:00:00-05:00,94.00654766608129,94.00654766608129,92.0515802167619,93.07772064208984,110600,0.55,0.0
2023-01-13 00:00:00-05:00,92.59119223948176,95.28038029815991,92.59119223948176,94.79385375976562,108000,0.0,0.0
2023-01-17 00:00:00-05:00,94.46654754236349,94.63462390260686,93.1661829107279,93.85617065429688,132900,0.0,0.0
2023-01-18 00:00:00-05:00,93.82078692430467,95.19192127654385,93.6173324584961,93.6173324584961,95100,0.0,0.0
2023-01-19 00:00:00-05:00,93.35193662449977,93.67039350454395,92.08695700348254,93.38732147216797,121700,0.0,0.0
2023-01-20 00:00:00-05:00,93.76772559568462,96.77537097401975,92.80351354368813,96.75767517089844,123400,0.0,0.0
2023-01-23 00:00:00-05:00,96.42152736833094,98.78341086851768,95.46615648657968,98.2349624633789,116400,0.0,0.0
2023-01-24 00:00:00-05:00,97.81919161266399,100.18992283922438,97.81919161266399,100.03953552246094,91600,0.0,0.0
2023-01-25 00:00:00-05:00,99.9599173782651,101.39297349066247,99.47338410736683,101.10990142822266,108400,0.0,0.0
2023-01-26 00:00:00-05:00,101.65837138073998,102.52528355269344,99.79186225196877,101.20722961425781,92200,0.0,0.0
2023-01-27 00:00:00-05:00,101.10105302589886,103.7283191777578,100.88875066736621,103.7017822265625,120300,0.0,0.0
2023-01-30 00:00:00-05:00,103.2683406869854,104.03794614935221,102.06528253267409,102.3306655883789,106300,0.0,0.0
2023-01-31 00:00:00-05:00,102.56950015313598,105.15254062801989,102.56950015313598,103.69294738769531,183800,0.0,0.0
2023-02-01 00:00:00-05:00,103.21525998395248,105.77175670640574,101.85297343564991,104.48023986816406,124800,0.0,0.0
2023-02-02 00:00:00-05:00,105.55946952165286,108.01865993404294,104.9844773553309,107.70020294189453,146100,0.0,0.0
2023-02-03 00:00:00-05:00,106.39096536365913,109.13323401911666,105.30290985107422,105.30290985107422,156500,0.0,0.0
2023-02-06 00:00:00-05:00,104.88715613294858,105.38253060805584,102.622579390777,104.55101013183594,124500,0.0,0.0
2023-02-07 00:00:00-05:00,104.08216861107314,104.08216861107314,100.86221439970399,102.66680145263672,102100,0.0,0.0
2023-02-08 00:00:00-05:00,101.49027297149907,102.00333640849075,96.91688079521414,97.5184097290039,211800,0.0,0.0
2023-02-09 00:00:00-05:00,99.08416715411889,100.5614493125247,98.61532966962834,99.53530883789062,164700,0.0,0.0
2023-02-10 00:00:00-05:00,98.77456104765564,101.3929794667969,97.52727027000272,100.89759826660156,126100,0.0,0.0
2023-02-13 00:00:00-05:00,100.76491577763515,104.1794698565038,99.65916438905941,103.98486328125,92800,0.0,0.0
2023-02-14 00:00:00-05:00,103.02063863045494,103.94062454266648,101.8352764496444,103.16217803955078,77600,0.0,0.0
2023-02-15 00:00:00-05:00,102.23335167862164,104.2237042085542,102.17142986987147,104.02909088134766,62800,0.0,0.0
2023-02-16 00:00:00-05:00,102.64911236125765,104.4536994135059,102.32180752492349,103.42755889892578,102100,0.0,0.0
2023-02-17 00:00:00-05:00,103.34794714064746,104.99330571077023,102.65795936910644,104.8429183959961,87700,0.0,0.0
2023-02-21 00:00:00-05:00,103.06488670793969,104.40947754942738,100.4464679910636,100.84453582763672,179800,0.0,0.0
2023-02-22 00:00:00-05:00,100.64990884668717,103.15333149906499,100.34029982142167,103.06487274169922,117500,0.0,0.0
2023-02-23 00:00:00-05:00,103.72832242028483,104.7279191907198,101.90603964325692,102.92333221435547,83000,0.0,0.0
2023-02-24 00:00:00-05:00,101.2425990855712,102.38373538083749,99.99531497147069,102.34835052490234,74100,0.0,0.0
2023-02-27 00:00:00-05:00,103.46295203515713,104.1706356707582,101.84413027427533,102.73757934570312,97400,0.0,0.0
2023-02-28 00:00:00-05:00,102.75527202110851,105.51522326821498,102.75527202110851,104.0379409790039,139300,0.0,0.0
2023-03-01 00:00:00-05:00,103.64871383855011,105.25868764159725,101.71144193340918,103.20641326904297,131400,0.0,0.0
2023-03-02 00:00:00-05:00,102.38372478746459,104.79868865064122,102.37488363612397,103.16217803955078,130500,0.0,0.0
2023-03-03 00:00:00-05:00,103.72833272994467,107.14289370857377,102.21566557344906,106.56790161132812,128900,0.0,0.0
2023-03-06 00:00:00-05:00,106.50598684135365,106.50598684135365,101.87067839904103,102.3749008178711,218200,0.0,0.0
2023-03-07 00:00:00-05:00,102.48103281786821,103.68409081542954,101.83527781488006,101.92373657226562,87500,0.0,0.0
2023-03-08 00:00:00-05:00,102.31296673036319,103.0648763175155,100.77375595311968,101.9414291381836,81600,0.0,0.0
2023-03-09 00:00:00-05:00,101.98565731583213,102.25103358522671,99.56185229404835,100.15453338623047,127100,0.0,0.0
2023-03-10 00:00:00-05:00,99.68571502850754,99.98647620798594,96.07654038093592,98.16419982910156,178100,0.0,0.0
2023-03-13 00:00:00-04:00,95.85539767676758,97.61575237899268,93.76773806299445,96.60730743408203,217900,0.0,0.0
2023-03-14 00:00:00-04:00,98.90725011874814,101.80874074335078,97.78380965395506,100.91529846191406,218400,0.0,0.0
2023-03-15 00:00:00-04:00,97.72190270824301,100.68531559267657,96.07654381738075,100.5349349975586,267500,0.0,0.0
2023-03-16 00:00:00-04:00,98.63302098427899,104.25908442518332,98.63302098427899,103.86985778808594,157400,0.0,0.0
2023-03-17 00:00:00-04:00,103.40986664284311,104.02023679308293,100.79144828020098,101.92373657226562,394200,0.0,0.0
2023-03-20 00:00:00-04:00,102.9675789701399,105.4621540342822,102.08297778783452,102.25989532470703,193100,0.0,0.0
2023-03-21 00:00:00-04:00,104.38292889268827,106.22290078444796,103.55140170624537,103.59563446044922,125800,0.0,0.0
2023-03-22 00:00:00-04:00,103.28603407810101,105.7452242408463,103.10910979543904,103.84333038330078,195500,0.0,0.0
2023-03-23 00:00:00-04:00,104.25023465573348,105.79828652683806,100.63221952220067,103.02948760986328,268300,0.0,0.0
2023-03-24 00:00:00-04:00,97.57151603932832,99.07533539483993,86.11592633491698,89.98163604736328,787300,0.0,0.0
2023-03-27 00:00:00-04:00,90.50353847421562,91.8923619633732,89.05279317658491,90.07893371582031,333900,0.0,0.0
2023-03-28 00:00:00-04:00,90.37085858411055,92.9185075189333,89.99047981182025,92.31697845458984,158700,0.0,0.0
2023-03-29 00:00:00-04:00,92.88311555906724,93.13965068810687,90.16739045029905,91.35275268554688,147700,0.0,0.0
2023-03-30 00:00:00-04:00,92.14007102285969,92.52044308788302,90.75124055748068,90.91046905517578,130200,0.0,0.0
2023-03-31 00:00:00-04:00,91.4854464805645,94.06848013883244,91.4854464805645,93.405029296875,244000,0.0,0.0
2023-04-03 00:00:00-04:00,93.13081129440572,94.210025815508,91.3969937888044,94.15695190429688,183600,0.0,0.0
2023-04-04 00:00:00-04:00,94.76731343929974,95.10346617673302,91.69775329059536,92.76811981201172,144400,0.0,0.0
2023-04-05 00:00:00-04:00,91.90120318187056,92.63542367821489,89.34470666956018,89.56585693359375,178500,0.0,0.0
2023-04-06 00:00:00-04:00,89.17662507550553,89.7781540283323,87.62857331812472,87.70819091796875,124800,0.0,0.0
2023-04-10 00:00:00-04:00,87.34552801380285,89.61895302085463,86.87669041783464,89.079345703125,143500,0.0,0.0
2023-04-11 00:00:00-04:00,89.23855373064679,91.0166037754156,89.23855373064679,90.26469421386719,102900,0.0,0.0
2023-04-12 00:00:00-04:00,91.13160177352866,91.13160177352866,88.30972887175507,88.75202941894531,135000,0.0,0.0
2023-04-13 00:00:00-04:00,89.31296013848178,89.53555250791713,87.87946473587981,89.39309692382812,106800,0.65,0.0
2023-04-14 00:00:00-04:00,89.98073495702508,91.35190473301186,89.4554202391559,90.24784851074219,79500,0.0,0.0
2023-04-17 00:00:00-04:00,90.3724949320232,92.4114416919525,90.06086699775005,92.25117492675781,145200,0.0,0.0
2023-04-18 00:00:00-04:00,92.74978959609628,94.9490033577282,91.77038450034796,94.6640853881836,183200,0.0,0.0
2023-04-19 00:00:00-04:00,94.37916148478615,95.10926416040209,92.78539935776284,94.01410675048828,152600,0.0,0.0
2023-04-20 00:00:00-04:00,93.47099369507939,94.88667794847828,93.25730012277069,93.9339828491211,115700,0.0,0.0
2023-04-21 00:00:00-04:00,94.02302409651885,94.51273007128984,93.25730573213912,94.3791732788086,126100,0.0,0.0
2023-04-24 00:00:00-04:00,94.34354630580984,96.02634402642042,94.06753394948129,94.6551742553711,200600,0.0,0.0
2023-04-25 00:00:00-04:00,93.6223594700992,95.08256498755344,89.66021089981548,89.91841888427734,195900,0.0,0.0
2023-04-26 00:00:00-04:00,89.41090147856666,91.1471260389426,89.24173589673067,89.82937622070312,176300,0.0,0.0
2023-04-27 00:00:00-04:00,90.08757943489978,90.11428943099294,87.83494585798086,89.93621826171875,94300,0.0,0.0
2023-04-28 00:00:00-04:00,89.6246015533143,91.98407541036255,89.6246015533143,91.87723541259766,101800,0.0,0.0
2023-05-01 00:00:00-04:00,92.21557258827332,94.28122964044309,92.21557258827332,93.74700927734375,113500,0.0,0.0
2023-05-02 00:00:00-04:00,92.84773269342308,93.48879983632042,90.73756127319642,92.2333755493164,244200,0.0,0.0
2023-05-03 00:00:00-04:00,92.09982563405018,94.5928562226938,92.09982563405018,93.05252075195312,174000,0.0,0.0
2023-05-04 00:00:00-04:00,91.97517499495618,91.97517499495618,87.90618652215089,88.992431640625,153100,0.0,0.0
2023-05-05 00:00:00-04:00,90.3012755682718,93.381953308696,90.3012755682718,93.37305450439453,116100,0.0,0.0
2023-05-08 00:00:00-04:00,94.04082041718577,94.92228423937034,92.91004745174554,93.96958923339844,135100,0.0,0.0
2023-05-09 00:00:00-04:00,93.39975779151824,95.86607820889111,93.26620101380941,94.04082489013672,115300,0.0,0.0
2023-05-10 00:00:00-04:00,95.81267443134143,96.0797880319682,92.78541639382254,94.3880844116211,209000,0.0,0.0
2023-05-11 00:00:00-04:00,94.33464600099207,96.15990619692202,94.18328481599735,95.50993347167969,112300,0.0,0.0
2023-05-12 00:00:00-04:00,95.80375117756265,97.11259535206165,95.07364850244494,95.79484558105469,130600,0.0,0.0
2023-05-15 00:00:00-04:00,96.15098849637324,98.37691197073217,95.74141939224873,97.10368347167969,122300,0.0,0.0
2023-05-16 00:00:00-04:00,96.43591309620759,96.93452460816009,95.13597451247176,95.1537857055664,177600,0.0,0.0
2023-05-17 00:00:00-04:00,95.66129591188249,97.57558479560156,94.78873086169655,97.0502700805664,212300,0.0,0.0
2023-05-18 00:00:00-04:00,96.58728979152495,98.1454364720612,96.58728979152495,97.30848693847656,188300,0.0,0.0
2023-05-19 00:00:00-04:00,97.32628873164957,97.4865555147856,91.07589777530491,92.0374984741211,232200,0.0,0.0
2023-05-22 00:00:00-04:00,92.17995116227692,93.66686656331578,91.85941760609154,93.09703063964844,116400,0.0,0.0
2023-05-23 00:00:00-04:00,92.51829735453924,94.13876956141607,91.70805785461076,93.67577362060547,179800,0.0,0.0
2023-05-24 00:00:00-04:00,94.03192982544093,94.05863982537835,90.45264038825322,91.34300994873047,138400,0.0,0.0
2023-05-25 00:00:00-04:00,91.07589397359841,92.31350699444032,90.43482686781383,91.37861633300781,208300,0.0,0.0
2023-05-26 00:00:00-04:00,90.666333847118,94.8154524607987,90.666333847118,94.3791732788086,159200,0.0,0.0
2023-05-30 00:00:00-04:00,94.62846044880422,94.62846044880422,90.19442456104278,90.20332336425781,183800,0.0,0.0
2023-05-31 00:00:00-04:00,89.92731761365614,89.92731761365614,87.34524475922248,88.98352813720703,231200,0.0,0.0
2023-06-01 00:00:00-04:00,88.87668834269884,88.87668834269884,85.68026491403117,85.71587371826172,260600,0.0,0.0
2023-06-02 00:00:00-04:00,87.32743701689776,89.19721149753329,86.63294993491712,88.84996795654297,371000,0.0,0.0
2023-06-05 00:00:00-04:00,87.91507430641016,88.7965449199234,85.03027929822204,88.19109344482422,269300,0.0,0.0
2023-06-06 00:00:00-04:00,88.84107294415566,93.72030108530262,88.84107294415566,92.04640197753906,291000,0.0,0.0
2023-06-07 00:00:00-04:00,93.38194990386619,96.09757957248353,93.14155312986438,95.45651245117188,400700,0.0,0.0
2023-06-08 00:00:00-04:00,87.82604975678201,91.63683025227482,85.80491391579173,89.92732238769531,803100,0.0,0.0
2023-06-09 00:00:00-04:00,90.2656611184859,90.2656611184859,86.23228820709159,88.17329406738281,393800,0.0,0.0
2023-06-12 00:00:00-04:00,89.01913964234544,90.8087773266491,87.54112311061394,89.66910552978516,259300,0.0,0.0
2023-06-13 00:00:00-04:00,89.40199511407853,90.0964821623048,87.77261747448341,89.713623046875,233100,0.0,0.0
2023-06-14 00:00:00-04:00,89.91841432680857,91.63682774162776,89.2061227992392,90.34579467773438,242500,0.0,0.0
2023-06-15 00:00:00-04:00,89.8917074469701,91.38752853763123,89.10818470156873,91.32520294189453,183000,0.0,0.0
2023-06-16 00:00:00-04:00,91.91283952391616,91.91283952391616,87.27400880185907,88.15547943115234,427800,0.0,0.0
2023-06-20 00:00:00-04:00,88.22671304245333,89.48213733434186,86.77541316101107,88.119873046875,367700,0.0,0.0
2023-06-21 00:00:00-04:00,88.07535690155318,90.2033396465414,88.03084249850427,89.5889892578125,187300,0.0,0.0
2023-06-22 00:00:00-04:00,89.47323027833401,89.52665706823254,86.3124225893664,86.49049377441406,275500,0.0,0.0
2023-06-23 00:00:00-04:00,85.51997920391644,86.01858386860732,83.07146347941364,83.1337890625,548500,0.0,0.0
2023-06-26 00:00:00-04:00,83.81047526301607,86.4281636628714,83.81047526301607,85.36862182617188,303100,0.0,0.0
2023-06-27 00:00:00-04:00,85.60902476528419,87.33633689498117,85.06589885233899,85.95626831054688,190900,0.0,0.0
2023-06-28 00:00:00-04:00,85.60012426665159,85.60012426665159,83.24954930043079,85.43985748291016,346400,0.0,0.0
2023-06-29 00:00:00-04:00,85.61791695396363,87.34522881316012,85.61791695396363,86.97127532958984,190300,0.0,0.0
2023-06-30 00:00:00-04:00,87.36305071809927,88.24451454975738,87.00690158831448,87.63015747070312,181100,0.0,0.0
2023-07-03 00:00:00-04:00,87.94179193296675,92.50939178466797,87.94179193296675,92.50939178466797,151400,0.0,0.0
2023-07-05 00:00:00-04:00,91.26287649856882,91.43204888241745,88.77874470359646,89.6067886352539,264900,0.0,0.0
2023-07-06 00:00:00-04:00,88.45821724654601,89.08148003419764,87.09595286320788,88.47602844238281,170200,0.0,0.0
2023-07-07 00:00:00-04:00,88.39588393171957,89.6869237979687,88.29794274210825,88.70751190185547,152200,0.0,0.0
2023-07-10 00:00:00-04:00,88.46710622478533,91.28957565938438,88.46710622478533,90.23003387451172,203800,0.0,0.0
2023-07-11 00:00:00-04:00,90.23893816219771,92.32240610972868,89.91840463180834,92.25117492675781,145100,0.0,0.0
2023-07-12 00:00:00-04:00,93.71138995291633,93.98740232439216,92.58952247994911,92.85663604736328,157800,0.0,0.0
2023-07-13 00:00:00-04:00,92.54304874232591,93.08061953856706,91.37830632081713,92.50720977783203,122700,0.65,0.0
2023-07-14 00:00:00-04:00,92.50720243393874,92.79390729154555,89.94477477851036,91.17223358154297,114900,0.0,0.0
2023-07-17 00:00:00-04:00,91.6918914506518,93.73467147423403,90.67050485665254,93.63611602783203,161400,0.0,0.0
2023-07-18 00:00:00-04:00,93.46588001531349,95.35634267306158,93.45691856527947,94.98899841308594,200900,0.0,0.0
2023-07-19 00:00:00-04:00,94.75606829774875,96.8525967426332,94.0661800984569,96.74508666992188,222100,0.0,0.0
2023-07-20 00:00:00-04:00,96.9242674042359,98.25028183131975,96.0731141597833,98.10692596435547,173600,0.0,0.0
2023-07-21 00:00:00-04:00,98.81472292343692,99.55836604865941,95.58032989501953,95.58032989501953,197300,0.0,0.0
2023-07-24 00:00:00-04:00,95.8222392667129,97.24680911183364,95.8222392667129,95.92975616455078,218200,0.0,0.0
2023-07-25 00:00:00-04:00,95.72368875436813,96.3687765034858,93.93178137818975,94.29912567138672,170100,0.0,0.0
2023-07-26 00:00:00-04:00,94.48727117292654,95.75056910136512,92.65057029052898,93.76155090332031,147000,0.0,0.0
2023-07-27 00:00:00-04:00,94.49622167945314,95.63407967628994,93.75257859503171,94.6574935913086,165900,0.0,0.0
2023-07-28 00:00:00-04:00,95.79535805787984,96.99593944623928,95.52657607702339,95.96559143066406,106000,0.0,0.0
2023-07-31 00:00:00-04:00,96.65547095886716,97.62310247791339,95.36530243572226,96.62859344482422,282400,0.0,0.0
2023-08-01 00:00:00-04:00,95.75952387092156,97.38120462933972,95.0248421496591,95.05171966552734,169700,0.0,0.0
2023-08-02 00:00:00-04:00,93.69883806240449,95.66993343610831,93.21502225200429,95.20404052734375,133800,0.0,0.0
2023-08-03 00:00:00-04:00,94.73812921307454,95.41905584480361,93.48379283954732,94.19159698486328,151900,0.0,0.0
2023-08-04 00:00:00-04:00,94.34391672096031,95.9566290980158,94.12888293555278,94.96212005615234,144500,0.0,0.0
2023-08-07 00:00:00-04:00,95.83119631909068,96.57483944827759,95.15923111850616,96.22541809082031,113600,0.0,0.0
2023-08-08 00:00:00-04:00,95.17714212997706,95.41904656431473,92.48928166337664,95.11442565917969,179600,0.0,0.0
2023-08-09 00:00:00-04:00,95.39219082250004,95.78641263495203,94.14681573561859,95.23091888427734,137900,0.0,0.0
2023-08-10 00:00:00-04:00,95.75952456122326,96.61068463816244,94.57686600540742,95.26675415039062,196000,0.0,0.0
2023-08-11 00:00:00-04:00,94.88148912449428,95.56241578534727,93.93177364510932,94.01241302490234,201200,0.0,0.0
2023-08-14 00:00:00-04:00,93.61819155609021,94.0751298148687,92.43553305469807,92.89247131347656,161900,0.0,0.0
2023-08-15 00:00:00-04:00,92.28321997624256,93.74362187039635,91.76356525234117,93.02686309814453,126500,0.0,0.0
2023-08-16 00:00:00-04:00,92.72223014495783,94.47829826695751,91.33350625624749,91.41413879394531,116600,0.0,0.0
2023-08-17 00:00:00-04:00,91.36936367940359,92.49826044876534,90.94826433589913,91.20809173583984,115600,0.0,0.0
2023-08-18 00:00:00-04:00,90.76011308439209,91.8083772790906,90.76011308439209,91.3693618774414,92500,0.0,0.0
2023-08-21 00:00:00-04:00,91.36934894712094,91.88004221346516,90.1687675973746,90.66154479980469,182800,0.0,0.0
2023-08-22 00:00:00-04:00,91.09160834925432,92.6326497614532,90.48235957781718,92.55201721191406,231200,0.0,0.0
2023-08-23 00:00:00-04:00,91.4768611221709,92.05923232883742,89.34449401662931,91.5754165649414,259200,0.0,0.0
2023-08-24 00:00:00-04:00,91.80836508569318,93.60027225836811,89.45200277885228,89.71183013916016,216100,0.0,0.0
2023-08-25 00:00:00-04:00,90.56299318722817,91.83524568198982,89.53264516124034,90.91241455078125,231100,0.0,0.0
2023-08-28 00:00:00-04:00,91.42310309703369,93.17020982418502,90.68842144310553,91.35142517089844,184600,0.0,0.0
2023-08-29 00:00:00-04:00,91.2080973601056,92.35491710257229,90.60780313363347,92.08612823486328,161500,0.0,0.0
2023-08-30 00:00:00-04:00,91.57541099991663,92.23841470915009,90.72425786653243,90.79592895507812,213700,0.0,0.0
2023-08-31 00:00:00-04:00,90.92138306762699,91.906930755161,90.34796641981998,90.48236083984375,196100,0.0,0.0
2023-09-01 00:00:00-04:00,87.78553999329485,92.65952310996695,85.626288456087,91.46790313720703,548300,0.0,0.0
2023-09-05 00:00:00-04:00,90.07021718408947,90.36588352204991,87.89304959329804,88.1259994506836,303600,0.0,0.0
2023-09-06 00:00:00-04:00,88.00953608726873,89.25491119939235,85.1245640425791,85.52774047851562,188100,0.0,0.0
2023-09-07 00:00:00-04:00,85.42917458723075,86.84478291899123,84.9632817218276,86.5670394897461,197500,0.0,0.0
2023-09-08 00:00:00-04:00,86.36991493931748,86.49534787691185,85.24101166538581,85.42916107177734,131100,0.0,0.0
2023-09-11 00:00:00-04:00,86.63870921842117,86.80894258751422,84.999119347556,85.42021179199219,143800,0.0,0.0
2023-09-12 00:00:00-04:00,84.70344682597346,85.23205612309722,81.97974729767158,82.77714538574219,279100,0.0,0.0
2023-09-13 00:00:00-04:00,83.02801943497596,83.65519106360419,81.5586560607711,83.4222412109375,224800,0.0,0.0
2023-09-14 00:00:00-04:00,84.0494090619109,86.13698269062779,83.75374955476647,86.12802124023438,216300,0.0,0.0
2023-09-15 00:00:00-04:00,86.02946437793072,88.59189230160288,85.98467079786792,87.624267578125,477200,0.0,0.0
2023-09-18 00:00:00-04:00,87.54362673329713,87.54362673329713,85.5008535887126,86.19073486328125,148800,0.0,0.0
2023-09-19 00:00:00-04:00,86.3788930830811,88.29623331184152,86.16385928943009,87.79449462890625,131100,0.0,0.0
2023-09-20 00:00:00-04:00,87.78552482233924,89.23696508259177,87.5436135552421,87.57945251464844,169900,0.0,0.0
2023-09-21 00:00:00-04:00,86.87166053553669,87.04189390751091,85.5635690952923,85.87715148925781,193600,0.0,0.0
2023-09-22 00:00:00-04:00,85.7606877716873,86.57600207005623,84.15692985620608,84.18380737304688,111200,0.0,0.0
2023-09-25 00:00:00-04:00,83.52080828737775,85.15144381198597,83.395375311299,84.24652862548828,127900,0.0,0.0
2023-09-26 00:00:00-04:00,83.78957948244849,84.57802304232995,83.4491195678711,83.4491195678711,94200,0.0,0.0
2023-09-27 00:00:00-04:00,84.21963332127011,85.02599287976058,83.13553035091522,84.16587829589844,111800,0.0,0.0
2023-09-28 00:00:00-04:00,83.77166744037763,86.95230567635818,83.77166744037763,86.72831726074219,133800,0.0,0.0
2023-09-29 00:00:00-04:00,87.42715812392643,88.17080128815185,85.73380628551386,86.12802124023438,133700,0.0,0.0
2023-10-02 00:00:00-04:00,86.25346165151561,87.7765870774803,85.68901326849844,86.81791687011719,143500,0.0,0.0
2023-10-03 00:00:00-04:00,86.00257863837736,86.64766628272889,83.377434485192,84.3092269897461,134300,0.0,0.0
2023-10-04 00:00:00-04:00,84.39882971155308,85.52773320600157,83.09073822427696,84.9095230102539,167100,0.0,0.0
2023-10-05 00:00:00-04:00,84.64074685540757,84.98120679948188,83.19826085628645,84.06733703613281,128800,0.0,0.0
2023-10-06 00:00:00-04:00,83.15344602404079,84.77512658283617,82.90258012603923,83.8074951171875,95900,0.0,0.0
2023-10-09 00:00:00-04:00,82.91155242919922,83.4939236747016,82.28438076651051,82.91155242919922,141500,0.0,0.0
2023-10-10 00:00:00-04:00,83.18929574353966,84.91848657618291,83.01906919678764,84.1031723022461,96100,0.0,0.0
2023-10-11 00:00:00-04:00,83.91503209403545,85.25000127692529,82.96531646418367,83.36849975585938,111100,0.0,0.0
2023-10-12 00:00:00-04:00,83.9729920964275,83.9729920964275,81.87073330212884,82.47525024414062,200300,0.65,0.0
2023-10-13 00:00:00-04:00,82.24968909414193,82.31284676093314,80.39103640175749,81.09479522705078,131900,0.0,0.0
2023-10-16 00:00:00-04:00,81.6361480946796,84.06321271337781,81.35644397777219,83.85569763183594,126100,0.0,0.0
2023-10-17 00:00:00-04:00,83.6481879972983,88.16849437953037,83.6481879972983,85.64217376708984,279900,0.0,0.0
2023-10-18 00:00:00-04:00,84.83915257996944,85.8406575503833,83.98201191115376,85.26321411132812,131000,0.0,0.0
2023-10-19 00:00:00-04:00,84.49631896749887,85.10985363645722,81.87074936126415,82.0963134765625,183200,0.0,0.0
2023-10-20 00:00:00-04:00,82.51132764875956,82.7459161907803,80.20155395399713,80.59854888916016,168000,0.0,0.0
2023-10-23 00:00:00-04:00,80.95945515553473,81.13990364942421,79.3624577615707,80.70681762695312,150800,0.0,0.0
2023-10-24 00:00:00-04:00,81.4466670079252,81.54591574410713,79.64215454449905,79.91283416748047,82600,0.0,0.0
2023-10-25 00:00:00-04:00,79.4346495828337,80.5263789362086,78.30682914955347,80.17449951171875,108900,0.0,0.0
2023-10-26 00:00:00-04:00,80.3008170239606,80.67976304772326,79.0376567277486,79.40758514404297,67200,0.0,0.0
2023-10-27 00:00:00-04:00,79.07374645805537,79.82262088532164,76.62863256029712,77.50382232666016,159000,0.0,0.0
2023-10-30 00:00:00-04:00,78.66772858972189,78.66772858972189,76.81810043089529,77.29629516601562,143400,0.0,0.0
2023-10-31 00:00:00-04:00,76.95344399252106,77.18803256812869,75.92487231657857,76.15043640136719,133500,0.0,0.0
2023-11-01 00:00:00-04:00,75.56396188707878,75.88877469185407,74.28275964805901,75.60907745361328,146600,0.0,0.0
2023-11-02 00:00:00-04:00,76.69178622994643,77.69329128317221,76.24065807565263,77.53990936279297,97800,0.0,0.0
2023-11-03 00:00:00-04:00,78.54143161192347,81.20308555153316,78.34293407918794,79.93090057373047,214300,0.0,0.0
2023-11-06 00:00:00-05:00,78.68577831059888,78.94743348762682,77.96397733462824,78.16246795654297,137300,0.0,0.0
2023-11-07 00:00:00-05:00,78.1444192627695,78.59554741605479,76.95344121344314,77.38652038574219,108300,0.0,0.0
2023-11-08 00:00:00-05:00,77.63915907314508,78.17148699767183,76.98953342149454,77.63013458251953,165100,0.0,0.0
2023-11-09 00:00:00-05:00,78.36997451047135,78.36997451047135,75.82561228792984,76.1955337524414,120400,0.0,0.0
2023-11-10 00:00:00-05:00,76.13239032679907,78.29780700018875,75.54592919089069,77.44066619873047,111700,0.0,0.0
2023-11-13 00:00:00-05:00,76.69179653579003,76.94442723475598,76.12337746311664,76.3850326538086,97600,0.0,0.0
2023-11-14 00:00:00-05:00,78.95644967106347,81.71735170889642,78.34291512002623,81.38351440429688,145200,0.0,0.0
2023-11-15 00:00:00-05:00,81.9158487292395,85.17299446035543,81.9158487292395,84.52336883544922,275000,0.0,0.0
2023-11-16 00:00:00-05:00,84.07223853714709,84.25268703558292,81.89779764754985,83.08877563476562,127900,0.0,0.0
2023-11-17 00:00:00-05:00,84.45117705118328,86.26471389997914,83.77448491634419,85.29027557373047,161200,0.0,0.0
2023-11-20 00:00:00-05:00,85.29027109637087,86.21057620629438,84.40606394145236,86.03012084960938,137500,0.0,0.0
2023-11-21 00:00:00-05:00,84.98352548063936,86.10232139655571,84.0542025669909,84.25269317626953,171600,0.0,0.0
2023-11-22 00:00:00-05:00,85.1188631375021,85.41660939341739,83.95495847105116,84.29781341552734,104900,0.0,0.0
2023-11-24 00:00:00-05:00,84.21660465285957,85.35344958463513,84.21660465285957,85.29931640625,51900,0.0,0.0
2023-11-27 00:00:00-05:00,85.13690995398031,85.94894204778672,84.32487786017391,85.84969329833984,128700,0.0,0.0
2023-11-28 00:00:00-05:00,85.7413947573751,85.7413947573751,84.13538002556614,84.41507720947266,100300,0.0,0.0
2023-11-29 00:00:00-05:00,85.36246326513064,85.53389415319948,82.27674858190437,82.9083251953125,205400,0.0,0.0
2023-11-30 00:00:00-05:00,82.95345057350667,83.09780800921835,81.04066464372198,81.5910415649414,204900,0.0,0.0
2023-12-01 00:00:00-05:00,81.20307140546052,84.53239953585869,81.20307140546052,84.50533294677734,241200,0.0,0.0
2023-12-04 00:00:00-05:00,84.15343647482018,85.43464556719076,82.94441641739797,83.37750244140625,225500,0.0,0.0
2023-12-05 00:00:00-05:00,83.41358169492682,83.41358169492682,79.29027119764878,79.31734466552734,208500,0.0,0.0
2023-12-06 00:00:00-05:00,79.75945375684529,83.30532108936217,79.64215603897351,82.44817352294922,335800,0.0,0.0
2023-12-07 00:00:00-05:00,81.0135934885743,86.41810676382626,79.15494772515156,85.63314819335938,349700,0.0,0.0
2023-12-08 00:00:00-05:00,85.14593766887938,85.14593766887938,82.65570811480676,84.07225036621094,205000,0.0,0.0
2023-12-11 00:00:00-05:00,84.83915371179894,87.75344441525529,84.60456516040666,87.2391586303711,192000,0.0,0.0
2023-12-12 00:00:00-05:00,86.48127545727705,87.04970140070205,85.47075268437948,86.61661529541016,138500,0.0,0.0
2023-12-13 00:00:00-05:00,86.61660548174467,88.30382725414546,84.56848669343876,88.24968719482422,180000,0.0,0.0
2023-12-14 00:00:00-05:00,89.53991245455992,92.670742887925,88.92637790090048,92.16548156738281,249200,0.0,0.0
2023-12-15 00:00:00-05:00,92.48127046528629,92.74292561752107,90.27074529055935,90.91134643554688,440900,0.0,0.0
2023-12-18 00:00:00-05:00,91.0647309290136,91.82262293594985,90.21660778286827,90.62262725830078,138900,0.0,0.0
2023-12-19 00:00:00-05:00,91.76848807203667,92.12939197122881,90.57751002327116,91.86773681640625,144200,0.0,0.0
2023-12-20 00:00:00-05:00,91.80458426678508,93.24819306033964,90.65872172293325,91.05570983886719,182100,0.0,0.0
2023-12-21 00:00:00-05:00,92.26473600740692,92.65270651211408,91.10984898418646,91.2000732421875,231800,0.0,0.0
2023-12-22 00:00:00-05:00,91.68728977848174,92.40909070476786,89.10683615084436,92.12036895751953,136000,0.0,0.0
2023-12-26 00:00:00-05:00,92.58052169826148,93.35646268543206,92.03014479146212,93.13992309570312,91400,0.0,0.0
2023-12-27 00:00:00-05:00,92.90533789272662,93.30233289134621,92.11134789548743,92.78804016113281,75000,0.0,0.0
2023-12-28 00:00:00-05:00,92.24668076692224,93.2842768727103,91.61510412009605,92.8692398071289,104500,0.0,0.0
2023-12-29 00:00:00-05:00,92.90532622116851,93.45570307877729,90.20758198847004,90.22562408447266,144000,0.0,0.0
2024-01-02 00:00:00-05:00,89.44969213847436,90.83014322403929,89.07977062213261,90.2436752319336,175500,0.0,0.0
2024-01-03 00:00:00-05:00,89.6481956884856,89.75646893368142,86.9414265116199,86.99555969238281,181400,0.0,0.0
2024-01-04 00:00:00-05:00,86.9775225433991,88.13240968986798,85.71436214557238,88.06925201416016,205200,0.0,0.0
2024-01-05 00:00:00-05:00,87.54592907320593,89.85570303498865,87.2030741519005,87.46472930908203,172800,0.0,0.0
2024-01-08 00:00:00-05:00,87.8075820130416,90.31585340201333,87.31133829925112,89.96397399902344,178600,0.0,0.0
2024-01-09 00:00:00-05:00,88.7820247552103,89.86472960391902,87.51886450927043,88.1143569946289,138400,0.0,0.0
2024-01-10 00:00:00-05:00,87.85271357054981,88.29481730641972,87.15797224479807,87.52790069580078,205200,0.0,0.0
2024-01-11 00:00:00-05:00,87.07676172039874,87.41059216225874,85.30834011151812,87.18502807617188,153700,0.0,0.0
2024-01-12 00:00:00-05:00,87.72639270660453,89.05270383089734,86.13841951688225,86.29180145263672,123900,0.0,0.0
2024-01-16 00:00:00-05:00,85.40758697135486,87.16698405045656,84.78502790474836,87.00457763671875,161800,0.0,0.0
2024-01-17 00:00:00-05:00,85.93991885365269,86.85119971065701,84.96548032638091,86.73390197753906,159200,0.0,0.0
2024-01-18 00:00:00-05:00,87.4333641857155,87.4333641857155,85.39855328703305,87.42427825927734,130500,0.65,0.0
2024-01-19 00:00:00-05:00,87.6786391738389,88.35085919951636,86.73391062794744,87.89665985107422,128200,0.0,0.0
2024-01-22 00:00:00-05:00,88.56887214779739,89.63169695024328,87.89665905871179,88.88681030273438,205500,0.0,0.0
2024-01-23 00:00:00-05:00,90.14040241690977,90.18581819175984,87.04275964811914,87.26985931396484,138700,0.0,0.0
2024-01-24 00:00:00-05:00,88.14190481829873,88.16007666928701,86.15250989744196,86.39778137207031,104300,0.0,0.0
2024-01-25 00:00:00-05:00,87.15177158691375,87.68772348151958,86.47047257683603,87.58779907226562,109200,0.0,0.0
2024-01-26 00:00:00-05:00,88.31451290466215,88.99581185391985,87.55145447761726,87.72405242919922,89700,0.0,0.0
2024-01-29 00:00:00-05:00,87.81488984307515,90.30390696430355,87.31527477796861,89.9859619140625,92000,0.0,0.0
2024-01-30 00:00:00-05:00,89.30466664129061,90.44925084979198,89.01397935839692,89.34100341796875,124500,0.0,0.0
2024-01-31 00:00:00-05:00,88.8232103349657,89.88603498979437,85.97992532924862,86.2342758178711,138200,0.0,0.0
2024-02-01 00:00:00-05:00,87.16993436410174,88.56886912866966,86.02535011481311,88.11466979980469,123600,0.0,0.0
2024-02-02 00:00:00-05:00,86.75206948112185,88.55978082086027,85.69832373982689,87.35161590576172,138500,0.0,0.0
2024-02-05 00:00:00-05:00,86.37053721465763,87.33343747568881,84.78083972607088,87.08817291259766,177700,0.0,0.0
2024-02-06 00:00:00-05:00,86.73391136287796,87.86940974360486,86.2978769352447,86.48863983154297,85100,0.0,0.0
2024-02-07 00:00:00-05:00,86.2615229700053,86.34328244100585,84.88076026355701,85.87999725341797,89400,0.0,0.0
2024-02-08 00:00:00-05:00,86.19794649274502,87.88756851950042,86.07985716440271,87.7967300415039,142300,0.0,0.0
2024-02-09 00:00:00-05:00,87.77855887681764,89.69528057888014,87.25169292808827,89.23200225830078,117800,0.0,0.0
2024-02-12 00:00:00-05:00,89.33191809399803,92.52039923107414,89.33191809399803,91.33948516845703,147100,0.0,0.0
2024-02-13 00:00:00-05:00,88.05107814537637,88.69604033121378,86.64305751805557,87.04275512695312,133400,0.0,0.0
2024-02-14 00:00:00-05:00,88.359938630448,90.15857110854631,87.06092821030256,89.90422058105469,113000,0.0,0.0
2024-02-15 00:00:00-05:00,91.0578774018283,91.43941009644452,90.08589113778517,90.49467468261719,152300,0.0,0.0
2024-02-16 00:00:00-05:00,89.64077017297582,90.93069446477577,89.45909323319844,90.50374603271484,113400,0.0,0.0
2024-02-20 00:00:00-05:00,89.64077707074937,90.52192485058822,89.20474267898783,90.48558807373047,112000,0.0,0.0
2024-02-21 00:00:00-05:00,90.53100913020587,91.43032181684468,89.48634933878068,90.17672729492188,153900,0.0,0.0
2024-02-22 00:00:00-05:00,90.38565893032849,90.62184450225296,89.895122864269,90.40382385253906,147200,0.0,0.0
2024-02-23 00:00:00-05:00,90.80352289913318,91.57566032026159,89.86787345336911,90.85802459716797,120400,0.0,0.0
2024-02-26 00:00:00-05:00,90.83986701182138,92.45681553574671,90.60368141704173,91.9935302734375,97700,0.0,0.0
2024-02-27 00:00:00-05:00,92.820177100181,94.6823971603862,92.820177100181,93.85575103759766,171300,0.0,0.0
2024-02-28 00:00:00-05:00,92.73841891186026,92.76567669420021,90.74903049402795,91.59384155273438,91500,0.0,0.0
2024-02-29 00:00:00-05:00,92.35688192651374,92.41139055405205,90.92161050738859,92.10253143310547,155600,0.0,0.0
2024-03-01 00:00:00-05:00,92.43864556386,93.18353215545866,91.29406136146595,92.60215759277344,126700,0.0,0.0
2024-03-04 00:00:00-05:00,92.38414594528761,92.38414594528761,87.45154067754493,88.48712158203125,241200,0.0,0.0
2024-03-05 00:00:00-05:00,88.16917647186277,89.46818690286703,88.00566442703244,88.49620056152344,153200,0.0,0.0
2024-03-06 00:00:00-05:00,91.14871484351502,94.77323035272214,90.66726468042287,94.6097183227539,413000,0.0,0.0
2024-03-07 00:00:00-05:00,94.78231568255033,95.77247385533663,93.77399951598862,95.01850128173828,249300,0.0,0.0
2024-03-08 00:00:00-05:00,96.24483241721218,98.20697679161776,95.78155410425383,96.04499053955078,285000,0.0,0.0
2024-03-11 00:00:00-04:00,95.79971729812523,96.37200593173023,94.81864512863258,95.3091812133789,186400,0.0,0.0
2024-03-12 00:00:00-04:00,95.89056159871576,97.19865790416823,95.20018359797751,96.55369567871094,172400,0.0,0.0
2024-03-13 00:00:00-04:00,96.20849061621826,97.4893289260264,95.84512982197478,96.68085479736328,169400,0.0,0.0
2024-03-14 00:00:00-04:00,96.96246092839768,97.23498327022489,94.54612434835592,95.2001724243164,186400,0.0,0.0
2024-03-15 00:00:00-04:00,95.14566497194441,96.98971297354598,95.14566497194441,96.36292266845703,813000,0.0,0.0
2024-03-18 00:00:00-04:00,95.69071084446978,96.43560439373924,93.15628469976983,94.09193420410156,195000,0.0,0.0
2024-03-19 00:00:00-04:00,93.9556684216613,97.11689863093898,93.9556684216613,96.86254119873047,186400,0.0,0.0
2024-03-20 00:00:00-04:00,96.9715654574862,100.9140126609055,96.72630084721533,100.40531158447266,254900,0.0,0.0
2024-03-21 00:00:00-04:00,100.47797654911884,101.6952274294328,99.37881499986267,101.5317153930664,171200,0.0,0.0
2024-03-22 00:00:00-04:00,100.96852102213415,101.06844543766503,99.26981288864164,99.68767547607422,175100,0.0,0.0
2024-03-25 00:00:00-04:00,100.24178343683671,101.73155657618331,99.46964601823521,99.53323364257812,199200,0.0,0.0
2024-03-26 00:00:00-04:00,99.7239948604916,100.14185737502856,98.14338327410722,98.21605682373047,192500,0.0,0.0
2024-03-27 00:00:00-04:00,99.32429534836615,102.38560099439829,99.32429534836615,102.16758728027344,254600,0.0,0.0
2024-03-28 00:00:00-04:00,102.34019712956426,103.44843768142675,101.3500389788639,102.10401153564453,308300,0.0,0.0
2024-04-01 00:00:00-04:00,91.70283355810793,99.86934175373254,90.76718413286483,98.36139678955078,835100,0.0,0.0
2024-04-02 00:00:00-04:00,97.12598607108698,99.2153058259892,94.97308561576922,95.87239837646484,455400,0.0,0.0
2024-04-03 00:00:00-04:00,95.38185585345262,96.0359039739042,94.309945196164,95.03666687011719,283200,0.0,0.0
2024-04-04 00:00:00-04:00,96.45377333808102,96.45377333808102,94.80048799681704,95.17292785644531,234900,0.0,0.0
2024-04-05 00:00:00-04:00,94.91855498285977,96.2902386245696,94.24634204999147,95.89054107666016,390900,0.0,0.0
2024-04-08 00:00:00-04:00,95.72704198610758,98.63392166482414,95.44544063783907,98.54308319091797,322200,0.0,0.0
2024-04-09 00:00:00-04:00,99.25163307247081,100.0510213462521,98.02529634739187,99.96926879882812,178300,0.0,0.0
2024-04-10 00:00:00-04:00,97.870849967315,98.78833436959492,96.72627287632501,97.58924865722656,223400,0.0,0.0
2024-04-11 00:00:00-04:00,98.02529414844504,99.16987136989302,97.51658623060368,99.07903289794922,173700,0.0,0.0
2024-04-12 00:00:00-04:00,97.84361330647178,98.80651361387511,95.4181906846928,95.42727661132812,306200,0.0,0.0
2024-04-15 00:00:00-04:00,95.8996470277352,95.8996470277352,92.3205540608741,93.1290283203125,334700,0.0,0.0
2024-04-16 00:00:00-04:00,92.37504150866927,93.74671819170608,92.0298456587279,93.57412719726562,228000,0.0,0.0
2024-04-17 00:00:00-04:00,94.52795830394882,95.39094115240448,92.80200646810046,93.0381851196289,229700,0.0,0.0
2024-04-18 00:00:00-04:00,93.58680928562269,95.68074071835787,93.23020157634397,94.29088592529297,189300,0.67,0.0
2024-04-19 00:00:00-04:00,93.76968772824118,96.36652402105871,93.76968772824118,95.75389099121094,223100,0.0,0.0
2024-04-22 00:00:00-04:00,96.0647808492804,97.10717371126208,94.92180560797003,94.95838165283203,220200,0.0,0.0
2024-04-23 00:00:00-04:00,94.8760880518644,99.14624175615188,94.8760880518644,98.5427474975586,234700,0.0,0.0
2024-04-24 00:00:00-04:00,98.167866017829,99.2102589640584,97.08889702378147,98.0672836303711,163100,0.0,0.0
2024-04-25 00:00:00-04:00,96.82371426300293,97.38148671684536,95.36985316198763,96.6957015991211,179700,0.0,0.0
2024-04-26 00:00:00-04:00,97.11632671505537,98.81707455915843,97.10718095911544,97.57351684570312,165100,0.0,0.0
2024-04-29 00:00:00-04:00,98.4787455919127,101.34989888637894,97.57351113949623,100.52696228027344,302100,0.0,0.0
2024-04-30 00:00:00-04:00,99.49369791288106,101.13043915310905,98.35072277105982,98.55188751220703,237400,0.0,0.0
2024-05-01 00:00:00-04:00,98.86278204708832,99.51199110146075,96.56768597024583,98.39644622802734,177600,0.0,0.0
2024-05-02 00:00:00-04:00,99.91431717131856,100.2892163860702,98.48788635184157,99.52113342285156,174600,0.0,0.0
2024-05-03 00:00:00-04:00,101.22188566346591,101.24932292953154,98.77134644081904,99.50285339355469,132700,0.0,0.0
2024-05-06 00:00:00-04:00,100.408083514304,100.72812215243948,99.28339981993382,99.4388427734375,176900,0.0,0.0
2024-05-07 00:00:00-04:00,99.55771555247168,101.05729855081458,98.37816423496402,98.40560150146484,182800,0.0,0.0
2024-05-08 00:00:00-04:00,97.49122212152987,99.05481146947031,97.45464607538204,97.59180450439453,152400,0.0,0.0
2024-05-09 00:00:00-04:00,98.0855553047103,100.76468941461813,97.61008069775691,100.65496826171875,119600,0.0,0.0
2024-05-10 00:00:00-04:00,100.82870474541271,100.82870474541271,99.35655899533563,99.88689422607422,104000,0.0,0.0
2024-05-13 00:00:00-04:00,100.95671329674047,101.91680824558973,99.49369951077955,99.70401000976562,130500,0.0,0.0
2024-05-14 00:00:00-04:00,101.72479873241224,101.72479873241224,98.04899334435918,98.32330322265625,187400,0.0,0.0
2024-05-15 00:00:00-04:00,98.97251658233616,98.97251658233616,96.32995821056939,97.44550323486328,178100,0.0,0.0
2024-05-16 00:00:00-04:00,97.35405912090926,98.67076881573038,97.0980337860645,98.14042663574219,164500,0.0,0.0
2024-05-17 00:00:00-04:00,98.11299650648265,98.11299650648265,95.79960878162319,96.8328628540039,167400,0.0,0.0
2024-05-20 00:00:00-04:00,96.79629108242527,98.57019094957313,96.79629108242527,98.36902618408203,182500,0.0,0.0
2024-05-21 00:00:00-04:00,98.24101735894672,98.42389062046506,96.604275856537,98.35073852539062,165700,0.0,0.0
2024-05-22 00:00:00-04:00,97.83868113757848,99.08223876433641,96.21108550213076,96.51283264160156,300400,0.0,0.0
2024-05-23 00:00:00-04:00,96.05564081845856,96.26594435346547,93.46794323157285,95.19612121582031,431200,0.0,0.0
2024-05-24 00:00:00-04:00,96.38482776524296,97.14375808868361,95.32414330176587,96.92430877685547,257200,0.0,0.0
2024-05-28 00:00:00-04:00,98.04898674136896,98.95422113827199,97.35405587271433,97.92096710205078,260600,0.0,0.0
2024-05-29 00:00:00-04:00,97.14374984275976,97.95754765720513,95.65331263818203,97.65580749511719,246000,0.0,0.0
2024-05-30 00:00:00-04:00,98.22271038015657,98.89935668879328,97.38148234777039,98.1861343383789,324200,0.0,0.0
2024-05-31 00:00:00-04:00,99.05480785568176,101.24932171131735,99.05480785568176,101.2127456665039,230500,0.0,0.0
2024-06-03 00:00:00-04:00,101.12131070181943,101.89853951218514,99.47543040166532,99.86861419677734,402500,0.0,0.0
2024-06-04 00:00:00-04:00,99.08223385656635,100.1063421385133,96.9974482256091,97.14374542236328,244800,0.0,0.0
2024-06-05 00:00:00-04:00,97.39063069575445,98.26843479329409,96.65912379305466,98.15870666503906,199100,0.0,0.0
2024-06-06 00:00:00-04:00,98.36901620747065,98.36901620747065,94.19029928613918,94.72063446044922,345400,0.0,0.0
2024-06-07 00:00:00-04:00,93.72397415446198,94.64750014579872,93.40394246721685,93.998291015625,295100,0.0,0.0
2024-06-10 00:00:00-04:00,92.27010009944043,93.23019502768778,91.43801085212611,93.111328125,349300,0.0,0.0
2024-06-11 00:00:00-04:00,92.86444304848104,93.36735490653801,91.74889818236682,93.2850570678711,256600,0.0,0.0
2024-06-12 00:00:00-04:00,95.72646229061877,95.91848128930097,91.65746634582796,92.37068176269531,714800,0.0,0.0
2024-06-13 00:00:00-04:00,89.3349368107208,93.73311002413259,86.719809054476,93.1296157836914,951800,0.0,0.0
2024-06-14 00:00:00-04:00,92.53527231666465,92.84616520846552,90.44134782332686,90.90767669677734,640300,0.0,0.0
2024-06-17 00:00:00-04:00,90.92596022372751,93.12961265765712,89.19778237671565,93.111328125,499800,0.0,0.0
2024-06-18 00:00:00-04:00,92.80959383132749,93.2027776113345,91.02655516395127,92.07808685302734,283800,0.0,0.0
2024-06-20 00:00:00-04:00,91.51117204333005,93.09304588186478,91.03569043292032,91.73062133789062,420500,0.0,0.0
2024-06-21 00:00:00-04:00,91.88605949690063,92.1146545348403,90.68822373047021,91.8677749633789,1034000,0.0,0.0
2024-06-24 00:00:00-04:00,91.37400452408785,94.80292993106178,91.06311165958226,94.13542938232422,352700,0.0,0.0
2024-06-25 00:00:00-04:00,93.9617080580031,94.1354355462053,91.3557259732995,91.95921325683594,311800,0.0,0.0
2024-06-26 00:00:00-04:00,92.03237216939715,92.22439118186037,90.1853201856066,91.05398559570312,329200,0.0,0.0
2024-06-27 00:00:00-04:00,90.50536109084571,90.935113952526,88.31998585411121,89.47210693359375,315500,0.0,0.0
2024-06-28 00:00:00-04:00,89.77384991149118,91.7397687716845,89.77384991149118,91.57518005371094,373500,0.0,0.0
2024-07-01 00:00:00-04:00,91.79462254903414,91.79462254903414,89.70983692665874,90.47791290283203,307000,0.0,0.0
2024-07-02 00:00:00-04:00,90.7247974612722,92.50783592128843,90.17617077943387,91.52944946289062,270600,0.0,0.0
2024-07-03 00:00:00-04:00,91.4197256942931,91.84033970419651,89.85612958038783,90.53277587890625,83900,0.0,0.0
2024-07-05 00:00:00-04:00,90.1304503354027,91.22770371554911,88.79545616496337,89.20692443847656,167400,0.0,0.0
2024-07-08 00:00:00-04:00,89.52696234142368,90.30418406072341,89.15206313761826,89.24349975585938,198700,0.0,0.0
2024-07-09 00:00:00-04:00,88.73144681706478,88.73144681706478,87.32330060885013,87.3507308959961,147800,0.0,0.0
2024-07-10 00:00:00-04:00,88.0090940184721,88.66744887692691,87.48789758488991,88.09138488769531,172400,0.0,0.0
2024-07-11 00:00:00-04:00,90.43220026365636,92.27010635980953,89.49952858303119,91.87692260742188,227600,0.0,0.0
2024-07-12 00:00:00-04:00,92.54441803445388,94.00742494071783,92.42555112137742,93.15705108642578,224300,0.0,0.0
2024-07-15 00:00:00-04:00,93.15704466669386,94.97666613912604,92.65413978341115,92.67242431640625,230200,0.0,0.0
2024-07-16 00:00:00-04:00,93.72397153577198,94.95838342418038,92.80959132566689,94.27259826660156,251500,0.0,0.0
2024-07-17 00:00:00-04:00,93.53195141439123,95.99163638264125,93.53195141439123,95.4521484375,166600,0.0,0.0
2024-07-18 00:00:00-04:00,95.03153140764957,96.68655728402979,92.27010636200498,92.37068176269531,135500,0.0,0.0
2024-07-19 00:00:00-04:00,92.19578767187635,92.71125706206378,90.21674337348712,90.71380615234375,138900,0.67,0.0
2024-07-22 00:00:00-04:00,90.92552371174273,91.81839544775602,89.14898705775857,90.93473052978516,184600,0.0,0.0
2024-07-23 00:00:00-04:00,90.17071489237723,93.32797890308909,89.9221870182309,92.6560287475586,244700,0.0,0.0
2024-07-24 00:00:00-04:00,92.16817186854065,93.16229747638481,90.91631155260596,91.1556396484375,274500,0.0,0.0
2024-07-25 00:00:00-04:00,91.5974809373948,93.45685788478521,90.11549925665904,92.63762664794922,158200,0.0,0.0
2024-07-26 00:00:00-04:00,94.00914601528244,95.76727602595328,93.24514867665432,94.24847412109375,189500,0.0,0.0
2024-07-29 00:00:00-04:00,94.45097341426701,95.43589215637762,93.4936681005647,94.94803619384766,145500,0.0,0.0
2024-07-30 00:00:00-04:00,95.05849205956034,98.32621693490138,94.62586996679636,98.03166198730469,296600,0.0,0.0
2024-07-31 00:00:00-04:00,95.73045732761574,99.88184739540291,95.73045732761574,96.95470428466797,339500,0.0,0.0
2024-08-01 00:00:00-04:00,96.71537028027788,97.42414072536248,91.95646394440459,92.3154525756836,215100,0.0,0.0
2024-08-02 00:00:00-04:00,88.9372833910968,90.79666042262785,87.79587667595416,89.04773712158203,238800,0.0,0.0
2024-08-05 00:00:00-04:00,84.3256457571519,87.28960908501512,84.3256457571519,85.9457015991211,318300,0.0,0.0
2024-08-06 00:00:00-04:00,86.21263649554916,87.93393911121154,84.77667498642514,87.11470794677734,232000,0.0,0.0
2024-08-07 00:00:00-04:00,88.35737136199543,88.99250838994433,85.90888441007802,86.12979888916016,189700,0.0,0.0
2024-08-08 00:00:00-04:00,87.30800907877459,87.69461112977358,86.16660953750639,86.61764526367188,134900,0.0,0.0
2024-08-09 00:00:00-04:00,86.29547938604884,86.29547938604884,84.65701700774478,85.21851348876953,170900,0.0,0.0
2024-08-12 00:00:00-04:00,85.42102612938103,85.42102612938103,83.18424689730435,83.2947006225586,256800,0.0,0.0
2024-08-13 00:00:00-04:00,84.19677795380237,85.11726310554789,83.05537833200634,83.11981201171875,308600,0.0,0.0
2024-08-14 00:00:00-04:00,83.74573943411463,83.84698633654295,81.41690617789158,81.61021423339844,210900,0.0,0.0
2024-08-15 00:00:00-04:00,84.0218775160726,86.2678633729135,82.19011416152694,82.54910278320312,318300,0.0,0.0
2024-08-16 00:00:00-04:00,82.4202399390605,83.30390482709373,81.8219231959745,82.53070068359375,246600,0.0,0.0
2024-08-19 00:00:00-04:00,82.88048095809977,83.11980905540989,78.89477870734181,79.32740783691406,436300,0.0,0.0
2024-08-20 00:00:00-04:00,79.37343582205358,79.63117053472406,78.1952089569619,78.79352569580078,246800,0.0,0.0
2024-08-21 00:00:00-04:00,79.8889100602986,81.43532545222943,79.25377303527954,81.02110290527344,279200,0.0,0.0
2024-08-22 00:00:00-04:00,81.00269237333205,81.44452833083044,79.0972884131873,79.33661651611328,201000,0.0,0.0
2024-08-23 00:00:00-04:00,79.7232258982601,82.07966582695778,79.7232258982601,80.79098510742188,251200,0.0,0.0
2024-08-26 00:00:00-04:00,81.54577271654654,81.54577271654654,78.41612895335139,78.5357894897461,294500,0.0,0.0
2024-08-27 00:00:00-04:00,78.25963674719958,78.3148706262907,76.4646936884712,77.0998306274414,218900,0.0,0.0
2024-08-28 00:00:00-04:00,76.9985804546431,78.11236658920747,76.63038500801375,77.74417114257812,438400,0.0,0.0
2024-08-29 00:00:00-04:00,78.98682138607022,79.26296971538684,76.14252589873006,79.01443481445312,424600,0.0,0.0
2024-08-30 00:00:00-04:00,79.61275424220695,80.10981703837165,78.02951874836616,80.06379699707031,313200,0.0,0.0
2024-09-03 00:00:00-04:00,79.90730990226572,81.41690491613163,78.92239111855146,80.35835266113281,325000,0.0,0.0
2024-09-04 00:00:00-04:00,80.07300485700726,80.07300485700726,78.02952660786065,78.7383041381836,233200,0.0,0.0
2024-09-05 00:00:00-04:00,78.63704441575602,79.13410722539176,77.40359069790196,77.6705322265625,260700,0.0,0.0
2024-09-06 00:00:00-04:00,77.52325875552138,78.1215754944412,76.33583209534814,76.92494201660156,216500,0.0,0.0
2024-09-09 00:00:00-04:00,76.73164488181993,77.67974349006181,75.19443632238419,75.36932373046875,359400,0.0,0.0
2024-09-10 00:00:00-04:00,75.93082089908265,77.12745444796819,74.8998819870529,76.74085235595703,439400,0.0,0.0
2024-09-11 00:00:00-04:00,76.99857516563394,77.60609164150982,74.40280762817835,77.00778198242188,955500,0.0,0.0
2024-09-12 00:00:00-04:00,69.63470487159127,78.85796323220845,68.9903610356454,77.40359497070312,1398100,0.0,0.0
2024-09-13 00:00:00-04:00,78.54499821303138,79.94413252747616,77.51405233419442,78.37931060791016,588300,0.0,0.0
2024-09-16 00:00:00-04:00,78.06633980964268,78.67386335220903,77.2747220544621,77.82701873779297,485500,0.0,0.0
2024-09-17 00:00:00-04:00,78.43453102939775,79.8152586178051,77.9098548267127,78.71987915039062,321200,0.0,0.0
2024-09-18 00:00:00-04:00,78.81194836427271,80.91065357684319,78.20442473813651,79.21695709228516,382700,0.0,0.0
2024-09-19 00:00:00-04:00,80.63449789981956,81.50896300774873,79.58514538850007,80.3399429321289,381600,0.0,0.0
2024-09-20 00:00:00-04:00,80.57006897616097,81.21441283415675,79.51150958446736,79.6587905883789,1142600,0.0,0.0
2024-09-23 00:00:00-04:00,79.82447031824398,80.431986842483,79.2077469764841,79.41024780273438,374600,0.0,0.0
2024-09-24 00:00:00-04:00,80.02699231972416,80.86463027090929,79.27219467264449,80.44120788574219,239200,0.0,0.0
2024-09-25 00:00:00-04:00,80.28471708795153,80.30312370121484,77.836223182007,77.9374771118164,409200,0.0,0.0
2024-09-26 00:00:00-04:00,79.21695025384088,80.33073644953072,77.64292148029188,79.18013000488281,275900,0.0,0.0
2024-09-27 00:00:00-04:00,79.95334403708105,80.56086060968018,78.85796441545828,79.56674194335938,271200,0.0,0.0
2024-09-30 00:00:00-04:00,78.9592114817103,79.93492344942021,77.73496460197434,79.86128997802734,396800,0.0,0.0
2024-10-01 00:00:00-04:00,78.83955857055247,78.83955857055247,76.40947821096808,77.24711608886719,317400,0.0,0.0
2024-10-02 00:00:00-04:00,76.77766538564346,77.25631454653718,74.81702763258873,74.91828155517578,296700,0.0,0.0
2024-10-03 00:00:00-04:00,74.24632407017607,74.37519140939673,71.09826000748247,71.47566223144531,414200,0.0,0.0
2024-10-04 00:00:00-04:00,72.75513866706302,73.26140122724512,70.12255088133672,70.61961364746094,409800,0.0,0.0
2024-10-07 00:00:00-04:00,70.09494039327542,70.28824141775078,68.8338733028479,69.10081481933594,437800,0.0,0.0
2024-10-08 00:00:00-04:00,68.90752404960783,69.10082510285007,68.18954670249528,69.07321166992188,204000,0.0,0.0
2024-10-09 00:00:00-04:00,69.34934774356293,70.58280149485115,68.49330329696552,68.9627456665039,340500,0.0,0.0
2024-10-10 00:00:00-04:00,68.62216580559952,68.93512736317086,67.60042680077373,68.43806457519531,380800,0.0,0.0
2024-10-11 00:00:00-04:00,68.39205533173057,70.53678057826316,68.38284851307093,70.40791320800781,244100,0.0,0.0
2024-10-14 00:00:00-04:00,70.03971428467399,70.69326494537621,69.43219771501757,70.47234344482422,365900,0.0,0.0
2024-10-15 00:00:00-04:00,70.06733856227244,72.21206382087976,70.06733856227244,70.15938568115234,255000,0.0,0.0
2024-10-16 00:00:00-04:00,70.70246153271624,72.95765434499565,70.47234024714146,72.48820495605469,362000,0.0,0.0
2024-10-17 00:00:00-04:00,72.50661318460311,73.37187148492355,71.66897533827236,73.32585144042969,295300,0.0,0.0
2024-10-18 00:00:00-04:00,73.91995253698812,75.51661727368669,72.8709842308138,74.68115234375,450500,0.67,0.0
2024-10-21 00:00:00-04:00,74.5419156410231,76.19427571331288,73.45580766836035,73.76214599609375,457100,0.0,0.0
2024-10-22 00:00:00-04:00,73.6693150633224,73.9570835567355,69.92829631970484,70.18821716308594,374000,0.0,0.0
2024-10-23 00:00:00-04:00,70.17893682292399,70.32746707585056,68.61012674968254,69.72407531738281,265700,0.0,0.0
2024-10-24 00:00:00-04:00,69.64051517874853,70.25319175973856,68.74007720965328,70.00255584716797,252400,0.0,0.0
2024-10-25 00:00:00-04:00,70.5409646721483,71.30216445014365,69.0464127657178,69.51984405517578,368400,0.0,0.0
2024-10-28 00:00:00-04:00,70.12323734343634,71.34858352786293,69.928296709813,70.90299987792969,252000,0.0,0.0
2024-10-29 00:00:00-04:00,70.11395341998038,70.62451728831138,69.14852806678934,70.06754302978516,175900,0.0,0.0
2024-10-30 00:00:00-04:00,69.55696878649961,70.61522184454647,68.72150398217026,68.7679214477539,227200,0.0,0.0
2024-10-31 00:00:00-04:00,69.12996067699888,69.30633856188733,67.3662030750488,67.4126205444336,192600,0.0,0.0
2024-11-01 00:00:00-04:00,67.49616836482356,68.53585884624606,67.24553242605569,67.65397644042969,287300,0.0,0.0
2024-11-04 00:00:00-05:00,67.32907389672442,69.17637453754986,67.32907389672442,67.83963775634766,248700,0.0,0.0
2024-11-05 00:00:00-05:00,67.4219049846611,70.35531369614075,67.05987135135106,69.81690216064453,225400,0.0,0.0
2024-11-06 00:00:00-05:00,72.35114114545178,73.41867217078757,70.46670794548595,72.49966430664062,467200,0.0,0.0
2024-11-07 00:00:00-05:00,73.12162100102134,74.87610091501655,71.80344692006683,72.25830841064453,290800,0.0,0.0
2024-11-08 00:00:00-05:00,71.96125528602498,72.7595876666699,70.55025333553165,71.47854614257812,322900,0.0,0.0
2024-11-11 00:00:00-05:00,72.32330380753153,74.63475116366983,72.32330380753153,73.75286865234375,299500,0.0,0.0
2024-11-12 00:00:00-05:00,73.27015253524542,73.68788147114583,72.2861644127969,72.94525146484375,263500,0.0,0.0
2024-11-13 00:00:00-05:00,73.46509566253275,74.89466750296926,72.18405407776815,72.65747833251953,324300,0.0,0.0
2024-11-14 00:00:00-05:00,73.19588641915168,73.35369449659468,70.95870443697196,71.47854614257812,222100,0.0,0.0
2024-11-15 00:00:00-05:00,72.11907568723402,72.32330125279684,70.41101311532806,70.94013977050781,203400,0.0,0.0
2024-11-18 00:00:00-05:00,71.32073275323161,71.80344186072674,70.0118365932717,70.43885040283203,187400,0.0,0.0
2024-11-19 00:00:00-05:00,69.47342805623069,71.51567641575447,69.15781191144653,70.15108489990234,294500,0.0,0.0
2024-11-20 00:00:00-05:00,69.4455808454274,69.51984596783888,68.13669170390675,69.31562042236328,264300,0.0,0.0
2024-11-21 00:00:00-05:00,69.59411209808572,70.95870364233241,69.50128423488302,70.7823257446289,268100,0.0,0.0
2024-11-22 00:00:00-05:00,71.37643391643336,72.99166143007541,70.51312131594479,72.22118377685547,327000,0.0,0.0
2024-11-25 00:00:00-05:00,73.38155162521277,76.89977524632343,73.1587562449846,75.887939453125,522200,0.0,0.0
2024-11-26 00:00:00-05:00,75.04318536723223,75.39594115834036,73.97565432994278,74.75541687011719,432500,0.0,0.0
2024-11-27 00:00:00-05:00,75.06176347623392,77.41034334926489,75.06176347623392,77.02046203613281,298200,0.0,0.0
2024-11-29 00:00:00-05:00,77.85591728259243,78.57069960031323,76.7326838791387,77.20610809326172,227000,0.0,0.0
2024-12-02 00:00:00-05:00,77.20609993997869,78.78420173400336,76.5655828113618,77.2896499633789,345300,0.0,0.0
2024-12-03 00:00:00-05:00,77.45674870199679,77.51244400020813,74.27270431186943,75.13601684570312,404800,0.0,0.0
2024-12-04 00:00:00-05:00,75.36809437806781,76.47275798940143,74.77398755517738,75.46092224121094,310500,0.0,0.0
2024-12-05 00:00:00-05:00,74.83896409734919,75.16386514357231,73.90138643626678,74.25413513183594,301800,0.0,0.0
2024-12-06 00:00:00-05:00,75.49806020751419,76.06431942022894,73.94781282688116,74.12418365478516,199800,0.0,0.0
2024-12-09 00:00:00-05:00,74.59760841796614,76.75124738573396,74.411952694765,75.60016632080078,477200,0.0,0.0
2024-12-10 00:00:00-05:00,75.18242128172368,77.83733888173546,74.12416820561393,77.31749725341797,496500,0.0,0.0
2024-12-11 00:00:00-05:00,77.96730715283286,78.6913743745384,77.18754463170742,78.07870483398438,729200,0.0,0.0
2024-12-12 00:00:00-05:00,72.40684035192281,78.43145880328538,69.96543277174037,71.35787200927734,1402800,0.0,0.0
2024-12-13 00:00:00-05:00,71.89627205956529,75.97147674511763,70.74519101011823,75.6929931640625,629000,0.0,0.0
2024-12-16 00:00:00-05:00,75.34952389408178,81.51338743915231,75.34952389408178,80.20449829101562,540000,0.0,0.0
2024-12-17 00:00:00-05:00,79.71250589766184,81.08637528611563,78.7285107061346,79.22050476074219,306700,0.0,0.0
2024-12-18 00:00:00-05:00,79.53612060080631,79.8331739881675,75.22884294291335,76.09215545654297,373600,0.0,0.0
2024-12-19 00:00:00-05:00,77.0575853995833,77.92089796546075,75.27525788523798,75.63729858398438,306000,0.0,0.0
2024-12-20 00:00:00-05:00,74.6997094771269,76.72338770486851,73.6136087938514,75.21955108642578,844000,0.0,0.0
2024-12-23 00:00:00-05:00,75.34024291437633,76.30566114097932,74.29126757524298,75.0524673461914,307100,0.0,0.0
2024-12-24 00:00:00-05:00,74.91321640822143,75.15457448795624,72.99165084480791,74.05918884277344,152800,0.0,0.0
2024-12-26 00:00:00-05:00,73.90138890363998,74.671873612059,73.10305654494515,73.23301696777344,286000,0.0,0.0
2024-12-27 00:00:00-05:00,72.64819713357227,73.49293990600866,72.07265304300809,72.23046112060547,306500,0.0,0.0
2024-12-30 00:00:00-05:00,71.13506797689945,71.18148544542788,69.02784663669954,70.6337890625,404900,0.0,0.0
2024-12-31 00:00:00-05:00,71.36713998156054,73.86424960233443,70.63378790119877,73.13089752197266,304000,0.0,0.0
2025-01-02 00:00:00-05:00,73.81784183665704,75.60016943135611,72.07265388690053,72.93596649169922,221600,0.0,0.0
2025-01-03 00:00:00-05:00,73.31656267681109,74.50477623391171,71.94268632496885,74.45835876464844,217100,0.0,0.0
2025-01-06 00:00:00-05:00,75.19171869448813,77.8187890844332,75.0896059173304,76.78838348388672,256500,0.0,0.0
2025-01-07 00:00:00-05:00,77.06686312050913,78.5521372274422,76.47275631066063,77.17826080322266,314700,0.0,0.0
2025-01-08 00:00:00-05:00,76.49133280441919,80.45514018609704,75.52590738362574,80.36231231689453,336800,0.0,0.0
2025-01-10 00:00:00-05:00,79.18337315578495,81.13278648349623,78.38504083682417,79.85173797607422,535900,0.0,0.0
2025-01-13 00:00:00-05:00,79.74964021153492,81.03996667519921,78.51500905118176,80.64080047607422,333200,0.0,0.0
2025-01-14 00:00:00-05:00,81.14207866385657,82.71088871113503,79.60110918565076,79.944580078125,341400,0.0,0.0
2025-01-15 00:00:00-05:00,82.57164101343369,83.41639085364254,81.59693783124496,81.7361831665039,292500,0.0,0.0
2025-01-16 00:00:00-05:00,81.6897633275682,81.8754190476607,78.79348735086764,80.3994369506836,314800,0.0,0.0
2025-01-17 00:00:00-05:00,81.13850495213488,81.3069006063214,79.6416515204652,79.781982421875,269700,0.67,0.0
2025-01-21 00:00:00-05:00,80.83914294624886,81.16657698723189,78.26643569384,79.4264907836914,329500,0.0,0.0
2025-01-22 00:00:00-05:00,78.84645598523471,80.33395218408009,78.5751514675201,79.49197387695312,202700,0.0,0.0
2025-01-23 00:00:00-05:00,78.81839403418591,78.95872494661859,76.15213524807191,77.00346374511719,344000,0.0,0.0
2025-01-24 00:00:00-05:00,76.75087008782916,78.29449577461877,76.41407876934682,76.91926574707031,245200,0.0,0.0
2025-01-27 00:00:00-05:00,77.38702626081603,81.04494407027153,77.08765701007408,80.7081527709961,340400,0.0,0.0
2025-01-28 00:00:00-05:00,80.28716666759051,81.00752146874635,79.2487280248344,80.20297241210938,212800,0.0,0.0
2025-01-29 00:00:00-05:00,80.56783940405397,81.63434294349516,79.43584905561295,79.93167877197266,205100,0.0,0.0
2025-01-30 00:00:00-05:00,80.4929928319788,82.2611437583459,79.80070270982317,80.72687530517578,153100,0.0,0.0
2025-01-31 00:00:00-05:00,80.37137611292611,80.85784851422787,77.68640276456144,78.45353698730469,203900,0.0,0.0
2025-02-03 00:00:00-05:00,76.67602961095334,76.93797684048259,70.62315002672794,70.63250732421875,410700,0.0,0.0
2025-02-04 00:00:00-05:00,70.91315866028472,73.11165216869509,70.73540572188335,71.01606750488281,400800,0.0,0.0
2025-02-05 00:00:00-05:00,70.85703116885239,71.76449629517587,69.9495660425289,69.95892333984375,340500,0.0,0.0
2025-02-06 00:00:00-05:00,71.4183464876517,72.00773487078008,69.14501576710433,69.26663208007812,256800,0.0,0.0
2025-02-07 00:00:00-05:00,68.87372061061176,69.39761512235165,66.77812828859734,68.09722900390625,373900,0.0,0.0
2025-02-10 00:00:00-05:00,68.74274608186269,70.57638398645152,67.2178276462023,69.67827606201172,375500,0.0,0.0
2025-02-11 00:00:00-05:00,69.08888603933583,69.08888603933583,66.4694064368534,68.98597717285156,241200,0.0,0.0
2025-02-12 00:00:00-05:00,67.34879998049468,69.49116445044307,67.34879998049468,68.91114044189453,359000,0.0,0.0
2025-02-13 00:00:00-05:00,69.63149715507963,70.99737007836386,68.35917580290551,70.18345642089844,188000,0.0,0.0
2025-02-14 00:00:00-05:00,70.39862921235104,70.70735581093994,68.79887384356365,68.8550033569336,218000,0.0,0.0
2025-02-18 00:00:00-05:00,68.06915541398132,68.47143354402132,65.88936910149648,67.4610595703125,286600,0.0,0.0
2025-02-19 00:00:00-05:00,66.64714876874642,67.82591845347991,65.73968361433006,66.83425903320312,248400,0.0,0.0
2025-02-20 00:00:00-05:00,66.85296377889861,67.88204521032057,66.17003096953445,67.4049301147461,215600,0.0,0.0
2025-02-21 00:00:00-05:00,68.40595396052196,68.58369980126345,66.21681011970024,67.16169738769531,235600,0.0,0.0
2025-02-24 00:00:00-05:00,67.69494409703984,67.80721025448649,66.35713605528899,66.40391540527344,220500,0.0,0.0
2025-02-25 00:00:00-05:00,65.96420986863478,65.96420986863478,63.56924866640724,63.597320556640625,312100,0.0,0.0
2025-02-26 00:00:00-05:00,63.84991743276414,63.97153375360258,61.13687922056988,61.21172332763672,331200,0.0,0.0
2025-02-27 00:00:00-05:00,60.893636652670835,61.305272085160226,59.54647847479692,59.677452087402344,333100,0.0,0.0
2025-02-28 00:00:00-05:00,59.93939995957925,60.68782672899703,57.16087503533855,58.03091812133789,451700,0.0,0.0
2025-03-03 00:00:00-05:00,58.24609035628532,58.508041156629886,55.96339867122387,56.34696578979492,742800,0.0,0.0
2025-03-04 00:00:00-05:00,55.47691981408562,56.131791427829604,54.27944273896281,54.71914291381836,480000,0.0,0.0
2025-03-05 00:00:00-05:00,54.71914312024607,55.43014424409169,53.83974276721743,54.85011672973633,420100,0.0,0.0
2025-03-06 00:00:00-05:00,54.36364654914079,56.40310214753711,54.298159737438816,56.07566452026367,443600,0.0,0.0
2025-03-07 00:00:00-05:00,56.17857014540883,59.125490777016736,56.17857014540883,58.37706756591797,361900,0.0,0.0
2025-03-10 00:00:00-04:00,58.06834427518921,60.38846171424332,57.79703973054997,58.15254211425781,650300,0.0,0.0
2025-03-11 00:00:00-04:00,58.37706801915112,58.37706801915112,55.62660778995923,56.62762451171875,536500,0.0,0.0
2025-03-12 00:00:00-04:00,57.0392579670909,57.0392579670909,53.315849470234326,53.400047302246094,690100,0.0,0.0
2025-03-13 00:00:00-04:00,53.353272522808496,53.45618138949941,51.06122697384266,51.67867660522461,745700,0.0,0.0
2025-03-14 00:00:00-04:00,52.202565949006335,53.222293648430835,50.53732392506593,53.0913200378418,534400,0.0,0.0
2025-03-17 00:00:00-04:00,53.10067351856352,57.114097492244895,53.04454401072333,57.04861068725586,685600,0.0,0.0
2025-03-18 00:00:00-04:00,56.19728348279511,57.67542250816897,55.83242737542811,57.591224670410156,373600,0.0,0.0
2025-03-19 00:00:00-04:00,57.35733800077595,58.40513046297948,56.52471341310682,57.47895431518555,419900,0.0,0.0
2025-03-20 00:00:00-04:00,57.11410166266076,59.06935936424347,57.086036906691405,57.18894577026367,276300,0.0,0.0
2025-03-21 00:00:00-04:00,56.234699158834395,57.36668940682762,55.48627600184561,56.24405288696289,562700,0.0,0.0
2025-03-24 00:00:00-04:00,57.23571794012782,57.72219390254754,56.56213528927541,57.319915771484375,317500,0.0,0.0
2025-03-25 00:00:00-04:00,57.43218246649333,58.349001379775274,56.44987674288864,57.4415397644043,372400,0.0,0.0
2025-03-26 00:00:00-04:00,57.53508808171122,58.283511277964564,56.48729560695655,57.787681579589844,621400,0.0,0.0
2025-03-27 00:00:00-04:00,57.78768292345152,60.23877028646787,57.02990241219335,58.50804138183594,525300,0.0,0.0
2025-03-28 00:00:00-04:00,51.304458121232685,57.993498107201646,49.79825446224085,55.15884017944336,1330900,0.0,0.0
2025-03-31 00:00:00-04:00,55.08400290614732,56.79602081074385,54.38235546337948,54.88753890991211,705600,0.0,0.0
2025-04-01 00:00:00-04:00,55.52369689941406,56.1692148000287,54.31686606758441,55.52369689941406,566800,0.0,0.0
2025-04-02 00:00:00-04:00,54.915603727175494,57.08603272602096,54.69107498957349,56.97377014160156,544700,0.0,0.0
2025-04-03 00:00:00-04:00,53.63392967805503,54.30750876420086,50.89282684698285,51.29510498046875,594900,0.0,0.0
2025-04-04 00:00:00-04:00,50.247312543607194,54.344934706377714,49.508243029757324,53.48424530029297,961200,0.0,0.0
2025-04-07 00:00:00-04:00,50.24730966552582,52.41773873044566,47.66524873269473,49.639217376708984,891700,0.0,0.0
2025-04-08 00:00:00-04:00,50.77120227825964,50.77120227825964,42.66951441619958,43.081146240234375,633000,0.0,0.0
2025-04-09 00:00:00-04:00,42.61338756363327,51.07057898056612,41.537530286252625,50.79927444458008,932000,0.0,0.0
2025-04-10 00:00:00-04:00,49.405330889144565,49.405330889144565,45.47610494648764,47.60911178588867,668000,0.0,0.0
2025-04-11 00:00:00-04:00,47.319103581405194,47.730735448530496,45.84096464119298,47.562339782714844,346800,0.0,0.0
2025-04-14 00:00:00-04:00,48.432376263561,48.64754768082078,45.0083374733922,46.224525451660156,469400,0.0,0.0
2025-04-15 00:00:00-04:00,45.77547650761219,46.21517668547157,42.66016034907897,42.706939697265625,574900,0.0,0.0
2025-04-16 00:00:00-04:00,42.426277788839144,43.361807650280035,40.237137770316934,40.648773193359375,549800,0.0,0.0
2025-04-17 00:00:00-04:00,40.53469850104635,42.81620271413435,40.04037246733225,42.588050842285156,431000,0.69,0.0
2025-04-21 00:00:00-04:00,41.82754734374926,43.52916889010323,41.09556483007157,42.98731231689453,448600,0.0,0.0
2025-04-22 00:00:00-04:00,43.272503829527366,44.83153017300977,42.5500259073007,44.60337829589844,437000,0.0,0.0
2025-04-23 00:00:00-04:00,46.60920108968363,47.835509749170654,44.81251816484741,45.050174713134766,405000,0.0,0.0
2025-04-24 00:00:00-04:00,45.164245474634164,49.023788836637586,44.81251482476331,48.805145263671875,478500,0.0,0.0
2025-04-25 00:00:00-04:00,48.44390835737041,49.40404281198828,47.1415515304814,49.34700393676758,403600,0.0,0.0
2025-04-28 00:00:00-04:00,49.242433960590596,49.632190537953605,46.64722500014654,47.31266403198242,505500,0.0,0.0
2025-04-29 00:00:00-04:00,47.151060742080205,47.41723855908651,46.42858638472336,46.65673828125,351700,0.0,0.0
2025-04-30 00:00:00-04:00,45.63956222123157,46.45710133263856,44.517826642584936,46.20043182373047,440700,0.0,0.0
2025-05-01 00:00:00-04:00,46.54265968838531,47.13205056623733,45.316350972457734,45.725120544433594,296600,0.0,0.0
2025-05-02 00:00:00-04:00,46.324012076098604,47.921064305852035,45.96277312199102,47.51229476928711,300800,0.0,0.0
2025-05-05 00:00:00-04:00,47.51229675852735,50.573314264771646,47.084514245798935,50.174049377441406,655600,0.0,0.0
2025-05-06 00:00:00-04:00,49.1093465039326,49.76527723847337,48.33933802102312,49.584659576416016,355800,0.0,0.0
2025-05-07 00:00:00-04:00,50.145533158839875,50.877515784187935,49.43256349307438,50.5352897644043,288100,0.0,0.0
2025-05-08 00:00:00-04:00,51.23874913039948,52.82629300432185,50.63985366162029,52.446041107177734,584900,0.0,0.0
2025-05-09 00:00:00-04:00,52.11332627699146,52.48406990256093,50.71590464859786,51.115169525146484,414000,0.0,0.0
2025-05-12 00:00:00-04:00,55.621137318135105,57.33226737773104,54.1096415163928,55.364471435546875,630700,0.0,0.0
2025-05-13 00:00:00-04:00,56.029906468484135,56.07744067917989,54.756067225752446,55.58311462402344,295100,0.0,0.0
2025-05-14 00:00:00-04:00,55.15533060120931,55.659161308891505,54.37581743498925,54.47087860107422,319000,0.0,0.0
2025-05-15 00:00:00-04:00,53.94803540087128,54.87964861668455,52.6076526399301,54.38532257080078,508000,0.0,0.0
2025-05-16 00:00:00-04:00,54.38532355064676,54.70853660084204,53.53926682034617,54.28075408935547,345500,0.0,0.0
2025-05-19 00:00:00-04:00,53.05444670584189,53.56778207051381,52.56012067296996,53.1400032043457,344600,0.0,0.0
2025-05-20 00:00:00-04:00,53.41568230193603,54.09062962748174,53.07345993254013,53.60580825805664,277600,0.0,0.0
2025-05-21 00:00:00-04:00,52.350979694932256,52.99740574116575,50.05046624466368,50.677879333496094,383000,0.0,0.0
2025-05-22 00:00:00-04:00,50.65886987757057,52.01826560172561,50.50676983419978,51.64752197265625,212500,0.0,0.0
2025-05-23 00:00:00-04:00,49.86034534557248,50.620845586865485,49.86034534557248,50.22158432006836,248200,0.0,0.0
2025-05-27 00:00:00-04:00,51.2102306515782,52.70271344513676,50.4212128178901,52.55061340332031,310100,0.0,0.0
2025-05-28 00:00:00-04:00,53.08296292155458,53.20654533308156,52.217893293567506,52.293941497802734,353400,0.0,0.0
2025-05-29 00:00:00-04:00,52.997409172976276,53.444204634956584,50.80146140669034,51.58097457885742,259100,0.0,0.0
2025-05-30 00:00:00-04:00,50.91553936895903,51.63801366821592,50.46874390513176,51.02961349487305,443300,0.0,0.0
2025-06-02 00:00:00-04:00,50.61133458769553,50.66836983218654,49.46107426366667,49.89836502075195,238100,0.0,0.0
2025-06-03 00:00:00-04:00,50.50677278656191,51.942216803135366,49.74627252525308,51.46690368652344,216600,0.0,0.0
2025-06-04 00:00:00-04:00,51.28628600769737,52.141847441788066,50.98208590317384,51.46690368652344,253200,0.0,0.0
2025-06-05 00:00:00-04:00,52.075300888550885,53.6058096158803,51.47640900717501,51.71406555175781,267600,0.0,0.0
2025-06-06 00:00:00-04:00,51.99925243047324,52.89283972833039,51.41936988425755,52.198883056640625,320200,0.0,0.0
2025-06-09 00:00:00-04:00,53.15901448751626,53.472722868996236,51.3243092879875,52.312957763671875,359300,0.0,0.0
2025-06-10 00:00:00-04:00,53.235068481618825,53.55828154245413,51.40035958134065,52.03728103637695,367100,0.0,0.0
2025-06-11 00:00:00-04:00,52.83579977869071,53.00690913850502,47.55982208251953,47.55982208251953,1063200,0.0,0.0
2025-06-12 00:00:00-04:00,43.51016145754707,45.63005744099796,40.781865288432385,40.9434700012207,1721700,0.0,0.0
2025-06-13 00:00:00-04:00,40.3255587726186,40.61074951325567,37.340593298811676,37.54973220825195,1061100,0.0,0.0
2025-06-16 00:00:00-04:00,37.996525846523554,39.83123448399604,36.82725619502334,39.81222152709961,1152900,0.0,0.0
2025-06-17 00:00:00-04:00,39.16579699921078,40.876923295617615,38.79505339139689,40.306549072265625,634100,0.0,0.0
2025-06-18 00:00:00-04:00,40.04987980016348,40.62025402659609,38.46233228021959,38.71900177001953,483800,0.0,0.0
2025-06-20 00:00:00-04:00,39.755186968858304,40.10691764371953,38.97567378330039,39.1753044128418,679400,0.0,0.0
2025-06-23 00:00:00-04:00,38.70949931411888,39.393947699640556,37.388129500582004,38.025047302246094,647700,0.0,0.0
2025-06-24 00:00:00-04:00,38.66196473530667,38.728511903694155,36.10478163409722,36.190338134765625,563100,0.0,0.0
2025-06-25 00:00:00-04:00,36.25688210555196,36.399477483802556,35.163664168918125,35.42033004760742,525900,0.0,0.0
2025-06-26 00:00:00-04:00,35.657990199906656,36.27589873301391,35.192185353036294,35.638980865478516,687600,0.0,0.0
2025-06-27 00:00:00-04:00,36.14280511383311,37.78738784790039,36.06675328443423,37.78738784790039,900000,0.0,0.0
2025-06-30 00:00:00-04:00,37.815907486240086,38.77604193864419,37.61627686295444,38.26270294189453,549800,0.0,0.0
2025-07-01 00:00:00-04:00,38.14863028901749,41.87508323943959,38.10109970445263,40.3255615234375,513100,0.0,0.0
2025-07-02 00:00:00-04:00,40.78186200154419,41.88458815577138,39.70765347048683,41.4758186340332,592900,0.0,0.0
2025-07-03 00:00:00-04:00,41.76100870314554,42.188791212751454,40.962482560664874,41.162113189697266,252900,0.0,0.0
2025-07-07 00:00:00-04:00,40.37309471826561,41.92261276891913,39.983338132481144,40.36358642578125,333400,0.0,0.0
2025-07-08 00:00:00-04:00,40.99100184602092,43.54818871459362,39.86926260933464,43.358062744140625,504500,0.0,0.0
2025-07-09 00:00:00-04:00,43.37707010640161,45.801165944403635,43.120400623363636,45.68709182739258,643400,0.0,0.0
2025-07-10 00:00:00-04:00,45.42091530228971,47.8735324567896,45.287828224389884,46.599693298339844,465100,0.0,0.0
2025-07-11 00:00:00-04:00,46.07685176510903,46.08635643124444,44.0330040426467,44.60337829589844,313800,0.0,0.0
2025-07-14 00:00:00-04:00,44.5083215735616,44.6033827498123,42.61657733117225,43.015838623046875,395800,0.0,0.0
2025-07-15 00:00:00-04:00,43.329545202168745,43.329545202168745,40.69631011609806,41.17162322998047,398400,0.0,0.0
2025-07-16 00:00:00-04:00,41.960637831872646,41.960637831872646,39.812224320731225,40.73432922363281,401900,0.0,0.0
2025-07-17 00:00:00-04:00,40.69631055462854,41.73249329911181,40.506184581756585,41.01952362060547,525200,0.0,0.0
2025-07-18 00:00:00-04:00,40.961559440622565,41.52188072287458,40.01480320683932,40.37225341796875,366900,0.69,0.0
2025-07-21 00:00:00-04:00,41.34798243122318,41.43492927221259,40.10174560546875,40.10174560546875,269600,0.0,0.0
2025-07-22 00:00:00-04:00,40.42055437612593,43.2221717026112,40.42055437612593,43.0772590637207,331100,0.0,0.0
2025-07-23 00:00:00-04:00,44.18824413283173,44.87415606390922,43.53131325410696,44.32349395751953,301500,0.0,0.0
2025-07-24 00:00:00-04:00,43.4347037395112,44.033672515397456,41.270699167198636,41.68611145019531,366700,0.0,0.0
2025-07-25 00:00:00-04:00,42.1981292478484,42.1981292478484,39.65735259448479,41.26103591918945,347900,0.0,0.0
2025-07-28 00:00:00-04:00,41.888986804565654,42.95166717631132,40.43021238876632,42.101524353027344,386600,0.0,0.0
2025-07-29 00:00:00-04:00,41.66679227843001,41.76339824982295,40.140392870506886,40.26598358154297,234600,0.0,0.0
2025-07-30 00:00:00-04:00,40.72004034685046,40.72004034685046,37.01031423807945,37.474029541015625,493800,0.0,0.0
2025-07-31 00:00:00-04:00,37.19386719977843,37.45470774964704,36.16016780878894,36.88472366333008,385400,0.0,0.0
2025-08-01 00:00:00-04:00,36.14084211852504,36.30507667815409,35.020195994124315,35.71577072143555,369500,0.0,0.0
2025-08-04 00:00:00-04:00,36.15050178500207,37.522329330599845,35.89932406595868,37.15522003173828,321000,0.0,0.0
2025-08-05 00:00:00-04:00,37.83147253092536,38.33383165019525,37.116575869004016,37.89909744262695,349400,0.0,0.0
2025-08-06 00:00:00-04:00,38.642975015404375,38.642975015404375,37.44504116840307,37.46436309814453,290000,0.0,0.0
2025-08-07 00:00:00-04:00,38.391798433465055,38.391798433465055,36.894380159157684,37.425724029541016,325000,0.0,0.0
2025-08-08 00:00:00-04:00,37.37741731695751,37.90876118671305,36.66252432265596,37.57063293457031,239500,0.0,0.0
2025-08-11 00:00:00-04:00,38.21790782119314,39.425500923268835,37.50301108324038,39.34821319580078,314200,0.0,0.0
2025-08-12 00:00:00-04:00,39.802266540339765,41.888987124362785,39.154994767483714,41.79237747192383,371200,0.0,0.0
2025-08-13 00:00:00-04:00,41.86000614147334,44.24620743885537,41.86000614147334,44.130279541015625,560800,0.0,0.0
2025-08-14 00:00:00-04:00,42.507272289245876,43.32843402981199,41.19341055611509,43.18352508544922,296400,0.0,0.0
2025-08-15 00:00:00-04:00,43.87909979383212,43.99503138135048,42.362363200641774,43.62792205810547,294100,0.0,0.0
2025-08-18 00:00:00-04:00,44.14960187863236,44.79686997326085,43.70520852841447,43.96604537963867,298900,0.0,0.0
2025-08-19 00:00:00-04:00,44.584336569995386,45.25092660225741,43.62792125952409,43.65690231323242,233000,0.0,0.0
2025-08-20 00:00:00-04:00,43.62792024402609,44.38145710515502,43.00963321076324,43.405723571777344,229600,0.0,0.0
2025-08-21 00:00:00-04:00,42.71014644912158,43.21250555712023,41.811697002065706,43.05793380737305,173300,0.0,0.0
2025-08-22 00:00:00-04:00,43.6569024482906,46.26530416327296,43.6182622716538,45.40549850463867,303600,0.0,0.0
2025-08-25 00:00:00-04:00,45.01906631812419,45.3571945749429,43.93706400392348,44.27519226074219,263400,0.0,0.0
2025-08-26 00:00:00-04:00,44.24620566116245,44.8355116198667,43.57961566876391,44.19790267944336,419400,0.0,0.0
2025-08-27 00:00:00-04:00,43.34775570229956,44.91279882615823,41.83101924488984,43.48300552368164,427400,0.0,0.0
2025-08-28 00:00:00-04:00,44.27519074663024,44.27519074663024,42.73913233008228,43.30911636352539,272000,0.0,0.0
2025-08-29 00:00:00-04:00,43.5602945788278,43.92740388047678,42.41066737651188,42.55557632446289,262900,0.0,0.0
2025-09-02 00:00:00-04:00,41.937291341471955,41.96627239541537,40.74902022113199,41.164432525634766,356500,0.0,0.0
2025-09-03 00:00:00-04:00,41.23205602898773,42.11118359287193,40.50750022297498,40.77799987792969,386000,0.0,0.0
2025-09-04 00:00:00-04:00,40.87460732039677,41.57017835057811,39.927854893951206,41.15476608276367,492900,0.0,0.0
2025-09-05 00:00:00-04:00,40.96155816029756,42.30440105635527,40.64275182281427,40.71037673950195,493300,0.0,0.0
2025-09-08 00:00:00-04:00,40.691051407479684,40.691051407479684,38.671955828010994,39.23228073120117,787500,0.0,0.0
2025-09-09 00:00:00-04:00,39.25160292951045,39.68633713577503,38.4787441657519,39.367530822753906,602900,0.0,0.0
2025-09-10 00:00:00-04:00,39.251607697224586,39.773285122826586,38.353158123574296,39.03907012939453,1254300,0.0,0.0
2025-09-11 00:00:00-04:00,45.46346328933414,49.859101139825235,44.062654650751774,49.83012008666992,2165300,0.0,0.0
2025-09-12 00:00:00-04:00,48.97031246026824,49.21183107235627,44.84517412357084,45.531089782714844,932200,0.0,0.0
2025-09-15 00:00:00-04:00,45.43447742953763,46.07208638018775,43.95638479059448,45.19295883178711,466100,0.0,0.0
2025-09-16 00:00:00-04:00,45.067373470852694,45.357195061749714,44.04333325204966,44.69060134887695,391400,0.0,0.0
2025-09-17 00:00:00-04:00,45.20262410896857,46.70969788268635,43.95638719202384,44.66162109375,678900,0.0,0.0
2025-09-18 00:00:00-04:00,45.009406341571804,45.22194388838095,43.98536615318753,44.01435089111328,390400,0.0,0.0
2025-09-19 00:00:00-04:00,43.946727259661756,43.97570831315129,42.63286545067472,42.94200897216797,701000,0.0,0.0
2025-09-22 00:00:00-04:00,42.71014817444519,42.884041860595545,41.30933956280345,41.53153991699219,498300,0.0,0.0
2025-09-23 00:00:00-04:00,41.637806247971355,43.08691788563089,41.579844141045115,41.62814712524414,354900,0.0,0.0
2025-09-24 00:00:00-04:00,41.67644770486927,42.429984533685925,40.95189192784364,41.280357360839844,250100,0.0,0.0
2025-09-25 00:00:00-04:00,40.36258515545797,40.89392899607429,39.21295800589424,39.261260986328125,319900,0.0,0.0
2025-09-26 00:00:00-04:00,39.241940695244665,40.72003701813649,39.06804701019857,40.662071228027344,413900,0.0,0.0
2025-09-29 00:00:00-04:00,41.05816571827356,41.26104047617859,39.077713755977875,39.193641662597656,368100,0.0,0.0
2025-09-30 00:00:00-04:00,39.12601373178068,39.396513388167136,38.35315493833266,39.16465759277344,286000,0.0,0.0
2025-10-01 00:00:00-04:00,39.32888816371985,40.30462537703944,38.14061708718009,39.17431640625,403200,0.0,0.0
2025-10-02 00:00:00-04:00,39.135672143739676,39.92785653858055,38.807206701828555,39.33855056762695,268800,0.0,0.0
2025-10-03 00:00:00-04:00,39.72498040492032,40.53648309141017,39.11635615401412,39.25160598754883,307300,0.0,0.0
2025-10-06 00:00:00-04:00,39.31922644188197,39.464135381959565,37.928077031337686,37.957061767578125,397700,0.0,0.0
2025-10-07 00:00:00-04:00,38.51738618945959,38.51738618945959,36.865399811612406,37.2518310546875,476400,0.0,0.0
2025-10-08 00:00:00-04:00,37.51267263144388,38.42078128699228,36.942688559003514,37.79283142089844,368500,0.0,0.0
2025-10-09 00:00:00-04:00,37.65757849060514,37.841131294156305,37.01996955398166,37.618934631347656,304300,0.0,0.0
2025-10-10 00:00:00-04:00,37.74452647341563,38.159938759800525,34.38258800719102,34.5081787109375,498200,0.0,0.0
2025-10-13 00:00:00-04:00,35.25205416479901,36.09253780577997,35.155444519968306,35.90898132324219,370500,0.0,0.0
2025-10-14 00:00:00-04:00,35.02985645486224,36.45964982347665,35.02985645486224,36.24711227416992,227900,0.0,0.0
2025-10-15 00:00:00-04:00,36.41134168420119,37.10691640999821,35.67712678441197,36.305076599121094,295900,0.0,0.0
2025-10-16 00:00:00-04:00,36.19880810443,37.04895090323252,35.860679861134216,36.875057220458984,424100,0.0,0.0
2025-10-17 00:00:00-04:00,36.66844854577939,37.77037027104703,36.6192563153269,37.35715103149414,609200,0.69,0.0
2025-10-20 00:00:00-04:00,37.47521486836759,38.1737543312284,36.914415158394625,37.59327697753906,337900,0.0,0.0
2025-10-21 00:00:00-04:00,37.63263241043326,39.23632472481219,37.603117821308004,38.891971588134766,313900,0.0,0.0
2025-10-22 00:00:00-04:00,38.7542327295007,39.462612909876796,37.83924291422387,37.91795349121094,370800,0.0,0.0
2025-10-23 00:00:00-04:00,38.213110362286294,39.87583188084529,37.91795320705048,39.846317291259766,594800,0.0,0.0
2025-10-24 00:00:00-04:00,39.993896975350665,40.00373392064748,39.02971119868476,39.93486404418945,406400,0.0,0.0
2025-10-27 00:00:00-04:00,40.298891193981156,40.721951152452355,38.55745912720763,39.33470916748047,470900,0.0,0.0
2025-10-28 00:00:00-04:00,38.96083944740986,39.39374008217378,38.07536804136172,38.685359954833984,361300,0.0,0.0
2025-10-29 00:00:00-04:00,38.28197962000694,38.43939701712477,36.91441527883456,36.99312210083008,317600,0.0,0.0
2025-10-30 00:00:00-04:00,36.343772671308656,37.071830434665976,35.38943140097232,35.9305534362793,288000,0.0,0.0
2025-10-31 00:00:00-04:00,35.57636433660507,36.314259064620764,34.956531714196416,36.255226135253906,310300,0.0,0.0
2025-11-03 00:00:00-05:00,35.9305545851904,36.87505894099593,35.655075086362125,36.38312911987305,298300,0.0,0.0
2025-11-04 00:00:00-05:00,36.02893817166441,36.8553804011705,35.69442575131368,35.901039123535156,318300,0.0,0.0
2025-11-05 00:00:00-05:00,36.17652003015193,37.81956385547261,35.95023275946789,37.49489212036133,301300,0.0,0.0
2025-11-06 00:00:00-05:00,36.9832855775186,37.8097278600994,35.50749605527624,35.635398864746094,320800,0.0,0.0
2025-11-07 00:00:00-05:00,35.49765899565325,36.59958078450752,35.1434689109541,36.520870208740234,275600,0.0,0.0
2025-11-10 00:00:00-05:00,36.865222116799806,36.89473670516339,34.76960002107105,35.34023666381836,345500,0.0,0.0
2025-11-11 00:00:00-05:00,35.753459260136324,36.078130987825375,34.986049946392534,35.68458938598633,478300,0.0,0.0
2025-11-12 00:00:00-05:00,36.00926187062708,37.012799169071016,35.6845901361131,36.038780212402344,323700,0.0,0.0
2025-11-13 00:00:00-05:00,35.822328644873984,36.67828546413446,35.12378921482378,35.30088424682617,280000,0.0,0.0
2025-11-14 00:00:00-05:00,34.444923400878906,34.7302435894086,34.09073709281366,34.444923400878906,308600,0.0,0.0
2025-11-17 00:00:00-05:00,34.1202543651704,34.4252522203366,33.14623162024582,33.26429748535156,411500,0.0,0.0
2025-11-18 00:00:00-05:00,33.03801052492639,33.165909583665055,31.985277193131672,33.077362060546875,436500,0.0,0.0
2025-11-19 00:00:00-05:00,33.14623018946224,33.36268051301931,31.10964289494843,31.227705001831055,381200,0.0,0.0
2025-11-20 00:00:00-05:00,31.611411870167558,32.103341699288194,30.962062769290014,31.483509063720703,510500,0.0,0.0
2025-11-21 00:00:00-05:00,32.03447253458349,33.775904618703194,31.46383211863527,33.00849151611328,407100,0.0,0.0
2025-11-24 00:00:00-05:00,32.64446222377345,33.55945196310967,32.30994980559541,33.274131774902344,575100,0.0,0.0
2025-11-25 00:00:00-05:00,34.48428196463076,36.57990419049904,33.95299682233284,36.402809143066406,482600,0.0,0.0
2025-11-26 00:00:00-05:00,36.66844836559375,37.94746511670667,36.6290930801745,37.229248046875,339300,0.0,0.0
2025-11-28 00:00:00-05:00,37.03247519301626,37.72117767200134,36.73731806005882,37.54408264160156,141300,0.0,0.0
2025-12-01 00:00:00-05:00,37.04231920634444,39.41342093322535,36.78651358259272,38.616493225097656,370400,0.0,0.0
2025-12-02 00:00:00-05:00,38.813264242372405,40.082444101408086,38.08520644438338,39.83647918701172,338000,0.0,0.0
2025-12-03 00:00:00-05:00,39.964379474660504,41.39097677284933,39.964379474660504,40.13163757324219,807800,0.0,0.0
2025-12-04 00:00:00-05:00,39.6495431063118,39.81680119827713,38.341011724693864,39.137935638427734,475700,0.0,0.0
2025-12-05 00:00:00-05:00,39.59051407989459,40.210342958904945,39.02971062492417,40.15131378173828,442100,0.0,0.0
2025-12-08 00:00:00-05:00,40.09228120269245,40.397279048856966,38.32133456276942,38.35084915161133,489400,0.0,0.0
2025-12-09 00:00:00-05:00,38.14423904425742,40.33824561127601,38.14423904425742,39.137935638427734,380000,0.0,0.0
2025-12-10 00:00:00-05:00,39.12809810379416,40.27921207434517,38.51810618144559,39.797122955322266,885600,0.0,0.0
2025-12-11 00:00:00-05:00,31.877055008066172,34.33670419840687,30.07658999923591,31.34576988220215,2644200,0.0,0.0
2025-12-12 00:00:00-05:00,31.729475061964195,35.035244227059835,31.581894606936867,34.277671813964844,1159700,0.0,0.0
2025-12-15 00:00:00-05:00,35.399269376587334,37.150538333785605,34.16944482729041,36.98328399658203,1056300,0.0,0.0
2025-12-16 00:00:00-05:00,37.12102365881882,38.16391622531006,36.67828607148166,36.69796371459961,877300,0.0,0.0
2025-12-17 00:00:00-05:00,36.69796601790152,37.17021822299259,34.84830873311632,36.14700698852539,749100,0.0,0.0
2025-12-18 00:00:00-05:00,36.35361471108078,37.376829644818294,36.30442247935097,36.51103210449219,535200,0.0,0.0
2025-12-19 00:00:00-05:00,36.225713568044064,36.707806468617726,35.18282094314349,35.73378372192383,673300,0.0,0.0
2025-12-22 00:00:00-05:00,36.01910323612343,36.481518483525065,35.418948234974955,36.10765075683594,299700,0.0,0.0
2025-12-23 00:00:00-05:00,35.98958702112638,36.333936389937755,34.208799741965734,34.385894775390625,582600,0.0,0.0
2025-12-24 00:00:00-05:00,34.56299161659577,35.36975625411649,34.189123887241074,34.90734100341797,177900,0.0,0.0
2025-12-26 00:00:00-05:00,34.77943675874934,35.12378988448674,33.7562255859375,33.7562255859375,451700,0.0,0.0
2025-12-29 00:00:00-05:00,33.4512299714265,33.795579366940416,32.8609156496521,33.205265045166016,431200,0.0,0.0
2025-12-30 00:00:00-05:00,33.10687802131108,33.333165285634664,32.733010311368076,33.057682037353516,251900,0.0,0.0
2025-12-31 00:00:00-05:00,33.15607277255432,33.72670944919891,32.71333515516727,33.64800262451172,357200,0.0,0.0
2026-01-02 00:00:00-05:00,34.248155877297485,35.64523478327049,33.608645601498914,35.31072235107422,385100,0.0,0.0
2026-01-05 00:00:00-05:00,35.16314672457329,36.274905464199776,34.336704440662935,34.74992370605469,409600,0.0,0.0
2026-01-06 00:00:00-05:00,34.74008601438751,37.25876434696441,34.74008601438751,37.180057525634766,365400,0.0,0.0
2026-01-07 00:00:00-05:00,36.74715691116513,37.29811967356125,36.28474542168931,36.29458236694336,361500,0.0,0.0
2026-01-08 00:00:00-05:00,36.36345109125538,39.59051323574565,36.09780854028923,37.89827346801758,610300,0.0,0.0
2026-01-09 00:00:00-05:00,37.937629768057,38.626328526236406,35.084435258271526,35.43862533569336,677400,0.0,0.0
2026-01-12 00:00:00-05:00,33.45122799888249,37.79988583723639,33.45122799888249,37.68182373046875,527100,0.0,0.0
2026-01-13 00:00:00-05:00,38.23278704311693,39.09858459603829,37.74085721240905,38.35084915161133,379500,0.0,0.0
2026-01-14 00:00:00-05:00,38.35084947511412,39.85615356877744,38.08520691391586,39.77744674682617,448000,0.0,0.0
2026-01-15 00:00:00-05:00,39.62002981417473,42.325643937602806,39.177292206988405,42.060001373291016,590400,0.0,0.0
2026-01-16 00:00:00-05:00,42.060001373291016,42.47999954223633,40.529998779296875,40.65999984741211,394400,0.69,0.0
2026-01-20 00:00:00-05:00,40.0,40.29999923706055,37.369998931884766,37.790000915527344,440600,0.0,0.0
2026-01-21 00:00:00-05:00,38.08000183105469,39.06999969482422,37.18000030517578,38.43000030517578,255000,0.0,0.0
2026-01-22 00:00:00-05:00,38.20000076293945,39.209999084472656,37.9900016784668,38.06999969482422,251500,0.0,0.0
2026-01-23 00:00:00-05:00,37.650001525878906,37.93000030517578,36.31999969482422,36.97999954223633,231900,0.0,0.0
2026-01-26 00:00:00-05:00,36.939998626708984,37.720001220703125,36.29999923706055,37.709999084472656,292400,0.0,0.0
2026-01-27 00:00:00-05:00,37.36000061035156,37.58000183105469,36.369998931884766,37.220001220703125,281600,0.0,0.0
2026-01-28 00:00:00-05:00,37.540000915527344,37.939998626708984,36.560001373291016,36.95000076293945,260300,0.0,0.0
2026-01-29 00:00:00-05:00,36.59000015258789,37.0,35.41999816894531,36.540000915527344,388600,0.0,0.0
2026-01-30 00:00:00-05:00,36.52000045776367,37.630001068115234,35.95000076293945,36.849998474121094,384600,0.0,0.0
2026-02-02 00:00:00-05:00,37.47999954223633,38.040000915527344,36.400001525878906,36.65999984741211,275100,0.0,0.0
2026-02-03 00:00:00-05:00,36.09000015258789,37.790000915527344,35.88999938964844,36.720001220703125,338700,0.0,0.0
2026-02-04 00:00:00-05:00,37.689998626708984,40.54999923706055,36.72999954223633,39.720001220703125,402300,0.0,0.0
2026-02-05 00:00:00-05:00,40.04999923706055,40.68000030517578,37.959999084472656,38.25,249900,0.0,0.0
2026-02-06 00:00:00-05:00,38.31999969482422,40.79999923706055,38.290000915527344,40.02000045776367,294400,0.0,0.0
2026-02-09 00:00:00-05:00,40.0099983215332,40.75,39.029998779296875,39.65999984741211,214100,0.0,0.0
2026-02-10 00:00:00-05:00,39.91999816894531,41.33000183105469,39.72999954223633,39.72999954223633,224600,0.0,0.0
2026-02-11 00:00:00-05:00,39.77000045776367,40.58000183105469,39.470001220703125,40.09000015258789,189900,0.0,0.0
2026-02-12 00:00:00-05:00,40.7400016784668,41.599998474121094,38.66999816894531,38.720001220703125,272100,0.0,0.0
2026-02-13 00:00:00-05:00,38.97999954223633,39.189998626708984,36.84000015258789,38.220001220703125,247400,0.0,0.0
2026-02-17 00:00:00-05:00,38.91999816894531,39.959999084472656,37.310001373291016,38.970001220703125,227700,0.0,0.0
2026-02-18 00:00:00-05:00,38.619998931884766,40.22999954223633,38.58000183105469,39.040000915527344,366700,0.0,0.0
2026-02-19 00:00:00-05:00,39.02000045776367,39.58000183105469,37.970001220703125,39.2400016784668,178100,0.0,0.0
2026-02-20 00:00:00-05:00,39.400001525878906,41.9900016784668,38.90999984741211,41.34000015258789,376600,0.0,0.0
2026-02-23 00:00:00-05:00,40.630001068115234,41.130001068115234,39.040000915527344,40.38999938964844,271800,0.0,0.0
2026-02-24 00:00:00-05:00,40.45000076293945,41.220001220703125,40.060001373291016,40.619998931884766,136400,0.0,0.0
2026-02-25 00:00:00-05:00,40.5099983215332,40.5099983215332,39.220001220703125,40.06999969482422,158400,0.0,0.0
2026-02-26 00:00:00-05:00,40.470001220703125,41.099998474121094,39.5099983215332,40.400001525878906,212400,0.0,0.0
2026-02-27 00:00:00-05:00,39.5099983215332,40.029998779296875,38.31999969482422,39.59000015258789,364700,0.0,0.0
2026-03-02 00:00:00-05:00,38.38999938964844,39.08000183105469,37.4900016784668,38.689998626708984,255100,0.0,0.0
2026-03-03 00:00:00-05:00,37.529998779296875,39.02000045776367,36.95000076293945,38.7400016784668,242300,0.0,0.0
2026-03-04 00:00:00-05:00,38.470001220703125,38.900001525878906,37.47999954223633,38.189998626708984,183300,0.0,0.0
2026-03-05 00:00:00-05:00,38.0099983215332,39.11000061035156,37.81999969482422,38.970001220703125,243700,0.0,0.0
2026-03-06 00:00:00-05:00,38.61000061035156,38.61000061035156,36.939998626708984,37.47999954223633,218700,0.0,0.0
2026-03-09 00:00:00-04:00,36.939998626708984,39.310001373291016,35.599998474121094,38.86000061035156,407916,0.0,0.0
