Date,Open,High,Low,Close,Volume,Dividends,Stock Splits
2022-01-03 00:00:00-05:00,32.400001525878906,33.279998779296875,32.290000915527344,33.22999954223633,1479000,0.0,0.0
2022-01-04 00:00:00-05:00,33.619998931884766,34.43000030517578,33.40999984741211,34.11000061035156,2117800,0.0,0.0
2022-01-05 00:00:00-05:00,34.290000915527344,34.63999938964844,33.41999816894531,33.470001220703125,1209700,0.0,0.0
2022-01-06 00:00:00-05:00,33.61000061035156,34.06999969482422,32.959999084472656,33.72999954223633,1219700,0.0,0.0
2022-01-07 00:00:00-05:00,33.630001068115234,33.880001068115234,33.22999954223633,33.34000015258789,1417700,0.0,0.0
2022-01-10 00:00:00-05:00,32.83000183105469,33.0,32.150001525878906,32.900001525878906,1211900,0.0,0.0
2022-01-11 00:00:00-05:00,32.97999954223633,33.29999923706055,32.459999084472656,33.06999969482422,1414700,0.0,0.0
2022-01-12 00:00:00-05:00,33.369998931884766,34.18000030517578,33.310001373291016,33.47999954223633,885800,0.0,0.0
2022-01-13 00:00:00-05:00,33.83000183105469,34.56999969482422,33.5099983215332,34.09000015258789,1523400,0.0,0.0
2022-01-14 00:00:00-05:00,33.61000061035156,34.119998931884766,33.310001373291016,33.9900016784668,1406500,0.0,0.0
2022-01-18 00:00:00-05:00,33.66999816894531,33.720001220703125,32.4900016784668,32.56999969482422,2330100,0.0,0.0
2022-01-19 00:00:00-05:00,32.560001373291016,33.060001373291016,31.90999984741211,32.0099983215332,1935900,0.0,0.0
2022-01-20 00:00:00-05:00,32.0099983215332,32.77000045776367,31.709999084472656,32.029998779296875,1637000,0.0,0.0
2022-01-21 00:00:00-05:00,31.889999389648438,31.889999389648438,30.510000228881836,30.540000915527344,1455000,0.0,0.0
2022-01-24 00:00:00-05:00,29.610000610351562,30.360000610351562,28.81999969482422,30.31999969482422,2212400,0.0,0.0
2022-01-25 00:00:00-05:00,29.68000030517578,30.020000457763672,28.81999969482422,29.440000534057617,2164800,0.0,0.0
2022-01-26 00:00:00-05:00,29.950000762939453,30.450000762939453,28.950000762939453,29.31999969482422,1289800,0.0,0.0
2022-01-27 00:00:00-05:00,29.799999237060547,30.299999237060547,28.739999771118164,28.989999771118164,1223100,0.0,0.0
2022-01-28 00:00:00-05:00,28.790000915527344,29.670000076293945,28.56999969482422,29.65999984741211,1098500,0.0,0.0
2022-01-31 00:00:00-05:00,29.399999618530273,30.100000381469727,29.260000228881836,30.079999923706055,1929300,0.0,0.0
2022-02-01 00:00:00-05:00,30.010000228881836,30.850000381469727,29.75,30.790000915527344,1544500,0.0,0.0
2022-02-02 00:00:00-05:00,30.780000686645508,30.84000015258789,30.239999771118164,30.690000534057617,1737700,0.0,0.0
2022-02-03 00:00:00-05:00,32.349998474121094,35.40999984741211,31.760000228881836,34.90999984741211,4647400,0.0,0.0
2022-02-04 00:00:00-05:00,34.77000045776367,36.380001068115234,34.77000045776367,36.029998779296875,3155500,0.0,0.0
2022-02-07 00:00:00-05:00,36.33000183105469,37.529998779296875,36.15999984741211,37.33000183105469,2836300,0.0,0.0
2022-02-08 00:00:00-05:00,37.65999984741211,38.900001525878906,37.349998474121094,38.81999969482422,3803700,0.0,0.0
2022-02-09 00:00:00-05:00,39.130001068115234,39.650001525878906,38.29999923706055,38.630001068115234,2680900,0.0,0.0
2022-02-10 00:00:00-05:00,38.380001068115234,38.81999969482422,37.47999954223633,37.810001373291016,1738000,0.0,0.0
2022-02-11 00:00:00-05:00,37.84000015258789,38.20000076293945,36.63999938964844,36.84000015258789,1715800,0.0,0.0
2022-02-14 00:00:00-05:00,36.880001068115234,37.20000076293945,36.099998474121094,36.68000030517578,2530600,0.0,0.0
2022-02-15 00:00:00-05:00,37.16999816894531,37.779998779296875,36.790000915527344,37.36000061035156,1271700,0.0,0.0
2022-02-16 00:00:00-05:00,36.939998626708984,37.59000015258789,36.68000030517578,37.349998474121094,1444500,0.0,0.0
2022-02-17 00:00:00-05:00,36.95000076293945,37.15999984741211,35.599998474121094,35.790000915527344,1788000,0.0,0.0
2022-02-18 00:00:00-05:00,35.72999954223633,36.41999816894531,35.310001373291016,35.619998931884766,1995000,0.0,0.0
2022-02-22 00:00:00-05:00,35.5,36.040000915527344,34.81999969482422,35.13999938964844,2239500,0.0,0.0
2022-02-23 00:00:00-05:00,35.400001525878906,35.540000915527344,34.20000076293945,34.439998626708984,2169600,0.0,0.0
2022-02-24 00:00:00-05:00,33.25,35.2400016784668,32.88999938964844,35.060001373291016,2067100,0.0,0.0
2022-02-25 00:00:00-05:00,35.150001525878906,35.75,34.81999969482422,35.529998779296875,1570800,0.0,0.0
2022-02-28 00:00:00-05:00,34.54999923706055,34.959999084472656,33.650001525878906,34.029998779296875,2614100,0.0,0.0
2022-03-01 00:00:00-05:00,33.790000915527344,33.88999938964844,29.959999084472656,30.09000015258789,4502600,0.0,0.0
2022-03-02 00:00:00-05:00,29.899999618530273,31.709999084472656,29.899999618530273,31.610000610351562,5753300,0.0,0.0
2022-03-03 00:00:00-05:00,31.780000686645508,32.08000183105469,30.84000015258789,31.34000015258789,3663200,0.0,0.0
2022-03-04 00:00:00-05:00,30.719999313354492,30.860000610351562,29.489999771118164,30.0,4499500,0.0,0.0
2022-03-07 00:00:00-05:00,29.860000610351562,30.030000686645508,28.90999984741211,28.950000762939453,2849200,0.0,0.0
2022-03-08 00:00:00-05:00,29.229999542236328,31.40999984741211,29.030000686645508,30.860000610351562,2949100,0.0,0.0
2022-03-09 00:00:00-05:00,30.690000534057617,30.940000534057617,29.969999313354492,29.979999542236328,3548600,0.0,0.0
2022-03-10 00:00:00-05:00,29.610000610351562,30.229999542236328,29.40999984741211,30.110000610351562,3337600,0.0,0.0
2022-03-11 00:00:00-05:00,30.510000228881836,31.059999465942383,30.260000228881836,30.559999465942383,1822200,0.0,0.0
2022-03-14 00:00:00-04:00,30.8700008392334,31.219999313354492,30.469999313354492,30.5,1957500,0.0,0.0
2022-03-15 00:00:00-04:00,30.68000030517578,31.309999465942383,30.360000610351562,31.1200008392334,2727000,0.0,0.0
2022-03-16 00:00:00-04:00,31.6200008392334,33.18000030517578,31.6200008392334,32.7599983215332,2699800,0.0,0.0
2022-03-17 00:00:00-04:00,32.31999969482422,32.709999084472656,32.0,32.61000061035156,2113900,0.0,0.0
2022-03-18 00:00:00-04:00,32.5,33.279998779296875,32.18000030517578,33.20000076293945,4438100,0.0,0.0
2022-03-21 00:00:00-04:00,33.290000915527344,33.720001220703125,32.70000076293945,32.9900016784668,1630500,0.0,0.0
2022-03-22 00:00:00-04:00,33.060001373291016,33.650001525878906,32.97999954223633,33.459999084472656,1806000,0.0,0.0
2022-03-23 00:00:00-04:00,33.13999938964844,33.22999954223633,31.969999313354492,32.27000045776367,1605200,0.0,0.0
2022-03-24 00:00:00-04:00,32.5099983215332,33.16999816894531,32.209999084472656,32.77000045776367,1708600,0.0,0.0
2022-03-25 00:00:00-04:00,32.959999084472656,33.65999984741211,32.79999923706055,33.540000915527344,1510600,0.0,0.0
2022-03-28 00:00:00-04:00,33.33000183105469,33.439998626708984,32.560001373291016,32.93000030517578,1379500,0.0,0.0
2022-03-29 00:00:00-04:00,33.150001525878906,34.130001068115234,32.939998626708984,33.93000030517578,1196000,0.0,0.0
2022-03-30 00:00:00-04:00,33.779998779296875,34.119998931884766,32.83000183105469,33.099998474121094,1405300,0.0,0.0
2022-03-31 00:00:00-04:00,32.83000183105469,33.20000076293945,32.630001068115234,32.630001068115234,1466700,0.0,0.0
2022-04-01 00:00:00-04:00,32.619998931884766,32.810001373291016,31.0,31.350000381469727,1820900,0.0,0.0
2022-04-04 00:00:00-04:00,31.270000457763672,32.220001220703125,31.239999771118164,31.860000610351562,2481600,0.0,0.0
2022-04-05 00:00:00-04:00,31.850000381469727,31.850000381469727,30.469999313354492,30.770000457763672,1712100,0.0,0.0
2022-04-06 00:00:00-04:00,30.399999618530273,30.84000015258789,30.059999465942383,30.399999618530273,2023100,0.0,0.0
2022-04-07 00:00:00-04:00,30.360000610351562,30.690000534057617,29.850000381469727,30.40999984741211,1509500,0.0,0.0
2022-04-08 00:00:00-04:00,30.40999984741211,31.219999313354492,29.979999542236328,30.709999084472656,1850600,0.0,0.0
2022-04-11 00:00:00-04:00,30.520000457763672,31.399999618530273,30.520000457763672,30.8799991607666,1560700,0.0,0.0
2022-04-12 00:00:00-04:00,31.040000915527344,31.549999237060547,30.690000534057617,30.700000762939453,1041000,0.0,0.0
2022-04-13 00:00:00-04:00,30.540000915527344,31.06999969482422,30.360000610351562,31.010000228881836,834000,0.0,0.0
2022-04-14 00:00:00-04:00,31.200000762939453,31.729999542236328,31.030000686645508,31.25,1267400,0.0,0.0
2022-04-18 00:00:00-04:00,31.1299991607666,31.639999389648438,30.979999542236328,31.190000534057617,1632400,0.0,0.0
2022-04-19 00:00:00-04:00,31.25,31.90999984741211,31.059999465942383,31.40999984741211,1688500,0.0,0.0
2022-04-20 00:00:00-04:00,31.649999618530273,32.63999938964844,31.5,31.889999389648438,1375400,0.0,0.0
2022-04-21 00:00:00-04:00,31.809999465942383,32.06999969482422,30.639999389648438,30.709999084472656,1389500,0.0,0.0
2022-04-22 00:00:00-04:00,30.59000015258789,30.670000076293945,29.389999389648438,29.43000030517578,1458700,0.0,0.0
2022-04-25 00:00:00-04:00,29.059999465942383,30.139999389648438,28.809999465942383,30.139999389648438,2218600,0.0,0.0
2022-04-26 00:00:00-04:00,29.719999313354492,29.920000076293945,29.110000610351562,29.15999984741211,1714200,0.0,0.0
2022-04-27 00:00:00-04:00,29.139999389648438,29.8799991607666,28.690000534057617,28.850000381469727,1996400,0.0,0.0
2022-04-28 00:00:00-04:00,29.299999237060547,29.65999984741211,28.540000915527344,29.579999923706055,2271800,0.0,0.0
2022-04-29 00:00:00-04:00,29.510000228881836,29.93000030517578,28.6299991607666,28.700000762939453,1787700,0.0,0.0
2022-05-02 00:00:00-04:00,28.68000030517578,29.389999389648438,28.5,29.3700008392334,1486500,0.0,0.0
2022-05-03 00:00:00-04:00,29.5,30.399999618530273,29.459999084472656,29.889999389648438,1517800,0.0,0.0
2022-05-04 00:00:00-04:00,30.06999969482422,30.889999389648438,29.799999237060547,30.889999389648438,2391800,0.0,0.0
2022-05-05 00:00:00-04:00,30.309999465942383,30.690000534057617,29.1299991607666,29.729999542236328,1535600,0.0,0.0
2022-05-06 00:00:00-04:00,29.649999618530273,29.81999969482422,28.75,29.420000076293945,1320600,0.0,0.0
2022-05-09 00:00:00-04:00,28.850000381469727,29.059999465942383,27.829999923706055,28.190000534057617,4884300,0.0,0.0
2022-05-10 00:00:00-04:00,28.459999084472656,28.739999771118164,27.43000030517578,28.290000915527344,1988500,0.0,0.0
2022-05-11 00:00:00-04:00,28.34000015258789,28.889999389648438,27.399999618530273,27.549999237060547,2330600,0.0,0.0
2022-05-12 00:00:00-04:00,27.56999969482422,28.280000686645508,27.280000686645508,28.1200008392334,2374600,0.0,0.0
2022-05-13 00:00:00-04:00,28.520000457763672,29.90999984741211,28.280000686645508,29.670000076293945,2328800,0.0,0.0
2022-05-16 00:00:00-04:00,29.450000762939453,30.059999465942383,29.15999984741211,29.6299991607666,1675300,0.0,0.0
2022-05-17 00:00:00-04:00,30.280000686645508,30.780000686645508,30.170000076293945,30.690000534057617,2214800,0.0,0.0
2022-05-18 00:00:00-04:00,30.200000762939453,30.40999984741211,28.6200008392334,29.139999389648438,2306000,0.0,0.0
2022-05-19 00:00:00-04:00,28.729999542236328,30.06999969482422,28.649999618530273,29.639999389648438,2185200,0.0,0.0
2022-05-20 00:00:00-04:00,30.030000686645508,30.31999969482422,28.969999313354492,29.600000381469727,2284900,0.0,0.0
2022-05-23 00:00:00-04:00,30.170000076293945,30.43000030517578,29.690000534057617,30.059999465942383,1714100,0.0,0.0
2022-05-24 00:00:00-04:00,29.790000915527344,29.90999984741211,28.719999313354492,29.440000534057617,2163100,0.0,0.0
2022-05-25 00:00:00-04:00,29.290000915527344,29.690000534057617,28.90999984741211,29.450000762939453,3775100,0.0,0.0
2022-05-26 00:00:00-04:00,29.649999618530273,34.279998779296875,29.510000228881836,34.15999984741211,5632700,0.0,0.0
2022-05-27 00:00:00-04:00,34.209999084472656,35.959999084472656,34.209999084472656,35.08000183105469,2323700,0.0,0.0
2022-05-31 00:00:00-04:00,34.65999984741211,35.58000183105469,34.65999984741211,35.220001220703125,2876000,0.0,0.0
2022-06-01 00:00:00-04:00,35.43000030517578,35.86000061035156,34.11000061035156,34.56999969482422,1581100,0.0,0.0
2022-06-02 00:00:00-04:00,34.52000045776367,35.150001525878906,34.11000061035156,35.130001068115234,1878700,0.0,0.0
2022-06-03 00:00:00-04:00,34.81999969482422,35.369998931884766,34.4900016784668,35.25,1912600,0.0,0.0
2022-06-06 00:00:00-04:00,35.810001373291016,36.0,35.29999923706055,35.400001525878906,1551500,0.0,0.0
2022-06-07 00:00:00-04:00,35.02000045776367,35.720001220703125,34.779998779296875,35.689998626708984,1683300,0.0,0.0
2022-06-08 00:00:00-04:00,35.54999923706055,36.0,35.15999984741211,35.2400016784668,1210100,0.0,0.0
2022-06-09 00:00:00-04:00,35.09000015258789,35.27000045776367,34.41999816894531,34.4900016784668,1455200,0.0,0.0
2022-06-10 00:00:00-04:00,33.779998779296875,34.060001373291016,32.709999084472656,32.7400016784668,1498300,0.0,0.0
2022-06-13 00:00:00-04:00,31.84000015258789,32.290000915527344,30.0,30.149999618530273,2182900,0.0,0.0
2022-06-14 00:00:00-04:00,30.309999465942383,31.34000015258789,30.010000228881836,31.1200008392334,1972200,0.0,0.0
2022-06-15 00:00:00-04:00,31.489999771118164,32.810001373291016,31.489999771118164,32.34000015258789,1855500,0.0,0.0
2022-06-16 00:00:00-04:00,31.459999084472656,31.459999084472656,29.3700008392334,29.75,2282300,0.0,0.0
2022-06-17 00:00:00-04:00,30.049999237060547,30.479999542236328,29.079999923706055,30.190000534057617,4997700,0.0,0.0
2022-06-21 00:00:00-04:00,30.739999771118164,31.049999237060547,30.209999084472656,30.68000030517578,1898000,0.0,0.0
2022-06-22 00:00:00-04:00,30.020000457763672,31.1200008392334,30.010000228881836,30.540000915527344,1629800,0.0,0.0
2022-06-23 00:00:00-04:00,30.530000686645508,30.610000610351562,29.90999984741211,30.290000915527344,834900,0.0,0.0
2022-06-24 00:00:00-04:00,30.6200008392334,32.18000030517578,30.399999618530273,32.150001525878906,1667600,0.0,0.0
2022-06-27 00:00:00-04:00,32.25,32.5,31.6299991607666,32.31999969482422,1464900,0.0,0.0
2022-06-28 00:00:00-04:00,32.72999954223633,33.119998931884766,31.190000534057617,31.309999465942383,917600,0.0,0.0
2022-06-29 00:00:00-04:00,31.200000762939453,31.209999084472656,30.139999389648438,30.530000686645508,713600,0.0,0.0
2022-06-30 00:00:00-04:00,29.90999984741211,30.709999084472656,29.440000534057617,30.309999465942383,1777500,0.0,0.0
2022-07-01 00:00:00-04:00,30.170000076293945,30.799999237060547,29.329999923706055,29.940000534057617,901900,0.0,0.0
2022-07-05 00:00:00-04:00,29.219999313354492,29.899999618530273,28.700000762939453,29.889999389648438,1188500,0.0,0.0
2022-07-06 00:00:00-04:00,29.829999923706055,29.959999084472656,28.760000228881836,29.31999969482422,1383200,0.0,0.0
2022-07-07 00:00:00-04:00,29.790000915527344,30.1299991607666,29.6299991607666,29.8700008392334,1171500,0.0,0.0
2022-07-08 00:00:00-04:00,30.0,30.020000457763672,29.309999465942383,29.8700008392334,1176200,0.0,0.0
2022-07-11 00:00:00-04:00,29.420000076293945,29.709999084472656,29.079999923706055,29.260000228881836,822300,0.0,0.0
2022-07-12 00:00:00-04:00,28.850000381469727,29.290000915527344,28.510000228881836,28.65999984741211,1605200,0.0,0.0
2022-07-13 00:00:00-04:00,28.100000381469727,28.65999984741211,27.799999237060547,28.549999237060547,1194200,0.0,0.0
2022-07-14 00:00:00-04:00,27.8700008392334,28.100000381469727,27.31999969482422,27.950000762939453,1420500,0.0,0.0
2022-07-15 00:00:00-04:00,28.510000228881836,28.81999969482422,27.959999084472656,28.739999771118164,988200,0.0,0.0
2022-07-18 00:00:00-04:00,29.170000076293945,29.520000457763672,28.93000030517578,29.010000228881836,1171900,0.0,0.0
2022-07-19 00:00:00-04:00,29.510000228881836,30.959999084472656,29.489999771118164,30.790000915527344,1283700,0.0,0.0
2022-07-20 00:00:00-04:00,30.299999237060547,30.81999969482422,30.110000610351562,30.799999237060547,1044200,0.0,0.0
2022-07-21 00:00:00-04:00,30.559999465942383,31.309999465942383,30.549999237060547,31.270000457763672,887600,0.0,0.0
2022-07-22 00:00:00-04:00,31.530000686645508,31.709999084472656,30.81999969482422,31.0,820900,0.0,0.0
2022-07-25 00:00:00-04:00,31.290000915527344,31.399999618530273,30.84000015258789,31.15999984741211,783200,0.0,0.0
2022-07-26 00:00:00-04:00,30.889999389648438,31.1299991607666,30.219999313354492,30.489999771118164,758100,0.0,0.0
2022-07-27 00:00:00-04:00,30.700000762939453,31.739999771118164,30.700000762939453,31.690000534057617,903700,0.0,0.0
2022-07-28 00:00:00-04:00,31.700000762939453,31.959999084472656,31.139999389648438,31.649999618530273,799500,0.0,0.0
2022-07-29 00:00:00-04:00,31.6299991607666,31.989999771118164,31.450000762939453,31.600000381469727,1069900,0.0,0.0
2022-08-01 00:00:00-04:00,31.229999542236328,31.950000762939453,31.079999923706055,31.649999618530273,799700,0.0,0.0
2022-08-02 00:00:00-04:00,31.3799991607666,31.579999923706055,30.899999618530273,31.1200008392334,935200,0.0,0.0
2022-08-03 00:00:00-04:00,31.399999618530273,31.860000610351562,31.18000030517578,31.520000457763672,1862000,0.0,0.0
2022-08-04 00:00:00-04:00,29.059999465942383,29.260000228881836,25.06999969482422,26.149999618530273,8573500,0.0,0.0
2022-08-05 00:00:00-04:00,26.020000457763672,26.8700008392334,25.5,25.540000915527344,3266000,0.0,0.0
2022-08-08 00:00:00-04:00,25.600000381469727,26.68000030517578,25.600000381469727,26.219999313354492,2786100,0.0,0.0
2022-08-09 00:00:00-04:00,26.149999618530273,26.149999618530273,25.559999465942383,25.760000228881836,1953700,0.0,0.0
2022-08-10 00:00:00-04:00,26.270000457763672,26.719999313354492,26.219999313354492,26.329999923706055,2003400,0.0,0.0
2022-08-11 00:00:00-04:00,26.670000076293945,26.899999618530273,26.260000228881836,26.309999465942383,1566900,0.0,0.0
2022-08-12 00:00:00-04:00,26.31999969482422,26.729999542236328,26.229999542236328,26.639999389648438,1333700,0.0,0.0
2022-08-15 00:00:00-04:00,26.239999771118164,27.030000686645508,26.100000381469727,26.700000762939453,1446300,0.0,0.0
2022-08-16 00:00:00-04:00,26.770000457763672,26.8799991607666,26.530000686645508,26.68000030517578,1058900,0.0,0.0
2022-08-17 00:00:00-04:00,26.309999465942383,26.459999084472656,25.6299991607666,25.920000076293945,1432500,0.0,0.0
2022-08-18 00:00:00-04:00,25.90999984741211,26.31999969482422,25.65999984741211,26.229999542236328,922600,0.0,0.0
2022-08-19 00:00:00-04:00,26.0,26.190000534057617,25.479999542236328,25.93000030517578,1891900,0.0,0.0
2022-08-22 00:00:00-04:00,25.40999984741211,25.5,24.530000686645508,24.690000534057617,1490600,0.0,0.0
2022-08-23 00:00:00-04:00,24.829999923706055,25.31999969482422,24.610000610351562,25.110000610351562,1286600,0.0,0.0
2022-08-24 00:00:00-04:00,25.100000381469727,25.149999618530273,24.809999465942383,25.030000686645508,844400,0.0,0.0
2022-08-25 00:00:00-04:00,25.229999542236328,25.770000457763672,25.229999542236328,25.56999969482422,1045000,0.0,0.0
2022-08-26 00:00:00-04:00,25.700000762939453,26.219999313354492,24.309999465942383,24.329999923706055,1410300,0.0,0.0
2022-08-29 00:00:00-04:00,24.110000610351562,24.56999969482422,23.989999771118164,24.389999389648438,2285400,0.0,0.0
2022-08-30 00:00:00-04:00,24.549999237060547,24.610000610351562,24.149999618530273,24.510000228881836,1894800,0.0,0.0
2022-08-31 00:00:00-04:00,24.600000381469727,24.940000534057617,24.399999618530273,24.780000686645508,3048300,0.0,0.0
2022-09-01 00:00:00-04:00,24.510000228881836,26.979999542236328,24.510000228881836,26.700000762939453,7379400,0.0,0.0
2022-09-02 00:00:00-04:00,27.079999923706055,28.18000030517578,26.459999084472656,27.479999542236328,6643300,0.0,0.0
2022-09-06 00:00:00-04:00,27.520000457763672,27.899999618530273,26.350000381469727,26.399999618530273,2677900,0.0,0.0
2022-09-07 00:00:00-04:00,26.31999969482422,26.670000076293945,25.93000030517578,26.65999984741211,2466200,0.0,0.0
2022-09-08 00:00:00-04:00,26.389999389648438,26.860000610351562,25.959999084472656,26.600000381469727,2073000,0.0,0.0
2022-09-09 00:00:00-04:00,26.920000076293945,27.34000015258789,26.56999969482422,26.760000228881836,2127600,0.0,0.0
2022-09-12 00:00:00-04:00,26.940000534057617,28.450000762939453,26.639999389648438,28.360000610351562,4276800,0.0,0.0
2022-09-13 00:00:00-04:00,27.360000610351562,28.270000457763672,27.200000762939453,27.25,3634300,0.0,0.0
2022-09-14 00:00:00-04:00,27.309999465942383,27.75,26.729999542236328,27.6299991607666,3043900,0.0,0.0
2022-09-15 00:00:00-04:00,27.6299991607666,28.989999771118164,27.229999542236328,27.469999313354492,4041600,0.0,0.0
2022-09-16 00:00:00-04:00,27.0,27.40999984741211,25.989999771118164,27.040000915527344,7659600,0.0,0.0
2022-09-19 00:00:00-04:00,26.520000457763672,27.989999771118164,26.450000762939453,27.75,3508500,0.0,0.0
2022-09-20 00:00:00-04:00,27.780000686645508,28.5,26.8799991607666,27.049999237060547,7769800,0.0,0.0
2022-09-21 00:00:00-04:00,27.190000534057617,29.5,26.969999313354492,27.540000915527344,8622900,0.0,0.0
2022-09-22 00:00:00-04:00,27.610000610351562,27.8799991607666,26.09000015258789,26.299999237060547,3832100,0.0,0.0
2022-09-23 00:00:00-04:00,25.600000381469727,25.920000076293945,23.43000030517578,23.850000381469727,5275000,0.0,0.0
2022-09-26 00:00:00-04:00,23.690000534057617,24.469999313354492,23.559999465942383,23.56999969482422,2285400,0.0,0.0
2022-09-27 00:00:00-04:00,23.950000762939453,24.350000381469727,23.010000228881836,23.34000015258789,5852200,0.0,0.0
2022-09-28 00:00:00-04:00,23.360000610351562,24.290000915527344,23.350000381469727,24.079999923706055,2395200,0.0,0.0
2022-09-29 00:00:00-04:00,23.450000762939453,27.1200008392334,22.649999618530273,24.670000076293945,7820400,0.0,0.0
2022-09-30 00:00:00-04:00,24.6200008392334,25.149999618530273,24.34000015258789,24.479999542236328,4675600,0.0,0.0
2022-10-03 00:00:00-04:00,24.969999313354492,26.110000610351562,24.579999923706055,26.049999237060547,4069700,0.0,0.0
2022-10-04 00:00:00-04:00,26.899999618530273,28.459999084472656,26.40999984741211,27.399999618530273,8084700,0.0,0.0
2022-10-05 00:00:00-04:00,27.100000381469727,27.790000915527344,26.8700008392334,27.309999465942383,4160200,0.0,0.0
2022-10-06 00:00:00-04:00,27.219999313354492,27.489999771118164,26.739999771118164,26.889999389648438,2097200,0.0,0.0
2022-10-07 00:00:00-04:00,26.510000228881836,26.6299991607666,25.969999313354492,26.559999465942383,2060400,0.0,0.0
2022-10-10 00:00:00-04:00,26.65999984741211,26.90999984741211,25.979999542236328,26.780000686645508,3402500,0.0,0.0
2022-10-11 00:00:00-04:00,26.6299991607666,27.420000076293945,26.040000915527344,26.8799991607666,2304900,0.0,0.0
2022-10-12 00:00:00-04:00,27.079999923706055,27.3799991607666,26.700000762939453,26.700000762939453,1946500,0.0,0.0
2022-10-13 00:00:00-04:00,26.18000030517578,27.639999389648438,25.889999389648438,27.459999084472656,2206600,0.0,0.0
2022-10-14 00:00:00-04:00,27.559999465942383,27.8700008392334,26.979999542236328,27.1299991607666,1391900,0.0,0.0
2022-10-17 00:00:00-04:00,27.709999084472656,28.1299991607666,26.979999542236328,27.110000610351562,2233000,0.0,0.0
2022-10-18 00:00:00-04:00,27.799999237060547,28.190000534057617,27.229999542236328,28.040000915527344,2111800,0.0,0.0
2022-10-19 00:00:00-04:00,27.889999389648438,28.420000076293945,27.6299991607666,28.139999389648438,2314000,0.0,0.0
2022-10-20 00:00:00-04:00,28.290000915527344,29.280000686645508,28.06999969482422,28.350000381469727,1921000,0.0,0.0
2022-10-21 00:00:00-04:00,28.18000030517578,29.09000015258789,28.15999984741211,28.969999313354492,2559500,0.0,0.0
2022-10-24 00:00:00-04:00,28.959999084472656,29.280000686645508,28.270000457763672,28.780000686645508,4299100,0.0,0.0
2022-10-25 00:00:00-04:00,28.8799991607666,29.270000457763672,28.68000030517578,28.979999542236328,2084100,0.0,0.0
2022-10-26 00:00:00-04:00,29.200000762939453,29.739999771118164,28.8700008392334,29.049999237060547,2059300,0.0,0.0
2022-10-27 00:00:00-04:00,29.219999313354492,29.579999923706055,28.56999969482422,28.709999084472656,1525700,0.0,0.0
2022-10-28 00:00:00-04:00,28.809999465942383,29.979999542236328,28.809999465942383,29.889999389648438,2216500,0.0,0.0
2022-10-31 00:00:00-04:00,29.739999771118164,29.739999771118164,28.559999465942383,28.75,2761200,0.0,0.0
2022-11-01 00:00:00-04:00,29.209999084472656,29.420000076293945,28.690000534057617,28.81999969482422,2964400,0.0,0.0
2022-11-02 00:00:00-04:00,28.760000228881836,29.110000610351562,28.1299991607666,28.15999984741211,3776700,0.0,0.0
2022-11-03 00:00:00-04:00,27.65999984741211,27.65999984741211,25.559999465942383,25.709999084472656,4244700,0.0,0.0
2022-11-04 00:00:00-04:00,27.049999237060547,28.579999923706055,26.290000915527344,27.649999618530273,4042600,0.0,0.0
2022-11-07 00:00:00-05:00,27.780000686645508,29.030000686645508,27.649999618530273,29.0,2449800,0.0,0.0
2022-11-08 00:00:00-05:00,29.0,29.219999313354492,28.15999984741211,28.440000534057617,1819900,0.0,0.0
2022-11-09 00:00:00-05:00,28.059999465942383,28.510000228881836,27.850000381469727,27.989999771118164,1321500,0.0,0.0
2022-11-10 00:00:00-05:00,29.239999771118164,29.360000610351562,28.34000015258789,29.010000228881836,2224500,0.0,0.0
2022-11-11 00:00:00-05:00,29.270000457763672,29.719999313354492,29.0,29.459999084472656,1511400,0.0,0.0
2022-11-14 00:00:00-05:00,29.200000762939453,29.559999465942383,29.010000228881836,29.06999969482422,1762900,0.0,0.0
2022-11-15 00:00:00-05:00,29.479999542236328,29.510000228881836,28.559999465942383,28.610000610351562,1972600,0.0,0.0
2022-11-16 00:00:00-05:00,28.40999984741211,28.8799991607666,28.290000915527344,28.450000762939453,1186900,0.0,0.0
2022-11-17 00:00:00-05:00,27.850000381469727,28.469999313354492,27.700000762939453,28.360000610351562,1276500,0.0,0.0
2022-11-18 00:00:00-05:00,28.719999313354492,28.770000457763672,28.1299991607666,28.510000228881836,1478000,0.0,0.0
2022-11-21 00:00:00-05:00,28.31999969482422,28.780000686645508,28.170000076293945,28.68000030517578,2459600,0.0,0.0
2022-11-22 00:00:00-05:00,29.010000228881836,29.540000915527344,28.700000762939453,29.540000915527344,1372000,0.0,0.0
2022-11-23 00:00:00-05:00,29.489999771118164,29.780000686645508,29.3799991607666,29.610000610351562,847000,0.0,0.0
2022-11-25 00:00:00-05:00,29.739999771118164,29.899999618530273,29.610000610351562,29.68000030517578,514600,0.0,0.0
2022-11-28 00:00:00-05:00,29.399999618530273,29.739999771118164,28.790000915527344,28.950000762939453,1398400,0.0,0.0
2022-11-29 00:00:00-05:00,29.059999465942383,29.59000015258789,28.989999771118164,29.110000610351562,900800,0.0,0.0
2022-11-30 00:00:00-05:00,28.989999771118164,29.899999618530273,28.489999771118164,29.670000076293945,2020900,0.0,0.0
2022-12-01 00:00:00-05:00,29.799999237060547,30.25,29.389999389648438,29.440000534057617,1824800,0.0,0.0
2022-12-02 00:00:00-05:00,29.020000457763672,29.299999237060547,28.799999237060547,28.860000610351562,1446300,0.0,0.0
2022-12-05 00:00:00-05:00,28.530000686645508,28.690000534057617,27.239999771118164,27.3700008392334,1761700,0.0,0.0
2022-12-06 00:00:00-05:00,27.15999984741211,27.829999923706055,27.010000228881836,27.809999465942383,2178800,0.0,0.0
2022-12-07 00:00:00-05:00,27.649999618530273,27.649999618530273,26.59000015258789,26.6200008392334,1600500,0.0,0.0
2022-12-08 00:00:00-05:00,26.84000015258789,26.969999313354492,26.549999237060547,26.729999542236328,1570200,0.0,0.0
2022-12-09 00:00:00-05:00,26.440000534057617,26.860000610351562,26.290000915527344,26.31999969482422,1275400,0.0,0.0
2022-12-12 00:00:00-05:00,26.209999084472656,27.299999237060547,26.149999618530273,27.299999237060547,1797900,0.0,0.0
2022-12-13 00:00:00-05:00,28.149999618530273,28.389999389648438,27.059999465942383,27.25,1790400,0.0,0.0
2022-12-14 00:00:00-05:00,27.200000762939453,27.639999389648438,26.979999542236328,27.290000915527344,1264500,0.0,0.0
2022-12-15 00:00:00-05:00,27.1299991607666,27.239999771118164,26.549999237060547,27.0,2041600,0.0,0.0
2022-12-16 00:00:00-05:00,26.75,26.940000534057617,26.010000228881836,26.299999237060547,4280000,0.0,0.0
2022-12-19 00:00:00-05:00,26.299999237060547,26.459999084472656,25.850000381469727,25.969999313354492,1824700,0.0,0.0
2022-12-20 00:00:00-05:00,25.889999389648438,26.40999984741211,25.829999923706055,26.15999984741211,1141000,0.0,0.0
2022-12-21 00:00:00-05:00,26.420000076293945,26.84000015258789,26.389999389648438,26.790000915527344,1060800,0.0,0.0
2022-12-22 00:00:00-05:00,26.5,26.5,25.75,26.219999313354492,1023000,0.0,0.0
2022-12-23 00:00:00-05:00,26.229999542236328,26.59000015258789,26.139999389648438,26.530000686645508,955100,0.0,0.0
2022-12-27 00:00:00-05:00,26.520000457763672,26.790000915527344,26.399999618530273,26.690000534057617,702200,0.0,0.0
2022-12-28 00:00:00-05:00,26.610000610351562,26.84000015258789,25.950000762939453,25.979999542236328,899300,0.0,0.0
2022-12-29 00:00:00-05:00,26.1200008392334,26.899999618530273,25.959999084472656,26.739999771118164,1361800,0.0,0.0
2022-12-30 00:00:00-05:00,26.450000762939453,26.579999923706055,26.030000686645508,26.5,1527000,0.0,0.0
2023-01-03 00:00:00-05:00,26.719999313354492,27.75,26.649999618530273,27.670000076293945,1934500,0.0,0.0
2023-01-04 00:00:00-05:00,28.049999237060547,28.3700008392334,27.639999389648438,28.18000030517578,1471200,0.0,0.0
2023-01-05 00:00:00-05:00,27.8799991607666,28.1299991607666,27.579999923706055,27.65999984741211,1743000,0.0,0.0
2023-01-06 00:00:00-05:00,27.8799991607666,28.399999618530273,27.59000015258789,28.170000076293945,1492300,0.0,0.0
2023-01-09 00:00:00-05:00,28.3700008392334,28.75,28.209999084472656,28.270000457763672,1552500,0.0,0.0
2023-01-10 00:00:00-05:00,28.219999313354492,28.549999237060547,28.139999389648438,28.479999542236328,1035600,0.0,0.0
2023-01-11 00:00:00-05:00,28.459999084472656,28.479999542236328,27.760000228881836,28.299999237060547,1608400,0.0,0.0
2023-01-12 00:00:00-05:00,28.479999542236328,28.90999984741211,28.420000076293945,28.81999969482422,1056000,0.0,0.0
2023-01-13 00:00:00-05:00,28.579999923706055,28.850000381469727,28.3700008392334,28.809999465942383,960400,0.0,0.0
2023-01-17 00:00:00-05:00,28.81999969482422,29.299999237060547,28.65999984741211,29.100000381469727,1176800,0.0,0.0
2023-01-18 00:00:00-05:00,29.170000076293945,29.729999542236328,28.940000534057617,28.959999084472656,1797300,0.0,0.0
2023-01-19 00:00:00-05:00,28.139999389648438,28.739999771118164,28.049999237060547,28.170000076293945,1509500,0.0,0.0
2023-01-20 00:00:00-05:00,28.3799991607666,28.75,28.200000762939453,28.399999618530273,1149800,0.0,0.0
2023-01-23 00:00:00-05:00,28.510000228881836,29.43000030517578,28.389999389648438,29.139999389648438,1409900,0.0,0.0
2023-01-24 00:00:00-05:00,28.760000228881836,28.93000030517578,28.0,28.010000228881836,1513300,0.0,0.0
2023-01-25 00:00:00-05:00,27.690000534057617,27.969999313354492,27.600000381469727,27.8799991607666,1085400,0.0,0.0
2023-01-26 00:00:00-05:00,28.139999389648438,28.59000015258789,27.850000381469727,28.559999465942383,878500,0.0,0.0
2023-01-27 00:00:00-05:00,28.3700008392334,28.760000228881836,28.239999771118164,28.270000457763672,1118600,0.0,0.0
2023-01-30 00:00:00-05:00,27.889999389648438,28.469999313354492,27.8799991607666,28.110000610351562,916900,0.0,0.0
2023-01-31 00:00:00-05:00,28.09000015258789,28.729999542236328,27.84000015258789,28.729999542236328,1542800,0.0,0.0
2023-02-01 00:00:00-05:00,28.729999542236328,28.93000030517578,28.059999465942383,28.84000015258789,3085400,0.0,0.0
2023-02-02 00:00:00-05:00,29.239999771118164,30.270000457763672,28.559999465942383,29.59000015258789,3963800,0.0,0.0
2023-02-03 00:00:00-05:00,29.030000686645508,29.68000030517578,28.81999969482422,28.889999389648438,2174500,0.0,0.0
2023-02-06 00:00:00-05:00,28.469999313354492,28.59000015258789,27.399999618530273,27.43000030517578,1873700,0.0,0.0
2023-02-07 00:00:00-05:00,27.270000457763672,28.329999923706055,27.270000457763672,28.149999618530273,2335600,0.0,0.0
2023-02-08 00:00:00-05:00,27.969999313354492,28.3700008392334,27.84000015258789,28.229999542236328,1752500,0.0,0.0
2023-02-09 00:00:00-05:00,28.729999542236328,29.739999771118164,28.40999984741211,29.149999618530273,1685300,0.0,0.0
2023-02-10 00:00:00-05:00,28.989999771118164,29.149999618530273,28.729999542236328,28.899999618530273,1096200,0.0,0.0
2023-02-13 00:00:00-05:00,28.829999923706055,29.850000381469727,28.829999923706055,29.639999389648438,1580200,0.0,0.0
2023-02-14 00:00:00-05:00,29.420000076293945,29.600000381469727,28.799999237060547,29.1200008392334,1463300,0.0,0.0
2023-02-15 00:00:00-05:00,28.809999465942383,29.59000015258789,28.75,29.360000610351562,1312400,0.0,0.0
2023-02-16 00:00:00-05:00,28.950000762939453,29.420000076293945,28.670000076293945,28.84000015258789,998000,0.0,0.0
2023-02-17 00:00:00-05:00,28.739999771118164,29.059999465942383,28.479999542236328,28.760000228881836,1900500,0.0,0.0
2023-02-21 00:00:00-05:00,28.3799991607666,28.760000228881836,28.110000610351562,28.209999084472656,1425000,0.0,0.0
2023-02-22 00:00:00-05:00,28.15999984741211,28.40999984741211,27.920000076293945,28.059999465942383,1103700,0.0,0.0
2023-02-23 00:00:00-05:00,28.110000610351562,28.510000228881836,27.8700008392334,28.34000015258789,1115800,0.0,0.0
2023-02-24 00:00:00-05:00,27.8799991607666,28.0,27.280000686645508,27.729999542236328,1206300,0.0,0.0
2023-02-27 00:00:00-05:00,28.059999465942383,28.489999771118164,27.799999237060547,28.020000457763672,1387800,0.0,0.0
2023-02-28 00:00:00-05:00,28.059999465942383,28.420000076293945,27.739999771118164,27.739999771118164,1525300,0.0,0.0
2023-03-01 00:00:00-05:00,27.700000762939453,27.920000076293945,27.5,27.809999465942383,1136800,0.0,0.0
2023-03-02 00:00:00-05:00,27.59000015258789,28.329999923706055,27.489999771118164,28.270000457763672,1252100,0.0,0.0
2023-03-03 00:00:00-05:00,28.440000534057617,29.06999969482422,28.229999542236328,28.889999389648438,1137500,0.0,0.0
2023-03-06 00:00:00-05:00,28.959999084472656,29.09000015258789,28.389999389648438,28.479999542236328,1598700,0.0,0.0
2023-03-07 00:00:00-05:00,27.770000457763672,27.950000762939453,26.450000762939453,26.469999313354492,2233700,0.0,0.0
2023-03-08 00:00:00-05:00,26.450000762939453,27.469999313354492,26.399999618530273,27.40999984741211,1586900,0.0,0.0
2023-03-09 00:00:00-05:00,27.43000030517578,27.610000610351562,26.3700008392334,26.389999389648438,1185700,0.0,0.0
2023-03-10 00:00:00-05:00,26.049999237060547,26.139999389648438,25.43000030517578,25.510000228881836,1838900,0.0,0.0
2023-03-13 00:00:00-04:00,25.100000381469727,25.1299991607666,24.270000457763672,24.350000381469727,2235400,0.0,0.0
2023-03-14 00:00:00-04:00,24.959999084472656,25.200000762939453,24.309999465942383,24.579999923706055,2469600,0.0,0.0
2023-03-15 00:00:00-04:00,23.729999542236328,23.950000762939453,22.899999618530273,23.329999923706055,2218400,0.0,0.0
2023-03-16 00:00:00-04:00,22.829999923706055,23.6299991607666,22.520000457763672,23.469999313354492,2793800,0.0,0.0
2023-03-17 00:00:00-04:00,23.280000686645508,23.280000686645508,22.459999084472656,22.920000076293945,4674100,0.0,0.0
2023-03-20 00:00:00-04:00,23.010000228881836,23.59000015258789,22.920000076293945,23.15999984741211,2503200,0.0,0.0
2023-03-21 00:00:00-04:00,23.540000915527344,24.110000610351562,23.510000228881836,24.030000686645508,1785200,0.0,0.0
2023-03-22 00:00:00-04:00,24.030000686645508,24.459999084472656,23.6200008392334,23.6299991607666,1973200,0.0,0.0
2023-03-23 00:00:00-04:00,23.68000030517578,24.020000457763672,23.079999923706055,23.25,1640100,0.0,0.0
2023-03-24 00:00:00-04:00,22.850000381469727,23.43000030517578,22.760000228881836,23.360000610351562,1539600,0.0,0.0
2023-03-27 00:00:00-04:00,23.850000381469727,24.260000228881836,23.579999923706055,24.079999923706055,1990100,0.0,0.0
2023-03-28 00:00:00-04:00,24.0,24.40999984741211,23.90999984741211,24.360000610351562,1444000,0.0,0.0
2023-03-29 00:00:00-04:00,24.739999771118164,24.940000534057617,24.600000381469727,24.829999923706055,1470600,0.0,0.0
2023-03-30 00:00:00-04:00,25.049999237060547,25.309999465942383,24.920000076293945,25.059999465942383,1376600,0.0,0.0
2023-03-31 00:00:00-04:00,25.209999084472656,25.579999923706055,25.209999084472656,25.559999465942383,1477700,0.0,0.0
2023-04-03 00:00:00-04:00,25.6299991607666,25.719999313354492,25.15999984741211,25.329999923706055,1602100,0.0,0.0
2023-04-04 00:00:00-04:00,25.43000030517578,25.5,24.670000076293945,24.8799991607666,1972400,0.0,0.0
2023-04-05 00:00:00-04:00,24.65999984741211,24.989999771118164,24.510000228881836,24.90999984741211,2006400,0.0,0.0
2023-04-06 00:00:00-04:00,24.93000030517578,25.0,24.639999389648438,24.739999771118164,1553400,0.0,0.0
2023-04-10 00:00:00-04:00,24.549999237060547,25.09000015258789,24.520000457763672,25.06999969482422,1963200,0.0,0.0
2023-04-11 00:00:00-04:00,25.190000534057617,25.299999237060547,25.030000686645508,25.110000610351562,1924900,0.0,0.0
2023-04-12 00:00:00-04:00,25.350000381469727,25.389999389648438,24.8799991607666,25.030000686645508,1238100,0.0,0.0
2023-04-13 00:00:00-04:00,25.0,25.59000015258789,24.899999618530273,25.510000228881836,1708600,0.0,0.0
2023-04-14 00:00:00-04:00,25.639999389648438,25.860000610351562,25.270000457763672,25.540000915527344,1449700,0.0,0.0
2023-04-17 00:00:00-04:00,25.469999313354492,25.709999084472656,25.420000076293945,25.65999984741211,1128900,0.0,0.0
2023-04-18 00:00:00-04:00,25.719999313354492,25.790000915527344,25.25,25.34000015258789,1088700,0.0,0.0
2023-04-19 00:00:00-04:00,25.139999389648438,25.25,24.860000610351562,24.920000076293945,1066500,0.0,0.0
2023-04-20 00:00:00-04:00,24.6200008392334,24.790000915527344,24.3700008392334,24.56999969482422,1121400,0.0,0.0
2023-04-21 00:00:00-04:00,24.540000915527344,24.56999969482422,24.030000686645508,24.1299991607666,1292500,0.0,0.0
2023-04-24 00:00:00-04:00,24.139999389648438,24.309999465942383,24.030000686645508,24.15999984741211,698900,0.0,0.0
2023-04-25 00:00:00-04:00,23.799999237060547,23.90999984741211,23.280000686645508,23.290000915527344,1262600,0.0,0.0
2023-04-26 00:00:00-04:00,23.25,23.459999084472656,22.739999771118164,22.860000610351562,1053100,0.0,0.0
2023-04-27 00:00:00-04:00,23.010000228881836,23.43000030517578,22.799999237060547,23.350000381469727,1237900,0.0,0.0
2023-04-28 00:00:00-04:00,23.190000534057617,23.959999084472656,23.030000686645508,23.850000381469727,1552600,0.0,0.0
2023-05-01 00:00:00-04:00,23.850000381469727,24.079999923706055,23.700000762939453,23.8700008392334,935500,0.0,0.0
2023-05-02 00:00:00-04:00,23.809999465942383,23.899999618530273,23.100000381469727,23.549999237060547,1207300,0.0,0.0
2023-05-03 00:00:00-04:00,23.510000228881836,23.8799991607666,23.3700008392334,23.579999923706055,1836300,0.0,0.0
2023-05-04 00:00:00-04:00,23.350000381469727,23.469999313354492,22.110000610351562,22.239999771118164,1612300,0.0,0.0
2023-05-05 00:00:00-04:00,22.600000381469727,22.860000610351562,22.459999084472656,22.690000534057617,2038700,0.0,0.0
2023-05-08 00:00:00-04:00,22.959999084472656,23.0,22.459999084472656,22.510000228881836,1860800,0.0,0.0
2023-05-09 00:00:00-04:00,22.280000686645508,22.889999389648438,22.170000076293945,22.68000030517578,1672800,0.0,0.0
2023-05-10 00:00:00-04:00,23.079999923706055,23.09000015258789,22.290000915527344,22.719999313354492,1751700,0.0,0.0
2023-05-11 00:00:00-04:00,22.579999923706055,22.969999313354492,22.489999771118164,22.84000015258789,982700,0.0,0.0
2023-05-12 00:00:00-04:00,22.979999542236328,22.979999542236328,22.68000030517578,22.8700008392334,922400,0.0,0.0
2023-05-15 00:00:00-04:00,23.06999969482422,23.579999923706055,22.889999389648438,23.329999923706055,1474300,0.0,0.0
2023-05-16 00:00:00-04:00,23.219999313354492,23.420000076293945,22.8799991607666,22.93000030517578,2232000,0.0,0.0
2023-05-17 00:00:00-04:00,23.100000381469727,23.770000457763672,22.969999313354492,23.760000228881836,2272300,0.0,0.0
2023-05-18 00:00:00-04:00,23.850000381469727,24.049999237060547,23.360000610351562,23.84000015258789,3706400,0.0,0.0
2023-05-19 00:00:00-04:00,23.5,25.3700008392334,23.18000030517578,24.440000534057617,4994900,0.0,0.0
2023-05-22 00:00:00-04:00,24.6200008392334,24.979999542236328,24.18000030517578,24.739999771118164,3029200,0.0,0.0
2023-05-23 00:00:00-04:00,24.540000915527344,24.920000076293945,24.450000762939453,24.600000381469727,2377800,0.0,0.0
2023-05-24 00:00:00-04:00,24.350000381469727,24.530000686645508,24.059999465942383,24.18000030517578,2097900,0.0,0.0
2023-05-25 00:00:00-04:00,24.049999237060547,24.329999923706055,23.68000030517578,24.209999084472656,2445300,0.0,0.0
2023-05-26 00:00:00-04:00,24.239999771118164,24.889999389648438,24.170000076293945,24.75,1926700,0.0,0.0
2023-05-30 00:00:00-04:00,24.850000381469727,25.540000915527344,24.760000228881836,25.260000228881836,2369700,0.0,0.0
2023-05-31 00:00:00-04:00,25.010000228881836,25.219999313354492,24.829999923706055,25.030000686645508,3048200,0.0,0.0
2023-06-01 00:00:00-04:00,24.979999542236328,25.049999237060547,24.579999923706055,24.790000915527344,2950700,0.0,0.0
2023-06-02 00:00:00-04:00,25.149999618530273,25.940000534057617,25.020000457763672,25.700000762939453,2185400,0.0,0.0
2023-06-05 00:00:00-04:00,25.350000381469727,25.479999542236328,24.860000610351562,25.079999923706055,2465700,0.0,0.0
2023-06-06 00:00:00-04:00,24.8799991607666,25.780000686645508,24.8799991607666,25.670000076293945,1568200,0.0,0.0
2023-06-07 00:00:00-04:00,25.829999923706055,26.729999542236328,25.709999084472656,26.709999084472656,2168000,0.0,0.0
2023-06-08 00:00:00-04:00,26.780000686645508,26.920000076293945,26.309999465942383,26.31999969482422,1372700,0.0,0.0
2023-06-09 00:00:00-04:00,26.420000076293945,26.530000686645508,26.09000015258789,26.1200008392334,1539500,0.0,0.0
2023-06-12 00:00:00-04:00,26.1299991607666,26.760000228881836,26.1299991607666,26.6200008392334,1525000,0.0,0.0
2023-06-13 00:00:00-04:00,26.84000015258789,27.15999984741211,26.84000015258789,27.15999984741211,2014000,0.0,0.0
2023-06-14 00:00:00-04:00,27.3700008392334,27.639999389648438,26.899999618530273,26.950000762939453,1773700,0.0,0.0
2023-06-15 00:00:00-04:00,26.770000457763672,27.709999084472656,26.770000457763672,27.700000762939453,1909000,0.0,0.0
2023-06-16 00:00:00-04:00,27.84000015258789,27.93000030517578,27.239999771118164,27.440000534057617,4085600,0.0,0.0
2023-06-20 00:00:00-04:00,27.219999313354492,27.510000228881836,26.950000762939453,27.350000381469727,2143100,0.0,0.0
2023-06-21 00:00:00-04:00,27.15999984741211,27.329999923706055,27.010000228881836,27.100000381469727,1954000,0.0,0.0
2023-06-22 00:00:00-04:00,26.959999084472656,26.979999542236328,26.6299991607666,26.809999465942383,1569700,0.0,0.0
2023-06-23 00:00:00-04:00,26.280000686645508,26.40999984741211,25.739999771118164,25.850000381469727,2557400,0.0,0.0
2023-06-26 00:00:00-04:00,25.850000381469727,26.389999389648438,25.690000534057617,26.09000015258789,1470900,0.0,0.0
2023-06-27 00:00:00-04:00,26.040000915527344,26.440000534057617,25.809999465942383,26.15999984741211,1743500,0.0,0.0
2023-06-28 00:00:00-04:00,26.18000030517578,26.309999465942383,25.989999771118164,26.059999465942383,1623700,0.0,0.0
2023-06-29 00:00:00-04:00,26.100000381469727,26.3700008392334,26.049999237060547,26.229999542236328,1750600,0.0,0.0
2023-06-30 00:00:00-04:00,26.520000457763672,26.940000534057617,26.43000030517578,26.719999313354492,1734300,0.0,0.0
2023-07-03 00:00:00-04:00,26.600000381469727,27.170000076293945,26.5,27.100000381469727,824800,0.0,0.0
2023-07-05 00:00:00-04:00,26.899999618530273,26.899999618530273,26.459999084472656,26.5,1632300,0.0,0.0
2023-07-06 00:00:00-04:00,26.209999084472656,26.440000534057617,25.8700008392334,26.25,1596500,0.0,0.0
2023-07-07 00:00:00-04:00,26.329999923706055,27.459999084472656,26.329999923706055,27.219999313354492,2791400,0.0,0.0
2023-07-10 00:00:00-04:00,27.110000610351562,27.6200008392334,27.110000610351562,27.579999923706055,1778300,0.0,0.0
2023-07-11 00:00:00-04:00,27.780000686645508,27.889999389648438,27.34000015258789,27.56999969482422,1146900,0.0,0.0
2023-07-12 00:00:00-04:00,27.950000762939453,28.170000076293945,27.469999313354492,27.81999969482422,1318000,0.0,0.0
2023-07-13 00:00:00-04:00,28.0,28.420000076293945,28.0,28.299999237060547,1271500,0.0,0.0
2023-07-14 00:00:00-04:00,28.270000457763672,28.270000457763672,27.690000534057617,27.729999542236328,825900,0.0,0.0
2023-07-17 00:00:00-04:00,27.59000015258789,28.1299991607666,27.56999969482422,27.959999084472656,1070900,0.0,0.0
2023-07-18 00:00:00-04:00,27.920000076293945,28.40999984741211,27.920000076293945,28.299999237060547,1199800,0.0,0.0
2023-07-19 00:00:00-04:00,28.440000534057617,28.610000610351562,28.079999923706055,28.190000534057617,1077500,0.0,0.0
2023-07-20 00:00:00-04:00,28.1299991607666,28.200000762939453,27.899999618530273,27.969999313354492,974500,0.0,0.0
2023-07-21 00:00:00-04:00,28.1200008392334,28.190000534057617,27.799999237060547,27.90999984741211,849200,0.0,0.0
2023-07-24 00:00:00-04:00,27.899999618530273,28.219999313354492,27.729999542236328,27.729999542236328,1501100,0.0,0.0
2023-07-25 00:00:00-04:00,27.8700008392334,28.540000915527344,27.8700008392334,28.489999771118164,4169200,0.0,0.0
2023-07-26 00:00:00-04:00,28.459999084472656,28.889999389648438,28.25,28.3799991607666,1308300,0.0,0.0
2023-07-27 00:00:00-04:00,28.739999771118164,28.829999923706055,27.920000076293945,28.010000228881836,1093400,0.0,0.0
2023-07-28 00:00:00-04:00,28.489999771118164,28.520000457763672,27.579999923706055,27.700000762939453,1313200,0.0,0.0
2023-07-31 00:00:00-04:00,27.6299991607666,28.010000228881836,27.450000762939453,27.649999618530273,1629600,0.0,0.0
2023-08-01 00:00:00-04:00,27.40999984741211,27.670000076293945,27.34000015258789,27.649999618530273,1496500,0.0,0.0
2023-08-02 00:00:00-04:00,27.3799991607666,27.549999237060547,26.940000534057617,27.06999969482422,3030300,0.0,0.0
2023-08-03 00:00:00-04:00,20.700000762939453,21.030000686645508,18.610000610351562,19.100000381469727,17103800,0.0,0.0
2023-08-04 00:00:00-04:00,19.149999618530273,19.790000915527344,19.09000015258789,19.31999969482422,5344700,0.0,0.0
2023-08-07 00:00:00-04:00,19.290000915527344,19.6299991607666,19.010000228881836,19.350000381469727,3772200,0.0,0.0
2023-08-08 00:00:00-04:00,19.0,20.110000610351562,18.81999969482422,20.040000915527344,5227400,0.0,0.0
2023-08-09 00:00:00-04:00,20.049999237060547,20.389999389648438,19.899999618530273,20.079999923706055,3181700,0.0,0.0
2023-08-10 00:00:00-04:00,20.399999618530273,20.610000610351562,20.18000030517578,20.260000228881836,2570000,0.0,0.0
2023-08-11 00:00:00-04:00,20.079999923706055,20.5,20.079999923706055,20.420000076293945,2924700,0.0,0.0
2023-08-14 00:00:00-04:00,20.229999542236328,20.670000076293945,20.229999542236328,20.530000686645508,2203300,0.0,0.0
2023-08-15 00:00:00-04:00,20.34000015258789,20.59000015258789,20.219999313354492,20.34000015258789,2219000,0.0,0.0
2023-08-16 00:00:00-04:00,20.280000686645508,20.700000762939453,20.280000686645508,20.43000030517578,2675300,0.0,0.0
2023-08-17 00:00:00-04:00,20.540000915527344,20.799999237060547,20.25,20.329999923706055,2480600,0.0,0.0
2023-08-18 00:00:00-04:00,20.139999389648438,20.31999969482422,20.059999465942383,20.25,2237500,0.0,0.0
2023-08-21 00:00:00-04:00,20.209999084472656,20.399999618530273,20.06999969482422,20.360000610351562,1586500,0.0,0.0
2023-08-22 00:00:00-04:00,20.5,20.860000610351562,20.350000381469727,20.3700008392334,2029500,0.0,0.0
2023-08-23 00:00:00-04:00,20.420000076293945,20.920000076293945,20.420000076293945,20.899999618530273,1355200,0.0,0.0
2023-08-24 00:00:00-04:00,20.899999618530273,21.1299991607666,20.6200008392334,20.639999389648438,1300800,0.0,0.0
2023-08-25 00:00:00-04:00,20.739999771118164,20.850000381469727,20.479999542236328,20.5,1569200,0.0,0.0
2023-08-28 00:00:00-04:00,20.579999923706055,20.829999923706055,20.479999542236328,20.59000015258789,1673400,0.0,0.0
2023-08-29 00:00:00-04:00,20.649999618530273,20.799999237060547,20.5,20.780000686645508,1393200,0.0,0.0
2023-08-30 00:00:00-04:00,20.700000762939453,20.81999969482422,20.489999771118164,20.520000457763672,1818700,0.0,0.0
2023-08-31 00:00:00-04:00,20.639999389648438,20.84000015258789,20.540000915527344,20.739999771118164,2454100,0.0,0.0
2023-09-01 00:00:00-04:00,20.940000534057617,21.15999984741211,20.809999465942383,21.110000610351562,2084000,0.0,0.0
2023-09-05 00:00:00-04:00,20.899999618530273,21.389999389648438,20.850000381469727,21.170000076293945,2816300,0.0,0.0
2023-09-06 00:00:00-04:00,20.969999313354492,21.280000686645508,20.969999313354492,21.020000457763672,2287200,0.0,0.0
2023-09-07 00:00:00-04:00,20.770000457763672,20.809999465942383,20.389999389648438,20.399999618530273,3311100,0.0,0.0
2023-09-08 00:00:00-04:00,20.450000762939453,20.65999984741211,20.389999389648438,20.549999237060547,1742300,0.0,0.0
2023-09-11 00:00:00-04:00,20.700000762939453,20.93000030517578,20.280000686645508,20.420000076293945,2053700,0.0,0.0
2023-09-12 00:00:00-04:00,20.280000686645508,20.520000457763672,20.209999084472656,20.40999984741211,2181200,0.0,0.0
2023-09-13 00:00:00-04:00,20.520000457763672,20.530000686645508,19.969999313354492,19.979999542236328,2131900,0.0,0.0
2023-09-14 00:00:00-04:00,20.209999084472656,20.709999084472656,20.06999969482422,20.690000534057617,3884100,0.0,0.0
2023-09-15 00:00:00-04:00,20.600000381469727,20.90999984741211,20.469999313354492,20.690000534057617,10572800,0.0,0.0
2023-09-18 00:00:00-04:00,20.43000030517578,20.450000762939453,19.889999389648438,20.270000457763672,2115500,0.0,0.0
2023-09-19 00:00:00-04:00,20.299999237060547,20.690000534057617,20.200000762939453,20.469999313354492,1910500,0.0,0.0
2023-09-20 00:00:00-04:00,20.6299991607666,20.940000534057617,20.530000686645508,20.549999237060547,3059700,0.0,0.0
2023-09-21 00:00:00-04:00,20.31999969482422,20.700000762939453,20.299999237060547,20.389999389648438,2770400,0.0,0.0
2023-09-22 00:00:00-04:00,20.440000534057617,20.56999969482422,20.219999313354492,20.299999237060547,1547700,0.0,0.0
2023-09-25 00:00:00-04:00,20.049999237060547,20.709999084472656,20.049999237060547,20.5,1900100,0.0,0.0
2023-09-26 00:00:00-04:00,20.329999923706055,20.559999465942383,20.239999771118164,20.290000915527344,2035300,0.0,0.0
2023-09-27 00:00:00-04:00,20.440000534057617,20.549999237060547,20.239999771118164,20.350000381469727,2053400,0.0,0.0
2023-09-28 00:00:00-04:00,20.309999465942383,20.700000762939453,19.809999465942383,20.469999313354492,2331600,0.0,0.0
2023-09-29 00:00:00-04:00,20.690000534057617,21.059999465942383,20.610000610351562,20.829999923706055,2450700,0.0,0.0
2023-10-02 00:00:00-04:00,20.770000457763672,21.600000381469727,20.700000762939453,21.149999618530273,52528400,0.0,0.0
2023-10-03 00:00:00-04:00,20.920000076293945,21.510000228881836,20.8700008392334,21.15999984741211,3514000,0.0,0.0
2023-10-04 00:00:00-04:00,21.170000076293945,21.31999969482422,20.760000228881836,21.149999618530273,3004200,0.0,0.0
2023-10-05 00:00:00-04:00,21.1200008392334,21.3700008392334,21.010000228881836,21.239999771118164,2402600,0.0,0.0
2023-10-06 00:00:00-04:00,21.200000762939453,21.520000457763672,21.020000457763672,21.3700008392334,1703300,0.0,0.0
2023-10-09 00:00:00-04:00,21.15999984741211,22.110000610351562,21.1299991607666,22.040000915527344,2214600,0.0,0.0
2023-10-10 00:00:00-04:00,22.15999984741211,22.479999542236328,22.100000381469727,22.200000762939453,1756600,0.0,0.0
2023-10-11 00:00:00-04:00,22.25,22.639999389648438,22.139999389648438,22.440000534057617,1525900,0.0,0.0
2023-10-12 00:00:00-04:00,22.489999771118164,22.489999771118164,22.059999465942383,22.200000762939453,2613700,0.0,0.0
2023-10-13 00:00:00-04:00,22.309999465942383,22.350000381469727,21.639999389648438,21.68000030517578,1874300,0.0,0.0
2023-10-16 00:00:00-04:00,21.889999389648438,22.3700008392334,21.84000015258789,22.25,2030800,0.0,0.0
2023-10-17 00:00:00-04:00,20.75,21.100000381469727,20.010000228881836,20.889999389648438,4345600,0.0,0.0
2023-10-18 00:00:00-04:00,20.739999771118164,21.559999465942383,20.649999618530273,20.90999984741211,2454900,0.0,0.0
2023-10-19 00:00:00-04:00,21.020000457763672,21.020000457763672,20.549999237060547,20.579999923706055,2283200,0.0,0.0
2023-10-20 00:00:00-04:00,20.5,20.700000762939453,20.329999923706055,20.329999923706055,1942800,0.0,0.0
2023-10-23 00:00:00-04:00,20.190000534057617,20.299999237060547,19.5,19.5,2414600,0.0,0.0
2023-10-24 00:00:00-04:00,19.559999465942383,20.049999237060547,19.549999237060547,19.889999389648438,2120800,0.0,0.0
2023-10-25 00:00:00-04:00,19.780000686645508,19.8700008392334,19.40999984741211,19.469999313354492,1949800,0.0,0.0
2023-10-26 00:00:00-04:00,19.530000686645508,19.969999313354492,19.5,19.65999984741211,1901200,0.0,0.0
2023-10-27 00:00:00-04:00,19.709999084472656,19.8700008392334,19.299999237060547,19.549999237060547,2335600,0.0,0.0
2023-10-30 00:00:00-04:00,19.65999984741211,19.809999465942383,19.489999771118164,19.670000076293945,2696200,0.0,0.0
2023-10-31 00:00:00-04:00,19.729999542236328,20.360000610351562,19.729999542236328,20.170000076293945,3450600,0.0,0.0
2023-11-01 00:00:00-04:00,20.200000762939453,20.360000610351562,20.049999237060547,20.290000915527344,3906500,0.0,0.0
2023-11-02 00:00:00-04:00,21.030000686645508,22.469999313354492,20.969999313354492,22.309999465942383,5353600,0.0,0.0
2023-11-03 00:00:00-04:00,22.56999969482422,23.020000457763672,22.270000457763672,22.299999237060547,3341000,0.0,0.0
2023-11-06 00:00:00-05:00,22.219999313354492,22.280000686645508,21.829999923706055,22.110000610351562,2592500,0.0,0.0
2023-11-07 00:00:00-05:00,21.989999771118164,22.229999542236328,21.790000915527344,21.799999237060547,4681800,0.0,0.0
2023-11-08 00:00:00-05:00,21.809999465942383,21.950000762939453,21.579999923706055,21.799999237060547,4610100,0.0,0.0
2023-11-09 00:00:00-05:00,21.739999771118164,22.010000228881836,21.5,21.540000915527344,5707000,0.0,0.0
2023-11-10 00:00:00-05:00,21.59000015258789,21.8799991607666,21.43000030517578,21.860000610351562,2005500,0.0,0.0
2023-11-13 00:00:00-05:00,21.68000030517578,21.8799991607666,21.56999969482422,21.65999984741211,1445700,0.0,0.0
2023-11-14 00:00:00-05:00,21.950000762939453,22.780000686645508,21.950000762939453,22.600000381469727,3243300,0.0,0.0
2023-11-15 00:00:00-05:00,22.540000915527344,23.170000076293945,22.540000915527344,22.93000030517578,2004500,0.0,0.0
2023-11-16 00:00:00-05:00,22.809999465942383,22.989999771118164,22.25,22.489999771118164,3413100,0.0,0.0
2023-11-17 00:00:00-05:00,22.709999084472656,22.829999923706055,22.56999969482422,22.739999771118164,2411600,0.0,0.0
2023-11-20 00:00:00-05:00,22.719999313354492,23.079999923706055,22.549999237060547,23.0,1642000,0.0,0.0
2023-11-21 00:00:00-05:00,22.889999389648438,23.100000381469727,22.790000915527344,22.950000762939453,1774800,0.0,0.0
2023-11-22 00:00:00-05:00,22.959999084472656,23.290000915527344,22.959999084472656,23.059999465942383,2373900,0.0,0.0
2023-11-24 00:00:00-05:00,23.110000610351562,23.290000915527344,23.020000457763672,23.06999969482422,695100,0.0,0.0
2023-11-27 00:00:00-05:00,22.899999618530273,23.190000534057617,22.899999618530273,23.079999923706055,1456700,0.0,0.0
2023-11-28 00:00:00-05:00,22.989999771118164,23.190000534057617,22.829999923706055,23.040000915527344,1394900,0.0,0.0
2023-11-29 00:00:00-05:00,23.229999542236328,23.459999084472656,23.200000762939453,23.329999923706055,1496400,0.0,0.0
2023-11-30 00:00:00-05:00,23.3700008392334,23.5,23.0,23.1299991607666,2629900,0.0,0.0
2023-12-01 00:00:00-05:00,23.020000457763672,23.65999984741211,23.020000457763672,23.639999389648438,1913600,0.0,0.0
2023-12-04 00:00:00-05:00,23.360000610351562,24.010000228881836,23.0,23.860000610351562,2282300,0.0,0.0
2023-12-05 00:00:00-05:00,23.68000030517578,23.8700008392334,23.399999618530273,23.459999084472656,2062400,0.0,0.0
2023-12-06 00:00:00-05:00,23.65999984741211,23.899999618530273,23.399999618530273,23.440000534057617,1558900,0.0,0.0
2023-12-07 00:00:00-05:00,23.040000915527344,23.690000534057617,23.040000915527344,23.600000381469727,2254000,0.0,0.0
2023-12-08 00:00:00-05:00,23.68000030517578,23.979999542236328,23.579999923706055,23.760000228881836,1844300,0.0,0.0
2023-12-11 00:00:00-05:00,23.75,23.889999389648438,23.68000030517578,23.729999542236328,2260600,0.0,0.0
2023-12-12 00:00:00-05:00,23.610000610351562,23.719999313354492,23.3700008392334,23.440000534057617,2637600,0.0,0.0
2023-12-13 00:00:00-05:00,23.3799991607666,24.079999923706055,23.239999771118164,23.969999313354492,2421500,0.0,0.0
2023-12-14 00:00:00-05:00,24.420000076293945,25.139999389648438,24.40999984741211,24.969999313354492,3945300,0.0,0.0
2023-12-15 00:00:00-05:00,24.889999389648438,25.049999237060547,24.469999313354492,24.719999313354492,16167000,0.0,0.0
2023-12-18 00:00:00-05:00,24.690000534057617,24.84000015258789,24.459999084472656,24.579999923706055,2155500,0.0,0.0
2023-12-19 00:00:00-05:00,24.670000076293945,25.09000015258789,24.559999465942383,25.030000686645508,2569200,0.0,0.0
2023-12-20 00:00:00-05:00,24.6299991607666,24.649999618530273,21.959999084472656,21.989999771118164,6083500,0.0,0.0
2023-12-21 00:00:00-05:00,22.079999923706055,22.84000015258789,22.079999923706055,22.600000381469727,3877300,0.0,0.0
2023-12-22 00:00:00-05:00,22.600000381469727,23.110000610351562,22.600000381469727,22.81999969482422,2146000,0.0,0.0
2023-12-26 00:00:00-05:00,22.809999465942383,23.149999618530273,22.780000686645508,22.989999771118164,1568000,0.0,0.0
2023-12-27 00:00:00-05:00,22.969999313354492,23.010000228881836,22.81999969482422,22.850000381469727,1322800,0.0,0.0
2023-12-28 00:00:00-05:00,22.719999313354492,23.06999969482422,22.719999313354492,23.040000915527344,1228700,0.0,0.0
2023-12-29 00:00:00-05:00,22.959999084472656,23.149999618530273,22.780000686645508,22.8700008392334,1433300,0.0,0.0
2024-01-02 00:00:00-05:00,22.700000762939453,23.059999465942383,22.649999618530273,22.829999923706055,1622100,0.0,0.0
2024-01-03 00:00:00-05:00,22.5,22.75,22.25,22.489999771118164,1718400,0.0,0.0
2024-01-04 00:00:00-05:00,22.6200008392334,22.68000030517578,22.260000228881836,22.270000457763672,1627600,0.0,0.0
2024-01-05 00:00:00-05:00,22.280000686645508,22.969999313354492,22.270000457763672,22.530000686645508,2497300,0.0,0.0
2024-01-08 00:00:00-05:00,22.579999923706055,23.309999465942383,22.520000457763672,23.229999542236328,1616800,0.0,0.0
2024-01-09 00:00:00-05:00,22.959999084472656,23.290000915527344,22.889999389648438,23.110000610351562,1879300,0.0,0.0
2024-01-10 00:00:00-05:00,23.010000228881836,23.34000015258789,22.90999984741211,23.280000686645508,1077100,0.0,0.0
2024-01-11 00:00:00-05:00,23.299999237060547,23.729999542236328,23.110000610351562,23.729999542236328,1513100,0.0,0.0
2024-01-12 00:00:00-05:00,23.979999542236328,24.479999542236328,23.8700008392334,24.190000534057617,1688400,0.0,0.0
2024-01-16 00:00:00-05:00,23.829999923706055,24.010000228881836,23.3700008392334,23.59000015258789,1645700,0.0,0.0
2024-01-17 00:00:00-05:00,22.450000762939453,22.729999542236328,22.25,22.40999984741211,3164500,0.0,0.0
2024-01-18 00:00:00-05:00,22.459999084472656,22.860000610351562,22.309999465942383,22.809999465942383,2275500,0.0,0.0
2024-01-19 00:00:00-05:00,22.899999618530273,23.110000610351562,22.799999237060547,23.0,1791300,0.0,0.0
2024-01-22 00:00:00-05:00,23.239999771118164,23.479999542236328,23.170000076293945,23.290000915527344,1907100,0.0,0.0
2024-01-23 00:00:00-05:00,23.540000915527344,23.719999313354492,23.059999465942383,23.100000381469727,1569200,0.0,0.0
2024-01-24 00:00:00-05:00,22.639999389648438,23.25,22.639999389648438,22.760000228881836,2663800,0.0,0.0
2024-01-25 00:00:00-05:00,23.18000030517578,23.450000762939453,23.100000381469727,23.190000534057617,2677200,0.0,0.0
2024-01-26 00:00:00-05:00,23.31999969482422,23.510000228881836,23.040000915527344,23.229999542236328,3787200,0.0,0.0
2024-01-29 00:00:00-05:00,23.25,23.399999618530273,23.09000015258789,23.15999984741211,2125200,0.0,0.0
2024-01-30 00:00:00-05:00,23.09000015258789,23.219999313354492,22.709999084472656,22.739999771118164,2224800,0.0,0.0
2024-01-31 00:00:00-05:00,22.68000030517578,22.690000534057617,21.760000228881836,21.799999237060547,3617900,0.0,0.0
2024-02-01 00:00:00-05:00,21.90999984741211,22.079999923706055,21.6299991607666,21.649999618530273,4330300,0.0,0.0
2024-02-02 00:00:00-05:00,22.020000457763672,22.270000457763672,20.290000915527344,21.670000076293945,4618200,0.0,0.0
2024-02-05 00:00:00-05:00,21.610000610351562,21.84000015258789,20.950000762939453,21.239999771118164,2708200,0.0,0.0
2024-02-06 00:00:00-05:00,21.260000228881836,21.399999618530273,21.139999389648438,21.350000381469727,2611200,0.0,0.0
2024-02-07 00:00:00-05:00,21.299999237060547,21.610000610351562,21.149999618530273,21.3700008392334,2010100,0.0,0.0
2024-02-08 00:00:00-05:00,21.360000610351562,22.459999084472656,21.15999984741211,22.049999237060547,5688700,0.0,0.0
2024-02-09 00:00:00-05:00,22.040000915527344,22.540000915527344,21.940000534057617,22.110000610351562,3472600,0.0,0.0
2024-02-12 00:00:00-05:00,22.059999465942383,22.56999969482422,22.059999465942383,22.489999771118164,2697900,0.0,0.0
2024-02-13 00:00:00-05:00,21.860000610351562,22.25,21.440000534057617,21.760000228881836,3410800,0.0,0.0
2024-02-14 00:00:00-05:00,22.020000457763672,22.030000686645508,21.450000762939453,21.479999542236328,2665900,0.0,0.0
2024-02-15 00:00:00-05:00,21.690000534057617,22.209999084472656,21.59000015258789,22.170000076293945,2364900,0.0,0.0
2024-02-16 00:00:00-05:00,21.969999313354492,22.700000762939453,21.700000762939453,21.719999313354492,4491100,0.0,0.0
2024-02-20 00:00:00-05:00,21.360000610351562,21.479999542236328,20.709999084472656,20.84000015258789,3223400,0.0,0.0
2024-02-21 00:00:00-05:00,20.709999084472656,20.889999389648438,20.209999084472656,20.360000610351562,3527600,0.0,0.0
2024-02-22 00:00:00-05:00,20.579999923706055,21.260000228881836,20.43000030517578,21.239999771118164,2793600,0.0,0.0
2024-02-23 00:00:00-05:00,21.31999969482422,21.469999313354492,21.170000076293945,21.31999969482422,1642600,0.0,0.0
2024-02-26 00:00:00-05:00,21.110000610351562,21.700000762939453,21.100000381469727,21.59000015258789,5729100,0.0,0.0
2024-02-27 00:00:00-05:00,21.739999771118164,21.8799991607666,21.489999771118164,21.84000015258789,4977500,0.0,0.0
2024-02-28 00:00:00-05:00,21.709999084472656,21.899999618530273,21.549999237060547,21.56999969482422,1458900,0.0,0.0
2024-02-29 00:00:00-05:00,21.729999542236328,22.0,21.670000076293945,21.860000610351562,4553700,0.0,0.0
2024-03-01 00:00:00-05:00,21.8799991607666,21.90999984741211,21.479999542236328,21.690000534057617,3245100,0.0,0.0
2024-03-04 00:00:00-05:00,21.68000030517578,21.81999969482422,20.709999084472656,20.729999542236328,3047700,0.0,0.0
2024-03-05 00:00:00-05:00,20.479999542236328,20.649999618530273,20.040000915527344,20.200000762939453,3209300,0.0,0.0
2024-03-06 00:00:00-05:00,20.399999618530273,20.549999237060547,20.139999389648438,20.3799991607666,2540200,0.0,0.0
2024-03-07 00:00:00-05:00,20.510000228881836,20.670000076293945,20.010000228881836,20.43000030517578,2668000,0.0,0.0
2024-03-08 00:00:00-05:00,20.489999771118164,21.059999465942383,20.489999771118164,20.860000610351562,2736800,0.0,0.0
2024-03-11 00:00:00-04:00,20.75,21.270000457763672,20.65999984741211,21.0,2139000,0.0,0.0
2024-03-12 00:00:00-04:00,21.15999984741211,21.170000076293945,20.84000015258789,21.100000381469727,2034200,0.0,0.0
2024-03-13 00:00:00-04:00,21.079999923706055,21.270000457763672,20.6200008392334,20.739999771118164,3296800,0.0,0.0
2024-03-14 00:00:00-04:00,20.780000686645508,20.81999969482422,20.309999465942383,20.510000228881836,1729700,0.0,0.0
2024-03-15 00:00:00-04:00,20.3700008392334,20.790000915527344,20.350000381469727,20.639999389648438,10280500,0.0,0.0
2024-03-18 00:00:00-04:00,20.520000457763672,20.84000015258789,20.260000228881836,20.700000762939453,2284700,0.0,0.0
2024-03-19 00:00:00-04:00,20.5,20.860000610351562,20.5,20.860000610351562,1883100,0.0,0.0
2024-03-20 00:00:00-04:00,20.829999923706055,21.219999313354492,20.6200008392334,21.219999313354492,1550600,0.0,0.0
2024-03-21 00:00:00-04:00,21.18000030517578,21.290000915527344,20.799999237060547,21.020000457763672,2338000,0.0,0.0
2024-03-22 00:00:00-04:00,21.049999237060547,21.079999923706055,20.31999969482422,20.450000762939453,1956400,0.0,0.0
2024-03-25 00:00:00-04:00,20.5,20.860000610351562,20.5,20.6200008392334,1421400,0.0,0.0
2024-03-26 00:00:00-04:00,20.829999923706055,20.889999389648438,20.610000610351562,20.639999389648438,1031100,0.0,0.0
2024-03-27 00:00:00-04:00,20.809999465942383,21.15999984741211,20.719999313354492,21.059999465942383,1607600,0.0,0.0
2024-03-28 00:00:00-04:00,21.18000030517578,21.389999389648438,21.079999923706055,21.209999084472656,1371300,0.0,0.0
2024-04-01 00:00:00-04:00,21.190000534057617,21.209999084472656,20.889999389648438,21.030000686645508,1769500,0.0,0.0
2024-04-02 00:00:00-04:00,20.889999389648438,21.06999969482422,20.790000915527344,21.059999465942383,1507300,0.0,0.0
2024-04-03 00:00:00-04:00,20.959999084472656,21.229999542236328,20.899999618530273,21.1299991607666,1761200,0.0,0.0
2024-04-04 00:00:00-04:00,21.3700008392334,21.3700008392334,20.829999923706055,20.899999618530273,1129700,0.0,0.0
2024-04-05 00:00:00-04:00,20.860000610351562,20.889999389648438,20.43000030517578,20.459999084472656,1300700,0.0,0.0
2024-04-08 00:00:00-04:00,20.600000381469727,21.0,20.600000381469727,20.8700008392334,933600,0.0,0.0
2024-04-09 00:00:00-04:00,20.989999771118164,22.149999618530273,20.940000534057617,22.09000015258789,2759800,0.0,0.0
2024-04-10 00:00:00-04:00,21.610000610351562,21.610000610351562,21.06999969482422,21.15999984741211,1629900,0.0,0.0
2024-04-11 00:00:00-04:00,21.280000686645508,21.34000015258789,20.899999618530273,21.209999084472656,2014500,0.0,0.0
2024-04-12 00:00:00-04:00,21.020000457763672,21.06999969482422,20.149999618530273,20.299999237060547,1712300,0.0,0.0
2024-04-15 00:00:00-04:00,20.3700008392334,20.520000457763672,20.0,20.110000610351562,1782900,0.0,0.0
2024-04-16 00:00:00-04:00,20.0,20.229999542236328,19.90999984741211,19.979999542236328,1430900,0.0,0.0
2024-04-17 00:00:00-04:00,19.979999542236328,20.219999313354492,19.719999313354492,19.790000915527344,1418900,0.0,0.0
2024-04-18 00:00:00-04:00,19.809999465942383,19.920000076293945,19.549999237060547,19.579999923706055,1246100,0.0,0.0
2024-04-19 00:00:00-04:00,19.56999969482422,20.229999542236328,19.559999465942383,20.139999389648438,1309900,0.0,0.0
2024-04-22 00:00:00-04:00,20.31999969482422,20.559999465942383,20.110000610351562,20.420000076293945,977900,0.0,0.0
2024-04-23 00:00:00-04:00,20.469999313354492,21.239999771118164,20.43000030517578,21.15999984741211,1561300,0.0,0.0
2024-04-24 00:00:00-04:00,21.190000534057617,21.329999923706055,20.979999542236328,21.030000686645508,1428500,0.0,0.0
2024-04-25 00:00:00-04:00,20.719999313354492,20.780000686645508,20.260000228881836,20.3700008392334,1268400,0.0,0.0
2024-04-26 00:00:00-04:00,20.43000030517578,20.579999923706055,19.940000534057617,20.079999923706055,1338300,0.0,0.0
2024-04-29 00:00:00-04:00,20.219999313354492,20.5,20.170000076293945,20.280000686645508,1178400,0.0,0.0
2024-04-30 00:00:00-04:00,20.06999969482422,20.09000015258789,19.479999542236328,19.489999771118164,2286900,0.0,0.0
2024-05-01 00:00:00-04:00,19.5,19.670000076293945,18.989999771118164,19.0,1525900,0.0,0.0
2024-05-02 00:00:00-04:00,19.270000457763672,19.350000381469727,18.729999542236328,18.899999618530273,1806700,0.0,0.0
2024-05-03 00:00:00-04:00,19.329999923706055,19.469999313354492,18.950000762939453,19.15999984741211,1510400,0.0,0.0
2024-05-06 00:00:00-04:00,19.440000534057617,19.889999389648438,19.280000686645508,19.709999084472656,1593100,0.0,0.0
2024-05-07 00:00:00-04:00,19.860000610351562,20.0,19.579999923706055,19.700000762939453,1348700,0.0,0.0
2024-05-08 00:00:00-04:00,19.549999237060547,19.979999542236328,19.5,19.899999618530273,1232800,0.0,0.0
2024-05-09 00:00:00-04:00,19.780000686645508,19.860000610351562,19.350000381469727,19.6200008392334,1610100,0.0,0.0
2024-05-10 00:00:00-04:00,19.719999313354492,19.799999237060547,19.360000610351562,19.40999984741211,1678200,0.0,0.0
2024-05-13 00:00:00-04:00,19.559999465942383,19.90999984741211,19.469999313354492,19.530000686645508,1361000,0.0,0.0
2024-05-14 00:00:00-04:00,19.790000915527344,19.8799991607666,19.6299991607666,19.799999237060547,1498800,0.0,0.0
2024-05-15 00:00:00-04:00,20.0,20.049999237060547,19.469999313354492,19.729999542236328,3438100,0.0,0.0
2024-05-16 00:00:00-04:00,19.739999771118164,20.200000762939453,19.739999771118164,19.8799991607666,3801200,0.0,0.0
2024-05-17 00:00:00-04:00,15.869999885559082,16.899999618530273,15.699999809265137,16.520000457763672,13471400,0.0,0.0
2024-05-20 00:00:00-04:00,16.530000686645508,16.530000686645508,15.90999984741211,16.209999084472656,5181900,0.0,0.0
2024-05-21 00:00:00-04:00,15.989999771118164,16.059999465942383,15.449999809265137,15.90999984741211,3867900,0.0,0.0
2024-05-22 00:00:00-04:00,15.819999694824219,16.5,15.779999732971191,16.40999984741211,3197000,0.0,0.0
2024-05-23 00:00:00-04:00,16.56999969482422,16.579999923706055,15.84000015258789,15.9399995803833,2253800,0.0,0.0
2024-05-24 00:00:00-04:00,15.949999809265137,16.0,15.40999984741211,15.630000114440918,2413100,0.0,0.0
2024-05-28 00:00:00-04:00,15.539999961853027,15.630000114440918,15.15999984741211,15.15999984741211,3018300,0.0,0.0
2024-05-29 00:00:00-04:00,14.899999618530273,15.220000267028809,14.850000381469727,15.09000015258789,4368400,0.0,0.0
2024-05-30 00:00:00-04:00,15.020000457763672,15.210000038146973,14.789999961853027,15.140000343322754,2692300,0.0,0.0
2024-05-31 00:00:00-04:00,15.239999771118164,15.680000305175781,15.170000076293945,15.550000190734863,3642100,0.0,0.0
2024-06-03 00:00:00-04:00,15.739999771118164,15.770000457763672,15.420000076293945,15.729999542236328,3147100,0.0,0.0
2024-06-04 00:00:00-04:00,15.640000343322754,15.699999809265137,15.270000457763672,15.460000038146973,2916800,0.0,0.0
2024-06-05 00:00:00-04:00,15.550000190734863,15.680000305175781,15.289999961853027,15.449999809265137,2135900,0.0,0.0
2024-06-06 00:00:00-04:00,15.359999656677246,15.890000343322754,15.289999961853027,15.859999656677246,2208300,0.0,0.0
2024-06-07 00:00:00-04:00,15.75,16.639999389648438,15.609999656677246,16.549999237060547,4773000,0.0,0.0
2024-06-10 00:00:00-04:00,16.399999618530273,19.459999084472656,16.350000381469727,18.450000762939453,12961300,0.0,0.0
2024-06-11 00:00:00-04:00,18.8799991607666,19.020000457763672,17.90999984741211,18.34000015258789,13249500,0.0,0.0
2024-06-12 00:00:00-04:00,18.389999389648438,19.68000030517578,18.389999389648438,18.90999984741211,4780500,0.0,0.0
2024-06-13 00:00:00-04:00,18.899999618530273,19.15999984741211,18.489999771118164,18.709999084472656,2615300,0.0,0.0
2024-06-14 00:00:00-04:00,18.40999984741211,18.40999984741211,17.84000015258789,17.850000381469727,2435100,0.0,0.0
2024-06-17 00:00:00-04:00,17.690000534057617,18.15999984741211,17.6299991607666,17.950000762939453,3132600,0.0,0.0
2024-06-18 00:00:00-04:00,18.0,18.469999313354492,17.969999313354492,18.34000015258789,3030700,0.0,0.0
2024-06-20 00:00:00-04:00,18.329999923706055,18.719999313354492,18.15999984741211,18.40999984741211,1541600,0.0,0.0
2024-06-21 00:00:00-04:00,18.790000915527344,18.799999237060547,18.3799991607666,18.739999771118164,7434000,0.0,0.0
2024-06-24 00:00:00-04:00,18.540000915527344,18.979999542236328,18.479999542236328,18.59000015258789,3120900,0.0,0.0
2024-06-25 00:00:00-04:00,18.610000610351562,18.719999313354492,18.420000076293945,18.600000381469727,1120800,0.0,0.0
2024-06-26 00:00:00-04:00,18.3799991607666,18.770000457763672,18.309999465942383,18.700000762939453,2256200,0.0,0.0
2024-06-27 00:00:00-04:00,18.690000534057617,18.850000381469727,18.600000381469727,18.84000015258789,1229000,0.0,0.0
2024-06-28 00:00:00-04:00,18.860000610351562,19.149999618530273,18.700000762939453,19.09000015258789,3503000,0.0,0.0
2024-07-01 00:00:00-04:00,19.09000015258789,19.290000915527344,18.600000381469727,18.6200008392334,1491100,0.0,0.0
2024-07-02 00:00:00-04:00,18.690000534057617,18.780000686645508,18.1299991607666,18.260000228881836,1180200,0.0,0.0
2024-07-03 00:00:00-04:00,18.280000686645508,18.420000076293945,18.079999923706055,18.200000762939453,558300,0.0,0.0
2024-07-05 00:00:00-04:00,18.040000915527344,18.510000228881836,17.940000534057617,18.3799991607666,2523200,0.0,0.0
2024-07-08 00:00:00-04:00,18.540000915527344,18.889999389648438,18.450000762939453,18.75,902400,0.0,0.0
2024-07-09 00:00:00-04:00,18.639999389648438,18.639999389648438,18.059999465942383,18.420000076293945,1382800,0.0,0.0
2024-07-10 00:00:00-04:00,18.479999542236328,18.739999771118164,18.229999542236328,18.700000762939453,778900,0.0,0.0
2024-07-11 00:00:00-04:00,18.8700008392334,19.469999313354492,18.780000686645508,19.450000762939453,1276500,0.0,0.0
2024-07-12 00:00:00-04:00,19.56999969482422,19.809999465942383,19.34000015258789,19.610000610351562,1638400,0.0,0.0
2024-07-15 00:00:00-04:00,19.670000076293945,19.760000228881836,19.270000457763672,19.280000686645508,1436100,0.0,0.0
2024-07-16 00:00:00-04:00,19.440000534057617,19.690000534057617,19.049999237060547,19.549999237060547,953800,0.0,0.0
2024-07-17 00:00:00-04:00,19.350000381469727,20.059999465942383,19.350000381469727,19.770000457763672,1464400,0.0,0.0
2024-07-18 00:00:00-04:00,19.780000686645508,20.299999237060547,19.690000534057617,19.760000228881836,1553000,0.0,0.0
2024-07-19 00:00:00-04:00,19.6299991607666,19.780000686645508,19.209999084472656,19.670000076293945,948400,0.0,0.0
2024-07-22 00:00:00-04:00,19.75,19.75,19.010000228881836,19.239999771118164,1458700,0.0,0.0
2024-07-23 00:00:00-04:00,19.229999542236328,19.799999237060547,19.18000030517578,19.760000228881836,868900,0.0,0.0
2024-07-24 00:00:00-04:00,19.700000762939453,19.989999771118164,19.459999084472656,19.469999313354492,795400,0.0,0.0
2024-07-25 00:00:00-04:00,19.489999771118164,20.139999389648438,19.3799991607666,19.770000457763672,701500,0.0,0.0
2024-07-26 00:00:00-04:00,20.010000228881836,20.149999618530273,19.760000228881836,20.059999465942383,827800,0.0,0.0
2024-07-29 00:00:00-04:00,20.1200008392334,20.15999984741211,19.709999084472656,20.139999389648438,1615800,0.0,0.0
2024-07-30 00:00:00-04:00,20.100000381469727,20.489999771118164,20.09000015258789,20.40999984741211,1196300,0.0,0.0
2024-07-31 00:00:00-04:00,20.5,20.75,20.329999923706055,20.34000015258789,1305500,0.0,0.0
2024-08-01 00:00:00-04:00,20.309999465942383,20.479999542236328,19.780000686645508,19.889999389648438,938000,0.0,0.0
2024-08-02 00:00:00-04:00,19.610000610351562,19.829999923706055,18.920000076293945,19.540000915527344,1654900,0.0,0.0
2024-08-05 00:00:00-04:00,18.40999984741211,18.719999313354492,18.010000228881836,18.280000686645508,1154300,0.0,0.0
2024-08-06 00:00:00-04:00,18.350000381469727,18.790000915527344,18.200000762939453,18.290000915527344,874500,0.0,0.0
2024-08-07 00:00:00-04:00,18.59000015258789,18.639999389648438,17.8799991607666,17.93000030517578,2126700,0.0,0.0
2024-08-08 00:00:00-04:00,17.84000015258789,18.360000610351562,17.84000015258789,18.329999923706055,1021800,0.0,0.0
2024-08-09 00:00:00-04:00,20.6299991607666,20.989999771118164,19.260000228881836,19.639999389648438,2590500,0.0,0.0
2024-08-12 00:00:00-04:00,19.5,19.739999771118164,19.1200008392334,19.15999984741211,1577900,0.0,0.0
2024-08-13 00:00:00-04:00,19.40999984741211,19.75,19.170000076293945,19.549999237060547,4108100,0.0,0.0
2024-08-14 00:00:00-04:00,19.670000076293945,19.860000610351562,19.280000686645508,19.350000381469727,1467400,0.0,0.0
2024-08-15 00:00:00-04:00,19.56999969482422,19.969999313354492,19.469999313354492,19.6299991607666,1672400,0.0,0.0
2024-08-16 00:00:00-04:00,19.530000686645508,19.600000381469727,19.15999984741211,19.280000686645508,1664900,0.0,0.0
2024-08-19 00:00:00-04:00,19.309999465942383,19.979999542236328,19.309999465942383,19.81999969482422,785300,0.0,0.0
2024-08-20 00:00:00-04:00,19.700000762939453,19.889999389648438,19.510000228881836,19.700000762939453,749000,0.0,0.0
2024-08-21 00:00:00-04:00,19.75,20.239999771118164,19.75,20.229999542236328,857800,0.0,0.0
2024-08-22 00:00:00-04:00,20.229999542236328,20.329999923706055,20.020000457763672,20.15999984741211,797700,0.0,0.0
2024-08-23 00:00:00-04:00,20.239999771118164,20.40999984741211,20.020000457763672,20.110000610351562,580900,0.0,0.0
2024-08-26 00:00:00-04:00,20.18000030517578,20.65999984741211,20.15999984741211,20.260000228881836,595200,0.0,0.0
2024-08-27 00:00:00-04:00,20.25,20.6200008392334,20.229999542236328,20.579999923706055,572900,0.0,0.0
2024-08-28 00:00:00-04:00,20.43000030517578,20.989999771118164,20.389999389648438,20.90999984741211,845600,0.0,0.0
2024-08-29 00:00:00-04:00,21.0,21.139999389648438,20.65999984741211,20.719999313354492,785100,0.0,0.0
2024-08-30 00:00:00-04:00,20.81999969482422,20.940000534057617,20.440000534057617,20.670000076293945,2049900,0.0,0.0
2024-09-03 00:00:00-04:00,20.420000076293945,20.670000076293945,20.219999313354492,20.3799991607666,895000,0.0,0.0
2024-09-04 00:00:00-04:00,20.40999984741211,20.920000076293945,20.350000381469727,20.8700008392334,699600,0.0,0.0
2024-09-05 00:00:00-04:00,20.84000015258789,21.329999923706055,20.6200008392334,21.1200008392334,1093400,0.0,0.0
2024-09-06 00:00:00-04:00,21.229999542236328,21.670000076293945,20.790000915527344,20.81999969482422,1682500,0.0,0.0
2024-09-09 00:00:00-04:00,20.65999984741211,20.90999984741211,20.420000076293945,20.6200008392334,898900,0.0,0.0
2024-09-10 00:00:00-04:00,20.649999618530273,20.780000686645508,20.479999542236328,20.690000534057617,851300,0.0,0.0
2024-09-11 00:00:00-04:00,20.549999237060547,20.81999969482422,20.290000915527344,20.799999237060547,861800,0.0,0.0
2024-09-12 00:00:00-04:00,20.799999237060547,20.920000076293945,20.579999923706055,20.760000228881836,725700,0.0,0.0
2024-09-13 00:00:00-04:00,20.989999771118164,21.40999984741211,20.989999771118164,21.239999771118164,609100,0.0,0.0
2024-09-16 00:00:00-04:00,21.290000915527344,21.440000534057617,21.100000381469727,21.440000534057617,753300,0.0,0.0
2024-09-17 00:00:00-04:00,21.59000015258789,21.700000762939453,21.229999542236328,21.450000762939453,1504300,0.0,0.0
2024-09-18 00:00:00-04:00,21.40999984741211,21.549999237060547,20.950000762939453,21.030000686645508,856200,0.0,0.0
2024-09-19 00:00:00-04:00,21.360000610351562,21.3700008392334,20.850000381469727,21.059999465942383,2514000,0.0,0.0
2024-09-20 00:00:00-04:00,21.270000457763672,21.610000610351562,20.979999542236328,21.34000015258789,7413300,0.0,0.0
2024-09-23 00:00:00-04:00,21.5,21.5,20.84000015258789,20.979999542236328,1463600,0.0,0.0
2024-09-24 00:00:00-04:00,21.020000457763672,21.1200008392334,20.229999542236328,20.229999542236328,874200,0.0,0.0
2024-09-25 00:00:00-04:00,20.209999084472656,20.25,19.68000030517578,19.8700008392334,1678000,0.0,0.0
2024-09-26 00:00:00-04:00,20.079999923706055,20.479999542236328,20.020000457763672,20.309999465942383,1740700,0.0,0.0
2024-09-27 00:00:00-04:00,20.459999084472656,20.739999771118164,20.299999237060547,20.719999313354492,1232600,0.0,0.0
2024-09-30 00:00:00-04:00,20.6299991607666,20.75,20.399999618530273,20.75,1246900,0.0,0.0
2024-10-01 00:00:00-04:00,20.649999618530273,20.719999313354492,19.8799991607666,20.06999969482422,1126000,0.0,0.0
2024-10-02 00:00:00-04:00,20.110000610351562,20.450000762939453,20.049999237060547,20.190000534057617,932600,0.0,0.0
2024-10-03 00:00:00-04:00,20.09000015258789,20.940000534057617,20.059999465942383,20.799999237060547,900000,0.0,0.0
2024-10-04 00:00:00-04:00,21.049999237060547,21.190000534057617,20.700000762939453,20.84000015258789,453200,0.0,0.0
2024-10-07 00:00:00-04:00,20.760000228881836,20.809999465942383,20.520000457763672,20.530000686645508,994900,0.0,0.0
2024-10-08 00:00:00-04:00,20.610000610351562,20.8799991607666,20.280000686645508,20.469999313354492,938700,0.0,0.0
2024-10-09 00:00:00-04:00,20.520000457763672,20.579999923706055,20.15999984741211,20.260000228881836,645000,0.0,0.0
2024-10-10 00:00:00-04:00,20.149999618530273,20.18000030517578,19.719999313354492,19.90999984741211,1916700,0.0,0.0
2024-10-11 00:00:00-04:00,19.979999542236328,20.31999969482422,19.889999389648438,20.020000457763672,1605600,0.0,0.0
2024-10-14 00:00:00-04:00,20.040000915527344,20.299999237060547,19.829999923706055,20.110000610351562,1622400,0.0,0.0
2024-10-15 00:00:00-04:00,20.25,20.770000457763672,20.229999542236328,20.3700008392334,1952600,0.0,0.0
2024-10-16 00:00:00-04:00,20.510000228881836,21.09000015258789,20.489999771118164,21.0,1021900,0.0,0.0
2024-10-17 00:00:00-04:00,20.860000610351562,21.350000381469727,20.6299991607666,21.260000228881836,706400,0.0,0.0
2024-10-18 00:00:00-04:00,21.350000381469727,21.350000381469727,21.040000915527344,21.049999237060547,1161900,0.0,0.0
2024-10-21 00:00:00-04:00,20.989999771118164,21.229999542236328,20.649999618530273,20.709999084472656,819800,0.0,0.0
2024-10-22 00:00:00-04:00,20.6200008392334,20.770000457763672,20.43000030517578,20.459999084472656,688500,0.0,0.0
2024-10-23 00:00:00-04:00,20.3799991607666,20.549999237060547,19.8700008392334,20.06999969482422,570700,0.0,0.0
2024-10-24 00:00:00-04:00,20.079999923706055,20.18000030517578,19.93000030517578,19.940000534057617,656700,0.0,0.0
2024-10-25 00:00:00-04:00,20.0,20.1200008392334,19.65999984741211,19.8700008392334,764100,0.0,0.0
2024-10-28 00:00:00-04:00,19.950000762939453,20.389999389648438,19.950000762939453,20.270000457763672,774700,0.0,0.0
2024-10-29 00:00:00-04:00,20.190000534057617,21.079999923706055,20.15999984741211,20.920000076293945,980400,0.0,0.0
2024-10-30 00:00:00-04:00,20.850000381469727,21.239999771118164,20.709999084472656,20.780000686645508,602900,0.0,0.0
2024-10-31 00:00:00-04:00,20.799999237060547,20.989999771118164,19.850000381469727,19.860000610351562,1002200,0.0,0.0
2024-11-01 00:00:00-04:00,19.950000762939453,20.329999923706055,19.770000457763672,20.020000457763672,994100,0.0,0.0
2024-11-04 00:00:00-05:00,19.950000762939453,20.520000457763672,19.920000076293945,20.5,775900,0.0,0.0
2024-11-05 00:00:00-05:00,20.420000076293945,20.860000610351562,20.290000915527344,20.770000457763672,866500,0.0,0.0
2024-11-06 00:00:00-05:00,21.170000076293945,21.979999542236328,21.020000457763672,21.43000030517578,931800,0.0,0.0
2024-11-07 00:00:00-05:00,21.440000534057617,22.600000381469727,21.25,22.579999923706055,2065100,0.0,0.0
2024-11-08 00:00:00-05:00,23.709999084472656,24.829999923706055,21.530000686645508,21.65999984741211,5981700,0.0,0.0
2024-11-11 00:00:00-05:00,22.3700008392334,23.049999237060547,22.09000015258789,22.770000457763672,2324200,0.0,0.0
2024-11-12 00:00:00-05:00,22.81999969482422,23.18000030517578,22.59000015258789,22.829999923706055,2185600,0.0,0.0
2024-11-13 00:00:00-05:00,22.81999969482422,22.889999389648438,22.389999389648438,22.40999984741211,1126500,0.0,0.0
2024-11-14 00:00:00-05:00,22.440000534057617,22.440000534057617,21.68000030517578,21.68000030517578,1473600,0.0,0.0
2024-11-15 00:00:00-05:00,21.459999084472656,21.809999465942383,20.75,20.809999465942383,844700,0.0,0.0
2024-11-18 00:00:00-05:00,20.700000762939453,20.84000015258789,19.610000610351562,19.690000534057617,1276200,0.0,0.0
2024-11-19 00:00:00-05:00,19.309999465942383,19.600000381469727,19.149999618530273,19.59000015258789,1155500,0.0,0.0
2024-11-20 00:00:00-05:00,19.579999923706055,21.239999771118164,19.530000686645508,21.170000076293945,1620100,0.0,0.0
2024-11-21 00:00:00-05:00,21.360000610351562,21.899999618530273,21.010000228881836,21.81999969482422,886400,0.0,0.0
2024-11-22 00:00:00-05:00,21.959999084472656,22.549999237060547,21.850000381469727,22.299999237060547,1067400,0.0,0.0
2024-11-25 00:00:00-05:00,22.68000030517578,23.030000686645508,22.43000030517578,22.600000381469727,2022600,0.0,0.0
2024-11-26 00:00:00-05:00,22.600000381469727,22.780000686645508,22.399999618530273,22.530000686645508,848500,0.0,0.0
2024-11-27 00:00:00-05:00,22.549999237060547,22.850000381469727,22.31999969482422,22.3799991607666,692200,0.0,0.0
2024-11-29 00:00:00-05:00,22.43000030517578,22.6299991607666,22.239999771118164,22.5,502900,0.0,0.0
2024-12-02 00:00:00-05:00,22.399999618530273,22.719999313354492,22.229999542236328,22.510000228881836,864000,0.0,0.0
2024-12-03 00:00:00-05:00,22.5,22.5,21.969999313354492,22.15999984741211,578200,0.0,0.0
2024-12-04 00:00:00-05:00,22.399999618530273,22.559999465942383,22.18000030517578,22.5,579500,0.0,0.0
2024-12-05 00:00:00-05:00,22.59000015258789,22.649999618530273,21.950000762939453,22.010000228881836,610100,0.0,0.0
2024-12-06 00:00:00-05:00,22.18000030517578,22.329999923706055,21.93000030517578,22.190000534057617,713300,0.0,0.0
2024-12-09 00:00:00-05:00,22.34000015258789,22.899999618530273,22.149999618530273,22.280000686645508,914500,0.0,0.0
2024-12-10 00:00:00-05:00,22.18000030517578,22.18000030517578,21.610000610351562,21.850000381469727,984200,0.0,0.0
2024-12-11 00:00:00-05:00,21.959999084472656,22.059999465942383,21.229999542236328,21.559999465942383,789100,0.0,0.0
2024-12-12 00:00:00-05:00,21.40999984741211,22.020000457763672,21.239999771118164,21.719999313354492,1101000,0.0,0.0
2024-12-13 00:00:00-05:00,21.700000762939453,21.809999465942383,21.260000228881836,21.459999084472656,1678900,0.0,0.0
2024-12-16 00:00:00-05:00,21.280000686645508,21.610000610351562,21.1299991607666,21.469999313354492,672500,0.0,0.0
2024-12-17 00:00:00-05:00,21.3700008392334,21.600000381469727,21.18000030517578,21.299999237060547,799400,0.0,0.0
2024-12-18 00:00:00-05:00,21.389999389648438,21.709999084472656,20.639999389648438,20.829999923706055,884700,0.0,0.0
2024-12-19 00:00:00-05:00,21.110000610351562,21.84000015258789,21.110000610351562,21.489999771118164,1053400,0.0,0.0
2024-12-20 00:00:00-05:00,21.389999389648438,21.600000381469727,20.360000610351562,20.600000381469727,4258800,0.0,0.0
2024-12-23 00:00:00-05:00,20.530000686645508,20.979999542236328,20.209999084472656,20.940000534057617,936400,0.0,0.0
2024-12-24 00:00:00-05:00,20.860000610351562,20.889999389648438,20.43000030517578,20.5,302300,0.0,0.0
2024-12-26 00:00:00-05:00,20.270000457763672,20.6200008392334,20.170000076293945,20.3700008392334,820600,0.0,0.0
2024-12-27 00:00:00-05:00,20.270000457763672,20.5,20.0,20.200000762939453,633800,0.0,0.0
2024-12-30 00:00:00-05:00,20.020000457763672,20.1299991607666,19.59000015258789,20.030000686645508,772300,0.0,0.0
2024-12-31 00:00:00-05:00,20.110000610351562,20.299999237060547,19.850000381469727,19.979999542236328,629100,0.0,0.0
2025-01-02 00:00:00-05:00,20.219999313354492,20.31999969482422,19.56999969482422,19.75,1267100,0.0,0.0
2025-01-03 00:00:00-05:00,19.8799991607666,19.989999771118164,19.389999389648438,19.8700008392334,768800,0.0,0.0
2025-01-06 00:00:00-05:00,20.0,20.540000915527344,19.8700008392334,20.190000534057617,1074500,0.0,0.0
2025-01-07 00:00:00-05:00,20.239999771118164,20.670000076293945,20.209999084472656,20.31999969482422,762400,0.0,0.0
2025-01-08 00:00:00-05:00,20.200000762939453,20.530000686645508,20.049999237060547,20.520000457763672,801900,0.0,0.0
2025-01-10 00:00:00-05:00,20.31999969482422,20.440000534057617,19.459999084472656,19.469999313354492,1046800,0.0,0.0
2025-01-13 00:00:00-05:00,19.270000457763672,19.790000915527344,19.139999389648438,19.760000228881836,1078900,0.0,0.0
2025-01-14 00:00:00-05:00,19.979999542236328,20.139999389648438,19.729999542236328,19.889999389648438,782300,0.0,0.0
2025-01-15 00:00:00-05:00,20.260000228881836,20.8799991607666,19.920000076293945,20.790000915527344,920000,0.0,0.0
2025-01-16 00:00:00-05:00,20.809999465942383,21.010000228881836,20.469999313354492,20.6299991607666,973600,0.0,0.0
2025-01-17 00:00:00-05:00,20.8700008392334,20.8700008392334,20.40999984741211,20.479999542236328,420800,0.0,0.0
2025-01-21 00:00:00-05:00,20.510000228881836,21.059999465942383,20.489999771118164,20.8700008392334,541900,0.0,0.0
2025-01-22 00:00:00-05:00,20.850000381469727,20.90999984741211,20.520000457763672,20.700000762939453,1148000,0.0,0.0
2025-01-23 00:00:00-05:00,20.690000534057617,21.190000534057617,20.690000534057617,21.15999984741211,697600,0.0,0.0
2025-01-24 00:00:00-05:00,21.18000030517578,21.229999542236328,20.920000076293945,21.09000015258789,614900,0.0,0.0
2025-01-27 00:00:00-05:00,21.010000228881836,21.65999984741211,20.84000015258789,21.329999923706055,801600,0.0,0.0
2025-01-28 00:00:00-05:00,21.420000076293945,21.729999542236328,21.139999389648438,21.43000030517578,603300,0.0,0.0
2025-01-29 00:00:00-05:00,21.469999313354492,21.719999313354492,21.329999923706055,21.540000915527344,836500,0.0,0.0
2025-01-30 00:00:00-05:00,21.700000762939453,21.799999237060547,21.270000457763672,21.540000915527344,777500,0.0,0.0
2025-01-31 00:00:00-05:00,21.530000686645508,21.940000534057617,21.34000015258789,21.719999313354492,1109100,0.0,0.0
2025-02-03 00:00:00-05:00,21.270000457763672,22.170000076293945,21.110000610351562,22.010000228881836,2163000,0.0,0.0
2025-02-04 00:00:00-05:00,21.8799991607666,22.889999389648438,21.5,22.610000610351562,2256400,0.0,0.0
2025-02-05 00:00:00-05:00,23.280000686645508,23.75,22.010000228881836,22.110000610351562,2870700,0.0,0.0
2025-02-06 00:00:00-05:00,22.290000915527344,22.780000686645508,22.010000228881836,22.350000381469727,1405300,0.0,0.0
2025-02-07 00:00:00-05:00,22.360000610351562,22.399999618530273,20.770000457763672,20.8700008392334,1528600,0.0,0.0
2025-02-10 00:00:00-05:00,20.979999542236328,21.149999618530273,20.219999313354492,20.229999542236328,1225900,0.0,0.0
2025-02-11 00:00:00-05:00,20.15999984741211,20.549999237060547,19.690000534057617,20.079999923706055,1332500,0.0,0.0
2025-02-12 00:00:00-05:00,19.799999237060547,20.190000534057617,19.760000228881836,20.059999465942383,849200,0.0,0.0
2025-02-13 00:00:00-05:00,19.989999771118164,20.6299991607666,19.889999389648438,20.579999923706055,747700,0.0,0.0
2025-02-14 00:00:00-05:00,20.56999969482422,20.719999313354492,20.209999084472656,20.3700008392334,587800,0.0,0.0
2025-02-18 00:00:00-05:00,20.350000381469727,21.350000381469727,20.290000915527344,21.31999969482422,1075600,0.0,0.0
2025-02-19 00:00:00-05:00,21.280000686645508,21.280000686645508,20.299999237060547,20.299999237060547,942700,0.0,0.0
2025-02-20 00:00:00-05:00,20.200000762939453,20.469999313354492,19.739999771118164,20.170000076293945,923900,0.0,0.0
2025-02-21 00:00:00-05:00,20.209999084472656,20.290000915527344,19.479999542236328,19.559999465942383,871300,0.0,0.0
2025-02-24 00:00:00-05:00,19.6299991607666,19.6299991607666,19.049999237060547,19.309999465942383,1034600,0.0,0.0
2025-02-25 00:00:00-05:00,19.1200008392334,19.260000228881836,18.520000457763672,18.549999237060547,1308100,0.0,0.0
2025-02-26 00:00:00-05:00,18.469999313354492,18.739999771118164,18.229999542236328,18.56999969482422,1305100,0.0,0.0
2025-02-27 00:00:00-05:00,18.5,18.68000030517578,18.200000762939453,18.290000915527344,1115300,0.0,0.0
2025-02-28 00:00:00-05:00,18.1200008392334,18.479999542236328,18.040000915527344,18.3700008392334,1466800,0.0,0.0
2025-03-03 00:00:00-05:00,18.420000076293945,18.6299991607666,18.020000457763672,18.100000381469727,1133600,0.0,0.0
2025-03-04 00:00:00-05:00,17.860000610351562,18.3799991607666,17.760000228881836,17.989999771118164,1271800,0.0,0.0
2025-03-05 00:00:00-05:00,18.030000686645508,18.329999923706055,17.829999923706055,18.219999313354492,1431400,0.0,0.0
2025-03-06 00:00:00-05:00,18.100000381469727,18.25,17.829999923706055,17.950000762939453,814500,0.0,0.0
2025-03-07 00:00:00-05:00,17.770000457763672,18.899999618530273,17.729999542236328,18.6200008392334,1235400,0.0,0.0
2025-03-10 00:00:00-04:00,18.31999969482422,18.350000381469727,17.530000686645508,17.75,1204300,0.0,0.0
2025-03-11 00:00:00-04:00,17.739999771118164,17.969999313354492,17.469999313354492,17.520000457763672,1296100,0.0,0.0
2025-03-12 00:00:00-04:00,17.6299991607666,17.6299991607666,16.709999084472656,17.06999969482422,1822800,0.0,0.0
2025-03-13 00:00:00-04:00,17.0,17.15999984741211,16.510000228881836,16.850000381469727,1851400,0.0,0.0
2025-03-14 00:00:00-04:00,16.90999984741211,17.360000610351562,16.90999984741211,17.280000686645508,1455800,0.0,0.0
2025-03-17 00:00:00-04:00,17.469999313354492,17.860000610351562,17.360000610351562,17.3799991607666,1197000,0.0,0.0
2025-03-18 00:00:00-04:00,17.3700008392334,17.530000686645508,17.15999984741211,17.350000381469727,1619800,0.0,0.0
2025-03-19 00:00:00-04:00,17.399999618530273,17.670000076293945,17.239999771118164,17.56999969482422,1383800,0.0,0.0
2025-03-20 00:00:00-04:00,17.09000015258789,17.510000228881836,16.729999542236328,17.149999618530273,1574300,0.0,0.0
2025-03-21 00:00:00-04:00,16.969999313354492,17.09000015258789,16.190000534057617,16.43000030517578,27674100,0.0,0.0
2025-03-24 00:00:00-04:00,17.030000686645508,17.239999771118164,16.670000076293945,16.979999542236328,3612700,0.0,0.0
2025-03-25 00:00:00-04:00,17.049999237060547,17.540000915527344,16.950000762939453,17.09000015258789,2830600,0.0,0.0
2025-03-26 00:00:00-04:00,17.209999084472656,17.56999969482422,17.209999084472656,17.510000228881836,1335700,0.0,0.0
2025-03-27 00:00:00-04:00,17.479999542236328,17.5,17.190000534057617,17.389999389648438,2009200,0.0,0.0
2025-03-28 00:00:00-04:00,17.25,17.350000381469727,16.860000610351562,17.079999923706055,1533800,0.0,0.0
2025-03-31 00:00:00-04:00,16.799999237060547,17.229999542236328,16.510000228881836,17.049999237060547,1082500,0.0,0.0
2025-04-01 00:00:00-04:00,16.90999984741211,17.450000762939453,16.90999984741211,17.34000015258789,1176900,0.0,0.0
2025-04-02 00:00:00-04:00,17.18000030517578,17.68000030517578,17.059999465942383,17.6299991607666,1101100,0.0,0.0
2025-04-03 00:00:00-04:00,16.8799991607666,17.280000686645508,16.350000381469727,16.40999984741211,1504800,0.0,0.0
2025-04-04 00:00:00-04:00,15.720000267028809,15.90999984741211,14.710000038146973,14.850000381469727,2629100,0.0,0.0
2025-04-07 00:00:00-04:00,14.199999809265137,15.039999961853027,13.75,14.649999618530273,2525300,0.0,0.0
2025-04-08 00:00:00-04:00,15.0600004196167,15.289999961853027,13.850000381469727,14.100000381469727,2703500,0.0,0.0
2025-04-09 00:00:00-04:00,13.760000228881836,15.569999694824219,13.4399995803833,15.5600004196167,3533900,0.0,0.0
2025-04-10 00:00:00-04:00,15.09000015258789,15.239999771118164,14.020000457763672,14.25,1996300,0.0,0.0
2025-04-11 00:00:00-04:00,14.149999618530273,14.470000267028809,13.710000038146973,14.449999809265137,1541600,0.0,0.0
2025-04-14 00:00:00-04:00,14.789999961853027,15.020000457763672,14.329999923706055,14.710000038146973,1363300,0.0,0.0
2025-04-15 00:00:00-04:00,14.680000305175781,15.149999618530273,14.59000015258789,14.819999694824219,1375200,0.0,0.0
2025-04-16 00:00:00-04:00,14.760000228881836,14.819999694824219,14.319999694824219,14.640000343322754,1157700,0.0,0.0
2025-04-17 00:00:00-04:00,14.569999694824219,14.760000228881836,14.329999923706055,14.359999656677246,1230700,0.0,0.0
2025-04-21 00:00:00-04:00,14.229999542236328,14.369999885559082,13.720000267028809,14.029999732971191,1895000,0.0,0.0
2025-04-22 00:00:00-04:00,14.239999771118164,14.630000114440918,14.130000114440918,14.529999732971191,1247700,0.0,0.0
2025-04-23 00:00:00-04:00,15.100000381469727,15.5,15.0,15.15999984741211,1536400,0.0,0.0
2025-04-24 00:00:00-04:00,15.029999732971191,15.40999984741211,15.010000228881836,15.359999656677246,1052000,0.0,0.0
2025-04-25 00:00:00-04:00,15.289999961853027,15.390000343322754,15.0600004196167,15.300000190734863,813600,0.0,0.0
2025-04-28 00:00:00-04:00,15.390000343322754,15.850000381469727,15.390000343322754,15.649999618530273,1437600,0.0,0.0
2025-04-29 00:00:00-04:00,15.640000343322754,15.850000381469727,15.550000190734863,15.729999542236328,749700,0.0,0.0
2025-04-30 00:00:00-04:00,15.380000114440918,15.539999961853027,15.020000457763672,15.520000457763672,1099800,0.0,0.0
2025-05-01 00:00:00-04:00,15.720000267028809,15.989999771118164,15.600000381469727,15.6899995803833,1044500,0.0,0.0
2025-05-02 00:00:00-04:00,16.0,16.299999237060547,15.899999618530273,16.06999969482422,815900,0.0,0.0
2025-05-05 00:00:00-04:00,15.869999885559082,16.190000534057617,15.729999542236328,15.880000114440918,790900,0.0,0.0
2025-05-06 00:00:00-04:00,15.680000305175781,15.960000038146973,15.479999542236328,15.510000228881836,1085600,0.0,0.0
2025-05-07 00:00:00-04:00,15.699999809265137,15.8100004196167,15.1899995803833,15.460000038146973,724100,0.0,0.0
2025-05-08 00:00:00-04:00,15.65999984741211,16.18000030517578,15.640000343322754,15.859999656677246,994800,0.0,0.0
2025-05-09 00:00:00-04:00,16.0,16.280000686645508,15.829999923706055,16.25,1251800,0.0,0.0
2025-05-12 00:00:00-04:00,17.0,17.260000228881836,16.56999969482422,16.770000457763672,1477600,0.0,0.0
2025-05-13 00:00:00-04:00,16.770000457763672,17.139999389648438,16.68000030517578,16.940000534057617,1376600,0.0,0.0
2025-05-14 00:00:00-04:00,16.90999984741211,17.06999969482422,16.170000076293945,16.559999465942383,3184400,0.0,0.0
2025-05-15 00:00:00-04:00,13.880000114440918,16.110000610351562,13.880000114440918,16.020000457763672,4164500,0.0,0.0
2025-05-16 00:00:00-04:00,16.010000228881836,16.010000228881836,15.199999809265137,15.270000457763672,2859300,0.0,0.0
2025-05-19 00:00:00-04:00,15.260000228881836,15.529999732971191,15.079999923706055,15.289999961853027,2151000,0.0,0.0
2025-05-20 00:00:00-04:00,15.34000015258789,15.460000038146973,15.100000381469727,15.279999732971191,1986700,0.0,0.0
2025-05-21 00:00:00-04:00,15.170000076293945,15.420000076293945,14.720000267028809,14.760000228881836,1708100,0.0,0.0
2025-05-22 00:00:00-04:00,14.680000305175781,15.319999694824219,14.680000305175781,15.170000076293945,2170200,0.0,0.0
2025-05-23 00:00:00-04:00,14.770000457763672,15.0600004196167,14.720000267028809,14.75,1431000,0.0,0.0
2025-05-27 00:00:00-04:00,14.979999542236328,15.4399995803833,14.609999656677246,15.359999656677246,3622400,0.0,0.0
2025-05-28 00:00:00-04:00,15.399999618530273,15.550000190734863,14.920000076293945,14.9399995803833,1345000,0.0,0.0
2025-05-29 00:00:00-04:00,15.109999656677246,15.539999961853027,14.979999542236328,15.460000038146973,2136900,0.0,0.0
2025-05-30 00:00:00-04:00,15.40999984741211,15.420000076293945,14.989999771118164,15.199999809265137,2213000,0.0,0.0
2025-06-02 00:00:00-04:00,15.149999618530273,15.1899995803833,14.699999809265137,14.819999694824219,1822100,0.0,0.0
2025-06-03 00:00:00-04:00,14.739999771118164,15.079999923706055,14.699999809265137,15.069999694824219,1732800,0.0,0.0
2025-06-04 00:00:00-04:00,15.15999984741211,15.539999961853027,15.15999984741211,15.449999809265137,1873500,0.0,0.0
2025-06-05 00:00:00-04:00,15.479999542236328,15.680000305175781,15.260000228881836,15.489999771118164,1304200,0.0,0.0
2025-06-06 00:00:00-04:00,15.670000076293945,15.859999656677246,15.670000076293945,15.760000228881836,1530300,0.0,0.0
2025-06-09 00:00:00-04:00,15.920000076293945,16.0,15.600000381469727,15.600000381469727,1229700,0.0,0.0
2025-06-10 00:00:00-04:00,15.760000228881836,15.979999542236328,15.640000343322754,15.949999809265137,1985200,0.0,0.0
2025-06-11 00:00:00-04:00,15.989999771118164,16.040000915527344,15.829999923706055,15.970000267028809,1248700,0.0,0.0
2025-06-12 00:00:00-04:00,15.729999542236328,15.920000076293945,15.670000076293945,15.859999656677246,1366700,0.0,0.0
2025-06-13 00:00:00-04:00,15.529999732971191,15.760000228881836,15.460000038146973,15.579999923706055,1617900,0.0,0.0
2025-06-16 00:00:00-04:00,15.75,15.989999771118164,15.6899995803833,15.880000114440918,1808300,0.0,0.0
2025-06-17 00:00:00-04:00,15.670000076293945,15.899999618530273,15.4399995803833,15.5600004196167,1794400,0.0,0.0
2025-06-18 00:00:00-04:00,15.539999961853027,15.789999961853027,14.649999618530273,14.760000228881836,2439100,0.0,0.0
2025-06-20 00:00:00-04:00,14.649999618530273,14.829999923706055,14.130000114440918,14.220000267028809,3478800,0.0,0.0
2025-06-23 00:00:00-04:00,14.229999542236328,14.6899995803833,14.170000076293945,14.630000114440918,1958200,0.0,0.0
2025-06-24 00:00:00-04:00,14.869999885559082,15.270000457763672,14.649999618530273,15.170000076293945,2150700,0.0,0.0
2025-06-25 00:00:00-04:00,15.210000038146973,15.369999885559082,14.960000038146973,14.979999542236328,1507500,0.0,0.0
2025-06-26 00:00:00-04:00,15.09000015258789,15.3100004196167,15.010000228881836,15.199999809265137,1367200,0.0,0.0
2025-06-27 00:00:00-04:00,15.260000228881836,15.380000114440918,14.670000076293945,15.029999732971191,1951300,0.0,0.0
2025-06-30 00:00:00-04:00,15.0600004196167,15.34000015258789,15.029999732971191,15.289999961853027,1890700,0.0,0.0
2025-07-01 00:00:00-04:00,15.140000343322754,16.139999389648438,15.100000381469727,15.920000076293945,2704800,0.0,0.0
2025-07-02 00:00:00-04:00,15.979999542236328,16.040000915527344,15.609999656677246,15.960000038146973,2254200,0.0,0.0
2025-07-03 00:00:00-04:00,16.0,16.3799991607666,15.920000076293945,16.239999771118164,1684400,0.0,0.0
2025-07-07 00:00:00-04:00,15.949999809265137,16.450000762939453,15.579999923706055,15.59000015258789,1847700,0.0,0.0
2025-07-08 00:00:00-04:00,15.850000381469727,16.420000076293945,15.770000457763672,16.040000915527344,1730800,0.0,0.0
2025-07-09 00:00:00-04:00,16.030000686645508,16.059999465942383,15.34000015258789,15.710000038146973,1858200,0.0,0.0
2025-07-10 00:00:00-04:00,15.699999809265137,15.789999961853027,15.09000015258789,15.109999656677246,2403000,0.0,0.0
2025-07-11 00:00:00-04:00,14.8100004196167,14.979999542236328,14.239999771118164,14.300000190734863,1810500,0.0,0.0
2025-07-14 00:00:00-04:00,14.300000190734863,14.470000267028809,14.1899995803833,14.4399995803833,1493200,0.0,0.0
2025-07-15 00:00:00-04:00,14.510000228881836,14.5600004196167,14.069999694824219,14.119999885559082,1387200,0.0,0.0
2025-07-16 00:00:00-04:00,14.359999656677246,14.479999542236328,14.1899995803833,14.3100004196167,1528700,0.0,0.0
2025-07-17 00:00:00-04:00,14.3100004196167,14.630000114440918,14.300000190734863,14.5600004196167,1324600,0.0,0.0
2025-07-18 00:00:00-04:00,14.640000343322754,14.760000228881836,14.279999732971191,14.390000343322754,1126100,0.0,0.0
2025-07-21 00:00:00-04:00,14.5,14.640000343322754,14.270000457763672,14.350000381469727,1316900,0.0,0.0
2025-07-22 00:00:00-04:00,14.5,14.800000190734863,14.4399995803833,14.630000114440918,1318300,0.0,0.0
2025-07-23 00:00:00-04:00,14.829999923706055,14.930000305175781,14.609999656677246,14.829999923706055,1398600,0.0,0.0
2025-07-24 00:00:00-04:00,14.670000076293945,14.739999771118164,14.430000305175781,14.59000015258789,2554500,0.0,0.0
2025-07-25 00:00:00-04:00,14.5600004196167,14.600000381469727,14.210000038146973,14.300000190734863,1768700,0.0,0.0
2025-07-28 00:00:00-04:00,14.430000305175781,14.479999542236328,14.210000038146973,14.229999542236328,1298500,0.0,0.0
2025-07-29 00:00:00-04:00,14.270000457763672,14.300000190734863,13.979999542236328,14.130000114440918,1826200,0.0,0.0
2025-07-30 00:00:00-04:00,14.170000076293945,14.170000076293945,13.680000305175781,13.729999542236328,2051100,0.0,0.0
2025-07-31 00:00:00-04:00,13.65999984741211,13.829999923706055,13.479999542236328,13.609999656677246,3432300,0.0,0.0
2025-08-01 00:00:00-04:00,13.529999732971191,13.619999885559082,12.239999771118164,12.859999656677246,5093500,0.0,0.0
2025-08-04 00:00:00-04:00,13.100000381469727,13.40999984741211,12.8100004196167,13.34000015258789,2145300,0.0,0.0
2025-08-05 00:00:00-04:00,13.390000343322754,13.470000267028809,12.850000381469727,13.229999542236328,2844300,0.0,0.0
2025-08-06 00:00:00-04:00,13.300000190734863,13.420000076293945,13.15999984741211,13.25,1930100,0.0,0.0
2025-08-07 00:00:00-04:00,13.4399995803833,13.479999542236328,13.149999618530273,13.25,2024200,0.0,0.0
2025-08-08 00:00:00-04:00,13.220000267028809,13.430000305175781,13.119999885559082,13.140000343322754,1311600,0.0,0.0
2025-08-11 00:00:00-04:00,13.170000076293945,13.510000228881836,12.779999732971191,12.850000381469727,1905300,0.0,0.0
2025-08-12 00:00:00-04:00,12.890000343322754,13.420000076293945,12.850000381469727,13.260000228881836,1610700,0.0,0.0
2025-08-13 00:00:00-04:00,13.350000381469727,13.949999809265137,13.289999961853027,13.890000343322754,1492800,0.0,0.0
2025-08-14 00:00:00-04:00,13.699999809265137,13.859999656677246,13.600000381469727,13.779999732971191,1192600,0.0,0.0
2025-08-15 00:00:00-04:00,13.770000457763672,14.0600004196167,13.710000038146973,13.710000038146973,1529000,0.0,0.0
2025-08-18 00:00:00-04:00,13.680000305175781,13.979999542236328,13.529999732971191,13.920000076293945,1853900,0.0,0.0
2025-08-19 00:00:00-04:00,14.0,14.260000228881836,13.869999885559082,13.970000267028809,1731900,0.0,0.0
2025-08-20 00:00:00-04:00,13.850000381469727,14.010000228881836,13.699999809265137,13.699999809265137,1351600,0.0,0.0
2025-08-21 00:00:00-04:00,13.619999885559082,13.75,13.550000190734863,13.710000038146973,1217400,0.0,0.0
2025-08-22 00:00:00-04:00,13.829999923706055,14.40999984741211,13.770000457763672,14.25,1426600,0.0,0.0
2025-08-25 00:00:00-04:00,14.199999809265137,14.25,14.029999732971191,14.09000015258789,1132300,0.0,0.0
2025-08-26 00:00:00-04:00,14.0600004196167,14.199999809265137,14.039999961853027,14.149999618530273,1715900,0.0,0.0
2025-08-27 00:00:00-04:00,14.170000076293945,14.4399995803833,14.149999618530273,14.3100004196167,1597200,0.0,0.0
2025-08-28 00:00:00-04:00,14.40999984741211,14.40999984741211,14.130000114440918,14.1899995803833,1532100,0.0,0.0
2025-08-29 00:00:00-04:00,14.180000305175781,14.619999885559082,14.15999984741211,14.449999809265137,1737400,0.0,0.0
2025-09-02 00:00:00-04:00,14.170000076293945,14.430000305175781,14.100000381469727,14.329999923706055,1124800,0.0,0.0
2025-09-03 00:00:00-04:00,14.34000015258789,14.5,14.229999542236328,14.5,1531300,0.0,0.0
2025-09-04 00:00:00-04:00,14.399999618530273,14.609999656677246,14.069999694824219,14.5,1612900,0.0,0.0
2025-09-05 00:00:00-04:00,14.579999923706055,15.039999961853027,14.479999542236328,14.789999961853027,1787200,0.0,0.0
2025-09-08 00:00:00-04:00,14.739999771118164,14.739999771118164,14.359999656677246,14.649999618530273,1892100,0.0,0.0
2025-09-09 00:00:00-04:00,14.640000343322754,14.729999542236328,14.40999984741211,14.430000305175781,1593400,0.0,0.0
2025-09-10 00:00:00-04:00,14.40999984741211,14.489999771118164,14.100000381469727,14.220000267028809,1941100,0.0,0.0
2025-09-11 00:00:00-04:00,14.25,14.569999694824219,14.170000076293945,14.550000190734863,1826800,0.0,0.0
2025-09-12 00:00:00-04:00,14.430000305175781,14.539999961853027,14.020000457763672,14.020000457763672,1657100,0.0,0.0
2025-09-15 00:00:00-04:00,14.199999809265137,14.279999732971191,13.84000015258789,13.90999984741211,1309900,0.0,0.0
2025-09-16 00:00:00-04:00,13.949999809265137,14.15999984741211,13.880000114440918,14.069999694824219,1971700,0.0,0.0
2025-09-17 00:00:00-04:00,14.050000190734863,14.470000267028809,13.9399995803833,13.989999771118164,1663800,0.0,0.0
2025-09-18 00:00:00-04:00,14.119999885559082,14.34000015258789,14.069999694824219,14.270000457763672,1581900,0.0,0.0
2025-09-19 00:00:00-04:00,14.34000015258789,14.420000076293945,13.770000457763672,13.789999961853027,4246400,0.0,0.0
2025-09-22 00:00:00-04:00,13.770000457763672,14.319999694824219,13.770000457763672,14.3100004196167,1842900,0.0,0.0
2025-09-23 00:00:00-04:00,14.359999656677246,14.359999656677246,13.670000076293945,13.670000076293945,1996800,0.0,0.0
2025-09-24 00:00:00-04:00,13.770000457763672,14.0600004196167,13.729999542236328,13.9399995803833,1735000,0.0,0.0
2025-09-25 00:00:00-04:00,13.8100004196167,13.84000015258789,13.09000015258789,13.270000457763672,2164300,0.0,0.0
2025-09-26 00:00:00-04:00,13.3100004196167,14.140000343322754,13.25,14.010000228881836,2986900,0.0,0.0
2025-09-29 00:00:00-04:00,14.09000015258789,14.09000015258789,13.630000114440918,13.630000114440918,2342500,0.0,0.0
2025-09-30 00:00:00-04:00,13.609999656677246,13.760000228881836,13.460000038146973,13.630000114440918,1468400,0.0,0.0
2025-10-01 00:00:00-04:00,13.550000190734863,13.869999885559082,13.479999542236328,13.800000190734863,1826700,0.0,0.0
2025-10-02 00:00:00-04:00,13.84000015258789,14.010000228881836,13.579999923706055,13.59000015258789,1690600,0.0,0.0
2025-10-03 00:00:00-04:00,13.65999984741211,13.949999809265137,13.609999656677246,13.800000190734863,2491200,0.0,0.0
2025-10-06 00:00:00-04:00,13.850000381469727,13.920000076293945,13.600000381469727,13.600000381469727,1339700,0.0,0.0
2025-10-07 00:00:00-04:00,13.619999885559082,13.649999618530273,13.199999809265137,13.279999732971191,2048800,0.0,0.0
2025-10-08 00:00:00-04:00,13.359999656677246,13.5600004196167,13.289999961853027,13.34000015258789,1344300,0.0,0.0
2025-10-09 00:00:00-04:00,13.380000114440918,13.600000381469727,13.170000076293945,13.579999923706055,1279800,0.0,0.0
2025-10-10 00:00:00-04:00,13.640000343322754,13.640000343322754,12.829999923706055,12.890000343322754,1700200,0.0,0.0
2025-10-13 00:00:00-04:00,13.09000015258789,13.25,12.949999809265137,13.220000267028809,1408800,0.0,0.0
2025-10-14 00:00:00-04:00,13.029999732971191,13.5,12.989999771118164,13.319999694824219,1371000,0.0,0.0
2025-10-15 00:00:00-04:00,13.40999984741211,13.430000305175781,13.079999923706055,13.100000381469727,1233000,0.0,0.0
2025-10-16 00:00:00-04:00,13.069999694824219,13.119999885559082,12.630000114440918,12.819999694824219,2150400,0.0,0.0
2025-10-17 00:00:00-04:00,12.6899995803833,13.0,12.6899995803833,12.850000381469727,1137000,0.0,0.0
2025-10-20 00:00:00-04:00,12.970000267028809,13.100000381469727,12.819999694824219,12.989999771118164,1401800,0.0,0.0
2025-10-21 00:00:00-04:00,13.0,13.430000305175781,12.989999771118164,13.270000457763672,1469600,0.0,0.0
2025-10-22 00:00:00-04:00,13.199999809265137,13.460000038146973,13.079999923706055,13.270000457763672,1667300,0.0,0.0
2025-10-23 00:00:00-04:00,13.130000114440918,13.369999885559082,13.119999885559082,13.369999885559082,1687800,0.0,0.0
2025-10-24 00:00:00-04:00,13.510000228881836,13.640000343322754,13.489999771118164,13.539999961853027,1384400,0.0,0.0
2025-10-27 00:00:00-04:00,13.720000267028809,13.720000267028809,13.399999618530273,13.430000305175781,1537300,0.0,0.0
2025-10-28 00:00:00-04:00,13.3100004196167,13.5600004196167,13.270000457763672,13.359999656677246,2203000,0.0,0.0
2025-10-29 00:00:00-04:00,13.460000038146973,13.569999694824219,13.100000381469727,13.170000076293945,1965200,0.0,0.0
2025-10-30 00:00:00-04:00,12.989999771118164,13.260000228881836,12.920000076293945,12.9399995803833,2677700,0.0,0.0
2025-10-31 00:00:00-04:00,13.9399995803833,14.4399995803833,13.420000076293945,14.199999809265137,5599200,0.0,0.0
2025-11-03 00:00:00-05:00,14.050000190734863,14.09000015258789,13.140000343322754,13.270000457763672,3267600,0.0,0.0
2025-11-04 00:00:00-05:00,13.050000190734863,13.670000076293945,13.020000457763672,13.539999961853027,2829600,0.0,0.0
2025-11-05 00:00:00-05:00,13.59000015258789,14.140000343322754,13.59000015258789,13.8100004196167,2522400,0.0,0.0
2025-11-06 00:00:00-05:00,13.819999694824219,13.989999771118164,13.449999809265137,13.640000343322754,1971700,0.0,0.0
2025-11-07 00:00:00-05:00,13.529999732971191,13.699999809265137,13.029999732971191,13.15999984741211,1679500,0.0,0.0
2025-11-10 00:00:00-05:00,13.479999542236328,13.65999984741211,13.079999923706055,13.520000457763672,1856300,0.0,0.0
2025-11-11 00:00:00-05:00,13.510000228881836,13.619999885559082,13.390000343322754,13.520000457763672,1148500,0.0,0.0
2025-11-12 00:00:00-05:00,13.619999885559082,14.029999732971191,13.479999542236328,13.760000228881836,1985600,0.0,0.0
2025-11-13 00:00:00-05:00,13.569999694824219,13.8100004196167,13.260000228881836,13.319999694824219,2129500,0.0,0.0
2025-11-14 00:00:00-05:00,13.25,13.25,12.760000228881836,12.90999984741211,2392900,0.0,0.0
2025-11-17 00:00:00-05:00,12.880000114440918,12.890000343322754,12.350000381469727,12.460000038146973,2132000,0.0,0.0
2025-11-18 00:00:00-05:00,12.359999656677246,12.470000267028809,12.15999984741211,12.220000267028809,2224700,0.0,0.0
2025-11-19 00:00:00-05:00,12.25,12.279999732971191,11.979999542236328,11.989999771118164,1991200,0.0,0.0
2025-11-20 00:00:00-05:00,12.100000381469727,12.210000038146973,11.819999694824219,12.1899995803833,2404800,0.0,0.0
2025-11-21 00:00:00-05:00,12.329999923706055,12.869999885559082,12.3100004196167,12.59000015258789,2046500,0.0,0.0
2025-11-24 00:00:00-05:00,12.569999694824219,12.859999656677246,12.479999542236328,12.770000457763672,2512100,0.0,0.0
2025-11-25 00:00:00-05:00,12.890000343322754,13.199999809265137,12.789999961853027,13.0600004196167,2273300,0.0,0.0
2025-11-26 00:00:00-05:00,13.0600004196167,13.220000267028809,12.979999542236328,13.109999656677246,1976000,0.0,0.0
2025-11-28 00:00:00-05:00,13.109999656677246,13.430000305175781,12.989999771118164,13.199999809265137,1128900,0.0,0.0
2025-12-01 00:00:00-05:00,13.149999618530273,13.470000267028809,13.100000381469727,13.4399995803833,1474700,0.0,0.0
2025-12-02 00:00:00-05:00,13.529999732971191,13.649999618530273,13.430000305175781,13.5600004196167,2468100,0.0,0.0
2025-12-03 00:00:00-05:00,13.550000190734863,13.880000114440918,13.5,13.699999809265137,1615500,0.0,0.0
2025-12-04 00:00:00-05:00,13.770000457763672,14.050000190734863,13.670000076293945,13.979999542236328,2659700,0.0,0.0
2025-12-05 00:00:00-05:00,13.949999809265137,14.289999961853027,13.890000343322754,14.119999885559082,2048700,0.0,0.0
2025-12-08 00:00:00-05:00,14.279999732971191,14.369999885559082,14.0,14.359999656677246,3137200,0.0,0.0
2025-12-09 00:00:00-05:00,14.390000343322754,15.199999809265137,14.390000343322754,15.039999961853027,3144300,0.0,0.0
2025-12-10 00:00:00-05:00,14.90999984741211,15.1899995803833,14.550000190734863,15.119999885559082,2776400,0.0,0.0
2025-12-11 00:00:00-05:00,15.0600004196167,15.319999694824219,15.0600004196167,15.239999771118164,2462400,0.0,0.0
2025-12-12 00:00:00-05:00,15.25,15.34000015258789,14.960000038146973,15.170000076293945,2956900,0.0,0.0
2025-12-15 00:00:00-05:00,15.149999618530273,15.640000343322754,15.149999618530273,15.420000076293945,2531300,0.0,0.0
2025-12-16 00:00:00-05:00,15.430000305175781,15.520000457763672,15.0600004196167,15.09000015258789,2470500,0.0,0.0
2025-12-17 00:00:00-05:00,15.109999656677246,15.680000305175781,15.09000015258789,15.1899995803833,2153800,0.0,0.0
2025-12-18 00:00:00-05:00,15.25,15.630000114440918,15.199999809265137,15.390000343322754,2109800,0.0,0.0
2025-12-19 00:00:00-05:00,15.289999961853027,15.479999542236328,15.210000038146973,15.430000305175781,3992800,0.0,0.0
2025-12-22 00:00:00-05:00,15.399999618530273,15.510000228881836,15.25,15.329999923706055,1693100,0.0,0.0
2025-12-23 00:00:00-05:00,15.239999771118164,15.3100004196167,15.010000228881836,15.029999732971191,1841000,0.0,0.0
2025-12-24 00:00:00-05:00,15.0,15.15999984741211,15.0,15.100000381469727,840000,0.0,0.0
2025-12-26 00:00:00-05:00,15.109999656677246,15.119999885559082,14.970000267028809,15.100000381469727,1121500,0.0,0.0
2025-12-29 00:00:00-05:00,14.989999771118164,15.109999656677246,14.920000076293945,14.949999809265137,1500500,0.0,0.0
2025-12-30 00:00:00-05:00,14.899999618530273,15.0600004196167,14.859999656677246,14.890000343322754,1378200,0.0,0.0
2025-12-31 00:00:00-05:00,14.789999961853027,14.84000015258789,14.569999694824219,14.649999618530273,1506300,0.0,0.0
2026-01-02 00:00:00-05:00,14.770000457763672,14.949999809265137,14.050000190734863,14.079999923706055,1580000,0.0,0.0
2026-01-05 00:00:00-05:00,13.989999771118164,14.460000038146973,13.949999809265137,14.029999732971191,1874900,0.0,0.0
2026-01-06 00:00:00-05:00,13.979999542236328,14.649999618530273,13.890000343322754,14.649999618530273,2299500,0.0,0.0
2026-01-07 00:00:00-05:00,14.710000038146973,15.039999961853027,14.699999809265137,14.90999984741211,1459400,0.0,0.0
2026-01-08 00:00:00-05:00,14.800000190734863,15.119999885559082,14.739999771118164,15.0600004196167,1167900,0.0,0.0
2026-01-09 00:00:00-05:00,15.260000228881836,15.479999542236328,15.0600004196167,15.380000114440918,1421200,0.0,0.0
2026-01-12 00:00:00-05:00,15.289999961853027,15.390000343322754,15.0,15.170000076293945,1245700,0.0,0.0
2026-01-13 00:00:00-05:00,15.279999732971191,15.319999694824219,14.789999961853027,14.90999984741211,1230200,0.0,0.0
2026-01-14 00:00:00-05:00,14.90999984741211,15.59000015258789,14.890000343322754,15.34000015258789,1221000,0.0,0.0
2026-01-15 00:00:00-05:00,15.3100004196167,15.399999618530273,14.739999771118164,14.84000015258789,1541400,0.0,0.0
2026-01-16 00:00:00-05:00,14.760000228881836,14.779999732971191,14.520000457763672,14.579999923706055,1821300,0.0,0.0
2026-01-20 00:00:00-05:00,14.300000190734863,14.569999694824219,14.039999961853027,14.539999961853027,1984500,0.0,0.0
2026-01-21 00:00:00-05:00,14.65999984741211,15.100000381469727,14.600000381469727,14.979999542236328,2211300,0.0,0.0
2026-01-22 00:00:00-05:00,15.15999984741211,15.40999984741211,15.050000190734863,15.239999771118164,1434700,0.0,0.0
2026-01-23 00:00:00-05:00,15.220000267028809,15.300000190734863,14.970000267028809,15.0,1260000,0.0,0.0
2026-01-26 00:00:00-05:00,15.069999694824219,15.140000343322754,14.630000114440918,14.75,1563900,0.0,0.0
2026-01-27 00:00:00-05:00,14.720000267028809,14.75,14.40999984741211,14.670000076293945,1250900,0.0,0.0
2026-01-28 00:00:00-05:00,14.710000038146973,15.0,14.399999618530273,14.430000305175781,1788100,0.0,0.0
2026-01-29 00:00:00-05:00,14.359999656677246,14.460000038146973,13.949999809265137,14.40999984741211,3435500,0.0,0.0
2026-01-30 00:00:00-05:00,12.649999618530273,14.460000038146973,12.600000381469727,14.430000305175781,4929500,0.0,0.0
2026-02-02 00:00:00-05:00,14.25,15.5,14.199999809265137,15.279999732971191,2980600,0.0,0.0
2026-02-03 00:00:00-05:00,15.199999809265137,15.229999542236328,13.40999984741211,13.5,4787500,0.0,0.0
2026-02-04 00:00:00-05:00,13.949999809265137,14.550000190734863,13.40999984741211,14.25,4001500,0.0,0.0
2026-02-05 00:00:00-05:00,14.109999656677246,14.529999732971191,14.029999732971191,14.1899995803833,2909500,0.0,0.0
2026-02-06 00:00:00-05:00,14.210000038146973,15.319999694824219,14.210000038146973,15.199999809265137,2737700,0.0,0.0
2026-02-09 00:00:00-05:00,14.760000228881836,14.819999694824219,13.890000343322754,14.319999694824219,4628000,0.0,0.0
2026-02-10 00:00:00-05:00,14.350000381469727,15.010000228881836,14.350000381469727,14.59000015258789,3272100,0.0,0.0
2026-02-11 00:00:00-05:00,14.600000381469727,14.800000190734863,13.800000190734863,13.819999694824219,3268100,0.0,0.0
2026-02-12 00:00:00-05:00,13.880000114440918,13.899999618530273,12.760000228881836,13.010000228881836,3220000,0.0,0.0
2026-02-13 00:00:00-05:00,13.079999923706055,13.520000457763672,12.9399995803833,13.390000343322754,2861900,0.0,0.0
2026-02-17 00:00:00-05:00,13.550000190734863,13.729999542236328,13.210000038146973,13.380000114440918,2299200,0.0,0.0
2026-02-18 00:00:00-05:00,13.390000343322754,13.850000381469727,13.229999542236328,13.5600004196167,2055100,0.0,0.0
2026-02-19 00:00:00-05:00,13.369999885559082,13.539999961853027,13.0,13.34000015258789,1834900,0.0,0.0
2026-02-20 00:00:00-05:00,13.239999771118164,13.5600004196167,13.140000343322754,13.350000381469727,2651900,0.0,0.0
2026-02-23 00:00:00-05:00,13.25,13.270000457763672,11.84000015258789,11.850000381469727,3638300,0.0,0.0
2026-02-24 00:00:00-05:00,11.859999656677246,12.510000228881836,11.829999923706055,11.920000076293945,3284500,0.0,0.0
2026-02-25 00:00:00-05:00,11.949999809265137,12.149999618530273,11.609999656677246,12.050000190734863,2648000,0.0,0.0
2026-02-26 00:00:00-05:00,12.180000305175781,13.010000228881836,12.109999656677246,12.640000343322754,3178300,0.0,0.0
2026-02-27 00:00:00-05:00,12.359999656677246,12.600000381469727,12.180000305175781,12.59000015258789,2779200,0.0,0.0
2026-03-02 00:00:00-05:00,12.220000267028809,12.510000228881836,12.100000381469727,12.1899995803833,3175700,0.0,0.0
2026-03-03 00:00:00-05:00,11.850000381469727,12.489999771118164,11.850000381469727,12.329999923706055,1654200,0.0,0.0
2026-03-04 00:00:00-05:00,12.319999694824219,12.609999656677246,12.199999809265137,12.479999542236328,2211900,0.0,0.0
2026-03-05 00:00:00-05:00,12.510000228881836,13.390000343322754,12.449999809265137,13.1899995803833,3641000,0.0,0.0
2026-03-06 00:00:00-05:00,13.029999732971191,13.180000305175781,12.579999923706055,12.949999809265137,2060200,0.0,0.0
2026-03-09 00:00:00-04:00,12.670000076293945,12.869999885559082,12.220000267028809,12.510000228881836,2309300,0.0,0.0
2026-03-10 00:00:00-04:00,12.479999542236328,12.479999542236328,11.800000190734863,12.25,2295600,0.0,0.0
2026-03-11 00:00:00-04:00,12.350000381469727,12.520000457763672,12.010000228881836,12.289999961853027,1615900,0.0,0.0
2026-03-12 00:00:00-04:00,12.079999923706055,12.390000343322754,11.890000343322754,11.9399995803833,1878500,0.0,0.0
2026-03-13 00:00:00-04:00,11.9399995803833,12.050000190734863,11.760000228881836,11.829999923706055,2227100,0.0,0.0
2026-03-16 00:00:00-04:00,11.850000381469727,11.970000267028809,11.59000015258789,11.670000076293945,2439300,0.0,0.0
2026-03-17 00:00:00-04:00,11.779999732971191,12.229999542236328,11.6899995803833,11.819999694824219,1702200,0.0,0.0
2026-03-18 00:00:00-04:00,11.710000038146973,11.930000305175781,11.609999656677246,11.65999984741211,2276500,0.0,0.0
2026-03-19 00:00:00-04:00,11.5600004196167,12.029999732971191,11.5600004196167,11.979999542236328,3434400,0.0,0.0
2026-03-20 00:00:00-04:00,11.949999809265137,12.010000228881836,11.75,11.899999618530273,4662300,0.0,0.0
2026-03-23 00:00:00-04:00,12.210000038146973,12.3100004196167,11.949999809265137,12.130000114440918,2667600,0.0,0.0
2026-03-24 00:00:00-04:00,11.949999809265137,12.069999694824219,11.539999961853027,11.619999885559082,3188800,0.0,0.0
2026-03-25 00:00:00-04:00,11.789999961853027,12.029999732971191,11.65999984741211,12.010000228881836,2430300,0.0,0.0
2026-03-26 00:00:00-04:00,11.9399995803833,12.399999618530273,11.9399995803833,12.1899995803833,1879400,0.0,0.0
2026-03-27 00:00:00-04:00,12.010000228881836,12.050000190734863,11.6899995803833,11.8100004196167,1594100,0.0,0.0
2026-03-30 00:00:00-04:00,11.899999618530273,12.130000114440918,11.850000381469727,11.949999809265137,2905200,0.0,0.0
2026-03-31 00:00:00-04:00,12.170000076293945,12.600000381469727,12.039999961853027,12.569999694824219,2486000,0.0,0.0
2026-04-01 00:00:00-04:00,12.649999618530273,12.819999694824219,12.329999923706055,12.539999961853027,2350800,0.0,0.0
2026-04-02 00:00:00-04:00,12.399999618530273,12.930000305175781,12.279999732971191,12.65999984741211,2298500,0.0,0.0
2026-04-06 00:00:00-04:00,12.65999984741211,12.8100004196167,12.510000228881836,12.760000228881836,2599300,0.0,0.0
2026-04-07 00:00:00-04:00,12.75,12.960000038146973,12.479999542236328,12.720000267028809,2531700,0.0,0.0
2026-04-08 00:00:00-04:00,13.0600004196167,13.199999809265137,12.6899995803833,12.6899995803833,2765100,0.0,0.0
2026-04-09 00:00:00-04:00,12.630000114440918,12.779999732971191,12.3100004196167,12.369999885559082,3774100,0.0,0.0
2026-04-10 00:00:00-04:00,12.520000457763672,12.600000381469727,11.329999923706055,11.4399995803833,4313900,0.0,0.0
2026-04-13 00:00:00-04:00,11.380000114440918,12.289999961853027,11.229999542236328,12.279999732971191,4411600,0.0,0.0
2026-04-14 00:00:00-04:00,12.350000381469727,12.640000343322754,12.170000076293945,12.359999656677246,2315600,0.0,0.0
2026-04-15 00:00:00-04:00,12.539999961853027,12.960000038146973,12.529999732971191,12.630000114440918,2375200,0.0,0.0
2026-04-16 00:00:00-04:00,12.779999732971191,12.920000076293945,12.579999923706055,12.6899995803833,2648700,0.0,0.0
2026-04-17 00:00:00-04:00,12.890000343322754,13.239999771118164,12.739999771118164,12.970000267028809,2620800,0.0,0.0
2026-04-20 00:00:00-04:00,12.920000076293945,13.539999961853027,12.819999694824219,13.3100004196167,2785400,0.0,0.0
2026-04-21 00:00:00-04:00,13.34000015258789,13.479999542236328,13.020000457763672,13.119999885559082,3338400,0.0,0.0
2026-04-22 00:00:00-04:00,13.170000076293945,13.199999809265137,12.729999542236328,12.819999694824219,2665100,0.0,0.0
2026-04-23 00:00:00-04:00,12.5,12.579999923706055,11.600000381469727,11.90999984741211,4118300,0.0,0.0
2026-04-24 00:00:00-04:00,11.850000381469727,11.970000267028809,11.550000190734863,11.880000114440918,2644900,0.0,0.0
2026-04-27 00:00:00-04:00,11.84000015258789,12.170000076293945,11.5600004196167,11.579999923706055,3173300,0.0,0.0
2026-04-28 00:00:00-04:00,11.84000015258789,12.100000381469727,11.520000457763672,11.529999732971191,3562400,0.0,0.0
2026-04-29 00:00:00-04:00,11.5,11.760000228881836,11.4399995803833,11.710000038146973,3713100,0.0,0.0
2026-04-30 00:00:00-04:00,11.649999618530273,11.6899995803833,11.069999694824219,11.319999694824219,5602100,0.0,0.0
2026-05-01 00:00:00-04:00,11.569999694824219,11.970000267028809,11.520000457763672,11.880000114440918,4047800,0.0,0.0
2026-05-04 00:00:00-04:00,11.869999885559082,12.020000457763672,11.3100004196167,11.489999771118164,3700400,0.0,0.0
2026-05-05 00:00:00-04:00,11.489999771118164,11.880000114440918,11.319999694824219,11.859999656677246,4385700,0.0,0.0
2026-05-06 00:00:00-04:00,11.899999618530273,11.90999984741211,11.40999984741211,11.470000267028809,4708400,0.0,0.0
2026-05-07 00:00:00-04:00,11.65999984741211,12.140000343322754,11.65999984741211,12.010000228881836,6195500,0.0,0.0
2026-05-08 00:00:00-04:00,10.020000457763672,10.279999732971191,8.399999618530273,9.430000305175781,16632600,0.0,0.0
2026-05-11 00:00:00-04:00,9.229999542236328,9.550000190734863,8.680000305175781,8.880000114440918,8897500,0.0,0.0
2026-05-12 00:00:00-04:00,9.130000114440918,9.420000076293945,8.899999618530273,8.899999618530273,11175300,0.0,0.0
2026-05-13 00:00:00-04:00,8.699999809265137,8.75,7.900000095367432,8.220000267028809,9590500,0.0,0.0
2026-05-14 00:00:00-04:00,8.300000190734863,8.609999656677246,8.15999984741211,8.220000267028809,5575100,0.0,0.0
2026-05-15 00:00:00-04:00,8.380000114440918,8.960000038146973,8.380000114440918,8.9399995803833,9648000,0.0,0.0
2026-05-18 00:00:00-04:00,8.899999618530273,9.369999885559082,8.640000343322754,9.270000457763672,8747100,0.0,0.0
2026-05-19 00:00:00-04:00,9.489999771118164,9.640000343322754,8.90999984741211,8.930000305175781,5017800,0.0,0.0
2026-05-20 00:00:00-04:00,8.960000038146973,9.270000457763672,8.529999732971191,9.100000381469727,4076100,0.0,0.0
2026-05-21 00:00:00-04:00,8.960000038146973,9.239999771118164,8.850000381469727,9.229999542236328,5082700,0.0,0.0
2026-05-22 00:00:00-04:00,9.300000190734863,9.609999656677246,9.270000457763672,9.5,4213200,0.0,0.0
2026-05-26 00:00:00-04:00,9.390000343322754,9.489999771118164,9.130000114440918,9.25,5066900,0.0,0.0
2026-05-27 00:00:00-04:00,9.260000228881836,9.59000015258789,9.239999771118164,9.34000015258789,2721400,0.0,0.0
2026-05-28 00:00:00-04:00,9.270000457763672,9.460000038146973,9.170000076293945,9.270000457763672,3411000,0.0,0.0
2026-05-29 00:00:00-04:00,9.319999694824219,10.0,9.1899995803833,9.90999984741211,7385600,0.0,0.0
2026-06-01 00:00:00-04:00,10.119999885559082,10.569999694824219,9.960000038146973,10.319999694824219,4790600,0.0,0.0
2026-06-02 00:00:00-04:00,9.9399995803833,10.180000305175781,9.779999732971191,10.0,3393800,0.0,0.0
2026-06-03 00:00:00-04:00,9.800000190734863,9.800000190734863,9.140000343322754,9.149999618530273,3739700,0.0,0.0
2026-06-04 00:00:00-04:00,9.399999618530273,9.699999809265137,9.270000457763672,9.510000228881836,4123500,0.0,0.0
2026-06-05 00:00:00-04:00,9.609999656677246,9.6899995803833,8.829999923706055,9.010000228881836,3624200,0.0,0.0
2026-06-08 00:00:00-04:00,8.899999618530273,9.050000190734863,8.729999542236328,8.899999618530273,4472000,0.0,0.0
2026-06-09 00:00:00-04:00,8.850000381469727,9.180000305175781,8.760000228881836,8.850000381469727,4347600,0.0,0.0
2026-06-10 00:00:00-04:00,8.720000267028809,9.09000015258789,8.569999694824219,8.819999694824219,4493900,0.0,0.0
2026-06-11 00:00:00-04:00,9.0,9.119999885559082,8.529999732971191,8.819999694824219,11251700,0.0,0.0
2026-06-12 00:00:00-04:00,8.949999809265137,9.350000381469727,8.760000228881836,9.170000076293945,4337800,0.0,0.0
2026-06-15 00:00:00-04:00,9.319999694824219,9.359999656677246,8.739999771118164,8.8100004196167,5677200,0.0,0.0
2026-06-16 00:00:00-04:00,8.949999809265137,9.40999984741211,8.720000267028809,9.229999542236328,3032123,0.0,0.0
