Date,Open,High,Low,Close,Volume,Dividends,Stock Splits
2022-01-03 00:00:00-05:00,37.307498931884766,39.845001220703125,37.3025016784668,38.209999084472656,5654800,0.0,0.0
2022-01-04 00:00:00-05:00,38.04249954223633,38.247501373291016,35.76250076293945,37.227500915527344,7339600,0.0,0.0
2022-01-05 00:00:00-05:00,37.09749984741211,37.212501525878906,32.287498474121094,32.342498779296875,13585600,0.0,0.0
2022-01-06 00:00:00-05:00,33.209999084472656,34.42499923706055,30.28499984741211,32.75749969482422,24206000,0.0,0.0
2022-01-07 00:00:00-05:00,39.942501068115234,40.07749938964844,33.125,35.154998779296875,48549200,0.0,0.0
2022-01-10 00:00:00-05:00,33.747501373291016,33.92250061035156,30.0,32.787498474121094,22048000,0.0,0.0
2022-01-11 00:00:00-05:00,32.525001525878906,34.20000076293945,31.84749984741211,32.57500076293945,10332400,0.0,0.0
2022-01-12 00:00:00-05:00,32.5,32.83000183105469,31.612499237060547,32.01499938964844,6298000,0.0,0.0
2022-01-13 00:00:00-05:00,32.125,32.625,30.422500610351562,30.6200008392334,8901200,0.0,0.0
2022-01-14 00:00:00-05:00,30.037500381469727,30.575000762939453,28.0049991607666,29.162500381469727,15402000,0.0,0.0
2022-01-18 00:00:00-05:00,28.27750015258789,28.4375,26.100000381469727,27.227500915527344,15022400,0.0,0.0
2022-01-19 00:00:00-05:00,27.502500534057617,28.262500762939453,26.102500915527344,26.642499923706055,9614400,0.0,0.0
2022-01-20 00:00:00-05:00,26.975000381469727,28.799999237060547,25.399999618530273,25.667499542236328,11680400,0.0,0.0
2022-01-21 00:00:00-05:00,25.25,27.552499771118164,23.18000030517578,26.59000015258789,22120000,0.0,0.0
2022-01-24 00:00:00-05:00,24.7549991607666,25.71500015258789,21.572500228881836,25.037500381469727,25039600,0.0,0.0
2022-01-25 00:00:00-05:00,24.229999542236328,26.24250030517578,23.752500534057617,24.947500228881836,14297200,0.0,0.0
2022-01-26 00:00:00-05:00,25.274999618530273,29.75,25.077499389648438,25.815000534057617,33330000,0.0,0.0
2022-01-27 00:00:00-05:00,26.03499984741211,26.75,23.22249984741211,23.3799991607666,14644400,0.0,0.0
2022-01-28 00:00:00-05:00,23.850000381469727,24.5,21.90250015258789,24.477500915527344,16430400,0.0,0.0
2022-01-31 00:00:00-05:00,24.467500686645508,27.454999923706055,24.46500015258789,27.232500076293945,13997200,0.0,0.0
2022-02-01 00:00:00-05:00,28.252500534057617,29.162500381469727,27.065000534057617,28.149999618530273,13847600,0.0,0.0
2022-02-02 00:00:00-05:00,27.587499618530273,27.96500015258789,24.514999389648438,25.010000228881836,13116400,0.0,0.0
2022-02-03 00:00:00-05:00,25.375,26.735000610351562,24.427499771118164,24.8075008392334,10710000,0.0,0.0
2022-02-04 00:00:00-05:00,24.752500534057617,26.0,23.770000457763672,25.584999084472656,7627200,0.0,0.0
2022-02-07 00:00:00-05:00,25.747499465942383,26.344999313354492,24.6924991607666,25.584999084472656,7037600,0.0,0.0
2022-02-08 00:00:00-05:00,25.440000534057617,29.417499542236328,25.137500762939453,28.899999618530273,19839600,0.0,0.0
2022-02-09 00:00:00-05:00,28.522499084472656,31.177499771118164,28.25,31.072500228881836,15467600,0.0,0.0
2022-02-10 00:00:00-05:00,29.487499237060547,32.94499969482422,29.0,30.61750030517578,14826000,0.0,0.0
2022-02-11 00:00:00-05:00,30.6200008392334,32.467498779296875,30.1924991607666,31.0625,11299200,0.0,0.0
2022-02-14 00:00:00-05:00,30.732500076293945,31.375,29.037500381469727,29.272499084472656,9102800,0.0,0.0
2022-02-15 00:00:00-05:00,30.239999771118164,31.8075008392334,29.815000534057617,31.540000915527344,7911600,0.0,0.0
2022-02-16 00:00:00-05:00,31.107500076293945,33.212501525878906,30.979999542236328,32.08250045776367,8007600,0.0,0.0
2022-02-17 00:00:00-05:00,31.6924991607666,32.712501525878906,30.55500030517578,30.852500915527344,6256400,0.0,0.0
2022-02-18 00:00:00-05:00,31.049999237060547,31.412500381469727,29.532499313354492,30.38249969482422,6214000,0.0,0.0
2022-02-22 00:00:00-05:00,29.549999237060547,30.832500457763672,28.547500610351562,29.514999389648438,6156400,0.0,0.0
2022-02-23 00:00:00-05:00,30.30500030517578,30.84000015258789,28.56999969482422,28.717500686645508,5393200,0.0,0.0
2022-02-24 00:00:00-05:00,26.38249969482422,31.427499771118164,26.030000686645508,31.145000457763672,9024800,0.0,0.0
2022-02-25 00:00:00-05:00,30.892499923706055,31.24250030517578,29.122499465942383,29.645000457763672,6841200,0.0,0.0
2022-02-28 00:00:00-05:00,30.25,31.572500228881836,29.22249984741211,30.834999084472656,6458000,0.0,0.0
2022-03-01 00:00:00-05:00,30.547500610351562,31.467500686645508,29.587499618530273,29.7549991607666,4384000,0.0,0.0
2022-03-02 00:00:00-05:00,29.875,30.667499542236328,29.092500686645508,30.49250030517578,5242800,0.0,0.0
2022-03-03 00:00:00-05:00,30.739999771118164,30.934999465942383,29.3075008392334,29.602500915527344,4382400,0.0,0.0
2022-03-04 00:00:00-05:00,29.502500534057617,30.127500534057617,27.645000457763672,27.915000915527344,5911200,0.0,0.0
2022-03-07 00:00:00-05:00,28.75,28.75,24.024999618530273,24.837499618530273,12591600,0.0,0.0
2022-03-08 00:00:00-05:00,25.25749969482422,27.247499465942383,24.272499084472656,25.752500534057617,8536000,0.0,0.0
2022-03-09 00:00:00-05:00,26.7450008392334,27.21500015258789,25.875,26.302499771118164,5598400,0.0,0.0
2022-03-10 00:00:00-05:00,25.979999542236328,26.014999389648438,24.5625,25.139999389648438,5582000,0.0,0.0
2022-03-11 00:00:00-05:00,25.665000915527344,25.725000381469727,23.172500610351562,23.172500610351562,8822000,0.0,0.0
2022-03-14 00:00:00-04:00,23.357500076293945,23.579999923706055,19.395000457763672,19.52750015258789,18134400,0.0,0.0
2022-03-15 00:00:00-04:00,20.524999618530273,21.889999389648438,19.670000076293945,20.65999984741211,14115200,0.0,0.0
2022-03-16 00:00:00-04:00,21.27750015258789,22.502500534057617,20.5,21.71500015258789,10615600,0.0,0.0
2022-03-17 00:00:00-04:00,21.274999618530273,22.395000457763672,20.862499237060547,21.924999237060547,13796400,0.0,0.0
2022-03-18 00:00:00-04:00,19.934999465942383,24.362499237060547,19.725000381469727,22.697500228881836,35688400,0.0,0.0
2022-03-21 00:00:00-04:00,22.5,24.850000381469727,22.440000534057617,23.549999237060547,15812400,0.0,0.0
2022-03-22 00:00:00-04:00,23.850000381469727,31.447500228881836,23.612499237060547,30.78499984741211,60068800,0.0,0.0
2022-03-23 00:00:00-04:00,32.5,37.73249816894531,31.637500762939453,35.25,98399200,0.0,0.0
2022-03-24 00:00:00-04:00,33.502498626708984,35.869998931884766,31.690000534057617,35.59749984741211,36400800,0.0,0.0
2022-03-25 00:00:00-04:00,35.0099983215332,39.540000915527344,34.54999923706055,37.98749923706055,53535600,0.0,0.0
2022-03-28 00:00:00-04:00,37.994998931884766,47.709999084472656,37.8849983215332,47.397499084472656,65266000,0.0,0.0
2022-03-29 00:00:00-04:00,47.060001373291016,49.852500915527344,40.75,44.974998474121094,72046000,0.0,0.0
2022-03-30 00:00:00-04:00,43.75,45.834999084472656,41.25,41.712501525878906,36676800,0.0,0.0
2022-03-31 00:00:00-04:00,40.775001525878906,43.9375,39.627498626708984,41.64500045776367,44968800,0.0,0.0
2022-04-01 00:00:00-04:00,47.224998474121094,47.442501068115234,38.814998626708984,41.25,52758400,0.0,0.0
2022-04-04 00:00:00-04:00,41.744998931884766,43.310001373291016,39.127498626708984,42.682498931884766,18519200,0.0,0.0
2022-04-05 00:00:00-04:00,42.0,42.10749816894531,38.0,38.397499084472656,15825200,0.0,0.0
2022-04-06 00:00:00-04:00,37.752498626708984,39.8224983215332,37.42499923706055,39.15999984741211,16268000,0.0,0.0
2022-04-07 00:00:00-04:00,38.52750015258789,39.17499923706055,35.39250183105469,37.5,15311200,0.0,0.0
2022-04-08 00:00:00-04:00,37.272499084472656,37.6775016784668,35.50749969482422,36.54750061035156,10371600,0.0,0.0
2022-04-11 00:00:00-04:00,35.7599983215332,37.05500030517578,35.15250015258789,36.73249816894531,9812000,0.0,0.0
2022-04-12 00:00:00-04:00,36.625,38.0625,35.41749954223633,36.217498779296875,7996400,0.0,0.0
2022-04-13 00:00:00-04:00,36.025001525878906,38.032501220703125,35.505001068115234,37.67499923706055,8032800,0.0,0.0
2022-04-14 00:00:00-04:00,37.317501068115234,39.125,36.80500030517578,37.692501068115234,10002400,0.0,0.0
2022-04-18 00:00:00-04:00,37.5,37.810001373291016,34.310001373291016,35.3650016784668,9871200,0.0,0.0
2022-04-19 00:00:00-04:00,35.712501525878906,38.244998931884766,34.96500015258789,38.11750030517578,9416800,0.0,0.0
2022-04-20 00:00:00-04:00,38.0,38.08250045776367,36.662498474121094,37.212501525878906,4648000,0.0,0.0
2022-04-21 00:00:00-04:00,37.5,38.279998779296875,34.977500915527344,35.38999938964844,6737600,0.0,0.0
2022-04-22 00:00:00-04:00,35.63750076293945,36.57500076293945,33.88750076293945,34.55500030517578,6278400,0.0,0.0
2022-04-25 00:00:00-04:00,33.852500915527344,34.9275016784668,33.31999969482422,33.98749923706055,6139200,0.0,0.0
2022-04-26 00:00:00-04:00,33.90999984741211,34.20000076293945,31.540000915527344,31.899999618530273,6182800,0.0,0.0
2022-04-27 00:00:00-04:00,31.8174991607666,33.16999816894531,31.145000457763672,32.459999084472656,5223600,0.0,0.0
2022-04-28 00:00:00-04:00,32.56999969482422,33.150001525878906,30.125,32.32749938964844,7070000,0.0,0.0
2022-04-29 00:00:00-04:00,31.825000762939453,32.72249984741211,30.752500534057617,31.267499923706055,5143600,0.0,0.0
2022-05-02 00:00:00-04:00,30.912500381469727,31.34749984741211,28.174999237060547,29.892499923706055,10172000,0.0,0.0
2022-05-03 00:00:00-04:00,29.6200008392334,31.107500076293945,28.604999542236328,30.107500076293945,7312800,0.0,0.0
2022-05-04 00:00:00-04:00,29.802499771118164,31.9375,28.93000030517578,31.770000457763672,6651200,0.0,0.0
2022-05-05 00:00:00-04:00,30.985000610351562,31.170000076293945,28.780000686645508,29.782499313354492,7015600,0.0,0.0
2022-05-06 00:00:00-04:00,29.31999969482422,30.139999389648438,27.5575008392334,28.674999237060547,7161600,0.0,0.0
2022-05-09 00:00:00-04:00,27.69499969482422,27.69499969482422,24.520000457763672,24.697500228881836,13264800,0.0,0.0
2022-05-10 00:00:00-04:00,25.7450008392334,26.514999389648438,22.0,23.375,16603200,0.0,0.0
2022-05-11 00:00:00-04:00,23.36750030517578,23.8174991607666,20.0,20.332500457763672,16681200,0.0,0.0
2022-05-12 00:00:00-04:00,20.760000228881836,27.014999389648438,19.4424991607666,22.392499923706055,40139600,0.0,0.0
2022-05-13 00:00:00-04:00,24.75,26.69499969482422,23.760000228881836,24.59749984741211,23930800,0.0,0.0
2022-05-16 00:00:00-04:00,24.700000762939453,24.795000076293945,22.69499969482422,22.950000762939453,11582000,0.0,0.0
2022-05-17 00:00:00-04:00,23.475000381469727,25.094999313354492,22.799999237060547,25.094999313354492,10444800,0.0,0.0
2022-05-18 00:00:00-04:00,24.094999313354492,24.959999084472656,22.542499542236328,22.8700008392334,11560000,0.0,0.0
2022-05-19 00:00:00-04:00,22.80500030517578,25.4950008392334,22.540000915527344,24.797500610351562,12720400,0.0,0.0
2022-05-20 00:00:00-04:00,24.952499389648438,25.602500915527344,22.4375,23.915000915527344,9972000,0.0,0.0
2022-05-23 00:00:00-04:00,24.142499923706055,24.31999969482422,22.875,24.032499313354492,6994000,0.0,0.0
2022-05-24 00:00:00-04:00,23.512500762939453,23.549999237060547,21.674999237060547,22.287500381469727,8879600,0.0,0.0
2022-05-25 00:00:00-04:00,22.53499984741211,28.86750030517578,22.53499984741211,28.792499542236328,40060000,0.0,0.0
2022-05-26 00:00:00-04:00,29.0,37.1150016784668,28.674999237060547,32.1150016784668,57892400,0.0,0.0
2022-05-27 00:00:00-04:00,35.25,35.92499923706055,31.75,34.3025016784668,30045200,0.0,0.0
2022-05-31 00:00:00-04:00,34.3025016784668,34.98249816894531,30.1299991607666,31.184999465942383,19084400,0.0,0.0
2022-06-01 00:00:00-04:00,30.704999923706055,32.397499084472656,29.252500534057617,30.350000381469727,14991600,0.0,0.0
2022-06-02 00:00:00-04:00,29.75,34.125,28.889999389648438,33.5,27918800,0.0,0.0
2022-06-03 00:00:00-04:00,32.5,34.525001525878906,31.0575008392334,33.42499923706055,18234400,0.0,0.0
2022-06-06 00:00:00-04:00,33.82500076293945,34.025001525878906,31.762500762939453,32.025001525878906,9532800,0.0,0.0
2022-06-07 00:00:00-04:00,32.5,37.47249984741211,31.582500457763672,36.625,24967600,0.0,0.0
2022-06-08 00:00:00-04:00,35.34749984741211,38.25,33.95750045776367,34.682498931884766,24473600,0.0,0.0
2022-06-09 00:00:00-04:00,34.6974983215332,34.974998474121094,31.834999084472656,32.244998931884766,13114400,0.0,0.0
2022-06-10 00:00:00-04:00,31.5,32.98249816894531,30.78499984741211,32.272499084472656,11820000,0.0,0.0
2022-06-13 00:00:00-04:00,30.127500534057617,31.142499923706055,28.575000762939453,29.5625,13792800,0.0,0.0
2022-06-14 00:00:00-04:00,29.392499923706055,32.0,29.024999618530273,31.542499542236328,12739200,0.0,0.0
2022-06-15 00:00:00-04:00,31.237499237060547,32.9900016784668,30.90999984741211,32.3224983215332,10764400,0.0,0.0
2022-06-16 00:00:00-04:00,31.235000610351562,32.3224983215332,30.145000457763672,31.4325008392334,9995200,0.0,0.0
2022-06-17 00:00:00-04:00,31.71500015258789,33.96500015258789,31.579999923706055,33.78499984741211,12340800,0.0,0.0
2022-06-21 00:00:00-04:00,34.55500030517578,36.349998474121094,33.880001068115234,35.06999969482422,12512400,0.0,0.0
2022-06-22 00:00:00-04:00,34.66749954223633,36.182498931884766,34.10749816894531,34.6150016784668,7838000,0.0,0.0
2022-06-23 00:00:00-04:00,35.40999984741211,35.997501373291016,34.182498931884766,35.505001068115234,6682800,0.0,0.0
2022-06-24 00:00:00-04:00,35.75,37.092498779296875,32.88249969482422,33.8025016784668,16995600,0.0,0.0
2022-06-27 00:00:00-04:00,34.11750030517578,34.26250076293945,31.825000762939453,32.42250061035156,9745600,0.0,0.0
2022-06-28 00:00:00-04:00,32.752498626708984,32.83250045776367,30.56999969482422,31.094999313354492,6610000,0.0,0.0
2022-06-29 00:00:00-04:00,30.387500762939453,31.622499465942383,29.897499084472656,30.71500015258789,6826400,0.0,0.0
2022-06-30 00:00:00-04:00,29.842500686645508,31.647499084472656,29.440000534057617,30.575000762939453,6718800,0.0,0.0
2022-07-01 00:00:00-04:00,30.282499313354492,31.292499542236328,29.822500228881836,30.854999542236328,6617200,0.0,0.0
2022-07-05 00:00:00-04:00,30.375,30.6200008392334,29.752500534057617,30.0575008392334,6036000,0.0,0.0
2022-07-06 00:00:00-04:00,30.172500610351562,30.56999969482422,28.342500686645508,29.357500076293945,9988800,0.0,0.0
2022-07-07 00:00:00-04:00,31.122499465942383,33.875,30.452499389648438,33.779998779296875,30313600,0.0,0.0
2022-07-08 00:00:00-04:00,31.665000915527344,33.16749954223633,30.627500534057617,32.1349983215332,13199600,0.0,0.0
2022-07-11 00:00:00-04:00,32.13999938964844,32.935001373291016,31.162500381469727,32.522499084472656,7532800,0.0,0.0
2022-07-12 00:00:00-04:00,32.70000076293945,35.647499084472656,31.815000534057617,34.279998779296875,16899600,0.0,0.0
2022-07-13 00:00:00-04:00,33.75,36.337501525878906,33.75,35.31999969482422,13703600,0.0,0.0
2022-07-14 00:00:00-04:00,34.79750061035156,37.98749923706055,34.04999923706055,34.04999923706055,20970400,0.0,0.0
2022-07-15 00:00:00-04:00,34.86000061035156,35.592498779296875,33.50749969482422,35.40999984741211,9832400,0.0,0.0
2022-07-18 00:00:00-04:00,36.25,37.400001525878906,35.775001525878906,36.65999984741211,11155200,0.0,0.0
2022-07-19 00:00:00-04:00,37.435001373291016,39.209999084472656,36.587501525878906,37.92499923706055,12828000,0.0,0.0
2022-07-20 00:00:00-04:00,38.5,40.407501220703125,38.349998474121094,39.6875,11400400,0.0,0.0
2022-07-21 00:00:00-04:00,39.93000030517578,40.0,37.290000915527344,38.36750030517578,9277600,0.0,0.0
2022-07-22 00:00:00-04:00,36.880001068115234,38.70000076293945,34.93000030517578,35.779998779296875,10060200,0.0,4.0
2022-07-25 00:00:00-04:00,35.0,35.5099983215332,33.25,33.97999954223633,5686300,0.0,0.0
2022-07-26 00:00:00-04:00,32.869998931884766,33.310001373291016,32.099998474121094,32.43000030517578,4866100,0.0,0.0
2022-07-27 00:00:00-04:00,32.959999084472656,34.119998931884766,32.15999984741211,33.779998779296875,4251200,0.0,0.0
2022-07-28 00:00:00-04:00,33.38999938964844,34.43000030517578,32.65999984741211,33.84000015258789,3207400,0.0,0.0
2022-07-29 00:00:00-04:00,33.68000030517578,34.790000915527344,33.060001373291016,34.0099983215332,3988800,0.0,0.0
2022-08-01 00:00:00-04:00,33.79999923706055,35.709999084472656,33.77000045776367,34.779998779296875,4196600,0.0,0.0
2022-08-02 00:00:00-04:00,35.900001525878906,36.79999923706055,35.119998931884766,35.84000015258789,4697100,0.0,0.0
2022-08-03 00:00:00-04:00,36.220001220703125,38.0099983215332,36.0,37.93000030517578,5186500,0.0,0.0
2022-08-04 00:00:00-04:00,38.34000015258789,39.88999938964844,37.88999938964844,38.36000061035156,5421500,0.0,0.0
2022-08-05 00:00:00-04:00,37.369998931884766,40.43000030517578,36.560001373291016,40.02000045776367,8124200,0.0,0.0
2022-08-08 00:00:00-04:00,41.290000915527344,47.9900016784668,40.75,43.45000076293945,17987100,0.0,0.0
2022-08-09 00:00:00-04:00,42.13999938964844,43.189998626708984,39.0,40.369998931884766,6954200,0.0,0.0
2022-08-10 00:00:00-04:00,42.0,42.0,38.630001068115234,40.529998779296875,5434700,0.0,0.0
2022-08-11 00:00:00-04:00,40.90999984741211,41.970001220703125,39.349998474121094,39.45000076293945,5140500,0.0,0.0
2022-08-12 00:00:00-04:00,40.0,41.43000030517578,39.150001525878906,40.7400016784668,5120000,0.0,0.0
2022-08-15 00:00:00-04:00,39.75,40.38999938964844,38.810001373291016,39.68000030517578,5243100,0.0,0.0
2022-08-16 00:00:00-04:00,39.16999816894531,45.529998779296875,38.599998474121094,42.189998626708984,23602800,0.0,0.0
2022-08-17 00:00:00-04:00,42.18000030517578,44.36000061035156,40.40999984741211,40.52000045776367,9766400,0.0,0.0
2022-08-18 00:00:00-04:00,39.27000045776367,40.06999969482422,37.34000015258789,37.93000030517578,8145400,0.0,0.0
2022-08-19 00:00:00-04:00,35.18000030517578,37.189998626708984,34.66999816894531,36.4900016784668,9551900,0.0,0.0
2022-08-22 00:00:00-04:00,34.310001373291016,36.20000076293945,34.20000076293945,34.5,5798600,0.0,0.0
2022-08-23 00:00:00-04:00,34.70000076293945,34.9900016784668,33.45000076293945,33.529998779296875,4836300,0.0,0.0
2022-08-24 00:00:00-04:00,34.0,34.939998626708984,32.439998626708984,32.5,5620300,0.0,0.0
2022-08-25 00:00:00-04:00,32.84000015258789,32.88999938964844,31.5,31.959999084472656,4726300,0.0,0.0
2022-08-26 00:00:00-04:00,31.5,32.380001068115234,30.6299991607666,30.940000534057617,4297300,0.0,0.0
2022-08-29 00:00:00-04:00,30.479999542236328,32.75,30.3799991607666,31.549999237060547,4292700,0.0,0.0
2022-08-30 00:00:00-04:00,31.6200008392334,31.8700008392334,29.420000076293945,29.84000015258789,5060200,0.0,0.0
2022-08-31 00:00:00-04:00,29.25,29.959999084472656,28.260000228881836,28.639999389648438,5157000,0.0,0.0
2022-09-01 00:00:00-04:00,28.0,28.90999984741211,26.950000762939453,27.6299991607666,5293900,0.0,0.0
2022-09-02 00:00:00-04:00,28.260000228881836,28.739999771118164,26.93000030517578,27.360000610351562,4680100,0.0,0.0
2022-09-06 00:00:00-04:00,25.75,26.719999313354492,24.670000076293945,25.139999389648438,7010200,0.0,0.0
2022-09-07 00:00:00-04:00,24.729999542236328,25.190000534057617,23.420000076293945,24.040000915527344,12504700,0.0,0.0
2022-09-08 00:00:00-04:00,25.0,26.739999771118164,24.06999969482422,25.829999923706055,14142200,0.0,0.0
2022-09-09 00:00:00-04:00,26.299999237060547,29.079999923706055,26.100000381469727,28.920000076293945,7899800,0.0,0.0
2022-09-12 00:00:00-04:00,29.030000686645508,30.34000015258789,28.0,29.239999771118164,6175200,0.0,0.0
2022-09-13 00:00:00-04:00,27.399999618530273,28.610000610351562,27.31999969482422,27.850000381469727,3657200,0.0,0.0
2022-09-14 00:00:00-04:00,27.559999465942383,28.450000762939453,26.649999618530273,28.1299991607666,3605800,0.0,0.0
2022-09-15 00:00:00-04:00,27.860000610351562,29.06999969482422,27.860000610351562,28.610000610351562,3329500,0.0,0.0
2022-09-16 00:00:00-04:00,28.329999923706055,28.799999237060547,27.780000686645508,28.639999389648438,4656000,0.0,0.0
2022-09-19 00:00:00-04:00,28.34000015258789,29.649999618530273,28.149999618530273,28.959999084472656,3404000,0.0,0.0
2022-09-20 00:00:00-04:00,29.280000686645508,29.329999923706055,27.18000030517578,27.540000915527344,3145900,0.0,0.0
2022-09-21 00:00:00-04:00,27.450000762939453,28.989999771118164,26.770000457763672,26.860000610351562,3859200,0.0,0.0
2022-09-22 00:00:00-04:00,27.170000076293945,27.270000457763672,24.3799991607666,24.700000762939453,4346500,0.0,0.0
2022-09-23 00:00:00-04:00,24.149999618530273,25.149999618530273,24.059999465942383,25.040000915527344,3622400,0.0,0.0
2022-09-26 00:00:00-04:00,24.65999984741211,25.8700008392334,24.1200008392334,24.479999542236328,3440300,0.0,0.0
2022-09-27 00:00:00-04:00,25.469999313354492,26.389999389648438,25.1299991607666,26.1299991607666,4487200,0.0,0.0
2022-09-28 00:00:00-04:00,25.889999389648438,27.5,25.6200008392334,27.309999465942383,2630100,0.0,0.0
2022-09-29 00:00:00-04:00,27.079999923706055,27.690000534057617,24.690000534057617,25.459999084472656,4118200,0.0,0.0
2022-09-30 00:00:00-04:00,25.030000686645508,25.81999969482422,24.440000534057617,25.1299991607666,3148300,0.0,0.0
2022-10-03 00:00:00-04:00,25.139999389648438,25.6299991607666,24.209999084472656,25.3799991607666,2653900,0.0,0.0
2022-10-04 00:00:00-04:00,25.950000762939453,27.829999923706055,25.950000762939453,27.600000381469727,4581900,0.0,0.0
2022-10-05 00:00:00-04:00,26.770000457763672,26.979999542236328,25.43000030517578,26.389999389648438,2986400,0.0,0.0
2022-10-06 00:00:00-04:00,26.290000915527344,27.0,25.799999237060547,25.989999771118164,2418700,0.0,0.0
2022-10-07 00:00:00-04:00,25.84000015258789,25.84000015258789,24.420000076293945,25.350000381469727,3270600,0.0,0.0
2022-10-10 00:00:00-04:00,25.3700008392334,26.5,24.75,25.0,2917600,0.0,0.0
2022-10-11 00:00:00-04:00,24.8700008392334,26.299999237060547,23.950000762939453,25.270000457763672,4195900,0.0,0.0
2022-10-12 00:00:00-04:00,25.959999084472656,26.889999389648438,25.270000457763672,25.360000610351562,3284400,0.0,0.0
2022-10-13 00:00:00-04:00,24.420000076293945,26.59000015258789,23.90999984741211,25.559999465942383,3516200,0.0,0.0
2022-10-14 00:00:00-04:00,25.770000457763672,26.3700008392334,24.6299991607666,24.6299991607666,2773500,0.0,0.0
2022-10-17 00:00:00-04:00,25.3700008392334,26.40999984741211,25.239999771118164,25.959999084472656,3172200,0.0,0.0
2022-10-18 00:00:00-04:00,27.100000381469727,27.739999771118164,26.1299991607666,26.670000076293945,4402600,0.0,0.0
2022-10-19 00:00:00-04:00,26.0,26.18000030517578,24.270000457763672,24.540000915527344,5318400,0.0,0.0
2022-10-20 00:00:00-04:00,24.649999618530273,25.450000762939453,24.06999969482422,24.40999984741211,5148600,0.0,0.0
2022-10-21 00:00:00-04:00,24.149999618530273,25.329999923706055,24.100000381469727,25.299999237060547,3036300,0.0,0.0
2022-10-24 00:00:00-04:00,25.0,25.190000534057617,24.110000610351562,24.709999084472656,3114300,0.0,0.0
2022-10-25 00:00:00-04:00,24.81999969482422,27.790000915527344,24.799999237060547,26.8700008392334,7791600,0.0,0.0
2022-10-26 00:00:00-04:00,26.3700008392334,27.479999542236328,25.31999969482422,25.420000076293945,3858200,0.0,0.0
2022-10-27 00:00:00-04:00,25.75,26.329999923706055,25.200000762939453,25.93000030517578,2422900,0.0,0.0
2022-10-28 00:00:00-04:00,26.8799991607666,28.790000915527344,26.420000076293945,28.170000076293945,8089600,0.0,0.0
2022-10-31 00:00:00-04:00,31.219999313354492,34.9900016784668,27.90999984741211,28.309999465942383,24027600,0.0,0.0
2022-11-01 00:00:00-04:00,29.399999618530273,29.690000534057617,27.6200008392334,28.389999389648438,5147500,0.0,0.0
2022-11-02 00:00:00-04:00,27.899999618530273,28.75,26.5,26.6200008392334,4143900,0.0,0.0
2022-11-03 00:00:00-04:00,26.0,27.290000915527344,26.0,26.290000915527344,3384400,0.0,0.0
2022-11-04 00:00:00-04:00,26.600000381469727,27.030000686645508,25.34000015258789,26.510000228881836,4138000,0.0,0.0
2022-11-07 00:00:00-05:00,26.25,26.299999237060547,24.799999237060547,25.760000228881836,3303600,0.0,0.0
2022-11-08 00:00:00-05:00,25.329999923706055,25.850000381469727,24.110000610351562,25.139999389648438,4695100,0.0,0.0
2022-11-09 00:00:00-05:00,24.549999237060547,24.670000076293945,21.889999389648438,23.110000610351562,8464800,0.0,0.0
2022-11-10 00:00:00-05:00,24.6200008392334,25.700000762939453,23.90999984741211,24.8799991607666,6107000,0.0,0.0
2022-11-11 00:00:00-05:00,24.780000686645508,26.1200008392334,24.149999618530273,26.100000381469727,3986200,0.0,0.0
2022-11-14 00:00:00-05:00,26.299999237060547,27.3799991607666,25.610000610351562,26.049999237060547,4352200,0.0,0.0
2022-11-15 00:00:00-05:00,26.59000015258789,28.239999771118164,26.270000457763672,27.59000015258789,5392000,0.0,0.0
2022-11-16 00:00:00-05:00,26.6200008392334,27.350000381469727,26.3700008392334,27.139999389648438,2452300,0.0,0.0
2022-11-17 00:00:00-05:00,26.299999237060547,27.760000228881836,26.149999618530273,27.760000228881836,2477700,0.0,0.0
2022-11-18 00:00:00-05:00,28.15999984741211,28.700000762939453,26.829999923706055,27.600000381469727,3087400,0.0,0.0
2022-11-21 00:00:00-05:00,26.65999984741211,27.829999923706055,24.860000610351562,25.15999984741211,4443300,0.0,0.0
2022-11-22 00:00:00-05:00,25.1299991607666,26.450000762939453,24.700000762939453,26.299999237060547,4240400,0.0,0.0
2022-11-23 00:00:00-05:00,25.920000076293945,27.139999389648438,25.920000076293945,26.700000762939453,2737500,0.0,0.0
2022-11-25 00:00:00-05:00,26.5,27.049999237060547,26.139999389648438,26.170000076293945,1122700,0.0,0.0
2022-11-28 00:00:00-05:00,25.790000915527344,26.440000534057617,25.209999084472656,25.290000915527344,2440900,0.0,0.0
2022-11-29 00:00:00-05:00,25.579999923706055,26.350000381469727,25.31999969482422,25.600000381469727,2029500,0.0,0.0
2022-11-30 00:00:00-05:00,25.899999618530273,26.229999542236328,24.90999984741211,26.209999084472656,3731100,0.0,0.0
2022-12-01 00:00:00-05:00,26.0,27.5,25.18000030517578,26.600000381469727,7615200,0.0,0.0
2022-12-02 00:00:00-05:00,26.25,27.8700008392334,26.110000610351562,27.520000457763672,4577200,0.0,0.0
2022-12-05 00:00:00-05:00,27.309999465942383,27.479999542236328,25.440000534057617,25.559999465942383,4973700,0.0,0.0
2022-12-06 00:00:00-05:00,25.40999984741211,25.579999923706055,23.110000610351562,23.389999389648438,7699300,0.0,0.0
2022-12-07 00:00:00-05:00,23.399999618530273,23.610000610351562,21.969999313354492,22.260000228881836,10078200,0.0,0.0
2022-12-08 00:00:00-05:00,22.0,25.0,21.969999313354492,24.790000915527344,10252000,0.0,0.0
2022-12-09 00:00:00-05:00,24.59000015258789,24.59000015258789,22.59000015258789,22.6299991607666,5326700,0.0,0.0
2022-12-12 00:00:00-05:00,22.65999984741211,23.149999618530273,22.18000030517578,22.670000076293945,3750800,0.0,0.0
2022-12-13 00:00:00-05:00,23.549999237060547,23.700000762939453,20.829999923706055,21.0,6305600,0.0,0.0
2022-12-14 00:00:00-05:00,21.190000534057617,22.0,21.010000228881836,21.049999237060547,4604800,0.0,0.0
2022-12-15 00:00:00-05:00,20.739999771118164,21.440000534057617,20.239999771118164,20.579999923706055,6444500,0.0,0.0
2022-12-16 00:00:00-05:00,20.479999542236328,21.1200008392334,20.010000228881836,20.799999237060547,9379700,0.0,0.0
2022-12-19 00:00:00-05:00,20.549999237060547,20.889999389648438,19.59000015258789,19.920000076293945,3700600,0.0,0.0
2022-12-20 00:00:00-05:00,19.860000610351562,21.31999969482422,19.6200008392334,20.260000228881836,4479000,0.0,0.0
2022-12-21 00:00:00-05:00,20.399999618530273,20.899999618530273,20.18000030517578,20.559999465942383,2793600,0.0,0.0
2022-12-22 00:00:00-05:00,20.5,20.5,18.5,19.809999465942383,5343100,0.0,0.0
2022-12-23 00:00:00-05:00,20.0,20.6299991607666,19.649999618530273,20.079999923706055,3174800,0.0,0.0
2022-12-27 00:00:00-05:00,19.90999984741211,19.989999771118164,18.0,18.200000762939453,4233000,0.0,0.0
2022-12-28 00:00:00-05:00,18.290000915527344,18.700000762939453,16.979999542236328,17.920000076293945,5672000,0.0,0.0
2022-12-29 00:00:00-05:00,18.1200008392334,18.56999969482422,17.75,18.329999923706055,3442800,0.0,0.0
2022-12-30 00:00:00-05:00,17.950000762939453,18.579999923706055,17.899999618530273,18.459999084472656,2669500,0.0,0.0
2023-01-03 00:00:00-05:00,18.639999389648438,19.260000228881836,17.09000015258789,17.200000762939453,5135200,0.0,0.0
2023-01-04 00:00:00-05:00,17.25,17.93000030517578,16.899999618530273,17.31999969482422,3939300,0.0,0.0
2023-01-05 00:00:00-05:00,17.059999465942383,17.260000228881836,15.890000343322754,16.219999313354492,6066200,0.0,0.0
2023-01-06 00:00:00-05:00,16.0,16.56999969482422,15.40999984741211,16.459999084472656,4823400,0.0,0.0
2023-01-09 00:00:00-05:00,16.649999618530273,17.1299991607666,16.360000610351562,16.3799991607666,3522600,0.0,0.0
2023-01-10 00:00:00-05:00,16.299999237060547,18.09000015258789,16.25,17.770000457763672,4402800,0.0,0.0
2023-01-11 00:00:00-05:00,18.190000534057617,20.049999237060547,17.860000610351562,19.040000915527344,8405800,0.0,0.0
2023-01-12 00:00:00-05:00,19.040000915527344,20.6299991607666,18.34000015258789,20.6299991607666,5877300,0.0,0.0
2023-01-13 00:00:00-05:00,19.8799991607666,21.110000610351562,19.799999237060547,20.489999771118164,5494400,0.0,0.0
2023-01-17 00:00:00-05:00,20.489999771118164,21.940000534057617,20.3700008392334,21.799999237060547,5407900,0.0,0.0
2023-01-18 00:00:00-05:00,22.010000228881836,22.149999618530273,20.5,20.790000915527344,5632200,0.0,0.0
2023-01-19 00:00:00-05:00,20.440000534057617,20.450000762939453,18.81999969482422,19.040000915527344,4519200,0.0,0.0
2023-01-20 00:00:00-05:00,19.049999237060547,20.06999969482422,18.899999618530273,19.610000610351562,3564300,0.0,0.0
2023-01-23 00:00:00-05:00,19.5,22.489999771118164,19.3700008392334,21.65999984741211,7181500,0.0,0.0
2023-01-24 00:00:00-05:00,21.299999237060547,22.09000015258789,21.0,21.399999618530273,2381600,0.0,0.0
2023-01-25 00:00:00-05:00,20.59000015258789,20.84000015258789,19.530000686645508,20.229999542236328,3515800,0.0,0.0
2023-01-26 00:00:00-05:00,20.610000610351562,21.170000076293945,19.3799991607666,20.010000228881836,3520000,0.0,0.0
2023-01-27 00:00:00-05:00,19.799999237060547,23.309999465942383,19.40999984741211,22.81999969482422,11897200,0.0,0.0
2023-01-30 00:00:00-05:00,22.5,23.479999542236328,21.1299991607666,21.25,4950600,0.0,0.0
2023-01-31 00:00:00-05:00,21.40999984741211,22.049999237060547,21.299999237060547,21.8700008392334,3128400,0.0,0.0
2023-02-01 00:00:00-05:00,21.489999771118164,22.1200008392334,20.549999237060547,21.829999923706055,4517200,0.0,0.0
2023-02-02 00:00:00-05:00,22.440000534057617,24.399999618530273,22.219999313354492,22.700000762939453,7655700,0.0,0.0
2023-02-03 00:00:00-05:00,22.010000228881836,23.93000030517578,21.799999237060547,22.25,4935900,0.0,0.0
2023-02-06 00:00:00-05:00,21.8799991607666,24.8799991607666,21.770000457763672,23.860000610351562,8708400,0.0,0.0
2023-02-07 00:00:00-05:00,23.0,23.049999237060547,20.5,21.219999313354492,9093700,0.0,0.0
2023-02-08 00:00:00-05:00,21.43000030517578,21.549999237060547,20.610000610351562,21.100000381469727,2846400,0.0,0.0
2023-02-09 00:00:00-05:00,21.25,21.649999618530273,19.670000076293945,19.670000076293945,4497400,0.0,0.0
2023-02-10 00:00:00-05:00,19.559999465942383,20.040000915527344,19.049999237060547,19.270000457763672,2902700,0.0,0.0
2023-02-13 00:00:00-05:00,19.299999237060547,19.940000534057617,19.010000228881836,19.690000534057617,2299300,0.0,0.0
2023-02-14 00:00:00-05:00,19.309999465942383,20.010000228881836,19.100000381469727,19.8700008392334,2746300,0.0,0.0
2023-02-15 00:00:00-05:00,19.799999237060547,21.799999237060547,19.59000015258789,21.799999237060547,7137800,0.0,0.0
2023-02-16 00:00:00-05:00,21.25,22.420000076293945,20.850000381469727,21.600000381469727,3879000,0.0,0.0
2023-02-17 00:00:00-05:00,21.270000457763672,22.06999969482422,21.149999618530273,21.989999771118164,2851000,0.0,0.0
2023-02-21 00:00:00-05:00,21.329999923706055,21.829999923706055,20.6299991607666,20.65999984741211,3100300,0.0,0.0
2023-02-22 00:00:00-05:00,20.530000686645508,21.190000534057617,20.329999923706055,20.520000457763672,2164900,0.0,0.0
2023-02-23 00:00:00-05:00,20.65999984741211,20.8700008392334,19.530000686645508,20.139999389648438,2862000,0.0,0.0
2023-02-24 00:00:00-05:00,19.709999084472656,20.079999923706055,19.540000915527344,19.540000915527344,2277600,0.0,0.0
2023-02-27 00:00:00-05:00,19.610000610351562,19.700000762939453,18.889999389648438,19.100000381469727,4006700,0.0,0.0
2023-02-28 00:00:00-05:00,19.059999465942383,19.520000457763672,18.950000762939453,19.229999542236328,3373800,0.0,0.0
2023-03-01 00:00:00-05:00,18.920000076293945,19.09000015258789,18.139999389648438,18.149999618530273,4210100,0.0,0.0
2023-03-02 00:00:00-05:00,18.149999618530273,18.399999618530273,17.6200008392334,18.190000534057617,2622100,0.0,0.0
2023-03-03 00:00:00-05:00,18.190000534057617,19.100000381469727,18.100000381469727,18.700000762939453,2505500,0.0,0.0
2023-03-06 00:00:00-05:00,18.520000457763672,19.5,18.520000457763672,18.649999618530273,2815300,0.0,0.0
2023-03-07 00:00:00-05:00,18.540000915527344,18.84000015258789,18.059999465942383,18.059999465942383,2375300,0.0,0.0
2023-03-08 00:00:00-05:00,18.049999237060547,18.3799991607666,17.6299991607666,18.170000076293945,3277800,0.0,0.0
2023-03-09 00:00:00-05:00,18.06999969482422,18.3799991607666,17.479999542236328,17.520000457763672,2652600,0.0,0.0
2023-03-10 00:00:00-05:00,17.530000686645508,17.770000457763672,16.850000381469727,17.25,2845500,0.0,0.0
2023-03-13 00:00:00-04:00,16.770000457763672,17.350000381469727,16.520000457763672,16.75,2959100,0.0,0.0
2023-03-14 00:00:00-04:00,17.3700008392334,17.40999984741211,16.399999618530273,16.90999984741211,3077400,0.0,0.0
2023-03-15 00:00:00-04:00,16.5,16.690000534057617,15.699999809265137,15.949999809265137,4541500,0.0,0.0
2023-03-16 00:00:00-04:00,16.0,16.770000457763672,15.529999732971191,16.760000228881836,4083000,0.0,0.0
2023-03-17 00:00:00-04:00,16.6200008392334,16.719999313354492,15.920000076293945,16.600000381469727,5105500,0.0,0.0
2023-03-20 00:00:00-04:00,16.649999618530273,17.270000457763672,16.25,16.8700008392334,4463700,0.0,0.0
2023-03-21 00:00:00-04:00,17.149999618530273,18.350000381469727,17.139999389648438,17.649999618530273,15882900,0.0,0.0
2023-03-22 00:00:00-04:00,26.600000381469727,27.0,23.049999237060547,23.8700008392334,66764700,0.0,0.0
2023-03-23 00:00:00-04:00,22.56999969482422,24.59000015258789,22.1299991607666,22.579999923706055,11168900,0.0,0.0
2023-03-24 00:00:00-04:00,22.31999969482422,23.989999771118164,22.100000381469727,23.979999542236328,8756400,0.0,0.0
2023-03-27 00:00:00-04:00,23.989999771118164,24.010000228881836,22.690000534057617,23.0,4580800,0.0,0.0
2023-03-28 00:00:00-04:00,22.969999313354492,23.540000915527344,22.219999313354492,23.149999618530273,5711700,0.0,0.0
2023-03-29 00:00:00-04:00,23.079999923706055,23.700000762939453,22.219999313354492,22.459999084472656,4161400,0.0,0.0
2023-03-30 00:00:00-04:00,22.600000381469727,22.829999923706055,22.110000610351562,22.5,3477600,0.0,0.0
2023-03-31 00:00:00-04:00,22.350000381469727,23.06999969482422,22.149999618530273,23.020000457763672,3880300,0.0,0.0
2023-04-03 00:00:00-04:00,22.940000534057617,23.850000381469727,22.65999984741211,23.170000076293945,4274500,0.0,0.0
2023-04-04 00:00:00-04:00,22.75,23.139999389648438,22.09000015258789,22.350000381469727,3421500,0.0,0.0
2023-04-05 00:00:00-04:00,22.469999313354492,22.469999313354492,21.229999542236328,22.06999969482422,3638100,0.0,0.0
2023-04-06 00:00:00-04:00,22.0,22.670000076293945,21.770000457763672,22.399999618530273,2506900,0.0,0.0
2023-04-10 00:00:00-04:00,21.850000381469727,22.43000030517578,21.81999969482422,22.3700008392334,2176100,0.0,0.0
2023-04-11 00:00:00-04:00,22.56999969482422,23.170000076293945,22.420000076293945,22.690000534057617,2540000,0.0,0.0
2023-04-12 00:00:00-04:00,22.899999618530273,23.280000686645508,22.260000228881836,22.260000228881836,2141100,0.0,0.0
2023-04-13 00:00:00-04:00,22.5,22.850000381469727,22.329999923706055,22.549999237060547,1803900,0.0,0.0
2023-04-14 00:00:00-04:00,22.739999771118164,23.25,22.31999969482422,22.459999084472656,2312400,0.0,0.0
2023-04-17 00:00:00-04:00,22.270000457763672,22.68000030517578,22.139999389648438,22.280000686645508,2066600,0.0,0.0
2023-04-18 00:00:00-04:00,22.139999389648438,22.31999969482422,21.5,21.610000610351562,2748700,0.0,0.0
2023-04-19 00:00:00-04:00,21.280000686645508,21.8700008392334,20.959999084472656,21.309999465942383,2539500,0.0,0.0
2023-04-20 00:00:00-04:00,20.8799991607666,21.56999969482422,20.059999465942383,20.219999313354492,2977400,0.0,0.0
2023-04-21 00:00:00-04:00,20.200000762939453,20.6200008392334,20.100000381469727,20.489999771118164,2085900,0.0,0.0
2023-04-24 00:00:00-04:00,20.149999618530273,20.40999984741211,19.809999465942383,19.93000030517578,2742400,0.0,0.0
2023-04-25 00:00:00-04:00,19.739999771118164,20.040000915527344,18.90999984741211,19.0,2560800,0.0,0.0
2023-04-26 00:00:00-04:00,18.979999542236328,19.229999542236328,18.649999618530273,18.649999618530273,2287600,0.0,0.0
2023-04-27 00:00:00-04:00,18.75,19.34000015258789,18.719999313354492,18.940000534057617,2238900,0.0,0.0
2023-04-28 00:00:00-04:00,18.920000076293945,19.719999313354492,18.8799991607666,19.290000915527344,2836600,0.0,0.0
2023-05-01 00:00:00-04:00,19.15999984741211,19.25,18.459999084472656,18.549999237060547,2356600,0.0,0.0
2023-05-02 00:00:00-04:00,18.450000762939453,18.579999923706055,18.059999465942383,18.579999923706055,1918300,0.0,0.0
2023-05-03 00:00:00-04:00,18.559999465942383,19.200000762939453,18.530000686645508,18.899999618530273,3184000,0.0,0.0
2023-05-04 00:00:00-04:00,19.25,19.479999542236328,18.920000076293945,19.350000381469727,2041800,0.0,0.0
2023-05-05 00:00:00-04:00,19.6200008392334,20.8799991607666,19.510000228881836,20.420000076293945,4357200,0.0,0.0
2023-05-08 00:00:00-04:00,20.459999084472656,20.989999771118164,20.09000015258789,20.510000228881836,2402800,0.0,0.0
2023-05-09 00:00:00-04:00,20.15999984741211,20.649999618530273,20.1200008392334,20.239999771118164,1522700,0.0,0.0
2023-05-10 00:00:00-04:00,20.450000762939453,20.959999084472656,20.3799991607666,20.760000228881836,2139900,0.0,0.0
2023-05-11 00:00:00-04:00,20.690000534057617,21.15999984741211,20.510000228881836,20.8799991607666,1652500,0.0,0.0
2023-05-12 00:00:00-04:00,20.829999923706055,20.979999542236328,20.229999542236328,20.690000534057617,2006100,0.0,0.0
2023-05-15 00:00:00-04:00,20.6200008392334,21.6299991607666,20.489999771118164,21.6200008392334,2602000,0.0,0.0
2023-05-16 00:00:00-04:00,21.5,22.100000381469727,21.420000076293945,21.989999771118164,2498000,0.0,0.0
2023-05-17 00:00:00-04:00,21.989999771118164,23.25,21.899999618530273,22.8700008392334,4573000,0.0,0.0
2023-05-18 00:00:00-04:00,22.899999618530273,23.299999237060547,22.68000030517578,23.049999237060547,2144400,0.0,0.0
2023-05-19 00:00:00-04:00,22.940000534057617,22.989999771118164,21.75,22.059999465942383,2668200,0.0,0.0
2023-05-22 00:00:00-04:00,22.100000381469727,24.360000610351562,21.989999771118164,24.209999084472656,6251600,0.0,0.0
2023-05-23 00:00:00-04:00,23.889999389648438,23.899999618530273,22.799999237060547,23.15999984741211,3786500,0.0,0.0
2023-05-24 00:00:00-04:00,23.1299991607666,23.520000457763672,22.729999542236328,23.270000457763672,1901000,0.0,0.0
2023-05-25 00:00:00-04:00,23.5,23.690000534057617,22.709999084472656,23.350000381469727,2494400,0.0,0.0
2023-05-26 00:00:00-04:00,23.469999313354492,23.709999084472656,23.059999465942383,23.25,2261900,0.0,0.0
2023-05-30 00:00:00-04:00,23.350000381469727,24.690000534057617,23.299999237060547,24.56999969482422,5037800,0.0,0.0
2023-05-31 00:00:00-04:00,24.510000228881836,24.799999237060547,23.8799991607666,24.049999237060547,4265200,0.0,0.0
2023-06-01 00:00:00-04:00,24.040000915527344,24.65999984741211,23.780000686645508,24.100000381469727,3845000,0.0,0.0
2023-06-02 00:00:00-04:00,24.290000915527344,24.93000030517578,24.280000686645508,24.639999389648438,3300700,0.0,0.0
2023-06-05 00:00:00-04:00,24.530000686645508,25.84000015258789,24.15999984741211,24.309999465942383,4201900,0.0,0.0
2023-06-06 00:00:00-04:00,24.010000228881836,25.25,24.0,24.690000534057617,3984300,0.0,0.0
2023-06-07 00:00:00-04:00,26.200000762939453,26.549999237060547,25.06999969482422,26.110000610351562,18001100,0.0,0.0
2023-06-08 00:00:00-04:00,20.299999237060547,22.0,20.100000381469727,21.440000534057617,19213300,0.0,0.0
2023-06-09 00:00:00-04:00,21.780000686645508,23.43000030517578,21.5,22.68000030517578,10342600,0.0,0.0
2023-06-12 00:00:00-04:00,22.850000381469727,24.299999237060547,22.739999771118164,24.299999237060547,7131400,0.0,0.0
2023-06-13 00:00:00-04:00,26.200000762939453,27.649999618530273,25.030000686645508,26.950000762939453,17160600,0.0,0.0
2023-06-14 00:00:00-04:00,26.719999313354492,27.079999923706055,24.899999618530273,25.700000762939453,7243700,0.0,0.0
2023-06-15 00:00:00-04:00,25.40999984741211,26.170000076293945,24.639999389648438,24.84000015258789,5501800,0.0,0.0
2023-06-16 00:00:00-04:00,25.020000457763672,25.110000610351562,24.420000076293945,24.559999465942383,4443500,0.0,0.0
2023-06-20 00:00:00-04:00,24.40999984741211,24.649999618530273,23.719999313354492,24.579999923706055,3250700,0.0,0.0
2023-06-21 00:00:00-04:00,24.84000015258789,25.100000381469727,24.100000381469727,24.43000030517578,2404700,0.0,0.0
2023-06-22 00:00:00-04:00,24.1299991607666,24.329999923706055,23.760000228881836,24.31999969482422,1889600,0.0,0.0
2023-06-23 00:00:00-04:00,23.780000686645508,24.149999618530273,23.68000030517578,23.700000762939453,2261000,0.0,0.0
2023-06-26 00:00:00-04:00,23.3799991607666,24.030000686645508,22.90999984741211,23.020000457763672,2525200,0.0,0.0
2023-06-27 00:00:00-04:00,23.290000915527344,23.600000381469727,23.0,23.579999923706055,2141500,0.0,0.0
2023-06-28 00:00:00-04:00,23.440000534057617,25.100000381469727,23.399999618530273,24.979999542236328,3493900,0.0,0.0
2023-06-29 00:00:00-04:00,24.959999084472656,25.469999313354492,24.6200008392334,24.899999618530273,3101000,0.0,0.0
2023-06-30 00:00:00-04:00,24.969999313354492,25.1299991607666,24.25,24.25,2803300,0.0,0.0
2023-07-03 00:00:00-04:00,24.290000915527344,25.110000610351562,24.209999084472656,24.90999984741211,1806600,0.0,0.0
2023-07-05 00:00:00-04:00,24.639999389648438,24.850000381469727,23.790000915527344,23.899999618530273,2263100,0.0,0.0
2023-07-06 00:00:00-04:00,23.520000457763672,23.56999969482422,22.81999969482422,22.829999923706055,2384600,0.0,0.0
2023-07-07 00:00:00-04:00,22.969999313354492,23.530000686645508,22.670000076293945,22.709999084472656,2447200,0.0,0.0
2023-07-10 00:00:00-04:00,22.610000610351562,23.559999465942383,22.0,23.540000915527344,3318200,0.0,0.0
2023-07-11 00:00:00-04:00,23.200000762939453,24.440000534057617,23.200000762939453,23.90999984741211,3057100,0.0,0.0
2023-07-12 00:00:00-04:00,24.25,24.309999465942383,23.440000534057617,23.440000534057617,1742200,0.0,0.0
2023-07-13 00:00:00-04:00,23.540000915527344,23.979999542236328,23.420000076293945,23.459999084472656,1912200,0.0,0.0
2023-07-14 00:00:00-04:00,23.489999771118164,23.719999313354492,22.940000534057617,22.969999313354492,2178800,0.0,0.0
2023-07-17 00:00:00-04:00,22.8799991607666,23.309999465942383,22.700000762939453,22.81999969482422,2026000,0.0,0.0
2023-07-18 00:00:00-04:00,22.719999313354492,23.799999237060547,22.68000030517578,23.079999923706055,2342000,0.0,0.0
2023-07-19 00:00:00-04:00,23.420000076293945,23.579999923706055,22.959999084472656,23.170000076293945,2250100,0.0,0.0
2023-07-20 00:00:00-04:00,23.010000228881836,23.219999313354492,22.65999984741211,22.90999984741211,2256700,0.0,0.0
2023-07-21 00:00:00-04:00,23.049999237060547,23.219999313354492,22.15999984741211,22.18000030517578,3167900,0.0,0.0
2023-07-24 00:00:00-04:00,22.420000076293945,23.040000915527344,22.200000762939453,23.040000915527344,2970400,0.0,0.0
2023-07-25 00:00:00-04:00,23.100000381469727,23.100000381469727,22.530000686645508,22.850000381469727,1672000,0.0,0.0
2023-07-26 00:00:00-04:00,22.700000762939453,22.989999771118164,22.479999542236328,22.700000762939453,1489200,0.0,0.0
2023-07-27 00:00:00-04:00,22.940000534057617,23.489999771118164,22.1299991607666,22.219999313354492,3370900,0.0,0.0
2023-07-28 00:00:00-04:00,22.020000457763672,22.489999771118164,21.790000915527344,21.93000030517578,2642100,0.0,0.0
2023-07-31 00:00:00-04:00,22.0,22.3799991607666,21.850000381469727,22.200000762939453,1973400,0.0,0.0
2023-08-01 00:00:00-04:00,21.950000762939453,22.0,21.260000228881836,21.5,2567100,0.0,0.0
2023-08-02 00:00:00-04:00,21.149999618530273,21.149999618530273,20.34000015258789,20.829999923706055,2625800,0.0,0.0
2023-08-03 00:00:00-04:00,20.8799991607666,21.18000030517578,20.739999771118164,20.93000030517578,1318700,0.0,0.0
2023-08-04 00:00:00-04:00,20.950000762939453,21.889999389648438,20.889999389648438,20.979999542236328,2406000,0.0,0.0
2023-08-07 00:00:00-04:00,20.899999618530273,21.239999771118164,20.479999542236328,21.06999969482422,1441300,0.0,0.0
2023-08-08 00:00:00-04:00,20.700000762939453,20.899999618530273,20.280000686645508,20.739999771118164,1431300,0.0,0.0
2023-08-09 00:00:00-04:00,20.850000381469727,20.850000381469727,19.81999969482422,19.93000030517578,2929600,0.0,0.0
2023-08-10 00:00:00-04:00,20.0,20.290000915527344,19.8700008392334,20.190000534057617,1432400,0.0,0.0
2023-08-11 00:00:00-04:00,20.030000686645508,20.3799991607666,19.969999313354492,20.190000534057617,1522900,0.0,0.0
2023-08-14 00:00:00-04:00,19.75,20.010000228881836,19.079999923706055,19.959999084472656,3329300,0.0,0.0
2023-08-15 00:00:00-04:00,19.770000457763672,19.780000686645508,19.09000015258789,19.329999923706055,2290300,0.0,0.0
2023-08-16 00:00:00-04:00,19.18000030517578,19.34000015258789,18.549999237060547,18.59000015258789,3015600,0.0,0.0
2023-08-17 00:00:00-04:00,18.790000915527344,18.809999465942383,18.299999237060547,18.3799991607666,2056800,0.0,0.0
2023-08-18 00:00:00-04:00,18.18000030517578,18.65999984741211,18.139999389648438,18.360000610351562,2029100,0.0,0.0
2023-08-21 00:00:00-04:00,18.299999237060547,18.81999969482422,18.200000762939453,18.479999542236328,2864700,0.0,0.0
2023-08-22 00:00:00-04:00,18.6200008392334,18.6200008392334,17.25,17.260000228881836,3782100,0.0,0.0
2023-08-23 00:00:00-04:00,17.25,17.34000015258789,16.8799991607666,16.889999389648438,2909100,0.0,0.0
2023-08-24 00:00:00-04:00,16.940000534057617,16.979999542236328,16.18000030517578,16.360000610351562,3624500,0.0,0.0
2023-08-25 00:00:00-04:00,16.5,17.18000030517578,16.450000762939453,17.1299991607666,3423500,0.0,0.0
2023-08-28 00:00:00-04:00,17.350000381469727,18.110000610351562,17.25,17.56999969482422,3007400,0.0,0.0
2023-08-29 00:00:00-04:00,17.600000381469727,18.549999237060547,17.600000381469727,18.239999771118164,2709200,0.0,0.0
2023-08-30 00:00:00-04:00,18.200000762939453,18.520000457763672,17.90999984741211,18.3700008392334,1884500,0.0,0.0
2023-08-31 00:00:00-04:00,18.40999984741211,19.420000076293945,18.149999618530273,18.549999237060547,4674100,0.0,0.0
2023-09-01 00:00:00-04:00,18.65999984741211,18.729999542236328,18.31999969482422,18.420000076293945,2135900,0.0,0.0
2023-09-05 00:00:00-04:00,18.450000762939453,19.34000015258789,18.260000228881836,19.229999542236328,3781300,0.0,0.0
2023-09-06 00:00:00-04:00,19.059999465942383,19.149999618530273,18.420000076293945,18.75,6107200,0.0,0.0
2023-09-07 00:00:00-04:00,19.1299991607666,19.479999542236328,17.610000610351562,18.889999389648438,5021300,0.0,0.0
2023-09-08 00:00:00-04:00,18.149999618530273,18.5,17.350000381469727,17.709999084472656,4689200,0.0,0.0
2023-09-11 00:00:00-04:00,17.850000381469727,17.850000381469727,16.899999618530273,17.020000457763672,3543800,0.0,0.0
2023-09-12 00:00:00-04:00,17.530000686645508,18.5,17.190000534057617,17.229999542236328,5179400,0.0,0.0
2023-09-13 00:00:00-04:00,17.309999465942383,17.93000030517578,17.270000457763672,17.809999465942383,3012600,0.0,0.0
2023-09-14 00:00:00-04:00,17.799999237060547,18.520000457763672,17.600000381469727,18.329999923706055,3078000,0.0,0.0
2023-09-15 00:00:00-04:00,18.360000610351562,18.610000610351562,18.149999618530273,18.219999313354492,6166600,0.0,0.0
2023-09-18 00:00:00-04:00,17.989999771118164,18.100000381469727,17.350000381469727,17.549999237060547,3694600,0.0,0.0
2023-09-19 00:00:00-04:00,17.59000015258789,17.639999389648438,17.1299991607666,17.520000457763672,2584200,0.0,0.0
2023-09-20 00:00:00-04:00,17.6299991607666,17.93000030517578,17.450000762939453,17.520000457763672,2129800,0.0,0.0
2023-09-21 00:00:00-04:00,17.280000686645508,17.31999969482422,16.649999618530273,17.020000457763672,2910700,0.0,0.0
2023-09-22 00:00:00-04:00,17.18000030517578,17.350000381469727,17.0,17.18000030517578,2100300,0.0,0.0
2023-09-25 00:00:00-04:00,17.0,17.719999313354492,16.850000381469727,17.670000076293945,2181200,0.0,0.0
2023-09-26 00:00:00-04:00,17.3799991607666,17.81999969482422,16.780000686645508,16.780000686645508,2726800,0.0,0.0
2023-09-27 00:00:00-04:00,16.8700008392334,17.260000228881836,16.809999465942383,17.149999618530273,1681300,0.0,0.0
2023-09-28 00:00:00-04:00,18.020000457763672,18.100000381469727,16.440000534057617,16.84000015258789,7431900,0.0,0.0
2023-09-29 00:00:00-04:00,17.049999237060547,17.260000228881836,16.399999618530273,16.459999084472656,3397000,0.0,0.0
2023-10-02 00:00:00-04:00,16.299999237060547,16.309999465942383,15.260000228881836,15.390000343322754,6087700,0.0,0.0
2023-10-03 00:00:00-04:00,15.289999961853027,15.289999961853027,14.569999694824219,14.600000381469727,4510300,0.0,0.0
2023-10-04 00:00:00-04:00,14.770000457763672,14.9399995803833,14.4399995803833,14.869999885559082,2586400,0.0,0.0
2023-10-05 00:00:00-04:00,14.699999809265137,14.979999542236328,14.579999923706055,14.710000038146973,1945100,0.0,0.0
2023-10-06 00:00:00-04:00,14.59000015258789,15.260000228881836,14.579999923706055,15.079999923706055,2467100,0.0,0.0
2023-10-09 00:00:00-04:00,14.770000457763672,15.5,14.720000267028809,15.399999618530273,2276300,0.0,0.0
2023-10-10 00:00:00-04:00,15.5,16.190000534057617,15.399999618530273,16.0,2915900,0.0,0.0
2023-10-11 00:00:00-04:00,16.010000228881836,16.09000015258789,15.739999771118164,15.819999694824219,2098200,0.0,0.0
2023-10-12 00:00:00-04:00,15.770000457763672,15.800000190734863,14.819999694824219,15.09000015258789,3180300,0.0,0.0
2023-10-13 00:00:00-04:00,14.920000076293945,15.109999656677246,14.779999732971191,14.920000076293945,1823300,0.0,0.0
2023-10-16 00:00:00-04:00,14.8100004196167,14.930000305175781,14.149999618530273,14.430000305175781,3508600,0.0,0.0
2023-10-17 00:00:00-04:00,14.25,14.829999923706055,14.100000381469727,14.119999885559082,3842400,0.0,0.0
2023-10-18 00:00:00-04:00,14.0,14.25,13.8100004196167,13.850000381469727,4045800,0.0,0.0
2023-10-19 00:00:00-04:00,13.800000190734863,13.850000381469727,12.899999618530273,13.15999984741211,5808000,0.0,0.0
2023-10-20 00:00:00-04:00,13.180000305175781,13.800000190734863,13.119999885559082,13.4399995803833,3661800,0.0,0.0
2023-10-23 00:00:00-04:00,13.279999732971191,13.59000015258789,13.039999961853027,13.4399995803833,2785500,0.0,0.0
2023-10-24 00:00:00-04:00,13.59000015258789,14.300000190734863,13.550000190734863,14.039999961853027,3738300,0.0,0.0
2023-10-25 00:00:00-04:00,14.010000228881836,14.010000228881836,13.609999656677246,13.710000038146973,1967300,0.0,0.0
2023-10-26 00:00:00-04:00,13.729999542236328,13.800000190734863,13.40999984741211,13.5,2036400,0.0,0.0
2023-10-27 00:00:00-04:00,13.510000228881836,13.619999885559082,13.020000457763672,13.119999885559082,2481700,0.0,0.0
2023-10-30 00:00:00-04:00,13.149999618530273,13.270000457763672,12.59000015258789,12.800000190734863,3475900,0.0,0.0
2023-10-31 00:00:00-04:00,12.850000381469727,13.899999618530273,12.819999694824219,13.770000457763672,4574600,0.0,0.0
2023-11-01 00:00:00-04:00,13.779999732971191,13.800000190734863,13.010000228881836,13.010000228881836,3430100,0.0,0.0
2023-11-02 00:00:00-04:00,13.369999885559082,13.699999809265137,13.279999732971191,13.640000343322754,3566600,0.0,0.0
2023-11-03 00:00:00-04:00,13.899999618530273,14.399999618530273,13.829999923706055,13.869999885559082,2966200,0.0,0.0
2023-11-06 00:00:00-05:00,13.989999771118164,14.050000190734863,13.489999771118164,13.529999732971191,2164400,0.0,0.0
2023-11-07 00:00:00-05:00,13.470000267028809,13.789999961853027,13.229999542236328,13.640000343322754,2354400,0.0,0.0
2023-11-08 00:00:00-05:00,13.510000228881836,13.760000228881836,13.279999732971191,13.279999732971191,1705600,0.0,0.0
2023-11-09 00:00:00-05:00,13.25,13.319999694824219,12.699999809265137,12.699999809265137,2750100,0.0,0.0
2023-11-10 00:00:00-05:00,12.8100004196167,12.970000267028809,12.350000381469727,12.539999961853027,3872400,0.0,0.0
2023-11-13 00:00:00-05:00,12.5,12.529999732971191,11.829999923706055,12.140000343322754,4318500,0.0,0.0
2023-11-14 00:00:00-05:00,12.75,13.390000343322754,12.6899995803833,12.899999618530273,5187500,0.0,0.0
2023-11-15 00:00:00-05:00,13.149999618530273,13.5,13.029999732971191,13.270000457763672,4121600,0.0,0.0
2023-11-16 00:00:00-05:00,13.140000343322754,13.1899995803833,12.520000457763672,12.529999732971191,3425800,0.0,0.0
2023-11-17 00:00:00-05:00,12.520000457763672,13.0600004196167,12.520000457763672,13.029999732971191,3414200,0.0,0.0
2023-11-20 00:00:00-05:00,13.0,13.199999809265137,12.800000190734863,12.800000190734863,2294900,0.0,0.0
2023-11-21 00:00:00-05:00,12.649999618530273,12.720000267028809,12.260000228881836,12.550000190734863,3710100,0.0,0.0
2023-11-22 00:00:00-05:00,12.5600004196167,12.710000038146973,12.1899995803833,12.289999961853027,2358800,0.0,0.0
2023-11-24 00:00:00-05:00,12.220000267028809,12.40999984741211,12.180000305175781,12.199999809265137,1232500,0.0,0.0
2023-11-27 00:00:00-05:00,12.180000305175781,12.329999923706055,11.890000343322754,11.90999984741211,3710600,0.0,0.0
2023-11-28 00:00:00-05:00,11.899999618530273,13.550000190734863,11.890000343322754,13.489999771118164,14192900,0.0,0.0
2023-11-29 00:00:00-05:00,15.489999771118164,17.559999465942383,14.699999809265137,16.25,61172800,0.0,0.0
2023-11-30 00:00:00-05:00,16.290000915527344,16.329999923706055,14.319999694824219,14.550000190734863,16537200,0.0,0.0
2023-12-01 00:00:00-05:00,14.520000457763672,15.989999771118164,14.5,15.300000190734863,13378700,0.0,0.0
2023-12-04 00:00:00-05:00,15.289999961853027,17.40999984741211,14.90999984741211,16.979999542236328,20098700,0.0,0.0
2023-12-05 00:00:00-05:00,16.469999313354492,16.719999313354492,14.869999885559082,14.90999984741211,14220100,0.0,0.0
2023-12-06 00:00:00-05:00,15.359999656677246,15.699999809265137,14.640000343322754,14.84000015258789,12691300,0.0,0.0
2023-12-07 00:00:00-05:00,13.710000038146973,16.520000457763672,13.5600004196167,16.360000610351562,19840700,0.0,0.0
2023-12-08 00:00:00-05:00,15.829999923706055,16.479999542236328,15.470000267028809,15.550000190734863,10401400,0.0,0.0
2023-12-11 00:00:00-05:00,15.449999809265137,15.6899995803833,14.979999542236328,15.069999694824219,4961200,0.0,0.0
2023-12-12 00:00:00-05:00,15.119999885559082,15.359999656677246,14.84000015258789,15.220000267028809,4210700,0.0,0.0
2023-12-13 00:00:00-05:00,15.220000267028809,16.799999237060547,15.1899995803833,16.690000534057617,9086900,0.0,0.0
2023-12-14 00:00:00-05:00,17.139999389648438,17.8799991607666,16.799999237060547,17.440000534057617,10750700,0.0,0.0
2023-12-15 00:00:00-05:00,17.399999618530273,17.579999923706055,17.010000228881836,17.260000228881836,7119100,0.0,0.0
2023-12-18 00:00:00-05:00,17.239999771118164,18.510000228881836,17.100000381469727,17.860000610351562,7352200,0.0,0.0
2023-12-19 00:00:00-05:00,17.889999389648438,18.59000015258789,17.229999542236328,17.719999313354492,5447100,0.0,0.0
2023-12-20 00:00:00-05:00,17.530000686645508,18.3799991607666,16.889999389648438,16.93000030517578,5553000,0.0,0.0
2023-12-21 00:00:00-05:00,17.190000534057617,17.34000015258789,16.59000015258789,16.979999542236328,3975300,0.0,0.0
2023-12-22 00:00:00-05:00,16.780000686645508,17.200000762939453,16.450000762939453,16.969999313354492,3329900,0.0,0.0
2023-12-26 00:00:00-05:00,16.979999542236328,17.40999984741211,16.81999969482422,17.360000610351562,3079600,0.0,0.0
2023-12-27 00:00:00-05:00,17.43000030517578,18.3700008392334,17.3700008392334,18.3700008392334,4800100,0.0,0.0
2023-12-28 00:00:00-05:00,18.049999237060547,18.31999969482422,17.850000381469727,18.06999969482422,3574800,0.0,0.0
2023-12-29 00:00:00-05:00,18.040000915527344,18.15999984741211,17.459999084472656,17.530000686645508,4536700,0.0,0.0
2024-01-02 00:00:00-05:00,17.25,17.600000381469727,16.579999923706055,16.670000076293945,4428000,0.0,0.0
2024-01-03 00:00:00-05:00,16.299999237060547,16.829999923706055,15.899999618530273,16.690000534057617,4193600,0.0,0.0
2024-01-04 00:00:00-05:00,16.510000228881836,16.75,16.309999465942383,16.360000610351562,2671500,0.0,0.0
2024-01-05 00:00:00-05:00,16.15999984741211,16.520000457763672,15.960000038146973,15.960000038146973,2619200,0.0,0.0
2024-01-08 00:00:00-05:00,15.779999732971191,16.1200008392334,15.699999809265137,15.789999961853027,3031100,0.0,0.0
2024-01-09 00:00:00-05:00,15.59000015258789,15.619999885559082,15.119999885559082,15.15999984741211,3105300,0.0,0.0
2024-01-10 00:00:00-05:00,15.119999885559082,15.760000228881836,14.970000267028809,15.729999542236328,3191700,0.0,0.0
2024-01-11 00:00:00-05:00,15.649999618530273,15.800000190734863,15.239999771118164,15.25,2992200,0.0,0.0
2024-01-12 00:00:00-05:00,15.300000190734863,15.619999885559082,14.729999542236328,14.75,2479800,0.0,0.0
2024-01-16 00:00:00-05:00,14.600000381469727,14.619999885559082,13.930000305175781,13.979999542236328,3581200,0.0,0.0
2024-01-17 00:00:00-05:00,13.859999656677246,14.109999656677246,13.710000038146973,14.079999923706055,2706200,0.0,0.0
2024-01-18 00:00:00-05:00,14.199999809265137,14.770000457763672,14.050000190734863,14.289999961853027,3906000,0.0,0.0
2024-01-19 00:00:00-05:00,14.359999656677246,14.600000381469727,14.09000015258789,14.510000228881836,2396200,0.0,0.0
2024-01-22 00:00:00-05:00,14.5,15.15999984741211,14.300000190734863,14.899999618530273,3606500,0.0,0.0
2024-01-23 00:00:00-05:00,15.0,15.020000457763672,14.050000190734863,14.180000305175781,3495300,0.0,0.0
2024-01-24 00:00:00-05:00,14.279999732971191,14.380000114440918,13.819999694824219,13.949999809265137,2513800,0.0,0.0
2024-01-25 00:00:00-05:00,13.970000267028809,14.539999961853027,13.920000076293945,14.520000457763672,3635900,0.0,0.0
2024-01-26 00:00:00-05:00,14.4399995803833,14.720000267028809,14.40999984741211,14.489999771118164,2288800,0.0,0.0
2024-01-29 00:00:00-05:00,14.5,14.8100004196167,14.319999694824219,14.779999732971191,2164200,0.0,0.0
2024-01-30 00:00:00-05:00,14.539999961853027,14.819999694824219,14.510000228881836,14.550000190734863,1652600,0.0,0.0
2024-01-31 00:00:00-05:00,14.399999618530273,14.829999923706055,14.220000267028809,14.229999542236328,2684700,0.0,0.0
2024-02-01 00:00:00-05:00,14.34000015258789,14.420000076293945,14.020000457763672,14.420000076293945,2220200,0.0,0.0
2024-02-02 00:00:00-05:00,14.149999618530273,14.920000076293945,14.079999923706055,14.729999542236328,2924500,0.0,0.0
2024-02-05 00:00:00-05:00,14.5,14.609999656677246,13.399999618530273,13.460000038146973,4361500,0.0,0.0
2024-02-06 00:00:00-05:00,13.600000381469727,14.300000190734863,13.430000305175781,14.100000381469727,3047800,0.0,0.0
2024-02-07 00:00:00-05:00,14.119999885559082,14.300000190734863,13.779999732971191,14.069999694824219,1947800,0.0,0.0
2024-02-08 00:00:00-05:00,14.010000228881836,14.4399995803833,13.890000343322754,14.350000381469727,1838300,0.0,0.0
2024-02-09 00:00:00-05:00,14.369999885559082,15.229999542236328,14.300000190734863,14.65999984741211,3575300,0.0,0.0
2024-02-12 00:00:00-05:00,14.579999923706055,15.220000267028809,14.529999732971191,14.729999542236328,2750100,0.0,0.0
2024-02-13 00:00:00-05:00,14.199999809265137,14.399999618530273,13.770000457763672,14.170000076293945,3788700,0.0,0.0
2024-02-14 00:00:00-05:00,14.329999923706055,14.430000305175781,14.050000190734863,14.40999984741211,2504400,0.0,0.0
2024-02-15 00:00:00-05:00,14.539999961853027,14.75,14.229999542236328,14.510000228881836,2400500,0.0,0.0
2024-02-16 00:00:00-05:00,14.460000038146973,14.529999732971191,14.100000381469727,14.119999885559082,2301900,0.0,0.0
2024-02-20 00:00:00-05:00,13.960000038146973,14.050000190734863,13.15999984741211,13.489999771118164,3784500,0.0,0.0
2024-02-21 00:00:00-05:00,13.460000038146973,13.670000076293945,13.229999542236328,13.40999984741211,1722800,0.0,0.0
2024-02-22 00:00:00-05:00,13.5,13.649999618530273,13.34000015258789,13.359999656677246,1817800,0.0,0.0
2024-02-23 00:00:00-05:00,13.300000190734863,13.789999961853027,13.119999885559082,13.510000228881836,2319700,0.0,0.0
2024-02-26 00:00:00-05:00,13.3100004196167,13.75,13.199999809265137,13.680000305175781,2278600,0.0,0.0
2024-02-27 00:00:00-05:00,13.699999809265137,14.289999961853027,13.680000305175781,14.210000038146973,2795500,0.0,0.0
2024-02-28 00:00:00-05:00,14.0,14.470000267028809,13.890000343322754,14.239999771118164,2440700,0.0,0.0
2024-02-29 00:00:00-05:00,14.34000015258789,14.649999618530273,14.029999732971191,14.270000457763672,2638700,0.0,0.0
2024-03-01 00:00:00-05:00,14.180000305175781,15.09000015258789,13.989999771118164,14.949999809265137,4899500,0.0,0.0
2024-03-04 00:00:00-05:00,14.930000305175781,15.59000015258789,14.829999923706055,15.220000267028809,4367600,0.0,0.0
2024-03-05 00:00:00-05:00,14.949999809265137,15.279999732971191,14.779999732971191,15.0,3152700,0.0,0.0
2024-03-06 00:00:00-05:00,15.220000267028809,15.890000343322754,14.9399995803833,15.260000228881836,3818100,0.0,0.0
2024-03-07 00:00:00-05:00,15.260000228881836,15.510000228881836,15.050000190734863,15.260000228881836,2111900,0.0,0.0
2024-03-08 00:00:00-05:00,15.399999618530273,15.630000114440918,14.520000457763672,14.649999618530273,3169800,0.0,0.0
2024-03-11 00:00:00-04:00,14.640000343322754,14.9399995803833,14.359999656677246,14.430000305175781,2111900,0.0,0.0
2024-03-12 00:00:00-04:00,14.350000381469727,14.84000015258789,14.09000015258789,14.720000267028809,2382600,0.0,0.0
2024-03-13 00:00:00-04:00,14.6899995803833,15.199999809265137,14.619999885559082,14.869999885559082,2898100,0.0,0.0
2024-03-14 00:00:00-04:00,14.800000190734863,15.020000457763672,14.399999618530273,14.630000114440918,2534200,0.0,0.0
2024-03-15 00:00:00-04:00,14.550000190734863,14.829999923706055,14.210000038146973,14.239999771118164,4480700,0.0,0.0
2024-03-18 00:00:00-04:00,14.25,14.300000190734863,13.899999618530273,13.90999984741211,3490800,0.0,0.0
2024-03-19 00:00:00-04:00,13.760000228881836,13.890000343322754,13.300000190734863,13.40999984741211,3894700,0.0,0.0
2024-03-20 00:00:00-04:00,13.470000267028809,13.789999961853027,13.210000038146973,13.479999542236328,3921300,0.0,0.0
2024-03-21 00:00:00-04:00,13.5600004196167,14.020000457763672,13.479999542236328,13.65999984741211,3382800,0.0,0.0
2024-03-22 00:00:00-04:00,13.760000228881836,13.949999809265137,13.010000228881836,13.100000381469727,4411600,0.0,0.0
2024-03-25 00:00:00-04:00,13.420000076293945,15.149999618530273,13.3100004196167,15.119999885559082,10416300,0.0,0.0
2024-03-26 00:00:00-04:00,15.149999618530273,15.630000114440918,14.75,15.5,17245800,0.0,0.0
2024-03-27 00:00:00-04:00,13.050000190734863,13.720000267028809,12.800000190734863,13.170000076293945,17871300,0.0,0.0
2024-03-28 00:00:00-04:00,13.1899995803833,13.1899995803833,12.470000267028809,12.520000457763672,8473500,0.0,0.0
2024-04-01 00:00:00-04:00,12.630000114440918,12.670000076293945,11.550000190734863,11.989999771118164,9207100,0.0,0.0
2024-04-02 00:00:00-04:00,11.84000015258789,11.989999771118164,11.260000228881836,11.279999732971191,6327700,0.0,0.0
2024-04-03 00:00:00-04:00,11.220000267028809,11.5,10.899999618530273,11.380000114440918,4331500,0.0,0.0
2024-04-04 00:00:00-04:00,11.5,11.829999923706055,11.380000114440918,11.529999732971191,4347000,0.0,0.0
2024-04-05 00:00:00-04:00,11.300000190734863,11.5,10.970000267028809,11.25,4760000,0.0,0.0
2024-04-08 00:00:00-04:00,11.300000190734863,11.369999885559082,10.829999923706055,10.829999923706055,3659100,0.0,0.0
2024-04-09 00:00:00-04:00,10.850000381469727,11.180000305175781,10.729999542236328,11.010000228881836,3455500,0.0,0.0
2024-04-10 00:00:00-04:00,10.899999618530273,11.069999694824219,10.75,10.850000381469727,3546200,0.0,0.0
2024-04-11 00:00:00-04:00,10.90999984741211,11.390000343322754,10.800000190734863,11.289999961853027,3802100,0.0,0.0
2024-04-12 00:00:00-04:00,11.210000038146973,11.229999542236328,10.760000228881836,10.770000457763672,3214400,0.0,0.0
2024-04-15 00:00:00-04:00,10.8100004196167,10.84000015258789,10.0600004196167,10.0600004196167,5086300,0.0,0.0
2024-04-16 00:00:00-04:00,10.0,10.550000190734863,9.949999809265137,10.369999885559082,4162100,0.0,0.0
2024-04-17 00:00:00-04:00,10.4399995803833,10.59000015258789,10.300000190734863,10.300000190734863,2096700,0.0,0.0
2024-04-18 00:00:00-04:00,10.319999694824219,10.630000114440918,10.270000457763672,10.3100004196167,2175400,0.0,0.0
2024-04-19 00:00:00-04:00,10.199999809265137,10.5,10.199999809265137,10.420000076293945,2462700,0.0,0.0
2024-04-22 00:00:00-04:00,10.40999984741211,10.449999809265137,10.010000228881836,10.010000228881836,3261000,0.0,0.0
2024-04-23 00:00:00-04:00,10.050000190734863,10.279999732971191,10.010000228881836,10.15999984741211,2511800,0.0,0.0
2024-04-24 00:00:00-04:00,10.15999984741211,10.9399995803833,10.15999984741211,10.930000305175781,4829600,0.0,0.0
2024-04-25 00:00:00-04:00,10.699999809265137,11.210000038146973,10.479999542236328,11.210000038146973,4903800,0.0,0.0
2024-04-26 00:00:00-04:00,11.180000305175781,12.1899995803833,11.0,11.899999618530273,7685100,0.0,0.0
2024-04-29 00:00:00-04:00,11.84000015258789,11.960000038146973,11.180000305175781,11.289999961853027,3821500,0.0,0.0
2024-04-30 00:00:00-04:00,11.180000305175781,11.300000190734863,10.90999984741211,11.09000015258789,2866500,0.0,0.0
2024-05-01 00:00:00-04:00,11.029999732971191,11.319999694824219,10.699999809265137,10.90999984741211,2653200,0.0,0.0
2024-05-02 00:00:00-04:00,11.109999656677246,12.880000114440918,10.960000038146973,12.760000228881836,8654800,0.0,0.0
2024-05-03 00:00:00-04:00,12.420000076293945,17.450000762939453,12.3100004196167,16.469999313354492,36292400,0.0,0.0
2024-05-06 00:00:00-04:00,14.989999771118164,17.399999618530273,13.619999885559082,16.309999465942383,48018700,0.0,0.0
2024-05-07 00:00:00-04:00,15.850000381469727,17.290000915527344,14.930000305175781,16.309999465942383,24308600,0.0,0.0
2024-05-08 00:00:00-04:00,16.049999237060547,17.239999771118164,15.329999923706055,15.920000076293945,24775100,0.0,0.0
2024-05-09 00:00:00-04:00,15.899999618530273,18.510000228881836,15.350000381469727,18.010000228881836,25759300,0.0,0.0
2024-05-10 00:00:00-04:00,17.93000030517578,20.200000762939453,16.8799991607666,17.459999084472656,36831900,0.0,0.0
2024-05-13 00:00:00-04:00,26.34000015258789,38.20000076293945,24.770000457763672,30.450000762939453,187241700,0.0,0.0
2024-05-14 00:00:00-04:00,64.83000183105469,64.83000183105469,36.0,48.75,206979100,0.0,0.0
2024-05-15 00:00:00-04:00,40.310001373291016,42.349998474121094,31.0,39.54999923706055,131790100,0.0,0.0
2024-05-16 00:00:00-04:00,33.97999954223633,35.2400016784668,27.59000015258789,27.670000076293945,76177600,0.0,0.0
2024-05-17 00:00:00-04:00,21.860000610351562,22.40999984741211,19.700000762939453,22.209999084472656,96079600,0.0,0.0
2024-05-20 00:00:00-04:00,21.540000915527344,23.399999618530273,18.940000534057617,23.139999389648438,55261600,0.0,0.0
2024-05-21 00:00:00-04:00,22.239999771118164,22.850000381469727,20.040000915527344,22.1200008392334,49250100,0.0,0.0
2024-05-22 00:00:00-04:00,21.559999465942383,22.25,20.760000228881836,21.1200008392334,43521400,0.0,0.0
2024-05-23 00:00:00-04:00,21.399999618530273,21.399999618530273,18.260000228881836,18.31999969482422,30561100,0.0,0.0
2024-05-24 00:00:00-04:00,18.420000076293945,19.68000030517578,17.700000762939453,19.0,43017100,0.0,0.0
2024-05-28 00:00:00-04:00,23.100000381469727,26.65999984741211,21.149999618530273,23.780000686645508,105077600,0.0,0.0
2024-05-29 00:00:00-04:00,22.0,22.979999542236328,21.049999237060547,21.239999771118164,26921200,0.0,0.0
2024-05-30 00:00:00-04:00,21.020000457763672,22.700000762939453,20.100000381469727,22.610000610351562,24403600,0.0,0.0
2024-05-31 00:00:00-04:00,22.579999923706055,23.719999313354492,21.68000030517578,23.139999389648438,22174300,0.0,0.0
2024-06-03 00:00:00-04:00,40.189998626708984,40.5,26.399999618530273,28.0,165808300,0.0,0.0
2024-06-04 00:00:00-04:00,26.260000228881836,28.010000228881836,25.200000762939453,26.5,51662100,0.0,0.0
2024-06-05 00:00:00-04:00,26.299999237060547,31.84000015258789,26.110000610351562,31.56999969482422,73156400,0.0,0.0
2024-06-06 00:00:00-04:00,31.56999969482422,47.5,31.280000686645508,46.54999923706055,206685800,0.0,0.0
2024-06-07 00:00:00-04:00,37.689998626708984,48.0,26.1200008392334,28.219999313354492,279054400,0.0,0.0
2024-06-10 00:00:00-04:00,28.969999313354492,29.34000015258789,23.059999465942383,24.829999923706055,130842800,0.0,0.0
2024-06-11 00:00:00-04:00,24.399999618530273,30.920000076293945,22.790000915527344,30.489999771118164,146914700,0.0,0.0
2024-06-12 00:00:00-04:00,29.170000076293945,33.70000076293945,24.829999923706055,25.459999084472656,147986700,0.0,0.0
2024-06-13 00:00:00-04:00,26.559999465942383,29.579999923706055,25.559999465942383,29.1200008392334,107306600,0.0,0.0
2024-06-14 00:00:00-04:00,29.229999542236328,30.65999984741211,27.40999984741211,28.700000762939453,82874400,0.0,0.0
2024-06-17 00:00:00-04:00,28.549999237060547,29.18000030517578,23.790000915527344,25.219999313354492,90351900,0.0,0.0
2024-06-18 00:00:00-04:00,24.579999923706055,25.969999313354492,23.610000610351562,24.700000762939453,38079200,0.0,0.0
2024-06-20 00:00:00-04:00,24.25,25.93000030517578,23.649999618530273,25.59000015258789,36029300,0.0,0.0
2024-06-21 00:00:00-04:00,25.239999771118164,25.809999465942383,23.510000228881836,23.93000030517578,27457200,0.0,0.0
2024-06-24 00:00:00-04:00,23.260000228881836,24.829999923706055,23.239999771118164,23.649999618530273,22162900,0.0,0.0
2024-06-25 00:00:00-04:00,23.600000381469727,24.969999313354492,22.549999237060547,24.93000030517578,26898400,0.0,0.0
2024-06-26 00:00:00-04:00,24.600000381469727,25.3799991607666,24.040000915527344,24.200000762939453,17903000,0.0,0.0
2024-06-27 00:00:00-04:00,24.100000381469727,26.690000534057617,24.059999465942383,25.09000015258789,34867000,0.0,0.0
2024-06-28 00:00:00-04:00,25.020000457763672,26.170000076293945,24.309999465942383,24.690000534057617,20212000,0.0,0.0
2024-07-01 00:00:00-04:00,23.350000381469727,23.780000686645508,22.309999465942383,23.329999923706055,30689000,0.0,0.0
2024-07-02 00:00:00-04:00,23.239999771118164,24.31999969482422,23.100000381469727,23.979999542236328,13703500,0.0,0.0
2024-07-03 00:00:00-04:00,24.030000686645508,24.889999389648438,23.649999618530273,24.3700008392334,11829500,0.0,0.0
2024-07-05 00:00:00-04:00,24.18000030517578,25.079999923706055,23.81999969482422,24.18000030517578,11782100,0.0,0.0
2024-07-08 00:00:00-04:00,24.1200008392334,25.139999389648438,23.850000381469727,24.450000762939453,11815500,0.0,0.0
2024-07-09 00:00:00-04:00,24.600000381469727,25.18000030517578,24.0,24.600000381469727,9419800,0.0,0.0
2024-07-10 00:00:00-04:00,25.0,26.450000762939453,24.899999618530273,24.969999313354492,22325400,0.0,0.0
2024-07-11 00:00:00-04:00,25.440000534057617,26.020000457763672,25.020000457763672,25.56999969482422,13032700,0.0,0.0
2024-07-12 00:00:00-04:00,25.760000228881836,26.889999389648438,25.420000076293945,26.049999237060547,16238900,0.0,0.0
2024-07-15 00:00:00-04:00,25.979999542236328,27.200000762939453,25.649999618530273,27.0,17136400,0.0,0.0
2024-07-16 00:00:00-04:00,27.75,28.829999923706055,27.3700008392334,28.540000915527344,25594500,0.0,0.0
2024-07-17 00:00:00-04:00,28.399999618530273,29.790000915527344,27.239999771118164,27.979999542236328,23775000,0.0,0.0
2024-07-18 00:00:00-04:00,27.979999542236328,28.3799991607666,25.610000610351562,25.8799991607666,16969700,0.0,0.0
2024-07-19 00:00:00-04:00,25.549999237060547,26.389999389648438,24.850000381469727,24.969999313354492,12763300,0.0,0.0
2024-07-22 00:00:00-04:00,24.84000015258789,25.979999542236328,24.3799991607666,25.219999313354492,14090400,0.0,0.0
2024-07-23 00:00:00-04:00,25.219999313354492,25.68000030517578,24.889999389648438,25.5,7921700,0.0,0.0
2024-07-24 00:00:00-04:00,25.149999618530273,25.450000762939453,23.93000030517578,24.010000228881836,9549200,0.0,0.0
2024-07-25 00:00:00-04:00,23.59000015258789,24.59000015258789,23.360000610351562,23.950000762939453,8567700,0.0,0.0
2024-07-26 00:00:00-04:00,24.280000686645508,24.770000457763672,24.110000610351562,24.1299991607666,6833900,0.0,0.0
2024-07-29 00:00:00-04:00,24.229999542236328,24.3799991607666,23.540000915527344,23.600000381469727,7250200,0.0,0.0
2024-07-30 00:00:00-04:00,23.600000381469727,23.889999389648438,22.34000015258789,22.399999618530273,9272400,0.0,0.0
2024-07-31 00:00:00-04:00,22.860000610351562,23.450000762939453,22.610000610351562,22.670000076293945,8005800,0.0,0.0
2024-08-01 00:00:00-04:00,22.920000076293945,23.09000015258789,21.559999465942383,21.709999084472656,9334400,0.0,0.0
2024-08-02 00:00:00-04:00,20.950000762939453,21.610000610351562,20.43000030517578,21.06999969482422,9030000,0.0,0.0
2024-08-05 00:00:00-04:00,18.829999923706055,20.799999237060547,18.729999542236328,20.649999618530273,12205900,0.0,0.0
2024-08-06 00:00:00-04:00,21.020000457763672,21.579999923706055,20.260000228881836,21.280000686645508,6505300,0.0,0.0
2024-08-07 00:00:00-04:00,21.149999618530273,21.459999084472656,20.3799991607666,20.829999923706055,6101100,0.0,0.0
2024-08-08 00:00:00-04:00,21.010000228881836,21.8799991607666,20.809999465942383,21.75,5439700,0.0,0.0
2024-08-09 00:00:00-04:00,21.510000228881836,22.170000076293945,21.459999084472656,21.93000030517578,4828900,0.0,0.0
2024-08-12 00:00:00-04:00,21.979999542236328,22.270000457763672,21.450000762939453,21.8799991607666,4449100,0.0,0.0
2024-08-13 00:00:00-04:00,21.959999084472656,22.3799991607666,21.860000610351562,22.270000457763672,3913700,0.0,0.0
2024-08-14 00:00:00-04:00,22.34000015258789,22.729999542236328,21.790000915527344,21.989999771118164,3489400,0.0,0.0
2024-08-15 00:00:00-04:00,22.25,22.84000015258789,21.969999313354492,22.530000686645508,5361400,0.0,0.0
2024-08-16 00:00:00-04:00,22.3700008392334,22.690000534057617,22.239999771118164,22.399999618530273,3641800,0.0,0.0
2024-08-19 00:00:00-04:00,22.350000381469727,23.100000381469727,22.31999969482422,22.65999984741211,4543500,0.0,0.0
2024-08-20 00:00:00-04:00,22.5,22.520000457763672,21.959999084472656,22.280000686645508,3570300,0.0,0.0
2024-08-21 00:00:00-04:00,22.170000076293945,22.649999618530273,22.15999984741211,22.549999237060547,3163200,0.0,0.0
2024-08-22 00:00:00-04:00,22.5,22.760000228881836,22.09000015258789,22.1200008392334,3382500,0.0,0.0
2024-08-23 00:00:00-04:00,22.25,22.6200008392334,22.18000030517578,22.209999084472656,4056700,0.0,0.0
2024-08-26 00:00:00-04:00,22.25,22.389999389648438,21.299999237060547,21.360000610351562,4780500,0.0,0.0
2024-08-27 00:00:00-04:00,21.059999465942383,21.290000915527344,20.65999984741211,20.739999771118164,4118800,0.0,0.0
2024-08-28 00:00:00-04:00,20.709999084472656,21.06999969482422,19.8799991607666,19.899999618530273,5219500,0.0,0.0
2024-08-29 00:00:00-04:00,20.5,22.450000762939453,20.469999313354492,21.510000228881836,10428400,0.0,0.0
2024-08-30 00:00:00-04:00,21.81999969482422,23.479999542236328,21.729999542236328,23.420000076293945,15680700,0.0,0.0
2024-09-03 00:00:00-04:00,24.149999618530273,24.690000534057617,22.81999969482422,23.139999389648438,11350500,0.0,0.0
2024-09-04 00:00:00-04:00,22.850000381469727,23.709999084472656,22.110000610351562,22.1200008392334,6700900,0.0,0.0
2024-09-05 00:00:00-04:00,22.0,22.68000030517578,21.65999984741211,22.389999389648438,5101200,0.0,0.0
2024-09-06 00:00:00-04:00,22.399999618530273,24.479999542236328,21.799999237060547,23.920000076293945,23884000,0.0,0.0
2024-09-09 00:00:00-04:00,23.239999771118164,25.020000457763672,23.15999984741211,24.25,14064700,0.0,0.0
2024-09-10 00:00:00-04:00,24.770000457763672,24.799999237060547,23.1299991607666,23.450000762939453,19175500,0.0,0.0
2024-09-11 00:00:00-04:00,20.81999969482422,21.09000015258789,19.309999465942383,20.639999389648438,28921500,0.0,0.0
2024-09-12 00:00:00-04:00,20.469999313354492,20.709999084472656,19.989999771118164,20.399999618530273,9539500,0.0,0.0
2024-09-13 00:00:00-04:00,20.489999771118164,20.920000076293945,20.34000015258789,20.649999618530273,8053700,0.0,0.0
2024-09-16 00:00:00-04:00,20.450000762939453,20.520000457763672,19.920000076293945,20.09000015258789,5981200,0.0,0.0
2024-09-17 00:00:00-04:00,20.239999771118164,20.559999465942383,19.920000076293945,20.15999984741211,6307600,0.0,0.0
2024-09-18 00:00:00-04:00,20.049999237060547,20.260000228881836,19.420000076293945,19.649999618530273,10728200,0.0,0.0
2024-09-19 00:00:00-04:00,19.889999389648438,20.030000686645508,19.469999313354492,19.510000228881836,8902600,0.0,0.0
2024-09-20 00:00:00-04:00,19.6299991607666,22.030000686645508,19.479999542236328,21.850000381469727,61919200,0.0,0.0
2024-09-23 00:00:00-04:00,21.540000915527344,22.559999465942383,21.229999542236328,22.309999465942383,13969500,0.0,0.0
2024-09-24 00:00:00-04:00,22.610000610351562,22.719999313354492,21.540000915527344,22.6299991607666,12121400,0.0,0.0
2024-09-25 00:00:00-04:00,22.15999984741211,22.829999923706055,22.06999969482422,22.18000030517578,6139700,0.0,0.0
2024-09-26 00:00:00-04:00,22.399999618530273,22.639999389648438,21.8700008392334,22.290000915527344,5777500,0.0,0.0
2024-09-27 00:00:00-04:00,22.389999389648438,23.100000381469727,21.969999313354492,22.479999542236328,7416500,0.0,0.0
2024-09-30 00:00:00-04:00,22.299999237060547,23.639999389648438,22.170000076293945,22.93000030517578,10161700,0.0,0.0
2024-10-01 00:00:00-04:00,22.950000762939453,23.1200008392334,21.809999465942383,21.969999313354492,7189200,0.0,0.0
2024-10-02 00:00:00-04:00,21.860000610351562,22.299999237060547,21.40999984741211,21.489999771118164,5673100,0.0,0.0
2024-10-03 00:00:00-04:00,21.360000610351562,21.790000915527344,21.110000610351562,21.200000762939453,4665800,0.0,0.0
2024-10-04 00:00:00-04:00,21.479999542236328,21.969999313354492,21.290000915527344,21.399999618530273,5286200,0.0,0.0
2024-10-07 00:00:00-04:00,21.350000381469727,21.530000686645508,20.809999465942383,20.899999618530273,5988000,0.0,0.0
2024-10-08 00:00:00-04:00,20.899999618530273,21.270000457763672,20.530000686645508,20.709999084472656,4840500,0.0,0.0
2024-10-09 00:00:00-04:00,20.5,20.739999771118164,20.299999237060547,20.5,3914000,0.0,0.0
2024-10-10 00:00:00-04:00,20.469999313354492,21.049999237060547,20.3799991607666,20.90999984741211,4180800,0.0,0.0
2024-10-11 00:00:00-04:00,20.65999984741211,21.219999313354492,20.65999984741211,20.829999923706055,3931600,0.0,0.0
2024-10-14 00:00:00-04:00,20.75,21.670000076293945,20.459999084472656,21.329999923706055,6636600,0.0,0.0
2024-10-15 00:00:00-04:00,21.450000762939453,21.68000030517578,20.979999542236328,21.270000457763672,4851900,0.0,0.0
2024-10-16 00:00:00-04:00,21.1299991607666,21.75,21.030000686645508,21.65999984741211,4264600,0.0,0.0
2024-10-17 00:00:00-04:00,21.5,21.65999984741211,21.229999542236328,21.40999984741211,3015300,0.0,0.0
2024-10-18 00:00:00-04:00,21.40999984741211,21.610000610351562,20.979999542236328,21.219999313354492,5302200,0.0,0.0
2024-10-21 00:00:00-04:00,21.100000381469727,21.219999313354492,20.65999984741211,20.700000762939453,3956500,0.0,0.0
2024-10-22 00:00:00-04:00,20.6200008392334,20.940000534057617,20.43000030517578,20.93000030517578,3232300,0.0,0.0
2024-10-23 00:00:00-04:00,20.729999542236328,20.979999542236328,20.350000381469727,20.540000915527344,2945000,0.0,0.0
2024-10-24 00:00:00-04:00,20.6299991607666,20.84000015258789,20.479999542236328,20.6299991607666,2682300,0.0,0.0
2024-10-25 00:00:00-04:00,20.649999618530273,21.43000030517578,20.540000915527344,20.56999969482422,5989000,0.0,0.0
2024-10-28 00:00:00-04:00,20.84000015258789,22.770000457763672,20.729999542236328,22.729999542236328,13641200,0.0,0.0
2024-10-29 00:00:00-04:00,22.700000762939453,23.200000762939453,22.09000015258789,22.68000030517578,10078100,0.0,0.0
2024-10-30 00:00:00-04:00,23.399999618530273,24.540000915527344,22.75,23.280000686645508,12383600,0.0,0.0
2024-10-31 00:00:00-04:00,22.829999923706055,23.030000686645508,22.049999237060547,22.18000030517578,5594500,0.0,0.0
2024-11-01 00:00:00-04:00,22.399999618530273,23.049999237060547,22.079999923706055,22.40999984741211,4744500,0.0,0.0
2024-11-04 00:00:00-05:00,22.200000762939453,22.649999618530273,21.8799991607666,22.329999923706055,4300200,0.0,0.0
2024-11-05 00:00:00-05:00,22.31999969482422,23.200000762939453,22.270000457763672,22.989999771118164,5858400,0.0,0.0
2024-11-06 00:00:00-05:00,23.309999465942383,23.81999969482422,22.899999618530273,23.100000381469727,6648000,0.0,0.0
2024-11-07 00:00:00-05:00,23.06999969482422,23.65999984741211,22.809999465942383,23.450000762939453,5554400,0.0,0.0
2024-11-08 00:00:00-05:00,23.440000534057617,25.389999389648438,23.239999771118164,24.8799991607666,15908600,0.0,0.0
2024-11-11 00:00:00-05:00,25.260000228881836,28.049999237060547,24.6299991607666,27.260000228881836,26633000,0.0,0.0
2024-11-12 00:00:00-05:00,26.059999465942383,27.100000381469727,24.950000762939453,26.84000015258789,18972700,0.0,0.0
2024-11-13 00:00:00-05:00,26.260000228881836,28.219999313354492,26.219999313354492,26.459999084472656,18490300,0.0,0.0
2024-11-14 00:00:00-05:00,27.170000076293945,28.280000686645508,26.719999313354492,27.3700008392334,16502000,0.0,0.0
2024-11-15 00:00:00-05:00,28.079999923706055,28.59000015258789,26.31999969482422,26.59000015258789,16451800,0.0,0.0
2024-11-18 00:00:00-05:00,26.649999618530273,27.15999984741211,25.850000381469727,26.440000534057617,8494900,0.0,0.0
2024-11-19 00:00:00-05:00,25.889999389648438,27.600000381469727,25.709999084472656,27.56999969482422,8698600,0.0,0.0
2024-11-20 00:00:00-05:00,27.260000228881836,29.799999237060547,27.260000228881836,28.450000762939453,22089700,0.0,0.0
2024-11-21 00:00:00-05:00,29.09000015258789,29.170000076293945,27.18000030517578,27.81999969482422,10587200,0.0,0.0
2024-11-22 00:00:00-05:00,27.8799991607666,28.459999084472656,27.420000076293945,27.899999618530273,7975700,0.0,0.0
2024-11-25 00:00:00-05:00,28.049999237060547,29.770000457763672,27.959999084472656,29.670000076293945,13090400,0.0,0.0
2024-11-26 00:00:00-05:00,29.399999618530273,32.119998931884766,28.780000686645508,30.329999923706055,24657300,0.0,0.0
2024-11-27 00:00:00-05:00,30.799999237060547,31.549999237060547,30.510000228881836,30.889999389648438,12895100,0.0,0.0
2024-11-29 00:00:00-05:00,31.010000228881836,31.079999923706055,28.850000381469727,29.049999237060547,10473700,0.0,0.0
2024-12-02 00:00:00-05:00,28.959999084472656,29.3700008392334,26.75,27.270000457763672,13576600,0.0,0.0
2024-12-03 00:00:00-05:00,26.549999237060547,27.59000015258789,26.489999771118164,27.440000534057617,6009900,0.0,0.0
2024-12-04 00:00:00-05:00,27.06999969482422,27.829999923706055,26.6299991607666,27.030000686645508,6387500,0.0,0.0
2024-12-05 00:00:00-05:00,27.0,30.8700008392334,26.149999618530273,28.6299991607666,40704900,0.0,0.0
2024-12-06 00:00:00-05:00,29.1200008392334,29.350000381469727,28.110000610351562,29.059999465942383,15161400,0.0,0.0
2024-12-09 00:00:00-05:00,29.0,29.860000610351562,27.739999771118164,27.93000030517578,11495400,0.0,0.0
2024-12-10 00:00:00-05:00,27.8799991607666,28.389999389648438,26.850000381469727,26.93000030517578,18209400,0.0,0.0
2024-12-11 00:00:00-05:00,27.75,30.15999984741211,27.510000228881836,28.969999313354492,20485000,0.0,0.0
2024-12-12 00:00:00-05:00,28.899999618530273,29.65999984741211,28.579999923706055,28.75,8855700,0.0,0.0
2024-12-13 00:00:00-05:00,28.700000762939453,28.860000610351562,27.920000076293945,27.989999771118164,6581600,0.0,0.0
2024-12-16 00:00:00-05:00,27.700000762939453,29.59000015258789,27.270000457763672,29.440000534057617,8700000,0.0,0.0
2024-12-17 00:00:00-05:00,29.639999389648438,31.8799991607666,29.639999389648438,31.260000228881836,19948100,0.0,0.0
2024-12-18 00:00:00-05:00,31.100000381469727,31.700000762939453,28.34000015258789,28.549999237060547,13947300,0.0,0.0
2024-12-19 00:00:00-05:00,29.15999984741211,30.600000381469727,28.81999969482422,29.0,10338200,0.0,0.0
2024-12-20 00:00:00-05:00,28.540000915527344,30.520000457763672,28.309999465942383,29.81999969482422,19606700,0.0,0.0
2024-12-23 00:00:00-05:00,29.81999969482422,31.110000610351562,29.780000686645508,30.899999618530273,8226500,0.0,0.0
2024-12-24 00:00:00-05:00,31.0,31.59000015258789,30.579999923706055,31.139999389648438,5523500,0.0,0.0
2024-12-26 00:00:00-05:00,32.619998931884766,34.369998931884766,31.600000381469727,32.9900016784668,20432900,0.0,0.0
2024-12-27 00:00:00-05:00,32.38999938964844,33.04999923706055,30.729999542236328,32.20000076293945,10141700,0.0,0.0
2024-12-30 00:00:00-05:00,31.799999237060547,32.880001068115234,31.610000610351562,32.0099983215332,9593100,0.0,0.0
2024-12-31 00:00:00-05:00,32.060001373291016,32.439998626708984,31.100000381469727,31.34000015258789,7395300,0.0,0.0
2025-01-02 00:00:00-05:00,31.84000015258789,32.04999923706055,30.3700008392334,30.65999984741211,7979700,0.0,0.0
2025-01-03 00:00:00-05:00,30.799999237060547,32.13999938964844,30.56999969482422,31.649999618530273,7461800,0.0,0.0
2025-01-06 00:00:00-05:00,31.700000762939453,33.4900016784668,30.760000228881836,32.81999969482422,12609400,0.0,0.0
2025-01-07 00:00:00-05:00,32.79999923706055,34.400001525878906,31.709999084472656,33.369998931884766,13360700,0.0,0.0
2025-01-08 00:00:00-05:00,32.970001220703125,33.369998931884766,32.40999984741211,32.959999084472656,6320000,0.0,0.0
2025-01-10 00:00:00-05:00,32.5,32.939998626708984,31.399999618530273,32.310001373291016,7068200,0.0,0.0
2025-01-13 00:00:00-05:00,31.600000381469727,31.799999237060547,30.899999618530273,31.020000457763672,5567000,0.0,0.0
2025-01-14 00:00:00-05:00,31.260000228881836,31.68000030517578,27.559999465942383,27.8799991607666,11796600,0.0,0.0
2025-01-15 00:00:00-05:00,28.899999618530273,29.329999923706055,27.84000015258789,27.959999084472656,6025400,0.0,0.0
2025-01-16 00:00:00-05:00,27.940000534057617,28.139999389648438,27.40999984741211,27.719999313354492,4432000,0.0,0.0
2025-01-17 00:00:00-05:00,27.610000610351562,28.790000915527344,27.020000457763672,27.510000228881836,8977500,0.0,0.0
2025-01-21 00:00:00-05:00,27.399999618530273,27.56999969482422,26.329999923706055,27.469999313354492,5867800,0.0,0.0
2025-01-22 00:00:00-05:00,27.360000610351562,28.020000457763672,27.299999237060547,27.649999618530273,5025400,0.0,0.0
2025-01-23 00:00:00-05:00,27.8799991607666,29.260000228881836,27.68000030517578,28.329999923706055,8828200,0.0,0.0
2025-01-24 00:00:00-05:00,28.299999237060547,28.670000076293945,27.6200008392334,27.770000457763672,4511600,0.0,0.0
2025-01-27 00:00:00-05:00,26.920000076293945,27.68000030517578,26.799999237060547,26.969999313354492,5060300,0.0,0.0
2025-01-28 00:00:00-05:00,27.0,27.59000015258789,26.649999618530273,27.459999084472656,3169900,0.0,0.0
2025-01-29 00:00:00-05:00,27.40999984741211,27.739999771118164,27.059999465942383,27.510000228881836,3220400,0.0,0.0
2025-01-30 00:00:00-05:00,27.84000015258789,28.229999542236328,27.709999084472656,27.989999771118164,3343900,0.0,0.0
2025-01-31 00:00:00-05:00,27.790000915527344,28.18000030517578,26.899999618530273,26.899999618530273,4472100,0.0,0.0
2025-02-03 00:00:00-05:00,25.56999969482422,26.540000915527344,25.5,25.889999389648438,5740500,0.0,0.0
2025-02-04 00:00:00-05:00,25.850000381469727,26.25,25.799999237060547,25.899999618530273,3353700,0.0,0.0
2025-02-05 00:00:00-05:00,25.700000762939453,25.809999465942383,24.899999618530273,24.93000030517578,4580200,0.0,0.0
2025-02-06 00:00:00-05:00,24.93000030517578,25.389999389648438,24.530000686645508,24.799999237060547,4349500,0.0,0.0
2025-02-07 00:00:00-05:00,24.899999618530273,25.020000457763672,24.600000381469727,24.729999542236328,3403300,0.0,0.0
2025-02-10 00:00:00-05:00,25.5,27.270000457763672,25.299999237060547,27.1200008392334,9694700,0.0,0.0
2025-02-11 00:00:00-05:00,26.850000381469727,27.760000228881836,26.469999313354492,26.559999465942383,7042700,0.0,0.0
2025-02-12 00:00:00-05:00,26.1200008392334,26.399999618530273,25.600000381469727,25.989999771118164,3999200,0.0,0.0
2025-02-13 00:00:00-05:00,25.75,26.399999618530273,25.75,26.34000015258789,8255300,0.0,0.0
2025-02-14 00:00:00-05:00,28.899999618530273,28.969999313354492,26.899999618530273,27.0,12142600,0.0,0.0
2025-02-18 00:00:00-05:00,27.030000686645508,27.59000015258789,26.65999984741211,26.969999313354492,5337800,0.0,0.0
2025-02-19 00:00:00-05:00,26.799999237060547,26.959999084472656,25.920000076293945,26.0,4382100,0.0,0.0
2025-02-20 00:00:00-05:00,25.799999237060547,27.450000762939453,25.760000228881836,27.040000915527344,7735200,0.0,0.0
2025-02-21 00:00:00-05:00,27.25,27.579999923706055,26.15999984741211,26.420000076293945,6130900,0.0,0.0
2025-02-24 00:00:00-05:00,26.34000015258789,26.389999389648438,24.950000762939453,25.0,5980000,0.0,0.0
2025-02-25 00:00:00-05:00,24.93000030517578,25.290000915527344,23.829999923706055,24.420000076293945,6551500,0.0,0.0
2025-02-26 00:00:00-05:00,24.540000915527344,25.209999084472656,24.450000762939453,24.610000610351562,3272500,0.0,0.0
2025-02-27 00:00:00-05:00,25.0,25.3700008392334,24.139999389648438,24.479999542236328,4590000,0.0,0.0
2025-02-28 00:00:00-05:00,24.329999923706055,25.100000381469727,24.200000762939453,25.040000915527344,4137100,0.0,0.0
2025-03-03 00:00:00-05:00,25.260000228881836,25.479999542236328,24.18000030517578,24.399999618530273,4291000,0.0,0.0
2025-03-04 00:00:00-05:00,23.770000457763672,24.860000610351562,23.440000534057617,24.299999237060547,5068700,0.0,0.0
2025-03-05 00:00:00-05:00,24.329999923706055,25.15999984741211,24.110000610351562,25.06999969482422,3282500,0.0,0.0
2025-03-06 00:00:00-05:00,24.739999771118164,25.010000228881836,24.049999237060547,24.200000762939453,3421400,0.0,0.0
2025-03-07 00:00:00-05:00,24.0,24.350000381469727,23.520000457763672,24.0,3464000,0.0,0.0
2025-03-10 00:00:00-04:00,23.440000534057617,23.579999923706055,22.260000228881836,22.420000076293945,6226900,0.0,0.0
2025-03-11 00:00:00-04:00,22.350000381469727,22.979999542236328,22.079999923706055,22.610000610351562,4226900,0.0,0.0
2025-03-12 00:00:00-04:00,22.950000762939453,23.239999771118164,21.889999389648438,21.989999771118164,3718200,0.0,0.0
2025-03-13 00:00:00-04:00,22.049999237060547,22.25,21.559999465942383,21.950000762939453,3829800,0.0,0.0
2025-03-14 00:00:00-04:00,22.290000915527344,23.149999618530273,22.290000915527344,23.049999237060547,3960500,0.0,0.0
2025-03-17 00:00:00-04:00,23.239999771118164,23.729999542236328,22.969999313354492,23.5,2899100,0.0,0.0
2025-03-18 00:00:00-04:00,23.290000915527344,23.6200008392334,23.139999389648438,23.299999237060547,2155800,0.0,0.0
2025-03-19 00:00:00-04:00,23.399999618530273,23.989999771118164,23.260000228881836,23.709999084472656,3032300,0.0,0.0
2025-03-20 00:00:00-04:00,23.649999618530273,24.1200008392334,23.510000228881836,23.510000228881836,1998200,0.0,0.0
2025-03-21 00:00:00-04:00,23.75,24.809999465942383,23.649999618530273,24.75,6893900,0.0,0.0
2025-03-24 00:00:00-04:00,25.350000381469727,25.829999923706055,25.149999618530273,25.610000610351562,5036000,0.0,0.0
2025-03-25 00:00:00-04:00,25.700000762939453,25.770000457763672,24.989999771118164,25.399999618530273,10106800,0.0,0.0
2025-03-26 00:00:00-04:00,28.84000015258789,29.799999237060547,27.31999969482422,28.360000610351562,52930500,0.0,0.0
2025-03-27 00:00:00-04:00,25.8700008392334,26.280000686645508,21.15999984741211,22.09000015258789,96733100,0.0,0.0
2025-03-28 00:00:00-04:00,21.889999389648438,22.790000915527344,21.700000762939453,21.729999542236328,44771700,0.0,0.0
2025-03-31 00:00:00-04:00,21.399999618530273,22.6299991607666,20.729999542236328,22.31999969482422,16147900,0.0,0.0
2025-04-01 00:00:00-04:00,22.760000228881836,23.25,21.950000762939453,22.610000610351562,14435300,0.0,0.0
2025-04-02 00:00:00-04:00,22.489999771118164,23.020000457763672,22.25,22.690000534057617,10965100,0.0,0.0
2025-04-03 00:00:00-04:00,21.600000381469727,21.780000686645508,21.079999923706055,21.100000381469727,11141900,0.0,0.0
2025-04-04 00:00:00-04:00,21.420000076293945,23.850000381469727,20.780000686645508,23.489999771118164,20608200,0.0,0.0
2025-04-07 00:00:00-04:00,22.600000381469727,25.020000457763672,22.399999618530273,24.290000915527344,17191900,0.0,0.0
2025-04-08 00:00:00-04:00,24.81999969482422,24.93000030517578,22.969999313354492,23.389999389648438,12062300,0.0,0.0
2025-04-09 00:00:00-04:00,23.030000686645508,25.459999084472656,23.030000686645508,25.399999618530273,17695900,0.0,0.0
2025-04-10 00:00:00-04:00,25.0,26.200000762939453,24.40999984741211,25.020000457763672,11545400,0.0,0.0
2025-04-11 00:00:00-04:00,25.5,26.440000534057617,25.25,26.399999618530273,10984100,0.0,0.0
2025-04-14 00:00:00-04:00,26.65999984741211,27.18000030517578,25.68000030517578,26.979999542236328,10628400,0.0,0.0
2025-04-15 00:00:00-04:00,26.8799991607666,27.3799991607666,26.6200008392334,26.700000762939453,6738100,0.0,0.0
2025-04-16 00:00:00-04:00,26.450000762939453,26.65999984741211,25.719999313354492,26.25,6292800,0.0,0.0
2025-04-17 00:00:00-04:00,26.209999084472656,27.190000534057617,26.170000076293945,26.780000686645508,7434800,0.0,0.0
2025-04-21 00:00:00-04:00,26.709999084472656,27.040000915527344,25.790000915527344,26.770000457763672,7690000,0.0,0.0
2025-04-22 00:00:00-04:00,26.989999771118164,27.940000534057617,26.8799991607666,27.799999237060547,11065900,0.0,0.0
2025-04-23 00:00:00-04:00,28.200000762939453,28.25,26.959999084472656,27.1200008392334,8862700,0.0,0.0
2025-04-24 00:00:00-04:00,27.100000381469727,27.579999923706055,26.84000015258789,27.079999923706055,6212100,0.0,0.0
2025-04-25 00:00:00-04:00,27.1299991607666,27.799999237060547,27.1299991607666,27.459999084472656,5853400,0.0,0.0
2025-04-28 00:00:00-04:00,27.399999618530273,27.59000015258789,26.979999542236328,27.59000015258789,6819300,0.0,0.0
2025-04-29 00:00:00-04:00,27.450000762939453,27.940000534057617,27.260000228881836,27.260000228881836,5394400,0.0,0.0
2025-04-30 00:00:00-04:00,26.899999618530273,27.93000030517578,26.790000915527344,27.860000610351562,6578100,0.0,0.0
2025-05-01 00:00:00-04:00,27.979999542236328,28.350000381469727,27.420000076293945,27.43000030517578,5693500,0.0,0.0
2025-05-02 00:00:00-04:00,27.700000762939453,27.920000076293945,27.149999618530273,27.479999542236328,5579900,0.0,0.0
2025-05-05 00:00:00-04:00,27.329999923706055,27.40999984741211,26.350000381469727,26.600000381469727,7132400,0.0,0.0
2025-05-06 00:00:00-04:00,26.440000534057617,26.5,25.670000076293945,26.040000915527344,5883800,0.0,0.0
2025-05-07 00:00:00-04:00,26.190000534057617,26.34000015258789,25.8799991607666,26.010000228881836,4364300,0.0,0.0
2025-05-08 00:00:00-04:00,26.299999237060547,26.989999771118164,26.18000030517578,26.780000686645508,6521700,0.0,0.0
2025-05-09 00:00:00-04:00,26.780000686645508,27.729999542236328,26.760000228881836,27.540000915527344,7795200,0.0,0.0
2025-05-12 00:00:00-04:00,28.059999465942383,28.18000030517578,27.290000915527344,28.049999237060547,7395200,0.0,0.0
2025-05-13 00:00:00-04:00,28.049999237060547,28.860000610351562,28.049999237060547,28.389999389648438,10365300,0.0,0.0
2025-05-14 00:00:00-04:00,28.479999542236328,29.389999389648438,28.299999237060547,28.729999542236328,14552300,0.0,0.0
2025-05-15 00:00:00-04:00,28.579999923706055,28.639999389648438,27.420000076293945,28.6299991607666,9364400,0.0,0.0
2025-05-16 00:00:00-04:00,28.610000610351562,29.059999465942383,28.299999237060547,28.450000762939453,6504400,0.0,0.0
2025-05-19 00:00:00-04:00,27.75,28.200000762939453,27.690000534057617,27.889999389648438,4223500,0.0,0.0
2025-05-20 00:00:00-04:00,27.889999389648438,28.780000686645508,27.850000381469727,28.510000228881836,4795100,0.0,0.0
2025-05-21 00:00:00-04:00,28.399999618530273,29.190000534057617,28.020000457763672,28.049999237060547,8762000,0.0,0.0
2025-05-22 00:00:00-04:00,28.549999237060547,31.0,28.489999771118164,30.860000610351562,21451000,0.0,0.0
2025-05-23 00:00:00-04:00,30.600000381469727,33.209999084472656,30.549999237060547,33.029998779296875,30477600,0.0,0.0
2025-05-27 00:00:00-04:00,33.970001220703125,35.7400016784668,33.630001068115234,35.0099983215332,33217800,0.0,0.0
2025-05-28 00:00:00-04:00,35.779998779296875,35.810001373291016,30.729999542236328,31.209999084472656,45300400,0.0,0.0
2025-05-29 00:00:00-04:00,31.170000076293945,31.350000381469727,29.31999969482422,29.56999969482422,15819000,0.0,0.0
2025-05-30 00:00:00-04:00,29.200000762939453,30.489999771118164,29.190000534057617,29.799999237060547,10227800,0.0,0.0
2025-06-02 00:00:00-04:00,29.8700008392334,30.8799991607666,29.729999542236328,30.639999389648438,7430700,0.0,0.0
2025-06-03 00:00:00-04:00,30.809999465942383,31.049999237060547,30.020000457763672,30.100000381469727,6086500,0.0,0.0
2025-06-04 00:00:00-04:00,29.899999618530273,30.969999313354492,29.34000015258789,29.950000762939453,7314000,0.0,0.0
2025-06-05 00:00:00-04:00,29.809999465942383,30.610000610351562,29.229999542236328,29.450000762939453,6322800,0.0,0.0
2025-06-06 00:00:00-04:00,29.68000030517578,30.0,29.520000457763672,29.579999923706055,4379300,0.0,0.0
2025-06-09 00:00:00-04:00,29.920000076293945,30.489999771118164,29.450000762939453,30.34000015258789,5836200,0.0,0.0
2025-06-10 00:00:00-04:00,30.540000915527344,30.600000381469727,29.65999984741211,30.149999618530273,11974400,0.0,0.0
2025-06-11 00:00:00-04:00,29.020000457763672,29.40999984741211,28.420000076293945,28.549999237060547,18039200,0.0,0.0
2025-06-12 00:00:00-04:00,23.56999969482422,24.299999237060547,21.540000915527344,22.139999389648438,172324500,0.0,0.0
2025-06-13 00:00:00-04:00,22.18000030517578,23.149999618530273,22.100000381469727,22.139999389648438,59849900,0.0,0.0
2025-06-16 00:00:00-04:00,22.770000457763672,23.459999084472656,22.40999984741211,23.31999969482422,31522700,0.0,0.0
2025-06-17 00:00:00-04:00,23.0,23.780000686645508,22.790000915527344,22.989999771118164,24797600,0.0,0.0
2025-06-18 00:00:00-04:00,23.06999969482422,23.950000762939453,22.93000030517578,23.440000534057617,14712100,0.0,0.0
2025-06-20 00:00:00-04:00,23.520000457763672,23.729999542236328,23.1299991607666,23.459999084472656,19994200,0.0,0.0
2025-06-23 00:00:00-04:00,23.030000686645508,23.329999923706055,22.450000762939453,22.81999969482422,12120500,0.0,0.0
2025-06-24 00:00:00-04:00,23.030000686645508,23.329999923706055,22.850000381469727,23.290000915527344,11660200,0.0,0.0
2025-06-25 00:00:00-04:00,23.3799991607666,23.690000534057617,23.049999237060547,23.549999237060547,9840700,0.0,0.0
2025-06-26 00:00:00-04:00,23.399999618530273,24.059999465942383,23.299999237060547,23.8799991607666,8778000,0.0,0.0
2025-06-27 00:00:00-04:00,23.989999771118164,24.260000228881836,23.459999084472656,23.59000015258789,11638200,0.0,0.0
2025-06-30 00:00:00-04:00,23.639999389648438,24.399999618530273,23.540000915527344,24.389999389648438,10439300,0.0,0.0
2025-07-01 00:00:00-04:00,24.149999618530273,24.5,23.68000030517578,23.68000030517578,8308000,0.0,0.0
2025-07-02 00:00:00-04:00,23.899999618530273,24.100000381469727,23.75,23.950000762939453,6428600,0.0,0.0
2025-07-03 00:00:00-04:00,23.850000381469727,24.15999984741211,23.489999771118164,23.59000015258789,5566300,0.0,0.0
2025-07-07 00:00:00-04:00,23.479999542236328,23.479999542236328,22.530000686645508,22.6200008392334,12873500,0.0,0.0
2025-07-08 00:00:00-04:00,22.709999084472656,22.950000762939453,22.579999923706055,22.75,7863600,0.0,0.0
2025-07-09 00:00:00-04:00,22.8799991607666,23.600000381469727,22.530000686645508,23.190000534057617,14641400,0.0,0.0
2025-07-10 00:00:00-04:00,23.040000915527344,23.329999923706055,23.010000228881836,23.100000381469727,5991000,0.0,0.0
2025-07-11 00:00:00-04:00,23.1299991607666,24.049999237060547,23.1299991607666,23.329999923706055,11454100,0.0,0.0
2025-07-14 00:00:00-04:00,23.440000534057617,23.84000015258789,23.389999389648438,23.700000762939453,7769600,0.0,0.0
2025-07-15 00:00:00-04:00,23.65999984741211,23.68000030517578,23.170000076293945,23.219999313354492,7321600,0.0,0.0
2025-07-16 00:00:00-04:00,23.399999618530273,23.850000381469727,23.309999465942383,23.68000030517578,7738300,0.0,0.0
2025-07-17 00:00:00-04:00,23.540000915527344,23.719999313354492,23.3799991607666,23.399999618530273,7307200,0.0,0.0
2025-07-18 00:00:00-04:00,23.459999084472656,23.510000228881836,23.1299991607666,23.280000686645508,6628400,0.0,0.0
2025-07-21 00:00:00-04:00,23.280000686645508,24.43000030517578,23.049999237060547,24.200000762939453,17718400,0.0,0.0
2025-07-22 00:00:00-04:00,24.139999389648438,24.84000015258789,23.530000686645508,24.260000228881836,12006300,0.0,0.0
2025-07-23 00:00:00-04:00,24.459999084472656,24.75,23.809999465942383,23.959999084472656,8305100,0.0,0.0
2025-07-24 00:00:00-04:00,23.889999389648438,23.940000534057617,23.459999084472656,23.530000686645508,6338100,0.0,0.0
2025-07-25 00:00:00-04:00,23.510000228881836,23.600000381469727,23.25,23.329999923706055,7090600,0.0,0.0
2025-07-28 00:00:00-04:00,23.350000381469727,23.559999465942383,22.950000762939453,22.979999542236328,11481900,0.0,0.0
2025-07-29 00:00:00-04:00,23.010000228881836,23.040000915527344,22.530000686645508,22.549999237060547,6078800,0.0,0.0
2025-07-30 00:00:00-04:00,22.59000015258789,22.790000915527344,22.270000457763672,22.450000762939453,7956600,0.0,0.0
2025-07-31 00:00:00-04:00,22.350000381469727,23.34000015258789,22.299999237060547,22.450000762939453,13749900,0.0,0.0
2025-08-01 00:00:00-04:00,22.31999969482422,22.610000610351562,21.920000076293945,22.100000381469727,7878400,0.0,0.0
2025-08-04 00:00:00-04:00,22.25,22.670000076293945,22.06999969482422,22.6299991607666,5059400,0.0,0.0
2025-08-05 00:00:00-04:00,22.5,23.049999237060547,22.459999084472656,22.809999465942383,4981400,0.0,0.0
2025-08-06 00:00:00-04:00,22.81999969482422,22.860000610351562,22.420000076293945,22.809999465942383,4825000,0.0,0.0
2025-08-07 00:00:00-04:00,22.799999237060547,23.1299991607666,22.489999771118164,22.649999618530273,4456300,0.0,0.0
2025-08-08 00:00:00-04:00,22.6299991607666,22.829999923706055,22.219999313354492,22.270000457763672,4833100,0.0,0.0
2025-08-11 00:00:00-04:00,22.290000915527344,22.809999465942383,22.290000915527344,22.40999984741211,5212500,0.0,0.0
2025-08-12 00:00:00-04:00,22.5,22.950000762939453,22.469999313354492,22.93000030517578,4854200,0.0,0.0
2025-08-13 00:00:00-04:00,22.950000762939453,23.209999084472656,22.809999465942383,23.020000457763672,5349300,0.0,0.0
2025-08-14 00:00:00-04:00,22.84000015258789,22.90999984741211,22.56999969482422,22.889999389648438,4780000,0.0,0.0
2025-08-15 00:00:00-04:00,22.940000534057617,23.020000457763672,22.670000076293945,22.940000534057617,4965600,0.0,0.0
2025-08-18 00:00:00-04:00,22.940000534057617,23.170000076293945,22.899999618530273,23.110000610351562,5107100,0.0,0.0
2025-08-19 00:00:00-04:00,23.100000381469727,23.18000030517578,22.700000762939453,22.81999969482422,5532800,0.0,0.0
2025-08-20 00:00:00-04:00,22.719999313354492,22.770000457763672,22.3700008392334,22.6299991607666,4388700,0.0,0.0
2025-08-21 00:00:00-04:00,22.600000381469727,22.6200008392334,22.3799991607666,22.559999465942383,4090600,0.0,0.0
2025-08-22 00:00:00-04:00,22.649999618530273,23.030000686645508,22.6200008392334,22.889999389648438,5551400,0.0,0.0
2025-08-25 00:00:00-04:00,22.860000610351562,22.899999618530273,22.559999465942383,22.68000030517578,3801000,0.0,0.0
2025-08-26 00:00:00-04:00,22.670000076293945,22.799999237060547,22.270000457763672,22.299999237060547,7867600,0.0,0.0
2025-08-27 00:00:00-04:00,22.459999084472656,22.579999923706055,22.270000457763672,22.5,6892000,0.0,0.0
2025-08-28 00:00:00-04:00,22.559999465942383,22.899999618530273,22.3700008392334,22.790000915527344,6482300,0.0,0.0
2025-08-29 00:00:00-04:00,22.719999313354492,22.81999969482422,22.40999984741211,22.40999984741211,5371500,0.0,0.0
2025-09-02 00:00:00-04:00,22.360000610351562,23.40999984741211,22.18000030517578,23.40999984741211,9567000,0.0,0.0
2025-09-03 00:00:00-04:00,23.510000228881836,23.729999542236328,22.68000030517578,22.8799991607666,9771400,0.0,0.0
2025-09-04 00:00:00-04:00,22.760000228881836,22.850000381469727,22.3700008392334,22.3700008392334,5531800,0.0,0.0
2025-09-05 00:00:00-04:00,22.600000381469727,22.790000915527344,22.280000686645508,22.610000610351562,11183300,0.0,0.0
2025-09-08 00:00:00-04:00,22.65999984741211,23.469999313354492,22.559999465942383,23.219999313354492,10151200,0.0,0.0
2025-09-09 00:00:00-04:00,23.100000381469727,23.6299991607666,22.940000534057617,23.59000015258789,18374400,0.0,0.0
2025-09-10 00:00:00-04:00,25.209999084472656,25.43000030517578,24.040000915527344,24.3700008392334,46254000,0.0,0.0
2025-09-11 00:00:00-04:00,24.0,24.850000381469727,23.889999389648438,24.850000381469727,12512600,0.0,0.0
2025-09-12 00:00:00-04:00,24.889999389648438,25.139999389648438,24.75,24.93000030517578,9320100,0.0,0.0
2025-09-15 00:00:00-04:00,25.0,25.809999465942383,24.989999771118164,25.530000686645508,9604000,0.0,0.0
2025-09-16 00:00:00-04:00,25.690000534057617,26.420000076293945,25.610000610351562,26.34000015258789,9830000,0.0,0.0
2025-09-17 00:00:00-04:00,26.350000381469727,26.469999313354492,25.579999923706055,26.100000381469727,7897100,0.0,0.0
2025-09-18 00:00:00-04:00,26.209999084472656,26.420000076293945,25.84000015258789,25.8799991607666,7806200,0.0,0.0
2025-09-19 00:00:00-04:00,25.829999923706055,26.389999389648438,25.790000915527344,26.079999923706055,9567600,0.0,0.0
2025-09-22 00:00:00-04:00,26.0,27.34000015258789,25.969999313354492,26.780000686645508,11263600,0.0,0.0
2025-09-23 00:00:00-04:00,26.90999984741211,27.239999771118164,26.59000015258789,26.799999237060547,7064000,0.0,0.0
2025-09-24 00:00:00-04:00,26.829999923706055,27.049999237060547,26.219999313354492,26.25,5508800,0.0,0.0
2025-09-25 00:00:00-04:00,25.93000030517578,26.34000015258789,25.270000457763672,25.270000457763672,8210500,0.0,0.0
2025-09-26 00:00:00-04:00,25.530000686645508,26.799999237060547,25.440000534057617,26.420000076293945,8048300,0.0,0.0
2025-09-29 00:00:00-04:00,27.200000762939453,27.209999084472656,26.790000915527344,27.209999084472656,7979000,0.0,0.0
2025-09-30 00:00:00-04:00,27.209999084472656,27.34000015258789,26.799999237060547,27.280000686645508,5392800,0.0,0.0
2025-10-01 00:00:00-04:00,27.25,27.790000915527344,27.18000030517578,27.690000534057617,8187100,0.0,0.0
2025-10-02 00:00:00-04:00,28.0,28.100000381469727,26.719999313354492,27.219999313354492,14526000,0.0,0.0
2025-10-03 00:00:00-04:00,26.360000610351562,26.989999771118164,25.15999984741211,25.3799991607666,11615900,0.0,0.0
2025-10-06 00:00:00-04:00,25.549999237060547,25.829999923706055,25.010000228881836,25.049999237060547,11543400,0.0,0.0
2025-10-07 00:00:00-04:00,25.049999237060547,25.239999771118164,24.309999465942383,24.350000381469727,10779900,0.0,0.0
2025-10-08 00:00:00-04:00,24.3799991607666,25.049999237060547,24.1299991607666,24.40999984741211,7183800,0.0,0.0
2025-10-09 00:00:00-04:00,24.579999923706055,24.739999771118164,23.860000610351562,24.06999969482422,11821200,0.0,0.0
2025-10-10 00:00:00-04:00,24.079999923706055,24.200000762939453,23.280000686645508,23.299999237060547,9744300,0.0,0.0
2025-10-13 00:00:00-04:00,23.479999542236328,23.799999237060547,23.110000610351562,23.59000015258789,5772100,0.0,0.0
2025-10-14 00:00:00-04:00,23.1200008392334,23.670000076293945,22.8799991607666,23.209999084472656,4470900,0.0,0.0
2025-10-15 00:00:00-04:00,23.299999237060547,23.65999984741211,23.209999084472656,23.3799991607666,5018100,0.0,0.0
2025-10-16 00:00:00-04:00,23.299999237060547,23.530000686645508,22.860000610351562,22.950000762939453,6549800,0.0,0.0
2025-10-17 00:00:00-04:00,22.950000762939453,23.389999389648438,22.899999618530273,23.06999969482422,6206300,0.0,0.0
2025-10-20 00:00:00-04:00,23.1200008392334,23.389999389648438,23.1200008392334,23.3700008392334,4424400,0.0,0.0
2025-10-21 00:00:00-04:00,23.079999923706055,23.34000015258789,22.799999237060547,22.799999237060547,6387200,0.0,0.0
2025-10-22 00:00:00-04:00,22.690000534057617,23.329999923706055,22.239999771118164,22.489999771118164,11012900,0.0,0.0
2025-10-23 00:00:00-04:00,22.530000686645508,23.829999923706055,22.459999084472656,23.6299991607666,10638000,0.0,0.0
2025-10-24 00:00:00-04:00,23.450000762939453,23.600000381469727,23.219999313354492,23.299999237060547,5771200,0.0,0.0
2025-10-27 00:00:00-04:00,24.5,24.540000915527344,23.440000534057617,23.530000686645508,9428700,0.0,0.0
2025-10-28 00:00:00-04:00,23.520000457763672,23.6299991607666,23.219999313354492,23.299999237060547,7984100,0.0,0.0
2025-10-29 00:00:00-04:00,23.34000015258789,23.420000076293945,22.8799991607666,23.3799991607666,5696900,0.0,0.0
2025-10-30 00:00:00-04:00,23.170000076293945,23.270000457763672,22.559999465942383,22.579999923706055,6438400,0.0,0.0
2025-10-31 00:00:00-04:00,22.780000686645508,22.799999237060547,22.290000915527344,22.290000915527344,4990700,0.0,0.0
2025-11-03 00:00:00-05:00,22.25,22.420000076293945,21.959999084472656,22.110000610351562,6276100,0.0,0.0
2025-11-04 00:00:00-05:00,21.8700008392334,22.270000457763672,21.579999923706055,21.979999542236328,5155900,0.0,0.0
2025-11-05 00:00:00-05:00,21.979999542236328,22.34000015258789,21.889999389648438,22.010000228881836,3885600,0.0,0.0
2025-11-06 00:00:00-05:00,21.959999084472656,22.020000457763672,21.350000381469727,21.350000381469727,5718100,0.0,0.0
2025-11-07 00:00:00-05:00,21.100000381469727,21.739999771118164,20.950000762939453,21.5,6533300,0.0,0.0
2025-11-10 00:00:00-05:00,21.670000076293945,21.809999465942383,21.299999237060547,21.489999771118164,4724900,0.0,0.0
2025-11-11 00:00:00-05:00,21.420000076293945,21.6200008392334,21.229999542236328,21.450000762939453,2856300,0.0,0.0
2025-11-12 00:00:00-05:00,21.459999084472656,21.739999771118164,21.260000228881836,21.360000610351562,4341300,0.0,0.0
2025-11-13 00:00:00-05:00,21.280000686645508,21.329999923706055,20.8799991607666,20.959999084472656,7415400,0.0,0.0
2025-11-14 00:00:00-05:00,20.649999618530273,20.989999771118164,20.40999984741211,20.65999984741211,5887600,0.0,0.0
2025-11-17 00:00:00-05:00,20.56999969482422,20.84000015258789,20.270000457763672,20.5,4968200,0.0,0.0
2025-11-18 00:00:00-05:00,20.389999389648438,20.670000076293945,20.18000030517578,20.5,3733300,0.0,0.0
2025-11-19 00:00:00-05:00,20.399999618530273,20.510000228881836,20.110000610351562,20.420000076293945,5194300,0.0,0.0
2025-11-20 00:00:00-05:00,20.549999237060547,20.690000534057617,19.93000030517578,19.940000534057617,6028900,0.0,0.0
2025-11-21 00:00:00-05:00,19.950000762939453,20.6299991607666,19.940000534057617,20.139999389648438,5514100,0.0,0.0
2025-11-24 00:00:00-05:00,20.190000534057617,20.559999465942383,20.1200008392334,20.489999771118164,5577600,0.0,0.0
2025-11-25 00:00:00-05:00,20.489999771118164,21.360000610351562,20.309999465942383,21.059999465942383,4794900,0.0,0.0
2025-11-26 00:00:00-05:00,21.18000030517578,21.829999923706055,21.110000610351562,21.6299991607666,4644200,0.0,0.0
2025-11-28 00:00:00-05:00,22.280000686645508,22.75,22.040000915527344,22.530000686645508,8789300,0.0,0.0
2025-12-01 00:00:00-05:00,22.149999618530273,23.06999969482422,22.110000610351562,22.790000915527344,7895900,0.0,0.0
2025-12-02 00:00:00-05:00,22.799999237060547,23.3700008392334,22.479999542236328,22.809999465942383,8105100,0.0,0.0
2025-12-03 00:00:00-05:00,22.90999984741211,23.280000686645508,22.719999313354492,23.209999084472656,11079700,0.0,0.0
2025-12-04 00:00:00-05:00,23.260000228881836,23.469999313354492,22.649999618530273,22.950000762939453,7195800,0.0,0.0
2025-12-05 00:00:00-05:00,23.0,23.06999969482422,22.530000686645508,23.0,5688200,0.0,0.0
2025-12-08 00:00:00-05:00,23.030000686645508,23.549999237060547,23.020000457763672,23.350000381469727,5318900,0.0,0.0
2025-12-09 00:00:00-05:00,23.25,24.0,23.100000381469727,23.110000610351562,9159100,0.0,0.0
2025-12-10 00:00:00-05:00,21.56999969482422,22.469999313354492,21.5,22.1200008392334,11543800,0.0,0.0
2025-12-11 00:00:00-05:00,22.020000457763672,22.18000030517578,21.530000686645508,21.860000610351562,4645600,0.0,0.0
2025-12-12 00:00:00-05:00,21.889999389648438,21.969999313354492,21.09000015258789,21.229999542236328,5365900,0.0,0.0
2025-12-15 00:00:00-05:00,21.360000610351562,22.579999923706055,21.079999923706055,22.09000015258789,8010600,0.0,0.0
2025-12-16 00:00:00-05:00,22.15999984741211,22.34000015258789,21.799999237060547,22.280000686645508,3922900,0.0,0.0
2025-12-17 00:00:00-05:00,22.290000915527344,23.170000076293945,22.270000457763672,23.030000686645508,6132200,0.0,0.0
2025-12-18 00:00:00-05:00,22.959999084472656,23.100000381469727,22.530000686645508,22.559999465942383,4589300,0.0,0.0
2025-12-19 00:00:00-05:00,22.579999923706055,22.639999389648438,22.280000686645508,22.510000228881836,7379300,0.0,0.0
2025-12-22 00:00:00-05:00,22.520000457763672,22.780000686645508,21.700000762939453,21.739999771118164,6481100,0.0,0.0
2025-12-23 00:00:00-05:00,21.65999984741211,21.68000030517578,21.1299991607666,21.3799991607666,4384500,0.0,0.0
2025-12-24 00:00:00-05:00,21.229999542236328,21.56999969482422,21.229999542236328,21.530000686645508,1781000,0.0,0.0
2025-12-26 00:00:00-05:00,21.5,21.5,20.959999084472656,21.09000015258789,3820400,0.0,0.0
2025-12-29 00:00:00-05:00,21.040000915527344,21.290000915527344,20.459999084472656,20.530000686645508,6005600,0.0,0.0
2025-12-30 00:00:00-05:00,20.530000686645508,20.700000762939453,20.350000381469727,20.5,4569500,0.0,0.0
2025-12-31 00:00:00-05:00,20.450000762939453,20.489999771118164,19.989999771118164,20.079999923706055,6422300,0.0,0.0
2026-01-02 00:00:00-05:00,20.260000228881836,20.8700008392334,20.15999984741211,20.6200008392334,4551700,0.0,0.0
2026-01-05 00:00:00-05:00,20.649999618530273,20.829999923706055,20.329999923706055,20.719999313354492,7673700,0.0,0.0
2026-01-06 00:00:00-05:00,20.6299991607666,20.90999984741211,20.56999969482422,20.65999984741211,3405000,0.0,0.0
2026-01-07 00:00:00-05:00,21.649999618530273,22.020000457763672,21.190000534057617,21.290000915527344,10674100,0.0,0.0
2026-01-08 00:00:00-05:00,21.200000762939453,21.440000534057617,21.09000015258789,21.420000076293945,4131800,0.0,0.0
2026-01-09 00:00:00-05:00,21.280000686645508,21.729999542236328,21.049999237060547,21.229999542236328,5034900,0.0,0.0
2026-01-12 00:00:00-05:00,21.079999923706055,21.309999465942383,20.920000076293945,20.979999542236328,3563700,0.0,0.0
2026-01-13 00:00:00-05:00,20.989999771118164,21.209999084472656,20.84000015258789,21.020000457763672,4121100,0.0,0.0
2026-01-14 00:00:00-05:00,21.0,21.079999923706055,20.790000915527344,21.020000457763672,4112800,0.0,0.0
2026-01-15 00:00:00-05:00,20.969999313354492,21.420000076293945,20.8799991607666,21.360000610351562,4995400,0.0,0.0
2026-01-16 00:00:00-05:00,21.329999923706055,21.469999313354492,21.059999465942383,21.100000381469727,3731500,0.0,0.0
2026-01-20 00:00:00-05:00,20.799999237060547,21.25,20.690000534057617,21.100000381469727,6826500,0.0,0.0
2026-01-21 00:00:00-05:00,21.670000076293945,21.93000030517578,21.360000610351562,21.690000534057617,8366900,0.0,0.0
2026-01-22 00:00:00-05:00,22.399999618530273,23.5,22.170000076293945,23.139999389648438,15763000,0.0,0.0
2026-01-23 00:00:00-05:00,23.139999389648438,23.170000076293945,22.270000457763672,22.989999771118164,10347500,0.0,0.0
2026-01-26 00:00:00-05:00,23.459999084472656,25.010000228881836,22.950000762939453,24.010000228881836,37432200,0.0,0.0
2026-01-27 00:00:00-05:00,24.0,24.5,23.239999771118164,24.209999084472656,16600900,0.0,0.0
2026-01-28 00:00:00-05:00,24.229999542236328,24.25,23.3700008392334,23.639999389648438,8514500,0.0,0.0
2026-01-29 00:00:00-05:00,23.5,23.600000381469727,22.700000762939453,22.809999465942383,7555100,0.0,0.0
2026-01-30 00:00:00-05:00,23.290000915527344,24.010000228881836,23.290000915527344,23.8799991607666,16706700,0.0,0.0
2026-02-02 00:00:00-05:00,24.3799991607666,25.93000030517578,24.049999237060547,25.850000381469727,24507600,0.0,0.0
2026-02-03 00:00:00-05:00,25.15999984741211,25.299999237060547,23.84000015258789,24.520000457763672,15876400,0.0,0.0
2026-02-04 00:00:00-05:00,24.479999542236328,25.15999984741211,24.049999237060547,24.979999542236328,9779700,0.0,0.0
2026-02-05 00:00:00-05:00,24.75,25.5,24.549999237060547,24.690000534057617,10155500,0.0,0.0
2026-02-06 00:00:00-05:00,24.799999237060547,25.399999618530273,24.440000534057617,24.979999542236328,10022600,0.0,0.0
2026-02-09 00:00:00-05:00,24.889999389648438,24.969999313354492,24.200000762939453,24.639999389648438,5328400,0.0,0.0
2026-02-10 00:00:00-05:00,24.510000228881836,25.209999084472656,24.020000457763672,24.81999969482422,5797500,0.0,0.0
2026-02-11 00:00:00-05:00,24.809999465942383,24.829999923706055,24.040000915527344,24.209999084472656,4755900,0.0,0.0
2026-02-12 00:00:00-05:00,24.209999084472656,24.3700008392334,23.360000610351562,23.520000457763672,6684500,0.0,0.0
2026-02-13 00:00:00-05:00,23.610000610351562,24.09000015258789,23.440000534057617,23.56999969482422,6331600,0.0,0.0
2026-02-17 00:00:00-05:00,23.549999237060547,23.81999969482422,23.229999542236328,23.260000228881836,4338300,0.0,0.0
2026-02-18 00:00:00-05:00,23.25,24.040000915527344,23.09000015258789,23.8700008392334,5007800,0.0,0.0
2026-02-19 00:00:00-05:00,23.770000457763672,24.09000015258789,23.579999923706055,23.899999618530273,3626300,0.0,0.0
2026-02-20 00:00:00-05:00,23.559999465942383,23.809999465942383,23.399999618530273,23.43000030517578,4169400,0.0,0.0
2026-02-23 00:00:00-05:00,23.239999771118164,23.700000762939453,22.790000915527344,23.639999389648438,5669400,0.0,0.0
2026-02-24 00:00:00-05:00,23.690000534057617,24.34000015258789,23.549999237060547,23.770000457763672,5466700,0.0,0.0
2026-02-25 00:00:00-05:00,23.850000381469727,24.309999465942383,23.700000762939453,24.219999313354492,4568100,0.0,0.0
2026-02-26 00:00:00-05:00,24.209999084472656,24.530000686645508,23.719999313354492,24.100000381469727,5070500,0.0,0.0
2026-02-27 00:00:00-05:00,23.790000915527344,24.219999313354492,23.700000762939453,24.030000686645508,4338000,0.0,0.0
2026-03-02 00:00:00-05:00,23.540000915527344,24.209999084472656,23.399999618530273,24.200000762939453,4620600,0.0,0.0
2026-03-03 00:00:00-05:00,23.780000686645508,24.170000076293945,23.450000762939453,23.81999969482422,4124000,0.0,0.0
2026-03-04 00:00:00-05:00,23.950000762939453,24.200000762939453,23.770000457763672,23.8700008392334,3485600,0.0,0.0
2026-03-05 00:00:00-05:00,23.799999237060547,24.229999542236328,23.530000686645508,23.8799991607666,5288100,0.0,0.0
2026-03-06 00:00:00-05:00,23.729999542236328,24.389999389648438,23.6200008392334,24.3700008392334,5825300,0.0,0.0
2026-03-09 00:00:00-04:00,24.0,24.969999313354492,23.93000030517578,24.799999237060547,7210900,0.0,0.0
2026-03-10 00:00:00-04:00,24.520000457763672,25.0,24.329999923706055,24.3700008392334,5144400,0.0,0.0
2026-03-11 00:00:00-04:00,24.290000915527344,24.68000030517578,23.959999084472656,24.459999084472656,5152600,0.0,0.0
2026-03-12 00:00:00-04:00,24.399999618530273,24.639999389648438,24.110000610351562,24.43000030517578,5201800,0.0,0.0
2026-03-13 00:00:00-04:00,24.299999237060547,24.739999771118164,23.5,23.530000686645508,6399400,0.0,0.0
2026-03-16 00:00:00-04:00,23.670000076293945,23.81999969482422,23.260000228881836,23.280000686645508,6134900,0.0,0.0
2026-03-17 00:00:00-04:00,23.299999237060547,23.799999237060547,23.280000686645508,23.59000015258789,3078400,0.0,0.0
2026-03-18 00:00:00-04:00,23.520000457763672,23.649999618530273,23.290000915527344,23.360000610351562,3075900,0.0,0.0
2026-03-19 00:00:00-04:00,22.950000762939453,23.350000381469727,22.719999313354492,23.229999542236328,5194500,0.0,0.0
2026-03-20 00:00:00-04:00,23.100000381469727,23.18000030517578,22.360000610351562,22.56999969482422,7088100,0.0,0.0
2026-03-23 00:00:00-04:00,22.700000762939453,23.149999618530273,22.559999465942383,23.030000686645508,5227300,0.0,0.0
2026-03-24 00:00:00-04:00,22.760000228881836,23.100000381469727,22.450000762939453,22.809999465942383,8085900,0.0,0.0
2026-03-25 00:00:00-04:00,22.780000686645508,23.5,22.459999084472656,23.079999923706055,7850100,0.0,0.0
2026-03-26 00:00:00-04:00,22.90999984741211,23.219999313354492,22.450000762939453,22.559999465942383,6905900,0.0,0.0
2026-03-27 00:00:00-04:00,22.65999984741211,22.790000915527344,22.030000686645508,22.100000381469727,5068800,0.0,0.0
2026-03-30 00:00:00-04:00,22.350000381469727,22.6299991607666,22.059999465942383,22.270000457763672,6651600,0.0,0.0
2026-03-31 00:00:00-04:00,22.399999618530273,23.100000381469727,22.3799991607666,23.040000915527344,8431100,0.0,0.0
2026-04-01 00:00:00-04:00,23.290000915527344,23.350000381469727,22.719999313354492,22.760000228881836,4417700,0.0,0.0
2026-04-02 00:00:00-04:00,22.579999923706055,23.43000030517578,22.56999969482422,23.360000610351562,3855200,0.0,0.0
2026-04-06 00:00:00-04:00,23.309999465942383,23.6200008392334,23.079999923706055,23.079999923706055,3660100,0.0,0.0
2026-04-07 00:00:00-04:00,23.079999923706055,23.540000915527344,22.68000030517578,23.43000030517578,10668300,0.0,0.0
2026-04-08 00:00:00-04:00,23.700000762939453,23.760000228881836,22.889999389648438,22.90999984741211,6788600,0.0,0.0
2026-04-09 00:00:00-04:00,22.899999618530273,23.350000381469727,22.829999923706055,22.8700008392334,3163800,0.0,0.0
2026-04-10 00:00:00-04:00,22.950000762939453,23.25,22.510000228881836,23.219999313354492,5856400,0.0,0.0
2026-04-13 00:00:00-04:00,23.0,23.43000030517578,22.729999542236328,23.399999618530273,5516100,0.0,0.0
2026-04-14 00:00:00-04:00,23.450000762939453,24.299999237060547,23.43000030517578,24.030000686645508,10482700,0.0,0.0
2026-04-15 00:00:00-04:00,24.149999618530273,24.850000381469727,24.030000686645508,24.790000915527344,11695400,0.0,0.0
2026-04-16 00:00:00-04:00,24.90999984741211,25.489999771118164,24.540000915527344,25.18000030517578,10701100,0.0,0.0
2026-04-17 00:00:00-04:00,25.190000534057617,25.34000015258789,24.3700008392334,24.549999237060547,8161000,0.0,0.0
2026-04-20 00:00:00-04:00,24.170000076293945,25.049999237060547,24.079999923706055,24.920000076293945,6199700,0.0,0.0
2026-04-21 00:00:00-04:00,25.049999237060547,25.329999923706055,24.43000030517578,24.459999084472656,6472800,0.0,0.0
2026-04-22 00:00:00-04:00,24.709999084472656,25.739999771118164,24.700000762939453,25.65999984741211,9643700,0.0,0.0
2026-04-23 00:00:00-04:00,25.84000015258789,26.020000457763672,24.729999542236328,25.010000228881836,8576900,0.0,0.0
2026-04-24 00:00:00-04:00,25.209999084472656,25.25,24.729999542236328,24.950000762939453,5148900,0.0,0.0
2026-04-27 00:00:00-04:00,25.0,25.6299991607666,24.920000076293945,25.40999984741211,6260400,0.0,0.0
2026-04-28 00:00:00-04:00,25.309999465942383,25.420000076293945,24.799999237060547,25.09000015258789,4326800,0.0,0.0
2026-04-29 00:00:00-04:00,24.989999771118164,25.040000915527344,24.0,24.520000457763672,7071500,0.0,0.0
2026-04-30 00:00:00-04:00,24.360000610351562,25.079999923706055,24.209999084472656,24.950000762939453,4492500,0.0,0.0
2026-05-01 00:00:00-04:00,24.850000381469727,26.8799991607666,24.850000381469727,26.530000686645508,20284900,0.0,0.0
2026-05-04 00:00:00-04:00,25.110000610351562,26.149999618530273,23.670000076293945,23.84000015258789,40178600,0.0,0.0
2026-05-05 00:00:00-04:00,23.209999084472656,24.729999542236328,22.850000381469727,24.229999542236328,17979600,0.0,0.0
2026-05-06 00:00:00-04:00,24.299999237060547,25.440000534057617,23.959999084472656,25.170000076293945,11606500,0.0,0.0
2026-05-07 00:00:00-04:00,25.1200008392334,25.25,23.790000915527344,23.969999313354492,8794000,0.0,0.0
2026-05-08 00:00:00-04:00,24.139999389648438,24.420000076293945,23.81999969482422,24.280000686645508,5957700,0.0,0.0
2026-05-11 00:00:00-04:00,24.200000762939453,24.3700008392334,23.100000381469727,23.170000076293945,17915500,0.0,0.0
2026-05-12 00:00:00-04:00,22.799999237060547,23.190000534057617,22.329999923706055,22.3700008392334,11936700,0.0,0.0
2026-05-13 00:00:00-04:00,22.329999923706055,22.479999542236328,21.979999542236328,22.079999923706055,7356900,0.0,0.0
2026-05-14 00:00:00-04:00,22.079999923706055,22.350000381469727,21.610000610351562,21.610000610351562,5663100,0.0,0.0
2026-05-15 00:00:00-04:00,21.540000915527344,22.010000228881836,21.459999084472656,21.59000015258789,5346600,0.0,0.0
2026-05-18 00:00:00-04:00,21.6200008392334,22.09000015258789,21.420000076293945,21.90999984741211,5260600,0.0,0.0
2026-05-19 00:00:00-04:00,21.8799991607666,22.190000534057617,21.600000381469727,22.100000381469727,4433300,0.0,0.0
2026-05-20 00:00:00-04:00,22.049999237060547,22.729999542236328,21.899999618530273,22.549999237060547,6327600,0.0,0.0
2026-05-21 00:00:00-04:00,22.440000534057617,22.6200008392334,22.209999084472656,22.489999771118164,3145300,0.0,0.0
2026-05-22 00:00:00-04:00,22.399999618530273,22.579999923706055,21.799999237060547,21.959999084472656,5279700,0.0,0.0
2026-05-26 00:00:00-04:00,21.950000762939453,22.18000030517578,21.850000381469727,21.90999984741211,5875500,0.0,0.0
2026-05-27 00:00:00-04:00,21.799999237060547,21.8799991607666,21.489999771118164,21.68000030517578,4194000,0.0,0.0
2026-05-28 00:00:00-04:00,21.649999618530273,21.989999771118164,21.639999389648438,21.68000030517578,3214700,0.0,0.0
2026-05-29 00:00:00-04:00,21.600000381469727,21.6299991607666,21.139999389648438,21.18000030517578,6486800,0.0,0.0
2026-06-01 00:00:00-04:00,21.020000457763672,21.559999465942383,20.889999389648438,21.360000610351562,6769700,0.0,0.0
2026-06-02 00:00:00-04:00,21.139999389648438,21.239999771118164,20.889999389648438,20.920000076293945,6025000,0.0,0.0
2026-06-03 00:00:00-04:00,23.280000686645508,23.68000030517578,22.1200008392334,22.18000030517578,17884800,0.0,0.0
2026-06-04 00:00:00-04:00,22.329999923706055,23.06999969482422,22.200000762939453,22.270000457763672,6818900,0.0,0.0
2026-06-05 00:00:00-04:00,22.260000228881836,22.350000381469727,21.329999923706055,21.799999237060547,6429200,0.0,0.0
2026-06-08 00:00:00-04:00,21.770000457763672,22.270000457763672,21.649999618530273,22.260000228881836,5115500,0.0,0.0
2026-06-09 00:00:00-04:00,22.280000686645508,22.459999084472656,21.920000076293945,22.280000686645508,5686200,0.0,0.0
2026-06-10 00:00:00-04:00,22.020000457763672,22.649999618530273,21.899999618530273,22.420000076293945,4425800,0.0,0.0
2026-06-11 00:00:00-04:00,22.389999389648438,22.440000534057617,21.940000534057617,22.18000030517578,6014000,0.0,0.0
2026-06-12 00:00:00-04:00,22.059999465942383,22.15999984741211,21.5,21.770000457763672,5328300,0.0,0.0
2026-06-15 00:00:00-04:00,21.700000762939453,22.030000686645508,21.649999618530273,21.739999771118164,4762900,0.0,0.0
2026-06-16 00:00:00-04:00,21.639999389648438,21.700000762939453,21.1299991607666,21.459999084472656,6296933,0.0,0.0
