Date,Open,High,Low,Close,Volume,Dividends,Stock Splits
2022-01-03 00:00:00-05:00,82.86815451453332,83.56127676870817,82.46308806192704,83.16520690917969,1012800,0.0,0.0
2022-01-04 00:00:00-05:00,83.39024923956649,85.72165120185437,83.3632457238181,84.79448699951172,1954500,0.0,0.0
2022-01-05 00:00:00-05:00,84.96551958877356,85.28057205620941,83.35424340659742,83.39925384521484,2026100,0.0,0.0
2022-01-06 00:00:00-05:00,83.81556314865371,84.8744558683033,82.91957753240341,84.38573455810547,1535300,0.5,0.0
2022-01-07 00:00:00-05:00,84.38575099582877,84.98307945961177,83.28160340269733,83.480712890625,1776300,0.0,0.0
2022-01-10 00:00:00-05:00,82.81097883825274,84.44005003637193,81.62538124150007,84.34954071044922,3615400,0.0,0.0
2022-01-11 00:00:00-05:00,84.62105694497738,86.06006411771479,84.31334732498031,85.99671173095703,1883500,0.0,0.0
2022-01-12 00:00:00-05:00,86.09625122118248,87.4357103245745,85.480825185282,85.70708465576172,1759900,0.0,0.0
2022-01-13 00:00:00-05:00,86.20486313955007,87.16420113920185,85.4717846232042,86.41302490234375,2413200,0.0,0.0
2022-01-14 00:00:00-05:00,87.48097552835178,87.62577801637453,85.48988780512688,86.34967803955078,1659500,0.0,0.0
2022-01-18 00:00:00-05:00,85.89715138011398,86.39491808783953,84.11422559205712,84.45813751220703,1292100,0.0,0.0
2022-01-19 00:00:00-05:00,84.48529378723694,85.43558642521536,80.8108418095184,80.91944885253906,1921200,0.0,0.0
2022-01-20 00:00:00-05:00,81.81541522521778,82.24078407896916,79.3084567528538,79.46231842041016,2587100,0.0,0.0
2022-01-21 00:00:00-05:00,78.77449482446694,79.7157350114605,75.86027186000229,76.2765884399414,2927300,0.0,0.0
2022-01-24 00:00:00-05:00,75.63401227932624,78.39438046301693,74.65656975150554,78.30387115478516,2951800,0.0,0.0
2022-01-25 00:00:00-05:00,77.43502463572162,79.0278929464599,75.37153975163942,77.579833984375,2214200,0.0,0.0
2022-01-26 00:00:00-05:00,79.0007769797703,79.3899436409472,75.73358886974603,76.60242462158203,2354800,0.0,0.0
2022-01-27 00:00:00-05:00,77.41695317722645,78.97361967877865,75.48922467745334,75.86933898925781,2222400,0.0,0.0
2022-01-28 00:00:00-05:00,75.86027206588531,78.21336908731004,75.11814130747695,78.16812133789062,1504400,0.0,0.0
2022-01-31 00:00:00-05:00,77.86041668106317,78.63874989991771,77.29929754995307,78.29483795166016,2136000,0.0,0.0
2022-02-01 00:00:00-05:00,78.44868842459225,79.26322394647453,77.79706000708643,78.74735260009766,3235700,0.0,0.0
2022-02-02 00:00:00-05:00,78.96454739001746,80.50310887520205,78.26767132799371,80.24065399169922,2469900,0.0,0.0
2022-02-03 00:00:00-05:00,79.49854016344298,81.16381379040709,79.38994001498153,79.60714721679688,1107000,0.0,0.0
2022-02-04 00:00:00-05:00,79.49852116958432,80.05964712050938,78.15001671086519,79.30846405029297,853800,0.0,0.0
2022-02-07 00:00:00-05:00,79.64334586290782,79.7157505617755,78.76545787759076,79.03697204589844,1301600,0.0,0.0
2022-02-08 00:00:00-05:00,79.27226488125724,80.80178111354842,78.9464575957799,80.6479263305664,952600,0.0,0.0
2022-02-09 00:00:00-05:00,80.95563857229067,83.31778807809042,80.95563857229067,82.99197387695312,1395000,0.0,0.0
2022-02-10 00:00:00-05:00,81.57106263952817,83.25443366937466,81.08234134974455,81.49866485595703,1321400,0.0,0.0
2022-02-11 00:00:00-05:00,81.72492833082524,82.43085681567402,80.05060262637599,80.62078094482422,1408200,0.0,0.0
2022-02-14 00:00:00-05:00,80.86512672879967,81.0551838398105,78.64778686211619,79.4532699584961,1404000,0.0,0.0
2022-02-15 00:00:00-05:00,80.7655919922593,81.95119650877129,80.54838479808373,81.87879180908203,1249000,0.0,0.0
2022-02-16 00:00:00-05:00,81.81545167524577,83.1458588854775,81.34482796168012,82.85624694824219,1154800,0.0,0.0
2022-02-17 00:00:00-05:00,81.98738507863445,83.24539418934476,81.78828252852313,82.42180633544922,1483200,0.0,0.0
2022-02-18 00:00:00-05:00,82.81097336048805,83.6255089056679,81.48961876714813,82.26795196533203,1969700,0.0,0.0
2022-02-22 00:00:00-05:00,81.9511820623785,82.48515109245103,77.61604982739709,77.94186401367188,2857700,0.0,0.0
2022-02-23 00:00:00-05:00,78.53919929035983,78.72021103964488,75.66117807320363,76.10464477539062,2663600,0.0,0.0
2022-02-24 00:00:00-05:00,65.8958179503371,71.82381991635064,65.19894169274566,71.76046752929688,6421900,0.0,0.0
2022-02-25 00:00:00-05:00,71.95956796799796,73.94159634544043,71.52514672211561,72.52973937988281,2516400,0.0,0.0
2022-02-28 00:00:00-05:00,71.3803402942984,71.6337497966718,69.45260518501743,70.9368667602539,2399200,0.0,0.0
2022-03-01 00:00:00-05:00,70.85541541853829,71.59754619309959,69.31684690208326,69.98657989501953,1860600,0.0,0.0
2022-03-02 00:00:00-05:00,70.74680606110194,74.03209782854134,70.74680606110194,73.39856719970703,1739200,0.0,0.0
2022-03-03 00:00:00-05:00,73.69723985249787,74.53892541428804,72.6111970846551,73.09086608886719,1341200,0.0,0.0
2022-03-04 00:00:00-05:00,72.41210084393799,73.5343461627753,71.50706273731922,72.71981048583984,1185100,0.0,0.0
2022-03-07 00:00:00-05:00,72.30348611669292,72.54785024630208,70.71966959809363,71.15409088134766,1678500,0.0,0.0
2022-03-08 00:00:00-05:00,71.24460091441533,72.7560128964952,70.95498899626294,71.42560577392578,1883800,0.0,0.0
2022-03-09 00:00:00-05:00,72.9551082214913,73.93255084483108,72.48448463030188,73.10896301269531,1053100,0.0,0.0
2022-03-10 00:00:00-05:00,73.07275535022265,74.98238579942318,72.88269822699442,74.77423095703125,1932300,0.0,0.0
2022-03-11 00:00:00-05:00,75.02765793665608,76.35806501413909,74.66564132501085,76.11370086669922,1991900,0.0,0.0
2022-03-14 00:00:00-04:00,75.76976664254424,76.4756950303496,72.16771311657239,72.75598907470703,3206500,0.0,0.0
2022-03-15 00:00:00-04:00,73.11802179892152,74.65658365696184,72.60215040841229,74.30361938476562,1549800,0.0,0.0
2022-03-16 00:00:00-04:00,74.6113385223725,77.29930261659047,74.49367915757593,76.80152893066406,2042800,0.0,0.0
2022-03-17 00:00:00-04:00,76.40329254766517,78.24051825212008,75.92362359880443,78.2043228149414,1740600,0.0,0.0
2022-03-18 00:00:00-04:00,78.42154288525778,81.36291634040963,77.7065620475723,81.17285919189453,5351500,0.0,0.0
2022-03-21 00:00:00-04:00,81.32670783329922,81.63441741095572,79.45327961993914,80.09585571289062,1903300,0.0,0.0
2022-03-22 00:00:00-04:00,80.20446501185774,81.18190074279266,77.34454179700803,79.29037475585938,3273300,0.0,0.0
2022-03-23 00:00:00-04:00,79.8605518056633,80.85609223240176,78.40344006197725,78.93741607666016,1635200,0.0,0.0
2022-03-24 00:00:00-04:00,77.63415089467564,78.19527688521227,76.26754171580384,78.10477447509766,1711000,0.0,0.0
2022-03-25 00:00:00-04:00,78.43058405469002,78.43058405469002,77.11827501822333,77.55269622802734,1291700,0.0,0.0
2022-03-28 00:00:00-04:00,77.18162782321754,78.06856796678044,76.54810408130899,77.9599609375,953400,0.0,0.0
2022-03-29 00:00:00-04:00,78.37628696564705,79.99630576352344,78.37628696564705,79.76099395751953,873400,0.0,0.0
2022-03-30 00:00:00-04:00,79.76098560147325,80.12300213319347,78.05046456660853,78.34912872314453,905000,0.0,0.0
2022-03-31 00:00:00-04:00,77.869464961976,78.09572444632452,75.05479642428901,75.11814880371094,2216000,0.0,0.0
2022-04-01 00:00:00-04:00,75.62494820215345,75.72450290180754,73.13609452058063,74.39409637451172,2023700,0.0,0.0
2022-04-04 00:00:00-04:00,74.49368154934625,75.9326956753863,74.24932430788645,75.70643615722656,1455600,0.0,0.0
2022-04-05 00:00:00-04:00,75.42585301442536,75.79692185666836,73.31712001824953,73.4438247680664,1381300,0.0,0.0
2022-04-06 00:00:00-04:00,73.3080765092264,73.3080765092264,72.11342664971616,72.2310791015625,2125300,0.0,0.0
2022-04-07 00:00:00-04:00,72.68644706237563,73.5789788792374,71.26568921963906,71.77570343017578,2242300,0.5,0.0
2022-04-08 00:00:00-04:00,71.9123372923648,72.17645385637572,70.82854983115176,71.12909698486328,1882900,0.0,0.0
2022-04-11 00:00:00-04:00,70.78299415121138,70.92870951495297,69.85403178222236,70.2365493774414,1738300,0.0,0.0
2022-04-12 00:00:00-04:00,69.32581094460225,71.71195492274443,69.26205916537913,69.57170867919922,2523600,0.0,0.0
2022-04-13 00:00:00-04:00,69.57168686522115,70.69190428995581,69.45329272619253,70.38224792480469,1292200,0.0,0.0
2022-04-14 00:00:00-04:00,70.38226915354107,70.8558597493414,68.72471596508531,68.76114654541016,937000,0.0,0.0
2022-04-18 00:00:00-04:00,68.76114179622694,69.67188539617698,68.71560183686054,69.3531265258789,1229000,0.0,0.0
2022-04-19 00:00:00-04:00,69.28026569812991,70.58262933015875,69.06168917866572,70.2274398803711,1834600,0.0,0.0
2022-04-20 00:00:00-04:00,71.02889459403897,72.76841828305318,70.7556756708771,71.72106170654297,1826900,0.0,0.0
2022-04-21 00:00:00-04:00,72.28573149259219,72.57716920479224,70.65549940145276,71.0197982788086,1275000,0.0,0.0
2022-04-22 00:00:00-04:00,70.57352074283112,70.78299483147428,69.15276292769047,69.22562408447266,1180600,0.0,0.0
2022-04-25 00:00:00-04:00,69.19830004833763,70.52798483715013,68.18737412183941,70.4915542602539,1790000,0.0,0.0
2022-04-26 00:00:00-04:00,70.14547397282166,70.39137865331952,68.64275248534184,68.77025604248047,1204100,0.0,0.0
2022-04-27 00:00:00-04:00,68.53345989983553,68.6518540733134,66.548038458023,67.90504455566406,2205400,0.0,0.0
2022-04-28 00:00:00-04:00,68.76114267985025,69.27115687888116,67.74110733336613,68.30577087402344,3966300,0.0,0.0
2022-04-29 00:00:00-04:00,68.26022878030646,69.32580405343309,66.66642750973365,66.71196746826172,2635600,0.0,0.0
2022-05-02 00:00:00-04:00,66.91233415894423,67.57717310333139,65.95605058878238,67.39502716064453,2475300,0.0,0.0
2022-05-03 00:00:00-04:00,67.75932532187824,67.84128891074708,66.69375697604976,67.44966888427734,2355400,0.0,0.0
2022-05-04 00:00:00-04:00,67.60451085291645,69.88137020208829,67.04895661584466,69.85404205322266,2003200,0.0,0.0
2022-05-05 00:00:00-04:00,68.65184993766799,69.42598755495227,65.96515910208139,66.58446502685547,2008800,0.0,0.0
2022-05-06 00:00:00-04:00,66.46607151698652,67.55896106635994,65.6099703026432,66.47517395019531,1674900,0.0,0.0
2022-05-09 00:00:00-04:00,65.34586662680097,65.9287420938003,64.53530521336681,64.9542465209961,1624700,0.0,0.0
2022-05-10 00:00:00-04:00,66.24750291528115,67.49522443870094,64.99978834028518,66.50251007080078,2276700,0.0,0.0
2022-05-11 00:00:00-04:00,66.11999406812333,67.11270835690965,63.46062401760719,63.51526641845703,2091100,0.0,0.0
2022-05-12 00:00:00-04:00,63.35132532727973,64.41690066607981,62.140041567791464,63.46061706542969,1951400,0.0,0.0
2022-05-13 00:00:00-04:00,64.52619661865863,65.06353907199313,63.487949246099056,64.85406494140625,1993400,0.0,0.0
2022-05-16 00:00:00-04:00,64.96333932605657,65.60996641510434,64.20742050917832,65.1181640625,1225200,0.0,0.0
2022-05-17 00:00:00-04:00,66.320342780517,67.37680859787702,66.12908747532353,67.30394744873047,1269800,0.0,0.0
2022-05-18 00:00:00-04:00,66.59356948860207,66.75750360212005,64.03437544154801,64.4168930053711,1318000,0.0,0.0
2022-05-19 00:00:00-04:00,63.22382509170219,63.56080275736592,60.20015632842685,62.16736602783203,3338000,0.0,0.0
2022-05-20 00:00:00-04:00,62.68647847982567,62.85951502461155,58.81581849941205,60.69194793701172,2464800,0.0,0.0
2022-05-23 00:00:00-04:00,60.97428521528734,63.059889029049714,60.965182781558,62.395050048828125,2069500,0.0,0.0
2022-05-24 00:00:00-04:00,62.11271552290274,62.34951082269265,59.76300213479112,61.384124755859375,1653300,0.0,0.0
2022-05-25 00:00:00-04:00,61.38412092198853,63.99795064499397,61.1564350186788,63.24203872680664,1395400,0.0,0.0
2022-05-26 00:00:00-04:00,62.76844375742068,64.56260966149743,62.60450964059078,64.19831085205078,2088800,0.0,0.0
2022-05-27 00:00:00-04:00,65.28210205959104,66.53892573643304,65.01798557962132,66.52982330322266,1904400,0.0,0.0
2022-05-31 00:00:00-04:00,65.84676569976767,66.29302812254961,65.23656220103217,65.52799987792969,2918700,0.0,0.0
2022-06-01 00:00:00-04:00,65.20923730071972,67.1217973810053,64.90869025924604,66.03801727294922,2725500,0.0,0.0
2022-06-02 00:00:00-04:00,65.75569421708781,67.0944886056332,63.8522431655914,66.39321899414062,3853500,0.0,0.0
2022-06-03 00:00:00-04:00,65.26388935674572,66.5662460271863,64.66279524876803,64.76297760009766,1625900,0.0,0.0
2022-06-06 00:00:00-04:00,65.5371102901949,65.94694908967918,64.41689952480051,64.54440307617188,1279900,0.0,0.0
2022-06-07 00:00:00-04:00,64.3258224249937,65.17281430963564,63.73384460270149,65.08174133300781,1353500,0.0,0.0
2022-06-08 00:00:00-04:00,64.92690030314957,65.03619201676123,63.70650048729265,63.82490158081055,1273800,0.0,0.0
2022-06-09 00:00:00-04:00,63.697415102098546,63.88867044078575,61.693774840209166,61.72109603881836,1151800,0.0,0.0
2022-06-10 00:00:00-04:00,61.010720648686956,61.5935960811743,60.254808632082685,60.84678649902344,1718800,0.0,0.0
2022-06-13 00:00:00-04:00,59.444227870865205,60.46426313833889,58.58813366714976,58.71563720703125,1635500,0.0,0.0
2022-06-14 00:00:00-04:00,59.47156088393411,59.50798451395004,58.023474921807185,58.57902908325195,1747600,0.0,0.0
2022-06-15 00:00:00-04:00,58.97976537952528,60.46427514488364,58.67921828365775,59.589962005615234,2371900,0.0,0.0
2022-06-16 00:00:00-04:00,58.47885084046704,58.47885084046704,57.29488475168432,57.640968322753906,2143000,0.0,0.0
2022-06-17 00:00:00-04:00,57.78668338949995,58.9524375856777,57.17648335745038,58.06901168823242,3596800,0.0,0.0
2022-06-21 00:00:00-04:00,59.234771951974835,59.954260319354944,58.733860130247194,58.74296951293945,2022700,0.0,0.0
2022-06-22 00:00:00-04:00,58.23294623569904,59.67191935917701,58.087227394407456,58.92510986328125,2509600,0.0,0.0
2022-06-23 00:00:00-04:00,59.216542723356746,59.553520339197185,58.36044850897537,59.06171798706055,1952100,0.0,0.0
2022-06-24 00:00:00-04:00,59.8267579663822,61.68467601309433,59.43513788376509,60.84678649902344,4509300,0.0,0.0
2022-06-27 00:00:00-04:00,61.201983834767944,61.912369873215454,60.728400090893736,61.2657356262207,1452800,0.0,0.0
2022-06-28 00:00:00-04:00,61.44787829953236,62.012534944233174,59.571748508697844,59.78121566772461,1378900,0.0,0.0
2022-06-29 00:00:00-04:00,59.990680499663675,59.990680499663675,59.18011929117692,59.52619934082031,1104300,0.0,0.0
2022-06-30 00:00:00-04:00,58.74295997128803,59.90871062331181,58.67920819964367,59.416908264160156,1475300,0.0,0.0
2022-07-01 00:00:00-04:00,59.28940015612489,59.29850953663617,56.092692016178674,57.176475524902344,2066200,0.0,0.0
2022-07-05 00:00:00-04:00,56.34771473700151,58.515285830829406,55.792160494640385,58.48796463012695,2389000,0.0,0.0
2022-07-06 00:00:00-04:00,58.59723704067351,58.73384996371797,57.194694605243704,57.677391052246094,1393900,0.0,0.0
2022-07-07 00:00:00-04:00,58.72390150630372,59.797949590165004,58.36588547834996,59.476654052734375,1457900,0.5,0.0
2022-07-08 00:00:00-04:00,59.476656048944776,59.97237218206861,59.072737643351054,59.706153869628906,1495800,0.0,0.0
2022-07-11 00:00:00-04:00,59.384859216108765,59.55927279992841,58.668823623522464,59.1186408996582,1379200,0.0,0.0
2022-07-12 00:00:00-04:00,59.65108567754249,60.07336089117622,58.6321111370622,59.04520797729492,1219200,0.0,0.0
2022-07-13 00:00:00-04:00,58.274087827981816,59.32060086095721,57.95279227083516,59.017662048339844,1762500,0.0,0.0
2022-07-14 00:00:00-04:00,58.29245401907337,59.87140035089364,57.980336802361435,59.66025924682617,1347400,0.0,0.0
2022-07-15 00:00:00-04:00,59.86221138386895,60.642502582276876,59.62353168661694,60.54152297973633,1330700,0.0,0.0
2022-07-18 00:00:00-04:00,61.018885408614835,61.84507901425116,59.88975298029218,60.192691802978516,1326200,0.0,0.0
2022-07-19 00:00:00-04:00,60.87201339052507,62.882416992497255,60.78021564237476,62.7079963684082,1355400,0.0,0.0
2022-07-20 00:00:00-04:00,62.68043338220286,64.41543606165784,62.5060128259062,63.892181396484375,1360600,0.0,0.0
2022-07-21 00:00:00-04:00,63.75448975125207,64.7918243500401,63.442376086860335,64.73674011230469,968900,0.0,0.0
2022-07-22 00:00:00-04:00,64.2502001286819,64.92951863823035,63.17615213897848,63.58007049560547,1359700,0.0,0.0
2022-07-25 00:00:00-04:00,63.69024057917146,63.699422454179285,62.909949292751236,63.49746322631836,1234900,0.0,0.0
2022-07-26 00:00:00-04:00,63.59842957599252,64.88361866402263,63.32303641666134,63.72694778442383,1425200,0.0,0.0
2022-07-27 00:00:00-04:00,63.589247191155636,65.25081602173218,63.589247191155636,64.78263854980469,1076500,0.0,0.0
2022-07-28 00:00:00-04:00,64.8469120776548,66.04030370175461,64.38791637665005,65.82916259765625,1136300,0.0,0.0
2022-07-29 00:00:00-04:00,65.72818602929158,65.88424289397315,64.71839684102643,65.48033142089844,1043300,0.0,0.0
2022-08-01 00:00:00-04:00,65.36097941839735,66.15045251674395,64.98460661777237,66.05865478515625,1075300,0.0,0.0
2022-08-02 00:00:00-04:00,65.87506012755556,66.06783746736257,65.10394376460944,65.51704406738281,628100,0.0,0.0
2022-08-03 00:00:00-04:00,65.87505160205441,66.69206322375958,65.59965143584759,66.60026550292969,631100,0.0,0.0
2022-08-04 00:00:00-04:00,66.60026081594813,66.6186175573354,65.86586509355769,66.19634246826172,780800,0.0,0.0
2022-08-05 00:00:00-04:00,65.78327025005593,66.81141618513136,65.48033139259168,66.43504333496094,838800,0.0,0.0
2022-08-08 00:00:00-04:00,66.57273427050292,67.05927560311135,65.79244296924281,66.69207763671875,899900,0.0,0.0
2022-08-09 00:00:00-04:00,66.6002796755474,66.6002796755474,64.56233762234851,65.2691879272461,932100,0.0,0.0
2022-08-10 00:00:00-04:00,66.56355853482077,67.70186591251198,66.26980156626438,67.28877258300781,841700,0.0,0.0
2022-08-11 00:00:00-04:00,67.8028344156801,68.95032348038669,67.41727977083087,67.65595245361328,771700,0.0,0.0
2022-08-12 00:00:00-04:00,67.78448095661736,68.98705444147946,67.78448095661736,68.78509521484375,853500,0.0,0.0
2022-08-15 00:00:00-04:00,68.67493569573293,69.45523400351185,68.16086274316972,68.50969696044922,803100,0.0,0.0
2022-08-16 00:00:00-04:00,68.40870865672439,69.19818173574149,68.28019043490465,68.6382064819336,686500,0.0,0.0
2022-08-17 00:00:00-04:00,68.2342981924072,68.2342981924072,66.71961107601715,67.35302734375,1676000,0.0,0.0
2022-08-18 00:00:00-04:00,67.68351156528271,69.44605343909792,67.24287259496948,69.2991714477539,931000,0.0,0.0
2022-08-19 00:00:00-04:00,68.28019429013119,68.49133538288092,67.55498028107704,68.19757843017578,1046200,0.0,0.0
2022-08-22 00:00:00-04:00,67.25203460394323,67.49070726379453,66.79303902215985,67.0408935546875,1024900,0.0,0.0
2022-08-23 00:00:00-04:00,67.04090317714478,68.00479683872537,66.9950078146091,67.27040100097656,1142300,0.0,0.0
2022-08-24 00:00:00-04:00,67.25206305528864,67.91301809327197,66.67372389519336,66.84814453125,1607100,0.0,0.0
2022-08-25 00:00:00-04:00,72.60393543757216,72.60393543757216,70.71287542150229,72.11740112304688,2953600,0.0,0.0
2022-08-26 00:00:00-04:00,71.08006942001082,71.41972873563769,68.67492959857624,68.81262969970703,2291600,0.0,0.0
2022-08-29 00:00:00-04:00,68.2710330609393,68.46381044307351,66.73798187282893,67.42647552490234,1463000,0.0,0.0
2022-08-30 00:00:00-04:00,67.5641731236645,67.5641731236645,66.16882912273171,66.35242462158203,1034700,0.0,0.0
2022-08-31 00:00:00-04:00,66.30651878895539,66.75633259278464,65.83834123590636,66.21471405029297,1368600,0.0,0.0
2022-09-01 00:00:00-04:00,65.62718910664725,66.35240299707894,64.78263888122696,66.24224853515625,1259600,0.0,0.0
2022-09-02 00:00:00-04:00,66.78386603519368,67.24286167804725,65.18656315910424,65.43441772460938,1045800,0.0,0.0
2022-09-06 00:00:00-04:00,65.53540914036475,66.04030724000843,64.49808132185558,64.90199279785156,1193300,0.0,0.0
2022-09-07 00:00:00-04:00,64.8193769290293,65.507870517424,64.46136082336159,64.90199279785156,1117600,0.0,0.0
2022-09-08 00:00:00-04:00,64.55315766294693,65.56294684436193,64.0849800683593,65.55377197265625,1121800,0.0,0.0
2022-09-09 00:00:00-04:00,66.09536775157468,66.77467929242506,65.87505182011024,66.50846099853516,1370200,0.0,0.0
2022-09-12 00:00:00-04:00,67.00418203937066,67.61005965023409,66.4901091601297,67.38056182861328,1888100,0.0,0.0
2022-09-13 00:00:00-04:00,66.07701734707953,66.87566530164003,64.81018486127815,65.23246002197266,1563000,0.0,0.0
2022-09-14 00:00:00-04:00,65.40687917595592,65.69145423363709,63.94727639191909,64.4980697631836,1563100,0.0,0.0
2022-09-15 00:00:00-04:00,64.47052821600597,64.47052821600597,63.084359475057674,63.41483688354492,1288000,0.0,0.0
2022-09-16 00:00:00-04:00,63.231237209722146,63.231237209722146,62.258168688500014,63.04764175415039,3334800,0.0,0.0
2022-09-19 00:00:00-04:00,61.285104113227696,62.62537063560645,61.27592223874261,62.06539535522461,1578000,0.0,0.0
2022-09-20 00:00:00-04:00,61.49623269472843,61.56049180293476,60.43136647249237,60.862823486328125,1118400,0.0,0.0
2022-09-21 00:00:00-04:00,61.16575803358184,61.60639694091725,59.94483492269819,59.99073028564453,1408200,0.0,0.0
2022-09-22 00:00:00-04:00,59.72450905650228,59.843852402525805,58.87995877929616,58.962581634521484,984800,0.0,0.0
2022-09-23 00:00:00-04:00,58.39342605620204,58.45768516584602,57.30101418853657,58.26490783691406,1203500,0.0,0.0
2022-09-26 00:00:00-04:00,58.00787800955544,58.86161383336312,57.28266743116046,57.47544479370117,1427100,0.0,0.0
2022-09-27 00:00:00-04:00,58.04459509984709,58.4117930561503,57.02562409787196,57.402000427246094,1620600,0.0,0.0
2022-09-28 00:00:00-04:00,57.49379708812803,58.60456573978159,57.264299259181804,58.47604751586914,1311200,0.0,0.0
2022-09-29 00:00:00-04:00,57.5488682840152,57.83344682270076,56.933815847904,57.77836608886719,1323700,0.0,0.0
2022-09-30 00:00:00-04:00,57.74164932286515,58.35670176133425,56.68595801575541,56.77775573730469,1987200,0.0,0.0
2022-10-03 00:00:00-04:00,57.49380128855115,59.04520546490197,57.19086245131751,58.879966735839844,1664100,0.0,0.0
2022-10-04 00:00:00-04:00,60.05500314364501,61.2392130367305,59.95402351684334,61.10151290893555,2090500,0.0,0.0
2022-10-05 00:00:00-04:00,60.65168351944179,62.05620905562574,60.51398342685721,61.67983627319336,1454600,0.0,0.0
2022-10-06 00:00:00-04:00,61.45786547172665,62.096030696205716,60.99542853949025,61.966548919677734,2566200,0.5,0.0
2022-10-07 00:00:00-04:00,61.041670024539215,61.30063355625306,60.32026959870008,61.11566162109375,1313600,0.0,0.0
2022-10-10 00:00:00-04:00,61.36538019071523,61.56885357219744,58.840474935515374,59.22892379760742,2526200,0.0,0.0
2022-10-11 00:00:00-04:00,59.09019193510393,59.19192862692969,57.13870747368662,57.397674560546875,1713300,0.0,0.0
2022-10-12 00:00:00-04:00,57.730616076910934,58.6369954298883,57.36991588955936,57.64738082885742,1200600,0.0,0.0
2022-10-13 00:00:00-04:00,56.454293326622896,59.50637240192348,56.010354359591176,59.29365539550781,2147600,0.0,0.0
2022-10-14 00:00:00-04:00,59.68211389540356,59.77459987765615,57.601147541693656,57.72138214111328,2417200,0.0,0.0
2022-10-17 00:00:00-04:00,58.914463789231576,59.44163806297645,58.08207592939509,58.424278259277344,2190800,0.0,0.0
2022-10-18 00:00:00-04:00,59.82084641904742,60.19079740442291,57.480916491672566,58.02659225463867,1933400,0.0,0.0
2022-10-19 00:00:00-04:00,57.61963689508034,58.56300859217334,57.286681763387094,57.610389709472656,1281000,0.0,0.0
2022-10-20 00:00:00-04:00,57.86935252089709,58.905210173580265,57.453158611479985,57.78611373901367,1606600,0.0,0.0
2022-10-21 00:00:00-04:00,57.9063516099288,60.875195785635306,57.573396463473166,60.671722412109375,1703100,0.0,0.0
2022-10-24 00:00:00-04:00,60.9399382767124,61.54110769898822,60.4312548295034,61.35612869262695,1338900,0.0,0.0
2022-10-25 00:00:00-04:00,61.37462183785929,62.83592403786228,60.98617656126912,62.752681732177734,1393100,0.0,0.0
2022-10-26 00:00:00-04:00,61.73532728361319,63.59432563149258,61.467113029940855,62.39198684692383,1832600,0.0,0.0
2022-10-27 00:00:00-04:00,63.131880930375004,63.79779112540309,62.179262145464534,62.40122985839844,2391400,0.0,0.0
2022-10-28 00:00:00-04:00,62.632460376322605,64.23248823962943,62.60471528887752,64.18624877929688,1548700,0.0,0.0
2022-10-31 00:00:00-04:00,63.6775490254212,64.50993671688424,63.11337553766435,64.06599426269531,1794900,0.0,0.0
2022-11-01 00:00:00-04:00,64.685681368136,65.98049915401171,64.35272620713147,65.68453979492188,1444300,0.0,0.0
2022-11-02 00:00:00-04:00,65.30534641467607,65.96200603462786,63.557335314299124,63.696067810058594,1196300,0.0,0.0
2022-11-03 00:00:00-04:00,62.641725461438796,63.067166697728055,61.82783174312078,62.5584831237793,780700,0.0,0.0
2022-11-04 00:00:00-04:00,63.84403805142102,65.66604058828963,62.7341923005887,63.6220703125,1298300,0.0,0.0
2022-11-07 00:00:00-05:00,63.42784878147151,64.50069875209994,63.10414435310204,64.17699432373047,1151800,0.0,0.0
2022-11-08 00:00:00-05:00,64.36197679460398,65.22210987709572,63.853300340025555,64.22325134277344,1016100,0.0,0.0
2022-11-09 00:00:00-05:00,63.70530092421687,63.91802499000228,62.68794121741772,62.900665283203125,1412100,0.0,0.0
2022-11-10 00:00:00-05:00,65.34235474990946,66.68341933493458,64.86141627986335,66.50769805908203,1528900,0.0,0.0
2022-11-11 00:00:00-05:00,66.98861100375937,68.47765841709963,66.25795983987841,67.97822570800781,1406100,0.0,0.0
2022-11-14 00:00:00-05:00,67.6452704359106,68.63488513821767,67.17358281332245,67.68226623535156,1155300,0.0,0.0
2022-11-15 00:00:00-05:00,68.68114391126446,69.3378035920449,67.91349681234972,68.40367889404297,876500,0.0,0.0
2022-11-16 00:00:00-05:00,68.10771601990429,68.10771601990429,66.85913761869821,66.89613342285156,815200,0.0,0.0
2022-11-17 00:00:00-05:00,66.10072523978853,67.44178929795626,65.53655171170313,67.38629913330078,929500,0.0,0.0
2022-11-18 00:00:00-05:00,67.87649159477772,68.46841029696348,67.48804626951097,68.18170166015625,1527800,0.0,0.0
2022-11-21 00:00:00-05:00,67.87649648910562,67.97823318490099,66.87763096105724,67.07185363769531,1116000,0.0,0.0
2022-11-22 00:00:00-05:00,67.3030632851426,68.44991187701068,66.94236306783434,68.32967376708984,1033000,0.0,0.0
2022-11-23 00:00:00-05:00,68.32042767407796,69.4950142528358,68.20944028185227,69.05107879638672,932000,0.0,0.0
2022-11-25 00:00:00-05:00,69.01408299897815,69.54126076365323,68.67187716511906,69.05107879638672,486200,0.0,0.0
2022-11-28 00:00:00-05:00,68.69962103462096,68.7366168313755,66.8221284507451,67.11808776855469,1669000,0.0,0.0
2022-11-29 00:00:00-05:00,67.53428894133708,67.82100464801196,66.30421201947311,66.39669799804688,1889900,0.0,0.0
2022-11-30 00:00:00-05:00,59.98732040257135,63.020905599027884,59.65436524137707,62.530723571777344,7561500,0.0,0.0
2022-12-01 00:00:00-05:00,62.29023611320407,63.353842174087156,60.96766657097045,62.956146240234375,3102100,0.0,0.0
2022-12-02 00:00:00-05:00,61.485615715946544,62.28100072309878,61.03242245586759,61.439369201660156,1707200,0.0,0.0
2022-12-05 00:00:00-05:00,60.38500939707267,61.28213808455903,59.386144030207845,59.80234146118164,1774900,0.0,0.0
2022-12-06 00:00:00-05:00,59.580372977738705,59.60811806482637,58.026588122894445,58.34104537963867,2081200,0.0,0.0
2022-12-07 00:00:00-05:00,57.97108518930654,58.55375662215985,57.62888289996685,58.2485466003418,2254800,0.0,0.0
2022-12-08 00:00:00-05:00,58.90521841813368,59.33066310070298,58.396538470144606,59.11793899536133,1716300,0.0,0.0
2022-12-09 00:00:00-05:00,59.10869097212027,60.64398150926181,58.97920919025871,59.46014404296875,3408900,0.0,0.0
2022-12-12 00:00:00-05:00,59.37689743015898,60.41275866639722,59.33990868621063,60.385013580322266,1531700,0.0,0.0
2022-12-13 00:00:00-05:00,60.91218512296179,61.9572899096419,59.55261959522666,60.0335578918457,2333500,0.0,0.0
2022-12-14 00:00:00-05:00,59.64511353866989,60.60698320438123,58.997704656088985,59.55262756347656,1440600,0.0,0.0
2022-12-15 00:00:00-05:00,58.80347210215232,58.81271928687101,56.42654342454468,56.76874923706055,3177300,0.0,0.0
2022-12-16 00:00:00-05:00,56.287823845863876,56.90748764035011,55.214970306305155,55.78839111328125,3720200,0.0,0.0
2022-12-19 00:00:00-05:00,55.95487223986281,56.167592818392734,54.35484077935281,54.7432861328125,1755100,0.0,0.0
2022-12-20 00:00:00-05:00,53.95714220103794,55.251967041900876,53.79066462069517,55.00225067138672,1944600,0.0,0.0
2022-12-21 00:00:00-05:00,55.529422400784405,55.927118407021425,54.9559981189787,55.53866958618164,1865800,0.0,0.0
2022-12-22 00:00:00-05:00,54.94675723365479,54.956004420112286,54.03113053735216,54.53981399536133,1762600,0.0,0.0
2022-12-23 00:00:00-05:00,54.604549407958984,54.678537476539425,53.94788986381089,54.604549407958984,808300,0.0,0.0
2022-12-27 00:00:00-05:00,54.83577515504196,55.214973318292515,54.22535851351388,54.61380386352539,689600,0.0,0.0
2022-12-28 00:00:00-05:00,54.280842413971826,54.71553423186787,53.71667235582378,53.80915832519531,1046400,0.0,0.0
2022-12-29 00:00:00-05:00,54.26234566767005,55.834631877195626,54.132863896552706,55.57566833496094,1075500,0.0,0.0
2022-12-30 00:00:00-05:00,55.270462863193295,55.56642575786971,54.66004622864396,55.54792785644531,1382200,0.0,0.0
2023-01-03 00:00:00-05:00,55.86238704092544,56.31557329297201,55.44619306488283,56.223087310791016,1482400,0.0,0.0
2023-01-04 00:00:00-05:00,57.101710549055944,58.06357662953855,56.93523298110223,57.277435302734375,2013900,0.0,0.0
2023-01-05 00:00:00-05:00,57.305413774645075,57.53851422464623,56.56881549900208,57.1842041015625,1221500,0.5,0.0
2023-01-06 00:00:00-05:00,57.83688053715973,59.738980997726415,57.352031190927214,59.347373962402344,1462600,0.0,0.0
2023-01-09 00:00:00-05:00,59.55249622871586,60.71800192318171,59.449931471511086,59.48722839355469,2574700,0.0,0.0
2023-01-10 00:00:00-05:00,58.5827989010728,60.13990798980957,58.564150440767975,59.869510650634766,1834000,0.0,0.0
2023-01-11 00:00:00-05:00,60.139911353415584,60.34504087141139,59.39399068365402,60.09328842163086,1425100,0.0,0.0
2023-01-12 00:00:00-05:00,59.95342970012154,60.22381992202675,59.33804118876725,59.72032928466797,1671200,0.0,0.0
2023-01-13 00:00:00-05:00,59.39398850457146,60.550168167906016,59.30074620125325,60.28909683227539,1497600,0.0,0.0
2023-01-17 00:00:00-05:00,60.42894807284118,61.05366257865144,60.102608921244766,60.39165115356445,2329100,0.0,0.0
2023-01-18 00:00:00-05:00,60.89515633012241,61.36135720752628,60.38233963317466,60.568817138671875,1663500,0.0,0.0
2023-01-19 00:00:00-05:00,60.41030993694705,60.5874685449411,59.47790819156493,60.14923858642578,1549700,0.0,0.0
2023-01-20 00:00:00-05:00,60.15855989389092,61.109613695959894,59.66439164404255,61.04434585571289,1077300,0.0,0.0
2023-01-23 00:00:00-05:00,61.501218993260466,62.9650894661372,61.27744456356859,62.48024368286133,1318100,0.0,0.0
2023-01-24 00:00:00-05:00,62.43362037465441,62.92779216435093,62.03268733729785,62.34038162231445,1047700,0.0,0.0
2023-01-25 00:00:00-05:00,61.864843315589766,62.14456663462548,61.19351304083165,61.88349533081055,1213300,0.0,0.0
2023-01-26 00:00:00-05:00,62.47091767385922,62.741315036833136,61.21217672555095,61.34271240234375,2337700,0.0,0.0
2023-01-27 00:00:00-05:00,61.35203412807664,61.98606756265613,61.007042941405615,61.1096076965332,1724200,0.0,0.0
2023-01-30 00:00:00-05:00,60.773940267498766,61.7809357640007,60.66204950777851,61.081634521484375,1699500,0.0,0.0
2023-01-31 00:00:00-05:00,61.137583073467525,61.7809425637635,59.88816813054817,61.75297164916992,4312900,0.0,0.0
2023-02-01 00:00:00-05:00,61.56648315476579,62.9184698888833,60.90447880095395,62.57347869873047,1952600,0.0,0.0
2023-02-02 00:00:00-05:00,63.1049466025599,65.03501781444209,62.93711401397621,64.38233947753906,2243000,0.0,0.0
2023-02-03 00:00:00-05:00,63.69236362450117,64.20518745145411,62.76928784964695,63.04901123046875,1349100,0.0,0.0
2023-02-06 00:00:00-05:00,62.32172208242183,62.55482249197067,61.43594337160021,61.613101959228516,1319300,0.0,0.0
2023-02-07 00:00:00-05:00,61.46391581830811,62.9557570539641,61.202844491275826,62.862518310546875,1865200,0.0,0.0
2023-02-08 00:00:00-05:00,62.480234993934474,62.62009666066461,61.594449180416895,61.92079544067383,1170400,0.0,0.0
2023-02-09 00:00:00-05:00,62.247135682892235,62.713336504425094,61.202843281741025,61.52918243408203,1826100,0.0,0.0
2023-02-10 00:00:00-05:00,61.32405728078986,62.275111007772814,61.17487670642931,61.855525970458984,1641000,0.0,0.0
2023-02-13 00:00:00-05:00,61.58513334506099,63.15156844019518,61.46391657483249,63.142242431640625,1411900,0.0,0.0
2023-02-14 00:00:00-05:00,62.676041595156164,63.62708817157396,62.05133418154545,63.142242431640625,1580000,0.0,0.0
2023-02-15 00:00:00-05:00,62.64808281795103,64.08398252609305,62.60145987980773,64.0653305053711,1461400,0.0,0.0
2023-02-16 00:00:00-05:00,63.76695613546664,64.03735350093989,63.19819048975758,63.35669708251953,1318600,0.0,0.0
2023-02-17 00:00:00-05:00,62.98374613564954,63.11428182208033,62.12593105011115,62.85321044921875,1243100,0.0,0.0
2023-02-21 00:00:00-05:00,62.17254633219596,62.424291663985954,61.09095693360661,61.49188995361328,1736900,0.0,0.0
2023-02-22 00:00:00-05:00,61.407975795291684,62.07930614943335,60.745971449863184,61.3800048828125,2536900,0.0,0.0
2023-02-23 00:00:00-05:00,60.167868618996586,61.88349110553481,59.0303411894497,61.743629455566406,4423200,0.0,0.0
2023-02-24 00:00:00-05:00,60.94178142481973,61.958095959049764,60.13991531815149,60.960426330566406,2131200,0.0,0.0
2023-02-27 00:00:00-05:00,61.389320624822055,61.51053739088642,60.23314458188333,60.39165115356445,2107200,0.0,0.0
2023-02-28 00:00:00-05:00,60.41030547744214,60.92312213134958,60.00004646338799,60.18653106689453,2111000,0.0,0.0
2023-03-01 00:00:00-05:00,60.065314081753904,60.65273168862701,59.860184575459186,60.23314666748047,1466300,0.0,0.0
2023-03-02 00:00:00-05:00,59.85086223704123,60.895147498225576,59.18885438395058,60.73664093017578,1247600,0.0,0.0
2023-03-03 00:00:00-05:00,60.88584040175707,61.60378665793826,60.699355773510455,61.33338928222656,1192300,0.0,0.0
2023-03-06 00:00:00-05:00,61.771613227637744,61.9021488978184,60.7925885876223,60.941776275634766,1314400,0.0,0.0
2023-03-07 00:00:00-05:00,60.78327535833433,60.88584012498845,59.43129204275214,59.59912109375,1374100,0.0,0.0
2023-03-08 00:00:00-05:00,59.69234960538515,60.62475124136446,59.34736555281516,60.47557067871094,1310200,0.0,0.0
2023-03-09 00:00:00-05:00,60.4103070516798,60.839210980431325,59.03967541324533,59.1142692565918,1435300,0.0,0.0
2023-03-10 00:00:00-05:00,58.74130645101958,58.89049057909817,57.69701755446946,58.014034271240234,1775600,0.0,0.0
2023-03-13 00:00:00-04:00,57.818223834673745,58.18186346014475,57.07230323786778,57.20283889770508,2023200,0.0,0.0
2023-03-14 00:00:00-04:00,57.89283042924744,58.50821550181401,56.70867966478147,56.988399505615234,2842000,0.0,0.0
2023-03-15 00:00:00-04:00,56.00004297281972,56.95109305875034,55.692348728770135,56.923118591308594,2414900,0.0,0.0
2023-03-16 00:00:00-04:00,56.456921794824844,57.930118176913936,56.32638612690914,57.79025650024414,2036000,0.0,0.0
2023-03-17 00:00:00-04:00,57.98606223874849,58.24713714148023,57.258790028405784,57.314735412597656,7681400,0.0,0.0
2023-03-20 00:00:00-04:00,57.37067620288859,58.94643737258704,57.268111445472684,58.71333694458008,2150300,0.0,0.0
2023-03-21 00:00:00-04:00,59.05832463506528,59.86018712039072,59.030353721865055,59.850868225097656,1870100,0.0,0.0
2023-03-22 00:00:00-04:00,59.533843439509084,59.82289278591761,57.37067191386912,57.389320373535156,2247400,0.0,0.0
2023-03-23 00:00:00-04:00,57.678376064761764,58.787932929143444,56.82056455701367,57.37068176269531,2101700,0.0,0.0
2023-03-24 00:00:00-04:00,57.24013621835116,57.31473005697009,55.766943473927164,56.93244552612305,1930900,0.0,0.0
2023-03-27 00:00:00-04:00,57.21217014878138,57.89282297804344,57.137576303850054,57.49188995361328,1433000,0.0,0.0
2023-03-28 00:00:00-04:00,57.15622074744254,57.45458899253429,56.20517063240133,56.67137145996094,1368700,0.0,0.0
2023-03-29 00:00:00-04:00,57.519860782422434,58.04200702568266,57.24946698701991,57.855525970458984,1256100,0.0,0.0
2023-03-30 00:00:00-04:00,58.228490592389235,58.489561946864605,57.678373412008675,58.34037780761719,1158800,0.0,0.0
2023-03-31 00:00:00-04:00,58.39632762398182,59.58980082850601,58.39632762398182,59.53385543823242,1313700,0.0,0.0
2023-04-03 00:00:00-04:00,59.47790611722004,60.083968653313605,59.19818631472696,59.850868225097656,1959300,0.0,0.0
2023-04-04 00:00:00-04:00,59.92545669013043,60.01870255504399,58.517531627962725,58.91846466064453,2217200,0.0,0.0
2023-04-05 00:00:00-04:00,58.66470243782919,59.21920715434907,58.32636367597164,59.03124237060547,1764800,0.5,0.0
2023-04-06 00:00:00-04:00,58.72109960736605,59.64214075903781,58.58952281215562,59.209815979003906,2875800,0.0,0.0
2023-04-10 00:00:00-04:00,60.45040469151332,61.7943738701049,60.04627389877885,61.13648986816406,2418500,0.0,0.0
2023-04-11 00:00:00-04:00,61.4560314303043,62.78120699513472,61.39024303016081,62.59323501586914,2061600,0.0,0.0
2023-04-12 00:00:00-04:00,63.1195526548892,63.14774666063908,62.104525425504264,62.4052734375,2305800,0.0,0.0
2023-04-13 00:00:00-04:00,62.49924462596438,62.94096975780237,62.0763202748497,62.790592193603516,1394400,0.0,0.0
2023-04-14 00:00:00-04:00,62.93157451469487,63.30751128554344,61.963542169778115,62.358272552490234,1485800,0.0,0.0
2023-04-17 00:00:00-04:00,62.49924030146479,63.655244442466305,62.254880361748064,63.60824966430664,1954100,0.0,0.0
2023-04-18 00:00:00-04:00,63.758630999851604,64.14396816984227,63.298112210446135,63.87141418457031,1825300,0.0,0.0
2023-04-19 00:00:00-04:00,63.03496057260335,63.03496057260335,61.766180179335144,62.170310974121094,2558000,0.0,0.0
2023-04-20 00:00:00-04:00,59.989881897498506,60.929720220804214,59.13462558149958,59.54815673828125,4862200,0.0,0.0
2023-04-21 00:00:00-04:00,59.54815797162803,59.6985319630635,59.03124760014351,59.40718078613281,10264200,0.0,0.0
2023-04-24 00:00:00-04:00,58.993650913554426,59.63274124862051,58.97485371720558,59.491764068603516,1327400,0.0,0.0
2023-04-25 00:00:00-04:00,58.99365044614634,59.1722184322476,57.70607298064056,57.7436637878418,1818600,0.0,0.0
2023-04-26 00:00:00-04:00,57.36773085009104,58.711699909600085,57.254947672438135,58.617713928222656,1718400,0.0,0.0
2023-04-27 00:00:00-04:00,58.758687330099725,59.66093118212622,58.30756540408648,59.62333679199219,1624800,0.0,0.0
2023-04-28 00:00:00-04:00,59.72672318767692,59.886497562818924,58.60831690247724,59.10643005371094,1967900,0.0,0.0
2023-05-01 00:00:00-04:00,59.06883871464876,59.98048305911629,59.06883871464876,59.85830307006836,1655300,0.0,0.0
2023-05-02 00:00:00-04:00,59.90529524082953,59.98048044105508,58.16659222248126,58.48613739013672,1763400,0.0,0.0
2023-05-03 00:00:00-04:00,58.843272747583406,59.670331402182875,58.33575923781566,58.68349838256836,2166300,0.0,0.0
2023-05-04 00:00:00-04:00,58.49554487710988,58.86208128752129,57.837657265633446,58.749298095703125,1508200,0.0,0.0
2023-05-05 00:00:00-04:00,59.548155857683646,60.206039806109914,59.3883814807811,60.00867462158203,1152200,0.0,0.0
2023-05-08 00:00:00-04:00,60.02747820604418,60.27183461500681,59.78312179708155,60.149658203125,898200,0.0,0.0
2023-05-09 00:00:00-04:00,59.67033554331249,60.32822307364687,59.416578770817864,59.91469192504883,1826200,0.0,0.0
2023-05-10 00:00:00-04:00,60.42220901304718,60.55378580978967,58.54253229341428,59.46357345581055,1417200,0.0,0.0
2023-05-11 00:00:00-04:00,59.059440232966516,59.52935939344995,58.664706273857114,59.256805419921875,1018600,0.0,0.0
2023-05-12 00:00:00-04:00,59.57635210329004,59.79251449237037,58.786887750249434,59.341392517089844,677200,0.0,0.0
2023-05-15 00:00:00-04:00,59.670335645991926,60.892124727173275,59.51996166038805,60.854530334472656,1275300,0.0,0.0
2023-05-16 00:00:00-04:00,60.54437939884966,60.93910974983103,60.102657851589335,60.1966438293457,1674000,0.0,0.0
2023-05-17 00:00:00-04:00,60.54438548747649,61.70979021766328,60.10266389579457,61.474830627441406,1274600,0.0,0.0
2023-05-18 00:00:00-04:00,61.117691938961634,62.72481479337538,61.117691938961634,62.53684997558594,1406800,0.0,0.0
2023-05-19 00:00:00-04:00,62.57443999194156,62.856387198884605,61.70039002666256,61.86016082763672,1743800,0.0,0.0
2023-05-22 00:00:00-04:00,62.0481255839314,63.31691311057858,61.96354357303368,63.091346740722656,1368300,0.0,0.0
2023-05-23 00:00:00-04:00,62.809401263085896,63.5142800548956,62.43346447337448,62.4616584777832,1222700,0.0,0.0
2023-05-24 00:00:00-04:00,62.14210583900787,62.395859004051054,61.75676872607953,62.2642822265625,1260200,0.0,0.0
2023-05-25 00:00:00-04:00,62.649626288420706,64.6796733451234,62.593231112958556,64.60448455810547,2109500,0.0,0.0
2023-05-26 00:00:00-04:00,64.75484886913647,66.01422852695421,64.63266532265844,65.62889862060547,1807100,0.0,0.0
2023-05-30 00:00:00-04:00,66.10823057194958,66.37139135089637,64.91463894163255,64.94283294677734,2825900,0.0,0.0
2023-05-31 00:00:00-04:00,63.53307047989359,64.0969720509677,62.03873095802733,62.358272552490234,7420100,0.0,0.0
2023-06-01 00:00:00-04:00,66.07063241302126,68.40142727770227,65.79807845772284,67.6307601928711,6233100,0.0,0.0
2023-06-02 00:00:00-04:00,67.74354510262157,67.8187338860937,65.86386853820075,66.70972442626953,3129700,0.0,0.0
2023-06-05 00:00:00-04:00,66.82249350173092,66.82249350173092,65.57250699511671,66.05182647705078,1980900,0.0,0.0
2023-06-06 00:00:00-04:00,65.71348548097477,66.23979975090967,65.2623671586265,65.84506225585938,2046200,0.0,0.0
2023-06-07 00:00:00-04:00,66.09882151582491,67.20783086503259,65.99543874146177,66.7003173828125,1832900,0.0,0.0
2023-06-08 00:00:00-04:00,66.51235516425429,66.69092674068979,65.403345652955,66.09883117675781,1639300,0.0,0.0
2023-06-09 00:00:00-04:00,66.59694404398742,66.93528641340424,65.32816374387298,65.51612854003906,2132400,0.0,0.0
2023-06-12 00:00:00-04:00,65.51612271267291,67.15143923913526,65.51612271267291,67.12324523925781,1987500,0.0,0.0
2023-06-13 00:00:00-04:00,67.22663094378517,69.1063075016224,67.22663094378517,68.85255432128906,2835900,0.0,0.0
2023-06-14 00:00:00-04:00,68.71158040155512,69.4916479309196,68.49541443218523,68.89015197753906,2117900,0.0,0.0
2023-06-15 00:00:00-04:00,68.47662329232551,69.63262045648003,68.47662329232551,69.32247924804688,1971600,0.0,0.0
2023-06-16 00:00:00-04:00,69.78299166737196,70.10253323793032,69.42585570550138,69.8957748413086,3141500,0.0,0.0
2023-06-20 00:00:00-04:00,69.33187614932636,69.44465933954203,68.33564973214762,68.44843292236328,2124500,0.0,0.0
2023-06-21 00:00:00-04:00,68.10067953450822,68.95593579384509,67.83752596868052,68.27925109863281,2246300,0.0,0.0
2023-06-22 00:00:00-04:00,68.18527310958035,69.02172864228714,67.66835916447059,68.95594024658203,1595700,0.0,0.0
2023-06-23 00:00:00-04:00,68.12889522847985,69.21911140022016,67.95033077789417,68.80558013916016,5203300,0.0,0.0
2023-06-26 00:00:00-04:00,69.15330903187268,69.84878741842773,69.0969138537644,69.31307983398438,2048100,0.0,0.0
2023-06-27 00:00:00-04:00,69.90517692259148,70.76043329996435,69.07812172007532,70.46908569335938,1969900,0.0,0.0
2023-06-28 00:00:00-04:00,70.3563053567235,70.9953957751518,70.10254496551326,70.70404815673828,1589100,0.0,0.0
2023-06-29 00:00:00-04:00,70.88260233016783,71.66266983417614,70.77921954431626,71.56868743896484,1831600,0.0,0.0
2023-06-30 00:00:00-04:00,71.99160705096561,72.25476060834721,71.61567032453617,71.80364227294922,2175400,0.0,0.0
2023-07-03 00:00:00-04:00,71.75666456129339,72.18898938988123,71.39952852995518,71.85064697265625,1155400,0.0,0.0
2023-07-05 00:00:00-04:00,71.21154405101582,72.04800672556038,70.95779086778786,71.70026397705078,1990100,0.0,0.0
2023-07-06 00:00:00-04:00,70.79208023592427,71.79487898484413,70.79208023592427,71.64351654052734,1577400,0.5,0.0
2023-07-07 00:00:00-04:00,71.65297050321719,72.99635096865966,71.63405290464031,72.13545227050781,1608100,0.0,0.0
2023-07-10 00:00:00-04:00,71.73811686294562,73.65857428275801,71.73811686294562,73.60181427001953,1974800,0.0,0.0
2023-07-11 00:00:00-04:00,74.12211525616361,75.0113937585238,73.9329104426704,74.50999450683594,2195400,0.0,0.0
2023-07-12 00:00:00-04:00,75.16276610086499,75.16276610086499,73.07202159929432,73.17608642578125,2004900,0.0,0.0
2023-07-13 00:00:00-04:00,73.26123015081923,74.76542803275113,73.26123015081923,74.48162078857422,1605500,0.0,0.0
2023-07-14 00:00:00-04:00,73.95183703994716,74.34917152727557,73.10986324730762,73.66802978515625,1472500,0.0,0.0
2023-07-17 00:00:00-04:00,73.05309478839453,74.19780051766811,72.94902997503321,73.80992126464844,1618900,0.0,0.0
2023-07-18 00:00:00-04:00,73.4693507935605,74.68027887618913,73.10038915123701,74.6613540649414,1699000,0.0,0.0
2023-07-19 00:00:00-04:00,74.73704955691599,75.31413368154377,74.62352232630502,75.03031921386719,1823200,0.0,0.0
2023-07-20 00:00:00-04:00,74.73704477445548,75.81552813429101,74.11265587260266,75.74930572509766,3314100,0.0,0.0
2023-07-21 00:00:00-04:00,75.73983739533125,76.18447662987043,75.17221575839429,75.21952056884766,9751100,0.0,0.0
2023-07-24 00:00:00-04:00,75.49387838430407,76.02365765707631,74.00859816510935,74.21672058105469,2805400,0.0,0.0
2023-07-25 00:00:00-04:00,74.21671630043254,75.09653238065603,74.21671630043254,74.7938003540039,1861500,0.0,0.0
2023-07-26 00:00:00-04:00,75.18167922066388,75.5695512445702,73.10985263813978,74.16941833496094,2339900,0.0,0.0
2023-07-27 00:00:00-04:00,74.64245011336045,75.21007185362096,73.90454112925158,74.00860595703125,1671700,0.0,0.0
2023-07-28 00:00:00-04:00,74.56677203183986,74.56677203183986,72.68415698964144,73.07202911376953,2287400,0.0,0.0
2023-07-31 00:00:00-04:00,73.3274491753468,74.07482048724528,73.30852436265499,73.80046844482422,3511500,0.0,0.0
2023-08-01 00:00:00-04:00,73.31797660183665,74.82217420568789,73.23283660963386,74.61405181884766,1625300,0.0,0.0
2023-08-02 00:00:00-04:00,73.91399418534061,75.70200658528552,73.80992936056484,74.22618865966797,2325900,0.0,0.0
2023-08-03 00:00:00-04:00,73.76262902726515,75.40873413081857,73.51665697620955,75.03977966308594,1889500,0.0,0.0
2023-08-04 00:00:00-04:00,75.12492558640614,75.17222318383081,73.46935810481261,73.58287811279297,1982800,0.0,0.0
2023-08-07 00:00:00-04:00,74.22619349467251,74.32079591853046,73.6301917284353,74.06536865234375,1403100,0.0,0.0
2023-08-08 00:00:00-04:00,73.57341582832903,73.9045350993584,73.10039654708872,73.68694305419922,1780500,0.0,0.0
2023-08-09 00:00:00-04:00,73.5166608607635,73.6207256871818,72.65576946313247,72.75983428955078,2091600,0.0,0.0
2023-08-10 00:00:00-04:00,73.07202807325301,73.57342743563876,72.45710146708643,72.69361114501953,2166100,0.0,0.0
2023-08-11 00:00:00-04:00,72.43817790118334,73.1950116953023,72.37195548552558,72.61792755126953,1265500,0.0,0.0
2023-08-14 00:00:00-04:00,72.45709846222199,72.75983776641594,71.9462439306504,72.32465362548828,1408000,0.0,0.0
2023-08-15 00:00:00-04:00,72.58954573613916,73.00579781658824,72.01246160650336,72.17328643798828,1997500,0.0,0.0
2023-08-16 00:00:00-04:00,71.89892615847205,72.43816781595255,71.21777728213858,71.34076690673828,1718200,0.0,0.0
2023-08-17 00:00:00-04:00,71.8516312757683,71.8516312757683,70.9245174575156,70.98127746582031,2547300,0.0,0.0
2023-08-18 00:00:00-04:00,70.44204615996166,71.88002913660074,70.36636132588528,71.24617767333984,2160600,0.0,0.0
2023-08-21 00:00:00-04:00,71.51105031096108,72.49493126607156,71.45429030779937,72.3341064453125,2381100,0.0,0.0
2023-08-22 00:00:00-04:00,72.36249150662275,72.9490380452111,71.92731461065144,72.38141632080078,2401400,0.0,0.0
2023-08-23 00:00:00-04:00,72.65576404206703,73.05309850363503,71.8327078993607,72.40032958984375,3389700,0.0,0.0
2023-08-24 00:00:00-04:00,71.21779025814405,73.16662761785672,70.51772366000395,71.45429992675781,3427200,0.0,0.0
2023-08-25 00:00:00-04:00,71.89894728243667,72.43818909834683,70.13931457416079,70.68801879882812,2059800,0.0,0.0
2023-08-28 00:00:00-04:00,71.18940252437497,72.03137627581857,71.03803288839785,71.90839385986328,1376500,0.0,0.0
2023-08-29 00:00:00-04:00,71.80432777557449,72.67468151401748,71.58673573211306,72.2962646484375,1354300,0.0,0.0
2023-08-30 00:00:00-04:00,72.16381026027138,72.41924467819408,71.43536384521492,72.30571746826172,1784500,0.0,0.0
2023-08-31 00:00:00-04:00,72.66522204925243,72.75036927586315,72.07868274067462,72.5611572265625,3068800,0.0,0.0
2023-09-01 00:00:00-04:00,73.28012997602846,73.76261155713802,72.97739799169891,73.4125747680664,2306300,0.0,0.0
2023-09-05 00:00:00-04:00,74.49108589771579,75.6263366787108,74.32079864145167,75.20061492919922,2467500,0.0,0.0
2023-09-06 00:00:00-04:00,74.98303243142624,75.64525666126826,74.61407790084242,75.60741424560547,1718400,0.0,0.0
2023-09-07 00:00:00-04:00,74.91679344594495,74.91679344594495,73.91398769683657,74.60459899902344,2023400,0.0,0.0
2023-09-08 00:00:00-04:00,74.85057655189438,75.26682862742078,74.5572996781647,74.82218933105469,1263900,0.0,0.0
2023-09-11 00:00:00-04:00,75.28575524402393,75.42766248081344,73.63018765611733,74.29241180419922,1351500,0.0,0.0
2023-09-12 00:00:00-04:00,73.8950751320507,74.75596649912131,73.7153254895814,74.09374237060547,1285900,0.0,0.0
2023-09-13 00:00:00-04:00,73.98021147179789,74.25456351649078,73.44096978883637,73.76262664794922,1564500,0.0,0.0
2023-09-14 00:00:00-04:00,74.02751824401358,74.41539752295178,73.6869437807464,74.31133270263672,1487900,0.0,0.0
2023-09-15 00:00:00-04:00,73.97075467966526,74.3397091274992,73.24230097251537,73.52611541748047,3999300,0.0,0.0
2023-09-18 00:00:00-04:00,72.02191863586442,72.4192603477514,71.38807448308809,72.05976104736328,1937100,0.0,0.0
2023-09-19 00:00:00-04:00,71.9746252506295,72.57062702681736,71.69081075661487,71.93678283691406,1483800,0.0,0.0
2023-09-20 00:00:00-04:00,72.35303388049083,72.91119317901412,71.87055218302551,71.97461700439453,1923500,0.0,0.0
2023-09-21 00:00:00-04:00,71.38807722308938,72.34357830142882,71.33131721251355,71.80433654785156,1499900,0.0,0.0
2023-09-22 00:00:00-04:00,71.96515149379739,72.53277317460974,71.77594667276036,71.9178466796875,1145100,0.0,0.0
2023-09-25 00:00:00-04:00,71.36915661287642,72.33411284044487,71.17994455610675,71.43537902832031,1443100,0.0,0.0
2023-09-26 00:00:00-04:00,71.12318385724456,71.61512076466454,70.75422937225409,70.81098937988281,1618600,0.0,0.0
2023-09-27 00:00:00-04:00,71.32184551320869,71.70972478215096,70.4136493738016,70.90558624267578,1174700,0.0,0.0
2023-09-28 00:00:00-04:00,71.15157113734969,72.58009162294205,71.06643111719978,72.13545227050781,1887700,0.0,0.0
2023-09-29 00:00:00-04:00,72.51386950749513,72.69361195669347,71.52998837018343,71.78541564941406,1545100,0.0,0.0
2023-10-02 00:00:00-04:00,71.83272212341033,72.07869421781666,71.35970275139202,71.7097396850586,1284600,0.0,0.0
2023-10-03 00:00:00-04:00,71.50161417816986,72.1070784322618,70.48935295170023,70.82046508789062,1035100,0.0,0.0
2023-10-04 00:00:00-04:00,70.81099680999358,71.50160825198287,70.39474468086965,71.26509857177734,1163100,0.0,0.0
2023-10-05 00:00:00-04:00,71.26508735579645,72.2555424444185,71.16032719390853,71.92221069335938,1121200,0.5,0.0
2023-10-06 00:00:00-04:00,71.75079183350415,72.30316232283117,71.51270185699383,71.87460327148438,1636700,0.0,0.0
2023-10-09 00:00:00-04:00,71.64602974043821,72.72219368052043,71.44602779180033,72.40791320800781,1517000,0.0,0.0
2023-10-10 00:00:00-04:00,72.56981781891878,72.95076321291977,72.24601895687182,72.37934875488281,1380400,0.0,0.0
2023-10-11 00:00:00-04:00,72.33173178914262,73.43647276522583,72.29364378700753,73.37933349609375,1568100,0.0,0.0
2023-10-12 00:00:00-04:00,73.68408360326926,73.81741339989665,72.0079282466163,72.31268310546875,1460000,0.0,0.0
2023-10-13 00:00:00-04:00,72.61744596040552,73.07458193198504,70.62701715877643,71.38890075683594,1694000,0.0,0.0
2023-10-16 00:00:00-04:00,71.69364673289361,72.50315113400016,71.38889187838542,72.33172607421875,1585900,0.0,0.0
2023-10-17 00:00:00-04:00,71.90315935496503,73.32217331307335,71.8936337232396,73.25550842285156,1959600,0.0,0.0
2023-10-18 00:00:00-04:00,72.96029495891281,73.02695986350385,72.074599931672,72.16030883789062,1657300,0.0,0.0
2023-10-19 00:00:00-04:00,72.25554063902369,72.55076985191545,71.28412957414008,71.46508026123047,1304400,0.0,0.0
2023-10-20 00:00:00-04:00,71.46509396151237,71.60794941207897,70.07464925891948,70.75082397460938,4934300,0.0,0.0
2023-10-23 00:00:00-04:00,69.95082875181647,70.59843374670915,68.55086586217395,69.77940368652344,1617000,0.0,0.0
2023-10-24 00:00:00-04:00,69.81749321546783,71.25555851914419,69.80797484912698,70.3222427368164,1696500,0.0,0.0
2023-10-25 00:00:00-04:00,69.70322083576758,70.38892110103086,68.80800023768174,69.02704620361328,1340100,0.0,0.0
2023-10-26 00:00:00-04:00,69.11275106362577,69.46512680876727,67.90325730293958,68.02706146240234,1243100,0.0,0.0
2023-10-27 00:00:00-04:00,68.1032581828111,69.1603782484187,67.855642575444,68.38896179199219,1087200,0.0,0.0
2023-10-30 00:00:00-04:00,68.70322775231189,68.98893856691807,67.44611324671482,67.7889633178711,1274100,0.0,0.0
2023-10-31 00:00:00-04:00,67.88420446001548,69.5127388239989,67.78896993449389,69.312744140625,1474500,0.0,0.0
2023-11-01 00:00:00-04:00,69.31275358772459,69.86512408333607,68.93180816778808,69.85559844970703,1005100,0.0,0.0
2023-11-02 00:00:00-04:00,70.1984345907951,71.55078365903373,70.12224406882807,71.16984558105469,2153900,0.0,0.0
2023-11-03 00:00:00-04:00,71.54127153379274,72.79838619219495,71.40794174168407,72.28411102294922,1043600,0.0,0.0
2023-11-06 00:00:00-05:00,72.29363241591086,72.35077167605549,71.76983164482414,72.20791625976562,1158700,0.0,0.0
2023-11-07 00:00:00-05:00,72.20792579263848,72.70314973310393,71.90317092175299,71.99840545654297,865200,0.0,0.0
2023-11-08 00:00:00-05:00,72.18888573922649,72.19840410707546,71.26509544280086,72.16030883789062,1563100,0.0,0.0
2023-11-09 00:00:00-05:00,72.42696220020052,72.82695155306948,71.73173638275162,72.20791625976562,906300,0.0,0.0
2023-11-10 00:00:00-05:00,72.42695826758847,73.56978700399787,72.1317218190392,73.46502685546875,996100,0.0,0.0
2023-11-13 00:00:00-05:00,73.39837933587641,73.39837933587641,72.7983951971709,73.08409881591797,737100,0.0,0.0
2023-11-14 00:00:00-05:00,74.03644956599697,75.11262080107066,73.66502982151648,74.95071411132812,1383500,0.0,0.0
2023-11-15 00:00:00-05:00,74.96023786085888,75.8364071198838,74.80786407342906,75.16023254394531,1652200,0.0,0.0
2023-11-16 00:00:00-05:00,74.40788034305551,74.40788034305551,72.7698273309992,73.13172149658203,1803400,0.0,0.0
2023-11-17 00:00:00-05:00,73.5221723451196,74.26501907927887,73.22694313747111,73.8269271850586,1227900,0.0,0.0
2023-11-20 00:00:00-05:00,73.6269297901305,74.59834080197533,73.40789111701822,74.22692108154297,1069100,0.0,0.0
2023-11-21 00:00:00-05:00,73.91265126624971,74.16978523822605,73.61742202695665,73.74122619628906,1251800,0.0,0.0
2023-11-22 00:00:00-05:00,73.9507448960786,74.88405349391984,73.76979419681322,74.27454376220703,814800,0.0,0.0
2023-11-24 00:00:00-05:00,74.27454749330415,74.62692327643553,74.02693914768379,74.60787200927734,466000,0.0,0.0
2023-11-27 00:00:00-05:00,74.36976623535156,74.87452298482131,74.04596742173153,74.36976623535156,1451100,0.0,0.0
2023-11-28 00:00:00-05:00,74.16026775159953,74.94120257604402,73.86503124287083,74.38883209228516,2572300,0.0,0.0
2023-11-29 00:00:00-05:00,82.75055203517594,86.99807636374051,82.14104227378108,85.27430725097656,8403200,0.0,0.0
2023-11-30 00:00:00-05:00,85.01715044442258,87.2361503733527,84.40764079459439,87.0361557006836,6731400,0.0,0.0
2023-12-01 00:00:00-05:00,85.1504958819886,87.40758402873622,85.0647797190116,86.93140411376953,2733500,0.0,0.0
2023-12-04 00:00:00-05:00,86.53141494991424,86.6266494799649,85.16954009899581,86.00761413574219,2450700,0.0,0.0
2023-12-05 00:00:00-05:00,86.00760641904131,86.52188155428826,85.72190285452294,86.2647476196289,1906700,0.0,0.0
2023-12-06 00:00:00-05:00,86.66474256298325,87.03616230697888,84.97906889915144,85.1409683227539,2282500,0.0,0.0
2023-12-07 00:00:00-05:00,85.43621157914355,86.17905118921568,84.66480233267323,84.83622741699219,2161200,0.0,0.0
2023-12-08 00:00:00-05:00,84.8362176084914,85.92190726167736,84.69336217708712,85.1314468383789,1634100,0.0,0.0
2023-12-11 00:00:00-05:00,85.23620660723418,86.28380098944454,84.96954701168198,85.47429656982422,2211600,0.0,0.0
2023-12-12 00:00:00-05:00,85.71238911643476,85.84571891823043,83.80766935829178,83.99813842773438,2131700,0.0,0.0
2023-12-13 00:00:00-05:00,84.04576209462239,85.41716269072556,83.5886261406115,85.27430725097656,3973700,0.0,0.0
2023-12-14 00:00:00-05:00,85.51240011254691,85.90286391070471,84.29338054864492,84.96002960205078,3155400,0.0,0.0
2023-12-15 00:00:00-05:00,84.72192552450718,84.90287620858948,83.77909137267609,84.68383026123047,5992500,0.0,0.0
2023-12-18 00:00:00-05:00,84.5600302216914,85.70285911191559,84.4076491611661,85.42667388916016,2173000,0.0,0.0
2023-12-19 00:00:00-05:00,85.70286057961145,86.34094719907752,85.31239682070408,86.31237030029297,1866000,0.0,0.0
2023-12-20 00:00:00-05:00,85.96000742728313,86.3695224788212,84.66479736967109,84.69336700439453,1417000,0.0,0.0
2023-12-21 00:00:00-05:00,85.25525183604847,85.36001200237237,84.44574740476045,85.28382873535156,1114200,0.0,0.0
2023-12-22 00:00:00-05:00,85.64571785864906,85.70285712205494,84.76954857875828,85.1409683227539,828400,0.0,0.0
2023-12-26 00:00:00-05:00,85.10287372530111,85.38858457642651,84.93144866781162,85.12191772460938,525400,0.0,0.0
2023-12-27 00:00:00-05:00,85.10288494539834,85.398114202137,84.20766427537832,84.37908935546875,726800,0.0,0.0
2023-12-28 00:00:00-05:00,84.36004332709416,84.53146840306651,83.83624246553157,84.0076675415039,962700,0.0,0.0
2023-12-29 00:00:00-05:00,83.85529993956233,84.32195429972158,83.3600686763512,83.9600601196289,1169100,0.0,0.0
2024-01-02 00:00:00-05:00,83.03625928887793,83.15053782294355,81.9696136200475,82.10294342041016,1892100,0.0,0.0
2024-01-03 00:00:00-05:00,82.0934133617504,82.8457784894834,81.817235408694,82.19817352294922,1824600,0.0,0.0
2024-01-04 00:00:00-05:00,82.13112957749989,82.95493204222284,82.08323850431692,82.43766021728516,1370500,0.5,0.0
2024-01-05 00:00:00-05:00,82.23648670300976,82.8591290185596,81.44142047405022,81.48931884765625,1486500,0.0,0.0
2024-01-08 00:00:00-05:00,80.32067944536611,82.39934051270865,80.10036443711753,82.36103057861328,1821800,0.0,0.0
2024-01-09 00:00:00-05:00,81.74795825588576,82.68671237999,81.47974487993208,82.44723510742188,1684300,0.0,0.0
2024-01-10 00:00:00-05:00,82.63882172119506,83.27104528779671,82.38977059641294,83.01241302490234,1229000,0.0,0.0
2024-01-11 00:00:00-05:00,83.00282331111684,83.74041008767917,82.2077570200867,83.29019165039062,1348100,0.0,0.0
2024-01-12 00:00:00-05:00,83.60631310680905,83.86495268127362,82.7058761277011,83.02198791503906,1234800,0.0,0.0
2024-01-16 00:00:00-05:00,82.0257385816634,82.59090864746935,81.24025355583024,82.34185028076172,2321500,0.0,0.0
2024-01-17 00:00:00-05:00,81.93954569604547,82.15028686840986,81.01037269512965,81.83417510986328,1760600,0.0,0.0
2024-01-18 00:00:00-05:00,82.6675620067734,82.85914091216533,81.46059443965721,82.8208236694336,1693200,0.0,0.0
2024-01-19 00:00:00-05:00,83.10819067282533,84.3630491813532,82.7729239692033,84.1139907836914,5403200,0.0,0.0
2024-01-22 00:00:00-05:00,84.97612378586439,85.19644611628559,84.44927811373337,84.8899154663086,1420900,0.0,0.0
2024-01-23 00:00:00-05:00,84.87075486954949,85.1677116954091,84.28642966454912,84.44927978515625,1839800,0.0,0.0
2024-01-24 00:00:00-05:00,85.15812262459015,85.72328550004322,84.63126968284013,84.95696258544922,1428300,0.0,0.0
2024-01-25 00:00:00-05:00,85.44549318184623,85.57002604852792,85.07190919833482,85.48381042480469,1065800,0.0,0.0
2024-01-26 00:00:00-05:00,85.51253893923804,85.51253893923804,83.95114979568214,84.35346984863281,1551200,0.0,0.0
2024-01-29 00:00:00-05:00,84.35347962174602,84.78454313550678,83.87452503418986,84.765380859375,1137500,0.0,0.0
2024-01-30 00:00:00-05:00,85.20600891113281,85.9723390909604,84.94737667769408,85.20600891113281,1696300,0.0,0.0
2024-01-31 00:00:00-05:00,84.77497095667886,84.91865880978442,83.44347764721843,83.5296859741211,1649300,0.0,0.0
2024-02-01 00:00:00-05:00,83.3764108406239,83.97989095639755,82.83040293351442,83.76914978027344,942200,0.0,0.0
2024-02-02 00:00:00-05:00,83.73084441337167,84.66001017327466,83.27104479418088,84.14273834228516,857300,0.0,0.0
2024-02-05 00:00:00-05:00,83.93201342447021,83.98948564240531,82.7729440770829,83.5296859741211,1341600,0.0,0.0
2024-02-06 00:00:00-05:00,83.94157790264082,84.19063633305623,83.11777543210806,83.912841796875,1122300,0.0,0.0
2024-02-07 00:00:00-05:00,84.19064219901881,84.27685783059032,83.13694350067632,83.55842590332031,1229500,0.0,0.0
2024-02-08 00:00:00-05:00,83.79788495178246,85.72327683534603,83.52966428510568,85.1772689819336,1385800,0.0,0.0
2024-02-09 00:00:00-05:00,85.32097013355427,86.53751157314159,85.04317559513294,86.0681381225586,1405500,0.0,0.0
2024-02-12 00:00:00-05:00,86.17350675257052,87.1218347702094,86.04898119333045,86.84404754638672,1461600,0.0,0.0
2024-02-13 00:00:00-05:00,85.19643534475003,85.3496969962278,82.92618820933896,83.56798553466797,1312200,0.0,0.0
2024-02-14 00:00:00-05:00,84.16189815656487,84.545063276638,83.69252472131535,84.06610870361328,1536100,0.0,0.0
2024-02-15 00:00:00-05:00,84.08526116007924,84.8515913773426,82.8112402798922,83.59672546386719,1684300,0.0,0.0
2024-02-16 00:00:00-05:00,83.58714847381114,83.82662574411684,82.03533313125443,82.10238647460938,1195500,0.0,0.0
2024-02-20 00:00:00-05:00,81.68090234958044,82.31312583729537,81.24026505886977,81.86290740966797,1546400,0.0,0.0
2024-02-21 00:00:00-05:00,81.47017942565506,81.47017942565506,80.2727929397299,81.03911590576172,1367900,0.0,0.0
2024-02-22 00:00:00-05:00,82.05449099498001,82.94533937669733,81.69048088639093,82.4089126586914,1738400,0.0,0.0
2024-02-23 00:00:00-05:00,82.9453486998818,83.89368400786424,82.34186857429304,83.72126007080078,1602700,0.0,0.0
2024-02-26 00:00:00-05:00,83.72125626711157,84.41095198403065,83.37640840865204,83.74999237060547,1254300,0.0,0.0
2024-02-27 00:00:00-05:00,84.03737250634788,84.23853254980553,83.31894064759906,83.50093841552734,1301200,0.0,0.0
2024-02-28 00:00:00-05:00,82.90705116486296,84.66001959419637,82.79209942020675,84.32475280761719,1853900,0.0,0.0
2024-02-29 00:00:00-05:00,85.88613010848619,85.88613010848619,84.76537095033811,85.36885833740234,4798300,0.0,0.0
2024-03-01 00:00:00-05:00,101.42341881530967,107.74562509208455,100.51340804033562,100.87741088867188,12903300,0.0,0.0
2024-03-04 00:00:00-05:00,101.5383509787229,102.98479557199829,98.62630682837899,98.9807357788086,4380400,0.0,0.0
2024-03-05 00:00:00-05:00,99.06695153707673,99.33516489996745,97.28524013128441,98.35810089111328,2884200,0.0,0.0
2024-03-06 00:00:00-05:00,99.50759593126178,101.89279488227773,98.06115843398209,100.38887786865234,2712500,0.0,0.0
2024-03-07 00:00:00-05:00,101.07855600339407,101.33719552996092,99.27768968694957,99.86201477050781,2354700,0.0,0.0
2024-03-08 00:00:00-05:00,100.36972265561496,101.3467941113046,98.90412278034755,98.91370391845703,1630900,0.0,0.0
2024-03-11 00:00:00-04:00,98.52094752978856,99.00948320746564,97.58220072293676,98.4443130493164,1635900,0.0,0.0
2024-03-12 00:00:00-04:00,99.35433836222337,99.58423451226709,97.63009896622843,98.21442413330078,1747600,0.0,0.0
2024-03-13 00:00:00-04:00,98.46347644208026,98.85621536949539,97.2373539736627,98.84664154052734,2420900,0.0,0.0
2024-03-14 00:00:00-04:00,98.67423312128116,98.86581204648394,97.27568650415182,97.83126831054688,2007900,0.0,0.0
2024-03-15 00:00:00-04:00,96.98830876335302,98.10906079952315,96.81588481099858,98.04200744628906,7019900,0.0,0.0
2024-03-18 00:00:00-04:00,98.28147489359466,98.72211221468662,97.4768347354963,97.51515197753906,1542500,0.0,0.0
2024-03-19 00:00:00-04:00,97.17030067301346,99.05738275438956,96.423132750254,98.96158599853516,1574700,0.0,0.0
2024-03-20 00:00:00-04:00,98.66463026219286,100.05359543481056,98.59757692230647,100.04402160644531,1730200,0.0,0.0
2024-03-21 00:00:00-04:00,100.58046099492911,101.09773281418076,99.9769808599356,100.64751434326172,1432200,0.0,0.0
2024-03-22 00:00:00-04:00,100.82951377309355,100.84866873942987,99.8716046744162,100.32182312011719,1040000,0.0,0.0
2024-03-25 00:00:00-04:00,100.13981949489646,101.13604584886014,99.71833714676313,100.50382232666016,1214100,0.0,0.0
2024-03-26 00:00:00-04:00,100.9923551742834,101.32762189254747,100.23560611976377,100.31224060058594,1194300,0.0,0.0
2024-03-27 00:00:00-04:00,101.03067601036122,101.1073104939108,99.90992409444841,100.79119873046875,956300,0.0,0.0
2024-03-28 00:00:00-04:00,100.55171203613281,101.3180348750796,100.38886925503654,100.55171203613281,1363500,0.0,0.0
2024-04-01 00:00:00-04:00,100.32181731989174,101.04982293084419,100.11107616104434,100.61876678466797,1473300,0.0,0.0
2024-04-02 00:00:00-04:00,99.82370492067754,100.34097670382766,99.22022482780224,100.31224060058594,991400,0.0,0.0
2024-04-03 00:00:00-04:00,99.9386553471685,102.3909002355774,99.8716020043844,101.99816131591797,1813300,0.0,0.0
2024-04-04 00:00:00-04:00,103.3744418576819,104.73146213450795,100.5256472248878,100.86250305175781,2552300,0.5,0.0
2024-04-05 00:00:00-04:00,101.39182009309972,101.4976877936829,100.25615440363534,101.10309600830078,1017100,0.0,0.0
2024-04-08 00:00:00-04:00,101.63244181441483,102.08478435613864,100.9202468246509,101.84417724609375,1581500,0.0,0.0
2024-04-09 00:00:00-04:00,102.05590460908675,102.88359358962262,99.61133568317217,100.2369155883789,1282100,0.0,0.0
2024-04-10 00:00:00-04:00,99.14937351234289,99.53434635244388,98.23506944200598,98.74515533447266,1109900,0.0,0.0
2024-04-11 00:00:00-04:00,99.41885635973962,101.01648368073326,98.90876314135868,100.92024230957031,1320500,0.0,0.0
2024-04-12 00:00:00-04:00,99.81344041502086,100.08291917039973,97.8404667601425,97.98482513427734,1346700,0.0,0.0
2024-04-15 00:00:00-04:00,98.9376405793986,99.72683155871101,98.02332921110339,98.52379608154297,1902400,0.0,0.0
2024-04-16 00:00:00-04:00,98.42754866882844,98.92801554587626,97.49399929412577,98.68740844726562,1362400,0.0,0.0
2024-04-17 00:00:00-04:00,99.44772728491525,99.44772728491525,96.76255119611893,97.11865234375,1110800,0.0,0.0
2024-04-18 00:00:00-04:00,97.23413941812629,98.06182842393605,95.98298691225393,96.37757873535156,1031700,0.0,0.0
2024-04-19 00:00:00-04:00,96.0888484116346,96.95503544451209,94.0773765701014,94.26985931396484,1692500,0.0,0.0
2024-04-22 00:00:00-04:00,95.03017901727361,95.04943169738503,93.65390609914877,94.23136901855469,1830500,0.0,0.0
2024-04-23 00:00:00-04:00,94.65484078362465,96.09848352260035,94.21212455813503,95.68463897705078,1746600,0.0,0.0
2024-04-24 00:00:00-04:00,96.51231830755128,97.52287105973252,95.55951625215629,96.30058288574219,1292600,0.0,0.0
2024-04-25 00:00:00-04:00,95.65575506274624,97.66723417334596,95.13604286205653,97.14752197265625,1581300,0.0,0.0
2024-04-26 00:00:00-04:00,97.37851481229757,98.21583024112984,96.47382968294407,97.52288055419922,2124800,0.0,0.0
2024-04-29 00:00:00-04:00,97.69611243323311,98.88952163593629,97.6383617341009,98.62966918945312,1378500,0.0,0.0
2024-04-30 00:00:00-04:00,97.99447310003607,99.35150085835136,97.99447310003607,98.36981964111328,1274700,0.0,0.0
2024-05-01 00:00:00-04:00,97.55174170987218,98.77402252825021,97.08977285417471,97.19564056396484,1012300,0.0,0.0
2024-05-02 00:00:00-04:00,98.16768619790119,98.55265898487337,96.47381034087071,98.2831802368164,1196600,0.0,0.0
2024-05-03 00:00:00-04:00,99.37072135254934,100.79511845843491,99.16861229194475,100.70849609375,2463500,0.0,0.0
2024-05-06 00:00:00-04:00,101.29558098671433,104.03850023847058,101.18971328377414,103.89413452148438,3381900,0.0,0.0
2024-05-07 00:00:00-04:00,104.21174922684794,104.72183511991486,102.8354762782211,103.3263168334961,1325000,0.0,0.0
2024-05-08 00:00:00-04:00,102.97983548578468,105.40515174492214,102.82584342222256,105.36666107177734,1703700,0.0,0.0
2024-05-09 00:00:00-04:00,105.34740854308396,105.60726831503014,103.17231837000641,104.1155014038086,1852000,0.0,0.0
2024-05-10 00:00:00-04:00,104.75071459769137,105.01057440508157,103.67279937517429,104.42349243164062,1703400,0.0,0.0
2024-05-13 00:00:00-04:00,104.92393208349664,105.18379184150689,103.83639072665414,104.08662414550781,1841800,0.0,0.0
2024-05-14 00:00:00-04:00,104.54858476694935,105.3570283663118,104.00000092346048,104.94318389892578,2814800,0.0,0.0
2024-05-15 00:00:00-04:00,105.38589906949943,106.73330016085485,105.11642031977739,106.46382141113281,2873100,0.0,0.0
2024-05-16 00:00:00-04:00,105.92487635858917,106.64669771994843,105.578401517717,105.62652587890625,1545200,0.0,0.0
2024-05-17 00:00:00-04:00,106.40607303235751,106.65630645228542,105.74200248260956,106.3194580078125,2257700,0.0,0.0
2024-05-20 00:00:00-04:00,106.65631025254885,108.25394485003905,106.2039677498198,108.06145477294922,2097500,0.0,0.0
2024-05-21 00:00:00-04:00,107.33964455308454,108.86990961678383,107.31077287423582,108.70629119873047,1693700,0.0,0.0
2024-05-22 00:00:00-04:00,109.17787526299475,109.92856820727027,108.85064580310157,109.82270050048828,1746000,0.0,0.0
2024-05-23 00:00:00-04:00,111.18935690099572,111.59357508500035,109.55323148416956,109.75534057617188,1548900,0.0,0.0
2024-05-24 00:00:00-04:00,110.40016625188416,111.65132616982933,110.11144212349042,111.3240966796875,1351100,0.0,0.0
2024-05-28 00:00:00-04:00,111.5839454800784,113.91302032964943,111.37221006780001,113.576171875,3238900,0.0,0.0
2024-05-29 00:00:00-04:00,112.1036610599305,113.6242923215626,112.00741234762505,113.08533477783203,2708700,0.0,0.0
2024-05-30 00:00:00-04:00,114.22100376930835,114.22100376930835,111.94967213872712,112.12290954589844,3664600,0.0,0.0
2024-05-31 00:00:00-04:00,115.01018428823667,116.91579559344386,112.13252566619845,115.90524291992188,6128500,0.0,0.0
2024-06-03 00:00:00-04:00,113.49917846502167,114.68296859611569,110.69850837153467,114.490478515625,3727900,0.0,0.0
2024-06-04 00:00:00-04:00,114.52898406982422,115.22193371970793,113.48955959499864,114.52898406982422,2622200,0.0,0.0
2024-06-05 00:00:00-04:00,115.49140607317516,117.7049942933427,115.14493126753597,117.66649627685547,2370800,0.0,0.0
2024-06-06 00:00:00-04:00,117.40664088296906,117.62800265034555,115.8860095600745,116.90618133544922,2398400,0.0,0.0
2024-06-07 00:00:00-04:00,116.41534814852534,116.96393208883418,115.50104402892612,116.43460083007812,1383600,0.0,0.0
2024-06-10 00:00:00-04:00,115.89563162458116,118.29208374023438,115.76089222965442,118.29208374023438,1651000,0.0,0.0
2024-06-11 00:00:00-04:00,118.19583434747138,121.05424798864524,117.75311814627304,120.75589752197266,2850500,0.0,0.0
2024-06-12 00:00:00-04:00,121.53545762009013,123.16196397169655,120.5345311993128,121.0061264038086,2239400,0.0,0.0
2024-06-13 00:00:00-04:00,120.70775805098218,122.83472375562265,120.5730186736924,122.51712799072266,1604400,0.0,0.0
2024-06-14 00:00:00-04:00,121.30447527044234,122.38239771164132,121.08311350972663,121.4295883178711,1398400,0.0,0.0
2024-06-17 00:00:00-04:00,121.58359428213551,122.51715110285704,118.92728956365666,121.30448913574219,1934000,0.0,0.0
2024-06-18 00:00:00-04:00,121.46809000332418,124.7788387749547,121.42959198539583,123.8741683959961,2575800,0.0,0.0
2024-06-20 00:00:00-04:00,124.15326996792146,125.95300646887398,121.84344022089924,122.68075561523438,3039700,0.0,0.0
2024-06-21 00:00:00-04:00,122.13215780658317,123.68166067855623,120.94836771765235,122.84435272216797,4282500,0.0,0.0
2024-06-24 00:00:00-04:00,121.97817341998842,123.51805739219614,121.62207961117082,121.63169860839844,1797100,0.0,0.0
2024-06-25 00:00:00-04:00,121.93967706317872,123.25821397591464,121.61245492708046,122.93098449707031,1783500,0.0,0.0
2024-06-26 00:00:00-04:00,122.37277542935233,123.68167132905295,121.67982579008685,123.60467529296875,2023900,0.0,0.0
2024-06-27 00:00:00-04:00,123.45068864655215,124.49973202421505,123.26782491025489,124.18212890625,1575100,0.0,0.0
2024-06-28 00:00:00-04:00,124.6056025298624,125.28891845028365,123.48918209353609,123.96077728271484,3197100,0.0,0.0
2024-07-01 00:00:00-04:00,124.59597912912383,126.09736498708712,123.76829017082473,125.34667205810547,2468400,0.0,0.0
2024-07-02 00:00:00-04:00,123.92227619346163,125.74126529226167,123.90303819890775,125.00020599365234,1751500,0.0,0.0
2024-07-03 00:00:00-04:00,125.13495521317499,125.66429381483047,123.8837952507602,125.36592864990234,904000,0.0,0.0
2024-07-05 00:00:00-04:00,125.34659589148924,125.66547197668359,123.80053270467144,124.73783111572266,1435100,0.52,0.0
2024-07-08 00:00:00-04:00,125.35624242041247,126.63174664904909,124.89242940288551,125.73309326171875,1688200,0.0,0.0
2024-07-09 00:00:00-04:00,125.63649930611462,128.4580524200323,125.41424292882934,127.63670349121094,2164400,0.0,0.0
2024-07-10 00:00:00-04:00,128.58364409514311,130.45822595212772,128.4000474545909,130.0813751220703,1920300,0.0,0.0
2024-07-11 00:00:00-04:00,130.07173324108544,130.4195967218369,127.00860899818964,127.02793884277344,2266100,0.0,0.0
2024-07-12 00:00:00-04:00,127.4241007190218,127.58836753182092,125.65579597745352,125.78141784667969,1557000,0.0,0.0
2024-07-15 00:00:00-04:00,126.01333950737035,126.96995304935373,125.29828268021916,125.9843521118164,1537200,0.0,0.0
2024-07-16 00:00:00-04:00,126.33220750298705,127.20185880255067,124.45761074081351,127.1535415649414,1818400,0.0,0.0
2024-07-17 00:00:00-04:00,125.19198119369659,125.40456524127192,122.52503779368422,123.12413024902344,1834200,0.0,0.0
2024-07-18 00:00:00-04:00,123.99379420259227,124.22569334561943,120.87268062208135,121.8389663696289,1776500,0.0,0.0
2024-07-19 00:00:00-04:00,122.186841223619,122.63133919645877,121.55876132687875,121.964599609375,1220400,0.0,0.0
2024-07-22 00:00:00-04:00,123.20144598252979,124.544582725428,122.87291233188752,124.01312255859375,1129800,0.0,0.0
2024-07-23 00:00:00-04:00,123.9454775388556,124.97939562644501,123.45266974112097,124.8441162109375,1045700,0.0,0.0
2024-07-24 00:00:00-04:00,124.30301042702334,124.68951886702139,121.23988606976559,121.46212768554688,1530000,0.0,0.0
2024-07-25 00:00:00-04:00,121.33650818397355,123.17245268707663,119.35561933575103,121.32684326171875,1466200,0.0,0.0
2024-07-26 00:00:00-04:00,122.62167176085586,122.62167176085586,120.9886463695764,121.89695739746094,1194900,0.0,0.0
2024-07-29 00:00:00-04:00,122.66032377519588,122.66032377519588,120.36055881617848,120.77606201171875,1032100,0.0,0.0
2024-07-30 00:00:00-04:00,121.55876685872823,122.23516402700322,117.70328088303216,118.43766021728516,1691200,0.0,0.0
2024-07-31 00:00:00-04:00,120.84370777727322,122.92122385904247,119.5488882583235,122.69898223876953,2086300,0.0,0.0
2024-08-01 00:00:00-04:00,122.16751543021427,123.80053343840115,117.27811158362547,118.37967681884766,1801000,0.0,0.0
2024-08-02 00:00:00-04:00,116.15721120391402,116.51473959180258,113.64486968333789,115.03632354736328,2385900,0.0,0.0
2024-08-05 00:00:00-04:00,109.98265067585625,112.11814143278139,109.3642283467999,111.7123031616211,2204600,0.0,0.0
2024-08-06 00:00:00-04:00,112.36936958681032,114.85272364366915,111.90554918786337,113.13273620605469,1561400,0.0,0.0
2024-08-07 00:00:00-04:00,114.18599855599201,115.83834649553575,112.0118553662488,112.31140899658203,1859200,0.0,0.0
2024-08-08 00:00:00-04:00,113.97340497018784,115.35519393251235,112.31139961876453,115.20059204101562,1186000,0.0,0.0
2024-08-09 00:00:00-04:00,114.8044267439953,118.66957038857375,114.03140243838547,118.36035919189453,1300100,0.0,0.0
2024-08-12 00:00:00-04:00,118.36034671635687,119.84842774733252,118.26371960986249,118.78551483154297,1169500,0.0,0.0
2024-08-13 00:00:00-04:00,119.66483732086887,122.27381356523948,119.55855265870893,121.62640380859375,1492200,0.0,0.0
2024-08-14 00:00:00-04:00,122.02258116071138,123.43335767719671,121.92595404602702,122.82460021972656,1163100,0.0,0.0
2024-08-15 00:00:00-04:00,124.4865977252029,127.14388359711684,124.44793803750227,126.99893188476562,1888500,0.0,0.0
2024-08-16 00:00:00-04:00,126.25490528607376,127.00860702526894,125.0180606502483,126.10029602050781,1374900,0.0,0.0
2024-08-19 00:00:00-04:00,125.55919167942685,127.50142102232849,125.2209857181017,127.25984954833984,1459000,0.0,0.0
2024-08-20 00:00:00-04:00,127.30816777525833,127.64637373919557,126.68974538684523,126.9603042602539,1404600,0.0,0.0
2024-08-21 00:00:00-04:00,127.4627419542139,129.34699599806922,127.16319576574827,128.91217041015625,1074000,0.0,0.0
2024-08-22 00:00:00-04:00,128.92184473535698,129.83981326137402,126.81534884922003,127.19219970703125,1177500,0.0,0.0
2024-08-23 00:00:00-04:00,128.52565073631231,129.04745325120294,127.78162139168361,128.63194274902344,1223800,0.0,0.0
2024-08-26 00:00:00-04:00,128.1971189685816,129.24070926882186,127.30813791526938,128.03285217285156,981000,0.0,0.0
2024-08-27 00:00:00-04:00,127.1148819250729,128.80588183543668,126.40949751945318,128.63194274902344,1878600,0.0,0.0
2024-08-28 00:00:00-04:00,126.81536640255571,129.14410420810918,126.57379492835847,127.46277618408203,1916300,0.0,0.0
2024-08-29 00:00:00-04:00,120.86302411820022,121.85829726723662,115.13294929078324,115.18125915527344,4074400,0.0,0.0
2024-08-30 00:00:00-04:00,115.66441632225187,117.02688294504249,114.30195707163743,116.65003204345703,3020400,0.0,0.0
2024-09-03 00:00:00-04:00,118.56327702124557,118.60192934191981,114.05072363604107,114.93970489501953,2571600,0.0,0.0
2024-09-04 00:00:00-04:00,114.35992336629133,115.22958206384985,112.75589276606173,115.06531524658203,1519400,0.0,0.0
2024-09-05 00:00:00-04:00,113.9154333939213,114.53385572169381,112.04083656601205,112.88150787353516,2455600,0.0,0.0
2024-09-06 00:00:00-04:00,112.70757518515441,113.60622127454317,109.84737010021853,110.33051300048828,1730700,0.0,0.0
2024-09-09 00:00:00-04:00,111.75094635099362,112.31139384472898,110.25320051791549,110.73634338378906,2272200,0.0,0.0
2024-09-10 00:00:00-04:00,110.82331324421196,111.41274813200603,109.70241825359534,111.0938720703125,1388300,0.0,0.0
2024-09-11 00:00:00-04:00,111.26781077678126,111.94420788446025,109.06468034356904,111.7509536743164,1717500,0.0,0.0
2024-09-12 00:00:00-04:00,111.92489580583609,113.32600738992721,111.10355427819039,112.53365325927734,1587100,0.0,0.0
2024-09-13 00:00:00-04:00,112.49499580991225,114.13768616247994,112.21477203143584,113.36465454101562,1529300,0.0,0.0
2024-09-16 00:00:00-04:00,112.56263744282282,114.08937086654554,112.09882435977796,113.8864517211914,1444300,0.0,0.0
2024-09-17 00:00:00-04:00,114.76576343443932,116.26350940217974,114.30195036991731,115.02666473388672,1218600,0.0,0.0
2024-09-18 00:00:00-04:00,115.68373842588193,117.18147700902337,114.94935914560847,115.32621002197266,1204000,0.0,0.0
2024-09-19 00:00:00-04:00,117.88686792392411,117.89653284615983,115.85766921278349,116.03160095214844,1219400,0.0,0.0
2024-09-20 00:00:00-04:00,115.74170201940429,118.1477513908723,115.62575245153954,118.09944152832031,3193700,0.0,0.0
2024-09-23 00:00:00-04:00,118.58260179513827,119.00776993219141,117.67429072858874,118.7758560180664,1321000,0.0,0.0
2024-09-24 00:00:00-04:00,119.43293502281438,119.56821445819897,117.53901555525377,118.80484771728516,1693400,0.0,0.0
2024-09-25 00:00:00-04:00,118.70821995682736,119.23968014450287,117.06553689484605,117.57766723632812,1511300,0.0,0.0
2024-09-26 00:00:00-04:00,119.33630384179412,120.82438495249868,118.97877541921589,120.2542724609375,1619900,0.0,0.0
2024-09-27 00:00:00-04:00,120.25426525191473,120.4861791526348,117.01720928583053,117.1524887084961,1302100,0.0,0.0
2024-09-30 00:00:00-04:00,117.17182694110033,119.51023698277983,117.03654750875035,119.3459701538086,1673000,0.0,0.0
2024-10-01 00:00:00-04:00,119.34596415597277,119.55854821674662,116.84328003892045,117.22013092041016,1366000,0.0,0.0
2024-10-02 00:00:00-04:00,117.17182450781473,119.99337742705697,117.17182450781473,118.87248229980469,1122500,0.0,0.0
2024-10-03 00:00:00-04:00,118.28304806624325,119.28797880860132,117.80956271727916,118.57292938232422,999200,0.0,0.0
2024-10-04 00:00:00-04:00,120.24203027865877,120.24203027865877,118.48560471021077,119.73741912841797,845000,0.52,0.0
2024-10-07 00:00:00-04:00,119.09696162519668,121.04745646834681,118.72820561030369,120.2129135131836,915900,0.0,0.0
2024-10-08 00:00:00-04:00,120.98922421039566,122.91061552819332,120.55254806721628,122.80387115478516,1222800,0.0,0.0
2024-10-09 00:00:00-04:00,122.3283751019275,123.7257506549308,121.68791624250068,123.50255584716797,1344400,0.0,0.0
2024-10-10 00:00:00-04:00,122.70682862461457,123.19202764235294,120.90188768634387,121.28034973144531,1438600,0.0,0.0
2024-10-11 00:00:00-04:00,121.29975417998315,123.58989413118519,121.29975417998315,123.17262268066406,891200,0.0,0.0
2024-10-14 00:00:00-04:00,123.36670239914619,124.01687472444507,122.91062153104947,123.10469818115234,824500,0.0,0.0
2024-10-15 00:00:00-04:00,123.53167265913498,124.45354782978771,121.53264767517467,121.66850280761719,1206500,0.0,0.0
2024-10-16 00:00:00-04:00,121.85288076100072,122.77475593133443,121.71702562860521,122.15370178222656,873900,0.0,0.0
2024-10-17 00:00:00-04:00,123.4249267942303,123.96834731744495,122.65831146838144,122.93972778320312,885200,0.0,0.0
2024-10-18 00:00:00-04:00,123.59960017295664,123.59960017295664,121.4162045979211,122.78446197509766,1027500,0.0,0.0
2024-10-21 00:00:00-04:00,121.93051603016379,123.22114720893191,121.16390068496054,121.61028289794922,1127200,0.0,0.0
2024-10-22 00:00:00-04:00,120.329345703125,120.44579612230882,114.91452336963266,116.20515441894531,1786600,0.0,0.0
2024-10-23 00:00:00-04:00,115.11831980263791,117.61224253391347,115.11831980263791,115.48707580566406,1524200,0.0,0.0
2024-10-24 00:00:00-04:00,115.45796781219856,116.52540422869905,114.7301692459187,116.2925033569336,1385700,0.0,0.0
2024-10-25 00:00:00-04:00,116.90385609113551,117.12704350012827,115.80730153926346,115.87523651123047,1158100,0.0,0.0
2024-10-28 00:00:00-04:00,116.30220651010008,117.24349381691322,115.68115234131506,116.84563446044922,1112300,0.0,0.0
2024-10-29 00:00:00-04:00,117.03000023911325,118.70879207855967,116.51569047084942,117.65105438232422,929800,0.0,0.0
2024-10-30 00:00:00-04:00,116.50598936123272,117.04941731226326,113.91502830350123,115.24447631835938,1587600,0.0,0.0
2024-10-31 00:00:00-04:00,114.68163611617321,114.71074687165104,111.78984681407194,111.89659118652344,1630200,0.0,0.0
2024-11-01 00:00:00-04:00,112.13919219153298,114.17703394491419,112.13919219153298,112.6632080078125,1901500,0.0,0.0
2024-11-04 00:00:00-05:00,112.55646363120825,113.21633457722399,111.83837117345708,112.0324478149414,1780700,0.0,0.0
2024-11-05 00:00:00-05:00,112.04216150874025,113.40072030242467,112.04216150874025,112.95433807373047,1413100,0.0,0.0
2024-11-06 00:00:00-05:00,116.80681434608077,117.90336146230422,115.31240048109558,117.5443115234375,2337700,0.0,0.0
2024-11-07 00:00:00-05:00,117.90336144919114,119.41718001718073,116.96207416910293,119.1939926147461,1619400,0.0,0.0
2024-11-08 00:00:00-05:00,119.3589614376902,121.31916226227578,119.3589614376902,120.33906555175781,1367600,0.0,0.0
2024-11-11 00:00:00-05:00,119.97030663586952,120.610772893923,118.01981191226915,118.32063293457031,1040500,0.0,0.0
2024-11-12 00:00:00-05:00,117.76750790652126,118.92228395482607,116.8165145602321,117.34053039550781,1369400,0.0,0.0
2024-11-13 00:00:00-05:00,116.94266969766971,118.41767145869152,115.97227165912788,116.13723754882812,1422900,0.0,0.0
2024-11-14 00:00:00-05:00,113.52686609252864,115.58411262917078,112.63410166105264,114.57489776611328,1466700,0.0,0.0
2024-11-15 00:00:00-05:00,113.3424894853286,114.73985757244279,113.22603905992358,113.74034881591797,1973000,0.0,0.0
2024-11-18 00:00:00-05:00,113.96355393614742,116.31191553456935,113.62390868217285,115.80730438232422,1651900,0.0,0.0
2024-11-19 00:00:00-05:00,115.24446984904021,118.66997364299577,115.18624093397192,118.58263397216797,2545200,0.0,0.0
2024-11-20 00:00:00-05:00,118.77671794001809,119.86355897326963,117.68016345012059,119.7956314086914,2421600,0.0,0.0
2024-11-21 00:00:00-05:00,121.2997542007592,124.24975770779814,119.90237866323062,122.93002319335938,4469400,0.0,0.0
2024-11-22 00:00:00-05:00,131.10078727788127,131.44041772355678,117.03971368800228,118.71849822998047,5663700,0.0,0.0
2024-11-25 00:00:00-05:00,120.03823383701588,122.56127464810066,119.55303482004565,122.44482421875,4724700,0.0,0.0
2024-11-26 00:00:00-05:00,122.66800849067499,126.11292417677016,122.60977957922502,125.76358032226562,2670100,0.0,0.0
2024-11-27 00:00:00-05:00,125.10372112712875,125.25898837664901,118.50501849706612,118.80583953857422,1779500,0.0,0.0
2024-11-29 00:00:00-05:00,119.30073540564604,120.52343158498151,118.95139152482179,119.00961303710938,935200,0.0,0.0
2024-12-02 00:00:00-05:00,118.7087995856458,120.30995790755998,118.30123416655488,119.640380859375,1799100,0.0,0.0
2024-12-03 00:00:00-05:00,119.82474650734957,121.16389306206469,118.47588649623663,120.9795150756836,1764600,0.0,0.0
2024-12-04 00:00:00-05:00,122.46422577923303,125.90914167273924,121.2997511298066,125.22986602783203,2445600,0.0,0.0
2024-12-05 00:00:00-05:00,125.18134442035259,126.38464329417351,124.70584406060348,124.97755432128906,1864300,0.0,0.0
2024-12-06 00:00:00-05:00,125.04550134207234,127.41327510519783,124.96786771623707,127.22889709472656,2100400,0.0,0.0
2024-12-09 00:00:00-05:00,127.10272702780853,127.12213913396923,123.67722324181983,123.82278442382812,1656800,0.0,0.0
2024-12-10 00:00:00-05:00,123.63841913201844,124.72526020999122,117.04941548261017,117.63165283203125,2392900,0.0,0.0
2024-12-11 00:00:00-05:00,118.68937699400576,121.26093317435033,117.72868504713598,119.02902221679688,2043800,0.0,0.0
2024-12-12 00:00:00-05:00,118.49530781115136,120.61077588009763,118.20418543145567,119.85386657714844,1207500,0.0,0.0
2024-12-13 00:00:00-05:00,120.07704781305014,120.64958648940915,117.92276304397427,118.34003448486328,885900,0.0,0.0
2024-12-16 00:00:00-05:00,121.14448393520847,123.43462382958975,119.0484280848294,122.3671875,2130800,0.0,0.0
2024-12-17 00:00:00-05:00,121.27065774228159,121.64911242772429,118.21390209531724,118.86406707763672,1608800,0.0,0.0
2024-12-18 00:00:00-05:00,119.26191883516535,119.89267903255868,114.44874551628371,114.83689880371094,1873800,0.0,0.0
2024-12-19 00:00:00-05:00,114.5069688739294,115.95285988247922,112.78936759838224,113.1290054321289,1620700,0.0,0.0
2024-12-20 00:00:00-05:00,112.50795544858379,116.27309732313904,111.69281721382556,114.94364929199219,3813600,0.0,0.0
2024-12-23 00:00:00-05:00,114.75927429932325,115.18624440256886,113.575387505791,114.58460235595703,1457000,0.0,0.0
2024-12-24 00:00:00-05:00,114.50697456620176,115.34151751549366,114.07029838732687,115.32210540771484,441300,0.0,0.0
2024-12-26 00:00:00-05:00,114.99216457625981,115.71996308623613,113.96354505129571,114.84660339355469,733800,0.0,0.0
2024-12-27 00:00:00-05:00,113.6044937010261,114.2643646379648,112.20711821020313,113.49774932861328,995000,0.0,0.0
2024-12-30 00:00:00-05:00,111.7219222141658,113.3716033026522,111.13968487851447,113.04166412353516,2225400,0.0,0.0
2024-12-31 00:00:00-05:00,113.57538768912667,114.08969746666035,111.2658430151558,112.64380645751953,1378100,0.0,0.0
2025-01-02 00:00:00-05:00,113.51715992196814,113.8567977371426,111.40169201146128,112.48853302001953,1429100,0.0,0.0
2025-01-03 00:00:00-05:00,112.85894750642962,114.12615235807424,112.85894750642962,113.98968505859375,1091900,0.52,0.0
2025-01-06 00:00:00-05:00,115.55907610936437,116.49485514278254,114.21388770633581,115.02294921875,1212200,0.0,0.0
2025-01-07 00:00:00-05:00,115.90998942362937,116.29014940796361,113.58028057014336,114.2236328125,1374000,0.0,0.0
2025-01-08 00:00:00-05:00,113.92144285169427,115.14964845476256,112.70297960006417,115.11065673828125,1117900,0.0,0.0
2025-01-10 00:00:00-05:00,113.84346384367427,114.60378375233854,112.70298398067786,113.34632873535156,1359900,0.0,0.0
2025-01-13 00:00:00-05:00,111.46502614958892,112.17661202064869,110.0126199137857,112.02064514160156,1421000,0.0,0.0
2025-01-14 00:00:00-05:00,112.62500678332333,114.97420028671212,112.62500678332333,113.7459945678711,1889900,0.0,0.0
2025-01-15 00:00:00-05:00,115.73453753017796,116.70930830637553,115.37386966569696,116.34864044189453,1257600,0.0,0.0
2025-01-16 00:00:00-05:00,116.97248744262613,118.49312739956892,116.48510207828186,116.95299530029297,1206900,0.0,0.0
2025-01-17 00:00:00-05:00,118.63934018007284,119.6531025934568,117.21617586039251,119.00975036621094,1876200,0.0,0.0
2025-01-21 00:00:00-05:00,119.75057694806337,121.1639989009005,119.31193311537157,120.54988861083984,1301600,0.0,0.0
2025-01-22 00:00:00-05:00,121.84633794518771,123.9810881657987,121.18349356928948,122.8698501586914,1483600,0.0,0.0
2025-01-23 00:00:00-05:00,122.18750403532088,123.11354064941406,120.96904067749576,123.11354064941406,1088200,0.0,0.0
2025-01-24 00:00:00-05:00,123.36697515925127,123.42546645728206,121.79759376595861,122.82110595703125,912600,0.0,0.0
2025-01-27 00:00:00-05:00,118.47363253065612,118.98051002566815,115.14966085260978,116.90425109863281,2104300,0.0,0.0
2025-01-28 00:00:00-05:00,117.42088033105169,117.64508086945034,114.77925256570546,116.51434326171875,1276300,0.0,0.0
2025-01-29 00:00:00-05:00,117.46961525972266,118.15195175242337,116.53383631105741,117.24541473388672,1341200,0.0,0.0
2025-01-30 00:00:00-05:00,118.98051162726824,120.93980285554966,118.65884294192594,119.3509292602539,1285900,0.0,0.0
2025-01-31 00:00:00-05:00,119.96502949933988,121.46617726661349,118.6588403338026,119.01950073242188,1316500,0.0,0.0
2025-02-03 00:00:00-05:00,116.25116079438713,117.72305926049908,114.681779304529,116.69955444335938,1184800,0.0,0.0
2025-02-04 00:00:00-05:00,116.33888384436212,118.65884291558554,116.05619944337649,118.35665893554688,1373700,0.0,0.0
2025-02-05 00:00:00-05:00,118.85379987713208,120.76434968736928,117.94726276665573,120.59864044189453,965400,0.0,0.0
2025-02-06 00:00:00-05:00,121.12501135551823,121.59289713492637,119.94553968058426,120.91056060791016,1087400,0.0,0.0
2025-02-07 00:00:00-05:00,121.8268495223477,123.0745548710893,119.73109095833149,119.80907440185547,940300,0.0,0.0
2025-02-10 00:00:00-05:00,117.70356402877438,119.98452393588832,113.83372309398894,119.91629028320312,2120800,0.0,0.0
2025-02-11 00:00:00-05:00,118.23968542450164,118.23968542450164,116.09518548511389,116.5435791015625,1106200,0.0,0.0
2025-02-12 00:00:00-05:00,114.44783287822658,115.86124743601792,113.98968945363052,114.92546844482422,1595000,0.0,0.0
2025-02-13 00:00:00-05:00,114.94495937184922,116.72879154100869,113.99943060119386,114.75975799560547,1306000,0.0,0.0
2025-02-14 00:00:00-05:00,114.87672645581105,116.16342349295505,114.79874301430891,116.05619812011719,1036100,0.0,0.0
2025-02-18 00:00:00-05:00,116.62156694180796,117.6938132335168,115.23739432093089,117.47936248779297,1902400,0.0,0.0
2025-02-19 00:00:00-05:00,118.22018652273168,121.57340003159527,117.53785002356062,121.38819122314453,2198100,0.0,0.0
2025-02-20 00:00:00-05:00,121.53440183014239,122.3239636566311,118.7952987535307,121.40768432617188,1496100,0.0,0.0
2025-02-21 00:00:00-05:00,122.19725725423058,123.7568889086389,120.25746561646366,121.3297119140625,2975300,0.0,0.0
2025-02-24 00:00:00-05:00,121.25173115034622,122.18751016366087,118.11296819325777,120.38418579101562,2339300,0.0,0.0
2025-02-25 00:00:00-05:00,120.78383750526541,120.99828080604422,118.30791910661158,119.52638244628906,2192300,0.0,0.0
2025-02-26 00:00:00-05:00,121.30047094316917,124.55620158272262,120.24771677926513,121.34920501708984,1816600,0.0,0.0
2025-02-27 00:00:00-05:00,120.89106198018511,121.56365615990109,114.8669786053019,115.23739624023438,2845200,0.0,0.0
2025-02-28 00:00:00-05:00,96.82396911750392,102.60435928996861,95.04988685638357,97.29185485839844,10002100,0.0,0.0
2025-03-03 00:00:00-05:00,98.0814322917224,98.13991615497275,92.7884269971641,93.31480407714844,3429900,0.0,0.0
2025-03-04 00:00:00-05:00,91.62844831354171,93.26606343194099,90.25401801912156,91.19954681396484,3172300,0.0,0.0
2025-03-05 00:00:00-05:00,91.03383751793695,93.64622336143054,90.64392774010453,92.47650146484375,2077600,0.0,0.0
2025-03-06 00:00:00-05:00,90.90712286878886,91.71617694494557,88.88934769952756,89.54244232177734,2692300,0.0,0.0
2025-03-07 00:00:00-05:00,89.25975839657166,91.99886185852364,88.86010625126595,91.40425109863281,2480900,0.0,0.0
2025-03-10 00:00:00-04:00,90.24427315491201,90.6829169949732,87.8463381262964,89.72764587402344,2147300,0.0,0.0
2025-03-11 00:00:00-04:00,89.83487308541825,90.62443498845977,87.80734820385122,88.62615203857422,2577600,0.0,0.0
2025-03-12 00:00:00-04:00,90.43923317210748,90.79990104355306,88.05104769907135,89.18177795410156,2317800,0.0,0.0
2025-03-13 00:00:00-04:00,88.83085380825688,89.60092357617808,87.61239039766836,87.78784942626953,2203500,0.0,0.0
2025-03-14 00:00:00-04:00,89.1817731801629,90.5562034972854,88.60666201160396,89.65941619873047,1751600,0.0,0.0
2025-03-17 00:00:00-04:00,89.63990826150301,91.94036759507347,89.38646580965953,90.92660522460938,2073700,0.0,0.0
2025-03-18 00:00:00-04:00,90.70241993232945,91.20929744265662,89.59118188857595,89.9323501586914,2552900,0.0,0.0
2025-03-19 00:00:00-04:00,90.61468433733032,92.33028286979834,90.01032381965479,91.17030334472656,2075600,0.0,0.0
2025-03-20 00:00:00-04:00,90.51721028095396,91.7356736893914,89.70814879289298,89.77638244628906,2845900,0.0,0.0
2025-03-21 00:00:00-04:00,89.33773126241532,90.62442821865463,88.49942791125382,89.92259216308594,5417000,0.0,0.0
2025-03-24 00:00:00-04:00,91.56021243907354,92.8469094696809,90.65367538771993,92.7201919555664,2170400,0.0,0.0
2025-03-25 00:00:00-04:00,92.95413472777622,93.67546296484456,91.50172846428573,92.00860595703125,2095300,0.0,0.0
2025-03-26 00:00:00-04:00,92.06710349736395,92.39852945244058,90.3612545156146,90.40999603271484,1900300,0.0,0.0
2025-03-27 00:00:00-04:00,89.37672319739684,89.54243242288845,88.48967833698316,88.79185485839844,2640200,0.0,0.0
2025-03-28 00:00:00-04:00,88.46043295950165,88.53841639324986,85.91628106951528,86.16972351074219,2662200,0.0,0.0
2025-03-31 00:00:00-04:00,84.99026057889195,86.40367513353104,84.22019082561543,85.62385559082031,2953400,0.0,0.0
2025-04-01 00:00:00-04:00,86.12097803090317,87.40767488072885,85.77980982013675,87.23221588134766,2838800,0.0,0.0
2025-04-02 00:00:00-04:00,86.12099197801479,88.91858663318244,85.81881543338613,88.20700073242188,1591200,0.0,0.0
2025-04-03 00:00:00-04:00,84.5516118660043,84.69782896431852,79.50229913767248,79.55104064941406,3334200,0.0,0.0
2025-04-04 00:00:00-04:00,76.98076261012301,77.32411865741607,73.40984474907435,74.6557388305664,3381900,0.52,0.0
2025-04-07 00:00:00-04:00,71.61458015215034,78.08932151830123,70.47659145027473,75.60733795166016,3676600,0.0,0.0
2025-04-08 00:00:00-04:00,78.31495655501634,79.53142125001835,73.38041907741378,74.69498443603516,2913300,0.0,0.0
2025-04-09 00:00:00-04:00,74.59687607531835,85.80013985664766,73.8709222579198,84.46595001220703,4518500,0.0,0.0
2025-04-10 00:00:00-04:00,81.56213929992452,82.15075079241029,78.29533541241689,80.71846008300781,3555600,0.0,0.0
2025-04-11 00:00:00-04:00,80.2279455776506,82.06245867158843,79.15863562189813,81.07162475585938,2738500,0.0,0.0
2025-04-14 00:00:00-04:00,83.51436662357767,83.51436662357767,80.35548333935063,81.69947814941406,2516700,0.0,0.0
2025-04-15 00:00:00-04:00,80.94409261625371,82.37638322410122,80.20832643166489,80.62035369873047,2539800,0.0,0.0
2025-04-16 00:00:00-04:00,79.14882388423918,80.64978575171082,78.69755484127784,79.80610656738281,1776400,0.0,0.0
2025-04-17 00:00:00-04:00,81.13047889833094,81.74852726274446,80.11022307646179,81.04219055175781,1602000,0.0,0.0
2025-04-21 00:00:00-04:00,79.95326809055254,80.63998028276575,79.10958883463258,80.12985229492188,1286200,0.0,0.0
2025-04-22 00:00:00-04:00,81.0716198772877,81.44440536991894,80.17889416336013,80.88522338867188,1771700,0.0,0.0
2025-04-23 00:00:00-04:00,83.73019298792984,85.90806216152183,82.87670897664712,83.26911163330078,1722400,0.0,0.0
2025-04-24 00:00:00-04:00,83.82828621239653,86.66343781732687,83.50455479784827,86.49666595458984,1813000,0.0,0.0
2025-04-25 00:00:00-04:00,86.22198499241473,86.82040874752164,85.2703928741431,86.77135467529297,1699100,0.0,0.0
2025-04-28 00:00:00-04:00,86.24161429564332,87.40902493511716,85.53527753097958,86.32990264892578,1383700,0.0,0.0
2025-04-29 00:00:00-04:00,85.54507286853074,86.99698799978587,85.54507286853074,86.19255065917969,1207300,0.0,0.0
2025-04-30 00:00:00-04:00,86.4279972079105,88.24288558163667,85.05456553860944,88.04668426513672,2861500,0.0,0.0
2025-05-01 00:00:00-04:00,88.29194162344292,89.02770780363828,87.45807478280831,88.02706909179688,1386200,0.0,0.0
2025-05-02 00:00:00-04:00,89.6261285501488,90.79354657856312,89.13561777983695,90.57772064208984,1528400,0.0,0.0
2025-05-05 00:00:00-04:00,90.00873026429882,91.8824850809378,89.64574958403558,91.32329559326172,1844400,0.0,0.0
2025-05-06 00:00:00-04:00,90.26380068811214,91.7549502463222,89.42012150234825,90.5090560913086,1865000,0.0,0.0
2025-05-07 00:00:00-04:00,91.09765623715076,91.32328698866543,89.87137937361449,91.2546157836914,2257100,0.0,0.0
2025-05-08 00:00:00-04:00,91.78437839281376,93.54040795289743,91.14672034124554,92.6476821899414,1839300,0.0,0.0
2025-05-09 00:00:00-04:00,93.25591331109612,93.40306805181945,91.46064942499474,91.67646789550781,1365000,0.0,0.0
2025-05-12 00:00:00-04:00,95.64960790741048,96.66987128990831,95.29643952559967,96.56195831298828,1532500,0.0,0.0
2025-05-13 00:00:00-04:00,96.56195291005815,97.90595514811513,96.24802630874711,97.64107513427734,1377700,0.0,0.0
2025-05-14 00:00:00-04:00,98.07273093513933,98.53381228648834,97.12113878186172,97.75880432128906,1839800,0.0,0.0
2025-05-15 00:00:00-04:00,97.30753434631475,97.94519239501186,96.41480110277755,97.92557525634766,1894400,0.0,0.0
2025-05-16 00:00:00-04:00,98.08254343766758,99.04394041994136,97.4841196593825,98.62210083007812,1698600,0.0,0.0
2025-05-19 00:00:00-04:00,97.72937158804747,100.01514615996048,97.29771970177691,99.60311889648438,2036800,0.0,0.0
2025-05-20 00:00:00-04:00,98.58285444828815,99.76988963749017,98.21006895002157,99.14203643798828,1666100,0.0,0.0
2025-05-21 00:00:00-04:00,98.21007330367233,100.23097541136804,97.30753522495394,97.6803207397461,1777200,0.0,0.0
2025-05-22 00:00:00-04:00,97.68032363562801,98.61229119253842,97.00341631422084,97.88633728027344,1520200,0.0,0.0
2025-05-23 00:00:00-04:00,96.06163030868629,96.63062461541624,95.05117928943174,96.1401138305664,2840400,0.0,0.0
2025-05-27 00:00:00-04:00,97.9648105909714,98.57304663406727,97.23885675441203,98.46513366699219,2135600,0.0,0.0
2025-05-28 00:00:00-04:00,98.77906570182503,99.21071010931682,97.65088938314736,97.7784194946289,1812100,0.0,0.0
2025-05-29 00:00:00-04:00,98.1021640611296,98.31799001960026,96.3363221141888,97.32715606689453,3941500,0.0,0.0
2025-05-30 00:00:00-04:00,92.70654238253148,99.07337055205623,92.32394455241926,97.27810668945312,7014000,0.0,0.0
2025-06-02 00:00:00-04:00,97.14075558321767,97.2290514192505,94.30560375668865,96.89550018310547,3087600,0.0,0.0
2025-06-03 00:00:00-04:00,96.89549343951684,101.75155451453406,96.6110037816349,101.69269561767578,2701700,0.0,0.0
2025-06-04 00:00:00-04:00,102.02624508723547,103.01707898617471,101.57497605519401,101.79080200195312,2744800,0.0,0.0
2025-06-05 00:00:00-04:00,101.9379531235062,103.00726302323442,101.31009244400835,102.61485290527344,2673700,0.0,0.0
2025-06-06 00:00:00-04:00,103.49778478285846,104.94970012801316,102.85030689682155,104.23355102539062,2872700,0.0,0.0
2025-06-09 00:00:00-04:00,104.89082404384723,105.05759591376855,100.90787888082912,101.10408020019531,2317800,0.0,0.0
2025-06-10 00:00:00-04:00,101.10407915452772,101.62401938161116,100.06419870036083,100.56452178955078,1879700,0.0,0.0
2025-06-11 00:00:00-04:00,101.03540406309122,101.03540406309122,99.26956982110251,100.68223571777344,2800600,0.0,0.0
2025-06-12 00:00:00-04:00,100.21135073611512,101.73192961609163,99.98571249110427,100.98635864257812,1900900,0.0,0.0
2025-06-13 00:00:00-04:00,99.55407196536869,100.07401219861931,98.0040560923796,98.58285522460938,3516000,0.0,0.0
2025-06-16 00:00:00-04:00,99.72084216250204,102.3009261473423,99.24994852476748,102.22244262695312,2113900,0.0,0.0
2025-06-17 00:00:00-04:00,101.6043975846418,102.65409030192195,100.50565079797653,101.24141693115234,2124500,0.0,0.0
2025-06-18 00:00:00-04:00,102.15377195795529,102.26168492791093,100.46642116826807,100.79996490478516,1859600,0.0,0.0
2025-06-20 00:00:00-04:00,101.53573686620825,101.95757645885287,99.90723739729154,100.7411117553711,3005900,0.0,0.0
2025-06-23 00:00:00-04:00,100.09362860757594,102.37941063955498,99.7993266302236,102.2911148071289,2523200,0.0,0.0
2025-06-24 00:00:00-04:00,102.81106877204765,104.20411767617331,101.93796012899698,104.1158218383789,1905400,0.0,0.0
2025-06-25 00:00:00-04:00,104.40031012972779,104.96930441726565,103.05631541471637,103.18384552001953,1677000,0.0,0.0
2025-06-26 00:00:00-04:00,103.32119832911667,103.74303793167442,101.57498101584073,102.76201629638672,2115700,0.0,0.0
2025-06-27 00:00:00-04:00,103.29176058997994,104.43955401486909,101.50630165639667,103.7136001586914,2976100,0.0,0.0
2025-06-30 00:00:00-04:00,104.47880084538414,104.93988219688583,103.43892034002349,104.5278549194336,2006000,0.0,0.0
2025-07-01 00:00:00-04:00,104.03734604027208,106.0484358752558,103.61550644329289,104.66519927978516,1493500,0.0,0.0
2025-07-02 00:00:00-04:00,104.38069854040748,105.63640497647722,102.86011208399759,105.56773376464844,1400100,0.0,0.0
2025-07-03 00:00:00-04:00,105.92260747291388,106.71123857235723,105.33113790880316,105.73531341552734,940200,0.52,0.0
2025-07-07 00:00:00-04:00,105.35086408715422,106.37608156901436,103.7045971332471,104.00033569335938,1376900,0.0,0.0
2025-07-08 00:00:00-04:00,104.67067203230826,105.6367448300982,103.76375146030573,105.14385223388672,1270400,0.0,0.0
2025-07-09 00:00:00-04:00,105.14384934565277,105.54801735255299,104.09891195614615,105.15370178222656,1201900,0.0,0.0
2025-07-10 00:00:00-04:00,105.321285050768,105.37057731815948,104.20735050459457,104.90725708007812,1354700,0.0,0.0
2025-07-11 00:00:00-04:00,103.90176223688906,104.46365950358107,103.08355871072257,103.77360534667969,1538100,0.0,0.0
2025-07-14 00:00:00-04:00,103.51729976508987,103.89189541114031,101.25985088962523,103.18212890625,1275000,0.0,0.0
2025-07-15 00:00:00-04:00,104.32563705036596,104.32563705036596,101.95975134898542,101.99918365478516,982300,0.0,0.0
2025-07-16 00:00:00-04:00,102.17663739618193,102.9948409165038,100.9246859815315,102.67938995361328,1423100,0.0,0.0
2025-07-17 00:00:00-04:00,102.85681787107818,105.7353161950547,102.56108684172054,105.72545623779297,2577800,0.0,0.0
2025-07-18 00:00:00-04:00,106.64224247402043,108.75182218525497,106.22821449800861,106.82954406738281,1742700,0.0,0.0
2025-07-21 00:00:00-04:00,107.49001458444732,107.50972697840183,105.40014734090512,105.9324722290039,2159700,0.0,0.0
2025-07-22 00:00:00-04:00,105.9423356636588,106.43522825908221,103.42858041862175,103.4581527709961,1650300,0.0,0.0
2025-07-23 00:00:00-04:00,104.14819734472742,104.98611317574421,103.82288645662122,104.37492370605469,2082900,0.0,0.0
2025-07-24 00:00:00-04:00,104.2270691874967,104.83825117863748,103.113127133551,103.17227935791016,1585200,0.0,0.0
2025-07-25 00:00:00-04:00,103.59615734835711,103.84260363477449,102.88639836106783,103.44829559326172,893200,0.0,0.0
2025-07-28 00:00:00-04:00,103.86232690254042,105.60716335749105,103.86232690254042,105.39029693603516,1177200,0.0,0.0
2025-07-29 00:00:00-04:00,106.12963729698465,106.38593603162252,103.8919007011826,104.58194732666016,1362900,0.0,0.0
2025-07-30 00:00:00-04:00,104.49322412101284,104.98611668762139,102.69909547939547,103.21170043945312,1363200,0.0,0.0
2025-07-31 00:00:00-04:00,103.3891496954996,104.4143672122307,102.42308440536932,102.64981079101562,1196400,0.0,0.0
2025-08-01 00:00:00-04:00,101.05284065421466,101.37814404688127,99.13055504546949,99.66287994384766,1415000,0.0,0.0
2025-08-04 00:00:00-04:00,100.37264309618867,101.85132081270349,99.79103347107919,101.76260375976562,1193800,0.0,0.0
2025-08-05 00:00:00-04:00,102.2949205826958,102.55122682474484,100.35293017611909,100.55994415283203,1255800,0.0,0.0
2025-08-06 00:00:00-04:00,101.23027367881646,102.77795597508867,100.67822891210261,101.86117553710938,1630400,0.0,0.0
2025-08-07 00:00:00-04:00,102.8568195467502,103.1229857505464,100.90496914998279,102.37378692626953,1330400,0.0,0.0
2025-08-08 00:00:00-04:00,103.02440932287938,104.97625973070575,102.42307977275512,104.70024108886719,1275300,0.0,0.0
2025-08-11 00:00:00-04:00,104.39464361978786,105.7550243505818,103.83274641348781,104.37492370605469,1334300,0.0,0.0
2025-08-12 00:00:00-04:00,104.9368211835566,106.51408336477446,104.7790994780009,106.24791717529297,1558300,0.0,0.0
2025-08-13 00:00:00-04:00,106.46480125880824,107.95333901190224,105.84375929233843,107.84490203857422,1306600,0.0,0.0
2025-08-14 00:00:00-04:00,107.24356563830332,108.28849547371861,106.50422678774865,108.00261688232422,1965300,0.0,0.0
2025-08-15 00:00:00-04:00,108.06177190794294,108.4462275185294,106.53380190211396,107.24356842041016,2066200,0.0,0.0
2025-08-18 00:00:00-04:00,107.00698170443206,107.83503762551383,106.79996020321775,107.35200500488281,1193400,0.0,0.0
2025-08-19 00:00:00-04:00,107.51958993652893,108.53494747476115,107.1449942733876,107.60831451416016,1731900,0.0,0.0
2025-08-20 00:00:00-04:00,107.62802881656233,107.67732108511393,104.35522224185326,106.87882995605469,2498800,0.0,0.0
2025-08-21 00:00:00-04:00,106.58308802113199,107.10555292225942,105.7353122310576,106.24791717529297,1509500,0.0,0.0
2025-08-22 00:00:00-04:00,106.92811201830797,109.2841378280619,106.03104395871502,108.94896697998047,1331300,0.0,0.0
2025-08-25 00:00:00-04:00,108.80110496912144,109.95447173930611,108.37721707226594,109.4320068359375,2293700,0.0,0.0
2025-08-26 00:00:00-04:00,109.22500000292204,109.67846027926697,107.83503930115134,107.8547592163086,3099400,0.0,0.0
2025-08-27 00:00:00-04:00,107.86461016101875,110.86139794323205,107.7463207554873,110.53608703613281,3377500,0.0,0.0
2025-08-28 00:00:00-04:00,107.06613034694149,115.75089548517808,107.06613034694149,115.55374145507812,4683700,0.0,0.0
2025-08-29 00:00:00-04:00,114.80453619197604,116.5592325330883,110.59523696475415,111.18670654296875,2552000,0.0,0.0
2025-09-02 00:00:00-04:00,109.33343306943465,113.95676024411637,108.6433789615067,113.73003387451172,2709900,0.0,0.0
2025-09-03 00:00:00-04:00,113.76946228791097,114.9326814887382,113.74974237413291,114.81439208984375,1982300,0.0,0.0
2025-09-04 00:00:00-04:00,115.33685769879283,117.29856795891665,113.56244149504937,117.1408462524414,2049800,0.0,0.0
2025-09-05 00:00:00-04:00,117.30843512284127,118.74768056721328,115.86918967846927,117.0619888305664,1412900,0.0,0.0
2025-09-08 00:00:00-04:00,117.14085239469432,119.60531529525957,116.69724456002622,119.44758605957031,3018300,0.0,0.0
2025-09-09 00:00:00-04:00,119.8714753741669,121.49802241165577,119.01384708819468,121.369873046875,2000800,0.0,0.0
2025-09-10 00:00:00-04:00,121.9120419055435,122.84854226613288,120.99526145874611,121.77403259277344,2170200,0.0,0.0
2025-09-11 00:00:00-04:00,122.53309549135301,123.84418400715224,120.83754385300026,123.31185913085938,2106600,0.0,0.0
2025-09-12 00:00:00-04:00,123.2724355048483,123.47944948297686,121.99091180678337,122.23735809326172,1868600,0.0,0.0
2025-09-15 00:00:00-04:00,122.53309751553317,124.03148763874648,121.66560176756516,122.39508819580078,2477800,0.0,0.0
2025-09-16 00:00:00-04:00,122.29650439435542,122.78939697375675,120.92626362529523,121.61631774902344,1685000,0.0,0.0
2025-09-17 00:00:00-04:00,121.44872653610847,122.98655647250445,120.47280135099025,122.15849304199219,1770500,0.0,0.0
2025-09-18 00:00:00-04:00,122.11906177267782,124.74125388383985,122.11906177267782,124.56381225585938,1842400,0.0,0.0
2025-09-19 00:00:00-04:00,124.74125545143905,124.85955237856058,122.58238353737056,123.38087463378906,7250400,0.0,0.0
2025-09-22 00:00:00-04:00,122.74996713445769,123.43016131441817,121.99091585612386,122.83869171142578,1512700,0.0,0.0
2025-09-23 00:00:00-04:00,122.83868478207927,123.00626644796739,121.17270551746155,121.68531799316406,1974600,0.0,0.0
2025-09-24 00:00:00-04:00,121.4684440070956,121.83317968904458,120.58123589258898,121.49801635742188,1825500,0.0,0.0
2025-09-25 00:00:00-04:00,120.13763530222366,120.26578466030558,117.91961878184917,119.06312561035156,1867700,0.0,0.0
2025-09-26 00:00:00-04:00,119.12227909109619,119.23071606398264,117.6436013018565,118.1759262084961,1475100,0.0,0.0
2025-09-29 00:00:00-04:00,118.95469167341437,119.42787185235412,116.47051641657619,116.8845443725586,1607600,0.0,0.0
2025-09-30 00:00:00-04:00,116.68739073477451,117.69288827702312,114.87354215065477,116.77610778808594,2056500,0.0,0.0
2025-10-01 00:00:00-04:00,115.76074672345649,117.48587068019313,115.41572343629788,116.81553649902344,1841300,0.0,0.0
2025-10-02 00:00:00-04:00,118.35336025768314,118.94483735222111,116.39164995556696,118.36322021484375,1589000,0.0,0.0
2025-10-03 00:00:00-04:00,118.6998493365976,120.1651606751582,117.47216095260838,117.54146575927734,1265300,0.52,0.0
2025-10-06 00:00:00-04:00,118.79885480309838,119.34339796378099,116.40288000340963,119.2245864868164,1636800,0.0,0.0
2025-10-07 00:00:00-04:00,120.48198493338342,121.10572819964659,116.18506421593132,116.81871032714844,1353000,0.0,0.0
2025-10-08 00:00:00-04:00,117.06622425879465,120.74929686547355,116.838511708853,120.61068725585938,1433400,0.0,0.0
2025-10-09 00:00:00-04:00,119.93743925976707,120.29386613408658,117.57116546026981,119.11567687988281,1387800,0.0,0.0
2025-10-10 00:00:00-04:00,117.81868885570066,117.81868885570066,111.51192102704934,112.80892181396484,4304600,0.0,0.0
2025-10-13 00:00:00-04:00,115.1256864632864,118.2048140770348,114.25442494841624,117.6800765991211,2052400,0.0,0.0
2025-10-14 00:00:00-04:00,115.77913790268276,120.52158843265171,115.20489375543181,119.35330200195312,2309800,0.0,0.0
2025-10-15 00:00:00-04:00,120.41268024547094,122.43243005960063,119.52161304016997,120.26416778564453,2307000,0.0,0.0
2025-10-16 00:00:00-04:00,120.89781089077378,121.77897522919653,117.48206216800315,118.21471405029297,2093800,0.0,0.0
2025-10-17 00:00:00-04:00,118.05630345750949,118.79885821412975,117.07613329379487,117.88799285888672,1234700,0.0,0.0
2025-10-20 00:00:00-04:00,118.63053897644903,119.17508211311154,115.89793555605932,116.0761489868164,1414200,0.0,0.0
2025-10-21 00:00:00-04:00,115.50191346794331,118.46222946048097,115.50191346794331,117.89788818359375,1207800,0.0,0.0
2025-10-22 00:00:00-04:00,117.82858580446873,118.39292709297015,114.48213434488379,115.60092163085938,1597100,0.0,0.0
2025-10-23 00:00:00-04:00,115.9771480748519,117.87808638032786,115.9771480748519,116.62069702148438,1521200,0.0,0.0
2025-10-24 00:00:00-04:00,118.07610293579879,118.07610293579879,115.26429181075633,115.48210906982422,1709600,0.0,0.0
2025-10-27 00:00:00-04:00,116.19496770134938,117.07613206566943,114.97717458965742,116.02665710449219,1522400,0.0,0.0
2025-10-28 00:00:00-04:00,115.8385371757063,115.99695247623201,112.97722690446221,114.75936126708984,1667200,0.0,0.0
2025-10-29 00:00:00-04:00,114.80885983685748,115.09598190245084,112.66040332088947,112.98712921142578,2164700,0.0,0.0
2025-10-30 00:00:00-04:00,112.9970220399403,115.1355832183111,112.54158939350735,114.4227294921875,1302800,0.0,0.0
2025-10-31 00:00:00-04:00,114.97717214397223,117.38304978115504,114.82866724029091,116.61079406738281,1499000,0.0,0.0
2025-11-03 00:00:00-05:00,115.99695392182353,117.11573366951403,115.63062420003551,115.77913665771484,1637900,0.0,0.0
2025-11-04 00:00:00-05:00,113.2445434319923,114.41282983711591,111.88814829931694,112.2148666381836,2002100,0.0,0.0
2025-11-05 00:00:00-05:00,113.24454889466715,115.16529296362225,112.5614036498495,114.54154968261719,1588800,0.0,0.0
2025-11-06 00:00:00-05:00,114.24452309434301,114.91777303783668,112.4821943594013,112.6406021118164,1807900,0.0,0.0
2025-11-07 00:00:00-05:00,111.71983456381749,112.4227930465076,109.73968854840498,111.84854888916016,1764700,0.0,0.0
2025-11-10 00:00:00-05:00,113.15544075290155,113.6009705683527,109.52187476250239,111.38320922851562,2084100,0.0,0.0
2025-11-11 00:00:00-05:00,110.63075624210643,111.00698882099456,108.48229961901708,109.32386016845703,2071700,0.0,0.0
2025-11-12 00:00:00-05:00,109.89809920237029,111.68023356225001,109.81889155222957,110.46244049072266,2255900,0.0,0.0
2025-11-13 00:00:00-05:00,109.89810477066186,110.67036051451913,108.27438562879334,108.51200103759766,1842100,0.0,0.0
2025-11-14 00:00:00-05:00,107.12589595598621,110.13571879302997,106.28433541375254,108.35359191894531,1437300,0.0,0.0
2025-11-17 00:00:00-05:00,106.41304944215496,108.2545782741493,105.07644484824236,105.73979949951172,2757800,0.0,0.0
2025-11-18 00:00:00-05:00,105.34376525878906,106.67045940955985,105.01703936661752,105.34376525878906,2195100,0.0,0.0
2025-11-19 00:00:00-05:00,105.8585986759865,106.19522740903427,104.98733719374864,105.21504974365234,1952600,0.0,0.0
2025-11-20 00:00:00-05:00,107.23480343860435,108.00705916444352,101.57158471090705,102.21513366699219,2105900,0.0,0.0
2025-11-21 00:00:00-05:00,102.60125922089878,107.24470387004452,102.4626496093115,106.23483276367188,2974700,0.0,0.0
2025-11-24 00:00:00-05:00,106.80906868967418,109.56147787602357,106.48235035217257,107.87834930419922,3981600,0.0,0.0
2025-11-25 00:00:00-05:00,106.92787957109226,111.45251269153756,106.91797672647832,110.37333679199219,3625300,0.0,0.0
2025-11-26 00:00:00-05:00,115.3632930999822,115.3632930999822,105.46256391841756,108.16546630859375,5036900,0.0,0.0
2025-11-28 00:00:00-05:00,108.62090406246088,110.79906911722911,108.2446790551511,110.4525375366211,1370400,0.0,0.0
2025-12-01 00:00:00-05:00,108.94762860638123,111.44260912322878,108.49219595464149,111.15548706054688,2376200,0.0,0.0
2025-12-02 00:00:00-05:00,111.87825204336431,115.38311146514403,111.55152613159875,114.68016052246094,3135000,0.0,0.0
2025-12-03 00:00:00-05:00,114.42272910800426,115.18508194642523,112.60099852838908,113.52176666259766,1717800,0.0,0.0
2025-12-04 00:00:00-05:00,113.5217706985405,115.38310516827703,113.14553813449757,114.83856201171875,1392900,0.0,0.0
2025-12-05 00:00:00-05:00,114.85836375536141,116.58108855400167,114.5415407170637,116.10585021972656,1548700,0.0,0.0
2025-12-08 00:00:00-05:00,116.44248890476237,116.58109852376765,115.31380626220067,116.36328125,1700000,0.0,0.0
2025-12-09 00:00:00-05:00,115.88804084660804,116.75930231598117,114.650449669492,116.13555908203125,1271900,0.0,0.0
2025-12-10 00:00:00-05:00,116.20486702357834,118.4325312025388,115.96724407252265,118.2048110961914,1976000,0.0,0.0
2025-12-11 00:00:00-05:00,118.08599716024986,118.49193069460244,115.45240704700909,117.9275894165039,1845200,0.0,0.0
2025-12-12 00:00:00-05:00,117.92759732728109,118.53154247024403,113.82869565272917,114.51184844970703,1489200,0.0,0.0
2025-12-15 00:00:00-05:00,115.54151160222295,115.61081640739165,112.57129271729531,112.97722625732422,1355800,0.0,0.0
2025-12-16 00:00:00-05:00,113.34356226323077,113.452463345691,111.45251917578153,111.96735382080078,1755800,0.0,0.0
2025-12-17 00:00:00-05:00,112.61089931211139,113.59107700688034,109.32385730075241,109.8584976196289,2070900,0.0,0.0
2025-12-18 00:00:00-05:00,111.25450004785473,111.5812183803904,106.56154882887745,109.40306091308594,2405400,0.0,0.0
2025-12-19 00:00:00-05:00,109.70009053109433,111.67033367007896,109.6406810150894,110.78916931152344,3799800,0.0,0.0
2025-12-22 00:00:00-05:00,111.70003346531954,111.99705838121822,109.56147975328408,109.7990951538086,1791500,0.0,0.0
2025-12-23 00:00:00-05:00,109.50206846965605,110.44264231904181,108.56150217392756,108.7496109008789,1394000,0.0,0.0
2025-12-24 00:00:00-05:00,108.62090608135463,109.38326650847326,108.29418018401809,108.9674301147461,507200,0.0,0.0
2025-12-26 00:00:00-05:00,109.15555039649585,109.54167826979628,108.55160525032693,109.41297149658203,759200,0.0,0.0
2025-12-29 00:00:00-05:00,108.7595175605578,109.5119751557292,108.22487723401424,108.3139877319336,1186100,0.0,0.0
2025-12-30 00:00:00-05:00,108.19517522943467,108.29418101778627,107.25460890960812,107.34371185302734,1002100,0.0,0.0
2025-12-31 00:00:00-05:00,107.39321438352192,107.39321438352192,105.94770877907844,106.02690887451172,1079600,0.0,0.0
2026-01-02 00:00:00-05:00,107.10141621291721,107.40983402134572,104.7036939497347,105.92742919921875,1829900,0.52,0.0
2026-01-05 00:00:00-05:00,106.95217564800117,107.12130749939539,104.11670088148271,104.54450988769531,1702200,0.0,0.0
2026-01-06 00:00:00-05:00,104.37538284731548,106.51442038645911,103.63914841816721,106.07666778564453,2648600,0.0,0.0
2026-01-07 00:00:00-05:00,106.18610822407288,106.5044772033433,102.82332781560673,103.77843475341797,2383000,0.0,0.0
2026-01-08 00:00:00-05:00,103.37052243478679,106.67360326151645,103.20139058417314,105.01211547851562,2978900,0.0,0.0
2026-01-09 00:00:00-05:00,105.24094010035066,105.54935790023443,103.62920053655554,104.8529281616211,1446700,0.0,0.0
2026-01-12 00:00:00-05:00,104.95242030118392,106.90243122041022,104.0271592822664,106.48457336425781,2027000,0.0,0.0
2026-01-13 00:00:00-05:00,108.92209259634754,109.85729718910062,106.51441916222194,106.7332992553711,2274900,0.0,0.0
2026-01-14 00:00:00-05:00,106.56416358533964,108.69325744895208,106.23584345736296,107.12130737304688,2171300,0.0,0.0
2026-01-15 00:00:00-05:00,108.46443083746738,109.42948893281547,107.73815516750437,107.84759521484375,2260000,0.0,0.0
2026-01-16 00:00:00-05:00,108.79275240467254,108.79275240467254,102.89297129847252,103.31082916259766,2815200,0.0,0.0
2026-01-20 00:00:00-05:00,97.91845071883796,99.01284361035306,93.21255900816845,93.63041687011719,5233500,0.0,0.0
2026-01-21 00:00:00-05:00,94.86409169661549,97.24191156953347,94.36663971331859,96.59522247314453,3325600,0.0,0.0
2026-01-22 00:00:00-05:00,97.45083874929227,99.07253704377467,96.50568303413296,98.74421691894531,2317200,0.0,0.0
2026-01-23 00:00:00-05:00,98.64473309685832,98.64473309685832,95.96843890846986,96.92354583740234,3266200,0.0,0.0
2026-01-26 00:00:00-05:00,97.35135063208763,98.93325187009864,96.83400391449872,98.30645751953125,2374800,0.0,0.0
2026-01-27 00:00:00-05:00,99.31131558172753,99.63963571884048,96.66487492595998,99.3809585571289,2254400,0.0,0.0
2026-01-28 00:00:00-05:00,99.7490753993291,100.0674443700719,98.38605421087536,98.82381439208984,1947200,0.0,0.0
2026-01-29 00:00:00-05:00,98.89345778971658,99.26156740684226,97.07278167244918,97.82891082763672,2603300,0.0,0.0
2026-01-30 00:00:00-05:00,97.57022952922084,97.81895551533495,95.44113569532527,95.85899353027344,4167900,0.0,0.0
2026-02-02 00:00:00-05:00,95.56053009773753,97.74931581255048,95.03322461350494,96.96334075927734,2681500,0.0,0.0
2026-02-03 00:00:00-05:00,96.75441296845294,96.83400710932798,93.97862992718514,95.00337982177734,2204400,0.0,0.0
2026-02-04 00:00:00-05:00,94.84419507831922,100.48529863543652,94.52582611893644,100.01769256591797,3539300,0.0,0.0
2026-02-05 00:00:00-05:00,98.51538643269357,99.4008579372512,97.63987368355987,99.08248138427734,2427900,0.0,0.0
2026-02-06 00:00:00-05:00,100.38581674263642,103.05215980940618,100.2365796221183,102.8133773803711,1884400,0.0,0.0
2026-02-09 00:00:00-05:00,102.02740311472213,104.1564969606065,101.2314769184693,103.15164184570312,1723100,0.0,0.0
2026-02-10 00:00:00-05:00,102.92281194462018,105.60905719925032,102.4154163886191,105.10165405273438,2656200,0.0,0.0
2026-02-11 00:00:00-05:00,106.37513505530369,106.50447743468885,103.54961130695565,105.36033630371094,1885000,0.0,0.0
2026-02-12 00:00:00-05:00,101.28122512506606,103.12179591407893,96.78425502131641,97.71946716308594,3392000,0.0,0.0
2026-02-13 00:00:00-05:00,98.12737667016457,102.68403871357116,98.12737667016457,101.89806365966797,2203300,0.0,0.0
2026-02-17 00:00:00-05:00,101.32101963900105,102.27613415792332,99.66948294733302,100.55494689941406,1899100,0.0,0.0
2026-02-18 00:00:00-05:00,99.8386146978242,101.5498507891516,98.14728093714857,100.80367279052734,1844100,0.0,0.0
2026-02-19 00:00:00-05:00,100.48530399120216,101.77868222729498,100.02764906210405,101.08224487304688,1665600,0.0,0.0
2026-02-20 00:00:00-05:00,100.74397959629678,104.2161923768742,100.74397959629678,101.957763671875,1819300,0.0,0.0
2026-02-23 00:00:00-05:00,100.47534747062355,101.7388797338564,98.8337544401595,100.01769256591797,2554700,0.0,0.0
2026-02-24 00:00:00-05:00,100.71413108737677,102.6442396058647,99.29141812269722,99.3610610961914,2472100,0.0,0.0
2026-02-25 00:00:00-05:00,99.56004314154387,101.91796835804098,99.321268306492,101.3608169555664,2644100,0.0,0.0
2026-02-26 00:00:00-05:00,102.7138857214781,102.7138857214781,98.49549493253981,98.63478088378906,3817200,0.0,0.0
2026-02-27 00:00:00-05:00,98.15722761467681,99.10238333351518,95.52073062197667,98.52533721923828,5113700,0.0,0.0
2026-03-02 00:00:00-05:00,96.48578944512619,100.90315786892907,95.71970914472577,99.63963317871094,2371200,0.0,0.0
2026-03-03 00:00:00-05:00,96.8738058208414,98.95315155045003,95.42124688258282,98.28656768798828,2852700,0.0,0.0
2026-03-04 00:00:00-05:00,98.62482865205273,100.53505005948534,97.78911295359438,99.04269409179688,1393600,0.0,0.0
2026-03-05 00:00:00-05:00,98.26666216573157,102.4651581502196,98.17712445152459,101.58964538574219,2528400,0.0,0.0
2026-03-06 00:00:00-05:00,99.60978599013302,100.75391945773501,98.45569376719378,100.54499053955078,1944400,0.0,0.0
2026-03-09 00:00:00-04:00,98.60493406900254,100.21668124925269,97.1822210739248,100.0972900390625,1862300,0.0,0.0
2026-03-10 00:00:00-04:00,100.15697870714283,100.66438184639102,96.23706231029678,96.41614532470703,1783300,0.0,0.0
2026-03-11 00:00:00-04:00,96.80416125161264,98.02788890847766,96.23706628100116,97.08273315429688,2021400,0.0,0.0
2026-03-12 00:00:00-04:00,96.65492287504745,99.16207755703763,96.29675683611813,96.43604278564453,2073200,0.0,0.0
2026-03-13 00:00:00-04:00,97.06283369820426,98.85366396922899,96.85390476500392,98.15723419189453,1527200,0.0,0.0
2026-03-16 00:00:00-04:00,99.84856216710615,102.1865849581471,99.25162130840641,101.71897888183594,2485100,0.0,0.0
2026-03-17 00:00:00-04:00,102.52485823340923,103.47996514388964,101.35087123272216,101.4006118774414,2072300,0.0,0.0
2026-03-18 00:00:00-04:00,100.67433516279338,101.5697426634662,100.07738670832495,100.2564697265625,1825700,0.0,0.0
2026-03-19 00:00:00-04:00,99.93810549110238,104.42512473399928,99.89831601006799,102.56465148925781,2132500,0.0,0.0
2026-03-20 00:00:00-04:00,102.22638373794301,102.66414391722114,99.6396349132854,100.59474182128906,7694400,0.0,0.0
2026-03-23 00:00:00-04:00,102.05725119838023,102.73378620248948,99.99780028139564,100.78377532958984,2129800,0.0,0.0
2026-03-24 00:00:00-04:00,99.9381046713038,104.05700666146518,99.5898897862448,103.77843475341797,2721000,0.0,0.0
2026-03-25 00:00:00-04:00,104.1365996858158,106.8626421064721,103.7286929935592,104.96237182617188,1745300,0.0,0.0
2026-03-26 00:00:00-04:00,104.03710818936759,105.94732199647194,103.78838219603062,103.91771697998047,1844400,0.0,0.0
2026-03-27 00:00:00-04:00,103.46005921546723,103.85802231195582,101.01259641925719,101.81846618652344,1431500,0.0,0.0
2026-03-30 00:00:00-04:00,102.9526650778249,103.69884304751469,99.94805086918575,100.66438293457031,2376100,0.0,0.0
2026-03-31 00:00:00-04:00,101.25137427072066,102.62434661516447,99.09243446509937,101.86821746826172,2768100,0.0,0.0
2026-04-01 00:00:00-04:00,101.86821915161939,103.4302181157145,100.33606609280714,101.52000427246094,1867000,0.0,0.0
2026-04-02 00:00:00-04:00,100.66000366210938,103.62999725341797,100.23999786376953,103.3499984741211,1388600,0.52,0.0
2026-04-06 00:00:00-04:00,103.22000122070312,104.0,100.81999969482422,100.9000015258789,1360800,0.0,0.0
2026-04-07 00:00:00-04:00,100.04000091552734,100.20999908447266,95.76000213623047,97.61000061035156,2539300,0.0,0.0
2026-04-08 00:00:00-04:00,99.38999938964844,100.61000061035156,98.33999633789062,99.47000122070312,2258200,0.0,0.0
2026-04-09 00:00:00-04:00,99.08000183105469,99.1500015258789,94.88999938964844,95.66999816894531,2449000,0.0,0.0
2026-04-10 00:00:00-04:00,96.25,96.58000183105469,95.16999816894531,95.93000030517578,2037500,0.0,0.0
2026-04-13 00:00:00-04:00,95.83000183105469,98.56999969482422,95.05999755859375,98.4000015258789,1654500,0.0,0.0
2026-04-14 00:00:00-04:00,98.37000274658203,98.9000015258789,97.30999755859375,98.88999938964844,2098900,0.0,0.0
2026-04-15 00:00:00-04:00,99.08999633789062,100.73999786376953,98.37000274658203,100.33000183105469,1656300,0.0,0.0
2026-04-16 00:00:00-04:00,100.73999786376953,103.91999816894531,100.11000061035156,103.68000030517578,1959500,0.0,0.0
2026-04-17 00:00:00-04:00,103.80000305175781,105.69999694824219,103.0,104.52999877929688,2139100,0.0,0.0
2026-04-20 00:00:00-04:00,104.72000122070312,107.08000183105469,104.72000122070312,106.79000091552734,2155200,0.0,0.0
2026-04-21 00:00:00-04:00,106.87000274658203,113.77999877929688,106.81999969482422,111.80000305175781,3136600,0.0,0.0
2026-04-22 00:00:00-04:00,112.4000015258789,112.8499984741211,110.01000213623047,111.0199966430664,2149700,0.0,0.0
2026-04-23 00:00:00-04:00,109.62999725341797,110.87000274658203,106.63999938964844,108.4000015258789,2450700,0.0,0.0
2026-04-24 00:00:00-04:00,108.4000015258789,109.45999908447266,106.30000305175781,108.70999908447266,1470300,0.0,0.0
2026-04-27 00:00:00-04:00,108.5199966430664,109.18000030517578,107.62000274658203,108.44000244140625,2176700,0.0,0.0
2026-04-28 00:00:00-04:00,108.69000244140625,109.4800033569336,107.23999786376953,108.27999877929688,1837000,0.0,0.0
2026-04-29 00:00:00-04:00,109.08999633789062,109.72000122070312,107.25,108.6500015258789,1537700,0.0,0.0
2026-04-30 00:00:00-04:00,108.6500015258789,111.8499984741211,107.70999908447266,110.7699966430664,2041000,0.0,0.0
2026-05-01 00:00:00-04:00,110.94000244140625,112.30999755859375,110.47000122070312,112.08000183105469,1138000,0.0,0.0
2026-05-04 00:00:00-04:00,112.27999877929688,113.37000274658203,110.2699966430664,110.94000244140625,1307300,0.0,0.0
2026-05-05 00:00:00-04:00,111.7699966430664,115.37000274658203,111.30999755859375,114.13999938964844,1800800,0.0,0.0
2026-05-06 00:00:00-04:00,114.0199966430664,114.0199966430664,110.41999816894531,111.73999786376953,2144200,0.0,0.0
2026-05-07 00:00:00-04:00,112.2300033569336,115.01000213623047,110.87999725341797,113.0,2029700,0.0,0.0
2026-05-08 00:00:00-04:00,113.37000274658203,118.22000122070312,112.5999984741211,118.0,2893800,0.0,0.0
2026-05-11 00:00:00-04:00,117.7300033569336,120.04000091552734,117.2699966430664,117.7300033569336,2288100,0.0,0.0
2026-05-12 00:00:00-04:00,117.33000183105469,117.68000030517578,113.9000015258789,116.2300033569336,2043200,0.0,0.0
2026-05-13 00:00:00-04:00,115.91000366210938,119.87000274658203,115.91000366210938,118.58000183105469,2122300,0.0,0.0
2026-05-14 00:00:00-04:00,119.93000030517578,123.47000122070312,118.79000091552734,119.93000030517578,4518200,0.0,0.0
2026-05-15 00:00:00-04:00,119.02999877929688,121.44999694824219,117.54000091552734,119.93000030517578,2883200,0.0,0.0
2026-05-18 00:00:00-04:00,119.91000366210938,122.0999984741211,118.5,120.5999984741211,2744000,0.0,0.0
2026-05-19 00:00:00-04:00,118.79000091552734,121.66999816894531,117.58999633789062,120.58999633789062,2028000,0.0,0.0
2026-05-20 00:00:00-04:00,120.16999816894531,121.48999786376953,118.6500015258789,118.97000122070312,1828200,0.0,0.0
2026-05-21 00:00:00-04:00,118.9000015258789,124.22000122070312,118.75,123.94999694824219,2098000,0.0,0.0
2026-05-22 00:00:00-04:00,123.62000274658203,141.75,122.69999694824219,139.36000061035156,6667700,0.0,0.0
2026-05-26 00:00:00-04:00,138.50999450683594,142.4199981689453,136.82000732421875,138.9499969482422,6060700,0.0,0.0
2026-05-27 00:00:00-04:00,139.5,143.64999389648438,138.6999969482422,142.74000549316406,6025700,0.0,0.0
2026-05-28 00:00:00-04:00,141.8800048828125,143.5800018310547,137.42999267578125,142.39999389648438,6036800,0.0,0.0
2026-05-29 00:00:00-04:00,176.69000244140625,192.8300018310547,172.08999633789062,174.2899932861328,15908200,0.0,0.0
2026-06-01 00:00:00-04:00,171.6699981689453,179.9499969482422,170.7899932861328,179.6999969482422,5893600,0.0,0.0
2026-06-02 00:00:00-04:00,183.0,186.52999877929688,173.57000732421875,175.63999938964844,4710000,0.0,0.0
2026-06-03 00:00:00-04:00,176.58999633789062,182.86000061035156,175.63999938964844,181.0800018310547,3434000,0.0,0.0
2026-06-04 00:00:00-04:00,179.63999938964844,180.0,174.7100067138672,178.8699951171875,3229700,0.0,0.0
2026-06-05 00:00:00-04:00,177.0,177.6199951171875,166.72000122070312,167.0399932861328,3258600,0.0,0.0
2026-06-08 00:00:00-04:00,170.1199951171875,172.0500030517578,165.82000732421875,170.30999755859375,2621700,0.0,0.0
2026-06-09 00:00:00-04:00,171.82000732421875,171.91000366210938,160.00999450683594,165.0,2725700,0.0,0.0
2026-06-10 00:00:00-04:00,163.47999572753906,166.11000061035156,160.55999755859375,160.66000366210938,3177000,0.0,0.0
2026-06-11 00:00:00-04:00,160.91000366210938,161.61000061035156,157.05999755859375,160.47000122070312,2463200,0.0,0.0
2026-06-12 00:00:00-04:00,159.5,163.05999755859375,156.41000366210938,161.61000061035156,1774600,0.0,0.0
2026-06-15 00:00:00-04:00,163.14999389648438,164.14999389648438,159.17999267578125,161.82000732421875,3001700,0.0,0.0
2026-06-16 00:00:00-04:00,163.51800537109375,163.99989318847656,157.39999389648438,161.25999450683594,2493970,0.0,0.0
