Date,Open,High,Low,Close,Volume,Dividends,Stock Splits
2022-01-03 00:00:00-05:00,12.52569167198689,12.52569167198689,12.202448324204788,12.242853164672852,26000,0.0,0.0
2022-01-04 00:00:00-05:00,12.331745202612677,12.436799479385341,12.121636649067346,12.210528373718262,34000,0.0,0.0
2022-01-05 00:00:00-05:00,12.202447684598035,12.372150625956676,11.984257858277113,11.992339134216309,21100,0.0,0.0
2022-01-06 00:00:00-05:00,12.024661419778136,12.162040004660488,11.903444613349304,11.919607162475586,24300,0.0,0.0
2022-01-07 00:00:00-05:00,11.919607815697777,11.984256474400281,11.879202211340512,11.895364761352539,25500,0.0,0.0
2022-01-10 00:00:00-05:00,11.8711220256022,11.943851965984253,11.8711220256022,11.911527633666992,16600,0.0,0.0
2022-01-11 00:00:00-05:00,11.960013398100903,11.960013398100903,11.895364739517072,11.90344524383545,16800,0.0,0.0
2022-01-12 00:00:00-05:00,12.000419024412308,12.000419024412308,11.879202211340512,11.895364761352539,18300,0.0,0.0
2022-01-13 00:00:00-05:00,11.895364109458923,11.943850215492247,11.887282834895782,11.919607162475586,17200,0.0,0.0
2022-01-14 00:00:00-05:00,11.927688929004814,11.927688929004814,11.83879644648935,11.887283325195312,29100,0.0,0.0
2022-01-18 00:00:00-05:00,11.863040596801477,14.214637709123375,11.701418177127175,12.234770774841309,777900,0.0,0.0
2022-01-19 00:00:00-05:00,12.194365849387232,12.38023056342704,11.79031131903337,11.822635650634766,92700,0.0,0.0
2022-01-20 00:00:00-05:00,11.976174516165464,12.162039977336322,11.814552878629561,11.98425579071045,29800,0.0,0.0
2022-01-21 00:00:00-05:00,11.903445030474849,11.927688855013834,11.58828301819592,11.685256004333496,34500,0.0,0.0
2022-01-24 00:00:00-05:00,11.612526101232005,11.814553348860967,11.394337074542577,11.620607376098633,24000,0.0,0.0
2022-01-25 00:00:00-05:00,11.968095305281759,11.968095305281759,11.523635176035635,11.612526893615723,30600,0.0,0.0
2022-01-26 00:00:00-05:00,11.685255404578731,11.733742280495287,11.523633769311457,11.580201148986816,69200,0.0,0.0
2022-01-27 00:00:00-05:00,11.580202165757857,11.588283440898964,11.450904846191406,11.450904846191406,36100,0.0,0.0
2022-01-28 00:00:00-05:00,11.40241750560722,11.450904383823227,11.370093177020808,11.418580055236816,24800,0.0,0.0
2022-01-31 00:00:00-05:00,11.394337162351219,11.475147599621883,11.378174612493408,11.426661491394043,29000,0.0,0.0
2022-02-01 00:00:00-05:00,11.394336486697348,11.515552520751953,11.345849610671856,11.515552520751953,50300,0.0,0.0
2022-02-02 00:00:00-05:00,11.499390462387765,11.547877340481586,11.442823080172294,11.48322868347168,36300,0.0,0.0
2022-02-03 00:00:00-05:00,11.450905017495865,11.475148072609045,11.345850751108317,11.40241813659668,24400,0.0,0.0
2022-02-04 00:00:00-05:00,11.418580786495742,11.418580786495742,11.200390976559756,11.20847225189209,47300,0.0,0.0
2022-02-07 00:00:00-05:00,11.232714674736737,11.24887722449134,11.151904237982096,11.224634170532227,39100,0.0,0.0
2022-02-08 00:00:00-05:00,11.224635619936631,11.240797401105366,11.13574312615347,11.19231128692627,35400,0.0,0.0
2022-02-09 00:00:00-05:00,11.224634802556755,11.256959133213252,11.16806664590326,11.20847225189209,16400,0.0,0.0
2022-02-10 00:00:00-05:00,11.143822067580553,11.143822067580553,11.030686540408345,11.03876781463623,31500,0.0,0.0
2022-02-11 00:00:00-05:00,11.063010257066853,11.13574017976489,10.957956780583787,10.990281105041504,39900,0.0,0.0
2022-02-14 00:00:00-05:00,10.982201545461384,11.046850204467773,10.8852285569518,11.046850204467773,53700,0.0,0.0
2022-02-15 00:00:00-05:00,11.168066909394405,11.168066909394405,10.998363976775737,11.022607803344727,38600,0.0,0.0
2022-02-16 00:00:00-05:00,11.03068814732494,11.087256304488083,10.99028331164492,11.0145263671875,63500,0.0,0.0
2022-02-17 00:00:00-05:00,11.014526045210864,11.095336484881496,10.982201715208049,10.998363494873047,77300,0.0,0.0
2022-02-18 00:00:00-05:00,11.02260764259264,11.054931973540361,10.982202036239778,11.0145263671875,54000,0.0,0.0
2022-02-22 00:00:00-05:00,11.02260927526446,11.02260927526446,10.909473714853346,10.933716773986816,63600,0.0,0.0
2022-02-23 00:00:00-05:00,10.957960306815274,10.957960306815274,10.893310866423201,10.909473419189453,86700,0.0,0.0
2022-02-24 00:00:00-05:00,10.772093703125826,10.925634856031067,10.715526315567503,10.90139102935791,32000,0.0,0.0
2022-02-25 00:00:00-05:00,10.860986825913454,10.974122386324566,10.860986825913454,10.933716773986816,17800,0.0,0.0
2022-02-28 00:00:00-05:00,10.885229532704974,11.030688643171917,10.885229532704974,10.982202529907227,53900,0.0,0.0
2022-03-01 00:00:00-05:00,10.982202948200888,11.08725722517289,10.982202948200888,11.07917594909668,135700,0.0,0.0
2022-03-02 00:00:00-05:00,11.079173907292477,11.08725518187937,11.006443977355957,11.006443977355957,83400,0.0,0.0
2022-03-03 00:00:00-05:00,10.998363324876578,11.071093258926966,10.982201545461384,11.046850204467773,35100,0.0,0.0
2022-03-04 00:00:00-05:00,11.014526493445315,11.111499487400064,11.014526493445315,11.08725643157959,60900,0.0,0.0
2022-03-07 00:00:00-05:00,11.030686261562376,11.046848809609571,10.89330768585205,10.89330768585205,35500,0.0,0.0
2022-03-08 00:00:00-05:00,10.836742262771178,10.93371525651933,10.796336656041237,10.82058048248291,29300,0.0,0.0
2022-03-09 00:00:00-05:00,10.780172954719788,10.877145931187297,10.780172954719788,10.828659057617188,16800,0.0,0.0
2022-03-10 00:00:00-05:00,10.835213320672796,10.835213320672796,10.745124901433345,10.769694328308105,10200,0.178,0.0
2022-03-11 00:00:00-05:00,10.827024203060992,10.835213491449654,10.753315140226965,10.802453994750977,23800,0.0,0.0
2022-03-14 00:00:00-04:00,10.777883969180927,10.777883969180927,10.63865592067845,10.663226127624512,14200,0.0,0.0
2022-03-15 00:00:00-04:00,10.704175082132792,10.745124646651753,10.687795724953995,10.695985794067383,19700,0.0,0.0
2022-03-16 00:00:00-04:00,10.818836132546158,10.818836132546158,10.712367553341988,10.794266700744629,30400,0.0,0.0
2022-03-17 00:00:00-04:00,10.999009471078358,10.999009471078358,10.704173280990943,10.908920288085938,33300,0.0,0.0
2022-03-18 00:00:00-04:00,10.892543196458346,10.892543196458346,10.786074636925642,10.802453994750977,30800,0.0,0.0
2022-03-21 00:00:00-04:00,10.843404269599853,10.843404269599853,10.679606775400835,10.72874641418457,40400,0.0,0.0
2022-03-22 00:00:00-04:00,10.728745288677223,10.745124645854805,10.687795724161298,10.71236515045166,21600,0.0,0.0
2022-03-23 00:00:00-04:00,10.614086494780357,10.72055504840272,10.597706356816317,10.663226127624512,22100,0.0,0.0
2022-03-24 00:00:00-04:00,10.630465936753204,10.695985708085637,10.605896510658525,10.687795639038086,23700,0.0,0.0
2022-03-25 00:00:00-04:00,10.687796787743112,10.687796787743112,10.540378653234859,10.564948081970215,33300,0.0,0.0
2022-03-28 00:00:00-04:00,10.581327693281153,10.62227725982666,10.556758265773055,10.62227725982666,35100,0.0,0.0
2022-03-29 00:00:00-04:00,10.712366274240638,10.81064477076005,10.655037346532996,10.72874641418457,39900,0.0,0.0
2022-03-30 00:00:00-04:00,10.72874571296496,10.843403560886326,10.720555643528288,10.802453994750977,43000,0.0,0.0
2022-03-31 00:00:00-04:00,11.015391242919387,11.211948225415146,10.843403687973595,11.17918872833252,204300,0.0,0.0
2022-04-01 00:00:00-04:00,11.170998829658533,11.228327751159668,10.974441076851257,11.228327751159668,16900,0.0,0.0
2022-04-04 00:00:00-04:00,11.211947612989071,11.555922704091834,11.056340205608286,11.228327751159668,32600,0.0,0.0
2022-04-05 00:00:00-04:00,11.22832714333143,11.523162585009915,11.105479237894045,11.293846130371094,91800,0.0,0.0
2022-04-06 00:00:00-04:00,11.572304257225902,11.572304257225902,11.162810125467228,11.302038192749023,44400,0.0,0.0
2022-04-07 00:00:00-04:00,11.662391831370119,11.662391831370119,10.892543263676446,10.966252326965332,30700,0.0,0.0
2022-04-08 00:00:00-04:00,10.925304711750329,10.949874143551858,10.736936985143519,10.794266700744629,26000,0.0,0.0
2022-04-11 00:00:00-04:00,10.786074210370728,10.786074210370728,10.679605655048517,10.71236515045166,9100,0.0,0.0
2022-04-12 00:00:00-04:00,10.761504697703694,10.818833618937052,10.695985707423292,10.704174995422363,8600,0.0,0.0
2022-04-13 00:00:00-04:00,10.736935703108475,10.802454700788083,10.679606775400835,10.72874641418457,8100,0.0,0.0
2022-04-14 00:00:00-04:00,10.712364901519056,10.712364901519056,10.466668301180958,10.483048439025879,20000,0.0,0.0
2022-04-18 00:00:00-04:00,10.515808806405822,10.515808806405822,10.409340244721573,10.458479881286621,8100,0.0,0.0
2022-04-19 00:00:00-04:00,10.458478927334266,10.58951690482462,10.458478927334266,10.474858283996582,19000,0.0,0.0
2022-04-20 00:00:00-04:00,10.523998079122038,10.679605484540586,10.523998079122038,10.663226127624512,19300,0.0,0.0
2022-04-21 00:00:00-04:00,10.614086494251824,10.769693899662624,10.605896425270211,10.679605484008789,10500,0.0,0.0
2022-04-22 00:00:00-04:00,10.720553827257698,10.736933182308048,10.638654708862305,10.638654708862305,9200,0.0,0.0
2022-04-25 00:00:00-04:00,10.663227277691075,10.728746274517755,10.523999214172363,10.523999214172363,12700,0.0,0.0
2022-04-26 00:00:00-04:00,10.548569927466346,10.63046829295035,10.524000495925959,10.589519500732422,13600,0.0,0.0
2022-04-27 00:00:00-04:00,10.655033619198283,10.704172459744251,10.581324577331543,10.581324577331543,14100,0.0,0.0
2022-04-28 00:00:00-04:00,10.581327522656155,10.614087019154706,10.52399859904569,10.605896949768066,11600,0.0,0.0
2022-04-29 00:00:00-04:00,10.622275959700588,10.622275959700588,10.523997480649093,10.573136329650879,12900,0.0,0.0
2022-05-02 00:00:00-04:00,10.523998811920979,10.540378169977568,10.253732765079095,10.278302192687988,34000,0.0,0.0
2022-05-03 00:00:00-04:00,10.31925175940149,10.343821187010382,10.237352625974486,10.278302192687988,24100,0.0,0.0
2022-05-04 00:00:00-04:00,10.270112123135684,10.30287162029688,10.155453492547482,10.278302192687988,15200,0.0,0.0
2022-05-05 00:00:00-04:00,10.13088528952835,10.2701133645549,10.098125788407286,10.163644790649414,17800,0.0,0.0
2022-05-06 00:00:00-04:00,10.196401245853583,10.253730941475736,10.089932703752881,10.130882263183594,17200,0.0,0.0
2022-05-09 00:00:00-04:00,10.114504557353737,10.13088391516818,10.01622528627504,10.089934349060059,34600,0.0,0.0
2022-05-10 00:00:00-04:00,10.14726510149648,10.155454390725046,10.057175890549422,10.081746101379395,8800,0.0,0.0
2022-05-11 00:00:00-04:00,10.106315858949582,10.180024931734003,10.01622664508057,10.163644790649414,27600,0.0,0.0
2022-05-12 00:00:00-04:00,10.155451085387844,10.261919621187367,10.130881663602672,10.19640064239502,14400,0.0,0.0
2022-05-13 00:00:00-04:00,10.253732441586807,10.253732441586807,9.991655691517396,10.04079532623291,26500,0.0,0.0
2022-05-16 00:00:00-04:00,10.032605341243528,10.073554907009225,9.909757424994442,10.065364837646484,19500,0.0,0.0
2022-05-17 00:00:00-04:00,10.073554822360586,10.073554822360586,10.024415187645074,10.04079532623291,14200,0.0,0.0
2022-05-18 00:00:00-04:00,10.065365794170551,10.073555864311603,9.991656724997235,10.048986434936523,9100,0.0,0.0
2022-05-19 00:00:00-04:00,9.94251658326724,10.040795069133805,9.94251658326724,9.999845504760742,14400,0.0,0.0
2022-05-20 00:00:00-04:00,9.958897306585822,10.073555946350098,9.958897306585822,10.073555946350098,8900,0.0,0.0
2022-05-23 00:00:00-04:00,10.07355456442266,10.07355456442266,9.836048028316466,9.999845504760742,39800,0.0,0.0
2022-05-24 00:00:00-04:00,10.089934008191499,10.089934008191499,10.008035659790039,10.008035659790039,13400,0.0,0.0
2022-05-25 00:00:00-04:00,10.057174329948845,10.155452814874316,10.048985041991033,10.147263526916504,13800,0.0,0.0
2022-05-26 00:00:00-04:00,10.106313791606695,10.188212137132208,10.06536422831996,10.114503860473633,11200,0.0,0.0
2022-05-27 00:00:00-04:00,10.130883729090275,10.23735228659664,10.08993416373429,10.212782859802246,17000,0.0,0.0
2022-05-31 00:00:00-04:00,10.081746101379395,10.130884960943163,10.057175890549422,10.081746101379395,27800,0.0,0.0
2022-06-01 00:00:00-04:00,10.098124249194345,10.098124249194345,10.032605256938991,10.04079532623291,30700,0.0,0.0
2022-06-02 00:00:00-04:00,10.032603615206874,10.139072155461344,10.032603615206874,10.098122596740723,21100,0.0,0.0
2022-06-03 00:00:00-04:00,10.016222775819609,10.03260291057656,9.967083933644377,9.983463287353516,25000,0.0,0.0
2022-06-06 00:00:00-04:00,9.893377473497102,9.934327040037752,9.762339485405436,9.92613697052002,47400,0.0,0.0
2022-06-07 00:00:00-04:00,9.909756832147849,9.958895683288574,9.909756832147849,9.958895683288574,90800,0.0,0.0
2022-06-08 00:00:00-04:00,9.88518740397937,9.934327040037752,9.852427906956452,9.92613697052002,33100,0.0,0.0
2022-06-09 00:00:00-04:00,9.885186979119107,9.967086108680427,9.63949115253112,9.836048126220703,411300,0.0,0.0
2022-06-10 00:00:00-04:00,9.826078795634396,9.925751520788673,9.78454829545468,9.80116081237793,36400,0.168,0.0
2022-06-13 00:00:00-04:00,9.70148891098574,9.70148891098574,9.593509918201248,9.601816177368164,58800,0.0,0.0
2022-06-14 00:00:00-04:00,9.551979127000441,9.551979127000441,9.236348417313708,9.402469635009766,33300,0.0,0.0
2022-06-15 00:00:00-04:00,9.33602286272083,9.435695611645809,9.319411133964298,9.352635383605957,35800,0.0,0.0
2022-06-16 00:00:00-04:00,9.277879471080412,9.286185730490901,9.269573211669922,9.269573211669922,30800,0.0,0.0
2022-06-17 00:00:00-04:00,9.20312614919501,9.32771689117793,9.20312614919501,9.286187171936035,33300,0.0,0.0
2022-06-21 00:00:00-04:00,9.294492963864712,9.327717215691278,9.14498422670949,9.302799224853516,17100,0.0,0.0
2022-06-22 00:00:00-04:00,9.261267520331911,9.360941055114626,9.120064270206365,9.2944917678833,16300,0.0,0.0
2022-06-23 00:00:00-04:00,9.311100574378848,9.427385790497475,9.311100574378848,9.410773277282715,18800,0.0,0.0
2022-06-24 00:00:00-04:00,9.402470308515825,9.52706182480879,9.402470308515825,9.468918800354004,14900,0.0,0.0
2022-06-27 00:00:00-04:00,9.460613146212715,9.460613146212715,9.419082641601562,9.419082641601562,14800,0.0,0.0
2022-06-28 00:00:00-04:00,9.419082152843595,9.444000137465892,9.377551650387469,9.402469635009766,43900,0.0,0.0
2022-06-29 00:00:00-04:00,9.4024704481067,9.452307213789473,9.4024704481067,9.435694694519043,39600,0.0,0.0
2022-06-30 00:00:00-04:00,9.435695180983938,9.502143677234429,9.402470932858693,9.45230770111084,63200,0.0,0.0
2022-07-01 00:00:00-04:00,9.468917358105623,9.618426838033395,9.468917358105623,9.560284614562988,32700,0.0,0.0
2022-07-05 00:00:00-04:00,9.56028494254548,9.618427168010559,9.502141924951989,9.576896667480469,49500,0.0,0.0
2022-07-06 00:00:00-04:00,9.610121644406608,9.693182651818823,9.585203659034331,9.601816177368164,32200,0.0,0.0
2022-07-07 00:00:00-04:00,9.626732003811828,9.693180477988216,9.551977272331316,9.593507766723633,19700,0.0,0.0
2022-07-08 00:00:00-04:00,9.551978957529842,9.568591475068933,9.485530471630344,9.510448455810547,26000,0.0,0.0
2022-07-11 00:00:00-04:00,9.535367965698242,9.560286745994013,9.518756237629624,9.535367965698242,24100,0.0,0.0
2022-07-12 00:00:00-04:00,9.535368935109659,9.585205708639283,9.535368935109659,9.568593978881836,23100,0.0,0.0
2022-07-13 00:00:00-04:00,9.477225405833694,9.560286419727829,9.444001158701749,9.518755912780762,31200,0.0,0.0
2022-07-14 00:00:00-04:00,9.518756237629624,9.543674225796831,9.360941256399224,9.535367965698242,20800,0.0,0.0
2022-07-15 00:00:00-04:00,9.535368935109659,9.585205708639283,9.535368935109659,9.568593978881836,10200,0.0,0.0
2022-07-18 00:00:00-04:00,9.56859120107718,9.59350918454387,9.543672425482079,9.576896667480469,25900,0.0,0.0
2022-07-19 00:00:00-04:00,9.601815795525882,9.626733779907227,9.593509536689286,9.626733779907227,9800,0.0,0.0
2022-07-20 00:00:00-04:00,9.626735785679124,9.676571764825354,9.626735785679124,9.668266296386719,10800,0.0,0.0
2022-07-21 00:00:00-04:00,9.6848783493042,9.701490870994288,9.643347837207612,9.6848783493042,28700,0.0,0.0
2022-07-22 00:00:00-04:00,9.726408427743344,9.850999166349526,9.726408427743344,9.784550666809082,32300,0.0,0.0
2022-07-25 00:00:00-04:00,9.784549386865072,9.79285564625321,9.751325141441004,9.767937660217285,9000,0.0,0.0
2022-07-26 00:00:00-04:00,9.801163187758492,9.801163187758492,9.767938937988271,9.784550666809082,13500,0.0,0.0
2022-07-27 00:00:00-04:00,9.826079579864407,9.942364831222783,9.826079579864407,9.909140586853027,10200,0.0,0.0
2022-07-28 00:00:00-04:00,9.950670159568348,10.0005069214928,9.925752174670352,9.942364692687988,6500,0.0,0.0
2022-07-29 00:00:00-04:00,9.950670265430105,10.000507027884753,9.950670265430105,9.983895301818848,16300,0.0,0.0
2022-08-01 00:00:00-04:00,9.917446448427226,10.058649690648748,9.917446448427226,10.042037963867188,18900,0.0,0.0
2022-08-02 00:00:00-04:00,10.058650889153544,10.066957149598279,10.025426639503197,10.050345420837402,26800,0.0,0.0
2022-08-03 00:00:00-04:00,10.058649690648748,10.066955950103779,10.033731704412157,10.042037963867188,24500,0.0,0.0
2022-08-04 00:00:00-04:00,10.042038289464498,10.183241536264314,10.0254257700158,10.058650016784668,25200,0.0,0.0
2022-08-05 00:00:00-04:00,10.008814711845465,10.017120972125138,9.934059953585574,9.967284202575684,45200,0.0,0.0
2022-08-08 00:00:00-04:00,9.992201523246933,10.091874263553535,9.975589795926764,10.058650016784668,17300,0.0,0.0
2022-08-09 00:00:00-04:00,10.017119700445486,10.10848617553711,10.000507181995111,10.10848617553711,15300,0.0,0.0
2022-08-10 00:00:00-04:00,10.158323164973737,10.365974913649033,10.141711436986565,10.224772453308105,17600,0.0,0.0
2022-08-11 00:00:00-04:00,10.249689133935227,10.266300859803462,10.116792158475526,10.174934387207031,19400,0.0,0.0
2022-08-12 00:00:00-04:00,10.216465566036007,10.28291405816238,10.183241319972822,10.24138355255127,6900,0.0,0.0
2022-08-15 00:00:00-04:00,10.249688419929583,10.282912661480069,10.183239936828613,10.183239936828613,3600,0.0,0.0
2022-08-16 00:00:00-04:00,10.216463957544217,10.216463957544217,10.091872460326718,10.100178718566895,4700,0.0,0.0
2022-08-17 00:00:00-04:00,10.042037614307313,10.058649340510627,9.934058621536126,9.99220085144043,18400,0.0,0.0
2022-08-18 00:00:00-04:00,10.00881491074232,10.35766992813526,10.00881491074232,10.050345420837402,9600,0.0,0.0
2022-08-19 00:00:00-04:00,9.958978749449223,10.000509262084961,9.958978749449223,10.000509262084961,15600,0.0,0.0
2022-08-22 00:00:00-04:00,9.98389580434652,9.98389580434652,9.84269256110093,9.892528533935547,9700,0.0,0.0
2022-08-23 00:00:00-04:00,9.88422167175472,9.958976418577167,9.88422167175472,9.942364692687988,18700,0.0,0.0
2022-08-24 00:00:00-04:00,9.934058433679171,9.967282677585985,9.925752174670352,9.942364692687988,11600,0.0,0.0
2022-08-25 00:00:00-04:00,9.942364203296112,9.950669669767652,9.909139961024689,9.925751686096191,7100,0.0,0.0
2022-08-26 00:00:00-04:00,9.909140480771878,9.917445947679052,9.850997459650898,9.867609977722168,11600,0.0,0.0
2022-08-29 00:00:00-04:00,9.842691992743726,9.917445947679052,9.83438573370809,9.867609977722168,17700,0.0,0.0
2022-08-30 00:00:00-04:00,9.85930576939716,9.900836281085112,9.83438777923584,9.83438777923584,11700,0.0,0.0
2022-08-31 00:00:00-04:00,9.83438777923584,9.892530020321797,9.792857267547888,9.83438777923584,16500,0.0,0.0
2022-09-01 00:00:00-04:00,9.759632677513565,9.784550666809082,9.726408427743344,9.784550666809082,9100,0.0,0.0
2022-09-02 00:00:00-04:00,9.759630912598103,9.826079400122111,9.751324653625488,9.751324653625488,4800,0.0,0.0
2022-09-06 00:00:00-04:00,9.734713554382324,9.734713554382324,9.676570529960108,9.734713554382324,13800,0.0,0.0
2022-09-07 00:00:00-04:00,9.709795870536773,9.718102130980462,9.684877881334302,9.70149040222168,8500,0.0,0.0
2022-09-08 00:00:00-04:00,9.651653532732293,9.676571521679287,9.6267355437853,9.65995979309082,17900,0.0,0.0
2022-09-09 00:00:00-04:00,9.678423375416422,9.728788464505927,9.619664771916945,9.64484691619873,8700,0.122,0.0
2022-09-12 00:00:00-04:00,9.5693012206059,9.837913738039168,9.5693012206059,9.81273078918457,80400,0.0,0.0
2022-09-13 00:00:00-04:00,9.703608664139525,9.81273158256131,9.560908477863492,9.686820030212402,25500,0.0,0.0
2022-09-14 00:00:00-04:00,9.720395491103302,9.720395491103302,9.586089635696686,9.61966609954834,17200,0.0,0.0
2022-09-15 00:00:00-04:00,9.586091193816594,9.619667663125755,9.535726089589765,9.569302558898926,6300,0.0,0.0
2022-09-16 00:00:00-04:00,9.510544205476727,9.518938523171874,9.426602629577644,9.48536205291748,6800,0.0,0.0
2022-09-19 00:00:00-04:00,9.434994975839741,9.50214790231699,9.434994975839741,9.493754386901855,3800,0.0,0.0
2022-09-20 00:00:00-04:00,9.367842978284664,9.367842978284664,9.292295728374931,9.351055145263672,11600,0.0,0.0
2022-09-21 00:00:00-04:00,9.300691256967331,9.393026351928711,9.300691256967331,9.393026351928711,15700,0.0,0.0
2022-09-22 00:00:00-04:00,9.325872335582936,9.34266096938322,9.183172150385015,9.191566467285156,17800,0.0,0.0
2022-09-23 00:00:00-04:00,9.157989957212207,9.208355057850461,9.09923134023934,9.12441349029541,17800,0.0,0.0
2022-09-26 00:00:00-04:00,9.065654862437171,9.099231329313652,8.830619594301803,8.98171329498291,13400,0.0,0.0
2022-09-27 00:00:00-04:00,8.98171112168994,8.98171112168994,8.822223142749284,8.8641939163208,19200,0.0,0.0
2022-09-28 00:00:00-04:00,8.92295410625913,9.006894867807988,8.889377641534374,8.956530570983887,24800,0.0,0.0
2022-09-29 00:00:00-04:00,8.88937812432033,8.92295459086864,8.797042240917902,8.847407341003418,11100,0.0,0.0
2022-09-30 00:00:00-04:00,8.880985674534687,8.973320776821923,8.855803519461128,8.922956466674805,62800,0.0,0.0
2022-10-03 00:00:00-04:00,8.914560436253089,9.065654938731893,8.880983969094034,8.973319053649902,23000,0.0,0.0
2022-10-04 00:00:00-04:00,9.023684466123624,9.199961124924759,9.023684466123624,9.099231719970703,12900,0.0,0.0
2022-10-05 00:00:00-04:00,9.006896666033763,9.116020398307274,9.006896666033763,9.040473937988281,7300,0.0,0.0
2022-10-06 00:00:00-04:00,9.040472255920983,9.040472255920983,8.981712841459556,9.015289306640625,9000,0.0,0.0
2022-10-07 00:00:00-04:00,8.922954980839995,8.981713599736011,8.922954980839995,8.964925765991211,13200,0.0,0.0
2022-10-10 00:00:00-04:00,8.964925765991211,8.97331928260054,8.88098419568878,8.964925765991211,9700,0.0,0.0
2022-10-11 00:00:00-04:00,8.96492738521468,8.96492738521468,8.813832851590432,8.839015007019043,4300,0.0,0.0
2022-10-12 00:00:00-04:00,8.830620383733699,8.872590370686709,8.830620383733699,8.855802536010742,15300,0.0,0.0
2022-10-13 00:00:00-04:00,8.738283731260546,8.797042348305842,8.70470726430236,8.763465881347656,16300,0.0,0.0
2022-10-14 00:00:00-04:00,8.763466221621938,8.771860538818954,8.645948982968301,8.671131134033203,6400,0.0,0.0
2022-10-17 00:00:00-04:00,8.721496236689154,8.729889753360021,8.65434330016532,8.671131134033203,15200,0.0,0.0
2022-10-18 00:00:00-04:00,8.679525071225028,8.72988937114979,8.66273643756603,8.69631290435791,26100,0.0,0.0
2022-10-19 00:00:00-04:00,8.587189522728384,8.637554625147459,8.578796006096992,8.603978157043457,12800,0.0,0.0
2022-10-20 00:00:00-04:00,8.578795889032543,8.612372356678367,8.503248636697904,8.545219421386719,10700,0.0,0.0
2022-10-21 00:00:00-04:00,8.511641127505259,8.570399733146823,8.486458181779478,8.536823272705078,17200,0.0,0.0
2022-10-24 00:00:00-04:00,8.520034642221223,8.570399733146823,8.520034642221223,8.536823272705078,19000,0.0,0.0
2022-10-25 00:00:00-04:00,8.587190583675113,9.443391826899974,8.587190583675113,8.662737846374512,15600,0.0,0.0
2022-10-26 00:00:00-04:00,8.67113219683552,8.755073778041929,8.67113219683552,8.729890823364258,14300,0.0,0.0
2022-10-27 00:00:00-04:00,8.78025565842731,8.830620765686035,8.755073505061059,8.830620765686035,22800,0.0,0.0
2022-10-28 00:00:00-04:00,8.797040198290821,8.89777037507283,8.797040198290821,8.8641939163208,17200,0.0,0.0
2022-10-31 00:00:00-04:00,8.788648377094828,8.880983456319408,8.729888962564573,8.797041893005371,20200,0.0,0.0
2022-11-01 00:00:00-04:00,8.956532444841816,8.956532444841816,8.872590865204897,8.889379501342773,14900,0.0,0.0
2022-11-02 00:00:00-04:00,8.86419651212673,8.948137283325195,8.86419651212673,8.948137283325195,29700,0.0,0.0
2022-11-03 00:00:00-04:00,8.855803029593252,8.906167336954418,8.839014393455376,8.889379501342773,17000,0.0,0.0
2022-11-04 00:00:00-04:00,8.889379578151235,8.914561732049403,8.855803106111596,8.880985260009766,21900,0.0,0.0
2022-11-07 00:00:00-05:00,8.889377291547454,8.90616512298584,8.864195144126858,8.90616512298584,30700,0.0,0.0
2022-11-08 00:00:00-05:00,8.897772789001465,8.906166305572157,8.763466117030587,8.897772789001465,35200,0.0,0.0
2022-11-09 00:00:00-05:00,8.830620952213428,8.97332035798721,8.830620952213428,8.880985260009766,23400,0.0,0.0
2022-11-10 00:00:00-05:00,9.015289772684289,9.12441349029541,8.990107622628221,9.12441349029541,27800,0.0,0.0
2022-11-11 00:00:00-05:00,9.099231719970703,9.132808188288722,9.099231719970703,9.099231719970703,12100,0.0,0.0
2022-11-14 00:00:00-05:00,9.040472680190316,9.065654830126396,9.032078363369584,9.057260513305664,23600,0.0,0.0
2022-11-15 00:00:00-05:00,9.099231382961962,9.191566467285156,9.099231382961962,9.191566467285156,11600,0.0,0.0
2022-11-16 00:00:00-05:00,9.174778676463449,9.258719444274902,9.174778676463449,9.258719444274902,24400,0.0,0.0
2022-11-17 00:00:00-05:00,9.216749497168989,9.216749497168989,9.166385192013268,9.19996166229248,19600,0.0,0.0
2022-11-18 00:00:00-05:00,9.199962232153819,9.241933022734127,9.199962232153819,9.225144386291504,21100,0.0,0.0
2022-11-21 00:00:00-05:00,9.258719293336645,9.275507926940918,9.216748509852076,9.275507926940918,18900,0.0,0.0
2022-11-22 00:00:00-05:00,9.28390266539855,9.342661284629974,9.250326197191145,9.317479133605957,24000,0.0,0.0
2022-11-23 00:00:00-05:00,9.342660024974936,9.351054341026533,9.233536317882294,9.33426570892334,20500,0.0,0.0
2022-11-25 00:00:00-05:00,9.30069004514848,9.367842978284664,9.30069004514848,9.351055145263672,5400,0.0,0.0
2022-11-28 00:00:00-05:00,9.325873791079005,9.384633218024502,9.317480273395002,9.367844581604004,18000,0.0,0.0
2022-11-29 00:00:00-05:00,9.342660828490121,9.367842978284664,9.317478678695581,9.351055145263672,6000,0.0,0.0
2022-11-30 00:00:00-05:00,9.317478871691536,9.42660178990355,9.317478871691536,9.401419639587402,16200,0.0,0.0
2022-12-01 00:00:00-05:00,9.3846326421543,9.510544205476727,9.3846326421543,9.48536205291748,9100,0.0,0.0
2022-12-02 00:00:00-05:00,9.44339046614807,9.485361250547287,9.384631848304842,9.468572616577148,12700,0.0,0.0
2022-12-05 00:00:00-05:00,9.359449728736578,9.45178562272215,9.359449728736578,9.409814834594727,15500,0.0,0.0
2022-12-06 00:00:00-05:00,9.393026199133278,9.434996987260702,9.384632681928752,9.409814834594727,19500,0.0,0.0
2022-12-07 00:00:00-05:00,9.409814301834306,9.476967238825672,9.409814301834306,9.45178508758545,9000,0.0,0.0
2022-12-08 00:00:00-05:00,9.409815294976463,9.434997448874492,9.351056669038982,9.376238822937012,16900,0.0,0.0
2022-12-09 00:00:00-05:00,9.28104722027759,9.357539496849432,9.25555006493363,9.26404857635498,26900,0.138,0.0
2022-12-12 00:00:00-05:00,9.213054265667056,9.289546542238897,9.213054265667056,9.26404857635498,83400,0.0,0.0
2022-12-13 00:00:00-05:00,9.34904063137045,9.43403223405345,9.34904063137045,9.366039276123047,39900,0.0,0.0
2022-12-14 00:00:00-05:00,9.28104735662855,9.408533945761263,9.28104735662855,9.374537467956543,18900,0.0,0.0
2022-12-15 00:00:00-05:00,9.357539106983921,9.459528534650513,9.357539106983921,9.40003490447998,18000,0.0,0.0
2022-12-16 00:00:00-05:00,9.357539634324166,9.408533945761263,9.34054099015182,9.374537467956543,39800,0.0,0.0
2022-12-19 00:00:00-05:00,9.374536939658393,9.408533415547256,9.374536939658393,9.40003490447998,27800,0.0,0.0
2022-12-20 00:00:00-05:00,9.323543445410841,9.349040601919425,9.272548321853685,9.289546966552734,21000,0.0,0.0
2022-12-21 00:00:00-05:00,9.289544741263862,9.340539042065462,9.272546100636799,9.298043251037598,22600,0.0,0.0
2022-12-22 00:00:00-05:00,9.255551536834911,9.340542338344108,9.247052213521966,9.3235445022583,23100,0.0,0.0
2022-12-23 00:00:00-05:00,9.28104542095033,9.340539042065462,9.247048950235998,9.298043251037598,27600,0.0,0.0
2022-12-27 00:00:00-05:00,9.230051675465297,9.264048151210403,9.017573499423408,9.12806224822998,59800,0.0,0.0
2022-12-28 00:00:00-05:00,9.162057942740661,9.187555905280258,9.119562149047852,9.119562149047852,47100,0.0,0.0
2022-12-29 00:00:00-05:00,9.234781494209537,9.269175434187337,9.114403114295342,9.251978874206543,39300,0.124,0.0
2022-12-30 00:00:00-05:00,9.191791218991497,9.294973885374503,9.131602013615096,9.157397270202637,233200,0.0,0.0
2023-01-03 00:00:00-05:00,9.251980734790912,9.329367320307549,9.226184659607782,9.294973373413086,25000,0.0,0.0
2023-01-04 00:00:00-05:00,9.337965011892887,9.527132126171661,9.329367140347404,9.441146850585938,54600,0.0,0.0
2023-01-05 00:00:00-05:00,9.372356705450235,9.466940649864272,9.372356705450235,9.449743270874023,47300,0.0,0.0
2023-01-06 00:00:00-05:00,9.475541749822044,9.570124898280719,9.449745674774464,9.544329643249512,20100,0.0,0.0
2023-01-09 00:00:00-05:00,9.544330636049361,9.638913794346562,9.501337993181012,9.604519844055176,27700,0.0,0.0
2023-01-10 00:00:00-05:00,9.587322458901253,9.604519844055176,9.587322458901253,9.604519844055176,15900,0.0,0.0
2023-01-11 00:00:00-05:00,9.613117265104343,9.707700410891023,9.613117265104343,9.673306465148926,22600,0.0,0.0
2023-01-12 00:00:00-05:00,9.707702217988285,9.79368750835794,9.673308265843723,9.759293556213379,35200,0.0,0.0
2023-01-13 00:00:00-05:00,9.733495079155853,9.83667691016974,9.733495079155853,9.767889022827148,29500,0.0,0.0
2023-01-17 00:00:00-05:00,9.716300101323629,9.776489307556638,9.716300101323629,9.73349666595459,21400,0.0,0.0
2023-01-18 00:00:00-05:00,9.828079634504057,9.922662780324494,9.828079634504057,9.879670143127441,41200,0.0,0.0
2023-01-19 00:00:00-05:00,9.871071451684761,9.888268834570122,9.836677505930387,9.879670143127441,27500,0.0,0.0
2023-01-20 00:00:00-05:00,9.828079542421879,9.922662687356139,9.819480851059762,9.862473487854004,22700,0.0,0.0
2023-01-23 00:00:00-05:00,9.853874796491887,9.879670050561895,9.819480851059762,9.862473487854004,20000,0.0,0.0
2023-01-24 00:00:00-05:00,9.84527610512977,9.888268741924012,9.836677413767653,9.862473487854004,13300,0.0,0.0
2023-01-25 00:00:00-05:00,9.853874934234158,9.853874934234158,9.742094405013143,9.836677551269531,13300,0.0,0.0
2023-01-26 00:00:00-05:00,9.81088197825143,9.828079360657608,9.724897526269517,9.80228328704834,26700,0.0,0.0
2023-01-27 00:00:00-05:00,9.785089801408436,9.836680324816054,9.785089801408436,9.819483757019043,10600,0.0,0.0
2023-01-30 00:00:00-05:00,9.785087042408357,9.862473625716472,9.785087042408357,9.836677551269531,20300,0.0,0.0
2023-01-31 00:00:00-05:00,9.879668464762704,9.914062404674212,9.862471904815056,9.896865844726562,9300,0.0,0.0
2023-02-01 00:00:00-05:00,9.879670322756336,9.982852161895472,9.879670322756336,9.939860343933105,12200,0.0,0.0
2023-02-02 00:00:00-05:00,9.948458215367292,10.06023874610378,9.948458215367292,10.043042182922363,20500,0.0,0.0
2023-02-03 00:00:00-05:00,9.939858228980214,10.025842666625977,9.914062159671914,10.025842666625977,17600,0.0,0.0
2023-02-06 00:00:00-05:00,9.914062404674212,9.931259784638069,9.845274524851197,9.896865844726562,19300,0.0,0.0
2023-02-07 00:00:00-05:00,9.862473487854004,9.871071359199778,9.836677413767653,9.862473487854004,11600,0.0,0.0
2023-02-08 00:00:00-05:00,9.836677551269531,9.862473625716472,9.819480988321258,9.836677551269531,6300,0.0,0.0
2023-02-09 00:00:00-05:00,9.845277421379894,9.914065321440644,9.828080856372933,9.853876113891602,21200,0.0,0.0
2023-02-10 00:00:00-05:00,9.82807967980357,9.853874934234158,9.79368573389067,9.836677551269531,18700,0.0,0.0
2023-02-13 00:00:00-05:00,9.845277421379894,9.871072678898564,9.785088213830852,9.853876113891602,28300,0.0,0.0
2023-02-14 00:00:00-05:00,9.785086362048023,9.810881614685059,9.767888980279135,9.810881614685059,10900,0.0,0.0
2023-02-15 00:00:00-05:00,9.785086041066247,9.785086041066247,9.74209340807062,9.776487350463867,11500,0.0,0.0
2023-02-16 00:00:00-05:00,9.7076997756958,9.733495028310449,9.690503213958133,9.7076997756958,7000,0.0,0.0
2023-02-17 00:00:00-05:00,9.690503120422363,9.69910099120006,9.621714414086778,9.690503120422363,11200,0.0,0.0
2023-02-21 00:00:00-05:00,9.621715548307195,9.621715548307195,9.484139759450986,9.518533706665039,54200,0.0,0.0
2023-02-22 00:00:00-05:00,9.492738179940645,9.527132126171661,9.398155032809438,9.441146850585938,44900,0.0,0.0
2023-02-23 00:00:00-05:00,9.441147391444643,9.501337415809324,9.441147391444643,9.492738723754883,20500,0.0,0.0
2023-02-24 00:00:00-05:00,9.406754351643428,9.441148303166173,9.3895577858903,9.432550430297852,14300,0.0,0.0
2023-02-27 00:00:00-05:00,9.432550430297852,9.458345688935788,9.415353044528237,9.432550430297852,20800,0.0,0.0
2023-02-28 00:00:00-05:00,9.39815430959094,9.48413875854352,9.39815430959094,9.458343505859375,19900,0.0,0.0
2023-03-01 00:00:00-05:00,9.398155304072102,9.458344506709556,9.398155304072102,9.415351867675781,18300,0.0,0.0
2023-03-02 00:00:00-05:00,9.329367680381361,9.398155576825207,9.329367680381361,9.389556884765625,34900,0.0,0.0
2023-03-03 00:00:00-05:00,9.389555071907841,9.423949013489267,9.380956381508422,9.40675163269043,40900,0.0,0.0
2023-03-06 00:00:00-05:00,9.389556659524498,9.423950606921364,9.355162712127633,9.372359275817871,76700,0.0,0.0
2023-03-07 00:00:00-05:00,9.329367728715864,9.372359549203699,9.329367728715864,9.346564292907715,22800,0.0,0.0
2023-03-08 00:00:00-05:00,9.346564292907715,9.372359549203699,9.320769036611733,9.346564292907715,34700,0.0,0.0
2023-03-09 00:00:00-05:00,9.34656338369752,9.34656338369752,9.243381548534444,9.303570747375488,50200,0.0,0.0
2023-03-10 00:00:00-05:00,9.399822327010675,9.41716474236326,9.287093732819287,9.330451011657715,36100,0.091,0.0
2023-03-13 00:00:00-04:00,9.37380833781493,9.49520772680978,9.209050842791472,9.408493995666504,44100,0.0,0.0
2023-03-14 00:00:00-04:00,9.469193690163928,9.73800733177079,9.382479132049337,9.408493995666504,15900,0.0,0.0
2023-03-15 00:00:00-04:00,9.425836797203504,9.503879737309132,9.252408500841748,9.365137100219727,26300,0.0,0.0
2023-03-16 00:00:00-04:00,9.38248146550587,9.486538464939935,9.38248146550587,9.451852798461914,4500,0.0,0.0
2023-03-17 00:00:00-04:00,9.425838470458984,9.460524135888665,9.3998244281296,9.425838470458984,15400,0.0,0.0
2023-03-20 00:00:00-04:00,9.443182808795578,9.443182808795578,9.399825515251187,9.434511184692383,17700,0.0,0.0
2023-03-21 00:00:00-04:00,9.38247980639368,9.495208409256234,9.356465767878131,9.391151428222656,43700,0.0,0.0
2023-03-22 00:00:00-04:00,9.382481995138225,9.460524955862105,9.36513957440601,9.417167663574219,14900,0.0,0.0
2023-03-23 00:00:00-04:00,9.417167131983891,9.4605244218243,9.399824712230641,9.451852798461914,29800,0.0,0.0
2023-03-24 00:00:00-04:00,9.4605244218243,9.521224131417958,9.44318200207105,9.451852798461914,25900,0.0,0.0
2023-03-27 00:00:00-04:00,9.382481564609893,9.43451047836225,9.347795897765499,9.373810768127441,34900,0.0,0.0
2023-03-28 00:00:00-04:00,9.373809825727161,9.399823866502242,9.35646658056281,9.38248062133789,24900,0.0,0.0
2023-03-29 00:00:00-04:00,9.399823900991628,9.469195227960673,9.373809860121098,9.46052360534668,29500,0.0,0.0
2023-03-30 00:00:00-04:00,9.477867943193745,9.486538739835868,9.451853072352742,9.469196319580078,33100,0.0,0.0
2023-03-31 00:00:00-04:00,9.51255361067687,9.538567654546327,9.451853072352742,9.469196319580078,34400,0.0,0.0
2023-04-03 00:00:00-04:00,9.538566875613284,9.58192416316946,9.503881210962641,9.564580917358398,40100,0.0,0.0
2023-04-04 00:00:00-04:00,9.547239586881144,9.616610924090597,9.529896339092996,9.573253631591797,28200,0.0,0.0
2023-04-05 00:00:00-04:00,9.59059486917673,9.642622947692871,9.581923247100242,9.642622947692871,32400,0.0,0.0
2023-04-06 00:00:00-04:00,9.677309841876284,9.677309841876284,9.642624176122915,9.659967422485352,31400,0.0,0.0
2023-04-10 00:00:00-04:00,9.633951036350805,9.633951036350805,9.573251337580723,9.616608619689941,20400,0.0,0.0
2023-04-11 00:00:00-04:00,9.616609332982524,9.69465228117352,9.607937710523204,9.677309036254883,22000,0.0,0.0
2023-04-12 00:00:00-04:00,9.72066713081087,9.72066713081087,9.616610133550765,9.659967422485352,15500,0.0,0.0
2023-04-13 00:00:00-04:00,9.668636986950942,9.694651853180408,9.642622947692871,9.642622947692871,11900,0.0,0.0
2023-04-14 00:00:00-04:00,9.607937812805176,9.642623476040264,9.590595394673354,9.607937812805176,9400,0.0,0.0
2023-04-17 00:00:00-04:00,9.581924547107784,9.581924547107784,9.495209968520868,9.512553215026855,10400,0.0,0.0
2023-04-18 00:00:00-04:00,9.512554032139962,9.564582122184033,9.50388240814209,9.50388240814209,17600,0.0,0.0
2023-04-19 00:00:00-04:00,9.512553225620481,9.529895645174271,9.477867559541389,9.521224021911621,15400,0.0,0.0
2023-04-20 00:00:00-04:00,9.564581311253363,9.564581311253363,9.48653835583253,9.521224021911621,28400,0.0,0.0
2023-04-21 00:00:00-04:00,9.521223735943806,9.529895358946007,9.460524028871376,9.495209693908691,22000,0.0,0.0
2023-04-24 00:00:00-04:00,9.503881591773862,9.512553215026855,9.382481347146483,9.512553215026855,36000,0.0,0.0
2023-04-25 00:00:00-04:00,9.538566981948208,9.538566981948208,9.495209693908691,9.495209693908691,22700,0.0,0.0
2023-04-26 00:00:00-04:00,9.503880925745761,9.547238212000758,9.503880925745761,9.538566589355469,25600,0.0,0.0
2023-04-27 00:00:00-04:00,9.538566981948208,9.538566981948208,9.495209693908691,9.495209693908691,22300,0.0,0.0
2023-04-28 00:00:00-04:00,9.52122334406489,9.564580630319886,9.52122334406489,9.538566589355469,65400,0.0,0.0
2023-05-01 00:00:00-04:00,9.5038793480155,9.529893384661351,9.408493995666504,9.408493995666504,47600,0.0,0.0
2023-05-02 00:00:00-04:00,9.460525366736867,9.53856833085019,9.434511321022962,9.443182945251465,34600,0.0,0.0
2023-05-03 00:00:00-04:00,9.44318160983846,9.538566981948208,9.44318160983846,9.495209693908691,43400,0.0,0.0
2023-05-04 00:00:00-04:00,9.425839446104403,9.521224829166254,9.425839446104403,9.50388240814209,27100,0.0,0.0
2023-05-05 00:00:00-04:00,9.503881602357831,9.538567268436923,9.48653835583253,9.521224021911621,15200,0.0,0.0
2023-05-08 00:00:00-04:00,9.521223309701732,9.521223309701732,9.43450956447615,9.46052360534668,17700,0.0,0.0
2023-05-09 00:00:00-04:00,9.495210899471575,9.495210899471575,9.425839560589186,9.434511184692383,10100,0.0,0.0
2023-05-10 00:00:00-04:00,9.486539160146346,9.529896453164126,9.486539160146346,9.50388240814209,15200,0.0,0.0
2023-05-11 00:00:00-04:00,9.53856482152778,9.564578857670893,9.529893200489644,9.547236442565918,11200,0.0,0.0
2023-05-12 00:00:00-04:00,9.51255251405919,9.529894932315726,9.451851982732688,9.46052360534668,25200,0.0,0.0
2023-05-15 00:00:00-04:00,9.451853742508364,9.477868615193874,9.425839696794458,9.443182945251465,15300,0.0,0.0
2023-05-16 00:00:00-04:00,9.417166847358692,9.460524135888665,9.417166847358692,9.425838470458984,19000,0.0,0.0
2023-05-17 00:00:00-04:00,9.43450956447615,9.46052360534668,9.43450956447615,9.46052360534668,15100,0.0,0.0
2023-05-18 00:00:00-04:00,9.391153891147992,9.451853605927184,9.391153891147992,9.434511184692383,15600,0.0,0.0
2023-05-19 00:00:00-04:00,9.417165466738208,9.425837088567182,9.38247980639368,9.391151428222656,10600,0.0,0.0
2023-05-22 00:00:00-04:00,9.382480896782553,9.417166561158087,9.373810100917272,9.399824142456055,19600,0.0,0.0
2023-05-23 00:00:00-04:00,9.399823866502242,9.425837907277321,9.347794957980636,9.38248062133789,35000,0.0,0.0
2023-05-24 00:00:00-04:00,9.451851948052402,9.451851948052402,9.35646658056281,9.38248062133789,39300,0.0,0.0
2023-05-25 00:00:00-04:00,9.321779390495767,9.365136669334195,9.30443614817187,9.330451011657715,19000,0.0,0.0
2023-05-26 00:00:00-04:00,9.304438198059596,9.382481151768376,9.295767401958672,9.347795486450195,6800,0.0,0.0
2023-05-30 00:00:00-04:00,9.347793474197765,9.41716478990091,9.347793474197765,9.408493995666504,7500,0.0,0.0
2023-05-31 00:00:00-04:00,9.382482267044795,9.443182808795578,9.382482267044795,9.434511184692383,23600,0.0,0.0
2023-06-01 00:00:00-04:00,9.43450956447615,9.477866850574665,9.425837941862158,9.46052360534668,8300,0.0,0.0
2023-06-02 00:00:00-04:00,9.460525366736867,9.460525366736867,9.417168072565955,9.443182945251465,13800,0.0,0.0
2023-06-05 00:00:00-04:00,9.399823050051632,9.408494671880607,9.38247980639368,9.391151428222656,23600,0.0,0.0
2023-06-06 00:00:00-04:00,9.373809825727161,9.399823866502242,9.365138203144985,9.38248062133789,17700,0.0,0.0
2023-06-07 00:00:00-04:00,9.356465767878131,9.399823050051632,9.356465767878131,9.391151428222656,28000,0.0,0.0
2023-06-08 00:00:00-04:00,9.391153891147992,9.538568193015966,9.391153891147992,9.434511184692383,26400,0.0,0.0
2023-06-09 00:00:00-04:00,9.4423855133074,9.4423855133074,9.40738133706373,9.424883842468262,17000,0.099,0.0
2023-06-12 00:00:00-04:00,9.319870871252034,9.398630479754996,9.319870871252034,9.38987922668457,82500,0.0,0.0
2023-06-13 00:00:00-04:00,9.407381911721307,9.407381911721307,9.354875226865696,9.363626480102539,23100,0.0,0.0
2023-06-14 00:00:00-04:00,9.3636254552201,9.433633804321289,9.3636254552201,9.433633804321289,14900,0.0,0.0
2023-06-15 00:00:00-04:00,9.43363313206526,9.459886887031335,9.43363313206526,9.451135635375977,9000,0.0,0.0
2023-06-16 00:00:00-04:00,9.416132985895842,9.424884238966266,9.354875048968303,9.38987922668457,24200,0.0,0.0
2023-06-20 00:00:00-04:00,9.363625015630328,9.451135865181158,9.363625015630328,9.398629188537598,21900,0.0,0.0
2023-06-21 00:00:00-04:00,9.398629805296835,9.41613231018168,9.381128134977358,9.407381057739258,18700,0.0,0.0
2023-06-22 00:00:00-04:00,9.381128648551396,9.381128648551396,9.346124471430755,9.372377395629883,26100,0.0,0.0
2023-06-23 00:00:00-04:00,9.37237755510915,9.407381732825419,9.37237755510915,9.38987922668457,21100,0.0,0.0
2023-06-26 00:00:00-04:00,9.37237610576578,9.424882781503268,9.363624854048648,9.38112735748291,27600,0.0,0.0
2023-06-27 00:00:00-04:00,9.381128134977358,9.41613231018168,9.381128134977358,9.407381057739258,8700,0.0,0.0
2023-06-28 00:00:00-04:00,9.442384383720619,9.459886887031335,9.416131463319836,9.451135635375977,16500,0.0,0.0
2023-06-29 00:00:00-04:00,9.38112735748291,9.398629026351875,9.37237610576578,9.38112735748291,26000,0.0,0.0
2023-06-30 00:00:00-04:00,9.468638436848803,9.468638436848803,9.416132589765997,9.424883842468262,26900,0.0,0.0
2023-07-03 00:00:00-04:00,9.41613231018168,9.41613231018168,9.328621454888191,9.407381057739258,12000,0.0,0.0
2023-07-05 00:00:00-04:00,9.389877936669452,9.433633361444867,9.372376267498474,9.398629188537598,31100,0.0,0.0
2023-07-06 00:00:00-04:00,9.346124032356578,9.346124032356578,9.311119856880406,9.337372779846191,12900,0.0,0.0
2023-07-07 00:00:00-04:00,9.293618123338685,9.389879405247623,9.293618123338685,9.363626480102539,23700,0.0,0.0
2023-07-10 00:00:00-04:00,9.258613768889923,9.424884238966266,9.258613768889923,9.38987922668457,18300,0.0,0.0
2023-07-11 00:00:00-04:00,9.407381732825419,9.45113716361211,9.381128808179573,9.38987922668457,28800,0.0,0.0
2023-07-12 00:00:00-04:00,9.433634420672195,9.451136926373703,9.398630243834587,9.44238567352295,22000,0.0,0.0
2023-07-13 00:00:00-04:00,9.477388663177951,9.50364158387624,9.46863741142342,9.494891166687012,15700,0.0,0.0
2023-07-14 00:00:00-04:00,9.477389850360558,9.477389850360558,9.44238567352295,9.44238567352295,31600,0.0,0.0
2023-07-17 00:00:00-04:00,9.451135635375977,9.459886887031335,9.416131463319836,9.451135635375977,28400,0.0,0.0
2023-07-18 00:00:00-04:00,9.451136077466158,9.494891503224379,9.451136077466158,9.486140251159668,13800,0.0,0.0
2023-07-19 00:00:00-04:00,9.477390111179334,9.51239428898026,9.477390111179334,9.503643035888672,10900,0.0,0.0
2023-07-20 00:00:00-04:00,9.459887561158249,9.459887561158249,9.416132134328668,9.433633804321289,7100,0.0,0.0
2023-07-21 00:00:00-04:00,9.468638876795401,9.49489263612204,9.433634698925315,9.459888458251953,16400,0.0,0.0
2023-07-24 00:00:00-04:00,9.486139633452865,9.486139633452865,9.451135462038714,9.477388381958008,9600,0.0,0.0
2023-07-25 00:00:00-04:00,9.468638876795401,9.468638876795401,9.416133027272988,9.459888458251953,9900,0.0,0.0
2023-07-26 00:00:00-04:00,9.468637466430664,9.494891221846773,9.4598870491906,9.468637466430664,12700,0.0,0.0
2023-07-27 00:00:00-04:00,9.468637978871884,9.486140483429857,9.416132134328668,9.433633804321289,22400,0.0,0.0
2023-07-28 00:00:00-04:00,9.45113728587605,9.547398567199707,9.45113728587605,9.547398567199707,12800,0.0,0.0
2023-07-31 00:00:00-04:00,9.556148460569602,9.6261568069458,9.521144287381503,9.6261568069458,16700,0.0,0.0
2023-08-01 00:00:00-04:00,9.52989533913983,9.52989533913983,9.477388663177951,9.494891166687012,18500,0.0,0.0
2023-08-02 00:00:00-04:00,9.494891059087474,9.494891059087474,9.43363313206526,9.451135635375977,16400,0.0,0.0
2023-08-03 00:00:00-04:00,9.433634215715706,9.433634215715706,9.354874610900879,9.354874610900879,19000,0.0,0.0
2023-08-04 00:00:00-04:00,9.416132749536095,9.486141103211311,9.416132749536095,9.44238567352295,17800,0.0,0.0
2023-08-07 00:00:00-04:00,9.451137205143073,9.47739012990428,9.424884280381868,9.459888458251953,42500,0.0,0.0
2023-08-08 00:00:00-04:00,9.486141364270923,9.547398466781189,9.486141364270923,9.503643035888672,13300,0.0,0.0
2023-08-09 00:00:00-04:00,9.521145542071851,9.538647213689599,9.503643035888672,9.503643035888672,10100,0.0,0.0
2023-08-10 00:00:00-04:00,9.54739884505208,9.582403024239882,9.503643412425959,9.564901351928711,28900,0.0,0.0
2023-08-11 00:00:00-04:00,9.547396899889037,9.547396899889037,9.451135635375977,9.451135635375977,6200,0.0,0.0
2023-08-14 00:00:00-04:00,9.433633980501156,9.451136485386002,9.407381057739258,9.407381057739258,11800,0.0,0.0
2023-08-15 00:00:00-04:00,9.372377293886005,9.416132723453163,9.328621864318848,9.328621864318848,8800,0.0,0.0
2023-08-16 00:00:00-04:00,9.30236860437002,9.337372779846191,9.293617351859636,9.337372779846191,31300,0.0,0.0
2023-08-17 00:00:00-04:00,9.33737329514475,9.33737329514475,9.28486661175014,9.302369117736816,12700,0.0,0.0
2023-08-18 00:00:00-04:00,9.328621864318848,9.381128546712517,9.311120193231226,9.328621864318848,34700,0.0,0.0
2023-08-21 00:00:00-04:00,9.354875226865696,9.424884418194992,9.337373554957455,9.363626480102539,12300,0.0,0.0
2023-08-22 00:00:00-04:00,9.381128886228698,9.477390167107952,9.284866770784008,9.319870948791504,11900,0.0,0.0
2023-08-23 00:00:00-04:00,9.381127519366618,9.468637534352137,9.354873763762182,9.398629188537598,6500,0.0,0.0
2023-08-24 00:00:00-04:00,9.41613316495815,9.442386090103234,9.346124808194297,9.363626480102539,29400,0.0,0.0
2023-08-25 00:00:00-04:00,9.381128648551396,9.389879066907497,9.354874889786855,9.372377395629883,2100,0.0,0.0
2023-08-28 00:00:00-04:00,9.37237773333938,9.407381911721307,9.354875226865696,9.363626480102539,6000,0.0,0.0
2023-08-29 00:00:00-04:00,9.319869430028291,9.424882781503268,9.319869430028291,9.38112735748291,19000,0.0,0.0
2023-08-30 00:00:00-04:00,9.363625630092512,9.41613231018168,9.346123959773035,9.407381057739258,22400,0.0,0.0
2023-08-31 00:00:00-04:00,9.407380882049681,9.433633804321289,9.407380882049681,9.433633804321289,10600,0.0,0.0
2023-09-01 00:00:00-04:00,9.398627565204714,9.477387149284027,9.398627565204714,9.416130065917969,19700,0.0,0.0
2023-09-05 00:00:00-04:00,9.381127869587598,9.381127869587598,9.311119521159473,9.346123695373535,14000,0.0,0.0
2023-09-06 00:00:00-04:00,9.319870434823777,9.354874610900879,9.319870434823777,9.354874610900879,7500,0.0,0.0
2023-09-07 00:00:00-04:00,9.293617687578202,9.372377293886005,9.293617687578202,9.328621864318848,7000,0.0,0.0
2023-09-08 00:00:00-04:00,9.370090616511444,9.38773714227762,9.361267353628355,9.378913879394531,18100,0.087,0.0
2023-09-11 00:00:00-04:00,9.361266818308867,9.414205551147461,9.352444397362945,9.414205551147461,9600,0.0,0.0
2023-09-12 00:00:00-04:00,9.414205551147461,9.414205551147461,9.352444397362945,9.414205551147461,13800,0.0,0.0
2023-09-13 00:00:00-04:00,9.44067464954517,9.502436645761245,9.414205703414066,9.431851387023926,15400,0.0,0.0
2023-09-14 00:00:00-04:00,9.458321847507587,9.493614058670827,9.396559846897405,9.405383110046387,5500,0.0,0.0
2023-09-15 00:00:00-04:00,9.36126571466294,9.36126571466294,9.325973510742188,9.325973510742188,5100,0.0,0.0
2023-09-18 00:00:00-04:00,9.2818603515625,9.378913717301142,9.2818603515625,9.2818603515625,7300,0.0,0.0
2023-09-19 00:00:00-04:00,9.308328766614531,9.308328766614531,9.246566772460938,9.246566772460938,1900,0.0,0.0
2023-09-20 00:00:00-04:00,9.308328495734484,9.32597417824158,9.255389765348049,9.299505233764648,6300,0.0,0.0
2023-09-21 00:00:00-04:00,9.21127466291649,9.21127466291649,9.158336771859284,9.167160034179688,10700,0.0,0.0
2023-09-22 00:00:00-04:00,9.16716152970764,9.211276165641289,9.131869316101074,9.131869316101074,16300,0.0,0.0
2023-09-25 00:00:00-04:00,9.149513228250482,9.149513228250482,9.07010555267334,9.07010555267334,10900,0.0,0.0
2023-09-26 00:00:00-04:00,9.096576705383816,9.131868917449703,9.008345754502747,9.025991439819336,26700,0.0,0.0
2023-09-27 00:00:00-04:00,9.03481401299519,9.087752747766212,8.99952180362539,9.0436372756958,26300,0.0,0.0
2023-09-28 00:00:00-04:00,9.025989511426669,9.025989511426669,8.928936159339,9.017167091369629,6200,0.0,0.0
2023-09-29 00:00:00-04:00,9.07892961752656,9.202452772839376,9.025990881983166,9.052460670471191,14400,0.0,0.0
2023-10-02 00:00:00-04:00,9.008345055758896,9.078929474415698,8.955406321049974,8.964229583740234,11300,0.0,0.0
2023-10-03 00:00:00-04:00,8.955405080918393,8.99069728535958,8.920112876477205,8.937759399414062,24500,0.0,0.0
2023-10-04 00:00:00-04:00,8.928937374411833,8.973052846430495,8.884821902393172,8.964229583740234,7800,0.0,0.0
2023-10-05 00:00:00-04:00,8.920113563537598,8.999521240004675,8.91129114282216,8.920113563537598,17300,0.0,0.0
2023-10-06 00:00:00-04:00,8.87599960237116,8.911291812181611,8.867176339560384,8.893645286560059,25200,0.0,0.0
2023-10-09 00:00:00-04:00,8.920113563537598,8.946583349981685,8.849529149218549,8.920113563537598,30800,0.0,0.0
2023-10-10 00:00:00-04:00,8.902467194972875,8.955405080918393,8.893643933504446,8.937759399414062,27100,0.0,0.0
2023-10-11 00:00:00-04:00,8.999522077361075,9.034814287804348,8.946584182412503,8.99069881439209,21300,0.0,0.0
2023-10-12 00:00:00-04:00,8.990698653180633,8.990698653180633,8.87599960237116,8.893645286560059,16900,0.0,0.0
2023-10-13 00:00:00-04:00,8.937761848965092,9.025991963532814,8.920115321191894,8.981877326965332,7900,0.0,0.0
2023-10-16 00:00:00-04:00,8.964230799192134,8.990699749419175,8.946585112851691,8.981877326965332,25700,0.0,0.0
2023-10-17 00:00:00-04:00,8.893644598180833,8.920113543131778,8.893644598180833,8.911291122436523,12100,0.0,0.0
2023-10-18 00:00:00-04:00,8.87600040435791,8.902469353749174,8.823061664142653,8.87600040435791,13100,0.0,0.0
2023-10-19 00:00:00-04:00,8.831884509632017,8.831884509632017,8.708361349266063,8.761300086975098,10900,0.0,0.0
2023-10-20 00:00:00-04:00,8.778943971961127,8.778943971961127,8.690713882446289,8.690713882446289,4000,0.0,0.0
2023-10-23 00:00:00-04:00,8.628951761629367,8.717182691221085,8.628951761629367,8.681890487670898,9400,0.0,0.0
2023-10-24 00:00:00-04:00,8.708360804134498,8.76129953852964,8.673068595015284,8.717184066772461,6600,0.0,0.0
2023-10-25 00:00:00-04:00,8.67306871644412,8.67306871644412,8.637776506830791,8.646599769592285,7700,0.0,0.0
2023-10-26 00:00:00-04:00,8.63777608973877,8.664245035312499,8.611307144165039,8.611307144165039,11400,0.0,0.0
2023-10-27 00:00:00-04:00,8.611308379121542,8.64660059209201,8.611308379121542,8.637777328491211,7500,0.0,0.0
2023-10-30 00:00:00-04:00,8.628952959978815,8.673068430901228,8.611307276469422,8.62013053894043,9600,0.0,0.0
2023-10-31 00:00:00-04:00,8.628953244069296,8.70836092605745,8.628953244069296,8.646599769592285,11200,0.0,0.0
2023-11-01 00:00:00-04:00,8.646600189799432,8.770122508732696,8.646600189799432,8.761300086975098,8400,0.0,0.0
2023-11-02 00:00:00-04:00,8.78776784600596,8.920113410221312,8.78776784600596,8.902467727661133,7000,0.0,0.0
2023-11-03 00:00:00-04:00,8.999521255493164,9.08775219426012,8.981875572599328,8.999521255493164,23700,0.0,0.0
2023-11-06 00:00:00-05:00,8.964229451524968,8.973052714085092,8.920113980156975,8.955406188964844,9700,0.0,0.0
2023-11-07 00:00:00-05:00,8.955406321049974,9.061283790467819,8.955406321049974,8.964229583740234,25100,0.0,0.0
2023-11-08 00:00:00-05:00,8.990698125682352,9.008344650268555,8.990698125682352,9.008344650268555,6600,0.0,0.0
2023-11-09 00:00:00-05:00,8.990699199276843,9.034814674577648,8.646600343082506,8.858353614807129,47600,0.0,0.0
2023-11-10 00:00:00-05:00,8.884821902393172,9.070106211725436,8.884821902393172,8.964229583740234,30500,0.0,0.0
2023-11-13 00:00:00-05:00,8.92011396024249,8.955406168971567,8.902468276594266,8.94658374786377,9700,0.0,0.0
2023-11-14 00:00:00-05:00,9.05246026625533,9.123044682872974,9.05246026625533,9.096575736999512,20500,0.0,0.0
2023-11-15 00:00:00-05:00,9.070106354697218,9.096576143185244,9.04363740764185,9.052460670471191,11700,0.0,0.0
2023-11-16 00:00:00-05:00,9.09657522303447,9.140689849853516,9.09657522303447,9.140689849853516,13000,0.0,0.0
2023-11-17 00:00:00-05:00,9.19362858004197,9.202451841978808,9.13186742934925,9.140689849853516,23000,0.0,0.0
2023-11-20 00:00:00-05:00,9.149513914351065,9.158337177061846,9.123044967651367,9.123044967651367,20700,0.0,0.0
2023-11-21 00:00:00-05:00,9.123044167412411,9.175982056168294,9.087751961097633,9.140689849853516,12900,0.0,0.0
2023-11-22 00:00:00-05:00,9.202453482015155,9.202453482015155,9.175983691487268,9.19363021850586,16000,0.0,0.0
2023-11-24 00:00:00-05:00,9.19363021850586,9.202453482015155,9.184806954996564,9.19363021850586,4200,0.0,0.0
2023-11-27 00:00:00-05:00,9.202454584922704,9.228923537190155,9.184808055789189,9.21127700805664,21100,0.0,0.0
2023-11-28 00:00:00-05:00,9.246569224890848,9.246569224890848,9.193631320355946,9.21127700805664,23500,0.0,0.0
2023-11-29 00:00:00-05:00,9.220098091048948,9.343621241458182,9.220098091048948,9.264213562011719,51300,0.0,0.0
2023-11-30 00:00:00-05:00,9.25539029953264,9.35244450393726,9.25539029953264,9.264213562011719,31300,0.0,0.0
2023-12-01 00:00:00-05:00,9.264213606283437,9.44067464954517,9.264213606283437,9.431851387023926,13100,0.0,0.0
2023-12-04 00:00:00-05:00,9.414204844215101,9.414204844215101,9.334797171636405,9.35244369506836,7800,0.0,0.0
2023-12-05 00:00:00-05:00,9.378913474842953,9.484790100575132,9.378913474842953,9.423028945922852,14100,0.0,0.0
2023-12-06 00:00:00-05:00,9.405383522761745,9.45832226254594,9.405383522761745,9.440675735473633,8200,0.0,0.0
2023-12-07 00:00:00-05:00,9.423028411101463,9.467143038244929,9.41420514909974,9.458320617675781,9200,0.0,0.0
2023-12-08 00:00:00-05:00,9.39402834607173,9.420817160676577,9.385098457336426,9.385098457336426,6300,0.128,0.0
2023-12-11 00:00:00-05:00,9.358306474215388,9.429744714810184,9.358306474215388,9.402955055236816,14100,0.0,0.0
2023-12-12 00:00:00-05:00,9.411886533474135,9.456535122046413,9.385097720971165,9.420816421508789,15500,0.0,0.0
2023-12-13 00:00:00-05:00,9.429746325874886,9.53690242767334,9.277941635426828,9.53690242767334,63300,0.0,0.0
2023-12-14 00:00:00-05:00,9.572621358615482,9.697636387921374,9.572621358615482,9.661917686462402,12500,0.0,0.0
2023-12-15 00:00:00-05:00,9.688705348228096,9.715494155883789,9.644056767734712,9.715494155883789,17900,0.0,0.0
2023-12-18 00:00:00-05:00,9.706566914014353,9.706566914014353,9.67084821020827,9.679778099060059,22400,0.0,0.0
2023-12-19 00:00:00-05:00,9.679778630899666,9.715497336668253,9.679778630899666,9.697637557983398,13400,0.0,0.0
2023-12-20 00:00:00-05:00,9.697634383046099,9.715494155883789,9.644056767734712,9.715494155883789,35400,0.0,0.0
2023-12-21 00:00:00-05:00,9.724424042302635,9.742282963539484,9.697634383046099,9.715494155883789,11700,0.0,0.0
2023-12-22 00:00:00-05:00,9.733355089380344,9.840512045358276,9.652988649798422,9.661917686462402,24700,0.0,0.0
2023-12-26 00:00:00-05:00,9.742282963539484,9.804790465269717,9.697634383046099,9.715494155883789,16000,0.0,0.0
2023-12-27 00:00:00-05:00,9.751212849958328,9.804790465269717,9.715494155883789,9.715494155883789,23000,0.0,0.0
2023-12-28 00:00:00-05:00,9.733354668970486,9.795863032524544,9.697635969054303,9.706565856933594,15400,0.0,0.0
2023-12-29 00:00:00-05:00,9.751212849958328,9.840510010945096,9.644056767734712,9.715494155883789,34800,0.0,0.0
2024-01-02 00:00:00-05:00,9.733354568481445,9.760144231842737,9.688706832747902,9.733354568481445,17700,0.0,0.0
2024-01-03 00:00:00-05:00,9.670847373349883,9.742284774780273,9.670847373349883,9.742284774780273,5400,0.0,0.0
2024-01-04 00:00:00-05:00,9.697635868934029,9.733354568481445,9.688706832747902,9.733354568481445,16500,0.0,0.0
2024-01-05 00:00:00-05:00,9.73335520433817,9.751214981079102,9.715496279198268,9.751214981079102,25600,0.0,0.0
2024-01-08 00:00:00-05:00,9.77800264015293,9.81372133781665,9.733354055173052,9.804791450500488,8000,0.0,0.0
2024-01-09 00:00:00-05:00,9.795862414785255,9.81372133781665,9.724425019457817,9.804791450500488,14700,0.0,0.0
2024-01-10 00:00:00-05:00,9.822651963912687,9.858370664262875,9.760144451200105,9.795863151550293,16200,0.0,0.0
2024-01-11 00:00:00-05:00,9.804792404840942,9.831582069396973,9.760144667116242,9.831582069396973,6000,0.0,0.0
2024-01-12 00:00:00-05:00,9.813722192078387,9.90301936981126,9.786933379398926,9.858370780944824,17900,0.0,0.0
2024-01-16 00:00:00-05:00,9.813722816143914,9.813722816143914,9.75121529871658,9.76014518737793,15800,0.0,0.0
2024-01-17 00:00:00-05:00,9.760144449942471,9.795863150288058,9.742284673969184,9.769073486328125,13100,0.0,0.0
2024-01-18 00:00:00-05:00,9.751214561955827,9.77800337431477,9.751214561955827,9.769073486328125,21900,0.0,0.0
2024-01-19 00:00:00-05:00,9.733355521393884,9.769074224438224,9.72442648433359,9.76014518737793,38400,0.0,0.0
2024-01-22 00:00:00-05:00,9.78693189450998,9.867299171955912,9.78693189450998,9.813720703125,20400,0.0,0.0
2024-01-23 00:00:00-05:00,9.795862414785255,9.849440035480368,9.795862414785255,9.804791450500488,37400,0.0,0.0
2024-01-24 00:00:00-05:00,9.858370664262875,9.858370664262875,9.76907348758691,9.795863151550293,22500,0.0,0.0
2024-01-25 00:00:00-05:00,9.84051163889043,9.867300450977877,9.760144351027106,9.822651863098145,22900,0.0,0.0
2024-01-26 00:00:00-05:00,9.78693189450998,9.849439398478651,9.78693189450998,9.813720703125,18300,0.0,0.0
2024-01-29 00:00:00-05:00,9.84051153844198,9.885159274264984,9.760144251399018,9.849440574645996,23700,0.0,0.0
2024-01-30 00:00:00-05:00,9.867301304873564,9.911949896617093,9.867301304873564,9.87623119354248,15400,0.0,0.0
2024-01-31 00:00:00-05:00,9.920878830641618,9.938738607793951,9.858371313810546,9.903019905090332,35400,0.0,0.0
2024-02-01 00:00:00-05:00,9.929808299164698,9.97445688855575,9.903019486170471,9.947668075561523,18700,0.0,0.0
2024-02-02 00:00:00-05:00,9.88515991240555,9.894089800787013,9.849441210480729,9.867300987243652,19800,0.0,0.0
2024-02-05 00:00:00-05:00,9.822652080171876,9.858370780944824,9.8047923039849,9.858370780944824,23500,0.0,0.0
2024-02-06 00:00:00-05:00,9.858369756734726,10.045893129210695,9.858369756734726,10.00124454498291,18500,0.0,0.0
2024-02-07 00:00:00-05:00,9.992316246032715,10.019105911787982,9.974457320463586,9.992316246032715,13500,0.0,0.0
2024-02-08 00:00:00-05:00,9.965526782532205,9.965526782532205,9.849440793293267,9.911949157714844,10900,0.0,0.0
2024-02-09 00:00:00-05:00,9.88515937516918,9.88515937516918,9.804792087305858,9.822651863098145,11200,0.0,0.0
2024-02-12 00:00:00-05:00,9.894089800787013,9.911949577549937,9.83158228531883,9.867300987243652,27900,0.0,0.0
2024-02-13 00:00:00-05:00,9.786931544032868,9.786931544032868,9.715494155883789,9.715494155883789,19800,0.0,0.0
2024-02-14 00:00:00-05:00,9.733354886701225,9.76907358741642,9.706566074065078,9.742284774780273,23600,0.0,0.0
2024-02-15 00:00:00-05:00,9.786933262301414,9.804792186673712,9.751214561955827,9.769073486328125,14900,0.0,0.0
2024-02-16 00:00:00-05:00,9.751215083322505,9.751215083322505,9.697636604138959,9.72442626953125,11500,0.0,0.0
2024-02-20 00:00:00-05:00,9.74228519485841,9.751215083322505,9.706566492603056,9.72442626953125,7600,0.0,0.0
2024-02-21 00:00:00-05:00,9.733353077120638,9.813720351688561,9.715494155883789,9.715494155883789,13000,0.0,0.0
2024-02-22 00:00:00-05:00,9.715496802866141,9.760145395524011,9.679778099060059,9.679778099060059,76300,0.0,0.0
2024-02-23 00:00:00-05:00,9.724426052716366,9.75121486591034,9.644058761533426,9.661917686462402,92900,0.0,0.0
2024-02-26 00:00:00-05:00,9.670847459131924,9.679777347290182,9.599410057067871,9.599410057067871,211400,0.0,0.0
2024-02-27 00:00:00-05:00,9.599408788360817,9.62619759769404,9.599408788360817,9.617268562316895,210900,0.0,0.0
2024-02-28 00:00:00-05:00,9.59048048645883,9.679777667796106,9.581550598004895,9.6083402633667,43100,0.0,0.0
2024-02-29 00:00:00-05:00,9.626199086555348,9.652988751632957,9.626199086555348,9.63512897491455,22400,0.0,0.0
2024-03-01 00:00:00-05:00,9.61727004979717,9.733355192062708,9.608340161437967,9.63512897491455,42400,0.0,0.0
2024-03-04 00:00:00-05:00,9.608338675338857,9.6619162940053,9.608338675338857,9.617268562316895,34600,0.0,0.0
2024-03-05 00:00:00-05:00,9.661917686462402,9.6708475747274,9.644058761533426,9.661917686462402,29000,0.0,0.0
2024-03-06 00:00:00-05:00,9.661918106919522,9.679777884226718,9.644059181213379,9.644059181213379,30300,0.0,0.0
2024-03-07 00:00:00-05:00,9.661917686462402,9.679777462992396,9.661917686462402,9.661917686462402,32900,0.0,0.0
2024-03-08 00:00:00-05:00,9.688980684323205,9.734087843780074,9.643873524866336,9.661916732788086,68200,0.11,0.0
2024-03-11 00:00:00-04:00,9.652898139295315,9.679962099270924,9.643876532520855,9.670941352844238,70700,0.0,0.0
2024-03-12 00:00:00-04:00,9.670940331324061,9.734089851379395,9.643875513859474,9.734089851379395,62600,0.0,0.0
2024-03-13 00:00:00-04:00,9.8152825409065,9.860389709472656,9.734089809556952,9.860389709472656,78400,0.0,0.0
2024-03-14 00:00:00-04:00,9.887452245267276,9.887452245267276,9.79723792110222,9.83332347869873,61100,0.0,0.0
2024-03-15 00:00:00-04:00,9.87843079589507,9.87843079589507,9.79723807494112,9.842345237731934,21400,0.0,0.0
2024-03-18 00:00:00-04:00,9.842346497907121,9.887453666473279,9.842346497907121,9.860389709472656,14700,0.0,0.0
2024-03-19 00:00:00-04:00,9.914517034616834,9.914517034616834,9.878431473976688,9.887453079223633,21000,0.0,0.0
2024-03-20 00:00:00-04:00,9.914516757052262,9.932559967041016,9.887452802416737,9.932559967041016,17700,0.0,0.0
2024-03-21 00:00:00-04:00,9.968644786407669,9.995708739033448,9.914516020808572,9.950601577758789,12900,0.0,0.0
2024-03-22 00:00:00-04:00,10.112987702406476,10.112987702406476,9.98668781431212,9.995709419250488,9500,0.0,0.0
2024-03-25 00:00:00-04:00,9.99571021955228,10.031795781847327,9.950603051596554,9.986688613891602,26500,0.0,0.0
2024-03-26 00:00:00-04:00,10.031795412398498,10.067880973364595,9.887453168534117,9.959624290466309,38400,0.0,0.0
2024-03-27 00:00:00-04:00,10.04983923276365,10.06788158416748,10.02277441513637,10.06788158416748,10700,0.0,0.0
2024-03-28 00:00:00-04:00,10.094943938981377,10.112987147868727,9.968644918160129,10.085923194885254,32000,0.0,0.0
2024-04-01 00:00:00-04:00,10.122009028581916,10.122009028581916,10.03179470237796,10.040816307067871,13500,0.0,0.0
2024-04-02 00:00:00-04:00,10.058859120582277,10.058859120582277,9.851367365218557,9.87843132019043,25900,0.0,0.0
2024-04-03 00:00:00-04:00,9.923537899088398,9.923537899088398,9.88745234114198,9.905494689941406,12400,0.0,0.0
2024-04-04 00:00:00-04:00,9.914516294514902,9.932559503661896,9.905494689941406,9.905494689941406,21600,0.0,0.0
2024-04-05 00:00:00-04:00,9.887451327259804,9.932558485154326,9.887451327259804,9.896472930908203,10800,0.0,0.0
2024-04-08 00:00:00-04:00,9.896473849753294,9.896473849753294,9.815281130074254,9.83332347869873,22600,0.0,0.0
2024-04-09 00:00:00-04:00,9.878430950724784,9.896474160262938,9.851366996765137,9.851366996765137,10100,0.0,0.0
2024-04-10 00:00:00-04:00,9.815282515106976,9.815282515106976,9.770175346659382,9.797239303588867,15200,0.0,0.0
2024-04-11 00:00:00-04:00,9.806259799651757,9.82430300912806,9.688981519098535,9.716046333312988,19700,0.0,0.0
2024-04-12 00:00:00-04:00,9.752131736905973,9.77919569034266,9.688981365090283,9.707024574279785,17800,0.0,0.0
2024-04-15 00:00:00-04:00,9.734090879569916,9.734090879569916,9.63485578609417,9.670941352844238,18600,0.0,0.0
2024-04-16 00:00:00-04:00,9.634854099412136,9.688982009887695,9.634854099412136,9.688982009887695,17100,0.0,0.0
2024-04-17 00:00:00-04:00,9.734089205325958,9.851367492178998,9.725067600103195,9.752132415771484,28000,0.0,0.0
2024-04-18 00:00:00-04:00,9.79723807494112,9.842345237731934,9.79723807494112,9.842345237731934,9200,0.0,0.0
2024-04-19 00:00:00-04:00,9.887453079223633,9.90549542936989,9.869409868729745,9.887453079223633,5400,0.0,0.0
2024-04-22 00:00:00-04:00,9.959623120589843,9.959623120589843,9.923537563862427,9.941580772399902,16700,0.0,0.0
2024-04-23 00:00:00-04:00,9.968644786407669,9.968644786407669,9.941580833781892,9.950601577758789,8700,0.0,0.0
2024-04-24 00:00:00-04:00,10.049836971951699,10.049836971951699,9.905493891454034,9.914515495300293,19200,0.0,0.0
2024-04-25 00:00:00-04:00,9.932559718991662,9.932559718991662,9.833323787226982,9.851366996765137,24500,0.0,0.0
2024-04-26 00:00:00-04:00,9.96864472485858,9.995708677317259,9.923537563862427,9.941580772399902,20000,0.0,0.0
2024-04-29 00:00:00-04:00,9.959623182083229,9.959623182083229,9.941580833781892,9.950601577758789,5900,0.0,0.0
2024-04-30 00:00:00-04:00,9.950601577758789,9.959623182083229,9.914516020808572,9.950601577758789,7600,0.0,0.0
2024-05-01 00:00:00-04:00,9.977666854858398,9.995709203999004,9.932559691485512,9.977666854858398,12600,0.0,0.0
2024-05-02 00:00:00-04:00,9.98668759925491,9.98668759925491,9.959623645370211,9.977666854858398,8500,0.0,0.0
2024-05-03 00:00:00-04:00,10.040816307067871,10.058858656100115,10.03179470237796,10.040816307067871,7000,0.0,0.0
2024-05-06 00:00:00-04:00,10.05885997829172,10.07690319004324,10.05885997829172,10.06788158416748,7900,0.0,0.0
2024-05-07 00:00:00-04:00,10.158095348169297,10.437758231731866,10.094944970955458,10.419715881347656,96500,0.0,0.0
2024-05-08 00:00:00-04:00,10.464821934730601,10.464821934730601,10.257329335122629,10.410693168640137,26100,0.0,0.0
2024-05-09 00:00:00-04:00,10.44678068629153,10.44678068629153,10.257331259945406,10.284395217895508,27200,0.0,0.0
2024-05-10 00:00:00-04:00,10.36558643507701,10.446779157392365,10.356564830298062,10.374608039855957,14300,0.0,0.0
2024-05-13 00:00:00-04:00,10.38362874525748,10.38362874525748,10.19417936304666,10.311457633972168,11000,0.0,0.0
2024-05-14 00:00:00-04:00,10.338523153749607,10.419715881347656,10.320479943017755,10.419715881347656,8500,0.0,0.0
2024-05-15 00:00:00-04:00,10.437757862460922,10.437757862460922,10.392651557922363,10.392651557922363,5100,0.0,0.0
2024-05-16 00:00:00-04:00,10.419713444216317,10.419713444216317,10.257328027001549,10.383627891540527,6300,0.0,0.0
2024-05-17 00:00:00-04:00,10.401670237704701,10.401670237704701,10.37460628828472,10.383627891540527,5100,0.0,0.0
2024-05-20 00:00:00-04:00,10.36558795209352,10.37460955819279,10.266352866044677,10.284395217895508,8400,0.0,0.0
2024-05-21 00:00:00-04:00,10.374607203292443,10.383628807343928,10.257328931665697,10.320478439331055,7200,0.0,0.0
2024-05-22 00:00:00-04:00,10.356563933264855,10.410692696902593,10.26635047433197,10.311457633972168,13300,0.0,0.0
2024-05-23 00:00:00-04:00,10.293414442985755,10.293414442985755,10.158093824189072,10.185157775878906,15900,0.0,0.0
2024-05-24 00:00:00-04:00,10.194179379891354,10.257328887283473,10.158093824189072,10.185157775878906,13800,0.0,0.0
2024-05-28 00:00:00-04:00,10.176136658279352,10.20320147161038,10.031794428570752,10.085923194885254,35300,0.0,0.0
2024-05-29 00:00:00-04:00,10.058857494842016,10.058857494842016,9.842344169365282,9.896472930908203,35000,0.0,0.0
2024-05-30 00:00:00-04:00,9.932559503661896,9.968645061608314,9.79723801610215,9.905494689941406,19600,0.0,0.0
2024-05-31 00:00:00-04:00,9.896474926454529,9.968646049499512,9.8513677594645,9.968646049499512,14200,0.0,0.0
2024-06-03 00:00:00-04:00,9.977666329127318,9.977666329127318,9.896473611403747,9.941580772399902,25500,0.0,0.0
2024-06-04 00:00:00-04:00,9.959623767077574,10.085923653995533,9.914516603153473,9.923538208007812,18500,0.0,0.0
2024-06-05 00:00:00-04:00,9.923537099146554,9.941580306839072,9.89647314795527,9.914515495300293,42900,0.0,0.0
2024-06-06 00:00:00-04:00,9.878429940262752,9.941580306839072,9.878429940262752,9.914515495300293,11600,0.0,0.0
2024-06-07 00:00:00-04:00,9.896474684470576,9.896474684470576,9.779196397303197,9.887453079223633,18000,0.0,0.0
2024-06-10 00:00:00-04:00,9.815281438036413,9.896474160262938,9.815281438036413,9.851366996765137,18300,0.0,0.0
2024-06-11 00:00:00-04:00,9.869409131994988,9.905494689941406,9.833323574048569,9.905494689941406,10700,0.0,0.0
2024-06-12 00:00:00-04:00,10.004730931001673,10.004730931001673,9.905494998299135,9.923538208007812,57200,0.0,0.0
2024-06-13 00:00:00-04:00,9.965478876655627,9.983713518007987,9.874303061342781,9.938125610351562,29600,0.116,0.0
2024-06-14 00:00:00-04:00,9.947243365786251,9.956361121220938,9.892538572212157,9.938125610351562,12600,0.0,0.0
2024-06-17 00:00:00-04:00,9.89253900511091,9.89253900511091,9.846951095459554,9.865185737609863,50800,0.0,0.0
2024-06-18 00:00:00-04:00,9.883420746491923,9.938125539676987,9.819598197937012,9.819598197937012,60000,0.0,0.0
2024-06-20 00:00:00-04:00,9.865185235752229,9.865185235752229,9.764892535234937,9.819598197937012,39100,0.0,0.0
2024-06-21 00:00:00-04:00,9.874302560733842,9.901654956134173,9.819597769933178,9.892538070678711,35300,0.0,0.0
2024-06-24 00:00:00-04:00,9.892538635813121,9.919891032776022,9.892538635813121,9.910773277282715,39300,0.0,0.0
2024-06-25 00:00:00-04:00,9.910773015567845,9.910773015567845,9.874302864074707,9.874302864074707,55600,0.0,0.0
2024-06-26 00:00:00-04:00,9.919891403094901,9.919891403094901,9.856068851293236,9.865185737609863,32000,0.0,0.0
2024-06-27 00:00:00-04:00,9.919890968999203,9.947243365786251,9.85606841999042,9.938125610351562,46800,0.0,0.0
2024-06-28 00:00:00-04:00,10.011065914795033,10.029301425664409,9.910773213564516,9.938125610351562,41500,0.0,0.0
2024-07-01 00:00:00-04:00,10.011066567772126,10.020184323801525,9.919891616029362,9.956361770629883,53800,0.0,0.0
2024-07-02 00:00:00-04:00,9.974596737577878,9.992832250229753,9.956362094443104,9.965479850769043,13700,0.0,0.0
2024-07-03 00:00:00-04:00,9.99283181339104,10.065772121775737,9.94724390327134,10.038419723510742,7100,0.0,0.0
2024-07-05 00:00:00-04:00,10.065770535765777,10.065770535765777,10.011064878338402,10.04753589630127,10800,0.0,0.0
2024-07-08 00:00:00-04:00,10.02930196758339,10.065772121775737,10.02930196758339,10.038419723510742,10200,0.0,0.0
2024-07-09 00:00:00-04:00,10.03841939900419,10.065771796384979,10.001949245990794,10.029301643371582,13900,0.0,0.0
2024-07-10 00:00:00-04:00,10.065772380556988,10.166065089785107,10.04753773775055,10.07489013671875,20100,0.0,0.0
2024-07-11 00:00:00-04:00,10.15694832930653,10.193418484889511,10.11136041744853,10.166065216064453,7500,0.0,0.0
2024-07-12 00:00:00-04:00,10.13871178041958,10.293710143183233,10.13871178041958,10.27547550201416,11000,0.0,0.0
2024-07-15 00:00:00-04:00,10.229888333156953,10.229888333156953,10.147830268181076,10.184300422668457,20000,0.0,0.0
2024-07-16 00:00:00-04:00,10.18429936541772,10.275475176929582,10.18429936541772,10.266357421875,9200,0.0,0.0
2024-07-17 00:00:00-04:00,10.266359055292108,10.266359055292108,10.202535629272461,10.202535629272461,4000,0.0,0.0
2024-07-18 00:00:00-04:00,10.193418742284328,10.211653385777714,10.184300985779075,10.202535629272461,16400,0.0,0.0
2024-07-19 00:00:00-04:00,10.175182972339472,10.175182972339472,10.138712816756492,10.166065216064453,3200,0.0,0.0
2024-07-22 00:00:00-04:00,10.166064021612035,10.175181776815773,10.111359229423604,10.156947135925293,4000,0.0,0.0
2024-07-23 00:00:00-04:00,10.193416595458984,10.20253348052702,10.138710937466094,10.193416595458984,14700,0.0,0.0
2024-07-24 00:00:00-04:00,10.184300795151444,10.184300795151444,10.138712882995605,10.138712882995605,33000,0.0,0.0
2024-07-25 00:00:00-04:00,10.184299730194528,10.266357789590927,10.184299730194528,10.220769882202148,21300,0.0,0.0
2024-07-26 00:00:00-04:00,10.239004784183473,10.30282820395983,10.239004784183473,10.257240295410156,5900,0.0,0.0
2024-07-29 00:00:00-04:00,10.302828510481334,10.302828510481334,10.239005088806152,10.239005088806152,13700,0.0,0.0
2024-07-30 00:00:00-04:00,10.248122172878643,10.321062476139794,10.220769776534963,10.302827835083008,15300,0.0,0.0
2024-07-31 00:00:00-04:00,10.33929786038671,10.394002652405682,10.311945464377224,10.357532501220703,9600,0.0,0.0
2024-08-01 00:00:00-04:00,10.375768661499023,10.412238814968454,10.357533150005784,10.375768661499023,7200,0.0,0.0
2024-08-02 00:00:00-04:00,10.44870873077701,10.539884547135273,10.44870873077701,10.512531280517578,11200,0.0,0.0
2024-08-05 00:00:00-04:00,10.530767096916605,10.530767096916605,10.17518244623028,10.348416328430176,11800,0.0,0.0
2024-08-06 00:00:00-04:00,10.321061824131348,10.339297333553152,10.284591674804688,10.284591674804688,7200,0.0,0.0
2024-08-07 00:00:00-04:00,10.311944938937392,10.375767482879812,10.284591674804688,10.284591674804688,5700,0.0,0.0
2024-08-08 00:00:00-04:00,10.248121525478027,10.384885237590714,10.248121525478027,10.284591674804688,6100,0.0,0.0
2024-08-09 00:00:00-04:00,10.330181121826172,10.375769032673045,10.302828723124879,10.330181121826172,16700,0.0,0.0
2024-08-12 00:00:00-04:00,10.31194617473289,10.366650970520293,10.31194617473289,10.348416328430176,10500,0.0,0.0
2024-08-13 00:00:00-04:00,10.394004582664088,10.403122339532828,10.35753442470628,10.3848876953125,7900,0.0,0.0
2024-08-14 00:00:00-04:00,10.421356201171875,10.43047308707816,10.357532782725777,10.421356201171875,9500,0.0,0.0
2024-08-15 00:00:00-04:00,10.421357853270308,10.439592497490636,10.348417537354692,10.3848876953125,25300,0.0,0.0
2024-08-16 00:00:00-04:00,10.403121318732966,10.448709229086228,10.394003562758899,10.412239074707031,3400,0.0,0.0
2024-08-19 00:00:00-04:00,10.39400293490197,10.43047308707816,10.39400293490197,10.421356201171875,4900,0.0,0.0
2024-08-20 00:00:00-04:00,10.439590778872992,10.485178686194631,10.302827926425083,10.448708534240723,21000,0.0,0.0
2024-08-21 00:00:00-04:00,10.485178686194631,10.485178686194631,10.412238382286812,10.448708534240723,25900,0.0,0.0
2024-08-22 00:00:00-04:00,10.448709229086228,10.457826985060294,10.403121318732966,10.412239074707031,11700,0.0,0.0
2024-08-23 00:00:00-04:00,10.466944455019439,10.466944455019439,10.403121898677187,10.4578275680542,9600,0.0,0.0
2024-08-26 00:00:00-04:00,10.503415042009012,10.530767440795898,10.476061773705046,10.530767440795898,40300,0.0,0.0
2024-08-27 00:00:00-04:00,10.512531280517578,10.512531280517578,10.485178883416909,10.512531280517578,5300,0.0,0.0
2024-08-28 00:00:00-04:00,10.60370642215465,10.64929432743299,10.521648366557029,10.576354026794434,32300,0.0,0.0
2024-08-29 00:00:00-04:00,10.576354381449034,10.804293045967187,10.49429632309978,10.758705139160156,81200,0.0,0.0
2024-08-30 00:00:00-04:00,10.713118553161621,10.758706465589134,10.704000796772696,10.713118553161621,12900,0.0,0.0
2024-09-03 00:00:00-04:00,10.731353175061427,10.758705572440396,10.576354807385549,10.685765266418457,8700,0.0,0.0
2024-09-04 00:00:00-04:00,10.722234502420346,10.722234502420346,10.55811839314834,10.631058692932129,29400,0.0,0.0
2024-09-05 00:00:00-04:00,10.65841108797181,10.667528842824023,10.57635390285277,10.631058692932129,18500,0.0,0.0
2024-09-06 00:00:00-04:00,10.640176447784343,10.722234502420346,10.57635390285277,10.631058692932129,19000,0.0,0.0
2024-09-09 00:00:00-04:00,10.67664820604491,10.67664820604491,10.64017805065902,10.649295806884766,12700,0.0,0.0
2024-09-10 00:00:00-04:00,10.649294140718732,10.676646535599378,10.62194087632113,10.658411026000977,72300,0.0,0.0
2024-09-11 00:00:00-04:00,10.65841269359342,10.67664820604491,10.60370789527313,10.649295806884766,24900,0.0,0.0
2024-09-12 00:00:00-04:00,10.649294528202246,10.676646924078133,10.640176773071289,10.640176773071289,18800,0.0,0.0
2024-09-13 00:00:00-04:00,10.698179244995117,10.725799083531145,10.688972339476829,10.698179244995117,5100,0.113,0.0
2024-09-16 00:00:00-04:00,10.725798606872559,10.735005511981688,10.679765837364506,10.725798606872559,2300,0.0,0.0
2024-09-17 00:00:00-04:00,10.744212283717983,10.744212283717983,10.70738554175741,10.735005378723145,2600,0.0,0.0
2024-09-18 00:00:00-04:00,10.808658859104344,10.808658859104344,10.661351891310296,10.679765701293945,18500,0.0,0.0
2024-09-19 00:00:00-04:00,10.679765834550063,10.679765834550063,10.633732187035344,10.67055892944336,37300,0.0,0.0
2024-09-20 00:00:00-04:00,10.652145119229953,10.688971861637969,10.652145119229953,10.67055892944336,32600,0.0,0.0
2024-09-23 00:00:00-04:00,10.698179034408648,10.698179034408648,10.633732453086894,10.652145385742188,13700,0.0,0.0
2024-09-24 00:00:00-04:00,10.679765968036333,10.679765968036333,10.606112482299709,10.661352157592773,12400,0.0,0.0
2024-09-25 00:00:00-04:00,10.716592576958078,10.716592576958078,10.62452528192864,10.67055892944336,9200,0.0,0.0
2024-09-26 00:00:00-04:00,10.725798604045984,10.725798604045984,10.652145119229953,10.67055892944336,9500,0.0,0.0
2024-09-27 00:00:00-04:00,10.716592922249056,10.735005855036933,10.560079042467379,10.707386016845703,22000,0.0,0.0
2024-09-30 00:00:00-04:00,10.707386016845703,10.735005855036933,10.642939435059892,10.707386016845703,10200,0.0,0.0
2024-10-01 00:00:00-04:00,10.744212417090818,10.76262534929028,10.698178769563969,10.725798606872559,7400,0.0,0.0
2024-10-02 00:00:00-04:00,10.698178978119062,10.744212626543312,10.688972072830449,10.716592788696289,12500,0.0,0.0
2024-10-03 00:00:00-04:00,10.688972339476829,10.725799083531145,10.688972339476829,10.698179244995117,17900,0.0,0.0
2024-10-04 00:00:00-04:00,10.64293935842395,10.661352291079243,10.587698804420432,10.652145385742188,25600,0.0,0.0
2024-10-07 00:00:00-04:00,10.633733614897258,10.66135345590727,10.633733614897258,10.642940521240234,90700,0.0,0.0
2024-10-08 00:00:00-04:00,10.633732187035344,10.688971861637969,10.62452528192864,10.67055892944336,27000,0.0,0.0
2024-10-09 00:00:00-04:00,10.661352024336656,10.679765834550063,10.652145119229953,10.67055892944336,14300,0.0,0.0
2024-10-10 00:00:00-04:00,10.661352157592773,10.679765968036333,10.652145252370993,10.661352157592773,17500,0.0,0.0
2024-10-11 00:00:00-04:00,10.652145252370993,10.679765968036333,10.624525414724461,10.661352157592773,4500,0.0,0.0
2024-10-14 00:00:00-04:00,10.64293935842395,10.661352291079243,10.606112615094546,10.652145385742188,21900,0.0,0.0
2024-10-15 00:00:00-04:00,10.679765572446058,10.790245796958686,10.679765572446058,10.74421215057373,2600,0.0,0.0
2024-10-16 00:00:00-04:00,10.762625560835392,10.79024627670568,10.71659279042254,10.771832466125488,17000,0.0,0.0
2024-10-17 00:00:00-04:00,10.744212283717983,10.753419188712824,10.688971731767731,10.735005378723145,47600,0.0,0.0
2024-10-18 00:00:00-04:00,10.707385069107533,10.77183164518901,10.707385069107533,10.762624740600586,33400,0.0,0.0
2024-10-21 00:00:00-04:00,10.707385671851375,10.74421241425939,10.67055892944336,10.67055892944336,23300,0.0,0.0
2024-10-22 00:00:00-04:00,10.707386150513404,10.845486221212377,10.67055940645909,10.698179244995117,11100,0.0,0.0
2024-10-23 00:00:00-04:00,10.652145385742188,10.698179034408648,10.652145385742188,10.652145385742188,6300,0.0,0.0
2024-10-24 00:00:00-04:00,10.670559062814553,10.670559062814553,10.642939225168021,10.661352157592773,4400,0.0,0.0
2024-10-25 00:00:00-04:00,10.652145119229953,10.753419319366094,10.652145119229953,10.67055892944336,131500,0.0,0.0
2024-10-28 00:00:00-04:00,10.707385538250634,10.73500537520732,10.63373205435361,10.679765701293945,3000,0.0,0.0
2024-10-29 00:00:00-04:00,10.67976726859322,10.67976726859322,10.596906867544272,10.642940521240234,4300,0.0,0.0
2024-10-30 00:00:00-04:00,10.633732795715332,10.716593190381035,10.624525890081621,10.633732795715332,4600,0.0,0.0
2024-10-31 00:00:00-04:00,10.670559872035403,10.688972805856531,10.49563217163086,10.49563217163086,1800,0.0,0.0
2024-11-01 00:00:00-04:00,10.606114455079245,10.661354140647111,10.50484023483987,10.541666984558105,6600,0.0,0.0
2024-11-04 00:00:00-05:00,10.569284091871557,10.587697900974424,10.477217680413462,10.53245735168457,5900,0.0,0.0
2024-11-05 00:00:00-05:00,10.569285736683952,10.58769954865241,10.495632244847881,10.550872802734375,8100,0.0,0.0
2024-11-06 00:00:00-05:00,10.504839489643928,10.587699890136719,10.4772196488193,10.587699890136719,5000,0.0,0.0
2024-11-07 00:00:00-05:00,10.587697850131452,10.928345414729954,10.550871110121308,10.596904754638672,32900,0.0,0.0
2024-11-08 00:00:00-05:00,10.606113224167252,10.642939969611492,10.606113224167252,10.61531925201416,5300,0.0,0.0
2024-11-11 00:00:00-05:00,10.569285809646741,10.642940180010152,10.569285809646741,10.60611343383789,5800,0.0,0.0
2024-11-12 00:00:00-05:00,10.596906380713135,10.596906380713135,10.486426143729732,10.49563217163086,5000,0.0,0.0
2024-11-13 00:00:00-05:00,10.495632381539835,10.569285874335147,10.48642635345459,10.48642635345459,6400,0.0,0.0
2024-11-14 00:00:00-05:00,10.541664256236004,10.569284091871557,10.486424584964894,10.53245735168457,2600,0.0,0.0
2024-11-15 00:00:00-05:00,10.53245735168457,10.541664256236004,10.486424584964894,10.53245735168457,7200,0.0,0.0
2024-11-18 00:00:00-05:00,10.560080798426709,10.587700641210642,10.48642729899024,10.541666984558105,4400,0.0,0.0
2024-11-19 00:00:00-05:00,10.541666034041627,10.578492780439284,10.48642635345459,10.48642635345459,1200,0.0,0.0
2024-11-20 00:00:00-05:00,10.477219104092816,10.541665688672573,10.477219104092816,10.504838943481445,13600,0.0,0.0
2024-11-21 00:00:00-05:00,10.56007943965496,10.652145863094818,10.495631977426314,10.624526023864746,4700,0.0,0.0
2024-11-22 00:00:00-05:00,10.633734025811407,10.633734025811407,10.54166671486177,10.560080528259277,8800,0.0,0.0
2024-11-25 00:00:00-05:00,10.642940521240234,10.725800044270269,10.532459401162358,10.642940521240234,7800,0.0,0.0
2024-11-26 00:00:00-05:00,10.633733543523704,10.707387037735316,10.587699890136719,10.587699890136719,21800,0.0,0.0
2024-11-27 00:00:00-05:00,10.606113224167252,10.61531925201416,10.596906318301475,10.61531925201416,1200,0.0,0.0
2024-11-29 00:00:00-05:00,10.615319865859929,10.633733678656288,10.578493118286133,10.578493118286133,15200,0.0,0.0
2024-12-02 00:00:00-05:00,10.550872533905316,10.63373292961439,10.550872533905316,10.624526023864746,7600,0.0,0.0
2024-12-03 00:00:00-05:00,10.596905312405097,10.75341918519097,10.596905312405097,10.679765701293945,30700,0.0,0.0
2024-12-04 00:00:00-05:00,10.661352027146247,10.753419322199948,10.661352027146247,10.725798606872559,10500,0.0,0.0
2024-12-05 00:00:00-05:00,10.688972473144531,10.744213028926216,10.65214572862969,10.688972473144531,27300,0.0,0.0
2024-12-06 00:00:00-05:00,10.707386016845703,10.753419665843637,10.707386016845703,10.707386016845703,7100,0.0,0.0
2024-12-09 00:00:00-05:00,10.735006064931897,10.781039714829896,10.716593131784002,10.753419876098633,7300,0.0,0.0
2024-12-10 00:00:00-05:00,10.716593131784002,10.753419876098633,10.716593131784002,10.753419876098633,3600,0.0,0.0
2024-12-11 00:00:00-05:00,10.725799159348528,10.753419876098633,10.707386226200633,10.753419876098633,6700,0.0,0.0
2024-12-12 00:00:00-05:00,10.71781836103204,10.727187298152286,10.642868651012103,10.708450317382812,5200,0.202,0.0
2024-12-13 00:00:00-05:00,10.689712483742607,10.745925213206569,10.652237628590306,10.699081420898438,1900,0.0,0.0
2024-12-16 00:00:00-05:00,10.736556276050738,10.736556276050738,10.642868691434476,10.699081420898438,42200,0.0,0.0
2024-12-17 00:00:00-05:00,10.661605915160438,10.661605915160438,10.63349999887903,10.642868041992188,5900,0.0,0.0
2024-12-18 00:00:00-05:00,10.624131162509629,10.680342995602677,10.558550392744081,10.633500099182129,28300,0.0,0.0
2024-12-19 00:00:00-05:00,10.614763443880562,10.802137731476872,10.53981372884204,10.586657524108887,8400,0.0,0.0
2024-12-20 00:00:00-05:00,10.558550261759988,10.57728724140157,10.474231619695454,10.483599662780762,4900,0.0,0.0
2024-12-23 00:00:00-05:00,10.46486337193414,10.633500667162878,10.46486337193414,10.530444145202637,5200,0.0,0.0
2024-12-24 00:00:00-05:00,10.483600271937766,10.577287856002357,10.483600271937766,10.549181938171387,3100,0.0,0.0
2024-12-26 00:00:00-05:00,10.577287856002357,10.577287856002357,10.464863291207458,10.549181938171387,6300,0.0,0.0
2024-12-27 00:00:00-05:00,10.511706613424966,10.511706613424966,10.464862823486328,10.464862823486328,8600,0.0,0.0
2024-12-30 00:00:00-05:00,10.464863961011728,10.483600942941296,10.380545308650978,10.436758041381836,21400,0.0,0.0
2024-12-31 00:00:00-05:00,10.549183202483787,10.586658061906755,10.4554956071908,10.49297046661377,18200,0.0,0.0
2025-01-02 00:00:00-05:00,10.530443231403874,10.586655956092498,10.455493527466341,10.521074295043945,1600,0.0,0.0
2025-01-03 00:00:00-05:00,10.567918878249369,10.567918878249369,10.455494313886941,10.558550834655762,2800,0.0,0.0
2025-01-06 00:00:00-05:00,10.567919648613715,10.586657524108887,10.474232951551102,10.586657524108887,20900,0.0,0.0
2025-01-07 00:00:00-05:00,10.530443231403874,10.57728701973257,10.521074295043945,10.521074295043945,2000,0.0,0.0
2025-01-08 00:00:00-05:00,10.49297046661377,10.53044532603674,10.4554956071908,10.49297046661377,4400,0.0,0.0
2025-01-10 00:00:00-05:00,10.399283450574716,10.446126353334712,10.18380234530012,10.389914512634277,12300,0.0,0.0
2025-01-13 00:00:00-05:00,10.35243827446948,10.35243827446948,10.277488567878196,10.296225547790527,3700,0.0,0.0
2025-01-14 00:00:00-05:00,10.296225208298617,10.399281721566838,10.27748822900409,10.361806869506836,14700,0.0,0.0
2025-01-15 00:00:00-05:00,10.408651228280869,10.539813675672155,10.380545308650978,10.436758041381836,7600,0.0,0.0
2025-01-16 00:00:00-05:00,10.436756906911535,10.549181466681683,10.418019033547688,10.464862823486328,11900,0.0,0.0
2025-01-17 00:00:00-05:00,10.464864545414324,10.53044532603674,10.464864545414324,10.49297046661377,3600,0.0,0.0
2025-01-21 00:00:00-05:00,10.511707164327792,10.549182019548509,10.483600352808985,10.530444145202637,12300,0.0,0.0
2025-01-22 00:00:00-05:00,10.511708343060818,10.624132921329725,10.464864545414324,10.49297046661377,2100,0.0,0.0
2025-01-23 00:00:00-05:00,10.455493886804405,10.483599803379196,10.427387970229612,10.464862823486328,9700,0.0,0.0
2025-01-24 00:00:00-05:00,10.427388010319104,10.53044363380354,10.427388010319104,10.455493927001953,12500,0.0,0.0
2025-01-27 00:00:00-05:00,10.511706252154964,10.549181104123731,10.511706252154964,10.521074295043945,4400,0.0,0.0
2025-01-28 00:00:00-05:00,10.492968780402746,10.56791848720433,10.455493927001953,10.455493927001953,19100,0.0,0.0
2025-01-29 00:00:00-05:00,10.47423289871205,10.483600942941296,10.427389103681515,10.436758041381836,15700,0.0,0.0
2025-01-30 00:00:00-05:00,10.46486268313918,10.530443452091166,10.446124810026632,10.483599662780762,17200,0.0,0.0
2025-01-31 00:00:00-05:00,10.483601528390246,10.521076387813215,10.474233483637848,10.49297046661377,19700,0.0,0.0
2025-02-03 00:00:00-05:00,10.483599763145696,10.511706573083599,10.436756866857806,10.474231719970703,16300,0.0,0.0
2025-02-04 00:00:00-05:00,10.492968699791664,10.492968699791664,10.446124910032799,10.474231719970703,23700,0.0,0.0
2025-02-05 00:00:00-05:00,10.492967527361309,10.549180247485218,10.492967527361309,10.51170539855957,11700,0.0,0.0
2025-02-06 00:00:00-05:00,10.492969472088294,10.549182202630458,10.492969472088294,10.502338409423828,16700,0.0,0.0
2025-02-07 00:00:00-05:00,10.521074656635912,10.56791844657455,10.455493886804405,10.464862823486328,13100,0.0,0.0
2025-02-10 00:00:00-05:00,10.455495023311405,10.483600942941296,10.436758041381836,10.436758041381836,20200,0.0,0.0
2025-02-11 00:00:00-05:00,10.418019760346102,10.511707346759362,10.418019760346102,10.502338409423828,40700,0.0,0.0
2025-02-12 00:00:00-05:00,10.464863859410618,10.464863859410618,10.446125984191895,10.446125984191895,22100,0.0,0.0
2025-02-13 00:00:00-05:00,10.455493746582906,10.492968599337036,10.455493746582906,10.483599662780762,9200,0.0,0.0
2025-02-14 00:00:00-05:00,10.511707123747732,10.558550915960545,10.511707123747732,10.539813041687012,9400,0.0,0.0
2025-02-18 00:00:00-05:00,10.49297046661377,10.53044532603674,10.49297046661377,10.49297046661377,15100,0.0,0.0
2025-02-19 00:00:00-05:00,10.483598591762176,10.521073440687825,10.474230549633921,10.51170539855957,8400,0.0,0.0
2025-02-20 00:00:00-05:00,10.455493846678767,10.539812489550528,10.455493846678767,10.474231719970703,18400,0.0,0.0
2025-02-21 00:00:00-05:00,10.46486337193414,10.633500667162878,10.46486337193414,10.530444145202637,20300,0.0,0.0
2025-02-24 00:00:00-05:00,10.492969168674417,10.57728781531399,10.483600231609794,10.558550834655762,20800,0.0,0.0
2025-02-25 00:00:00-05:00,10.614762265989814,10.633500139405696,10.596025286044913,10.624131202697754,21000,0.0,0.0
2025-02-26 00:00:00-05:00,10.624130585614326,10.745924075330455,10.6053927132868,10.72718620300293,48700,0.0,0.0
2025-02-27 00:00:00-05:00,10.680342674255371,10.745924335518692,10.670974631335712,10.680342674255371,18700,0.0,0.0
2025-02-28 00:00:00-05:00,10.680343546586775,10.699081420898438,10.652237628590306,10.699081420898438,33100,0.0,0.0
2025-03-03 00:00:00-05:00,10.633500607362876,10.7740310902825,10.633500607362876,10.708450317382812,14200,0.0,0.0
2025-03-04 00:00:00-05:00,10.708450216631785,10.792768862978651,10.652237487910202,10.717818260192871,58100,0.0,0.0
2025-03-05 00:00:00-05:00,10.689710755582507,10.689710755582507,10.642866970847411,10.670973777770996,16600,0.0,0.0
2025-03-06 00:00:00-05:00,10.61476271093399,10.61476271093399,10.521075126869398,10.549181938171387,27200,0.0,0.0
2025-03-07 00:00:00-05:00,10.549181897591138,10.596025689443238,10.50233810573904,10.558550834655762,24700,0.0,0.0
2025-03-10 00:00:00-04:00,10.53981372884204,10.624132381628149,10.511707809070362,10.586657524108887,45800,0.0,0.0
2025-03-11 00:00:00-04:00,10.577288586361302,10.633501319375734,10.558551604337211,10.586657524108887,22200,0.0,0.0
2025-03-12 00:00:00-04:00,10.558549741557437,10.624130507278366,10.539811869368073,10.577286720275879,4800,0.0,0.0
2025-03-13 00:00:00-04:00,10.550744371630833,10.645539375146583,10.550744371630833,10.607621192932129,7000,0.132,0.0
2025-03-14 00:00:00-04:00,10.588663958446562,10.636061918512231,10.579184185625248,10.626582145690918,10100,0.0,0.0
2025-03-17 00:00:00-04:00,10.579183080239766,10.636060807183773,10.569703308408963,10.598142623901367,6400,0.0,0.0
2025-03-18 00:00:00-04:00,10.560225187325887,10.617102014250818,10.560225187325887,10.569704055786133,3400,0.0,0.0
2025-03-19 00:00:00-04:00,10.58866336708427,10.721377467048065,10.569703822500509,10.683459281921387,5600,0.0,0.0
2025-03-20 00:00:00-04:00,10.72137726085799,10.73085612892673,10.645539988022268,10.655019760131836,2100,0.0,0.0
2025-03-21 00:00:00-04:00,10.664499190474947,10.721376917268765,10.598142595916158,10.702417373657227,5100,0.0,0.0
2025-03-24 00:00:00-04:00,10.636060871214108,10.70241746634759,10.636060871214108,10.664499282836914,15900,0.0,0.0
2025-03-25 00:00:00-04:00,10.702417828324709,10.7213773727417,10.636061230946913,10.7213773727417,7300,0.0,0.0
2025-03-26 00:00:00-04:00,10.664499282836914,10.71189723823546,10.645539739061173,10.664499282836914,3600,0.0,0.0
2025-03-27 00:00:00-04:00,10.636060871214108,10.683458826612656,10.58866291581556,10.664499282836914,2700,0.0,0.0
2025-03-28 00:00:00-04:00,10.73085553549217,10.759294850248134,10.664498942476476,10.711896896362305,7400,0.0,0.0
2025-03-31 00:00:00-04:00,10.768774581507387,10.81617253919479,10.673979570173426,10.749815940856934,9600,0.0,0.0
2025-04-01 00:00:00-04:00,10.730855941772461,10.79721344134129,10.730855941772461,10.730855941772461,400,0.0,0.0
2025-04-02 00:00:00-04:00,10.778253058295663,10.835130781491957,10.740334877511716,10.797212600708008,12100,0.0,0.0
2025-04-03 00:00:00-04:00,10.749815236201787,10.806692058465693,10.673978870489387,10.740335464477539,16400,0.0,0.0
2025-04-04 00:00:00-04:00,10.730856572141548,10.787734303107344,10.50334745636009,10.569704055786133,57100,0.0,0.0
2025-04-07 00:00:00-04:00,10.49386658021753,10.550744305201487,10.237919077891643,10.332714080810547,19400,0.0,0.0
2025-04-08 00:00:00-04:00,10.323235916930336,10.50334706758032,10.323235916930336,10.342194557189941,7900,0.0,0.0
2025-04-09 00:00:00-04:00,10.266357423492007,10.484387646505255,10.24739878464433,10.474907875061035,19800,0.0,0.0
2025-04-10 00:00:00-04:00,10.342195094253746,10.361154639538741,10.171562802852321,10.218960762023926,18200,0.0,0.0
2025-04-11 00:00:00-04:00,10.181041830538005,10.294796381801799,10.067287279274211,10.24739933013916,14300,0.0,0.0
2025-04-14 00:00:00-04:00,10.294795741336221,10.323235055413495,10.25687755994061,10.304275512695312,1300,0.0,0.0
2025-04-15 00:00:00-04:00,10.266357785151559,10.361153694851671,10.266357785151559,10.323235511779785,8500,0.0,0.0
2025-04-16 00:00:00-04:00,10.294796415217911,10.418030738830566,10.294796415217911,10.418030738830566,13000,0.0,0.0
2025-04-17 00:00:00-04:00,10.370632782973267,10.484388238647112,10.351674143054835,10.418030738830566,16200,0.0,0.0
2025-04-21 00:00:00-04:00,10.4085509033441,10.418030675265882,10.237919528956052,10.35167407989502,21700,0.0,0.0
2025-04-22 00:00:00-04:00,10.332714196191347,10.465428286608695,10.332714196191347,10.39907169342041,2000,0.0,0.0
2025-04-23 00:00:00-04:00,10.493867281590513,10.569703650610577,10.436990456845878,10.550745010375977,6300,0.0,0.0
2025-04-24 00:00:00-04:00,10.5317855276551,10.617101669311523,10.5317855276551,10.617101669311523,9100,0.0,0.0
2025-04-25 00:00:00-04:00,10.683459094638083,10.759295463562012,10.683459094638083,10.759295463562012,2400,0.0,0.0
2025-04-28 00:00:00-04:00,10.702417922464303,10.749815879882862,10.58866336708427,10.683459281921387,4100,0.0,0.0
2025-04-29 00:00:00-04:00,10.66449909876514,10.740335464477539,10.66449909876514,10.740335464477539,4300,0.0,0.0
2025-04-30 00:00:00-04:00,10.683458797953222,10.768774032592773,10.67397902609078,10.768774032592773,1600,0.0,0.0
2025-05-01 00:00:00-04:00,10.730855877970397,10.730855877970397,10.626581099326236,10.664499282836914,46000,0.0,0.0
2025-05-02 00:00:00-04:00,10.692938038774827,10.692938038774827,10.617101669311523,10.617101669311523,6100,0.0,0.0
2025-05-05 00:00:00-04:00,10.617101327438366,10.664499282836914,10.617101327438366,10.664499282836914,9300,0.0,0.0
2025-05-06 00:00:00-04:00,10.617100873345944,10.664498826717285,10.550744281050527,10.645539283752441,11000,0.0,0.0
2025-05-07 00:00:00-04:00,10.66449912592606,10.692937537130442,10.569703216523735,10.63606071472168,2600,0.0,0.0
2025-05-08 00:00:00-04:00,10.664499797827776,10.759295713202585,10.664499797827776,10.749815940856934,8000,0.0,0.0
2025-05-09 00:00:00-04:00,10.721377279100047,10.768774331646881,10.664499550386687,10.759295463562012,8800,0.0,0.0
2025-05-12 00:00:00-04:00,10.787732531890196,10.873048662310566,10.711896172414471,10.80669116973877,3400,0.0,0.0
2025-05-13 00:00:00-04:00,10.759294850248134,10.759294850248134,10.711896896362305,10.711896896362305,3900,0.0,0.0
2025-05-14 00:00:00-04:00,10.702417922464303,10.759295652174742,10.645540192753865,10.683459281921387,5400,0.0,0.0
2025-05-15 00:00:00-04:00,10.692937850952148,10.692937850952148,10.598142842808523,10.692937850952148,5800,0.0,0.0
2025-05-16 00:00:00-04:00,10.692937850952148,10.74981557907098,10.664499438913143,10.692937850952148,2500,0.0,0.0
2025-05-19 00:00:00-04:00,10.588663273945272,10.7213773727417,10.541265316943631,10.7213773727417,3600,0.0,0.0
2025-05-20 00:00:00-04:00,10.673978714061798,10.759294850248134,10.645539399305834,10.711896896362305,20500,0.0,0.0
2025-05-21 00:00:00-04:00,10.579182624816895,10.607621035044254,10.569702853394187,10.579182624816895,9100,0.0,0.0
2025-05-22 00:00:00-04:00,10.436989669639336,10.579182624816895,10.436989669639336,10.579182624816895,25100,0.0,0.0
2025-05-23 00:00:00-04:00,10.560225486755371,10.598143673794098,10.53178616844566,10.560225486755371,17500,0.0,0.0
2025-05-27 00:00:00-04:00,10.655019854043175,10.692938038774827,10.560224844234464,10.617101669311523,16700,0.0,0.0
2025-05-28 00:00:00-04:00,10.579182988272125,10.692937537130442,10.541264805319353,10.63606071472168,13000,0.0,0.0
2025-05-29 00:00:00-04:00,10.579183080239766,10.636060807183773,10.560224440618962,10.598142623901367,30300,0.0,0.0
2025-05-30 00:00:00-04:00,10.588663070781916,10.692937850952148,10.579183298755307,10.692937850952148,30400,0.0,0.0
2025-06-02 00:00:00-04:00,10.58866316344651,10.673979304350972,10.58866316344651,10.655019760131836,33700,0.0,0.0
2025-06-03 00:00:00-04:00,10.65501914671039,10.664498918274198,10.607621192932129,10.607621192932129,14200,0.0,0.0
2025-06-04 00:00:00-04:00,10.60762180362482,10.692937944529284,10.60762180362482,10.655019760131836,15000,0.0,0.0
2025-06-05 00:00:00-04:00,10.626581441504644,10.75929554008584,10.579183484579872,10.617101669311523,20200,0.0,0.0
2025-06-06 00:00:00-04:00,10.550745414824776,10.645540427713286,10.550745414824776,10.569704055786133,31200,0.0,0.0
2025-06-09 00:00:00-04:00,10.522305488586426,10.560223669098564,10.50334594630999,10.522305488586426,30400,0.0,0.0
2025-06-10 00:00:00-04:00,10.52230659800366,10.58866319488601,10.52230659800366,10.550745010375977,13000,0.0,0.0
2025-06-11 00:00:00-04:00,10.55074466878816,10.61710126352217,10.55074466878816,10.598142623901367,7300,0.0,0.0
2025-06-12 00:00:00-04:00,10.601984156279439,10.678810055424895,10.601984156279439,10.65000057220459,28500,0.144,0.0
2025-06-13 00:00:00-04:00,10.650000504054104,10.650000504054104,10.611587554727185,10.630793571472168,10600,0.0,0.0
2025-06-16 00:00:00-04:00,10.669206589072473,10.698016988129739,10.601984156279439,10.65000057220459,20100,0.0,0.0
2025-06-17 00:00:00-04:00,10.659604004481825,10.688413487610035,10.592380656066721,10.640397071838379,18700,0.0,0.0
2025-06-18 00:00:00-04:00,10.678809987090055,10.698016919671991,10.630793571472168,10.630793571472168,13900,0.0,0.0
2025-06-20 00:00:00-04:00,10.669206524578215,10.688413457166954,10.621191024780273,10.621191024780273,43600,0.0,0.0
2025-06-23 00:00:00-04:00,10.650000538160102,10.678810021288314,10.640397071838379,10.640397071838379,5300,0.0,0.0
2025-06-24 00:00:00-04:00,10.659603286063726,10.736429179785812,10.659603286063726,10.726825714111328,13300,0.0,0.0
2025-06-25 00:00:00-04:00,10.717222248436844,10.726825714111328,10.688412767250284,10.726825714111328,12100,0.0,0.0
2025-06-26 00:00:00-04:00,10.726825748772024,10.736429214477539,10.726825748772024,10.736429214477539,1000,0.0,0.0
2025-06-27 00:00:00-04:00,10.765238793211962,10.83246122208532,10.726825845879056,10.784444808959961,24400,0.0,0.0
2025-06-30 00:00:00-04:00,10.851668288941028,10.899684702664931,10.746031995581056,10.8324613571167,20300,0.0,0.0
2025-07-01 00:00:00-04:00,10.813255440578159,10.995716715402779,10.80365197457767,10.870874404907227,37400,0.0,0.0
2025-07-02 00:00:00-04:00,10.861271923293286,10.976510768515666,10.84206499117109,10.890081405639648,2600,0.0,0.0
2025-07-03 00:00:00-04:00,10.83246149095627,10.880477905273438,10.83246149095627,10.880477905273438,2100,0.0,0.0
2025-07-07 00:00:00-04:00,10.870874238995992,10.890081170703828,10.794048343838465,10.803651809692383,8300,0.0,0.0
2025-07-08 00:00:00-04:00,10.832461325990819,10.842064791875389,10.813255310058594,10.813255310058594,1500,0.0,0.0
2025-07-09 00:00:00-04:00,10.84206485748291,10.851668323425592,10.813255375491783,10.84206485748291,2400,0.0,0.0
2025-07-10 00:00:00-04:00,10.84206485748291,10.84206485748291,10.822858841434465,10.84206485748291,9300,0.0,0.0
2025-07-11 00:00:00-04:00,10.842065616824415,10.842065616824415,10.746032782345619,10.765239715576172,9000,0.0,0.0
2025-07-14 00:00:00-04:00,10.784444843502959,10.803651775149385,10.755635361870228,10.794048309326172,21900,0.0,0.0
2025-07-15 00:00:00-04:00,10.774842126646854,10.784444676484444,10.726825714111328,10.726825714111328,29200,0.0,0.0
2025-07-16 00:00:00-04:00,10.726826731291519,10.774843148380244,10.726826731291519,10.755636215209961,13600,0.0,0.0
2025-07-17 00:00:00-04:00,10.73642931167151,10.794048274752415,10.73642931167151,10.784444808959961,16000,0.0,0.0
2025-07-18 00:00:00-04:00,10.794048309326172,10.794048309326172,10.765238827693441,10.794048309326172,13000,0.0,0.0
2025-07-21 00:00:00-04:00,10.803651909549101,10.851668323425592,10.803651909549101,10.84206485748291,13000,0.0,0.0
2025-07-22 00:00:00-04:00,10.870874373958491,10.870874373958491,10.851668357849121,10.851668357849121,10100,0.0,0.0
2025-07-23 00:00:00-04:00,10.851668288941028,10.851668288941028,10.803651875217124,10.8324613571167,12100,0.0,0.0
2025-07-24 00:00:00-04:00,10.851669248546298,10.851669248546298,10.784445897053553,10.822859764099121,6500,0.0,0.0
2025-07-25 00:00:00-04:00,10.851668323425592,10.861271789368274,10.822858841434465,10.84206485748291,3700,0.0,0.0
2025-07-28 00:00:00-04:00,10.832461456742205,10.870874404907227,10.755635560412163,10.870874404907227,13600,0.0,0.0
2025-07-29 00:00:00-04:00,10.909287452697754,10.928494384874128,10.851668487842497,10.909287452697754,2600,0.0,0.0
2025-07-30 00:00:00-04:00,10.899684806392631,10.918890822562819,10.861271858215332,10.861271858215332,7900,0.0,0.0
2025-07-31 00:00:00-04:00,10.909287421924914,10.909287421924914,10.851668457232188,10.890081405639648,3300,0.0,0.0
2025-08-01 00:00:00-04:00,10.947700534649254,10.97651093326497,10.899685035296951,10.957304000854492,5100,0.0,0.0
2025-08-04 00:00:00-04:00,10.947700568750397,10.976510967455857,10.92849455211704,10.966907501220703,4700,0.0,0.0
2025-08-05 00:00:00-04:00,10.966907531592263,10.986113548278809,10.966907531592263,10.986113548278809,7300,0.0,0.0
2025-08-06 00:00:00-04:00,10.947700568750397,10.986113517854061,10.947700568750397,10.966907501220703,8200,0.0,0.0
2025-08-07 00:00:00-04:00,10.928493703098082,11.04373254145633,10.928493703098082,11.005319595336914,12100,0.0,0.0
2025-08-08 00:00:00-04:00,11.034129075967257,11.034129075967257,10.97651011470657,11.005319595336914,13600,0.0,0.0
2025-08-11 00:00:00-04:00,10.957304000854492,10.995716949838503,10.957304000854492,10.957304000854492,8400,0.0,0.0
2025-08-12 00:00:00-04:00,10.899685035296951,10.957304000854492,10.899685035296951,10.957304000854492,6300,0.0,0.0
2025-08-13 00:00:00-04:00,10.899685035296951,10.986113483633265,10.899685035296951,10.957304000854492,6100,0.0,0.0
2025-08-14 00:00:00-04:00,11.014924278045802,11.139766595689002,10.938098377317214,11.101353645324707,33400,0.0,0.0
2025-08-15 00:00:00-04:00,11.130162339227121,11.206988234503347,11.110955407489607,11.168575286865234,12200,0.0,0.0
2025-08-18 00:00:00-04:00,11.187781760590774,11.187781760590774,10.976510997854012,10.986113548278809,13500,0.0,0.0
2025-08-19 00:00:00-04:00,11.00532057921105,11.043733528764578,10.995717112863428,11.024526596069336,7200,0.0,0.0
2025-08-20 00:00:00-04:00,11.053336175118273,11.091749121822131,10.995716297144044,11.072542190551758,8000,0.0,0.0
2025-08-21 00:00:00-04:00,11.034130096435547,11.034130096435547,11.00532061314082,11.034130096435547,4000,0.0,0.0
2025-08-22 00:00:00-04:00,11.062939643859863,11.110955140375498,11.005319765869453,11.062939643859863,2900,0.0,0.0
2025-08-25 00:00:00-04:00,11.053337194711315,11.12055962868464,11.014924244464131,11.091750144958496,4800,0.0,0.0
2025-08-26 00:00:00-04:00,11.091749124936623,11.139765537289149,11.062939643859863,11.062939643859863,5500,0.0,0.0
2025-08-27 00:00:00-04:00,11.091749156583253,11.12055863774221,11.034129278428443,11.082145690917969,7100,0.0,0.0
2025-08-28 00:00:00-04:00,11.120559662588366,11.130163129138683,11.072543245673753,11.101353645324707,5100,0.0,0.0
2025-08-29 00:00:00-04:00,11.149368220129022,11.149368220129022,11.062939775867443,11.120558738708496,12100,0.0,0.0
2025-09-02 00:00:00-04:00,11.082146546591938,11.101353479405509,11.024526663988185,11.043733596801758,11600,0.0,0.0
2025-09-03 00:00:00-04:00,11.072542325783017,11.158971685881498,11.034129378610016,11.120558738708496,16800,0.0,0.0
2025-09-04 00:00:00-04:00,11.120558738708496,11.168575151633974,11.062939775867443,11.120558738708496,13800,0.0,0.0
2025-09-05 00:00:00-04:00,11.168576173068672,11.235798607810104,10.92849500232129,11.149369239807129,24600,0.0,0.0
2025-09-08 00:00:00-04:00,11.14936842050114,11.235797782152895,11.14936842050114,11.19738483428955,20400,0.0,0.0
2025-09-09 00:00:00-04:00,11.19738483428955,11.245401248077961,11.158971886426206,11.19738483428955,20800,0.0,0.0
2025-09-10 00:00:00-04:00,11.197384803191317,11.255004682744769,11.149368389536262,11.178178787231445,18100,0.0,0.0
2025-09-11 00:00:00-04:00,11.22619431622783,11.322227143804652,11.178178818276338,11.19738483428955,17300,0.0,0.0
2025-09-12 00:00:00-04:00,11.267380820870267,11.267380820870267,11.209050573386845,11.257658958435059,12300,0.142,0.0
2025-09-15 00:00:00-04:00,11.306267048050875,11.617359220826089,11.306267048050875,11.364596366882324,30900,0.0,0.0
2025-09-16 00:00:00-04:00,11.432649158755702,11.559030593285863,11.41320543323051,11.471535682678223,23100,0.0,0.0
2025-09-17 00:00:00-04:00,11.520143272836465,11.520143272836465,11.37431812286377,11.37431812286377,15000,0.0,0.0
2025-09-18 00:00:00-04:00,11.413205386819243,11.422927249542305,11.33543233929046,11.393762588500977,6300,0.0,0.0
2025-09-19 00:00:00-04:00,11.46181337584148,11.471535238227414,11.325710083821882,11.34515380859375,10200,0.0,0.0
2025-09-22 00:00:00-04:00,11.393761847044582,11.461813027421828,11.37431812286377,11.37431812286377,2200,0.0,0.0
2025-09-23 00:00:00-04:00,11.40348380050023,11.40348380050023,11.286824226379395,11.286824226379395,27300,0.0,0.0
2025-09-24 00:00:00-04:00,11.335432100896403,11.471535394773332,11.335432100896403,11.41320514678955,8800,0.0,0.0
2025-09-25 00:00:00-04:00,11.422927068061242,11.422927068061242,11.277102838043513,11.32571029663086,5900,0.0,0.0
2025-09-26 00:00:00-04:00,11.452091058588167,11.452091058588167,11.296544975102684,11.384039878845215,8100,0.0,0.0
2025-09-29 00:00:00-04:00,11.45209156292696,11.45209156292696,11.296545472591381,11.422926902770996,4500,0.0,0.0
2025-09-30 00:00:00-04:00,11.452092367979356,11.452092367979356,11.335432792026806,11.354876518249512,11000,0.0,0.0
2025-10-01 00:00:00-04:00,11.384040036356499,11.452091217041016,11.384040036356499,11.452091217041016,3000,0.0,0.0
2025-10-02 00:00:00-04:00,11.471535682678223,11.471535682678223,11.374318909307988,11.471535682678223,12200,0.0,0.0
2025-10-03 00:00:00-04:00,11.471535682678223,11.471535682678223,11.374318909307988,11.471535682678223,14800,0.0,0.0
2025-10-06 00:00:00-04:00,11.471535682678223,11.471535682678223,11.374318909307988,11.471535682678223,5900,0.0,0.0
2025-10-07 00:00:00-04:00,11.471535074347223,11.471535074347223,11.422926690239787,11.442370414733887,5600,0.0,0.0
2025-10-08 00:00:00-04:00,11.442370414733887,11.461813212100173,11.374318306132354,11.442370414733887,18600,0.0,0.0
2025-10-09 00:00:00-04:00,11.520143770319768,11.753462907798324,11.384040476560024,11.578473091125488,25500,0.0,0.0
2025-10-10 00:00:00-04:00,11.646524117730252,11.646524117730252,11.442370570529405,11.510421752929688,3900,0.0,0.0
2025-10-13 00:00:00-04:00,11.627080704443925,11.743740265436339,11.452090899391415,11.481256484985352,10500,0.0,0.0
2025-10-14 00:00:00-04:00,11.559029685179976,11.559029685179976,11.43264826057865,11.549307823181152,4800,0.0,0.0
2025-10-15 00:00:00-04:00,11.597917378636849,11.597917378636849,11.529865264892578,11.529865264892578,4600,0.0,0.0
2025-10-16 00:00:00-04:00,11.568751179978095,11.597916767386176,11.490978134478882,11.500699996948242,6600,0.0,0.0
2025-10-17 00:00:00-04:00,11.559029791375988,11.588194450512608,11.500699545974946,11.539586067199707,3200,0.0,0.0
2025-10-20 00:00:00-04:00,11.56875072633633,11.588194450512608,11.539586067199707,11.539586067199707,29800,0.0,0.0
2025-10-21 00:00:00-04:00,11.597916826131655,11.597916826131655,11.41320514678955,11.41320514678955,115100,0.0,0.0
2025-10-22 00:00:00-04:00,11.510421410746059,11.597916315304117,11.296545080396116,11.37431812286377,12700,0.0,0.0
2025-10-23 00:00:00-04:00,11.403483429427247,11.403483429427247,11.218772674861777,11.238216400146484,34800,0.0,0.0
2025-10-24 00:00:00-04:00,11.306267845227481,11.306267845227481,11.238216659416736,11.29654598236084,6500,0.0,0.0
2025-10-27 00:00:00-04:00,11.335431443404294,11.374317964095322,11.257658402022237,11.306266784667969,17000,0.0,0.0
2025-10-28 00:00:00-04:00,11.374319031038226,11.374319031038226,11.267381320888788,11.29654598236084,12000,0.0,0.0
2025-10-29 00:00:00-04:00,11.354876232432815,11.354876232432815,11.277103183755429,11.29654598236084,11500,0.0,0.0
2025-10-30 00:00:00-04:00,11.306267186458067,11.325709983930626,11.179885757939068,11.189607620239258,11100,0.0,0.0
2025-10-31 00:00:00-04:00,11.23821565851085,11.277102179386203,11.218771934509277,11.218771934509277,5800,0.0,0.0
2025-11-03 00:00:00-05:00,11.257658909143293,11.257658909143293,11.170164001865171,11.179885864257812,6100,0.0,0.0
2025-11-04 00:00:00-05:00,11.20905031130079,11.218772173508686,11.179885651804911,11.199329376220703,10200,0.0,0.0
2025-11-05 00:00:00-05:00,11.257658909143293,11.257658909143293,11.179885864257812,11.179885864257812,16100,0.0,0.0
2025-11-06 00:00:00-05:00,11.296544630166215,11.296544630166215,11.189606932817203,11.247936248779297,5800,0.0,0.0
2025-11-07 00:00:00-05:00,11.170163895638881,11.247936939784752,11.131277373565945,11.189607620239258,19900,0.0,0.0
2025-11-10 00:00:00-05:00,11.228494142312194,11.247936939784752,11.160442033338692,11.189607620239258,3900,0.0,0.0
2025-11-11 00:00:00-05:00,11.257658110482232,11.315988353572088,11.179885071114267,11.247936248779297,11300,0.0,0.0
2025-11-12 00:00:00-05:00,11.257659305241289,11.277103030710695,11.218772781430335,11.228494644165039,6900,0.0,0.0
2025-11-13 00:00:00-05:00,11.286823859102553,11.296545721744906,11.160442426135504,11.238216400146484,15800,0.0,0.0
2025-11-14 00:00:00-05:00,11.267379972185168,11.345153011553133,11.160441347708396,11.247936248779297,21700,0.0,0.0
2025-11-17 00:00:00-05:00,11.296545423791905,11.34515380859375,11.238216103731952,11.34515380859375,11100,0.0,0.0
2025-11-18 00:00:00-05:00,11.422926239766333,11.422926239766333,11.277102020322554,11.315988540649414,71900,0.0,0.0
2025-11-19 00:00:00-05:00,11.34515380859375,11.374318468623725,11.315989148563773,11.34515380859375,4400,0.0,0.0
2025-11-20 00:00:00-05:00,11.44237042016498,11.452091355288832,11.27710247039795,11.27710247039795,3400,0.0,0.0
2025-11-21 00:00:00-05:00,11.354875219973634,11.384039878845215,11.296544975102684,11.384039878845215,1900,0.0,0.0
2025-11-24 00:00:00-05:00,11.384039878845215,11.422926399716586,11.199329136488153,11.384039878845215,4000,0.0,0.0
2025-11-25 00:00:00-05:00,11.461812761256061,11.481256484985352,11.422926240925257,11.481256484985352,2200,0.0,0.0
2025-11-26 00:00:00-05:00,11.481257305535186,11.559030351755128,11.39376239675579,11.490978240966797,3100,0.0,0.0
2025-11-28 00:00:00-05:00,11.539586067199707,11.56875072633633,11.481256748926464,11.539586067199707,2300,0.0,0.0
2025-12-01 00:00:00-05:00,11.520143839491624,11.520143839491624,11.228494452328322,11.32571029663086,10900,0.0,0.0
2025-12-02 00:00:00-05:00,11.413205842661839,11.413205842661839,11.267381604503127,11.354876518249512,14700,0.0,0.0
2025-12-03 00:00:00-05:00,11.393761953425855,11.452091272257304,11.286823323688521,11.364596366882324,13300,0.0,0.0
2025-12-04 00:00:00-05:00,11.413204644097595,11.413204644097595,11.315988804576929,11.37431812286377,7600,0.0,0.0
2025-12-05 00:00:00-05:00,11.384039826050026,11.384039826050026,11.189607222594883,11.306266784667969,13700,0.0,0.0
2025-12-08 00:00:00-05:00,11.277103183755429,11.306267845227481,11.267381320888788,11.29654598236084,186800,0.0,0.0
2025-12-09 00:00:00-05:00,11.296545267773464,11.296545267773464,11.247936883642957,11.27710247039795,20100,0.0,0.0
2025-12-10 00:00:00-05:00,11.267380975474905,11.32571029663086,11.267380975474905,11.32571029663086,15900,0.0,0.0
2025-12-11 00:00:00-05:00,11.30891952037574,11.358303637619695,11.30891952037574,11.338549613952637,13000,0.183,0.0
2025-12-12 00:00:00-05:00,11.33855019426557,11.33855019426557,11.29904308683315,11.31879711151123,16600,0.0,0.0
2025-12-15 00:00:00-05:00,11.34842644483029,11.447194677743294,11.200275037384461,11.378057479858398,30700,0.0,0.0
2025-12-16 00:00:00-05:00,11.358304221609508,11.476825543934584,11.24965991162579,11.269412994384766,23300,0.0,0.0
2025-12-17 00:00:00-05:00,11.22990551424193,11.328673750530083,11.180521396097852,11.249659538269043,29800,0.0,0.0
2025-12-18 00:00:00-05:00,11.259535595635317,11.397810937897734,11.259535595635317,11.299042701721191,12000,0.0,0.0
2025-12-19 00:00:00-05:00,11.32867412385027,11.437318433808489,11.26941299173977,11.31879711151123,31000,0.0,0.0
2025-12-22 00:00:00-05:00,11.368181035911972,11.50645543858722,11.318796916989216,11.358304023742676,81700,0.0,0.0
2025-12-23 00:00:00-05:00,11.358304023742676,11.358304023742676,11.28916682240505,11.358304023742676,86700,0.0,0.0
2025-12-24 00:00:00-05:00,11.378057479858398,11.447194677743294,11.308919340049824,11.378057479858398,50200,0.0,0.0
2025-12-26 00:00:00-05:00,11.34842700978642,11.4274412232809,11.34842700978642,11.40768814086914,52600,0.0,0.0
2025-12-29 00:00:00-05:00,11.457071678309923,11.486701771385622,11.378057468825606,11.427440643310547,17500,0.0,0.0
2025-12-30 00:00:00-05:00,11.447195052155305,11.49657917022705,11.41756495808174,11.49657917022705,22300,0.0,0.0
2025-12-31 00:00:00-05:00,11.536086648439843,11.605223850816344,11.526209636122132,11.565716743469238,20900,0.0,0.0
2026-01-02 00:00:00-05:00,11.585469063722257,11.605223087057635,11.447194668069319,11.526208877563477,7800,0.0,0.0
2026-01-05 00:00:00-05:00,11.5459623336792,11.605223463684872,11.506455227649987,11.5459623336792,8500,0.0,0.0
2026-01-06 00:00:00-05:00,11.575593176011326,11.615100281379677,11.545962140542294,11.585469245910645,18800,0.0,0.0
2026-01-07 00:00:00-05:00,11.634853557725855,11.634853557725855,11.506455227649987,11.5459623336792,6300,0.0,0.0
2026-01-08 00:00:00-05:00,11.55583897135335,11.595346076102857,11.55583897135335,11.575592994689941,5800,0.0,0.0
2026-01-09 00:00:00-05:00,11.615100669569165,11.615100669569165,11.526209444038606,11.555839538574219,6100,0.0,0.0
2026-01-12 00:00:00-05:00,11.58546963139738,11.634853750231915,11.5657165490178,11.605223655700684,8800,0.0,0.0
2026-01-13 00:00:00-05:00,11.575593176011326,11.624977293202688,11.555839152365303,11.585469245910645,9200,0.0,0.0
2026-01-14 00:00:00-05:00,11.644730567932129,11.674360661968578,11.565716355885794,11.644730567932129,13200,0.0,0.0
2026-01-15 00:00:00-05:00,11.624977100818137,11.674360275268555,11.624977100818137,11.674360275268555,5700,0.0,0.0
2026-01-16 00:00:00-05:00,11.684237673955296,11.743498803951901,11.624977485882399,11.644730567932129,11600,0.0,0.0
2026-01-20 00:00:00-05:00,11.60522308847861,11.644730193230526,11.60522308847861,11.624977111816406,9400,0.0,0.0
2026-01-21 00:00:00-05:00,11.664484784977352,11.713867961880927,11.615100666150056,11.654607772827148,10400,0.0,0.0
2026-01-22 00:00:00-05:00,11.654607204188958,11.654607204188958,11.476824761854333,11.575592994689941,7300,0.0,0.0
2026-01-23 00:00:00-05:00,11.615100474780606,11.67436066285802,11.585469438818194,11.595346450805664,9300,0.0,0.0
2026-01-26 00:00:00-05:00,11.644730193230526,11.644730193230526,11.60522308847861,11.624977111816406,5000,0.0,0.0
2026-01-27 00:00:00-05:00,11.644730955618623,11.684238062957096,11.53608664591876,11.615100860595703,5700,0.0,0.0
2026-01-28 00:00:00-05:00,11.63485355683184,11.67436066285802,11.565716356766957,11.595346450805664,9500,0.0,0.0
2026-01-29 00:00:00-05:00,11.595346641849648,11.654607772827148,11.585469629699444,11.654607772827148,6900,0.0,0.0
2026-01-30 00:00:00-05:00,11.644730953095344,11.694115072738668,11.615100858078845,11.664484977722168,7700,0.0,0.0
2026-02-02 00:00:00-05:00,11.664484784977352,11.694114879504241,11.644730760676945,11.654607772827148,9900,0.0,0.0
2026-02-03 00:00:00-05:00,11.664484215857254,11.684237297270169,11.565715983021645,11.575592994689941,14700,0.0,0.0
2026-02-04 00:00:00-05:00,11.605223281443001,11.605223281443001,11.486701965216554,11.536086082458496,15600,0.0,0.0
2026-02-05 00:00:00-05:00,11.536085889940432,11.595346076102857,11.457071680441418,11.575592994689941,20500,0.0,0.0
2026-02-06 00:00:00-05:00,11.526209070625368,11.69411450409376,11.378057660823233,11.536086082458496,17000,0.0,0.0
2026-02-09 00:00:00-05:00,11.536086263614676,11.585469439708412,11.378057839497824,11.5459623336792,12100,0.0,0.0
2026-02-10 00:00:00-05:00,11.536086648439843,11.624977875451766,11.378058219051418,11.565716743469238,11800,0.0,0.0
2026-02-11 00:00:00-05:00,11.595346075389946,11.634853180137025,11.486701772816398,11.526208877563477,21400,0.0,0.0
2026-02-12 00:00:00-05:00,11.595346645262941,11.654607776257887,11.506455419732385,11.555839538574219,5300,0.0,0.0
2026-02-13 00:00:00-05:00,11.634853180852366,11.634853180852366,11.526208878272136,11.575592994689941,6300,0.0,0.0
2026-02-17 00:00:00-05:00,11.605223087057635,11.605223087057635,11.476824761148709,11.526208877563477,4000,0.0,0.0
2026-02-18 00:00:00-05:00,11.615100667852335,11.615100667852335,11.5657165490178,11.605223655700684,7400,0.0,0.0
2026-02-19 00:00:00-05:00,11.615100667852335,11.615100667852335,11.526209442334917,11.605223655700684,4500,0.0,0.0
2026-02-20 00:00:00-05:00,11.565715982310556,11.615100098725323,11.526208877563477,11.526208877563477,7200,0.0,0.0
2026-02-23 00:00:00-05:00,11.47682551898696,11.565716746018476,11.466948506667071,11.516332626342773,6300,0.0,0.0
2026-02-24 00:00:00-05:00,11.58546963483698,11.58546963483698,11.476825326907726,11.506455421447754,5600,0.0,0.0
2026-02-25 00:00:00-05:00,11.5459627213787,11.595346841054402,11.496579543626735,11.516332626342773,4000,0.0,0.0
2026-02-26 00:00:00-05:00,11.55583896920348,11.55583896920348,11.417564573567764,11.427440643310547,17300,0.0,0.0
2026-02-27 00:00:00-05:00,11.427441416174885,11.516332643337579,11.407688333429697,11.41756534576416,14700,0.0,0.0
2026-03-02 00:00:00-05:00,11.496579172133995,11.496579172133995,11.387933923973392,11.397810935974121,83200,0.0,0.0
2026-03-03 00:00:00-05:00,11.308919339381031,11.38793354893729,11.289166257953804,11.328673362731934,16000,0.0,0.0
2026-03-04 00:00:00-05:00,11.368180467510063,11.417564583963646,11.318796351056482,11.328673362731934,20300,0.0,0.0
2026-03-05 00:00:00-05:00,11.308919726502968,11.33854982061993,11.22990551424193,11.249659538269043,15200,0.0,0.0
2026-03-06 00:00:00-05:00,11.259535415482375,11.358303650078623,11.141014099121094,11.141014099121094,34700,0.0,0.0
2026-03-09 00:00:00-04:00,11.141014486424117,11.200275617626742,11.062000272769769,11.111384391784668,33100,0.0,0.0
2026-03-10 00:00:00-04:00,11.111384198905922,11.131138222938468,11.101507186889648,11.101507186889648,20600,0.0,0.0
2026-03-11 00:00:00-04:00,11.150891500515451,11.150891500515451,11.062000274658203,11.062000274658203,32600,0.0,0.0
2026-03-12 00:00:00-04:00,11.020000457763672,11.130000114440918,10.989999771118164,11.0,23000,0.138,0.0
2026-03-13 00:00:00-04:00,11.010000228881836,11.1899995803833,11.0,11.039999961853027,14800,0.0,0.0
2026-03-16 00:00:00-04:00,11.069999694824219,11.140000343322754,11.050000190734863,11.09000015258789,7800,0.0,0.0
2026-03-17 00:00:00-04:00,11.140000343322754,11.140000343322754,11.100000381469727,11.130000114440918,11900,0.0,0.0
2026-03-18 00:00:00-04:00,11.140000343322754,11.140000343322754,11.050000190734863,11.050000190734863,10900,0.0,0.0
2026-03-19 00:00:00-04:00,11.050000190734863,11.09000015258789,11.0,11.020000457763672,10900,0.0,0.0
2026-03-20 00:00:00-04:00,11.0,11.010000228881836,10.829999923706055,10.869999885559082,25939,0.0,0.0
