Date,Open,High,Low,Close,Volume,Dividends,Stock Splits
2022-01-03 00:00:00-05:00,13.007378357180896,13.099477933106499,13.007378357180896,13.049885749816895,39200,0.0,0.0
2022-01-04 00:00:00-05:00,13.049887665197181,13.085310272378678,12.95778807575378,12.97904109954834,90300,0.0,0.0
2022-01-05 00:00:00-05:00,12.936533755267202,12.993210737768289,12.929448963543836,12.986125946044922,111200,0.0,0.0
2022-01-06 00:00:00-05:00,13.001003776788927,13.014465286628738,12.903944966583742,12.93653392791748,43200,0.0,0.0
2022-01-07 00:00:00-05:00,12.95069688688769,12.964865111990193,12.9011033695308,12.943612098693848,34900,0.0,0.0
2022-01-10 00:00:00-05:00,12.922357734112325,12.964865111990193,12.908188157724641,12.943612098693848,63500,0.0,0.0
2022-01-11 00:00:00-05:00,12.963455368594218,13.014465058015684,12.95637057690075,12.97904109954834,39900,0.0,0.0
2022-01-12 00:00:00-05:00,13.021546534101828,13.1136474609375,12.999585439836544,13.1136474609375,106400,0.0,0.0
2022-01-13 00:00:00-05:00,13.170322461878271,13.170322461878271,13.021544583615821,13.106560707092285,94600,0.0,0.0
2022-01-14 00:00:00-05:00,13.141986005500268,13.141986005500268,13.071140797871081,13.085309028625488,119900,0.0,0.0
2022-01-18 00:00:00-05:00,13.000292495882912,13.021545514807784,12.936530736537216,12.964868545532227,44700,0.0,0.0
2022-01-19 00:00:00-05:00,12.979037455228324,13.04988400098451,12.979037455228324,13.00029182434082,110100,0.0,0.0
2022-01-20 00:00:00-05:00,13.014463259096484,13.106562835809456,13.014463259096484,13.064055442810059,110300,0.0,0.0
2022-01-21 00:00:00-05:00,13.028632679055459,13.028632679055459,12.794839969279588,12.809009552001953,58400,0.0,0.0
2022-01-24 00:00:00-05:00,12.787752584750411,12.794837374674902,12.638976050192632,12.702737808227539,93500,0.0,0.0
2022-01-25 00:00:00-05:00,12.646064594895202,12.975499992127302,12.575218025900552,12.624810218811035,138700,0.0,0.0
2022-01-26 00:00:00-05:00,12.610635619187299,12.843720184448868,12.610635619187299,12.731074333190918,99200,0.0,0.0
2022-01-27 00:00:00-05:00,12.780673835129143,12.86568864284254,12.653150272273042,12.688572883605957,67600,0.0,0.0
2022-01-28 00:00:00-05:00,12.860014835481474,12.860014835481474,12.575212536199082,12.582297325134277,48400,0.0,0.0
2022-01-31 00:00:00-05:00,12.568131279765984,12.723992626291997,12.568131279765984,12.61772346496582,21200,0.0,0.0
2022-02-01 00:00:00-05:00,12.752334610759684,12.752334610759684,12.603558022251434,12.681488037109375,65700,0.0,0.0
2022-02-02 00:00:00-05:00,12.695650191575092,12.731072782025082,12.589381068939916,12.638973236083984,70200,0.0,0.0
2022-02-03 00:00:00-05:00,12.525622883052096,12.667314636385338,12.518538092692594,12.610637664794922,52600,0.0,0.0
2022-02-04 00:00:00-05:00,12.61063691834372,12.61063691834372,12.497282981872559,12.497282981872559,35800,0.0,0.0
2022-02-07 00:00:00-05:00,12.49728229954513,12.532706247311735,12.454774913510644,12.461859703063965,39700,0.0,0.0
2022-02-08 00:00:00-05:00,12.447688160782798,12.46894252609065,12.447688160782798,12.45477294921875,37800,0.0,0.0
2022-02-09 00:00:00-05:00,12.440607746019388,12.57521607105547,12.439899672312427,12.546876907348633,49300,0.0,0.0
2022-02-10 00:00:00-05:00,12.481299260651909,12.55970877057228,12.36724980599141,12.395761489868164,42800,0.108,0.0
2022-02-11 00:00:00-05:00,12.602474974723783,12.602474974723783,12.281710084697686,12.303094863891602,50500,0.0,0.0
2022-02-14 00:00:00-05:00,12.196178531818973,12.335176252852808,12.14485585711235,12.167665481567383,62100,0.0,0.0
2022-02-15 00:00:00-05:00,11.946688674243557,12.203300557040334,11.946688674243557,12.174787521362305,70100,0.0,0.0
2022-02-16 00:00:00-05:00,12.117766335907753,12.274583999042452,12.117766335907753,12.238944053649902,55500,0.0,0.0
2022-02-17 00:00:00-05:00,12.196176982788261,12.25320171647169,12.146280510762374,12.2033052444458,15300,0.0,0.0
2022-02-18 00:00:00-05:00,12.221121742343643,12.260326490519367,12.060739299614099,12.110635757446289,91400,0.0,0.0
2022-02-22 00:00:00-05:00,12.189048598921632,12.189048598921632,11.958811052041359,12.010846138000488,132300,0.0,0.0
2022-02-23 00:00:00-05:00,11.946689844098687,12.067867538443645,11.946689844098687,12.003714561462402,67300,0.0,0.0
2022-02-24 00:00:00-05:00,11.88966491218162,12.089250739564774,11.850460164780936,12.053610801696777,84200,0.0,0.0
2022-02-25 00:00:00-05:00,12.096382091317542,12.231816337075388,12.074284889126083,12.217559814453125,44900,0.0,0.0
2022-02-28 00:00:00-05:00,12.231813149537402,12.2603261873516,12.139148495794206,12.189044952392578,52300,0.0,0.0
2022-03-01 00:00:00-05:00,12.167659262442797,12.288836944921679,12.132019327421633,12.174787521362305,78400,0.0,0.0
2022-03-02 00:00:00-05:00,12.181919325275759,12.260328836631492,12.181919325275759,12.238944053649902,24700,0.0,0.0
2022-03-03 00:00:00-05:00,12.246068954467773,12.288837149119102,12.231812436391865,12.246068954467773,24200,0.0,0.0
2022-03-04 00:00:00-05:00,12.24963484618531,12.24963484618531,12.117765426635742,12.117765426635742,49000,0.0,0.0
2022-03-07 00:00:00-05:00,12.117767342637798,12.12489560422387,11.996589614828345,12.010846138000488,71200,0.0,0.0
2022-03-08 00:00:00-05:00,12.039355499670139,12.074996800717278,11.960947356519668,11.989459037780762,36700,0.0,0.0
2022-03-09 00:00:00-05:00,12.003714344850989,12.103507258542566,11.989457825873197,12.053610801696777,38600,0.0,0.0
2022-03-10 00:00:00-05:00,11.982330485385711,12.032226946058376,11.796999803189676,11.83976936340332,199500,0.0,0.0
2022-03-11 00:00:00-05:00,11.861152783933557,11.964510515084985,11.825512843332104,11.83976936340332,69300,0.0,0.0
2022-03-14 00:00:00-04:00,11.747103499729054,12.067868407741269,11.611670635969766,11.675822257995605,77500,0.0,0.0
2022-03-15 00:00:00-04:00,11.568903279320775,11.861155202489554,11.568903279320775,11.725722312927246,49200,0.0,0.0
2022-03-16 00:00:00-04:00,11.697206473312278,11.911048828605582,11.697206473312278,11.818384170532227,24600,0.0,0.0
2022-03-17 00:00:00-04:00,11.931746798179546,12.10394399620225,11.928159983779025,12.060894012451172,70400,0.108,0.0
2022-03-18 00:00:00-04:00,11.938926329735276,12.17569585632527,11.938926329735276,12.103948593139648,49900,0.0,0.0
2022-03-21 00:00:00-04:00,12.068068519186976,12.154167114698499,11.953271304165447,11.974796295166016,25700,0.0,0.0
2022-03-22 00:00:00-04:00,11.974797754832792,12.035066094791887,11.967622756958008,11.967622756958008,28000,0.0,0.0
2022-03-23 00:00:00-04:00,12.003494385292347,12.003494385292347,11.874347181966149,11.881522178649902,43900,0.0,0.0
2022-03-24 00:00:00-04:00,11.93174573084829,11.946095724148332,11.852823504679424,11.895872116088867,26300,0.0,0.0
2022-03-25 00:00:00-04:00,11.881524150951506,12.175692221363105,11.773901919811564,11.967622756958008,206300,0.0,0.0
2022-03-28 00:00:00-04:00,11.996319898595296,11.996319898595296,11.85999906128077,11.874347686767578,115300,0.0,0.0
2022-03-29 00:00:00-04:00,11.845653297750676,12.1900450652604,11.845653297750676,12.161346435546875,157400,0.0,0.0
2022-03-30 00:00:00-04:00,12.12546890613616,12.154168898348702,11.974798052493165,11.996321678161621,90900,0.0,0.0
2022-03-31 00:00:00-04:00,12.139816461312945,12.139816461312945,12.003494262695312,12.003494262695312,81900,0.0,0.0
2022-04-01 00:00:00-04:00,11.9604471175586,12.125467954354653,11.9604471175586,12.096769332885742,55900,0.0,0.0
2022-04-04 00:00:00-04:00,12.168514783050153,12.261788368225098,12.103942552109109,12.261788368225098,32300,0.0,0.0
2022-04-05 00:00:00-04:00,12.24743900418323,12.24743900418323,12.132641792297363,12.132641792297363,38900,0.0,0.0
2022-04-06 00:00:00-04:00,12.053719163073161,12.146992760520941,12.025020542044414,12.0393705368042,57000,0.0,0.0
2022-04-07 00:00:00-04:00,12.100355961797051,12.118292771001371,12.01067054728463,12.0393705368042,37600,0.0,0.0
2022-04-08 00:00:00-04:00,12.046544692645286,12.046544692645286,11.974796092349345,12.010669708251953,17600,0.0,0.0
2022-04-11 00:00:00-04:00,11.816949865268821,12.010670691377532,11.694977645328985,11.723677635192871,230800,0.0,0.0
2022-04-12 00:00:00-04:00,11.759553186746546,11.91022542131366,11.759553186746546,11.903050422668457,92400,0.0,0.0
2022-04-13 00:00:00-04:00,11.843830757092805,12.024376961857813,11.843830757092805,11.872718811035156,70200,0.108,0.0
2022-04-14 00:00:00-04:00,11.865496496041047,11.916049211697361,11.786055727176443,11.793277740478516,21900,0.0,0.0
2022-04-18 00:00:00-04:00,11.677730043978599,11.843832242605805,11.677730043978599,11.721060752868652,100600,0.0,0.0
2022-04-19 00:00:00-04:00,11.786053971060408,11.887159387308381,11.74055653374882,11.865494728088379,89000,0.0,0.0
2022-04-20 00:00:00-04:00,11.908824622413006,11.95937732713433,11.836605882472016,11.937712669372559,97000,0.0,0.0
2022-04-21 00:00:00-04:00,11.908826344530459,11.995489120483398,11.8871603061777,11.995489120483398,108300,0.0,0.0
2022-04-22 00:00:00-04:00,11.944937705993652,11.952158342104166,11.872718947764314,11.944937705993652,51500,0.0,0.0
2022-04-25 00:00:00-04:00,11.807720920467105,12.002711133267653,11.807720920467105,11.995489120483398,47800,0.0,0.0
2022-04-26 00:00:00-04:00,11.95937732713433,11.988265374093885,11.88715858719334,11.937712669372559,65400,0.0,0.0
2022-04-27 00:00:00-04:00,11.90160583863972,11.986823671842226,11.79327838807649,11.822166442871094,61400,0.0,0.0
2022-04-28 00:00:00-04:00,11.908826727900033,11.908826727900033,11.77883324851491,11.814943313598633,80200,0.0,0.0
2022-04-29 00:00:00-04:00,11.836606210639369,11.836606210639369,11.641617398087936,11.713834762573242,84200,0.0,0.0
2022-05-02 00:00:00-04:00,11.684950016207663,11.72828071752487,11.605509249244317,11.648839950561523,90800,0.0,0.0
2022-05-03 00:00:00-04:00,11.554959420270283,11.735505661212006,11.554959420270283,11.627178192138672,46300,0.0,0.0
2022-05-04 00:00:00-04:00,11.677727619093774,11.836607770338043,11.605508867634338,11.829385757446289,52300,0.0,0.0
2022-05-05 00:00:00-04:00,11.749946105630615,11.858273541648286,11.634396656884022,11.728280067443848,62000,0.0,0.0
2022-05-06 00:00:00-04:00,11.699391340235719,11.73550002008361,11.583841911773062,11.591062545776367,22000,0.0,0.0
2022-05-09 00:00:00-04:00,11.51162311349415,11.547732484039612,11.345520973205566,11.345520973205566,42600,0.0,0.0
2022-05-10 00:00:00-04:00,11.381630721983067,11.511623496046083,11.381630721983067,11.43940544128418,32600,0.0,0.0
2022-05-11 00:00:00-04:00,11.359965487395442,11.526068333655111,11.352744163519914,11.3671875,64400,0.0,0.0
2022-05-12 00:00:00-04:00,11.452994864797205,11.452994864797205,11.183940465477605,11.227570533752441,140800,0.108,0.0
2022-05-13 00:00:00-04:00,11.24938393812367,11.322100934726496,11.154851218401436,11.213025093078613,49000,0.0,0.0
2022-05-16 00:00:00-04:00,11.154853922515413,11.256657881135725,11.147582013046117,11.22029972076416,41100,0.0,0.0
2022-05-17 00:00:00-04:00,11.263930155971769,11.343919775753722,11.183941229677297,11.307560920715332,50700,0.0,0.0
2022-05-18 00:00:00-04:00,11.285743042126049,11.290833238939916,11.189755383870203,11.271199226379395,78800,0.0,0.0
2022-05-19 00:00:00-04:00,11.271200849212542,11.310468186500012,11.227570089177908,11.285744667053223,25700,0.0,0.0
2022-05-20 00:00:00-04:00,11.285745972969035,11.30392505388605,11.220300172087805,11.25374984741211,40700,0.0,0.0
2022-05-23 00:00:00-04:00,11.213025184038115,11.438448776868974,11.213025184038115,11.409361839294434,61400,0.0,0.0
2022-05-24 00:00:00-04:00,11.409364188456506,11.409364188456506,11.322103357766082,11.329375267028809,58000,0.0,0.0
2022-05-25 00:00:00-04:00,11.343919310627829,11.438451358969147,11.343919310627829,11.423908233642578,79500,0.0,0.0
2022-05-26 00:00:00-04:00,11.460266220505796,11.547527046328442,11.460266220505796,11.525712013244629,142800,0.0,0.0
2022-05-27 00:00:00-04:00,11.605699394879998,11.70023211705388,11.594791533037405,11.671144485473633,34400,0.0,0.0
2022-05-31 00:00:00-04:00,11.79476612420301,11.79476612420301,11.460266626768666,11.540255546569824,118500,0.0,0.0
2022-06-01 00:00:00-04:00,11.576613988269322,11.76204280971282,11.460266220505796,11.525712013244629,107000,0.0,0.0
2022-06-02 00:00:00-04:00,11.423907774681805,11.569342489541828,11.423907774681805,11.540255546569824,177300,0.0,0.0
2022-06-03 00:00:00-04:00,11.525715162630602,11.623883185075734,11.474812480209422,11.511171340942383,116200,0.0,0.0
2022-06-06 00:00:00-04:00,11.532981590235748,11.663873850606223,11.489351530266223,11.547525405883789,74000,0.0,0.0
2022-06-07 00:00:00-04:00,11.51116819553049,11.562070170555183,11.489353162446678,11.525712013244629,55100,0.0,0.0
2022-06-08 00:00:00-04:00,11.562073329875975,11.562073329875975,11.503899430098274,11.511171340942383,107100,0.0,0.0
2022-06-09 00:00:00-04:00,11.467539241306453,11.489354276505546,11.467539241306453,11.48208236694336,77600,0.0,0.0
2022-06-10 00:00:00-04:00,11.474809984846184,11.474809984846184,11.307560232728061,11.329375267028809,50000,0.0,0.0
2022-06-13 00:00:00-04:00,11.24211419216838,11.280654062146397,10.952699005974562,10.965787887573242,85900,0.0,0.0
2022-06-14 00:00:00-04:00,11.023959972271332,11.082133848629969,10.943971065650032,11.031231880187988,97800,0.0,0.0
2022-06-15 00:00:00-04:00,11.035594467628766,11.111220644624705,10.969421909500968,11.038503646850586,58100,0.0,0.0
2022-06-16 00:00:00-04:00,10.963803874529779,10.963803874529779,10.692821502685547,10.692821502685547,112600,0.108,0.0
2022-06-17 00:00:00-04:00,10.722116875359065,10.817327011162192,10.66352613001203,10.692821502685547,110500,0.0,0.0
2022-06-21 00:00:00-04:00,10.729438030508678,10.900084257829999,10.648875946520436,10.736762046813965,82300,0.0,0.0
2022-06-22 00:00:00-04:00,10.656199410919756,10.788028205304052,10.648875394993794,10.707466125488281,60500,0.0,0.0
2022-06-23 00:00:00-04:00,10.766058720699528,10.817326142604342,10.722116014445943,10.802678108215332,41300,0.0,0.0
2022-06-24 00:00:00-04:00,10.795351586243985,10.938167094573371,10.795351586243985,10.824646949768066,61500,0.0,0.0
2022-06-27 00:00:00-04:00,10.824647514386468,10.9052102921223,10.824647514386468,10.897886276245117,43000,0.0,0.0
2022-06-28 00:00:00-04:00,10.934504534854973,10.979179909589755,10.83929443359375,10.83929443359375,60300,0.0,0.0
2022-06-29 00:00:00-04:00,10.766056222719905,10.861266328787309,10.766056222719905,10.824646949768066,41600,0.0,0.0
2022-06-30 00:00:00-04:00,10.853945126541571,10.919859886169434,10.751411676859776,10.919859886169434,63300,0.0,0.0
2022-07-01 00:00:00-04:00,10.890563863624894,11.037040710449219,10.890563863624894,11.037040710449219,41200,0.0,0.0
2022-07-05 00:00:00-04:00,11.037040359584546,11.124926464885265,10.985773639439962,11.015069007873535,56800,0.0,0.0
2022-07-06 00:00:00-04:00,11.1029553166783,11.1029553166783,10.971125807082604,11.022393226623535,49700,0.0,0.0
2022-07-07 00:00:00-04:00,11.08830793315894,11.161546006038128,11.08830793315894,11.117603302001953,38100,0.0,0.0
2022-07-08 00:00:00-04:00,11.124928943072003,11.20549174805299,11.037042818193791,11.044366836547852,35500,0.0,0.0
2022-07-11 00:00:00-04:00,10.978448522407986,11.073658634888881,10.978448522407986,11.000420570373535,61500,0.0,0.0
2022-07-12 00:00:00-04:00,10.993099555395998,11.124928386894274,10.993099555395998,11.059014320373535,29200,0.0,0.0
2022-07-13 00:00:00-04:00,10.963804730023698,11.080986229861315,10.963804730023698,11.044366836547852,35300,0.0,0.0
2022-07-14 00:00:00-04:00,10.961743003133293,11.035510062838027,10.913794906771589,10.976496696472168,161200,0.108,0.0
2022-07-15 00:00:00-04:00,11.057638597119436,11.153535482044111,11.013378929304807,11.079769134521484,67200,0.0,0.0
2022-07-18 00:00:00-04:00,11.168295327760534,11.175671474130992,10.991254448462195,11.00600814819336,72700,0.0,0.0
2022-07-19 00:00:00-04:00,11.116655162902514,11.183045387268066,11.028135098246757,11.183045387268066,31800,0.0,0.0
2022-07-20 00:00:00-04:00,11.24943369361307,11.381476153640216,11.18673190390232,11.301070213317871,47500,0.0,0.0
2022-07-21 00:00:00-04:00,11.33795469301038,11.396968064329643,11.297382736417806,11.389591217041016,28100,0.0,0.0
2022-07-22 00:00:00-04:00,11.389593881461717,11.52975119875378,11.389593881461717,11.455984115600586,61400,0.0,0.0
2022-07-25 00:00:00-04:00,11.514999070991875,11.514999070991875,11.437544256264271,11.441232681274414,19400,0.0,0.0
2022-07-26 00:00:00-04:00,11.47811772681035,11.47811772681035,11.349025648577712,11.419103622436523,74600,0.0,0.0
2022-07-27 00:00:00-04:00,11.455982619566736,11.574009374402731,11.455982619566736,11.537126541137695,49000,0.0,0.0
2022-07-28 00:00:00-04:00,11.610894058342444,11.6994141332154,11.426477059816692,11.500244140625,98000,0.0,0.0
2022-07-29 00:00:00-04:00,11.551880675093804,11.625647755902113,11.500244140625,11.500244140625,58100,0.0,0.0
2022-08-01 00:00:00-04:00,11.537129351967819,11.684662831456897,11.459673835551602,11.655156135559082,43800,0.0,0.0
2022-08-02 00:00:00-04:00,11.67728060372064,11.787930486504655,11.647773921411915,11.728917121887207,40600,0.0,0.0
2022-08-03 00:00:00-04:00,11.780557016385071,11.913336765152717,11.747361903319419,11.854323387145996,53300,0.0,0.0
2022-08-04 00:00:00-04:00,11.86907707212966,12.016611220501392,11.846946527776925,11.913336753845215,47300,0.0,0.0
2022-08-05 00:00:00-04:00,11.6551532535284,11.898582906869914,11.6551532535284,11.77318000793457,50400,0.0,0.0
2022-08-08 00:00:00-04:00,11.869079056550756,11.876455905901688,11.677285194396973,11.677285194396973,67600,0.0,0.0
2022-08-09 00:00:00-04:00,11.728921384423046,11.728921384423046,11.655155003590385,11.662531852722168,25100,0.0,0.0
2022-08-10 00:00:00-04:00,11.73629309891011,11.964969693988595,11.73629309891011,11.824813842773438,59200,0.0,0.0
2022-08-11 00:00:00-04:00,11.934733667401371,11.949587440965063,11.830760085523146,11.838186264038086,28400,0.108,0.0
2022-08-12 00:00:00-04:00,11.823331742684797,11.905026070690548,11.812191413883971,11.87531852722168,33000,0.0,0.0
2022-08-15 00:00:00-04:00,11.897599514944432,11.942159414850494,11.83818513462495,11.882745742797852,47200,0.0,0.0
2022-08-16 00:00:00-04:00,11.882746072094918,11.92359323836314,11.86046612152446,11.890172958374023,49800,0.0,0.0
2022-08-17 00:00:00-04:00,11.905028469535107,11.905028469535107,11.63023930321304,11.674799919128418,53200,0.0,0.0
2022-08-18 00:00:00-04:00,11.659940887773056,11.80104885100053,11.637660943993271,11.711928367614746,29600,0.0,0.0
2022-08-19 00:00:00-04:00,11.741635941374364,11.741635941374364,11.511407480134334,11.578248023986816,86500,0.0,0.0
2022-08-22 00:00:00-04:00,11.503987638858703,11.645095697443109,11.470567346471192,11.511414527893066,48100,0.0,0.0
2022-08-23 00:00:00-04:00,11.541117339012334,11.599045778337842,11.489130550489522,11.533690452575684,22900,0.0,0.0
2022-08-24 00:00:00-04:00,11.444573943118044,11.61538884957278,11.444573943118044,11.511414527893066,121100,0.0,0.0
2022-08-25 00:00:00-04:00,11.585674908474134,11.615381738156717,11.518834364621652,11.578248023986816,62200,0.0,0.0
2022-08-26 00:00:00-04:00,11.645090418003061,11.645090418003061,11.45199564025417,11.474275588989258,23700,0.0,0.0
2022-08-29 00:00:00-04:00,11.474276009332053,11.503982844822701,11.422289224290123,11.429716110229492,30300,0.0,0.0
2022-08-30 00:00:00-04:00,11.45942032142531,11.526260863038981,11.303459293748967,11.333166122436523,36800,0.0,0.0
2022-08-31 00:00:00-04:00,11.392579318294358,11.400006202232047,11.278950685460918,11.296031951904297,72400,0.0,0.0
2022-09-01 00:00:00-04:00,11.288605067966607,11.355445606872545,11.236618296936049,11.296031951904297,31100,0.0,0.0
2022-09-02 00:00:00-04:00,11.370302551064414,11.370302551064414,11.244048321920861,11.281181335449219,28500,0.0,0.0
2022-09-06 00:00:00-04:00,11.288607951608356,11.296034837443221,11.05838015686204,11.140073776245117,77000,0.0,0.0
2022-09-07 00:00:00-04:00,11.221766801996981,11.258900520940122,11.11705026702541,11.229193687438965,55600,0.0,0.0
2022-09-08 00:00:00-04:00,11.22919392907029,11.325741317093263,11.21062742333259,11.288607597351074,50000,0.0,0.0
2022-09-09 00:00:00-04:00,11.266325627673059,11.440853158404888,11.266325627673059,11.414859771728516,46700,0.0,0.0
2022-09-12 00:00:00-04:00,11.444566104638797,11.496552875738919,11.374012123669608,11.451992988586426,75400,0.0,0.0
2022-09-13 00:00:00-04:00,11.355449229248878,11.357677436794308,11.266328718367157,11.318315505981445,35600,0.0,0.0
2022-09-14 00:00:00-04:00,11.288605067966607,11.422286145778482,11.266325124420172,11.296031951904297,43100,0.0,0.0
2022-09-15 00:00:00-04:00,11.212259899808586,11.33941700904801,11.182340621948242,11.182340621948242,84600,0.108,0.0
2022-09-16 00:00:00-04:00,11.197297695651166,11.197297695651166,11.107539885492102,11.167378425598145,21900,0.0,0.0
2022-09-19 00:00:00-04:00,11.100063390520587,11.20104122629654,11.06266411282595,11.152421951293945,32800,0.0,0.0
2022-09-20 00:00:00-04:00,11.107541371292147,11.21225847381937,11.025262832641602,11.025262832641602,31400,0.0,0.0
2022-09-21 00:00:00-04:00,10.995346702086673,11.16738311208686,10.995346702086673,11.040225982666016,27500,0.0,0.0
2022-09-22 00:00:00-04:00,10.995346004929415,11.09258384557601,10.942987442016602,10.942987442016602,47000,0.0,0.0
2022-09-23 00:00:00-04:00,10.838269486329644,10.9429873243613,10.726072363199373,10.741031646728516,50700,0.0,0.0
2022-09-26 00:00:00-04:00,10.770950148117626,10.823309420012563,10.57647519631254,10.591434478759766,51900,0.0,0.0
2022-09-27 00:00:00-04:00,10.643793037322842,10.741030869891315,10.580215195257312,10.591434478759766,48400,0.0,0.0
2022-09-28 00:00:00-04:00,10.673712595734283,10.808348985623109,10.62135332596412,10.80086898803711,49400,0.0,0.0
2022-09-29 00:00:00-04:00,10.823310419951449,10.823310419951449,10.651274019257254,10.666234016418457,61600,0.0,0.0
2022-09-30 00:00:00-04:00,10.741031316191746,10.778430593861575,10.666233474183977,10.74851131439209,122100,0.0,0.0
2022-10-03 00:00:00-04:00,10.793389464457475,10.913066569852493,10.74776262152551,10.898106575012207,46500,0.0,0.0
2022-10-04 00:00:00-04:00,10.995344545046429,11.152420926261312,10.960937697795423,11.100062370300293,53900,0.0,0.0
2022-10-05 00:00:00-04:00,11.070144347550592,11.070144347550592,10.94298722867118,11.01778507232666,19100,0.0,0.0
2022-10-06 00:00:00-04:00,10.972905194949638,11.122501577680454,10.972905194949638,11.047703742980957,46400,0.0,0.0
2022-10-07 00:00:00-04:00,11.017785954259958,11.017785954259958,10.853230257046679,10.928028106689453,52900,0.0,0.0
2022-10-10 00:00:00-04:00,10.980384673513619,10.980384673513619,10.77842903137207,10.77842903137207,47700,0.0,0.0
2022-10-11 00:00:00-04:00,10.800868844887225,10.811341269367926,10.655012460552516,10.696151733398438,40300,0.0,0.0
2022-10-12 00:00:00-04:00,10.621355045423128,10.755992170439782,10.539077198652922,10.583955764770508,149100,0.0,0.0
2022-10-13 00:00:00-04:00,10.378935706739396,10.605055727800599,10.378935706739396,10.597518920898438,101100,0.108,0.0
2022-10-14 00:00:00-04:00,10.605058466069512,10.676663541263887,10.507072762860945,10.514610290527344,64100,0.0,0.0
2022-10-17 00:00:00-04:00,10.567369536835743,10.661586451883917,10.567369536835743,10.597518920898438,72300,0.0,0.0
2022-10-18 00:00:00-04:00,10.627670633931787,10.778417587280273,10.627670633931787,10.778417587280273,82600,0.0,0.0
2022-10-19 00:00:00-04:00,10.650285157379393,10.74073335197997,10.650285157379393,10.665359497070312,60200,0.0,0.0
2022-10-20 00:00:00-04:00,10.695509269187905,10.785958185768948,10.620136130461539,10.703046798706055,46700,0.0,0.0
2022-10-21 00:00:00-04:00,10.748269213747827,10.823642338145742,10.684201662659566,10.808568000793457,41900,0.0,0.0
2022-10-24 00:00:00-04:00,10.831179685654151,10.90655352761368,10.801030292633985,10.861329078674316,32600,0.0,0.0
2022-10-25 00:00:00-04:00,10.808569944544926,11.045243049729168,10.808569944544926,11.004541397094727,42000,0.0,0.0
2022-10-26 00:00:00-04:00,10.959317076623659,11.092728330360202,10.94424273637156,11.042227745056152,46800,0.0,0.0
2022-10-27 00:00:00-04:00,11.06483739812471,11.110815165982213,11.012075424194336,11.012075424194336,92700,0.0,0.0
2022-10-28 00:00:00-04:00,11.034688389055058,11.087449645994951,11.012075805665203,11.049762725830078,100200,0.0,0.0
2022-10-31 00:00:00-04:00,11.094986778498829,11.094986778498829,10.959314158266318,11.034687995910645,61700,0.0,0.0
2022-11-01 00:00:00-04:00,11.110061845195396,11.204278789036236,11.0874499799427,11.200510025024414,38900,0.0,0.0
2022-11-02 00:00:00-04:00,11.260810479469033,11.260810479469033,11.072376563877514,11.079914093017578,31300,0.0,0.0
2022-11-03 00:00:00-04:00,11.102525961619424,11.188452068652118,11.004540958071976,11.079914093017578,48900,0.0,0.0
2022-11-04 00:00:00-04:00,11.140210081979955,11.14774760922111,11.072373774445882,11.110060691833496,30600,0.0,0.0
2022-11-07 00:00:00-05:00,11.20804799744554,11.20804799744554,11.042225968441738,11.102524757385254,111600,0.0,0.0
2022-11-08 00:00:00-05:00,11.110063038792498,11.200511228338714,11.09498869994395,11.177899360656738,67500,0.0,0.0
2022-11-09 00:00:00-05:00,11.221932421892207,11.221932421892207,11.092857360839844,11.092857360839844,53200,0.108,0.0
2022-11-10 00:00:00-05:00,11.214341610014694,11.358601605555709,11.214341610014694,11.305453300476074,45200,0.0,0.0
2022-11-11 00:00:00-05:00,11.24471307875645,11.381380263405225,11.23712025625057,11.282675743103027,111500,0.0,0.0
2022-11-14 00:00:00-05:00,11.17638030062258,11.259899184702801,11.161194654012638,11.206750869750977,91600,0.0,0.0
2022-11-15 00:00:00-05:00,11.206750966880485,11.328233244446968,11.18776890845354,11.29026985168457,71200,0.0,0.0
2022-11-16 00:00:00-05:00,11.351011330697206,11.351011330697206,11.214344126384265,11.221936225891113,48100,0.0,0.0
2022-11-17 00:00:00-05:00,11.2219343570436,11.244712824045266,11.123229838977219,11.16878604888916,128100,0.0,0.0
2022-11-18 00:00:00-05:00,11.2750880673285,11.2750880673285,11.10804952713554,11.138420104980469,110100,0.0,0.0
2022-11-21 00:00:00-05:00,11.229529049489475,11.237121873087837,11.142213750382856,11.221936225891113,142600,0.0,0.0
2022-11-22 00:00:00-05:00,11.275084595147174,11.358603477478027,11.237121203508979,11.358603477478027,115700,0.0,0.0
2022-11-23 00:00:00-05:00,11.275083833549022,11.434529488386188,11.275083833549022,11.335824966430664,72700,0.0,0.0
2022-11-25 00:00:00-05:00,11.40416002513154,11.40416002513154,11.313047592903857,11.366196632385254,22100,0.0,0.0
2022-11-28 00:00:00-05:00,11.297863006591797,11.366196970751082,11.18928838075121,11.297863006591797,144800,0.0,0.0
2022-11-29 00:00:00-05:00,11.320638332860593,11.388972282409668,11.297860591041355,11.388972282409668,56100,0.0,0.0
2022-11-30 00:00:00-05:00,11.426940484237926,11.624349594116211,11.320643104128468,11.624349594116211,101200,0.0,0.0
2022-12-01 00:00:00-05:00,11.616754154022374,11.685088116989979,11.579550332790701,11.662309646606445,76400,0.0,0.0
2022-12-02 00:00:00-05:00,11.631939071177005,11.768606997045522,11.548420185419298,11.738236427307129,81200,0.0,0.0
2022-12-05 00:00:00-05:00,11.776196582373677,12.322866687345549,11.50665721648127,11.988790512084961,1056100,0.0,0.0
2022-12-06 00:00:00-05:00,11.996385908470419,12.026756476376766,11.821754599940332,11.85212516784668,106800,0.0,0.0
2022-12-07 00:00:00-05:00,11.89008649517023,11.89767931685191,11.738233681993288,11.821752548217773,100700,0.0,0.0
2022-12-08 00:00:00-05:00,11.890090996439117,11.890090996439117,11.76101587535151,11.836942672729492,46900,0.0,0.0
2022-12-09 00:00:00-05:00,11.798977899733435,11.848329805416649,11.745829582214355,11.745829582214355,65100,0.0,0.0
2022-12-12 00:00:00-05:00,11.798975681157273,11.81416132564536,11.525640597194165,11.609159469604492,68800,0.0,0.0
2022-12-13 00:00:00-05:00,11.723049765509066,11.724568909342246,11.502862972944763,11.525641441345215,74200,0.0,0.0
2022-12-14 00:00:00-05:00,11.631939170246703,11.631939170246703,11.442122926742199,11.556013107299805,184800,0.0,0.0
2022-12-15 00:00:00-05:00,11.546836636027905,11.630952399841396,11.416839082419406,11.585070610046387,78700,0.108,0.0
2022-12-16 00:00:00-05:00,11.585068052212785,11.713536306008368,11.363307697242403,11.531539916992188,151200,0.0,0.0
2022-12-19 00:00:00-05:00,11.523892593774587,11.523892593774587,11.378601631495975,11.447423934936523,103800,0.0,0.0
2022-12-20 00:00:00-05:00,11.416839582407002,11.552954227771618,11.225666786877166,11.302135467529297,207400,0.0,0.0
2022-12-21 00:00:00-05:00,11.340368580712491,11.409190894125691,11.256252825022043,11.286840438842773,188000,0.0,0.0
2022-12-22 00:00:00-05:00,11.1721385416308,11.25625504316336,11.149198009061182,11.195079803466797,140900,0.0,0.0
2022-12-23 00:00:00-05:00,11.164491972655224,11.317430069006726,11.164491972655224,11.309782981872559,79800,0.0,0.0
2022-12-27 00:00:00-05:00,11.315944469602192,11.331351145972867,11.146475437309334,11.177288055419922,90000,0.108,0.0
2022-12-28 00:00:00-05:00,11.123364382199473,11.200396287585248,11.115661779365452,11.138771057128906,86300,0.0,0.0
2022-12-29 00:00:00-05:00,11.223507927796417,11.400681053624774,11.161882684368514,11.392977714538574,218600,0.0,0.0
2022-12-30 00:00:00-05:00,11.392976585598,11.516227060240801,11.219655146487323,11.31594467163086,146800,0.0,0.0
2023-01-03 00:00:00-05:00,11.416086329875048,11.4314930071469,11.300539188859386,11.377571105957031,86300,0.0,0.0
2023-01-04 00:00:00-05:00,11.470010163413606,11.508525391353448,11.416087521962238,11.439197540283203,45500,0.0,0.0
2023-01-05 00:00:00-05:00,11.470010163413606,11.477712768223045,11.392978238272157,11.439197540283203,74500,0.0,0.0
2023-01-06 00:00:00-05:00,11.562446394581638,11.616368293762207,11.516227099119163,11.616368293762207,51200,0.0,0.0
2023-01-09 00:00:00-05:00,11.647181155007857,11.70880639382027,11.616368535601652,11.677993774414062,62000,0.0,0.0
2023-01-10 00:00:00-05:00,11.701102367176684,11.793540954589844,11.593258572912585,11.793540954589844,60000,0.0,0.0
2023-01-11 00:00:00-05:00,11.77042910333252,12.078555965813235,11.77042910333252,12.040040016174316,168600,0.0,0.0
2023-01-12 00:00:00-05:00,12.001524825174364,12.093962669372559,11.907546460434137,12.093962669372559,59900,0.0,0.0
2023-01-13 00:00:00-05:00,12.016931940535802,12.217213576327854,11.993821927665762,12.101666450500488,115900,0.0,0.0
2023-01-17 00:00:00-05:00,12.240322432941156,12.240322432941156,12.09396197044604,12.155587196350098,70800,0.0,0.0
2023-01-18 00:00:00-05:00,12.109370898181723,12.217985323956972,12.104748601331709,12.124776840209961,28700,0.0,0.0
2023-01-19 00:00:00-05:00,12.155590329939514,12.197187331416512,12.078559145016897,12.086261749267578,25800,0.0,0.0
2023-01-20 00:00:00-05:00,12.155590223801864,12.255731424494622,11.94760521823292,11.98612117767334,46100,0.0,0.0
2023-01-23 00:00:00-05:00,12.063152072353624,12.120925642812015,11.963010874064702,12.001526832580566,44600,0.0,0.0
2023-01-24 00:00:00-05:00,12.063149995639687,12.178697851295302,11.978415489196777,11.978415489196777,43500,0.0,0.0
2023-01-25 00:00:00-05:00,12.032337531686363,12.163291328957019,11.978415639150453,12.132478713989258,58900,0.0,0.0
2023-01-26 00:00:00-05:00,12.209511646396544,12.209511646396544,12.016932602981019,12.117073059082031,87200,0.0,0.0
2023-01-27 00:00:00-05:00,12.178700346584048,12.213363902289187,12.01693390322647,12.086261749267578,50000,0.0,0.0
2023-01-30 00:00:00-05:00,12.10936806659232,12.140180678074515,12.03233617057153,12.04774284362793,53100,0.0,0.0
2023-01-31 00:00:00-05:00,12.117071847276096,12.186400413513184,12.055446618316614,12.186400413513184,48500,0.0,0.0
2023-02-01 00:00:00-05:00,12.101669187172128,12.201810395029444,12.101669187172128,12.194107055664062,68700,0.0,0.0
2023-02-02 00:00:00-05:00,12.286545241368353,12.378983112246837,12.209514049618399,12.294248580932617,61100,0.0,0.0
2023-02-03 00:00:00-05:00,12.248023478353527,12.301946095138424,12.20950826803216,12.25572681427002,39900,0.0,0.0
2023-02-06 00:00:00-05:00,12.248025642472665,12.317354208709753,12.14018185910891,12.186400413513184,71100,0.0,0.0
2023-02-07 00:00:00-05:00,12.201809324438452,12.30965312756802,12.17792941527953,12.286543846130371,79300,0.0,0.0
2023-02-08 00:00:00-05:00,12.301949879650138,12.301949879650138,12.140183448791504,12.140183448791504,43900,0.0,0.0
2023-02-09 00:00:00-05:00,12.169656719377684,12.25885489532626,12.053312301635742,12.053312301635742,57000,0.108,0.0
2023-02-10 00:00:00-05:00,12.107609006429069,12.107609006429069,11.999021055866434,12.006776809692383,38900,0.0,0.0
2023-02-13 00:00:00-05:00,12.123119248160815,12.123119248160815,12.006774090719103,12.053312301635742,31800,0.0,0.0
2023-02-14 00:00:00-05:00,12.115362202256568,12.115362202256568,12.03779950720944,12.092093467712402,46500,0.0,0.0
2023-02-15 00:00:00-05:00,12.13087393751635,12.13087393751635,12.068823491980178,12.123117446899414,29100,0.0,0.0
2023-02-16 00:00:00-05:00,12.030043897360756,12.12311958205777,11.975749193179322,11.999018669128418,32100,0.0,0.0
2023-02-17 00:00:00-05:00,12.053312931086756,12.053312931086756,11.944724259743703,11.96799373626709,17500,0.0,0.0
2023-02-21 00:00:00-05:00,12.045555896175935,12.154144562626312,11.735303620174534,11.743060111999512,37000,0.0,0.0
2023-02-22 00:00:00-05:00,11.681011812736596,11.812868499598846,11.642230086153624,11.735305786132812,42700,0.0,0.0
2023-02-23 00:00:00-05:00,11.805113792419434,11.933092983697076,11.750819074510755,11.805113792419434,30200,0.0,0.0
2023-02-24 00:00:00-05:00,11.812865654716575,11.812865654716575,11.712034225463867,11.712034225463867,40000,0.0,0.0
2023-02-27 00:00:00-05:00,11.851645469665527,11.85940195980913,11.743057566453555,11.851645469665527,69200,0.0,0.0
2023-02-28 00:00:00-05:00,12.006771117847595,12.006771117847595,11.828376289520465,11.983502388000488,62100,0.0,0.0
2023-03-01 00:00:00-05:00,12.022287702088713,12.053312931086756,11.960237244092626,11.96799373626709,50900,0.0,0.0
2023-03-02 00:00:00-05:00,11.952480456930017,12.04555614162703,11.925333474689195,11.999018669128418,39000,0.0,0.0
2023-03-03 00:00:00-05:00,12.099848714748264,12.231706096437545,12.030041778595155,12.123117446899414,27200,0.0,0.0
2023-03-06 00:00:00-05:00,12.068826499744699,12.161126246110127,11.975750068544492,12.045557022094727,54100,0.0,0.0
2023-03-07 00:00:00-05:00,12.115361605130841,12.138630338528168,11.882672052058478,11.89042854309082,17700,0.0,0.0
2023-03-08 00:00:00-05:00,11.8904316089604,11.936969827454325,11.766330679243119,11.789599418640137,65000,0.0,0.0
2023-03-09 00:00:00-05:00,11.890431357493803,11.890431357493803,11.549153807988837,11.556909561157227,190600,0.0,0.0
2023-03-10 00:00:00-05:00,11.5724222275193,11.630594443026096,11.45607779650571,11.471590042114258,58700,0.0,0.0
2023-03-13 00:00:00-04:00,11.494857242803732,11.494857242803732,11.26992416381836,11.26992416381836,54600,0.0,0.0
2023-03-14 00:00:00-04:00,11.432808655672906,11.473917476192497,11.316464221228559,11.417296409606934,41900,0.0,0.0
2023-03-15 00:00:00-04:00,11.300950087292813,11.363000544652158,11.277681350708008,11.277681350708008,77400,0.0,0.0
2023-03-16 00:00:00-04:00,11.299561095512248,11.494920035099087,11.2448608309032,11.479290962219238,72300,0.108,0.0
2023-03-17 00:00:00-04:00,11.463661943251955,11.463661943251955,11.330817812725327,11.385518074035645,34500,0.0,0.0
2023-03-20 00:00:00-04:00,11.463664109147317,11.463664109147317,11.299562548976557,11.338634490966797,25900,0.0,0.0
2023-03-21 00:00:00-04:00,11.338635470934468,11.502737045288086,11.338635470934468,11.502737045288086,45200,0.0,0.0
2023-03-22 00:00:00-04:00,11.448032844793397,11.487104779311037,11.401147119560363,11.432404518127441,31500,0.0,0.0
2023-03-23 00:00:00-04:00,11.416776269607947,11.487105607764839,11.36207600447935,11.44021987915039,49000,0.0,0.0
2023-03-24 00:00:00-04:00,11.510547304522447,11.510547304522447,11.338631990060403,11.362074851989746,19400,0.0,0.0
2023-03-27 00:00:00-04:00,11.369888561273767,11.417556033333879,11.346445701048403,11.354259490966797,39200,0.0,0.0
2023-03-28 00:00:00-04:00,11.416776170064038,11.416776170064038,11.338633041309555,11.401147842407227,21500,0.0,0.0
2023-03-29 00:00:00-04:00,11.42459315455384,11.51445810723346,11.42459315455384,11.502737045288086,15400,0.0,0.0
2023-03-30 00:00:00-04:00,11.52617858573645,11.573065063819243,11.494921182093016,11.557435989379883,17800,0.0,0.0
2023-03-31 00:00:00-04:00,11.557434440794514,11.729350510415935,11.557434440794514,11.580877304077148,122300,0.0,0.0
2023-04-03 00:00:00-04:00,11.63557818270503,11.64339197355559,11.580877175340044,11.588691711425781,83200,0.0,0.0
2023-04-04 00:00:00-04:00,11.674652068480018,11.674652068480018,11.448035686311439,11.510550498962402,81000,0.0,0.0
2023-04-05 00:00:00-04:00,11.541805785729798,11.541805785729798,11.424589982176881,11.432404518127441,29400,0.0,0.0
2023-04-06 00:00:00-04:00,11.487106193678084,11.518363596093776,11.38551944951827,11.49492073059082,113900,0.0,0.0
2023-04-10 00:00:00-04:00,11.479292739266853,11.54884108101929,11.440221541489253,11.487107276916504,102100,0.0,0.0
2023-04-11 00:00:00-04:00,11.596508400642978,11.596508400642978,11.50273618590891,11.541808128356934,38900,0.0,0.0
2023-04-12 00:00:00-04:00,11.573063742305344,11.63167127429005,11.565249205977997,11.61213493347168,54500,0.0,0.0
2023-04-13 00:00:00-04:00,11.610560847248367,11.728634047113436,11.567266990308662,11.681405067443848,106100,0.108,0.0
2023-04-14 00:00:00-04:00,11.642049279775605,11.701873365952421,11.626306533813477,11.626306533813477,21800,0.0,0.0
2023-04-17 00:00:00-04:00,11.673534513149056,11.71289250068852,11.634176525609593,11.66566276550293,62000,0.0,0.0
2023-04-18 00:00:00-04:00,11.66566006486937,11.724697407856837,11.559394499012125,11.618431091308594,193700,0.0,0.0
2023-04-19 00:00:00-04:00,11.634174944292399,11.657790184020996,11.563330726488745,11.657790184020996,84200,0.0,0.0
2023-04-20 00:00:00-04:00,11.61055974105453,11.64991772082343,11.61055974105453,11.642045974731445,21300,0.0,0.0
2023-04-21 00:00:00-04:00,11.689274461017117,11.689274461017117,11.602686764569425,11.61055850982666,18200,0.0,0.0
2023-04-24 00:00:00-04:00,11.594816962102472,11.657790184020996,11.476743766223766,11.657790184020996,61300,0.0,0.0
2023-04-25 00:00:00-04:00,11.67353328399344,11.67353328399344,11.59481731720285,11.634175300598145,28200,0.0,0.0
2023-04-26 00:00:00-04:00,11.657788791706459,11.720761255412976,11.6263025598532,11.673531532287598,77100,0.0,0.0
2023-04-27 00:00:00-04:00,11.72863415487964,11.767992138759995,11.665661680947514,11.760120391845703,35100,0.0,0.0
2023-04-28 00:00:00-04:00,11.767992138759995,11.791606628811767,11.72863415487964,11.760120391845703,52300,0.0,0.0
2023-05-01 00:00:00-04:00,11.799479484558105,11.799479484558105,11.705020764783349,11.799479484558105,32300,0.0,0.0
2023-05-02 00:00:00-04:00,11.783733881645372,11.783733881645372,11.665659947548894,11.712889671325684,16600,0.0,0.0
2023-05-03 00:00:00-04:00,11.72863650027658,11.775866240515844,11.72863650027658,11.744379997253418,43500,0.0,0.0
2023-05-04 00:00:00-04:00,11.689280329248785,11.783739067682774,11.643624784389663,11.736509323120117,86900,0.0,0.0
2023-05-05 00:00:00-04:00,11.752248482281479,11.854578932141218,11.752248482281479,11.80734920501709,44600,0.0,0.0
2023-05-08 00:00:00-04:00,11.846708382066733,11.846708382066733,11.767992412475145,11.791606903076172,7100,0.0,0.0
2023-05-09 00:00:00-04:00,11.823093496804564,11.823093496804564,11.752249276675178,11.76799201965332,13200,0.0,0.0
2023-05-10 00:00:00-04:00,11.84670921979107,11.84670921979107,11.736507004708267,11.799479484558105,26200,0.0,0.0
2023-05-11 00:00:00-04:00,11.782037004702405,11.797894752947823,11.726536398121555,11.77410888671875,35400,0.108,0.0
2023-05-12 00:00:00-04:00,11.829608804567037,11.829608804567037,11.623462626212994,11.639320373535156,44000,0.0,0.0
2023-05-15 00:00:00-04:00,11.782038558358527,11.782038558358527,11.575893096957808,11.6076078414917,101200,0.0,0.0
2023-05-16 00:00:00-04:00,11.631392781550778,11.631392781550778,11.552105548481236,11.599678039550781,45000,0.0,0.0
2023-05-17 00:00:00-04:00,11.631389617919922,11.631389617919922,11.567960151172159,11.631389617919922,26000,0.0,0.0
2023-05-18 00:00:00-04:00,11.66310623837939,11.671035112040471,11.628220252865248,11.639320373535156,47700,0.0,0.0
2023-05-19 00:00:00-04:00,11.6789628963421,11.6789628963421,11.560032819375202,11.567961692810059,80600,0.0,0.0
2023-05-22 00:00:00-04:00,11.647245991719856,11.647245991719856,11.583816528320312,11.583816528320312,31100,0.0,0.0
2023-05-23 00:00:00-04:00,11.560031841873542,11.623461311710903,11.560031841873542,11.575889587402344,31700,0.0,0.0
2023-05-24 00:00:00-04:00,11.647247472030386,11.647247472030386,11.540210711526566,11.544175148010254,28100,0.0,0.0
2023-05-25 00:00:00-04:00,11.591747882131482,11.599676755788748,11.472817801828521,11.528318405151367,67300,0.0,0.0
2023-05-26 00:00:00-04:00,11.583817860360618,11.782035145312202,11.556067561449625,11.758249282836914,48400,0.0,0.0
2023-05-30 00:00:00-04:00,11.742393570053224,11.75825056138133,11.686892210057312,11.718606948852539,25900,0.0,0.0
2023-05-31 00:00:00-04:00,11.718604994314477,11.718604994314477,11.57588907160895,11.615531921386719,71100,0.0,0.0
2023-06-01 00:00:00-04:00,11.655177066011497,11.758250152546891,11.615533454861115,11.671034812927246,57300,0.0,0.0
2023-06-02 00:00:00-04:00,11.678962361154676,11.758249579591938,11.678962361154676,11.726534843444824,43000,0.0,0.0
2023-06-05 00:00:00-04:00,11.70274543762207,11.774103761385662,11.694816566950845,11.70274543762207,46700,0.0,0.0
2023-06-06 00:00:00-04:00,11.750322014502817,11.750322014502817,11.639320803701342,11.678963661193848,60300,0.0,0.0
2023-06-07 00:00:00-04:00,11.655177066011497,11.742393161770133,11.655177066011497,11.671034812927246,48700,0.0,0.0
2023-06-08 00:00:00-04:00,11.710678831257995,11.7265358225861,11.655177471262084,11.718606948852539,32400,0.0,0.0
2023-06-09 00:00:00-04:00,11.702747368683665,11.737633346799358,11.686889624724538,11.694818496704102,50500,0.0,0.0
2023-06-12 00:00:00-04:00,11.742392589587858,11.742392589587858,11.678962361154676,11.726534843444824,53000,0.0,0.0
2023-06-13 00:00:00-04:00,11.766179435114891,11.774108308848453,11.702749957524434,11.718606948852539,59300,0.0,0.0
2023-06-14 00:00:00-04:00,11.734463420361626,11.805821763926426,11.710677557886337,11.758249282836914,39200,0.0,0.0
2023-06-15 00:00:00-04:00,11.788600973558008,11.788600973558008,11.748666536699279,11.764639854431152,54000,0.108,0.0
2023-06-16 00:00:00-04:00,11.780613221676019,11.780613221676019,11.724705470465207,11.740678787231445,48600,0.0,0.0
2023-06-20 00:00:00-04:00,11.70873137524397,11.772626165589383,11.70873137524397,11.748665809631348,58800,0.0,0.0
2023-06-21 00:00:00-04:00,11.724706649780273,11.740679968153168,11.708732569721317,11.724706649780273,62500,0.0,0.0
2023-06-22 00:00:00-04:00,11.716719549276377,11.868469500622915,11.708732509288122,11.836522102355957,206400,0.0,0.0
2023-06-23 00:00:00-04:00,11.83652184072046,11.892430357716373,11.77262704559888,11.86846923828125,142800,0.0,0.0
2023-06-26 00:00:00-04:00,11.884441375732422,11.907603482726774,11.844506944886065,11.884441375732422,46400,0.0,0.0
2023-06-27 00:00:00-04:00,11.892426490783691,11.93236015348535,11.868465379139746,11.892426490783691,53500,0.0,0.0
2023-06-28 00:00:00-04:00,11.900415162851063,11.964309950063974,11.892428885713908,11.93236255645752,30400,0.0,0.0
2023-06-29 00:00:00-04:00,11.90840172956587,11.972296514245675,11.876454337225969,11.884441375732422,77900,0.0,0.0
2023-06-30 00:00:00-04:00,11.972294577872798,12.028203076689545,11.892426490783691,11.892426490783691,31400,0.0,0.0
2023-07-03 00:00:00-04:00,11.94035270588421,11.94035270588421,11.90041826305126,11.908405303955078,9100,0.0,0.0
2023-07-05 00:00:00-04:00,11.852493222353951,12.012230173796889,11.852493222353951,11.9802827835083,65500,0.0,0.0
2023-07-06 00:00:00-04:00,11.948338754115245,11.948338754115245,11.828536197255774,11.924378395080566,45500,0.0,0.0
2023-07-07 00:00:00-04:00,11.876456933105693,11.972299131073973,11.876456933105693,11.916391372680664,36700,0.0,0.0
2023-07-10 00:00:00-04:00,11.804575076535016,11.948338754115245,11.804575076535016,11.924378395080566,42900,0.0,0.0
2023-07-11 00:00:00-04:00,11.96431062918057,11.98028470773349,11.92757146720644,11.972297668457031,30600,0.0,0.0
2023-07-12 00:00:00-04:00,12.012231072711565,12.124047327932132,12.012231072711565,12.100086212158203,67800,0.0,0.0
2023-07-13 00:00:00-04:00,12.146744818463064,12.227186374803274,12.082391266528957,12.098479270935059,37400,0.108,0.0
2023-07-14 00:00:00-04:00,12.098478768895808,12.106523154342474,11.953682899475098,11.953682899475098,63000,0.0,0.0
2023-07-17 00:00:00-04:00,12.042169935580688,12.275451749852772,11.961727613215897,12.22718620300293,245600,0.0,0.0
2023-07-18 00:00:00-04:00,12.203054529601859,12.323717253078364,12.178922138337535,12.283496856689453,121100,0.0,0.0
2023-07-19 00:00:00-04:00,12.267407167101608,12.275451552639817,12.186964846029174,12.195009231567383,64500,0.0,0.0
2023-07-20 00:00:00-04:00,12.154786438042471,12.170875206957373,12.130654051824845,12.146742820739746,31300,0.0,0.0
2023-07-21 00:00:00-04:00,12.154786438042471,12.195007593175,12.122609667367394,12.146742820739746,37000,0.0,0.0
2023-07-24 00:00:00-04:00,12.195010134461377,12.203054520595176,12.146745351968352,12.154788970947266,27300,0.0,0.0
2023-07-25 00:00:00-04:00,12.154786438042471,12.166853014728646,12.130654051824845,12.146742820739746,43800,0.0,0.0
2023-07-26 00:00:00-04:00,12.146745065986696,12.203054233287784,12.130656294097891,12.170877456665039,35100,0.0,0.0
2023-07-27 00:00:00-04:00,12.178921541357393,12.259363097347059,12.058258056640625,12.058258056640625,55600,0.0,0.0
2023-07-28 00:00:00-04:00,12.106523345304282,12.243274831435372,12.074346570164899,12.235230445861816,45800,0.0,0.0
2023-07-31 00:00:00-04:00,12.29958486181404,12.3317616392181,12.267408084409979,12.283496856689453,38800,0.0,0.0
2023-08-01 00:00:00-04:00,12.275451606574755,12.299583996140584,12.235230445861816,12.235230445861816,38500,0.0,0.0
2023-08-02 00:00:00-04:00,12.219142012613295,12.291539950467651,12.18696523658412,12.259363174438477,111400,0.0,0.0
2023-08-03 00:00:00-04:00,12.186965655954934,12.243275591309835,12.154788878818511,12.203054428100586,39700,0.0,0.0
2023-08-04 00:00:00-04:00,12.259361408868427,12.291538180263563,12.22718463747329,12.251317024230957,20500,0.0,0.0
2023-08-07 00:00:00-04:00,12.251317197311758,12.436334210813689,12.251317197311758,12.371980667114258,44200,0.0,0.0
2023-08-08 00:00:00-04:00,12.283494562780838,12.363936107691309,12.24327340674823,12.251317024230957,51300,0.0,0.0
2023-08-09 00:00:00-04:00,12.251317024230957,12.307626949538504,12.251317024230957,12.251317024230957,25100,0.0,0.0
2023-08-10 00:00:00-04:00,12.306407528947291,12.371221447769752,12.265899892054518,12.298306465148926,30600,0.108,0.0
2023-08-11 00:00:00-04:00,12.282102792284897,12.371221447769752,12.249696219190492,12.298306465148926,36500,0.0,0.0
2023-08-14 00:00:00-04:00,12.298307186456128,12.452238224524347,12.28210351264174,12.41172981262207,115600,0.0,0.0
2023-08-15 00:00:00-04:00,12.411729554204232,12.411729554204232,12.314509831243143,12.363120079040527,30300,0.0,0.0
2023-08-16 00:00:00-04:00,12.363122864662229,12.395529446284346,12.282106024290012,12.290207862854004,35000,0.0,0.0
2023-08-17 00:00:00-04:00,12.306408067751228,12.306408067751228,12.120070457458496,12.120070457458496,24600,0.0,0.0
2023-08-18 00:00:00-04:00,12.152479524510863,12.192987944119334,12.120072943350854,12.128174781799316,33200,0.0,0.0
2023-08-21 00:00:00-04:00,12.13627629708517,12.216483419008068,12.07956497111329,12.192988395690918,59300,0.0,0.0
2023-08-22 00:00:00-04:00,12.160581187674822,12.314512252807617,12.160581187674822,12.314512252807617,62000,0.0,0.0
2023-08-23 00:00:00-04:00,12.274000955852884,12.363119611337739,12.274000955852884,12.298306465148926,24700,0.0,0.0
2023-08-24 00:00:00-04:00,12.298309701417995,12.338817348970252,12.249699442667895,12.290207862854004,24500,0.0,0.0
2023-08-25 00:00:00-04:00,12.298307817451967,12.306408882141113,12.249697566148425,12.306408882141113,25200,0.0,0.0
2023-08-28 00:00:00-04:00,12.274002305483329,12.338815458798898,12.257799403471303,12.306408882141113,33300,0.0,0.0
2023-08-29 00:00:00-04:00,12.322616639560994,12.411734561738342,12.290210052166142,12.39553165435791,48400,0.0,0.0
2023-08-30 00:00:00-04:00,12.39553165435791,12.419836401745552,12.37932797434349,12.39553165435791,26700,0.0,0.0
2023-08-31 00:00:00-04:00,12.452238057212988,12.557559617690304,12.37122200713068,12.43603515625,33800,0.0,0.0
2023-09-01 00:00:00-04:00,12.411729645854992,12.489506042905122,12.282103347616353,12.43603515625,29600,0.0,0.0
2023-09-05 00:00:00-04:00,12.492750611127121,12.508953517462942,12.314514005629462,12.355022430419922,75900,0.0,0.0
2023-09-06 00:00:00-04:00,12.411729838766563,12.411729838766563,12.249696963449837,12.282103538513184,37000,0.0,0.0
2023-09-07 00:00:00-04:00,12.274002799886969,12.282915130354622,12.201088578945228,12.241596221923828,43900,0.0,0.0
2023-09-08 00:00:00-04:00,12.23349666595459,12.330716411836416,12.217292988657357,12.23349666595459,35800,0.0,0.0
2023-09-11 00:00:00-04:00,12.363122053468183,12.363122053468183,12.225393897452623,12.249698638916016,29000,0.0,0.0
2023-09-12 00:00:00-04:00,12.184885479924434,12.274003380379408,12.184885479924434,12.249698638916016,27500,0.0,0.0
2023-09-13 00:00:00-04:00,12.201087487171668,12.371222199412653,12.176781976398887,12.282103538513184,50600,0.0,0.0
2023-09-14 00:00:00-04:00,12.280475713129123,12.304954848510123,12.174398422241211,12.174398422241211,64600,0.108,0.0
2023-09-15 00:00:00-04:00,12.092796691949623,12.178474807722106,12.092796691949623,12.14991569519043,54200,0.0,0.0
2023-09-18 00:00:00-04:00,12.133598726211645,12.190716965249372,12.133598726211645,12.166237831115723,64400,0.0,0.0
2023-09-19 00:00:00-04:00,12.14991928686021,12.178478407834325,12.101776546310225,12.174398422241211,49300,0.0,0.0
2023-09-20 00:00:00-04:00,12.215195181797176,12.255994251807792,12.133597041775944,12.141757011413574,35600,0.0,0.0
2023-09-21 00:00:00-04:00,12.125439359182488,12.149919272712667,12.019362068418095,12.052001953125,53000,0.0,0.0
2023-09-22 00:00:00-04:00,12.043840188970446,12.125437554057184,12.043840188970446,12.068319320678711,42800,0.0,0.0
2023-09-25 00:00:00-04:00,12.060159247697086,12.068319217589327,11.59505185832524,11.905123710632324,317500,0.0,0.0
2023-09-26 00:00:00-04:00,11.905123640746288,11.913283610590627,11.831685468502346,11.864324569702148,59000,0.0,0.0
2023-09-27 00:00:00-04:00,11.896963600581838,11.92144273179261,11.766407196554322,11.823525428771973,62000,0.0,0.0
2023-09-28 00:00:00-04:00,11.799047803479171,11.864326013824417,11.782727861804034,11.790887832641602,48300,0.0,0.0
2023-09-29 00:00:00-04:00,11.864324499574959,11.92144273179261,11.815365458975865,11.823525428771973,105700,0.0,0.0
2023-10-02 00:00:00-04:00,11.856164494431837,11.856164494431837,11.692968989883981,11.701128959655762,79900,0.0,0.0
2023-10-03 00:00:00-04:00,11.635852574978221,11.676651652031062,11.537935256958008,11.537935256958008,73100,0.0,0.0
2023-10-04 00:00:00-04:00,11.513453077619552,11.644010254126522,11.513453077619552,11.627690315246582,56700,0.0,0.0
2023-10-05 00:00:00-04:00,11.59505088483948,11.668489051348873,11.586890915632328,11.635849952697754,53700,0.0,0.0
2023-10-06 00:00:00-04:00,11.611370231503622,11.692968368530273,11.570571941167804,11.692968368530273,32300,0.0,0.0
2023-10-09 00:00:00-04:00,11.635852433475332,11.733769750304779,11.611372520634726,11.72560977935791,68700,0.0,0.0
2023-10-10 00:00:00-04:00,11.709290615641832,11.774568826861463,11.627692462528463,11.72560977935791,123300,0.0,0.0
2023-10-11 00:00:00-04:00,11.774563505179318,11.774563505179318,11.627687207229158,11.67664623260498,140500,0.0,0.0
2023-10-12 00:00:00-04:00,11.633893734896306,11.66678103653189,11.609228454693397,11.658559799194336,69700,0.108,0.0
2023-10-13 00:00:00-04:00,11.666781835856991,11.76133352062054,11.609229250075401,11.625673294067383,54600,0.0,0.0
2023-10-16 00:00:00-04:00,11.65033856862167,11.773665762103157,11.609229242762783,11.64211654663086,108600,0.0,0.0
2023-10-17 00:00:00-04:00,11.642115756328982,11.699668338167477,11.592785195923163,11.658559799194336,84500,0.0,0.0
2023-10-18 00:00:00-04:00,11.66678031259538,11.675002333517872,11.617449755250577,11.633893013000488,31100,0.0,0.0
2023-10-19 00:00:00-04:00,11.666780800019955,11.666780800019955,11.51878833770752,11.51878833770752,55800,0.0,0.0
2023-10-20 00:00:00-04:00,11.494122268057044,11.535231590270996,11.477679009628526,11.535231590270996,90700,0.0,0.0
2023-10-23 00:00:00-04:00,11.510566310580666,11.568118891223136,11.469456988366716,11.535231590270996,45400,0.0,0.0
2023-10-24 00:00:00-04:00,11.617453835970881,11.617453835970881,11.543457189866713,11.559901237487793,33400,0.0,0.0
2023-10-25 00:00:00-04:00,11.60101013364193,11.60101013364193,11.453017621124093,11.461238861083984,34000,0.0,0.0
2023-10-26 00:00:00-04:00,11.461236154503,11.514678514146363,11.461236154503,11.494123458862305,41100,0.0,0.0
2023-10-27 00:00:00-04:00,11.551675314833282,11.559897335868781,11.461234651632958,11.469456672668457,49300,0.0,0.0
2023-10-30 00:00:00-04:00,11.551677949231946,11.551677949231946,11.47768131122744,11.510568618774414,35700,0.0,0.0
2023-10-31 00:00:00-04:00,11.592784558340536,11.592784558340536,11.518787937706373,11.543453216552734,55600,0.0,0.0
2023-11-01 00:00:00-04:00,11.527010901693078,11.740777976007955,11.527010901693078,11.724334716796875,51900,0.0,0.0
2023-11-02 00:00:00-04:00,11.839440260604198,11.946324193213082,11.75722239374017,11.913436889648438,68200,0.0,0.0
2023-11-03 00:00:00-04:00,11.905216424082244,12.086097009381582,11.905216424082244,12.044987678527832,66300,0.0,0.0
2023-11-06 00:00:00-05:00,12.086096158766754,12.086096158766754,11.888772325470653,11.938103675842285,37400,0.0,0.0
2023-11-07 00:00:00-05:00,11.896996791103968,11.979214679814381,11.896996791103968,11.96277141571045,36200,0.0,0.0
2023-11-08 00:00:00-05:00,11.936261177062988,11.995901484088273,11.936261177062988,11.936261177062988,70300,0.108,0.0
2023-11-09 00:00:00-05:00,11.8202961807261,11.948687399568433,11.812012672424316,11.812012672424316,58800,0.0,0.0
2023-11-10 00:00:00-05:00,11.812013245365268,11.90312947122799,11.812013245365268,11.894845962524414,42600,0.0,0.0
2023-11-13 00:00:00-05:00,11.820297183603236,11.869996657712965,11.803730165594061,11.828579902648926,39200,0.0,0.0
2023-11-14 00:00:00-05:00,11.90312870706907,12.027378959769457,11.90312870706907,12.02655029296875,49900,0.0,0.0
2023-11-15 00:00:00-05:00,12.052228713757986,12.052228713757986,11.952828985412703,12.035661697387695,55000,0.0,0.0
2023-11-16 00:00:00-05:00,12.085362008414732,12.155770248373045,12.01909552256677,12.151628494262695,67600,0.0,0.0
2023-11-17 00:00:00-05:00,12.10192834127921,12.19304535259024,12.10192834127921,12.159912109375,62200,0.0,0.0
2023-11-20 00:00:00-05:00,12.201329807027838,12.284163321831564,12.143346820640593,12.259313583374023,66900,0.0,0.0
2023-11-21 00:00:00-05:00,12.226176999775905,12.26510853572264,12.176476746461603,12.209609985351562,72100,0.0,0.0
2023-11-22 00:00:00-05:00,12.242743440334193,12.275876679808977,12.20961020085941,12.226177215576172,85200,0.0,0.0
2023-11-24 00:00:00-05:00,12.292445719178502,12.300729227901236,12.209612211868908,12.23446273803711,16700,0.0,0.0
2023-11-27 00:00:00-05:00,12.226178488331358,12.226178488331358,12.135061477821292,12.151628494262695,54200,0.0,0.0
2023-11-28 00:00:00-05:00,12.201328814495252,12.201328814495252,12.135062324026379,12.143345832824707,59000,0.0,0.0
2023-11-29 00:00:00-05:00,12.201330032190041,12.209613541815065,12.1681967836489,12.176480293273926,73100,0.0,0.0
2023-11-30 00:00:00-05:00,12.259313062870092,12.259313062870092,12.126780076778346,12.193046569824219,78900,0.0,0.0
2023-12-01 00:00:00-05:00,12.226180055510312,12.35871304419461,12.184763299056739,12.35042953491211,75100,0.0,0.0
2023-12-04 00:00:00-05:00,12.309012151734064,12.350428906078868,12.267596187348147,12.27587890625,156800,0.0,0.0
2023-12-05 00:00:00-05:00,12.242743075029676,12.342142790488092,12.242743075029676,12.309009552001953,105100,0.0,0.0
2023-12-06 00:00:00-05:00,12.358713150024414,12.400129906832648,12.333863411923048,12.358713150024414,91300,0.0,0.0
2023-12-07 00:00:00-05:00,12.424979538536759,12.453143154113688,12.325579797023535,12.35042953491211,140700,0.0,0.0
2023-12-08 00:00:00-05:00,12.317294120788574,12.352083905703878,12.284160879446553,12.317294120788574,98500,0.0,0.0
2023-12-11 00:00:00-05:00,12.342145610580435,12.408412102694133,12.259312890417759,12.29244613647461,103000,0.0,0.0
2023-12-12 00:00:00-05:00,12.259311832778918,12.309011302597057,12.251028324489619,12.284161567687988,80300,0.0,0.0
2023-12-13 00:00:00-05:00,12.259310089252104,12.395984796752265,12.259310089252104,12.309009552001953,249000,0.0,0.0
2023-12-14 00:00:00-05:00,12.424156960551201,12.50759608467806,12.402462645044649,12.474220275878906,166800,0.108,0.0
2023-12-15 00:00:00-05:00,12.557663917541504,12.582695582624149,12.49925563802562,12.557663917541504,114600,0.0,0.0
2023-12-18 00:00:00-05:00,12.51594394524224,12.624415554923413,12.51594394524224,12.557663917541504,77800,0.0,0.0
2023-12-19 00:00:00-05:00,12.599380948230003,12.632756759128618,12.557660985671209,12.591036796569824,101400,0.0,0.0
2023-12-20 00:00:00-05:00,12.5660051646908,12.649444294247958,12.540972709655762,12.540972709655762,95800,0.0,0.0
2023-12-21 00:00:00-05:00,12.56600570678711,12.61022828025432,12.557661554748798,12.56600570678711,94700,0.0,0.0
2023-12-22 00:00:00-05:00,12.632758555647365,12.67447772839699,12.595210663578932,12.607726097106934,99200,0.0,0.0
2023-12-26 00:00:00-05:00,12.606044834628307,12.65646936661395,12.54721688187068,12.62285327911377,153800,0.108,0.0
2023-12-27 00:00:00-05:00,12.58083438873291,12.639662348127471,12.522005627867513,12.58083438873291,222800,0.0,0.0
2023-12-28 00:00:00-05:00,12.580833855927327,12.614449945796393,12.580833855927327,12.606045722961426,116600,0.0,0.0
2023-12-29 00:00:00-05:00,12.631257589995524,12.648066035665458,12.57242963309236,12.606045722961426,126000,0.0,0.0
2024-01-02 00:00:00-05:00,12.631256103515625,12.639660325361561,12.580832375381428,12.631256103515625,72200,0.0,0.0
2024-01-03 00:00:00-05:00,12.66487218942866,12.66487218942866,12.589235795756656,12.631256103515625,75400,0.0,0.0
2024-01-04 00:00:00-05:00,12.65646936661395,12.65646936661395,12.58083296937086,12.62285327911377,34100,0.0,0.0
2024-01-05 00:00:00-05:00,12.656470743848168,12.690086835006337,12.62285465269,12.648066520690918,52200,0.0,0.0
2024-01-08 00:00:00-05:00,12.656468749132628,12.690084834992751,12.631256083634504,12.664872169494629,113100,0.0,0.0
2024-01-09 00:00:00-05:00,12.664872235568184,12.685882790259566,12.62285272912684,12.681680679321289,89800,0.0,0.0
2024-01-10 00:00:00-05:00,12.690086759817401,12.757318941735386,12.648066445750954,12.74891471862793,122700,0.0,0.0
2024-01-11 00:00:00-05:00,12.765722363372012,12.765722363372012,12.65647066885841,12.74891471862793,86000,0.0,0.0
2024-01-12 00:00:00-05:00,12.757317922434845,12.765721343400045,12.706893389289826,12.732105255126953,66900,0.0,0.0
2024-01-16 00:00:00-05:00,12.715297767089096,12.732105410695626,12.614449501037598,12.614449501037598,90500,0.0,0.0
2024-01-17 00:00:00-05:00,12.614450480025635,12.627056013341134,12.547218297440184,12.58083438873291,98100,0.0,0.0
2024-01-18 00:00:00-05:00,12.58083438873291,12.614450480025635,12.555621719160238,12.58083438873291,46700,0.0,0.0
2024-01-19 00:00:00-05:00,12.60604570647491,12.614449929298885,12.505197436999607,12.522005081176758,93800,0.0,0.0
2024-01-22 00:00:00-05:00,12.564025235306149,12.631257414108086,12.54721759134106,12.581673622131348,88700,0.0,0.0
2024-01-23 00:00:00-05:00,12.606042365722177,12.606042365722177,12.555617843612229,12.564022064208984,86600,0.0,0.0
2024-01-24 00:00:00-05:00,12.631256103515625,12.66487218942866,12.580832375381428,12.631256103515625,100700,0.0,0.0
2024-01-25 00:00:00-05:00,12.673277943019695,12.673277943019695,12.59764154020596,12.65647029876709,72900,0.0,0.0
2024-01-26 00:00:00-05:00,12.62285223996074,12.681680187875463,12.614448018409869,12.639659881591797,95900,0.0,0.0
2024-01-29 00:00:00-05:00,12.6228541849212,12.690086364746094,12.597641516383762,12.690086364746094,51800,0.0,0.0
2024-01-30 00:00:00-05:00,12.664872235568184,12.690084901197842,12.656468815162341,12.681680679321289,35100,0.0,0.0
2024-01-31 00:00:00-05:00,12.706892543480238,12.706892543480238,12.648064593285788,12.681680679321289,61800,0.0,0.0
2024-02-01 00:00:00-05:00,12.698489166853863,12.757317922434845,12.698489166853863,12.732105255126953,45800,0.0,0.0
2024-02-02 00:00:00-05:00,12.67327538401776,12.959012491852933,12.67327538401776,12.9169921875,294800,0.0,0.0
2024-02-05 00:00:00-05:00,12.925397936472915,12.925397936472915,12.748913278506267,12.824549674987793,70500,0.0,0.0
2024-02-06 00:00:00-05:00,12.807741694550314,12.908589959688022,12.807741694550314,12.900186538696289,22900,0.0,0.0
2024-02-07 00:00:00-05:00,12.874975178654111,12.916995493762656,12.841359086861443,12.908591270446777,119100,0.0,0.0
2024-02-08 00:00:00-05:00,12.86657091740871,12.908590428305102,12.858166694641113,12.858166694641113,48800,0.0,0.0
2024-02-09 00:00:00-05:00,12.85816762226967,12.908591359571387,12.832955753618814,12.891783714294434,57200,0.0,0.0
2024-02-12 00:00:00-05:00,12.900187517320996,12.900187517320996,12.866571426391602,12.866571426391602,24600,0.0,0.0
2024-02-13 00:00:00-05:00,12.849763387872382,12.849763387872382,12.740510888517917,12.807743072509766,111100,0.0,0.0
2024-02-14 00:00:00-05:00,12.849760480519963,12.908588427834863,12.832952839060281,12.874972343444824,57600,0.0,0.0
2024-02-15 00:00:00-05:00,12.847890739428273,12.99177363547633,12.847890739428273,12.983309745788574,104000,0.108,0.0
2024-02-16 00:00:00-05:00,12.949455230946079,12.96638220347011,12.932527451261087,12.957919120788574,51700,0.0,0.0
2024-02-20 00:00:00-05:00,12.991772710726751,12.991772710726751,12.915599323280839,12.974844932556152,102300,0.0,0.0
2024-02-21 00:00:00-05:00,12.974845384449827,13.084873524908156,12.932526744710328,13.034090995788574,106400,0.0,0.0
2024-02-22 00:00:00-05:00,13.04255149942555,13.07640624099654,12.991769790649414,12.991769790649414,65000,0.0,0.0
2024-02-23 00:00:00-05:00,13.017162643055235,13.051017389822626,12.957917038002506,12.96638011932373,97500,0.0,0.0
2024-02-26 00:00:00-05:00,12.966379921936054,12.974843810289265,12.839424825281183,12.873279571533203,79400,0.0,0.0
2024-02-27 00:00:00-05:00,12.92406595568447,12.92406595568447,12.842813894676109,12.864819526672363,109000,0.0,0.0
2024-02-28 00:00:00-05:00,12.839426040649414,12.879205351081989,12.814035180347128,12.839426040649414,106900,0.0,0.0
2024-02-29 00:00:00-05:00,12.864819526672363,12.907138173920709,12.83519671574684,12.864819526672363,354600,0.0,0.0
2024-03-01 00:00:00-05:00,12.856354414328434,12.898673057556152,12.856354414328434,12.898673057556152,163300,0.0,0.0
2024-03-04 00:00:00-05:00,12.881744679260487,12.940990289019453,12.826730206917823,12.839426040649414,194500,0.0,0.0
2024-03-05 00:00:00-05:00,12.83096215149502,12.890207761253984,12.822498262340625,12.839426040649414,211200,0.0,0.0
2024-03-06 00:00:00-05:00,12.847889223075146,12.940989577169585,12.847889223075146,12.914752006530762,124800,0.0,0.0
2024-03-07 00:00:00-05:00,12.94945314952045,12.983307896287842,12.890206737306888,12.96638011932373,91400,0.0,0.0
2024-03-08 00:00:00-05:00,12.991774922310269,12.991774922310269,12.924065412423497,12.932528495788574,63600,0.0,0.0
2024-03-11 00:00:00-04:00,12.924062001996031,13.008698463439941,12.915598113703396,13.008698463439941,80500,0.0,0.0
2024-03-12 00:00:00-04:00,12.974842016283564,13.004464814263095,12.949451161895498,12.991769790649414,85200,0.0,0.0
2024-03-13 00:00:00-04:00,13.025627224352869,13.05101808398871,12.98330858685255,13.000235557556152,85400,0.0,0.0
2024-03-14 00:00:00-04:00,12.990008354187012,12.990008354187012,12.921819397961082,12.990008354187012,94400,0.108,0.0
2024-03-15 00:00:00-04:00,12.95591280621859,13.015578747646627,12.921818330921031,12.981483459472656,46900,0.0,0.0
2024-03-18 00:00:00-04:00,12.972959914702756,13.015578210284264,12.955912271319603,13.011316299438477,25700,0.0,0.0
2024-03-19 00:00:00-04:00,12.990007354727643,13.10081460328832,12.990007354727643,13.075243949890137,70700,0.0,0.0
2024-03-20 00:00:00-04:00,13.066722515037506,13.134911478474791,13.041151856967664,13.13064956665039,55400,0.0,0.0
2024-03-21 00:00:00-04:00,13.151959395669069,13.169006230439933,13.075246607008728,13.160482406616211,80300,0.0,0.0
2024-03-22 00:00:00-04:00,13.211620667610623,13.211620667610623,13.0155776543364,13.04967212677002,63900,0.0,0.0
2024-03-25 00:00:00-04:00,13.058197547928508,13.066721370830908,12.990008590462288,13.00705623626709,69200,0.0,0.0
2024-03-26 00:00:00-04:00,13.058197880114891,13.058197880114891,13.015580390271731,13.04115104675293,45200,0.0,0.0
2024-03-27 00:00:00-04:00,13.041151821884931,13.117864608764648,13.041151821884931,13.117864608764648,43900,0.0,0.0
2024-03-28 00:00:00-04:00,13.092292068191416,13.160481025873937,13.083769058138472,13.109339714050293,121400,0.0,0.0
2024-04-01 00:00:00-04:00,13.169005142035438,13.169005142035438,13.015580390271731,13.04115104675293,84700,0.0,0.0
2024-04-02 00:00:00-04:00,13.015577573632527,13.083766518076954,12.955911637586398,13.053933143615723,85400,0.0,0.0
2024-04-03 00:00:00-04:00,12.9900086856898,13.058197643655902,12.9900086856898,13.024103164672852,28900,0.0,0.0
2024-04-04 00:00:00-04:00,13.032627223633693,13.092292359715328,13.015580390271731,13.04115104675293,47600,0.0,0.0
2024-04-05 00:00:00-04:00,13.024103400514456,13.066721703234128,13.024103400514456,13.04115104675293,33500,0.0,0.0
2024-04-08 00:00:00-04:00,13.03262565230889,13.08376777198167,13.03262565230889,13.075243949890137,33900,0.0,0.0
2024-04-09 00:00:00-04:00,13.075245058331388,13.1008157138973,13.055640916160074,13.096553802490234,28800,0.0,0.0
2024-04-10 00:00:00-04:00,13.032627005991309,13.049674651945091,12.91329592294433,12.926081657409668,106800,0.0,0.0
2024-04-11 00:00:00-04:00,12.997337302733136,12.997337302733136,12.945828341413483,12.971582412719727,50900,0.108,0.0
2024-04-12 00:00:00-04:00,12.945829490156463,12.962999418355636,12.902905488365768,12.920075416564941,58500,0.0,0.0
2024-04-15 00:00:00-04:00,12.91148675002111,12.928656673296707,12.817054628126334,12.825638771057129,97300,0.0,0.0
2024-04-16 00:00:00-04:00,12.851393670548491,12.851393670548491,12.821347123489117,12.834223747253418,27900,0.0,0.0
2024-04-17 00:00:00-04:00,12.82563784773586,12.928655742559153,12.82563784773586,12.84280776977539,23600,0.0,0.0
2024-04-18 00:00:00-04:00,12.877146631775172,12.91148565671163,12.80846858190226,12.902900695800781,35900,0.0,0.0
2024-04-19 00:00:00-04:00,12.937239720737239,12.937239720737239,12.894316553596868,12.902900695800781,19400,0.0,0.0
2024-04-22 00:00:00-04:00,12.90290158796696,12.988749565597494,12.90290158796696,12.945825576782227,51600,0.0,0.0
2024-04-23 00:00:00-04:00,12.945828341413483,13.01879889237048,12.945828341413483,12.971582412719727,25500,0.0,0.0
2024-04-24 00:00:00-04:00,12.997332628173899,13.014501729967382,12.902899702835692,12.954408645629883,36200,0.0,0.0
2024-04-25 00:00:00-04:00,12.937241820239574,12.937241820239574,12.834224728712218,12.851394653320312,108000,0.0,0.0
2024-04-26 00:00:00-04:00,12.834221658248017,12.96299360588006,12.834221658248017,12.954408645629883,59500,0.0,0.0
2024-04-29 00:00:00-04:00,12.920071510975863,12.967287161836365,12.90290158796696,12.945825576782227,95200,0.0,0.0
2024-04-30 00:00:00-04:00,12.868563679928855,12.914921329895169,12.850535750425681,12.885733604431152,146600,0.0,0.0
2024-05-01 00:00:00-04:00,12.825638571840878,12.997334527101945,12.799884506034514,12.945825576782227,68700,0.0,0.0
2024-05-02 00:00:00-04:00,12.928656396582717,13.005918593548241,12.920071435128664,12.980164527893066,48500,0.0,0.0
2024-05-03 00:00:00-04:00,13.023091329111248,13.053137881982737,12.997337257893852,13.031676292419434,50400,0.0,0.0
2024-05-06 00:00:00-04:00,13.048846244812012,13.057431208675792,12.920075061684173,13.048846244812012,156900,0.0,0.0
2024-05-07 00:00:00-04:00,13.031675264820674,13.130399878958503,13.031675264820674,13.070306777954102,49900,0.0,0.0
2024-05-08 00:00:00-04:00,13.066016172539571,13.083185281559917,13.044553762880122,13.048846244812012,73300,0.0,0.0
2024-05-09 00:00:00-04:00,13.055760383605957,13.098990717508906,13.047113986999062,13.055760383605957,28200,0.108,0.0
2024-05-10 00:00:00-04:00,13.038469701229344,13.101586922459544,13.003884933768493,13.029823303222656,39000,0.0,0.0
2024-05-13 00:00:00-04:00,13.064406341412042,13.073052738274248,13.038467975391212,13.047114372253418,80000,0.0,0.0
2024-05-14 00:00:00-04:00,13.055762188612395,13.124931721898971,13.055762188612395,13.11628532409668,60500,0.0,0.0
2024-05-15 00:00:00-04:00,13.116284262279603,13.2113921567078,13.116284262279603,13.198423385620117,26500,0.0,0.0
2024-05-16 00:00:00-04:00,13.159515849102789,13.22868537902832,13.135306596085437,13.22868537902832,114000,0.0,0.0
2024-05-17 00:00:00-04:00,13.202746594892508,13.22868496165475,13.176807403564453,13.176807403564453,38700,0.0,0.0
2024-05-20 00:00:00-04:00,13.176806835274046,13.223496223258783,13.142222072894027,13.168160438537598,23300,0.0,0.0
2024-05-21 00:00:00-04:00,13.142222072894027,13.220037994390514,13.142222072894027,13.168160438537598,74700,0.0,0.0
2024-05-22 00:00:00-04:00,13.159518063176725,13.220041205903055,13.116286893558213,13.14222526550293,401900,0.0,0.0
2024-05-23 00:00:00-04:00,13.098990771673213,13.168160295682867,13.064406009668387,13.073052406311035,110000,0.0,0.0
2024-05-24 00:00:00-04:00,13.073052406311035,13.103313969994538,13.064406009668387,13.073052406311035,63600,0.0,0.0
2024-05-28 00:00:00-04:00,13.07305283467358,13.083428346071578,12.977944942185365,12.986591339111328,68000,0.0,0.0
2024-05-29 00:00:00-04:00,12.969298179717065,13.023768994596935,12.943359814236047,12.952005386352539,131100,0.0,0.0
2024-05-30 00:00:00-04:00,12.969298179717065,12.969298179717065,12.943359814236047,12.952005386352539,196000,0.0,0.0
2024-05-31 00:00:00-04:00,13.003883929504319,13.054896519411916,12.986591959392266,13.012530326843262,55600,0.0,0.0
2024-06-03 00:00:00-04:00,13.02117567558668,13.098990771673213,13.02117567558668,13.073052406311035,72000,0.0,0.0
2024-06-04 00:00:00-04:00,13.098989726533425,13.159513673637123,13.081697759193585,13.133574485778809,41500,0.0,0.0
2024-06-05 00:00:00-04:00,13.168161421919102,13.22868537902832,13.137899855647412,13.22868537902832,62000,0.0,0.0
2024-06-06 00:00:00-04:00,13.185452644919145,13.228683802110718,13.1595142804305,13.20274543762207,54300,0.0,0.0
2024-06-07 00:00:00-04:00,13.116285453259096,13.228686152098115,13.116285453259096,13.211393356323242,50200,0.0,0.0
2024-06-10 00:00:00-04:00,13.194099041270608,13.211391009407793,13.176806248567685,13.20274543762207,34100,0.0,0.0
2024-06-11 00:00:00-04:00,13.150868469630476,13.220037994390514,13.150868469630476,13.168160438537598,46100,0.0,0.0
2024-06-12 00:00:00-04:00,13.202747011447705,13.271916541373237,13.176807819301253,13.22868537902832,95400,0.0,0.0
2024-06-13 00:00:00-04:00,13.261775565818118,13.322729795480095,13.261775565818118,13.305314064025879,67400,0.108,0.0
2024-06-14 00:00:00-04:00,13.305312127850565,13.305312127850565,13.200820245614159,13.221718788146973,36000,0.0,0.0
2024-06-17 00:00:00-04:00,13.139867112330181,13.196466571571891,13.139867112330181,13.165989875793457,88600,0.0,0.0
2024-06-18 00:00:00-04:00,13.165989875793457,13.218236233147687,13.165989875793457,13.165989875793457,78800,0.0,0.0
2024-06-20 00:00:00-04:00,13.139864544927228,13.209525787503278,13.127673868997794,13.192110061645508,60200,0.0,0.0
2024-06-21 00:00:00-04:00,13.157281329946944,13.209527684596125,13.14857429619511,13.183404922485352,31500,0.0,0.0
2024-06-24 00:00:00-04:00,13.165989875793457,13.235651131980644,13.165989875793457,13.165989875793457,48200,0.0,0.0
2024-06-25 00:00:00-04:00,13.218235548775596,13.218235548775596,13.147703177606108,13.183404922485352,35500,0.0,0.0
2024-06-26 00:00:00-04:00,13.148573779127442,13.235649926214963,13.148573779127442,13.22694206237793,68200,0.0,0.0
2024-06-27 00:00:00-04:00,13.209529353366955,13.322729110717773,13.199080081117053,13.322729110717773,95000,0.0,0.0
2024-06-28 00:00:00-04:00,13.340141432973008,13.366265023763457,13.305310809013324,13.348849296569824,95400,0.0,0.0
2024-07-01 00:00:00-04:00,13.348849664813581,13.373231019215192,13.148573779127442,13.22694206237793,303000,0.0,0.0
2024-07-02 00:00:00-04:00,13.235652799064574,13.305314064025879,13.226944933337466,13.305314064025879,88300,0.0,0.0
2024-07-03 00:00:00-04:00,13.2878961968941,13.374972343444824,13.244357708404937,13.374972343444824,61300,0.0,0.0
2024-07-05 00:00:00-04:00,13.383679239141147,13.392387102294629,13.348848616954754,13.366264343261719,98100,0.0,0.0
2024-07-08 00:00:00-04:00,13.366266534170574,13.401097162066169,13.340142940428121,13.392389297485352,65100,0.0,0.0
2024-07-09 00:00:00-04:00,13.366266419642,13.462050437927246,13.360171080573192,13.462050437927246,89200,0.0,0.0
2024-07-10 00:00:00-04:00,13.488173755440187,13.505589485168457,13.435928227110779,13.505589485168457,105700,0.0,0.0
2024-07-11 00:00:00-04:00,13.503834532202653,13.604675493056472,13.477528594534592,13.58275318145752,101100,0.108,0.0
2024-07-12 00:00:00-04:00,13.538909069345436,13.594152624247464,13.538909069345436,13.547677993774414,114600,0.0,0.0
2024-07-15 00:00:00-04:00,13.51260430324508,13.573985107065557,13.50383537805623,13.565217018127441,89800,0.0,0.0
2024-07-16 00:00:00-04:00,13.591521752189262,13.69674633637226,13.573983903366766,13.684470176696777,89900,0.0,0.0
2024-07-17 00:00:00-04:00,13.670440777775273,13.68797779083252,13.644134840064062,13.68797779083252,80700,0.0,0.0
2024-07-18 00:00:00-04:00,13.687977153685118,13.687977153685118,13.617827432220095,13.666055679321289,71600,0.0,0.0
2024-07-19 00:00:00-04:00,13.670441505341687,13.670441505341687,13.600291776877837,13.613444328308105,84800,0.0,0.0
2024-07-22 00:00:00-04:00,13.670439720153809,13.687976731854294,13.638872095592193,13.670439720153809,71900,0.0,0.0
2024-07-23 00:00:00-04:00,13.687977797575082,13.687977797575082,13.661671859850912,13.67920970916748,51200,0.0,0.0
2024-07-24 00:00:00-04:00,13.661673443932324,13.661673443932324,13.63536750315796,13.644136428833008,40900,0.0,0.0
2024-07-25 00:00:00-04:00,13.661672060049643,13.670440984836427,13.644135046726769,13.65728759765625,65000,0.0,0.0
2024-07-26 00:00:00-04:00,13.652901649475098,13.661670573307596,13.652901649475098,13.652901649475098,43000,0.0,0.0
2024-07-29 00:00:00-04:00,13.661672060049643,13.661672060049643,13.635366121939985,13.65728759765625,66400,0.0,0.0
2024-07-30 00:00:00-04:00,13.661673453895146,13.749361038208008,13.661673453895146,13.749361038208008,51100,0.0,0.0
2024-07-31 00:00:00-04:00,13.766895405533894,13.784433253523725,13.750234784443801,13.775664329528809,57000,0.0,0.0
2024-08-01 00:00:00-04:00,13.749360728529915,13.845816400100958,13.749360728529915,13.819510459899902,79900,0.0,0.0
2024-08-02 00:00:00-04:00,13.854585305506118,13.860723386085828,13.709901380233855,13.723053932189941,101100,0.0,0.0
2024-08-05 00:00:00-04:00,13.600290487533476,13.600290487533476,13.477528056234586,13.521371841430664,127800,0.0,0.0
2024-08-06 00:00:00-04:00,13.512603998694502,13.679210228524687,13.50383507370329,13.635366439819336,106300,0.0,0.0
2024-08-07 00:00:00-04:00,13.635366560240437,13.819509805428599,13.635366560240437,13.75812816619873,104800,0.0,0.0
2024-08-08 00:00:00-04:00,13.721046212876946,13.879977519936894,13.721046212876946,13.87556266784668,69700,0.108,0.0
2024-08-09 00:00:00-04:00,13.818168241493742,13.91529328798289,13.800509677980045,13.879975318908691,54100,0.0,0.0
2024-08-12 00:00:00-04:00,13.871146202087402,13.915293875806782,13.86231649893416,13.871146202087402,44500,0.0,0.0
2024-08-13 00:00:00-04:00,13.871145616128441,14.012417492425234,13.871145616128441,13.879975318908691,43600,0.0,0.0
2024-08-14 00:00:00-04:00,13.862317267407313,13.959442323383552,13.862317267407313,13.915294647216797,39600,0.0,0.0
2024-08-15 00:00:00-04:00,13.915292154628352,13.941780418764917,13.915292154628352,13.924121856689453,46700,0.0,0.0
2024-08-16 00:00:00-04:00,13.853484540481984,13.924121312161674,13.853484540481984,13.922354698181152,32500,0.0,0.0
2024-08-19 00:00:00-04:00,13.94178258429196,14.012418527658921,13.902049760892188,13.932952880859375,54700,0.0,0.0
2024-08-20 00:00:00-04:00,13.906465810055183,14.038908004760742,13.906465810055183,14.038908004760742,72700,0.0,0.0
2024-08-21 00:00:00-04:00,14.003588823967867,14.065395905947966,13.96827085228504,14.030077934265137,85500,0.0,0.0
2024-08-22 00:00:00-04:00,14.012416701033843,14.118370602272385,13.985928436235895,14.083052635192871,38300,0.0,0.0
2024-08-23 00:00:00-04:00,14.074223020059147,14.215495731298725,14.038905052760944,14.193422317504883,34800,0.0,0.0
2024-08-26 00:00:00-04:00,14.153692206724129,14.184595328766164,14.116607618226766,14.166935920715332,26100,0.0,0.0
2024-08-27 00:00:00-04:00,14.171348134785324,14.250813776849764,14.06009690953256,14.206666946411133,41900,0.0,0.0
2024-08-28 00:00:00-04:00,14.171347400522007,14.250813038469076,14.136030274819722,14.189006805419922,95900,0.0,0.0
2024-08-29 00:00:00-04:00,14.215496289269543,14.312619650593332,14.197836883903914,14.294961929321289,67100,0.0,0.0
2024-08-30 00:00:00-04:00,14.312621820097036,14.312621820097036,14.241985872021125,14.264060974121094,44600,0.0,0.0
2024-09-03 00:00:00-04:00,14.23315664267361,14.330280010466566,14.18017842304796,14.197837829589844,54800,0.0,0.0
2024-09-04 00:00:00-04:00,14.268472453914715,14.286131858825684,14.22432562573084,14.286131858825684,30200,0.0,0.0
2024-09-05 00:00:00-04:00,14.259642304675546,14.303790815569704,14.224325180053711,14.224325180053711,93200,0.0,0.0
2024-09-06 00:00:00-04:00,14.233154882232544,14.250812602496714,14.18988883632822,14.224325180053711,47400,0.0,0.0
2024-09-09 00:00:00-04:00,14.2773021563702,14.294961561281168,14.233155328186324,14.286131858825684,79700,0.0,0.0
2024-09-10 00:00:00-04:00,14.250815209681475,14.286134024858375,14.237571496037038,14.255230903625488,74500,0.0,0.0
2024-09-11 00:00:00-04:00,14.241982864317157,14.25964226863018,14.206665739784597,14.237568855285645,143400,0.0,0.0
2024-09-12 00:00:00-04:00,14.213569738918148,14.284681965996349,14.213569738918148,14.27134895324707,53100,0.108,0.0
2024-09-13 00:00:00-04:00,14.258014836908323,14.373571561172692,14.258014836908323,14.338014602661133,72900,0.0,0.0
2024-09-16 00:00:00-04:00,14.329124952349508,14.400237163471266,14.329124952349508,14.382458686828613,49800,0.0,0.0
2024-09-17 00:00:00-04:00,14.41801589206628,14.551352789446764,14.364682150383535,14.489128112792969,88500,0.0,0.0
2024-09-18 00:00:00-04:00,14.542463261569816,14.55757479891262,14.446461850264804,14.551352500915527,105300,0.0,0.0
2024-09-19 00:00:00-04:00,14.56912899017334,14.613575186005033,14.554907563866408,14.56912899017334,88000,0.0,0.0
2024-09-20 00:00:00-04:00,14.560238677365234,14.61801787996141,14.551351134303257,14.595795631408691,33100,0.0,0.0
2024-09-23 00:00:00-04:00,14.595799795621602,14.610022920386651,14.586910554574619,14.60024356842041,54100,0.0,0.0
2024-09-24 00:00:00-04:00,14.6046852882507,14.666908264160156,14.551351551106729,14.666908264160156,66400,0.0,0.0
2024-09-25 00:00:00-04:00,14.613575354772198,14.711353595833105,14.586907636965206,14.69357681274414,81100,0.0,0.0
2024-09-26 00:00:00-04:00,14.68468715825472,14.772687742266157,14.68468715825472,14.738020896911621,103100,0.0,0.0
2024-09-27 00:00:00-04:00,14.74690971760058,14.755798956366064,14.560239094423277,14.666908264160156,66100,0.0,0.0
2024-09-30 00:00:00-04:00,14.613578652922627,14.889138350656706,14.613578652922627,14.862470626831055,83800,0.0,0.0
2024-10-01 00:00:00-04:00,14.809133113603815,14.835800830656758,14.711353179858678,14.738020896911621,117600,0.0,0.0
2024-10-02 00:00:00-04:00,14.693577797555077,14.83580224449331,14.684688557690295,14.80024528503418,98600,0.0,0.0
2024-10-03 00:00:00-04:00,14.755801104397818,14.88913631439209,14.675799639311418,14.88913631439209,83800,0.0,0.0
2024-10-04 00:00:00-04:00,14.83580220285691,14.88913594644678,14.782466763817897,14.809134483337402,119500,0.0,0.0
2024-10-07 00:00:00-04:00,14.755800781159412,14.852690613421997,14.747799956646363,14.80024528503418,76600,0.0,0.0
2024-10-08 00:00:00-04:00,14.862470626831055,14.871359868106271,14.764692363702492,14.862470626831055,77100,0.0,0.0
2024-10-09 00:00:00-04:00,14.818026115904381,14.898027591931923,14.809136874629164,14.862470626831055,82300,0.0,0.0
2024-10-10 00:00:00-04:00,14.914359976820757,14.954620764688821,14.824891369728196,14.887518882751465,143000,0.108,0.0
2024-10-11 00:00:00-04:00,14.851731912616183,14.896465361266433,14.771210339868391,14.842784881591797,34000,0.0,0.0
2024-10-14 00:00:00-04:00,14.905412945464326,14.905412945464326,14.842785432441056,14.887518882751465,77100,0.0,0.0
2024-10-15 00:00:00-04:00,14.878573826426699,14.932256021691236,14.815946305090042,14.833840370178223,70800,0.0,0.0
2024-10-16 00:00:00-04:00,14.887518330242047,14.910780952199786,14.735422215770846,14.842784881591797,105200,0.0,0.0
2024-10-17 00:00:00-04:00,14.896465633424137,14.923306726987681,14.815944059205219,14.824891090393066,48600,0.0,0.0
2024-10-18 00:00:00-04:00,14.878573826426699,14.900942261022909,14.833840370178223,14.833840370178223,54600,0.0,0.0
2024-10-21 00:00:00-04:00,14.815945625305176,14.860680785973086,14.789106235376323,14.815945625305176,110500,0.0,0.0
2024-10-22 00:00:00-04:00,14.789104672113389,14.838310783938983,14.771210609737693,14.824891090393066,95800,0.0,0.0
2024-10-23 00:00:00-04:00,14.798055862482352,14.80610699828409,14.735426626564676,14.753320693969727,47400,0.0,0.0
2024-10-24 00:00:00-04:00,14.771211214289847,14.824891697142242,14.73542308807373,14.73542308807373,51100,0.0,0.0
2024-10-25 00:00:00-04:00,14.771209788361126,14.860678388792849,14.771209788361126,14.798050880432129,157400,0.0,0.0
2024-10-28 00:00:00-04:00,14.860679215144458,14.860679215144458,14.798051703301235,14.824891090393066,37700,0.0,0.0
2024-10-29 00:00:00-04:00,14.815944462160694,14.85173258788543,14.76673664252506,14.780158042907715,62600,0.0,0.0
2024-10-30 00:00:00-04:00,14.762263518291107,14.878571510314941,14.745265353633782,14.878571510314941,48700,0.0,0.0
2024-10-31 00:00:00-04:00,14.860679495153917,14.914359976820757,14.798051982130648,14.887518882751465,39900,0.0,0.0
2024-11-01 00:00:00-04:00,14.905414581298828,14.976989133533667,14.87857348428379,14.905414581298828,63700,0.0,0.0
2024-11-04 00:00:00-05:00,14.923310013121684,14.941204079437679,14.668325540771074,14.860682487487793,24900,0.0,0.0
2024-11-05 00:00:00-05:00,14.824892108487372,14.90541368823608,14.753317560540944,14.771211624145508,48000,0.0,0.0
2024-11-06 00:00:00-05:00,14.681743012594517,14.81594507668509,14.681743012594517,14.771211624145508,86000,0.0,0.0
2024-11-07 00:00:00-05:00,14.762264869510238,14.941202095971834,14.762264869510238,14.914361000061035,95400,0.0,0.0
2024-11-08 00:00:00-05:00,14.950149581306963,15.164874966670835,14.92331018799056,15.138033866882324,165600,0.0,0.0
2024-11-11 00:00:00-05:00,15.102240273806132,15.138028393918734,15.030665740052415,15.039612770080566,61100,0.0,0.0
2024-11-12 00:00:00-05:00,15.07540616386346,15.129086656339355,14.854419734924404,14.860682487487793,66200,0.0,0.0
2024-11-13 00:00:00-05:00,14.82489020838737,14.932252869782298,14.82489020838737,14.851731300354004,65900,0.0,0.0
2024-11-14 00:00:00-05:00,14.912967067380361,14.921972688684141,14.840923814596751,14.894957542419434,52000,0.108,0.0
2024-11-15 00:00:00-05:00,14.894958949602259,14.894958949602259,14.759876334930421,14.840925216674805,83600,0.0,0.0
2024-11-18 00:00:00-05:00,14.867940977625095,14.914769178758874,14.7958977233921,14.858935356140137,104600,0.0,0.0
2024-11-19 00:00:00-05:00,14.822913671124757,14.91296817319357,14.795898522856847,14.876947402954102,116600,0.0,0.0
2024-11-20 00:00:00-05:00,14.967004360480908,14.967004360480908,14.885955467086928,14.90396499633789,37200,0.0,0.0
2024-11-21 00:00:00-05:00,14.885954362327533,14.939986381364525,14.885954362327533,14.921975135803223,64600,0.0,0.0
2024-11-22 00:00:00-05:00,14.885951285700711,14.985009680520667,14.885951285700711,14.948988914489746,64300,0.0,0.0
2024-11-25 00:00:00-05:00,14.96700340371448,15.011129753440883,14.96700340371448,14.9940185546875,62000,0.0,0.0
2024-11-26 00:00:00-05:00,15.05705492745583,15.093077415911477,14.86794201600405,14.939985275268555,85900,0.0,0.0
2024-11-27 00:00:00-05:00,14.903964385385263,14.948992500784456,14.849932364553204,14.885954856872559,91900,0.0,0.0
2024-11-29 00:00:00-05:00,14.94899083077125,15.048049238289307,14.94899083077125,15.039045333862305,51000,0.0,0.0
2024-12-02 00:00:00-05:00,14.994017063263907,15.030039551174097,14.912968183112742,14.967001914978027,86900,0.0,0.0
2024-12-03 00:00:00-05:00,14.967001650027823,15.032741143418095,14.921973540937188,14.976005554199219,143000,0.0,0.0
2024-12-04 00:00:00-05:00,14.939985275268555,15.01202853453306,14.921974031040731,14.939985275268555,158900,0.0,0.0
2024-12-05 00:00:00-05:00,14.96700324970648,14.96700324970648,14.894959985108184,14.921975135803223,116700,0.0,0.0
2024-12-06 00:00:00-05:00,14.976007308940865,14.9940185546875,14.921975289347891,14.9940185546875,109200,0.0,0.0
2024-12-09 00:00:00-05:00,14.994018477026536,14.994018477026536,14.885954438400303,14.912969589233398,73600,0.0,0.0
2024-12-10 00:00:00-05:00,14.96700324970648,14.96700324970648,14.921975135803223,14.921975135803223,71700,0.0,0.0
2024-12-11 00:00:00-05:00,14.985013658259708,14.994019281569601,14.899462813286243,14.930981636047363,128700,0.0,0.0
2024-12-12 00:00:00-05:00,14.929166799637496,14.98808628084384,14.892909854293496,14.938231468200684,108100,0.108,0.0
2024-12-13 00:00:00-05:00,14.938231629491407,15.047005924515362,14.910131675314751,14.911039352416992,73600,0.0,0.0
2024-12-16 00:00:00-05:00,14.929169821347115,15.01981479641706,14.892912868664595,14.9019775390625,73700,0.0,0.0
2024-12-17 00:00:00-05:00,14.856650629405065,14.965424919223038,14.729748732041333,14.738813400268555,209100,0.0,0.0
2024-12-18 00:00:00-05:00,14.738813505683842,14.77507044994336,14.63003921508789,14.63003921508789,170100,0.0,0.0
2024-12-19 00:00:00-05:00,14.702556754243131,14.702556754243131,14.602848847815407,14.639105796813965,84300,0.0,0.0
2024-12-20 00:00:00-05:00,14.620975366141634,14.784135946724577,14.620975366141634,14.702555656433105,58200,0.0,0.0
2024-12-23 00:00:00-05:00,14.68442804774184,14.738814331633222,14.639104703741692,14.702555656433105,67800,0.0,0.0
2024-12-24 00:00:00-05:00,14.702556482349719,14.802266115842441,14.702556482349719,14.793201446533203,25900,0.0,0.0
2024-12-26 00:00:00-05:00,14.800500570152092,14.838824758820953,14.7275018669124,14.809625625610352,408700,0.108,0.0
2024-12-27 00:00:00-05:00,14.800499725080636,14.855250054704076,14.691002546686295,14.700127601623535,71100,0.0,0.0
2024-12-30 00:00:00-05:00,14.65450382232666,14.681878989931825,14.636255451016334,14.65450382232666,112000,0.0,0.0
2024-12-31 00:00:00-05:00,14.709253311157227,14.78225201347749,14.663628034440594,14.709253311157227,144600,0.0,0.0
2025-01-02 00:00:00-05:00,14.718379006155935,14.846128061194221,14.718379006155935,14.80050277709961,60300,0.0,0.0
2025-01-03 00:00:00-05:00,14.773127796265376,14.855251558588135,14.745752628682308,14.818751335144043,36600,0.0,0.0
2025-01-06 00:00:00-05:00,14.8826256943902,14.891750750685718,14.825139406112314,14.855252265930176,36100,0.0,0.0
2025-01-07 00:00:00-05:00,14.827876444608464,14.891750095440083,14.827876444608464,14.846126556396484,33200,0.0,0.0
2025-01-08 00:00:00-05:00,14.773127849670853,14.859813270024272,14.773127849670853,14.846126556396484,52300,0.0,0.0
2025-01-10 00:00:00-05:00,14.727501923973264,14.85890063456963,14.727501923973264,14.754877090454102,78100,0.0,0.0
2025-01-13 00:00:00-05:00,14.773126958134165,14.78225201347749,14.654502979097268,14.709253311157227,42400,0.0,0.0
2025-01-14 00:00:00-05:00,14.67275386898161,14.791376113891602,14.67275386898161,14.791376113891602,69900,0.0,0.0
2025-01-15 00:00:00-05:00,14.86437702178955,14.896313847965096,14.809626685123046,14.86437702178955,50700,0.0,0.0
2025-01-16 00:00:00-05:00,14.919123539408048,14.982997182859883,14.88262332004914,14.946496963500977,82100,0.0,0.0
2025-01-17 00:00:00-05:00,14.937374956080307,15.010373660759122,14.919124844804001,14.96474838256836,51900,0.0,0.0
2025-01-21 00:00:00-05:00,14.946495366211261,15.031356800768194,14.928246998908211,15.01949405670166,39500,0.0,0.0
2025-01-22 00:00:00-05:00,14.973876281460122,15.100711620189164,14.964751224089294,15.046875,84000,0.0,0.0
2025-01-23 00:00:00-05:00,15.110744532937172,15.138119697570799,15.010372410133053,15.1381196975708,68700,0.0,0.0
2025-01-24 00:00:00-05:00,15.183745091204457,15.183745091204457,15.055997788120512,15.110746383666992,35200,0.0,0.0
2025-01-27 00:00:00-05:00,15.138123833281535,15.174622322338108,15.028624885258347,15.046875,68100,0.0,0.0
2025-01-28 00:00:00-05:00,15.092496160666501,15.110744529992438,15.01037240720788,15.05599594116211,65800,0.0,0.0
2025-01-29 00:00:00-05:00,15.119871740161313,15.147246908691855,14.982999378361615,15.101621627807617,62400,0.0,0.0
2025-01-30 00:00:00-05:00,15.147244752448676,15.147244752448676,15.078807711077735,15.1381196975708,58100,0.0,0.0
2025-01-31 00:00:00-05:00,15.14724349975586,15.183741975822642,15.080632171039824,15.14724349975586,44700,0.0,0.0
2025-02-03 00:00:00-05:00,15.138119697570799,15.192868286411796,15.083371108729803,15.1381196975708,43700,0.0,0.0
2025-02-04 00:00:00-05:00,15.16549576057246,15.192869186401367,15.12899553889877,15.192869186401367,77700,0.0,0.0
2025-02-05 00:00:00-05:00,15.174620380655861,15.229370717875195,15.165497064879153,15.21112060546875,61700,0.0,0.0
2025-02-06 00:00:00-05:00,15.183744430541992,15.229369708534243,15.156371004173037,15.183744430541992,37300,0.0,0.0
2025-02-07 00:00:00-05:00,15.229370779808628,15.229370779808628,15.128996901591506,15.1563720703125,55100,0.0,0.0
2025-02-10 00:00:00-05:00,15.16549712655283,15.19104658785515,15.092498417056701,15.1563720703125,45200,0.0,0.0
2025-02-11 00:00:00-05:00,15.174620442366642,15.192870554847305,15.119871845351176,15.1563720703125,54600,0.0,0.0
2025-02-12 00:00:00-05:00,15.14724701407217,15.174620442366642,15.07424830457604,15.1563720703125,83300,0.0,0.0
2025-02-13 00:00:00-05:00,15.117794616117914,15.256482458005983,15.117794616117914,15.228010177612305,48500,0.108,0.0
2025-02-14 00:00:00-05:00,15.264749432587298,15.273932456970215,15.1912729748054,15.273932456970215,37100,0.0,0.0
2025-02-18 00:00:00-05:00,15.29230049338782,15.29230049338782,15.237193593468582,15.254643440246582,29600,0.0,0.0
2025-02-19 00:00:00-05:00,15.2923019200138,15.2923019200138,15.163718557601054,15.237195014953613,61600,0.0,0.0
2025-02-20 00:00:00-05:00,15.255564444560282,15.27393224488801,15.209640564198674,15.218825340270996,43100,0.0,0.0
2025-02-21 00:00:00-05:00,15.209640686515055,15.28403684775408,15.20045591036887,15.237195014953613,56600,0.0,0.0
2025-02-24 00:00:00-05:00,15.273930798177371,15.411700674396043,15.246378224387035,15.310669898986816,141500,0.0,0.0
2025-02-25 00:00:00-05:00,15.3565911620164,15.425476096262813,15.32444532651918,15.347406387329102,112500,0.0,0.0
2025-02-26 00:00:00-05:00,15.393329746283303,15.45762141512896,15.338222851817967,15.411699295043945,59600,0.0,0.0
2025-02-27 00:00:00-05:00,15.457625058260568,15.586208426257063,15.356594268082178,15.384148597717285,277700,0.0,0.0
2025-02-28 00:00:00-05:00,15.439254486457815,15.549470045908999,15.292301575067492,15.37496280670166,52400,0.0,0.0
2025-03-03 00:00:00-05:00,15.347408417555746,15.540285207870353,15.347408417555746,15.365777969360352,90800,0.0,0.0
2025-03-04 00:00:00-05:00,15.411703701405724,15.411703701405724,15.246381218925759,15.356595039367676,42800,0.0,0.0
2025-03-05 00:00:00-05:00,15.292302412208047,15.398844417479394,15.200456399606983,15.250971794128418,93600,0.0,0.0
2025-03-06 00:00:00-05:00,15.255561996678185,15.255561996678185,15.081054782939042,15.117792129516602,79000,0.0,0.0
2025-03-07 00:00:00-05:00,15.081056318379922,15.190352169142056,15.081056318379922,15.122386932373047,93000,0.0,0.0
2025-03-10 00:00:00-04:00,15.136161042068954,15.154530590493405,14.961655587486346,14.980023384094238,92000,0.0,0.0
2025-03-11 00:00:00-04:00,15.035133174527848,15.13616219492415,14.980024525057111,15.00757884979248,77900,0.0,0.0
2025-03-12 00:00:00-04:00,15.035134345102207,15.126978597737338,15.035134345102207,15.062686920166016,44500,0.0,0.0
2025-03-13 00:00:00-04:00,15.005365470783824,15.116311650715126,14.931401938639523,15.051593780517578,58500,0.108,0.0
2025-03-14 00:00:00-04:00,14.960063491630695,15.10706652396136,14.95728961660543,15.033102989196777,41700,0.0,0.0
2025-03-17 00:00:00-04:00,15.060837522076275,15.273482429448347,15.042346200540578,15.236499786376953,107400,0.0,0.0
2025-03-18 00:00:00-04:00,15.171785773382588,15.236503651746412,15.153294447155801,15.190277099609375,45800,0.0,0.0
2025-03-19 00:00:00-04:00,15.254991639416069,15.254991639416069,15.134801572105426,15.218008995056152,79200,0.0,0.0
2025-03-20 00:00:00-04:00,15.264238778568558,15.338202311020865,15.208766570086757,15.282730102539062,103400,0.0,0.0
2025-03-21 00:00:00-04:00,15.208766316393378,15.347447716999431,15.208766316393378,15.319710731506348,30100,0.0,0.0
2025-03-24 00:00:00-04:00,15.310466860608228,15.38443040047861,15.275334046912555,15.356695175170898,25100,0.0,0.0
2025-03-25 00:00:00-04:00,15.310465280087723,15.430657122113205,15.30121961812963,15.328956604003906,44900,0.0,0.0
2025-03-26 00:00:00-04:00,15.356693800671469,15.463016269504392,15.282730267421185,15.338202476501465,32500,0.0,0.0
2025-03-27 00:00:00-04:00,15.347447761474381,15.347447761474381,15.236501582610222,15.273484230041504,29400,0.0,0.0
2025-03-28 00:00:00-04:00,15.31046330909026,15.338200291393804,15.208764567502888,15.236499786376953,50900,0.0,0.0
2025-03-31 00:00:00-04:00,15.25499110791265,15.328954630625956,15.236499786376953,15.236499786376953,69000,0.0,0.0
2025-04-01 00:00:00-04:00,15.273484395685065,15.421411460155113,15.235577710685801,15.328956604003906,107900,0.0,0.0
2025-04-02 00:00:00-04:00,15.338203804546932,15.338203804546932,15.153294073696104,15.264240264892578,103600,0.0,0.0
2025-04-03 00:00:00-04:00,15.162537133238134,15.234652585991393,14.903665670609971,15.005364418029785,78900,0.0,0.0
2025-04-04 00:00:00-04:00,14.959138316266868,14.977629639408544,14.29346567231842,14.385920524597168,192000,0.0,0.0
2025-04-07 00:00:00-04:00,13.98836612701416,14.34893899884467,13.923648258370799,13.98836612701416,227800,0.0,0.0
2025-04-08 00:00:00-04:00,14.26573080787651,14.718757683601721,14.053084981859335,14.1732759475708,158600,0.0,0.0
2025-04-09 00:00:00-04:00,14.228747288212661,14.894419907995506,14.04383759036786,14.797341346740723,220300,0.0,0.0
2025-04-10 00:00:00-04:00,14.707053311008579,14.800135393154367,13.971700689843399,14.465038299560547,84000,0.108,0.0
2025-04-11 00:00:00-04:00,14.483654982785025,14.613970072938372,14.176481542997202,14.567428588867188,104000,0.0,0.0
2025-04-14 00:00:00-04:00,14.57673671620652,14.758247523287592,14.409187732620943,14.502270698547363,35500,0.0,0.0
2025-04-15 00:00:00-04:00,14.539504053506466,14.660511557009555,14.502271043790515,14.567428588867188,55800,0.0,0.0
2025-04-16 00:00:00-04:00,14.5674285819334,14.613970065982432,14.45572955283871,14.483654975891113,69800,0.0,0.0
2025-04-17 00:00:00-04:00,14.60466227975026,14.738701298520315,14.446422646855835,14.558121681213379,149900,0.0,0.0
2025-04-21 00:00:00-04:00,14.558121267610906,14.60466186482555,14.39801923414316,14.437113761901855,86600,0.0,0.0
2025-04-22 00:00:00-04:00,14.465037160521774,14.629793418298748,14.465037160521774,14.62327766418457,68400,0.0,0.0
2025-04-23 00:00:00-04:00,14.818752901636458,14.846677438563889,14.707053866221713,14.781519889831543,48900,0.0,0.0
2025-04-24 00:00:00-04:00,14.80013656616211,14.99561099588237,14.734979014725397,14.80013656616211,51700,0.0,0.0
2025-04-25 00:00:00-04:00,14.809444734361586,14.967685259745496,14.63258814654106,14.804790496826172,46200,0.0,0.0
2025-04-28 00:00:00-04:00,14.809444426758974,14.949067999101148,14.716362341099199,14.781519889831543,70300,0.0,0.0
2025-04-29 00:00:00-04:00,14.80944517075926,14.921145099490634,14.772212157083825,14.911836624145508,115100,0.0,0.0
2025-04-30 00:00:00-04:00,14.874600757384767,14.967683723126843,14.772210205232446,14.93975830078125,127400,0.0,0.0
2025-05-01 00:00:00-04:00,15.01422472918652,15.102654347995996,14.909042342085076,14.9769926071167,101200,0.0,0.0
2025-05-02 00:00:00-04:00,15.014224801692617,15.116616244846496,14.986301153857893,15.06076717376709,32800,0.0,0.0
2025-05-05 00:00:00-04:00,15.097999223106049,15.116616171845934,14.958375658376815,14.9769926071167,56600,0.0,0.0
2025-05-06 00:00:00-04:00,14.986300057043888,15.079383018970336,14.88390862138381,14.949066162109375,61200,0.0,0.0
2025-05-07 00:00:00-04:00,14.986300671357238,15.014224318292928,14.893217705615163,14.93975830078125,69100,0.0,0.0
2025-05-08 00:00:00-04:00,14.995609551326408,15.0700755708535,14.855985098934381,14.921143531799316,183600,0.0,0.0
2025-05-09 00:00:00-04:00,14.96768569946289,15.107309278806976,14.837369707758027,14.96768569946289,74100,0.0,0.0
2025-05-12 00:00:00-04:00,15.023532340187158,15.181772844562543,14.976991746421984,15.172464370727539,49600,0.0,0.0
2025-05-13 00:00:00-04:00,15.228314680080636,15.34932128487548,15.200389259554234,15.265546798706055,71700,0.0,0.0
2025-05-14 00:00:00-04:00,15.265546798706055,15.321395864349077,15.200389259554234,15.265546798706055,39300,0.0,0.0
2025-05-15 00:00:00-04:00,15.263673333189018,15.337694710258827,15.010683857713424,15.273041725158691,66800,0.108,0.0
2025-05-16 00:00:00-04:00,15.310525137148609,15.319895317946822,15.235565477942147,15.254305839538574,35600,0.0,0.0
2025-05-19 00:00:00-04:00,15.226195042679718,15.291784519991818,15.151235384726002,15.207454681396484,37100,0.0,0.0
2025-05-20 00:00:00-04:00,15.226193462897422,15.303964345692487,15.15123381272109,15.19808292388916,36700,0.0,0.0
2025-05-21 00:00:00-04:00,15.057532792508367,15.198081903757622,15.02005386352539,15.02005386352539,70600,0.0,0.0
2025-05-22 00:00:00-04:00,15.123122732319027,15.123122732319027,14.907613969174461,15.057533264160156,31300,0.0,0.0
2025-05-23 00:00:00-04:00,15.06690469171592,15.175595564072434,15.029425758454028,15.076274871826172,35300,0.0,0.0
2025-05-27 00:00:00-04:00,15.179344351729352,15.21026433617731,15.102509950747521,15.19808292388916,58700,0.0,0.0
2025-05-28 00:00:00-04:00,15.20745381901147,15.254304719562729,15.020055578343776,15.076274871826172,188600,0.0,0.0
2025-05-29 00:00:00-04:00,15.076274972566237,15.21682410080094,15.076274972566237,15.15123462677002,44000,0.0,0.0
2025-05-30 00:00:00-04:00,15.207454314044487,15.319894691848553,15.134369408856223,15.244935035705566,70300,0.0,0.0
2025-06-02 00:00:00-04:00,15.244935403962952,15.26929644388778,15.155919581457201,15.207454681396484,52900,0.0,0.0
2025-06-03 00:00:00-04:00,15.254306462190895,15.319895943276384,15.244936281010208,15.263676643371582,44000,0.0,0.0
2025-06-04 00:00:00-04:00,15.319894396883319,15.319894396883319,15.207454021244148,15.226194381713867,86500,0.0,0.0
2025-06-05 00:00:00-04:00,15.273041725158691,15.319892620901728,15.22619261659459,15.273041725158691,61700,0.0,0.0
2025-06-06 00:00:00-04:00,15.319893247118191,15.319893247118191,15.244933598044215,15.2824125289917,31100,0.0,0.0
2025-06-09 00:00:00-04:00,15.394853297478983,15.394853297478983,15.298342054248682,15.376112937927246,86900,0.0,0.0
2025-06-10 00:00:00-04:00,15.41359237139455,15.465125675094894,15.33863272661898,15.385481834411621,58500,0.0,0.0
2025-06-11 00:00:00-04:00,15.432334182602492,15.432334182602492,15.31989558541934,15.348004341125488,70700,0.0,0.0
2025-06-12 00:00:00-04:00,15.412141689472524,15.440438802633125,15.34988947975186,15.43100643157959,34700,0.108,0.0
2025-06-13 00:00:00-04:00,15.355550853497746,15.46873571978792,15.298956621311646,15.402710914611816,48900,0.0,0.0
2025-06-16 00:00:00-04:00,15.487600350959491,15.51118038134465,15.40271080234012,15.421575546264648,28200,0.0,0.0
2025-06-17 00:00:00-04:00,15.459303855895996,15.534761035583355,15.426291452222845,15.459303855895996,31600,0.0,0.0
2025-06-18 00:00:00-04:00,15.534760808974463,15.591355042195232,15.431008312818474,15.49703311920166,57300,0.0,0.0
2025-06-20 00:00:00-04:00,15.54419262287033,15.58192211032903,15.46873544699391,15.572489738464355,31400,0.0,0.0
2025-06-23 00:00:00-04:00,15.581925088837535,15.65738227913771,15.478170777534297,15.553627967834473,40500,0.0,0.0
2025-06-24 00:00:00-04:00,15.591352884533997,15.600785255432129,15.541361138869819,15.600785255432129,39100,0.0,0.0
2025-06-25 00:00:00-04:00,15.638514606881781,15.685674667358398,15.597012530314483,15.685674667358398,43700,0.0,0.0
2025-06-26 00:00:00-04:00,15.666810968547438,15.775280541655802,15.619649111299735,15.73283576965332,43400,0.0,0.0
2025-06-27 00:00:00-04:00,15.751702308654785,15.86960426665657,15.652663296662046,15.751702308654785,63500,0.0,0.0
2025-06-30 00:00:00-04:00,15.827159433294408,15.88375186920166,15.746985166638128,15.88375186920166,91900,0.0,0.0
2025-07-01 00:00:00-04:00,15.86488762720349,16.00636962097775,15.761133325549826,15.94034481048584,89800,0.0,0.0
2025-07-02 00:00:00-04:00,15.978076135027177,15.978076135027177,15.864889447595642,15.893186569213867,65800,0.0,0.0
2025-07-03 00:00:00-04:00,15.930909375408945,15.930909375408945,15.817724521762727,15.912046432495117,29000,0.0,0.0
2025-07-07 00:00:00-04:00,15.827157149776271,15.846020092996437,15.685673381859555,15.742267608642578,72000,0.0,0.0
2025-07-08 00:00:00-04:00,15.798862372239057,15.803577658981041,15.647948009920063,15.751702308654785,33400,0.0,0.0
2025-07-09 00:00:00-04:00,15.808293454447858,15.813953237309159,15.742268651202563,15.7894287109375,35300,0.0,0.0
2025-07-10 00:00:00-04:00,15.797024185647574,15.872971347666141,15.740064266814441,15.816011428833008,170800,0.108,0.0
2025-07-11 00:00:00-04:00,15.853985934471963,15.853985934471963,15.664117123833199,15.768545150756836,74500,0.0,0.0
2025-07-14 00:00:00-04:00,15.816013566705811,15.85113979027461,15.740066394421357,15.778040885925293,33500,0.0,0.0
2025-07-15 00:00:00-04:00,15.834996567513407,15.891007659960225,15.740062174926388,15.759049415588379,32700,0.0,0.0
2025-07-16 00:00:00-04:00,15.816010076185352,15.816010076185352,15.715380955210456,15.749556541442871,21600,0.0,0.0
2025-07-17 00:00:00-04:00,15.8065173945382,15.83499825857273,15.750506296109817,15.79702377319336,38500,0.0,0.0
2025-07-18 00:00:00-04:00,15.844490797820502,15.863476228490455,15.797022694338114,15.834997177124023,36500,0.0,0.0
2025-07-21 00:00:00-04:00,15.882464346857251,16.00682843090815,15.683103733392239,15.787529945373535,34400,0.0,0.0
2025-07-22 00:00:00-04:00,15.778037595373714,15.806516647338867,15.72107586999733,15.806516647338867,44400,0.0,0.0
2025-07-23 00:00:00-04:00,15.76854397447765,15.872970182888277,15.730569490893394,15.806516647338867,77900,0.0,0.0
2025-07-24 00:00:00-04:00,15.844492312867708,15.844492312867708,15.74006428594407,15.768545150756836,35700,0.0,0.0
2025-07-25 00:00:00-04:00,15.80651557027288,15.844490051269531,15.773288804762268,15.844490051269531,45400,0.0,0.0
2025-07-28 00:00:00-04:00,15.844490051269531,15.89195634179243,15.797021950023717,15.844490051269531,42100,0.0,0.0
2025-07-29 00:00:00-04:00,15.891958590851576,15.891958590851576,15.797024185647574,15.816011428833008,39100,0.0,0.0
2025-07-30 00:00:00-04:00,15.853985501262416,15.874870381787195,15.768544719881955,15.79702377319336,39300,0.0,0.0
2025-07-31 00:00:00-04:00,15.83499643102037,15.853983671518694,15.730568419002495,15.844490051269531,53600,0.0,0.0
2025-08-01 00:00:00-04:00,15.787528465858431,15.844490187844402,15.740062174926388,15.759049415588379,58200,0.0,0.0
2025-08-04 00:00:00-04:00,15.768544370024575,15.90145144445731,15.768544370024575,15.872970581054688,70200,0.0,0.0
2025-08-05 00:00:00-04:00,15.920438686725724,15.920438686725724,15.834997907240943,15.872970581054688,48200,0.0,0.0
2025-08-06 00:00:00-04:00,15.939425928994138,15.958411360539468,15.825504286106735,15.872970581054688,89800,0.0,0.0
2025-08-07 00:00:00-04:00,15.872970660570662,15.939426008843023,15.872970660570662,15.920438766479492,64900,0.0,0.0
2025-08-08 00:00:00-04:00,15.948917071375114,15.958410692111674,15.902399597272069,15.929931640625,22300,0.0,0.0
2025-08-11 00:00:00-04:00,15.96790409088135,15.97739771148594,15.929931419185964,15.967904090881348,32600,0.0,0.0
2025-08-12 00:00:00-04:00,16.053345904132406,16.053345904132406,15.967905123886673,16.01537322998047,21100,0.0,0.0
2025-08-13 00:00:00-04:00,16.14828028821038,16.14828028821038,15.973601641564105,16.06283950805664,30000,0.0,0.0
2025-08-14 00:00:00-04:00,16.08959197998047,16.09914658811332,16.051373547449057,16.08959197998047,30200,0.108,0.0
2025-08-15 00:00:00-04:00,16.127811365382858,16.127811365382858,15.97494125366211,15.97494125366211,45000,0.0,0.0
2025-08-18 00:00:00-04:00,16.022711545405667,16.127808590156715,16.007423807922066,16.08959197998047,60200,0.0,0.0
2025-08-19 00:00:00-04:00,16.118255293177427,16.12780807865214,16.013156429404496,16.07048225402832,75700,0.0,0.0
2025-08-20 00:00:00-04:00,16.118256504871077,16.14691850816011,15.98449380755304,16.08003807067871,68800,0.0,0.0
2025-08-21 00:00:00-04:00,16.080037633528907,16.080037633528907,15.98449337300069,16.008378982543945,44500,0.0,0.0
2025-08-22 00:00:00-04:00,16.051372850691692,16.12780789008146,16.017932634855864,16.099145889282227,18100,0.0,0.0
2025-08-25 00:00:00-04:00,16.08003691048376,16.166026558857077,16.07526051773196,16.14691734313965,55600,0.0,0.0
2025-08-26 00:00:00-04:00,16.213797587028367,16.275901626209418,16.127807939656172,16.175580978393555,60500,0.0,0.0
2025-08-27 00:00:00-04:00,16.20424297928089,16.23290680252332,16.146917155151126,16.175580978393555,72400,0.0,0.0
2025-08-28 00:00:00-04:00,16.242461459728315,16.28067989083459,16.16125002716012,16.252016067504883,74600,0.0,0.0
2025-08-29 00:00:00-04:00,16.299790914910385,16.31890013472022,16.16603002095255,16.280683517456055,66400,0.0,0.0
2025-09-02 00:00:00-04:00,16.242461969228184,16.280680401533314,16.242461969228184,16.27112579345703,59700,0.0,0.0
2025-09-03 00:00:00-04:00,16.24246234784623,16.26157156444424,16.185136520407404,16.21379852294922,65400,0.0,0.0
2025-09-04 00:00:00-04:00,16.213798333640785,16.31889720134752,16.137363290496392,16.242462158203125,50800,0.0,0.0
2025-09-05 00:00:00-04:00,16.318897756241935,16.3380069732666,16.29596706028338,16.3380069732666,116200,0.0,0.0
2025-09-08 00:00:00-04:00,16.35711619029127,16.38577819347303,16.290233930704932,16.3380069732666,45400,0.0,0.0
2025-09-09 00:00:00-04:00,16.376222184905995,16.376222184905995,16.290232538001757,16.357114791870117,46200,0.0,0.0
2025-09-10 00:00:00-04:00,16.414437733764423,16.414437733764423,16.372397831756377,16.395328521728516,92700,0.0,0.0
2025-09-11 00:00:00-04:00,16.431868311439576,16.460713678777804,16.364564288214137,16.393407821655273,58500,0.108,0.0
2025-09-12 00:00:00-04:00,16.383793231645832,16.412636762795756,16.287643848719874,16.36456298828125,50000,0.0,0.0
2025-09-15 00:00:00-04:00,16.37417810996354,16.406867323006992,16.287643848719874,16.36456298828125,70500,0.0,0.0
2025-09-16 00:00:00-04:00,16.364566444468533,16.431870476562192,16.287647288661873,16.38379669189453,57100,0.0,0.0
2025-09-17 00:00:00-04:00,16.364565835042555,16.431869864629775,16.32610534162285,16.412639617919922,60900,0.0,0.0
2025-09-18 00:00:00-04:00,16.441486864672587,16.441486864672587,16.287648541228663,16.316492080688477,43200,0.0,0.0
2025-09-19 00:00:00-04:00,16.354950081062576,16.364565204046755,16.210726904094262,16.24918556213379,41600,0.0,0.0
2025-09-22 00:00:00-04:00,16.249184563367212,16.287645052939933,16.05688761719485,16.104961395263672,176900,0.0,0.0
2025-09-23 00:00:00-04:00,16.1530355830166,16.181880950927734,16.095346681091453,16.181880950927734,48900,0.0,0.0
2025-09-24 00:00:00-04:00,16.229958708696067,16.229958708696067,15.986703198547934,16.076120376586914,96800,0.0,0.0
2025-09-25 00:00:00-04:00,16.05688893777418,16.05688893777418,15.97035466301573,16.03765869140625,63400,0.0,0.0
2025-09-26 00:00:00-04:00,16.085730795455813,16.133806406360655,16.06169390695191,16.124191284179688,68500,0.0,0.0
2025-09-29 00:00:00-04:00,16.124191640050032,16.125152602120224,16.05688761719485,16.104961395263672,58000,0.0,0.0
2025-09-30 00:00:00-04:00,16.13381112655103,16.205921813159808,16.008816335526358,16.076120376586914,145800,0.0,0.0
2025-10-01 00:00:00-04:00,16.09534764313929,16.15592126886586,16.066502273504017,16.133808135986328,79500,0.0,0.0
2025-10-02 00:00:00-04:00,16.181879827075754,16.181879827075754,16.05303939336403,16.143421173095703,64100,0.0,0.0
2025-10-03 00:00:00-04:00,16.114578647320563,16.191497802734375,16.09534839999278,16.191497802734375,90600,0.0,0.0
2025-10-06 00:00:00-04:00,16.21072685528509,16.21072685528509,16.11457745962998,16.15303611755371,56400,0.0,0.0
2025-10-07 00:00:00-04:00,16.201112538903285,16.345335722617513,16.191497415469364,16.306875228881836,146800,0.0,0.0
2025-10-08 00:00:00-04:00,16.3453369140625,16.3453369140625,16.249187506612063,16.3453369140625,123600,0.0,0.0
2025-10-09 00:00:00-04:00,16.345335185373745,16.35495030849163,16.249185788092102,16.33572006225586,98100,0.0,0.0
2025-10-10 00:00:00-04:00,16.36456401749279,16.36456401749279,16.076115850573636,16.11457633972168,78000,0.0,0.0
2025-10-13 00:00:00-04:00,16.191496836123587,16.316489768497622,16.110732002845236,16.23957061767578,39400,0.0,0.0
2025-10-14 00:00:00-04:00,16.172266006469727,16.239570031773443,16.116499028119296,16.172266006469727,44700,0.0,0.0
2025-10-15 00:00:00-04:00,16.258801069944717,16.28764643957999,16.085732519927536,16.133808135986328,40900,0.0,0.0
2025-10-16 00:00:00-04:00,16.199610810381206,16.393155288618797,16.015743740633187,16.064130783081055,44300,0.108,0.0
2025-10-17 00:00:00-04:00,16.102839582770144,16.102839582770144,15.899619529054553,16.00606918334961,85100,0.0,0.0
2025-10-20 00:00:00-04:00,16.00607055368791,16.218968034727897,15.97703832390996,16.073810577392578,194400,0.0,0.0
2025-10-21 00:00:00-04:00,16.054454800359895,16.068969991494857,15.986714780693948,16.015745162963867,133000,0.0,0.0
2025-10-22 00:00:00-04:00,16.054454325566713,16.0931621160409,15.996391716966912,16.044776916503906,49600,0.0,0.0
2025-10-23 00:00:00-04:00,16.054454800359895,16.054454800359895,15.996392190042954,16.015745162963867,48400,0.0,0.0
2025-10-24 00:00:00-04:00,16.054454325566713,16.0931621160409,16.01574468931548,16.044776916503906,47400,0.0,0.0
2025-10-27 00:00:00-04:00,16.054455171737644,16.13187260254345,15.977037740931838,16.038970947265625,130200,0.0,0.0
2025-10-28 00:00:00-04:00,16.083484689388918,16.083484689388918,15.95768023192464,15.986712455749512,142200,0.0,0.0
2025-10-29 00:00:00-04:00,16.025422632439877,16.04477745121051,15.914135193174397,15.996392250061035,65100,0.0,0.0
2025-10-30 00:00:00-04:00,15.967360018941626,15.996392247092189,15.918974817801132,15.957682609558105,89900,0.0,0.0
2025-10-31 00:00:00-04:00,16.035100038849162,16.044777448232683,15.909297408417611,15.957682609558105,68500,0.0,0.0
2025-11-03 00:00:00-05:00,15.967359598435834,15.977037007564498,15.870587352926266,15.909296989440918,44800,0.0,0.0
2025-11-04 00:00:00-05:00,15.90929698744435,15.999295231130265,15.80768511449467,15.889942169189453,78900,0.0,0.0
2025-11-05 00:00:00-05:00,15.918973863802185,15.977036470846599,15.87058681978434,15.938326835632324,46800,0.0,0.0
2025-11-06 00:00:00-05:00,15.957682187304531,15.986714414686876,15.889942169189453,15.889942169189453,45200,0.0,0.0
2025-11-07 00:00:00-05:00,15.870587348937988,15.918974394569142,15.807685112506016,15.870587348937988,104400,0.0,0.0
2025-11-10 00:00:00-05:00,15.918973389152777,15.967358585950942,15.88994116360771,15.948003768920898,95900,0.0,0.0
2025-11-11 00:00:00-05:00,15.948005200174585,15.957682609558105,15.909297408417611,15.957682609558105,79400,0.0,0.0
2025-11-12 00:00:00-05:00,16.006070135212873,16.044777928127587,15.889943064914405,15.967360496520996,99000,0.0,0.0
2025-11-13 00:00:00-05:00,16.004374587429663,16.004374587429663,15.780333275164564,15.868001937866211,125200,0.108,0.0
2025-11-14 00:00:00-05:00,15.858261945691444,15.897224766484577,15.815401170674669,15.887483596801758,50900,0.0,0.0
2025-11-17 00:00:00-05:00,15.887482851685132,15.936188697814941,15.838778863493378,15.936188697814941,82800,0.0,0.0
2025-11-18 00:00:00-05:00,15.916706359363017,15.945929867040903,15.852416128822112,15.936188697814941,101300,0.0,0.0
2025-11-19 00:00:00-05:00,15.955669310173237,15.955669310173237,15.83877899437192,15.877741813659668,48100,0.0,0.0
2025-11-20 00:00:00-05:00,15.916705308282333,15.975150461840547,15.789098415168395,15.858260154724121,48100,0.0,0.0
2025-11-21 00:00:00-05:00,15.877742087320833,15.906965595743879,15.770592938979199,15.897224426269531,41600,0.0,0.0
2025-11-24 00:00:00-05:00,15.916706331261622,15.99463382699368,15.760851339797508,15.8290376663208,110000,0.0,0.0
2025-11-25 00:00:00-05:00,15.82903931846255,15.916707992553711,15.799815807786082,15.916707992553711,148400,0.0,0.0
2025-11-26 00:00:00-05:00,15.916707992553711,15.965411985742913,15.85826282913902,15.916707992553711,66800,0.0,0.0
2025-11-28 00:00:00-05:00,15.906965620804819,16.053079447274047,15.895277332180047,16.004375457763672,68300,0.0,0.0
2025-12-01 00:00:00-05:00,15.975151949294585,16.004375457763672,15.897224451315122,16.004375457763672,68200,0.0,0.0
2025-12-02 00:00:00-05:00,16.06282145616322,16.06282145616322,15.926448792057224,16.033597946166992,80100,0.0,0.0
2025-12-03 00:00:00-05:00,16.023857614991574,16.062820434570312,15.943981140844933,16.062820434570312,75800,0.0,0.0
2025-12-04 00:00:00-05:00,16.072561169611266,16.16997100283288,15.975151336389652,15.994633674621582,75500,0.0,0.0
2025-12-05 00:00:00-05:00,15.994633768590575,16.072561264038086,15.98489259941738,16.072561264038086,44300,0.0,0.0
2025-12-08 00:00:00-05:00,16.08230494272179,16.12126776755635,15.936191098200108,15.975153923034668,75900,0.0,0.0
2025-12-09 00:00:00-05:00,15.975151092802108,16.08230209350586,15.975151092802108,16.08230209350586,102800,0.0,0.0
2025-12-10 00:00:00-05:00,16.092043422525478,16.150488578973363,16.053078746268202,16.131006240844727,68400,0.0,0.0
2025-12-11 00:00:00-05:00,16.13885085755492,16.168266205934426,16.086885425205676,16.099632263183594,41100,0.108,0.0
2025-12-12 00:00:00-05:00,16.08002137488336,16.11924183778921,16.001582319206253,16.02119255065918,51100,0.0,0.0
2025-12-15 00:00:00-05:00,16.050607990863753,16.099631699645595,16.03099775929717,16.089826583862305,62200,0.0,0.0
2025-12-16 00:00:00-05:00,16.0898280614576,16.090808012085535,15.97217040152234,15.981973648071289,102900,0.0,0.0
2025-12-17 00:00:00-05:00,16.001583228247032,16.01138834453052,15.893728819263389,15.903533935546875,105700,0.0,0.0
2025-12-18 00:00:00-05:00,15.923143604034003,15.95255895184242,15.864314778551813,15.893728256225586,139500,0.0,0.0
2025-12-19 00:00:00-05:00,15.893729590608366,16.06041283524759,15.893729590608366,16.050609588623047,103300,0.0,0.0
2025-12-22 00:00:00-05:00,15.854509970425095,16.168266205934426,15.854509970425095,16.099632263183594,150100,0.0,0.0
2025-12-23 00:00:00-05:00,16.10943837174325,16.21729278564453,16.104534878310574,16.21729278564453,135100,0.0,0.0
2025-12-24 00:00:00-05:00,16.227094650268555,16.24866665329252,16.20748628861218,16.227094650268555,27300,0.0,0.0
2025-12-26 00:00:00-05:00,16.254729432497697,16.368226107801696,16.234992271623923,16.284337997436523,33100,0.108,0.0
2025-12-29 00:00:00-05:00,16.333684235314337,16.383031845092773,16.294208029910422,16.383031845092773,74500,0.0,0.0
2025-12-30 00:00:00-05:00,16.383032745764876,16.45211752083385,16.274469880702807,16.3731632232666,127400,0.0,0.0
2025-12-31 00:00:00-05:00,16.41263873109529,16.4442219547108,16.22512345887954,16.23499298095703,73000,0.0,0.0
2026-01-02 00:00:00-05:00,16.353422658245034,16.353422658245034,16.185644556206977,16.264598846435547,34600,0.0,0.0
2026-01-05 00:00:00-05:00,16.284337290246384,16.36329157756901,16.21525252414142,16.333683013916016,104200,0.0,0.0
2026-01-06 00:00:00-05:00,16.343553757270023,16.412638528541,16.34158098233019,16.383031845092773,63900,0.0,0.0
2026-01-07 00:00:00-05:00,16.43237576894391,16.43237576894391,16.373160526127695,16.402769088745117,72500,0.0,0.0
2026-01-08 00:00:00-05:00,16.442247283884935,16.458038895679785,16.30407773975075,16.422508239746094,95400,0.0,0.0
2026-01-09 00:00:00-05:00,16.471856965397244,16.49652983103196,16.42744505428716,16.452117919921875,46000,0.0,0.0
2026-01-12 00:00:00-05:00,16.452116912880637,16.511332163263162,16.402771184631675,16.44224739074707,49200,0.0,0.0
2026-01-13 00:00:00-05:00,16.432377761815516,16.432377761815516,16.383032033887265,16.422508239746094,52100,0.0,0.0
2026-01-14 00:00:00-05:00,16.373160526127695,16.437311470589464,16.353421484382746,16.402769088745117,52900,0.0,0.0
2026-01-15 00:00:00-05:00,16.36329258674352,16.402770674048913,16.323816381856933,16.34355354309082,59100,0.0,0.0
2026-01-16 00:00:00-05:00,16.323816084021622,16.37217542239523,16.14616845922622,16.284337997436523,85500,0.0,0.0
2026-01-20 00:00:00-05:00,16.20538340885245,16.353422465988274,16.20538340885245,16.225122451782227,63800,0.0,0.0
2026-01-21 00:00:00-05:00,16.264598355787022,16.442245974046962,16.14715425262891,16.353422164916992,209200,0.0,0.0
2026-01-22 00:00:00-05:00,16.3731632232666,16.407705610801088,16.338620835732115,16.3731632232666,63300,0.0,0.0
2026-01-23 00:00:00-05:00,16.41263781851482,16.432376861572266,16.323815889593824,16.432376861572266,96300,0.0,0.0
2026-01-26 00:00:00-05:00,16.47185483935416,16.481724360817974,16.40277007152622,16.41263771057129,62700,0.0,0.0
2026-01-27 00:00:00-05:00,16.461987043332122,16.48172608832867,16.323817493194174,16.3731632232666,89700,0.0,0.0
2026-01-28 00:00:00-05:00,16.392901152222564,16.481724966240897,16.313946860030583,16.34355354309082,95100,0.0,0.0
2026-01-29 00:00:00-05:00,16.373162025902268,16.437312976240236,16.234992485868613,16.323816299438477,84400,0.0,0.0
2026-01-30 00:00:00-05:00,16.30407844819763,16.432378475837304,16.302103790730396,16.3731632232666,53400,0.0,0.0
2026-02-02 00:00:00-05:00,16.30407844819763,16.40277179076142,16.30407844819763,16.3731632232666,63100,0.0,0.0
2026-02-03 00:00:00-05:00,16.43237576894391,16.43829785795112,16.353421484382746,16.402769088745117,119700,0.0,0.0
2026-02-04 00:00:00-05:00,16.43237887444651,16.501463651191308,16.392902665914757,16.452117919921875,143800,0.0,0.0
2026-02-05 00:00:00-05:00,16.45211511334538,16.501460836196895,16.412637029129233,16.461984634399414,56900,0.0,0.0
2026-02-06 00:00:00-05:00,16.521202087402344,16.54094113214978,16.471856357952667,16.521202087402344,86100,0.0,0.0
2026-02-09 00:00:00-05:00,16.550809967302634,16.57054901123047,16.42250806419055,16.57054901123047,29600,0.0,0.0
2026-02-10 00:00:00-05:00,16.58041583375382,16.669239644633322,16.57054819469498,16.600154876708984,83800,0.0,0.0
2026-02-11 00:00:00-05:00,16.63963407902453,16.65937124088518,16.54094074004579,16.629764556884766,80900,0.0,0.0
2026-02-12 00:00:00-05:00,16.63771028832298,16.6675098544638,16.588046239316977,16.627777099609375,71700,0.108,0.0
2026-02-13 00:00:00-05:00,16.677441983464675,16.6913480678677,16.523480410029794,16.657575607299805,68400,0.0,0.0
2026-02-17 00:00:00-05:00,16.637709942873418,16.657576319888147,16.498649092894315,16.54831314086914,120700,0.0,0.0
2026-02-18 00:00:00-05:00,16.538380174129067,16.558246551410186,16.48871612548828,16.48871612548828,83900,0.0,0.0
2026-02-19 00:00:00-05:00,16.439048767089844,16.558245125953235,16.399317910509946,16.439048767089844,94000,0.0,0.0
2026-02-20 00:00:00-05:00,16.339720678359175,16.518512374811486,16.339720678359175,16.439048767089844,80400,0.0,0.0
2026-02-23 00:00:00-05:00,16.48871584227854,16.48871584227854,16.349653098261257,16.478782653808594,74700,0.0,0.0
2026-02-24 00:00:00-05:00,16.4489831503575,16.5582463293765,16.38541301738476,16.54831314086914,60800,0.0,0.0
2026-02-25 00:00:00-05:00,16.60791072218216,16.64764347703659,16.476795662461804,16.627777099609375,84700,0.0,0.0
2026-02-26 00:00:00-05:00,16.65757638210755,16.65757638210755,16.53838001413596,16.617843627929688,60100,0.0,0.0
2026-02-27 00:00:00-05:00,16.647642135620117,16.657575323533337,16.593010549378345,16.647642135620117,60600,0.0,0.0
2026-03-02 00:00:00-05:00,16.60790910070902,16.689360103471103,16.538378681064238,16.63770866394043,64400,0.0,0.0
2026-03-03 00:00:00-05:00,16.607909250710495,16.607909250710495,16.42911755339273,16.508581161499023,48000,0.0,0.0
2026-03-04 00:00:00-05:00,16.468849182128906,16.64764278238934,16.448982805530648,16.468849182128906,45100,0.0,0.0
2026-03-05 00:00:00-05:00,16.48871492423296,16.498648112149855,16.329787706686385,16.379451751708984,48200,0.0,0.0
2026-03-06 00:00:00-05:00,16.29005633056285,16.4042851594099,16.076497508721232,16.091398239135742,70200,0.0,0.0
2026-03-09 00:00:00-04:00,16.041731202138358,16.11126162412756,15.763608566900604,15.9523344039917,263800,0.0,0.0
2026-03-10 00:00:00-04:00,15.87287180319569,16.071531788278204,15.87287180319569,16.021865844726562,74300,0.0,0.0
2026-03-11 00:00:00-04:00,15.952334866881014,16.061598044355627,15.952334866881014,16.00200080871582,34900,0.0,0.0
2026-03-12 00:00:00-04:00,16.06999969482422,16.06999969482422,15.880000114440918,15.970000267028809,61000,0.108,0.0
2026-03-13 00:00:00-04:00,15.979999542236328,16.010000228881836,15.899999618530273,15.930000305175781,92600,0.0,0.0
2026-03-16 00:00:00-04:00,15.949999809265137,16.09000015258789,15.949999809265137,16.06999969482422,42400,0.0,0.0
2026-03-17 00:00:00-04:00,16.149999618530273,16.18899917602539,16.0,16.06999969482422,49600,0.0,0.0
2026-03-18 00:00:00-04:00,16.06999969482422,16.097999572753906,16.02400016784668,16.059999465942383,55900,0.0,0.0
2026-03-19 00:00:00-04:00,16.020000457763672,16.020000457763672,15.850000381469727,15.904999732971191,72000,0.0,0.0
2026-03-20 00:00:00-04:00,15.880000114440918,15.880000114440918,15.710000038146973,15.710000038146973,46296,0.0,0.0
