Date,Open,High,Low,Close,Volume,Dividends,Stock Splits
2022-01-03 00:00:00-05:00,22.950243360128063,23.110142670914257,22.771531943597342,23.100736618041992,1384600,0.0,0.0
2022-01-04 00:00:00-05:00,23.223011394476096,23.759143801176183,23.006675786176302,23.373504638671875,1645600,0.0,0.0
2022-01-05 00:00:00-05:00,23.49577786888344,23.759141922410908,23.034892120726,23.04429817199707,1039300,0.0,0.0
2022-01-06 00:00:00-05:00,22.912617101835433,23.128950899570192,22.630440945031932,22.7150936126709,944800,0.0,0.0
2022-01-07 00:00:00-05:00,22.752720007769856,22.752720007769856,22.34826873323824,22.461137771606445,753000,0.0,0.0
2022-01-10 00:00:00-05:00,22.282429291987683,22.536385538206975,21.812137422218544,22.508169174194336,1199600,0.0,0.0
2022-01-11 00:00:00-05:00,22.461139706069787,22.82796859741211,22.45173544708001,22.82796859741211,784200,0.0,0.0
2022-01-12 00:00:00-05:00,23.04429817199707,23.22300955810574,22.733905656135086,23.04429817199707,544500,0.0,0.0
2022-01-13 00:00:00-05:00,23.15717117413806,23.51459218599595,23.063112446589873,23.13835906982422,729500,0.0,0.0
2022-01-14 00:00:00-05:00,23.044298711172907,23.251226461915515,22.705688033575115,23.2324161529541,745200,0.0,0.0
2022-01-18 00:00:00-05:00,22.85617899765552,23.100730930056052,22.61162885927569,22.771526336669922,846000,0.0,0.0
2022-01-19 00:00:00-05:00,22.85618213929197,23.08192379562942,22.470542983581993,22.489355087280273,676900,0.0,0.0
2022-01-20 00:00:00-05:00,22.51756992266744,22.799744260451916,21.925001301691076,21.96262550354004,832000,0.0,0.0
2022-01-21 00:00:00-05:00,21.70867219068234,22.103717424931318,21.520554729031943,21.567584991455078,1080200,0.0,0.0
2022-01-24 00:00:00-05:00,21.219565220717303,21.59579829671887,20.655214709704545,21.520551681518555,1722700,0.0,0.0
2022-01-25 00:00:00-05:00,21.144318872996926,21.34184236165947,20.60818650865991,20.89976692199707,1726800,0.0,0.0
2022-01-26 00:00:00-05:00,21.27600261112398,21.4359019008202,20.579969142549217,20.833927154541016,1458800,0.0,0.0
2022-01-27 00:00:00-05:00,21.09729077367798,21.20075554542537,20.03443028396623,20.297794342041016,1276200,0.0,0.0
2022-01-28 00:00:00-05:00,20.297796910844887,20.598783418724302,19.611171215492334,20.579971313476562,1484100,0.0,0.0
2022-01-31 00:00:00-05:00,20.467098079859547,21.11610122586909,20.3260109074281,21.1066951751709,865700,0.0,0.0
2022-02-01 00:00:00-05:00,21.21015744503248,21.586392284464374,21.069070277255854,21.55817413330078,1209100,0.0,0.0
2022-02-02 00:00:00-05:00,21.727482605680414,22.244802893950048,21.671048089183223,22.02846908569336,1546000,0.0,0.0
2022-02-03 00:00:00-05:00,21.63342410915019,22.000251161262117,21.62401805729848,21.736888885498047,922300,0.0,0.0
2022-02-04 00:00:00-05:00,21.63342369089824,21.89678775559149,21.482930452222362,21.605205535888672,955100,0.0,0.0
2022-02-07 00:00:00-05:00,21.642829549988623,21.7933227873254,21.426495745569614,21.529958724975586,1073400,0.0,0.0
2022-02-08 00:00:00-05:00,21.576989440110903,22.07549762659426,21.56758338832543,22.04728126525879,1007000,0.0,0.0
2022-02-09 00:00:00-05:00,22.32945384981124,22.82796379028803,22.301235696720585,22.818557739257812,742900,0.0,0.0
2022-02-10 00:00:00-05:00,22.489352187110768,23.185383788000095,22.28242445517742,22.47994613647461,845200,0.0,0.0
2022-02-11 00:00:00-05:00,22.479948453850792,22.489354505456586,21.69926411077884,21.915597915649414,819400,0.0,0.0
2022-02-14 00:00:00-05:00,21.962624304688553,22.09430541593061,21.633419732562828,21.877971649169922,1523200,0.0,0.0
2022-02-15 00:00:00-05:00,22.084903788348996,22.88440025388559,22.047281375040715,22.856182098388672,946100,0.0,0.0
2022-02-16 00:00:00-05:00,22.762127863453138,23.288854270287256,22.545792233734897,23.175983428955078,1168900,0.0,0.0
2022-02-17 00:00:00-05:00,22.827965121270417,23.063111028673646,22.442325976650793,22.592819213867188,1324500,0.0,0.0
2022-02-18 00:00:00-05:00,22.63985077076248,22.818562187130073,22.197777050296473,22.29183578491211,1049600,0.0,0.0
2022-02-22 00:00:00-05:00,22.103715781950672,22.498760986835734,21.915598334283143,22.04728126525879,1605000,0.0,0.0
2022-02-23 00:00:00-05:00,22.404700087483928,23.044297194622906,21.877973796789792,21.990842819213867,2456600,0.0,0.0
2022-02-24 00:00:00-05:00,21.37005864680436,22.41410701203731,21.031449772312705,22.31064224243164,1967000,0.0,0.0
2022-02-25 00:00:00-05:00,22.385890451159373,23.373504373252878,22.376486193272285,23.27944564819336,1797400,0.0,0.0
2022-02-28 00:00:00-05:00,22.854808415052553,23.3643714959039,22.67551930127613,23.194517135620117,1792100,0.08,0.0
2022-03-01 00:00:00-05:00,23.02466207164491,23.109589249191217,21.524284334778162,21.722448348999023,1978400,0.0,0.0
2022-03-02 00:00:00-05:00,21.86399187136174,22.486789940045497,21.71301063045891,22.326372146606445,877000,0.0,0.0
2022-03-03 00:00:00-05:00,22.5905930796498,22.656647155932045,21.45823182960434,21.665830612182617,1558900,0.0,0.0
2022-03-04 00:00:00-05:00,21.37330460097672,21.458231784543717,20.66557927114412,20.75994300842285,2188900,0.0,0.0
2022-03-07 00:00:00-05:00,20.66557945295325,20.693889114337505,18.627330629090597,18.806621551513672,4338100,0.0,0.0
2022-03-08 00:00:00-05:00,18.91985696680506,19.353929450646373,18.202696862786613,18.683948516845703,2611000,0.0,0.0
2022-03-09 00:00:00-05:00,19.30674736931081,20.6467074848621,19.174639208570404,20.410799026489258,2761100,0.0,0.0
2022-03-10 00:00:00-05:00,19.957853353015963,20.50516085329337,19.844618311490173,20.391925811767578,1648800,0.0,0.0
2022-03-11 00:00:00-05:00,20.561778380164494,20.741067480246258,20.193760027713846,20.21263313293457,1249200,0.0,0.0
2022-03-14 00:00:00-04:00,20.35417989080091,20.476853287363298,19.88236301136709,20.033344268798828,1520100,0.0,0.0
2022-03-15 00:00:00-04:00,20.09939641210899,20.36361448713872,19.910670758377805,20.250377655029297,2016300,0.0,0.0
2022-03-16 00:00:00-04:00,20.54290411657089,21.373300901236288,20.420230739391855,20.797685623168945,1720900,0.0,0.0
2022-03-17 00:00:00-04:00,20.72219471754649,21.411048670782165,20.608959684027205,21.373302459716797,1295200,0.0,0.0
2022-03-18 00:00:00-04:00,21.15626954637312,21.420487654298352,20.90148799228507,21.033597946166992,1486700,0.0,0.0
2022-03-21 00:00:00-04:00,21.118518263333286,21.32611879825732,20.882609873529194,20.98641014099121,1287000,0.0,0.0
2022-03-22 00:00:00-04:00,21.165705627112583,21.467668143798434,21.02416092239591,21.156269073486328,1066700,0.0,0.0
2022-03-23 00:00:00-04:00,21.090213803653615,21.090213803653615,20.731631985515858,20.873178482055664,879400,0.0,0.0
2022-03-24 00:00:00-04:00,20.901482976674686,21.099646960025975,20.81655581235816,20.98641014099121,985700,0.0,0.0
2022-03-25 00:00:00-04:00,20.986414386967276,21.212886271018466,20.825996577451203,21.080778121948242,865800,0.0,0.0
2022-03-28 00:00:00-04:00,21.10908883803894,21.10908883803894,20.51459853781597,20.892051696777344,912700,0.0,0.0
2022-03-29 00:00:00-04:00,21.17514044484193,21.854556051687922,21.17514044484193,21.628084182739258,1308400,0.0,0.0
2022-03-30 00:00:00-04:00,21.50541161759611,21.656392856697583,21.03359479544443,21.1845760345459,1325100,0.0,0.0
2022-03-31 00:00:00-04:00,21.109087858215076,21.222322900728123,20.646705735131395,20.665578842163086,1056500,0.0,0.0
2022-04-01 00:00:00-04:00,20.892048999630077,21.10908611287235,20.722194650065866,20.920358657836914,955700,0.0,0.0
2022-04-04 00:00:00-04:00,21.033594724188255,21.033594724188255,20.37305045547831,20.53346824645996,2227100,0.0,0.0
2022-04-05 00:00:00-04:00,20.410797155407366,20.590088071289752,20.156017411598068,20.193761825561523,2853300,0.0,0.0
2022-04-06 00:00:00-04:00,19.938979201953483,20.137143214003654,19.486035459893717,19.92954444885254,1670500,0.0,0.0
2022-04-07 00:00:00-04:00,19.93898046387013,19.96729012447997,19.259564807780997,19.797435760498047,1305300,0.0,0.0
2022-04-08 00:00:00-04:00,19.788000313250453,20.00503745704935,19.306746855009056,19.391674041748047,1166500,0.0,0.0
2022-04-11 00:00:00-04:00,19.20294391645005,19.438852313949834,19.01421647851493,19.023653030395508,1038600,0.0,0.0
2022-04-12 00:00:00-04:00,19.174638799703658,19.31618351174142,18.71225844713301,18.957603454589844,1280200,0.0,0.0
2022-04-13 00:00:00-04:00,18.853801339566154,19.221819715152808,18.853801339566154,19.193510055541992,657000,0.0,0.0
2022-04-14 00:00:00-04:00,19.259565460402484,19.410546722427267,19.18407482939009,19.278438568115234,897700,0.0,0.0
2022-04-18 00:00:00-04:00,19.25012836960843,19.325618998515186,18.91985619320191,19.146329879760742,806900,0.0,0.0
2022-04-19 00:00:00-04:00,19.061404318994782,19.976728497344304,19.061404318994782,19.759693145751953,785600,0.0,0.0
2022-04-20 00:00:00-04:00,19.920106765706198,20.24094234808823,19.920106765706198,20.118268966674805,717000,0.0,0.0
2022-04-21 00:00:00-04:00,20.439109189553363,20.495726716993364,19.703074133478378,19.83518409729004,1158600,0.0,0.0
2022-04-22 00:00:00-04:00,19.618144355814522,19.665325318158867,19.04252725605412,19.07083511352539,745800,0.0,0.0
2022-04-25 00:00:00-04:00,18.90098670905332,19.382240189695317,18.62733202797035,19.363367080688477,993400,0.0,0.0
2022-04-26 00:00:00-04:00,19.278435667452534,19.552088488758756,18.910419121619277,19.07083511352539,974600,0.0,0.0
2022-04-27 00:00:00-04:00,19.174638476307937,19.391673817761276,18.778312209383365,18.882112503051758,1848900,0.0,0.0
2022-04-28 00:00:00-04:00,19.193508324184773,20.156015066067393,19.06140019092814,20.099395751953125,2440100,0.0,0.0
2022-04-29 00:00:00-04:00,19.99560030633796,20.42023442752363,19.38223870917736,19.45772933959961,1728500,0.0,0.0
2022-05-02 00:00:00-04:00,19.2973114185963,19.467163986231103,18.72169423990061,19.43885612487793,1576800,0.0,0.0
2022-05-03 00:00:00-04:00,19.50490955229198,20.06165360500553,19.50490955229198,19.957853317260742,1173200,0.0,0.0
2022-05-04 00:00:00-04:00,20.146579693587896,20.656140951590174,19.731380364958994,20.561779022216797,932800,0.0,0.0
2022-05-05 00:00:00-04:00,20.203198306578454,20.37305266840137,19.769127648443025,19.957853317260742,818000,0.0,0.0
2022-05-06 00:00:00-04:00,19.740818494246565,20.04278101196651,19.32561913246235,19.618146896362305,815000,0.0,0.0
2022-05-09 00:00:00-04:00,19.250127357229058,19.65589014120295,19.05196514170979,19.155763626098633,887900,0.0,0.0
2022-05-10 00:00:00-04:00,19.504908220937203,19.504908220937203,18.306493016399376,19.00478172302246,1205700,0.0,0.0
2022-05-11 00:00:00-04:00,18.967041957173617,19.61814985924153,18.48578844693549,18.52353286743164,1251100,0.0,0.0
2022-05-12 00:00:00-04:00,18.372549434892896,18.91985696680506,18.24987783284303,18.683948516845703,1269100,0.0,0.0
2022-05-13 00:00:00-04:00,18.863238671506366,19.486036809947567,18.806621149785865,19.16520118713379,1063100,0.0,0.0
2022-05-16 00:00:00-04:00,18.995348294900676,19.28787607945405,18.806622607920346,19.05196762084961,1050200,0.0,0.0
2022-05-17 00:00:00-04:00,19.495476286959995,19.759694427673764,19.363368116522526,19.62758445739746,1102400,0.0,0.0
2022-05-18 00:00:00-04:00,19.372801365135523,19.60870980056165,18.712257026006952,18.853801727294922,1131900,0.0,0.0
2022-05-19 00:00:00-04:00,18.693384705815255,19.11802062738606,18.589586213750195,18.806621551513672,1189600,0.0,0.0
2022-05-20 00:00:00-04:00,19.089713844945027,19.089713844945027,18.20269925252986,19.033096313476562,1991400,0.0,0.0
2022-05-23 00:00:00-04:00,19.353927612304688,19.50490886195056,18.948164828941973,19.353927612304688,853300,0.0,0.0
2022-05-24 00:00:00-04:00,19.221820508692854,19.26900147682018,18.768874935413155,19.16520118713379,1173200,0.0,0.0
2022-05-25 00:00:00-04:00,19.16520015032811,19.580399486773498,19.07083641933982,19.353927612304688,805500,0.0,0.0
2022-05-26 00:00:00-04:00,19.43885087304713,19.91066763307333,19.37279681461756,19.7502498626709,791000,0.0,0.0
2022-05-27 00:00:00-04:00,19.891799884502067,20.09939866684618,19.882363330781164,20.089963912963867,732400,0.0,0.0
2022-05-31 00:00:00-04:00,19.995247819408558,20.35518041869847,19.730033089081356,20.165742874145508,1225800,0.08,0.0
2022-06-01 00:00:00-04:00,20.298348184243782,20.39306785445953,19.6542565947296,20.137325286865234,1221000,0.0,0.0
2022-06-02 00:00:00-04:00,20.22257355161949,20.970855179870245,20.118381729895297,20.92349624633789,1187300,0.0,0.0
2022-06-03 00:00:00-04:00,20.86665965604411,20.86665965604411,20.440422140268183,20.573028564453125,806900,0.0,0.0
2022-06-06 00:00:00-04:00,20.809826782855968,20.93296286813658,20.516197497892012,20.573028564453125,599500,0.0,0.0
2022-06-07 00:00:00-04:00,20.26992763734716,20.847715882719708,20.194152277841503,20.828771591186523,723700,0.0,0.0
2022-06-08 00:00:00-04:00,20.69616059461969,20.87612771119946,20.26045101868341,20.307811737060547,496200,0.0,0.0
2022-06-09 00:00:00-04:00,20.19415228174203,20.2604554954939,19.8626344063556,19.872106552124023,1317900,0.0,0.0
2022-06-10 00:00:00-04:00,19.44587393588726,19.720558980503153,19.190131379204367,19.218547821044922,730900,0.0,0.0
2022-06-13 00:00:00-04:00,18.68811737651563,18.887028845111445,18.27135375906898,18.50815200805664,1234600,0.0,0.0
2022-06-14 00:00:00-04:00,18.517620985467868,18.65970136970655,17.968249160509995,18.28082275390625,1157500,0.0,0.0
2022-06-15 00:00:00-04:00,18.574452114836255,18.707058533918083,18.129270325129603,18.413429260253906,1367500,0.0,0.0
2022-06-16 00:00:00-04:00,17.826174736937375,17.920894412960006,16.94528482119376,17.115779876708984,2523800,0.0,0.0
2022-06-17 00:00:00-04:00,16.97369909265466,17.305217012972108,16.680069760545983,17.05894660949707,2497700,0.0,0.0
2022-06-21 00:00:00-04:00,17.399937410809876,17.447296341441152,17.115778407140013,17.305217742919922,1320500,0.0,0.0
2022-06-22 00:00:00-04:00,16.935809749972467,17.390463755086714,16.869506530188186,17.08736228942871,1011400,0.0,0.0
2022-06-23 00:00:00-04:00,17.030526074253128,17.305212852850868,16.632705026832642,16.79372787475586,1093500,0.0,0.0
2022-06-24 00:00:00-04:00,17.039996188036476,17.845110331691266,17.002109420078607,17.693559646606445,2425100,0.0,0.0
2022-06-27 00:00:00-04:00,17.845114943909305,17.845114943909305,17.428349548896232,17.66514778137207,1569000,0.0,0.0
2022-06-28 00:00:00-04:00,17.79775608897782,17.94930681381899,17.219967821378898,17.324159622192383,1207500,0.0,0.0
2022-06-29 00:00:00-04:00,17.31469135473162,17.31469135473162,16.69901436469081,17.049476623535156,1758500,0.0,0.0
2022-06-30 00:00:00-04:00,16.803205768507826,17.115779426521758,16.433801029026135,16.860036849975586,1772100,0.0,0.0
2022-07-01 00:00:00-04:00,16.708478279866334,16.746366854208098,15.846533086484445,16.04544448852539,3355600,0.0,0.0
2022-07-05 00:00:00-04:00,15.524494174624914,16.37696940134671,15.391887720080389,16.339080810546875,3190400,0.0,0.0
2022-07-06 00:00:00-04:00,16.462210305501223,16.651649590872555,16.007558188562328,16.443267822265625,3105800,0.0,0.0
2022-07-07 00:00:00-04:00,16.585345719440323,16.878974974054252,16.56640143033572,16.604290008544922,1098500,0.0,0.0
2022-07-08 00:00:00-04:00,16.4811591833806,16.66112637391985,16.32960843554568,16.41485595703125,1220300,0.0,0.0
2022-07-11 00:00:00-04:00,16.48116176265081,16.680073279455552,16.253835605322323,16.594825744628906,1272600,0.0,0.0
2022-07-12 00:00:00-04:00,16.481158692985794,16.964227364821234,16.481158692985794,16.841093063354492,1411600,0.0,0.0
2022-07-13 00:00:00-04:00,16.462210034134305,16.916863950205496,16.414851116885607,16.79372787475586,1263300,0.0,0.0
2022-07-14 00:00:00-04:00,16.528522507903226,16.623240385152652,16.17806021954616,16.594825744628906,961900,0.0,0.0
2022-07-15 00:00:00-04:00,16.90739275382695,17.096830240074866,16.56640274930292,16.897920608520508,764900,0.0,0.0
2022-07-18 00:00:00-04:00,17.17261044863513,17.31469086175471,17.04000399012619,17.134723663330078,1993300,0.0,0.0
2022-07-19 00:00:00-04:00,17.43782065853733,17.712507459063747,17.371517446445306,17.63673210144043,1130200,0.0,0.0
2022-07-20 00:00:00-04:00,17.646206084983547,17.883004352292986,17.579902859197286,17.845117568969727,998900,0.0,0.0
2022-07-21 00:00:00-04:00,17.712510670979867,18.006140009187412,17.598846710620005,17.996667861938477,743700,0.0,0.0
2022-07-22 00:00:00-04:00,18.081918443059028,18.26188565801485,17.958782314594853,18.025087356567383,566700,0.0,0.0
2022-07-25 00:00:00-04:00,18.157688102134763,18.205047024840912,17.911417729483166,18.091384887695312,1068100,0.0,0.0
2022-07-26 00:00:00-04:00,17.987193879950567,18.252408555986104,17.977721733667813,18.1292724609375,860600,0.0,0.0
2022-07-27 00:00:00-04:00,18.195577888782474,18.69759086299242,18.053499290535097,18.593399047851562,1148700,0.0,0.0
2022-07-28 00:00:00-04:00,18.48920635149254,18.943858522440603,18.19557524362318,18.555509567260742,887700,0.0,0.0
2022-07-29 00:00:00-04:00,18.71653175354004,18.962802122134562,18.669171024987016,18.71653175354004,1519900,0.0,0.0
2022-08-01 00:00:00-04:00,18.650231447021078,19.1522426015372,18.31871352198774,19.019636154174805,1304900,0.0,0.0
2022-08-02 00:00:00-04:00,18.849141538395646,19.123828393060165,18.75442187104142,18.801782608032227,824700,0.0,0.0
2022-08-03 00:00:00-04:00,18.85861440028222,18.85861440028222,18.574457194081184,18.64076042175293,878700,0.0,0.0
2022-08-04 00:00:00-04:00,18.621815490151995,18.763894088399372,18.54604011731157,18.593399047851562,738100,0.0,0.0
2022-08-05 00:00:00-04:00,18.309240087975866,18.621813696666777,18.23346472243344,18.31871223449707,1307600,0.0,0.0
2022-08-08 00:00:00-04:00,18.39448756562104,18.659702247836897,18.21452039530931,18.252408981323242,1034900,0.0,0.0
2022-08-09 00:00:00-04:00,18.16715902655245,18.17663117178225,17.674618314364693,17.72197723388672,1932500,0.0,0.0
2022-08-10 00:00:00-04:00,18.148217474546637,18.69758933438304,18.148217474546637,18.650230407714844,881200,0.0,0.0
2022-08-11 00:00:00-04:00,18.74495224045279,19.00069300338274,18.621816126238873,18.64076042175293,730200,0.0,0.0
2022-08-12 00:00:00-04:00,18.678643009502665,19.152239451183405,18.62181194235655,19.133296966552734,714500,0.0,0.0
2022-08-15 00:00:00-04:00,19.00069328109564,19.13330154500478,18.849142528023034,19.10488510131836,794800,0.0,0.0
2022-08-16 00:00:00-04:00,18.98174438730343,19.550058616257097,18.896496891635003,19.540586471557617,921600,0.0,0.0
2022-08-17 00:00:00-04:00,19.332212683867052,19.37957162027626,19.057527600763915,19.256437301635742,793700,0.0,0.0
2022-08-18 00:00:00-04:00,19.25643522016441,19.56900886391022,19.18065984612383,19.46481704711914,647300,0.0,0.0
2022-08-19 00:00:00-04:00,19.34168244888621,19.34168244888621,18.896502358967865,19.00069236755371,1473600,0.0,0.0
2022-08-22 00:00:00-04:00,18.735477130886295,18.773363909297597,18.328183874858546,18.337656021118164,672200,0.0,0.0
2022-08-23 00:00:00-04:00,18.33765512879564,18.73547621920553,18.33765512879564,18.574453353881836,1078000,0.0,0.0
2022-08-24 00:00:00-04:00,18.53656625322394,18.659702351828233,18.394487668134328,18.451318740844727,774100,0.0,0.0
2022-08-25 00:00:00-04:00,18.59339828605064,18.981749088402303,18.59339828605064,18.962804794311523,688500,0.0,0.0
2022-08-26 00:00:00-04:00,18.943862368081597,19.029109893268163,18.366073987734307,18.42290687561035,1060200,0.0,0.0
2022-08-29 00:00:00-04:00,18.223993939144155,18.48920864169544,18.09138749118219,18.27135467529297,1011400,0.0,0.0
2022-08-30 00:00:00-04:00,18.43237655009313,18.527096219832156,17.883004633559715,17.901948928833008,668700,0.0,0.0
2022-08-31 00:00:00-04:00,17.901944598471246,17.97804205996385,17.664139804518534,17.759262084960938,1053300,0.08,0.0
2022-09-01 00:00:00-04:00,17.66414548126376,17.6926827188595,16.998292932794374,17.302682876586914,1259000,0.0,0.0
2022-09-02 00:00:00-04:00,17.51194567758429,17.740238072439727,17.236093047498972,17.359750747680664,1151700,0.0,0.0
2022-09-06 00:00:00-04:00,17.540484314066028,17.6070693744507,17.064874666396285,17.140972137451172,848400,0.0,0.0
2022-09-07 00:00:00-04:00,17.140969565769026,17.88291934366176,17.0838951103107,17.844871520996094,1027700,0.0,0.0
2022-09-08 00:00:00-04:00,17.664139485977355,18.177798702519457,17.56901720725031,18.149261474609375,983100,0.0,0.0
2022-09-09 00:00:00-04:00,18.196821333895933,18.57731044100641,18.196821333895933,18.387065887451172,668900,0.0,0.0
2022-09-12 00:00:00-04:00,18.54877900446731,18.748534215186478,18.444144285915122,18.61536407470703,673100,0.0,0.0
2022-09-13 00:00:00-04:00,18.025606530291558,18.28243436340958,17.7687768828667,17.825849533081055,1355200,0.0,0.0
2022-09-14 00:00:00-04:00,17.83536674852886,17.83536674852886,17.388294208516374,17.616586685180664,1228700,0.0,0.0
2022-09-15 00:00:00-04:00,17.569024618600192,17.940001480698573,17.464391700737803,17.616586685180664,1012600,0.0,0.0
2022-09-16 00:00:00-04:00,17.331212484283927,17.407309944697104,16.817555080071614,17.074384689331055,1940100,0.0,0.0
2022-09-19 00:00:00-04:00,16.912678900588837,17.65462875366211,16.912678900588837,17.65462875366211,920300,0.0,0.0
2022-09-20 00:00:00-04:00,17.50243804021384,17.50243804021384,16.91268297960049,17.036340713500977,1278900,0.0,0.0
2022-09-21 00:00:00-04:00,17.217068948546586,17.43584894265482,16.769994735717773,16.769994735717773,1284300,0.0,0.0
2022-09-22 00:00:00-04:00,16.846093163952574,16.846093163952574,16.437070383341734,16.446582794189453,1394700,0.0,0.0
2022-09-23 00:00:00-04:00,16.161217179888475,16.20877923785939,15.55243735231678,15.999509811401367,1535900,0.0,0.0
2022-09-26 00:00:00-04:00,15.837803406018455,16.218290821388383,15.837803406018455,15.942438125610352,1758900,0.0,0.0
2022-09-27 00:00:00-04:00,16.17073055837976,16.227803217050404,15.65707118742264,15.71414566040039,1315100,0.0,0.0
2022-09-28 00:00:00-04:00,15.685607997784478,16.237315188098233,15.514388212116923,16.104145050048828,1412900,0.0,0.0
2022-09-29 00:00:00-04:00,15.818775646346676,15.942435167337628,15.28609336367312,15.5619478225708,1785800,0.0,0.0
2022-09-30 00:00:00-04:00,15.514386214948837,15.847313331521677,15.43828874381563,15.476338386535645,2264000,0.0,0.0
2022-10-03 00:00:00-04:00,15.790243673019262,16.237316173830983,15.68560895002426,16.123170852661133,897100,0.0,0.0
2022-10-04 00:00:00-04:00,16.446581031350668,16.988775691407213,16.446581031350668,16.903165817260742,1179800,0.0,0.0
2022-10-05 00:00:00-04:00,16.6463342544117,17.026821531651247,16.560724390244495,16.865114212036133,994100,0.0,0.0
2022-10-06 00:00:00-04:00,16.2658510475516,16.598778178813074,16.151703928662243,16.284875869750977,2168200,0.0,0.0
2022-10-07 00:00:00-04:00,16.123170732237785,16.246828464966057,15.466828790338255,15.514389038085938,2297800,0.0,0.0
2022-10-10 00:00:00-04:00,15.60950655346387,15.60950655346387,15.324141526012681,15.457311630249023,1007200,0.0,0.0
2022-10-11 00:00:00-04:00,15.248049272524597,15.590487059567657,14.97219474603527,15.409756660461426,1678500,0.0,0.0
2022-10-12 00:00:00-04:00,15.476337827260089,15.523898064634578,15.267068428476115,15.295605659484863,828800,0.0,0.0
2022-10-13 00:00:00-04:00,14.848532382817153,15.561947737891371,14.563167329371522,15.504873275756836,1784800,0.0,0.0
2022-10-14 00:00:00-04:00,15.704631660307061,15.809266369212649,15.13389968838728,15.267069816589355,1455500,0.0,0.0
2022-10-17 00:00:00-04:00,15.638049103982297,15.866341566498662,15.638049103982297,15.771219253540039,1183300,0.0,0.0
2022-10-18 00:00:00-04:00,16.170726254773008,16.42755587190005,16.009018919653013,16.142189025878906,1202400,0.0,0.0
2022-10-19 00:00:00-04:00,16.018533109316586,16.123167812582352,15.67609358176085,15.74267864227295,980400,0.0,0.0
2022-10-20 00:00:00-04:00,15.780730731233994,16.237315629213363,15.619023353077912,15.71414566040039,1034300,0.0,0.0
2022-10-21 00:00:00-04:00,15.818774010192959,16.494140564818576,15.752188958534079,16.456090927124023,947300,0.0,0.0
2022-10-24 00:00:00-04:00,16.598779613485362,16.62731503494391,16.294387874906743,16.40853500366211,1243100,0.0,0.0
2022-10-25 00:00:00-04:00,16.418044229569983,16.817556381225586,16.31340953304144,16.817556381225586,1061600,0.0,0.0
2022-10-26 00:00:00-04:00,16.912681074906693,17.150485917732286,16.769996717765764,16.960241317749023,1476800,0.0,0.0
2022-10-27 00:00:00-04:00,17.140971916091193,17.35975191576029,16.313410341538038,16.608287811279297,1965700,0.0,0.0
2022-10-28 00:00:00-04:00,16.62731046688059,17.140969683700238,16.54170059741065,16.922189712524414,1263600,0.0,0.0
2022-10-31 00:00:00-04:00,16.72243395922767,16.903166120592015,16.351459040806834,16.360971450805664,1847600,0.0,0.0
2022-11-01 00:00:00-04:00,16.608286375177816,16.693896248394744,16.37048157497671,16.484628677368164,1405300,0.0,0.0
2022-11-02 00:00:00-04:00,16.484631879853513,16.63682683640475,15.856827230502919,15.904387474060059,2627300,0.0,0.0
2022-11-03 00:00:00-04:00,15.695122230512975,15.932927112793475,15.56195207701422,15.685609817504883,1555200,0.0,0.0
2022-11-04 00:00:00-04:00,16.075606021881935,16.655850383211217,16.075606021881935,16.636825561523438,1609600,0.0,0.0
2022-11-07 00:00:00-05:00,16.83658646564418,16.83658646564418,16.427561776023598,16.7509765625,777200,0.0,0.0
2022-11-08 00:00:00-05:00,16.81755543101014,17.026822997936605,16.5702382259298,16.760482788085938,1073000,0.0,0.0
2022-11-09 00:00:00-05:00,16.636826924320495,16.798534293299085,16.37999725341797,16.37999725341797,831500,0.0,0.0
2022-11-10 00:00:00-05:00,17.236094548278967,17.711704199216715,17.1219474337589,17.673654556274414,1533700,0.0,0.0
2022-11-11 00:00:00-05:00,17.84487354533077,18.206336066038638,17.61658114051947,18.111215591430664,4023400,0.0,0.0
2022-11-14 00:00:00-05:00,17.978043122671625,18.40609250281176,17.90194565668079,18.006580352783203,3004800,0.0,0.0
2022-11-15 00:00:00-05:00,18.31097171821451,18.329996539848896,17.968532186022955,18.168289184570312,2236600,0.0,0.0
2022-11-16 00:00:00-05:00,18.444140881172085,18.558287990731113,18.006580892193785,18.111215591430664,1796100,0.0,0.0
2022-11-17 00:00:00-05:00,17.578531499230877,18.130238597768205,17.483409210316147,18.111215591430664,1024200,0.0,0.0
2022-11-18 00:00:00-05:00,18.396581562426203,18.406093973223314,17.978044558887508,18.206336975097656,1607900,0.0,0.0
2022-11-21 00:00:00-05:00,18.04463002137664,18.21584979091798,17.854387244124958,17.89243507385254,916200,0.0,0.0
2022-11-22 00:00:00-05:00,18.016093781044,18.17780113220215,17.987556549319574,18.17780113220215,660300,0.0,0.0
2022-11-23 00:00:00-05:00,18.377554512255386,18.634384129712114,18.30145704941339,18.558286666870117,752100,0.0,0.0
2022-11-25 00:00:00-05:00,18.463169147387,18.55829145405332,18.36804684072068,18.501218795776367,412400,0.0,0.0
2022-11-28 00:00:00-05:00,18.22536073030417,18.329995428643254,17.835360981976162,17.88292121887207,1189700,0.0,0.0
2022-11-29 00:00:00-05:00,17.882925086581338,18.111219353115924,17.82585242710126,17.997072219848633,816500,0.0,0.0
2022-11-30 00:00:00-05:00,17.939757755654103,18.684858322143555,17.758258105504336,18.684858322143555,978400,0.08,0.0
2022-12-01 00:00:00-05:00,18.87590645470121,18.990536443905874,18.694406846114525,18.780380249023438,995000,0.0,0.0
2022-12-02 00:00:00-05:00,18.48425143982166,18.818592262952357,18.48425143982166,18.770828247070312,934600,0.0,0.0
2022-12-05 00:00:00-05:00,18.51290374491796,18.732614523129858,18.407826578305816,18.41737937927246,884000,0.0,0.0
2022-12-06 00:00:00-05:00,18.436489060807848,18.589330281178466,18.063938813905857,18.302753448486328,804400,0.0,0.0
2022-12-07 00:00:00-05:00,18.197672134612578,18.350513335736053,18.006621544213655,18.08304214477539,770200,0.0,0.0
2022-12-08 00:00:00-05:00,18.21677823996712,18.283646039541562,17.977963628909322,18.054384231567383,725200,0.0,0.0
2022-12-09 00:00:00-05:00,18.025727615471546,18.178568820542996,17.987516403198242,17.987516403198242,542100,0.0,0.0
2022-12-12 00:00:00-05:00,17.958856888935454,18.01617370381855,17.758253502876936,17.977962493896484,697600,0.0,0.0
2022-12-13 00:00:00-05:00,18.59888417059195,18.72306880814713,18.0448342589126,18.178571701049805,1119700,0.0,0.0
2022-12-14 00:00:00-05:00,18.18812087794978,18.340962076755172,17.939753474388315,18.13080406188965,1199300,0.0,0.0
2022-12-15 00:00:00-05:00,17.834678804295717,17.834678804295717,17.557652925332327,17.58631134033203,1236300,0.0,0.0
2022-12-16 00:00:00-05:00,17.347494284563325,17.61496732157158,17.31883587352319,17.548099517822266,1781400,0.0,0.0
2022-12-19 00:00:00-05:00,17.538545714441366,17.567202301837067,17.15644087706363,17.290178298950195,1535600,0.0,0.0
2022-12-20 00:00:00-05:00,17.232866804096684,17.3857080413028,17.204208388866313,17.271076202392578,822500,0.0,0.0
2022-12-21 00:00:00-05:00,17.404810576392823,17.672283633252547,17.395257772003784,17.509889602661133,1791500,0.0,0.0
2022-12-22 00:00:00-05:00,17.2901787959726,17.2901787959726,16.936732357841315,17.261520385742188,947500,0.0,0.0
2022-12-23 00:00:00-05:00,17.20420636225906,17.557650998409194,17.194653558307564,17.519441604614258,711400,0.0,0.0
2022-12-27 00:00:00-05:00,17.528991732148185,17.681832928013446,17.423912726736777,17.59585952758789,542300,0.0,0.0
2022-12-28 00:00:00-05:00,17.60541279652652,17.662727790991827,17.041810188586986,17.051362991333008,704900,0.0,0.0
2022-12-29 00:00:00-05:00,17.14688886275188,17.576754045883924,17.14688886275188,17.41436004638672,595900,0.0,0.0
2022-12-30 00:00:00-05:00,17.223312720066286,17.433468950116282,17.146892107138,17.37615394592285,638800,0.0,0.0
2023-01-03 00:00:00-05:00,17.509888424638635,17.586309032598432,16.974944168920068,17.299732208251953,1340200,0.0,0.0
2023-01-04 00:00:00-05:00,17.57675737160542,17.605415784707702,17.29018052862714,17.37615394592285,1422700,0.0,0.0
2023-01-05 00:00:00-05:00,17.165995424682336,17.337942254574124,16.96539200448264,17.089574813842773,1180700,0.0,0.0
2023-01-06 00:00:00-05:00,17.29017854907184,17.700939979787396,17.27107294252439,17.691387176513672,965300,0.0,0.0
2023-01-09 00:00:00-05:00,17.86333431611887,18.62754037179853,17.786913710550905,18.29319953918457,1598500,0.0,0.0
2023-01-10 00:00:00-05:00,18.24543951111282,18.369622326656824,17.977966448849585,18.178571701049805,2203700,0.0,0.0
2023-01-11 00:00:00-05:00,18.40783154730651,18.617987759270743,18.39827874376119,18.560672760009766,749300,0.0,0.0
2023-01-12 00:00:00-05:00,18.61798587844999,18.70395927966176,18.446039076026445,18.627538681030273,701600,0.0,0.0
2023-01-13 00:00:00-05:00,18.36962174655819,18.71351541260657,18.36962174655819,18.656200408935547,586000,0.0,0.0
2023-01-17 00:00:00-05:00,18.65620139434326,18.675305181901905,18.503360161806814,18.53201675415039,742500,0.0,0.0
2023-01-18 00:00:00-05:00,18.617987759270743,18.8759079889616,18.474699350112814,18.560672760009766,1009400,0.0,0.0
2023-01-19 00:00:00-05:00,18.340960913838845,18.503354905024267,18.245434715139652,18.436485290527344,823800,0.0,0.0
2023-01-20 00:00:00-05:00,18.53201583550028,18.85680389404297,18.43648961439753,18.85680389404297,722200,0.0,0.0
2023-01-23 00:00:00-05:00,18.98098745043377,19.382196098677802,18.904566842292574,19.296222686767578,931900,0.0,0.0
2023-01-24 00:00:00-05:00,19.32487927606364,19.343984883601696,19.133828666716163,19.296222686767578,720300,0.0,0.0
2023-01-25 00:00:00-05:00,18.961880473700027,19.210247887727604,18.809039268453965,18.818592071533203,1230000,0.0,0.0
2023-01-26 00:00:00-05:00,18.85680545790096,19.277119772404472,18.742175440679905,19.219804763793945,903300,0.0,0.0
2023-01-27 00:00:00-05:00,19.114723059178107,19.39174708043581,19.057408058574964,19.296222686767578,644800,0.0,0.0
2023-01-30 00:00:00-05:00,19.1529306574392,19.315324662272822,19.047853469848633,19.047853469848633,767600,0.0,0.0
2023-01-31 00:00:00-05:00,19.13382689515572,19.611456107318272,19.12427409227117,19.563692092895508,892100,0.0,0.0
2023-02-01 00:00:00-05:00,19.592352170240442,20.194164227137144,19.54458815174959,20.060428619384766,1681200,0.0,0.0
2023-02-02 00:00:00-05:00,20.251480697309493,20.92016054645921,20.232375090245252,20.805530548095703,1978300,0.0,0.0
2023-02-03 00:00:00-05:00,20.42342288476654,20.84373707229337,20.385213497906317,20.68134307861328,1686400,0.0,0.0
2023-02-06 00:00:00-05:00,20.47119346191213,20.47119346191213,19.869379483240213,20.15595817565918,1097100,0.0,0.0
2023-02-07 00:00:00-05:00,20.012665319408192,20.12729531344354,19.678324496451772,20.050874710083008,1783500,0.0,0.0
2023-02-08 00:00:00-05:00,19.86937626170135,20.031770281138808,19.66877284934326,19.678325653076172,920500,0.0,0.0
2023-02-09 00:00:00-05:00,19.945798604220418,20.022219218718917,19.210250872926537,19.277118682861328,1107800,0.0,0.0
2023-02-10 00:00:00-05:00,19.12427698941407,19.18159199339321,18.81859453884384,18.99053955078125,3581100,0.0,0.0
2023-02-13 00:00:00-05:00,18.961883420303614,19.334433688232412,18.84725158755028,19.277118682861328,2714400,0.0,0.0
2023-02-14 00:00:00-05:00,19.219803414583502,19.563695264117094,19.17203939241832,19.391748428344727,1962800,0.0,0.0
2023-02-15 00:00:00-05:00,19.30577329720936,19.735640348492655,19.15293208386663,19.65921974182129,1238500,0.0,0.0
2023-02-16 00:00:00-05:00,19.36308940907015,19.649666218082075,19.229351985788455,19.35353660583496,1413100,0.0,0.0
2023-02-17 00:00:00-05:00,19.32487916618591,19.382195988474177,19.057407950218025,19.229352951049805,1826200,0.0,0.0
2023-02-21 00:00:00-05:00,19.028750047069092,19.066959440936973,18.598882978486312,18.61798858642578,1559300,0.0,0.0
2023-02-22 00:00:00-05:00,18.723065717134254,19.582797945459575,18.149910290913752,19.44906234741211,2470100,0.0,0.0
2023-02-23 00:00:00-05:00,19.70698334890551,20.06998262309622,19.21025028097729,19.68787956237793,2276200,0.0,0.0
2023-02-24 00:00:00-05:00,19.40130088006554,19.726088936839616,19.296223677234718,19.62101173400879,1530900,0.0,0.0
2023-02-27 00:00:00-05:00,19.888483472347527,19.945798477354053,19.55414260278899,19.59235382080078,1075300,0.0,0.0
2023-02-28 00:00:00-05:00,19.726612355676213,19.937593340750222,19.64030228526334,19.697843551635742,1584200,0.08,0.0
2023-03-01 00:00:00-05:00,19.592350041049905,20.119798764194105,19.390959298060633,19.851280212402344,1529000,0.0,0.0
2023-03-02 00:00:00-05:00,19.63071299137387,20.138983226536084,19.477273265503356,20.081443786621094,1045200,0.0,0.0
2023-03-03 00:00:00-05:00,20.26364892583741,20.33078039517086,20.05266979536881,20.273239135742188,775000,0.0,0.0
2023-03-06 00:00:00-05:00,20.2444686535172,20.26364724258813,19.707427918333263,19.717018127441406,1075500,0.0,0.0
2023-03-07 00:00:00-05:00,19.73619837524219,19.841688845375543,19.448499421063474,19.47726821899414,943400,0.0,0.0
2023-03-08 00:00:00-05:00,19.467676606679717,19.784146165122355,19.41013718582066,19.67865753173828,1211400,0.0,0.0
2023-03-09 00:00:00-05:00,19.784152934391024,19.889643433014527,18.997773873387057,19.036134719848633,899000,0.0,0.0
2023-03-10 00:00:00-05:00,18.96900140561138,18.96900140561138,18.32647198459067,18.49909210205078,801800,0.0,0.0
2023-03-13 00:00:00-04:00,18.1922128110409,18.460733225541215,17.904513804119308,18.230573654174805,1155500,0.0,0.0
2023-03-14 00:00:00-04:00,18.61417230613948,18.844331869671016,18.297702677640416,18.57581329345703,851100,0.0,0.0
2023-03-15 00:00:00-04:00,17.971642742088093,17.990823162899034,17.578453261191882,17.808612823486328,1160000,0.0,0.0
2023-03-16 00:00:00-04:00,17.645584217874372,18.240164503236333,17.58804478030571,18.144264221191406,1118600,0.0,0.0
2023-03-17 00:00:00-04:00,17.990820621238214,18.153850516807864,17.57845077778879,17.626399993896484,1132800,0.0,0.0
2023-03-20 00:00:00-04:00,17.82779336752179,18.019593918665677,17.731893091949846,17.789432525634766,1119000,0.0,0.0
2023-03-21 00:00:00-04:00,18.096314994741814,18.297703940804993,18.029183516908343,18.144264221191406,681100,0.0,0.0
2023-03-22 00:00:00-04:00,18.16344072585847,18.220980151016775,17.626399993896484,17.626399993896484,1066900,0.0,0.0
2023-03-23 00:00:00-04:00,17.664762942782136,18.105901636997665,17.463372186923976,17.607223510742188,893900,0.0,0.0
2023-03-24 00:00:00-04:00,17.37706526917205,17.71271350577391,17.118135061668585,17.683944702148438,804700,0.0,0.0
2023-03-27 00:00:00-04:00,17.933283544181148,18.03877219925934,17.741482996346196,17.837383270263672,753900,0.0,0.0
2023-03-28 00:00:00-04:00,17.79902388207201,18.000414656653916,17.751074655771703,17.89492416381836,1039400,0.0,0.0
2023-03-29 00:00:00-04:00,18.16344330476212,18.16344330476212,17.904513111068,18.067543029785156,1107400,0.0,0.0
2023-03-30 00:00:00-04:00,18.240165274076258,18.268934079503506,17.962054627307424,18.038774490356445,838700,0.0,0.0
2023-03-31 00:00:00-04:00,18.173032090505345,18.527860702214145,18.086722032706888,18.51827049255371,1127200,0.0,0.0
2023-04-03 00:00:00-04:00,18.460732510959662,18.59499179844005,17.866152269418972,18.067543029785156,1295200,0.0,0.0
2023-04-04 00:00:00-04:00,18.029181177439263,18.086722436687104,17.3099318991508,17.425012588500977,1434400,0.0,0.0
2023-04-05 00:00:00-04:00,17.26198606923592,17.530506511027657,17.175675992558073,17.472965240478516,2142700,0.0,0.0
2023-04-06 00:00:00-04:00,17.386656808029727,17.520917956195397,17.16608740417004,17.511327743530273,1207300,0.0,0.0
2023-04-10 00:00:00-04:00,17.319522230318707,17.51132277086373,17.194853159366303,17.405832290649414,865700,0.0,0.0
2023-04-11 00:00:00-04:00,17.54968301099634,17.846974052583548,17.54968301099634,17.760663986206055,666600,0.0,0.0
2023-04-12 00:00:00-04:00,17.990819624831065,18.019590250389452,17.482549548171036,17.50172996520996,940100,0.0,0.0
2023-04-13 00:00:00-04:00,17.511326918233166,17.894926261029074,17.444197261887126,17.86615562438965,615200,0.0,0.0
2023-04-14 00:00:00-04:00,17.779845169547198,18.029183339607965,17.434604889238873,17.655174255371094,1462900,0.0,0.0
2023-04-17 00:00:00-04:00,17.607224458440992,17.779844592997573,17.549683194158355,17.73189353942871,728100,0.0,0.0
2023-04-18 00:00:00-04:00,17.86615109328761,17.91410214219227,17.635991545981696,17.703121185302734,631000,0.0,0.0
2023-04-19 00:00:00-04:00,17.59763620301178,17.73189550963091,17.492145702584825,17.722305297851562,838700,0.0,0.0
2023-04-20 00:00:00-04:00,17.62640204068664,17.69353351183625,17.43460332483871,17.61681365966797,758000,0.0,0.0
2023-04-21 00:00:00-04:00,17.55927327634081,17.607224329558683,17.271574273616196,17.492143630981445,650000,0.0,0.0
2023-04-24 00:00:00-04:00,17.568859476187413,17.626398897767523,17.367470586084405,17.520910263061523,827900,0.0,0.0
2023-04-25 00:00:00-04:00,17.29075534716544,17.367475206062498,16.84961478664807,16.897565841674805,1144700,0.0,0.0
2023-04-26 00:00:00-04:00,16.830436390373677,16.983876126636027,16.772896946561783,16.878387451171875,1233400,0.0,0.0
2023-04-27 00:00:00-04:00,16.62903962493572,17.19484907301914,16.3796997131409,17.185258865356445,1472800,0.0,0.0
2023-04-28 00:00:00-04:00,17.252392589871604,17.60722304113624,17.204443369308105,17.405832290649414,1139800,0.0,0.0
2023-05-01 00:00:00-04:00,17.520914959315956,17.703123481349152,17.453785311288385,17.655174255371094,1262900,0.0,0.0
2023-05-02 00:00:00-04:00,17.415419853333162,17.55926932230311,16.9071497785511,17.242799758911133,1537200,0.0,0.0
2023-05-03 00:00:00-04:00,17.377063489969522,17.712711692205037,17.28116321969701,17.405832290649414,1757000,0.0,0.0
2023-05-04 00:00:00-04:00,17.31952009959302,17.41542035806745,16.887971680176033,16.907150268554688,989300,0.0,0.0
2023-05-05 00:00:00-04:00,17.252394603581454,17.463373759490178,17.233214181459097,17.386653900146484,769600,0.0,0.0
2023-05-08 00:00:00-04:00,17.46337369711501,17.530505174303478,17.300345597094474,17.396244049072266,637300,0.0,0.0
2023-05-09 00:00:00-04:00,17.261987347814173,17.261987347814173,17.031827736007504,17.060598373413086,928700,0.0,0.0
2023-05-10 00:00:00-04:00,17.300340883347936,17.357880304686248,16.84002002520577,16.993459701538086,793300,0.0,0.0
2023-05-11 00:00:00-04:00,16.84002344018942,17.118134053155476,16.81125463825886,17.05100440979004,1301500,0.0,0.0
2023-05-12 00:00:00-04:00,17.079774159026996,17.137315424370755,16.8687950068703,16.916744232177734,1260900,0.0,0.0
2023-05-15 00:00:00-04:00,17.012641725555888,17.127722408249443,16.907151252182242,17.041412353515625,1173700,0.0,0.0
2023-05-16 00:00:00-04:00,16.96470036131581,17.07977926813572,16.811260599458432,17.00305938720703,924600,0.0,0.0
2023-05-17 00:00:00-04:00,17.051007916861384,17.41542683971883,17.012647067536406,17.338706970214844,1504100,0.0,0.0
2023-05-18 00:00:00-04:00,17.290754205950442,17.837383393156866,17.214034352117007,17.81820297241211,1399700,0.0,0.0
2023-05-19 00:00:00-04:00,18.029181329531234,18.10590118003005,17.559272016582803,17.664762496948242,1010100,0.0,0.0
2023-05-22 00:00:00-04:00,17.712712671006337,17.914103432621978,17.683943868736684,17.789432525634766,997400,0.0,0.0
2023-05-23 00:00:00-04:00,17.779848210715574,17.962056763914777,17.501737530865153,17.511327743530273,826100,0.0,0.0
2023-05-24 00:00:00-04:00,17.396242196341152,17.415422616352252,17.07977258274014,17.137313842773438,1269000,0.0,0.0
2023-05-25 00:00:00-04:00,17.175673557374758,17.616814089976867,17.137314544926436,17.5496826171875,2170200,0.0,0.0
2023-05-26 00:00:00-04:00,17.635992011872354,18.105901328678723,17.626401801838078,17.904512405395508,2077300,0.0,0.0
2023-05-30 00:00:00-04:00,17.952461869688232,18.067542562513434,17.568862608846818,17.61681365966797,1789500,0.0,0.0
2023-05-31 00:00:00-04:00,17.453072645922138,17.61681566711154,17.048531172227527,17.270065307617188,2188300,0.08,0.0
2023-06-01 00:00:00-04:00,17.231535472359337,17.713132343802773,17.12558540990124,17.472333908081055,3059600,0.0,0.0
2023-06-02 00:00:00-04:00,17.703500717734585,18.37773709286816,17.703500717734585,18.368104934692383,2077900,0.0,0.0
2023-06-05 00:00:00-04:00,18.35847063748521,18.45479037087396,17.809450545459274,18.079145431518555,1487600,0.0,0.0
2023-06-06 00:00:00-04:00,17.915401138897025,18.3873657774728,17.886504669828557,18.31031036376953,1205700,0.0,0.0
2023-06-07 00:00:00-04:00,18.368104087252448,18.531847094393424,18.25252186876837,18.512582778930664,1248000,0.0,0.0
2023-06-08 00:00:00-04:00,18.435529996132892,18.4933229508032,17.944300904314282,18.069517135620117,1303400,0.0,0.0
2023-06-09 00:00:00-04:00,18.040616355423825,18.05024851223818,17.703498215505633,17.819082260131836,1704300,0.0,0.0
2023-06-12 00:00:00-04:00,17.915406168023623,18.136940314965276,17.761295297355822,18.088781356811523,1271900,0.0,0.0
2023-06-13 00:00:00-04:00,18.233260239671974,18.425897911242796,18.127308326162794,18.37773895263672,1470100,0.0,0.0
2023-06-14 00:00:00-04:00,18.464421632993705,18.464421632993705,18.098408868431697,18.23325538635254,1279600,0.0,0.0
2023-06-15 00:00:00-04:00,18.11767393725124,18.474056433373985,18.002091715962873,18.435527801513672,1426000,0.0,0.0
2023-06-16 00:00:00-04:00,18.52221252422756,18.57037330661173,18.175464076791503,18.262149810791016,1430500,0.0,0.0
2023-06-20 00:00:00-04:00,18.300682715672597,18.300682715672597,17.992460984931014,18.18509864807129,1363900,0.0,0.0
2023-06-21 00:00:00-04:00,18.15620143795677,18.185096072905548,17.95392980758449,17.973194122314453,1452600,0.0,0.0
2023-06-22 00:00:00-04:00,17.819086897387972,17.819086897387972,17.539759788517497,17.684240341186523,966900,0.0,0.0
2023-06-23 00:00:00-04:00,17.45306938587263,17.626442696089104,17.347117498674187,17.50122833251953,1686200,0.0,0.0
2023-06-26 00:00:00-04:00,17.42417684115251,17.925038082563734,17.42417684115251,17.799821853637695,1072600,0.0,0.0
2023-06-27 00:00:00-04:00,17.790189278852253,18.291050508555536,17.66497488999964,18.194730758666992,1671500,0.0,0.0
2023-06-28 00:00:00-04:00,18.185097307938317,18.281417050983478,18.00209181701343,18.098411560058594,1288500,0.0,0.0
2023-06-29 00:00:00-04:00,18.156201474052832,18.45479100437622,18.088778209510085,18.30068016052246,1041100,0.0,0.0
2023-06-30 00:00:00-04:00,18.43552941957365,18.599272445058897,18.30068287051984,18.493322372436523,1007000,0.0,0.0
2023-07-03 00:00:00-04:00,18.41626454886741,18.666693296851133,18.377735918626094,18.580007553100586,586400,0.0,0.0
2023-07-05 00:00:00-04:00,18.368102794538697,18.396999265699154,18.079145431518555,18.079145431518555,1437700,0.0,0.0
2023-07-06 00:00:00-04:00,17.886505706662515,17.9828254386615,17.587916190897136,17.780553817749023,1255800,0.0,0.0
2023-07-07 00:00:00-04:00,17.790189278852253,18.42589705611164,17.790189278852253,18.194730758666992,1379700,0.0,0.0
2023-07-10 00:00:00-04:00,18.040618165689462,18.416264970558935,18.040618165689462,18.175466537475586,1300500,0.0,0.0
2023-07-11 00:00:00-04:00,18.213993936852372,18.40663342458053,18.213993936852372,18.397001266479492,1076100,0.0,0.0
2023-07-12 00:00:00-04:00,18.676328707700097,18.75338414445905,18.454794556661422,18.666696548461914,967500,0.0,0.0
2023-07-13 00:00:00-04:00,18.734121636198868,19.0134469051186,18.676328680852837,18.994182586669922,1681300,0.0,0.0
2023-07-14 00:00:00-04:00,18.946019147363423,18.946019147363423,18.560742055232346,18.782276153564453,1460600,0.0,0.0
2023-07-17 00:00:00-04:00,18.79191275439838,19.1193988194398,18.580010762902496,18.994182586669922,2047700,0.0,0.0
2023-07-18 00:00:00-04:00,19.080867110999936,19.620256917855492,19.051972475124757,19.5335693359375,1845200,0.0,0.0
2023-07-19 00:00:00-04:00,19.543201540735854,19.60099264977179,19.389088854729636,19.523937225341797,1422700,0.0,0.0
2023-07-20 00:00:00-04:00,19.51430620843898,19.62988843326772,19.18682017618032,19.321666717529297,1473500,0.0,0.0
2023-07-21 00:00:00-04:00,19.37945618783033,19.37945618783033,19.0808648468128,19.263872146606445,998900,0.0,0.0
2023-07-24 00:00:00-04:00,19.244609020073437,19.456512802524507,19.042339231893187,19.061603546142578,1053400,0.0,0.0
2023-07-25 00:00:00-04:00,19.12902815569578,19.379458747131697,19.06160488822193,19.148290634155273,925300,0.0,0.0
2023-07-26 00:00:00-04:00,19.206085661284135,19.408355485614592,19.04234263519195,19.129030227661133,1784700,0.0,0.0
2023-07-27 00:00:00-04:00,19.36019619720004,20.20780595254707,19.273508606214428,19.83216094970703,2829600,0.0,0.0
2023-07-28 00:00:00-04:00,20.005532337834758,20.21743427719989,19.889948292724462,20.159643173217773,1999800,0.0,0.0
2023-07-31 00:00:00-04:00,20.169277026821096,20.25596460865993,20.02479833613845,20.188539505004883,1886800,0.0,0.0
2023-08-01 00:00:00-04:00,20.082589891097232,20.25596505862626,20.024798780969647,20.11148452758789,1307700,0.0,0.0
2023-08-02 00:00:00-04:00,19.78400004370789,20.044060953888966,19.726207097315438,19.8417911529541,1480900,0.0,0.0
2023-08-03 00:00:00-04:00,19.76473687072276,20.22706944570957,19.62988849182518,19.96700668334961,1335800,0.0,0.0
2023-08-04 00:00:00-04:00,20.082590183863008,20.169277768891263,19.716575527711214,19.73583984375,977800,0.0,0.0
2023-08-07 00:00:00-04:00,19.80326018104719,19.995899638623968,19.735836922039127,19.91884422302246,1007100,0.0,0.0
2023-08-08 00:00:00-04:00,19.600995041482985,20.14038307830901,19.398723379456694,20.09222412109375,1379300,0.0,0.0
2023-08-09 00:00:00-04:00,20.044061376729196,20.34265276128376,19.99590242419912,20.10185432434082,1380800,0.0,0.0
2023-08-10 00:00:00-04:00,20.14038180427403,20.188540758442862,19.60099380156847,19.649152755737305,1003000,0.0,0.0
2023-08-11 00:00:00-04:00,19.629887285716645,19.793630292273658,19.523937225341797,19.523937225341797,776000,0.0,0.0
2023-08-14 00:00:00-04:00,19.369827461070475,19.504674002086965,19.244611241144018,19.331298828125,983700,0.0,0.0
2023-08-15 00:00:00-04:00,19.1193967558091,19.25424329610228,18.97491805733121,19.0230770111084,1348500,0.0,0.0
2023-08-16 00:00:00-04:00,18.984546789218346,19.00381110397518,18.589637522434085,18.637798309326172,1320200,0.0,0.0
2023-08-17 00:00:00-04:00,18.647431150023742,18.88822958186952,18.493320300614144,18.512582778930664,623300,0.0,0.0
2023-08-18 00:00:00-04:00,18.339207128288393,18.75337883539967,18.300678502243063,18.589635848999023,1304300,0.0,0.0
2023-08-21 00:00:00-04:00,18.66669140987497,18.66669140987497,18.21399107317927,18.23325538635254,1271700,0.0,0.0
2023-08-22 00:00:00-04:00,18.38737025844408,18.38737025844408,18.175468278406424,18.194730758666992,1142000,0.0,0.0
2023-08-23 00:00:00-04:00,18.24289287195204,18.637802221632686,18.146573115095322,18.61853790283203,1196500,0.0,0.0
2023-08-24 00:00:00-04:00,18.53184796656652,19.2157165005098,18.47405685460463,19.0230770111084,2554800,0.0,0.0
2023-08-25 00:00:00-04:00,19.090499753527755,19.610625258245676,19.07123543769088,19.446882247924805,3942100,0.0,0.0
2023-08-28 00:00:00-04:00,19.610627425627754,19.649154224413238,19.312036008594486,19.398723602294922,1672900,0.0,0.0
2023-08-29 00:00:00-04:00,19.350562085548596,19.861055421259007,19.273506661021198,19.851423263549805,1730100,0.0,0.0
2023-08-30 00:00:00-04:00,19.832158643397495,20.072957070988874,19.716574589809305,19.899581909179688,1518800,0.0,0.0
2023-08-31 00:00:00-04:00,19.976937590476645,20.131647512540745,19.802888467082592,19.938261032104492,852000,0.08,0.0
2023-09-01 00:00:00-04:00,20.12197947507296,20.247682449195253,20.034954906615337,20.189664840698242,877100,0.0,0.0
2023-09-05 00:00:00-04:00,20.073631816747078,20.23801133999949,19.802888530129056,19.99627685546875,2341500,0.0,0.0
2023-09-06 00:00:00-04:00,20.015614872721883,20.218670942456637,19.619170489088432,20.063961029052734,2363000,0.0,0.0
2023-09-07 00:00:00-04:00,19.84156549361485,20.054291160627294,19.677185982286446,19.860904693603516,2946600,0.0,0.0
2023-09-08 00:00:00-04:00,19.841568769774515,19.909254136623154,19.464461684879648,19.483800888061523,1542500,0.0,0.0
2023-09-11 00:00:00-04:00,19.773882852343117,19.773882852343117,19.000331345198152,19.04867935180664,1464000,0.0,0.0
2023-09-12 00:00:00-04:00,18.942315276380075,19.222726333040175,18.826281906676964,18.84562110900879,862000,0.0,0.0
2023-09-13 00:00:00-04:00,18.826283642443173,18.89397085684526,18.613557930043502,18.70058250427246,1231600,0.0,0.0
2023-09-14 00:00:00-04:00,18.855289838975455,19.232395045582884,18.758595676071877,19.145370483398438,1085800,0.0,0.0
2023-09-15 00:00:00-04:00,19.058347526676354,19.077686729743743,18.806945263951953,18.884300231933594,1402000,0.0,0.0
2023-09-18 00:00:00-04:00,18.884295898159287,19.029336199303447,18.71991639838591,18.961650848388672,1085200,0.0,0.0
2023-09-19 00:00:00-04:00,19.01000202003153,19.116365796288786,18.806945913672735,18.922977447509766,1149200,0.0,0.0
2023-09-20 00:00:00-04:00,18.971323034075095,19.048677994850326,18.536200227034573,18.57487678527832,818100,0.0,0.0
2023-09-21 00:00:00-04:00,18.468511889092085,18.468511889092085,18.2074382469624,18.275123596191406,732100,0.0,0.0
2023-09-22 00:00:00-04:00,18.323477496996595,18.584549378979162,18.21711371719271,18.420169830322266,733500,0.0,0.0
2023-09-25 00:00:00-04:00,18.323474340401262,19.00999937904327,18.21711057892072,18.855289459228516,1121400,0.0,0.0
2023-09-26 00:00:00-04:00,18.671573954402696,18.845623105249768,18.420169830322266,18.420169830322266,932700,0.0,0.0
2023-09-27 00:00:00-04:00,18.603886307196014,18.71025007398642,18.44917637965787,18.613555908203125,936100,0.0,0.0
2023-09-28 00:00:00-04:00,18.652235325715132,18.980992556381103,18.58454811498752,18.913307189941406,785700,0.0,0.0
2023-09-29 00:00:00-04:00,19.077682351589004,19.15503730181839,18.884295898159287,18.961650848388672,817500,0.0,0.0
2023-10-02 00:00:00-04:00,18.91330821667213,18.990663188843648,18.54587255992943,18.70058250427246,793500,0.0,0.0
2023-10-03 00:00:00-04:00,18.574876060317308,18.77793397710696,18.37181998781533,18.47818374633789,1049300,0.0,0.0
2023-10-04 00:00:00-04:00,18.487856503855795,18.613557640068244,18.197773979515706,18.49752426147461,708600,0.0,0.0
2023-10-05 00:00:00-04:00,18.507193693056326,18.623227070582082,18.313807189564024,18.323476791381836,893700,0.0,0.0
2023-10-06 00:00:00-04:00,18.255785225329923,18.835948286035407,18.13975371976134,18.826278686523438,1694900,0.0,0.0
2023-10-09 00:00:00-04:00,18.62322235107422,18.777932252376576,18.352479101651348,18.62322235107422,981600,0.0,0.0
2023-10-10 00:00:00-04:00,18.74892491088113,18.961652424914327,18.681239554338802,18.72958755493164,834300,0.0,0.0
2023-10-11 00:00:00-04:00,18.835948809107958,18.961651761966795,18.58454474767786,18.748924255371094,741600,0.0,0.0
2023-10-12 00:00:00-04:00,18.845618799771376,18.855288399752432,18.362149866444394,18.555538177490234,508800,0.0,0.0
2023-10-13 00:00:00-04:00,18.57487652743753,18.613554929432116,18.294465490127646,18.3718204498291,723100,0.0,0.0
2023-10-16 00:00:00-04:00,18.565208964911694,18.7876042458376,18.487854004403218,18.516860961914062,788100,0.0,0.0
2023-10-17 00:00:00-04:00,18.32347454597462,18.7585955087274,18.31380494534175,18.57487678527832,1208100,0.0,0.0
2023-10-18 00:00:00-04:00,18.26545670256435,18.362150863336854,17.830335745519648,17.917360305786133,708400,0.0,0.0
2023-10-19 00:00:00-04:00,17.898018405394517,18.149422447771183,17.772315462062465,17.84967041015625,1199100,0.0,0.0
2023-10-20 00:00:00-04:00,17.888352568965914,17.975377134412017,17.714303438073706,17.762651443481445,916900,0.0,0.0
2023-10-23 00:00:00-04:00,17.65628868460428,17.88835359095619,17.578933715820312,17.578933715820312,1564800,0.0,0.0
2023-10-24 00:00:00-04:00,17.714304031476964,17.859344363983165,17.598272503187157,17.74331283569336,875900,0.0,0.0
2023-10-25 00:00:00-04:00,17.627275879890426,17.656284678209992,16.9890970711601,17.037445068359375,2164400,0.0,0.0
2023-10-26 00:00:00-04:00,18.51686106799097,18.8552897137622,17.250172890800332,17.694963455200195,2930200,0.0,0.0
2023-10-27 00:00:00-04:00,17.6756295846048,17.83033953702377,17.36620783547874,17.40488624572754,1487300,0.0,0.0
2023-10-30 00:00:00-04:00,17.530583214448335,17.714301930789734,17.317857541618277,17.598270416259766,1162300,0.0,0.0
2023-10-31 00:00:00-04:00,17.43389090193841,17.694962731797172,17.40488210115958,17.627277374267578,1151600,0.0,0.0
2023-11-01 00:00:00-04:00,17.559593796799042,17.578932999278727,17.172818968644677,17.511247634887695,1215500,0.0,0.0
2023-11-02 00:00:00-04:00,17.646618316028782,18.01405394071149,17.588602553034217,17.965707778930664,1271300,0.0,0.0
2023-11-03 00:00:00-04:00,18.32347357328479,18.845619069727913,18.23644901649633,18.758594512939453,1205400,0.0,0.0
2023-11-06 00:00:00-05:00,18.71025145014074,18.845622185621288,18.60388767552719,18.6909122467041,1250600,0.0,0.0
2023-11-07 00:00:00-05:00,18.56521063706607,18.56521063706607,18.32347613316827,18.34281349182129,835300,0.0,0.0
2023-11-08 00:00:00-05:00,18.37181998781533,18.54586910383855,18.197770871792102,18.47818374633789,1269700,0.0,0.0
2023-11-09 00:00:00-05:00,18.632893397711776,18.632893397711776,18.27512557048154,18.333141326904297,714100,0.0,0.0
2023-11-10 00:00:00-05:00,18.37182082998863,18.63289451599121,18.236450108781845,18.63289451599121,495000,0.0,0.0
2023-11-13 00:00:00-05:00,18.516860562593006,18.748925439113894,18.478184005316706,18.652233123779297,724300,0.0,0.0
2023-11-14 00:00:00-05:00,19.010003710057756,19.77388572692871,19.010003710057756,19.77388572692871,1054700,0.0,0.0
2023-11-15 00:00:00-05:00,19.75454258472017,19.96726826946573,19.5128080975734,19.715864181518555,1126200,0.0,0.0
2023-11-16 00:00:00-05:00,19.60950226139487,19.735203383225244,19.503138496877632,19.686857223510742,949300,0.0,0.0
2023-11-17 00:00:00-05:00,19.822231896277547,19.88024766835378,19.6771915439429,19.77388572692871,749800,0.0,0.0
2023-11-20 00:00:00-05:00,19.773878311674967,19.98660395904059,19.677184164949704,19.91891860961914,807800,0.0,0.0
2023-11-21 00:00:00-05:00,19.880241187006682,19.967265738893392,19.735200881958008,19.735200881958008,723600,0.0,0.0
2023-11-22 00:00:00-05:00,19.802890837477076,19.938263418702995,19.686859304183965,19.831899642944336,610300,0.0,0.0
2023-11-24 00:00:00-05:00,19.822228912183856,20.03495460729781,19.822228912183856,19.928592681884766,338300,0.0,0.0
2023-11-27 00:00:00-05:00,19.793219394020507,20.015616526667593,19.78354979309778,19.88991355895996,624800,0.0,0.0
2023-11-28 00:00:00-05:00,19.880242315277737,20.121976785507286,19.735202001997536,20.063961029052734,1596400,0.0,0.0
2023-11-29 00:00:00-05:00,20.267015452873263,20.44106455238978,20.10263779698266,20.238008499145508,1488300,0.0,0.0
2023-11-30 00:00:00-05:00,20.257425255927252,20.37390198308085,20.102119867448792,20.34478187561035,1508900,0.08,0.0
2023-12-01 00:00:00-05:00,20.276836416769005,20.635976996491593,20.208891352018178,20.626270294189453,905600,0.0,0.0
2023-12-04 00:00:00-05:00,20.519498817704946,20.655390801203076,20.29625021452372,20.34478187561035,1563200,0.0,0.0
2023-12-05 00:00:00-05:00,20.170063991214246,20.22830234672471,19.849750258860784,19.859455108642578,1069700,0.0,0.0
2023-12-06 00:00:00-05:00,19.97593626063654,20.296250034514337,19.71386084981902,19.74298095703125,1344000,0.0,0.0
2023-12-07 00:00:00-05:00,19.830338370534687,20.111825319795592,19.77210001057796,20.053586959838867,1089600,0.0,0.0
2023-12-08 00:00:00-05:00,20.043882573852635,20.296251297976283,20.024469167835978,20.208892822265625,897600,0.0,0.0
2023-12-11 00:00:00-05:00,20.131237910452693,20.703920339094296,20.131237910452693,20.529203414916992,1429800,0.0,0.0
2023-12-12 00:00:00-05:00,20.55832610296034,20.626271170598148,20.403022562255565,20.50008773803711,1085400,0.0,0.0
2023-12-13 00:00:00-05:00,20.422437570334637,21.218368741748343,20.37390405295308,21.12130355834961,1281500,0.0,0.0
2023-12-14 00:00:00-05:00,21.35425651958322,22.082242537296285,21.296018156548147,21.752222061157227,1530600,0.0,0.0
2023-12-15 00:00:00-05:00,21.713400093629414,21.839583539479385,21.5483898328321,21.703693389892578,1488300,0.0,0.0
2023-12-18 00:00:00-05:00,21.742513839947417,21.839579005801568,21.528971956159527,21.558090209960938,1016100,0.0,0.0
2023-12-19 00:00:00-05:00,21.80075439216616,21.82987450026123,21.528974122069105,21.54838752746582,1593800,0.0,0.0
2023-12-20 00:00:00-05:00,21.626038847622596,22.227839591482592,21.451321905416727,22.00459098815918,3348100,0.0,0.0
2023-12-21 00:00:00-05:00,22.24725256285012,22.70345646310134,22.20842575362151,22.63551139831543,2443900,0.0,0.0
2023-12-22 00:00:00-05:00,22.74228410238872,22.858760831597454,22.654925629800054,22.77140235900879,1012100,0.0,0.0
2023-12-26 00:00:00-05:00,22.88788012019583,23.052890356804365,22.751989990529097,22.897586822509766,706700,0.0,0.0
2023-12-27 00:00:00-05:00,22.90729331362652,22.994651782282343,22.761696482988206,22.819934844970703,649700,0.0,0.0
2023-12-28 00:00:00-05:00,22.84905577421837,22.878174030575813,22.616098615173545,22.781108856201172,779200,0.0,0.0
2023-12-29 00:00:00-05:00,22.645218089872575,22.713163154626226,22.431676193309066,22.46079444885254,685400,0.0,0.0
2024-01-02 00:00:00-05:00,22.24725574549023,22.38314589450217,21.965766892406144,22.140483856201172,968800,0.0,0.0
2024-01-03 00:00:00-05:00,21.839582241960628,21.849288945120776,21.567800107569518,21.674571990966797,1272400,0.0,0.0
2024-01-04 00:00:00-05:00,21.70368888442419,21.771633945112878,21.451320193749016,21.558090209960938,1288400,0.0,0.0
2024-01-05 00:00:00-05:00,21.558092995054224,21.907526896726964,21.538681440466853,21.693984985351562,1099700,0.0,0.0
2024-01-08 00:00:00-05:00,21.645452281364353,21.936647827455303,21.626040726049776,21.917234420776367,1080900,0.0,0.0
2024-01-09 00:00:00-05:00,21.645450603293384,22.00459119355375,21.59691894172284,21.994884490966797,1339900,0.0,0.0
2024-01-10 00:00:00-05:00,22.024004393151877,22.11136286425481,21.781342384835767,22.00459098815918,1252700,0.0,0.0
2024-01-11 00:00:00-05:00,22.053123473758582,22.082243582336318,21.81046145637027,21.96576499938965,1343000,0.0,0.0
2024-01-12 00:00:00-05:00,22.150185425853447,22.169598828745286,21.567796298646247,21.587209701538086,2367600,0.0,0.0
2024-01-16 00:00:00-05:00,21.39308140472014,21.441613060989564,21.131006017591613,21.402786254882812,1086200,0.0,0.0
2024-01-17 00:00:00-05:00,21.06306308201978,21.247484875529725,21.06306308201978,21.13100814819336,867200,0.0,0.0
2024-01-18 00:00:00-05:00,21.266895171878236,21.74251241693473,21.23777506861864,21.713394165039062,1034200,0.0,0.0
2024-01-19 00:00:00-05:00,21.64545141147977,22.48991605443262,21.490147867018326,22.305492401123047,3236400,0.0,0.0
2024-01-22 00:00:00-05:00,22.38314268179634,22.625804685267482,22.344317723950322,22.46079444885254,1445100,0.0,0.0
2024-01-23 00:00:00-05:00,22.63550881778057,22.70345387482048,22.07253310769622,22.315195083618164,1570100,0.0,0.0
2024-01-24 00:00:00-05:00,22.38314073337474,22.38314073337474,21.742513248085796,21.761926651000977,1368100,0.0,0.0
2024-01-25 00:00:00-05:00,21.926937296433763,22.09194752167094,21.635743652539478,21.829872131347656,1350100,0.0,0.0
2024-01-26 00:00:00-05:00,22.053122020573475,22.091948829451972,21.82016672139494,21.858993530273438,857900,0.0,0.0
2024-01-29 00:00:00-05:00,21.781340920796577,22.218131395588053,21.67456905187765,22.159893035888672,850500,0.0,0.0
2024-01-30 00:00:00-05:00,22.101655076871875,22.256958606461787,21.975469801977503,22.05312156677246,777600,0.0,0.0
2024-01-31 00:00:00-05:00,22.033710867477453,22.101655932884086,21.577505111694336,21.577505111694336,1383800,0.0,0.0
2024-02-01 00:00:00-05:00,21.693984984667576,21.82987512359634,21.373671191932427,21.781343460083008,827000,0.0,0.0
2024-02-02 00:00:00-05:00,21.548386241919996,21.68427636886151,21.296017540911375,21.606624603271484,1416400,0.0,0.0
2024-02-05 00:00:00-05:00,21.35425607363696,21.36396277583413,20.946583838176597,21.160125732421875,1682000,0.0,0.0
2024-02-06 00:00:00-05:00,21.25719093413761,21.616331510501848,21.25719093413761,21.5969181060791,1179100,0.0,0.0
2024-02-07 00:00:00-05:00,21.713395830992315,21.975469374980467,21.567797154887252,21.897817611694336,1103300,0.0,0.0
2024-02-08 00:00:00-05:00,21.85899476725892,22.130775039331663,21.761929590933978,22.062829971313477,862800,0.0,0.0
2024-02-09 00:00:00-05:00,22.091950490329634,22.354025915869926,21.96576520335203,22.305492401123047,1115600,0.0,0.0
2024-02-12 00:00:00-05:00,22.315196397521365,22.781106974396636,22.30548969574929,22.519033432006836,993700,0.0,0.0
2024-02-13 00:00:00-05:00,21.975470675728264,22.247252788998793,21.800753735151794,22.014297485351562,1259200,0.0,0.0
2024-02-14 00:00:00-05:00,22.25695803825297,22.625803448771546,22.10165451262788,22.519033432006836,1418800,0.0,0.0
2024-02-15 00:00:00-05:00,22.66463007021903,23.159660748355844,22.66463007021903,23.140247344970703,1197900,0.0,0.0
2024-02-16 00:00:00-05:00,22.965533794381976,23.431444435954614,22.965533794381976,23.159664154052734,1840900,0.0,0.0
2024-02-20 00:00:00-05:00,22.81022684939305,23.062595538826617,22.68404343035829,22.790813446044922,1999000,0.0,0.0
2024-02-21 00:00:00-05:00,21.31542870264852,22.509327122312875,20.791279757374983,22.32490348815918,3472700,0.0,0.0
2024-02-22 00:00:00-05:00,22.61609530425848,23.14995275948209,22.61609530425848,22.84905242919922,1667200,0.0,0.0
2024-02-23 00:00:00-05:00,22.84905364498968,22.916998705311087,22.412261326689148,22.703454971313477,1584800,0.0,0.0
2024-02-26 00:00:00-05:00,22.674339088941505,22.849056034533536,22.55786050809207,22.684045791625977,1298900,0.0,0.0
2024-02-27 00:00:00-05:00,22.858762128657666,22.975240715839902,22.66463361850639,22.713165283203125,927600,0.0,0.0
2024-02-28 00:00:00-05:00,22.596687728582072,22.81993634028046,22.548154214279638,22.66463279724121,777300,0.0,0.0
2024-02-29 00:00:00-05:00,22.800988282460008,22.937345585481452,22.664630979438563,22.888647079467773,1670800,0.08,0.0
2024-03-01 00:00:00-05:00,22.78151211223848,23.171107659246367,22.78151211223848,23.015268325805664,1131600,0.0,0.0
2024-03-04 00:00:00-05:00,22.956828315422193,23.180844440670786,22.90812980392611,22.94708824157715,892900,0.0,0.0
2024-03-05 00:00:00-05:00,22.771769164398474,22.937346693665116,22.489314471960686,22.606191635131836,1449900,0.0,0.0
2024-03-06 00:00:00-05:00,22.888650640217243,23.093186626568734,22.800991829572542,23.08344841003418,1587500,0.0,0.0
2024-03-07 00:00:00-05:00,23.317202088217968,23.697055654627768,23.317202088217968,23.521738052368164,1168500,0.0,0.0
2024-03-08 00:00:00-05:00,23.628877285989766,23.79445481704751,23.28798215054982,23.326942443847656,998600,0.0,0.0
2024-03-11 00:00:00-04:00,23.297720631980365,23.511996657290254,23.132143112236253,23.356159210205078,881800,0.0,0.0
2024-03-12 00:00:00-04:00,23.385383478163185,23.502260654853902,23.258764369397472,23.4827823638916,668700,0.0,0.0
2024-03-13 00:00:00-04:00,23.443819758757044,23.99899093771136,23.443819758757044,23.774974822998047,1729900,0.0,0.0
2024-03-14 00:00:00-04:00,23.68731526702025,23.823672574643847,23.326941851806744,23.49251937866211,836800,0.0,0.0
2024-03-15 00:00:00-04:00,23.268504443743236,23.687318351964976,23.268504443743236,23.4827823638916,1189400,0.0,0.0
2024-03-18 00:00:00-04:00,23.58017827227699,23.774976034484606,23.42434080560255,23.44382095336914,1416500,0.0,0.0
2024-03-19 00:00:00-04:00,23.4438180064066,23.628875671468585,23.346419137546143,23.356159210205078,1203000,0.0,0.0
2024-03-20 00:00:00-04:00,23.434077974484083,23.989249112906204,23.356159250806048,23.95029067993164,1005800,0.0,0.0
2024-03-21 00:00:00-04:00,24.05742998584398,24.300926233240258,23.969771188163005,23.979511260986328,1556300,0.0,0.0
2024-03-22 00:00:00-04:00,24.028210720935007,24.398324214264594,23.99899050130543,24.115869522094727,1708700,0.0,0.0
2024-03-25 00:00:00-04:00,24.115869522094727,24.320405486314733,24.037950794144866,24.115869522094727,921400,0.0,0.0
2024-03-26 00:00:00-04:00,24.213269275878435,24.261967785967425,24.02821159362793,24.02821159362793,1582600,0.0,0.0
2024-03-27 00:00:00-04:00,24.21326668654952,24.31066369631202,24.03794909661082,24.24248504638672,1299800,0.0,0.0
2024-03-28 00:00:00-04:00,24.369105173956978,24.48598233376354,24.203527649456877,24.33014488220215,1309100,0.0,0.0
2024-04-01 00:00:00-04:00,24.466502888808815,24.48598117603631,24.20352650508445,24.33988380432129,958800,0.0,0.0
2024-04-02 00:00:00-04:00,24.20352920231482,24.242487638840196,23.921072642157256,24.02821159362793,1073700,0.0,0.0
2024-04-03 00:00:00-04:00,24.028210765790046,24.58338193568531,23.969772184150813,24.388586044311523,1872500,0.0,0.0
2024-04-04 00:00:00-04:00,24.544422007898245,24.826876683418657,24.19378682392776,24.320404052734375,1930900,0.0,0.0
2024-04-05 00:00:00-04:00,24.320405520073944,24.36910588619084,23.998990534618482,24.067169189453125,1184100,0.0,0.0
2024-04-08 00:00:00-04:00,24.300929471380726,24.700263221704216,24.067171407930168,24.690523147583008,1326700,0.0,0.0
2024-04-09 00:00:00-04:00,24.82687881822584,25.050894934923445,24.661301284638686,25.041154861450195,1312900,0.0,0.0
2024-04-10 00:00:00-04:00,24.632081985473633,25.13855278272404,24.54442318527608,24.632081985473633,1723200,0.0,0.0
2024-04-11 00:00:00-04:00,24.67104053616354,24.68078060931229,24.22300831769512,24.534683227539062,955000,0.0,0.0
2024-04-12 00:00:00-04:00,24.31066561540391,24.437284710456716,23.823673097232557,23.969772338867188,718400,0.0,0.0
2024-04-15 00:00:00-04:00,24.193785949238986,24.33988331803513,23.64835490545992,23.813932418823242,1077700,0.0,0.0
2024-04-16 00:00:00-04:00,23.65809770153469,23.736016431045453,23.336680852357613,23.45355987548828,1430700,0.0,0.0
2024-04-17 00:00:00-04:00,23.667833608216547,23.716533970490307,23.151622772216797,23.151622772216797,1197200,0.0,0.0
2024-04-18 00:00:00-04:00,23.26850468826909,23.287984837165332,22.878910998990452,23.015268325805664,1083700,0.0,0.0
2024-04-19 00:00:00-04:00,23.03474376048865,23.190581204306934,22.839947884580223,23.151622772216797,1030900,0.0,0.0
2024-04-22 00:00:00-04:00,23.08344841003418,23.239285882796047,22.820471978100077,23.08344841003418,1385300,0.0,0.0
2024-04-23 00:00:00-04:00,22.966565592492145,23.463298151724477,22.888646868949557,23.356159210205078,915400,0.0,0.0
2024-04-24 00:00:00-04:00,23.33668041451162,23.443819362227156,22.94708677426741,23.2003231048584,1573000,0.0,0.0
2024-04-25 00:00:00-04:00,23.044484698109148,23.171103787045748,22.83994874206702,23.06396484375,1899800,0.0,0.0
2024-04-26 00:00:00-04:00,23.23928185113847,23.356159006568873,23.10292269283114,23.229541778564453,1579300,0.0,0.0
2024-04-29 00:00:00-04:00,23.395120816141237,23.580176633878363,23.336680376902027,23.521738052368164,2457700,0.0,0.0
2024-04-30 00:00:00-04:00,23.219802956964575,23.443819065049198,22.499054267216877,22.52827262878418,1951400,0.0,0.0
2024-05-01 00:00:00-04:00,22.77176598125367,23.3171988589059,22.70358733597933,22.713327407836914,1204600,0.0,0.0
2024-05-02 00:00:00-04:00,23.005527891769688,23.171105425970584,22.742551480204312,22.986047744750977,804900,0.0,0.0
2024-05-03 00:00:00-04:00,23.34642048773385,23.414601000289473,23.13214445003179,23.2003231048584,1279300,0.0,0.0
2024-05-06 00:00:00-04:00,23.375637994511695,23.404858210787204,23.093181477034857,23.239280700683594,1266600,0.0,0.0
2024-05-07 00:00:00-04:00,23.287983967459088,23.599658907242276,23.287983967459088,23.375642776489258,1274400,0.0,0.0
2024-05-08 00:00:00-04:00,23.18084073836429,23.404858685563198,23.14188230693546,23.17110252380371,2146500,0.0,0.0
2024-05-09 00:00:00-04:00,23.24902552885078,23.473041659603798,23.141886571651867,23.375642776489258,999400,0.0,0.0
2024-05-10 00:00:00-04:00,23.463302072736948,23.51200058644086,23.239285937332216,23.307464599609375,754000,0.0,0.0
2024-05-13 00:00:00-04:00,23.434077442489116,23.46329765985337,23.151622772216797,23.151622772216797,926100,0.0,0.0
2024-05-14 00:00:00-04:00,23.278241635967174,23.29772178224683,22.97630679954849,23.073705673217773,1043200,0.0,0.0
2024-05-15 00:00:00-04:00,23.2977209050501,23.38537970227906,23.06396473168251,23.16136360168457,2042500,0.0,0.0
2024-05-16 00:00:00-04:00,23.171104859823433,23.268501877079114,23.083446058110106,23.102924346923828,747500,0.0,0.0
2024-05-17 00:00:00-04:00,23.151623085891593,23.346418964439255,23.122402868131445,23.18084144592285,1270200,0.0,0.0
2024-05-20 00:00:00-04:00,23.180841415694374,23.404859369438952,23.141882983127203,23.229541778564453,1218200,0.0,0.0
2024-05-21 00:00:00-04:00,23.19058268645416,23.502257594010377,23.15162425187413,23.49251937866211,1483800,0.0,0.0
2024-05-22 00:00:00-04:00,23.32693720821174,23.48277463096795,23.09317921634881,23.210058212280273,1089200,0.0,0.0
2024-05-23 00:00:00-04:00,23.395123449478735,23.54122084856335,23.171107313700382,23.258764266967773,1478300,0.0,0.0
2024-05-24 00:00:00-04:00,23.443817208902345,23.736013805543877,23.375638560337975,23.716533660888672,1518300,0.0,0.0
2024-05-28 00:00:00-04:00,23.852894767821823,24.02821238226285,23.414602589448396,23.44382095336914,1335800,0.0,0.0
2024-05-29 00:00:00-04:00,23.190583510790326,23.297722460719523,23.05422619831975,23.132144927978516,993400,0.0,0.0
2024-05-30 00:00:00-04:00,23.210063061960454,23.43407917176399,23.180842842439947,23.29772186279297,1049400,0.0,0.0
2024-05-31 00:00:00-04:00,23.336812736175514,23.493175010862924,23.14136315475172,23.483402252197266,1793800,0.08,0.0
2024-06-03 00:00:00-04:00,23.620212351054647,23.757027216676327,23.141358457416022,23.199993133544922,1246100,0.0,0.0
2024-06-04 00:00:00-04:00,22.97522924139925,23.092498613663594,22.60387187998168,22.633190155029297,1886000,0.0,0.0
2024-06-05 00:00:00-04:00,22.71136720729735,23.414988935164907,22.652732529299087,23.366127014160156,1375600,0.0,0.0
2024-06-06 00:00:00-04:00,23.366129999293385,23.444310201266557,23.072954707884744,23.121816635131836,1672500,0.0,0.0
2024-06-07 00:00:00-04:00,22.857956623454502,23.160906522077987,22.838412971900528,22.985000610351562,987900,0.0,0.0
2024-06-10 00:00:00-04:00,22.78954745035222,23.23908495324709,22.7700019363214,23.10226821899414,983100,0.0,0.0
2024-06-11 00:00:00-04:00,23.024088640732987,23.209767301050995,22.92636293193599,23.190221786499023,789900,0.0,0.0
2024-06-12 00:00:00-04:00,25.36949827873286,26.39561550389444,24.99814279356436,26.33698081970215,5407300,0.0,0.0
2024-06-13 00:00:00-04:00,26.454249880593228,26.464022638505515,25.662675129327756,26.141529083251953,2731400,0.0,0.0
2024-06-14 00:00:00-04:00,25.701761490352336,25.926531169863882,25.40858624085071,25.858121871948242,1695800,0.0,0.0
2024-06-17 00:00:00-04:00,25.92653541920107,26.56174980654088,25.623585499238338,26.473796844482422,1697200,0.0,0.0
2024-06-18 00:00:00-04:00,26.561747119998877,27.2262797154662,26.327206532886212,27.216506958007812,2291600,0.0,0.0
2024-06-20 00:00:00-04:00,27.128556074385546,27.1774180014421,26.620383831560023,26.688791275024414,2127700,0.0,0.0
2024-06-21 00:00:00-04:00,26.610610465500216,26.737654455286098,26.356524349891444,26.60083770751953,2074200,0.0,0.0
2024-06-24 00:00:00-04:00,26.806059958848103,26.923329318210588,26.23925308469513,26.258798599243164,2443500,0.0,0.0
2024-06-25 00:00:00-04:00,26.239254719419623,26.336980434285316,26.053576047571102,26.10243797302246,1608300,0.0,0.0
2024-06-26 00:00:00-04:00,26.102438466537087,26.512884985562867,26.07312205629718,26.4151611328125,1715300,0.0,0.0
2024-06-27 00:00:00-04:00,26.366295619488543,26.424932164062593,26.151300547939027,26.229480743408203,1227400,0.0,0.0
2024-06-28 00:00:00-04:00,26.327208778984797,26.747428065731963,26.200164785149905,26.503114700317383,2241900,0.0,0.0
2024-07-01 00:00:00-04:00,26.591063448467068,26.718107431081286,26.034029322753813,26.229480743408203,1116600,0.0,0.0
2024-07-02 00:00:00-04:00,26.190391950593654,26.5128855174433,26.121984506710856,26.46402359008789,906900,0.0,0.0
2024-07-03 00:00:00-04:00,26.56174523315002,26.67901458639452,26.239251715783503,26.307659149169922,505600,0.0,0.0
2024-07-05 00:00:00-04:00,26.18062105629301,26.54220379223438,26.07312257935544,26.46402359008789,2008300,0.0,0.0
2024-07-08 00:00:00-04:00,26.5422013562116,26.9233295737007,26.473793918607182,26.7571964263916,1091400,0.0,0.0
2024-07-09 00:00:00-04:00,26.757198072106387,26.85492378782174,26.454250030955485,26.561748504638672,1015300,0.0,0.0
2024-07-10 00:00:00-04:00,26.600836233325722,26.95264804528124,26.56174706753227,26.874467849731445,1362700,0.0,0.0
2024-07-11 00:00:00-04:00,27.284917647593172,27.441278057633912,27.148102754798302,27.167646408081055,1605800,0.0,0.0
2024-07-12 00:00:00-04:00,27.32400490103193,27.675816730921554,27.23605380752251,27.47059440612793,1059500,0.0,0.0
2024-07-15 00:00:00-04:00,27.46082006428979,27.548773016689196,27.050373574413523,27.06014633178711,1517100,0.0,0.0
2024-07-16 00:00:00-04:00,27.16764282661324,28.0373995897647,27.099235389233847,27.929901123046875,1571500,0.0,0.0
2024-07-17 00:00:00-04:00,27.675816023252757,27.783314493850966,26.669246212971117,26.698562622070312,1681600,0.0,0.0
2024-07-18 00:00:00-04:00,26.73765418766798,27.10900966740205,25.98516860635401,26.10243797302246,1640000,0.0,0.0
2024-07-19 00:00:00-04:00,26.082894702918225,26.45425018808673,25.99494174464829,26.33698081970215,1320200,0.0,0.0
2024-07-22 00:00:00-04:00,26.444476931951364,27.001511081193296,26.385842248863522,26.97219467163086,1079900,0.0,0.0
2024-07-23 00:00:00-04:00,26.972197601193013,27.177419946272,26.77674615105412,27.030832290649414,990100,0.0,0.0
2024-07-24 00:00:00-04:00,26.903787855313897,26.99174081396911,26.09266757524262,26.112211227416992,766400,0.0,0.0
2024-07-25 00:00:00-04:00,26.14152631219828,26.4835653470196,25.79948727737696,25.897212982177734,1492700,0.0,0.0
2024-07-26 00:00:00-04:00,26.219712398835625,26.591067923823747,26.13175943113469,26.31743812561035,1368000,0.0,0.0
2024-07-29 00:00:00-04:00,26.43470125917859,26.54219971962168,26.170844282397084,26.307659149169922,1663200,0.0,0.0
2024-07-30 00:00:00-04:00,25.516086081347925,26.581292403521985,25.222908952037074,25.50631332397461,1938500,0.0,0.0
2024-07-31 00:00:00-04:00,26.268571513520975,26.76697098906294,26.092667460944106,26.33698081970215,2708700,0.0,0.0
2024-08-01 00:00:00-04:00,26.20016482516106,26.512885635135202,25.291318806196806,25.555177688598633,1342300,0.0,0.0
2024-08-02 00:00:00-04:00,24.79292168762262,24.79292168762262,24.050208816754147,24.577924728393555,1720600,0.0,0.0
2024-08-05 00:00:00-04:00,23.522490487278535,24.13816121098455,23.151134992569983,23.84498405456543,1408200,0.0,0.0
2024-08-06 00:00:00-04:00,23.893849021836484,24.499745153120426,23.835212469289154,23.981801986694336,1306700,0.0,0.0
2024-08-07 00:00:00-04:00,24.32383779869623,24.343383315067175,23.53226302530322,23.688623428344727,1806400,0.0,0.0
2024-08-08 00:00:00-04:00,24.187020618233046,24.43133395781116,23.88407259906579,24.402015686035156,1173000,0.0,0.0
2024-08-09 00:00:00-04:00,24.392244756690197,24.695194662522866,24.26520263073291,24.665876388549805,957400,0.0,0.0
2024-08-12 00:00:00-04:00,24.61701523182283,24.773375636639337,24.382474624598075,24.529062271118164,948800,0.0,0.0
2024-08-13 00:00:00-04:00,24.792919427601635,25.076321942620094,24.685420957786224,24.98836898803711,1395600,0.0,0.0
2024-08-14 00:00:00-04:00,25.03723560498813,25.154504981706687,24.75383119398587,24.968826293945312,869600,0.0,0.0
2024-08-15 00:00:00-04:00,25.42813522527347,25.525860943100362,25.18382186268774,25.320636749267578,1298600,0.0,0.0
2024-08-16 00:00:00-04:00,25.27177622238838,25.31086539330685,24.871102434667563,24.968826293945312,1657400,0.0,0.0
2024-08-19 00:00:00-04:00,25.047007102494614,25.18382386390957,24.929737722954005,25.056779861450195,905000,0.0,0.0
2024-08-20 00:00:00-04:00,25.047004823833117,25.301090941673092,24.763602295756648,24.78314781188965,803100,0.0,0.0
2024-08-21 00:00:00-04:00,25.007918213140492,25.271777116032354,24.87110331414317,25.25223159790039,983900,0.0,0.0
2024-08-22 00:00:00-04:00,25.222910351582524,25.301090550944167,24.84178211268989,24.85155487060547,1024300,0.0,0.0
2024-08-23 00:00:00-04:00,25.056776442398874,25.63335609436035,24.968823487763196,25.63335609436035,1458000,0.0,0.0
2024-08-26 00:00:00-04:00,25.828807669813752,25.965622549396357,25.389042894065472,25.408588409423828,700900,0.0,0.0
2024-08-27 00:00:00-04:00,25.3401792698913,25.574719846570478,25.115411450235776,25.52585792541504,1018900,0.0,0.0
2024-08-28 00:00:00-04:00,25.379269988075382,25.682219882470687,25.379269988075382,25.63335609436035,625100,0.0,0.0
2024-08-29 00:00:00-04:00,25.848355364214445,26.17084893896207,25.633358405073963,25.90699005126953,811100,0.0,0.0
2024-08-30 00:00:00-04:00,26.05401800051842,26.318675517708588,25.8383721733291,26.210851669311523,1021900,0.08,0.0
2024-09-03 00:00:00-04:00,25.808968219704482,26.01481360290717,25.05420493063633,25.171831130981445,1425800,0.0,0.0
2024-09-04 00:00:00-04:00,25.06400444877209,25.40707880242587,25.024796966139988,25.03459930419922,936800,0.0,0.0
2024-09-05 00:00:00-04:00,25.024798339648672,25.42668487411092,25.01499600105143,25.358070373535156,1010100,0.0,0.0
2024-09-06 00:00:00-04:00,25.260045540168523,25.407076860610005,24.348448735984782,24.48567771911621,1339300,0.0,0.0
2024-09-09 00:00:00-04:00,24.524891364324997,24.769944231187704,24.348453001047048,24.475879669189453,1044800,0.0,0.0
2024-09-10 00:00:00-04:00,24.485681550619038,24.544495583682554,24.11320202257496,24.407264709472656,855900,0.0,0.0
2024-09-11 00:00:00-04:00,24.505289006693147,24.82875874679729,24.024985566514584,24.779748916625977,1023700,0.0,0.0
2024-09-12 00:00:00-04:00,24.760139441205762,24.9953899457544,24.632710916072238,24.799346923828125,1200600,0.0,0.0
2024-09-13 00:00:00-04:00,25.03460119509672,25.201235345875283,24.965984823499422,25.113018035888672,648400,0.0,0.0
2024-09-16 00:00:00-04:00,25.171824917946946,25.45608520507714,25.034595942753374,25.377668380737305,1342900,0.0,0.0
2024-09-17 00:00:00-04:00,25.554110593174943,25.769758295142402,24.98558806276003,25.181631088256836,1419300,0.0,0.0
2024-09-18 00:00:00-04:00,25.32866295534022,25.32866295534022,24.564097383346624,24.740535736083984,1637600,0.0,0.0
2024-09-19 00:00:00-04:00,25.348268023468847,25.534506847917385,25.113017506056284,25.31886100769043,1204000,0.0,0.0
2024-09-20 00:00:00-04:00,25.18163110023106,25.240443260066126,24.760139903935894,25.103214263916016,1339000,0.0,0.0
2024-09-23 00:00:00-04:00,25.26985310020541,25.387477433027108,25.014997886284984,25.201236724853516,1178500,0.0,0.0
2024-09-24 00:00:00-04:00,25.42668574489477,25.799165276321546,25.387476389163012,25.612924575805664,958600,0.0,0.0
2024-09-25 00:00:00-04:00,25.63252833446493,25.77955967397637,25.446287640627816,25.47569465637207,762400,0.0,0.0
2024-09-26 00:00:00-04:00,25.57371832377696,26.612741995943384,25.563915984370993,26.485315322875977,1368100,0.0,0.0
2024-09-27 00:00:00-04:00,26.622542894826925,26.78917891650167,26.279468512601866,26.47551155090332,894600,0.0,0.0
2024-09-30 00:00:00-04:00,26.338282981289797,26.651950352073815,26.210854443405665,26.622543334960938,1129800,0.0,0.0
2024-10-01 00:00:00-04:00,26.553930374239396,26.553930374239396,25.89718857739799,26.240262985229492,1741000,0.0,0.0
2024-10-02 00:00:00-04:00,26.152040456250344,26.455905466820397,25.985404443433566,26.191247940063477,958900,0.0,0.0
2024-10-03 00:00:00-04:00,25.975602673511727,26.093228866734925,25.740352156670248,25.750154495239258,1153200,0.0,0.0
2024-10-04 00:00:00-04:00,26.22065742979759,26.22065742979759,25.77956151023935,25.90699005126953,801300,0.0,0.0
2024-10-07 00:00:00-04:00,25.583517620046244,25.848175143711327,25.024797427600976,25.103214263916016,2271600,0.0,0.0
2024-10-08 00:00:00-04:00,24.965985747778753,25.318862479209063,24.603308546790963,25.171831130981445,1097600,0.0,0.0
2024-10-09 00:00:00-04:00,25.240446099172658,25.397279789443772,24.946383397315586,25.27965545654297,959500,0.0,0.0
2024-10-10 00:00:00-04:00,25.03460119509672,25.29925686426646,24.946382015505154,25.113018035888672,789300,0.0,0.0
2024-10-11 00:00:00-04:00,25.103215605510204,25.505102146803463,25.103215605510204,25.465892791748047,527600,0.0,0.0
2024-10-14 00:00:00-04:00,25.66193389892578,25.936391885264147,25.475693215621313,25.66193389892578,1044000,0.0,0.0
2024-10-15 00:00:00-04:00,25.54431115287981,25.750156539964603,24.975788557967384,25.162029266357422,1331100,0.0,0.0
2024-10-16 00:00:00-04:00,25.358069448416973,25.583517619113895,24.98558807373047,24.98558807373047,1109200,0.0,0.0
2024-10-17 00:00:00-04:00,25.40708170138185,25.40708170138185,24.965985786411405,25.014997482299805,827600,0.0,0.0
2024-10-18 00:00:00-04:00,25.07380776467569,25.07380776467569,24.652316559715302,24.740535736083984,648600,0.0,0.0
2024-10-21 00:00:00-04:00,24.652313723368295,24.691523072623134,24.250427241529568,24.32884407043457,952700,0.0,0.0
2024-10-22 00:00:00-04:00,24.2700367085888,24.39746337961972,24.07399366281273,24.15241050720215,1418700,0.0,0.0
2024-10-23 00:00:00-04:00,24.034787876789835,27.37730914360676,24.034787876789835,26.377492904663086,7626200,0.0,0.0
2024-10-24 00:00:00-04:00,26.56372832859704,26.87739566582545,25.995205812469347,26.446102142333984,3783200,0.0,0.0
2024-10-25 00:00:00-04:00,26.759769958719367,26.946010644635336,26.269664268123005,26.43630027770996,2286100,0.0,0.0
2024-10-28 00:00:00-04:00,26.612739649311912,26.612739649311912,26.063821778215267,26.14223861694336,2098800,0.0,0.0
2024-10-29 00:00:00-04:00,26.779378335045916,27.583151479541232,26.044219697577503,27.142057418823242,2215800,0.0,0.0
2024-10-30 00:00:00-04:00,27.40671119837126,27.524337394799083,27.03423167062559,27.06363868713379,1421000,0.0,0.0
2024-10-31 00:00:00-04:00,26.955814439614294,27.004824263480707,26.553927901173893,26.563730239868164,1200700,0.0,0.0
2024-11-01 00:00:00-04:00,26.57353351903996,27.063639253469436,26.544126501916388,26.661752700805664,1329900,0.0,0.0
2024-11-04 00:00:00-05:00,26.671552634928325,27.024429354908712,26.661752165688842,26.867595672607422,1100300,0.0,0.0
2024-11-05 00:00:00-05:00,26.710761918309185,27.30869149897428,26.710761918309185,27.29888916015625,785900,0.0,0.0
2024-11-06 00:00:00-05:00,28.092859224122986,28.46534061171593,27.661565674659283,28.328109741210938,1270800,0.0,0.0
2024-11-07 00:00:00-05:00,28.48494487890393,28.582966400114657,28.220289202121492,28.259496688842773,1068200,0.0,0.0
2024-11-08 00:00:00-05:00,28.014441009973122,28.308503674497434,27.759585828236467,28.004638671875,1015700,0.0,0.0
2024-11-11 00:00:00-05:00,28.063456037746445,28.25949909687299,27.906622338287278,28.171279907226562,872500,0.0,0.0
2024-11-12 00:00:00-05:00,27.96543216249082,28.063451807674184,27.56354563450339,27.828201293945312,1056700,0.0,0.0
2024-11-13 00:00:00-05:00,27.857610209114128,28.200684599467767,27.749786348533124,27.945829391479492,948200,0.0,0.0
2024-11-14 00:00:00-05:00,27.9458289602485,28.112464983300057,27.592952236232268,27.681171417236328,952600,0.0,0.0
2024-11-15 00:00:00-05:00,27.57334424630346,27.80859661379323,27.475324607721614,27.5145320892334,910200,0.0,0.0
2024-11-18 00:00:00-05:00,27.465526106286255,27.857610324193672,27.416514410544686,27.47532844543457,776000,0.0,0.0
2024-11-19 00:00:00-05:00,27.240076041167036,27.33809568669851,26.867594657569814,27.161657333374023,2354300,0.0,0.0
2024-11-20 00:00:00-05:00,27.20086668727053,27.347898025172633,26.847989980621563,27.161657333374023,1895100,0.0,0.0
2024-11-21 00:00:00-05:00,27.151858132122996,28.004641053531373,27.151858132122996,27.99483871459961,1094500,0.0,0.0
2024-11-22 00:00:00-05:00,27.95562928918173,28.49474480579498,27.926222274426426,28.46533966064453,957500,0.0,0.0
2024-11-25 00:00:00-05:00,28.700591540141854,29.190697258500528,28.631975169103484,28.749601364135742,2453300,0.0,0.0
2024-11-26 00:00:00-05:00,28.63197334226492,28.857423379225022,28.063450820027146,28.08305549621582,1483600,0.0,0.0
2024-11-27 00:00:00-05:00,28.063451794029124,28.328109322947252,27.661565266237098,27.906618118286133,1244900,0.0,0.0
2024-11-29 00:00:00-05:00,27.994838707239936,28.210486424472013,27.955631221128183,28.112464904785156,800900,0.0,0.0
2024-12-02 00:00:00-05:00,28.073144210653435,28.132122755357003,27.82740589889217,27.984678268432617,849800,0.08,0.0
2024-12-03 00:00:00-05:00,28.004338892425945,28.0829750803105,27.36541963150961,27.394908905029297,994800,0.0,0.0
2024-12-04 00:00:00-05:00,27.404736299423348,27.4932022435705,27.26712344178759,27.33592987060547,1189100,0.0,0.0
2024-12-05 00:00:00-05:00,27.168829680720112,27.375250856753553,27.041046571621088,27.178659439086914,999700,0.0,0.0
2024-12-06 00:00:00-05:00,27.2671241569141,27.42439653400387,27.05087510712433,27.345760345458984,782900,0.0,0.0
2024-12-09 00:00:00-05:00,27.51286082264808,27.788088403388283,27.267122513898272,27.296611785888672,894900,0.0,0.0
2024-12-10 00:00:00-05:00,27.168826888005196,27.168826888005196,26.84445239458236,26.903430938720703,901700,0.0,0.0
2024-12-11 00:00:00-05:00,27.031213760375977,27.227805155839782,26.834622364912175,27.031213760375977,855000,0.0,0.0
2024-12-12 00:00:00-05:00,26.9918965595897,27.55218151216094,26.923090128967257,27.345760345458984,2061700,0.0,0.0
2024-12-13 00:00:00-05:00,27.316273330661303,27.40473740353803,26.7265009708637,26.824796676635742,880600,0.0,0.0
2024-12-16 00:00:00-05:00,26.68717961895774,26.93291792461082,26.215362522064098,26.372634887695312,1274900,0.0,0.0
2024-12-17 00:00:00-05:00,26.254680633544922,26.421782762476496,25.949965648376008,26.254680633544922,1277100,0.0,0.0
2024-12-18 00:00:00-05:00,26.333317672942204,26.549566706477517,25.222579484045927,25.242238998413086,1162900,0.0,0.0
2024-12-19 00:00:00-05:00,25.330707894013695,25.4486612443114,24.760595034682247,24.888378143310547,1803700,0.0,0.0
2024-12-20 00:00:00-05:00,24.681956740885408,25.193091006703625,24.64263771091156,24.858888626098633,2255600,0.0,0.0
2024-12-23 00:00:00-05:00,24.740934071621993,25.222580952654873,24.72127455611014,25.10462760925293,1280700,0.0,0.0
2024-12-24 00:00:00-05:00,25.212752084745887,25.40934349713365,25.025990430460975,25.301218032836914,524700,0.0,0.0
2024-12-26 00:00:00-05:00,25.19309018630862,25.478147519832696,25.09479636424395,25.399511337280273,686400,0.0,0.0
2024-12-27 00:00:00-05:00,25.163602828979492,25.507636831247343,24.967011434873726,25.163602828979492,785600,0.0,0.0
2024-12-30 00:00:00-05:00,24.8588871571186,25.173431878983894,24.642636254710386,25.075136184692383,919200,0.0,0.0
2024-12-31 00:00:00-05:00,25.11445334859312,25.193089529094152,24.809738383505927,24.99650001525879,790000,0.0,0.0
2025-01-02 00:00:00-05:00,25.07513864036825,25.261900290328754,24.731104614072994,24.740934371948242,1090900,0.0,0.0
2025-01-03 00:00:00-05:00,24.849060984822877,24.99650361011236,24.67212908454162,24.888378143310547,1368000,0.0,0.0
2025-01-06 00:00:00-05:00,25.065309524536133,25.271728820699913,24.937526418553986,25.065309524536133,1484900,0.0,0.0
2025-01-07 00:00:00-05:00,25.143945423797124,25.45849018088429,25.025990202472116,25.350366592407227,1443400,0.0,0.0
2025-01-08 00:00:00-05:00,25.183265223725424,25.261901415394952,24.73110571549963,25.045650482177734,1993400,0.0,0.0
2025-01-10 00:00:00-05:00,24.564000306642587,25.124283332120253,24.455874854415512,24.947351455688477,1330600,0.0,0.0
2025-01-13 00:00:00-05:00,24.72127417260999,24.73110393021343,24.416559186241646,24.57383155822754,1518400,0.0,0.0
2025-01-14 00:00:00-05:00,24.239626362313455,24.5246836972935,24.1216730252996,24.455875396728516,2588600,0.0,0.0
2025-01-15 00:00:00-05:00,24.947351219663087,25.271725698440978,24.849057400206004,25.075136184692383,1236000,0.0,0.0
2025-01-16 00:00:00-05:00,25.084967799114576,25.360193513709604,25.045648768552674,25.311046600341797,835300,0.0,0.0
2025-01-17 00:00:00-05:00,25.556785846429847,25.704228466730783,25.497809173276398,25.507638931274414,788000,0.0,0.0
2025-01-21 00:00:00-05:00,25.645251924364974,25.959796682567013,25.645251924364974,25.85167121887207,1066200,0.0,0.0
2025-01-22 00:00:00-05:00,25.82218385999621,26.136728618690785,25.674741238712457,25.694398880004883,1202600,0.0,0.0
2025-01-23 00:00:00-05:00,25.64525173465553,25.832013386519428,25.438830566840778,25.743547439575195,1091900,0.0,0.0
2025-01-24 00:00:00-05:00,25.75337888889551,25.900821518540937,25.5764469833871,25.63542366027832,1024000,0.0,0.0
2025-01-27 00:00:00-05:00,25.252070225922655,25.39951284259238,24.495195752227588,25.10462760925293,1357000,0.0,0.0
2025-01-28 00:00:00-05:00,24.947355511786323,25.13411717558858,24.84906167541806,24.976844787597656,1232300,0.0,0.0
2025-01-29 00:00:00-05:00,24.967014335120584,25.271729344030142,24.760595034682247,24.888378143310547,1552300,0.0,0.0
2025-01-30 00:00:00-05:00,25.104627055881085,25.42900155533825,24.878546382147356,25.360193252563477,991700,0.0,0.0
2025-01-31 00:00:00-05:00,25.399513000868534,25.605932290525526,25.183263953394363,25.370023727416992,970200,0.0,0.0
2025-02-03 00:00:00-05:00,24.75076296954802,25.065307707472186,24.377239687137177,24.593490600585938,1084700,0.0,0.0
2025-02-04 00:00:00-05:00,24.613150764626752,25.18326358586059,24.495195547376667,24.917865753173828,1391100,0.0,0.0
2025-02-05 00:00:00-05:00,24.908037659971733,24.99650361011236,24.67212908454162,24.888378143310547,2375700,0.0,0.0
2025-02-06 00:00:00-05:00,25.07513971287043,25.47815042881996,25.006333279635346,25.202922821044922,1323200,0.0,0.0
2025-02-07 00:00:00-05:00,25.212749270336143,25.261898055364107,24.750761940079958,24.947351455688477,1139400,0.0,0.0
2025-02-10 00:00:00-05:00,25.09479764163167,25.09479764163167,24.740933864715988,24.917865753173828,1382000,0.0,0.0
2025-02-11 00:00:00-05:00,24.99650230453713,25.4683194307542,24.976842788902772,25.370023727416992,1228800,0.0,0.0
2025-02-12 00:00:00-05:00,25.075138695556515,25.74354723386764,24.95718347562853,25.556785583496094,1737700,0.0,0.0
2025-02-13 00:00:00-05:00,25.73371434857207,25.792691013951366,25.261897275868947,25.645248413085938,1166200,0.0,0.0
2025-02-14 00:00:00-05:00,25.67474242881556,25.92048076729075,25.517468167343477,25.6845703125,1300400,0.0,0.0
2025-02-18 00:00:00-05:00,25.802523099228388,26.08758044481664,25.72388691334793,25.940135955810547,2180300,0.0,0.0
2025-02-19 00:00:00-05:00,25.78286609641759,27.227808730668496,25.753378695610667,27.080364227294922,2226600,0.0,0.0
2025-02-20 00:00:00-05:00,26.932917406549386,27.07053212995551,26.529906743017104,26.628202438354492,2012800,0.0,0.0
2025-02-21 00:00:00-05:00,26.74615560544826,26.74615560544826,25.63541931714253,26.048259735107422,1690300,0.0,0.0
2025-02-24 00:00:00-05:00,26.04826049372085,26.264509528539627,25.517464851664094,25.822181701660156,1527700,0.0,0.0
2025-02-25 00:00:00-05:00,25.645251245279322,26.136727885664385,25.63542148749147,25.841842651367188,1507700,0.0,0.0
2025-02-26 00:00:00-05:00,25.87132864058967,26.11706694739593,25.596102936860735,25.66490936279297,1611800,0.0,0.0
2025-02-27 00:00:00-05:00,25.645248431901848,25.930303877139572,25.389680381958215,25.48797607421875,1722900,0.0,0.0
2025-02-28 00:00:00-05:00,25.50763699642372,25.70422651696803,25.212749903355512,25.66490936279297,1701700,0.0,0.0
2025-03-03 00:00:00-05:00,25.86210357575318,25.950841406812373,24.90570925062219,25.043745040893555,1305900,0.08,0.0
2025-03-04 00:00:00-05:00,24.708513984595395,24.915569553381303,24.10707097561941,24.254966735839844,2008100,0.0,0.0
2025-03-05 00:00:00-05:00,24.412721356445605,25.014166218728104,24.39300142115189,24.92542839050293,1760400,0.0,0.0
2025-03-06 00:00:00-05:00,24.73809443637753,25.19164169517091,24.294405265299947,24.333845138549805,2647300,0.0,0.0
2025-03-07 00:00:00-05:00,24.22538755594854,24.521180965830894,23.860578128535987,24.501461029052734,4850400,0.0,0.0
2025-03-10 00:00:00-04:00,25.38883698133932,25.54659271116399,24.314124896535866,24.8465518951416,7440100,0.0,0.0
2025-03-11 00:00:00-04:00,24.955009640469633,25.497296647605665,24.422584482852507,25.12262535095215,4586500,0.0,0.0
2025-03-12 00:00:00-04:00,25.290238630905296,25.48743422920261,24.629635821384884,24.76767349243164,3529800,0.0,0.0
2025-03-13 00:00:00-04:00,24.787392200032443,25.26066127228014,24.47188073893175,24.866270065307617,2907200,0.0,0.0
2025-03-14 00:00:00-04:00,25.26066148478748,25.871964475663553,25.043745943008442,25.733928680419922,2635900,0.0,0.0
2025-03-17 00:00:00-04:00,25.61560935896142,26.364949979391724,25.61560935896142,26.19733428955078,2575500,0.0,0.0
2025-03-18 00:00:00-04:00,26.197337391125686,26.394533007436813,25.822667976850664,25.950843811035156,3241500,0.0,0.0
2025-03-19 00:00:00-04:00,25.980422786809818,26.148038490489753,25.635331410927986,25.812807083129883,5062000,0.0,0.0
2025-03-20 00:00:00-04:00,25.63533078719617,26.138177886001234,25.53673298497224,25.862104415893555,3512700,0.0,0.0
2025-03-21 00:00:00-04:00,25.526871985957335,25.635329752083983,24.51131974166813,24.876129150390625,43421900,0.0,0.0
2025-03-24 00:00:00-04:00,25.014165603165413,25.388834961543203,24.85640800529443,25.25079917907715,2861700,0.0,0.0
2025-03-25 00:00:00-04:00,25.231082170727348,25.250802107823024,24.402863618676058,24.560619354248047,2146400,0.0,0.0
2025-03-26 00:00:00-04:00,24.62963588804169,24.71837371945598,24.16622867556444,24.363422393798828,1772200,0.0,0.0
2025-03-27 00:00:00-04:00,24.176091771961513,24.28454767281585,22.608392388243658,23.26899528503418,6807200,0.0,0.0
2025-03-28 00:00:00-04:00,23.328150532756727,23.426748333572604,22.39147424590082,22.598529815673828,2691800,0.0,0.0
2025-03-31 00:00:00-04:00,22.243579262185424,22.44077487070737,22.046385534260175,22.292879104614258,3223500,0.0,0.0
2025-04-01 00:00:00-04:00,22.23371901286251,22.42105465053243,21.819609744674455,22.25343894958496,3589900,0.0,0.0
2025-04-02 00:00:00-04:00,21.928068317829432,22.549233183122134,21.928068317829432,22.37175750732422,1926400,0.0,0.0
2025-04-03 00:00:00-04:00,21.553398952374916,21.64213679045086,19.788504040194184,19.8476619720459,3988500,0.0,0.0
2025-04-04 00:00:00-04:00,18.901125723644256,19.206777202868054,17.4714623636743,18.04332733154297,4671400,0.0,0.0
2025-04-07 00:00:00-04:00,17.382726035018322,18.67435371859136,16.56436744343226,18.13206672668457,6117100,0.0,0.0
2025-04-08 00:00:00-04:00,18.674354508675087,18.901128155319437,16.761563764299666,17.25455093383789,5785700,0.0,0.0
2025-04-09 00:00:00-04:00,17.057353651929592,19.29551563491798,16.534788506713213,19.09832191467285,7658200,0.0,0.0
2025-04-10 00:00:00-04:00,18.299679824681668,18.585613232856232,17.392583525150226,17.757394790649414,3297800,0.0,0.0
2025-04-11 00:00:00-04:00,17.727814621748546,18.11234581593264,16.988334015251397,17.994028091430664,2986800,0.0,0.0
2025-04-14 00:00:00-04:00,18.703931157764544,19.068742463817923,18.29968185896296,18.605335235595703,3524200,0.0,0.0
2025-04-15 00:00:00-04:00,18.64477432668442,18.891267907820485,18.171507102246395,18.487018585205078,2761200,0.0,0.0
2025-04-16 00:00:00-04:00,18.28982292774019,18.615194378898693,18.141927155503918,18.339122772216797,3349900,0.0,0.0
2025-04-17 00:00:00-04:00,18.50673593403234,18.940563222111702,18.417998106789625,18.664491653442383,2563300,0.0,0.0
2025-04-21 00:00:00-04:00,18.447580454209756,18.615196180458344,17.520765855514686,17.747539520263672,4998800,0.0,0.0
2025-04-22 00:00:00-04:00,17.984170394590667,18.654633196680123,17.78697666965632,18.605335235595703,11040700,0.0,0.0
2025-04-23 00:00:00-04:00,19.4039752751309,20.005420223176124,18.851830172349842,18.95042610168457,4909200,0.0,0.0
2025-04-24 00:00:00-04:00,19.90682255775305,20.380089792143803,19.403975415989066,20.242053985595703,4803500,0.0,0.0
2025-04-25 00:00:00-04:00,19.82794345366229,20.311070627166067,19.788503579614616,19.91668128967285,2366600,0.0,0.0
2025-04-28 00:00:00-04:00,20.07443787496021,20.488547167017632,19.59131068099268,19.758926391601562,1714000,0.0,0.0
2025-04-29 00:00:00-04:00,19.719485931843007,20.143455180273108,19.67018796925209,19.956119537353516,2179200,0.0,0.0
2025-04-30 00:00:00-04:00,19.620888306303645,20.21247326581263,19.46313256784748,20.123735427856445,2355200,0.0,0.0
2025-05-01 00:00:00-04:00,20.19275390062766,20.636443102982927,20.14345593618676,20.350509643554688,2229100,0.0,0.0
2025-05-02 00:00:00-04:00,20.961812637795052,21.129428334376446,20.58714137221471,20.774477005004883,1764900,0.0,0.0
2025-05-05 00:00:00-04:00,20.557564036278556,20.71531977003348,20.39980830252363,20.597002029418945,2073800,0.0,0.0
2025-05-06 00:00:00-04:00,20.320930248332157,20.597001839560164,20.21247247715163,20.429386138916016,1888000,0.0,0.0
2025-05-07 00:00:00-04:00,20.449106542836965,20.715320052400877,20.3209307126377,20.636442184448242,2753300,0.0,0.0
2025-05-08 00:00:00-04:00,20.882932730051916,21.16886425471284,20.64629916049225,21.03082847595215,1716400,0.0,0.0
2025-05-09 00:00:00-04:00,21.030830329245706,21.139288096741808,20.675879003328724,20.8829345703125,1457100,0.0,0.0
2025-05-12 00:00:00-04:00,22.125262099722132,22.628109179329066,21.937926470708586,22.519651412963867,2735600,0.0,0.0
2025-05-13 00:00:00-04:00,22.529512008685828,22.80558359534987,22.38161624717343,22.470354080200195,1884300,0.0,0.0
2025-05-14 00:00:00-04:00,22.342176828223163,22.460494568194108,21.868909629532737,21.977367401123047,1615500,0.0,0.0
2025-05-15 00:00:00-04:00,21.770311637439764,21.868909439793985,21.504098135262364,21.809751510620117,1032400,0.0,0.0
2025-05-16 00:00:00-04:00,21.41536173032208,22.066104636450873,21.41536173032208,22.02666664123535,1157800,0.0,0.0
2025-05-19 00:00:00-04:00,21.523820161251653,22.15484314861982,21.464662226335097,22.12526512145996,1626500,0.0,0.0
2025-05-20 00:00:00-04:00,22.036525538673942,22.164701367637885,21.7210140699042,21.86890983581543,1420400,0.0,0.0
2025-05-21 00:00:00-04:00,21.642137486906186,21.701295420661634,21.001252662267746,21.07027244567871,2480000,0.0,0.0
2025-05-22 00:00:00-04:00,20.9322324372484,21.444939487841115,20.90265441395044,21.28718376159668,1341100,0.0,0.0
2025-05-23 00:00:00-04:00,20.71531845209045,21.247743549490384,20.69559851647653,21.0998477935791,974100,0.0,0.0
2025-05-27 00:00:00-04:00,21.51395695273667,21.81960843114791,21.336481294111902,21.780170440673828,1156100,0.0,0.0
2025-05-28 00:00:00-04:00,21.7407330259649,21.7407330259649,21.109710062311407,21.159008026123047,1122000,0.0,0.0
2025-05-29 00:00:00-04:00,21.494240085457605,21.602697865787423,21.257606467044493,21.533679962158203,1501100,0.0,0.0
2025-05-30 00:00:00-04:00,21.356203103339283,21.474520846335288,20.863215955283255,21.080129623413086,1440300,0.0,0.0
2025-06-02 00:00:00-04:00,21.05043921714135,21.05043921714135,20.58528962073962,20.941574096679688,1505800,0.08,0.0
2025-06-03 00:00:00-04:00,20.941575983556746,21.367137615349126,20.793124734425927,21.188995361328125,1336100,0.0,0.0
2025-06-04 00:00:00-04:00,21.17909653089275,21.505690005843373,21.139510415450797,21.35723876953125,1408400,0.0,0.0
2025-06-05 00:00:00-04:00,21.43641320103756,21.495793318897356,20.92178047915956,21.040542602539062,1265300,0.0,0.0
2025-06-06 00:00:00-04:00,21.367135924220854,21.495793159908814,21.218684686839392,21.44631004333496,1560500,0.0,0.0
2025-06-09 00:00:00-04:00,21.713526212263343,22.040119731817427,21.535383949295635,21.733318328857422,2307100,0.0,0.0
2025-06-10 00:00:00-04:00,22.059911951831538,22.059911951831538,21.673936450733095,21.8223876953125,1232700,0.0,0.0
2025-06-11 00:00:00-04:00,21.861976265111906,21.960944393273607,21.42651763379645,21.515588760375977,1838600,0.0,0.0
2025-06-12 00:00:00-04:00,21.218683999623213,21.44630934874661,21.060335766523476,21.41661834716797,1244100,0.0,0.0
2025-06-13 00:00:00-04:00,20.971265486501856,21.25827096257833,20.733743127371696,20.793123245239258,1509800,0.0,0.0
2025-06-16 00:00:00-04:00,21.17909630143534,21.426515655161595,20.931676947709086,21.347341537475586,2021200,0.0,0.0
2025-06-17 00:00:00-04:00,21.169199914270585,21.3473421561418,21.080128793334982,21.20878791809082,2034100,0.0,0.0
2025-06-18 00:00:00-04:00,21.258269661255294,21.57496612070896,21.109818431843863,21.14940643310547,2227900,0.0,0.0
2025-06-20 00:00:00-04:00,21.26816726426774,21.436412499077704,21.099922029457773,21.258270263671875,4312700,0.0,0.0
2025-06-23 00:00:00-04:00,21.10982229613059,21.81249434587431,21.060339173155178,21.733318328857422,2754300,0.0,0.0
2025-06-24 00:00:00-04:00,22.020322030595928,22.426089611382885,21.852076798001836,22.069805145263672,2172100,0.0,0.0
2025-06-25 00:00:00-04:00,22.13908431245894,22.46567777959999,22.05991019580838,22.406295776367188,2828800,0.0,0.0
2025-06-26 00:00:00-04:00,22.604231713779345,22.881342062232438,22.59433471337104,22.722991943359375,2368100,0.0,0.0
2025-06-27 00:00:00-04:00,22.841755927159703,22.980310168878585,22.544853441287824,22.554750442504883,4522800,0.0,0.0
2025-06-30 00:00:00-04:00,22.633923247205516,22.732889478295974,22.287535775409342,22.41619300842285,2440900,0.0,0.0
2025-07-01 00:00:00-04:00,22.208361217172673,23.277212725610937,22.208361217172673,22.891237258911133,2136500,0.0,0.0
2025-07-02 00:00:00-04:00,23.11886460144478,23.821534647343636,22.871445252157603,23.801740646362305,3038000,0.0,0.0
2025-07-03 00:00:00-04:00,24.167922896551318,24.23720001456968,23.613704064744525,23.75225830078125,1335800,0.0,0.0
2025-07-07 00:00:00-04:00,24.18771485505342,24.79141675226192,23.90070751875222,24.40544319152832,6497300,0.0,0.0
2025-07-08 00:00:00-04:00,24.44503263179494,24.553895862617033,24.04916016010057,24.13823127746582,2863900,0.0,0.0
2025-07-09 00:00:00-04:00,24.425241386345593,24.534106517109745,24.059059875013485,24.50441551208496,1866900,0.0,0.0
2025-07-10 00:00:00-04:00,24.741934214102844,25.08832167063224,24.56379198573574,24.84090232849121,2002000,0.0,0.0
2025-07-11 00:00:00-04:00,24.39554665514986,24.583585882932304,24.207507427367418,24.42523765563965,2254100,0.0,0.0
2025-07-14 00:00:00-04:00,24.29657943577538,24.59348378862594,24.04916008556317,24.217405319213867,1432800,0.0,0.0
2025-07-15 00:00:00-04:00,24.49451716101411,24.504414162143814,23.920504309110886,23.9501953125,1484000,0.0,0.0
2025-07-16 00:00:00-04:00,23.979883193969727,24.207508545257067,23.47514748829354,23.979883193969727,1631400,0.0,0.0
2025-07-17 00:00:00-04:00,23.811638943790978,24.524207916651513,23.811638943790978,24.435136795043945,1729700,0.0,0.0
2025-07-18 00:00:00-04:00,24.52420667969689,24.573689794689734,24.227302326760316,24.464824676513672,1834100,0.0,0.0
2025-07-21 00:00:00-04:00,24.702347019110626,24.732038020693633,24.17781920476303,24.217405319213867,1713700,0.0,0.0
2025-07-22 00:00:00-04:00,24.247095803249955,24.42523803362593,24.039264459584516,24.27678680419922,1840400,0.0,0.0
2025-07-23 00:00:00-04:00,24.42524220048124,24.55389945122356,23.841332295818155,23.960092544555664,3526400,0.0,0.0
2025-07-24 00:00:00-04:00,23.603805686917344,23.772050915572393,23.148553114461414,23.445457458496094,2996400,0.0,0.0
2025-07-25 00:00:00-04:00,23.564218752492092,23.643392870286114,23.26731628267947,23.574115753173828,1373900,0.0,0.0
2025-07-28 00:00:00-04:00,23.54442740960428,23.554322522950102,23.297008047440265,23.524633407592773,1524300,0.0,0.0
2025-07-29 00:00:00-04:00,23.603808284199925,23.603808284199925,23.267317789863558,23.475149154663086,3555500,0.0,0.0
2025-07-30 00:00:00-04:00,23.425666380779244,23.53453150927405,22.85165350921939,22.911033630371094,2209800,0.0,0.0
2025-07-31 00:00:00-04:00,22.39639976177452,23.90070993201857,22.39639976177452,23.356388092041016,3254500,0.0,0.0
2025-08-01 00:00:00-04:00,22.802168951475764,23.42566490339679,22.495367588277578,22.93082618713379,3607300,0.0,0.0
2025-08-04 00:00:00-04:00,23.019897383327596,23.267316742278677,22.713097906773033,23.099071502685547,1578000,0.0,0.0
2025-08-05 00:00:00-04:00,23.336593396554388,23.42566451501779,22.980308922700775,23.326696395874023,1512500,0.0,0.0
2025-08-06 00:00:00-04:00,23.22772866182763,23.42566490339679,22.762580948097973,22.93082618713379,1593700,0.0,0.0
2025-08-07 00:00:00-04:00,23.35638968519508,23.742363311228125,23.237627553060268,23.42566680908203,1530700,0.0,0.0
2025-08-08 00:00:00-04:00,23.574115677382398,23.722566911811434,23.356387326063803,23.653289794921875,1373100,0.0,0.0
2025-08-11 00:00:00-04:00,23.692878881975194,23.94029824656824,23.485045634133858,23.534530639648438,1524600,0.0,0.0
2025-08-12 00:00:00-04:00,23.79184697704261,24.544000183369995,23.702775854882272,24.524208068847656,994500,0.0,0.0
2025-08-13 00:00:00-04:00,24.642965747058756,25.24666953729463,24.593482634402594,25.236772537231445,967500,0.0,0.0
2025-08-14 00:00:00-04:00,24.801315157855356,25.088322510422746,24.692451927277936,24.95966339111328,1470500,0.0,0.0
2025-08-15 00:00:00-04:00,24.99925070276362,25.18728993243609,24.553895129239297,24.682554244995117,1789300,0.0,0.0
2025-08-18 00:00:00-04:00,24.55389482718722,24.999250395232966,24.494514714001046,24.7518310546875,2265400,0.0,0.0
2025-08-19 00:00:00-04:00,24.74193694505377,25.05863343592486,24.642968819741558,24.71224594116211,1810200,0.0,0.0
2025-08-20 00:00:00-04:00,24.553897615532595,24.85080199049953,24.435137375673804,24.791419982910156,1260100,0.0,0.0
2025-08-21 00:00:00-04:00,24.613278264620845,24.811212616014068,24.54399925959035,24.732038497924805,1099200,0.0,0.0
2025-08-22 00:00:00-04:00,24.840903701088827,25.939444357286806,24.722141579728568,25.642541885375977,1418800,0.0,0.0
2025-08-25 00:00:00-04:00,25.59306092226116,25.612853037769625,25.33574454405075,25.40502166748047,968600,0.0,0.0
2025-08-26 00:00:00-04:00,25.375330662727716,25.632647040938124,25.26646742062103,25.40502166748047,1342600,0.0,0.0
2025-08-27 00:00:00-04:00,25.355538464373698,25.68213196494673,25.216982330306937,25.484195709228516,1133000,0.0,0.0
2025-08-28 00:00:00-04:00,25.67223288763101,25.711819002977844,25.306051410458434,25.642541885375977,1881200,0.0,0.0
2025-08-29 00:00:00-04:00,25.662333418841687,25.72171352998108,25.34563697588532,25.454500198364258,1631400,0.0,0.0
2025-09-02 00:00:00-04:00,25.007757702675523,25.325442286376685,24.789348131218862,25.255949020385742,1269200,0.08,0.0
2025-09-03 00:00:00-04:00,25.216239697365427,25.3552281350048,24.799278171546607,24.948192596435547,1653300,0.0,0.0
2025-09-04 00:00:00-04:00,24.968048426703554,25.533924378967647,24.263185929967484,25.514070510864258,4546800,0.0,0.0
2025-09-05 00:00:00-04:00,25.66298388541962,26.030305993213002,25.60341849644899,26.02037811279297,3079900,0.0,0.0
2025-09-08 00:00:00-04:00,26.01045134329602,26.10972635741013,25.752332140790386,26.079944610595703,2205800,0.0,0.0
2025-09-09 00:00:00-04:00,25.980669000845797,26.04023439099987,25.55377960205078,25.55377960205078,1093400,0.0,0.0
2025-09-10 00:00:00-04:00,25.553778543673264,25.792041987970855,25.543850663467172,25.63319969177246,1634300,0.0,0.0
2025-09-11 00:00:00-04:00,25.653057807824336,26.258645301158367,25.59349241466762,26.169296264648438,1292100,0.0,0.0
2025-09-12 00:00:00-04:00,26.010452578749394,26.268569899965648,25.921103546963145,26.12958335876465,1009900,0.0,0.0
2025-09-15 00:00:00-04:00,26.159366764202385,26.804663848512206,26.12958312269285,26.57632827758789,1848400,0.0,0.0
2025-09-16 00:00:00-04:00,26.685532734123253,26.75502790170314,26.070019255384718,26.31821060180664,1872000,0.0,0.0
2025-09-17 00:00:00-04:00,26.566402175139206,26.824521404848635,25.940958916426055,26.15936851501465,1806100,0.0,0.0
2025-09-18 00:00:00-04:00,26.41748685822052,26.854302253639865,26.149439756338435,26.794736862182617,2670300,0.0,0.0
2025-09-19 00:00:00-04:00,26.76495388923628,26.824521175733327,26.050163493219035,26.31821060180664,6265500,0.0,0.0
2025-09-22 00:00:00-04:00,26.22886085510254,26.49690795642907,26.21893297428863,26.22886085510254,2204200,0.0,0.0
2025-09-23 00:00:00-04:00,26.209003355425335,26.516760066048967,25.62327168109517,25.64312744140625,1855900,0.0,0.0
2025-09-24 00:00:00-04:00,25.762260884244213,25.940957051767707,25.07725228131396,25.156673431396484,1628400,0.0,0.0
2025-09-25 00:00:00-04:00,24.918411157673585,25.02761406072459,24.570942899575712,24.64043617248535,1483700,0.0,0.0
2025-09-26 00:00:00-04:00,24.640436083439663,24.858845675851722,24.431956265464144,24.789350509643555,1732300,0.0,0.0
2025-09-29 00:00:00-04:00,24.938266697408405,24.968048446361763,24.68014747636461,24.799278259277344,1545400,0.0,0.0
2025-09-30 00:00:00-04:00,24.81913151756068,25.057394952903326,24.64043346766633,24.98790168762207,1654700,0.0,0.0
2025-10-01 00:00:00-04:00,24.809205297325057,25.543851412162642,24.759567788389248,25.434648513793945,1978100,0.0,0.0
2025-10-02 00:00:00-04:00,25.523997284657046,26.367848245417814,25.434650141564457,26.30828285217285,2376500,0.0,0.0
2025-10-03 00:00:00-04:00,26.308280008998484,26.884083797604394,26.29835212893896,26.66567611694336,2501800,0.0,0.0
2025-10-06 00:00:00-04:00,26.98336068177931,27.102491455293624,26.655748214290686,26.953577041625977,1788900,0.0,0.0
2025-10-07 00:00:00-04:00,27.092567144377504,27.231553686589894,26.000524887359735,26.258644104003906,1966100,0.0,0.0
2025-10-08 00:00:00-04:00,26.40755986355644,26.526690650468655,26.10972910917646,26.15936851501465,1758800,0.0,0.0
2025-10-09 00:00:00-04:00,26.209005573385536,26.328138251784193,25.61334596849161,25.623273849487305,1563900,0.0,0.0
2025-10-10 00:00:00-04:00,25.672913347924776,25.851611419398452,23.746947979391404,23.766803741455078,3096600,0.0,0.0
2025-10-13 00:00:00-04:00,24.372389291800207,25.077253695384794,24.044776792542496,24.908483505249023,2060500,0.0,0.0
2025-10-14 00:00:00-04:00,24.590798668901662,25.285733291759136,24.52130539597088,25.067325592041016,1792300,0.0,0.0
2025-10-15 00:00:00-04:00,25.365153206103596,25.49421375828228,24.868770545369284,25.4445743560791,2379800,0.0,0.0
2025-10-16 00:00:00-04:00,25.653057487903837,25.71262288031771,25.02761424013426,25.19638442993164,1923900,0.0,0.0
2025-10-17 00:00:00-04:00,25.156675817993875,25.613347000905087,24.88862870095481,25.40486717224121,1828200,0.0,0.0
2025-10-20 00:00:00-04:00,25.573635467990965,25.980669107217928,25.523996064701322,25.831754684448242,1879500,0.0,0.0
2025-10-21 00:00:00-04:00,25.782114354472597,26.238787380575012,25.633199937055338,25.901247024536133,2495400,0.0,0.0
2025-10-22 00:00:00-04:00,25.692767118329858,25.89132095110902,25.08718152609782,25.19638442993164,2437300,0.0,0.0
2025-10-23 00:00:00-04:00,25.394938048530044,25.841683221740464,25.32544477570835,25.782115936279297,1961000,0.0,0.0
2025-10-24 00:00:00-04:00,26.159366953919054,26.159366953919054,25.871464097887703,25.990596771240234,1619300,0.0,0.0
2025-10-27 00:00:00-04:00,26.159366916291283,26.536616909857386,26.0898736459146,26.27849769592285,1700500,0.0,0.0
2025-10-28 00:00:00-04:00,26.308282759859345,26.506836594712126,25.911176983703484,26.03030776977539,2385100,0.0,0.0
2025-10-29 00:00:00-04:00,26.308281876536594,26.556473214994487,25.603419384220008,26.238788604736328,4553800,0.0,0.0
2025-10-30 00:00:00-04:00,25.801971304421947,26.645822233416627,25.72255015190184,25.811899185180664,3126600,0.0,0.0
2025-10-31 00:00:00-04:00,25.95088570087814,26.61603856260197,25.543852057955313,26.526689529418945,2676200,0.0,0.0
2025-11-03 00:00:00-05:00,26.437340910884767,26.97343511839113,26.07994666609686,26.923797607421875,3032400,0.0,0.0
2025-11-04 00:00:00-05:00,26.218930652266245,27.301044949001536,26.159365266207733,26.83444595336914,3220600,0.0,0.0
2025-11-05 00:00:00-05:00,26.854301990849887,27.092567341446568,26.4869798713168,26.814592361450195,2772800,0.0,0.0
2025-11-06 00:00:00-05:00,26.97343402996704,27.320902273379897,26.40755809613305,26.57632827758789,2452800,0.0,0.0
2025-11-07 00:00:00-05:00,26.4174874699858,27.49960188985814,26.2288615168618,27.459890365600586,2271900,0.0,0.0
2025-11-10 00:00:00-05:00,27.737864281830422,27.76764603032191,26.903941240175563,27.539310455322266,1784100,0.0,0.0
2025-11-11 00:00:00-05:00,27.549238290659055,27.668370965077795,27.191842160952465,27.40032386779785,1878900,0.0,0.0
2025-11-12 00:00:00-05:00,27.449960528267614,27.747791258324774,27.241480721422207,27.32090187072754,1942300,0.0,0.0
2025-11-13 00:00:00-05:00,27.241481660286205,27.469817235714807,26.13951151884003,26.536617279052734,1997900,0.0,0.0
2025-11-14 00:00:00-05:00,25.841682373841653,26.228860248887102,25.33537182533243,25.702693939208984,2720100,0.0,0.0
2025-11-17 00:00:00-05:00,25.60341814951489,25.742404686412907,24.640434590865638,24.759567260742188,3128500,0.0,0.0
2025-11-18 00:00:00-05:00,24.610653616847323,24.700000755125167,23.885933481630268,24.273113250732422,3057200,0.0,0.0
2025-11-19 00:00:00-05:00,24.32275271935338,24.491522916005174,23.617890182104578,23.985212326049805,3239100,0.0,0.0
2025-11-20 00:00:00-05:00,24.173836636768975,24.551086636381772,22.694616493378586,22.82367515563965,4587800,0.0,0.0
2025-11-21 00:00:00-05:00,23.41933324389727,24.362461022842833,23.1413582821908,24.223472595214844,5787100,0.0,0.0
2025-11-24 00:00:00-05:00,24.412097912156643,25.087178592402207,24.22347198242933,24.98790168762207,3350300,0.0,0.0
2025-11-25 00:00:00-05:00,25.017687093417052,25.801970720098158,24.977975571281505,25.712621688842773,3879600,0.0,0.0
2025-11-26 00:00:00-05:00,25.7126215579932,26.179222472963406,25.7126215579932,25.722549438476562,2949800,0.0,0.0
2025-11-28 00:00:00-05:00,25.752332948976115,25.99059639871654,25.533923366551875,25.73247718811035,1345100,0.0,0.0
2025-12-01 00:00:00-05:00,25.393893092065134,25.822104142229414,25.294308817704035,25.533309936523438,1729900,0.08,0.0
2025-12-02 00:00:00-05:00,25.782270081726043,25.782270081726043,25.334143689110174,25.41381072998047,1559700,0.0,0.0
2025-12-03 00:00:00-05:00,25.523351877331564,26.200522678502015,25.46360207117302,25.842021942138672,2095600,0.0,0.0
2025-12-04 00:00:00-05:00,25.871894207093682,26.34989642399144,25.573143296385574,26.160688400268555,2169400,0.0,0.0
2025-12-05 00:00:00-05:00,26.130814050226892,26.47935806567923,26.051147009501676,26.280189514160156,1743400,0.0,0.0
2025-12-08 00:00:00-05:00,26.270230599858802,26.349897639683988,25.951562440558057,26.180606842041016,1824900,0.0,0.0
2025-12-09 00:00:00-05:00,26.071063054371994,26.638690931053,25.94160293197093,26.260272979736328,1896300,0.0,0.0
2025-12-10 00:00:00-05:00,26.35985488192487,27.65444658581183,26.320022313796326,27.46523666381836,3081400,0.0,0.0
2025-12-11 00:00:00-05:00,27.395530294489227,27.654448654636255,27.146570551972324,27.515029907226562,1450800,0.0,0.0
2025-12-12 00:00:00-05:00,27.60465525334937,27.60465525334937,25.373976213631327,26.280189514160156,3817900,0.0,0.0
2025-12-15 00:00:00-05:00,26.439523746115853,26.71835933994739,25.7922287991123,25.951562881469727,2974900,0.0,0.0
2025-12-16 00:00:00-05:00,25.951562423405885,26.090981167566856,25.125016173486348,25.423768997192383,3151200,0.0,0.0
2025-12-17 00:00:00-05:00,25.443683515959545,25.871894553272956,25.20468240431271,25.28434944152832,1617100,0.0,0.0
2025-12-18 00:00:00-05:00,25.57314532027217,25.672729598193403,24.766516277993208,25.075225830078125,3503900,0.0,0.0
2025-12-19 00:00:00-05:00,25.184769430397804,25.393894710412773,24.895975206287034,25.055309295654297,2961600,0.0,0.0
2025-12-22 00:00:00-05:00,25.234559313217513,25.652811750982913,25.19472484323411,25.63289451599121,2002600,0.0,0.0
2025-12-23 00:00:00-05:00,25.612977029519612,25.672728733908052,25.33414334002178,25.423768997192383,2080900,0.0,0.0
2025-12-24 00:00:00-05:00,25.573145409906548,25.692645024301182,25.324185663936916,25.612977981567383,960600,0.0,0.0
2025-12-26 00:00:00-05:00,25.62293589849536,25.692644321554244,25.37397615933529,25.63289451599121,676000,0.0,0.0
2025-12-29 00:00:00-05:00,25.513395357755353,25.58310378205164,25.26443561417598,25.403852462768555,943200,0.0,0.0
2025-12-30 00:00:00-05:00,25.364016881480808,25.742436738822615,24.965681689077872,25.16485023498535,1154100,0.0,0.0
2025-12-31 00:00:00-05:00,25.15489190861501,25.204683095961602,24.866097703651036,24.886014938354492,1033100,0.0,0.0
2026-01-02 00:00:00-05:00,25.085182587670374,25.851977102155896,25.05530673668575,25.832061767578125,1863000,0.0,0.0
2026-01-05 00:00:00-05:00,25.742437418663922,26.72831775817717,25.72252018366477,26.389732360839844,1652600,0.0,0.0
2026-01-06 00:00:00-05:00,26.339940554701634,27.44532047944852,26.32998193743573,27.435361862182617,2619100,0.0,0.0
2026-01-07 00:00:00-05:00,27.45527911412944,27.863572925230322,27.10673510724985,27.81378173828125,2769700,0.0,0.0
2026-01-08 00:00:00-05:00,27.564821635649153,27.923324255001006,27.186401782019527,27.44532012939453,2869000,0.0,0.0
2026-01-09 00:00:00-05:00,27.654449151171214,28.012949895232197,27.335780978933837,27.93328285217285,2290900,0.0,0.0
2026-01-12 00:00:00-05:00,27.84365604589257,28.261908479601395,27.62457216134492,28.182241439819336,1552100,0.0,0.0
2026-01-13 00:00:00-05:00,28.371451221844563,28.53078530056776,27.94324017299645,28.132450103759766,1220400,0.0,0.0
2026-01-14 00:00:00-05:00,28.152367233770583,28.431200920793334,27.744073421134093,27.973115921020508,1625300,0.0,0.0
2026-01-15 00:00:00-05:00,28.40132744079831,29.49675067073098,28.291784547981422,29.257747650146484,2952200,0.0,0.0
2026-01-16 00:00:00-05:00,29.37724946477131,29.626209205998183,28.998831493847778,29.357332229614258,1768000,0.0,0.0
2026-01-20 00:00:00-05:00,28.700077747054912,29.138247409439302,28.291783936450834,28.301742553710938,2068800,0.0,0.0
2026-01-21 00:00:00-05:00,28.929121272543146,29.297582526596134,28.52082744744805,29.138248443603516,1584800,0.0,0.0
2026-01-22 00:00:00-05:00,29.466875689606155,29.755668007282562,28.849454683761913,28.90920639038086,1797200,0.0,0.0
2026-01-23 00:00:00-05:00,28.839494652084564,28.949037542769975,28.441159457881305,28.570619583129883,1032900,0.0,0.0
2026-01-26 00:00:00-05:00,28.899246528143138,29.536582842669738,28.809620871486327,29.377248764038086,2126000,0.0,0.0
2026-01-27 00:00:00-05:00,29.476832782485204,29.685958046596706,29.04862173759552,29.168123245239258,1508600,0.0,0.0
2026-01-28 00:00:00-05:00,29.40712427691927,30.084293153588213,29.22787296567289,29.765625,2624200,0.0,0.0
2026-01-29 00:00:00-05:00,29.984711689917116,30.13408715401729,28.949038259920027,29.685958862304688,1580800,0.0,0.0
2026-01-30 00:00:00-05:00,29.357332231816173,29.835334479148724,28.72995451961871,28.978914260864258,1582400,0.0,0.0
2026-02-02 00:00:00-05:00,28.759826563067094,29.556498821794836,28.710035377889344,29.466873168945312,1940100,0.0,0.0
2026-02-03 00:00:00-05:00,29.715835124959995,30.15400480519093,28.311702324099965,28.809621810913086,2895100,0.0,0.0
2026-02-04 00:00:00-05:00,29.197998641119742,30.144046433550837,28.939080277934263,29.775585174560547,3181600,0.0,0.0
2026-02-05 00:00:00-05:00,29.76562492315715,30.721631280865793,27.783905686160924,27.873531341552734,2929000,0.0,0.0
2026-02-06 00:00:00-05:00,28.33161845830346,29.85525081311084,28.212116950371495,29.815418243408203,2192000,0.0,0.0
2026-02-09 00:00:00-05:00,29.576417396534676,30.811257459163972,29.5266243096875,30.781381607055664,2872100,0.0,0.0
2026-02-10 00:00:00-05:00,30.980551114507534,32.39464063531838,30.890925454820632,32.10585021972656,3900000,0.0,0.0
2026-02-11 00:00:00-05:00,31.98634808492918,32.713310109720254,31.558138904162124,32.285099029541016,3523400,0.0,0.0
2026-02-12 00:00:00-05:00,32.54401645817551,33.201269998444644,31.349008985279635,31.986345291137695,2590600,0.0,0.0
2026-02-13 00:00:00-05:00,31.906681262254992,32.52410035518014,31.49838554027277,32.22534942626953,2298800,0.0,0.0
2026-02-17 00:00:00-05:00,31.93655317570352,32.33489025469189,31.637802265874203,32.17555618286133,4037600,0.0,0.0
2026-02-18 00:00:00-05:00,34.14731795655355,35.03361399994916,31.90668035518637,33.54981231689453,5797400,0.0,0.0
2026-02-19 00:00:00-05:00,33.56973080760816,35.6111999388139,33.48010514824672,35.3522834777832,4952300,0.0,0.0
2026-02-20 00:00:00-05:00,34.983822424964444,36.22862107858292,34.46598572920027,35.29253005981445,4855100,0.0,0.0
2026-02-23 00:00:00-05:00,34.77469441189993,36.04937085481481,34.475943485794176,36.019493103027344,3449800,0.0,0.0
2026-02-24 00:00:00-05:00,36.1688705768496,37.58296386971263,36.029453730825956,36.557247161865234,3889500,0.0,0.0
2026-02-25 00:00:00-05:00,36.52737535423359,36.52737535423359,35.17303368675851,35.74066162109375,3691200,0.0,0.0
2026-02-26 00:00:00-05:00,35.97966334277673,36.33816598270813,35.4120354291601,35.56140899658203,2875700,0.0,0.0
2026-02-27 00:00:00-05:00,34.95394551803561,35.133196832390595,34.71494629811171,34.94398880004883,4166700,0.0,0.0
2026-03-02 00:00:00-05:00,34.26527401306963,34.70444304031738,33.69634522191247,34.6146125793457,3181500,0.08,0.0
2026-03-03 00:00:00-05:00,33.22723385323636,34.16546014739102,32.44870192520972,33.57657241821289,3755400,0.0,0.0
2026-03-04 00:00:00-05:00,33.66640415554393,34.24531243660666,33.27714008052138,33.86602783203125,2574100,0.0,0.0
2026-03-05 00:00:00-05:00,33.34700669065134,34.24531130131134,32.73815621092676,33.04757308959961,3118200,0.0,0.0
2026-03-06 00:00:00-05:00,32.149267107478266,32.22911809502158,30.552285431658426,30.67205810546875,2576200,0.0,0.0
2026-03-09 00:00:00-04:00,30.32271829790807,32.32892871274657,29.40445286281412,32.20915603637695,5083500,0.0,0.0
2026-03-10 00:00:00-04:00,32.20915666085192,33.55660976677266,32.08938398216014,32.5285530090332,3235000,0.0,0.0
2026-03-11 00:00:00-04:00,32.169231165453056,32.73815614862002,31.87977893882092,32.5285530090332,2299400,0.0,0.0
2026-03-12 00:00:00-04:00,32.119325567188845,32.119325567188845,29.943435608379552,30.033266067504883,4177800,0.0,0.0
2026-03-13 00:00:00-04:00,30.612171810154045,31.260945854806337,30.52234135279809,30.931568145751953,3703800,0.0,0.0
2026-03-16 00:00:00-04:00,31.430625817333393,31.819889868591694,31.04136176607509,31.26094627380371,2738800,0.0,0.0
2026-03-17 00:00:00-04:00,31.510473831682845,32.428741133263415,31.390701160173926,32.26904296875,2013400,0.0,0.0
2026-03-18 00:00:00-04:00,32.16923142269976,32.50859052129422,31.560382843017578,31.560382843017578,1929600,0.0,0.0
2026-03-19 00:00:00-04:00,30.572247640338677,31.98957036874948,30.4624563350673,31.740041732788086,2363600,0.0,0.0
2026-03-20 00:00:00-04:00,31.760003942691295,32.01951585189886,30.682040329744126,30.981475830078125,3623300,0.0,0.0
2026-03-23 00:00:00-04:00,31.929683965085164,33.50670486504592,31.839853504019164,33.04757308959961,3626100,0.0,0.0
2026-03-24 00:00:00-04:00,32.139289987093676,34.24531234368578,32.139289987093676,33.696346282958984,2518200,0.0,0.0
2026-03-25 00:00:00-04:00,34.15547980112189,35.41310241028001,34.105571029544315,35.183536529541016,2728800,0.0,0.0
2026-03-26 00:00:00-04:00,34.524782181865106,35.043802200933186,33.696345283880056,33.915931701660156,2545900,0.0,0.0
2026-03-27 00:00:00-04:00,33.6564218935114,33.81612005995432,33.02760869735912,33.29710006713867,2298500,0.0,0.0
2026-03-30 00:00:00-04:00,33.856044646631915,34.18542428486216,32.129306884180345,32.298988342285156,3016400,0.0,0.0
2026-03-31 00:00:00-04:00,33.04757341807394,34.60462968202113,33.04757341807394,34.07563018798828,3426100,0.0,0.0
2026-04-01 00:00:00-04:00,34.63457664086752,35.53287747715503,34.51480395753018,34.554725646972656,3446200,0.0,0.0
2026-04-02 00:00:00-04:00,33.097475955473065,34.93400674825283,32.94775726069301,34.015743255615234,1546400,0.0,0.0
2026-04-06 00:00:00-04:00,34.03570525871855,34.45491535734025,33.49672628549768,33.876007080078125,2677300,0.0,0.0
2026-04-07 00:00:00-04:00,33.6963432050984,34.67449874713586,33.58655381048625,34.534759521484375,2422700,0.0,0.0
2026-04-08 00:00:00-04:00,36.75057808411704,37.14982543426422,36.22157858155119,36.83042907714844,4247800,0.0,0.0
2026-04-09 00:00:00-04:00,36.58089857432096,37.67882302011719,36.50104758535156,37.089935302734375,2412900,0.0,0.0
2026-04-10 00:00:00-04:00,37.389370931703475,37.97825868114323,37.03004907679042,37.519126892089844,1898700,0.0,0.0
2026-04-13 00:00:00-04:00,37.17976645419472,37.95829457362599,36.970163315502425,37.92835235595703,2331300,0.0,0.0
2026-04-14 00:00:00-04:00,38.347558285346324,38.41742980511448,37.57901345044893,38.11799240112305,2482000,0.0,0.0
2026-04-15 00:00:00-04:00,37.97825614439222,38.127974843107204,36.82044347117766,37.45923614501953,2472900,0.0,0.0
2026-04-16 00:00:00-04:00,37.928352415853965,38.21780654546032,37.17976651290948,37.229671478271484,2842200,0.0,0.0
2026-04-17 00:00:00-04:00,37.99822062209339,39.52533466552114,37.968278403988485,38.94643020629883,3052500,0.0,0.0
2026-04-20 00:00:00-04:00,38.72684347673562,39.355656704437195,38.567145302280196,38.7867317199707,2052800,0.0,0.0
2026-04-21 00:00:00-04:00,38.92646810559747,39.47543035584209,37.80858085687143,38.048126220703125,2334200,0.0,0.0
2026-04-22 00:00:00-04:00,38.7567897926379,38.95640965657498,37.55905157149123,38.07807159423828,1803600,0.0,0.0
2026-04-23 00:00:00-04:00,38.13795593411787,38.85659962649224,37.5690309468231,37.908390045166016,2220600,0.0,0.0
2026-04-24 00:00:00-04:00,38.21780494938012,40.62326073141645,38.13795396213186,40.263938903808594,5414300,0.0,0.0
2026-04-27 00:00:00-04:00,40.603297321926576,41.122317308055486,39.25584429789324,40.293880462646484,3220300,0.0,0.0
2026-04-28 00:00:00-04:00,39.6850304043553,39.72495589771341,38.30763515104215,38.706878662109375,4489600,0.0,0.0
2026-04-29 00:00:00-04:00,40.60329903527245,43.62758481672188,40.323828187681144,42.47975540161133,8027700,0.0,0.0
2026-04-30 00:00:00-04:00,42.789167803712004,43.747360623121665,42.31007329775951,42.50969696044922,4414400,0.0,0.0
2026-05-01 00:00:00-04:00,42.63945515879064,43.008756479345266,42.140397879525786,42.92890548706055,2670300,0.0,0.0
2026-05-04 00:00:00-04:00,43.0187329012458,43.1385093811853,41.681259335291514,42.71929931640625,2650900,0.0,0.0
2026-05-05 00:00:00-04:00,43.437943680436696,44.48596314836391,43.208377801367284,43.90705871582031,2834200,0.0,0.0
2026-05-06 00:00:00-04:00,44.36619265042361,44.815344960856315,43.467888029558225,44.15658950805664,3025500,0.0,0.0
2026-05-07 00:00:00-04:00,44.37616935219077,44.74547445523191,42.000659605221166,42.19029998779297,4063900,0.0,0.0
2026-05-08 00:00:00-04:00,42.86902064154742,43.82720969479736,42.5895459787209,43.817230224609375,3005200,0.0,0.0
2026-05-11 00:00:00-04:00,44.33624396181786,45.43417218887719,43.91703770226212,44.975040435791016,3362900,0.0,0.0
2026-05-12 00:00:00-04:00,44.37617082621028,44.37617082621028,42.71930086855953,43.86713409423828,3493400,0.0,0.0
2026-05-13 00:00:00-04:00,44.41609783288452,44.9450973302454,43.917040553863345,44.1466064453125,3141400,0.0,0.0
2026-05-14 00:00:00-04:00,44.625700383152086,44.9151545149384,43.40800322762815,43.47787094116211,2320600,0.0,0.0
2026-05-15 00:00:00-04:00,42.44981037573737,42.71930175975804,41.55150956983996,42.260169982910156,4631700,0.0,0.0
2026-05-18 00:00:00-04:00,42.22024496889349,42.379943145597146,39.60518589755671,39.8048095703125,3928700,0.0,0.0
2026-05-19 00:00:00-04:00,39.06620046148469,39.6850303781076,38.08804871988571,39.40555953979492,3218100,0.0,0.0
2026-05-20 00:00:00-04:00,39.99445053749757,41.13230053872832,39.99445053749757,40.47354507446289,2428400,0.0,0.0
2026-05-21 00:00:00-04:00,40.28390121459961,40.77297517993533,39.595199783303975,40.28390121459961,2689800,0.0,0.0
2026-05-22 00:00:00-04:00,40.593317190240896,41.04246950222206,40.044354945599416,40.67316818237305,1732500,0.0,0.0
2026-05-26 00:00:00-04:00,41.67128290971465,43.28822743196628,41.53154748041579,43.09858703613281,3852500,0.0,0.0
2026-05-27 00:00:00-04:00,43.29820897625974,43.35809341070174,42.1403962844893,42.82909393310547,1749400,0.0,0.0
2026-05-28 00:00:00-04:00,42.57956404035805,42.749245483756745,41.78107320893524,41.84095764160156,2873700,0.0,0.0
2026-05-29 00:00:00-04:00,42.35997794380362,42.43982893128239,41.31195848192494,42.349998474121094,3262300,0.0,0.0
2026-06-01 00:00:00-04:00,41.650001525878906,41.939998626708984,40.88999938964844,41.689998626708984,2341300,0.08,0.0
2026-06-02 00:00:00-04:00,42.0,43.59000015258789,41.95000076293945,42.650001525878906,2399800,0.0,0.0
2026-06-03 00:00:00-04:00,42.599998474121094,43.2400016784668,42.25,42.40999984741211,1839600,0.0,0.0
2026-06-04 00:00:00-04:00,41.59000015258789,42.130001068115234,40.970001220703125,42.0099983215332,3036600,0.0,0.0
2026-06-05 00:00:00-04:00,41.0,41.61000061035156,39.58000183105469,39.84000015258789,3088300,0.0,0.0
2026-06-08 00:00:00-04:00,40.630001068115234,40.65999984741211,39.810001373291016,40.150001525878906,2269600,0.0,0.0
2026-06-09 00:00:00-04:00,41.08000183105469,42.20000076293945,39.13999938964844,41.279998779296875,2550900,0.0,0.0
2026-06-10 00:00:00-04:00,40.689998626708984,41.400001525878906,39.02000045776367,39.47999954223633,2603800,0.0,0.0
2026-06-11 00:00:00-04:00,40.2400016784668,42.95000076293945,40.0,42.91999816894531,2279600,0.0,0.0
2026-06-12 00:00:00-04:00,43.45000076293945,44.2599983215332,43.06999969482422,43.70000076293945,2126700,0.0,0.0
2026-06-15 00:00:00-04:00,45.41999816894531,45.90999984741211,44.849998474121094,45.08000183105469,2935900,0.0,0.0
2026-06-16 00:00:00-04:00,45.22999954223633,45.79999923706055,44.560001373291016,44.560001373291016,2429100,0.0,0.0
2026-06-17 00:00:00-04:00,45.02000045776367,46.310001373291016,44.880001068115234,45.25,3120800,0.0,0.0
2026-06-18 00:00:00-04:00,45.970001220703125,46.720001220703125,45.810001373291016,45.970001220703125,6260200,0.0,0.0
2026-06-22 00:00:00-04:00,46.4900016784668,49.25,45.93000030517578,49.09000015258789,4738800,0.0,0.0
2026-06-23 00:00:00-04:00,46.77000045776367,47.720001220703125,45.54999923706055,45.86000061035156,6025800,0.0,0.0
2026-06-24 00:00:00-04:00,45.75,47.02000045776367,45.130001068115234,46.119998931884766,4074600,0.0,0.0
2026-06-25 00:00:00-04:00,47.79999923706055,48.88999938964844,46.70000076293945,47.720001220703125,4687100,0.0,0.0
2026-06-26 00:00:00-04:00,46.11000061035156,46.369998931884766,44.08000183105469,45.65999984741211,7667400,0.0,0.0
2026-06-29 00:00:00-04:00,45.34000015258789,46.599998474121094,44.130001068115234,46.29999923706055,3660700,0.0,0.0
2026-06-30 00:00:00-04:00,46.720001220703125,48.08000183105469,46.61000061035156,47.75,3202800,0.0,0.0
2026-07-01 00:00:00-04:00,47.13999938964844,47.33000183105469,45.650001525878906,45.7400016784668,2892900,0.0,0.0
2026-07-02 00:00:00-04:00,45.709999084472656,45.97999954223633,42.83000183105469,43.63999938964844,3878000,0.0,0.0
2026-07-06 00:00:00-04:00,43.93000030517578,44.310001373291016,41.06999969482422,42.31999969482422,18529300,0.0,0.0
2026-07-07 00:00:00-04:00,42.099998474121094,42.099998474121094,38.130001068115234,38.56999969482422,17937400,0.0,0.0
2026-07-08 00:00:00-04:00,38.029998779296875,39.54999923706055,37.9900016784668,39.34000015258789,11441100,0.0,0.0
2026-07-09 00:00:00-04:00,40.4900016784668,40.970001220703125,40.0099983215332,40.56999969482422,9698800,0.0,0.0
2026-07-10 00:00:00-04:00,40.16999816894531,40.59000015258789,39.56999969482422,39.81999969482422,5994200,0.0,0.0
2026-07-13 00:00:00-04:00,39.52000045776367,40.79999923706055,39.5,39.599998474121094,5307900,0.0,0.0
2026-07-14 00:00:00-04:00,41.16999816894531,41.16999816894531,39.91999816894531,40.650001525878906,4005900,0.0,0.0
2026-07-15 00:00:00-04:00,40.09000015258789,40.689998626708984,38.540000915527344,39.06999969482422,6400600,0.0,0.0
2026-07-16 00:00:00-04:00,38.5,39.150001525878906,37.599998474121094,37.630001068115234,5085300,0.0,0.0
2026-07-17 00:00:00-04:00,36.95000076293945,38.15999984741211,36.599998474121094,37.400001525878906,6025600,0.0,0.0
2026-07-20 00:00:00-04:00,37.91999816894531,38.20000076293945,36.40999984741211,36.459999084472656,5512400,0.0,0.0
2026-07-21 00:00:00-04:00,37.45000076293945,38.40999984741211,36.66999816894531,38.22999954223633,4735800,0.0,0.0
2026-07-22 00:00:00-04:00,37.790000915527344,39.310001373291016,37.619998931884766,38.369998931884766,4028412,0.0,0.0
