Date,Open,High,Low,Close,Volume,Dividends,Stock Splits
2022-01-03 00:00:00-05:00,371.2220656582922,372.3538032695688,359.36099860897286,364.15533447265625,3715700,0.0,0.0
2022-01-04 00:00:00-05:00,364.1553918864015,368.5843307180954,363.7543680861598,367.8981628417969,3266500,0.0,0.0
2022-01-05 00:00:00-05:00,368.9318277874531,369.1278796050122,362.5245313079742,362.90771484375,4443200,0.0,0.0
2022-01-06 00:00:00-05:00,364.0839861083121,364.5384759984935,359.147065200337,361.58880615234375,3315100,0.0,0.0
2022-01-07 00:00:00-05:00,359.4500551717227,360.10059686857176,350.1109295903702,350.7614440917969,4520700,0.0,0.0
2022-01-10 00:00:00-05:00,345.22747862338446,345.39679732450065,339.44399127128514,345.28094482421875,6440000,0.0,0.0
2022-01-11 00:00:00-05:00,345.8246166044195,349.18420374243476,342.48284247142624,344.5770263671875,4385400,0.0,0.0
2022-01-12 00:00:00-05:00,346.02058326136097,350.61886659984987,344.31850345850665,347.0097351074219,3623300,0.0,0.0
2022-01-13 00:00:00-05:00,349.7812113244065,351.3852517181017,343.85511125812644,344.85321044921875,3466300,0.0,0.0
2022-01-14 00:00:00-05:00,339.81831997518566,340.42431569345774,331.0584279132146,331.5039978027344,6336200,0.0,0.0
2022-01-18 00:00:00-05:00,326.2462343353999,328.0195935528414,320.8370100827384,326.7987365722656,6435200,0.0,0.0
2022-01-19 00:00:00-05:00,327.20862331029485,328.56317287221566,320.28447858832294,320.53399658203125,5175100,0.0,0.0
2022-01-20 00:00:00-05:00,321.99548840123146,322.45889843960515,311.0255611231238,311.52459716796875,5440600,0.0,0.0
2022-01-21 00:00:00-05:00,313.43164436627023,320.89047901830224,309.38586266851894,311.09686279296875,7718400,0.0,0.0
2022-01-24 00:00:00-05:00,306.3560662506651,324.71355318132356,306.2045605053761,324.2055969238281,8584300,0.0,0.0
2022-01-25 00:00:00-05:00,319.15278259151864,322.16481190863215,313.85049054188096,319.9013366699219,5536700,0.0,0.0
2022-01-26 00:00:00-05:00,320.81025331862,326.0679714755908,315.86443945812687,318.3863525390625,6103300,0.0,0.0
2022-01-27 00:00:00-05:00,321.1935266523482,324.4818348442172,315.38330467418,317.62896728515625,3941000,0.0,0.0
2022-01-28 00:00:00-05:00,320.96175095336037,326.7987042597916,314.4296826745936,326.6383056640625,4551300,0.0,0.0
2022-01-31 00:00:00-05:00,325.09673210431646,327.4137011933241,322.77976301530884,327.030517578125,4084600,0.0,0.0
2022-02-01 00:00:00-05:00,329.2493696487696,330.3365611164398,322.9222726548014,328.5632019042969,3406800,0.0,0.0
2022-02-02 00:00:00-05:00,328.2780213187238,333.8832972073044,327.725519099277,333.0456237792969,3839300,0.0,0.0
2022-02-03 00:00:00-05:00,329.8909847737296,331.6108777482038,323.6619274065153,325.0966491699219,4009700,0.0,0.0
2022-02-04 00:00:00-05:00,323.92928851629694,324.9719339556381,315.68624609875707,320.5162353515625,3728100,0.0,0.0
2022-02-07 00:00:00-05:00,321.0419498783775,322.41428523413884,316.74665062825545,318.44873046875,2809300,0.0,0.0
2022-02-08 00:00:00-05:00,318.4488084279575,323.46592978168115,316.1763856531055,322.09356689453125,3225100,0.0,0.0
2022-02-09 00:00:00-05:00,325.5422022007664,327.4581468846166,323.48367191873547,324.70452880859375,2777500,0.0,0.0
2022-02-10 00:00:00-05:00,319.7766502364268,323.48379562048814,314.4565437495618,316.43487548828125,4291800,0.0,0.0
2022-02-11 00:00:00-05:00,316.078358068487,318.4398729517001,310.6156670848829,312.1573486328125,3308700,0.0,0.0
2022-02-14 00:00:00-05:00,310.1166678443371,314.49216777191424,309.0740222536988,313.28912353515625,3654300,0.0,0.0
2022-02-15 00:00:00-05:00,316.8535958092351,318.51112961631736,313.12863878687125,314.8039855957031,3552500,0.0,0.0
2022-02-16 00:00:00-05:00,313.23554442308665,314.44748112864596,308.08475903361915,311.9790344238281,3594900,0.0,0.0
2022-02-17 00:00:00-05:00,310.9987654309022,313.9573550980733,309.57296398710724,310.0630798339844,3927000,0.0,0.0
2022-02-18 00:00:00-05:00,310.4641995223953,312.4336108120516,306.641202269769,309.1096496582031,5526100,0.0,0.0
2022-02-22 00:00:00-05:00,298.61196332251984,300.0377921121595,278.3474576552887,281.7516174316406,19752800,0.0,0.0
2022-02-23 00:00:00-05:00,284.5586919826464,285.5211107453727,273.6689654273699,274.87200927734375,11026000,0.0,0.0
2022-02-24 00:00:00-05:00,267.3418549512833,279.3187722287344,266.7091535092828,279.1405334472656,8416700,0.0,0.0
2022-02-25 00:00:00-05:00,279.08706609182946,282.8833291188921,274.0877864788224,282.1793212890625,6510600,0.0,0.0
2022-02-28 00:00:00-05:00,278.89990170928996,281.6713322153609,276.6809732851099,281.44854736328125,5735100,0.0,0.0
2022-03-01 00:00:00-05:00,280.3436578301005,287.3301903846136,279.604023784748,285.38751220703125,5640900,0.0,0.0
2022-03-02 00:00:00-05:00,286.1092722485901,295.13652057268945,284.8794952731856,291.73236083984375,5645600,0.0,0.0
2022-03-03 00:00:00-05:00,293.3542996136478,294.68208915280326,287.68663660144705,289.0500793457031,3858400,0.0,0.0
2022-03-04 00:00:00-05:00,287.1340546648192,291.099636373017,284.72799429868206,288.9609069824219,3630900,0.0,0.0
2022-03-07 00:00:00-05:00,288.9609035085513,293.7195851839283,285.2626528203557,287.6330871582031,4670000,0.0,0.0
2022-03-08 00:00:00-05:00,284.94195255178374,292.7305057422961,281.55563217210755,282.2596130371094,5092500,0.0,0.0
2022-03-09 00:00:00-05:00,286.8856043047871,289.091029727208,284.12434240155255,284.3753662109375,4443600,1.9,0.0
2022-03-10 00:00:00-05:00,281.8292397386763,285.3256800198663,276.79978948975923,285.0387878417969,3895200,0.0,0.0
2022-03-11 00:00:00-05:00,286.2401017669723,288.4903694113456,283.5057343791458,284.0077819824219,2973300,0.0,0.0
2022-03-14 00:00:00-04:00,289.4944540299802,290.47165477060054,283.4877761510926,285.415283203125,3604200,0.0,0.0
2022-03-15 00:00:00-04:00,287.19933001483355,296.01208326540547,287.18138215826207,294.54180908203125,3775300,0.0,0.0
2022-03-16 00:00:00-04:00,297.2672468348029,299.3920161933454,290.6778654028253,296.6665954589844,3942400,0.0,0.0
2022-03-17 00:00:00-04:00,295.0797822383672,301.5526123046875,293.91429307597593,301.5526123046875,3123200,0.0,0.0
2022-03-18 00:00:00-04:00,299.10514370119273,305.4793701171875,297.92173401196004,305.4793701171875,9409600,0.0,0.0
2022-03-21 00:00:00-04:00,303.05876807826866,305.43453386155693,293.23291707488795,295.28594970703125,4521200,0.0,0.0
2022-03-22 00:00:00-04:00,295.2410977022533,297.01618452972093,290.4805928038914,295.6086730957031,4852800,0.0,0.0
2022-03-23 00:00:00-04:00,293.071578489118,294.2280937769232,283.16507061137145,284.2408752441406,5207700,0.0,0.0
2022-03-24 00:00:00-04:00,284.330580818722,286.3477456276576,281.7754999221605,283.10235595703125,4599900,0.0,0.0
2022-03-25 00:00:00-04:00,285.522912968205,285.8097777847169,276.39634371429776,278.5300598144531,5176500,0.0,0.0
2022-03-28 00:00:00-04:00,278.81690093934674,281.8202395885754,277.23007505031563,281.7574768066406,3936600,0.0,0.0
2022-03-29 00:00:00-04:00,284.115377476729,287.78213093982635,280.5382812397274,284.83258056640625,5306100,0.0,0.0
2022-03-30 00:00:00-04:00,280.70856506641604,282.6181516085617,274.4239963591767,276.5397644042969,7223800,0.0,0.0
2022-03-31 00:00:00-04:00,274.52259758613366,276.09150310581595,267.96011071991387,268.35455322265625,11044600,0.0,0.0
2022-04-01 00:00:00-04:00,269.40354660559314,271.9765478146149,267.9691129321232,270.64971923828125,5554600,0.0,0.0
2022-04-04 00:00:00-04:00,270.29104105047924,274.76468179344516,268.56974284359075,273.9577941894531,4659500,0.0,0.0
2022-04-05 00:00:00-04:00,274.56746330502216,277.11356976824254,270.9365509481763,273.31231689453125,4376100,0.0,0.0
2022-04-06 00:00:00-04:00,267.24288798385373,269.5469444362727,264.4636783691439,267.6463317871094,6499900,0.0,0.0
2022-04-07 00:00:00-04:00,266.07747786180795,273.07030450540395,263.2086104718702,271.42071533203125,5241000,0.0,0.0
2022-04-08 00:00:00-04:00,270.26416909939286,279.9734693484609,270.10280250898995,278.9155578613281,5741900,0.0,0.0
2022-04-11 00:00:00-04:00,275.95712047683577,281.65898747061635,274.2716627657211,274.97991943359375,4100600,0.0,0.0
2022-04-12 00:00:00-04:00,277.41841591441005,280.8700142406489,273.5275327072205,274.5943908691406,4122600,0.0,0.0
2022-04-13 00:00:00-04:00,274.4329510657465,279.4445078260436,274.08332347755254,278.2969665527344,3185300,0.0,0.0
2022-04-14 00:00:00-04:00,278.6644995778138,279.9375663613539,272.8371363068809,273.0074768066406,4569200,0.0,0.0
2022-04-18 00:00:00-04:00,271.64478497666175,274.5943350220633,267.80769141856774,269.14349365234375,3192400,0.0,0.0
2022-04-19 00:00:00-04:00,269.50209645309303,276.24392516071197,268.7848934397273,275.94805908203125,3389700,0.0,0.0
2022-04-20 00:00:00-04:00,278.81690829077945,283.3891524517001,277.6962615532763,282.52850341796875,4720800,0.0,0.0
2022-04-21 00:00:00-04:00,284.19608469169145,285.4512038840357,277.6873580348647,278.2431945800781,3014200,0.0,0.0
2022-04-22 00:00:00-04:00,277.7590684641706,277.7590684641706,268.75802477788756,269.0538635253906,4043200,0.0,0.0
2022-04-25 00:00:00-04:00,268.9552648376135,273.5812986759658,265.61124452869655,273.3840637207031,4396900,0.0,0.0
2022-04-26 00:00:00-04:00,270.9724667260618,275.7329733820139,268.7042781072363,268.91943359375,3415200,0.0,0.0
2022-04-27 00:00:00-04:00,270.12070729384556,274.71089979918287,268.1663057427839,270.3896789550781,3446200,0.0,0.0
2022-04-28 00:00:00-04:00,273.2136650586271,281.9905776608039,271.65373360957113,279.4982604980469,4149500,0.0,0.0
2022-04-29 00:00:00-04:00,276.2618218676776,279.46239544224966,268.69521308230213,269.3138122558594,4878200,0.0,0.0
2022-05-02 00:00:00-04:00,270.73934249215756,276.8356786154286,268.87459791393275,275.2040100097656,4233900,0.0,0.0
2022-05-03 00:00:00-04:00,274.05644518360515,277.0239160110114,271.6627313468642,273.4019775390625,3336600,0.0,0.0
2022-05-04 00:00:00-04:00,272.6130370618947,283.0754086206086,271.5820473796825,282.6809387207031,4021300,0.0,0.0
2022-05-05 00:00:00-04:00,278.8169553309399,279.13968851321124,263.3161593819333,268.1573486328125,4959600,0.0,0.0
2022-05-06 00:00:00-04:00,265.63809529895804,266.0415390737198,259.4611046254371,263.8540344238281,4325300,0.0,0.0
2022-05-09 00:00:00-04:00,260.24110917298583,269.61867493589307,258.6453090537948,266.2926025390625,5243600,0.0,0.0
2022-05-10 00:00:00-04:00,267.5746584356665,269.914583801516,257.892278459964,261.03009033203125,4392900,0.0,0.0
2022-05-11 00:00:00-04:00,261.2900411885328,262.97547113792854,253.3289612626337,253.6785888671875,3880500,0.0,0.0
2022-05-12 00:00:00-04:00,252.43244044030664,262.84099554041177,251.58971179687268,259.712158203125,4447700,0.0,0.0
2022-05-13 00:00:00-04:00,259.9451833408639,268.43520265424877,258.600407487801,265.39599609375,3949100,0.0,0.0
2022-05-16 00:00:00-04:00,263.6478776329002,268.5697777468249,259.80183691729707,265.3602294921875,4267900,0.0,0.0
2022-05-17 00:00:00-04:00,274.78263793752086,278.76317817666813,260.7969582345341,269.8069763183594,12425900,0.0,0.0
2022-05-18 00:00:00-04:00,262.679611489968,264.86711624540544,252.08276871954357,255.66883850097656,7799500,0.0,0.0
2022-05-19 00:00:00-04:00,255.95576462565697,262.2313875761985,255.47163748022837,257.9819030761719,5211500,0.0,0.0
2022-05-20 00:00:00-04:00,259.82867025150864,260.4382954956739,250.65728772420638,257.4708251953125,5621800,0.0,0.0
2022-05-23 00:00:00-04:00,259.17424965821135,260.2948965715487,251.3118007636722,256.430908203125,4305600,0.0,0.0
2022-05-24 00:00:00-04:00,254.6109749863348,259.3804547460312,251.60763583060847,258.1253356933594,4241900,0.0,0.0
2022-05-25 00:00:00-04:00,256.23362919607604,264.9119108345564,256.09915706150497,263.19061279296875,4612900,0.0,0.0
2022-05-26 00:00:00-04:00,266.5526145257139,274.0026734567633,266.2657223326673,271.4744873046875,4170800,0.0,0.0
2022-05-27 00:00:00-04:00,272.1289138806045,276.57563276289557,270.389667842376,276.5397644042969,3899300,0.0,0.0
2022-05-31 00:00:00-04:00,274.8723137156775,276.010881268294,269.69938942615914,271.42071533203125,5966600,0.0,0.0
2022-06-01 00:00:00-04:00,272.22355690046305,273.34227788757806,267.9743003604989,268.11865234375,3080800,1.9,0.0
2022-06-02 00:00:00-04:00,269.5802011468345,276.0939369564132,266.94585294330466,275.9495849609375,4086400,0.0,0.0
2022-06-03 00:00:00-04:00,273.65806350171056,278.286248198677,272.36795357588994,275.23687744140625,2956600,0.0,0.0
2022-06-06 00:00:00-04:00,275.6699543624131,277.5194112476286,273.5859220065982,274.163330078125,2562000,0.0,0.0
2022-06-07 00:00:00-04:00,266.19708507716405,272.8010457244001,263.97773118278707,272.2507019042969,3547800,0.0,0.0
2022-06-08 00:00:00-04:00,270.45541077728893,271.17714347475106,266.7564687550359,268.4255065917969,3003100,0.0,0.0
2022-06-09 00:00:00-04:00,268.63300226880165,276.86087568583736,268.2631053347562,270.5275573730469,4168400,0.0,0.0
2022-06-10 00:00:00-04:00,262.9852535119905,267.4961497986456,260.40503405154027,260.9463195800781,4623900,0.0,0.0
2022-06-13 00:00:00-04:00,256.54370403582675,258.76308503661875,253.76500378145462,255.4611053466797,4704600,0.0,0.0
2022-06-14 00:00:00-04:00,255.50618289312953,258.3661032881656,249.53376054152605,251.41030883789062,3987000,0.0,0.0
2022-06-15 00:00:00-04:00,253.5124420247315,255.84908364912215,248.52339044133888,252.36668395996094,4050400,0.0,0.0
2022-06-16 00:00:00-04:00,248.02723933225766,249.10080777665746,243.34492478694705,246.7100372314453,6181000,0.0,0.0
2022-06-17 00:00:00-04:00,244.4906488702139,249.56089334567002,243.94033258089715,244.2470703125,10775600,0.0,0.0
2022-06-21 00:00:00-04:00,246.91749132304773,247.12500250436332,241.26083618742445,242.86671447753906,5498400,0.0,0.0
2022-06-22 00:00:00-04:00,240.33161699995858,245.18531971971512,238.63551508694044,242.6682586669922,4678400,0.0,0.0
2022-06-23 00:00:00-04:00,243.588446844602,248.63162656983826,243.4892203225177,248.478271484375,3747500,0.0,0.0
2022-06-24 00:00:00-04:00,250.32773639667326,255.73178256315086,247.12501031983572,255.31678771972656,10310700,0.0,0.0
2022-06-27 00:00:00-04:00,256.63397243449555,257.1211570727393,253.95449822265473,255.03712463378906,2538600,0.0,0.0
2022-06-28 00:00:00-04:00,256.02046428189925,257.66243736720236,243.42604780055987,243.7237548828125,4052100,0.0,0.0
2022-06-29 00:00:00-04:00,245.01385086388655,249.1458476224416,242.51482402595047,247.07984924316406,2460500,0.0,0.0
2022-06-30 00:00:00-04:00,244.24703960104773,249.93978942941527,241.82017480523368,247.44073486328125,4058000,0.0,0.0
2022-07-01 00:00:00-04:00,248.75799376995428,253.28692550038585,247.69340090560826,251.7802734375,2818300,0.0,0.0
2022-07-05 00:00:00-04:00,248.55041108863736,255.97535705566406,248.12638569256504,255.97535705566406,3241300,0.0,0.0
2022-07-06 00:00:00-04:00,257.1121031368055,257.95115091884855,253.07936004314843,255.84002685546875,2206100,0.0,0.0
2022-07-07 00:00:00-04:00,255.17244691837277,258.89845266500384,253.91843172801273,258.6458435058594,3133900,0.0,0.0
2022-07-08 00:00:00-04:00,258.01433158139855,259.8186907575358,256.1378101524437,258.4473876953125,1891000,0.0,0.0
2022-07-11 00:00:00-04:00,257.28355654814004,261.2621716534001,257.2474891895492,258.3752136230469,2453200,0.0,0.0
2022-07-12 00:00:00-04:00,260.7028588865085,264.91605003612847,255.68674215188483,257.2294616699219,2696100,0.0,0.0
2022-07-13 00:00:00-04:00,254.08077570887195,261.44256253665935,252.39370472314903,259.0878601074219,2941600,0.0,0.0
2022-07-14 00:00:00-04:00,254.279299312573,261.89369654699766,254.0988523984112,261.1629333496094,2822200,0.0,0.0
2022-07-15 00:00:00-04:00,265.9714994081419,266.5489074238055,262.4891002352831,263.8062744140625,2647200,0.0,0.0
2022-07-18 00:00:00-04:00,268.17289346433313,269.2915873887061,263.436450434265,264.38372802734375,2664000,0.0,0.0
2022-07-19 00:00:00-04:00,266.53990421614833,270.66287099247694,264.61825754422426,270.5004577636719,2614900,0.0,0.0
2022-07-20 00:00:00-04:00,271.49290019015876,273.9829246943962,269.10212975865215,272.7288818359375,2533400,0.0,0.0
2022-07-21 00:00:00-04:00,273.2250232616928,275.3902482079678,269.63433951592594,275.1647033691406,1965000,0.0,0.0
2022-07-22 00:00:00-04:00,277.5645513298728,280.280120465118,274.5873424276936,276.5992126464844,2391500,0.0,0.0
2022-07-25 00:00:00-04:00,276.7886511408734,277.3570286137027,274.1091770063441,276.2022399902344,1910500,0.0,0.0
2022-07-26 00:00:00-04:00,267.94730615687905,271.2312526869141,266.96393382536843,269.0118713378906,2690200,0.0,0.0
2022-07-27 00:00:00-04:00,269.0389649897051,270.93354761520715,263.2469875010493,269.6705017089844,3233700,0.0,0.0
2022-07-28 00:00:00-04:00,266.1429124624323,271.7725028851906,264.4919363400258,270.32000732421875,3992100,0.0,0.0
2022-07-29 00:00:00-04:00,270.6539020293875,271.95304296171565,268.3352936609078,271.501953125,3236000,0.0,0.0
2022-08-01 00:00:00-04:00,271.23119781682374,278.27721594332286,270.66282045296714,275.90447998046875,3303900,0.0,0.0
2022-08-02 00:00:00-04:00,275.52562734181845,275.7150773370808,270.662893914519,271.2944030761719,3091000,0.0,0.0
2022-08-03 00:00:00-04:00,273.6761239497737,277.9344117794414,270.96055517069766,276.40069580078125,3329400,0.0,0.0
2022-08-04 00:00:00-04:00,274.74970048367754,279.6485276309796,274.65947704433785,277.1224365234375,2718400,0.0,0.0
2022-08-05 00:00:00-04:00,275.50757421700274,279.4771584255537,274.713651868826,279.3959655761719,2029100,0.0,0.0
2022-08-08 00:00:00-04:00,281.3536573251336,284.90824639981065,280.0725779822315,281.4529113769531,2505100,0.0,0.0
2022-08-09 00:00:00-04:00,278.6741974844615,279.6395084811829,273.64002120578954,275.3541564941406,2607000,0.0,0.0
2022-08-10 00:00:00-04:00,279.2245529881772,282.3641475343853,278.81856120353257,281.10107421875,3863400,0.0,0.0
2022-08-11 00:00:00-04:00,283.14004754139626,283.84374654098,279.29675356471887,280.2981872558594,2444100,0.0,0.0
2022-08-12 00:00:00-04:00,282.0302848408699,284.1233476256254,279.83799553910274,284.0872802734375,2273800,0.0,0.0
2022-08-15 00:00:00-04:00,281.51610583169037,284.8722147557507,279.81097331911906,283.8346862792969,3917300,0.0,0.0
2022-08-16 00:00:00-04:00,282.36415046215336,300.40774050308335,282.27392700548205,295.35552978515625,10089800,0.0,0.0
2022-08-17 00:00:00-04:00,295.99604790561904,297.2681242144834,292.36929648389804,293.89398193359375,3162600,0.0,0.0
2022-08-18 00:00:00-04:00,293.17225174882935,295.8607566542674,290.7002886521275,293.3977966308594,2899600,0.0,0.0
2022-08-19 00:00:00-04:00,293.1813168579256,294.39926487069044,288.48997174666005,289.88836669921875,3489100,0.0,0.0
2022-08-22 00:00:00-04:00,286.974253074867,288.46284363562995,281.2183438764078,281.66943359375,3144200,0.0,0.0
2022-08-23 00:00:00-04:00,280.76726707216045,281.0469405071889,275.74214831442436,276.8788757324219,3317500,0.0,0.0
2022-08-24 00:00:00-04:00,275.2098528777304,279.65761885715096,273.8565835912659,277.97052001953125,2495600,0.0,0.0
2022-08-25 00:00:00-04:00,278.4487025073063,279.6395585587081,275.9135527059741,279.4771728515625,2529700,0.0,0.0
2022-08-26 00:00:00-04:00,279.94623817614155,281.03789500076766,268.86747698274627,268.9396667480469,3315500,0.0,0.0
2022-08-29 00:00:00-04:00,267.5593461151895,270.3921750598452,265.50237822407973,267.33380126953125,2711800,0.0,0.0
2022-08-30 00:00:00-04:00,269.3547256677704,270.56364296727406,263.1387228522603,264.4288330078125,2892400,0.0,0.0
2022-08-31 00:00:00-04:00,265.16440359462644,265.5821062615395,261.7773069009721,261.9044494628906,4376200,1.9,0.0
2022-09-01 00:00:00-04:00,261.8862333046506,266.59000861365064,260.3606890496196,266.3993225097656,3742500,0.0,0.0
2022-09-02 00:00:00-04:00,268.88746504399364,269.5140329293137,263.4481574574997,265.06451416015625,2753600,0.0,0.0
2022-09-06 00:00:00-04:00,266.26306230373615,267.4253854512083,260.8509977463162,262.92138671875,4110000,0.0,0.0
2022-09-07 00:00:00-04:00,263.7386730572772,270.33124063017925,263.6115305243028,270.12237548828125,3016000,0.0,0.0
2022-09-08 00:00:00-04:00,268.7874675019332,272.5922652892727,267.4616992391463,272.32891845703125,2703200,0.0,0.0
2022-09-09 00:00:00-04:00,271.9476183100525,274.6808781525814,270.9033202302819,272.2109375,2769200,0.0,0.0
2022-09-12 00:00:00-04:00,273.1462505325099,274.9896234635359,269.1053733292534,270.18597412109375,3632900,0.0,0.0
2022-09-13 00:00:00-04:00,265.1643212604295,267.0439965338841,251.8248315291837,252.3787384033203,4797200,0.0,0.0
2022-09-14 00:00:00-04:00,253.7135697773513,253.84071228648594,248.05633778415609,250.9348907470703,4194400,0.0,0.0
2022-09-15 00:00:00-04:00,252.34247278256706,252.45143626810733,245.66818217347654,246.5762481689453,3896100,0.0,0.0
2022-09-16 00:00:00-04:00,244.3150505016263,251.13463235779886,244.17884619738112,250.598876953125,9535100,0.0,0.0
2022-09-19 00:00:00-04:00,248.42868155606925,255.3754085548853,248.36513799781764,254.63987731933594,3047200,0.0,0.0
2022-09-20 00:00:00-04:00,251.42523628212297,253.15055557544053,246.42178539073262,248.96438598632812,2940700,0.0,0.0
2022-09-21 00:00:00-04:00,250.62616422922358,254.37648046845277,246.54895759926677,246.6034393310547,3173500,0.0,0.0
2022-09-22 00:00:00-04:00,246.28561531750958,246.28561531750958,243.22543790685415,244.3968505859375,3515800,0.0,0.0
2022-09-23 00:00:00-04:00,243.2618274784894,246.35830832298768,241.83615712886748,246.0314178466797,3527900,0.0,0.0
2022-09-26 00:00:00-04:00,246.4763143775114,248.41049912970576,241.19136432176336,242.0721893310547,4181800,0.0,0.0
2022-09-27 00:00:00-04:00,244.59659353067576,248.52853401071056,242.4354201787138,243.9882049560547,3701000,0.0,0.0
2022-09-28 00:00:00-04:00,249.91791059978198,257.43669551916435,247.63865620901183,256.24713134765625,5816600,0.0,0.0
2022-09-29 00:00:00-04:00,252.90546207137717,253.13247856378638,249.47297381462903,252.7419891357422,4518600,0.0,0.0
2022-09-30 00:00:00-04:00,252.2789000629745,255.88392315275806,249.50022034975817,250.5717315673828,4789100,0.0,0.0
2022-10-03 00:00:00-04:00,255.16652754294674,259.76133895363057,253.84982085339854,257.6183166503906,3580000,0.0,0.0
2022-10-04 00:00:00-04:00,261.0689615486522,264.5286906134347,260.21537733567436,262.9395751953125,3641300,0.0,0.0
2022-10-05 00:00:00-04:00,259.9338986744832,265.25515225913654,259.1347961415853,263.20294189453125,2728000,0.0,0.0
2022-10-06 00:00:00-04:00,262.93961847349414,266.03612720905187,261.3141723903527,263.6933288574219,2641500,0.0,0.0
2022-10-07 00:00:00-04:00,261.0961887292709,262.0950667678276,256.4559852533912,258.1813049316406,2406000,0.0,0.0
2022-10-10 00:00:00-04:00,257.4911570566924,258.6716316082974,254.45822036247174,256.4922790527344,2115400,0.0,0.0
2022-10-11 00:00:00-04:00,255.25730589817516,259.8884470927017,255.07568165055866,256.88275146484375,2771900,0.0,0.0
2022-10-12 00:00:00-04:00,258.27211578049753,258.4718913872156,254.70339572812594,254.7306365966797,2258200,0.0,0.0
2022-10-13 00:00:00-04:00,249.4093351055735,258.6443480009259,244.02451201255772,256.8282165527344,3881600,0.0,0.0
2022-10-14 00:00:00-04:00,260.2880358513931,260.2880358513931,250.58080867959393,251.01666259765625,2783100,0.0,0.0
2022-10-17 00:00:00-04:00,253.89522572119003,257.7726570544778,253.65911972443755,255.40261840820312,3426700,0.0,0.0
2022-10-18 00:00:00-04:00,261.47756449376175,263.21194582701014,257.19149270603185,258.8532409667969,3166500,0.0,0.0
2022-10-19 00:00:00-04:00,256.50134946671744,256.77375812387567,247.92011651063243,250.1630401611328,4323000,0.0,0.0
2022-10-20 00:00:00-04:00,249.66365026249522,252.4423298052644,243.24361745434393,244.68743896484375,3959500,0.0,0.0
2022-10-21 00:00:00-04:00,243.6703759518067,250.3628165326985,243.36163690206874,250.19937133789062,3429100,0.0,0.0
2022-10-24 00:00:00-04:00,251.5070078562614,258.3175019552915,251.5070078562614,257.21875,2937100,0.0,0.0
2022-10-25 00:00:00-04:00,259.26194267877605,265.2733354002255,259.26194267877605,263.57525634765625,2791600,0.0,0.0
2022-10-26 00:00:00-04:00,263.884043707513,265.0372778071451,259.861317085603,263.47540283203125,2615000,0.0,0.0
2022-10-27 00:00:00-04:00,265.0190155003974,267.2165192693366,262.83966307157596,264.3016357421875,3041500,0.0,0.0
2022-10-28 00:00:00-04:00,263.33911360356456,271.65700065523794,263.33911360356456,271.1938781738281,3243100,0.0,0.0
2022-10-31 00:00:00-04:00,267.34373438553587,271.76601170245226,265.6547170889527,268.9056091308594,4210900,0.0,0.0
2022-11-01 00:00:00-04:00,272.7557416737688,274.4265795536395,266.3811292254823,268.84197998046875,3309100,0.0,0.0
2022-11-02 00:00:00-04:00,268.0610701682682,272.5741588907203,261.99516877289517,262.1858825683594,4426400,0.0,0.0
2022-11-03 00:00:00-04:00,257.5003396762505,259.6615416719702,254.7216593137484,255.62063598632812,4823900,0.0,0.0
2022-11-04 00:00:00-04:00,259.60701653208,262.2857947544148,251.9883290650842,257.9179992675781,4401600,0.0,0.0
2022-11-07 00:00:00-05:00,260.16086082345845,264.88281423383796,256.83733655347106,263.5842590332031,3260200,0.0,0.0
2022-11-08 00:00:00-05:00,265.5457137123605,266.37205703550796,261.1870083257086,264.37432861328125,3371800,0.0,0.0
2022-11-09 00:00:00-05:00,262.43105730557295,265.6092881033913,259.94296549168376,260.3879089355469,3071400,0.0,0.0
2022-11-10 00:00:00-05:00,270.3675678642434,285.80469020066204,269.76824096574535,283.044189453125,7794000,0.0,0.0
2022-11-11 00:00:00-05:00,283.3165814498785,288.47438948693843,281.71837648156037,285.9862976074219,4945400,0.0,0.0
2022-11-14 00:00:00-05:00,285.459598447301,286.9306885628491,278.1769195120853,278.70361328125,6394800,0.0,0.0
2022-11-15 00:00:00-05:00,276.1065462412551,287.52094253272554,275.3710149968859,283.2530212402344,9290400,0.0,0.0
2022-11-16 00:00:00-05:00,277.7410024739553,287.3211136425407,276.51513576856496,285.9590148925781,5249500,0.0,0.0
2022-11-17 00:00:00-05:00,283.3165896900679,284.8421339067558,278.0043980909841,282.8080749511719,3642100,0.0,0.0
2022-11-18 00:00:00-05:00,285.259824708215,286.9488139187756,281.73652471099314,284.3880615234375,3559300,0.0,0.0
2022-11-21 00:00:00-05:00,287.82054969751783,289.5277179628912,285.31430674653905,287.6571044921875,4069000,0.0,0.0
2022-11-22 00:00:00-05:00,290.58108518882983,296.77410121779,290.018088770192,295.012451171875,6054700,0.0,0.0
2022-11-23 00:00:00-05:00,296.7197094346931,297.68225735422897,290.9807246115123,291.9523620605469,4243400,0.0,0.0
2022-11-25 00:00:00-05:00,293.20537103567574,298.8262726810937,292.3063670753783,296.37451171875,3393500,0.0,0.0
2022-11-28 00:00:00-05:00,295.1759133136965,298.57207107382493,288.6287656218215,289.60040283203125,4733700,0.0,0.0
2022-11-29 00:00:00-05:00,286.9488059789574,290.5810693457796,286.60373652519405,286.9124755859375,3505600,0.0,0.0
2022-11-30 00:00:00-05:00,285.88022406093324,296.1669149824401,284.57384040923455,295.98419189453125,15106500,1.9,0.0
2022-12-01 00:00:00-05:00,298.10359845561544,301.17317287550105,296.3952466499742,298.79791259765625,3830100,0.0,0.0
2022-12-02 00:00:00-05:00,293.3256673094583,300.0860298052149,292.6404976953984,299.63836669921875,3644100,0.0,0.0
2022-12-05 00:00:00-05:00,297.0438936826925,297.3819062686252,291.91883778968355,292.4121398925781,5057300,0.0,0.0
2022-12-06 00:00:00-05:00,292.01018861627136,293.84642435785247,287.3510293246235,290.0094909667969,3341500,0.0,0.0
2022-12-07 00:00:00-05:00,288.64822748838446,294.97007096265656,287.25962720207076,292.4760437011719,4038200,0.0,0.0
2022-12-08 00:00:00-05:00,291.01434296242195,296.4682938313729,291.01434296242195,296.0754699707031,3483600,0.0,0.0
2022-12-09 00:00:00-05:00,293.6911474820315,296.39527606629946,292.2751133875757,292.777587890625,3738800,0.0,0.0
2022-12-12 00:00:00-05:00,295.07967573841455,299.95807941590397,293.5174970260928,299.62921142578125,4900200,0.0,0.0
2022-12-13 00:00:00-05:00,314.58422178968806,317.23353878388065,301.43808710264494,304.1148376464844,5787700,0.0,0.0
2022-12-14 00:00:00-05:00,301.95883717578664,309.75149902802366,300.5702366953964,304.608154296875,4546000,0.0,0.0
2022-12-15 00:00:00-05:00,300.9630199753722,301.4928721761998,295.4177075602704,299.2820739746094,5056900,0.0,0.0
2022-12-16 00:00:00-05:00,295.47253683211636,299.5926990210407,291.6447203687987,295.39031982421875,9615000,0.0,0.0
2022-12-19 00:00:00-05:00,291.88227780989314,294.08395968290307,288.70308052196543,289.89984130859375,3000600,0.0,0.0
2022-12-20 00:00:00-05:00,286.2364303030915,289.4978439656504,283.9616484993168,287.6250305175781,2632200,0.0,0.0
2022-12-21 00:00:00-05:00,290.5575728431638,291.9644622069248,287.53369328443284,291.75433349609375,2610400,0.0,0.0
2022-12-22 00:00:00-05:00,289.05019860185234,289.05019860185234,283.87033223691816,288.7944030761719,3064400,0.0,0.0
2022-12-23 00:00:00-05:00,286.99465467630387,291.5167844601693,285.99887836349444,291.17877197265625,2064900,0.0,0.0
2022-12-27 00:00:00-05:00,290.88650459080213,293.75506712901165,290.0643065577931,291.9279479980469,1610200,0.0,0.0
2022-12-28 00:00:00-05:00,292.84147631640036,293.64541310898227,288.22801215483594,288.4381408691406,1568200,0.0,0.0
2022-12-29 00:00:00-05:00,291.105749293853,294.01086201427876,290.13737838704446,292.713623046875,1559100,0.0,0.0
2022-12-30 00:00:00-05:00,290.04599118286745,290.6672328194925,285.96237918083125,288.556884765625,2581600,0.0,0.0
2023-01-03 00:00:00-05:00,289.9820532728975,291.62644913324255,284.8295645858051,288.6025695800781,2822400,0.0,0.0
2023-01-04 00:00:00-05:00,293.3165736875144,294.63210168010085,289.0319771343701,292.0924072265625,3560900,0.0,0.0
2023-01-05 00:00:00-05:00,290.3566096410981,290.5849995208358,286.15425815762364,288.20062255859375,2935100,0.0,0.0
2023-01-06 00:00:00-05:00,288.949775576492,291.28848593738843,282.2899182427226,290.08258056640625,4022500,0.0,0.0
2023-01-09 00:00:00-05:00,292.33904596486383,294.6686115855467,289.65317874969173,290.3383483886719,3466300,0.0,0.0
2023-01-10 00:00:00-05:00,288.9588832329459,293.00597335008825,286.82115716699155,292.91461181640625,2111300,0.0,0.0
2023-01-11 00:00:00-05:00,294.6686258589039,300.597646380217,294.2758019379705,300.56109619140625,2864800,0.0,0.0
2023-01-12 00:00:00-05:00,303.4935298783418,303.4935298783418,298.468953684773,301.3558044433594,2481800,0.0,0.0
2023-01-13 00:00:00-05:00,298.2680153783309,303.6580384274383,297.8203801701064,302.58001708984375,2798600,0.0,0.0
2023-01-17 00:00:00-05:00,301.77606429870383,306.188571812761,298.82528528001546,299.2181091308594,3988900,0.0,0.0
2023-01-18 00:00:00-05:00,301.4745791187699,305.60385725670386,295.0157079598746,295.71002197265625,2952200,0.0,0.0
2023-01-19 00:00:00-05:00,292.649650422082,293.5632099331254,283.7789953761454,284.00738525390625,5359300,0.0,0.0
2023-01-20 00:00:00-05:00,283.2125872867448,287.9904855911694,280.81906587632875,287.771240234375,3725100,0.0,0.0
2023-01-23 00:00:00-05:00,286.43747006874946,290.0825637639282,284.1992380119335,288.20977783203125,3237900,0.0,0.0
2023-01-24 00:00:00-05:00,287.88096537749027,290.6033836717043,285.6062103522313,290.22882080078125,2127900,0.0,0.0
2023-01-25 00:00:00-05:00,288.0726855595102,290.62152419996545,284.61943199615405,289.83587646484375,2060400,0.0,0.0
2023-01-26 00:00:00-05:00,286.9946888913898,291.66299206849357,285.5147270779384,286.68408203125,3555300,0.0,0.0
2023-01-27 00:00:00-05:00,285.04885004232636,290.73119174366394,284.4184917019168,289.315185546875,2761200,0.0,0.0
2023-01-30 00:00:00-05:00,288.52946043457274,290.6398083519453,286.57445776583745,287.076904296875,2643100,0.0,0.0
2023-01-31 00:00:00-05:00,288.6756523229679,296.3130241038415,287.8625988799067,296.1485900878906,3526800,0.0,0.0
2023-02-01 00:00:00-05:00,294.5225238230216,301.9771464095064,290.1831152663238,299.72979736328125,3076500,0.0,0.0
2023-02-02 00:00:00-05:00,304.6264919019057,311.95323063001774,303.9321776111934,310.41845703125,4776600,0.0,0.0
2023-02-03 00:00:00-05:00,303.78596647431846,305.7775196705722,301.776124243477,302.8450012207031,3389700,0.0,0.0
2023-02-06 00:00:00-05:00,300.55194370217276,302.3973518132251,299.1541987232084,300.8077392578125,2229700,0.0,0.0
2023-02-07 00:00:00-05:00,295.9932865084345,298.7339650872163,292.9968123774847,297.0895690917969,3865500,0.0,0.0
2023-02-08 00:00:00-05:00,295.0248771296124,295.9841033551228,291.94618638873385,293.06072998046875,2777200,0.0,0.0
2023-02-09 00:00:00-05:00,295.1710724155644,295.89279220825097,287.6159177023991,288.273681640625,3063300,0.0,0.0
2023-02-10 00:00:00-05:00,286.72071434169357,289.781144879752,285.71579310656,289.1781921386719,2768800,0.0,0.0
2023-02-13 00:00:00-05:00,289.9089982090463,295.71010720676435,288.32853007479,295.5639343261719,2432500,0.0,0.0
2023-02-14 00:00:00-05:00,292.89630772427563,295.0431781971166,288.3833492923533,290.9047546386719,3380800,0.0,0.0
2023-02-15 00:00:00-05:00,288.5751419558978,293.73674688664613,288.49292495709807,292.9693603515625,2585500,0.0,0.0
2023-02-16 00:00:00-05:00,287.7712301612936,295.75573092746436,287.70727430792624,293.4718322753906,3169200,0.0,0.0
2023-02-17 00:00:00-05:00,291.1330975477966,292.8871438305777,285.8984201250042,290.4662170410156,4985500,0.0,0.0
2023-02-21 00:00:00-05:00,279.13804739728795,281.3854234648235,269.52741310098753,269.956787109375,10891800,0.0,0.0
2023-02-22 00:00:00-05:00,271.82957124860377,274.43322095103156,269.58222307201976,270.6876220703125,5922100,0.0,0.0
2023-02-23 00:00:00-05:00,271.1353097662666,273.9582050461924,269.152873545417,273.4374694824219,4354500,0.0,0.0
2023-02-24 00:00:00-05:00,267.12479856111725,272.5421998335255,266.7593803283731,271.0165710449219,3713300,0.0,0.0
2023-02-27 00:00:00-05:00,273.48319293354945,274.5155197591242,269.5366365857079,270.42279052734375,3238300,0.0,0.0
2023-02-28 00:00:00-05:00,269.5000624162359,272.8802438424588,268.8697041076721,270.9069519042969,3949500,0.0,0.0
2023-03-01 00:00:00-05:00,266.6862878244158,268.330683688199,263.7080750857366,265.6539611816406,5905100,0.0,0.0
2023-03-02 00:00:00-05:00,263.5253635688577,268.6869691288604,262.4382255417173,267.6911926269531,4103700,0.0,0.0
2023-03-03 00:00:00-05:00,269.17119585677654,272.798000460868,268.3672590020046,272.65185546875,4036700,0.0,0.0
2023-03-06 00:00:00-05:00,272.240685977786,274.1682828217875,271.3088654785516,272.4325256347656,3763200,0.0,0.0
2023-03-07 00:00:00-05:00,273.2091533387253,273.2091533387253,265.3160122682964,265.5718078613281,4512400,0.0,0.0
2023-03-08 00:00:00-05:00,266.3354542404604,269.1143726310527,265.2588371346194,268.2218017578125,4680300,2.09,0.0
2023-03-09 00:00:00-05:00,269.6573101781024,270.8719480873034,264.7803932295905,265.01043701171875,3248000,0.0,0.0
2023-03-10 00:00:00-05:00,265.5257161748574,269.7585271167021,261.4217432220475,263.455322265625,4730900,0.0,0.0
2023-03-13 00:00:00-04:00,261.3205479384339,269.00401652991195,260.04151900363894,263.6485900878906,3892100,0.0,0.0
2023-03-14 00:00:00-04:00,266.20668018196864,266.66676779243284,258.9281188961622,262.7744445800781,5116000,0.0,0.0
2023-03-15 00:00:00-04:00,261.2837248955514,266.07782919396675,260.10590191777817,264.9828186035156,4835500,0.0,0.0
2023-03-16 00:00:00-04:00,264.0902951167726,265.0380744951504,262.24994462815397,263.84185791015625,4400200,0.0,0.0
2023-03-17 00:00:00-04:00,264.84481715788945,268.64514500242854,263.4093461772112,265.36932373046875,8342000,0.0,0.0
2023-03-20 00:00:00-04:00,264.4858943413285,266.6943087319638,263.7313440993951,266.1698303222656,3677800,0.0,0.0
2023-03-21 00:00:00-04:00,268.1665521084482,269.5100276197192,264.6422947584206,266.3262023925781,4788200,0.0,0.0
2023-03-22 00:00:00-04:00,266.93361003540576,267.96420172635345,259.9034863827166,260.0506896972656,3723400,0.0,0.0
2023-03-23 00:00:00-04:00,262.48912907137105,263.2712553549254,257.8514392158748,261.24688720703125,6005800,0.0,0.0
2023-03-24 00:00:00-04:00,260.00461437679354,262.18542437057704,258.412701709557,260.4278869628906,3851000,0.0,0.0
2023-03-27 00:00:00-04:00,261.09970197973126,262.1947126680355,258.4864078918131,258.8176574707031,4269700,0.0,0.0
2023-03-28 00:00:00-04:00,258.3851124645412,260.67636716540255,257.5845647580939,258.4035339355469,3633300,0.0,0.0
2023-03-29 00:00:00-04:00,258.7992581425805,261.3205290402664,258.7992581425805,260.7408142089844,3607500,0.0,0.0
2023-03-30 00:00:00-04:00,262.5811767578125,263.26212548870643,261.19173132682977,262.5811767578125,3432800,0.0,0.0
2023-03-31 00:00:00-04:00,264.08101497319336,271.95771074782783,263.86939269479296,271.5620422363281,5800600,0.0,0.0
2023-04-03 00:00:00-04:00,271.3320297049299,274.1845781571055,271.2124024478024,273.9637451171875,4007600,0.0,0.0
2023-04-04 00:00:00-04:00,273.75204715367397,275.8684383024258,270.8994991972831,271.414794921875,2965700,0.0,0.0
2023-04-05 00:00:00-04:00,271.4516490348646,272.104965479887,265.45211761299873,265.626953125,4002400,0.0,0.0
2023-04-06 00:00:00-04:00,264.32035242670855,266.65760552944346,261.5506158138005,265.57177734375,3193400,0.0,0.0
2023-04-10 00:00:00-04:00,263.2897382615901,269.2800878859638,262.8572547880997,267.92742919921875,2799900,0.0,0.0
2023-04-11 00:00:00-04:00,269.32598667348634,271.5436114941847,268.47023077846205,270.31976318359375,2497000,0.0,0.0
2023-04-12 00:00:00-04:00,272.5559564337824,274.6171402810865,266.4643718823322,267.2557373046875,3341400,0.0,0.0
2023-04-13 00:00:00-04:00,267.6697913980658,269.12365593419025,263.5105813044945,268.8291931152344,3505800,0.0,0.0
2023-04-14 00:00:00-04:00,268.8291824431651,272.55590889892517,268.1206576396049,268.8659973144531,2653200,0.0,0.0
2023-04-17 00:00:00-04:00,268.41507133746245,271.91172526906144,268.2770226157697,271.8197021484375,2621900,0.0,0.0
2023-04-18 00:00:00-04:00,272.6663299243277,275.35322586072976,272.29826544993944,275.0863952636719,2847800,0.0,0.0
2023-04-19 00:00:00-04:00,272.7858948357618,274.47901349610265,271.49762734763215,273.20916748046875,2889300,0.0,0.0
2023-04-20 00:00:00-04:00,272.3442333900614,277.25796519717136,271.91174995722406,274.7366943359375,3371800,0.0,0.0
2023-04-21 00:00:00-04:00,277.5432505049933,278.99714310517817,275.4544628262443,276.0893859863281,3506700,0.0,0.0
2023-04-24 00:00:00-04:00,276.05251443221164,277.8008414073128,275.33477901794845,277.5616149902344,2515400,0.0,0.0
2023-04-25 00:00:00-04:00,277.43282476536643,278.5278355076451,272.4914883994044,272.6755065917969,4529500,0.0,0.0
2023-04-26 00:00:00-04:00,271.8472412862296,272.3441435535938,264.16377589598727,265.07476806640625,4037400,0.0,0.0
2023-04-27 00:00:00-04:00,265.0104098033348,271.18477641891513,264.8263635639216,270.467041015625,3133600,0.0,0.0
2023-04-28 00:00:00-04:00,270.3198349408898,276.80708638694745,269.9609812464147,276.5494384765625,4063400,0.0,0.0
2023-05-01 00:00:00-04:00,275.1139803118079,275.64766955041955,273.6324836971573,273.9361572265625,2970000,0.0,0.0
2023-05-02 00:00:00-04:00,274.61705526765047,274.82870564704973,267.81694789418555,270.78912353515625,3413200,0.0,0.0
2023-05-03 00:00:00-04:00,271.04674459178887,274.91149080782975,269.1511863464341,269.68487548828125,2743400,0.0,0.0
2023-05-04 00:00:00-04:00,269.35368574569077,271.0744088771488,262.5535775365818,262.9400634765625,4422500,0.0,0.0
2023-05-05 00:00:00-04:00,264.24665630627817,267.6512868182257,263.2620623569549,266.5010681152344,3806600,0.0,0.0
2023-05-08 00:00:00-04:00,265.9306085179583,266.70355224559887,261.734612235615,264.9460144042969,3736500,0.0,0.0
2023-05-09 00:00:00-04:00,263.3265130876141,267.8261545937572,262.9492379377715,267.38446044921875,2570000,0.0,0.0
2023-05-10 00:00:00-04:00,268.42428408828675,270.1358244629462,263.09649020942675,265.9582214355469,3571000,0.0,0.0
2023-05-11 00:00:00-04:00,265.69133124783457,266.34467574291864,262.26827898628295,264.72515869140625,3859700,0.0,0.0
2023-05-12 00:00:00-04:00,265.0104305251005,267.7433517131512,264.5043454494123,267.28326416015625,3438300,0.0,0.0
2023-05-15 00:00:00-04:00,266.7771089892526,267.69728385346826,264.03497778454715,265.50726318359375,5353600,0.0,0.0
2023-05-16 00:00:00-04:00,259.2594014801453,263.2529590772617,254.971381035305,259.7930908203125,12362100,0.0,0.0
2023-05-17 00:00:00-04:00,259.62737648517367,270.5774536156638,258.7624097191581,269.04998779296875,7956900,0.0,0.0
2023-05-18 00:00:00-04:00,269.2892890581221,272.30746284185636,268.3231162503814,271.59893798828125,4547000,0.0,0.0
2023-05-19 00:00:00-04:00,272.1510122178768,272.1510122178768,266.80479682585104,267.6605529785156,4470600,0.0,0.0
2023-05-22 00:00:00-04:00,267.52251836214236,269.6020950038263,265.0840318688973,267.4580993652344,3736200,0.0,0.0
2023-05-23 00:00:00-04:00,266.18825927546897,274.0005371076402,266.18825927546897,271.3964538574219,5352200,0.0,0.0
2023-05-24 00:00:00-04:00,273.63252616684804,273.77054684640063,267.0164634722494,267.863037109375,4978200,0.0,0.0
2023-05-25 00:00:00-04:00,268.4978891489662,268.4978891489662,263.22527593543794,263.8601989746094,5355900,0.0,0.0
2023-05-26 00:00:00-04:00,264.09028588853494,269.8873784925049,262.88485860713314,269.45489501953125,4626100,0.0,0.0
2023-05-30 00:00:00-04:00,269.8689321047155,270.9455492473951,265.8845865743391,269.0591735839844,5193300,0.0,0.0
2023-05-31 00:00:00-04:00,268.3918897529888,268.7718809787588,261.32040435909005,262.70135498046875,18288800,2.09,0.0
2023-06-01 00:00:00-04:00,263.25741941853937,268.0489858745695,259.4853664797783,267.2797546386719,4305100,0.0,0.0
2023-06-02 00:00:00-04:00,269.3742914098273,274.5272947954733,268.5123745912633,274.2770690917969,4515600,0.0,0.0
2023-06-05 00:00:00-04:00,273.9805447805933,274.07323041476945,270.0416457394241,271.64501953125,3028800,0.0,0.0
2023-06-06 00:00:00-04:00,270.4587168863509,275.1854013913544,270.3011484799208,274.3327331542969,2855400,0.0,0.0
2023-06-07 00:00:00-04:00,275.54678421622873,280.07884779367924,275.3614129845042,279.6154479980469,4842700,0.0,0.0
2023-06-08 00:00:00-04:00,280.04179230045753,283.0909711409305,278.772081275139,279.05010986328125,3757300,0.0,0.0
2023-06-09 00:00:00-04:00,278.94818021434673,279.3652231036449,274.4253932125232,275.5838928222656,3485800,0.0,0.0
2023-06-12 00:00:00-04:00,276.5569646980217,280.4587826673107,275.86186507414084,278.8368835449219,4456600,0.0,0.0
2023-06-13 00:00:00-04:00,280.2641647950516,281.85826107579373,276.80722074123025,278.1139831542969,4043400,0.0,0.0
2023-06-14 00:00:00-04:00,278.9574512453631,280.4032566110347,273.98981809842667,277.7711486816406,4176000,0.0,0.0
2023-06-15 00:00:00-04:00,278.8183706339447,281.21877805207095,277.65059416103236,279.9119873046875,4109700,0.0,0.0
2023-06-16 00:00:00-04:00,282.0621777034698,283.5821425742398,278.16963648017753,278.3920593261719,10809300,0.0,0.0
2023-06-20 00:00:00-04:00,277.82662366455634,280.5884958370808,276.39937306731593,279.3465881347656,3371100,0.0,0.0
2023-06-21 00:00:00-04:00,280.69982976122503,281.3486008858405,278.20673622428404,278.6886901855469,2713300,0.0,0.0
2023-06-22 00:00:00-04:00,279.43006653314507,280.66269749956757,277.66915303096533,279.13348388671875,3052000,0.0,0.0
2023-06-23 00:00:00-04:00,278.3364656208529,280.19006484057036,277.2057689654781,278.79058837890625,8525900,0.0,0.0
2023-06-26 00:00:00-04:00,280.5144006838191,286.57564869464557,279.87490680357166,285.352294921875,4440100,0.0,0.0
2023-06-27 00:00:00-04:00,285.5933023130463,292.3682053927472,285.3523536404739,290.77410888671875,5342500,0.0,0.0
2023-06-28 00:00:00-04:00,289.16151625095085,290.03271026132467,283.65632358270926,284.0733947753906,4025600,0.0,0.0
2023-06-29 00:00:00-04:00,284.3235960286998,285.5747812152817,281.77489698642154,285.2874755859375,3279700,0.0,0.0
2023-06-30 00:00:00-04:00,286.91865875756594,288.6332439792761,285.7323561899048,287.9010925292969,3230700,0.0,0.0
2023-07-03 00:00:00-04:00,287.1039321634973,288.60534274540373,286.28834412303587,287.32635498046875,1483300,0.0,0.0
2023-07-05 00:00:00-04:00,287.771318316223,289.43954652922054,287.2986413996109,288.0493469238281,2496000,0.0,0.0
2023-07-06 00:00:00-04:00,284.3791678822093,285.4357329355447,279.4671416263799,279.9119873046875,4828300,0.0,0.0
2023-07-07 00:00:00-04:00,279.88421306692317,283.25777731863667,278.86475609411417,280.6441955566406,2951900,0.0,0.0
2023-07-10 00:00:00-04:00,281.0056838179986,287.7991132579348,281.0056838179986,287.5674133300781,3246700,0.0,0.0
2023-07-11 00:00:00-04:00,290.0048515071636,291.5433421590995,287.9936840324471,290.699951171875,2913800,0.0,0.0
2023-07-12 00:00:00-04:00,293.15601556709913,297.74368546948017,292.8779869660929,294.2774353027344,5300500,0.0,0.0
2023-07-13 00:00:00-04:00,294.8149656720161,295.1115483393979,290.5238788930255,291.5711669921875,3235600,0.0,0.0
2023-07-14 00:00:00-04:00,291.79357109854726,293.70277593614117,291.2189598947228,293.3320617675781,2942100,0.0,0.0
2023-07-17 00:00:00-04:00,292.6091466294706,294.5554312851483,291.154064589798,292.91497802734375,2002500,0.0,0.0
2023-07-18 00:00:00-04:00,291.5063160331424,295.0188949062296,289.2820023524715,293.5730895996094,2315600,0.0,0.0
2023-07-19 00:00:00-04:00,293.79546001846836,296.52025298291113,293.50815441805304,296.09393310546875,2361400,0.0,0.0
2023-07-20 00:00:00-04:00,296.8909824177568,297.9197446880193,294.6110633062292,295.73248291015625,2101900,0.0,0.0
2023-07-21 00:00:00-04:00,297.56762118614967,298.3276038169053,296.10326165043165,297.01153564453125,3673400,0.0,0.0
2023-07-24 00:00:00-04:00,297.4748324102749,301.8215242660717,297.45630660266215,301.311767578125,2621900,0.0,0.0
2023-07-25 00:00:00-04:00,301.2747775828941,302.97080854581566,300.12552675130246,301.33038330078125,2890800,0.0,0.0
2023-07-26 00:00:00-04:00,300.9225248828225,306.73354742985083,300.50545380410216,305.4638366699219,3448100,0.0,0.0
2023-07-27 00:00:00-04:00,307.42870305417097,309.0320766259566,304.8522011662947,305.5751037597656,2608600,0.0,0.0
2023-07-28 00:00:00-04:00,307.69750528902597,308.62430500375194,305.380506002211,307.1136169433594,2268200,0.0,0.0
2023-07-31 00:00:00-04:00,307.37310795350584,309.61597562201575,307.2155678469017,309.4028015136719,2690000,0.0,0.0
2023-08-01 00:00:00-04:00,307.4750235077289,310.4500421026675,306.65943538961653,307.7623291015625,2547200,0.0,0.0
2023-08-02 00:00:00-04:00,305.8716765996834,308.18867564318725,303.91614298313243,304.45367431640625,2752600,0.0,0.0
2023-08-03 00:00:00-04:00,303.69369685418064,307.79016367552214,303.65664523312245,305.7048645019531,2451300,0.0,0.0
2023-08-04 00:00:00-04:00,304.1386216170091,305.399055751662,301.51576237989167,302.5352478027344,3591600,0.0,0.0
2023-08-07 00:00:00-04:00,303.25809836094913,305.297068856038,302.68348711697325,305.07464599609375,2111000,0.0,0.0
2023-08-08 00:00:00-04:00,302.6742351652831,304.4815059032147,299.71777012779756,303.814208984375,3272600,0.0,0.0
2023-08-09 00:00:00-04:00,303.38778056808786,306.696461119522,302.84097233177056,304.184814453125,2698900,0.0,0.0
2023-08-10 00:00:00-04:00,306.45552666721545,308.53154850052516,304.8614303927309,305.2877502441406,3075100,0.0,0.0
2023-08-11 00:00:00-04:00,304.47218164202917,307.31746308279713,304.3146415554959,306.8725891113281,3108400,0.0,0.0
2023-08-14 00:00:00-04:00,307.19699458209533,309.3564535387638,304.38879286067106,305.79754638671875,3974800,0.0,0.0
2023-08-15 00:00:00-04:00,307.47502112586534,313.4158095072508,304.47217141574254,307.82720947265625,5860900,0.0,0.0
2023-08-16 00:00:00-04:00,308.2720778624508,313.0821700403423,307.4008839773508,308.6520690917969,3753900,0.0,0.0
2023-08-17 00:00:00-04:00,309.3378877947247,311.08027554268114,303.11907048892584,303.3229675292969,3885100,0.0,0.0
2023-08-18 00:00:00-04:00,301.2654370144373,304.8150948653285,300.68154881605165,303.4063415527344,3472000,0.0,0.0
2023-08-21 00:00:00-04:00,302.70198105354734,303.8697575126502,299.8196480901134,300.3386535644531,3109700,0.0,0.0
2023-08-22 00:00:00-04:00,301.4601482735835,302.4240279450793,298.45732609677765,300.7279968261719,2582200,0.0,0.0
2023-08-23 00:00:00-04:00,300.7649801723971,302.99857048482374,300.3571861071761,302.2200622558594,2728000,0.0,0.0
2023-08-24 00:00:00-04:00,301.3211205202443,304.9171079601791,298.71681556905406,298.976318359375,2490000,0.0,0.0
2023-08-25 00:00:00-04:00,299.7547840181914,302.4517742138476,297.68803903809606,299.22650146484375,2418100,0.0,0.0
2023-08-28 00:00:00-04:00,299.5416342425839,303.4712553935996,299.23577454367876,302.0532531738281,2099900,0.0,0.0
2023-08-29 00:00:00-04:00,302.86887930087715,305.69560704831014,302.85032520547867,305.269287109375,2628200,0.0,0.0
2023-08-30 00:00:00-04:00,305.9314991465822,309.30793369873004,305.8102412542188,308.3845520019531,2256200,2.09,0.0
2023-08-31 00:00:00-04:00,308.91619010065244,310.2219895110576,307.49844062853344,308.07672119140625,2914700,0.0,0.0
2023-09-01 00:00:00-04:00,309.66238530597064,311.01483783233226,308.86026146472653,310.6697082519531,2317400,0.0,0.0
2023-09-05 00:00:00-04:00,309.5131204333468,309.9421627194036,305.3438700674206,305.7262878417969,3141400,0.0,0.0
2023-09-06 00:00:00-04:00,305.49309730926313,306.5004201323434,303.6556418796578,304.0660400390625,3199700,0.0,0.0
2023-09-07 00:00:00-04:00,303.1613146687284,307.7223191148942,302.48042031691773,306.3232421875,2454000,0.0,0.0
2023-09-08 00:00:00-04:00,305.4651082904743,307.32120777884177,304.7002727909584,306.59368896484375,2210300,0.0,0.0
2023-09-11 00:00:00-04:00,307.13469382676726,307.68499398739976,305.5304178554535,306.2765808105469,2087800,0.0,0.0
2023-09-12 00:00:00-04:00,304.8401318178353,306.6496065425006,303.96340331391184,304.3271484375,2190500,0.0,0.0
2023-09-13 00:00:00-04:00,304.1033398362034,305.89414219206367,303.13330528927645,303.9541015625,2564300,0.0,0.0
2023-09-14 00:00:00-04:00,305.3625337104173,308.0767178109848,303.3851478085955,307.4518127441406,2707600,0.0,0.0
2023-09-15 00:00:00-04:00,305.29724599704895,307.0227798961167,298.7775281757069,299.7755432128906,7117800,0.0,0.0
2023-09-18 00:00:00-04:00,298.6189384651992,300.00867889818016,295.5876055725492,295.9140625,2740400,0.0,0.0
2023-09-19 00:00:00-04:00,294.69228057112093,295.60632604696616,291.32515359447154,293.4424133300781,2776500,0.0,0.0
2023-09-20 00:00:00-04:00,293.80613738506577,295.06531223814574,289.88871083421503,289.9446716308594,2320000,0.0,0.0
2023-09-21 00:00:00-04:00,288.58293560228987,289.3571074610887,285.74746498995654,286.1205749511719,2766500,0.0,0.0
2023-09-22 00:00:00-04:00,285.5609129359353,286.95065348500884,284.9079990264922,285.15985107421875,2289200,0.0,0.0
2023-09-25 00:00:00-04:00,284.02198038845495,286.6149354094774,284.02198038845495,285.8687438964844,1882300,0.0,0.0
2023-09-26 00:00:00-04:00,284.03127268440556,285.23448686412064,281.3357324888854,282.18450927734375,2655500,0.0,0.0
2023-09-27 00:00:00-04:00,282.61360108019807,283.75151836833385,279.72216910565965,281.51300048828125,2513900,0.0,0.0
2023-09-28 00:00:00-04:00,281.3730316338499,284.3577119436478,280.51491861040387,283.070556640625,2369600,0.0,0.0
2023-09-29 00:00:00-04:00,284.43233855099675,285.1038965859744,279.6474911098175,281.8300476074219,3502600,0.0,0.0
2023-10-02 00:00:00-04:00,280.30043812910435,283.03332384337114,278.37904108621933,279.6568603515625,2806800,0.0,0.0
2023-10-03 00:00:00-04:00,277.8660266504281,278.2297718740411,270.5535208447003,272.2976989746094,3609200,0.0,0.0
2023-10-04 00:00:00-04:00,273.6221162863436,274.4149322139199,270.8239625167513,272.7174072265625,2956300,0.0,0.0
2023-10-05 00:00:00-04:00,272.3535954559882,272.97852890135556,270.7120030323389,272.07379150390625,2469300,0.0,0.0
2023-10-06 00:00:00-04:00,271.1970725926799,274.7227452055524,268.05381774422403,273.11846923828125,2922500,0.0,0.0
2023-10-09 00:00:00-04:00,270.7679984705027,275.6461233974549,270.18971791934376,275.487548828125,1929900,0.0,0.0
2023-10-10 00:00:00-04:00,276.7280848834804,280.4403124914171,275.31036387725806,279.0878601074219,3116300,0.0,0.0
2023-10-11 00:00:00-04:00,279.5728776916335,280.6082094489221,275.9912440708745,277.99658203125,2292800,0.0,0.0
2023-10-12 00:00:00-04:00,277.6701341423721,277.6701341423721,271.20637737110377,273.30499267578125,2546400,0.0,0.0
2023-10-13 00:00:00-04:00,273.2304148529945,274.899988053115,271.31835432712467,272.279052734375,2092700,0.0,0.0
2023-10-16 00:00:00-04:00,274.62013587748766,278.2950468333429,273.8273199366837,277.32501220703125,2567000,0.0,0.0
2023-10-17 00:00:00-04:00,276.7280723512521,278.28569528355274,274.68541790024955,276.0285339355469,2139700,0.0,0.0
2023-10-18 00:00:00-04:00,273.2863466638852,273.5941310488088,270.09643889867374,270.7120361328125,2720100,0.0,0.0
2023-10-19 00:00:00-04:00,271.42093220525663,271.7380529027709,267.1490963807484,267.47552490234375,3028600,0.0,0.0
2023-10-20 00:00:00-04:00,266.62672806121424,267.8579225337125,264.52811276393874,267.1397399902344,2885300,0.0,0.0
2023-10-23 00:00:00-04:00,266.589400389455,268.85589774368833,265.19963155364206,265.8898620605469,2590900,0.0,0.0
2023-10-24 00:00:00-04:00,267.44750640012217,268.53879880564415,263.05441330976913,264.248291015625,2705200,0.0,0.0
2023-10-25 00:00:00-04:00,262.7932473135123,264.1736799422855,260.414828244394,262.0284118652344,2962800,0.0,0.0
2023-10-26 00:00:00-04:00,261.6553993607308,264.18305736354034,259.0624442615097,259.2956237792969,3108200,0.0,0.0
2023-10-27 00:00:00-04:00,260.20969009957236,260.85326782692096,255.80725979438122,257.8592224121094,2907300,0.0,0.0
2023-10-30 00:00:00-04:00,258.80126509295286,263.32495309445324,258.32556980346993,262.5414733886719,3074400,0.0,0.0
2023-10-31 00:00:00-04:00,263.57677843393134,266.1977137589588,262.6720408277062,265.5354919433594,3036000,0.0,0.0
2023-11-01 00:00:00-04:00,266.37490558519767,267.53146668973096,263.045095801517,267.3449401855469,2747300,0.0,0.0
2023-11-02 00:00:00-04:00,270.7214079158783,274.8346978394629,270.4882284086295,274.71343994140625,3628000,0.0,0.0
2023-11-03 00:00:00-04:00,274.386984203972,277.7727552191285,274.3776763793599,275.72076416015625,3071900,0.0,0.0
2023-11-06 00:00:00-05:00,274.9185842846442,276.4948797168037,273.49152712311235,274.7507019042969,2890300,0.0,0.0
2023-11-07 00:00:00-05:00,274.7880175738392,276.08450916826683,273.80867512635797,274.937255859375,2629000,0.0,0.0
2023-11-08 00:00:00-05:00,275.1797551188877,277.9592646496552,274.3216421446223,276.0098876953125,2454900,0.0,0.0
2023-11-09 00:00:00-05:00,272.30706220580413,273.0438890146366,268.32433767934805,268.5015563964844,4059100,0.0,0.0
2023-11-10 00:00:00-05:00,269.76999096787154,271.97119140625,267.4941571623303,271.97119140625,3653500,0.0,0.0
2023-11-13 00:00:00-05:00,268.4268894458628,270.42289092838274,267.91387752795487,268.68804931640625,4586700,0.0,0.0
2023-11-14 00:00:00-05:00,280.64553365472415,287.50098820702874,279.9459951523017,283.201171875,7952800,0.0,0.0
2023-11-15 00:00:00-05:00,283.63953272436834,288.1445478737467,283.5555915250462,287.454345703125,3985900,0.0,0.0
2023-11-16 00:00:00-05:00,285.29979322175336,287.2305263593881,283.85406320857913,285.8221130371094,3114000,0.0,0.0
2023-11-17 00:00:00-05:00,287.7434752001341,287.93933799120873,284.8986969606955,286.5962219238281,2770300,0.0,0.0
2023-11-20 00:00:00-05:00,286.5216277582664,288.8347785086612,285.1691753525043,287.454345703125,3459000,0.0,0.0
2023-11-21 00:00:00-05:00,285.0106474487145,285.47700645093545,281.99795804722146,284.7961120605469,2977200,0.0,0.0
2023-11-22 00:00:00-05:00,286.70820599979146,289.01199218482725,285.85942918537535,288.39642333984375,2873500,0.0,0.0
2023-11-24 00:00:00-05:00,288.3776913574943,290.42968196571996,287.56623140106075,289.7954406738281,1259900,0.0,0.0
2023-11-27 00:00:00-05:00,289.78616651062606,291.8381575587525,288.90940928681704,290.0007019042969,2992600,0.0,0.0
2023-11-28 00:00:00-05:00,289.80479022138286,293.41440418275573,288.57362414347807,292.2578430175781,3116900,0.0,0.0
2023-11-29 00:00:00-05:00,294.89638047662356,294.89638047662356,291.9385959583218,292.0418701171875,3083800,2.09,0.0
2023-11-30 00:00:00-05:00,293.4691911114728,294.61474931716185,289.7602039239611,294.3612060546875,4493700,0.0,0.0
2023-12-01 00:00:00-05:00,294.68044798438575,300.567878259995,293.90110622164457,300.1171569824219,3613600,0.0,0.0
2023-12-04 00:00:00-05:00,300.1170857548707,305.2439137029899,299.49735489107667,304.24859619140625,3827900,0.0,0.0
2023-12-05 00:00:00-05:00,302.3519347484182,304.15479119133255,300.4833714021643,303.7604064941406,3269800,0.0,0.0
2023-12-06 00:00:00-05:00,305.16880448498273,308.27682909361124,304.4270015213313,306.2110595703125,3030800,0.0,0.0
2023-12-07 00:00:00-05:00,306.211060317769,307.43175273194305,304.86832445205926,306.2674255371094,2742300,0.0,0.0
2023-12-08 00:00:00-05:00,306.1077806036006,307.3096750376677,305.2251362443956,306.5491027832031,2889300,0.0,0.0
2023-12-11 00:00:00-05:00,309.6853384626403,311.8262141149483,308.7463574106556,311.1125793457031,3520700,0.0,0.0
2023-12-12 00:00:00-05:00,310.27693313275404,314.10796361184947,310.16425997975574,312.8685302734375,2893400,0.0,0.0
2023-12-13 00:00:00-05:00,314.46476655881054,322.85925993596175,311.6572222225856,322.44610595703125,5822700,0.0,0.0
2023-12-14 00:00:00-05:00,328.39919800646186,331.5260207095781,326.7653802748239,330.3428955078125,7594800,0.0,0.0
2023-12-15 00:00:00-05:00,326.971952645337,332.756078826032,325.5916494811322,332.3992614746094,11212800,0.0,0.0
2023-12-18 00:00:00-05:00,332.1269699019742,333.2631575726698,328.94383913214097,329.4039306640625,4420500,0.0,0.0
2023-12-19 00:00:00-05:00,330.0143037711717,331.42277548258136,329.01898605420996,330.58709716796875,4654700,0.0,0.0
2023-12-20 00:00:00-05:00,329.58243619129496,333.1223853751707,327.05657420269324,327.3852233886719,3259500,0.0,0.0
2023-12-21 00:00:00-05:00,330.39921695847664,330.75603429858495,325.82638439065715,327.6761779785156,2794200,0.0,0.0
2023-12-22 00:00:00-05:00,327.7419499024111,329.9015948301137,325.5353387294984,327.31939697265625,2029900,0.0,0.0
2023-12-26 00:00:00-05:00,327.169114570097,328.72782633352665,326.9156000380433,327.99542236328125,1585500,0.0,0.0
2023-12-27 00:00:00-05:00,328.5587986698423,328.64330350923694,325.9953705865184,327.26300048828125,2764300,0.0,0.0
2023-12-28 00:00:00-05:00,327.2349114308436,327.74196924539,324.6996510135407,326.1644592285156,2859400,0.0,0.0
2023-12-29 00:00:00-05:00,324.7278325845747,326.3428812793906,322.08929789354255,325.4039001464844,10325700,0.0,0.0
2024-01-02 00:00:00-05:00,323.206620222611,326.1080678785841,322.27703826494286,324.0235290527344,2833600,0.0,0.0
2024-01-03 00:00:00-05:00,321.58215960650296,321.78873653187156,316.05154885551786,317.6196594238281,3309600,0.0,0.0
2024-01-04 00:00:00-05:00,319.1878577763934,321.9954309211178,317.88268886917274,317.92962646484375,3652400,0.0,0.0
2024-01-05 00:00:00-05:00,317.2535494724634,322.8498689778201,317.2066118781851,322.0141906738281,2664300,0.0,0.0
2024-01-08 00:00:00-05:00,322.47420145672623,327.19727420597616,322.30519177315614,326.6996154785156,2736200,0.0,0.0
2024-01-09 00:00:00-05:00,324.709039544301,327.8076655942354,324.18321244074156,325.06585693359375,2338100,0.0,0.0
2024-01-10 00:00:00-05:00,329.2255161187604,335.0847484332253,328.9344342989986,335.0284118652344,4109300,0.0,0.0
2024-01-11 00:00:00-05:00,335.300759988702,338.97217955494307,331.70447495804535,334.7749328613281,3530400,0.0,0.0
2024-01-12 00:00:00-05:00,336.6528465468622,336.6528465468622,331.8640378613948,334.0049133300781,1956100,0.0,0.0
2024-01-16 00:00:00-05:00,336.2115415685713,337.70451795100877,334.4744209513137,336.5589599609375,3669400,0.0,0.0
2024-01-17 00:00:00-05:00,334.8687898634703,337.8078049015308,332.4462028997431,333.99554443359375,2646100,0.0,0.0
2024-01-18 00:00:00-05:00,334.3899247028578,336.82188216742793,332.4274577601451,336.0613098144531,2510700,0.0,0.0
2024-01-19 00:00:00-05:00,336.91577468563605,340.81254015507193,334.54015387105346,340.2961120605469,3234600,0.0,0.0
2024-01-22 00:00:00-05:00,337.4322036427333,339.40406950442417,333.98615936628534,334.9251403808594,4003700,0.0,0.0
2024-01-23 00:00:00-05:00,334.136372656809,334.1645409387437,327.760684061629,329.375732421875,3878400,0.0,0.0
2024-01-24 00:00:00-05:00,330.4649176131161,331.3381629130277,325.8920855280632,326.0798645019531,3474400,0.0,0.0
2024-01-25 00:00:00-05:00,331.07525204704865,331.3475645150797,327.0094776046014,329.5541076660156,3064200,0.0,0.0
2024-01-26 00:00:00-05:00,330.02364950090464,335.2631508135324,329.6010965934912,333.61993408203125,3177700,0.0,0.0
2024-01-29 00:00:00-05:00,333.4790877038351,334.62464564011435,331.46968331717005,333.99554443359375,2732000,0.0,0.0
2024-01-30 00:00:00-05:00,332.86876330657395,337.02844224435813,332.4368400716418,335.31011962890625,2336500,0.0,0.0
2024-01-31 00:00:00-05:00,336.0800959368719,337.0754135157168,330.8499648303014,331.4227294921875,3377900,0.0,0.0
2024-02-01 00:00:00-05:00,331.8359213237081,338.16467354383514,330.8218343247989,338.09893798828125,2439100,0.0,0.0
2024-02-02 00:00:00-05:00,332.56828072380335,337.6106040637699,328.6621163601407,335.43218994140625,3697600,0.0,0.0
2024-02-05 00:00:00-05:00,332.0799939741976,334.34294141892957,329.3569550506618,333.4696960449219,2653800,0.0,0.0
2024-02-06 00:00:00-05:00,333.19745608915883,336.1552408854167,332.6809992800156,334.51202392578125,2045300,0.0,0.0
2024-02-07 00:00:00-05:00,336.60597933845537,341.53563046925245,335.8923444812116,340.55908203125,3272200,0.0,0.0
2024-02-08 00:00:00-05:00,340.71861504359583,343.3383799274657,339.5824561133424,341.5261535644531,2521900,0.0,0.0
2024-02-09 00:00:00-05:00,341.9111785532184,342.1928614095338,338.78435557097816,340.990966796875,2389900,0.0,0.0
2024-02-12 00:00:00-05:00,341.9956777629472,346.22109247047365,341.8360383767193,343.150634765625,3119700,0.0,0.0
2024-02-13 00:00:00-05:00,336.5965410703597,337.4979548626883,332.28662145198587,335.7702331542969,3106500,0.0,0.0
2024-02-14 00:00:00-05:00,335.3758677015639,337.07542107651125,332.3805159179988,336.3711853027344,2998900,0.0,0.0
2024-02-15 00:00:00-05:00,337.00026954241565,339.57309692514985,335.07536998672384,339.0472412109375,2662800,0.0,0.0
2024-02-16 00:00:00-05:00,338.67169608438013,341.77972123123595,337.2350561483876,340.23980712890625,3899600,0.0,0.0
2024-02-20 00:00:00-05:00,333.62936873336605,342.96284305866305,332.9251329159971,340.4463806152344,4830000,0.0,0.0
2024-02-21 00:00:00-05:00,338.5871624964138,342.83134639002367,337.0472485247392,341.9111633300781,3277800,0.0,0.0
2024-02-22 00:00:00-05:00,345.01916288397894,350.20232741688665,344.7468503847047,348.6811828613281,3387500,0.0,0.0
2024-02-23 00:00:00-05:00,349.3760093075606,351.41361051935917,347.6576868264335,349.2633361816406,3398200,0.0,0.0
2024-02-26 00:00:00-05:00,350.71881119713515,352.0052106142415,348.09904611849953,348.92535400390625,2461000,0.0,0.0
2024-02-27 00:00:00-05:00,349.92069834819006,352.86908408606166,347.99576990992506,352.64373779296875,2802900,0.0,0.0
2024-02-28 00:00:00-05:00,352.6437039176965,356.66254147256416,352.17421341523334,354.568603515625,2282500,0.0,0.0
2024-02-29 00:00:00-05:00,355.67660499951955,358.48414889337624,355.07564343197276,357.3855285644531,4382800,0.0,0.0
2024-03-01 00:00:00-05:00,357.1508143056582,361.60160391703397,356.653155501113,360.99127197265625,2750900,0.0,0.0
2024-03-04 00:00:00-05:00,359.53586891521434,361.06641274185245,356.91610353921766,357.1602478027344,2619000,0.0,0.0
2024-03-05 00:00:00-05:00,356.9067043654753,357.7330122778846,354.014626672043,355.3573913574219,3011600,0.0,0.0
2024-03-06 00:00:00-05:00,357.5582631669599,358.776801238659,355.0645423425536,356.5286560058594,2496300,2.25,0.0
2024-03-07 00:00:00-05:00,356.9348938623574,359.2302578473896,354.7717584785276,355.6880187988281,2368500,0.0,0.0
2024-03-08 00:00:00-05:00,354.2238930849139,355.75413569075045,351.4845674104201,352.6653137207031,2162900,0.0,0.0
2024-03-11 00:00:00-04:00,350.9744679778634,352.3158084359193,348.43349967682116,350.9366760253906,2833700,0.0,0.0
2024-03-12 00:00:00-04:00,351.87177621871115,355.0739444993145,351.77731076985276,353.789306640625,2843800,0.0,0.0
2024-03-13 00:00:00-04:00,355.1968291600412,361.5067305640577,354.9606798964764,357.9928283691406,3761200,0.0,0.0
2024-03-14 00:00:00-04:00,357.0576418491667,359.1357666393306,351.55065439544853,354.4788818359375,3877500,0.0,0.0
2024-03-15 00:00:00-04:00,353.39258664915025,357.4543706041267,351.9001362350285,352.5519104003906,9234900,0.0,0.0
2024-03-18 00:00:00-04:00,355.63129504061936,356.6798126408147,350.57772444003524,351.3050537109375,3455600,0.0,0.0
2024-03-19 00:00:00-04:00,354.1200189090585,358.4368057263845,352.45751879667824,358.38958740234375,3493800,0.0,0.0
2024-03-20 00:00:00-04:00,358.39901885915987,363.55651058660163,355.38575201846356,363.112548828125,2750400,0.0,0.0
2024-03-21 00:00:00-04:00,366.8909267889014,374.8822093931465,366.77757976040067,373.30474853515625,4212200,0.0,0.0
2024-03-22 00:00:00-04:00,372.8229635058607,374.4571265675823,368.4778118753419,368.65728759765625,2910900,0.0,0.0
2024-03-25 00:00:00-04:00,367.54271465770626,368.2605888071,361.6767751007859,362.2624206542969,2683900,0.0,0.0
2024-03-26 00:00:00-04:00,361.22334828159103,362.9708585262335,358.38010203937176,358.8807373046875,2720200,0.0,0.0
2024-03-27 00:00:00-04:00,359.7497820140851,364.91672888353025,359.6458613516008,364.51055908203125,2536500,0.0,0.0
2024-03-28 00:00:00-04:00,365.68180754161114,366.1351956106922,358.68234095707095,362.3473815917969,4108200,0.0,0.0
2024-04-01 00:00:00-04:00,360.3353999732828,361.9128895649093,347.46053892164133,347.6400146484375,4333200,0.0,0.0
2024-04-02 00:00:00-04:00,344.30556721332647,346.53480204209154,342.85087992780467,342.888671875,4650500,0.0,0.0
2024-04-03 00:00:00-04:00,341.9440779574472,342.3219109522592,339.1102872561424,339.9604187011719,4723000,0.0,0.0
2024-04-04 00:00:00-04:00,342.52028993368276,344.77789050564405,337.1361045561199,337.8634338378906,4381600,0.0,0.0
2024-04-05 00:00:00-04:00,337.86343198722693,339.422011197805,336.29539758251804,338.04290771484375,3243400,0.0,0.0
2024-04-08 00:00:00-04:00,338.2318252073023,342.4825113365505,337.4667040101824,341.9913024902344,4339600,0.0,0.0
2024-04-09 00:00:00-04:00,343.48376070522886,344.2583370486174,338.85524185805747,341.3962097167969,3022600,0.0,0.0
2024-04-10 00:00:00-04:00,332.3753899137667,334.37793123149345,329.4282514592393,331.1379699707031,4805200,0.0,0.0
2024-04-11 00:00:00-04:00,331.5913172358295,332.4131119597207,326.6321833105996,328.1246337890625,4104700,0.0,0.0
2024-04-12 00:00:00-04:00,326.9438717850644,326.9438717850644,322.5892939479707,323.8739318847656,3550300,0.0,0.0
2024-04-15 00:00:00-04:00,326.75499086282053,326.9061010077978,318.5086490805001,319.2076416015625,4209200,0.0,0.0
2024-04-16 00:00:00-04:00,318.1591559862783,319.3776653132063,314.5129967192687,316.2793884277344,4525500,0.0,0.0
2024-04-17 00:00:00-04:00,318.1213364472023,318.56529813436845,313.54949100213366,314.3901672363281,4273800,0.0,0.0
2024-04-18 00:00:00-04:00,317.05399822156795,318.28199169874716,312.9733319936626,314.4469299316406,3717300,0.0,0.0
2024-04-19 00:00:00-04:00,316.16604702539064,317.2617829811347,314.15405084620284,316.780029296875,3076600,0.0,0.0
2024-04-22 00:00:00-04:00,319.4815788931354,320.64344350950853,315.22143745991156,317.48846435546875,3112800,0.0,0.0
2024-04-23 00:00:00-04:00,319.27372593162335,321.3423952785675,317.65847343702563,320.21832275390625,3697400,0.0,0.0
2024-04-24 00:00:00-04:00,318.39530303634893,318.84869112629605,313.4361690148725,314.56024169921875,4029200,0.0,0.0
2024-04-25 00:00:00-04:00,311.452512425722,314.4657790499543,308.7887420662194,313.5873107910156,3787800,0.0,0.0
2024-04-26 00:00:00-04:00,312.6615957645328,317.2239864267861,312.6521405702925,316.5249938964844,2465300,0.0,0.0
2024-04-29 00:00:00-04:00,316.4399653614602,318.6503186752156,315.6370522213005,318.1402282714844,2427400,0.0,0.0
2024-04-30 00:00:00-04:00,317.1201120799305,318.74482010418797,314.4185496181336,315.7032165527344,3089900,0.0,0.0
2024-05-01 00:00:00-04:00,314.5602392403555,316.8083845914746,311.17856601960636,313.5778503417969,3267500,0.0,0.0
2024-05-02 00:00:00-04:00,316.91230655245226,317.3846050719045,312.6427383142571,316.9406433105469,3213600,0.0,0.0
2024-05-03 00:00:00-04:00,322.3720782604559,327.661827476111,321.5124914905657,323.8551025390625,4165100,0.0,0.0
2024-05-06 00:00:00-04:00,326.83052674271113,327.1894781762788,321.5785702954181,323.3260803222656,3366100,0.0,0.0
2024-05-07 00:00:00-04:00,324.5635390647169,326.3960595740073,321.5219355332278,321.81475830078125,2930700,0.0,0.0
2024-05-08 00:00:00-04:00,320.01055145892633,321.57858584480965,318.9242707389476,320.0577697753906,3123200,0.0,0.0
2024-05-09 00:00:00-04:00,320.4544842850811,328.72916199112575,320.10498805968297,328.19073486328125,3801400,0.0,0.0
2024-05-10 00:00:00-04:00,328.20962798150265,330.4294364427852,325.60256016214123,327.2366943359375,3413700,0.0,0.0
2024-05-13 00:00:00-04:00,328.77643834671414,329.4660045528925,321.5408216731056,322.0697937011719,4055600,0.0,0.0
2024-05-14 00:00:00-04:00,316.48718911917024,325.17749238539375,314.55077694796256,321.63525390625,5854300,0.0,0.0
2024-05-15 00:00:00-04:00,326.05596766375936,331.02455683590927,325.59312438371734,329.3526306152344,4151100,0.0,0.0
2024-05-16 00:00:00-04:00,328.7197453879707,328.95589463034713,323.68505622430274,323.7417297363281,3101600,0.0,0.0
2024-05-17 00:00:00-04:00,325.65925509345556,325.819820432625,321.7202731113838,325.13970947265625,2739000,0.0,0.0
2024-05-20 00:00:00-04:00,322.2303734737012,323.57168504675707,318.8392737634159,319.103759765625,3237400,0.0,0.0
2024-05-21 00:00:00-04:00,320.21832129622226,320.21832129622226,313.91784783648075,317.5262145996094,4275100,0.0,0.0
2024-05-22 00:00:00-04:00,316.1188392642326,316.67614804168795,310.7062880117734,312.2743225097656,4024400,0.0,0.0
2024-05-23 00:00:00-04:00,312.6427256661846,312.66160722854585,307.93862222509347,308.7793273925781,4021100,0.0,0.0
2024-05-24 00:00:00-04:00,308.3070392197789,309.3933200415982,306.4461819130119,307.0885009765625,2736900,0.0,0.0
2024-05-28 00:00:00-04:00,307.3624606483649,312.6521812856874,306.5028738380961,310.48907470703125,3807500,0.0,0.0
2024-05-29 00:00:00-04:00,308.43925269678584,308.68485713773475,305.83215579075056,307.8536071777344,3506200,0.0,0.0
2024-05-30 00:00:00-04:00,310.3266226532884,314.0932221052809,309.80346529535143,313.10400390625,2921800,2.25,0.0
2024-05-31 00:00:00-04:00,313.93155844913525,318.8015408344391,311.9912054571281,318.51617431640625,5557800,0.0,0.0
2024-06-03 00:00:00-04:00,317.35575904965185,317.35575904965185,310.87833664932566,311.9912109375,3712800,0.0,0.0
2024-06-04 00:00:00-04:00,310.90681166002463,313.68422187932566,309.22326269825254,312.22894287109375,4296800,0.0,0.0
2024-06-05 00:00:00-04:00,312.45725982169586,314.3215324528303,310.0032703704116,314.1313171386719,2422400,0.0,0.0
2024-06-06 00:00:00-04:00,313.69373726291093,315.6341190949034,312.0387219214164,314.9302673339844,2979400,0.0,0.0
2024-06-07 00:00:00-04:00,309.8225199665334,312.7616119132463,308.11040812497833,311.05902099609375,2583800,0.0,0.0
2024-06-10 00:00:00-04:00,311.0304723378928,316.54720916603065,310.55489057590825,316.3189392089844,2691000,0.0,0.0
2024-06-11 00:00:00-04:00,316.73747983455496,319.8858290386616,314.1883683447591,319.32464599609375,3250900,0.0,0.0
2024-06-12 00:00:00-04:00,330.08228259899215,333.3733003244987,326.30616217868265,327.33343505859375,4793000,0.0,0.0
2024-06-13 00:00:00-04:00,329.00749366908855,331.6612483232583,326.3157133693267,330.89080810546875,3380800,0.0,0.0
2024-06-14 00:00:00-04:00,327.97068951723963,330.52932169657817,325.00306399269107,329.90155029296875,2589000,0.0,0.0
2024-06-17 00:00:00-04:00,328.04679085768345,333.56352750323873,327.58070100786347,332.431640625,2680200,0.0,0.0
2024-06-18 00:00:00-04:00,335.7132025834689,339.0042204957005,334.9141996194454,336.5882568359375,3655000,0.0,0.0
2024-06-20 00:00:00-04:00,334.8096127607408,337.58702345675187,332.51730482647145,336.1792907714844,3661200,0.0,0.0
2024-06-21 00:00:00-04:00,337.510902264418,338.8520464790107,334.85714758332125,338.42401123046875,6596400,0.0,0.0
2024-06-24 00:00:00-04:00,339.4703187551889,340.22174620587623,333.5921340551895,333.74432373046875,4278900,0.0,0.0
2024-06-25 00:00:00-04:00,329.39745615138514,330.04424041745597,318.19275037124004,321.79766845703125,4879600,0.0,0.0
2024-06-26 00:00:00-04:00,322.8819783754379,325.8591250033963,321.046239646007,325.1267395019531,3365300,0.0,0.0
2024-06-27 00:00:00-04:00,326.087330109282,327.9230975007639,321.92125887092106,324.8127746582031,2912600,0.0,0.0
2024-06-28 00:00:00-04:00,324.6797105560213,328.41777665136215,324.0709519004164,327.4285583496094,6344000,0.0,0.0
2024-07-01 00:00:00-04:00,327.1242031906203,327.8185340520452,319.0107787170521,319.7716979980469,2643600,0.0,0.0
2024-07-02 00:00:00-04:00,318.639800836293,320.3804174241133,316.29042562127734,318.61126708984375,2995900,0.0,0.0
2024-07-03 00:00:00-04:00,320.5421175305386,323.0532032448466,317.25109976303617,317.3462219238281,1733000,0.0,0.0
2024-07-05 00:00:00-04:00,316.46168486742897,319.5149414212389,315.44396171003984,318.2403564453125,3437500,0.0,0.0
2024-07-08 00:00:00-04:00,319.4768374517919,324.11852050539966,318.63980883199906,323.0151672363281,3534500,0.0,0.0
2024-07-09 00:00:00-04:00,322.3968953532043,322.6917537301282,319.18195792510994,320.6277160644531,2254300,0.0,0.0
2024-07-10 00:00:00-04:00,322.1020648796308,327.4761335717322,321.1318594017747,327.3714904785156,3263100,0.0,0.0
2024-07-11 00:00:00-04:00,333.64919506100813,336.8355991997193,328.151470142606,336.51220703125,4146900,0.0,0.0
2024-07-12 00:00:00-04:00,337.6630941382955,346.1760203760467,336.7975317376616,342.20013427734375,4019900,0.0,0.0
2024-07-15 00:00:00-04:00,341.60094545733955,343.54129850748626,337.691647552684,340.9541320800781,2884000,0.0,0.0
2024-07-16 00:00:00-04:00,342.47596590488354,351.3788723577097,341.9433166073104,351.093505859375,3210400,0.0,0.0
2024-07-17 00:00:00-04:00,348.73463212566884,356.86706919890804,347.57421138626114,353.7282409667969,3991100,0.0,0.0
2024-07-18 00:00:00-04:00,351.8354173279468,357.3902093869876,347.9166278568379,348.20196533203125,2395000,0.0,0.0
2024-07-19 00:00:00-04:00,348.534824926424,349.64769896334207,344.27363113890794,345.61474609375,2474500,0.0,0.0
2024-07-22 00:00:00-04:00,346.69914742329985,349.3433811863178,343.4461549964912,345.51019287109375,4049300,0.0,0.0
2024-07-23 00:00:00-04:00,347.5837230424273,347.5837230424273,341.82919461403134,342.0574645996094,2535700,0.0,0.0
2024-07-24 00:00:00-04:00,341.40114349590715,343.79809434191213,332.907259526518,333.2021179199219,3508100,0.0,0.0
2024-07-25 00:00:00-04:00,333.09752883678686,341.30604692582955,332.2699920610492,336.03662109375,3297600,0.0,0.0
2024-07-26 00:00:00-04:00,337.67261395132397,344.0073672924891,337.67261395132397,341.9528503417969,2439000,0.0,0.0
2024-07-29 00:00:00-04:00,341.6674713620162,345.1677754987009,341.4201885625402,344.0073547363281,2142100,0.0,0.0
2024-07-30 00:00:00-04:00,345.10114231541525,346.8798133865753,341.71500263372747,345.92864990234375,2788800,0.0,0.0
2024-07-31 00:00:00-04:00,347.1747089884197,354.2989149608724,345.31043648694975,350.1803894042969,3526100,0.0,0.0
2024-08-01 00:00:00-04:00,351.9209861785931,353.3382395808318,336.4740996960923,341.0682067871094,3759000,0.0,0.0
2024-08-02 00:00:00-04:00,337.5964702292152,338.2052288313795,329.80643846959134,338.0720520019531,3764600,0.0,0.0
2024-08-05 00:00:00-04:00,333.7442862462329,336.6548445194214,328.3797096472052,332.9167785644531,3827900,0.0,0.0
2024-08-06 00:00:00-04:00,331.7183046097659,341.1443393437343,330.32009296042986,336.6263122558594,2831100,0.0,0.0
2024-08-07 00:00:00-04:00,337.83424356264834,338.87100829008466,325.5642402689669,325.6783752441406,3429100,0.0,0.0
2024-08-08 00:00:00-04:00,325.52623461800516,331.7087982733162,324.6701931480966,331.3283386230469,3591100,0.0,0.0
2024-08-09 00:00:00-04:00,330.90033575939606,334.3625563473524,328.5319185350564,331.61370849609375,2314800,0.0,0.0
2024-08-12 00:00:00-04:00,333.6396382251995,334.33399808780865,325.4215999950845,328.921875,3830200,0.0,0.0
2024-08-13 00:00:00-04:00,325.17426354837556,336.13168572826896,322.796354780476,332.97381591796875,6388600,0.0,0.0
2024-08-14 00:00:00-04:00,332.4792381137016,342.1240513378721,332.33656937341726,338.2908630371094,4814800,0.0,0.0
2024-08-15 00:00:00-04:00,344.758770191213,347.5647145837576,340.6497652631572,342.4855041503906,3575800,0.0,0.0
2024-08-16 00:00:00-04:00,342.39036742765893,345.93821815907324,342.39036742765893,344.3782958984375,3308300,0.0,0.0
2024-08-19 00:00:00-04:00,344.79678854757447,346.8798390543557,344.4163289311705,345.3389587402344,3634900,0.0,0.0
2024-08-20 00:00:00-04:00,343.03716360372397,349.68581723705637,342.89449486206684,349.3338623046875,3459400,0.0,0.0
2024-08-21 00:00:00-04:00,351.4074169757866,354.6603803560825,350.52281273351406,352.3680725097656,4587600,0.0,0.0
2024-08-22 00:00:00-04:00,353.35727882188917,354.2703877539448,346.80374765845755,347.5171203613281,4097300,0.0,0.0
2024-08-23 00:00:00-04:00,348.7536442127392,357.941887944318,347.3554325790813,357.2475280761719,3426200,0.0,0.0
2024-08-26 00:00:00-04:00,358.6647703868852,360.09151583808466,355.13596143187084,355.8398132324219,2452100,0.0,0.0
2024-08-27 00:00:00-04:00,355.25008911122575,356.0015164943425,352.8817009996924,354.9552307128906,1780300,0.0,0.0
2024-08-28 00:00:00-04:00,354.7840246551306,357.076332426382,352.1207781720886,354.4891662597656,2218300,0.0,0.0
2024-08-29 00:00:00-04:00,356.56570964699546,357.24515866472984,351.13029272622026,351.25469970703125,2698400,2.25,0.0
2024-08-30 00:00:00-04:00,353.3408478667285,354.46048156704546,349.16859956873196,352.6327209472656,3216700,0.0,0.0
2024-09-03 00:00:00-04:00,352.05854361628195,353.47482663076164,347.2738392202914,349.03460693359375,3598100,0.0,0.0
2024-09-04 00:00:00-04:00,348.48915044074647,350.1733464215529,344.50827313458524,348.9676208496094,3221300,0.0,0.0
2024-09-05 00:00:00-04:00,349.18770080023705,349.4269360062119,342.1828869604485,346.26904296875,2789200,0.0,0.0
2024-09-06 00:00:00-04:00,347.2929532998792,349.70443350064147,343.94366064150773,344.5465087890625,2228800,0.0,0.0
2024-09-09 00:00:00-04:00,347.1398387081753,350.39343144458786,344.5273799256381,349.7809753417969,2747600,0.0,0.0
2024-09-10 00:00:00-04:00,349.9532671146989,355.5609262631012,346.8719165276488,354.900634765625,2787400,0.0,0.0
2024-09-11 00:00:00-04:00,353.6374910574238,355.2260164250484,346.5465848249956,354.5370178222656,2937700,0.0,0.0
2024-09-12 00:00:00-04:00,355.9245995585241,358.8432576129016,354.60401644813055,358.307373046875,2367700,0.0,0.0
2024-09-13 00:00:00-04:00,359.38868890057415,365.5513900641143,359.3408535413962,363.6279296875,2514700,0.0,0.0
2024-09-16 00:00:00-04:00,365.55136485093436,367.4652463423005,363.1877200409566,365.5609436035156,2877800,0.0,0.0
2024-09-17 00:00:00-04:00,366.91979715914226,371.23560943256587,365.2451507900684,366.73797607421875,2947600,0.0,0.0
2024-09-18 00:00:00-04:00,367.5513654077186,375.76193331279717,364.661414885511,367.4748229980469,3549400,0.0,0.0
2024-09-19 00:00:00-04:00,374.0107580222887,374.9964059288909,370.34568741915155,373.53228759765625,3753500,0.0,0.0
2024-09-20 00:00:00-04:00,371.6088187137049,374.95811161013677,370.33610026260806,373.07293701171875,6584200,0.0,0.0
2024-09-23 00:00:00-04:00,374.0011717208409,375.74281104019866,370.58491515258254,375.08251953125,2502300,0.0,0.0
2024-09-24 00:00:00-04:00,377.7045691182595,383.83853433168053,376.6806353892292,383.4079284667969,4057700,0.0,0.0
2024-09-25 00:00:00-04:00,383.40786983415165,383.40786983415165,378.5848804603881,379.8384704589844,2787300,0.0,0.0
2024-09-26 00:00:00-04:00,382.2978306287544,382.7763010050107,378.4604888660546,379.618408203125,2849500,0.0,0.0
2024-09-27 00:00:00-04:00,382.44139683054146,386.16391067655707,381.15909962289174,382.3265686035156,2452300,0.0,0.0
2024-09-30 00:00:00-04:00,382.9677371895071,387.8576908813302,381.8385247996829,387.75244140625,3442000,0.0,0.0
2024-10-01 00:00:00-04:00,386.6232643120617,392.88166617588854,384.12566250059876,391.4366760253906,3476200,0.0,0.0
2024-10-02 00:00:00-04:00,390.1448064925137,393.74288432480034,387.52276863612684,393.551513671875,3431300,0.0,0.0
2024-10-03 00:00:00-04:00,391.38877169895306,395.1878276926311,389.28349034092696,393.857666015625,3320700,0.0,0.0
2024-10-04 00:00:00-04:00,392.4126958425301,394.08734213574576,382.24998986712063,390.77630615234375,3989000,0.0,0.0
2024-10-07 00:00:00-04:00,387.4557415709328,392.16387355246883,383.96288458523867,390.4892272949219,3267800,0.0,0.0
2024-10-08 00:00:00-04:00,392.1543584597306,397.4079837160604,390.852932888859,396.34576416015625,3693900,0.0,0.0
2024-10-09 00:00:00-04:00,401.9151281720656,401.9438352273658,393.0634259444665,398.15435791015625,3627800,0.0,0.0
2024-10-10 00:00:00-04:00,392.0777776399032,396.6328250988755,390.0777749136651,392.30743408203125,3040800,0.0,0.0
2024-10-11 00:00:00-04:00,392.88164316207195,395.35056697265185,391.23570368952466,394.1639404296875,2717400,0.0,0.0
2024-10-14 00:00:00-04:00,393.7619996522049,398.48928940548416,393.5897281184528,397.5323486328125,2088700,0.0,0.0
2024-10-15 00:00:00-04:00,399.9533989175263,403.4079410140215,397.1495403199321,397.6854248046875,3693000,0.0,0.0
2024-10-16 00:00:00-04:00,396.04907104159463,400.7093679099218,396.04907104159463,400.5849609375,2429000,0.0,0.0
2024-10-17 00:00:00-04:00,400.58496170299514,400.9581826209738,396.70936326598826,397.70458984375,2013800,0.0,0.0
2024-10-18 00:00:00-04:00,398.7093786087156,398.71895736184376,395.44620697523453,397.13043212890625,2436600,0.0,0.0
2024-10-21 00:00:00-04:00,398.1544189781334,398.62331068779343,386.95819843754157,388.9007873535156,3699500,0.0,0.0
2024-10-22 00:00:00-04:00,381.34090389746336,385.59930208412345,379.14950131665177,384.5466613769531,4486700,0.0,0.0
2024-10-23 00:00:00-04:00,383.3122540614592,386.8720754657683,379.6088973592988,382.431884765625,3159000,0.0,0.0
2024-10-24 00:00:00-04:00,384.96772014145455,386.795480562161,380.94855712580994,385.3409118652344,2550300,0.0,0.0
2024-10-25 00:00:00-04:00,386.1447596493849,386.1447596493849,380.69976389957884,381.7332763671875,1941400,0.0,0.0
2024-10-28 00:00:00-04:00,386.07778515719406,388.3648585290733,384.6423739285073,385.5419006347656,2586500,0.0,0.0
2024-10-29 00:00:00-04:00,376.97721558638017,381.9245825712544,372.2977616215121,378.0585632324219,3822700,0.0,0.0
2024-10-30 00:00:00-04:00,377.9916320008521,380.5658051981013,375.0633953651775,375.618408203125,2795600,0.0,0.0
2024-10-31 00:00:00-04:00,373.68535280257936,378.6327491962721,373.68535280257936,376.79541015625,2518600,0.0,0.0
2024-11-01 00:00:00-04:00,377.8002253294612,381.54186745270914,375.13038145918364,375.6853942871094,3277800,0.0,0.0
2024-11-04 00:00:00-05:00,375.0729578377128,383.23566168478663,374.2308452620567,378.5370788574219,2690500,0.0,0.0
2024-11-05 00:00:00-05:00,377.9629549728611,382.9964735389732,376.90073536967475,382.86248779296875,2496500,0.0,0.0
2024-11-06 00:00:00-05:00,377.0729309621746,377.0729309621746,365.2834142367708,371.6470642089844,7133400,0.0,0.0
2024-11-07 00:00:00-05:00,374.16383517268514,382.5466455308857,373.972435340296,382.24041748046875,4323100,0.0,0.0
2024-11-08 00:00:00-05:00,386.6040596424308,388.9007115817821,384.97724870015367,388.4222412109375,3448700,0.0,0.0
2024-11-11 00:00:00-05:00,390.2117531798236,393.8768529262556,388.3552856264723,390.7093811035156,4071500,0.0,0.0
2024-11-12 00:00:00-05:00,396.4127356835281,398.1065104259287,384.8720317015394,385.72369384765625,5647100,0.0,0.0
2024-11-13 00:00:00-05:00,391.513202439919,394.9677447831437,389.2069715588213,392.5275573730469,3083100,0.0,0.0
2024-11-14 00:00:00-05:00,390.43185441824534,393.7811472870293,386.97731207698735,388.2500305175781,3348100,0.0,0.0
2024-11-15 00:00:00-05:00,385.5514189933302,391.30264219611786,385.5514189933302,390.60406494140625,3239500,0.0,0.0
2024-11-18 00:00:00-05:00,388.03949477511765,394.7763661906145,386.55624821509,392.76678466796875,3394300,0.0,0.0
2024-11-19 00:00:00-05:00,390.7954911286239,391.54190378935766,382.16386636600566,389.28350830078125,3239400,0.0,0.0
2024-11-20 00:00:00-05:00,388.5179507446289,389.1878209618013,382.6997637406597,382.77630615234375,4732200,0.0,0.0
2024-11-21 00:00:00-05:00,384.04904246842244,393.67589388527654,383.1399662209357,392.7763671875,3722200,0.0,0.0
2024-11-22 00:00:00-05:00,394.34575542705574,402.0491468708785,393.2548580326672,401.9151611328125,4932500,0.0,0.0
2024-11-25 00:00:00-05:00,406.69980669424666,411.7237454828226,406.18305052758086,410.2117919921875,4544200,0.0,0.0
2024-11-26 00:00:00-05:00,410.14483832546944,420.4510803690421,406.4127749951727,411.02520751953125,2758600,0.0,0.0
2024-11-27 00:00:00-05:00,412.3046681406926,413.74763826062696,409.76502663810317,410.9482727050781,2293500,2.25,0.0
2024-11-29 00:00:00-05:00,412.26617847181546,414.6134122027073,411.28496936423363,412.81451416015625,2028700,0.0,0.0
2024-12-02 00:00:00-05:00,412.6894372481573,414.03620343298473,407.0714773362333,410.72698974609375,2617100,0.0,0.0
2024-12-03 00:00:00-05:00,413.3916801477385,414.30554354259715,407.22538476252544,413.026123046875,2714000,0.0,0.0
2024-12-04 00:00:00-05:00,410.197883026941,412.5258581170706,409.3224777303058,411.6504821777344,1968800,0.0,0.0
2024-12-05 00:00:00-05:00,410.3807145040056,413.42057512786374,409.68808766113534,410.322998046875,2523500,0.0,0.0
2024-12-06 00:00:00-05:00,412.40085953832846,419.18280715383486,410.7751109038236,414.9693298339844,3161400,0.0,0.0
2024-12-09 00:00:00-05:00,415.91206893671404,419.76958886710383,411.7563081903908,412.8625793457031,3426000,0.0,0.0
2024-12-10 00:00:00-05:00,410.66923302480046,411.0636483254871,405.3879725162535,406.5231018066406,3354900,0.0,0.0
2024-12-11 00:00:00-05:00,409.06279047024924,411.7274646612272,405.243728467207,405.3591613769531,4211200,0.0,0.0
2024-12-12 00:00:00-05:00,405.407248073372,406.6770687934172,397.47091260904153,398.6637878417969,3673600,0.0,0.0
2024-12-13 00:00:00-05:00,399.96244780819296,402.2423652608638,398.43290300189886,401.12646484375,2649500,0.0,0.0
2024-12-16 00:00:00-05:00,401.96340081184815,402.56945298732813,395.0756195989557,395.0948486328125,2879600,0.0,0.0
2024-12-17 00:00:00-05:00,394.4118307819835,394.79661694055426,390.78517646756814,392.94000244140625,3726500,0.0,0.0
2024-12-18 00:00:00-05:00,391.52587469334804,395.0948124072407,378.42371129881246,378.84698486328125,4225500,0.0,0.0
2024-12-19 00:00:00-05:00,379.73194629168614,380.11676174761686,370.2564675139904,370.3815002441406,4576100,0.0,0.0
2024-12-20 00:00:00-05:00,368.79428400502405,378.3371389388934,368.4864433458312,377.6733703613281,8046400,0.0,0.0
2024-12-23 00:00:00-05:00,376.2304043099432,378.2890263559807,372.31513845149686,377.5290832519531,2433800,0.0,0.0
2024-12-24 00:00:00-05:00,377.22124693835127,381.07879638671875,375.6532147379235,381.07879638671875,1392600,0.0,0.0
2024-12-26 00:00:00-05:00,377.59643914525554,380.7325038388574,376.7306628788827,380.1168518066406,1319500,0.0,0.0
2024-12-27 00:00:00-05:00,377.23089493451965,380.4342757879169,376.49015146014887,377.9234924316406,1942700,0.0,0.0
2024-12-30 00:00:00-05:00,375.6821159469761,376.33625541914074,371.0165062344833,374.6239318847656,2444700,0.0,0.0
2024-12-31 00:00:00-05:00,375.181861030529,376.57671453450985,372.57487387205623,374.20062255859375,2179700,0.0,0.0
2025-01-02 00:00:00-05:00,377.22124511348505,377.7407225652251,371.68985977598516,373.6907653808594,2415700,0.0,0.0
2025-01-03 00:00:00-05:00,374.999073663279,376.14383228212847,371.14152423216575,374.3833923339844,2231600,0.0,0.0
2025-01-06 00:00:00-05:00,375.6532042477723,379.01050518077204,373.2771123833599,374.566162109375,3274500,0.0,0.0
2025-01-07 00:00:00-05:00,376.03797212281177,376.99995211256436,368.5345399456617,369.62158203125,2274300,0.0,0.0
2025-01-08 00:00:00-05:00,368.4383706514226,372.95005957534664,365.64863429079656,372.47869873046875,2848500,0.0,0.0
2025-01-10 00:00:00-05:00,374.12365525634084,377.97157535850806,369.9967527267223,375.06640625,5323400,0.0,0.0
2025-01-13 00:00:00-05:00,375.16259383322796,380.80941208266296,372.9596806352685,374.3833923339844,3512900,0.0,0.0
2025-01-14 00:00:00-05:00,375.7398187653359,379.2125823310404,374.8163260524419,377.8465576171875,3405200,0.0,0.0
2025-01-15 00:00:00-05:00,391.18921922673553,392.4878982910712,386.485151593898,390.6505126953125,4584800,0.0,0.0
2025-01-16 00:00:00-05:00,390.82361640460834,394.51761619868216,388.5629868188781,393.76727294921875,2305900,0.0,0.0
2025-01-17 00:00:00-05:00,397.7691231000182,398.69264508903603,392.9977102526317,393.8153991699219,3229000,0.0,0.0
2025-01-21 00:00:00-05:00,397.2977566957725,404.24325376193735,397.2977566957725,402.52130126953125,3568100,0.0,0.0
2025-01-22 00:00:00-05:00,401.6747288409268,401.6747288409268,393.7672522323174,394.50799560546875,3581400,0.0,0.0
2025-01-23 00:00:00-05:00,395.9221274860112,398.9235004786009,393.2093367591319,398.6349182128906,3840300,0.0,0.0
2025-01-24 00:00:00-05:00,398.3463073208551,399.23134186615846,395.14292673638994,398.74072265625,2369800,0.0,0.0
2025-01-27 00:00:00-05:00,399.1254890596355,409.9862512873247,398.2597129464292,408.7164306640625,3699200,0.0,0.0
2025-01-28 00:00:00-05:00,407.14840217962524,407.14840217962524,400.85707417291127,402.90606689453125,2818300,0.0,0.0
2025-01-29 00:00:00-05:00,404.243265465501,405.34953667255877,396.1337805356814,397.7018127441406,2384900,0.0,0.0
2025-01-30 00:00:00-05:00,400.57810803744565,401.45351338810747,395.8740115966311,398.74072265625,3081300,0.0,0.0
2025-01-31 00:00:00-05:00,397.46128686124683,400.5492344205682,394.71963800810744,396.3165283203125,2761000,0.0,0.0
2025-02-03 00:00:00-05:00,390.67932227064676,396.2395656296798,385.7636184442806,393.2189636230469,2896200,0.0,0.0
2025-02-04 00:00:00-05:00,393.94048250543466,396.89373911857746,390.6504976265111,395.8451843261719,2150800,0.0,0.0
2025-02-05 00:00:00-05:00,399.3659988767511,399.3659988767511,392.6225389088832,398.0865783691406,2212100,0.0,0.0
2025-02-06 00:00:00-05:00,399.13518139041133,401.90568887675954,397.2977958094331,398.4136962890625,2023700,0.0,0.0
2025-02-07 00:00:00-05:00,397.49013455637703,398.53868919871576,391.04485702727607,391.88177490234375,2530200,0.0,0.0
2025-02-10 00:00:00-05:00,395.02754257379337,399.17367466841637,393.24787342624586,398.2501525878906,2617600,0.0,0.0
2025-02-11 00:00:00-05:00,398.25973995703674,400.73203572667694,397.0476357019615,400.5299987792969,1441800,0.0,0.0
2025-02-12 00:00:00-05:00,393.04583842679165,394.0751642373842,386.8314548516383,391.6606140136719,3387000,0.0,0.0
2025-02-13 00:00:00-05:00,393.1708834914242,397.2785573597586,391.99726658008626,396.74945068359375,3067900,0.0,0.0
2025-02-14 00:00:00-05:00,399.22170673971215,402.10764678843293,393.0265530865408,393.9308166503906,3004400,0.0,0.0
2025-02-18 00:00:00-05:00,392.7860659490162,393.32477242031564,385.00365098464584,387.9761657714844,3994000,0.0,0.0
2025-02-19 00:00:00-05:00,382.11773506329035,383.4837597173808,378.0004614250229,380.3957824707031,3780000,0.0,0.0
2025-02-20 00:00:00-05:00,378.0581723138825,379.7512666529328,376.2304160291181,379.6358337402344,2703500,0.0,0.0
2025-02-21 00:00:00-05:00,381.32889407792777,382.69491869526206,369.30414319657723,370.6509094238281,5287000,0.0,0.0
2025-02-24 00:00:00-05:00,371.41088255380043,371.853385166969,363.82087504991944,367.88043212890625,5722000,0.0,0.0
2025-02-25 00:00:00-05:00,370.3623350288233,385.76364567981324,369.5831335037105,378.337158203125,6823900,0.0,0.0
2025-02-26 00:00:00-05:00,380.21297714152564,383.70496934280567,373.78695759568905,375.63397216796875,3871500,0.0,0.0
2025-02-27 00:00:00-05:00,375.08561658277637,380.43422290956124,373.56567177810564,375.4319152832031,2825100,0.0,0.0
2025-02-28 00:00:00-05:00,379.4241614148521,381.78099478120157,375.441550155912,381.5212707519531,4263500,0.0,0.0
2025-03-03 00:00:00-05:00,381.8580082818241,381.97344119539923,371.7764463749216,374.8740234375,3397600,0.0,0.0
2025-03-04 00:00:00-05:00,371.46860070059705,373.2097822906259,364.49424514537907,367.1685485839844,4384800,0.0,0.0
2025-03-05 00:00:00-05:00,364.59048120141705,372.40175541547654,363.63813023588807,371.6610412597656,2780300,0.0,0.0
2025-03-06 00:00:00-05:00,368.9193383570522,373.0173826442203,366.25466426531784,367.2166442871094,4222000,0.0,0.0
2025-03-07 00:00:00-05:00,365.0714178574165,366.17768900976677,354.8744237664871,362.47406005859375,4573900,0.0,0.0
2025-03-10 00:00:00-04:00,363.08975533499375,368.55379501709956,358.4433752161099,360.40582275390625,3710500,0.0,0.0
2025-03-11 00:00:00-04:00,359.99219472218186,360.6751923741348,351.8249930555878,354.16259765625,4013300,0.0,0.0
2025-03-12 00:00:00-04:00,357.82773300533916,357.85659123356595,347.99629537296363,350.8630065917969,3368000,0.0,0.0
2025-03-13 00:00:00-04:00,350.35957679743865,350.44670088502295,334.2409706350665,336.1674499511719,7062400,2.3,0.0
2025-03-14 00:00:00-04:00,339.45889989741175,340.1753026771974,334.3958357385373,340.09783935546875,5510700,0.0,0.0
2025-03-17 00:00:00-04:00,340.53352457080996,344.2025447546484,339.7590389913001,342.827880859375,3681300,0.0,0.0
2025-03-18 00:00:00-04:00,342.2470292913101,342.5955551933172,336.49660302883177,338.4134216308594,3008200,0.0,0.0
2025-03-19 00:00:00-04:00,340.7658400705232,343.11827897827266,337.8518954500582,342.1405334472656,2990200,0.0,0.0
2025-03-20 00:00:00-04:00,343.36999505856596,350.2240223432373,340.9594733957388,344.1734924316406,3391200,0.0,0.0
2025-03-21 00:00:00-04:00,340.8529646979746,342.11149263094745,335.228394521791,339.9429626464844,8205400,0.0,0.0
2025-03-24 00:00:00-04:00,343.3022467651563,352.79915683508347,342.9731014594857,352.16021728515625,4023200,0.0,0.0
2025-03-25 00:00:00-04:00,349.99173774877517,352.04407303931447,347.0971733101002,349.4689636230469,2799500,0.0,0.0
2025-03-26 00:00:00-04:00,348.8881126188902,353.08959731478734,348.62671080197265,350.57257080078125,3140900,0.0,0.0
2025-03-27 00:00:00-04:00,350.34988493286795,353.55424327312556,349.62382132930014,351.1534118652344,3036600,0.0,0.0
2025-03-28 00:00:00-04:00,351.5696883991491,351.608420064337,344.8027849300688,346.7195739746094,2980200,0.0,0.0
2025-03-31 00:00:00-04:00,342.21801308236456,356.9716175446063,341.39513500640135,354.7934265136719,4498800,0.0,0.0
2025-04-01 00:00:00-04:00,352.5184074143626,355.56786857513544,350.36925801221366,353.8543395996094,2801600,0.0,0.0
2025-04-02 00:00:00-04:00,350.9888455796751,360.42767299429846,350.69843193820583,359.0530090332031,3189500,0.0,0.0
2025-04-03 00:00:00-04:00,344.42523066687363,348.54928162871175,340.48511819211507,344.55108642578125,5407100,0.0,0.0
2025-04-04 00:00:00-04:00,339.5170315554296,353.7769321191624,337.9003463904243,342.605224609375,7531100,0.0,0.0
2025-04-07 00:00:00-04:00,333.31159211800417,342.915006543387,322.8562878666023,330.61065673828125,6950500,0.0,0.0
2025-04-08 00:00:00-04:00,339.1975591131549,342.70202138451714,319.21627453285663,324.5407409667969,4868000,0.0,0.0
2025-04-09 00:00:00-04:00,318.1126686035827,344.67691766319695,315.89574615738945,344.04766845703125,6793000,0.0,0.0
2025-04-10 00:00:00-04:00,341.5887832163536,343.950912876514,328.8197402614304,342.3341979980469,5574800,0.0,0.0
2025-04-11 00:00:00-04:00,339.1298083328257,343.15704493591187,333.21482396003404,342.5664978027344,3576400,0.0,0.0
2025-04-14 00:00:00-04:00,346.38075404388053,347.5618187648947,342.3148153233766,345.7999267578125,2841800,0.0,0.0
2025-04-15 00:00:00-04:00,345.1803218290209,349.90458048818135,342.0437364591473,342.8085021972656,2883100,0.0,0.0
2025-04-16 00:00:00-04:00,340.61096454268886,342.5084025456397,333.33097722471103,334.9476623535156,2637200,0.0,0.0
2025-04-17 00:00:00-04:00,337.42596851227415,346.09033988774524,337.2517203267121,343.72821044921875,3232400,0.0,0.0
2025-04-21 00:00:00-04:00,342.9827741782763,343.0505176615552,330.8913748620973,335.82861328125,4015200,0.0,0.0
2025-04-22 00:00:00-04:00,339.952659495028,344.8511661846949,339.23628620207694,343.1182861328125,2802400,0.0,0.0
2025-04-23 00:00:00-04:00,350.3692972300624,353.19608857123677,343.5249299508472,345.0448303222656,3283300,0.0,0.0
2025-04-24 00:00:00-04:00,345.1222174900914,348.89774215138874,343.29252310984594,348.1620178222656,2749500,0.0,0.0
2025-04-25 00:00:00-04:00,346.2839806491949,347.5424792021221,343.41842807295615,346.16778564453125,2811300,0.0,0.0
2025-04-28 00:00:00-04:00,346.56466739207946,348.60734167859226,343.1957512028483,345.5288391113281,2413000,0.0,0.0
2025-04-29 00:00:00-04:00,344.5317505988238,349.0720416175871,343.40876856516826,347.54248046875,2836900,0.0,0.0
2025-04-30 00:00:00-04:00,345.1222447491377,349.73999879072863,341.13373994352975,348.9848937988281,3741500,0.0,0.0
2025-05-01 00:00:00-04:00,348.81063653902356,351.29862159840263,346.30330041908576,346.8647766113281,3210100,0.0,0.0
2025-05-02 00:00:00-04:00,350.5241317086575,354.5417072672521,349.6335102362526,352.8862609863281,2283300,0.0,0.0
2025-05-05 00:00:00-04:00,350.5725918233055,352.63461740057164,348.24919395705325,350.18536376953125,2563500,0.0,0.0
2025-05-06 00:00:00-04:00,347.2326681406202,350.70808921922946,345.7321484352336,347.91033935546875,2299700,0.0,0.0
2025-05-07 00:00:00-04:00,348.9752484835186,352.16991677287217,348.27822618756437,351.17279052734375,2657200,0.0,0.0
2025-05-08 00:00:00-04:00,352.3925446512958,357.5233820867487,350.6983963130761,353.21539306640625,3035800,0.0,0.0
2025-05-09 00:00:00-04:00,350.57255701244634,353.9027711227162,349.96265885509985,351.134033203125,1970700,0.0,0.0
2025-05-12 00:00:00-04:00,363.03179366198054,366.6330702368515,361.56031542736775,364.571044921875,3831400,0.0,0.0
2025-05-13 00:00:00-04:00,368.8403046856653,368.8403046856653,361.04723395003674,361.6764831542969,2726800,0.0,0.0
2025-05-14 00:00:00-04:00,360.0307214395842,363.7965853903035,358.99486364123385,360.91168212890625,2587400,0.0,0.0
2025-05-15 00:00:00-04:00,360.2243967822867,367.2236316932871,359.6628909965161,366.5459899902344,2830500,0.0,0.0
2025-05-16 00:00:00-04:00,368.0948845272829,369.0048865790074,366.08125165144884,368.6273193359375,3129100,0.0,0.0
2025-05-19 00:00:00-04:00,362.2477010760519,368.9952541967218,362.21865970999596,367.2720642089844,4428200,0.0,0.0
2025-05-20 00:00:00-04:00,374.0389460065376,377.3110775898421,362.1121333332452,365.0163879394531,6287400,0.0,0.0
2025-05-21 00:00:00-04:00,365.9167175582356,366.2555236165179,356.8360770544098,359.00457763671875,3966000,0.0,0.0
2025-05-22 00:00:00-04:00,356.2552297391057,357.44598475681204,352.9347057480353,354.4449157714844,2957300,0.0,0.0
2025-05-23 00:00:00-04:00,350.81457821497406,353.0798931254012,349.6238232628403,351.134033203125,3115000,0.0,0.0
2025-05-27 00:00:00-04:00,354.2125708100295,358.7238200962832,353.5058582520623,358.57861328125,3998500,0.0,0.0
2025-05-28 00:00:00-04:00,357.0490779485247,359.3047027539561,355.70342576398025,356.3133239746094,2986100,0.0,0.0
2025-05-29 00:00:00-04:00,358.19136639844777,358.53020197808576,352.44094047710337,356.53594970703125,3034800,0.0,0.0
2025-05-30 00:00:00-04:00,355.3355044975596,357.8428700607191,353.467107974108,356.53594970703125,4110400,0.0,0.0
2025-06-02 00:00:00-04:00,353.4961756451625,356.2939550313256,350.2918171680557,356.21649169921875,2506900,0.0,0.0
2025-06-03 00:00:00-04:00,356.2165359203249,361.6184665765903,355.2871826249061,361.1731262207031,3359500,0.0,0.0
2025-06-04 00:00:00-04:00,361.17309164898325,363.3900142817705,359.7984276728696,360.5148010253906,2428800,0.0,0.0
2025-06-05 00:00:00-04:00,361.3817690634546,361.9370138426336,357.99191615311423,359.716064453125,2324100,2.3,0.0
2025-06-06 00:00:00-04:00,361.8883241976081,362.9987840395618,356.4917955559518,357.8165588378906,2349700,0.0,0.0
2025-06-09 00:00:00-04:00,357.8067885947498,357.83601043583644,354.92342821391657,355.74169921875,2619700,0.0,0.0
2025-06-10 00:00:00-04:00,356.4625504511794,359.00493999277415,353.16033353150175,358.38153076171875,3014900,0.0,0.0
2025-06-11 00:00:00-04:00,359.57967025841026,359.57967025841026,350.00424043900443,351.12445068359375,3793500,0.0,0.0
2025-06-12 00:00:00-04:00,351.4653733457612,355.6150530466094,349.2249529754382,353.7545166015625,2921900,0.0,0.0
2025-06-13 00:00:00-04:00,350.6763662759856,353.39411643824155,343.6628270595843,345.47467041015625,3364400,0.0,0.0
2025-06-16 00:00:00-04:00,346.66308931393684,347.86121458999185,342.7861564008943,344.4031677246094,3688600,0.0,0.0
2025-06-17 00:00:00-04:00,342.82514178754525,345.11428530647066,338.41246501583214,339.7469787597656,4230100,0.0,0.0
2025-06-18 00:00:00-04:00,341.01329377307815,341.8120637950033,336.84414233039354,338.04229736328125,4453900,0.0,0.0
2025-06-20 00:00:00-04:00,338.4904063318538,342.11406387635316,337.8377751946484,340.56524658203125,8056500,0.0,0.0
2025-06-23 00:00:00-04:00,340.90616126958844,347.82228498675744,339.49370279152214,347.7151184082031,3862400,0.0,0.0
2025-06-24 00:00:00-04:00,347.43266155045563,352.3421098199291,346.56569727960533,351.0855407714844,4089600,0.0,0.0
2025-06-25 00:00:00-04:00,349.81916234801423,354.1831457292119,349.05936472238477,352.4881896972656,4159600,0.0,0.0
2025-06-26 00:00:00-04:00,353.81297677804804,355.7709293581335,351.2608368396067,354.0857238769531,3187900,0.0,0.0
2025-06-27 00:00:00-04:00,354.1928895198744,360.5635190881765,353.59870211320623,359.1900329589844,5503700,0.0,0.0
2025-06-30 00:00:00-04:00,359.71602039229236,361.3427821617142,355.2741221573537,357.1444091796875,4600700,0.0,0.0
2025-07-01 00:00:00-04:00,354.90396620237425,369.8564229793569,353.54998122691507,363.49554443359375,5152600,0.0,0.0
2025-07-02 00:00:00-04:00,363.9728524259979,364.28457189741687,359.8037011091855,362.219482421875,3011400,0.0,0.0
2025-07-03 00:00:00-04:00,362.1805014155837,363.5150150697026,358.79061913098633,362.0538635253906,2573600,0.0,0.0
2025-07-07 00:00:00-04:00,361.39146479056564,363.1351138742232,355.28386232729974,358.1184997558594,3433100,0.0,0.0
2025-07-08 00:00:00-04:00,356.54046691532693,360.8070344058556,355.6540313644778,357.9821472167969,2531700,0.0,0.0
2025-07-09 00:00:00-04:00,357.99187503122323,361.45967228093707,355.3423190702639,361.4304504394531,3384200,0.0,0.0
2025-07-10 00:00:00-04:00,359.44327449945206,368.1517399508671,358.96597451485445,363.63189697265625,3701700,0.0,0.0
2025-07-11 00:00:00-04:00,360.7680636142201,362.1707715549625,357.6022350875956,360.485595703125,3068900,0.0,0.0
2025-07-14 00:00:00-04:00,360.8849785029485,361.67399799887846,356.9593523430877,360.5245361328125,2481100,0.0,0.0
2025-07-15 00:00:00-04:00,360.39789466726734,361.14794172711925,349.2346759280297,349.3515930175781,3868700,0.0,0.0
2025-07-16 00:00:00-04:00,350.5399875206688,351.60178381885936,343.33164573853793,348.1437072753906,4259800,0.0,0.0
2025-07-17 00:00:00-04:00,347.30598888481114,350.9880895819666,345.4746741956177,349.7412414550781,3128900,0.0,0.0
2025-07-18 00:00:00-04:00,350.65691421368456,351.26085212130573,347.724860477492,350.0919189453125,3361600,0.0,0.0
2025-07-21 00:00:00-04:00,351.3777327432187,356.3066816892381,350.52051906091884,354.61175537109375,3503900,0.0,0.0
2025-07-22 00:00:00-04:00,355.0403663609986,362.5604277610423,354.3000400399605,361.4012451171875,3095400,0.0,0.0
2025-07-23 00:00:00-04:00,362.07337185793415,368.0933092071187,361.92723291879855,366.6029357910156,3238000,0.0,0.0
2025-07-24 00:00:00-04:00,365.7554532999287,368.09328974885136,362.6188468984032,363.4273376464844,3088000,0.0,0.0
2025-07-25 00:00:00-04:00,364.9567284816308,366.25226988875767,363.388410223312,365.6191101074219,2221000,0.0,0.0
2025-07-28 00:00:00-04:00,364.06054145240824,371.2104400740553,363.32024481901067,367.4601745605469,4062800,0.0,0.0
2025-07-29 00:00:00-04:00,367.2361309559481,369.8954377784584,365.0638747049975,367.56732177734375,2931600,0.0,0.0
2025-07-30 00:00:00-04:00,367.89845290715164,368.72644468990273,360.05695186820986,362.4434814453125,3110700,0.0,0.0
2025-07-31 00:00:00-04:00,359.60889361608156,363.1546059395844,357.33922154817594,357.99188232421875,3091600,0.0,0.0
2025-08-01 00:00:00-04:00,358.2938283271349,365.093034118006,356.27743217115915,363.9825744628906,3008200,0.0,0.0
2025-08-04 00:00:00-04:00,365.1320486240275,372.00919993401266,364.01183831714775,370.9571838378906,2844300,0.0,0.0
2025-08-05 00:00:00-04:00,371.970207178763,376.91865708676045,371.09352219217897,375.42828369140625,2931400,0.0,0.0
2025-08-06 00:00:00-04:00,376.0809336277207,378.8571276640159,374.5613383140613,376.78228759765625,2812800,0.0,0.0
2025-08-07 00:00:00-04:00,378.55513931763676,381.31186189284557,373.43135836283057,376.1686096191406,2433000,0.0,0.0
2025-08-08 00:00:00-04:00,377.0550378793088,379.20782269774696,376.19785388859293,377.80511474609375,2326700,0.0,0.0
2025-08-11 00:00:00-04:00,379.87990643189124,381.3800005199316,373.372889369047,377.49334716796875,2605800,0.0,0.0
2025-08-12 00:00:00-04:00,381.282648793798,386.1141817126837,378.92531115599354,385.7440185546875,2911300,0.0,0.0
2025-08-13 00:00:00-04:00,389.14362095792524,397.2578993934911,388.4227956899148,396.63446044921875,5187500,0.0,0.0
2025-08-14 00:00:00-04:00,390.80936213756445,393.15691956210634,389.01699000440846,389.9521484375,3600200,0.0,0.0
2025-08-15 00:00:00-04:00,391.79319203484806,392.3581873156528,385.1887878177296,389.0364990234375,3841400,0.0,0.0
2025-08-18 00:00:00-04:00,386.29928649754964,387.8286323833715,382.3444383469069,384.47772216796875,4407100,0.0,0.0
2025-08-19 00:00:00-04:00,390.6339940736974,403.628498570133,390.6339940736974,396.6539611816406,7629300,0.0,0.0
2025-08-20 00:00:00-04:00,399.0697226055478,400.52115342664973,391.26719318321403,391.3353576660156,4195300,0.0,0.0
2025-08-21 00:00:00-04:00,389.55274886236265,393.9556748431572,385.90962050053713,387.3999938964844,2942600,0.0,0.0
2025-08-22 00:00:00-04:00,390.48788449320784,403.7648866064881,387.994188174852,402.09918212890625,5284700,0.0,0.0
2025-08-25 00:00:00-04:00,399.7321158153847,400.423749004625,396.9948940841517,398.3099365234375,3579500,0.0,0.0
2025-08-26 00:00:00-04:00,397.43321608495137,398.4462894691772,394.22841540613945,396.9851379394531,3180900,0.0,0.0
2025-08-27 00:00:00-04:00,398.2027961452619,401.0276833838094,396.6539789668225,397.6670227050781,2487800,0.0,0.0
2025-08-28 00:00:00-04:00,396.4591340842502,398.3586430548972,394.3258503703379,396.8974914550781,4051600,0.0,0.0
2025-08-29 00:00:00-04:00,397.17026591374207,398.30994759284437,394.90059362516524,396.235107421875,2210300,0.0,0.0
2025-09-02 00:00:00-04:00,393.22509683824666,398.0079364650294,392.3191900144555,395.7869873046875,3328600,0.0,0.0
2025-09-03 00:00:00-04:00,394.4525074521516,398.42682691700657,393.11799368242345,397.1507568359375,3025100,0.0,0.0
2025-09-04 00:00:00-04:00,400.1875875403491,404.80162409437327,398.9042780739344,403.30279541015625,3873100,2.3,0.0
2025-09-05 00:00:00-04:00,408.1029807496485,411.83535880476114,405.58533112104004,410.4149169921875,5855600,0.0,0.0
2025-09-08 00:00:00-04:00,409.97406925166166,412.0116811011731,407.2800938862087,411.3847351074219,3742600,0.0,0.0
2025-09-09 00:00:00-04:00,409.60181151441947,410.1895939447977,404.3412170594542,406.8784484863281,3516000,0.0,0.0
2025-09-10 00:00:00-04:00,407.05475705377023,408.9258489319185,403.3517667634051,404.8114318847656,2897800,0.0,0.0
2025-09-11 00:00:00-04:00,407.23115887133787,416.5572017980559,405.8106870548664,414.79388427734375,5316400,0.0,0.0
2025-09-12 00:00:00-04:00,411.70799339049336,414.88200647065827,410.3463268610707,414.0787048339844,5004200,0.0,0.0
2025-09-15 00:00:00-04:00,413.86319610570627,414.67627370773755,409.23935350107473,414.0982971191406,4884700,0.0,0.0
2025-09-16 00:00:00-04:00,415.1171142348694,415.8812224174498,411.5316743332673,412.8639831542969,3726700,0.0,0.0
2025-09-17 00:00:00-04:00,415.79306914920005,418.0560061228361,407.3388796374738,408.504638671875,4771700,0.0,0.0
2025-09-18 00:00:00-04:00,409.04340471207087,412.8052001978021,407.3878320313999,408.974853515625,3677200,0.0,0.0
2025-09-19 00:00:00-04:00,408.8671109630693,410.05245182684865,406.64336737633323,407.2213439941406,6718400,0.0,0.0
2025-09-22 00:00:00-04:00,405.6735059015127,406.4278381656566,402.75423525593885,403.60650634765625,2656300,0.0,0.0
2025-09-23 00:00:00-04:00,403.6065171601682,405.3012834437622,399.15900008081553,402.5387268066406,2597000,0.0,0.0
2025-09-24 00:00:00-04:00,398.502635023782,402.2839824055749,396.75889946246326,401.4219055175781,3220700,0.0,0.0
2025-09-25 00:00:00-04:00,398.3654805733964,402.4897036015148,397.3466596954507,399.1492004394531,2554300,0.0,0.0
2025-09-26 00:00:00-04:00,399.8447388166831,403.02852799125884,397.57199598474955,401.73541259765625,2316600,0.0,0.0
2025-09-29 00:00:00-04:00,401.6962097545699,402.57789834517666,395.6225377161781,398.5124206542969,3008400,0.0,0.0
2025-09-30 00:00:00-04:00,398.3459075934487,398.70836496007536,395.2600871607669,396.93524169921875,3211600,0.0,0.0
2025-10-01 00:00:00-04:00,396.1515504076353,396.8764651385023,387.2565166096406,388.9316711425781,3787800,0.0,0.0
2025-10-02 00:00:00-04:00,387.44262381015363,389.2843280442188,385.767469382724,386.9626159667969,2964700,0.0,0.0
2025-10-03 00:00:00-04:00,386.10055037639495,389.22556416136473,384.63110928236614,387.0115966796875,2951300,0.0,0.0
2025-10-06 00:00:00-04:00,386.4630330709661,386.4630330709661,377.86190516575334,381.3983459472656,3653700,0.0,0.0
2025-10-07 00:00:00-04:00,381.51591829041877,381.8097945639405,377.65618378693,378.9296875,2505700,0.0,0.0
2025-10-08 00:00:00-04:00,378.5867797056215,378.5867797056215,375.1776956393976,375.97119140625,2517600,0.0,0.0
2025-10-09 00:00:00-04:00,375.09930295755316,376.5295505048327,369.77012782988123,369.9954528808594,3321400,0.0,0.0
2025-10-10 00:00:00-04:00,372.51313042944065,372.51313042944065,367.1447614322299,368.0950012207031,2992400,0.0,0.0
2025-10-13 00:00:00-04:00,371.34738958857247,374.521373002139,369.50568517472504,371.6412658691406,2925900,0.0,0.0
2025-10-14 00:00:00-04:00,371.151428011127,380.9673136860338,370.3089627976905,379.8211364746094,4399900,0.0,0.0
2025-10-15 00:00:00-04:00,381.3003889596431,386.33565831972317,378.85132042563276,380.3893127441406,3690100,0.0,0.0
2025-10-16 00:00:00-04:00,381.7216378482983,382.05470759562235,376.1475552355551,379.4978942871094,2783700,0.0,0.0
2025-10-17 00:00:00-04:00,380.58525781357866,385.1013259308019,379.31175410870986,383.9159851074219,2657700,0.0,0.0
2025-10-20 00:00:00-04:00,383.43596597058104,385.1698957139825,380.1835958127397,380.9673156738281,2761100,0.0,0.0
2025-10-21 00:00:00-04:00,379.66441869751617,385.6107645968779,377.99904004536666,382.9363708496094,2306900,0.0,0.0
2025-10-22 00:00:00-04:00,383.27923417174753,385.0425515974537,380.26199482432963,381.0456848144531,2857000,0.0,0.0
2025-10-23 00:00:00-04:00,379.2431671607422,380.80077116805273,373.5319225714139,377.1859436035156,2767300,0.0,0.0
2025-10-24 00:00:00-04:00,381.7608316980107,381.7608316980107,377.81293424475376,378.8023376464844,2426800,0.0,0.0
2025-10-27 00:00:00-04:00,379.8015684126954,381.35917244645236,375.0993387883593,377.4210510253906,3065800,0.0,0.0
2025-10-28 00:00:00-04:00,376.588374594008,382.0644881191651,375.03074073482713,377.8912658691406,2372800,0.0,0.0
2025-10-29 00:00:00-04:00,375.1972918919421,377.1565466798896,367.55621017728913,370.3383483886719,3852300,0.0,0.0
2025-10-30 00:00:00-04:00,370.01505509816695,376.86267092031517,368.44764528655713,371.81756591796875,2384300,0.0,0.0
2025-10-31 00:00:00-04:00,369.28035602314776,373.17928404554624,367.3701004288066,371.8567810058594,2643500,0.0,0.0
2025-11-03 00:00:00-05:00,369.32933169412354,370.7693851525698,366.06715574530307,370.64202880859375,2897600,0.0,0.0
2025-11-04 00:00:00-05:00,369.6623891433582,375.86341715899624,369.07460674998697,375.275634765625,2590000,0.0,0.0
2025-11-05 00:00:00-05:00,374.9915847510307,375.6087548028426,362.9813431343525,366.2239074707031,4763000,0.0,0.0
2025-11-06 00:00:00-05:00,364.24509248150383,365.0679759674705,360.0620640580178,361.5511169433594,3622100,0.0,0.0
2025-11-07 00:00:00-05:00,361.47269426733635,366.0377614063349,360.08164014139186,363.54949951171875,2766400,0.0,0.0
2025-11-10 00:00:00-05:00,362.2564158414385,363.108686875456,356.0455818633942,362.88336181640625,3257900,0.0,0.0
2025-11-11 00:00:00-05:00,364.4115914963855,368.3399069859683,363.3536070453897,366.6157531738281,2407300,0.0,0.0
2025-11-12 00:00:00-05:00,364.4801992169242,365.9496404425676,361.4923473497925,363.56915283203125,3375800,0.0,0.0
2025-11-13 00:00:00-05:00,364.08833102327503,365.9104236770592,359.15100044860304,360.57147216796875,3034800,0.0,0.0
2025-11-14 00:00:00-05:00,358.4554785369125,359.84653275374205,352.4699393597344,354.977783203125,3413300,0.0,0.0
2025-11-17 00:00:00-05:00,353.7728740945766,356.3688809187578,348.8453491014055,350.73602294921875,5127200,0.0,0.0
2025-11-18 00:00:00-05:00,333.05375717149207,341.69404871420636,329.1646349295854,329.62506103515625,10168500,0.0,0.0
2025-11-19 00:00:00-05:00,334.0235542137627,334.78766238635967,324.6191252385153,327.68536376953125,7595000,0.0,0.0
2025-11-20 00:00:00-05:00,329.5074797196365,331.9957418511405,325.36367467676166,325.60858154296875,4025300,0.0,0.0
2025-11-21 00:00:00-05:00,327.7539736485155,339.8523790237712,326.2159513276106,336.3257141113281,7441300,0.0,0.0
2025-11-24 00:00:00-05:00,335.22852329109276,336.7077404023321,329.693604315874,329.7229919433594,6132900,0.0,0.0
2025-11-25 00:00:00-05:00,332.09370566162914,345.80848996623916,331.9467675232512,343.9178161621094,6316600,0.0,0.0
2025-11-26 00:00:00-05:00,343.12429908454203,350.0502420089021,341.88995900684074,348.2281494140625,4517300,0.0,0.0
2025-11-28 00:00:00-05:00,347.69914177346277,350.5400552205181,346.29828178312187,349.64862060546875,2119600,0.0,0.0
2025-12-01 00:00:00-05:00,346.83705538368065,354.9092051716903,345.6909081123944,350.05023193359375,5107100,0.0,0.0
2025-12-02 00:00:00-05:00,349.56044978411484,350.2168133297072,344.14311118214977,346.8175048828125,3965300,0.0,0.0
2025-12-03 00:00:00-05:00,347.27793599843795,353.126313154528,346.5432154004159,350.61846923828125,4166700,0.0,0.0
2025-12-04 00:00:00-05:00,351.28894249538723,352.49181916435185,345.08722367914385,346.2408142089844,4022800,2.3,0.0
2025-12-05 00:00:00-05:00,345.7280700562231,350.62830949760183,344.6237958309911,349.6324768066406,5959200,0.0,0.0
2025-12-08 00:00:00-05:00,347.0098479824472,347.14786721894285,340.8475764249326,344.99847412109375,7273000,0.0,0.0
2025-12-09 00:00:00-05:00,342.87865339540855,351.6635912020045,340.11793772700884,340.423583984375,5063100,0.0,0.0
2025-12-10 00:00:00-05:00,339.2700031445164,347.0788162197039,339.17140078923484,346.2013244628906,6316100,0.0,0.0
2025-12-11 00:00:00-05:00,351.0029762024183,357.62865156351575,348.97189397197974,352.4424743652344,6609800,0.0,0.0
2025-12-12 00:00:00-05:00,354.2172355097979,355.69618067158007,351.0522711993482,354.60174560546875,3861200,0.0,0.0
2025-12-15 00:00:00-05:00,354.3454011754941,357.579359927637,350.62829989613044,351.97906494140625,4387400,0.0,0.0
2025-12-16 00:00:00-05:00,351.890350719742,353.7045198644217,346.8718003495169,347.7295837402344,3497200,0.0,0.0
2025-12-17 00:00:00-05:00,347.02952794372493,352.4819041668492,346.05343383765756,351.742431640625,3875200,0.0,0.0
2025-12-18 00:00:00-05:00,358.437146318118,361.15838486769815,349.5831840686038,350.00714111328125,4805200,0.0,0.0
2025-12-19 00:00:00-05:00,349.1394914439731,349.1394914439731,340.0785153162193,340.1573791503906,12825600,0.0,0.0
2025-12-22 00:00:00-05:00,340.4630356930076,343.0166774116561,338.87564898515177,341.52789306640625,3523700,0.0,0.0
2025-12-23 00:00:00-05:00,339.1714218809893,342.62229390594126,337.14033961058345,340.1278076171875,3873400,0.0,0.0
2025-12-24 00:00:00-05:00,339.5066482461403,343.37163818075135,339.07282192421815,342.46453857421875,1368600,0.0,0.0
2025-12-26 00:00:00-05:00,342.11942352082826,345.1364690558136,341.7053357512813,344.8702697753906,1786900,0.0,0.0
2025-12-29 00:00:00-05:00,345.0871927008666,345.40270821274765,339.9108848103536,342.572998046875,3790000,0.0,0.0
2025-12-30 00:00:00-05:00,341.17294881395236,342.1096261749485,338.89537553533864,341.48846435546875,2392600,0.0,0.0
2025-12-31 00:00:00-05:00,340.65036230421987,341.84336961987077,339.14183947211427,339.27001953125,2317500,0.0,0.0
2026-01-02 00:00:00-05:00,338.6094143018549,343.59838686169115,336.1346665476792,340.96588134765625,3763000,0.0,0.0
2026-01-05 00:00:00-05:00,337.8896584001967,342.4743820456016,336.4599994802726,339.2601318359375,4725300,0.0,0.0
2026-01-06 00:00:00-05:00,336.70651293277245,345.75765004144216,332.9697030904707,344.3871765136719,4680300,0.0,0.0
2026-01-07 00:00:00-05:00,348.3803227645915,353.4678977912044,344.13082269061283,344.160400390625,4442700,0.0,0.0
2026-01-08 00:00:00-05:00,340.4630219276524,358.14133860743897,339.2700146292389,354.51300048828125,5196500,0.0,0.0
2026-01-09 00:00:00-05:00,358.3977007876376,370.21939248630673,356.2384385050535,369.38134765625,7093500,0.0,0.0
2026-01-12 00:00:00-05:00,369.3813470355869,371.1363607050033,364.06698980321886,369.6771240234375,5859800,0.0,0.0
2026-01-13 00:00:00-05:00,370.5940554895674,374.8435553037023,365.61495239360033,374.40972900390625,4785800,0.0,0.0
2026-01-14 00:00:00-05:00,371.402576962321,374.75484669771674,368.7207551561611,370.6729736328125,4959900,0.0,0.0
2026-01-15 00:00:00-05:00,370.74198133565903,374.84359307204454,369.20388069566667,373.8379211425781,2990100,0.0,0.0
2026-01-16 00:00:00-05:00,373.92664061577483,377.39722114810644,372.2110738312156,374.833740234375,3709000,0.0,0.0
2026-01-20 00:00:00-05:00,367.015016342024,372.0434358362532,366.0882083137489,369.8447265625,5353700,0.0,0.0
2026-01-21 00:00:00-05:00,370.5250539043045,380.5030293317551,369.42077965031734,379.2409973144531,5169800,0.0,0.0
2026-01-22 00:00:00-05:00,381.02560655099694,385.11734905751234,375.18868939265536,375.6816711425781,4828100,0.0,0.0
2026-01-23 00:00:00-05:00,376.14505253322466,378.97476279305323,373.8871878296043,378.3831787109375,3138300,0.0,0.0
2026-01-26 00:00:00-05:00,379.5959387532504,381.9819836075265,376.5887621832298,381.1044616699219,3984800,0.0,0.0
2026-01-27 00:00:00-05:00,379.54662512274996,381.0748563661519,372.9603667037797,375.0210266113281,3466100,0.0,0.0
2026-01-28 00:00:00-05:00,374.8731581670115,375.65207772428147,368.4052402857728,370.0320739746094,3371500,0.0,0.0
2026-01-29 00:00:00-05:00,369.6376878739626,371.7969502160774,364.9543615309749,366.591064453125,4744500,0.0,0.0
2026-01-30 00:00:00-05:00,367.1826382311588,369.8545906553002,363.37680381074097,369.33203125,3755600,0.0,0.0
2026-02-02 00:00:00-05:00,368.98695694738984,374.3210228955687,363.07117616645877,372.8125,4757200,0.0,0.0
2026-02-03 00:00:00-05:00,371.994153103603,386.2807536592444,371.70821528225156,375.75067138671875,5684400,0.0,0.0
2026-02-04 00:00:00-05:00,379.1916650142771,385.04829008875464,378.9648825973972,381.7650451660156,5574700,0.0,0.0
2026-02-05 00:00:00-05:00,381.2523381810382,381.5678537052556,375.4844460025341,377.0028381347656,3759700,0.0,0.0
2026-02-06 00:00:00-05:00,375.98728671118465,380.94668150677455,373.77873828046626,379.7438049316406,4685400,0.0,0.0
2026-02-09 00:00:00-05:00,378.9648917937197,380.3649731120046,372.8913835068612,375.6520690917969,3639300,0.0,0.0
2026-02-10 00:00:00-05:00,378.42260481593075,386.2412872463754,376.57885809817844,384.210205078125,3160800,0.0,0.0
2026-02-11 00:00:00-05:00,379.59593227578426,385.925830931171,376.7169057319956,385.1961975097656,3229900,0.0,0.0
2026-02-12 00:00:00-05:00,388.0259209765789,392.04866888152776,383.53979911516075,384.74267578125,3702200,0.0,0.0
2026-02-13 00:00:00-05:00,384.72292930553755,388.4695781761187,381.6664367588977,385.56097412109375,2875900,0.0,0.0
2026-02-17 00:00:00-05:00,386.7244587530962,388.4696032452015,375.15909653502325,377.6634521484375,3485300,0.0,0.0
2026-02-18 00:00:00-05:00,377.37750721462396,379.7142357565836,374.2125729925531,378.1366882324219,2982600,0.0,0.0
2026-02-19 00:00:00-05:00,378.3535966330926,378.3535966330926,372.09275293003105,373.2660217285156,2930900,0.0,0.0
2026-02-20 00:00:00-05:00,372.1519090514545,379.4184547233535,370.67296390501485,376.884521484375,3984100,0.0,0.0
2026-02-23 00:00:00-05:00,375.642218194377,378.7480272407957,364.39237122962066,371.6983642578125,5495700,0.0,0.0
2026-02-24 00:00:00-05:00,383.64823761864784,388.8147067462792,376.8450955826656,379.083251953125,5675800,0.0,0.0
2026-02-25 00:00:00-05:00,375.72110843572847,376.0859101070057,366.1572506977326,370.2983093261719,5036900,0.0,0.0
2026-02-26 00:00:00-05:00,373.08854869017824,376.1253328459018,369.67712371323,369.82501220703125,2889400,0.0,0.0
2026-02-27 00:00:00-05:00,368.6122821451982,376.8253745597512,367.1136285285552,375.3760070800781,4819500,0.0,0.0
2026-03-02 00:00:00-05:00,369.73629177968485,369.84473331578295,363.8205111112099,365.6051025390625,4537600,0.0,0.0
2026-03-03 00:00:00-05:00,358.6244886120164,363.6035918893053,355.06514498941806,361.76971435546875,3964700,0.0,0.0
2026-03-04 00:00:00-05:00,361.05982791326113,364.38251992997345,356.4356569193793,363.928955078125,4324400,0.0,0.0
2026-03-05 00:00:00-05:00,360.98095183182903,361.8288960882838,354.1581012612978,356.603271484375,4752200,0.0,0.0
2026-03-06 00:00:00-05:00,352.521386197404,354.4045800289114,348.26201680119505,352.89605712890625,4167400,0.0,0.0
2026-03-09 00:00:00-04:00,350.60860283243505,351.48609464151224,340.788415463621,348.59722900390625,4224500,0.0,0.0
2026-03-10 00:00:00-04:00,348.0845153095286,356.5638062786719,346.09285005224245,352.1368103027344,3986000,0.0,0.0
2026-03-11 00:00:00-04:00,350.4705824133954,351.31852668219665,344.20970807893747,345.9154357910156,3197100,0.0,0.0
2026-03-12 00:00:00-04:00,343.4638217479043,346.07424686049404,336.1784699632124,336.40673828125,3893600,2.33,0.0
2026-03-13 00:00:00-04:00,339.14618185881324,340.8633132246558,335.513426265367,336.5059814453125,2531900,0.0,0.0
2026-03-16 00:00:00-04:00,339.8905990411044,342.6697414353192,338.11391678352766,340.029541015625,3194400,0.0,0.0
2026-03-17 00:00:00-04:00,342.3223854396477,344.1982990603374,338.40178019218934,338.88812255859375,3075900,0.0,0.0
2026-03-18 00:00:00-04:00,336.07918962592805,337.27023766635267,327.68218129393256,328.4662780761719,3592200,0.0,0.0
2026-03-19 00:00:00-04:00,326.51095694292064,327.77152145914164,322.213206164758,325.76654052734375,3845400,0.0,0.0
2026-03-20 00:00:00-04:00,325.30997769719255,327.7715255801863,317.87574869308355,318.3620910644531,9672200,0.0,0.0
2026-03-23 00:00:00-04:00,329.5184050161633,332.2280917306825,325.7665474139578,328.4365234375,5806300,0.0,0.0
2026-03-24 00:00:00-04:00,323.47373045416623,330.0444409673587,320.615166659699,328.4464416503906,4566400,0.0,0.0
2026-03-25 00:00:00-04:00,332.50599870334025,334.6796970583926,324.5556216981383,330.0345458984375,4397800,0.0,0.0
2026-03-26 00:00:00-04:00,328.9724946138041,331.63253525345,324.15859588397956,325.9848937988281,3448400,0.0,0.0
2026-03-27 00:00:00-04:00,325.06182501857006,325.1015357075125,318.35214223518864,319.25537109375,3977400,0.0,0.0
2026-03-30 00:00:00-04:00,323.2950875702295,325.5481770157906,320.1784496390803,321.09161376953125,4066000,0.0,0.0
2026-03-31 00:00:00-04:00,326.0444514861297,328.97250147399274,321.00228434329074,326.4414978027344,5749100,0.0,0.0
2026-04-01 00:00:00-04:00,326.917887926607,330.6101943303035,325.36950430154525,327.1064758300781,3386200,0.0,0.0
2026-04-02 00:00:00-04:00,321.19086962876275,323.870750501632,316.28764450454594,319.23553466796875,3732300,0.0,0.0
2026-04-06 00:00:00-04:00,317.3198994033779,324.2479150918696,316.5457075837637,324.2181396484375,2448300,0.0,0.0
2026-04-07 00:00:00-04:00,320.5953395998547,321.9650706650396,312.9625874505471,316.3968200683594,4661600,0.0,0.0
2026-04-08 00:00:00-04:00,330.77894470607737,336.2578383243535,329.77645429430777,333.6573486328125,4610600,0.0,0.0
2026-04-09 00:00:00-04:00,328.793843678836,338.034530123591,326.0047660033512,337.0518798828125,3002000,0.0,0.0
2026-04-10 00:00:00-04:00,338.50104928687557,338.68963720668444,333.3099744502094,334.8285827636719,3208300,0.0,0.0
2026-04-13 00:00:00-04:00,333.0419921292309,338.89806195934295,329.4588519788492,338.6201477050781,3741200,0.0,0.0
2026-04-14 00:00:00-04:00,338.4613084989645,340.20821526800967,335.82110814679567,340.1585693359375,2882500,0.0,0.0
2026-04-15 00:00:00-04:00,339.3050167001936,339.7218729406502,334.1139418621815,336.38690185546875,3365200,0.0,0.0
2026-04-16 00:00:00-04:00,337.45883730199483,339.43404277406773,334.18341721401424,334.6399841308594,2856700,0.0,0.0
2026-04-17 00:00:00-04:00,340.2876076588945,349.39925676441203,340.2876076588945,346.79876708984375,4930400,0.0,0.0
2026-04-20 00:00:00-04:00,345.74668780364254,348.5556360884443,341.0618258709224,348.376953125,3260900,0.0,0.0
2026-04-21 00:00:00-04:00,350.30249013948253,350.9178695006371,340.41664909200034,341.3595886230469,3081000,0.0,0.0
2026-04-22 00:00:00-04:00,341.38938659209543,342.66976104141247,335.4042797121569,336.9725036621094,2855800,0.0,0.0
2026-04-23 00:00:00-04:00,336.97250390104824,338.29258904217085,334.37201401931867,337.6275939941406,2712400,0.0,0.0
2026-04-24 00:00:00-04:00,335.36454889356634,337.73674002155695,332.18836020303655,333.3893737792969,3255900,0.0,0.0
2026-04-27 00:00:00-04:00,331.9898736755333,334.8682776929053,329.6672981460519,329.8260803222656,3282900,0.0,0.0
2026-04-28 00:00:00-04:00,331.9600858337338,333.4290480867068,324.9228430841418,326.6101989746094,4279300,0.0,0.0
2026-04-29 00:00:00-04:00,323.23552662924203,323.4141792936507,316.67472107601805,320.40673828125,4150000,0.0,0.0
2026-04-30 00:00:00-04:00,319.84098255164037,327.66232248650493,319.84098255164037,326.3521423339844,4317900,0.0,0.0
2026-05-01 00:00:00-04:00,327.64247502508795,328.05933124322655,320.9526324317562,321.4687805175781,3865300,0.0,0.0
2026-05-04 00:00:00-04:00,319.6821730130914,319.6821730130914,309.9353037403536,310.0941162109375,6396100,0.0,0.0
2026-05-05 00:00:00-04:00,311.07673168078134,315.26531587428565,308.0891308088343,313.07177734375,6391400,0.0,0.0
2026-05-06 00:00:00-04:00,319.5630769182253,322.81865689716307,316.97252227854057,320.64495849609375,5455900,0.0,0.0
2026-05-07 00:00:00-04:00,322.5903881812466,325.05190579011315,320.0295786999413,320.238037109375,4411700,0.0,0.0
2026-05-08 00:00:00-04:00,320.2777143896263,321.58789456309347,314.4414847899831,315.086669921875,4995500,0.0,0.0
2026-05-11 00:00:00-04:00,314.14373333673075,314.7591127388281,307.4042747784683,309.0816955566406,4335700,0.0,0.0
2026-05-12 00:00:00-04:00,310.898078954826,312.436527412303,306.808726050678,308.148681640625,4225700,0.0,0.0
2026-05-13 00:00:00-04:00,305.3199040148408,305.39932539696116,297.0419969161532,300.2975769042969,6307800,0.0,0.0
2026-05-14 00:00:00-04:00,302.78887315920815,303.70203722956956,299.1759881460277,302.08416748046875,5072600,0.0,0.0
2026-05-15 00:00:00-04:00,298.07424740300473,300.6747371606021,294.669790362803,295.29510498046875,6121500,0.0,0.0
2026-05-18 00:00:00-04:00,297.0221439227359,301.51841777200616,295.0866491644805,297.5779724121094,6366100,0.0,0.0
2026-05-19 00:00:00-04:00,289.6970696990096,300.93280137975603,286.94770281038166,300.1883850097656,8692500,0.0,0.0
2026-05-20 00:00:00-04:00,298.8186768095753,308.69461352004953,294.4613750762452,308.2677917480469,5810900,0.0,0.0
2026-05-21 00:00:00-04:00,304.0791968081222,311.6523978374447,302.1139568961854,311.4439697265625,4516600,0.0,0.0
2026-05-22 00:00:00-04:00,312.1586044517627,312.61517135375607,309.14122821995267,310.7392578125,2963800,0.0,0.0
2026-05-26 00:00:00-04:00,312.71442680501025,314.43155813919475,306.6598342608927,308.22808837890625,6978200,0.0,0.0
2026-05-27 00:00:00-04:00,312.4067459496401,318.6102158850976,312.1685423970403,315.4836730957031,5990100,0.0,0.0
2026-05-28 00:00:00-04:00,315.08664723408407,319.4836593172751,312.8136874394369,318.8186340332031,6818900,0.0,0.0
2026-05-29 00:00:00-04:00,318.09409181489474,319.7020263439793,314.6399889184457,314.7789611816406,6963300,0.0,0.0
2026-06-01 00:00:00-04:00,312.7839312414303,313.5382829013507,305.39931798337426,308.3769836425781,4544200,0.0,0.0
2026-06-02 00:00:00-04:00,307.6722619962661,309.87573568166556,306.272755574017,309.2007751464844,4310000,0.0,0.0
2026-06-03 00:00:00-04:00,305.6474630032703,311.185907914239,304.83356043684665,310.6400146484375,4328300,0.0,0.0
2026-06-04 00:00:00-04:00,317.8299865722656,320.75,308.1099853515625,309.95001220703125,4558600,2.33,0.0
2026-06-05 00:00:00-04:00,310.8299865722656,314.04998779296875,308.6300048828125,310.7799987792969,3946300,0.0,0.0
2026-06-08 00:00:00-04:00,308.8800048828125,313.7699890136719,307.07000732421875,309.7099914550781,4381800,0.0,0.0
2026-06-09 00:00:00-04:00,311.3500061035156,322.8900146484375,310.2699890136719,321.3299865722656,4875300,0.0,0.0
2026-06-10 00:00:00-04:00,323.2699890136719,324.0,318.79998779296875,318.9200134277344,4823800,0.0,0.0
2026-06-11 00:00:00-04:00,322.2900085449219,327.0299987792969,318.54998779296875,326.010009765625,4648435,0.0,0.0
