Date,Open,High,Low,Close,Volume,Dividends,Stock Splits
2022-01-03 00:00:00-05:00,38.447841897033946,38.586674062593026,37.75367047702329,38.17942810058594,221200,0.0,0.0
2022-01-04 00:00:00-05:00,38.392307006558255,39.0772243628407,38.392307006558255,38.86434555053711,351400,0.0,0.0
2022-01-05 00:00:00-05:00,38.98466644608561,39.4752166565886,38.82732261700585,38.873600006103516,333900,0.0,0.0
2022-01-06 00:00:00-05:00,38.87360021431086,39.18829140489434,38.697744722502456,39.01243591308594,318000,0.0,0.0
2022-01-07 00:00:00-05:00,39.09574027265618,39.78991176979984,38.882857906481966,39.55852127075195,349600,0.0,0.0
2022-01-10 00:00:00-05:00,39.66032185864717,39.817669201190135,39.15126357298572,39.410423278808594,251100,0.0,0.0
2022-01-11 00:00:00-05:00,39.38265764446069,39.44744669418829,38.51263074044845,39.06796646118164,287800,0.0,0.0
2022-01-12 00:00:00-05:00,38.92913454851337,39.058712648807834,38.725509801914384,38.79955291748047,256500,0.0,0.0
2022-01-13 00:00:00-05:00,38.892106952270645,39.34563025347251,38.836571973643906,39.13275146484375,183500,0.0,0.0
2022-01-14 00:00:00-05:00,39.30861182676179,39.41042419240186,38.8365733189284,38.9476432800293,170200,0.0,0.0
2022-01-18 00:00:00-05:00,38.68848418272184,38.947643898668886,38.290492309300724,38.89210891723633,386700,0.0,0.0
2022-01-19 00:00:00-05:00,38.89211320209526,39.1697810783731,38.52188701323241,38.762535095214844,234700,0.0,0.0
2022-01-20 00:00:00-05:00,39.327126794171825,39.57702540081873,38.96615468634511,39.21605682373047,433400,0.0,0.0
2022-01-21 00:00:00-05:00,39.22531298004268,39.78064868890973,38.901364207588294,38.98466491699219,362500,0.0,0.0
2022-01-24 00:00:00-05:00,38.808812405845075,38.99392549989352,37.85548473799272,38.9013671875,458500,0.0,0.0
2022-01-25 00:00:00-05:00,38.484860703002184,38.984661383384775,38.13314623620568,38.78104019165039,446000,0.0,0.0
2022-01-26 00:00:00-05:00,38.81806876615124,39.26233809968395,38.17017819479445,38.392311096191406,465800,0.0,0.0
2022-01-27 00:00:00-05:00,38.540396226622036,39.10498953992729,37.97580291331678,38.10538101196289,315200,0.0,0.0
2022-01-28 00:00:00-05:00,37.98506083722961,38.744021305055114,37.74441276846245,38.72550964355469,388700,0.0,0.0
2022-01-31 00:00:00-05:00,38.48486476776683,39.364145731520566,38.31826334646355,39.33638000488281,545600,0.0,0.0
2022-02-01 00:00:00-05:00,39.262329212650215,39.475211530182996,38.49411476732456,38.78104019165039,302900,0.0,0.0
2022-02-02 00:00:00-05:00,38.78104735032606,39.54000787142747,38.56816499349687,39.5307502746582,503000,0.0,0.0
2022-02-03 00:00:00-05:00,39.65106933382053,39.6695809942937,38.910620568584584,39.095733642578125,305700,0.0,0.0
2022-02-04 00:00:00-05:00,38.93838866620259,39.253079851942346,38.5774200918296,38.86434555053711,299900,0.0,0.0
2022-02-07 00:00:00-05:00,38.799554809236426,39.10499194402714,38.420074555269494,38.9013671875,245600,0.0,0.0
2022-02-08 00:00:00-05:00,39.09573318822875,39.391912690881085,39.04945227221455,39.225311279296875,455100,0.0,0.0
2022-02-09 00:00:00-05:00,39.42893415902952,39.780648657427406,39.19754369206164,39.39191436767578,346900,0.0,0.0
2022-02-10 00:00:00-05:00,39.05871081372415,39.28084368072442,38.253472992056174,38.355281829833984,264400,0.0,0.0
2022-02-11 00:00:00-05:00,38.327519997027125,38.586676211762416,37.98506306602141,38.216453552246094,327900,0.0,0.0
2022-02-14 00:00:00-05:00,38.318264188365156,38.58667445681698,37.531534452539006,38.188682556152344,376900,0.0,0.0
2022-02-15 00:00:00-05:00,38.07761077995498,38.23495811736382,36.5967133553081,36.99470520019531,675200,0.0,0.0
2022-02-16 00:00:00-05:00,36.80959555992099,37.12428673324303,36.476392725728445,36.781829833984375,547800,0.0,0.0
2022-02-17 00:00:00-05:00,36.587465885615146,37.49451625057162,36.44863369967405,37.318660736083984,479700,0.0,0.0
2022-02-18 00:00:00-05:00,37.161313876553216,37.762927028390656,37.161313876553216,37.60558319091797,525900,0.0,0.0
2022-02-22 00:00:00-05:00,37.70739151614737,37.94803604485821,37.26311871881642,37.67036819458008,430700,0.0,0.0
2022-02-23 00:00:00-05:00,37.97845505023399,38.03447175233306,37.43697094736978,37.46498107910156,482600,0.35,0.0
2022-02-24 00:00:00-05:00,37.06353433314296,37.20357073645365,36.30732493435398,36.86748123168945,546000,0.0,0.0
2022-02-25 00:00:00-05:00,37.18489874087181,38.575946120768904,37.18489874087181,38.4545783996582,383200,0.0,0.0
2022-02-28 00:00:00-05:00,37.875757786577985,38.351890828919785,37.73571781850938,38.25852966308594,400400,0.0,0.0
2022-03-01 00:00:00-05:00,38.33322075343295,38.641303714615034,37.46498144981098,37.68904113769531,364100,0.0,0.0
2022-03-02 00:00:00-05:00,37.88509735469629,38.63196890748483,37.88509735469629,38.2025146484375,262400,0.0,0.0
2022-03-03 00:00:00-05:00,38.33321948989004,39.07075312967688,38.33321948989004,39.014739990234375,288000,0.0,0.0
2022-03-04 00:00:00-05:00,38.687982316071015,39.294817460182585,38.62263127733463,39.25747299194336,428400,0.0,0.0
2022-03-07 00:00:00-05:00,39.21079639285109,39.90165484867798,39.042749837686834,39.63091278076172,500600,0.0,0.0
2022-03-08 00:00:00-05:00,39.84564132441782,40.02302223064663,39.13611057677257,39.50954818725586,551000,0.0,0.0
2022-03-09 00:00:00-05:00,39.80828972128896,40.03235295972139,38.631967513270624,38.68798065185547,572800,0.0,0.0
2022-03-10 00:00:00-05:00,38.72532651887845,39.60290014829802,38.37989909344455,39.350833892822266,447900,0.0,0.0
2022-03-11 00:00:00-05:00,39.49086735868273,39.87363922353529,38.809346894987385,38.85602569580078,300100,0.0,0.0
2022-03-14 00:00:00-04:00,38.977399532309796,39.22013147137877,38.32388553446518,38.60396194458008,318200,0.0,0.0
2022-03-15 00:00:00-04:00,38.89337570676053,39.360170904182695,38.473259316807635,39.220130920410156,390000,0.0,0.0
2022-03-16 00:00:00-04:00,39.182786009831254,39.3601668846459,38.62262969331007,39.108097076416016,290700,0.0,0.0
2022-03-17 00:00:00-04:00,39.014738762605994,39.509540472722364,38.70665225990873,39.08942413330078,286400,0.0,0.0
2022-03-18 00:00:00-04:00,38.8933774492325,39.06142401274236,38.08115476651146,38.63197326660156,994500,0.0,0.0
2022-03-21 00:00:00-04:00,38.706649522680735,39.1641102957815,38.277198877803485,38.800010681152344,317200,0.0,0.0
2022-03-22 00:00:00-04:00,38.977396542380276,39.09876428328712,38.57595241284301,38.83735656738281,613200,0.0,0.0
2022-03-23 00:00:00-04:00,38.74399783840051,38.79067664159559,37.99712630318616,38.07181167602539,440100,0.0,0.0
2022-03-24 00:00:00-04:00,38.15583163644639,38.43590799268565,37.82907648106127,37.978450775146484,339900,0.0,0.0
2022-03-25 00:00:00-04:00,38.10915989546847,38.73466731623785,37.9784578091072,38.697322845458984,378200,0.0,0.0
2022-03-28 00:00:00-04:00,38.69731555586886,39.19211723570415,38.221182546541556,39.126766204833984,333500,0.0,0.0
2022-03-29 00:00:00-04:00,39.210796440132455,39.53755165258767,38.91204779978348,39.52821731567383,313800,0.0,0.0
2022-03-30 00:00:00-04:00,39.546885143391734,39.836295853207524,39.34149414053074,39.826961517333984,329500,0.0,0.0
2022-03-31 00:00:00-04:00,39.93899486020572,40.34043900392583,39.42552086934836,39.50020980834961,401400,0.0,0.0
2022-04-01 00:00:00-04:00,39.52821452913912,40.53649022889751,39.52821452913912,40.499149322509766,385600,0.0,0.0
2022-04-04 00:00:00-04:00,40.43379475282714,40.51781801724814,39.425515579775144,39.668251037597656,348700,0.0,0.0
2022-04-05 00:00:00-04:00,39.668252877933625,40.3684455934714,39.56555737650313,39.826961517333984,409900,0.0,0.0
2022-04-06 00:00:00-04:00,39.91098494849765,40.751217635117015,39.91098494849765,40.66719436645508,359900,0.0,0.0
2022-04-07 00:00:00-04:00,40.6765369864196,40.83524922015467,40.16306293396388,40.36845397949219,247900,0.0,0.0
2022-04-08 00:00:00-04:00,40.58317278154548,40.97527901065969,40.25641402925248,40.61117935180664,387500,0.0,0.0
2022-04-11 00:00:00-04:00,40.788562641475025,41.03129813595661,40.396456389202044,40.57383728027344,346200,0.0,0.0
2022-04-12 00:00:00-04:00,40.46180570516263,41.06864085411454,40.20040154813204,40.732547760009766,380800,0.0,0.0
2022-04-13 00:00:00-04:00,40.71387481689453,41.01262343726087,40.29375845657797,40.71387481689453,237600,0.0,0.0
2022-04-14 00:00:00-04:00,40.667193778856515,41.34871425421637,40.667193778856515,40.9659423828125,309300,0.0,0.0
2022-04-18 00:00:00-04:00,40.965945618958294,41.190005308942965,40.40578927126751,40.63918685913086,236900,0.0,0.0
2022-04-19 00:00:00-04:00,40.76055779162013,41.06864434116331,40.648527937861175,40.93793869018555,233400,0.0,0.0
2022-04-20 00:00:00-04:00,41.31137029488485,41.75015887042191,40.7325453127939,41.507423400878906,220400,0.0,0.0
2022-04-21 00:00:00-04:00,41.358048712813805,41.65679731765698,41.171329944445745,41.283363342285156,204400,0.0,0.0
2022-04-22 00:00:00-04:00,41.19000656109826,41.19000656109826,40.48981377622268,40.56450271606445,457900,0.0,0.0
2022-04-25 00:00:00-04:00,40.76988937115603,40.87258488072402,39.434858430866015,40.22840881347656,296400,0.0,0.0
2022-04-26 00:00:00-04:00,40.03235323352594,40.480476152091434,39.78028342407703,39.84563446044922,371100,0.0,0.0
2022-04-27 00:00:00-04:00,39.87364016275292,40.33110096877371,39.378838452020396,39.61223602294922,352800,0.0,0.0
2022-04-28 00:00:00-04:00,40.004341711115806,40.08836497800934,39.52821223962862,39.70559310913086,249000,0.0,0.0
2022-04-29 00:00:00-04:00,39.630909224494566,39.630909224494566,38.25853033425806,38.37989807128906,366200,0.0,0.0
2022-05-02 00:00:00-04:00,38.566616537463794,38.902706053589824,37.63302623837465,37.95044708251953,338300,0.0,0.0
2022-05-03 00:00:00-04:00,38.15583431508535,38.98672910685056,37.97845344133284,38.4732551574707,289100,0.0,0.0
2022-05-04 00:00:00-04:00,38.56661831849197,39.47219852870088,38.47325714745296,39.369503021240234,291500,0.0,0.0
2022-05-05 00:00:00-04:00,39.21079905741967,39.36950772510167,38.40791069737792,38.6506462097168,272800,0.0,0.0
2022-05-06 00:00:00-04:00,38.56661543772474,38.96805953979492,38.40790323949585,38.96805953979492,434500,0.0,0.0
2022-05-09 00:00:00-04:00,38.88403713516185,39.46286211974651,38.36122528889434,39.20145797729492,416500,0.0,0.0
2022-05-10 00:00:00-04:00,39.210797622196665,39.57489731601298,38.015803024775984,38.61330032348633,409400,0.0,0.0
2022-05-11 00:00:00-04:00,38.70665665421727,39.490872723047005,38.57595456963976,38.790679931640625,366600,0.0,0.0
2022-05-12 00:00:00-04:00,38.977395484126944,39.27614409873685,38.351891685213836,39.117435455322266,358900,0.0,0.0
2022-05-13 00:00:00-04:00,39.24813936405587,39.39751367834469,38.678648677903325,39.276145935058594,288000,0.0,0.0
2022-05-16 00:00:00-04:00,39.40685266630471,39.59357147154635,39.00540848151292,39.50954818725586,267300,0.0,0.0
2022-05-17 00:00:00-04:00,39.56555478035327,39.62156791464775,38.77200095132869,39.024070739746094,678300,0.0,0.0
2022-05-18 00:00:00-04:00,39.42552490296537,40.31243655683943,38.641308770042464,39.50954818725586,634400,0.0,0.0
2022-05-19 00:00:00-04:00,39.38716744754291,39.80137154705709,38.831755527865425,39.60368347167969,311300,0.35,0.0
2022-05-20 00:00:00-04:00,39.63191822109309,39.801366145868755,38.94471434442004,39.52836990356445,373900,0.0,0.0
2022-05-23 00:00:00-04:00,39.84843741945104,40.074365589579436,39.274197634524114,39.471885681152344,366900,0.0,0.0
2022-05-24 00:00:00-04:00,39.40599539630229,39.79195936820942,38.85999565547247,39.60368347167969,445300,0.0,0.0
2022-05-25 00:00:00-04:00,39.669574635931994,40.262642380457244,39.613094387638654,40.112022399902344,591800,0.0,0.0
2022-05-26 00:00:00-04:00,40.394436396998074,41.00633211800565,40.337952554869084,40.74274444580078,891100,0.0,0.0
2022-05-27 00:00:00-04:00,40.6297812360613,41.194605305377706,40.58271316212891,41.14753723144531,959800,0.0,0.0
2022-05-31 00:00:00-04:00,40.516818211279514,40.93102230032146,40.046130277387505,40.63919448852539,695400,0.0,0.0
2022-06-01 00:00:00-04:00,40.723917957269705,40.723917957269705,39.95199004250634,40.29088592529297,529200,0.0,0.0
2022-06-02 00:00:00-04:00,40.610952270552914,40.610952270552914,39.36833647634607,40.45092010498047,284300,0.0,0.0
2022-06-03 00:00:00-04:00,40.31912294809864,40.62977506169477,39.97081135359017,40.4603271484375,250100,0.0,0.0
2022-06-06 00:00:00-04:00,40.71450669983083,41.043986820513695,40.42267888503745,40.95926284790039,227800,0.0,0.0
2022-06-07 00:00:00-04:00,40.84629540325137,41.043983459472656,40.46974723774373,41.043983459472656,314100,0.0,0.0
2022-06-08 00:00:00-04:00,40.94043453230543,41.15695053225879,40.535642656851515,40.66743469238281,424700,0.0,0.0
2022-06-09 00:00:00-04:00,40.63918825029917,40.87453218111924,39.688400349853985,39.71664047241211,301300,0.0,0.0
2022-06-10 00:00:00-04:00,39.3495087258765,40.37560851770224,39.34009654770435,40.036712646484375,379600,0.0,0.0
2022-06-13 00:00:00-04:00,39.75429830133391,39.75429830133391,37.796238568802906,37.937442779541016,577500,0.0,0.0
2022-06-14 00:00:00-04:00,37.890379662202584,37.94686350851936,36.02645582651757,36.69483184814453,714500,0.0,0.0
2022-06-15 00:00:00-04:00,36.85486897069866,37.42910526955358,36.33710933810658,36.949005126953125,772700,0.0,0.0
2022-06-16 00:00:00-04:00,36.553621413651854,36.68541344162077,36.082933547440916,36.24296569824219,681500,0.0,0.0
2022-06-17 00:00:00-04:00,36.421829167013705,37.01489693885097,36.007625099178654,36.15824508666992,720000,0.0,0.0
2022-06-21 00:00:00-04:00,36.054692616361145,36.43124437481873,35.94172852524935,36.28062438964844,334700,0.0,0.0
2022-06-22 00:00:00-04:00,36.24296762656967,36.9113435702953,36.082935467253805,36.610103607177734,458900,0.0,0.0
2022-06-23 00:00:00-04:00,36.64776135831907,37.2220011893324,36.48772559982601,36.71365737915039,537300,0.0,0.0
2022-06-24 00:00:00-04:00,36.8172081710682,38.37989185790856,36.78896804616371,38.16337585449219,860600,0.0,0.0
2022-06-27 00:00:00-04:00,38.18220045636754,38.59640447995497,37.93744075842599,38.48344039916992,342700,0.0,0.0
2022-06-28 00:00:00-04:00,38.63406427907623,38.925888483215964,38.351652253011046,38.51168441772461,333900,0.0,0.0
2022-06-29 00:00:00-04:00,38.67172019417273,38.747028392000615,38.06923665623089,38.27634048461914,371400,0.0,0.0
2022-06-30 00:00:00-04:00,38.04099027671098,38.79409008649347,38.00333438845607,38.50226593017578,333800,0.0,0.0
2022-07-01 00:00:00-04:00,38.75643962579336,39.67899106191952,38.18220340927257,39.54719543457031,344300,0.0,0.0
2022-07-05 00:00:00-04:00,39.198886280043894,39.51895418378655,37.29730680381559,38.11630630493164,396200,0.0,0.0
2022-07-06 00:00:00-04:00,38.05982583921392,38.85058169553568,37.8527220034194,38.530513763427734,393800,0.0,0.0
2022-07-07 00:00:00-04:00,38.652894646098474,38.76585874538375,37.85272299924581,37.99393081665039,297800,0.0,0.0
2022-07-08 00:00:00-04:00,38.182205331414096,38.182205331414096,37.589137547209674,37.7397575378418,291900,0.0,0.0
2022-07-11 00:00:00-04:00,37.39145049315063,38.05982649519879,37.33496664848844,37.70210266113281,361600,0.0,0.0
2022-07-12 00:00:00-04:00,37.655031697640815,38.09747946922847,37.560895554822174,37.87154769897461,306600,0.0,0.0
2022-07-13 00:00:00-04:00,37.82448309763923,38.03158694011664,37.35379515823712,37.5797233581543,298400,0.0,0.0
2022-07-14 00:00:00-04:00,37.05255024355197,37.61737425939763,37.03372229754865,37.56089401245117,252000,0.0,0.0
2022-07-15 00:00:00-04:00,37.80565020921457,37.80565020921457,37.109030569855925,37.589134216308594,237800,0.0,0.0
2022-07-18 00:00:00-04:00,37.56089510840776,37.95627121282335,37.372619233944505,37.55147933959961,455300,0.0,0.0
2022-07-19 00:00:00-04:00,37.76799430552883,38.182201936233504,37.720926235966076,38.05982208251953,498200,0.0,0.0
2022-07-20 00:00:00-04:00,37.880959241253464,38.05981932907768,37.231407718663384,37.3443717956543,339900,0.0,0.0
2022-07-21 00:00:00-04:00,37.109032059260414,37.26906781152232,36.864275932997316,37.1655158996582,363000,0.0,0.0
2022-07-22 00:00:00-04:00,37.39144905275554,37.52324109415981,37.09020907495613,37.4196891784668,194500,0.0,0.0
2022-07-25 00:00:00-04:00,37.54206902422749,38.398720884021344,37.01489726779135,38.389305114746094,482800,0.0,0.0
2022-07-26 00:00:00-04:00,38.37988942472739,38.70936949793727,38.37988942472739,38.652889251708984,437200,0.0,0.0
2022-07-27 00:00:00-04:00,38.605823326441666,38.98237511552769,38.426963201711004,38.78468704223633,357700,0.0,0.0
2022-07-28 00:00:00-04:00,39.12357948415281,39.94257542346951,38.91647565931221,39.81078338623047,339700,0.0,0.0
2022-07-29 00:00:00-04:00,39.61309781232925,40.093197919646954,39.53778602000903,39.82019805908203,409400,0.0,0.0
2022-08-01 00:00:00-04:00,39.82019377385306,40.10260578253445,37.83389035346118,39.9708137512207,298500,0.0,0.0
2022-08-02 00:00:00-04:00,40.05554059389245,40.23440429873732,39.782540743070975,40.036712646484375,409200,0.0,0.0
2022-08-03 00:00:00-04:00,40.05554425892594,40.05554425892594,39.208308094423984,39.9802360534668,228400,0.0,0.0
2022-08-04 00:00:00-04:00,39.98964317618778,40.253227248563235,39.726059103812325,40.01788330078125,200000,0.0,0.0
2022-08-05 00:00:00-04:00,39.94257401110872,40.06495386610209,39.23654218709581,40.02729797363281,321000,0.0,0.0
2022-08-08 00:00:00-04:00,39.93315935066927,40.347366997199124,39.74488706522515,39.78253936767578,423400,0.0,0.0
2022-08-09 00:00:00-04:00,39.81078618119226,39.87668220443809,39.18006248447142,39.84844207763672,401700,0.0,0.0
2022-08-10 00:00:00-04:00,39.9237450549647,40.140261044590716,39.669573173821945,39.82960891723633,362300,0.0,0.0
2022-08-11 00:00:00-04:00,39.829611333130856,40.2061594979476,39.64133545519064,39.81078338623047,267700,0.0,0.0
2022-08-12 00:00:00-04:00,39.951986164471485,40.76156989675227,39.951986164471485,40.73332977294922,336100,0.0,0.0
2022-08-15 00:00:00-04:00,40.73333038312468,41.147534433049586,40.54505450913568,41.10987854003906,275900,0.0,0.0
2022-08-16 00:00:00-04:00,41.14753480205168,41.42994682003598,40.95925892637427,41.40170669555664,418200,0.0,0.0
2022-08-17 00:00:00-04:00,41.117029347908726,41.335282233403845,40.737456908865255,41.069580078125,223600,0.35,0.0
2022-08-18 00:00:00-04:00,40.177592657002236,40.64256874976881,39.769553520453414,40.59511947631836,531500,0.0,0.0
2022-08-19 00:00:00-04:00,40.690008152178585,40.85132407353904,40.37686037089661,40.566646575927734,322100,0.0,0.0
2022-08-22 00:00:00-04:00,40.18707940529661,40.54767287988141,39.3615134686286,39.47538375854492,355700,0.0,0.0
2022-08-23 00:00:00-04:00,39.51334001266245,39.56078566307805,38.99143061834865,39.10530090332031,278800,0.0,0.0
2022-08-24 00:00:00-04:00,38.9060315727149,38.94398954545745,38.45054675941892,38.60237503051758,309900,0.0,0.0
2022-08-25 00:00:00-04:00,38.668797044397536,38.85858327533816,38.34616153775986,38.82062530517578,296800,0.0,0.0
2022-08-26 00:00:00-04:00,38.80164621063971,38.86807084830086,38.070971576495786,38.08995056152344,372500,0.0,0.0
2022-08-29 00:00:00-04:00,37.95710369405538,38.20382327532328,37.51110656729135,38.1184196472168,389500,0.0,0.0
2022-08-30 00:00:00-04:00,38.222796893095484,38.39360412531828,37.40671869911348,37.50161361694336,339700,0.0,0.0
2022-08-31 00:00:00-04:00,37.482637081179234,37.69140229416738,37.09357694234666,37.12204360961914,467300,0.0,0.0
2022-09-01 00:00:00-04:00,37.21693696173592,37.73884635229147,36.97970509149511,37.482635498046875,314000,0.0,0.0
2022-09-02 00:00:00-04:00,37.78629378125831,38.00454667777017,36.97970683241573,37.03664016723633,405300,0.0,0.0
2022-09-06 00:00:00-04:00,37.29284861635142,37.31182760001855,36.391366801453316,36.43881607055664,392900,0.0,0.0
2022-09-07 00:00:00-04:00,36.714002088374826,37.558550567641284,36.62859847226343,37.50161361694336,389200,0.0,0.0
2022-09-08 00:00:00-04:00,37.30234348506641,37.843231901752205,37.28336449958446,37.662933349609375,314900,0.0,0.0
2022-09-09 00:00:00-04:00,37.87169682402337,38.12790768641044,37.34029611464228,37.94761276245117,338300,0.0,0.0
2022-09-12 00:00:00-04:00,37.90965406879397,38.43156346596245,37.871696100305435,38.203819274902344,268600,0.0,0.0
2022-09-13 00:00:00-04:00,37.91914553940363,37.957103511684466,36.998688240757886,37.150516510009766,417600,0.0,0.0
2022-09-14 00:00:00-04:00,37.1030623933602,37.22642397724045,36.68553561236604,36.84685516357422,351800,0.0,0.0
2022-09-15 00:00:00-04:00,36.628601827741164,36.628601827741164,35.99282210945784,36.12567138671875,470700,0.0,0.0
2022-09-16 00:00:00-04:00,36.059249649214344,36.400864172438986,35.935888044745084,36.30596923828125,872500,0.0,0.0
2022-09-19 00:00:00-04:00,36.41983826682572,37.09357591941715,36.26801001244073,37.06510925292969,267200,0.0,0.0
2022-09-20 00:00:00-04:00,36.80889526049892,36.81838294189645,36.04975405321802,36.476768493652344,319100,0.0,0.0
2022-09-21 00:00:00-04:00,36.742472753819555,36.84685535457693,35.926394551393905,35.94537353515625,315200,0.0,0.0
2022-09-22 00:00:00-04:00,35.888439023219,35.98333032860949,35.53733684942866,35.81252670288086,265800,0.0,0.0
2022-09-23 00:00:00-04:00,35.54682367753625,35.60376063132465,35.1103178914388,35.584781646728516,370500,0.0,0.0
2022-09-26 00:00:00-04:00,35.53733338865773,35.53733338865773,34.72125521023598,34.98695373535156,424700,0.0,0.0
2022-09-27 00:00:00-04:00,35.2241889990155,35.3475505918261,33.88620132275063,34.01905059814453,491000,0.0,0.0
2022-09-28 00:00:00-04:00,34.294240737763154,35.03440306106497,34.01905088222278,34.66432189941406,537900,0.0,0.0
2022-09-29 00:00:00-04:00,34.50300481484975,34.759215676726896,33.50663165413054,33.62998962402344,323200,0.0,0.0
2022-09-30 00:00:00-04:00,33.87671321873674,34.00956249247798,32.83289077386614,32.889827728271484,534700,0.0,0.0
2022-10-03 00:00:00-04:00,33.345313300558985,34.085475626155656,33.04165677621823,33.686927795410156,389100,0.0,0.0
2022-10-04 00:00:00-04:00,33.77233355856847,34.46505027484572,33.52561397436389,34.455562591552734,399100,0.0,0.0
2022-10-05 00:00:00-04:00,34.01904800861313,34.04751829393843,33.47815964575539,33.667945861816406,368200,0.0,0.0
2022-10-06 00:00:00-04:00,33.449700660872956,33.449700660872956,32.472306310559624,32.529239654541016,338300,0.0,0.0
2022-10-07 00:00:00-04:00,32.48179042256755,32.529236077291706,31.808052713818842,32.03579330444336,291400,0.0,0.0
2022-10-10 00:00:00-04:00,32.08323790783995,32.53872264264354,32.08323790783995,32.301490783691406,266100,0.0,0.0
2022-10-11 00:00:00-04:00,32.130685417409566,33.165016527168106,32.130685417409566,32.74748611450195,498900,0.0,0.0
2022-10-12 00:00:00-04:00,32.766466926718664,32.78544591197787,31.959879962494703,31.978858947753906,384700,0.0,0.0
2022-10-13 00:00:00-04:00,31.72265062824265,33.31684931953555,31.485418723227298,33.060638427734375,488500,0.0,0.0
2022-10-14 00:00:00-04:00,33.28838311009167,33.4117410960997,32.27302721228889,32.48179244995117,487100,0.0,0.0
2022-10-17 00:00:00-04:00,32.85186835516195,33.76284148737247,32.652594453063514,33.573055267333984,450200,0.0,0.0
2022-10-18 00:00:00-04:00,33.98109844926949,34.54096587460633,33.98109844926949,34.37964630126953,374500,0.0,0.0
2022-10-19 00:00:00-04:00,33.88619961599223,34.16138945537403,33.36429022328712,33.89569091796875,374800,0.0,0.0
2022-10-20 00:00:00-04:00,33.88619910975224,33.88619910975224,33.08909988957354,33.33582305908203,339900,0.0,0.0
2022-10-21 00:00:00-04:00,33.53509574155341,34.30372826806219,33.307351564112366,34.09496307373047,284900,0.0,0.0
2022-10-24 00:00:00-04:00,34.265777477940475,34.484030399598936,33.75335568628756,33.94314193725586,313400,0.0,0.0
2022-10-25 00:00:00-04:00,33.962119255150206,34.89206785733041,33.962119255150206,34.71177291870117,341600,0.0,0.0
2022-10-26 00:00:00-04:00,34.95849386716636,35.205213457045446,34.51249672483582,34.84462356567383,459700,0.0,0.0
2022-10-27 00:00:00-04:00,35.10083077318775,35.53733656630037,34.87308657424526,34.9205322265625,339300,0.0,0.0
2022-10-28 00:00:00-04:00,35.09134141739867,36.030781312826406,35.09134141739867,35.93588638305664,307100,0.0,0.0
2022-10-31 00:00:00-04:00,35.916903762643116,36.15413563325468,35.727121162050715,36.09720230102539,440800,0.0,0.0
2022-11-01 00:00:00-04:00,36.135162899663875,36.305966528657,35.75559043110478,35.87895202636719,387700,0.0,0.0
2022-11-02 00:00:00-04:00,35.83150067293884,36.43881731135401,35.3949948933442,35.594268798828125,363200,0.0,0.0
2022-11-03 00:00:00-04:00,35.18623643486556,35.58478428127758,34.75921829951594,35.36653137207031,317300,0.0,0.0
2022-11-04 00:00:00-04:00,35.4993759432849,36.11618023692299,35.45193029451373,35.95486068725586,290200,0.0,0.0
2022-11-07 00:00:00-05:00,36.16362694698075,36.16362694698075,34.47453718603521,35.442440032958984,485700,0.0,0.0
2022-11-08 00:00:00-05:00,35.8504823898691,36.20158819662237,35.51835918874726,36.106693267822266,586800,0.0,0.0
2022-11-09 00:00:00-05:00,35.87894837319618,36.22055921627118,35.75558679049437,35.95486068725586,465400,0.0,0.0
2022-11-10 00:00:00-05:00,36.913281979204235,37.89067616653165,36.305965325658846,37.77680587768555,358500,0.0,0.0
2022-11-11 00:00:00-05:00,37.710380557025935,37.8147595416505,37.065109565480725,37.46365737915039,288900,0.0,0.0
2022-11-14 00:00:00-05:00,37.53957512368395,37.82425266427387,36.81838815966008,36.856346130371094,318400,0.0,0.0
2022-11-15 00:00:00-05:00,37.197960235619014,37.54906241132313,36.837366757401355,37.18846893310547,276600,0.0,0.0
2022-11-16 00:00:00-05:00,37.18847017856913,37.41621438819475,36.97970857460634,37.08409118652344,270500,0.0,0.0
2022-11-17 00:00:00-05:00,36.72349546176262,36.913281688257726,36.48626358361153,36.88481140136719,266000,0.0,0.0
2022-11-18 00:00:00-05:00,37.169488042389126,37.587018454668744,37.017659788797744,37.55855178833008,316100,0.0,0.0
2022-11-21 00:00:00-05:00,37.654292981402484,37.96065864888019,37.60642037847353,37.93193435668945,266500,0.35,0.0
2022-11-22 00:00:00-05:00,37.99894893539099,38.525518313097905,37.94150765939866,38.324462890625,319200,0.0,0.0
2022-11-23 00:00:00-05:00,38.07554060724907,38.621254619735645,38.027671661834994,38.554237365722656,332500,0.0,0.0
2022-11-25 00:00:00-05:00,38.736143368173714,39.29143339758352,38.697846748455795,39.09038162231445,132800,0.0,0.0
2022-11-28 00:00:00-05:00,38.70742213789732,39.15739828228913,38.42020479873585,39.032936096191406,233400,0.0,0.0
2022-11-29 00:00:00-05:00,38.79359113131055,38.93719798749206,38.30531832465936,38.44892883300781,288500,0.0,0.0
2022-11-30 00:00:00-05:00,38.487223593803684,39.32973098754883,38.238299211663026,39.32973098754883,574300,0.0,0.0
2022-12-01 00:00:00-05:00,39.27228861327952,39.69354051149327,38.726574515892636,38.937198638916016,387400,0.0,0.0
2022-12-02 00:00:00-05:00,38.563810405022025,39.71268337697614,38.27659307507512,39.56907653808594,345800,0.0,0.0
2022-12-05 00:00:00-05:00,39.224417298272705,39.37760012950438,38.83188606498111,38.95634460449219,232500,0.0,0.0
2022-12-06 00:00:00-05:00,38.87975420375224,39.15739922086885,38.5255195987012,38.87017822265625,416000,0.0,0.0
2022-12-07 00:00:00-05:00,38.90847484270682,39.20526816984871,38.755292014671234,38.87017822265625,276800,0.0,0.0
2022-12-08 00:00:00-05:00,38.87975132208284,39.38716871756097,38.87975132208284,39.233985900878906,251500,0.0,0.0
2022-12-09 00:00:00-05:00,39.14782158856891,39.540352797114075,38.99463876699437,39.22441482543945,551200,0.0,0.0
2022-12-12 00:00:00-05:00,39.47333369351975,39.71268206928848,39.04250588670275,39.70310974121094,278200,0.0,0.0
2022-12-13 00:00:00-05:00,40.12436615432161,40.56476633955743,39.32015537372425,39.511634826660156,453100,0.0,0.0
2022-12-14 00:00:00-05:00,39.50205699909541,39.79885031988303,39.109525782397775,39.31058120727539,395300,0.0,0.0
2022-12-15 00:00:00-05:00,39.09995303245442,39.14782197989374,38.573387306288765,38.72657012939453,490200,0.0,0.0
2022-12-16 00:00:00-05:00,38.39148068650244,38.6308290789424,37.93193221127772,38.506370544433594,897700,0.0,0.0
2022-12-19 00:00:00-05:00,38.36276010706343,38.803160273309814,38.11383938549662,38.38190841674805,335600,0.0,0.0
2022-12-20 00:00:00-05:00,38.33404080010937,39.01378938277387,38.01809915758919,38.80316162109375,321900,0.0,0.0
2022-12-21 00:00:00-05:00,38.86060435750526,39.72226001374702,38.74571815406188,39.65523910522461,446700,0.0,0.0
2022-12-22 00:00:00-05:00,39.44461550110092,39.64566727268385,38.812735896006984,39.43503952026367,263200,0.0,0.0
2022-12-23 00:00:00-05:00,39.38716996831402,39.99032892597598,39.09995263443527,39.9041633605957,224700,0.0,0.0
2022-12-27 00:00:00-05:00,39.952035697046746,40.49774977336428,39.674390668136596,40.40201187133789,183100,0.0,0.0
2022-12-28 00:00:00-05:00,40.49774776840174,40.65093059536031,40.03819928752602,40.04777526855469,250900,0.0,0.0
2022-12-29 00:00:00-05:00,40.30626564216628,40.56476233025568,40.15308282539106,40.440303802490234,324300,0.0,0.0
2022-12-30 00:00:00-05:00,40.45944861721607,40.54561418024961,39.90416227379605,40.066917419433594,371900,0.0,0.0
2023-01-03 00:00:00-05:00,40.105218664794606,40.411584334896865,39.60737353783672,40.1530876159668,293900,0.0,0.0
2023-01-04 00:00:00-05:00,40.3062715531873,41.04346510833146,40.07649912041094,40.94772720336914,485700,0.0,0.0
2023-01-05 00:00:00-05:00,40.63178488347385,40.83284032409792,39.65524292961017,40.057350158691406,524400,0.0,0.0
2023-01-06 00:00:00-05:00,40.53604392027519,41.16792353070635,40.49774730093594,40.82326126098633,339600,0.0,0.0
2023-01-09 00:00:00-05:00,40.78496426482042,40.976443707580906,40.54561587441145,40.641357421875,415800,0.0,0.0
2023-01-10 00:00:00-05:00,40.3445655957398,40.564765684803476,39.89458943642849,40.13393783569336,242500,0.0,0.0
2023-01-11 00:00:00-05:00,40.22967801359891,40.50732302378972,40.1147918084797,40.392433166503906,215000,0.0,0.0
2023-01-12 00:00:00-05:00,40.37328860004832,40.60306468375637,40.21053343205395,40.51689910888672,263500,0.0,0.0
2023-01-13 00:00:00-05:00,40.43073075491784,40.74667239177857,40.2392513070174,40.63178253173828,239700,0.0,0.0
2023-01-17 00:00:00-05:00,40.50732418770151,40.72752427557651,40.10521697998047,40.10521697998047,205200,0.0,0.0
2023-01-18 00:00:00-05:00,40.210530835745566,40.210530835745566,39.49248564225011,39.549930572509766,263700,0.0,0.0
2023-01-19 00:00:00-05:00,39.50205552055374,39.616945373945434,39.080803681283676,39.29143142700195,271200,0.0,0.0
2023-01-20 00:00:00-05:00,39.33930250322328,39.33930250322328,38.784012471596284,39.24356460571289,196300,0.0,0.0
2023-01-23 00:00:00-05:00,39.20526894831768,39.703114062360356,38.860606665352236,39.482913970947266,175300,0.0,0.0
2023-01-24 00:00:00-05:00,39.186116373030536,39.827568267050886,39.05208186694667,39.70310974121094,246900,0.0,0.0
2023-01-25 00:00:00-05:00,39.502055361454836,39.942459160016234,39.30100359707887,39.817996978759766,326200,0.0,0.0
2023-01-26 00:00:00-05:00,39.90416790783948,39.90416790783948,39.49248834323962,39.71268844604492,205900,0.0,0.0
2023-01-27 00:00:00-05:00,39.770129718746524,40.06691938764516,39.32972955368192,39.865867614746094,317900,0.0,0.0
2023-01-30 00:00:00-05:00,39.85629255561627,40.01904769809915,39.645664816246544,39.70310974121094,238700,0.0,0.0
2023-01-31 00:00:00-05:00,39.82757285285553,40.51689742313256,39.55950380982193,40.46902847290039,369600,0.0,0.0
2023-02-01 00:00:00-05:00,40.36371138410147,41.20621871948242,40.06691807277603,41.20621871948242,514400,0.0,0.0
2023-02-02 00:00:00-05:00,41.10090937269949,41.84767524530145,40.67965748469757,41.570030212402344,323800,0.0,0.0
2023-02-03 00:00:00-05:00,41.340253556044445,41.66576750735844,40.555191141493026,41.5125846862793,355100,0.0,0.0
2023-02-06 00:00:00-05:00,41.4838668343313,41.57002875306809,40.87113185670215,41.397701263427734,310400,0.0,0.0
2023-02-07 00:00:00-05:00,41.13920259585538,41.79980283994768,40.82326096683302,41.598751068115234,374400,0.0,0.0
2023-02-08 00:00:00-05:00,41.23494001229934,41.34982621598796,41.05303655211181,41.13920211791992,218000,0.0,0.0
2023-02-09 00:00:00-05:00,41.11048389388898,41.359408299471774,39.88502113461095,40.009483337402344,476500,0.0,0.0
2023-02-10 00:00:00-05:00,40.08606826510453,40.67007893460772,39.96160972897544,40.60306167602539,482700,0.0,0.0
2023-02-13 00:00:00-05:00,40.6700793378593,41.49343841108221,40.59348974964867,41.18707275390625,538000,0.0,0.0
2023-02-14 00:00:00-05:00,41.16792339189325,41.25408895903271,39.77012966022337,39.99032974243164,426700,0.0,0.0
2023-02-15 00:00:00-05:00,39.64567089839904,39.94246424466406,38.42020819515472,39.80842971801758,585500,0.0,0.0
2023-02-16 00:00:00-05:00,39.2722886840792,39.99033393479505,39.03294026717391,39.61695098876953,384800,0.0,0.0
2023-02-17 00:00:00-05:00,39.70311452445377,40.717949422589214,39.33930392684854,40.49774932861328,436200,0.0,0.0
2023-02-21 00:00:00-05:00,40.10521682460451,40.34456522165005,39.83714778860685,39.95203399658203,358300,0.0,0.0
2023-02-22 00:00:00-05:00,40.05826293495421,40.290038500213406,39.797516805517965,39.845802307128906,371200,0.36,0.0
2023-02-23 00:00:00-05:00,39.9037484381968,40.15483894918812,39.459515914378635,39.758888244628906,406200,0.0,0.0
2023-02-24 00:00:00-05:00,39.44020113386688,39.44020113386688,38.86076772517602,39.111854553222656,571600,0.0,0.0
2023-02-27 00:00:00-05:00,39.2856827984335,39.82648998016302,38.860765238183724,39.02493667602539,554000,0.0,0.0
2023-02-28 00:00:00-05:00,38.85110748462185,39.556086132443426,38.62899122713952,39.063568115234375,798200,0.0,0.0
2023-03-01 00:00:00-05:00,38.860765795630584,38.90905129663268,38.01092697899279,38.17509841918945,421100,0.0,0.0
2023-03-02 00:00:00-05:00,38.14613026130153,38.73522298894569,37.94332893393322,38.71590805053711,269200,0.0,0.0
2023-03-03 00:00:00-05:00,38.74487880886831,38.80282362438221,38.19441595530365,38.64830780029297,368400,0.0,0.0
2023-03-06 00:00:00-05:00,38.6193361881101,38.66762169108946,38.04955841147906,38.21372985839844,543400,0.0,0.0
2023-03-07 00:00:00-05:00,38.20407692160118,38.36824838008103,37.4894389017616,37.65361404418945,331300,0.0,0.0
2023-03-08 00:00:00-05:00,37.70189727337158,38.146129799547964,37.55703707903469,38.078529357910156,382700,0.0,0.0
2023-03-09 00:00:00-05:00,38.281331016081616,38.580707034475104,37.701897601585365,37.75018310546875,444500,0.0,0.0
2023-03-10 00:00:00-05:00,37.70189502584363,37.85641083808285,35.78010115741758,36.050506591796875,962500,0.0,0.0
2023-03-13 00:00:00-04:00,35.905647549549684,36.33056512575259,34.070768997321224,34.997867584228516,1352500,0.0,0.0
2023-03-14 00:00:00-04:00,35.66421484989788,36.919656271833986,35.24895291806515,36.185707092285156,896100,0.0,0.0
2023-03-15 00:00:00-04:00,35.95393302903585,36.1277637837248,35.5000412046872,36.031192779541016,557200,0.0,0.0
2023-03-16 00:00:00-04:00,35.84770386375102,36.697542726824985,35.59661703445188,36.591312408447266,554200,0.0,0.0
2023-03-17 00:00:00-04:00,36.34022478172747,36.61062654333888,36.002218895765495,36.28227996826172,818600,0.0,0.0
2023-03-20 00:00:00-04:00,36.54302490951314,37.170747474408266,36.427138970313955,36.75548553466797,667000,0.0,0.0
2023-03-21 00:00:00-04:00,36.98725923925704,37.10314518417792,35.98290455941536,36.658912658691406,554900,0.0,0.0
2023-03-22 00:00:00-04:00,36.610626440262116,36.73617169377725,35.50004146428887,35.509700775146484,547300,0.0,0.0
2023-03-23 00:00:00-04:00,35.50970352829278,35.693189925388936,34.77575057201223,34.881980895996094,458900,0.0,0.0
2023-03-24 00:00:00-04:00,34.785407243357824,35.70284652709961,34.785407243357824,35.70284652709961,372000,0.0,0.0
2023-03-27 00:00:00-04:00,36.031191590072545,36.54302452645568,35.731815592669605,36.243648529052734,431600,0.0,0.0
2023-03-28 00:00:00-04:00,36.12776463981164,36.79411342594402,36.12776463981164,36.53337097167969,411900,0.0,0.0
2023-03-29 00:00:00-04:00,36.707197473764374,36.90034316764258,36.552681655451345,36.73617172241211,635000,0.0,0.0
2023-03-30 00:00:00-04:00,37.02588759837452,37.392864040192485,36.716855968616535,36.81342697143555,645200,0.0,0.0
2023-03-31 00:00:00-04:00,37.04520572377557,37.238351429983005,36.755489006438374,37.08383560180664,495200,0.0,0.0
2023-04-03 00:00:00-04:00,36.86171492182424,36.958289615007,36.45611226230024,36.70719909667969,369600,0.0,0.0
2023-04-04 00:00:00-04:00,36.697545461060855,36.84240566672322,36.31125403525994,36.803775787353516,390000,0.0,0.0
2023-04-05 00:00:00-04:00,36.93897425226725,37.624637988227214,36.93897425226725,37.489437103271484,608700,0.0,0.0
2023-04-06 00:00:00-04:00,37.643953716842994,38.010930186531795,37.41218181889589,37.79846954345703,339400,0.0,0.0
2023-04-10 00:00:00-04:00,37.63429735109522,37.740527670548566,37.34457695842324,37.68258285522461,330600,0.0,0.0
2023-04-11 00:00:00-04:00,37.75983797000413,38.08818454730624,37.63429639923253,38.02058410644531,411700,0.0,0.0
2023-04-12 00:00:00-04:00,38.223386657955565,38.223386657955565,37.634293982048646,37.74052429199219,289000,0.0,0.0
2023-04-13 00:00:00-04:00,37.605322168319404,37.84675336692329,37.035544392256334,37.63429641723633,284300,0.0,0.0
2023-04-14 00:00:00-04:00,37.499097300275125,37.68258369362833,37.199721273695545,37.34457778930664,308100,0.0,0.0
2023-04-17 00:00:00-04:00,37.460466941498474,37.94332935523076,37.412181436914814,37.93367004394531,314300,0.0,0.0
2023-04-18 00:00:00-04:00,37.88538305127039,38.07852874596635,37.4508061591914,37.70189666748047,356800,0.0,0.0
2023-04-19 00:00:00-04:00,37.933668594606836,38.29098941955897,37.77915277547403,38.28133010864258,375200,0.0,0.0
2023-04-20 00:00:00-04:00,38.28133024288649,38.31996011879209,37.89504253567372,38.02058410644531,271700,0.0,0.0
2023-04-21 00:00:00-04:00,38.31030174885222,38.34893162570667,37.75983889749358,38.068870544433594,223100,0.0,0.0
2023-04-24 00:00:00-04:00,37.96264322233627,38.19441511137507,37.8177830287262,38.1461296081543,149600,0.0,0.0
2023-04-25 00:00:00-04:00,38.078527108354464,38.28132842128704,37.93366692257545,38.117156982421875,172800,0.0,0.0
2023-04-26 00:00:00-04:00,37.827441195509245,38.13647654155574,37.460468399234784,37.58600997924805,299000,0.0,0.0
2023-04-27 00:00:00-04:00,37.56669657925282,38.03989967310016,37.392865818752384,38.010929107666016,227500,0.0,0.0
2023-04-28 00:00:00-04:00,37.92401460986556,38.28133176634291,37.85641416631438,37.86606979370117,295100,0.0,0.0
2023-05-01 00:00:00-04:00,37.933668862493505,38.36824575810715,37.73086753918972,37.75983810424805,336700,0.0,0.0
2023-05-02 00:00:00-04:00,37.653610486194026,37.69223667727892,36.81342728200066,37.132118225097656,348800,0.0,0.0
2023-05-03 00:00:00-04:00,37.3349227463608,37.73086978954672,37.093491532614564,37.14177703857422,342100,0.0,0.0
2023-05-04 00:00:00-04:00,37.103141546097326,37.267316662256135,36.70719456282272,37.238346099853516,375400,0.0,0.0
2023-05-05 00:00:00-04:00,37.28663756459897,37.74052942925172,37.28663756459897,37.65361404418945,262300,0.0,0.0
2023-05-08 00:00:00-04:00,37.508753318516945,37.78881440914324,37.08383571077039,37.20937728881836,274800,0.0,0.0
2023-05-09 00:00:00-04:00,36.678228122197105,36.881029449700414,35.79941868573494,36.26296615600586,406200,0.0,0.0
2023-05-10 00:00:00-04:00,36.291940213559364,36.37885191007415,35.886333876751344,36.33056640625,368100,0.0,0.0
2023-05-11 00:00:00-04:00,36.16639631132993,36.27262663409136,35.60627413093256,35.857364654541016,475200,0.0,0.0
2023-05-12 00:00:00-04:00,36.03119271958172,36.311250104827714,35.702846148376516,35.83804702758789,267400,0.0,0.0
2023-05-15 00:00:00-04:00,36.01187885891855,36.05050873526207,35.35518569686982,35.625587463378906,380600,0.0,0.0
2023-05-16 00:00:00-04:00,35.63524660386677,35.731817610315545,35.036494575251524,35.30690002441406,319800,0.0,0.0
2023-05-17 00:00:00-04:00,35.500041654567816,35.58695703301374,34.94957881905954,35.442100524902344,445900,0.0,0.0
2023-05-18 00:00:00-04:00,35.23729021240411,35.53962825874712,34.96420600611815,35.10074996948242,329800,0.36,0.0
2023-05-19 00:00:00-04:00,35.393336384541094,35.55913418631693,34.964205659111784,35.061737060546875,302200,0.0,0.0
2023-05-22 00:00:00-04:00,35.21778444332373,35.40308852991647,34.856927550298856,35.39333724975586,216500,0.0,0.0
2023-05-23 00:00:00-04:00,35.20802646257772,35.763942395743726,35.110498787456166,35.38357925415039,411600,0.0,0.0
2023-05-24 00:00:00-04:00,35.34457127072848,35.36407382987036,34.95445311992752,35.032474517822266,404800,0.0,0.0
2023-05-25 00:00:00-04:00,35.00321925728713,35.10075066161335,34.398539432235204,34.96420669555664,323500,0.0,0.0
2023-05-26 00:00:00-04:00,34.99346546604196,35.19827581976641,34.720381273966964,35.1202507019043,377300,0.0,0.0
2023-05-30 00:00:00-04:00,35.20802713381981,35.34457109021246,34.75939386699971,34.778900146484375,410900,0.0,0.0
2023-05-31 00:00:00-04:00,34.847171351216886,35.18852567218053,34.525327030788745,35.02272415161133,438300,0.0,0.0
2023-06-01 00:00:00-04:00,35.18852571794127,35.18852571794127,34.52532707568703,34.681373596191406,376100,0.0,0.0
2023-06-02 00:00:00-04:00,34.613103017937874,35.93949656445069,34.613103017937874,35.8809814453125,386400,0.0,0.0
2023-06-05 00:00:00-04:00,35.529875619876094,35.793204815629345,35.07148734721941,35.28605270385742,319700,0.0,0.0
2023-06-06 00:00:00-04:00,35.47135555060125,36.05653276101883,35.130004968189404,35.93949508666992,551200,0.0,0.0
2023-06-07 00:00:00-04:00,36.134555327159454,37.304906065458404,35.871226132009014,37.20737838745117,502700,0.0,0.0
2023-06-08 00:00:00-04:00,37.21712840278114,37.36342363526467,36.934292937548896,37.17811584472656,423700,0.0,0.0
2023-06-09 00:00:00-04:00,37.246386600754526,37.295154159381426,36.758740778024574,36.91478729248047,311100,0.0,0.0
2023-06-12 00:00:00-04:00,36.89528721625929,36.95380233784127,36.475911482856176,36.6319580078125,354500,0.0,0.0
2023-06-13 00:00:00-04:00,36.475911213165475,37.2951563932396,36.241839567240326,37.06108474731445,452000,0.0,0.0
2023-06-14 00:00:00-04:00,37.16836757362906,37.29515653734686,36.38813495160143,36.50516891479492,375100,0.0,0.0
2023-06-15 00:00:00-04:00,36.49541360933065,36.84651921642004,36.37837964711504,36.80751037597656,257700,0.0,0.0
2023-06-16 00:00:00-04:00,36.905037926592776,37.09034200947915,36.52467476041189,36.680721282958984,763400,0.0,0.0
2023-06-20 00:00:00-04:00,36.56368762665456,36.78800427216255,36.066286774075564,36.378379821777344,327700,0.0,0.0
2023-06-21 00:00:00-04:00,36.18331834704964,36.427141256990524,35.75419136491294,35.97850799560547,388300,0.0,0.0
2023-06-22 00:00:00-04:00,36.11504957975178,36.11504957975178,35.52012106198898,35.79320526123047,365900,0.0,0.0
2023-06-23 00:00:00-04:00,35.80295455193762,35.998013620432744,35.04222827729315,35.21778106689453,528400,0.0,0.0
2023-06-26 00:00:00-04:00,35.41284136932069,35.87122591774763,35.18852473488997,35.58839416503906,295700,0.0,0.0
2023-06-27 00:00:00-04:00,35.5396281195766,35.86147616558247,35.39333659720876,35.65666580200195,273100,0.0,0.0
2023-06-28 00:00:00-04:00,35.71517942150274,35.71517942150274,34.944701840356586,35.032474517822266,416100,0.0,0.0
2023-06-29 00:00:00-04:00,34.86667583495436,35.38357920923871,34.86667583495436,35.25679397583008,251900,0.0,0.0
2023-06-30 00:00:00-04:00,35.36407618788597,35.46160759231064,34.983713011736405,35.30556106567383,253500,0.0,0.0
2023-07-03 00:00:00-04:00,35.29580541103333,35.715181141182384,35.20802900889881,35.56888961791992,137900,0.0,0.0
2023-07-05 00:00:00-04:00,35.40308683682073,35.92974523093052,35.26654659844614,35.53962707519531,463200,0.0,0.0
2023-07-06 00:00:00-04:00,35.30555980345182,35.52012144462991,34.95445420096083,35.27629852294922,472300,0.0,0.0
2023-07-07 00:00:00-04:00,35.10074725343503,35.55913178771118,35.06173469549255,35.34457015991211,671600,0.0,0.0
2023-07-10 00:00:00-04:00,35.403088563823545,36.06628722865951,35.24704203800582,35.52012252807617,473600,0.0,0.0
2023-07-11 00:00:00-04:00,35.58839420664753,35.754192002551825,35.45185024947394,35.715179443359375,295600,0.0,0.0
2023-07-12 00:00:00-04:00,35.9785108054024,36.319865138243635,35.598147631460364,36.20282745361328,417700,0.0,0.0
2023-07-13 00:00:00-04:00,36.1540625306423,36.65146337433888,36.1150499702656,36.64170837402344,469200,0.0,0.0
2023-07-14 00:00:00-04:00,36.60269405304155,37.0513310349089,36.290601025924836,37.0025634765625,676100,0.0,0.0
2023-07-17 00:00:00-04:00,36.76849728852792,37.26589441115294,36.35887284597567,36.98305892944336,496700,0.0,0.0
2023-07-18 00:00:00-04:00,37.0610828787041,37.42193974922024,36.495411933164156,36.953800201416016,389100,0.0,0.0
2023-07-19 00:00:00-04:00,37.01232021146114,37.67551885528398,37.01232021146114,37.66576385498047,482000,0.0,0.0
2023-07-20 00:00:00-04:00,37.81205669759659,38.33871506730484,37.538976233499994,38.289947509765625,420300,0.0,0.0
2023-07-21 00:00:00-04:00,38.48500693110603,38.61179588507321,38.17291390629631,38.32896041870117,396100,0.0,0.0
2023-07-24 00:00:00-04:00,38.455751461205395,38.475257741370676,38.02662445889666,38.34846878051758,278400,0.0,0.0
2023-07-25 00:00:00-04:00,38.2411871736949,38.64105662720584,38.05588308758487,38.59229278564453,425000,0.0,0.0
2023-07-26 00:00:00-04:00,38.5727857227755,39.167714250910706,38.51427060226551,38.72883224487305,454500,0.0,0.0
2023-07-27 00:00:00-04:00,38.563035020543886,38.77759666636573,37.92909392227669,37.99736404418945,330900,0.0,0.0
2023-07-28 00:00:00-04:00,38.19242334991438,38.30945731380453,37.71452877332874,37.90958786010742,287400,0.0,0.0
2023-07-31 00:00:00-04:00,38.04612803111565,38.14365943453762,37.22688284458421,37.44144821166992,669000,0.0,0.0
2023-08-01 00:00:00-04:00,37.33416270848693,37.77304468963295,37.11960107804848,37.21712875366211,332400,0.0,0.0
2023-08-02 00:00:00-04:00,37.06108503943079,37.67551985944003,36.96355735645145,37.44144821166992,330800,0.0,0.0
2023-08-03 00:00:00-04:00,37.27564783631841,37.675517261670485,36.768495734820746,36.788002014160156,369500,0.0,0.0
2023-08-04 00:00:00-04:00,36.78800352852214,37.12935412990752,36.07604104531655,36.17356872558594,421800,0.0,0.0
2023-08-07 00:00:00-04:00,36.329614599181106,36.79775415293223,36.08579168240808,36.43689727783203,465800,0.0,0.0
2023-08-08 00:00:00-04:00,35.74443989464995,35.75419117400089,34.281502442816134,34.70087814331055,1070400,0.0,0.0
2023-08-09 00:00:00-04:00,34.58384171347956,35.10074882830386,34.32051251621642,34.51557159423828,718300,0.0,0.0
2023-08-10 00:00:00-04:00,34.57409109062316,34.69112505148272,31.68722858647034,31.970060348510742,2753600,0.0,0.0
2023-08-11 00:00:00-04:00,32.08709689186728,32.535730159620606,31.472662108370614,31.599451065063477,2492400,0.0,0.0
2023-08-14 00:00:00-04:00,19.505833145205585,21.895298449581755,18.237954734855705,20.929758071899414,23048400,0.0,0.0
2023-08-15 00:00:00-04:00,20.01298502343082,20.55914782435775,14.131975728060366,14.42456340789795,30299600,0.0,0.0
2023-08-16 00:00:00-04:00,14.902456195204651,16.823781011761415,12.942120679848681,14.209999084472656,35671400,0.0,0.0
2023-08-17 00:00:00-04:00,10.359999656677246,12.4399995803833,10.050000190734863,12.029999732971191,45325200,0.36,0.0
2023-08-18 00:00:00-04:00,13.329999923706055,14.199999809265137,12.40999984741211,13.770000457763672,34161300,0.0,0.0
2023-08-21 00:00:00-04:00,13.510000228881836,13.59000015258789,12.34000015258789,13.039999961853027,13646500,0.0,0.0
2023-08-22 00:00:00-04:00,12.789999961853027,13.40999984741211,12.239999771118164,13.369999885559082,11489000,0.0,0.0
2023-08-23 00:00:00-04:00,13.380000114440918,13.380000114440918,12.09000015258789,12.109999656677246,12004300,0.0,0.0
2023-08-24 00:00:00-04:00,12.119999885559082,12.5600004196167,11.289999961853027,11.859999656677246,9972500,0.0,0.0
2023-08-25 00:00:00-04:00,9.300000190734863,10.359999656677246,9.0600004196167,9.65999984741211,20322200,0.0,0.0
2023-08-28 00:00:00-04:00,13.5,14.739999771118164,12.859999656677246,13.970000267028809,58708200,0.0,0.0
2023-08-29 00:00:00-04:00,13.710000038146973,13.979999542236328,12.920000076293945,13.319999694824219,20569100,0.0,0.0
2023-08-30 00:00:00-04:00,13.34000015258789,14.399999618530273,13.300000190734863,13.630000114440918,15155800,0.0,0.0
2023-08-31 00:00:00-04:00,14.199999809265137,14.649999618530273,13.729999542236328,14.020000457763672,14332400,0.0,0.0
2023-09-01 00:00:00-04:00,13.949999809265137,15.390000343322754,13.779999732971191,15.050000190734863,15321000,0.0,0.0
2023-09-05 00:00:00-04:00,14.449999809265137,14.449999809265137,12.359999656677246,12.420000076293945,17111700,0.0,0.0
2023-09-06 00:00:00-04:00,12.640000343322754,12.729999542236328,11.899999618530273,12.260000228881836,8797000,0.0,0.0
2023-09-07 00:00:00-04:00,12.130000114440918,12.520000457763672,11.930000305175781,12.399999618530273,6559200,0.0,0.0
2023-09-08 00:00:00-04:00,12.670000076293945,12.890000343322754,12.1899995803833,12.5600004196167,5264500,0.0,0.0
2023-09-11 00:00:00-04:00,12.460000038146973,13.359999656677246,12.3100004196167,13.039999961853027,7520300,0.0,0.0
2023-09-12 00:00:00-04:00,13.020000457763672,13.140000343322754,12.619999885559082,13.010000228881836,5668100,0.0,0.0
2023-09-13 00:00:00-04:00,13.119999885559082,13.449999809265137,12.899999618530273,13.3100004196167,4150800,0.0,0.0
2023-09-14 00:00:00-04:00,13.489999771118164,13.739999771118164,13.100000381469727,13.229999542236328,5015400,0.0,0.0
2023-09-15 00:00:00-04:00,13.140000343322754,13.619999885559082,13.0600004196167,13.119999885559082,22957900,0.0,0.0
2023-09-18 00:00:00-04:00,13.149999618530273,13.15999984741211,12.649999618530273,13.0600004196167,3466000,0.0,0.0
2023-09-19 00:00:00-04:00,13.010000228881836,13.850000381469727,12.949999809265137,13.180000305175781,5391000,0.0,0.0
2023-09-20 00:00:00-04:00,13.279999732971191,13.359999656677246,13.180000305175781,13.300000190734863,2378200,0.0,0.0
2023-09-21 00:00:00-04:00,13.210000038146973,13.3100004196167,12.770000457763672,12.770000457763672,3271500,0.0,0.0
2023-09-22 00:00:00-04:00,12.930000305175781,12.930000305175781,12.550000190734863,12.59000015258789,2505800,0.0,0.0
2023-09-25 00:00:00-04:00,12.479999542236328,12.550000190734863,12.0600004196167,12.460000038146973,2956200,0.0,0.0
2023-09-26 00:00:00-04:00,12.420000076293945,12.789999961853027,12.40999984741211,12.529999732971191,3020500,0.0,0.0
2023-09-27 00:00:00-04:00,12.479999542236328,12.819999694824219,12.319999694824219,12.369999885559082,2840100,0.0,0.0
2023-09-28 00:00:00-04:00,12.34000015258789,12.649999618530273,12.260000228881836,12.460000038146973,1889100,0.0,0.0
2023-09-29 00:00:00-04:00,12.4399995803833,12.65999984741211,12.079999923706055,12.3100004196167,2677900,0.0,0.0
2023-10-02 00:00:00-04:00,12.300000190734863,12.350000381469727,11.850000381469727,11.949999809265137,3106600,0.0,0.0
2023-10-03 00:00:00-04:00,11.829999923706055,11.920000076293945,11.640000343322754,11.880000114440918,2405900,0.0,0.0
2023-10-04 00:00:00-04:00,11.739999771118164,11.869999885559082,11.40999984741211,11.65999984741211,3336600,0.0,0.0
2023-10-05 00:00:00-04:00,11.65999984741211,11.84000015258789,11.5600004196167,11.720000267028809,2339300,0.0,0.0
2023-10-06 00:00:00-04:00,11.510000228881836,11.920000076293945,11.34000015258789,11.859999656677246,2518300,0.0,0.0
2023-10-09 00:00:00-04:00,11.829999923706055,12.260000228881836,11.829999923706055,12.109999656677246,1858700,0.0,0.0
2023-10-10 00:00:00-04:00,12.25,12.539999961853027,12.140000343322754,12.529999732971191,2596500,0.0,0.0
2023-10-11 00:00:00-04:00,12.5600004196167,12.6899995803833,12.220000267028809,12.239999771118164,1728700,0.0,0.0
2023-10-12 00:00:00-04:00,12.260000228881836,12.270000457763672,11.800000190734863,12.09000015258789,2070100,0.0,0.0
2023-10-13 00:00:00-04:00,12.170000076293945,12.40999984741211,12.15999984741211,12.300000190734863,1960600,0.0,0.0
2023-10-16 00:00:00-04:00,12.369999885559082,12.640000343322754,12.3100004196167,12.619999885559082,1452000,0.0,0.0
2023-10-17 00:00:00-04:00,12.420000076293945,13.020000457763672,12.420000076293945,12.850000381469727,2087400,0.0,0.0
2023-10-18 00:00:00-04:00,12.75,13.0,12.550000190734863,12.680000305175781,1498500,0.0,0.0
2023-10-19 00:00:00-04:00,12.630000114440918,12.760000228881836,12.460000038146973,12.5,1555000,0.0,0.0
2023-10-20 00:00:00-04:00,12.4399995803833,12.670000076293945,12.34000015258789,12.350000381469727,1676900,0.0,0.0
2023-10-23 00:00:00-04:00,12.220000267028809,12.420000076293945,11.970000267028809,12.170000076293945,2181100,0.0,0.0
2023-10-24 00:00:00-04:00,12.359999656677246,12.460000038146973,12.119999885559082,12.300000190734863,2332700,0.0,0.0
2023-10-25 00:00:00-04:00,12.180000305175781,12.65999984741211,12.149999618530273,12.640000343322754,1183600,0.0,0.0
2023-10-26 00:00:00-04:00,12.609999656677246,13.470000267028809,12.449999809265137,13.369999885559082,3469400,0.0,0.0
2023-10-27 00:00:00-04:00,13.319999694824219,13.399999618530273,12.850000381469727,12.850000381469727,1707700,0.0,0.0
2023-10-30 00:00:00-04:00,12.989999771118164,13.15999984741211,12.770000457763672,12.789999961853027,1526900,0.0,0.0
2023-10-31 00:00:00-04:00,12.75,13.640000343322754,12.569999694824219,12.979999542236328,3516000,0.0,0.0
2023-11-01 00:00:00-04:00,12.949999809265137,13.399999618530273,12.819999694824219,13.109999656677246,1547000,0.0,0.0
2023-11-02 00:00:00-04:00,13.300000190734863,13.5600004196167,13.050000190734863,13.489999771118164,2820700,0.0,0.0
2023-11-03 00:00:00-04:00,13.789999961853027,14.140000343322754,13.75,13.850000381469727,2950600,0.0,0.0
2023-11-06 00:00:00-05:00,14.0,14.010000228881836,13.640000343322754,13.8100004196167,2009400,0.0,0.0
2023-11-07 00:00:00-05:00,13.75,14.279999732971191,13.649999618530273,13.9399995803833,2720000,0.0,0.0
2023-11-08 00:00:00-05:00,14.010000228881836,14.029999732971191,13.680000305175781,13.890000343322754,2657200,0.0,0.0
2023-11-09 00:00:00-05:00,14.0,14.649999618530273,13.770000457763672,14.010000228881836,4308300,0.0,0.0
2023-11-10 00:00:00-05:00,12.6899995803833,13.0,11.329999923706055,11.609999656677246,10974900,0.0,0.0
2023-11-13 00:00:00-05:00,11.819999694824219,11.869999885559082,11.399999618530273,11.449999809265137,4049300,0.0,0.0
2023-11-14 00:00:00-05:00,11.649999618530273,12.619999885559082,11.619999885559082,12.039999961853027,5084800,0.0,0.0
2023-11-15 00:00:00-05:00,12.0600004196167,13.020000457763672,12.0600004196167,12.729999542236328,3037900,0.0,0.0
2023-11-16 00:00:00-05:00,12.760000228881836,13.329999923706055,12.720000267028809,13.279999732971191,3149600,0.0,0.0
2023-11-17 00:00:00-05:00,13.4399995803833,14.020000457763672,13.420000076293945,13.90999984741211,3464400,0.0,0.0
2023-11-20 00:00:00-05:00,13.640000343322754,13.789999961853027,13.369999885559082,13.5,2450000,0.0,0.0
2023-11-21 00:00:00-05:00,13.460000038146973,13.529999732971191,12.760000228881836,12.819999694824219,2416900,0.0,0.0
2023-11-22 00:00:00-05:00,12.960000038146973,13.010000228881836,12.520000457763672,12.699999809265137,2183400,0.0,0.0
2023-11-24 00:00:00-05:00,12.84000015258789,12.869999885559082,12.59000015258789,12.630000114440918,922900,0.0,0.0
2023-11-27 00:00:00-05:00,12.600000381469727,12.630000114440918,12.369999885559082,12.489999771118164,1782500,0.0,0.0
2023-11-28 00:00:00-05:00,12.529999732971191,12.5600004196167,12.260000228881836,12.430000305175781,1531100,0.0,0.0
2023-11-29 00:00:00-05:00,12.5,12.670000076293945,12.380000114440918,12.430000305175781,1679200,0.0,0.0
2023-11-30 00:00:00-05:00,12.4399995803833,12.539999961853027,12.079999923706055,12.1899995803833,4366600,0.0,0.0
2023-12-01 00:00:00-05:00,12.1899995803833,12.9399995803833,12.130000114440918,12.90999984741211,2777800,0.0,0.0
2023-12-04 00:00:00-05:00,12.949999809265137,13.550000190734863,12.930000305175781,13.430000305175781,2365100,0.0,0.0
2023-12-05 00:00:00-05:00,13.399999618530273,13.470000267028809,12.960000038146973,13.229999542236328,2126200,0.0,0.0
2023-12-06 00:00:00-05:00,13.380000114440918,13.579999923706055,13.170000076293945,13.270000457763672,2476900,0.0,0.0
2023-12-07 00:00:00-05:00,13.3100004196167,13.449999809265137,13.239999771118164,13.3100004196167,1651500,0.0,0.0
2023-12-08 00:00:00-05:00,13.350000381469727,13.369999885559082,13.0,13.220000267028809,2697700,0.0,0.0
2023-12-11 00:00:00-05:00,13.199999809265137,13.369999885559082,13.109999656677246,13.300000190734863,1206300,0.0,0.0
2023-12-12 00:00:00-05:00,13.229999542236328,13.359999656677246,13.09000015258789,13.319999694824219,1131300,0.0,0.0
2023-12-13 00:00:00-05:00,13.3100004196167,13.949999809265137,13.130000114440918,13.899999618530273,2423100,0.0,0.0
2023-12-14 00:00:00-05:00,14.0,14.539999961853027,14.0,14.039999961853027,2923200,0.0,0.0
2023-12-15 00:00:00-05:00,14.199999809265137,14.40999984741211,13.859999656677246,14.210000038146973,6047600,0.0,0.0
2023-12-18 00:00:00-05:00,14.279999732971191,14.279999732971191,13.649999618530273,13.649999618530273,2692500,0.0,0.0
2023-12-19 00:00:00-05:00,13.8100004196167,14.34000015258789,13.779999732971191,14.329999923706055,3094400,0.0,0.0
2023-12-20 00:00:00-05:00,14.319999694824219,14.329999923706055,13.8100004196167,13.8100004196167,2422000,0.0,0.0
2023-12-21 00:00:00-05:00,13.899999618530273,14.100000381469727,13.710000038146973,13.960000038146973,5096700,0.0,0.0
2023-12-22 00:00:00-05:00,13.989999771118164,14.170000076293945,13.84000015258789,13.949999809265137,1211000,0.0,0.0
2023-12-26 00:00:00-05:00,14.0,14.130000114440918,13.90999984741211,14.050000190734863,1620000,0.0,0.0
2023-12-27 00:00:00-05:00,14.09000015258789,14.550000190734863,13.859999656677246,14.020000457763672,3906500,0.0,0.0
2023-12-28 00:00:00-05:00,13.930000305175781,14.380000114440918,13.890000343322754,14.369999885559082,2317600,0.0,0.0
2023-12-29 00:00:00-05:00,14.260000228881836,14.300000190734863,14.0,14.1899995803833,1917600,0.0,0.0
2024-01-02 00:00:00-05:00,14.239999771118164,16.030000686645508,13.949999809265137,15.399999618530273,5618900,0.0,0.0
2024-01-03 00:00:00-05:00,15.140000343322754,15.25,14.710000038146973,14.770000457763672,3133100,0.0,0.0
2024-01-04 00:00:00-05:00,14.960000038146973,14.979999542236328,14.3100004196167,14.34000015258789,2362600,0.0,0.0
2024-01-05 00:00:00-05:00,14.319999694824219,15.130000114440918,14.199999809265137,14.869999885559082,2697100,0.0,0.0
2024-01-08 00:00:00-05:00,14.8100004196167,15.3100004196167,14.6899995803833,15.210000038146973,1887500,0.0,0.0
2024-01-09 00:00:00-05:00,15.09000015258789,15.289999961853027,14.819999694824219,14.970000267028809,1721900,0.0,0.0
2024-01-10 00:00:00-05:00,14.930000305175781,14.979999542236328,14.40999984741211,14.460000038146973,2265500,0.0,0.0
2024-01-11 00:00:00-05:00,14.319999694824219,14.34000015258789,13.760000228881836,13.8100004196167,2533500,0.0,0.0
2024-01-12 00:00:00-05:00,14.0600004196167,14.109999656677246,13.210000038146973,13.470000267028809,2848700,0.0,0.0
2024-01-16 00:00:00-05:00,13.220000267028809,13.59000015258789,13.130000114440918,13.300000190734863,1657300,0.0,0.0
2024-01-17 00:00:00-05:00,13.170000076293945,13.449999809265137,13.029999732971191,13.239999771118164,1790100,0.0,0.0
2024-01-18 00:00:00-05:00,13.229999542236328,13.239999771118164,12.75,12.949999809265137,2324400,0.0,0.0
2024-01-19 00:00:00-05:00,12.949999809265137,12.979999542236328,12.600000381469727,12.720000267028809,1968100,0.0,0.0
2024-01-22 00:00:00-05:00,12.789999961853027,12.899999618530273,12.640000343322754,12.779999732971191,1364000,0.0,0.0
2024-01-23 00:00:00-05:00,12.880000114440918,13.5,12.829999923706055,13.350000381469727,2731200,0.0,0.0
2024-01-24 00:00:00-05:00,13.550000190734863,14.0600004196167,13.170000076293945,13.170000076293945,3832400,0.0,0.0
2024-01-25 00:00:00-05:00,13.270000457763672,13.789999961853027,13.199999809265137,13.75,1845900,0.0,0.0
2024-01-26 00:00:00-05:00,13.789999961853027,14.039999961853027,13.779999732971191,13.850000381469727,4195600,0.0,0.0
2024-01-29 00:00:00-05:00,13.8100004196167,13.8100004196167,13.359999656677246,13.489999771118164,1687600,0.0,0.0
2024-01-30 00:00:00-05:00,13.380000114440918,13.40999984741211,13.039999961853027,13.270000457763672,1808900,0.0,0.0
2024-01-31 00:00:00-05:00,13.3100004196167,13.3100004196167,12.949999809265137,12.970000267028809,2193200,0.0,0.0
2024-02-01 00:00:00-05:00,13.220000267028809,13.350000381469727,12.880000114440918,13.329999923706055,1592700,0.0,0.0
2024-02-02 00:00:00-05:00,13.15999984741211,13.59000015258789,12.920000076293945,13.390000343322754,2098100,0.0,0.0
2024-02-05 00:00:00-05:00,13.170000076293945,13.25,12.960000038146973,12.970000267028809,1758100,0.0,0.0
2024-02-06 00:00:00-05:00,12.949999809265137,13.300000190734863,12.770000457763672,13.25,1352200,0.0,0.0
2024-02-07 00:00:00-05:00,13.3100004196167,13.390000343322754,13.0600004196167,13.109999656677246,1162900,0.0,0.0
2024-02-08 00:00:00-05:00,13.09000015258789,13.140000343322754,12.890000343322754,13.069999694824219,1523200,0.0,0.0
2024-02-09 00:00:00-05:00,13.039999961853027,13.130000114440918,12.920000076293945,13.09000015258789,1343800,0.0,0.0
2024-02-12 00:00:00-05:00,13.050000190734863,13.899999618530273,13.050000190734863,13.649999618530273,2292000,0.0,0.0
2024-02-13 00:00:00-05:00,13.520000457763672,13.569999694824219,12.90999984741211,13.109999656677246,2445800,0.0,0.0
2024-02-14 00:00:00-05:00,13.0600004196167,13.100000381469727,12.149999618530273,12.470000267028809,5243500,0.0,0.0
2024-02-15 00:00:00-05:00,12.6899995803833,13.279999732971191,12.680000305175781,13.220000267028809,4248200,0.0,0.0
2024-02-16 00:00:00-05:00,13.149999618530273,13.25,12.970000267028809,13.100000381469727,1823300,0.0,0.0
2024-02-20 00:00:00-05:00,13.039999961853027,13.300000190734863,13.0,13.289999961853027,3066400,0.0,0.0
2024-02-21 00:00:00-05:00,13.300000190734863,13.319999694824219,13.100000381469727,13.109999656677246,1696800,0.0,0.0
2024-02-22 00:00:00-05:00,13.0,13.0,12.600000381469727,12.75,2681800,0.0,0.0
2024-02-23 00:00:00-05:00,12.680000305175781,12.819999694824219,12.609999656677246,12.65999984741211,1499100,0.0,0.0
2024-02-26 00:00:00-05:00,12.600000381469727,12.619999885559082,12.220000267028809,12.25,2688700,0.0,0.0
2024-02-27 00:00:00-05:00,12.4399995803833,12.59000015258789,12.3100004196167,12.579999923706055,1611500,0.0,0.0
2024-02-28 00:00:00-05:00,12.489999771118164,12.600000381469727,12.300000190734863,12.34000015258789,1976000,0.0,0.0
2024-02-29 00:00:00-05:00,12.449999809265137,12.569999694824219,12.15999984741211,12.180000305175781,2300000,0.0,0.0
2024-03-01 00:00:00-05:00,12.25,12.25,11.829999923706055,11.949999809265137,3693500,0.0,0.0
2024-03-04 00:00:00-05:00,11.949999809265137,12.0,11.430000305175781,11.4399995803833,2778900,0.0,0.0
2024-03-05 00:00:00-05:00,11.479999542236328,11.960000038146973,11.460000038146973,11.619999885559082,2651000,0.0,0.0
2024-03-06 00:00:00-05:00,11.800000190734863,11.800000190734863,11.350000381469727,11.449999809265137,1982900,0.0,0.0
2024-03-07 00:00:00-05:00,11.569999694824219,11.760000228881836,11.529999732971191,11.75,1530000,0.0,0.0
2024-03-08 00:00:00-05:00,11.779999732971191,11.899999618530273,11.65999984741211,11.819999694824219,2681200,0.0,0.0
2024-03-11 00:00:00-04:00,11.850000381469727,11.949999809265137,11.649999618530273,11.729999542236328,1739800,0.0,0.0
2024-03-12 00:00:00-04:00,11.619999885559082,11.640000343322754,11.15999984741211,11.270000457763672,3302400,0.0,0.0
2024-03-13 00:00:00-04:00,11.300000190734863,11.420000076293945,11.130000114440918,11.15999984741211,1972800,0.0,0.0
2024-03-14 00:00:00-04:00,11.119999885559082,11.140000343322754,10.770000457763672,11.029999732971191,2797700,0.0,0.0
2024-03-15 00:00:00-04:00,11.079999923706055,11.350000381469727,11.020000457763672,11.15999984741211,3322400,0.0,0.0
2024-03-18 00:00:00-04:00,11.069999694824219,11.100000381469727,10.829999923706055,10.90999984741211,1892700,0.0,0.0
2024-03-19 00:00:00-04:00,10.869999885559082,11.0,10.729999542236328,10.979999542236328,1744700,0.0,0.0
2024-03-20 00:00:00-04:00,10.920000076293945,11.470000267028809,10.869999885559082,11.399999618530273,1822500,0.0,0.0
2024-03-21 00:00:00-04:00,11.399999618530273,11.710000038146973,11.3100004196167,11.489999771118164,1550500,0.0,0.0
2024-03-22 00:00:00-04:00,11.539999961853027,11.710000038146973,10.930000305175781,11.039999961853027,2395500,0.0,0.0
2024-03-25 00:00:00-04:00,11.09000015258789,11.149999618530273,10.9399995803833,11.0,1265600,0.0,0.0
2024-03-26 00:00:00-04:00,11.029999732971191,11.100000381469727,10.829999923706055,10.859999656677246,1564600,0.0,0.0
2024-03-27 00:00:00-04:00,10.920000076293945,11.09000015258789,10.90999984741211,10.989999771118164,2006100,0.0,0.0
2024-03-28 00:00:00-04:00,10.970000267028809,11.319999694824219,10.899999618530273,11.270000457763672,2098500,0.0,0.0
2024-04-01 00:00:00-04:00,11.270000457763672,11.270000457763672,10.890000343322754,11.100000381469727,1455600,0.0,0.0
2024-04-02 00:00:00-04:00,11.010000228881836,11.180000305175781,10.899999618530273,11.010000228881836,1623700,0.0,0.0
2024-04-03 00:00:00-04:00,11.010000228881836,11.0600004196167,10.869999885559082,11.050000190734863,1316000,0.0,0.0
2024-04-04 00:00:00-04:00,11.149999618530273,11.1899995803833,10.979999542236328,11.039999961853027,1350400,0.0,0.0
2024-04-05 00:00:00-04:00,10.9399995803833,10.989999771118164,10.779999732971191,10.90999984741211,2757200,0.0,0.0
2024-04-08 00:00:00-04:00,10.920000076293945,11.130000114440918,10.850000381469727,11.069999694824219,1833900,0.0,0.0
2024-04-09 00:00:00-04:00,11.149999618530273,11.40999984741211,11.109999656677246,11.180000305175781,1379700,0.0,0.0
2024-04-10 00:00:00-04:00,10.949999809265137,10.970000267028809,10.760000228881836,10.779999732971191,2811800,0.0,0.0
2024-04-11 00:00:00-04:00,10.930000305175781,10.970000267028809,10.550000190734863,10.800000190734863,1637600,0.0,0.0
2024-04-12 00:00:00-04:00,10.789999961853027,10.970000267028809,10.640000343322754,10.680000305175781,1635400,0.0,0.0
2024-04-15 00:00:00-04:00,10.680000305175781,10.819999694824219,10.579999923706055,10.65999984741211,1369300,0.0,0.0
2024-04-16 00:00:00-04:00,10.609999656677246,10.609999656677246,8.739999771118164,9.520000457763672,12210000,0.0,0.0
2024-04-17 00:00:00-04:00,9.579999923706055,9.920000076293945,9.260000228881836,9.770000457763672,4624800,0.0,0.0
2024-04-18 00:00:00-04:00,9.890000343322754,10.239999771118164,9.8100004196167,10.210000038146973,3738400,0.0,0.0
2024-04-19 00:00:00-04:00,10.25,10.979999542236328,10.199999809265137,10.90999984741211,3160900,0.0,0.0
2024-04-22 00:00:00-04:00,10.90999984741211,10.989999771118164,10.670000076293945,10.829999923706055,2415000,0.0,0.0
2024-04-23 00:00:00-04:00,10.770000457763672,11.09000015258789,10.710000038146973,10.949999809265137,1492200,0.0,0.0
2024-04-24 00:00:00-04:00,10.899999618530273,10.970000267028809,10.729999542236328,10.880000114440918,1461600,0.0,0.0
2024-04-25 00:00:00-04:00,10.84000015258789,11.069999694824219,10.319999694824219,10.5,3520000,0.0,0.0
2024-04-26 00:00:00-04:00,10.390000343322754,10.390000343322754,9.4399995803833,9.880000114440918,5653100,0.0,0.0
2024-04-29 00:00:00-04:00,9.949999809265137,10.149999618530273,9.930000305175781,10.029999732971191,3325400,0.0,0.0
2024-04-30 00:00:00-04:00,9.890000343322754,10.079999923706055,9.770000457763672,9.850000381469727,2240800,0.0,0.0
2024-05-01 00:00:00-04:00,9.829999923706055,10.359999656677246,9.770000457763672,10.239999771118164,3441800,0.0,0.0
2024-05-02 00:00:00-04:00,10.350000381469727,10.390000343322754,10.0600004196167,10.140000343322754,2028100,0.0,0.0
2024-05-03 00:00:00-04:00,10.279999732971191,10.489999771118164,10.15999984741211,10.4399995803833,1732600,0.0,0.0
2024-05-06 00:00:00-04:00,10.5,10.529999732971191,10.09000015258789,10.100000381469727,2102100,0.0,0.0
2024-05-07 00:00:00-04:00,10.180000305175781,10.199999809265137,9.859999656677246,9.859999656677246,1747300,0.0,0.0
2024-05-08 00:00:00-04:00,9.770000457763672,10.170000076293945,9.720000267028809,10.119999885559082,1924300,0.0,0.0
2024-05-09 00:00:00-04:00,10.100000381469727,10.34000015258789,10.0600004196167,10.239999771118164,1910900,0.0,0.0
2024-05-10 00:00:00-04:00,10.300000190734863,10.300000190734863,9.949999809265137,9.989999771118164,3012900,0.0,0.0
2024-05-13 00:00:00-04:00,10.050000190734863,11.460000038146973,9.970000267028809,10.989999771118164,5170900,0.0,0.0
2024-05-14 00:00:00-04:00,11.199999809265137,11.600000381469727,11.039999961853027,11.09000015258789,3448700,0.0,0.0
2024-05-15 00:00:00-04:00,11.279999732971191,11.449999809265137,11.199999809265137,11.319999694824219,2080500,0.0,0.0
2024-05-16 00:00:00-04:00,11.34000015258789,11.800000190734863,11.25,11.800000190734863,2411700,0.0,0.0
2024-05-17 00:00:00-04:00,11.789999961853027,11.869999885559082,11.470000267028809,11.5,2309300,0.0,0.0
2024-05-20 00:00:00-04:00,11.489999771118164,11.65999984741211,11.130000114440918,11.210000038146973,1702700,0.0,0.0
2024-05-21 00:00:00-04:00,11.199999809265137,11.300000190734863,10.930000305175781,11.119999885559082,1257800,0.0,0.0
2024-05-22 00:00:00-04:00,11.020000457763672,11.34000015258789,11.020000457763672,11.130000114440918,1420500,0.0,0.0
2024-05-23 00:00:00-04:00,11.0600004196167,11.079999923706055,10.619999885559082,10.680000305175781,1380500,0.0,0.0
2024-05-24 00:00:00-04:00,10.6899995803833,10.75,10.569999694824219,10.630000114440918,1019200,0.0,0.0
2024-05-28 00:00:00-04:00,10.649999618530273,10.829999923706055,10.300000190734863,10.40999984741211,1639400,0.0,0.0
2024-05-29 00:00:00-04:00,10.25,10.279999732971191,10.109999656677246,10.25,1422100,0.0,0.0
2024-05-30 00:00:00-04:00,10.369999885559082,10.699999809265137,10.34000015258789,10.649999618530273,1585500,0.0,0.0
2024-05-31 00:00:00-04:00,10.720000267028809,11.050000190734863,10.6899995803833,10.989999771118164,1842900,0.0,0.0
2024-06-03 00:00:00-04:00,11.0,11.050000190734863,10.680000305175781,10.699999809265137,1666300,0.0,0.0
2024-06-04 00:00:00-04:00,10.600000381469727,10.640000343322754,10.359999656677246,10.359999656677246,1402400,0.0,0.0
2024-06-05 00:00:00-04:00,10.350000381469727,10.680000305175781,10.270000457763672,10.5600004196167,1527700,0.0,0.0
2024-06-06 00:00:00-04:00,10.510000228881836,10.630000114440918,10.239999771118164,10.279999732971191,1297900,0.0,0.0
2024-06-07 00:00:00-04:00,10.09000015258789,10.350000381469727,10.029999732971191,10.279999732971191,1401000,0.0,0.0
2024-06-10 00:00:00-04:00,10.260000228881836,10.380000114440918,10.119999885559082,10.289999961853027,1335300,0.0,0.0
2024-06-11 00:00:00-04:00,10.180000305175781,10.420000076293945,10.130000114440918,10.279999732971191,1122200,0.0,0.0
2024-06-12 00:00:00-04:00,10.520000457763672,10.569999694824219,10.029999732971191,10.149999618530273,2317500,0.0,0.0
2024-06-13 00:00:00-04:00,10.109999656677246,10.180000305175781,9.739999771118164,9.739999771118164,2932500,0.0,0.0
2024-06-14 00:00:00-04:00,9.6899995803833,9.869999885559082,9.380000114440918,9.779999732971191,2238200,0.0,0.0
2024-06-17 00:00:00-04:00,9.789999961853027,9.850000381469727,9.630000114440918,9.640000343322754,1751000,0.0,0.0
2024-06-18 00:00:00-04:00,9.550000190734863,9.720000267028809,9.369999885559082,9.399999618530273,1777400,0.0,0.0
2024-06-20 00:00:00-04:00,9.399999618530273,9.479999542236328,9.270000457763672,9.279999732971191,1866700,0.0,0.0
2024-06-21 00:00:00-04:00,9.279999732971191,9.5,9.130000114440918,9.470000267028809,3040400,0.0,0.0
2024-06-24 00:00:00-04:00,9.470000267028809,9.630000114440918,9.40999984741211,9.59000015258789,1880700,0.0,0.0
2024-06-25 00:00:00-04:00,9.539999961853027,9.550000190734863,9.029999732971191,9.079999923706055,2882700,0.0,0.0
2024-06-26 00:00:00-04:00,9.0600004196167,9.229999542236328,8.960000038146973,9.199999809265137,2638500,0.0,0.0
2024-06-27 00:00:00-04:00,9.220000267028809,9.239999771118164,8.949999809265137,9.010000228881836,2457800,0.0,0.0
2024-06-28 00:00:00-04:00,9.029999732971191,9.119999885559082,8.829999923706055,9.020000457763672,19525900,0.0,0.0
2024-07-01 00:00:00-04:00,9.140000343322754,9.140000343322754,8.039999961853027,8.180000305175781,6171700,0.0,0.0
2024-07-02 00:00:00-04:00,8.3100004196167,8.510000228881836,8.15999984741211,8.510000228881836,3869500,0.0,0.0
2024-07-03 00:00:00-04:00,8.579999923706055,8.729999542236328,8.420000076293945,8.489999771118164,2793800,0.0,0.0
2024-07-05 00:00:00-04:00,8.470000267028809,8.479999542236328,8.0600004196167,8.079999923706055,3930500,0.0,0.0
2024-07-08 00:00:00-04:00,8.149999618530273,8.149999618530273,7.630000114440918,7.739999771118164,5541200,0.0,0.0
2024-07-09 00:00:00-04:00,7.699999809265137,8.630000114440918,7.610000133514404,8.569999694824219,5566300,0.0,0.0
2024-07-10 00:00:00-04:00,8.779999732971191,10.649999618530273,8.75,10.350000381469727,16286800,0.0,0.0
2024-07-11 00:00:00-04:00,10.460000038146973,11.079999923706055,10.399999618530273,10.9399995803833,6076500,0.0,0.0
2024-07-12 00:00:00-04:00,11.0,11.020000457763672,10.319999694824219,10.430000305175781,5370500,0.0,0.0
2024-07-15 00:00:00-04:00,10.430000305175781,10.670000076293945,10.119999885559082,10.579999923706055,2896200,0.0,0.0
2024-07-16 00:00:00-04:00,10.6899995803833,12.1899995803833,10.600000381469727,12.15999984741211,7278200,0.0,0.0
2024-07-17 00:00:00-04:00,12.149999618530273,13.390000343322754,12.149999618530273,12.8100004196167,9355300,0.0,0.0
2024-07-18 00:00:00-04:00,12.9399995803833,13.479999542236328,12.59000015258789,12.75,8747000,0.0,0.0
2024-07-19 00:00:00-04:00,17.6200008392334,18.190000534057617,16.540000915527344,17.510000228881836,23450400,0.0,0.0
2024-07-22 00:00:00-04:00,17.239999771118164,17.299999237060547,13.8100004196167,15.010000228881836,14195200,0.0,0.0
2024-07-23 00:00:00-04:00,15.010000228881836,16.530000686645508,14.859999656677246,16.479999542236328,6548500,0.0,0.0
2024-07-24 00:00:00-04:00,16.420000076293945,17.059999465942383,16.200000762939453,16.75,6069700,0.0,0.0
2024-07-25 00:00:00-04:00,16.829999923706055,16.989999771118164,16.010000228881836,16.31999969482422,3852400,0.0,0.0
2024-07-26 00:00:00-04:00,16.40999984741211,17.010000228881836,16.260000228881836,16.84000015258789,3190900,0.0,0.0
2024-07-29 00:00:00-04:00,16.5,16.75,16.1299991607666,16.350000381469727,2627400,0.0,0.0
2024-07-30 00:00:00-04:00,16.350000381469727,16.889999389648438,16.329999923706055,16.719999313354492,2264800,0.0,0.0
2024-07-31 00:00:00-04:00,16.450000762939453,17.010000228881836,16.329999923706055,16.559999465942383,2208300,0.0,0.0
2024-08-01 00:00:00-04:00,16.520000457763672,16.899999618530273,16.459999084472656,16.700000762939453,2513200,0.0,0.0
2024-08-02 00:00:00-04:00,16.3799991607666,16.420000076293945,15.65999984741211,16.059999465942383,2902500,0.0,0.0
2024-08-05 00:00:00-04:00,15.579999923706055,16.889999389648438,15.199999809265137,16.770000457763672,4883500,0.0,0.0
2024-08-06 00:00:00-04:00,16.610000610351562,16.729999542236328,16.06999969482422,16.170000076293945,2669800,0.0,0.0
2024-08-07 00:00:00-04:00,16.3700008392334,16.549999237060547,15.239999771118164,15.359999656677246,3114500,0.0,0.0
2024-08-08 00:00:00-04:00,15.350000381469727,16.1299991607666,15.170000076293945,15.979999542236328,1728500,0.0,0.0
2024-08-09 00:00:00-04:00,15.949999809265137,16.059999465942383,15.4399995803833,15.5,2191200,0.0,0.0
2024-08-12 00:00:00-04:00,12.119999885559082,13.420000076293945,12.100000381469727,13.260000228881836,9836500,0.0,0.0
2024-08-13 00:00:00-04:00,13.319999694824219,13.970000267028809,13.270000457763672,13.770000457763672,3090200,0.0,0.0
2024-08-14 00:00:00-04:00,13.880000114440918,13.880000114440918,13.069999694824219,13.550000190734863,4140300,0.0,0.0
2024-08-15 00:00:00-04:00,13.649999618530273,13.880000114440918,13.380000114440918,13.510000228881836,2321700,0.0,0.0
2024-08-16 00:00:00-04:00,13.5,13.770000457763672,13.1899995803833,13.369999885559082,2654800,0.0,0.0
2024-08-19 00:00:00-04:00,13.369999885559082,13.460000038146973,12.210000038146973,12.220000267028809,4659500,0.0,0.0
2024-08-20 00:00:00-04:00,12.199999809265137,12.300000190734863,11.869999885559082,12.0,3360400,0.0,0.0
2024-08-21 00:00:00-04:00,11.710000038146973,12.119999885559082,11.569999694824219,11.640000343322754,2669500,0.0,0.0
2024-08-22 00:00:00-04:00,11.569999694824219,11.630000114440918,11.029999732971191,11.140000343322754,2906600,0.0,0.0
2024-08-23 00:00:00-04:00,11.460000038146973,11.9399995803833,11.359999656677246,11.640000343322754,3019200,0.0,0.0
2024-08-26 00:00:00-04:00,11.680000305175781,11.75,11.430000305175781,11.4399995803833,1649200,0.0,0.0
2024-08-27 00:00:00-04:00,11.350000381469727,11.390000343322754,10.880000114440918,10.899999618530273,2346100,0.0,0.0
2024-08-28 00:00:00-04:00,10.84000015258789,11.100000381469727,10.829999923706055,10.979999542236328,1765800,0.0,0.0
2024-08-29 00:00:00-04:00,10.949999809265137,11.079999923706055,10.75,10.949999809265137,1869200,0.0,0.0
2024-08-30 00:00:00-04:00,10.960000038146973,10.960000038146973,10.529999732971191,10.729999542236328,2492700,0.0,0.0
2024-09-03 00:00:00-04:00,10.680000305175781,11.890000343322754,10.569999694824219,11.59000015258789,4230300,0.0,0.0
2024-09-04 00:00:00-04:00,11.600000381469727,12.6899995803833,11.600000381469727,12.210000038146973,3872000,0.0,0.0
2024-09-05 00:00:00-04:00,12.329999923706055,12.5,11.119999885559082,11.239999771118164,2457800,0.0,0.0
2024-09-06 00:00:00-04:00,11.229999542236328,11.4399995803833,10.84000015258789,10.859999656677246,1753400,0.0,0.0
2024-09-09 00:00:00-04:00,10.729999542236328,11.050000190734863,10.630000114440918,10.9399995803833,1825200,0.0,0.0
2024-09-10 00:00:00-04:00,10.9399995803833,11.699999809265137,10.800000190734863,11.600000381469727,2067700,0.0,0.0
2024-09-11 00:00:00-04:00,11.460000038146973,11.460000038146973,11.119999885559082,11.279999732971191,1289400,0.0,0.0
2024-09-12 00:00:00-04:00,11.289999961853027,11.420000076293945,11.079999923706055,11.170000076293945,1251500,0.0,0.0
2024-09-13 00:00:00-04:00,11.220000267028809,12.149999618530273,11.220000267028809,11.619999885559082,3158700,0.0,0.0
2024-09-16 00:00:00-04:00,11.5,13.180000305175781,11.399999618530273,12.220000267028809,5064300,0.0,0.0
2024-09-17 00:00:00-04:00,12.25,12.760000228881836,11.920000076293945,12.239999771118164,1980700,0.0,0.0
2024-09-18 00:00:00-04:00,12.270000457763672,12.520000457763672,11.989999771118164,12.0600004196167,1581300,0.0,0.0
2024-09-19 00:00:00-04:00,12.0,12.0,10.819999694824219,10.960000038146973,6331800,0.0,0.0
2024-09-20 00:00:00-04:00,10.90999984741211,11.199999809265137,10.619999885559082,10.970000267028809,4379400,0.0,0.0
2024-09-23 00:00:00-04:00,10.75,11.039999961853027,10.630000114440918,10.899999618530273,2630800,0.0,0.0
2024-09-24 00:00:00-04:00,9.600000381469727,10.210000038146973,9.520000457763672,9.899999618530273,41303200,0.0,0.0
2024-09-25 00:00:00-04:00,9.869999885559082,10.1899995803833,9.84000015258789,9.979999542236328,11159200,0.0,0.0
2024-09-26 00:00:00-04:00,9.970000267028809,10.130000114440918,9.829999923706055,9.850000381469727,14868500,0.0,0.0
2024-09-27 00:00:00-04:00,9.960000038146973,10.140000343322754,9.8100004196167,9.949999809265137,4234900,0.0,0.0
2024-09-30 00:00:00-04:00,9.800000190734863,9.829999923706055,9.539999961853027,9.680000305175781,5039000,0.0,0.0
2024-10-01 00:00:00-04:00,9.6899995803833,9.739999771118164,9.109999656677246,9.119999885559082,6309700,0.0,0.0
2024-10-02 00:00:00-04:00,9.09000015258789,9.25,8.84000015258789,9.25,4439100,0.0,0.0
2024-10-03 00:00:00-04:00,9.25,9.789999961853027,9.020000457763672,9.770000457763672,5243600,0.0,0.0
2024-10-04 00:00:00-04:00,9.670000076293945,9.829999923706055,9.640000343322754,9.760000228881836,3001200,0.0,0.0
2024-10-07 00:00:00-04:00,9.720000267028809,9.899999618530273,9.600000381469727,9.720000267028809,3149100,0.0,0.0
2024-10-08 00:00:00-04:00,9.720000267028809,9.869999885559082,9.579999923706055,9.770000457763672,3069500,0.0,0.0
2024-10-09 00:00:00-04:00,9.770000457763672,9.789999961853027,9.260000228881836,9.529999732971191,4606900,0.0,0.0
2024-10-10 00:00:00-04:00,9.529999732971191,9.859999656677246,9.430000305175781,9.800000190734863,2507900,0.0,0.0
2024-10-11 00:00:00-04:00,9.8100004196167,9.979999542236328,9.710000038146973,9.729999542236328,1870800,0.0,0.0
2024-10-14 00:00:00-04:00,9.729999542236328,10.119999885559082,9.619999885559082,10.100000381469727,2873000,0.0,0.0
2024-10-15 00:00:00-04:00,10.100000381469727,10.489999771118164,10.020000457763672,10.390000343322754,3650200,0.0,0.0
2024-10-16 00:00:00-04:00,10.5600004196167,10.600000381469727,10.300000190734863,10.449999809265137,2952700,0.0,0.0
2024-10-17 00:00:00-04:00,10.380000114440918,10.390000343322754,10.100000381469727,10.229999542236328,2122500,0.0,0.0
2024-10-18 00:00:00-04:00,10.260000228881836,10.260000228881836,9.90999984741211,10.109999656677246,2376600,0.0,0.0
2024-10-21 00:00:00-04:00,10.09000015258789,10.149999618530273,9.779999732971191,9.899999618530273,2524600,0.0,0.0
2024-10-22 00:00:00-04:00,9.850000381469727,10.020000457763672,9.760000228881836,9.880000114440918,2035300,0.0,0.0
2024-10-23 00:00:00-04:00,9.829999923706055,9.829999923706055,9.649999618530273,9.720000267028809,1974900,0.0,0.0
2024-10-24 00:00:00-04:00,9.6899995803833,9.890000343322754,9.630000114440918,9.739999771118164,1581600,0.0,0.0
2024-10-25 00:00:00-04:00,9.829999923706055,9.949999809265137,9.699999809265137,9.75,2507300,0.0,0.0
2024-10-28 00:00:00-04:00,10.130000114440918,10.390000343322754,9.960000038146973,10.069999694824219,5830700,0.0,0.0
2024-10-29 00:00:00-04:00,10.050000190734863,10.180000305175781,9.930000305175781,9.930000305175781,3093400,0.0,0.0
2024-10-30 00:00:00-04:00,9.899999618530273,10.1899995803833,9.850000381469727,10.0,3065900,0.0,0.0
2024-10-31 00:00:00-04:00,10.100000381469727,10.300000190734863,9.979999542236328,10.270000457763672,2945500,0.0,0.0
2024-11-01 00:00:00-04:00,10.359999656677246,10.680000305175781,10.100000381469727,10.220000267028809,3667500,0.0,0.0
2024-11-04 00:00:00-05:00,10.199999809265137,10.5,10.149999618530273,10.380000114440918,3876200,0.0,0.0
2024-11-05 00:00:00-05:00,10.350000381469727,10.920000076293945,10.180000305175781,10.510000228881836,4222800,0.0,0.0
2024-11-06 00:00:00-05:00,10.539999961853027,10.829999923706055,10.380000114440918,10.630000114440918,2901300,0.0,0.0
2024-11-07 00:00:00-05:00,10.770000457763672,10.850000381469727,10.3100004196167,10.579999923706055,3778500,0.0,0.0
2024-11-08 00:00:00-05:00,10.65999984741211,10.779999732971191,10.399999618530273,10.640000343322754,4202700,0.0,0.0
2024-11-11 00:00:00-05:00,10.399999618530273,10.5,9.399999618530273,9.970000267028809,7825100,0.0,0.0
2024-11-12 00:00:00-05:00,9.949999809265137,10.34000015258789,9.899999618530273,10.100000381469727,2641100,0.0,0.0
2024-11-13 00:00:00-05:00,10.109999656677246,10.380000114440918,9.699999809265137,9.699999809265137,3309600,0.0,0.0
2024-11-14 00:00:00-05:00,9.729999542236328,9.899999618530273,9.600000381469727,9.84000015258789,2357400,0.0,0.0
2024-11-15 00:00:00-05:00,10.050000190734863,10.680000305175781,9.850000381469727,10.279999732971191,4450900,0.0,0.0
2024-11-18 00:00:00-05:00,10.3100004196167,10.649999618530273,10.300000190734863,10.630000114440918,2413200,0.0,0.0
2024-11-19 00:00:00-05:00,10.460000038146973,10.59000015258789,10.350000381469727,10.579999923706055,1697800,0.0,0.0
2024-11-20 00:00:00-05:00,10.600000381469727,10.65999984741211,10.359999656677246,10.470000267028809,1898500,0.0,0.0
2024-11-21 00:00:00-05:00,10.460000038146973,10.640000343322754,10.359999656677246,10.5,1781100,0.0,0.0
2024-11-22 00:00:00-05:00,10.600000381469727,10.6899995803833,10.489999771118164,10.609999656677246,1581800,0.0,0.0
2024-11-25 00:00:00-05:00,10.710000038146973,11.010000228881836,10.6899995803833,10.979999542236328,3175800,0.0,0.0
2024-11-26 00:00:00-05:00,10.880000114440918,10.880000114440918,10.359999656677246,10.569999694824219,2340800,0.0,0.0
2024-11-27 00:00:00-05:00,10.699999809265137,10.710000038146973,10.460000038146973,10.529999732971191,2038800,0.0,0.0
2024-11-29 00:00:00-05:00,10.569999694824219,10.59000015258789,10.369999885559082,10.390000343322754,1070300,0.0,0.0
2024-12-02 00:00:00-05:00,10.369999885559082,10.460000038146973,10.199999809265137,10.350000381469727,3097900,0.0,0.0
2024-12-03 00:00:00-05:00,10.300000190734863,10.399999618530273,10.050000190734863,10.180000305175781,2005800,0.0,0.0
2024-12-04 00:00:00-05:00,10.199999809265137,10.399999618530273,10.119999885559082,10.229999542236328,3780400,0.0,0.0
2024-12-05 00:00:00-05:00,10.289999961853027,10.390000343322754,10.15999984741211,10.369999885559082,2270400,0.0,0.0
2024-12-06 00:00:00-05:00,10.380000114440918,10.670000076293945,10.3100004196167,10.65999984741211,1945900,0.0,0.0
2024-12-09 00:00:00-05:00,10.720000267028809,10.890000343322754,10.510000228881836,10.550000190734863,2325400,0.0,0.0
2024-12-10 00:00:00-05:00,10.489999771118164,10.630000114440918,10.3100004196167,10.449999809265137,1863800,0.0,0.0
2024-12-11 00:00:00-05:00,10.5,10.609999656677246,10.199999809265137,10.220000267028809,3513800,0.0,0.0
2024-12-12 00:00:00-05:00,10.220000267028809,10.300000190734863,10.029999732971191,10.069999694824219,2471900,0.0,0.0
2024-12-13 00:00:00-05:00,10.09000015258789,10.210000038146973,9.920000076293945,10.199999809265137,2844400,0.0,0.0
2024-12-16 00:00:00-05:00,10.140000343322754,10.25,10.0,10.210000038146973,3167500,0.0,0.0
2024-12-17 00:00:00-05:00,10.140000343322754,10.289999961853027,10.100000381469727,10.180000305175781,2847800,0.0,0.0
2024-12-18 00:00:00-05:00,10.09000015258789,10.149999618530273,9.619999885559082,9.619999885559082,4852700,0.0,0.0
2024-12-19 00:00:00-05:00,9.760000228881836,9.899999618530273,9.59000015258789,9.699999809265137,3749600,0.0,0.0
2024-12-20 00:00:00-05:00,9.59000015258789,10.149999618530273,9.59000015258789,9.880000114440918,8278200,0.0,0.0
2024-12-23 00:00:00-05:00,9.880000114440918,9.930000305175781,9.710000038146973,9.899999618530273,2105600,0.0,0.0
2024-12-24 00:00:00-05:00,9.869999885559082,10.039999961853027,9.829999923706055,9.859999656677246,987800,0.0,0.0
2024-12-26 00:00:00-05:00,9.850000381469727,9.90999984741211,9.6899995803833,9.90999984741211,2471500,0.0,0.0
2024-12-27 00:00:00-05:00,9.850000381469727,10.029999732971191,9.850000381469727,9.9399995803833,2264100,0.0,0.0
2024-12-30 00:00:00-05:00,9.920000076293945,9.979999542236328,9.699999809265137,9.739999771118164,2668400,0.0,0.0
2024-12-31 00:00:00-05:00,9.779999732971191,10.010000228881836,9.390000343322754,9.729999542236328,5962700,0.0,0.0
2025-01-02 00:00:00-05:00,9.739999771118164,9.880000114440918,9.390000343322754,9.449999809265137,3527000,0.0,0.0
2025-01-03 00:00:00-05:00,9.399999618530273,9.470000267028809,9.210000038146973,9.329999923706055,2817600,0.0,0.0
2025-01-06 00:00:00-05:00,9.319999694824219,9.40999984741211,9.170000076293945,9.180000305175781,2590000,0.0,0.0
2025-01-07 00:00:00-05:00,9.15999984741211,9.260000228881836,9.0,9.079999923706055,3055300,0.0,0.0
2025-01-08 00:00:00-05:00,9.0,9.020000457763672,8.699999809265137,8.90999984741211,3821000,0.0,0.0
2025-01-10 00:00:00-05:00,8.729999542236328,8.770000457763672,8.15999984741211,8.180000305175781,5155700,0.0,0.0
2025-01-13 00:00:00-05:00,8.170000076293945,8.420000076293945,8.140000343322754,8.300000190734863,2738500,0.0,0.0
2025-01-14 00:00:00-05:00,8.34000015258789,8.510000228881836,8.140000343322754,8.390000343322754,3121400,0.0,0.0
2025-01-15 00:00:00-05:00,8.59000015258789,8.979999542236328,8.489999771118164,8.859999656677246,3165100,0.0,0.0
2025-01-16 00:00:00-05:00,8.850000381469727,9.229999542236328,8.649999618530273,9.140000343322754,2808500,0.0,0.0
2025-01-17 00:00:00-05:00,9.229999542236328,9.270000457763672,9.050000190734863,9.140000343322754,2980600,0.0,0.0
2025-01-21 00:00:00-05:00,9.220000267028809,9.640000343322754,9.149999618530273,9.569999694824219,2761900,0.0,0.0
2025-01-22 00:00:00-05:00,9.529999732971191,9.619999885559082,9.15999984741211,9.170000076293945,2804800,0.0,0.0
2025-01-23 00:00:00-05:00,9.1899995803833,9.319999694824219,9.029999732971191,9.09000015258789,2281300,0.0,0.0
2025-01-24 00:00:00-05:00,9.0600004196167,9.109999656677246,8.829999923706055,8.9399995803833,2631500,0.0,0.0
2025-01-27 00:00:00-05:00,9.0,9.09000015258789,8.84000015258789,8.989999771118164,2625700,0.0,0.0
2025-01-28 00:00:00-05:00,8.949999809265137,9.09000015258789,8.800000190734863,8.970000267028809,1847200,0.0,0.0
2025-01-29 00:00:00-05:00,8.949999809265137,9.020000457763672,8.75,8.8100004196167,2435200,0.0,0.0
2025-01-30 00:00:00-05:00,8.869999885559082,9.1899995803833,8.819999694824219,9.0600004196167,2221700,0.0,0.0
2025-01-31 00:00:00-05:00,9.119999885559082,9.229999542236328,9.010000228881836,9.140000343322754,2062600,0.0,0.0
2025-02-03 00:00:00-05:00,9.050000190734863,9.380000114440918,8.930000305175781,9.329999923706055,2655700,0.0,0.0
2025-02-04 00:00:00-05:00,9.270000457763672,9.520000457763672,9.15999984741211,9.479999542236328,2310200,0.0,0.0
2025-02-05 00:00:00-05:00,9.5600004196167,9.630000114440918,9.369999885559082,9.489999771118164,1622200,0.0,0.0
2025-02-06 00:00:00-05:00,9.510000228881836,9.699999809265137,9.289999961853027,9.479999542236328,2029000,0.0,0.0
2025-02-07 00:00:00-05:00,9.350000381469727,9.420000076293945,9.239999771118164,9.34000015258789,1532400,0.0,0.0
2025-02-10 00:00:00-05:00,9.359999656677246,10.550000190734863,9.34000015258789,10.079999923706055,8084200,0.0,0.0
2025-02-11 00:00:00-05:00,10.380000114440918,10.380000114440918,9.800000190734863,10.09000015258789,4252500,0.0,0.0
2025-02-12 00:00:00-05:00,9.890000343322754,10.859999656677246,9.880000114440918,10.850000381469727,6385100,0.0,0.0
2025-02-13 00:00:00-05:00,10.850000381469727,10.899999618530273,10.229999542236328,10.350000381469727,5104700,0.0,0.0
2025-02-14 00:00:00-05:00,10.350000381469727,10.59000015258789,10.119999885559082,10.15999984741211,2689300,0.0,0.0
2025-02-18 00:00:00-05:00,10.140000343322754,10.680000305175781,10.079999923706055,10.680000305175781,3370000,0.0,0.0
2025-02-19 00:00:00-05:00,10.600000381469727,10.899999618530273,10.470000267028809,10.84000015258789,4589400,0.0,0.0
2025-02-20 00:00:00-05:00,10.819999694824219,11.0,10.779999732971191,10.970000267028809,2448500,0.0,0.0
2025-02-21 00:00:00-05:00,11.109999656677246,11.109999656677246,10.670000076293945,10.760000228881836,2962900,0.0,0.0
2025-02-24 00:00:00-05:00,10.430000305175781,11.069999694824219,10.130000114440918,11.0,5390700,0.0,0.0
2025-02-25 00:00:00-05:00,11.050000190734863,11.170000076293945,10.600000381469727,10.819999694824219,3163600,0.0,0.0
2025-02-26 00:00:00-05:00,10.829999923706055,11.140000343322754,10.640000343322754,10.779999732971191,3291800,0.0,0.0
2025-02-27 00:00:00-05:00,10.670000076293945,10.739999771118164,10.369999885559082,10.710000038146973,3172700,0.0,0.0
2025-02-28 00:00:00-05:00,10.65999984741211,10.979999542236328,10.640000343322754,10.949999809265137,3670000,0.0,0.0
2025-03-03 00:00:00-05:00,11.0,11.300000190734863,10.760000228881836,10.859999656677246,4465900,0.0,0.0
2025-03-04 00:00:00-05:00,10.859999656677246,10.859999656677246,10.460000038146973,10.470000267028809,2690000,0.0,0.0
2025-03-05 00:00:00-05:00,10.5,10.640000343322754,10.270000457763672,10.460000038146973,2585500,0.0,0.0
2025-03-06 00:00:00-05:00,10.390000343322754,10.59000015258789,10.25,10.399999618530273,2277700,0.0,0.0
2025-03-07 00:00:00-05:00,11.0,11.989999771118164,10.899999618530273,11.460000038146973,7962200,0.0,0.0
2025-03-10 00:00:00-04:00,11.4399995803833,11.579999923706055,11.050000190734863,11.25,3143500,0.0,0.0
2025-03-11 00:00:00-04:00,11.25,11.3100004196167,10.930000305175781,11.170000076293945,2556000,0.0,0.0
2025-03-12 00:00:00-04:00,11.069999694824219,11.199999809265137,10.720000267028809,10.899999618530273,2575400,0.0,0.0
2025-03-13 00:00:00-04:00,11.0,11.199999809265137,10.789999961853027,10.899999618530273,1804500,0.0,0.0
2025-03-14 00:00:00-04:00,10.899999618530273,11.260000228881836,10.819999694824219,11.239999771118164,1839400,0.0,0.0
2025-03-17 00:00:00-04:00,11.25,11.449999809265137,11.140000343322754,11.15999984741211,1935200,0.0,0.0
2025-03-18 00:00:00-04:00,11.109999656677246,11.3100004196167,10.979999542236328,11.010000228881836,1734100,0.0,0.0
2025-03-19 00:00:00-04:00,10.949999809265137,11.050000190734863,10.8100004196167,10.970000267028809,1839700,0.0,0.0
2025-03-20 00:00:00-04:00,10.949999809265137,11.369999885559082,10.949999809265137,11.079999923706055,1940700,0.0,0.0
2025-03-21 00:00:00-04:00,10.9399995803833,11.180000305175781,10.880000114440918,10.949999809265137,3593800,0.0,0.0
2025-03-24 00:00:00-04:00,11.029999732971191,11.289999961853027,10.949999809265137,11.109999656677246,2036800,0.0,0.0
2025-03-25 00:00:00-04:00,11.100000381469727,11.1899995803833,10.779999732971191,10.829999923706055,2357000,0.0,0.0
2025-03-26 00:00:00-04:00,10.800000190734863,11.039999961853027,10.779999732971191,10.930000305175781,1350700,0.0,0.0
2025-03-27 00:00:00-04:00,10.960000038146973,11.1899995803833,10.930000305175781,11.170000076293945,1669700,0.0,0.0
2025-03-28 00:00:00-04:00,11.199999809265137,11.539999961853027,10.970000267028809,11.119999885559082,3360600,0.0,0.0
2025-03-31 00:00:00-04:00,11.0,11.119999885559082,10.8100004196167,10.949999809265137,2365100,0.0,0.0
2025-04-01 00:00:00-04:00,10.970000267028809,11.109999656677246,10.789999961853027,10.960000038146973,1776700,0.0,0.0
2025-04-02 00:00:00-04:00,10.899999618530273,11.010000228881836,10.829999923706055,10.920000076293945,1912300,0.0,0.0
2025-04-03 00:00:00-04:00,10.859999656677246,10.899999618530273,10.380000114440918,10.380000114440918,2412100,0.0,0.0
2025-04-04 00:00:00-04:00,10.199999809265137,10.25,9.720000267028809,9.970000267028809,2843300,0.0,0.0
2025-04-07 00:00:00-04:00,9.569999694824219,10.229999542236328,9.289999961853027,9.720000267028809,3240500,0.0,0.0
2025-04-08 00:00:00-04:00,9.880000114440918,9.949999809265137,9.229999542236328,9.359999656677246,3378900,0.0,0.0
2025-04-09 00:00:00-04:00,9.210000038146973,9.949999809265137,9.0600004196167,9.770000457763672,3153700,0.0,0.0
2025-04-10 00:00:00-04:00,9.539999961853027,9.600000381469727,9.15999984741211,9.430000305175781,3183800,0.0,0.0
2025-04-11 00:00:00-04:00,9.420000076293945,9.720000267028809,9.270000457763672,9.670000076293945,1540700,0.0,0.0
2025-04-14 00:00:00-04:00,9.770000457763672,10.079999923706055,9.729999542236328,10.050000190734863,1902000,0.0,0.0
2025-04-15 00:00:00-04:00,10.029999732971191,10.520000457763672,9.9399995803833,10.380000114440918,2558500,0.0,0.0
2025-04-16 00:00:00-04:00,10.420000076293945,10.479999542236328,10.270000457763672,10.350000381469727,1685500,0.0,0.0
2025-04-17 00:00:00-04:00,10.3100004196167,10.649999618530273,10.279999732971191,10.449999809265137,1821900,0.0,0.0
2025-04-21 00:00:00-04:00,10.34000015258789,10.5,10.140000343322754,10.25,1261800,0.0,0.0
2025-04-22 00:00:00-04:00,10.369999885559082,10.5600004196167,10.260000228881836,10.460000038146973,1217300,0.0,0.0
2025-04-23 00:00:00-04:00,10.5600004196167,10.640000343322754,10.229999542236328,10.3100004196167,1281800,0.0,0.0
2025-04-24 00:00:00-04:00,10.329999923706055,10.4399995803833,10.260000228881836,10.359999656677246,1071700,0.0,0.0
2025-04-25 00:00:00-04:00,10.34000015258789,10.34000015258789,10.029999732971191,10.0600004196167,1634400,0.0,0.0
2025-04-28 00:00:00-04:00,10.0600004196167,10.210000038146973,10.029999732971191,10.210000038146973,1356200,0.0,0.0
2025-04-29 00:00:00-04:00,10.199999809265137,10.520000457763672,10.15999984741211,10.5,1453100,0.0,0.0
2025-04-30 00:00:00-04:00,10.319999694824219,10.550000190734863,10.079999923706055,10.5,1952400,0.0,0.0
2025-05-01 00:00:00-04:00,10.4399995803833,10.579999923706055,10.1899995803833,10.229999542236328,1954400,0.0,0.0
2025-05-02 00:00:00-04:00,10.25,10.3100004196167,10.140000343322754,10.210000038146973,1317600,0.0,0.0
2025-05-05 00:00:00-04:00,10.199999809265137,10.550000190734863,10.170000076293945,10.34000015258789,1545100,0.0,0.0
2025-05-06 00:00:00-04:00,10.300000190734863,10.479999542236328,10.260000228881836,10.34000015258789,1340000,0.0,0.0
2025-05-07 00:00:00-04:00,10.399999618530273,10.520000457763672,10.3100004196167,10.390000343322754,1356700,0.0,0.0
2025-05-08 00:00:00-04:00,10.470000267028809,10.529999732971191,10.319999694824219,10.420000076293945,1737300,0.0,0.0
2025-05-09 00:00:00-04:00,10.369999885559082,10.579999923706055,10.300000190734863,10.489999771118164,1961500,0.0,0.0
2025-05-12 00:00:00-04:00,10.6899995803833,11.039999961853027,10.520000457763672,10.6899995803833,3129500,0.0,0.0
2025-05-13 00:00:00-04:00,10.779999732971191,10.989999771118164,10.680000305175781,10.930000305175781,1836200,0.0,0.0
2025-05-14 00:00:00-04:00,10.869999885559082,10.920000076293945,10.319999694824219,10.329999923706055,3434700,0.0,0.0
2025-05-15 00:00:00-04:00,10.329999923706055,10.640000343322754,10.140000343322754,10.59000015258789,2504900,0.0,0.0
2025-05-16 00:00:00-04:00,10.539999961853027,10.649999618530273,10.479999542236328,10.619999885559082,2321300,0.0,0.0
2025-05-19 00:00:00-04:00,10.539999961853027,10.720000267028809,10.539999961853027,10.6899995803833,1384100,0.0,0.0
2025-05-20 00:00:00-04:00,10.680000305175781,10.829999923706055,10.630000114440918,10.819999694824219,1332100,0.0,0.0
2025-05-21 00:00:00-04:00,10.670000076293945,10.779999732971191,10.529999732971191,10.59000015258789,1324300,0.0,0.0
2025-05-22 00:00:00-04:00,10.529999732971191,10.609999656677246,10.460000038146973,10.550000190734863,1335000,0.0,0.0
2025-05-23 00:00:00-04:00,10.520000457763672,10.65999984741211,10.479999542236328,10.609999656677246,1048100,0.0,0.0
2025-05-27 00:00:00-04:00,10.789999961853027,11.020000457763672,10.619999885559082,10.869999885559082,1739700,0.0,0.0
2025-05-28 00:00:00-04:00,10.850000381469727,11.149999618530273,10.729999542236328,10.760000228881836,2143700,0.0,0.0
2025-05-29 00:00:00-04:00,10.75,10.970000267028809,10.699999809265137,10.869999885559082,1440300,0.0,0.0
2025-05-30 00:00:00-04:00,10.8100004196167,10.819999694824219,10.630000114440918,10.680000305175781,2076200,0.0,0.0
2025-06-02 00:00:00-04:00,10.619999885559082,10.800000190734863,10.569999694824219,10.729999542236328,1438300,0.0,0.0
2025-06-03 00:00:00-04:00,10.75,10.800000190734863,10.65999984741211,10.75,1332900,0.0,0.0
2025-06-04 00:00:00-04:00,10.710000038146973,10.720000267028809,10.149999618530273,10.199999809265137,3041000,0.0,0.0
2025-06-05 00:00:00-04:00,10.260000228881836,10.5600004196167,10.220000267028809,10.470000267028809,2159900,0.0,0.0
2025-06-06 00:00:00-04:00,10.5600004196167,10.5600004196167,10.40999984741211,10.460000038146973,1194000,0.0,0.0
2025-06-09 00:00:00-04:00,10.449999809265137,10.569999694824219,10.40999984741211,10.420000076293945,1263500,0.0,0.0
2025-06-10 00:00:00-04:00,10.460000038146973,10.59000015258789,10.40999984741211,10.59000015258789,1229500,0.0,0.0
2025-06-11 00:00:00-04:00,10.640000343322754,10.8100004196167,10.539999961853027,10.779999732971191,1600100,0.0,0.0
2025-06-12 00:00:00-04:00,10.640000343322754,10.789999961853027,10.600000381469727,10.670000076293945,942700,0.0,0.0
2025-06-13 00:00:00-04:00,10.579999923706055,10.670000076293945,10.460000038146973,10.489999771118164,1080400,0.0,0.0
2025-06-16 00:00:00-04:00,10.600000381469727,10.600000381469727,10.3100004196167,10.359999656677246,1326400,0.0,0.0
2025-06-17 00:00:00-04:00,10.279999732971191,10.420000076293945,10.239999771118164,10.25,1376800,0.0,0.0
2025-06-18 00:00:00-04:00,10.25,10.359999656677246,10.199999809265137,10.34000015258789,1255800,0.0,0.0
2025-06-20 00:00:00-04:00,10.380000114440918,10.4399995803833,10.300000190734863,10.380000114440918,1872500,0.0,0.0
2025-06-23 00:00:00-04:00,10.369999885559082,10.789999961853027,10.369999885559082,10.789999961853027,2214300,0.0,0.0
2025-06-24 00:00:00-04:00,10.8100004196167,11.0600004196167,10.739999771118164,10.800000190734863,1752200,0.0,0.0
2025-06-25 00:00:00-04:00,10.729999542236328,10.779999732971191,10.399999618530273,10.4399995803833,1937800,0.0,0.0
2025-06-26 00:00:00-04:00,10.5,10.550000190734863,10.380000114440918,10.529999732971191,1310600,0.0,0.0
2025-06-27 00:00:00-04:00,10.510000228881836,10.789999961853027,10.489999771118164,10.649999618530273,3401300,0.0,0.0
2025-06-30 00:00:00-04:00,10.609999656677246,10.829999923706055,10.529999732971191,10.630000114440918,2155400,0.0,0.0
2025-07-01 00:00:00-04:00,10.600000381469727,11.199999809265137,10.520000457763672,11.170000076293945,3712300,0.0,0.0
2025-07-02 00:00:00-04:00,11.170000076293945,11.229999542236328,10.779999732971191,10.800000190734863,2483800,0.0,0.0
2025-07-03 00:00:00-04:00,10.90999984741211,11.029999732971191,10.869999885559082,10.979999542236328,1130200,0.0,0.0
2025-07-07 00:00:00-04:00,10.90999984741211,11.0600004196167,10.720000267028809,10.760000228881836,1613500,0.0,0.0
2025-07-08 00:00:00-04:00,10.760000228881836,11.0,10.680000305175781,10.8100004196167,1738900,0.0,0.0
2025-07-09 00:00:00-04:00,10.800000190734863,10.829999923706055,10.649999618530273,10.720000267028809,1394300,0.0,0.0
2025-07-10 00:00:00-04:00,10.640000343322754,10.850000381469727,10.550000190734863,10.649999618530273,1981500,0.0,0.0
2025-07-11 00:00:00-04:00,10.600000381469727,10.680000305175781,10.489999771118164,10.569999694824219,1633700,0.0,0.0
2025-07-14 00:00:00-04:00,10.550000190734863,10.800000190734863,10.529999732971191,10.619999885559082,1268500,0.0,0.0
2025-07-15 00:00:00-04:00,10.640000343322754,10.760000228881836,10.449999809265137,10.460000038146973,1445600,0.0,0.0
2025-07-16 00:00:00-04:00,10.569999694824219,10.75,10.479999542236328,10.6899995803833,1944400,0.0,0.0
2025-07-17 00:00:00-04:00,10.670000076293945,10.779999732971191,10.600000381469727,10.65999984741211,1315000,0.0,0.0
2025-07-18 00:00:00-04:00,10.710000038146973,10.8100004196167,10.539999961853027,10.739999771118164,1664600,0.0,0.0
2025-07-21 00:00:00-04:00,10.789999961853027,11.109999656677246,10.75,10.899999618530273,1972400,0.0,0.0
2025-07-22 00:00:00-04:00,10.9399995803833,11.079999923706055,10.819999694824219,10.819999694824219,1873900,0.0,0.0
2025-07-23 00:00:00-04:00,10.930000305175781,10.979999542236328,10.800000190734863,10.859999656677246,1121900,0.0,0.0
2025-07-24 00:00:00-04:00,10.770000457763672,10.850000381469727,10.6899995803833,10.779999732971191,1562900,0.0,0.0
2025-07-25 00:00:00-04:00,10.800000190734863,10.880000114440918,10.739999771118164,10.850000381469727,1348400,0.0,0.0
2025-07-28 00:00:00-04:00,10.8100004196167,10.8100004196167,10.65999984741211,10.6899995803833,1243400,0.0,0.0
2025-07-29 00:00:00-04:00,10.720000267028809,10.770000457763672,10.569999694824219,10.739999771118164,1336900,0.0,0.0
2025-07-30 00:00:00-04:00,10.819999694824219,10.989999771118164,10.770000457763672,10.829999923706055,1563900,0.0,0.0
2025-07-31 00:00:00-04:00,10.819999694824219,10.819999694824219,10.65999984741211,10.720000267028809,1944000,0.0,0.0
2025-08-01 00:00:00-04:00,10.739999771118164,10.8100004196167,10.640000343322754,10.729999542236328,1383400,0.0,0.0
2025-08-04 00:00:00-04:00,10.760000228881836,10.949999809265137,10.75,10.920000076293945,1356500,0.0,0.0
2025-08-05 00:00:00-04:00,10.920000076293945,11.119999885559082,10.869999885559082,11.079999923706055,2852500,0.0,0.0
2025-08-06 00:00:00-04:00,11.100000381469727,11.140000343322754,11.0,11.050000190734863,1264500,0.0,0.0
2025-08-07 00:00:00-04:00,11.100000381469727,11.229999542236328,11.0,11.039999961853027,1494400,0.0,0.0
2025-08-08 00:00:00-04:00,11.069999694824219,11.15999984741211,10.600000381469727,10.789999961853027,3012400,0.0,0.0
2025-08-11 00:00:00-04:00,10.869999885559082,11.369999885559082,10.770000457763672,11.170000076293945,2807200,0.0,0.0
2025-08-12 00:00:00-04:00,11.34000015258789,11.489999771118164,11.229999542236328,11.479999542236328,2428200,0.0,0.0
2025-08-13 00:00:00-04:00,11.5,11.5600004196167,11.329999923706055,11.399999618530273,1875000,0.0,0.0
2025-08-14 00:00:00-04:00,11.359999656677246,11.479999542236328,11.270000457763672,11.369999885559082,1375900,0.0,0.0
2025-08-15 00:00:00-04:00,11.359999656677246,11.449999809265137,11.199999809265137,11.399999618530273,2102000,0.0,0.0
2025-08-18 00:00:00-04:00,11.430000305175781,11.489999771118164,11.329999923706055,11.449999809265137,1635000,0.0,0.0
2025-08-19 00:00:00-04:00,11.449999809265137,11.5600004196167,11.390000343322754,11.449999809265137,1199000,0.0,0.0
2025-08-20 00:00:00-04:00,11.520000457763672,11.729999542236328,11.489999771118164,11.6899995803833,2029500,0.0,0.0
2025-08-21 00:00:00-04:00,11.65999984741211,11.739999771118164,11.569999694824219,11.640000343322754,1608600,0.0,0.0
2025-08-22 00:00:00-04:00,11.75,12.229999542236328,11.720000267028809,12.199999809265137,2886200,0.0,0.0
2025-08-25 00:00:00-04:00,12.149999618530273,12.449999809265137,12.119999885559082,12.270000457763672,1939600,0.0,0.0
2025-08-26 00:00:00-04:00,12.25,12.369999885559082,12.15999984741211,12.199999809265137,2168400,0.0,0.0
2025-08-27 00:00:00-04:00,12.199999809265137,12.649999618530273,12.199999809265137,12.609999656677246,2146200,0.0,0.0
2025-08-28 00:00:00-04:00,12.680000305175781,12.899999618530273,12.520000457763672,12.890000343322754,3152700,0.0,0.0
2025-08-29 00:00:00-04:00,12.9399995803833,13.40999984741211,12.869999885559082,12.960000038146973,4753100,0.0,0.0
2025-09-02 00:00:00-04:00,12.819999694824219,12.84000015258789,12.079999923706055,12.260000228881836,4130300,0.0,0.0
2025-09-03 00:00:00-04:00,12.25,12.510000228881836,12.229999542236328,12.430000305175781,2246300,0.0,0.0
2025-09-04 00:00:00-04:00,12.5,12.5,12.270000457763672,12.369999885559082,1649900,0.0,0.0
2025-09-05 00:00:00-04:00,12.390000343322754,12.4399995803833,12.220000267028809,12.3100004196167,1427100,0.0,0.0
2025-09-08 00:00:00-04:00,12.300000190734863,12.34000015258789,11.84000015258789,11.880000114440918,2524000,0.0,0.0
2025-09-09 00:00:00-04:00,11.829999923706055,12.109999656677246,11.739999771118164,11.850000381469727,1964500,0.0,0.0
2025-09-10 00:00:00-04:00,11.800000190734863,12.069999694824219,11.800000190734863,12.029999732971191,1827800,0.0,0.0
2025-09-11 00:00:00-04:00,12.039999961853027,12.199999809265137,12.029999732971191,12.140000343322754,1145300,0.0,0.0
2025-09-12 00:00:00-04:00,12.119999885559082,12.149999618530273,12.010000228881836,12.100000381469727,1117000,0.0,0.0
2025-09-15 00:00:00-04:00,12.170000076293945,12.210000038146973,12.079999923706055,12.180000305175781,1247300,0.0,0.0
2025-09-16 00:00:00-04:00,12.199999809265137,12.229999542236328,12.0600004196167,12.09000015258789,1292500,0.0,0.0
2025-09-17 00:00:00-04:00,12.180000305175781,12.300000190734863,12.069999694824219,12.119999885559082,2061200,0.0,0.0
2025-09-18 00:00:00-04:00,12.109999656677246,12.25,12.039999961853027,12.180000305175781,1494500,0.0,0.0
2025-09-19 00:00:00-04:00,12.229999542236328,12.239999771118164,11.779999732971191,11.8100004196167,2916200,0.0,0.0
2025-09-22 00:00:00-04:00,11.819999694824219,11.819999694824219,11.5,11.520000457763672,2173900,0.0,0.0
2025-09-23 00:00:00-04:00,11.489999771118164,11.640000343322754,11.390000343322754,11.489999771118164,1688700,0.0,0.0
2025-09-24 00:00:00-04:00,11.420000076293945,11.470000267028809,11.3100004196167,11.34000015258789,1345900,0.0,0.0
2025-09-25 00:00:00-04:00,11.300000190734863,11.359999656677246,11.09000015258789,11.130000114440918,1339400,0.0,0.0
2025-09-26 00:00:00-04:00,11.1899995803833,11.260000228881836,11.119999885559082,11.15999984741211,1363600,0.0,0.0
2025-09-29 00:00:00-04:00,11.170000076293945,11.1899995803833,11.020000457763672,11.050000190734863,1561000,0.0,0.0
2025-09-30 00:00:00-04:00,11.0600004196167,11.140000343322754,10.979999542236328,11.039999961853027,2334700,0.0,0.0
2025-10-01 00:00:00-04:00,11.069999694824219,11.260000228881836,11.0,11.020000457763672,2357000,0.0,0.0
2025-10-02 00:00:00-04:00,11.010000228881836,11.130000114440918,10.920000076293945,11.109999656677246,1775900,0.0,0.0
2025-10-03 00:00:00-04:00,11.1899995803833,11.270000457763672,11.130000114440918,11.15999984741211,1046600,0.0,0.0
2025-10-06 00:00:00-04:00,11.1899995803833,11.300000190734863,11.140000343322754,11.239999771118164,1458600,0.0,0.0
2025-10-07 00:00:00-04:00,11.300000190734863,11.460000038146973,11.229999542236328,11.319999694824219,1812900,0.0,0.0
2025-10-08 00:00:00-04:00,11.420000076293945,11.420000076293945,11.069999694824219,11.100000381469727,1777200,0.0,0.0
2025-10-09 00:00:00-04:00,11.130000114440918,11.239999771118164,11.0,11.029999732971191,1392800,0.0,0.0
2025-10-10 00:00:00-04:00,11.0600004196167,11.119999885559082,10.789999961853027,10.890000343322754,1797100,0.0,0.0
2025-10-13 00:00:00-04:00,10.920000076293945,11.079999923706055,10.899999618530273,11.010000228881836,1245400,0.0,0.0
2025-10-14 00:00:00-04:00,11.0,11.260000228881836,10.949999809265137,11.239999771118164,1532800,0.0,0.0
2025-10-15 00:00:00-04:00,11.229999542236328,11.460000038146973,11.199999809265137,11.300000190734863,1271300,0.0,0.0
2025-10-16 00:00:00-04:00,11.34000015258789,11.4399995803833,11.1899995803833,11.270000457763672,1433000,0.0,0.0
2025-10-17 00:00:00-04:00,11.199999809265137,11.319999694824219,11.140000343322754,11.279999732971191,1260000,0.0,0.0
2025-10-20 00:00:00-04:00,11.319999694824219,11.960000038146973,11.300000190734863,11.9399995803833,1699600,0.0,0.0
2025-10-21 00:00:00-04:00,11.90999984741211,11.930000305175781,11.710000038146973,11.84000015258789,1485600,0.0,0.0
2025-10-22 00:00:00-04:00,11.84000015258789,11.890000343322754,11.649999618530273,11.800000190734863,1396800,0.0,0.0
2025-10-23 00:00:00-04:00,11.859999656677246,11.859999656677246,11.609999656677246,11.649999618530273,1533000,0.0,0.0
2025-10-24 00:00:00-04:00,11.75,11.890000343322754,11.630000114440918,11.859999656677246,1225500,0.0,0.0
2025-10-27 00:00:00-04:00,11.859999656677246,12.0600004196167,11.850000381469727,12.039999961853027,1473700,0.0,0.0
2025-10-28 00:00:00-04:00,12.100000381469727,12.149999618530273,11.859999656677246,11.960000038146973,1625000,0.0,0.0
2025-10-29 00:00:00-04:00,11.899999618530273,12.09000015258789,11.460000038146973,11.550000190734863,1857300,0.0,0.0
2025-10-30 00:00:00-04:00,11.5600004196167,11.65999984741211,11.5,11.579999923706055,1268200,0.0,0.0
2025-10-31 00:00:00-04:00,11.5,11.710000038146973,11.40999984741211,11.619999885559082,2090900,0.0,0.0
2025-11-03 00:00:00-05:00,11.569999694824219,11.619999885559082,11.329999923706055,11.569999694824219,1684600,0.0,0.0
2025-11-04 00:00:00-05:00,11.449999809265137,11.640000343322754,11.4399995803833,11.600000381469727,1708800,0.0,0.0
2025-11-05 00:00:00-05:00,11.65999984741211,11.770000457763672,11.59000015258789,11.619999885559082,1704500,0.0,0.0
2025-11-06 00:00:00-05:00,11.600000381469727,11.770000457763672,11.59000015258789,11.59000015258789,1414300,0.0,0.0
2025-11-07 00:00:00-05:00,11.550000190734863,11.619999885559082,11.390000343322754,11.569999694824219,2087500,0.0,0.0
2025-11-10 00:00:00-05:00,11.470000267028809,11.520000457763672,10.819999694824219,11.199999809265137,3342800,0.0,0.0
2025-11-11 00:00:00-05:00,11.270000457763672,11.59000015258789,11.170000076293945,11.489999771118164,2099200,0.0,0.0
2025-11-12 00:00:00-05:00,11.390000343322754,11.609999656677246,11.34000015258789,11.5600004196167,1306600,0.0,0.0
2025-11-13 00:00:00-05:00,11.5600004196167,11.699999809265137,11.529999732971191,11.649999618530273,1612100,0.0,0.0
2025-11-14 00:00:00-05:00,11.550000190734863,11.649999618530273,11.319999694824219,11.649999618530273,1531700,0.0,0.0
2025-11-17 00:00:00-05:00,11.699999809265137,11.779999732971191,11.510000228881836,11.670000076293945,1539000,0.0,0.0
2025-11-18 00:00:00-05:00,11.640000343322754,11.699999809265137,11.359999656677246,11.399999618530273,1261300,0.0,0.0
2025-11-19 00:00:00-05:00,11.40999984741211,11.449999809265137,11.09000015258789,11.15999984741211,1783800,0.0,0.0
2025-11-20 00:00:00-05:00,11.239999771118164,11.5,11.229999542236328,11.369999885559082,2264400,0.0,0.0
2025-11-21 00:00:00-05:00,11.4399995803833,11.649999618530273,11.300000190734863,11.520000457763672,1490500,0.0,0.0
2025-11-24 00:00:00-05:00,11.520000457763672,11.550000190734863,11.420000076293945,11.479999542236328,1811100,0.0,0.0
2025-11-25 00:00:00-05:00,11.529999732971191,11.880000114440918,11.520000457763672,11.729999542236328,4016400,0.0,0.0
2025-11-26 00:00:00-05:00,11.710000038146973,11.819999694824219,11.6899995803833,11.789999961853027,3313100,0.0,0.0
2025-11-28 00:00:00-05:00,11.869999885559082,11.90999984741211,11.729999542236328,11.760000228881836,839900,0.0,0.0
2025-12-01 00:00:00-05:00,11.649999618530273,11.739999771118164,11.300000190734863,11.319999694824219,1575000,0.0,0.0
2025-12-02 00:00:00-05:00,11.390000343322754,11.390000343322754,11.149999618530273,11.149999618530273,2399400,0.0,0.0
2025-12-03 00:00:00-05:00,11.119999885559082,11.199999809265137,10.989999771118164,11.170000076293945,1500700,0.0,0.0
2025-12-04 00:00:00-05:00,11.069999694824219,11.800000190734863,11.069999694824219,11.279999732971191,4607600,0.0,0.0
2025-12-05 00:00:00-05:00,11.220000267028809,11.350000381469727,11.15999984741211,11.25,1652100,0.0,0.0
2025-12-08 00:00:00-05:00,11.949999809265137,12.6899995803833,11.75,11.899999618530273,13293900,0.0,0.0
2025-12-09 00:00:00-05:00,11.960000038146973,12.210000038146973,11.649999618530273,12.0,5906900,0.0,0.0
2025-12-10 00:00:00-05:00,11.979999542236328,12.119999885559082,11.770000457763672,12.0,5760800,0.0,0.0
2025-12-11 00:00:00-05:00,12.020000457763672,12.079999923706055,11.579999923706055,11.649999618530273,4196500,0.0,0.0
2025-12-12 00:00:00-05:00,11.680000305175781,11.8100004196167,11.5600004196167,11.630000114440918,2915500,0.0,0.0
2025-12-15 00:00:00-05:00,11.6899995803833,11.979999542236328,11.600000381469727,11.880000114440918,4348600,0.0,0.0
2025-12-16 00:00:00-05:00,11.890000343322754,11.920000076293945,11.760000228881836,11.8100004196167,2828500,0.0,0.0
2025-12-17 00:00:00-05:00,11.779999732971191,12.0,11.710000038146973,11.970000267028809,3094100,0.0,0.0
2025-12-18 00:00:00-05:00,12.020000457763672,12.289999961853027,11.949999809265137,12.180000305175781,4927700,0.0,0.0
2025-12-19 00:00:00-05:00,12.119999885559082,12.149999618530273,11.40999984741211,11.420000076293945,34134200,0.0,0.0
2025-12-22 00:00:00-05:00,11.449999809265137,11.760000228881836,11.220000267028809,11.75,5993900,0.0,0.0
2025-12-23 00:00:00-05:00,11.680000305175781,11.84000015258789,11.5600004196167,11.739999771118164,4057400,0.0,0.0
2025-12-24 00:00:00-05:00,11.739999771118164,11.979999542236328,11.670000076293945,11.90999984741211,2289400,0.0,0.0
2025-12-26 00:00:00-05:00,11.899999618530273,12.1899995803833,11.800000190734863,12.119999885559082,3680500,0.0,0.0
2025-12-29 00:00:00-05:00,12.180000305175781,12.729999542236328,12.149999618530273,12.510000228881836,4444400,0.0,0.0
2025-12-30 00:00:00-05:00,12.5,12.6899995803833,12.420000076293945,12.609999656677246,3004900,0.0,0.0
2025-12-31 00:00:00-05:00,12.619999885559082,12.649999618530273,12.270000457763672,12.300000190734863,4970200,0.0,0.0
2026-01-02 00:00:00-05:00,12.380000114440918,12.630000114440918,12.210000038146973,12.630000114440918,2378800,0.0,0.0
2026-01-05 00:00:00-05:00,12.569999694824219,12.6899995803833,12.300000190734863,12.670000076293945,3577700,0.0,0.0
2026-01-06 00:00:00-05:00,12.6899995803833,13.75,12.670000076293945,13.729999542236328,6212900,0.0,0.0
2026-01-07 00:00:00-05:00,13.760000228881836,13.90999984741211,13.359999656677246,13.390000343322754,2750500,0.0,0.0
2026-01-08 00:00:00-05:00,13.329999923706055,13.779999732971191,13.270000457763672,13.65999984741211,3439500,0.0,0.0
2026-01-09 00:00:00-05:00,13.65999984741211,15.050000190734863,13.640000343322754,14.770000457763672,5306500,0.0,0.0
2026-01-12 00:00:00-05:00,14.720000267028809,14.9399995803833,14.140000343322754,14.3100004196167,4127400,0.0,0.0
2026-01-13 00:00:00-05:00,14.4399995803833,14.600000381469727,13.6899995803833,13.770000457763672,3004100,0.0,0.0
2026-01-14 00:00:00-05:00,13.789999961853027,14.170000076293945,13.6899995803833,14.029999732971191,4217100,0.0,0.0
2026-01-15 00:00:00-05:00,14.039999961853027,14.5,14.039999961853027,14.279999732971191,3854700,0.0,0.0
2026-01-16 00:00:00-05:00,14.260000228881836,14.720000267028809,14.0,14.449999809265137,3228300,0.0,0.0
2026-01-20 00:00:00-05:00,13.979999542236328,14.449999809265137,13.739999771118164,14.09000015258789,3204300,0.0,0.0
2026-01-21 00:00:00-05:00,14.15999984741211,14.829999923706055,14.15999984741211,14.720000267028809,3224600,0.0,0.0
2026-01-22 00:00:00-05:00,14.720000267028809,15.260000228881836,14.529999732971191,15.029999732971191,4515100,0.0,0.0
2026-01-23 00:00:00-05:00,14.920000076293945,15.140000343322754,14.670000076293945,14.739999771118164,3826600,0.0,0.0
2026-01-26 00:00:00-05:00,15.069999694824219,15.670000076293945,14.899999618530273,15.029999732971191,2808900,0.0,0.0
2026-01-27 00:00:00-05:00,15.010000228881836,15.479999542236328,14.979999542236328,15.399999618530273,1780200,0.0,0.0
2026-01-28 00:00:00-05:00,15.369999885559082,15.8100004196167,15.270000457763672,15.800000190734863,3018700,0.0,0.0
2026-01-29 00:00:00-05:00,15.979999542236328,16.670000076293945,15.760000228881836,15.869999885559082,3484700,0.0,0.0
2026-01-30 00:00:00-05:00,15.760000228881836,15.930000305175781,15.25,15.319999694824219,3532000,0.0,0.0
2026-02-02 00:00:00-05:00,15.329999923706055,15.5,15.149999618530273,15.1899995803833,1985600,0.0,0.0
2026-02-03 00:00:00-05:00,15.449999809265137,16.0,15.140000343322754,15.880000114440918,3273300,0.0,0.0
2026-02-04 00:00:00-05:00,16.0,16.5,15.949999809265137,16.469999313354492,3364600,0.0,0.0
2026-02-05 00:00:00-05:00,16.270000457763672,17.09000015258789,16.270000457763672,16.989999771118164,3596600,0.0,0.0
2026-02-06 00:00:00-05:00,17.0,17.3799991607666,16.950000762939453,17.079999923706055,4033200,0.0,0.0
2026-02-09 00:00:00-05:00,16.979999542236328,17.079999923706055,16.770000457763672,16.799999237060547,1955600,0.0,0.0
2026-02-10 00:00:00-05:00,16.940000534057617,17.049999237060547,16.65999984741211,16.700000762939453,3181400,0.0,0.0
2026-02-11 00:00:00-05:00,16.75,16.950000762939453,16.56999969482422,16.59000015258789,2449000,0.0,0.0
2026-02-12 00:00:00-05:00,16.729999542236328,16.81999969482422,15.949999809265137,16.299999237060547,3654600,0.0,0.0
2026-02-13 00:00:00-05:00,16.25,16.989999771118164,16.239999771118164,16.81999969482422,3341100,0.0,0.0
2026-02-17 00:00:00-05:00,16.90999984741211,16.989999771118164,16.440000534057617,16.440000534057617,1700200,0.0,0.0
2026-02-18 00:00:00-05:00,16.3700008392334,16.489999771118164,16.030000686645508,16.049999237060547,2052700,0.0,0.0
2026-02-19 00:00:00-05:00,16.049999237060547,16.200000762939453,15.699999809265137,15.779999732971191,1899900,0.0,0.0
2026-02-20 00:00:00-05:00,15.819999694824219,16.100000381469727,15.710000038146973,15.859999656677246,2452800,0.0,0.0
2026-02-23 00:00:00-05:00,15.800000190734863,15.890000343322754,15.300000190734863,15.4399995803833,2257200,0.0,0.0
2026-02-24 00:00:00-05:00,15.5,15.710000038146973,15.319999694824219,15.680000305175781,2925600,0.0,0.0
2026-02-25 00:00:00-05:00,15.760000228881836,15.869999885559082,15.420000076293945,15.779999732971191,1532900,0.0,0.0
2026-02-26 00:00:00-05:00,15.829999923706055,15.920000076293945,15.170000076293945,15.5,3191700,0.0,0.0
2026-02-27 00:00:00-05:00,15.350000381469727,15.65999984741211,15.329999923706055,15.489999771118164,4064900,0.0,0.0
2026-03-02 00:00:00-05:00,15.529999732971191,16.829999923706055,15.529999732971191,15.989999771118164,4680200,0.0,0.0
2026-03-03 00:00:00-05:00,15.739999771118164,16.280000686645508,15.369999885559082,16.079999923706055,2533200,0.0,0.0
2026-03-04 00:00:00-05:00,16.239999771118164,16.329999923706055,15.970000267028809,16.1200008392334,1800100,0.0,0.0
2026-03-05 00:00:00-05:00,15.890000343322754,16.0,15.420000076293945,15.550000190734863,1754300,0.0,0.0
2026-03-06 00:00:00-05:00,15.430000305175781,15.479999542236328,14.619999885559082,14.920000076293945,2597300,0.0,0.0
2026-03-09 00:00:00-04:00,14.720000267028809,15.229999542236328,14.289999961853027,15.149999618530273,2744600,0.0,0.0
2026-03-10 00:00:00-04:00,14.930000305175781,14.989999771118164,14.720000267028809,14.770000457763672,2142100,0.0,0.0
2026-03-11 00:00:00-04:00,14.720000267028809,14.789999961853027,14.529999732971191,14.720000267028809,2819600,0.0,0.0
2026-03-12 00:00:00-04:00,14.5,14.890000343322754,14.430000305175781,14.739999771118164,2465800,0.0,0.0
2026-03-13 00:00:00-04:00,14.829999923706055,15.0,14.600000381469727,14.680000305175781,2037800,0.0,0.0
2026-03-16 00:00:00-04:00,14.850000381469727,15.050000190734863,14.760000228881836,14.779999732971191,2954900,0.0,0.0
2026-03-17 00:00:00-04:00,14.949999809265137,15.0,14.399999618530273,14.489999771118164,2058600,0.0,0.0
2026-03-18 00:00:00-04:00,14.34000015258789,14.720000267028809,14.020000457763672,14.510000228881836,2805000,0.0,0.0
2026-03-19 00:00:00-04:00,14.40999984741211,14.5600004196167,13.819999694824219,14.199999809265137,3429700,0.0,0.0
2026-03-20 00:00:00-04:00,14.270000457763672,14.550000190734863,13.920000076293945,14.0600004196167,7726800,0.0,0.0
2026-03-23 00:00:00-04:00,14.319999694824219,14.739999771118164,14.260000228881836,14.399999618530273,3225300,0.0,0.0
2026-03-24 00:00:00-04:00,14.3100004196167,14.75,14.229999542236328,14.579999923706055,2263000,0.0,0.0
2026-03-25 00:00:00-04:00,14.779999732971191,15.130000114440918,14.569999694824219,14.9399995803833,1484900,0.0,0.0
2026-03-26 00:00:00-04:00,14.869999885559082,15.140000343322754,14.729999542236328,14.979999542236328,1616900,0.0,0.0
2026-03-27 00:00:00-04:00,14.899999618530273,15.0,14.569999694824219,14.670000076293945,2005000,0.0,0.0
2026-03-30 00:00:00-04:00,14.890000343322754,14.989999771118164,14.670000076293945,14.75,1448100,0.0,0.0
2026-03-31 00:00:00-04:00,14.920000076293945,14.970000267028809,14.609999656677246,14.84000015258789,1508800,0.0,0.0
2026-04-01 00:00:00-04:00,14.920000076293945,15.319999694824219,14.520000457763672,15.220000267028809,1550400,0.0,0.0
2026-04-02 00:00:00-04:00,14.880000114440918,15.329999923706055,14.800000190734863,15.300000190734863,1174200,0.0,0.0
2026-04-06 00:00:00-04:00,15.239999771118164,15.4399995803833,15.0,15.399999618530273,1160000,0.0,0.0
2026-04-07 00:00:00-04:00,15.369999885559082,15.4399995803833,14.84000015258789,15.239999771118164,1680300,0.0,0.0
2026-04-08 00:00:00-04:00,15.34000015258789,15.670000076293945,15.300000190734863,15.529999732971191,1293600,0.0,0.0
2026-04-09 00:00:00-04:00,15.479999542236328,15.800000190734863,15.479999542236328,15.710000038146973,1482800,0.0,0.0
2026-04-10 00:00:00-04:00,15.65999984741211,15.90999984741211,15.5600004196167,15.699999809265137,1299300,0.0,0.0
2026-04-13 00:00:00-04:00,15.359999656677246,15.640000343322754,14.960000038146973,15.260000228881836,1789600,0.0,0.0
2026-04-14 00:00:00-04:00,15.229999542236328,15.369999885559082,15.050000190734863,15.270000457763672,1236800,0.0,0.0
2026-04-15 00:00:00-04:00,15.170000076293945,15.220000267028809,14.960000038146973,15.149999618530273,1578500,0.0,0.0
2026-04-16 00:00:00-04:00,15.100000381469727,15.770000457763672,15.100000381469727,15.760000228881836,1744400,0.0,0.0
2026-04-17 00:00:00-04:00,15.819999694824219,15.960000038146973,15.520000457763672,15.789999961853027,2090000,0.0,0.0
2026-04-20 00:00:00-04:00,15.770000457763672,16.049999237060547,15.640000343322754,15.789999961853027,1309200,0.0,0.0
2026-04-21 00:00:00-04:00,15.819999694824219,15.829999923706055,15.329999923706055,15.4399995803833,1446300,0.0,0.0
2026-04-22 00:00:00-04:00,15.59000015258789,15.670000076293945,15.119999885559082,15.170000076293945,1101600,0.0,0.0
2026-04-23 00:00:00-04:00,15.25,15.600000381469727,15.239999771118164,15.380000114440918,1000400,0.0,0.0
2026-04-24 00:00:00-04:00,15.289999961853027,15.449999809265137,14.949999809265137,15.260000228881836,1431300,0.0,0.0
2026-04-27 00:00:00-04:00,15.119999885559082,15.529999732971191,15.119999885559082,15.329999923706055,1154500,0.0,0.0
2026-04-28 00:00:00-04:00,15.489999771118164,15.489999771118164,15.0600004196167,15.239999771118164,1634100,0.0,0.0
2026-04-29 00:00:00-04:00,15.180000305175781,15.289999961853027,14.859999656677246,14.930000305175781,1868400,0.0,0.0
2026-04-30 00:00:00-04:00,15.010000228881836,15.359999656677246,14.920000076293945,15.069999694824219,2299900,0.0,0.0
2026-05-01 00:00:00-04:00,15.09000015258789,15.369999885559082,15.010000228881836,15.270000457763672,1961900,0.0,0.0
2026-05-04 00:00:00-04:00,15.109999656677246,15.25,14.850000381469727,15.0600004196167,1532600,0.0,0.0
2026-05-05 00:00:00-04:00,15.100000381469727,15.579999923706055,15.0600004196167,15.380000114440918,1565300,0.0,0.0
2026-05-06 00:00:00-04:00,15.470000267028809,15.510000228881836,15.079999923706055,15.279999732971191,2529400,0.0,0.0
2026-05-07 00:00:00-04:00,15.25,15.460000038146973,15.149999618530273,15.420000076293945,1961700,0.0,0.0
2026-05-08 00:00:00-04:00,15.5,15.630000114440918,14.789999961853027,14.829999923706055,3276100,0.0,0.0
2026-05-11 00:00:00-04:00,14.770000457763672,14.899999618530273,13.34000015258789,13.930000305175781,5529200,0.0,0.0
2026-05-12 00:00:00-04:00,13.9399995803833,13.9399995803833,13.489999771118164,13.5,2779700,0.0,0.0
2026-05-13 00:00:00-04:00,13.25,13.539999961853027,13.149999618530273,13.390000343322754,1993800,0.0,0.0
2026-05-14 00:00:00-04:00,13.489999771118164,13.680000305175781,13.399999618530273,13.539999961853027,1688000,0.0,0.0
2026-05-15 00:00:00-04:00,13.420000076293945,13.579999923706055,13.220000267028809,13.229999542236328,1869300,0.0,0.0
2026-05-18 00:00:00-04:00,13.399999618530273,13.6899995803833,13.300000190734863,13.380000114440918,2507700,0.0,0.0
2026-05-19 00:00:00-04:00,13.430000305175781,13.65999984741211,13.25,13.520000457763672,2040900,0.0,0.0
2026-05-20 00:00:00-04:00,13.5600004196167,13.930000305175781,13.460000038146973,13.75,2281200,0.0,0.0
2026-05-21 00:00:00-04:00,13.649999618530273,13.779999732971191,13.470000267028809,13.6899995803833,1632700,0.0,0.0
2026-05-22 00:00:00-04:00,13.6899995803833,13.779999732971191,13.609999656677246,13.670000076293945,1415500,0.0,0.0
2026-05-26 00:00:00-04:00,13.8100004196167,13.890000343322754,13.649999618530273,13.649999618530273,1468200,0.0,0.0
2026-05-27 00:00:00-04:00,13.65999984741211,13.779999732971191,13.5,13.550000190734863,1328200,0.0,0.0
2026-05-28 00:00:00-04:00,13.5,13.770000457763672,13.40999984741211,13.489999771118164,1537900,0.0,0.0
2026-05-29 00:00:00-04:00,13.470000267028809,13.479999542236328,13.25,13.300000190734863,1766600,0.0,0.0
2026-06-01 00:00:00-04:00,13.199999809265137,13.239999771118164,13.0600004196167,13.170000076293945,1538300,0.0,0.0
2026-06-02 00:00:00-04:00,13.100000381469727,13.699999809265137,13.09000015258789,13.569999694824219,1635100,0.0,0.0
2026-06-03 00:00:00-04:00,13.520000457763672,13.779999732971191,13.34000015258789,13.380000114440918,1749600,0.0,0.0
2026-06-04 00:00:00-04:00,13.470000267028809,13.569999694824219,13.220000267028809,13.4399995803833,2181700,0.0,0.0
2026-06-05 00:00:00-04:00,13.479999542236328,13.710000038146973,13.470000267028809,13.539999961853027,1671800,0.0,0.0
2026-06-08 00:00:00-04:00,13.569999694824219,13.710000038146973,13.380000114440918,13.449999809265137,1196300,0.0,0.0
2026-06-09 00:00:00-04:00,13.510000228881836,13.680000305175781,13.399999618530273,13.449999809265137,1577900,0.0,0.0
2026-06-10 00:00:00-04:00,13.460000038146973,13.479999542236328,13.029999732971191,13.069999694824219,1622200,0.0,0.0
2026-06-11 00:00:00-04:00,13.1899995803833,13.3149995803833,13.109999656677246,13.170000076293945,1298644,0.0,0.0
