Date,Open,High,Low,Close,Volume,Dividends,Stock Splits
2022-01-03 00:00:00-05:00,36.84880939464178,38.27143447344112,36.84880939464178,37.053367614746094,246000,0.0,0.0
2022-01-04 00:00:00-05:00,37.51826994234652,39.96369977515041,37.192834063088526,39.619667053222656,638500,0.0,0.0
2022-01-05 00:00:00-05:00,39.58247401644966,40.14966531272291,38.801424346447746,38.94089889526367,342000,0.0,0.0
2022-01-06 00:00:00-05:00,39.489494108083534,40.18685977160569,39.34072290841154,39.8242301940918,264000,0.0,0.0
2022-01-07 00:00:00-05:00,39.452299776367305,40.75405041245224,39.424406285317744,40.50299835205078,303600,0.0,0.0
2022-01-10 00:00:00-05:00,40.27054647796239,40.391420647202295,39.04318311209336,39.284934997558594,238100,0.0,0.0
2022-01-11 00:00:00-05:00,39.498785605348225,40.819132933866925,39.48948895838709,40.56808090209961,307200,0.0,0.0
2022-01-12 00:00:00-05:00,40.577379709956325,41.63737486921051,40.44720536365983,40.68895721435547,240900,0.0,0.0
2022-01-13 00:00:00-05:00,41.200370559337884,41.8512424339519,40.20546235444423,40.27984619140625,410100,0.0,0.0
2022-01-14 00:00:00-05:00,40.29843975266493,42.44632740477383,39.982300490627075,42.427730560302734,469600,0.0,0.0
2022-01-18 00:00:00-05:00,42.19527463530478,43.95263561877129,41.8791353784335,42.78105926513672,620000,0.0,0.0
2022-01-19 00:00:00-05:00,43.25526940122265,44.58491359373224,42.8182524360385,44.08280944824219,651600,0.0,0.0
2022-01-20 00:00:00-05:00,44.11999308253229,44.11999308253229,41.91631900878951,42.06509017944336,440700,0.0,0.0
2022-01-21 00:00:00-05:00,41.58158527545832,42.195266831536884,40.56808051119384,41.535091400146484,356000,0.0,0.0
2022-01-24 00:00:00-05:00,40.986502593954235,40.986502593954235,39.11756079839323,40.75404739379883,850200,0.0,0.0
2022-01-25 00:00:00-05:00,40.224053241429196,42.083695164781155,39.44300349174196,41.73036575317383,529700,0.0,0.0
2022-01-26 00:00:00-05:00,42.62299585251433,43.11579985985753,40.51230170385813,40.87493133544922,517900,0.0,0.0
2022-01-27 00:00:00-05:00,40.865619802561305,43.57139785319862,40.865619802561305,43.404029846191406,887900,0.0,0.0
2022-01-28 00:00:00-05:00,43.05070452328564,43.52491514174992,41.68387028961898,43.394737243652344,664600,0.0,0.0
2022-01-31 00:00:00-05:00,43.48772730874051,43.48772730874051,41.75825973240157,42.306854248046875,497400,0.0,0.0
2022-02-01 00:00:00-05:00,42.37193362612436,43.87824233088413,41.99070723951896,43.59000015258789,488800,0.0,0.0
2022-02-02 00:00:00-05:00,43.44123280993586,43.82245923027198,42.53930541795168,42.957725524902344,498900,0.0,0.0
2022-02-03 00:00:00-05:00,42.77175484081091,43.85034677752588,42.42772215372532,43.43192672729492,415100,0.0,0.0
2022-02-04 00:00:00-05:00,44.09210771835238,45.347368128243815,43.19018380937717,45.18929672241211,532400,0.0,0.0
2022-02-07 00:00:00-05:00,45.18929601887369,45.77508420103641,44.547720850685735,44.631404876708984,322000,0.0,0.0
2022-02-08 00:00:00-05:00,44.72438030018062,44.83596135310079,43.924737369495844,44.742977142333984,384300,0.0,0.0
2022-02-09 00:00:00-05:00,44.42684200901269,46.33297771485748,44.42684200901269,45.979644775390625,536000,0.0,0.0
2022-02-10 00:00:00-05:00,45.54262719794871,47.60683072833644,45.46824337047644,46.0261344909668,585800,0.0,0.0
2022-02-11 00:00:00-05:00,46.156304986627084,47.50454588646545,45.914553133842006,46.64910888671875,912200,0.0,0.0
2022-02-14 00:00:00-05:00,46.71419620914137,46.909457716069234,45.85875927162433,46.621212005615234,365100,0.0,0.0
2022-02-15 00:00:00-05:00,46.09121582666713,46.66770371768456,45.25437570504119,46.500335693359375,504900,0.0,0.0
2022-02-16 00:00:00-05:00,46.53753408026233,47.179112754026434,45.66350373475381,45.81227493286133,482200,0.0,0.0
2022-02-17 00:00:00-05:00,45.47753463334097,46.23069074910091,45.19858910612853,45.524024963378906,298700,0.0,0.0
2022-02-18 00:00:00-05:00,45.56121947614838,45.56121947614838,44.32455610210018,44.51982116699219,376400,0.0,0.0
2022-02-22 00:00:00-05:00,44.966142741931634,45.47754356677621,44.55701924446756,44.78947448730469,211800,0.0,0.0
2022-02-23 00:00:00-05:00,45.21718696277643,45.4775356544222,44.06420759823037,44.18508529663086,219900,0.0,0.0
2022-02-24 00:00:00-05:00,44.29666375725751,45.58911414296068,43.59929813501609,45.356658935546875,545200,0.0,0.0
2022-02-25 00:00:00-05:00,45.58911712539552,46.611922233119046,45.403155784886884,46.37946701049805,470900,0.0,0.0
2022-02-28 00:00:00-05:00,46.13771195580109,48.769106799134896,46.09122162030801,48.52735137939453,706400,0.0,0.0
2022-03-01 00:00:00-05:00,48.69471524263179,49.13173216210119,46.900160780238856,47.30928421020508,456900,0.0,0.0
2022-03-02 00:00:00-05:00,48.04384049901362,49.55944944240268,47.5045462629947,48.82489013671875,546400,0.0,0.0
2022-03-03 00:00:00-05:00,48.63892558305161,49.0015551145475,47.2720879209658,47.52313995361328,476700,0.0,0.0
2022-03-04 00:00:00-05:00,47.030346078046875,48.4436708224717,46.63981942859846,48.248409271240234,452700,0.0,0.0
2022-03-07 00:00:00-05:00,48.22050812460858,51.37260012590199,47.66261350636258,50.13593673706055,834000,0.0,0.0
2022-03-08 00:00:00-05:00,49.884893522579574,50.95418544693924,46.85367535251495,47.51384735107422,735100,0.0,0.0
2022-03-09 00:00:00-05:00,46.90016497905645,47.653321185934196,44.70579063171811,45.08701705932617,769200,0.0,0.0
2022-03-10 00:00:00-05:00,45.35666006448486,48.86208510517413,44.9754336567168,48.425071716308594,501400,0.0,0.0
2022-03-11 00:00:00-05:00,47.72771099222201,48.87139033331457,47.72771099222201,48.31349563598633,354200,0.0,0.0
2022-03-14 00:00:00-04:00,47.82998633336515,48.01595122476174,45.74718948128214,46.28648376464844,280700,0.0,0.0
2022-03-15 00:00:00-04:00,45.4403347802005,47.36506326768888,44.445426955150346,47.00243377685547,407100,0.0,0.0
2022-03-16 00:00:00-04:00,47.50113357985742,47.50113357985742,45.217424482488155,46.18683624267578,527700,0.125,0.0
2022-03-17 00:00:00-04:00,46.88592864573499,49.234886169433594,46.78339423527459,49.234886169433594,493400,0.0,0.0
2022-03-18 00:00:00-04:00,48.81542704449816,50.33479309082031,48.81542704449816,50.33479309082031,462100,0.0,0.0
2022-03-21 00:00:00-04:00,50.800852840209245,52.32953848519206,50.70764168850152,52.0032958984375,442000,0.0,0.0
2022-03-22 00:00:00-04:00,52.20836177707758,52.46003615667639,50.95931312783397,51.72365951538086,351300,0.0,0.0
2022-03-23 00:00:00-04:00,52.2363332230011,52.804930557547706,51.639773250944955,52.450721740722656,484000,0.0,0.0
2022-03-24 00:00:00-04:00,52.69306719980648,52.81424454221165,51.6304444199793,51.73297882080078,317500,0.0,0.0
2022-03-25 00:00:00-04:00,51.72366274121019,52.64646530151367,51.5931621410079,52.64646530151367,244000,0.0,0.0
2022-03-28 00:00:00-04:00,52.06855518768365,52.879503753797216,50.73561481899608,52.28294372558594,381300,0.0,0.0
2022-03-29 00:00:00-04:00,51.12709541251855,51.13641866115319,48.992530170483576,50.82881546020508,476200,0.0,0.0
2022-03-30 00:00:00-04:00,51.68637764074338,52.69307168144053,51.34149208155599,51.58384323120117,297200,0.0,0.0
2022-03-31 00:00:00-04:00,51.26692273707039,52.376151239846926,50.716968332750696,50.856788635253906,292400,0.0,0.0
2022-04-01 00:00:00-04:00,49.40267178792449,52.2642979636307,49.05778620690967,51.210994720458984,504700,0.0,0.0
2022-04-04 00:00:00-04:00,51.86347151600488,52.04057766834027,50.67967149283677,51.751617431640625,264400,0.0,0.0
2022-04-05 00:00:00-04:00,51.966015153907286,52.68375247151558,50.88474933060419,50.922035217285156,299700,0.0,0.0
2022-04-06 00:00:00-04:00,50.77289742706993,51.537240358270644,49.46791978289514,49.94330596923828,240500,0.0,0.0
2022-04-07 00:00:00-04:00,50.39072851560682,51.63045414021019,50.20430262044997,51.40674591064453,361600,0.0,0.0
2022-04-08 00:00:00-04:00,51.79823278430034,52.38547306070492,51.21099250789577,51.54655838012695,312900,0.0,0.0
2022-04-11 00:00:00-04:00,50.33479433791781,50.67036020242838,48.451899752657916,49.38402557373047,582800,0.0,0.0
2022-04-12 00:00:00-04:00,50.17633974093097,52.133802741278636,50.10176796091329,50.76357650756836,339700,0.0,0.0
2022-04-13 00:00:00-04:00,51.0991384952063,51.82619551584225,50.232261175627464,50.89406967163086,359700,0.0,0.0
2022-04-14 00:00:00-04:00,50.72629239966803,52.09651868151689,50.72629239966803,51.3508186340332,312000,0.0,0.0
2022-04-18 00:00:00-04:00,51.891442892427534,52.935426375007275,51.71434026602564,52.1058349609375,404200,0.0,0.0
2022-04-19 00:00:00-04:00,51.2948874635835,51.891447474432155,50.42801008663838,51.425384521484375,294400,0.0,0.0
2022-04-20 00:00:00-04:00,51.499948343361076,52.096508262033964,51.09913398129443,51.574520111083984,288800,0.0,0.0
2022-04-21 00:00:00-04:00,51.807548459883215,52.19903954973307,49.27216540104742,49.32809066772461,497600,0.0,0.0
2022-04-22 00:00:00-04:00,48.89000295226239,49.411991167603915,47.52910002543909,47.99516296386719,586500,0.0,0.0
2022-04-25 00:00:00-04:00,46.53172137105674,46.65289872885642,44.56493878711253,46.074981689453125,559800,0.0,0.0
2022-04-26 00:00:00-04:00,46.33597186828187,46.401220388698285,44.36918589515867,44.909820556640625,995400,0.0,0.0
2022-04-27 00:00:00-04:00,44.79796602631558,45.93515705388007,44.192082850258096,45.57162857055664,436100,0.0,0.0
2022-04-28 00:00:00-04:00,47.92990923497615,48.96456949167467,45.12421200654554,47.26810073852539,831400,0.0,0.0
2022-04-29 00:00:00-04:00,47.2494615427061,49.300139275170274,46.643581828968216,46.755435943603516,485800,0.0,0.0
2022-05-02 00:00:00-04:00,46.8206719652579,48.59171216010925,46.20546916544862,47.5756950378418,630000,0.0,0.0
2022-05-03 00:00:00-04:00,47.603661596591664,49.76619304434104,47.603661596591664,49.39334487915039,484900,0.0,0.0
2022-05-04 00:00:00-04:00,50.16701671495247,51.11778557976185,49.28149638006134,51.01525115966797,428200,0.0,0.0
2022-05-05 00:00:00-04:00,50.409363581109815,51.238954951315556,47.77144593305747,48.694252014160156,659200,0.0,0.0
2022-05-06 00:00:00-04:00,48.9832101594375,49.51452158184945,47.47316735657076,48.89931869506836,465900,0.0,0.0
2022-05-09 00:00:00-04:00,47.939227838709726,47.939227838709726,44.90049588778448,44.956424713134766,643800,0.0,0.0
2022-05-10 00:00:00-04:00,44.16412513383357,45.552990702030996,42.80321864837356,43.586204528808594,660800,0.0,0.0
2022-05-11 00:00:00-04:00,44.042939134495136,45.674159102439404,43.69805362260458,44.014976501464844,419800,0.0,0.0
2022-05-12 00:00:00-04:00,43.66076928899842,44.38782621977641,42.234618061463905,43.30656051635742,397900,0.0,0.0
2022-05-13 00:00:00-04:00,44.014985534498386,45.058965532617236,43.791273757012455,44.22005081176758,328300,0.0,0.0
2022-05-16 00:00:00-04:00,44.350551485884054,45.88855706859065,44.350551485884054,45.64620590209961,620400,0.0,0.0
2022-05-17 00:00:00-04:00,46.37325541113508,48.41460949488202,46.14954366973524,47.585018157958984,494000,0.0,0.0
2022-05-18 00:00:00-04:00,47.47317158443001,47.873985999247374,45.9910912857695,46.42919158935547,308600,0.0,0.0
2022-05-19 00:00:00-04:00,45.69280981390039,47.557061522884766,45.69280981390039,46.606292724609375,260200,0.0,0.0
2022-05-20 00:00:00-04:00,47.35199323730818,47.417241763404846,44.6861126941198,45.42249298095703,372600,0.0,0.0
2022-05-23 00:00:00-04:00,46.14954588567669,46.326652059890684,45.20810041073752,45.692806243896484,237700,0.0,0.0
2022-05-24 00:00:00-04:00,45.2453921291723,46.345300977817224,45.2453921291723,45.61824035644531,348500,0.0,0.0
2022-05-25 00:00:00-04:00,45.39453476123635,46.298694520485284,45.07761179401492,45.27335739135742,337200,0.0,0.0
2022-05-26 00:00:00-04:00,45.916520672258656,46.49444129548869,45.347926855124314,45.739418029785156,435400,0.0,0.0
2022-05-27 00:00:00-04:00,46.28004961869127,47.26810073852539,45.291994943079246,47.26810073852539,626700,0.0,0.0
2022-05-31 00:00:00-04:00,47.687558469299326,49.22556754815908,45.73009560145777,46.093624114990234,762500,0.0,0.0
2022-06-01 00:00:00-04:00,46.24277065716736,47.268107817743854,45.776707664945604,46.77408218383789,491200,0.0,0.0
2022-06-02 00:00:00-04:00,46.74610962366923,48.759501180639184,46.16818907577565,48.66628646850586,447400,0.0,0.0
2022-06-03 00:00:00-04:00,48.22819313149234,49.2162442585963,47.98583841881474,48.03244400024414,309000,0.0,0.0
2022-06-06 00:00:00-04:00,48.60103324907868,48.77813940712027,47.42655643597047,47.65958786010742,421600,0.0,0.0
2022-06-07 00:00:00-04:00,47.31470914069193,49.38402977746962,46.83000680155915,49.37471008300781,408000,0.0,0.0
2022-06-08 00:00:00-04:00,49.05778831101291,50.74493395552889,48.890005360452015,49.71959686279297,408800,0.0,0.0
2022-06-09 00:00:00-04:00,49.65434194020041,50.4000418712601,49.16963609606718,49.29081344604492,335900,0.0,0.0
2022-06-10 00:00:00-04:00,49.0950562136364,49.0950562136364,45.57162239915648,46.17750549316406,340700,0.0,0.0
2022-06-13 00:00:00-04:00,44.658148115918706,44.658148115918706,41.21860510310428,41.339778900146484,1098400,0.0,0.0
2022-06-14 00:00:00-04:00,42.34647464999571,43.539594515622156,41.31181446087005,41.66602325439453,586500,0.0,0.0
2022-06-15 00:00:00-04:00,42.082172859777785,43.260472130217565,41.3527496717603,42.02606201171875,766200,0.145,0.0
2022-06-16 00:00:00-04:00,41.49301640931893,42.381418442098465,38.63143128496218,39.04290008544922,937800,0.0,0.0
2022-06-17 00:00:00-04:00,38.58467158612184,38.67818965759261,36.63954207507552,37.378318786621094,798400,0.0,0.0
2022-06-21 00:00:00-04:00,38.54726431945001,39.155115674082474,37.873948537236245,38.126441955566406,490500,0.0,0.0
2022-06-22 00:00:00-04:00,36.63954506811591,36.63954506811591,35.60151757776799,36.284183502197266,567500,0.0,0.0
2022-06-23 00:00:00-04:00,36.284182239377074,36.46186479982738,34.67571057551267,35.24615478515625,621900,0.0,0.0
2022-06-24 00:00:00-04:00,35.53606650947505,37.6027684687303,35.1620012245402,37.55601119995117,698200,0.0,0.0
2022-06-27 00:00:00-04:00,37.95812360025256,38.1638598282955,37.18193951616354,37.82720184326172,621500,0.0,0.0
2022-06-28 00:00:00-04:00,37.97681522509083,39.669451073588185,37.621453734515754,37.87394714355469,754000,0.0,0.0
2022-06-29 00:00:00-04:00,37.36896862840011,38.547271465719476,36.55538095229387,36.63954544067383,356000,0.0,0.0
2022-06-30 00:00:00-04:00,34.90014575076434,36.09714854614369,34.675709510305566,35.75114059448242,558400,0.0,0.0
2022-07-01 00:00:00-04:00,35.70437587204364,36.09714099435195,34.5915377914878,35.73242950439453,224300,0.0,0.0
2022-07-05 00:00:00-04:00,35.19005271589251,35.68568610556623,33.9182352348011,34.34840774536133,532300,0.0,0.0
2022-07-06 00:00:00-04:00,34.10526368613461,34.59154699118899,32.30975582382999,33.9930419921875,604800,0.0,0.0
2022-07-07 00:00:00-04:00,34.90014631636232,36.82657584282704,34.80663180921394,36.471214294433594,561700,0.0,0.0
2022-07-08 00:00:00-04:00,36.47122261003163,36.87334150368413,35.60152393932745,36.01299285888672,418500,0.0,0.0
2022-07-11 00:00:00-04:00,35.18068760328372,35.98492507458701,34.759865255816976,35.11522674560547,443200,0.0,0.0
2022-07-12 00:00:00-04:00,34.4419245134355,35.077829662229554,33.628333217358126,33.71249771118164,686600,0.0,0.0
2022-07-13 00:00:00-04:00,33.15139781082926,34.30164331870646,32.7586290508458,33.91822814941406,902600,0.0,0.0
2022-07-14 00:00:00-04:00,32.599653209319484,32.73057493829674,30.95377087184938,32.010501861572266,760400,0.0,0.0
2022-07-15 00:00:00-04:00,32.955018574461846,34.29229322430758,32.88955413499878,33.946285247802734,556700,0.0,0.0
2022-07-18 00:00:00-04:00,34.86273443895302,35.49864299136734,34.77856996679967,34.993656158447266,446300,0.0,0.0
2022-07-19 00:00:00-04:00,35.143288661296396,36.6862993858626,35.143288661296396,36.5927848815918,447300,0.0,0.0
2022-07-20 00:00:00-04:00,36.480564936459984,36.583433036476414,35.854009879777834,36.396400451660156,270100,0.0,0.0
2022-07-21 00:00:00-04:00,35.74179210516275,36.36834716796875,35.21810157602872,36.36834716796875,297000,0.0,0.0
2022-07-22 00:00:00-04:00,36.387058999704855,37.350272222497814,35.582821192679376,35.93818283081055,337000,0.0,0.0
2022-07-25 00:00:00-04:00,36.71435141216076,37.29415272870928,35.938171072203154,37.13517379760742,355800,0.0,0.0
2022-07-26 00:00:00-04:00,36.9855454116849,37.27544604608986,36.51796581465387,36.676944732666016,352800,0.0,0.0
2022-07-27 00:00:00-04:00,36.59278804302527,37.2848039960551,36.27483370674536,37.041664123535156,783200,0.0,0.0
2022-07-28 00:00:00-04:00,36.33094034495836,36.37770116765669,33.590923086812005,34.40451431274414,1373600,0.0,0.0
2022-07-29 00:00:00-04:00,34.086556264433696,35.32096622122055,33.796655605131654,34.787925720214844,1049800,0.0,0.0
2022-08-01 00:00:00-04:00,34.133326403265094,34.217490912432936,33.10465223997006,33.871482849121094,454200,0.0,0.0
2022-08-02 00:00:00-04:00,33.81536188770601,34.479324168754005,33.37583585250673,33.74055099487305,317800,0.0,0.0
2022-08-03 00:00:00-04:00,33.86212884397841,34.01175423986551,33.09529824413817,33.14205551147461,288500,0.0,0.0
2022-08-04 00:00:00-04:00,33.10465088405933,33.97434958738865,33.04854002446202,33.254276275634766,294800,0.0,0.0
2022-08-05 00:00:00-04:00,32.79603328480073,33.9462786876664,32.79603328480073,33.450645446777344,354900,0.0,0.0
2022-08-08 00:00:00-04:00,33.59092090872365,34.451269334217855,33.41324192298068,34.226829528808594,366800,0.0,0.0
2022-08-09 00:00:00-04:00,34.37644832878742,34.43255916128946,33.01111684404545,33.33842468261719,347200,0.0,0.0
2022-08-10 00:00:00-04:00,33.843414096140194,35.01236323196453,33.656385088288026,34.64765167236328,345700,0.0,0.0
2022-08-11 00:00:00-04:00,35.124586023093684,35.72308742869851,35.049771563718195,35.32096862792969,257800,0.0,0.0
2022-08-12 00:00:00-04:00,35.330312826606416,36.04103580409433,35.10587662018331,35.919464111328125,196600,0.0,0.0
2022-08-15 00:00:00-04:00,34.55413813696301,34.657006234574816,33.76860415297716,34.54478454589844,349200,0.0,0.0
2022-08-16 00:00:00-04:00,34.600892299468484,35.32096535107989,34.36710248663423,34.862735748291016,275500,0.0,0.0
2022-08-17 00:00:00-04:00,34.51673261324315,34.88144420109126,33.8808239487157,34.76922607421875,369400,0.0,0.0
2022-08-18 00:00:00-04:00,35.17135292966315,36.04105163817711,34.72247675226091,35.87272262573242,510500,0.0,0.0
2022-08-19 00:00:00-04:00,35.423836532955846,35.508001015619975,34.79727792482295,34.95625686645508,666300,0.0,0.0
2022-08-22 00:00:00-04:00,34.28293801131993,34.87208933852007,33.76860113655447,34.862735748291016,199100,0.0,0.0
2022-08-23 00:00:00-04:00,35.339672041628546,36.98555089767388,35.339672041628546,36.88268280029297,364000,0.0,0.0
2022-08-24 00:00:00-04:00,36.798521816635585,37.780442063292135,36.564731961212615,37.68692398071289,393200,0.0,0.0
2022-08-25 00:00:00-04:00,37.733674400545205,38.8932734429443,37.733674400545205,38.38828659057617,364100,0.0,0.0
2022-08-26 00:00:00-04:00,38.52857282511592,38.724955467579136,37.13518357474502,37.30351257324219,254300,0.0,0.0
2022-08-29 00:00:00-04:00,36.957489582218905,37.90199874248611,36.57407447812146,37.284793853759766,294900,0.0,0.0
2022-08-30 00:00:00-04:00,37.00425080546324,37.12582250540297,34.8253316334017,34.918846130371094,267700,0.0,0.0
2022-08-31 00:00:00-04:00,34.50737706516187,34.57283792597109,33.71248957807234,33.759246826171875,402900,0.0,0.0
2022-09-01 00:00:00-04:00,33.19816390467785,33.57222915026234,32.43133336184517,33.403900146484375,404100,0.0,0.0
2022-09-02 00:00:00-04:00,33.96499236601866,34.60090110413126,33.65639158957156,33.98369598388672,334100,0.0,0.0
2022-09-06 00:00:00-04:00,34.59154360634698,34.78792620051317,32.68381780411942,32.7773323059082,418400,0.0,0.0
2022-09-07 00:00:00-04:00,32.7305793762207,33.1794554652983,32.45003226646597,32.7305793762207,539900,0.0,0.0
2022-09-08 00:00:00-04:00,32.54354392569056,33.45999963974587,31.823470814500723,33.4225959777832,569500,0.0,0.0
2022-09-09 00:00:00-04:00,34.423224414981846,35.06848322202082,33.9182374004206,34.133323669433594,389500,0.0,0.0
2022-09-12 00:00:00-04:00,34.52608093111904,35.236804023337065,34.0117440104098,34.54478454589844,263600,0.0,0.0
2022-09-13 00:00:00-04:00,33.81536157945686,33.871472424082455,32.46873341459058,32.59965515136719,387600,0.0,0.0
2022-09-14 00:00:00-04:00,32.71186778192928,33.38518353500783,32.26299180232663,33.17009735107422,366600,0.0,0.0
2022-09-15 00:00:00-04:00,32.87406394565222,33.6446963857847,32.141024206267,32.159820556640625,479300,0.175,0.0
2022-09-16 00:00:00-04:00,31.746310560982376,32.272597658481295,30.571565456327463,30.994474411010742,790300,0.0,0.0
2022-09-19 00:00:00-04:00,30.327221936758615,31.511363498426537,30.111069254273115,31.389192581176758,422600,0.0,0.0
2022-09-20 00:00:00-04:00,30.73133660087819,31.267020150582987,30.064080363644514,30.336620330810547,494800,0.0,0.0
2022-09-21 00:00:00-04:00,30.684343656022616,30.947485413011577,29.443811316216486,29.47200584411621,461000,0.0,0.0
2022-09-22 00:00:00-04:00,30.04528119500117,30.637351959605176,29.227659577570932,29.274648666381836,436700,0.0,0.0
2022-09-23 00:00:00-04:00,28.250268958334832,28.626187022455706,27.000340274808725,27.22589111328125,440100,0.0,0.0
2022-09-26 00:00:00-04:00,27.25408624137465,28.626187653807268,27.150708099266883,27.611207962036133,578800,0.0,0.0
2022-09-27 00:00:00-04:00,28.024719725767113,29.09608671803399,27.977730637253902,29.067893981933594,593900,0.0,0.0
2022-09-28 00:00:00-04:00,28.635589361027996,30.731336234144088,28.635589361027996,30.656150817871094,626500,0.0,0.0
2022-09-29 00:00:00-04:00,30.16745604333124,30.64675410433088,29.64117247522237,29.876121520996094,610200,0.0,0.0
2022-09-30 00:00:00-04:00,29.716356341705083,30.505783492856985,29.45321276297513,29.951305389404297,282800,0.0,0.0
2022-10-03 00:00:00-04:00,30.900497571856032,31.23882475022169,30.289628657024966,30.975679397583008,594200,0.0,0.0
2022-10-04 00:00:00-04:00,31.671128325132873,32.535738990055975,31.548953832032865,32.49814987182617,625700,0.0,0.0
2022-10-05 00:00:00-04:00,31.6711291842561,33.109016065379095,31.62414009641607,33.06202697753906,597500,0.0,0.0
2022-10-06 00:00:00-04:00,32.63911982265665,33.28757787481512,32.30079263543039,32.4605598449707,446000,0.0,0.0
2022-10-07 00:00:00-04:00,32.13162711631797,33.24058679242133,31.96246353284203,32.958648681640625,579300,0.0,0.0
2022-10-10 00:00:00-04:00,32.798885066712,33.21239405685454,32.36657613947483,32.958648681640625,391400,0.0,0.0
2022-10-11 00:00:00-04:00,32.2913945737331,32.5545363345547,31.022667687548378,31.53955841064453,435300,0.0,0.0
2022-10-12 00:00:00-04:00,31.492565155029297,32.00005590011514,30.891096235684984,31.492565155029297,353900,0.0,0.0
2022-10-13 00:00:00-04:00,30.938082130662412,33.785666405364516,30.1016642769349,33.325164794921875,666400,0.0,0.0
2022-10-14 00:00:00-04:00,33.37214790855428,33.691678629968415,32.12222133525313,32.30078125,480300,0.0,0.0
2022-10-17 00:00:00-04:00,32.827076167096926,33.503730467295206,31.642931141749948,31.746309280395508,449700,0.0,0.0
2022-10-18 00:00:00-04:00,32.235004573336056,32.8552698378537,31.267015765765144,31.473772048950195,559800,0.0,0.0
2022-10-19 00:00:00-04:00,31.633535444753228,32.36657522917405,31.041462919239304,31.501964569091797,284400,0.0,0.0
2022-10-20 00:00:00-04:00,31.586551228301982,32.930460096962065,31.4267840081971,31.64293670654297,430200,0.0,0.0
2022-10-21 00:00:00-04:00,31.718113354990972,33.01503277153875,31.501960716405847,32.921051025390625,232400,0.0,0.0
2022-10-24 00:00:00-04:00,32.92105676378197,32.92105676378197,31.33280261992279,31.689926147460938,359000,0.0,0.0
2022-10-25 00:00:00-04:00,31.661731511626826,32.310193159970495,31.46437517736478,32.08464050292969,378300,0.0,0.0
2022-10-26 00:00:00-04:00,32.2350114456332,32.714309552465906,31.812102405792064,31.981266021728516,611500,0.0,0.0
2022-10-27 00:00:00-04:00,32.751892874125986,33.785670742191755,32.169220291966724,32.742496490478516,749400,0.0,0.0
2022-10-28 00:00:00-04:00,32.35718425708611,32.89286781759823,31.689929798909684,31.95307159423828,604900,0.0,0.0
2022-10-31 00:00:00-04:00,31.76511171652218,32.9304606139856,31.699326267516145,32.78948974609375,418800,0.0,0.0
2022-11-01 00:00:00-04:00,33.663492595008904,34.77245216714237,33.41914721125078,34.734859466552734,640100,0.0,0.0
2022-11-02 00:00:00-04:00,34.79125476000543,34.79125476000543,32.96805147471919,33.024436950683594,583800,0.0,0.0
2022-11-03 00:00:00-04:00,32.38537002086623,33.503729580197756,32.094035548801564,33.09961700439453,441600,0.0,0.0
2022-11-04 00:00:00-04:00,34.53751091360546,36.266736093225596,34.52811452886884,35.83443069458008,876900,0.0,0.0
2022-11-07 00:00:00-05:00,35.937807420484255,36.60506184638734,35.35513120895618,35.956600189208984,354900,0.0,0.0
2022-11-08 00:00:00-05:00,36.14455563179522,36.35131191234795,35.62766851545086,36.2291374206543,232600,0.0,0.0
2022-11-09 00:00:00-05:00,35.627662905015455,35.72164106226531,33.78566377663778,33.889041900634766,183600,0.0,0.0
2022-11-10 00:00:00-05:00,35.1765698652996,36.56746772460014,34.810049943698225,36.50168228149414,358000,0.0,0.0
2022-11-11 00:00:00-05:00,37.403891906288415,38.29669910551044,36.952790113900505,37.77981185913086,439400,0.0,0.0
2022-11-14 00:00:00-05:00,37.36629296629133,38.08054004064332,36.9621839241389,37.39448928833008,318400,0.0,0.0
2022-11-15 00:00:00-05:00,37.95836269969523,38.54103525937685,37.41328284322855,37.695220947265625,290500,0.0,0.0
2022-11-16 00:00:00-05:00,37.19713509404434,37.34750234174227,36.15396074468584,36.21034622192383,299700,0.0,0.0
2022-11-17 00:00:00-05:00,35.65585777703507,35.984788517242286,34.781847238969235,35.909603118896484,178900,0.0,0.0
2022-11-18 00:00:00-05:00,35.590067958980484,36.33250754346123,35.23294811596975,36.1821403503418,322300,0.0,0.0
2022-11-21 00:00:00-05:00,35.45850312195304,36.29492099948464,35.13897233429675,36.097564697265625,274700,0.0,0.0
2022-11-22 00:00:00-05:00,36.46409230322739,37.187735816565485,36.38891047049823,37.09375762939453,156300,0.0,0.0
2022-11-23 00:00:00-05:00,37.19712818961032,37.52605536257057,36.84000469822682,37.460269927978516,198000,0.0,0.0
2022-11-25 00:00:00-05:00,37.21592587825094,38.29669287815257,37.21592587825094,37.86438751220703,131300,0.0,0.0
2022-11-28 00:00:00-05:00,37.42267789098832,37.66702686812772,36.84940173505053,37.18772888183594,352700,0.0,0.0
2022-11-29 00:00:00-05:00,37.516654284283526,38.089930413077646,37.516654284283526,37.9489631652832,154800,0.0,0.0
2022-11-30 00:00:00-05:00,37.77040141274654,37.77040141274654,34.76305696426108,36.661441802978516,819400,0.0,0.0
2022-12-01 00:00:00-05:00,36.689639023774184,37.16893343670904,36.294922814559484,36.3889045715332,300100,0.0,0.0
2022-12-02 00:00:00-05:00,36.02238138214995,36.84939925753611,35.93779960114033,36.01298141479492,393000,0.0,0.0
2022-12-05 00:00:00-05:00,36.153956087310846,36.57686145226874,35.47730176731821,35.486698150634766,339700,0.0,0.0
2022-12-06 00:00:00-05:00,35.20475421841303,36.229131912159296,35.12017244241428,35.4115104675293,237800,0.0,0.0
2022-12-07 00:00:00-05:00,35.3363351664343,35.496102382305004,34.9792151969124,35.06379699707031,241900,0.0,0.0
2022-12-08 00:00:00-05:00,35.54308848726364,35.85322292345563,34.208579735866614,34.368343353271484,297800,0.0,0.0
2022-12-09 00:00:00-05:00,34.40593789493824,35.12018139712314,34.217977946456585,34.499916076660156,202100,0.0,0.0
2022-12-12 00:00:00-05:00,34.537500510344636,34.781845875314474,34.05820616231122,34.7724494934082,221700,0.0,0.0
2022-12-13 00:00:00-05:00,36.22914059726077,36.924591320528464,36.07877335777557,36.341915130615234,471900,0.0,0.0
2022-12-14 00:00:00-05:00,36.360706186132255,36.426491619757606,34.9510121769537,35.10137939453125,232600,0.0,0.0
2022-12-15 00:00:00-05:00,34.45459538475361,34.87949157721413,34.04858042589723,34.81339645385742,292500,0.175,0.0
2022-12-16 00:00:00-05:00,34.445153065043776,35.28550848140672,34.227982847482565,35.172203063964844,302900,0.0,0.0
2022-12-19 00:00:00-05:00,35.011679678157655,35.266615911016785,33.48204066952192,33.82196044921875,347900,0.0,0.0
2022-12-20 00:00:00-05:00,33.77475783458552,34.596228420683275,33.746432380486596,33.90694808959961,145500,0.0,0.0
2022-12-21 00:00:00-05:00,34.520694891764364,35.37993520642734,34.1713307931841,35.2855110168457,231500,0.0,0.0
2022-12-22 00:00:00-05:00,35.08721707123194,35.19108185350378,33.633117323253416,34.473472595214844,231700,0.0,0.0
2022-12-23 00:00:00-05:00,34.49235973826071,34.82283894052062,34.2374198743164,34.79450988769531,134100,0.0,0.0
2022-12-27 00:00:00-05:00,34.95503270397067,35.21941321089586,34.63399768759827,34.91726303100586,72600,0.0,0.0
2022-12-28 00:00:00-05:00,34.870050751899996,35.00224099782295,34.05802083904291,34.13356018066406,137500,0.0,0.0
2022-12-29 00:00:00-05:00,34.199653002490145,35.38936873766038,34.199653002490145,35.247737884521484,204000,0.0,0.0
2022-12-30 00:00:00-05:00,35.08722172862741,35.88036682354013,34.91726180815225,35.74817657470703,196100,0.0,0.0
2023-01-03 00:00:00-05:00,35.61598203927377,36.3052622551688,34.870047322734344,35.06833267211914,339900,0.0,0.0
2023-01-04 00:00:00-05:00,34.78506903399038,35.53100378615416,34.78506903399038,35.00223922729492,301100,0.0,0.0
2023-01-05 00:00:00-05:00,34.841726311186946,36.19196146559218,34.69065122547307,36.17307662963867,183100,0.0,0.0
2023-01-06 00:00:00-05:00,36.8623594356873,39.15681493203932,36.645189210350885,39.11904525756836,421300,0.0,0.0
2023-01-09 00:00:00-05:00,39.21346593506645,40.573145403938625,39.21346593506645,40.43151092529297,473800,0.0,0.0
2023-01-10 00:00:00-05:00,39.78943258749609,40.488157013847676,39.53449274012106,39.874412536621094,311800,0.0,0.0
2023-01-11 00:00:00-05:00,40.327644375725214,41.2057694607262,40.01605357887139,41.04525375366211,406600,0.0,0.0
2023-01-12 00:00:00-05:00,41.29075285956729,42.29162766390128,40.77143242032321,42.22553253173828,306600,0.0,0.0
2023-01-13 00:00:00-05:00,41.92337924585861,42.25385488238529,41.61178484406406,42.14999008178711,214900,0.0,0.0
2023-01-17 00:00:00-05:00,42.04613041348083,42.41437576824962,41.7250953551336,42.12166976928711,172000,0.0,0.0
2023-01-18 00:00:00-05:00,42.489909698110594,43.462455367477006,41.72509002685547,41.72509002685547,226100,0.0,0.0
2023-01-19 00:00:00-05:00,41.26243138948398,42.065017272945376,41.130241112388205,41.93282699584961,450300,0.0,0.0
2023-01-20 00:00:00-05:00,41.9422550738389,43.05643507894955,41.27185966792547,42.84870910644531,489200,0.0,0.0
2023-01-23 00:00:00-05:00,42.990342458282,42.999786676893706,42.41436758804548,42.877037048339844,271800,0.0,0.0
2023-01-24 00:00:00-05:00,42.55600352043794,43.122534191612694,42.168873388021886,42.47102355957031,268400,0.0,0.0
2023-01-25 00:00:00-05:00,42.065014380929846,42.338839137182426,41.46071395465841,41.8572883605957,183300,0.0,0.0
2023-01-26 00:00:00-05:00,42.46157096203335,42.933680922111414,42.03667127758046,42.71651077270508,237500,0.0,0.0
2023-01-27 00:00:00-05:00,42.81094448641668,44.10452516621341,42.74484935983749,43.70795440673828,280600,0.0,0.0
2023-01-30 00:00:00-05:00,42.82982922847969,44.01954510619779,42.82982922847969,43.537994384765625,345000,0.0,0.0
2023-01-31 00:00:00-05:00,43.53799910394448,44.79381024421624,43.20751983404112,44.68994903564453,267800,0.0,0.0
2023-02-01 00:00:00-05:00,44.75604060312085,46.66336230913153,44.26504564843491,46.25735092163086,581200,0.0,0.0
2023-02-02 00:00:00-05:00,45.6624919994995,46.64448192682333,44.142296816258934,44.576637268066406,357900,0.0,0.0
2023-02-03 00:00:00-05:00,43.207512984813086,48.44793776017273,43.207512984813086,47.484832763671875,1020500,0.0,0.0
2023-02-06 00:00:00-05:00,47.135471161482194,48.750090458283694,47.08826087135783,48.145790100097656,647500,0.0,0.0
2023-02-07 00:00:00-05:00,48.2024310817911,49.6943004355369,48.19299046647591,49.42991638183594,481500,0.0,0.0
2023-02-08 00:00:00-05:00,49.344937124552025,50.27971653798756,48.54235154076741,49.562110900878906,526100,0.0,0.0
2023-02-09 00:00:00-05:00,49.99646200472319,50.36470731889646,47.871966482725725,48.117462158203125,529700,0.0,0.0
2023-02-10 00:00:00-05:00,47.86251531343299,48.731199673729655,47.49427005273096,48.50458526611328,297100,0.0,0.0
2023-02-13 00:00:00-05:00,48.589568011806946,48.99558296410299,47.975827075995134,48.070247650146484,334900,0.0,0.0
2023-02-14 00:00:00-05:00,47.947499597247095,48.5895696079269,47.286548352648005,48.46682357788086,385400,0.0,0.0
2023-02-15 00:00:00-05:00,47.87196187827466,48.17411203529956,47.163796772388686,48.02303695678711,300200,0.0,0.0
2023-02-16 00:00:00-05:00,47.45649645242111,47.645341176135545,46.71056537671506,46.9843864440918,398700,0.0,0.0
2023-02-17 00:00:00-05:00,46.5500526197849,46.5500526197849,45.19037690207554,45.57750701904297,589500,0.0,0.0
2023-02-21 00:00:00-05:00,45.40754503573228,45.662484896548904,44.72770540688794,45.04874038696289,225400,0.0,0.0
2023-02-22 00:00:00-05:00,45.17149312508162,45.7569086225704,44.6332879157604,45.12428283691406,263700,0.0,0.0
2023-02-23 00:00:00-05:00,45.53974469330134,45.78524398867826,44.633294068635614,44.9826545715332,212400,0.0,0.0
2023-02-24 00:00:00-05:00,44.14229352737313,46.43674885876726,43.86846881001666,46.39897918701172,283300,0.0,0.0
2023-02-27 00:00:00-05:00,46.795555965173186,47.173241896587,46.57838574417951,46.97495651245117,226800,0.0,0.0
2023-02-28 00:00:00-05:00,47.352646766509736,47.84363812462939,47.05049657601407,47.617027282714844,308500,0.0,0.0
2023-03-01 00:00:00-05:00,47.824754292155426,49.98701580010405,47.73033011155698,49.44881057739258,414700,0.0,0.0
2023-03-02 00:00:00-05:00,49.269403057902224,51.77158765964576,48.73119791142985,51.64883804321289,518400,0.0,0.0
2023-03-03 00:00:00-05:00,51.35613845267041,51.6960583165375,50.27028733411095,51.42223358154297,433300,0.0,0.0
2023-03-06 00:00:00-05:00,51.063419184861885,51.063419184861885,48.85394424701856,49.16553497314453,348500,0.0,0.0
2023-03-07 00:00:00-05:00,48.76897333350971,48.91060419818722,47.758658037437556,47.786983489990234,406000,0.0,0.0
2023-03-08 00:00:00-05:00,47.88140534593402,48.62734016634316,47.39041041105386,47.67367935180664,336900,0.0,0.0
2023-03-09 00:00:00-05:00,47.75865813799482,48.06080830557329,46.0779437786862,46.351768493652344,235000,0.0,0.0
2023-03-10 00:00:00-05:00,46.19125589320408,46.4934097065379,44.86934961872383,45.199825286865234,208200,0.0,0.0
2023-03-13 00:00:00-04:00,45.643598448507724,45.832443183389564,43.981772705757734,44.3972282409668,432800,0.0,0.0
2023-03-14 00:00:00-04:00,45.2470269860291,46.02129080785039,43.87791067647774,44.30280685424805,341900,0.0,0.0
2023-03-15 00:00:00-04:00,42.75428911613894,42.763733335125366,40.51648827094389,41.83839797973633,369700,0.0,0.0
2023-03-16 00:00:00-04:00,41.09424343474285,43.37883683481803,40.66766247080128,42.7247428894043,379300,0.175,0.0
2023-03-17 00:00:00-04:00,42.26023932138233,42.26971737080921,41.41654827455411,41.8715705871582,307100,0.0,0.0
2023-03-20 00:00:00-04:00,42.36451449360222,43.29351888130837,42.32659867776227,43.066009521484375,161800,0.0,0.0
2023-03-21 00:00:00-04:00,44.03293340059676,44.68702733121777,43.4357150019104,44.36471939086914,210400,0.0,0.0
2023-03-22 00:00:00-04:00,44.364716023364856,44.51639012400456,43.122885454438475,43.20820236206055,247200,0.0,0.0
2023-03-23 00:00:00-04:00,43.41675818568263,44.20357018116004,42.326601561835794,42.62046813964844,210700,0.0,0.0
2023-03-24 00:00:00-04:00,41.95688454288618,42.02324534898591,41.11319717165211,41.85261154174805,328900,0.0,0.0
2023-03-27 00:00:00-04:00,42.20336070509725,42.66786107294903,41.92845025772607,42.430870056152344,269200,0.0,0.0
2023-03-28 00:00:00-04:00,42.40243387200684,43.179764146781785,42.193880612268565,42.85745620727539,239000,0.0,0.0
2023-03-29 00:00:00-04:00,43.29352069131575,43.634788361515476,43.05652965547663,43.12289047241211,167500,0.0,0.0
2023-03-30 00:00:00-04:00,43.720102419992806,44.03293230261714,43.0565268397985,43.40727615356445,277300,0.0,0.0
2023-03-31 00:00:00-04:00,43.492590205783294,44.2509606977708,43.35987582170995,44.1087646484375,250800,0.0,0.0
2023-04-03 00:00:00-04:00,44.77234564793279,45.19893023178698,44.18460889695378,44.53535461425781,483900,0.0,0.0
2023-04-04 00:00:00-04:00,44.440558644528366,44.45951836073811,42.108564177475635,42.58254623413086,381700,0.0,0.0
2023-04-05 00:00:00-04:00,42.345561857547395,42.516195714042546,41.84314195575428,42.29816436767578,261100,0.0,0.0
2023-04-06 00:00:00-04:00,42.26023634612787,42.26023634612787,41.58717916593602,41.85261154174805,235200,0.0,0.0
2023-04-10 00:00:00-04:00,41.900014220083364,42.76266141213526,41.80521563973937,42.279197692871094,208100,0.0,0.0
2023-04-11 00:00:00-04:00,42.2223265794041,43.42624155429124,42.2223265794041,42.62995147705078,297800,0.0,0.0
2023-04-12 00:00:00-04:00,43.89073737189995,43.89073737189995,42.62994699170561,42.64890670776367,343300,0.0,0.0
2023-04-13 00:00:00-04:00,42.69630028514748,44.13720602802161,42.506706758101664,44.1087646484375,355200,0.0,0.0
2023-04-14 00:00:00-04:00,44.10876536746683,44.4974304769584,42.876412845873745,43.04704666137695,229600,0.0,0.0
2023-04-17 00:00:00-04:00,43.606348385790696,44.06137071761194,43.22716130117497,44.013973236083984,279300,0.0,0.0
2023-04-18 00:00:00-04:00,44.23200278859198,44.8671405876866,44.23200278859198,44.79130172729492,182700,0.0,0.0
2023-04-19 00:00:00-04:00,44.364719170540994,44.86714260271037,43.72958495911782,44.73442459106445,220300,0.0,0.0
2023-04-20 00:00:00-04:00,44.46900073382677,44.601715144000764,42.525674835857934,42.62995147705078,238500,0.0,0.0
2023-04-21 00:00:00-04:00,42.72473893988299,42.77213641858434,42.032725625495,42.67734146118164,270000,0.0,0.0
2023-04-24 00:00:00-04:00,42.58255093481482,43.79594759281228,42.563594832708624,43.23664855957031,293000,0.0,0.0
2023-04-25 00:00:00-04:00,42.51618138620619,42.55410081180341,41.00891857257358,41.122676849365234,218100,0.0,0.0
2023-04-26 00:00:00-04:00,40.89517240110167,41.66302465595853,40.59182416574503,40.7340202331543,405900,0.0,0.0
2023-04-27 00:00:00-04:00,41.39758763079852,43.227158505793405,40.82881065685221,41.79573440551758,536100,0.0,0.0
2023-04-28 00:00:00-04:00,41.2838353767929,42.857455620803,41.10372350160841,42.459312438964844,312900,0.0,0.0
2023-05-01 00:00:00-04:00,42.13701018291545,43.160809657194065,42.08961269528898,43.02809524536133,275200,0.0,0.0
2023-05-02 00:00:00-04:00,42.648905245938124,42.648905245938124,41.33123214653782,42.269718170166016,200000,0.0,0.0
2023-05-03 00:00:00-04:00,42.08960523203594,42.23179766970207,41.05632427373366,41.151119232177734,381600,0.0,0.0
2023-05-04 00:00:00-04:00,41.09424156555341,41.71989771589845,40.27899549150067,40.9046516418457,293600,0.0,0.0
2023-05-05 00:00:00-04:00,41.78625914879493,42.165442618033936,41.57770589018605,42.13700485229492,179800,0.0,0.0
2023-05-08 00:00:00-04:00,42.838496337157764,43.113406793788045,41.86209447225247,41.97584915161133,146000,0.0,0.0
2023-05-09 00:00:00-04:00,41.539784880825955,41.90949028617681,40.87620931461358,41.710418701171875,157900,0.0,0.0
2023-05-10 00:00:00-04:00,42.30763465621517,42.30763465621517,40.553899073080565,40.83829116821289,143800,0.0,0.0
2023-05-11 00:00:00-04:00,39.966172362279096,40.65818582610725,39.70074353127559,39.833457946777344,123800,0.0,0.0
2023-05-12 00:00:00-04:00,39.814485523431216,40.354824680525006,39.075074806607184,39.29310607910156,328200,0.0,0.0
2023-05-15 00:00:00-04:00,39.75761356958622,40.52546580240985,39.66281860483095,40.19367980957031,310400,0.0,0.0
2023-05-16 00:00:00-04:00,39.833449580708276,40.41170822639924,39.3973869881595,39.643856048583984,239900,0.0,0.0
2023-05-17 00:00:00-04:00,40.14627344708177,40.78141119949134,39.89980440131704,40.44014358520508,353800,0.0,0.0
2023-05-18 00:00:00-04:00,40.155758304834265,40.54442342618642,39.77657123299005,40.297950744628906,246800,0.0,0.0
2023-05-19 00:00:00-04:00,40.715058525207745,40.895170401080875,40.2789959102332,40.42118835449219,235400,0.0,0.0
2023-05-22 00:00:00-04:00,40.648697753182816,41.065800615668714,40.07991717757945,40.260032653808594,217300,0.0,0.0
2023-05-23 00:00:00-04:00,40.20315750614493,41.17008132617214,39.880849566135865,40.515987396240234,194500,0.0,0.0
2023-05-24 00:00:00-04:00,40.297951687665574,40.39275026594302,39.681777201744154,40.11783981323242,265700,0.0,0.0
2023-05-25 00:00:00-04:00,39.87136804614065,40.11783710060464,38.62953387614455,38.94236373901367,201900,0.0,0.0
2023-05-26 00:00:00-04:00,39.28362544370198,39.85240599293956,39.112991640550256,39.57749557495117,221200,0.0,0.0
2023-05-30 00:00:00-04:00,39.53010845065468,40.27900104767033,38.88549249578,39.24571990966797,273300,0.0,0.0
2023-05-31 00:00:00-04:00,38.96132891872706,39.19831997934266,38.09868160273412,38.7432975769043,352100,0.0,0.0
2023-06-01 00:00:00-04:00,38.94236441582002,39.96616369641206,38.78120864894231,39.5490608215332,243700,0.0,0.0
2023-06-02 00:00:00-04:00,40.26004244933596,41.96637735891688,40.108368315510916,41.80522155761719,342300,0.0,0.0
2023-06-05 00:00:00-04:00,42.51619081528534,42.66786493511647,41.55874861188814,42.1749267578125,208300,0.0,0.0
2023-06-06 00:00:00-04:00,42.03273231673201,43.35988362881539,41.71042434758012,42.90485763549805,210900,0.0,0.0
2023-06-07 00:00:00-04:00,43.246121768102995,44.26044307844086,43.22716205192332,43.577911376953125,184100,0.0,0.0
2023-06-08 00:00:00-04:00,43.539991591716266,43.72010346966926,40.696099279343926,41.606143951416016,440400,0.0,0.0
2023-06-09 00:00:00-04:00,41.786256346041576,42.487747705990024,40.69609626068377,41.17007827758789,336000,0.0,0.0
2023-06-12 00:00:00-04:00,40.07992847030754,40.07992847030754,37.60574112899728,38.449432373046875,918300,0.0,0.0
2023-06-13 00:00:00-04:00,38.771736690607185,40.30743766084697,38.477866490838096,39.16987991333008,404200,0.0,0.0
2023-06-14 00:00:00-04:00,39.54905893337052,40.079916454927286,38.64849241704945,39.283626556396484,244300,0.0,0.0
2023-06-15 00:00:00-04:00,39.050333140981905,40.53578975694613,39.050333140981905,40.43104553222656,191000,0.185,0.0
2023-06-16 00:00:00-04:00,40.46913516911839,40.70718890540732,39.54548550994557,40.28821563720703,171100,0.0,0.0
2023-06-20 00:00:00-04:00,39.77402414157399,39.821634168869,38.33617734334404,39.01225280761719,285800,0.0,0.0
2023-06-21 00:00:00-04:00,39.11699630286768,39.7835439371404,38.869418353784525,39.221736907958984,175400,0.0,0.0
2023-06-22 00:00:00-04:00,38.650406811798085,38.75515104248671,36.90785162651338,37.117340087890625,354000,0.0,0.0
2023-06-23 00:00:00-04:00,36.660277325950034,37.50774809074063,36.365089369683176,37.117340087890625,384900,0.0,0.0
2023-06-26 00:00:00-04:00,37.04116700526366,38.06955737338833,37.04116700526366,37.926727294921875,199400,0.0,0.0
2023-06-27 00:00:00-04:00,37.72675871810338,37.72675871810338,37.031642177549614,37.38396072387695,292700,0.0,0.0
2023-06-28 00:00:00-04:00,37.117342233067596,38.57423009797905,36.35557091914044,38.5361442565918,447100,0.0,0.0
2023-06-29 00:00:00-04:00,38.393306870484395,39.03129278210445,38.145732579314036,38.859893798828125,263200,0.0,0.0
2023-06-30 00:00:00-04:00,39.05985747833066,39.50739966483571,38.85989321166695,39.393131256103516,215600,0.0,0.0
2023-07-03 00:00:00-04:00,39.383611660721414,40.02159394577323,39.36456692547052,39.68832015991211,84000,0.0,0.0
2023-07-05 00:00:00-04:00,39.39313783900389,40.202522856925256,38.67897651093864,39.85020065307617,388300,0.0,0.0
2023-07-06 00:00:00-04:00,39.38361675309672,40.11682280920794,38.650410696985496,39.269351959228516,453600,0.0,0.0
2023-07-07 00:00:00-04:00,39.326480691325216,41.145211284721526,39.326480691325216,40.83098220825195,288700,0.0,0.0
2023-07-10 00:00:00-04:00,40.67862897648989,40.83098324248223,39.91685401411595,40.23108673095703,158600,0.0,0.0
2023-07-11 00:00:00-04:00,40.01208501782151,40.783380673690175,39.74546591168005,40.65959167480469,485200,0.0,0.0
2023-07-12 00:00:00-04:00,41.402314421605176,41.97364569292245,41.07856112424915,41.59275817871094,334400,0.0,0.0
2023-07-13 00:00:00-04:00,41.516569828749965,41.91650199141874,41.08807601273504,41.46895980834961,181900,0.0,0.0
2023-07-14 00:00:00-04:00,41.345174237514726,41.345174237514726,39.89781061019506,40.459617614746094,145400,0.0,0.0
2023-07-17 00:00:00-04:00,40.45962343031298,40.58340878480807,39.973991668359034,40.012081146240234,209900,0.0,0.0
2023-07-18 00:00:00-04:00,40.088255838244315,41.16425996076082,39.99303577745347,40.86907196044922,134200,0.0,0.0
2023-07-19 00:00:00-04:00,41.011896420708396,41.25947433470426,40.54531314284273,40.745277404785156,100300,0.0,0.0
2023-07-20 00:00:00-04:00,41.002373806742554,41.07854910785435,40.36438795192528,40.72623062133789,134400,0.0,0.0
2023-07-21 00:00:00-04:00,40.91668503615159,41.24995887654996,40.36439852073437,41.22139358520508,174500,0.0,0.0
2023-07-24 00:00:00-04:00,41.24994710906683,41.754619818390005,40.916673363742355,41.04045867919922,176500,0.0,0.0
2023-07-25 00:00:00-04:00,40.9547673923019,43.42100449843445,40.90715736664464,43.12582015991211,434200,0.0,0.0
2023-07-26 00:00:00-04:00,42.763976461592726,43.16390865939585,41.5737076849592,41.8974609375,391900,0.0,0.0
2023-07-27 00:00:00-04:00,41.897456300836204,42.39260849300821,40.05968122250205,40.09777069091797,464300,0.0,0.0
2023-07-28 00:00:00-04:00,40.39295658575595,41.95459216079312,40.326301829600844,41.868892669677734,436000,0.0,0.0
2023-07-31 00:00:00-04:00,42.1450375642127,43.23056579947017,41.84985321610594,42.88776779174805,266000,0.0,0.0
2023-08-01 00:00:00-04:00,42.31642561081894,42.802057206815086,41.98315187428142,42.354515075683594,279900,0.0,0.0
2023-08-02 00:00:00-04:00,42.35452915203825,42.35452915203825,41.03095068360151,41.04999542236328,219500,0.0,0.0
2023-08-03 00:00:00-04:00,40.907155964012766,42.125993647037404,40.74528115584602,41.354698181152344,374600,0.0,0.0
2023-08-04 00:00:00-04:00,41.37374956934777,42.91633711672431,41.37374956934777,42.602108001708984,345000,0.0,0.0
2023-08-07 00:00:00-04:00,42.70684672107223,43.57336233582866,42.39261762001738,43.08773422241211,126800,0.0,0.0
2023-08-08 00:00:00-04:00,42.24025978305759,42.687802014520535,40.9833362200331,42.65923309326172,405200,0.0,0.0
2023-08-09 00:00:00-04:00,42.935375319048674,44.23038832508053,42.678276828226586,43.25912857055664,326700,0.0,0.0
2023-08-10 00:00:00-04:00,43.64953827322554,43.65905882551565,42.735412692063534,42.91633224487305,155800,0.0,0.0
2023-08-11 00:00:00-04:00,42.67827567499213,43.18294845866583,42.44022192685745,42.459266662597656,133600,0.0,0.0
2023-08-14 00:00:00-04:00,42.17360808985285,42.43070660541901,41.183303503763725,42.07838439941406,251800,0.0,0.0
2023-08-15 00:00:00-04:00,41.49753471568167,41.49753471568167,39.9454231262207,39.9454231262207,246600,0.0,0.0
2023-08-16 00:00:00-04:00,39.669279147323955,40.259651465856436,39.19317161860792,39.221736907958984,151300,0.0,0.0
2023-08-17 00:00:00-04:00,39.71689714241198,40.12634998985234,39.221744777311706,39.40266799926758,182900,0.0,0.0
2023-08-18 00:00:00-04:00,39.04081488443149,40.05968464082248,38.89798118188953,39.735931396484375,205800,0.0,0.0
2023-08-21 00:00:00-04:00,39.98351529061382,40.12634538203684,39.52644882730519,40.0787353515625,160100,0.0,0.0
2023-08-22 00:00:00-04:00,40.20251243787298,40.41199723644076,39.47882711216928,39.85971450805664,210600,0.0,0.0
2023-08-23 00:00:00-04:00,39.61214286842676,39.669277076558615,39.12651481274789,39.20269012451172,206800,0.0,0.0
2023-08-24 00:00:00-04:00,39.136034865961214,39.20268962505986,38.440918355066806,38.65992736816406,149400,0.0,0.0
2023-08-25 00:00:00-04:00,38.97416231381238,39.53596933899402,38.76467384029687,39.326480865478516,167300,0.0,0.0
2023-08-28 00:00:00-04:00,39.65975270136983,40.278690217276115,39.65975270136983,40.09777069091797,139300,0.0,0.0
2023-08-29 00:00:00-04:00,40.11681502362546,41.17377415091316,39.82162709497389,41.09759521484375,160600,0.0,0.0
2023-08-30 00:00:00-04:00,41.24995244655179,41.57370568350637,41.011898702685535,41.126163482666016,277600,0.0,0.0
2023-08-31 00:00:00-04:00,41.21186689805039,41.60227492985125,40.431050834448676,40.51675033569336,358200,0.0,0.0
2023-09-01 00:00:00-04:00,41.19282029408893,41.707017278254995,40.850025937056934,41.28804397583008,176600,0.0,0.0
2023-09-05 00:00:00-04:00,41.03094593532788,41.52609818859529,40.69767212659601,40.75480270385742,219000,0.0,0.0
2023-09-06 00:00:00-04:00,40.631013811919935,40.90715704393058,39.583578726074705,40.1453857421875,200500,0.0,0.0
2023-09-07 00:00:00-04:00,39.86924526416014,39.87876944932162,38.355223108183814,38.55519104003906,286200,0.0,0.0
2023-09-08 00:00:00-04:00,38.91703414916992,39.45979652177142,38.64089450221339,38.91703414916992,127100,0.0,0.0
2023-09-11 00:00:00-04:00,39.50740328870945,39.97398662038948,38.71706306833623,38.745628356933594,146600,0.0,0.0
2023-09-12 00:00:00-04:00,38.87894504169392,39.393138445179844,38.85037611809129,38.99320983886719,117200,0.0,0.0
2023-09-13 00:00:00-04:00,39.174121047266006,39.28838582006469,38.41234984125534,38.73610305786133,191400,0.0,0.0
2023-09-14 00:00:00-04:00,39.49658163563946,39.917469048912565,39.3435313354486,39.64006423950195,330300,0.185,0.0
2023-09-15 00:00:00-04:00,39.7165805897455,40.06094458530784,39.439175854541844,39.764408111572266,175100,0.0,0.0
2023-09-18 00:00:00-04:00,39.96529229384705,40.14704201450784,39.343527112499594,39.372222900390625,134500,0.0,0.0
2023-09-19 00:00:00-04:00,41.266215293604795,43.51414532983266,41.10360098812339,41.56275177001953,703700,0.0,0.0
2023-09-20 00:00:00-04:00,41.72537497646539,41.907124708428924,40.68271871317307,40.71141815185547,464800,0.0,0.0
2023-09-21 00:00:00-04:00,41.06534544874748,41.06534544874748,39.99399341722814,40.58706283569336,297100,0.0,0.0
2023-09-22 00:00:00-04:00,40.912300290609714,41.314055984448565,40.33835889354494,40.4244499206543,169600,0.0,0.0
2023-09-25 00:00:00-04:00,40.33835364454761,42.01234278239736,40.280962066614215,41.974082946777344,195700,0.0,0.0
2023-09-26 00:00:00-04:00,41.457532096927494,42.2514792423446,40.98881358651991,41.22795486450195,205600,0.0,0.0
2023-09-27 00:00:00-04:00,41.71581051638436,42.97847633569879,41.25665964108882,42.93064880371094,424200,0.0,0.0
2023-09-28 00:00:00-04:00,42.997606871855595,43.93504033874038,42.72020208550009,43.78199005126953,299100,0.0,0.0
2023-09-29 00:00:00-04:00,44.021135031325976,44.021135031325976,42.261054753858986,43.093265533447266,392100,0.0,0.0
2023-10-02 00:00:00-04:00,42.85412461170442,42.85412461170442,41.42884436142417,41.7732048034668,216400,0.0,0.0
2023-10-03 00:00:00-04:00,41.6871112085295,42.18452187802893,40.82620110938341,41.33317947387695,286700,0.0,0.0
2023-10-04 00:00:00-04:00,41.17057258458207,41.70624683278951,40.58706715077855,40.9218635559082,326700,0.0,0.0
2023-10-05 00:00:00-04:00,40.749673334940276,42.28017974197954,39.64962561791867,39.687889099121094,433000,0.0,0.0
2023-10-06 00:00:00-04:00,39.82180977538955,40.88359771730342,38.9513356007676,40.33835220336914,242500,0.0,0.0
2023-10-09 00:00:00-04:00,40.65401855452535,43.236745168967076,40.35748204672061,43.074127197265625,454000,0.0,0.0
2023-10-10 00:00:00-04:00,42.53845617711014,43.82981775467246,42.21322385882684,42.94977951049805,409900,0.0,0.0
2023-10-11 00:00:00-04:00,42.67237286863383,42.96890573632469,42.2514818579657,42.5671501159668,192400,0.0,0.0
2023-10-12 00:00:00-04:00,42.75846613659212,42.75846613659212,41.75407338368361,41.974082946777344,253400,0.0,0.0
2023-10-13 00:00:00-04:00,40.70184964734131,40.74011313215313,38.26260905019287,40.30965805053711,1277300,0.0,0.0
2023-10-16 00:00:00-04:00,40.58706923639312,40.90273391330657,39.80268591920535,39.85051345825195,307200,0.0,0.0
2023-10-17 00:00:00-04:00,39.773989102193354,40.567936447159234,39.71659386740981,40.49141311645508,240100,0.0,0.0
2023-10-18 00:00:00-04:00,40.52010612950555,40.654024685805915,39.984428255297125,40.4722785949707,227900,0.0,0.0
2023-10-19 00:00:00-04:00,40.347922858849365,40.740114468518314,39.95573124918041,40.08008575439453,160000,0.0,0.0
2023-10-20 00:00:00-04:00,39.821812206774304,40.04182177544073,38.903506797505806,38.9130744934082,310100,0.0,0.0
2023-10-23 00:00:00-04:00,38.281745898831865,38.60697826510008,37.650412911253234,37.659976959228516,325800,0.0,0.0
2023-10-24 00:00:00-04:00,37.93738080669486,38.50175449683231,37.726935266607526,38.02347183227539,232500,0.0,0.0
2023-10-25 00:00:00-04:00,37.92781710026929,38.16695843469972,37.32517991578259,37.53562545776367,267200,0.0,0.0
2023-10-26 00:00:00-04:00,36.64601155034922,40.04181704190815,36.64601155034922,39.34352493286133,751500,0.0,0.0
2023-10-27 00:00:00-04:00,39.55397033691406,40.357485266648794,39.180910485431276,39.55397033691406,500600,0.0,0.0
2023-10-30 00:00:00-04:00,40.79751163074765,42.318450608410636,39.25744090914467,39.63050079345703,340400,0.0,0.0
2023-10-31 00:00:00-04:00,39.85050841190846,39.93659943089341,38.93220664207351,39.458316802978516,226300,0.0,0.0
2023-11-01 00:00:00-04:00,39.458316285826506,40.27139528302263,39.018297149673465,40.08964920043945,262200,0.0,0.0
2023-11-02 00:00:00-04:00,40.701847650930745,42.08886789076875,40.701847650930745,41.868858337402344,247300,0.0,0.0
2023-11-03 00:00:00-04:00,42.06017314241911,42.46192877614471,41.15143546979312,41.572322845458984,246500,0.0,0.0
2023-11-06 00:00:00-05:00,42.07930372510571,42.07930372510571,41.333180406017135,41.52449417114258,125600,0.0,0.0
2023-11-07 00:00:00-05:00,40.65401851268962,41.304483100813165,39.783544379907575,39.821807861328125,198700,0.0,0.0
2023-11-08 00:00:00-05:00,39.86007452495705,40.080087756327806,39.534845824164044,39.69746017456055,179800,0.0,0.0
2023-11-09 00:00:00-05:00,40.0131223211993,40.42444198216163,39.391353508732976,39.60179901123047,150200,0.0,0.0
2023-11-10 00:00:00-05:00,39.793107280227616,40.816631660221006,39.582665436485506,40.39574432373047,206200,0.0,0.0
2023-11-13 00:00:00-05:00,40.18530067946242,40.7496742686068,40.07051388223154,40.50096893310547,147700,0.0,0.0
2023-11-14 00:00:00-05:00,41.13230069123167,42.930644161779405,41.03664563759881,42.80628967285156,221400,0.0,0.0
2023-11-15 00:00:00-05:00,42.595853889902095,43.810692322912814,42.595853889902095,43.11240005493164,197100,0.0,0.0
2023-11-16 00:00:00-05:00,42.72977335832208,42.9784823981521,41.41927982216437,41.64885711669922,285800,0.0,0.0
2023-11-17 00:00:00-05:00,42.28974707652864,42.49062489495344,41.83059621341195,42.05060577392578,138000,0.0,0.0
2023-11-20 00:00:00-05:00,42.14626835578736,43.074134213792604,41.86886354352495,42.67237854003906,273800,0.0,0.0
2023-11-21 00:00:00-05:00,42.65324382042772,42.65324382042772,41.667982799621406,41.964515686035156,142800,0.0,0.0
2023-11-22 00:00:00-05:00,41.122732726828154,41.85928459742822,40.71140946719089,41.56275177001953,232100,0.0,0.0
2023-11-24 00:00:00-05:00,40.96012557080826,41.32362140401637,40.223569857021275,40.9505615234375,235200,0.0,0.0
2023-11-27 00:00:00-05:00,40.510544114247736,40.615766894384656,39.86007933613544,39.95573806762695,139300,0.0,0.0
2023-11-28 00:00:00-05:00,40.11834384592055,40.48183964972717,39.496578644916475,40.04182052612305,277000,0.0,0.0
2023-11-29 00:00:00-05:00,40.45314233538632,41.1323027373815,40.45314233538632,40.692283630371094,155500,0.0,0.0
2023-11-30 00:00:00-05:00,40.77837426372404,41.24708915409649,40.51053353450467,40.83576583862305,224300,0.0,0.0
2023-12-01 00:00:00-05:00,40.77837621699752,41.505364176257686,40.48183968612462,41.28535461425781,181800,0.0,0.0
2023-12-04 00:00:00-05:00,41.07491369236631,41.62015563503878,40.68272205554915,41.40971374511719,134300,0.0,0.0
2023-12-05 00:00:00-05:00,41.132301791385075,41.132301791385075,40.50096893310547,40.50096893310547,110800,0.0,0.0
2023-12-06 00:00:00-05:00,40.49140613640796,41.18969828536785,40.223565402596634,40.33835220336914,245900,0.0,0.0
2023-12-07 00:00:00-05:00,40.36705535391234,40.84533799163877,39.974863736936946,40.27139663696289,300000,0.0,0.0
2023-12-08 00:00:00-05:00,40.65402530020096,41.19926722995368,40.3957522310012,40.8740348815918,118700,0.0,0.0
2023-12-11 00:00:00-05:00,40.62531846752249,41.61057929227841,40.62531846752249,41.56275177001953,142900,0.0,0.0
2023-12-12 00:00:00-05:00,41.476670991141916,41.476670991141916,40.558369201059286,40.893165588378906,247400,0.0,0.0
2023-12-13 00:00:00-05:00,40.88359779910983,42.213222828488945,40.577493581426296,42.136695861816406,289800,0.0,0.0
2023-12-14 00:00:00-05:00,42.890766739461505,44.398907576874514,42.641008831382614,43.73609161376953,581800,0.185,0.0
2023-12-15 00:00:00-05:00,43.79372586447364,44.437325689924066,43.47672631028165,44.31245040893555,351900,0.0,0.0
2023-12-18 00:00:00-05:00,44.7639292567421,45.897436808532184,44.18757109946393,45.148170471191406,297600,0.0,0.0
2023-12-19 00:00:00-05:00,45.513203829093236,46.64671149471461,45.513203829093236,46.531436920166016,216600,0.0,0.0
2023-12-20 00:00:00-05:00,46.58907585348562,46.867650588559506,45.810988937574635,45.90705108642578,222600,0.0,0.0
2023-12-21 00:00:00-05:00,46.10877726262794,46.694743559977255,45.91665662448771,46.18562698364258,269100,0.0,0.0
2023-12-22 00:00:00-05:00,46.10877403817979,46.96370697050099,46.10877403817979,46.89646530151367,238400,0.0,0.0
2023-12-26 00:00:00-05:00,47.424803621989966,47.530470169631975,46.877262115478516,46.877262115478516,173300,0.0,0.0
2023-12-27 00:00:00-05:00,46.82922628457752,46.8964679573729,46.27207680782,46.61789321899414,329700,0.0,0.0
2023-12-28 00:00:00-05:00,46.589076878984784,46.771589469224914,45.92626452710563,46.11838150024414,186100,0.0,0.0
2023-12-29 00:00:00-05:00,45.935874435606856,46.27208284343796,45.378728550572916,45.49399948120117,151300,0.0,0.0
2024-01-02 00:00:00-05:00,45.19619811873787,45.82058915417841,44.94644390319905,45.36910629272461,241100,0.0,0.0
2024-01-03 00:00:00-05:00,45.061721227253,45.061721227253,44.30284676252133,44.418121337890625,195800,0.0,0.0
2024-01-04 00:00:00-05:00,44.446944109867566,44.77354812175244,43.543981801431364,43.83216094970703,140600,0.0,0.0
2024-01-05 00:00:00-05:00,43.937824332598375,44.93684506381526,43.45752456521465,44.744728088378906,290600,0.0,0.0
2024-01-08 00:00:00-05:00,44.87921178899707,44.87921178899707,43.399887614395496,44.043487548828125,258100,0.0,0.0
2024-01-09 00:00:00-05:00,43.99545449606484,44.16836269186303,43.19815885045861,43.572792053222656,191900,0.0,0.0
2024-01-10 00:00:00-05:00,43.53436704556891,43.53436704556891,42.69864654501803,43.16933822631836,159100,0.0,0.0
2024-01-11 00:00:00-05:00,43.22697668431006,43.59200551345295,42.66022284342881,43.380672454833984,163100,0.0,0.0
2024-01-12 00:00:00-05:00,44.081914070496666,44.274034719073526,43.159739354603666,43.68806838989258,203000,0.0,0.0
2024-01-16 00:00:00-05:00,43.6304282228944,44.091519214874204,42.48731611895187,42.68904113769531,189500,0.0,0.0
2024-01-17 00:00:00-05:00,41.997409672339145,42.18952663331872,41.69001813749646,41.72843933105469,215700,0.0,0.0
2024-01-18 00:00:00-05:00,42.05503945598113,42.05503945598113,41.104048126994314,41.795677185058594,357400,0.0,0.0
2024-01-19 00:00:00-05:00,41.738056653670384,42.41047715972708,41.63239010301044,42.24717330932617,147200,0.0,0.0
2024-01-22 00:00:00-05:00,42.064652643864356,42.9003731760667,41.92056125427253,42.6121940612793,204200,0.0,0.0
2024-01-23 00:00:00-05:00,42.66983050314073,43.97624648513056,42.66983050314073,43.81294631958008,201400,0.0,0.0
2024-01-24 00:00:00-05:00,44.15875667067386,44.264423193561676,43.39988224665774,43.45751953125,116900,0.0,0.0
2024-01-25 00:00:00-05:00,43.99545785972409,44.22600335988001,43.3230374540321,44.139549255371094,225500,0.0,0.0
2024-01-26 00:00:00-05:00,44.053092964910164,44.542997089886974,43.68806413460816,43.78412628173828,97200,0.0,0.0
2024-01-29 00:00:00-05:00,43.659244537353516,43.7841234884577,43.0348534462286,43.659244537353516,146400,0.0,0.0
2024-01-30 00:00:00-05:00,43.26540589454076,44.01467239315426,43.26540589454076,43.68806838989258,103700,0.0,0.0
2024-01-31 00:00:00-05:00,43.630426576854106,43.630426576854106,42.40086041635261,42.573768615722656,330500,0.0,0.0
2024-02-01 00:00:00-05:00,44.18757409228166,45.54201915157793,43.620820278000465,44.16836166381836,864500,0.0,0.0
2024-02-02 00:00:00-05:00,44.05309294827733,44.89842152072208,43.140522705065,44.322059631347656,298800,0.0,0.0
2024-02-05 00:00:00-05:00,43.70727689078685,43.70727689078685,42.420073424790026,42.74667739868164,368000,0.0,0.0
2024-02-06 00:00:00-05:00,42.890772607201306,43.505555750584826,42.75628558823915,42.81392288208008,265400,0.0,0.0
2024-02-07 00:00:00-05:00,42.785100642619575,43.34224642152146,42.56416320750365,43.16933822631836,159900,0.0,0.0
2024-02-08 00:00:00-05:00,43.62082303304104,45.1385719979366,43.42870240066997,44.15876007080078,282600,0.0,0.0
2024-02-09 00:00:00-05:00,44.15875948201258,44.39890935317533,43.755305792973125,44.18757629394531,360900,0.0,0.0
2024-02-12 00:00:00-05:00,44.274033717713,45.10975430606448,44.254821286850195,44.75433349609375,596900,0.0,0.0
2024-02-13 00:00:00-05:00,44.600631961716445,44.600631961716445,42.49692052289434,42.89076614379883,434900,0.0,0.0
2024-02-14 00:00:00-05:00,43.515152557848666,43.82254407602222,43.25579027731549,43.35185241699219,245400,0.0,0.0
2024-02-15 00:00:00-05:00,43.52476039662447,44.9272346496582,43.371064638270035,44.9272346496582,495200,0.0,0.0
2024-02-16 00:00:00-05:00,45.08093803169699,45.513208570294296,44.66787992419252,45.19620895385742,181200,0.0,0.0
2024-02-20 00:00:00-05:00,42.89077137562376,42.90998014195592,40.29715185760144,40.31636428833008,1080100,0.0,0.0
2024-02-21 00:00:00-05:00,40.345174324959395,42.17991901078052,39.72078325655286,42.03582763671875,737000,0.0,0.0
2024-02-22 00:00:00-05:00,42.2663792801166,42.631408127203144,41.997412584577255,42.32401657104492,285600,0.0,0.0
2024-02-23 00:00:00-05:00,42.03582522584732,42.93879094464121,41.89173752444524,42.650611877441406,229100,0.0,0.0
2024-02-26 00:00:00-05:00,42.199137137067446,42.90997872863166,42.08386622088877,42.82352828979492,167500,0.0,0.0
2024-02-27 00:00:00-05:00,43.10209759628838,43.38067232465082,42.37204360458967,42.573768615722656,209100,0.0,0.0
2024-02-28 00:00:00-05:00,42.48731522324455,43.37106866411235,42.08386519426309,43.28461456298828,196200,0.0,0.0
2024-02-29 00:00:00-05:00,43.32304225769886,43.37107517117137,42.73707955594055,43.07328796386719,250000,0.0,0.0
2024-03-01 00:00:00-05:00,43.24618898560115,43.78412601303988,42.40086041802493,42.506526947021484,305600,0.0,0.0
2024-03-04 00:00:00-05:00,42.650614899489696,42.90997351326966,41.62277383286451,41.67080307006836,254900,0.0,0.0
2024-03-05 00:00:00-05:00,41.30578289403096,41.69002420066434,40.33557890815686,40.4028205871582,285700,0.0,0.0
2024-03-06 00:00:00-05:00,40.921537707821635,41.30577897802693,40.35478384968681,40.671783447265625,365100,0.0,0.0
2024-03-07 00:00:00-05:00,40.70060084062751,41.315383950209416,40.4604509594223,40.77745056152344,297800,0.0,0.0
2024-03-08 00:00:00-05:00,40.97917548828107,41.18090050857559,39.836063375549095,39.97054672241211,294000,0.0,0.0
2024-03-11 00:00:00-04:00,40.14345502653412,40.719813275737216,39.951334388667625,40.710208892822266,164000,0.0,0.0
2024-03-12 00:00:00-04:00,40.84469164456037,40.90232893439898,40.229908543867246,40.80626678466797,141100,0.0,0.0
2024-03-13 00:00:00-04:00,41.14877197616671,41.82412986073214,41.07158611483098,41.563636779785156,120500,0.185,0.0
2024-03-14 00:00:00-04:00,41.4768101809497,41.67941757394286,40.81109491765084,41.22595977783203,119700,0.0,0.0
2024-03-15 00:00:00-04:00,41.332082876202406,41.85307639894526,41.158418368621454,41.563636779785156,141400,0.0,0.0
2024-03-18 00:00:00-04:00,41.54433935947912,42.00744347557489,41.34172831834243,41.91096115112305,127300,0.0,0.0
2024-03-19 00:00:00-04:00,42.00744632705405,42.75034371385174,41.82413173836427,42.68280792236328,197600,0.0,0.0
2024-03-20 00:00:00-04:00,42.58632492062289,43.36781522751247,42.52843920335855,43.280982971191406,516700,0.0,0.0
2024-03-21 00:00:00-04:00,43.18450746618079,43.23275047875767,42.55738878735769,42.84682846069336,111500,0.0,0.0
2024-03-22 00:00:00-04:00,42.740692499538035,42.981892799964804,42.65386024416742,42.7792854309082,81600,0.0,0.0
2024-03-25 00:00:00-04:00,42.759993969257266,43.223098158620985,42.52844371478788,42.576683044433594,117400,0.0,0.0
2024-03-26 00:00:00-04:00,42.48984066774046,42.95294474690089,42.48984066774046,42.8371696472168,165800,0.0,0.0
2024-03-27 00:00:00-04:00,42.93365791173412,43.734444758489516,42.74069691537169,43.42570495605469,633700,0.0,0.0
2024-03-28 00:00:00-04:00,43.41605362696672,43.41605362696672,42.75034212963937,43.059078216552734,367800,0.0,0.0
2024-04-01 00:00:00-04:00,43.12661671395593,43.53183147331865,42.827527000789615,43.04943084716797,428000,0.0,0.0
2024-04-02 00:00:00-04:00,43.20380062253579,44.65100255867709,43.03013609576484,44.380859375,826400,0.0,0.0
2024-04-03 00:00:00-04:00,45.10445928939118,47.14983694750346,44.718537309932366,46.96652603149414,705800,0.0,0.0
2024-04-04 00:00:00-04:00,47.333151162479204,47.921676839795055,46.802507524893606,47.70942306518555,472400,0.0,0.0
2024-04-05 00:00:00-04:00,47.709416787315426,49.50394748448035,47.2173661481964,49.426761627197266,453600,0.0,0.0
2024-04-08 00:00:00-04:00,49.42676607617552,49.61007698308656,47.950621386796904,48.153228759765625,306200,0.0,0.0
2024-04-09 00:00:00-04:00,48.539152871955345,48.83823890804723,48.19182382836823,48.74176025390625,277100,0.0,0.0
2024-04-10 00:00:00-04:00,48.278655545054335,48.78035263786659,47.75766198554645,48.558448791503906,283100,0.0,0.0
2024-04-11 00:00:00-04:00,48.55844841370539,48.57774119982622,46.80250676231186,47.06300354003906,286900,0.0,0.0
2024-04-12 00:00:00-04:00,47.275262536129546,48.12428868974632,46.18503606345088,46.223628997802734,442800,0.0,0.0
2024-04-15 00:00:00-04:00,46.59025326971496,46.725324855916334,45.51932329279734,45.85700225830078,319100,0.0,0.0
2024-04-16 00:00:00-04:00,45.36495804850004,46.10785549902542,45.345661580644524,45.84735870361328,157100,0.0,0.0
2024-04-17 00:00:00-04:00,45.92453663949561,46.38764446426922,45.162346472159975,45.23952865600586,265400,0.0,0.0
2024-04-18 00:00:00-04:00,45.42284184511225,45.86664950973124,45.02726982354053,45.40354537963867,131900,0.0,0.0
2024-04-19 00:00:00-04:00,45.4421386390893,47.41033412593624,45.4421386390893,46.223628997802734,642400,0.0,0.0
2024-04-22 00:00:00-04:00,46.281507711825455,46.397282807720984,45.66403562648404,45.982418060302734,207600,0.0,0.0
2024-04-23 00:00:00-04:00,45.86665012885502,46.484122310646626,45.51932110649111,46.2622184753418,164200,0.0,0.0
2024-04-24 00:00:00-04:00,46.17538418303079,46.5998953691819,45.84735164086991,46.030662536621094,217300,0.0,0.0
2024-04-25 00:00:00-04:00,46.86039461656668,49.11802960199123,44.82466346846031,46.08855438232422,948700,0.0,0.0
2024-04-26 00:00:00-04:00,45.98242782735581,47.0823006730454,45.557916598619826,46.57095718383789,490900,0.0,0.0
2024-04-29 00:00:00-04:00,47.18842871829359,48.896127362601554,47.00511780680307,48.62598419189453,621300,0.0,0.0
2024-04-30 00:00:00-04:00,48.35583893500785,48.35583893500785,46.17538967007531,46.223628997802734,293700,0.0,0.0
2024-05-01 00:00:00-04:00,46.030666799457315,47.08230031020831,45.52896970731306,46.53236389160156,286900,0.0,0.0
2024-05-02 00:00:00-04:00,46.870046571857294,47.07265395140228,45.92453810646462,46.42623519897461,176400,0.0,0.0
2024-05-03 00:00:00-04:00,46.40693869845933,47.05335745041575,46.31046004553434,46.53236389160156,175200,0.0,0.0
2024-05-06 00:00:00-04:00,47.082297087867914,47.67082639953524,47.082297087867914,47.39103317260742,155500,0.0,0.0
2024-05-07 00:00:00-04:00,47.46821943052864,48.38478129994121,47.391033568486776,48.211116790771484,114800,0.0,0.0
2024-05-08 00:00:00-04:00,47.27525601425625,47.82519237141672,46.66743026355416,46.69637680053711,337300,0.0,0.0
2024-05-09 00:00:00-04:00,47.04370769034948,48.635631237192555,46.850750383213715,48.490909576416016,295500,0.0,0.0
2024-05-10 00:00:00-04:00,48.963663742443245,49.42676790367647,48.35583792063883,48.70316696166992,222700,0.0,0.0
2024-05-13 00:00:00-04:00,49.12768112729185,51.66510961285691,48.88648079886542,50.970455169677734,641500,0.0,0.0
2024-05-14 00:00:00-04:00,51.13446173991871,51.63615878731978,50.63276469251764,51.39495849609375,281300,0.0,0.0
2024-05-15 00:00:00-04:00,51.42390721635714,51.472146544017434,50.23720208987483,50.845027923583984,321800,0.0,0.0
2024-05-16 00:00:00-04:00,50.5362876642131,51.95454291928563,50.5362876642131,51.69404983520508,347600,0.0,0.0
2024-05-17 00:00:00-04:00,51.7905280935151,52.369407334449804,51.57827065430763,51.7615852355957,334900,0.0,0.0
2024-05-20 00:00:00-04:00,51.77123811014837,54.443738178577256,51.77123811014837,53.102664947509766,316300,0.0,0.0
2024-05-21 00:00:00-04:00,52.45624276060807,52.58166795321723,50.951155170996955,51.57827377319336,237500,0.0,0.0
2024-05-22 00:00:00-04:00,50.79678565605357,51.29847905119485,50.23719918239085,50.39156723022461,201500,0.0,0.0
2024-05-23 00:00:00-04:00,50.82572986187006,50.82572986187006,50.024943062218156,50.4398078918457,213800,0.0,0.0
2024-05-24 00:00:00-04:00,50.78713601539627,51.08622572080737,50.21790314408134,50.999393463134766,184300,0.0,0.0
2024-05-28 00:00:00-04:00,50.999393625422314,51.83876966531209,50.999393625422314,51.250240325927734,271100,0.0,0.0
2024-05-29 00:00:00-04:00,50.90291165224774,50.90291165224774,50.16966433140633,50.50734329223633,125200,0.0,0.0
2024-05-30 00:00:00-04:00,50.30473087947675,51.69404687734215,50.30473087947675,51.13446044921875,177100,0.0,0.0
2024-05-31 00:00:00-04:00,51.39496279496669,51.906306277400816,50.738897653522116,51.790531158447266,208600,0.0,0.0
2024-06-03 00:00:00-04:00,51.79053440526288,51.809830873035644,49.639027934336596,49.79339599609375,236500,0.0,0.0
2024-06-04 00:00:00-04:00,49.29169667944427,49.31099314635742,48.38478481707493,48.74176025390625,213200,0.0,0.0
2024-06-05 00:00:00-04:00,48.529504519585856,48.78035491792944,48.01816100973721,48.72246551513672,239300,0.0,0.0
2024-06-06 00:00:00-04:00,48.8575345214535,49.70656064867626,48.70316646926979,49.089088439941406,193800,0.0,0.0
2024-06-07 00:00:00-04:00,48.577738468468155,49.41711815409085,48.29794892035172,49.098731994628906,159200,0.0,0.0
2024-06-10 00:00:00-04:00,49.43641456502565,49.600429000622505,48.76105299635006,49.31098937988281,175800,0.0,0.0
2024-06-11 00:00:00-04:00,48.84789081973575,49.127680399442255,48.24006497058739,49.07944107055664,285100,0.0,0.0
2024-06-12 00:00:00-04:00,50.0056517189595,50.449459420995844,48.93472171764479,49.1373291015625,196400,0.0,0.0
2024-06-13 00:00:00-04:00,48.80929511054735,48.886477296292966,47.651532880965746,47.8444938659668,167400,0.0,0.0
2024-06-14 00:00:00-04:00,47.500703153235754,47.63628051414833,46.154608363880854,46.609764099121094,199700,0.185,0.0
2024-06-17 00:00:00-04:00,46.39671194560304,46.929338876378914,46.33860577900337,46.80344772338867,125600,0.0,0.0
2024-06-18 00:00:00-04:00,46.80345304447028,47.03587034888041,46.48387463314829,46.78408432006836,111700,0.0,0.0
2024-06-20 00:00:00-04:00,46.4935534389879,47.22955013071717,46.464502201805956,47.02618408203125,195200,0.0,0.0
2024-06-21 00:00:00-04:00,47.258602862345946,47.47165512630058,46.82281581980522,47.10365676879883,228200,0.0,0.0
2024-06-24 00:00:00-04:00,46.84218997281435,47.733132884635346,46.84218997281435,47.423240661621094,147400,0.0,0.0
2024-06-25 00:00:00-04:00,47.23923165342243,47.23923165342243,46.328923863504016,46.551658630371094,152500,0.0,0.0
2024-06-26 00:00:00-04:00,46.483870835425,46.88092041770935,45.960926401917,46.83250045776367,162500,0.0,0.0
2024-06-27 00:00:00-04:00,46.9680808655676,46.9680808655676,46.348296472022824,46.69692611694336,111100,0.0,0.0
2024-06-28 00:00:00-04:00,46.99712895444566,47.27796989338589,46.53229069044431,46.73565673828125,248500,0.0,0.0
2024-07-01 00:00:00-04:00,46.96807757047775,47.03586625287804,45.670402702205585,46.1061897277832,154700,0.0,0.0
2024-07-02 00:00:00-04:00,45.999659996095005,46.677550461194414,45.999659996095005,46.63881301879883,150800,0.0,0.0
2024-07-03 00:00:00-04:00,46.667869092167045,47.53944316540615,46.667869092167045,47.50070571899414,97400,0.0,0.0
2024-07-05 00:00:00-04:00,47.27796811429014,47.67501768073798,45.428297642173725,45.83503341674805,211900,0.0,0.0
2024-07-08 00:00:00-04:00,45.651033972277446,46.88092015795501,45.350828005753954,46.15460968017578,300100,0.0,0.0
2024-07-09 00:00:00-04:00,46.4160856897618,46.90997522957395,45.79630128913226,45.815670013427734,172600,0.0,0.0
2024-07-10 00:00:00-04:00,46.05777048947201,48.28512191772461,46.05777048947201,48.28512191772461,263300,0.0,0.0
2024-07-11 00:00:00-04:00,48.149546978255884,49.29227583452066,48.149546978255884,48.837120056152344,200800,0.0,0.0
2024-07-12 00:00:00-04:00,49.331006008523524,49.91205660359179,49.20511485300058,49.46658706665039,181800,0.0,0.0
2024-07-15 00:00:00-04:00,49.35037941559516,50.45437084855104,48.98238473408083,50.1832160949707,225800,0.0,0.0
2024-07-16 00:00:00-04:00,49.88299920279719,51.35498879886712,49.30195233070381,51.24846267700195,167700,0.0,0.0
2024-07-17 00:00:00-04:00,51.12257662446058,51.848887134090965,50.047636479134596,50.454368591308594,237700,0.0,0.0
2024-07-18 00:00:00-04:00,50.35752049655984,50.832044911304855,48.87584847947996,49.05016326904297,230500,0.0,0.0
2024-07-19 00:00:00-04:00,48.73058986380675,48.83711598980674,47.97522816192472,48.01396560668945,144200,0.0,0.0
2024-07-22 00:00:00-04:00,47.65565574125025,48.12049405391728,47.4813409122243,48.0333366394043,165700,0.0,0.0
2024-07-23 00:00:00-04:00,47.9171255717454,47.9171255717454,47.0261864408851,47.384498596191406,148300,0.0,0.0
2024-07-24 00:00:00-04:00,47.181129981235564,47.53944211713008,46.609765588979165,46.68723678588867,200000,0.0,0.0
2024-07-25 00:00:00-04:00,46.17397997578783,47.161762702520775,45.718824212062174,46.42576599121094,142300,0.0,0.0
2024-07-26 00:00:00-04:00,46.74534198340957,46.88091934584011,45.844716711028305,46.06745147705078,167400,0.0,0.0
2024-07-29 00:00:00-04:00,46.00934612149179,46.600079234678745,45.563876581589085,46.057769775390625,188700,0.0,0.0
2024-07-30 00:00:00-04:00,45.79629568049565,46.232082688257314,45.19587638348805,45.205562591552734,247900,0.0,0.0
2024-07-31 00:00:00-04:00,45.30240613127004,48.22701687997275,45.06030262916756,47.05523681640625,711900,0.0,0.0
2024-08-01 00:00:00-04:00,47.15207993354935,47.62660445526428,43.95631422816329,44.34368133544922,295900,0.0,0.0
2024-08-02 00:00:00-04:00,43.0944263485926,43.69484204086932,40.52812757149942,41.67085647583008,650900,0.0,0.0
2024-08-05 00:00:00-04:00,40.140757697585386,40.334441220304704,38.61066193172924,40.19886016845703,754500,0.0,0.0
2024-08-06 00:00:00-04:00,40.48939217610543,41.3319113530691,40.19886500993294,40.86707305908203,368600,0.0,0.0
2024-08-07 00:00:00-04:00,41.903272894645305,42.77484325048601,39.30792316140157,39.39508056640625,706100,0.0,0.0
2024-08-08 00:00:00-04:00,39.59844788340955,41.33190983065303,39.59844788340955,40.88644027709961,459200,0.0,0.0
2024-08-09 00:00:00-04:00,40.88644027709961,41.322223621894,40.73149418481119,40.88644027709961,367200,0.0,0.0
2024-08-12 00:00:00-04:00,40.88644345147739,41.78706883726682,40.88644345147739,41.6224365234375,384200,0.0,0.0
2024-08-13 00:00:00-04:00,41.486856577628075,43.423684608900714,41.486856577628075,43.113792419433594,607700,0.0,0.0
2024-08-14 00:00:00-04:00,42.9007408740705,43.20095055387198,42.39716513418077,42.95884704589844,245500,0.0,0.0
2024-08-15 00:00:00-04:00,43.859471954140815,44.421150166056336,43.79168326812009,44.03378677368164,167900,0.0,0.0
2024-08-16 00:00:00-04:00,43.61736828673292,43.956311715578885,43.036317659017435,43.646419525146484,240500,0.0,0.0
2024-08-19 00:00:00-04:00,43.820730314299645,44.024096352905744,43.171894754688,43.25904846191406,173100,0.0,0.0
2024-08-20 00:00:00-04:00,43.07505567461692,43.6076826530611,42.56179742010606,43.055686950683594,384100,0.0,0.0
2024-08-21 00:00:00-04:00,43.539889498572734,43.539889498572734,42.97821133896808,43.355892181396484,191000,0.0,0.0
2024-08-22 00:00:00-04:00,43.39462719876273,43.54957327145903,42.90073405227679,43.19125747680664,142200,0.0,0.0
2024-08-23 00:00:00-04:00,43.51083645979493,45.21524328413504,43.51083645979493,44.595458984375,324000,0.0,0.0
2024-08-26 00:00:00-04:00,44.80851443336383,46.05776933007004,44.80851443336383,44.944091796875,262300,0.0,0.0
2024-08-27 00:00:00-04:00,44.93441231389599,45.0118835150401,44.15967813721689,44.80851745605469,121100,0.0,0.0
2024-08-28 00:00:00-04:00,43.93693763087671,44.44051330243648,43.685151642199756,43.76262283325195,147300,0.0,0.0
2024-08-29 00:00:00-04:00,44.198410343380175,45.515453854498176,44.03378175159338,44.77946090698242,361800,0.0,0.0
2024-08-30 00:00:00-04:00,44.595463742028606,45.34114296166929,44.595463742028606,45.215248107910156,210800,0.0,0.0
2024-09-03 00:00:00-04:00,44.55672723397618,44.62451961374052,43.05568624858115,43.113792419433594,369200,0.0,0.0
2024-09-04 00:00:00-04:00,43.142837521752625,43.723888065018095,42.920102773139554,43.19125747680664,268500,0.0,0.0
2024-09-05 00:00:00-04:00,43.510838361684364,44.0144140508025,43.24936615613037,43.54957580566406,254800,0.0,0.0
2024-09-06 00:00:00-04:00,43.414003079651756,43.52052552065642,40.5959146837441,41.10917663574219,562900,0.0,0.0
2024-09-09 00:00:00-04:00,36.70288886215606,39.47254955637388,36.12183829653794,37.86498260498047,1508000,0.0,0.0
2024-09-10 00:00:00-04:00,37.50667601255342,37.622884665103136,35.61826786113987,35.657005310058594,893500,0.0,0.0
2024-09-11 00:00:00-04:00,35.995944108973106,36.02499903901719,34.988796426457206,35.424583435058594,519300,0.0,0.0
2024-09-12 00:00:00-04:00,35.540791545287995,36.46078550663938,35.405214187780494,36.2089958190918,337000,0.0,0.0
2024-09-13 00:00:00-04:00,36.60604940714114,37.50667474595182,36.296157214669336,36.54794692993164,647700,0.0,0.0
2024-09-16 00:00:00-04:00,36.8350286577656,37.788752652286675,36.8350286577656,37.584381103515625,505600,0.185,0.0
2024-09-17 00:00:00-04:00,37.769287338059165,38.71327366756804,37.584379928874064,38.26560974121094,353000,0.0,0.0
2024-09-18 00:00:00-04:00,38.46025193566197,39.34584968332111,37.72062963575072,38.4699821472168,448700,0.0,0.0
2024-09-19 00:00:00-04:00,39.160946159296564,39.75458558960366,38.96630851559385,39.394508361816406,326000,0.0,0.0
2024-09-20 00:00:00-04:00,39.18040092658526,39.35557440938997,38.19748635076215,38.48944091796875,323400,0.0,0.0
2024-09-23 00:00:00-04:00,38.54783963038852,39.11228472445516,38.27534915134976,38.41159439086914,287700,0.0,0.0
2024-09-24 00:00:00-04:00,38.995501241190524,39.81297634082404,38.8884503559855,39.67673110961914,221100,0.0,0.0
2024-09-25 00:00:00-04:00,39.530755383981585,40.09520420497077,38.71328021343464,39.27772903442383,207700,0.0,0.0
2024-09-26 00:00:00-04:00,39.511290471061436,40.503939138105224,39.375045230715024,40.260643005371094,308500,0.0,0.0
2024-09-27 00:00:00-04:00,40.79588871800237,41.50631660478823,40.48447000354463,40.513668060302734,195900,0.0,0.0
2024-09-30 00:00:00-04:00,40.52339606264643,40.52339606264643,39.42369669891803,40.231441497802734,257500,0.0,0.0
2024-10-01 00:00:00-04:00,40.017346083633534,41.068387138276194,39.62807450637663,40.91267776489258,552600,0.0,0.0
2024-10-02 00:00:00-04:00,41.36034181184402,41.79827558527382,40.922408038414225,41.67176055908203,425900,0.0,0.0
2024-10-03 00:00:00-04:00,41.671760303860395,43.13153706474968,41.26302459276545,43.05368423461914,651500,0.0,0.0
2024-10-04 00:00:00-04:00,43.793305629918045,43.793305629918045,43.034222853635576,43.37483596801758,350600,0.0,0.0
2024-10-07 00:00:00-04:00,43.40402936701727,44.221504536043994,43.15100301793005,43.695987701416016,359400,0.0,0.0
2024-10-08 00:00:00-04:00,42.8201178472195,43.50134773726975,41.19490151997225,41.63283157348633,322300,0.0,0.0
2024-10-09 00:00:00-04:00,41.44792494345397,42.17781326456734,41.331143851548944,42.00263977050781,151200,0.0,0.0
2024-10-10 00:00:00-04:00,42.00264321640115,42.11942431788688,41.66203012356596,41.76907730102539,283300,0.0,0.0
2024-10-11 00:00:00-04:00,41.593906341362775,41.778810056242655,40.9516047325539,41.00026321411133,313200,0.0,0.0
2024-10-14 00:00:00-04:00,40.50394022695882,41.00999664213848,40.14386298030569,40.698577880859375,194000,0.0,0.0
2024-10-15 00:00:00-04:00,40.04654430472927,40.3774271885528,39.511289851188025,39.793514251708984,303500,0.0,0.0
2024-10-16 00:00:00-04:00,40.30929741935191,41.32141012030854,39.90056173958327,40.1925163269043,271200,0.0,0.0
2024-10-17 00:00:00-04:00,40.114668131550715,40.28984164663731,39.60861172267882,39.96868896484375,189900,0.0,0.0
2024-10-18 00:00:00-04:00,40.396889054049716,40.426087114997024,39.38477994305098,39.44316864013672,219200,0.0,0.0
2024-10-21 00:00:00-04:00,39.676733951163136,39.754586783539786,38.88845314107488,39.40424346923828,385700,0.0,0.0
2024-10-22 00:00:00-04:00,39.413971662464604,39.7837828064251,39.18040575248845,39.45289993286133,285900,0.0,0.0
2024-10-23 00:00:00-04:00,39.50156175442649,39.647540924554335,38.51864697443314,38.88845443725586,256200,0.0,0.0
2024-10-24 00:00:00-04:00,39.20960486532844,39.37504445035476,38.32400710822372,39.29719161987305,235800,0.0,0.0
2024-10-25 00:00:00-04:00,39.61833795796074,39.69619449569741,39.1122815998845,39.47236251831055,249100,0.0,0.0
2024-10-28 00:00:00-04:00,39.08308742282566,39.39450615030602,38.7424743497703,38.946842193603516,149900,0.0,0.0
2024-10-29 00:00:00-04:00,38.849524582236235,38.94684526249496,38.10017576246804,38.314273834228516,293700,0.0,0.0
2024-10-30 00:00:00-04:00,38.51864375356963,39.30692081161297,38.19749109110442,38.59649658203125,106400,0.0,0.0
2024-10-31 00:00:00-04:00,38.46025335106673,38.567304244130725,37.71090081202316,38.11963653564453,223800,0.0,0.0
2024-11-01 00:00:00-04:00,38.20722196274281,38.752206621008455,37.82768060047384,38.04178237915039,194200,0.0,0.0
2024-11-04 00:00:00-05:00,38.5283744050609,39.15121188948495,38.13909912109375,38.13909912109375,222900,0.0,0.0
2024-11-05 00:00:00-05:00,37.94446378101607,38.849521914648385,37.84714310743983,38.324005126953125,215200,0.0,0.0
2024-11-06 00:00:00-05:00,39.0830873970903,39.160943935111156,37.740091815463046,37.92499923706055,430200,0.0,0.0
2024-11-07 00:00:00-05:00,41.360338226156664,41.720415425358325,39.2777241424007,40.71803665161133,899300,0.0,0.0
2024-11-08 00:00:00-05:00,40.32876262653404,41.214360335333474,39.73512322522786,41.058650970458984,706400,0.0,0.0
2024-11-11 00:00:00-05:00,41.17543662489709,41.84693257864709,40.94187071658169,41.263023376464844,518300,0.0,0.0
2024-11-12 00:00:00-05:00,40.8737478547398,41.63283055550135,40.14385950019087,41.19490051269531,299600,0.0,0.0
2024-11-13 00:00:00-05:00,41.097579123285655,41.516048736275444,40.902941489643226,41.15597152709961,108400,0.0,0.0
2024-11-14 00:00:00-05:00,41.379805481957376,41.85666380912269,41.107315009291476,41.70095443725586,280100,0.0,0.0
2024-11-15 00:00:00-05:00,41.83720264313594,41.87612720110831,41.097580355597934,41.496585845947266,312600,0.0,0.0
2024-11-18 00:00:00-05:00,41.56470929416953,42.90770494978654,41.56470929416953,42.888240814208984,339800,0.0,0.0
2024-11-19 00:00:00-05:00,42.888240130837055,43.71544546147907,42.537893120831995,43.27751541137695,440500,0.0,0.0
2024-11-20 00:00:00-05:00,43.6083925226078,43.705709473678766,42.771453378744106,43.22884750366211,206400,0.0,0.0
2024-11-21 00:00:00-05:00,43.355371723462746,44.3577543520487,43.14127364312772,44.231239318847656,259100,0.0,0.0
2024-11-22 00:00:00-05:00,44.05606510783934,44.92219876500312,44.05606510783934,44.785953521728516,272300,0.0,0.0
2024-11-25 00:00:00-05:00,44.97085446401305,46.07055397894909,44.81514509385961,45.65208435058594,405900,0.0,0.0
2024-11-26 00:00:00-05:00,45.41851729392182,45.41851729392182,44.35774978877676,45.048709869384766,177300,0.0,0.0
2024-11-27 00:00:00-05:00,45.16549016268949,45.73966913651638,45.068173202679795,45.27254104614258,147600,0.0,0.0
2024-11-29 00:00:00-05:00,45.50610565929434,45.652084819489424,45.27254345786732,45.62289047241211,125900,0.0,0.0
2024-12-02 00:00:00-05:00,45.545030457736885,46.926954275031164,45.14602499101746,46.878292083740234,323200,0.0,0.0
2024-12-03 00:00:00-05:00,46.82964097714404,47.19945215723067,45.934312944981684,46.05109405517578,343600,0.0,0.0
2024-12-04 00:00:00-05:00,45.95377287943507,46.26519161974195,44.39667546549645,45.65208435058594,336400,0.0,0.0
2024-12-05 00:00:00-05:00,45.52557052692133,46.381973941535705,45.52557052692133,45.8272590637207,332900,0.0,0.0
2024-12-06 00:00:00-05:00,46.109480511307545,46.28465401017683,45.51583739985099,46.19706726074219,219100,0.0,0.0
2024-12-09 00:00:00-05:00,46.97561301673774,48.5035122792412,46.23599076886361,46.35277557373047,386800,0.0,0.0
2024-12-10 00:00:00-05:00,46.18733596801758,47.05346958820283,46.167871832322994,46.18733596801758,418400,0.0,0.0
2024-12-11 00:00:00-05:00,46.235994778993096,46.65446441838397,45.253080050073066,45.8272590637207,288400,0.0,0.0
2024-12-12 00:00:00-05:00,45.57423106097372,45.75913477603531,44.6594352722168,44.6594352722168,207400,0.0,0.0
2024-12-13 00:00:00-05:00,44.63997111123507,44.70809372792378,44.10472038907911,44.493995666503906,398600,0.0,0.0
2024-12-16 00:00:00-05:00,44.27989557639295,45.09737072014561,44.065793794427826,44.805416107177734,535000,0.0,0.0
2024-12-17 00:00:00-05:00,44.566022517128154,46.07077398740577,44.22403151349319,46.04145812988281,544400,0.185,0.0
2024-12-18 00:00:00-05:00,46.18802477012909,47.15536230791944,44.46830779368591,44.702816009521484,801500,0.0,0.0
2024-12-19 00:00:00-05:00,45.21091418112692,46.119627463377796,44.468307934776135,44.86892318725586,222000,0.0,0.0
2024-12-20 00:00:00-05:00,45.093658701507465,45.88511595499854,44.80052251996712,45.31839370727539,248300,0.0,0.0
2024-12-23 00:00:00-05:00,45.06434761594399,46.481158976260666,45.06434761594399,46.22711181640625,281600,0.0,0.0
2024-12-24 00:00:00-05:00,46.38344677728352,47.77094220174939,45.93397301612131,47.32147216796875,272800,0.0,0.0
2024-12-26 00:00:00-05:00,47.04788239319269,47.468040298609864,46.9990238755634,47.34101486206055,152300,0.0,0.0
2024-12-27 00:00:00-05:00,47.26284103113617,48.445147748802526,46.88176847454689,47.878421783447266,303600,0.0,0.0
2024-12-30 00:00:00-05:00,47.65369098427222,48.992331647303565,47.5657508690435,48.259498596191406,424500,0.0,0.0
2024-12-31 00:00:00-05:00,48.65034495674766,48.92393477297144,48.044533610278286,48.79690933227539,354800,0.0,0.0
2025-01-02 00:00:00-05:00,49.23660562407769,49.969438620016255,48.279037623337075,48.41583251953125,422900,0.0,0.0
2025-01-03 00:00:00-05:00,48.70896867203088,48.97278901789252,48.18133170768925,48.2790412902832,237700,0.0,0.0
2025-01-06 00:00:00-05:00,48.81645294774012,50.25280696572642,48.81645294774012,49.68608093261719,571600,0.0,0.0
2025-01-07 00:00:00-05:00,49.68608053365823,50.1453237824984,49.275695804604084,49.30500793457031,382700,0.0,0.0
2025-01-08 00:00:00-05:00,48.972787966099965,48.972787966099965,47.0381091987142,47.34101486206055,319400,0.0,0.0
2025-01-10 00:00:00-05:00,47.3312408006737,47.34101399497318,46.041454979373285,46.617950439453125,379300,0.0,0.0
2025-01-13 00:00:00-05:00,46.305275693691236,47.33124118802451,46.305275693691236,46.95016860961914,278400,0.0,0.0
2025-01-14 00:00:00-05:00,47.243302662941794,48.52331907080957,47.11628095079296,48.337669372558594,255700,0.0,0.0
2025-01-15 00:00:00-05:00,48.92392742868539,49.5590508094415,48.92392742868539,49.04117965698242,194400,0.0,0.0
2025-01-16 00:00:00-05:00,48.85554104499598,49.29524165987734,47.9566008789114,48.7089729309082,189300,0.0,0.0
2025-01-17 00:00:00-05:00,49.19752393688204,49.19752393688204,48.00545137672582,48.19110107421875,479300,0.0,0.0
2025-01-21 00:00:00-05:00,48.47446569801643,49.998756107463905,47.64391931048094,49.67631149291992,689200,0.0,0.0
2025-01-22 00:00:00-05:00,49.67631424867459,49.822882362659186,48.60149383739415,48.63080596923828,341100,0.0,0.0
2025-01-23 00:00:00-05:00,48.58195223990379,49.90105038518671,48.542866911665854,49.72517013549805,416100,0.0,0.0
2025-01-24 00:00:00-05:00,49.75447832124409,50.02807186982497,49.16821335370833,49.61768341064453,231500,0.0,0.0
2025-01-27 00:00:00-05:00,49.16821295398883,49.44180277296376,48.46469201675988,49.207298278808594,354400,0.0,0.0
2025-01-28 00:00:00-05:00,49.432027933688076,49.432027933688076,47.82956706403366,47.91750717163086,311900,0.0,0.0
2025-01-29 00:00:00-05:00,47.84911809223129,48.98256649537993,47.12605444471728,48.7089729309082,525800,0.0,0.0
2025-01-30 00:00:00-05:00,49.13889850893382,51.923662541960766,48.67965528239264,50.57524871826172,946000,0.0,0.0
2025-01-31 00:00:00-05:00,50.164868294670846,52.01160709827295,50.08669764203619,51.005184173583984,541500,0.0,0.0
2025-02-03 00:00:00-05:00,49.73494079126932,51.41556881846781,49.32455232049376,50.88793182373047,701200,0.0,0.0
2025-02-04 00:00:00-05:00,51.21037422277118,53.242766370500206,51.11266463879185,52.38290786743164,409100,0.0,0.0
2025-02-05 00:00:00-05:00,52.22657269729811,52.58810264749786,50.82930396335255,51.02472686767578,396200,0.0,0.0
2025-02-06 00:00:00-05:00,51.4741955564978,51.60122100000486,49.617683606342666,49.79356384277344,411600,0.0,0.0
2025-02-07 00:00:00-05:00,50.23326413239415,50.360289575138914,49.35386295551769,49.500431060791016,430500,0.0,0.0
2025-02-10 00:00:00-05:00,49.715395774102596,49.715395774102596,48.26927231806597,48.689430236816406,492700,0.0,0.0
2025-02-11 00:00:00-05:00,48.46469362718278,48.650347062554864,47.077198096411706,47.17490768432617,529900,0.0,0.0
2025-02-12 00:00:00-05:00,46.77429086496068,47.028341748957146,45.650615731535495,45.728782653808594,456200,0.0,0.0
2025-02-13 00:00:00-05:00,45.89489318125871,46.31505110250766,45.308624494050505,45.474735260009766,366100,0.0,0.0
2025-02-14 00:00:00-05:00,45.74832844621504,46.02191828396185,44.986183196844934,45.0057258605957,232900,0.0,0.0
2025-02-18 00:00:00-05:00,45.00572626231494,45.95352123470436,44.653965766425245,45.43565368652344,437300,0.0,0.0
2025-02-19 00:00:00-05:00,45.23045662511576,45.42587951675991,44.3999102674735,44.605106353759766,363900,0.0,0.0
2025-02-20 00:00:00-05:00,44.55624781242049,45.26954192566243,43.96998286517086,44.644187927246094,314900,0.0,0.0
2025-02-21 00:00:00-05:00,44.91778383726033,44.91778383726033,43.198066773761255,43.237152099609375,268100,0.0,0.0
2025-02-24 00:00:00-05:00,43.54005771786745,43.97975458715599,42.7485966438608,43.16875457763672,243400,0.0,0.0
2025-02-25 00:00:00-05:00,43.39348571484691,43.520511148568055,42.7388233398639,43.15897750854492,194000,0.0,0.0
2025-02-26 00:00:00-05:00,43.4814294317101,43.81364724387911,42.5727161139355,42.8756217956543,243200,0.0,0.0
2025-02-27 00:00:00-05:00,43.02218614045906,43.34463448467756,42.680198860877425,42.82676696777344,382500,0.0,0.0
2025-02-28 00:00:00-05:00,42.84630230221113,43.334857647629185,41.703084583075984,43.03195571899414,579300,0.0,0.0
2025-03-03 00:00:00-05:00,43.26646526255533,43.80387918733405,40.21788059392347,40.52078628540039,732100,0.0,0.0
2025-03-04 00:00:00-05:00,40.06153766078654,40.06153766078654,38.30273919188683,39.172367095947266,835700,0.0,0.0
2025-03-05 00:00:00-05:00,39.328709760913355,40.462158141573596,39.328709760913355,40.423072814941406,537700,0.0,0.0
2025-03-06 00:00:00-05:00,40.06154326261575,40.853004361612726,39.83680822330642,40.76506423950195,473900,0.0,0.0
2025-03-07 00:00:00-05:00,41.11682143133993,42.37729144402498,40.657578194095095,41.282928466796875,368700,0.0,0.0
2025-03-10 00:00:00-04:00,39.55344389995986,39.88566171402706,34.853539709528995,35.95767593383789,1693900,0.0,0.0
2025-03-11 00:00:00-04:00,36.055385128638214,36.84684238394137,35.43003117031755,35.68408203125,885800,0.0,0.0
2025-03-12 00:00:00-04:00,36.104247783730116,36.25081217939113,35.37141462327842,35.84042739868164,722400,0.0,0.0
2025-03-13 00:00:00-04:00,35.8599663157062,36.456004486960325,35.488663176216754,35.938133239746094,266400,0.0,0.0
2025-03-14 00:00:00-04:00,36.26058260063836,37.27677873327058,36.26058260063836,36.85662078857422,329000,0.0,0.0
2025-03-17 00:00:00-04:00,37.17574494641719,37.58815235674365,36.84188972321113,37.13646697998047,416900,0.185,0.0
2025-03-18 00:00:00-04:00,37.607791280113595,37.89255091769711,36.82225068139446,37.05791473388672,264000,0.0,0.0
2025-03-19 00:00:00-04:00,37.05791014964386,37.28375280972821,36.82224612630438,36.871341705322266,228200,0.0,0.0
2025-03-20 00:00:00-04:00,36.79279005494641,37.912185753896296,36.43929588775116,37.62742614746094,379500,0.0,0.0
2025-03-21 00:00:00-04:00,37.31321263850821,37.37212958588216,36.51785070484791,36.76333236694336,194200,0.0,0.0
2025-03-24 00:00:00-04:00,37.175741646511845,37.62742698318117,36.67495698327839,36.802608489990234,420600,0.0,0.0
2025-03-25 00:00:00-04:00,37.175741327779676,37.25429350725391,36.046524250035176,36.20363235473633,512700,0.0,0.0
2025-03-26 00:00:00-04:00,36.10544341796139,36.51785081354793,35.15297336755497,35.310081481933594,426100,0.0,0.0
2025-03-27 00:00:00-04:00,35.08423935790719,35.42791593876477,34.47544587325632,35.339542388916016,289200,0.0,0.0
2025-03-28 00:00:00-04:00,35.29044171587575,35.447549826766156,34.445987960935334,34.68164825439453,325800,0.0,0.0
2025-03-31 00:00:00-04:00,34.34779419999724,34.671831796538726,33.719361735404846,34.455806732177734,255100,0.0,0.0
2025-04-01 00:00:00-04:00,34.367435660309766,34.64237394695121,33.35605232380453,33.719364166259766,390100,0.0,0.0
2025-04-02 00:00:00-04:00,33.356052453609244,34.1514107132752,33.34623108861771,33.43460464477539,351100,0.0,0.0
2025-04-03 00:00:00-04:00,32.413396879540414,33.10074627968675,30.420086990293623,30.518280029296875,604600,0.0,0.0
2025-04-04 00:00:00-04:00,29.231957589798238,29.231957589798238,26.85569495930558,28.2009334564209,1902400,0.0,0.0
2025-04-07 00:00:00-04:00,27.002986299400956,28.043828155990575,25.697023764199542,26.894973754882812,722000,0.0,0.0
2025-04-08 00:00:00-04:00,27.984911265529096,28.780271377091324,25.10786570243024,25.40244483947754,1066900,0.0,0.0
2025-04-09 00:00:00-04:00,25.382804537796474,30.223703271680325,24.999851866806964,29.7425594329834,1206200,0.0,0.0
2025-04-10 00:00:00-04:00,29.07484836089666,29.07484836089666,25.490814632613983,25.80503273010254,947200,0.0,0.0
2025-04-11 00:00:00-04:00,26.295994554681947,26.973522548164244,25.7657533011292,26.158523559570312,844500,0.0,0.0
2025-04-14 00:00:00-04:00,26.9931637113496,27.503766025036725,26.394187848259836,26.718223571777344,847200,0.0,0.0
2025-04-15 00:00:00-04:00,26.55129715483138,26.904789470480523,26.276357022325225,26.531658172607422,783600,0.0,0.0
2025-04-16 00:00:00-04:00,27.022622235192202,27.022622235192202,25.99159811455545,26.35491180419922,987200,0.0,0.0
2025-04-17 00:00:00-04:00,26.620031719738815,27.05207809140737,26.41382615214009,26.531658172607422,924000,0.0,0.0
2025-04-21 00:00:00-04:00,26.286178939175443,27.05208058782446,25.991599797261006,27.00298500061035,542900,0.0,0.0
2025-04-22 00:00:00-04:00,27.484127495191316,28.53478874109492,27.444851401963216,28.240211486816406,529500,0.0,0.0
2025-04-23 00:00:00-04:00,29.104304926045312,30.390630169193436,29.045389852221227,29.958581924438477,704000,0.0,0.0
2025-04-24 00:00:00-04:00,30.46918570357776,30.753943468273953,30.09605251454293,30.37099266052246,508700,0.0,0.0
2025-04-25 00:00:00-04:00,30.03713852954021,30.56737798470759,29.909487007065955,30.50846290588379,311600,0.0,0.0
2025-04-28 00:00:00-04:00,30.685209521484147,31.559123689335514,30.547740382148394,30.881595611572266,629700,0.0,0.0
2025-04-29 00:00:00-04:00,30.695028921699002,31.598401562231388,30.528101307485088,31.205631256103516,719800,0.0,0.0
2025-04-30 00:00:00-04:00,30.4397276630524,30.920871520723203,29.389066394987935,30.7244873046875,528200,0.0,0.0
2025-05-01 00:00:00-04:00,30.439728841834537,32.167918250529844,29.781837853241115,31.78496742248535,1421600,0.0,0.0
2025-05-02 00:00:00-04:00,31.421653947731706,32.845448391388906,31.421653947731706,32.383941650390625,989000,0.0,0.0
2025-05-05 00:00:00-04:00,32.35448464780953,32.609783934842135,31.244906457709323,31.264545440673828,695400,0.0,0.0
2025-05-06 00:00:00-04:00,31.07797850115534,31.971533487295375,31.07797850115534,31.755508422851562,628500,0.0,0.0
2025-05-07 00:00:00-04:00,32.02063148745678,32.217017583974105,31.31364303829572,31.78496742248535,609200,0.0,0.0
2025-05-08 00:00:00-04:00,32.22683370694985,32.64906248384478,31.735870361328125,31.735870361328125,535400,0.0,0.0
2025-05-09 00:00:00-04:00,31.902799969170598,32.11882129496182,31.254726627414243,31.853700637817383,504100,0.0,0.0
2025-05-12 00:00:00-04:00,33.58189233231082,34.89767419914195,33.14002458864497,33.85683059692383,700500,0.0,0.0
2025-05-13 00:00:00-04:00,34.09249521417079,34.878035801783554,33.79791421628214,34.328155517578125,693300,0.0,0.0
2025-05-14 00:00:00-04:00,34.22014339864881,34.485264052505784,33.306951283948,33.473880767822266,291600,0.0,0.0
2025-05-15 00:00:00-04:00,33.06146700621146,33.06146700621146,32.28574783470921,32.88472366333008,421900,0.0,0.0
2025-05-16 00:00:00-04:00,33.00255769194163,33.05165327884072,32.53123331535471,32.963279724121094,278600,0.0,0.0
2025-05-19 00:00:00-04:00,34.190685260287516,34.190685260287516,32.73743428448427,33.022193908691406,392300,0.0,0.0
2025-05-20 00:00:00-04:00,32.99273510116102,33.30695134054327,32.48213652147963,33.11056900024414,482900,0.0,0.0
2025-05-21 00:00:00-04:00,32.78653225730311,32.91418377845184,31.735870976951762,31.843883514404297,394300,0.0,0.0
2025-05-22 00:00:00-04:00,31.84388448331738,32.66870309488886,31.313643144645734,32.26611328125,614000,0.0,0.0
2025-05-23 00:00:00-04:00,31.421657059517056,32.37412723777476,31.421657059517056,32.27593231201172,452700,0.0,0.0
2025-05-27 00:00:00-04:00,32.874906956737554,33.49352185459039,32.50177374501246,33.22840118408203,408900,0.0,0.0
2025-05-28 00:00:00-04:00,33.16948632888709,33.24804227137815,32.531236152038026,32.541053771972656,269400,0.0,0.0
2025-05-29 00:00:00-04:00,33.07128846429796,33.07128846429796,32.31520452648307,32.5999641418457,285600,0.0,0.0
2025-05-30 00:00:00-04:00,32.275933508793976,32.33485046643642,31.657322309439266,32.05009078979492,364100,0.0,0.0
2025-06-02 00:00:00-04:00,32.138460904088625,32.50177273950702,31.225268760284514,31.559123992919922,384700,0.0,0.0
2025-06-03 00:00:00-04:00,31.421657059517056,32.766895703566675,30.99942824311952,32.27593231201172,398600,0.0,0.0
2025-06-04 00:00:00-04:00,32.57050994042205,32.87490859485949,32.33484960761854,32.59014892578125,278900,0.0,0.0
2025-06-05 00:00:00-04:00,32.796351178481636,32.99273350930558,32.1679149842853,32.21701431274414,243000,0.0,0.0
2025-06-06 00:00:00-04:00,32.55087513766079,33.1105731177723,32.32502867587576,32.541053771972656,281500,0.0,0.0
2025-06-09 00:00:00-04:00,32.707977294921875,33.22839720860817,32.60978238476694,32.707977294921875,458300,0.0,0.0
2025-06-10 00:00:00-04:00,32.64906175848387,33.1694816946398,32.53123160696333,32.717796325683594,390900,0.0,0.0
2025-06-11 00:00:00-04:00,33.15966561266202,34.465626195726706,32.865088347333774,34.41653060913086,1037600,0.0,0.0
2025-06-12 00:00:00-04:00,33.807735443115234,34.701288560219304,33.248037542607904,33.807735443115234,514700,0.0,0.0
2025-06-13 00:00:00-04:00,35.349365234375,36.360748652161824,35.25117405146981,35.349365234375,1468200,0.0,0.0
2025-06-16 00:00:00-04:00,35.54182550848996,36.11428662581313,34.64365674156355,35.21611785888672,1020700,0.185,0.0
2025-06-17 00:00:00-04:00,35.00885059022611,36.25246749082957,34.98911016131471,35.74909973144531,885700,0.0,0.0
2025-06-18 00:00:00-04:00,35.64052366951075,37.09141296375408,35.561561966239786,36.775569915771484,710500,0.0,0.0
2025-06-20 00:00:00-04:00,37.11115508742964,37.12102718434235,36.153768767494974,36.824928283691406,868200,0.0,0.0
2025-06-23 00:00:00-04:00,36.82492542766177,37.25920353059507,34.2488580380971,34.446258544921875,1408200,0.0,0.0
2025-06-24 00:00:00-04:00,34.732483242695444,34.742355338250235,33.153286813043685,33.419776916503906,1504400,0.0,0.0
2025-06-25 00:00:00-04:00,33.42964241786689,33.587562047467614,32.936143104727016,33.3309440612793,737900,0.0,0.0
2025-06-26 00:00:00-04:00,33.90340748253431,35.008848856208196,33.90340748253431,34.3672981262207,700200,0.0,0.0
2025-06-27 00:00:00-04:00,34.49561071686678,34.811450049090126,33.55796105209665,33.69614028930664,719900,0.0,0.0
2025-06-30 00:00:00-04:00,33.656653527527716,33.84418568664636,32.57095648409825,32.669654846191406,926100,0.0,0.0
2025-07-01 00:00:00-04:00,32.77822784747383,33.88366916723667,32.235379283628596,33.35068893432617,1304100,0.0,0.0
2025-07-02 00:00:00-04:00,33.78496522371698,34.11067660364816,33.09406537712762,33.77509689331055,863900,0.0,0.0
2025-07-03 00:00:00-04:00,33.69613603811287,33.99223490407792,33.567825148990856,33.92314529418945,273700,0.0,0.0
2025-07-07 00:00:00-04:00,33.59743825538285,33.94288631083216,33.271726861586565,33.459259033203125,499000,0.0,0.0
2025-07-08 00:00:00-04:00,33.706009571715036,34.98910722236609,33.63691995887931,34.20937728881836,570000,0.0,0.0
2025-07-09 00:00:00-04:00,34.24885803484221,34.44625854164823,33.51847728919039,33.84418869018555,365700,0.0,0.0
2025-07-10 00:00:00-04:00,33.82444616607606,34.01197456511028,33.3408151426387,33.53821563720703,554200,0.0,0.0
2025-07-11 00:00:00-04:00,33.1434211730957,33.34081791900042,32.67953053699613,33.1434211730957,614300,0.0,0.0
2025-07-14 00:00:00-04:00,33.034852200268276,33.22238062341344,32.65979158887619,32.70914077758789,587000,0.0,0.0
2025-07-15 00:00:00-04:00,33.01510802563885,33.58756532692274,32.9460184162615,33.19276809692383,563800,0.0,0.0
2025-07-16 00:00:00-04:00,33.123679955857504,33.13354828687685,32.452520493496635,32.758487701416016,412100,0.0,0.0
2025-07-17 00:00:00-04:00,32.81771011727507,33.86393020126238,32.69927131544118,33.63692092895508,554500,0.0,0.0
2025-07-18 00:00:00-04:00,33.7257476970837,33.933020309685055,33.14342201080413,33.29146957397461,326800,0.0,0.0
2025-07-21 00:00:00-04:00,33.370427189203276,33.765224407619826,33.074324569014344,33.16315460205078,248300,0.0,0.0
2025-07-22 00:00:00-04:00,33.23224826537375,34.08106784796392,33.182899077686294,33.89353942871094,300500,0.0,0.0
2025-07-23 00:00:00-04:00,34.33768691502325,34.87066713586964,34.090937231124144,34.16989517211914,565100,0.0,0.0
2025-07-24 00:00:00-04:00,33.93301716167739,34.02184719737948,32.63017914811433,33.07432556152344,856000,0.0,0.0
2025-07-25 00:00:00-04:00,32.965756055264414,33.90340175042201,32.965756055264414,33.82444381713867,763800,0.0,0.0
2025-07-28 00:00:00-04:00,33.84418565901567,33.92314359560551,33.09406455335583,33.50860595703125,419400,0.0,0.0
2025-07-29 00:00:00-04:00,33.577696852132156,33.76522525319365,33.123678345287715,33.42964553833008,509100,0.0,0.0
2025-07-30 00:00:00-04:00,33.202634526322306,33.35068583228281,32.22550795530654,32.41303634643555,703500,0.0,0.0
2025-07-31 00:00:00-04:00,33.26185936851557,34.426518220652014,32.52161028953571,33.0052375793457,863900,0.0,0.0
2025-08-01 00:00:00-04:00,33.261861825779924,33.518479868806274,31.94915155482868,32.71901321411133,875600,0.0,0.0
2025-08-04 00:00:00-04:00,32.68939561298674,32.98549446745939,32.48212679136601,32.679527282714844,380400,0.0,0.0
2025-08-05 00:00:00-04:00,33.40003692505586,33.40003692505586,32.88679713746607,33.19276809692383,520700,0.0,0.0
2025-08-06 00:00:00-04:00,33.54809119743516,33.80470923130545,32.965761749123935,33.04471969604492,492000,0.0,0.0
2025-08-07 00:00:00-04:00,33.192771901262525,33.3013423756138,32.03798130555562,32.10707092285156,493300,0.0,0.0
2025-08-08 00:00:00-04:00,32.373556332869086,32.82757482740056,31.959018689627623,32.679527282714844,427200,0.0,0.0
2025-08-11 00:00:00-04:00,32.847317815041784,33.00523746741789,31.949149086196158,32.03797912597656,303500,0.0,0.0
2025-08-12 00:00:00-04:00,31.949148019525232,32.59069870375361,31.949148019525232,32.24524688720703,294900,0.0,0.0
2025-08-13 00:00:00-04:00,32.343948713970725,33.617177974573515,32.30446786129281,33.55795669555664,542900,0.0,0.0
2025-08-14 00:00:00-04:00,33.13354847532713,33.64678828858698,32.80784083841505,33.60730743408203,569700,0.0,0.0
2025-08-15 00:00:00-04:00,33.597440825193786,34.01197852344024,33.488870352290654,33.90340805053711,576100,0.0,0.0
2025-08-18 00:00:00-04:00,33.91327976413068,34.189638226506524,33.34081864623594,33.528350830078125,284900,0.0,0.0
2025-08-19 00:00:00-04:00,33.56782610080339,33.83431621725863,33.20263761459499,33.35068893432617,304900,0.0,0.0
2025-08-20 00:00:00-04:00,33.3802955007245,33.57769599237238,32.92627700550524,33.28159713745117,363200,0.0,0.0
2025-08-21 00:00:00-04:00,33.1434219286114,33.548091291103184,32.827578844740614,33.409908294677734,165900,0.0,0.0
2025-08-22 00:00:00-04:00,33.518478514052134,35.57143783569336,33.33095009653942,35.57143783569336,375000,0.0,0.0
2025-08-25 00:00:00-04:00,35.36416807717973,35.36416807717973,34.69300860590314,34.93975830078125,278300,0.0,0.0
2025-08-26 00:00:00-04:00,34.939757779430295,35.35429545339129,34.77196603156406,35.28520584106445,305800,0.0,0.0
2025-08-27 00:00:00-04:00,34.90027644940743,35.522086716973064,34.88053602256868,35.028587341308594,289500,0.0,0.0
2025-08-28 00:00:00-04:00,35.02858690273743,35.324685771408554,34.46599415763049,35.25559616088867,256000,0.0,0.0
2025-08-29 00:00:00-04:00,35.374035985556034,35.374035985556034,34.910145359896894,35.04832458496094,222500,0.0,0.0
2025-09-02 00:00:00-04:00,34.60417697612068,34.94962502704646,34.347555196774636,34.890403747558594,267700,0.0,0.0
2025-09-03 00:00:00-04:00,34.771964033053585,35.15689292677981,34.24885592261552,34.86079406738281,351400,0.0,0.0
2025-09-04 00:00:00-04:00,34.929885621075655,36.63739302929854,34.62391841420253,36.607784271240234,561400,0.0,0.0
2025-09-05 00:00:00-04:00,36.68674023089243,38.167238295385616,36.51895225749848,38.1080207824707,1098100,0.0,0.0
2025-09-08 00:00:00-04:00,38.265941183545436,38.69035093831675,37.752701392540565,38.492950439453125,817400,0.0,0.0
2025-09-09 00:00:00-04:00,38.49294931260576,38.72983065732788,37.979709536625535,38.216590881347656,659800,0.0,0.0
2025-09-10 00:00:00-04:00,38.2264631403816,38.660741257719735,37.821793782263754,37.979713439941406,355400,0.0,0.0
2025-09-11 00:00:00-04:00,37.97971210910982,39.66747909735596,37.95997168195412,39.26280975341797,386100,0.0,0.0
2025-09-12 00:00:00-04:00,39.30228929466918,39.30228929466918,38.61138942770832,38.73970031738281,267200,0.0,0.0
2025-09-15 00:00:00-04:00,38.86800969320937,39.81552753751352,38.50281746490574,39.29241943359375,351700,0.0,0.0
2025-09-16 00:00:00-04:00,39.188300948165214,39.52544740939251,39.00981142265195,39.02964401245117,274600,0.185,0.0
2025-09-17 00:00:00-04:00,39.287459953144534,40.02125064198343,38.76190956500243,38.85115432739258,384100,0.0,0.0
2025-09-18 00:00:00-04:00,39.247802695826046,39.356876276758165,38.6429218850165,39.20813751220703,324600,0.0,0.0
2025-09-19 00:00:00-04:00,39.02964348876202,39.07922307125496,38.39501575442112,38.44459533691406,368500,0.0,0.0
2025-09-22 00:00:00-04:00,38.53384071500544,41.10210246910011,38.276020829629594,39.13872146606445,970400,0.0,0.0
2025-09-23 00:00:00-04:00,39.38662669648021,39.594863234560066,38.355354627875066,38.76191329956055,723100,0.0,0.0
2025-09-24 00:00:00-04:00,39.2775455117599,39.49570021576542,38.672664765329834,38.80157470703125,372000,0.0,0.0
2025-09-25 00:00:00-04:00,39.07922261534808,39.15855297255504,37.581898058523116,37.94879150390625,338300,0.0,0.0
2025-09-26 00:00:00-04:00,38.15702929371451,39.63452509333211,38.14711489007187,39.42628479003906,417700,0.0,0.0
2025-09-29 00:00:00-04:00,39.882426958565226,40.07083088999147,39.25771361146592,39.5948600769043,387600,0.0,0.0
2025-09-30 00:00:00-04:00,39.41637038639642,39.65435768329715,38.73216305466142,39.42628479003906,426100,0.0,0.0
2025-10-01 00:00:00-04:00,39.128803359140534,39.604774168476744,38.85115466603101,39.22796630859375,428100,0.0,0.0
2025-10-02 00:00:00-04:00,39.227965890938535,39.58494115713022,38.33551826876007,38.75199508666992,572300,0.0,0.0
2025-10-03 00:00:00-04:00,38.98006370246841,39.09905545636528,38.02811832325447,38.21652603149414,509800,0.0,0.0
2025-10-06 00:00:00-04:00,38.2462776768047,39.50561888866934,38.16695109211691,39.30729675292969,699900,0.0,0.0
2025-10-07 00:00:00-04:00,39.654361076037844,41.00294326492455,38.81149295246856,38.8610725402832,672100,0.0,0.0
2025-10-08 00:00:00-04:00,38.95031355211962,39.178382660198885,38.27602063141582,38.92056655883789,500800,0.0,0.0
2025-10-09 00:00:00-04:00,39.089140573609455,39.089140573609455,37.33399976160037,37.49265670776367,356600,0.0,0.0
2025-10-10 00:00:00-04:00,37.23483527667511,37.58189993274436,35.65818028401491,35.687931060791016,638400,0.0,0.0
2025-10-13 00:00:00-04:00,36.45146598225089,37.195171116499324,36.084572508505374,36.89768981933594,432800,0.0,0.0
2025-10-14 00:00:00-04:00,36.04490621155734,36.4812156310649,35.45985803941022,35.56893539428711,443200,0.0,0.0
2025-10-15 00:00:00-04:00,36.31264024927046,36.31264024927046,34.944225577780216,35.271453857421875,330700,0.0,0.0
2025-10-16 00:00:00-04:00,35.4598574326812,35.90608124832445,34.726070520449845,34.86489486694336,474500,0.0,0.0
2025-10-17 00:00:00-04:00,34.5872451475763,34.706236900656826,33.427063261332364,33.704715728759766,599500,0.0,0.0
2025-10-20 00:00:00-04:00,34.349261672863285,34.706240754423305,33.49647915195436,33.615474700927734,374200,0.0,0.0
2025-10-21 00:00:00-04:00,33.59563829190071,33.96253173617774,33.28823883266991,33.62538528442383,507400,0.0,0.0
2025-10-22 00:00:00-04:00,33.883202181660764,34.86489456764866,33.76421042607062,34.527748107910156,518000,0.0,0.0
2025-10-23 00:00:00-04:00,34.98388728359597,36.144069226157576,34.83514853069513,35.62843322753906,427500,0.0,0.0
2025-10-24 00:00:00-04:00,35.975493905714956,35.975493905714956,35.36069874182156,35.40036392211914,279000,0.0,0.0
2025-10-27 00:00:00-04:00,35.59868947626013,35.697848653893324,34.80540092447392,34.88473129272461,354500,0.0,0.0
2025-10-28 00:00:00-04:00,34.53766603525191,34.805396537653216,33.66505100787829,34.23026657104492,509100,0.0,0.0
2025-10-29 00:00:00-04:00,34.23026610565509,34.51783297638936,33.5956383789861,33.704715728759766,524200,0.0,0.0
2025-10-30 00:00:00-04:00,31.73141649680868,35.92591266105902,31.73141649680868,33.595638275146484,1147700,0.0,0.0
2025-10-31 00:00:00-04:00,34.63682557511978,39.4758677831343,34.3095935178095,38.9899787902832,2001400,0.0,0.0
2025-11-03 00:00:00-05:00,38.4941774460847,38.67266698091872,36.40188639650364,36.89768981933594,963600,0.0,0.0
2025-11-04 00:00:00-05:00,36.06473886513327,36.411803520594866,35.60860063728299,35.62843322753906,715200,0.0,0.0
2025-11-05 00:00:00-05:00,35.37061377283039,36.45146536768912,35.37061377283039,36.14406967163086,352900,0.0,0.0
2025-11-06 00:00:00-05:00,36.461383163000896,36.649787096714135,35.6780128686967,35.697845458984375,381600,0.0,0.0
2025-11-07 00:00:00-05:00,35.74742618823592,37.18525687736329,35.55902224848872,37.105926513671875,495500,0.0,0.0
2025-11-10 00:00:00-05:00,37.581900887069025,37.581900887069025,36.28289456013444,36.80844497680664,358500,0.0,0.0
2025-11-11 00:00:00-05:00,36.93735174171897,37.55214687263219,36.92743733851632,37.502567291259766,242000,0.0,0.0
2025-11-12 00:00:00-05:00,37.92896299714071,38.50409680075762,37.879383409889606,38.28594207763672,530300,0.0,0.0
2025-11-13 00:00:00-05:00,38.09752964111753,38.5338390334274,37.23483282500963,37.30424499511719,432700,0.0,0.0
2025-11-14 00:00:00-05:00,36.99685243967853,37.00676684366654,36.39197166405233,36.48121643066406,463000,0.0,0.0
2025-11-17 00:00:00-05:00,36.441550311809586,36.610121654028255,35.30120096585111,35.4102783203125,410700,0.0,0.0
2025-11-18 00:00:00-05:00,35.003719393134816,35.549102378307616,34.79548287232552,35.06321716308594,443900,0.0,0.0
2025-11-19 00:00:00-05:00,34.89464542899643,35.06322056889232,34.21043803015811,34.557498931884766,273900,0.0,0.0
2025-11-20 00:00:00-05:00,34.74590209115036,35.47968898185797,33.72454454693031,33.74437713623047,255600,0.0,0.0
2025-11-21 00:00:00-05:00,33.83362283257359,35.11279650771812,33.754296255858435,34.79548263549805,475700,0.0,0.0
2025-11-24 00:00:00-05:00,34.66657221517457,34.75581697692431,33.8137897768281,34.250099182128906,416400,0.0,0.0
2025-11-25 00:00:00-05:00,34.24018141027433,34.795482577066835,34.031944891232044,34.726070404052734,373400,0.0,0.0
2025-11-26 00:00:00-05:00,34.72607397511907,35.172297835154204,34.37900929167836,34.40876007080078,288800,0.0,0.0
2025-11-28 00:00:00-05:00,34.53766697889878,35.370613067224674,34.53766697889878,35.311119079589844,218100,0.0,0.0
2025-12-01 00:00:00-05:00,35.102883102677794,36.78861167829465,34.97397315633397,35.975494384765625,562700,0.0,0.0
2025-12-02 00:00:00-05:00,36.08457254231124,37.16542415640543,35.56893652816099,36.947269439697266,589700,0.0,0.0
2025-12-03 00:00:00-05:00,36.83819593865004,37.333999362951225,36.73903298418184,37.03651428222656,419500,0.0,0.0
2025-12-04 00:00:00-05:00,36.93735515657148,37.99837418328679,36.798530802822555,37.06626510620117,500500,0.0,0.0
2025-12-05 00:00:00-05:00,37.1158415004654,37.879379163105774,36.81836022763036,37.780216217041016,451300,0.0,0.0
2025-12-08 00:00:00-05:00,37.770301741319926,37.97853825363704,37.05634366174171,37.671142578125,600800,0.0,0.0
2025-12-09 00:00:00-05:00,37.38357667062256,39.05939078086865,37.38357667062256,38.791656494140625,430000,0.0,0.0
2025-12-10 00:00:00-05:00,38.71233384107406,39.10897432692944,38.3156895725386,38.9106559753418,355900,0.0,0.0
2025-12-11 00:00:00-05:00,38.603252286871474,39.277545200564575,37.95870636615082,38.474342346191406,437200,0.0,0.0
2025-12-12 00:00:00-05:00,38.47434661935122,39.079227428170014,38.39502003505438,39.05939483642578,233100,0.0,0.0
2025-12-15 00:00:00-05:00,39.2775492675655,39.41637362605108,38.157032429863186,38.66275405883789,675700,0.0,0.0
2025-12-16 00:00:00-05:00,38.335518167853266,38.751994984666865,37.948792126820436,38.64291763305664,625000,0.0,0.0
2025-12-17 00:00:00-05:00,38.60804379272633,39.096250405907114,38.03016673225611,38.70767593383789,556700,0.185,0.0
2025-12-18 00:00:00-05:00,38.76745842370786,39.205845176067704,38.58811752485096,38.827239990234375,428600,0.0,0.0
2025-12-19 00:00:00-05:00,38.70767632498295,39.04643092919699,38.69771463106015,39.0065803527832,330900,0.0,0.0
2025-12-22 00:00:00-05:00,39.10621362417055,40.82987557750587,38.996615984241956,40.530975341796875,661200,0.0,0.0
2025-12-23 00:00:00-05:00,40.530975320695326,40.899618817853735,39.853466093055566,39.903282165527344,276700,0.0,0.0
2025-12-24 00:00:00-05:00,40.062693697262034,40.162329637505124,39.66416133845718,39.992950439453125,80300,0.0,0.0
2025-12-26 00:00:00-05:00,40.052732065445866,40.33170509711229,39.66416139970407,40.04276657104492,109600,0.0,0.0
2025-12-29 00:00:00-05:00,39.93317314535518,40.27192394399544,39.38518496938406,39.7637939453125,281800,0.0,0.0
2025-12-30 00:00:00-05:00,39.76379516691692,40.40145000866663,39.74386797802191,40.13243865966797,459100,0.0,0.0
2025-12-31 00:00:00-05:00,40.13243950614098,40.341673093590416,39.47485746162655,39.574493408203125,406500,0.0,0.0
2026-01-02 00:00:00-05:00,39.92320795265464,40.959398946859025,39.53463728000864,40.590755462646484,602600,0.0,0.0
2026-01-05 00:00:00-05:00,41.059031563135896,43.79895729250014,40.9494339258457,42.77273178100586,818700,0.0,0.0
2026-01-06 00:00:00-05:00,42.76276699375943,44.34694241188314,42.722916416494954,43.94841003417969,623000,0.0,0.0
2026-01-07 00:00:00-05:00,43.56980063224067,44.26723703752192,43.44027580537008,44.22738265991211,448300,0.0,0.0
2026-01-08 00:00:00-05:00,43.79895934359098,45.18386671444513,43.679400006731214,45.04438018798828,397200,0.0,0.0
2026-01-09 00:00:00-05:00,45.04437990015108,46.698298618913114,45.04437990015108,46.67837142944336,542700,0.0,0.0
2026-01-12 00:00:00-05:00,46.70826412437858,47.84408731934742,46.49903053526108,47.30606460571289,680600,0.0,0.0
2026-01-13 00:00:00-05:00,47.67470619944104,47.754414954144806,46.83778327866452,47.01712417602539,548600,0.0,0.0
2026-01-14 00:00:00-05:00,46.46913935600962,47.46547597616668,45.582400372185454,46.66840744018555,1169400,0.0,0.0
2026-01-15 00:00:00-05:00,46.349579388091655,46.758077244706826,45.881299966829445,46.17023849487305,397200,0.0,0.0
2026-01-16 00:00:00-05:00,45.98093880508308,47.056980431471644,45.12408866143281,46.050682067871094,607000,0.0,0.0
2026-01-20 00:00:00-05:00,45.25360877687019,45.90122911906131,44.615953929574566,45.303428649902344,519500,0.0,0.0
2026-01-21 00:00:00-05:00,46.45917803475981,48.63119218818102,45.90122815473659,48.172874450683594,819900,0.0,0.0
2026-01-22 00:00:00-05:00,48.372142095181815,49.17917612487993,47.724525573226856,47.82415771484375,555000,0.0,0.0
2026-01-23 00:00:00-05:00,47.82415896045919,48.95998212765446,47.69463413240559,48.82049560546875,469800,0.0,0.0
2026-01-26 00:00:00-05:00,48.82049475631024,49.209065432989746,47.41566026331063,47.54518508911133,620700,0.0,0.0
2026-01-27 00:00:00-05:00,47.54518398760273,48.4020340756718,46.50899300664838,46.69829559326172,537100,0.0,0.0
2026-01-28 00:00:00-05:00,46.489069195943664,47.64481958921368,46.31969378520369,47.60496520996094,492800,0.0,0.0
2026-01-29 00:00:00-05:00,47.684672380112225,49.5179319567227,47.54518585809665,48.77067947387695,514800,0.0,0.0
2026-01-30 00:00:00-05:00,47.81419643467159,48.67104274186922,46.449212518229984,47.54518508911133,577600,0.0,0.0
2026-02-02 00:00:00-05:00,47.01712343131864,47.89390071555972,46.449211865578604,47.6248893737793,605200,0.0,0.0
2026-02-03 00:00:00-05:00,48.15295076550341,49.41829493080482,47.73448740788857,49.12936019897461,817900,0.0,0.0
2026-02-04 00:00:00-05:00,49.06957961024973,51.74972380851895,49.06957961024973,51.131996154785156,1273600,0.0,0.0
2026-02-05 00:00:00-05:00,50.16554757958353,50.20540195678168,46.48906679931279,46.86767578125,1085500,0.0,0.0
2026-02-06 00:00:00-05:00,47.22635934212682,47.99353522792994,46.937420797710054,47.05698013305664,527900,0.0,0.0
2026-02-09 00:00:00-05:00,47.056977687137824,47.78430295716913,46.937418358005665,47.5252571105957,274100,0.0,0.0
2026-02-10 00:00:00-05:00,47.7743421154275,49.049651784175666,47.64481728946945,48.800567626953125,392500,0.0,0.0
2026-02-11 00:00:00-05:00,49.418294855678745,50.185474509537535,48.501666989181025,49.07954025268555,482000,0.0,0.0
2026-02-12 00:00:00-05:00,49.26884832059252,49.38840765491905,47.20643175002693,47.963645935058594,473000,0.0,0.0
2026-02-13 00:00:00-05:00,47.59500168304986,48.82049529246795,47.166576624384675,48.5714111328125,272100,0.0,0.0
2026-02-17 00:00:00-05:00,48.182841581681245,48.49170351443386,46.59866613709714,47.634857177734375,395800,0.0,0.0
2026-02-18 00:00:00-05:00,48.09316953261454,49.32862482403367,47.66474447813397,48.800567626953125,521400,0.0,0.0
2026-02-19 00:00:00-05:00,48.551485401766136,49.76701735361369,48.46181494956881,49.13932418823242,380100,0.0,0.0
2026-02-20 00:00:00-05:00,48.59133983828193,49.966285506696515,48.26254691292773,49.18914031982422,436800,0.0,0.0
2026-02-23 00:00:00-05:00,48.71089692260685,49.358517248274694,47.96364445486208,48.60129928588867,294300,0.0,0.0
2026-02-24 00:00:00-05:00,48.80056798318699,49.45815001102579,48.33228854795904,48.471778869628906,270700,0.0,0.0
2026-02-25 00:00:00-05:00,48.890238900789704,48.890238900789704,47.85404787708087,48.242618560791016,291800,0.0,0.0
2026-02-26 00:00:00-05:00,47.97360878971983,48.56144753549669,47.007161071903006,48.282470703125,507100,0.0,0.0
2026-02-27 00:00:00-05:00,48.39207163828068,50.60394025644714,48.15295296647622,50.34489059448242,634700,0.0,0.0
2026-03-02 00:00:00-05:00,53.45346079865054,54.15089338705392,50.89287600773371,52.34752655029297,921000,0.0,0.0
2026-03-03 00:00:00-05:00,51.689945846886104,52.94532833852692,49.547820554762616,50.9825439453125,1202400,0.0,0.0
2026-03-04 00:00:00-05:00,51.16188376935968,54.07118866775634,51.16188376935968,53.12466812133789,947200,0.0,0.0
2026-03-05 00:00:00-05:00,53.343863553649044,57.21961239781846,53.1545571633629,56.84100341796875,1986700,0.0,0.0
2026-03-06 00:00:00-05:00,52.82576966989625,57.717782472220506,48.74078712208016,49.647457122802734,2640900,0.0,0.0
2026-03-09 00:00:00-04:00,50.7234981075379,54.898147254060405,50.67368203576378,52.81580352783203,2271800,0.0,0.0
2026-03-10 00:00:00-04:00,52.89551218691106,52.89551218691106,49.25888194318407,50.30503845214844,1954100,0.0,0.0
2026-03-11 00:00:00-04:00,50.08584454167604,53.28408432006836,50.006135784230906,53.28408432006836,1387200,0.0,0.0
2026-03-12 00:00:00-04:00,54.22063682271425,58.87353079618251,54.22063682271425,57.84730529785156,2399100,0.0,0.0
2026-03-13 00:00:00-04:00,57.25946777265132,57.26942946670823,51.48071223464435,51.560420989990234,2101500,0.0,0.0
2026-03-16 00:00:00-04:00,52.018733311598396,53.09477867093226,50.02606009865943,50.314998626708984,1729700,0.0,0.0
2026-03-17 00:00:00-04:00,50.70000076293945,51.65999984741211,50.58000183105469,51.20000076293945,1544700,0.185,0.0
2026-03-18 00:00:00-04:00,53.0,54.540000915527344,52.459999084472656,52.869998931884766,2902200,0.0,0.0
2026-03-19 00:00:00-04:00,54.029998779296875,58.22999954223633,53.5,56.459999084472656,4218300,0.0,0.0
2026-03-20 00:00:00-04:00,56.0099983215332,57.130001068115234,54.970001220703125,55.88999938964844,2414200,0.0,0.0
2026-03-23 00:00:00-04:00,54.459999084472656,55.09000015258789,52.779998779296875,53.86000061035156,2013200,0.0,0.0
2026-03-24 00:00:00-04:00,54.33000183105469,58.75,54.33000183105469,58.72999954223633,1815700,0.0,0.0
2026-03-25 00:00:00-04:00,58.11000061035156,60.099998474121094,57.66999816894531,58.5099983215332,3263500,0.0,0.0
2026-03-26 00:00:00-04:00,58.5099983215332,59.849998474121094,58.34000015258789,59.459999084472656,1392900,0.0,0.0
2026-03-27 00:00:00-04:00,61.90999984741211,65.47000122070312,61.790000915527344,65.22000122070312,3009000,0.0,0.0
2026-03-30 00:00:00-04:00,64.80999755859375,66.75,62.060001373291016,62.470001220703125,2622000,0.0,0.0
2026-03-31 00:00:00-04:00,61.72999954223633,63.119998931884766,58.06999969482422,59.540000915527344,3093900,0.0,0.0
2026-04-01 00:00:00-04:00,59.630001068115234,60.81999969482422,58.18000030517578,59.040000915527344,1871700,0.0,0.0
2026-04-02 00:00:00-04:00,62.16999816894531,62.58000183105469,58.47999954223633,59.86000061035156,1537200,0.0,0.0
2026-04-06 00:00:00-04:00,60.0,63.470001220703125,60.0,61.56999969482422,1074900,0.0,0.0
2026-04-07 00:00:00-04:00,62.060001373291016,64.37999725341797,61.41999816894531,63.790000915527344,1733000,0.0,0.0
2026-04-08 00:00:00-04:00,54.439998626708984,61.91999816894531,50.06999969482422,61.5099983215332,4679000,0.0,0.0
2026-04-09 00:00:00-04:00,62.900001525878906,62.900001525878906,57.220001220703125,57.939998626708984,2267100,0.0,0.0
2026-04-10 00:00:00-04:00,57.84000015258789,60.040000915527344,56.88999938964844,59.869998931884766,3042200,0.0,0.0
2026-04-13 00:00:00-04:00,61.2400016784668,61.84000015258789,59.29999923706055,59.75,1461600,0.0,0.0
2026-04-14 00:00:00-04:00,58.529998779296875,59.060001373291016,56.66999816894531,56.91999816894531,1452200,0.0,0.0
2026-04-15 00:00:00-04:00,56.779998779296875,57.630001068115234,55.91999816894531,57.59000015258789,1118600,0.0,0.0
2026-04-16 00:00:00-04:00,58.0,58.779998779296875,57.38999938964844,58.36000061035156,1100300,0.0,0.0
2026-04-17 00:00:00-04:00,53.650001525878906,54.91999816894531,52.400001525878906,54.130001068115234,2367200,0.0,0.0
2026-04-20 00:00:00-04:00,55.43000030517578,56.220001220703125,53.70000076293945,55.5,2346800,0.0,0.0
2026-04-21 00:00:00-04:00,56.41999816894531,58.540000915527344,55.86000061035156,58.369998931884766,1582800,0.0,0.0
2026-04-22 00:00:00-04:00,59.060001373291016,60.349998474121094,58.86000061035156,60.099998474121094,1169700,0.0,0.0
2026-04-23 00:00:00-04:00,60.400001525878906,60.84000015258789,59.58000183105469,60.369998931884766,820600,0.0,0.0
2026-04-24 00:00:00-04:00,60.2400016784668,60.380001068115234,58.88999938964844,59.630001068115234,604600,0.0,0.0
2026-04-27 00:00:00-04:00,60.43000030517578,60.77000045776367,59.400001525878906,60.7599983215332,789900,0.0,0.0
2026-04-28 00:00:00-04:00,61.119998931884766,61.56999969482422,59.939998626708984,60.400001525878906,944800,0.0,0.0
2026-04-29 00:00:00-04:00,62.29999923706055,64.16000366210938,61.41999816894531,63.310001373291016,1794900,0.0,0.0
2026-04-30 00:00:00-04:00,64.4000015258789,65.70999908447266,61.150001525878906,65.54000091552734,1690400,0.0,0.0
2026-05-01 00:00:00-04:00,64.63999938964844,64.83000183105469,62.36000061035156,64.25,1275700,0.0,0.0
2026-05-04 00:00:00-04:00,64.9800033569336,65.23999786376953,63.95000076293945,64.86000061035156,820800,0.0,0.0
2026-05-05 00:00:00-04:00,64.8499984741211,66.19999694824219,64.7300033569336,65.72000122070312,597300,0.0,0.0
2026-05-06 00:00:00-04:00,62.47999954223633,63.47999954223633,62.18000030517578,62.369998931884766,1041600,0.0,0.0
2026-05-07 00:00:00-04:00,61.099998474121094,61.779998779296875,59.599998474121094,61.380001068115234,1074400,0.0,0.0
2026-05-08 00:00:00-04:00,61.939998626708984,62.0,60.08000183105469,60.189998626708984,669800,0.0,0.0
2026-05-11 00:00:00-04:00,61.5,64.47000122070312,61.459999084472656,63.349998474121094,713700,0.0,0.0
2026-05-12 00:00:00-04:00,63.369998931884766,64.95999908447266,62.529998779296875,64.16999816894531,640800,0.0,0.0
2026-05-13 00:00:00-04:00,64.41999816894531,64.94000244140625,63.09000015258789,63.540000915527344,452700,0.0,0.0
2026-05-14 00:00:00-04:00,63.310001373291016,63.779998779296875,62.400001525878906,62.560001373291016,510400,0.0,0.0
2026-05-15 00:00:00-04:00,62.83000183105469,63.93000030517578,61.70000076293945,63.380001068115234,979100,0.0,0.0
2026-05-18 00:00:00-04:00,63.119998931884766,63.130001068115234,61.290000915527344,62.09000015258789,501900,0.0,0.0
2026-05-19 00:00:00-04:00,62.220001220703125,62.9900016784668,60.27000045776367,62.06999969482422,610300,0.0,0.0
2026-05-20 00:00:00-04:00,61.810001373291016,63.459999084472656,59.91999816894531,60.540000915527344,1083300,0.0,0.0
2026-05-21 00:00:00-04:00,61.650001525878906,61.869998931884766,59.439998626708984,59.61000061035156,998700,0.0,0.0
2026-05-22 00:00:00-04:00,59.70000076293945,60.2599983215332,58.29999923706055,60.119998931884766,1079000,0.0,0.0
2026-05-26 00:00:00-04:00,60.18000030517578,61.880001068115234,59.66999816894531,60.13999938964844,687000,0.0,0.0
2026-05-27 00:00:00-04:00,58.869998931884766,60.36000061035156,58.5099983215332,59.150001525878906,527000,0.0,0.0
2026-05-28 00:00:00-04:00,60.119998931884766,60.560001373291016,59.31999969482422,59.83000183105469,524400,0.0,0.0
2026-05-29 00:00:00-04:00,59.59000015258789,60.060001373291016,58.4900016784668,59.099998474121094,452100,0.0,0.0
2026-06-01 00:00:00-04:00,60.31999969482422,61.70000076293945,60.18000030517578,61.15999984741211,751800,0.0,0.0
2026-06-02 00:00:00-04:00,61.369998931884766,62.369998931884766,61.22999954223633,62.0,528100,0.0,0.0
2026-06-03 00:00:00-04:00,62.0,63.5099983215332,61.95000076293945,62.54999923706055,613600,0.0,0.0
2026-06-04 00:00:00-04:00,61.29999923706055,61.66999816894531,60.599998474121094,60.720001220703125,329300,0.0,0.0
2026-06-05 00:00:00-04:00,60.59000015258789,60.59000015258789,57.54999923706055,57.619998931884766,414200,0.0,0.0
2026-06-08 00:00:00-04:00,57.790000915527344,60.20000076293945,57.790000915527344,58.290000915527344,1220800,0.0,0.0
2026-06-09 00:00:00-04:00,58.220001220703125,58.38999938964844,55.95000076293945,57.65999984741211,680500,0.0,0.0
2026-06-10 00:00:00-04:00,57.91999816894531,59.709999084472656,57.630001068115234,58.68000030517578,810000,0.0,0.0
2026-06-11 00:00:00-04:00,59.65999984741211,61.34000015258789,58.209999084472656,58.95000076293945,1602121,0.0,0.0
