Date,Open,High,Low,Close,Volume,Dividends,Stock Splits
2022-01-03 00:00:00-05:00,10.439260475202682,11.285938301712694,10.383435163786174,10.913771629333496,839700,0.0,0.0
2022-01-04 00:00:00-05:00,10.848640420293155,10.88585699050308,10.122916857543089,10.132221221923828,485000,0.0,0.0
2022-01-05 00:00:00-05:00,10.150829399798788,10.169438129177008,9.899617764384198,9.908921241760254,279500,0.0,0.0
2022-01-06 00:00:00-05:00,9.946138626070429,10.057789236838497,9.82518542447909,10.020572662353516,185200,0.0,0.0
2022-01-07 00:00:00-05:00,10.039180406277163,10.271784216327433,9.964747258046126,10.234567642211914,207500,0.0,0.0
2022-01-10 00:00:00-05:00,10.113612945691246,10.21595829651968,10.020571959659868,10.039179801940918,131800,0.0,0.0
2022-01-11 00:00:00-05:00,10.029876024860881,10.029876024860881,9.443714317995145,9.546060562133789,470500,0.0,0.0
2022-01-12 00:00:00-05:00,9.639102726681498,9.974052821260914,9.508845145290147,9.936836242675781,341400,0.0,0.0
2022-01-13 00:00:00-05:00,9.974050856524256,10.02987526974878,9.73214269971652,9.750750541687012,151800,0.0,0.0
2022-01-14 00:00:00-05:00,9.64840559714461,9.732143107805735,9.499539305886202,9.555364608764648,153100,0.0,0.0
2022-01-18 00:00:00-05:00,9.49023529505144,9.713534740273092,9.387889937819796,9.704231262207031,180200,0.0,0.0
2022-01-19 00:00:00-05:00,9.676319617016832,9.992660988838907,9.676319617016832,9.927532196044922,203700,0.0,0.0
2022-01-20 00:00:00-05:00,10.011267912438734,10.22526298568098,9.964746974290783,10.029875755310059,134900,0.0,0.0
2022-01-21 00:00:00-05:00,9.936834723287085,10.067092284761442,9.862401577497998,9.871705055236816,160600,0.0,0.0
2022-01-24 00:00:00-05:00,9.685620442823012,9.8251832314758,9.453016682381294,9.815878868103027,247900,0.0,0.0
2022-01-25 00:00:00-05:00,9.694927285627395,9.843793588411874,9.555365348595233,9.667015075683594,229500,0.0,0.0
2022-01-26 00:00:00-05:00,9.787967999895336,10.001963062769917,9.732142699359809,9.778663635253906,210700,0.0,0.0
2022-01-27 00:00:00-05:00,9.918226775465515,10.029876502955316,9.778664837931554,9.797272682189941,172900,0.0,0.0
2022-01-28 00:00:00-05:00,9.797273407496617,9.955444088311735,9.732144616800941,9.936836242675781,230600,0.0,0.0
2022-01-31 00:00:00-05:00,9.908922783400971,10.206656288582806,9.908922783400971,10.104310035705566,194800,0.0,0.0
2022-02-01 00:00:00-05:00,10.169438499393864,10.299696060531193,10.067092258713863,10.085700988769531,466200,0.0,0.0
2022-02-02 00:00:00-05:00,10.160134524932781,10.262479882233963,10.029876071475087,10.048484802246094,204800,0.0,0.0
2022-02-03 00:00:00-05:00,9.983353933206418,10.02057139027991,9.881008588193358,10.001962661743164,226300,0.0,0.0
2022-02-04 00:00:00-05:00,9.94614004228038,10.011269722387619,9.806578089918055,9.927532196044922,198000,0.0,0.0
2022-02-07 00:00:00-05:00,9.983355522155762,10.039180829338132,9.89961889235194,9.983355522155762,110500,0.0,0.0
2022-02-08 00:00:00-05:00,9.964746157521018,10.067091503207205,9.946137428861883,9.974050521850586,177900,0.0,0.0
2022-02-09 00:00:00-05:00,10.08570073861314,10.113612945691246,10.020571959659868,10.039179801940918,92600,0.0,0.0
2022-02-10 00:00:00-05:00,9.918226310909644,10.020572555133075,9.871705371472913,9.890314102172852,103600,0.0,0.0
2022-02-11 00:00:00-05:00,9.908924819478068,9.98335798923969,9.6856253101932,9.732146263122559,206300,0.0,0.0
2022-02-14 00:00:00-05:00,9.722840549480592,9.843794655432118,9.648407390020154,9.76936149597168,227400,0.0,0.0
2022-02-15 00:00:00-05:00,9.881009052537726,9.881009052537726,9.648405258775597,9.722838401794434,151800,0.0,0.0
2022-02-16 00:00:00-05:00,9.732143153335157,9.806576299312576,9.601884704218126,9.685622215270996,121700,0.0,0.0
2022-02-17 00:00:00-05:00,9.6670134859263,9.72283789663348,9.620492552128312,9.657709121704102,97400,0.0,0.0
2022-02-18 00:00:00-05:00,9.620493710245649,9.685622493015249,9.518147466107004,9.546060562133789,145800,0.0,0.0
2022-02-22 00:00:00-05:00,9.518147466107004,9.639101553617056,9.462323048679668,9.546060562133789,337500,0.0,0.0
2022-02-23 00:00:00-05:00,9.527453661043209,9.657712138909565,9.490237079840435,9.573974609375,150200,0.0,0.0
2022-02-24 00:00:00-05:00,9.564669265232112,9.583277997589295,9.26693664602277,9.415802955627441,376100,0.0,0.0
2022-02-25 00:00:00-05:00,9.378587560240522,9.462325091775165,9.201809017133291,9.304154396057129,340200,0.0,0.0
2022-02-28 00:00:00-05:00,9.293877551606334,9.499370574951172,9.275196853549813,9.499370574951172,183900,0.039,0.0
2022-03-01 00:00:00-05:00,9.499369968346183,9.583435331200294,9.172449310755114,9.237833976745605,464600,0.0,0.0
2022-03-02 00:00:00-05:00,9.237835055963549,9.349921922601297,9.097725804575939,9.11640739440918,281900,0.0,0.0
2022-03-03 00:00:00-05:00,9.144427483946716,9.219152050228821,9.03234063452356,9.107065200805664,315500,0.0,0.0
2022-03-04 00:00:00-05:00,9.041683817391768,9.293879072543072,9.013661429540365,9.20047378540039,171700,0.0,0.0
2022-03-07 00:00:00-05:00,9.256516779528534,9.312560664444009,9.172451397548988,9.20047378540039,266300,0.0,0.0
2022-03-08 00:00:00-05:00,9.228495468858211,9.405966141564926,9.209813876579952,9.247176170349121,190400,0.0,0.0
2022-03-09 00:00:00-05:00,9.237836264997341,9.405966141564926,9.237836264997341,9.247176170349121,160400,0.0,0.0
2022-03-10 00:00:00-05:00,9.181790609582293,9.312559057968459,9.181790609582293,9.228493690490723,190600,0.0,0.0
2022-03-11 00:00:00-05:00,9.256514472970435,9.30321755029787,9.163109209102677,9.172449111938477,152100,0.0,0.0
2022-03-14 00:00:00-04:00,9.163110152426402,9.200472439977299,8.892233344985595,8.985638618469238,224800,0.0,0.0
2022-03-15 00:00:00-04:00,8.96695842560126,9.30321903251609,8.93893604026792,9.265856742858887,247900,0.0,0.0
2022-03-16 00:00:00-04:00,9.331241292070441,9.480690462951628,9.237836005663363,9.30321979522705,202200,0.0,0.0
2022-03-17 00:00:00-04:00,9.27519804111919,9.452668703921296,9.27519804111919,9.35926342010498,167000,0.0,0.0
2022-03-18 00:00:00-04:00,9.368600580333657,9.452665934691874,9.284535225975443,9.321897506713867,282200,0.0,0.0
2022-03-21 00:00:00-04:00,9.27519785522391,9.359263232524848,9.256516264362688,9.293878555297852,173300,0.0,0.0
2022-03-22 00:00:00-04:00,9.116407070290979,9.209812343774622,8.88289255040107,8.985638618469238,490900,0.0,0.0
2022-03-23 00:00:00-04:00,8.96695792008739,9.03234170060466,8.817507879096599,8.985638618469238,265600,0.0,0.0
2022-03-24 00:00:00-04:00,9.013661196604561,9.013661196604561,8.854871232699471,8.966958999633789,287700,0.0,0.0
2022-03-25 00:00:00-04:00,8.994981681592943,9.219155463435076,8.976300087712387,9.09772777557373,187500,0.0,0.0
2022-03-28 00:00:00-04:00,9.15376981118784,9.284537378698722,9.032342147936843,9.181791305541992,122900,0.0,0.0
2022-03-29 00:00:00-04:00,9.247174839608943,9.433987172358393,9.237834935601247,9.424646377563477,284400,0.0,0.0
2022-03-30 00:00:00-04:00,9.452667871161006,9.536733242740814,9.38728408917103,9.424646377563477,198400,0.0,0.0
2022-03-31 00:00:00-04:00,9.433986373571024,9.714203067394463,9.424645579567004,9.676840782165527,357200,0.0,0.0
2022-04-01 00:00:00-04:00,9.65816046719743,9.751565738573008,9.536732812700714,9.704863548278809,118000,0.0,0.0
2022-04-04 00:00:00-04:00,9.751564966254653,9.751564966254653,9.555412753877746,9.667500495910645,162600,0.0,0.0
2022-04-05 00:00:00-04:00,9.667502335918499,9.994422158244321,9.667502335918499,9.770248413085938,182800,0.0,0.0
2022-04-06 00:00:00-04:00,9.630138397085249,10.143869585796613,9.592776112619202,10.106507301330566,352400,0.0,0.0
2022-04-07 00:00:00-04:00,10.171892281084975,10.283979137941499,9.92903697916893,10.050464630126953,176100,0.0,0.0
2022-04-08 00:00:00-04:00,10.078485349888236,10.153209915403913,9.994419990986326,10.013101577758789,120600,0.0,0.0
2022-04-11 00:00:00-04:00,9.994420559237144,10.097167510753378,9.854312213625906,9.985079765319824,242100,0.0,0.0
2022-04-12 00:00:00-04:00,10.041123067130396,10.115847632646075,9.97573929500095,10.013101577758789,166500,0.0,0.0
2022-04-13 00:00:00-04:00,10.02244427031866,10.13453204058128,9.966401275974684,10.115850448608398,260100,0.0,0.0
2022-04-14 00:00:00-04:00,10.153211528569443,10.199914612133806,10.041124662487308,10.069146156311035,192200,0.0,0.0
2022-04-18 00:00:00-04:00,10.013102561437433,10.424087712148493,10.013102561437433,10.386725425720215,225600,0.0,0.0
2022-04-19 00:00:00-04:00,10.480131835608534,10.554856410236383,10.227935728149147,10.246617317199707,235800,0.0,0.0
2022-04-20 00:00:00-04:00,10.377386611743926,10.50815508459117,10.265299731069435,10.283981323242188,266900,0.0,0.0
2022-04-21 00:00:00-04:00,10.330682686352835,10.508153328397178,10.209255029885783,10.246617317199707,195200,0.0,0.0
2022-04-22 00:00:00-04:00,10.199914932250977,10.330683392177825,10.041124977620967,10.199914932250977,286500,0.0,0.0
2022-04-25 00:00:00-04:00,10.246617506510066,10.27463899981642,9.994421394391257,10.20925521850586,263800,0.0,0.0
2022-04-26 00:00:00-04:00,10.15321095322169,10.15321095322169,9.96639952033743,10.09716796875,239000,0.0,0.0
2022-04-27 00:00:00-04:00,10.05046564771165,10.097168732160561,9.947718683766597,10.031784057617188,197600,0.0,0.0
2022-04-28 00:00:00-04:00,10.05980631668792,10.237276966425002,9.975740943890848,10.15321159362793,229100,0.0,0.0
2022-04-29 00:00:00-04:00,10.097167323176901,10.190572588253477,9.96639888312515,10.022441864013672,248300,0.0,0.0
2022-05-02 00:00:00-04:00,9.872994361631743,9.994422028040773,9.611458329020824,9.788928985595703,345000,0.0,0.0
2022-05-03 00:00:00-04:00,9.760906795122017,9.957059028302663,9.760906795122017,9.835631370544434,197600,0.0,0.0
2022-05-04 00:00:00-04:00,9.891675325076488,10.283979794514273,9.891675325076488,10.20925521850586,322000,0.0,0.0
2022-05-05 00:00:00-04:00,10.171891502176376,10.330681426593964,9.93837701224311,10.013101577758789,253900,0.0,0.0
2022-05-06 00:00:00-04:00,10.11585055683678,10.414748905302089,10.022444377547698,10.283981323242188,212800,0.0,0.0
2022-05-09 00:00:00-04:00,10.321342597014352,10.433429466614255,10.050465772784438,10.199914932250977,394900,0.0,0.0
2022-05-10 00:00:00-04:00,10.302660106546853,10.358703981843895,10.059805689025481,10.181232452392578,348000,0.0,0.0
2022-05-11 00:00:00-04:00,10.199914932250977,10.377385586420676,10.125190352517707,10.199914932250977,280500,0.0,0.0
2022-05-12 00:00:00-04:00,10.115850467607855,10.199915850069042,9.85431441500764,9.929039001464844,311200,0.0,0.0
2022-05-13 00:00:00-04:00,9.975741380709756,10.340023491065317,9.975741380709756,10.162552833557129,408900,0.0,0.0
2022-05-16 00:00:00-04:00,10.227935728149147,10.42408795924405,10.134530455257934,10.246617317199707,646800,0.0,0.0
2022-05-17 00:00:00-04:00,10.386727249564082,10.64826330048611,10.302661867642312,10.592220306396484,344000,0.0,0.0
2022-05-18 00:00:00-04:00,10.610900442273163,10.732328110715557,10.302661318837583,10.414748191833496,262600,0.0,0.0
2022-05-19 00:00:00-04:00,10.358704384465975,10.648261894191538,10.358704384465975,10.582878112792969,180100,0.0,0.0
2022-05-20 00:00:00-04:00,10.59221877684742,10.657602557439475,10.414747242687268,10.517494201660156,345900,0.0,0.0
2022-05-23 00:00:00-04:00,10.554856937026765,10.7416683829201,10.498813057865144,10.71364688873291,142300,0.0,0.0
2022-05-24 00:00:00-04:00,10.788371853411515,10.872437229770627,10.582878810176716,10.638922691345215,703700,0.0,0.0
2022-05-25 00:00:00-04:00,10.573538151274526,10.694965819716918,10.414748191833496,10.414748191833496,339900,0.0,0.0
2022-05-26 00:00:00-04:00,10.489471630144934,10.629580874203926,10.480131726504084,10.554856300354004,305100,0.0,0.0
2022-05-27 00:00:00-04:00,10.620240154246165,10.80705159018091,10.582877867059215,10.722986221313477,544800,0.0,0.0
2022-05-31 00:00:00-04:00,10.732360656571311,10.779227039872879,10.591762400568516,10.676121711730957,295700,0.04,0.0
2022-06-01 00:00:00-04:00,10.694866010657213,10.77922530826794,10.601134153013335,10.732358932495117,230900,0.0,0.0
2022-06-02 00:00:00-04:00,10.74173411947922,10.872959814034454,10.67612171915256,10.769853591918945,206500,0.0,0.0
2022-06-03 00:00:00-04:00,10.722984991293785,10.938569952491601,10.722984991293785,10.797971725463867,214000,0.0,0.0
2022-06-06 00:00:00-04:00,10.835467274729451,10.966692080088762,10.72298759313298,10.741734504699707,304400,0.0,0.0
2022-06-07 00:00:00-04:00,10.713612431686535,10.929196498982625,10.704238978177559,10.797971725463867,188500,0.0,0.0
2022-06-08 00:00:00-04:00,10.732360131963336,10.91982476210425,10.732360131963336,10.788599967956543,213000,0.0,0.0
2022-06-09 00:00:00-04:00,10.7979721745462,10.863584564034364,10.685492515563965,10.685492515563965,143400,0.0,0.0
2022-06-10 00:00:00-04:00,10.648002237319925,10.648002237319925,10.469911038538763,10.582389831542969,234500,0.0,0.0
2022-06-13 00:00:00-04:00,10.591763078768786,10.591763078768786,10.235579794332798,10.573016166687012,472600,0.0,0.0
2022-06-14 00:00:00-04:00,10.535523090554852,10.67612224751557,10.488656704901278,10.65737533569336,846800,0.0,0.0
2022-06-15 00:00:00-04:00,10.68549191268505,10.760477751841304,10.31993617027374,10.563640594482422,805500,0.0,0.0
2022-06-16 00:00:00-04:00,10.423043989903643,10.460536918525882,10.179339506908127,10.319938659667969,412000,0.0,0.0
2022-06-17 00:00:00-04:00,10.254322897171809,10.27306980392377,9.73879547611688,9.795034408569336,1099900,0.0,0.0
2022-06-21 00:00:00-04:00,9.841903268300264,9.898143108864549,9.710677569584897,9.823156356811523,334300,0.0,0.0
2022-06-22 00:00:00-04:00,9.729422423494906,10.094979075099962,9.588823298769077,10.08560562133789,283400,0.0,0.0
2022-06-23 00:00:00-04:00,10.141844386722392,10.198084214453782,9.973126691331693,10.123098373413086,209500,0.0,0.0
2022-06-24 00:00:00-04:00,10.20745851416224,10.301190376281738,10.132472666905919,10.301190376281738,265000,0.0,0.0
2022-06-27 00:00:00-04:00,10.348056492114697,10.544894559650919,10.29181666114644,10.469908714294434,409100,0.0,0.0
2022-06-28 00:00:00-04:00,10.404298283407194,10.713615177258038,10.404298283407194,10.65737533569336,243600,0.0,0.0
2022-06-29 00:00:00-04:00,10.694867736145072,10.797973958260581,10.610508424923989,10.769853591918945,189600,0.0,0.0
2022-06-30 00:00:00-04:00,10.741732345055082,10.751105798953896,10.526147374891194,10.685492515563965,328900,0.0,0.0
2022-07-01 00:00:00-04:00,10.713614334213096,10.891705513000488,10.666747952247398,10.891705513000488,132600,0.0,0.0
2022-07-05 00:00:00-04:00,10.797974855227517,10.797974855227517,10.338685333082864,10.582389831542969,346600,0.0,0.0
2022-07-06 00:00:00-04:00,10.601135403948778,10.657374346390952,10.38555040751544,10.61050796508789,227300,0.0,0.0
2022-07-07 00:00:00-04:00,10.732358145835356,10.929196194531974,10.657372307655853,10.694865226745605,279000,0.0,0.0
2022-07-08 00:00:00-04:00,10.657374497073882,10.966691366584852,10.657374497073882,10.891705513000488,349500,0.0,0.0
2022-07-11 00:00:00-04:00,10.807345351657109,10.863585184359595,10.582387808650793,10.760478973388672,218600,0.0,0.0
2022-07-12 00:00:00-04:00,10.713614680316253,10.84483948137716,10.704241224839926,10.816720008850098,240200,0.0,0.0
2022-07-13 00:00:00-04:00,10.779224818445915,10.919823045473649,10.751105351820714,10.797971725463867,213100,0.0,0.0
2022-07-14 00:00:00-04:00,10.63862707485124,10.741732386430035,10.526147415435757,10.732358932495117,170900,0.0,0.0
2022-07-15 00:00:00-04:00,10.779228060307105,10.863587379455566,10.648002353420386,10.863587379455566,229000,0.0,0.0
2022-07-18 00:00:00-04:00,10.910451086422256,11.041675867164164,10.882330724347469,10.91982364654541,244500,0.0,0.0
2022-07-19 00:00:00-04:00,10.994810314499032,11.107289983419836,10.957317389492713,11.004183769226074,235200,0.0,0.0
2022-07-20 00:00:00-04:00,10.994808545857225,11.004181999076437,10.741731566250378,10.872957229614258,266900,0.0,0.0
2022-07-21 00:00:00-04:00,10.854213292394235,10.854213292394235,10.619882261221816,10.741734504699707,201200,0.0,0.0
2022-07-22 00:00:00-04:00,10.741733427722087,10.779226353194515,10.413669659411946,10.507402420043945,187600,0.0,0.0
2022-07-25 00:00:00-04:00,10.516774961086108,10.563641337329893,10.423042208598538,10.554267883300781,231500,0.0,0.0
2022-07-26 00:00:00-04:00,10.526148435829231,10.769852898350944,10.498028965200374,10.507402420043945,618800,0.0,0.0
2022-07-27 00:00:00-04:00,10.516774961086108,10.591760805515454,10.498028053027884,10.554267883300781,315100,0.0,0.0
2022-07-28 00:00:00-04:00,10.582387372955425,10.779225438457237,10.544894450664689,10.64799976348877,688100,0.0,0.0
2022-07-29 00:00:00-04:00,10.657374417335152,10.788600107076897,10.601135474518603,10.704240798950195,717400,0.0,0.0
2022-08-01 00:00:00-04:00,10.685493817612041,10.713614182735002,10.554269022645714,10.61050796508789,199400,0.0,0.0
2022-08-02 00:00:00-04:00,10.629253768525418,10.694866159177472,10.526147561613012,10.601134300231934,237200,0.0,0.0
2022-08-03 00:00:00-04:00,10.591761149446773,10.591761149446773,10.366803608854008,10.47928237915039,231300,0.0,0.0
2022-08-04 00:00:00-04:00,10.498027716949915,10.676119762194602,10.4042958613648,10.629253387451172,873200,0.0,0.0
2022-08-05 00:00:00-04:00,10.366803879148568,10.42304281881218,9.748169285536044,9.991873741149902,656300,0.0,0.0
2022-08-08 00:00:00-04:00,10.019991215982786,10.076231038350773,9.63568859382344,9.851273536682129,1109100,0.0,0.0
2022-08-09 00:00:00-04:00,9.795034166406964,9.851273991370716,9.523210282535823,9.69192886352539,782400,0.0,0.0
2022-08-10 00:00:00-04:00,9.691931741051283,9.757544144737848,9.204522759659772,9.232643127441406,651000,0.0,0.0
2022-08-11 00:00:00-04:00,9.232642748405189,9.504466701821181,9.167029453510349,9.354494094848633,446900,0.0,0.0
2022-08-12 00:00:00-04:00,9.382613889881359,9.466973196819849,9.31700059898372,9.326374053955078,287600,0.0,0.0
2022-08-15 00:00:00-04:00,9.279506764479084,9.457598815891107,9.167027997540755,9.373239517211914,506600,0.0,0.0
2022-08-16 00:00:00-04:00,9.363867051461531,9.513838756541304,9.317000670148634,9.420106887817383,369800,0.0,0.0
2022-08-17 00:00:00-04:00,9.354492374832729,9.438851671399243,9.204520689337482,9.270133972167969,353900,0.0,0.0
2022-08-18 00:00:00-04:00,9.27013380355132,9.39198601927525,9.223267429211079,9.307626724243164,315600,0.0,0.0
2022-08-19 00:00:00-04:00,9.307626724243164,9.36386565833006,9.27013380355132,9.307626724243164,185900,0.0,0.0
2022-08-22 00:00:00-04:00,9.251387556886137,9.270134465521625,9.14828224109636,9.204521179199219,346900,0.0,0.0
2022-08-23 00:00:00-04:00,9.22326943016201,9.232642885843939,9.082670276638872,9.176403045654297,383800,0.0,0.0
2022-08-24 00:00:00-04:00,9.129535969065893,9.326374053955078,9.120162514094536,9.326374053955078,389300,0.0,0.0
2022-08-25 00:00:00-04:00,9.382613409412341,9.570078029730396,9.232641713157896,9.485718727111816,500000,0.0,0.0
2022-08-26 00:00:00-04:00,9.495091482032011,9.57945077843524,9.27013395422457,9.316999435424805,352400,0.0,0.0
2022-08-29 00:00:00-04:00,9.31699967302578,9.31699967302578,8.979563372709363,9.054549217224121,808600,0.0,0.0
2022-08-30 00:00:00-04:00,8.998311070166391,9.092042937081587,8.754606607163543,8.77335262298584,547400,0.0,0.0
2022-08-31 00:00:00-04:00,8.75264562424515,8.874994539242618,8.649119135953558,8.827937126159668,503800,0.038,0.0
2022-09-01 00:00:00-04:00,8.79970506276119,8.79970506276119,8.63029869568841,8.771470069885254,461000,0.0,0.0
2022-09-02 00:00:00-04:00,8.780882662730516,8.818528426333653,8.55500808111169,8.564419746398926,287800,0.0,0.0
2022-09-06 00:00:00-04:00,8.536183652742299,8.583241075580856,8.385600617695461,8.555006980895996,565700,0.0,0.0
2022-09-07 00:00:00-04:00,8.545596610281255,8.696179668120353,8.489128412364504,8.64912223815918,359600,0.0,0.0
2022-09-08 00:00:00-04:00,8.649119800996887,8.799703713950043,8.602063281841195,8.743234634399414,214700,0.0,0.0
2022-09-09 00:00:00-04:00,8.809114172130323,8.959698079833478,8.809114172130323,8.922051429748535,318100,0.0,0.0
2022-09-12 00:00:00-04:00,8.987933158874512,9.06322467223832,8.940875738635723,8.987933158874512,226100,0.0,0.0
2022-09-13 00:00:00-04:00,8.865583291628633,8.912640706911759,8.733822708344988,8.790291786193848,295200,0.0,0.0
2022-09-14 00:00:00-04:00,8.818526025927657,8.893817532639556,8.780880272571707,8.799703598022461,225500,0.0,0.0
2022-09-15 00:00:00-04:00,8.790292465209738,8.818526557542372,8.442069001288562,8.57382869720459,384600,0.0,0.0
2022-09-16 00:00:00-04:00,8.573829629751316,8.85617327642405,8.498538110311348,8.837350845336914,687100,0.0,0.0
2022-09-19 00:00:00-04:00,8.827940158207566,9.07263807224655,8.780882728962252,9.044403076171875,336400,0.0,0.0
2022-09-20 00:00:00-04:00,8.997343454240088,9.006754218820276,8.75264562424515,8.827937126159668,453800,0.0,0.0
2022-09-21 00:00:00-04:00,8.865583442008983,8.987932364802209,8.762057844666511,8.799703598022461,316900,0.0,0.0
2022-09-22 00:00:00-04:00,8.799703407154627,9.044400349887981,8.77146841959092,8.922051429748535,422600,0.0,0.0
2022-09-23 00:00:00-04:00,8.809115943382361,8.903230792427346,8.762059416405588,8.846761703491211,537000,0.0,0.0
2022-09-26 00:00:00-04:00,8.856170792935073,8.856170792935073,8.60206221046993,8.66794204711914,505000,0.0,0.0
2022-09-27 00:00:00-04:00,8.724413344096531,8.7902931975431,8.49853789398059,8.555006980895996,586300,0.0,0.0
2022-09-28 00:00:00-04:00,8.58324146270752,8.705590408587755,8.545595702247889,8.58324146270752,671000,0.0,0.0
2022-09-29 00:00:00-04:00,8.573829696323497,8.573829696323497,8.300897711847984,8.376189231872559,374200,0.0,0.0
2022-09-30 00:00:00-04:00,8.366777538961976,8.442069050653,8.300896793073116,8.310308456420898,307700,0.0,0.0
2022-10-03 00:00:00-04:00,8.423247381964131,8.762060148810242,8.423247381964131,8.696179389953613,527300,0.0,0.0
2022-10-04 00:00:00-04:00,8.72441463764605,8.8749976950195,8.72441463764605,8.780882835388184,397500,0.0,0.0
2022-10-05 00:00:00-04:00,8.752648589486084,8.752648589486084,8.33854429111959,8.432659149169922,427500,0.0,0.0
2022-10-06 00:00:00-04:00,8.385600800799534,8.39501246508189,7.943262452531492,7.999731540679932,567100,0.0,0.0
2022-10-07 00:00:00-04:00,7.924440123011275,8.037377403208986,7.811502842813565,7.8397369384765625,338100,0.0,0.0
2022-10-10 00:00:00-04:00,7.811503581103162,7.811503581103162,7.660920526607474,7.689154624938965,227800,0.0,0.0
2022-10-11 00:00:00-04:00,7.642097089270097,7.7268002806271525,7.5479831302978715,7.613862991333008,364300,0.0,0.0
2022-10-12 00:00:00-04:00,7.576216043875339,7.679741651824779,7.322106958300926,7.331518173217773,304700,0.0,0.0
2022-10-13 00:00:00-04:00,7.218581421519587,7.5103362853215945,7.105644141745814,7.435044765472412,503200,0.0,0.0
2022-10-14 00:00:00-04:00,7.453867439273144,7.670330328466109,7.340930162623028,7.38798713684082,629300,0.0,0.0
2022-10-17 00:00:00-04:00,7.5103370358688215,7.915029219887607,7.491514154025458,7.792680263519287,556700,0.0,0.0
2022-10-18 00:00:00-04:00,7.867971659899422,7.980908949079323,7.745622705568082,7.849149227142334,262200,0.0,0.0
2022-10-19 00:00:00-04:00,7.792680982016614,7.8867958486838745,7.7268011138770625,7.773858547210693,349400,0.0,0.0
2022-10-20 00:00:00-04:00,7.830326014142222,7.96208663559885,7.689154624938965,7.689154624938965,513000,0.0,0.0
2022-10-21 00:00:00-04:00,7.7644463357795965,7.990320922864005,7.642097376722419,7.971498489379883,628300,0.0,0.0
2022-10-24 00:00:00-04:00,8.009142047318239,8.09384521852502,7.896204784891054,8.084433555603027,209700,0.0,0.0
2022-10-25 00:00:00-04:00,8.075023218098304,8.338543540348734,8.075023218098304,8.244429588317871,364600,0.0,0.0
2022-10-26 00:00:00-04:00,8.27266338776287,8.310309146735511,8.178548541558419,8.225605964660645,216800,0.0,0.0
2022-10-27 00:00:00-04:00,8.225606302369211,8.470304194510488,8.225606302369211,8.451480865478516,301300,0.0,0.0
2022-10-28 00:00:00-04:00,8.442070169016324,8.517361690681593,8.253841364853152,8.319721221923828,228300,0.0,0.0
2022-10-31 00:00:00-04:00,8.253842968590568,8.300899505615234,8.140904766602821,8.300899505615234,299300,0.0,0.0
2022-11-01 00:00:00-04:00,8.310309028804362,8.395012209677212,8.112668572616274,8.150314331054688,449500,0.0,0.0
2022-11-02 00:00:00-04:00,8.197373331752203,8.282076528933194,8.037378603198299,8.056201934814453,433800,0.0,0.0
2022-11-03 00:00:00-04:00,7.999733496046105,8.06561336703414,7.924441958475227,8.037379264831543,277500,0.0,0.0
2022-11-04 00:00:00-04:00,8.15031517580355,8.206784268086814,8.018555456385556,8.075023651123047,405100,0.0,0.0
2022-11-07 00:00:00-05:00,8.122082378736481,8.23501968383789,7.943264305833146,8.23501968383789,558000,0.0,0.0
2022-11-08 00:00:00-05:00,8.874996696732138,9.119693688666803,8.715001991883096,8.846761703491211,859800,0.0,0.0
2022-11-09 00:00:00-05:00,8.865583685378473,9.063224120309036,8.780880513616006,8.818526268005371,725700,0.0,0.0
2022-11-10 00:00:00-05:00,9.053814097238623,9.110283187823683,8.85617362650953,8.931465148925781,446900,0.0,0.0
2022-11-11 00:00:00-05:00,8.912641110810968,8.978520956665534,8.799703847540748,8.950286865234375,349000,0.0,0.0
2022-11-14 00:00:00-05:00,8.987934292738453,8.997345957482658,8.705590633232571,8.733824729919434,583600,0.0,0.0
2022-11-15 00:00:00-05:00,8.82794083028277,8.884409031639448,8.649122765046238,8.686768531799316,298900,0.0,0.0
2022-11-16 00:00:00-05:00,8.630296709247679,8.969108467863016,8.611473384996298,8.827937126159668,462500,0.0,0.0
2022-11-17 00:00:00-05:00,8.715000543396885,8.80911447925384,8.639709035693091,8.743234634399414,341800,0.0,0.0
2022-11-18 00:00:00-05:00,8.752647638847005,8.846761589129665,8.639710359980388,8.771470069885254,283800,0.0,0.0
2022-11-21 00:00:00-05:00,8.686768531799316,8.762060962851352,8.592654563689559,8.686768531799316,310700,0.0,0.0
2022-11-22 00:00:00-05:00,8.68676766373569,8.903231474094198,8.68676766373569,8.893819808959961,361600,0.0,0.0
2022-11-23 00:00:00-05:00,8.903228628074187,8.903228628074187,8.724411535413578,8.827937126159668,256100,0.0,0.0
2022-11-25 00:00:00-05:00,8.799703407154627,8.959698079833478,8.780880082112155,8.922051429748535,179100,0.0,0.0
2022-11-28 00:00:00-05:00,8.893818770245252,8.922052864804696,8.7244133053429,8.752647399902344,319200,0.0,0.0
2022-11-29 00:00:00-05:00,8.68676808755699,8.696179753150416,8.489128495370048,8.517362594604492,412800,0.0,0.0
2022-11-30 00:00:00-05:00,8.565577188100118,8.849204837371461,8.480488532666593,8.839751243591309,275200,0.041,0.0
2022-12-01 00:00:00-05:00,8.896476101427314,8.991019248962402,8.820841944051356,8.991019248962402,463800,0.0,0.0
2022-12-02 00:00:00-05:00,8.887022162586959,9.076108469492057,8.887022162586959,9.057199478149414,466600,0.0,0.0
2022-12-05 00:00:00-05:00,9.047745871507031,9.047745871507031,8.924840120594165,8.972111701965332,341500,0.0,0.0
2022-12-06 00:00:00-05:00,8.953204358117059,9.057201124514522,8.650666753053583,8.754664421081543,516000,0.0,0.0
2022-12-07 00:00:00-05:00,8.764118372907689,8.896477721605038,8.716846790531303,8.773571968078613,429200,0.0,0.0
2022-12-08 00:00:00-05:00,8.764117732455299,8.86811448477926,8.726299748013451,8.745208740234375,218000,0.0,0.0
2022-12-09 00:00:00-05:00,8.68848287828339,8.953203366086244,8.660120290886798,8.877569198608398,286300,0.0,0.0
2022-12-12 00:00:00-05:00,8.972110181944009,9.028836250305176,8.896476025215968,9.028836250305176,287900,0.0,0.0
2022-12-13 00:00:00-05:00,9.057201841398946,9.217924703226677,9.038293746753043,9.161198616027832,320100,0.0,0.0
2022-12-14 00:00:00-05:00,9.22737768039282,9.274649261661535,9.085562936586676,9.095017433166504,288900,0.0,0.0
2022-12-15 00:00:00-05:00,9.123379792096197,9.123379792096197,8.70739187096805,8.877569198608398,646600,0.0,0.0
2022-12-16 00:00:00-05:00,8.801934965021319,8.934294306298229,8.631757638659131,8.79248046875,678900,0.0,0.0
2022-12-19 00:00:00-05:00,8.74521130153111,8.792482894297947,8.21577108547769,8.272497177124023,566300,0.0,0.0
2022-12-20 00:00:00-05:00,8.28195006442746,8.452126502990723,8.244132977898907,8.452126502990723,397100,0.0,0.0
2022-12-21 00:00:00-05:00,8.452127157383869,8.688484191894531,8.414310067927383,8.688484191894531,252700,0.0,0.0
2022-12-22 00:00:00-05:00,8.603396525173409,8.603396525173409,8.17795313639265,8.234679222106934,379300,0.0,0.0
2022-12-23 00:00:00-05:00,8.310312040286952,8.310312040286952,8.177951796395195,8.300857543945312,301400,0.0,0.0
2022-12-27 00:00:00-05:00,8.348130951047516,8.423765135072701,8.263042268611533,8.338676452636719,90000,0.0,0.0
2022-12-28 00:00:00-05:00,8.300857394657323,8.461580223053055,8.234677724716862,8.253585815429688,283500,0.0,0.0
2022-12-29 00:00:00-05:00,8.367038165573629,8.527760997798598,8.319766585219744,8.508852005004883,261100,0.0,0.0
2022-12-30 00:00:00-05:00,8.49939782269701,8.584486490152312,8.423763651987947,8.480489730834961,231500,0.0,0.0
2023-01-03 00:00:00-05:00,8.41430950164795,8.480490079965772,8.300858240913715,8.41430950164795,243600,0.0,0.0
2023-01-04 00:00:00-05:00,8.452126562156629,8.546669729955058,8.423763972469287,8.537215232849121,244400,0.0,0.0
2023-01-05 00:00:00-05:00,8.46158264656073,8.565580330973898,8.244134582116176,8.272497177124023,325200,0.0,0.0
2023-01-06 00:00:00-05:00,8.272494149958307,8.612847870398252,8.272494149958307,8.593939781188965,376100,0.0,0.0
2023-01-09 00:00:00-05:00,8.593940965313637,8.650666142387742,8.565578376776585,8.603395462036133,283100,0.0,0.0
2023-01-10 00:00:00-05:00,8.546669218057605,8.707392052710262,8.537214721517941,8.67902946472168,194500,0.0,0.0
2023-01-11 00:00:00-05:00,8.65066729314744,8.915387826809297,8.65066729314744,8.820844650268555,272500,0.0,0.0
2023-01-12 00:00:00-05:00,8.820842252770388,8.896476412793454,8.726299101926402,8.839751243591309,239000,0.0,0.0
2023-01-13 00:00:00-05:00,8.839753241306758,8.924841014339151,8.70739298053885,8.88702392578125,352300,0.0,0.0
2023-01-17 00:00:00-05:00,8.887021935197788,9.132833406580657,8.858659350539861,9.047744750976562,290000,0.0,0.0
2023-01-18 00:00:00-05:00,9.151742804188382,9.151742804188382,8.849205248413078,8.858659744262695,239000,0.0,0.0
2023-01-19 00:00:00-05:00,8.849205248413078,8.905931321880432,8.792480076576075,8.858659744262695,170700,0.0,0.0
2023-01-20 00:00:00-05:00,8.849206750747333,8.934295424578735,8.783027071825353,8.924840927124023,219400,0.0,0.0
2023-01-23 00:00:00-05:00,8.972112568558916,9.02883865200943,8.896478391711906,9.009929656982422,202900,0.0,0.0
2023-01-24 00:00:00-05:00,8.896477721605038,8.962657395953714,8.669575208154919,8.773571968078613,236400,0.0,0.0
2023-01-25 00:00:00-05:00,8.735754392752474,8.830297552204886,8.65066572957138,8.79248046875,283700,0.0,0.0
2023-01-26 00:00:00-05:00,8.801934006223824,9.057199066330611,8.783025015740948,9.038290977478027,351000,0.0,0.0
2023-01-27 00:00:00-05:00,9.17065230329058,9.681183436416392,9.06665553785716,9.20846939086914,761500,0.0,0.0
2023-01-30 00:00:00-05:00,9.180106649895682,9.189561147042744,9.019383804917544,9.076109886169434,266900,0.0,0.0
2023-01-31 00:00:00-05:00,9.104472397927612,9.208469160762297,9.000475635092927,9.199014663696289,343300,0.0,0.0
2023-02-01 00:00:00-05:00,9.019384436988132,9.170652795419965,8.792481899340382,9.104473114013672,527300,0.0,0.0
2023-02-02 00:00:00-05:00,9.104470407033219,9.123378495400095,8.764116701757027,9.028836250305176,433500,0.0,0.0
2023-02-03 00:00:00-05:00,8.94375036660008,8.991021954592863,8.71684782619137,8.735755920410156,480900,0.0,0.0
2023-02-06 00:00:00-05:00,8.697938919067383,8.783027597996252,8.631759236180732,8.697938919067383,246900,0.0,0.0
2023-02-07 00:00:00-05:00,8.650664871568617,8.735753526310326,8.58448520749409,8.631756782531738,297200,0.0,0.0
2023-02-08 00:00:00-05:00,8.584486562357974,8.688483322550058,8.52776138466427,8.650666236877441,285200,0.0,0.0
2023-02-09 00:00:00-05:00,8.688482445571392,8.78302560102537,8.575031200004831,8.612848281860352,190000,0.0,0.0
2023-02-10 00:00:00-05:00,8.60339537848661,8.764118214686478,8.60339537848661,8.641212463378906,276400,0.0,0.0
2023-02-13 00:00:00-05:00,8.679030736123254,8.735755920410156,8.66012174027392,8.735755920410156,291300,0.0,0.0
2023-02-14 00:00:00-05:00,8.745210418334823,8.811390100546392,8.650667242349254,8.735755920410156,156400,0.0,0.0
2023-02-15 00:00:00-05:00,8.726300144159177,8.726300144159177,8.52776112660869,8.67902946472168,300100,0.0,0.0
2023-02-16 00:00:00-05:00,8.63175790274428,8.650665994235014,8.47103506773616,8.556123733520508,330700,0.0,0.0
2023-02-17 00:00:00-05:00,8.546668843293205,8.71684616702339,8.527760752673395,8.622303009033203,240500,0.0,0.0
2023-02-21 00:00:00-05:00,8.603395655637367,8.62230374787741,8.348129648168376,8.404855728149414,247600,0.0,0.0
2023-02-22 00:00:00-05:00,8.385947227478027,8.527761984955886,8.329222045791289,8.385947227478027,381900,0.0,0.0
2023-02-23 00:00:00-05:00,8.63175761788154,8.858660118064684,8.026683382429432,8.130681037902832,564000,0.0,0.0
2023-02-24 00:00:00-05:00,7.998321144732785,8.017229236425548,7.724147052959515,7.856507301330566,1250900,0.0,0.0
2023-02-27 00:00:00-05:00,7.884870006528507,7.894324503330205,7.705238173817996,7.780872344970703,552300,0.0,0.0
2023-02-28 00:00:00-05:00,7.800825466106515,7.810327297990297,7.677304370051032,7.6868062019348145,480100,0.041,0.0
2023-03-01 00:00:00-05:00,7.658301396174128,7.829329834529924,7.648799564558657,7.715310573577881,424900,0.0,0.0
2023-03-02 00:00:00-05:00,7.715311410365016,8.000360046733194,7.6297967288401,7.905343532562256,375200,0.0,0.0
2023-03-03 00:00:00-05:00,7.924346475712649,8.076372159616417,7.8958418865168305,8.028863906860352,280700,0.0,0.0
2023-03-06 00:00:00-05:00,8.047869781972619,8.190393673261783,8.019364278798944,8.16188907623291,308000,0.0,0.0
2023-03-07 00:00:00-05:00,8.190392513539939,8.275907198662873,8.047868642431498,8.142884254455566,323300,0.0,0.0
2023-03-08 00:00:00-05:00,8.133383591277754,8.142884518486955,7.924347788215381,8.019363403320312,299800,0.0,0.0
2023-03-09 00:00:00-05:00,8.038366922134387,8.038366922134387,7.819829289738869,7.848334789276123,448800,0.0,0.0
2023-03-10 00:00:00-05:00,7.886340874546649,7.90534363393774,7.705809676535723,7.762819766998291,434400,0.0,0.0
2023-03-13 00:00:00-04:00,7.734315037073334,7.857836142421496,7.667803115027628,7.696308612823486,526300,0.0,0.0
2023-03-14 00:00:00-04:00,7.753317815724316,7.952851770076543,7.715311391378398,7.800826072692871,484000,0.0,0.0
2023-03-15 00:00:00-04:00,7.74381584482642,7.7628195097323625,7.610793815063294,7.734314918518066,345200,0.0,0.0
2023-03-16 00:00:00-04:00,7.734314918518066,7.753317677279392,7.468269499774889,7.734314918518066,341000,0.0,0.0
2023-03-17 00:00:00-04:00,7.724811980319644,7.724811980319644,7.534779436112649,7.5727858543396,453500,0.0,0.0
2023-03-20 00:00:00-04:00,7.620294556731652,7.743814736360875,7.544281267205508,7.5727858543396,329800,0.0,0.0
2023-03-21 00:00:00-04:00,7.591790257131776,7.69630860329797,7.477770984523351,7.496774196624756,365200,0.0,0.0
2023-03-22 00:00:00-04:00,7.487273337396832,7.572787571259331,7.392257270287197,7.4492669105529785,297100,0.0,0.0
2023-03-23 00:00:00-04:00,7.439764540345168,7.5727870246978375,7.363751692143642,7.392256736755371,292700,0.0,0.0
2023-03-24 00:00:00-04:00,7.363752223618133,7.468270123974905,7.306742583352352,7.4492669105529785,203100,0.0,0.0
2023-03-27 00:00:00-04:00,7.515777469077208,7.601292150756359,7.48727287723237,7.553783893585205,203300,0.0,0.0
2023-03-28 00:00:00-04:00,7.534780431014191,7.696308409415445,7.4872726284936375,7.677304744720459,214900,0.0,0.0
2023-03-29 00:00:00-04:00,7.734314960037046,7.990858094632106,7.686806703661776,7.943349838256836,520900,0.0,0.0
2023-03-30 00:00:00-04:00,7.990858788721317,8.104878070238952,7.886341340532994,8.066871643066406,321300,0.0,0.0
2023-03-31 00:00:00-04:00,8.123882153405637,8.370924395765282,8.123882153405637,8.31391429901123,420300,0.0,0.0
2023-04-03 00:00:00-04:00,8.323414211062747,8.380423388509396,8.237899538748238,8.361420631408691,263400,0.0,0.0
2023-04-04 00:00:00-04:00,8.332917213439941,8.408930064811452,8.304411714567125,8.332917213439941,312100,0.0,0.0
2023-04-05 00:00:00-04:00,8.33291663484912,8.45643683014278,8.275906547206615,8.32341480255127,368300,0.0,0.0
2023-04-06 00:00:00-04:00,8.323415887931544,8.427933338403262,8.313914054394646,8.38992691040039,224100,0.0,0.0
2023-04-10 00:00:00-04:00,8.36142156754158,8.427932584057327,8.313913310254057,8.408929824829102,140600,0.0,0.0
2023-04-11 00:00:00-04:00,8.408929605301664,8.484942452519418,8.370923181692788,8.437434196472168,203200,0.0,0.0
2023-04-12 00:00:00-04:00,8.4944432372762,8.798495527225619,8.48494231114075,8.722482681274414,477500,0.0,0.0
2023-04-13 00:00:00-04:00,8.712981713746624,8.836502827212792,8.65597162055274,8.817499160766602,347600,0.0,0.0
2023-04-14 00:00:00-04:00,8.86500690474261,8.86500690474261,8.703479373930588,8.760489463806152,360000,0.0,0.0
2023-04-17 00:00:00-04:00,8.78899372654544,8.78899372654544,8.551453355557726,8.627466201782227,302100,0.0,0.0
2023-04-18 00:00:00-04:00,8.646470121124967,8.646470121124967,8.389926077951355,8.503945350646973,297800,0.0,0.0
2023-04-19 00:00:00-04:00,8.43743667947486,8.532452313386326,8.43743667947486,8.446938514709473,208300,0.0,0.0
2023-04-20 00:00:00-04:00,8.380425076863492,8.456437932869237,8.304412220857747,8.38992691040039,257400,0.0,0.0
2023-04-21 00:00:00-04:00,8.342418074127218,8.399428165276298,8.285408889122799,8.380424499511719,248700,0.0,0.0
2023-04-24 00:00:00-04:00,8.370922463031313,8.380423388509396,8.275905959094182,8.361420631408691,216700,0.0,0.0
2023-04-25 00:00:00-04:00,8.351920728132349,8.399428991069934,8.275907869890112,8.31391429901123,272000,0.0,0.0
2023-04-26 00:00:00-04:00,8.342417955276902,8.342417955276902,8.190392255904738,8.26640510559082,261100,0.0,0.0
2023-04-27 00:00:00-04:00,8.285408889122799,8.427932757778507,8.285408889122799,8.380424499511719,320100,0.0,0.0
2023-04-28 00:00:00-04:00,8.30441067801907,8.503944614499826,8.30441067801907,8.47544002532959,159100,0.0,0.0
2023-05-01 00:00:00-04:00,8.465938538311265,8.65597065075899,8.465938538311265,8.560955047607422,205600,0.0,0.0
2023-05-02 00:00:00-04:00,8.589460615162729,8.589460615162729,8.408930314334578,8.513447761535645,316600,0.0,0.0
2023-05-03 00:00:00-04:00,8.494444448403252,8.684477496520532,8.494444448403252,8.551454544067383,316600,0.0,0.0
2023-05-04 00:00:00-04:00,8.579957915507455,8.741485439689916,8.532449660251803,8.722482681274414,418500,0.0,0.0
2023-05-05 00:00:00-04:00,9.121550796399678,9.245070994452039,8.931517770776859,9.045537948608398,507800,0.0,0.0
2023-05-08 00:00:00-04:00,9.102546067968163,9.387594666956765,9.102546067968163,9.283077239990234,360800,0.0,0.0
2023-05-09 00:00:00-04:00,9.245070190091253,9.568125218169326,9.226067432869067,9.463607788085938,571400,0.0,0.0
2023-05-10 00:00:00-04:00,9.482612100061067,9.492113933302335,9.254573539138745,9.425602912902832,350000,0.0,0.0
2023-05-11 00:00:00-04:00,9.416100046364459,9.416100046364459,9.1500550878168,9.169057846069336,268700,0.0,0.0
2023-05-12 00:00:00-04:00,9.235569593328623,9.235569593328623,9.093044831438048,9.197563171386719,335000,0.0,0.0
2023-05-15 00:00:00-04:00,9.254572618073482,9.378093719482422,9.254572618073482,9.378093719482422,311100,0.0,0.0
2023-05-16 00:00:00-04:00,9.368591617053003,9.378093449074623,9.159556749444814,9.197563171386719,229900,0.0,0.0
2023-05-17 00:00:00-04:00,9.197565007504247,9.264076032644088,9.093046646690489,9.245072364807129,252900,0.0,0.0
2023-05-18 00:00:00-04:00,9.273575925730682,9.359090600810436,9.131051165216238,9.340086936950684,165400,0.0,0.0
2023-05-19 00:00:00-04:00,9.406598406262306,9.416100238654911,9.22606812152585,9.235569953918457,192900,0.0,0.0
2023-05-22 00:00:00-04:00,9.235570819018267,9.359091933258584,9.235570819018267,9.330586433410645,114800,0.0,0.0
2023-05-23 00:00:00-04:00,9.349590345049148,9.349590345049148,9.197564633120662,9.254573822021484,187500,0.0,0.0
2023-05-24 00:00:00-04:00,9.235571426402968,9.264076021980838,9.007531943345732,9.03603744506836,229000,0.0,0.0
2023-05-25 00:00:00-04:00,9.102547752807432,9.102547752807432,8.903013787197052,8.960023880004883,195600,0.0,0.0
2023-05-26 00:00:00-04:00,8.998030461077574,9.007531388254863,8.912515773469064,8.979026794433594,133500,0.0,0.0
2023-05-30 00:00:00-04:00,9.064540241517763,9.235569593328623,9.064540241517763,9.197563171386719,286600,0.0,0.0
2023-05-31 00:00:00-04:00,9.159400695935597,9.216646438463817,9.063989911849003,9.188023567199707,252700,0.04,0.0
2023-06-01 00:00:00-04:00,9.197564135074778,9.312056521415384,9.197564135074778,9.23572826385498,252300,0.0,0.0
2023-06-02 00:00:00-04:00,9.283432791710341,9.436090217546587,9.254809922449311,9.426548957824707,196500,0.0,0.0
2023-06-05 00:00:00-04:00,9.369302541826404,9.436090451631788,9.321598061842797,9.359762191772461,172600,0.0,0.0
2023-06-06 00:00:00-04:00,9.388384314357507,9.397925573556526,9.29297354217645,9.369301795959473,242100,0.0,0.0
2023-06-07 00:00:00-04:00,9.436088610938535,9.560122236490919,9.369300714161433,9.550580978393555,248400,0.0,0.0
2023-06-08 00:00:00-04:00,9.579205948150259,9.607828818828787,9.445631035142702,9.483795166015625,277700,0.0,0.0
2023-06-09 00:00:00-04:00,9.483794696346767,9.541041344773436,9.388384828841797,9.426548957824707,291300,0.0,0.0
2023-06-12 00:00:00-04:00,9.397925082365433,9.407465431161256,9.216644806677111,9.27389144897461,394000,0.0,0.0
2023-06-13 00:00:00-04:00,9.302514315171104,9.359760957468604,9.25480893157394,9.27389144897461,304800,0.0,0.0
2023-06-14 00:00:00-04:00,9.26435033249055,9.273891591337351,9.025824320747645,9.092611312866211,413800,0.0,0.0
2023-06-15 00:00:00-04:00,9.130774532183407,9.21664403347363,9.054446288793084,9.20710277557373,321800,0.0,0.0
2023-06-16 00:00:00-04:00,9.178480196065584,9.36930081045172,9.159398589579201,9.292972564697266,1248000,0.0,0.0
2023-06-20 00:00:00-04:00,9.302515007796066,9.302515007796066,9.102153109693505,9.226186752319336,388400,0.0,0.0
2023-06-21 00:00:00-04:00,9.264350626627794,9.264350626627794,9.140316987394952,9.216645240783691,295700,0.0,0.0
2023-06-22 00:00:00-04:00,9.245269309727925,9.245269309727925,9.130776914766816,9.188023567199707,272800,0.0,0.0
2023-06-23 00:00:00-04:00,9.14985787359578,9.159399132356608,8.863626480102539,8.863626480102539,259700,0.0,0.0
2023-06-26 00:00:00-04:00,8.87316824386997,8.911332371180835,8.768216211336659,8.882709503173828,280700,0.0,0.0
2023-06-27 00:00:00-04:00,8.901791100319576,8.920873618902519,8.82546284579694,8.844545364379883,176500,0.0,0.0
2023-06-28 00:00:00-04:00,8.844546753623359,8.844546753623359,8.6537251774392,8.71097183227539,399300,0.0,0.0
2023-06-29 00:00:00-04:00,8.710971843255292,8.806381721562923,8.634643576647305,8.787300109863281,260700,0.0,0.0
2023-06-30 00:00:00-04:00,8.749134818113937,8.949496718906797,8.73005229903624,8.930414199829102,371200,0.0,0.0
2023-07-03 00:00:00-04:00,8.920872926497934,9.083070682245497,8.89224915084519,9.006741523742676,108200,0.0,0.0
2023-07-05 00:00:00-04:00,8.968577889874695,9.044906142646898,8.863626769789054,8.98766040802002,229900,0.0,0.0
2023-07-06 00:00:00-04:00,8.978119366498712,9.006742234505719,8.84454537586296,8.882709503173828,236500,0.0,0.0
2023-07-07 00:00:00-04:00,8.854085759163512,9.016283528331874,8.854085759163512,8.997201919555664,301500,0.0,0.0
2023-07-10 00:00:00-04:00,8.93995664307926,8.978120776383253,8.76821758825893,8.787300109863281,258100,0.0,0.0
2023-07-11 00:00:00-04:00,8.472444660819471,8.949496718906797,8.291164369199716,8.930414199829102,1247000,0.0,0.0
2023-07-12 00:00:00-04:00,8.96857827057669,9.464712844560681,8.91133253351982,9.455171585083008,1080000,0.0,0.0
2023-07-13 00:00:00-04:00,9.493336945866105,9.684157610676058,9.369303286263458,9.61737060546875,875400,0.0,0.0
2023-07-14 00:00:00-04:00,9.541040845968876,9.674615745378082,9.417007205782735,9.445630073547363,630100,0.0,0.0
2023-07-17 00:00:00-04:00,9.39792653815406,9.426549408784387,9.226187494562785,9.407466888427734,500500,0.0,0.0
2023-07-18 00:00:00-04:00,9.397924885518266,9.502875999310133,9.35021950292033,9.417006492614746,280000,0.0,0.0
2023-07-19 00:00:00-04:00,9.417007478393407,9.569663990763395,9.38838460980018,9.531499862670898,277000,0.0,0.0
2023-07-20 00:00:00-04:00,9.55058334412227,9.579206215599944,9.369303034986082,9.56966495513916,218700,0.0,0.0
2023-07-21 00:00:00-04:00,9.750943872835434,9.78910799932795,9.617368975159357,9.703238487243652,445700,0.0,0.0
2023-07-24 00:00:00-04:00,9.731861630056017,9.798649535736478,9.655533374910837,9.789108276367188,289600,0.0,0.0
2023-07-25 00:00:00-04:00,9.789107797278854,9.874977307590788,9.750943671574055,9.846353530883789,267400,0.0,0.0
2023-07-26 00:00:00-04:00,9.874978714323403,9.884519064680267,9.579206015548726,9.598288536071777,378200,0.0,0.0
2023-07-27 00:00:00-04:00,9.60782764121091,9.60782764121091,9.407465751209974,9.47425365447998,423900,0.0,0.0
2023-07-28 00:00:00-04:00,9.45517280134518,9.55058358858587,9.45517280134518,9.54104232788086,353900,0.0,0.0
2023-07-31 00:00:00-04:00,9.493336277959473,9.817731840265797,9.483795017914078,9.741403579711914,639200,0.0,0.0
2023-08-01 00:00:00-04:00,9.684156912276544,9.693698172305124,9.598288301733241,9.665075302124023,432200,0.0,0.0
2023-08-02 00:00:00-04:00,9.617369903310006,9.63645242335015,9.550582902978778,9.626911163330078,370900,0.0,0.0
2023-08-03 00:00:00-04:00,9.59828704976979,9.59828704976979,9.35976103959554,9.502876281738281,658500,0.0,0.0
2023-08-04 00:00:00-04:00,9.636452431942923,9.903601343410683,9.531500391437824,9.665075302124023,760200,0.0,0.0
2023-08-07 00:00:00-04:00,9.750942962301911,9.846352814671647,9.665073458236025,9.817729949951172,282500,0.0,0.0
2023-08-08 00:00:00-04:00,9.798649723150287,9.798649723150287,9.531499915127949,9.722320556640625,528000,0.0,0.0
2023-08-09 00:00:00-04:00,9.79864900325775,9.836813128756424,9.684155716857209,9.693696975708008,353200,0.0,0.0
2023-08-10 00:00:00-04:00,9.808189918540945,9.922682301647892,9.693697535433998,9.903600692749023,456700,0.0,0.0
2023-08-11 00:00:00-04:00,9.913142118713393,9.913142118713393,9.741403086215088,9.76048469543457,400500,0.0,0.0
2023-08-14 00:00:00-04:00,9.779567709988855,9.827273100311192,9.655534059112634,9.741403579711914,366100,0.0,0.0
2023-08-15 00:00:00-04:00,9.750944813877098,9.760485163992533,9.56012416299885,9.626911163330078,309800,0.0,0.0
2023-08-16 00:00:00-04:00,9.626910616062787,9.626910616062787,9.407466197599227,9.455171585083008,321800,0.0,0.0
2023-08-17 00:00:00-04:00,9.541039620138946,9.560122136133357,9.321596145629883,9.321596145629883,224600,0.0,0.0
2023-08-18 00:00:00-04:00,9.30251463164931,9.49333526262531,9.226186379258909,9.47425365447998,252500,0.0,0.0
2023-08-21 00:00:00-04:00,9.50287598441928,9.50287598441928,9.283431588774436,9.3788423538208,278200,0.0,0.0
2023-08-22 00:00:00-04:00,9.378843263272795,9.397925782094266,9.226186752319336,9.226186752319336,217600,0.0,0.0
2023-08-23 00:00:00-04:00,9.283430930516811,9.483792794983584,9.245266809185257,9.46471118927002,240400,0.0,0.0
2023-08-24 00:00:00-04:00,9.417005995888607,9.579203742223324,9.312054887632678,9.321596145629883,225700,0.0,0.0
2023-08-25 00:00:00-04:00,9.369302259633386,9.378843519304588,9.23572826385498,9.23572826385498,160400,0.0,0.0
2023-08-28 00:00:00-04:00,9.226187282066324,9.436090451631788,9.226187282066324,9.359762191772461,217500,0.0,0.0
2023-08-29 00:00:00-04:00,9.397926330566406,9.464713330530154,9.321598070635085,9.397926330566406,180900,0.0,0.0
2023-08-30 00:00:00-04:00,9.41700619152437,9.493334437278826,9.283431306501843,9.292972564697266,299500,0.0,0.0
2023-08-31 00:00:00-04:00,9.380163916868494,9.380163916868494,9.159792781486678,9.188536643981934,274400,0.041,0.0
2023-09-01 00:00:00-04:00,9.207699924725018,9.265188569774478,9.06397968272789,9.169374465942383,418800,0.0,0.0
2023-09-05 00:00:00-04:00,9.13104846934626,9.150211654484384,8.977746643245107,9.063979148864746,251800,0.0,0.0
2023-09-06 00:00:00-04:00,9.063978364528873,9.063978364528873,8.949002004902292,9.016071319580078,425700,0.0,0.0
2023-09-07 00:00:00-04:00,8.987328090896257,9.18853696284733,8.987328090896257,9.102304458618164,422000,0.0,0.0
2023-09-08 00:00:00-04:00,9.092723548377112,9.188537652209208,9.073561275861302,9.169374465942383,364900,0.0,0.0
2023-09-11 00:00:00-04:00,9.169374090371443,9.341839104704768,9.169374090371443,9.27476978302002,349200,0.0,0.0
2023-09-12 00:00:00-04:00,9.284349823549757,9.313094599795926,9.169373459817821,9.188536643981934,240700,0.0,0.0
2023-09-13 00:00:00-04:00,9.17895602595435,9.17895602595435,8.757375980866595,8.929840087890625,729400,0.0,0.0
2023-09-14 00:00:00-04:00,9.02565396002356,9.073561010538743,8.843607350816058,8.996910095214844,433600,0.0,0.0
2023-09-15 00:00:00-04:00,8.996910298414386,9.035235756941935,8.920259381359289,8.939421653747559,397400,0.0,0.0
2023-09-18 00:00:00-04:00,8.929839200429376,8.958583976869189,8.824444428069485,8.920258522033691,266900,0.0,0.0
2023-09-19 00:00:00-04:00,9.006489871754884,9.016071463647924,8.920258285970213,8.97774600982666,367100,0.0,0.0
2023-09-20 00:00:00-04:00,8.987328583523569,9.0064908556521,8.891514481627931,8.968165397644043,271100,0.0,0.0
2023-09-21 00:00:00-04:00,8.910677934710597,8.910677934710597,8.65198040008545,8.65198040008545,450500,0.0,0.0
2023-09-22 00:00:00-04:00,8.68072473596361,8.81486337928085,8.651979957751937,8.766956329345703,1015600,0.0,0.0
2023-09-25 00:00:00-04:00,8.680724656376865,8.814863298464292,8.671143063727486,8.795701026916504,334100,0.0,0.0
2023-09-26 00:00:00-04:00,8.671143681407655,8.901096438867384,8.661562088075742,8.88193416595459,828000,0.0,0.0
2023-09-27 00:00:00-04:00,8.872351108233278,8.872351108233278,8.460351800472173,8.498677253723145,531400,0.0,0.0
2023-09-28 00:00:00-04:00,8.517841815654561,8.53700408850561,8.39328384399414,8.39328384399414,268000,0.0,0.0
2023-09-29 00:00:00-04:00,8.48909530167562,8.508258484363218,8.307049634897671,8.335793495178223,374500,0.0,0.0
2023-10-02 00:00:00-04:00,8.326212145269718,8.326212145269718,7.9621208011562565,8.010026931762695,1280600,0.0,0.0
2023-10-03 00:00:00-04:00,7.923795736516202,7.923795736516202,7.684261416748495,7.780074596405029,878800,0.0,0.0
2023-10-04 00:00:00-04:00,7.8279828784118015,7.8279828784118015,7.569285790513731,7.713006496429443,944700,0.0,0.0
2023-10-05 00:00:00-04:00,7.7896558001218725,8.364537590651555,7.732167164193469,8.278306007385254,1283100,0.0,0.0
2023-10-06 00:00:00-04:00,8.37411967618605,8.37411967618605,7.990865126561189,8.144166946411133,756400,0.0,0.0
2023-10-09 00:00:00-04:00,8.1345858910143,8.24956226348877,8.1345858910143,8.24956226348877,134100,0.0,0.0
2023-10-10 00:00:00-04:00,8.268725301713516,8.326213030050496,8.17291120281726,8.287887573242188,844900,0.0,0.0
2023-10-11 00:00:00-04:00,8.35495729119765,8.46035206246386,8.24956160618053,8.431608200073242,610400,0.0,0.0
2023-10-12 00:00:00-04:00,8.402864908622147,8.402864908622147,8.019609424452673,8.029191017150879,644500,0.0,0.0
2023-10-13 00:00:00-04:00,8.029190524541209,8.153748480723042,7.88546938413867,7.904632568359375,548200,0.0,0.0
2023-10-16 00:00:00-04:00,7.904632568359375,7.990865069850715,7.875888705779234,7.904632568359375,338500,0.0,0.0
2023-10-17 00:00:00-04:00,7.84714357704243,7.895050621691828,7.722586540205219,7.741748809814453,531600,0.0,0.0
2023-10-18 00:00:00-04:00,7.693842183875209,7.78007468618685,7.483052181072318,7.5022149085998535,503500,0.0,0.0
2023-10-19 00:00:00-04:00,7.4638893097201455,7.578865672669834,7.43514544742045,7.5405402183532715,461000,0.0,0.0
2023-10-20 00:00:00-04:00,7.483052575212978,7.559703489360409,7.377657339822517,7.396820068359375,521600,0.0,0.0
2023-10-23 00:00:00-04:00,7.291425119261364,7.588447633071554,7.243518070602263,7.444726943969727,364400,0.0,0.0
2023-10-24 00:00:00-04:00,7.530959513037978,7.530959513037978,7.291425181450419,7.301006317138672,406800,0.0,0.0
2023-10-25 00:00:00-04:00,7.214774414225023,7.272262600142593,7.128541906910925,7.262681007385254,324400,0.0,0.0
2023-10-26 00:00:00-04:00,7.310588131866441,7.425564504872412,7.224355623674216,7.243518352508545,434700,0.0,0.0
2023-10-27 00:00:00-04:00,7.2626808883878935,7.2626808883878935,6.994402691834914,7.042309284210205,419400,0.0,0.0
2023-10-30 00:00:00-04:00,7.099797657813335,7.253099945363456,7.099797657813335,7.243518352508545,417000,0.0,0.0
2023-10-31 00:00:00-04:00,7.2243545731656,7.2243545731656,6.984820269129936,7.013564586639404,421000,0.0,0.0
2023-11-01 00:00:00-04:00,6.975239901342594,7.214774231710635,6.917751260003843,7.18602991104126,893300,0.0,0.0
2023-11-02 00:00:00-04:00,7.377657492981848,7.6171918331030195,7.377657492981848,7.483052730560303,881900,0.0,0.0
2023-11-03 00:00:00-04:00,7.607610926421652,7.674680708152724,7.511797278859769,7.5501227378845215,519600,0.0,0.0
2023-11-06 00:00:00-05:00,7.578865966249927,7.61719142205109,7.435145735433299,7.4638895988464355,355600,0.0,0.0
2023-11-07 00:00:00-05:00,7.617191791534424,7.923796366566992,7.492634282576529,7.617191791534424,613600,0.0,0.0
2023-11-08 00:00:00-05:00,7.559703119636458,7.789656307707869,7.521377664437133,7.751330852508545,646900,0.0,0.0
2023-11-09 00:00:00-05:00,7.77049321558247,7.914214359601211,7.732167759927661,7.84714412689209,522400,0.0,0.0
2023-11-10 00:00:00-05:00,7.85672596886924,7.923796203709332,7.78007505512425,7.914214611053467,404400,0.0,0.0
2023-11-13 00:00:00-05:00,7.837563328503578,7.904632646436685,7.703423778886441,7.7609124183654785,385000,0.0,0.0
2023-11-14 00:00:00-05:00,7.904633870702172,8.096261175726557,7.808819761314446,8.05793571472168,482200,0.0,0.0
2023-11-15 00:00:00-05:00,8.048353943219286,8.192075104125625,8.038773263493034,8.105842590332031,481200,0.0,0.0
2023-11-16 00:00:00-05:00,8.144168206752912,8.144168206752912,7.942959308624268,7.942959308624268,255500,0.0,0.0
2023-11-17 00:00:00-05:00,7.971702374712618,8.048353288796319,7.904633053327123,8.029191017150879,389200,0.0,0.0
2023-11-20 00:00:00-05:00,7.9717012868254855,8.09625923365099,7.9237951573740855,8.06751537322998,312100,0.0,0.0
2023-11-21 00:00:00-05:00,8.125004543140575,8.125004543140575,7.396820371974894,7.5692853927612305,1044800,0.0,0.0
2023-11-22 00:00:00-05:00,7.550121924495972,7.665098289183616,7.415982375484927,7.636353969573975,483700,0.0,0.0
2023-11-24 00:00:00-05:00,7.674679824657567,7.808818458926898,7.674679824657567,7.780074596405029,181800,0.0,0.0
2023-11-27 00:00:00-05:00,7.741749857652047,7.7800753158087,7.69384280651848,7.722587585449219,300000,0.0,0.0
2023-11-28 00:00:00-05:00,7.703423805071657,7.780074715470306,7.684261534347459,7.751330852508545,333200,0.0,0.0
2023-11-29 00:00:00-05:00,7.760912497703511,7.789656360861408,7.722587042242668,7.732167720794678,291900,0.0,0.0
2023-11-30 00:00:00-05:00,7.741796559387625,7.847716331481934,7.722538836417096,7.847716331481934,348800,0.04,0.0
2023-12-01 00:00:00-05:00,7.847717115048131,7.972895540914142,7.809200746958793,7.924749851226807,384800,0.0,0.0
2023-12-04 00:00:00-05:00,7.828459487877068,7.924749950151076,7.828459487877068,7.857346534729004,409700,0.0,0.0
2023-12-05 00:00:00-05:00,7.828459252518091,7.866975619930251,7.770684242248535,7.770684242248535,416600,0.0,0.0
2023-12-06 00:00:00-05:00,7.818830166158868,7.963267237023874,7.809200844440669,7.857346534729004,336500,0.0,0.0
2023-12-07 00:00:00-05:00,7.751425180991499,7.9247483453060115,7.741795861223339,7.818828582763672,341400,0.0,0.0
2023-12-08 00:00:00-05:00,7.828459914957281,7.876605607872196,7.751427173614502,7.751427173614502,261000,0.0,0.0
2023-12-11 00:00:00-05:00,7.703280379876556,7.741796745043836,7.347003772503576,7.424036502838135,858900,0.0,0.0
2023-12-12 00:00:00-05:00,7.462552944372764,7.462552944372764,7.221825430038158,7.356632709503174,498800,0.0,0.0
2023-12-13 00:00:00-05:00,7.3662623985777556,7.664764476171325,7.327746031091573,7.655135154724121,658400,0.0,0.0
2023-12-14 00:00:00-05:00,7.703280195144007,7.8766042933915665,7.703280195144007,7.847716331481934,715100,0.0,0.0
2023-12-15 00:00:00-05:00,7.905491829847716,7.905491829847716,7.5684733921298095,7.732167720794678,1886000,0.0,0.0
2023-12-18 00:00:00-05:00,7.799572633609466,7.799572633609466,7.635877374417485,7.664764881134033,485300,0.0,0.0
2023-12-19 00:00:00-05:00,7.655134303066865,7.924748845474692,7.655134303066865,7.876604080200195,621700,0.0,0.0
2023-12-20 00:00:00-05:00,7.886232968914076,7.905491610854306,7.722539103935069,7.7610554695129395,503100,0.0,0.0
2023-12-21 00:00:00-05:00,7.799571564904331,7.8766042933915665,7.780312923631242,7.847716331481934,645400,0.0,0.0
2023-12-22 00:00:00-05:00,7.905492607793211,8.011412396913947,7.905492607793211,7.98252534866333,324800,0.0,0.0
2023-12-26 00:00:00-05:00,7.982525247331092,8.06918730928554,7.972895925268888,8.049928665161133,104100,0.0,0.0
2023-12-27 00:00:00-05:00,8.021041719098388,8.06918741171789,7.934379656043829,7.98252534866333,299100,0.0,0.0
2023-12-28 00:00:00-05:00,8.011412396913947,8.040300363467273,7.972896026478888,7.98252534866333,262500,0.0,0.0
2023-12-29 00:00:00-05:00,7.944007413870647,8.059556502421554,7.866974688170043,8.001782417297363,321600,0.0,0.0
2024-01-02 00:00:00-05:00,7.95363800452876,8.088444836885154,7.886233670047891,7.9632673263549805,409900,0.0,0.0
2024-01-03 00:00:00-05:00,7.895861802649487,7.944007486226519,7.847716119072456,7.876604080200195,310900,0.0,0.0
2024-01-04 00:00:00-05:00,7.847716603336205,7.905491610854306,7.712909782964954,7.7610554695129395,325400,0.0,0.0
2024-01-05 00:00:00-05:00,7.751426363268401,7.8380884177949195,7.674393170827435,7.732167720794678,399100,0.0,0.0
2024-01-08 00:00:00-05:00,7.703280686739801,7.809200465593531,7.655134998787154,7.789942741394043,433400,0.0,0.0
2024-01-09 00:00:00-05:00,7.7417964079146495,7.761055048810931,7.5973598152514334,7.635876178741455,350100,0.0,0.0
2024-01-10 00:00:00-05:00,7.655135154724121,7.664764476171325,7.529957189969688,7.655135154724121,366800,0.0,0.0
2024-01-11 00:00:00-05:00,7.6166188023246555,7.6455063075721705,7.472182653541037,7.539586067199707,425000,0.0,0.0
2024-01-12 00:00:00-05:00,7.597361202157362,7.616619387417974,7.452924583127096,7.4721832275390625,294400,0.0,0.0
2024-01-16 00:00:00-05:00,7.5106979111582435,7.549214273028696,7.366261324568422,7.443294048309326,630400,0.0,0.0
2024-01-17 00:00:00-05:00,7.327745831051676,7.3470040142690385,7.17367990616147,7.279600143432617,404300,0.0,0.0
2024-01-18 00:00:00-05:00,7.32774632085872,7.337375183535369,7.1640515229936685,7.221826076507568,292600,0.0,0.0
2024-01-19 00:00:00-05:00,7.202567722323399,7.366262516332096,7.087018618017727,7.298858642578125,584700,0.0,0.0
2024-01-22 00:00:00-05:00,7.269971919991596,7.404779214354563,7.24108441305243,7.260342597961426,382200,0.0,0.0
2024-01-23 00:00:00-05:00,7.269971293353513,7.327745843100598,7.135163551459007,7.164051055908203,314400,0.0,0.0
2024-01-24 00:00:00-05:00,7.2218256914253,7.23145501273983,6.961839984900042,7.038872718811035,473700,0.0,0.0
2024-01-25 00:00:00-05:00,7.125534534454346,7.173679761954271,7.067759985963657,7.125534534454346,532000,0.0,0.0
2024-01-26 00:00:00-05:00,7.1447926375910455,7.289229236782358,7.1447926375910455,7.250712871551514,488100,0.0,0.0
2024-01-29 00:00:00-05:00,7.269971613061083,7.269971613061083,7.1351638652382094,7.183309555053711,294100,0.0,0.0
2024-01-30 00:00:00-05:00,7.135163636199777,7.144792957514307,7.019614535333287,7.038872718811035,595300,0.0,0.0
2024-01-31 00:00:00-05:00,7.067760303099182,7.135163716453777,6.961840063204554,6.971468925476074,578500,0.0,0.0
2024-02-01 00:00:00-05:00,7.019614535333287,7.09664726924428,6.98109816837779,7.038872718811035,770800,0.0,0.0
2024-02-02 00:00:00-05:00,6.942582529562236,6.942582529562236,6.798145908754916,6.894436836242676,605500,0.0,0.0
2024-02-05 00:00:00-05:00,6.855919943298288,6.855919943298288,6.615192413330078,6.615192413330078,760900,0.0,0.0
2024-02-06 00:00:00-05:00,6.586305199495087,6.721112484289347,6.56704701595305,6.692224979400635,538000,0.0,0.0
2024-02-07 00:00:00-05:00,6.692225149455694,6.7211126550784615,6.615192413330078,6.615192413330078,378900,0.0,0.0
2024-02-08 00:00:00-05:00,6.595934075458456,6.701854314736409,6.576675891876221,6.576675891876221,609900,0.0,0.0
2024-02-09 00:00:00-05:00,6.6055629269937075,6.759628384693434,6.595933606311833,6.749999523162842,978800,0.0,0.0
2024-02-12 00:00:00-05:00,6.750000314674807,6.827033052557608,6.682596439451689,6.769258499145508,1089000,0.0,0.0
2024-02-13 00:00:00-05:00,6.701854635367128,6.701854635367128,6.509272790331253,6.5959343910217285,1091200,0.0,0.0
2024-02-14 00:00:00-05:00,6.682596377766212,6.769258436660074,6.5959343188723505,6.605563640594482,662900,0.0,0.0
2024-02-15 00:00:00-05:00,6.615192086312049,6.759628688983104,6.615192086312049,6.711483001708984,720800,0.0,0.0
2024-02-16 00:00:00-05:00,6.6922249863243115,6.730741353448234,6.586305206309182,6.634450435638428,692000,0.0,0.0
2024-02-20 00:00:00-05:00,6.5959343188723505,6.67296705604408,6.576676134579418,6.605563640594482,544500,0.0,0.0
2024-02-21 00:00:00-05:00,6.576676285896572,6.6537090248406825,6.576676285896572,6.64408016204834,500800,0.0,0.0
2024-02-22 00:00:00-05:00,6.653708293539796,6.740370344902672,6.567046701328212,6.730741024017334,876300,0.0,0.0
2024-02-23 00:00:00-05:00,6.7981445812578905,7.2218250386218585,6.624820945625423,7.058130264282227,1689300,0.0,0.0
2024-02-26 00:00:00-05:00,6.9522102068180915,6.981097709712431,6.653708152949231,6.749999523162842,1202600,0.0,0.0
2024-02-27 00:00:00-05:00,6.798145527219037,6.894436449302612,6.750000295752917,6.884807586669922,641900,0.0,0.0
2024-02-28 00:00:00-05:00,6.817403732400263,6.827033054213616,6.644080072121918,6.6537089347839355,404400,0.0,0.0
2024-02-29 00:00:00-05:00,6.715729456978218,6.725420486320476,6.638203070615008,6.6575846672058105,653700,0.044,0.0
2024-03-01 00:00:00-05:00,6.647894247519543,6.715729606046226,6.521913635836097,6.618821620941162,448000,0.0,0.0
2024-03-04 00:00:00-05:00,6.5994393539642795,6.6963473292315285,6.560676163857379,6.609130382537842,457600,0.0,0.0
2024-03-05 00:00:00-05:00,6.580058500570824,6.667275919188748,6.550986335760668,6.599440097808838,460100,0.0,0.0
2024-03-06 00:00:00-05:00,6.667276249253776,6.706039445648783,6.609131454661265,6.6382036209106445,526400,0.0,0.0
2024-03-07 00:00:00-05:00,6.676966875348742,6.706039503944602,6.628513110480648,6.686657905578613,594900,0.0,0.0
2024-03-08 00:00:00-05:00,6.744801593352973,6.773873755082174,6.6188209936099565,6.725419998168945,871900,0.0,0.0
2024-03-11 00:00:00-04:00,6.686657293138871,6.715729456978218,6.5897493101848585,6.6575846672058105,571500,0.0,0.0
2024-03-12 00:00:00-04:00,6.638203095934225,6.638203095934225,6.250570700545966,6.269952297210693,1118800,0.0,0.0
2024-03-13 00:00:00-04:00,6.260261779317409,6.415314553858562,6.1827353920468315,6.386242389678955,854100,0.0,0.0
2024-03-14 00:00:00-04:00,6.366860324568589,6.42500511074488,6.299024509649407,6.318406105041504,513100,0.0,0.0
2024-03-15 00:00:00-04:00,6.289334498915399,6.357170324814673,6.095518513622844,6.1149001121521,1828400,0.0,0.0
2024-03-18 00:00:00-04:00,6.143972078103932,6.337788042485185,6.066445692351431,6.289333820343018,651800,0.0,0.0
2024-03-19 00:00:00-04:00,6.231189142369474,6.357169752515204,6.124590591101903,6.134281158447266,920300,0.0,0.0
2024-03-20 00:00:00-04:00,6.124590652182035,6.182735443115234,6.037373234735376,6.182735443115234,1599300,0.0,0.0
2024-03-21 00:00:00-04:00,6.23118884684179,6.2796430675517065,6.2118072509765625,6.2118072509765625,807600,0.0,0.0
2024-03-22 00:00:00-04:00,6.221498817402661,6.347479432456372,6.202117219863147,6.2602620124816895,560600,0.0,0.0
2024-03-25 00:00:00-04:00,6.269952900386143,6.299025529226906,6.085827945405096,6.1149001121521,1065300,0.0,0.0
2024-03-26 00:00:00-04:00,6.153663483363022,6.279644108415391,6.114900285207489,6.192426681518555,817900,0.0,0.0
2024-03-27 00:00:00-04:00,6.2118080541729315,6.289334447658123,6.192426455801634,6.250571250915527,606600,0.0,0.0
2024-03-28 00:00:00-04:00,6.269952445190365,6.308716101528411,6.173044459579565,6.231189250946045,932300,0.0,0.0
2024-04-01 00:00:00-04:00,6.2505704427070174,6.269952038572245,6.173044059246108,6.2118072509765625,570100,0.0,0.0
2024-04-02 00:00:00-04:00,6.21180747123699,6.240880097112545,6.1052089212452785,6.15366268157959,508800,0.0,0.0
2024-04-03 00:00:00-04:00,6.134281367081902,6.202117189181489,6.066446007076049,6.143972396850586,680100,0.0,0.0
2024-04-04 00:00:00-04:00,6.182735296344608,6.260261682415158,6.153662670521296,6.221498489379883,628000,0.0,0.0
2024-04-05 00:00:00-04:00,6.1536629645255365,6.16335399429422,6.066446007076049,6.143972396850586,573600,0.0,0.0
2024-04-08 00:00:00-04:00,6.163354296287782,6.211808061224151,6.037373675684463,6.066446304321289,751800,0.0,0.0
2024-04-09 00:00:00-04:00,6.105209751367647,6.192426716665739,6.0664465529921,6.12459135055542,695100,0.0,0.0
2024-04-10 00:00:00-04:00,6.037373635083213,6.047064203167816,5.8726298188011965,5.950156211853027,1048300,0.0,0.0
2024-04-11 00:00:00-04:00,5.969536990865983,6.076135997729644,5.814484226041523,5.9792280197143555,1261900,0.0,0.0
2024-04-12 00:00:00-04:00,5.950155550078787,6.037372963608682,5.824175406427907,5.872629165649414,740900,0.0,0.0
2024-04-15 00:00:00-04:00,5.901702121201975,5.930774285943438,5.833866299982349,5.911392688751221,1045100,0.0,0.0
2024-04-16 00:00:00-04:00,5.872628755548698,5.950155134564205,5.7563391870254375,5.921082973480225,1117500,0.0,0.0
2024-04-17 00:00:00-04:00,5.959846473420074,6.066445481165681,5.9501554444915215,6.027681827545166,1036500,0.0,0.0
2024-04-18 00:00:00-04:00,6.056754876846604,6.240880280553988,6.027682250116501,6.231189250946045,984400,0.0,0.0
2024-04-19 00:00:00-04:00,6.2118080541729315,6.347479704865773,6.182735887662862,6.250571250915527,1542500,0.0,0.0
2024-04-22 00:00:00-04:00,6.192425838152391,6.347479071751102,6.163353674542058,6.289333820343018,1005400,0.0,0.0
2024-04-23 00:00:00-04:00,6.299024509649407,6.42500511074488,6.260261318865213,6.318406105041504,833500,0.0,0.0
2024-04-24 00:00:00-04:00,6.308716589838591,6.434696749836943,6.2893345291224865,6.4153151512146,679300,0.0,0.0
2024-04-25 00:00:00-04:00,6.3668608596679945,6.62851265049853,6.308716068604956,6.618821620941162,1712500,0.0,0.0
2024-04-26 00:00:00-04:00,6.599439803301392,6.647894025280965,6.386242243197428,6.4250054359436035,843000,0.0,0.0
2024-04-29 00:00:00-04:00,6.463768973213478,6.483150570619618,6.34747938877663,6.395933151245117,636100,0.0,0.0
2024-04-30 00:00:00-04:00,6.366860367390863,6.463768345003132,6.308715580823501,6.434695720672607,556200,0.0,0.0
2024-05-01 00:00:00-04:00,6.483150959014893,6.589749982181713,6.376551935848072,6.483150959014893,770700,0.0,0.0
2024-05-02 00:00:00-04:00,6.5316040222859115,6.6188214375102286,6.473459232834271,6.541295051574707,668300,0.0,0.0
2024-05-03 00:00:00-04:00,6.628511806942878,6.919235725260053,6.589748617833922,6.851400375366211,1448400,0.0,0.0
2024-05-06 00:00:00-04:00,6.890164203641541,7.035526407331492,6.880473174418482,6.996762752532959,1068000,0.0,0.0
2024-05-07 00:00:00-04:00,7.025835553152219,7.025835553152219,6.773874332199706,6.890164375305176,1229400,0.0,0.0
2024-05-08 00:00:00-04:00,6.870782728826612,7.103361889169666,6.832019535436102,7.0936713218688965,1106200,0.0,0.0
2024-05-09 00:00:00-04:00,7.074289600036318,7.103361763518084,6.909545799993954,6.996762752532959,1440700,0.0,0.0
2024-05-10 00:00:00-04:00,6.977382008589348,7.064599433877188,6.86109241626807,6.899855613708496,1970100,0.0,0.0
2024-05-13 00:00:00-04:00,6.928928065623753,6.967691262072784,6.7738748177338755,6.822329044342041,834800,0.0,0.0
2024-05-14 00:00:00-04:00,6.832019412747693,6.919236365263251,6.676966179876365,6.744801998138428,836000,0.0,0.0
2024-05-15 00:00:00-04:00,6.7932567141095435,6.948309496163759,6.754493056502249,6.928927898406982,766800,0.0,0.0
2024-05-16 00:00:00-04:00,6.938617881493139,7.083980083465576,6.899854689246316,7.083980083465576,573900,0.0,0.0
2024-05-17 00:00:00-04:00,7.064598570813258,7.074289600036318,6.928927396346367,6.996762752532959,596200,0.0,0.0
2024-05-20 00:00:00-04:00,6.987072528167029,7.0742899470783485,6.9386183038621345,7.035526752471924,379500,0.0,0.0
2024-05-21 00:00:00-04:00,6.977381229400635,7.025835451836995,6.919236439733229,6.977381229400635,612400,0.0,0.0
2024-05-22 00:00:00-04:00,6.948309028856102,6.9870722217626415,6.841710017316261,6.861091613769531,455300,0.0,0.0
2024-05-23 00:00:00-04:00,6.861091924468941,6.870782954181282,6.647894353828478,6.715729713439941,708500,0.0,0.0
2024-05-24 00:00:00-04:00,6.7157298031777035,6.9095462411707835,6.6575850104079,6.880473613739014,920900,0.0,0.0
2024-05-28 00:00:00-04:00,6.909545972140467,7.0452171499875105,6.8320195847993,6.890164375305176,940300,0.0,0.0
2024-05-29 00:00:00-04:00,6.78356558120496,6.851401403370754,6.715729759039166,6.832019805908203,517500,0.0,0.0
2024-05-30 00:00:00-04:00,6.851401360621908,7.006454139354871,6.812638165938668,6.967690944671631,675400,0.0,0.0
2024-05-31 00:00:00-04:00,7.010592592204821,7.1373488970771755,6.991091657988993,7.020342826843262,715400,0.044,0.0
2024-06-03 00:00:00-04:00,7.049595143993448,7.088597016205775,6.952090463462632,7.000842571258545,562800,0.0,0.0
2024-06-04 00:00:00-04:00,6.942339897155762,7.039844579571629,6.932589661383675,6.942339897155762,731800,0.0,0.0
2024-06-05 00:00:00-04:00,6.981341172441247,7.078846311448584,6.942339302813895,7.069095611572266,498800,0.0,0.0
2024-06-06 00:00:00-04:00,7.000842787941012,7.1666009824432635,7.000842787941012,7.117848873138428,472400,0.0,0.0
2024-06-07 00:00:00-04:00,7.000842571258545,7.088597016205775,6.942339762940055,7.000842571258545,750900,0.0,0.0
2024-06-10 00:00:00-04:00,6.961840179546397,7.147099291200216,6.961840179546397,7.098347187042236,547700,0.0,0.0
2024-06-11 00:00:00-04:00,7.049594604505162,7.088596473732771,6.95208993143614,7.030093669891357,662700,0.0,0.0
2024-06-12 00:00:00-04:00,7.127599096369523,7.176351670526809,6.92283902881133,6.98134183883667,754700,0.0,0.0
2024-06-13 00:00:00-04:00,6.981340713174842,6.9910914124097125,6.718077878039448,6.7668304443359375,905700,0.0,0.0
2024-06-14 00:00:00-04:00,6.737579416818808,6.776581287384033,6.649825440516537,6.776581287384033,412800,0.0,0.0
2024-06-17 00:00:00-04:00,6.757079638096712,6.913087568811595,6.7473294039551766,6.8935866355896,751800,0.0,0.0
2024-06-18 00:00:00-04:00,6.8350843541458985,6.883836458427711,6.786331784925129,6.796082019805908,498700,0.0,0.0
2024-06-20 00:00:00-04:00,6.84483467381149,7.000842153348037,6.84483467381149,6.903337478637695,764900,0.0,0.0
2024-06-21 00:00:00-04:00,6.903337129565725,6.93258876296918,6.737578958470338,6.844834327697754,2716400,0.0,0.0
2024-06-24 00:00:00-04:00,6.854585647583008,6.903337754416275,6.786332140089655,6.854585647583008,667900,0.0,0.0
2024-06-25 00:00:00-04:00,6.8838367357357475,6.8838367357357475,6.776581358092759,6.815583229064941,492700,0.0,0.0
2024-06-26 00:00:00-04:00,6.776581490830226,6.7960824266982955,6.737579619094089,6.757080554962158,469900,0.0,0.0
2024-06-27 00:00:00-04:00,6.766830591873793,6.8935868950572,6.766830591873793,6.844834327697754,393200,0.0,0.0
2024-06-28 00:00:00-04:00,6.874086308694075,6.942339348521832,6.864335608753558,6.903337478637695,620500,0.0,0.0
2024-07-01 00:00:00-04:00,6.94233954219402,7.000842348652292,6.776581358092759,6.815583229064941,263700,0.0,0.0
2024-07-02 00:00:00-04:00,6.815583230497396,6.835084630926562,6.669326446790463,6.747330188751221,666600,0.0,0.0
2024-07-03 00:00:00-04:00,6.7863313778667465,6.844834178459175,6.747329510805128,6.7668304443359375,233600,0.0,0.0
2024-07-05 00:00:00-04:00,6.825333930711978,6.835084630926562,6.747330188751221,6.747330188751221,413600,0.0,0.0
2024-07-08 00:00:00-04:00,6.747330188751221,6.825333930711978,6.737579488536638,6.747330188751221,367600,0.0,0.0
2024-07-09 00:00:00-04:00,6.747329973663068,6.757080208627861,6.6498252993203275,6.698577404022217,352600,0.0,0.0
2024-07-10 00:00:00-04:00,6.708327790005822,6.874085961101209,6.708327790005822,6.844834327697754,556800,0.0,0.0
2024-07-11 00:00:00-04:00,6.883836764890643,7.127598691968664,6.883836764890643,7.088596820831299,861300,0.0,0.0
2024-07-12 00:00:00-04:00,7.1470995658144485,7.254354942985426,7.1373493305838,7.18610143661499,660800,0.0,0.0
2024-07-15 00:00:00-04:00,7.176351045885297,7.195851980863017,6.971590996149758,7.039844036102295,652700,0.0,0.0
2024-07-16 00:00:00-04:00,7.059345245361328,7.0788466460357125,6.952090331286107,7.059345245361328,669900,0.0,0.0
2024-07-17 00:00:00-04:00,7.020343331847185,7.32260853134419,7.0105930965073675,7.293356895446777,960700,0.0,0.0
2024-07-18 00:00:00-04:00,7.254355430106575,7.36161081447962,7.049595362184852,7.117848873138428,721600,0.0,0.0
2024-07-19 00:00:00-04:00,7.078846775753188,7.078846775753188,6.854585778217065,6.864336013793945,597700,0.0,0.0
2024-07-22 00:00:00-04:00,6.903337806442167,6.942339678178305,6.747330319497617,6.757080554962158,881600,0.0,0.0
2024-07-23 00:00:00-04:00,6.757080019640799,6.854585156195404,6.610823244686789,6.786331653594971,1013200,0.0,0.0
2024-07-24 00:00:00-04:00,6.776581444728506,7.225103431581737,6.766831209330296,7.059345245361328,1054200,0.0,0.0
2024-07-25 00:00:00-04:00,7.098347058253514,7.244603833012803,7.020342856125893,7.1568498611450195,761400,0.0,0.0
2024-07-26 00:00:00-04:00,7.195851933269363,7.2836059076192115,7.0885965591318145,7.1373491287231445,828700,0.0,0.0
2024-07-29 00:00:00-04:00,7.1666001686135985,7.205602037604068,7.08859643063266,7.195851802825928,572500,0.0,0.0
2024-07-30 00:00:00-04:00,7.195852005448399,7.225103175545437,7.127598500323703,7.176351070404053,692900,0.0,0.0
2024-07-31 00:00:00-04:00,7.244604662995045,7.410362855980631,7.147099980338524,7.351860046386719,1195700,0.0,0.0
2024-08-01 00:00:00-04:00,7.45911429157251,7.9661390289571825,7.429862658769636,7.9466376304626465,1738000,0.0,0.0
2024-08-02 00:00:00-04:00,7.858884859563247,7.995390942240166,7.7711299529731415,7.829632759094238,1383200,0.0,0.0
2024-08-05 00:00:00-04:00,7.683375451911414,7.683375451911414,7.21535256994374,7.420112609863281,1052800,0.0,0.0
2024-08-06 00:00:00-04:00,7.449363929351926,8.053893826803906,7.390861126038306,8.005141258239746,1499500,0.0,0.0
2024-08-07 00:00:00-04:00,8.063643746538416,8.190399110715784,7.907635356247397,7.917386054992676,1258400,0.0,0.0
2024-08-08 00:00:00-04:00,7.897886610042033,8.083145260801578,7.858884739888553,7.88813591003418,826500,0.0,0.0
2024-08-09 00:00:00-04:00,7.878385616846514,7.975890762204102,7.771130235916561,7.84913444519043,665000,0.0,0.0
2024-08-12 00:00:00-04:00,7.868634250004395,7.94663798773377,7.780880277528325,7.936888217926025,434400,0.0,0.0
2024-08-13 00:00:00-04:00,7.985641684511394,8.053895668056356,7.888137454969915,8.034394264221191,538800,0.0,0.0
2024-08-14 00:00:00-04:00,8.044143201539818,8.170899509028219,7.995390632524599,8.112396240234375,681600,0.0,0.0
2024-08-15 00:00:00-04:00,8.112396733280745,8.404911235272264,8.073394861673739,8.317156791687012,1059800,0.0,0.0
2024-08-16 00:00:00-04:00,8.297654952580588,8.317155420229577,8.180649357053213,8.219651222229004,816300,0.0,0.0
2024-08-19 00:00:00-04:00,8.239151689877993,8.258653087404795,8.161147959526408,8.219651222229004,549500,0.0,0.0
2024-08-20 00:00:00-04:00,8.200149824702201,8.229400991114591,8.112395395587216,8.219651222229004,640800,0.0,0.0
2024-08-21 00:00:00-04:00,8.219652981497113,8.287906027693625,8.190400878946024,8.278155326843262,368600,0.0,0.0
2024-08-22 00:00:00-04:00,8.287906311754893,8.346409588984208,8.239153735710138,8.297657012939453,478800,0.0,0.0
2024-08-23 00:00:00-04:00,8.385410311158246,8.687674567305008,8.385410311158246,8.521916389465332,708500,0.0,0.0
2024-08-26 00:00:00-04:00,8.560917886367037,8.785179323633436,8.560917886367037,8.69742488861084,1028300,0.0,0.0
2024-08-27 00:00:00-04:00,8.629171387082835,8.785178849875384,8.570668123596715,8.765677452087402,936900,0.0,0.0
2024-08-28 00:00:00-04:00,8.794931186688647,8.794931186688647,8.590171121170588,8.609671592712402,572800,0.0,0.0
2024-08-29 00:00:00-04:00,8.638921404707242,8.668173502231024,8.521915804245678,8.648672103881836,708000,0.0,0.0
2024-08-30 00:00:00-04:00,8.681988679197937,8.701587297099927,8.574199084277605,8.623194694519043,321900,0.044,0.0
2024-09-03 00:00:00-04:00,8.574199298570896,8.574199298570896,8.427213398686533,8.495806694030762,502100,0.0,0.0
2024-09-04 00:00:00-04:00,8.52520444674908,8.681989669799805,8.51540513668,8.681989669799805,597500,0.0,0.0
2024-09-05 00:00:00-04:00,8.779980659484863,8.887770263733117,8.740784354802443,8.779980659484863,730000,0.0,0.0
2024-09-06 00:00:00-04:00,8.770180377920235,8.838774604399214,8.69178777724156,8.750582695007324,481200,0.0,0.0
2024-09-09 00:00:00-04:00,8.779979781549244,8.887769375019303,8.760381163910948,8.868171691894531,446800,0.0,0.0
2024-09-10 00:00:00-04:00,8.868172372802707,8.936765670776367,8.789779765257496,8.936765670776367,497800,0.0,0.0
2024-09-11 00:00:00-04:00,8.936765601121762,8.966162595093692,8.819176690720454,8.848573684692383,441700,0.0,0.0
2024-09-12 00:00:00-04:00,8.868172711171077,8.995560936920986,8.838775715848369,8.956364631652832,313600,0.0,0.0
2024-09-13 00:00:00-04:00,8.975961974548973,8.975961974548973,8.868172372802707,8.936765670776367,632700,0.0,0.0
2024-09-16 00:00:00-04:00,8.93676668342465,9.034757921216604,8.89757037521061,9.024958610534668,480200,0.0,0.0
2024-09-17 00:00:00-04:00,9.03475681683452,9.260135327887223,8.985761203927622,9.240537643432617,718200,0.0,0.0
2024-09-18 00:00:00-04:00,9.19154225167608,9.358126778859432,9.103350333224466,9.113149642944336,656300,0.0,0.0
2024-09-19 00:00:00-04:00,9.103350333224466,9.142546637590337,8.92696649632124,9.113149642944336,524000,0.0,0.0
2024-09-20 00:00:00-04:00,9.132747971326179,9.701094891931493,9.064154667481507,9.603104591369629,1617300,0.0,0.0
2024-09-23 00:00:00-04:00,9.730492366531513,10.004866503548097,9.691296061243428,9.857880592346191,1135600,0.0,0.0
2024-09-24 00:00:00-04:00,9.867679700679405,10.0538628655113,9.848082013836612,10.014666557312012,798700,0.0,0.0
2024-09-25 00:00:00-04:00,10.08325930579742,10.17145122800046,9.946071767424506,10.15185260772705,755300,0.0,0.0
2024-09-26 00:00:00-04:00,10.17145100264073,10.298839228054513,10.024464157387769,10.279240608215332,1204500,0.0,0.0
2024-09-27 00:00:00-04:00,10.27924083596326,10.38703137843971,10.132254921967291,10.15185260772705,1087200,0.0,0.0
2024-09-30 00:00:00-04:00,10.15185260772705,10.210647534033628,10.053862309900955,10.15185260772705,403600,0.0,0.0
2024-10-01 00:00:00-04:00,10.132253829776621,10.39682863335266,10.112655211615815,10.367431640625,1087500,0.0,0.0
2024-10-02 00:00:00-04:00,10.328235626220703,10.367431929119482,10.171450414625589,10.328235626220703,1192900,0.0,0.0
2024-10-03 00:00:00-04:00,10.367431548112695,10.387030166098615,10.122454430369931,10.249842643737793,808500,0.0,0.0
2024-10-04 00:00:00-04:00,10.249843742048617,10.465423890426296,10.142054135116597,10.4556245803833,661800,0.0,0.0
2024-10-07 00:00:00-04:00,10.338035826762084,10.514418737754854,10.19104897733551,10.240044593811035,1304200,0.0,0.0
2024-10-08 00:00:00-04:00,10.240044858773194,10.308639097419272,10.132255247348898,10.142054557800293,658100,0.0,0.0
2024-10-09 00:00:00-04:00,10.142054448075195,10.161652134252279,9.965670599913086,9.995067596435547,605000,0.0,0.0
2024-10-10 00:00:00-04:00,9.975468367981303,10.073458652744081,9.906874140682481,10.044061660766602,731200,0.0,0.0
2024-10-11 00:00:00-04:00,10.044063931261592,10.249844790648476,10.044063931261592,10.122456550598145,630700,0.0,0.0
2024-10-14 00:00:00-04:00,10.093057921377858,10.122454915251359,9.936272708034398,10.053861618041992,396500,0.0,0.0
2024-10-15 00:00:00-04:00,10.053861618041992,10.093057921377858,9.877477785773808,10.053861618041992,934600,0.0,0.0
2024-10-16 00:00:00-04:00,10.102857452250785,10.387030891292044,10.063661148055909,10.347834587097168,536900,0.0,0.0
2024-10-17 00:00:00-04:00,10.347835185798566,10.42622779872393,10.240044642140942,10.298839569091797,667600,0.0,0.0
2024-10-18 00:00:00-04:00,10.279240914826143,10.377232147917683,10.230245298280373,10.269441604614258,461100,0.0,0.0
2024-10-21 00:00:00-04:00,10.240043183942745,10.279239484823815,10.004865378656337,10.073458671569824,518400,0.0,0.0
2024-10-22 00:00:00-04:00,10.044061679537405,10.122454281299541,9.946070460077971,10.073458671569824,406800,0.0,0.0
2024-10-23 00:00:00-04:00,10.06366180541182,10.073460181215363,9.828483030367133,9.936273574829102,905800,0.0,0.0
2024-10-24 00:00:00-04:00,9.955870934752001,10.034263545693856,9.867679013814003,9.94607162475586,599800,0.0,0.0
2024-10-25 00:00:00-04:00,9.936273895278465,10.034264198069787,9.86767965535947,9.95587158203125,447900,0.0,0.0
2024-10-28 00:00:00-04:00,9.975469604415457,10.093058521413754,9.955870984325587,10.004866600036621,437400,0.0,0.0
2024-10-29 00:00:00-04:00,9.985267899266082,9.99506720923184,9.759889377135476,9.887277603149414,628800,0.0,0.0
2024-10-30 00:00:00-04:00,9.955870560578271,10.387030839067718,9.906874946952614,10.289039611816406,1043200,0.0,0.0
2024-10-31 00:00:00-04:00,10.249843581764528,10.387031116680232,10.210647276719131,10.220446586608887,596600,0.0,0.0
2024-11-01 00:00:00-04:00,10.279239816181509,10.279239816181509,10.014665010333946,10.063660621643066,880300,0.0,0.0
2024-11-04 00:00:00-05:00,10.073458366618901,10.200846574254369,10.044061375476408,10.083257675170898,1071800,0.0,0.0
2024-11-05 00:00:00-05:00,9.799085713183,10.886783890921405,8.995560983746358,10.847587585449219,1581300,0.0,0.0
2024-11-06 00:00:00-05:00,10.455624416881271,10.612409637062862,9.90687521173208,10.220446586608887,1412100,0.0,0.0
2024-11-07 00:00:00-05:00,10.19104809881819,10.524217140714596,10.063660815282342,10.328235626220703,2239400,0.0,0.0
2024-11-08 00:00:00-05:00,10.298839425815302,10.328236421624931,10.00486666417807,10.093058586120605,642200,0.0,0.0
2024-11-11 00:00:00-05:00,10.06366139328224,10.102857698432233,9.779487012802754,9.828482627868652,843000,0.0,0.0
2024-11-12 00:00:00-05:00,9.818683930260839,9.985267520796555,9.789286001477832,9.808884620666504,647600,0.0,0.0
2024-11-13 00:00:00-05:00,9.838281922153145,9.91667453232858,9.769688621878048,9.79908561706543,634100,0.0,0.0
2024-11-14 00:00:00-05:00,9.848081172521923,10.181250231010324,9.750089943138173,10.161651611328125,925900,0.0,0.0
2024-11-15 00:00:00-05:00,10.240043825258953,10.298838747519543,9.877477785773808,10.053861618041992,1039700,0.0,0.0
2024-11-18 00:00:00-05:00,10.0342636599877,10.142054202145752,9.955871048152925,10.093058586120605,567300,0.0,0.0
2024-11-19 00:00:00-05:00,10.073460319154213,10.151852933738006,9.955871397278523,10.142054557800293,479700,0.0,0.0
2024-11-20 00:00:00-05:00,10.102856598115771,10.14205289899684,10.014664687504986,10.073458671569824,469900,0.0,0.0
2024-11-21 00:00:00-05:00,10.073459761304713,10.710400887667516,10.044062766092162,10.700601577758789,2408300,0.0,0.0
2024-11-22 00:00:00-05:00,10.681001546672887,10.749595772457068,10.524216346903623,10.534015655517578,1181600,0.0,0.0
2024-11-25 00:00:00-05:00,10.308637815895079,10.729997833272936,10.259642204242706,10.573212623596191,479000,0.0,0.0
2024-11-26 00:00:00-05:00,10.465422459610618,10.690800952704267,10.44582384220412,10.651604652404785,672800,0.0,0.0
2024-11-27 00:00:00-05:00,10.729999005612893,10.906382853027386,10.53401747210438,10.867186546325684,860300,0.0,0.0
2024-11-29 00:00:00-05:00,10.899648874559515,11.096393252806742,10.899648874559515,11.076719284057617,256600,0.043,0.0
2024-12-02 00:00:00-05:00,11.017694938740256,11.480044907618481,10.968508612153014,11.401347160339355,1254700,0.0,0.0
2024-12-03 00:00:00-05:00,11.440695955724266,11.519393702465099,11.21443923023102,11.342323303222656,1005200,0.0,0.0
2024-12-04 00:00:00-05:00,11.401347268113541,11.61776654425247,11.25378828695698,11.489882469177246,891300,0.0,0.0
2024-12-05 00:00:00-05:00,11.509555875110065,12.680186461556819,11.509555875110065,12.58181381225586,2571000,0.0,0.0
2024-12-06 00:00:00-05:00,12.512954307181282,13.319606704810104,12.326046449390935,13.26058292388916,2921100,0.0,0.0
2024-12-09 00:00:00-05:00,13.358956034337204,13.742608278011389,12.709699112851048,12.81790828704834,1745600,0.0,0.0
2024-12-10 00:00:00-05:00,12.867094070500436,13.162211096331413,12.67034969933017,12.896605491638184,1214200,0.0,0.0
2024-12-11 00:00:00-05:00,12.896605898948746,13.280258138460935,12.837583054809143,12.975303649902344,778900,0.0,0.0
2024-12-12 00:00:00-05:00,12.935954412013919,13.12286226890573,12.87693156952789,12.926117897033691,905800,0.0,0.0
2024-12-13 00:00:00-05:00,12.985141652368563,13.24090982285817,12.827746143806108,13.172049522399902,1059900,0.0,0.0
2024-12-16 00:00:00-05:00,13.22123330584681,13.73276958455885,13.07367526906894,13.68358325958252,1304300,0.0,0.0
2024-12-17 00:00:00-05:00,13.742607534405765,14.155771178113824,13.408141638246752,14.096747398376465,2061000,0.0,0.0
2024-12-18 00:00:00-05:00,14.018049533133384,14.401701752827236,13.65407221923718,13.732769966125488,2290500,0.0,0.0
2024-12-19 00:00:00-05:00,13.64423438723168,13.93935139893854,13.457327478102968,13.68358325958252,1574300,0.0,0.0
2024-12-20 00:00:00-05:00,13.575374031394826,13.939351333468352,13.526187706649514,13.624560356140137,2226900,0.0,0.0
2024-12-23 00:00:00-05:00,13.634397557263416,13.968863456595543,13.634397557263416,13.939352035522461,1119400,0.0,0.0
2024-12-24 00:00:00-05:00,14.008211405117093,14.037723762391236,13.762280723405834,13.968862533569336,377300,0.0,0.0
2024-12-26 00:00:00-05:00,13.968862914797477,14.18528218329205,13.949188947562218,14.018049240112305,340000,0.0,0.0
2024-12-27 00:00:00-05:00,14.057398415914221,14.077073321724937,13.821305175092492,14.008212089538574,579500,0.0,0.0
2024-12-30 00:00:00-05:00,13.89016614397962,14.126259396271909,13.821305846598834,14.047561645507812,808500,0.0,0.0
2024-12-31 00:00:00-05:00,14.057398305843895,14.185282378158778,13.840979034376316,13.919676780700684,959200,0.0,0.0
2025-01-02 00:00:00-05:00,13.900003053525515,13.968863348212142,13.585212062785322,13.85081672668457,1379000,0.0,0.0
2025-01-03 00:00:00-05:00,13.821304798675923,14.145933230502488,13.772118473639843,13.959025382995605,1006200,0.0,0.0
2025-01-06 00:00:00-05:00,14.01805030380902,14.362353668987614,13.48684001403283,13.831143379211426,3361600,0.0,0.0
2025-01-07 00:00:00-05:00,13.791793966994746,13.988538337377099,13.299932571963284,13.388466835021973,1599900,0.0,0.0
2025-01-08 00:00:00-05:00,13.191722703513712,13.309769327880696,12.571977221973656,13.044164657592773,2792000,0.0,0.0
2025-01-10 00:00:00-05:00,12.935954819360855,13.054002384352506,12.581814938839493,13.004816055297852,1488500,0.0,0.0
2025-01-13 00:00:00-05:00,12.965465583998201,13.014650968848315,12.621162261140922,12.749046325683594,1556000,0.0,0.0
2025-01-14 00:00:00-05:00,12.778559079384248,12.9457920321709,12.631001033114229,12.798233985900879,1222300,0.0,0.0
2025-01-15 00:00:00-05:00,13.014652570587826,13.08351380652482,12.847420552843912,13.004816055297852,1183400,0.0,0.0
2025-01-16 00:00:00-05:00,13.004815022412457,13.545862722739471,12.906442372116228,13.467164039611816,2744000,0.0,0.0
2025-01-17 00:00:00-05:00,13.427815865379392,14.175445419684852,13.427815865379392,14.057398796081543,1853100,0.0,0.0
2025-01-21 00:00:00-05:00,14.313167118219454,14.382027414928,14.086910383368089,14.204957008361816,1006100,0.0,0.0
2025-01-22 00:00:00-05:00,14.204956218907727,14.283654902680972,13.536025381119742,13.555699348449707,2263900,0.0,0.0
2025-01-23 00:00:00-05:00,13.299932675479187,13.69342141930649,12.827745244735256,13.201560020446777,2611500,0.0,0.0
2025-01-24 00:00:00-05:00,13.280258149083153,13.417979682437704,13.162211522558334,13.250746726989746,1511400,0.0,0.0
2025-01-27 00:00:00-05:00,12.788396778078111,12.945792280627188,10.378276034455167,10.525834083557129,4053400,0.0,0.0
2025-01-28 00:00:00-05:00,10.624205357999823,10.70290309902455,10.142181459685608,10.447134971618652,1962300,0.0,0.0
2025-01-29 00:00:00-05:00,10.427462300337657,10.781602178926605,10.319252189377641,10.742253303527832,3607500,0.0,0.0
2025-01-30 00:00:00-05:00,10.791439695231238,11.470208034355263,10.752090819603053,11.352161407470703,1519000,0.0,0.0
2025-01-31 00:00:00-05:00,11.352160373823278,11.539067281500946,11.204602338190966,11.293136596679688,1396700,0.0,0.0
2025-02-03 00:00:00-05:00,10.840625823110571,11.165254275556059,10.663555416994424,10.899648666381836,1461900,0.0,0.0
2025-02-04 00:00:00-05:00,10.948834450801643,11.23411401418169,10.850461799366675,10.97834587097168,1269200,0.0,0.0
2025-02-05 00:00:00-05:00,11.096392821936238,11.106230275004412,10.614368879409618,10.722578048706055,2015700,0.0,0.0
2025-02-06 00:00:00-05:00,10.702903095473141,10.879973481795558,10.614367902311933,10.693065643310547,3320700,0.0,0.0
2025-02-07 00:00:00-05:00,10.712742430243669,10.791440185072261,10.535672012803714,10.663556098937988,2899800,0.0,0.0
2025-02-10 00:00:00-05:00,10.673391526688647,10.781600684498699,10.555343978703604,10.575018882751465,2619200,0.0,0.0
2025-02-11 00:00:00-05:00,10.506159643466358,10.525833611326743,10.211042620351352,10.388113021850586,2889100,0.0,0.0
2025-02-12 00:00:00-05:00,10.299576978906412,10.456972461523907,10.161855462540565,10.23071575164795,2250700,0.0,0.0
2025-02-13 00:00:00-05:00,10.338926203006494,10.437297913929816,10.112669485395742,10.250391006469727,887400,0.0,0.0
2025-02-14 00:00:00-05:00,10.220880027595534,10.427461849036,10.220880027595534,10.358600616455078,815300,0.0,0.0
2025-02-18 00:00:00-05:00,10.643879955729025,10.663554861228143,10.368437845799283,10.427461624145508,3043500,0.0,0.0
2025-02-19 00:00:00-05:00,10.41762444271674,10.466810769594433,10.260228947229045,10.388113021850586,2637900,0.0,0.0
2025-02-20 00:00:00-05:00,10.604531244375925,11.293136998762467,10.36843800369788,11.096392631530762,2358900,0.0,0.0
2025-02-21 00:00:00-05:00,11.204602929383835,11.460370142098247,10.693066627652692,10.722578048706055,5543200,0.0,0.0
2025-02-24 00:00:00-05:00,10.702903941244438,10.771764235521976,10.506159573200655,10.604531288146973,2492800,0.0,0.0
2025-02-25 00:00:00-05:00,10.565181583155741,10.811112258395779,10.260228071222697,10.447134971618652,2274100,0.0,0.0
2025-02-26 00:00:00-05:00,10.496322389806183,10.77176451214083,10.456973515186947,10.56518268585205,1212900,0.0,0.0
2025-02-27 00:00:00-05:00,10.614369011377772,10.624206464568255,9.965112111224636,10.014298439025879,1956700,0.0,0.0
2025-02-28 00:00:00-05:00,10.016274352080703,10.24346749191221,9.907615944302334,10.213833808898926,3447300,0.042,0.0
2025-03-03 00:00:00-05:00,10.243467811112483,10.431150007466572,9.877982569100311,9.976762771606445,1619800,0.0,0.0
2025-03-04 00:00:00-05:00,9.779201598332932,9.858225377314543,9.56188667715238,9.581642150878906,2133700,0.0,0.0
2025-03-05 00:00:00-05:00,9.660666206146187,9.838470184958707,9.581642424904572,9.71005630493164,1455000,0.0,0.0
2025-03-06 00:00:00-05:00,9.621153795056284,9.621153795056284,9.176644814109066,9.265546798706055,1726500,0.0,0.0
2025-03-07 00:00:00-05:00,9.314936239503332,9.463105575382613,9.147010489753391,9.206277847290039,2610600,0.0,0.0
2025-03-10 00:00:00-04:00,9.048231312556517,9.097621410698146,8.435796544898517,8.653112411499023,2406900,0.0,0.0
2025-03-11 00:00:00-04:00,8.702501540077884,9.285301618697344,8.583964940929263,9.206277847290039,4193700,0.0,0.0
2025-03-12 00:00:00-04:00,9.324813670345291,9.700177062228786,9.18652253894031,9.542129516601562,2665800,0.0,0.0
2025-03-13 00:00:00-04:00,9.52237438216547,9.621153630667239,9.265546640392987,9.295180320739746,800600,0.0,0.0
2025-03-14 00:00:00-04:00,9.305057913760542,9.433471776167234,9.26554602856138,9.413715362548828,1555900,0.0,0.0
2025-03-17 00:00:00-04:00,9.433471909502366,9.581641245584079,9.33469172408945,9.571763038635254,1495100,0.0,0.0
2025-03-18 00:00:00-04:00,9.482862619602043,9.542129981078336,9.285302235913802,9.453227996826172,793000,0.0,0.0
2025-03-19 00:00:00-04:00,9.51249612032479,9.690300085464338,9.413715930349996,9.670543670654297,781700,0.0,0.0
2025-03-20 00:00:00-04:00,9.621153624302847,9.739689287649188,9.601398151430647,9.660665512084961,560200,0.0,0.0
2025-03-21 00:00:00-04:00,9.542130054216033,9.719934024083177,9.502618165583081,9.621153831481934,2183200,0.0,0.0
2025-03-24 00:00:00-04:00,9.710055607322031,9.868103158450484,9.581641736520735,9.660665512084961,1351200,0.0,0.0
2025-03-25 00:00:00-04:00,9.640909833299524,9.729811814419913,9.522374172484902,9.700177192687988,846600,0.0,0.0
2025-03-26 00:00:00-04:00,9.710056454128859,9.759446553673202,9.443351423849874,9.502618789672852,835200,0.0,0.0
2025-03-27 00:00:00-04:00,9.43347239908748,9.52237438216547,9.265546640392987,9.295180320739746,1019200,0.0,0.0
2025-03-28 00:00:00-04:00,9.226035392364652,9.482863151946871,9.226035392364652,9.354449272155762,1124000,0.0,0.0
2025-03-31 00:00:00-04:00,9.186523179709427,9.295180639397689,9.07786477798342,9.235913276672363,1524000,0.0,0.0
2025-04-01 00:00:00-04:00,9.235913600511148,9.393961162703967,9.067987830171834,9.354449272155762,694000,0.0,0.0
2025-04-02 00:00:00-04:00,9.27542497035957,9.463106204418128,9.22603487443751,9.453227996826172,696700,0.0,0.0
2025-04-03 00:00:00-04:00,9.235913143318562,9.492739948149662,9.008719077384525,9.077864646911621,1127900,0.0,0.0
2025-04-04 00:00:00-04:00,8.801281017244538,8.801281017244538,8.020920547328206,8.060432434082031,1994200,0.0,0.0
2025-04-07 00:00:00-04:00,7.7245814721920345,8.524697893307426,7.7245814721920345,8.228358268737793,935600,0.0,0.0
2025-04-08 00:00:00-04:00,8.544453282325824,8.583965169079649,7.932018566622675,8.060432434082031,1322100,0.0,0.0
2025-04-09 00:00:00-04:00,8.060432776375876,8.830915071813584,7.84311739000133,8.722257614135742,1922200,0.0,0.0
2025-04-10 00:00:00-04:00,8.860550389427242,8.998841538762953,8.18884729138133,8.416041374206543,1236100,0.0,0.0
2025-04-11 00:00:00-04:00,8.43579595941028,8.593843508863952,8.366650392033723,8.583965301513672,739500,0.0,0.0
2025-04-14 00:00:00-04:00,8.78152628985215,8.791403555850263,8.613600521393275,8.653112411499023,589300,0.0,0.0
2025-04-15 00:00:00-04:00,8.653112231652935,8.653112231652935,8.327138909546083,8.504941940307617,2070900,0.0,0.0
2025-04-16 00:00:00-04:00,8.485186162314882,8.633355506307518,8.386405971627982,8.564209938049316,906700,0.0,0.0
2025-04-17 00:00:00-04:00,8.534576003837437,8.771647323990166,8.524697796654985,8.61359977722168,1025500,0.0,0.0
2025-04-21 00:00:00-04:00,8.544452842010994,8.583964726728684,8.257991442298332,8.32713794708252,1295200,0.0,0.0
2025-04-22 00:00:00-04:00,8.445673942565918,8.544453187333469,8.356771962848748,8.445673942565918,1172200,0.0,0.0
2025-04-23 00:00:00-04:00,8.603722346628379,8.771648115736632,8.445674785594203,8.46543025970459,555200,0.0,0.0
2025-04-24 00:00:00-04:00,8.495063761438857,8.712378658127243,8.495063761438857,8.682744979858398,937800,0.0,0.0
2025-04-25 00:00:00-04:00,8.653112164118683,8.929695386951803,8.593843859635573,8.880305290222168,1487300,0.0,0.0
2025-04-28 00:00:00-04:00,8.890183448791504,8.959329018607807,8.791403255878727,8.890183448791504,1136100,0.0,0.0
2025-04-29 00:00:00-04:00,8.781525535019737,9.008718648089546,8.781525535019737,8.979084968566895,645000,0.0,0.0
2025-04-30 00:00:00-04:00,8.850671069058356,8.909939369925764,8.742013616512072,8.801280975341797,819400,0.0,0.0
2025-05-01 00:00:00-04:00,8.90006140034347,9.038352535996008,8.850671305308545,8.939573287963867,808200,0.0,0.0
2025-05-02 00:00:00-04:00,9.028476034328197,9.18652359817886,8.939574044152751,9.156889915466309,664100,0.0,0.0
2025-05-05 00:00:00-04:00,9.127255064792568,9.127255064792568,8.949452030880554,9.018597602844238,680900,0.0,0.0
2025-05-06 00:00:00-04:00,8.929695031811978,9.028475221342696,8.850671257002485,8.949451446533203,940300,0.0,0.0
2025-05-07 00:00:00-04:00,9.018597955546799,9.226035621588165,8.307382965970998,8.416041374206543,3130600,0.0,0.0
2025-05-08 00:00:00-04:00,8.495065207615822,8.564210782693497,8.238237440130447,8.406163215637207,874700,0.0,0.0
2025-05-09 00:00:00-04:00,8.425917907667928,8.63335555566621,8.396284227107522,8.55433177947998,1323600,0.0,0.0
2025-05-12 00:00:00-04:00,8.791403770446777,8.830915661517004,8.623477997888864,8.791403770446777,1094500,0.0,0.0
2025-05-13 00:00:00-04:00,8.840794451629868,9.107500440434865,8.712380561690928,9.03835391998291,689900,0.0,0.0
2025-05-14 00:00:00-04:00,9.06798741921941,9.06798741921941,8.8210378789752,8.890183448791504,1343300,0.0,0.0
2025-05-15 00:00:00-04:00,8.801281893515638,9.087743336510904,8.801281893515638,8.988964080810547,1178100,0.0,0.0
2025-05-16 00:00:00-04:00,9.018597701933839,9.067987800466748,8.880305614449254,8.998841285705566,824800,0.0,0.0
2025-05-19 00:00:00-04:00,8.821038086432798,8.909940073737593,8.821038086432798,8.850671768188477,712700,0.0,0.0
2025-05-20 00:00:00-04:00,8.870428136373361,9.048232128910026,8.830916242702752,9.03835391998291,1704900,0.0,0.0
2025-05-21 00:00:00-04:00,8.988963354360514,9.048230714583434,8.76176929473877,8.76176929473877,815900,0.0,0.0
2025-05-22 00:00:00-04:00,8.702501527205428,8.850670862865542,8.62347681387735,8.840792655944824,703500,0.0,0.0
2025-05-23 00:00:00-04:00,8.732136979545158,9.048232128910026,8.732136979545158,9.03835391998291,1426100,0.0,0.0
2025-05-27 00:00:00-04:00,9.048231558198799,9.364326687626175,9.038353349894745,9.324814796447754,2402400,0.0,0.0
2025-05-28 00:00:00-04:00,9.324813670345291,9.611275082304052,9.31493640527185,9.542129516601562,2450100,0.0,0.0
2025-05-29 00:00:00-04:00,9.631031241132964,9.670543126492005,9.472983699696808,9.591519355773926,1790400,0.0,0.0
2025-05-30 00:00:00-04:00,9.57861541490197,9.777136706779054,9.44957790044941,9.6878023147583,1941000,0.047,0.0
2025-06-02 00:00:00-04:00,9.648098589354268,9.816841125488281,9.548837939880245,9.816841125488281,1108600,0.0,0.0
2025-06-03 00:00:00-04:00,9.886323296732286,10.43225499131498,9.85654547968079,10.313142776489258,2047300,0.0,0.0
2025-06-04 00:00:00-04:00,10.392550214098303,10.392550214098303,9.945879202173895,10.055065155029297,1310200,0.0,0.0
2025-06-05 00:00:00-04:00,10.174177423461149,10.591070622883764,10.045138962057036,10.213881492614746,1908400,0.0,0.0
2025-06-06 00:00:00-04:00,10.263512732918462,10.332994623491642,10.114621750321954,10.283364295959473,2341000,0.0,0.0
2025-06-09 00:00:00-04:00,10.33299446105957,10.402476350540512,10.17417817274899,10.33299446105957,2994900,0.0,0.0
2025-06-10 00:00:00-04:00,10.362771735095878,10.362771735095878,10.14439982342893,10.323067665100098,1892700,0.0,0.0
2025-06-11 00:00:00-04:00,10.442181750684098,10.690332446889103,10.233735128007103,10.39255142211914,2333500,0.0,0.0
2025-06-12 00:00:00-04:00,10.610922590625592,11.424857459383439,10.610922590625592,11.325596809387207,3548700,0.0,0.0
2025-06-13 00:00:00-04:00,11.127077309045735,11.196559201397935,10.819370027763528,11.007965087890625,2592800,0.0,0.0
2025-06-16 00:00:00-04:00,11.176706219547519,11.40500437780263,11.146927458072765,11.385152816772461,1703500,0.0,0.0
2025-06-17 00:00:00-04:00,11.414931957026592,11.414931957026592,11.107224679063608,11.216411590576172,1623700,0.0,0.0
2025-06-18 00:00:00-04:00,11.266041465417592,11.345449608801808,11.156854558299491,11.295819282531738,1793000,0.0,0.0
2025-06-20 00:00:00-04:00,11.137002371475232,11.176706440941716,10.89877700805664,10.89877700805664,3164100,0.0,0.0
2025-06-23 00:00:00-04:00,10.849147760561292,11.027815601981192,10.759813366541493,10.91862964630127,1092500,0.0,0.0
2025-06-24 00:00:00-04:00,10.98811207681348,11.146928364447101,10.859073606456224,10.928556442260742,976200,0.0,0.0
2025-06-25 00:00:00-04:00,10.928555966424657,10.948407528204639,10.69033154534666,10.779664993286133,953100,0.0,0.0
2025-06-26 00:00:00-04:00,10.928556464899943,10.928556464899943,10.610922942354955,10.630775451660156,1211900,0.0,0.0
2025-06-27 00:00:00-04:00,10.690331903051637,10.77966535398026,10.481885290978717,10.610922813415527,1211000,0.0,0.0
2025-06-30 00:00:00-04:00,10.670479073300788,10.82929535456053,10.610922494518531,10.710183143615723,779000,0.0,0.0
2025-07-01 00:00:00-04:00,10.720109850294067,10.730036104946667,10.610922942354955,10.630775451660156,586900,0.0,0.0
2025-07-02 00:00:00-04:00,10.690331524700575,10.700256832261545,10.511662735927288,10.551366806030273,1387600,0.0,0.0
2025-07-03 00:00:00-04:00,10.54144090655081,10.948407875455072,10.521589344141196,10.908703804016113,519100,0.0,0.0
2025-07-07 00:00:00-04:00,10.630775238302832,10.739961197430858,10.452106444620854,10.521589279174805,773900,0.0,0.0
2025-07-08 00:00:00-04:00,10.521589093880186,10.521589093880186,10.203955583303847,10.342920303344727,792000,0.0,0.0
2025-07-09 00:00:00-04:00,10.432255163558722,10.541441125630103,10.303216692045408,10.49181079864502,758800,0.0,0.0
2025-07-10 00:00:00-04:00,10.521589240957836,11.137002815536315,10.452106406656265,11.11715030670166,1242500,0.0,0.0
2025-07-11 00:00:00-04:00,11.057594568988923,11.54396967140709,10.968260173316256,11.325596809387207,1151300,0.0,0.0
2025-07-14 00:00:00-04:00,11.256114819881281,11.673008031478343,11.256114819881281,11.534043312072754,1355500,0.0,0.0
2025-07-15 00:00:00-04:00,11.603525291362468,11.75241626619326,11.474487771776715,11.623377799987793,1100100,0.0,0.0
2025-07-16 00:00:00-04:00,11.633303667643819,11.970788730099615,11.46456113641592,11.861601829528809,1415800,0.0,0.0
2025-07-17 00:00:00-04:00,11.86160217458839,12.070048781191387,11.712712146994695,11.990640640258789,1036400,0.0,0.0
2025-07-18 00:00:00-04:00,12.457164035128377,12.715240963505085,12.19908710675167,12.268568992614746,1575900,0.0,0.0
2025-07-21 00:00:00-04:00,12.308273808712588,12.308273808712588,11.931085594060796,12.159383773803711,1424700,0.0,0.0
2025-07-22 00:00:00-04:00,11.990641475495805,12.199088096618652,11.901307074068901,12.199088096618652,676500,0.0,0.0
2025-07-23 00:00:00-04:00,12.347977160703136,12.606054089666472,12.258643712941705,12.496868133544922,885400,0.0,0.0
2025-07-24 00:00:00-04:00,12.586202239124916,12.586202239124916,12.189160600610313,12.228864669799805,1032900,0.0,0.0
2025-07-25 00:00:00-04:00,12.19908797515679,12.218940484885003,12.060123246918586,12.17923641204834,1012700,0.0,0.0
2025-07-28 00:00:00-04:00,12.199087048782857,12.218939557003512,11.89137979770056,12.109752655029297,1377600,0.0,0.0
2025-07-29 00:00:00-04:00,12.109753235596157,12.238791705357707,11.931085386143021,12.05019760131836,1226300,0.0,0.0
2025-07-30 00:00:00-04:00,12.060123246918586,12.397608339340103,11.990641356109368,12.17923641204834,1248400,0.0,0.0
2025-07-31 00:00:00-04:00,12.159383470537122,12.238791613390644,11.861602461526553,11.96086311340332,1627800,0.0,0.0
2025-08-01 00:00:00-04:00,11.911232888118274,12.566350545505621,11.772268163640454,12.278495788574219,1472300,0.0,0.0
2025-08-04 00:00:00-04:00,12.278496252845676,12.477016619163436,12.159384033055021,12.427387237548828,683800,0.0,0.0
2025-08-05 00:00:00-04:00,12.367829223807739,12.477015175998472,11.921158214602432,11.980713844299316,1702000,0.0,0.0
2025-08-06 00:00:00-04:00,11.91123353109472,12.159384229659194,11.851676946926538,12.079976081848145,1071900,0.0,0.0
2025-08-07 00:00:00-04:00,12.099827184249104,12.099827184249104,11.792120859865916,11.931085586547852,845900,0.0,0.0
2025-08-08 00:00:00-04:00,11.95093656979249,12.099826597386183,11.851675920316888,11.990640640258789,1034200,0.0,0.0
2025-08-11 00:00:00-04:00,11.990641092228998,12.020418909546226,11.881455130985993,11.911232948303223,4400500,0.0,0.0
2025-08-12 00:00:00-04:00,11.911232680815791,12.20901368716013,11.911232680815791,12.169309616088867,839100,0.0,0.0
2025-08-13 00:00:00-04:00,12.26856973629557,12.26856973629557,12.060123119451289,12.159383773803711,994100,0.0,0.0
2025-08-14 00:00:00-04:00,12.089902016480336,12.536573072731334,12.030345433890979,12.4075345993042,1772300,0.0,0.0
2025-08-15 00:00:00-04:00,12.477015471658444,12.526645795328351,12.238791053986516,12.248717308044434,750500,0.0,0.0
2025-08-18 00:00:00-04:00,12.218940083920486,12.516720147113922,12.218940083920486,12.417460441589355,729800,0.0,0.0
2025-08-19 00:00:00-04:00,12.447238330218807,12.447238330218807,12.238791716811948,12.278495788574219,650900,0.0,0.0
2025-08-20 00:00:00-04:00,12.228865088861701,12.33805199283921,12.05019724469619,12.218939781188965,660000,0.0,0.0
2025-08-21 00:00:00-04:00,12.18916101831162,12.447237950197007,12.18916101831162,12.218939781188965,647100,0.0,0.0
2025-08-22 00:00:00-04:00,12.16930926931841,12.298347733277932,11.990640481279117,12.040270805358887,2753900,0.0,0.0
2025-08-25 00:00:00-04:00,11.98071488694914,12.109753358015157,11.881455179942801,12.070049285888672,979100,0.0,0.0
2025-08-26 00:00:00-04:00,12.139530852820627,12.179235870511613,11.960863006309802,12.169309616088867,432700,0.0,0.0
2025-08-27 00:00:00-04:00,12.109752304135457,12.179235134274712,11.931084468425135,11.980713844299316,490700,0.0,0.0
2025-08-28 00:00:00-04:00,12.040270972233282,12.566350142882865,11.99064064746565,12.516719818115234,704700,0.0,0.0
2025-08-29 00:00:00-04:00,12.473879042483928,12.473879042483928,12.17498399814483,12.25468921661377,2152000,0.047,0.0
2025-09-02 00:00:00-04:00,12.065389037635962,12.234762870424081,11.905978595049774,12.055426597595215,567800,0.0,0.0
2025-09-03 00:00:00-04:00,12.015573255937152,12.075351693189539,11.965757258119412,11.995646476745605,725700,0.0,0.0
2025-09-04 00:00:00-04:00,12.015573277727098,12.085315104701733,11.89601450268325,12.07535171508789,1629500,0.0,0.0
2025-09-05 00:00:00-04:00,12.184946193687232,12.244725581421733,11.995646541156718,12.234762191772461,524700,0.0,0.0
2025-09-08 00:00:00-04:00,12.274615646046227,12.324431647564253,12.115205201317503,12.264653205871582,1131100,0.0,0.0
2025-09-09 00:00:00-04:00,12.254689348585718,12.483841616611393,12.20487334896587,12.304505348205566,918200,0.0,0.0
2025-09-10 00:00:00-04:00,12.42406290349305,12.683104385519457,12.394172734282927,12.633289337158203,705300,0.0,0.0
2025-09-11 00:00:00-04:00,12.663178665508484,12.7727731030748,12.40413623108503,12.603399276733398,947900,0.0,0.0
2025-09-12 00:00:00-04:00,12.513731974300617,12.623326414980275,12.483841803983385,12.593437194824219,699800,0.0,0.0
2025-09-15 00:00:00-04:00,12.593436809155369,12.972037070128582,12.593436809155369,12.952110290527344,1714800,0.0,0.0
2025-09-16 00:00:00-04:00,12.952110872860539,12.952110872860539,12.722958598110377,12.882369041442871,488100,0.0,0.0
2025-09-17 00:00:00-04:00,12.83255226617698,13.221115910978893,12.782736268100663,13.091594696044922,1221400,0.0,0.0
2025-09-18 00:00:00-04:00,13.231079026344116,13.539937470065688,13.131447975263194,13.420379638671875,1413900,0.0,0.0
2025-09-19 00:00:00-04:00,13.629605760466873,13.759126978969691,13.21115288535351,13.589753150939941,1695900,0.0,0.0
2025-09-22 00:00:00-04:00,13.460231750030674,13.848794450112358,13.420379141043806,13.808941841125488,1811300,0.0,0.0
2025-09-23 00:00:00-04:00,13.779052559877822,13.779052559877822,13.539936907033361,13.569826126098633,670500,0.0,0.0
2025-09-24 00:00:00-04:00,13.629605760466873,13.689384199676692,13.410415932988169,13.589753150939941,616300,0.0,0.0
2025-09-25 00:00:00-04:00,13.450269100173982,13.500085101688347,13.350637097145249,13.440305709838867,741100,0.0,0.0
2025-09-26 00:00:00-04:00,13.480157518741674,13.58975290558291,13.400452301126855,13.569826126098633,526900,0.0,0.0
2025-09-29 00:00:00-04:00,13.609678867850965,13.709310865923308,13.510047819939773,13.61964225769043,466800,0.0,0.0
2025-09-30 00:00:00-04:00,13.559862868814793,13.73920008528055,13.52997364945755,13.61964225769043,836000,0.0,0.0
2025-10-01 00:00:00-04:00,13.639568238497082,13.85875806659078,13.58975318906952,13.749163627624512,3655100,0.0,0.0
2025-10-02 00:00:00-04:00,13.84879440878056,13.858757798537827,13.60967875557299,13.649531364440918,1256600,0.0,0.0
2025-10-03 00:00:00-04:00,13.719274448944244,14.845110912144436,13.470195400417248,14.416695594787598,3363600,0.0,0.0
2025-10-06 00:00:00-04:00,14.446584389775207,14.805257867049548,14.416695170875963,14.615958213806152,2025700,0.0,0.0
2025-10-07 00:00:00-04:00,14.65581149341518,14.954706546576078,14.526290272040084,14.944743156433105,1211300,0.0,0.0
2025-10-08 00:00:00-04:00,15.014484311336341,15.642163609675144,14.994558482108403,15.552495002746582,3095700,0.0,0.0
2025-10-09 00:00:00-04:00,15.542532920837402,15.7318325785836,15.353232312930047,15.542532920837402,1332200,0.0,0.0
2025-10-10 00:00:00-04:00,15.612275106140194,16.140323382213328,15.492717274810763,15.532569885253906,4124700,0.0,0.0
2025-10-13 00:00:00-04:00,16.26984249411145,17.624833052941394,16.150283721140834,17.037006378173828,6896000,0.0,0.0
2025-10-14 00:00:00-04:00,16.8078548511165,16.857669900160587,16.110432762565388,16.66836929321289,4305100,0.0,0.0
2025-10-15 00:00:00-04:00,16.987189653922435,17.286085640110826,16.867632779704884,16.97722816467285,2777600,0.0,0.0
2025-10-16 00:00:00-04:00,17.08682258423437,17.08682258423437,16.51892264982237,16.89752197265625,2212400,0.0,0.0
2025-10-17 00:00:00-04:00,16.56873725530318,16.83774308027351,16.120396114008276,16.50895881652832,2652900,0.0,0.0
2025-10-20 00:00:00-04:00,16.6584060576258,17.037007275027708,16.528885788718195,16.79789161682129,2472200,0.0,0.0
2025-10-21 00:00:00-04:00,16.738111834399522,16.857670617645148,16.389402675604757,16.6484432220459,1607200,0.0,0.0
2025-10-22 00:00:00-04:00,16.63848102391536,17.146600605196465,16.18017459135604,16.66836929321289,2385200,0.0,0.0
2025-10-23 00:00:00-04:00,16.688295498900644,17.306012347539053,16.63848045157014,17.166526794433594,2107400,0.0,0.0
2025-10-24 00:00:00-04:00,17.45545988852905,17.45545988852905,16.967265189518564,17.20638084411621,1544800,0.0,0.0
2025-10-27 00:00:00-04:00,17.355828917727194,17.42557075023818,16.698260353591596,16.937376022338867,1521900,0.0,0.0
2025-10-28 00:00:00-04:00,17.136639460133466,17.256196340371588,16.718186578655345,17.086822509765625,2066400,0.0,0.0
2025-10-29 00:00:00-04:00,17.196418261638573,17.814133256602414,16.977229376380823,17.66468620300293,1728700,0.0,0.0
2025-10-30 00:00:00-04:00,17.515239486551167,17.754355156977514,17.425570872600986,17.57501792907715,1558000,0.0,0.0
2025-10-31 00:00:00-04:00,17.604907989501953,17.75435504503585,17.385719101407066,17.604907989501953,995900,0.0,0.0
2025-11-03 00:00:00-05:00,17.565053347386904,17.744390563125094,17.415606301045845,17.555091857910156,1437400,0.0,0.0
2025-11-04 00:00:00-05:00,17.166528236940582,17.415607295167774,16.48903289451104,16.618555068969727,1865300,0.0,0.0
2025-11-05 00:00:00-05:00,16.8078556060791,16.997154321207265,16.608591600307733,16.8078556060791,2259300,0.0,0.0
2025-11-06 00:00:00-05:00,13.759127490708801,15.09419043459619,13.470195823352109,14.884963989257812,9347500,0.0,0.0
2025-11-07 00:00:00-05:00,14.506364437335264,15.741796309838325,13.86872172080408,15.452864646911621,4135600,0.0,0.0
2025-11-10 00:00:00-05:00,15.761721481400869,15.921131916332886,15.432937221813297,15.711906433105469,2227900,0.0,0.0
2025-11-11 00:00:00-05:00,15.701942976260359,15.851390020829994,15.413011326640897,15.472789764404297,1326000,0.0,0.0
2025-11-12 00:00:00-05:00,15.542532591570167,15.592347639811466,15.193821552914237,15.203784942626953,1238200,0.0,0.0
2025-11-13 00:00:00-05:00,15.10415358477598,15.10415358477598,14.097873985090214,14.356916427612305,3635900,0.0,0.0
2025-11-14 00:00:00-05:00,14.15765306447032,14.875000985621284,14.058021065641157,14.526289939880371,1540400,0.0,0.0
2025-11-17 00:00:00-05:00,14.596031437297267,14.825184649332813,13.958389699795514,14.187541961669922,2063900,0.0,0.0
2025-11-18 00:00:00-05:00,14.117800416954765,14.596031729660197,14.058021027786008,14.3668794631958,1365300,0.0,0.0
2025-11-19 00:00:00-05:00,14.486437064931108,14.625921670703786,14.317063240121836,14.426657676696777,1672100,0.0,0.0
2025-11-20 00:00:00-05:00,14.705627727816118,14.865038171993875,13.729237331985555,13.789016723632812,1995800,0.0,0.0
2025-11-21 00:00:00-05:00,13.759126751448578,13.898610407405755,13.241041886004366,13.649531364440918,2327700,0.0,0.0
2025-11-24 00:00:00-05:00,13.798980066128863,14.177579394658816,13.699348063782331,14.137726783752441,2055900,0.0,0.0
2025-11-25 00:00:00-05:00,14.028132422592014,14.117801035191276,13.629606311218854,13.948427200317383,1446200,0.0,0.0
2025-11-26 00:00:00-05:00,14.087911588489293,14.157653419321036,13.838832535334568,14.008206367492676,889000,0.0,0.0
2025-11-28 00:00:00-05:00,14.11780056485782,14.536253442939513,13.988279345436233,14.496400833129883,782200,0.0,0.0
2025-12-01 00:00:00-05:00,14.237357959952531,14.327026566829,14.067984135888343,14.187541961669922,1445400,0.0,0.0
2025-12-02 00:00:00-05:00,14.327027251479144,14.386805692146016,13.978316196998056,14.008206367492676,1262500,0.0,0.0
2025-12-03 00:00:00-05:00,14.018169032267386,14.097874254542019,13.858758587718121,13.948427200317383,699900,0.0,0.0
2025-12-04 00:00:00-05:00,13.95838994095596,14.366879423640817,13.86872133253028,14.20746898651123,993000,0.0,0.0
2025-12-05 00:00:00-05:00,14.227395250152782,14.327027251479144,13.918537756331185,14.008206367492676,784900,0.0,0.0
2025-12-08 00:00:00-05:00,14.107837546524847,14.117800936780023,13.828869270508244,14.058021545410156,1052400,0.0,0.0
2025-12-09 00:00:00-05:00,14.197505563916254,15.183858354002286,14.197505563916254,14.55617904663086,1828300,0.0,0.0
2025-12-10 00:00:00-05:00,14.675737444146796,14.805258666586312,14.097874113361998,14.406732559204102,1829200,0.0,0.0
2025-12-11 00:00:00-05:00,14.346952683419163,14.496400681260479,14.01816841839389,14.3668794631958,1403700,0.0,0.0
2025-12-12 00:00:00-05:00,14.486437519601333,14.486437519601333,13.78901636917102,13.798979759216309,1095700,0.0,0.0
2025-12-15 00:00:00-05:00,14.01816859801429,14.01816859801429,13.490121279262338,13.639568328857422,1227400,0.0,0.0
2025-12-16 00:00:00-05:00,13.470195543573121,13.709311204661581,13.470195543573121,13.529973983764648,929300,0.0,0.0
2025-12-17 00:00:00-05:00,13.59971550167963,13.629605671250044,12.683104538399004,12.762810707092285,2190700,0.0,0.0
2025-12-18 00:00:00-05:00,12.96207368827569,13.051742296213952,12.45395221006631,12.523694038391113,2132600,0.0,0.0
2025-12-19 00:00:00-05:00,12.533657896792088,12.872405561596391,12.443989285501399,12.483841896057129,2422300,0.0,0.0
2025-12-22 00:00:00-05:00,12.583473520627413,12.583473520627413,12.294541865212139,12.41409969329834,1550400,0.0,0.0
2025-12-23 00:00:00-05:00,12.414099403666711,12.68310427304426,12.404136014018361,12.663178443908691,910000,0.0,0.0
2025-12-24 00:00:00-05:00,12.633289466205575,12.693067904914166,12.46391563959598,12.683104515075684,708200,0.0,0.0
2025-12-26 00:00:00-05:00,12.683104426705384,12.882368421442042,12.593436769267262,12.792699813842773,570400,0.0,0.0
2025-12-29 00:00:00-05:00,12.712995043484337,12.812626094198333,12.583473822411083,12.673142433166504,1066900,0.0,0.0
2025-12-30 00:00:00-05:00,12.673142657607242,12.762811269950689,12.593437435559999,12.613363265991211,1232600,0.0,0.0
2025-12-31 00:00:00-05:00,12.623326414980275,12.75284763587142,12.573510414612729,12.593437194824219,709400,0.0,0.0
2026-01-02 00:00:00-05:00,12.742884096427934,12.991963145185448,12.663178876838423,12.972037315368652,1164700,0.0,0.0
2026-01-05 00:00:00-05:00,12.98199935485637,13.08163135135138,12.543620660632822,12.822588920593262,1318500,0.0,0.0
2026-01-06 00:00:00-05:00,12.912258095073508,12.912258095073508,12.424063381139748,12.673142433166504,1366400,0.0,0.0
2026-01-07 00:00:00-05:00,12.68310441205494,12.772773019550629,12.234762324737638,12.284578323364258,1059200,0.0,0.0
2026-01-08 00:00:00-05:00,12.2347621701613,12.354319995257988,12.055425907596835,12.155056953430176,770700,0.0,0.0
2026-01-09 00:00:00-05:00,12.503768641452474,12.583473862341064,12.304505589231002,12.324431419372559,1329000,0.0,0.0
2026-01-12 00:00:00-05:00,12.304505668963582,12.364284109936793,12.1351318359375,12.1351318359375,1182700,0.0,0.0
2026-01-13 00:00:00-05:00,12.165020455413313,12.224799843594322,12.045462629212436,12.125167846679688,1176400,0.0,0.0
2026-01-14 00:00:00-05:00,12.105241648282508,12.155057649130988,11.925905375453642,12.055426597595215,1218500,0.0,0.0
2026-01-15 00:00:00-05:00,12.26465273854192,12.374247177576656,11.915941691364145,12.304505348205566,842200,0.0,0.0
2026-01-16 00:00:00-05:00,12.304505515365111,12.513731956481934,11.97572124363313,12.513731956481934,2631300,0.0,0.0
2026-01-20 00:00:00-05:00,12.354320185302017,12.872405052185059,12.29454174691468,12.872405052185059,2616400,0.0,0.0
2026-01-21 00:00:00-05:00,13.051742112707098,13.320746982578537,12.035499170576662,12.314467430114746,2673500,0.0,0.0
2026-01-22 00:00:00-05:00,12.473879684202311,12.88236918741064,12.424063682556152,12.424063682556152,1605800,0.0,0.0
2026-01-23 00:00:00-05:00,12.45395236058802,12.7727732369675,12.334394531945714,12.653215408325195,913800,0.0,0.0
2026-01-26 00:00:00-05:00,12.74288441184817,13.171300690367108,12.703031801066958,12.802663803100586,1447900,0.0,0.0
2026-01-27 00:00:00-05:00,12.842515714962955,13.818905101045955,12.832552325269585,13.759126663208008,3754300,0.0,0.0
2026-01-28 00:00:00-05:00,13.808941861377145,13.928499688513089,13.639568035394268,13.888647079467773,2714600,0.0,0.0
2026-01-29 00:00:00-05:00,13.928500202520956,13.938463592690255,13.32074765461153,13.50008487701416,2283000,0.0,0.0
2026-01-30 00:00:00-05:00,13.260968911670659,13.520010399039982,12.633289597728867,12.73292064666748,1796500,0.0,0.0
2026-02-02 00:00:00-05:00,12.673141966649688,12.942146838852311,12.583473359195098,12.712994575500488,1239700,0.0,0.0
2026-02-03 00:00:00-05:00,12.90229466272395,13.191226324122853,12.772773442074623,13.021852493286133,2006400,0.0,0.0
2026-02-04 00:00:00-05:00,13.081631771218953,13.171300380910235,12.493805063386024,12.543621063232422,1956700,0.0,0.0
2026-02-05 00:00:00-05:00,12.434025255631067,12.563546470814032,12.264652382103797,12.314467430114746,1720500,0.0,0.0
2026-02-06 00:00:00-05:00,12.523694088415384,13.201189395400725,12.503768258883484,13.1912260055542,1770200,0.0,0.0
2026-02-09 00:00:00-05:00,13.300821601581855,13.5698264805175,13.17130038203463,13.559863090515137,1639700,0.0,0.0
2026-02-10 00:00:00-05:00,13.549901053984732,13.549901053984732,12.97203771890397,13.201189994812012,1082900,0.0,0.0
2026-02-11 00:00:00-05:00,13.390488890810333,13.490120887756348,12.991962803348564,13.490120887756348,894800,0.0,0.0
2026-02-12 00:00:00-05:00,13.520010538810638,13.629605928985626,12.942147218444749,13.290858268737793,934600,0.0,0.0
2026-02-13 00:00:00-05:00,13.260969102580423,13.619642594213115,13.24104232240913,13.529973983764648,805200,0.0,0.0
2026-02-17 00:00:00-05:00,13.48015759012915,13.579789587755872,13.161336717981474,13.380526542663574,1505900,0.0,0.0
2026-02-18 00:00:00-05:00,13.450268841423908,13.51004823212338,13.251005789360976,13.34067440032959,1265000,0.0,0.0
2026-02-19 00:00:00-05:00,13.400452501069818,13.549900498948318,13.221116233841235,13.430341720581055,664900,0.0,0.0
2026-02-20 00:00:00-05:00,13.420379525366553,13.500084745622829,13.211153084653535,13.450268745422363,725400,0.0,0.0
2026-02-23 00:00:00-05:00,13.430342318139115,13.450269098807315,12.712995316985454,12.852478981018066,1231300,0.0,0.0
2026-02-24 00:00:00-05:00,12.91225816546546,13.0816319977799,12.822589554221205,12.991963386535645,1130700,0.0,0.0
2026-02-25 00:00:00-05:00,13.041779103216866,13.071668322926953,12.802663445213845,12.812625885009766,1133100,0.0,0.0
2026-02-26 00:00:00-05:00,12.81262557277953,12.981999397277832,12.543620701621789,12.981999397277832,2645200,0.0,0.0
2026-02-27 00:00:00-05:00,13.319999694824219,14.010000228881836,13.260000228881836,13.739999771118164,3089500,0.048,0.0
2026-03-02 00:00:00-05:00,13.550000190734863,14.199999809265137,13.260000228881836,13.8100004196167,1814500,0.0,0.0
2026-03-03 00:00:00-05:00,13.470000267028809,13.630000114440918,12.949999809265137,13.270000457763672,1995100,0.0,0.0
2026-03-04 00:00:00-05:00,13.270000457763672,13.630000114440918,13.149999618530273,13.25,1009200,0.0,0.0
2026-03-05 00:00:00-05:00,13.140000343322754,13.3100004196167,12.989999771118164,13.289999961853027,959200,0.0,0.0
2026-03-06 00:00:00-05:00,13.050000190734863,13.170000076293945,12.609999656677246,12.720000267028809,1414700,0.0,0.0
2026-03-09 00:00:00-04:00,12.600000381469727,12.6899995803833,12.109999656677246,12.649999618530273,2527000,0.0,0.0
2026-03-10 00:00:00-04:00,12.699999809265137,12.960000038146973,12.640000343322754,12.729999542236328,2210400,0.0,0.0
2026-03-11 00:00:00-04:00,12.75,12.949999809265137,12.59000015258789,12.859999656677246,1284700,0.0,0.0
2026-03-12 00:00:00-04:00,12.699999809265137,13.069999694824219,12.59000015258789,12.760000228881836,1627800,0.0,0.0
2026-03-13 00:00:00-04:00,12.819999694824219,13.039999961853027,12.399999618530273,12.4399995803833,1003200,0.0,0.0
2026-03-16 00:00:00-04:00,12.59000015258789,12.670000076293945,12.300000190734863,12.470000267028809,1237900,0.0,0.0
2026-03-17 00:00:00-04:00,12.470000267028809,12.65999984741211,12.399999618530273,12.550000190734863,1508600,0.0,0.0
2026-03-18 00:00:00-04:00,12.609999656677246,12.649999618530273,12.420000076293945,12.4399995803833,1115800,0.0,0.0
2026-03-19 00:00:00-04:00,12.300000190734863,12.5600004196167,12.15999984741211,12.40999984741211,2363000,0.0,0.0
2026-03-20 00:00:00-04:00,12.279999732971191,12.40999984741211,11.6899995803833,11.779999732971191,3042800,0.0,0.0
2026-03-23 00:00:00-04:00,11.859999656677246,12.100000381469727,11.380000114440918,12.029999732971191,2142000,0.0,0.0
2026-03-24 00:00:00-04:00,12.369999885559082,12.930000305175781,12.0600004196167,12.760000228881836,2283700,0.0,0.0
2026-03-25 00:00:00-04:00,13.0,13.300000190734863,12.9399995803833,13.0600004196167,2211800,0.0,0.0
2026-03-26 00:00:00-04:00,12.979999542236328,13.210000038146973,12.869999885559082,12.9399995803833,1217200,0.0,0.0
2026-03-27 00:00:00-04:00,12.9399995803833,13.079999923706055,12.800000190734863,12.920000076293945,2231700,0.0,0.0
2026-03-30 00:00:00-04:00,13.050000190734863,13.050000190734863,12.609999656677246,12.710000038146973,1254500,0.0,0.0
2026-03-31 00:00:00-04:00,12.899999618530273,13.25,12.8100004196167,13.100000381469727,1679700,0.0,0.0
2026-04-01 00:00:00-04:00,13.199999809265137,13.470000267028809,13.149999618530273,13.289999961853027,1309600,0.0,0.0
2026-04-02 00:00:00-04:00,13.050000190734863,13.489999771118164,13.029999732971191,13.479999542236328,853100,0.0,0.0
2026-04-06 00:00:00-04:00,13.40999984741211,13.720000267028809,13.40999984741211,13.640000343322754,1168700,0.0,0.0
2026-04-07 00:00:00-04:00,13.579999923706055,13.789999961853027,13.390000343322754,13.539999961853027,1000200,0.0,0.0
2026-04-08 00:00:00-04:00,13.930000305175781,14.0600004196167,13.569999694824219,13.829999923706055,957600,0.0,0.0
2026-04-09 00:00:00-04:00,13.800000190734863,14.239999771118164,13.75,13.829999923706055,982100,0.0,0.0
2026-04-10 00:00:00-04:00,13.880000114440918,14.119999885559082,13.869999885559082,14.0,555400,0.0,0.0
2026-04-13 00:00:00-04:00,13.9399995803833,13.989999771118164,13.65999984741211,13.680000305175781,581100,0.0,0.0
2026-04-14 00:00:00-04:00,13.5600004196167,13.789999961853027,13.430000305175781,13.489999771118164,758400,0.0,0.0
2026-04-15 00:00:00-04:00,13.460000038146973,13.899999618530273,13.319999694824219,13.680000305175781,1474700,0.0,0.0
2026-04-16 00:00:00-04:00,13.65999984741211,13.680000305175781,13.359999656677246,13.5,607500,0.0,0.0
2026-04-17 00:00:00-04:00,13.5,13.5,12.649999618530273,12.65999984741211,1829400,0.0,0.0
2026-04-20 00:00:00-04:00,12.649999618530273,12.779999732971191,12.539999961853027,12.65999984741211,1207100,0.0,0.0
2026-04-21 00:00:00-04:00,12.449999809265137,12.699999809265137,12.130000114440918,12.15999984741211,1066500,0.0,0.0
2026-04-22 00:00:00-04:00,12.3100004196167,12.380000114440918,12.020000457763672,12.279999732971191,806200,0.0,0.0
2026-04-23 00:00:00-04:00,12.329999923706055,12.539999961853027,11.920000076293945,12.079999923706055,890500,0.0,0.0
2026-04-24 00:00:00-04:00,12.119999885559082,12.550000190734863,11.989999771118164,12.489999771118164,1231000,0.0,0.0
2026-04-27 00:00:00-04:00,12.630000114440918,12.699999809265137,12.40999984741211,12.59000015258789,1558600,0.0,0.0
2026-04-28 00:00:00-04:00,12.489999771118164,12.859999656677246,12.449999809265137,12.710000038146973,1482400,0.0,0.0
2026-04-29 00:00:00-04:00,12.6899995803833,12.779999732971191,11.9399995803833,12.010000228881836,1510800,0.0,0.0
2026-04-30 00:00:00-04:00,12.09000015258789,12.5600004196167,12.079999923706055,12.479999542236328,1969000,0.0,0.0
2026-05-01 00:00:00-04:00,12.489999771118164,12.640000343322754,12.399999618530273,12.479999542236328,1229200,0.0,0.0
2026-05-04 00:00:00-04:00,12.479999542236328,12.619999885559082,12.359999656677246,12.619999885559082,1299700,0.0,0.0
2026-05-05 00:00:00-04:00,12.6899995803833,12.729999542236328,12.4399995803833,12.600000381469727,923200,0.0,0.0
2026-05-06 00:00:00-04:00,12.710000038146973,13.1899995803833,12.399999618530273,12.789999961853027,2791100,0.0,0.0
2026-05-07 00:00:00-04:00,12.880000114440918,12.880000114440918,12.390000343322754,12.760000228881836,1361900,0.0,0.0
2026-05-08 00:00:00-04:00,12.779999732971191,12.880000114440918,12.520000457763672,12.760000228881836,1448400,0.0,0.0
2026-05-11 00:00:00-04:00,12.770000457763672,12.970000267028809,12.710000038146973,12.800000190734863,1321700,0.0,0.0
2026-05-12 00:00:00-04:00,12.619999885559082,12.6899995803833,12.289999961853027,12.579999923706055,1089400,0.0,0.0
2026-05-13 00:00:00-04:00,12.59000015258789,12.829999923706055,12.5,12.729999542236328,659900,0.0,0.0
2026-05-14 00:00:00-04:00,12.739999771118164,13.069999694824219,12.600000381469727,12.949999809265137,617300,0.0,0.0
2026-05-15 00:00:00-04:00,12.720000267028809,12.930000305175781,12.619999885559082,12.779999732971191,950000,0.0,0.0
2026-05-18 00:00:00-04:00,12.760000228881836,12.850000381469727,12.34000015258789,12.460000038146973,545100,0.0,0.0
2026-05-19 00:00:00-04:00,12.59000015258789,13.079999923706055,12.479999542236328,12.859999656677246,1217600,0.0,0.0
2026-05-20 00:00:00-04:00,12.960000038146973,13.0600004196167,12.8100004196167,12.979999542236328,1110600,0.0,0.0
2026-05-21 00:00:00-04:00,12.890000343322754,13.5,12.880000114440918,13.5,950800,0.0,0.0
2026-05-22 00:00:00-04:00,13.5600004196167,13.819999694824219,13.420000076293945,13.569999694824219,4604900,0.0,0.0
2026-05-26 00:00:00-04:00,13.739999771118164,14.229999542236328,13.710000038146973,14.119999885559082,963200,0.0,0.0
2026-05-27 00:00:00-04:00,14.079999923706055,14.079999923706055,13.760000228881836,13.819999694824219,739900,0.0,0.0
2026-05-28 00:00:00-04:00,13.84000015258789,14.100000381469727,13.779999732971191,14.029999732971191,709000,0.0,0.0
2026-05-29 00:00:00-04:00,14.010000228881836,14.25,13.829999923706055,14.220000267028809,991600,0.0,0.0
2026-06-01 00:00:00-04:00,14.020000457763672,14.359999656677246,13.920000076293945,14.15999984741211,3653400,0.0,0.0
2026-06-02 00:00:00-04:00,14.220000267028809,14.609999656677246,14.170000076293945,14.34000015258789,1696500,0.0,0.0
2026-06-03 00:00:00-04:00,14.449999809265137,14.770000457763672,14.3100004196167,14.460000038146973,1459200,0.0,0.0
2026-06-04 00:00:00-04:00,13.609999656677246,13.619999885559082,12.699999809265137,12.960000038146973,4257000,0.0,0.0
2026-06-05 00:00:00-04:00,12.949999809265137,13.130000114440918,12.470000267028809,12.680000305175781,2044400,0.0,0.0
2026-06-08 00:00:00-04:00,12.6899995803833,12.819999694824219,12.40999984741211,12.510000228881836,3245300,0.0,0.0
2026-06-09 00:00:00-04:00,12.510000228881836,12.829999923706055,12.34000015258789,12.460000038146973,2512500,0.0,0.0
2026-06-10 00:00:00-04:00,12.779999732971191,12.779999732971191,12.170000076293945,12.380000114440918,3210100,0.0,0.0
2026-06-11 00:00:00-04:00,12.4399995803833,13.479999542236328,12.399999618530273,13.369999885559082,2013788,0.0,0.0
