Date,Open,High,Low,Close,Volume,Dividends,Stock Splits
2022-01-03 00:00:00-05:00,5.262382482893486,5.3095789199995815,5.049999416113218,5.285980701446533,217020,0.0,0.0
2022-01-04 00:00:00-05:00,5.3095787971757185,5.498363641035871,5.238784593252804,5.380373001098633,175880,0.0,0.0
2022-01-05 00:00:00-05:00,5.356775511436914,5.521962145870191,5.101915733938247,5.167990207672119,137500,0.0,0.0
2022-01-06 00:00:00-05:00,5.167990133358293,5.380373203203425,5.1255134293695495,5.2387847900390625,136940,0.0,0.0
2022-01-07 00:00:00-05:00,5.3095787971757185,5.420489836681236,5.1443917212241566,5.380373001098633,96800,0.0,0.0
2022-01-10 00:00:00-05:00,5.380373228759309,5.380373228759309,5.073597731981273,5.215186595916748,178860,0.0,0.0
2022-01-11 00:00:00-05:00,5.19158815723848,5.6399524989802705,5.19158815723848,5.380373001098633,140260,0.0,0.0
2022-01-12 00:00:00-05:00,5.403971148071641,5.545560004154883,5.285980509685366,5.451167583465576,134500,0.0,0.0
2022-01-13 00:00:00-05:00,5.545560004154883,5.5691582218518505,5.380372930374672,5.451167583465576,64940,0.0,0.0
2022-01-14 00:00:00-05:00,5.238784690334028,5.4747659745815325,5.1915882534450954,5.309578895568848,81080,0.0,0.0
2022-01-18 00:00:00-05:00,5.26238263450522,5.356775511436914,5.120794219304867,5.167990207672119,88800,0.0,0.0
2022-01-19 00:00:00-05:00,5.215186595916748,5.380373228759309,5.191588376911071,5.215186595916748,105280,0.0,0.0
2022-01-20 00:00:00-05:00,5.238784840032002,5.521962119161634,5.120794194536674,5.191588401794434,136580,0.0,0.0
2022-01-21 00:00:00-05:00,5.1915880451981575,5.297779798889362,5.002803205412194,5.097195625305176,170340,0.0,0.0
2022-01-24 00:00:00-05:00,4.8376161778105295,5.049999237060547,4.533200114476604,5.049999237060547,294200,0.0,0.0
2022-01-25 00:00:00-05:00,4.979205107588014,5.073597529749689,4.766822045199602,5.002803325653076,125480,0.0,0.0
2022-01-26 00:00:00-05:00,5.097195747814751,5.23878460610655,4.884812685426339,5.002803325653076,99700,0.0,0.0
2022-01-27 00:00:00-05:00,5.02640126980475,5.1089948108782455,4.8163780668709775,4.861214637756348,191360,0.0,0.0
2022-01-28 00:00:00-05:00,4.814018125160395,4.908410549163818,4.696027482631471,4.908410549163818,93080,0.0,0.0
2022-01-31 00:00:00-05:00,4.884812880133034,5.309579021840867,4.884812880133034,5.215186595916748,200920,0.0,0.0
2022-02-01 00:00:00-05:00,5.285980701446533,5.3095789199995815,5.167990058779876,5.285980701446533,60440,0.0,0.0
2022-02-02 00:00:00-05:00,5.309578707051831,5.309578707051831,5.002803228461596,5.073597431182861,71120,0.0,0.0
2022-02-03 00:00:00-05:00,4.955606937408447,5.191588220142183,4.932008719115358,4.955606937408447,86940,0.0,0.0
2022-02-04 00:00:00-05:00,4.955607087051476,5.238784814922425,4.861214661127357,5.215186595916748,89620,0.0,0.0
2022-02-07 00:00:00-05:00,5.23878471443902,5.403971344113191,5.191588277332924,5.285980701446533,110480,0.0,0.0
2022-02-08 00:00:00-05:00,5.333176968243962,5.498363592643094,5.290700266224635,5.427569389343262,206040,0.0,0.0
2022-02-09 00:00:00-05:00,5.451167957976417,5.6163545930068555,5.285980872847381,5.5219621658325195,226140,0.0,0.0
2022-02-10 00:00:00-05:00,5.427569686721024,6.22990598517311,5.380373248536187,5.946728706359863,809620,0.0,0.0
2022-02-11 00:00:00-05:00,5.993924423699567,6.406891663818021,5.899532001692206,6.159111499786377,496320,0.0,0.0
2022-02-14 00:00:00-05:00,6.017522811889648,6.253504098630419,5.840536846834071,6.017522811889648,236120,0.0,0.0
2022-02-15 00:00:00-05:00,6.253504226170108,6.324298433596748,5.828738081413086,6.300700664520264,407720,0.0,0.0
2022-02-16 00:00:00-05:00,6.359696038365038,6.513083789084154,6.0883171908251414,6.253504276275635,339420,0.0,0.0
2022-02-17 00:00:00-05:00,6.064719200134277,6.253504047957719,5.946728557719981,6.064719200134277,245040,0.0,0.0
2022-02-18 00:00:00-05:00,5.982125912044706,6.111915444120207,5.592756865719605,5.8523359298706055,207260,0.0,0.0
2022-02-22 00:00:00-05:00,5.68714907230617,5.769742612276104,5.474766005311039,5.663550853729248,255700,0.0,0.0
2022-02-23 00:00:00-05:00,5.663550929729327,5.710747367516507,5.191588352251883,5.2387847900390625,293040,0.0,0.0
2022-02-24 00:00:00-05:00,4.97920502992048,5.474765801162544,4.861214391534205,5.451167583465576,241160,0.0,0.0
2022-02-25 00:00:00-05:00,5.521961961371885,5.545560179816352,5.1915882534450954,5.309578895568848,234360,0.0,0.0
2022-02-28 00:00:00-05:00,5.215186471889562,5.333177114013314,5.123153464966001,5.309578895568848,292800,0.0,0.0
2022-03-01 00:00:00-05:00,5.2623826601917605,5.285980879539871,5.097196024952181,5.144392013549805,169780,0.0,0.0
2022-03-02 00:00:00-05:00,5.167990157905392,5.262382583829512,5.120794169992628,5.215186595916748,166360,0.0,0.0
2022-03-03 00:00:00-05:00,5.262382247593253,5.3095786825890245,5.085396291506952,5.097195625305176,132420,0.0,0.0
2022-03-04 00:00:00-05:00,5.002803501011113,5.073597707589201,4.837616418864122,4.861214637756348,165580,0.0,0.0
2022-03-07 00:00:00-05:00,4.837616133811915,4.9508870377019045,4.6960272789001465,4.6960272789001465,270500,0.0,0.0
2022-03-08 00:00:00-05:00,4.696027482631471,4.9910040889537814,4.64883149567905,4.908410549163818,144820,0.0,0.0
2022-03-09 00:00:00-05:00,5.002803325653076,5.097195747814751,4.861214467361277,5.002803325653076,220980,0.0,0.0
2022-03-10 00:00:00-05:00,4.979205307613772,5.0499995145543455,4.814018224620979,4.837616443634033,87560,0.0,0.0
2022-03-11 00:00:00-05:00,4.861214792090446,4.908410781274689,4.672429485057664,4.743224143981934,132920,0.0,0.0
2022-03-14 00:00:00-04:00,4.719625669474455,4.7904198744771405,4.554438591003418,4.554438591003418,197520,0.0,0.0
2022-03-15 00:00:00-04:00,4.7196259243405105,4.755023028753343,4.648831715514843,4.743224143981934,93740,0.0,0.0
2022-03-16 00:00:00-04:00,4.814018341823332,5.120794296264648,4.773901503554029,5.120794296264648,142160,0.0,0.0
2022-03-17 00:00:00-04:00,5.049999512975596,5.215186595916748,4.955607087051476,5.215186595916748,226500,0.0,0.0
2022-03-18 00:00:00-04:00,5.144391816556163,5.4983637429274195,5.120794048210276,5.309578895568848,285120,0.0,0.0
2022-03-21 00:00:00-04:00,5.380373254547521,5.403971473666306,5.09719597541789,5.191588401794434,102320,0.0,0.0
2022-03-22 00:00:00-04:00,5.309579116496438,5.5691586299893165,5.309579116496438,5.498363971710205,126700,0.0,0.0
2022-03-23 00:00:00-04:00,5.451167583465576,5.5691582218518505,5.380372930374672,5.451167583465576,128960,0.0,0.0
2022-03-24 00:00:00-04:00,5.451167908652203,5.592756773181856,5.403971470442788,5.569158554077148,111680,0.0,0.0
2022-03-25 00:00:00-04:00,5.545560187097443,5.923130332408901,5.474765981769674,5.6871490478515625,249580,0.0,0.0
2022-03-28 00:00:00-04:00,5.805139818995949,5.805139818995949,5.451167884302276,5.592756748199463,123740,0.0,0.0
2022-03-29 00:00:00-04:00,5.781541395588985,5.875933818150315,5.639952536697704,5.734344959259033,162900,0.0,0.0
2022-03-30 00:00:00-04:00,5.687149121831889,5.687149121831889,5.451167834204829,5.616354465484619,153260,0.0,0.0
2022-03-31 00:00:00-04:00,5.7343451876129174,5.757943406717625,5.5219621158677334,5.569158554077148,60880,0.0,0.0
2022-04-01 00:00:00-04:00,5.651752095894329,5.663550980397387,5.533761450469384,5.569158554077148,57000,0.0,0.0
2022-04-04 00:00:00-04:00,5.545560334972441,5.687149199502095,5.545560334972441,5.569158554077148,328240,0.0,0.0
2022-04-05 00:00:00-04:00,5.592756488345264,5.592756488345264,5.285980555805212,5.403971195220947,129840,0.0,0.0
2022-04-06 00:00:00-04:00,5.356775434408424,5.356775434408424,5.167990133358293,5.2387847900390625,89000,0.0,0.0
2022-04-07 00:00:00-04:00,5.215186646137966,5.231705264571435,5.002803573238843,5.167990207672119,84620,0.0,0.0
2022-04-08 00:00:00-04:00,5.167989951911364,5.191588169976426,5.002803325653076,5.002803325653076,60620,0.0,0.0
2022-04-11 00:00:00-04:00,5.097195648789471,5.144391633904127,4.955606793248377,5.073597431182861,89460,0.0,0.0
2022-04-12 00:00:00-04:00,5.120793965879813,5.167989951911364,4.93200867145789,5.002803325653076,116860,0.0,0.0
2022-04-13 00:00:00-04:00,5.026401318061537,5.215186620913218,4.979205329922562,5.191588401794434,61800,0.0,0.0
2022-04-14 00:00:00-04:00,5.215186571145473,5.285980777727654,5.156191248960792,5.2387847900390625,84380,0.0,0.0
2022-04-18 00:00:00-04:00,5.238784840032002,5.2859808281709775,5.0735977562991055,5.191588401794434,74700,0.0,0.0
2022-04-19 00:00:00-04:00,5.144391938899715,5.28598080283519,5.120794169992628,5.215186595916748,72900,0.0,0.0
2022-04-20 00:00:00-04:00,5.191588069117347,5.262382271838613,5.026400995969642,5.073597431182861,93340,0.0,0.0
2022-04-21 00:00:00-04:00,5.23878460610655,5.262382374073039,4.955606889522953,5.002803325653076,101120,0.0,0.0
2022-04-22 00:00:00-04:00,4.955606889522953,5.049999311684627,4.93200867145789,5.002803325653076,141420,0.0,0.0
2022-04-25 00:00:00-04:00,4.884812636172645,5.167989899802387,4.861214418345525,5.026401042938232,102100,0.0,0.0
2022-04-26 00:00:00-04:00,4.932008719115358,5.2387846567283605,4.884812732627758,4.955606937408447,141500,0.0,0.0
2022-04-27 00:00:00-04:00,4.979205180103611,4.991004064258691,4.837616319749756,4.932008743286133,78780,0.0,0.0
2022-04-28 00:00:00-04:00,5.002803205412194,5.097195625305176,4.861214350523442,5.097195625305176,79420,0.0,0.0
2022-04-29 00:00:00-04:00,5.073597554146327,5.191588194940429,4.979205131530762,4.979205131530762,63060,0.0,0.0
2022-05-02 00:00:00-04:00,4.979205131530762,5.049999335967793,4.8612144907366615,4.979205131530762,124860,0.0,0.0
2022-05-03 00:00:00-04:00,4.837616319749756,5.28598066912148,4.837616319749756,4.932008743286133,174180,0.0,0.0
2022-05-04 00:00:00-04:00,4.90841075499759,4.93200897451268,4.5190417083437,4.766822338104248,321700,0.0,0.0
2022-05-05 00:00:00-04:00,4.76682218576927,4.76682218576927,4.436448023313085,4.507242679595947,179580,0.0,0.0
2022-05-06 00:00:00-04:00,4.507242569011555,4.540279804407176,4.153270646577641,4.200466632843018,211600,0.0,0.0
2022-05-09 00:00:00-04:00,4.200466746308358,4.200466746308358,3.8228970455919207,3.940887689590454,176020,0.0,0.0
2022-05-10 00:00:00-04:00,3.988083610478221,4.0329201804759185,3.634111684398522,3.7992987632751465,186900,0.0,0.0
2022-05-11 00:00:00-04:00,3.7992987632751465,3.988083610478221,3.6577099028235516,3.7992987632751465,148440,0.0,0.0
2022-05-12 00:00:00-04:00,3.681308229473953,4.106074373217697,3.645910900795777,3.893691301345825,184000,0.0,0.0
2022-05-13 00:00:00-04:00,4.0588783211701545,4.129672527313232,3.9762847806041726,4.129672527313232,114360,0.0,0.0
2022-05-16 00:00:00-04:00,4.08247604934332,4.172149189673985,3.9172894199476755,3.9644854068756104,91820,0.0,0.0
2022-05-17 00:00:00-04:00,4.011681932071484,4.176869015196217,3.9880837130395808,4.0824761390686035,86060,0.0,0.0
2022-05-18 00:00:00-04:00,4.035280114769564,4.082476102309824,3.9054901363120242,3.940887689590454,48640,0.0,0.0
2022-05-19 00:00:00-04:00,3.91728947077103,4.035280114769564,3.893691251951606,3.940887689590454,73000,0.0,0.0
2022-05-20 00:00:00-04:00,3.9644854583112914,4.035280114769564,3.7992988267724965,3.940887689590454,122000,0.0,0.0
2022-05-23 00:00:00-04:00,3.8700928926454115,3.8936911106082053,3.7992986888555995,3.846494674682617,60440,0.0,0.0
2022-05-24 00:00:00-04:00,3.7049060238799063,3.822896888065807,3.6105136025903266,3.6813080310821533,119560,0.0,0.0
2022-05-25 00:00:00-04:00,3.6577098311774052,3.8818922266760936,3.6577098311774052,3.846494674682617,86700,0.0,0.0
2022-05-26 00:00:00-04:00,3.893691360882065,4.153270874960589,3.870093141402454,4.035280227661133,169600,0.0,0.0
2022-05-27 00:00:00-04:00,4.058878297104903,4.153270721435547,4.011681859890291,4.153270721435547,88400,0.0,0.0
2022-05-31 00:00:00-04:00,4.176869120841623,4.179228537715757,3.988083813910046,4.011682033538818,127820,0.0,0.0
2022-06-01 00:00:00-04:00,4.011681819366857,4.1532706794818735,3.940887614358638,3.988083600997925,58900,0.0,0.0
2022-06-02 00:00:00-04:00,4.0116818836757115,4.129672527313232,3.999882999351394,4.129672527313232,75220,0.0,0.0
2022-06-03 00:00:00-04:00,4.0116818836757115,4.153270746060454,3.964485446181269,4.129672527313232,95620,0.0,0.0
2022-06-06 00:00:00-04:00,4.176868840968776,4.3184572490570154,4.129672404873649,4.224064826965332,61120,0.0,0.0
2022-06-07 00:00:00-04:00,4.153270914555193,4.365653991699219,4.101354741185394,4.365653991699219,89960,0.0,0.0
2022-06-08 00:00:00-04:00,4.342055343995924,4.38925177875291,4.271261141959006,4.318457126617432,95580,0.0,0.0
2022-06-09 00:00:00-04:00,4.294859505570922,4.294859505570922,4.106074210213689,4.200466632843018,91640,0.0,0.0
2022-06-10 00:00:00-04:00,4.058878223948312,4.365653710018274,4.01168178758436,4.200466632843018,165100,0.0,0.0
2022-06-13 00:00:00-04:00,4.0352801659599375,4.058878385078722,3.586915578048113,3.893691301345825,366600,0.0,0.0
2022-06-14 00:00:00-04:00,3.846494725573896,3.9644853668503783,3.5869154497952076,3.822896957397461,189360,0.0,0.0
2022-06-15 00:00:00-04:00,3.822896995993224,4.035280062415385,3.7521023404534497,3.9644854068756104,90040,0.0,0.0
2022-06-16 00:00:00-04:00,3.8936911868766835,3.917289405301713,3.6577099028235516,3.7992987632751465,80180,0.0,0.0
2022-06-17 00:00:00-04:00,3.775700535874689,4.058878256104722,3.775700535874689,3.988083600997925,104540,0.0,0.0
2022-06-21 00:00:00-04:00,4.129672524426359,4.134392258192221,3.6577099502062036,3.7521023750305176,225880,0.0,0.0
2022-06-22 00:00:00-04:00,3.6813082311244005,3.778060524466059,3.6506306362759458,3.7049062252044678,73320,0.0,0.0
2022-06-23 00:00:00-04:00,3.6813080791478274,3.7285042904088432,3.5869154315765086,3.6341116428375244,62480,0.0,0.0
2022-06-24 00:00:00-04:00,3.6577099502062036,3.905490121632351,3.6577099502062036,3.7521023750305176,74560,0.0,0.0
2022-06-27 00:00:00-04:00,3.8228970958019914,3.8228970958019914,3.6813082311244005,3.7049062252044678,35160,0.0,0.0
2022-06-28 00:00:00-04:00,3.775700540783196,3.8346958617329334,3.5869154687341784,3.610513687133789,100120,0.0,0.0
2022-06-29 00:00:00-04:00,3.610513711570805,3.6341117050808447,3.5043221781524,3.5869154930114746,81020,0.0,0.0
2022-06-30 00:00:00-04:00,3.492523154971327,3.5869155814370535,3.4453269417384638,3.5161211490631104,55760,0.0,0.0
2022-07-01 00:00:00-04:00,3.492523068872735,3.5869154930114746,3.421728638244035,3.5869154930114746,45920,0.0,0.0
2022-07-05 00:00:00-04:00,3.492523068872735,3.657709923640175,3.414649262695952,3.5869154930114746,74060,0.0,0.0
2022-07-06 00:00:00-04:00,3.6341116113242595,3.6341116113242595,3.3981303320162093,3.4689247608184814,54300,0.0,0.0
2022-07-07 00:00:00-04:00,3.4689248268347033,3.7143453529836394,3.445326833484382,3.610513687133789,78380,0.0,0.0
2022-07-08 00:00:00-04:00,3.586915556084705,3.6105137750589926,3.492523130286145,3.539719343185425,27620,0.0,0.0
2022-07-11 00:00:00-04:00,3.5397193176467026,3.5633175364507315,3.350934242362353,3.374532461166382,43420,0.0,0.0
2022-07-12 00:00:00-04:00,3.3745323992989458,3.468924822685918,3.362733290113252,3.4217286109924316,30440,0.0,0.0
2022-07-13 00:00:00-04:00,3.3745323755481413,3.445326805114746,3.3509341573428437,3.445326805114746,18860,0.0,0.0
2022-07-14 00:00:00-04:00,3.350934242362353,3.5633175364507315,3.350934242362353,3.374532461166382,74900,0.0,0.0
2022-07-15 00:00:00-04:00,3.398130416870117,3.4642053387617975,3.3745324233796232,3.398130416870117,32160,0.0,0.0
2022-07-18 00:00:00-04:00,3.4453267679172477,3.5869154004725066,3.4217285499667285,3.4689247608184814,43020,0.0,0.0
2022-07-19 00:00:00-04:00,3.4689248503134045,3.610513711570805,3.4689248503134045,3.5869154930114746,30740,0.0,0.0
2022-07-20 00:00:00-04:00,3.6341117928656725,3.7049062252044678,3.586915579656241,3.7049062252044678,58900,0.0,0.0
2022-07-21 00:00:00-04:00,3.681308181257674,3.681308181257674,3.4689248871182157,3.5633175373077393,99160,0.0,0.0
2022-07-22 00:00:00-04:00,3.5397191654705464,3.5633173832600633,3.492522954940796,3.492522954940796,33740,0.0,0.0
2022-07-25 00:00:00-04:00,3.5633174995014354,3.610513711570805,3.4689248503134045,3.5869154930114746,21460,0.0,0.0
2022-07-26 00:00:00-04:00,3.5397192527507917,3.5397192527507917,3.398130392621044,3.4217286109924316,45840,0.0,0.0
2022-07-27 00:00:00-04:00,3.5161211242111374,3.539719343185425,3.39813047943829,3.539719343185425,43200,0.0,0.0
2022-07-28 00:00:00-04:00,3.5161211490631104,3.5397193682041905,3.4453269417384638,3.5161211490631104,32220,0.0,0.0
2022-07-29 00:00:00-04:00,3.492522954940796,3.586915376000297,3.421728526621528,3.492522954940796,61760,0.0,0.0
2022-08-01 00:00:00-04:00,3.4689248503134045,3.6341117050808447,3.4689248503134045,3.5869154930114746,64760,0.0,0.0
2022-08-02 00:00:00-04:00,3.610513687133789,3.6341116804841103,3.5633174753838572,3.610513687133789,24580,0.0,0.0
2022-08-03 00:00:00-04:00,3.539719220315493,3.7049060722536917,3.539719220315493,3.6341116428375244,52760,0.0,0.0
2022-08-04 00:00:00-04:00,3.6341116428375244,3.775700501669859,3.5869154315765086,3.6341116428375244,89280,0.0,0.0
2022-08-05 00:00:00-04:00,3.681308229473953,3.893691301345825,3.657710010355169,3.893691301345825,150120,0.0,0.0
2022-08-08 00:00:00-04:00,3.9172895060424615,4.1296725771324105,3.893691287010558,4.0824761390686035,108460,0.0,0.0
2022-08-09 00:00:00-04:00,4.1532707709684065,4.1532707709684065,3.8936912633893956,4.106074333190918,82460,0.0,0.0
2022-08-10 00:00:00-04:00,3.9172896051223316,4.247663329629337,3.9172896051223316,4.011682033538818,137000,0.0,0.0
2022-08-11 00:00:00-04:00,4.0116818836757115,4.224064952203532,4.0116818836757115,4.129672527313232,119880,0.0,0.0
2022-08-12 00:00:00-04:00,4.129672552079662,4.1532707709684065,4.035280126623273,4.106074333190918,57800,0.0,0.0
2022-08-15 00:00:00-04:00,4.0116818836757115,4.153270746060454,4.0116818836757115,4.129672527313232,97360,0.0,0.0
2022-08-16 00:00:00-04:00,4.082476216521756,4.143831407129305,3.9290884650521822,4.035280227661133,86880,0.0,0.0
2022-08-17 00:00:00-04:00,4.011682033538818,4.082476242326533,3.8936913854935593,4.011682033538818,74280,0.0,0.0
2022-08-18 00:00:00-04:00,4.03528003773579,4.03528003773579,3.704906105817181,3.988083600997925,142440,0.0,0.0
2022-08-19 00:00:00-04:00,3.8936912769765337,3.8936912769765337,3.6813082064338953,3.7285044193267822,52260,0.0,0.0
2022-08-22 00:00:00-04:00,3.6341116428375244,3.7049060722536917,3.4689247908993255,3.6341116428375244,76040,0.0,0.0
2022-08-23 00:00:00-04:00,3.610513687133789,3.681308117283332,3.5633174753838572,3.610513687133789,28900,0.0,0.0
2022-08-24 00:00:00-04:00,3.563317415058009,3.6813080549599393,3.4925229861069935,3.657709836959839,108580,0.0,0.0
2022-08-25 00:00:00-04:00,3.7521024384138997,3.7521024384138997,3.610513798785605,3.7049062252044678,48280,0.0,0.0
2022-08-26 00:00:00-04:00,3.704906110633653,3.7521023223835854,3.5161210385846355,3.610513687133789,56280,0.0,0.0
2022-08-29 00:00:00-04:00,3.5869155814370535,3.6105138005781336,3.492523154971327,3.5161211490631104,41820,0.0,0.0
2022-08-30 00:00:00-04:00,3.6341116113242595,3.6341116113242595,3.4689247608184814,3.4689247608184814,40600,0.0,0.0
2022-08-31 00:00:00-04:00,3.4925230410573054,3.610513682815665,3.350934180927558,3.4217286109924316,116280,0.0,0.0
2022-09-01 00:00:00-04:00,3.3745324233796232,3.445326853949686,3.3509342048398385,3.398130416870117,72600,0.0,0.0
2022-09-02 00:00:00-04:00,3.3981304549211173,3.4689248862839097,3.350934242362353,3.374532461166382,28040,0.0,0.0
2022-09-06 00:00:00-04:00,3.3745324860219115,3.4429670509985058,3.3509342670440674,3.3509342670440674,27860,0.0,0.0
2022-09-07 00:00:00-04:00,3.3509341211644563,3.4925229787690006,3.3509341211644563,3.4689247608184814,67560,0.0,0.0
2022-09-08 00:00:00-04:00,3.4453267444110454,3.5397191654705464,3.4453267444110454,3.492522954940796,42720,0.0,0.0
2022-09-09 00:00:00-04:00,3.5161210996883305,3.610513749877854,3.5161210996883305,3.5633175373077393,26300,0.0,0.0
2022-09-12 00:00:00-04:00,3.586915579656241,3.7521024384138997,3.586915579656241,3.7049062252044678,67380,0.0,0.0
2022-09-13 00:00:00-04:00,3.5869154930114746,3.657709923640175,3.5161210623827746,3.5869154930114746,38800,0.0,0.0
2022-09-14 00:00:00-04:00,3.539719280942105,3.6341117050808447,3.4972425775550264,3.5869154930114746,32640,0.0,0.0
2022-09-15 00:00:00-04:00,3.5161210623827746,3.752102347778915,3.5161210623827746,3.5869154930114746,35580,0.0,0.0
2022-09-16 00:00:00-04:00,3.516120947681029,3.5633173832600633,3.421728526621528,3.492522954940796,90500,0.0,0.0
2022-09-19 00:00:00-04:00,3.4217285499667285,3.4925229787690006,3.391050956650768,3.4689247608184814,64280,0.0,0.0
2022-09-20 00:00:00-04:00,3.46892484744018,3.527920168740351,3.3509342048398385,3.398130416870117,82580,0.0,0.0
2022-09-21 00:00:00-04:00,3.3981305189885664,3.4217287382375097,3.2329436593938565,3.327336311340332,65600,0.0,0.0
2022-09-22 00:00:00-04:00,3.2565418163687725,3.2801398101171597,3.1621491662273438,3.1857473850250244,76520,0.0,0.0
2022-09-23 00:00:00-04:00,3.162149050661512,3.185747268596758,3.020560418197894,3.0913548469543457,94000,0.0,0.0
2022-09-26 00:00:00-04:00,3.0205604349907422,3.0913548641407766,2.8435744746402998,2.878971576690674,151340,0.0,0.0
2022-09-27 00:00:00-04:00,2.92616782601281,2.949766044387627,2.7845791909117774,2.8553736209869385,56500,0.0,0.0
2022-09-28 00:00:00-04:00,2.8081772934031326,2.9969623725926797,2.8081772934031326,2.949766159057617,108940,0.0,0.0
2022-09-29 00:00:00-04:00,2.90256988282271,2.9261678765558403,2.8081772327423096,2.8081772327423096,69740,0.0,0.0
2022-09-30 00:00:00-04:00,2.8081770914814395,2.8671724104205394,2.7373828887939453,2.7373828887939453,83620,0.0,0.0
2022-10-03 00:00:00-04:00,2.7373829124710976,2.8317753335703975,2.713784694671631,2.713784694671631,63560,0.0,0.0
2022-10-04 00:00:00-04:00,2.831775451524733,2.973364314120687,2.7137848077112023,2.8081772327423096,238160,0.0,0.0
2022-10-05 00:00:00-04:00,2.7845791909117774,2.8789716143124657,2.6901865424617997,2.8553736209869385,101340,0.0,0.0
2022-10-06 00:00:00-04:00,2.831775451524733,2.8931306403195993,2.760981020226756,2.8081772327423096,28480,0.0,0.0
2022-10-07 00:00:00-04:00,2.8317755158216613,2.8317755158216613,2.7019857596699755,2.7609810829162598,63560,0.0,0.0
2022-10-10 00:00:00-04:00,2.7373830393888925,2.7586211663339704,2.6193923950195312,2.6193923950195312,31220,0.0,0.0
2022-10-11 00:00:00-04:00,2.619392420016001,2.6901866272737607,2.501401774520673,2.595794200897217,67240,0.0,0.0
2022-10-12 00:00:00-04:00,2.548597987708945,2.619392420016001,2.5249997685901606,2.595794200897217,32860,0.0,0.0
2022-10-13 00:00:00-04:00,2.501401602706097,2.642990232545569,2.4778033852082113,2.548597812652588,52940,0.0,0.0
2022-10-14 00:00:00-04:00,2.5721958917780023,2.5957941100710915,2.4778034687042236,2.4778034687042236,117940,0.0,0.0
2022-10-17 00:00:00-04:00,2.5957940225990788,2.5957940225990788,2.501401602706097,2.548597812652588,31420,0.0,0.0
2022-10-18 00:00:00-04:00,2.619392420016001,2.713784846392545,2.548597987708945,2.595794200897217,57400,0.0,0.0
2022-10-19 00:00:00-04:00,2.642990388863827,2.6901866016017126,2.548597963388056,2.6193923950195312,39300,0.0,0.0
2022-10-20 00:00:00-04:00,2.619392296626402,2.7845791475286785,2.619392296626402,2.6901865005493164,32180,0.0,0.0
2022-10-21 00:00:00-04:00,2.7137847813331195,2.7137847813331195,2.572195920113414,2.6429903507232666,100000,0.0,0.0
2022-10-24 00:00:00-04:00,2.6429902960690503,2.6429902960690503,2.501401662826538,2.501401662826538,64160,0.0,0.0
2022-10-25 00:00:00-04:00,2.5249996185302734,2.59579404663004,2.480163274928348,2.5249996185302734,130800,0.0,0.0
2022-10-26 00:00:00-04:00,2.548597898534202,2.5957941100710915,2.4306072571673343,2.4778034687042236,80300,0.0,0.0
2022-10-27 00:00:00-04:00,2.524999622313068,2.524999622313068,2.3314950469265208,2.333854913711548,120200,0.0,0.0
2022-10-28 00:00:00-04:00,2.2890184054349403,2.383411053884918,2.194625982034252,2.284298896789551,312920,0.0,0.0
2022-10-31 00:00:00-04:00,2.3385743858747445,2.477803373336792,2.3362145191264063,2.3598127365112305,105920,0.0,0.0
2022-11-01 00:00:00-04:00,2.454205274581909,2.524999705109122,2.352733475040552,2.454205274581909,166400,0.0,0.0
2022-11-02 00:00:00-04:00,2.5485978452232145,2.961565081368897,2.5249996274237474,2.713784694671631,280620,0.0,0.0
2022-11-03 00:00:00-04:00,2.666588571974046,2.8553736454415457,2.595794141292572,2.831775426864624,104580,0.0,0.0
2022-11-04 00:00:00-04:00,2.902569970489439,3.020560617866658,2.760981103617057,2.9261679649353027,141820,0.0,0.0
2022-11-07 00:00:00-05:00,2.902569761919514,2.902569761919514,2.607593164672598,2.713784694671631,97520,0.0,0.0
2022-11-08 00:00:00-05:00,2.6901865381331382,2.760980968094387,2.58399500571591,2.666588544845581,65040,0.0,0.0
2022-11-09 00:00:00-05:00,2.61939235721951,2.8553736425528244,2.61939235721951,2.6429903507232666,56220,0.0,0.0
2022-11-10 00:00:00-05:00,2.713784784078598,2.831775426864624,2.6901865655016763,2.831775426864624,55020,0.0,0.0
2022-11-11 00:00:00-05:00,2.926167853664028,3.0441584965545014,2.8317754293713655,3.0205605030059814,95880,0.0,0.0
2022-11-14 00:00:00-05:00,2.9733642908596503,3.0323596123048873,2.8789716415176967,3.0205605030059814,59920,0.0,0.0
2022-11-15 00:00:00-05:00,3.0205605276741996,3.2329435965918187,2.9497660963518952,2.996962308883667,86680,0.0,0.0
2022-11-16 00:00:00-05:00,3.020560410073278,3.020560410073278,2.8435744511828434,2.9025697708129883,39480,0.0,0.0
2022-11-17 00:00:00-05:00,2.784579214760072,2.8671725296807153,2.76098099618315,2.831775426864624,77460,0.0,0.0
2022-11-18 00:00:00-05:00,2.8317753422469574,2.9497659815072472,2.8317753422469574,2.9025697708129883,43580,0.0,0.0
2022-11-21 00:00:00-05:00,2.8553737319874926,2.949766159057617,2.8317755126953124,2.949766159057617,22640,0.0,0.0
2022-11-22 00:00:00-05:00,2.92616782601281,2.949766044387627,2.7845791909117774,2.8553736209869385,69340,0.0,0.0
2022-11-23 00:00:00-05:00,2.8553736454415457,2.9261678510737283,2.8081772082877023,2.831775426864624,37040,0.0,0.0
2022-11-25 00:00:00-05:00,2.8081773175580844,2.949766184430467,2.8081773175580844,2.9261679649353027,22500,0.0,0.0
2022-11-28 00:00:00-05:00,2.8789716415176967,3.091354933750124,2.8317754293713655,3.0205605030059814,121460,0.0,0.0
2022-11-29 00:00:00-05:00,3.0205605521596413,3.1857474098845358,2.949766120263459,3.16214919090271,97080,0.0,0.0
2022-11-30 00:00:00-05:00,3.1857472631947705,3.280139684677124,3.114952834558363,3.280139684677124,60220,0.0,0.0
2022-12-01 00:00:00-05:00,3.280139727776239,3.445326805114746,3.280139727776239,3.445326805114746,76580,0.0,0.0
2022-12-02 00:00:00-05:00,3.3745323391149755,3.4689247608184814,3.3509341211644563,3.4689247608184814,67020,0.0,0.0
2022-12-05 00:00:00-05:00,3.445326799140552,3.5161210035351123,3.2565417289733887,3.2565417289733887,104800,0.0,0.0
2022-12-06 00:00:00-05:00,3.3037379081744156,3.3226163925028978,2.9969622002626486,3.0913548469543457,116940,0.0,0.0
2022-12-07 00:00:00-05:00,3.067756742698297,3.716705284422937,2.9733643175580666,3.5633175373077393,606440,0.0,0.0
2022-12-08 00:00:00-05:00,3.610513776212333,3.681308208108515,3.091354984055823,3.16214919090271,120080,0.0,0.0
2022-12-09 00:00:00-05:00,3.11495304107666,3.398130549347393,3.044158607746652,3.11495304107666,89900,0.0,0.0
2022-12-12 00:00:00-05:00,3.114952977988354,3.2801398357132485,3.114952977988354,3.16214919090271,54800,0.0,0.0
2022-12-13 00:00:00-05:00,3.2565418814466858,3.4217287411836215,3.0677568024404884,3.1385512351989746,69200,0.0,0.0
2022-12-14 00:00:00-05:00,3.091354876970603,3.2801397220884794,3.091354876970603,3.2565417289733887,44100,0.0,0.0
2022-12-15 00:00:00-05:00,3.1857473232206264,3.256541753190943,3.1149528932503103,3.232943534851074,46440,0.0,0.0
2022-12-16 00:00:00-05:00,3.1385512605364294,3.280139902147146,3.0677568272064213,3.11495304107666,147940,0.0,0.0
2022-12-19 00:00:00-05:00,3.1385512605364294,3.1385512605364294,3.0677568272064213,3.11495304107666,54540,0.0,0.0
2022-12-20 00:00:00-05:00,3.0677568024404884,3.150350344833605,3.0677568024404884,3.1385512351989746,43720,0.0,0.0
2022-12-21 00:00:00-05:00,3.0913550217097496,3.1857474486881996,3.0441585831712272,3.1385512351989746,37380,0.0,0.0
2022-12-22 00:00:00-05:00,3.1857474098845358,3.1857474098845358,3.0205605521596413,3.16214919090271,132360,0.0,0.0
2022-12-23 00:00:00-05:00,3.1385510882500722,3.2565417289733887,3.091354876970603,3.2565417289733887,44260,0.0,0.0
2022-12-27 00:00:00-05:00,3.2565418163687725,3.2565418163687725,3.091354959932889,3.1857473850250244,45200,0.0,0.0
2022-12-28 00:00:00-05:00,3.1385510882500722,3.3037379402528577,3.1385510882500722,3.2565417289733887,70860,0.0,0.0
2022-12-29 00:00:00-05:00,3.2329436839820573,3.3273363366464372,3.1857474701745168,3.3037381172180176,148880,0.0,0.0
2022-12-30 00:00:00-05:00,3.232943597571092,3.3273362477125206,3.1621491662273438,3.1857473850250244,65720,0.0,0.0
2023-01-03 00:00:00-05:00,3.1857473605310958,3.350934215696924,3.1857473605310958,3.209345579147339,58800,0.0,0.0
2023-01-04 00:00:00-05:00,3.2329435622394973,3.4217286354099015,3.2329435622394973,3.398130416870117,72120,0.0,0.0
2023-01-05 00:00:00-05:00,3.421728526621528,3.492522954940796,3.327336105562027,3.492522954940796,72380,0.0,0.0
2023-01-06 00:00:00-05:00,3.516121034379404,3.5397192527507917,3.398130392621044,3.4217286109924316,48320,0.0,0.0
2023-01-09 00:00:00-05:00,3.421728698928305,3.5869155566253297,3.327336273115518,3.3509342670440674,63560,0.0,0.0
2023-01-10 00:00:00-05:00,3.32733628433351,3.53971935565297,3.32733628433351,3.5279202461242676,117000,0.0,0.0
2023-01-11 00:00:00-05:00,3.5633175021577017,3.8464947747850147,3.468924852899306,3.775700569152832,164540,0.0,0.0
2023-01-12 00:00:00-05:00,3.893691201434417,3.9880836253888687,3.7757005589667076,3.9644854068756104,96860,0.0,0.0
2023-01-13 00:00:00-05:00,3.9644854068756104,3.9644854068756104,3.7992987774799656,3.9644854068756104,48140,0.0,0.0
2023-01-17 00:00:00-05:00,3.8960511434066163,4.011681921242359,3.8464948385635322,3.9172894954681396,126280,0.0,0.0
2023-01-18 00:00:00-05:00,3.9408877395833932,3.988083727722369,3.870093082227041,3.893691301345825,65660,0.0,0.0
2023-01-19 00:00:00-05:00,3.8464947747850147,3.9408876490927014,3.7521023505759104,3.775700569152832,47520,0.0,0.0
2023-01-20 00:00:00-05:00,3.8700930575317347,4.082476128048377,3.7049061999022026,3.9172894954681396,227120,0.0,0.0
2023-01-23 00:00:00-05:00,3.9880837130395808,4.106074358100507,3.8464948489467514,4.0824761390686035,106200,0.0,0.0
2023-01-24 00:00:00-05:00,4.106074267856578,4.176868923396353,3.870092982921159,3.9644854068756104,144660,0.0,0.0
2023-01-25 00:00:00-05:00,3.8700930575317347,4.011681921242359,3.7992988507257173,3.9172894954681396,48680,0.0,0.0
2023-01-26 00:00:00-05:00,3.9644854068756104,4.047078946622723,3.893691201434417,3.9644854068756104,48860,0.0,0.0
2023-01-27 00:00:00-05:00,3.964485544454709,4.082476191017035,3.858294232607774,4.058878421783447,81820,0.0,0.0
2023-01-30 00:00:00-05:00,4.1060742842209335,4.200466708551577,4.011681859890291,4.153270721435547,66120,0.0,0.0
2023-01-31 00:00:00-05:00,4.1532707709684065,4.200466758647306,4.082476114302174,4.106074333190918,44080,0.0,0.0
2023-02-01 00:00:00-05:00,4.106074260150943,4.231144502967492,4.035280054842605,4.176868915557861,80160,0.0,0.0
2023-02-02 00:00:00-05:00,4.200466532776089,4.790419722778267,4.153270547635053,4.672429084777832,345320,0.0,0.0
2023-02-03 00:00:00-05:00,4.67242938857307,4.67242938857307,4.389252109019347,4.436448097229004,153520,0.0,0.0
2023-02-06 00:00:00-05:00,4.4364478394951945,4.4458873066479,4.271261215209961,4.271261215209961,68360,0.0,0.0
2023-02-07 00:00:00-05:00,4.318457427319821,4.483644510373,4.176869013386915,4.460046291351318,95040,0.0,0.0
2023-02-08 00:00:00-05:00,4.365653867254262,4.412850305318069,3.9644854940076772,4.0824761390686035,132960,0.0,0.0
2023-02-09 00:00:00-05:00,4.011681719791945,4.365653636244176,4.011681719791945,4.271261215209961,148420,0.0,0.0
2023-02-10 00:00:00-05:00,4.176868989857151,4.247663196424796,4.011681907734529,4.106074333190918,66940,0.0,0.0
2023-02-13 00:00:00-05:00,4.058878385078722,4.141471476846577,3.8464948631082567,3.893691301345825,62140,0.0,0.0
2023-02-14 00:00:00-05:00,3.8464949462360143,4.023480918303903,3.704906303611284,4.011682033538818,92420,0.0,0.0
2023-02-15 00:00:00-05:00,3.9408877998412875,4.082476216521756,3.9172895803616763,4.035280227661133,45860,0.0,0.0
2023-02-16 00:00:00-05:00,3.9408877752211215,4.10607441034922,3.9408877752211215,4.058878421783447,114120,0.0,0.0
2023-02-17 00:00:00-05:00,3.9644854583112914,3.988083677130715,3.8464948143127575,3.940887689590454,66560,0.0,0.0
2023-02-21 00:00:00-05:00,3.8700930331321817,4.0588783335889875,3.8228970455919207,3.940887689590454,70740,0.0,0.0
2023-02-22 00:00:00-05:00,3.8464948631082567,3.988083727722369,3.775700655850497,3.893691301345825,49320,0.0,0.0
2023-02-23 00:00:00-05:00,3.9172896051223316,4.058878472796363,3.870093165864787,4.011682033538818,82860,0.0,0.0
2023-02-24 00:00:00-05:00,3.9526865739508725,3.988083677130715,3.8464948143127575,3.940887689590454,43880,0.0,0.0
2023-02-27 00:00:00-05:00,3.988083641282984,4.200466708551577,3.9644854226756774,4.153270721435547,63340,0.0,0.0
2023-02-28 00:00:00-05:00,4.082476191017035,4.129672629681404,3.964485544454709,4.058878421783447,32880,0.0,0.0
2023-03-01 00:00:00-05:00,4.011681843902127,4.08247604934332,3.9408876384609335,3.9644854068756104,19160,0.0,0.0
2023-03-02 00:00:00-05:00,3.9880836649284905,4.176868964807675,3.846494802543748,4.129672527313232,58380,0.0,0.0
2023-03-03 00:00:00-05:00,4.153270721435547,4.294859582980803,4.082476065613627,4.153270721435547,62680,0.0,0.0
2023-03-06 00:00:00-05:00,4.129672681584078,4.200466890371793,3.988083813910046,4.011682033538818,63280,0.0,0.0
2023-03-07 00:00:00-05:00,4.011681819366857,4.03528003773579,3.846494740882908,3.988083600997925,37320,0.0,0.0
2023-03-08 00:00:00-05:00,3.9644853826289923,4.082476024375076,3.9644853826289923,3.988083600997925,25180,0.0,0.0
2023-03-09 00:00:00-05:00,3.988083813910046,4.035280253167591,3.9172896051223316,4.011682033538818,48960,0.0,0.0
2023-03-10 00:00:00-05:00,3.9880837534809266,3.9880837534809266,3.7992988995085,3.8700931072235107,82420,0.0,0.0
2023-03-13 00:00:00-04:00,3.79929885119076,3.846494839034352,3.53971934270594,3.7285044193267822,142020,0.0,0.0
2023-03-14 00:00:00-04:00,3.775700631757515,3.9172894954681396,3.728504418870405,3.9172894954681396,59960,0.0,0.0
2023-03-15 00:00:00-04:00,3.752102347778915,3.7757005663382452,3.5633174995014354,3.5869154930114746,117620,0.0,0.0
2023-03-16 00:00:00-04:00,3.5397192527507917,3.5397192527507917,3.303737969234072,3.4217286109924316,125720,0.0,0.0
2023-03-17 00:00:00-04:00,3.4217286737251458,3.4453268925291747,3.3060978966938506,3.374532461166382,81720,0.0,0.0
2023-03-20 00:00:00-04:00,3.374532461166382,3.5397193176467026,3.374532461166382,3.374532461166382,43380,0.0,0.0
2023-03-21 00:00:00-04:00,3.3981303320162093,3.4925229787690006,3.3745323391149755,3.4689247608184814,24840,0.0,0.0
2023-03-22 00:00:00-04:00,3.4689249113118574,3.68130820693256,3.4689249113118574,3.539719343185425,34420,0.0,0.0
2023-03-23 00:00:00-04:00,3.5633175373077393,3.634111743638265,3.5161210996883305,3.5633175373077393,14760,0.0,0.0
2023-03-24 00:00:00-04:00,3.4925230164760532,3.5397192278373604,3.4217285869094485,3.445326805114746,22640,0.0,0.0
2023-03-27 00:00:00-04:00,3.445326917386865,3.6223128845461363,3.445326917386865,3.539719343185425,19720,0.0,0.0
2023-03-28 00:00:00-04:00,3.5161211242111374,3.539719343185425,3.452406293059433,3.539719343185425,9900,0.0,0.0
2023-03-29 00:00:00-04:00,3.5161211490631104,3.5869155814370535,3.4689249358302474,3.5161211490631104,28040,0.0,0.0
2023-03-30 00:00:00-04:00,3.5161210385846355,3.6577098988837213,3.5161210385846355,3.610513687133789,43280,0.0,0.0
2023-03-31 00:00:00-04:00,3.610513749877854,3.6577099624479694,3.539719318498035,3.5633175373077393,42620,0.0,0.0
2023-04-03 00:00:00-04:00,3.5633175621597126,3.575116446597561,3.445326917386865,3.539719343185425,28660,0.0,0.0
2023-04-04 00:00:00-04:00,3.5161209716702344,3.5161209716702344,3.3981303320162093,3.4689247608184814,33260,0.0,0.0
2023-04-05 00:00:00-04:00,3.4217285499667285,3.5869154004725066,3.3509341211644563,3.4689247608184814,57820,0.0,0.0
2023-04-06 00:00:00-04:00,3.4453268925291747,3.4925231050879386,3.374532461166382,3.374532461166382,19980,0.0,0.0
2023-04-10 00:00:00-04:00,3.350934242362353,3.3981304549211173,3.350934242362353,3.374532461166382,12860,0.0,0.0
2023-04-11 00:00:00-04:00,3.3509341573428437,3.563317446042658,3.3037379459815366,3.445326805114746,80660,0.0,0.0
2023-04-12 00:00:00-04:00,3.445326917906149,3.492523130812543,3.3509342670440674,3.3509342670440674,19700,0.0,0.0
2023-04-13 00:00:00-04:00,3.3745324233796232,3.445326853949686,3.3509342048398385,3.398130416870117,28140,0.0,0.0
2023-04-14 00:00:00-04:00,3.374532550453978,3.421728764261518,3.3037381172180176,3.3037381172180176,23620,0.0,0.0
2023-04-17 00:00:00-04:00,3.303738054137674,3.398130479950461,3.232943622253436,3.3509342670440674,50420,0.0,0.0
2023-04-18 00:00:00-04:00,3.327336248607618,3.4335277831271602,3.327336248607618,3.374532461166382,40180,0.0,0.0
2023-04-19 00:00:00-04:00,3.327336273115518,3.360373509625346,3.2801398351598294,3.3509342670440674,12060,0.0,0.0
2023-04-20 00:00:00-04:00,3.303738054137674,3.421728698928305,3.303738054137674,3.3509342670440674,21180,0.0,0.0
2023-04-21 00:00:00-04:00,3.3509342048398385,3.5161210594704584,3.327336211349345,3.398130416870117,69460,0.0,0.0
2023-04-24 00:00:00-04:00,3.3981305034563043,3.6105138005781336,3.3981305034563043,3.5161211490631104,51300,0.0,0.0
2023-04-25 00:00:00-04:00,3.539719278010243,3.6577099206105843,3.3745324233796232,3.398130416870117,49060,0.0,0.0
2023-04-26 00:00:00-04:00,3.374532550453978,3.3768924174066797,3.3037381172180176,3.3037381172180176,29460,0.0,0.0
2023-04-27 00:00:00-04:00,3.303738029803589,3.374532461166382,3.303738029803589,3.374532461166382,23800,0.0,0.0
2023-04-28 00:00:00-04:00,3.3509342048398385,3.4217286354099015,3.3509342048398385,3.398130416870117,16680,0.0,0.0
2023-05-01 00:00:00-04:00,3.3745325247889206,3.4217287382375097,3.2801398728424456,3.327336311340332,32160,0.0,0.0
2023-05-02 00:00:00-04:00,3.2801397220884794,3.398130362811796,3.2565417289733887,3.2565417289733887,21720,0.0,0.0
2023-05-03 00:00:00-04:00,3.2093456746176017,3.232943668886537,2.7609810829162598,2.7609810829162598,210920,0.0,0.0
2023-05-04 00:00:00-04:00,2.7137848077112023,2.855373670307156,2.7137848077112023,2.8081772327423096,67960,0.0,0.0
2023-05-05 00:00:00-04:00,2.784579214760072,2.94976606965065,2.784579214760072,2.831775426864624,50040,0.0,0.0
2023-05-08 00:00:00-04:00,2.8789715647674767,2.926167775655609,2.784579142991213,2.890770673751831,54380,0.0,0.0
2023-05-09 00:00:00-04:00,2.8553736454415457,2.902569857546098,2.8081772082877023,2.831775426864624,33040,0.0,0.0
2023-05-10 00:00:00-04:00,2.9261677636354757,2.973364199379019,2.8789715529412168,2.9025697708129883,41120,0.0,0.0
2023-05-11 00:00:00-04:00,2.878971638969176,2.902569857546098,2.7373830026555197,2.831775426864624,60760,0.0,0.0
2023-05-12 00:00:00-04:00,2.8317753656070797,2.878971576690674,2.7845791545234855,2.878971576690674,64700,0.0,0.0
2023-05-15 00:00:00-04:00,2.85537358367352,2.949766005840708,2.7609809364570452,2.878971576690674,63740,0.0,0.0
2023-05-16 00:00:00-04:00,2.902569857546098,2.961565178939111,2.831775426864624,2.831775426864624,20340,0.0,0.0
2023-05-17 00:00:00-04:00,2.831775451524733,2.9261678765558403,2.737383026493626,2.8081772327423096,59320,0.0,0.0
2023-05-18 00:00:00-04:00,2.92616782601281,2.949766044387627,2.7373829792114335,2.8553736209869385,35400,0.0,0.0
2023-05-19 00:00:00-04:00,2.8317753584937164,2.8317753584937164,2.642990289584278,2.6901865005493164,80400,0.0,0.0
2023-05-22 00:00:00-04:00,2.713784760836617,2.8671725051250574,2.6429903307614557,2.8553736209869385,107200,0.0,0.0
2023-05-23 00:00:00-04:00,2.831775426864624,2.961565178939111,2.8081772082877023,2.831775426864624,113380,0.0,0.0
2023-05-24 00:00:00-04:00,2.8789717509942756,2.9261679649353027,2.7845793231122205,2.9261679649353027,48860,0.0,0.0
2023-05-25 00:00:00-04:00,2.8789716143124657,2.949766044387627,2.7609809725369607,2.8553736209869385,70320,0.0,0.0
2023-05-26 00:00:00-04:00,2.902569945522555,2.949766159057617,2.8553737319874926,2.949766159057617,45420,0.0,0.0
2023-05-30 00:00:00-04:00,2.9261678510737283,2.996962281755202,2.784579214760072,2.831775426864624,80280,0.0,0.0
2023-05-31 00:00:00-04:00,2.784579277038574,2.8789717033588125,2.784579277038574,2.784579277038574,50940,0.0,0.0
2023-06-01 00:00:00-04:00,2.8081771475406394,2.902569794757114,2.7845791545234855,2.878971576690674,54200,0.0,0.0
2023-06-02 00:00:00-04:00,2.878971576690674,2.9261677877742676,2.8317753656070797,2.878971576690674,35580,0.0,0.0
2023-06-05 00:00:00-04:00,2.878971519218216,3.020560374691768,2.5485978231789694,2.7373828887939453,311080,0.0,0.0
2023-06-06 00:00:00-04:00,2.7373830638784553,2.8317754901986936,2.713784844773748,2.784579277038574,357980,0.0,0.0
2023-06-07 00:00:00-04:00,2.831775426864624,2.831775426864624,2.725583893367059,2.831775426864624,76740,0.0,0.0
2023-06-08 00:00:00-04:00,2.831775426864624,2.878971638969176,2.772780105471611,2.831775426864624,64780,0.0,0.0
2023-06-09 00:00:00-04:00,2.8317753584937164,2.8317753584937164,2.548597867654202,2.6901865005493164,156900,0.0,0.0
2023-06-12 00:00:00-04:00,2.7845791909117774,2.8553736209869385,2.7373829792114335,2.8553736209869385,82120,0.0,0.0
2023-06-13 00:00:00-04:00,2.8081773175580844,2.9733644039256304,2.7845793231122205,2.9261679649353027,94800,0.0,0.0
2023-06-14 00:00:00-04:00,2.9261678765558403,2.996962307853817,2.760981020226756,2.8081772327423096,155860,0.0,0.0
2023-06-15 00:00:00-04:00,2.7845790989353687,2.831775309076792,2.595794033320393,2.7373828887939453,147820,0.0,0.0
2023-06-16 00:00:00-04:00,2.7845791475286785,2.8317753584937164,2.6901865005493164,2.6901865005493164,177620,0.0,0.0
2023-06-20 00:00:00-04:00,2.6901866256690403,2.8081772710939856,2.666588631613629,2.784579277038574,92020,0.0,0.0
2023-06-21 00:00:00-04:00,2.7845791230207473,2.8317753335703975,2.6783875930217143,2.713784694671631,158520,0.0,0.0
2023-06-22 00:00:00-04:00,2.713784784078598,2.831775426864624,2.713784784078598,2.831775426864624,53240,0.0,0.0
2023-06-23 00:00:00-04:00,2.8081771475406394,2.878971576690674,2.749181827423825,2.878971576690674,55620,0.0,0.0
2023-06-26 00:00:00-04:00,2.831775451524733,2.8789716640402867,2.760981020226756,2.8081772327423096,40480,0.0,0.0
2023-06-27 00:00:00-04:00,2.8081772082877023,2.878971638969176,2.8081772082877023,2.831775426864624,28400,0.0,0.0
2023-06-28 00:00:00-04:00,2.831775537053248,2.949766184430467,2.8081773175580844,2.9261679649353027,34320,0.0,0.0
2023-06-29 00:00:00-04:00,2.926167877561363,2.996962308883667,2.855373671288352,2.996962308883667,42100,0.0,0.0
2023-06-30 00:00:00-04:00,3.044158607746652,3.1739483646767837,2.996962393876413,3.11495304107666,159260,0.0,0.0
2023-07-03 00:00:00-04:00,3.16214919090271,3.2093456288663615,3.1385511969701794,3.16214919090271,33880,0.0,0.0
2023-07-05 00:00:00-04:00,3.162149229418938,3.1857474486881996,3.1149530159297134,3.1385512351989746,63440,0.0,0.0
2023-07-06 00:00:00-04:00,3.138551111590179,3.3249763163174144,3.091354899959731,3.232943534851074,215020,0.0,0.0
2023-07-07 00:00:00-04:00,3.232943534851074,3.327336183161259,3.1739482140506925,3.232943534851074,118240,0.0,0.0
2023-07-10 00:00:00-04:00,3.280139746481522,3.280139746481522,3.1857473232206264,3.232943534851074,45500,0.0,0.0
2023-07-11 00:00:00-04:00,3.256541691831178,3.280139684677124,3.16214904529954,3.280139684677124,28460,0.0,0.0
2023-07-12 00:00:00-04:00,3.3037379402528577,3.3273361584172356,3.2093455176939196,3.2565417289733887,71740,0.0,0.0
2023-07-13 00:00:00-04:00,3.2801397742697755,3.4217286354099015,3.256541780779282,3.398130416870117,153500,0.0,0.0
2023-07-14 00:00:00-04:00,3.398130442537261,3.468924873642057,3.3509342301504947,3.386331558227539,80440,0.0,0.0
2023-07-17 00:00:00-04:00,3.4689247982707556,3.4689247982707556,3.3957707269230513,3.445326805114746,48580,0.0,0.0
2023-07-18 00:00:00-04:00,3.4453268925291747,3.4689248862839097,3.327336248607618,3.374532461166382,48820,0.0,0.0
2023-07-19 00:00:00-04:00,3.4689248862839097,3.4689248862839097,3.350934242362353,3.374532461166382,43640,0.0,0.0
2023-07-20 00:00:00-04:00,3.3509343310255577,3.374532550453978,3.2801398977895975,3.3037381172180176,57220,0.0,0.0
2023-07-21 00:00:00-04:00,3.256541903410477,3.339135221311348,3.1149530369385565,3.3037381172180176,59680,0.0,0.0
2023-07-24 00:00:00-04:00,3.209345689602937,3.372172683501276,3.209345689602937,3.3037381172180176,29400,0.0,0.0
2023-07-25 00:00:00-04:00,3.2801398351598294,3.3745324860219115,3.2801398351598294,3.3509342670440674,11540,0.0,0.0
2023-07-26 00:00:00-04:00,3.3037381172180176,3.360373573787066,3.3037381172180176,3.3037381172180176,35420,0.0,0.0
2023-07-27 00:00:00-04:00,3.3037381172180176,3.339135221311348,3.2329436839820573,3.3037381172180176,116860,0.0,0.0
2023-07-28 00:00:00-04:00,3.3273363366464372,3.492523197497478,3.2801398977895975,3.3037381172180176,149420,0.0,0.0
2023-07-31 00:00:00-04:00,3.256541903410477,3.3768924174066797,3.256541903410477,3.3037381172180176,113500,0.0,0.0
2023-08-01 00:00:00-04:00,3.374532486591256,3.4335278089965255,3.16214919090271,3.16214919090271,124900,0.0,0.0
2023-08-02 00:00:00-04:00,2.9497660953382634,2.9497660953382634,2.6901865889287793,2.8081772327423096,230340,0.0,0.0
2023-08-03 00:00:00-04:00,2.7609809052212806,2.855373551369864,2.690186476872164,2.713784694671631,109580,0.0,0.0
2023-08-04 00:00:00-04:00,2.8081772965034277,2.8317755158216613,2.713784869329092,2.7609810829162598,101620,0.0,0.0
2023-08-07 00:00:00-04:00,2.760980881340016,2.831775309076792,2.7255837799962688,2.7373828887939453,49140,0.0,0.0
2023-08-08 00:00:00-04:00,2.7373830638784553,2.784579277038574,2.6901866256690403,2.784579277038574,212240,0.0,0.0
2023-08-09 00:00:00-04:00,2.7137846711985927,2.831775309076792,2.666588461057169,2.7373828887939453,216680,0.0,0.0
2023-08-10 00:00:00-04:00,2.737383026493626,2.8081772327423096,2.7137848077112023,2.8081772327423096,38380,0.0,0.0
2023-08-11 00:00:00-04:00,2.7845790989353687,2.7869389657047603,2.7137846711985927,2.7373828887939453,25500,0.0,0.0
2023-08-14 00:00:00-04:00,2.7373828887939453,2.744462264052838,2.666588461057169,2.7373828887939453,54440,0.0,0.0
2023-08-15 00:00:00-04:00,2.7137847185564783,2.73738293656364,2.642990289584278,2.6901865005493164,25220,0.0,0.0
2023-08-16 00:00:00-04:00,2.6901865381331382,2.6901865381331382,2.5957941148843324,2.666588544845581,92700,0.0,0.0
2023-08-17 00:00:00-04:00,2.666588659118046,2.7137848727649683,2.52499979312798,2.5721960067749023,174140,0.0,0.0
2023-08-18 00:00:00-04:00,2.5249997685901606,2.6429904140854887,2.5249997685901606,2.595794200897217,64000,0.0,0.0
2023-08-21 00:00:00-04:00,2.595794226123013,2.6901866534168577,2.5721960067749023,2.5721960067749023,57720,0.0,0.0
2023-08-22 00:00:00-04:00,2.59579407861924,2.7137847185564783,2.52499964964704,2.6901865005493164,87480,0.0,0.0
2023-08-23 00:00:00-04:00,2.642990289584278,2.7845791475286785,2.642990289584278,2.6901865005493164,64840,0.0,0.0
2023-08-24 00:00:00-04:00,2.7137847813331195,2.737382999886167,2.61939235721951,2.6429903507232666,46780,0.0,0.0
2023-08-25 00:00:00-04:00,2.6429904140854887,2.666588633204273,2.548597987708945,2.595794200897217,100640,0.0,0.0
2023-08-28 00:00:00-04:00,2.572195957232352,2.666588607757417,2.572195957232352,2.6193923950195312,31440,0.0,0.0
2023-08-29 00:00:00-04:00,2.6193922509157455,2.7373828887939453,2.595794033320393,2.7373828887939453,26420,0.0,0.0
2023-08-30 00:00:00-04:00,2.6901865005493164,2.760980929521516,2.642990289584278,2.6901865005493164,62160,0.0,0.0
2023-08-31 00:00:00-04:00,2.690186476872164,2.7845791230207473,2.666588484121981,2.713784694671631,28540,0.0,0.0
2023-09-01 00:00:00-04:00,2.7137848077112023,2.831775451524733,2.7137848077112023,2.8081772327423096,47440,0.0,0.0
2023-09-05 00:00:00-04:00,2.8081771157709303,2.9285276214595006,2.690186476872164,2.713784694671631,253580,0.0,0.0
2023-09-06 00:00:00-04:00,2.6901866534168577,2.7137848727649683,2.52499979312798,2.5721960067749023,102080,0.0,0.0
2023-09-07 00:00:00-04:00,2.619392296626402,2.6901865005493164,2.52499964964704,2.6901865005493164,66420,0.0,0.0
2023-09-08 00:00:00-04:00,2.6429903265087353,2.7373829748068297,2.5721958965474867,2.666588544845581,47240,0.0,0.0
2023-09-11 00:00:00-04:00,2.6429903265087353,2.6901865381331382,2.6193923332211786,2.666588544845581,41040,0.0,0.0
2023-09-12 00:00:00-04:00,2.619392420016001,2.666588633204273,2.595794200897217,2.595794200897217,27120,0.0,0.0
2023-09-13 00:00:00-04:00,2.619392420016001,2.654789523644881,2.5249997685901606,2.595794200897217,58080,0.0,0.0
2023-09-14 00:00:00-04:00,2.595794226123013,2.666588659118046,2.52499979312798,2.5721960067749023,56920,0.0,0.0
2023-09-15 00:00:00-04:00,2.666588607757417,2.772780142679983,2.6193923950195312,2.6193923950195312,176620,0.0,0.0
2023-09-18 00:00:00-04:00,2.6193924454711235,2.6429904397699353,2.5485980124760905,2.5721960067749023,63280,0.0,0.0
2023-09-19 00:00:00-04:00,2.5485980124760905,2.5721960067749023,2.52499979312798,2.5721960067749023,33580,0.0,0.0
2023-09-20 00:00:00-04:00,2.5721958289136904,2.59579404663004,2.5249996185302734,2.5249996185302734,48620,0.0,0.0
2023-09-21 00:00:00-04:00,2.5014017505055564,2.524999744348488,2.3834111061430168,2.430607318878174,62800,0.0,0.0
2023-09-22 00:00:00-04:00,2.4542053379767004,2.548597989467679,2.4070091247558594,2.4070091247558594,73620,0.0,0.0
2023-09-25 00:00:00-04:00,2.4306073830330046,2.4306073830330046,2.3362147300219434,2.383411169052124,121880,0.0,0.0
2023-09-26 00:00:00-04:00,2.4070091764038,2.430607396045223,2.31261674793671,2.371612071990967,57260,0.0,0.0
2023-09-27 00:00:00-04:00,2.3834109538960546,2.4306071636164233,2.241822099685669,2.3598127365112305,399800,0.0,0.0
2023-09-28 00:00:00-04:00,2.336214609044267,2.524999680241113,2.336214609044267,2.4778034687042236,61240,0.0,0.0
2023-09-29 00:00:00-04:00,2.501401686997313,2.501401686997313,2.4306072571673343,2.4778034687042236,50900,0.0,0.0
2023-10-02 00:00:00-04:00,2.430607318878174,2.454205312721105,2.3834111061430168,2.430607318878174,30680,0.0,0.0
2023-10-03 00:00:00-04:00,2.383411015918834,2.383411015918834,2.3126165869713793,2.314976453781128,27200,0.0,0.0
2023-10-04 00:00:00-04:00,2.336214592030552,2.3598128101517846,2.2418221696441956,2.3031773567199707,39100,0.0,0.0
2023-10-05 00:00:00-04:00,2.2890184815542676,2.2890184815542676,2.1969859219404557,2.2253036499023438,39640,0.0,0.0
2023-10-06 00:00:00-04:00,2.241822131180489,2.5249996185302734,2.241822131180489,2.5249996185302734,84880,0.0,0.0
2023-10-09 00:00:00-04:00,2.454205250411135,2.524999680241113,2.383411045630445,2.4778034687042236,44780,0.0,0.0
2023-10-10 00:00:00-04:00,2.501401602706097,2.5957940225990788,2.430607175261721,2.548597812652588,95600,0.0,0.0
2023-10-11 00:00:00-04:00,2.548597812652588,2.5721958051011926,2.501401602706097,2.548597812652588,28540,0.0,0.0
2023-10-12 00:00:00-04:00,2.5721958917780023,2.737382969731048,2.4778034687042236,2.4778034687042236,55180,0.0,0.0
2023-10-13 00:00:00-04:00,2.4778033852082113,2.548597812652588,2.3574528810576996,2.548597812652588,64000,0.0,0.0
2023-10-16 00:00:00-04:00,2.524999595154702,2.6193922400969645,2.524999595154702,2.548597812652588,32060,0.0,0.0
2023-10-17 00:00:00-04:00,2.5249997444944663,2.6193923950195312,2.5249997444944663,2.6193923950195312,25860,0.0,0.0
2023-10-18 00:00:00-04:00,2.595794226123013,2.6429904397699353,2.5485980124760905,2.5721960067749023,26240,0.0,0.0
2023-10-19 00:00:00-04:00,2.5721959570836446,2.619392394868096,2.430607318878174,2.430607318878174,39560,0.0,0.0
2023-10-20 00:00:00-04:00,2.4306073438909284,2.513200660765076,2.4070091247558594,2.4070091247558594,31580,0.0,0.0
2023-10-23 00:00:00-04:00,2.4070090625801974,2.524999705109122,2.383411069103987,2.454205274581909,47060,0.0,0.0
2023-10-24 00:00:00-04:00,2.477803531613331,2.524999744348488,2.430607318878174,2.430607318878174,17140,0.0,0.0
2023-10-25 00:00:00-04:00,2.4070091247558594,2.4542053379767004,2.3126166983141774,2.4070091247558594,55320,0.0,0.0
2023-10-26 00:00:00-04:00,2.4306072571673343,2.4778034687042236,2.4306072571673343,2.4778034687042236,52920,0.0,0.0
2023-10-27 00:00:00-04:00,2.5249996185302734,2.5721958289136904,2.4542051904305064,2.5249996185302734,109840,0.0,0.0
2023-10-30 00:00:00-04:00,2.642990289584278,2.7845791475286785,2.59579407861924,2.6901865005493164,137720,0.0,0.0
2023-10-31 00:00:00-04:00,2.7137848204953023,2.7373830393888925,2.548597963388056,2.6193923950195312,126220,0.0,0.0
2023-11-01 00:00:00-04:00,2.595794138666462,2.6429903507232666,2.4778034959998045,2.6429903507232666,164660,0.0,0.0
2023-11-02 00:00:00-04:00,2.454205274581909,2.666588566163547,2.4070090625801974,2.454205274581909,183220,0.0,0.0
2023-11-03 00:00:00-04:00,2.5014016258632066,2.59579404663004,2.3834109873800227,2.5249996185302734,93740,0.0,0.0
2023-11-06 00:00:00-05:00,2.4306071977634396,2.5721958289136904,2.336214551947323,2.5249996185302734,77040,0.0,0.0
2023-11-07 00:00:00-05:00,2.524999680241113,2.548597898534202,2.383411045630445,2.4778034687042236,51920,0.0,0.0
2023-11-08 00:00:00-05:00,2.5014017505055564,2.5014017505055564,2.3598128872507913,2.430607318878174,91160,0.0,0.0
2023-11-09 00:00:00-05:00,2.4542053379767004,2.466004447544235,2.3598129115350184,2.4070091247558594,76880,0.0,0.0
2023-11-10 00:00:00-05:00,2.4070090999859484,2.454205312721105,2.3834111061430168,2.430607318878174,75660,0.0,0.0
2023-11-13 00:00:00-05:00,2.4070089800470895,2.5249996185302734,2.3834109873800227,2.5249996185302734,119180,0.0,0.0
2023-11-14 00:00:00-05:00,2.8499999046325684,3.299999952316284,2.805000066757202,3.190000057220459,1177920,2.825,0.0
2023-11-15 00:00:00-05:00,3.4049999713897705,3.5,3.190000057220459,3.25,250620,0.0,0.0
2023-11-16 00:00:00-05:00,3.319999933242798,3.319999933242798,2.940000057220459,3.009999990463257,176700,0.0,0.0
2023-11-17 00:00:00-05:00,3.0,3.0,2.6459999084472656,2.809999942779541,351200,0.0,0.2
2023-11-20 00:00:00-05:00,2.8399999141693115,2.890000104904175,2.7300000190734863,2.799999952316284,247800,0.0,0.0
2023-11-21 00:00:00-05:00,2.759999990463257,2.759999990463257,2.6500000953674316,2.690000057220459,103900,0.0,0.0
2023-11-22 00:00:00-05:00,2.7100000381469727,2.7249999046325684,2.5399999618530273,2.6700000762939453,202700,0.0,0.0
2023-11-24 00:00:00-05:00,2.7200000286102295,2.740000009536743,2.6600000858306885,2.740000009536743,50800,0.0,0.0
2023-11-27 00:00:00-05:00,2.7300000190734863,2.7820000648498535,2.6600000858306885,2.744999885559082,47400,0.0,0.0
2023-11-28 00:00:00-05:00,2.740000009536743,2.742000102996826,2.575000047683716,2.640000104904175,96000,0.0,0.0
2023-11-29 00:00:00-05:00,2.690000057220459,2.690000057220459,2.4800000190734863,2.509999990463257,134200,0.0,0.0
2023-11-30 00:00:00-05:00,2.549999952316284,2.549999952316284,2.3399999141693115,2.3499999046325684,108000,0.0,0.0
2023-12-01 00:00:00-05:00,2.369999885559082,2.4800000190734863,2.319999933242798,2.3499999046325684,214200,0.0,0.0
2023-12-04 00:00:00-05:00,2.3499999046325684,2.440000057220459,2.3499999046325684,2.359999895095825,354300,0.0,0.0
2023-12-05 00:00:00-05:00,2.3499999046325684,2.36299991607666,2.259999990463257,2.2799999713897705,98100,0.0,0.0
2023-12-06 00:00:00-05:00,2.2799999713897705,2.450000047683716,2.2699999809265137,2.380000114440918,553000,0.0,0.0
2023-12-07 00:00:00-05:00,2.380000114440918,2.380000114440918,2.3299999237060547,2.359999895095825,71100,0.0,0.0
2023-12-08 00:00:00-05:00,2.369999885559082,2.5399999618530273,2.3289999961853027,2.5299999713897705,450600,0.0,0.0
2023-12-11 00:00:00-05:00,2.5399999618530273,2.609999895095825,2.4200000762939453,2.609999895095825,132400,0.0,0.0
2023-12-12 00:00:00-05:00,2.609999895095825,2.609999895095825,2.4700000286102295,2.4800000190734863,94100,0.0,0.0
2023-12-13 00:00:00-05:00,2.4800000190734863,2.5399999618530273,2.390000104904175,2.490000009536743,67300,0.0,0.0
2023-12-14 00:00:00-05:00,2.4100000858306885,2.5,2.4100000858306885,2.440000057220459,131100,0.0,0.0
2023-12-15 00:00:00-05:00,2.440000057220459,2.4700000286102295,2.3499999046325684,2.430000066757202,118900,0.0,0.0
2023-12-18 00:00:00-05:00,2.4100000858306885,2.440000057220459,2.3399999141693115,2.4000000953674316,105000,0.0,0.0
2023-12-19 00:00:00-05:00,2.4200000762939453,2.565000057220459,2.4200000762939453,2.5299999713897705,249600,0.0,0.0
2023-12-20 00:00:00-05:00,2.490000009536743,2.5299999713897705,2.359999895095825,2.369999885559082,226400,0.0,0.0
2023-12-21 00:00:00-05:00,2.380000114440918,2.4200000762939453,2.3499999046325684,2.4100000858306885,115600,0.0,0.0
2023-12-22 00:00:00-05:00,2.380000114440918,2.5799999237060547,2.359999895095825,2.440000057220459,246000,0.0,0.0
2023-12-26 00:00:00-05:00,2.4600000381469727,2.5799999237060547,2.4100000858306885,2.5450000762939453,109400,0.0,0.0
2023-12-27 00:00:00-05:00,2.509999990463257,2.569999933242798,2.4619998931884766,2.509999990463257,107900,0.0,0.0
2023-12-28 00:00:00-05:00,2.5299999713897705,2.569999933242798,2.5,2.5199999809265137,76400,0.0,0.0
2023-12-29 00:00:00-05:00,2.559999942779541,2.559999942779541,2.4100000858306885,2.440000057220459,132300,0.0,0.0
2024-01-02 00:00:00-05:00,2.4700000286102295,2.5,2.380000114440918,2.440000057220459,111900,0.0,0.0
2024-01-03 00:00:00-05:00,2.4000000953674316,2.4200000762939453,2.378999948501587,2.4000000953674316,25400,0.0,0.0
2024-01-04 00:00:00-05:00,2.3499999046325684,2.5,2.3499999046325684,2.4600000381469727,79500,0.0,0.0
2024-01-05 00:00:00-05:00,2.4600000381469727,2.5,2.4000000953674316,2.430000066757202,53600,0.0,0.0
2024-01-08 00:00:00-05:00,2.430000066757202,2.559999942779541,2.430000066757202,2.5199999809265137,77400,0.0,0.0
2024-01-09 00:00:00-05:00,2.549999952316284,2.680000066757202,2.490000009536743,2.5999999046325684,190500,0.0,0.0
2024-01-10 00:00:00-05:00,2.630000114440918,2.700000047683716,2.5199999809265137,2.569999933242798,73200,0.0,0.0
2024-01-11 00:00:00-05:00,2.609999895095825,2.6500000953674316,2.450000047683716,2.5,134400,0.0,0.0
2024-01-12 00:00:00-05:00,2.5,2.5299999713897705,2.390000104904175,2.390000104904175,50100,0.0,0.0
2024-01-16 00:00:00-05:00,2.4100000858306885,2.490000009536743,2.4100000858306885,2.490000009536743,85300,0.0,0.0
2024-01-17 00:00:00-05:00,2.430000066757202,2.490000009536743,2.4200000762939453,2.490000009536743,50600,0.0,0.0
2024-01-18 00:00:00-05:00,2.5399999618530273,2.5399999618530273,2.440999984741211,2.450000047683716,59600,0.0,0.0
2024-01-19 00:00:00-05:00,2.4600000381469727,2.5,2.390000104904175,2.4700000286102295,91100,0.0,0.0
2024-01-22 00:00:00-05:00,2.450000047683716,2.5,2.3299999237060547,2.4800000190734863,129900,0.0,0.0
2024-01-23 00:00:00-05:00,2.4600000381469727,2.4800000190734863,2.4000000953674316,2.450000047683716,71000,0.0,0.0
2024-01-24 00:00:00-05:00,2.430000066757202,2.4790000915527344,2.4200000762939453,2.450000047683716,26200,0.0,0.0
2024-01-25 00:00:00-05:00,2.450000047683716,2.4600000381469727,2.438999891281128,2.450000047683716,19300,0.0,0.0
2024-01-26 00:00:00-05:00,2.450000047683716,2.4600000381469727,2.430000066757202,2.450000047683716,30900,0.0,0.0
2024-01-29 00:00:00-05:00,2.440000057220459,2.5,2.430000066757202,2.450000047683716,25300,0.0,0.0
2024-01-30 00:00:00-05:00,2.4100000858306885,2.799999952316284,2.4100000858306885,2.559999942779541,219800,0.0,0.0
2024-01-31 00:00:00-05:00,2.549999952316284,2.569999933242798,2.450000047683716,2.5,78300,0.0,0.0
2024-02-01 00:00:00-05:00,2.450000047683716,2.759999990463257,2.450000047683716,2.490000009536743,139000,0.0,0.0
2024-02-02 00:00:00-05:00,2.4700000286102295,2.5299999713897705,2.4700000286102295,2.5,50200,0.0,0.0
2024-02-05 00:00:00-05:00,2.490000009536743,2.640000104904175,2.490000009536743,2.5299999713897705,181000,0.0,0.0
2024-02-06 00:00:00-05:00,2.5,2.700000047683716,2.490000009536743,2.5299999713897705,303500,0.0,0.0
2024-02-07 00:00:00-05:00,2.5299999713897705,2.799999952316284,2.440000057220459,2.450000047683716,166900,0.0,0.0
2024-02-08 00:00:00-05:00,2.4800000190734863,2.559999942779541,2.450000047683716,2.4700000286102295,45800,0.0,0.0
2024-02-09 00:00:00-05:00,2.450000047683716,2.5,2.4200000762939453,2.4700000286102295,65400,0.0,0.0
2024-02-12 00:00:00-05:00,2.450000047683716,2.509999990463257,2.430000066757202,2.4700000286102295,137300,0.0,0.0
2024-02-13 00:00:00-05:00,2.450000047683716,2.5799999237060547,2.450000047683716,2.5799999237060547,125300,0.0,0.0
2024-02-14 00:00:00-05:00,2.5799999237060547,2.5799999237060547,2.5199999809265137,2.549999952316284,35300,0.0,0.0
2024-02-15 00:00:00-05:00,2.5299999713897705,2.549999952316284,2.4600000381469727,2.4600000381469727,63300,0.0,0.0
2024-02-16 00:00:00-05:00,2.450000047683716,2.700000047683716,2.3299999237060547,2.6600000858306885,293800,0.0,0.0
2024-02-20 00:00:00-05:00,2.609999895095825,2.6689999103546143,2.509999990463257,2.549999952316284,140900,0.0,0.0
2024-02-21 00:00:00-05:00,2.5399999618530273,2.5799999237060547,2.4800000190734863,2.559999942779541,33800,0.0,0.0
2024-02-22 00:00:00-05:00,2.5199999809265137,2.700000047683716,2.5199999809265137,2.5399999618530273,57600,0.0,0.0
2024-02-23 00:00:00-05:00,2.5199999809265137,2.559999942779541,2.509999990463257,2.509999990463257,16900,0.0,0.0
2024-02-26 00:00:00-05:00,2.509999990463257,2.5299999713897705,2.494999885559082,2.5299999713897705,64300,0.0,0.0
2024-02-27 00:00:00-05:00,2.5299999713897705,2.700000047683716,2.509999990463257,2.609999895095825,110600,0.0,0.0
2024-02-28 00:00:00-05:00,2.5899999141693115,2.640000104904175,2.555999994277954,2.5999999046325684,22400,0.0,0.0
2024-02-29 00:00:00-05:00,2.5899999141693115,2.5999999046325684,2.509999990463257,2.5199999809265137,50200,0.0,0.0
2024-03-01 00:00:00-05:00,2.509999990463257,2.569999933242798,2.5,2.569999933242798,62100,0.0,0.0
2024-03-04 00:00:00-05:00,2.569999933242798,2.5999999046325684,2.503999948501587,2.559999942779541,31500,0.0,0.0
2024-03-05 00:00:00-05:00,2.5399999618530273,2.640000104904175,2.509999990463257,2.630000114440918,143100,0.0,0.0
2024-03-06 00:00:00-05:00,2.609999895095825,2.609999895095825,2.549999952316284,2.5799999237060547,76200,0.0,0.0
2024-03-07 00:00:00-05:00,2.569999933242798,2.569999933242798,2.5399999618530273,2.549999952316284,35100,0.0,0.0
2024-03-08 00:00:00-05:00,2.5399999618530273,2.5899999141693115,2.5199999809265137,2.5199999809265137,18500,0.0,0.0
2024-03-11 00:00:00-04:00,2.509999990463257,2.559999942779541,2.509999990463257,2.559999942779541,33000,0.0,0.0
2024-03-12 00:00:00-04:00,2.5399999618530273,2.559999942779541,2.5299999713897705,2.549999952316284,9500,0.0,0.0
2024-03-13 00:00:00-04:00,2.5399999618530273,2.559999942779541,2.5199999809265137,2.559999942779541,45000,0.0,0.0
2024-03-14 00:00:00-04:00,2.549999952316284,2.559999942779541,2.5199999809265137,2.559999942779541,24800,0.0,0.0
2024-03-15 00:00:00-04:00,2.5199999809265137,2.5899999141693115,2.5,2.5899999141693115,52100,0.0,0.0
2024-03-18 00:00:00-04:00,2.549999952316284,2.630000114440918,2.549999952316284,2.609999895095825,107200,0.0,0.0
2024-03-19 00:00:00-04:00,2.549999952316284,2.619999885559082,2.5299999713897705,2.5999999046325684,109200,0.0,0.0
2024-03-20 00:00:00-04:00,2.569999933242798,2.5899999141693115,2.509999990463257,2.549999952316284,28600,0.0,0.0
2024-03-21 00:00:00-04:00,2.549999952316284,2.5899999141693115,2.549999952316284,2.5799999237060547,11100,0.0,0.0
2024-03-22 00:00:00-04:00,2.549999952316284,2.619999885559082,2.549999952316284,2.5999999046325684,33000,0.0,0.0
2024-03-25 00:00:00-04:00,2.5999999046325684,2.609999895095825,2.5399999618530273,2.569999933242798,18500,0.0,0.0
2024-03-26 00:00:00-04:00,2.569999933242798,2.799999952316284,2.5399999618530273,2.6500000953674316,107400,0.0,0.0
2024-03-27 00:00:00-04:00,2.640000104904175,2.7279999256134033,2.609999895095825,2.7100000381469727,15300,0.0,0.0
2024-03-28 00:00:00-04:00,2.7100000381469727,2.7899999618530273,2.7100000381469727,2.7699999809265137,38300,0.0,0.0
2024-04-01 00:00:00-04:00,2.7699999809265137,3.0880000591278076,2.765000104904175,3.0199999809265137,151700,0.0,0.0
2024-04-02 00:00:00-04:00,2.880000114440918,2.880000114440918,2.6600000858306885,2.7300000190734863,47100,0.0,0.0
2024-04-03 00:00:00-04:00,2.740000009536743,2.9700000286102295,2.7300000190734863,2.809999942779541,37300,0.0,0.0
2024-04-04 00:00:00-04:00,2.7699999809265137,2.9700000286102295,2.7309999465942383,2.799999952316284,19600,0.0,0.0
2024-04-05 00:00:00-04:00,2.7200000286102295,2.8299999237060547,2.7200000286102295,2.7200000286102295,29400,0.0,0.0
2024-04-08 00:00:00-04:00,2.700000047683716,3.2899999618530273,2.700000047683716,2.9100000858306885,127900,0.0,0.0
2024-04-09 00:00:00-04:00,2.9700000286102295,2.9700000286102295,2.7699999809265137,2.7799999713897705,42100,0.0,0.0
2024-04-10 00:00:00-04:00,2.740000009536743,2.890000104904175,2.734999895095825,2.7899999618530273,24600,0.0,0.0
2024-04-11 00:00:00-04:00,2.7699999809265137,2.819999933242798,2.7100000381469727,2.7300000190734863,13100,0.0,0.0
2024-04-12 00:00:00-04:00,2.700000047683716,2.8550000190734863,2.700000047683716,2.7799999713897705,58700,0.0,0.0
2024-04-15 00:00:00-04:00,2.759999990463257,2.7699999809265137,2.5799999237060547,2.5999999046325684,22700,0.0,0.0
2024-04-16 00:00:00-04:00,2.5999999046325684,2.7639999389648438,2.5299999713897705,2.549999952316284,28400,0.0,0.0
2024-04-17 00:00:00-04:00,2.559999942779541,2.5859999656677246,2.509999990463257,2.549999952316284,21900,0.0,0.0
2024-04-18 00:00:00-04:00,2.509999990463257,2.5899999141693115,2.5,2.569999933242798,21200,0.0,0.0
2024-04-19 00:00:00-04:00,2.5399999618530273,2.5999999046325684,2.5,2.569999933242798,14300,0.0,0.0
2024-04-22 00:00:00-04:00,2.569999933242798,2.700000047683716,2.5,2.569999933242798,98600,0.0,0.0
2024-04-23 00:00:00-04:00,2.5980000495910645,2.630000114440918,2.549999952316284,2.5899999141693115,15500,0.0,0.0
2024-04-24 00:00:00-04:00,2.549999952316284,2.5899999141693115,2.5199999809265137,2.549999952316284,392500,0.0,0.0
2024-04-25 00:00:00-04:00,2.5,2.569999933242798,2.4800000190734863,2.549999952316284,21400,0.0,0.0
2024-04-26 00:00:00-04:00,2.5399999618530273,2.6500000953674316,2.5,2.549999952316284,47600,0.0,0.0
2024-04-29 00:00:00-04:00,2.549999952316284,2.5899999141693115,2.5169999599456787,2.549999952316284,55500,0.0,0.0
2024-04-30 00:00:00-04:00,2.559999942779541,2.5799999237060547,2.549999952316284,2.559999942779541,22700,0.0,0.0
2024-05-01 00:00:00-04:00,2.509999990463257,2.569999933242798,2.4800000190734863,2.509999990463257,28500,0.0,0.0
2024-05-02 00:00:00-04:00,2.4600000381469727,2.5199999809265137,2.4600000381469727,2.509999990463257,61000,0.0,0.0
2024-05-03 00:00:00-04:00,2.5299999713897705,2.5299999713897705,2.4000000953674316,2.4100000858306885,72400,0.0,0.0
2024-05-06 00:00:00-04:00,2.4000000953674316,2.4800000190734863,2.3399999141693115,2.4800000190734863,96000,0.0,0.0
2024-05-07 00:00:00-04:00,2.509999990463257,2.509999990463257,2.369999885559082,2.490000009536743,73600,0.0,0.0
2024-05-08 00:00:00-04:00,2.490000009536743,2.490000009536743,2.359999895095825,2.359999895095825,278600,0.0,0.0
2024-05-09 00:00:00-04:00,2.359999895095825,2.390000104904175,2.259999990463257,2.259999990463257,56700,0.0,0.0
2024-05-10 00:00:00-04:00,2.299999952316284,2.3480000495910645,2.130000114440918,2.130000114440918,85700,0.0,0.0
2024-05-13 00:00:00-04:00,2.1500000953674316,2.2799999713897705,2.0999999046325684,2.130000114440918,83900,0.0,0.0
2024-05-14 00:00:00-04:00,2.140000104904175,2.25600004196167,2.0999999046325684,2.0999999046325684,61700,0.0,0.0
2024-05-15 00:00:00-04:00,2.0999999046325684,2.1410000324249268,2.0999999046325684,2.109999895095825,55200,0.0,0.0
2024-05-16 00:00:00-04:00,2.1500000953674316,2.193000078201294,2.0399999618530273,2.140000104904175,112500,0.0,0.0
2024-05-17 00:00:00-04:00,2.180000066757202,2.190000057220459,2.140000104904175,2.190000057220459,47000,0.0,0.0
2024-05-20 00:00:00-04:00,2.200000047683716,2.240000009536743,2.1700000762939453,2.1700000762939453,55900,0.0,0.0
2024-05-21 00:00:00-04:00,2.1600000858306885,2.440000057220459,2.1500000953674316,2.4200000762939453,185000,0.0,0.0
2024-05-22 00:00:00-04:00,2.5,2.569999933242798,2.440000057220459,2.5199999809265137,105800,0.0,0.0
2024-05-23 00:00:00-04:00,2.569999933242798,2.569999933242798,2.4000000953674316,2.4100000858306885,42400,0.0,0.0
2024-05-24 00:00:00-04:00,2.4100000858306885,2.4200000762939453,2.3499999046325684,2.3499999046325684,19400,0.0,0.0
2024-05-28 00:00:00-04:00,2.4000000953674316,2.450000047683716,2.3949999809265137,2.430000066757202,24000,0.0,0.0
2024-05-29 00:00:00-04:00,2.430000066757202,2.5,2.4200000762939453,2.4700000286102295,12400,0.0,0.0
2024-05-30 00:00:00-04:00,2.450000047683716,2.4600000381469727,2.4100000858306885,2.430000066757202,13900,0.0,0.0
2024-05-31 00:00:00-04:00,2.4100000858306885,2.427000045776367,2.309999942779541,2.3399999141693115,29000,0.0,0.0
2024-06-03 00:00:00-04:00,2.3499999046325684,2.3499999046325684,2.259999990463257,2.2799999713897705,20600,0.0,0.0
2024-06-04 00:00:00-04:00,2.2799999713897705,2.3299999237060547,2.2300000190734863,2.2699999809265137,49700,0.0,0.0
2024-06-05 00:00:00-04:00,2.2799999713897705,2.2799999713897705,2.200000047683716,2.200000047683716,40300,0.0,0.0
2024-06-06 00:00:00-04:00,2.309999942779541,2.309999942779541,2.2100000381469727,2.259999990463257,16600,0.0,0.0
2024-06-07 00:00:00-04:00,2.309999942779541,2.309999942779541,2.2100000381469727,2.2799999713897705,43000,0.0,0.0
2024-06-10 00:00:00-04:00,2.2300000190734863,2.2699999809265137,2.2200000286102295,2.2300000190734863,88800,0.0,0.0
2024-06-11 00:00:00-04:00,2.2200000286102295,2.240000009536743,2.200000047683716,2.200000047683716,10000,0.0,0.0
2024-06-12 00:00:00-04:00,2.2100000381469727,2.259999990463257,2.1700000762939453,2.200000047683716,30500,0.0,0.0
2024-06-13 00:00:00-04:00,2.2300000190734863,2.2300000190734863,2.1600000858306885,2.2100000381469727,12900,0.0,0.0
2024-06-14 00:00:00-04:00,2.1600000858306885,2.200000047683716,2.1500000953674316,2.1600000858306885,39000,0.0,0.0
2024-06-17 00:00:00-04:00,2.1700000762939453,2.1700000762939453,2.130000114440918,2.140000104904175,50000,0.0,0.0
2024-06-18 00:00:00-04:00,2.140000104904175,2.140000104904175,2.009999990463257,2.065000057220459,70300,0.0,0.0
2024-06-20 00:00:00-04:00,2.0899999141693115,2.0950000286102295,2.0269999504089355,2.059999942779541,82300,0.0,0.0
2024-06-21 00:00:00-04:00,2.059999942779541,2.109999895095825,2.009999990463257,2.0199999809265137,237400,0.0,0.0
2024-06-24 00:00:00-04:00,2.0199999809265137,2.0999999046325684,2.0199999809265137,2.069999933242798,57600,0.0,0.0
2024-06-25 00:00:00-04:00,2.069999933242798,2.140000104904175,2.0199999809265137,2.059999942779541,42200,0.0,0.0
2024-06-26 00:00:00-04:00,2.049999952316284,2.0999999046325684,2.0199999809265137,2.069999933242798,45600,0.0,0.0
2024-06-27 00:00:00-04:00,2.119999885559082,2.119999885559082,2.0199999809265137,2.069999933242798,46300,0.0,0.0
2024-06-28 00:00:00-04:00,2.0299999713897705,2.069999933242798,1.9800000190734863,2.009999990463257,128300,0.0,0.0
2024-07-01 00:00:00-04:00,2.0299999713897705,2.1010000705718994,2.009999990463257,2.0299999713897705,73400,0.0,0.0
2024-07-02 00:00:00-04:00,2.059999942779541,2.059999942779541,2.0,2.0299999713897705,40300,0.0,0.0
2024-07-03 00:00:00-04:00,2.0,2.0480000972747803,1.9900000095367432,2.009999990463257,61300,0.0,0.0
2024-07-05 00:00:00-04:00,2.0,2.114000082015991,2.0,2.009999990463257,148900,0.0,0.0
2024-07-08 00:00:00-04:00,2.009999990463257,2.0399999618530273,2.005000114440918,2.0199999809265137,68500,0.0,0.0
2024-07-09 00:00:00-04:00,2.0299999713897705,2.0299999713897705,1.9800000190734863,2.009999990463257,69800,0.0,0.0
2024-07-10 00:00:00-04:00,1.9900000095367432,2.009999990463257,1.9800000190734863,2.009999990463257,41800,0.0,0.0
2024-07-11 00:00:00-04:00,1.9900000095367432,2.109999895095825,1.9900000095367432,2.109999895095825,45300,0.0,0.0
2024-07-12 00:00:00-04:00,2.0999999046325684,2.2200000286102295,2.0820000171661377,2.2200000286102295,73900,0.0,0.0
2024-07-15 00:00:00-04:00,2.2100000381469727,2.259999990463257,2.1500000953674316,2.2100000381469727,51300,0.0,0.0
2024-07-16 00:00:00-04:00,2.2100000381469727,2.240000009536743,2.180000066757202,2.2100000381469727,22200,0.0,0.0
2024-07-17 00:00:00-04:00,2.190000057220459,2.1989998817443848,2.0799999237060547,2.0999999046325684,45900,0.0,0.0
2024-07-18 00:00:00-04:00,2.109999895095825,2.1500000953674316,2.0399999618530273,2.109999895095825,40800,0.0,0.0
2024-07-19 00:00:00-04:00,2.0399999618530273,2.109999895095825,2.0299999713897705,2.109999895095825,20900,0.0,0.0
2024-07-22 00:00:00-04:00,2.0999999046325684,2.190000057220459,2.0850000381469727,2.119999885559082,24000,0.0,0.0
2024-07-23 00:00:00-04:00,2.0799999237060547,2.140000104904175,2.0799999237060547,2.0999999046325684,11400,0.0,0.0
2024-07-24 00:00:00-04:00,2.119999885559082,2.140000104904175,2.069999933242798,2.0999999046325684,12000,0.0,0.0
2024-07-25 00:00:00-04:00,2.0999999046325684,2.0999999046325684,2.0,2.0999999046325684,32400,0.0,0.0
2024-07-26 00:00:00-04:00,2.0999999046325684,2.130000114440918,2.049999952316284,2.0999999046325684,18100,0.0,0.0
2024-07-29 00:00:00-04:00,2.069999933242798,2.140000104904175,2.0299999713897705,2.0799999237060547,25800,0.0,0.0
2024-07-30 00:00:00-04:00,2.0799999237060547,2.1500000953674316,2.078000068664551,2.130000114440918,54400,0.0,0.0
2024-07-31 00:00:00-04:00,2.069999933242798,2.190000057220459,2.069999933242798,2.119999885559082,43100,0.0,0.0
2024-08-01 00:00:00-04:00,2.109999895095825,2.1500000953674316,2.049999952316284,2.0999999046325684,38600,0.0,0.0
2024-08-02 00:00:00-04:00,2.059999942779541,2.0999999046325684,2.0299999713897705,2.049999952316284,32500,0.0,0.0
2024-08-05 00:00:00-04:00,1.9600000381469727,1.9819999933242798,1.7999999523162842,1.9800000190734863,60700,0.0,0.0
2024-08-06 00:00:00-04:00,2.0299999713897705,2.0999999046325684,1.937000036239624,2.069999933242798,19100,0.0,0.0
2024-08-07 00:00:00-04:00,2.0799999237060547,2.0799999237060547,2.0299999713897705,2.0299999713897705,43500,0.0,0.0
2024-08-08 00:00:00-04:00,2.069999933242798,2.1700000762939453,1.9800000190734863,2.056999921798706,20400,0.0,0.0
2024-08-09 00:00:00-04:00,2.0799999237060547,2.0999999046325684,1.9900000095367432,2.049999952316284,15900,0.0,0.0
2024-08-12 00:00:00-04:00,2.059999942779541,2.065000057220459,2.0,2.0299999713897705,21800,0.0,0.0
2024-08-13 00:00:00-04:00,2.0,2.0999999046325684,2.0,2.0999999046325684,53000,0.0,0.0
2024-08-14 00:00:00-04:00,2.0899999141693115,2.109999895095825,2.0399999618530273,2.049999952316284,15000,0.0,0.0
2024-08-15 00:00:00-04:00,2.049999952316284,2.0799999237060547,1.9700000286102295,2.0399999618530273,25500,0.0,0.0
2024-08-16 00:00:00-04:00,2.0399999618530273,2.0999999046325684,1.9900000095367432,2.0799999237060547,24100,0.0,0.0
2024-08-19 00:00:00-04:00,2.009999990463257,2.0899999141693115,2.0,2.0799999237060547,32000,0.0,0.0
2024-08-20 00:00:00-04:00,2.0199999809265137,2.0299999713897705,1.9500000476837158,2.0,54500,0.0,0.0
2024-08-21 00:00:00-04:00,1.9700000286102295,2.0199999809265137,1.940000057220459,2.009999990463257,183500,0.0,0.0
2024-08-22 00:00:00-04:00,2.0,2.0250000953674316,1.9600000381469727,2.0199999809265137,43500,0.0,0.0
2024-08-23 00:00:00-04:00,2.0299999713897705,2.049999952316284,2.009999990463257,2.0299999713897705,29100,0.0,0.0
2024-08-26 00:00:00-04:00,2.0199999809265137,2.059999942779541,2.0,2.0399999618530273,35300,0.0,0.0
2024-08-27 00:00:00-04:00,2.0399999618530273,2.0399999618530273,1.9600000381469727,1.9700000286102295,34100,0.0,0.0
2024-08-28 00:00:00-04:00,1.9900000095367432,2.0,1.9600000381469727,2.0,13800,0.0,0.0
2024-08-29 00:00:00-04:00,2.0299999713897705,2.0299999713897705,1.9700000286102295,2.009999990463257,20900,0.0,0.0
2024-08-30 00:00:00-04:00,1.9900000095367432,2.0199999809265137,1.9700000286102295,2.0199999809265137,18800,0.0,0.0
2024-09-03 00:00:00-04:00,1.9800000190734863,2.0199999809265137,1.9600000381469727,1.9800000190734863,41000,0.0,0.0
2024-09-04 00:00:00-04:00,1.9700000286102295,2.0,1.9500000476837158,1.9800000190734863,29300,0.0,0.0
2024-09-05 00:00:00-04:00,1.9800000190734863,1.9800000190734863,1.9500000476837158,1.9500000476837158,71700,0.0,0.0
2024-09-06 00:00:00-04:00,1.9500000476837158,1.9600000381469727,1.9299999475479126,1.9500000476837158,33600,0.0,0.0
2024-09-09 00:00:00-04:00,1.9299999475479126,1.9800000190734863,1.9270000457763672,1.9500000476837158,35400,0.0,0.0
2024-09-10 00:00:00-04:00,1.940000057220459,1.940000057220459,1.9199999570846558,1.940000057220459,17800,0.0,0.0
2024-09-11 00:00:00-04:00,1.940000057220459,1.940000057220459,1.8300000429153442,1.8799999952316284,51800,0.0,0.0
2024-09-12 00:00:00-04:00,1.8799999952316284,1.8799999952316284,1.7920000553131104,1.809999942779541,49700,0.0,0.0
2024-09-13 00:00:00-04:00,1.7999999523162842,1.809999942779541,1.7549999952316284,1.7999999523162842,46900,0.0,0.0
2024-09-16 00:00:00-04:00,1.8200000524520874,1.8300000429153442,1.7699999809265137,1.809999942779541,14900,0.0,0.0
2024-09-17 00:00:00-04:00,1.8200000524520874,1.8200000524520874,1.7999999523162842,1.8009999990463257,17900,0.0,0.0
2024-09-18 00:00:00-04:00,1.7899999618530273,1.805999994277954,1.7899999618530273,1.8049999475479126,21500,0.0,0.0
2024-09-19 00:00:00-04:00,1.809999942779541,1.809999942779541,1.7300000190734863,1.7599999904632568,99300,0.0,0.0
2024-09-20 00:00:00-04:00,1.75,1.7799999713897705,1.6089999675750732,1.7799999713897705,194000,0.0,0.0
2024-09-23 00:00:00-04:00,1.7100000381469727,1.7799999713897705,1.7100000381469727,1.7699999809265137,49100,0.0,0.0
2024-09-24 00:00:00-04:00,1.7599999904632568,1.7680000066757202,1.7100000381469727,1.7300000190734863,38400,0.0,0.0
2024-09-25 00:00:00-04:00,1.7400000095367432,1.75,1.7000000476837158,1.75,33100,0.0,0.0
2024-09-26 00:00:00-04:00,1.75,1.75,1.659999966621399,1.715000033378601,32800,0.0,0.0
2024-09-27 00:00:00-04:00,1.690000057220459,1.75,1.690000057220459,1.75,30100,0.0,0.0
2024-09-30 00:00:00-04:00,1.7400000095367432,1.75,1.7100000381469727,1.7300000190734863,30900,0.0,0.0
2024-10-01 00:00:00-04:00,1.725000023841858,1.7300000190734863,1.7100000381469727,1.7300000190734863,31900,0.0,0.0
2024-10-02 00:00:00-04:00,1.7300000190734863,1.7400000095367432,1.7100000381469727,1.7200000286102295,19500,0.0,0.0
2024-10-03 00:00:00-04:00,1.7200000286102295,1.7350000143051147,1.6699999570846558,1.7000000476837158,116300,0.0,0.0
2024-10-04 00:00:00-04:00,1.7100000381469727,1.725000023841858,1.690000057220459,1.7200000286102295,98100,0.0,0.0
2024-10-07 00:00:00-04:00,1.7000000476837158,1.7400000095367432,1.7000000476837158,1.7400000095367432,16500,0.0,0.0
2024-10-08 00:00:00-04:00,1.7400000095367432,1.7450000047683716,1.7000000476837158,1.7400000095367432,20200,0.0,0.0
2024-10-09 00:00:00-04:00,1.7100000381469727,1.7400000095367432,1.7000000476837158,1.7000000476837158,32300,0.0,0.0
2024-10-10 00:00:00-04:00,1.7200000286102295,1.7300000190734863,1.7000000476837158,1.7100000381469727,14300,0.0,0.0
2024-10-11 00:00:00-04:00,1.7000000476837158,1.7100000381469727,1.6610000133514404,1.690000057220459,31200,0.0,0.0
2024-10-14 00:00:00-04:00,1.7100000381469727,1.7100000381469727,1.649999976158142,1.690000057220459,76600,0.0,0.0
2024-10-15 00:00:00-04:00,1.6799999475479126,1.6799999475479126,1.649999976158142,1.6749999523162842,19000,0.0,0.0
2024-10-16 00:00:00-04:00,1.649999976158142,1.6890000104904175,1.649999976158142,1.6799999475479126,35000,0.0,0.0
2024-10-17 00:00:00-04:00,1.6699999570846558,1.7000000476837158,1.6699999570846558,1.7000000476837158,33500,0.0,0.0
2024-10-18 00:00:00-04:00,1.6799999475479126,1.6929999589920044,1.6799999475479126,1.690000057220459,23300,0.0,0.0
2024-10-21 00:00:00-04:00,1.6699999570846558,1.6799999475479126,1.6699999570846558,1.6799999475479126,18200,0.0,0.0
2024-10-22 00:00:00-04:00,1.6699999570846558,1.7000000476837158,1.6449999809265137,1.7000000476837158,63200,0.0,0.0
2024-10-23 00:00:00-04:00,1.690000057220459,1.690000057220459,1.649999976158142,1.6699999570846558,15600,0.0,0.0
2024-10-24 00:00:00-04:00,1.659999966621399,1.6699999570846558,1.6299999952316284,1.6299999952316284,20800,0.0,0.0
2024-10-25 00:00:00-04:00,1.6200000047683716,1.63100004196167,1.600000023841858,1.6200000047683716,38300,0.0,0.0
2024-10-28 00:00:00-04:00,1.6200000047683716,1.6649999618530273,1.6050000190734863,1.649999976158142,23100,0.0,0.0
2024-10-29 00:00:00-04:00,1.6299999952316284,1.659999966621399,1.6100000143051147,1.649999976158142,35900,0.0,0.0
2024-10-30 00:00:00-04:00,1.6200000047683716,1.690000057220459,1.6200000047683716,1.690000057220459,64300,0.0,0.0
2024-10-31 00:00:00-04:00,1.6820000410079956,1.687999963760376,1.649999976158142,1.6549999713897705,16500,0.0,0.0
2024-11-01 00:00:00-04:00,1.649999976158142,1.6799999475479126,1.649999976158142,1.6799999475479126,28800,0.0,0.0
2024-11-04 00:00:00-05:00,1.6699999570846558,1.690000057220459,1.6699999570846558,1.6799999475479126,12600,0.0,0.0
2024-11-05 00:00:00-05:00,1.6699999570846558,1.8279999494552612,1.659999966621399,1.7999999523162842,146200,0.0,0.0
2024-11-06 00:00:00-05:00,1.7699999809265137,1.7699999809265137,1.6749999523162842,1.7300000190734863,74800,0.0,0.0
2024-11-07 00:00:00-05:00,1.6799999475479126,1.7300000190734863,1.6699999570846558,1.7100000381469727,64900,0.0,0.0
2024-11-08 00:00:00-05:00,1.7000000476837158,1.7000000476837158,1.6699999570846558,1.690000057220459,45300,0.0,0.0
2024-11-11 00:00:00-05:00,1.659999966621399,1.6799999475479126,1.649999976158142,1.649999976158142,28600,0.0,0.0
2024-11-12 00:00:00-05:00,1.649999976158142,1.690000057220459,1.6399999856948853,1.6649999618530273,127600,0.0,0.0
2024-11-13 00:00:00-05:00,1.649999976158142,1.6799999475479126,1.6399999856948853,1.649999976158142,79300,0.0,0.0
2024-11-14 00:00:00-05:00,1.649999976158142,1.659999966621399,1.649999976158142,1.659999966621399,18300,0.0,0.0
2024-11-15 00:00:00-05:00,1.6799999475479126,1.6799999475479126,1.649999976158142,1.659999966621399,23300,0.0,0.0
2024-11-18 00:00:00-05:00,1.649999976158142,1.6799999475479126,1.649999976158142,1.6699999570846558,22100,0.0,0.0
2024-11-19 00:00:00-05:00,1.659999966621399,1.6799999475479126,1.659999966621399,1.6699999570846558,21800,0.0,0.0
2024-11-20 00:00:00-05:00,1.659999966621399,1.6799999475479126,1.659999966621399,1.6799999475479126,28100,0.0,0.0
2024-11-21 00:00:00-05:00,1.659999966621399,1.690000057220459,1.649999976158142,1.690000057220459,55800,0.0,0.0
2024-11-22 00:00:00-05:00,1.649999976158142,1.6799999475479126,1.649999976158142,1.6799999475479126,47300,0.0,0.0
2024-11-25 00:00:00-05:00,1.6799999475479126,1.7999999523162842,1.6799999475479126,1.7899999618530273,146300,0.0,0.0
2024-11-26 00:00:00-05:00,1.7599999904632568,2.0299999713897705,1.75,1.9700000286102295,115600,0.0,0.0
2024-11-27 00:00:00-05:00,1.9900000095367432,2.190999984741211,1.9800000190734863,2.180000066757202,212600,0.0,0.0
2024-11-29 00:00:00-05:00,2.200000047683716,2.200000047683716,2.0899999141693115,2.1700000762939453,84400,0.0,0.0
2024-12-02 00:00:00-05:00,2.1700000762939453,2.1700000762939453,2.125,2.1600000858306885,70300,0.0,0.0
2024-12-03 00:00:00-05:00,2.1700000762939453,2.5799999237060547,2.1600000858306885,2.5299999713897705,264400,0.0,0.0
2024-12-04 00:00:00-05:00,2.490000009536743,2.569999933242798,2.4100000858306885,2.569999933242798,178200,0.0,0.0
2024-12-05 00:00:00-05:00,2.5,2.569999933242798,2.4000000953674316,2.4000000953674316,56000,0.0,0.0
2024-12-06 00:00:00-05:00,2.4000000953674316,2.5,2.4000000953674316,2.4800000190734863,68900,0.0,0.0
2024-12-09 00:00:00-05:00,2.450000047683716,2.5510001182556152,2.4000000953674316,2.440000057220459,91500,0.0,0.0
2024-12-10 00:00:00-05:00,2.4100000858306885,2.4240000247955322,2.299999952316284,2.4100000858306885,74200,0.0,0.0
2024-12-11 00:00:00-05:00,2.4000000953674316,2.4100000858306885,2.309999942779541,2.309999942779541,47900,0.0,0.0
2024-12-12 00:00:00-05:00,2.309999942779541,2.380000114440918,2.309999942779541,2.380000114440918,27100,0.0,0.0
2024-12-13 00:00:00-05:00,2.390000104904175,2.4700000286102295,2.309999942779541,2.4600000381469727,80700,0.0,0.0
2024-12-16 00:00:00-05:00,2.390000104904175,2.509999990463257,2.309999942779541,2.5,102900,0.0,0.0
2024-12-17 00:00:00-05:00,2.4800000190734863,2.484999895095825,2.2809998989105225,2.319999933242798,100600,0.0,0.0
2024-12-18 00:00:00-05:00,2.309999942779541,2.4000000953674316,2.299999952316284,2.319999933242798,41300,0.0,0.0
2024-12-19 00:00:00-05:00,2.299999952316284,2.440000057220459,2.0199999809265137,2.309999942779541,317200,0.0,0.0
2024-12-20 00:00:00-05:00,2.259999990463257,2.2869999408721924,2.1600000858306885,2.259999990463257,47800,0.0,0.0
2024-12-23 00:00:00-05:00,2.240000009536743,2.328000068664551,2.184999942779541,2.299999952316284,83300,0.0,0.0
2024-12-24 00:00:00-05:00,2.299999952316284,2.3299999237060547,2.259999990463257,2.299999952316284,11500,0.0,0.0
2024-12-26 00:00:00-05:00,2.240000009536743,2.3299999237060547,2.240000009536743,2.319999933242798,31300,0.0,0.0
2024-12-27 00:00:00-05:00,2.299999952316284,2.319999933242798,2.1600000858306885,2.299999952316284,123900,0.0,0.0
2024-12-30 00:00:00-05:00,2.3299999237060547,2.3299999237060547,2.200000047683716,2.309999942779541,85900,0.0,0.0
2024-12-31 00:00:00-05:00,2.2899999618530273,2.3259999752044678,2.1600000858306885,2.180000066757202,88600,0.0,0.0
2025-01-02 00:00:00-05:00,2.190000057220459,2.299999952316284,2.1760001182556152,2.299999952316284,19200,0.0,0.0
2025-01-03 00:00:00-05:00,2.2699999809265137,2.3399999141693115,2.2639999389648438,2.309999942779541,48300,0.0,0.0
2025-01-06 00:00:00-05:00,2.259999990463257,2.359999895095825,2.259999990463257,2.309999942779541,46600,0.0,0.0
2025-01-07 00:00:00-05:00,2.2100000381469727,2.369999885559082,2.2100000381469727,2.299999952316284,71800,0.0,0.0
2025-01-08 00:00:00-05:00,2.299999952316284,2.3399999141693115,2.23799991607666,2.3299999237060547,31100,0.0,0.0
2025-01-10 00:00:00-05:00,2.2300000190734863,2.3499999046325684,2.2300000190734863,2.309999942779541,41200,0.0,0.0
2025-01-13 00:00:00-05:00,2.240000009536743,2.390000104904175,2.240000009536743,2.369999885559082,33300,0.0,0.0
2025-01-14 00:00:00-05:00,2.390000104904175,2.7899999618530273,2.390000104904175,2.6600000858306885,157200,0.0,0.0
2025-01-15 00:00:00-05:00,2.640000104904175,2.880000114440918,2.5420000553131104,2.7100000381469727,177100,0.0,0.0
2025-01-16 00:00:00-05:00,2.740000009536743,2.759999990463257,2.565000057220459,2.680000066757202,55600,0.0,0.0
2025-01-17 00:00:00-05:00,2.619999885559082,2.740000009536743,2.549999952316284,2.549999952316284,65300,0.0,0.0
2025-01-21 00:00:00-05:00,2.559999942779541,2.6500000953674316,2.549999952316284,2.5999999046325684,41600,0.0,0.0
2025-01-22 00:00:00-05:00,2.549999952316284,2.674999952316284,2.549999952316284,2.549999952316284,20300,0.0,0.0
2025-01-23 00:00:00-05:00,2.559999942779541,2.740000009536743,2.559999942779541,2.6700000762939453,33900,0.0,0.0
2025-01-24 00:00:00-05:00,2.690000057220459,3.049999952316284,2.690000057220459,2.930000066757202,188700,0.0,0.0
2025-01-27 00:00:00-05:00,2.890000104904175,2.9100000858306885,2.680000066757202,2.7899999618530273,57100,0.0,0.0
2025-01-28 00:00:00-05:00,2.799999952316284,2.799999952316284,2.680000066757202,2.680000066757202,28500,0.0,0.0
2025-01-29 00:00:00-05:00,2.680000066757202,2.8499999046325684,2.680000066757202,2.8499999046325684,26700,0.0,0.0
2025-01-30 00:00:00-05:00,2.859999895095825,2.880000114440918,2.7739999294281006,2.799999952316284,74700,0.0,0.0
2025-01-31 00:00:00-05:00,2.8299999237060547,2.9000000953674316,2.7760000228881836,2.8299999237060547,87100,0.0,0.0
2025-02-03 00:00:00-05:00,2.7799999713897705,3.0299999713897705,2.7699999809265137,3.009999990463257,108200,0.0,0.0
2025-02-04 00:00:00-05:00,3.0399999618530273,3.1500000953674316,3.009999990463257,3.059999942779541,193600,0.0,0.0
2025-02-05 00:00:00-05:00,3.1500000953674316,3.184999942779541,2.799999952316284,3.009999990463257,207300,0.0,0.0
2025-02-06 00:00:00-05:00,3.0799999237060547,3.930000066757202,3.0799999237060547,3.7200000286102295,482900,0.0,0.0
2025-02-07 00:00:00-05:00,3.740000009536743,4.460000038146973,3.7260000705718994,4.40500020980835,559700,0.0,0.0
2025-02-10 00:00:00-05:00,4.409999847412109,5.025000095367432,4.21999979019165,4.849999904632568,758200,0.0,0.0
2025-02-11 00:00:00-05:00,4.880000114440918,5.0,4.300000190734863,4.360000133514404,336300,0.0,0.0
2025-02-12 00:00:00-05:00,4.210000038146973,4.349999904632568,3.819999933242798,4.019999980926514,259300,0.0,0.0
2025-02-13 00:00:00-05:00,3.990000009536743,4.309999942779541,3.9000000953674316,4.210000038146973,163400,0.0,0.0
2025-02-14 00:00:00-05:00,4.230000019073486,4.340000152587891,4.0,4.03000020980835,95600,0.0,0.0
2025-02-18 00:00:00-05:00,4.0,4.099999904632568,3.7200000286102295,3.859999895095825,214000,0.0,0.0
2025-02-19 00:00:00-05:00,3.8299999237060547,4.239999771118164,3.7799999713897705,4.179999828338623,90800,0.0,0.0
2025-02-20 00:00:00-05:00,4.159999847412109,4.170000076293945,3.930000066757202,4.03000020980835,68600,0.0,0.0
2025-02-21 00:00:00-05:00,4.019999980926514,4.255000114440918,3.7799999713897705,3.859999895095825,114800,0.0,0.0
2025-02-24 00:00:00-05:00,3.990000009536743,4.388999938964844,3.9200000762939453,4.119999885559082,161500,0.0,0.0
2025-02-25 00:00:00-05:00,4.090000152587891,4.196000099182129,3.990000009536743,4.110000133514404,58000,0.0,0.0
2025-02-26 00:00:00-05:00,4.230000019073486,4.980000019073486,4.119999885559082,4.190000057220459,221100,0.0,0.0
2025-02-27 00:00:00-05:00,4.139999866485596,4.357999801635742,4.110000133514404,4.239999771118164,77800,0.0,0.0
2025-02-28 00:00:00-05:00,4.230000019073486,4.539999961853027,4.150000095367432,4.260000228881836,180800,0.0,0.0
2025-03-03 00:00:00-05:00,4.320000171661377,4.71999979019165,4.320000171661377,4.474999904632568,169700,0.0,0.0
2025-03-04 00:00:00-05:00,4.460000038146973,4.519999980926514,4.284999847412109,4.349999904632568,134000,0.0,0.0
2025-03-05 00:00:00-05:00,4.369999885559082,4.425000190734863,3.8399999141693115,4.119999885559082,131300,0.0,0.0
2025-03-06 00:00:00-05:00,4.050000190734863,4.190000057220459,3.9600000381469727,4.03000020980835,52400,0.0,0.0
2025-03-07 00:00:00-05:00,4.019999980926514,4.139999866485596,3.880000114440918,3.9600000381469727,69400,0.0,0.0
2025-03-10 00:00:00-04:00,4.0,4.190000057220459,3.5799999237060547,3.9800000190734863,183800,0.0,0.0
2025-03-11 00:00:00-04:00,3.9800000190734863,4.144999980926514,3.9800000190734863,4.110000133514404,48900,0.0,0.0
2025-03-12 00:00:00-04:00,4.119999885559082,4.289999961853027,4.054999828338623,4.090000152587891,125100,0.0,0.0
2025-03-13 00:00:00-04:00,4.070000171661377,4.239999771118164,3.9030001163482666,4.0,51800,0.0,0.0
2025-03-14 00:00:00-04:00,4.090000152587891,4.139999866485596,3.9179999828338623,4.119999885559082,46900,0.0,0.0
2025-03-17 00:00:00-04:00,4.079999923706055,4.369999885559082,3.9800000190734863,4.25,91200,0.0,0.0
2025-03-18 00:00:00-04:00,4.269999980926514,4.343999862670898,4.21999979019165,4.289999961853027,40800,0.0,0.0
2025-03-19 00:00:00-04:00,4.25,4.920000076293945,4.239999771118164,4.769999980926514,190800,0.0,0.0
2025-03-20 00:00:00-04:00,4.78000020980835,4.78000020980835,4.572000026702881,4.71999979019165,63300,0.0,0.0
2025-03-21 00:00:00-04:00,4.75,5.449999809265137,4.630000114440918,5.400000095367432,256300,0.0,0.0
2025-03-24 00:00:00-04:00,5.349999904632568,5.389999866485596,5.110000133514404,5.269999980926514,214000,0.0,0.0
2025-03-25 00:00:00-04:00,5.269999980926514,5.449999809265137,5.010000228881836,5.179999828338623,139700,0.0,0.0
2025-03-26 00:00:00-04:00,5.099999904632568,5.329999923706055,4.650000095367432,4.71999979019165,219400,0.0,0.0
2025-03-27 00:00:00-04:00,4.699999809265137,5.099999904632568,4.631999969482422,5.050000190734863,88800,0.0,0.0
2025-03-28 00:00:00-04:00,5.0,5.130000114440918,4.670000076293945,4.730000019073486,106000,0.0,0.0
2025-03-31 00:00:00-04:00,4.570000171661377,4.570000171661377,3.984999895095825,4.099999904632568,190000,0.0,0.0
2025-04-01 00:00:00-04:00,4.090000152587891,4.599999904632568,4.090000152587891,4.46999979019165,165300,0.0,0.0
2025-04-02 00:00:00-04:00,4.590000152587891,4.809999942779541,4.5,4.599999904632568,138000,0.0,0.0
2025-04-03 00:00:00-04:00,4.599999904632568,4.599999904632568,4.179999828338623,4.179999828338623,80700,0.0,0.0
2025-04-04 00:00:00-04:00,4.090000152587891,4.099999904632568,3.75,3.809999942779541,170600,0.0,0.0
2025-04-07 00:00:00-04:00,3.5,4.0,3.5,3.5299999713897705,167900,0.0,0.0
2025-04-08 00:00:00-04:00,3.809999942779541,3.880000114440918,3.240000009536743,3.319999933242798,192500,0.0,0.0
2025-04-09 00:00:00-04:00,3.2699999809265137,4.010000228881836,3.119999885559082,3.819999933242798,210500,0.0,0.0
2025-04-10 00:00:00-04:00,3.700000047683716,3.819999933242798,3.4049999713897705,3.5899999141693115,73500,0.0,0.0
2025-04-11 00:00:00-04:00,3.5999999046325684,3.7730000019073486,3.509000062942505,3.5999999046325684,34100,0.0,0.0
2025-04-14 00:00:00-04:00,3.690000057220459,3.799999952316284,3.25,3.440000057220459,151100,0.0,0.0
2025-04-15 00:00:00-04:00,3.440000057220459,3.734999895095825,3.440000057220459,3.6600000858306885,60800,0.0,0.0
2025-04-16 00:00:00-04:00,3.630000114440918,3.7100000381469727,3.510999917984009,3.5899999141693115,73300,0.0,0.0
2025-04-17 00:00:00-04:00,3.5299999713897705,3.556999921798706,3.390000104904175,3.490000009536743,42900,0.0,0.0
2025-04-21 00:00:00-04:00,3.430000066757202,3.430000066757202,3.0399999618530273,3.25,121600,0.0,0.0
2025-04-22 00:00:00-04:00,3.25,3.640000104904175,3.25,3.4800000190734863,69300,0.0,0.0
2025-04-23 00:00:00-04:00,3.799999952316284,4.010000228881836,3.7899999618530273,3.8499999046325684,233500,0.0,0.0
2025-04-24 00:00:00-04:00,3.7699999809265137,3.8399999141693115,3.5989999771118164,3.690000057220459,44000,0.0,0.0
2025-04-25 00:00:00-04:00,3.7300000190734863,3.8299999237060547,3.559999942779541,3.640000104904175,201600,0.0,0.0
2025-04-28 00:00:00-04:00,3.700000047683716,4.119999885559082,3.630000114440918,4.119999885559082,114800,0.0,0.0
2025-04-29 00:00:00-04:00,4.03000020980835,4.260000228881836,3.8499999046325684,3.8499999046325684,131700,0.0,0.0
2025-04-30 00:00:00-04:00,4.059999942779541,4.289999961853027,3.75,4.159999847412109,252000,0.0,0.0
2025-05-01 00:00:00-04:00,4.329999923706055,5.829999923706055,4.329999923706055,5.199999809265137,1881600,0.0,0.0
2025-05-02 00:00:00-04:00,5.210000038146973,5.730000019073486,5.090000152587891,5.199999809265137,712300,0.0,0.0
2025-05-05 00:00:00-04:00,5.21999979019165,5.300000190734863,4.769999980926514,5.019999980926514,270900,0.0,0.0
2025-05-06 00:00:00-04:00,4.925000190734863,4.940000057220459,4.599999904632568,4.739999771118164,263300,0.0,0.0
2025-05-07 00:00:00-04:00,4.800000190734863,4.869999885559082,4.510000228881836,4.610000133514404,133000,0.0,0.0
2025-05-08 00:00:00-04:00,4.599999904632568,5.0,4.53000020980835,4.849999904632568,166800,0.0,0.0
2025-05-09 00:00:00-04:00,4.840000152587891,4.989999771118164,4.800000190734863,4.900000095367432,71200,0.0,0.0
2025-05-12 00:00:00-04:00,5.059999942779541,5.300000190734863,4.828999996185303,4.829999923706055,157200,0.0,0.0
2025-05-13 00:00:00-04:00,4.849999904632568,5.0,4.630000114440918,4.75,94100,0.0,0.0
2025-05-14 00:00:00-04:00,4.769999980926514,4.980000019073486,4.610000133514404,4.684999942779541,94800,0.0,0.0
2025-05-15 00:00:00-04:00,4.630000114440918,4.760000228881836,4.514999866485596,4.659999847412109,49800,0.0,0.0
2025-05-16 00:00:00-04:00,4.659999847412109,4.664999961853027,4.445000171661377,4.579999923706055,90800,0.0,0.0
2025-05-19 00:00:00-04:00,4.440000057220459,4.659999847412109,4.440000057220459,4.659999847412109,61800,0.0,0.0
2025-05-20 00:00:00-04:00,4.630000114440918,4.650000095367432,4.539999961853027,4.590000152587891,35000,0.0,0.0
2025-05-21 00:00:00-04:00,4.550000190734863,4.557000160217285,4.309999942779541,4.349999904632568,76300,0.0,0.0
2025-05-22 00:00:00-04:00,4.349999904632568,4.645999908447266,4.230000019073486,4.295000076293945,55300,0.0,0.0
2025-05-23 00:00:00-04:00,4.230000019073486,4.449999809265137,4.050000190734863,4.199999809265137,136800,0.0,0.0
2025-05-27 00:00:00-04:00,4.150000095367432,4.400000095367432,4.139999866485596,4.28000020980835,93600,0.0,0.0
2025-05-28 00:00:00-04:00,4.25,4.339000225067139,4.125,4.170000076293945,57700,0.0,0.0
2025-05-29 00:00:00-04:00,4.119999885559082,4.25,4.0,4.03000020980835,59400,0.0,0.0
2025-05-30 00:00:00-04:00,4.019999980926514,4.125,3.990000009536743,4.03000020980835,81100,0.0,0.0
2025-06-02 00:00:00-04:00,4.0,4.300000190734863,4.0,4.25,105900,0.0,0.0
2025-06-03 00:00:00-04:00,4.289999961853027,4.289999961853027,4.129000186920166,4.239999771118164,46300,0.0,0.0
2025-06-04 00:00:00-04:00,4.210000038146973,4.249000072479248,4.130000114440918,4.139999866485596,31000,0.0,0.0
2025-06-05 00:00:00-04:00,4.130000114440918,4.175000190734863,3.9200000762939453,3.950000047683716,102400,0.0,0.0
2025-06-06 00:00:00-04:00,3.950000047683716,4.079999923706055,3.9200000762939453,4.019999980926514,61700,0.0,0.0
2025-06-09 00:00:00-04:00,4.079999923706055,4.400000095367432,4.050000190734863,4.269999980926514,107700,0.0,0.0
2025-06-10 00:00:00-04:00,4.300000190734863,4.449999809265137,4.199999809265137,4.289999961853027,67600,0.0,0.0
2025-06-11 00:00:00-04:00,4.28000020980835,4.289999961853027,4.190000057220459,4.21999979019165,32000,0.0,0.0
2025-06-12 00:00:00-04:00,4.179999828338623,4.179999828338623,4.050000190734863,4.070000171661377,29900,0.0,0.0
2025-06-13 00:00:00-04:00,4.010000228881836,4.079999923706055,3.9200000762939453,3.9700000286102295,56400,0.0,0.0
2025-06-16 00:00:00-04:00,4.0,4.085000038146973,3.880000114440918,3.9000000953674316,60000,0.0,0.0
2025-06-17 00:00:00-04:00,3.890000104904175,4.0329999923706055,3.890000104904175,3.9200000762939453,38800,0.0,0.0
2025-06-18 00:00:00-04:00,3.9200000762939453,4.0,3.880000114440918,3.890000104904175,28900,0.0,0.0
2025-06-20 00:00:00-04:00,3.9000000953674316,3.9600000381469727,3.759999990463257,3.880000114440918,88000,0.0,0.0
2025-06-23 00:00:00-04:00,3.799999952316284,3.9000000953674316,3.7300000190734863,3.8299999237060547,39700,0.0,0.0
2025-06-24 00:00:00-04:00,3.869999885559082,4.0,3.8519999980926514,3.890000104904175,67200,0.0,0.0
2025-06-25 00:00:00-04:00,3.890000104904175,4.0,3.6600000858306885,3.6700000762939453,79600,0.0,0.0
2025-06-26 00:00:00-04:00,3.6700000762939453,3.8380000591278076,3.630000114440918,3.690000057220459,103400,0.0,0.0
2025-06-27 00:00:00-04:00,3.6700000762939453,3.75,3.5999999046325684,3.609999895095825,77400,0.0,0.0
2025-06-30 00:00:00-04:00,3.609999895095825,3.8239998817443848,3.609999895095825,3.7699999809265137,39400,0.0,0.0
2025-07-01 00:00:00-04:00,3.865000009536743,3.880000114440918,3.734999895095825,3.859999895095825,23300,0.0,0.0
2025-07-02 00:00:00-04:00,3.859999895095825,3.9700000286102295,3.7899999618530273,3.7899999618530273,54500,0.0,0.0
2025-07-03 00:00:00-04:00,3.7899999618530273,3.9000000953674316,3.759999990463257,3.7799999713897705,29500,0.0,0.0
2025-07-07 00:00:00-04:00,3.75,3.759999990463257,3.549999952316284,3.549999952316284,139300,0.0,0.0
2025-07-08 00:00:00-04:00,3.6500000953674316,3.75,3.619999885559082,3.75,78300,0.0,0.0
2025-07-09 00:00:00-04:00,3.740000009536743,3.75,3.6519999504089355,3.6700000762939453,29400,0.0,0.0
2025-07-10 00:00:00-04:00,3.700000047683716,3.75,3.6700000762939453,3.6700000762939453,35700,0.0,0.0
2025-07-11 00:00:00-04:00,3.630000114440918,3.759999990463257,3.5999999046325684,3.5999999046325684,41200,0.0,0.0
2025-07-14 00:00:00-04:00,3.5999999046325684,3.640000104904175,3.549999952316284,3.549999952316284,71300,0.0,0.0
2025-07-15 00:00:00-04:00,3.549999952316284,3.6570000648498535,3.5399999618530273,3.569999933242798,78000,0.0,0.0
2025-07-16 00:00:00-04:00,3.5899999141693115,3.734999895095825,3.559999942779541,3.690000057220459,19900,0.0,0.0
2025-07-17 00:00:00-04:00,3.6600000858306885,3.7200000286102295,3.6600000858306885,3.6700000762939453,21300,0.0,0.0
2025-07-18 00:00:00-04:00,3.680000066757202,3.7799999713897705,3.609999895095825,3.6500000953674316,29000,0.0,0.0
2025-07-21 00:00:00-04:00,3.680000066757202,3.700000047683716,3.609999895095825,3.609999895095825,34700,0.0,0.0
2025-07-22 00:00:00-04:00,3.609999895095825,3.7899999618530273,3.609999895095825,3.75,83300,0.0,0.0
2025-07-23 00:00:00-04:00,3.759999990463257,3.859999895095825,3.7300000190734863,3.799999952316284,61100,0.0,0.0
2025-07-24 00:00:00-04:00,3.7799999713897705,3.9000000953674316,3.7769999504089355,3.9000000953674316,13100,0.0,0.0
2025-07-25 00:00:00-04:00,3.8499999046325684,3.890000104904175,3.8010001182556152,3.809999942779541,25300,0.0,0.0
2025-07-28 00:00:00-04:00,3.8399999141693115,4.190000057220459,3.8399999141693115,4.059999942779541,104700,0.0,0.0
2025-07-29 00:00:00-04:00,4.079999923706055,4.090000152587891,4.0,4.050000190734863,23300,0.0,0.0
2025-07-30 00:00:00-04:00,4.03000020980835,4.110000133514404,3.8499999046325684,4.010000228881836,39400,0.0,0.0
2025-07-31 00:00:00-04:00,4.010000228881836,4.079999923706055,3.950000047683716,3.950000047683716,30500,0.0,0.0
2025-08-01 00:00:00-04:00,3.880000114440918,4.0,3.880000114440918,3.940000057220459,44900,0.0,0.0
2025-08-04 00:00:00-04:00,4.150000095367432,4.480000019073486,4.144999980926514,4.480000019073486,198200,0.0,0.0
2025-08-05 00:00:00-04:00,4.570000171661377,5.0,4.53000020980835,4.84499979019165,273500,0.0,0.0
2025-08-06 00:00:00-04:00,4.0,4.0,3.130000114440918,3.494999885559082,672800,0.0,0.0
2025-08-07 00:00:00-04:00,3.5299999713897705,3.6449999809265137,3.5199999809265137,3.5399999618530273,131400,0.0,0.0
2025-08-08 00:00:00-04:00,3.619999885559082,3.890000104904175,3.5,3.569999933242798,155000,0.0,0.0
2025-08-11 00:00:00-04:00,3.549999952316284,3.74399995803833,3.430000066757202,3.450000047683716,131600,0.0,0.0
2025-08-12 00:00:00-04:00,3.4700000286102295,3.6700000762939453,3.390000104904175,3.5,105000,0.0,0.0
2025-08-13 00:00:00-04:00,3.5199999809265137,3.5950000286102295,3.430000066757202,3.4600000381469727,51700,0.0,0.0
2025-08-14 00:00:00-04:00,3.440000057220459,3.5,3.4200000762939453,3.444999933242798,48300,0.0,0.0
2025-08-15 00:00:00-04:00,3.4600000381469727,3.4709999561309814,3.3399999141693115,3.359999895095825,39200,0.0,0.0
2025-08-18 00:00:00-04:00,3.359999895095825,3.434999942779541,3.299999952316284,3.309999942779541,53700,0.0,0.0
2025-08-19 00:00:00-04:00,3.309999942779541,3.4200000762939453,3.2170000076293945,3.2200000286102295,39600,0.0,0.0
2025-08-20 00:00:00-04:00,3.25,3.25,3.200000047683716,3.2100000381469727,32100,0.0,0.0
2025-08-21 00:00:00-04:00,3.180000066757202,3.25,3.1500000953674316,3.1700000762939453,19900,0.0,0.0
2025-08-22 00:00:00-04:00,3.180000066757202,3.3420000076293945,3.1500000953674316,3.240000009536743,72600,0.0,0.0
2025-08-25 00:00:00-04:00,3.25,3.434999942779541,3.200000047683716,3.2100000381469727,62300,0.0,0.0
2025-08-26 00:00:00-04:00,3.2100000381469727,3.315000057220459,3.180000066757202,3.200000047683716,101300,0.0,0.0
2025-08-27 00:00:00-04:00,3.25,3.5309998989105225,3.25,3.309999942779541,79400,0.0,0.0
2025-08-28 00:00:00-04:00,3.299999952316284,3.3499999046325684,3.259999990463257,3.309999942779541,17500,0.0,0.0
2025-08-29 00:00:00-04:00,3.3499999046325684,3.4769999980926514,3.299999952316284,3.359999895095825,82400,0.0,0.0
2025-09-02 00:00:00-04:00,3.3499999046325684,3.390000104904175,3.200000047683716,3.259999990463257,97700,0.0,0.0
2025-09-03 00:00:00-04:00,3.299999952316284,3.369999885559082,3.25,3.369999885559082,156000,0.0,0.0
2025-09-04 00:00:00-04:00,3.380000114440918,3.4149999618530273,3.299999952316284,3.309999942779541,80600,0.0,0.0
2025-09-05 00:00:00-04:00,3.3399999141693115,3.421999931335449,3.2300000190734863,3.3399999141693115,57300,0.0,0.0
2025-09-08 00:00:00-04:00,3.359999895095825,3.390000104904175,3.2100000381469727,3.25,87800,0.0,0.0
2025-09-09 00:00:00-04:00,3.25,3.378999948501587,3.200000047683716,3.2300000190734863,50900,0.0,0.0
2025-09-10 00:00:00-04:00,3.2300000190734863,3.3299999237060547,3.200000047683716,3.259999990463257,89300,0.0,0.0
2025-09-11 00:00:00-04:00,3.259999990463257,3.2899999618530273,3.2300000190734863,3.2799999713897705,40300,0.0,0.0
2025-09-12 00:00:00-04:00,3.299999952316284,3.38700008392334,3.299999952316284,3.380000114440918,25900,0.0,0.0
2025-09-15 00:00:00-04:00,3.380000114440918,3.380000114440918,3.3499999046325684,3.369999885559082,14500,0.0,0.0
2025-09-16 00:00:00-04:00,3.369999885559082,3.375,3.3299999237060547,3.369999885559082,14800,0.0,0.0
2025-09-17 00:00:00-04:00,3.3299999237060547,3.359999895095825,3.319999933242798,3.319999933242798,12600,0.0,0.0
2025-09-18 00:00:00-04:00,3.3499999046325684,3.3550000190734863,3.313999891281128,3.3499999046325684,22100,0.0,0.0
2025-09-19 00:00:00-04:00,3.3299999237060547,3.390000104904175,3.299999952316284,3.369999885559082,44500,0.0,0.0
2025-09-22 00:00:00-04:00,3.369999885559082,3.640000104904175,3.319999933242798,3.569999933242798,87500,0.0,0.0
2025-09-23 00:00:00-04:00,3.559999942779541,3.632999897003174,3.4709999561309814,3.5199999809265137,40700,0.0,0.0
2025-09-24 00:00:00-04:00,3.509999990463257,3.5399999618530273,3.4200000762939453,3.430000066757202,21900,0.0,0.0
2025-09-25 00:00:00-04:00,3.4100000858306885,3.4800000190734863,3.4000000953674316,3.450000047683716,16100,0.0,0.0
2025-09-26 00:00:00-04:00,3.450000047683716,3.4839999675750732,3.4019999504089355,3.450000047683716,16400,0.0,0.0
2025-09-29 00:00:00-04:00,3.4600000381469727,3.4600000381469727,3.380000114440918,3.382999897003174,45500,0.0,0.0
2025-09-30 00:00:00-04:00,3.4600000381469727,3.4600000381469727,3.3299999237060547,3.3350000381469727,44100,0.0,0.0
2025-10-01 00:00:00-04:00,3.3299999237060547,3.3489999771118164,3.2899999618530273,3.2899999618530273,17300,0.0,0.0
2025-10-02 00:00:00-04:00,3.319999933242798,3.319999933242798,3.25,3.25,18800,0.0,0.0
2025-10-03 00:00:00-04:00,3.259999990463257,3.2699999809265137,3.119999885559082,3.130000114440918,37400,0.0,0.0
2025-10-06 00:00:00-04:00,3.130000114440918,3.1700000762939453,3.119999885559082,3.1600000858306885,30200,0.0,0.0
2025-10-07 00:00:00-04:00,3.1600000858306885,3.240000009536743,3.1500000953674316,3.1600000858306885,46800,0.0,0.0
2025-10-08 00:00:00-04:00,3.25,3.259999990463257,3.190000057220459,3.2100000381469727,37700,0.0,0.0
2025-10-09 00:00:00-04:00,3.200000047683716,3.2899999618530273,3.190000057220459,3.2899999618530273,15200,0.0,0.0
2025-10-10 00:00:00-04:00,3.240000009536743,3.2699999809265137,3.119999885559082,3.140000104904175,54400,0.0,0.0
2025-10-13 00:00:00-04:00,3.190000057220459,3.190000057220459,3.119999885559082,3.140000104904175,22800,0.0,0.0
2025-10-14 00:00:00-04:00,3.130000114440918,3.180000066757202,3.121000051498413,3.132999897003174,18400,0.0,0.0
2025-10-15 00:00:00-04:00,3.140000104904175,3.1700000762939453,3.119999885559082,3.119999885559082,24600,0.0,0.0
2025-10-16 00:00:00-04:00,3.0999999046325684,3.119999885559082,3.0799999237060547,3.0799999237060547,51800,0.0,0.0
2025-10-17 00:00:00-04:00,3.069999933242798,3.0950000286102295,3.0299999713897705,3.0799999237060547,23800,0.0,0.0
2025-10-20 00:00:00-04:00,3.049999952316284,3.0799999237060547,3.0,3.0,15900,0.0,0.0
2025-10-21 00:00:00-04:00,3.0199999809265137,3.059999942779541,3.0,3.0299999713897705,27300,0.0,0.0
2025-10-22 00:00:00-04:00,3.0,3.0199999809265137,2.990000009536743,3.0199999809265137,15800,0.0,0.0
2025-10-23 00:00:00-04:00,3.009999990463257,3.0799999237060547,3.009999990463257,3.066999912261963,13200,0.0,0.0
2025-10-24 00:00:00-04:00,3.0480000972747803,3.200000047683716,3.0480000972747803,3.069999933242798,98500,0.0,0.0
2025-10-27 00:00:00-04:00,3.069999933242798,3.1700000762939453,3.069999933242798,3.1700000762939453,15800,0.0,0.0
2025-10-28 00:00:00-04:00,3.140000104904175,3.190000057220459,3.0999999046325684,3.140000104904175,32000,0.0,0.0
2025-10-29 00:00:00-04:00,3.140000104904175,3.259999990463257,3.119999885559082,3.25,40500,0.0,0.0
2025-10-30 00:00:00-04:00,3.2200000286102295,3.2899999618530273,3.2200000286102295,3.240000009536743,26600,0.0,0.0
2025-10-31 00:00:00-04:00,3.2799999713897705,3.2799999713897705,3.140000104904175,3.2200000286102295,31000,0.0,0.0
2025-11-03 00:00:00-05:00,3.180000066757202,3.180000066757202,3.007999897003174,3.0199999809265137,41500,0.0,0.0
2025-11-04 00:00:00-05:00,3.0399999618530273,3.1059999465942383,3.0,3.049999952316284,38000,0.0,0.0
2025-11-05 00:00:00-05:00,3.0299999713897705,3.130000114440918,2.950000047683716,3.0899999141693115,86900,0.0,0.0
2025-11-06 00:00:00-05:00,3.0999999046325684,3.1600000858306885,3.049999952316284,3.0899999141693115,19700,0.0,0.0
2025-11-07 00:00:00-05:00,3.0899999141693115,3.140000104904175,3.049999952316284,3.140000104904175,25500,0.0,0.0
2025-11-10 00:00:00-05:00,3.180000066757202,3.190000057220459,3.109999895095825,3.109999895095825,24000,0.0,0.0
2025-11-11 00:00:00-05:00,3.0999999046325684,3.140000104904175,2.940000057220459,3.069999933242798,149000,0.0,0.0
2025-11-12 00:00:00-05:00,3.0399999618530273,3.244999885559082,2.937999963760376,3.200000047683716,160500,0.0,0.0
2025-11-13 00:00:00-05:00,3.2100000381469727,3.2100000381469727,3.0299999713897705,3.059999942779541,24700,0.0,0.0
2025-11-14 00:00:00-05:00,3.0,3.0950000286102295,3.0,3.0,60700,0.0,0.0
2025-11-17 00:00:00-05:00,3.0399999618530273,3.0850000381469727,2.9100000858306885,2.950000047683716,57700,0.0,0.0
2025-11-18 00:00:00-05:00,2.930000066757202,2.9600000381469727,2.809999942779541,2.9000000953674316,48300,0.0,0.0
2025-11-19 00:00:00-05:00,2.890000104904175,2.930000066757202,2.8499999046325684,2.8499999046325684,10400,0.0,0.0
2025-11-20 00:00:00-05:00,2.9000000953674316,2.9000000953674316,2.799999952316284,2.799999952316284,28000,0.0,0.0
2025-11-21 00:00:00-05:00,2.799999952316284,2.8399999141693115,2.75,2.7699999809265137,23700,0.0,0.0
2025-11-24 00:00:00-05:00,2.809999942779541,2.825000047683716,2.7100000381469727,2.799999952316284,157200,0.0,0.0
2025-11-25 00:00:00-05:00,2.75,2.799999952316284,2.740000009536743,2.7899999618530273,31000,0.0,0.0
2025-11-26 00:00:00-05:00,2.809999942779541,2.930000066757202,2.799999952316284,2.9200000762939453,135600,0.0,0.0
2025-11-28 00:00:00-05:00,2.940000057220459,3.0799999237060547,2.940000057220459,3.069999933242798,80800,0.0,0.0
2025-12-01 00:00:00-05:00,3.0999999046325684,3.25,3.0199999809265137,3.1700000762939453,81000,0.0,0.0
2025-12-02 00:00:00-05:00,3.1500000953674316,3.2049999237060547,3.0899999141693115,3.119999885559082,78700,0.0,0.0
2025-12-03 00:00:00-05:00,3.119999885559082,3.1600000858306885,3.0999999046325684,3.1600000858306885,11700,0.0,0.0
2025-12-04 00:00:00-05:00,3.119999885559082,3.180000066757202,3.119999885559082,3.140000104904175,12400,0.0,0.0
2025-12-05 00:00:00-05:00,3.1549999713897705,3.177000045776367,3.109999895095825,3.109999895095825,10800,0.0,0.0
2025-12-08 00:00:00-05:00,3.109999895095825,3.130000114440918,2.9200000762939453,2.9200000762939453,40800,0.0,0.0
2025-12-09 00:00:00-05:00,2.859999895095825,2.9649999141693115,2.859999895095825,2.9000000953674316,24600,0.0,0.0
2025-12-10 00:00:00-05:00,2.9100000858306885,2.9549999237060547,2.880000114440918,2.890000104904175,71200,0.0,0.0
2025-12-11 00:00:00-05:00,2.880000114440918,3.0,2.880000114440918,2.9600000381469727,26400,0.0,0.0
2025-12-12 00:00:00-05:00,2.9600000381469727,2.990000009536743,2.859999895095825,2.9200000762939453,26500,0.0,0.0
2025-12-15 00:00:00-05:00,2.9200000762939453,2.9600000381469727,2.9200000762939453,2.9200000762939453,19600,0.0,0.0
2025-12-16 00:00:00-05:00,2.930000066757202,2.930999994277954,2.9200000762939453,2.930000066757202,10500,0.0,0.0
2025-12-17 00:00:00-05:00,2.9200000762939453,2.9800000190734863,2.868000030517578,2.9100000858306885,91200,0.0,0.0
2025-12-18 00:00:00-05:00,2.9000000953674316,3.1500000953674316,2.9000000953674316,3.049999952316284,119800,0.0,0.0
2025-12-19 00:00:00-05:00,3.0299999713897705,3.0360000133514404,2.819999933242798,2.9000000953674316,82100,0.0,0.0
2025-12-22 00:00:00-05:00,2.9000000953674316,2.9600000381469727,2.8299999237060547,2.8299999237060547,89200,0.0,0.0
2025-12-23 00:00:00-05:00,2.809999942779541,2.940000057220459,2.809999942779541,2.9200000762939453,87600,0.0,0.0
2025-12-24 00:00:00-05:00,2.9100000858306885,2.940000057220459,2.9000000953674316,2.9100000858306885,7700,0.0,0.0
2025-12-26 00:00:00-05:00,2.880000114440918,2.940000057220459,2.869999885559082,2.890000104904175,37300,0.0,0.0
2025-12-29 00:00:00-05:00,2.9000000953674316,2.950000047683716,2.9000000953674316,2.9100000858306885,25400,0.0,0.0
2025-12-30 00:00:00-05:00,2.890000104904175,3.0,2.890000104904175,2.9000000953674316,52600,0.0,0.0
2025-12-31 00:00:00-05:00,2.9100000858306885,2.9260001182556152,2.890000104904175,2.9000000953674316,9000,0.0,0.0
2026-01-02 00:00:00-05:00,2.9200000762939453,2.930000066757202,2.809999942779541,2.809999942779541,34400,0.0,0.0
2026-01-05 00:00:00-05:00,2.809999942779541,2.8299999237060547,2.7899999618530273,2.7929999828338623,29700,0.0,0.0
2026-01-06 00:00:00-05:00,2.799999952316284,2.859999895095825,2.7850000858306885,2.859999895095825,22100,0.0,0.0
2026-01-07 00:00:00-05:00,2.859999895095825,2.9000000953674316,2.859999895095825,2.869999885559082,22300,0.0,0.0
2026-01-08 00:00:00-05:00,2.869999885559082,2.927000045776367,2.869999885559082,2.9000000953674316,17400,0.0,0.0
2026-01-09 00:00:00-05:00,2.9149999618530273,2.927000045776367,2.9000000953674316,2.9049999713897705,16700,0.0,0.0
2026-01-12 00:00:00-05:00,2.9000000953674316,2.930000066757202,2.8499999046325684,2.8499999046325684,53200,0.0,0.0
2026-01-13 00:00:00-05:00,2.880000114440918,2.9000000953674316,2.859999895095825,2.9000000953674316,33000,0.0,0.0
2026-01-14 00:00:00-05:00,2.869999885559082,2.890000104904175,2.75,2.8399999141693115,40300,0.0,0.0
2026-01-15 00:00:00-05:00,2.8399999141693115,2.859999895095825,2.75,2.8299999237060547,40200,0.0,0.0
2026-01-16 00:00:00-05:00,2.8299999237060547,2.859999895095825,2.799999952316284,2.809999942779541,33700,0.0,0.0
2026-01-20 00:00:00-05:00,2.759999990463257,2.865000009536743,2.75,2.809999942779541,43800,0.0,0.0
2026-01-21 00:00:00-05:00,2.809999942779541,2.8259999752044678,2.799999952316284,2.805000066757202,18600,0.0,0.0
2026-01-22 00:00:00-05:00,2.8299999237060547,2.8499999046325684,2.799999952316284,2.799999952316284,19000,0.0,0.0
2026-01-23 00:00:00-05:00,2.799999952316284,2.8399999141693115,2.753000020980835,2.8299999237060547,17800,0.0,0.0
2026-01-26 00:00:00-05:00,2.8299999237060547,2.8499999046325684,2.7899999618530273,2.8350000381469727,15200,0.0,0.0
2026-01-27 00:00:00-05:00,2.8399999141693115,2.8499999046325684,2.799999952316284,2.799999952316284,10800,0.0,0.0
2026-01-28 00:00:00-05:00,2.799999952316284,2.819999933242798,2.799999952316284,2.819999933242798,8300,0.0,0.0
2026-01-29 00:00:00-05:00,2.799999952316284,2.859999895095825,2.799999952316284,2.8499999046325684,54300,0.0,0.0
2026-01-30 00:00:00-05:00,2.8499999046325684,2.859999895095825,2.799999952316284,2.859999895095825,30300,0.0,0.0
2026-02-02 00:00:00-05:00,2.799999952316284,2.990000009536743,2.799999952316284,2.869999885559082,99300,0.0,0.0
2026-02-03 00:00:00-05:00,2.9800000190734863,3.0299999713897705,2.799999952316284,2.9100000858306885,124200,0.0,0.0
2026-02-04 00:00:00-05:00,2.950000047683716,3.1600000858306885,2.8399999141693115,2.950000047683716,460500,0.0,0.0
2026-02-05 00:00:00-05:00,2.9700000286102295,3.0,2.7799999713897705,2.799999952316284,111100,0.0,0.0
2026-02-06 00:00:00-05:00,2.799999952316284,2.9800000190734863,2.7899999618530273,2.9800000190734863,77700,0.0,0.0
2026-02-09 00:00:00-05:00,2.9800000190734863,3.119999885559082,2.940000057220459,3.0299999713897705,150200,0.0,0.0
2026-02-10 00:00:00-05:00,3.0399999618530273,3.049999952316284,2.9800000190734863,3.0,78500,0.0,0.0
2026-02-11 00:00:00-05:00,3.0199999809265137,3.0399999618530273,2.819999933242798,2.8499999046325684,63800,0.0,0.0
2026-02-12 00:00:00-05:00,2.8499999046325684,2.890000104904175,2.765000104904175,2.890000104904175,132600,0.0,0.0
2026-02-13 00:00:00-05:00,2.890000104904175,2.930000066757202,2.859999895095825,2.9000000953674316,26100,0.0,0.0
2026-02-17 00:00:00-05:00,2.9000000953674316,3.0350000858306885,2.9000000953674316,3.0299999713897705,52800,0.0,0.0
2026-02-18 00:00:00-05:00,3.0299999713897705,3.0399999618530273,2.990000009536743,2.990000009536743,16700,0.0,0.0
2026-02-19 00:00:00-05:00,3.0,3.0,2.950000047683716,2.990000009536743,16200,0.0,0.0
2026-02-20 00:00:00-05:00,2.990000009536743,2.990000009536743,2.9000000953674316,2.9000000953674316,60700,0.0,0.0
2026-02-23 00:00:00-05:00,2.890000104904175,2.9000000953674316,2.8499999046325684,2.9000000953674316,75800,0.0,0.0
2026-02-24 00:00:00-05:00,2.890000104904175,2.9100000858306885,2.8499999046325684,2.880000114440918,37200,0.0,0.0
2026-02-25 00:00:00-05:00,2.9100000858306885,2.990000009536743,2.859999895095825,2.940000057220459,83500,0.0,0.0
2026-02-26 00:00:00-05:00,2.950000047683716,2.990000009536743,2.9200000762939453,2.940000057220459,32600,0.0,0.0
2026-02-27 00:00:00-05:00,2.950000047683716,2.9600000381469727,2.9000000953674316,2.9200000762939453,74400,0.0,0.0
2026-03-02 00:00:00-05:00,2.9100000858306885,2.940000057220459,2.9100000858306885,2.9100000858306885,20900,0.0,0.0
2026-03-03 00:00:00-05:00,2.9100000858306885,2.9800000190734863,2.9000000953674316,2.9800000190734863,39600,0.0,0.0
2026-03-04 00:00:00-05:00,2.9700000286102295,2.9800000190734863,2.934999942779541,2.9600000381469727,19700,0.0,0.0
2026-03-05 00:00:00-05:00,2.940000057220459,3.0,2.930000066757202,3.0,26600,0.0,0.0
2026-03-06 00:00:00-05:00,2.9800000190734863,3.005000114440918,2.940000057220459,2.990000009536743,44100,0.0,0.0
2026-03-09 00:00:00-04:00,2.950000047683716,2.9600000381469727,2.880000114440918,2.9200000762939453,29300,0.0,0.0
2026-03-10 00:00:00-04:00,2.9200000762939453,2.930000066757202,2.880000114440918,2.9000000953674316,21600,0.0,0.0
2026-03-11 00:00:00-04:00,2.9200000762939453,2.9200000762939453,2.8299999237060547,2.859999895095825,22100,0.0,0.0
2026-03-12 00:00:00-04:00,2.8499999046325684,2.859999895095825,2.799999952316284,2.809999942779541,34800,0.0,0.0
2026-03-13 00:00:00-04:00,2.8299999237060547,2.8299999237060547,2.75,2.809999942779541,34600,0.0,0.0
2026-03-16 00:00:00-04:00,2.799999952316284,2.799999952316284,2.7699999809265137,2.799999952316284,12700,0.0,0.0
2026-03-17 00:00:00-04:00,2.819999933242798,2.819999933242798,2.7699999809265137,2.809999942779541,16900,0.0,0.0
2026-03-18 00:00:00-04:00,2.809999942779541,2.809999942779541,2.7799999713897705,2.799999952316284,17000,0.0,0.0
2026-03-19 00:00:00-04:00,2.7799999713897705,2.809999942779541,2.7699999809265137,2.809999942779541,16400,0.0,0.0
2026-03-20 00:00:00-04:00,2.7799999713897705,2.7850000858306885,2.7200000286102295,2.7200000286102295,9200,0.0,0.0
2026-03-23 00:00:00-04:00,2.740000009536743,2.75,2.640000104904175,2.6700000762939453,32700,0.0,0.0
2026-03-24 00:00:00-04:00,2.6700000762939453,2.690000057220459,2.630000114440918,2.6600000858306885,13600,0.0,0.0
2026-03-25 00:00:00-04:00,2.6700000762939453,2.8299999237060547,2.630000114440918,2.8299999237060547,48900,0.0,0.0
2026-03-26 00:00:00-04:00,2.7899999618530273,2.9600000381469727,2.7899999618530273,2.930000066757202,35300,0.0,0.0
2026-03-27 00:00:00-04:00,2.930000066757202,2.930000066757202,2.6500000953674316,2.740000009536743,77700,0.0,0.0
2026-03-30 00:00:00-04:00,2.759999990463257,2.759999990463257,2.6500000953674316,2.6600000858306885,39900,0.0,0.0
2026-03-31 00:00:00-04:00,2.6700000762939453,2.740000009536743,2.6500000953674316,2.7100000381469727,23100,0.0,0.0
2026-04-01 00:00:00-04:00,2.7300000190734863,2.880000114440918,2.7049999237060547,2.880000114440918,32700,0.0,0.0
2026-04-02 00:00:00-04:00,2.799999952316284,2.9600000381469727,2.7750000953674316,2.9200000762939453,43800,0.0,0.0
2026-04-06 00:00:00-04:00,2.950000047683716,2.950000047683716,2.9000000953674316,2.930000066757202,18100,0.0,0.0
2026-04-07 00:00:00-04:00,2.9200000762939453,2.9200000762939453,2.869999885559082,2.890000104904175,14500,0.0,0.0
2026-04-08 00:00:00-04:00,2.9000000953674316,2.9000000953674316,2.700000047683716,2.7100000381469727,46800,0.0,0.0
2026-04-09 00:00:00-04:00,2.7100000381469727,2.7200000286102295,2.6600000858306885,2.680000066757202,18400,0.0,0.0
2026-04-10 00:00:00-04:00,2.700000047683716,2.7100000381469727,2.6500000953674316,2.690000057220459,17600,0.0,0.0
2026-04-13 00:00:00-04:00,2.6700000762939453,2.690000057220459,2.5899999141693115,2.690000057220459,39900,0.0,0.0
2026-04-14 00:00:00-04:00,2.6600000858306885,2.700000047683716,2.630000114440918,2.6700000762939453,8600,0.0,0.0
2026-04-15 00:00:00-04:00,2.6700000762939453,2.7699999809265137,2.6700000762939453,2.7699999809265137,15500,0.0,0.0
2026-04-16 00:00:00-04:00,2.7300000190734863,2.799999952316284,2.7300000190734863,2.7699999809265137,20900,0.0,0.0
2026-04-17 00:00:00-04:00,2.7799999713897705,2.7899999618530273,2.7300000190734863,2.7899999618530273,36100,0.0,0.0
2026-04-20 00:00:00-04:00,2.7799999713897705,2.7799999713897705,2.75,2.7799999713897705,18300,0.0,0.0
2026-04-21 00:00:00-04:00,2.7899999618530273,2.809999942779541,2.7799999713897705,2.809999942779541,14800,0.0,0.0
2026-04-22 00:00:00-04:00,2.819999933242798,2.8299999237060547,2.7899999618530273,2.799999952316284,10400,0.0,0.0
2026-04-23 00:00:00-04:00,2.809999942779541,2.819999933242798,2.7699999809265137,2.7699999809265137,10000,0.0,0.0
2026-04-24 00:00:00-04:00,2.7799999713897705,2.7899999618530273,2.75,2.7899999618530273,11500,0.0,0.0
2026-04-27 00:00:00-04:00,2.7699999809265137,2.799999952316284,2.759999990463257,2.7799999713897705,24000,0.0,0.0
2026-04-28 00:00:00-04:00,2.7699999809265137,2.9149999618530273,2.75,2.859999895095825,110100,0.0,0.0
2026-04-29 00:00:00-04:00,2.8499999046325684,2.8499999046325684,2.799999952316284,2.799999952316284,12000,0.0,0.0
2026-04-30 00:00:00-04:00,2.809999942779541,2.8299999237060547,2.7899999618530273,2.8299999237060547,25400,0.0,0.0
2026-05-01 00:00:00-04:00,2.8299999237060547,2.8499999046325684,2.799999952316284,2.8499999046325684,8500,0.0,0.0
2026-05-04 00:00:00-04:00,2.8299999237060547,2.880000114440918,2.7699999809265137,2.799999952316284,53100,0.0,0.0
2026-05-05 00:00:00-04:00,2.799999952316284,2.8949999809265137,2.799999952316284,2.880000114440918,154200,0.0,0.0
2026-05-06 00:00:00-04:00,2.950000047683716,3.4000000953674316,2.940000057220459,3.190000057220459,527700,0.0,0.0
2026-05-07 00:00:00-04:00,3.200000047683716,3.680000066757202,3.200000047683716,3.5799999237060547,257200,0.0,0.0
2026-05-08 00:00:00-04:00,3.569999933242798,3.640000104904175,3.369999885559082,3.4700000286102295,58900,0.0,0.0
2026-05-11 00:00:00-04:00,3.4600000381469727,3.490999937057495,3.25,3.259999990463257,73400,0.0,0.0
2026-05-12 00:00:00-04:00,3.2300000190734863,3.2300000190734863,2.9100000858306885,3.0,187400,0.0,0.0
2026-05-13 00:00:00-04:00,2.9800000190734863,3.0290000438690186,2.9000000953674316,2.9700000286102295,50700,0.0,0.0
2026-05-14 00:00:00-04:00,2.9600000381469727,3.009999990463257,2.9600000381469727,2.9600000381469727,21200,0.0,0.0
2026-05-15 00:00:00-04:00,2.9600000381469727,3.0899999141693115,2.9600000381469727,3.069999933242798,27900,0.0,0.0
2026-05-18 00:00:00-04:00,3.0799999237060547,3.109999895095825,3.0399999618530273,3.069999933242798,30600,0.0,0.0
2026-05-19 00:00:00-04:00,3.059999942779541,3.1500000953674316,3.059999942779541,3.140000104904175,33600,0.0,0.0
2026-05-20 00:00:00-04:00,3.130000114440918,3.3299999237060547,3.119999885559082,3.25,85000,0.0,0.0
2026-05-21 00:00:00-04:00,3.25,3.2699999809265137,3.180000066757202,3.2300000190734863,18500,0.0,0.0
2026-05-22 00:00:00-04:00,3.200000047683716,3.319999933242798,3.190000057220459,3.2899999618530273,52000,0.0,0.0
2026-05-26 00:00:00-04:00,3.3299999237060547,3.549999952316284,3.305000066757202,3.490000009536743,53600,0.0,0.0
2026-05-27 00:00:00-04:00,3.440000057220459,3.5999999046325684,3.4010000228881836,3.5,51900,0.0,0.0
2026-05-28 00:00:00-04:00,3.5,3.75,3.428999900817871,3.7300000190734863,49500,0.0,0.0
2026-05-29 00:00:00-04:00,3.75,3.75,3.509999990463257,3.6700000762939453,52200,0.0,0.0
2026-06-01 00:00:00-04:00,3.5299999713897705,3.9700000286102295,3.390000104904175,3.940000057220459,146000,0.0,0.0
2026-06-02 00:00:00-04:00,3.9100000858306885,3.950000047683716,3.8499999046325684,3.880000114440918,94000,0.0,0.0
2026-06-03 00:00:00-04:00,3.7899999618530273,4.199999809265137,3.6600000858306885,4.110000133514404,123200,0.0,0.0
2026-06-04 00:00:00-04:00,4.139999866485596,4.381999969482422,4.130000114440918,4.150000095367432,80700,0.0,0.0
2026-06-05 00:00:00-04:00,4.090000152587891,4.349999904632568,3.5999999046325684,4.289999961853027,113200,0.0,0.0
2026-06-08 00:00:00-04:00,4.360000133514404,4.5,4.340000152587891,4.440000057220459,68200,0.0,0.0
2026-06-09 00:00:00-04:00,4.510000228881836,4.679999828338623,4.510000228881836,4.639999866485596,90600,0.0,0.0
2026-06-10 00:00:00-04:00,4.599999904632568,4.789999961853027,4.429999828338623,4.710000038146973,119400,0.0,0.0
2026-06-11 00:00:00-04:00,4.730000019073486,4.78000020980835,4.170000076293945,4.309999942779541,148966,0.0,0.0
