Date,Open,High,Low,Close,Volume,Dividends,Stock Splits
2022-01-03 00:00:00-05:00,11.742781319029326,11.742781319029326,11.520860269375524,11.622309684753418,36900,0.0,0.0
2022-01-04 00:00:00-05:00,11.634988837960186,11.647670314690258,11.41306783267267,11.438430786132812,81200,0.0,0.0
2022-01-05 00:00:00-05:00,11.43209168595248,11.444771955127413,11.032633577319356,11.070676803588867,55200,0.0,0.0
2022-01-06 00:00:00-05:00,11.032632073010998,11.115060462956846,10.943864154028264,10.994588851928711,71400,0.0,0.0
2022-01-07 00:00:00-05:00,10.9945880311312,11.064334939051955,10.83607321085465,10.886797904968262,51300,0.0,0.0
2022-01-10 00:00:00-05:00,10.886798483943979,10.988247877566426,10.664877481880309,10.747305870056152,59100,0.0,0.0
2022-01-11 00:00:00-05:00,10.785347719921958,11.184804505383358,10.785347719921958,11.019948959350586,44700,0.0,0.0
2022-01-12 00:00:00-05:00,11.096037332542787,11.096037332542787,11.01361015876762,11.038971900939941,38900,0.0,0.0
2022-01-13 00:00:00-05:00,11.070676104522889,11.222851418736429,11.064336575021915,11.10237979888916,50600,0.0,0.0
2022-01-14 00:00:00-05:00,11.070673960429849,11.210167769880666,10.956544310931973,11.096036911010742,46600,0.0,0.0
2022-01-18 00:00:00-05:00,11.070674915008125,11.121400820543794,10.721942780055455,10.855095863342285,69200,0.0,0.0
2022-01-19 00:00:00-05:00,10.842414386958367,11.216509474678872,10.810710695998575,10.855095863342285,39100,0.0,0.0
2022-01-20 00:00:00-05:00,10.855094423309998,10.975564804859207,10.791688259173997,10.842412948608398,35200,0.0,0.0
2022-01-21 00:00:00-05:00,10.766326695316495,10.766326695316495,10.02447786569647,10.297122955322266,99300,0.0,0.0
2022-01-24 00:00:00-05:00,10.163970887733893,10.354188191614986,9.739150508966075,10.335165977478027,52300,0.0,0.0
2022-01-25 00:00:00-05:00,10.068862714200774,10.335167089217506,9.980094186071112,10.106905937194824,33500,0.0,0.0
2022-01-26 00:00:00-05:00,10.259078005763456,10.626832291820785,10.10056320643923,10.233715057373047,28800,0.0,0.0
2022-01-27 00:00:00-05:00,10.240058617101383,10.398573460119584,10.087884512928582,10.18933391571045,38100,0.0,0.0
2022-01-28 00:00:00-05:00,10.15763199870615,10.366871554812576,10.02447949893968,10.316146850585938,30000,0.0,0.0
2022-01-31 00:00:00-05:00,10.240059112560493,10.512704849243164,10.240059112560493,10.512704849243164,58600,0.0,0.0
2022-02-01 00:00:00-05:00,10.51904558839536,10.645857952694572,10.417596180704923,10.512704849243164,62000,0.0,0.0
2022-02-02 00:00:00-05:00,10.52538382138878,10.671217159048423,10.493680133176653,10.633173942565918,43900,0.0,0.0
2022-02-03 00:00:00-05:00,10.48100184084361,10.563429026972141,10.347848744023953,10.455638885498047,66200,0.0,0.0
2022-02-04 00:00:00-05:00,10.373210863201617,10.436615827710003,10.214696033186296,10.328826904296875,54900,0.0,0.0
2022-02-07 00:00:00-05:00,10.34150735621368,10.385891315910857,10.246398698380842,10.265420913696289,31200,0.0,0.0
2022-02-08 00:00:00-05:00,10.284443456609454,10.519045976404934,10.26542244782359,10.385892868041992,30800,0.0,0.0
2022-02-09 00:00:00-05:00,10.45563868473821,10.538067078656299,10.41759546182261,10.493681907653809,55400,0.0,0.0
2022-02-10 00:00:00-05:00,10.423934562508562,10.48734073031901,10.233716059077215,10.27810001373291,50100,0.0,0.0
2022-02-11 00:00:00-05:00,10.240056938371765,10.278100155835187,9.992774210801418,10.075201988220215,43900,0.0,0.0
2022-02-14 00:00:00-05:00,10.005455100631439,10.208354478001846,9.815237198896826,9.853281021118164,50400,0.0,0.0
2022-02-15 00:00:00-05:00,9.878643943358396,10.049840246301422,9.878643943358396,9.954730987548828,31000,0.0,0.0
2022-02-16 00:00:00-05:00,9.935711762097888,10.01813956425717,9.872305574379604,9.967414855957031,52700,0.0,0.0
2022-02-17 00:00:00-05:00,9.891325843704958,10.024478327917045,9.751832621033701,9.897665977478027,49000,0.0,0.0
2022-02-18 00:00:00-05:00,9.846941041895136,9.859622518507893,9.720129299198003,9.770853996276855,40700,0.0,0.0
2022-02-22 00:00:00-05:00,9.73915032955172,9.73915032955172,9.517229944216634,9.548933029174805,92200,0.0,0.0
2022-02-23 00:00:00-05:00,9.548934510637888,9.663064787633493,9.295310396310239,9.314332008361816,60300,0.0,0.0
2022-02-24 00:00:00-05:00,9.187517472602051,9.479184722749068,9.060705756165515,9.460163116455078,45800,0.0,0.0
2022-02-25 00:00:00-05:00,9.498205914311157,9.713786125183105,9.485525045564184,9.713786125183105,42200,0.0,0.0
2022-02-28 00:00:00-05:00,9.599657684178231,9.758172503638127,9.580635470469089,9.745491027832031,23100,0.0,0.0
2022-03-01 00:00:00-05:00,9.751832281983454,9.758173020222172,9.599658192370724,9.656723022460938,56600,0.0,0.0
2022-03-02 00:00:00-05:00,9.68208589847401,9.85962233494468,9.68208589847401,9.834259986877441,31400,0.0,0.0
2022-03-03 00:00:00-05:00,9.891324043273926,9.97375120949525,9.834258616900708,9.891324043273926,100700,0.0,0.0
2022-03-04 00:00:00-05:00,9.764513681710188,9.992775433156734,9.764513681710188,9.980093955993652,87900,0.0,0.0
2022-03-07 00:00:00-05:00,10.018137069178259,10.0688617648451,9.827919158084569,9.865962982177734,150100,0.0,0.0
2022-03-08 00:00:00-05:00,9.967411727105862,10.075201849579024,9.78987469909946,9.815237045288086,126100,0.0,0.0
2022-03-09 00:00:00-05:00,9.986434467034558,10.14494929984463,9.923028292036088,9.999115943908691,89600,0.0,0.0
2022-03-10 00:00:00-05:00,9.948390675779194,10.056180810840697,9.82791966848545,9.897665977478027,47900,0.0,0.0
2022-03-11 00:00:00-05:00,9.929367600829757,10.138607101637586,9.929367600829757,9.986433029174805,201700,0.0,0.0
2022-03-14 00:00:00-04:00,10.002693870932701,10.158782571955197,9.58645671463135,9.599464416503906,34200,0.395,0.0
2022-03-15 00:00:00-04:00,9.671005368456134,9.950664769383993,9.59946486553474,9.918146133422852,25600,0.0,0.0
2022-03-16 00:00:00-04:00,10.00269277000708,10.535996703498993,10.00269277000708,10.373403549194336,93900,0.0,0.0
2022-03-17 00:00:00-04:00,10.379908178286653,10.991255879332115,10.340885694277166,10.89370059967041,98900,0.0,0.0
2022-03-18 00:00:00-04:00,10.82866351569917,11.283923149108887,10.82866351569917,11.283923149108887,38700,0.0,0.0
2022-03-21 00:00:00-04:00,11.283922478674935,11.283922478674935,10.796144860638405,10.828662872314453,100700,0.0,0.0
2022-03-22 00:00:00-04:00,10.848176322573659,11.11482803453884,10.848176322573659,11.01076889038086,41500,0.0,0.0
2022-03-23 00:00:00-04:00,10.900203607800107,11.010766580332309,10.783136785062178,10.796144485473633,74900,0.0,0.0
2022-03-24 00:00:00-04:00,10.841672023165305,10.958738865628051,10.698591015979057,10.945731163024902,34000,0.0,0.0
2022-03-25 00:00:00-04:00,10.945730164855497,10.978248177915173,10.770129917174817,10.89370059967041,46800,0.0,0.0
2022-03-28 00:00:00-04:00,10.87418704264105,10.991253852844238,10.828661336558133,10.991253852844238,37000,0.0,0.0
2022-03-29 00:00:00-04:00,11.036782596038433,11.1993751570669,10.841672018997393,11.127835273742676,44300,0.0,0.0
2022-03-30 00:00:00-04:00,11.179864060000698,11.472529905047866,10.997759957839584,11.335952758789062,73600,0.0,0.0
2022-03-31 00:00:00-04:00,11.36196663654879,11.407493591308594,11.082308500206059,11.407493591308594,79800,0.0,0.0
2022-04-01 00:00:00-04:00,11.531062775841361,11.531062775841361,11.15384812818694,11.348959922790527,74900,0.0,0.0
2022-04-04 00:00:00-04:00,11.257905377619636,11.303431083287265,10.828661237778503,11.0888090133667,70100,0.0,0.0
2022-04-05 00:00:00-04:00,11.056293562357057,11.088811576641486,10.54900435233395,10.724604606628418,109900,0.0,0.0
2022-04-06 00:00:00-04:00,10.562012762736515,10.744116880199886,10.314871992100286,10.41242790222168,63300,0.0,0.0
2022-04-07 00:00:00-04:00,10.379908479201204,10.835167497889403,10.22381977912091,10.438441276550293,69900,0.0,0.0
2022-04-08 00:00:00-04:00,10.438441567459328,10.84167165093308,10.256338699198654,10.295360565185547,138400,0.0,0.0
2022-04-11 00:00:00-04:00,10.295360942953684,10.392916231741896,10.132768381479062,10.165287017822266,35800,0.0,0.0
2022-04-12 00:00:00-04:00,10.262840153154425,10.353892191761629,10.022203287093888,10.067728996276855,53500,0.0,0.0
2022-04-13 00:00:00-04:00,10.126263425398443,10.33438230314458,10.119760195032418,10.301863670349121,47100,0.0,0.0
2022-04-14 00:00:00-04:00,10.301863670349121,10.529493479675999,10.230322554150845,10.301863670349121,42400,0.0,0.0
2022-04-18 00:00:00-04:00,10.308367150966532,10.38641149472965,10.152277843198984,10.340885162353516,66800,0.0,0.0
2022-04-19 00:00:00-04:00,10.243331361462163,10.555508781428946,10.21731657646493,10.50998306274414,31600,0.0,0.0
2022-04-20 00:00:00-04:00,10.535997303185086,10.568515315655578,10.41893047351906,10.503478050231934,31800,0.0,0.0
2022-04-21 00:00:00-04:00,10.503476163784216,10.562009568104498,10.249832238717948,10.262839317321777,41800,0.0,0.0
2022-04-22 00:00:00-04:00,10.262839449547181,10.27584714855982,9.807580528205673,10.126261711120605,98700,0.0,0.0
2022-04-25 00:00:00-04:00,9.879121894191615,10.074233055114746,9.762055693830764,10.074233055114746,45800,0.0,0.0
2022-04-26 00:00:00-04:00,10.002694297112475,10.093746353375687,9.78156831778852,9.957168579101562,43900,0.0,0.0
2022-04-27 00:00:00-04:00,9.957167998579786,10.340885894177141,9.859612096790883,9.989686012268066,47300,0.0,0.0
2022-04-28 00:00:00-04:00,10.041714149815842,10.145773887634277,9.833595914661503,10.145773887634277,78100,0.0,0.0
2022-04-29 00:00:00-04:00,10.074235059067263,10.074235059067263,9.716531296261147,9.742546081542969,65800,0.0,0.0
2022-05-02 00:00:00-04:00,9.697021015957388,9.89213222884262,9.495406571494424,9.814087867736816,75500,0.0,0.0
2022-05-03 00:00:00-04:00,9.885624939262184,10.067728385181937,9.657995786922802,9.937654495239258,37400,0.0,0.0
2022-05-04 00:00:00-04:00,9.91164025284438,10.145773887634277,9.631981529416054,10.145773887634277,44500,0.0,0.0
2022-05-05 00:00:00-04:00,10.074236210542034,10.074236210542034,9.57345138156741,9.788073539733887,54600,0.0,0.0
2022-05-06 00:00:00-04:00,9.729538709891147,9.840101699113657,9.501908880258595,9.723034858703613,44300,0.0,0.0
2022-05-09 00:00:00-04:00,9.657997603140414,9.657997603140414,9.04014542430143,9.157212257385254,160900,0.0,0.0
2022-05-10 00:00:00-04:00,9.313300954669455,9.313300954669455,8.981612628000867,9.157212257385254,71800,0.0,0.0
2022-05-11 00:00:00-04:00,9.059657764254093,9.254768342700816,8.929583218301072,8.949094772338867,63600,0.0,0.0
2022-05-12 00:00:00-04:00,8.897064117508585,9.014130326258053,8.623908596690947,8.793004989624023,78600,0.0,0.0
2022-05-13 00:00:00-04:00,8.85804051587214,9.092173524046995,8.85804051587214,9.040143966674805,30200,0.0,0.0
2022-05-16 00:00:00-04:00,9.01413133659846,9.131198178710582,9.001124254275666,9.098679542541504,18300,0.0,0.0
2022-05-17 00:00:00-04:00,9.202739418748742,9.358828760806649,9.176724631779331,9.274280548095703,43800,0.0,0.0
2022-05-18 00:00:00-04:00,9.209241896627125,9.261271462803668,8.812516299470644,8.91657543182373,67900,0.0,0.0
2022-05-19 00:00:00-04:00,8.812516462887071,8.955598082646501,8.78650167931639,8.871049880981445,67400,0.0,0.0
2022-05-20 00:00:00-04:00,9.085673742356759,9.085673742356759,8.669436505185713,8.864547729492188,64200,0.0,0.0
2022-05-23 00:00:00-04:00,8.897065279486814,9.098679711034151,8.87105049411808,9.053153991699219,51000,0.0,0.0
2022-05-24 00:00:00-04:00,9.01412918798871,9.04664781640664,8.845033436649718,9.040143966674805,29500,0.0,0.0
2022-05-25 00:00:00-04:00,8.910071794372351,9.358827588693666,8.910071794372351,9.267775535583496,49100,0.0,0.0
2022-05-26 00:00:00-04:00,9.267775212986722,9.885626769804233,9.267775212986722,9.449878692626953,58300,0.0,0.0
2022-05-27 00:00:00-04:00,9.449882016759533,9.710030556569365,9.430371077852305,9.566948890686035,41100,0.0,0.0
2022-05-31 00:00:00-04:00,9.573449420535743,9.840101100591689,9.462886438038202,9.501908302307129,58400,0.0,0.0
2022-06-01 00:00:00-04:00,9.50190776545964,9.60596751152733,9.482396834427522,9.514915466308594,69700,0.0,0.0
2022-06-02 00:00:00-04:00,9.482398151758613,9.742546002465287,9.449879515359928,9.638486862182617,33000,0.0,0.0
2022-06-03 00:00:00-04:00,9.547434803409121,9.573449586787293,9.44987890055996,9.456382751464844,41400,0.0,0.0
2022-06-06 00:00:00-04:00,9.52792375138592,9.625479659361636,9.456383248396845,9.48239803314209,42000,0.0,0.0
2022-06-07 00:00:00-04:00,9.44987882674357,9.827093492901168,9.44987882674357,9.697019577026367,78200,0.0,0.0
2022-06-08 00:00:00-04:00,9.762056210571812,9.885626267560747,9.592959820804795,9.60596752166748,42600,0.0,0.0
2022-06-09 00:00:00-04:00,9.482396787564108,9.71002658936531,9.462885856628418,9.462885856628418,43500,0.0,0.0
2022-06-10 00:00:00-04:00,9.319804555136011,9.397848901681973,9.092174745862621,9.189730644226074,52000,0.0,0.0
2022-06-13 00:00:00-04:00,8.910071236438995,9.0466489974313,8.734471612443935,8.753982543945312,58600,0.0,0.0
2022-06-14 00:00:00-04:00,8.797535548674734,8.971744325240987,8.643427588175841,8.723832130432129,75600,0.395,0.0
2022-06-15 00:00:00-04:00,8.723832314746815,8.92484175765414,8.697030374099507,8.831037521362305,72100,0.0,0.0
2022-06-16 00:00:00-04:00,8.690331073717411,8.737233194808963,8.40891706918115,8.469220161437988,39200,0.0,0.0
2022-06-17 00:00:00-04:00,8.42231639136725,8.589824676885252,8.408916060802378,8.455818176269531,59300,0.0,0.0
2022-06-21 00:00:00-04:00,8.549622004855255,8.690328973112036,8.549622004855255,8.636726379394531,57400,0.0,0.0
2022-06-22 00:00:00-04:00,8.576424723074842,8.730532045804367,8.549623421774342,8.670228958129883,69200,0.0,0.0
2022-06-23 00:00:00-04:00,8.757332193500282,8.757332193500282,8.576423593301373,8.697029113769531,75300,0.0,0.0
2022-06-24 00:00:00-04:00,8.757333113811297,8.965043672601881,8.750633267909723,8.891340255737305,56000,0.0,0.0
2022-06-27 00:00:00-04:00,8.924841371233708,8.958343156598874,8.844437469753352,8.884639739990234,82100,0.0,0.0
2022-06-28 00:00:00-04:00,8.965044029631667,9.01864663293941,8.804236219708432,8.831037521362305,32600,0.0,0.0
2022-06-29 00:00:00-04:00,8.88463841196913,8.938241004943848,8.723830633044978,8.938241004943848,53800,0.0,0.0
2022-06-30 00:00:00-04:00,8.88463844363113,9.058847190916444,8.76403228951156,8.944941520690918,53800,0.0,0.0
2022-07-01 00:00:00-04:00,8.991843647126139,9.206254020198363,8.851136680049164,9.078948020935059,111900,0.0,0.0
2022-07-05 00:00:00-04:00,9.011946162162651,9.434067143130015,8.851138351982733,9.105751037597656,81500,0.0,0.0
2022-07-06 00:00:00-04:00,9.139254088883416,9.206257032898193,8.978445617462196,9.172755241394043,48000,0.0,0.0
2022-07-07 00:00:00-04:00,9.192854344973698,9.306760023515139,9.125850779128136,9.279958724975586,52900,0.0,0.0
2022-07-08 00:00:00-04:00,9.30005953913191,9.353662136211016,9.179453376207242,9.279958724975586,51400,0.0,0.0
2022-07-11 00:00:00-04:00,9.279959235080979,9.286659080839126,9.112450950252754,9.18615436553955,51700,0.0,0.0
2022-07-12 00:00:00-04:00,9.166052786744663,9.23305571169856,9.078948409210588,9.15935230255127,32500,0.0,0.0
2022-07-13 00:00:00-04:00,9.025345646016794,9.092348569726203,8.95834208331405,9.058847427368164,48100,0.0,0.0
2022-07-14 00:00:00-04:00,8.971743872892521,9.08564955652023,8.790834620427312,9.0320463180542,53500,0.0,0.0
2022-07-15 00:00:00-04:00,9.065548412265098,9.300060272216797,9.03874711161291,9.300060272216797,43500,0.0,0.0
2022-07-18 00:00:00-04:00,9.387164306236567,9.68867908698858,9.346962037272718,9.360363006591797,46900,0.0,0.0
2022-07-19 00:00:00-04:00,9.440766718805826,9.594874028966961,9.407264935164116,9.521170616149902,40900,0.0,0.0
2022-07-20 00:00:00-04:00,9.601575055345622,10.030396504374014,9.507770183653765,9.702079772949219,51600,0.0,0.0
2022-07-21 00:00:00-04:00,9.67527644935355,9.742280006408691,9.574771752764118,9.742280006408691,42800,0.0,0.0
2022-07-22 00:00:00-04:00,9.849486309688668,10.057196849051257,9.661877223130857,9.708779335021973,105900,0.0,0.0
2022-07-25 00:00:00-04:00,9.708780505059373,10.010295304540744,9.661878387515927,9.822686195373535,37100,0.0,0.0
2022-07-26 00:00:00-04:00,9.802584197797552,9.842785825420409,9.675277552674025,9.708779335021973,58300,0.0,0.0
2022-07-27 00:00:00-04:00,9.78248434160308,9.882989059492076,9.68867946964485,9.84278678894043,27200,0.0,0.0
2022-07-28 00:00:00-04:00,9.862887382507324,10.003594358661742,9.728880890692011,9.862887382507324,41300,0.0,0.0
2022-07-29 00:00:00-04:00,9.963393777868928,10.05049817203915,9.923192143017111,10.016996383666992,29900,0.0,0.0
2022-08-01 00:00:00-04:00,9.970093216751485,10.238106217607681,9.869587862185362,10.063898086547852,66100,0.0,0.0
2022-08-02 00:00:00-04:00,10.050495865632112,10.251505910743417,9.896388569075878,9.936590194702148,41600,0.0,0.0
2022-08-03 00:00:00-04:00,9.9164900571178,10.238105640000526,9.9164900571178,10.144301414489746,81900,0.0,0.0
2022-08-04 00:00:00-04:00,10.204606138511892,10.244808414857065,10.043798311118206,10.084000587463379,43600,0.0,0.0
2022-08-05 00:00:00-04:00,10.023694430868536,10.104098320007324,9.82268438852491,10.104098320007324,43200,0.0,0.0
2022-08-08 00:00:00-04:00,10.063897082764266,10.251506164651278,10.016994333047512,10.184502601623535,85100,0.0,0.0
2022-08-09 00:00:00-04:00,10.171102908157,10.264907135467055,10.0035946291109,10.251506805419922,78000,0.0,0.0
2022-08-10 00:00:00-04:00,10.412315713893753,10.546322223668467,10.25820838740119,10.486019134521484,50300,0.0,0.0
2022-08-11 00:00:00-04:00,10.566422233253812,10.620024829827619,10.385512990572195,10.452516555786133,24100,0.0,0.0
2022-08-12 00:00:00-04:00,10.492718349124761,10.620024997239405,10.439115751705973,10.553021430969238,36900,0.0,0.0
2022-08-15 00:00:00-04:00,10.51282054756964,10.646827697753906,10.45251809677886,10.646827697753906,66500,0.0,0.0
2022-08-16 00:00:00-04:00,10.646827697753906,10.794235179560529,10.55302282042361,10.646827697753906,52100,0.0,0.0
2022-08-17 00:00:00-04:00,10.63342651269454,10.975142949591387,10.425716584286008,10.53292179107666,31600,0.0,0.0
2022-08-18 00:00:00-04:00,10.613324464450729,10.827734853148849,10.479317971514405,10.807633399963379,44400,0.0,0.0
2022-08-19 00:00:00-04:00,10.693727221154651,10.713828033205692,10.465915887931873,10.573121070861816,49200,0.0,0.0
2022-08-22 00:00:00-04:00,10.51281873248641,10.51281873248641,10.285008022291244,10.331910133361816,31000,0.0,0.0
2022-08-23 00:00:00-04:00,10.372112310491977,10.586523341745636,10.224705485309716,10.512819290161133,35100,0.0,0.0
2022-08-24 00:00:00-04:00,10.506118151027248,10.687026737473206,10.425714263829791,10.573121070861816,38400,0.0,0.0
2022-08-25 00:00:00-04:00,10.573122462857949,10.573122462857949,10.264907201859874,10.398914337158203,39000,0.0,0.0
2022-08-26 00:00:00-04:00,10.419015472242714,10.472618072412986,10.003595001426405,10.197904586791992,56200,0.0,0.0
2022-08-29 00:00:00-04:00,10.117499459720708,10.30510853756778,10.07059671101395,10.20460319519043,56600,0.0,0.0
2022-08-30 00:00:00-04:00,10.231404399930081,10.251505211371912,9.889687410452586,10.057195663452148,33600,0.0,0.0
2022-08-31 00:00:00-04:00,10.097399137905962,10.14430189186187,9.836086624265203,9.9097900390625,30300,0.0,0.0
2022-09-01 00:00:00-04:00,9.903087247727955,9.903087247727955,9.628373828659372,9.829383850097656,47000,0.0,0.0
2022-09-02 00:00:00-04:00,9.89639068530302,9.99689540985377,9.581474901920702,9.641777992248535,26700,0.0,0.0
2022-09-06 00:00:00-04:00,9.661879471062349,9.829387782781192,9.507771492004395,9.507771492004395,35400,0.0,0.0
2022-09-07 00:00:00-04:00,9.494371159343507,9.635078166747075,9.434068064885762,9.507771492004395,62300,0.0,0.0
2022-09-08 00:00:00-04:00,9.480967631642022,9.65517638222178,9.460866818573074,9.635075569152832,20000,0.0,0.0
2022-09-09 00:00:00-04:00,9.64847546041299,9.762381127624243,9.64847546041299,9.675276756286621,58900,0.0,0.0
2022-09-12 00:00:00-04:00,9.728882331330043,9.909790962321049,9.728882331330043,9.903090476989746,44500,0.0,0.0
2022-09-13 00:00:00-04:00,9.782483637970982,9.842786080970912,9.594873907548866,9.695379257202148,49200,0.0,0.0
2022-09-14 00:00:00-04:00,9.712601865897692,9.712601865897692,9.499062108980015,9.636829376220703,33100,0.395,0.0
2022-09-15 00:00:00-04:00,9.602386319147755,9.691935197051004,9.244191464460824,9.36129379272461,63400,0.0,0.0
2022-09-16 00:00:00-04:00,9.230414717702455,9.230414717702455,9.023764161590954,9.19597339630127,64200,0.0,0.0
2022-09-19 00:00:00-04:00,9.07198090037909,9.216636657714844,9.07198090037909,9.216636657714844,33300,0.0,0.0
2022-09-20 00:00:00-04:00,9.161531906241796,9.161531906241796,8.941103627355027,8.989322662353516,38000,0.0,0.0
2022-09-21 00:00:00-04:00,9.030651895110672,9.13397782852953,8.789559364318848,8.789559364318848,43500,0.0,0.0
2022-09-22 00:00:00-04:00,8.803335325184266,8.817112378394723,8.651791681425548,8.67934513092041,44100,0.0,0.0
2022-09-23 00:00:00-04:00,8.624238013838063,8.693121307370248,8.36936779129826,8.458916664123535,58900,0.0,0.0
2022-09-26 00:00:00-04:00,8.376256755619464,8.507136136946933,8.114498649890596,8.286707878112793,139500,0.0,0.0
2022-09-27 00:00:00-04:00,8.328037775162759,8.445140094376004,8.183382007718517,8.21782398223877,55900,0.0,0.0
2022-09-28 00:00:00-04:00,8.231600388359563,8.54846537188201,8.217823992689556,8.50024700164795,78600,0.0,0.0
2022-09-29 00:00:00-04:00,8.514024087395185,8.520912614251529,8.259154506045185,8.348703384399414,43300,0.0,0.0
2022-09-30 00:00:00-04:00,8.328038460756462,8.493359163752235,8.259154506045185,8.348703384399414,65900,0.0,0.0
2022-10-03 00:00:00-04:00,8.47269616341238,8.920439999895356,8.348705279556565,8.693123817443848,111100,0.0,0.0
2022-10-04 00:00:00-04:00,8.879108072807997,10.050130697181885,8.851554622478943,9.643716812133789,1166600,0.0,0.0
2022-10-05 00:00:00-04:00,9.50594899919458,9.919250729726322,9.368181755683999,9.822813987731934,158300,0.0,0.0
2022-10-06 00:00:00-04:00,9.726376089257666,9.767706588651095,9.53350195824901,9.616162300109863,102600,0.0,0.0
2022-10-07 00:00:00-04:00,9.56794540325445,10.938730766244058,9.54727982191612,10.828516960144043,293900,0.0,0.0
2022-10-10 00:00:00-04:00,10.800963846832863,10.800963846832863,10.125903277942747,10.249894142150879,86200,0.0,0.0
2022-10-11 00:00:00-04:00,10.160344970774842,10.449656541140824,10.06390756167748,10.132791519165039,63500,0.0,0.0
2022-10-12 00:00:00-04:00,10.098350474943503,10.525429342881262,9.974359602761966,10.380773544311523,77300,0.0,0.0
2022-10-13 00:00:00-04:00,10.187897927480176,10.394549132978113,9.884809974495655,10.208562850952148,63900,0.0,0.0
2022-10-14 00:00:00-04:00,10.665662565966894,10.752729117254951,10.012663085334745,10.034429550170898,55600,0.75,0.0
2022-10-17 00:00:00-04:00,10.201307449020655,10.201307449020655,9.54105156895783,9.584585189819336,52300,0.0,0.0
2022-10-18 00:00:00-04:00,9.802249235354193,9.816759977052646,9.54104896534963,9.635371208190918,99200,0.0,0.0
2022-10-19 00:00:00-04:00,9.664396793555477,9.686163951698429,9.38868568456945,9.410452842712402,53400,0.0,0.0
2022-10-20 00:00:00-04:00,9.49751923946042,9.64988588417692,9.236318881693006,9.265341758728027,47400,0.0,0.0
2022-10-21 00:00:00-04:00,9.33063980821284,9.374173425532524,8.917073557421027,9.025906562805176,43000,0.0,0.0
2022-10-24 00:00:00-04:00,9.120228417756534,9.141995571419173,8.800984442081255,8.982373237609863,49500,0.0,0.0
2022-10-25 00:00:00-04:00,8.982375233162701,9.686164109913793,8.982375233162701,9.555563926696777,36200,0.0,0.0
2022-10-26 00:00:00-04:00,9.678907625209503,9.76597417648962,9.359662911905632,9.729696273803711,31300,0.0,0.0
2022-10-27 00:00:00-04:00,9.729694509441416,10.20130577495036,9.664394434836845,9.969127655029297,35300,0.0,0.0
2022-10-28 00:00:00-04:00,10.034429644500197,11.115506864752277,9.831274356251622,10.730962753295898,79800,0.0,0.0
2022-10-31 00:00:00-04:00,10.810773671506222,11.957150987847934,10.418973837970999,11.732229232788086,94600,0.0,0.0
2022-11-01 00:00:00-04:00,12.065982852469824,12.312671741104351,10.796261893335942,10.883328437805176,147200,0.0,0.0
2022-11-02 00:00:00-04:00,10.970397014961009,10.970397014961009,10.150519371032715,10.150519371032715,46500,0.0,0.0
2022-11-03 00:00:00-04:00,10.0344286547524,10.0344286547524,9.23631763458252,9.23631763458252,52900,0.0,0.0
2022-11-04 00:00:00-04:00,10.027173286293563,10.027173286293563,9.105718482949383,9.141996383666992,58400,0.0,0.0
2022-11-07 00:00:00-05:00,9.207297037280364,9.424963779492598,9.025908200760751,9.098464012145996,46900,0.0,0.0
2022-11-08 00:00:00-05:00,9.156508341977778,9.468497360765365,9.09846396991639,9.221808433532715,38800,0.0,0.0
2022-11-09 00:00:00-05:00,9.200040440831836,9.882062045386636,9.200040440831836,9.388684272766113,43700,0.0,0.0
2022-11-10 00:00:00-05:00,9.700674783511534,10.012663800192557,9.548308134893302,9.649886131286621,54300,0.0,0.0
2022-11-11 00:00:00-05:00,9.838529747254809,9.860296211569942,9.475752112933286,9.67890739440918,52600,0.0,0.0
2022-11-14 00:00:00-05:00,9.664396878232242,9.896575056853615,9.381430739329446,9.649886131286621,60500,0.0,0.0
2022-11-15 00:00:00-05:00,9.67890720280287,9.94736256385317,9.57007349949486,9.809507369995117,50700,0.0,0.0
2022-11-16 00:00:00-05:00,9.896573264949678,10.194050788879395,9.831273185659084,10.194050788879395,82300,0.0,0.0
2022-11-17 00:00:00-05:00,9.98364239979441,10.295630749076798,9.519286697963201,9.628120422363281,53500,0.0,0.0
2022-11-18 00:00:00-05:00,9.700673030921548,9.853039652012185,9.446729123732732,9.64262866973877,73500,0.0,0.0
2022-11-21 00:00:00-05:00,9.606350753711647,9.744206630229979,9.403195489937824,9.490262031555176,31700,0.0,0.0
2022-11-22 00:00:00-05:00,9.577329569140767,9.860296377781047,9.439474370229926,9.519285202026367,44200,0.0,0.0
2022-11-23 00:00:00-05:00,9.526540130699464,9.722439680475341,9.43947358724981,9.512028694152832,73500,0.0,0.0
2022-11-25 00:00:00-05:00,9.475751214989524,9.758717300102008,9.45398406079367,9.707928657531738,32100,0.0,0.0
2022-11-28 00:00:00-05:00,9.707930502956092,9.744208408235384,9.577330320728036,9.649886131286621,42900,0.0,0.0
2022-11-29 00:00:00-05:00,9.54830732356293,9.889318497102586,9.5410516047349,9.765974044799805,37700,0.0,0.0
2022-11-30 00:00:00-05:00,9.722443029894889,10.07796573638916,9.591843515700054,10.07796573638916,44000,0.0,0.0
2022-12-01 00:00:00-05:00,10.106984285878854,10.288373088184256,9.809506760808935,9.947361946105957,41000,0.0,0.0
2022-12-02 00:00:00-05:00,9.74420826490496,9.925597096689827,9.620863803935773,9.838530540466309,47600,0.0,0.0
2022-12-05 00:00:00-05:00,9.599095971472275,9.794996228168493,9.54830732356293,9.765974044799805,50900,0.0,0.0
2022-12-06 00:00:00-05:00,9.780484644898001,10.520551347696383,9.693418096088207,10.382696151733398,95900,0.0,0.0
2022-12-07 00:00:00-05:00,10.252095585936354,10.491528758886476,10.136006858680949,10.266606330871582,21200,0.0,0.0
2022-12-08 00:00:00-05:00,10.360929423814294,10.360929423814294,9.976385311024428,10.302885055541992,50000,0.0,0.0
2022-12-09 00:00:00-05:00,10.259351293547482,10.288373475330703,9.983640220635195,10.114239692687988,33200,0.0,0.0
2022-12-12 00:00:00-05:00,11.064717380004225,11.064717380004225,10.048940323535295,10.418972969055176,119300,0.0,0.0
2022-12-13 00:00:00-05:00,10.593107618352299,10.810773654007981,10.375440890753165,10.636640548706055,61300,0.0,0.0
2022-12-14 00:00:00-05:00,10.6105424923816,10.953539689027227,10.51360913583483,10.535978317260742,33300,0.395,0.0
2022-12-15 00:00:00-05:00,10.43904480415183,10.767128756539636,10.252633289791977,10.431588172912598,20300,0.0,0.0
2022-12-16 00:00:00-05:00,10.28991400090685,10.580715459198341,10.043850900304797,10.439043045043945,44000,0.0,0.0
2022-12-19 00:00:00-05:00,10.215349888741608,10.319740583011448,9.917091778118387,9.961830139160156,38500,0.0,0.0
2022-12-20 00:00:00-05:00,9.857439792277734,10.275001131743227,9.75304910185966,9.775418281555176,35600,0.0,0.0
2022-12-21 00:00:00-05:00,9.84998362920719,10.245175807721575,9.760506195077712,10.051307678222656,31200,0.0,0.0
2022-12-22 00:00:00-05:00,9.894723094477214,10.20043785099384,9.842527389169486,9.999113082885742,33900,0.0,0.0
2022-12-23 00:00:00-05:00,9.842526268021523,10.021481122997477,9.730679661437396,9.738136291503906,48000,0.0,0.0
2022-12-27 00:00:00-05:00,9.73813714765224,9.961830380486944,9.529355754054798,9.589007377624512,43400,0.0,0.0
2022-12-28 00:00:00-05:00,9.603918351120027,9.879807222180602,9.536810112815484,9.700852394104004,36900,0.0,0.0
2022-12-29 00:00:00-05:00,9.708311202944708,10.058764308842639,9.566638065578793,10.051307678222656,49000,0.0,0.0
2022-12-30 00:00:00-05:00,10.051308325928781,10.178068210223138,9.693398566347172,10.096047401428223,87600,0.0,0.0
2023-01-03 00:00:00-05:00,10.081134497616716,10.088590417352858,9.559181716500154,9.909635543823242,30200,0.0,0.0
2023-01-04 00:00:00-05:00,9.849982726385774,9.924547603544317,9.484616392736319,9.57409381866455,72700,0.0,0.0
2023-01-05 00:00:00-05:00,9.454790904843245,9.611376583305594,9.290748596191406,9.290748596191406,77800,0.0,0.0
2023-01-06 00:00:00-05:00,9.320573978472002,9.514442087889027,9.320573978472002,9.48461627960205,56100,0.0,0.0
2023-01-09 00:00:00-05:00,9.53681303510816,9.760506994300375,9.39514059724507,9.477161407470703,47300,0.0,0.0
2023-01-10 00:00:00-05:00,9.454790620486511,9.618832213101337,9.365313194213867,9.43242073059082,50900,0.0,0.0
2023-01-11 00:00:00-05:00,9.41750749850867,9.60391896749474,9.395138321339271,9.529354095458984,65100,0.0,0.0
2023-01-12 00:00:00-05:00,9.566636531476862,9.663570580682018,9.529354095458984,9.529354095458984,52900,0.0,0.0
2023-01-13 00:00:00-05:00,9.536812126532922,9.641202820504885,9.529355496012762,9.551725387573242,55500,0.0,0.0
2023-01-17 00:00:00-05:00,9.559181222712569,9.879809221218412,9.559181222712569,9.715766906738281,41700,0.0,0.0
2023-01-18 00:00:00-05:00,9.723223729950114,9.88726604768229,9.611377115330203,9.641202926635742,43200,0.0,0.0
2023-01-19 00:00:00-05:00,9.55918111653822,9.864895850739634,9.529355306155239,9.626289367675781,37900,0.0,0.0
2023-01-20 00:00:00-05:00,9.611376655330208,9.708310715209807,9.42496516581638,9.462246894836426,75600,0.0,0.0
2023-01-23 00:00:00-05:00,9.536811172951811,9.633745226711225,9.454790378741547,9.492072105407715,92000,0.0,0.0
2023-01-24 00:00:00-05:00,9.536811266328417,9.618832061341761,9.44733384146749,9.48461627960205,89700,0.0,0.0
2023-01-25 00:00:00-05:00,9.432421585002855,9.566638092121169,9.328031600447222,9.499529838562012,51500,0.0,0.0
2023-01-26 00:00:00-05:00,9.544268010021808,9.62628880601351,9.454790584093576,9.57409381866455,60800,0.0,0.0
2023-01-27 00:00:00-05:00,9.536812084134901,9.671028588487388,9.536812084134901,9.633746147155762,54800,0.0,0.0
2023-01-30 00:00:00-05:00,9.529354213630974,9.663570700518404,9.45479005177388,9.618831634521484,50900,0.0,0.0
2023-01-31 00:00:00-05:00,9.618833193074089,9.753049701708802,9.581551461656398,9.745593070983887,48300,0.0,0.0
2023-02-01 00:00:00-05:00,9.715766714225587,9.89472228606865,9.589006843425812,9.849983215332031,56900,0.0,0.0
2023-02-02 00:00:00-05:00,9.946915921639588,10.058762516597026,9.857438503452977,9.902176856994629,44700,0.0,0.0
2023-02-03 00:00:00-05:00,9.8947237549546,9.902179675264707,9.671029790270635,9.730681419372559,55000,0.0,0.0
2023-02-06 00:00:00-05:00,9.730680261407995,9.782875252885024,9.656115378352164,9.708311080932617,50300,0.0,0.0
2023-02-07 00:00:00-05:00,9.671028061221952,9.894721985912476,9.626288991842495,9.83506965637207,46300,0.0,0.0
2023-02-08 00:00:00-05:00,9.820157352049607,9.89472223250586,9.656115041707892,9.775418281555176,48300,0.0,0.0
2023-02-09 00:00:00-05:00,9.79778643708798,9.835068159609815,9.678482507266972,9.700852394104004,41300,0.0,0.0
2023-02-10 00:00:00-05:00,9.678482507266972,9.738134827729114,9.626287526853783,9.700852394104004,41000,0.0,0.0
2023-02-13 00:00:00-05:00,9.969286553915635,9.969286553915635,9.708310890545013,9.782875061035156,44500,0.0,0.0
2023-02-14 00:00:00-05:00,9.753048951261519,9.849983009916516,9.700853962410132,9.827613830566406,38300,0.0,0.0
2023-02-15 00:00:00-05:00,9.917092276480988,9.917092276480988,9.760506582759055,9.842527389526367,25500,0.0,0.0
2023-02-16 00:00:00-05:00,9.835070350823168,9.932004415403657,9.775418728174165,9.797788619995117,36700,0.0,0.0
2023-02-17 00:00:00-05:00,9.753048674443127,10.051306760990506,9.663571248478913,9.96928596496582,37000,0.0,0.0
2023-02-21 00:00:00-05:00,9.835070506372547,9.864896318168768,9.708311339566194,9.745593070983887,59700,0.0,0.0
2023-02-22 00:00:00-05:00,9.708310313108584,9.924547603544317,9.57409381866455,9.57409381866455,48500,0.0,0.0
2023-02-23 00:00:00-05:00,9.678483128427176,9.745591371038692,9.454789934526548,9.529354095458984,27200,0.0,0.0
2023-02-24 00:00:00-05:00,9.596463489574345,9.596463489574345,9.41005199822029,9.454791069030762,59600,0.0,0.0
2023-02-27 00:00:00-05:00,9.492072198346273,9.738136005593027,9.454790471315075,9.48461627960205,37100,0.0,0.0
2023-02-28 00:00:00-05:00,9.492071602035907,9.62628808644724,9.492071602035907,9.51444149017334,28200,0.0,0.0
2023-03-01 00:00:00-05:00,9.51444199473144,9.603919418716279,9.492072105407715,9.492072105407715,47500,0.0,0.0
2023-03-02 00:00:00-05:00,9.492072198346273,9.506985458041441,9.402594773485346,9.48461627960205,34100,0.0,0.0
2023-03-03 00:00:00-05:00,9.536812384776873,9.603920639068662,9.506986572992016,9.589007377624512,27600,0.0,0.0
2023-03-06 00:00:00-05:00,9.618831634521484,9.678483248448492,9.574093279627894,9.618831634521484,37000,0.0,0.0
2023-03-07 00:00:00-05:00,9.618833488545588,9.618833488545588,9.439878612271128,9.447335243225098,25900,0.0,0.0
2023-03-08 00:00:00-05:00,9.43987791575055,9.551725238497044,9.38022629472712,9.544268608093262,27400,0.0,0.0
2023-03-09 00:00:00-05:00,9.671028104226941,9.671028104226941,9.342943490261018,9.357856750488281,39400,0.0,0.0
2023-03-10 00:00:00-05:00,9.342943722664241,9.417508603448566,9.119249791414672,9.141619682312012,39900,0.0,0.0
2023-03-13 00:00:00-04:00,9.089425840252575,9.335489712723426,9.067056655883789,9.067056655883789,49300,0.0,0.0
2023-03-14 00:00:00-04:00,9.212554622482775,9.342740409968027,9.18192271544638,9.22787094116211,44100,0.32,0.0
2023-03-15 00:00:00-04:00,8.998131246726999,9.151290781457899,8.998131246726999,9.120658874511719,60100,0.0,0.0
2023-03-16 00:00:00-04:00,9.044080691929578,9.28913598054548,8.990474299803074,9.250845909118652,20100,0.0,0.0
2023-03-17 00:00:00-04:00,9.365717124144483,9.365717124144483,9.082371711730957,9.082371711730957,27500,0.0,0.0
2023-03-20 00:00:00-04:00,9.082370863222662,9.181924765903348,9.082370863222662,9.11300277709961,34300,0.0,0.0
2023-03-21 00:00:00-04:00,9.18192271544638,9.266161007538173,9.18192271544638,9.22787094116211,27500,0.0,0.0
2023-03-22 00:00:00-04:00,9.23553202574692,9.335085207405792,9.082371711730957,9.082371711730957,29400,0.0,0.0
2023-03-23 00:00:00-04:00,9.113004168553664,9.220216248654284,9.005792818775591,9.067056655883789,46500,0.0,0.0
2023-03-24 00:00:00-04:00,9.07471428028816,9.113003628469649,8.975160368306787,9.082371711730957,75000,0.0,0.0
2023-03-27 00:00:00-04:00,9.10534603975775,9.189583626753562,9.082371554858673,9.0900297164917,20200,0.0,0.0
2023-03-28 00:00:00-04:00,9.051738739013672,9.082370652178835,9.021106825848507,9.051738739013672,21400,0.0,0.0
2023-03-29 00:00:00-04:00,9.074713914051252,9.197241576061053,9.059397591138788,9.135977745056152,39100,0.0,0.0
2023-03-30 00:00:00-04:00,9.15895017588769,9.2738196598458,9.151292015537852,9.250845909118652,105400,0.0,0.0
2023-03-31 00:00:00-04:00,9.26616380269094,9.434638977050781,9.258505641041177,9.434638977050781,86400,0.0,0.0
2023-04-03 00:00:00-04:00,9.572482053862542,9.572482053862542,9.434638078583747,9.503560066223145,68500,0.0,0.0
2023-04-04 00:00:00-04:00,9.511219572935575,9.526535166621178,9.342743660458781,9.388691902160645,49100,0.0,0.0
2023-04-05 00:00:00-04:00,9.304451570922788,9.358057963049292,9.189582086964677,9.250845909118652,63700,0.0,0.0
2023-04-06 00:00:00-04:00,9.20490035110335,9.480587609002338,9.181925865203208,9.319769859313965,38500,0.0,0.0
2023-04-10 00:00:00-04:00,9.31211174276505,9.404007495846248,9.25850606938165,9.388691902160645,33800,0.0,0.0
2023-04-11 00:00:00-04:00,9.358059449256329,9.426981442706039,9.342743126124178,9.404006958007812,33400,0.0,0.0
2023-04-12 00:00:00-04:00,9.404007665882428,9.434639584130025,9.243189912501915,9.273821830749512,67000,0.0,0.0
2023-04-13 00:00:00-04:00,9.43463941353998,9.43463941353998,9.304453580760985,9.388691902160645,38300,0.0,0.0
2023-04-14 00:00:00-04:00,9.381031346956243,9.434637006664273,9.327425687248214,9.365715026855469,38700,0.0,0.0
2023-04-17 00:00:00-04:00,9.319768166093052,9.396348311202019,9.319768166093052,9.38103199005127,29300,0.0,0.0
2023-04-18 00:00:00-04:00,9.358059449256329,9.411665119573888,9.350401287690254,9.404006958007812,42100,0.0,0.0
2023-04-19 00:00:00-04:00,9.358058878076257,9.426980867319234,9.358058878076257,9.39634895324707,35600,0.0,0.0
2023-04-20 00:00:00-04:00,9.32742621986762,9.503559529150138,9.32742621986762,9.3503999710083,18300,0.0,0.0
2023-04-21 00:00:00-04:00,9.350401776858297,9.381033694402628,9.289137941769631,9.319769859313965,52300,0.0,0.0
2023-04-24 00:00:00-04:00,9.350401619265122,9.365717212617897,9.28913778520901,9.327427864074707,25300,0.0,0.0
2023-04-25 00:00:00-04:00,9.227873491563503,9.289137322568404,9.135977745056152,9.135977745056152,28900,0.0,0.0
2023-04-26 00:00:00-04:00,9.143634796142578,9.22787310801488,9.135977365327095,9.143634796142578,18800,0.0,0.0
2023-04-27 00:00:00-04:00,9.181926175474752,9.312112012017975,9.181926175474752,9.30445384979248,19600,0.0,0.0
2023-04-28 00:00:00-04:00,9.304453048616285,9.411665119573888,9.289137455806618,9.404006958007812,22600,0.0,0.0
2023-05-01 00:00:00-04:00,9.365716308852468,9.434638298095445,9.358058878076257,9.39634895324707,30900,0.0,0.0
2023-05-02 00:00:00-04:00,9.342742183084889,9.358058504671037,9.21255637089226,9.235530853271484,37200,0.0,0.0
2023-05-03 00:00:00-04:00,9.204899895527337,9.273821158849088,9.12831974029541,9.12831974029541,27600,0.0,0.0
2023-05-04 00:00:00-04:00,9.12831888708779,9.12831888708779,9.028764986720404,9.051738739013672,38200,0.0,0.0
2023-05-05 00:00:00-04:00,9.12832010103333,9.235532176530397,9.12832010103333,9.181925773620605,37400,0.0,0.0
2023-05-08 00:00:00-04:00,9.189583518404838,9.197241679947572,9.166609764099121,9.166609764099121,26900,0.0,0.0
2023-05-09 00:00:00-04:00,9.074716567993164,9.135980416914956,9.067058404297269,9.074716567993164,41800,0.0,0.0
2023-05-10 00:00:00-04:00,9.143635387277898,9.158951710543949,9.067055961915113,9.0900297164917,42100,0.0,0.0
2023-05-11 00:00:00-04:00,9.028763153673179,9.243186502296439,9.028763153673179,9.120658874511719,51100,0.0,0.0
2023-05-12 00:00:00-04:00,9.10534603975775,9.174267303487511,9.059397800282087,9.0900297164917,59700,0.0,0.0
2023-05-15 00:00:00-04:00,9.074713536868574,9.296795097611328,9.074713536868574,9.143634796142578,73200,0.0,0.0
2023-05-16 00:00:00-04:00,9.097687084098652,9.44229629396068,9.097687084098652,9.189582824707031,51100,0.0,0.0
2023-05-17 00:00:00-04:00,9.189582724150895,9.281478463753713,9.166608971830794,9.266162872314453,51700,0.0,0.0
2023-05-18 00:00:00-04:00,9.266164599031912,9.350402193451272,9.23553268012282,9.33508586883545,62300,0.0,0.0
2023-05-19 00:00:00-04:00,9.373375950052452,9.396350436976185,9.31211211223427,9.33508586883545,48200,0.0,0.0
2023-05-22 00:00:00-04:00,9.312111438216453,9.358059678415596,9.289137683278131,9.296795845031738,57400,0.0,0.0
2023-05-23 00:00:00-04:00,9.25850507575996,9.312110743390408,9.197241246947321,9.212556838989258,29300,0.0,0.0
2023-05-24 00:00:00-04:00,9.22021367197718,9.22021367197718,9.113001621837999,9.158949851989746,33100,0.0,0.0
2023-05-25 00:00:00-04:00,9.18192720599647,9.2585073762012,9.151295283979103,9.204901695251465,30400,0.0,0.0
2023-05-26 00:00:00-04:00,9.227873316686516,9.434638559829041,9.18958324045347,9.419322967529297,52200,0.0,0.0
2023-05-30 00:00:00-04:00,9.48058785859736,9.48824602076569,9.33508569868926,9.449955940246582,66600,0.0,0.0
2023-05-31 00:00:00-04:00,9.434640030072607,9.488246437281592,9.411666272881655,9.465271949768066,113600,0.0,0.0
2023-06-01 00:00:00-04:00,9.51887665145984,9.633746147155762,9.465270253855627,9.633746147155762,50700,0.0,0.0
2023-06-02 00:00:00-04:00,9.71798267737994,9.909432303044278,9.68735076648654,9.878800392150879,90900,0.0,0.0
2023-06-05 00:00:00-04:00,9.878801780272918,9.878801780272918,9.725642204284668,9.725642204284668,60400,0.0,0.0
2023-06-06 00:00:00-04:00,9.717984042904638,9.771590442242376,9.717984042904638,9.725642204284668,36900,0.0,0.0
2023-06-07 00:00:00-04:00,9.725641889776988,9.763931965116443,9.633746147155762,9.633746147155762,60300,0.0,0.0
2023-06-08 00:00:00-04:00,9.61077102391937,9.733298663279491,9.580139114079339,9.618429183959961,49500,0.0,0.0
2023-06-09 00:00:00-04:00,9.580141272110414,9.702668939071225,9.580141272110414,9.64140510559082,39000,0.0,0.0
2023-06-12 00:00:00-04:00,9.633745668545734,9.725641406601527,9.618430077364305,9.71798324584961,47400,0.0,0.0
2023-06-13 00:00:00-04:00,9.725642254996643,9.840512485328642,9.725642254996643,9.794564247131348,48500,0.0,0.0
2023-06-14 00:00:00-04:00,9.771001287745337,9.81812863478034,9.692456708105356,9.763147354125977,33400,0.32,0.0
2023-06-15 00:00:00-04:00,9.70816394580128,9.9202358537479,9.67674596859404,9.912381172180176,39000,0.0,0.0
2023-06-16 00:00:00-04:00,9.896672688843461,9.990926621710278,9.865254711221189,9.880963325500488,52500,0.0,0.0
2023-06-20 00:00:00-04:00,9.818127118066414,9.84954509488168,9.778854459781417,9.802417755126953,44700,0.0,0.0
2023-06-21 00:00:00-04:00,9.73958180149642,9.825981799536144,9.73958180149642,9.802417755126953,52900,0.0,0.0
2023-06-22 00:00:00-04:00,9.8024183564567,9.849545699102455,9.794564423568824,9.841691017150879,14900,0.0,0.0
2023-06-23 00:00:00-04:00,9.802418621218974,9.825982667710162,9.747437344200303,9.778855323791504,41200,0.0,0.0
2023-06-26 00:00:00-04:00,9.778854500383215,9.786709181885557,9.731727909496472,9.7474365234375,38900,0.0,0.0
2023-06-27 00:00:00-04:00,9.755292184373195,9.833837509155273,9.755292184373195,9.833837509155273,36500,0.0,0.0
2023-06-28 00:00:00-04:00,9.85739977635141,9.85739977635141,9.770999778311687,9.802417755126953,52900,0.0,0.0
2023-06-29 00:00:00-04:00,9.778854622612842,9.88096323622862,9.778854622612842,9.857399940490723,31600,0.0,0.0
2023-06-30 00:00:00-04:00,9.904526611470844,10.093035226078197,9.888817997207374,10.022344589233398,64900,0.0,0.0
2023-07-03 00:00:00-04:00,10.108744062405842,10.108744062405842,9.975217467446567,10.014490127563477,58800,0.0,0.0
2023-07-05 00:00:00-04:00,9.983072280883789,10.053762920213359,9.951654302188834,9.983072280883789,47100,0.0,0.0
2023-07-06 00:00:00-04:00,9.912380566531649,9.951653222907048,9.825981321756664,9.87310791015625,62500,0.0,0.0
2023-07-07 00:00:00-04:00,9.873107781956296,9.959507774673014,9.841689807076657,9.904525756835938,65400,0.0,0.0
2023-07-10 00:00:00-04:00,9.928090656461558,10.053762566824012,9.896672678870946,10.022344589233398,58300,0.0,0.0
2023-07-11 00:00:00-04:00,10.045907111466319,10.069470405578613,10.006634455236751,10.069470405578613,64400,0.0,0.0
2023-07-12 00:00:00-04:00,10.132307084921667,10.250125062087161,10.12445315236157,10.218707084655762,48600,0.0,0.0
2023-07-13 00:00:00-04:00,10.218706954304823,10.289397589889647,10.210852272781251,10.25012493133545,44700,0.0,0.0
2023-07-14 00:00:00-04:00,10.234415222602165,10.289397242346388,10.140161294693884,10.148015975952148,42700,0.0,0.0
2023-07-17 00:00:00-04:00,10.16372528129173,10.242270601094019,10.16372528129173,10.21085262298584,37900,0.0,0.0
2023-07-18 00:00:00-04:00,10.171580647036103,10.289398634661783,10.171580647036103,10.273689270019531,30400,0.0,0.0
2023-07-19 00:00:00-04:00,10.28154390612155,10.3365251839948,10.273689223835735,10.328670501708984,40900,0.0,0.0
2023-07-20 00:00:00-04:00,10.312961016949956,10.336524312757588,10.187289107224364,10.218707084655762,54600,0.0,0.0
2023-07-21 00:00:00-04:00,10.21085210366353,10.33652400970459,10.179434127153264,10.33652400970459,64400,0.0,0.0
2023-07-24 00:00:00-04:00,10.391506596488945,10.391506596488945,10.202998713569649,10.297252655029297,41400,0.0,0.0
2023-07-25 00:00:00-04:00,10.360088055245921,10.360088055245921,10.179434864492341,10.202998161315918,73500,0.0,0.0
2023-07-26 00:00:00-04:00,10.171579874526914,10.226561897535294,10.163725192802335,10.187289237976074,38100,0.0,0.0
2023-07-27 00:00:00-04:00,10.242270733333795,10.305106690361438,10.132307434003573,10.179434776306152,39500,0.0,0.0
2023-07-28 00:00:00-04:00,10.2344158766979,10.273688536435563,10.179434602503381,10.265833854675293,34500,0.0,0.0
2023-07-31 00:00:00-04:00,10.297252521629451,10.328670501708984,10.257980608327834,10.328670501708984,39100,0.0,0.0
2023-08-01 00:00:00-04:00,10.28154390612155,10.352234548566432,10.28154390612155,10.328670501708984,39000,0.0,0.0
2023-08-02 00:00:00-04:00,10.273688711847615,10.289398075636374,10.14801679779233,10.179434776306152,57300,0.0,0.0
2023-08-03 00:00:00-04:00,10.132306098937988,10.171578754171495,10.061616218393988,10.132306098937988,33000,0.0,0.0
2023-08-04 00:00:00-04:00,10.132307743273328,10.163725722746124,10.053763169123195,10.061617851257324,27100,0.0,0.0
2023-08-07 00:00:00-04:00,10.100887948284646,10.273687178858253,10.100887948284646,10.226560592651367,77500,0.0,0.0
2023-08-08 00:00:00-04:00,10.163724769445713,10.218706790163889,10.132306792919747,10.19514274597168,28600,0.0,0.0
2023-08-09 00:00:00-04:00,10.226561897535294,10.273688489755417,10.163725192802335,10.187289237976074,32600,0.0,0.0
2023-08-10 00:00:00-04:00,10.218707436714352,10.344379350769637,10.124453501172887,10.179434776306152,38900,0.0,0.0
2023-08-11 00:00:00-04:00,10.093035013003208,10.234415534644434,10.085180331505457,10.163724899291992,24900,0.0,0.0
2023-08-14 00:00:00-04:00,10.163724204510295,10.250124196952022,10.163724204510295,10.242269515991211,19100,0.0,0.0
2023-08-15 00:00:00-04:00,10.195142604760068,10.210851967337286,10.077325381685476,10.093034744262695,29100,0.0,0.0
2023-08-16 00:00:00-04:00,10.093035447797293,10.148016722522751,9.998780763891236,10.014490127563477,31000,0.0,0.0
2023-08-17 00:00:00-04:00,10.061616380297748,10.061616380297748,9.841689807076657,9.904525756835938,64500,0.0,0.0
2023-08-18 00:00:00-04:00,9.818126933744917,9.9202355437435,9.661037052617726,9.896672248840332,37700,0.0,0.0
2023-08-21 00:00:00-04:00,9.94379927072503,10.038053203496869,9.778854701108392,10.022344589233398,22500,0.0,0.0
2023-08-22 00:00:00-04:00,10.100890072656332,10.155872100212704,9.975218150922466,10.077326774597168,32800,0.0,0.0
2023-08-23 00:00:00-04:00,10.093033664538273,10.15586960999786,10.06946962319326,10.124451637268066,26100,0.0,0.0
2023-08-24 00:00:00-04:00,10.179433638899253,10.273687563909181,9.990925788879395,9.990925788879395,48400,0.0,0.0
2023-08-25 00:00:00-04:00,9.998781116489475,10.053763142217514,9.935945157712043,9.975217819213867,25100,0.0,0.0
2023-08-28 00:00:00-04:00,9.990926831118806,10.140162040686631,9.990926831118806,10.014490127563477,14100,0.0,0.0
2023-08-29 00:00:00-04:00,9.975216861071376,10.155870787002055,9.975216861071376,10.116598129272461,44500,0.0,0.0
2023-08-30 00:00:00-04:00,10.140162115897951,10.234416051439416,10.124453501172887,10.179434776306152,47100,0.0,0.0
2023-08-31 00:00:00-04:00,10.195142876219338,10.289397556065031,10.155870966857899,10.163724899291992,41200,0.0,0.0
2023-09-01 00:00:00-04:00,10.195142909734109,10.320815566920274,10.155871000243568,10.25012493133545,42800,0.0,0.0
2023-09-05 00:00:00-04:00,10.187288813637922,10.250124766689856,10.163724769445713,10.19514274597168,41900,0.0,0.0
2023-09-06 00:00:00-04:00,10.202998473048341,10.21085315525075,9.935945270676202,10.08518123626709,35700,0.0,0.0
2023-09-07 00:00:00-04:00,10.140162601294614,10.140162601294614,9.990927383476187,10.108744621276855,46800,0.0,0.0
2023-09-08 00:00:00-04:00,10.132307434003573,10.195143391031216,10.077326158870308,10.179434776306152,59100,0.0,0.0
2023-09-11 00:00:00-04:00,10.234415001315545,10.242269682403979,10.15587043762207,10.15587043762207,37900,0.0,0.0
2023-09-12 00:00:00-04:00,10.093035094655898,10.24227029900219,10.053762435913086,10.053762435913086,60800,0.0,0.0
2023-09-13 00:00:00-04:00,10.179434310940561,10.195142924947486,9.967362403869629,9.967362403869629,50300,0.0,0.0
2023-09-14 00:00:00-04:00,10.080170518459502,10.112401248182392,9.983478329290831,10.055996894836426,58900,0.32,0.0
2023-09-15 00:00:00-04:00,9.991535258623836,10.03182386217498,9.95124742351389,9.967362403869629,13000,0.0,0.0
2023-09-18 00:00:00-04:00,9.959305167036511,10.09628596681479,9.93513231073483,10.047940254211426,45500,0.0,0.0
2023-09-19 00:00:00-04:00,10.055997248495572,10.064055123319985,9.927074325069922,10.02376651763916,59200,0.0,0.0
2023-09-20 00:00:00-04:00,10.047939400705612,10.104342983432177,9.951247215270996,9.951247215270996,47000,0.0,0.0
2023-09-21 00:00:00-04:00,9.910959634676281,9.927074616356725,9.79009381408728,9.806209564208984,32000,0.0,0.0
2023-09-22 00:00:00-04:00,9.854555277691576,9.910959634676281,9.79009381408728,9.806209564208984,37500,0.0,0.0
2023-09-25 00:00:00-04:00,9.814265439838081,9.902899742126465,9.790091819580345,9.902899742126465,52600,0.0,0.0
2023-09-26 00:00:00-04:00,9.886786455687616,9.886786455687616,9.733689908286458,9.765920639038086,45600,0.0,0.0
2023-09-27 00:00:00-04:00,9.806208963164057,9.83843969299071,9.725631754376817,9.773978233337402,33200,0.0,0.0
2023-09-28 00:00:00-04:00,9.862611143471343,9.919015488964956,9.79814969299959,9.902899742126465,48800,0.0,0.0
2023-09-29 00:00:00-04:00,10.015710830688477,10.06405654960406,9.943191483873754,10.015710830688477,112300,0.0,0.0
2023-10-02 00:00:00-04:00,10.088228821575525,10.112401677784318,9.967363003649073,9.999593734741211,79200,0.0,0.0
2023-10-03 00:00:00-04:00,9.999593300473228,10.144631968309653,9.717574607774994,9.725631713867188,56000,0.0,0.0
2023-10-04 00:00:00-04:00,9.725632535231973,9.725632535231973,9.548363891173379,9.685344696044922,75100,0.0,0.0
2023-10-05 00:00:00-04:00,9.645056293827436,9.749806368515436,9.645056293827436,9.701459884643555,35200,0.0,0.0
2023-10-06 00:00:00-04:00,9.677286912138575,10.072113580050653,9.645056179420065,9.919017791748047,56900,0.0,0.0
2023-10-09 00:00:00-04:00,9.919015488964956,9.943188340781585,9.806207566418836,9.902899742126465,32300,0.0,0.0
2023-10-10 00:00:00-04:00,9.902902527431838,10.015710481706492,9.902902527431838,9.927075386047363,29700,0.0,0.0
2023-10-11 00:00:00-04:00,10.064053955710804,10.064053955710804,9.935131047242503,10.007650375366211,24500,0.0,0.0
2023-10-12 00:00:00-04:00,10.03182393467177,10.055996789600668,9.878728162200487,9.94318962097168,44900,0.0,0.0
2023-10-13 00:00:00-04:00,9.96736411531064,9.991536974215435,9.79009469031237,9.83038330078125,47400,0.0,0.0
2023-10-16 00:00:00-04:00,9.902901469037921,10.160747315889223,9.87067073818151,10.02376651763916,33900,0.0,0.0
2023-10-17 00:00:00-04:00,9.975422175348374,10.24938380946749,9.975422175348374,10.08823013305664,89100,0.0,0.0
2023-10-18 00:00:00-04:00,10.08017119297049,10.192978370328452,10.007651854131078,10.064055442810059,129400,0.0,0.0
2023-10-19 00:00:00-04:00,10.015709411255985,10.10434372900081,9.943190074718748,10.02376651763916,69400,0.0,0.0
2023-10-20 00:00:00-04:00,10.02376519411459,10.03182306787505,9.830380834510327,9.84649658203125,55200,0.0,0.0
2023-10-23 00:00:00-04:00,9.846498735830199,9.902902327608741,9.790094375610352,9.790094375610352,59400,0.0,0.0
2023-10-24 00:00:00-04:00,9.910958245778577,9.94318897306399,9.838438917276111,9.862611770629883,32100,0.0,0.0
2023-10-25 00:00:00-04:00,9.927074804932328,9.927074804932328,9.669228945617082,9.685344696044922,41700,0.0,0.0
2023-10-26 00:00:00-04:00,9.677285058248335,9.701457911046072,9.443612098693848,9.443612098693848,65600,0.0,0.0
2023-10-27 00:00:00-04:00,9.451671360065623,9.580595064092282,9.379152785129849,9.38720989227295,31500,0.0,0.0
2023-10-30 00:00:00-04:00,9.45167081696388,9.661170959472656,9.45167081696388,9.661170959472656,29200,0.0,0.0
2023-10-31 00:00:00-04:00,9.709517442098448,9.838440370280264,9.572536638794952,9.782036781311035,36100,0.0,0.0
2023-11-01 00:00:00-04:00,9.790092442127417,9.902900371846936,9.790092442127417,9.862611770629883,44800,0.0,0.0
2023-11-02 00:00:00-04:00,9.959304399261248,10.265496706429046,9.959304399261248,10.136573791503906,40500,0.0,0.0
2023-11-03 00:00:00-04:00,10.305785531366222,10.362189115750201,10.257439053007664,10.273554801940918,38600,0.0,0.0
2023-11-06 00:00:00-05:00,10.378304611334526,10.418593214242955,10.176862365233564,10.20909309387207,43500,0.0,0.0
2023-11-07 00:00:00-05:00,10.176862365233564,10.22520807397073,10.07211230504812,10.20909309387207,31200,0.0,0.0
2023-11-08 00:00:00-05:00,10.313843183746567,10.313843183746567,10.12851591721079,10.136573791503906,34000,0.0,0.0
2023-11-09 00:00:00-05:00,10.192978730708488,10.192978730708488,10.023767190247685,10.031825065612793,38100,0.0,0.0
2023-11-10 00:00:00-05:00,10.11240177974053,10.233266830444336,10.007651710524648,10.233266830444336,45800,0.0,0.0
2023-11-13 00:00:00-05:00,10.257439300283433,10.362189365551178,10.257439300283433,10.338016510009766,61500,0.0,0.0
2023-11-14 00:00:00-05:00,10.442767070970294,10.636151461363514,10.442767070970294,10.58780574798584,35800,0.0,0.0
2023-11-15 00:00:00-05:00,10.636151351930444,10.765074277532799,10.483055569887963,10.684497833251953,34200,0.0,0.0
2023-11-16 00:00:00-05:00,10.660323577322012,10.781189389250384,10.555574282801778,10.724785804748535,30600,0.0,0.0
2023-11-17 00:00:00-05:00,10.700614008281029,10.765075478272255,10.692556900863128,10.748960494995117,21900,0.0,0.0
2023-11-20 00:00:00-05:00,10.708670335755082,10.8778818621258,10.708670335755082,10.716728210449219,33500,0.0,0.0
2023-11-21 00:00:00-05:00,10.71672873547895,10.837593788047453,10.684498003564599,10.77313232421875,25000,0.0,0.0
2023-11-22 00:00:00-05:00,10.757016742626295,10.829535309058702,10.732843118707605,10.740900993347168,22300,0.0,0.0
2023-11-24 00:00:00-05:00,10.700612533858994,10.773131869717123,10.684497552802315,10.69255542755127,19000,0.0,0.0
2023-11-27 00:00:00-05:00,10.620035731862028,10.732842900760303,10.555574272936955,10.603919982910156,50200,0.0,0.0
2023-11-28 00:00:00-05:00,10.571689886371932,10.62003636768083,10.491113442112102,10.563632011413574,41700,0.0,0.0
2023-11-29 00:00:00-05:00,10.571688581486406,10.708669365105669,10.555573602000045,10.595861434936523,41900,0.0,0.0
2023-11-30 00:00:00-05:00,10.579748228289317,10.660324676105553,10.49111390515907,10.555575370788574,36700,0.0,0.0
2023-12-01 00:00:00-05:00,10.50722751711153,10.79730407461578,10.50722751711153,10.611977577209473,75700,0.0,0.0
2023-12-04 00:00:00-05:00,10.563629914724027,10.64420711143199,10.378303438113248,10.474995613098145,54800,0.0,0.0
2023-12-05 00:00:00-05:00,10.434707270258073,10.579745920507518,10.418592291586533,10.539457321166992,56100,0.0,0.0
2023-12-06 00:00:00-05:00,10.563629992125533,10.861764392623721,10.563629992125533,10.732841491699219,105100,0.0,0.0
2023-12-07 00:00:00-05:00,10.853708827736144,10.877881682979226,10.765073744442825,10.837593078613281,28200,0.0,0.0
2023-12-08 00:00:00-05:00,10.869824023007373,10.99874694477059,10.83759329256657,10.974574089050293,84900,0.0,0.0
2023-12-11 00:00:00-05:00,11.022920256191416,11.063208091768457,10.950400922646807,11.055150985717773,29100,0.0,0.0
2023-12-12 00:00:00-05:00,11.055151444218978,11.490266695091382,10.877882040251336,11.256593704223633,110900,0.0,0.0
2023-12-13 00:00:00-05:00,11.377458114133875,11.3855159885076,11.14378513638423,11.296881675720215,74200,0.0,0.0
2023-12-14 00:00:00-05:00,11.453554394028997,11.486537959725089,11.123717950677834,11.222668647766113,34700,0.32,0.0
2023-12-15 00:00:00-05:00,11.173194012508567,11.329865757455805,10.876341126349207,10.934062957763672,38600,0.0,0.0
2023-12-18 00:00:00-05:00,11.057749983653665,11.090733546857196,10.876339992839155,11.008275032043457,44600,0.0,0.0
2023-12-19 00:00:00-05:00,11.033012489226,11.214422479734308,10.967045362930282,11.090733528137207,45900,0.0,0.0
2023-12-20 00:00:00-05:00,11.05775087146859,11.173193745144822,10.876340866088867,10.876340866088867,28500,0.0,0.0
2023-12-21 00:00:00-05:00,10.917570017119521,10.942308280161527,10.703176455763378,10.859848976135254,93100,0.0,0.0
2023-12-22 00:00:00-05:00,10.925816869505853,10.967046524404683,10.810373993067186,10.934062957763672,20900,0.0,0.0
2023-12-26 00:00:00-05:00,10.975290581972493,11.000028055778664,10.8598477268935,10.9587984085083,40800,0.0,0.0
2023-12-27 00:00:00-05:00,11.00827446433047,11.239159394848109,10.983536203410976,11.049503326416016,49900,0.0,0.0
2023-12-28 00:00:00-05:00,11.057750725564325,11.164947509765625,10.884586810529951,11.164947509765625,60600,0.0,0.0
2023-12-29 00:00:00-05:00,11.239161064383804,11.329865675392034,11.107226798775377,11.17319393157959,55900,0.0,0.0
2024-01-02 00:00:00-05:00,11.263899627491918,11.263899627491918,10.991784981867731,11.148457527160645,52200,0.0,0.0
2024-01-03 00:00:00-05:00,11.14845583514621,11.197930788810647,11.041259053686318,11.181439399719238,49500,0.0,0.0
2024-01-04 00:00:00-05:00,11.107225451568377,11.131962926771958,10.909323290769244,10.950552940368652,39400,0.0,0.0
2024-01-05 00:00:00-05:00,10.942307605796639,11.098979330122768,10.752651532780634,10.843356132507324,53400,0.0,0.0
2024-01-08 00:00:00-05:00,10.843356466894527,10.958799331698648,10.75265186437069,10.851602554321289,127800,0.0,0.0
2024-01-09 00:00:00-05:00,10.793882656639184,10.86809587854822,10.571242990912078,10.777390480041504,123700,0.0,0.0
2024-01-10 00:00:00-05:00,10.810375048155695,10.884588276938718,10.686686857777548,10.802129745483398,84100,0.0,0.0
2024-01-11 00:00:00-05:00,10.711422232528532,10.859848660911434,10.653701193219707,10.769144058227539,97400,0.0,0.0
2024-01-12 00:00:00-05:00,10.82686634468835,10.835112433079534,10.711423466382596,10.752653121948242,71300,0.0,0.0
2024-01-16 00:00:00-05:00,10.703178195548388,10.802129691020408,10.637211056160595,10.670194625854492,49000,0.0,0.0
2024-01-17 00:00:00-05:00,10.637211056160595,10.686686803896606,10.554752525121023,10.670194625854492,37800,0.0,0.0
2024-01-18 00:00:00-05:00,10.703176995491832,10.917570567659187,10.678439517592597,10.901079177856445,35700,0.0,0.0
2024-01-19 00:00:00-05:00,10.967044379701225,10.991781853246785,10.884585086029219,10.983535766601562,52400,0.0,0.0
2024-01-22 00:00:00-05:00,10.975292205810547,11.041259336647181,10.94230864039223,10.975292205810547,56100,0.0,0.0
2024-01-23 00:00:00-05:00,11.04950504781208,11.04950504781208,10.851603647966014,10.934062957763672,63000,0.0,0.0
2024-01-24 00:00:00-05:00,11.041259745944522,11.041259745944522,10.85984973622383,10.934062957763672,67200,0.0,0.0
2024-01-25 00:00:00-05:00,11.008274882358064,11.024766270540498,10.90932340770279,10.92581558227539,34400,0.0,0.0
2024-01-26 00:00:00-05:00,10.975290983306698,11.000028458017447,10.909323073427796,10.917569160461426,17900,0.0,0.0
2024-01-29 00:00:00-05:00,10.97529196813611,11.02476692199707,10.917570140111373,11.02476692199707,32300,0.0,0.0
2024-01-30 00:00:00-05:00,11.00002882728509,11.057749865677897,11.00002882728509,11.033012390136719,21200,0.0,0.0
2024-01-31 00:00:00-05:00,11.041259481737837,11.049504783408095,10.876340866088867,10.876340866088867,22700,0.0,0.0
2024-02-01 00:00:00-05:00,10.95879957803157,10.991783142089844,10.925816013973296,10.991783142089844,33400,0.0,0.0
2024-02-02 00:00:00-05:00,11.033014585434174,11.049505976946282,10.975293535556304,11.016522407531738,37700,0.0,0.0
2024-02-05 00:00:00-05:00,11.041258477447167,11.041258477447167,10.975291351743913,11.033012390136719,34700,0.0,0.0
2024-02-06 00:00:00-05:00,11.041259429632722,11.222668647766113,11.03301334161114,11.222668647766113,58500,0.0,0.0
2024-02-07 00:00:00-05:00,11.288636465982615,11.379341866958253,11.247407596146726,11.346358299255371,46200,0.0,0.0
2024-02-08 00:00:00-05:00,11.2721439136965,11.34635712997765,11.2721439136965,11.313373565673828,22000,0.0,0.0
2024-02-09 00:00:00-05:00,11.3381118043262,11.412325025595141,11.3381118043262,11.387587547302246,18800,0.0,0.0
2024-02-12 00:00:00-05:00,11.404079770239873,11.437063339169368,11.346358721210834,11.412325859069824,49300,0.0,0.0
2024-02-13 00:00:00-05:00,11.329863624045077,11.329863624045077,11.173191908599087,11.197929382324219,38500,0.0,0.0
2024-02-14 00:00:00-05:00,11.272143580530921,11.354602882048367,11.25565140567136,11.305127143859863,39000,0.0,0.0
2024-02-15 00:00:00-05:00,11.33811221073208,11.387587955481544,11.321620033685496,11.346358299255371,41600,0.0,0.0
2024-02-16 00:00:00-05:00,11.346356694977237,11.346356694977237,11.23915991850201,11.247406005859375,28200,0.0,0.0
2024-02-20 00:00:00-05:00,11.247408235897591,11.305129286063229,11.090735690604678,11.148457527160645,45300,0.0,0.0
2024-02-21 00:00:00-05:00,11.131962479007086,11.255650636440004,11.131962479007086,11.230913162231445,39100,0.0,0.0
2024-02-22 00:00:00-05:00,11.338111896640394,11.461800075502182,11.280390851356925,11.445308685302734,32700,0.0,0.0
2024-02-23 00:00:00-05:00,11.46179878552466,11.48653704762504,11.42881522244766,11.437061309814453,51000,0.0,0.0
2024-02-26 00:00:00-05:00,11.461797387123438,11.461797387123438,11.346355323633583,11.371092796325684,46300,0.0,0.0
2024-02-27 00:00:00-05:00,11.313373994380889,11.395832515070012,11.313373994380889,11.379341125488281,46200,0.0,0.0
2024-02-28 00:00:00-05:00,11.34635712997765,11.428815647542104,11.296881390326815,11.313373565673828,61300,0.0,0.0
2024-02-29 00:00:00-05:00,11.387587023435865,11.453554153442383,11.387587023435865,11.453554153442383,38000,0.0,0.0
2024-03-01 00:00:00-05:00,11.453553798556953,11.544258402907902,11.453553798556953,11.527766227722168,32600,0.0,0.0
2024-03-04 00:00:00-05:00,11.511275838011526,11.560751581472623,11.47829227116755,11.552505493164062,46300,0.0,0.0
2024-03-05 00:00:00-05:00,11.58548717640396,11.58548717640396,11.387585807515512,11.395831108093262,65500,0.0,0.0
2024-03-06 00:00:00-05:00,11.503028751333764,11.568995879296308,11.478291274945358,11.527766227722168,36500,0.0,0.0
2024-03-07 00:00:00-05:00,11.626717518054859,11.651454994043265,11.577241779687863,11.60197925567627,40400,0.0,0.0
2024-03-08 00:00:00-05:00,11.601979038599847,11.667946164261453,11.560750174853968,11.568995475769043,34600,0.0,0.0
2024-03-11 00:00:00-04:00,11.585488438512101,11.593734526378306,11.519521308362911,11.560750961303711,42800,0.0,0.0
2024-03-12 00:00:00-04:00,11.593734432832912,11.6926851272583,11.56075086802445,11.6926851272583,35700,0.0,0.0
2024-03-13 00:00:00-04:00,11.725669453600888,11.775144410831672,11.659702319699669,11.766899108886719,73400,0.0,0.0
2024-03-14 00:00:00-04:00,11.927162221903254,12.019947491895325,11.589759704385552,11.631935119628906,91200,0.32,0.0
2024-03-15 00:00:00-04:00,11.556020877113335,11.61506678709309,11.530715946795857,11.539151191711426,30500,0.0,0.0
2024-03-18 00:00:00-04:00,11.598196416833186,11.657241522992436,11.48010540008545,11.48010540008545,67100,0.0,0.0
2024-03-19 00:00:00-04:00,11.488540382555751,11.564455976985268,11.471670697365427,11.547585487365723,47100,0.0,0.0
2024-03-20 00:00:00-04:00,11.572891922600087,11.640372276306152,11.522281255105902,11.640372276306152,88300,0.0,0.0
2024-03-21 00:00:00-04:00,11.707852634040572,11.724722320258259,11.648807525634766,11.648807525634766,50500,0.0,0.0
2024-03-22 00:00:00-04:00,11.690982961018095,11.707853452844912,11.6150681610854,11.674113273620605,48000,0.0,0.0
2024-03-25 00:00:00-04:00,11.67411245717593,11.682547702499408,11.623501789664331,11.648807525634766,38900,0.0,0.0
2024-03-26 00:00:00-04:00,11.648806302813883,11.724721089468304,11.61506612949108,11.699416160583496,72100,0.0,0.0
2024-03-27 00:00:00-04:00,11.69941590270556,11.792201176190806,11.69941590270556,11.76689624786377,62900,0.0,0.0
2024-03-28 00:00:00-04:00,11.766896809886582,11.927163240614018,11.766896809886582,11.868117332458496,80700,0.0,0.0
2024-04-01 00:00:00-04:00,11.935597940385339,11.986208604986453,11.758461820925275,11.79220199584961,85100,0.0,0.0
2024-04-02 00:00:00-04:00,11.690981172097572,11.750027080027069,11.62350082397461,11.62350082397461,48700,0.0,0.0
2024-04-03 00:00:00-04:00,11.556021431958936,11.699417384691642,11.556021431958936,11.640372276306152,61100,0.0,0.0
2024-04-04 00:00:00-04:00,11.741592234115629,11.741592234115629,11.51384544814509,11.5222806930542,52900,0.0,0.0
2024-04-05 00:00:00-04:00,11.598196854132544,11.699417384691642,11.589761608811969,11.640372276306152,56800,0.0,0.0
2024-04-08 00:00:00-04:00,11.648807248174895,11.750027776357877,11.640372003052335,11.6909818649292,62200,0.0,0.0
2024-04-09 00:00:00-04:00,11.69941711005176,11.724722040990192,11.615067072113902,11.6909818649292,48500,0.0,0.0
2024-04-10 00:00:00-04:00,11.631937430089208,11.682548099319897,11.522281650447132,11.530716896057129,95200,0.0,0.0
2024-04-11 00:00:00-04:00,11.631936894161521,11.67411231583903,11.547586050806506,11.665677070617676,32200,0.0,0.0
2024-04-12 00:00:00-04:00,11.648807216693417,11.648807216693417,11.429495670675033,11.446365356445312,40700,0.0,0.0
2024-04-15 00:00:00-04:00,11.547585585339391,11.556020830220731,11.269228939688972,11.277664184570312,36600,0.0,0.0
2024-04-16 00:00:00-04:00,11.36201476586851,11.36201476586851,11.27766392783381,11.3535795211792,43400,0.0,0.0
2024-04-17 00:00:00-04:00,11.404191146756707,11.46323625570355,11.362015724182129,11.362015724182129,41800,0.0,0.0
2024-04-18 00:00:00-04:00,11.463235284165036,11.471670528850897,11.328274586908071,11.345144271850586,35700,0.0,0.0
2024-04-19 00:00:00-04:00,11.437930753323059,11.437930753323059,11.235488895950217,11.243924140930176,37500,0.0,0.0
2024-04-22 00:00:00-04:00,11.345144828535885,11.446365356445312,11.31983989766584,11.446365356445312,33600,0.0,0.0
2024-04-23 00:00:00-04:00,11.530716504393883,11.724722320258259,11.530716504393883,11.648807525634766,58700,0.0,0.0
2024-04-24 00:00:00-04:00,11.71628717500064,11.71628717500064,11.539151056003075,11.56445598602295,35600,0.0,0.0
2024-04-25 00:00:00-04:00,11.539151712071176,11.539151712071176,11.35358033770643,11.378885269165039,35900,0.0,0.0
2024-04-26 00:00:00-04:00,11.471671785645741,11.598197252078515,11.463236540035744,11.530716896057129,46900,0.0,0.0
2024-04-29 00:00:00-04:00,11.58132676085852,11.598197252078515,11.522281650447132,11.530716896057129,36800,0.0,0.0
2024-04-30 00:00:00-04:00,11.496975890090514,11.564456241252296,11.471670959512156,11.48010540008545,29600,0.0,0.0
2024-05-01 00:00:00-04:00,11.48010540008545,11.623501347411544,11.454800469507092,11.48010540008545,30100,0.0,0.0
2024-05-02 00:00:00-04:00,11.530715806684341,11.606631401143543,11.513845317058198,11.556020736694336,48500,0.0,0.0
2024-05-03 00:00:00-04:00,11.657242781793789,11.758463319466708,11.657242781793789,11.674113273620605,27200,0.0,0.0
2024-05-06 00:00:00-04:00,11.758461708569175,11.8596830368042,11.70785184888088,11.8596830368042,23000,0.0,0.0
2024-05-07 00:00:00-04:00,11.927163109785939,12.045253315943247,11.85968276214485,11.901857376098633,58400,0.0,0.0
2024-05-08 00:00:00-04:00,11.901858065503392,11.994644152206341,11.851248204055642,11.969338417053223,47000,0.0,0.0
2024-05-09 00:00:00-04:00,12.028383767919333,12.028383767919333,11.834377162924914,11.87655258178711,77500,0.0,0.0
2024-05-10 00:00:00-04:00,11.893423211406136,11.901857651734709,11.834377302530836,11.8596830368042,21100,0.0,0.0
2024-05-13 00:00:00-04:00,11.969336909379317,11.969336909379317,11.87655163879297,11.89342212677002,24800,0.0,0.0
2024-05-14 00:00:00-04:00,11.927162979697524,12.01151301111429,11.910292490756659,11.93559741973877,37500,0.0,0.0
2024-05-15 00:00:00-04:00,12.045253762568924,12.112734112712117,11.977773412425732,12.062124252319336,27200,0.0,0.0
2024-05-16 00:00:00-04:00,12.070560443946894,12.112735062772428,12.019949775155247,12.045254707336426,30700,0.0,0.0
2024-05-17 00:00:00-04:00,12.053688867399858,12.078993797302246,12.045253622622656,12.078993797302246,16000,0.0,0.0
2024-05-20 00:00:00-04:00,12.129604475219018,12.129604475219018,12.045253636210283,12.104299545288086,36000,0.0,0.0
2024-05-21 00:00:00-04:00,12.121169910973462,12.163345332845761,12.0621248030098,12.15491008758545,31300,0.0,0.0
2024-05-22 00:00:00-04:00,12.180214058534112,12.222389477080904,12.095864025869728,12.14647388458252,47100,0.0,0.0
2024-05-23 00:00:00-04:00,12.213954758072477,12.31517608871218,11.97777353024805,12.00307846069336,30500,0.0,0.0
2024-05-24 00:00:00-04:00,12.053688607322936,12.14647388458252,12.019948433371344,12.14647388458252,40600,0.0,0.0
2024-05-28 00:00:00-04:00,12.14647415123507,12.213954500619659,12.045253627158186,12.08742904663086,36400,0.0,0.0
2024-05-29 00:00:00-04:00,12.053689396369858,12.062124641517237,11.893423760715935,11.9440336227417,33300,0.0,0.0
2024-05-30 00:00:00-04:00,11.960903419511501,11.969337859740575,11.842812407583194,11.87655258178711,54100,0.0,0.0
2024-05-31 00:00:00-04:00,11.91029223813693,12.011512756347656,11.876552065400023,12.011512756347656,79100,0.0,0.0
2024-06-03 00:00:00-04:00,12.062123417667603,12.062123417667603,11.92716272671997,12.011512756347656,30000,0.0,0.0
2024-06-04 00:00:00-04:00,12.045253762568924,12.062124252319336,11.994643902176144,12.062124252319336,20700,0.0,0.0
2024-06-05 00:00:00-04:00,12.078994357325598,12.197085376393874,12.078994357325598,12.188650131225586,37400,0.0,0.0
2024-06-06 00:00:00-04:00,12.205519801819364,12.256129660571546,12.154909138637983,12.163344383239746,32200,0.0,0.0
2024-06-07 00:00:00-04:00,12.197085935550552,12.306741714477539,12.197085935550552,12.306741714477539,55100,0.0,0.0
2024-06-10 00:00:00-04:00,12.340480795396596,12.348916040201827,12.264565201007958,12.323610305786133,30500,0.0,0.0
2024-06-11 00:00:00-04:00,12.357350494157252,12.357350494157252,12.281435704114411,12.348916053771973,27000,0.0,0.0
2024-06-12 00:00:00-04:00,12.500746867786223,12.526052603099176,12.382656654042771,12.483877182006836,24000,0.0,0.0
2024-06-13 00:00:00-04:00,12.542922548089145,12.542922548089145,12.306741311292098,12.399526596069336,35900,0.0,0.0
2024-06-14 00:00:00-04:00,12.451262101791439,12.4598850570895,12.313298106343598,12.425394058227539,33600,0.32,0.0
2024-06-17 00:00:00-04:00,12.425395298630283,12.503000259399414,12.382281340166282,12.503000259399414,48800,0.0,0.0
2024-06-18 00:00:00-04:00,12.520244880465448,12.520244880465448,12.408148928951992,12.485753059387207,35100,0.0,0.0
2024-06-20 00:00:00-04:00,12.51162326311219,12.528868353165118,12.382281387228586,12.442641258239746,26500,0.0,0.0
2024-06-21 00:00:00-04:00,12.442641210948029,12.503000259399414,12.37365920633777,12.503000259399414,30400,0.0,0.0
2024-06-24 00:00:00-04:00,12.5633578937889,12.597848892211914,12.416770944908526,12.597848892211914,37800,0.0,0.0
2024-06-25 00:00:00-04:00,12.632339440595313,12.632339440595313,12.554735313655959,12.623717308044434,28000,0.0,0.0
2024-06-26 00:00:00-04:00,12.632340185093158,12.684077095098793,12.597849185866163,12.675454139709473,30400,0.0,0.0
2024-06-27 00:00:00-04:00,12.709944406045175,12.804795265197754,12.675453408807028,12.804795265197754,20700,0.0,0.0
2024-06-28 00:00:00-04:00,12.804796299848869,12.934137344360352,12.735814299798706,12.934137344360352,70800,0.0,0.0
2024-07-01 00:00:00-04:00,12.985873754229244,12.985873754229244,12.778926939737856,12.839286804199219,54700,0.0,0.0
2024-07-02 00:00:00-04:00,12.873777762003478,12.925513848714296,12.787549854378415,12.899645805358887,65400,0.0,0.0
2024-07-03 00:00:00-04:00,12.960003779729966,13.011740684509277,12.916889829468907,13.011740684509277,42000,0.0,0.0
2024-07-05 00:00:00-04:00,12.968627843717348,12.968627843717348,12.778926939737856,12.839286804199219,45800,0.0,0.0
2024-07-08 00:00:00-04:00,12.830662800669394,12.882398883317663,12.744434899815337,12.778925895690918,37600,0.0,0.0
2024-07-09 00:00:00-04:00,12.882400433157574,12.934137344360352,12.804796299848869,12.934137344360352,44800,0.0,0.0
2024-07-10 00:00:00-04:00,13.037609213457154,13.10659120752331,12.908268180165669,12.92551326751709,65400,0.0,0.0
2024-07-11 00:00:00-04:00,13.003118928609664,13.037609927531827,12.813418023372627,12.9686279296875,44400,0.0,0.0
2024-07-12 00:00:00-04:00,13.046231886481975,13.08072288277,12.9600039845968,13.028985977172852,23400,0.0,0.0
2024-07-15 00:00:00-04:00,13.063477843050176,13.063477843050176,12.847908896317795,12.899645805358887,54000,0.0,0.0
2024-07-16 00:00:00-04:00,12.96862693925136,13.037608931827412,12.891021992020745,13.028985977172852,43900,0.0,0.0
2024-07-17 00:00:00-04:00,13.011740684509277,13.054854634770336,12.934135738505411,13.011740684509277,46900,0.0,0.0
2024-07-18 00:00:00-04:00,12.994495338842436,12.994495338842436,12.77030426795961,12.804795265197754,29000,0.0,0.0
2024-07-19 00:00:00-04:00,12.761682217748252,12.761682217748252,12.606472308008584,12.684077262878418,31500,0.0,0.0
2024-07-22 00:00:00-04:00,12.735812767594098,12.847907887442082,12.658207821291487,12.778925895690918,33100,0.0,0.0
2024-07-23 00:00:00-04:00,12.865154434547295,12.96862742730542,12.839286391940325,12.873777389526367,18000,0.0,0.0
2024-07-24 00:00:00-04:00,12.882401151746382,12.95138397797476,12.58922804634495,12.615096092224121,33100,0.0,0.0
2024-07-25 00:00:00-04:00,12.675453935216037,12.787549886477892,12.606471937874936,12.658208847045898,29700,0.0,0.0
2024-07-26 00:00:00-04:00,12.770304137755621,12.796172179837924,12.640962282683644,12.73581314086914,10400,0.0,0.0
2024-07-29 00:00:00-04:00,12.770305004331421,12.847909135844443,12.649586095871799,12.675454139709473,31200,0.0,0.0
2024-07-30 00:00:00-04:00,12.727192054141,12.761683056090014,12.554737044395937,12.615096092224121,35200,0.0,0.0
2024-07-31 00:00:00-04:00,12.71856896906645,12.82204197386396,12.390904042709165,12.727191925048828,56500,0.0,0.0
2024-08-01 00:00:00-04:00,12.804796296917445,12.822041385760885,12.425394474398095,12.571981430053711,58300,0.0,0.0
2024-08-02 00:00:00-04:00,12.47713197164582,12.485754105307372,12.2960540074677,12.365036010742188,27800,0.0,0.0
2024-08-05 00:00:00-04:00,11.813179703359856,12.071862638654238,11.795934612916435,12.037371635437012,50400,0.0,0.0
2024-08-06 00:00:00-04:00,12.132219445225429,12.287429342166895,12.063237451547051,12.201201438903809,25800,0.0,0.0
2024-08-07 00:00:00-04:00,12.373658803973118,12.373658803973118,12.04599388156417,12.175334930419922,69000,0.0,0.0
2024-08-08 00:00:00-04:00,12.287430808172385,12.330544764947826,12.227071762084961,12.227071762084961,18500,0.0,0.0
2024-08-09 00:00:00-04:00,12.2184473298577,12.442639220135694,12.2184473298577,12.3736572265625,29700,0.0,0.0
2024-08-12 00:00:00-04:00,12.4512631865444,12.503000100509796,12.270185221161045,12.313299179077148,35400,0.0,0.0
2024-08-13 00:00:00-04:00,12.408148852130722,12.847908877862068,12.296052901311274,12.537489891052246,38200,0.0,0.0
2024-08-14 00:00:00-04:00,12.563358597998016,12.675454554738648,12.459885596929043,12.640963554382324,26100,0.0,0.0
2024-08-15 00:00:00-04:00,12.778927309636849,12.891023264218086,12.640963310869266,12.865155220031738,22700,0.0,0.0
2024-08-16 00:00:00-04:00,12.899645805358887,12.934136803942856,12.804795764835537,12.899645805358887,22500,0.0,0.0
2024-08-19 00:00:00-04:00,12.934137008752668,12.934137008752668,12.804795967597254,12.916891098022461,35300,0.0,0.0
2024-08-20 00:00:00-04:00,12.951382673647396,12.968627761719981,12.847908855890802,12.960004806518555,35800,0.0,0.0
2024-08-21 00:00:00-04:00,12.99449634552002,13.054856212110506,12.85653234587943,12.99449634552002,39200,0.0,0.0
2024-08-22 00:00:00-04:00,12.9944957579848,13.072100709856366,12.62371773129771,12.770304679870605,43800,0.0,0.0
2024-08-23 00:00:00-04:00,12.839286723019644,13.020364670598278,12.839286723019644,12.960004806518555,38800,0.0,0.0
2024-08-26 00:00:00-04:00,13.020365917965742,13.097970055222357,12.718569035645407,13.03761100769043,55500,0.0,0.0
2024-08-27 00:00:00-04:00,13.072100434326401,13.072100434326401,13.003118439079051,13.054855346679688,24000,0.0,0.0
2024-08-28 00:00:00-04:00,13.089347380740953,13.149706425779158,12.96000551266297,13.003119468688965,31800,0.0,0.0
2024-08-29 00:00:00-04:00,13.089347672049692,13.26180267766141,13.054856670927348,13.080724716186523,70800,0.0,0.0
2024-08-30 00:00:00-04:00,13.210065266206612,13.244556266027114,13.141083266565609,13.166952133178711,90500,0.0,0.0
2024-09-03 00:00:00-04:00,13.14970538456223,13.184196382185906,12.985873351432339,13.054855346679688,78700,0.0,0.0
2024-09-04 00:00:00-04:00,13.08934713239304,13.166952087301347,12.985874133292064,13.046233177185059,112600,0.0,0.0
2024-09-05 00:00:00-04:00,13.028986108231521,13.175573049512709,13.028986108231521,13.097968101501465,77200,0.0,0.0
2024-09-06 00:00:00-04:00,13.046232666675934,13.175573704908365,12.770304679870605,12.770304679870605,84300,0.0,0.0
2024-09-09 00:00:00-04:00,12.873778178683434,13.080724176885385,12.873778178683434,13.046233177185059,168300,0.0,0.0
2024-09-10 00:00:00-04:00,13.158327962360335,13.244555042782654,13.028986108231521,13.097968101501465,99600,0.0,0.0
2024-09-11 00:00:00-04:00,13.149707127490712,13.261803090207982,13.063479210837318,13.227312088012695,84100,0.0,0.0
2024-09-12 00:00:00-04:00,13.26180159193413,13.26180159193413,13.13245973156665,13.192819595336914,26200,0.0,0.0
2024-09-13 00:00:00-04:00,13.219241083738423,13.50106340539732,13.131171188271631,13.360152244567871,36700,0.32,0.0
2024-09-16 00:00:00-04:00,13.280889550615518,13.412993554356484,13.201626812412231,13.25446891784668,43000,0.0,0.0
2024-09-17 00:00:00-04:00,13.31611639513472,13.368958496815951,13.087135354343914,13.219240188598633,25500,0.0,0.0
2024-09-18 00:00:00-04:00,13.272082328796387,13.324924433974973,13.19281959097689,13.272082328796387,20000,0.0,0.0
2024-09-19 00:00:00-04:00,13.41299259024107,13.41299259024107,13.272081439073483,13.333730697631836,53700,0.0,0.0
2024-09-20 00:00:00-04:00,13.395380014281908,13.404187171794467,13.272082328796387,13.272082328796387,22800,0.0,0.0
2024-09-23 00:00:00-04:00,13.30731006109041,13.412993431091309,13.30731006109041,13.412993431091309,36100,0.0,0.0
2024-09-24 00:00:00-04:00,13.412992489370232,13.483448904320879,13.324923440501161,13.377764701843262,42000,0.0,0.0
2024-09-25 00:00:00-04:00,13.43060689283549,13.474641837512653,13.333730686463099,13.448221206665039,38200,0.0,0.0
2024-09-26 00:00:00-04:00,13.483449875940503,13.483449875940503,13.377765665847265,13.42180061340332,17100,0.0,0.0
2024-09-27 00:00:00-04:00,13.483449890537138,13.483449890537138,13.360152205226061,13.38657283782959,37600,0.0,0.0
2024-09-30 00:00:00-04:00,13.386573748016508,13.53629207611084,13.386573748016508,13.53629207611084,66200,0.0,0.0
2024-10-01 00:00:00-04:00,13.53629212728575,13.659589821446284,13.324925371493546,13.430608749389648,73400,0.0,0.0
2024-10-02 00:00:00-04:00,13.448222115068836,13.448222115068836,13.236854534320285,13.35134506225586,61300,0.0,0.0
2024-10-03 00:00:00-04:00,13.263276115014216,13.289696747861962,13.13117127098193,13.228048324584961,49300,0.0,0.0
2024-10-04 00:00:00-04:00,13.342537014657276,13.404186273215629,13.254467965125892,13.333730697631836,35800,0.0,0.0
2024-10-07 00:00:00-04:00,13.333731616385657,13.430607829514399,13.24566172088915,13.280889511108398,33600,0.0,0.0
2024-10-08 00:00:00-04:00,13.360153181139022,13.457029401026276,13.34253886485216,13.395380973815918,40900,0.0,0.0
2024-10-09 00:00:00-04:00,13.448223031670999,13.50106430053711,13.42180155734112,13.50106430053711,33700,0.0,0.0
2024-10-10 00:00:00-04:00,13.492256228731383,13.54509833391585,13.457028438573996,13.474642753601074,20900,0.0,0.0
2024-10-11 00:00:00-04:00,13.518677686678837,13.553905476798198,13.45702842404738,13.509870529174805,56400,0.0,0.0
2024-10-14 00:00:00-04:00,13.545096326466972,13.59793758392334,13.518675697738788,13.59793758392334,74600,0.0,0.0
2024-10-15 00:00:00-04:00,13.589133296332903,13.589133296332903,13.395380030308631,13.439414978027344,22300,0.0,0.0
2024-10-16 00:00:00-04:00,13.50106234398186,13.571517918857564,13.40418613850194,13.562710762023926,40800,0.0,0.0
2024-10-17 00:00:00-04:00,13.518676782189816,13.553904569952206,13.41299257900594,13.448221206665039,20500,0.0,0.0
2024-10-18 00:00:00-04:00,13.50106339644643,13.518677711486816,13.37776571085402,13.518677711486816,15800,0.0,0.0
2024-10-21 00:00:00-04:00,13.50986952457472,13.50986952457472,13.421799635876852,13.492255210876465,17700,0.0,0.0
2024-10-22 00:00:00-04:00,13.492257125513067,13.545099234209758,13.412994382416441,13.53629207611084,31300,0.0,0.0
2024-10-23 00:00:00-04:00,13.465836593737768,13.483450910069848,13.289697629901129,13.324925422668457,29600,0.0,0.0
2024-10-24 00:00:00-04:00,13.316118271427312,13.439415966125496,13.289697636812285,13.3689603805542,26500,0.0,0.0
2024-10-25 00:00:00-04:00,13.474643717313137,13.518678668133465,13.351346022995592,13.395380973815918,16900,0.0,0.0
2024-10-28 00:00:00-04:00,13.368959412219569,13.492256258090338,13.368959412219569,13.404187202453613,22400,0.0,0.0
2024-10-29 00:00:00-04:00,13.404187192301267,13.421800667456562,13.236854558893718,13.360152244567871,27300,0.0,0.0
2024-10-30 00:00:00-04:00,13.351345076862632,13.37776570952382,13.272082338982306,13.316117286682129,16900,0.0,0.0
2024-10-31 00:00:00-04:00,13.27208234790095,13.29850382047666,13.122364029559007,13.157591819763184,20700,0.0,0.0
2024-11-01 00:00:00-04:00,13.175206134813656,13.360152243359776,13.157591819763184,13.157591819763184,20300,0.0,0.0
2024-11-04 00:00:00-05:00,13.166398036288156,13.254467925452643,13.08713530401946,13.20162582397461,20600,0.0,0.0
2024-11-05 00:00:00-05:00,13.201626787737725,13.298503840870353,13.14878552229881,13.245661735534668,14500,0.0,0.0
2024-11-06 00:00:00-05:00,13.553906409300044,13.553906409300044,13.289697545279019,13.50106430053711,21100,0.0,0.0
2024-11-07 00:00:00-05:00,13.571517895236617,13.650780626808007,13.536290107860077,13.633166313171387,54700,0.0,0.0
2024-11-08 00:00:00-05:00,13.597937668951975,13.703621864318848,13.597937668951975,13.703621864318848,28300,0.0,0.0
2024-11-11 00:00:00-05:00,13.774078355619315,13.774078355619315,13.157590814310675,13.730043411254883,28400,0.0,0.0
2024-11-12 00:00:00-05:00,13.677201310038223,13.75646404191486,13.606745735013813,13.730043411254883,22200,0.0,0.0
2024-11-13 00:00:00-05:00,13.78288556567379,13.78288556567379,13.606746616699372,13.747657775878906,30000,0.0,0.0
2024-11-14 00:00:00-05:00,13.756465921110047,13.774080237220696,13.571519801432324,13.677203178405762,25300,0.0,0.0
2024-11-15 00:00:00-05:00,13.677203263252185,13.677203263252185,13.377766606688144,13.50106430053711,29000,0.0,0.0
2024-11-18 00:00:00-05:00,13.40418613850194,13.633166336899633,13.40418613850194,13.562710762023926,15700,0.0,0.0
2024-11-19 00:00:00-05:00,13.527482014050419,13.6331653688598,13.457026444177497,13.59793758392334,15600,0.0,0.0
2024-11-20 00:00:00-05:00,13.624361042406171,13.624361042406171,13.316117249270201,13.545098304748535,18700,0.0,0.0
2024-11-21 00:00:00-05:00,13.597939565732426,13.633167355803103,13.465835562941583,13.624361038208008,17800,0.0,0.0
2024-11-22 00:00:00-05:00,13.633166389504554,13.659587860107422,13.421799664061858,13.659587860107422,11300,0.0,0.0
2024-11-25 00:00:00-05:00,13.774079262432728,13.774079262432728,13.41299336678974,13.712430000305176,13500,0.0,0.0
2024-11-26 00:00:00-05:00,13.738851454822182,13.826920509338379,13.738851454822182,13.826920509338379,43500,0.0,0.0
2024-11-27 00:00:00-05:00,13.826920548516705,13.826920548516705,13.730044336305363,13.80049991607666,17400,0.0,0.0
2024-11-29 00:00:00-05:00,13.853341102600098,13.862148259995886,13.686009311563913,13.853341102600098,6700,0.0,0.0
2024-12-02 00:00:00-05:00,13.862148324063106,14.108743692904323,13.686009374817067,13.83572769165039,18600,0.0,0.0
2024-12-03 00:00:00-05:00,13.83572672615888,13.941410088331656,13.730043363986105,13.870954513549805,18600,0.0,0.0
2024-12-04 00:00:00-05:00,13.906183148028843,14.082322095712883,13.906183148028843,14.073514938354492,23800,0.0,0.0
2024-12-05 00:00:00-05:00,14.064709614728526,14.064709614728526,13.86214918065606,14.04709529876709,17700,0.0,0.0
2024-12-06 00:00:00-05:00,14.047094331067274,14.14397054249097,14.020673698842039,14.082322120666504,22300,0.0,0.0
2024-12-09 00:00:00-05:00,14.126358831431888,14.161585783438285,14.04709524977866,14.152778625488281,29600,0.0,0.0
2024-12-10 00:00:00-05:00,14.223233325971698,14.23204048337474,14.135163431734787,14.17919921875,19000,0.0,0.0
2024-12-11 00:00:00-05:00,14.276074462122406,14.276074462122406,14.179199091147776,14.214426040649414,20900,0.0,0.0
2024-12-12 00:00:00-05:00,14.196813540389659,14.311303227097289,13.92379754004123,14.020673751831055,22800,0.0,0.0
2024-12-13 00:00:00-05:00,14.27232624392486,14.290301020059806,14.01168556152787,14.110548973083496,41500,0.32,0.0
2024-12-16 00:00:00-05:00,14.065610747058077,14.1375115658486,13.724082286365775,14.110548973083496,64000,0.0,0.0
2024-12-17 00:00:00-05:00,14.110548583459325,14.631830790984894,13.966746949848964,14.119536399841309,27700,0.0,0.0
2024-12-18 00:00:00-05:00,14.119536877944363,14.595880019689515,13.912821379785846,13.921809196472168,30600,0.0,0.0
2024-12-19 00:00:00-05:00,13.930797244200495,13.930797244200495,13.616230511965167,13.688131332397461,43700,0.0,0.0
2024-12-20 00:00:00-05:00,13.643193736199208,13.993710015711988,13.571292916959388,13.921809196472168,35400,0.0,0.0
2024-12-23 00:00:00-05:00,13.921809058076045,14.020673326392023,13.840920422954014,13.966747283935547,22800,0.0,0.0
2024-12-24 00:00:00-05:00,13.993709678401563,14.083586128847605,13.625217774398429,14.07459831237793,29100,0.0,0.0
2024-12-26 00:00:00-05:00,14.083585355347267,14.371188609578255,13.99370890983743,14.299287796020508,32400,0.0,0.0
2024-12-27 00:00:00-05:00,14.182450673756232,14.28131494858473,13.98472383835008,14.092575073242188,14100,0.0,0.0
2024-12-30 00:00:00-05:00,14.083587019055358,14.227388663158282,13.921809740876864,14.13751220703125,79100,0.0,0.0
2024-12-31 00:00:00-05:00,14.290300369262695,14.290300369262695,14.020672739640077,14.290300369262695,43500,0.0,0.0
2025-01-02 00:00:00-05:00,14.299287986679234,14.299287986679234,13.885857874647089,13.984722137451172,49700,0.0,0.0
2025-01-03 00:00:00-05:00,13.957760106973291,14.17346342955875,13.948773147089844,13.9937105178833,31900,0.0,0.0
2025-01-06 00:00:00-05:00,14.020672233621074,14.227386856487938,13.9397836048035,14.01168441772461,49200,0.0,0.0
2025-01-07 00:00:00-05:00,14.110549223755147,14.209413494192452,14.020673627233052,14.146499633789062,39000,0.0,0.0
2025-01-08 00:00:00-05:00,14.128525247118874,14.191438252132551,14.065611384979787,14.13751220703125,34700,0.0,0.0
2025-01-10 00:00:00-05:00,14.101562033305795,14.101562033305795,13.98472383835008,14.092575073242188,45500,0.0,0.0
2025-01-13 00:00:00-05:00,13.966747596931897,14.092574460733225,13.93978500366211,13.93978500366211,18600,0.0,0.0
2025-01-14 00:00:00-05:00,13.99370993794416,14.074598573420776,13.894846526320169,13.903834342956543,20600,0.0,0.0
2025-01-15 00:00:00-05:00,14.002698832248687,14.092575291278699,13.894847595687933,14.065611839294434,66800,0.0,0.0
2025-01-16 00:00:00-05:00,14.065611763212322,14.155488221756185,13.912822297963015,14.047636985778809,22400,0.0,0.0
2025-01-17 00:00:00-05:00,14.101561191641503,14.25435064623397,14.101561191641503,14.173462867736816,30800,0.0,0.0
2025-01-21 00:00:00-05:00,14.227388555208769,14.263338965961728,14.17346336764203,14.24536418914795,48400,0.0,0.0
2025-01-22 00:00:00-05:00,14.25435211095869,14.380178985648278,14.200426919752767,14.326252937316895,34100,0.0,0.0
2025-01-23 00:00:00-05:00,14.31726422123355,14.577904041977387,14.209412994921335,14.470053672790527,38100,0.0,0.0
2025-01-24 00:00:00-05:00,14.479041941596208,14.514991494364672,14.299289035001602,14.398153305053711,46300,0.0,0.0
2025-01-27 00:00:00-05:00,14.272326357315768,14.317264583698213,14.15548731157156,14.191437721252441,12200,0.0,0.0
2025-01-28 00:00:00-05:00,14.200426919752767,14.38916680322442,14.155488688997524,14.326252937316895,26100,0.0,0.0
2025-01-29 00:00:00-05:00,14.299289768650878,14.30827758586682,14.065611663788944,14.236376762390137,31100,0.0,0.0
2025-01-30 00:00:00-05:00,14.335240754893036,14.335240754893036,14.038649631884077,14.326252937316895,9800,0.0,0.0
2025-01-31 00:00:00-05:00,14.272325768255532,14.380176992846843,14.200424951861326,14.308276176452637,17100,0.0,0.0
2025-02-03 00:00:00-05:00,14.200426350651796,14.254351539696595,14.020674291960086,14.236376762390137,20000,0.0,0.0
2025-02-04 00:00:00-05:00,14.227387543727819,14.470053441902273,14.200424951861326,14.308276176452637,30600,0.0,0.0
2025-02-05 00:00:00-05:00,14.299288474845074,14.398152741024301,14.164474657305663,14.389164924621582,13400,0.0,0.0
2025-02-06 00:00:00-05:00,14.362202038034486,14.523979311119477,14.227388215213912,14.398153305053711,18000,0.0,0.0
2025-02-07 00:00:00-05:00,14.398153332855497,14.532967155936387,14.182450015950538,14.272326469421387,16100,0.0,0.0
2025-02-10 00:00:00-05:00,14.31726428094715,14.559930184005745,14.272326055514961,14.407140731811523,19400,0.0,0.0
2025-02-11 00:00:00-05:00,14.398152507633194,14.523978506730273,14.209412651862243,14.434102058410645,24800,0.0,0.0
2025-02-12 00:00:00-05:00,14.371190071105957,14.488029976426368,14.335239660670982,14.371190071105957,15100,0.0,0.0
2025-02-13 00:00:00-05:00,14.425115152278064,14.559930690388764,14.335239555413246,14.479042053222656,18100,0.0,0.0
2025-02-14 00:00:00-05:00,14.497016516334906,14.577905156534767,14.380178321741129,14.506004333496094,29200,0.0,0.0
2025-02-18 00:00:00-05:00,14.631832079932924,14.631832079932924,14.407141793341975,14.488030433654785,31700,0.0,0.0
2025-02-19 00:00:00-05:00,14.461065004293973,14.568915367126465,14.3801763750443,14.568915367126465,17200,0.0,0.0
2025-02-20 00:00:00-05:00,14.568917339373577,14.568917339373577,14.164475852625113,14.506004333496094,44800,0.0,0.0
2025-02-21 00:00:00-05:00,14.506004212760331,14.90145959330701,14.29030174543964,14.34422779083252,22400,0.0,0.0
2025-02-24 00:00:00-05:00,14.371189176516232,14.371189176516232,14.182449319200105,14.308276176452637,22000,0.0,0.0
2025-02-25 00:00:00-05:00,14.344226806590703,14.380177215344048,14.002697494871239,14.07459831237793,24900,0.0,0.0
2025-02-26 00:00:00-05:00,14.09257394531728,14.155486946354298,13.984722719057244,14.07459831237793,16700,0.0,0.0
2025-02-27 00:00:00-05:00,14.11054931509222,14.11054931509222,13.849908626377871,13.957759857177734,18600,0.0,0.0
2025-02-28 00:00:00-05:00,13.966748129459816,14.011686358039805,13.508379740769673,13.885859489440918,34200,0.0,0.0
2025-03-03 00:00:00-05:00,14.020672818951986,14.074598002331422,13.849907738291327,13.894845962524414,34900,0.0,0.0
2025-03-04 00:00:00-05:00,13.831934756578525,13.903835581825323,13.553318415903098,13.813959121704102,34500,0.0,0.0
2025-03-05 00:00:00-05:00,13.804969280894936,13.912820502957553,13.679143283717874,13.733068466186523,21600,0.0,0.0
2025-03-06 00:00:00-05:00,13.679144246019034,13.733069432281214,13.40052792657983,13.526354789733887,30800,0.0,0.0
2025-03-07 00:00:00-05:00,13.481416673716339,13.74205736178984,13.454454080364016,13.607243537902832,21700,0.0,0.0
2025-03-10 00:00:00-04:00,13.41850374287116,13.607243611610569,13.067986598890712,13.14887523651123,32400,0.0,0.0
2025-03-11 00:00:00-04:00,13.11292410444313,13.804969680315972,13.032035471274474,13.310651779174805,33600,0.0,0.0
2025-03-12 00:00:00-04:00,13.36457831285351,13.445466954190874,13.166850618153891,13.301665306091309,19200,0.0,0.0
2025-03-13 00:00:00-04:00,13.319640010494744,13.391540834150215,13.005074121283414,13.094949722290039,17200,0.0,0.0
2025-03-14 00:00:00-04:00,13.113328976355406,13.51766387908384,12.892781789403125,13.24198055267334,28200,0.32,0.0
2025-03-17 00:00:00-04:00,13.196032691509956,13.370632504794967,12.938728672133896,13.315495491027832,69500,0.0,0.0
2025-03-18 00:00:00-04:00,13.287927503592995,13.50847380726408,13.02143383423049,13.15927505493164,22900,0.0,0.0
2025-03-19 00:00:00-04:00,13.269548287869153,13.343064599248613,13.168464783828705,13.297117233276367,17200,0.0,0.0
2025-03-20 00:00:00-04:00,13.251168958905813,13.407389466678302,13.15927423326092,13.28792667388916,30600,0.0,0.0
2025-03-21 00:00:00-04:00,13.287928287725116,13.407391095023169,13.214412848829879,13.33387565612793,13700,0.0,0.0
2025-03-24 00:00:00-04:00,13.434959161362086,13.508474600234596,13.379823020394282,13.47171688079834,18900,0.0,0.0
2025-03-25 00:00:00-04:00,13.58198953723083,13.58198953723083,13.407390595453618,13.545231819152832,12400,0.0,0.0
2025-03-26 00:00:00-04:00,13.536041962010751,13.58198932799369,13.343064602354014,13.434958457946777,35900,0.0,0.0
2025-03-27 00:00:00-04:00,13.37982186997198,13.554420803188558,13.232790128495866,13.499283790588379,11800,0.0,0.0
2025-03-28 00:00:00-04:00,13.425768135028317,13.692261792694241,13.232789908692782,13.251169204711914,18400,0.0,0.0
2025-03-31 00:00:00-04:00,13.150086567955071,13.407390594482422,13.021434116504832,13.407390594482422,88500,0.0,0.0
2025-04-01 00:00:00-04:00,13.453337337506072,13.453337337506072,13.15927473016228,13.352252960205078,46700,0.0,0.0
2025-04-02 00:00:00-04:00,13.2879289867781,13.462527944246323,13.196034245138062,13.370634078979492,44800,0.0,0.0
2025-04-03 00:00:00-04:00,13.049002148437532,13.196033020315998,12.699803389539614,12.984676361083984,38900,0.0,0.0
2025-04-04 00:00:00-04:00,12.745750588690306,12.865213389615798,12.130058163505987,12.2954683303833,60900,0.0,0.0
2025-04-07 00:00:00-04:00,11.973837686901692,12.04735312213205,11.495987357904369,11.854374885559082,77800,0.0,0.0
2025-04-08 00:00:00-04:00,12.22195237628658,12.460877967989285,11.587880681104254,11.799238204956055,122300,0.0,0.0
2025-04-09 00:00:00-04:00,11.578692293301533,13.352253240979879,11.578692293301533,12.736560821533203,129400,0.0,0.0
2025-04-10 00:00:00-04:00,12.598719136409652,12.598719136409652,12.06573181929953,12.525203704833984,47900,0.0,0.0
2025-04-11 00:00:00-04:00,12.506824121294105,12.690613572382091,12.2495201166932,12.571150779724121,46600,0.0,0.0
2025-04-14 00:00:00-04:00,12.736560821533203,12.892781338489709,12.497636098281873,12.736560821533203,31400,0.0,0.0
2025-04-15 00:00:00-04:00,12.708993000914736,12.80088773375628,12.644667213749527,12.699803352355957,28700,0.0,0.0
2025-04-16 00:00:00-04:00,12.497636676556517,12.663045973172874,12.221953347031727,12.36898422241211,24000,0.0,0.0
2025-04-17 00:00:00-04:00,12.33222576338824,12.589529779860554,12.33222576338824,12.479256629943848,27900,0.0,0.0
2025-04-21 00:00:00-04:00,12.38736261248655,12.38736261248655,11.955459636236455,12.084111213684082,26200,0.0,0.0
2025-04-22 00:00:00-04:00,12.185194896832636,12.846833796332865,12.185194896832636,12.479256629943848,18700,0.0,0.0
2025-04-23 00:00:00-04:00,12.663046176676636,12.97548723006766,12.516015298933366,12.617098808288574,28200,0.0,0.0
2025-04-24 00:00:00-04:00,12.617097859312947,12.9754862541364,12.617097859312947,12.911160469055176,33800,0.0,0.0
2025-04-25 00:00:00-04:00,12.911160760133107,13.049001981664201,12.828455676665206,12.865213394165039,77900,0.0,0.0
2025-04-28 00:00:00-04:00,12.865213479798067,12.957108212345872,12.754940326564572,12.846834182739258,67500,0.0,0.0
2025-04-29 00:00:00-04:00,12.810077194252912,13.747400364657675,12.810077194252912,13.030624389648438,42300,0.0,0.0
2025-04-30 00:00:00-04:00,12.892781832070206,13.186844456855365,12.83764569242952,13.094949722290039,28400,0.0,0.0
2025-05-01 00:00:00-04:00,13.16846441335273,13.324684927439455,13.12251704867315,13.205222129821777,24100,0.0,0.0
2025-05-02 00:00:00-04:00,13.232791270367107,13.453338463425982,13.232791270367107,13.33387565612793,41100,0.0,0.0
2025-05-05 00:00:00-04:00,13.269548373322335,13.30630609106222,13.196032937842563,13.278738021850586,18700,0.0,0.0
2025-05-06 00:00:00-04:00,13.177654764864599,13.20522283459444,13.058191960871103,13.10413932800293,25600,0.0,0.0
2025-05-07 00:00:00-04:00,13.104140314627104,13.306307343031488,13.094950665234213,13.232791900634766,13200,0.0,0.0
2025-05-08 00:00:00-04:00,13.343064393395315,13.398200530612892,13.214411945932468,13.324685096740723,20100,0.0,0.0
2025-05-09 00:00:00-04:00,13.352252456016755,13.352252456016755,13.122516518277573,13.28792667388916,14700,0.0,0.0
2025-05-12 00:00:00-04:00,13.609558603671424,13.701452461494181,13.44414843266807,13.673884391784668,25200,0.0,0.0
2025-05-13 00:00:00-04:00,13.692261783277068,14.243628394248832,13.683073011646892,13.830103874206543,22100,0.0,0.0
2025-05-14 00:00:00-04:00,13.857673351592258,13.912810368847781,13.756589842392481,13.903620719909668,17300,0.0,0.0
2025-05-15 00:00:00-04:00,13.912810325622559,13.912810325622559,13.76577857218902,13.912810325622559,18000,0.0,0.0
2025-05-16 00:00:00-04:00,13.967946419961622,14.05984115600586,13.811725894510312,14.05984115600586,19800,0.0,0.0
2025-05-19 00:00:00-04:00,14.004704064385058,14.004704064385058,13.646316523745584,13.921998977661133,23100,0.0,0.0
2025-05-20 00:00:00-04:00,13.894431027803433,13.977136115243187,13.784157870008148,13.912810325622559,22600,0.0,0.0
2025-05-21 00:00:00-04:00,13.894429863014764,13.967945295382059,13.76577741818546,13.802536010742188,30800,0.0,0.0
2025-05-22 00:00:00-04:00,13.793347282520456,13.793347282520456,13.15927554059815,13.655505180358887,89600,0.0,0.0
2025-05-23 00:00:00-04:00,13.53604212769833,13.581989494243686,13.444148270980742,13.554421424865723,32200,0.0,0.0
2025-05-27 00:00:00-04:00,13.71064107928356,13.830103874206543,13.673883363643647,13.830103874206543,20800,0.0,0.0
2025-05-28 00:00:00-04:00,13.839294562788021,13.866862632497535,13.637126673380937,13.673884391784668,23000,0.0,0.0
2025-05-29 00:00:00-04:00,13.73820972442627,13.986324972705376,13.655504641666566,13.73820972442627,19400,0.0,0.0
2025-05-30 00:00:00-04:00,13.65550509414877,13.86686263224624,13.572800885021728,13.811725616455078,13200,0.0,0.0
2025-06-02 00:00:00-04:00,13.784157546746062,13.820915265149127,13.765778249357963,13.811725616455078,16900,0.0,0.0
2025-06-03 00:00:00-04:00,13.793346210350004,14.004702856979717,13.784156562312258,13.958755493164062,26700,0.0,0.0
2025-06-04 00:00:00-04:00,13.967946712132512,14.105788819082143,13.958757063061237,14.013894081115723,20800,0.0,0.0
2025-06-05 00:00:00-04:00,14.059840950618115,14.069030599362925,13.940378146054995,13.949567794799805,16800,0.0,0.0
2025-06-06 00:00:00-04:00,14.050651550292969,14.069030848107543,13.977136111780988,14.050651550292969,10300,0.0,0.0
2025-06-09 00:00:00-04:00,14.078218870915466,14.087408519333364,14.023082733154297,14.023082733154297,20500,0.0,0.0
2025-06-10 00:00:00-04:00,14.02308232393083,14.151733892534637,13.738209365900957,14.078218460083008,30300,0.0,0.0
2025-06-11 00:00:00-04:00,14.087408933519827,14.160924370278233,14.004703848073337,14.105788230895996,33400,0.0,0.0
2025-06-12 00:00:00-04:00,14.041460990905762,14.160923789834783,14.013892922344635,14.041460990905762,9700,0.0,0.0
2025-06-13 00:00:00-04:00,13.966373698788747,14.050847875826594,13.816197781885492,13.90067195892334,38900,0.32,0.0
2025-06-16 00:00:00-04:00,13.966373559370309,14.07900549592341,13.900671820160767,14.013303756713867,24400,0.0,0.0
2025-06-17 00:00:00-04:00,13.97575930976571,13.97575930976571,13.8068109630352,13.825582504272461,40500,0.0,0.0
2025-06-18 00:00:00-04:00,13.891285136400455,13.938215332172156,13.797424744857054,13.825582504272461,32300,0.0,0.0
2025-06-20 00:00:00-04:00,13.872513071470715,14.191637337119763,13.712950938646191,13.806811332702637,50600,0.0,0.0
2025-06-23 00:00:00-04:00,13.844354902514688,13.91005663934277,13.75049451122969,13.881898880004883,31400,0.0,0.0
2025-06-24 00:00:00-04:00,13.994530640425385,14.050847053527832,13.478300284942533,14.050847053527832,38300,0.0,0.0
2025-06-25 00:00:00-04:00,14.088391304016113,14.36058536653676,13.86312743747193,14.088391304016113,70600,0.0,0.0
2025-06-26 00:00:00-04:00,14.125934719830893,14.341812359568166,14.088390743567063,14.17286491394043,29100,0.0,0.0
2025-06-27 00:00:00-04:00,14.238567623947654,14.323041800107406,14.21979518697035,14.276111602783203,29100,0.0,0.0
2025-06-30 00:00:00-04:00,14.379356218432921,14.548304557800293,14.30426826651831,14.548304557800293,52300,0.0,0.0
2025-07-01 00:00:00-04:00,14.59523555211337,14.59523555211337,14.445059640046608,14.55769157409668,64100,0.0,0.0
2025-07-02 00:00:00-04:00,14.585849060124948,14.585849060124948,14.463830910080624,14.520147323608398,33200,0.0,0.0
2025-07-03 00:00:00-04:00,14.510761260986328,14.58584921641526,14.473217283271861,14.510761260986328,25100,0.0,0.0
2025-07-07 00:00:00-04:00,14.482602954159038,14.491988276893691,14.379356348006837,14.435672760009766,36100,0.0,0.0
2025-07-08 00:00:00-04:00,14.473217321720528,14.473217321720528,14.38874314785881,14.454444885253906,28900,0.0,0.0
2025-07-09 00:00:00-04:00,14.473217399779365,14.55769157409668,14.369971684013228,14.55769157409668,71600,0.0,0.0
2025-07-10 00:00:00-04:00,14.585849802625061,14.585849802625061,14.426287667145969,14.529533386230469,22200,0.0,0.0
2025-07-11 00:00:00-04:00,14.435673188598022,14.510761143418584,14.426286970465695,14.463830947875977,13300,0.0,0.0
2025-07-14 00:00:00-04:00,14.501374887392798,14.529532646597174,14.473217128188423,14.520147323608398,10100,0.0,0.0
2025-07-15 00:00:00-04:00,14.614007663445381,14.614007663445381,14.407516223860831,14.473217964172363,21300,0.0,0.0
2025-07-16 00:00:00-04:00,14.4732178082456,14.510761787321865,14.39812985009307,14.482604026794434,13800,0.0,0.0
2025-07-17 00:00:00-04:00,14.445059833930713,14.57646331119333,14.445059833930713,14.491989135742188,15300,0.0,0.0
2025-07-18 00:00:00-04:00,14.47321759404141,14.501375354152104,14.445059833930713,14.491989135742188,8700,0.0,0.0
2025-07-21 00:00:00-04:00,14.491989407007098,14.595236021210672,14.435673885731578,14.529533386230469,24100,0.0,0.0
2025-07-22 00:00:00-04:00,14.52014806276393,14.54830582340169,14.44506010431719,14.529533386230469,24300,0.0,0.0
2025-07-23 00:00:00-04:00,14.585849333829437,14.59523555211337,14.473217399779365,14.55769157409668,28600,0.0,0.0
2025-07-24 00:00:00-04:00,14.567079059828675,14.567079059828675,14.491990202142942,14.538920402526855,33800,0.0,0.0
2025-07-25 00:00:00-04:00,14.567077385484698,14.632779121398926,14.529532513397688,14.632779121398926,32400,0.0,0.0
2025-07-28 00:00:00-04:00,14.585849918000676,14.72663961742221,14.529533501160616,14.57646369934082,41100,0.0,0.0
2025-07-29 00:00:00-04:00,14.54830592313385,14.595236121264549,14.473217964172363,14.473217964172363,31900,0.0,0.0
2025-07-30 00:00:00-04:00,14.454445371147933,14.538919547849297,14.445060047718169,14.482604026794434,30500,0.0,0.0
2025-07-31 00:00:00-04:00,14.510761943653106,14.623393882095337,14.426287766041664,14.473217964172363,27200,0.0,0.0
2025-08-01 00:00:00-04:00,14.323042329035289,14.57646397175395,14.182251731863504,14.247954368591309,40000,0.0,0.0
2025-08-04 00:00:00-04:00,14.247953666079475,14.482603754676994,14.238567447707002,14.445059776306152,43000,0.0,0.0
2025-08-05 00:00:00-04:00,14.388743010027628,14.426286987482195,14.28549729580733,14.304268836975098,18100,0.0,0.0
2025-08-06 00:00:00-04:00,14.332427474499505,14.463830947875977,14.332427474499505,14.463830947875977,21800,0.0,0.0
2025-08-07 00:00:00-04:00,14.557691495582244,14.557691495582244,14.369971606511227,14.454444885253906,21500,0.0,0.0
2025-08-08 00:00:00-04:00,14.520147867149799,14.623393584843383,14.520147867149799,14.595235824584961,39800,0.0,0.0
2025-08-11 00:00:00-04:00,14.576463543403447,14.642166178200485,14.557692001403629,14.58584976196289,28100,0.0,0.0
2025-08-12 00:00:00-04:00,14.56707750269901,14.773568930124988,14.482603330061554,14.679709434509277,42900,0.0,0.0
2025-08-13 00:00:00-04:00,14.707867778223738,14.745411756985956,14.642166039169624,14.698481559753418,30600,0.0,0.0
2025-08-14 00:00:00-04:00,14.651551362520882,14.876816130213244,14.632779820699303,14.698481559753418,31200,0.0,0.0
2025-08-15 00:00:00-04:00,14.67970990183132,14.70786766190052,14.651551246643066,14.651551246643066,21000,0.0,0.0
2025-08-18 00:00:00-04:00,14.651551090968782,14.689095069035158,14.623393331198761,14.660937309265137,31400,0.0,0.0
2025-08-19 00:00:00-04:00,14.68909516708093,14.698481385439937,14.557691690531053,14.604621887207031,18300,0.0,0.0
2025-08-20 00:00:00-04:00,14.585848533757598,14.585848533757598,14.416900194390227,14.548304557800293,19000,0.0,0.0
2025-08-21 00:00:00-04:00,14.529532684564211,14.567077557093521,14.426286970465695,14.463830947875977,12000,0.0,0.0
2025-08-22 00:00:00-04:00,14.482604003102447,14.726639419139417,14.482604003102447,14.642166137695312,21500,0.0,0.0
2025-08-25 00:00:00-04:00,14.642165612415983,14.707867349555185,14.585849198354499,14.670323371887207,20000,0.0,0.0
2025-08-26 00:00:00-04:00,14.632779919161834,14.726639419139417,14.632779919161834,14.642166137695312,19000,0.0,0.0
2025-08-27 00:00:00-04:00,14.660936902517841,14.754797292639278,14.651550684481894,14.736024856567383,23100,0.0,0.0
2025-08-28 00:00:00-04:00,14.736024856567383,14.867429223713591,14.679709338589737,14.736024856567383,15300,0.0,0.0
2025-08-29 00:00:00-04:00,14.764183044433594,14.773569262742198,14.707867524820067,14.764183044433594,41000,0.0,0.0
2025-09-02 00:00:00-04:00,14.632780614452235,14.726640118889643,14.595236633653451,14.707868576049805,30700,0.0,0.0
2025-09-03 00:00:00-04:00,14.754798091407853,14.895587789092806,14.69848167526243,14.74541187286377,29100,0.0,0.0
2025-09-04 00:00:00-04:00,14.764183121580334,14.876815951634017,14.764183121580334,14.867429733276367,16600,0.0,0.0
2025-09-05 00:00:00-04:00,14.980061432073654,15.017605409793376,14.698481151616221,14.773569107055664,74100,0.0,0.0
2025-09-08 00:00:00-04:00,14.858043670654297,15.008219585474553,14.80172815015623,14.858043670654297,29300,0.0,0.0
2025-09-09 00:00:00-04:00,14.867429889110328,14.87681610756636,14.754797952995135,14.858043670654297,40700,0.0,0.0
2025-09-10 00:00:00-04:00,14.876815247993468,14.93313076523766,14.792341077008173,14.801727294921875,28800,0.0,0.0
2025-09-11 00:00:00-04:00,14.801727472561836,14.914359403520956,14.801727472561836,14.895586967468262,32500,0.0,0.0
2025-09-12 00:00:00-04:00,14.886202115817365,14.933132315137719,14.820500373840332,14.820500373840332,33400,0.0,0.0
2025-09-15 00:00:00-04:00,14.89714165101613,15.021683779358261,14.89714165101613,14.945042610168457,27500,0.32,0.0
2025-09-16 00:00:00-04:00,14.945042176463032,15.146225468156622,14.868401009497356,14.887560844421387,33500,0.0,0.0
2025-09-17 00:00:00-04:00,14.925881427904224,15.088744136114977,14.820500051735115,14.887560844421387,44300,0.0,0.0
2025-09-18 00:00:00-04:00,14.945041615830657,15.242025898273202,14.925880867990626,14.983362197875977,36600,0.0,0.0
2025-09-19 00:00:00-04:00,15.002522706398887,15.088744248284938,14.849240371328035,15.012103080749512,59800,0.0,0.0
2025-09-22 00:00:00-04:00,15.01210224468564,15.155804197402723,14.983362036869169,15.13664436340332,39800,0.0,0.0
2025-09-23 00:00:00-04:00,15.165384934685473,15.165384934685473,14.945041813420394,14.992941856384277,26000,0.0,0.0
2025-09-24 00:00:00-04:00,15.06958314658917,15.06958314658917,14.820499814751031,14.87798023223877,22800,0.0,0.0
2025-09-25 00:00:00-04:00,14.830079834693155,14.85882095815602,14.590575954311408,14.820500373840332,36800,0.0,0.0
2025-09-26 00:00:00-04:00,14.839659803157927,14.973782301410553,14.743858801807285,14.964201927185059,51800,0.0,0.0
2025-09-29 00:00:00-04:00,14.983362320809652,15.03126236353325,14.810919243373501,14.868400573730469,47600,0.0,0.0
2025-09-30 00:00:00-04:00,14.830080009615543,15.251607355694867,14.801339799448481,15.069583892822266,80400,0.0,0.0
2025-10-01 00:00:00-04:00,15.060003954257564,15.270766706978485,14.954621664262325,15.088744163513184,86200,0.0,0.0
2025-10-02 00:00:00-04:00,15.03126224020657,15.040842614126586,14.897140659865322,14.983362197875977,49600,0.0,0.0
2025-10-03 00:00:00-04:00,15.03126200102934,15.040842374796913,14.877979675287087,14.97378158569336,43700,0.0,0.0
2025-10-06 00:00:00-04:00,15.03126200102934,15.03126200102934,14.868400215154242,14.97378158569336,41400,0.0,0.0
2025-10-07 00:00:00-04:00,14.954621198813793,15.069582945892977,14.84923982573323,14.868400573730469,62000,0.0,0.0
2025-10-08 00:00:00-04:00,14.964201409528062,15.021682739257812,14.858820037597384,15.021682739257812,34400,0.0,0.0
2025-10-09 00:00:00-04:00,15.06000312233206,15.107904077535196,14.85881984138667,14.97378158569336,64500,0.0,0.0
2025-10-10 00:00:00-04:00,14.96420215657563,15.060004073029619,14.523514985429891,14.533095359802246,63200,0.0,0.0
2025-10-13 00:00:00-04:00,14.657636873641417,14.96420153167651,14.657636873641417,14.906721115112305,107700,0.0,0.0
2025-10-14 00:00:00-04:00,14.868401440978655,14.992942655685981,14.791759358154048,14.945042610168457,79700,0.0,0.0
2025-10-15 00:00:00-04:00,15.117484302676962,15.117484302676962,14.858820593306108,14.925881385803223,29900,0.0,0.0
2025-10-16 00:00:00-04:00,14.925881752299773,15.184546381656764,14.801339624865088,14.820500373840332,43500,0.0,0.0
2025-10-17 00:00:00-04:00,14.849240888057144,15.040843813563175,14.801339928271931,14.954622268676758,25900,0.0,0.0
2025-10-20 00:00:00-04:00,14.954620838158213,15.069582582464903,14.925880630490223,14.97378158569336,36200,0.0,0.0
2025-10-21 00:00:00-04:00,14.983363392728775,15.040843813563175,14.906722222526362,14.954622268676758,11400,0.0,0.0
2025-10-22 00:00:00-04:00,15.040843375536486,15.040843375536486,14.858820830015407,14.93546199798584,30700,0.0,0.0
2025-10-23 00:00:00-04:00,14.973782218013302,15.08874396717465,14.954621469669027,15.04084300994873,12000,0.0,0.0
2025-10-24 00:00:00-04:00,15.107904590898197,15.194125216831925,15.040842885881174,15.155804634094238,22500,0.0,0.0
2025-10-27 00:00:00-04:00,15.222866578103197,15.366569450851664,15.13664503718107,15.165385246276855,49200,0.0,0.0
2025-10-28 00:00:00-04:00,15.222866536092852,15.270766579908711,15.146225369625752,15.203705787658691,36800,0.0,0.0
2025-10-29 00:00:00-04:00,15.2707663823073,15.2707663823073,15.11748405135655,15.155804634094238,22200,0.0,0.0
2025-10-30 00:00:00-04:00,15.088743645413645,15.347408260736843,15.088743645413645,15.146224975585938,33100,0.0,0.0
2025-10-31 00:00:00-04:00,15.28992696527715,15.309086799621582,15.155804470327134,15.309086799621582,30300,0.0,0.0
2025-11-03 00:00:00-05:00,15.309086799621582,15.328247547600762,15.165384844316725,15.309086799621582,35500,0.0,0.0
2025-11-04 00:00:00-05:00,15.23244599667516,15.289927328342872,15.060003828941571,15.203705787658691,36600,0.0,0.0
2025-11-05 00:00:00-05:00,15.232445240066399,15.251605987548828,15.165384451147347,15.251605987548828,12500,0.0,0.0
2025-11-06 00:00:00-05:00,15.203706196899132,15.203706196899132,15.050423859839007,15.060004234313965,14600,0.0,0.0
2025-11-07 00:00:00-05:00,15.060003758293005,15.15580475911008,14.906721426077874,15.04084300994873,25400,0.0,0.0
2025-11-10 00:00:00-05:00,15.107904272016022,15.289926807769403,15.107904272016022,15.261186599731445,24600,0.0,0.0
2025-11-11 00:00:00-05:00,15.26118746795155,15.337828636169434,15.127064966752855,15.337828636169434,33300,0.0,0.0
2025-11-12 00:00:00-05:00,15.3090870792814,15.3282478276106,15.146225286657021,15.280346870422363,21700,0.0,0.0
2025-11-13 00:00:00-05:00,15.280347322029009,15.2995080709245,15.079164026800308,15.0983247756958,21900,0.0,0.0
2025-11-14 00:00:00-05:00,15.031263068196372,15.222866902612118,15.02168360738342,15.0983247756958,15400,0.0,0.0
2025-11-17 00:00:00-05:00,15.06000312233206,15.26118640327745,14.954620838158213,14.97378158569336,23900,0.0,0.0
2025-11-18 00:00:00-05:00,14.964201572812414,14.964201572812414,14.810919243373501,14.868400573730469,31500,0.0,0.0
2025-11-19 00:00:00-05:00,14.877980076254888,15.040842780153932,14.65763695547074,14.79175853729248,37000,0.0,0.0
2025-11-20 00:00:00-05:00,14.897140547210515,15.098323829835747,14.600155353379083,14.619316101074219,43600,0.0,0.0
2025-11-21 00:00:00-05:00,14.619315980898156,14.839659095772484,14.580995399457631,14.734277725219727,26300,0.0,0.0
2025-11-24 00:00:00-05:00,14.820500161910946,15.088744248284938,14.820500161910946,15.012103080749512,22600,0.0,0.0
2025-11-25 00:00:00-05:00,14.973781980912989,15.13664468472143,14.91630065042511,15.031262397766113,59300,0.0,0.0
2025-11-26 00:00:00-05:00,15.088744079598248,15.222866578103197,15.079163705354729,15.165385246276855,30100,0.0,0.0
2025-11-28 00:00:00-05:00,15.203705704375091,15.280346870422363,15.11748416416322,15.280346870422363,21300,0.0,0.0
2025-12-01 00:00:00-05:00,15.127065094127492,15.280347431853945,15.127065094127492,15.222867012023926,23800,0.0,0.0
2025-12-02 00:00:00-05:00,15.232445240066399,15.289926568878963,15.184545198629776,15.251605987548828,27600,0.0,0.0
2025-12-03 00:00:00-05:00,15.251606703231301,15.289927286359632,15.165385162783869,15.242026329040527,17300,0.0,0.0
2025-12-04 00:00:00-05:00,15.213285643911691,15.31866701580736,15.184545435873734,15.261186599731445,24000,0.0,0.0
2025-12-05 00:00:00-05:00,15.213286315364638,15.42404998209297,15.213286315364638,15.28992748260498,39900,0.0,0.0
2025-12-08 00:00:00-05:00,15.30908664191646,15.625231671238208,15.165384688091935,15.261186599731445,42000,0.0,0.0
2025-12-09 00:00:00-05:00,15.203705426640337,15.356988669569533,15.194125052650746,15.309086799621582,34400,0.0,0.0
2025-12-10 00:00:00-05:00,15.36656959219499,15.452789306640625,15.309087346205146,15.452789306640625,65900,0.0,0.0
2025-12-11 00:00:00-05:00,15.385728681079517,15.433630553259185,15.309087512861632,15.337828636169434,50300,0.0,0.0
2025-12-12 00:00:00-05:00,15.318668016285558,15.471950354012012,15.184546427592313,15.222867012023926,25600,0.0,0.0
2025-12-15 00:00:00-05:00,15.291305950618261,15.32063683842065,15.213089628203814,15.271751403808594,29400,0.32,0.0
2025-12-16 00:00:00-05:00,15.242420108686485,15.379298203047949,15.154426515218635,15.291305541992188,29900,0.0,0.0
2025-12-17 00:00:00-05:00,15.26197345943322,15.38907521087188,15.12509536743164,15.12509536743164,33200,0.0,0.0
2025-12-18 00:00:00-05:00,15.291305541992188,15.418407295622181,15.13487196893152,15.291305541992188,63600,0.0,0.0
2025-12-19 00:00:00-05:00,15.398852378803287,15.486845970153809,15.3792978329867,15.486845970153809,36800,0.0,0.0
2025-12-22 00:00:00-05:00,15.57483979594365,15.604170682697971,15.477068930213145,15.565062522888184,38700,0.0,0.0
2025-12-23 00:00:00-05:00,15.555285162754842,15.731272347119749,15.535731549165448,15.613947868347168,21000,0.0,0.0
2025-12-24 00:00:00-05:00,15.613948325069073,15.682388305664062,15.58461650520889,15.682388305664062,9800,0.0,0.0
2025-12-26 00:00:00-05:00,15.7606047217386,15.7606047217386,15.68238839979948,15.721495628356934,16100,0.0,0.0
2025-12-29 00:00:00-05:00,15.653056553188396,15.682388373174849,15.58461657229878,15.633502006530762,14200,0.0,0.0
2025-12-30 00:00:00-05:00,15.711718151011791,15.780157198716887,15.604170942844911,15.73127269744873,120000,0.0,0.0
2025-12-31 00:00:00-05:00,15.760604784756637,15.760604784756637,15.555285773330356,15.584616661071777,56400,0.0,0.0
2026-01-02 00:00:00-05:00,15.672611365374271,15.672611365374271,15.046879847910272,15.398853302001953,433600,0.0,0.0
2026-01-05 00:00:00-05:00,15.398853212684278,15.623724907279948,15.398853212684278,15.447738647460938,67000,0.0,0.0
2026-01-06 00:00:00-05:00,15.486846318949642,15.633501686228781,15.477069045821143,15.604170799255371,48800,0.0,0.0
2026-01-07 00:00:00-05:00,15.623724091792976,15.643278637647828,15.565062319052554,15.57483959197998,41100,0.0,0.0
2026-01-08 00:00:00-05:00,15.613948481225309,15.63350209558222,15.545508499945845,15.584616661071777,53400,0.0,0.0
2026-01-09 00:00:00-05:00,15.633501627356216,15.770379720991402,15.594393467401579,15.741049766540527,55300,0.0,0.0
2026-01-12 00:00:00-05:00,15.672611126454063,15.799711950296055,15.65305657976323,15.721495628356934,61700,0.0,0.0
2026-01-13 00:00:00-05:00,15.741050404986115,15.907260324637695,15.62372498795149,15.799712181091309,100200,0.0,0.0
2026-01-14 00:00:00-05:00,15.809489128743117,15.887705450212735,15.594393778495618,15.682388305664062,64000,0.0,0.0
2026-01-15 00:00:00-05:00,15.760604283700616,15.77037969195013,15.653056144714355,15.653056144714355,40400,0.0,0.0
2026-01-16 00:00:00-05:00,15.74105035409427,15.85837390592534,15.594394049481197,15.623724937438965,21800,0.0,0.0
2026-01-20 00:00:00-05:00,15.52595494414992,15.52595494414992,15.330414137782714,15.359745025634766,41200,0.0,0.0
2026-01-21 00:00:00-05:00,15.633502006530762,15.633502006530762,15.369522153537426,15.633502006530762,83200,0.0,0.0
2026-01-22 00:00:00-05:00,15.731273012232721,15.789934787893175,15.662833963158153,15.672611236572266,31400,0.0,0.0
2026-01-23 00:00:00-05:00,15.72149542423026,15.77037992549842,15.516177348702877,15.73127269744873,32200,0.0,0.0
2026-01-26 00:00:00-05:00,15.760604951962593,15.838821275044264,15.72149585800964,15.799712181091309,34500,0.0,0.0
2026-01-27 00:00:00-05:00,15.8485960697615,15.8485960697615,15.780157022819278,15.8290433883667,21500,0.0,0.0
2026-01-28 00:00:00-05:00,15.858373409614297,15.858373409614297,15.525954514201526,15.780157089233398,34500,0.0,0.0
2026-01-29 00:00:00-05:00,15.770380035596208,15.780157308882934,15.565062891047535,15.682388305664062,31800,0.0,0.0
2026-01-30 00:00:00-05:00,15.633502210895594,15.760604901007527,15.56506316152343,15.623724937438965,39400,0.0,0.0
2026-02-02 00:00:00-05:00,15.623724354264535,15.78015699408308,15.623724354264535,15.741049766540527,18300,0.0,0.0
2026-02-03 00:00:00-05:00,15.750826981293727,15.750826981293727,15.535731636133864,15.565062522888184,49700,0.0,0.0
2026-02-04 00:00:00-05:00,15.57483959197998,15.887704866361076,15.496623273384706,15.57483959197998,37600,0.0,0.0
2026-02-05 00:00:00-05:00,15.477069625133439,15.525955060193647,15.398853302001953,15.398853302001953,24600,0.0,0.0
2026-02-06 00:00:00-05:00,15.418407473608422,15.643279164033599,15.418407473608422,15.594393730163574,31100,0.0,0.0
2026-02-09 00:00:00-05:00,15.594394049481197,15.65305675780885,15.467292291781382,15.623724937438965,39400,0.0,0.0
2026-02-10 00:00:00-05:00,15.643279484352222,15.701941260267757,15.574840434980059,15.623724937438965,52900,0.0,0.0
2026-02-11 00:00:00-05:00,15.692163137460824,15.692163137460824,15.565062319052554,15.57483959197998,38700,0.0,0.0
2026-02-12 00:00:00-05:00,15.64327951914352,15.64327951914352,15.30108240669741,15.310859680175781,45000,0.0,0.0
2026-02-13 00:00:00-05:00,15.320636864361324,15.51617767072853,15.261974156245106,15.359745025634766,34800,0.0,0.0
2026-02-17 00:00:00-05:00,15.359744392592642,15.49662341761436,15.242419913607772,15.38907527923584,42300,0.0,0.0
2026-02-18 00:00:00-05:00,15.389075192290967,15.52595421653935,15.340189759887112,15.437960624694824,36800,0.0,0.0
2026-02-19 00:00:00-05:00,15.35974470560029,15.418407412494217,15.320636545141705,15.330413818359375,29600,0.0,0.0
2026-02-20 00:00:00-05:00,15.330413737294995,15.643279019309313,15.320636464129025,15.467291831970215,34800,0.0,0.0
2026-02-23 00:00:00-05:00,15.486846488007966,15.565062809065614,15.349967459951033,15.418407440185547,36900,0.0,0.0
2026-02-24 00:00:00-05:00,15.408629767972423,15.545507860073055,15.398852494990358,15.525954246520996,20900,0.0,0.0
2026-02-25 00:00:00-05:00,15.57483991228196,15.633501686228781,15.467291772692644,15.604170799255371,30900,0.0,0.0
2026-02-26 00:00:00-05:00,15.643279136449692,15.653056409688876,15.48684649427113,15.506400108337402,37300,0.0,0.0
2026-02-27 00:00:00-05:00,15.369522236198028,15.565063041765514,15.369522236198028,15.496623992919922,28500,0.0,0.0
2026-03-02 00:00:00-05:00,15.408630287984579,15.565062931328649,15.359744853836531,15.54550838470459,15500,0.0,0.0
2026-03-03 00:00:00-05:00,15.349967548143754,15.398852982188677,15.213089451712488,15.369522094726562,49500,0.0,0.0
2026-03-04 00:00:00-05:00,15.398853123930124,15.623724817229704,15.369522236198028,15.496623992919922,17700,0.0,0.0
2026-03-05 00:00:00-05:00,15.42818419007323,15.613948656819597,15.379298755013021,15.398853302001953,12500,0.0,0.0
2026-03-06 00:00:00-05:00,15.252197441702235,15.330413762333562,15.154426574707031,15.154426574707031,52100,0.0,0.0
2026-03-09 00:00:00-04:00,15.105540743894412,15.26197338104248,14.968662652595885,15.26197338104248,54200,0.0,0.0
2026-03-10 00:00:00-04:00,15.25219732459979,15.418407237768266,15.105541025232972,15.115318298339844,51300,0.0,0.0
2026-03-11 00:00:00-04:00,15.11531850248697,15.183757550335237,15.046879454638702,15.105541229248047,34500,0.0,0.0
2026-03-12 00:00:00-04:00,15.056656173706035,15.261974254820759,14.890446254117347,14.910000801086426,49400,0.0,0.0
2026-03-13 00:00:00-04:00,15.100000381469727,15.130000114440918,14.850000381469727,15.0,33100,0.34,0.0
2026-03-16 00:00:00-04:00,15.100000381469727,15.149999618530273,14.989999771118164,15.079999923706055,46400,0.0,0.0
2026-03-17 00:00:00-04:00,15.1899995803833,15.270000457763672,15.100000381469727,15.100000381469727,19500,0.0,0.0
2026-03-18 00:00:00-04:00,15.079999923706055,15.289999961853027,15.0,15.039999961853027,45800,0.0,0.0
2026-03-19 00:00:00-04:00,14.90999984741211,15.100000381469727,14.75,14.819999694824219,49500,0.0,0.0
2026-03-20 00:00:00-04:00,14.779999732971191,14.779999732971191,14.550000190734863,14.5600004196167,33500,0.0,0.0
2026-03-23 00:00:00-04:00,14.699999809265137,15.220000267028809,14.640000343322754,14.65999984741211,44000,0.0,0.0
2026-03-24 00:00:00-04:00,14.630000114440918,14.699999809265137,14.539999961853027,14.640000343322754,45600,0.0,0.0
2026-03-25 00:00:00-04:00,14.729999542236328,14.989999771118164,14.729999542236328,14.779999732971191,17800,0.0,0.0
2026-03-26 00:00:00-04:00,14.65999984741211,14.6899995803833,14.4399995803833,14.449999809265137,29400,0.0,0.0
2026-03-27 00:00:00-04:00,14.380000114440918,14.380000114440918,14.109999656677246,14.130000114440918,35100,0.0,0.0
2026-03-30 00:00:00-04:00,14.239999771118164,14.65999984741211,13.989999771118164,14.109999656677246,65700,0.0,0.0
2026-03-31 00:00:00-04:00,14.300000190734863,14.880000114440918,14.109999656677246,14.779999732971191,105500,0.0,0.0
2026-04-01 00:00:00-04:00,14.899999618530273,15.0600004196167,14.630000114440918,14.989999771118164,81500,0.0,0.0
2026-04-02 00:00:00-04:00,14.789999961853027,15.039999961853027,14.569999694824219,14.869999885559082,47600,0.0,0.0
2026-04-06 00:00:00-04:00,14.899999618530273,15.020000457763672,14.869999885559082,14.960000038146973,33900,0.0,0.0
2026-04-07 00:00:00-04:00,14.960000038146973,14.960000038146973,14.75,14.920000076293945,38400,0.0,0.0
2026-04-08 00:00:00-04:00,15.25,15.569999694824219,15.140000343322754,15.380000114440918,65600,0.0,0.0
2026-04-09 00:00:00-04:00,15.350000381469727,15.470000267028809,15.109999656677246,15.430000305175781,21900,0.0,0.0
2026-04-10 00:00:00-04:00,15.350000381469727,15.600000381469727,15.289999961853027,15.380000114440918,47100,0.0,0.0
2026-04-13 00:00:00-04:00,15.390000343322754,15.550000190734863,15.260000228881836,15.539999961853027,53000,0.0,0.0
2026-04-14 00:00:00-04:00,15.600000381469727,15.9399995803833,15.550000190734863,15.760000228881836,37200,0.0,0.0
2026-04-15 00:00:00-04:00,15.800000190734863,15.899999618530273,15.699999809265137,15.890000343322754,40400,0.0,0.0
2026-04-16 00:00:00-04:00,15.920000076293945,15.9399995803833,15.760000228881836,15.869999885559082,38600,0.0,0.0
2026-04-17 00:00:00-04:00,15.960000038146973,15.979999542236328,15.850000381469727,15.920000076293945,39200,0.0,0.0
2026-04-20 00:00:00-04:00,15.899999618530273,15.90999984741211,15.760000228881836,15.850000381469727,29000,0.0,0.0
2026-04-21 00:00:00-04:00,15.829999923706055,15.880000114440918,15.6899995803833,15.850000381469727,33400,0.0,0.0
2026-04-22 00:00:00-04:00,15.859999656677246,16.010000228881836,15.739999771118164,15.970000267028809,25400,0.0,0.0
2026-04-23 00:00:00-04:00,15.9399995803833,15.9399995803833,15.729999542236328,15.890000343322754,50500,0.0,0.0
2026-04-24 00:00:00-04:00,15.890000343322754,15.949999809265137,15.800000190734863,15.920000076293945,24600,0.0,0.0
2026-04-27 00:00:00-04:00,15.970000267028809,16.170000076293945,15.930000305175781,16.1200008392334,76000,0.0,0.0
2026-04-28 00:00:00-04:00,16.06999969482422,16.06999969482422,15.850000381469727,16.010000228881836,28200,0.0,0.0
2026-04-29 00:00:00-04:00,16.010000228881836,16.079999923706055,15.84000015258789,16.059999465942383,28600,0.0,0.0
2026-04-30 00:00:00-04:00,16.190000534057617,16.190000534057617,16.0,16.170000076293945,42900,0.0,0.0
2026-05-01 00:00:00-04:00,16.239999771118164,16.270000457763672,16.020000457763672,16.190000534057617,28900,0.0,0.0
2026-05-04 00:00:00-04:00,16.229999542236328,16.280000686645508,16.040000915527344,16.1200008392334,28300,0.0,0.0
2026-05-05 00:00:00-04:00,16.190000534057617,16.280000686645508,16.139999389648438,16.170000076293945,33400,0.0,0.0
2026-05-06 00:00:00-04:00,16.25,16.290000915527344,16.170000076293945,16.280000686645508,27600,0.0,0.0
2026-05-07 00:00:00-04:00,16.31999969482422,16.399999618530273,16.170000076293945,16.219999313354492,24600,0.0,0.0
2026-05-08 00:00:00-04:00,16.299999237060547,16.469999313354492,16.239999771118164,16.3700008392334,35700,0.0,0.0
2026-05-11 00:00:00-04:00,16.3700008392334,16.450000762939453,16.260000228881836,16.329999923706055,25800,0.0,0.0
2026-05-12 00:00:00-04:00,16.31999969482422,16.31999969482422,16.15999984741211,16.270000457763672,33900,0.0,0.0
2026-05-13 00:00:00-04:00,16.280000686645508,16.530000686645508,16.280000686645508,16.389999389648438,27700,0.0,0.0
2026-05-14 00:00:00-04:00,16.469999313354492,16.479999542236328,16.3799991607666,16.420000076293945,32900,0.0,0.0
2026-05-15 00:00:00-04:00,16.309999465942383,16.360000610351562,16.219999313354492,16.239999771118164,30600,0.0,0.0
2026-05-18 00:00:00-04:00,16.290000915527344,16.3700008392334,16.100000381469727,16.290000915527344,33300,0.0,0.0
2026-05-19 00:00:00-04:00,16.219999313354492,16.31999969482422,16.139999389648438,16.25,16900,0.0,0.0
2026-05-20 00:00:00-04:00,16.290000915527344,16.450000762939453,16.290000915527344,16.420000076293945,14400,0.0,0.0
2026-05-21 00:00:00-04:00,16.420000076293945,16.40999984741211,16.299999237060547,16.40999984741211,13100,0.0,0.0
