Date,Open,High,Low,Close,Volume,Dividends,Stock Splits
2022-01-03 00:00:00-05:00,5.720637863369827,5.773467103010858,5.531962470198687,5.6149797439575195,316400,0.0,0.0
2022-01-04 00:00:00-05:00,5.607432540350792,6.226287957834078,5.592338523332651,5.750825881958008,1071800,0.0,0.0
2022-01-05 00:00:00-05:00,5.653469442721457,6.07534762063053,5.652714436002017,5.871578216552734,649800,0.0,0.0
2022-01-06 00:00:00-05:00,5.697997106944979,6.3070414065550775,5.697997106944979,5.999877452850342,729300,0.0,0.0
2022-01-07 00:00:00-05:00,5.924407117918236,6.196099777708666,5.803654984620152,5.848937034606934,224500,0.0,0.0
2022-01-10 00:00:00-05:00,5.811201885154423,6.377228056820234,5.6979969387170595,6.181005477905273,651600,0.0,0.0
2022-01-11 00:00:00-05:00,6.182515429092237,6.7545787698918,6.090441315458375,6.648921012878418,1030700,0.0,0.0
2022-01-12 00:00:00-05:00,6.6489210834901495,6.716843619546025,6.196099858014003,6.256475925445557,425100,0.0,0.0
2022-01-13 00:00:00-05:00,6.218740534055601,6.3923222630000325,5.886672172222894,5.977236270904541,309200,0.0,0.0
2022-01-14 00:00:00-05:00,5.833842855000331,6.134214246020344,5.833842855000331,6.105535507202148,151000,0.0,0.0
2022-01-18 00:00:00-05:00,5.818749170679762,5.993085194158608,5.471586417471313,5.479133605957031,327900,0.0,0.0
2022-01-19 00:00:00-05:00,5.494227504807405,5.69044972290602,5.154611587524414,5.154611587524414,292900,0.0,0.0
2022-01-20 00:00:00-05:00,5.282911023765405,5.426304366166265,4.565944671630859,4.565944671630859,528600,0.0,0.0
2022-01-21 00:00:00-05:00,4.558397506865284,4.671602815651856,4.301798854931689,4.543303489685059,362200,0.0,0.0
2022-01-24 00:00:00-05:00,4.226328740635469,4.294251997425014,3.7735078684012677,3.9772772789001465,354200,0.0,0.0
2022-01-25 00:00:00-05:00,3.9999184844532456,4.2791579803461985,3.8867131764272567,3.9772772789001465,407600,0.0,0.0
2022-01-26 00:00:00-05:00,4.158405654600203,4.31689264678523,3.781054884921189,3.833883762359619,591700,0.0,0.0
2022-01-27 00:00:00-05:00,3.886713060267645,3.886713060267645,3.5546443345882803,3.690490484237671,228400,0.0,0.0
2022-01-28 00:00:00-05:00,3.743319849551276,3.8640719866755897,3.5093624039380407,3.841431140899658,236500,0.0,0.0
2022-01-31 00:00:00-05:00,3.9621832884417287,5.011218382141816,3.9621832884417287,4.543303489685059,1365900,0.0,0.0
2022-02-01 00:00:00-05:00,4.565944751187865,4.830090235004654,4.309346096118535,4.762166976928711,394900,0.0,0.0
2022-02-02 00:00:00-05:00,4.75461991963993,4.8074487979420955,4.4708518310322605,4.588585376739502,342100,0.0,0.0
2022-02-03 00:00:00-05:00,4.422551376807923,4.728205316372664,4.354628119184755,4.596132755279541,208400,0.0,0.0
2022-02-04 00:00:00-05:00,4.5583972705053855,4.837636753795446,4.428588657512268,4.581038475036621,199500,0.0,0.0
2022-02-07 00:00:00-05:00,4.747827336778126,4.747827336778126,4.384815933887088,4.422551155090332,157100,0.0,0.0
2022-02-08 00:00:00-05:00,4.415004172028871,4.754620099027864,4.415004172028871,4.731978893280029,179100,0.0,0.0
2022-02-09 00:00:00-05:00,4.7168848699153205,5.16970574545324,4.694243664197034,5.1319708824157715,357200,0.0,0.0
2022-02-10 00:00:00-05:00,4.898013139741976,5.324419580699983,4.852731087587554,4.950842380523682,262000,0.0,0.0
2022-02-11 00:00:00-05:00,4.935747968662215,5.0866881304467935,4.716884554139711,4.822542667388916,206300,0.0,0.0
2022-02-14 00:00:00-05:00,4.739526019616044,5.018765514245892,4.716884814165359,4.913107395172119,122500,0.0,0.0
2022-02-15 00:00:00-05:00,5.064047535791868,5.222534893414605,4.9885774511786005,5.184799671173096,146600,0.0,0.0
2022-02-16 00:00:00-05:00,5.184799508877011,5.282910795738025,5.0640473772756005,5.230081558227539,90300,0.0,0.0
2022-02-17 00:00:00-05:00,5.139517451164011,5.207440705014156,4.8980128284844024,4.90556001663208,92900,0.0,0.0
2022-02-18 00:00:00-05:00,4.814996200761033,5.041406460437561,4.754620131513959,4.973483562469482,102600,0.0,0.0
2022-02-22 00:00:00-05:00,4.867824732195043,5.1093293517273315,4.520661999060386,4.5508503913879395,201900,0.0,0.0
2022-02-23 00:00:00-05:00,4.6414147034361015,4.842919811418573,4.45273931191325,4.4602861404418945,151000,0.0,0.0
2022-02-24 00:00:00-05:00,4.150858467901044,4.6716025734220885,4.037653164984341,4.581038475036621,228000,0.0,0.0
2022-02-25 00:00:00-05:00,4.641414754904478,4.651225884009335,4.422551327100586,4.490474224090576,87600,0.0,0.0
2022-02-28 00:00:00-05:00,4.528209496303915,4.731978909242801,4.407457358227466,4.520662307739258,168300,0.0,0.0
2022-03-01 00:00:00-05:00,4.475380072010981,4.694243493213574,4.452739226987123,4.588585376739502,67200,0.0,0.0
2022-03-02 00:00:00-05:00,4.603679632856851,4.6980173317263345,4.550850751806588,4.626320838928223,67300,0.0,0.0
2022-03-03 00:00:00-05:00,4.671602544258841,4.671602544258841,4.430097923535489,4.528209209442139,55100,0.0,0.0
2022-03-04 00:00:00-05:00,4.4527393026568305,4.528209387135133,4.150858604873871,4.347081184387207,146500,0.0,0.0
2022-03-07 00:00:00-05:00,4.218781904142648,4.943295442310574,4.218781904142648,4.701790809631348,1034200,0.0,0.0
2022-03-08 00:00:00-05:00,4.913107272587179,5.735731718941218,4.603679391786908,4.856504440307617,2960500,0.0,0.0
2022-03-09 00:00:00-05:00,4.89801294147627,4.905560129798053,4.581038589226059,4.830090045928955,182100,0.0,0.0
2022-03-10 00:00:00-05:00,4.648961420160526,5.056500227259287,4.4602860331751835,4.611226558685303,434500,0.0,0.0
2022-03-11 00:00:00-05:00,4.6338676427053125,4.7697141586611105,4.498021486619274,4.57349157333374,67600,0.0,0.0
2022-03-14 00:00:00-04:00,4.61877358403187,4.61877358403187,4.203687930881774,4.2187819480896,134400,0.0,0.0
2022-03-15 00:00:00-04:00,4.18859394458877,4.445192239015693,4.150858721355813,4.3848161697387695,213500,0.0,0.0
2022-03-16 00:00:00-04:00,4.415004186922365,4.596132753906796,4.339534100624585,4.520662307739258,120300,0.0,0.0
2022-03-17 00:00:00-04:00,4.520662307739258,4.596132753906796,4.482927444525247,4.520662307739258,78400,0.0,0.0
2022-03-18 00:00:00-04:00,4.482927210729,4.7266957746860365,4.475380022557948,4.55839729309082,119600,0.0,0.0
2022-03-21 00:00:00-04:00,4.618773336095697,4.694243418083587,4.490474016781416,4.581038475036621,49600,0.0,0.0
2022-03-22 00:00:00-04:00,4.6036795420525065,4.792354936069985,4.59613271342408,4.679149627685547,88500,0.0,0.0
2022-03-23 00:00:00-04:00,4.679149453288602,4.822542790581831,4.603679370468413,4.611226558685303,108100,0.0,0.0
2022-03-24 00:00:00-04:00,4.656508415870225,4.70933729172546,4.528209100445124,4.603679180145264,46000,0.0,0.0
2022-03-25 00:00:00-04:00,4.558397219567527,4.641414488761397,4.461040580975733,4.5508503913879395,53200,0.0,0.0
2022-03-28 00:00:00-04:00,4.550850702128128,4.641414805685464,4.309346066105473,4.520662307739258,192000,0.0,0.0
2022-03-29 00:00:00-04:00,4.415004092615314,4.626320689605012,4.384816058741037,4.535756587982178,117600,0.0,0.0
2022-03-30 00:00:00-04:00,4.535756627180379,4.550850644247961,4.298025588463644,4.377269268035889,270900,0.0,0.0
2022-03-31 00:00:00-04:00,4.399910060299033,4.475380144720935,4.264063908339608,4.271610736846924,109300,0.0,0.0
2022-04-01 00:00:00-04:00,4.241422592848408,4.294251830505643,3.773507721723439,3.84897780418396,316100,0.0,0.0
2022-04-04 00:00:00-04:00,3.9772772951645115,4.0602945693723544,3.7735078838323544,3.841431140899658,193700,0.0,0.0
2022-04-05 00:00:00-04:00,3.8338838997108713,3.841431088112308,3.6301144911788286,3.7357726097106934,141100,0.0,0.0
2022-04-06 00:00:00-04:00,3.6904906401094135,4.030106568381539,3.6603026055789702,4.007465362548828,103400,0.0,0.0
2022-04-07 00:00:00-04:00,4.007465209626071,4.007465209626071,3.7433197376294634,3.8791658878326416,124300,0.0,0.0
2022-04-08 00:00:00-04:00,3.8187898210756734,3.969730347837838,3.7855828404114433,3.8791658878326416,32500,0.0,0.0
2022-04-11 00:00:00-04:00,3.856525131912301,3.8904867602158637,3.788601875305176,3.788601875305176,31500,0.0,0.0
2022-04-12 00:00:00-04:00,3.8640718816654958,3.8640718816654958,3.6980376976317126,3.7055845260620117,58100,0.0,0.0
2022-04-13 00:00:00-04:00,3.667849608737031,3.901807044456322,3.667849608737031,3.8867130279541016,40300,0.0,0.0
2022-04-14 00:00:00-04:00,3.841431040587843,3.8867130908270044,3.7584137685478414,3.781054973602295,20800,0.0,0.0
2022-04-18 00:00:00-04:00,3.705584500865381,3.7621873331216014,3.6791700617343244,3.690490484237671,38500,0.0,0.0
2022-04-19 00:00:00-04:00,3.698037624359131,3.826336943959816,3.6829436079278586,3.698037624359131,29600,0.0,0.0
2022-04-20 00:00:00-04:00,3.71313171635526,3.788601800047492,3.698037699616814,3.7433197498321533,24800,0.0,0.0
2022-04-21 00:00:00-04:00,3.7735078170303775,3.7735078170303775,3.3357809678340136,3.390874147415161,107800,0.0,0.0
2022-04-22 00:00:00-04:00,3.3410637179052527,3.396156895213443,3.275404765208613,3.282951593399048,28900,0.0,0.0
2022-04-25 00:00:00-04:00,3.1999343240858606,3.3131396259002552,3.0867293821411996,3.282951593399048,48200,0.0,0.0
2022-04-26 00:00:00-04:00,3.2603109263797245,3.267857754980848,3.048994327501975,3.0640883445739746,30200,0.0,0.0
2022-04-27 00:00:00-04:00,3.064088191536662,3.116917428584957,2.9735240936279297,2.9735240936279297,31800,0.0,0.0
2022-04-28 00:00:00-04:00,3.0414475318035263,3.082201342351829,2.93578923122163,3.0112593173980713,46300,0.0,0.0
2022-04-29 00:00:00-04:00,3.018806193851077,3.07918226014894,2.9056008896077135,3.0037121772766113,16600,0.0,0.0
2022-05-02 00:00:00-04:00,2.996165084826026,3.094276189804077,2.950883036374618,3.094276189804077,29800,0.0,0.0
2022-05-03 00:00:00-04:00,3.1244642221050163,3.1244642221050163,3.018051462224667,3.094276189804077,17400,0.0,0.0
2022-05-04 00:00:00-04:00,3.079182313177766,3.0942763300121765,2.9886182121713016,3.0716354846954346,19000,0.0,0.0
2022-05-05 00:00:00-04:00,2.9961651181051128,3.04899417521854,2.9131478484205737,2.9735240936279297,19600,0.0,0.0
2022-05-06 00:00:00-04:00,2.9433361262755375,2.958430142928448,2.6716434666534012,2.7622077465057373,58300,0.0,0.0
2022-05-09 00:00:00-04:00,2.709378630362772,2.7169256390292746,2.573532474365724,2.5810794830322266,75300,0.0,0.0
2022-05-10 00:00:00-04:00,2.6188143303003977,2.6188143303003977,2.3169336463716137,2.343348264694214,52700,0.0,0.0
2022-05-11 00:00:00-04:00,2.475421166045844,2.475421166045844,2.203728675842285,2.203728675842285,57100,0.0,0.0
2022-05-12 00:00:00-04:00,2.1056172820588483,2.26410463532089,2.0905232655514987,2.211275577545166,77000,0.0,0.0
2022-05-13 00:00:00-04:00,2.2641047525470928,2.4150451053705413,2.2641047525470928,2.392404079437256,42800,0.0,0.0
2022-05-16 00:00:00-04:00,2.399951030929993,2.489005838774453,2.3471217917421736,2.4301390647888184,392600,0.0,0.0
2022-05-17 00:00:00-04:00,3.0640883780992874,3.1395584642850323,2.664096561445084,2.7546608448028564,26111400,0.0,0.0
2022-05-18 00:00:00-04:00,2.6112674513454412,3.1667278508772996,2.597682728129999,3.048994302749634,1375600,0.0,0.0
2022-05-19 00:00:00-04:00,3.0716354376398547,3.154652349022471,2.839941940904793,2.935789108276367,480300,0.0,0.0
2022-05-20 00:00:00-04:00,2.9357890873232173,3.350874900817871,2.8376778001679135,3.350874900817871,675300,0.0,0.0
2022-05-23 00:00:00-04:00,3.252763640349715,3.4504955099712284,3.230122795355652,3.4037041664123535,190900,0.0,0.0
2022-05-24 00:00:00-04:00,3.328233804694846,3.584832453356585,3.1848404633762124,3.5621912479400635,306700,0.0,0.0
2022-05-25 00:00:00-04:00,3.547097170458528,3.7357725595226996,3.547097170458528,3.7055845260620117,125400,0.0,0.0
2022-05-26 00:00:00-04:00,3.71313172937116,3.773507796536586,3.5848324067097566,3.607473611831665,94100,0.0,0.0
2022-05-27 00:00:00-04:00,3.599926471710205,3.6829437451092804,3.5320032153046204,3.599926471710205,200900,0.0,0.0
2022-05-31 00:00:00-04:00,3.569738292831437,3.586341602889441,3.3131396544874003,3.3357808589935303,118800,0.0,0.0
2022-06-01 00:00:00-04:00,3.335780830211028,3.344837311935337,3.215028700206198,3.282951593399048,92300,0.0,0.0
2022-06-02 00:00:00-04:00,3.2754049141885164,3.4791743227748677,3.2716313199867924,3.3735158443450928,109500,0.0,0.0
2022-06-03 00:00:00-04:00,3.328233696139824,3.418798154982272,3.2640840360667207,3.350874900817871,161700,0.0,0.0
2022-06-06 00:00:00-04:00,3.4263450988349415,3.4263450988349415,3.1697464498897627,3.2376697063446045,114800,0.0,0.0
2022-06-07 00:00:00-04:00,3.184840392722109,3.2565372417257428,2.7471137298528263,2.7622077465057373,344300,0.0,0.0
2022-06-08 00:00:00-04:00,2.8678657752237333,2.9705053012411784,2.8006973491954144,2.852771759033203,148600,0.0,0.0
2022-06-09 00:00:00-04:00,2.807489847079453,2.867865914779589,2.6716435148192716,2.792395830154419,100700,0.0,0.0
2022-06-10 00:00:00-04:00,2.709378429692708,2.754660658272776,2.6716433891550397,2.6791903972625732,19700,0.0,0.0
2022-06-13 00:00:00-04:00,2.6414555614296016,2.716925648353638,2.4376861467998228,2.475421190261841,50300,0.0,0.0
2022-06-14 00:00:00-04:00,2.4603270915740216,2.5886264150400344,2.415045040915973,2.4980621337890625,165800,0.0,0.0
2022-06-15 00:00:00-04:00,2.4980620987220985,2.671643470409483,2.483722728901212,2.6565494537353516,161200,0.0,0.0
2022-06-16 00:00:00-04:00,2.56598544901648,2.56598544901648,2.4301391139677566,2.4603271484375,45000,0.0,0.0
2022-06-17 00:00:00-04:00,2.4603271159881177,2.5848528465008718,2.422592073398628,2.5131561756134033,100800,0.0,0.0
2022-06-21 00:00:00-04:00,2.5659853321705826,2.679190456277159,2.4980620777717664,2.535797119140625,107500,0.0,0.0
2022-06-22 00:00:00-04:00,2.513156225098823,2.5810794830322266,2.4920246728065676,2.5810794830322266,55300,0.0,0.0
2022-06-23 00:00:00-04:00,2.5282502224814407,2.6791905745553053,2.493533946902498,2.660323143005371,66300,0.0,0.0
2022-06-24 00:00:00-04:00,2.679190528905674,2.6897563047884017,2.618814461078803,2.686737537384033,40000,0.0,0.0
2022-06-27 00:00:00-04:00,2.664096578363756,2.686737604363264,2.5207032337653255,2.5810794830322266,83900,0.0,0.0
2022-06-28 00:00:00-04:00,2.5659853706375464,2.581079387411366,2.3848569894168388,2.4150450229644775,77800,0.0,0.0
2022-06-29 00:00:00-04:00,2.4452330613628246,2.4452330613628246,2.2791986965865676,2.309386730194092,149800,0.0,0.0
2022-06-30 00:00:00-04:00,2.3244808129427645,2.3244808129427645,2.1131643917602294,2.1659934520721436,216900,0.0,0.0
2022-07-01 00:00:00-04:00,2.165993476816315,2.2641047698798515,2.1380695626116473,2.218822717666626,45600,0.0,0.0
2022-07-05 00:00:00-04:00,2.218822635921369,2.290519305918321,2.113164338048263,2.2414636611938477,81000,0.0,0.0
2022-07-06 00:00:00-04:00,2.218822717666626,2.2452371581569004,2.196181691560013,2.218822717666626,23300,0.0,0.0
2022-07-07 00:00:00-04:00,2.2188225546051115,2.384856913786603,2.2188225546051115,2.369762897491455,81100,0.0,0.0
2022-07-08 00:00:00-04:00,2.3320278062788087,2.430139097578682,2.301839772012656,2.377310037612915,44000,0.0,0.0
2022-07-11 00:00:00-04:00,2.4376859444824617,2.4376859444824617,2.1961815064344856,2.2490105628967285,60700,0.0,0.0
2022-07-12 00:00:00-04:00,2.271651612872745,2.3471216943895,2.256557596569394,2.2641046047210693,35100,0.0,0.0
2022-07-13 00:00:00-04:00,2.2641046550914443,2.300330402986335,2.2188226051739846,2.294292688369751,23000,0.0,0.0
2022-07-14 00:00:00-04:00,2.249010537030861,2.2852362832921145,2.2339165210723877,2.2339165210723877,20100,0.0,0.0
2022-07-15 00:00:00-04:00,2.249010743309637,2.28674578666687,2.2037286912809577,2.28674578666687,31600,0.0,0.0
2022-07-18 00:00:00-04:00,2.309386787793094,2.3690082096354494,2.2414637104820776,2.2716517448425293,38100,0.0,0.0
2022-07-19 00:00:00-04:00,2.3018396442284232,2.415044946376898,2.2278788564212793,2.369762897491455,109400,0.0,0.0
2022-07-20 00:00:00-04:00,2.3622158851499524,2.4678739990283978,2.3169336564100367,2.437685966491699,290300,0.0,0.0
2022-07-21 00:00:00-04:00,2.4452330565121168,2.4452330565121168,2.309386725612868,2.4150450229644775,110400,0.0,0.0
2022-07-22 00:00:00-04:00,2.3697628718881494,2.384856888020219,2.2490105628967285,2.2490105628967285,53500,0.0,0.0
2022-07-25 00:00:00-04:00,2.301839762024811,2.301839762024811,2.173540616950362,2.1886346340179443,54800,0.0,0.0
2022-07-26 00:00:00-04:00,2.165993376719737,2.165993376719737,2.113164318245685,2.120711326599121,64600,0.0,0.0
2022-07-27 00:00:00-04:00,2.1735406654534004,2.249010752475443,2.1433524507097026,2.218822717666626,93300,0.0,0.0
2022-07-28 00:00:00-04:00,2.264104775621215,2.422592138704281,2.256557766899873,2.4074981212615967,301500,0.0,0.0
2022-07-29 00:00:00-04:00,2.3546688073660462,2.4648553472076213,2.3259902470869176,2.362215995788574,89500,0.0,0.0
2022-08-01 00:00:00-04:00,2.3999510633125296,2.3999510633125296,2.339574814845347,2.377310037612915,57500,0.0,0.0
2022-08-02 00:00:00-04:00,2.3365559135458644,2.4980620315650968,2.3365559135458644,2.437685966491699,52600,0.0,0.0
2022-08-03 00:00:00-04:00,2.4301390033078203,2.603720373539441,2.4301390033078203,2.535797119140625,91700,0.0,0.0
2022-08-04 00:00:00-04:00,2.535797098656933,2.5659853114430358,2.4225919754648064,2.45278000831604,51100,0.0,0.0
2022-08-05 00:00:00-04:00,2.415044967251998,2.498062057592891,2.3546687216146616,2.45278000831604,68200,0.0,0.0
2022-08-08 00:00:00-04:00,2.513156042780455,2.6791904013333343,2.513156042780455,2.611267328262329,183100,0.0,0.0
2022-08-09 00:00:00-04:00,2.573532317499395,2.626361374944787,2.4150449652283505,2.558438301086426,131400,0.0,0.0
2022-08-10 00:00:00-04:00,2.641455534867592,2.7471138354336424,2.590890595130448,2.716925621032715,135800,0.0,0.0
2022-08-11 00:00:00-04:00,2.671643569333641,2.8301309302152773,2.664096560717129,2.716925621032715,113400,0.0,0.0
2022-08-12 00:00:00-04:00,2.747113717742758,3.0942762791641836,2.7169255046351433,3.041447401046753,408100,0.0,0.0
2022-08-15 00:00:00-04:00,3.0867294860126546,3.0867294860126546,2.8980539166612576,3.0074856281280518,268500,0.0,0.0
2022-08-16 00:00:00-04:00,2.6490024949922386,2.754660793624139,2.586362306628372,2.686737537384033,186100,0.0,0.0
2022-08-17 00:00:00-04:00,2.5961733930897632,2.6791904849909756,2.581079376380452,2.5886263847351074,71000,0.0,0.0
2022-08-18 00:00:00-04:00,2.5810793406577943,2.754660710347346,2.5810793406577943,2.709378480911255,213100,0.0,0.0
2022-08-19 00:00:00-04:00,2.641455518778674,2.7093785959135697,2.618814493067042,2.63390851020813,59600,0.0,0.0
2022-08-22 00:00:00-04:00,2.5961734181319955,2.6248519781823663,2.506363963864845,2.6037204265594482,52700,0.0,0.0
2022-08-23 00:00:00-04:00,2.6263613152633014,2.716925411683136,2.573532259018398,2.6640963554382324,94700,0.0,0.0
2022-08-24 00:00:00-04:00,2.626361318616475,2.6791903749288273,2.589380925217369,2.5961732864379883,66300,0.0,0.0
2022-08-25 00:00:00-04:00,2.6188143105718535,2.670888720060203,2.5886262783933667,2.5961732864379883,86400,0.0,0.0
2022-08-26 00:00:00-04:00,2.6263615345120837,2.6263615345120837,2.5207032332670525,2.543344259262085,54300,0.0,0.0
2022-08-29 00:00:00-04:00,2.513156069118191,2.554664704175136,2.452780003533449,2.520703077316284,48900,0.0,0.0
2022-08-30 00:00:00-04:00,2.573532262304123,2.6037202944826103,2.5056090099676624,2.5961732864379883,68200,0.0,0.0
2022-08-31 00:00:00-04:00,2.6037204513849677,2.6369272527953997,2.5433442034548057,2.618814468383789,28100,0.0,0.0
2022-09-01 00:00:00-04:00,2.6414554174398086,2.6414554174398086,2.490515071884845,2.5735323429107666,67000,0.0,0.0
2022-09-02 00:00:00-04:00,2.519948400239207,2.7169254378002416,2.4829680065318325,2.6791903972625732,230300,0.0,0.0
2022-09-06 00:00:00-04:00,2.716925411683136,2.716925411683136,2.618814307228315,2.6640963554382324,84200,0.0,0.0
2022-09-07 00:00:00-04:00,2.7169255896904763,2.920694999920518,2.6942845641021247,2.8074898719787598,847100,0.0,0.0
2022-09-08 00:00:00-04:00,2.807489688037835,2.807489688037835,2.641455331333274,2.6640963554382324,243900,0.0,0.0
2022-09-09 00:00:00-04:00,2.6565494537353516,2.7244725287689433,2.5282501320703616,2.6565494537353516,250800,0.0,0.0
2022-09-12 00:00:00-04:00,2.6640965193802537,2.6716435278796644,2.571268296844014,2.618814468383789,52200,0.0,0.0
2022-09-13 00:00:00-04:00,2.5584384317401963,2.6490025348429183,2.4754211572944893,2.528250217437744,106300,0.0,0.0
2022-09-14 00:00:00-04:00,2.5433441589023844,2.544853632549775,2.4754210835975137,2.4829680919647217,66200,0.0,0.0
2022-09-15 00:00:00-04:00,2.5131561756134033,2.6112674662809527,2.4829681415418117,2.5131561756134033,126400,0.0,0.0
2022-09-16 00:00:00-04:00,2.4980622077658174,2.5810794830322266,2.377310069101775,2.5810794830322266,131200,0.0,0.0
2022-09-19 00:00:00-04:00,2.498062052722006,2.668624653920745,2.475421028127727,2.520703077316284,203600,0.0,0.0
2022-09-20 00:00:00-04:00,2.520703174029274,2.520703174029274,2.3395747903907416,2.362215995788574,107300,0.0,0.0
2022-09-21 00:00:00-04:00,2.4452329488310416,2.452779956885603,2.3018396158595156,2.4225919246673584,115500,0.0,0.0
2022-09-22 00:00:00-04:00,2.4150451047417003,2.4150451047417003,2.301839795169871,2.3546688556671143,89000,0.0,0.0
2022-09-23 00:00:00-04:00,2.3320276726783864,2.6112673335125844,2.193917405829503,2.437685966491699,429300,0.0,0.0
2022-09-26 00:00:00-04:00,2.5584384404696654,3.0942764121921567,2.5508914318520213,3.0112593173980713,2799900,0.0,0.0
2022-09-27 00:00:00-04:00,2.898054016625413,2.9961653088749514,2.656549560223682,2.943336248397827,1194800,0.0,0.0
2022-09-28 00:00:00-04:00,2.950883039633676,3.365968844099751,2.769754665693133,3.1320114135742188,1810100,0.0,0.0
2022-09-29 00:00:00-04:00,2.9244684422910128,2.9810710932900704,2.3244806655837635,2.3320276737213135,1196300,0.0,0.0
2022-09-30 00:00:00-04:00,2.3093867425287122,2.3222166388869483,2.1282583599812717,2.135805368423462,392600,0.0,0.0
2022-10-03 00:00:00-04:00,2.1358054263055006,2.1961816754141417,1.9471300302026153,2.0980703830718994,313500,0.0,0.0
2022-10-04 00:00:00-04:00,2.120711326599121,2.135050696451111,2.0376942347113247,2.120711326599121,136100,0.0,0.0
2022-10-05 00:00:00-04:00,2.12071127563877,2.1290131105824686,1.9924121367133654,2.0905232429504395,90700,0.0,0.0
2022-10-06 00:00:00-04:00,2.055052427577037,2.1508994182681205,2.0527883070161974,2.0829763412475586,79100,0.0,0.0
2022-10-07 00:00:00-04:00,2.060335265975036,2.075429282727354,2.0150532157180816,2.052788257598877,76900,0.0,0.0
2022-10-10 00:00:00-04:00,2.0226001623913783,2.0226001623913783,1.9018478521217144,1.9093948602676392,129600,0.0,0.0
2022-10-11 00:00:00-04:00,1.9320359802482816,1.9999592368554067,1.8490188865377555,1.894300937652588,99500,0.0,0.0
2022-10-12 00:00:00-04:00,2.1810875437893316,2.2867456593048767,1.9018478786285087,1.9433565139770508,4117400,0.0,0.0
2022-10-13 00:00:00-04:00,1.8414717992179543,2.0226001758612755,1.7584545291250449,1.9169418811798096,459300,0.0,0.0
2022-10-14 00:00:00-04:00,1.9169418811798096,1.9622239303569227,1.8112837664332122,1.9169418811798096,243200,0.0,0.0
2022-10-17 00:00:00-04:00,1.9244890126236465,2.060335348789692,1.909394995264628,2.0301473140716553,164700,0.0,0.0
2022-10-18 00:00:00-04:00,2.0301471775737787,2.098070251122522,1.9848651285412826,2.0905232429504395,146100,0.0,0.0
2022-10-19 00:00:00-04:00,2.022600144570106,2.082976209205526,1.9622238999998196,2.0754292011260986,123300,0.0,0.0
2022-10-20 00:00:00-04:00,2.0226001739501953,2.1433523049750693,1.9999591493830315,2.0226001739501953,93300,0.0,0.0
2022-10-21 00:00:00-04:00,1.9924121411939768,2.0603352148954683,1.9418470243859292,2.0226001739501953,72300,0.0,0.0
2022-10-24 00:00:00-04:00,2.030147239001257,2.0376942474016944,1.8867538994580737,1.9848651885986328,113700,0.0,0.0
2022-10-25 00:00:00-04:00,1.9622238999998196,2.105617233443809,1.9176964983507372,2.0754292011260986,130300,0.0,0.0
2022-10-26 00:00:00-04:00,2.1131644348240797,2.165993496212589,2.015053320816848,2.045241355895996,92600,0.0,0.0
2022-10-27 00:00:00-04:00,2.090523293185377,2.150899360012865,2.0150532096510165,2.120711326599121,90800,0.0,0.0
2022-10-28 00:00:00-04:00,2.143352378467408,2.2263696513284152,2.0754293024369357,2.1735405921936035,206700,0.0,0.0
2022-10-31 00:00:00-04:00,2.1358054510992317,2.178823562826309,2.0905233986932488,2.1131644248962402,48700,0.0,0.0
2022-11-01 00:00:00-04:00,2.1282584164583347,2.430139122026627,2.0905233732460182,2.3546688556671143,265100,0.0,0.0
2022-11-02 00:00:00-04:00,2.460326961491671,2.603720294262211,2.4225919212717564,2.4905149936676025,527500,0.0,0.0
2022-11-03 00:00:00-04:00,2.4452329935312145,2.62636137008667,2.415044960761117,2.62636137008667,161200,0.0,0.0
2022-11-04 00:00:00-04:00,2.5886263627229367,2.5886263627229367,2.381083364832422,2.467874050140381,119000,0.0,0.0
2022-11-07 00:00:00-05:00,2.4452330001032316,2.4716476188154957,2.3758004525714465,2.45278000831604,75800,0.0,0.0
2022-11-08 00:00:00-05:00,2.4527801222272108,2.4527801222272108,2.3169337881528613,2.3395748138427734,91000,0.0,0.0
2022-11-09 00:00:00-05:00,2.3395747382872107,2.3395747382872107,2.2641046550914443,2.294292688369751,92200,0.0,0.0
2022-11-10 00:00:00-05:00,2.3848570541917673,2.5357972260296373,2.3244808055217407,2.528250217437744,113100,0.0,0.0
2022-11-11 00:00:00-05:00,2.558438440399044,2.558438440399044,2.3924040708805774,2.4603271484375,82800,0.0,0.0
2022-11-14 00:00:00-05:00,2.437686061220613,2.6037204265594482,2.430893699655443,2.6037204265594482,128300,0.0,0.0
2022-11-15 00:00:00-05:00,2.4905151068335756,2.5282501487681244,2.2867457004521383,2.4150450229644775,161100,0.0,0.0
2022-11-16 00:00:00-05:00,2.4527799827600485,2.458062870460484,2.384856909552476,2.437685966491699,26900,0.0,0.0
2022-11-17 00:00:00-05:00,2.4150451207226116,2.4844776726666775,2.3093868190940805,2.475421190261841,182600,0.0,0.0
2022-11-18 00:00:00-05:00,2.4754209775796365,2.4980620017115855,2.378064519831798,2.4905149936676025,52100,0.0,0.0
2022-11-21 00:00:00-05:00,2.4905151744782765,2.736547870495859,2.418818502887849,2.528250217437744,130200,0.0,0.0
2022-11-22 00:00:00-05:00,2.5659853639388803,2.5659853639388803,2.430139033394267,2.4829680919647217,47200,0.0,0.0
2022-11-23 00:00:00-05:00,2.4746664939056378,2.5093827691837087,2.3893850994578436,2.445233106613159,30400,0.0,0.0
2022-11-25 00:00:00-05:00,2.415045096732885,2.4686288039362156,2.407498088115449,2.4603271484375,4100,0.0,0.0
2022-11-28 00:00:00-05:00,2.392403865647663,2.4112712956052667,2.1508992507374884,2.301839590072632,119000,0.0,0.0
2022-11-29 00:00:00-05:00,2.3018396966893273,2.332027729967634,2.286745680050174,2.294292688369751,34700,0.0,0.0
2022-11-30 00:00:00-05:00,2.271651769323977,2.3244808300241027,2.2565577519810835,2.28674578666687,30000,0.0,0.0
2022-12-01 00:00:00-05:00,2.3244807538596017,2.332027762283761,2.15089938016906,2.2414636611938477,122300,0.0,0.0
2022-12-02 00:00:00-05:00,2.218822708623851,2.3124055801628125,2.2037286912809577,2.28674578666687,61600,0.0,0.0
2022-12-05 00:00:00-05:00,2.2414635802660428,2.2791986210244204,2.203728539507665,2.2641046047210693,33400,0.0,0.0
2022-12-06 00:00:00-05:00,2.264104661066982,2.264104661066982,2.2112756026905167,2.226369619369507,51100,0.0,0.0
2022-12-07 00:00:00-05:00,2.256557570962763,2.2942926112929367,2.2263695386986244,2.2490105628967285,38200,0.0,0.0
2022-12-08 00:00:00-05:00,2.2339166840093663,2.25731235647097,2.1433524017181043,2.1508994102478027,61000,0.0,0.0
2022-12-09 00:00:00-05:00,2.158446283331861,2.188634495491179,2.120711243051296,2.180332660675049,81100,0.0,0.0
2022-12-12 00:00:00-05:00,2.1433522471413213,2.150899255126736,2.0150531113892685,2.060335159301758,73000,0.0,0.0
2022-12-13 00:00:00-05:00,2.105617233443809,2.1237300168474618,2.0301471526495334,2.0754292011260986,90300,0.0,0.0
2022-12-14 00:00:00-05:00,2.075429222232717,2.1584463119506836,1.9924121325147497,2.1584463119506836,90600,0.0,0.0
2022-12-15 00:00:00-05:00,2.1584463937500327,2.1584463937500327,2.0905233177703204,2.135805368423462,32800,0.0,0.0
2022-12-16 00:00:00-05:00,2.098070358363239,2.1056173669210794,2.0527883070161974,2.0829763412475586,25400,0.0,0.0
2022-12-19 00:00:00-05:00,2.030147223986645,2.060335257365129,1.9018479021932158,1.9395829439163208,64300,0.0,0.0
2022-12-20 00:00:00-05:00,1.9244889842697104,1.9697710356796148,1.773548632968485,1.9018479585647583,119800,0.0,0.0
2022-12-21 00:00:00-05:00,1.939583001406345,1.9471300099746625,1.8867539414281234,1.9018479585647583,31000,0.0,0.0
2022-12-22 00:00:00-05:00,1.9018479541607558,1.9018479541607558,1.8263778686523435,1.8263778686523438,37800,0.0,0.0
2022-12-23 00:00:00-05:00,1.8263777948933029,1.9471299268301363,1.7810955654821206,1.92448890209198,66800,0.0,0.0
2022-12-27 00:00:00-05:00,1.89430091266744,1.9395829631850183,1.8490188621498613,1.879206895828247,48900,0.0,0.0
2022-12-28 00:00:00-05:00,1.8565658400488598,1.9471299395952086,1.8565658400488598,1.9320359230041504,47500,0.0,0.0
2022-12-29 00:00:00-05:00,1.9018478867402682,2.037694215774536,1.9018478867402682,2.037694215774536,34400,0.0,0.0
2022-12-30 00:00:00-05:00,1.9924121411939768,2.098070255840742,1.9924121411939768,2.0226001739501953,32900,0.0,0.0
2023-01-03 00:00:00-05:00,2.0075062636594354,2.046750600355479,1.977318049373042,2.0150532722473145,22900,0.0,0.0
2023-01-04 00:00:00-05:00,2.030147257084904,2.0792029020921494,1.9546769924734013,2.0678822994232178,20200,0.0,0.0
2023-01-05 00:00:00-05:00,2.0603352855412753,2.0603352855412753,1.984865201062973,1.9924122095108032,13700,0.0,0.0
2023-01-06 00:00:00-05:00,1.9773180361022293,1.99241223311156,1.9471300019533215,1.9697710275650024,32100,0.0,0.0
2023-01-09 00:00:00-05:00,2.0603353637559265,2.158446477302223,2.018826725749668,2.1131644248962402,32900,0.0,0.0
2023-01-10 00:00:00-05:00,2.1056172043762733,2.1433522442524877,2.049769381346448,2.128258228302002,26600,0.0,0.0
2023-01-11 00:00:00-05:00,2.120711245927299,2.233916546857384,2.1131642378609508,2.1433522701263428,38900,0.0,0.0
2023-01-12 00:00:00-05:00,2.1207113531239172,2.2339166597762454,2.1116550509474457,2.1735405921936035,51300,0.0,0.0
2023-01-13 00:00:00-05:00,2.196181694633726,2.332027851463529,2.196181694633726,2.2505202293395996,98700,0.0,0.0
2023-01-17 00:00:00-05:00,2.316933713328481,2.316933713328481,2.249010638452291,2.294292688369751,20800,0.0,0.0
2023-01-18 00:00:00-05:00,2.339574784475062,2.339574784475062,2.2263696574465186,2.267878293991089,32900,0.0,0.0
2023-01-19 00:00:00-05:00,2.294292778478814,2.294292778478814,2.1561825028127504,2.1659934520721436,32800,0.0,0.0
2023-01-20 00:00:00-05:00,2.150899411414112,2.2633500724829396,2.150899411414112,2.1886346340179443,13900,0.0,0.0
2023-01-23 00:00:00-05:00,2.2263696933018515,2.309386787793094,2.2263696933018515,2.2716517448425293,38600,0.0,0.0
2023-01-24 00:00:00-05:00,2.218822642880585,2.279198710463227,2.1659934038108988,2.1735405921936035,20700,0.0,0.0
2023-01-25 00:00:00-05:00,2.1735405081979087,2.2558029510807183,2.105617254857432,2.1584463119506836,34000,0.0,0.0
2023-01-26 00:00:00-05:00,2.249010676671906,2.249010676671906,2.1358053700195776,2.1735405921936035,10300,0.0,0.0
2023-01-27 00:00:00-05:00,2.165993452814534,2.2490107275537317,2.165993452814534,2.203728675842285,37600,0.0,0.0
2023-01-30 00:00:00-05:00,2.241463636048497,2.249010644387992,2.1961815860115266,2.226369619369507,13500,0.0,0.0
2023-01-31 00:00:00-05:00,2.173540536276792,2.332027709603963,2.173540536276792,2.211275577545166,74000,0.0,0.0
2023-02-01 00:00:00-05:00,2.211275577545166,2.256557627067215,2.128258306819873,2.211275577545166,45700,0.0,0.0
2023-02-02 00:00:00-05:00,2.196181700710016,2.2784441498872385,2.135805450905954,2.2135398387908936,76200,0.0,0.0
2023-02-03 00:00:00-05:00,2.1735405853764127,2.264104686466326,2.1735405853764127,2.2414636611938477,33900,0.0,0.0
2023-02-06 00:00:00-05:00,2.256557596569394,2.393158570069128,2.212784841328755,2.2641046047210693,244000,0.0,0.0
2023-02-07 00:00:00-05:00,2.2490107267828874,2.3018397870948015,2.1659934520721436,2.1659934520721436,32100,0.0,0.0
2023-02-08 00:00:00-05:00,2.2263696766869,2.3697630187638077,2.1886346340179443,2.1886346340179443,215300,0.0,0.0
2023-02-09 00:00:00-05:00,2.2791987620280296,2.301839787883753,2.173540641367987,2.203728675842285,47300,0.0,0.0
2023-02-10 00:00:00-05:00,2.173540610578754,2.203728644625424,2.158446413620543,2.187879800796509,31100,0.0,0.0
2023-02-13 00:00:00-05:00,2.211275659619318,2.211275659619318,2.1659934284816944,2.1886346340179443,15600,0.0,0.0
2023-02-14 00:00:00-05:00,2.195426648454854,2.203728483163847,2.1395788255473174,2.171276330947876,29800,0.0,0.0
2023-02-15 00:00:00-05:00,2.120711326599121,2.1810875733614816,2.0376942347113247,2.120711326599121,118700,0.0,0.0
2023-02-16 00:00:00-05:00,2.0754293812245876,2.158446477302223,2.0754293812245876,2.1131644248962402,36300,0.0,0.0
2023-02-17 00:00:00-05:00,2.107881536775697,2.158446477302223,2.0754293812245876,2.1131644248962402,49800,0.0,0.0
2023-02-21 00:00:00-05:00,2.128258283810853,2.128258283810853,2.037694185745861,2.0905232429504395,28700,0.0,0.0
2023-02-22 00:00:00-05:00,2.095051590927078,2.1131643754789193,2.075429332689718,2.0829763412475586,23000,0.0,0.0
2023-02-23 00:00:00-05:00,2.1056173669210794,2.1124097286035988,2.0527883070161974,2.0829763412475586,32500,0.0,0.0
2023-02-24 00:00:00-05:00,2.0678822924437497,2.135805368423462,2.0603352840015594,2.135805368423462,31600,0.0,0.0
2023-02-27 00:00:00-05:00,2.135805368423462,2.1584463937500327,2.0980703262125107,2.135805368423462,33600,0.0,0.0
2023-02-28 00:00:00-05:00,2.1433524262241805,2.1961816664709732,2.120711400376217,2.1659934520721436,27100,0.0,0.0
2023-03-01 00:00:00-05:00,2.135805262059995,2.188634498459296,2.133541141646604,2.1433522701263428,32700,0.0,0.0
2023-03-02 00:00:00-05:00,2.165993376719737,2.165993376719737,2.0754292764785047,2.120711326599121,15800,0.0,0.0
2023-03-03 00:00:00-05:00,2.120711249602664,2.150899281920374,2.0754292011260986,2.0754292011260986,35500,0.0,0.0
2023-03-06 00:00:00-05:00,2.082976310884766,2.1735405921936035,2.082976310884766,2.1735405921936035,37900,0.0,0.0
2023-03-07 00:00:00-05:00,2.165993402192223,2.165993402192223,2.1207113515390814,2.135805368423462,12800,0.0,0.0
2023-03-08 00:00:00-05:00,2.120711326599121,2.120711326599121,2.0754292764785047,2.120711326599121,27100,0.0,0.0
2023-03-09 00:00:00-05:00,2.0905233420102123,2.173540615771776,2.0905233420102123,2.1508994102478027,55100,0.0,0.0
2023-03-10 00:00:00-05:00,2.1735405609930414,2.249010644387992,2.097315650809731,2.226369619369507,63800,0.0,0.0
2023-03-13 00:00:00-04:00,2.1282582539936468,2.218822530724688,2.105617229794603,2.1433522701263428,83700,0.0,0.0
2023-03-14 00:00:00-04:00,2.1735405905692877,2.2188226412224292,2.1214661783377124,2.135805368423462,40300,0.0,0.0
2023-03-15 00:00:00-04:00,2.1886346667674217,2.203728684060862,2.0754293571317386,2.0980703830718994,36600,0.0,0.0
2023-03-16 00:00:00-04:00,2.082976209205526,2.1282582576820914,2.0754292011260986,2.0754292011260986,12800,0.0,0.0
2023-03-17 00:00:00-04:00,2.11316440036534,2.11316440036534,2.0754293571317386,2.0980703830718994,39600,0.0,0.0
2023-03-20 00:00:00-04:00,1.947129977298994,2.120711351392224,1.9026025735126926,1.9546769857406616,80100,0.0,0.0
2023-03-21 00:00:00-04:00,2.030147237090021,2.030147237090021,1.901847914468497,1.9471299648284912,64700,0.0,0.0
2023-03-22 00:00:00-04:00,1.9546769995189053,2.0135437737397814,1.94712999102404,1.9999592304229736,20100,0.0,0.0
2023-03-23 00:00:00-04:00,1.9697710151424632,2.007506237525494,1.9169419557150458,1.962224006652832,64200,0.0,0.0
2023-03-24 00:00:00-04:00,1.93958288862057,2.0150531498500635,1.93958288862057,1.9773179292678833,13900,0.0,0.0
2023-03-27 00:00:00-04:00,2.0376941758655773,2.0376941758655773,1.9252437006663308,1.996185541152954,32700,0.0,0.0
2023-03-28 00:00:00-04:00,1.999959216325542,2.015053233208877,1.9327907872142378,1.9546769857406616,15900,0.0,0.0
2023-03-29 00:00:00-04:00,1.9320359740343092,2.0452412813921663,1.9252437923433432,1.9999592304229736,76300,0.0,0.0
2023-03-30 00:00:00-04:00,2.037694207775775,2.2263695940525157,2.0075061747610756,2.211275577545166,275600,0.0,0.0
2023-03-31 00:00:00-04:00,2.399950990340244,2.69428449542068,2.2263696186528596,2.6565494537353516,760700,0.0,0.0
2023-04-03 00:00:00-04:00,2.68673757226122,2.9508832323024716,2.647493055690361,2.9282422065734863,576600,0.0,0.0
2023-04-04 00:00:00-04:00,2.9961651982353414,2.9961651982353414,2.7320195457340892,2.9131479263305664,221400,0.0,0.0
2023-04-05 00:00:00-04:00,2.9433361529517814,2.9433361529517814,2.709378532841501,2.777301788330078,129700,0.0,0.0
2023-04-06 00:00:00-04:00,2.8074897707398216,2.830130795511731,2.716925491717314,2.7471137046813965,58400,0.0,0.0
2023-04-10 00:00:00-04:00,2.7471137765800173,3.3206869589514665,2.739566768125191,3.2791781425476074,265100,0.0,0.0
2023-04-11 00:00:00-04:00,3.282951671357655,3.4716270589054483,3.2754048429880096,3.365968942642212,177200,0.0,0.0
2023-04-12 00:00:00-04:00,3.2904989101378748,3.4716271122283415,3.2904989101378748,3.433892250061035,99100,0.0,0.0
2023-04-13 00:00:00-04:00,3.3961569055345615,3.4376653603824345,3.328233652265555,3.377289295196533,59100,0.0,0.0
2023-04-14 00:00:00-04:00,3.49426819850989,3.758413664170803,3.3667235266296998,3.68294358253479,183500,0.0,0.0
2023-04-17 00:00:00-04:00,3.7131315983929616,4.1433112417072,3.586341573922202,3.9546358585357666,246100,0.0,0.0
2023-04-18 00:00:00-04:00,3.999918432651084,4.037653294924548,3.8036958532979765,3.9093539714813232,119100,0.0,0.0
2023-04-19 00:00:00-04:00,3.916901093523065,3.916901093523065,3.562191162967264,3.690490484237671,134800,0.0,0.0
2023-04-20 00:00:00-04:00,3.524456372646964,3.9319951897110488,3.524456372646964,3.7357726097106934,81200,0.0,0.0
2023-04-21 00:00:00-04:00,3.8187899050529857,4.143311450942971,3.698037768883643,4.113123416900635,237400,0.0,0.0
2023-04-24 00:00:00-04:00,4.248970005315453,4.8602782453187965,4.173499918871168,4.784808158874512,536200,0.0,0.0
2023-04-25 00:00:00-04:00,4.769714002375503,5.2074408508465,4.316892777186439,4.482927322387695,666800,0.0,0.0
2023-04-26 00:00:00-04:00,4.445192067974527,4.498021306493962,3.698037699616814,3.7433197498321533,379300,0.0,0.0
2023-04-27 00:00:00-04:00,3.8942600011091684,4.067841377275571,3.7659606761335986,3.9206748008728027,165500,0.0,0.0
2023-04-28 00:00:00-04:00,3.8187898134858886,3.916901101705839,3.7810549517726533,3.7848281860351562,84200,0.0,0.0
2023-05-01 00:00:00-04:00,3.7735079220577066,4.279158041192601,3.7735079220577066,4.196140766143799,243600,0.0,0.0
2023-05-02 00:00:00-04:00,4.196140758298978,4.292742756692204,3.9093540703900076,4.007465362548828,92500,0.0,0.0
2023-05-03 00:00:00-04:00,4.007465018887429,4.203687586377943,4.007465018887429,4.120670318603516,32500,0.0,0.0
2023-05-04 00:00:00-04:00,4.075388545794602,4.095765450737251,3.901807170477821,3.9999184608459473,58900,0.0,0.0
2023-05-05 00:00:00-04:00,4.045200461617797,4.475380120421855,3.999918411210514,4.294251918792725,169600,0.0,0.0
2023-05-08 00:00:00-04:00,4.339534165953517,4.452739477039301,4.226328854867734,4.415004253387451,117000,0.0,0.0
2023-05-09 00:00:00-04:00,4.4074573194066025,4.679149627685547,4.309346028148773,4.679149627685547,64500,0.0,0.0
2023-05-10 00:00:00-04:00,4.837636691417953,4.867824723823858,4.624056164217822,4.686696529388428,84800,0.0,0.0
2023-05-11 00:00:00-04:00,4.6866965391045206,4.6866965391045206,4.233875692207458,4.339533805847168,111600,0.0,0.0
2023-05-12 00:00:00-04:00,4.339533810502732,4.5433032098185056,4.165952443687834,4.476889610290527,86200,0.0,0.0
2023-05-15 00:00:00-04:00,4.399909967665836,4.452739205583806,4.015012365282674,4.075388431549072,171400,0.0,0.0
2023-05-16 00:00:00-04:00,4.256516748209336,4.279157953621031,3.607473658004091,3.9621832370758057,272100,0.0,0.0
2023-05-17 00:00:00-04:00,3.999918446428506,4.218781871925601,3.9093539849468026,4.1357645988464355,76300,0.0,0.0
2023-05-18 00:00:00-04:00,4.060294249247688,4.369721756167511,4.045200233297202,4.256516456604004,126200,0.0,0.0
2023-05-19 00:00:00-04:00,4.264063744198627,4.603679290958894,4.264063744198627,4.528209209442139,139000,0.0,0.0
2023-05-22 00:00:00-04:00,4.535756420123156,4.754619837546863,4.460285978360717,4.505568027496338,82800,0.0,0.0
2023-05-23 00:00:00-04:00,4.475380120421855,4.520662170829138,4.226328663246927,4.294251918792725,57000,0.0,0.0
2023-05-24 00:00:00-04:00,4.188593774659062,4.339533941727783,4.188593774659062,4.241422653198242,38400,0.0,0.0
2023-05-25 00:00:00-04:00,4.286704780063779,4.424815233332612,4.256516746109579,4.324440002441406,37900,0.0,0.0
2023-05-26 00:00:00-04:00,4.399910230616964,4.49047433542893,4.143311573779964,4.2263288497924805,104500,0.0,0.0
2023-05-30 00:00:00-04:00,4.233875772050102,4.24896978856899,4.0678412304725935,4.073878765106201,88600,0.0,0.0
2023-05-31 00:00:00-04:00,4.030106551470072,4.188593912024722,3.992371328530487,4.143311500549316,89300,0.0,0.0
2023-06-01 00:00:00-04:00,4.150858481109642,4.301798645565733,4.048218953357656,4.233875751495361,27700,0.0,0.0
2023-06-02 00:00:00-04:00,4.452739140356949,5.131970595643558,4.448965546303143,4.660282135009766,581000,0.0,0.0
2023-06-05 00:00:00-04:00,4.596132640163819,5.207440863852102,4.596132640163819,4.996124267578125,306300,0.0,0.0
2023-06-06 00:00:00-04:00,5.08668849464634,5.192346975330271,4.792354978157693,5.109329700469971,151500,0.0,0.0
2023-06-07 00:00:00-04:00,5.177252618220121,5.184799446419428,4.8149958679100004,4.875371932983398,99500,0.0,0.0
2023-06-08 00:00:00-04:00,4.822542696109308,5.074613091673504,4.76216663103591,4.875371932983398,71500,0.0,0.0
2023-06-09 00:00:00-04:00,4.822542617156448,5.098763506201764,4.822542617156448,5.003671169281006,78600,0.0,0.0
2023-06-12 00:00:00-04:00,5.026312417519101,5.162158932502703,4.86782505661807,4.920654296875,48100,0.0,0.0
2023-06-13 00:00:00-04:00,4.9282012492038225,5.041406193104228,4.919899414168159,4.9583892822265625,38200,0.0,0.0
2023-06-14 00:00:00-04:00,5.018765424660972,5.879125098643791,4.656508663004563,5.633847236633301,1024400,0.0,0.0
2023-06-15 00:00:00-04:00,5.630073408237119,5.9998769829432534,5.1621585488608845,5.652714252471924,321900,0.0,0.0
2023-06-16 00:00:00-04:00,5.68290279165989,6.414208125184102,5.524415438435169,6.241382122039795,334600,0.0,0.0
2023-06-20 00:00:00-04:00,6.241382408870523,6.467792306962669,5.924407327984346,6.233835220336914,164600,0.0,0.0
2023-06-21 00:00:00-04:00,6.309304953421404,6.528168382961131,6.128176746851874,6.347040176391602,132800,0.0,0.0
2023-06-22 00:00:00-04:00,6.35458716801464,6.475339301985737,6.150817402133796,6.301758289337158,111800,0.0,0.0
2023-06-23 00:00:00-04:00,6.158364347307216,6.331946072842212,6.037612218103461,6.188552379608154,72400,0.0,0.0
2023-06-26 00:00:00-04:00,6.0678004414372495,6.414963183697518,6.0678004414372495,6.271570205688477,82100,0.0,0.0
2023-06-27 00:00:00-04:00,6.173458973342043,6.452698463369318,6.158364596710545,6.3394927978515625,71100,0.0,0.0
2023-06-28 00:00:00-04:00,6.271570167098951,6.631562263477879,6.264022978897681,6.354587078094482,160500,0.0,0.0
2023-06-29 00:00:00-04:00,6.294210955970833,6.433076050785165,6.158364448514362,6.248928546905518,73300,0.0,0.0
2023-06-30 00:00:00-04:00,6.248928697281054,6.505527342100575,6.188552630234048,6.3394927978515625,63500,0.0,0.0
2023-07-03 00:00:00-04:00,6.543262420677023,7.428527581973854,6.4791127608766805,7.396075248718262,343500,0.0,0.0
2023-07-05 00:00:00-04:00,7.358340399210881,7.388528433597551,5.931954514896612,6.158364772796631,497100,0.0,0.0
2023-07-06 00:00:00-04:00,6.1960998307460695,6.324399153408372,5.735731778801851,5.879125118255615,124800,0.0,0.0
2023-07-07 00:00:00-04:00,5.758373153953548,5.999877429747931,5.48668048381511,5.509321689605713,194700,0.0,0.0
2023-07-10 00:00:00-04:00,5.494227426018352,5.871578199897176,5.267816817743162,5.682902812957764,142600,0.0,0.0
2023-07-11 00:00:00-04:00,5.667808812474939,6.173458908486069,5.648941201753529,5.871578216552734,120200,0.0,0.0
2023-07-12 00:00:00-04:00,5.8942189003829,6.070818853825131,5.697996689906008,5.705543518066406,61300,0.0,0.0
2023-07-13 00:00:00-04:00,5.886672153340896,6.716843415129557,5.886672153340896,6.248928546905518,351600,0.0,0.0
2023-07-14 00:00:00-04:00,6.241382258749412,6.331946359755877,5.962142407508193,6.143270969390869,83500,0.0,0.0
2023-07-17 00:00:00-04:00,6.143270943516762,6.528168191238258,6.131195154308497,6.414963245391846,81100,0.0,0.0
2023-07-18 00:00:00-04:00,6.513074694236027,6.754578968498472,6.347795152557204,6.694202899932861,131500,0.0,0.0
2023-07-19 00:00:00-04:00,6.777219392491464,6.777219392491464,6.248928465551107,6.377227783203125,113100,0.0,0.0
2023-07-20 00:00:00-04:00,6.294211041350155,6.365907890118005,6.05044247527895,6.12062931060791,64300,0.0,0.0
2023-07-21 00:00:00-04:00,6.0451596800323255,6.264023104066155,6.0451596800323255,6.143270969390869,51900,0.0,0.0
2023-07-24 00:00:00-04:00,6.256475790247814,6.256475790247814,5.765919713162369,5.818748950958252,66100,0.0,0.0
2023-07-25 00:00:00-04:00,5.743279169140396,5.955350058539133,5.66026189393252,5.675355911254883,70600,0.0,0.0
2023-07-26 00:00:00-04:00,5.713090996077166,5.999877318253717,5.660261756793979,5.773467063903809,105000,0.0,0.0
2023-07-27 00:00:00-04:00,5.8187489685668226,5.8489370017216125,5.3961161445300165,5.471586227416992,123800,0.0,0.0
2023-07-28 00:00:00-04:00,5.494227522692075,5.788561030732978,5.433851095518527,5.743278980255127,63800,0.0,0.0
2023-07-31 00:00:00-04:00,5.811201702559983,5.95459503806078,5.671581961120461,5.924407005310059,60700,0.0,0.0
2023-08-01 00:00:00-04:00,5.939501274619646,5.954595291637787,5.713091019347531,5.750825881958008,35800,0.0,0.0
2023-08-02 00:00:00-04:00,5.660261447484085,5.841389641066104,5.618752993088971,5.728184700012207,46300,0.0,0.0
2023-08-03 00:00:00-04:00,5.728184764918647,5.788560830130113,5.116876564847961,5.199893474578857,146300,0.0,0.0
2023-08-04 00:00:00-04:00,5.199893542631736,5.539509453695507,5.199893542631736,5.41875696182251,58100,0.0,0.0
2023-08-07 00:00:00-04:00,5.554603695690579,5.554603695690579,4.943295462802815,5.079141616821289,218800,0.0,0.0
2023-08-08 00:00:00-04:00,4.965936039410124,4.973483227492566,4.626320492834435,4.73952579498291,130200,0.0,0.0
2023-08-09 00:00:00-04:00,4.694243357555037,4.905559944266106,4.392363033495987,4.686696529388428,133100,0.0,0.0
2023-08-10 00:00:00-04:00,4.686696827195794,5.003671547469095,4.599905958611554,4.943295478820801,120900,0.0,0.0
2023-08-11 00:00:00-04:00,4.950842094036007,5.064047397806153,4.860277994967787,4.9583892822265625,54200,0.0,0.0
2023-08-14 00:00:00-04:00,4.958389316685972,4.981030161675505,4.641414607874575,4.799901962280273,145900,0.0,0.0
2023-08-15 00:00:00-04:00,5.2527228902220475,5.479133502335139,4.830090059498057,5.343286991119385,223000,0.0,0.0
2023-08-16 00:00:00-04:00,5.282910723227693,5.441398073714103,5.011218070983887,5.011218070983887,88400,0.0,0.0
2023-08-17 00:00:00-04:00,5.026312376990338,5.328947725998563,5.026312376990338,5.079141616821289,197300,0.0,0.0
2023-08-18 00:00:00-04:00,5.086688461925622,5.162158907605745,4.860278204494518,4.943295478820801,139700,0.0,0.0
2023-08-21 00:00:00-04:00,4.913107271066075,5.131970692125234,4.799147319560742,5.124423503875732,98100,0.0,0.0
2023-08-22 00:00:00-04:00,5.109329717115756,5.139517751732441,4.860278251593222,4.898013114929199,78900,0.0,0.0
2023-08-23 00:00:00-04:00,4.898012955127085,5.22253485647327,4.8753721098381275,5.018765449523926,61600,0.0,0.0
2023-08-24 00:00:00-04:00,5.086688099950965,5.134989095380348,4.92820111096219,4.981029987335205,43200,0.0,0.0
2023-08-25 00:00:00-04:00,4.981030350656628,5.162158916793649,4.88140976523568,5.1319708824157715,88000,0.0,0.0
2023-08-28 00:00:00-04:00,5.20744074698028,5.710071893860677,5.1576304563873565,5.6074323654174805,153000,0.0,0.0
2023-08-29 00:00:00-04:00,5.6074325903235005,6.007424584673542,5.539509693071422,5.856484413146973,106800,0.0,0.0
2023-08-30 00:00:00-04:00,5.826295758654793,6.30175817739436,5.818748930350533,6.0904412269592285,223500,0.0,0.0
2023-08-31 00:00:00-04:00,5.962142544730967,5.999877407750613,5.479133635043297,5.588565349578857,119800,0.0,0.0
2023-09-01 00:00:00-04:00,5.6602614891725285,5.705543537901541,4.981030038497878,5.011218070983887,167500,0.0,0.0
2023-09-05 00:00:00-04:00,5.018765638690195,5.208195682823943,4.920654345754067,4.950842380523682,93100,0.0,0.0
2023-09-06 00:00:00-04:00,4.913107290402207,4.958389340468204,4.679149491923274,4.777260780334473,90300,0.0,0.0
2023-09-07 00:00:00-04:00,4.799901830845438,4.886692334044982,4.626320464576618,4.686696529388428,48800,0.0,0.0
2023-09-08 00:00:00-04:00,4.686696795314875,4.686696795314875,4.226328735198618,4.3017988204956055,173200,0.0,0.0
2023-09-11 00:00:00-04:00,4.248969807290586,4.519152812130071,4.211234585892229,4.399909973144531,141900,0.0,0.0
2023-09-12 00:00:00-04:00,4.3319866099472435,4.6942433587825665,4.3319866099472435,4.475379943847656,63600,0.0,0.0
2023-09-13 00:00:00-04:00,4.456512671397699,4.603679238717943,4.377268996736902,4.498021125793457,77700,0.0,0.0
2023-09-14 00:00:00-04:00,4.528209408306999,4.784808056602716,4.490474185956541,4.648961544036865,66000,0.0,0.0
2023-09-15 00:00:00-04:00,4.656508415870225,4.7546196994152705,4.573491148265208,4.603679180145264,164000,0.0,0.0
2023-09-18 00:00:00-04:00,4.573491387121617,4.762166776160643,4.573491387121617,4.641414642333984,28200,0.0,0.0
2023-09-19 00:00:00-04:00,4.686696602806475,4.765185632239269,4.581038487730652,4.694243431091309,46700,0.0,0.0
2023-09-20 00:00:00-04:00,4.694243520948275,4.75084635358183,4.641414642333984,4.641414642333984,20100,0.0,0.0
2023-09-21 00:00:00-04:00,4.603679524049622,4.678394962514617,4.354628062499638,4.377269268035889,85800,0.0,0.0
2023-09-22 00:00:00-04:00,4.377269341014034,4.581038754758529,4.316892911867352,4.3848161697387695,60800,0.0,0.0
2023-09-25 00:00:00-04:00,4.347081040939295,4.618773336095697,4.331986664671979,4.581038475036621,42500,0.0,0.0
2023-09-26 00:00:00-04:00,4.565944774784022,4.845184277408562,4.531228498678872,4.814996242523193,191300,0.0,0.0
2023-09-27 00:00:00-04:00,4.852731030949134,4.867825048157773,4.679149653114917,4.731978893280029,26800,0.0,0.0
2023-09-28 00:00:00-04:00,4.739525945286038,4.969709791054223,4.656508673095158,4.830090045928955,62100,0.0,0.0
2023-09-29 00:00:00-04:00,4.837636938957058,4.898768013596331,4.641414718278097,4.724431991577148,19300,0.0,0.0
2023-10-02 00:00:00-04:00,4.747072623195616,4.747072623195616,4.573491255866552,4.73952579498291,45600,0.0,0.0
2023-10-03 00:00:00-04:00,4.716884937249691,4.716884937249691,4.347081330906801,4.437645435333252,62000,0.0,0.0
2023-10-04 00:00:00-04:00,4.392363034644575,4.55839721292047,4.381797259286718,4.475379943847656,34800,0.0,0.0
2023-10-05 00:00:00-04:00,4.543303174189665,4.543303174189665,4.437645061265179,4.498021125793457,18500,0.0,0.0
2023-10-06 00:00:00-04:00,4.415004066635387,4.5055681677253,4.381797445490934,4.482927322387695,31900,0.0,0.0
2023-10-09 00:00:00-04:00,4.39236296235241,4.5810383417681875,4.3772689463939365,4.467833042144775,21600,0.0,0.0
2023-10-10 00:00:00-04:00,4.505568339663845,4.6791497199784855,4.452739458613582,4.626320838928223,39100,0.0,0.0
2023-10-11 00:00:00-04:00,4.6187733696858775,4.6187733696858775,4.354627900872389,4.422551155090332,55600,0.0,0.0
2023-10-12 00:00:00-04:00,4.422551213550451,4.4383998771122055,4.203687791365934,4.241422653198242,63000,0.0,0.0
2023-10-13 00:00:00-04:00,4.384816213148302,4.384816213148302,4.165952779917837,4.2263288497924805,38300,0.0,0.0
2023-10-16 00:00:00-04:00,4.233875692207458,4.437645091304622,4.233875692207458,4.339533805847168,53300,0.0,0.0
2023-10-17 00:00:00-04:00,4.301798734420607,4.505568140580114,4.226328650633705,4.430098056793213,83400,0.0,0.0
2023-10-18 00:00:00-04:00,4.4376450685776785,4.490473945192108,4.234630317351485,4.362174987792969,17600,0.0,0.0
2023-10-19 00:00:00-04:00,4.3772692149073364,4.3772692149073364,4.184820229729174,4.271610736846924,53600,0.0,0.0
2023-10-20 00:00:00-04:00,4.226328776758635,4.347081274291,4.082935433349408,4.2187819480896,43000,0.0,0.0
2023-10-23 00:00:00-04:00,4.158405816288854,4.294251969102214,3.909353996326402,3.924448013305664,112000,0.0,0.0
2023-10-24 00:00:00-04:00,3.924447799999639,4.279157719537332,3.924447799999639,4.150858402252197,55300,0.0,0.0
2023-10-25 00:00:00-04:00,4.158405970654958,4.30179895734603,4.067841505547749,4.090482711791992,28100,0.0,0.0
2023-10-26 00:00:00-04:00,4.075388545794602,4.165952647732987,3.969730426866486,3.9999184608459473,20000,0.0,0.0
2023-10-27 00:00:00-04:00,4.056520853833543,4.056520853833543,3.8640718711433992,3.8791658878326416,23000,0.0,0.0
2023-10-30 00:00:00-04:00,3.788601885480083,4.07538856984732,3.788601885480083,3.9772772789001465,37600,0.0,0.0
2023-10-31 00:00:00-04:00,3.9621831761158584,4.11312334363904,3.9621831761158584,4.105576515197754,17700,0.0,0.0
2023-11-01 00:00:00-04:00,4.064822661714035,4.143311332050012,4.064822661714035,4.131990909576416,8800,0.0,0.0
2023-11-02 00:00:00-04:00,4.0301065608860895,4.43160785123796,4.0301065608860895,4.40745735168457,34200,0.0,0.0
2023-11-03 00:00:00-04:00,4.498021461784803,4.694243686159031,4.46556912674839,4.520662307739258,59900,0.0,0.0
2023-11-06 00:00:00-05:00,4.565944720751412,4.830090202807416,4.4904742745613335,4.596132755279541,58700,0.0,0.0
2023-11-07 00:00:00-05:00,4.415003879020058,4.664055326368767,4.407457050851474,4.475379943847656,55100,0.0,0.0
2023-11-08 00:00:00-05:00,4.520662071975041,4.565944481261872,4.475380022557948,4.55839729309082,28200,0.0,0.0
2023-11-09 00:00:00-05:00,4.596132454139545,4.719903531543257,4.573491249792029,4.664055347442627,26000,0.0,0.0
2023-11-10 00:00:00-05:00,4.71688480315462,4.731978820129925,4.596132667352182,4.724431991577148,31000,0.0,0.0
2023-11-13 00:00:00-05:00,4.724432081958966,4.724432081958966,4.528209497656373,4.596132755279541,19900,0.0,0.0
2023-11-14 00:00:00-05:00,4.626320652441123,5.13121574884787,4.535756551545803,5.018765449523926,139000,0.0,0.0
2023-11-15 00:00:00-05:00,4.996124010271403,4.996124010271403,4.460285898609544,4.633867263793945,116400,0.0,0.0
2023-11-16 00:00:00-05:00,4.837637038190985,4.837637038190985,4.565944727062305,4.7093377113342285,23600,0.0,0.0
2023-11-17 00:00:00-05:00,4.716884674633567,4.84744793590598,4.490474066303259,4.611226558685303,101300,0.0,0.0
2023-11-20 00:00:00-05:00,4.565944744597173,4.611226796625853,4.452739434590595,4.57349157333374,55700,0.0,0.0
2023-11-21 00:00:00-05:00,4.520662133859597,4.562170949629128,4.377269155344063,4.452739238739014,28200,0.0,0.0
2023-11-22 00:00:00-05:00,4.437645333899938,4.452739350959335,4.204442536416905,4.3017988204956055,82700,0.0,0.0
2023-11-24 00:00:00-05:00,4.384815896468013,4.550850436501697,4.339533847332392,4.505568027496338,44600,0.0,0.0
2023-11-27 00:00:00-05:00,4.498021148092872,4.543303196713571,4.445191911433857,4.475379943847656,14200,0.0,0.0
2023-11-28 00:00:00-05:00,4.498021516357062,4.822543071309655,4.377269376815587,4.814996242523193,97500,0.0,0.0
2023-11-29 00:00:00-05:00,4.792354713505085,5.018765319759076,4.754619852375912,4.90556001663208,75700,0.0,0.0
2023-11-30 00:00:00-05:00,4.860277842172081,4.860277842172081,4.6414144297028965,4.656508445739746,53600,0.0,0.0
2023-12-01 00:00:00-05:00,4.784808158874512,4.89801310860606,4.6882061603300205,4.784808158874512,59500,0.0,0.0
2023-12-04 00:00:00-05:00,4.724432064610588,4.898013082575049,4.686696841654115,4.731978893280029,58100,0.0,0.0
2023-12-05 00:00:00-05:00,4.7546199988153095,4.807448877997197,4.648961520712036,4.671602725982666,89800,0.0,0.0
2023-12-06 00:00:00-05:00,4.75462002267025,4.837636936049657,4.611226681556158,4.648961544036865,59400,0.0,0.0
2023-12-07 00:00:00-05:00,4.70933729172546,4.731978495570365,4.539529522432713,4.603679180145264,29900,0.0,0.0
2023-12-08 00:00:00-05:00,4.671602535515044,4.762166633165642,4.603679282342228,4.664055347442627,25900,0.0,0.0
2023-12-11 00:00:00-05:00,4.7017906647221634,4.744808773931922,4.377269128201311,4.399909973144531,105400,0.0,0.0
2023-12-12 00:00:00-05:00,4.452739001026296,4.467833016899481,4.26406362267662,4.279157638549805,83400,0.0,0.0
2023-12-13 00:00:00-05:00,4.233875824779679,4.30179872002573,4.015012402595161,4.241422653198242,96500,0.0,0.0
2023-12-14 00:00:00-05:00,4.241422843112041,4.4414190232702975,4.196140790963876,4.248970031738281,75100,0.0,0.0
2023-12-15 00:00:00-05:00,4.3017988096001085,4.399910100172576,4.113123416900635,4.113123416900635,37400,0.0,0.0
2023-12-18 00:00:00-05:00,4.113123412677111,4.194631392403523,4.037653327648767,4.056520938873291,55400,0.0,0.0
2023-12-19 00:00:00-05:00,4.1433112070572085,4.377268996918592,4.1433112070572085,4.2867045402526855,181300,0.0,0.0
2023-12-20 00:00:00-05:00,4.226328447786664,4.5206619403636115,4.18859358763921,4.445191860198975,108900,0.0,0.0
2023-12-21 00:00:00-05:00,4.452739012695846,4.608962059399248,4.42255098087036,4.54707670211792,73500,0.0,0.0
2023-12-22 00:00:00-05:00,4.596132600994142,4.63386746295272,4.430098056793213,4.430098056793213,63700,0.0,0.0
2023-12-26 00:00:00-05:00,4.422551368921719,4.504058990028372,4.339534094182521,4.40745735168457,42700,0.0,0.0
2023-12-27 00:00:00-05:00,4.588585508771401,5.3659282877294014,4.498021406330591,5.2904582023620605,527500,0.0,0.0
2023-12-28 00:00:00-05:00,5.298005020328265,5.50932161880236,4.981030302551999,5.10178279876709,117600,0.0,0.0
2023-12-29 00:00:00-05:00,5.064047437358687,5.358380941564153,4.965936149333618,5.124423503875732,127800,0.0,0.0
2024-01-02 00:00:00-05:00,5.041406478110181,5.041406478110181,4.571982286159784,4.762166976928711,106400,0.0,0.0
2024-01-03 00:00:00-05:00,4.6640554722448755,4.814995998904521,4.377269155344063,4.452739238739014,119200,0.0,0.0
2024-01-04 00:00:00-05:00,4.422551368921719,4.460286232079713,4.30179887115477,4.40745735168457,97700,0.0,0.0
2024-01-05 00:00:00-05:00,4.430098196087006,4.452739401869848,4.301798869680336,4.331986904144287,82800,0.0,0.0
2024-01-08 00:00:00-05:00,4.3017988204956055,4.3621752486029495,4.239158811640495,4.3017988204956055,47700,0.0,0.0
2024-01-09 00:00:00-05:00,4.286704629120124,4.339533866614626,4.0527471942783135,4.233875751495361,119700,0.0,0.0
2024-01-10 00:00:00-05:00,4.2791579155955795,4.301798760936332,4.075388508180064,4.158405780792236,92800,0.0,0.0
2024-01-11 00:00:00-05:00,4.165952478925265,4.165952478925265,3.9244478570057795,4.045200347900391,93300,0.0,0.0
2024-01-12 00:00:00-05:00,4.052747364294221,4.052747364294221,3.8867131764272567,3.9772772789001465,48500,0.0,0.0
2024-01-16 00:00:00-05:00,3.9697304409202836,3.9697304409202836,3.494268364255884,3.8263370990753174,102500,0.0,0.0
2024-01-17 00:00:00-05:00,3.826337121759738,3.8942600189217953,3.7131318133299698,3.765960693359375,35700,0.0,0.0
2024-01-18 00:00:00-05:00,3.7735078818605783,3.8187899332585347,3.6980377961973177,3.765960693359375,61300,0.0,0.0
2024-01-19 00:00:00-05:00,3.758413690084221,3.8187897558093105,3.698037624359131,3.698037624359131,73800,0.0,0.0
2024-01-22 00:00:00-05:00,3.7055845398887994,3.977277201918512,3.7055845398887994,3.8942599296569824,67100,0.0,0.0
2024-01-23 00:00:00-05:00,3.9999183812163217,4.007465209626071,3.8414310260444084,3.8791658878326416,68800,0.0,0.0
2024-01-24 00:00:00-05:00,3.9018071333493394,3.990861940702257,3.7886018270687116,3.7961490154266357,39100,0.0,0.0
2024-01-25 00:00:00-05:00,3.864071909530844,3.9093539600484224,3.667849690621337,3.758413791656494,52400,0.0,0.0
2024-01-26 00:00:00-05:00,3.7584137665705994,3.8799205473346308,3.7357725615280573,3.7433197498321533,24900,0.0,0.0
2024-01-29 00:00:00-05:00,3.743319801063493,3.864071936623686,3.743319801063493,3.8112430572509766,30100,0.0,0.0
2024-01-30 00:00:00-05:00,3.8036958688435893,3.8489779196786618,3.7357726126561057,3.8112430572509766,45700,0.0,0.0
2024-01-31 00:00:00-05:00,3.788601850419968,3.935768785478831,3.773507833480835,3.773507833480835,26900,0.0,0.0
2024-02-01 00:00:00-05:00,3.8489778231803355,4.090482448115672,3.8489778231803355,4.075388431549072,49800,0.0,0.0
2024-02-02 00:00:00-05:00,4.007465237396314,4.075388492903458,3.8565250694579345,3.931995153427124,47000,0.0,0.0
2024-02-05 00:00:00-05:00,3.879165978791527,3.879165978791527,3.741055524918182,3.8263370990753174,52800,0.0,0.0
2024-02-06 00:00:00-05:00,3.8338838128261847,3.879165862599359,3.735772525049436,3.864071846008301,21400,0.0,0.0
2024-02-07 00:00:00-05:00,3.8640719351156347,3.8640719351156347,3.743319799602568,3.773507833480835,45700,0.0,0.0
2024-02-08 00:00:00-05:00,3.7886018999928814,3.9999184997755237,3.7735078828562467,3.8036959171295166,68200,0.0,0.0
2024-02-09 00:00:00-05:00,3.894259931507656,3.9470891702209623,3.8112430190764206,3.931995153427124,36500,0.0,0.0
2024-02-12 00:00:00-05:00,3.954635848933697,4.090482354803916,3.615020303997616,3.667849540710449,118300,0.0,0.0
2024-02-13 00:00:00-05:00,3.7206784403381925,3.7961488817814715,3.569738277191105,3.6452083587646484,52200,0.0,0.0
2024-02-14 00:00:00-05:00,3.743319822953266,3.758413839986555,3.645963179173211,3.750866651535034,29000,0.0,0.0
2024-02-15 00:00:00-05:00,3.750866527584842,3.7659605441193382,3.660302428377865,3.7131316661834717,98300,0.0,0.0
2024-02-16 00:00:00-05:00,3.675396544876009,3.818789885788614,3.667849716338372,3.8112430572509766,79600,0.0,0.0
2024-02-20 00:00:00-05:00,3.811242935476119,4.02255916595459,3.796148919013371,4.02255916595459,108400,0.0,0.0
2024-02-21 00:00:00-05:00,3.992371091041462,4.015012295432337,3.8112428953934057,3.85652494430542,61700,0.0,0.0
2024-02-22 00:00:00-05:00,3.879165764317729,3.894259780526369,3.599926284523028,3.6301143169403076,105300,0.0,0.0
2024-02-23 00:00:00-05:00,3.630114470249782,3.835393171330699,3.6074736249155053,3.7961490154266357,56100,0.0,0.0
2024-02-26 00:00:00-05:00,3.76596059500495,3.8338838502628314,3.7040752343382435,3.7433197498321533,37100,0.0,0.0
2024-02-27 00:00:00-05:00,3.7357725847184975,3.8036958403980243,3.7055845510542076,3.7206785678863525,40200,0.0,0.0
2024-02-28 00:00:00-05:00,3.720678466268601,3.76596051552831,3.6603024005889893,3.6603024005889893,28200,0.0,0.0
2024-02-29 00:00:00-05:00,3.6678496641710248,3.7433197478227442,3.6678496641710248,3.7055845260620117,36100,0.0,0.0
2024-03-01 00:00:00-05:00,3.698037797173073,3.841431139905981,3.6678497628998032,3.8036959171295166,59900,0.0,0.0
2024-03-04 00:00:00-05:00,3.7735078582668984,3.848977943458286,3.7621874354556284,3.788601875305176,70700,0.0,0.0
2024-03-05 00:00:00-05:00,3.773507781283432,3.8112430030441646,3.7055845260620117,3.7055845260620117,48800,0.0,0.0
2024-03-06 00:00:00-05:00,3.7357725513644624,3.9546359734113645,3.698037689555881,3.916901111602783,276500,0.0,0.0
2024-03-07 00:00:00-05:00,3.916901187467552,4.075388545794602,3.8844488530112673,3.9999184608459473,124500,0.0,0.0
2024-03-08 00:00:00-05:00,4.060294305299067,4.218781654901911,3.9621830203316426,4.150858402252197,334000,0.0,0.0
2024-03-11 00:00:00-04:00,4.256516771625478,4.505568233175461,4.241422754557895,4.377269268035889,748600,0.0,0.0
2024-03-12 00:00:00-04:00,4.415003916006807,4.528209218441799,4.316892629905165,4.39236307144165,208000,0.0,0.0
2024-03-13 00:00:00-04:00,4.347080935919812,4.513115112282012,4.347080935919812,4.445191860198975,102700,0.0,0.0
2024-03-14 00:00:00-04:00,4.482927172653921,4.482927172653921,4.015012306115061,4.181046485900879,176800,0.0,0.0
2024-03-15 00:00:00-04:00,4.226328483046473,4.377269004504755,4.135764386093342,4.150858402252197,222400,0.0,0.0
2024-03-18 00:00:00-04:00,4.233875693857005,4.30934577505763,4.075388343400825,4.1282172203063965,104800,0.0,0.0
2024-03-19 00:00:00-04:00,4.165952418411052,4.2474600336949235,4.098029165761338,4.150858402252197,182500,0.0,0.0
2024-03-20 00:00:00-04:00,4.226328483046473,4.262554049853779,4.098029165761338,4.150858402252197,117700,0.0,0.0
2024-03-21 00:00:00-04:00,4.188593622584201,4.226328483046473,4.120670369934487,4.150858402252197,58800,0.0,0.0
2024-03-22 00:00:00-04:00,4.135764334574345,4.188593570407113,4.037653050829088,4.120670318603516,139200,0.0,0.0
2024-03-25 00:00:00-04:00,4.150858462547156,4.226328544437702,4.030106331522282,4.045200347900391,99400,0.0,0.0
2024-03-26 00:00:00-04:00,4.052747198880086,4.060294387046329,3.9244478790118587,4.02255916595459,109500,0.0,0.0
2024-03-27 00:00:00-04:00,4.022559404810885,4.1055766802203655,4.022559404810885,4.0602946281433105,74600,0.0,0.0
2024-03-28 00:00:00-04:00,4.082935121504067,4.3168925502911115,4.037653073339129,4.309345722198486,117000,0.0,0.0
2024-04-01 00:00:00-04:00,4.490474150876981,4.8225428814097455,4.392363221297782,4.482927322387695,673900,0.0,0.0
2024-04-02 00:00:00-04:00,3.6603023541902124,3.7584136396107715,3.264838985053837,3.4565329551696777,1084600,0.0,0.0
2024-04-03 00:00:00-04:00,3.456533070128247,3.5093623086201147,3.3206869195531166,3.4187982082366943,277000,0.0,0.0
2024-04-04 00:00:00-04:00,3.4338923402140717,3.4935137622812737,3.2829518079728253,3.3055930137634277,174200,0.0,0.0
2024-04-05 00:00:00-04:00,3.305592848740788,3.3886097594658375,3.2376695946296215,3.3131396770477295,117300,0.0,0.0
2024-04-08 00:00:00-04:00,3.320686904617818,3.320686904617818,3.141822645223647,3.2301228046417236,217600,0.0,0.0
2024-04-09 00:00:00-04:00,3.28295168302624,3.290498871292453,3.2074815997128283,3.2301228046417236,66700,0.0,0.0
2024-04-10 00:00:00-04:00,3.1999345093231497,3.290498971939087,3.101823577949663,3.290498971939087,141300,0.0,0.0
2024-04-11 00:00:00-04:00,3.2904988322571667,3.3659689146752747,3.2172926903702193,3.3131396770477295,51400,0.0,0.0
2024-04-12 00:00:00-04:00,3.305592988022459,3.305592988022459,3.1999345083154314,3.2527637481689453,51400,0.0,0.0
2024-04-15 00:00:00-04:00,3.252763582212364,3.252763582212364,2.7622076909835225,2.7999427318573,408800,0.0,0.0
2024-04-16 00:00:00-04:00,2.8225838569365687,2.928242155082107,2.792395823162093,2.860318899154663,118400,0.0,0.0
2024-04-17 00:00:00-04:00,2.898053922647773,2.9056009310426285,2.7244725496312134,2.777301788330078,167300,0.0,0.0
2024-04-18 00:00:00-04:00,2.762207853421431,2.815036913751452,2.732019639012254,2.7546608448028564,64300,0.0,0.0
2024-04-19 00:00:00-04:00,2.7622078690156266,2.866356696500859,2.7622078690156266,2.8376779556274414,64900,0.0,0.0
2024-04-22 00:00:00-04:00,2.867865926417373,3.071635515601978,2.8527719094310875,2.9810712337493896,145400,0.0,0.0
2024-04-23 00:00:00-04:00,3.13201165328328,3.1546524993319442,2.815036929643897,2.8376779556274414,154800,0.0,0.0
2024-04-24 00:00:00-04:00,2.815036830304358,2.864092474838358,2.7622077715403663,2.777301788330078,81400,0.0,0.0
2024-04-25 00:00:00-04:00,2.754660653330879,2.9735240679915775,2.754660653330879,2.958430051803589,111100,0.0,0.0
2024-04-26 00:00:00-04:00,2.943336248397827,2.981071291595773,2.9131480339045916,2.943336248397827,38800,0.0,0.0
2024-04-29 00:00:00-04:00,2.9433361974955146,2.9735242315317962,2.8112632786844665,2.875412940979004,81000,0.0,0.0
2024-04-30 00:00:00-04:00,2.867865800857544,2.9659770869078037,2.8527717845320995,2.867865800857544,58400,0.0,0.0
2024-05-01 00:00:00-04:00,2.867865771436359,2.962203462470021,2.867865771436359,2.9206948280334473,34500,0.0,0.0
2024-05-02 00:00:00-04:00,2.988618275184114,2.988618275184114,2.8905069837569664,2.9282422065734863,17000,0.0,0.0
2024-05-03 00:00:00-04:00,2.9056008928017545,2.932015511803542,2.86409243714378,2.8980538845062256,46400,0.0,0.0
2024-05-06 00:00:00-04:00,2.956920657172275,2.9961651722829745,2.8980538845062256,2.8980538845062256,28100,0.0,0.0
2024-05-07 00:00:00-04:00,2.935789080223068,2.9403171412128564,2.8678658262229377,2.8829598426818848,30100,0.0,0.0
2024-05-08 00:00:00-04:00,2.867865919421196,3.0942763535980244,2.867865919421196,3.048994302749634,53100,0.0,0.0
2024-05-09 00:00:00-04:00,3.056541415222112,3.056541415222112,2.97352414412768,3.0037121772766113,67700,0.0,0.0
2024-05-10 00:00:00-04:00,3.0188063260157154,3.0414475318035263,2.954656662798301,3.0112593173980713,38200,0.0,0.0
2024-05-13 00:00:00-04:00,2.9961651463665486,3.0942762533597787,2.9961651463665486,3.026353359222412,45600,0.0,0.0
2024-05-14 00:00:00-04:00,3.041447424086897,3.124464336005957,2.988618185699522,3.018806219100952,63800,0.0,0.0
2024-05-15 00:00:00-04:00,3.026353346797209,3.1471054779854164,2.965977101268237,3.124464273452759,59800,0.0,0.0
2024-05-16 00:00:00-04:00,3.1546522894453943,3.1546522894453943,2.9433360609916854,2.9735240936279297,114700,0.0,0.0
2024-05-17 00:00:00-04:00,3.0112593254936373,3.0565415572561188,2.9056010246276855,2.9056010246276855,35200,0.0,0.0
2024-05-20 00:00:00-04:00,2.9056009750152856,2.9206949920334266,2.792395847379228,2.875412940979004,90400,0.0,0.0
2024-05-21 00:00:00-04:00,2.792395871343443,2.920695017098699,2.792395871343443,2.8905069828033447,53700,0.0,0.0
2024-05-22 00:00:00-04:00,2.8980540159897514,2.950883256390167,2.8731488694910823,2.9056010246276855,26200,0.0,0.0
2024-05-23 00:00:00-04:00,2.913147880841324,2.913147880841324,2.8150367736816406,2.8150367736816406,36200,0.0,0.0
2024-05-24 00:00:00-04:00,2.8527718614066138,3.003712208663366,2.8308854831644794,2.950883150100708,34600,0.0,0.0
2024-05-28 00:00:00-04:00,2.9810711418090645,3.2301227742714316,2.9810711418090645,3.1395583152770996,166600,0.0,0.0
2024-05-29 00:00:00-04:00,3.1621994716887554,3.181067082018934,3.071635373947581,3.1471054553985596,79600,0.0,0.0
2024-05-30 00:00:00-04:00,3.1999343952687873,3.1999343952687873,3.041447401046753,3.041447401046753,39500,0.0,0.0
2024-05-31 00:00:00-04:00,3.041447375370565,3.1244642859599034,2.845224801534518,2.8829598426818848,85200,0.0,0.0
2024-06-03 00:00:00-04:00,2.913147854478632,3.011259140685321,2.7999427318573,2.7999427318573,116300,0.0,0.0
2024-06-04 00:00:00-04:00,2.7773016868152083,2.8376777517672127,2.53277829987683,2.611267328262329,172500,0.0,0.0
2024-06-05 00:00:00-04:00,2.7093784862978834,2.7093784862978834,2.5735323375241377,2.6414554119110107,90400,0.0,0.0
2024-06-06 00:00:00-04:00,2.6414553913577556,2.6414553913577556,2.5290049151006753,2.558438301086426,68000,0.0,0.0
2024-06-07 00:00:00-04:00,2.626361382944919,2.9659771131409616,2.57881521310575,2.8829598426818848,282800,0.0,0.0
2024-06-10 00:00:00-04:00,2.928242019427612,2.965977059897583,2.8233383730057664,2.958430051803589,49600,0.0,0.0
2024-06-11 00:00:00-04:00,3.01125921280321,3.139558354846742,2.8905068991803073,3.0565414428710938,283300,0.0,0.0
2024-06-12 00:00:00-04:00,3.0867295265197754,3.222575679129272,3.0263534586933325,3.0867295265197754,74700,0.0,0.0
2024-06-13 00:00:00-04:00,3.109370380585318,3.222575688006625,3.033900295594364,3.199934482574463,67000,0.0,0.0
2024-06-14 00:00:00-04:00,3.132011550227269,3.153897748670134,3.0074856415128672,3.033900260925293,47000,0.0,0.0
2024-06-17 00:00:00-04:00,3.018806196232324,3.079182262577812,3.003712179645952,3.041447401046753,56200,0.0,0.0
2024-06-18 00:00:00-04:00,3.0339003115599428,3.139558431103293,3.0339003115599428,3.101823568344116,76800,0.0,0.0
2024-06-20 00:00:00-04:00,3.1320116436354564,3.139558472338511,2.8678659814380167,2.9056010246276855,68200,0.0,0.0
2024-06-21 00:00:00-04:00,2.9131478978949463,3.0037121772766113,2.8414514091336693,3.0037121772766113,44800,0.0,0.0
2024-06-24 00:00:00-04:00,2.9961651713527657,3.1018234673922405,2.9961651713527657,3.041447401046753,79200,0.0,0.0
2024-06-25 00:00:00-04:00,3.0263533010973562,3.0263533010973562,2.9206948280334473,2.9206948280334473,71800,0.0,0.0
2024-06-26 00:00:00-04:00,2.9131479283353654,2.965977166832896,2.9056009199692716,2.950883150100708,19900,0.0,0.0
2024-06-27 00:00:00-04:00,2.958430077309808,2.9961651181051128,2.9282420446735635,2.9735240936279297,28200,0.0,0.0
2024-06-28 00:00:00-04:00,2.950883224239488,2.9961652755737305,2.913148001526076,2.9961652755737305,57700,0.0,0.0
2024-07-01 00:00:00-04:00,3.018806129078616,3.328233642150859,2.950883055950899,3.282951593399048,232300,0.0,0.0
2024-07-02 00:00:00-04:00,3.25276356942993,3.2603107575098953,3.125218897862448,3.1471054553985596,59900,0.0,0.0
2024-07-03 00:00:00-04:00,3.169746427046693,3.2829517336990213,3.1546524101510327,3.2603108882904053,34300,0.0,0.0
2024-07-05 00:00:00-04:00,3.2527637734985277,3.343327876921421,3.1772936873127833,3.3055930137634277,60200,0.0,0.0
2024-07-08 00:00:00-04:00,3.282951680785873,3.3055928856993178,3.094276292696228,3.192387580871582,47900,0.0,0.0
2024-07-09 00:00:00-04:00,3.2754049156214853,3.5470972206089835,3.2754049156214853,3.4112510681152344,122300,0.0,0.0
2024-07-10 00:00:00-04:00,3.3961570151163425,3.7282257442231987,3.3961570151163425,3.5697383880615234,194900,0.0,0.0
2024-07-11 00:00:00-04:00,3.5923796688979577,3.682943771508052,3.501815206418109,3.6527557373046875,119100,0.0,0.0
2024-07-12 00:00:00-04:00,3.6829437212386478,3.6829437212386478,3.5259656576279794,3.622567653656006,84300,0.0,0.0
2024-07-15 00:00:00-04:00,3.6225675172259795,3.728225631516398,3.501815026738623,3.68294358253479,94200,0.0,0.0
2024-07-16 00:00:00-04:00,3.735772456652901,3.773507677374541,3.5999263098205225,3.6452083587646484,59100,0.0,0.0
2024-07-17 00:00:00-04:00,3.6829436679280385,3.698037684605213,3.509362296205659,3.5546443462371826,51900,0.0,0.0
2024-07-18 00:00:00-04:00,3.5395503111214484,3.5923795491512283,3.313139702273525,3.3282337188720703,56700,0.0,0.0
2024-07-19 00:00:00-04:00,3.2980456631489212,3.3735157456261784,3.169746343002714,3.350874900817871,42000,0.0,0.0
2024-07-22 00:00:00-04:00,3.381063058779507,3.4489863154544858,3.282951767997817,3.426345109939575,64500,0.0,0.0
2024-07-23 00:00:00-04:00,3.3810629018313816,3.5244562371168553,3.3810629018313816,3.50936222076416,37600,0.0,0.0
2024-07-24 00:00:00-04:00,3.471627186087917,3.509362408927796,3.3886099117620363,3.441439151763916,61600,0.0,0.0
2024-07-25 00:00:00-04:00,3.3523841690515344,3.4187981290230254,3.3131396544874003,3.3357808589935303,30500,0.0,0.0
2024-07-26 00:00:00-04:00,3.320686942125046,3.4112510431240635,3.320686942125046,3.3961570262908936,71900,0.0,0.0
2024-07-29 00:00:00-04:00,3.7508666674090634,3.8716191640561664,3.59237966782367,3.615020513534546,189600,0.0,0.0
2024-07-30 00:00:00-04:00,3.728225654413422,3.76596051552831,3.5923795066342947,3.6603024005889893,69200,0.0,0.0
2024-07-31 00:00:00-04:00,3.6603025648260514,3.7357726503118944,3.611246919292815,3.615020513534546,26300,0.0,0.0
2024-08-01 00:00:00-04:00,3.6150204521515015,3.6150204521515015,3.4037042163792908,3.433892250061035,31500,0.0,0.0
2024-08-02 00:00:00-04:00,3.4338921157748192,3.509362197027838,3.275404765208613,3.282951593399048,79500,0.0,0.0
2024-08-05 00:00:00-04:00,3.094276218448007,3.192387504269147,2.94333605554605,3.1471054553985596,103400,0.0,0.0
2024-08-06 00:00:00-04:00,3.177293528695135,3.5244562676881714,3.150879089816232,3.3131396770477295,102900,0.0,0.0
2024-08-07 00:00:00-04:00,3.305592898850205,3.5018151161118145,3.282951693846685,3.343327760696411,109300,0.0,0.0
2024-08-08 00:00:00-04:00,3.396157074628311,3.454269202204509,3.3206869893882995,3.3886098861694336,54700,0.0,0.0
2024-08-09 00:00:00-04:00,3.373515869121431,3.396157074628311,3.3206869893882995,3.3886098861694336,33700,0.0,0.0
2024-08-12 00:00:00-04:00,3.3735157170616183,3.471627003386185,3.1697463161635304,3.2980456352233887,95100,0.0,0.0
2024-08-13 00:00:00-04:00,3.28295164665347,3.3659689173133227,3.275404818340614,3.350874900817871,41700,0.0,0.0
2024-08-14 00:00:00-04:00,3.396157077011172,3.532003230538508,3.3584218544298134,3.464080333709717,132400,0.0,0.0
2024-08-15 00:00:00-04:00,3.547097168404175,3.547097168404175,3.350874951023349,3.3810629844665527,89200,0.0,0.0
2024-08-16 00:00:00-04:00,3.3735157961708793,3.5848323901430525,3.335780934301747,3.3810629844665527,109200,0.0,0.0
2024-08-19 00:00:00-04:00,3.343327658401463,3.396156895213443,3.282951593399048,3.282951593399048,89600,0.0,0.0
2024-08-20 00:00:00-04:00,3.28295168302624,3.2980456996889225,3.1923875830501456,3.2301228046417236,58800,0.0,0.0
2024-08-21 00:00:00-04:00,3.2074815435795196,3.2746501504682892,3.124464273452759,3.124464273452759,120500,0.0,0.0
2024-08-22 00:00:00-04:00,3.1320115631911563,3.267857715184817,2.915412078969447,3.2225756645202637,96800,0.0,0.0
2024-08-23 00:00:00-04:00,3.237669544647237,3.3659688627122355,3.139558259083446,3.282951593399048,36500,0.0,0.0
2024-08-26 00:00:00-04:00,3.260310961311305,3.320687030246184,3.177293686590967,3.267857789993286,63700,0.0,0.0
2024-08-27 00:00:00-04:00,3.2301228296863513,3.2701219921460787,3.2150288129066382,3.2452168464660645,37400,0.0,0.0
2024-08-28 00:00:00-04:00,3.2301228296863513,3.275404880025491,3.192387607802195,3.2452168464660645,53500,0.0,0.0
2024-08-29 00:00:00-04:00,3.2754048780995673,3.286725300710259,3.165973166543555,3.207481622695923,52000,0.0,0.0
2024-08-30 00:00:00-04:00,3.2376697063446045,3.2489901291304943,3.16219962132242,3.2376697063446045,24600,0.0,0.0
2024-09-03 00:00:00-04:00,3.230122825842533,3.230122825842533,3.094276315117024,3.1697463989257812,35900,0.0,0.0
2024-09-04 00:00:00-04:00,3.1244644140256717,3.1471056195769807,3.0867295512664947,3.101823568344116,44700,0.0,0.0
2024-09-05 00:00:00-04:00,3.101823381239939,3.1546522578900626,3.0414473165713805,3.1320114135742188,36900,0.0,0.0
2024-09-06 00:00:00-04:00,3.1772935365138832,3.1772935365138832,3.011259174850595,3.1395583152770996,54400,0.0,0.0
2024-09-09 00:00:00-04:00,3.1169175463029717,3.267857715184817,3.109370357924005,3.2225756645202637,42000,0.0,0.0
2024-09-10 00:00:00-04:00,3.215028836011046,3.3206869542283375,3.1546524085885586,3.2225756645202637,40900,0.0,0.0
2024-09-11 00:00:00-04:00,3.215028721951733,3.667849572402329,3.1697463130239103,3.50936222076416,281200,0.0,0.0
2024-09-12 00:00:00-04:00,3.4338922719634284,3.615020475209185,3.3206869649999553,3.3735158443450928,139500,0.0,0.0
2024-09-13 00:00:00-04:00,3.4037042751920503,3.6965281349907384,3.4037042751920503,3.6527557373046875,109200,0.0,0.0
2024-09-16 00:00:00-04:00,3.675396555283169,3.675396555283169,3.5153999032389205,3.5621912479400635,54000,0.0,0.0
2024-09-17 00:00:00-04:00,3.60747356614009,3.9999183576144737,3.5697383447047724,3.9018070697784424,141300,0.0,0.0
2024-09-18 00:00:00-04:00,3.8829395447109603,3.962183223577296,3.713131764245883,3.7357726097106934,120900,0.0,0.0
2024-09-19 00:00:00-04:00,3.6980375958009972,3.7886016936892495,3.5629460958038934,3.6452083587646484,123200,0.0,0.0
2024-09-20 00:00:00-04:00,3.6074736497974453,3.6074736497974453,3.4338922749351672,3.448986291885376,92200,0.0,0.0
2024-09-23 00:00:00-04:00,3.4942682044114646,3.54709708171103,3.433892139000683,3.50936222076416,38500,0.0,0.0
2024-09-24 00:00:00-04:00,3.5169090490056396,3.6436990742640694,3.4791741880587694,3.50936222076416,119700,0.0,0.0
2024-09-25 00:00:00-04:00,3.5093622940679228,3.54860680937862,3.456533055795121,3.516909122467041,27400,0.0,0.0
2024-09-26 00:00:00-04:00,3.569738388061523,3.622567626738664,3.5169091493843823,3.5697383880615234,93400,0.0,0.0
2024-09-27 00:00:00-04:00,3.5697382568188045,3.5848322730473723,3.433892110761692,3.4565329551696777,136400,0.0,0.0
2024-09-30 00:00:00-04:00,3.4867210664831907,3.5772851659028144,3.4716270499132533,3.539550304412842,60600,0.0,0.0
2024-10-01 00:00:00-04:00,3.5169091512137793,3.6376616454143775,3.4791742891702615,3.607473611831665,69000,0.0,0.0
2024-10-02 00:00:00-04:00,3.563700777363081,3.6301143778209717,3.480683506888413,3.524456262588501,58800,0.0,0.0
2024-10-03 00:00:00-04:00,3.547097078693288,3.5659646890855394,3.426344947974457,3.4716269969940186,63000,0.0,0.0
2024-10-04 00:00:00-04:00,3.4942682014386675,3.5621910950331417,3.4104962847980707,3.4716269969940186,38000,0.0,0.0
2024-10-07 00:00:00-04:00,3.471627179337781,3.84143113889239,3.403704282175724,3.765960693359375,288200,0.0,0.0
2024-10-08 00:00:00-04:00,3.788601691002531,3.894259805130564,3.675396388787628,3.85652494430542,196200,0.0,0.0
2024-10-09 00:00:00-04:00,3.7131315855946276,4.528209180506671,3.5320030312420996,4.475379943847656,408000,0.0,0.0
2024-10-10 00:00:00-04:00,4.415004253387451,4.415004253387451,3.9395421627490186,4.415004253387451,234200,0.0,0.0
2024-10-11 00:00:00-04:00,4.415004115501515,4.611226696571238,4.392363269913317,4.513115406036377,138200,0.0,0.0
2024-10-14 00:00:00-04:00,4.467833420633165,4.565944712609512,4.362175299973123,4.40745735168457,66500,0.0,0.0
2024-10-15 00:00:00-04:00,4.407457211592015,4.520662157337495,4.301798734420607,4.430098056793213,56300,0.0,0.0
2024-10-16 00:00:00-04:00,4.482927420964155,4.64896160994664,4.3923633178828,4.543303489685059,69000,0.0,0.0
2024-10-17 00:00:00-04:00,4.60367931389172,4.654244250766345,4.384815896468013,4.505568027496338,70300,0.0,0.0
2024-10-18 00:00:00-04:00,4.460285848780134,4.656508415870225,4.439154298438041,4.603679180145264,70600,0.0,0.0
2024-10-21 00:00:00-04:00,4.633867518138707,4.765940436240986,4.513115382641594,4.535756587982178,49000,0.0,0.0
2024-10-22 00:00:00-04:00,4.513115320208287,4.701790709247313,4.437645236566627,4.641414642333984,54600,0.0,0.0
2024-10-23 00:00:00-04:00,4.679149504219943,4.769713964459681,4.430098048267587,4.641414642333984,71300,0.0,0.0
2024-10-24 00:00:00-04:00,4.6036792884568465,4.747072623195616,4.550850411358697,4.73952579498291,38500,0.0,0.0
2024-10-25 00:00:00-04:00,4.739526008552453,4.8225429219817535,4.671602752228706,4.724431991577148,42500,0.0,0.0
2024-10-28 00:00:00-04:00,4.74707272418846,4.852730840502344,4.7017906743396525,4.799901962280273,50700,0.0,0.0
2024-10-29 00:00:00-04:00,4.814996001991009,4.8678248804664666,4.626320613447817,4.777260780334473,75400,0.0,0.0
2024-10-30 00:00:00-04:00,5.282910948282183,5.282910948282183,4.792354859682031,4.996124267578125,871100,0.0,0.0
2024-10-31 00:00:00-04:00,5.207440809451062,5.207440809451062,4.543303353664952,4.641414642333984,262900,0.0,0.0
2024-11-01 00:00:00-04:00,4.641414711070522,4.905560187663044,4.475380164730251,4.5923590660095215,194400,0.0,0.0
2024-11-04 00:00:00-05:00,4.648961227965348,4.877635767385122,4.490473880660191,4.603679180145264,121600,0.0,0.0
2024-11-05 00:00:00-05:00,4.558397467715847,4.7576386367315635,4.4527393483617015,4.701790809631348,88700,0.0,0.0
2024-11-06 00:00:00-05:00,4.754619783479898,4.754619783479898,4.422551067058374,4.475379943847656,140800,0.0,0.0
2024-11-07 00:00:00-05:00,4.33953395624893,4.475380107065353,4.33953395624893,4.430098056793213,77800,0.0,0.0
2024-11-08 00:00:00-05:00,4.369722165577257,4.845184252369334,4.369722165577257,4.762166976928711,102100,0.0,0.0
2024-11-11 00:00:00-05:00,4.943295389881476,4.943295389881476,4.603679470040526,4.671602725982666,54000,0.0,0.0
2024-11-12 00:00:00-05:00,4.7772609359134375,4.7772609359134375,4.49047424961939,4.543303489685059,106900,0.0,0.0
2024-11-13 00:00:00-05:00,4.543303353664952,4.7244319142746845,4.452739253294959,4.641414642333984,117300,0.0,0.0
2024-11-14 00:00:00-05:00,4.641414856352549,4.996124445759112,4.452739458613582,4.626320838928223,686100,0.0,0.0
2024-11-15 00:00:00-05:00,4.543303353664952,5.131970725809401,4.52820933693662,4.641414642333984,358500,0.0,0.0
2024-11-18 00:00:00-05:00,4.701790746057632,4.898012965062175,4.547076983413535,4.807448863983154,280900,0.0,0.0
2024-11-19 00:00:00-05:00,4.807448962655295,4.9282014597754955,4.648961602579208,4.867825031280518,261800,0.0,0.0
2024-11-20 00:00:00-05:00,4.920654048297298,4.920654048297298,4.5055680555026765,4.55839729309082,130600,0.0,0.0
2024-11-21 00:00:00-05:00,4.565944421589346,4.7244317724127605,4.490473980344113,4.664055347442627,81000,0.0,0.0
2024-11-22 00:00:00-05:00,4.70179054559138,4.75461978223658,4.633867292743227,4.686696529388428,37900,0.0,0.0
2024-11-25 00:00:00-05:00,4.731978832694298,4.747072849709681,4.463305113898639,4.513115406036377,106600,0.0,0.0
2024-11-26 00:00:00-05:00,4.528209322133964,4.528209322133964,4.347081121986083,4.452739238739014,112000,0.0,0.0
2024-11-27 00:00:00-05:00,4.430097945603635,4.543303248377558,4.384815896468013,4.505568027496338,81800,0.0,0.0
2024-11-29 00:00:00-05:00,4.513115429667075,4.588585515139149,4.4527393612894155,4.490474224090576,32200,0.0,0.0
2024-12-02 00:00:00-05:00,4.535756684868572,4.5772651423649116,4.437645392746578,4.520662307739258,99800,0.0,0.0
2024-12-03 00:00:00-05:00,4.528209105978668,4.550850309851241,4.3772689463939365,4.467833042144775,95300,0.0,0.0
2024-12-04 00:00:00-05:00,4.528209310182889,4.8074487979420955,4.498021276904582,4.588585376739502,108300,0.0,0.0
2024-12-05 00:00:00-05:00,4.611226373685134,4.664055249604926,4.3772689463939365,4.467833042144775,137300,0.0,0.0
2024-12-06 00:00:00-05:00,4.49802116841653,4.769713821238059,4.415003898968615,4.664055347442627,204600,0.0,0.0
2024-12-09 00:00:00-05:00,4.6263207378100635,4.784808097236295,4.437645344195001,4.490474224090576,161000,0.0,0.0
2024-12-10 00:00:00-05:00,4.5055680371951405,4.6097168583921855,4.327458787492854,4.36972188949585,131000,0.0,0.0
2024-12-11 00:00:00-05:00,4.422551177957494,4.513115277469861,4.3319867185753855,4.399909973144531,193900,0.0,0.0
2024-12-12 00:00:00-05:00,4.392363285103471,4.3999101137023855,4.298025588463644,4.377269268035889,105200,0.0,0.0
2024-12-13 00:00:00-05:00,4.415004204377231,4.415004204377231,4.2489700138656925,4.3848161697387695,115800,0.0,0.0
2024-12-16 00:00:00-05:00,4.437645167296155,4.671602602868163,4.301798658991948,4.614999771118164,353400,0.0,0.0
2024-12-17 00:00:00-05:00,4.619999885559082,4.639999866485596,4.139999866485596,4.289999961853027,315300,1.5,0.0
2024-12-18 00:00:00-05:00,4.300000190734863,4.460000038146973,4.105000019073486,4.110000133514404,286400,0.0,0.0
2024-12-19 00:00:00-05:00,4.190000057220459,4.239999771118164,3.930000066757202,4.090000152587891,123000,0.0,0.0
2024-12-20 00:00:00-05:00,4.019999980926514,4.182000160217285,4.019999980926514,4.03000020980835,80600,0.0,0.0
2024-12-23 00:00:00-05:00,4.019999980926514,4.079999923706055,3.9100000858306885,3.9600000381469727,140500,0.0,0.0
2024-12-24 00:00:00-05:00,3.940000057220459,4.098999977111816,3.930000066757202,4.070000171661377,80700,0.0,0.0
2024-12-26 00:00:00-05:00,4.090000152587891,4.22599983215332,4.03000020980835,4.119999885559082,87400,0.0,0.0
2024-12-27 00:00:00-05:00,4.170000076293945,4.203999996185303,4.03000020980835,4.079999923706055,53200,0.0,0.0
2024-12-30 00:00:00-05:00,4.099999904632568,4.269999980926514,4.03000020980835,4.150000095367432,78700,0.0,0.0
2024-12-31 00:00:00-05:00,4.199999809265137,4.260000228881836,4.090000152587891,4.130000114440918,44500,0.0,0.0
2025-01-02 00:00:00-05:00,4.059999942779541,4.21999979019165,4.050000190734863,4.119999885559082,60300,0.0,0.0
2025-01-03 00:00:00-05:00,4.150000095367432,4.199999809265137,4.077000141143799,4.170000076293945,45600,0.0,0.0
2025-01-06 00:00:00-05:00,4.159999847412109,4.429999828338623,4.119999885559082,4.340000152587891,121500,0.0,0.0
2025-01-07 00:00:00-05:00,4.340000152587891,4.38700008392334,4.059999942779541,4.139999866485596,86600,0.0,0.0
2025-01-08 00:00:00-05:00,4.090000152587891,4.199999809265137,3.9200000762939453,4.050000190734863,118100,0.0,0.0
2025-01-10 00:00:00-05:00,4.050000190734863,4.105999946594238,3.9200000762939453,4.050000190734863,66900,0.0,0.0
2025-01-13 00:00:00-05:00,4.0,4.073999881744385,3.9000000953674316,3.950000047683716,88800,0.0,0.0
2025-01-14 00:00:00-05:00,3.9800000190734863,4.052999973297119,3.9100000858306885,3.9700000286102295,73700,0.0,0.0
2025-01-15 00:00:00-05:00,4.059999942779541,4.059999942779541,3.9200000762939453,4.019999980926514,41600,0.0,0.0
2025-01-16 00:00:00-05:00,4.050000190734863,4.072999954223633,3.9000000953674316,4.019999980926514,82100,0.0,0.0
2025-01-17 00:00:00-05:00,4.039999961853027,4.065000057220459,3.950000047683716,4.0,34200,0.0,0.0
2025-01-21 00:00:00-05:00,4.03000020980835,4.119999885559082,3.880000114440918,4.119999885559082,62300,0.0,0.0
2025-01-22 00:00:00-05:00,4.110000133514404,4.110000133514404,4.0,4.0,18900,0.0,0.0
2025-01-23 00:00:00-05:00,3.9800000190734863,4.050000190734863,3.9549999237060547,4.050000190734863,18700,0.0,0.0
2025-01-24 00:00:00-05:00,4.059999942779541,4.079999923706055,3.9000000953674316,3.950000047683716,39000,0.0,0.0
2025-01-27 00:00:00-05:00,3.930000066757202,3.9489998817443848,3.759999990463257,3.859999895095825,62600,0.0,0.0
2025-01-28 00:00:00-05:00,3.8399999141693115,3.880000114440918,3.763000011444092,3.8499999046325684,25500,0.0,0.0
2025-01-29 00:00:00-05:00,3.9000000953674316,3.9100000858306885,3.7200000286102295,3.7699999809265137,51100,0.0,0.0
2025-01-30 00:00:00-05:00,3.7699999809265137,3.8499999046325684,3.680000066757202,3.7100000381469727,64200,0.0,0.0
2025-01-31 00:00:00-05:00,3.759999990463257,3.7799999713897705,3.6019999980926514,3.6700000762939453,52000,0.0,0.0
2025-02-03 00:00:00-05:00,3.5999999046325684,3.760999917984009,3.5199999809265137,3.6700000762939453,39800,0.0,0.0
2025-02-04 00:00:00-05:00,3.6700000762939453,3.7200000286102295,3.5999999046325684,3.6700000762939453,30800,0.0,0.0
2025-02-05 00:00:00-05:00,3.680000066757202,3.8299999237060547,3.5399999618530273,3.75,83200,0.0,0.0
2025-02-06 00:00:00-05:00,3.7699999809265137,3.7750000953674316,3.640000104904175,3.6700000762939453,19900,0.0,0.0
2025-02-07 00:00:00-05:00,3.630000114440918,3.7100000381469727,3.575000047683716,3.6500000953674316,39900,0.0,0.0
2025-02-10 00:00:00-05:00,3.6500000953674316,3.75,3.4600000381469727,3.630000114440918,212800,0.0,0.0
2025-02-11 00:00:00-05:00,3.640000104904175,3.6540000438690186,3.5199999809265137,3.569999933242798,50900,0.0,0.0
2025-02-12 00:00:00-05:00,3.5399999618530273,3.625,3.4800000190734863,3.4800000190734863,44900,0.0,0.0
2025-02-13 00:00:00-05:00,3.490000009536743,3.5399999618530273,3.3499999046325684,3.5399999618530273,87800,0.0,0.0
2025-02-14 00:00:00-05:00,3.559999942779541,3.634000062942505,3.490000009536743,3.609999895095825,30000,0.0,0.0
2025-02-18 00:00:00-05:00,3.619999885559082,3.880000114440918,3.619999885559082,3.759999990463257,76900,0.0,0.0
2025-02-19 00:00:00-05:00,3.9200000762939453,4.300000190734863,3.9149999618530273,4.099999904632568,173300,0.0,0.0
2025-02-20 00:00:00-05:00,4.170000076293945,4.170000076293945,3.7799999713897705,3.8499999046325684,85200,0.0,0.0
2025-02-21 00:00:00-05:00,3.9000000953674316,4.079999923706055,3.700000047683716,3.799999952316284,60600,0.0,0.0
2025-02-24 00:00:00-05:00,3.7699999809265137,3.859999895095825,3.569999933242798,3.6600000858306885,29800,0.0,0.0
2025-02-25 00:00:00-05:00,3.6700000762939453,3.700000047683716,3.5199999809265137,3.609999895095825,23100,0.0,0.0
2025-02-26 00:00:00-05:00,3.619999885559082,3.6700000762939453,3.5299999713897705,3.549999952316284,32700,0.0,0.0
2025-02-27 00:00:00-05:00,3.569999933242798,3.569999933242798,3.450000047683716,3.450000047683716,27200,0.0,0.0
2025-02-28 00:00:00-05:00,3.4100000858306885,3.5,3.359999895095825,3.5,38100,0.0,0.0
2025-03-03 00:00:00-05:00,3.5,3.5480000972747803,3.109999895095825,3.240000009536743,132500,0.0,0.0
2025-03-04 00:00:00-05:00,3.240000009536743,3.359999895095825,3.0199999809265137,3.2929999828338623,155600,0.0,0.0
2025-03-05 00:00:00-05:00,3.2799999713897705,3.315999984741211,3.130000114440918,3.180000066757202,37900,0.0,0.0
2025-03-06 00:00:00-05:00,3.1500000953674316,3.200000047683716,3.065000057220459,3.130000114440918,51400,0.0,0.0
2025-03-07 00:00:00-05:00,3.1700000762939453,3.2149999141693115,3.0299999713897705,3.190000057220459,49200,0.0,0.0
2025-03-10 00:00:00-04:00,3.200000047683716,3.240000009536743,3.0299999713897705,3.049999952316284,58700,0.0,0.0
2025-03-11 00:00:00-04:00,3.059999942779541,3.130000114440918,2.990000009536743,3.069999933242798,47900,0.0,0.0
2025-03-12 00:00:00-04:00,3.140000104904175,3.2149999141693115,3.062000036239624,3.190000057220459,29300,0.0,0.0
2025-03-13 00:00:00-04:00,3.1500000953674316,3.3299999237060547,3.049999952316284,3.25,44700,0.0,0.0
2025-03-14 00:00:00-04:00,3.259999990463257,3.259999990463257,3.061000108718872,3.2100000381469727,18600,0.0,0.0
2025-03-17 00:00:00-04:00,3.2100000381469727,3.299999952316284,3.1110000610351562,3.2899999618530273,42900,0.0,0.0
2025-03-18 00:00:00-04:00,3.25,3.2899999618530273,3.188999891281128,3.2899999618530273,25100,0.0,0.0
2025-03-19 00:00:00-04:00,3.2899999618530273,3.5199999809265137,3.259999990463257,3.509999990463257,35900,0.0,0.0
2025-03-20 00:00:00-04:00,3.4700000286102295,3.5199999809265137,3.4089999198913574,3.4700000286102295,20300,0.0,0.0
2025-03-21 00:00:00-04:00,3.440000057220459,3.569999933242798,3.3299999237060547,3.490000009536743,28900,0.0,0.0
2025-03-24 00:00:00-04:00,3.5889999866485596,3.5889999866485596,3.4140000343322754,3.440000057220459,14900,0.0,0.0
2025-03-25 00:00:00-04:00,3.450000047683716,3.5,3.3499999046325684,3.4000000953674316,31100,0.0,0.0
2025-03-26 00:00:00-04:00,3.369999885559082,3.4000000953674316,3.1500000953674316,3.240000009536743,31500,0.0,0.0
2025-03-27 00:00:00-04:00,3.2100000381469727,3.3299999237060547,3.0999999046325684,3.1600000858306885,30000,0.0,0.0
2025-03-28 00:00:00-04:00,3.2799999713897705,3.2799999713897705,3.0,3.109999895095825,27100,0.0,0.0
2025-03-31 00:00:00-04:00,3.109999895095825,3.109999895095825,2.950000047683716,2.990000009536743,58100,0.0,0.0
2025-04-01 00:00:00-04:00,2.990000009536743,3.0799999237060547,2.859999895095825,2.990000009536743,38600,0.0,0.0
2025-04-02 00:00:00-04:00,2.9700000286102295,3.0399999618530273,2.9000000953674316,2.9000000953674316,20800,0.0,0.0
2025-04-03 00:00:00-04:00,2.8499999046325684,3.010999917984009,2.7899999618530273,2.8499999046325684,94400,0.0,0.0
2025-04-04 00:00:00-04:00,2.7300000190734863,2.7899999618530273,2.4200000762939453,2.440000057220459,168800,0.0,0.0
2025-04-07 00:00:00-04:00,2.4100000858306885,2.5510001182556152,2.2799999713897705,2.4600000381469727,46100,0.0,0.0
2025-04-08 00:00:00-04:00,2.549999952316284,2.680000066757202,2.25,2.2799999713897705,94100,0.0,0.0
2025-04-09 00:00:00-04:00,2.2899999618530273,2.5799999237060547,2.2899999618530273,2.490000009536743,69200,0.0,0.0
2025-04-10 00:00:00-04:00,2.4600000381469727,2.492000102996826,2.3929998874664307,2.4200000762939453,36900,0.0,0.0
2025-04-11 00:00:00-04:00,2.4600000381469727,2.549999952316284,2.430000066757202,2.5299999713897705,48900,0.0,0.0
2025-04-14 00:00:00-04:00,2.5799999237060547,2.740999937057495,2.5,2.700000047683716,117700,0.0,0.0
2025-04-15 00:00:00-04:00,2.75,2.880000114440918,2.569999933242798,2.7200000286102295,161400,0.0,0.0
2025-04-16 00:00:00-04:00,2.809999942779541,3.0759999752044678,2.609999895095825,2.640000104904175,186000,0.0,0.0
2025-04-17 00:00:00-04:00,2.6500000953674316,2.819999933242798,2.630000114440918,2.700000047683716,54600,0.0,0.0
2025-04-21 00:00:00-04:00,2.690000057220459,2.7300000190734863,2.569999933242798,2.569999933242798,32100,0.0,0.0
2025-04-22 00:00:00-04:00,2.5899999141693115,2.765000104904175,2.5899999141693115,2.75,42100,0.0,0.0
2025-04-23 00:00:00-04:00,2.75,2.865000009536743,2.7300000190734863,2.7899999618530273,30000,0.0,0.0
2025-04-24 00:00:00-04:00,2.805000066757202,2.8310000896453857,2.7330000400543213,2.799999952316284,36100,0.0,0.0
2025-04-25 00:00:00-04:00,2.8299999237060547,2.878000020980835,2.700000047683716,2.75,25800,0.0,0.0
2025-04-28 00:00:00-04:00,2.75,2.8299999237060547,2.7100000381469727,2.75,31500,0.0,0.0
2025-04-29 00:00:00-04:00,2.7799999713897705,2.7799999713897705,2.5999999046325684,2.75,31600,0.0,0.0
2025-04-30 00:00:00-04:00,2.746000051498413,2.746000051498413,2.619999885559082,2.6700000762939453,11600,0.0,0.0
2025-05-01 00:00:00-04:00,2.7170000076293945,2.7170000076293945,2.619999885559082,2.700000047683716,23000,0.0,0.0
2025-05-02 00:00:00-04:00,2.75,2.75,2.630000114440918,2.7200000286102295,26700,0.0,0.0
2025-05-05 00:00:00-04:00,2.6500000953674316,2.7200000286102295,2.5799999237060547,2.630000114440918,26300,0.0,0.0
2025-05-06 00:00:00-04:00,2.5799999237060547,2.6549999713897705,2.549999952316284,2.619999885559082,42100,0.0,0.0
2025-05-07 00:00:00-04:00,2.619999885559082,2.619999885559082,2.309999942779541,2.444999933242798,223300,0.0,0.0
2025-05-08 00:00:00-04:00,2.5,2.5,2.3399999141693115,2.4000000953674316,78200,0.0,0.0
2025-05-09 00:00:00-04:00,2.4100000858306885,2.509999990463257,2.359999895095825,2.4800000190734863,55800,0.0,0.0
2025-05-12 00:00:00-04:00,2.549999952316284,2.7300000190734863,2.499000072479248,2.6700000762939453,66800,0.0,0.0
2025-05-13 00:00:00-04:00,2.6700000762939453,2.819999933242798,2.609999895095825,2.7300000190734863,69300,0.0,0.0
2025-05-14 00:00:00-04:00,2.75,2.9700000286102295,2.6700000762939453,2.930000066757202,42100,0.0,0.0
2025-05-15 00:00:00-04:00,2.9800000190734863,2.990000009536743,2.819999933242798,2.880000114440918,35500,0.0,0.0
2025-05-16 00:00:00-04:00,2.944999933242798,3.1500000953674316,2.859999895095825,3.0199999809265137,67600,0.0,0.0
2025-05-19 00:00:00-04:00,2.9600000381469727,2.9700000286102295,2.7799999713897705,2.7799999713897705,30600,0.0,0.0
2025-05-20 00:00:00-04:00,2.799999952316284,2.869999885559082,2.7200000286102295,2.740000009536743,50800,0.0,0.0
2025-05-21 00:00:00-04:00,2.7300000190734863,2.7699999809265137,2.549999952316284,2.549999952316284,81700,0.0,0.0
2025-05-22 00:00:00-04:00,2.5799999237060547,2.7209999561309814,2.4600000381469727,2.569999933242798,38200,0.0,0.0
2025-05-23 00:00:00-04:00,2.569999933242798,2.7200000286102295,2.5,2.690000057220459,74800,0.0,0.0
2025-05-27 00:00:00-04:00,2.880000114440918,2.890000104904175,2.630000114440918,2.7100000381469727,61000,0.0,0.0
2025-05-28 00:00:00-04:00,2.7200000286102295,2.809999942779541,2.609999895095825,2.7100000381469727,43700,0.0,0.0
2025-05-29 00:00:00-04:00,2.7799999713897705,2.799999952316284,2.630000114440918,2.6700000762939453,24500,0.0,0.0
2025-05-30 00:00:00-04:00,2.630000114440918,2.7320001125335693,2.630000114440918,2.680000066757202,10700,0.0,0.0
2025-06-02 00:00:00-04:00,2.680000066757202,2.700000047683716,2.6600000858306885,2.680000066757202,19300,0.0,0.0
2025-06-03 00:00:00-04:00,2.690000057220459,2.7899999618530273,2.680000066757202,2.7200000286102295,24400,0.0,0.0
2025-06-04 00:00:00-04:00,2.740000009536743,2.7899999618530273,2.631999969482422,2.6600000858306885,22400,0.0,0.0
2025-06-05 00:00:00-04:00,2.6700000762939453,2.75,2.6579999923706055,2.75,20900,0.0,0.0
2025-06-06 00:00:00-04:00,2.7799999713897705,2.8499999046325684,2.75,2.7850000858306885,31800,0.0,0.0
2025-06-09 00:00:00-04:00,2.799999952316284,2.8499999046325684,2.690999984741211,2.7699999809265137,39700,0.0,0.0
2025-06-10 00:00:00-04:00,2.8499999046325684,2.8499999046325684,2.7100000381469727,2.7699999809265137,53100,0.0,0.0
2025-06-11 00:00:00-04:00,2.799999952316284,2.809999942779541,2.7100000381469727,2.7799999713897705,43200,0.0,0.0
2025-06-12 00:00:00-04:00,2.7899999618530273,2.8499999046325684,2.75,2.759999990463257,14900,0.0,0.0
2025-06-13 00:00:00-04:00,2.75,2.8410000801086426,2.6700000762939453,2.6700000762939453,27900,0.0,0.0
2025-06-16 00:00:00-04:00,2.700000047683716,2.76200008392334,2.678999900817871,2.7200000286102295,32200,0.0,0.0
2025-06-17 00:00:00-04:00,2.7100000381469727,2.757999897003174,2.690000057220459,2.690000057220459,16100,0.0,0.0
2025-06-18 00:00:00-04:00,2.680000066757202,2.746999979019165,2.680000066757202,2.7249999046325684,17600,0.0,0.0
2025-06-20 00:00:00-04:00,2.75,2.75,2.630000114440918,2.630000114440918,23500,0.0,0.0
2025-06-23 00:00:00-04:00,2.690000057220459,2.700000047683716,2.549999952316284,2.630000114440918,83600,0.0,0.0
2025-06-24 00:00:00-04:00,2.694999933242798,2.809999942779541,2.694999933242798,2.700000047683716,78300,0.0,0.0
2025-06-25 00:00:00-04:00,2.7300000190734863,2.7300000190734863,2.5929999351501465,2.700000047683716,37000,0.0,0.0
2025-06-26 00:00:00-04:00,2.700000047683716,2.7300000190734863,2.5899999141693115,2.680000066757202,81500,0.0,0.0
2025-06-27 00:00:00-04:00,2.700000047683716,2.759999990463257,2.619999885559082,2.640000104904175,56100,0.0,0.0
2025-06-30 00:00:00-04:00,2.6600000858306885,2.75,2.6510000228881836,2.75,20400,0.0,0.0
2025-07-01 00:00:00-04:00,2.7669999599456787,2.7799999713897705,2.640000104904175,2.7300000190734863,29700,0.0,0.0
2025-07-02 00:00:00-04:00,2.7100000381469727,2.75,2.7100000381469727,2.7100000381469727,14700,0.0,0.0
2025-07-03 00:00:00-04:00,2.7100000381469727,2.75,2.7100000381469727,2.744999885559082,15600,0.0,0.0
2025-07-07 00:00:00-04:00,2.75,2.759999990463257,2.6700000762939453,2.6700000762939453,39900,0.0,0.0
2025-07-08 00:00:00-04:00,2.7049999237060547,2.749000072479248,2.6500000953674316,2.680000066757202,31300,0.0,0.0
2025-07-09 00:00:00-04:00,2.690000057220459,2.75,2.6600000858306885,2.7100000381469727,50000,0.0,0.0
2025-07-10 00:00:00-04:00,2.740000009536743,2.7660000324249268,2.7100000381469727,2.75,45100,0.0,0.0
2025-07-11 00:00:00-04:00,2.75,2.819999933242798,2.7249999046325684,2.75,59000,0.0,0.0
2025-07-14 00:00:00-04:00,2.75,2.819000005722046,2.700000047683716,2.7200000286102295,26800,0.0,0.0
2025-07-15 00:00:00-04:00,2.75,2.75,2.700000047683716,2.7049999237060547,24300,0.0,0.0
2025-07-16 00:00:00-04:00,2.7300000190734863,3.0739998817443848,2.7300000190734863,2.9600000381469727,187900,0.0,0.0
2025-07-17 00:00:00-04:00,2.9700000286102295,3.240000009536743,2.9649999141693115,3.2300000190734863,142800,0.0,0.0
2025-07-18 00:00:00-04:00,3.25,3.3499999046325684,3.0899999141693115,3.140000104904175,82500,0.0,0.0
2025-07-21 00:00:00-04:00,3.25,3.75,3.240000009536743,3.6600000858306885,165900,0.0,0.0
2025-07-22 00:00:00-04:00,3.799999952316284,3.9000000953674316,3.6570000648498535,3.859999895095825,150100,0.0,0.0
2025-07-23 00:00:00-04:00,3.9200000762939453,3.940000057220459,3.509999990463257,3.609999895095825,138100,0.0,0.0
2025-07-24 00:00:00-04:00,3.609999895095825,3.6540000438690186,3.5299999713897705,3.5899999141693115,77000,0.0,0.0
2025-07-25 00:00:00-04:00,3.619999885559082,3.619999885559082,3.430000066757202,3.509999990463257,49200,0.0,0.0
2025-07-28 00:00:00-04:00,3.5299999713897705,3.566999912261963,3.3010001182556152,3.319999933242798,37300,0.0,0.0
2025-07-29 00:00:00-04:00,3.3299999237060547,3.440000057220459,3.25,3.2799999713897705,23000,0.0,0.0
2025-07-30 00:00:00-04:00,3.299999952316284,3.4200000762939453,3.0999999046325684,3.1500000953674316,54400,0.0,0.0
2025-07-31 00:00:00-04:00,3.1500000953674316,3.4000000953674316,3.049999952316284,3.119999885559082,23400,0.0,0.0
2025-08-01 00:00:00-04:00,3.0299999713897705,3.1500000953674316,2.8499999046325684,2.880000114440918,36300,0.0,0.0
2025-08-04 00:00:00-04:00,2.9600000381469727,3.11299991607666,2.9100000858306885,3.005000114440918,31900,0.0,0.0
2025-08-05 00:00:00-04:00,3.049999952316284,3.1600000858306885,2.9200000762939453,3.0199999809265137,26200,0.0,0.0
2025-08-06 00:00:00-04:00,3.0299999713897705,3.390000104904175,3.0299999713897705,3.2300000190734863,81200,0.0,0.0
2025-08-07 00:00:00-04:00,3.25,3.316999912261963,3.140000104904175,3.299999952316284,33700,0.0,0.0
2025-08-08 00:00:00-04:00,3.309999942779541,3.4579999446868896,3.2100000381469727,3.2100000381469727,24400,0.0,0.0
2025-08-11 00:00:00-04:00,3.2300000190734863,3.3499999046325684,3.0399999618530273,3.200000047683716,38600,0.0,0.0
2025-08-12 00:00:00-04:00,3.180000066757202,3.244999885559082,3.0999999046325684,3.1500000953674316,22100,0.0,0.0
2025-08-13 00:00:00-04:00,3.25,3.2899999618530273,3.140000104904175,3.240000009536743,20800,0.0,0.0
2025-08-14 00:00:00-04:00,3.1600000858306885,3.25,3.049999952316284,3.109999895095825,1199400,0.0,0.0
2025-08-15 00:00:00-04:00,4.840000152587891,5.699999809265137,4.099999904632568,4.349999904632568,97126800,0.0,0.0
2025-08-18 00:00:00-04:00,4.210000038146973,4.300000190734863,3.5199999809265137,3.759999990463257,1711300,0.0,0.0
2025-08-19 00:00:00-04:00,3.759999990463257,3.9809999465942383,3.6600000858306885,3.759999990463257,565200,0.0,0.0
2025-08-20 00:00:00-04:00,3.6600000858306885,3.8299999237060547,3.559999942779541,3.7200000286102295,233300,0.0,0.0
2025-08-21 00:00:00-04:00,3.6500000953674316,3.7200000286102295,3.559999942779541,3.619999885559082,188000,0.0,0.0
2025-08-22 00:00:00-04:00,3.609999895095825,3.7960000038146973,3.5929999351501465,3.740000009536743,270900,0.0,0.0
2025-08-25 00:00:00-04:00,3.75,3.7799999713897705,3.619999885559082,3.6600000858306885,193500,0.0,0.0
2025-08-26 00:00:00-04:00,3.5799999237060547,3.7130000591278076,3.569999933242798,3.6500000953674316,130400,0.0,0.0
2025-08-27 00:00:00-04:00,3.619999885559082,3.6579999923706055,3.4100000858306885,3.440000057220459,230600,0.0,0.0
2025-08-28 00:00:00-04:00,3.430000066757202,4.019999980926514,3.430000066757202,3.9700000286102295,848600,0.0,0.0
2025-08-29 00:00:00-04:00,4.059999942779541,4.085000038146973,3.7799999713897705,3.7899999618530273,215000,0.0,0.0
2025-09-02 00:00:00-04:00,3.75,3.8499999046325684,3.680999994277954,3.819999933242798,134400,0.0,0.0
2025-09-03 00:00:00-04:00,3.8399999141693115,4.0,3.7100000381469727,3.799999952316284,229900,0.0,0.0
2025-09-04 00:00:00-04:00,3.799999952316284,3.869999885559082,3.6500000953674316,3.6700000762939453,247900,0.0,0.0
2025-09-05 00:00:00-04:00,3.6600000858306885,3.9700000286102295,3.6589999198913574,3.8499999046325684,224800,0.0,0.0
2025-09-08 00:00:00-04:00,3.8499999046325684,3.865000009536743,3.7750000953674316,3.809999942779541,101000,0.0,0.0
2025-09-09 00:00:00-04:00,4.0,4.235000133514404,3.930000066757202,4.139999866485596,569000,0.0,0.0
2025-09-10 00:00:00-04:00,4.070000171661377,4.239999771118164,4.039999961853027,4.199999809265137,134300,0.0,0.0
2025-09-11 00:00:00-04:00,4.110000133514404,4.599999904632568,4.110000133514404,4.539999961853027,442200,0.0,0.0
2025-09-12 00:00:00-04:00,4.489999771118164,4.619999885559082,4.361999988555908,4.53000020980835,157200,0.0,0.0
2025-09-15 00:00:00-04:00,4.519999980926514,4.635000228881836,4.5,4.565000057220459,124000,0.0,0.0
2025-09-16 00:00:00-04:00,4.559999942779541,4.640999794006348,4.449999809265137,4.489999771118164,191200,0.0,0.0
2025-09-17 00:00:00-04:00,4.5,4.570000171661377,4.409999847412109,4.5,87700,0.0,0.0
2025-09-18 00:00:00-04:00,4.519999980926514,4.564000129699707,4.429999828338623,4.449999809265137,82700,0.0,0.0
2025-09-19 00:00:00-04:00,4.400000095367432,4.46999979019165,4.309999942779541,4.449999809265137,130500,0.0,0.0
2025-09-22 00:00:00-04:00,4.440000057220459,4.519999980926514,4.349999904632568,4.460000038146973,149100,0.0,0.0
2025-09-23 00:00:00-04:00,4.460000038146973,4.5,4.320000171661377,4.389999866485596,85000,0.0,0.0
2025-09-24 00:00:00-04:00,4.389999866485596,4.440000057220459,4.309999942779541,4.389999866485596,139300,0.0,0.0
2025-09-25 00:00:00-04:00,4.369999885559082,4.379000186920166,4.03000020980835,4.179999828338623,174300,0.0,0.0
2025-09-26 00:00:00-04:00,4.210000038146973,4.390999794006348,4.182000160217285,4.329999923706055,52200,0.0,0.0
2025-09-29 00:00:00-04:00,4.309999942779541,4.427999973297119,4.190000057220459,4.420000076293945,87100,0.0,0.0
2025-09-30 00:00:00-04:00,4.400000095367432,4.415999889373779,4.260000228881836,4.320000171661377,117400,0.0,0.0
2025-10-01 00:00:00-04:00,4.289999961853027,4.480000019073486,4.229000091552734,4.380000114440918,79500,0.0,0.0
2025-10-02 00:00:00-04:00,4.360000133514404,4.449999809265137,4.290999889373779,4.309999942779541,75700,0.0,0.0
2025-10-03 00:00:00-04:00,4.300000190734863,4.440000057220459,4.260000228881836,4.28000020980835,161700,0.0,0.0
2025-10-06 00:00:00-04:00,4.340000152587891,4.5289998054504395,4.25,4.460000038146973,237300,0.0,0.0
2025-10-07 00:00:00-04:00,4.480000019073486,4.519999980926514,4.400000095367432,4.420000076293945,79400,0.0,0.0
2025-10-08 00:00:00-04:00,4.46999979019165,4.5,4.38100004196167,4.460000038146973,64900,0.0,0.0
2025-10-09 00:00:00-04:00,4.46999979019165,4.510000228881836,4.349999904632568,4.460000038146973,50700,0.0,0.0
2025-10-10 00:00:00-04:00,4.489999771118164,4.590000152587891,4.394999980926514,4.539999961853027,152000,0.0,0.0
2025-10-13 00:00:00-04:00,4.579999923706055,4.900000095367432,4.539999961853027,4.789999961853027,296900,0.0,0.0
2025-10-14 00:00:00-04:00,4.789999961853027,5.0,4.539999961853027,4.960000038146973,191600,0.0,0.0
2025-10-15 00:00:00-04:00,5.0,5.0,4.650000095367432,4.920000076293945,161500,0.0,0.0
2025-10-16 00:00:00-04:00,4.940000057220459,5.065999984741211,4.71999979019165,4.739999771118164,144900,0.0,0.0
2025-10-17 00:00:00-04:00,4.730000019073486,4.730000019073486,4.25,4.380000114440918,183700,0.0,0.0
2025-10-20 00:00:00-04:00,4.460000038146973,4.630000114440918,4.409999847412109,4.570000171661377,92300,0.0,0.0
2025-10-21 00:00:00-04:00,4.550000190734863,4.5920000076293945,4.414000034332275,4.449999809265137,80700,0.0,0.0
2025-10-22 00:00:00-04:00,4.460000038146973,4.460000038146973,4.25,4.309999942779541,71600,0.0,0.0
2025-10-23 00:00:00-04:00,4.349999904632568,4.505000114440918,4.300000190734863,4.420000076293945,85600,0.0,0.0
2025-10-24 00:00:00-04:00,4.5,4.565000057220459,4.409999847412109,4.5,97700,0.0,0.0
2025-10-27 00:00:00-04:00,4.550000190734863,4.650000095367432,4.400000095367432,4.440000057220459,75000,0.0,0.0
2025-10-28 00:00:00-04:00,4.440000057220459,4.7210001945495605,4.329999923706055,4.510000228881836,249300,0.0,0.0
2025-10-29 00:00:00-04:00,4.599999904632568,4.671000003814697,4.349999904632568,4.409999847412109,93200,0.0,0.0
2025-10-30 00:00:00-04:00,4.5,4.565000057220459,4.360000133514404,4.46999979019165,122900,0.0,0.0
2025-10-31 00:00:00-04:00,4.46999979019165,4.599999904632568,4.409999847412109,4.599999904632568,33400,0.0,0.0
2025-11-03 00:00:00-05:00,4.619999885559082,4.78000020980835,4.548999786376953,4.630000114440918,86400,0.0,0.0
2025-11-04 00:00:00-05:00,4.570000171661377,4.570000171661377,4.260000228881836,4.269999980926514,101400,0.0,0.0
2025-11-05 00:00:00-05:00,4.269999980926514,4.449999809265137,4.25,4.380000114440918,92900,0.0,0.0
2025-11-06 00:00:00-05:00,4.349999904632568,4.440000057220459,3.890000104904175,3.9100000858306885,110100,0.0,0.0
2025-11-07 00:00:00-05:00,3.950000047683716,4.198999881744385,3.799999952316284,4.170000076293945,145200,0.0,0.0
2025-11-10 00:00:00-05:00,4.309999942779541,4.501999855041504,4.230000019073486,4.349999904632568,64700,0.0,0.0
2025-11-11 00:00:00-05:00,4.349999904632568,4.394999980926514,4.199999809265137,4.269999980926514,50300,0.0,0.0
2025-11-12 00:00:00-05:00,4.230000019073486,4.489999771118164,4.179999828338623,4.199999809265137,67100,0.0,0.0
2025-11-13 00:00:00-05:00,4.170000076293945,4.270999908447266,3.880000114440918,3.9100000858306885,131700,0.0,0.0
2025-11-14 00:00:00-05:00,3.4100000858306885,3.759999990463257,3.4000000953674316,3.640000104904175,185700,0.0,0.0
2025-11-17 00:00:00-05:00,3.640000104904175,3.7149999141693115,3.380000114440918,3.4200000762939453,147000,0.0,0.0
2025-11-18 00:00:00-05:00,3.4000000953674316,3.510999917984009,3.25,3.440000057220459,83400,0.0,0.0
2025-11-19 00:00:00-05:00,3.4600000381469727,3.5399999618530273,3.4100000858306885,3.4600000381469727,42400,0.0,0.0
2025-11-20 00:00:00-05:00,3.549999952316284,3.630000114440918,3.369999885559082,3.369999885559082,63300,0.0,0.0
2025-11-21 00:00:00-05:00,3.380000114440918,3.569999933242798,3.3399999141693115,3.569999933242798,53500,0.0,0.0
2025-11-24 00:00:00-05:00,3.5799999237060547,3.619999885559082,3.440000057220459,3.4800000190734863,48200,0.0,0.0
2025-11-25 00:00:00-05:00,3.4800000190734863,3.634999990463257,3.453000068664551,3.630000114440918,48100,0.0,0.0
2025-11-26 00:00:00-05:00,3.630000114440918,3.819999933242798,3.630000114440918,3.680000066757202,39900,0.0,0.0
2025-11-28 00:00:00-05:00,3.700000047683716,3.8399999141693115,3.700000047683716,3.809999942779541,23300,0.0,0.0
2025-12-01 00:00:00-05:00,3.7100000381469727,3.950000047683716,3.690000057220459,3.7100000381469727,97700,0.0,0.0
2025-12-02 00:00:00-05:00,3.7300000190734863,3.940000057220459,3.7300000190734863,3.8299999237060547,41400,0.0,0.0
2025-12-03 00:00:00-05:00,3.869999885559082,4.110000133514404,3.680000066757202,4.110000133514404,40800,0.0,0.0
2025-12-04 00:00:00-05:00,4.110000133514404,4.340000152587891,4.03000020980835,4.239999771118164,92200,0.0,0.0
2025-12-05 00:00:00-05:00,4.269999980926514,4.329999923706055,4.210000038146973,4.329999923706055,40400,0.0,0.0
2025-12-08 00:00:00-05:00,4.329999923706055,4.373000144958496,4.099999904632568,4.230000019073486,116000,0.0,0.0
2025-12-09 00:00:00-05:00,4.230000019073486,4.260000228881836,4.0,4.150000095367432,74900,0.0,0.0
2025-12-10 00:00:00-05:00,4.099999904632568,4.239999771118164,4.03000020980835,4.170000076293945,35300,0.0,0.0
2025-12-11 00:00:00-05:00,4.150000095367432,4.239999771118164,4.079999923706055,4.119999885559082,62400,0.0,0.0
2025-12-12 00:00:00-05:00,4.150000095367432,4.204999923706055,4.050000190734863,4.139999866485596,29600,0.0,0.0
2025-12-15 00:00:00-05:00,4.099999904632568,4.099999904632568,3.821000099182129,3.869999885559082,50800,0.0,0.0
2025-12-16 00:00:00-05:00,3.809999942779541,3.990000009536743,3.809999942779541,3.880000114440918,23600,0.0,0.0
2025-12-17 00:00:00-05:00,3.9100000858306885,3.9100000858306885,3.7200000286102295,3.759999990463257,52700,0.0,0.0
2025-12-18 00:00:00-05:00,3.75,3.8299999237060547,3.619999885559082,3.619999885559082,46300,0.0,0.0
2025-12-19 00:00:00-05:00,3.6500000953674316,3.755000114440918,3.640000104904175,3.75,27400,0.0,0.0
2025-12-22 00:00:00-05:00,3.819999933242798,4.190000057220459,3.690000057220459,4.090000152587891,130000,0.0,0.0
2025-12-23 00:00:00-05:00,4.070000171661377,4.070000171661377,3.944999933242798,4.03000020980835,23200,0.0,0.0
2025-12-24 00:00:00-05:00,4.010000228881836,4.050000190734863,3.8429999351501465,4.050000190734863,36400,0.0,0.0
2025-12-26 00:00:00-05:00,4.460000038146973,4.949999809265137,4.440000057220459,4.630000114440918,1413100,0.0,0.0
2025-12-29 00:00:00-05:00,4.599999904632568,4.71999979019165,4.340000152587891,4.570000171661377,182300,0.0,0.0
2025-12-30 00:00:00-05:00,4.590000152587891,4.730000019073486,4.409999847412109,4.579999923706055,200200,0.0,0.0
2025-12-31 00:00:00-05:00,4.659999847412109,4.75,4.539999961853027,4.730000019073486,142900,0.0,0.0
2026-01-02 00:00:00-05:00,4.75,4.980000019073486,4.610000133514404,4.690000057220459,296200,0.0,0.0
2026-01-05 00:00:00-05:00,4.699999809265137,4.980000019073486,4.693999767303467,4.900000095367432,226100,0.0,0.0
2026-01-06 00:00:00-05:00,4.949999809265137,5.139999866485596,4.829999923706055,5.110000133514404,231300,0.0,0.0
2026-01-07 00:00:00-05:00,5.130000114440918,5.130000114440918,4.75,4.820000171661377,163200,0.0,0.0
2026-01-08 00:00:00-05:00,4.820000171661377,5.239999771118164,4.695000171661377,5.21999979019165,165300,0.0,0.0
2026-01-09 00:00:00-05:00,5.21999979019165,5.25,4.949999809265137,5.070000171661377,144700,0.0,0.0
2026-01-12 00:00:00-05:00,5.150000095367432,5.389999866485596,5.03000020980835,5.03000020980835,154700,0.0,0.0
2026-01-13 00:00:00-05:00,5.139999866485596,5.139999866485596,4.861000061035156,4.929999828338623,99700,0.0,0.0
2026-01-14 00:00:00-05:00,4.900000095367432,4.900000095367432,4.710000038146973,4.739999771118164,114300,0.0,0.0
2026-01-15 00:00:00-05:00,4.800000190734863,4.96999979019165,4.699999809265137,4.820000171661377,86100,0.0,0.0
2026-01-16 00:00:00-05:00,4.860000133514404,4.860000133514404,4.650000095367432,4.75,148900,0.0,0.0
2026-01-20 00:00:00-05:00,4.5,4.940000057220459,4.480000019073486,4.650000095367432,366800,0.0,0.0
2026-01-21 00:00:00-05:00,4.71999979019165,4.940000057220459,4.480000019073486,4.650000095367432,205600,0.0,0.0
2026-01-22 00:00:00-05:00,4.730000019073486,5.239999771118164,4.670000076293945,5.059999942779541,271200,0.0,0.0
2026-01-23 00:00:00-05:00,5.090000152587891,5.090000152587891,4.679999828338623,4.679999828338623,178600,0.0,0.0
2026-01-26 00:00:00-05:00,4.710000038146973,4.989999771118164,4.599999904632568,4.639999866485596,193000,0.0,0.0
2026-01-27 00:00:00-05:00,4.630000114440918,4.78000020980835,4.559999942779541,4.679999828338623,66000,0.0,0.0
2026-01-28 00:00:00-05:00,4.710000038146973,4.84499979019165,4.610000133514404,4.699999809265137,94800,0.0,0.0
2026-01-29 00:00:00-05:00,4.690000057220459,4.860000133514404,4.53000020980835,4.679999828338623,170400,0.0,0.0
2026-01-30 00:00:00-05:00,4.619999885559082,4.659999847412109,4.25,4.269999980926514,168000,0.0,0.0
2026-02-02 00:00:00-05:00,4.25,4.550000190734863,4.195000171661377,4.260000228881836,178700,0.0,0.0
2026-02-03 00:00:00-05:00,4.449999809265137,4.699999809265137,4.373000144958496,4.570000171661377,165500,0.0,0.0
2026-02-04 00:00:00-05:00,4.559999942779541,4.670000076293945,4.079999923706055,4.159999847412109,172200,0.0,0.0
2026-02-05 00:00:00-05:00,4.150000095367432,4.275000095367432,3.869999885559082,3.890000104904175,147700,0.0,0.0
2026-02-06 00:00:00-05:00,4.03000020980835,4.309999942779541,4.03000020980835,4.170000076293945,93400,0.0,0.0
2026-02-09 00:00:00-05:00,4.480000019073486,4.480000019073486,4.119999885559082,4.170000076293945,65800,0.0,0.0
2026-02-10 00:00:00-05:00,4.199999809265137,4.429999828338623,4.150000095367432,4.179999828338623,67900,0.0,0.0
2026-02-11 00:00:00-05:00,4.239999771118164,4.267000198364258,4.039999961853027,4.130000114440918,67600,0.0,0.0
2026-02-12 00:00:00-05:00,4.150000095367432,4.260000228881836,3.9100000858306885,3.940000057220459,102200,0.0,0.0
2026-02-13 00:00:00-05:00,3.950000047683716,4.199999809265137,3.8949999809265137,4.099999904632568,83600,0.0,0.0
2026-02-17 00:00:00-05:00,4.079999923706055,4.184999942779541,3.7899999618530273,3.880000114440918,136000,0.0,0.0
2026-02-18 00:00:00-05:00,3.890000104904175,4.090000152587891,3.819999933242798,3.8299999237060547,51700,0.0,0.0
2026-02-19 00:00:00-05:00,3.8499999046325684,4.090000152587891,3.809999942779541,3.9800000190734863,53800,0.0,0.0
2026-02-20 00:00:00-05:00,3.9200000762939453,4.070000171661377,3.7799999713897705,3.7899999618530273,105500,0.0,0.0
2026-02-23 00:00:00-05:00,3.809999942779541,3.9100000858306885,3.7100000381469727,3.740000009536743,60000,0.0,0.0
2026-02-24 00:00:00-05:00,3.740000009536743,3.990000009536743,3.740000009536743,3.890000104904175,71300,0.0,0.0
2026-02-25 00:00:00-05:00,3.9600000381469727,4.150000095367432,3.799999952316284,3.9600000381469727,201800,0.0,0.0
2026-02-26 00:00:00-05:00,3.9600000381469727,4.03000020980835,3.819999933242798,3.859999895095825,50400,0.0,0.0
2026-02-27 00:00:00-05:00,3.799999952316284,3.8499999046325684,3.6500000953674316,3.690000057220459,76000,0.0,0.0
2026-03-02 00:00:00-05:00,3.630000114440918,3.7950000762939453,3.619999885559082,3.7200000286102295,53100,0.0,0.0
2026-03-03 00:00:00-05:00,3.619999885559082,3.680000066757202,3.5,3.5899999141693115,110000,0.0,0.0
2026-03-04 00:00:00-05:00,3.6700000762939453,3.7699999809265137,3.559999942779541,3.700000047683716,67900,0.0,0.0
2026-03-05 00:00:00-05:00,3.6600000858306885,3.7100000381469727,3.4800000190734863,3.490000009536743,70600,0.0,0.0
2026-03-06 00:00:00-05:00,3.4800000190734863,3.5399999618530273,3.309999942779541,3.319999933242798,85000,0.0,0.0
2026-03-09 00:00:00-04:00,3.200000047683716,3.440000057220459,3.180000066757202,3.4200000762939453,80500,0.0,0.0
2026-03-10 00:00:00-04:00,3.4800000190734863,3.640000104904175,3.450000047683716,3.450000047683716,61600,0.0,0.0
2026-03-11 00:00:00-04:00,3.4100000858306885,3.555000066757202,3.325000047683716,3.369999885559082,68800,0.0,0.0
2026-03-12 00:00:00-04:00,3.2799999713897705,3.555000066757202,3.259999990463257,3.2699999809265137,68200,0.0,0.0
2026-03-13 00:00:00-04:00,3.3299999237060547,3.4860000610351562,3.259999990463257,3.2899999618530273,66100,0.0,0.0
2026-03-16 00:00:00-04:00,3.3299999237060547,3.5999999046325684,3.3299999237060547,3.4700000286102295,96800,0.0,0.0
2026-03-17 00:00:00-04:00,3.4600000381469727,3.5999999046325684,3.4100000858306885,3.4800000190734863,89700,0.0,0.0
2026-03-18 00:00:00-04:00,3.4800000190734863,3.5899999141693115,3.3299999237060547,3.359999895095825,39900,0.0,0.0
2026-03-19 00:00:00-04:00,3.2799999713897705,3.3299999237060547,3.2249999046325684,3.2699999809265137,50100,0.0,0.0
2026-03-20 00:00:00-04:00,3.2799999713897705,3.499000072479248,3.069999933242798,3.1500000953674316,90000,0.0,0.0
2026-03-23 00:00:00-04:00,3.1700000762939453,3.5899999141693115,3.1700000762939453,3.4100000858306885,147000,0.0,0.0
2026-03-24 00:00:00-04:00,3.390000104904175,3.509999990463257,3.3559999465942383,3.380000114440918,63400,0.0,0.0
2026-03-25 00:00:00-04:00,3.380000114440918,3.506999969482422,3.299999952316284,3.3399999141693115,102200,0.0,0.0
2026-03-26 00:00:00-04:00,3.259999990463257,3.3949999809265137,3.25,3.259999990463257,53800,0.0,0.0
2026-03-27 00:00:00-04:00,3.2799999713897705,3.4159998893737793,3.130000114440918,3.180000066757202,71300,0.0,0.0
2026-03-30 00:00:00-04:00,3.240000009536743,3.2899999618530273,3.109999895095825,3.1500000953674316,56600,0.0,0.0
2026-03-31 00:00:00-04:00,3.240000009536743,3.319999933242798,3.140000104904175,3.25,47500,0.0,0.0
2026-04-01 00:00:00-04:00,3.2100000381469727,3.437999963760376,3.2100000381469727,3.390000104904175,51900,0.0,0.0
2026-04-02 00:00:00-04:00,3.25,3.434999942779541,3.1700000762939453,3.3399999141693115,24600,0.0,0.0
2026-04-06 00:00:00-04:00,3.3399999141693115,3.369999885559082,3.243000030517578,3.319999933242798,44800,0.0,0.0
2026-04-07 00:00:00-04:00,3.3299999237060547,3.3299999237060547,3.180000066757202,3.25,61700,0.0,0.0
2026-04-08 00:00:00-04:00,3.440000057220459,3.4800000190734863,3.2899999618530273,3.3499999046325684,137300,0.0,0.0
2026-04-09 00:00:00-04:00,2.9000000953674316,2.9809999465942383,2.430000066757202,2.5,533200,0.0,0.0
2026-04-10 00:00:00-04:00,2.5,2.5209999084472656,2.359999895095825,2.369999885559082,278000,0.0,0.0
2026-04-13 00:00:00-04:00,2.3499999046325684,2.609999895095825,2.3499999046325684,2.5,321500,0.0,0.0
2026-04-14 00:00:00-04:00,2.549999952316284,2.5910000801086426,2.450000047683716,2.5299999713897705,106500,0.0,0.0
2026-04-15 00:00:00-04:00,2.5899999141693115,2.5899999141693115,2.4600000381469727,2.5399999618530273,81700,0.0,0.0
2026-04-16 00:00:00-04:00,2.549999952316284,2.569999933242798,2.484999895095825,2.569999933242798,44400,0.0,0.0
2026-04-17 00:00:00-04:00,2.5899999141693115,2.890000104904175,2.559999942779541,2.8399999141693115,254400,0.0,0.0
2026-04-20 00:00:00-04:00,2.8399999141693115,2.9600000381469727,2.759999990463257,2.8299999237060547,53800,0.0,0.0
2026-04-21 00:00:00-04:00,2.8399999141693115,2.8499999046325684,2.7330000400543213,2.740000009536743,51400,0.0,0.0
2026-04-22 00:00:00-04:00,2.799999952316284,2.9000000953674316,2.7320001125335693,2.869999885559082,64500,0.0,0.0
2026-04-23 00:00:00-04:00,2.9600000381469727,3.0399999618530273,2.890000104904175,2.990000009536743,161900,0.0,0.0
2026-04-24 00:00:00-04:00,3.0399999618530273,3.380000114440918,2.9700000286102295,3.190000057220459,291600,0.0,0.0
2026-04-27 00:00:00-04:00,3.299999952316284,3.4800000190734863,3.2100000381469727,3.319999933242798,198100,0.0,0.0
2026-04-28 00:00:00-04:00,3.494999885559082,3.890000104904175,3.440000057220459,3.809999942779541,975800,0.0,0.0
2026-04-29 00:00:00-04:00,4.199999809265137,4.199999809265137,3.5199999809265137,3.6500000953674316,664700,0.0,0.0
2026-04-30 00:00:00-04:00,3.75,3.9600000381469727,3.630000114440918,3.880000114440918,293300,0.0,0.0
2026-05-01 00:00:00-04:00,3.869999885559082,3.869999885559082,3.549999952316284,3.680000066757202,311600,0.0,0.0
2026-05-04 00:00:00-04:00,3.700000047683716,4.139999866485596,3.700000047683716,3.869999885559082,234100,0.0,0.0
2026-05-05 00:00:00-04:00,4.054999828338623,4.449999809265137,4.0,4.25,622300,0.0,0.0
2026-05-06 00:00:00-04:00,4.400000095367432,4.480000019073486,4.25,4.340000152587891,324000,0.0,0.0
2026-05-07 00:00:00-04:00,4.329999923706055,4.340000152587891,3.9000000953674316,3.9600000381469727,243200,0.0,0.0
2026-05-08 00:00:00-04:00,4.045000076293945,4.440000057220459,3.950000047683716,4.190000057220459,226100,0.0,0.0
2026-05-11 00:00:00-04:00,4.239999771118164,4.539999961853027,4.085999965667725,4.320000171661377,351700,0.0,0.0
2026-05-12 00:00:00-04:00,4.320000171661377,4.360000133514404,3.884999990463257,4.119999885559082,215900,0.0,0.0
2026-05-13 00:00:00-04:00,4.170000076293945,4.389999866485596,4.0,4.21999979019165,228100,0.0,0.0
2026-05-14 00:00:00-04:00,4.28000020980835,4.300000190734863,4.010000228881836,4.159999847412109,266700,0.0,0.0
2026-05-15 00:00:00-04:00,4.019999980926514,4.091000080108643,3.7799999713897705,3.9800000190734863,196800,0.0,0.0
2026-05-18 00:00:00-04:00,3.700000047683716,4.199999809265137,3.4000000953674316,4.019999980926514,595500,0.0,0.0
2026-05-19 00:00:00-04:00,3.930000066757202,4.110000133514404,3.865999937057495,3.990000009536743,162700,0.0,0.0
2026-05-20 00:00:00-04:00,3.930000066757202,4.949999809265137,3.9100000858306885,4.849999904632568,460200,0.0,0.0
2026-05-21 00:00:00-04:00,4.769999980926514,5.190000057220459,4.531000137329102,4.96999979019165,399600,0.0,0.0
2026-05-22 00:00:00-04:00,4.980000019073486,5.461999893188477,4.960000038146973,5.210000038146973,384700,0.0,0.0
2026-05-26 00:00:00-04:00,5.440000057220459,5.550000190734863,5.159999847412109,5.239999771118164,318800,0.0,0.0
2026-05-27 00:00:00-04:00,5.320000171661377,6.289999961853027,5.25,6.079999923706055,653800,0.0,0.0
2026-05-28 00:00:00-04:00,6.170000076293945,6.239999771118164,5.460000038146973,5.489999771118164,398500,0.0,0.0
2026-05-29 00:00:00-04:00,5.650000095367432,5.769999980926514,5.119999885559082,5.420000076293945,334700,0.0,0.0
2026-06-01 00:00:00-04:00,5.349999904632568,5.360000133514404,4.570000171661377,4.679999828338623,574000,0.0,0.0
2026-06-02 00:00:00-04:00,4.78000020980835,5.130000114440918,4.679999828338623,4.974999904632568,303800,0.0,0.0
2026-06-03 00:00:00-04:00,4.920000076293945,5.138999938964844,4.670000076293945,4.800000190734863,198900,0.0,0.0
2026-06-04 00:00:00-04:00,4.71999979019165,5.010000228881836,4.650000095367432,4.900000095367432,195700,0.0,0.0
2026-06-05 00:00:00-04:00,4.789999961853027,4.789999961853027,4.190000057220459,4.199999809265137,214400,0.0,0.0
2026-06-08 00:00:00-04:00,4.349999904632568,4.409999847412109,4.130000114440918,4.179999828338623,135200,0.0,0.0
2026-06-09 00:00:00-04:00,4.25,4.5,3.930000066757202,4.179999828338623,253700,0.0,0.0
2026-06-10 00:00:00-04:00,4.150000095367432,4.400000095367432,4.079999923706055,4.119999885559082,134700,0.0,0.0
2026-06-11 00:00:00-04:00,4.170000076293945,4.203999996185303,4.019999980926514,4.179999828338623,119800,0.0,0.0
2026-06-12 00:00:00-04:00,4.210000038146973,4.2779998779296875,4.050000190734863,4.070000171661377,55300,0.0,0.0
2026-06-15 00:00:00-04:00,4.269999980926514,4.660999774932861,4.25,4.269999980926514,133000,0.0,0.0
2026-06-16 00:00:00-04:00,4.300000190734863,4.519999980926514,4.199999809265137,4.389999866485596,95800,0.0,0.0
2026-06-17 00:00:00-04:00,4.420000076293945,4.480000019073486,4.21999979019165,4.28000020980835,60400,0.0,0.0
2026-06-18 00:00:00-04:00,4.400000095367432,4.650000095367432,4.25,4.590000152587891,153700,0.0,0.0
2026-06-22 00:00:00-04:00,4.590000152587891,4.760000228881836,4.300000190734863,4.409999847412109,127000,0.0,0.0
2026-06-23 00:00:00-04:00,4.190000057220459,4.449999809265137,4.110000133514404,4.179999828338623,118600,0.0,0.0
2026-06-24 00:00:00-04:00,4.119999885559082,4.230000019073486,3.8499999046325684,3.940000057220459,104200,0.0,0.0
2026-06-25 00:00:00-04:00,3.990000009536743,4.0,3.759999990463257,3.809999942779541,83400,0.0,0.0
2026-06-26 00:00:00-04:00,3.759999990463257,3.930000066757202,3.759999990463257,3.890000104904175,99800,0.0,0.0
2026-06-29 00:00:00-04:00,3.880000114440918,3.950000047683716,3.680000066757202,3.9000000953674316,108600,0.0,0.0
2026-06-30 00:00:00-04:00,3.880000114440918,4.059999942779541,3.869999885559082,3.940000057220459,51200,0.0,0.0
2026-07-01 00:00:00-04:00,3.940000057220459,3.9719998836517334,3.740000009536743,3.799999952316284,44300,0.0,0.0
2026-07-02 00:00:00-04:00,3.8399999141693115,3.9600000381469727,3.549999952316284,3.6500000953674316,152800,0.0,0.0
2026-07-06 00:00:00-04:00,3.6500000953674316,3.8450000286102295,3.630000114440918,3.75,74400,0.0,0.0
2026-07-07 00:00:00-04:00,3.740000009536743,3.759999990463257,3.5199999809265137,3.569999933242798,97400,0.0,0.0
2026-07-08 00:00:00-04:00,3.569999933242798,3.6500000953674316,3.4749999046325684,3.630000114440918,57400,0.0,0.0
2026-07-09 00:00:00-04:00,3.6500000953674316,3.7950000762939453,3.619999885559082,3.630000114440918,127300,0.0,0.0
2026-07-10 00:00:00-04:00,3.6700000762939453,3.690000057220459,3.549999952316284,3.6500000953674316,41300,0.0,0.0
2026-07-13 00:00:00-04:00,3.619999885559082,3.619999885559082,3.549999952316284,3.569999933242798,70431,0.0,0.0
