Date,Open,High,Low,Close,Volume,Dividends,Stock Splits
2022-01-03 00:00:00-05:00,18.84984554815027,18.84984554815027,18.741968030395906,18.7635440826416,12000,0.0,0.0
2022-01-04 00:00:00-05:00,18.80669434382482,18.80669434382482,18.655666097103097,18.73477554321289,23400,0.0,0.0
2022-01-05 00:00:00-05:00,18.69881971488924,18.799505228244264,18.46868061479933,18.483064651489258,29800,0.0,0.0
2022-01-06 00:00:00-05:00,18.5190220023724,18.698818332492518,18.454295213790182,18.677242279052734,21700,0.0,0.0
2022-01-07 00:00:00-05:00,18.670048231313277,18.698816299438477,18.554978702286462,18.698816299438477,20300,0.0,0.0
2022-01-10 00:00:00-05:00,18.655666260146177,18.655666260146177,18.49025260577199,18.526212692260742,31200,0.0,0.0
2022-01-11 00:00:00-05:00,18.56217208888255,18.69881767908533,18.554980071320607,18.662858963012695,44100,0.0,0.0
2022-01-12 00:00:00-05:00,18.65566415433492,18.691622865027696,18.569361328240632,18.576553344726562,15100,0.0,0.0
2022-01-13 00:00:00-05:00,18.648477158452767,18.65566917687496,18.583750364390312,18.5909423828125,15200,0.0,0.0
2022-01-14 00:00:00-05:00,18.59813440123469,18.616113761421538,18.57655834596812,18.5909423828125,27400,0.0,0.0
2022-01-18 00:00:00-05:00,18.590940072445278,18.632653225415226,18.490253198784615,18.533405303955078,64900,0.0,0.0
2022-01-19 00:00:00-05:00,18.562169311754698,18.6268960883912,18.554977295268767,18.576553344726562,25300,0.0,0.0
2022-01-20 00:00:00-05:00,18.612514686817143,18.655666791833482,18.554979918532432,18.562171936035156,28800,0.0,0.0
2022-01-21 00:00:00-05:00,18.57655748101098,18.58303070881072,18.500324558412363,18.504638671875,15600,0.0,0.0
2022-01-24 00:00:00-05:00,18.468679622258133,18.468679622258133,18.346418060438776,18.418336868286133,21000,0.0,0.0
2022-01-25 00:00:00-05:00,18.418337588725635,18.50463906412844,18.368713623087274,18.403953552246094,14800,0.0,0.0
2022-01-26 00:00:00-05:00,18.461485281390683,18.501040689316543,17.99401514680786,18.051549911499023,38900,0.0,0.0
2022-01-27 00:00:00-05:00,18.123467744631228,18.231345251212037,17.63442158494551,17.648805618286133,86100,0.0,0.0
2022-01-28 00:00:00-05:00,17.69915276730828,18.001210683937543,17.548123123125016,17.732234954833984,34800,0.0,0.0
2022-01-31 00:00:00-05:00,17.778260167062587,18.022783279418945,17.70634273427068,18.022783279418945,69300,0.0,0.0
2022-02-01 00:00:00-05:00,18.080319764891314,18.080319764891314,17.98682627034511,18.07312774658203,22500,0.0,0.0
2022-02-02 00:00:00-05:00,18.10908508670488,18.166619852700297,17.792643187861568,17.799835205078125,46700,0.0,0.0
2022-02-03 00:00:00-05:00,17.742301775147347,17.742301775147347,17.411475816958436,17.483394622802734,127900,0.0,0.0
2022-02-04 00:00:00-05:00,17.483398970118824,17.512167048304686,17.117334365844727,17.117334365844727,56900,0.0,0.0
2022-02-07 00:00:00-05:00,17.26044517280579,17.40428276460728,17.202910410432583,17.296403884887695,72700,0.0,0.0
2022-02-08 00:00:00-05:00,17.339558367168312,17.504970660244595,17.29640626065849,17.32517433166504,121200,0.0,0.0
2022-02-09 00:00:00-05:00,17.461819519727086,17.461819519727086,17.260447142571728,17.26763916015625,60200,0.0,0.0
2022-02-10 00:00:00-05:00,17.195720462244054,17.379113482439237,17.051882853139485,17.08784294128418,85500,0.0,0.0
2022-02-11 00:00:00-05:00,17.21729693336463,17.404285281047954,16.476535560434975,16.677907943725586,123400,0.0,0.0
2022-02-14 00:00:00-05:00,16.757013977809862,16.757013977809862,16.454956150359617,16.73543930053711,59500,0.0,0.0
2022-02-15 00:00:00-05:00,16.757015005136246,16.821022994239776,16.548452005537698,16.649137496948242,108200,0.0,0.0
2022-02-16 00:00:00-05:00,16.814550865218088,17.152568817138672,16.76852360092217,17.152568817138672,114000,0.0,0.0
2022-02-17 00:00:00-05:00,17.26763926679634,17.389900823014095,16.915238633400957,17.08784294128418,59000,0.0,0.0
2022-02-18 00:00:00-05:00,17.224488701980512,17.411475675221546,17.195720631182127,17.346750259399414,59200,0.0,0.0
2022-02-22 00:00:00-05:00,17.34675150422389,17.36832618713379,17.174145810521416,17.36832618713379,46800,0.0,0.0
2022-02-23 00:00:00-05:00,17.40428487695416,17.41866754049037,17.18852846306571,17.246063232421875,36400,0.0,0.0
2022-02-24 00:00:00-05:00,17.08065176945005,17.146097349855875,16.857704698861532,17.051883697509766,92100,0.0,0.0
2022-02-25 00:00:00-05:00,17.14380129614973,17.344419969196537,16.997896047685376,17.078144073486328,69500,0.336,0.0
2022-02-28 00:00:00-05:00,17.13651057853703,17.151101385662717,16.9030632303499,16.917654037475586,54300,0.0,0.0
2022-03-01 00:00:00-05:00,17.034373833529123,17.304296746623947,16.997896824019257,17.20945930480957,72900,0.0,0.0
2022-03-02 00:00:00-05:00,17.282418184815917,17.3043030069837,17.143808281443338,17.245941162109375,21400,0.0,0.0
2022-03-03 00:00:00-05:00,17.275118813192407,17.275118813192407,16.94683264150232,17.13650894165039,32300,0.0,0.0
2022-03-04 00:00:00-05:00,17.136509580224523,17.136509580224523,16.968719482421875,16.968719482421875,17600,0.0,0.0
2022-03-07 00:00:00-05:00,17.027077616501035,17.027077616501035,16.625840271290137,16.69879150390625,28400,0.0,0.0
2022-03-08 00:00:00-05:00,16.735271190125243,17.01467829618102,16.633136943496226,16.830108642578125,39300,0.0,0.0
2022-03-09 00:00:00-05:00,16.92494593481287,17.11024469426293,16.851993305753503,16.94683074951172,24700,0.0,0.0
2022-03-10 00:00:00-05:00,16.94683382066451,17.114623923889482,16.846889716503657,17.09273910522461,37500,0.0,0.0
2022-03-11 00:00:00-05:00,17.143803004346182,17.15839380893755,16.83010766291034,16.881174087524414,20000,0.0,0.0
2022-03-14 00:00:00-04:00,16.881180150482535,16.881180150482535,16.37051432947796,16.509122848510742,51000,0.0,0.0
2022-03-15 00:00:00-04:00,16.53100514326013,16.57404704803785,16.144357123142473,16.487234115600586,47600,0.0,0.0
2022-03-16 00:00:00-04:00,16.487233498777968,16.841051495594026,16.158947324973553,16.465347290039062,42400,0.0,0.0
2022-03-17 00:00:00-04:00,16.47263991122036,16.77903982454417,16.450753706177373,16.501821517944336,54000,0.0,0.0
2022-03-18 00:00:00-04:00,16.60395741279026,16.709738669439275,16.51860272802316,16.5601863861084,45800,0.0,0.0
2022-03-21 00:00:00-04:00,16.574772167765055,16.574772167765055,16.282963068086286,16.3778018951416,54900,0.0,0.0
2022-03-22 00:00:00-04:00,16.37780601499185,16.465348071188984,16.34132899869647,16.406986236572266,41000,0.0,0.0
2022-03-23 00:00:00-04:00,16.43616904659423,16.493800371062992,16.348625592565735,16.363216400146484,39900,0.0,0.0
2022-03-24 00:00:00-04:00,16.42157642593525,16.596661923205353,16.341328384557176,16.385099411010742,52400,0.0,0.0
2022-03-25 00:00:00-04:00,16.341327211980506,16.370508821826174,15.947385219254157,16.013042449951172,30600,0.0,0.0
2022-03-28 00:00:00-04:00,16.122469316222258,16.25378376631342,16.122469316222258,16.239192962646484,24200,0.0,0.0
2022-03-29 00:00:00-04:00,16.341326125459585,16.501822186028036,16.26837349715171,16.458049774169922,39000,0.0,0.0
2022-03-30 00:00:00-04:00,16.479939906290895,16.633139209925652,16.371969879355937,16.443464279174805,34800,0.0,0.0
2022-03-31 00:00:00-04:00,16.46534403513612,16.61854468311177,16.377802000397654,16.399686813354492,27900,0.0,0.0
2022-04-01 00:00:00-04:00,16.56019068292179,16.73527622653389,16.46535181047177,16.509122848510742,50100,0.0,0.0
2022-04-04 00:00:00-04:00,16.501820834058215,16.552887252253235,16.28296296706529,16.392391204833984,18400,0.0,0.0
2022-04-05 00:00:00-04:00,16.392393770500956,16.392393770500956,15.983860969543457,15.983860969543457,38300,0.0,0.0
2022-04-06 00:00:00-04:00,15.969269022070158,16.03857464532891,15.684755301403532,15.735821723937988,33100,0.0,0.0
2022-04-07 00:00:00-04:00,15.772300514516525,15.991157033358936,15.735823500405582,15.765005111694336,18400,0.0,0.0
2022-04-08 00:00:00-04:00,15.837957616624967,15.925501065997903,15.640987290583729,15.655576705932617,39600,0.0,0.0
2022-04-11 00:00:00-04:00,15.662873588242888,15.7212354295168,15.516969680786133,15.516969680786133,25900,0.0,0.0
2022-04-12 00:00:00-04:00,15.626393856576497,15.670895392412525,15.392946552771786,15.422126770019531,19800,0.0,0.0
2022-04-13 00:00:00-04:00,15.46589785322004,15.611801709824414,15.210564364842924,15.305401802062988,53300,0.0,0.0
2022-04-14 00:00:00-04:00,15.349175710459185,15.451308559202793,15.195975045888071,15.290812492370605,35900,0.0,0.0
2022-04-18 00:00:00-04:00,15.290813325786743,15.429423193390557,15.079252214507452,15.130318641662598,22800,0.0,0.0
2022-04-19 00:00:00-04:00,15.064662669454833,15.298110008239744,14.955234403331392,15.298110008239746,27900,0.0,0.0
2022-04-20 00:00:00-04:00,15.217861099822256,15.545416726756914,15.195974893258866,15.371060371398926,22300,0.0,0.0
2022-04-21 00:00:00-04:00,15.32729213109973,15.334587534611389,14.823920420442743,14.882282257080078,59900,0.0,0.0
2022-04-22 00:00:00-04:00,14.816623203927536,14.969823876014443,14.61965289903833,14.690415382385254,29100,0.0,0.0
2022-04-25 00:00:00-04:00,14.809328183690129,14.85310060053419,14.743670949879846,14.79473876953125,26200,0.0,0.0
2022-04-26 00:00:00-04:00,14.81662377845388,14.882281013114786,14.663424491882322,14.663424491882324,34300,0.0,0.0
2022-04-27 00:00:00-04:00,14.736375351875354,14.955231846708335,14.18193732131539,14.203822135925293,49100,0.0,0.0
2022-04-28 00:00:00-04:00,14.254893360009941,14.63716249891744,14.12357887511598,14.605064392089844,33100,0.0,0.0
2022-04-29 00:00:00-04:00,14.590469317635115,14.692602157592773,14.451859469510017,14.692602157592773,81400,0.0,0.0
2022-05-02 00:00:00-04:00,14.590470702851647,14.590470702851647,14.259266672815897,14.276775360107422,21700,0.0,0.0
2022-05-03 00:00:00-04:00,14.364319846454656,14.444566494995689,14.065215286501072,14.123577117919922,37900,0.0,0.0
2022-05-04 00:00:00-04:00,14.167347856435718,14.758261561505222,14.065215001387006,14.597766876220703,28800,0.0,0.0
2022-05-05 00:00:00-04:00,14.510224920025093,14.546701937315172,14.22571114244215,14.444567680358887,47000,0.0,0.0
2022-05-06 00:00:00-04:00,14.378907595375201,14.656127306099457,14.23300372945434,14.520435333251953,35500,0.0,0.0
2022-05-09 00:00:00-04:00,14.408089820417837,14.444565440596103,14.087099075317383,14.087099075317383,17300,0.0,0.0
2022-05-10 00:00:00-04:00,14.262184145016903,14.429975610777324,14.21403560421476,14.338785171508789,22500,0.0,0.0
2022-05-11 00:00:00-04:00,14.298663216310109,14.594119391589453,14.298663216310109,14.510224342346191,33600,0.0,0.0
2022-05-12 00:00:00-04:00,14.583175572836097,14.926051139831543,14.561289365449081,14.926051139831543,66000,0.0,0.0
2022-05-13 00:00:00-04:00,14.947936607915924,15.312698364257812,14.947936607915924,15.312698364257812,50800,0.0,0.0
2022-05-16 00:00:00-04:00,15.341881561476074,15.341881561476074,15.020890793045673,15.144909858703613,35900,0.0,0.0
2022-05-17 00:00:00-04:00,15.210565744552374,15.392946625442796,14.809326971720028,14.889575004577637,39000,0.0,0.0
2022-05-18 00:00:00-04:00,14.918755652147915,14.918755652147915,14.400793260236398,14.459155082702637,27500,0.0,0.0
2022-05-19 00:00:00-04:00,14.60506038390739,15.059552921358975,14.60506038390739,14.78744125366211,24100,0.0,0.0
2022-05-20 00:00:00-04:00,14.962531052723149,15.101140943466483,14.88374263889431,15.01359748840332,20700,0.0,0.0
2022-05-23 00:00:00-04:00,15.31999672758807,15.60451050726309,14.781607636657492,14.882282257080078,167400,0.0,0.0
2022-05-24 00:00:00-04:00,15.028190161917106,15.09384741350187,14.838513811945143,15.064665794372559,116600,0.0,0.0
2022-05-25 00:00:00-04:00,15.050069454425836,15.326560045687401,15.050069454425836,15.312698364257812,38400,0.0,0.0
2022-05-26 00:00:00-04:00,15.363767998383302,15.677463397029367,15.363767998383302,15.429425239562988,59500,0.0,0.0
2022-05-27 00:00:00-04:00,15.72160830336459,15.907004621024731,15.473176502179943,15.647449493408203,94000,0.344,0.0
2022-05-31 00:00:00-04:00,15.588122030335803,15.588122030335803,15.217329411618747,15.387893676757812,80900,0.0,0.0
2022-06-01 00:00:00-04:00,15.476884098612068,15.632616315214957,15.313734445643462,15.484298706054688,26200,0.0,0.0
2022-06-02 00:00:00-04:00,15.528798960369295,15.602957784638566,15.291491854277167,15.462056159973145,50300,0.0,0.0
2022-06-03 00:00:00-04:00,15.254411248017455,15.387896844549132,15.128341675122192,15.239579200744629,26800,0.0,0.0
2022-06-06 00:00:00-04:00,15.365649130644446,15.365649130644446,14.90586697019932,15.076431274414062,36800,0.0,0.0
2022-06-07 00:00:00-04:00,15.07643092412918,15.239579200744629,14.98002544577957,15.239579200744629,31100,0.0,0.0
2022-06-08 00:00:00-04:00,15.23216378149708,15.23216378149708,14.95110173413335,15.054182052612305,32400,0.0,0.0
2022-06-09 00:00:00-04:00,15.054179300908354,15.091259410340683,14.83912032404703,14.868782997131348,27000,0.0,0.0
2022-06-10 00:00:00-04:00,14.824289896081089,14.824289896081089,14.164279435323307,14.17911148071289,86000,0.0,0.0
2022-06-13 00:00:00-04:00,13.978884802538118,14.075290280310382,13.348536941836784,13.47460651397705,51500,0.0,0.0
2022-06-14 00:00:00-04:00,13.519101241067183,13.519101241067183,13.155724571830383,13.47460651397705,36400,0.0,0.0
2022-06-15 00:00:00-04:00,13.622920364805918,13.964048868309902,13.348533226128014,13.697077751159668,32900,0.0,0.0
2022-06-16 00:00:00-04:00,13.556181572725476,13.627372854299566,12.829426808333519,12.925833702087402,24100,0.0,0.0
2022-06-17 00:00:00-04:00,12.992573877231306,13.022236551614833,12.755266824316662,12.918415069580078,45800,0.0,0.0
2022-06-21 00:00:00-04:00,13.037071672195042,13.355953630213879,12.98516091892908,13.163141250610352,27600,0.0,0.0
2022-06-22 00:00:00-04:00,13.237297559423327,13.697079641915781,13.237297559423327,13.58584213256836,15500,0.0,0.0
2022-06-23 00:00:00-04:00,13.719328033592317,13.897308335644055,13.719328033592317,13.786070823669434,24700,0.0,0.0
2022-06-24 00:00:00-04:00,13.867648942004488,13.993718529275876,13.719331281286841,13.815736770629883,29900,0.0,0.0
2022-06-27 00:00:00-04:00,13.912141397442829,13.912141397442829,13.71932903585219,13.756407737731934,22500,0.0,0.0
2022-06-28 00:00:00-04:00,13.867647828276072,13.95663728599017,13.719330179470003,13.889894485473633,27900,0.0,0.0
2022-06-29 00:00:00-04:00,13.964053309876666,13.964053309876666,13.7267462033565,13.889894485473633,21400,0.0,0.0
2022-06-30 00:00:00-04:00,13.889894485473633,13.939581704066965,13.763824908327052,13.889894485473633,36700,0.0,0.0
2022-07-01 00:00:00-04:00,13.867646476435356,14.00854667315782,13.867646476435356,13.971467971801758,24600,0.0,0.0
2022-07-05 00:00:00-04:00,13.912142304461621,13.912142304461621,13.748994025307578,13.897310256958008,15100,0.0,0.0
2022-07-06 00:00:00-04:00,13.956635009155736,13.956635009155736,13.756406640270647,13.830565452575684,29700,0.0,0.0
2022-07-07 00:00:00-04:00,13.815736770629883,13.90472764995288,13.726747305768928,13.815736770629883,22400,0.0,0.0
2022-07-08 00:00:00-04:00,13.845399253966171,13.919558075676905,13.815735159497127,13.904726028442383,28200,0.0,0.0
2022-07-11 00:00:00-04:00,13.971468024957082,13.971468024957082,13.80386986131577,13.941803932189941,17000,0.0,0.0
2022-07-12 00:00:00-04:00,13.92697288186176,13.94180351333798,13.8009033203125,13.8009033203125,30400,0.0,0.0
2022-07-13 00:00:00-04:00,13.65258688330301,13.912142052059645,13.599934954420897,13.904726028442383,36500,0.0,0.0
2022-07-14 00:00:00-04:00,13.867647324817954,13.904726028442383,13.780881404404063,13.904726028442383,48200,0.0,0.0
2022-07-15 00:00:00-04:00,13.941807239953409,14.05675350500496,13.889896479756622,13.956639289855957,68800,0.0,0.0
2022-07-18 00:00:00-04:00,13.9343880104171,13.9343880104171,13.800902434466959,13.882475852966309,48500,0.0,0.0
2022-07-19 00:00:00-04:00,13.867643504893952,14.06787042955881,13.823147375447105,14.045623779296875,124100,0.0,0.0
2022-07-20 00:00:00-04:00,14.030794742648531,14.104953559822443,13.929939373655197,13.971467971801758,151100,0.0,0.0
2022-07-21 00:00:00-04:00,13.926973652867503,14.001131057739258,13.882477512590253,14.001131057739258,133200,0.0,0.0
2022-07-22 00:00:00-04:00,14.001128042479955,14.320009906817237,14.001128042479955,14.216188430786133,133600,0.0,0.0
2022-07-25 00:00:00-04:00,14.268101597299633,14.342260413284684,14.168730000316785,14.312596321105957,39000,0.0,0.0
2022-07-26 00:00:00-04:00,14.394171322770156,14.601815726982043,14.371923253384738,14.586983680725098,58100,0.0,0.0
2022-07-27 00:00:00-04:00,14.73529736923248,14.787208102771745,14.609227838725095,14.77237606048584,31000,0.0,0.0
2022-07-28 00:00:00-04:00,14.83170701319904,15.054182052612305,14.647794445967177,15.054182052612305,48100,0.0,0.0
2022-07-29 00:00:00-04:00,15.172830702146621,15.573287341292739,15.002266465974614,15.521376609802246,113200,0.0,0.0
2022-08-01 00:00:00-04:00,15.595538161780556,15.751270383791942,15.113506622499752,15.706775665283203,56300,0.0,0.0
2022-08-02 00:00:00-04:00,15.610370754647732,16.45577899939352,15.573292053638067,16.025659561157227,138900,0.0,0.0
2022-08-03 00:00:00-04:00,16.10722939045631,16.389032547281786,16.070150697724177,16.159141540527344,68900,0.0,0.0
2022-08-04 00:00:00-04:00,16.15914636389647,16.203641091348622,15.92925387405959,16.12948226928711,57100,0.0,0.0
2022-08-05 00:00:00-04:00,16.09240225921455,16.19622375299601,15.93963473040838,16.070154190063477,108900,0.0,0.0
2022-08-08 00:00:00-04:00,16.12206508564062,16.196223902366356,15.934443802675377,15.99599552154541,37400,0.0,0.0
2022-08-09 00:00:00-04:00,16.025658813842494,16.025658813842494,15.402727047588826,15.558459281921387,74600,0.0,0.0
2022-08-10 00:00:00-04:00,15.706775692121747,16.010825528963935,15.521379381146678,15.565874099731445,37200,0.0,0.0
2022-08-11 00:00:00-04:00,15.617784589084339,15.766102201261502,15.395309585280172,15.57328987121582,26900,0.0,0.0
2022-08-12 00:00:00-04:00,15.57329230668281,15.714193918840195,15.50654951221151,15.606663703918457,6600,0.0,0.0
2022-08-15 00:00:00-04:00,15.677114074958851,15.758688917276062,15.5065497814427,15.536213874816895,44900,0.0,0.0
2022-08-16 00:00:00-04:00,15.543628790197547,15.551044813687328,15.42497524328473,15.499134063720703,33900,0.0,0.0
2022-08-17 00:00:00-04:00,15.46946933741095,15.46946933741095,15.163194538670155,15.209914207458496,55500,0.0,0.0
2022-08-18 00:00:00-04:00,15.306321999010468,15.306321999010468,15.202500497024444,15.239579200744629,51700,0.0,0.0
2022-08-19 00:00:00-04:00,15.158006121848032,15.202500850238419,15.076431274414062,15.076431274414062,44600,0.0,0.0
2022-08-22 00:00:00-04:00,15.024518477004534,15.024518477004534,14.675973892211914,14.675973892211914,20900,0.0,0.0
2022-08-23 00:00:00-04:00,14.720470942880894,14.891035250855737,14.164281875123141,14.483163833618164,93700,0.0,0.0
2022-08-24 00:00:00-04:00,14.535069818561873,14.905862408757525,14.312593415767594,14.735298156738281,39200,0.0,0.0
2022-08-25 00:00:00-04:00,14.772378579508203,15.135755190708325,14.675973117133331,14.824289321899414,39100,0.0,0.0
2022-08-26 00:00:00-04:00,14.965191627795503,15.128339885106927,14.699704236657182,14.831706047058105,64900,0.0,0.0
2022-08-29 00:00:00-04:00,14.705637934370499,14.905866325155323,14.675975254881182,14.816875457763672,26200,0.0,0.0
2022-08-30 00:00:00-04:00,14.850076613890998,14.903650939803713,14.275088117309846,14.767072677612305,57500,0.344,0.0
2022-08-31 00:00:00-04:00,14.834986623224374,15.008539021947959,14.672752421170076,14.744438171386719,48000,0.0,0.0
2022-09-01 00:00:00-04:00,14.744435289122825,14.819891837823283,14.521835016277086,14.714251518249512,51800,0.0,0.0
2022-09-02 00:00:00-04:00,14.819894734837535,14.97081074022255,14.631250447727112,14.744438171386719,27000,0.0,0.0
2022-09-06 00:00:00-04:00,14.782164940808606,14.782164940808606,14.63879489428462,14.75726318359375,18300,0.0,0.0
2022-09-07 00:00:00-04:00,14.6840677473762,14.800273538148758,14.638793530307643,14.714251518249512,24200,0.0,0.0
2022-09-08 00:00:00-04:00,14.714251379045626,14.877239710343613,14.540699015890201,14.555790901184082,26300,0.0,0.0
2022-09-09 00:00:00-04:00,14.49542252038993,14.78970850960906,14.49542252038993,14.676522254943848,43000,0.0,0.0
2022-09-12 00:00:00-04:00,14.78216505505541,14.895351328768479,14.728589288121686,14.789710998535156,21700,0.0,0.0
2022-09-13 00:00:00-04:00,14.601065255957414,14.75952573531807,14.517307162797806,14.714251518249512,25300,0.0,0.0
2022-09-14 00:00:00-04:00,14.759523834703266,14.81234398768839,14.6916117982249,14.729341506958008,15700,0.0,0.0
2022-09-15 00:00:00-04:00,14.729344262859547,14.729344262859547,14.552018196738807,14.593520164489746,13300,0.0,0.0
2022-09-16 00:00:00-04:00,14.533152520513834,14.67124053114237,14.370918357878262,14.465240478515625,24900,0.0,0.0
2022-09-19 00:00:00-04:00,14.49542136878619,14.601063112090044,14.352052795912932,14.457693099975586,34400,0.0,0.0
2022-09-20 00:00:00-04:00,14.374692318412965,14.487880028027512,14.193593997967811,14.223777770996094,30100,0.0,0.0
2022-09-21 00:00:00-04:00,14.344511099783167,14.593521489658766,14.336965155939467,14.435059547424316,32400,0.0,0.0
2022-09-22 00:00:00-04:00,14.382236712872931,14.382236712872931,14.020040110986919,14.110589981079102,42800,0.0,0.0
2022-09-23 00:00:00-04:00,14.035135225806956,14.08795539583243,13.828380960820319,13.967223167419434,39100,0.0,0.0
2022-09-26 00:00:00-04:00,13.967221672314446,13.989859502434276,13.68048158109607,13.87667179107666,28100,0.0,0.0
2022-09-27 00:00:00-04:00,13.959672444588632,14.170954491606535,13.771028222364462,13.952126502990723,67200,0.0,0.0
2022-09-28 00:00:00-04:00,14.042678032789969,14.284142435671718,13.96722004707908,14.216230392456055,35200,0.0,0.0
2022-09-29 00:00:00-04:00,14.163412558067616,14.269052891850789,13.96722233872629,14.140774726867676,34300,0.0,0.0
2022-09-30 00:00:00-04:00,14.186047364944258,14.186047364944258,13.665390258695854,13.959674835205078,211900,0.0,0.0
2022-10-03 00:00:00-04:00,13.997405417144892,13.997405417144892,13.831398963928223,13.831398963928223,46900,0.0,0.0
2022-10-04 00:00:00-04:00,13.906856499097627,14.110592666142376,13.831398499535686,13.854036331176758,35700,0.0,0.0
2022-10-05 00:00:00-04:00,13.733304023742676,13.808760583602378,13.67293791230994,13.733304023742676,23800,0.0,0.0
2022-10-06 00:00:00-04:00,13.876670224229132,13.891762109271626,13.648787941356428,13.72575569152832,18100,0.0,0.0
2022-10-07 00:00:00-04:00,13.63520764855,13.69557375757172,13.45410932148484,13.62766170501709,26500,0.0,0.0
2022-10-10 00:00:00-04:00,13.657844379480185,13.66539032240553,13.408834019909593,13.454108238220215,22800,0.0,0.0
2022-10-11 00:00:00-04:00,13.454109040059981,13.454109040059981,13.182460835523628,13.250372886657715,15800,0.0,0.0
2022-10-12 00:00:00-04:00,13.280555567042892,13.348467612587179,13.091911315917969,13.091911315917969,43700,0.0,0.0
2022-10-13 00:00:00-04:00,12.96363319185455,13.360539994614685,12.827809100511681,13.114547729492188,30700,0.0,0.0
2022-10-14 00:00:00-04:00,13.137187383441512,13.273011493659547,12.971180937198145,12.993817329406738,11100,0.0,0.0
2022-10-17 00:00:00-04:00,13.107003803032674,13.226980412375806,12.948541876408855,13.005889892578125,17200,0.0,0.0
2022-10-18 00:00:00-04:00,13.061728131620647,13.235281944274902,12.978725636081464,13.235281944274902,16400,0.0,0.0
2022-10-19 00:00:00-04:00,13.152277103004883,13.162841134758578,12.729714393615723,12.729714393615723,71600,0.0,0.0
2022-10-20 00:00:00-04:00,12.752350202720462,12.888174284377913,12.525977692785592,12.608980178833008,23400,0.0,0.0
2022-10-21 00:00:00-04:00,12.563707851847271,12.737260231482155,12.525979574271526,12.60143756866455,9000,0.0,0.0
2022-10-24 00:00:00-04:00,12.639165343073604,12.661803172262756,12.525979075610792,12.56370735168457,21500,0.0,0.0
2022-10-25 00:00:00-04:00,12.593890443333375,12.888175010681152,12.593890443333375,12.888175010681152,33600,0.0,0.0
2022-10-26 00:00:00-04:00,12.827808726596386,13.171141196709163,12.774988568000786,12.902512550354004,23700,0.0,0.0
2022-10-27 00:00:00-04:00,12.903266542224296,13.08436484326096,12.903266542224296,13.03154468536377,33700,0.0,0.0
2022-10-28 00:00:00-04:00,13.023999214172362,13.08662924344275,12.97117905436394,13.023999214172363,10500,0.0,0.0
2022-10-31 00:00:00-04:00,13.054181442244785,13.116811471018268,12.882138842982542,12.903266906738281,20500,0.0,0.0
2022-11-01 00:00:00-04:00,13.016452597885452,13.047390529669837,11.907224261963167,12.797624588012695,299700,0.0,0.0
2022-11-02 00:00:00-04:00,12.76744408810083,12.888176304219485,12.525979655863521,12.707077980041504,26600,0.0,0.0
2022-11-03 00:00:00-04:00,12.63916448936554,12.714622475657787,12.458066185808969,12.684438705444336,26200,0.0,0.0
2022-11-04 00:00:00-04:00,12.774989274085591,12.774989274085591,12.201510561902706,12.359971046447754,52600,0.0,0.0
2022-11-07 00:00:00-05:00,12.352427000984413,12.359971504988058,12.156236794334887,12.344881057739258,20700,0.0,0.0
2022-11-08 00:00:00-05:00,12.34488148059701,12.480705585179276,12.148691267227246,12.269423484802246,63400,0.0,0.0
2022-11-09 00:00:00-05:00,12.261876997752779,12.27696888409105,11.962309674448997,12.178873062133789,41300,0.0,0.0
2022-11-10 00:00:00-05:00,12.382609006813421,13.159823869584551,12.367517120722765,13.12209415435791,48600,0.0,0.0
2022-11-11 00:00:00-05:00,13.122094686696242,13.389970638327455,13.122094686696242,13.197552680969238,17700,0.0,0.0
2022-11-14 00:00:00-05:00,13.197548174650377,13.219430395428807,12.947029561433077,13.001358032226562,19300,0.0,0.0
2022-11-15 00:00:00-05:00,13.14472953525251,13.273007664647997,13.0541796748152,13.061725616455078,30900,0.0,0.0
2022-11-16 00:00:00-05:00,13.114549025458508,13.152278743027395,12.82781036814278,12.933450698852539,39800,0.0,0.0
2022-11-17 00:00:00-05:00,12.9032673682841,12.914585563060552,12.790081102795234,12.880629539489746,43600,0.0,0.0
2022-11-18 00:00:00-05:00,12.948543937141574,12.972690095360527,12.759899647335617,12.805173873901367,34200,0.0,0.0
2022-11-21 00:00:00-05:00,12.880629233854135,12.880629233854135,12.5108866744351,12.5184326171875,40800,0.0,0.0
2022-11-22 00:00:00-05:00,12.669349444716957,12.691985835253158,12.337335137518037,12.367517471313477,34900,0.0,0.0
2022-11-23 00:00:00-05:00,12.412791663630674,12.525977920657185,12.31469585209738,12.337333679199219,27100,0.0,0.0
2022-11-25 00:00:00-05:00,12.37506212846853,12.54861448766968,12.37506212846853,12.541069984436035,12300,0.0,0.0
2022-11-28 00:00:00-05:00,12.67689435930748,12.67689435930748,12.186419545503847,12.269423484802246,89200,0.0,0.0
2022-11-29 00:00:00-05:00,12.334177580772002,12.452893522424244,12.218544960021973,12.218544960021973,71700,0.344,0.0
2022-11-30 00:00:00-05:00,12.241671030575937,12.603987693786621,12.18770924026716,12.603987693786621,56000,0.0,0.0
2022-12-01 00:00:00-05:00,12.68107635266924,12.927759658121662,12.642531167224499,12.920050621032715,49600,0.0,0.0
2022-12-02 00:00:00-05:00,12.827543818667982,12.904632720244772,12.65024037428532,12.71191120147705,57500,0.0,0.0
2022-12-05 00:00:00-05:00,12.642530159931612,12.688782908431635,12.349594125633642,12.372719764709473,45800,0.0,0.0
2022-12-06 00:00:00-05:00,12.434389324438992,12.434389324438992,12.025820725174318,12.064364433288574,53600,0.0,0.0
2022-12-07 00:00:00-05:00,12.141455010902233,12.2493793201063,12.018113363339987,12.041239738464355,45000,0.0,0.0
2022-12-08 00:00:00-05:00,12.087493424254719,12.233961449369247,11.725176777154054,11.779138565063477,60900,0.0,0.0
2022-12-09 00:00:00-05:00,11.74830335627052,11.779138769206629,11.47849367687314,11.517037391662598,62800,0.0,0.0
2022-12-12 00:00:00-05:00,11.517036836232492,11.563290320993113,11.254936206502977,11.293479919433594,93600,0.0,0.0
2022-12-13 00:00:00-05:00,11.501619907646194,11.833101143907166,11.47078449509919,11.709758758544922,65500,0.0,0.0
2022-12-14 00:00:00-05:00,11.794556809224197,12.016572075793158,11.71746790951928,11.871644973754883,46800,0.0,0.0
2022-12-15 00:00:00-05:00,11.87164484508411,12.025822642822888,11.339733795442838,11.385987281799316,115600,0.0,0.0
2022-12-16 00:00:00-05:00,11.316607406886758,11.463075432361727,11.131594196847029,11.424530982971191,46400,0.0,0.0
2022-12-19 00:00:00-05:00,11.409113977116537,11.488515001148196,11.14701259582462,11.285772323608398,64600,0.0,0.0
2022-12-20 00:00:00-05:00,11.239520223744794,11.332026475298019,11.062216758728027,11.062216758728027,66300,0.0,0.0
2022-12-21 00:00:00-05:00,11.11617701504817,11.332024905436942,11.100758941004711,11.193265914916992,46100,0.0,0.0
2022-12-22 00:00:00-05:00,11.177848587905975,11.177848587905975,10.792405533150598,10.869494438171387,99100,0.0,0.0
2022-12-23 00:00:00-05:00,10.923456131679474,11.154722109473656,10.800114472902383,10.992835998535156,52500,0.0,0.0
2022-12-27 00:00:00-05:00,10.946581166546318,11.216391563415527,10.9296221684074,11.216391563415527,78200,0.0,0.0
2022-12-28 00:00:00-05:00,11.14701280604171,11.258790905951098,11.02367115020752,11.02367115020752,74600,0.0,0.0
2022-12-29 00:00:00-05:00,11.023670679527157,11.224101229287015,11.023670679527157,11.215620994567871,53700,0.0,0.0
2022-12-30 00:00:00-05:00,11.062214560285552,11.247227026623664,10.954290254001226,11.147011756896973,87900,0.0,0.0
2023-01-03 00:00:00-05:00,11.26264332868605,11.694339778943998,11.26264332868605,11.64037799835205,37400,0.0,0.0
2023-01-04 00:00:00-05:00,11.75601235937174,11.925607497618017,11.75601235937174,11.871644973754883,51700,0.0,0.0
2023-01-05 00:00:00-05:00,11.802266393239172,12.118329573364564,11.671215698771434,12.056658744812012,58100,0.0,0.0
2023-01-06 00:00:00-05:00,12.133745785416103,12.706514122134843,12.133745785416103,12.64253044128418,75600,0.0,0.0
2023-01-09 00:00:00-05:00,12.68878287168018,13.14360572993344,12.68878287168018,13.097352981567383,55900,0.0,0.0
2023-01-10 00:00:00-05:00,13.051099700082055,13.228403120199648,12.877650062859063,13.17444133758545,58800,0.0,0.0
2023-01-11 00:00:00-05:00,13.174442848698822,13.174442848698822,12.90463243433218,13.058810234069824,82800,0.0,0.0
2023-01-12 00:00:00-05:00,13.06652002304328,13.06652002304328,12.434392184020043,12.758164405822754,67700,0.0,0.0
2023-01-13 00:00:00-05:00,12.727328332630915,12.972469227652368,12.644072795609631,12.67336654663086,52100,0.0,0.0
2023-01-17 00:00:00-05:00,12.650240275047377,13.490506207910846,12.650240275047377,13.436544418334961,48600,0.0,0.0
2023-01-18 00:00:00-05:00,13.667807551598107,14.17659216137904,13.63697287815443,13.721769332885742,57800,0.0,0.0
2023-01-19 00:00:00-05:00,13.798859596252441,13.999290139816248,13.606138089404366,13.798859596252441,36100,0.0,0.0
2023-01-20 00:00:00-05:00,13.89136839100597,13.89136839100597,13.236114887590858,13.351747512817383,34500,0.0,0.0
2023-01-23 00:00:00-05:00,13.382581194063711,13.565280796426535,13.135897913677928,13.444252014160156,27900,0.0,0.0
2023-01-24 00:00:00-05:00,13.56759412523446,13.759545165965251,13.290074689994608,13.451961517333984,20300,0.0,0.0
2023-01-25 00:00:00-05:00,13.397999254228255,13.583013204998196,13.128190305914785,13.421126365661621,36600,0.0,0.0
2023-01-26 00:00:00-05:00,13.521340967232009,13.521340967232009,13.297783324416644,13.397997856140137,55500,0.0,0.0
2023-01-27 00:00:00-05:00,13.397998313673584,13.652390640188008,13.336327491195798,13.38258171081543,19100,0.0,0.0
2023-01-30 00:00:00-05:00,13.382581414216075,13.991580588893376,13.382581414216075,13.821986198425293,34000,0.0,0.0
2023-01-31 00:00:00-05:00,13.698645998175092,14.454114003895029,13.698645998175092,14.423277854919434,87600,0.0,0.0
2023-02-01 00:00:00-05:00,14.407858535862069,14.41556757165333,14.084086384370284,14.176591873168945,65500,0.0,0.0
2023-02-02 00:00:00-05:00,14.26139214872487,14.588247674373372,13.953808480559003,14.238265037536621,64100,0.0,0.0
2023-02-03 00:00:00-05:00,14.099507512736642,14.099507512736642,13.760317216125625,13.89136791229248,58600,0.0,0.0
2023-02-06 00:00:00-05:00,13.937620114025416,13.937620114025416,13.290075696331991,13.405708312988281,36300,0.0,0.0
2023-02-07 00:00:00-05:00,13.374872436869383,13.534444933645428,13.12048011486926,13.221465110778809,35500,0.0,0.0
2023-02-08 00:00:00-05:00,13.197568704495719,13.498213768005373,13.151314486764749,13.498213768005371,23500,0.0,0.0
2023-02-09 00:00:00-05:00,13.505924155431911,13.621556770630608,12.950885249920601,13.012556076049805,32900,0.0,0.0
2023-02-10 00:00:00-05:00,13.012555732165254,13.012555732165254,12.719619683380115,12.827543258666992,45100,0.0,0.0
2023-02-13 00:00:00-05:00,12.827543717256962,12.904632618224307,12.719620138111772,12.812127113342285,31200,0.0,0.0
2023-02-14 00:00:00-05:00,12.842960279146016,12.98942902670111,12.719618640262247,12.966301918029785,33700,0.0,0.0
2023-02-15 00:00:00-05:00,13.043391258952758,13.081934971050227,12.842960721279505,12.989429473876953,22200,0.0,0.0
2023-02-16 00:00:00-05:00,12.912339780702226,12.912339780702226,12.727327327450375,12.742745399475098,21200,0.0,0.0
2023-02-17 00:00:00-05:00,12.742747638446966,13.004849027526834,12.742747638446966,12.927760124206543,44100,0.0,0.0
2023-02-21 00:00:00-05:00,12.79670795998993,12.873796854456714,12.334176063537598,12.334176063537598,36800,0.0,0.0
2023-02-22 00:00:00-05:00,12.442101221485412,12.758164405822754,12.434392184020043,12.758164405822754,16700,0.0,0.0
2023-02-23 00:00:00-05:00,12.850670687687112,13.058810276911222,12.819834539499032,13.027974128723145,9800,0.0,0.0
2023-02-24 00:00:00-05:00,12.935467263233672,13.012554684892491,12.889213045820398,12.950883865356445,29600,0.0,0.0
2023-02-27 00:00:00-05:00,13.040602409427336,13.158652223720939,12.820243156368564,12.93042278289795,19900,0.344,0.0
2023-02-28 00:00:00-05:00,12.906813268610952,12.954032897949219,12.639232867219187,12.954032897949219,61500,0.0,0.0
2023-03-01 00:00:00-05:00,12.930424090419356,12.954033155014521,12.639233118037463,12.883204460144043,18400,0.0,0.0
2023-03-02 00:00:00-05:00,12.78089360578596,12.993384195245705,12.631363024193735,12.906813621520996,18800,0.0,0.0
2023-03-03 00:00:00-05:00,13.048473527407278,13.182263726767118,12.985513521889997,13.13504409790039,14800,0.0,0.0
2023-03-06 00:00:00-05:00,13.174392565103643,13.36327256770083,13.174392565103643,13.3396635055542,19900,0.0,0.0
2023-03-07 00:00:00-05:00,13.331794302777512,13.331794302777512,13.086249830934634,13.13504409790039,10700,0.0,0.0
2023-03-08 00:00:00-05:00,13.103563494738266,13.22161331880015,12.98551367067638,13.2058744430542,16600,0.0,0.0
2023-03-09 00:00:00-05:00,13.190135909139705,13.190135909139705,12.867465644447647,12.946166038513184,12000,0.0,0.0
2023-03-10 00:00:00-05:00,12.946163494419546,13.15865256522885,12.552662351962654,12.647102355957031,24400,0.0,0.0
2023-03-13 00:00:00-04:00,12.481834303062307,12.5526645058473,11.694833384193604,11.860103607177734,64900,0.0,0.0
2023-03-14 00:00:00-04:00,11.99389292667119,12.544793378581126,11.99389292667119,12.222123146057129,20100,0.0,0.0
2023-03-15 00:00:00-04:00,12.143424078503612,12.143424078503612,11.403642815164778,11.490213394165039,25400,0.0,0.0
2023-03-16 00:00:00-04:00,11.490213360596044,12.59201431274414,11.33281258125271,12.59201431274414,52600,0.0,0.0
2023-03-17 00:00:00-04:00,12.536924426506918,12.536924426506918,11.781403541564941,11.781403541564941,15800,0.0,0.0
2023-03-20 00:00:00-04:00,11.94667201303917,11.94667201303917,11.342254943073115,11.54530143737793,20800,0.0,0.0
2023-03-21 00:00:00-04:00,11.663352730548068,11.726312740522056,11.405216389437703,11.450862884521484,34600,0.0,0.0
2023-03-22 00:00:00-04:00,11.537433350528376,11.946674188600532,11.513823533114234,11.860103607177734,25000,0.0,0.0
2023-03-23 00:00:00-04:00,11.860102691629058,12.2142536782151,11.686963043234222,11.77353286743164,27200,0.0,0.0
2023-03-24 00:00:00-04:00,11.773531971639835,11.773531971639835,11.246241376777979,11.482341766357422,28100,0.0,0.0
2023-03-27 00:00:00-04:00,11.568912226207791,12.182772672758391,11.529562034002979,12.096202850341797,22600,0.0,0.0
2023-03-28 00:00:00-04:00,12.056852406773176,12.670713591068358,12.025372403774126,12.521183013916016,33900,0.0,0.0
2023-03-29 00:00:00-04:00,12.67858452663341,13.35146991184629,12.67858452663341,13.308184623718262,49600,0.0,0.0
2023-03-30 00:00:00-04:00,13.28457317282585,13.300313549476403,12.90681313972216,13.13504409790039,52900,0.0,0.0
2023-03-31 00:00:00-04:00,13.190133191720873,13.544282640426513,13.032732436017353,13.434103012084961,110000,0.0,0.0
2023-04-03 00:00:00-04:00,13.449842781207002,13.528543155508922,13.060276754009127,13.386882781982422,60800,0.0,0.0
2023-04-04 00:00:00-04:00,13.418363420545205,13.418363420545205,12.536923340126574,12.710062980651855,74800,0.0,0.0
2023-04-05 00:00:00-04:00,12.757281890398124,12.757281890398124,11.970281862969001,12.182771682739258,64300,0.0,0.0
2023-04-06 00:00:00-04:00,12.041112278458263,12.237862476633913,11.844362080282613,11.97815227508545,62000,0.0,0.0
2023-04-10 00:00:00-04:00,12.00963276255251,12.056852391720895,11.805012368042906,11.867972373962402,40100,0.0,0.0
2023-04-11 00:00:00-04:00,11.836492171639785,12.292952582139185,11.836492171639785,11.986021995544434,20900,0.0,0.0
2023-04-12 00:00:00-04:00,12.111942360426186,12.111942360426186,11.49808120727539,11.49808120727539,33000,0.0,0.0
2023-04-13 00:00:00-04:00,11.679092028374022,11.968708347691225,11.679092028374022,11.93093204498291,16500,0.0,0.0
2023-04-14 00:00:00-04:00,12.017503235363225,12.05291758280648,11.624002813781601,11.993892669677734,25300,0.0,0.0
2023-04-17 00:00:00-04:00,12.017502950928066,12.017502950928066,11.805012368042906,11.867972373962402,20900,0.0,0.0
2023-04-18 00:00:00-04:00,11.946673845476823,11.946673845476823,11.631873036645285,11.923063278198242,21300,0.0,0.0
2023-04-19 00:00:00-04:00,11.94667270607662,12.096202531867023,11.945885387025408,12.056852340698242,16200,0.0,0.0
2023-04-20 00:00:00-04:00,11.9624125698548,12.001762761805281,11.561041962936361,11.852232933044434,18300,0.0,0.0
2023-04-21 00:00:00-04:00,11.962411956121965,11.962411956121965,11.608261747822315,11.686962127685547,18900,0.0,0.0
2023-04-24 00:00:00-04:00,11.742053137948439,11.915193540938088,11.694832755117616,11.899453163146973,17100,0.0,0.0
2023-04-25 00:00:00-04:00,11.789272817315096,11.804225876059359,11.561042592230196,11.694832801818848,19300,0.0,0.0
2023-04-26 00:00:00-04:00,11.694832988463522,11.805013383572176,11.584653343897406,11.679093360900879,9100,0.0,0.0
2023-04-27 00:00:00-04:00,11.742051289145635,11.757790913916002,11.568124344976992,11.7105712890625,15100,0.0,0.0
2023-04-28 00:00:00-04:00,11.726312737342626,12.127683363724872,11.647613100167739,12.001763343811035,82200,0.0,0.0
2023-05-01 00:00:00-04:00,11.938801001317998,11.938801001317998,11.592520263666817,11.718441009521484,27600,0.0,0.0
2023-05-02 00:00:00-04:00,11.718442307634845,11.805012126366247,11.285591712892925,11.435121536254883,30800,0.0,0.0
2023-05-03 00:00:00-04:00,11.498083275610684,11.498083275610684,10.671732902526855,10.671732902526855,29200,0.0,0.0
2023-05-04 00:00:00-04:00,10.553681689099971,10.963709075853727,10.293971458536987,10.593031883239746,44900,0.0,0.0
2023-05-05 00:00:00-04:00,10.821261514872413,10.83700189188171,9.459750426352494,10.325450897216797,141800,0.0,0.0
2023-05-08 00:00:00-04:00,10.388410833335463,10.852741444348922,10.325450826812533,10.6166410446167,51900,0.0,0.0
2023-05-09 00:00:00-04:00,10.608770429167384,10.608770429167384,9.959494918943685,10.317580223083496,50900,0.0,0.0
2023-05-10 00:00:00-04:00,10.467110570181976,10.914914208111954,10.467110570181976,10.860610961914062,28400,0.0,0.0
2023-05-11 00:00:00-04:00,10.703211784362793,10.860611803138791,10.624511399703547,10.703211784362793,14000,0.0,0.0
2023-05-12 00:00:00-04:00,10.781911322891652,10.781911322891652,10.199530883312352,10.325450897216797,24000,0.0,0.0
2023-05-15 00:00:00-04:00,10.408088513472482,10.408088513472482,9.758812088771018,10.191662788391113,38200,0.0,0.0
2023-05-16 00:00:00-04:00,10.050001465980662,10.050001465980662,9.703720663020869,9.971301078796387,37000,0.0,0.0
2023-05-17 00:00:00-04:00,9.99491085346683,10.781911719890086,9.99491085346683,10.726821899414062,30300,0.0,0.0
2023-05-18 00:00:00-04:00,10.742561918352065,11.199022377485955,10.624512084299091,11.025882720947266,28800,0.0,0.0
2023-05-19 00:00:00-04:00,11.088842017146547,11.458732624148556,10.9471816249878,11.356422424316406,26300,0.0,0.0
2023-05-22 00:00:00-04:00,11.427254181273073,11.427254181273073,11.010143136396406,11.171478271484375,36200,0.0,0.0
2023-05-23 00:00:00-04:00,11.073102765880002,11.246243179395945,10.908619860892527,11.222633361816406,12200,0.0,0.0
2023-05-24 00:00:00-04:00,11.214761751846867,11.230502128601074,10.860611530844407,11.230502128601074,35400,0.0,0.0
2023-05-25 00:00:00-04:00,11.285591134743237,11.285591134743237,10.915700563581002,11.183280944824219,55200,0.0,0.0
2023-05-26 00:00:00-04:00,11.159672713368263,11.324942928112874,11.04162213109781,11.261982917785645,18700,0.0,0.0
2023-05-30 00:00:00-04:00,11.442612590636955,11.442612590636955,11.28939964807174,11.313591003417969,32500,0.344,0.0
2023-05-31 00:00:00-04:00,11.23295253142238,11.660336717474399,11.23295253142238,11.628081321716309,108200,0.0,0.0
2023-06-01 00:00:00-04:00,11.652272807445401,12.216742624080778,11.389390906091633,11.966763496398926,45500,0.0,0.0
2023-06-02 00:00:00-04:00,12.087721220668667,12.482850021329483,11.789358609820951,12.394147872924805,51800,0.0,0.0
2023-06-05 00:00:00-04:00,12.466722476160237,12.466722476160237,12.087720996321195,12.172391891479492,51700,0.0,0.0
2023-06-06 00:00:00-04:00,12.240934307195127,12.240934307195127,12.111912727355957,12.111912727355957,35900,0.0,0.0
2023-06-07 00:00:00-04:00,12.09578627107304,12.192552468958098,11.837743076712883,11.853870391845703,13100,0.0,0.0
2023-06-08 00:00:00-04:00,11.934509049253055,12.069175319541287,11.773232055823156,11.926445007324219,19800,0.0,0.0
2023-06-09 00:00:00-04:00,12.015145276313898,12.015145276313898,11.726459388013902,11.761134147644043,21800,0.0,0.0
2023-06-12 00:00:00-04:00,11.644209538455968,11.692593020361414,11.32971959767331,11.49906063079834,35600,0.0,0.0
2023-06-13 00:00:00-04:00,11.571635924519232,11.652274038829178,11.353911400920666,11.394230842590332,22500,0.0,0.0
2023-06-14 00:00:00-04:00,11.507124103834581,11.507124103834581,11.063611822902908,11.26520824432373,71100,0.0,0.0
2023-06-15 00:00:00-04:00,11.20876171530208,11.386166797180023,11.055548759836618,11.273272514343262,47100,0.0,0.0
2023-06-16 00:00:00-04:00,11.087804986625686,11.200699277885565,10.902336617801717,10.926527976989746,36300,0.0,0.0
2023-06-20 00:00:00-04:00,10.950718324227282,11.07328930164154,10.499142738976529,10.63622760772705,50700,0.0,0.0
2023-06-21 00:00:00-04:00,10.53946048183149,10.84588712932617,10.442694293522006,10.757184982299805,34700,0.0,0.0
2023-06-22 00:00:00-04:00,10.749120438698808,10.773311792388366,10.579779424813374,10.732993125915527,30800,0.0,0.0
2023-06-23 00:00:00-04:00,10.773312847264917,10.991037358877383,10.62816394188595,10.870079040527344,32600,0.0,0.0
2023-06-26 00:00:00-04:00,10.845887247835128,11.289399525871662,10.845887247835128,11.015228271484375,31900,0.0,0.0
2023-06-27 00:00:00-04:00,11.055545589343819,11.241013891141549,11.007162119423578,11.087800979614258,75900,0.0,0.0
2023-06-28 00:00:00-04:00,11.160378780380666,11.571635692927583,11.14425069642383,11.3861665725708,68500,0.0,0.0
2023-06-29 00:00:00-04:00,11.370037589685694,11.515186478857382,11.31359007314685,11.434548377990723,31400,0.0,0.0
2023-06-30 00:00:00-04:00,11.595823592028832,11.789355927624486,11.527280793710062,11.69258975982666,99100,0.0,0.0
2023-07-03 00:00:00-04:00,11.579697564575822,11.763554008093665,11.571634292602539,11.571634292602539,34500,0.0,0.0
2023-07-05 00:00:00-04:00,11.563569784847584,11.728878773581144,11.462771583472035,11.515186309814453,31800,0.0,0.0
2023-07-06 00:00:00-04:00,11.458739731347794,11.474867043909423,10.974908050030816,11.434548377990723,22800,0.0,0.0
2023-07-07 00:00:00-04:00,11.353909799709077,11.676463749518714,11.353909799709077,11.571634292602539,13600,0.0,0.0
2023-07-10 00:00:00-04:00,11.603888869555329,11.78935718536377,11.515185962838924,11.78935718536377,26700,0.0,0.0
2023-07-11 00:00:00-04:00,11.829678538525224,11.878061250924015,11.450677035931065,11.86999797821045,28200,0.0,0.0
2023-07-12 00:00:00-04:00,11.894187775987449,12.055464744567871,11.813548907182616,12.055464744567871,44600,0.0,0.0
2023-07-13 00:00:00-04:00,12.08772087097168,12.08772087097168,11.942571974965839,12.08772087097168,45000,0.0,0.0
2023-07-14 00:00:00-04:00,12.087721186924984,12.087721186924984,11.644208908081055,11.644208908081055,20100,0.0,0.0
2023-07-17 00:00:00-04:00,11.692593480498845,11.848225802456135,11.329720043530621,11.394230842590332,23900,0.0,0.0
2023-07-18 00:00:00-04:00,11.426484782239841,11.611953113583203,11.329718596013398,11.370038032531738,48600,0.0,0.0
2023-07-19 00:00:00-04:00,11.531315296819114,11.611953402835189,11.38616562934915,11.466804504394531,56000,0.0,0.0
2023-07-20 00:00:00-04:00,11.531315404795581,11.81354993203858,11.410357091094884,11.644208908081055,50900,0.0,0.0
2023-07-21 00:00:00-04:00,11.579697087663947,11.66839999698031,11.503091008382492,11.55228042602539,9700,0.0,0.0
2023-07-24 00:00:00-04:00,11.55550693897053,11.63614581602045,11.4103572678924,11.603890419006348,24300,0.0,0.0
2023-07-25 00:00:00-04:00,11.611952507660725,11.611952507660725,11.458739579720971,11.5958251953125,15800,0.0,0.0
2023-07-26 00:00:00-04:00,11.620018184702598,11.732912463155152,11.34584691491022,11.539380073547363,48700,0.0,0.0
2023-07-27 00:00:00-04:00,11.652272157117869,11.676463510601282,11.42648439687107,11.523250579833984,18600,0.0,0.0
2023-07-28 00:00:00-04:00,11.450675674817248,11.482931068925438,11.08780229884279,11.353909492492676,39400,0.0,0.0
2023-07-31 00:00:00-04:00,11.353910558263985,11.692592612706093,11.353910558263985,11.611953735351562,45600,0.0,0.0
2023-08-01 00:00:00-04:00,11.57969754405063,11.57969754405063,11.34503979591457,11.450675964355469,31000,0.0,0.0
2023-08-02 00:00:00-04:00,11.353910721737467,11.410357475280762,11.141024943769223,11.410357475280762,17100,0.0,0.0
2023-08-03 00:00:00-04:00,11.40229296816959,11.40229296816959,11.224887916059913,11.353909492492676,22800,0.0,0.0
2023-08-04 00:00:00-04:00,12.095784893457648,12.777180991117298,12.095784893457648,12.627999305725098,351200,0.0,0.0
2023-08-07 00:00:00-04:00,12.611872059514239,12.902170621650836,12.611872059514239,12.797340393066406,96400,0.0,0.0
2023-08-08 00:00:00-04:00,12.813468228531658,13.419064176482548,12.777180812835265,13.28923511505127,90300,0.0,0.0
2023-08-09 00:00:00-04:00,13.273106201998836,13.289234283089451,13.164245499783359,13.200532913208008,17700,0.0,0.0
2023-08-10 00:00:00-04:00,13.192470590514752,13.567440065376452,12.934427411697811,13.1602144241333,93800,0.0,0.0
2023-08-11 00:00:00-04:00,13.160216057670853,13.30536574828704,12.81427662819445,13.265047073364258,65700,0.0,0.0
2023-08-14 00:00:00-04:00,13.208595364189046,13.289234231269203,13.039255127573329,13.285202980041504,16800,0.0,0.0
2023-08-15 00:00:00-04:00,13.265044516848478,13.281171060874275,13.039255981843139,13.208596229553223,20100,0.0,0.0
2023-08-16 00:00:00-04:00,13.152150382537938,13.26504542681435,13.055384959510919,13.1602144241333,14200,0.0,0.0
2023-08-17 00:00:00-04:00,13.09570289612428,13.12795906069952,13.018289331590568,13.087638854980469,18300,0.0,0.0
2023-08-18 00:00:00-04:00,12.982810076098792,13.200534584207498,12.918299281628656,13.111831665039062,19600,0.0,0.0
2023-08-21 00:00:00-04:00,13.095702731079834,13.208596229553223,12.982809232606446,13.208596229553223,13800,0.0,0.0
2023-08-22 00:00:00-04:00,13.063447440132938,13.224723638593028,12.926361825509696,12.998936653137207,27400,0.0,0.0
2023-08-23 00:00:00-04:00,13.00699983053028,13.321491279251868,13.00699983053028,13.28923511505127,15900,0.0,0.0
2023-08-24 00:00:00-04:00,13.33761982040111,13.377938488980968,13.165052719717398,13.305363655090332,11100,0.0,0.0
2023-08-25 00:00:00-04:00,13.281172672669333,13.281172672669333,12.974746766171663,13.226339340209961,7200,0.0,0.0
2023-08-28 00:00:00-04:00,13.20859573443816,13.2892346037787,13.14408494657743,13.224723815917969,15500,0.0,0.0
2023-08-29 00:00:00-04:00,13.313427101891566,13.640013839815323,13.313427101891566,13.571470260620117,24500,0.0,0.0
2023-08-30 00:00:00-04:00,13.632386918927104,13.764100680837364,13.418351663284957,13.574762344360352,29200,0.344,0.0
2023-08-31 00:00:00-04:00,13.574762353796933,14.809580050177937,13.517137779190124,14.323884963989258,110600,0.0,0.0
2023-09-01 00:00:00-04:00,14.373278529899101,14.513224610930113,13.904048014133961,14.011066436767578,42400,0.0,0.0
2023-09-05 00:00:00-04:00,13.945209014951867,13.945209014951867,13.504790805983715,13.517138481140137,31800,0.0,0.0
2023-09-06 00:00:00-04:00,13.550066280346176,13.550066280346176,13.220781854789234,13.443049430847168,16100,0.0,0.0
2023-09-07 00:00:00-04:00,13.401889537326737,13.401889537326737,13.294871117109837,13.359905242919922,73000,0.0,0.0
2023-09-08 00:00:00-04:00,13.360727742991712,13.451281547546387,13.253710895005982,13.451281547546387,81600,0.0,0.0
2023-09-11 00:00:00-04:00,13.451282166660764,13.541835975383307,13.31956839223818,13.53360366821289,13700,0.0,0.0
2023-09-12 00:00:00-04:00,13.49244132079464,13.49244132079464,13.31133528439507,13.459513664245605,15000,0.0,0.0
2023-09-13 00:00:00-04:00,13.443050002523536,13.484209968661517,13.360728500095515,13.418353080749512,8000,0.0,0.0
2023-09-14 00:00:00-04:00,13.541834882933072,13.69824399609699,13.418351855490515,13.607691764831543,13100,0.0,0.0
2023-09-15 00:00:00-04:00,13.566529470282413,13.657083266613467,13.403533578977614,13.599458694458008,19200,0.0,0.0
2023-09-18 00:00:00-04:00,13.599459263525485,13.599459263525485,13.550065425195216,13.574762344360352,7400,0.0,0.0
2023-09-19 00:00:00-04:00,13.574763201069945,13.714709278200646,13.401889466459547,13.443049430847168,47200,0.0,0.0
2023-09-20 00:00:00-04:00,13.50890665157496,13.624155810845151,13.36072826385498,13.36072826385498,23800,0.0,0.0
2023-09-21 00:00:00-04:00,13.360727412268258,13.591227286269062,13.25371056693156,13.492441177368164,68900,0.0,0.0
2023-09-22 00:00:00-04:00,13.451281689004212,13.451281689004212,13.368960190375331,13.377192497253418,10300,0.0,0.0
2023-09-25 00:00:00-04:00,13.253710654082912,13.368959806765181,13.21254912087357,13.352495193481445,16600,0.0,0.0
2023-09-26 00:00:00-04:00,13.319568083518979,13.35249574128541,12.883265234511711,13.064372062683105,30400,0.0,0.0
2023-09-27 00:00:00-04:00,13.047906820568448,13.105531393032336,12.932656890564756,12.982049942016602,31700,0.0,0.0
2023-09-28 00:00:00-04:00,12.932658178695908,13.443049430847168,12.932658178695908,13.443049430847168,29300,0.0,0.0
2023-09-29 00:00:00-04:00,13.443048856887293,13.574762621486464,13.237245903432097,13.426584243774414,111600,0.0,0.0
2023-10-02 00:00:00-04:00,13.467746686164759,13.467746686164759,13.253711411697237,13.36072826385498,12500,0.0,0.0
2023-10-03 00:00:00-04:00,13.401891303031121,13.401891303031121,12.932659950964842,13.006749153137207,22600,0.0,0.0
2023-10-04 00:00:00-04:00,13.064370702779806,13.064370702779806,12.842103932998679,13.047906875610352,36200,0.0,0.0
2023-10-05 00:00:00-04:00,13.006746075204564,13.047906820568448,12.940889196652718,12.982049942016602,12900,0.0,0.0
2023-10-06 00:00:00-04:00,12.84210526976567,13.12364373084509,12.84210526976567,13.064372062683105,28600,0.0,0.0
2023-10-09 00:00:00-04:00,12.982050023955948,13.125288696456506,12.891496226568666,13.080835342407227,14200,0.0,0.0
2023-10-10 00:00:00-04:00,13.130229163276503,13.171389913772245,12.957354639255202,13.089068412780762,17500,0.0,0.0
2023-10-11 00:00:00-04:00,13.13022997041089,13.261944537109152,12.990283881168287,13.204319953918457,42300,0.0,0.0
2023-10-12 00:00:00-04:00,13.204318476720474,13.3031030168098,12.924425544471482,13.253710746765137,22700,0.0,0.0
2023-10-13 00:00:00-04:00,13.237246894313607,13.29075610585996,12.998515481838247,13.220782279968262,30000,0.0,0.0
2023-10-16 00:00:00-04:00,13.253711699725796,13.319568587904536,12.965587225136789,13.212550163269043,17800,0.0,0.0
2023-10-17 00:00:00-04:00,13.187854935116002,13.236424449483616,13.031444235418919,13.14669418334961,31200,0.0,0.0
2023-10-18 00:00:00-04:00,13.097300290343968,13.196086402324275,13.006747270284011,13.03967571258545,26300,0.0,0.0
2023-10-19 00:00:00-04:00,12.982051686492637,12.982051686492637,12.372874300415356,12.7103910446167,40900,0.0,0.0
2023-10-20 00:00:00-04:00,12.693927298861988,12.693927298861988,11.870715415849283,12.265856742858887,15500,0.0,0.0
2023-10-23 00:00:00-04:00,12.109445709833059,12.150606457189618,11.961267333379833,12.035356521606445,24500,0.0,0.0
2023-10-24 00:00:00-04:00,12.03535558087417,13.047906432366196,12.03535558087417,12.957352638244629,8600,0.0,0.0
2023-10-25 00:00:00-04:00,12.833871093414281,12.973817151379194,12.608310939514318,12.61983585357666,4900,0.0,0.0
2023-10-26 00:00:00-04:00,12.562214042792833,12.562214042792833,12.134143469083794,12.183536529541016,25400,0.0,0.0
2023-10-27 00:00:00-04:00,12.290553695663007,12.331713661856833,11.771930113845286,12.027125358581543,39300,0.0,0.0
2023-10-30 00:00:00-04:00,12.002429008483887,12.101214338729827,11.977732872191407,12.002429008483887,55900,0.0,0.0
2023-10-31 00:00:00-04:00,12.092981096860052,12.092981096860052,11.97773194635284,12.035356521606445,91000,0.0,0.0
2023-11-01 00:00:00-04:00,12.03535637384526,12.660997527771103,11.954681969480673,12.586908340454102,49100,0.0,0.0
2023-11-02 00:00:00-04:00,12.759783423141155,13.183737015074312,12.751551116385409,13.113764762878418,19500,0.0,0.0
2023-11-03 00:00:00-04:00,13.171389260245933,13.611807463023249,13.105532376750782,13.525370597839355,59500,0.0,0.0
2023-11-06 00:00:00-05:00,13.525371268929199,13.525371268929199,13.089068412780762,13.089068412780762,31900,0.0,0.0
2023-11-07 00:00:00-05:00,13.006747531068068,13.006747531068068,12.677462316375555,12.858569145202637,17500,0.0,0.0
2023-11-08 00:00:00-05:00,12.982049942016602,13.080835259844372,12.726853948821253,12.982049942016602,11900,0.0,0.0
2023-11-09 00:00:00-05:00,12.998516122732385,13.006748430310953,12.759784698486328,12.759784698486328,11200,0.0,0.0
2023-11-10 00:00:00-05:00,12.759782468633627,13.080835342407227,12.751550162493707,13.080835342407227,14900,0.0,0.0
2023-11-13 00:00:00-05:00,13.113766182524534,13.270176887512207,13.064373121718935,13.270176887512207,67200,0.0,0.0
2023-11-14 00:00:00-05:00,13.352496230319934,14.159245072196736,13.352496230319934,13.79703140258789,66200,0.0,0.0
2023-11-15 00:00:00-05:00,13.797030639039885,13.99460129239666,13.377192411849748,13.788798332214355,15800,0.0,0.0
2023-11-16 00:00:00-05:00,13.747637710846579,13.994600623195144,13.731173097982833,13.91227912902832,20100,0.0,0.0
2023-11-17 00:00:00-05:00,13.994601822492863,14.126315596386513,13.895815706996604,14.011066436767578,21900,0.0,0.0
2023-11-20 00:00:00-05:00,13.912280889559346,13.994602394143554,13.708947762432182,13.986370086669922,35700,0.0,0.0
2023-11-21 00:00:00-05:00,13.969905767074586,14.035762658103877,13.805264324577426,13.879353523254395,25400,0.0,0.0
2023-11-22 00:00:00-05:00,13.95344161909248,13.95344161909248,13.665317154804786,13.681781768798828,12400,0.0,0.0
2023-11-24 00:00:00-05:00,13.59945969866374,13.764101121243604,13.59945969866374,13.665316581726074,10500,0.0,0.0
2023-11-27 00:00:00-05:00,13.755868072370937,13.988837784605542,13.582994352466978,13.928743362426758,32600,0.0,0.0
2023-11-28 00:00:00-05:00,13.928744839927575,14.192172385906494,13.928744839927575,14.151012420654297,27400,0.0,0.0
2023-11-29 00:00:00-05:00,14.322377352509063,14.473581599409592,14.238376417311112,14.271976470947266,31300,0.344,0.0
2023-11-30 00:00:00-05:00,14.271977033594121,14.591186367905074,14.087172725771865,14.540783882141113,93300,0.0,0.0
2023-12-01 00:00:00-05:00,14.507181112614647,14.910391309986943,14.49038028717041,14.49038028717041,45600,0.0,0.0
2023-12-04 00:00:00-05:00,14.490381022394521,14.532381485921267,14.330776377005924,14.381178855895996,56600,0.0,0.0
2023-12-05 00:00:00-05:00,14.35597703464641,14.448379973318414,14.229974046957715,14.255173683166504,66600,0.0,0.0
2023-12-06 00:00:00-05:00,14.364375562767732,14.40637601908163,14.19637053308273,14.355975151062012,52100,0.0,0.0
2023-12-07 00:00:00-05:00,14.355980019836595,14.473582619171736,14.179574518618635,14.308938980102539,36900,0.0,0.0
2023-12-08 00:00:00-05:00,14.280377544340045,14.507183925164155,13.961169810088313,14.47358226776123,21400,0.0,0.0
2023-12-11 00:00:00-05:00,14.465180235610454,14.465180235610454,14.229975068956401,14.37277889251709,21200,0.0,0.0
2023-12-12 00:00:00-05:00,14.372777970539385,14.479459849366947,14.25517379254134,14.288775444030762,21800,0.0,0.0
2023-12-13 00:00:00-05:00,14.347577774898575,14.591184959260758,14.2215747770835,14.549182891845703,31800,0.0,0.0
2023-12-14 00:00:00-05:00,14.599581803419658,14.910390651553323,14.599581803419658,14.717185974121094,39400,0.0,0.0
2023-12-15 00:00:00-05:00,14.666785347400584,14.868392064792612,14.570182996516712,14.700387001037598,36900,0.0,0.0
2023-12-18 00:00:00-05:00,14.64998601569268,14.67518565352118,14.34925826758612,14.66678524017334,55700,0.0,0.0
2023-12-19 00:00:00-05:00,14.658386303765365,14.843190589193375,14.402179306598459,14.817989349365234,30500,0.0,0.0
2023-12-20 00:00:00-05:00,14.742387595309822,14.910392660539951,14.507182426645693,14.549182891845703,52000,0.0,0.0
2023-12-21 00:00:00-05:00,14.633185485833295,15.027995307900401,14.633185485833295,14.99439525604248,38100,0.0,0.0
2023-12-22 00:00:00-05:00,15.011195394032367,15.011195394032367,14.767588219830579,14.792789459228516,16900,0.0,0.0
2023-12-26 00:00:00-05:00,14.784389662724877,14.952393125739961,14.523983253611716,14.549182891845703,56400,0.0,0.0
2023-12-27 00:00:00-05:00,14.66678341464815,14.901990152467201,14.44249897525835,14.599581718444824,40200,0.0,0.0
2023-12-28 00:00:00-05:00,14.61638411042738,14.717187466649357,14.288776006582186,14.641585350036621,68400,0.0,0.0
2023-12-29 00:00:00-05:00,14.63318420676523,14.952391881481663,14.397977455458708,14.750786781311035,31000,0.0,0.0
2024-01-02 00:00:00-05:00,14.80958817849933,14.885190291901292,14.75078689079001,14.784388542175293,24400,0.0,0.0
2024-01-03 00:00:00-05:00,14.759188367975293,14.893591778778895,14.532382011413574,14.532382011413574,40000,0.0,0.0
2024-01-04 00:00:00-05:00,14.515582084655762,14.784388893261708,14.440819530098562,14.515582084655762,22600,0.0,0.0
2024-01-05 00:00:00-05:00,14.439981878838644,14.784390848182635,14.439981878838644,14.75918960571289,44000,0.0,0.0
2024-01-08 00:00:00-05:00,14.683584168142735,14.885189255776377,14.683584168142735,14.871749877929688,22100,0.0,0.0
2024-01-09 00:00:00-05:00,14.826389300912567,15.11115737390668,14.826389300912567,15.011195182800293,34300,0.0,0.0
2024-01-10 00:00:00-05:00,15.078395759037138,15.086794569209614,14.910390715720549,14.96079158782959,20700,0.0,0.0
2024-01-11 00:00:00-05:00,15.0447956650976,15.053196078353505,14.725587972448281,14.901991844177246,35500,0.0,0.0
2024-01-12 00:00:00-05:00,14.817988748269697,15.103596379209515,14.817988748269697,15.061595916748047,13000,0.0,0.0
2024-01-16 00:00:00-05:00,14.969194135955954,15.190959927534115,14.969194135955954,15.170799255371094,32700,0.0,0.0
2024-01-17 00:00:00-05:00,15.137198173586953,15.246400338344735,14.893591002813116,15.011195182800293,74200,0.0,0.0
2024-01-18 00:00:00-05:00,15.011197691533567,15.12039987454167,14.901993906310242,15.095198631286621,36500,0.0,0.0
2024-01-19 00:00:00-05:00,15.120395946668639,15.263199750253547,14.880989805690238,15.24639892578125,20400,0.0,0.0
2024-01-22 00:00:00-05:00,15.280001415301506,15.39760398864746,15.280001415301506,15.397603988647461,32700,0.0,0.0
2024-01-23 00:00:00-05:00,15.439605604313273,15.439605604313273,15.128798322313393,15.364005088806152,40000,0.0,0.0
2024-01-24 00:00:00-05:00,15.414404899501065,15.414404899501065,15.227919902324386,15.330402374267578,13900,0.0,0.0
2024-01-25 00:00:00-05:00,15.288404382124279,15.599211692810059,15.204401843322794,15.599211692810059,35400,0.0,0.0
2024-01-26 00:00:00-05:00,15.64121169729267,15.96041937991642,15.624410871308537,15.834416389465332,22600,0.0,0.0
2024-01-29 00:00:00-05:00,15.83441859877728,15.91842113820352,15.742015645186898,15.876419067382812,36300,0.0,0.0
2024-01-30 00:00:00-05:00,15.943618021016608,16.044421371337094,15.616009936351096,15.725212097167969,68600,0.0,0.0
2024-01-31 00:00:00-05:00,15.674812224581466,15.792414805623267,15.330403292489049,15.414405822753906,53600,0.0,0.0
2024-02-01 00:00:00-05:00,15.548810279458454,15.868017993345676,15.548810279458454,15.775616645812988,18100,0.0,0.0
2024-02-02 00:00:00-05:00,15.70001530793182,15.792416660080079,15.481609344482422,15.481609344482422,20100,0.0,0.0
2024-02-05 00:00:00-05:00,15.481607823732858,15.481607823732858,14.658386536206361,14.700387001037598,22500,0.0,0.0
2024-02-06 00:00:00-05:00,14.77599034585109,15.137200141352745,14.767589931744636,14.927194595336914,21600,0.0,0.0
2024-02-07 00:00:00-05:00,14.994396518129875,15.222042456325681,14.927194806542575,15.137200355529785,25800,0.0,0.0
2024-02-08 00:00:00-05:00,15.288401912758285,15.540407886243846,15.229599023544411,15.330402374267578,17200,0.0,0.0
2024-02-09 00:00:00-05:00,15.422806698742134,15.540409283312439,15.330403752456865,15.486648559570312,19000,0.0,0.0
2024-02-12 00:00:00-05:00,15.59921269763095,15.7226954282277,15.459768698548345,15.616013526916504,18400,0.0,0.0
2024-02-13 00:00:00-05:00,15.380804169761962,15.54880923029168,15.24640076222419,15.414405822753906,39800,0.0,0.0
2024-02-14 00:00:00-05:00,15.55720951876519,15.673132977556644,15.51100804737932,15.5656099319458,6800,0.0,0.0
2024-02-15 00:00:00-05:00,15.59081208691509,15.876419772316556,15.59081208691509,15.85122013092041,18700,0.0,0.0
2024-02-16 00:00:00-05:00,15.792413187595548,15.792413187595548,14.834788606449568,14.96079158782959,31700,0.0,0.0
2024-02-20 00:00:00-05:00,14.80958579740211,15.17079548064369,14.523979817621791,14.607980728149414,38500,0.0,0.0
2024-02-21 00:00:00-05:00,14.733987961979777,15.04395567179796,14.498781204223633,14.498781204223633,13600,0.0,0.0
2024-02-22 00:00:00-05:00,14.658388004233116,15.120399572506976,14.536584400922942,15.053197860717773,23100,0.0,0.0
2024-02-23 00:00:00-05:00,15.053196204591258,15.41440596654924,14.98599450019547,15.364005088806152,21700,0.0,0.0
2024-02-26 00:00:00-05:00,15.456406738119664,15.59921056307542,15.080916426266548,15.406005859375,25200,0.0,0.0
2024-02-27 00:00:00-05:00,15.481608600388327,15.590810775756836,15.221202180497949,15.590810775756836,4500,0.0,0.0
2024-02-28 00:00:00-05:00,15.645588449620178,15.996501394700273,15.47441068654456,15.851000785827637,23800,0.344,0.0
2024-02-29 00:00:00-05:00,15.833879479894062,16.261822168539847,15.611349085901637,16.23614501953125,74600,0.0,0.0
2024-03-01 00:00:00-05:00,16.219032012996646,16.219032012996646,15.876676483060976,16.039295196533203,28000,0.0,0.0
2024-03-04 00:00:00-05:00,15.902353283011513,16.005060266196836,15.55999939318063,15.722618103027344,23800,0.0,0.0
2024-03-05 00:00:00-05:00,15.799647076916623,15.893795013427734,15.619911888092352,15.893795013427734,12200,0.0,0.0
2024-03-06 00:00:00-05:00,16.005059841263915,16.010193965932782,15.842441135734713,15.928030014038086,20700,0.0,0.0
2024-03-07 00:00:00-05:00,15.962264939586822,16.00506019592285,15.859559589324567,16.00506019592285,22900,0.0,0.0
2024-03-08 00:00:00-05:00,16.03929615757071,16.03929615757071,15.88523648636319,15.919472694396973,16500,0.0,0.0
2024-03-11 00:00:00-04:00,15.833883367138164,15.962265878755654,15.6712646484375,15.6712646484375,15200,0.0,0.0
2024-03-12 00:00:00-04:00,15.8167635255497,15.919470503040916,15.525762327208614,15.79964542388916,14200,0.0,0.0
2024-03-13 00:00:00-04:00,15.833884149545518,16.035017794917362,15.833884149545518,15.996502876281738,20400,0.0,0.0
2024-03-14 00:00:00-04:00,16.047851374838753,16.047851374838753,15.808202873284623,15.97938060760498,13700,0.0,0.0
2024-03-15 00:00:00-04:00,15.970821403044535,16.09064483642578,15.910909686353913,16.09064483642578,28700,0.0,0.0
2024-03-18 00:00:00-04:00,16.082088699082984,16.14028795744121,15.799644927965565,15.868117332458496,20200,0.0,0.0
2024-03-19 00:00:00-04:00,15.94514690832003,15.987942164847336,15.782529830932619,15.782529830932617,30900,0.0,0.0
2024-03-20 00:00:00-04:00,15.868118964789188,16.005060522918086,15.808205604694672,15.83816146850586,16900,0.0,0.0
2024-03-21 00:00:00-04:00,15.842440379549092,16.261824067498466,15.825322278211077,16.116323471069336,24100,0.0,0.0
2024-03-22 00:00:00-04:00,16.176236396151133,16.21903165267844,15.67126379643374,15.782529830932617,31500,0.0,0.0
2024-03-25 00:00:00-04:00,15.816765785217287,15.953707353121763,15.705501373471996,15.816765785217285,21000,0.0,0.0
2024-03-26 00:00:00-04:00,15.808203273959087,15.8937921432886,15.722616037101476,15.833880424499512,16400,0.0,0.0
2024-03-27 00:00:00-04:00,15.885234472806026,15.983661109718556,15.577116801919162,15.748292922973633,55900,0.0,0.0
2024-03-28 00:00:00-04:00,15.662705602787828,15.91947225859536,15.49152946472168,15.49152946472168,140200,0.0,0.0
2024-04-01 00:00:00-04:00,15.645587565039463,15.919470664497757,15.461572051502413,15.568557739257812,103600,0.0,0.0
2024-04-02 00:00:00-04:00,15.465851783757696,15.66270507045576,15.277557548542871,15.405940055847168,38200,0.0,0.0
2024-04-03 00:00:00-04:00,15.294675477844047,15.692660756226747,15.268998323685882,15.457292556762695,40700,0.0,0.0
2024-04-04 00:00:00-04:00,15.568557376001708,15.808204266200091,15.414497728033032,15.431615829467773,39500,0.0,0.0
2024-04-05 00:00:00-04:00,15.448735237121582,15.577119389831653,15.405941607866435,15.448735237121582,25800,0.0,0.0
2024-04-08 00:00:00-04:00,15.534322563151463,15.534322563151463,15.355442794826558,15.405940055847168,17100,0.0,0.0
2024-04-09 00:00:00-04:00,15.508645128542206,15.517202546497936,15.397379105454322,15.465849876403809,181000,0.0,0.0
2024-04-10 00:00:00-04:00,15.303232234431972,15.637028694152832,15.234761458779088,15.637028694152832,29200,0.0,0.0
2024-04-11 00:00:00-04:00,15.637029804470096,15.637029804470096,15.260439695403186,15.3717041015625,163800,0.0,0.0
2024-04-12 00:00:00-04:00,15.40593760838722,15.696938782698952,15.277555121478372,15.320348739624023,87100,0.0,0.0
2024-04-15 00:00:00-04:00,15.431616852760978,15.431616852760978,15.037908656014544,15.149174690246582,51200,0.0,0.0
2024-04-16 00:00:00-04:00,15.149175890759201,15.465852651036611,15.120930856033397,15.234763145446777,24700,0.0,0.0
2024-04-17 00:00:00-04:00,15.405938318218253,15.448731938335628,15.260437724358423,15.354585647583008,15600,0.0,0.0
2024-04-18 00:00:00-04:00,15.337466474382438,15.388819141427875,15.114936073889737,15.243318557739258,17000,0.0,0.0
2024-04-19 00:00:00-04:00,15.328908560918244,15.354585712580542,15.149173396698071,15.25187873840332,11600,0.0,0.0
2024-04-22 00:00:00-04:00,15.174849861996899,15.363145720982853,15.166290810909167,15.191967964172363,25400,0.0,0.0
2024-04-23 00:00:00-04:00,15.19196841857969,15.47441058303468,15.183409367235948,15.440176010131836,20100,0.0,0.0
2024-04-24 00:00:00-04:00,15.457291054285793,15.457291054285793,15.200526067550696,15.25187873840332,13600,0.0,0.0
2024-04-25 00:00:00-04:00,15.012234341203795,15.140616855852025,14.798262939299333,14.93520450592041,29200,0.0,0.0
2024-04-26 00:00:00-04:00,14.952321570772973,15.08926314282854,14.841057155654939,15.037910461425781,17600,0.0,0.0
2024-04-29 00:00:00-04:00,15.037907781472462,15.149173809233732,14.964301250680363,15.106378555297852,17200,0.0,0.0
2024-04-30 00:00:00-04:00,15.106378555297852,15.106378555297852,14.9317775106779,15.106378555297852,11500,0.0,0.0
2024-05-01 00:00:00-04:00,15.072143984621166,15.226203633846298,15.007951919953355,15.106378555297852,11700,0.0,0.0
2024-05-02 00:00:00-04:00,15.226204697209484,15.277557373046875,15.106379610292729,15.277557373046875,12300,0.0,0.0
2024-05-03 00:00:00-04:00,15.328909042087417,15.61991024017334,15.303231889619122,15.61991024017334,9900,0.0,0.0
2024-05-06 00:00:00-04:00,15.637029046673856,15.684103012084961,15.559999218268795,15.684103012084961,17500,0.0,0.0
2024-05-07 00:00:00-04:00,15.67126153152743,15.675541872797597,15.46584922730015,15.645586013793945,22000,0.0,0.0
2024-05-08 00:00:00-04:00,15.628469026121824,15.628469026121824,14.76402449733759,14.918084144592285,52200,0.0,0.0
2024-05-09 00:00:00-04:00,14.866733210531882,15.779962639192565,14.866733210531882,15.42305850982666,117100,0.0,0.0
2024-05-10 00:00:00-04:00,15.525760964802478,15.773968519683695,15.234759791997131,15.765409469604492,51200,0.0,0.0
2024-05-13 00:00:00-04:00,15.83388396793384,16.14200331348476,15.83388396793384,16.10776710510254,23600,0.0,0.0
2024-05-14 00:00:00-04:00,16.253266083894644,16.321736861269972,16.047853751768656,16.28750228881836,36700,0.0,0.0
2024-05-15 00:00:00-04:00,16.347414018471646,16.424443847094437,16.253266087383324,16.407325744628906,22300,0.0,0.0
2024-05-16 00:00:00-04:00,16.261822511935797,16.261822511935797,16.06496926279508,16.19335174560547,27900,0.0,0.0
2024-05-17 00:00:00-04:00,16.090643671101404,16.24470329284668,16.02388537233004,16.24470329284668,18400,0.0,0.0
2024-05-20 00:00:00-04:00,16.167676120667313,16.219030424611653,16.05641172706523,16.20533561706543,16500,0.0,0.0
2024-05-21 00:00:00-04:00,16.176237106323242,16.227589783938388,16.047854596049287,16.176237106323242,15600,0.0,0.0
2024-05-22 00:00:00-04:00,16.133440085827544,16.161683481208048,15.98793950280524,16.09064483642578,9100,0.0,0.0
2024-05-23 00:00:00-04:00,16.013616602482035,16.013616602482035,15.482968517234902,15.611351013183594,32900,0.0,0.0
2024-05-24 00:00:00-04:00,15.731176378360848,15.773971637214816,15.577973759338601,15.6712646484375,11000,0.0,0.0
2024-05-28 00:00:00-04:00,19.711041369790674,20.28448465367433,18.34333523239777,18.57271385192871,791100,0.0,0.0
2024-05-29 00:00:00-04:00,18.059183108670936,18.57271469911347,18.059183108670936,18.521360397338867,116200,0.0,0.0
2024-05-30 00:00:00-04:00,18.230361513172934,18.452891951473443,18.093419956137563,18.37586212158203,125600,0.0,0.0
2024-05-31 00:00:00-04:00,18.501116622786434,18.501116622786434,18.222773813863835,18.475021362304688,144300,0.344,0.0
2024-06-03 00:00:00-04:00,18.396736706088447,18.7011747666588,18.344547845693345,18.657684326171875,149000,0.0,0.0
2024-06-04 00:00:00-04:00,18.588097663106804,18.788156333470063,18.492416708127042,18.75336265563965,95800,0.0,0.0
2024-06-05 00:00:00-04:00,18.640287425425004,18.753363565753766,18.493286949849054,18.744665145874023,110800,0.0,0.0
2024-06-06 00:00:00-04:00,18.66638082498075,18.73596818326927,18.562003105655837,18.605493545532227,81900,0.0,0.0
2024-06-07 00:00:00-04:00,18.440228546758792,18.605493545532227,18.353246007952077,18.605493545532227,104000,0.0,0.0
2024-06-10 00:00:00-04:00,18.570702702742743,18.701175689697266,18.509815419434236,18.701175689697266,34700,0.0,0.0
2024-06-11 00:00:00-04:00,18.63158789401948,18.657683152101914,18.45762282491094,18.61419105529785,38200,0.0,0.0
2024-06-12 00:00:00-04:00,18.596795326026285,18.788157245272743,18.596795326026285,18.744665145874023,113800,0.0,0.0
2024-06-13 00:00:00-04:00,18.718573527612442,18.892536966468437,18.579402112905996,18.709875106811523,61100,0.0,0.0
2024-06-14 00:00:00-04:00,18.63158998605125,18.70987411003477,18.50111699909673,18.701175689697266,32300,0.0,0.0
2024-06-17 00:00:00-04:00,18.570704412326762,18.70117741129238,18.508946119961323,18.509817123413086,175000,0.0,0.0
2024-06-18 00:00:00-04:00,18.431531743615242,18.518514290051257,18.140140461912694,18.44892692565918,52300,0.0,0.0
2024-06-20 00:00:00-04:00,18.388038043573154,18.388038043573154,18.005317526986644,18.02271270751953,34300,0.0,0.0
2024-06-21 00:00:00-04:00,17.918335399538577,18.00531794041601,17.666086196899414,17.666086196899414,30400,0.0,0.0
2024-06-24 00:00:00-04:00,17.622599393488862,17.71045129678303,17.48342796298002,17.5791072845459,26100,0.0,0.0
2024-06-25 00:00:00-04:00,17.65738903839434,18.03141282955072,17.57910491191723,17.779165267944336,74800,0.0,0.0
2024-06-26 00:00:00-04:00,17.666087459008917,17.90093983844024,17.666087459008917,17.779165267944336,64800,0.0,0.0
2024-06-27 00:00:00-04:00,17.866148906375408,18.014017088693357,17.761769511678633,17.857450485229492,41100,0.0,0.0
2024-06-28 00:00:00-04:00,17.8574518046179,17.918339098083727,17.5791072845459,17.5791072845459,148000,0.0,0.0
2024-07-01 00:00:00-04:00,17.570407989779753,17.82265554908083,17.49212386401809,17.796560287475586,44700,0.0,0.0
2024-07-02 00:00:00-04:00,17.75306903358702,17.979222980015045,17.75306903358702,17.87484359741211,13300,0.0,0.0
2024-07-03 00:00:00-04:00,17.970522940858128,18.08360073341162,17.75306743415941,18.031410217285156,21600,0.0,0.0
2024-07-05 00:00:00-04:00,17.98791986744057,18.135789679080222,17.82265321700711,18.04880714416504,22800,0.0,0.0
2024-07-08 00:00:00-04:00,18.066208716414163,18.15145092616239,17.90964044435578,18.092302322387695,59800,0.0,0.0
2024-07-09 00:00:00-04:00,18.101000827551516,18.11839767098364,17.97922624163524,18.109699249267578,21200,0.0,0.0
2024-07-10 00:00:00-04:00,18.109698342415044,18.179284053604704,17.90094120884606,18.17058563232422,30400,0.0,0.0
2024-07-11 00:00:00-04:00,18.231468289423226,18.248865127563477,18.092296902408837,18.248865127563477,18300,0.0,0.0
2024-07-12 00:00:00-04:00,18.266261965703723,18.2923572229141,18.17927943405628,18.248865127563477,18800,0.0,0.0
2024-07-15 00:00:00-04:00,18.248865829226112,18.248865829226112,18.09229759805148,18.100996017456055,9500,0.0,0.0
2024-07-16 00:00:00-04:00,18.100993496347577,18.26626012390843,18.100993496347577,18.21407127380371,16500,0.0,0.0
2024-07-17 00:00:00-04:00,18.2227725982666,18.283659876275024,18.179280500364943,18.2227725982666,84600,0.0,0.0
2024-07-18 00:00:00-04:00,18.196677339525607,18.370642413024445,18.181890192144433,18.2227725982666,41200,0.0,0.0
2024-07-19 00:00:00-04:00,18.179281247459382,18.26626378778343,18.16188440758378,18.231470108032227,46400,0.0,0.0
2024-07-22 00:00:00-04:00,18.23146927094809,18.241038693778073,18.17928041277146,18.20537567138672,10200,0.0,0.0
2024-07-23 00:00:00-04:00,18.20537518046076,18.20537518046076,17.91833397964881,17.961824417114258,45500,0.0,0.0
2024-07-24 00:00:00-04:00,17.979222064771893,17.979222064771893,17.85744750714581,17.883541107177734,8500,0.0,0.0
2024-07-25 00:00:00-04:00,17.99661837458427,18.092297670308998,17.84874856222364,18.066204071044922,8400,0.0,0.0
2024-07-26 00:00:00-04:00,18.179283056817045,18.179283056817045,18.135792611853464,18.16188621520996,7000,0.0,0.0
2024-07-29 00:00:00-04:00,18.161883278217072,18.161883278217072,18.03141030537123,18.04880714416504,7400,0.0,0.0
2024-07-30 00:00:00-04:00,17.91833779051872,18.01401710510254,17.813958395726868,18.01401710510254,30100,0.0,0.0
2024-07-31 00:00:00-04:00,18.048809496539423,18.048809496539423,17.561709560204104,17.74437141418457,208800,0.0,0.0
2024-08-01 00:00:00-04:00,17.77046514278158,17.987920660125347,17.613896904845433,17.9183349609375,26200,0.0,0.0
2024-08-02 00:00:00-04:00,17.90963575192229,18.04880714416504,17.874842074334676,18.04880714416504,32200,0.0,0.0
2024-08-05 00:00:00-04:00,17.69218255005502,17.84440076170541,17.492123855013343,17.74437141418457,48400,0.0,0.0
2024-08-06 00:00:00-04:00,17.76177059397334,18.10969916573958,17.66608961459226,18.092302322387695,38200,0.0,0.0
2024-08-07 00:00:00-04:00,18.083600837700768,18.12709127566978,17.96182462509057,18.100996017456055,36600,0.0,0.0
2024-08-08 00:00:00-04:00,18.092299762328516,18.214075989506096,17.98792203509523,18.153188705444336,35200,0.0,0.0
2024-08-09 00:00:00-04:00,18.109694332421004,18.14448800983865,18.014013378576333,18.031410217285156,6700,0.0,0.0
2024-08-12 00:00:00-04:00,18.031412838305496,18.0401112589243,17.83135414123535,17.83135414123535,17000,0.0,0.0
2024-08-13 00:00:00-04:00,17.96182641080408,17.995749088516714,17.927034388780715,17.979223251342773,6900,0.0,0.0
2024-08-14 00:00:00-04:00,18.005319595336914,18.005319595336914,17.805259235214496,18.005319595336914,39700,0.0,0.0
2024-08-15 00:00:00-04:00,17.874845847363915,18.014017268983018,17.822656979020305,17.99662208557129,53700,0.0,0.0
2024-08-16 00:00:00-04:00,17.909637815399506,18.092299666618487,17.909637815399506,18.083602905273438,73000,0.0,0.0
2024-08-19 00:00:00-04:00,18.144491032657008,18.16188621520996,18.005319617908587,18.16188621520996,16900,0.0,0.0
2024-08-20 00:00:00-04:00,18.100996383195856,18.2227725982666,18.074902783508758,18.2227725982666,37000,0.0,0.0
2024-08-21 00:00:00-04:00,18.222772700458513,18.309753578641818,18.187979021942066,18.2923583984375,174800,0.0,0.0
2024-08-22 00:00:00-04:00,18.353246614014676,18.39673705532721,18.266264072335613,18.388038635253906,25200,0.0,0.0
2024-08-23 00:00:00-04:00,18.388038000951877,18.527209399216012,18.34454756113956,18.501115798950195,54900,0.0,0.0
2024-08-26 00:00:00-04:00,18.501116041050405,18.50981446093748,18.37064306085219,18.43935775756836,10000,0.0,0.0
2024-08-27 00:00:00-04:00,18.431532992222877,18.509817123413086,18.29236157211899,18.509817123413086,11600,0.0,0.0
2024-08-28 00:00:00-04:00,18.44892327002777,18.553302636879163,18.3358471434047,18.431528091430664,46900,0.0,0.0
2024-08-29 00:00:00-04:00,18.518516112346727,18.518516112346727,18.31845573814093,18.3271541595459,16200,0.0,0.0
2024-08-30 00:00:00-04:00,18.463327112601768,18.60481010376437,18.286476325181347,18.569438934326172,76300,0.344,0.0
2024-09-03 00:00:00-04:00,18.49870024330214,18.64018156287463,18.410273996921738,18.6136531829834,24200,0.0,0.0
2024-09-04 00:00:00-04:00,18.60481026353819,18.790503844912855,18.60481026353819,18.7551326751709,16100,0.0,0.0
2024-09-05 00:00:00-04:00,18.746291178877957,18.7551322845391,18.691466878873925,18.719762802124023,19600,0.0,0.0
2024-09-06 00:00:00-04:00,18.675550850834785,18.746291503480023,18.551753443762973,18.710920333862305,8900,0.0,0.0
2024-09-09 00:00:00-04:00,18.746294140919176,18.834718704223633,18.52522935947716,18.834718704223633,16500,0.0,0.0
2024-09-10 00:00:00-04:00,18.834716821283273,18.93198585510254,18.613652061941494,18.93198585510254,25500,0.0,0.0
2024-09-11 00:00:00-04:00,18.834715568234788,18.931984595582875,18.772817709591514,18.91429901123047,20500,0.0,0.0
2024-09-12 00:00:00-04:00,18.914298432313757,18.993881872873597,18.905455640408206,18.9761962890625,18300,0.0,0.0
2024-09-13 00:00:00-04:00,18.97619690069574,19.082308720392387,18.940827418523632,19.011568069458008,35100,0.0,0.0
2024-09-16 00:00:00-04:00,19.011568977678053,19.055781254152837,18.445643743167675,18.940828323364258,37200,0.0,0.0
2024-09-17 00:00:00-04:00,19.011570661990586,19.18842315673828,18.940830001409587,19.18842315673828,25700,0.0,0.0
2024-09-18 00:00:00-04:00,19.18842228651262,19.32106080826283,19.002727006790078,19.206106185913086,39900,0.0,0.0
2024-09-19 00:00:00-04:00,19.223791211352548,19.365272521972656,19.223791211352548,19.365272521972656,78300,0.0,0.0
2024-09-20 00:00:00-04:00,19.27684566345812,19.52443879240428,19.241476180231643,19.480226516723633,74400,0.0,0.0
2024-09-23 00:00:00-04:00,19.56864904350028,19.56864904350028,19.197260231800257,19.338743209838867,84300,0.0,0.0
2024-09-24 00:00:00-04:00,19.365271873613136,19.4183269416718,19.15658669444683,19.382957458496094,51900,0.0,0.0
2024-09-25 00:00:00-04:00,19.37411437158356,19.550966844544696,19.18842079290553,19.48906898498535,83900,0.0,0.0
2024-09-26 00:00:00-04:00,19.586336393726466,19.586336393726466,19.36527164506908,19.533281326293945,36100,0.0,0.0
2024-09-27 00:00:00-04:00,19.550965290557457,19.595177561988486,19.497908540932166,19.502330780029297,41000,0.0,0.0
2024-09-30 00:00:00-04:00,19.497909900247436,19.665919579260382,19.197261711104332,19.586336135864258,152700,0.0,0.0
2024-10-01 00:00:00-04:00,19.586338064027327,19.68360710144043,19.45369954083967,19.68360710144043,17900,0.0,0.0
2024-10-02 00:00:00-04:00,19.70129110296996,19.70129110296996,19.623475204662387,19.674762725830078,10500,0.0,0.0
2024-10-03 00:00:00-04:00,19.639392852783203,19.74550468175739,19.6305517464098,19.639392852783203,23900,0.0,0.0
2024-10-04 00:00:00-04:00,19.639391358319962,19.92235565185547,19.453697779983404,19.92235565185547,89700,0.0,0.0
2024-10-07 00:00:00-04:00,19.807400429878836,19.89582666347899,19.69244750681172,19.88698387145996,30200,0.0,0.0
2024-10-08 00:00:00-04:00,19.878141079440933,19.904669455498016,19.780873740411874,19.88698387145996,29400,0.0,0.0
2024-10-09 00:00:00-04:00,19.913514482593015,19.913514482593015,19.816245446056442,19.878143310546875,31400,0.0,0.0
2024-10-10 00:00:00-04:00,19.922355039536072,19.922355039536072,19.70129029883075,19.88698387145996,26000,0.0,0.0
2024-10-11 00:00:00-04:00,19.869299221420242,19.91351318359375,19.754346292949524,19.91351318359375,60500,0.0,0.0
2024-10-14 00:00:00-04:00,19.89582731185813,19.89582731185813,19.772031592737648,19.869298934936523,16900,0.0,0.0
2024-10-15 00:00:00-04:00,19.816244476135083,19.90467071533203,19.798558890977645,19.90467071533203,55900,0.0,0.0
2024-10-16 00:00:00-04:00,19.860456494390498,19.957725524902344,19.851615388516883,19.957725524902344,21600,0.0,0.0
2024-10-17 00:00:00-04:00,19.931198768463155,19.931198768463155,19.85161532314104,19.91351318359375,12500,0.0,0.0
2024-10-18 00:00:00-04:00,19.89582801352459,20.063837700106287,19.807401773924212,20.046152114868164,72100,0.0,0.0
2024-10-21 00:00:00-04:00,19.940041196689865,20.01078185426865,19.89582891817449,19.975412368774414,47300,0.0,0.0
2024-10-22 00:00:00-04:00,19.975410137654045,20.08152026887527,19.851614422365905,19.9842529296875,111400,0.0,0.0
2024-10-23 00:00:00-04:00,19.922356273884077,19.922356273884077,19.78087496599399,19.807401657104492,36300,0.0,0.0
2024-10-24 00:00:00-04:00,19.727818301223007,20.028466503518185,19.727818301223007,19.948883056640625,26700,0.0,0.0
2024-10-25 00:00:00-04:00,20.019622052793338,20.019622052793338,19.851614066936115,19.89582633972168,21600,0.0,0.0
2024-10-28 00:00:00-04:00,19.98425332049899,20.019622802734375,19.895827085025292,20.019622802734375,7200,0.0,0.0
2024-10-29 00:00:00-04:00,19.975411369371546,20.019623645674905,19.851615646449954,19.90467071533203,15600,0.0,0.0
2024-10-30 00:00:00-04:00,20.028464913495373,20.028464913495373,19.895826408092777,19.940038681030273,8100,0.0,0.0
2024-10-31 00:00:00-04:00,20.037307636543602,20.037307636543602,19.89582633972168,19.89582633972168,207200,0.0,0.0
2024-11-01 00:00:00-04:00,19.913511991903817,19.940038681030273,19.7720306945957,19.940038681030273,27800,0.0,0.0
2024-11-04 00:00:00-05:00,19.94003935946706,20.07267955597269,19.897596318102632,20.019622802734375,29500,0.0,0.0
2024-11-05 00:00:00-05:00,19.94003932338769,20.09920620963432,19.94003932338769,20.07267951965332,19100,0.0,0.0
2024-11-06 00:00:00-05:00,19.993099597293444,20.02846908569336,19.89583055266038,20.02846908569336,36700,0.0,0.0
2024-11-07 00:00:00-05:00,20.072680260611165,20.249531051176636,19.895827783455474,20.196475982666016,235700,0.0,0.0
2024-11-08 00:00:00-05:00,20.20531854498727,20.426383295618226,20.20531854498727,20.346799850463867,87100,0.0,0.0
2024-11-11 00:00:00-05:00,20.3379594277921,20.603236484822794,20.3379594277921,20.523653030395508,72400,0.0,0.0
2024-11-12 00:00:00-05:00,20.52364773795447,20.55901890261893,20.36625010301352,20.37332534790039,178800,0.0,0.0
2024-11-13 00:00:00-05:00,20.373329874580552,20.58555184995031,20.20974073154505,20.399856567382812,65200,0.0,0.0
2024-11-14 00:00:00-05:00,20.470595897376725,20.470595897376725,20.099207042933774,20.33795738220215,45700,0.0,0.0
2024-11-15 00:00:00-05:00,20.417541653324136,20.603235244750977,20.161105718583872,20.603235244750977,43600,0.0,0.0
2024-11-18 00:00:00-05:00,20.585549530580604,20.585549530580604,20.258372967962856,20.364484786987305,118700,0.0,0.0
2024-11-19 00:00:00-05:00,20.284903199553206,20.364486649452434,20.16994857788086,20.16994857788086,130700,0.0,0.0
2024-11-20 00:00:00-05:00,20.26721435959443,20.26721435959443,20.037306839753626,20.108047485351562,211500,0.0,0.0
2024-11-21 00:00:00-05:00,20.108048421679577,20.461751666139396,20.06383614859339,20.13457679748535,17900,0.0,0.0
2024-11-22 00:00:00-05:00,20.134577445401543,20.161104135470822,20.046151209793567,20.116891860961914,39200,0.0,0.0
2024-11-25 00:00:00-05:00,20.169947281428144,20.30258579387122,20.115122980657898,20.205318450927734,37100,0.0,0.0
2024-11-26 00:00:00-05:00,20.284903526228447,20.311430218895183,20.112473277533347,20.16110610961914,20100,0.0,0.0
2024-11-27 00:00:00-05:00,20.143421561528857,20.337957943379994,20.081522011921873,20.178791046142578,23400,0.0,0.0
2024-11-29 00:00:00-05:00,20.28113818356426,20.451719284057617,20.24522565192197,20.451719284057617,199100,0.344,0.0
2024-12-02 00:00:00-05:00,20.352962260570436,20.424785614013672,20.23624995337661,20.424785614013672,123900,0.0,0.0
2024-12-03 00:00:00-05:00,20.34398415662243,20.76594614465833,20.2542045365882,20.61332130432129,39700,0.0,0.0
2024-12-04 00:00:00-05:00,20.514565000388217,20.613321039996073,20.406829115247877,20.49660873413086,15700,0.0,0.0
2024-12-05 00:00:00-05:00,20.496609624008258,20.496609624008258,20.40683000122742,20.417604446411133,23200,0.0,0.0
2024-12-06 00:00:00-05:00,20.41580607347,20.514563819798266,20.35296085758973,20.46967315673828,26500,0.0,0.0
2024-12-09 00:00:00-05:00,20.469673142472217,20.469673142472217,20.227270411732054,20.406827926635742,25000,0.0,0.0
2024-12-10 00:00:00-05:00,20.478651275077958,20.478651275077958,20.245224964539833,20.406827926635742,19000,0.0,0.0
2024-12-11 00:00:00-05:00,20.33500503646219,20.397850253714942,20.254203553593296,20.263181686401367,17700,0.0,0.0
2024-12-12 00:00:00-05:00,20.227270854705903,20.245225407906883,20.14646937188841,20.200336456298828,24500,0.0,0.0
2024-12-13 00:00:00-05:00,20.29011656008616,20.29011656008616,20.11953545754474,20.18238067626953,24300,0.0,0.0
2024-12-16 00:00:00-05:00,20.155448221761215,20.182380908722738,20.074646736069045,20.110557556152344,15200,0.0,0.0
2024-12-17 00:00:00-05:00,20.038733236353632,20.20033619993773,20.038733236353632,20.146469116210938,21100,0.0,0.0
2024-12-18 00:00:00-05:00,20.137490759906903,20.227270373390418,19.948953400351154,20.020776748657227,50000,0.0,0.0
2024-12-19 00:00:00-05:00,19.975890138776936,20.1626312087347,19.886110514773563,20.011802673339844,41800,0.0,0.0
2024-12-20 00:00:00-05:00,19.97589136063381,20.20033957816902,19.92202426789848,20.02975845336914,17000,0.0,0.0
2024-12-23 00:00:00-05:00,19.98486733915408,20.03873442607903,19.90406585256474,19.975889205932617,19200,0.0,0.0
2024-12-24 00:00:00-05:00,19.886109809921564,19.939976897452738,19.7155287016017,19.84122085571289,27200,0.0,0.0
2024-12-26 00:00:00-05:00,19.84122014025479,19.84122014025479,19.59881568649965,19.670639038085938,31400,0.0,0.0
2024-12-27 00:00:00-05:00,19.571881287503373,19.71552799067595,19.56559676564462,19.670639038085938,31300,0.0,0.0
2024-12-30 00:00:00-05:00,19.670639516183268,19.922022109047052,19.612282506474855,19.913043975830078,27600,0.0,0.0
2024-12-31 00:00:00-05:00,19.913046136857517,20.09260368347168,19.80531023896582,20.09260368347168,315300,0.0,0.0
2025-01-02 00:00:00-05:00,20.029757490789056,20.290118232571533,19.95075231108043,20.191360473632812,22200,0.0,0.0
2025-01-03 00:00:00-05:00,20.245226388370664,20.388873095357656,20.200337434588665,20.357450485229492,245700,0.0,0.0
2025-01-06 00:00:00-05:00,20.352962980964513,20.42478633694994,20.236250669639652,20.335006713867188,41400,0.0,0.0
2025-01-07 00:00:00-05:00,20.27215980631396,20.32602689072438,20.14646937188841,20.200336456298828,25000,0.0,0.0
2025-01-08 00:00:00-05:00,20.17340079478293,20.17340079478293,19.842115763416057,19.859174728393555,118400,0.0,0.0
2025-01-10 00:00:00-05:00,19.661661371218052,19.724506591295494,19.419256911716083,19.526992797851562,43700,0.0,0.0
2025-01-13 00:00:00-05:00,19.39232373035371,19.48210334777832,19.149919277028392,19.48210334777832,53300,0.0,0.0
2025-01-14 00:00:00-05:00,19.491079295788875,19.598815176567065,19.491079295788875,19.562904357910156,11700,0.0,0.0
2025-01-15 00:00:00-05:00,19.751441468738108,19.9399771335313,19.751441468738108,19.769397735595703,29100,0.0,0.0
2025-01-16 00:00:00-05:00,19.70655180847923,19.930999998952096,19.70655180847923,19.922021865844727,13600,0.0,0.0
2025-01-17 00:00:00-05:00,19.93997690671829,20.038734660907863,19.75144124406965,19.90406608581543,17200,0.0,0.0
2025-01-21 00:00:00-05:00,19.90406727256726,20.13749361576699,19.886111004843297,20.056692123413086,52100,0.0,0.0
2025-01-22 00:00:00-05:00,20.02975727006497,20.061179881671215,19.886110556321018,19.939977645874023,37500,0.0,0.0
2025-01-23 00:00:00-05:00,19.939973793111005,19.939973793111005,19.796327107122185,19.81428337097168,36700,0.0,0.0
2025-01-24 00:00:00-05:00,19.814286942140697,19.850199476312277,19.68859649734793,19.823265075683594,9400,0.0,0.0
2025-01-27 00:00:00-05:00,19.805308099532482,20.083625092186338,19.661661392796734,19.975889205932617,18400,0.0,0.0
2025-01-28 00:00:00-05:00,19.975890180511964,20.00282458149042,19.868154289002046,19.939977645874023,6600,0.0,0.0
2025-01-29 00:00:00-05:00,19.975888500859256,20.05848458373526,19.868152618408203,19.868152618408203,15900,0.0,0.0
2025-01-30 00:00:00-05:00,19.966910829722863,20.08362484777769,19.904065610341245,19.984867095947266,13700,0.0,0.0
2025-01-31 00:00:00-05:00,20.083625092186338,20.161732967568856,19.957932939489694,19.975889205932617,59900,0.0,0.0
2025-02-03 00:00:00-05:00,19.975889440024986,20.020778394254517,19.814286464952527,19.90406608581543,13600,0.0,0.0
2025-02-04 00:00:00-05:00,19.904065842613107,19.975889195945072,19.814286222847198,19.913043975830078,14500,0.0,0.0
2025-02-05 00:00:00-05:00,19.91304613370859,20.09170638059657,19.87623629725125,20.02975845336914,16600,0.0,0.0
2025-02-06 00:00:00-05:00,20.06566741160083,20.10157822955202,19.958830544881337,20.020776748657227,12100,0.0,0.0
2025-02-07 00:00:00-05:00,19.904064421027886,19.94895337150288,19.876232723764208,19.89508628845215,7300,0.0,0.0
2025-02-10 00:00:00-05:00,20.020778394254517,20.020778394254517,19.823264598279202,19.90406608581543,4800,0.0,0.0
2025-02-11 00:00:00-05:00,19.966911062728098,20.027961683641987,19.854686966121665,19.913043975830078,9800,0.0,0.0
2025-02-12 00:00:00-05:00,19.73348403751703,19.91304327069049,19.625749867535962,19.805307388305664,16500,0.0,0.0
2025-02-13 00:00:00-05:00,19.805309065789555,19.957933913192992,19.805309065789555,19.939977645874023,8300,0.0,0.0
2025-02-14 00:00:00-05:00,19.939976187943675,20.092601024187804,19.939976187943675,19.993844985961914,13100,0.0,0.0
2025-02-18 00:00:00-05:00,20.011802708213175,20.011802708213175,19.86815428211511,19.877132415771484,8800,0.0,0.0
2025-02-19 00:00:00-05:00,19.859178342759282,19.922023567474973,19.697575357830967,19.79633140563965,17400,0.0,0.0
2025-02-20 00:00:00-05:00,19.832242263145233,19.832242263145233,19.661661158775424,19.724506378173828,9600,0.0,0.0
2025-02-21 00:00:00-05:00,19.72450591674264,19.87713075131277,19.72450591674264,19.868152618408203,36200,0.0,0.0
2025-02-24 00:00:00-05:00,19.877133342897604,19.904067745123022,19.832244384925893,19.850200653076172,6300,0.0,0.0
2025-02-25 00:00:00-05:00,19.948956961218748,20.206624104056896,19.948956961218748,20.09260368347168,34200,0.0,0.0
2025-02-26 00:00:00-05:00,20.236252118128615,20.236252118128615,20.031554768336385,20.09260368347168,9400,0.0,0.0
2025-02-27 00:00:00-05:00,20.020778179468316,20.112354110975648,19.991151880971582,20.101579666137695,8200,0.0,0.0
2025-02-28 00:00:00-05:00,20.07787380482786,20.469948813178412,20.05507911020547,20.15081787109375,56000,0.344,0.0
2025-03-03 00:00:00-05:00,20.132582463068534,20.324061733891767,20.014049001415152,20.096111297607422,14700,0.0,0.0
2025-03-04 00:00:00-05:00,20.09610916177436,20.223760836007038,19.986692198772335,20.050518035888672,29400,0.0,0.0
2025-03-05 00:00:00-05:00,20.141697382172666,20.159933831470905,19.922865207964353,20.01404571533203,17700,0.0,0.0
2025-03-06 00:00:00-05:00,19.859041041583446,20.014047395383233,19.859041041583446,19.968456268310547,21600,0.0,0.0
2025-03-07 00:00:00-05:00,19.904630314779876,20.018605523119,19.767860412597656,19.767860412597656,25400,0.0,0.0
2025-03-10 00:00:00-04:00,19.767861848453556,19.8955135345459,19.667563101310268,19.8955135345459,31400,0.0,0.0
2025-03-11 00:00:00-04:00,19.859041796477197,19.877276508875745,19.685798985262924,19.822568893432617,21400,0.0,0.0
2025-03-12 00:00:00-04:00,19.77697903431098,20.132581134936117,19.77697903431098,20.05963706970215,26200,0.0,0.0
2025-03-13 00:00:00-04:00,20.059635617893687,20.059635617893687,19.813448763375334,19.931983947753906,15700,0.0,0.0
2025-03-14 00:00:00-04:00,19.831686654164294,19.995811235768894,19.831686654164294,19.950220108032227,17500,0.0,0.0
2025-03-17 00:00:00-04:00,19.868159550634367,20.068755295246856,19.863599568300163,20.05963706970215,34300,0.0,0.0
2025-03-18 00:00:00-04:00,19.96845789672499,20.0140490275156,19.822569756442658,19.877277374267578,54500,0.0,0.0
2025-03-19 00:00:00-04:00,19.9502197583279,19.9502197583279,19.849922757312722,19.922866821289062,28000,0.0,0.0
2025-03-20 00:00:00-04:00,19.92286847907665,20.296707055453073,19.881837330980517,20.096111297607422,132700,0.0,0.0
2025-03-21 00:00:00-04:00,20.18728989979978,20.313118984716105,19.961163806421908,20.20552635192871,64000,0.0,0.0
2025-03-24 00:00:00-04:00,20.278466601513813,20.415236488470203,20.10522381716987,20.314939498901367,24900,0.0,0.0
2025-03-25 00:00:00-04:00,20.314941525972994,20.460829651833325,20.1964063367592,20.40612030029297,67000,0.0,0.0
2025-03-26 00:00:00-04:00,20.397001778899895,20.415236488470203,20.10522381716987,20.314939498901367,90000,0.0,0.0
2025-03-27 00:00:00-04:00,20.287588062369267,20.43347619694629,20.07787408630526,20.24199867248535,57300,0.0,0.0
2025-03-28 00:00:00-04:00,20.241996182338458,20.36052962492904,20.13166792457324,20.169052124023438,29600,0.0,0.0
2025-03-31 00:00:00-04:00,20.114342775944525,20.410678991106277,19.849921216723903,20.169052124023438,348500,0.0,0.0
2025-04-01 00:00:00-04:00,20.19640760035846,20.378768638655213,20.173612905352304,20.287588119506836,54500,0.0,0.0
2025-04-02 00:00:00-04:00,20.214645423104916,20.407947302031094,20.214645423104916,20.369651794433594,21800,0.0,0.0
2025-04-03 00:00:00-04:00,20.187288456684787,20.2784689716875,19.995810940390395,20.07787322998047,16400,0.0,0.0
2025-04-04 00:00:00-04:00,19.941103632172624,19.941103632172624,19.33931291959572,19.48520278930664,63800,0.0,0.0
2025-04-07 00:00:00-04:00,19.14783483976298,19.14783483976298,18.509572982788086,18.509572982788086,46000,0.0,0.0
2025-04-08 00:00:00-04:00,18.57340199001805,18.865178265117947,18.57340199001805,18.74664306640625,26000,0.0,0.0
2025-04-09 00:00:00-04:00,18.518691425353982,19.42137486969634,18.518691425353982,19.239015579223633,35700,0.0,0.0
2025-04-10 00:00:00-04:00,19.120481387112278,19.120481387112278,18.874296245157105,18.919885635375977,34300,0.0,0.0
2025-04-11 00:00:00-04:00,18.892530957770397,18.93812208711303,18.655462302559993,18.919885635375977,17500,0.0,0.0
2025-04-14 00:00:00-04:00,18.919884417723846,19.48520221132325,18.919884417723846,19.41225814819336,32300,0.0,0.0
2025-04-15 00:00:00-04:00,19.202541288836898,19.293721797040483,19.120479005366025,19.156951904296875,13800,0.0,0.0
2025-04-16 00:00:00-04:00,19.056654294153905,19.21257194628561,19.056654294153905,19.170629501342773,15000,0.0,0.0
2025-04-17 00:00:00-04:00,19.147834259454036,19.229896545410156,19.147834259454036,19.229896545410156,8000,0.0,0.0
2025-04-21 00:00:00-04:00,19.084009225803815,19.24813380461582,19.011065161789997,19.239015579223633,21800,0.0,0.0
2025-04-22 00:00:00-04:00,19.293721637495807,19.42137330445112,19.239014028675467,19.375783920288086,9400,0.0,0.0
2025-04-23 00:00:00-04:00,19.494318357563802,19.822567505486546,19.494318357563802,19.74050521850586,76100,0.0,0.0
2025-04-24 00:00:00-04:00,19.69491663335009,19.904630602334052,19.69491663335009,19.859041213989258,24500,0.0,0.0
2025-04-25 00:00:00-04:00,19.95022168272578,19.95022168272578,19.786098827290473,19.813451766967773,37200,0.0,0.0
2025-04-28 00:00:00-04:00,19.877276037055378,20.068755295246856,19.84080487400024,20.05963706970215,21100,0.0,0.0
2025-04-29 00:00:00-04:00,20.105226458301992,20.141699360480825,20.023164167523316,20.05963706970215,23700,0.0,0.0
2025-04-30 00:00:00-04:00,19.931984359019367,20.305822891391077,19.84992207248669,20.2237606048584,51900,0.0,0.0
2025-05-01 00:00:00-04:00,20.2146448841871,20.333178346573014,20.05052029078827,20.319501876831055,24500,0.0,0.0
2025-05-02 00:00:00-04:00,20.296703791293837,20.296703791293837,20.169052124023438,20.169052124023438,5600,0.0,0.0
2025-05-05 00:00:00-04:00,20.187288749080672,20.214643425714794,20.05963706970215,20.05963706970215,9500,0.0,0.0
2025-05-06 00:00:00-04:00,20.03228302278298,20.232880512824952,20.03228302278298,20.178171157836914,7700,0.0,0.0
2025-05-07 00:00:00-04:00,20.178170758044782,20.178170758044782,19.941103847621985,19.995811462402344,64100,0.0,0.0
2025-05-08 00:00:00-04:00,19.97757612288311,20.004930801357478,19.859042661075147,19.877277374267578,9200,0.0,0.0
2025-05-09 00:00:00-04:00,19.877275984449014,19.91374888653132,19.877275984449014,19.904630661010742,7100,0.0,0.0
2025-05-12 00:00:00-04:00,19.977574493725083,20.114344396695795,19.941103331190607,19.968456268310547,8300,0.0,0.0
2025-05-13 00:00:00-04:00,19.913748944966592,20.000369478980712,19.913748944966592,19.950220108032227,9000,0.0,0.0
2025-05-14 00:00:00-04:00,19.9502197583279,20.050518498466744,19.89551214512656,19.922866821289062,10200,0.0,0.0
2025-05-15 00:00:00-04:00,19.950220915929123,20.01404849734519,19.851746510803316,19.959339141845703,12100,0.0,0.0
2025-05-16 00:00:00-04:00,19.941102584173105,20.150816543480307,19.838979506830142,20.114343643188477,20900,0.0,0.0
2025-05-19 00:00:00-04:00,20.050519408900662,20.2967062881708,20.050519408900662,20.24199867248535,12800,0.0,0.0
2025-05-20 00:00:00-04:00,20.24199867248535,20.283029819030375,20.059637634702195,20.24199867248535,32100,0.0,0.0
2025-05-21 00:00:00-04:00,20.178170582169564,20.469948583076985,19.968456611402978,20.105226516723633,155100,0.0,0.0
2025-05-22 00:00:00-04:00,20.10522576024201,20.10522576024201,19.776978347647855,19.786096572875977,101400,0.0,0.0
2025-05-23 00:00:00-04:00,19.78609806680196,20.05963788780433,19.78609806680196,19.959339141845703,30600,0.0,0.0
2025-05-27 00:00:00-04:00,20.014048310244053,20.178171157836914,20.014048310244053,20.178171157836914,14400,0.0,0.0
2025-05-28 00:00:00-04:00,20.06875535356252,20.14169941900845,20.055990185587575,20.105226516723633,21700,0.0,0.0
2025-05-29 00:00:00-04:00,20.232878830013316,20.232878830013316,19.99216325328278,20.114343643188477,18300,0.0,0.0
2025-05-30 00:00:00-04:00,20.18288836213743,20.51633550889936,20.18288836213743,20.442235946655273,117100,0.344,0.0
2025-06-02 00:00:00-04:00,20.386660202658195,20.39592286808494,20.22919842374904,20.377397537231445,59600,0.0,0.0
2025-06-03 00:00:00-04:00,20.331086391096374,20.386660618116622,20.331086391096374,20.340347290039062,25200,0.0,0.0
2025-06-04 00:00:00-04:00,20.28477443041396,20.28477443041396,20.15510063640114,20.201412200927734,55900,0.0,0.0
2025-06-05 00:00:00-04:00,20.155100449967705,20.164363116121933,20.099526219715262,20.145837783813477,69700,0.0,0.0
2025-06-06 00:00:00-04:00,20.09952719659058,20.11805076312639,20.025427630428297,20.071739196777344,51700,0.0,0.0
2025-06-09 00:00:00-04:00,20.006902297219472,20.11805076312639,19.988376964010648,20.071739196777344,51800,0.0,0.0
2025-06-10 00:00:00-04:00,19.923539487370164,20.09952661441052,19.923539487370164,20.08100128173828,121800,0.0,0.0
2025-06-11 00:00:00-04:00,20.08100130425454,20.14583820200712,20.071738637908034,20.108787536621094,34500,0.0,0.0
2025-06-12 00:00:00-04:00,20.108786602894693,20.108786602894693,20.006900811159994,20.034687042236328,35900,0.0,0.0
2025-06-13 00:00:00-04:00,19.72902566936663,19.72902566936663,19.54377765541695,19.59935188293457,8800,0.0,0.0
2025-06-16 00:00:00-04:00,19.54377792034069,19.599352148611644,19.14549212327433,19.35852813720703,10800,0.0,0.0
2025-06-17 00:00:00-04:00,19.358528113088646,19.358528113088646,19.248305393264605,19.33074188232422,4300,0.0,0.0
2025-06-18 00:00:00-04:00,19.340002628545733,19.37334857854139,19.284428400783437,19.31684684753418,7700,0.0,0.0
2025-06-20 00:00:00-04:00,19.34000324036877,19.34000324036877,19.108441889582075,19.145492553710938,6800,0.0,0.0
2025-06-23 00:00:00-04:00,19.00655648852285,19.131599832527034,18.978768489853163,19.080656051635742,7800,0.0,0.0
2025-06-24 00:00:00-04:00,19.126967385384834,19.30295450815769,19.0806558215002,19.173280715942383,14800,0.0,0.0
2025-06-25 00:00:00-04:00,19.210330218670663,19.321480448836112,19.099181755178186,19.191804885864258,15500,0.0,0.0
2025-06-26 00:00:00-04:00,19.293689727783203,19.31221505797616,19.247378168973537,19.293689727783203,6200,0.0,0.0
2025-06-27 00:00:00-04:00,19.293690925178762,19.340002486862595,19.12696647644043,19.12696647644043,14100,0.0,0.0
2025-06-30 00:00:00-04:00,19.126967263680232,19.43262817672348,18.941719242647515,18.99729347229004,93900,0.0,0.0
2025-07-01 00:00:00-04:00,18.802781146456613,19.02508159988495,18.534170895796162,18.552696228027344,7800,0.0,0.0
2025-07-02 00:00:00-04:00,18.86761947744837,19.270535729689573,18.86761947744837,19.117704391479492,27400,0.0,0.0
2025-07-03 00:00:00-04:00,19.19180399449923,19.905013374363957,19.19180399449923,19.590089797973633,20200,0.0,0.0
2025-07-07 00:00:00-04:00,19.571564277722008,19.571564277722008,19.51599004909162,19.534515380859375,3000,0.0,0.0
2025-07-08 00:00:00-04:00,19.53451610369334,19.738289460660216,19.515990771240094,19.729026794433594,12100,0.0,0.0
2025-07-09 00:00:00-04:00,19.67345261380848,20.025426864624023,19.67345261380848,20.025426864624023,7200,0.0,0.0
2025-07-10 00:00:00-04:00,19.86796604392988,19.95132827758789,19.84944071052298,19.95132827758789,5900,0.0,0.0
2025-07-11 00:00:00-04:00,20.090263476159205,20.108787041723367,19.821651458740234,19.821651458740234,7000,0.0,0.0
2025-07-14 00:00:00-04:00,19.951326974636974,19.969850540161133,19.858702080324516,19.969850540161133,10100,0.0,0.0
2025-07-15 00:00:00-04:00,19.923538018139077,19.923538018139077,19.82165046262826,19.867963790893555,10800,0.0,0.0
2025-07-16 00:00:00-04:00,19.914274962025857,19.93280029296875,19.83091273945565,19.93280029296875,5800,0.0,0.0
2025-07-17 00:00:00-04:00,19.86796381545567,19.895750045776367,19.83091315279763,19.895750045776367,5700,0.0,0.0
2025-07-18 00:00:00-04:00,19.877225271107555,19.895750602955374,19.858701705932617,19.858701705932617,3300,0.0,0.0
2025-07-21 00:00:00-04:00,19.701240771821894,19.808684521181394,19.59935320891907,19.60861587524414,47000,0.0,0.0
2025-07-22 00:00:00-04:00,19.617878333060002,19.729026794433594,19.562304102373208,19.729026794433594,4300,0.0,0.0
2025-07-23 00:00:00-04:00,19.636403621197555,19.914276540677367,19.52525339340187,19.877225875854492,10900,0.0,0.0
2025-07-24 00:00:00-04:00,19.812388605107454,19.84017660320008,19.710502812113624,19.766077041625977,7900,0.0,0.0
2025-07-25 00:00:00-04:00,19.766077186012062,20.05321276837505,19.68271495779814,19.969850540161133,10400,0.0,0.0
2025-07-28 00:00:00-04:00,19.738289306392048,20.155100449967705,19.72902664023782,20.145837783813477,11000,0.0,0.0
2025-07-29 00:00:00-04:00,20.08099999226474,20.65527113484447,19.849438648750017,19.923538208007812,59100,0.0,0.0
2025-07-30 00:00:00-04:00,19.94206500401844,20.13657569885254,19.732733689575227,20.13657569885254,14200,0.0,0.0
2025-07-31 00:00:00-04:00,19.905013219266934,20.859046606977206,19.789232545515958,20.803470611572266,65900,0.0,0.0
2025-08-01 00:00:00-04:00,20.859046543674232,20.92388343811035,20.664534093693003,20.92388343811035,8200,0.0,0.0
2025-08-04 00:00:00-04:00,20.794207248336427,20.794207248336427,20.294033948997228,20.664531707763672,16600,0.0,0.0
2025-08-05 00:00:00-04:00,20.59969769417142,20.64601102464768,20.182888319922586,20.590435028076172,12000,0.0,0.0
2025-08-06 00:00:00-04:00,20.553386337912848,20.636748566938977,20.201412089430764,20.47002410888672,24900,0.0,0.0
2025-08-07 00:00:00-04:00,20.32182463970885,20.42371043271742,19.05286766006168,19.145492553710938,33300,0.0,0.0
2025-08-08 00:00:00-04:00,19.28443156632622,19.377056472249677,18.108099324446556,18.19146156311035,58100,0.0,0.0
2025-08-11 00:00:00-04:00,18.19145800780176,18.33965712164624,16.32044375384697,17.0058650970459,41300,0.0,0.0
2025-08-12 00:00:00-04:00,17.135541765627195,17.1818533340002,16.50754778245618,16.63536834716797,37000,0.0,0.0
2025-08-13 00:00:00-04:00,16.579793276628788,17.01512977076782,16.579793276628788,16.709468841552734,35900,0.0,0.0
2025-08-14 00:00:00-04:00,16.77430597091231,16.77430597091231,15.838797837341547,16.144458770751953,167100,0.0,0.0
2025-08-15 00:00:00-04:00,16.13797304171226,16.13797304171226,15.421984721994095,15.968469619750977,77200,0.0,0.0
2025-08-18 00:00:00-04:00,16.061096664306156,16.061096664306156,15.55166236015445,15.875846862792969,36200,0.0,0.0
2025-08-19 00:00:00-04:00,15.949945406221707,16.26023853883733,15.797115831455685,16.09814453125,39600,0.0,0.0
2025-08-20 00:00:00-04:00,15.8573214627478,15.940681920451262,15.320099220474363,15.579446792602539,80300,0.0,0.0
2025-08-21 00:00:00-04:00,15.718382826131837,15.74617082240888,15.310836147438602,15.616497039794922,79700,0.0,0.0
2025-08-22 00:00:00-04:00,15.616497367203308,16.116668943966936,15.616497367203308,15.949944496154785,75700,0.0,0.0
2025-08-25 00:00:00-04:00,15.858248907346162,16.53348193751729,15.792484503992682,16.144458770751953,194200,0.0,0.0
2025-08-26 00:00:00-04:00,16.07035956741565,16.32970717334101,15.996259999055109,16.25560760498047,212400,0.0,0.0
2025-08-27 00:00:00-04:00,16.17224375888034,16.579792227605374,16.17224375888034,16.459381103515625,202000,0.0,0.0
2025-08-28 00:00:00-04:00,16.45011784669729,16.663153856028032,16.39454361962684,16.644628524780273,76700,0.0,0.0
2025-08-29 00:00:00-04:00,16.676739226261812,17.46052701816779,16.66729578284696,16.96003532409668,1532300,0.344,0.0
2025-09-02 00:00:00-04:00,16.960034586285033,17.6588349593628,16.90337572941342,17.422754287719727,61900,0.0,0.0
2025-09-03 00:00:00-04:00,17.60217389855736,17.885471778738044,17.474690122648937,17.753265380859375,33200,0.0,0.0
2025-09-04 00:00:00-04:00,17.838251952115733,17.838251952115733,17.3755341301938,17.68716049194336,13800,0.0,0.0
2025-09-05 00:00:00-04:00,17.753264106103625,18.064890491119566,17.544569979278542,18.036561965942383,21400,0.0,0.0
2025-09-08 00:00:00-04:00,18.121552151888494,18.300972158499928,17.998789198783285,18.083778381347656,17400,0.0,0.0
2025-09-09 00:00:00-04:00,17.913799811471407,17.98934555053711,17.819368988503648,17.98934555053711,9800,0.0,0.0
2025-09-10 00:00:00-04:00,18.008232641418495,18.187654449182446,18.008232641418495,18.083778381347656,20300,0.0,0.0
2025-09-11 00:00:00-04:00,18.102663787276697,18.64092736542938,18.102663787276697,18.480392456054688,49700,0.0,0.0
2025-09-12 00:00:00-04:00,18.3387441155979,18.792018510350427,18.3387441155979,18.499279022216797,26800,0.0,0.0
2025-09-15 00:00:00-04:00,18.650370487134307,18.82034883545459,18.395402964653883,18.499279022216797,9800,0.0,0.0
2025-09-16 00:00:00-04:00,18.37651608125111,18.508722463918183,18.357630999000676,18.499279022216797,4900,0.0,0.0
2025-09-17 00:00:00-04:00,18.3765162388993,18.508722622700542,18.319857389357253,18.489835739135742,22700,0.0,0.0
2025-09-18 00:00:00-04:00,18.43317842646413,18.43317842646413,18.36707612962839,18.404848098754883,1600,0.0,0.0
2025-09-19 00:00:00-04:00,18.395403491193346,18.51344381411089,18.168766287329948,18.367074966430664,10900,0.0,0.0
2025-09-22 00:00:00-04:00,18.234868737807478,18.35763168334961,18.197096770746178,18.35763168334961,23200,0.0,0.0
2025-09-23 00:00:00-04:00,18.3009719493272,18.357632604490846,17.94213013905323,17.98934555053711,15400,0.0,0.0
2025-09-24 00:00:00-04:00,17.98934513980909,17.98934513980909,17.309433503741325,17.592729568481445,32900,0.0,0.0
2025-09-25 00:00:00-04:00,17.668272977863158,17.79858994298022,17.469966118904335,17.724933624267578,34300,0.0,0.0
2025-09-26 00:00:00-04:00,17.63050379837481,17.942130198192046,17.5549580590601,17.88547134399414,41500,0.0,0.0
2025-09-29 00:00:00-04:00,17.65883302725229,17.894913673065005,17.65883302725229,17.838253021240234,11400,0.0,0.0
2025-09-30 00:00:00-04:00,17.687163506973008,17.876028764959397,17.54551546405951,17.7343807220459,639700,0.0,0.0
2025-10-01 00:00:00-04:00,17.76270697052727,17.904354995263702,17.630502387593577,17.857139587402344,38500,0.0,0.0
2025-10-02 00:00:00-04:00,17.668274349416375,17.888303121178062,17.384978300011426,17.649389266967773,32000,0.0,0.0
2025-10-03 00:00:00-04:00,17.743821610107645,17.743821610107645,17.394421473489114,17.451080322265625,25000,0.0,0.0
2025-10-06 00:00:00-04:00,17.724935264185497,17.724935264185497,17.252773974044075,17.318876266479492,10000,0.0,0.0
2025-10-07 00:00:00-04:00,17.734378978419507,17.734378978419507,16.997806706074734,17.19611358642578,21900,0.0,0.0
2025-10-08 00:00:00-04:00,17.186672529345078,17.28582597288897,17.05446613680075,17.16778564453125,27100,0.0,0.0
2025-10-09 00:00:00-04:00,17.252775145622895,17.27166203078767,17.045023011115386,17.14889907836914,17900,0.0,0.0
2025-10-10 00:00:00-04:00,17.1016812912501,17.384977324762936,17.045020643625726,17.177227020263672,34600,0.0,0.0
2025-10-13 00:00:00-04:00,17.252775397023886,17.361372286575012,17.252775397023886,17.34720802307129,1000,0.0,0.0
2025-10-14 00:00:00-04:00,17.205556399125022,17.44163703918457,17.205556399125022,17.44163703918457,900,0.0,0.0
2025-10-15 00:00:00-04:00,17.469967523409967,17.469967523409967,17.18667147322102,17.432193756103516,7400,0.0,0.0
2025-10-16 00:00:00-04:00,17.432193756103516,17.432193756103516,17.432193756103516,17.432193756103516,1400,0.0,0.0
2025-10-17 00:00:00-04:00,17.37553743181293,17.554959250292637,17.063911010849562,17.50774383544922,58100,0.0,0.0
2025-10-20 00:00:00-04:00,17.51718408562422,17.857140809173103,17.51718408562422,17.791038513183594,11900,0.0,0.0
2025-10-21 00:00:00-04:00,18.282087041490268,18.282087041490268,17.772151947021484,17.772151947021484,2100,0.0,0.0
2025-10-22 00:00:00-04:00,17.88547006945127,17.88547006945127,17.546457170027438,17.63994598388672,3600,0.0,0.0
2025-10-23 00:00:00-04:00,17.573843533716296,17.71171454192905,17.573843533716296,17.649389266967773,3900,0.0,0.0
2025-10-24 00:00:00-04:00,17.687162764610022,17.772151947021484,17.677719321991802,17.772151947021484,3000,0.0,0.0
2025-10-27 00:00:00-04:00,17.791039152011148,17.791039152011148,17.668276196920424,17.753265380859375,1300,0.0,0.0
2025-10-28 00:00:00-04:00,17.43219297747037,17.706047374752977,17.43219297747037,17.68716049194336,2000,0.0,0.0
2025-10-29 00:00:00-04:00,17.57384432603622,17.61161629378874,17.491688359935626,17.6021728515625,4100,0.0,0.0
2025-10-30 00:00:00-04:00,17.408586263191506,17.545513469609087,17.05446529558544,17.318876266479492,15200,0.0,0.0
2025-10-31 00:00:00-04:00,17.334930575083664,17.35192805074173,17.13945510213481,17.281103134155273,5600,0.0,0.0
2025-11-03 00:00:00-05:00,17.347208544840047,17.469969701587306,17.082797544184878,17.422754287719727,3000,0.0,0.0
2025-11-04 00:00:00-05:00,17.281102709653073,17.649389745242416,17.224443858467176,17.41330909729004,2400,0.0,0.0
2025-11-05 00:00:00-05:00,17.34909509496092,17.488855521285682,17.34909509496092,17.479412078857422,1700,0.0,0.0
2025-11-06 00:00:00-05:00,17.37553666553469,17.649391102776598,17.22444518331589,17.233888626098633,5000,0.0,0.0
2025-11-07 00:00:00-05:00,17.224443332577227,17.3377628326416,17.082795308361025,17.3377628326416,3400,0.0,0.0
2025-11-10 00:00:00-05:00,17.328320724048062,17.328320724048062,17.092240065140466,17.158342361450195,4700,0.0,0.0
2025-11-11 00:00:00-05:00,17.205556869506836,17.243330637502183,17.13945457666737,17.205556869506836,3500,0.0,0.0
2025-11-12 00:00:00-05:00,17.139453887939453,17.20555617812268,17.007249307573,17.139453887939453,20300,0.0,0.0
2025-11-13 00:00:00-05:00,17.13945595496528,17.13945595496528,16.837272991311522,17.13001251220703,13800,0.0,0.0
2025-11-14 00:00:00-05:00,17.196113588452857,17.196113588452857,16.98836326599121,16.98836326599121,700,0.0,0.0
2025-11-17 00:00:00-05:00,16.931703047052846,17.152673810358394,16.7900550294902,17.063907623291016,8300,0.0,0.0
2025-11-18 00:00:00-05:00,16.95059045073439,17.063908147806796,16.774001874958365,16.931703567504883,5500,0.0,0.0
2025-11-19 00:00:00-05:00,16.591748020883887,17.092239654148294,16.591748020883887,16.76172637939453,12000,0.0,0.0
2025-11-20 00:00:00-05:00,16.922261464589106,16.922261464589106,16.535089333517096,16.544532775878906,19200,0.0,0.0
2025-11-21 00:00:00-05:00,16.686181862217907,16.7711710476862,16.582305790833864,16.69562530517578,9800,0.0,0.0
2025-11-24 00:00:00-05:00,16.79950083415551,16.88448821572724,16.676737880819356,16.827829360961914,10300,0.0,0.0
2025-11-25 00:00:00-05:00,16.827827123834854,16.917538916535378,16.629520257943277,16.63896369934082,34000,0.0,0.0
2025-11-26 00:00:00-05:00,16.790056018000953,16.997806335913936,16.714510284109654,16.90337371826172,14700,0.0,0.0
2025-11-28 00:00:00-05:00,17.070906664405477,17.234587178239813,17.042023056134475,17.119049072265625,19600,0.344,0.0
2025-12-01 00:00:00-05:00,17.205701572543354,17.224956697006984,16.820569700152816,17.215328216552734,3700,0.0,0.0
2025-12-02 00:00:00-05:00,17.21532884217359,17.21532884217359,17.12867618782604,17.186445236206055,5600,0.0,0.0
2025-12-03 00:00:00-05:00,17.09978975776674,17.23458480834961,17.080532797270664,17.23458480834961,3000,0.0,0.0
2025-12-04 00:00:00-05:00,17.167187283058173,17.24421328859765,17.157558802810136,17.23458480834961,2200,0.0,0.0
2025-12-05 00:00:00-05:00,17.090163316066327,17.427152819165098,17.05164939048016,17.417524337768555,21100,0.0,0.0
2025-12-08 00:00:00-05:00,17.427151746975202,17.427151746975202,16.897596321416117,17.186445236206055,5200,0.0,0.0
2025-12-09 00:00:00-05:00,17.33086850635903,17.40789451515172,17.167188008118956,17.292354583740234,6900,0.0,0.0
2025-12-10 00:00:00-05:00,17.282727939530442,17.33086850635903,17.138302566154856,17.292354583740234,7500,0.0,0.0
2025-12-11 00:00:00-05:00,17.282728719833727,17.61971637573843,17.282728719833727,17.446409225463867,10500,0.0,0.0
2025-12-12 00:00:00-05:00,17.48010590761257,17.600459152218,17.003506250939374,17.167186737060547,15300,0.0,0.0
2025-12-15 00:00:00-05:00,17.205702769946303,17.205702769946303,16.964996251173073,17.061277389526367,10300,0.0,0.0
2025-12-16 00:00:00-05:00,17.05164851147732,17.273099899291992,16.916853451764442,17.273099899291992,28400,0.0,0.0
2025-12-17 00:00:00-05:00,17.273098914206606,17.273098914206606,17.104603262729864,17.224956512451172,19300,0.0,0.0
2025-12-18 00:00:00-05:00,17.23458634528176,17.43678077563203,17.22495786417508,17.253843307495117,15300,0.0,0.0
2025-12-19 00:00:00-05:00,17.215327847853533,17.330867774385162,16.955366226935826,17.23458480834961,21200,0.0,0.0
2025-12-22 00:00:00-05:00,17.23458688256762,17.407895875000737,17.186446311978443,17.32124137878418,15100,0.0,0.0
2025-12-23 00:00:00-05:00,17.205702012805116,17.33086858902341,17.08823565012444,17.196073532104492,24700,0.0,0.0
2025-12-24 00:00:00-05:00,16.97462271167122,17.119048090524085,16.97462271167122,17.070905685424805,5800,0.0,0.0
2025-12-26 00:00:00-05:00,17.022763844703036,17.090161370360605,16.926480878144428,16.945737838745117,16800,0.0,0.0
2025-12-29 00:00:00-05:00,17.046834859125095,17.109419065541925,16.878341037747006,17.003507614135742,9500,0.0,0.0
2025-12-30 00:00:00-05:00,17.00350778636524,17.167188287266853,16.81094184302984,17.09016227722168,58200,0.0,0.0
2025-12-31 00:00:00-05:00,17.061276291506395,17.15755926010816,16.916852756826184,17.022764205932617,107800,0.0,0.0
2026-01-02 00:00:00-05:00,17.070904317022624,17.37900833918052,17.070904317022624,17.23458480834961,5100,0.0,0.0
2026-01-05 00:00:00-05:00,17.282729104608734,17.629345249319766,17.282729104608734,17.330869674682617,11700,0.0,0.0
2026-01-06 00:00:00-05:00,17.301984415970487,17.42715283781443,17.23458688256762,17.32124137878418,4300,0.0,0.0
2026-01-07 00:00:00-05:00,17.301984581824616,17.436781486367543,17.301984581824616,17.407896041870117,1700,0.0,0.0
2026-01-08 00:00:00-05:00,17.34049760038737,17.513806585412485,17.090162603844973,17.35975456237793,11300,0.0,0.0
2026-01-09 00:00:00-05:00,17.49454898235144,17.658229480383365,17.369382406889333,17.484920501708984,3000,0.0,0.0
2026-01-12 00:00:00-05:00,17.52343542384554,17.56194751216725,17.359754916477,17.43678092956543,9200,0.0,0.0
2026-01-13 00:00:00-05:00,17.610088356337023,17.610088356337023,17.436779383147083,17.513805389404297,8300,0.0,0.0
2026-01-14 00:00:00-05:00,17.648600441243207,17.648600441243207,17.32123945553884,17.513805389404297,7800,0.0,0.0
2026-01-15 00:00:00-05:00,17.73525529173176,17.73525529173176,17.4271512603812,17.590831756591797,2600,0.0,0.0
2026-01-16 00:00:00-05:00,17.610089814360656,17.629344940185547,17.53306196528109,17.629344940185547,1900,0.0,0.0
2026-01-20 00:00:00-05:00,17.552318545350985,17.754512971892083,17.431965288452346,17.744884490966797,40100,0.0,0.0
2026-01-21 00:00:00-05:00,17.69674248997996,18.197412490844727,17.69674248997996,18.197412490844727,15200,0.0,0.0
2026-01-22 00:00:00-05:00,18.13964216175086,18.178154247170728,17.916266189692042,18.168527603149414,1400,0.0,0.0
2026-01-23 00:00:00-05:00,17.619716412085936,18.120386411098593,17.619716412085936,17.918193817138672,5200,0.0,0.0
2026-01-26 00:00:00-05:00,17.95670509338379,18.072245025027094,17.75451250856414,17.95670509338379,4900,0.0,0.0
2026-01-27 00:00:00-05:00,18.004848851224438,18.274438984598053,17.75643843861511,17.985591888427734,5400,0.0,0.0
2026-01-28 00:00:00-05:00,17.9374491284218,18.19741261172596,17.715999569953077,17.908565521240234,6600,0.0,0.0
2026-01-29 00:00:00-05:00,17.89893744858584,18.101130049252017,17.61971699649058,17.69674301147461,6000,0.0,0.0
2026-01-30 00:00:00-05:00,17.6967421002016,17.812282034950577,17.638973051049593,17.648601531982422,8000,0.0,0.0
2026-02-02 00:00:00-05:00,17.725628712752652,17.725628712752652,17.61971725194718,17.687116622924805,1800,0.0,0.0
2026-02-03 00:00:00-05:00,17.783395671407497,17.9374476854667,17.57157461118731,17.600460052490234,5800,0.0,0.0
2026-02-04 00:00:00-05:00,17.6967421002016,17.6967421002016,17.542690078166274,17.648601531982422,4300,0.0,0.0
2026-02-05 00:00:00-05:00,17.600461870078366,17.85079687788772,17.600461870078366,17.69674301147461,3200,0.0,0.0
2026-02-06 00:00:00-05:00,17.812282596120472,17.812282596120472,17.523435504815446,17.61971664428711,5400,0.0,0.0
2026-02-09 00:00:00-05:00,17.619716627446827,17.715999603271484,17.59083302021094,17.715999603271484,1400,0.0,0.0
2026-02-10 00:00:00-05:00,17.715998597087502,17.860422134399414,17.715998597087502,17.860422134399414,5300,0.0,0.0
2026-02-11 00:00:00-05:00,17.86042284465619,18.091502717278516,17.86042284465619,18.014474868774414,10700,0.0,0.0
2026-02-12 00:00:00-05:00,17.95670543699678,18.216668910835104,17.95670543699678,18.130014419555664,5200,0.0,0.0
2026-02-13 00:00:00-05:00,18.014475188713295,18.29369563516468,18.014475188713295,18.284067153930664,4300,0.0,0.0
2026-02-17 00:00:00-05:00,18.39960690588525,18.39960690588525,18.20704095604589,18.2936954498291,6300,0.0,0.0
2026-02-18 00:00:00-05:00,18.226296734435884,18.486260198899682,18.226296734435884,18.44774627685547,1900,0.0,0.0
2026-02-19 00:00:00-05:00,18.303323462886034,18.60179902470348,18.303323462886034,18.505516052246094,2300,0.0,0.0
2026-02-20 00:00:00-05:00,18.370722414780545,18.62105742797062,18.370722414780545,18.577730178833008,3500,0.0,0.0
2026-02-23 00:00:00-05:00,18.592169997786577,18.650903178558607,18.43811798095703,18.43811798095703,5800,0.0,0.0
2026-02-24 00:00:00-05:00,18.380350820522278,18.58254342469953,18.380350820522278,18.487224578857422,3600,0.0,0.0
2026-02-25 00:00:00-05:00,18.48626128157398,18.582542419433594,18.48626128157398,18.582542419433594,2800,0.0,0.0
2026-02-26 00:00:00-05:00,18.534402308747033,18.534402308747033,18.41886236943591,18.467004776000977,4700,0.0,0.0
2026-02-27 00:00:00-05:00,18.63759433164978,18.63759433164978,18.147389331459046,18.333667755126953,17000,0.344,0.0
2026-03-02 00:00:00-05:00,18.402296137171174,18.70230135762375,18.372883163995635,18.568965911865234,3300,0.0,0.0
2026-03-03 00:00:00-05:00,18.510140107956826,18.62779013158068,18.43170738220215,18.43170738220215,3800,0.0,0.0
2026-03-04 00:00:00-05:00,18.4121011927969,18.4317079723756,18.23562708670235,18.421905517578125,10200,0.0,0.0
2026-03-05 00:00:00-05:00,18.294451572778335,18.47092568280253,18.294451572778335,18.39739418029785,1900,0.0,0.0
2026-03-06 00:00:00-05:00,18.38268781097909,18.431707563814886,18.019935282049605,18.294450759887695,4600,0.0,0.0
2026-03-09 00:00:00-04:00,18.225822752596045,18.25523572692467,18.049348646591785,18.18660545349121,3900,0.0,0.0
2026-03-10 00:00:00-04:00,18.206213247756256,18.235626220703125,18.206213247756256,18.235626220703125,400,0.0,0.0
2026-03-11 00:00:00-04:00,18.235627171915798,18.245431496742835,18.08856603947772,18.165037155151367,4600,0.0,0.0
2026-03-12 00:00:00-04:00,18.568966330241796,18.568966330241796,18.029739696442935,18.22582244873047,1800,0.0,0.0
2026-03-13 00:00:00-04:00,18.225822057246795,18.274841809273898,17.863069534301758,17.863069534301758,11000,0.0,0.0
2026-03-16 00:00:00-04:00,17.902287173139676,18.22582240464289,17.725813070504525,17.823854446411133,8900,0.0,0.0
2026-03-17 00:00:00-04:00,17.82385499933165,17.87287475381376,17.62777224143568,17.814050674438477,6100,0.0,0.0
2026-03-18 00:00:00-04:00,17.745422114436046,17.828756070321045,17.55914368306803,17.71600914001465,13400,0.0,0.0
2026-03-19 00:00:00-04:00,17.666990321290193,17.666990321290193,17.255218007509292,17.431692123413086,16900,0.0,0.0
2026-03-20 00:00:00-04:00,17.343454112057007,17.412082515583872,17.157175681067113,17.314041137695312,10600,0.0,0.0
2026-03-23 00:00:00-04:00,17.617968694659226,17.617968694659226,17.34345506546119,17.431692123413086,2900,0.0,0.0
2026-03-24 00:00:00-04:00,17.363061317871917,17.608163833618164,17.353258862827804,17.608163833618164,1600,0.0,0.0
2026-03-25 00:00:00-04:00,17.52972996812423,17.779735565185547,17.52972996812423,17.779735565185547,3100,0.0,0.0
2026-03-26 00:00:00-04:00,17.519929028594937,17.519929028594937,17.166980799864984,17.333650588989258,27600,0.0,0.0
2026-03-27 00:00:00-04:00,17.196393435983804,17.402278652021128,17.196393435983804,17.372865676879883,2700,0.0,0.0
2026-03-30 00:00:00-04:00,17.40227729468807,17.490514343245746,17.30423592184803,17.363059997558594,1900,0.0,0.0
2026-03-31 00:00:00-04:00,17.284628504801823,17.44149583451278,17.07874329015383,17.274826049804688,9600,0.0,0.0
2026-04-01 00:00:00-04:00,17.176784239365986,17.39247377358767,17.176784239365986,17.38266944885254,3100,0.0,0.0
2026-04-02 00:00:00-04:00,17.29443255160271,17.480710983276367,17.29443255160271,17.480710983276367,1100,0.0,0.0
2026-04-06 00:00:00-04:00,17.363061410979906,17.5591441726219,17.363061410979906,17.539535522460938,3000,0.0,0.0
2026-04-07 00:00:00-04:00,17.539535428406623,17.608163833618164,17.402278617983537,17.608163833618164,3200,0.0,0.0
2026-04-08 00:00:00-04:00,17.657184116078724,17.784636591782224,17.215998873290353,17.363059997558594,21500,0.0,0.0
2026-04-09 00:00:00-04:00,17.372866076013842,17.647381573687607,17.353259295453018,17.500320434570312,4100,0.0,0.0
2026-04-10 00:00:00-04:00,17.37286528020471,17.515025185165758,17.37286528020471,17.480710983276367,2400,0.0,0.0
2026-04-13 00:00:00-04:00,17.45129800880671,17.500319632922807,17.37286528020471,17.480710983276367,3600,0.0,0.0
2026-04-14 00:00:00-04:00,17.480711744752185,17.735618591308594,17.372866036982668,17.735618591308594,8000,0.0,0.0
2026-04-15 00:00:00-04:00,17.64738034377598,17.823854446411133,17.64738034377598,17.823854446411133,2000,0.0,0.0
2026-04-16 00:00:00-04:00,17.863070829886365,17.863070829886365,17.647381287346303,17.706205368041992,3000,0.0,0.0
2026-04-17 00:00:00-04:00,17.863070272154136,18.029740053907886,17.68757790706259,17.71600914001465,4800,0.0,0.0
2026-04-20 00:00:00-04:00,17.72581407640956,18.019936350836534,17.72581407640956,17.872875213623047,3800,0.0,0.0
2026-04-21 00:00:00-04:00,17.549338563243357,17.696399688720703,17.549338563243357,17.696399688720703,1500,0.0,0.0
2026-04-22 00:00:00-04:00,17.676793803433007,17.676793803433007,17.53953512539738,17.647380828857422,4000,0.0,0.0
2026-04-23 00:00:00-04:00,17.64737993688948,17.696399688720703,17.549338563243357,17.696399688720703,3200,0.0,0.0
2026-04-24 00:00:00-04:00,17.696399688720703,17.696399688720703,17.51012313577511,17.696399688720703,2300,0.0,0.0
2026-04-27 00:00:00-04:00,17.843464145400276,17.843464145400276,17.500320244530304,17.637577056884766,17000,0.0,0.0
2026-04-28 00:00:00-04:00,17.549338652245538,17.6914985512542,17.529730003420134,17.627771377563477,2300,0.0,0.0
2026-04-29 00:00:00-04:00,17.64737981313297,17.72091131034782,17.54933844017439,17.598360061645508,2500,0.0,0.0
2026-04-30 00:00:00-04:00,17.59836168326656,17.80424690246582,17.59836168326656,17.80424690246582,2200,0.0,0.0
2026-05-01 00:00:00-04:00,17.4414949813828,17.804245638014446,17.4414949813828,17.725812911987305,11600,0.0,0.0
2026-05-04 00:00:00-04:00,17.64738002638888,17.78463682819935,17.617967053150775,17.627771377563477,3000,0.0,0.0
2026-05-05 00:00:00-04:00,17.64737993688948,17.696399688720703,17.64737993688948,17.696399688720703,700,0.0,0.0
2026-05-06 00:00:00-04:00,17.647380891222028,17.814050674438477,17.647380891222028,17.814050674438477,1500,0.0,0.0
2026-05-07 00:00:00-04:00,17.814051266248303,17.814051266248303,17.56894874572754,17.56894874572754,3000,0.0,0.0
2026-05-08 00:00:00-04:00,17.647380891222028,17.961111807868573,17.637576566328853,17.814050674438477,14600,0.0,0.0
2026-05-11 00:00:00-04:00,17.814049658914207,17.814049658914207,17.666988533867613,17.765029907226562,3100,0.0,0.0
2026-05-12 00:00:00-04:00,17.598360061645508,17.598360061645508,17.598360061645508,17.598360061645508,2200,0.0,0.0
2026-05-13 00:00:00-04:00,17.50032033917914,17.58855739616532,17.46110303830358,17.56894874572754,6600,0.0,0.0
2026-05-14 00:00:00-04:00,17.50032009212282,17.72581395902245,17.50032009212282,17.539535522460938,6000,0.0,0.0
2026-05-15 00:00:00-04:00,17.490515058743533,17.628753605801226,17.451297760009766,17.451297760009766,2600,0.0,0.0
2026-05-18 00:00:00-04:00,17.44149635292016,17.549340190948133,17.19639383106339,17.500320434570312,16600,0.0,0.0
2026-05-19 00:00:00-04:00,17.421886840371105,17.421886840371105,17.196392980216036,17.314041137695312,3600,0.0,0.0
2026-05-20 00:00:00-04:00,17.314041843448447,17.402278900146484,17.255217762311027,17.402278900146484,4700,0.0,0.0
2026-05-21 00:00:00-04:00,17.255217704873907,17.333650436123996,17.133646316941935,17.23560905456543,4700,0.0,0.0
2026-05-22 00:00:00-04:00,17.265021631522185,17.343454360961914,17.265021631522185,17.343454360961914,400,0.0,0.0
2026-05-26 00:00:00-04:00,17.166980404913208,17.48071132546251,17.166980404913208,17.441495895385742,3000,0.0,0.0
2026-05-27 00:00:00-04:00,17.245412183856704,17.32384490966797,17.117957835673597,17.32384490966797,3000,0.0,0.0
2026-05-28 00:00:00-04:00,17.333649629664784,17.416983584622916,17.196392823859043,17.215999603271484,5000,0.0,0.0
2026-05-29 00:00:00-04:00,17.329999923706055,17.549999237060547,16.649999618530273,16.809999465942383,29000,0.344,0.0
2026-06-01 00:00:00-04:00,16.8799991607666,17.0,16.860000610351562,16.940000534057617,11900,0.0,0.0
2026-06-02 00:00:00-04:00,16.899999618530273,16.899999618530273,16.729999542236328,16.850000381469727,8700,0.0,0.0
2026-06-03 00:00:00-04:00,16.75,17.309999465942383,16.579999923706055,16.709999084472656,19400,0.0,0.0
2026-06-04 00:00:00-04:00,16.709999084472656,16.739999771118164,16.559999465942383,16.700000762939453,9300,0.0,0.0
2026-06-05 00:00:00-04:00,16.639999389648438,16.75,16.440000534057617,16.75,22800,0.0,0.0
2026-06-08 00:00:00-04:00,16.68000030517578,16.864999771118164,16.68000030517578,16.799999237060547,2800,0.0,0.0
2026-06-09 00:00:00-04:00,16.940000534057617,16.940000534057617,16.670000076293945,16.799999237060547,10100,0.0,0.0
2026-06-10 00:00:00-04:00,16.610000610351562,16.795000076293945,16.610000610351562,16.709999084472656,1600,0.0,0.0
2026-06-11 00:00:00-04:00,16.729999542236328,16.969999313354492,16.729999542236328,16.850000381469727,5700,0.0,0.0
2026-06-12 00:00:00-04:00,16.729999542236328,16.799999237060547,16.729999542236328,16.799999237060547,3900,0.0,0.0
2026-06-15 00:00:00-04:00,16.75,17.0,16.75,16.8799991607666,10400,0.0,0.0
2026-06-16 00:00:00-04:00,16.850000381469727,16.950000762939453,16.700000762939453,16.700000762939453,14100,0.0,0.0
2026-06-17 00:00:00-04:00,16.700000762939453,16.850000381469727,16.700000762939453,16.75,2600,0.0,0.0
2026-06-18 00:00:00-04:00,16.8799991607666,17.0,16.760000228881836,16.90999984741211,12100,0.0,0.0
2026-06-22 00:00:00-04:00,16.90999984741211,16.90999984741211,16.780000686645508,16.850000381469727,12000,0.0,0.0
2026-06-23 00:00:00-04:00,16.899999618530273,17.06999969482422,16.780000686645508,16.979999542236328,4500,0.0,0.0
2026-06-24 00:00:00-04:00,16.950000762939453,17.0,16.799999237060547,16.959999084472656,2700,0.0,0.0
2026-06-25 00:00:00-04:00,17.0,17.079999923706055,16.760000228881836,16.8799991607666,9600,0.0,0.0
2026-06-26 00:00:00-04:00,16.860000610351562,16.969999313354492,16.600000381469727,16.8700008392334,4600,0.0,0.0
2026-06-29 00:00:00-04:00,16.829999923706055,16.969999313354492,16.829999923706055,16.950000762939453,3000,0.0,0.0
2026-06-30 00:00:00-04:00,16.979999542236328,16.989999771118164,16.700000762939453,16.719999313354492,25000,0.0,0.0
2026-07-01 00:00:00-04:00,16.850000381469727,16.850000381469727,16.56999969482422,16.770000457763672,12000,0.0,0.0
2026-07-02 00:00:00-04:00,16.770000457763672,16.989999771118164,16.649999618530273,16.844999313354492,5700,0.0,0.0
2026-07-06 00:00:00-04:00,16.80500030517578,16.989999771118164,16.799999237060547,16.989999771118164,8900,0.0,0.0
2026-07-07 00:00:00-04:00,16.924999237060547,16.924999237060547,16.860000610351562,16.899999618530273,900,0.0,0.0
2026-07-08 00:00:00-04:00,16.899999618530273,16.920000076293945,16.700000762939453,16.757999420166016,8300,0.0,0.0
2026-07-09 00:00:00-04:00,16.649999618530273,16.690000534057617,16.540000915527344,16.65999984741211,8300,0.0,0.0
2026-07-10 00:00:00-04:00,16.600000381469727,16.700000762939453,16.600000381469727,16.700000762939453,11800,0.0,0.0
2026-07-13 00:00:00-04:00,16.649999618530273,16.68600082397461,16.5,16.600000381469727,4900,0.0,0.0
2026-07-14 00:00:00-04:00,16.549999237060547,16.600000381469727,16.5,16.549999237060547,6100,0.0,0.0
2026-07-15 00:00:00-04:00,16.65999984741211,16.8700008392334,16.65999984741211,16.81999969482422,37100,0.0,0.0
2026-07-16 00:00:00-04:00,16.81999969482422,16.899999618530273,16.719999313354492,16.790000915527344,6600,0.0,0.0
2026-07-17 00:00:00-04:00,16.700000762939453,16.809999465942383,16.489999771118164,16.809999465942383,18500,0.0,0.0
2026-07-20 00:00:00-04:00,16.81999969482422,16.920000076293945,16.790000915527344,16.8799991607666,5700,0.0,0.0
2026-07-21 00:00:00-04:00,16.799999237060547,16.889999389648438,16.790000915527344,16.81999969482422,5000,0.0,0.0
2026-07-22 00:00:00-04:00,16.757999420166016,16.81999969482422,16.719999313354492,16.780000686645508,3700,0.0,0.0
2026-07-23 00:00:00-04:00,16.600000381469727,16.700000762939453,16.579999923706055,16.700000762939453,2300,0.0,0.0
2026-07-24 00:00:00-04:00,16.75,16.760000228881836,16.566999435424805,16.649999618530273,7400,0.0,0.0
2026-07-27 00:00:00-04:00,16.6299991607666,16.729999542236328,16.615999221801758,16.615999221801758,1100,0.0,0.0
2026-07-28 00:00:00-04:00,16.6200008392334,16.65999984741211,16.6200008392334,16.6200008392334,800,0.0,0.0
2026-07-29 00:00:00-04:00,16.6200008392334,16.719999313354492,16.604999542236328,16.719999313354492,6900,0.0,0.0
2026-07-30 00:00:00-04:00,16.610000610351562,16.610000610351562,16.610000610351562,16.610000610351562,2000,0.0,0.0
2026-07-31 00:00:00-04:00,16.709999084472656,16.809999465942383,16.639999389648438,16.790000915527344,14500,0.0,0.0
2026-08-03 00:00:00-04:00,16.996000289916992,17.03260040283203,16.93000030517578,16.93000030517578,4914,0.0,0.0
