Date,Open,High,Low,Close,Volume,Dividends,Stock Splits
2022-01-03 00:00:00-05:00,4.592061097925277,4.615490069996061,4.549889037571959,4.568632125854492,2490000,0.0,0.0
2022-01-04 00:00:00-05:00,4.5920606095238465,4.5920606095238465,4.559259873365172,4.578003406524658,3874400,0.0,0.0
2022-01-05 00:00:00-05:00,4.549888857659342,4.5733178288036935,4.456173419952393,4.456173419952393,3496800,0.0,0.0
2022-01-06 00:00:00-05:00,4.456173370795252,4.526459836582503,4.446801603692712,4.474916458129883,4532400,0.0,0.0
2022-01-07 00:00:00-05:00,4.512403021724994,4.5264602267199505,4.474916843824785,4.503031253814697,4575600,0.0,0.0
2022-01-10 00:00:00-05:00,4.362458139025353,4.399944315455327,4.339029167039001,4.390572547912598,4019400,0.0,0.0
2022-01-11 00:00:00-05:00,4.399944157328223,4.465544740287859,4.385886506519339,4.456173419952393,4412600,0.0,0.0
2022-01-12 00:00:00-05:00,4.123483289523698,4.184398435877635,4.011024764041255,4.076625347137451,16307000,0.0,0.0
2022-01-13 00:00:00-05:00,4.062568237551982,4.160969561352809,4.029767945241863,4.043825149536133,11035800,0.0,0.0
2022-01-14 00:00:00-05:00,3.9922818236331827,4.039139320876337,3.9688528515763686,4.0203962326049805,9751600,0.0,0.0
2022-01-18 00:00:00-05:00,3.9501095355865363,3.959480855746734,3.9173087978497256,3.926680564880371,8972800,0.0,0.0
2022-01-19 00:00:00-05:00,3.884508664496766,3.8985658687422933,3.842336604889718,3.861079692840576,10567200,0.0,0.0
2022-01-20 00:00:00-05:00,3.8657657745273477,3.889194747383429,3.7767362139188236,3.7907934188842773,8036800,0.0,0.0
2022-01-21 00:00:00-05:00,3.7363441547956815,3.764507749776308,3.6847111957613037,3.6894052028656006,10458200,0.007,0.0
2022-01-24 00:00:00-05:00,3.5438945525734677,3.581445716370271,3.4547104266447644,3.576751708984375,10451600,0.0,0.0
2022-01-25 00:00:00-05:00,3.529812691346892,3.557976063692701,3.4640981558733372,3.4734859466552734,9534400,0.0,0.0
2022-01-26 00:00:00-05:00,3.496955089930365,3.5251186843126945,3.388995390873347,3.4312405586242676,9684200,0.0,0.0
2022-01-27 00:00:00-05:00,3.403077382791674,3.403077382791674,3.3185872662778046,3.3232810497283936,6654600,0.0,0.0
2022-01-28 00:00:00-05:00,3.3889955698288414,3.478179693222046,3.3702199884642283,3.478179693222046,10622000,0.0,0.0
2022-01-31 00:00:00-05:00,3.539200348508513,3.618996679053605,3.539200348508513,3.6096088886260986,6336800,0.0,0.0
2022-02-01 00:00:00-05:00,3.590833213026949,3.623690366744995,3.5767514158459486,3.623690366744995,4768800,0.0,0.0
2022-02-02 00:00:00-05:00,3.6612416748451224,3.689405044796538,3.6471598779581305,3.675323247909546,8295400,0.0,0.0
2022-02-03 00:00:00-05:00,3.5908332422045244,3.6143026059334633,3.5438942909240723,3.5438942909240723,5665800,0.0,0.0
2022-02-04 00:00:00-05:00,3.5485883952212336,3.586139559643269,3.529812813010216,3.567363977432251,5036600,0.0,0.0
2022-02-07 00:00:00-05:00,3.5110369906865153,3.520424781150012,3.473485828832528,3.4922614097595215,7352200,0.0,0.0
2022-02-08 00:00:00-05:00,3.4734860077283103,3.5392005443573,3.4453226348873147,3.5392005443573,7027400,0.0,0.0
2022-02-09 00:00:00-05:00,3.576751627507531,3.600221216257202,3.557976046036829,3.5908334255218506,5079600,0.0,0.0
2022-02-10 00:00:00-05:00,3.529812655791475,3.5814456164833257,3.5016492837293525,3.515730857849121,4499200,0.0,0.0
2022-02-11 00:00:00-05:00,3.478179606507772,3.511036984987972,3.403077282921691,3.417159080505371,3293000,0.0,0.0
2022-02-14 00:00:00-05:00,3.374914012359664,3.384301803088265,3.3326688421696646,3.3608322143554688,5387200,0.0,0.0
2022-02-15 00:00:00-05:00,3.4922613144786565,3.5110368948933877,3.478179517256321,3.506342887878418,4236800,0.0,0.0
2022-02-16 00:00:00-05:00,3.4828735826903388,3.5110369537848265,3.459403994866977,3.496955156326294,3731200,0.0,0.0
2022-02-17 00:00:00-05:00,3.482873376138123,3.4969549489389693,3.454710006713867,3.454710006713867,3270400,0.0,0.0
2022-02-18 00:00:00-05:00,3.4734856671807783,3.4922612472339796,3.435934507074376,3.4406282901763916,7126800,0.0,0.0
2022-02-22 00:00:00-05:00,3.4687916475474747,3.5532819812998997,3.4640978644626554,3.5204246044158936,9314200,0.0,0.0
2022-02-23 00:00:00-05:00,3.5392003216384875,3.5485881119947207,3.4594039916992188,3.4594039916992188,19414200,0.0,0.0
2022-02-24 00:00:00-05:00,3.2763420402699484,3.3702199459075928,3.2200152968873614,3.3702199459075928,11458200,0.0,0.0
2022-02-25 00:00:00-05:00,3.417159107761906,3.48756742477417,3.3936895195427637,3.48756742477417,6946200,0.0,0.0
2022-02-28 00:00:00-05:00,3.435934624504604,3.4453224148520523,3.3796076585973394,3.4218528270721436,7157000,0.0,0.0
2022-03-01 00:00:00-05:00,3.39838304979179,3.4124648464390224,3.323280731200058,3.33736252784729,5983400,0.0,0.0
2022-03-02 00:00:00-05:00,3.3843018208387856,3.4500163562836645,3.379607813538572,3.4359347820281982,7931600,0.0,0.0
2022-03-03 00:00:00-05:00,3.45471042329638,3.50164937799689,3.4077714685958704,3.426547050476074,10786800,0.0,0.0
2022-03-04 00:00:00-05:00,3.4312407747279847,3.454710363583878,3.3936896116166255,3.4359347820281982,10305800,0.0,0.0
2022-03-07 00:00:00-05:00,3.4265469750051274,3.445322556471792,3.3843018047938385,3.398383378982544,10316600,0.0,0.0
2022-03-08 00:00:00-05:00,3.4500161249874735,3.557975823606085,3.435934551676065,3.5110368728637695,11382200,0.0,0.0
2022-03-09 00:00:00-05:00,3.57675176853776,3.6002213582128295,3.529812813010216,3.567363977432251,5766000,0.0,0.0
2022-03-10 00:00:00-05:00,3.5016495349176506,3.5814458733957566,3.5016495349176506,3.5532824993133545,8076200,0.0,0.0
2022-03-11 00:00:00-05:00,3.5767517081452938,3.6002212974240857,3.5392005443573,3.5392005443573,4725200,0.0,0.0
2022-03-14 00:00:00-04:00,3.6096088886260986,3.661241847888672,3.6002210981985927,3.6096088886260986,5621400,0.0,0.0
2022-03-15 00:00:00-04:00,3.5908333664929475,3.609608947655002,3.5392004063860063,3.6002211570739746,7040200,0.0,0.0
2022-03-16 00:00:00-04:00,3.6565480252684095,3.7363443598399235,3.6471602343672074,3.7316503524780273,4822200,0.0,0.0
2022-03-17 00:00:00-04:00,3.689405205917548,3.7551197386740216,3.689405205917548,3.726956367492676,8220200,0.0,0.0
2022-03-18 00:00:00-04:00,3.694099189875116,3.773895524468272,3.689405406334537,3.7692015171051025,6019200,0.0,0.0
2022-03-21 00:00:00-04:00,3.7081807246544165,3.7175685148911084,3.675323346914708,3.6987929344177246,4759200,0.0,0.0
2022-03-22 00:00:00-04:00,3.7363442194705954,3.7879769555761413,3.7363442194705954,3.755119800567627,3612000,0.0,0.0
2022-03-23 00:00:00-04:00,3.703486559131539,3.7222621388014088,3.67062940662055,3.68471097946167,7272200,0.0,0.0
2022-03-24 00:00:00-04:00,3.712874829875019,3.7269566283626427,3.6847114567223658,3.7222626209259033,3415200,0.0,0.0
2022-03-25 00:00:00-04:00,3.675323288750132,3.7175684560579723,3.6706295056173555,3.7081806659698486,3243000,0.0,0.0
2022-03-28 00:00:00-04:00,3.6940988107599257,3.7222621805808416,3.6847110208196208,3.7175683975219727,3433800,0.0,0.0
2022-03-29 00:00:00-04:00,3.7551196831618716,3.7785892707106634,3.7363441026518682,3.773895263671875,5271600,0.0,0.0
2022-03-30 00:00:00-04:00,3.7081805659602893,3.712874348966474,3.67062940662055,3.68471097946167,4920600,0.0,0.0
2022-03-31 00:00:00-04:00,3.6471602312765423,3.6612420295277075,3.6143028512388833,3.6189968585968018,5653200,0.0,0.0
2022-04-01 00:00:00-04:00,3.670629527392434,3.703486680984497,3.647159940121613,3.703486680984497,15204200,0.0,0.0
2022-04-04 00:00:00-04:00,3.759814008952035,3.769201576180326,3.712874829875019,3.7222626209259033,4167000,0.0,0.0
2022-04-05 00:00:00-04:00,3.710902521717361,3.734568856000134,3.6919693640107245,3.7203691005706787,3486000,0.033,0.0
2022-04-06 00:00:00-04:00,3.6588363743026537,3.6683029535418163,3.6257032341150586,3.644636392593384,4192000,0.0,0.0
2022-04-07 00:00:00-04:00,3.597303342904556,3.6020367451726942,3.5547038509965243,3.573637008666992,5446000,0.0,0.0
2022-04-08 00:00:00-04:00,3.578370163623061,3.6209698809748607,3.564170408306489,3.587836742401123,2263600,0.0,0.0
2022-04-11 00:00:00-04:00,3.5168372409597697,3.5405038004340756,3.4742377498874726,3.4837043285369873,6189800,0.0,0.0
2022-04-12 00:00:00-04:00,3.4600378388123363,3.4837043987637277,3.3890383846592043,3.4127049446105957,7840800,0.0,0.0
2022-04-13 00:00:00-04:00,3.389038824712891,3.398505404782438,3.3275061671113706,3.3748390674591064,7028800,0.0,0.0
2022-04-14 00:00:00-04:00,3.393771646031577,3.393771646031577,3.3038390379314575,3.313305616378784,6484400,0.0,0.0
2022-04-18 00:00:00-04:00,3.29910576572631,3.313305746806798,3.2565062738869313,3.265972852706909,3694800,0.0,0.0
2022-04-19 00:00:00-04:00,3.204439791685582,3.2896389961242676,3.1902398114286195,3.2896389961242676,8379400,0.0,0.0
2022-04-20 00:00:00-04:00,3.30857253074646,3.3417056713315736,3.2991059513937215,3.30857253074646,5058000,0.0,0.0
2022-04-21 00:00:00-04:00,3.327505737022989,3.3369723158689575,3.247039703981737,3.251772880554199,4453400,0.0,0.0
2022-04-22 00:00:00-04:00,3.2517728633583927,3.275439423198683,3.194973390582946,3.199706792831421,5617800,0.0,0.0
2022-04-25 00:00:00-04:00,3.194973731555838,3.247040033340454,3.1618405893836163,3.247040033340454,7580800,0.0,0.0
2022-04-26 00:00:00-04:00,3.2328396442719187,3.2328396442719187,3.1665735939610684,3.1760401725769043,5296000,0.0,0.0
2022-04-27 00:00:00-04:00,3.142907064486572,3.1902399580162872,3.142907064486572,3.1476404666900635,5272800,0.0,0.0
2022-04-28 00:00:00-04:00,3.1665737010514423,3.2328397536033444,3.1618402987329266,3.2233731746673584,4514400,0.0,0.0
2022-04-29 00:00:00-04:00,3.114507429980379,3.1381739903678842,3.048241376876831,3.048241376876831,4359800,0.0,0.0
2022-05-02 00:00:00-04:00,3.0245748943092075,3.0435080528259277,2.986708577275767,3.0435080528259277,5308600,0.0,0.0
2022-05-03 00:00:00-04:00,3.029308296788914,3.0624412113426476,3.0198417175305536,3.0435080528259277,4304600,0.0,0.0
2022-05-04 00:00:00-04:00,3.029308030230559,3.076640922357389,2.9725085596783622,3.0719075202941895,11124400,0.0,0.0
2022-05-05 00:00:00-04:00,3.057708089780815,3.0671746692101247,2.9630422954877167,3.000908613204956,7561200,0.0,0.0
2022-05-06 00:00:00-04:00,2.9393756169681615,2.9725087565013513,2.915709056487162,2.953575372695923,4975200,0.0,0.0
2022-05-09 00:00:00-04:00,2.9299090219752006,2.948842179976571,2.8967758826222783,2.9015092849731445,5337000,0.0,0.0
2022-05-10 00:00:00-04:00,2.91097604727448,2.9630423479073253,2.887309485431989,2.9441089630126953,7624400,0.0,0.0
2022-05-11 00:00:00-04:00,2.9109759276538862,2.934642262822797,2.844709873199463,2.844709873199463,7808800,0.0,0.0
2022-05-12 00:00:00-04:00,2.8589097466416353,2.9488423656616183,2.849443167044851,2.9441089630126953,7683000,0.0,0.0
2022-05-13 00:00:00-04:00,2.8778427929355104,2.9299090915257597,2.8778427929355104,2.910975933074951,8653800,0.0,0.0
2022-05-16 00:00:00-04:00,2.8778430051994532,2.8873095851230937,2.844710088317247,2.858909845352173,7327200,0.0,0.0
2022-05-17 00:00:00-04:00,2.9583091624484674,2.9867089033238434,2.9393760018648836,2.9725091457366943,4348600,0.0,0.0
2022-05-18 00:00:00-04:00,2.920442506861661,2.944108842030572,2.8399764707450497,2.844709873199463,5291000,0.0,0.0
2022-05-19 00:00:00-04:00,2.754777140914629,2.816309790302128,2.7358439833029307,2.7973766326904297,8257600,0.0,0.0
2022-05-20 00:00:00-04:00,2.8115768432617188,2.8115768432617188,2.7595105427288,2.8115768432617188,3961800,0.0,0.0
2022-05-23 00:00:00-04:00,2.844710088317247,2.8683764252758133,2.8115769457339717,2.858909845352173,7057800,0.0,0.0
2022-05-24 00:00:00-04:00,2.80684338176744,2.8115767843080275,2.7547773080273132,2.787910223007202,6540600,0.0,0.0
2022-05-25 00:00:00-04:00,2.68851109016628,2.740577390837234,2.68851109016628,2.7311108112335205,7082200,0.0,0.0
2022-05-26 00:00:00-04:00,2.7595105427288,2.8210434228403347,2.7453107862114057,2.8115768432617188,3795000,0.0,0.0
2022-05-27 00:00:00-04:00,2.8589093396544176,2.8967756526510016,2.8589093396544176,2.8873090744018555,3563600,0.0,0.0
2022-05-31 00:00:00-04:00,2.882576199714964,2.915709114202964,2.8210433218071738,2.830509901046753,22281600,0.0,0.0
2022-06-01 00:00:00-04:00,2.8636428615281955,2.9062423525824483,2.816309742599633,2.8541762828826904,9016800,0.0,0.0
2022-06-02 00:00:00-04:00,2.882576263382093,2.925175758050562,2.8683762813585645,2.920442581176758,4690600,0.0,0.0
2022-06-03 00:00:00-04:00,2.892042987935448,2.9109761477827285,2.858909845352173,2.858909845352173,3912600,0.0,0.0
2022-06-06 00:00:00-04:00,2.873109518944928,2.8873092744519764,2.8447097822297858,2.849442958831787,4405200,0.0,0.0
2022-06-07 00:00:00-04:00,2.816309909875087,2.8541764524072377,2.8021101539139504,2.844709873199463,4991200,0.0,0.0
2022-06-08 00:00:00-04:00,2.844709721685448,2.858909476890281,2.821043162076006,2.8257763385772705,4357000,0.0,0.0
2022-06-09 00:00:00-04:00,2.8163099611475593,2.8352431199077976,2.778443643627083,2.787910223007202,6643600,0.0,0.0
2022-06-10 00:00:00-04:00,2.7263777469819415,2.745310906972005,2.693244604148796,2.6979777812957764,6525000,0.0,0.0
2022-06-13 00:00:00-04:00,2.641177914010497,2.6648444733780328,2.6269781589508057,2.6269781589508057,7816000,0.0,0.0
2022-06-14 00:00:00-04:00,2.6411780217157728,2.6837777400341065,2.6411780217157728,2.6743111610412598,4822400,0.0,0.0
2022-06-15 00:00:00-04:00,2.655378012226303,2.688510925965173,2.62697827514968,2.66011118888855,8790800,0.0,0.0
2022-06-16 00:00:00-04:00,2.5417789956333516,2.555978977901604,2.5086460798425314,2.5181126594543457,9357200,0.0,0.0
2022-06-17 00:00:00-04:00,2.461312930705353,2.5086460539774653,2.4518463511911426,2.4660463333129883,22260000,0.0,0.0
2022-06-21 00:00:00-04:00,2.5370457989169775,2.6222450147596934,2.5370457989169775,2.598578453063965,7725200,0.0,0.0
2022-06-22 00:00:00-04:00,2.5133789282935797,2.560711820166136,2.489712595207817,2.522845506668091,10326200,0.0,0.0
2022-06-23 00:00:00-04:00,2.5465122648943783,2.5749120022421423,2.5275791066625355,2.5654454231262207,4246600,0.0,0.0
2022-06-24 00:00:00-04:00,2.5607121349116464,2.6222450147596934,2.5559789579931365,2.598578453063965,5249400,0.0,0.0
2022-06-27 00:00:00-04:00,2.589111735895212,2.6033117172980256,2.5701785778254918,2.5796451568603516,6076000,0.0,0.0
2022-06-28 00:00:00-04:00,2.5749121371252333,2.5749121371252333,2.5181126594543457,2.5181126594543457,7369200,0.0,0.0
2022-06-29 00:00:00-04:00,2.5181124901621947,2.5370456481129517,2.4944459298732253,2.5275790691375732,6261600,0.0,0.0
2022-06-30 00:00:00-04:00,2.4944459389650975,2.5323122550046286,2.48024595759975,2.5133790969848633,5030000,0.0,0.0
2022-07-01 00:00:00-04:00,2.5323123608585236,2.5701786784809153,2.5228457814529257,2.5607120990753174,2925200,0.0,0.0
2022-07-05 00:00:00-04:00,2.48024595759975,2.5133790969848633,2.4613127995799844,2.5133790969848633,5250400,0.0,0.0
2022-07-06 00:00:00-04:00,2.513379156305572,2.551245473238823,2.513379156305572,2.53704571723938,7105800,0.0,0.0
2022-07-07 00:00:00-04:00,2.5559789804658983,2.584378719329834,2.5417789981834,2.584378719329834,6579400,0.0,0.0
2022-07-08 00:00:00-04:00,2.5275790304711685,2.5323122070359276,2.4802459106173225,2.489712715148926,9007200,0.0,0.0
2022-07-11 00:00:00-04:00,2.4471132070671766,2.461312963678189,2.4281800477851183,2.4376466274261475,7026400,0.0,0.0
2022-07-12 00:00:00-04:00,2.4376463978294676,2.4518461531030358,2.418713240330683,2.4234464168548584,6228800,0.0,0.0
2022-07-13 00:00:00-04:00,2.3761133781794914,2.432912847211425,2.3761133781794914,2.418713092803955,7058800,0.0,0.0
2022-07-14 00:00:00-04:00,2.37138032913208,2.37138032913208,2.338247190902522,2.37138032913208,9044400,0.0,0.0
2022-07-15 00:00:00-04:00,2.3571807202953172,2.3903138637542725,2.33824755994765,2.3903138637542725,6219800,0.0,0.0
2022-07-18 00:00:00-04:00,2.4139798687068126,2.437646428730828,2.38558013209862,2.3950467109680176,5574600,0.0,0.0
2022-07-19 00:00:00-04:00,2.4234467801888973,2.4565799236297607,2.418713602955102,2.4565799236297607,5633600,0.0,0.0
2022-07-20 00:00:00-04:00,2.43764659144265,2.43764659144265,2.3666471323324645,2.3997802734375,11821000,0.0,0.0
2022-07-21 00:00:00-04:00,2.4281800152561455,2.470779510219564,2.4139800331343,2.4660463333129883,5992200,0.0,0.0
2022-07-22 00:00:00-04:00,2.4376462284343723,2.456579384617468,2.4234462484465378,2.432912826538086,3661000,0.0,0.0
2022-07-25 00:00:00-04:00,2.456579524908302,2.4707792800060338,2.4329129654773647,2.451846122741699,6610000,0.0,0.0
2022-07-26 00:00:00-04:00,2.385580172381364,2.399780153775762,2.342980453899217,2.352447032928467,10909600,0.0,0.0
2022-07-27 00:00:00-04:00,2.3855802373364265,2.447113115552502,2.3808470605434495,2.4423797130584717,7097000,0.0,0.0
2022-07-28 00:00:00-04:00,2.451846328764258,2.4897128721757964,2.4423797493366375,2.480246067047119,7861200,0.0,0.0
2022-07-29 00:00:00-04:00,2.508646011352539,2.5228457675320546,2.4944460294719684,2.508646011352539,7609200,0.0,0.0
2022-08-01 00:00:00-04:00,2.5275791380060673,2.555978875706005,2.5086459795394416,2.53704571723938,5541400,0.0,0.0
2022-08-02 00:00:00-04:00,2.5323124615084245,2.5749121833773216,2.518112704686169,2.541779041290283,6367400,0.0,0.0
2022-08-03 00:00:00-04:00,2.5559789579931365,2.6033118556835344,2.551245555373567,2.598578453063965,5005000,0.0,0.0
2022-08-04 00:00:00-04:00,2.5938449603108893,2.608044940739505,2.5891115582676734,2.603311538696289,3638800,0.0,0.0
2022-08-05 00:00:00-04:00,2.5938451290130615,2.608045110365236,2.5796451476608873,2.5938451290130615,2610200,0.0,0.0
2022-08-08 00:00:00-04:00,2.5749121498569663,2.579645326835746,2.5465124108810993,2.570178747177124,6028800,0.0,0.0
2022-08-09 00:00:00-04:00,2.555979023813604,2.565445603595463,2.541779041290283,2.541779041290283,5026800,0.0,0.0
2022-08-10 00:00:00-04:00,2.570178409712261,2.5938449686019247,2.570178409712261,2.589111566543579,3317600,0.0,0.0
2022-08-11 00:00:00-04:00,2.598578486152991,2.598578486152991,2.570178747177124,2.570178747177124,2500400,0.0,0.0
2022-08-12 00:00:00-04:00,2.5701785595938906,2.6222448567668115,2.5654453829605592,2.6080451011657715,9543400,0.0,0.0
2022-08-15 00:00:00-04:00,2.6080451011657715,2.61751168013348,2.5938451198636856,2.6080451011657715,2716400,0.0,0.0
2022-08-16 00:00:00-04:00,2.5938451290130615,2.5985783056630885,2.5796451476608873,2.5938451290130615,2948000,0.0,0.0
2022-08-17 00:00:00-04:00,2.5938449603108893,2.6175115191249048,2.5891115582676734,2.603311538696289,4023400,0.0,0.0
2022-08-18 00:00:00-04:00,2.570178747177124,2.589111906494369,2.565445570198344,2.570178747177124,3048800,0.0,0.0
2022-08-19 00:00:00-04:00,2.555978643829396,2.560711820166136,2.518112330331351,2.522845506668091,2310800,0.0,0.0
2022-08-22 00:00:00-04:00,2.4707796810322202,2.4707796810322202,2.4423799405262265,2.4565799236297607,4617200,0.0,0.0
2022-08-23 00:00:00-04:00,2.461313100863556,2.466046503798425,2.4423799405262265,2.4565799236297607,3969200,0.0,0.0
2022-08-24 00:00:00-04:00,2.4613127013738665,2.480245858638201,2.4471129462761345,2.451846122741699,2581400,0.0,0.0
2022-08-25 00:00:00-04:00,2.4471132523880907,2.461313009262085,2.4329132698130302,2.461313009262085,1615800,0.0,0.0
2022-08-26 00:00:00-04:00,2.456579586469623,2.470779341923198,2.3950467109680176,2.3950467109680176,4083600,0.0,0.0
2022-08-29 00:00:00-04:00,2.3619138301439127,2.385580392753803,2.3619138301439127,2.380847215652466,5684600,0.0,0.0
2022-08-30 00:00:00-04:00,2.428180195648313,2.428180195648313,2.3761138916015625,2.3761138916015625,3971800,0.0,0.0
2022-08-31 00:00:00-04:00,2.3903134864915305,2.3997800651712557,2.37138032913208,2.37138032913208,4209800,0.0,0.0
2022-09-01 00:00:00-04:00,2.3855802007858924,2.409246761491332,2.3808470240654347,2.404513359069824,4757600,0.0,0.0
2022-09-02 00:00:00-04:00,2.3997802239557005,2.413979980064313,2.3619136810302734,2.3619136810302734,4339000,0.0,0.0
2022-09-06 00:00:00-04:00,2.3571803658024337,2.361913542326998,2.3287806295519276,2.34298038482666,4794200,0.0,0.0
2022-09-07 00:00:00-04:00,2.357180530697253,2.4234465865840273,2.3524471281405264,2.413980007171631,6264400,0.0,0.0
2022-09-08 00:00:00-04:00,2.4092465840165227,2.4329129172775548,2.3950466034990767,2.4281797409057617,5576600,0.0,0.0
2022-09-09 00:00:00-04:00,2.442379681451809,2.4707794189453125,2.442379681451809,2.4707794189453125,3221600,0.0,0.0
2022-09-12 00:00:00-04:00,2.4991795103271377,2.513379266951694,2.4944461076515774,2.5039126873016357,2981200,0.0,0.0
2022-09-13 00:00:00-04:00,2.4471128977950007,2.4660460546842398,2.4234463388329353,2.4281797409057617,7487200,0.0,0.0
2022-09-14 00:00:00-04:00,2.447112827319922,2.456579405491911,2.413979690867447,2.418713092803955,4810200,0.0,0.0
2022-09-15 00:00:00-04:00,2.4045134503376144,2.43764659144265,2.3903136939362124,2.3997802734375,4863200,0.0,0.0
2022-09-16 00:00:00-04:00,2.3429803068095727,2.357180287312512,2.3287805520076663,2.3477137088775635,5573000,0.0,0.0
2022-09-19 00:00:00-04:00,2.328780766309474,2.371380486037421,2.328780766309474,2.3619136810302734,4529000,0.0,0.0
2022-09-20 00:00:00-04:00,2.35718035697937,2.3713803379019924,2.3382471995499006,2.35718035697937,7696200,0.0,0.0
2022-09-21 00:00:00-04:00,2.3477138877830033,2.3666470460956845,2.324047327041626,2.324047327041626,5163800,0.0,0.0
2022-09-22 00:00:00-04:00,2.309847463301773,2.3145806398084074,2.276714324951172,2.276714324951172,7233000,0.0,0.0
2022-09-23 00:00:00-04:00,2.2530482498338418,2.271981409437398,2.243581444330998,2.26251482963562,6243800,0.0,0.0
2022-09-26 00:00:00-04:00,2.2530479220629953,2.290914235761359,2.2530479220629953,2.2672476768493652,5295000,0.0,0.0
2022-09-27 00:00:00-04:00,2.290914235761359,2.305113990547729,2.257781098424774,2.2672476768493652,5738800,0.0,0.0
2022-09-28 00:00:00-04:00,2.2814479331841597,2.3098476718917142,2.26251477404579,2.305114269256592,5493600,0.0,0.0
2022-09-29 00:00:00-04:00,2.2435814652201183,2.2483148680156106,2.215181725550365,2.2341148853302,4825800,0.0,0.0
2022-09-30 00:00:00-04:00,2.2483147198110953,2.262514701560471,2.2246481587958207,2.229381561279297,4852000,0.0,0.0
2022-10-03 00:00:00-04:00,2.2435811179373712,2.2861808336985474,2.2435811179373712,2.2672476768493652,5225000,0.0,0.0
2022-10-04 00:00:00-04:00,2.3193139735727177,2.3477137088775635,2.309847395137769,2.3477137088775635,6758600,0.0,0.0
2022-10-05 00:00:00-04:00,2.3240473957073946,2.3477139571480183,2.319314218839904,2.3335139751434326,8494600,0.0,0.0
2022-10-06 00:00:00-04:00,2.328781164821019,2.333514342433501,2.3003814220428467,2.3003814220428467,5985200,0.0,0.0
2022-10-07 00:00:00-04:00,2.2909145097949133,2.2909145097949133,2.2246482271951336,2.2388482093811035,17613800,0.0,0.0
2022-10-10 00:00:00-04:00,2.3240473957073946,2.3429805545794706,2.300381059967828,2.3335139751434326,10671400,0.0,0.0
2022-10-11 00:00:00-04:00,2.300381159484076,2.300381159484076,2.24831485748291,2.24831485748291,10994200,0.0,0.0
2022-10-12 00:00:00-04:00,2.224648224147027,2.224648224147027,2.139449008251123,2.1725821495056152,11034600,0.0,0.0
2022-10-13 00:00:00-04:00,2.0921161863579396,2.191515388022987,2.0731830265837465,2.167848825454712,13421400,0.0,0.0
2022-10-14 00:00:00-04:00,2.139449085115613,2.158382244883808,2.0968493627866414,2.1015827655792236,12099800,0.0,0.0
2022-10-17 00:00:00-04:00,2.125248927844828,2.2199149446098376,2.125248927844828,2.1915152072906494,14619000,0.0,0.0
2022-10-18 00:00:00-04:00,2.186781985228905,2.191515388022987,2.153649068474601,2.167848825454712,7968800,0.0,0.0
2022-10-19 00:00:00-04:00,2.139449119567871,2.167848859677494,2.1299825395313303,2.139449119567871,5809400,0.0,0.0
2022-10-20 00:00:00-04:00,2.1583821773529053,2.2151816548803622,2.1583821773529053,2.1583821773529053,6856800,0.0,0.0
2022-10-21 00:00:00-04:00,2.1678484798014286,2.2104481953515718,2.1536487250854024,2.200981616973877,5527000,0.0,0.0
2022-10-24 00:00:00-04:00,2.215181690824587,2.215181690824587,2.172582194838292,2.1962485313415527,3824600,0.0,0.0
2022-10-25 00:00:00-04:00,2.182048508027345,2.229381400952887,2.182048508027345,2.2246479988098145,4820200,0.0,0.0
2022-10-26 00:00:00-04:00,2.215181725550365,2.2435814652201183,2.1962485657705293,2.2341148853302,3194000,0.0,0.0
2022-10-27 00:00:00-04:00,2.210448174414508,2.2293813309905657,2.1962481941319503,2.215181350708008,6578800,0.0,0.0
2022-10-28 00:00:00-04:00,2.21044838076284,2.2435812950134277,2.1962483991546944,2.2435812950134277,3388600,0.0,0.0
2022-10-31 00:00:00-04:00,2.2246479988098145,2.2435811559800314,2.21044824378267,2.2246479988098145,2604800,0.0,0.0
2022-11-01 00:00:00-04:00,2.2672479480519834,2.2672479480519834,2.2199150502671836,2.2388482093811035,5516200,0.0,0.0
2022-11-02 00:00:00-04:00,2.23884810282263,2.243581279525303,2.1820486281842535,2.1915152072906494,5486000,0.0,0.0
2022-11-03 00:00:00-04:00,2.172582228248794,2.1773154053418082,2.134715908700408,2.167848825454712,7235800,0.0,0.0
2022-11-04 00:00:00-04:00,2.1915153886761045,2.2435814652201183,2.1915153886761045,2.2341148853302,6241000,0.0,0.0
2022-11-07 00:00:00-05:00,2.2388479333965265,2.2909142273920824,2.2388479333965265,2.281447649002075,4504000,0.0,0.0
2022-11-08 00:00:00-05:00,2.2861806569883587,2.300380636378175,2.262514325606685,2.2909140586853027,6486800,0.0,0.0
2022-11-09 00:00:00-05:00,2.262514669582713,2.281447827846916,2.253048090450612,2.2577812671661377,3688800,0.0,0.0
2022-11-10 00:00:00-05:00,2.305114137782219,2.352447032928467,2.300380961118118,2.352447032928467,7356800,0.0,0.0
2022-11-11 00:00:00-05:00,2.3571807202953172,2.399780443928106,2.33824755994765,2.3903138637542725,5135400,0.0,0.0
2022-11-14 00:00:00-05:00,2.328780766309474,2.3761136628399404,2.328780766309474,2.3619136810302734,5427000,0.0,0.0
2022-11-15 00:00:00-05:00,2.380847065343514,2.3855802421460335,2.3524471017241804,2.3619136810302734,8722400,0.0,0.0
2022-11-16 00:00:00-05:00,2.3477137782646356,2.366646935694105,2.3335137973420133,2.35718035697937,5357000,0.0,0.0
2022-11-17 00:00:00-05:00,2.3287807200761828,2.347713878312489,2.3098475618398764,2.338247299194336,4969600,0.0,0.0
2022-11-18 00:00:00-05:00,2.3287807294703216,2.3382473086266624,2.3051141687289447,2.324047327041626,2403200,0.0,0.0
2022-11-21 00:00:00-05:00,2.2861809730529785,2.2909143754043155,2.2719812174010605,2.2861809730529785,2520200,0.0,0.0
2022-11-22 00:00:00-05:00,2.2861809730529785,2.2909143754043155,2.2719812174010605,2.2861809730529785,3957800,0.0,0.0
2022-11-23 00:00:00-05:00,2.276714324951172,2.290914305873155,2.267247746236863,2.276714324951172,3542000,0.0,0.0
2022-11-25 00:00:00-05:00,2.3193143437699746,2.380847226269225,2.3098477638240182,2.366647243499756,3461200,0.0,0.0
2022-11-28 00:00:00-05:00,2.3666469445526026,2.390313504278545,2.34298038482666,2.34298038482666,3508400,0.0,0.0
2022-11-29 00:00:00-05:00,2.361913542326998,2.38558010205294,2.3287806295519276,2.34298038482666,3646600,0.0,0.0
2022-11-30 00:00:00-05:00,2.366646944358504,2.4234464168548584,2.3619135421332875,2.4234464168548584,3600800,0.0,0.0
2022-12-01 00:00:00-05:00,2.4281800477851183,2.4471132070671766,2.418713468144089,2.4376466274261475,2884400,0.0,0.0
2022-12-02 00:00:00-05:00,2.4092465146319664,2.4281796709759442,2.3855799563514806,2.418713092803955,2614000,0.0,0.0
2022-12-05 00:00:00-05:00,2.404513460366331,2.409246862987246,2.3761137217440194,2.38558030128479,4129200,0.0,0.0
2022-12-06 00:00:00-05:00,2.3619135641740705,2.3808469475505776,2.324047248823142,2.3287806510925293,5397200,0.0,0.0
2022-12-07 00:00:00-05:00,2.3098476618811437,2.338247400465618,2.3098476618811437,2.3193142414093018,2447200,0.0,0.0
2022-12-08 00:00:00-05:00,2.3335139751434326,2.3524471340155086,2.319314218839904,2.3335139751434326,2581400,0.0,0.0
2022-12-09 00:00:00-05:00,2.262514701560471,2.2719812808263704,2.2246481587958207,2.229381561279297,2944600,0.0,0.0
2022-12-12 00:00:00-05:00,2.2483146787359445,2.2719812393188477,2.243581276338944,2.2719812393188477,2435200,0.0,0.0
2022-12-13 00:00:00-05:00,2.319314112409198,2.333513868061116,2.2672478150497235,2.2861809730529785,5149800,0.0,0.0
2022-12-14 00:00:00-05:00,2.2719811484445374,2.3003808845874643,2.2483145888082454,2.276714324951172,5467800,0.0,0.0
2022-12-15 00:00:00-05:00,2.238848253028912,2.25304823549172,2.1915153543213264,2.1962485313415527,6062600,0.0,0.0
2022-12-16 00:00:00-05:00,2.167848825454712,2.2151817248901944,2.153649068474601,2.167848825454712,8514200,0.0,0.0
2022-12-19 00:00:00-05:00,2.1773154053418082,2.2009819679100837,2.1631156483616976,2.167848825454712,6253000,0.0,0.0
2022-12-20 00:00:00-05:00,2.182048460218487,2.219914773729267,2.172581881840792,2.200981616973877,5186600,0.0,0.0
2022-12-21 00:00:00-05:00,2.2009815961264794,2.2293813309905657,2.1962481941319503,2.215181350708008,4174400,0.0,0.0
2022-12-22 00:00:00-05:00,2.1867818366631706,2.1867818366631706,2.1394489404433936,2.1631155014038086,2801200,0.0,0.0
2022-12-23 00:00:00-05:00,2.1394490409239633,2.158382200301082,2.129982461235404,2.1441824436187744,2887400,0.0,0.0
2022-12-27 00:00:00-05:00,2.1631156483616976,2.172582228248794,2.134715908700408,2.167848825454712,4889200,0.0,0.0
2022-12-28 00:00:00-05:00,2.1867818366631706,2.2104483976235856,2.1631155014038086,2.1631155014038086,5494000,0.0,0.0
2022-12-29 00:00:00-05:00,2.1867816365568187,2.229381352106962,2.1867816365568187,2.200981616973877,5158800,0.0,0.0
2022-12-30 00:00:00-05:00,2.2057149410247803,2.2057149410247803,2.1773152039898185,2.2057149410247803,3605800,0.0,0.0
2023-01-03 00:00:00-05:00,2.2199149820133974,2.2483147198110953,2.210448402747498,2.229381561279297,6515000,0.0,0.0
2023-01-04 00:00:00-05:00,2.2057151687619356,2.229381731585135,2.1962485887728698,2.2199151515960693,4664800,0.0,0.0
2023-01-05 00:00:00-05:00,2.1867818142850197,2.1962483934321004,2.167848655990859,2.1773152351379395,3960800,0.0,0.0
2023-01-06 00:00:00-05:00,2.163115448322861,2.2104483433811306,2.1536488693112075,2.2057149410247803,5946800,0.0,0.0
2023-01-09 00:00:00-05:00,2.2388481182780797,2.26724785579332,2.2388481182780797,2.2435812950134277,4404200,0.0,0.0
2023-01-10 00:00:00-05:00,2.2483147889380635,2.2625147711240334,2.2341148067520935,2.2388482093811035,4722000,0.0,0.0
2023-01-11 00:00:00-05:00,2.257781098424774,2.281447657336768,2.2530479220629953,2.2672476768493652,5598200,0.0,0.0
2023-01-12 00:00:00-05:00,2.2767140792954863,2.305113812374104,2.267247501602614,2.2909140586853027,4840800,0.0,0.0
2023-01-13 00:00:00-05:00,2.271981078912177,2.2861808336985474,2.248314520000183,2.2672476768493652,3942000,0.0,0.0
2023-01-17 00:00:00-05:00,2.26724801811099,2.3145809173583984,2.26724801811099,2.3145809173583984,11383600,0.0,0.0
2023-01-18 00:00:00-05:00,2.352447032928467,2.3761135933521143,2.342980453899217,2.352447032928467,10741600,0.0,0.0
2023-01-19 00:00:00-05:00,2.3524473282072913,2.380847294560847,2.3429807479897984,2.3761138916015625,7023000,0.0,0.0
2023-01-20 00:00:00-05:00,2.380847226269225,2.380847226269225,2.3571806635537995,2.366647243499756,8705200,0.0,0.0
2023-01-23 00:00:00-05:00,2.366647083533847,2.371380486037421,2.3524471017241804,2.3619136810302734,6877600,0.0,0.0
2023-01-24 00:00:00-05:00,2.367607173299375,2.367607173299375,2.3343943902940865,2.3628625869750977,8122200,0.006,0.0
2023-01-25 00:00:00-05:00,2.324904818350132,2.3343942165374756,2.301181209759224,2.3343942165374756,6554000,0.0,0.0
2023-01-26 00:00:00-05:00,2.3391391214842154,2.348628520965576,2.3106709230401323,2.348628520965576,8046800,0.0,0.0
2023-01-27 00:00:00-05:00,2.320160344181692,2.334394556659184,2.3106709446117413,2.3249051570892334,3674400,0.0,0.0
2023-01-30 00:00:00-05:00,2.3438840361681197,2.35337343606171,2.329649823205165,2.339139223098755,7615000,0.0,0.0
2023-01-31 00:00:00-05:00,2.320160388946533,2.329649788699571,2.3059264024395447,2.320160388946533,6168600,0.0,0.0
2023-02-01 00:00:00-05:00,2.329649404321254,2.343883614724819,2.2916918115718805,2.3343942165374756,5721600,0.0,0.0
2023-02-02 00:00:00-05:00,2.372351914430872,2.4150543212890625,2.358117703396439,2.4150543212890625,6961200,0.0,0.0
2023-02-03 00:00:00-05:00,2.3628625304883655,2.3770967416111453,2.353373131821549,2.3676071166992188,4406600,0.0,0.0
2023-02-06 00:00:00-05:00,2.3296499492505465,2.3343947625766286,2.3011817480295087,2.305926561355591,3873400,0.0,0.0
2023-02-07 00:00:00-05:00,2.291692347622496,2.310671148436521,2.2727135468084705,2.305926561355591,3495600,0.0,0.0
2023-02-08 00:00:00-05:00,2.3391391433215936,2.348628542891544,2.3249051570892334,2.3249051570892334,2839200,0.0,0.0
2023-02-09 00:00:00-05:00,2.3486285882056466,2.358117987958684,2.3154158021925824,2.320160388946533,1952400,0.0,0.0
2023-02-10 00:00:00-05:00,2.3154157575192826,2.329649743751643,2.3011815450417905,2.3249051570892334,2767400,0.0,0.0
2023-02-13 00:00:00-05:00,2.296437059248879,2.320160446093224,2.296437059248879,2.315415859222412,3104600,0.0,0.0
2023-02-14 00:00:00-05:00,2.320160446093224,2.3296498460799904,2.296437059248879,2.315415859222412,2958800,0.0,0.0
2023-02-15 00:00:00-05:00,2.3249051918180537,2.343883991241455,2.305926392394652,2.343883991241455,2869400,0.0,0.0
2023-02-16 00:00:00-05:00,2.3391388025085975,2.3533730129121624,2.3201600061339107,2.3343942165374756,3330600,0.0,0.0
2023-02-17 00:00:00-05:00,2.3154157673321287,2.329649753624813,2.282202755573977,2.3011815547943115,4749400,0.0,0.0
2023-02-21 00:00:00-05:00,2.2727131843566895,2.2869473958197157,2.263223785463044,2.2727131843566895,4666600,0.0,0.0
2023-02-22 00:00:00-05:00,2.2442451888786503,2.26796880136221,2.2442451888786503,2.253734588623047,4565200,0.0,0.0
2023-02-23 00:00:00-05:00,2.248989674391449,2.26796869927105,2.244245087855393,2.263223886489868,2493200,0.0,0.0
2023-02-24 00:00:00-05:00,2.2347555604187055,2.239500146682752,2.220521349136339,2.230010747909546,2782200,0.0,0.0
2023-02-27 00:00:00-05:00,2.2252663197660976,2.2347557192135916,2.2062875208711095,2.2157769203186035,3949200,0.0,0.0
2023-02-28 00:00:00-05:00,2.1967981214236154,2.2347557192135916,2.1967981214236154,2.2157769203186035,4799800,0.0,0.0
2023-03-01 00:00:00-05:00,2.244245061176361,2.244245061176361,2.211032050838295,2.2205214500427246,3000600,0.0,0.0
2023-03-02 00:00:00-05:00,2.2062876339015105,2.2489898204803467,2.2062876339015105,2.2489898204803467,3954400,0.0,0.0
2023-03-03 00:00:00-05:00,2.2584790991621237,2.2822024822235107,2.248989474443442,2.2822024822235107,1860800,0.0,0.0
2023-03-06 00:00:00-05:00,2.2869477605415653,2.3154159617626036,2.2869477605415653,2.305926561355591,2260800,0.0,0.0
2023-03-07 00:00:00-05:00,2.3059264935632764,2.3106710805047195,2.2632240798645586,2.2679688930511475,2739600,0.0,0.0
2023-03-08 00:00:00-05:00,2.2774578520761066,2.286947250366211,2.263223641518399,2.286947250366211,2383000,0.0,0.0
2023-03-09 00:00:00-05:00,2.2537344515047035,2.2774580625449072,2.239500239631557,2.2442450523376465,2903800,0.0,0.0
2023-03-10 00:00:00-05:00,2.2584794698351596,2.2632240567281,2.2205216434659203,2.225266456604004,2788200,0.0,0.0
2023-03-13 00:00:00-04:00,2.201542708024798,2.2347557192135916,2.1920533085773037,2.2157769203186035,4615000,0.0,0.0
2023-03-14 00:00:00-04:00,2.1920533528971933,2.2252663647575024,2.1920533528971933,2.2110321521759033,3445400,0.0,0.0
2023-03-15 00:00:00-04:00,2.135117087680271,2.1540958881378174,2.1208828742145376,2.1540958881378174,4102600,0.0,0.0
2023-03-16 00:00:00-04:00,2.130372163643038,2.1920533750446083,2.130372163643038,2.1873087882995605,3822200,0.0,0.0
2023-03-17 00:00:00-04:00,2.1730745408164984,2.17781935373079,2.154095741649596,2.168329954147339,3634600,0.0,0.0
2023-03-20 00:00:00-04:00,2.1161381529721575,2.1493511647883605,2.1161381529721575,2.144606351852417,3642600,0.0,0.0
2023-03-21 00:00:00-04:00,2.1303721492285193,2.1351169621865984,2.1066487631735265,2.120882749557495,2871000,0.0,0.0
2023-03-22 00:00:00-04:00,2.0924145378263828,2.116138149982314,2.073435738599691,2.0781805515289307,4882600,0.0,0.0
2023-03-23 00:00:00-04:00,2.078180586138393,2.1113933722156535,2.078180586138393,2.0971593856811523,3826000,0.0,0.0
2023-03-24 00:00:00-04:00,2.078180393902047,2.0971591916892254,2.078180393902047,2.092414379119873,2793600,0.0,0.0
2023-03-27 00:00:00-04:00,2.0971590908905036,2.1113930754241808,2.0924142785492075,2.1019036769866943,3223400,0.0,0.0
2023-03-28 00:00:00-04:00,2.068691298785514,2.078180699072574,2.0544570852323485,2.063946485519409,5827400,0.0,0.0
2023-03-29 00:00:00-04:00,2.0781804946986915,2.0876698940525387,2.0734356818992046,2.0829250812530518,1769800,0.0,0.0
2023-03-30 00:00:00-04:00,2.101903834999484,2.106648647697476,2.08292503669776,2.087669849395752,4232200,0.0,0.0
2023-03-31 00:00:00-04:00,2.120882648206763,2.135116860155655,2.1113932489892093,2.1303720474243164,2897400,0.0,0.0
2023-04-03 00:00:00-04:00,2.1256274165476343,2.139861628199267,2.1208826039153843,2.1351168155670166,2754400,0.0,0.0
2023-04-04 00:00:00-04:00,2.1446062145863984,2.1446062145863984,2.1256274165476343,2.1351168155670166,4035800,0.0,0.0
2023-04-05 00:00:00-04:00,2.149351027218649,2.149351027218649,2.130372002934766,2.1351168155670166,1609000,0.0,0.0
2023-04-06 00:00:00-04:00,2.1208826039153843,2.139861628199267,2.1161380175282525,2.1351168155670166,2095800,0.0,0.0
2023-04-10 00:00:00-04:00,2.1540957065870483,2.1540957065870483,2.1351169077290666,2.149351119995117,2591000,0.0,0.0
2023-04-11 00:00:00-04:00,2.1351172219466816,2.1683302379585547,2.1351172219466816,2.1635854244232178,2336800,0.0,0.0
2023-04-12 00:00:00-04:00,2.177819224276795,2.1825638106639262,2.130372002934766,2.1351168155670166,4922800,0.0,0.0
2023-04-13 00:00:00-04:00,2.0924146407397184,2.101904040819791,2.0497124535019644,2.0686912536621094,9292000,0.0,0.0
2023-04-14 00:00:00-04:00,2.073435507930737,2.082924906488391,2.0497121246591568,2.0544567108154297,4907800,0.0,0.0
2023-04-17 00:00:00-04:00,2.0592018984984533,2.0734358858064694,2.049712498211393,2.063946485519409,7536600,0.0,0.0
2023-04-18 00:00:00-04:00,2.10664848932799,2.1113930754241808,2.0924142785492075,2.1019036769866943,5387800,0.0,0.0
2023-04-19 00:00:00-04:00,2.073435507930737,2.082924906488391,2.0497121246591568,2.0544567108154297,4279200,0.0,0.0
2023-04-20 00:00:00-04:00,2.063946373358755,2.1019039724442736,2.063946373358755,2.0971593856811523,4923400,0.0,0.0
2023-04-21 00:00:00-04:00,2.111393176907051,2.1161379894764036,2.092414379119873,2.092414379119873,4332600,0.0,0.0
2023-04-24 00:00:00-04:00,2.158840554563888,2.17781935373079,2.158840554563888,2.168329954147339,6399200,0.0,0.0
2023-04-25 00:00:00-04:00,2.1398617751446776,2.1493511748157013,2.120882749557495,2.120882749557495,2523800,0.0,0.0
2023-04-26 00:00:00-04:00,2.130371958642513,2.139861583709717,2.130371958642513,2.139861583709717,3484400,0.0,0.0
2023-04-27 00:00:00-04:00,2.2205216434659203,2.225266456604004,2.1920534433728482,2.225266456604004,3659600,0.0,0.0
2023-04-28 00:00:00-04:00,2.230010747909546,2.2347555604187055,2.2015425515899265,2.230010747909546,4875800,0.0,0.0
2023-05-01 00:00:00-04:00,2.220521620679409,2.263224033503386,2.220521620679409,2.2489898204803467,5133400,0.0,0.0
2023-05-02 00:00:00-04:00,2.248989638798614,2.2537344515047035,2.2300108404645,2.2442450523376465,3820600,0.0,0.0
2023-05-03 00:00:00-04:00,2.2252663647575024,2.239500351093968,2.206287565478793,2.2110321521759033,4244600,0.0,0.0
2023-05-04 00:00:00-04:00,2.2110322543871113,2.215777067548698,2.192053454231053,2.201542854309082,5857800,0.0,0.0
2023-05-05 00:00:00-04:00,2.1825636372272865,2.1967978477478027,2.1825636372272865,2.1967978477478027,3180800,0.0,0.0
2023-05-08 00:00:00-04:00,2.1920530796051025,2.206287290412065,2.1920530796051025,2.1920530796051025,1721000,0.0,0.0
2023-05-09 00:00:00-04:00,2.1873085863153143,2.206287384033203,2.182563773763284,2.206287384033203,2850200,0.0,0.0
2023-05-10 00:00:00-04:00,2.2110321521759033,2.2157769651181476,2.1967981658394375,2.2110321521759033,3381600,0.0,0.0
2023-05-11 00:00:00-04:00,2.2015427525365485,2.2110321521759033,2.1920533528971933,2.2110321521759033,2419800,0.0,0.0
2023-05-12 00:00:00-04:00,2.1967982673926394,2.2110322543871113,2.1967982673926394,2.201542854309082,2013200,0.0,0.0
2023-05-15 00:00:00-04:00,2.2157769552764126,2.234755754470825,2.2062875556792063,2.234755754470825,3076400,0.0,0.0
2023-05-16 00:00:00-04:00,2.2252663647575024,2.2300109514546134,2.206287565478793,2.2110321521759033,2154800,0.0,0.0
2023-05-17 00:00:00-04:00,2.1873085863153143,2.206287384033203,2.1778191874563695,2.206287384033203,3255800,0.0,0.0
2023-05-18 00:00:00-04:00,2.1825640541530236,2.2062876674706686,2.177819467236581,2.201542854309082,2396400,0.0,0.0
2023-05-19 00:00:00-04:00,2.2157769651181476,2.2300109514546134,2.206287565478793,2.2110321521759033,3225600,0.0,0.0
2023-05-22 00:00:00-04:00,2.2632240798645586,2.272713479992591,2.258479492923115,2.2679688930511475,2261800,0.0,0.0
2023-05-23 00:00:00-04:00,2.253734553665238,2.258479366586407,2.225266354873619,2.234755754470825,3179200,0.0,0.0
2023-05-24 00:00:00-04:00,2.239500420546701,2.25373463356974,2.2347558337024482,2.2489898204803467,4385800,0.0,0.0
2023-05-25 00:00:00-04:00,2.239500239631557,2.248989638798614,2.2252662540035324,2.2442450523376465,2786400,0.0,0.0
2023-05-26 00:00:00-04:00,2.277458360134553,2.310671148436521,2.277458360134553,2.305926561355591,2799400,0.0,0.0
2023-05-30 00:00:00-04:00,2.3106706329689217,2.3106706329689217,2.282202438098608,2.286947250366211,2656400,0.0,0.0
2023-05-31 00:00:00-04:00,2.291692246132925,2.320160446093224,2.291692246132925,2.315415859222412,4596000,0.0,0.0
2023-06-01 00:00:00-04:00,2.3343946362745296,2.348628622992345,2.31541583648735,2.339139223098755,2908200,0.0,0.0
2023-06-02 00:00:00-04:00,2.3106709230401323,2.348628520965576,2.3106709230401323,2.348628520965576,6669000,0.0,0.0
2023-06-05 00:00:00-04:00,2.3106706329689217,2.3154154452365248,2.2727130398085036,2.286947250366211,3634600,0.0,0.0
2023-06-06 00:00:00-04:00,2.2537342432282945,2.2916918363887127,2.2537342432282945,2.286947250366211,1928400,0.0,0.0
2023-06-07 00:00:00-04:00,2.3011815547943115,2.3106709544044786,2.291692155184144,2.3011815547943115,3144000,0.0,0.0
2023-06-08 00:00:00-04:00,2.286947555433576,2.286947555433576,2.25373454386521,2.258479356765747,3046000,0.0,0.0
2023-06-09 00:00:00-04:00,2.244245144309267,2.26796875632169,2.2395003314087294,2.258479356765747,2496800,0.0,0.0
2023-06-12 00:00:00-04:00,2.2489897309646727,2.2632239434211527,2.2395003314087294,2.258479356765747,5727800,0.0,0.0
2023-06-13 00:00:00-04:00,2.248989638798614,2.258479264210793,2.239500239631557,2.2442450523376465,4389200,0.0,0.0
2023-06-14 00:00:00-04:00,2.248989740744068,2.2632239532624436,2.2205215419524493,2.234755754470825,5707000,0.0,0.0
2023-06-15 00:00:00-04:00,2.1967979653258793,2.2347555604187055,2.1920531528167198,2.230010747909546,6458000,0.0,0.0
2023-06-16 00:00:00-04:00,2.1873087219761214,2.2157769203186035,2.1825639091298097,2.2157769203186035,6494200,0.0,0.0
2023-06-20 00:00:00-04:00,2.206287246013113,2.234755440809044,2.192053035492597,2.1967978477478027,6278000,0.0,0.0
2023-06-21 00:00:00-04:00,2.206287290412065,2.206287290412065,2.1683296965869716,2.1920530796051025,3346400,0.0,0.0
2023-06-22 00:00:00-04:00,2.1683296529518716,2.1967978477478027,2.1588402546865613,2.1967978477478027,4011000,0.0,0.0
2023-06-23 00:00:00-04:00,2.1730745408164984,2.17781935373079,2.163585141233047,2.168329954147339,2193800,0.0,0.0
2023-06-26 00:00:00-04:00,2.177819051217182,2.2015424337579073,2.177819051217182,2.1967978477478027,3283000,0.0,0.0
2023-06-27 00:00:00-04:00,2.1967979851742587,2.206287384033203,2.182563773763284,2.206287384033203,2117400,0.0,0.0
2023-06-28 00:00:00-04:00,2.1967981214236154,2.2157769203186035,2.1920533085773037,2.2157769203186035,2434600,0.0,0.0
2023-06-29 00:00:00-04:00,2.211031950363133,2.230010747909546,2.211031950363133,2.230010747909546,3445600,0.0,0.0
2023-06-30 00:00:00-04:00,2.253734496351337,2.2632238957072217,2.2395002841949463,2.2395002841949463,4376600,0.0,0.0
2023-07-03 00:00:00-04:00,2.27745799692607,2.27745799692607,2.263223785463044,2.2727131843566895,2686000,0.0,0.0
2023-07-05 00:00:00-04:00,2.26796869927105,2.272713285807106,2.253734487172631,2.263223886489868,3245400,0.0,0.0
2023-07-06 00:00:00-04:00,2.2632239434211527,2.26796875632169,2.2489897309646727,2.258479356765747,4833200,0.0,0.0
2023-07-07 00:00:00-04:00,2.2489897756282806,2.26796880136221,2.2489897756282806,2.253734588623047,3496800,0.0,0.0
2023-07-10 00:00:00-04:00,2.2300108492471544,2.2347556619719313,2.2157768635630712,2.2205214500427246,4167000,0.0,0.0
2023-07-11 00:00:00-04:00,2.225266161645499,2.2347555604187055,2.225266161645499,2.230010747909546,2922400,0.0,0.0
2023-07-12 00:00:00-04:00,2.239500420546701,2.258479446659133,2.239500420546701,2.2489898204803467,1646600,0.0,0.0
2023-07-13 00:00:00-04:00,2.253734342605498,2.2822025387311013,2.2489895301286746,2.2774579524993896,6470400,0.0,0.0
2023-07-14 00:00:00-04:00,2.3106706079465673,2.3533730129121624,2.3106706079465673,2.3343942165374756,6901400,0.0,0.0
2023-07-17 00:00:00-04:00,2.372352349976177,2.4103099513765716,2.372352349976177,2.396075963973999,4477200,0.0,0.0
2023-07-18 00:00:00-04:00,2.396075524073224,2.4197989074704673,2.39133071164671,2.4150543212890625,3633400,0.0,0.0
2023-07-19 00:00:00-04:00,2.4150542209422543,2.4292882051401485,2.4103094087128896,2.424543619155884,5027200,0.0,0.0
2023-07-20 00:00:00-04:00,2.3438838989429525,2.358117884827424,2.2916920894612622,2.3296496868133545,9620800,0.0,0.0
2023-07-21 00:00:00-04:00,2.3296497220028543,2.3581179204469374,2.3296497220028543,2.348628520965576,5565400,0.0,0.0
2023-07-24 00:00:00-04:00,2.334394556659184,2.3391391433215936,2.320160344181692,2.3249051570892334,1320400,0.0,0.0
2023-07-25 00:00:00-04:00,2.315415700928883,2.334394499604929,2.315415700928883,2.3296496868133545,2077000,0.0,0.0
2023-07-26 00:00:00-04:00,2.324905100266906,2.3391390861513774,2.3201602874753315,2.3296496868133545,3441800,0.0,0.0
2023-07-27 00:00:00-04:00,2.3201602518534634,2.33439446376452,2.305926266187529,2.310670852661133,4030400,0.0,0.0
2023-07-28 00:00:00-04:00,2.30118137295922,2.3106707718195523,2.2916919740988875,2.2964367866516113,1842800,0.0,0.0
2023-07-31 00:00:00-04:00,2.3249052019456204,2.339139188452609,2.320160388946533,2.320160388946533,2278200,0.0,0.0
2023-08-01 00:00:00-04:00,2.329649823205165,2.3438840361681197,2.329649823205165,2.339139223098755,2191800,0.0,0.0
2023-08-02 00:00:00-04:00,2.296436968111794,2.3011815547943115,2.282202755573977,2.3011815547943115,2725600,0.0,0.0
2023-08-03 00:00:00-04:00,2.2822024822235107,2.2916918806970865,2.272713083749935,2.2822024822235107,1781400,0.0,0.0
2023-08-04 00:00:00-04:00,2.334394556659184,2.348628542891544,2.3249051570892334,2.3249051570892334,2643400,0.0,0.0
2023-08-07 00:00:00-04:00,2.358117977686439,2.358117977686439,2.329649778551336,2.343883991241455,1676000,0.0,0.0
2023-08-08 00:00:00-04:00,2.3581177744057045,2.367607173299375,2.3391389766183637,2.3628625869750977,3073600,0.0,0.0
2023-08-09 00:00:00-04:00,2.362862723817261,2.3818415227037346,2.362862723817261,2.372352123260498,1819600,0.0,0.0
2023-08-10 00:00:00-04:00,2.386586711556209,2.396076112494507,2.377097310617911,2.3818418979644775,2648200,0.0,0.0
2023-08-11 00:00:00-04:00,2.339139020687498,2.3628626314911823,2.339139020687498,2.3581178188323975,3615800,0.0,0.0
2023-08-14 00:00:00-04:00,2.3533731880814273,2.3628625869750977,2.343883789187757,2.3628625869750977,1969800,0.0,0.0
2023-08-15 00:00:00-04:00,2.3581177744057045,2.372351985868768,2.3533731880814273,2.3628625869750977,2189000,0.0,0.0
2023-08-16 00:00:00-04:00,2.362862723817261,2.3913309221469716,2.3581179109730783,2.372352123260498,4406600,0.0,0.0
2023-08-17 00:00:00-04:00,2.3628625869750977,2.372351985868768,2.3581177744057045,2.3628625869750977,3075400,0.0,0.0
2023-08-18 00:00:00-04:00,2.3201603788396357,2.348628577974738,2.3201603788396357,2.343883991241455,3068000,0.0,0.0
2023-08-21 00:00:00-04:00,2.3533731880814273,2.367607173299375,2.348628375512034,2.3628625869750977,944000,0.0,0.0
2023-08-22 00:00:00-04:00,2.353373131821549,2.3723519291551822,2.353373131821549,2.3676071166992188,3084800,0.0,0.0
2023-08-23 00:00:00-04:00,2.372351914430872,2.4150543212890625,2.372351914430872,2.4150543212890625,2793400,0.0,0.0
2023-08-24 00:00:00-04:00,2.367607319928298,2.3818415322729045,2.348628520965576,2.348628520965576,3301600,0.0,0.0
2023-08-25 00:00:00-04:00,2.343883789187757,2.367607173299375,2.3391389766183637,2.3628625869750977,2467000,0.0,0.0
2023-08-28 00:00:00-04:00,2.3533732324187326,2.367607217904847,2.3533732324187326,2.3581178188323975,1949200,0.0,0.0
2023-08-29 00:00:00-04:00,2.348628319365586,2.3723519291551822,2.348628319365586,2.3676071166992188,1526200,0.0,0.0
2023-08-30 00:00:00-04:00,2.348628577974738,2.3676073773981394,2.329649778551336,2.343883991241455,4878000,0.0,0.0
2023-08-31 00:00:00-04:00,2.3438840014516957,2.3628628009577715,2.3154158021925824,2.320160388946533,6845200,0.0,0.0
2023-09-01 00:00:00-04:00,2.3913309574127197,2.4008203569959,2.3770969711605154,2.3913309574127197,2078600,0.0,0.0
2023-09-05 00:00:00-04:00,2.457756519317627,2.471990730452923,2.4482671206424667,2.457756519317627,4203600,0.0,0.0
2023-09-06 00:00:00-04:00,2.43877802557367,2.4482674254301773,2.429288625717163,2.429288625717163,2696800,0.0,0.0
2023-09-07 00:00:00-04:00,2.4435226350404204,2.4530120341063104,2.4387778223849157,2.4482672214508057,2602600,0.0,0.0
2023-09-08 00:00:00-04:00,2.438778150320157,2.4672463513458607,2.434033563271781,2.4625017642974854,1705800,0.0,0.0
2023-09-11 00:00:00-04:00,2.4814802587271907,2.500459057068708,2.47673544601925,2.490969657897949,2490800,0.0,0.0
2023-09-12 00:00:00-04:00,2.48148046211283,2.4862250489645215,2.4625016622157836,2.4719910621643066,4022600,0.0,0.0
2023-09-13 00:00:00-04:00,2.4767357279229794,2.495714754669825,2.4767357279229794,2.486225128173828,2534400,0.0,0.0
2023-09-14 00:00:00-04:00,2.4814802941317247,2.514693304825808,2.4814802941317247,2.509948492050171,1991200,0.0,0.0
2023-09-15 00:00:00-04:00,2.5146934170521393,2.5194380037943933,2.4767355918884277,2.4767355918884277,6191400,0.0,0.0
2023-09-18 00:00:00-04:00,2.4719910051461738,2.4862249916180716,2.467246192158784,2.4767355918884277,1835600,0.0,0.0
2023-09-19 00:00:00-04:00,2.476735454807457,2.481480267532234,2.453012069918944,2.4672460556030273,1894800,0.0,0.0
2023-09-20 00:00:00-04:00,2.4530119331026023,2.4814801291280832,2.4530119331026023,2.457756519317627,1963400,0.0,0.0
2023-09-21 00:00:00-04:00,2.434033403989808,2.4387779907277003,2.4103097915649414,2.4103097915649414,2232800,0.0,0.0
2023-09-22 00:00:00-04:00,2.377097310617911,2.386586711556209,2.3723524970261796,2.3818418979644775,1999600,0.0,0.0
2023-09-25 00:00:00-04:00,2.3628626884093125,2.3628626884093125,2.3486284763351954,2.3533732891082764,2007600,0.0,0.0
2023-09-26 00:00:00-04:00,2.3438840591827113,2.3486286460535233,2.315415859222412,2.315415859222412,1268200,0.0,0.0
2023-09-27 00:00:00-04:00,2.3628627333101826,2.3723521327915438,2.3391391214842154,2.348628520965576,4616200,0.0,0.0
2023-09-28 00:00:00-04:00,2.3011815547943115,2.3106709544044786,2.27271335596381,2.3011815547943115,4122400,0.0,0.0
2023-09-29 00:00:00-04:00,2.3296495695402175,2.334394382092941,2.2964367866516113,2.2964367866516113,4443400,0.0,0.0
2023-10-02 00:00:00-04:00,2.3106707718195523,2.315415584372276,2.2869473877912787,2.2964367866516113,2264800,0.0,0.0
2023-10-03 00:00:00-04:00,2.2916918363887127,2.3154154452365248,2.282202438098608,2.286947250366211,1480000,0.0,0.0
2023-10-04 00:00:00-04:00,2.286947659262113,2.320160446093224,2.286947659262113,2.315415859222412,2096400,0.0,0.0
2023-10-05 00:00:00-04:00,2.315415859222412,2.320160446093224,2.3011816461196917,2.315415859222412,1119600,0.0,0.0
2023-10-06 00:00:00-04:00,2.3106709791279347,2.353373390953156,2.3106709791279347,2.343883991241455,1505200,0.0,0.0
2023-10-09 00:00:00-04:00,2.315415859222412,2.320160446093224,2.296437059248879,2.315415859222412,1293000,0.0,0.0
2023-10-10 00:00:00-04:00,2.3154157575192826,2.3391391433215936,2.3154157575192826,2.3249051570892334,1965400,0.0,0.0
2023-10-11 00:00:00-04:00,2.396076112494507,2.400820699841074,2.3723524970261796,2.3818418979644775,4050600,0.0,0.0
2023-10-12 00:00:00-04:00,2.353373563390654,2.3581181504715842,2.291692347622496,2.305926561355591,3786800,0.0,0.0
2023-10-13 00:00:00-04:00,2.3154159617626036,2.3296499492505465,2.296437160948578,2.305926561355591,3956400,0.0,0.0
2023-10-16 00:00:00-04:00,2.3106708881373086,2.3438838989429525,2.30592630159086,2.3296496868133545,3278800,0.0,0.0
2023-10-17 00:00:00-04:00,2.339139246066757,2.3438840591827113,2.310671046106458,2.315415859222412,2602800,0.0,0.0
2023-10-18 00:00:00-04:00,2.2584793091518427,2.296436906575382,2.2347556976395673,2.2395002841949463,6274000,0.0,0.0
2023-10-19 00:00:00-04:00,2.2300109063672804,2.2442451186610857,2.211032107472292,2.2157769203186035,3764800,0.0,0.0
2023-10-20 00:00:00-04:00,2.1920533750446083,2.206287587770023,2.1873087882995605,2.1873087882995605,3244400,0.0,0.0
2023-10-23 00:00:00-04:00,2.149351301146005,2.1825640888241367,2.149351301146005,2.1540958881378174,3661800,0.0,0.0
2023-10-24 00:00:00-04:00,2.168330056311074,2.182564043234338,2.1493512562499606,2.1588406562805176,7330000,0.0,0.0
2023-10-25 00:00:00-04:00,2.1446064879090443,2.1635852883665905,2.1446064879090443,2.1540958881378174,3299400,0.0,0.0
2023-10-26 00:00:00-04:00,2.144606076094792,2.158840286827226,2.125627279281616,2.125627279281616,4655600,0.0,0.0
2023-10-27 00:00:00-04:00,2.1446061699982044,2.1540955688202934,2.139861583709717,2.139861583709717,2581000,0.0,0.0
2023-10-30 00:00:00-04:00,2.1540958881378174,2.1635852883665905,2.1446064879090443,2.1540958881378174,1649200,0.0,0.0
2023-10-31 00:00:00-04:00,2.144606443112111,2.177819456341631,2.144606443112111,2.1588406562805176,3099400,0.0,0.0
2023-11-01 00:00:00-04:00,2.1540958881378174,2.1635852883665905,2.1398619009172317,2.1540958881378174,4245400,0.0,0.0
2023-11-02 00:00:00-04:00,2.173074382844663,2.1873085943076482,2.173074382844663,2.1825637817382812,3316800,0.0,0.0
2023-11-03 00:00:00-04:00,2.1730742826925558,2.2110318765176493,2.1730742826925558,2.1920530796051025,2477800,0.0,0.0
2023-11-06 00:00:00-05:00,2.1920531806318997,2.1920531806318997,2.1683297965204114,2.1825637817382812,1921600,0.0,0.0
2023-11-07 00:00:00-05:00,2.17307448387146,2.187308695996198,2.1635850845366766,2.17307448387146,3622800,0.0,0.0
2023-11-08 00:00:00-05:00,2.1730745408164984,2.1730745408164984,2.163585141233047,2.168329954147339,2017800,0.0,0.0
2023-11-09 00:00:00-05:00,2.158840381353895,2.1778191789980736,2.130371958642513,2.139861583709717,4783000,0.0,0.0
2023-11-10 00:00:00-05:00,2.135117043081554,2.1588406562805176,2.1303722299437045,2.1588406562805176,2250400,0.0,0.0
2023-11-13 00:00:00-05:00,2.1493511647883605,2.1588405644151134,2.1351169522256637,2.144606351852417,2406400,0.0,0.0
2023-11-14 00:00:00-05:00,2.1683299888290986,2.1920533750446083,2.154095776103684,2.1873087882995605,2671600,0.0,0.0
2023-11-15 00:00:00-05:00,2.196798065154211,2.225266262767501,2.196798065154211,2.2205214500427246,3217000,0.0,0.0
2023-11-16 00:00:00-05:00,2.244245061176361,2.253734460380791,2.2157768635630712,2.2205214500427246,5037200,0.0,0.0
2023-11-17 00:00:00-05:00,2.2300108848390616,2.2395002841949463,2.2252662982836826,2.2395002841949463,2329800,0.0,0.0
2023-11-20 00:00:00-05:00,2.2442451888786503,2.2584794016178136,2.2252663893898563,2.253734588623047,3398400,0.0,0.0
2023-11-21 00:00:00-05:00,2.25373454386521,2.258479356765747,2.244245144309267,2.258479356765747,1837200,0.0,0.0
2023-11-22 00:00:00-05:00,2.2489897756282806,2.26796880136221,2.2489897756282806,2.253734588623047,1914600,0.0,0.0
2023-11-24 00:00:00-05:00,2.2347555604187055,2.2347555604187055,2.2157767628722924,2.230010747909546,1588400,0.0,0.0
2023-11-27 00:00:00-05:00,2.2300110434969445,2.2395004435279686,2.2205216434659203,2.225266456604004,2365800,0.0,0.0
2023-11-28 00:00:00-05:00,2.2205214412974428,2.2442450523376465,2.2205214412974428,2.2442450523376465,2689200,0.0,0.0
2023-11-29 00:00:00-05:00,2.282202583250335,2.296436794713361,2.2679685980324247,2.2727131843566895,2730400,0.0,0.0
2023-11-30 00:00:00-05:00,2.3059263677219617,2.3154157673321287,2.291692155184144,2.3011815547943115,4003000,0.0,0.0
2023-12-01 00:00:00-05:00,2.286947659262113,2.320160446093224,2.2822028461461588,2.315415859222412,2066400,0.0,0.0
2023-12-04 00:00:00-05:00,2.2916918363887127,2.301181234678817,2.286947250366211,2.286947250366211,3545200,0.0,0.0
2023-12-05 00:00:00-05:00,2.2774579524993896,2.286947351207924,2.267968553790855,2.2774579524993896,1623200,0.0,0.0
2023-12-06 00:00:00-05:00,2.3581178188323975,2.367607217904847,2.3486284197599474,2.3581178188323975,3072200,0.0,0.0
2023-12-07 00:00:00-05:00,2.3581177744057045,2.367607173299375,2.348628375512034,2.3628625869750977,2391000,0.0,0.0
2023-12-08 00:00:00-05:00,2.377096652984619,2.3960754496106556,2.372351840705559,2.377096652984619,4055600,0.0,0.0
2023-12-11 00:00:00-05:00,2.353373333828822,2.367607319928298,2.3296497220028543,2.348628520965576,3497600,0.0,0.0
2023-12-12 00:00:00-05:00,2.3628625304883655,2.3723519291551822,2.348628319365586,2.3676071166992188,3146800,0.0,0.0
2023-12-13 00:00:00-05:00,2.3676073453322033,2.4008203569959,2.353373359079999,2.3913309574127197,3167400,0.0,0.0
2023-12-14 00:00:00-05:00,2.4197990595808774,2.471990868327804,2.4197990595808774,2.4672460556030273,3447400,0.0,0.0
2023-12-15 00:00:00-05:00,2.500458911475804,2.5099483100940283,2.4862247004259124,2.5052037239074707,4447600,0.0,0.0
2023-12-18 00:00:00-05:00,2.5099486285134938,2.5241828413691794,2.4957146419029463,2.5194380283355713,2651600,0.0,0.0
2023-12-19 00:00:00-05:00,2.467246002791603,2.514693224043268,2.467246002791603,2.4957144260406494,2764600,0.0,0.0
2023-12-20 00:00:00-05:00,2.4435226350404204,2.4862248177143655,2.4292884233190257,2.4482672214508057,3612400,0.0,0.0
2023-12-21 00:00:00-05:00,2.4577566563985975,2.4672460556030273,2.4387778579897375,2.4672460556030273,3669000,0.0,0.0
2023-12-22 00:00:00-05:00,2.5953530910241165,2.604842490349346,2.557395493723198,2.5763742923736572,6985000,0.0,0.0
2023-12-26 00:00:00-05:00,2.64754498466911,2.64754498466911,2.595353173597262,2.6143321990966797,2190000,0.0,0.0
2023-12-27 00:00:00-05:00,2.614332132954537,2.6428003311157227,2.6048425073223473,2.6428003311157227,2490400,0.0,0.0
2023-12-28 00:00:00-05:00,2.6333109317286607,2.6475449176866896,2.6285661189125658,2.6428003311157227,2600000,0.0,0.0
2023-12-29 00:00:00-05:00,2.6522897305027846,2.6570343170737516,2.6285661189125658,2.6428003311157227,3095000,0.0,0.0
2024-01-02 00:00:00-05:00,2.6190764976881145,2.6333107086856247,2.5953528881073,2.5953528881073,6839600,0.0,0.0
2024-01-03 00:00:00-05:00,2.5526510304138292,2.5573956171829284,2.524182831063822,2.543161630630493,9386200,0.0,0.0
2024-01-04 00:00:00-05:00,2.5289272250094177,2.552650835781468,2.5241826386020794,2.538416624069214,2855200,0.0,0.0
2024-01-05 00:00:00-05:00,2.5573955502246473,2.5763743492944116,2.5526509635797714,2.571629762649536,5338800,0.0,0.0
2024-01-08 00:00:00-05:00,2.538416695072739,2.585863691698887,2.5289272957475095,2.5763742923736572,5640600,0.0,0.0
2024-01-09 00:00:00-05:00,2.5526510304138292,2.562140430197165,2.5336722308471575,2.543161630630493,4058000,0.0,0.0
2024-01-10 00:00:00-05:00,2.5526509284973145,2.5811191267107074,2.5479061156725185,2.5526509284973145,6181200,0.0,0.0
2024-01-11 00:00:00-05:00,2.5431615736917412,2.5573955599254923,2.524182774549985,2.5479061603546143,5561000,0.0,0.0
2024-01-12 00:00:00-05:00,2.794630936076953,3.031866165230229,2.7803969490250378,2.9796745777130127,30507000,0.0,0.0
2024-01-16 00:00:00-05:00,2.7661625636960907,2.7803967761079034,2.7187155660652658,2.7282049655914307,10980200,0.0,0.0
2024-01-17 00:00:00-05:00,2.7234599793364787,2.7329496045036863,2.6949917825702046,2.6997365951538086,9384000,0.0,0.0
2024-01-18 00:00:00-05:00,2.7566730170077673,2.766162416027351,2.704481209277501,2.742439031600952,6702600,0.0,0.0
2024-01-19 00:00:00-05:00,2.742439031600952,2.7471836179881843,2.7282048199490183,2.742439031600952,6968400,0.0,0.0
2024-01-22 00:00:00-05:00,2.7282049655914307,2.747183764643761,2.713970753179618,2.7282049655914307,5014600,0.0,0.0
2024-01-23 00:00:00-05:00,2.6721003075557177,2.71013728710952,2.6721003075557177,2.7006280422210693,5420800,0.006,0.0
2024-01-24 00:00:00-05:00,2.7576835461130664,2.7576835461130664,2.7291555867172774,2.733910322189331,4333200,0.0,0.0
2024-01-25 00:00:00-05:00,2.6958735012524837,2.7244012355804443,2.691118765505351,2.7244012355804443,4326200,0.0,0.0
2024-01-26 00:00:00-05:00,2.7244011895241753,2.729155698472654,2.7148919449089433,2.719646453857422,4855200,0.0,0.0
2024-01-29 00:00:00-05:00,2.7339104803564314,2.7339104803564314,2.7006280102813376,2.7244012355804443,2990400,0.0,0.0
2024-01-30 00:00:00-05:00,2.7101371717391305,2.7148919073400877,2.667345684921875,2.68636417388916,3878800,0.0,0.0
2024-01-31 00:00:00-05:00,2.705382697460652,2.7291556956147,2.6911187171936035,2.6911187171936035,4497200,0.0,0.0
2024-02-01 00:00:00-05:00,2.6911188769092553,2.710137367248535,2.6768551225139396,2.710137367248535,3428800,0.0,0.0
2024-02-02 00:00:00-05:00,2.7434194087982178,2.748174143997099,2.719646186240319,2.7434194087982178,5265600,0.0,0.0
2024-02-05 00:00:00-05:00,2.7434194087982178,2.748174143997099,2.7244009214392,2.7434194087982178,3839000,0.0,0.0
2024-02-06 00:00:00-05:00,2.833757558325642,2.8575307827393615,2.8194935783337565,2.8242483139038086,5430800,0.0,0.0
2024-02-07 00:00:00-05:00,2.805229902267456,2.814739146951009,2.78621141290035,2.805229902267456,4074800,0.0,0.0
2024-02-08 00:00:00-05:00,2.7862114446632003,2.7957206894551585,2.767192955079283,2.781456708908081,1365200,0.0,0.0
2024-02-09 00:00:00-05:00,2.7862114906311035,2.8052299805287944,2.7814567547975395,2.7862114906311035,1382800,0.0,0.0
2024-02-12 00:00:00-05:00,2.838512228119098,2.8575309447593837,2.833757718997739,2.8432669639587402,2792600,0.0,0.0
2024-02-13 00:00:00-05:00,2.876549434681386,2.876549434681386,2.824248474036738,2.8432669639587402,3952000,0.0,0.0
2024-02-14 00:00:00-05:00,2.9003223253506336,2.919340814561987,2.8860585718012564,2.914586305618286,3319000,0.0,0.0
2024-02-15 00:00:00-05:00,2.9193405347520143,2.9526230010409957,2.9193405347520143,2.938359022140503,1908000,0.0,0.0
2024-02-16 00:00:00-05:00,3.0429612353215907,3.066734233587328,3.004924256721791,3.057224988937378,7345200,0.0,0.0
2024-02-20 00:00:00-05:00,3.014433542111229,3.0477157854767194,2.995415052554298,3.0049242973327637,10687000,0.0,0.0
2024-02-21 00:00:00-05:00,2.976396672104082,2.976396672104082,2.924095710546169,2.9336049556732178,3105200,0.0,0.0
2024-02-22 00:00:00-05:00,2.9906603168059256,3.014433542111229,2.98115107202746,3.0049242973327637,3094600,0.0,0.0
2024-02-23 00:00:00-05:00,3.0191879272460938,3.033451907187596,3.009678682857849,3.0191879272460938,2238200,0.0,0.0
2024-02-26 00:00:00-05:00,3.0191880511413225,3.023942786889695,3.0001695615843915,3.0049242973327637,1911600,0.0,0.0
2024-02-27 00:00:00-05:00,3.000169481208015,3.0239427058764194,2.995414972305298,2.995414972305298,1646600,0.0,0.0
2024-02-28 00:00:00-05:00,2.938359418928542,2.943114154776857,2.914586419841817,2.9288501739501953,2647200,0.0,0.0
2024-02-29 00:00:00-05:00,2.9431140422821045,2.9621325315118536,2.93360479766723,2.9431140422821045,2101200,0.0,0.0
2024-03-01 00:00:00-05:00,2.9478683934788603,2.96213237299699,2.9383591493728614,2.952623128890991,1909200,0.0,0.0
2024-03-04 00:00:00-05:00,2.9478685540270453,2.9811510235698186,2.9383593094031495,2.971641778945923,2873200,0.0,0.0
2024-03-05 00:00:00-05:00,2.924095469275681,2.933604713618111,2.9050769805908203,2.9050769805908203,3532200,0.0,0.0
2024-03-06 00:00:00-05:00,2.924095422704378,2.933604666895357,2.900322198867798,2.900322198867798,5211600,0.0,0.0
2024-03-07 00:00:00-05:00,2.93360479766723,2.947868551230404,2.9193408173857804,2.9431140422821045,3731200,0.0,0.0
2024-03-08 00:00:00-05:00,2.9478687100046477,2.9573779551316965,2.924095710546169,2.9336049556732178,3964200,0.0,0.0
2024-03-11 00:00:00-04:00,2.9240955502239623,2.933604794829639,2.914586305618286,2.914586305618286,2964200,0.0,0.0
2024-03-12 00:00:00-04:00,2.9003224843694024,2.9383594648775984,2.8955679751650214,2.9336049556732178,3896000,0.0,0.0
2024-03-13 00:00:00-04:00,2.871794825420284,2.871794825420284,2.8527763346600143,2.8575310707092285,3025800,0.0,0.0
2024-03-14 00:00:00-04:00,2.947868419822693,2.952623155277315,2.900322198867798,2.900322198867798,5196800,0.0,0.0
2024-03-15 00:00:00-04:00,2.914586305618286,2.919340814561987,2.9050770610126095,2.914586305618286,5759200,0.0,0.0
2024-03-18 00:00:00-04:00,2.8860584882574107,2.8860584882574107,2.8622852640722547,2.876549243927002,2604200,0.0,0.0
2024-03-19 00:00:00-04:00,2.805229859223287,2.829002857208252,2.7814566345200484,2.829002857208252,5348800,0.0,0.0
2024-03-20 00:00:00-04:00,2.805229859223287,2.833757592836209,2.795720614685646,2.829002857208252,3443400,0.0,0.0
2024-03-21 00:00:00-04:00,2.790965919256405,2.805229899627449,2.75292894055799,2.7767021656036377,7969200,0.0,0.0
2024-03-22 00:00:00-04:00,2.7576836208756155,2.771947374241943,2.667345684921875,2.68636417388916,10276400,0.0,0.0
2024-03-25 00:00:00-04:00,2.695873498916626,2.705382743684374,2.676855009381131,2.695873498916626,5283200,0.0,0.0
2024-03-26 00:00:00-04:00,2.7006279617988778,2.719646451009426,2.6911187171936035,2.6911187171936035,3495800,0.0,0.0
2024-03-27 00:00:00-04:00,2.6816096317396156,2.710137367248535,2.6768551225139396,2.710137367248535,5653200,0.0,0.0
2024-03-28 00:00:00-04:00,2.7291555867172774,2.743419566415172,2.7244010779634897,2.733910322189331,4673600,0.0,0.0
2024-04-01 00:00:00-04:00,2.738665166938249,2.7434196758817486,2.6816094725883293,2.6911187171936035,3454600,0.0,0.0
2024-04-02 00:00:00-04:00,2.6483270360155173,2.7053824994716513,2.6483270360155173,2.6673455238342285,9056000,0.0,0.0
2024-04-03 00:00:00-04:00,2.6768548528900244,2.7244010739491715,2.6768548528900244,2.7053825855255127,11493800,0.0,0.0
2024-04-04 00:00:00-04:00,2.7386650576613842,2.7671927903389073,2.714891833737649,2.733910322189331,9434200,0.0,0.0
2024-04-05 00:00:00-04:00,2.7148918795871326,2.7529288571328703,2.7101371440347806,2.7386651039123535,5194600,0.0,0.0
2024-04-08 00:00:00-04:00,2.7101370432701706,2.7101370432701706,2.6530815790729223,2.672100067138672,13264400,0.0,0.0
2024-04-09 00:00:00-04:00,2.6863642882475345,2.7053827780244357,2.6768550433590836,2.7006280422210693,7703400,0.0,0.0
2024-04-10 00:00:00-04:00,2.6816095948937453,2.6958735758113592,2.643572614737822,2.648327350616455,8863400,0.0,0.0
2024-04-11 00:00:00-04:00,2.667345635321676,2.6768548796284906,2.629308658094416,2.6530816555023193,7212200,0.0,0.0
2024-04-12 00:00:00-04:00,2.6197994062322936,2.6340631592922463,2.5817622023964626,2.5960261821746826,9095800,0.0,0.0
2024-04-15 00:00:00-04:00,2.596026336141766,2.600780845204312,2.5247068864573325,2.529461622238159,11728000,0.0,0.0
2024-04-16 00:00:00-04:00,2.5056883946328306,2.5247068843033493,2.500933885574341,2.500933885574341,4767400,0.0,0.0
2024-04-17 00:00:00-04:00,2.5056883485115446,2.5199523288610224,2.4961791038513184,2.4961791038513184,4454600,0.0,0.0
2024-04-18 00:00:00-04:00,2.4628965045969125,2.491424237076614,2.4533872604370117,2.4533872604370117,7184200,0.0,0.0
2024-04-19 00:00:00-04:00,2.5199523288610224,2.5579893075019275,2.4819151235018406,2.4961791038513184,12754600,0.0,0.0
2024-04-22 00:00:00-04:00,2.5865171766287336,2.6293088931947675,2.5722531955339596,2.62455415725708,10547000,0.0,0.0
2024-04-23 00:00:00-04:00,2.6150448780768114,2.6293088589860028,2.605535633043445,2.6197996139526367,6220800,0.0,0.0
2024-04-24 00:00:00-04:00,2.6150447054466923,2.6150447054466923,2.577007727824209,2.600780725479126,6136400,0.0,0.0
2024-04-25 00:00:00-04:00,2.567498605847673,2.586517095565796,2.524706890622756,2.586517095565796,9016800,0.0,0.0
2024-04-26 00:00:00-04:00,2.5960261821746826,2.6197994062322936,2.5865169378952912,2.5960261821746826,6194800,0.0,0.0
2024-04-29 00:00:00-04:00,2.600780644561421,2.6197993594992064,2.586516891755911,2.59127140045166,6109200,0.0,0.0
2024-04-30 00:00:00-04:00,2.586516887381167,2.6007806401625517,2.5532344196941645,2.562743663787842,7991000,0.0,0.0
2024-05-01 00:00:00-04:00,2.5532346231171847,2.581762357671098,2.5532346231171847,2.5579893589019775,7839400,0.0,0.0
2024-05-02 00:00:00-04:00,2.57225306653938,2.57225306653938,2.5437253324987426,2.553234577178955,7435800,0.0,0.0
2024-05-03 00:00:00-04:00,2.5722531931444257,2.581762438292679,2.55323470284792,2.5674986839294434,7414200,0.0,0.0
2024-05-06 00:00:00-04:00,2.5865169722298296,2.6055354610410713,2.577007727824209,2.600780725479126,4230600,0.0,0.0
2024-05-07 00:00:00-04:00,2.605535541516068,2.619799521924194,2.596026296816743,2.610290050506592,4366800,0.0,0.0
2024-05-08 00:00:00-04:00,2.600780644561421,2.605535379975433,2.586516891755911,2.59127140045166,2629200,0.0,0.0
2024-05-09 00:00:00-04:00,2.5627438679684893,2.572253112819794,2.5437253782658806,2.5579893589019775,2369600,0.0,0.0
2024-05-10 00:00:00-04:00,2.5247068864573325,2.5532346209874497,2.5247068864573325,2.529461622238159,3496600,0.0,0.0
2024-05-13 00:00:00-04:00,2.538970789322372,2.5627437873435848,2.538970789322372,2.5484800338745117,5210200,0.0,0.0
2024-05-14 00:00:00-04:00,2.5722532272338867,2.586517208504447,2.5532347366853334,2.5722532272338867,4066200,0.0,0.0
2024-05-15 00:00:00-04:00,2.5770078507067344,2.591271604636186,2.567498605847673,2.586517095565796,2126600,0.0,0.0
2024-05-16 00:00:00-04:00,2.591271604636186,2.610290094354309,2.5770078507067344,2.586517095565796,6691800,0.0,0.0
2024-05-17 00:00:00-04:00,2.567498399193812,2.5770076432874895,2.5532344196941645,2.562743663787842,2458200,0.0,0.0
2024-05-20 00:00:00-04:00,2.562743663787842,2.5817621519751968,2.5579891551001346,2.562743663787842,5501000,0.0,0.0
2024-05-21 00:00:00-04:00,2.581762438292679,2.586517174225949,2.55323470284792,2.5674986839294434,4687200,0.0,0.0
2024-05-22 00:00:00-04:00,2.5770079632301703,2.59127171778244,2.567498717955894,2.5722532272338867,5236200,0.0,0.0
2024-05-23 00:00:00-04:00,2.6102899352346354,2.6150446707334645,2.5865169378952912,2.5960261821746826,5588400,0.0,0.0
2024-05-24 00:00:00-04:00,2.596026135865672,2.600780644561421,2.581762156341899,2.59127140045166,5481200,0.0,0.0
2024-05-28 00:00:00-04:00,2.57225306653938,2.5770078022386245,2.5484800681979873,2.553234577178955,4645400,0.0,0.0
2024-05-29 00:00:00-04:00,2.5247068843033493,2.534216129138609,2.496179149797571,2.500933885574341,2990800,0.0,0.0
2024-05-30 00:00:00-04:00,2.4533873377195494,2.458142073308408,2.4201050954706274,2.434368848800659,4993200,0.0,0.0
2024-05-31 00:00:00-04:00,2.4486329555511475,2.4581422005026394,2.4201052206966716,2.4486329555511475,6558400,0.0,0.0
2024-06-03 00:00:00-04:00,2.477160693983109,2.505688428878784,2.472405958141355,2.505688428878784,2865600,0.0,0.0
2024-06-04 00:00:00-04:00,2.4676513671875,2.481915120803192,2.4486328778877264,2.4676513671875,6244800,0.0,0.0
2024-06-05 00:00:00-04:00,2.505688194892328,2.553234415278487,2.505688194892328,2.5342159271240234,4937800,0.0,0.0
2024-06-06 00:00:00-04:00,2.5627437932595987,2.6197994874224233,2.5627437932595987,2.6055355072021484,9923600,0.0,0.0
2024-06-07 00:00:00-04:00,2.700627799237296,2.7101370432701706,2.662590823105797,2.672100067138672,10299400,0.0,0.0
2024-06-10 00:00:00-04:00,2.615044834271213,2.657836549563683,2.615044834271213,2.6435725688934326,3065200,0.0,0.0
2024-06-11 00:00:00-04:00,2.6435724111955046,2.6578363910148606,2.619799413787601,2.6530816555023193,4325200,0.0,0.0
2024-06-12 00:00:00-04:00,2.667345635321676,2.6768548796284906,2.6388179024012306,2.6530816555023193,4451400,0.0,0.0
2024-06-13 00:00:00-04:00,2.6768547677435843,2.6863640116529397,2.6625907885204216,2.6673455238342285,3768600,0.0,0.0
2024-06-14 00:00:00-04:00,2.634063243865967,2.643572488450678,2.624553999281256,2.634063243865967,3615600,0.0,0.0
2024-06-17 00:00:00-04:00,2.6530819396221923,2.6673459209690855,2.638818184993591,2.657836675643921,4998800,0.0,0.0
2024-06-18 00:00:00-04:00,2.7386651039123535,2.7481743482987877,2.7196463884212148,2.7386651039123535,6429800,0.0,0.0
2024-06-20 00:00:00-04:00,2.7957206116399296,2.8004751205444336,2.7576836335308053,2.8004751205444336,9056800,0.0,0.0
2024-06-21 00:00:00-04:00,2.7719473528551686,2.805229821650265,2.762438108444894,2.7957205772399902,14186800,0.0,0.0
2024-06-24 00:00:00-04:00,2.7814566283973234,2.8004751174307403,2.767192874981397,2.7719473838806152,3057000,0.0,0.0
2024-06-25 00:00:00-04:00,2.7767022796966905,2.7957207698273563,2.7624382987395477,2.790966033935547,4852600,0.0,0.0
2024-06-26 00:00:00-04:00,2.7719475438048806,2.790966033935547,2.7624382987395477,2.790966033935547,2846800,0.0,0.0
2024-06-27 00:00:00-04:00,2.852776130894177,2.871794620296009,2.8432668861932604,2.8622853755950928,3488800,0.0,0.0
2024-06-28 00:00:00-04:00,2.8717944662948605,2.919340687249756,2.8717944662948605,2.900322198867798,11094400,0.0,0.0
2024-07-01 00:00:00-04:00,2.93360479766723,2.952623286896979,2.914586308437481,2.9431140422821045,6150800,0.0,0.0
2024-07-02 00:00:00-04:00,3.019188212192374,3.0524706840515137,3.004924457622951,3.0524706840515137,4131400,0.0,0.0
2024-07-03 00:00:00-04:00,3.042961278782347,3.0619797683538765,3.033452033996582,3.033452033996582,2083200,0.0,0.0
2024-07-05 00:00:00-04:00,3.0144335444250525,3.042961278782347,3.009678808673031,3.033452033996582,3412400,0.0,0.0
2024-07-08 00:00:00-04:00,3.042961155069466,3.057224908309075,3.03820641951075,3.047715663909912,2236400,0.0,0.0
2024-07-09 00:00:00-04:00,3.042961278782347,3.0477157878160894,3.02869729824456,3.033452033996582,3898800,0.0,0.0
2024-07-10 00:00:00-04:00,3.0382065773010254,3.0382065773010254,2.9954150886415394,3.0382065773010254,3119200,0.0,0.0
2024-07-11 00:00:00-04:00,3.085752487182617,3.138053442121482,3.080997978579952,3.085752487182617,5405200,0.0,0.0
2024-07-12 00:00:00-04:00,3.123790140996876,3.218882593974043,3.123790140996876,3.1951093673706055,7085600,0.0,0.0
2024-07-15 00:00:00-04:00,3.185599723003561,3.2046182112164927,3.1570719906841624,3.1760904788970947,4997400,0.0,0.0
2024-07-16 00:00:00-04:00,3.1808454990386963,3.1951092531160654,3.15707227328537,3.1808454990386963,3822200,0.0,0.0
2024-07-17 00:00:00-04:00,3.1760905595765396,3.1903545394577053,3.128544337836434,3.1855998039245605,4347000,0.0,0.0
2024-07-18 00:00:00-04:00,3.23314654399115,3.3329937320100553,3.23314654399115,3.275938034057617,10843600,0.0,0.0
2024-07-19 00:00:00-04:00,3.0334520578174273,3.0524705475383036,2.824248444169507,2.8955678939819336,21839800,0.0,0.0
2024-07-22 00:00:00-04:00,2.8337575617013044,2.852776050567627,2.8052298284018207,2.852776050567627,6919000,0.0,0.0
2024-07-23 00:00:00-04:00,2.8337574005126953,2.8575306236024756,2.824248156620435,2.8337574005126953,4014200,0.0,0.0
2024-07-24 00:00:00-04:00,2.8052300148926896,2.824248505023356,2.7862115247620234,2.790966033935547,3893800,0.0,0.0
2024-07-25 00:00:00-04:00,2.8290029057827475,2.8765493560056057,2.824248396791428,2.8622853755950928,4096600,0.0,0.0
2024-07-26 00:00:00-04:00,2.947868585586548,2.9811510554856393,2.9383593408608473,2.947868585586548,5948800,0.0,0.0
2024-07-29 00:00:00-04:00,2.947868585586548,2.9621325660342377,2.9431140765828365,2.947868585586548,2711800,0.0,0.0
2024-07-30 00:00:00-04:00,2.938359418928542,2.9716418897118975,2.9288501739501953,2.9288501739501953,4533800,0.0,0.0
2024-07-31 00:00:00-04:00,2.9336049097985106,2.952623399755204,2.8670401949500834,2.9288501739501953,6273000,0.0,0.0
2024-08-01 00:00:00-04:00,2.914586178513399,2.947868419822693,2.890812954676819,2.900322198867798,2726400,0.0,0.0
2024-08-02 00:00:00-04:00,2.8385119858910044,2.8385119858910044,2.7814565209938995,2.8147389888763428,2889400,0.0,0.0
2024-08-05 00:00:00-04:00,2.6483272298290075,2.7291556956147,2.6150447603514104,2.6911187171936035,5750600,0.0,0.0
2024-08-06 00:00:00-04:00,2.719646504401211,2.800475198491998,2.719646504401211,2.781456708908081,4570400,0.0,0.0
2024-08-07 00:00:00-04:00,2.800474870875271,2.814738849753661,2.7434194087982178,2.7434194087982178,2576400,0.0,0.0
2024-08-08 00:00:00-04:00,2.748174385947981,2.7814566283973234,2.74341965033049,2.7719473838806152,1571800,0.0,0.0
2024-08-09 00:00:00-04:00,2.7862114906311035,2.795720735579949,2.7576837557845675,2.7862114906311035,3162000,0.0,0.0
2024-08-12 00:00:00-04:00,2.7576835926852223,2.776702081458091,2.7386651039123535,2.7386651039123535,1687600,0.0,0.0
2024-08-13 00:00:00-04:00,2.748174431579826,2.7814566745818015,2.748174431579826,2.7767021656036377,2361600,0.0,0.0
2024-08-14 00:00:00-04:00,2.7767021998712416,2.7909659537000397,2.771947464116123,2.781456708908081,1734400,0.0,0.0
2024-08-15 00:00:00-04:00,2.809984253442452,2.8242482330258603,2.8052297447268253,2.8147389888763428,1509200,0.0,0.0
2024-08-16 00:00:00-04:00,2.8575307894799193,2.89081303167571,2.8575307894799193,2.8813037872314453,2084000,0.0,0.0
2024-08-19 00:00:00-04:00,2.8955678960441205,2.9336048755129625,2.8955678960441205,2.924095630645752,2728800,0.0,0.0
2024-08-20 00:00:00-04:00,2.9193409746235006,2.9478687100046477,2.9193409746235006,2.9336049556732178,1912800,0.0,0.0
2024-08-21 00:00:00-04:00,2.933604845840186,2.985905805439972,2.933604845840186,2.9763965606689453,1871200,0.0,0.0
2024-08-22 00:00:00-04:00,2.914586339923068,2.9383593383579307,2.914586339923068,2.9193408489227295,2503400,0.0,0.0
2024-08-23 00:00:00-04:00,2.9050770610126095,2.93835930377334,2.895567816406933,2.914586305618286,2524800,0.0,0.0
2024-08-26 00:00:00-04:00,2.9240955530523554,2.947868551230404,2.9240955530523554,2.9431140422821045,1500800,0.0,0.0
2024-08-27 00:00:00-04:00,2.9336045136525075,2.9478682658347473,2.924095269958263,2.938359022140503,1673000,0.0,0.0
2024-08-28 00:00:00-04:00,2.9954149753688184,3.0382064624101286,2.9954149753688184,3.023942708969116,5555400,0.0,0.0
2024-08-29 00:00:00-04:00,3.0239427914886887,3.090507505039184,3.0239427914886887,3.0619797706604004,3310400,0.0,0.0
2024-08-30 00:00:00-04:00,3.0524704799715408,3.066734233587328,3.038206499637478,3.057224988937378,2846600,0.0,0.0
2024-09-03 00:00:00-04:00,3.0382063812812876,3.052470361059684,3.004924139662142,3.0144333839416504,2445200,0.0,0.0
2024-09-04 00:00:00-04:00,2.9478686335329654,2.9859058397727125,2.943114124451923,2.9811511039733887,3278000,0.0,0.0
2024-09-05 00:00:00-04:00,2.990660236684308,3.0096787257317223,2.985905727781591,2.995414972305298,2572000,0.0,0.0
2024-09-06 00:00:00-04:00,2.9859057592409046,3.0001695128176107,2.962132534322027,2.971641778945923,3025200,0.0,0.0
2024-09-09 00:00:00-04:00,2.9478683934788603,2.96213237299699,2.9383591493728614,2.952623128890991,3062400,0.0,0.0
2024-09-10 00:00:00-04:00,2.9811508698182454,3.0191878463520885,2.9811508698182454,3.009678602218628,3517800,0.0,0.0
2024-09-11 00:00:00-04:00,2.9383593066155296,2.952623286896979,2.909831572770906,2.9431140422821045,3529600,0.0,0.0
2024-09-12 00:00:00-04:00,3.0191879733432634,3.033451953502549,2.9954149753688184,3.023942708969116,2927200,0.0,0.0
2024-09-13 00:00:00-04:00,3.1142807349437462,3.138053733601759,3.1142807349437462,3.119035243988037,1963400,0.0,0.0
2024-09-16 00:00:00-04:00,3.1237900598493,3.1428085499506846,3.114280814798607,3.128544569015503,1550000,0.0,0.0
2024-09-17 00:00:00-04:00,3.1428084670831318,3.147562976123971,3.0714890177243013,3.0905075073242188,3045000,0.0,0.0
2024-09-18 00:00:00-04:00,3.0334517491605406,3.0714887247319913,3.0191877699621177,3.0286970138549805,2968400,0.0,0.0
2024-09-19 00:00:00-04:00,3.0572249117539756,3.0809981361378043,3.0477156673440984,3.0762434005737305,3698600,0.0,0.0
2024-09-20 00:00:00-04:00,3.0762434005737305,3.0762434005737305,3.0334519140884173,3.0762434005737305,4647400,0.0,0.0
2024-09-23 00:00:00-04:00,3.057224988937378,3.071488969271441,3.038206499637478,3.057224988937378,1933200,0.0,0.0
2024-09-24 00:00:00-04:00,3.0619798506465346,3.0809983407291983,3.0429613605638712,3.071489095687866,3122400,0.0,0.0
2024-09-25 00:00:00-04:00,3.071489095687866,3.09050758577053,3.0619798506465346,3.071489095687866,3671000,0.0,0.0
2024-09-26 00:00:00-04:00,3.1808453695510743,3.199863858692207,3.1285444110538236,3.1380536556243896,4499800,0.0,0.0
2024-09-27 00:00:00-04:00,3.109525869367437,3.109525869367437,3.071488891727927,3.0762434005737305,4218000,0.0,0.0
2024-09-30 00:00:00-04:00,3.080997943878174,3.0905071876946577,3.0572247209778354,3.080997943878174,4170200,0.0,0.0
2024-10-01 00:00:00-04:00,3.080998343762041,3.1380538140661955,3.076243607877552,3.128544569015503,3835200,0.0,0.0
2024-10-02 00:00:00-04:00,3.100016466427129,3.109525710350717,3.0572247554118523,3.085752487182617,3201600,0.0,0.0
2024-10-03 00:00:00-04:00,3.009678808673031,3.042961278782347,3.000169563887266,3.033452033996582,3807200,0.0,0.0
2024-10-04 00:00:00-04:00,3.0619797706604004,3.071489015453328,3.0524705258674723,3.0619797706604004,3839000,0.0,0.0
2024-10-07 00:00:00-04:00,3.023942823320624,3.0524705579997082,3.0144335784275955,3.0382065773010254,1856000,0.0,0.0
2024-10-08 00:00:00-04:00,3.0001692821763926,3.0334517491605406,2.981150794390667,3.0286970138549805,4407400,0.0,0.0
2024-10-09 00:00:00-04:00,3.023942948194376,3.0572251933352246,3.0144337029086636,3.0524706840515137,2543200,0.0,0.0
2024-10-10 00:00:00-04:00,2.9859058397727125,3.009678838614488,2.962132614212656,2.9811511039733887,5250000,0.0,0.0
2024-10-11 00:00:00-04:00,2.99541477358909,3.0334517491605406,2.9859055296962276,3.0286970138549805,3132600,0.0,0.0
2024-10-14 00:00:00-04:00,3.100016677342125,3.14280839126881,3.100016677342125,3.1380536556243896,3144600,0.0,0.0
2024-10-15 00:00:00-04:00,3.042961278782347,3.0524705235681115,3.02869729824456,3.033452033996582,6413600,0.0,0.0
2024-10-16 00:00:00-04:00,3.0382067027637993,3.071489174622939,3.0382067027637993,3.0524706840515137,4008600,0.0,0.0
2024-10-17 00:00:00-04:00,2.9954149296346166,3.0382064160225837,2.9050769945871564,3.0191879272460938,6648200,0.0,0.0
2024-10-18 00:00:00-04:00,3.1095260484970018,3.199863988954044,3.090507558581654,3.1808454990386963,6322200,0.0,0.0
2024-10-21 00:00:00-04:00,3.13805370163328,3.152317682057399,3.1190352122133063,3.142808437347412,3441000,0.0,0.0
2024-10-22 00:00:00-04:00,3.1047713789212517,3.1332991123199463,3.1047713789212517,3.1332991123199463,4933600,0.0,0.0
2024-10-23 00:00:00-04:00,3.133299192637425,3.142808437347412,3.1237899479274382,3.142808437347412,4943600,0.0,0.0
2024-10-24 00:00:00-04:00,3.1332991123199463,3.142808356786178,3.1190351322614633,3.1332991123199463,4647200,0.0,0.0
2024-10-25 00:00:00-04:00,3.1332992245574682,3.1332992245574682,3.109525999181176,3.119035243988037,5743200,0.0,0.0
2024-10-28 00:00:00-04:00,3.185600009935923,3.2188824806654943,3.180845500813575,3.2093732357025146,3967000,0.0,0.0
2024-10-29 00:00:00-04:00,3.204618453979492,3.2093731897520477,3.180845455271556,3.204618453979492,5326000,0.0,0.0
2024-10-30 00:00:00-04:00,3.2093729466288576,3.2236369261476883,3.1665812347906286,3.1760904788970947,4587800,0.0,0.0
2024-10-31 00:00:00-04:00,3.1380534067770784,3.1380534067770784,3.0762432086108036,3.080997943878174,4391400,0.0,0.0
2024-11-01 00:00:00-04:00,3.104771487883297,3.119035241724095,3.0809982625242602,3.0905075073242188,3302000,0.0,0.0
2024-11-04 00:00:00-05:00,3.0524704799715408,3.066734233587328,3.0334519906716406,3.057224988937378,1745200,0.0,0.0
2024-11-05 00:00:00-05:00,3.0762433697871954,3.1142805737643053,3.0667341254724847,3.1000165939331055,3016000,0.0,0.0
2024-11-06 00:00:00-05:00,3.2046183113382543,3.2474100245134228,3.199863802495608,3.2426555156707764,5478000,0.0,0.0
2024-11-07 00:00:00-05:00,3.223637184194225,3.237900938136581,3.2046184677406147,3.2331464290618896,4352800,0.0,0.0
2024-11-08 00:00:00-05:00,3.2379008945235266,3.275937873481844,3.233146385512876,3.2569193840026855,3126800,0.0,0.0
2024-11-11 00:00:00-05:00,3.275937767920709,3.347257214528554,3.2616740146301026,3.3282387256622314,8471400,0.0,0.0
2024-11-12 00:00:00-05:00,3.280692419780441,3.3044654168975742,3.275937684326055,3.2902016639709473,6637400,0.0,0.0
2024-11-13 00:00:00-05:00,3.2664284706115723,3.27118320611032,3.2236369847141777,3.2664284706115723,7441000,0.0,0.0
2024-11-14 00:00:00-05:00,3.2331461442944756,3.24265538832459,3.228391408920288,3.228391408920288,4702800,0.0,0.0
2024-11-15 00:00:00-05:00,3.223637329982047,3.223637329982047,3.1808456127831763,3.1951093673706055,5651400,0.0,0.0
2024-11-18 00:00:00-05:00,3.1665813152285183,3.1951090482725815,3.1665813152285183,3.1855998039245605,8385400,0.0,0.0
2024-11-19 00:00:00-05:00,3.2188822454117707,3.242655469440883,3.1998637568757875,3.237900733947754,3462600,0.0,0.0
2024-11-20 00:00:00-05:00,3.2569195097340136,3.2759379999473692,3.247410264627336,3.271183490753174,5955400,0.0,0.0
2024-11-21 00:00:00-05:00,3.2236369002643617,3.237900652950402,3.2093729208600594,3.228391408920288,4874800,0.0,0.0
2024-11-22 00:00:00-05:00,3.271183179623604,3.33774788903923,3.271183179623604,3.3187294006347656,10466000,0.0,0.0
2024-11-25 00:00:00-05:00,3.3567665084033242,3.385294242122991,3.3567665084033242,3.3615212440490723,7444400,0.0,0.0
2024-11-26 00:00:00-05:00,3.366275867484291,3.380539848188467,3.356766622587601,3.3757851123809814,7972000,0.0,0.0
2024-11-27 00:00:00-05:00,3.347257341450447,3.371030566793923,3.332993587618985,3.3425028324127197,7453800,0.0,0.0
2024-11-29 00:00:00-05:00,3.294956447407909,3.3425028990426586,3.294956447407909,3.323484182357788,3285800,0.0,0.0
2024-12-02 00:00:00-05:00,3.30922024011259,3.35676646232605,3.30922024011259,3.35676646232605,4499800,0.0,0.0
2024-12-03 00:00:00-05:00,3.3377480533425183,3.375785032023848,3.3377480533425183,3.3662757873535156,5247200,0.0,0.0
2024-12-04 00:00:00-05:00,3.371030445670911,3.404312687893992,3.3662757100857443,3.385294198989868,4344200,0.0,0.0
2024-12-05 00:00:00-05:00,3.4185765942783926,3.461368306749865,3.413821858795666,3.432840347290039,6692200,0.0,0.0
2024-12-06 00:00:00-05:00,3.4328403310615525,3.4375950665218014,3.299710912230301,3.3187294006347656,9813000,0.0,0.0
2024-12-09 00:00:00-05:00,3.423331419197659,3.466123135621073,3.4043129289468723,3.4138221740722656,6171800,0.0,0.0
2024-12-10 00:00:00-05:00,3.442349672317505,3.470877632446785,3.4233311833768325,3.442349672317505,3768400,0.0,0.0
2024-12-11 00:00:00-05:00,3.5089146103281297,3.565970077150147,3.40431269443616,3.442349672317505,4703900,0.0,2.0
2024-12-12 00:00:00-05:00,3.4613683223724365,3.4803868109526475,3.423331118493747,3.4613683223724365,2539300,0.0,0.0
2024-12-13 00:00:00-05:00,3.4613683261349286,3.508914547637139,3.4613683261349286,3.489896059036255,3214400,0.0,0.0
2024-12-16 00:00:00-05:00,3.46136817015741,3.5089143895170745,3.442349455695287,3.4994051456451416,3395100,0.0,0.0
2024-12-17 00:00:00-05:00,3.4613683298364073,3.537442284321295,3.4518590855257965,3.5184237957000732,5112400,0.0,0.0
2024-12-18 00:00:00-05:00,3.508914704110482,3.5659701724574138,3.442349764320783,3.45185923576355,4303900,0.0,0.0
2024-12-19 00:00:00-05:00,3.556460854312068,3.5659700988402445,3.5184238761993627,3.527933120727539,5035100,0.0,0.0
2024-12-20 00:00:00-05:00,3.4423499236066797,3.489896376147491,3.432840678442175,3.4708778858184814,6480600,0.0,0.0
2024-12-23 00:00:00-05:00,3.4233311833768325,3.461368387976449,3.413821938906496,3.442349672317505,3823900,0.0,0.0
2024-12-24 00:00:00-05:00,3.423331274871806,3.45185923576355,3.423331274871806,3.45185923576355,1337400,0.0,0.0
2024-12-26 00:00:00-05:00,3.4233311030428526,3.4423495915372255,3.413821858795666,3.432840347290039,2152900,0.0,0.0
2024-12-27 00:00:00-05:00,3.432840678442175,3.480387130982986,3.4233314332776708,3.4708778858184814,1875500,0.0,0.0
2024-12-30 00:00:00-05:00,3.404312766034845,3.404312766034845,3.3472572980128508,3.3662757873535156,2203900,0.0,0.0
2024-12-31 00:00:00-05:00,3.375785032023848,3.404312766034845,3.356766542683183,3.3662757873535156,2107200,0.0,0.0
2025-01-02 00:00:00-05:00,3.4233312580506237,3.4233312580506237,3.3757850346618077,3.394803524017334,2381400,0.0,0.0
2025-01-03 00:00:00-05:00,3.2902017479295864,3.3282387256622314,3.2616740146301026,3.3282387256622314,2931600,0.0,0.0
2025-01-06 00:00:00-05:00,3.3282387222688103,3.3472572111157417,3.290201744574947,3.299710988998413,3838200,0.0,0.0
2025-01-07 00:00:00-05:00,3.2997109081614537,3.347257129113986,3.2711831755899343,3.2902016639709473,4085800,0.0,0.0
2025-01-08 00:00:00-05:00,3.2997110720385994,3.3472572953524717,3.2806925827130504,3.3377480506896973,2927000,0.0,0.0
2025-01-10 00:00:00-05:00,3.3662758654993294,3.3852943552814954,3.328238885934997,3.347257375717163,4476300,0.0,0.0
2025-01-13 00:00:00-05:00,3.2046183907834402,3.252164840698242,3.2046183907834402,3.252164840698242,4934100,0.0,0.0
2025-01-14 00:00:00-05:00,3.2806926534002123,3.2806926534002123,3.223637184194225,3.2331464290618896,2813700,0.0,0.0
2025-01-15 00:00:00-05:00,3.2806927358598514,3.2806927358598514,3.223637265219785,3.271183490753174,4315700,0.0,0.0
2025-01-16 00:00:00-05:00,3.2331463280483255,3.2331463280483255,3.1190351664832576,3.1380536556243896,6241100,0.0,0.0
2025-01-17 00:00:00-05:00,3.176090812968109,3.3567666967132737,3.176090812968109,3.271183490753174,7784600,0.0,0.0
2025-01-21 00:00:00-05:00,3.261674171697416,3.3662758654993294,3.261674171697416,3.347257375717163,6480400,0.0,0.0
2025-01-22 00:00:00-05:00,3.41382203259004,3.5089147066212467,3.41382203259004,3.480386972427368,8759600,0.0,0.0
2025-01-23 00:00:00-05:00,3.5279333602882605,3.5659703409838284,3.5184241151143687,3.5564610958099365,5952200,0.0,0.0
2025-01-24 00:00:00-05:00,3.5564608604216392,3.6040070831442,3.5564608604216392,3.584988594055176,7359900,0.0,0.0
2025-01-27 00:00:00-05:00,3.470877727696075,3.489896217158661,3.4328405220526257,3.480386972427368,6803000,0.0,0.0
2025-01-28 00:00:00-05:00,3.4794177554867223,3.5472617237287305,3.4697257930342373,3.537569761276245,8966200,0.069,0.0
2025-01-29 00:00:00-05:00,3.5763375846342176,3.595721509395817,3.537569735111019,3.566645622253418,21669600,0.0,0.0
2025-01-30 00:00:00-05:00,3.537569735111019,3.595721509395817,3.537569735111019,3.566645622253418,5969900,0.0,0.0
2025-01-31 00:00:00-05:00,3.5278777813806665,3.5763375934034896,3.518185818976102,3.5569536685943604,6066300,0.0,0.0
2025-02-03 00:00:00-05:00,3.5472616974918187,3.586029547015017,3.51818581034942,3.566645622253418,6239800,0.0,0.0
2025-02-04 00:00:00-05:00,3.576337313532745,3.6054131984710693,3.576337313532745,3.6054131984710693,4854900,0.0,0.0
2025-02-05 00:00:00-05:00,3.5569536339894965,3.624797370161411,3.5569536339894965,3.595721483230591,7786800,0.0,0.0
2025-02-06 00:00:00-05:00,3.586029529571533,3.5957214919051883,3.547261680236913,3.586029529571533,5127100,0.0,0.0
2025-02-07 00:00:00-05:00,3.5860295558080537,3.5860295558080537,3.537569743785231,3.5569536685943604,4723900,0.0,0.0
2025-02-10 00:00:00-05:00,3.586029538269639,3.5957215006268024,3.5569536511981483,3.5763375759124756,2799300,0.0,0.0
2025-02-11 00:00:00-05:00,3.5278777727302195,3.566645622253418,3.50849361689401,3.566645622253418,2473600,0.0,0.0
2025-02-12 00:00:00-05:00,3.51818585395813,3.5375697789599974,3.489109735380716,3.51818585395813,2937600,0.0,0.0
2025-02-13 00:00:00-05:00,3.51818585395813,3.5278778164590636,3.4988016978816496,3.51818585395813,4095200,0.0,0.0
2025-02-14 00:00:00-05:00,3.51818585395813,3.547261741460931,3.5084936603825834,3.51818585395813,3800000,0.0,0.0
2025-02-18 00:00:00-05:00,3.51818581034942,3.566645622253418,3.51818581034942,3.566645622253418,5913000,0.0,0.0
2025-02-19 00:00:00-05:00,3.566645630998925,3.5763375934034896,3.5569536685943604,3.5569536685943604,3868000,0.0,0.0
2025-02-20 00:00:00-05:00,3.576337620000402,3.576337620000402,3.5278778076171875,3.5278778076171875,3830900,0.0,0.0
2025-02-21 00:00:00-05:00,3.469725693993459,3.4891096183451293,3.3728060722351074,3.3728060722351074,5681900,0.0,0.0
2025-02-24 00:00:00-05:00,3.285578471920372,3.334038283673703,3.285578471920372,3.304962396621704,2960700,0.0,0.0
2025-02-25 00:00:00-05:00,3.275886297225952,3.295270220670814,3.246810180984065,3.275886297225952,2406200,0.0,0.0
2025-02-26 00:00:00-05:00,3.2855782596720413,3.314654144845738,3.2661941051483154,3.2661941051483154,4594300,0.0,0.0
2025-02-27 00:00:00-05:00,3.2952702295581333,3.314654153055273,3.246810189740688,3.256502151489258,4074100,0.0,0.0
2025-02-28 00:00:00-05:00,3.1111227967304376,3.1789665305289563,3.1014308347592205,3.1692745685577393,4877500,0.0,0.0
2025-03-03 00:00:00-05:00,3.227426357418573,3.2371183194409414,3.130506737194887,3.149890661239624,5723700,0.0,0.0
2025-03-04 00:00:00-05:00,3.1111228381621636,3.149890686563314,3.072354989761013,3.120814800262451,3664800,0.0,0.0
2025-03-05 00:00:00-05:00,3.178966489468892,3.2274262986990614,3.178966489468892,3.2177343368530273,4025800,0.0,0.0
2025-03-06 00:00:00-05:00,3.188658484162672,3.217734370000297,3.1692745602709222,3.178966522216797,3061400,0.0,0.0
2025-03-07 00:00:00-05:00,3.188658500888825,3.188658500888825,3.1401986909052533,3.1595826148986816,5148600,0.0,0.0
2025-03-10 00:00:00-04:00,3.1111226315778113,3.140198515947981,3.0723547857509184,3.0820467472076416,4643400,0.0,0.0
2025-03-11 00:00:00-04:00,3.0723550579360417,3.0820470202513923,3.02389501528468,3.0432791709899902,6342600,0.0,0.0
2025-03-12 00:00:00-04:00,2.9657432856967945,3.0045111355373364,2.956051323236659,2.9851272106170654,12388700,0.0,0.0
2025-03-13 00:00:00-04:00,2.9463594049271453,2.975435292743248,2.92697547971641,2.9366674423217773,4992800,0.0,0.0
2025-03-14 00:00:00-04:00,2.9657432944692044,2.9948191819356147,2.9463593694915975,2.975435256958008,3314400,0.0,0.0
2025-03-17 00:00:00-04:00,2.9463593870931892,2.9851272372800026,2.9463593870931892,2.9560513496398926,6519800,0.0,0.0
2025-03-18 00:00:00-04:00,2.9560511524265394,2.965743114326642,2.9075913429260254,2.9075913429260254,4736000,0.0,0.0
2025-03-19 00:00:00-04:00,2.9948191819356147,3.0142031069132216,2.956051331980401,2.975435256958008,3791500,0.0,0.0
2025-03-20 00:00:00-04:00,2.917283304826128,2.9560511524265394,2.878515457225717,2.9075913429260254,10611800,0.0,0.0
2025-03-21 00:00:00-04:00,2.897899591900307,2.9657433301378804,2.897899591900307,2.9366674423217773,7632500,0.0,0.0
2025-03-24 00:00:00-04:00,3.004511099227304,3.0529711420169456,2.994819136884298,3.0335872173309326,5918400,0.0,0.0
2025-03-25 00:00:00-04:00,3.052971133305341,3.0723550579360417,3.0432791709899902,3.0432791709899902,3911800,0.0,0.0
2025-03-26 00:00:00-04:00,3.0626631234299175,3.0820470482366265,3.0045111179351807,3.0045111179351807,5743200,0.0,0.0
2025-03-27 00:00:00-04:00,3.062663104359952,3.082047029045965,3.0335872173309326,3.0335872173309326,5122400,0.0,0.0
2025-03-28 00:00:00-04:00,2.9463594049271453,2.975435292743248,2.9172835171110423,2.9366674423217773,2516600,0.0,0.0
2025-03-31 00:00:00-04:00,2.907591528192998,2.975435265816609,2.907591528192998,2.96574330329895,6802600,0.0,0.0
2025-04-01 00:00:00-04:00,2.975435265816609,2.985127228334268,2.9463593782636326,2.96574330329895,3989800,0.0,0.0
2025-04-02 00:00:00-04:00,2.936667389686205,3.023895051571082,2.936667389686205,2.994819164276123,3954200,0.0,0.0
2025-04-03 00:00:00-04:00,2.8785155242829874,2.9075914106606415,2.8300557136535645,2.8300557136535645,5806300,0.0,0.0
2025-04-04 00:00:00-04:00,2.723443762527712,2.7428276858067666,2.6556000310510206,2.7040598392486572,9069000,0.0,0.0
2025-04-07 00:00:00-04:00,2.7137519880812158,2.8978995030092167,2.694368063465069,2.762211799621582,13825800,0.0,0.0
2025-04-08 00:00:00-04:00,2.849439503355938,2.849439503355938,2.6556000389166634,2.6943678855895996,11265800,0.0,0.0
2025-04-09 00:00:00-04:00,2.6168323395400512,2.8591316259590447,2.5489886040436227,2.8009798526763916,11722500,0.0,0.0
2025-04-10 00:00:00-04:00,2.791287926391244,2.830055775745354,2.6652921849157765,2.7525198459625244,9172300,0.0,0.0
2025-04-11 00:00:00-04:00,2.6846761095928318,2.762211808301052,2.6652921849157765,2.7525198459625244,7924300,0.0,0.0
2025-04-14 00:00:00-04:00,2.7912879176204104,2.8009798799284837,2.7428278750054353,2.762211799621582,6748600,0.0,0.0
2025-04-15 00:00:00-04:00,2.752519863444577,2.810671868919692,2.713752013844241,2.733135938644409,11983200,0.0,0.0
2025-04-16 00:00:00-04:00,2.597448308219701,2.694367926368922,2.54898849914509,2.6459081172943115,7489800,0.0,0.0
2025-04-17 00:00:00-04:00,2.645908142033767,2.6749840277503956,2.6168322563171387,2.6168322563171387,5395500,0.0,0.0
2025-04-21 00:00:00-04:00,2.61683223994544,2.655600087325068,2.61683223994544,2.636216163635254,9035900,0.0,0.0
2025-04-22 00:00:00-04:00,2.6556000468390977,2.684675931930542,2.6362161234448016,2.684675931930542,11279200,0.0,0.0
2025-04-23 00:00:00-04:00,2.7622118170418606,2.781595741780255,2.73313592993427,2.742827892303467,10995100,0.0,0.0
2025-04-24 00:00:00-04:00,2.762211799621582,2.7719037619296554,2.733135912697362,2.762211799621582,7233400,0.0,0.0
2025-04-25 00:00:00-04:00,2.742827892303467,2.771903779411058,2.704060042826679,2.742827892303467,5406700,0.0,0.0
2025-04-28 00:00:00-04:00,2.723443958946942,2.762211808301052,2.7137519966084143,2.7525198459625244,7239400,0.0,0.0
2025-04-29 00:00:00-04:00,2.752519820196293,2.791287900262106,2.752519820196293,2.7815957069396973,5895400,0.0,0.0
2025-04-30 00:00:00-04:00,2.7525198287249757,2.7719037532806396,2.7234439418914795,2.7719037532806396,5662900,0.0,0.0
2025-05-01 00:00:00-04:00,2.7815957155584714,2.7912879089109115,2.7525198287249757,2.7719037532806396,5332400,0.0,0.0
2025-05-02 00:00:00-04:00,2.810671806335449,2.8203637685197256,2.7912878819668965,2.810671806335449,4549400,0.0,0.0
2025-05-05 00:00:00-04:00,2.800979844151173,2.8203637685197256,2.7912878819668965,2.810671806335449,3773800,0.0,0.0
2025-05-06 00:00:00-04:00,2.791287890462616,2.810671814890167,2.771903734960459,2.8009798526763916,4832500,0.0,0.0
2025-05-07 00:00:00-04:00,2.7622117643394613,2.810671806335449,2.7331358777866317,2.810671806335449,5444400,0.0,0.0
2025-05-08 00:00:00-04:00,2.7719035625738693,2.7719035625738693,2.704059831296689,2.713751792907715,10977800,0.0,0.0
2025-05-09 00:00:00-04:00,2.771903788244745,2.7815957506448292,2.723443976244325,2.733135938644409,3426800,0.0,0.0
2025-05-12 00:00:00-04:00,2.926975275049962,2.946359198905292,2.849439579628644,2.8978993892669678,7479300,0.0,0.0
2025-05-13 00:00:00-04:00,2.849439579628644,2.8978993892669678,2.830055655773314,2.8978993892669678,3966800,0.0,0.0
2025-05-14 00:00:00-04:00,2.888207443932198,2.8978994059155436,2.8591315579821615,2.8785154819488525,2968800,0.0,0.0
2025-05-15 00:00:00-04:00,2.88820741912582,2.917283304826128,2.878515457225717,2.9075913429260254,4527600,0.0,0.0
2025-05-16 00:00:00-04:00,2.868823528289795,2.868823528289795,2.8300556802439223,2.868823528289795,4048700,0.0,0.0
2025-05-19 00:00:00-04:00,2.8300556885113934,2.868823536670519,2.8300556885113934,2.8591315746307373,2770700,0.0,0.0
2025-05-20 00:00:00-04:00,2.868823570769408,2.868823570769408,2.8106717978395266,2.820363759994507,2444600,0.0,0.0
2025-05-21 00:00:00-04:00,2.800979844151173,2.8300557307040024,2.7912878819668965,2.810671806335449,3455600,0.0,0.0
2025-05-22 00:00:00-04:00,2.7815957242377287,2.7815957242377287,2.7525198373135087,2.762211799621582,5798500,0.0,0.0
2025-05-23 00:00:00-04:00,2.7622117910028074,2.7912879089109115,2.7622117910028074,2.7719037532806396,4740300,0.0,0.0
2025-05-27 00:00:00-04:00,2.781595688708014,2.8203637685197256,2.781595688708014,2.810671806335449,2549600,0.0,0.0
2025-05-28 00:00:00-04:00,2.7912879089109115,2.8009798711887433,2.7719037532806396,2.7719037532806396,6193900,0.0,0.0
2025-05-29 00:00:00-04:00,2.8009798526763916,2.820363777103943,2.791287890462616,2.8009798526763916,2949600,0.0,0.0
2025-05-30 00:00:00-04:00,2.800979861260813,2.8203637857477717,2.7815957056992473,2.791287899017334,4375700,0.0,0.0
2025-06-02 00:00:00-04:00,2.7815957069396973,2.8009798625099074,2.762211782444094,2.7815957069396973,7333300,0.0,0.0
2025-06-03 00:00:00-04:00,2.7622118170418606,2.7622118170418606,2.73313592993427,2.742827892303467,4039100,0.0,0.0
2025-06-04 00:00:00-04:00,2.723443958946942,2.762211808301052,2.723443958946942,2.7525198459625244,6205600,0.0,0.0
2025-06-05 00:00:00-04:00,2.7525198287249757,2.7719037532806396,2.7525198287249757,2.7719037532806396,3670900,0.0,0.0
2025-06-06 00:00:00-04:00,2.7622117727466833,2.8009798526763916,2.7622117727466833,2.8009798526763916,2915600,0.0,0.0
2025-06-09 00:00:00-04:00,2.8106717726985306,2.859131583039967,2.8106717726985306,2.8494396209716797,7019700,0.0,0.0
2025-06-10 00:00:00-04:00,2.868823519965507,2.888207443932198,2.8591315579821615,2.8785154819488525,4283400,0.0,0.0
2025-06-11 00:00:00-04:00,2.8978993810259226,2.926975266726231,2.8978993810259226,2.9075913429260254,5478200,0.0,0.0
2025-06-12 00:00:00-04:00,2.9172835260277283,2.9366674512977107,2.9075915633927374,2.9269754886627197,5884400,0.0,0.0
2025-06-13 00:00:00-04:00,2.8785154819488525,2.9269752918655803,2.8785154819488525,2.8785154819488525,3388100,0.0,0.0
2025-06-16 00:00:00-04:00,2.92697547971641,2.956051367532513,2.92697547971641,2.9366674423217773,2951400,0.0,0.0
2025-06-17 00:00:00-04:00,2.9366674512977107,2.946359413932702,2.9172835260277283,2.9269754886627197,2256500,0.0,0.0
2025-06-18 00:00:00-04:00,2.9172833214741454,2.9269752834295573,2.88820743560791,2.88820743560791,3733000,0.0,0.0
2025-06-20 00:00:00-04:00,2.9560511778156173,2.9560511778156173,2.868823519965507,2.8785154819488525,7483800,0.0,0.0
2025-06-23 00:00:00-04:00,2.888207638122755,2.9366674512977107,2.878515675487764,2.9269754886627197,3250300,0.0,0.0
2025-06-24 00:00:00-04:00,2.936667407002794,2.975435256958008,2.936667407002794,2.975435256958008,4542500,0.0,0.0
2025-06-25 00:00:00-04:00,2.9948191730772007,2.9948191730772007,2.9754352481569297,2.9851272106170654,5519700,0.0,0.0
2025-06-26 00:00:00-04:00,2.975435239412817,3.004511126707776,2.975435239412817,2.994819164276123,4593100,0.0,0.0
2025-06-27 00:00:00-04:00,2.946359395980835,2.965743321132713,2.9269754708289573,2.946359395980835,6250700,0.0,0.0
2025-06-30 00:00:00-04:00,2.946359413932702,2.956051376567693,2.9269754886627197,2.9269754886627197,5217500,0.0,0.0
2025-07-01 00:00:00-04:00,2.926975453228315,2.975435265816609,2.926975453228315,2.96574330329895,5049800,0.0,0.0
2025-07-02 00:00:00-04:00,2.956051323236659,2.9948191730772007,2.956051323236659,2.9851272106170654,5568900,0.0,0.0
2025-07-03 00:00:00-04:00,2.994819146843763,3.0335872274193236,2.994819146843763,3.0142030715942383,3186200,0.0,0.0
2025-07-07 00:00:00-04:00,2.9948191730772007,3.0142030979974717,2.9754352481569297,2.9851272106170654,4067900,0.0,0.0
2025-07-08 00:00:00-04:00,2.994819164276123,3.0335872450773467,2.98512720184447,2.994819164276123,5936100,0.0,0.0
2025-07-09 00:00:00-04:00,2.956051331980401,2.9851272194468113,2.956051331980401,2.975435256958008,5784000,0.0,0.0
2025-07-10 00:00:00-04:00,2.917283372786526,2.926975334912411,2.7815956719495367,2.8300557136535645,18824200,0.0,0.0
2025-07-11 00:00:00-04:00,2.830055722149487,2.8494396464594476,2.8106717978395266,2.820363759994507,10733000,0.0,0.0
2025-07-14 00:00:00-04:00,2.7815957056992473,2.8203637857477717,2.7815957056992473,2.791287899017334,9146100,0.0,0.0
2025-07-15 00:00:00-04:00,2.8300557307040024,2.8397476928882788,2.800979844151173,2.810671806335449,10713000,0.0,0.0
2025-07-16 00:00:00-04:00,2.8494396042668586,2.878515490301263,2.8494396042668586,2.868823528289795,12502500,0.0,0.0
2025-07-17 00:00:00-04:00,2.9560513407812916,3.023895078404903,2.9560513407812916,2.96574330329895,10391200,0.0,0.0
2025-07-18 00:00:00-04:00,2.936667228626334,2.9560511524265394,2.88820741912582,2.9075913429260254,4827900,0.0,0.0
2025-07-21 00:00:00-04:00,2.83974763401547,2.888207443932198,2.83974763401547,2.8785154819488525,5724600,0.0,0.0
2025-07-22 00:00:00-04:00,2.868823536670519,2.8882074607500816,2.8397476505511747,2.8591315746307373,6710200,0.0,0.0
2025-07-23 00:00:00-04:00,2.8785154654116383,2.9172833131222973,2.8688235034839735,2.8978993892669678,8089800,0.0,0.0
2025-07-24 00:00:00-04:00,2.8785155071765414,2.8785155071765414,2.8397476589033923,2.8494396209716797,5412100,0.0,0.0
2025-07-25 00:00:00-04:00,2.8300557052156345,2.8494396294096096,2.8009798189246715,2.839747667312622,6860900,0.0,0.0
2025-07-28 00:00:00-04:00,2.81799456099589,2.81799456099589,2.7290053409587354,2.7388930320739746,10189700,0.058,0.0
2025-07-29 00:00:00-04:00,2.7685561180114746,2.7784438091716845,2.738893044530845,2.7685561180114746,7989800,0.0,0.0
2025-07-30 00:00:00-04:00,2.7290053325336885,2.7487807147031162,2.699342259279547,2.7191176414489746,8269100,0.0,0.0
2025-07-31 00:00:00-04:00,2.7191176286257264,2.7191176286257264,2.6795668644733905,2.6894545555114746,8502200,0.0,0.0
2025-08-01 00:00:00-04:00,2.669679156210048,2.679566847184335,2.6301283923129013,2.6499037742614746,6334500,0.0,0.0
2025-08-04 00:00:00-04:00,2.6499037699070134,2.6894545337391684,2.630128387990936,2.6400160789489746,12843400,0.0,0.0
2025-08-05 00:00:00-04:00,2.669679156210048,2.6894545381586217,2.6499037742614746,2.6499037742614746,9808700,0.0,0.0
2025-08-06 00:00:00-04:00,2.6301283748285873,2.6499037566457,2.5905773754532158,2.6103529930114746,9068800,0.0,0.0
2025-08-07 00:00:00-04:00,2.6597914564614804,2.699342220228155,2.620240692694806,2.6301283836364746,9248700,0.0,0.0
2025-08-08 00:00:00-04:00,2.6301283836364746,2.6499037655198117,2.620240692694806,2.6301283836364746,5660800,0.0,0.0
2025-08-11 00:00:00-04:00,2.6301283792491494,2.6400160701743243,2.5905773798073026,2.6202406883239746,12225800,0.0,0.0
2025-08-12 00:00:00-04:00,2.6301283923129013,2.6597914652357613,2.620240701338614,2.6499037742614746,13108000,0.0,0.0
2025-08-13 00:00:00-04:00,2.6499037955552693,2.6993422508239746,2.6499037955552693,2.6993422508239746,12275100,0.0,0.0
2025-08-14 00:00:00-04:00,2.6894545512212855,2.709229933265908,2.649903787132041,2.6795668601989746,9241200,0.0,0.0
2025-08-15 00:00:00-04:00,2.6894545597702337,2.729005323985198,2.6894545597702337,2.6993422508239746,3326000,0.0,0.0
2025-08-18 00:00:00-04:00,2.7191176414489746,2.7191176414489746,2.689454568194833,2.7191176414489746,2611400,0.0,0.0
2025-08-19 00:00:00-04:00,2.7191176414489746,2.7487807147031162,2.7092299503642607,2.7191176414489746,7724300,0.0,0.0
2025-08-20 00:00:00-04:00,2.788331496134956,2.788331496134956,2.7586684226989746,2.7586684226989746,4319000,0.0,0.0
2025-08-21 00:00:00-04:00,2.7487807356910547,2.7784438091716845,2.738893044530845,2.7685561180114746,4833000,0.0,0.0
2025-08-22 00:00:00-04:00,2.7388930526881805,2.7982191998261334,2.7388930526881805,2.7883315086364746,9128200,0.0,0.0
2025-08-25 00:00:00-04:00,2.7982192039489746,2.817994586357429,2.7982192039489746,2.7982192039489746,5329300,0.0,0.0
2025-08-26 00:00:00-04:00,2.788331491907824,2.788331491907824,2.7487807273864746,2.7487807273864746,3034500,0.0,0.0
2025-08-27 00:00:00-04:00,2.748780739799014,2.7883315044989616,2.7388930486240275,2.7784438133239746,4231200,0.0,0.0
2025-08-28 00:00:00-04:00,2.7685561180114746,2.7784438091716845,2.738893044530845,2.7685561180114746,4052100,0.0,0.0
2025-08-29 00:00:00-04:00,2.7092299545614105,2.7388930278615065,2.7092299545614105,2.7290053367614746,5655000,0.0,0.0
2025-09-02 00:00:00-04:00,2.7191176456614428,2.7487807189615383,2.6993422634613786,2.7290053367614746,4638700,0.0,0.0
2025-09-03 00:00:00-04:00,2.7191176498434957,2.748780723189214,2.7191176498434957,2.7388930320739746,2733800,0.0,0.0
2025-09-04 00:00:00-04:00,2.6894545597702337,2.719117632931457,2.6499037955552693,2.6993422508239746,4093400,0.0,0.0
2025-09-05 00:00:00-04:00,2.6894545597702337,2.709229941877716,2.6696791776627515,2.6993422508239746,5801500,0.0,0.0
2025-09-08 00:00:00-04:00,2.699342259279547,2.7290053325336885,2.689454568194833,2.7191176414489746,5632300,0.0,0.0
2025-09-09 00:00:00-04:00,2.7388930320739746,2.748780723189214,2.7191176498434957,2.7388930320739746,4141800,0.0,0.0
2025-09-10 00:00:00-04:00,2.798219195673948,2.8179945780239217,2.7784438133239746,2.7784438133239746,10571500,0.0,0.0
2025-09-11 00:00:00-04:00,2.778443804989629,2.778443804989629,2.7290053492629927,2.7586684226989746,10480000,0.0,0.0
2025-09-12 00:00:00-04:00,2.7586684143044535,2.7586684143044535,2.7290053409587354,2.7388930320739746,3783300,0.0,0.0
2025-09-15 00:00:00-04:00,2.75866841006157,2.768556101161602,2.7092299545614105,2.7290053367614746,14365600,0.0,0.0
2025-09-16 00:00:00-04:00,2.7487807273864746,2.758668418516812,2.7388930362561372,2.7487807273864746,6765600,0.0,0.0
2025-09-17 00:00:00-04:00,2.778443844194963,2.8575456102149017,2.778443844194963,2.8476579189300537,13688200,0.0,0.0
2025-09-18 00:00:00-04:00,2.8377699811337953,2.847657908122271,2.8179945986391535,2.8278822898864746,5109000,0.0,0.0
2025-09-19 00:00:00-04:00,2.798219191492105,2.8377699561329446,2.729005353370635,2.7685561180114746,10155800,0.0,0.0
2025-09-22 00:00:00-04:00,2.7191176581176655,2.7586684226989746,2.7092299669723383,2.7586684226989746,3901600,0.0,0.0
2025-09-23 00:00:00-04:00,2.7487807060926803,2.7586683971464216,2.6795668687164924,2.6993422508239746,5792700,0.0,0.0
2025-09-24 00:00:00-04:00,2.6795668644733905,2.6894545555114746,2.6400161003210547,2.6894545555114746,9195100,0.0,0.0
2025-09-25 00:00:00-04:00,2.669679151823091,2.6894545337391684,2.6103530060748583,2.6400160789489746,7069200,0.0,0.0
2025-09-26 00:00:00-04:00,2.6103529973988,2.6400160701743243,2.580689688882128,2.6202406883239746,17546300,0.0,0.0
2025-09-29 00:00:00-04:00,2.6400160745781434,2.6499037655198117,2.620240692694806,2.6301283836364746,8147600,0.0,0.0
2025-09-30 00:00:00-04:00,2.64001606126622,2.6597914430498424,2.580689680174206,2.6004652976989746,7067000,0.0,0.0
2025-10-01 00:00:00-04:00,2.6301283703744085,2.6301283703744085,2.580689680174206,2.6004652976989746,7913700,0.0,0.0
2025-10-02 00:00:00-04:00,2.60046529057376,2.6103529814384796,2.5510266005090183,2.5905773639678955,9042300,0.0,0.0
2025-10-03 00:00:00-04:00,2.5905773639678955,2.6103529814384796,2.570801982238457,2.5905773639678955,9484100,0.0,0.0
2025-10-06 00:00:00-04:00,2.620240692694806,2.6400160745781434,2.590577384128653,2.6301283836364746,9027900,0.0,0.0
2025-10-07 00:00:00-04:00,2.6301283703744085,2.64001606126622,2.6004652976989746,2.6004652976989746,9957300,0.0,0.0
2025-10-08 00:00:00-04:00,2.6400160745781434,2.6499037655198117,2.6103530017531376,2.6301283836364746,9176500,0.0,0.0
2025-10-09 00:00:00-04:00,2.659791482397223,2.7092299375876423,2.649903791359139,2.6894545555114746,9735900,0.0,0.0
2025-10-10 00:00:00-04:00,2.7191176021114924,2.7191176021114924,2.6301283836364746,2.6301283836364746,11039200,0.0,0.0
2025-10-13 00:00:00-04:00,2.6202407056123187,2.6795668515548026,2.6202407056123187,2.6597914695739746,11460100,0.0,0.0
2025-10-14 00:00:00-04:00,2.6696791776627515,2.719117632931457,2.65979148660901,2.6993422508239746,16347700,0.0,0.0
2025-10-15 00:00:00-04:00,2.7290053282750426,2.7487807104136106,2.7092299461364746,2.7092299461364746,14471000,0.0,0.0
2025-10-16 00:00:00-04:00,2.6499037699070134,2.7191176066132847,2.6400160789489746,2.6400160789489746,10950500,0.0,0.0
2025-10-17 00:00:00-04:00,2.6004653021029185,2.6499037566457,2.5905773754532158,2.6103529930114746,8945000,0.0,0.0
2025-10-20 00:00:00-04:00,2.6103529930114746,2.6301283748285873,2.5905773754532158,2.6103529930114746,12130900,0.0,0.0
2025-10-21 00:00:00-04:00,2.600465323631491,2.6696791605643884,2.5905773968999286,2.6597914695739746,8281600,0.0,0.0
2025-10-22 00:00:00-04:00,2.649903791359139,2.6993422465495587,2.649903791359139,2.6894545555114746,9201000,0.0,0.0
2025-10-23 00:00:00-04:00,2.6795668601989746,2.709229933265908,2.6696791691766633,2.6795668601989746,5595100,0.0,0.0
2025-10-24 00:00:00-04:00,2.6597914695739746,2.6795668515548026,2.649903778583561,2.6597914695739746,9331800,0.0,0.0
2025-10-27 00:00:00-04:00,2.669679151823091,2.669679151823091,2.630128387990936,2.6400160789489746,6113100,0.0,0.0
2025-10-28 00:00:00-04:00,2.6301283923129013,2.6597914652357613,2.600465319390041,2.6499037742614746,5667500,0.0,0.0
2025-10-29 00:00:00-04:00,2.669679151823091,2.6894545337391684,2.630128387990936,2.6400160789489746,9025600,0.0,0.0
2025-10-30 00:00:00-04:00,2.620240697032897,2.669679151823091,2.6103530060748583,2.6400160789489746,11027000,0.0,0.0
2025-10-31 00:00:00-04:00,2.610352988590786,2.620240679482597,2.580689680174206,2.6004652976989746,7204400,0.0,0.0
2025-11-03 00:00:00-05:00,2.6202406677872525,2.6202406677872525,2.5708019778077174,2.5806896686553955,5129200,0.0,0.0
2025-11-04 00:00:00-05:00,2.560914273513657,2.58068965510518,2.541138891922134,2.5510265827178955,4475900,0.0,0.0
2025-11-05 00:00:00-05:00,2.5708019892823946,2.6004652976989746,2.5609142983905833,2.6004652976989746,4589200,0.0,0.0
2025-11-06 00:00:00-05:00,2.5806896686553955,2.6004652860918966,2.5609142869600396,2.5806896686553955,4584800,0.0,0.0
2025-11-07 00:00:00-05:00,2.5708019733428955,2.5806896641734007,2.5213635191903676,2.5708019733428955,9325100,0.0,0.0
2025-11-10 00:00:00-05:00,2.5905773639678955,2.6103529814384796,2.5806896731031763,2.5905773639678955,4862200,0.0,0.0
2025-11-11 00:00:00-05:00,2.6103530060748583,2.6499037699070134,2.6103530060748583,2.6400160789489746,3804700,0.0,0.0
2025-11-12 00:00:00-05:00,2.6499037655198117,2.669679147403149,2.620240692694806,2.6301283836364746,3714800,0.0,0.0
2025-11-13 00:00:00-05:00,2.6301283836364746,2.6400160745781434,2.6103530017531376,2.6301283836364746,6091500,0.0,0.0
2025-11-14 00:00:00-05:00,2.6103529973988,2.6202406883239746,2.6004653064736245,2.6202406883239746,4657400,0.0,0.0
2025-11-17 00:00:00-05:00,2.610352988590786,2.6301283703744085,2.6004652976989746,2.6004652976989746,8178200,0.0,0.0
2025-11-18 00:00:00-05:00,2.580689680174206,2.6004652976989746,2.5708019892823946,2.6004652976989746,9089300,0.0,0.0
2025-11-19 00:00:00-05:00,2.630128396602733,2.6795668515548026,2.6202407056123187,2.6597914695739746,6627500,0.0,0.0
2025-11-20 00:00:00-05:00,2.649903778583561,2.6795668515548026,2.649903778583561,2.6597914695739746,10181100,0.0,0.0
2025-11-21 00:00:00-05:00,2.6499037828736314,2.6696791648864746,2.6202407098543667,2.6696791648864746,6938500,0.0,0.0
2025-11-24 00:00:00-05:00,2.659791473880053,2.6795668558928964,2.6499037828736314,2.6696791648864746,7701500,0.0,0.0
2025-11-25 00:00:00-05:00,2.659791473880053,2.6696791648864746,2.6499037828736314,2.6696791648864746,5990800,0.0,0.0
2025-11-26 00:00:00-05:00,2.6795668515548026,2.7092299245260443,2.6400160875931467,2.6597914695739746,9815800,0.0,0.0
2025-11-28 00:00:00-05:00,2.659791482397223,2.6993422465495587,2.649903791359139,2.6894545555114746,4205000,0.0,0.0
2025-12-01 00:00:00-05:00,2.6795668644733905,2.7092299375876423,2.669679173435307,2.6894545555114746,4519800,0.0,0.0
2025-12-02 00:00:00-05:00,2.6795668687164924,2.709229941877716,2.6795668687164924,2.6993422508239746,3311700,0.0,0.0
2025-12-03 00:00:00-05:00,2.699342267613017,2.7388930320739746,2.699342267613017,2.7388930320739746,4814900,0.0,0.0
2025-12-04 00:00:00-05:00,2.7388930526881805,2.7883315086364746,2.7388930526881805,2.7883315086364746,7801800,0.0,0.0
2025-12-05 00:00:00-05:00,2.79821921210786,2.8179945945739746,2.788331520874803,2.8179945945739746,6223200,0.0,0.0
2025-12-08 00:00:00-05:00,2.817994586357429,2.827882277561656,2.7784438215405203,2.7982192039489746,6061700,0.0,0.0
2025-12-09 00:00:00-05:00,2.788331524897191,2.847657908122271,2.768556142402549,2.8278822898864746,7606500,0.0,0.0
2025-12-10 00:00:00-05:00,2.8377699959038294,2.8773209968401225,2.8179946133062606,2.8575456142425537,9431300,0.0,0.0
2025-12-11 00:00:00-05:00,2.8377699687658833,2.847657895711264,2.7883315127447474,2.7982192039489746,9749600,0.0,0.0
2025-12-12 00:00:00-05:00,2.808106874168499,2.808106874168499,2.7290053451257994,2.7487807273864746,9149600,0.0,0.0
2025-12-15 00:00:00-05:00,2.7982191998261334,2.8081068910157923,2.758668435067498,2.7883315086364746,4162100,0.0,0.0
2025-12-16 00:00:00-05:00,2.7685561180114746,2.7883315003318945,2.7586684268512647,2.7685561180114746,4884500,0.0,0.0
2025-12-17 00:00:00-05:00,2.79821921210786,2.8377699770400886,2.788331520874803,2.8179945945739746,7767600,0.0,0.0
2025-12-18 00:00:00-05:00,2.8278822898864746,2.8773209818642336,2.8081069073918328,2.8278822898864746,7493700,0.0,0.0
2025-12-19 00:00:00-05:00,2.8773210617285283,3.055299509120359,2.8575456786849913,3.0256364345550537,47106700,0.0,0.0
2025-12-22 00:00:00-05:00,3.025636419191294,3.045411802134414,2.9663102703619337,2.9860856533050537,6870700,0.0,0.0
2025-12-23 00:00:00-05:00,2.9663102509632475,2.995973325183941,2.926759485335656,2.9366471767425537,4933900,0.0,0.0
2025-12-24 00:00:00-05:00,2.9267594614994037,2.9267594614994037,2.8773210048675537,2.8773210048675537,4195500,0.0,0.0
2025-12-26 00:00:00-05:00,2.8872087001800537,2.9069840828600957,2.8773210088400325,2.8872087001800537,1079500,0.0,0.0
2025-12-29 00:00:00-05:00,2.8575456142425537,2.867433305541338,2.8377699959038294,2.8575456142425537,2452700,0.0,0.0
2025-12-30 00:00:00-05:00,2.8377699811337953,2.8377699811337953,2.8179945986391535,2.8278822898864746,3884900,0.0,0.0
2025-12-31 00:00:00-05:00,2.8278822816988605,2.8377699729175534,2.8081068992614746,2.8081068992614746,2542300,0.0,0.0
2026-01-02 00:00:00-05:00,2.8872087001800537,2.926759465540138,2.847657934819969,2.8872087001800537,4718500,0.0,0.0
2026-01-05 00:00:00-05:00,2.847657908122271,2.8674332906169124,2.8179945986391535,2.8278822898864746,5306900,0.0,0.0
2026-01-06 00:00:00-05:00,2.857545618242429,2.877321000867678,2.847657926929804,2.8674333095550537,4053400,0.0,0.0
2026-01-07 00:00:00-05:00,2.8970963954925537,2.946534852260449,2.8970963954925537,2.8970963954925537,2458100,0.0,0.0
2026-01-08 00:00:00-05:00,2.8476579308884435,2.8773210048675537,2.8377700038209173,2.8773210048675537,5453200,0.0,0.0
2026-01-09 00:00:00-05:00,2.8674332947245853,2.8773209859860707,2.8377699851989746,2.8377699851989746,4841100,0.0,0.0
2026-01-12 00:00:00-05:00,2.857545622214814,2.8872086961939236,2.8476579308884435,2.8773210048675537,3709800,0.0,0.0
2026-01-13 00:00:00-05:00,2.8970963753542933,2.906984066639141,2.83776999190405,2.8476579189300537,6748000,0.0,0.0
2026-01-14 00:00:00-05:00,2.8872087422909534,3.0256364230702633,2.8674333593224803,2.9959733486175537,20512100,0.0,0.0
2026-01-15 00:00:00-05:00,2.9465348681494516,2.9564225595563496,2.9069841025218603,2.9366471767425537,5553600,0.0,0.0
2026-01-16 00:00:00-05:00,2.75866840578783,2.7982191701266856,2.699342259279547,2.7191176414489746,13547300,0.0,0.0
2026-01-20 00:00:00-05:00,2.600465281575557,2.649903735728085,2.5708019733428955,2.5708019733428955,5397400,0.0,0.0
2026-01-21 00:00:00-05:00,2.5708019733428955,2.600465281575557,2.5411389008513785,2.5708019733428955,7105300,0.0,0.0
2026-01-22 00:00:00-05:00,2.5708019778077174,2.6103529769395744,2.5708019778077174,2.5806896686553955,4561100,0.0,0.0
2026-01-23 00:00:00-05:00,2.5708019643094184,2.58068965510518,2.5312512011263726,2.5510265827178955,4089500,0.0,0.0
2026-01-26 00:00:00-05:00,2.5510265961123615,2.5806896686553955,2.541138905264684,2.5806896686553955,3200700,0.0,0.0
2026-01-27 00:00:00-05:00,2.5114758327216498,2.5806896686553955,2.501588141873972,2.5806896686553955,9289100,0.0,0.0
2026-01-28 00:00:00-05:00,2.5806898852645586,2.590577576942156,2.5213637351989746,2.5213637351989746,9834000,0.0,0.0
2026-01-29 00:00:00-05:00,2.5510268028182894,2.5609144944671525,2.481812961276249,2.5015883445739746,8378600,0.0,0.0
2026-01-30 00:00:00-05:00,2.4917006492614746,2.521363724164449,2.4719252659928252,2.4917006492614746,7392500,0.0,0.0
2026-02-02 00:00:00-05:00,2.551026632938273,2.6696791605643884,2.5411389419478594,2.6597914695739746,14427000,0.0,0.0
2026-02-03 00:00:00-05:00,2.610353199787009,2.649903966554194,2.4818129720524937,2.5312514305114746,17028400,0.0,0.0
2026-02-04 00:00:00-05:00,2.5015883554360863,2.551026813895067,2.49170066374429,2.5312514305114746,14095900,0.0,0.0
2026-02-05 00:00:00-05:00,2.531251426876572,2.551026810231767,2.50158835184378,2.5213637351989746,12886500,0.0,0.0
2026-02-06 00:00:00-05:00,2.4917006455686455,2.521363720427657,2.442262187470292,2.4818129539489746,11881700,0.0,0.0
2026-02-09 00:00:00-05:00,2.4521498528163903,2.4521498528163903,2.4027113952477457,2.4125990867614746,10756700,0.0,0.0
2026-02-10 00:00:00-05:00,2.432374492216877,2.4818129502413737,2.4224868006119777,2.4719252586364746,8329000,0.0,0.0
2026-02-11 00:00:00-05:00,2.452149833107286,2.452149833107286,2.3433849915893017,2.3631606101989746,13972900,0.0,0.0
2026-02-12 00:00:00-05:00,2.3038341795199244,2.3038341795199244,2.234620340872084,2.2543957233428955,24548600,0.0,0.0
2026-02-13 00:00:00-05:00,2.264283438518163,2.3532728963188383,2.2543957471782163,2.3137218952178955,12586000,0.0,0.0
2026-02-17 00:00:00-05:00,2.3137218749214434,2.333497257427863,2.2543957274021857,2.2642834186553955,11407700,0.0,0.0
2026-02-18 00:00:00-05:00,2.254395731426178,2.3038341877804713,2.2445080401553192,2.2741711139678955,8250400,0.0,0.0
2026-02-19 00:00:00-05:00,2.254395706743298,2.254395706743298,2.204957250930295,2.2148449420928955,9659100,0.0,0.0
2026-02-20 00:00:00-05:00,2.22473264151857,2.254395715116546,2.214844950319245,2.2346203327178955,5198800,0.0,0.0
2026-02-23 00:00:00-05:00,2.1851818476661036,2.195069538733958,2.1555187744625415,2.1654064655303955,12429500,0.0,0.0
2026-02-24 00:00:00-05:00,2.145631061873936,2.1654064438112965,2.096192371289387,2.1159679889678955,13196300,0.0,0.0
2026-02-25 00:00:00-05:00,2.1456310875814517,2.1950695430171914,2.0961923964045615,2.1752941608428955,16278400,0.0,0.0
2026-02-26 00:00:00-05:00,2.195069563862262,2.2445080197674843,2.185181872681217,2.2247326374053955,13591500,0.0,0.0
2026-02-27 00:00:00-05:00,2.1950695514678955,2.2049572425931094,2.145631095841825,2.1950695514678955,11393500,0.0,0.0
2026-03-02 00:00:00-05:00,2.175294143628498,2.185181834637399,2.1060803065661933,2.1357433795928955,12025700,0.0,0.0
2026-03-03 00:00:00-05:00,2.115968014320008,2.2049572341043393,2.0863047053174135,2.1752941608428955,12828300,0.0,0.0
2026-03-04 00:00:00-05:00,2.1456310875814517,2.1851818519300434,2.135743396494304,2.1752941608428955,16247400,0.0,0.0
2026-03-05 00:00:00-05:00,2.1851818603426816,2.214844933718324,2.145631095841825,2.1950695514678955,22146600,0.0,0.0
2026-03-06 00:00:00-05:00,2.1950695915358915,2.3038341958985957,2.1950695915358915,2.2939465045928955,18684300,0.0,0.0
2026-03-09 00:00:00-04:00,2.2642834267036855,2.2939465005687505,2.2148449702619106,2.2840588092803955,21745900,0.0,0.0
2026-03-10 00:00:00-04:00,2.2939465908730705,2.531251426876572,2.2642835158402783,2.5213637351989746,46465300,0.0,0.0
2026-03-11 00:00:00-04:00,2.3829359824574814,2.462037513579337,2.2939465242042356,2.3433849811553955,43733100,0.0,0.0
2026-03-12 00:00:00-04:00,2.323609570322189,2.3433849528639064,2.224732657613602,2.2741711139678955,21134600,0.0,0.0
2026-03-13 00:00:00-04:00,2.254395715116546,2.2642834063158714,2.2346203327178955,2.2346203327178955,15317200,0.0,0.0
2026-03-16 00:00:00-04:00,2.2049572383679297,2.224732620580464,2.175294165049128,2.1851818561553955,20488300,0.0,0.0
2026-03-17 00:00:00-04:00,2.1654064780922533,2.234620315968752,2.1654064780922533,2.1950695514678955,9159500,0.0,0.0
2026-03-18 00:00:00-04:00,2.195069538733958,2.214844920869666,2.1555187744625415,2.1654064655303955,16585900,0.0,0.0
2026-03-19 00:00:00-04:00,2.1456310833946874,2.1851818476661036,2.1258557012589794,2.1654064655303955,10639700,0.0,0.0
2026-03-20 00:00:00-04:00,2.1555187572470476,2.1851818302136996,2.1159679932915116,2.1258556842803955,14875500,0.0,0.0
2026-03-23 00:00:00-04:00,2.1357433795928955,2.1654064526195977,2.1060803065661933,2.1357433795928955,11958600,0.0,0.0
2026-03-24 00:00:00-04:00,2.125855659406418,2.1357433502796095,2.0764169692993164,2.0764169692993164,8495800,0.0,0.0
2026-03-25 00:00:00-04:00,2.0961923465426677,2.1258556548396643,2.0368662014309646,2.0665292739868164,9633900,0.0,0.0
2026-03-26 00:00:00-04:00,2.0665292739868164,2.1060802731357633,2.0665292739868164,2.0665292739868164,5541800,0.0,0.0
2026-03-27 00:00:00-04:00,2.0566415786743164,2.086304651165833,2.0269785061827994,2.0566415786743164,10653300,0.0,0.0
2026-03-30 00:00:00-04:00,2.036866192552963,2.096192337406084,2.036866192552963,2.0467538833618164,11305100,0.0,0.0
2026-03-31 00:00:00-04:00,2.0566415962640305,2.1258556684106775,2.046753905348959,2.0961923599243164,11065200,0.0,0.0
2026-04-01 00:00:00-04:00,2.096192355506047,2.115967973035654,2.046753901034894,2.0863046646118164,9721500,0.0,0.0
2026-04-02 00:00:00-04:00,2.0961923798161437,2.1654064526195977,2.0961923798161437,2.1357433795928955,10329600,0.0,0.0
2026-04-06 00:00:00-04:00,2.1456310833946874,2.1851818476661036,2.1258557012589794,2.1654064655303955,8231000,0.0,0.0
2026-04-07 00:00:00-04:00,2.2148449462243507,2.2445080197674843,2.185181872681217,2.2247326374053955,12249000,0.0,0.0
2026-04-08 00:00:00-04:00,2.2445080197674843,2.2642834021295735,2.195069563862262,2.2247326374053955,6167500,0.0,0.0
2026-04-09 00:00:00-04:00,2.22473264151857,2.254395715116546,2.1752941855219436,2.2346203327178955,13102200,0.0,0.0
2026-04-10 00:00:00-04:00,2.244507985192725,2.244507985192725,2.1456310749053955,2.1456310749053955,10651300,0.0,0.0
2026-04-13 00:00:00-04:00,2.1654064862798927,2.224732633255496,2.1555187951172923,2.2148449420928955,14648300,0.0,0.0
2026-04-14 00:00:00-04:00,2.214844929474197,2.234620311686731,2.1654064739428613,2.1851818561553955,10538700,0.0,0.0
2026-04-15 00:00:00-04:00,2.2346203368129505,2.2642834104652856,2.2346203368129505,2.2445080280303955,10883200,0.0,0.0
2026-04-16 00:00:00-04:00,2.214844907664101,2.2346202896819025,2.0961923798161437,2.1357433795928955,21130600,0.0,0.0
2026-04-17 00:00:00-04:00,2.1654064655303955,2.204957229801812,2.1357433923268334,2.1654064655303955,7563000,0.0,0.0
2026-04-20 00:00:00-04:00,2.1555187528426165,2.1555187528426165,2.1159679889678955,2.1159679889678955,7598600,0.0,0.0
2026-04-21 00:00:00-04:00,2.165406439345116,2.165406439345116,2.1060802936553955,2.1060802936553955,14079800,0.0,0.0
2026-04-22 00:00:00-04:00,2.115967973035654,2.115967973035654,2.0863046646118164,2.0863046646118164,13315900,0.0,0.0
2026-04-23 00:00:00-04:00,2.0368661742721517,2.0566415557123747,1.987427720671593,2.0072031021118164,23794800,0.0,0.0
2026-04-24 00:00:00-04:00,1.9973154159390696,2.036866178909563,1.987427725196446,2.0170907974243164,8579400,0.0,0.0
2026-04-27 00:00:00-04:00,2.0467538742666473,2.056641565031563,2.0072031112069855,2.0269784927368164,7829600,0.0,0.0
2026-04-28 00:00:00-04:00,2.0467538649922634,2.0566415557123747,1.9973154113917047,2.0072031021118164,7502900,0.0,0.0
2026-04-29 00:00:00-04:00,1.997315526008606,2.007203217296128,1.9775401434335629,1.997315526008606,7609500,0.0,0.0
2026-04-30 00:00:00-04:00,2.007203106681693,2.02697848816694,1.987427725196446,2.0170907974243164,7886800,0.0,0.0
2026-05-01 00:00:00-04:00,2.0072031021118164,2.02697848355204,2.0072031021118164,2.0072031021118164,3327300,0.0,0.0
2026-05-04 00:00:00-04:00,2.017090896205324,2.017090896205324,1.967652440071106,1.967652440071106,8028400,0.0,0.0
2026-05-05 00:00:00-04:00,1.9973155137516367,1.9973155137516367,1.967652440071106,1.967652440071106,5922400,0.0,0.0
2026-05-06 00:00:00-04:00,1.977540135383606,1.9874278266308778,1.9478770616417904,1.977540135383606,6971400,0.0,0.0
2026-05-07 00:00:00-04:00,1.977540127171024,1.997315509583442,1.947877053552397,1.957764744758606,15180000,0.0,0.0
2026-05-08 00:00:00-04:00,1.9676524233932473,1.9775401145362825,1.908326158664459,1.928101658821106,14524600,0.0,0.0
2026-05-11 00:00:00-04:00,1.9478770181037588,1.9478770181037588,1.8786630630493164,1.8786630630493164,13701800,0.0,0.0
2026-05-12 00:00:00-04:00,1.8786630455356759,1.8885507364697658,1.8292245908652265,1.8391122817993164,12348800,0.0,0.0
2026-05-13 00:00:00-04:00,1.8292246942371757,1.8292246942371757,1.7797861189023125,1.799561619758606,21176400,0.0,0.0
2026-05-14 00:00:00-04:00,1.8193370141413094,1.8786631634700897,1.8094493225865127,1.829224705696106,20611300,0.0,0.0
2026-05-15 00:00:00-04:00,1.8094492217152862,1.8885507497439933,1.8094492217152862,1.8687753677368164,12500400,0.0,0.0
2026-05-18 00:00:00-04:00,1.868775390030314,1.918213963508606,1.8588876989087706,1.918213963508606,13688000,0.0,0.0
2026-05-19 00:00:00-04:00,1.9281016490431762,1.9478770312289604,1.9083261489868164,1.9083261489868164,9090700,0.0,0.0
2026-05-20 00:00:00-04:00,1.9083261668340699,1.9676524318168356,1.898438475648705,1.947877049446106,7700100,0.0,0.0
2026-05-21 00:00:00-04:00,1.9379893623461881,1.977540127171024,1.91821397993377,1.957764744758606,7115600,0.0,0.0
2026-05-22 00:00:00-04:00,1.997315521963603,2.0170909044985965,1.9775401394286092,1.987427830696106,7036000,0.0,0.0
2026-05-26 00:00:00-04:00,1.987427734114361,2.0566415696232987,1.9775400433273698,2.0368661880493164,10363300,0.0,0.0
2026-05-27 00:00:00-04:00,2.0269784927368164,2.086304637326309,2.017090801971901,2.0269784927368164,11911200,0.0,0.0
2026-05-28 00:00:00-04:00,2.036866334537095,2.4620375404375516,2.026978643038999,2.4027113914489746,24909500,0.0,0.0
2026-05-29 00:00:00-04:00,2.195069606612325,2.3334972858428955,2.1258557669970397,2.3334972858428955,21851600,0.0,0.0
2026-06-01 00:00:00-04:00,2.2543957760190767,2.4719252240219474,2.2543957760190767,2.3829360008239746,19446500,0.0,0.0
2026-06-02 00:00:00-04:00,2.3137218405368682,2.323609531643135,2.145631091730327,2.1851818561553955,11741200,0.0,0.0
2026-06-03 00:00:00-04:00,2.155518748396829,2.155518748396829,2.1060802936553955,2.1060802936553955,5059000,0.0,0.0
2026-06-04 00:00:00-04:00,2.1258556455737883,2.1357433363826415,2.036866192552963,2.0467538833618164,8876100,0.0,0.0
2026-06-05 00:00:00-04:00,2.0467538966797427,2.0863046601725075,1.9973154423137869,2.0764169692993164,7297600,0.0,0.0
2026-06-08 00:00:00-04:00,2.0072031687509972,2.185181843363045,2.0072031687509972,2.1555187702178955,14700000,0.0,0.0
2026-06-09 00:00:00-04:00,2.115967997575094,2.2049572166552003,2.1060803065661933,2.1357433795928955,10646800,0.0,0.0
2026-06-10 00:00:00-04:00,2.1851818046455653,2.1851818046455653,2.0665292784261253,2.0764169692993164,5393600,0.0,0.0
2026-06-11 00:00:00-04:00,2.0467539206281753,2.1357433752692794,2.0170908476615232,2.1258556842803955,9056900,0.0,0.0
2026-06-12 00:00:00-04:00,2.1555187786685996,2.234620307365783,2.125855705407156,2.1752941608428955,5768300,0.0,0.0
2026-06-15 00:00:00-04:00,2.195069583801026,2.31372187905133,2.185181892530167,2.2741711139678955,15047400,0.0,0.0
2026-06-16 00:00:00-04:00,2.2741711414237717,2.3829359824574814,2.234620375862844,2.3433849811553955,13211100,0.0,0.0
2026-06-17 00:00:00-04:00,2.3829360269864788,2.5015883258864715,2.3334973333703193,2.4521498680114746,15569300,0.0,0.0
2026-06-18 00:00:00-04:00,2.3631606101989746,2.392823684501745,2.2247326943782197,2.3631606101989746,29607200,0.0,0.0
2026-06-22 00:00:00-04:00,2.3532728541104557,2.363160545273056,2.145631103954692,2.2148449420928955,11648300,0.0,0.0
2026-06-23 00:00:00-04:00,2.195069579882928,2.3137218749214434,2.195069579882928,2.2642834186553955,15555300,0.0,0.0
2026-06-24 00:00:00-04:00,2.22473261193752,2.293946449412499,2.1357433923268334,2.1654064655303955,29158200,0.0,0.0
2026-06-25 00:00:00-04:00,2.1357433923268334,2.214844920869666,2.1060803191232713,2.1654064655303955,14487300,0.0,0.0
2026-06-26 00:00:00-04:00,2.1555188070733906,2.2642834104652856,2.1555188070733906,2.2445080280303955,7507300,0.0,0.0
2026-06-29 00:00:00-04:00,2.264283367250191,2.274171058278924,2.1456310749053955,2.1456310749053955,8051800,0.0,0.0
2026-06-30 00:00:00-04:00,2.145631107957039,2.2642834021295735,2.106080343232861,2.2247326374053955,13352100,0.0,0.0
2026-07-01 00:00:00-04:00,2.1950695142361707,2.224732587108682,1.8489999771118164,1.8489999771118164,35265500,0.0,0.0
2026-07-02 00:00:00-04:00,1.9379893226325093,1.9379893226325093,1.8489999857296398,1.8687753677368164,14188300,0.0,0.0
2026-07-06 00:00:00-04:00,1.8588877765211036,1.8687754680554782,1.8094493188492315,1.819337010383606,19263100,0.0,0.0
2026-07-07 00:00:00-04:00,1.8391123972509027,1.8786631634700897,1.8094493225865127,1.829224705696106,12844800,0.0,0.0
2026-07-08 00:00:00-04:00,1.8193370065848349,1.829224698098564,1.7896738141730677,1.809449315071106,9513800,0.0,0.0
2026-07-09 00:00:00-04:00,1.7896738216063381,1.8391123972509027,1.7797861300515416,1.829224705696106,6360200,0.0,0.0
2026-07-10 00:00:00-04:00,1.8391122861543125,1.8786630499843278,1.819336904239305,1.8489999771118164,17706300,0.0,0.0
2026-07-13 00:00:00-04:00,1.8687753720230496,1.908326136128117,1.8588876809967827,1.8786630630493164,7817300,0.0,0.0
2026-07-14 00:00:00-04:00,1.819337010383606,1.8687754680554782,1.7995616273148571,1.819337010383606,20364600,0.0,0.0
2026-07-15 00:00:00-04:00,1.819337010383606,1.8588877765211036,1.8094493188492315,1.819337010383606,8218000,0.0,0.0
2026-07-16 00:00:00-04:00,1.8193370141413094,1.8490000888056994,1.7797861300515416,1.829224705696106,6551200,0.0,0.0
2026-07-17 00:00:00-04:00,1.8193368999311368,1.868775354601586,1.8094492089970469,1.8391122817993164,4825800,0.0,0.0
2026-07-20 00:00:00-04:00,1.829224705696106,1.8490000888056994,1.8094493225865127,1.829224705696106,6325100,0.0,0.0
2026-07-21 00:00:00-04:00,1.8094493112514625,1.8588877687157457,1.7698984274094558,1.799561619758606,9238700,0.0,0.0
2026-07-22 00:00:00-04:00,1.8094493060361112,1.829224688964826,1.7896738052368164,1.7896738052368164,6363700,0.0,0.0
2026-07-23 00:00:00-04:00,1.7797861020983188,1.8094492941674014,1.7303476451008128,1.7600107192993164,13033800,0.0,0.0
2026-07-24 00:00:00-04:00,1.7896737134962197,1.8489999771118164,1.7797860225387159,1.8489999771118164,8165900,0.0,0.0
2026-07-27 00:00:00-04:00,1.8700000047683716,1.9900000095367432,1.8600000143051147,1.909999966621399,17777300,0.021,0.0
2026-07-28 00:00:00-04:00,1.9299999475479126,1.9700000286102295,1.909999966621399,1.9199999570846558,11334800,0.0,0.0
2026-07-29 00:00:00-04:00,2.0399999618530273,2.0399999618530273,1.9299999475479126,1.9700000286102295,7057700,0.0,0.0
2026-07-30 00:00:00-04:00,1.9600000381469727,1.9800000190734863,1.9299999475479126,1.9500000476837158,5307700,0.0,0.0
2026-07-31 00:00:00-04:00,1.9199999570846558,2.0,1.9199999570846558,1.9800000190734863,5822800,0.0,0.0
2026-08-03 00:00:00-04:00,2.0199999809265137,2.069999933242798,2.009999990463257,2.049999952316284,9668300,0.0,0.0
2026-08-04 00:00:00-04:00,2.0299999713897705,2.0799999237060547,2.009999990463257,2.049999952316284,8491800,0.0,0.0
2026-08-05 00:00:00-04:00,2.0399999618530273,2.059999942779541,1.9900000095367432,2.0,4379400,0.0,0.0
2026-08-06 00:00:00-04:00,1.9800000190734863,2.0399999618530273,1.9600000381469727,1.9900000095367432,5410500,0.0,0.0
2026-08-07 00:00:00-04:00,2.009999990463257,2.0299999713897705,1.9900000095367432,2.0199999809265137,8205000,0.0,0.0
2026-08-10 00:00:00-04:00,1.9900000095367432,2.009999990463257,1.9700000286102295,1.9900000095367432,3142900,0.0,0.0
2026-08-11 00:00:00-04:00,1.9800000190734863,2.0,1.9600000381469727,1.9700000286102295,3196900,0.0,0.0
2026-08-12 00:00:00-04:00,1.9600000381469727,1.9800000190734863,1.9199999570846558,1.9500000476837158,4735200,0.0,0.0
2026-08-13 00:00:00-04:00,1.9600000381469727,1.9800000190734863,1.9199999570846558,1.9600000381469727,3803900,0.0,0.0
2026-08-14 00:00:00-04:00,1.9700000286102295,1.9700000286102295,1.9299999475479126,1.940000057220459,2059300,0.0,0.0
2026-08-17 00:00:00-04:00,1.9299999475479126,1.9500000476837158,1.899999976158142,1.909999966621399,3617800,0.0,0.0
2026-08-18 00:00:00-04:00,1.8899999856948853,1.9299999475479126,1.8899999856948853,1.909999966621399,5328300,0.0,0.0
2026-08-19 00:00:00-04:00,1.899999976158142,1.9700000286102295,1.899999976158142,1.9500000476837158,8465200,0.0,0.0
2026-08-20 00:00:00-04:00,1.940000057220459,1.9600000381469727,1.8899999856948853,1.909999966621399,4409400,0.0,0.0
2026-08-21 00:00:00-04:00,1.909999966621399,1.9299999475479126,1.8700000047683716,1.8899999856948853,6190600,0.0,0.0
2026-08-24 00:00:00-04:00,1.8899999856948853,1.9199999570846558,1.8600000143051147,1.8799999952316284,5636700,0.0,0.0
2026-08-25 00:00:00-04:00,1.8799999952316284,1.8899999856948853,1.8600000143051147,1.8799999952316284,2407500,0.0,0.0
2026-08-26 00:00:00-04:00,1.850000023841858,1.8849999904632568,1.8200000524520874,1.8300000429153442,4666002,0.0,0.0
