Date,Open,High,Low,Close,Volume,Dividends,Stock Splits
2022-01-03 00:00:00-05:00,10.829999923706055,11.100000381469727,10.449999809265137,11.020000457763672,216200,0.0,0.0
2022-01-04 00:00:00-05:00,11.079999923706055,11.369999885559082,10.75,10.989999771118164,225800,0.0,0.0
2022-01-05 00:00:00-05:00,11.0,11.020000457763672,10.359999656677246,10.479999542236328,248500,0.0,0.0
2022-01-06 00:00:00-05:00,11.010000228881836,11.010000228881836,10.020000457763672,10.34000015258789,178500,0.0,0.0
2022-01-07 00:00:00-05:00,10.279999732971191,10.59000015258789,10.100000381469727,10.229999542236328,151500,0.0,0.0
2022-01-10 00:00:00-05:00,10.140000343322754,10.149999618530273,9.529999732971191,9.890000343322754,246400,0.0,0.0
2022-01-11 00:00:00-05:00,9.890000343322754,10.170000076293945,9.75,9.960000038146973,167500,0.0,0.0
2022-01-12 00:00:00-05:00,10.100000381469727,10.15999984741211,9.640000343322754,9.649999618530273,160900,0.0,0.0
2022-01-13 00:00:00-05:00,9.760000228881836,9.8100004196167,9.279999732971191,9.329999923706055,172000,0.0,0.0
2022-01-14 00:00:00-05:00,9.210000038146973,9.649999618530273,9.140000343322754,9.600000381469727,268900,0.0,0.0
2022-01-18 00:00:00-05:00,9.529999732971191,9.609999656677246,9.050000190734863,9.09000015258789,221100,0.0,0.0
2022-01-19 00:00:00-05:00,9.1899995803833,9.289999961853027,8.710000038146973,8.739999771118164,247900,0.0,0.0
2022-01-20 00:00:00-05:00,8.699999809265137,9.109999656677246,8.470000267028809,8.529999732971191,229500,0.0,0.0
2022-01-21 00:00:00-05:00,8.369999885559082,8.479999542236328,7.949999809265137,7.980000019073486,271500,0.0,0.0
2022-01-24 00:00:00-05:00,7.820000171661377,8.329999923706055,7.289999961853027,8.25,535400,0.0,0.0
2022-01-25 00:00:00-05:00,8.15999984741211,8.329999923706055,7.650000095367432,8.100000381469727,217100,0.0,0.0
2022-01-26 00:00:00-05:00,8.4399995803833,8.4399995803833,7.75,7.840000152587891,198800,0.0,0.0
2022-01-27 00:00:00-05:00,8.0,8.0,7.349999904632568,7.380000114440918,252400,0.0,0.0
2022-01-28 00:00:00-05:00,7.309999942779541,7.460000038146973,7.039999961853027,7.369999885559082,281600,0.0,0.0
2022-01-31 00:00:00-05:00,7.429999828338623,8.210000038146973,7.380000114440918,8.199999809265137,327600,0.0,0.0
2022-02-01 00:00:00-05:00,8.630000114440918,8.880000114440918,8.079999923706055,8.649999618530273,529800,0.0,0.0
2022-02-02 00:00:00-05:00,8.720000267028809,8.899999618530273,8.149999618530273,8.180000305175781,290800,0.0,0.0
2022-02-03 00:00:00-05:00,7.849999904632568,7.960000038146973,7.570000171661377,7.880000114440918,294700,0.0,0.0
2022-02-04 00:00:00-05:00,7.829999923706055,8.15999984741211,7.650000095367432,8.050000190734863,194100,0.0,0.0
2022-02-07 00:00:00-05:00,8.050000190734863,8.289999961853027,7.800000190734863,7.869999885559082,195400,0.0,0.0
2022-02-08 00:00:00-05:00,7.809999942779541,8.239999771118164,7.809999942779541,7.980000019073486,206900,0.0,0.0
2022-02-09 00:00:00-05:00,8.1899995803833,8.430000305175781,8.119999885559082,8.359999656677246,184000,0.0,0.0
2022-02-10 00:00:00-05:00,8.09000015258789,8.479999542236328,7.880000114440918,7.980000019073486,280300,0.0,0.0
2022-02-11 00:00:00-05:00,8.050000190734863,8.220000267028809,7.610000133514404,7.710000038146973,159400,0.0,0.0
2022-02-14 00:00:00-05:00,7.690000057220459,8.029999732971191,7.659999847412109,7.800000190734863,168200,0.0,0.0
2022-02-15 00:00:00-05:00,7.960000038146973,8.449999809265137,7.909999847412109,8.430000305175781,277100,0.0,0.0
2022-02-16 00:00:00-05:00,8.350000381469727,8.479999542236328,8.1899995803833,8.329999923706055,110300,0.0,0.0
2022-02-17 00:00:00-05:00,8.199999809265137,8.399999618530273,7.880000114440918,7.949999809265137,123500,0.0,0.0
2022-02-18 00:00:00-05:00,7.909999847412109,7.96999979019165,7.619999885559082,7.679999828338623,163200,0.0,0.0
2022-02-22 00:00:00-05:00,7.579999923706055,7.829999923706055,7.539999961853027,7.610000133514404,197400,0.0,0.0
2022-02-23 00:00:00-05:00,7.690000057220459,7.820000171661377,7.440000057220459,7.480000019073486,207500,0.0,0.0
2022-02-24 00:00:00-05:00,7.170000076293945,8.1899995803833,7.099999904632568,8.130000114440918,247200,0.0,0.0
2022-02-25 00:00:00-05:00,8.140000343322754,8.199999809265137,7.929999828338623,8.180000305175781,135400,0.0,0.0
2022-02-28 00:00:00-05:00,8.100000381469727,9.029999732971191,8.100000381469727,8.489999771118164,324500,0.0,0.0
2022-03-01 00:00:00-05:00,8.5,8.600000381469727,8.239999771118164,8.539999961853027,192900,0.0,0.0
2022-03-02 00:00:00-05:00,8.569999694824219,8.65999984741211,8.34000015258789,8.529999732971191,158600,0.0,0.0
2022-03-03 00:00:00-05:00,8.630000114440918,8.729999542236328,7.980000019073486,8.0600004196167,161700,0.0,0.0
2022-03-04 00:00:00-05:00,7.960000038146973,8.390000343322754,7.78000020980835,7.929999828338623,492400,0.0,0.0
2022-03-07 00:00:00-05:00,7.96999979019165,8.6899995803833,7.96999979019165,8.630000114440918,322500,0.0,0.0
2022-03-08 00:00:00-05:00,8.779999732971191,10.140000343322754,8.779999732971191,9.899999618530273,551500,0.0,0.0
2022-03-09 00:00:00-05:00,10.020000457763672,10.140000343322754,9.489999771118164,9.720000267028809,290200,0.0,0.0
2022-03-10 00:00:00-05:00,9.510000228881836,9.59000015258789,9.109999656677246,9.180000305175781,316300,0.0,0.0
2022-03-11 00:00:00-05:00,9.25,9.329999923706055,8.260000228881836,8.3100004196167,229300,0.0,0.0
2022-03-14 00:00:00-04:00,8.270000457763672,8.359999656677246,7.349999904632568,7.400000095367432,378500,0.0,0.0
2022-03-15 00:00:00-04:00,7.449999809265137,8.020000457763672,7.400000095367432,7.940000057220459,292100,0.0,0.0
2022-03-16 00:00:00-04:00,8.0,8.369999885559082,7.960000038146973,8.34000015258789,249300,0.0,0.0
2022-03-17 00:00:00-04:00,8.239999771118164,8.859999656677246,8.220000267028809,8.779999732971191,274100,0.0,0.0
2022-03-18 00:00:00-04:00,8.779999732971191,9.140000343322754,8.710000038146973,8.989999771118164,664000,0.0,0.0
2022-03-21 00:00:00-04:00,8.829999923706055,9.0,8.430000305175781,8.760000228881836,334600,0.0,0.0
2022-03-22 00:00:00-04:00,8.84000015258789,9.050000190734863,8.770000457763672,8.899999618530273,172500,0.0,0.0
2022-03-23 00:00:00-04:00,8.819999694824219,8.949999809265137,8.479999542236328,8.510000228881836,310900,0.0,0.0
2022-03-24 00:00:00-04:00,8.670000076293945,9.359999656677246,8.520000457763672,8.760000228881836,454600,0.0,0.0
2022-03-25 00:00:00-04:00,8.899999618530273,8.899999618530273,8.359999656677246,8.470000267028809,283600,0.0,0.0
2022-03-28 00:00:00-04:00,8.4399995803833,8.470000267028809,7.730000019073486,8.0,344700,0.0,0.0
2022-03-29 00:00:00-04:00,8.09000015258789,8.369999885559082,8.029999732971191,8.170000076293945,275400,0.0,0.0
2022-03-30 00:00:00-04:00,8.149999618530273,8.220000267028809,7.71999979019165,7.730000019073486,733500,0.0,0.0
2022-03-31 00:00:00-04:00,7.78000020980835,7.889999866485596,7.559999942779541,7.610000133514404,302100,0.0,0.0
2022-04-01 00:00:00-04:00,7.650000095367432,7.730000019073486,7.5,7.639999866485596,243700,0.0,0.0
2022-04-04 00:00:00-04:00,7.639999866485596,8.270000457763672,7.639999866485596,8.239999771118164,237800,0.0,0.0
2022-04-05 00:00:00-04:00,8.300000190734863,8.3100004196167,8.029999732971191,8.140000343322754,252200,0.0,0.0
2022-04-06 00:00:00-04:00,8.050000190734863,8.109999656677246,7.46999979019165,7.510000228881836,294500,0.0,0.0
2022-04-07 00:00:00-04:00,7.519999980926514,7.599999904632568,7.019999980926514,7.329999923706055,290800,0.0,0.0
2022-04-08 00:00:00-04:00,7.300000190734863,7.300000190734863,6.949999809265137,7.039999961853027,253900,0.0,0.0
2022-04-11 00:00:00-04:00,6.96999979019165,7.210000038146973,6.75,7.110000133514404,168100,0.0,0.0
2022-04-12 00:00:00-04:00,7.230000019073486,7.429999828338623,7.019999980926514,7.050000190734863,126500,0.0,0.0
2022-04-13 00:00:00-04:00,7.170000076293945,7.170000076293945,6.960000038146973,7.130000114440918,124000,0.0,0.0
2022-04-14 00:00:00-04:00,7.210000038146973,7.239999771118164,6.840000152587891,6.860000133514404,186700,0.0,0.0
2022-04-18 00:00:00-04:00,6.820000171661377,7.199999809265137,6.650000095367432,6.699999809265137,190700,0.0,0.0
2022-04-19 00:00:00-04:00,6.710000038146973,7.070000171661377,6.619999885559082,6.820000171661377,256100,0.0,0.0
2022-04-20 00:00:00-04:00,6.889999866485596,6.889999866485596,6.389999866485596,6.400000095367432,229700,0.0,0.0
2022-04-21 00:00:00-04:00,6.5,6.550000190734863,6.010000228881836,6.110000133514404,292700,0.0,0.0
2022-04-22 00:00:00-04:00,6.110000133514404,6.210000038146973,5.920000076293945,6.070000171661377,327300,0.0,0.0
2022-04-25 00:00:00-04:00,6.070000171661377,6.269999980926514,5.889999866485596,6.070000171661377,385000,0.0,0.0
2022-04-26 00:00:00-04:00,6.0,6.0,5.559999942779541,5.630000114440918,277400,0.0,0.0
2022-04-27 00:00:00-04:00,5.730000019073486,5.949999809265137,5.429999828338623,5.449999809265137,350300,0.0,0.0
2022-04-28 00:00:00-04:00,5.480000019073486,5.599999904632568,5.170000076293945,5.550000190734863,345600,0.0,0.0
2022-04-29 00:00:00-04:00,5.46999979019165,5.800000190734863,5.269999980926514,5.329999923706055,302300,0.0,0.0
2022-05-02 00:00:00-04:00,5.28000020980835,5.599999904632568,5.21999979019165,5.599999904632568,251600,0.0,0.0
2022-05-03 00:00:00-04:00,5.599999904632568,5.71999979019165,5.380000114440918,5.570000171661377,248700,0.0,0.0
2022-05-04 00:00:00-04:00,5.590000152587891,5.960000038146973,5.480000019073486,5.940000057220459,266700,0.0,0.0
2022-05-05 00:00:00-04:00,5.869999885559082,5.949999809265137,5.53000020980835,5.619999885559082,223300,0.0,0.0
2022-05-06 00:00:00-04:00,5.599999904632568,5.619999885559082,5.25,5.329999923706055,167400,0.0,0.0
2022-05-09 00:00:00-04:00,5.199999809265137,5.199999809265137,4.849999904632568,4.869999885559082,336800,0.0,0.0
2022-05-10 00:00:00-04:00,5.039999961853027,5.190000057220459,4.809999942779541,4.960000038146973,290500,0.0,0.0
2022-05-11 00:00:00-04:00,4.940000057220459,5.050000190734863,4.619999885559082,4.659999847412109,339800,0.0,0.0
2022-05-12 00:00:00-04:00,4.579999923706055,4.980000019073486,4.449999809265137,4.789999961853027,243000,0.0,0.0
2022-05-13 00:00:00-04:00,4.849999904632568,5.21999979019165,4.849999904632568,5.150000095367432,209600,0.0,0.0
2022-05-16 00:00:00-04:00,5.139999866485596,5.309999942779541,4.949999809265137,4.96999979019165,207900,0.0,0.0
2022-05-17 00:00:00-04:00,5.130000114440918,5.389999866485596,5.03000020980835,5.369999885559082,237800,0.0,0.0
2022-05-18 00:00:00-04:00,5.289999961853027,5.619999885559082,5.139999866485596,5.170000076293945,217900,0.0,0.0
2022-05-19 00:00:00-04:00,5.159999847412109,5.409999847412109,5.159999847412109,5.269999980926514,146600,0.0,0.0
2022-05-20 00:00:00-04:00,5.369999885559082,5.389999866485596,5.010000228881836,5.210000038146973,163800,0.0,0.0
2022-05-23 00:00:00-04:00,5.199999809265137,5.300000190734863,4.96999979019165,5.269999980926514,211700,0.0,0.0
2022-05-24 00:00:00-04:00,5.190000057220459,5.199999809265137,4.920000076293945,5.0,130200,0.0,0.0
2022-05-25 00:00:00-04:00,4.960000038146973,5.110000133514404,4.920000076293945,5.050000190734863,87700,0.0,0.0
2022-05-26 00:00:00-04:00,5.039999961853027,5.53000020980835,5.039999961853027,5.420000076293945,195300,0.0,0.0
2022-05-27 00:00:00-04:00,5.400000095367432,5.639999866485596,5.389999866485596,5.5,281800,0.0,0.0
2022-05-31 00:00:00-04:00,5.590000152587891,5.639999866485596,5.320000171661377,5.340000152587891,367500,0.0,0.0
2022-06-01 00:00:00-04:00,5.329999923706055,5.489999771118164,5.159999847412109,5.28000020980835,388700,0.0,0.0
2022-06-02 00:00:00-04:00,4.71999979019165,6.650000095367432,4.71999979019165,6.320000171661377,815900,0.0,0.0
2022-06-03 00:00:00-04:00,6.239999771118164,6.28000020980835,5.96999979019165,6.03000020980835,441100,0.0,0.0
2022-06-06 00:00:00-04:00,6.210000038146973,6.300000190734863,6.0,6.03000020980835,269800,0.0,0.0
2022-06-07 00:00:00-04:00,5.909999847412109,6.349999904632568,5.900000095367432,6.329999923706055,340100,0.0,0.0
2022-06-08 00:00:00-04:00,6.269999980926514,6.460000038146973,6.090000152587891,6.25,236200,0.0,0.0
2022-06-09 00:00:00-04:00,6.190000057220459,6.449999809265137,6.099999904632568,6.320000171661377,233400,0.0,0.0
2022-06-10 00:00:00-04:00,6.179999828338623,6.179999828338623,5.900000095367432,5.920000076293945,278700,0.0,0.0
2022-06-13 00:00:00-04:00,5.510000228881836,6.130000114440918,5.480000019073486,6.070000171661377,506800,0.0,0.0
2022-06-14 00:00:00-04:00,6.059999942779541,6.150000095367432,5.079999923706055,5.090000152587891,496300,0.0,0.0
2022-06-15 00:00:00-04:00,5.139999866485596,5.380000114440918,5.119999885559082,5.300000190734863,413100,0.0,0.0
2022-06-16 00:00:00-04:00,5.099999904632568,5.239999771118164,4.840000152587891,4.889999866485596,277400,0.0,0.0
2022-06-17 00:00:00-04:00,4.880000114440918,5.110000133514404,4.699999809265137,4.730000019073486,1113900,0.0,0.0
2022-06-21 00:00:00-04:00,4.849999904632568,4.960000038146973,4.480000019073486,4.519999980926514,764400,0.0,0.0
2022-06-22 00:00:00-04:00,4.420000076293945,4.880000114440918,4.230000019073486,4.739999771118164,840300,0.0,0.0
2022-06-23 00:00:00-04:00,4.75,5.329999923706055,4.710000038146973,5.320000171661377,850200,0.0,0.0
2022-06-24 00:00:00-04:00,5.389999866485596,5.619999885559082,5.159999847412109,5.349999904632568,3546900,0.0,0.0
2022-06-27 00:00:00-04:00,5.409999847412109,5.440000057220459,5.050000190734863,5.380000114440918,501900,0.0,0.0
2022-06-28 00:00:00-04:00,5.420000076293945,5.440000057220459,5.0,5.010000228881836,343100,0.0,0.0
2022-06-29 00:00:00-04:00,5.0,5.03000020980835,4.710000038146973,4.849999904632568,1657900,0.0,0.0
2022-06-30 00:00:00-04:00,4.860000133514404,5.179999828338623,4.769999980926514,5.179999828338623,413100,0.0,0.0
2022-07-01 00:00:00-04:00,5.139999866485596,5.260000228881836,4.849999904632568,4.860000133514404,176800,0.0,0.0
2022-07-05 00:00:00-04:00,4.710000038146973,4.929999828338623,4.639999866485596,4.900000095367432,273300,0.0,0.0
2022-07-06 00:00:00-04:00,4.880000114440918,5.010000228881836,4.71999979019165,4.840000152587891,159700,0.0,0.0
2022-07-07 00:00:00-04:00,4.900000095367432,5.170000076293945,4.900000095367432,5.099999904632568,296000,0.0,0.0
2022-07-08 00:00:00-04:00,5.03000020980835,5.400000095367432,4.989999771118164,5.090000152587891,323100,0.0,0.0
2022-07-11 00:00:00-04:00,5.050000190734863,5.159999847412109,4.71999979019165,4.760000228881836,477600,0.0,0.0
2022-07-12 00:00:00-04:00,4.769999980926514,4.900000095367432,4.579999923706055,4.739999771118164,204900,0.0,0.0
2022-07-13 00:00:00-04:00,4.630000114440918,4.889999866485596,4.590000152587891,4.840000152587891,128300,0.0,0.0
2022-07-14 00:00:00-04:00,4.769999980926514,4.869999885559082,4.659999847412109,4.820000171661377,95500,0.0,0.0
2022-07-15 00:00:00-04:00,4.769999980926514,4.769999980926514,4.53000020980835,4.739999771118164,169000,0.0,0.0
2022-07-18 00:00:00-04:00,4.809999942779541,5.079999923706055,4.809999942779541,4.889999866485596,225600,0.0,0.0
2022-07-19 00:00:00-04:00,4.889999866485596,4.900000095367432,4.710000038146973,4.760000228881836,375000,0.0,0.0
2022-07-20 00:00:00-04:00,4.809999942779541,5.170000076293945,4.809999942779541,5.170000076293945,202900,0.0,0.0
2022-07-21 00:00:00-04:00,5.130000114440918,5.309999942779541,5.03000020980835,5.28000020980835,129700,0.0,0.0
2022-07-22 00:00:00-04:00,5.300000190734863,5.400000095367432,4.949999809265137,4.960000038146973,177500,0.0,0.0
2022-07-25 00:00:00-04:00,4.949999809265137,4.96999979019165,4.840000152587891,4.860000133514404,82900,0.0,0.0
2022-07-26 00:00:00-04:00,4.800000190734863,4.820000171661377,4.690000057220459,4.760000228881836,102600,0.0,0.0
2022-07-27 00:00:00-04:00,5.070000171661377,5.360000133514404,4.869999885559082,5.269999980926514,270500,0.0,0.0
2022-07-28 00:00:00-04:00,5.570000171661377,6.110000133514404,5.380000114440918,5.78000020980835,302800,0.0,0.0
2022-07-29 00:00:00-04:00,5.78000020980835,6.25,5.75,6.139999866485596,208600,0.0,0.0
2022-08-01 00:00:00-04:00,6.090000152587891,6.199999809265137,5.829999923706055,5.940000057220459,243500,0.0,0.0
2022-08-02 00:00:00-04:00,5.929999828338623,6.210000038146973,5.909999847412109,6.139999866485596,138300,0.0,0.0
2022-08-03 00:00:00-04:00,6.130000114440918,6.289999961853027,6.010000228881836,6.230000019073486,168700,0.0,0.0
2022-08-04 00:00:00-04:00,5.900000095367432,6.050000190734863,5.409999847412109,5.440000057220459,591400,0.0,0.0
2022-08-05 00:00:00-04:00,5.28000020980835,5.599999904632568,5.190000057220459,5.199999809265137,492800,0.0,0.0
2022-08-08 00:00:00-04:00,5.420000076293945,5.639999866485596,5.150000095367432,5.190000057220459,432100,0.0,0.0
2022-08-09 00:00:00-04:00,5.119999885559082,5.409999847412109,4.940000057220459,4.989999771118164,442200,0.0,0.0
2022-08-10 00:00:00-04:00,5.099999904632568,5.429999828338623,5.070000171661377,5.380000114440918,271100,0.0,0.0
2022-08-11 00:00:00-04:00,5.510000228881836,6.099999904632568,5.480000019073486,5.659999847412109,393000,0.0,0.0
2022-08-12 00:00:00-04:00,5.71999979019165,6.150000095367432,5.670000076293945,6.130000114440918,228400,0.0,0.0
2022-08-15 00:00:00-04:00,6.099999904632568,6.349999904632568,5.809999942779541,6.090000152587891,307900,0.0,0.0
2022-08-16 00:00:00-04:00,6.010000228881836,6.130000114440918,5.909999847412109,6.050000190734863,179200,0.0,0.0
2022-08-17 00:00:00-04:00,5.989999771118164,6.019999980926514,5.739999771118164,5.800000190734863,160200,0.0,0.0
2022-08-18 00:00:00-04:00,5.739999771118164,5.860000133514404,5.539999961853027,5.789999961853027,289900,0.0,0.0
2022-08-19 00:00:00-04:00,5.690000057220459,5.710000038146973,5.420000076293945,5.46999979019165,249500,0.0,0.0
2022-08-22 00:00:00-04:00,5.369999885559082,5.369999885559082,5.119999885559082,5.210000038146973,183100,0.0,0.0
2022-08-23 00:00:00-04:00,5.25,5.429999828338623,5.21999979019165,5.309999942779541,161000,0.0,0.0
2022-08-24 00:00:00-04:00,5.340000152587891,5.739999771118164,5.340000152587891,5.510000228881836,132300,0.0,0.0
2022-08-25 00:00:00-04:00,5.639999866485596,5.760000228881836,5.579999923706055,5.739999771118164,108600,0.0,0.0
2022-08-26 00:00:00-04:00,5.760000228881836,5.809999942779541,5.420000076293945,5.480000019073486,122100,0.0,0.0
2022-08-29 00:00:00-04:00,5.400000095367432,5.539999961853027,5.28000020980835,5.28000020980835,122700,0.0,0.0
2022-08-30 00:00:00-04:00,5.349999904632568,5.429999828338623,5.150000095367432,5.199999809265137,335700,0.0,0.0
2022-08-31 00:00:00-04:00,5.360000133514404,5.369999885559082,5.150000095367432,5.340000152587891,173400,0.0,0.0
2022-09-01 00:00:00-04:00,5.260000228881836,5.28000020980835,4.989999771118164,5.130000114440918,202000,0.0,0.0
2022-09-02 00:00:00-04:00,5.210000038146973,5.409999847412109,4.989999771118164,5.199999809265137,210900,0.0,0.0
2022-09-06 00:00:00-04:00,5.199999809265137,5.300000190734863,5.059999942779541,5.119999885559082,127700,0.0,0.0
2022-09-07 00:00:00-04:00,5.150000095367432,5.25,5.070000171661377,5.190000057220459,176100,0.0,0.0
2022-09-08 00:00:00-04:00,5.139999866485596,5.269999980926514,4.71999979019165,4.820000171661377,455800,0.0,0.0
2022-09-09 00:00:00-04:00,4.829999923706055,5.019999980926514,4.809999942779541,4.920000076293945,199000,0.0,0.0
2022-09-12 00:00:00-04:00,4.960000038146973,5.130000114440918,4.840000152587891,5.070000171661377,243000,0.0,0.0
2022-09-13 00:00:00-04:00,4.809999942779541,4.900000095367432,4.75,4.78000020980835,252100,0.0,0.0
2022-09-14 00:00:00-04:00,4.860000133514404,5.019999980926514,4.78000020980835,4.909999847412109,217900,0.0,0.0
2022-09-15 00:00:00-04:00,4.880000114440918,5.090000152587891,4.880000114440918,4.909999847412109,164200,0.0,0.0
2022-09-16 00:00:00-04:00,4.889999866485596,5.199999809265137,4.800000190734863,5.199999809265137,516800,0.0,0.0
2022-09-19 00:00:00-04:00,5.099999904632568,5.599999904632568,5.099999904632568,5.429999828338623,278200,0.0,0.0
2022-09-20 00:00:00-04:00,5.420000076293945,5.690000057220459,5.0,5.019999980926514,246000,0.0,0.0
2022-09-21 00:00:00-04:00,5.039999961853027,5.119999885559082,4.840000152587891,4.849999904632568,165000,0.0,0.0
2022-09-22 00:00:00-04:00,4.840000152587891,5.019999980926514,4.539999961853027,4.659999847412109,346200,0.0,0.0
2022-09-23 00:00:00-04:00,4.590000152587891,4.650000095367432,4.349999904632568,4.449999809265137,364000,0.0,0.0
2022-09-26 00:00:00-04:00,4.480000019073486,4.75,4.420000076293945,4.460000038146973,128700,0.0,0.0
2022-09-27 00:00:00-04:00,4.579999923706055,4.710000038146973,4.489999771118164,4.550000190734863,186300,0.0,0.0
2022-09-28 00:00:00-04:00,4.630000114440918,4.630000114440918,4.400000095367432,4.579999923706055,307500,0.0,0.0
2022-09-29 00:00:00-04:00,4.559999942779541,4.789999961853027,4.400000095367432,4.449999809265137,354900,0.0,0.0
2022-09-30 00:00:00-04:00,4.489999771118164,4.579999923706055,4.340000152587891,4.380000114440918,134500,0.0,0.0
2022-10-03 00:00:00-04:00,4.400000095367432,4.739999771118164,4.320000171661377,4.590000152587891,157100,0.0,0.0
2022-10-04 00:00:00-04:00,4.710000038146973,4.920000076293945,4.710000038146973,4.860000133514404,126500,0.0,0.0
2022-10-05 00:00:00-04:00,4.869999885559082,4.920000076293945,4.639999866485596,4.769999980926514,101200,0.0,0.0
2022-10-06 00:00:00-04:00,4.699999809265137,4.900000095367432,4.5,4.53000020980835,137500,0.0,0.0
2022-10-07 00:00:00-04:00,4.480000019073486,4.480000019073486,4.25,4.309999942779541,266900,0.0,0.0
2022-10-10 00:00:00-04:00,4.329999923706055,4.570000171661377,3.950000047683716,3.9800000190734863,484900,0.0,0.0
2022-10-11 00:00:00-04:00,3.930000066757202,3.9800000190734863,3.7899999618530273,3.880000114440918,233900,0.0,0.0
2022-10-12 00:00:00-04:00,3.9000000953674316,3.9600000381469727,3.799999952316284,3.9200000762939453,179200,0.0,0.0
2022-10-13 00:00:00-04:00,3.8499999046325684,4.110000133514404,3.799999952316284,3.990000009536743,158100,0.0,0.0
2022-10-14 00:00:00-04:00,4.079999923706055,4.150000095367432,3.8299999237060547,3.869999885559082,143800,0.0,0.0
2022-10-17 00:00:00-04:00,3.9600000381469727,4.059999942779541,3.890000104904175,3.9800000190734863,128700,0.0,0.0
2022-10-18 00:00:00-04:00,4.179999828338623,4.340000152587891,4.079999923706055,4.150000095367432,159000,0.0,0.0
2022-10-19 00:00:00-04:00,4.070000171661377,4.21999979019165,3.950000047683716,4.079999923706055,90200,0.0,0.0
2022-10-20 00:00:00-04:00,4.050000190734863,4.199999809265137,3.9600000381469727,4.0,106600,0.0,0.0
2022-10-21 00:00:00-04:00,4.010000228881836,4.139999866485596,3.9200000762939453,4.070000171661377,124500,0.0,0.0
2022-10-24 00:00:00-04:00,4.150000095367432,4.239999771118164,3.950000047683716,4.199999809265137,122100,0.0,0.0
2022-10-25 00:00:00-04:00,4.199999809265137,4.400000095367432,4.199999809265137,4.320000171661377,89400,0.0,0.0
2022-10-26 00:00:00-04:00,4.369999885559082,4.590000152587891,4.340000152587891,4.440000057220459,147400,0.0,0.0
2022-10-27 00:00:00-04:00,4.510000228881836,4.510000228881836,4.25,4.269999980926514,123600,0.0,0.0
2022-10-28 00:00:00-04:00,4.260000228881836,4.300000190734863,4.070000171661377,4.269999980926514,81500,0.0,0.0
2022-10-31 00:00:00-04:00,4.269999980926514,4.550000190734863,4.260000228881836,4.519999980926514,153800,0.0,0.0
2022-11-01 00:00:00-04:00,4.650000095367432,4.789999961853027,4.599999904632568,4.739999771118164,221700,0.0,0.0
2022-11-02 00:00:00-04:00,4.550000190734863,4.699999809265137,3.2699999809265137,3.630000114440918,1394800,0.0,0.0
2022-11-03 00:00:00-04:00,3.609999895095825,3.859999895095825,3.450000047683716,3.759999990463257,297200,0.0,0.0
2022-11-04 00:00:00-04:00,3.7799999713897705,3.8499999046325684,3.5899999141693115,3.7200000286102295,264300,0.0,0.0
2022-11-07 00:00:00-05:00,3.7799999713897705,3.940000057220459,3.7100000381469727,3.819999933242798,231200,0.0,0.0
2022-11-08 00:00:00-05:00,3.880000114440918,3.880000114440918,3.630000114440918,3.6600000858306885,78600,0.0,0.0
2022-11-09 00:00:00-05:00,3.700000047683716,3.700000047683716,3.430000066757202,3.490000009536743,118400,0.0,0.0
2022-11-10 00:00:00-05:00,3.569999933242798,3.9600000381469727,3.569999933242798,3.9100000858306885,200500,0.0,0.0
2022-11-11 00:00:00-05:00,3.990000009536743,4.199999809265137,3.940000057220459,4.119999885559082,124500,0.0,0.0
2022-11-14 00:00:00-05:00,4.119999885559082,4.119999885559082,3.9600000381469727,4.010000228881836,109300,0.0,0.0
2022-11-15 00:00:00-05:00,4.110000133514404,4.340000152587891,4.110000133514404,4.179999828338623,96700,0.0,0.0
2022-11-16 00:00:00-05:00,4.150000095367432,4.150000095367432,3.9600000381469727,4.059999942779541,105000,0.0,0.0
2022-11-17 00:00:00-05:00,4.0,4.079999923706055,3.869999885559082,3.930000066757202,88300,0.0,0.0
2022-11-18 00:00:00-05:00,3.990000009536743,4.070000171661377,3.9000000953674316,3.990000009536743,91700,0.0,0.0
2022-11-21 00:00:00-05:00,3.9100000858306885,4.010000228881836,3.7100000381469727,3.950000047683716,195500,0.0,0.0
2022-11-22 00:00:00-05:00,4.010000228881836,4.21999979019165,3.9100000858306885,3.950000047683716,214200,0.0,0.0
2022-11-23 00:00:00-05:00,3.9700000286102295,4.150000095367432,3.9700000286102295,4.119999885559082,67400,0.0,0.0
2022-11-25 00:00:00-05:00,4.150000095367432,4.300000190734863,4.099999904632568,4.230000019073486,47600,0.0,0.0
2022-11-28 00:00:00-05:00,4.230000019073486,4.539999961853027,4.059999942779541,4.090000152587891,539200,0.0,0.0
2022-11-29 00:00:00-05:00,4.079999923706055,4.119999885559082,3.880000114440918,3.9100000858306885,182200,0.0,0.0
2022-11-30 00:00:00-05:00,3.890000104904175,3.9600000381469727,3.75,3.759999990463257,226600,0.0,0.0
2022-12-01 00:00:00-05:00,3.799999952316284,4.039999961853027,3.799999952316284,3.950000047683716,199600,0.0,0.0
2022-12-02 00:00:00-05:00,3.9000000953674316,3.990000009536743,3.809999942779541,3.950000047683716,65700,0.0,0.0
2022-12-05 00:00:00-05:00,3.9000000953674316,3.9100000858306885,3.700000047683716,3.700000047683716,113000,0.0,0.0
2022-12-06 00:00:00-05:00,3.6700000762939453,3.7300000190734863,3.5299999713897705,3.5399999618530273,220700,0.0,0.0
2022-12-07 00:00:00-05:00,3.5299999713897705,3.559999942779541,3.299999952316284,3.319999933242798,173000,0.0,0.0
2022-12-08 00:00:00-05:00,3.3499999046325684,3.450000047683716,3.2799999713897705,3.3499999046325684,138900,0.0,0.0
2022-12-09 00:00:00-05:00,3.359999895095825,3.5399999618530273,3.319999933242798,3.4200000762939453,140800,0.0,0.0
2022-12-12 00:00:00-05:00,3.4100000858306885,3.4100000858306885,3.200000047683716,3.369999885559082,339100,0.0,0.0
2022-12-13 00:00:00-05:00,3.440000057220459,3.5299999713897705,3.25,3.2899999618530273,218200,0.0,0.0
2022-12-14 00:00:00-05:00,3.319999933242798,3.7200000286102295,3.319999933242798,3.5999999046325684,326900,0.0,0.0
2022-12-15 00:00:00-05:00,3.490000009536743,3.7300000190734863,3.490000009536743,3.640000104904175,395200,0.0,0.0
2022-12-16 00:00:00-05:00,3.5399999618530273,3.559999942779541,3.359999895095825,3.5399999618530273,1006500,0.0,0.0
2022-12-19 00:00:00-05:00,3.4800000190734863,3.640000104904175,3.390000104904175,3.5399999618530273,274800,0.0,0.0
2022-12-20 00:00:00-05:00,3.549999952316284,3.8399999141693115,3.5,3.680000066757202,279900,0.0,0.0
2022-12-21 00:00:00-05:00,3.7699999809265137,3.9100000858306885,3.690000057220459,3.799999952316284,172800,0.0,0.0
2022-12-22 00:00:00-05:00,3.7200000286102295,3.759999990463257,3.5,3.5799999237060547,187200,0.0,0.0
2022-12-23 00:00:00-05:00,3.559999942779541,3.5799999237060547,3.380000114440918,3.4000000953674316,171400,0.0,0.0
2022-12-27 00:00:00-05:00,3.390000104904175,3.4100000858306885,3.25,3.3499999046325684,169600,0.0,0.0
2022-12-28 00:00:00-05:00,3.390000104904175,3.4200000762939453,3.2699999809265137,3.3399999141693115,179100,0.0,0.0
2022-12-29 00:00:00-05:00,3.359999895095825,3.549999952316284,3.3299999237060547,3.5199999809265137,178400,0.0,0.0
2022-12-30 00:00:00-05:00,3.5,3.690000057220459,3.4800000190734863,3.680000066757202,205600,0.0,0.0
2023-01-03 00:00:00-05:00,3.7300000190734863,3.8399999141693115,3.549999952316284,3.5799999237060547,132400,0.0,0.0
2023-01-04 00:00:00-05:00,3.630000114440918,3.7200000286102295,3.569999933242798,3.6700000762939453,75000,0.0,0.0
2023-01-05 00:00:00-05:00,3.5899999141693115,3.680000066757202,3.5299999713897705,3.5899999141693115,67900,0.0,0.0
2023-01-06 00:00:00-05:00,3.6500000953674316,3.809999942779541,3.5399999618530273,3.630000114440918,116800,0.0,0.0
2023-01-09 00:00:00-05:00,3.700000047683716,4.010000228881836,3.700000047683716,3.869999885559082,155100,0.0,0.0
2023-01-10 00:00:00-05:00,3.8499999046325684,4.099999904632568,3.8499999046325684,4.070000171661377,69800,0.0,0.0
2023-01-11 00:00:00-05:00,4.119999885559082,4.510000228881836,4.119999885559082,4.300000190734863,175800,0.0,0.0
2023-01-12 00:00:00-05:00,4.380000114440918,4.75,4.289999961853027,4.730000019073486,252600,0.0,0.0
2023-01-13 00:00:00-05:00,4.659999847412109,5.090000152587891,4.659999847412109,4.829999923706055,221600,0.0,0.0
2023-01-17 00:00:00-05:00,4.920000076293945,5.170000076293945,4.920000076293945,5.039999961853027,132700,0.0,0.0
2023-01-18 00:00:00-05:00,5.070000171661377,5.449999809265137,5.070000171661377,5.349999904632568,371600,0.0,0.0
2023-01-19 00:00:00-05:00,5.300000190734863,5.559999942779541,5.260000228881836,5.510000228881836,318100,0.0,0.0
2023-01-20 00:00:00-05:00,5.559999942779541,5.639999866485596,5.159999847412109,5.329999923706055,178700,0.0,0.0
2023-01-23 00:00:00-05:00,5.309999942779541,5.46999979019165,5.230000019073486,5.449999809265137,111000,0.0,0.0
2023-01-24 00:00:00-05:00,5.53000020980835,5.590000152587891,5.329999923706055,5.360000133514404,130000,0.0,0.0
2023-01-25 00:00:00-05:00,5.239999771118164,5.28000020980835,5.130000114440918,5.239999771118164,110300,0.0,0.0
2023-01-26 00:00:00-05:00,5.510000228881836,5.510000228881836,5.190000057220459,5.329999923706055,84300,0.0,0.0
2023-01-27 00:00:00-05:00,5.329999923706055,5.420000076293945,5.199999809265137,5.340000152587891,77800,0.0,0.0
2023-01-30 00:00:00-05:00,5.260000228881836,5.260000228881836,5.0,5.03000020980835,118600,0.0,0.0
2023-01-31 00:00:00-05:00,5.050000190734863,5.489999771118164,5.03000020980835,5.429999828338623,202100,0.0,0.0
2023-02-01 00:00:00-05:00,5.480000019073486,5.639999866485596,5.210000038146973,5.630000114440918,182600,0.0,0.0
2023-02-02 00:00:00-05:00,5.0,5.550000190734863,5.0,5.360000133514404,444200,0.0,0.0
2023-02-03 00:00:00-05:00,5.25,5.46999979019165,5.119999885559082,5.309999942779541,131400,0.0,0.0
2023-02-06 00:00:00-05:00,5.460000038146973,6.579999923706055,5.460000038146973,6.380000114440918,723000,0.0,0.0
2023-02-07 00:00:00-05:00,6.440000057220459,6.570000171661377,6.239999771118164,6.570000171661377,343900,0.0,0.0
2023-02-08 00:00:00-05:00,6.599999904632568,6.610000133514404,6.03000020980835,6.050000190734863,326300,0.0,0.0
2023-02-09 00:00:00-05:00,6.170000076293945,6.230000019073486,5.769999980926514,5.809999942779541,193500,0.0,0.0
2023-02-10 00:00:00-05:00,5.78000020980835,5.849999904632568,5.570000171661377,5.71999979019165,236600,0.0,0.0
2023-02-13 00:00:00-05:00,5.71999979019165,5.929999828338623,5.71999979019165,5.829999923706055,171400,0.0,0.0
2023-02-14 00:00:00-05:00,5.840000152587891,5.840000152587891,5.5,5.639999866485596,145400,0.0,0.0
2023-02-15 00:00:00-05:00,5.619999885559082,6.099999904632568,5.559999942779541,6.039999961853027,220600,0.0,0.0
2023-02-16 00:00:00-05:00,5.929999828338623,6.179999828338623,5.78000020980835,5.880000114440918,224400,0.0,0.0
2023-02-17 00:00:00-05:00,5.820000171661377,5.96999979019165,5.690000057220459,5.869999885559082,198500,0.0,0.0
2023-02-21 00:00:00-05:00,5.730000019073486,5.78000020980835,5.369999885559082,5.429999828338623,234600,0.0,0.0
2023-02-22 00:00:00-05:00,5.429999828338623,5.440000057220459,5.130000114440918,5.150000095367432,154200,0.0,0.0
2023-02-23 00:00:00-05:00,5.210000038146973,5.440000057220459,5.150000095367432,5.389999866485596,132100,0.0,0.0
2023-02-24 00:00:00-05:00,5.25,5.309999942779541,5.099999904632568,5.25,152200,0.0,0.0
2023-02-27 00:00:00-05:00,5.25,5.329999923706055,5.110000133514404,5.269999980926514,142200,0.0,0.0
2023-02-28 00:00:00-05:00,5.239999771118164,5.559999942779541,5.239999771118164,5.360000133514404,173700,0.0,0.0
2023-03-01 00:00:00-05:00,5.349999904632568,5.559999942779541,5.329999923706055,5.360000133514404,117900,0.0,0.0
2023-03-02 00:00:00-05:00,5.289999961853027,5.300000190734863,5.099999904632568,5.239999771118164,130500,0.0,0.0
2023-03-03 00:00:00-05:00,5.260000228881836,5.570000171661377,5.25,5.369999885559082,208600,0.0,0.0
2023-03-06 00:00:00-05:00,5.369999885559082,5.429999828338623,5.190000057220459,5.210000038146973,141300,0.0,0.0
2023-03-07 00:00:00-05:00,5.199999809265137,5.269999980926514,4.989999771118164,5.090000152587891,109800,0.0,0.0
2023-03-08 00:00:00-05:00,5.309999942779541,5.679999828338623,5.289999961853027,5.619999885559082,309400,0.0,0.0
2023-03-09 00:00:00-05:00,5.639999866485596,5.699999809265137,5.309999942779541,5.360000133514404,235500,0.0,0.0
2023-03-10 00:00:00-05:00,5.389999866485596,5.400000095367432,4.78000020980835,4.880000114440918,214400,0.0,0.0
2023-03-13 00:00:00-04:00,4.769999980926514,4.929999828338623,4.71999979019165,4.849999904632568,165900,0.0,0.0
2023-03-14 00:00:00-04:00,5.039999961853027,5.099999904632568,4.789999961853027,4.880000114440918,150800,0.0,0.0
2023-03-15 00:00:00-04:00,4.730000019073486,4.78000020980835,4.5,4.590000152587891,121400,0.0,0.0
2023-03-16 00:00:00-04:00,4.5,4.659999847412109,4.420000076293945,4.639999866485596,148800,0.0,0.0
2023-03-17 00:00:00-04:00,4.619999885559082,4.619999885559082,4.25,4.269999980926514,343700,0.0,0.0
2023-03-20 00:00:00-04:00,4.239999771118164,4.349999904632568,4.090000152587891,4.099999904632568,130900,0.0,0.0
2023-03-21 00:00:00-04:00,4.139999866485596,4.329999923706055,4.139999866485596,4.28000020980835,131500,0.0,0.0
2023-03-22 00:00:00-04:00,4.309999942779541,4.429999828338623,4.199999809265137,4.21999979019165,95800,0.0,0.0
2023-03-23 00:00:00-04:00,4.25,4.360000133514404,4.090000152587891,4.130000114440918,140100,0.0,0.0
2023-03-24 00:00:00-04:00,4.03000020980835,4.179999828338623,3.940000057220459,4.110000133514404,118100,0.0,0.0
2023-03-27 00:00:00-04:00,4.199999809265137,4.269999980926514,4.090000152587891,4.230000019073486,70400,0.0,0.0
2023-03-28 00:00:00-04:00,4.199999809265137,4.360000133514404,4.199999809265137,4.25,103500,0.0,0.0
2023-03-29 00:00:00-04:00,4.329999923706055,4.53000020980835,4.230000019073486,4.46999979019165,120800,0.0,0.0
2023-03-30 00:00:00-04:00,4.570000171661377,4.869999885559082,4.559999942779541,4.769999980926514,464300,0.0,0.0
2023-03-31 00:00:00-04:00,4.829999923706055,4.96999979019165,4.78000020980835,4.909999847412109,122900,0.0,0.0
2023-04-03 00:00:00-04:00,4.889999866485596,4.980000019073486,4.550000190734863,4.679999828338623,247900,0.0,0.0
2023-04-04 00:00:00-04:00,4.690000057220459,4.929999828338623,4.300000190734863,4.300000190734863,141500,0.0,0.0
2023-04-05 00:00:00-04:00,4.239999771118164,4.349999904632568,3.880000114440918,3.9700000286102295,207600,0.0,0.0
2023-04-06 00:00:00-04:00,3.9800000190734863,4.03000020980835,3.869999885559082,4.0,152600,0.0,0.0
2023-04-10 00:00:00-04:00,3.9600000381469727,4.179999828338623,3.930000066757202,4.130000114440918,130700,0.0,0.0
2023-04-11 00:00:00-04:00,4.159999847412109,4.369999885559082,4.159999847412109,4.260000228881836,159400,0.0,0.0
2023-04-12 00:00:00-04:00,4.300000190734863,4.360000133514404,4.050000190734863,4.070000171661377,151300,0.0,0.0
2023-04-13 00:00:00-04:00,4.110000133514404,4.400000095367432,4.110000133514404,4.28000020980835,161700,0.0,0.0
2023-04-14 00:00:00-04:00,4.269999980926514,4.269999980926514,4.079999923706055,4.230000019073486,157600,0.0,0.0
2023-04-17 00:00:00-04:00,4.239999771118164,4.510000228881836,4.21999979019165,4.46999979019165,155700,0.0,0.0
2023-04-18 00:00:00-04:00,4.550000190734863,4.639999866485596,4.239999771118164,4.25,90600,0.0,0.0
2023-04-19 00:00:00-04:00,4.21999979019165,4.21999979019165,4.139999866485596,4.170000076293945,72900,0.0,0.0
2023-04-20 00:00:00-04:00,4.110000133514404,4.150000095367432,4.019999980926514,4.039999961853027,63100,0.0,0.0
2023-04-21 00:00:00-04:00,4.059999942779541,4.110000133514404,4.010000228881836,4.039999961853027,91400,0.0,0.0
2023-04-24 00:00:00-04:00,4.039999961853027,4.090000152587891,3.950000047683716,4.070000171661377,80200,0.0,0.0
2023-04-25 00:00:00-04:00,4.0,4.139999866485596,3.9600000381469727,3.9600000381469727,84900,0.0,0.0
2023-04-26 00:00:00-04:00,3.930000066757202,4.039999961853027,3.880000114440918,3.990000009536743,133700,0.0,0.0
2023-04-27 00:00:00-04:00,4.019999980926514,4.179999828338623,4.0,4.070000171661377,89600,0.0,0.0
2023-04-28 00:00:00-04:00,4.019999980926514,4.110000133514404,3.9800000190734863,4.050000190734863,81900,0.0,0.0
2023-05-01 00:00:00-04:00,4.03000020980835,4.239999771118164,3.9800000190734863,4.019999980926514,70700,0.0,0.0
2023-05-02 00:00:00-04:00,4.03000020980835,4.150000095367432,3.940000057220459,3.990000009536743,66400,0.0,0.0
2023-05-03 00:00:00-04:00,4.010000228881836,4.130000114440918,3.9200000762939453,3.9200000762939453,104900,0.0,0.0
2023-05-04 00:00:00-04:00,3.9700000286102295,3.9700000286102295,3.630000114440918,3.700000047683716,153300,0.0,0.0
2023-05-05 00:00:00-04:00,3.759999990463257,4.0,3.7100000381469727,3.9000000953674316,216700,0.0,0.0
2023-05-08 00:00:00-04:00,3.9100000858306885,3.930000066757202,3.7100000381469727,3.9000000953674316,58600,0.0,0.0
2023-05-09 00:00:00-04:00,3.950000047683716,4.159999847412109,3.950000047683716,4.099999904632568,115200,0.0,0.0
2023-05-10 00:00:00-04:00,4.199999809265137,4.380000114440918,4.119999885559082,4.340000152587891,96000,0.0,0.0
2023-05-11 00:00:00-04:00,4.289999961853027,4.460000038146973,4.289999961853027,4.409999847412109,69800,0.0,0.0
2023-05-12 00:00:00-04:00,4.429999828338623,4.46999979019165,4.170000076293945,4.269999980926514,45700,0.0,0.0
2023-05-15 00:00:00-04:00,4.239999771118164,4.380000114440918,4.159999847412109,4.329999923706055,48700,0.0,0.0
2023-05-16 00:00:00-04:00,4.309999942779541,4.539999961853027,4.309999942779541,4.480000019073486,87300,0.0,0.0
2023-05-17 00:00:00-04:00,4.53000020980835,4.650000095367432,4.360000133514404,4.610000133514404,54700,0.0,0.0
2023-05-18 00:00:00-04:00,4.599999904632568,4.739999771118164,4.46999979019165,4.489999771118164,87300,0.0,0.0
2023-05-19 00:00:00-04:00,4.489999771118164,4.570000171661377,4.119999885559082,4.190000057220459,103400,0.0,0.0
2023-05-22 00:00:00-04:00,4.010000228881836,4.309999942779541,4.0,4.260000228881836,213300,0.0,0.0
2023-05-23 00:00:00-04:00,4.28000020980835,4.579999923706055,4.269999980926514,4.28000020980835,156500,0.0,0.0
2023-05-24 00:00:00-04:00,4.239999771118164,4.25,4.059999942779541,4.190000057220459,118800,0.0,0.0
2023-05-25 00:00:00-04:00,4.190000057220459,4.190000057220459,3.9700000286102295,3.990000009536743,156100,0.0,0.0
2023-05-26 00:00:00-04:00,4.0,4.090000152587891,3.9200000762939453,4.010000228881836,244100,0.0,0.0
2023-05-30 00:00:00-04:00,4.070000171661377,4.360000133514404,4.019999980926514,4.239999771118164,137200,0.0,0.0
2023-05-31 00:00:00-04:00,4.46999979019165,4.75,4.110000133514404,4.690000057220459,337500,0.0,0.0
2023-06-01 00:00:00-04:00,4.690000057220459,5.369999885559082,4.420000076293945,5.320000171661377,307300,0.0,0.0
2023-06-02 00:00:00-04:00,5.550000190734863,6.25,5.440000057220459,6.079999923706055,521400,0.0,0.0
2023-06-05 00:00:00-04:00,6.320000171661377,6.699999809265137,6.010000228881836,6.5,471600,0.0,0.0
2023-06-06 00:00:00-04:00,6.369999885559082,6.900000095367432,6.159999847412109,6.670000076293945,411500,0.0,0.0
2023-06-07 00:00:00-04:00,6.860000133514404,6.860000133514404,5.900000095367432,6.019999980926514,442600,0.0,0.0
2023-06-08 00:00:00-04:00,6.0,6.46999979019165,5.949999809265137,6.28000020980835,221400,0.0,0.0
2023-06-09 00:00:00-04:00,6.289999961853027,6.449999809265137,6.090000152587891,6.150000095367432,143000,0.0,0.0
2023-06-12 00:00:00-04:00,5.619999885559082,6.829999923706055,5.510000228881836,6.480000019073486,408800,0.0,0.0
2023-06-13 00:00:00-04:00,6.599999904632568,7.21999979019165,6.599999904632568,7.21999979019165,383100,0.0,0.0
2023-06-14 00:00:00-04:00,7.300000190734863,7.579999923706055,6.639999866485596,6.769999980926514,454700,0.0,0.0
2023-06-15 00:00:00-04:00,6.690000057220459,7.079999923706055,6.659999847412109,6.789999961853027,203900,0.0,0.0
2023-06-16 00:00:00-04:00,6.900000095367432,6.900000095367432,6.599999904632568,6.71999979019165,272400,0.0,0.0
2023-06-20 00:00:00-04:00,6.559999942779541,6.579999923706055,6.110000133514404,6.320000171661377,226200,0.0,0.0
2023-06-21 00:00:00-04:00,6.320000171661377,6.349999904632568,6.070000171661377,6.099999904632568,291800,0.0,0.0
2023-06-22 00:00:00-04:00,6.0,6.090000152587891,5.71999979019165,5.980000019073486,268900,0.0,0.0
2023-06-23 00:00:00-04:00,5.800000190734863,5.940000057220459,5.75,5.869999885559082,132200,0.0,0.0
2023-06-26 00:00:00-04:00,5.820000171661377,6.0,5.599999904632568,5.599999904632568,156600,0.0,0.0
2023-06-27 00:00:00-04:00,5.599999904632568,5.619999885559082,5.25,5.590000152587891,452600,0.0,0.0
2023-06-28 00:00:00-04:00,5.539999961853027,6.130000114440918,5.539999961853027,6.079999923706055,191800,0.0,0.0
2023-06-29 00:00:00-04:00,6.090000152587891,6.349999904632568,5.949999809265137,6.059999942779541,423300,0.0,0.0
2023-06-30 00:00:00-04:00,6.199999809265137,6.329999923706055,6.010000228881836,6.260000228881836,170400,0.0,0.0
2023-07-03 00:00:00-04:00,6.119999885559082,6.400000095367432,6.079999923706055,6.340000152587891,85300,0.0,0.0
2023-07-05 00:00:00-04:00,6.340000152587891,6.360000133514404,5.989999771118164,6.199999809265137,117800,0.0,0.0
2023-07-06 00:00:00-04:00,6.099999904632568,6.110000133514404,5.75,6.059999942779541,125800,0.0,0.0
2023-07-07 00:00:00-04:00,6.019999980926514,6.309999942779541,6.019999980926514,6.260000228881836,93500,0.0,0.0
2023-07-10 00:00:00-04:00,6.320000171661377,6.710000038146973,6.260000228881836,6.699999809265137,125200,0.0,0.0
2023-07-11 00:00:00-04:00,6.75,6.840000152587891,6.579999923706055,6.699999809265137,98800,0.0,0.0
2023-07-12 00:00:00-04:00,6.880000114440918,6.940000057220459,6.760000228881836,6.800000190734863,149400,0.0,0.0
2023-07-13 00:00:00-04:00,6.920000076293945,6.980000019073486,6.610000133514404,6.679999828338623,87900,0.0,0.0
2023-07-14 00:00:00-04:00,6.630000114440918,6.670000076293945,6.400000095367432,6.550000190734863,77300,0.0,0.0
2023-07-17 00:00:00-04:00,6.5,6.900000095367432,6.5,6.71999979019165,156000,0.0,0.0
2023-07-18 00:00:00-04:00,7.050000190734863,8.300000190734863,7.010000228881836,7.800000190734863,913300,0.0,0.0
2023-07-19 00:00:00-04:00,7.840000152587891,7.889999866485596,7.050000190734863,7.510000228881836,396800,0.0,0.0
2023-07-20 00:00:00-04:00,7.53000020980835,7.53000020980835,7.019999980926514,7.059999942779541,196000,0.0,0.0
2023-07-21 00:00:00-04:00,7.039999961853027,7.420000076293945,6.889999866485596,7.309999942779541,223200,0.0,0.0
2023-07-24 00:00:00-04:00,7.389999866485596,7.590000152587891,7.039999961853027,7.329999923706055,176200,0.0,0.0
2023-07-25 00:00:00-04:00,7.349999904632568,7.369999885559082,6.96999979019165,7.03000020980835,230200,0.0,0.0
2023-07-26 00:00:00-04:00,7.369999885559082,7.730000019073486,7.170000076293945,7.510000228881836,501100,0.0,0.0
2023-07-27 00:00:00-04:00,7.960000038146973,9.149999618530273,7.710000038146973,8.449999809265137,2200900,0.0,0.0
2023-07-28 00:00:00-04:00,9.210000038146973,11.630000114440918,8.649999618530273,9.84000015258789,4864400,0.0,0.0
2023-07-31 00:00:00-04:00,10.09000015258789,11.1899995803833,9.59000015258789,10.079999923706055,2748300,0.0,0.0
2023-08-01 00:00:00-04:00,16.0,17.3700008392334,13.3100004196167,16.1299991607666,48611100,0.0,0.0
2023-08-02 00:00:00-04:00,15.640000343322754,15.779999732971191,10.819999694824219,11.460000038146973,20905300,0.0,0.0
2023-08-03 00:00:00-04:00,9.819999694824219,11.279999732971191,9.59000015258789,9.600000381469727,9549100,0.0,0.0
2023-08-04 00:00:00-04:00,10.15999984741211,12.1899995803833,9.75,10.3100004196167,21145700,0.0,0.0
2023-08-07 00:00:00-04:00,10.300000190734863,10.520000457763672,8.880000114440918,10.050000190734863,7011000,0.0,0.0
2023-08-08 00:00:00-04:00,8.729999542236328,9.399999618530273,8.449999809265137,8.699999809265137,4138500,0.0,0.0
2023-08-09 00:00:00-04:00,8.4399995803833,8.850000381469727,8.220000267028809,8.539999961853027,2800200,0.0,0.0
2023-08-10 00:00:00-04:00,8.100000381469727,9.720000267028809,8.029999732971191,9.680000305175781,5463700,0.0,0.0
2023-08-11 00:00:00-04:00,9.460000038146973,9.579999923706055,8.649999618530273,8.770000457763672,2954200,0.0,0.0
2023-08-14 00:00:00-04:00,8.899999618530273,10.220000267028809,8.75,10.069999694824219,4904500,0.0,0.0
2023-08-15 00:00:00-04:00,9.75,9.829999923706055,8.979999542236328,8.989999771118164,2162600,0.0,0.0
2023-08-16 00:00:00-04:00,9.130000114440918,9.699999809265137,8.8100004196167,8.930000305175781,2791700,0.0,0.0
2023-08-17 00:00:00-04:00,8.619999885559082,8.850000381469727,8.369999885559082,8.619999885559082,2281000,0.0,0.0
2023-08-18 00:00:00-04:00,8.260000228881836,8.90999984741211,8.1899995803833,8.649999618530273,1488900,0.0,0.0
2023-08-21 00:00:00-04:00,8.710000038146973,9.210000038146973,8.649999618530273,9.069999694824219,2079200,0.0,0.0
2023-08-22 00:00:00-04:00,9.279999732971191,9.390000343322754,8.680000305175781,9.050000190734863,1512100,0.0,0.0
2023-08-23 00:00:00-04:00,8.989999771118164,9.4399995803833,8.90999984741211,9.270000457763672,1327600,0.0,0.0
2023-08-24 00:00:00-04:00,9.220000267028809,9.260000228881836,8.65999984741211,8.670000076293945,1153900,0.0,0.0
2023-08-25 00:00:00-04:00,8.760000228881836,9.140000343322754,8.680000305175781,8.930000305175781,648400,0.0,0.0
2023-08-28 00:00:00-04:00,8.859999656677246,9.319999694824219,8.850000381469727,9.260000228881836,913900,0.0,0.0
2023-08-29 00:00:00-04:00,9.199999809265137,9.770000457763672,9.010000228881836,9.529999732971191,1547400,0.0,0.0
2023-08-30 00:00:00-04:00,9.550000190734863,9.760000228881836,9.15999984741211,9.65999984741211,1307500,0.0,0.0
2023-08-31 00:00:00-04:00,9.65999984741211,9.869999885559082,9.029999732971191,9.25,1338300,0.0,0.0
2023-09-01 00:00:00-04:00,9.399999618530273,9.600000381469727,9.25,9.359999656677246,800400,0.0,0.0
2023-09-05 00:00:00-04:00,9.1899995803833,9.3100004196167,8.5600004196167,8.729999542236328,1395000,0.0,0.0
2023-09-06 00:00:00-04:00,8.779999732971191,8.949999809265137,8.359999656677246,8.390000343322754,960700,0.0,0.0
2023-09-07 00:00:00-04:00,8.239999771118164,8.319999694824219,7.909999847412109,8.15999984741211,760500,0.0,0.0
2023-09-08 00:00:00-04:00,8.140000343322754,8.1899995803833,7.920000076293945,8.0600004196167,616200,0.0,0.0
2023-09-11 00:00:00-04:00,8.220000267028809,8.25,7.889999866485596,7.929999828338623,488500,0.0,0.0
2023-09-12 00:00:00-04:00,7.869999885559082,7.960000038146973,7.630000114440918,7.730000019073486,621500,0.0,0.0
2023-09-13 00:00:00-04:00,7.690000057220459,7.880000114440918,7.5,7.559999942779541,692400,0.0,0.0
2023-09-14 00:00:00-04:00,7.71999979019165,7.739999771118164,7.519999980926514,7.610000133514404,553300,0.0,0.0
2023-09-15 00:00:00-04:00,7.550000190734863,7.760000228881836,7.550000190734863,7.71999979019165,543500,0.0,0.0
2023-09-18 00:00:00-04:00,7.679999828338623,7.889999866485596,7.489999771118164,7.789999961853027,585700,0.0,0.0
2023-09-19 00:00:00-04:00,7.650000095367432,7.880000114440918,7.630000114440918,7.659999847412109,387200,0.0,0.0
2023-09-20 00:00:00-04:00,7.650000095367432,7.75,7.5,7.570000171661377,373600,0.0,0.0
2023-09-21 00:00:00-04:00,7.380000114440918,7.670000076293945,7.289999961853027,7.590000152587891,444900,0.0,0.0
2023-09-22 00:00:00-04:00,7.610000133514404,7.96999979019165,7.570000171661377,7.619999885559082,437000,0.0,0.0
2023-09-25 00:00:00-04:00,7.449999809265137,7.599999904632568,7.349999904632568,7.46999979019165,321400,0.0,0.0
2023-09-26 00:00:00-04:00,7.369999885559082,7.679999828338623,7.0,7.28000020980835,728700,0.0,0.0
2023-09-27 00:00:00-04:00,7.429999828338623,7.519999980926514,7.309999942779541,7.5,328400,0.0,0.0
2023-09-28 00:00:00-04:00,7.460000038146973,7.699999809265137,7.380000114440918,7.5,808400,0.0,0.0
2023-09-29 00:00:00-04:00,7.650000095367432,7.650000095367432,7.480000019073486,7.550000190734863,314300,0.0,0.0
2023-10-02 00:00:00-04:00,7.489999771118164,7.639999866485596,7.159999847412109,7.210000038146973,484300,0.0,0.0
2023-10-03 00:00:00-04:00,7.159999847412109,7.300000190734863,6.769999980926514,6.889999866485596,685500,0.0,0.0
2023-10-04 00:00:00-04:00,6.920000076293945,7.019999980926514,6.769999980926514,6.900000095367432,318400,0.0,0.0
2023-10-05 00:00:00-04:00,6.869999885559082,6.880000114440918,6.679999828338623,6.800000190734863,362900,0.0,0.0
2023-10-06 00:00:00-04:00,6.71999979019165,7.039999961853027,6.699999809265137,6.889999866485596,268700,0.0,0.0
2023-10-09 00:00:00-04:00,6.730000019073486,6.800000190734863,6.28000020980835,6.53000020980835,683000,0.0,0.0
2023-10-10 00:00:00-04:00,6.440000057220459,6.909999847412109,6.309999942779541,6.829999923706055,462900,0.0,0.0
2023-10-11 00:00:00-04:00,6.809999942779541,6.940000057220459,6.71999979019165,6.800000190734863,309100,0.0,0.0
2023-10-12 00:00:00-04:00,6.760000228881836,6.760000228881836,6.309999942779541,6.409999847412109,496700,0.0,0.0
2023-10-13 00:00:00-04:00,6.400000095367432,6.440000057220459,6.289999961853027,6.329999923706055,251100,0.0,0.0
2023-10-16 00:00:00-04:00,6.369999885559082,6.420000076293945,6.190000057220459,6.210000038146973,336200,0.0,0.0
2023-10-17 00:00:00-04:00,6.159999847412109,6.599999904632568,6.159999847412109,6.460000038146973,374100,0.0,0.0
2023-10-18 00:00:00-04:00,6.320000171661377,6.340000152587891,6.119999885559082,6.179999828338623,551600,0.0,0.0
2023-10-19 00:00:00-04:00,6.170000076293945,6.230000019073486,6.019999980926514,6.079999923706055,416500,0.0,0.0
2023-10-20 00:00:00-04:00,6.0,6.090000152587891,5.949999809265137,6.019999980926514,391400,0.0,0.0
2023-10-23 00:00:00-04:00,5.909999847412109,5.960000038146973,5.78000020980835,5.829999923706055,710000,0.0,0.0
2023-10-24 00:00:00-04:00,6.239999771118164,6.539999961853027,6.199999809265137,6.269999980926514,661100,0.0,0.0
2023-10-25 00:00:00-04:00,6.239999771118164,6.25,6.079999923706055,6.139999866485596,363800,0.0,0.0
2023-10-26 00:00:00-04:00,6.130000114440918,6.409999847412109,6.110000133514404,6.21999979019165,303700,0.0,0.0
2023-10-27 00:00:00-04:00,6.260000228881836,6.300000190734863,6.079999923706055,6.210000038146973,257300,0.0,0.0
2023-10-30 00:00:00-04:00,6.300000190734863,6.389999866485596,6.050000190734863,6.21999979019165,276400,0.0,0.0
2023-10-31 00:00:00-04:00,6.170000076293945,6.300000190734863,6.099999904632568,6.269999980926514,227500,0.0,0.0
2023-11-01 00:00:00-04:00,6.539999961853027,6.699999809265137,6.079999923706055,6.400000095367432,451000,0.0,0.0
2023-11-02 00:00:00-04:00,7.25,7.28000020980835,6.730000019073486,7.260000228881836,937900,0.0,0.0
2023-11-03 00:00:00-04:00,7.420000076293945,7.820000171661377,7.420000076293945,7.75,584700,0.0,0.0
2023-11-06 00:00:00-05:00,7.760000228881836,7.829999923706055,7.599999904632568,7.75,367500,0.0,0.0
2023-11-07 00:00:00-05:00,7.639999866485596,8.109999656677246,7.369999885559082,8.100000381469727,470000,0.0,0.0
2023-11-08 00:00:00-05:00,8.140000343322754,8.199999809265137,7.920000076293945,8.130000114440918,310800,0.0,0.0
2023-11-09 00:00:00-05:00,8.210000038146973,8.319999694824219,7.800000190734863,7.960000038146973,376900,0.0,0.0
2023-11-10 00:00:00-05:00,7.989999771118164,7.989999771118164,7.53000020980835,7.730000019073486,386200,0.0,0.0
2023-11-13 00:00:00-05:00,7.670000076293945,8.260000228881836,7.639999866485596,8.220000267028809,272900,0.0,0.0
2023-11-14 00:00:00-05:00,8.5,8.979999542236328,8.380000114440918,8.949999809265137,569500,0.0,0.0
2023-11-15 00:00:00-05:00,8.960000038146973,9.279999732971191,8.869999885559082,8.90999984741211,513000,0.0,0.0
2023-11-16 00:00:00-05:00,8.859999656677246,9.130000114440918,8.720000267028809,9.09000015258789,313700,0.0,0.0
2023-11-17 00:00:00-05:00,9.109999656677246,9.369999885559082,9.0,9.260000228881836,313600,0.0,0.0
2023-11-20 00:00:00-05:00,9.270000457763672,9.449999809265137,9.029999732971191,9.359999656677246,293700,0.0,0.0
2023-11-21 00:00:00-05:00,9.170000076293945,9.3100004196167,8.8100004196167,8.829999923706055,326000,0.0,0.0
2023-11-22 00:00:00-05:00,8.920000076293945,9.170000076293945,8.859999656677246,8.979999542236328,470900,0.0,0.0
2023-11-24 00:00:00-05:00,8.930000305175781,9.390000343322754,8.819999694824219,9.359999656677246,171600,0.0,0.0
2023-11-27 00:00:00-05:00,9.300000190734863,9.300000190734863,8.850000381469727,8.949999809265137,558500,0.0,0.0
2023-11-28 00:00:00-05:00,8.800000190734863,8.920000076293945,8.5600004196167,8.84000015258789,309900,0.0,0.0
2023-11-29 00:00:00-05:00,8.9399995803833,9.300000190734863,8.819999694824219,9.25,544700,0.0,0.0
2023-11-30 00:00:00-05:00,9.34000015258789,9.800000190734863,9.180000305175781,9.460000038146973,866700,0.0,0.0
2023-12-01 00:00:00-05:00,9.3100004196167,9.800000190734863,9.220000267028809,9.779999732971191,506200,0.0,0.0
2023-12-04 00:00:00-05:00,9.550000190734863,9.920000076293945,9.550000190734863,9.859999656677246,537800,0.0,0.0
2023-12-05 00:00:00-05:00,9.779999732971191,10.130000114440918,9.720000267028809,9.949999809265137,376000,0.0,0.0
2023-12-06 00:00:00-05:00,9.890000343322754,10.0600004196167,9.729999542236328,9.899999618530273,340200,0.0,0.0
2023-12-07 00:00:00-05:00,9.899999618530273,10.079999923706055,9.699999809265137,9.9399995803833,276200,0.0,0.0
2023-12-08 00:00:00-05:00,9.859999656677246,10.050000190734863,9.600000381469727,10.0,509900,0.0,0.0
2023-12-11 00:00:00-05:00,10.029999732971191,10.380000114440918,9.920000076293945,10.210000038146973,457400,0.0,0.0
2023-12-12 00:00:00-05:00,10.140000343322754,10.460000038146973,9.869999885559082,10.460000038146973,329100,0.0,0.0
2023-12-13 00:00:00-05:00,10.460000038146973,10.989999771118164,10.399999618530273,10.920000076293945,587500,0.0,0.0
2023-12-14 00:00:00-05:00,11.0,11.399999618530273,10.850000381469727,10.989999771118164,685500,0.0,0.0
2023-12-15 00:00:00-05:00,11.020000457763672,11.220000267028809,10.800000190734863,11.149999618530273,844000,0.0,0.0
2023-12-18 00:00:00-05:00,11.109999656677246,11.399999618530273,10.720000267028809,10.800000190734863,338300,0.0,0.0
2023-12-19 00:00:00-05:00,10.989999771118164,11.130000114440918,10.899999618530273,11.039999961853027,382700,0.0,0.0
2023-12-20 00:00:00-05:00,10.90999984741211,10.90999984741211,10.140000343322754,10.199999809265137,669900,0.0,0.0
2023-12-21 00:00:00-05:00,10.380000114440918,10.600000381469727,10.369999885559082,10.529999732971191,317200,0.0,0.0
2023-12-22 00:00:00-05:00,10.65999984741211,11.140000343322754,10.649999618530273,11.0600004196167,478100,0.0,0.0
2023-12-26 00:00:00-05:00,11.039999961853027,11.5,11.0,11.399999618530273,299800,0.0,0.0
2023-12-27 00:00:00-05:00,11.4399995803833,11.670000076293945,11.359999656677246,11.65999984741211,350700,0.0,0.0
2023-12-28 00:00:00-05:00,11.680000305175781,11.8100004196167,11.369999885559082,11.449999809265137,637600,0.0,0.0
2023-12-29 00:00:00-05:00,11.390000343322754,11.600000381469727,10.899999618530273,11.140000343322754,776500,0.0,0.0
2024-01-02 00:00:00-05:00,10.899999618530273,11.149999618530273,10.600000381469727,10.84000015258789,321200,0.0,0.0
2024-01-03 00:00:00-05:00,10.579999923706055,10.9399995803833,10.170000076293945,10.90999984741211,748100,0.0,0.0
2024-01-04 00:00:00-05:00,11.010000228881836,11.760000228881836,10.729999542236328,11.34000015258789,691000,0.0,0.0
2024-01-05 00:00:00-05:00,11.199999809265137,11.649999618530273,11.1899995803833,11.430000305175781,621400,0.0,0.0
2024-01-08 00:00:00-05:00,11.40999984741211,11.40999984741211,10.710000038146973,10.789999961853027,457400,0.0,0.0
2024-01-09 00:00:00-05:00,10.539999961853027,10.550000190734863,10.180000305175781,10.220000267028809,527500,0.0,0.0
2024-01-10 00:00:00-05:00,10.220000267028809,10.680000305175781,10.130000114440918,10.390000343322754,324500,0.0,0.0
2024-01-11 00:00:00-05:00,10.390000343322754,10.390000343322754,9.729999542236328,10.0600004196167,369400,0.0,0.0
2024-01-12 00:00:00-05:00,10.1899995803833,10.300000190734863,9.949999809265137,10.109999656677246,180800,0.0,0.0
2024-01-16 00:00:00-05:00,10.039999961853027,10.09000015258789,9.640000343322754,9.720000267028809,346300,0.0,0.0
2024-01-17 00:00:00-05:00,9.699999809265137,10.920000076293945,9.670000076293945,10.239999771118164,1254500,0.0,0.0
2024-01-18 00:00:00-05:00,10.399999618530273,10.489999771118164,9.369999885559082,9.75,595600,0.0,0.0
2024-01-19 00:00:00-05:00,9.770000457763672,9.789999961853027,9.4399995803833,9.670000076293945,345100,0.0,0.0
2024-01-22 00:00:00-05:00,9.829999923706055,10.1899995803833,9.770000457763672,10.029999732971191,274100,0.0,0.0
2024-01-23 00:00:00-05:00,10.170000076293945,10.329999923706055,10.010000228881836,10.029999732971191,301700,0.0,0.0
2024-01-24 00:00:00-05:00,10.25,10.25,9.680000305175781,9.75,533200,0.0,0.0
2024-01-25 00:00:00-05:00,12.569999694824219,13.800000190734863,11.0,13.25,13225700,0.0,0.0
2024-01-26 00:00:00-05:00,13.449999809265137,14.699999809265137,13.029999732971191,13.770000457763672,3453400,0.0,0.0
2024-01-29 00:00:00-05:00,13.699999809265137,13.899999618530273,13.069999694824219,13.640000343322754,1421100,0.0,0.0
2024-01-30 00:00:00-05:00,13.5,14.300000190734863,13.359999656677246,13.4399995803833,1120000,0.0,0.0
2024-01-31 00:00:00-05:00,11.5,11.5,10.75,11.0,5934200,0.0,0.0
2024-02-01 00:00:00-05:00,11.149999618530273,11.420000076293945,11.100000381469727,11.3100004196167,2543500,0.0,0.0
2024-02-02 00:00:00-05:00,11.25,11.270000457763672,10.920000076293945,11.170000076293945,899800,0.0,0.0
2024-02-05 00:00:00-05:00,11.0,11.3100004196167,10.890000343322754,10.989999771118164,1003900,0.0,0.0
2024-02-06 00:00:00-05:00,11.0,11.0,10.470000267028809,10.59000015258789,1228900,0.0,0.0
2024-02-07 00:00:00-05:00,10.710000038146973,10.710000038146973,10.1899995803833,10.279999732971191,1266800,0.0,0.0
2024-02-08 00:00:00-05:00,10.289999961853027,11.069999694824219,10.210000038146973,10.930000305175781,931600,0.0,0.0
2024-02-09 00:00:00-05:00,11.0600004196167,11.369999885559082,10.989999771118164,11.3100004196167,794600,0.0,0.0
2024-02-12 00:00:00-05:00,11.569999694824219,13.210000038146973,11.5,13.029999732971191,2920200,0.0,0.0
2024-02-13 00:00:00-05:00,12.579999923706055,12.819999694824219,12.119999885559082,12.710000038146973,1005400,0.0,0.0
2024-02-14 00:00:00-05:00,13.130000114440918,14.489999771118164,13.020000457763672,14.4399995803833,1612300,0.0,0.0
2024-02-15 00:00:00-05:00,14.430000305175781,14.5,13.90999984741211,14.369999885559082,1035200,0.0,0.0
2024-02-16 00:00:00-05:00,14.229999542236328,14.649999618530273,13.869999885559082,14.279999732971191,770400,0.0,0.0
2024-02-20 00:00:00-05:00,14.069999694824219,14.100000381469727,12.930000305175781,13.270000457763672,957800,0.0,0.0
2024-02-21 00:00:00-05:00,13.069999694824219,13.600000381469727,12.729999542236328,13.210000038146973,600900,0.0,0.0
2024-02-22 00:00:00-05:00,13.40999984741211,13.59000015258789,13.039999961853027,13.039999961853027,527700,0.0,0.0
2024-02-23 00:00:00-05:00,13.050000190734863,13.050000190734863,12.640000343322754,12.84000015258789,594200,0.0,0.0
2024-02-26 00:00:00-05:00,12.800000190734863,13.399999618530273,12.75,13.289999961853027,439400,0.0,0.0
2024-02-27 00:00:00-05:00,13.489999771118164,13.649999618530273,13.1899995803833,13.229999542236328,484600,0.0,0.0
2024-02-28 00:00:00-05:00,13.140000343322754,13.470000267028809,13.010000228881836,13.0600004196167,424300,0.0,0.0
2024-02-29 00:00:00-05:00,13.300000190734863,14.180000305175781,13.229999542236328,13.449999809265137,660400,0.0,0.0
2024-03-01 00:00:00-05:00,13.510000228881836,13.850000381469727,13.130000114440918,13.710000038146973,447500,0.0,0.0
2024-03-04 00:00:00-05:00,15.0600004196167,15.239999771118164,13.430000305175781,14.350000381469727,1599500,0.0,0.0
2024-03-05 00:00:00-05:00,14.130000114440918,14.25,13.1899995803833,13.420000076293945,606800,0.0,0.0
2024-03-06 00:00:00-05:00,13.670000076293945,14.59000015258789,13.510000228881836,13.90999984741211,740100,0.0,0.0
2024-03-07 00:00:00-05:00,13.989999771118164,14.579999923706055,13.859999656677246,14.399999618530273,474300,0.0,0.0
2024-03-08 00:00:00-05:00,14.720000267028809,15.239999771118164,14.600000381469727,14.960000038146973,792500,0.0,0.0
2024-03-11 00:00:00-04:00,14.899999618530273,15.050000190734863,14.279999732971191,14.699999809265137,513000,0.0,0.0
2024-03-12 00:00:00-04:00,14.800000190734863,14.890000343322754,14.010000228881836,14.539999961853027,392000,0.0,0.0
2024-03-13 00:00:00-04:00,14.5,14.920000076293945,14.390000343322754,14.649999618530273,308600,0.0,0.0
2024-03-14 00:00:00-04:00,14.619999885559082,14.670000076293945,13.109999656677246,13.5600004196167,801500,0.0,0.0
2024-03-15 00:00:00-04:00,13.579999923706055,14.260000228881836,13.539999961853027,14.050000190734863,1017000,0.0,0.0
2024-03-18 00:00:00-04:00,14.0,14.0,13.300000190734863,13.3100004196167,520700,0.0,0.0
2024-03-19 00:00:00-04:00,13.170000076293945,13.279999732971191,12.84000015258789,13.170000076293945,555700,0.0,0.0
2024-03-20 00:00:00-04:00,13.210000038146973,13.680000305175781,12.720000267028809,13.40999984741211,426200,0.0,0.0
2024-03-21 00:00:00-04:00,13.5,13.5,13.029999732971191,13.109999656677246,527100,0.0,0.0
2024-03-22 00:00:00-04:00,13.239999771118164,13.270000457763672,12.869999885559082,13.029999732971191,310200,0.0,0.0
2024-03-25 00:00:00-04:00,13.029999732971191,13.319999694824219,13.029999732971191,13.199999809265137,220300,0.0,0.0
2024-03-26 00:00:00-04:00,13.289999961853027,13.430000305175781,12.84000015258789,12.899999618530273,402600,0.0,0.0
2024-03-27 00:00:00-04:00,13.0,13.520000457763672,12.819999694824219,13.449999809265137,710400,0.0,0.0
2024-03-28 00:00:00-04:00,13.619999885559082,13.779999732971191,13.369999885559082,13.510000228881836,630600,0.0,0.0
2024-04-01 00:00:00-04:00,13.600000381469727,13.630000114440918,13.279999732971191,13.489999771118164,281600,0.0,0.0
2024-04-02 00:00:00-04:00,13.100000381469727,13.199999809265137,12.699999809265137,13.020000457763672,331700,0.0,0.0
2024-04-03 00:00:00-04:00,12.859999656677246,13.199999809265137,12.8100004196167,13.039999961853027,420300,0.0,0.0
2024-04-04 00:00:00-04:00,13.15999984741211,13.390000343322754,12.65999984741211,12.6899995803833,317400,0.0,0.0
2024-04-05 00:00:00-04:00,12.65999984741211,12.970000267028809,12.550000190734863,12.829999923706055,240500,0.0,0.0
2024-04-08 00:00:00-04:00,12.850000381469727,13.0600004196167,12.720000267028809,12.760000228881836,236300,0.0,0.0
2024-04-09 00:00:00-04:00,12.720000267028809,13.220000267028809,12.600000381469727,13.100000381469727,332700,0.0,0.0
2024-04-10 00:00:00-04:00,12.649999618530273,12.739999771118164,12.329999923706055,12.680000305175781,279800,0.0,0.0
2024-04-11 00:00:00-04:00,12.6899995803833,13.020000457763672,12.489999771118164,13.010000228881836,233900,0.0,0.0
2024-04-12 00:00:00-04:00,12.970000267028809,13.020000457763672,12.239999771118164,12.479999542236328,269400,0.0,0.0
2024-04-15 00:00:00-04:00,12.479999542236328,12.529999732971191,11.9399995803833,12.0600004196167,334400,0.0,0.0
2024-04-16 00:00:00-04:00,11.859999656677246,12.149999618530273,11.6899995803833,11.949999809265137,253800,0.0,0.0
2024-04-17 00:00:00-04:00,12.0,12.069999694824219,11.770000457763672,11.880000114440918,183300,0.0,0.0
2024-04-18 00:00:00-04:00,11.819999694824219,11.960000038146973,11.6899995803833,11.75,184900,0.0,0.0
2024-04-19 00:00:00-04:00,11.640000343322754,11.779999732971191,11.520000457763672,11.65999984741211,319000,0.0,0.0
2024-04-22 00:00:00-04:00,11.529999732971191,11.84000015258789,11.369999885559082,11.739999771118164,263600,0.0,0.0
2024-04-23 00:00:00-04:00,11.760000228881836,12.350000381469727,11.640000343322754,12.329999923706055,304000,0.0,0.0
2024-04-24 00:00:00-04:00,12.319999694824219,12.470000267028809,11.859999656677246,11.869999885559082,235400,0.0,0.0
2024-04-25 00:00:00-04:00,11.600000381469727,11.989999771118164,11.359999656677246,11.859999656677246,186800,0.0,0.0
2024-04-26 00:00:00-04:00,11.890000343322754,12.489999771118164,11.859999656677246,12.270000457763672,365800,0.0,0.0
2024-04-29 00:00:00-04:00,12.399999618530273,12.609999656677246,12.329999923706055,12.510000228881836,200500,0.0,0.0
2024-04-30 00:00:00-04:00,12.25,12.619999885559082,12.140000343322754,12.350000381469727,258800,0.0,0.0
2024-05-01 00:00:00-04:00,12.4399995803833,13.239999771118164,12.359999656677246,12.640000343322754,294600,0.0,0.0
2024-05-02 00:00:00-04:00,12.880000114440918,13.170000076293945,12.569999694824219,12.989999771118164,327300,0.0,0.0
2024-05-03 00:00:00-04:00,13.399999618530273,13.479999542236328,13.140000343322754,13.369999885559082,249500,0.0,0.0
2024-05-06 00:00:00-04:00,13.470000267028809,13.739999771118164,13.40999984741211,13.739999771118164,653800,0.0,0.0
2024-05-07 00:00:00-04:00,13.789999961853027,13.890000343322754,13.420000076293945,13.529999732971191,257800,0.0,0.0
2024-05-08 00:00:00-04:00,13.229999542236328,13.670000076293945,13.069999694824219,13.569999694824219,185700,0.0,0.0
2024-05-09 00:00:00-04:00,13.510000228881836,13.90999984741211,13.449999809265137,13.8100004196167,256600,0.0,0.0
2024-05-10 00:00:00-04:00,13.850000381469727,14.020000457763672,13.5,13.520000457763672,272800,0.0,0.0
2024-05-13 00:00:00-04:00,13.789999961853027,14.039999961853027,13.720000267028809,14.010000228881836,279700,0.0,0.0
2024-05-14 00:00:00-04:00,14.050000190734863,14.489999771118164,13.9399995803833,14.029999732971191,400800,0.0,0.0
2024-05-15 00:00:00-04:00,14.350000381469727,14.75,14.15999984741211,14.489999771118164,435900,0.0,0.0
2024-05-16 00:00:00-04:00,14.399999618530273,14.430000305175781,14.199999809265137,14.210000038146973,170300,0.0,0.0
2024-05-17 00:00:00-04:00,14.149999618530273,14.3100004196167,13.920000076293945,14.010000228881836,213300,0.0,0.0
2024-05-20 00:00:00-04:00,13.90999984741211,14.470000267028809,13.739999771118164,14.34000015258789,371500,0.0,0.0
2024-05-21 00:00:00-04:00,14.260000228881836,15.430000305175781,14.239999771118164,15.239999771118164,695200,0.0,0.0
2024-05-22 00:00:00-04:00,15.109999656677246,16.06999969482422,15.109999656677246,15.800000190734863,818700,0.0,0.0
2024-05-23 00:00:00-04:00,15.899999618530273,15.920000076293945,14.850000381469727,15.109999656677246,433800,0.0,0.0
2024-05-24 00:00:00-04:00,15.229999542236328,16.059999465942383,15.229999542236328,16.059999465942383,553700,0.0,0.0
2024-05-28 00:00:00-04:00,16.239999771118164,16.350000381469727,15.770000457763672,15.930000305175781,585900,0.0,0.0
2024-05-29 00:00:00-04:00,15.510000228881836,15.930000305175781,15.430000305175781,15.789999961853027,887300,0.0,0.0
2024-05-30 00:00:00-04:00,17.950000762939453,20.690000534057617,16.59000015258789,17.440000534057617,3966900,0.0,0.0
2024-05-31 00:00:00-04:00,17.979999542236328,19.649999618530273,17.809999465942383,19.18000030517578,1792100,0.0,0.0
2024-06-03 00:00:00-04:00,20.0,21.0,19.25,20.770000457763672,1984400,0.0,0.0
2024-06-04 00:00:00-04:00,20.489999771118164,21.190000534057617,19.40999984741211,21.030000686645508,1314400,0.0,0.0
2024-06-05 00:00:00-04:00,21.209999084472656,22.399999618530273,21.209999084472656,22.350000381469727,1398600,0.0,0.0
2024-06-06 00:00:00-04:00,22.260000228881836,22.5,21.15999984741211,21.540000915527344,1015400,0.0,0.0
2024-06-07 00:00:00-04:00,21.09000015258789,21.760000228881836,21.0,21.360000610351562,734800,0.0,0.0
2024-06-10 00:00:00-04:00,21.0,22.440000534057617,21.0,22.06999969482422,784700,0.0,0.0
2024-06-11 00:00:00-04:00,21.459999084472656,22.09000015258789,21.239999771118164,21.959999084472656,697800,0.0,0.0
2024-06-12 00:00:00-04:00,23.170000076293945,24.260000228881836,23.030000686645508,23.549999237060547,1366500,0.0,0.0
2024-06-13 00:00:00-04:00,24.1299991607666,27.270000457763672,24.1299991607666,26.34000015258789,2566800,0.0,0.0
2024-06-14 00:00:00-04:00,26.049999237060547,27.3799991607666,25.43000030517578,25.920000076293945,1347300,0.0,0.0
2024-06-17 00:00:00-04:00,25.850000381469727,26.549999237060547,24.93000030517578,25.040000915527344,1231400,0.0,0.0
2024-06-18 00:00:00-04:00,24.809999465942383,25.760000228881836,24.100000381469727,25.18000030517578,1234000,0.0,0.0
2024-06-20 00:00:00-04:00,25.31999969482422,25.3700008392334,24.18000030517578,24.5,1414500,0.0,0.0
2024-06-21 00:00:00-04:00,24.040000915527344,24.65999984741211,23.520000457763672,24.43000030517578,702700,0.0,0.0
2024-06-24 00:00:00-04:00,24.309999465942383,24.889999389648438,22.600000381469727,23.209999084472656,1220700,0.0,0.0
2024-06-25 00:00:00-04:00,23.209999084472656,24.420000076293945,22.770000457763672,24.040000915527344,806600,0.0,0.0
2024-06-26 00:00:00-04:00,24.1299991607666,24.219999313354492,23.020000457763672,23.600000381469727,962800,0.0,0.0
2024-06-27 00:00:00-04:00,23.420000076293945,25.25,23.399999618530273,24.270000457763672,1678900,0.0,0.0
2024-06-28 00:00:00-04:00,24.56999969482422,24.799999237060547,23.030000686645508,23.389999389648438,6103100,0.0,0.0
2024-07-01 00:00:00-04:00,23.56999969482422,23.84000015258789,22.1200008392334,22.979999542236328,911600,0.0,0.0
2024-07-02 00:00:00-04:00,23.18000030517578,24.239999771118164,22.770000457763672,24.09000015258789,712600,0.0,0.0
2024-07-03 00:00:00-04:00,24.15999984741211,26.280000686645508,24.100000381469727,25.950000762939453,1037300,0.0,0.0
2024-07-05 00:00:00-04:00,26.290000915527344,26.729999542236328,25.280000686645508,25.649999618530273,1130000,0.0,0.0
2024-07-08 00:00:00-04:00,25.959999084472656,28.799999237060547,25.850000381469727,28.059999465942383,2380600,0.0,0.0
2024-07-09 00:00:00-04:00,28.399999618530273,29.139999389648438,27.219999313354492,27.280000686645508,1581200,0.0,0.0
2024-07-10 00:00:00-04:00,27.600000381469727,27.649999618530273,26.18000030517578,27.43000030517578,887100,0.0,0.0
2024-07-11 00:00:00-04:00,28.09000015258789,29.5,27.809999465942383,29.06999969482422,1180200,0.0,0.0
2024-07-12 00:00:00-04:00,29.200000762939453,30.100000381469727,28.6200008392334,29.799999237060547,1705100,0.0,0.0
2024-07-15 00:00:00-04:00,30.020000457763672,31.3799991607666,28.969999313354492,31.190000534057617,1378900,0.0,0.0
2024-07-16 00:00:00-04:00,31.690000534057617,32.70000076293945,31.299999237060547,32.41999816894531,1869000,0.0,0.0
2024-07-17 00:00:00-04:00,31.399999618530273,32.66999816894531,28.209999084472656,29.0,2432700,0.0,0.0
2024-07-18 00:00:00-04:00,29.31999969482422,30.31999969482422,26.170000076293945,26.229999542236328,2078600,0.0,0.0
2024-07-19 00:00:00-04:00,26.290000915527344,27.200000762939453,25.549999237060547,26.25,857800,0.0,0.0
2024-07-22 00:00:00-04:00,27.579999923706055,28.969999313354492,27.079999923706055,28.530000686645508,1249100,0.0,0.0
2024-07-23 00:00:00-04:00,28.440000534057617,30.84000015258789,28.420000076293945,28.780000686645508,1531200,0.0,0.0
2024-07-24 00:00:00-04:00,27.850000381469727,27.979999542236328,26.239999771118164,26.3700008392334,831900,0.0,0.0
2024-07-25 00:00:00-04:00,26.969999313354492,26.969999313354492,24.690000534057617,25.040000915527344,1128900,0.0,0.0
2024-07-26 00:00:00-04:00,25.8700008392334,26.0,24.969999313354492,25.440000534057617,601800,0.0,0.0
2024-07-29 00:00:00-04:00,26.34000015258789,26.709999084472656,24.09000015258789,24.5,907700,0.0,0.0
2024-07-30 00:00:00-04:00,24.5,25.06999969482422,22.93000030517578,23.110000610351562,947000,0.0,0.0
2024-07-31 00:00:00-04:00,23.6200008392334,25.209999084472656,23.200000762939453,24.15999984741211,911000,0.0,0.0
2024-08-01 00:00:00-04:00,24.200000762939453,25.31999969482422,22.329999923706055,22.670000076293945,914100,0.0,0.0
2024-08-02 00:00:00-04:00,20.989999771118164,21.65999984741211,20.610000610351562,21.420000076293945,899100,0.0,0.0
2024-08-05 00:00:00-04:00,18.229999542236328,20.450000762939453,17.219999313354492,20.399999618530273,995600,0.0,0.0
2024-08-06 00:00:00-04:00,21.610000610351562,21.950000762939453,19.760000228881836,20.59000015258789,987100,0.0,0.0
2024-08-07 00:00:00-04:00,19.0,19.440000534057617,17.020000457763672,18.709999084472656,2316600,0.0,0.0
2024-08-08 00:00:00-04:00,19.389999389648438,20.510000228881836,18.579999923706055,20.31999969482422,772900,0.0,0.0
2024-08-09 00:00:00-04:00,20.399999618530273,20.84000015258789,19.260000228881836,19.979999542236328,789300,0.0,0.0
2024-08-12 00:00:00-04:00,20.360000610351562,20.8799991607666,19.549999237060547,19.719999313354492,644300,0.0,0.0
2024-08-13 00:00:00-04:00,20.049999237060547,20.969999313354492,20.049999237060547,20.65999984741211,721200,0.0,0.0
2024-08-14 00:00:00-04:00,21.3700008392334,22.010000228881836,20.34000015258789,20.520000457763672,474500,0.0,0.0
2024-08-15 00:00:00-04:00,21.229999542236328,21.690000534057617,20.719999313354492,21.219999313354492,1225800,0.0,0.0
2024-08-16 00:00:00-04:00,21.110000610351562,21.579999923706055,20.809999465942383,21.3799991607666,632600,0.0,0.0
2024-08-19 00:00:00-04:00,21.239999771118164,22.3799991607666,21.200000762939453,22.290000915527344,617900,0.0,0.0
2024-08-20 00:00:00-04:00,22.399999618530273,22.889999389648438,20.139999389648438,20.40999984741211,736400,0.0,0.0
2024-08-21 00:00:00-04:00,20.5,20.979999542236328,19.950000762939453,20.649999618530273,582000,0.0,0.0
2024-08-22 00:00:00-04:00,20.690000534057617,20.84000015258789,19.90999984741211,19.979999542236328,353300,0.0,0.0
2024-08-23 00:00:00-04:00,20.209999084472656,21.59000015258789,20.110000610351562,21.280000686645508,725500,0.0,0.0
2024-08-26 00:00:00-04:00,21.299999237060547,21.31999969482422,20.579999923706055,20.989999771118164,458000,0.0,0.0
2024-08-27 00:00:00-04:00,20.549999237060547,21.059999465942383,20.350000381469727,20.520000457763672,392100,0.0,0.0
2024-08-28 00:00:00-04:00,20.209999084472656,20.649999618530273,19.290000915527344,19.350000381469727,555500,0.0,0.0
2024-08-29 00:00:00-04:00,19.709999084472656,20.059999465942383,19.459999084472656,19.790000915527344,500200,0.0,0.0
2024-08-30 00:00:00-04:00,20.110000610351562,20.360000610351562,19.639999389648438,20.219999313354492,933000,0.0,0.0
2024-09-03 00:00:00-04:00,19.579999923706055,19.6299991607666,18.610000610351562,18.850000381469727,783700,0.0,0.0
2024-09-04 00:00:00-04:00,18.68000030517578,19.360000610351562,18.329999923706055,18.729999542236328,410600,0.0,0.0
2024-09-05 00:00:00-04:00,18.729999542236328,19.1299991607666,18.600000381469727,18.780000686645508,404300,0.0,0.0
2024-09-06 00:00:00-04:00,18.75,18.989999771118164,17.90999984741211,18.420000076293945,633600,0.0,0.0
2024-09-09 00:00:00-04:00,18.75,20.06999969482422,18.469999313354492,19.950000762939453,653600,0.0,0.0
2024-09-10 00:00:00-04:00,20.459999084472656,22.760000228881836,20.1200008392334,22.719999313354492,1279100,0.0,0.0
2024-09-11 00:00:00-04:00,22.959999084472656,23.59000015258789,21.65999984741211,21.93000030517578,1328000,0.0,0.0
2024-09-12 00:00:00-04:00,22.459999084472656,22.899999618530273,21.520000457763672,21.68000030517578,1567400,0.0,0.0
2024-09-13 00:00:00-04:00,22.010000228881836,22.75,21.270000457763672,21.440000534057617,1681400,0.0,0.0
2024-09-16 00:00:00-04:00,21.3799991607666,21.75,20.34000015258789,21.68000030517578,1823800,0.0,0.0
2024-09-17 00:00:00-04:00,22.200000762939453,22.290000915527344,21.200000762939453,21.329999923706055,548000,0.0,0.0
2024-09-18 00:00:00-04:00,21.239999771118164,22.049999237060547,20.700000762939453,20.729999542236328,518600,0.0,0.0
2024-09-19 00:00:00-04:00,21.6200008392334,22.299999237060547,20.959999084472656,21.899999618530273,535100,0.0,0.0
2024-09-20 00:00:00-04:00,21.799999237060547,22.290000915527344,21.540000915527344,22.030000686645508,1749000,0.0,0.0
2024-09-23 00:00:00-04:00,22.170000076293945,25.219999313354492,22.049999237060547,24.440000534057617,3254600,0.0,0.0
2024-09-24 00:00:00-04:00,24.459999084472656,24.700000762939453,23.0,24.030000686645508,1685000,0.0,0.0
2024-09-25 00:00:00-04:00,23.950000762939453,24.790000915527344,23.229999542236328,23.350000381469727,1188700,0.0,0.0
2024-09-26 00:00:00-04:00,24.0,24.540000915527344,21.350000381469727,22.059999465942383,1654200,0.0,0.0
2024-09-27 00:00:00-04:00,22.200000762939453,23.329999923706055,21.809999465942383,22.979999542236328,866400,0.0,0.0
2024-09-30 00:00:00-04:00,22.81999969482422,24.309999465942383,22.399999618530273,23.600000381469727,852200,0.0,0.0
2024-10-01 00:00:00-04:00,23.850000381469727,23.850000381469727,21.110000610351562,21.329999923706055,1230200,0.0,0.0
2024-10-02 00:00:00-04:00,21.209999084472656,21.969999313354492,20.600000381469727,21.8799991607666,754800,0.0,0.0
2024-10-03 00:00:00-04:00,21.739999771118164,22.219999313354492,20.899999618530273,21.510000228881836,641200,0.0,0.0
2024-10-04 00:00:00-04:00,22.5,24.280000686645508,22.15999984741211,23.959999084472656,1276300,0.0,0.0
2024-10-07 00:00:00-04:00,23.8799991607666,24.299999237060547,23.010000228881836,23.489999771118164,824000,0.0,0.0
2024-10-08 00:00:00-04:00,23.469999313354492,24.520000457763672,22.579999923706055,22.600000381469727,1169000,0.0,0.0
2024-10-09 00:00:00-04:00,22.520000457763672,24.18000030517578,22.25,23.719999313354492,1231600,0.0,0.0
2024-10-10 00:00:00-04:00,23.15999984741211,23.329999923706055,21.170000076293945,22.170000076293945,1712500,0.0,0.0
2024-10-11 00:00:00-04:00,22.010000228881836,24.450000762939453,21.700000762939453,24.0,1214700,0.0,0.0
2024-10-14 00:00:00-04:00,24.110000610351562,24.459999084472656,23.440000534057617,23.809999465942383,729500,0.0,0.0
2024-10-15 00:00:00-04:00,23.809999465942383,23.979999542236328,22.68000030517578,23.270000457763672,590800,0.0,0.0
2024-10-16 00:00:00-04:00,23.700000762939453,26.670000076293945,23.1299991607666,26.389999389648438,2121300,0.0,0.0
2024-10-17 00:00:00-04:00,26.700000762939453,27.100000381469727,24.649999618530273,24.729999542236328,1706400,0.0,0.0
2024-10-18 00:00:00-04:00,25.0,25.59000015258789,24.030000686645508,24.920000076293945,1119700,0.0,0.0
2024-10-21 00:00:00-04:00,24.90999984741211,24.90999984741211,22.3700008392334,23.850000381469727,1703200,0.0,0.0
2024-10-22 00:00:00-04:00,23.459999084472656,23.729999542236328,23.06999969482422,23.360000610351562,552000,0.0,0.0
2024-10-23 00:00:00-04:00,22.81999969482422,23.290000915527344,21.959999084472656,22.190000534057617,904600,0.0,0.0
2024-10-24 00:00:00-04:00,22.360000610351562,22.989999771118164,22.149999618530273,22.639999389648438,696700,0.0,0.0
2024-10-25 00:00:00-04:00,23.049999237060547,23.81999969482422,22.770000457763672,22.93000030517578,538300,0.0,0.0
2024-10-28 00:00:00-04:00,23.299999237060547,24.690000534057617,23.299999237060547,24.219999313354492,892700,0.0,0.0
2024-10-29 00:00:00-04:00,24.520000457763672,24.520000457763672,23.510000228881836,24.079999923706055,617800,0.0,0.0
2024-10-30 00:00:00-04:00,23.559999465942383,24.329999923706055,22.93000030517578,23.479999542236328,776100,0.0,0.0
2024-10-31 00:00:00-04:00,24.5,26.559999465942383,22.719999313354492,24.520000457763672,2244900,0.0,0.0
2024-11-01 00:00:00-04:00,24.75,29.600000381469727,24.559999465942383,28.540000915527344,2745600,0.0,0.0
2024-11-04 00:00:00-05:00,28.049999237060547,29.06999969482422,26.65999984741211,27.040000915527344,1808800,0.0,0.0
2024-11-05 00:00:00-05:00,27.34000015258789,28.950000762939453,27.110000610351562,28.700000762939453,960600,0.0,0.0
2024-11-06 00:00:00-05:00,29.700000762939453,30.079999923706055,27.520000457763672,28.6200008392334,1075600,0.0,0.0
2024-11-07 00:00:00-05:00,28.559999465942383,30.18000030517578,28.049999237060547,28.309999465942383,1798600,0.0,0.0
2024-11-08 00:00:00-05:00,28.100000381469727,35.08000183105469,27.700000762939453,34.13999938964844,4559900,0.0,0.0
2024-11-11 00:00:00-05:00,36.61000061035156,37.0,33.88999938964844,36.810001373291016,2944100,0.0,0.0
2024-11-12 00:00:00-05:00,35.72999954223633,37.400001525878906,34.869998931884766,36.060001373291016,1475000,0.0,0.0
2024-11-13 00:00:00-05:00,37.0,38.02000045776367,35.18000030517578,36.650001525878906,1691600,0.0,0.0
2024-11-14 00:00:00-05:00,36.79999923706055,37.25,30.010000228881836,31.90999984741211,3184700,0.0,0.0
2024-11-15 00:00:00-05:00,31.979999542236328,31.979999542236328,29.399999618530273,30.079999923706055,1524400,0.0,0.0
2024-11-18 00:00:00-05:00,30.5,32.380001068115234,30.209999084472656,30.56999969482422,1388600,0.0,0.0
2024-11-19 00:00:00-05:00,29.780000686645508,32.09000015258789,29.549999237060547,31.56999969482422,1119000,0.0,0.0
2024-11-20 00:00:00-05:00,31.559999465942383,32.22999954223633,30.399999618530273,31.15999984741211,700900,0.0,0.0
2024-11-21 00:00:00-05:00,31.600000381469727,35.09000015258789,31.600000381469727,33.959999084472656,1968300,0.0,0.0
2024-11-22 00:00:00-05:00,34.29999923706055,34.97999954223633,31.84000015258789,34.220001220703125,1150800,0.0,0.0
2024-11-25 00:00:00-05:00,35.52000045776367,37.08000183105469,33.83000183105469,34.61000061035156,1933700,0.0,0.0
2024-11-26 00:00:00-05:00,34.209999084472656,34.81999969482422,33.439998626708984,33.68000030517578,824800,0.0,0.0
2024-11-27 00:00:00-05:00,34.470001220703125,35.779998779296875,31.729999542236328,32.369998931884766,1014000,0.0,0.0
2024-11-29 00:00:00-05:00,33.02000045776367,34.70000076293945,32.790000915527344,34.060001373291016,518600,0.0,0.0
2024-12-02 00:00:00-05:00,34.70000076293945,36.38999938964844,33.900001525878906,34.4900016784668,1277600,0.0,0.0
2024-12-03 00:00:00-05:00,33.54999923706055,34.59000015258789,32.11000061035156,32.84000015258789,1108200,0.0,0.0
2024-12-04 00:00:00-05:00,33.29999923706055,35.5,32.63999938964844,35.22999954223633,1219200,0.0,0.0
2024-12-05 00:00:00-05:00,36.04999923706055,37.900001525878906,34.54999923706055,34.88999938964844,1847400,0.0,0.0
2024-12-06 00:00:00-05:00,35.29999923706055,35.849998474121094,30.1299991607666,31.200000762939453,2656500,0.0,0.0
2024-12-09 00:00:00-05:00,31.450000762939453,31.450000762939453,28.350000381469727,28.729999542236328,2048800,0.0,0.0
2024-12-10 00:00:00-05:00,28.450000762939453,29.010000228881836,26.920000076293945,27.040000915527344,1501800,0.0,0.0
2024-12-11 00:00:00-05:00,27.549999237060547,29.350000381469727,26.799999237060547,28.809999465942383,1737400,0.0,0.0
2024-12-12 00:00:00-05:00,28.540000915527344,28.709999084472656,25.90999984741211,26.3700008392334,1700500,0.0,0.0
2024-12-13 00:00:00-05:00,26.790000915527344,27.0,25.540000915527344,25.829999923706055,960700,0.0,0.0
2024-12-16 00:00:00-05:00,25.90999984741211,26.75,25.5,25.780000686645508,1656100,0.0,0.0
2024-12-17 00:00:00-05:00,25.25,26.0,24.549999237060547,25.93000030517578,1423700,0.0,0.0
2024-12-18 00:00:00-05:00,26.329999923706055,27.709999084472656,24.3799991607666,24.950000762939453,1925200,0.0,0.0
2024-12-19 00:00:00-05:00,25.489999771118164,25.81999969482422,23.8700008392334,24.139999389648438,1105100,0.0,0.0
2024-12-20 00:00:00-05:00,23.719999313354492,25.649999618530273,23.56999969482422,25.149999618530273,1325600,0.0,0.0
2024-12-23 00:00:00-05:00,25.270000457763672,25.90999984741211,25.010000228881836,25.309999465942383,817900,0.0,0.0
2024-12-24 00:00:00-05:00,25.110000610351562,25.479999542236328,24.440000534057617,25.020000457763672,543300,0.0,0.0
2024-12-26 00:00:00-05:00,24.81999969482422,26.559999465942383,24.270000457763672,26.479999542236328,878400,0.0,0.0
2024-12-27 00:00:00-05:00,26.010000228881836,26.260000228881836,24.25,25.059999465942383,1015100,0.0,0.0
2024-12-30 00:00:00-05:00,24.440000534057617,25.420000076293945,23.170000076293945,25.200000762939453,1239100,0.0,0.0
2024-12-31 00:00:00-05:00,25.6299991607666,25.81999969482422,24.1299991607666,24.6299991607666,1242800,0.0,0.0
2025-01-02 00:00:00-05:00,25.25,26.600000381469727,24.93000030517578,25.549999237060547,983700,0.0,0.0
2025-01-03 00:00:00-05:00,25.90999984741211,28.850000381469727,25.90999984741211,28.68000030517578,1483000,0.0,0.0
2025-01-06 00:00:00-05:00,29.950000762939453,30.290000915527344,28.84000015258789,29.139999389648438,1162700,0.0,0.0
2025-01-07 00:00:00-05:00,29.56999969482422,29.899999618530273,27.479999542236328,28.549999237060547,1003300,0.0,0.0
2025-01-08 00:00:00-05:00,27.84000015258789,28.549999237060547,26.450000762939453,27.170000076293945,817800,0.0,0.0
2025-01-10 00:00:00-05:00,26.780000686645508,27.1299991607666,25.799999237060547,27.079999923706055,685500,0.0,0.0
2025-01-13 00:00:00-05:00,26.0,26.360000610351562,25.030000686645508,26.079999923706055,809100,0.0,0.0
2025-01-14 00:00:00-05:00,26.700000762939453,27.15999984741211,25.610000610351562,26.389999389648438,1237600,0.0,0.0
2025-01-15 00:00:00-05:00,28.020000457763672,28.3700008392334,27.350000381469727,28.049999237060547,681600,0.0,0.0
2025-01-16 00:00:00-05:00,28.09000015258789,28.469999313354492,27.649999618530273,27.809999465942383,496700,0.0,0.0
2025-01-17 00:00:00-05:00,28.25,28.780000686645508,27.790000915527344,27.809999465942383,685800,0.0,0.0
2025-01-21 00:00:00-05:00,28.389999389648438,29.329999923706055,26.5,28.739999771118164,1362600,0.0,0.0
2025-01-22 00:00:00-05:00,29.020000457763672,29.959999084472656,28.149999618530273,28.8700008392334,999400,0.0,0.0
2025-01-23 00:00:00-05:00,28.440000534057617,29.799999237060547,28.0,29.719999313354492,623700,0.0,0.0
2025-01-24 00:00:00-05:00,29.989999771118164,30.170000076293945,28.799999237060547,29.040000915527344,624100,0.0,0.0
2025-01-27 00:00:00-05:00,26.739999771118164,26.850000381469727,24.899999618530273,26.030000686645508,1617500,0.0,0.0
2025-01-28 00:00:00-05:00,26.15999984741211,26.510000228881836,25.049999237060547,26.190000534057617,904400,0.0,0.0
2025-01-29 00:00:00-05:00,26.299999237060547,26.579999923706055,25.40999984741211,26.100000381469727,575800,0.0,0.0
2025-01-30 00:00:00-05:00,26.610000610351562,27.75,26.5,27.309999465942383,715600,0.0,0.0
2025-01-31 00:00:00-05:00,27.420000076293945,28.350000381469727,26.040000915527344,26.270000457763672,1165500,0.0,0.0
2025-02-03 00:00:00-05:00,24.90999984741211,26.700000762939453,24.709999084472656,26.31999969482422,704000,0.0,0.0
2025-02-04 00:00:00-05:00,26.34000015258789,26.639999389648438,25.030000686645508,25.31999969482422,1073400,0.0,0.0
2025-02-05 00:00:00-05:00,25.479999542236328,26.1200008392334,25.010000228881836,25.520000457763672,1479000,0.0,0.0
2025-02-06 00:00:00-05:00,28.0,35.439998626708984,26.860000610351562,34.2400016784668,6587300,0.0,0.0
2025-02-07 00:00:00-05:00,31.469999313354492,35.06999969482422,31.31999969482422,32.849998474121094,3062000,0.0,0.0
2025-02-10 00:00:00-05:00,33.220001220703125,34.4900016784668,32.11000061035156,32.59000015258789,1390900,0.0,0.0
2025-02-11 00:00:00-05:00,31.899999618530273,33.27000045776367,31.260000228881836,31.719999313354492,1475100,0.0,0.0
2025-02-12 00:00:00-05:00,30.979999542236328,31.25,30.219999313354492,30.350000381469727,807400,0.0,0.0
2025-02-13 00:00:00-05:00,31.040000915527344,31.940000534057617,30.219999313354492,31.690000534057617,806500,0.0,0.0
2025-02-14 00:00:00-05:00,31.81999969482422,32.380001068115234,29.65999984741211,31.15999984741211,923900,0.0,0.0
2025-02-18 00:00:00-05:00,31.459999084472656,32.880001068115234,31.209999084472656,32.40999984741211,914600,0.0,0.0
2025-02-19 00:00:00-05:00,32.380001068115234,33.18000030517578,31.139999389648438,31.450000762939453,633600,0.0,0.0
2025-02-20 00:00:00-05:00,31.329999923706055,31.329999923706055,27.770000457763672,28.829999923706055,1106300,0.0,0.0
2025-02-21 00:00:00-05:00,29.290000915527344,29.290000915527344,25.40999984741211,25.700000762939453,1490700,0.0,0.0
2025-02-24 00:00:00-05:00,25.739999771118164,25.770000457763672,23.790000915527344,23.959999084472656,1264300,0.0,0.0
2025-02-25 00:00:00-05:00,23.5,23.5,21.459999084472656,22.3799991607666,2065200,0.0,0.0
2025-02-26 00:00:00-05:00,23.079999923706055,24.010000228881836,23.010000228881836,23.739999771118164,1383400,0.0,0.0
2025-02-27 00:00:00-05:00,24.329999923706055,24.389999389648438,21.989999771118164,22.1200008392334,1027100,0.0,0.0
2025-02-28 00:00:00-05:00,21.829999923706055,23.1299991607666,21.559999465942383,22.709999084472656,841100,0.0,0.0
2025-03-03 00:00:00-05:00,23.0,23.020000457763672,19.950000762939453,20.010000228881836,1293300,0.0,0.0
2025-03-04 00:00:00-05:00,19.1200008392334,20.1200008392334,18.270000457763672,19.389999389648438,1324100,0.0,0.0
2025-03-05 00:00:00-05:00,19.65999984741211,20.100000381469727,18.989999771118164,19.989999771118164,732000,0.0,0.0
2025-03-06 00:00:00-05:00,19.25,20.329999923706055,18.760000228881836,19.170000076293945,900900,0.0,0.0
2025-03-07 00:00:00-05:00,18.889999389648438,19.5,18.079999923706055,19.25,1440200,0.0,0.0
2025-03-10 00:00:00-04:00,18.329999923706055,18.43000030517578,17.079999923706055,17.540000915527344,1269700,0.0,0.0
2025-03-11 00:00:00-04:00,17.540000915527344,19.040000915527344,17.31999969482422,18.56999969482422,953800,0.0,0.0
2025-03-12 00:00:00-04:00,19.299999237060547,19.760000228881836,18.799999237060547,19.209999084472656,774900,0.0,0.0
2025-03-13 00:00:00-04:00,19.040000915527344,19.25,18.239999771118164,18.639999389648438,705600,0.0,0.0
2025-03-14 00:00:00-04:00,19.299999237060547,20.059999465942383,18.899999618530273,20.0,711300,0.0,0.0
2025-03-17 00:00:00-04:00,19.899999618530273,20.329999923706055,19.530000686645508,19.90999984741211,694400,0.0,0.0
2025-03-18 00:00:00-04:00,19.709999084472656,19.709999084472656,18.799999237060547,19.040000915527344,504300,0.0,0.0
2025-03-19 00:00:00-04:00,19.209999084472656,20.219999313354492,19.049999237060547,20.049999237060547,540500,0.0,0.0
2025-03-20 00:00:00-04:00,19.530000686645508,20.450000762939453,19.510000228881836,20.06999969482422,805400,0.0,0.0
2025-03-21 00:00:00-04:00,19.610000610351562,20.0,19.100000381469727,19.84000015258789,876300,0.0,0.0
2025-03-24 00:00:00-04:00,20.649999618530273,21.899999618530273,20.649999618530273,21.59000015258789,837200,0.0,0.0
2025-03-25 00:00:00-04:00,21.399999618530273,21.739999771118164,21.0,21.479999542236328,487500,0.0,0.0
2025-03-26 00:00:00-04:00,21.309999465942383,21.579999923706055,20.079999923706055,20.3799991607666,601900,0.0,0.0
2025-03-27 00:00:00-04:00,20.049999237060547,20.219999313354492,19.34000015258789,19.399999618530273,533000,0.0,0.0
2025-03-28 00:00:00-04:00,19.219999313354492,19.56999969482422,18.700000762939453,18.780000686645508,465400,0.0,0.0
2025-03-31 00:00:00-04:00,18.020000457763672,18.3700008392334,17.31999969482422,18.139999389648438,689200,0.0,0.0
2025-04-01 00:00:00-04:00,18.100000381469727,18.579999923706055,17.719999313354492,18.399999618530273,488800,0.0,0.0
2025-04-02 00:00:00-04:00,17.780000686645508,19.34000015258789,17.700000762939453,18.940000534057617,368900,0.0,0.0
2025-04-03 00:00:00-04:00,17.020000457763672,17.56999969482422,16.469999313354492,16.670000076293945,818300,0.0,0.0
2025-04-04 00:00:00-04:00,15.640000343322754,15.9399995803833,13.979999542236328,15.800000190734863,1059700,0.0,0.0
2025-04-07 00:00:00-04:00,14.039999961853027,17.549999237060547,14.010000228881836,16.610000610351562,908800,0.0,0.0
2025-04-08 00:00:00-04:00,17.81999969482422,17.899999618530273,15.520000457763672,16.0,722900,0.0,0.0
2025-04-09 00:00:00-04:00,15.800000190734863,19.229999542236328,15.75,18.809999465942383,1090300,0.0,0.0
2025-04-10 00:00:00-04:00,18.0,18.110000610351562,16.899999618530273,17.459999084472656,632700,0.0,0.0
2025-04-11 00:00:00-04:00,17.530000686645508,18.219999313354492,17.06999969482422,18.0,484100,0.0,0.0
2025-04-14 00:00:00-04:00,18.59000015258789,18.780000686645508,17.690000534057617,18.18000030517578,420700,0.0,0.0
2025-04-15 00:00:00-04:00,18.219999313354492,18.600000381469727,18.0,18.25,350500,0.0,0.0
2025-04-16 00:00:00-04:00,17.639999389648438,18.270000457763672,17.579999923706055,18.18000030517578,357800,0.0,0.0
2025-04-17 00:00:00-04:00,18.299999237060547,18.65999984741211,17.709999084472656,18.40999984741211,333300,0.0,0.0
2025-04-21 00:00:00-04:00,18.0,18.09000015258789,17.139999389648438,17.520000457763672,466700,0.0,0.0
2025-04-22 00:00:00-04:00,17.959999084472656,18.780000686645508,17.670000076293945,18.420000076293945,389700,0.0,0.0
2025-04-23 00:00:00-04:00,19.8799991607666,20.100000381469727,18.540000915527344,18.56999969482422,566700,0.0,0.0
2025-04-24 00:00:00-04:00,18.729999542236328,20.440000534057617,18.729999542236328,20.1299991607666,674300,0.0,0.0
2025-04-25 00:00:00-04:00,20.010000228881836,20.6200008392334,19.84000015258789,20.290000915527344,458000,0.0,0.0
2025-04-28 00:00:00-04:00,20.200000762939453,20.59000015258789,19.690000534057617,20.110000610351562,271800,0.0,0.0
2025-04-29 00:00:00-04:00,20.059999465942383,20.450000762939453,19.600000381469727,20.219999313354492,267200,0.0,0.0
2025-04-30 00:00:00-04:00,19.450000762939453,19.920000076293945,18.850000381469727,19.850000381469727,459400,0.0,0.0
2025-05-01 00:00:00-04:00,20.280000686645508,20.850000381469727,19.920000076293945,20.290000915527344,441600,0.0,0.0
2025-05-02 00:00:00-04:00,20.719999313354492,21.639999389648438,20.549999237060547,21.100000381469727,505900,0.0,0.0
2025-05-05 00:00:00-04:00,20.959999084472656,21.149999618530273,20.510000228881836,20.579999923706055,375600,0.0,0.0
2025-05-06 00:00:00-04:00,20.1299991607666,21.0,20.1299991607666,20.850000381469727,378400,0.0,0.0
2025-05-07 00:00:00-04:00,21.0,21.100000381469727,20.43000030517578,20.719999313354492,316000,0.0,0.0
2025-05-08 00:00:00-04:00,21.1299991607666,21.790000915527344,20.700000762939453,21.389999389648438,403000,0.0,0.0
2025-05-09 00:00:00-04:00,21.5,21.8700008392334,21.270000457763672,21.600000381469727,391500,0.0,0.0
2025-05-12 00:00:00-04:00,23.0,23.579999923706055,22.6200008392334,22.799999237060547,680800,0.0,0.0
2025-05-13 00:00:00-04:00,22.959999084472656,24.309999465942383,22.959999084472656,23.579999923706055,697700,0.0,0.0
2025-05-14 00:00:00-04:00,23.770000457763672,24.25,23.360000610351562,23.739999771118164,539300,0.0,0.0
2025-05-15 00:00:00-04:00,23.459999084472656,23.729999542236328,22.780000686645508,23.520000457763672,322900,0.0,0.0
2025-05-16 00:00:00-04:00,23.549999237060547,24.260000228881836,23.399999618530273,24.020000457763672,399100,0.0,0.0
2025-05-19 00:00:00-04:00,23.18000030517578,24.780000686645508,23.18000030517578,24.760000228881836,743400,0.0,0.0
2025-05-20 00:00:00-04:00,24.889999389648438,24.889999389648438,24.0,24.68000030517578,665900,0.0,0.0
2025-05-21 00:00:00-04:00,24.280000686645508,25.280000686645508,23.770000457763672,24.190000534057617,1396300,0.0,0.0
2025-05-22 00:00:00-04:00,25.5,25.959999084472656,22.850000381469727,25.190000534057617,2250600,0.0,0.0
2025-05-23 00:00:00-04:00,24.299999237060547,25.350000381469727,24.0,25.280000686645508,822200,0.0,0.0
2025-05-27 00:00:00-04:00,26.0,27.399999618530273,25.06999969482422,27.3799991607666,1448500,0.0,0.0
2025-05-28 00:00:00-04:00,28.0,28.0,26.700000762939453,27.889999389648438,1116400,0.0,0.0
2025-05-29 00:00:00-04:00,28.510000228881836,28.510000228881836,27.0,28.040000915527344,740600,0.0,0.0
2025-05-30 00:00:00-04:00,27.600000381469727,28.600000381469727,27.040000915527344,28.260000228881836,975700,0.0,0.0
2025-06-02 00:00:00-04:00,28.1299991607666,29.219999313354492,27.799999237060547,28.81999969482422,1050700,0.0,0.0
2025-06-03 00:00:00-04:00,29.110000610351562,30.360000610351562,28.690000534057617,30.059999465942383,1005600,0.0,0.0
2025-06-04 00:00:00-04:00,30.06999969482422,31.25,29.469999313354492,30.709999084472656,1144800,0.0,0.0
2025-06-05 00:00:00-04:00,30.8700008392334,32.47999954223633,30.510000228881836,31.860000610351562,1403300,0.0,0.0
2025-06-06 00:00:00-04:00,32.04999923706055,32.459999084472656,31.139999389648438,31.479999542236328,1246000,0.0,0.0
2025-06-09 00:00:00-04:00,31.8700008392334,33.349998474121094,31.770000457763672,33.09000015258789,996500,0.0,0.0
2025-06-10 00:00:00-04:00,33.400001525878906,34.77000045776367,33.06999969482422,34.45000076293945,1371300,0.0,0.0
2025-06-11 00:00:00-04:00,28.600000381469727,30.3799991607666,28.010000228881836,29.670000076293945,6552700,0.0,0.0
2025-06-12 00:00:00-04:00,29.520000457763672,30.229999542236328,28.549999237060547,29.229999542236328,1796800,0.0,0.0
2025-06-13 00:00:00-04:00,28.18000030517578,30.649999618530273,28.1200008392334,29.350000381469727,1834200,0.0,0.0
2025-06-16 00:00:00-04:00,30.0,30.479999542236328,29.31999969482422,29.6200008392334,996000,0.0,0.0
2025-06-17 00:00:00-04:00,29.280000686645508,30.5,29.06999969482422,29.8799991607666,1055300,0.0,0.0
2025-06-18 00:00:00-04:00,29.850000381469727,31.1200008392334,29.149999618530273,30.829999923706055,1114200,0.0,0.0
2025-06-20 00:00:00-04:00,31.100000381469727,31.100000381469727,30.030000686645508,30.399999618530273,1136300,0.0,0.0
2025-06-23 00:00:00-04:00,30.0,32.459999084472656,29.139999389648438,32.41999816894531,1465400,0.0,0.0
2025-06-24 00:00:00-04:00,32.849998474121094,33.77000045776367,32.2400016784668,33.529998779296875,1109900,0.0,0.0
2025-06-25 00:00:00-04:00,33.81999969482422,34.150001525878906,33.060001373291016,34.04999923706055,916700,0.0,0.0
2025-06-26 00:00:00-04:00,34.20000076293945,36.779998779296875,33.689998626708984,36.68000030517578,1442200,0.0,0.0
2025-06-27 00:00:00-04:00,36.95000076293945,37.88999938964844,35.7599983215332,36.439998626708984,1778500,0.0,0.0
2025-06-30 00:00:00-04:00,36.459999084472656,37.529998779296875,36.119998931884766,36.689998626708984,1340100,0.0,0.0
2025-07-01 00:00:00-04:00,36.040000915527344,36.75,34.869998931884766,35.97999954223633,1006700,0.0,0.0
2025-07-02 00:00:00-04:00,36.040000915527344,39.70000076293945,35.59000015258789,39.189998626708984,1804900,0.0,0.0
2025-07-03 00:00:00-04:00,39.5099983215332,41.099998474121094,39.349998474121094,39.900001525878906,885600,0.0,0.0
2025-07-07 00:00:00-04:00,39.7599983215332,40.29999923706055,38.41999816894531,40.2599983215332,942200,0.0,0.0
2025-07-08 00:00:00-04:00,40.52000045776367,40.529998779296875,38.27000045776367,38.93000030517578,999800,0.0,0.0
2025-07-09 00:00:00-04:00,39.9900016784668,40.34000015258789,39.0,39.90999984741211,857200,0.0,0.0
2025-07-10 00:00:00-04:00,40.02000045776367,40.33000183105469,38.45000076293945,39.720001220703125,886900,0.0,0.0
2025-07-11 00:00:00-04:00,39.349998474121094,40.400001525878906,38.599998474121094,39.16999816894531,716000,0.0,0.0
2025-07-14 00:00:00-04:00,39.0,41.380001068115234,38.599998474121094,40.709999084472656,1049300,0.0,0.0
2025-07-15 00:00:00-04:00,41.400001525878906,41.400001525878906,40.290000915527344,40.959999084472656,986800,0.0,0.0
2025-07-16 00:00:00-04:00,41.029998779296875,41.63999938964844,39.56999969482422,41.06999969482422,872800,0.0,0.0
2025-07-17 00:00:00-04:00,41.11000061035156,42.08000183105469,40.779998779296875,41.380001068115234,809200,0.0,0.0
2025-07-18 00:00:00-04:00,41.380001068115234,43.40999984741211,41.150001525878906,42.720001220703125,1279400,0.0,0.0
2025-07-21 00:00:00-04:00,43.09000015258789,43.27000045776367,42.04999923706055,42.29999923706055,856200,0.0,0.0
2025-07-22 00:00:00-04:00,42.0099983215332,42.279998779296875,38.79999923706055,41.22999954223633,1127000,0.0,0.0
2025-07-23 00:00:00-04:00,41.43000030517578,43.150001525878906,41.11000061035156,42.959999084472656,885300,0.0,0.0
2025-07-24 00:00:00-04:00,43.130001068115234,43.5,42.599998474121094,43.0099983215332,612400,0.0,0.0
2025-07-25 00:00:00-04:00,43.5,44.7400016784668,42.72999954223633,43.20000076293945,1003000,0.0,0.0
2025-07-28 00:00:00-04:00,44.16999816894531,44.16999816894531,42.54999923706055,43.7599983215332,777800,0.0,0.0
2025-07-29 00:00:00-04:00,44.22999954223633,44.61000061035156,43.33000183105469,43.47999954223633,796700,0.0,0.0
2025-07-30 00:00:00-04:00,43.54999923706055,44.849998474121094,43.2400016784668,43.939998626708984,1223500,0.0,0.0
2025-07-31 00:00:00-04:00,47.79999923706055,57.86000061035156,47.70000076293945,56.849998474121094,5321400,0.0,0.0
2025-08-01 00:00:00-04:00,53.209999084472656,55.36000061035156,50.66999816894531,53.75,2403500,0.0,0.0
2025-08-04 00:00:00-04:00,54.790000915527344,56.61000061035156,53.709999084472656,55.52000045776367,1662200,0.0,0.0
2025-08-05 00:00:00-04:00,56.150001525878906,58.41999816894531,54.619998931884766,55.619998931884766,1268800,0.0,0.0
2025-08-06 00:00:00-04:00,55.529998779296875,55.779998779296875,54.22999954223633,54.869998931884766,794900,0.0,0.0
2025-08-07 00:00:00-04:00,55.0,55.9900016784668,52.099998474121094,54.29999923706055,1063300,0.0,0.0
2025-08-08 00:00:00-04:00,54.18000030517578,54.619998931884766,50.45000076293945,50.9900016784668,1245400,0.0,0.0
2025-08-11 00:00:00-04:00,51.279998779296875,53.66999816894531,50.70000076293945,52.150001525878906,1028300,0.0,0.0
2025-08-12 00:00:00-04:00,52.599998474121094,56.22999954223633,52.599998474121094,55.88999938964844,1113300,0.0,0.0
2025-08-13 00:00:00-04:00,56.7599983215332,57.540000915527344,53.0,54.09000015258789,1271100,0.0,0.0
2025-08-14 00:00:00-04:00,53.34000015258789,55.45000076293945,51.75,52.15999984741211,954500,0.0,0.0
2025-08-15 00:00:00-04:00,52.150001525878906,53.09000015258789,50.029998779296875,53.060001373291016,907400,0.0,0.0
2025-08-18 00:00:00-04:00,53.72999954223633,54.56999969482422,52.15999984741211,53.459999084472656,737400,0.0,0.0
2025-08-19 00:00:00-04:00,52.790000915527344,53.40999984741211,48.560001373291016,48.81999969482422,1418600,0.0,0.0
2025-08-20 00:00:00-04:00,48.279998779296875,48.95000076293945,46.459999084472656,48.11000061035156,1222600,0.0,0.0
2025-08-21 00:00:00-04:00,47.91999816894531,49.40999984741211,47.619998931884766,48.59000015258789,935400,0.0,0.0
2025-08-22 00:00:00-04:00,48.599998474121094,51.20000076293945,47.810001373291016,50.68000030517578,760000,0.0,0.0
2025-08-25 00:00:00-04:00,50.599998474121094,50.810001373291016,49.54999923706055,49.58000183105469,503800,0.0,0.0
2025-08-26 00:00:00-04:00,49.91999816894531,52.5,49.439998626708984,52.2599983215332,964600,0.0,0.0
2025-08-27 00:00:00-04:00,52.5099983215332,53.13999938964844,51.099998474121094,52.11000061035156,842400,0.0,0.0
2025-08-28 00:00:00-04:00,52.52000045776367,54.619998931884766,52.459999084472656,53.84000015258789,743900,0.0,0.0
2025-08-29 00:00:00-04:00,53.65999984741211,53.65999984741211,49.7400016784668,49.900001525878906,1108900,0.0,0.0
2025-09-02 00:00:00-04:00,48.11000061035156,49.41999816894531,46.459999084472656,48.7599983215332,807000,0.0,0.0
2025-09-03 00:00:00-04:00,49.66999816894531,50.27000045776367,48.4900016784668,48.630001068115234,710700,0.0,0.0
2025-09-04 00:00:00-04:00,48.119998931884766,49.5099983215332,47.36000061035156,48.529998779296875,1077600,0.0,0.0
2025-09-05 00:00:00-04:00,49.630001068115234,50.099998474121094,47.20000076293945,48.880001068115234,633500,0.0,0.0
2025-09-08 00:00:00-04:00,49.25,51.470001220703125,48.849998474121094,50.08000183105469,1054800,0.0,0.0
2025-09-09 00:00:00-04:00,50.0,50.630001068115234,47.52000045776367,49.849998474121094,685200,0.0,0.0
2025-09-10 00:00:00-04:00,51.61000061035156,53.4900016784668,51.20000076293945,51.45000076293945,1083700,0.0,0.0
2025-09-11 00:00:00-04:00,52.060001373291016,54.959999084472656,51.900001525878906,54.720001220703125,1134500,0.0,0.0
2025-09-12 00:00:00-04:00,54.95000076293945,57.29999923706055,54.09000015258789,56.31999969482422,1329400,0.0,0.0
2025-09-15 00:00:00-04:00,57.0,57.25,55.29999923706055,56.59000015258789,795700,0.0,0.0
2025-09-16 00:00:00-04:00,56.5,56.599998474121094,54.88999938964844,56.5099983215332,645200,0.0,0.0
2025-09-17 00:00:00-04:00,56.34000015258789,61.11000061035156,55.38999938964844,60.4900016784668,2111400,0.0,0.0
2025-09-18 00:00:00-04:00,63.060001373291016,65.58000183105469,60.04999923706055,64.48999786376953,2386800,0.0,0.0
2025-09-19 00:00:00-04:00,65.51000213623047,65.69999694824219,60.650001525878906,61.54999923706055,2874200,0.0,0.0
2025-09-22 00:00:00-04:00,61.779998779296875,65.12000274658203,60.310001373291016,64.62999725341797,1487800,0.0,0.0
2025-09-23 00:00:00-04:00,64.1500015258789,64.52999877929688,60.060001373291016,61.34000015258789,1226600,0.0,0.0
2025-09-24 00:00:00-04:00,62.099998474121094,62.40999984741211,58.130001068115234,59.61000061035156,1230200,0.0,0.0
2025-09-25 00:00:00-04:00,56.689998626708984,58.97999954223633,54.130001068115234,57.959999084472656,1046000,0.0,0.0
2025-09-26 00:00:00-04:00,58.86000061035156,59.75,57.4900016784668,58.56999969482422,710200,0.0,0.0
2025-09-29 00:00:00-04:00,59.5,62.0,59.5,60.84000015258789,1259300,0.0,0.0
2025-09-30 00:00:00-04:00,60.93000030517578,61.5,57.79999923706055,59.38999938964844,1059700,0.0,0.0
2025-10-01 00:00:00-04:00,58.7400016784668,60.08000183105469,57.619998931884766,59.16999816894531,661300,0.0,0.0
2025-10-02 00:00:00-04:00,60.060001373291016,60.9900016784668,58.2599983215332,59.25,809200,0.0,0.0
2025-10-03 00:00:00-04:00,60.0,62.15999984741211,58.380001068115234,59.29999923706055,1557500,0.0,0.0
2025-10-06 00:00:00-04:00,62.400001525878906,63.63999938964844,58.709999084472656,60.97999954223633,1069100,0.0,0.0
2025-10-07 00:00:00-04:00,61.47999954223633,62.790000915527344,55.5099983215332,56.54999923706055,1818000,0.0,0.0
2025-10-08 00:00:00-04:00,57.31999969482422,61.040000915527344,57.290000915527344,60.70000076293945,1112200,0.0,0.0
2025-10-09 00:00:00-04:00,61.0,61.61000061035156,59.189998626708984,59.79999923706055,831000,0.0,0.0
2025-10-10 00:00:00-04:00,59.7400016784668,63.0099983215332,56.06999969482422,56.2400016784668,1255900,0.0,0.0
2025-10-13 00:00:00-04:00,58.720001220703125,62.220001220703125,58.279998779296875,61.56999969482422,1115700,0.0,0.0
2025-10-14 00:00:00-04:00,59.209999084472656,66.55000305175781,57.0099983215332,65.54000091552734,1910300,0.0,0.0
2025-10-15 00:00:00-04:00,68.76000213623047,70.48999786376953,63.84000015258789,66.68000030517578,1519100,0.0,0.0
2025-10-16 00:00:00-04:00,68.55999755859375,68.55999755859375,62.189998626708984,63.04999923706055,822800,0.0,0.0
2025-10-17 00:00:00-04:00,60.86000061035156,62.5,57.79999923706055,60.02000045776367,1010000,0.0,0.0
2025-10-20 00:00:00-04:00,61.91999816894531,63.70000076293945,59.310001373291016,61.029998779296875,863700,0.0,0.0
2025-10-21 00:00:00-04:00,61.06999969482422,61.06999969482422,58.0099983215332,59.2599983215332,651700,0.0,0.0
2025-10-22 00:00:00-04:00,58.83000183105469,59.4900016784668,52.75,54.779998779296875,1737800,0.0,0.0
2025-10-23 00:00:00-04:00,54.849998474121094,57.20000076293945,54.0099983215332,56.529998779296875,870400,0.0,0.0
2025-10-24 00:00:00-04:00,58.400001525878906,61.939998626708984,57.470001220703125,59.58000183105469,1093500,0.0,0.0
2025-10-27 00:00:00-04:00,61.0,61.59000015258789,56.959999084472656,57.849998474121094,943200,0.0,0.0
2025-10-28 00:00:00-04:00,57.47999954223633,59.36000061035156,56.689998626708984,57.86000061035156,685000,0.0,0.0
2025-10-29 00:00:00-04:00,57.970001220703125,64.72000122070312,57.970001220703125,63.0099983215332,1369600,0.0,0.0
2025-10-30 00:00:00-04:00,61.779998779296875,62.630001068115234,58.11000061035156,58.91999816894531,957200,0.0,0.0
2025-10-31 00:00:00-04:00,60.790000915527344,61.20000076293945,58.099998474121094,59.22999954223633,701700,0.0,0.0
2025-11-03 00:00:00-05:00,59.75,61.29999923706055,58.5099983215332,60.630001068115234,631700,0.0,0.0
2025-11-04 00:00:00-05:00,57.29999923706055,58.79999923706055,55.2599983215332,56.290000915527344,676700,0.0,0.0
2025-11-05 00:00:00-05:00,57.20000076293945,60.650001525878906,56.08000183105469,59.41999816894531,1095200,0.0,0.0
2025-11-06 00:00:00-05:00,42.810001373291016,44.83000183105469,36.20000076293945,36.54999923706055,5403900,0.0,0.0
2025-11-07 00:00:00-05:00,35.79999923706055,38.869998931884766,33.810001373291016,38.86000061035156,3040100,0.0,0.0
2025-11-10 00:00:00-05:00,40.279998779296875,40.900001525878906,36.70000076293945,36.90999984741211,2093200,0.0,0.0
2025-11-11 00:00:00-05:00,36.34000015258789,36.34000015258789,34.15999984741211,35.31999969482422,1494800,0.0,0.0
2025-11-12 00:00:00-05:00,35.959999084472656,36.400001525878906,34.43000030517578,35.18000030517578,859300,0.0,0.0
2025-11-13 00:00:00-05:00,34.790000915527344,35.18000030517578,32.81999969482422,33.630001068115234,1379000,0.0,0.0
2025-11-14 00:00:00-05:00,32.06999969482422,34.849998474121094,31.84000015258789,33.90999984741211,875300,0.0,0.0
2025-11-17 00:00:00-05:00,33.7400016784668,34.0099983215332,31.690000534057617,32.130001068115234,971900,0.0,0.0
2025-11-18 00:00:00-05:00,31.399999618530273,32.56999969482422,30.690000534057617,31.170000076293945,1056000,0.0,0.0
2025-11-19 00:00:00-05:00,32.16999816894531,32.61000061035156,30.809999465942383,31.18000030517578,662900,0.0,0.0
2025-11-20 00:00:00-05:00,32.880001068115234,33.41999816894531,29.700000762939453,29.780000686645508,1124200,0.0,0.0
2025-11-21 00:00:00-05:00,29.729999542236328,30.979999542236328,28.700000762939453,30.3799991607666,1198000,0.0,0.0
2025-11-24 00:00:00-05:00,30.81999969482422,31.829999923706055,30.540000915527344,31.270000457763672,879600,0.0,0.0
2025-11-25 00:00:00-05:00,31.06999969482422,31.239999771118164,29.530000686645508,30.75,999800,0.0,0.0
2025-11-26 00:00:00-05:00,31.31999969482422,31.5,30.270000457763672,30.5,1132400,0.0,0.0
2025-11-28 00:00:00-05:00,30.90999984741211,31.40999984741211,30.579999923706055,31.09000015258789,585000,0.0,0.0
2025-12-01 00:00:00-05:00,30.09000015258789,30.950000762939453,29.649999618530273,29.950000762939453,916100,0.0,0.0
2025-12-02 00:00:00-05:00,30.6299991607666,31.639999389648438,30.5,30.790000915527344,812500,0.0,0.0
2025-12-03 00:00:00-05:00,30.739999771118164,32.150001525878906,29.899999618530273,32.040000915527344,631200,0.0,0.0
2025-12-04 00:00:00-05:00,31.790000915527344,33.5,31.700000762939453,33.0099983215332,737400,0.0,0.0
2025-12-05 00:00:00-05:00,33.0099983215332,33.15999984741211,31.950000762939453,32.470001220703125,743300,0.0,0.0
2025-12-08 00:00:00-05:00,32.959999084472656,33.15999984741211,32.02000045776367,32.459999084472656,528800,0.0,0.0
2025-12-09 00:00:00-05:00,32.27000045776367,32.709999084472656,31.75,32.5099983215332,559500,0.0,0.0
2025-12-10 00:00:00-05:00,32.41999816894531,33.59000015258789,31.670000076293945,33.369998931884766,891000,0.0,0.0
2025-12-11 00:00:00-05:00,32.7400016784668,32.79999923706055,31.40999984741211,32.2400016784668,928400,0.0,0.0
2025-12-12 00:00:00-05:00,32.220001220703125,32.459999084472656,30.270000457763672,31.06999969482422,854700,0.0,0.0
2025-12-15 00:00:00-05:00,31.579999923706055,31.84000015258789,30.670000076293945,31.510000228881836,1001900,0.0,0.0
2025-12-16 00:00:00-05:00,31.200000762939453,32.59000015258789,30.989999771118164,31.209999084472656,643100,0.0,0.0
2025-12-17 00:00:00-05:00,31.43000030517578,32.060001373291016,28.969999313354492,29.040000915527344,1216900,0.0,0.0
2025-12-18 00:00:00-05:00,30.399999618530273,31.399999618530273,30.010000228881836,30.59000015258789,790000,0.0,0.0
2025-12-19 00:00:00-05:00,30.489999771118164,31.610000610351562,30.290000915527344,30.649999618530273,920700,0.0,0.0
2025-12-22 00:00:00-05:00,31.280000686645508,32.290000915527344,30.729999542236328,31.860000610351562,892800,0.0,0.0
2025-12-23 00:00:00-05:00,31.59000015258789,32.18000030517578,31.489999771118164,31.770000457763672,546100,0.0,0.0
2025-12-24 00:00:00-05:00,31.510000228881836,31.579999923706055,30.899999618530273,31.34000015258789,305500,0.0,0.0
2025-12-26 00:00:00-05:00,31.3700008392334,31.450000762939453,30.399999618530273,30.579999923706055,525900,0.0,0.0
2025-12-29 00:00:00-05:00,30.200000762939453,30.639999389648438,29.209999084472656,29.239999771118164,828800,0.0,0.0
2025-12-30 00:00:00-05:00,29.40999984741211,29.440000534057617,28.940000534057617,28.950000762939453,1096800,0.0,0.0
2025-12-31 00:00:00-05:00,28.969999313354492,29.18000030517578,28.68000030517578,28.780000686645508,832800,0.0,0.0
2026-01-02 00:00:00-05:00,29.75,31.610000610351562,29.709999084472656,31.579999923706055,1042100,0.0,0.0
2026-01-05 00:00:00-05:00,32.349998474121094,33.689998626708984,32.08000183105469,33.209999084472656,1208600,0.0,0.0
2026-01-06 00:00:00-05:00,33.279998779296875,33.47999954223633,29.969999313354492,30.75,1293500,0.0,0.0
2026-01-07 00:00:00-05:00,30.799999237060547,31.3799991607666,30.15999984741211,30.75,705600,0.0,0.0
2026-01-08 00:00:00-05:00,30.799999237060547,31.049999237060547,29.950000762939453,30.579999923706055,693700,0.0,0.0
2026-01-09 00:00:00-05:00,30.950000762939453,31.299999237060547,29.920000076293945,30.670000076293945,591500,0.0,0.0
2026-01-12 00:00:00-05:00,30.299999237060547,31.1200008392334,29.5,30.469999313354492,594000,0.0,0.0
2026-01-13 00:00:00-05:00,30.850000381469727,31.780000686645508,30.649999618530273,31.559999465942383,725100,0.0,0.0
2026-01-14 00:00:00-05:00,31.18000030517578,31.270000457763672,30.100000381469727,31.25,712000,0.0,0.0
2026-01-15 00:00:00-05:00,31.639999389648438,32.0,30.959999084472656,31.079999923706055,653500,0.0,0.0
2026-01-16 00:00:00-05:00,31.280000686645508,32.70000076293945,30.940000534057617,32.189998626708984,761400,0.0,0.0
2026-01-20 00:00:00-05:00,30.520000457763672,31.420000076293945,30.280000686645508,31.15999984741211,691500,0.0,0.0
2026-01-21 00:00:00-05:00,31.829999923706055,32.20000076293945,30.040000915527344,31.809999465942383,871600,0.0,0.0
2026-01-22 00:00:00-05:00,32.41999816894531,33.470001220703125,31.799999237060547,33.099998474121094,957100,0.0,0.0
2026-01-23 00:00:00-05:00,33.2599983215332,34.5,32.130001068115234,33.279998779296875,1006300,0.0,0.0
2026-01-26 00:00:00-05:00,33.130001068115234,33.939998626708984,31.360000610351562,31.549999237060547,843500,0.0,0.0
2026-01-27 00:00:00-05:00,32.0,32.41999816894531,31.360000610351562,32.16999816894531,487200,0.0,0.0
2026-01-28 00:00:00-05:00,32.56999969482422,32.880001068115234,31.299999237060547,31.81999969482422,606200,0.0,0.0
2026-01-29 00:00:00-05:00,31.799999237060547,31.920000076293945,30.219999313354492,31.450000762939453,758300,0.0,0.0
2026-01-30 00:00:00-05:00,30.959999084472656,31.670000076293945,29.670000076293945,29.920000076293945,762200,0.0,0.0
2026-02-02 00:00:00-05:00,29.93000030517578,30.899999618530273,29.149999618530273,30.020000457763672,1454600,0.0,0.0
2026-02-03 00:00:00-05:00,30.899999618530273,31.239999771118164,28.75,30.0,1010700,0.0,0.0
2026-02-04 00:00:00-05:00,30.100000381469727,30.170000076293945,26.920000076293945,27.610000610351562,1912100,0.0,0.0
2026-02-05 00:00:00-05:00,31.760000228881836,31.850000381469727,24.8700008392334,25.950000762939453,3549100,0.0,0.0
2026-02-06 00:00:00-05:00,26.360000610351562,28.360000610351562,25.280000686645508,28.170000076293945,2061000,0.0,0.0
2026-02-09 00:00:00-05:00,28.1299991607666,30.1299991607666,27.739999771118164,28.790000915527344,1079800,0.0,0.0
2026-02-10 00:00:00-05:00,28.639999389648438,32.36000061035156,28.06999969482422,31.8799991607666,3315600,0.0,0.0
2026-02-11 00:00:00-05:00,33.4900016784668,34.81999969482422,31.209999084472656,34.2599983215332,2737600,0.0,0.0
2026-02-12 00:00:00-05:00,34.9900016784668,35.5,31.809999465942383,31.950000762939453,1520000,0.0,0.0
2026-02-13 00:00:00-05:00,31.950000762939453,34.529998779296875,31.049999237060547,34.2599983215332,1435300,0.0,0.0
2026-02-17 00:00:00-05:00,33.63999938964844,36.81999969482422,32.619998931884766,36.65999984741211,1667200,0.0,0.0
2026-02-18 00:00:00-05:00,37.400001525878906,38.099998474121094,34.0,34.779998779296875,1764500,0.0,0.0
2026-02-19 00:00:00-05:00,34.529998779296875,35.060001373291016,33.0,33.779998779296875,986200,0.0,0.0
2026-02-20 00:00:00-05:00,33.16999816894531,35.529998779296875,32.5,34.040000915527344,1173300,0.0,0.0
2026-02-23 00:00:00-05:00,33.61000061035156,34.349998474121094,32.0099983215332,32.5099983215332,801700,0.0,0.0
2026-02-24 00:00:00-05:00,32.310001373291016,34.2400016784668,32.04999923706055,33.709999084472656,820600,0.0,0.0
2026-02-25 00:00:00-05:00,33.900001525878906,35.810001373291016,33.79999923706055,34.68000030517578,699300,0.0,0.0
2026-02-26 00:00:00-05:00,34.29999923706055,34.810001373291016,33.20000076293945,34.63999938964844,614600,0.0,0.0
2026-02-27 00:00:00-05:00,33.150001525878906,33.619998931884766,32.380001068115234,32.58000183105469,805100,0.0,0.0
2026-03-02 00:00:00-05:00,30.200000762939453,33.380001068115234,30.079999923706055,33.0099983215332,803700,0.0,0.0
2026-03-03 00:00:00-05:00,31.399999618530273,31.579999923706055,30.079999923706055,31.09000015258789,718800,0.0,0.0
2026-03-04 00:00:00-05:00,31.920000076293945,32.54999923706055,31.389999389648438,31.860000610351562,444000,0.0,0.0
2026-03-05 00:00:00-05:00,31.350000381469727,31.700000762939453,30.010000228881836,30.84000015258789,687800,0.0,0.0
2026-03-06 00:00:00-05:00,29.90999984741211,30.469999313354492,27.690000534057617,27.700000762939453,1531700,0.0,0.0
2026-03-09 00:00:00-04:00,27.09000015258789,29.110000610351562,26.459999084472656,29.040000915527344,1292100,0.0,0.0
2026-03-10 00:00:00-04:00,29.0,30.229999542236328,28.959999084472656,29.68000030517578,917500,0.0,0.0
2026-03-11 00:00:00-04:00,29.450000762939453,30.829999923706055,29.329999923706055,30.65999984741211,724000,0.0,0.0
2026-03-12 00:00:00-04:00,29.700000762939453,30.030000686645508,28.81999969482422,29.260000228881836,666600,0.0,0.0
2026-03-13 00:00:00-04:00,29.68000030517578,31.190000534057617,29.68000030517578,31.020000457763672,925400,0.0,0.0
2026-03-16 00:00:00-04:00,32.150001525878906,32.5,30.110000610351562,30.899999618530273,637200,0.0,0.0
2026-03-17 00:00:00-04:00,30.829999923706055,31.549999237060547,30.559999465942383,31.170000076293945,503700,0.0,0.0
2026-03-18 00:00:00-04:00,31.100000381469727,31.670000076293945,30.110000610351562,30.139999389648438,621300,0.0,0.0
2026-03-19 00:00:00-04:00,29.030000686645508,31.200000762939453,28.690000534057617,30.670000076293945,505000,0.0,0.0
2026-03-20 00:00:00-04:00,30.469999313354492,30.780000686645508,28.549999237060547,28.739999771118164,1246100,0.0,0.0
2026-03-23 00:00:00-04:00,29.530000686645508,30.950000762939453,28.81999969482422,30.799999237060547,1548000,0.0,0.0
2026-03-24 00:00:00-04:00,30.0,32.72999954223633,30.0,32.209999084472656,893300,0.0,0.0
2026-03-25 00:00:00-04:00,32.869998931884766,34.650001525878906,32.56999969482422,33.560001373291016,946800,0.0,0.0
2026-03-26 00:00:00-04:00,32.560001373291016,34.27000045776367,32.209999084472656,32.310001373291016,1573100,0.0,0.0
2026-03-27 00:00:00-04:00,31.639999389648438,34.040000915527344,31.639999389648438,33.720001220703125,1042000,0.0,0.0
2026-03-30 00:00:00-04:00,33.869998931884766,33.869998931884766,31.360000610351562,32.209999084472656,1978100,0.0,0.0
2026-03-31 00:00:00-04:00,32.599998474121094,34.279998779296875,32.18000030517578,33.849998474121094,1135600,0.0,0.0
2026-04-01 00:00:00-04:00,34.2599983215332,35.04999923706055,32.599998474121094,32.650001525878906,633700,0.0,0.0
2026-04-02 00:00:00-04:00,31.329999923706055,32.88999938964844,30.959999084472656,32.09000015258789,630500,0.0,0.0
2026-04-06 00:00:00-04:00,32.369998931884766,32.9900016784668,31.969999313354492,32.619998931884766,380900,0.0,0.0
2026-04-07 00:00:00-04:00,32.099998474121094,32.27000045776367,30.8700008392334,31.540000915527344,562600,0.0,0.0
2026-04-08 00:00:00-04:00,33.72999954223633,34.279998779296875,32.68000030517578,33.02000045776367,918500,0.0,0.0
2026-04-09 00:00:00-04:00,32.869998931884766,36.40999984741211,32.869998931884766,36.150001525878906,1408100,0.0,0.0
2026-04-10 00:00:00-04:00,36.5,39.25,36.349998474121094,37.709999084472656,1238000,0.0,0.0
2026-04-13 00:00:00-04:00,37.290000915527344,38.11000061035156,36.540000915527344,37.810001373291016,796900,0.0,0.0
2026-04-14 00:00:00-04:00,39.0,39.599998474121094,37.25,39.45000076293945,993900,0.0,0.0
2026-04-15 00:00:00-04:00,40.0,40.040000915527344,37.209999084472656,37.7400016784668,1294000,0.0,0.0
2026-04-16 00:00:00-04:00,37.86000061035156,38.59000015258789,36.88999938964844,37.970001220703125,917300,0.0,0.0
2026-04-17 00:00:00-04:00,39.0,40.75,38.130001068115234,39.720001220703125,1058400,0.0,0.0
2026-04-20 00:00:00-04:00,39.369998931884766,40.84000015258789,38.810001373291016,40.72999954223633,692300,0.0,0.0
2026-04-21 00:00:00-04:00,41.36000061035156,42.93000030517578,40.75,41.93000030517578,1587000,0.0,0.0
2026-04-22 00:00:00-04:00,43.400001525878906,48.22999954223633,43.400001525878906,48.150001525878906,2463700,0.0,0.0
2026-04-23 00:00:00-04:00,51.25,51.470001220703125,44.470001220703125,46.150001525878906,2644600,0.0,0.0
2026-04-24 00:00:00-04:00,48.13999938964844,50.779998779296875,45.5,49.47999954223633,2319300,0.0,0.0
2026-04-27 00:00:00-04:00,52.38999938964844,52.38999938964844,46.0099983215332,49.63999938964844,2525400,0.0,0.0
2026-04-28 00:00:00-04:00,47.90999984741211,49.4900016784668,45.56999969482422,47.5,1769600,0.0,0.0
2026-04-29 00:00:00-04:00,47.790000915527344,48.599998474121094,45.689998626708984,47.70000076293945,1293200,0.0,0.0
2026-04-30 00:00:00-04:00,49.22999954223633,53.650001525878906,48.0,53.540000915527344,1863800,0.0,0.0
2026-05-01 00:00:00-04:00,53.220001220703125,54.20000076293945,51.41999816894531,52.5099983215332,1310400,0.0,0.0
2026-05-04 00:00:00-04:00,52.5099983215332,53.0,48.529998779296875,50.29999923706055,1068800,0.0,0.0
2026-05-05 00:00:00-04:00,50.9900016784668,55.70000076293945,50.9900016784668,55.0099983215332,1400600,0.0,0.0
2026-05-06 00:00:00-04:00,55.59000015258789,57.18000030517578,53.709999084472656,57.06999969482422,1080300,0.0,0.0
2026-05-07 00:00:00-04:00,56.09000015258789,56.900001525878906,52.65999984741211,53.220001220703125,1201600,0.0,0.0
2026-05-08 00:00:00-04:00,54.369998931884766,55.68000030517578,53.470001220703125,55.189998626708984,859800,0.0,0.0
2026-05-11 00:00:00-04:00,55.099998474121094,60.18000030517578,54.810001373291016,58.720001220703125,1749700,0.0,0.0
2026-05-12 00:00:00-04:00,57.040000915527344,57.04999923706055,51.31999969482422,54.5099983215332,1314800,0.0,0.0
2026-05-13 00:00:00-04:00,55.810001373291016,56.25,53.0,55.72999954223633,977300,0.0,0.0
2026-05-14 00:00:00-04:00,55.72999954223633,55.779998779296875,52.58000183105469,54.70000076293945,1210700,0.0,0.0
2026-05-15 00:00:00-04:00,51.529998779296875,55.2400016784668,50.31999969482422,55.060001373291016,1059800,0.0,0.0
2026-05-18 00:00:00-04:00,54.86000061035156,55.11000061035156,48.52000045776367,50.150001525878906,1264200,0.0,0.0
2026-05-19 00:00:00-04:00,48.099998474121094,48.619998931884766,45.720001220703125,47.09000015258789,1168400,0.0,0.0
2026-05-20 00:00:00-04:00,48.459999084472656,50.099998474121094,47.220001220703125,49.220001220703125,933300,0.0,0.0
2026-05-21 00:00:00-04:00,48.63999938964844,50.65999984741211,48.38999938964844,49.41999816894531,659800,0.0,0.0
2026-05-22 00:00:00-04:00,50.279998779296875,52.47999954223633,48.86000061035156,51.84000015258789,745100,0.0,0.0
2026-05-26 00:00:00-04:00,54.0,54.400001525878906,51.279998779296875,53.119998931884766,1169500,0.0,0.0
2026-05-27 00:00:00-04:00,53.599998474121094,55.09000015258789,51.54999923706055,52.68000030517578,1942200,0.0,0.0
2026-05-28 00:00:00-04:00,50.0,51.369998931884766,45.459999084472656,51.33000183105469,3434100,0.0,0.0
2026-05-29 00:00:00-04:00,51.189998626708984,53.369998931884766,48.52000045776367,50.939998626708984,1335600,0.0,0.0
2026-06-01 00:00:00-04:00,49.470001220703125,51.9900016784668,48.77000045776367,51.150001525878906,1134000,0.0,0.0
2026-06-02 00:00:00-04:00,51.459999084472656,52.54999923706055,48.869998931884766,51.16999816894531,1281700,0.0,0.0
2026-06-03 00:00:00-04:00,51.0,51.29999923706055,46.2400016784668,46.66999816894531,1478500,0.0,0.0
2026-06-04 00:00:00-04:00,45.63999938964844,47.2400016784668,45.189998626708984,46.400001525878906,1263800,0.0,0.0
2026-06-05 00:00:00-04:00,45.34000015258789,45.95000076293945,41.20000076293945,42.34000015258789,1820800,0.0,0.0
2026-06-08 00:00:00-04:00,42.86000061035156,44.38999938964844,40.7599983215332,43.34000015258789,1583300,0.0,0.0
2026-06-09 00:00:00-04:00,43.65999984741211,44.7599983215332,38.91999816894531,40.529998779296875,1558700,0.0,0.0
2026-06-10 00:00:00-04:00,40.290000915527344,40.959999084472656,36.720001220703125,36.779998779296875,2420000,0.0,0.0
2026-06-11 00:00:00-04:00,37.439998626708984,39.540000915527344,36.709999084472656,39.5099983215332,1842900,0.0,0.0
2026-06-12 00:00:00-04:00,39.5099983215332,40.619998931884766,38.709999084472656,40.02000045776367,806200,0.0,0.0
2026-06-15 00:00:00-04:00,42.060001373291016,42.97999954223633,40.52000045776367,41.06999969482422,924200,0.0,0.0
2026-06-16 00:00:00-04:00,41.06999969482422,42.36000061035156,40.349998474121094,40.459999084472656,1115500,0.0,0.0
2026-06-17 00:00:00-04:00,40.56999969482422,42.18000030517578,40.06999969482422,40.130001068115234,799900,0.0,0.0
2026-06-18 00:00:00-04:00,41.4900016784668,43.4900016784668,40.439998626708984,43.400001525878906,1125000,0.0,0.0
2026-06-22 00:00:00-04:00,43.720001220703125,45.43000030517578,42.9900016784668,45.33000183105469,1035100,0.0,0.0
2026-06-23 00:00:00-04:00,42.040000915527344,44.11000061035156,41.599998474121094,41.630001068115234,767200,0.0,0.0
2026-06-24 00:00:00-04:00,42.130001068115234,42.2400016784668,39.599998474121094,40.849998474121094,848000,0.0,0.0
2026-06-25 00:00:00-04:00,41.93000030517578,42.84000015258789,40.06999969482422,40.279998779296875,961300,0.0,0.0
2026-06-26 00:00:00-04:00,38.959999084472656,41.189998626708984,38.02000045776367,39.72999954223633,2160400,0.0,0.0
2026-06-29 00:00:00-04:00,40.2400016784668,41.400001525878906,37.810001373291016,39.83000183105469,841600,0.0,0.0
2026-06-30 00:00:00-04:00,39.88999938964844,41.66999816894531,39.5099983215332,41.5099983215332,710100,0.0,0.0
2026-07-01 00:00:00-04:00,40.63999938964844,41.4900016784668,39.599998474121094,39.91999816894531,710300,0.0,0.0
2026-07-02 00:00:00-04:00,40.099998474121094,40.45000076293945,36.279998779296875,37.11000061035156,878900,0.0,0.0
2026-07-06 00:00:00-04:00,37.61000061035156,39.11000061035156,37.34000015258789,38.130001068115234,845900,0.0,0.0
2026-07-07 00:00:00-04:00,37.02000045776367,37.20000076293945,34.5,35.54999923706055,735900,0.0,0.0
2026-07-08 00:00:00-04:00,34.619998931884766,36.16999816894531,34.18000030517578,36.0,831100,0.0,0.0
2026-07-09 00:00:00-04:00,37.65999984741211,37.810001373291016,36.4900016784668,37.16999816894531,717200,0.0,0.0
2026-07-10 00:00:00-04:00,37.16999816894531,37.720001220703125,35.7599983215332,35.959999084472656,563100,0.0,0.0
2026-07-13 00:00:00-04:00,35.099998474121094,35.54999923706055,33.970001220703125,34.18000030517578,558300,0.0,0.0
2026-07-14 00:00:00-04:00,35.5,35.79999923706055,35.029998779296875,35.459999084472656,419500,0.0,0.0
2026-07-15 00:00:00-04:00,35.54999923706055,36.400001525878906,34.220001220703125,35.29999923706055,527500,0.0,0.0
2026-07-16 00:00:00-04:00,34.220001220703125,34.2400016784668,32.34000015258789,33.09000015258789,577100,0.0,0.0
2026-07-17 00:00:00-04:00,31.579999923706055,33.97999954223633,31.40999984741211,33.029998779296875,609100,0.0,0.0
2026-07-20 00:00:00-04:00,33.52000045776367,34.119998931884766,32.310001373291016,32.5099983215332,420900,0.0,0.0
2026-07-21 00:00:00-04:00,33.560001373291016,34.790000915527344,33.33000183105469,34.54999923706055,704700,0.0,0.0
2026-07-22 00:00:00-04:00,34.54999923706055,34.9900016784668,33.20000076293945,33.400001525878906,765900,0.0,0.0
2026-07-23 00:00:00-04:00,32.81999969482422,33.91999816894531,32.22999954223633,33.0,884800,0.0,0.0
2026-07-24 00:00:00-04:00,32.959999084472656,32.959999084472656,30.200000762939453,30.520000457763672,1120900,0.0,0.0
2026-07-27 00:00:00-04:00,31.0,31.280000686645508,29.190000534057617,30.530000686645508,1379100,0.0,0.0
2026-07-28 00:00:00-04:00,29.760000228881836,29.760000228881836,27.90999984741211,28.75,1080900,0.0,0.0
2026-07-29 00:00:00-04:00,28.350000381469727,28.780000686645508,26.34000015258789,26.639999389648438,1136600,0.0,0.0
2026-07-30 00:00:00-04:00,28.59000015258789,29.729999542236328,28.06999969482422,29.450000762939453,766400,0.0,0.0
2026-07-31 00:00:00-04:00,30.739999771118164,31.1299991607666,29.149999618530273,29.3700008392334,661300,0.0,0.0
2026-08-03 00:00:00-04:00,29.200000762939453,31.09000015258789,28.8700008392334,30.989999771118164,665800,0.0,0.0
2026-08-04 00:00:00-04:00,32.099998474121094,33.81999969482422,31.540000915527344,33.45000076293945,859700,0.0,0.0
2026-08-05 00:00:00-04:00,33.25,33.630001068115234,32.619998931884766,32.939998626708984,1056300,0.0,0.0
2026-08-06 00:00:00-04:00,29.639999389648438,33.93000030517578,28.5,32.900001525878906,1139100,0.0,0.0
2026-08-07 00:00:00-04:00,34.0,34.2400016784668,31.270000457763672,32.77000045776367,870100,0.0,0.0
2026-08-10 00:00:00-04:00,32.810001373291016,32.9900016784668,30.959999084472656,30.989999771118164,571800,0.0,0.0
2026-08-11 00:00:00-04:00,31.639999389648438,32.560001373291016,31.549999237060547,32.130001068115234,526400,0.0,0.0
2026-08-12 00:00:00-04:00,33.29999923706055,33.88999938964844,32.22999954223633,32.279998779296875,533200,0.0,0.0
2026-08-13 00:00:00-04:00,32.0099983215332,32.779998779296875,31.350000381469727,31.510000228881836,521100,0.0,0.0
2026-08-14 00:00:00-04:00,31.989999771118164,32.75,31.59000015258789,31.920000076293945,535000,0.0,0.0
2026-08-17 00:00:00-04:00,32.0099983215332,32.25,31.81999969482422,32.130001068115234,550300,0.0,0.0
2026-08-18 00:00:00-04:00,30.799999237060547,31.40999984741211,30.350000381469727,31.020000457763672,619300,0.0,0.0
2026-08-19 00:00:00-04:00,30.799999237060547,31.34000015258789,29.799999237060547,31.15999984741211,535400,0.0,0.0
2026-08-20 00:00:00-04:00,30.979999542236328,31.15999984741211,29.719999313354492,30.049999237060547,517100,0.0,0.0
2026-08-21 00:00:00-04:00,30.510000228881836,30.649999618530273,29.420000076293945,30.010000228881836,738500,0.0,0.0
2026-08-24 00:00:00-04:00,29.079999923706055,29.59000015258789,28.100000381469727,28.920000076293945,1119500,0.0,0.0
2026-08-25 00:00:00-04:00,29.829999923706055,29.950000762939453,29.360000610351562,29.649999618530273,441200,0.0,0.0
2026-08-26 00:00:00-04:00,29.760000228881836,30.190000534057617,28.90999984741211,29.489999771118164,586400,0.0,0.0
2026-08-27 00:00:00-04:00,30.479999542236328,30.489999771118164,29.299999237060547,29.84000015258789,541400,0.0,0.0
2026-08-28 00:00:00-04:00,29.829999923706055,29.93000030517578,28.299999237060547,28.489999771118164,665300,0.0,0.0
2026-08-31 00:00:00-04:00,28.3799991607666,28.809999465942383,28.100000381469727,28.709999084472656,755000,0.0,0.0
2026-09-01 00:00:00-04:00,28.100000381469727,28.690000534057617,27.510000228881836,28.559999465942383,808800,0.0,0.0
2026-09-02 00:00:00-04:00,28.56999969482422,28.989999771118164,28.030000686645508,28.489999771118164,596500,0.0,0.0
2026-09-03 00:00:00-04:00,28.600000381469727,29.229999542236328,28.270000457763672,29.010000228881836,445976,0.0,0.0
