Date,Open,High,Low,Close,Volume,Dividends,Stock Splits
2022-01-03 00:00:00-05:00,5.001540122132242,5.134914398193359,5.001540122132242,5.134914398193359,178800,0.0,0.0
2022-01-04 00:00:00-05:00,5.146030568684424,5.201602933648422,5.112686725720101,5.168259620666504,227300,0.0,0.0
2022-01-05 00:00:00-05:00,5.179372490213732,5.190487278209956,5.123800140179397,5.134914398193359,80850,0.0,0.0
2022-01-06 00:00:00-05:00,5.157144689770896,5.179373741149902,5.112686587012884,5.179373741149902,51500,0.0,0.0
2022-01-07 00:00:00-05:00,5.154241600816416,5.210387700344358,5.1317830539144405,5.187929153442383,63100,0.095238,0.0
2022-01-10 00:00:00-05:00,5.187929621507584,5.187929621507584,5.109324967985799,5.143012523651123,88950,0.0,0.0
2022-01-11 00:00:00-05:00,5.12055299170294,5.154241076355025,5.109323987121538,5.131782531738281,95700,0.0,0.0
2022-01-12 00:00:00-05:00,5.1430134485377135,5.187930554471778,5.109325886814234,5.176701545715332,100900,0.0,0.0
2022-01-13 00:00:00-05:00,5.187929147002271,5.1991586881663165,5.143012053254077,5.165470600128174,49350,0.0,0.0
2022-01-14 00:00:00-05:00,5.131782531738282,5.154241076355025,5.109323987121538,5.131782531738281,93250,0.0,0.0
2022-01-18 00:00:00-05:00,5.165471072579353,5.165471072579353,5.109324967985799,5.143012523651123,78400,0.0,0.0
2022-01-19 00:00:00-05:00,5.1654700809364265,5.18792862555317,5.109323987121538,5.131782531738281,44600,0.0,0.0
2022-01-20 00:00:00-05:00,5.098096817353549,5.176702027785183,5.098096817353549,5.109326362609863,127000,0.0,0.0
2022-01-21 00:00:00-05:00,5.154243472726743,5.165472482528869,5.098096817353549,5.109326362609863,179000,0.0,0.0
2022-01-24 00:00:00-05:00,5.098094462452577,5.098094462452577,4.974572198961205,5.019489288330078,325950,0.0,0.0
2022-01-25 00:00:00-05:00,5.0307202315515305,5.053178782500034,4.918427476809015,5.008261680603027,207700,0.0,0.0
2022-01-26 00:00:00-05:00,5.109324441864032,5.165470540676061,5.053177807598014,5.0644073486328125,121550,0.0,0.0
2022-01-27 00:00:00-05:00,5.120554444850053,5.143012995840243,5.0756373428696735,5.098095893859863,82500,0.0,0.0
2022-01-28 00:00:00-05:00,5.064407852546437,5.143012505795317,5.041948768242138,5.053178310394287,82550,0.0,0.0
2022-01-31 00:00:00-05:00,5.041948745829295,5.131783476285026,5.041948745829295,5.08686637878418,67100,0.0,0.0
2022-02-01 00:00:00-05:00,5.120554444850053,5.143012995840243,5.0756373428696735,5.098095893859863,152300,0.0,0.0
2022-02-02 00:00:00-05:00,5.109323987121538,5.131782531738282,5.086865442504795,5.131782531738281,231750,0.0,0.0
2022-02-03 00:00:00-05:00,5.053178791879485,5.1093254370820045,5.053178791879485,5.098095893859863,56850,0.0,0.0
2022-02-04 00:00:00-05:00,5.1093254370820045,5.1879300978206215,5.0756373428696735,5.098095893859863,106950,0.0,0.0
2022-02-07 00:00:00-05:00,5.098094447086196,5.176699620971768,5.098094447086196,5.131782531738281,105300,0.0,0.0
2022-02-08 00:00:00-05:00,5.1063876579038325,5.197167796358465,5.1063876579038325,5.163125514984131,146000,0.095238,0.0
2022-02-09 00:00:00-05:00,5.208514637385144,5.276599728849316,5.106386729642781,5.1517767906188965,275800,0.0,0.0
2022-02-10 00:00:00-05:00,5.185820519402478,5.185820519402478,5.106387628171032,5.140430450439453,112750,0.0,0.0
2022-02-11 00:00:00-05:00,5.117733465374695,5.14042849120618,5.072342872619628,5.072342872619629,88350,0.0,0.0
2022-02-14 00:00:00-05:00,5.049647885156454,5.140428530264261,5.049647885156454,5.095037937164307,107900,0.0,0.0
2022-02-15 00:00:00-05:00,5.14042849120618,5.14042849120618,5.072342872619628,5.072342872619629,91650,0.0,0.0
2022-02-16 00:00:00-05:00,5.0496478341027915,5.0950378856517355,5.0496478341027915,5.083690643310547,96650,0.0,0.0
2022-02-17 00:00:00-05:00,5.060997025175925,5.083692057262677,5.026954206499674,5.049649238586426,127800,0.0,0.0
2022-02-18 00:00:00-05:00,5.0496496372970645,5.060997424782563,5.0156073570251465,5.0156073570251465,138100,0.0,0.0
2022-02-22 00:00:00-05:00,5.004257678985596,5.049647729595145,4.98156265368082,5.004257678985596,211250,0.0,0.0
2022-02-23 00:00:00-05:00,5.004257547264952,5.015605330164689,4.936172473142744,4.9475202560424805,129250,0.0,0.0
2022-02-24 00:00:00-05:00,4.902131186529531,4.970216274261475,4.800003284385527,4.970216274261475,234800,0.0,0.0
2022-02-25 00:00:00-05:00,4.9815625225575495,5.004257547264952,4.913477448435341,4.9475202560424805,146150,0.0,0.0
2022-02-28 00:00:00-05:00,5.015606928617762,5.026954174041748,4.947521832797116,5.026954174041748,126400,0.0,0.0
2022-03-01 00:00:00-05:00,5.072342898388999,5.106385707855225,5.004257820548648,5.106385707855225,79250,0.0,0.0
2022-03-02 00:00:00-05:00,5.106387628171032,5.17447273161557,5.072344805902612,5.140430450439453,118800,0.0,0.0
2022-03-03 00:00:00-05:00,5.14042855600474,5.174470824635043,5.106385746282331,5.129080772399902,112800,0.0,0.0
2022-03-04 00:00:00-05:00,5.106385669085019,5.219860797957378,5.060995617536076,5.083690643310547,80400,0.0,0.0
2022-03-07 00:00:00-05:00,5.117735280025479,5.117735280025479,4.992912323146438,5.0156073570251465,121000,0.0,0.0
2022-03-08 00:00:00-05:00,5.047287591899373,5.070229785849527,4.955518816098756,5.024345397949219,217450,0.095238,0.0
2022-03-09 00:00:00-05:00,5.0587591286334135,5.0817013258182655,4.978461711978995,4.989932537078857,68850,0.0,0.0
2022-03-10 00:00:00-05:00,5.012873903981791,5.024345274166778,4.955518694011963,4.966989517211914,57650,0.0,0.0
2022-03-11 00:00:00-05:00,4.978460887396902,5.024345274166778,4.944047323826976,4.966989517211914,81400,0.0,0.0
2022-03-14 00:00:00-04:00,4.95551775708806,4.989930767166591,4.875219821929932,4.875219821929932,125600,0.0,0.0
2022-03-15 00:00:00-04:00,4.875221468076029,4.932577233553324,4.875221468076029,4.921105861663818,54050,0.0,0.0
2022-03-16 00:00:00-04:00,4.886692485053398,5.012874284762889,4.886692485053398,4.978461265563965,77100,0.0,0.0
2022-03-17 00:00:00-04:00,4.9325767195162635,5.035816320837353,4.9325767195162635,5.012874126434326,57100,0.0,0.0
2022-03-18 00:00:00-04:00,4.978461137220394,5.035816350068356,4.978461137220394,5.001403331756592,73700,0.0,0.0
2022-03-21 00:00:00-04:00,5.047288467937055,5.047288467937055,4.9325774782763565,4.955519676208496,86750,0.0,0.0
2022-03-22 00:00:00-04:00,4.955519596943194,5.0702305847690505,4.955519596943194,5.0587592124938965,105500,0.0,0.0
2022-03-23 00:00:00-04:00,5.081701410059067,5.081701410059067,5.001403992073537,5.0587592124938965,104400,0.0,0.0
2022-03-24 00:00:00-04:00,5.0702299779322475,5.081700801849364,5.012874217391447,5.081700801849365,500300,0.0,0.0
2022-03-25 00:00:00-04:00,5.081700801849364,5.10464299666867,5.0472877831129415,5.081700801849365,151950,0.0,0.0
2022-03-28 00:00:00-04:00,5.081700226922743,5.104642419146447,5.047287212079693,5.0931715965271,138200,0.0,0.0
2022-03-29 00:00:00-04:00,5.127585703289333,5.139057075336518,5.024346089790304,5.070230484008789,153800,0.0,0.0
2022-03-30 00:00:00-04:00,5.093172172751553,5.093172172751553,5.0472877831129415,5.081700801849365,67050,0.0,0.0
2022-03-31 00:00:00-04:00,5.161999095486324,5.196412663463013,5.093172506518052,5.184941291809082,723850,0.0,0.0
2022-04-01 00:00:00-04:00,5.1619995915273424,5.184941790054724,5.081701623188927,5.104643821716309,234600,0.0,0.0
2022-04-04 00:00:00-04:00,5.058759764539759,5.150528564814872,5.058759764539759,5.127586364746094,98100,0.0,0.0
2022-04-05 00:00:00-04:00,5.150526550969075,5.16199792001078,5.104642168772222,5.1390557289123535,69950,0.0,0.0
2022-04-06 00:00:00-04:00,5.139058249255465,5.150529076937814,5.104644672237919,5.116116046905518,110000,0.0,0.0
2022-04-07 00:00:00-04:00,5.0931738445555705,5.150529076937814,5.0931738445555705,5.116116046905518,90650,0.0,0.0
2022-04-08 00:00:00-04:00,5.112204074859619,5.158573230200809,5.089019497189025,5.112204074859619,38050,0.093254,0.0
2022-04-11 00:00:00-04:00,5.054242207239874,5.1006113561606545,5.007873058319092,5.007873058319092,91550,0.0,0.0
2022-04-12 00:00:00-04:00,5.0078741900723145,5.054243349472282,4.984689610372331,4.996281623840332,54750,0.0,0.0
2022-04-13 00:00:00-04:00,4.9962790082936985,5.054240703582764,4.961502433331213,5.054240703582764,267250,0.0,0.0
2022-04-14 00:00:00-04:00,5.054242207239874,5.054242207239874,4.984688483858702,5.007873058319092,67350,0.0,0.0
2022-04-18 00:00:00-04:00,5.0078734347525495,5.031058010955686,4.984688858549413,5.019465446472168,72150,0.0,0.0
2022-04-19 00:00:00-04:00,4.996280494706968,5.042649643627749,4.973095920246577,5.007873058319092,179200,0.0,0.0
2022-04-20 00:00:00-04:00,5.007873058319092,5.054242207239874,4.973095920246577,5.007873058319092,171850,0.0,0.0
2022-04-21 00:00:00-04:00,5.065836236990003,5.0890208206902106,5.007875054121523,5.042651653289795,157050,0.0,0.0
2022-04-22 00:00:00-04:00,5.0658361457821615,5.170167046936708,5.007874963957243,5.089020729064941,262700,0.0,0.0
2022-04-25 00:00:00-04:00,5.065835362940283,5.065835362940283,4.949912464440365,4.996281623840332,147200,0.0,0.0
2022-04-26 00:00:00-04:00,4.984689515476872,5.019466107982801,4.961504936218263,4.961504936218262,147400,0.0,0.0
2022-04-27 00:00:00-04:00,4.996280494706968,5.019465069167359,4.961503909398311,5.007873058319092,154750,0.0,0.0
2022-04-28 00:00:00-04:00,4.984689413307862,5.01946600510099,4.915135124193685,4.97309684753418,290450,0.0,0.0
2022-04-29 00:00:00-04:00,5.019465346077282,5.019465346077282,4.949911618859025,4.984688758850098,134950,0.0,0.0
2022-05-02 00:00:00-04:00,4.949913024902344,4.996282189552535,4.915135875032678,4.949913024902344,135000,0.0,0.0
2022-05-03 00:00:00-04:00,4.97309684753418,4.996281426317585,4.949912268750774,4.97309684753418,113200,0.0,0.0
2022-05-04 00:00:00-04:00,4.961504183110678,4.984688758850098,4.938319607371259,4.984688758850098,113850,0.0,0.0
2022-05-05 00:00:00-04:00,4.996281025694985,4.996281025694985,4.8919501531533625,4.926727294921875,112700,0.0,0.0
2022-05-06 00:00:00-04:00,4.891949753442638,4.926726892369586,4.822396028352615,4.88035774230957,133850,0.0,0.0
2022-05-09 00:00:00-04:00,4.845582201580933,4.903543934655167,4.776028453550285,4.787621021270752,125700,0.0,0.0
2022-05-10 00:00:00-04:00,4.822395975005016,4.868765124552074,4.741250239679595,4.764434814453125,69250,0.0,0.0
2022-05-11 00:00:00-04:00,4.764435946497491,4.810805107062002,4.752843379974365,4.752843379974365,80000,0.0,0.0
2022-05-12 00:00:00-04:00,4.764436032331064,4.764436032331064,4.660105142799345,4.706474304199219,119850,0.0,0.0
2022-05-13 00:00:00-04:00,4.6948825721583285,4.776028333098896,4.648513407973993,4.683290004730225,174300,0.0,0.0
2022-05-16 00:00:00-04:00,4.706474219409854,4.77602796025662,4.683289639127598,4.752843379974365,80750,0.0,0.0
2022-05-17 00:00:00-04:00,4.752843870873401,4.82239761890405,4.729659288196519,4.787621021270752,206950,0.0,0.0
2022-05-18 00:00:00-04:00,4.752843379974365,4.810805107062002,4.741251366215235,4.752843379974365,76900,0.0,0.0
2022-05-19 00:00:00-04:00,4.694882205650724,4.7876205267797465,4.694882205650724,4.752843379974365,50750,0.0,0.0
2022-05-20 00:00:00-04:00,4.7006788363721155,4.77602887491068,4.7006788363721155,4.7354559898376465,134500,0.0,0.5
2022-05-23 00:00:00-04:00,4.756805475898752,4.756805475898752,4.698511623617026,4.727658271789551,208900,0.046627,0.0
2022-05-24 00:00:00-04:00,4.698513250774855,4.727659909041256,4.669366036571583,4.692683696746826,104700,0.0,0.0
2022-05-25 00:00:00-04:00,4.692683001004968,4.721830210886845,4.686853447841235,4.698512554168701,126500,0.0,0.0
2022-05-26 00:00:00-04:00,4.675194737319664,4.838418328756072,4.675194737319664,4.745147705078125,161600,0.0,0.0
2022-05-27 00:00:00-04:00,4.7334893178667,4.832589509555743,4.7334893178667,4.8209309577941895,200900,0.0,0.0
2022-05-31 00:00:00-04:00,4.844247358069076,4.844247358069076,4.78012339426955,4.803441047668457,82200,0.0,0.0
2022-06-01 00:00:00-04:00,4.809272886823237,4.920031654149928,4.762637557850212,4.902543544769287,155800,0.0,0.0
2022-06-02 00:00:00-04:00,4.896712281083343,4.949177146855992,4.873394624732918,4.93751859664917,101700,0.0,0.0
2022-06-03 00:00:00-04:00,4.902543544769287,4.94334931863644,4.896713989663415,4.902543544769287,37000,0.0,0.0
2022-06-06 00:00:00-04:00,4.914202004708504,4.955007773176028,4.890884343307505,4.949178218841553,92900,0.0,0.0
2022-06-07 00:00:00-04:00,4.944033081143968,4.967604133176553,4.902783318603288,4.949925422668457,101200,0.09127,0.0
2022-06-08 00:00:00-04:00,4.932247488544602,4.967604349119556,4.920462243005107,4.938140392303467,74900,0.0,0.0
2022-06-09 00:00:00-04:00,4.91456937789917,4.93814043114178,4.896891228461772,4.91456937789917,32100,0.0,0.0
2022-06-10 00:00:00-04:00,4.890999361001932,4.920463324292823,4.855642492657194,4.867428302764893,49400,0.0,0.0
2022-06-13 00:00:00-04:00,4.843856649157002,4.843856649157002,4.73778661913848,4.743679523468018,119200,0.0,0.0
2022-06-14 00:00:00-04:00,4.7318923682470535,4.790820270816648,4.7318923682470535,4.7849273681640625,36200,0.0,0.0
2022-06-15 00:00:00-04:00,4.773143810864515,4.820285924781046,4.743679849172102,4.74957275390625,43900,0.0,0.0
2022-06-16 00:00:00-04:00,4.737785061084945,4.767249011064919,4.690642965908228,4.696535587310791,146400,0.0,0.0
2022-06-17 00:00:00-04:00,4.684750373024599,4.7201072277321146,4.684750373024599,4.714214324951172,52800,0.0,0.0
2022-06-21 00:00:00-04:00,4.696537428407168,4.70243033310887,4.6317171626234215,4.655288219451904,81800,0.0,0.0
2022-06-22 00:00:00-04:00,4.6317171626234215,4.696537428407168,4.6317171626234215,4.655288219451904,24800,0.0,0.0
2022-06-23 00:00:00-04:00,4.684751149730816,4.684751149730816,4.614037990570068,4.614037990570068,88500,0.0,0.0
2022-06-24 00:00:00-04:00,4.6435008707315095,4.696535587310791,4.6435008707315095,4.696535587310791,37600,0.0,0.0
2022-06-27 00:00:00-04:00,4.684751022619422,4.737786031045542,4.684751022619422,4.726000785827637,25700,0.0,0.0
2022-06-28 00:00:00-04:00,4.737786483852479,4.761357538519276,4.690644374518883,4.708322525024414,99300,0.0,0.0
2022-06-29 00:00:00-04:00,4.714214324951172,4.743678276877745,4.714214324951172,4.714214324951172,85300,0.0,0.0
2022-06-30 00:00:00-04:00,4.7613579778123425,4.7613579778123425,4.714215864129315,4.731894016265869,88700,0.0,0.0
2022-07-01 00:00:00-04:00,4.731893674176981,4.773143442151251,4.726001331876328,4.7672505378723145,58800,0.0,0.0
2022-07-05 00:00:00-04:00,4.767249911132022,4.7731428146362305,4.743678859093397,4.7731428146362305,63900,0.0,0.0
2022-07-06 00:00:00-04:00,4.773141713408049,4.779034053574606,4.7377848625183105,4.7377848625183105,89300,0.0,0.0
2022-07-07 00:00:00-04:00,4.749570666807584,4.767248811263413,4.7259996202071175,4.7377848625183105,51600,0.0,0.0
2022-07-08 00:00:00-04:00,4.755237148713016,4.773114105080043,4.713524439953009,4.7492780685424805,94900,0.089286,0.0
2022-07-11 00:00:00-04:00,4.779072761635079,4.790990352630615,4.737359772427915,4.790990352630615,85200,0.0,0.0
2022-07-12 00:00:00-04:00,4.790991259500697,4.814827014292672,4.77907366624932,4.796950340270996,18400,0.0,0.0
2022-07-13 00:00:00-04:00,4.779073284701281,4.79099087700119,4.767155124112196,4.773114204406738,21900,0.0,0.0
2022-07-14 00:00:00-04:00,4.7671555528677585,4.7790737145287565,4.719484042802219,4.7314019203186035,76600,0.0,0.0
2022-07-15 00:00:00-04:00,4.7314021102559165,4.773114825310085,4.719484232261101,4.743319988250732,34400,0.0,0.0
2022-07-18 00:00:00-04:00,4.779074334961296,4.779074334961296,4.743320413625856,4.761197090148926,62600,0.0,0.0
2022-07-19 00:00:00-04:00,4.7492780685424805,4.77907318525058,4.7492780685424805,4.7492780685424805,99600,0.0,0.0
2022-07-20 00:00:00-04:00,4.749278121333513,4.779073238372803,4.725442368675584,4.779073238372803,47500,0.0,0.0
2022-07-21 00:00:00-04:00,4.761196421803394,4.85653944092854,4.743319747789735,4.808867931365967,49500,0.0,0.0
2022-07-22 00:00:00-04:00,4.8327039232129065,4.868457841283335,4.8327039232129065,4.862498760223389,33100,0.0,0.0
2022-07-25 00:00:00-04:00,4.886334085489765,4.886334085489765,4.8327034972557765,4.844621658325195,88500,0.0,0.0
2022-07-26 00:00:00-04:00,4.8267445558015005,4.868456979256876,4.8267445558015005,4.838662147521973,36200,0.0,0.0
2022-07-27 00:00:00-04:00,4.868456229524583,4.9042095674692066,4.832702323290897,4.898251056671143,52600,0.0,0.0
2022-07-28 00:00:00-04:00,4.88633455756722,4.993595744397892,4.88633455756722,4.96380090713501,36400,0.0,0.0
2022-07-29 00:00:00-04:00,5.023391194633284,5.0531854672425185,4.975719676511322,5.0412678718566895,36400,0.0,0.0
2022-08-01 00:00:00-04:00,5.041266628302524,5.041266628302524,4.9816769612046885,5.005512714385986,205000,0.0,0.0
2022-08-02 00:00:00-04:00,5.011471794753606,5.029348467567284,4.987636041572308,5.005512714385986,109800,0.0,0.0
2022-08-03 00:00:00-04:00,4.999555431326985,5.05318546295166,4.999555431326985,5.05318546295166,71000,0.0,0.0
2022-08-04 00:00:00-04:00,5.05318546295166,5.065103626616692,5.04126786757595,5.05318546295166,54100,0.0,0.0
2022-08-05 00:00:00-04:00,5.035308785743434,5.065103626616692,5.01743210853521,5.05318546295166,41300,0.0,0.0
2022-08-08 00:00:00-04:00,5.088286266290451,5.106351027558531,5.0340914082178045,5.058177947998047,43300,0.088294,0.0
2022-08-09 00:00:00-04:00,5.02807003659807,5.0581777796198315,4.991939940996214,5.003983497619629,58300,0.0,0.0
2022-08-10 00:00:00-04:00,5.02807003659807,5.052156575576512,5.003983497619629,5.003983497619629,50600,0.0,0.0
2022-08-11 00:00:00-04:00,5.003984662161652,5.0340924121901764,4.961832778438378,5.022049427032471,88700,0.0,0.0
2022-08-12 00:00:00-04:00,5.003984465876214,5.034092214723738,5.003984465876214,5.016027450561523,47800,0.0,0.0
2022-08-15 00:00:00-04:00,5.028070319902556,5.094308162258316,5.016026762600552,5.0762434005737305,81100,0.0,0.0
2022-08-16 00:00:00-04:00,5.064199843271727,5.088286383607314,5.028070319902556,5.0762434005737305,50500,0.0,0.0
2022-08-17 00:00:00-04:00,5.046135971616404,5.064200736487224,5.0160276473193575,5.022049427032471,64500,0.0,0.0
2022-08-18 00:00:00-04:00,5.016028331737702,5.0521584406776805,5.016028331737702,5.040114879608154,44400,0.0,0.0
2022-08-19 00:00:00-04:00,5.05817895677411,5.05817895677411,5.022049427032471,5.022049427032471,51500,0.0,0.0
2022-08-22 00:00:00-04:00,5.016027306037534,5.016027306037534,4.967854220147282,4.973875999450684,101900,0.0,0.0
2022-08-23 00:00:00-04:00,4.979897252455299,5.022048554587403,4.979897252455299,5.010004997253418,75400,0.0,0.0
2022-08-24 00:00:00-04:00,5.052158636847684,5.058179843347645,5.016028526504812,5.046136856079102,43900,0.0,0.0
2022-08-25 00:00:00-04:00,5.034092761372515,5.082265853881836,5.01602799524866,5.082265853881836,40800,0.0,0.0
2022-08-26 00:00:00-04:00,5.064201820285093,5.082266589021983,5.034093489544515,5.052158832550049,55600,0.0,0.0
2022-08-29 00:00:00-04:00,5.04011331901644,5.118394718923958,5.04011331901644,5.088286399841309,339900,0.0,0.0
2022-08-30 00:00:00-04:00,5.106351687464978,5.16054655254136,5.076243939550082,5.130438804626465,360500,0.0,0.0
2022-08-31 00:00:00-04:00,5.19667667488392,5.19667667488392,5.064200401306152,5.064200401306152,304500,0.0,0.0
2022-09-01 00:00:00-04:00,5.094308044802613,5.148502902875259,5.046134965242129,5.058177947998047,169400,0.0,0.0
2022-09-02 00:00:00-04:00,5.082265362606017,5.136460230007411,5.064200598228387,5.0702223777771,170300,0.0,0.0
2022-09-06 00:00:00-04:00,5.142481809589902,5.142481809589902,5.052157416945528,5.064200401306152,275100,0.0,0.0
2022-09-07 00:00:00-04:00,5.07624395993526,5.094308723610438,5.052157416945528,5.064200401306152,184400,0.0,0.0
2022-09-08 00:00:00-04:00,5.082631355229153,5.106979265532647,5.021761289220432,5.046109199523926,150500,0.090278,0.0
2022-09-09 00:00:00-04:00,5.033935843625055,5.070457421072149,5.021761597476019,5.027848720550537,93400,0.0,0.0
2022-09-12 00:00:00-04:00,5.033935663101367,5.076544362094975,5.021761417388916,5.021761417388916,90600,0.0,0.0
2022-09-13 00:00:00-04:00,5.02176029188002,5.05219531883987,4.99132526492017,5.003499507904053,104600,0.0,0.0
2022-09-14 00:00:00-04:00,5.003500525404311,5.02176131309375,4.942630459106215,4.960891246795654,129900,0.0,0.0
2022-09-15 00:00:00-04:00,4.9608898863700235,5.003499153293934,4.887846175143081,4.893933296203613,77500,0.0,0.0
2022-09-16 00:00:00-04:00,4.869585632088354,4.887846415668729,4.808715869737234,4.851324558258057,156800,0.0,0.0
2022-09-19 00:00:00-04:00,4.820891724733073,4.863500430069074,4.8087177674584956,4.845239639282227,114500,0.0,0.0
2022-09-20 00:00:00-04:00,4.820889949798584,4.863498639447102,4.808715997006161,4.820889949798584,80300,0.0,0.0
2022-09-21 00:00:00-04:00,4.869586893467619,4.8878476817781245,4.8330650265966115,4.839151859283447,48900,0.0,0.0
2022-09-22 00:00:00-04:00,4.857412988828628,4.875674067580803,4.839151910076453,4.869586944580078,46700,0.0,0.0
2022-09-23 00:00:00-04:00,4.839153055362174,4.839153055362174,4.7356745521095185,4.7478485107421875,167300,0.0,0.0
2022-09-26 00:00:00-04:00,4.723499420825718,4.760021287656845,4.69306438667478,4.705238342285156,85400,0.0,0.0
2022-09-27 00:00:00-04:00,4.686976256307869,4.729585236910643,4.656541518948687,4.674802303314209,86200,0.0,0.0
2022-09-28 00:00:00-04:00,4.6869773579671135,4.802630083715653,4.674803402112004,4.772195339202881,85800,0.0,0.0
2022-09-29 00:00:00-04:00,4.753935472852133,4.753935472852133,4.674804594485497,4.729587554931641,112000,0.0,0.0
2022-09-30 00:00:00-04:00,4.711324839858323,4.814803600311279,4.693064052866611,4.814803600311279,179400,0.0,0.0
2022-10-03 00:00:00-04:00,4.778282422797136,4.912195944231889,4.711325516954751,4.863500118255615,131800,0.0,0.0
2022-10-04 00:00:00-04:00,4.918281917601543,4.9487169468453445,4.9061082542039625,4.930456161499023,75900,0.0,0.0
2022-10-05 00:00:00-04:00,4.887847655090128,4.948717723126116,4.887847655090128,4.924369812011719,87800,0.0,0.0
2022-10-06 00:00:00-04:00,4.9000215412747234,4.960891024343384,4.9000215412747234,4.912195205688477,44300,0.0,0.0
2022-10-07 00:00:00-04:00,4.922842947590257,4.935150336646566,4.873614565062243,4.892075061798096,36300,0.087302,0.0
2022-10-10 00:00:00-04:00,4.898228586314362,4.898228586314362,4.78131103515625,4.78131103515625,57800,0.0,0.0
2022-10-11 00:00:00-04:00,4.781310485054746,4.8059246726325,4.750542603870423,4.769003391265869,33600,0.0,0.0
2022-10-12 00:00:00-04:00,4.695160902891675,4.732082184843041,4.670546714924096,4.676700115203857,474500,0.0,0.0
2022-10-13 00:00:00-04:00,4.633625071879991,4.7197747230529785,4.621317978855279,4.7197747230529785,63300,0.0,0.0
2022-10-14 00:00:00-04:00,4.7136209912679865,4.769003056138253,4.67669971249589,4.689006805419922,55100,0.0,0.0
2022-10-17 00:00:00-04:00,4.719775310353732,4.7505429000319275,4.713621616363525,4.713621616363525,60600,0.0,0.0
2022-10-18 00:00:00-04:00,4.725928783416748,4.76900376173614,4.6951611932665696,4.725928783416748,75000,0.0,0.0
2022-10-19 00:00:00-04:00,4.732082147443253,4.738235547674382,4.689007172128299,4.695160865783691,93700,0.0,0.0
2022-10-20 00:00:00-04:00,4.676699528960673,4.713620806283809,4.664392436519628,4.6828532218933105,268900,0.0,0.0
2022-10-21 00:00:00-04:00,4.664392362005756,4.701313638739073,4.64593187035121,4.670546054840088,96500,0.0,0.0
2022-10-24 00:00:00-04:00,4.652085269761318,4.689006546494634,4.64593187035121,4.670546054840088,106500,0.0,0.0
2022-10-25 00:00:00-04:00,4.676700295172959,4.7505428619173085,4.670546894656401,4.732082366943359,186500,0.0,0.0
2022-10-26 00:00:00-04:00,4.71977552084148,4.799771785736084,4.707468425736487,4.799771785736084,83500,0.0,0.0
2022-10-27 00:00:00-04:00,4.818231105804443,4.824384798567293,4.7628490446356775,4.818231105804443,67600,0.0,0.0
2022-10-28 00:00:00-04:00,4.799769479412168,4.830537055678462,4.750540829222624,4.812076568603516,117500,0.0,0.0
2022-10-31 00:00:00-04:00,4.849000310786681,4.849000310786681,4.744389852561886,4.824386119842529,112900,0.0,0.0
2022-11-01 00:00:00-04:00,4.805924999211524,4.922842544862933,4.781310809961152,4.848999977111816,100400,0.0,0.0
2022-11-02 00:00:00-04:00,4.8489998693687175,4.855153269832444,4.79361779807381,4.805924892425537,118000,0.0,0.0
2022-11-03 00:00:00-04:00,4.762850761413574,4.787465247913088,4.7505436648759805,4.762850761413574,57900,0.0,0.0
2022-11-04 00:00:00-04:00,4.725926650839928,4.836690746986212,4.725926650839928,4.812076568603516,85900,0.0,0.0
2022-11-07 00:00:00-05:00,4.799771670122299,4.879767639665719,4.793617976005883,4.861307144165039,100500,0.0,0.0
2022-11-08 00:00:00-05:00,4.870835845612126,4.901939641741352,4.839732346110682,4.852173805236816,85800,0.085317,0.0
2022-11-09 00:00:00-05:00,4.827289397145125,4.845951431760797,4.765081824085706,4.771302700042725,56500,0.0,0.0
2022-11-10 00:00:00-05:00,4.8086264703776145,4.864613160546345,4.7775226876999515,4.79618501663208,145300,0.0,0.0
2022-11-11 00:00:00-05:00,4.802405969334369,4.920599937438965,4.796185390290799,4.920599937438965,170300,0.0,0.0
2022-11-14 00:00:00-05:00,4.933042290476716,4.9579252044376085,4.870835005574486,4.883276462554932,465700,0.0,0.0
2022-11-15 00:00:00-05:00,4.901937909910095,4.995248672075961,4.901937909910095,4.964145183563232,111100,0.0,0.0
2022-11-16 00:00:00-05:00,4.976586284187318,5.013910942351062,4.964144830341956,4.982807159423828,40700,0.0,0.0
2022-11-17 00:00:00-05:00,4.9454839838201865,4.976587776071733,4.920601068670048,4.933042526245117,36200,0.0,0.0
2022-11-18 00:00:00-05:00,4.939263104442578,4.976587474909068,4.933042227717631,4.945483684539795,52800,0.0,0.0
2022-11-21 00:00:00-05:00,4.933041631373575,4.951703962664639,4.914379596710205,4.914379596710205,48000,0.0,0.0
2022-11-22 00:00:00-05:00,4.926822001115448,5.001470747404409,4.926822001115448,4.970366954803467,59900,0.0,0.0
2022-11-23 00:00:00-05:00,4.964145075730126,5.045014381408691,4.964145075730126,5.045014381408691,84500,0.0,0.0
2022-11-25 00:00:00-05:00,5.0450142657377475,5.088559800292146,5.0450142657377475,5.057456016540527,38400,0.0,0.0
2022-11-28 00:00:00-05:00,5.063677726314686,5.119663834386372,5.051235973461803,5.094780921936035,161700,0.0,0.0
2022-11-29 00:00:00-05:00,5.076118282655718,5.082339158342858,5.020131587982178,5.020131587982178,88300,0.0,0.0
2022-11-30 00:00:00-05:00,5.007690908566932,5.119663715362549,4.989028872976899,5.119663715362549,98700,0.0,0.0
2022-12-01 00:00:00-05:00,5.107222439191901,5.163209137936341,5.063677492726405,5.132105350494385,104300,0.0,0.0
2022-12-02 00:00:00-05:00,5.107221661019251,5.125883693338784,5.094779910636022,5.101000785827637,59300,0.0,0.0
2022-12-05 00:00:00-05:00,5.101002218666995,5.144547763984655,5.038795229043232,5.088561058044434,82800,0.0,0.0
2022-12-06 00:00:00-05:00,5.076119432895894,5.101002348027521,4.976587772369385,4.976587772369385,142300,0.0,0.0
2022-12-07 00:00:00-05:00,4.9517049165451015,5.013912501746986,4.9517049165451015,4.970366954803467,69600,0.0,0.0
2022-12-08 00:00:00-05:00,4.95792549708864,5.001470747404409,4.95792549708864,4.970366954803467,72200,0.0,0.0
2022-12-09 00:00:00-05:00,4.980624536227021,5.012067692722515,4.949181079864502,4.949181079864502,88100,0.08631,0.0
2022-12-12 00:00:00-05:00,4.9680464701903055,4.98062379087972,4.9491803392226945,4.961757659912109,88000,0.0,0.0
2022-12-13 00:00:00-05:00,4.974334532540213,4.999489171653247,4.930314064025879,4.930314064025879,109700,0.0,0.0
2022-12-14 00:00:00-05:00,4.955469945968586,4.96804726867949,4.911449166546909,4.9240264892578125,93600,0.0,0.0
2022-12-15 00:00:00-05:00,4.886293957752405,4.936603242795535,4.861139315230839,4.867427825927734,97300,0.0,0.0
2022-12-16 00:00:00-05:00,4.842273073921654,4.873716526296166,4.798252600437721,4.804541110992432,262600,0.0,0.0
2022-12-19 00:00:00-05:00,4.810829791434293,4.8171183018191,4.71649973672637,4.735365867614746,430000,0.0,0.0
2022-12-20 00:00:00-05:00,4.703923628652667,4.766810248046342,4.703923628652667,4.722789764404297,266800,0.0,0.0
2022-12-21 00:00:00-05:00,4.779385594415808,4.791962913090576,4.735365128987586,4.7479424476623535,188900,0.0,0.0
2022-12-22 00:00:00-05:00,4.722788138320903,4.791963245903026,4.6913446895167,4.716499328613281,250800,0.0,0.0
2022-12-23 00:00:00-05:00,4.7227884020378985,4.741654232480313,4.703922271728516,4.703922271728516,196200,0.0,0.0
2022-12-27 00:00:00-05:00,4.703922009064991,4.722788138320903,4.6913446895167,4.716499328613281,167700,0.0,0.0
2022-12-28 00:00:00-05:00,4.710211064290724,4.7227886851623015,4.697633743286133,4.697633743286133,92300,0.0,0.0
2022-12-29 00:00:00-05:00,4.710210210633301,4.754230976104736,4.6976328919081665,4.754230976104736,183400,0.0,0.0
2022-12-30 00:00:00-05:00,4.760521356749151,4.810830648255731,4.747944033872506,4.785676002502441,141100,0.0,0.0
2023-01-03 00:00:00-05:00,4.798252708926927,4.88000544705551,4.798252708926927,4.867427825927734,142700,0.0,0.0
2023-01-04 00:00:00-05:00,4.8988717726402,4.955469873950235,4.829696348802048,4.942892551422119,248100,0.0,0.0
2023-01-05 00:00:00-05:00,4.880004573277615,4.924025039874875,4.873715763839756,4.917736530303955,51800,0.0,0.0
2023-01-06 00:00:00-05:00,4.898870615201111,4.961757212983695,4.898870615201111,4.930314064025879,96800,0.0,0.0
2023-01-09 00:00:00-05:00,4.95340418186044,5.016990824763939,4.95340418186044,4.991556167602539,88300,0.08631,0.0
2023-01-10 00:00:00-05:00,4.953402813912058,5.036065578460693,4.953402813912058,5.036065578460693,66400,0.0,0.0
2023-01-11 00:00:00-05:00,5.029706721105789,5.112369484944139,5.016989396146424,5.067858695983887,71200,0.0,0.0
2023-01-12 00:00:00-05:00,5.086934566497803,5.086934566497803,5.05514110417522,5.086934566497803,62500,0.0,0.0
2023-01-13 00:00:00-05:00,5.086934566497803,5.118728028820385,5.080575752751315,5.086934566497803,229600,0.0,0.0
2023-01-17 00:00:00-05:00,5.118728064593574,5.118728064593574,5.048782628918023,5.106010437011719,78000,0.0,0.0
2023-01-18 00:00:00-05:00,5.131445049903505,5.131445049903505,5.086934566497803,5.086934566497803,52700,0.0,0.0
2023-01-19 00:00:00-05:00,5.086934835025407,5.086934835025407,5.067858695983887,5.067858695983887,49200,0.0,0.0
2023-01-20 00:00:00-05:00,5.080577273904654,5.125088377047087,5.080577273904654,5.099653720855713,61800,0.0,0.0
2023-01-23 00:00:00-05:00,5.093293018791412,5.18867279258054,5.093293018791412,5.175955772399902,87700,0.0,0.0
2023-01-24 00:00:00-05:00,5.195033935546744,5.226827409870584,5.169599277369688,5.182316303253174,66200,0.0,0.0
2023-01-25 00:00:00-05:00,5.182315092541856,5.226826188760422,5.112369950498314,5.150522232055664,51800,0.0,0.0
2023-01-26 00:00:00-05:00,5.137804007252761,5.20774914118954,5.137804007252761,5.195032119750977,76400,0.0,0.0
2023-01-27 00:00:00-05:00,5.195031302229008,5.264976425158793,5.182313676381896,5.226824760437012,61600,0.0,0.0
2023-01-30 00:00:00-05:00,5.195032882072618,5.226826349949223,5.195032882072618,5.201391696929932,73300,0.0,0.0
2023-01-31 00:00:00-05:00,5.239543437957764,5.258619882765282,5.1759571078292765,5.239543437957764,105100,0.0,0.0
2023-02-01 00:00:00-05:00,5.2331836126017075,5.2967705368628355,5.21410777788731,5.2776947021484375,113400,0.0,0.0
2023-02-02 00:00:00-05:00,5.220468226208866,5.3349244831530696,5.220468226208866,5.2904133796691895,115800,0.0,0.0
2023-02-03 00:00:00-05:00,5.239542496881092,5.3476399057350585,5.239542496881092,5.3158464431762695,104400,0.0,0.0
2023-02-06 00:00:00-05:00,5.309488964507771,5.309488964507771,5.252260845329492,5.303130149841309,235200,0.0,0.0
2023-02-07 00:00:00-05:00,5.3094883666536505,5.347640037536621,5.277694903311258,5.347640037536621,103700,0.0,0.0
2023-02-08 00:00:00-05:00,5.333691085721948,5.352969315197303,5.282282065225089,5.288707733154297,147700,0.088294,0.0
2023-02-09 00:00:00-05:00,5.275858011770058,5.314415099842347,5.243727207183838,5.243727207183838,57100,0.0,0.0
2023-02-10 00:00:00-05:00,5.230873478597296,5.243725428365569,5.211594634679012,5.218020915985107,86100,0.0,0.0
2023-02-13 00:00:00-05:00,5.218022686083686,5.2501534906699066,5.218022686083686,5.243727207183838,40200,0.0,0.0
2023-02-14 00:00:00-05:00,5.243727207183838,5.2501534906699066,5.224448969569756,5.243727207183838,46700,0.0,0.0
2023-02-15 00:00:00-05:00,5.237300923697769,5.275858011770058,5.237300923697769,5.243727207183838,32500,0.0,0.0
2023-02-16 00:00:00-05:00,5.23087304472823,5.307986575473518,5.23087304472823,5.288707733154297,234200,0.0,0.0
2023-02-17 00:00:00-05:00,5.288708923335232,5.295135205554488,5.256578737926957,5.275856971740723,31000,0.0,0.0
2023-02-21 00:00:00-05:00,5.307986585200503,5.320838533926336,5.211594211959353,5.224446773529053,102300,0.0,0.0
2023-02-22 00:00:00-05:00,5.211594466735108,5.224447028933123,5.16661172472985,5.173038005828857,131800,0.0,0.0
2023-02-23 00:00:00-05:00,5.160186736777845,5.211595772765257,5.160186736777845,5.19874382019043,30900,0.0,0.0
2023-02-24 00:00:00-05:00,5.19874226323352,5.224446773529053,5.19231598244867,5.224446773529053,52900,0.0,0.0
2023-02-27 00:00:00-05:00,5.205170731955673,5.2501534906699066,5.205170731955673,5.243727207183838,44300,0.0,0.0
2023-02-28 00:00:00-05:00,5.243725829256073,5.25657839285086,5.2115950331130705,5.250152111053467,56400,0.0,0.0
2023-03-01 00:00:00-05:00,5.263003509080008,5.320838813494716,5.250151559678906,5.28228235244751,117600,0.0,0.0
2023-03-02 00:00:00-05:00,5.243726357382485,5.2887091088067875,5.211595558003401,5.2565789222717285,43800,0.0,0.0
2023-03-03 00:00:00-05:00,5.250151274203586,5.288707733154297,5.250151274203586,5.288707733154297,53500,0.0,0.0
2023-03-06 00:00:00-05:00,5.288708240105318,5.372248059631419,5.282282571560175,5.333691596984863,186700,0.0,0.0
2023-03-07 00:00:00-05:00,5.3208385241758,5.340117366495021,5.269429503678941,5.288707733154297,122300,0.0,0.0
2023-03-08 00:00:00-05:00,5.339568078563611,5.352559405832901,5.281105557126509,5.313584804534912,58100,0.088294,0.0
2023-03-09 00:00:00-05:00,5.333071373170365,5.333071373170365,5.1641798054207,5.209650993347168,132900,0.0,0.0
2023-03-10 00:00:00-05:00,5.177172275064991,5.209651832995116,5.073239176464912,5.112214088439941,107300,0.0,0.0
2023-03-13 00:00:00-04:00,5.0667429588116395,5.151188437320641,5.01477610544721,5.092726230621338,102900,0.0,0.0
2023-03-14 00:00:00-04:00,5.112214088439941,5.1966598859250395,5.112214088439941,5.112214088439941,81900,0.0,0.0
2023-03-15 00:00:00-04:00,5.099221346255766,5.242129325866699,5.034263173705343,5.242129325866699,459600,0.0,0.0
2023-03-16 00:00:00-04:00,5.216145410221252,5.229137352865775,5.151187245723439,5.20315408706665,113400,0.0,0.0
2023-03-17 00:00:00-04:00,5.118708378179436,5.138195672884086,4.975800104868837,5.00178337097168,132200,0.0,0.0
2023-03-20 00:00:00-04:00,5.131701402655197,5.287601351288379,5.118709766081185,5.190163612365723,488200,0.0,0.0
2023-03-21 00:00:00-04:00,5.190163612365723,5.26811343180979,5.131701402655197,5.190163612365723,155600,0.0,0.0
2023-03-22 00:00:00-04:00,5.183666453011635,5.2356332940557655,5.073237419128418,5.073237419128418,256200,0.0,0.0
2023-03-23 00:00:00-04:00,5.1511873526421486,5.196658223606897,5.105716791422367,5.125204086303711,113900,0.0,0.0
2023-03-24 00:00:00-04:00,5.099220801233692,5.170674938274397,5.099220801233692,5.131700038909912,51100,0.0,0.0
2023-03-27 00:00:00-04:00,5.112213507716293,5.216146594510057,5.112213507716293,5.1836676597595215,74000,0.0,0.0
2023-03-28 00:00:00-04:00,5.274609403739873,5.274609403739873,5.196659584313975,5.235634803771973,118100,0.0,0.0
2023-03-29 00:00:00-04:00,5.229137936373317,5.2811044737703945,5.177171089231245,5.216145992279053,99700,0.0,0.0
2023-03-30 00:00:00-04:00,5.261619266239338,5.300593875016977,5.242131342360281,5.294097900390625,73200,0.0,0.0
2023-03-31 00:00:00-04:00,5.300593875016977,5.346064458420969,5.268114621375453,5.294097900390625,171500,0.0,0.0
2023-04-03 00:00:00-04:00,5.326576232910156,5.38503875545696,5.248626409344462,5.326576232910156,243100,0.0,0.0
2023-04-04 00:00:00-04:00,5.391533807906054,5.391533807906054,5.281104755180422,5.3590545654296875,132300,0.0,0.0
2023-04-05 00:00:00-04:00,5.365551913155169,5.372047887213537,5.274610134808576,5.333072662353516,52400,0.0,0.0
2023-04-06 00:00:00-04:00,5.294095804981515,5.359054286553923,5.242129267519585,5.261617183685303,107900,0.0,0.0
2023-04-10 00:00:00-04:00,5.2591941393016235,5.357680667657443,5.2591941393016235,5.311720371246338,112100,0.08631,0.0
2023-04-11 00:00:00-04:00,5.292023302388687,5.397075768493122,5.292023302388687,5.318286418914795,95600,0.0,0.0
2023-04-12 00:00:00-04:00,5.311721076884309,5.370813252212757,5.311721076884309,5.344550132751465,60500,0.0,0.0
2023-04-13 00:00:00-04:00,5.351115698246707,5.377378818960767,5.318287266975774,5.331418514251709,49100,0.0,0.0
2023-04-14 00:00:00-04:00,5.3511165102789615,5.449603697523766,5.324853385579471,5.370814323425293,133800,0.0,0.0
2023-04-17 00:00:00-04:00,5.331418876588323,5.364247936252591,5.272326694425088,5.3051557540893555,105500,0.0,0.0
2023-04-18 00:00:00-04:00,5.32485304658949,5.351116169617021,5.292024612426758,5.292024612426758,67700,0.0,0.0
2023-04-19 00:00:00-04:00,5.272325384206764,5.311720371246338,5.252628203768015,5.311720371246338,82500,0.0,0.0
2023-04-20 00:00:00-04:00,5.285456532792547,5.3182855798110324,5.259193420410156,5.259193420410156,29200,0.0,0.0
2023-04-21 00:00:00-04:00,5.305155622705079,5.3839449882507315,5.272326563853835,5.383944988250732,139400,0.0,0.0
2023-04-24 00:00:00-04:00,5.351115929399489,5.403642173096591,5.285458437859219,5.383944988250732,100900,0.0,0.0
2023-04-25 00:00:00-04:00,5.383945229941998,5.383945229941998,5.292024612426758,5.292024612426758,59700,0.0,0.0
2023-04-26 00:00:00-04:00,5.305155639019158,5.318287513064924,5.265761269206296,5.278892517089844,73500,0.0,0.0
2023-04-27 00:00:00-04:00,5.252629614804338,5.31828773545429,5.252629614804338,5.292024612426758,72500,0.0,0.0
2023-04-28 00:00:00-04:00,5.311721208030873,5.32485245500465,5.24606309467546,5.285458087921143,128900,0.0,0.0
2023-05-01 00:00:00-04:00,5.292024612426758,5.31828773545429,5.272326800534426,5.292024612426758,100100,0.0,0.0
2023-05-02 00:00:00-04:00,5.2920233228393405,5.298588632374671,5.24606239911947,5.27232551574707,64500,0.0,0.0
2023-05-03 00:00:00-04:00,5.232931608410571,5.292024099112362,5.1935369276904675,5.2132344245910645,180900,0.0,0.0
2023-05-04 00:00:00-04:00,5.186971304110997,5.232931608410571,5.186971304110997,5.2132344245910645,41400,0.0,0.0
2023-05-05 00:00:00-04:00,5.298587661881356,5.298587661881356,5.20010114910724,5.252627372741699,122500,0.0,0.0
2023-05-08 00:00:00-04:00,5.237559400696072,5.337132838324904,5.22428296344791,5.290665149688721,93600,0.087302,0.0
2023-05-09 00:00:00-04:00,5.244200349349248,5.31058256814397,5.217647461831359,5.264114856719971,113700,0.0,0.0
2023-05-10 00:00:00-04:00,5.310581689756767,5.310581689756767,5.191093715689961,5.217646598815918,80400,0.0,0.0
2023-05-11 00:00:00-04:00,5.204370279471882,5.270752488845687,5.19773190026683,5.237561225891113,134000,0.0,0.0
2023-05-12 00:00:00-04:00,5.217646721346643,5.270752488845687,5.211008342141591,5.237561225891113,74400,0.0,0.0
2023-05-15 00:00:00-04:00,5.310581331616799,5.343772591553529,5.244199128278652,5.330495834350586,230900,0.0,0.0
2023-05-16 00:00:00-04:00,5.310580515431989,5.310580515431989,5.230921883668973,5.244198322296143,133100,0.0,0.0
2023-05-17 00:00:00-04:00,5.237559944714925,5.28402763817765,5.230921883668973,5.244198322296143,65400,0.0,0.0
2023-05-18 00:00:00-04:00,5.270752624479249,5.2840290666956555,5.230923297830027,5.250837802886963,97300,0.0,0.0
2023-05-19 00:00:00-04:00,5.230923163221404,5.317220193675023,5.230923163221404,5.237561225891113,170000,0.0,0.0
2023-05-22 00:00:00-04:00,5.264113915391068,5.2773903567759195,5.230922970196606,5.257475852966309,83800,0.0,0.0
2023-05-23 00:00:00-04:00,5.237561032621366,5.29066679816077,5.237561032621366,5.257475852966309,74200,0.0,0.0
2023-05-24 00:00:00-04:00,5.277390687319777,5.2906671295361845,5.1910939711808055,5.250837802886963,57700,0.0,0.0
2023-05-25 00:00:00-04:00,5.257476182262842,5.277390687319777,5.230923297830027,5.250837802886963,34900,0.0,0.0
2023-05-26 00:00:00-04:00,5.28402873573601,5.28402873573601,5.224284591236515,5.257475852966309,112800,0.0,0.0
2023-05-30 00:00:00-04:00,5.257475154630251,5.264113216173295,5.1645400772806065,5.197731018066406,94400,0.0,0.0
2023-05-31 00:00:00-04:00,5.211008342141591,5.250837667765874,5.171179016517307,5.237561225891113,119500,0.0,0.0
2023-06-01 00:00:00-04:00,5.2176454450418035,5.257474760923312,5.191092567787465,5.244198322296143,113600,0.0,0.0
2023-06-02 00:00:00-04:00,5.237561225891113,5.257476046970926,5.211008342141591,5.237561225891113,113900,0.0,0.0
2023-06-05 00:00:00-04:00,5.230923163221404,5.250837667765874,5.224284784016352,5.237561225891113,72300,0.0,0.0
2023-06-06 00:00:00-04:00,5.21100963424001,5.230924460257813,5.191095124757627,5.224286079406738,119700,0.0,0.0
2023-06-07 00:00:00-04:00,5.224284387946153,5.28402853012085,5.224284387946153,5.28402853012085,192800,0.0,0.0
2023-06-08 00:00:00-04:00,5.301016029686814,5.334566571668061,5.267465167740832,5.287595748901367,105300,0.085317,0.0
2023-06-09 00:00:00-04:00,5.267466355362323,5.267466355362323,5.23391580581665,5.23391580581665,78300,0.0,0.0
2023-06-12 00:00:00-04:00,5.240625787739862,5.240625787739862,5.227205503928633,5.23391580581665,65800,0.0,0.0
2023-06-13 00:00:00-04:00,5.25404632222948,5.280886891132544,5.22049577108306,5.227205753326416,63300,0.0,0.0
2023-06-14 00:00:00-04:00,5.2137850424300645,5.260756194150982,5.2137850424300645,5.247335910797119,128400,0.0,0.0
2023-06-15 00:00:00-04:00,5.23391580581665,5.254046071551093,5.227205503928633,5.23391580581665,88000,0.0,0.0
2023-06-16 00:00:00-04:00,5.233915278342116,5.247335560800849,5.213784694671631,5.213784694671631,82200,0.0,0.0
2023-06-20 00:00:00-04:00,5.260756624437656,5.267466606681012,5.2070754866315285,5.227205753326416,64000,0.0,0.0
2023-06-21 00:00:00-04:00,5.24733608962788,5.280886639173553,5.227205503928633,5.23391580581665,155600,0.0,0.0
2023-06-22 00:00:00-04:00,5.213784694671631,5.247335560800849,5.207074713424651,5.213784694671631,89800,0.0,0.0
2023-06-23 00:00:00-04:00,5.207076096864397,5.2607572409615795,5.180235204850948,5.193655490875244,201100,0.0,0.0
2023-06-26 00:00:00-04:00,5.220496382888693,5.233916668912989,5.1735252218212295,5.193655490875244,111400,0.0,0.0
2023-06-27 00:00:00-04:00,5.186945024087262,5.23391618077398,5.146684169769287,5.146684169769287,141300,0.0,0.0
2023-06-28 00:00:00-04:00,5.133263479834646,5.1936545965626,5.133263479834646,5.153393745422363,120300,0.0,0.0
2023-06-29 00:00:00-04:00,5.166813302005443,5.200364166549731,5.153393020180679,5.1601033210754395,130000,0.0,0.0
2023-06-30 00:00:00-04:00,5.166812896728516,5.207074059009541,5.1533926159564185,5.166812896728516,209100,0.0,0.0
2023-07-03 00:00:00-04:00,5.180233828542413,5.227204977130364,5.166813546083681,5.213784694671631,65500,0.0,0.0
2023-07-05 00:00:00-04:00,5.213785828743312,5.247336702170316,5.193655240694141,5.2003655433654785,98500,0.0,0.0
2023-07-06 00:00:00-04:00,5.207074834525,5.274176248379233,5.173523967615493,5.240625381469727,359200,0.0,0.0
2023-07-07 00:00:00-04:00,5.2204951172958465,5.26746594701142,5.2204951172958465,5.240625381469727,229200,0.0,0.0
2023-07-10 00:00:00-04:00,5.196076258455244,5.2774771783604555,5.196076258455244,5.250343322753906,112400,0.084325,0.0
2023-07-11 00:00:00-04:00,5.250342289631883,5.250342289631883,5.162158489227295,5.162158489227295,181300,0.0,0.0
2023-07-12 00:00:00-04:00,5.175726345997911,5.257126943624296,5.175726345997911,5.202859878540039,260200,0.0,0.0
2023-07-13 00:00:00-04:00,5.223208638666498,5.257125708101625,5.209641875583876,5.21642541885376,353200,0.0,0.0
2023-07-14 00:00:00-04:00,5.2435604581911175,5.291044304411622,5.2367769129636565,5.26391077041626,264600,0.0,0.0
2023-07-17 00:00:00-04:00,5.243559917072014,5.297826979462548,5.236776372544594,5.291043758392334,168100,0.0,0.0
2023-07-18 00:00:00-04:00,5.304610523989967,5.304610523989967,5.236776372544594,5.291043758392334,151200,0.0,0.0
2023-07-19 00:00:00-04:00,5.291043817583044,5.311393804478546,5.27747705183364,5.284260272979736,88400,0.0,0.0
2023-07-20 00:00:00-04:00,5.304609356327668,5.318176118938956,5.284259050682169,5.297825813293457,147100,0.0,0.0
2023-07-21 00:00:00-04:00,5.338526996668126,5.3588773057273995,5.311393466893885,5.324960231781006,95000,0.0,0.0
2023-07-24 00:00:00-04:00,5.311393344269582,5.3860107111546425,5.311393344269582,5.358877182006836,129200,0.0,0.0
2023-07-25 00:00:00-04:00,5.352093637991293,5.3860107111546425,5.345310417432932,5.358877182006836,99000,0.0,0.0
2023-07-26 00:00:00-04:00,5.3792290078319285,5.386012554168701,5.358879015736197,5.386012554168701,79500,0.0,0.0
2023-07-27 00:00:00-04:00,5.372443403108369,5.406360149383545,5.372443403108369,5.406360149383545,92400,0.0,0.0
2023-07-28 00:00:00-04:00,5.406360419274273,5.406360419274273,5.358876907427176,5.392793655395508,217700,0.0,0.0
2023-07-31 00:00:00-04:00,5.413144111633301,5.413144111633301,5.386010583130451,5.413144111633301,121900,0.0,0.0
2023-08-01 00:00:00-04:00,5.41992712020874,5.426710663797925,5.392793592766323,5.41992712020874,136600,0.0,0.0
2023-08-02 00:00:00-04:00,5.419927332030426,5.426710875884726,5.399577347381876,5.413144111633301,102700,0.0,0.0
2023-08-03 00:00:00-04:00,5.413144111633301,5.426710875884726,5.386010583130451,5.413144111633301,60200,0.0,0.0
2023-08-04 00:00:00-04:00,5.419927532353414,5.453844605964154,5.3995775469527185,5.447061061859131,113800,0.0,0.0
2023-08-07 00:00:00-04:00,5.447060647651157,5.453844191240342,5.41992712020874,5.41992712020874,120100,0.0,0.0
2023-08-08 00:00:00-04:00,5.422893047332764,5.436604521366314,5.416037473769652,5.422893047332764,81900,0.084325,0.0
2023-08-09 00:00:00-04:00,5.409181616507579,5.450316038936811,5.395470142364502,5.395470142364502,76400,0.0,0.0
2023-08-10 00:00:00-04:00,5.4160371657506206,5.436604212177601,5.361191272735596,5.361191272735596,115500,0.0,0.0
2023-08-11 00:00:00-04:00,5.361191293558476,5.374902766865488,5.333768346944453,5.347479820251465,201000,0.0,0.0
2023-08-14 00:00:00-04:00,5.333768346944453,5.354335393451315,5.3132009735302805,5.347479820251465,159200,0.0,0.0
2023-08-15 00:00:00-04:00,5.320057805605052,5.347480757023027,5.306346002988698,5.313201904296875,76500,0.0,0.0
2023-08-16 00:00:00-04:00,5.299490428587887,5.33376928131404,5.299490428587887,5.313201904296875,135100,0.0,0.0
2023-08-17 00:00:00-04:00,5.299489498138428,5.333768344846126,5.278922124732347,5.299489498138428,75000,0.0,0.0
2023-08-18 00:00:00-04:00,5.278923097960188,5.299490475158093,5.251500146301229,5.285778999328613,135000,0.0,0.0
2023-08-21 00:00:00-04:00,5.2994890606725145,5.2994890606725145,5.26521021679449,5.272066116333008,74200,0.0,0.0
2023-08-22 00:00:00-04:00,5.2583550553422125,5.278922101751449,5.2583550553422125,5.2652106285095215,118300,0.0,0.0
2023-08-23 00:00:00-04:00,5.2652106285095215,5.292633574993375,5.2652106285095215,5.2652106285095215,141800,0.0,0.0
2023-08-24 00:00:00-04:00,5.2789216889642425,5.292633161133996,5.26521021679449,5.272066116333008,91300,0.0,0.0
2023-08-25 00:00:00-04:00,5.313201944269751,5.3543363717061805,5.285778992645464,5.33376932144165,56700,0.0,0.0
2023-08-28 00:00:00-04:00,5.333769258059292,5.347480733708499,5.306345979853512,5.326913356781006,118200,0.0,0.0
2023-08-29 00:00:00-04:00,5.347480233064399,5.374903181795409,5.313201383696968,5.3406243324279785,574900,0.0,0.0
2023-08-30 00:00:00-04:00,5.347479820251465,5.374902766865488,5.347479820251465,5.347479820251465,123200,0.0,0.0
2023-08-31 00:00:00-04:00,5.3817582366098895,5.422892655740183,5.374902663541826,5.416037082672119,177200,0.0,0.0
2023-09-01 00:00:00-04:00,5.450316538476556,5.4640280138763355,5.416038013430787,5.429749488830566,102600,0.0,0.0
2023-09-05 00:00:00-04:00,5.450315519899009,5.4845943654459655,5.429748474096674,5.470882892608643,78000,0.0,0.0
2023-09-06 00:00:00-04:00,5.477738943466965,5.477738943466965,5.422893047332764,5.422893047332764,98800,0.0,0.0
2023-09-07 00:00:00-04:00,5.416037927335006,5.484595303244086,5.416037927335006,5.436604976654053,143300,0.0,0.0
2023-09-08 00:00:00-04:00,5.4118828773498535,5.474247831039716,5.4118828773498535,5.4118828773498535,82300,0.084325,0.0
2023-09-11 00:00:00-04:00,5.418813946421205,5.432672792098152,5.37030782134142,5.3980255126953125,89300,0.0,0.0
2023-09-12 00:00:00-04:00,5.418813567211439,5.418813567211439,5.3495190132550094,5.370307445526123,139900,0.0,0.0
2023-09-13 00:00:00-04:00,5.370306153636188,5.384164995009383,5.3010119467702115,5.328729629516602,175400,0.0,0.0
2023-09-14 00:00:00-04:00,5.328730632005348,5.377236751147359,5.307942200824227,5.314871788024902,225400,0.0,0.0
2023-09-15 00:00:00-04:00,5.3841657638549805,5.4118834505593885,5.3356596469118225,5.3841657638549805,245700,0.0,0.0
2023-09-18 00:00:00-04:00,5.384165193581215,5.41881246350244,5.363376765544309,5.4118828773498535,89600,0.0,0.0
2023-09-19 00:00:00-04:00,5.432672115805102,5.460389803708524,5.40495442790168,5.453460216522217,167600,0.0,0.0
2023-09-20 00:00:00-04:00,5.432671975345813,5.460389662532606,5.398024701151874,5.446530818939209,133700,0.0,0.0
2023-09-21 00:00:00-04:00,5.4326713053867595,5.4326713053867595,5.391094779733802,5.4118828773498535,61700,0.0,0.0
2023-09-22 00:00:00-04:00,5.384165006217329,5.432671116334906,5.384165006217329,5.418812274932861,89800,0.0,0.0
2023-09-25 00:00:00-04:00,5.418812274932861,5.453459213227551,5.411882689021418,5.418812274932861,145400,0.0,0.0
2023-09-26 00:00:00-04:00,5.411882677755773,5.418812263652791,5.328729629516602,5.328729629516602,190200,0.0,0.0
2023-09-27 00:00:00-04:00,5.321800325817733,5.328729912082206,5.287153385757949,5.2940826416015625,151600,0.0,0.0
2023-09-28 00:00:00-04:00,5.321800899308627,5.363377430113277,5.307942055707077,5.356448173522949,118100,0.0,0.0
2023-09-29 00:00:00-04:00,5.404955550687068,5.418814397517712,5.321802139282227,5.321802139282227,119900,0.0,0.0
2023-10-02 00:00:00-04:00,5.342589382446841,5.4118836011358535,5.224789045465069,5.252506732940674,170100,0.0,0.0
2023-10-03 00:00:00-04:00,5.238648464706097,5.245578052546713,5.1901423410845915,5.224789619445801,105100,0.0,0.0
2023-10-04 00:00:00-04:00,5.2940826416015625,5.3010122278660345,5.217859175217522,5.2940826416015625,153200,0.0,0.0
2023-10-05 00:00:00-04:00,5.252507259739588,5.280224949995132,5.204001467002851,5.238648414611816,134500,0.0,0.0
2023-10-06 00:00:00-04:00,5.199634692483422,5.30474866710994,5.199634692483422,5.283725738525391,107900,0.084325,0.0
2023-10-09 00:00:00-04:00,5.241679295087688,5.2977399826049805,5.241679295087688,5.2977399826049805,173300,0.0,0.0
2023-10-10 00:00:00-04:00,5.297740279823956,5.297740279823956,5.262702515233953,5.2907328605651855,119600,0.0,0.0
2023-10-11 00:00:00-04:00,5.276718318429284,5.297740912865719,5.2556953898447345,5.283725738525391,92200,0.0,0.0
2023-10-12 00:00:00-04:00,5.297739551271293,5.297739551271293,5.220655945137015,5.234671115875244,77100,0.0,0.0
2023-10-13 00:00:00-04:00,5.241678895297981,5.276716989397915,5.234671142818782,5.24868631362915,64100,0.0,0.0
2023-10-16 00:00:00-04:00,5.2416786318080275,5.276716724146659,5.1996331214904785,5.1996331214904785,152800,0.0,0.0
2023-10-17 00:00:00-04:00,5.213648689770759,5.213648689770759,5.150580252403794,5.157588005065918,138300,0.0,0.0
2023-10-18 00:00:00-04:00,5.1365646762324415,5.150579846303618,5.1015269181285055,5.108534336090088,223900,0.0,0.0
2023-10-19 00:00:00-04:00,5.059480099159304,5.150578854147605,5.059480099159304,5.094518184661865,169700,0.0,0.0
2023-10-20 00:00:00-04:00,5.059480990833643,5.094519082511258,5.059480990833643,5.066488742828369,168100,0.0,0.0
2023-10-23 00:00:00-04:00,5.031451623260119,5.1085352393551275,5.031451623260119,5.080504894256592,122700,0.0,0.0
2023-10-24 00:00:00-04:00,5.080503579075995,5.178609761524303,5.080503579075995,5.136564254760742,110200,0.0,0.0
2023-10-25 00:00:00-04:00,5.115541102792991,5.129556270164426,5.045464931787869,5.094518184661865,115600,0.0,0.0
2023-10-26 00:00:00-04:00,5.073496643860619,5.178610594756214,5.073496643860619,5.157588005065918,96600,0.0,0.0
2023-10-27 00:00:00-04:00,5.171603408814978,5.213648924234443,5.129557893395513,5.192625999450684,87900,0.0,0.0
2023-10-30 00:00:00-04:00,5.185618374068061,5.22766388781277,5.164595450121686,5.171603202819824,101200,0.0,0.0
2023-10-31 00:00:00-04:00,5.185619032121355,5.199634205148112,5.171603859094598,5.1786112785339355,107400,0.0,0.0
2023-11-01 00:00:00-04:00,5.171603704802267,5.2206566418584055,5.171603704802267,5.185618877410889,271300,0.0,0.0
2023-11-02 00:00:00-04:00,5.192625603660555,5.255694039056603,5.192625603660555,5.234671115875244,252400,0.0,0.0
2023-11-03 00:00:00-04:00,5.255693659883378,5.374822769637748,5.255693659883378,5.367815017700195,122900,0.0,0.0
2023-11-06 00:00:00-05:00,5.36080706492187,5.36080706492187,5.26270088662279,5.339784145355225,186200,0.0,0.0
2023-11-07 00:00:00-05:00,5.339784678245991,5.3888379393648504,5.311754338791786,5.367815017700195,112300,0.0,0.0
2023-11-08 00:00:00-05:00,5.399222041089685,5.399222041089685,5.349623103971493,5.377965450286865,77400,0.084325,0.0
2023-11-09 00:00:00-05:00,5.385051462672755,5.385051462672755,5.300024414336004,5.307109832763672,105200,0.0,0.0
2023-11-10 00:00:00-05:00,5.314194202423096,5.356707715498396,5.300023031397995,5.314194202423096,83600,0.0,0.0
2023-11-13 00:00:00-05:00,5.335453033447266,5.363795385619915,5.285853748211386,5.335453033447266,193000,0.0,0.0
2023-11-14 00:00:00-05:00,5.349623477544174,5.420479348280582,5.335452303396893,5.406308174133301,99800,0.0,0.0
2023-11-15 00:00:00-05:00,5.385050671132442,5.448821116945213,5.363794081106455,5.43464994430542,122200,0.0,0.0
2023-11-16 00:00:00-05:00,5.420479576889465,5.477164275869271,5.385051471093359,5.455907344818115,100800,0.0,0.0
2023-11-17 00:00:00-05:00,5.455906290868935,5.505505561828613,5.455906290868935,5.505505561828613,69900,0.0,0.0
2023-11-20 00:00:00-05:00,5.484249164862471,5.498420676106772,5.462992573730869,5.470077991485596,83700,0.0,0.0
2023-11-21 00:00:00-05:00,5.455907760341131,5.498421625681306,5.455907760341131,5.491335868835449,53600,0.0,0.0
2023-11-22 00:00:00-05:00,5.455906290868935,5.505505561828613,5.455906290868935,5.505505561828613,72700,0.0,0.0
2023-11-24 00:00:00-05:00,5.484248679884708,5.5267625341232165,5.484248679884708,5.512591361999512,62500,0.0,0.0
2023-11-27 00:00:00-05:00,5.462992045806343,5.51259131676602,5.434649701791495,5.505505561828613,98200,0.0,0.0
2023-11-28 00:00:00-05:00,5.448821400353993,5.526763022860525,5.448821400353993,5.470077991485596,128500,0.0,0.0
2023-11-29 00:00:00-05:00,5.4700785048878675,5.512592366876122,5.4700785048878675,5.4984211921691895,74400,0.0,0.0
2023-11-30 00:00:00-05:00,5.519677632278267,5.5763623295345734,5.4913352836501135,5.5409345626831055,97000,0.0,0.0
2023-12-01 00:00:00-05:00,5.533848661635746,5.569276765426638,5.519677487692876,5.562191009521484,135600,0.0,0.0
2023-12-04 00:00:00-05:00,5.562190626900899,5.562190626900899,5.5338482809648175,5.555105209350586,112800,0.0,0.0
2023-12-05 00:00:00-05:00,5.533848711945144,5.555105641986418,5.5055063638017385,5.548019886016846,65900,0.0,0.0
2023-12-06 00:00:00-05:00,5.555105736997182,5.5763623295345734,5.519677632278267,5.5409345626831055,161000,0.0,0.0
2023-12-07 00:00:00-05:00,5.57636170106768,5.590532873784637,5.533848182916807,5.583447456359863,100000,0.0,0.0
2023-12-08 00:00:00-05:00,5.557896746246092,5.615194594513022,5.557896746246092,5.600870132446289,104700,0.084325,0.0
2023-12-11 00:00:00-05:00,5.615194219962505,5.615194219962505,5.45762480621669,5.57938289642334,217200,0.0,0.0
2023-12-12 00:00:00-05:00,5.507761605545056,5.565059460545854,5.47195027540848,5.550734996795654,126700,0.0,0.0
2023-12-13 00:00:00-05:00,5.550733974200845,5.608031818645835,5.529247111772928,5.57938289642334,151300,0.0,0.0
2023-12-14 00:00:00-05:00,5.522084780494194,5.579382622122231,5.493435859680176,5.493435859680176,267900,0.0,0.0
2023-12-15 00:00:00-05:00,5.479111845226156,5.52208522994485,5.428976058959961,5.428976058959961,171000,0.0,0.0
2023-12-18 00:00:00-05:00,5.436138018052139,5.493435859680176,5.436138018052139,5.493435859680176,120500,0.0,0.0
2023-12-19 00:00:00-05:00,5.45762581165828,5.550734996795654,5.45762581165828,5.550734996795654,143000,0.0,0.0
2023-12-20 00:00:00-05:00,5.5507337013082125,5.579382622122231,5.479111399273167,5.493435859680176,153300,0.0,0.0
2023-12-21 00:00:00-05:00,5.536409784563642,5.572221109858791,5.514922921082132,5.565058708190918,112800,0.0,0.0
2023-12-22 00:00:00-05:00,5.5507337034183974,5.608031545068217,5.5507337034183974,5.593707084655762,112400,0.0,0.0
2023-12-26 00:00:00-05:00,5.622355396699763,5.658166714614337,5.608030937838341,5.651004314422607,261700,0.0,0.0
2023-12-27 00:00:00-05:00,5.658168349264844,5.686817275264391,5.651005947003888,5.665330410003662,189000,0.0,0.0
2023-12-28 00:00:00-05:00,5.714855194091797,5.729546324142864,5.685472583725494,5.714855194091797,170000,0.197421,0.0
2023-12-29 00:00:00-05:00,5.692819154035224,5.729547159650816,5.6634368896484375,5.6634368896484375,179800,0.0,0.0
2024-01-02 00:00:00-05:00,5.678126875304624,5.700163744277101,5.648744616850754,5.670781135559082,201700,0.0,0.0
2024-01-03 00:00:00-05:00,5.678126875304624,5.678126875304624,5.641398877105212,5.670781135559082,84600,0.0,0.0
2024-01-04 00:00:00-05:00,5.6340541817434495,5.714855577578457,5.6340541817434495,5.6854729652404785,96600,0.0,0.0
2024-01-05 00:00:00-05:00,5.663436854296378,5.7295471238860864,5.656091113113424,5.692819118499756,81200,0.0,0.0
2024-01-08 00:00:00-05:00,5.663436703081176,5.678127834790608,5.582635303547197,5.619363307952881,304100,0.0,0.0
2024-01-09 00:00:00-05:00,5.634053607756926,5.634053607756926,5.509178831533241,5.553252220153809,387200,0.0,0.0
2024-01-10 00:00:00-05:00,5.5385612804149424,5.553252410458583,5.472451020086477,5.545907020568848,349000,0.0,0.0
2024-01-11 00:00:00-05:00,5.479795932769775,5.5238693162454435,5.435722549294108,5.479795932769775,327300,0.0,0.0
2024-01-12 00:00:00-05:00,5.443068474637943,5.523869860773913,5.443068474637943,5.4724507331848145,360300,0.0,0.0
2024-01-16 00:00:00-05:00,5.443067964837669,5.4871413485300415,5.428376836940212,5.450413703918457,308300,0.0,0.0
2024-01-17 00:00:00-05:00,5.435722603037614,5.443067991890792,5.406340347096664,5.421031475067139,169800,0.0,0.0
2024-01-18 00:00:00-05:00,5.435724294656359,5.435724294656359,5.369614023083385,5.406342029571533,162500,0.0,0.0
2024-01-19 00:00:00-05:00,5.44306821706843,5.4577593456466715,5.406340570754893,5.435722827911377,136200,0.0,0.0
2024-01-22 00:00:00-05:00,5.44306821706843,5.5312153388020135,5.413685959911947,5.435722827911377,462900,0.0,0.0
2024-01-23 00:00:00-05:00,5.494486620170052,5.5752879918639895,5.479795493522435,5.501832008361816,339200,0.0,0.0
2024-01-24 00:00:00-05:00,5.582633433227113,5.58997917175293,5.5532511796520305,5.58997917175293,282300,0.0,0.0
2024-01-25 00:00:00-05:00,5.648743242432155,5.648743242432155,5.523868499254913,5.531214237213135,314500,0.0,0.0
2024-01-26 00:00:00-05:00,5.545905676121462,5.57528792908585,5.501831946410797,5.5091776847839355,200200,0.0,0.0
2024-01-29 00:00:00-05:00,5.523868873465286,5.531214611921138,5.472449755066583,5.501832008361816,247900,0.0,0.0
2024-01-30 00:00:00-05:00,5.5091776847839355,5.516523423157075,5.479795431819548,5.5091776847839355,135200,0.0,0.0
2024-01-31 00:00:00-05:00,5.516523423157075,5.531214549639269,5.494486558301742,5.5091776847839355,172200,0.0,0.0
2024-02-01 00:00:00-05:00,5.523870150371303,5.567943540502224,5.516524760481567,5.545907020568848,276300,0.0,0.0
2024-02-02 00:00:00-05:00,5.545906767203453,5.589980155320876,5.531215637830979,5.560597896575928,234100,0.0,0.0
2024-02-05 00:00:00-05:00,5.538561090613619,5.57528908959617,5.516524571435414,5.553252220153809,102700,0.0,0.0
2024-02-06 00:00:00-05:00,5.567943349693997,5.567943349693997,5.531215700975603,5.553252220153809,187800,0.0,0.0
2024-02-07 00:00:00-05:00,5.57528792908585,5.604670182050238,5.5091776847839355,5.5091776847839355,296700,0.0,0.0
2024-02-08 00:00:00-05:00,5.519821046273809,5.542108501632982,5.430671933331289,5.490104675292969,213700,0.084325,0.0
2024-02-09 00:00:00-05:00,5.475246160440357,5.497533614458833,5.445529791247099,5.452959060668945,200100,0.0,0.0
2024-02-12 00:00:00-05:00,5.482674423932438,5.482674423932438,5.363808614721158,5.400954246520996,500700,0.0,0.0
2024-02-13 00:00:00-05:00,5.400955704233858,5.400955704233858,5.341522960710876,5.363810062408447,226800,0.0,0.0
2024-02-14 00:00:00-05:00,5.356381534108644,5.3860979080200195,5.356381534108644,5.3860979080200195,212300,0.0,0.0
2024-02-15 00:00:00-05:00,5.371239124789886,5.423242950485281,5.356380939483643,5.356380939483643,303900,0.0,0.0
2024-02-16 00:00:00-05:00,5.356381026152758,5.356381026152758,5.326664655059443,5.3340935707092285,272200,0.0,0.0
2024-02-20 00:00:00-05:00,5.3340935707092285,5.363809941802543,5.311806469512785,5.3340935707092285,417700,0.0,0.0
2024-02-21 00:00:00-05:00,5.326664655059443,5.341522840606101,5.311806469512785,5.3340935707092285,252300,0.0,0.0
2024-02-22 00:00:00-05:00,5.34152364730835,5.3489525640800855,5.311807271727127,5.34152364730835,121700,0.0,0.0
2024-02-23 00:00:00-05:00,5.334093690646956,5.363810062408447,5.31923550476621,5.363810062408447,160000,0.0,0.0
2024-02-26 00:00:00-05:00,5.363808614721158,5.4083835145797625,5.319234069109553,5.400954246520996,252400,0.0,0.0
2024-02-27 00:00:00-05:00,5.400956094975707,5.423243552532798,5.378668637418616,5.3860979080200195,177600,0.0,0.0
2024-02-28 00:00:00-05:00,5.3860970767200245,5.423242715499678,5.3860970767200245,5.415813446044922,111100,0.0,0.0
2024-02-29 00:00:00-05:00,5.452959146262849,5.460388061554242,5.4158135070646765,5.430671691894531,70400,0.0,0.0
2024-03-01 00:00:00-05:00,5.445529460906982,5.482675097268736,5.438100546182857,5.445529460906982,213600,0.0,0.0
2024-03-04 00:00:00-05:00,5.51239278591757,5.534679889678955,5.4603889533957926,5.534679889678955,307000,0.0,0.0
2024-03-05 00:00:00-05:00,5.490104114149054,5.519820482092583,5.482675199286697,5.512391567230225,153000,0.0,0.0
2024-03-06 00:00:00-05:00,5.534678666064346,5.534678666064346,5.482675199286697,5.512391567230225,134200,0.0,0.0
2024-03-07 00:00:00-05:00,5.534679205503411,5.5718248461767566,5.4752464638237255,5.527250289916992,375800,0.0,0.0
2024-03-08 00:00:00-05:00,5.560557095832045,5.560557095832045,5.477900066768098,5.485414505004883,189900,0.084325,0.0
2024-03-11 00:00:00-04:00,5.485414854617482,5.560557450233853,5.485414854617482,5.530500411987305,123500,0.0,0.0
2024-03-12 00:00:00-04:00,5.515471897217742,5.553043015901505,5.492928939360956,5.507957458496094,168200,0.0,0.0
2024-03-13 00:00:00-04:00,5.492928584933531,5.507957103098963,5.47038598683945,5.485414505004883,212000,0.0,0.0
2024-03-14 00:00:00-04:00,5.5079581496684495,5.5079581496684495,5.447844065584417,5.455358505249023,186300,0.0,0.0
2024-03-15 00:00:00-04:00,5.470386115337047,5.470386115337047,5.410271682955113,5.417786121368408,101600,0.0,0.0
2024-03-18 00:00:00-04:00,5.432814904776216,5.492928981781006,5.417786385525019,5.492928981781006,227600,0.0,0.0
2024-03-19 00:00:00-04:00,5.447843158405304,5.462871676923751,5.395243164436665,5.417786121368408,193300,0.0,0.0
2024-03-20 00:00:00-04:00,5.410271641325211,5.432814598083496,5.395243122922403,5.432814598083496,124200,0.0,0.0
2024-03-21 00:00:00-04:00,5.432815080188176,5.432815080188176,5.3952436016930125,5.410272121429443,156400,0.0,0.0
2024-03-22 00:00:00-04:00,5.410271247316274,5.447842719741184,5.395242730007934,5.402757167816162,173300,0.0,0.0
2024-03-25 00:00:00-04:00,5.432813089550093,5.447841603779922,5.402756061090433,5.440327167510986,166100,0.0,0.0
2024-03-26 00:00:00-04:00,5.447844065584417,5.470387026270031,5.44032962591981,5.455358505249023,198100,0.0,0.0
2024-03-27 00:00:00-04:00,5.4478434195434104,5.515471935272217,5.4478434195434104,5.515471935272217,91100,0.0,0.0
2024-03-28 00:00:00-04:00,5.538014100467562,5.538014100467562,5.46287151016906,5.47790002822876,183700,0.0,0.0
2024-04-01 00:00:00-04:00,5.477900066768098,5.507957103098963,5.455357468674018,5.485414505004883,200600,0.0,0.0
2024-04-02 00:00:00-04:00,5.470386377555734,5.522986015737549,5.470386377555734,5.515471935272217,129900,0.0,0.0
2024-04-03 00:00:00-04:00,5.5154723310438225,5.545529371678269,5.507957891731117,5.52298641204834,149600,0.0,0.0
2024-04-04 00:00:00-04:00,5.530500976709978,5.553043578542647,5.500443935394287,5.500443935394287,167000,0.0,0.0
2024-04-05 00:00:00-04:00,5.538013853738982,5.590613843758575,5.530499774197964,5.568070888519287,237000,0.0,0.0
2024-04-08 00:00:00-04:00,5.594161702245756,5.594161702245756,5.487750758671026,5.518154144287109,194900,0.084325,0.0
2024-04-09 00:00:00-04:00,5.510553303238291,5.525754815094747,5.495351791381836,5.495351791381836,74100,0.0,0.0
2024-04-10 00:00:00-04:00,5.487750261442901,5.502951771657269,5.4497466671232795,5.4649481773376465,182900,0.0,0.0
2024-04-11 00:00:00-04:00,5.518153435114516,5.5257540087172705,5.472548543767674,5.487750053405762,90400,0.0,0.0
2024-04-12 00:00:00-04:00,5.502951712698075,5.502951712698075,5.442145672492088,5.449746608734131,66100,0.0,0.0
2024-04-15 00:00:00-04:00,5.434544742387375,5.46494776049711,5.335734752314453,5.358537197113037,331700,0.0,0.0
2024-04-16 00:00:00-04:00,5.358537374251422,5.419343412480972,5.335734928699052,5.404141902923584,162200,0.0,0.0
2024-04-17 00:00:00-04:00,5.404141546185644,5.434544563293457,5.3889400376317385,5.434544563293457,68600,0.0,0.0
2024-04-18 00:00:00-04:00,5.442145136354133,5.464947580401269,5.4117421192463215,5.434544563293457,76400,0.0,0.0
2024-04-19 00:00:00-04:00,5.411742652389094,5.487750202646579,5.411742652389094,5.449746608734131,51400,0.0,0.0
2024-04-22 00:00:00-04:00,5.434545459424823,5.434545459424823,5.396541500557104,5.419343948364258,155800,0.0,0.0
2024-04-23 00:00:00-04:00,5.442145136354133,5.464947580401269,5.41934305473955,5.434544563293457,67000,0.0,0.0
2024-04-24 00:00:00-04:00,5.449746223674097,5.449746223674097,5.419343205719275,5.426943778991699,77800,0.0,0.0
2024-04-25 00:00:00-04:00,5.426943778991699,5.449746223674097,5.404141696741863,5.426943778991699,112500,0.0,0.0
2024-04-26 00:00:00-04:00,5.426944522678234,5.472549055859928,5.419343948364258,5.419343948364258,75400,0.0,0.0
2024-04-29 00:00:00-04:00,5.419343205719275,5.434544714696686,5.411742270014288,5.426943778991699,133400,0.0,0.0
2024-04-30 00:00:00-04:00,5.426943627800227,5.457346644908039,5.41934305473955,5.434544563293457,122400,0.0,0.0
2024-05-01 00:00:00-04:00,5.47254845163931,5.525753915693211,5.457346942257134,5.510552406311035,213600,0.0,0.0
2024-05-02 00:00:00-04:00,5.510552049883054,5.548556002096646,5.480149033085199,5.540955066680908,108600,0.0,0.0
2024-05-03 00:00:00-04:00,5.548556268344682,5.5561568416925855,5.518153250087936,5.533354759216309,155000,0.0,0.0
2024-05-06 00:00:00-04:00,5.533353867466992,5.571357452947026,5.533353867466992,5.548555374145508,137200,0.0,0.0
2024-05-07 00:00:00-04:00,5.571359100131615,5.571359100131615,5.54855701458861,5.55615758895874,124200,0.0,0.0
2024-05-08 00:00:00-04:00,5.551793575286865,5.551793575286865,5.490277913879495,5.551793575286865,153500,0.084325,0.0
2024-05-09 00:00:00-04:00,5.52872613551015,5.551794328335766,5.52872613551015,5.544105052947998,104300,0.0,0.0
2024-05-10 00:00:00-04:00,5.54410413640462,5.559483051300049,5.536414495625779,5.559483051300049,78500,0.0,0.0
2024-05-13 00:00:00-04:00,5.559483088328557,5.597930559154332,5.5517934474985,5.574862003326416,79600,0.0,0.0
2024-05-14 00:00:00-04:00,5.5748614396170675,5.613308906555176,5.567171799564558,5.613308906555176,117800,0.0,0.0
2024-05-15 00:00:00-04:00,5.605620625439288,5.6286891845269675,5.582552433013916,5.582552433013916,106600,0.0,0.0
2024-05-16 00:00:00-04:00,5.582552433013916,5.605620625439288,5.5517942320095734,5.582552433013916,100100,0.0,0.0
2024-05-17 00:00:00-04:00,5.55179266082022,5.6133086787572095,5.544103387741974,5.567171573638916,49700,0.0,0.0
2024-05-20 00:00:00-04:00,5.559483434980029,5.6056201828503776,5.559483434980029,5.597930908203125,89400,0.0,0.0
2024-05-21 00:00:00-04:00,5.620999542610305,5.6286891845269675,5.582552433013916,5.582552433013916,114500,0.0,0.0
2024-05-22 00:00:00-04:00,5.574861614568012,5.613309082712683,5.53641414642334,5.53641414642334,73300,0.0,0.0
2024-05-23 00:00:00-04:00,5.574861853559786,5.574861853559786,5.497967280636238,5.513346195220947,100300,0.0,0.0
2024-05-24 00:00:00-04:00,5.567173149180591,5.5979313501849335,5.5210363976675385,5.582552433013916,93800,0.0,0.0
2024-05-28 00:00:00-04:00,5.5364141346931035,5.605619430541992,5.5364141346931035,5.605619430541992,84900,0.0,0.0
2024-05-29 00:00:00-04:00,5.6056190390167595,5.6056190390167595,5.544103387741974,5.567171573638916,57000,0.0,0.0
2024-05-30 00:00:00-04:00,5.567172709627281,5.6056201828503776,5.567172709627281,5.597930908203125,89100,0.0,0.0
2024-05-31 00:00:00-04:00,5.620998859405518,5.682514520612661,5.59793066978397,5.620998859405518,84100,0.0,0.0
2024-06-03 00:00:00-04:00,5.620999441637503,5.690204750995066,5.620999441637503,5.667136192321777,114100,0.0,0.0
2024-06-04 00:00:00-04:00,5.667135455568047,5.667135455568047,5.559483051300049,5.559483051300049,149200,0.0,0.0
2024-06-05 00:00:00-04:00,5.613308906555176,5.644066733440775,5.597929993112376,5.613308906555176,107600,0.0,0.0
2024-06-06 00:00:00-04:00,5.620998306091489,5.620998306091489,5.544103737151828,5.590240478515625,96000,0.0,0.0
2024-06-07 00:00:00-04:00,5.597930559154332,5.6286883891500485,5.544104173330699,5.574862003326416,71500,0.0,0.0
2024-06-10 00:00:00-04:00,5.544104061936173,5.582551531989444,5.5133462325584555,5.5287251472473145,236900,0.0,0.0
2024-06-11 00:00:00-04:00,5.563213373070341,5.570993898043813,5.5165291101888805,5.5243096351623535,78500,0.084325,0.0
2024-06-12 00:00:00-04:00,5.547652244567871,5.578775088129561,5.539871348170668,5.547652244567871,55400,0.0,0.0
2024-06-13 00:00:00-04:00,5.539871348170668,5.555432769951513,5.524309926389823,5.547652244567871,58700,0.0,0.0
2024-06-14 00:00:00-04:00,5.524308175658363,5.555431009356786,5.508746758809151,5.5165276527404785,61500,0.0,0.0
2024-06-17 00:00:00-04:00,5.508747893902122,5.516528789436725,5.485405949325353,5.4931864738464355,132200,0.0,0.0
2024-06-18 00:00:00-04:00,5.493186654197805,5.508748074764401,5.423160076141357,5.423160076141357,205400,0.0,0.0
2024-06-20 00:00:00-04:00,5.407599762966966,5.454284405240573,5.407599762966966,5.438722610473633,81700,0.0,0.0
2024-06-21 00:00:00-04:00,5.4698441796812425,5.4698441796812425,5.407598132423246,5.454282760620117,73800,0.0,0.0
2024-06-24 00:00:00-04:00,5.4231599155893,5.454283126814625,5.3686951307254045,5.407598495483398,203700,0.0,0.0
2024-06-25 00:00:00-04:00,5.3920386410354855,5.4309423881032775,5.337573840356931,5.368696689605713,163800,0.0,0.0
2024-06-26 00:00:00-04:00,5.345352969891342,5.376475811004639,5.345352969891342,5.376475811004639,105000,0.0,0.0
2024-06-27 00:00:00-04:00,5.368695577607733,5.469845002222384,5.368695577607733,5.399818420410156,177400,0.0,0.0
2024-06-28 00:00:00-04:00,5.454284848516885,5.477626800537109,5.40760020244916,5.477626800537109,90200,0.0,0.0
2024-07-01 00:00:00-04:00,5.446502213679378,5.602116414236238,5.446502213679378,5.4931864738464355,259000,0.0,0.0
2024-07-02 00:00:00-04:00,5.516529080747544,5.539871026556929,5.4465025012923105,5.469844818115234,88700,0.0,0.0
2024-07-03 00:00:00-04:00,5.477625530184014,5.555432637229387,5.477625530184014,5.5398712158203125,71600,0.0,0.0
2024-07-05 00:00:00-04:00,5.5320890695896905,5.5476504864389025,5.5009662358912665,5.5165276527404785,120900,0.0,0.0
2024-07-08 00:00:00-04:00,5.5087480545043945,5.563213211793935,5.500967529756477,5.5087480545043945,119600,0.0,0.0
2024-07-09 00:00:00-04:00,5.53577737807573,5.53577737807573,5.433408719300269,5.44915771484375,187500,0.084325,0.0
2024-07-10 00:00:00-04:00,5.4334091756098095,5.4964051630742725,5.4334091756098095,5.464907169342041,128500,0.0,0.0
2024-07-11 00:00:00-04:00,5.449157644131836,5.527902620827393,5.449157644131836,5.512153625488281,83900,0.0,0.0
2024-07-12 00:00:00-04:00,5.551526687290631,5.5908989906311035,5.535777690857302,5.5908989906311035,92800,0.0,0.0
2024-07-15 00:00:00-04:00,5.575149761821947,5.669643736483345,5.575149761821947,5.6302714347839355,279400,0.0,0.0
2024-07-16 00:00:00-04:00,5.653894668744509,5.732640022112426,5.630271363122672,5.693267345428467,258600,0.0,0.0
2024-07-17 00:00:00-04:00,5.661769058281949,5.732639722413731,5.63814537840947,5.701141357421875,228700,0.0,0.0
2024-07-18 00:00:00-04:00,5.685392659897406,5.7168910265359765,5.6775183498520185,5.693267345428467,135300,0.0,0.0
2024-07-19 00:00:00-04:00,5.701141390045026,5.795635734590006,5.606647420985703,5.7641377449035645,1521200,0.0,0.0
2024-07-22 00:00:00-04:00,5.740514332157813,5.764138013265323,5.653894668744509,5.693267345428467,102300,0.0,0.0
2024-07-23 00:00:00-04:00,5.748389254106326,5.748389254106326,5.646020590906396,5.653894901275635,75200,0.0,0.0
2024-07-24 00:00:00-04:00,5.63027189222577,5.693267880451594,5.63027189222577,5.646020889282227,66600,0.0,0.0
2024-07-25 00:00:00-04:00,5.630271068775746,5.701141357421875,5.630271068775746,5.701141357421875,146700,0.0,0.0
2024-07-26 00:00:00-04:00,5.732639739647739,5.732639739647739,5.685392379760742,5.685392379760742,96000,0.0,0.0
2024-07-29 00:00:00-04:00,5.693267047788151,5.709016042541252,5.669643367915673,5.701141357421875,109500,0.0,0.0
2024-07-30 00:00:00-04:00,5.724765796769196,5.748389479775706,5.701142113762686,5.709016799926758,164900,0.0,0.0
2024-07-31 00:00:00-04:00,5.756263076944751,5.78776106672534,5.724765087164161,5.748388767242432,147500,0.0,0.0
2024-08-01 00:00:00-04:00,5.748388981710384,5.787761282662243,5.724765300750732,5.724765300750732,120700,0.0,0.0
2024-08-02 00:00:00-04:00,5.716890777461842,5.779886757023021,5.685392412195596,5.748388767242432,179000,0.0,0.0
2024-08-05 00:00:00-04:00,5.70114137456119,5.724765054504688,5.677518070103345,5.685392379760742,186300,0.0,0.0
2024-08-06 00:00:00-04:00,5.701141602096536,5.779886954727194,5.6932672921248715,5.740514278411865,102200,0.0,0.0
2024-08-07 00:00:00-04:00,5.772012710571289,5.811385389896871,5.7405147173051025,5.772012710571289,146900,0.0,0.0
2024-08-08 00:00:00-04:00,5.779887617517519,5.866506914566966,5.779887617517519,5.827134609222412,217200,0.0,0.0
2024-08-09 00:00:00-04:00,5.822613591781998,5.822613591781998,5.774822006957244,5.80668306350708,94700,0.084325,0.0
2024-08-12 00:00:00-04:00,5.790752535232162,5.854474648331834,5.774822006957244,5.80668306350708,132200,0.0,0.0
2024-08-13 00:00:00-04:00,5.854474648331834,5.854474648331834,5.774822006957244,5.80668306350708,77100,0.0,0.0
2024-08-14 00:00:00-04:00,5.806683416970468,5.838544475459745,5.766856903951983,5.79075288772583,63900,0.0,0.0
2024-08-15 00:00:00-04:00,5.790752768653718,5.8305792808532715,5.758891710819583,5.8305792808532715,82100,0.0,0.0
2024-08-16 00:00:00-04:00,5.822613591781998,5.830579045826334,5.766856552912908,5.80668306350708,108500,0.0,0.0
2024-08-19 00:00:00-04:00,5.7748222529300435,5.862440352080976,5.7748222529300435,5.8385443687438965,193800,0.0,0.0
2024-08-20 00:00:00-04:00,5.8943016583245695,5.902266733229998,5.846510069450642,5.870405673980713,239900,0.0,0.0
2024-08-21 00:00:00-04:00,5.902267564940813,5.942094084521418,5.862441425174048,5.910233020782471,148500,0.0,0.0
2024-08-22 00:00:00-04:00,5.878371957043522,5.958024616390893,5.870406501201866,5.910233020782471,242200,0.0,0.0
2024-08-23 00:00:00-04:00,5.93412683967878,5.950057366745571,5.894300711918664,5.926161766052246,74300,0.0,0.0
2024-08-26 00:00:00-04:00,5.942093482090039,5.958024012344417,5.886336436292815,5.894301891326904,80100,0.0,0.0
2024-08-27 00:00:00-04:00,5.886336436292815,5.926162951835661,5.854475375784059,5.894301891326904,111200,0.0,0.0
2024-08-28 00:00:00-04:00,5.910232297428078,5.942093357267546,5.814649117909677,5.8226141929626465,103600,0.0,0.0
2024-08-29 00:00:00-04:00,5.862440830818149,5.902266966547193,5.814649240055014,5.894301891326904,103700,0.0,0.0
2024-08-30 00:00:00-04:00,5.918197496801572,5.918197496801572,5.862440830818149,5.894301891326904,76700,0.0,0.0
2024-09-03 00:00:00-04:00,5.894301891326904,5.9102324215812825,5.854475375784059,5.894301891326904,150600,0.0,0.0
2024-09-04 00:00:00-04:00,5.894302488912996,5.934128628679762,5.862441425174048,5.910233020782471,79600,0.0,0.0
2024-09-05 00:00:00-04:00,5.894301891326904,5.950058557310327,5.886336436292815,5.894301891326904,116600,0.0,0.0
2024-09-06 00:00:00-04:00,5.894301891326904,5.950058557310327,5.838544845529681,5.894301891326904,124800,0.0,0.0
2024-09-09 00:00:00-04:00,5.894302488912996,5.942094084521418,5.870406501201866,5.910233020782471,100300,0.0,0.0
2024-09-10 00:00:00-04:00,5.945944585632445,5.954001221215875,5.913717274939032,5.921773910522461,66700,0.084325,0.0
2024-09-11 00:00:00-04:00,5.921772790807906,5.978170765947328,5.91371615674786,5.962057113647461,77300,0.0,0.0
2024-09-12 00:00:00-04:00,5.937887766036896,5.994285753741484,5.921774110146994,5.945944786071777,139000,0.0,0.0
2024-09-13 00:00:00-04:00,5.978171994821197,5.978171994821197,5.921774008088596,5.929831027984619,121100,0.0,0.0
2024-09-16 00:00:00-04:00,5.962057113647461,5.962057113647461,5.921772790807906,5.962057113647461,53500,0.0,0.0
2024-09-17 00:00:00-04:00,5.970113747707507,6.002341052307242,5.921772790807906,5.962057113647461,54100,0.0,0.0
2024-09-18 00:00:00-04:00,5.9620584419616796,5.978172097851582,5.913717474291974,5.945944786071777,121500,0.0,0.0
2024-09-19 00:00:00-04:00,5.978170765947328,5.978170765947328,5.929829809047727,5.962057113647461,102100,0.0,0.0
2024-09-20 00:00:00-04:00,5.978170765947328,5.986227400007374,5.945943461347594,5.962057113647461,66400,0.0,0.0
2024-09-23 00:00:00-04:00,5.9862287385024,5.9862287385024,5.937887770793966,5.954001426696777,108100,0.0,0.0
2024-09-24 00:00:00-04:00,5.945944790835302,5.978172102640925,5.945944790835302,5.954001426696777,72000,0.0,0.0
2024-09-25 00:00:00-04:00,5.95400009540764,5.9942844182471955,5.945943461347594,5.962057113647461,103000,0.0,0.0
2024-09-26 00:00:00-04:00,5.9540010530551735,5.994285382374101,5.94594441769929,5.970114707946777,105100,0.0,0.0
2024-09-27 00:00:00-04:00,5.9942846360939335,6.026511941864886,5.978170983208458,6.002341270446777,143100,0.0,0.0
2024-09-30 00:00:00-04:00,6.018454331398921,6.115136623382568,6.002340680098271,6.115136623382568,350800,0.0,0.0
2024-10-01 00:00:00-04:00,6.099023188459419,6.107079822305696,5.945943303582498,6.010397911071777,288700,0.0,0.0
2024-10-02 00:00:00-04:00,6.018454544918055,6.042625214816417,5.9701135893010955,6.010397911071777,123400,0.0,0.0
2024-10-03 00:00:00-04:00,5.986228299296564,6.06679695707921,5.986228299296564,6.034569263458252,149800,0.0,0.0
2024-10-04 00:00:00-04:00,6.058739656441865,6.066796675518135,6.026512348496415,6.05068302154541,107600,0.0,0.0
2024-10-07 00:00:00-04:00,6.058740241565822,6.074853897094727,6.034569566182539,6.074853897094727,218100,0.0,0.0
2024-10-08 00:00:00-04:00,6.082910165431595,6.099023818969727,6.058739493034495,6.099023818969727,236500,0.0,0.0
2024-10-09 00:00:00-04:00,6.086253101495084,6.151434185779221,6.069957927550947,6.094400882720947,140000,0.084325,0.0
2024-10-10 00:00:00-04:00,6.086252863826011,6.094400644733703,5.9966296048868575,6.037367343902588,112000,0.0,0.0
2024-10-11 00:00:00-04:00,6.045514321686268,6.045514321686268,5.964038465970993,6.029219150543213,123400,0.0,0.0
2024-10-14 00:00:00-04:00,6.029219951502473,6.04551512481028,6.029219951502473,6.037367343902588,56100,0.0,0.0
2024-10-15 00:00:00-04:00,6.037368000520927,6.06181095739482,5.964039906914489,5.988482475280762,135700,0.0,0.0
2024-10-16 00:00:00-04:00,5.988481823979165,6.037367343902588,5.988481823979165,6.037367343902588,89700,0.0,0.0
2024-10-17 00:00:00-04:00,6.037367715221479,6.037367715221479,5.988482192291428,6.012925148010254,133900,0.0,0.0
2024-10-18 00:00:00-04:00,6.029219735278517,6.061810080725355,5.9966293898316785,6.053662300109863,176000,0.0,0.0
2024-10-21 00:00:00-04:00,6.053662559732031,6.078105514119221,6.02921999385242,6.069957733154297,169300,0.0,0.0
2024-10-22 00:00:00-04:00,6.069957472833282,6.086252645556701,6.053662300109863,6.053662300109863,75100,0.0,0.0
2024-10-23 00:00:00-04:00,6.053662300109863,6.069957472833282,6.021071954663025,6.053662300109863,96500,0.0,0.0
2024-10-24 00:00:00-04:00,6.05366149777859,6.078104447877916,6.004775986087449,6.045514106750488,102700,0.0,0.0
2024-10-25 00:00:00-04:00,6.004776199574867,6.0618094928293225,6.004776199574867,6.029219150543213,84900,0.0,0.0
2024-10-28 00:00:00-04:00,6.053662300109863,6.061810080725355,6.021071954663025,6.053662300109863,116000,0.0,0.0
2024-10-29 00:00:00-04:00,6.061810318837706,6.110695838928223,6.0373673645386585,6.110695838928223,53200,0.0,0.0
2024-10-30 00:00:00-04:00,6.110695838928223,6.126991012291728,6.0944006655647165,6.110695838928223,144600,0.0,0.0
2024-10-31 00:00:00-04:00,6.110695838928223,6.118843619863764,6.086252884629175,6.110695838928223,139000,0.0,0.0
2024-11-01 00:00:00-04:00,6.10254857391048,6.1677296613825785,6.10254857391048,6.14328670501709,202300,0.0,0.0
2024-11-04 00:00:00-05:00,6.1432859037117575,6.151433684273361,6.094400385864821,6.135138511657715,76500,0.0,0.0
2024-11-05 00:00:00-05:00,6.15143342245747,6.15143342245747,6.102547518183643,6.118843078613281,113800,0.0,0.0
2024-11-06 00:00:00-05:00,6.118843078613281,6.159580814164745,6.094400126476368,6.118843078613281,198600,0.0,0.0
2024-11-07 00:00:00-05:00,6.110695838928223,6.126991012291728,6.086252884629175,6.110695838928223,229900,0.0,0.0
2024-11-08 00:00:00-05:00,6.130739646443358,6.171940617672651,6.114259179366574,6.163700580596924,184900,0.084325,0.0
2024-11-11 00:00:00-05:00,6.138978964898612,6.204901218414307,6.138978964898612,6.204901218414307,177600,0.0,0.0
2024-11-12 00:00:00-05:00,6.188422157015707,6.221383094787598,6.163701257224103,6.221383094787598,146200,0.0,0.0
2024-11-13 00:00:00-05:00,6.229623341294292,6.229623341294292,6.188422364162979,6.2131428718566895,157000,0.0,0.0
2024-11-14 00:00:00-05:00,6.196662402419087,6.2131428718566895,6.180181932981485,6.2131428718566895,91600,0.0,0.0
2024-11-15 00:00:00-05:00,6.196662402419087,6.229623341294292,6.188422364162979,6.2131428718566895,141000,0.0,0.0
2024-11-18 00:00:00-05:00,6.2213832794935815,6.229623317718506,6.196662378968042,6.229623317718506,135200,0.0,0.0
2024-11-19 00:00:00-05:00,6.229623585981411,6.2625845261512545,6.229623585981411,6.237864017486572,101700,0.0,0.0
2024-11-20 00:00:00-05:00,6.262583754798211,6.262583754798211,6.237863249178316,6.246103286743164,60900,0.0,0.0
2024-11-21 00:00:00-05:00,6.237862566585282,6.262583069500076,6.22962213699681,6.254343032836914,78900,0.0,0.0
2024-11-22 00:00:00-05:00,6.221383499337407,6.270824909210205,6.221383499337407,6.270824909210205,343700,0.0,0.0
2024-11-25 00:00:00-05:00,6.262584162907734,6.2955451011657715,6.254344124805914,6.2955451011657715,118700,0.0,0.0
2024-11-26 00:00:00-05:00,6.287304971080138,6.369707315519677,6.279064540173498,6.361466884613037,147900,0.0,0.0
2024-11-27 00:00:00-05:00,6.344986636527077,6.419148945566155,6.344986636527077,6.402668476104736,148800,0.0,0.0
2024-11-29 00:00:00-05:00,6.4191481944884945,6.4603495597839355,6.402667726955386,6.4603495597839355,89100,0.0,0.0
2024-12-02 00:00:00-05:00,6.452110192977079,6.5262725055620034,6.44387015431509,6.518032073974609,263400,0.0,0.0
2024-12-03 00:00:00-05:00,6.542752040635596,6.542752040635596,6.41090829748537,6.501550674438477,267000,0.0,0.0
2024-12-04 00:00:00-05:00,6.509791351550019,6.534511857864848,6.47683041451334,6.526271820068359,228500,0.0,0.0
2024-12-05 00:00:00-05:00,6.509790833335616,6.567472272095371,6.262583432314196,6.559232234954834,220000,0.0,0.0
2024-12-06 00:00:00-05:00,6.518030870476153,6.592193169367645,6.518030870476153,6.559232234954834,189300,0.0,0.0
2024-12-09 00:00:00-05:00,6.567472660145939,6.625154495239258,6.559232622518525,6.625154495239258,618800,0.0,0.0
2024-12-10 00:00:00-05:00,6.620429223112614,6.628756997844126,6.587118918366877,6.603774070739746,181000,0.084325,0.0
2024-12-11 00:00:00-05:00,6.528825683795923,6.620428817692047,6.528825683795923,6.553808212280273,216800,0.0,0.0
2024-12-12 00:00:00-05:00,6.55380769629071,6.578790619898254,6.495514869689941,6.495514869689941,134100,0.0,0.0
2024-12-13 00:00:00-05:00,6.453877561025552,6.562136247673421,6.453877561025552,6.512170791625977,185600,0.0,0.0
2024-12-16 00:00:00-05:00,6.445548949202,6.545480245406058,6.445548949202,6.5204973220825195,126900,0.0,0.0
2024-12-17 00:00:00-05:00,6.51217060834064,6.55380828866321,6.470532530927935,6.528825759887695,205200,0.0,0.0
2024-12-18 00:00:00-05:00,6.553808322002308,6.562136096363266,6.370601654052734,6.370601654052734,193400,0.0,0.0
2024-12-19 00:00:00-05:00,6.412238603953516,6.487186976301704,6.412238603953516,6.437221527099609,243700,0.0,0.0
2024-12-20 00:00:00-05:00,6.33729062869542,6.470531826567672,6.278997406081263,6.437221527099609,149500,0.0,0.0
2024-12-23 00:00:00-05:00,6.437221527099609,6.453876676833641,6.3955834542194845,6.437221527099609,104200,0.0,0.0
2024-12-24 00:00:00-05:00,6.412238892485286,6.445549193452214,6.362273441034894,6.42889404296875,143200,0.0,0.0
2024-12-26 00:00:00-05:00,6.41223989158757,6.428895044666102,6.27899866695931,6.295653820037842,382200,0.0,0.0
2024-12-27 00:00:00-05:00,6.254015370088181,6.295653049140931,6.2373598219589335,6.278997898101807,165300,0.0,0.0
2024-12-30 00:00:00-05:00,6.245686876427461,6.370600693374025,6.212376578187054,6.345617771148682,303000,0.0,0.0
2024-12-31 00:00:00-05:00,6.387255842494229,6.420566140734636,6.303980096893212,6.345617771148682,705200,0.0,0.0
2025-01-02 00:00:00-05:00,6.378928060216694,6.503841876983643,6.378928060216694,6.503841876983643,210100,0.0,0.0
2025-01-03 00:00:00-05:00,6.503843156502535,6.645412150216995,6.470532851756798,6.603774070739746,257200,0.0,0.0
2025-01-06 00:00:00-05:00,6.65373815955591,6.65373815955591,6.570462414816739,6.578790187835693,171200,0.0,0.0
2025-01-07 00:00:00-05:00,6.57879095453147,6.628756407197972,6.553808029653158,6.570463180541992,200600,0.0,0.0
2025-01-08 00:00:00-05:00,6.595445694963039,6.595445694963039,6.478859645996749,6.5204973220825195,247800,0.0,0.0
2025-01-10 00:00:00-05:00,6.532556668972333,6.532556668972333,6.4062829454623795,6.45679235458374,164800,0.084325,0.0
2025-01-13 00:00:00-05:00,6.389447553562846,6.473629916298798,6.364192644035476,6.423120498657227,408400,0.0,0.0
2025-01-14 00:00:00-05:00,6.423120805627219,6.473630225682706,6.381029421541053,6.406284332275391,199300,0.0,0.0
2025-01-15 00:00:00-05:00,6.439957053468904,6.490466471755686,6.423120580706644,6.482048034667969,234800,0.0,0.0
2025-01-16 00:00:00-05:00,6.507301549988555,6.616738800197187,6.490465080834388,6.574647426605225,524500,0.0,0.0
2025-01-17 00:00:00-05:00,6.574648514559148,6.608321458439584,6.507302626798275,6.540975570678711,1655000,0.0,0.0
2025-01-21 00:00:00-05:00,6.540975693871547,6.599903547478737,6.540975693871547,6.549394130706787,110200,0.0,0.0
2025-01-22 00:00:00-05:00,6.549394130706787,6.557812166128865,6.498884312521675,6.549394130706787,138300,0.0,0.0
2025-01-23 00:00:00-05:00,6.566230479295616,6.566230479295616,6.431538302360715,6.540975570678711,190500,0.0,0.0
2025-01-24 00:00:00-05:00,6.566229347084734,6.566229347084734,6.498883069523184,6.5241379737854,163900,0.0,0.0
2025-01-27 00:00:00-05:00,6.524139221614231,6.574648638386181,6.473629804842281,6.549394130706787,242500,0.0,0.0
2025-01-28 00:00:00-05:00,6.56623017334498,6.61673958681217,6.549393702189249,6.557811737060547,266700,0.0,0.0
2025-01-29 00:00:00-05:00,6.574647506503863,6.59990241124857,6.515719663041611,6.532556533813477,171100,0.0,0.0
2025-01-30 00:00:00-05:00,6.566229861999064,6.633575743428697,6.524138485398986,6.616739273071289,172800,0.0,0.0
2025-01-31 00:00:00-05:00,6.67566723785518,6.700922146062201,6.633576259394343,6.6672492027282715,267900,0.0,0.0
2025-02-03 00:00:00-05:00,6.608321351187322,6.6925037095221445,6.5746484078533936,6.6672492027282715,320700,0.0,0.0
2025-02-04 00:00:00-05:00,6.69250354616033,6.69250354616033,6.574648247368388,6.608321189880371,332300,0.0,0.0
2025-02-05 00:00:00-05:00,6.6083210174781275,6.625157488294878,6.549393570326064,6.591484546661377,198500,0.0,0.0
2025-02-06 00:00:00-05:00,6.583066768561644,6.599903240034665,6.557811860645541,6.566230297088623,202200,0.0,0.0
2025-02-07 00:00:00-05:00,6.566229517160094,6.62515695960977,6.549393047686888,6.583065986633301,301400,0.0,0.0
2025-02-10 00:00:00-05:00,6.59990280271388,6.633575743428697,6.583066332356473,6.616739273071289,209400,0.0,0.0
2025-02-11 00:00:00-05:00,6.645948195561785,6.697005367696358,6.603400754999474,6.628929138183594,254800,0.084325,0.0
2025-02-12 00:00:00-05:00,6.620419979095459,6.645948362922443,6.603400921288688,6.620419979095459,132100,0.0,0.0
2025-02-13 00:00:00-05:00,6.611910033280026,6.671476936558704,6.611910033280026,6.662967205047607,98900,0.0,0.0
2025-02-14 00:00:00-05:00,6.662966848585137,6.714024017621209,6.654457523295614,6.688495635986328,103600,0.0,0.0
2025-02-18 00:00:00-05:00,6.722533702850342,6.722533702850342,6.697004915623178,6.722533702850342,176100,0.0,0.0
2025-02-19 00:00:00-05:00,6.69700470027557,6.722533486681835,6.688495375317677,6.705514430999756,61800,0.0,0.0
2025-02-20 00:00:00-05:00,6.697005223607767,6.722534012008959,6.662967109583727,6.6714768409729,90400,0.0,0.0
2025-02-21 00:00:00-05:00,6.705514430999756,6.722533486681835,6.671476319635598,6.705514430999756,136300,0.0,0.0
2025-02-24 00:00:00-05:00,6.739553760966884,6.782101204982091,6.722534702207528,6.748063087463379,216800,0.0,0.0
2025-02-25 00:00:00-05:00,6.748061867321806,6.765080923003885,6.69700470027557,6.705514430999756,149500,0.0,0.0
2025-02-26 00:00:00-05:00,6.722533702850342,6.7395527590796815,6.697004915623178,6.722533702850342,282700,0.0,0.0
2025-02-27 00:00:00-05:00,6.722534489385686,6.799120048495062,6.70551543116512,6.731043815612793,169300,0.0,0.0
2025-02-28 00:00:00-05:00,6.765081310353511,6.790610098221484,6.731043197040427,6.773591041564941,144200,0.0,0.0
2025-03-03 00:00:00-05:00,6.765081500450717,6.765081500450717,6.697005271911621,6.697005271911621,253500,0.0,0.0
2025-03-04 00:00:00-05:00,6.705514430999756,6.7140237559576486,6.645947533229333,6.705514430999756,193600,0.0,0.0
2025-03-05 00:00:00-05:00,6.722534012008959,6.722534012008959,6.645948052571708,6.6714768409729,115400,0.0,0.0
2025-03-06 00:00:00-05:00,6.671476625584876,6.6970050073955605,6.637438512659753,6.6544575691223145,135300,0.0,0.0
2025-03-07 00:00:00-05:00,6.6799861665957465,6.722534012008959,6.6714768409729,6.6714768409729,145400,0.0,0.0
2025-03-10 00:00:00-04:00,6.688496208682665,6.697005534700791,6.654458093077468,6.679986476898193,134400,0.0,0.0
2025-03-11 00:00:00-04:00,6.700910359067599,6.7181142204319,6.554677332384835,6.614891052246094,172600,0.084325,0.0
2025-03-12 00:00:00-04:00,6.614891694696334,6.657901147198038,6.511668516485306,6.56328010559082,170300,0.0,0.0
2025-03-13 00:00:00-04:00,6.537474155426025,6.606289608087491,6.494464702598836,6.537474155426025,148700,0.0,0.0
2025-03-14 00:00:00-04:00,6.537474463824791,6.657901511663381,6.537474463824791,6.589086055755615,70100,0.0,0.0
2025-03-17 00:00:00-04:00,6.606288916477738,6.649298774974696,6.571881193749136,6.614891052246094,69400,0.0,0.0
2025-03-18 00:00:00-04:00,6.64069669308881,6.649298828926962,6.580483382911391,6.597687244415283,104200,0.0,0.0
2025-03-19 00:00:00-04:00,6.571882553482963,6.640698013178205,6.563280826107305,6.6234941482543945,132900,0.0,0.0
2025-03-20 00:00:00-04:00,6.649299560466776,6.683707287260017,6.623493560285617,6.657901287078857,43700,0.0,0.0
2025-03-21 00:00:00-04:00,6.666503379567945,6.700911106132564,6.623493516275944,6.692309379577637,122900,0.0,0.0
2025-03-24 00:00:00-04:00,6.718114908200013,6.743920907974562,6.683707181948914,6.700911045074463,123900,0.0,0.0
2025-03-25 00:00:00-04:00,6.700910995655028,6.743920858237928,6.692309269241917,6.726716995239258,109100,0.0,0.0
2025-03-26 00:00:00-04:00,6.709512340007119,6.735317926371875,6.666502482502658,6.67510461807251,107300,0.0,0.0
2025-03-27 00:00:00-04:00,6.675105516295327,6.692309379577637,6.640697379558254,6.692309379577637,83200,0.0,0.0
2025-03-28 00:00:00-04:00,6.718114058588071,6.718114058588071,6.666502475738525,6.666502475738525,199400,0.0,0.0
2025-03-31 00:00:00-04:00,6.700910204437267,6.709512340007119,6.640696485965501,6.67510461807251,227000,0.0,0.0
2025-04-01 00:00:00-04:00,6.6665038495855535,6.709513715909938,6.6665038495855535,6.6837077140808105,184200,0.0,0.0
2025-04-02 00:00:00-04:00,6.692309851414681,6.709513715909938,6.6665038495855535,6.6837077140808105,70300,0.0,0.0
2025-04-03 00:00:00-04:00,6.623493471252858,6.632095607921767,6.511668565764202,6.537474155426025,340300,0.0,0.0
2025-04-04 00:00:00-04:00,6.468658626233822,6.5288723516864415,6.236406271162928,6.253610134124756,430700,0.0,0.0
2025-04-07 00:00:00-04:00,6.227803883535412,6.331027467317589,6.021357536315918,6.021357536315918,350100,0.0,0.0
2025-04-08 00:00:00-04:00,6.1245805516151215,6.32242516767272,6.029959516671537,6.081571102142334,292400,0.0,0.0
2025-04-09 00:00:00-04:00,6.033101626974698,6.485801887965422,6.015690094441351,6.407450199127197,274700,0.084325,0.0
2025-04-10 00:00:00-04:00,6.442273039629695,6.450978598031071,6.146276581756921,6.25074577331543,161500,0.0,0.0
2025-04-11 00:00:00-04:00,6.146277244235895,6.363921624336841,6.059219575220259,6.172394752502441,351500,0.0,0.0
2025-04-14 00:00:00-04:00,6.18110018559575,6.2594522936713695,6.172394626433849,6.207217693328857,132000,0.0,0.0
2025-04-15 00:00:00-04:00,6.172394730963206,6.337804509077555,6.172394730963206,6.268157958984375,111600,0.0,0.0
2025-04-16 00:00:00-04:00,6.311686342619726,6.3465094064725625,6.224628682987635,6.25074577331543,78600,0.0,0.0
2025-04-17 00:00:00-04:00,6.233334883345253,6.372627568225684,6.233334883345253,6.311686992645264,108000,0.0,0.0
2025-04-21 00:00:00-04:00,6.3465090439722704,6.363920574904176,6.207216796517029,6.259451389312744,122800,0.0,0.0
2025-04-22 00:00:00-04:00,6.268158413001938,6.398745133090258,6.268158413001938,6.3552165031433105,127900,0.0,0.0
2025-04-23 00:00:00-04:00,6.4161552169824825,6.485801341245056,6.355215065814553,6.4509782791137695,132400,0.0,0.0
2025-04-24 00:00:00-04:00,6.503213706914693,6.503213706914693,6.407450481325496,6.485802173614502,90500,0.0,0.0
2025-04-25 00:00:00-04:00,6.4858019976104115,6.503213530438108,6.424861840275318,6.468390464782715,106300,0.0,0.0
2025-04-28 00:00:00-04:00,6.450979224841589,6.511919800067187,6.390039064739698,6.494508266448975,89000,0.0,0.0
2025-04-29 00:00:00-04:00,6.485801919351937,6.642506128034081,6.485801919351937,6.598977088928223,201600,0.0,0.0
2025-04-30 00:00:00-04:00,6.590270988610255,6.703445733762457,6.564153484268271,6.686034202575684,217000,0.0,0.0
2025-05-01 00:00:00-04:00,6.703445683918147,6.703445683918147,6.477095780173148,6.538036346435547,223800,0.0,0.0
2025-05-02 00:00:00-04:00,6.546742907890819,6.6250950172203815,6.546742907890819,6.590271949768066,139300,0.0,0.0
2025-05-05 00:00:00-04:00,6.668622793254227,6.686034324759186,6.590271109043738,6.651211261749268,172800,0.0,0.0
2025-05-06 00:00:00-04:00,6.616388616122269,6.668623213932272,6.55544845957244,6.642506122589111,140800,0.0,0.0
2025-05-07 00:00:00-04:00,6.642505700916059,6.694740295410156,6.607682637919994,6.694740295410156,124400,0.0,0.0
2025-05-08 00:00:00-04:00,6.668622671388911,6.712151706917668,6.6599171133573485,6.686034202575684,144500,0.0,0.0
2025-05-09 00:00:00-04:00,6.74265649936622,6.804273617096162,6.681039801368552,6.733854293823242,48700,0.084325,0.0
2025-05-12 00:00:00-04:00,6.821877958063621,6.821877958063621,6.6898415265417475,6.8042731285095215,88800,0.0,0.0
2025-05-13 00:00:00-04:00,6.848285675048828,6.865890505278474,6.813075594857273,6.848285675048828,109700,0.0,0.0
2025-05-14 00:00:00-04:00,6.8658902452093455,6.8658902452093455,6.760260848100279,6.769063472747803,109800,0.0,0.0
2025-05-15 00:00:00-04:00,6.830681073189645,6.830681073189645,6.72505166854799,6.733854293823242,78200,0.0,0.0
2025-05-16 00:00:00-04:00,6.804273838021157,6.804273838021157,6.637027729951593,6.689842224121094,171400,0.0,0.0
2025-05-19 00:00:00-04:00,6.6546320847775435,6.716249200095466,6.6546320847775435,6.707446575164795,123900,0.0,0.0
2025-05-20 00:00:00-04:00,6.689841749544024,6.707446579684972,6.645829884057784,6.672236919403076,121200,0.0,0.0
2025-05-21 00:00:00-04:00,6.6986443813420395,6.6986443813420395,6.557805320337937,6.619422435760498,140100,0.0,0.0
2025-05-22 00:00:00-04:00,6.593014772484706,6.681039340232535,6.549002908343038,6.610620021820068,111200,0.0,0.0
2025-05-23 00:00:00-04:00,6.6546328332162705,6.663435459136963,6.610620962809727,6.663435459136963,61000,0.0,0.0
2025-05-27 00:00:00-04:00,6.681039546608737,6.707446581962998,6.628225056167956,6.654632091522217,141000,0.0,0.0
2025-05-28 00:00:00-04:00,6.672237392731261,6.707447055510928,6.645830355512655,6.689842224121094,163500,0.0,0.0
2025-05-29 00:00:00-04:00,6.689841059030349,6.760260372325582,6.672236230706541,6.751458168029785,138100,0.0,0.0
2025-05-30 00:00:00-04:00,6.795471201850717,6.795471201850717,6.707447045038976,6.742656707763672,119800,0.0,0.0
2025-06-02 00:00:00-04:00,6.786669466520107,6.804274299102906,6.733854968771708,6.777866840362549,229600,0.0,0.0
2025-06-03 00:00:00-04:00,6.7954714815102255,6.821878939506659,6.698645114898682,6.698645114898682,109300,0.0,0.0
2025-06-04 00:00:00-04:00,6.760262007779749,6.795471672945348,6.69864530360611,6.777866840362549,82500,0.0,0.0
2025-06-05 00:00:00-04:00,6.769063722237739,6.901100158691406,6.769063722237739,6.901100158691406,166200,0.0,0.0
2025-06-06 00:00:00-04:00,6.909902827312943,6.971519947052002,6.830681295913913,6.971519947052002,128500,0.0,0.0
2025-06-09 00:00:00-04:00,6.9715187283591735,6.980320932650445,6.8482849301558755,6.89229679107666,147700,0.0,0.0
2025-06-10 00:00:00-04:00,6.869452599779816,6.940638995431435,6.860554565512024,6.922842502593994,148600,0.084325,0.0
2025-06-11 00:00:00-04:00,6.9050447544067275,6.967332255862857,6.8872478405029405,6.896146297454834,131200,0.0,0.0
2025-06-12 00:00:00-04:00,6.896146180220417,6.967332137418279,6.887247723419797,6.958434104919434,70500,0.0,0.0
2025-06-13 00:00:00-04:00,6.958434607589982,6.994027588760116,6.93173965956148,6.976231098175049,94500,0.0,0.0
2025-06-16 00:00:00-04:00,6.976230370496467,7.01182334795396,6.967331913981215,6.985128402709961,72100,0.0,0.0
2025-06-17 00:00:00-04:00,7.0207218059422924,7.0207218059422924,6.940637813957087,6.949535846710205,146000,0.0,0.0
2025-06-18 00:00:00-04:00,7.029619836682705,7.029619836682705,6.958433881767722,6.985128402709961,58700,0.0,0.0
2025-06-20 00:00:00-04:00,6.958433909281515,7.047416353277082,6.940637420482402,7.002924919128418,502300,0.0,0.0
2025-06-23 00:00:00-04:00,7.002924891438706,7.056314357624943,6.967331913981215,6.985128402709961,96500,0.0,0.0
2025-06-24 00:00:00-04:00,7.029620197369842,7.056314719681766,6.994027218086088,7.047416687011719,88600,0.0,0.0
2025-06-25 00:00:00-04:00,7.020721912384033,7.056314892539705,6.985128932228362,7.020721912384033,67600,0.0,0.0
2025-06-26 00:00:00-04:00,7.020722042438791,7.109704494476318,7.020722042438791,7.109704494476318,140200,0.0,0.0
2025-06-27 00:00:00-04:00,7.091908055702009,7.216483489461529,7.0652135320473,7.145297527313232,194400,0.0,0.0
2025-06-30 00:00:00-04:00,7.2164828881235685,7.2164828881235685,7.109703953798841,7.171992301940918,262300,0.0,0.0
2025-07-01 00:00:00-04:00,7.180890136916993,7.234280030068138,7.1719925285614385,7.216483116149902,222600,0.0,0.0
2025-07-02 00:00:00-04:00,7.216482243963905,7.278770586545981,7.207584636683717,7.234279155731201,122600,0.0,0.0
2025-07-03 00:00:00-04:00,7.260974352612977,7.260974352612977,7.207585309533977,7.225381374359131,78700,0.0,0.0
2025-07-07 00:00:00-04:00,7.2520751953125,7.269872107021924,7.207584613245856,7.2520751953125,177800,0.0,0.0
2025-07-08 00:00:00-04:00,7.234279964661887,7.27877140045166,7.234279964661887,7.27877140045166,203000,0.0,0.0
2025-07-09 00:00:00-04:00,7.273668962857162,7.3006415367126465,7.246696389001677,7.3006415367126465,225700,0.084325,0.0
2025-07-10 00:00:00-04:00,7.264677246690158,7.309632104535642,7.255686103632542,7.29164981842041,192700,0.0,0.0
2025-07-11 00:00:00-04:00,7.264677246690158,7.318623247593258,7.264677246690158,7.29164981842041,165400,0.0,0.0
2025-07-14 00:00:00-04:00,7.282659710998645,7.29164999683364,7.165776991996221,7.2466959953308105,255000,0.0,0.0
2025-07-15 00:00:00-04:00,7.228713235649573,7.282659234341816,7.228713235649573,7.255685806274414,181900,0.0,0.0
2025-07-16 00:00:00-04:00,7.291649239592641,7.291649239592641,7.237704100414425,7.273667812347412,106000,0.0,0.0
2025-07-17 00:00:00-04:00,7.273669447369548,7.399542038708186,7.273669447369548,7.354588031768799,370900,0.0,0.0
2025-07-18 00:00:00-04:00,7.399541294921816,7.444496154785156,7.30963243263777,7.444496154785156,1594700,0.0,0.0
2025-07-21 00:00:00-04:00,7.408533308021503,7.543397903442383,7.399542163504898,7.543397903442383,394200,0.0,0.0
2025-07-22 00:00:00-04:00,7.543397231125581,7.57036980482869,7.516423799979812,7.525414943695068,189100,0.0,0.0
2025-07-23 00:00:00-04:00,7.49844351243514,7.561379813145426,7.480461222264893,7.552388668060303,355500,0.0,0.0
2025-07-24 00:00:00-04:00,7.56137867593883,7.597342393427709,7.534406102182835,7.588351249694824,72900,0.0,0.0
2025-07-25 00:00:00-04:00,7.606333537160594,7.606333537160594,7.56137867593883,7.588351249694824,107400,0.0,0.0
2025-07-28 00:00:00-04:00,7.606333537160594,7.615324680893479,7.552387532205945,7.588351249694824,135500,0.0,0.0
2025-07-29 00:00:00-04:00,7.588350871028527,7.61532430088118,7.5703694419027086,7.597342014312744,289800,0.0,0.0
2025-07-30 00:00:00-04:00,7.624315163090122,7.633306307054034,7.588351444677157,7.6063337326049805,438200,0.0,0.0
2025-07-31 00:00:00-04:00,7.57936076600133,7.633305912108326,7.534405905950408,7.561378479003906,288600,0.0,0.0
2025-08-01 00:00:00-04:00,7.489451142808811,7.570369720458984,7.489451142808811,7.570369720458984,205700,0.0,0.0
2025-08-04 00:00:00-04:00,7.588351249694824,7.597342393427709,7.52541495844995,7.588351249694824,272300,0.0,0.0
2025-08-05 00:00:00-04:00,7.633306964702146,7.633306964702146,7.4894520786564565,7.507434368133545,160700,0.0,0.0
2025-08-06 00:00:00-04:00,7.507433793892123,7.525415224551062,7.489451505790494,7.498442649841309,179500,0.0,0.0
2025-08-07 00:00:00-04:00,7.5523883769407565,7.570370666417846,7.498443223395,7.507434368133545,136600,0.0,0.0
2025-08-08 00:00:00-04:00,7.552387517398178,7.561378661113435,7.489451226276702,7.525414943695068,187800,0.0,0.0
2025-08-11 00:00:00-04:00,7.52026027545042,7.54750821980941,7.483930549140767,7.511178493499756,225900,0.084325,0.0
2025-08-12 00:00:00-04:00,7.565672893218872,7.620167917520608,7.52026051732893,7.6020026206970215,115600,0.0,0.0
2025-08-13 00:00:00-04:00,7.620168209075928,7.620168209075928,7.583838480207768,7.620168209075928,103600,0.0,0.0
2025-08-14 00:00:00-04:00,7.620167917520608,7.656497644998757,7.574755541630666,7.6020026206970215,281900,0.0,0.0
2025-08-15 00:00:00-04:00,7.592920303344727,7.620168249768147,7.5747558718981765,7.592920303344727,68700,0.0,0.0
2025-08-18 00:00:00-04:00,7.529342923570083,7.574755297999401,7.511178493499756,7.511178493499756,185600,0.0,0.0
2025-08-19 00:00:00-04:00,7.538425591602439,7.583837966151712,7.520260295315129,7.547508239746094,91900,0.0,0.0
2025-08-20 00:00:00-04:00,7.547507800021209,7.565672229081241,7.502095428117703,7.520259857177734,55600,0.0,0.0
2025-08-21 00:00:00-04:00,7.493013235935098,7.538425610598808,7.483930587768555,7.483930587768555,73300,0.0,0.0
2025-08-22 00:00:00-04:00,7.529342672515233,7.583837693247157,7.502095595233755,7.565672397613525,100700,0.0,0.0
2025-08-25 00:00:00-04:00,7.629249699763376,7.674662075653318,7.538425814152518,7.6020026206970215,209700,0.0,0.0
2025-08-26 00:00:00-04:00,7.683744724065112,7.683744724065112,7.556590244807079,7.6020026206970215,150500,0.0,0.0
2025-08-27 00:00:00-04:00,7.602002122711819,7.629249199993296,7.55658974979671,7.565672397613525,83200,0.0,0.0
2025-08-28 00:00:00-04:00,7.565673165352606,7.6020028941375175,7.547508734044678,7.58383846282959,174100,0.0,0.0
2025-08-29 00:00:00-04:00,7.556589250009405,7.602001619920973,7.529342174530029,7.529342174530029,184800,0.0,0.0
2025-09-02 00:00:00-04:00,7.529342672515233,7.583837693247157,7.511178243050571,7.565672397613525,178700,0.0,0.0
2025-09-03 00:00:00-04:00,7.538426716960892,7.602003531119408,7.493014335632324,7.493014335632324,153400,0.0,0.0
2025-09-04 00:00:00-04:00,7.520259527313933,7.556589250009405,7.502095099050654,7.529342174530029,122400,0.0,0.0
2025-09-05 00:00:00-04:00,7.502096490885579,7.538426220321164,7.447601463647664,7.456684112548828,233200,0.0,0.0
2025-09-08 00:00:00-04:00,7.474849036633245,7.493014335632324,7.456684603803296,7.493014335632324,195300,0.0,0.0
2025-09-09 00:00:00-04:00,7.511177869838666,7.520259651035261,7.483929927742102,7.5020952224731445,440800,0.0,0.0
2025-09-10 00:00:00-04:00,7.551945262021265,7.561121590736198,7.451008271465617,7.506065368652344,230600,0.084325,0.0
2025-09-11 00:00:00-04:00,7.460183620452881,7.5060643828992655,7.395951078089596,7.460183620452881,158700,0.0,0.0
2025-09-12 00:00:00-04:00,7.460184171204854,7.478535952476584,7.4418315148303025,7.451007843017578,181800,0.0,0.0
2025-09-15 00:00:00-04:00,7.460184370879202,7.496888809507889,7.276661740184342,7.386775493621826,346600,0.0,0.0
2025-09-16 00:00:00-04:00,7.350070653818914,7.423479527069559,7.340894325886884,7.377598762512207,202000,0.0,0.0
2025-09-17 00:00:00-04:00,7.386775090444237,7.395951418376266,7.331717997954854,7.377598762512207,195000,0.0,0.0
2025-09-18 00:00:00-04:00,7.350071054993139,7.39595182205471,7.340894726560256,7.386775493621826,201100,0.0,0.0
2025-09-19 00:00:00-04:00,7.377598615558633,7.451007487347055,7.377598615558633,7.395951271057129,105900,0.0,0.0
2025-09-22 00:00:00-04:00,7.39595125445495,7.496888234161754,7.39595125445495,7.4877119064331055,132800,0.0,0.0
2025-09-23 00:00:00-04:00,7.4601846001805505,7.5152408222644045,7.432656489138623,7.506065368652344,171900,0.0,0.0
2025-09-24 00:00:00-04:00,7.432656444881837,7.432656444881837,7.03808306351787,7.083963394165039,1468300,0.0,0.0
2025-09-25 00:00:00-04:00,7.0839630483997515,7.194076799191504,7.0839630483997515,7.166548252105713,583300,0.0,0.0
2025-09-26 00:00:00-04:00,7.166547438874703,7.258308522828974,7.102314461331032,7.2491326332092285,436000,0.0,0.0
2025-09-29 00:00:00-04:00,7.230781642926782,7.2491338628305995,7.093139774872439,7.175724983215332,298000,0.0,0.0
2025-09-30 00:00:00-04:00,7.2307811329812,7.2307811329812,7.083962946553474,7.129843711853027,293400,0.0,0.0
2025-10-01 00:00:00-04:00,7.083962738938815,7.111491284822029,6.7995031400521,6.817855358123779,1814100,0.0,0.0
2025-10-02 00:00:00-04:00,6.744446670691962,6.836207763565385,6.698566343030953,6.799503326416016,1110700,0.0,0.0
2025-10-03 00:00:00-04:00,6.8178552037841955,6.900440402012919,6.7903270960755435,6.8820881843566895,519600,0.0,0.0
2025-10-06 00:00:00-04:00,6.836208081567799,6.900441068342847,6.836208081567799,6.863736629486084,1225700,0.0,0.0
2025-10-07 00:00:00-04:00,6.891264728940002,6.95549727398355,6.882088401047269,6.909616947174072,309400,0.0,0.0
2025-10-08 00:00:00-04:00,6.927969844418289,7.010554615790038,6.8912654043527475,6.983026504516602,274600,0.0,0.0
2025-10-09 00:00:00-04:00,6.996945227674099,7.1918203963952845,6.978385708867027,7.117582321166992,1030600,0.085,0.0
2025-10-10 00:00:00-04:00,7.080463404258459,7.108302461696744,6.92270727046204,6.9319868087768555,303800,0.0,0.0
2025-10-13 00:00:00-04:00,6.959826752948963,7.043344815582389,6.959826752948963,7.015505313873291,263400,0.0,0.0
2025-10-14 00:00:00-04:00,6.987666034102493,7.006225553824798,6.931987032441725,6.941267013549805,222200,0.0,0.0
2025-10-15 00:00:00-04:00,6.950546391491821,7.006225391865487,6.913427352905273,6.913427352905273,131500,0.0,0.0
2025-10-16 00:00:00-04:00,6.91342790050844,6.9319874212717885,6.8299102783203125,6.8299102783203125,190600,0.0,0.0
2025-10-17 00:00:00-04:00,6.9319863513193685,6.9319863513193685,6.783510208129883,6.783510208129883,190500,0.0,0.0
2025-10-20 00:00:00-04:00,6.848468867953422,6.848468867953422,6.746391296386719,6.746391296386719,447100,0.0,0.0
2025-10-21 00:00:00-04:00,6.774231210030907,6.829909768162056,6.737112171276807,6.764951229095459,337200,0.0,0.0
2025-10-22 00:00:00-04:00,6.78351024626014,6.876307836275186,6.7278316922511125,6.848468780517578,510600,0.0,0.0
2025-10-23 00:00:00-04:00,6.820629884185087,6.8670289045342185,6.802070364544205,6.811350345611572,223500,0.0,0.0
2025-10-24 00:00:00-04:00,6.857748634427482,6.857748634427482,6.802070077851567,6.820629596710205,219500,0.0,0.0
2025-10-27 00:00:00-04:00,6.82990903829467,6.839188575744629,6.77423048611352,6.839188575744629,326600,0.0,0.0
2025-10-28 00:00:00-04:00,6.867028969000451,6.867028969000451,6.727832349140159,6.79279088973999,376500,0.0,0.0
2025-10-29 00:00:00-04:00,6.76495132526244,6.820629884185087,6.755671786688925,6.811350345611572,281700,0.0,0.0
2025-10-30 00:00:00-04:00,6.774231306329807,6.8484693848933365,6.76495132526244,6.811350345611572,233300,0.0,0.0
2025-10-31 00:00:00-04:00,6.922707270597821,6.922707270597821,6.811350155854815,6.867028713226318,268000,0.0,0.0
2025-11-03 00:00:00-05:00,6.904147400533666,6.913426938376981,6.839188865655191,6.894867420196533,265800,0.0,0.0
2025-11-04 00:00:00-05:00,6.876307836275186,6.876307836275186,6.792790226508551,6.848468780517578,157700,0.0,0.0
2025-11-05 00:00:00-05:00,6.820629243927254,6.829909224123503,6.75567115252876,6.783510208129883,776400,0.0,0.0
2025-11-06 00:00:00-05:00,6.7835104951262855,6.802070013810186,6.7278319390745835,6.77423095703125,219500,0.0,0.0
2025-11-07 00:00:00-05:00,6.737111883767992,6.7556714023530064,6.653593828888509,6.709272384643555,377800,0.0,0.0
2025-11-10 00:00:00-05:00,6.704577575967976,6.807869514666172,6.695187643954296,6.789089202880859,229000,0.085,0.0
2025-11-11 00:00:00-05:00,6.760918061351815,6.807869061569255,6.760918061351815,6.779698371887207,162500,0.0,0.0
2025-11-12 00:00:00-05:00,6.798478682422598,6.798478682422598,6.760918061351815,6.779698371887207,185600,0.0,0.0
2025-11-13 00:00:00-05:00,6.7796986916687345,6.7796986916687345,6.695187514152252,6.704577445983887,246700,0.0,0.0
2025-11-14 00:00:00-05:00,6.676407362847008,6.713967986590224,6.6576270509754,6.667016983032227,503000,0.0,0.0
2025-11-17 00:00:00-05:00,6.695187568664551,6.704577500572638,6.667016877424395,6.695187568664551,190200,0.0,0.0
2025-11-18 00:00:00-05:00,6.704577581008894,6.704577581008894,6.657627025389288,6.676407337188721,171400,0.0,0.0
2025-11-19 00:00:00-05:00,6.620067037471437,6.6670175975993935,6.601286723868656,6.638847351074219,433300,0.0,0.0
2025-11-20 00:00:00-05:00,6.7233575981248865,6.7233575981248865,6.620066111634227,6.629456043243408,375400,0.0,0.0
2025-11-21 00:00:00-05:00,6.629456439457682,6.70457768785254,6.629456439457682,6.6482367515563965,548800,0.0,0.0
2025-11-24 00:00:00-05:00,6.657627025389288,6.723357892808327,6.648236645610595,6.676407337188721,201200,0.0,0.0
2025-11-25 00:00:00-05:00,6.695187803232909,6.751528739929199,6.667017111005783,6.751528739929199,189300,0.0,0.0
2025-11-26 00:00:00-05:00,6.713968060928646,6.770308997167288,6.7045776810098925,6.760918617248535,261000,0.0,0.0
2025-11-28 00:00:00-05:00,6.817260056620519,6.826649988857586,6.742138359934169,6.751528739929199,104800,0.0,0.0
2025-12-01 00:00:00-05:00,6.723357757405099,6.742138068826311,6.648236511720251,6.704577445983887,211800,0.0,0.0
2025-12-02 00:00:00-05:00,6.732748373008193,6.760918617248535,6.685797368930345,6.760918617248535,151100,0.0,0.0
2025-12-03 00:00:00-05:00,6.760918511323914,6.7984791348945395,6.751528579310234,6.789089202880859,208400,0.0,0.0
2025-12-04 00:00:00-05:00,6.798479054695831,6.8078694343566895,6.77030881122915,6.8078694343566895,166300,0.0,0.0
2025-12-05 00:00:00-05:00,6.836039965625153,6.84542989730835,6.7984788956185565,6.84542989730835,168300,0.0,0.0
2025-12-08 00:00:00-05:00,6.845430057484228,6.845430057484228,6.704577496876984,6.8078694343566895,219300,0.0,0.0
2025-12-09 00:00:00-05:00,6.850626124783796,6.850626124783796,6.755610596971423,6.765111923217773,491800,0.085,0.0
2025-12-10 00:00:00-05:00,6.784114992432782,6.793616771697998,6.765111886972121,6.793616771697998,239800,0.0,0.0
2025-12-11 00:00:00-05:00,6.803118482644134,6.803118482644134,6.746109163037986,6.755610942840576,158000,0.0,0.0
2025-12-12 00:00:00-05:00,6.793617544472215,6.793617544472215,6.717605113983154,6.717605113983154,451300,0.0,0.0
2025-12-15 00:00:00-05:00,6.7176049213345745,6.746109355415605,6.679598707179992,6.736608028411865,184300,0.0,0.0
2025-12-16 00:00:00-05:00,6.736607874216414,6.746109201002677,6.670096774433376,6.727106094360352,155900,0.0,0.0
2025-12-17 00:00:00-05:00,6.71760473668756,6.7366078432425125,6.651093637210329,6.660595417022705,875100,0.0,0.0
2025-12-18 00:00:00-05:00,6.651093445903979,6.717604543468141,6.651093445903979,6.679598331451416,475400,0.0,0.0
2025-12-19 00:00:00-05:00,6.651093388967988,6.679598274271412,6.603585397818876,6.613087177276611,271800,0.0,0.0
2025-12-22 00:00:00-05:00,6.622588443247352,6.69860131900643,6.594084011273753,6.641591548919678,533000,0.0,0.0
2025-12-23 00:00:00-05:00,6.61308702246039,6.632090127861205,6.594083917059575,6.603585243225098,221600,0.0,0.0
2025-12-24 00:00:00-05:00,6.584582137824282,6.670096338662835,6.5750808116587605,6.603585243225098,628500,0.0,0.0
2025-12-26 00:00:00-05:00,6.6225883486259125,6.65109323326202,6.594083917059575,6.603585243225098,465600,0.0,0.0
2025-12-29 00:00:00-05:00,6.603585682012314,6.660595455072647,6.594084355215458,6.6320905685424805,685900,0.0,0.0
2025-12-30 00:00:00-05:00,6.613087424100426,6.660595417022705,6.613087424100426,6.660595417022705,346700,0.0,0.0
2025-12-31 00:00:00-05:00,6.670096743765281,6.6890998503202335,6.651093637210329,6.660595417022705,582500,0.0,0.0
2026-01-02 00:00:00-05:00,6.660595225443053,6.679598331451416,6.603585454348179,6.679598331451416,256900,0.0,0.0
2026-01-05 00:00:00-05:00,6.670096491422428,6.708102703094482,6.651093385586401,6.708102703094482,222700,0.0,0.0
2026-01-06 00:00:00-05:00,6.708102763929067,6.736607649476504,6.679598331451416,6.679598331451416,244600,0.0,0.0
2026-01-07 00:00:00-05:00,6.698601761161963,6.746109301943724,6.660595547308631,6.6700968742370605,186300,0.0,0.0
2026-01-08 00:00:00-05:00,6.689099251173601,6.689099251173601,6.622588157653809,6.622588157653809,468100,0.0,0.0
2026-01-09 00:00:00-05:00,6.71760448596279,6.71760448596279,6.613087177276611,6.613087177276611,225700,0.0,0.0
2026-01-12 00:00:00-05:00,6.589039606474663,6.656373023986816,6.579420808928002,6.656373023986816,588700,0.085,0.0
2026-01-13 00:00:00-05:00,6.66599188040533,6.66599188040533,6.617896974904504,6.637135028839111,232000,0.0,0.0
2026-01-14 00:00:00-05:00,6.646753671318709,6.685229778289795,6.617896820426082,6.685229778289795,379400,0.0,0.0
2026-01-15 00:00:00-05:00,6.685229778289795,6.714087087853797,6.656372927397168,6.685229778289795,171200,0.0,0.0
2026-01-16 00:00:00-05:00,6.675611216611739,6.685230014358482,6.608277797698975,6.608277797698975,320700,0.0,0.0
2026-01-20 00:00:00-05:00,6.589039743534098,6.617897054117108,6.569801689369221,6.608277797698975,155600,0.0,0.0
2026-01-21 00:00:00-05:00,6.6371349904184544,6.665991841817628,6.598658882771967,6.646753787994385,462400,0.0,0.0
2026-01-22 00:00:00-05:00,6.656373082773719,6.675611136708327,6.617896974904504,6.637135028839111,311300,0.0,0.0
2026-01-23 00:00:00-05:00,6.6659919396194605,6.6659919396194605,6.617897033691406,6.617897033691406,290300,0.0,0.0
2026-01-26 00:00:00-05:00,6.617897033691406,6.637135087796906,6.598658979585906,6.617897033691406,246400,0.0,0.0
2026-01-27 00:00:00-05:00,6.598659038543701,6.637135147098478,6.579420984266314,6.598659038543701,162400,0.0,0.0
2026-01-28 00:00:00-05:00,6.598658736453406,6.608277533816049,6.531325320229412,6.540944576263428,406300,0.0,0.0
2026-01-29 00:00:00-05:00,6.560182208602338,6.579420260764226,6.502468052116677,6.5217061042785645,435200,0.0,0.0
2026-01-30 00:00:00-05:00,6.512087345123291,6.550563452379183,6.512087345123291,6.512087345123291,342100,0.0,0.0
2026-02-02 00:00:00-05:00,6.521706639709345,6.5409446934506725,6.492849329761663,6.502468585968018,263900,0.0,0.0
2026-02-03 00:00:00-05:00,6.531325757019653,6.540945013696968,6.387040117559745,6.3966593742370605,485200,0.0,0.0
2026-02-04 00:00:00-05:00,6.415897488814998,6.425516286910706,6.3678021223222405,6.3774213790893555,437700,0.0,0.0
2026-02-05 00:00:00-05:00,6.377421158898323,6.396659213096918,6.27161163147035,6.290849685668945,465000,0.0,0.0
2026-02-06 00:00:00-05:00,6.319706996302536,6.338945050501131,6.281230887905344,6.290849685668945,370700,0.0,0.0
2026-02-09 00:00:00-05:00,6.300468942103939,6.338945050501131,6.281230887905344,6.290849685668945,497900,0.0,0.0
2026-02-10 00:00:00-05:00,6.295722402689985,6.354196548461914,6.256739638842032,6.354196548461914,445900,0.085,0.0
2026-02-11 00:00:00-05:00,6.373688081976599,6.373688081976599,6.305468011264547,6.363942623138428,261100,0.0,0.0
2026-02-12 00:00:00-05:00,6.373687564174179,6.373687564174179,6.26648473739624,6.26648473739624,313800,0.0,0.0
2026-02-13 00:00:00-05:00,6.246993356592176,6.295722040957923,6.237247898545731,6.26648473739624,392100,0.0,0.0
2026-02-17 00:00:00-05:00,6.237248129725964,6.276230892778967,6.217756748199463,6.217756748199463,376400,0.0,0.0
2026-02-18 00:00:00-05:00,6.227502311257376,6.276230998248088,6.2177568526859535,6.256739616394043,163300,0.0,0.0
2026-02-19 00:00:00-05:00,6.256739535461576,6.315213680267334,6.256739535461576,6.315213680267334,183600,0.0,0.0
2026-02-20 00:00:00-05:00,6.2762308830301725,6.344450950622559,6.2762308830301725,6.344450950622559,150000,0.0,0.0
2026-02-23 00:00:00-05:00,6.305467722918916,6.354196409015076,6.305467722918916,6.344450950622559,148800,0.0,0.0
2026-02-24 00:00:00-05:00,6.315213600077366,6.373687744140625,6.305467677044563,6.373687744140625,203700,0.0,0.0
2026-02-25 00:00:00-05:00,6.373687848985116,6.422416535528326,6.3541964673100715,6.412670612335205,225200,0.0,0.0
2026-02-26 00:00:00-05:00,6.432162145723506,6.510127674262631,6.373687999319162,6.422416687011719,303800,0.0,0.0
2026-02-27 00:00:00-05:00,6.5101274858319975,6.5101274858319975,6.402925119549193,6.44190788269043,286100,0.0,0.0
2026-03-02 00:00:00-05:00,6.451653235267311,6.451653235267311,6.344450870743386,6.40292501449585,174600,0.0,0.0
2026-03-03 00:00:00-05:00,6.393179277370266,6.4321620410051725,6.344451055182232,6.383433818817139,186100,0.0,0.0
2026-03-04 00:00:00-05:00,6.422416790309738,6.471145014074832,6.402925407861458,6.461399555206299,223100,0.0,0.0
2026-03-05 00:00:00-05:00,6.480890680553459,6.500382062228503,6.383433772178236,6.412670612335205,549200,0.0,0.0
2026-03-06 00:00:00-05:00,6.383433481780756,6.412670320607671,6.36394210099242,6.393178939819336,179500,0.0,0.0
2026-03-09 00:00:00-04:00,6.373687790511301,6.402925095111236,6.305467722918916,6.344450950622559,392800,0.0,0.0
2026-03-10 00:00:00-04:00,6.329638402300027,6.448134333687579,6.329638402300027,6.3493876457214355,183700,0.085,0.0
2026-03-11 00:00:00-04:00,6.369136774050149,6.408635260179213,6.369136774050149,6.379011631011963,151400,0.0,0.0
2026-03-12 00:00:00-04:00,6.398760831780574,6.398760831780574,6.369136731950045,6.388885974884033,120600,0.0,0.0
2026-03-13 00:00:00-04:00,6.408635260179213,6.418510117141026,6.359262387947431,6.379011631011963,151600,0.0,0.0
2026-03-16 00:00:00-04:00,6.369136810302734,6.438259396851583,6.359262424143813,6.369136810302734,210700,0.0,0.0
2026-03-17 00:00:00-04:00,6.3691369347125715,6.458008766174316,6.35926254836077,6.458008766174316,154000,0.0,0.0
2026-03-18 00:00:00-04:00,6.40863561630249,6.4382597179750265,6.39876122965106,6.40863561630249,185200,0.0,0.0
2026-03-19 00:00:00-04:00,6.319763901818368,6.398760874076494,6.319763901818368,6.379011631011963,159500,0.0,0.0
2026-03-20 00:00:00-04:00,6.329638639654559,6.40863561630249,6.329638639654559,6.40863561630249,245800,0.0,0.0
2026-03-23 00:00:00-04:00,6.418510164796224,6.507381994676007,6.379011678373899,6.487632751464844,216400,0.0,0.0
2026-03-24 00:00:00-04:00,6.507382031168035,6.51725641739944,6.448134301202298,6.477757930755615,110800,0.0,0.0
2026-03-25 00:00:00-04:00,6.5271315574646,6.537005944124095,6.4975074557678685,6.5271315574646,252500,0.0,0.0
2026-03-26 00:00:00-04:00,6.46788354452421,6.51725641739944,6.458008687433703,6.477757930755615,122000,0.0,0.0
2026-03-27 00:00:00-04:00,6.477758211589755,6.5271315574646,6.477758211589755,6.5271315574646,720300,0.0,0.0
2026-03-30 00:00:00-04:00,6.4975070170735165,6.586378845304198,6.4975070170735165,6.517256259918213,558700,0.0,0.0
2026-03-31 00:00:00-04:00,6.566630002870947,6.704874711213533,6.556755145416917,6.655501365661621,650000,0.0,0.0
2026-04-01 00:00:00-04:00,6.675250680834845,6.714749166567434,6.635751724243164,6.635751724243164,233400,0.0,0.0
2026-04-02 00:00:00-04:00,6.606128533437745,6.685125510141357,6.576504431744329,6.645627021789551,214000,0.0,0.0
2026-04-06 00:00:00-04:00,6.685125272060883,6.704874515533447,6.576504197532228,6.704874515533447,256600,0.0,0.0
2026-04-07 00:00:00-04:00,6.714749372699282,6.714749372699282,6.675250885754154,6.704874515533447,175000,0.0,0.0
2026-04-08 00:00:00-04:00,6.754247665405273,6.833244637023729,6.6752506937868175,6.754247665405273,187500,0.0,0.0
2026-04-09 00:00:00-04:00,6.704874518962414,6.833244837029283,6.704874518962414,6.823369979858398,269400,0.0,0.0
2026-04-10 00:00:00-04:00,6.764122288823913,6.803620776019392,6.675250928063637,6.695000171661377,210200,0.0,0.0
2026-04-13 00:00:00-04:00,6.670000076293945,6.699999809265137,6.639999866485596,6.670000076293945,110200,0.085,0.0
2026-04-14 00:00:00-04:00,6.71999979019165,6.769999980926514,6.699999809265137,6.730000019073486,135900,0.0,0.0
2026-04-15 00:00:00-04:00,6.739999771118164,6.760000228881836,6.704999923706055,6.730000019073486,139957,0.0,0.0
