Date,Open,High,Low,Close,Volume,Dividends,Stock Splits
2022-01-03 00:00:00-05:00,7.126307635722014,7.356579545961002,7.126307635722014,7.271742343902588,284700,0.0,0.0
2022-01-04 00:00:00-05:00,7.314159089023155,7.3808170827550015,7.205083370208741,7.20508337020874,262800,0.0,0.0
2022-01-05 00:00:00-05:00,7.241441493415898,7.253561338357224,7.096006821556078,7.120245933532715,497800,0.0,0.0
2022-01-06 00:00:00-05:00,7.114186636959635,7.199023825294745,7.099037407356182,7.150545597076416,366200,0.0,0.0
2022-01-07 00:00:00-05:00,7.168725912758547,7.253563114402291,7.0899486350692476,7.192965030670166,277800,0.0,0.0
2022-01-10 00:00:00-05:00,7.162665490022758,7.205084376843814,7.129337066406498,7.180845260620117,232000,0.0,0.0
2022-01-11 00:00:00-05:00,7.150547552579483,7.271743156269395,7.120248507180449,7.241444110870361,174600,0.0,0.0
2022-01-12 00:00:00-05:00,7.229324839454481,7.274773118599921,7.156607477240534,7.241444110870361,207000,0.0,0.0
2022-01-13 00:00:00-05:00,7.271742013136013,7.380818328263016,7.271742013136013,7.302041053771973,176200,0.0,0.0
2022-01-14 00:00:00-05:00,7.247503675210845,7.374759197235107,7.186905587425502,7.374759197235107,253100,0.0,0.0
2022-01-18 00:00:00-05:00,7.3808179238116995,7.465654539456183,7.283861461414518,7.289920806884766,276300,0.0,0.0
2022-01-19 00:00:00-05:00,7.30810212632948,7.471716046834305,7.186905944733344,7.241444110870361,293400,0.0,0.0
2022-01-20 00:00:00-05:00,7.253562179672203,7.30749410894204,7.138425950999424,7.1566057205200195,258900,0.0,0.0
2022-01-21 00:00:00-05:00,7.15054435308214,7.17478346297438,7.029348803620945,7.053587913513184,349400,0.0,0.0
2022-01-24 00:00:00-05:00,6.968751607316307,7.047528868747737,6.70333323427459,7.011169910430908,432900,0.0,0.0
2022-01-25 00:00:00-05:00,6.956633140052128,7.168725853453829,6.877856440920681,7.1020684242248535,219000,0.0,0.0
2022-01-26 00:00:00-05:00,7.180844866408994,7.302040440874133,7.0172304074514935,7.065708637237549,278900,0.0,0.0
2022-01-27 00:00:00-05:00,7.1384253243534115,7.186903549673847,7.0414688737125415,7.126306056976318,344400,0.0,0.0
2022-01-28 00:00:00-05:00,7.126307296758292,7.241442957448264,6.959662862559959,7.235383033752441,573500,0.0,0.0
2022-01-31 00:00:00-05:00,7.199023401265995,7.332338809967041,7.132365985868488,7.332338809967041,449100,0.0,0.0
2022-02-01 00:00:00-05:00,7.326280671152631,7.326280671152631,7.192965229991402,7.1990251541137695,290200,0.0,0.0
2022-02-02 00:00:00-05:00,7.180846968376679,7.199026165391318,7.023292386499795,7.108129024505615,251900,0.0,0.0
2022-02-03 00:00:00-05:00,7.077830088272534,7.132368253622873,6.980873606719138,6.992992877960205,200700,0.0,0.0
2022-02-04 00:00:00-05:00,6.986930620255644,7.005110387905836,6.825134271186273,6.968751430511475,231100,0.0,0.0
2022-02-07 00:00:00-05:00,6.962691684612496,7.059648136249322,6.917243420145988,7.011169910430908,390100,0.0,0.0
2022-02-08 00:00:00-05:00,7.023289906541972,7.132366205926943,6.999050793112651,7.041469097137451,276800,0.0,0.0
2022-02-09 00:00:00-05:00,7.047531092522217,7.138427650136688,6.999052851407003,7.083889484405518,457800,0.0,0.0
2022-02-10 00:00:00-05:00,6.9748120092828465,7.126306619851599,6.853616436409059,6.908154010772705,325200,0.0,0.0
2022-02-11 00:00:00-05:00,6.932392670971779,7.011169932652895,6.805137183318598,6.871795177459717,371300,0.0,0.0
2022-02-14 00:00:00-05:00,6.859676537196248,6.917244657367033,6.793019109250065,6.853617191314697,480400,0.0,0.0
2022-02-15 00:00:00-05:00,6.9566315901020745,7.077827729560986,6.938452400345646,7.071767807006836,289400,0.0,0.0
2022-02-16 00:00:00-05:00,7.071769691600971,7.180846015019922,7.023291454060588,7.17478609085083,238500,0.0,0.0
2022-02-17 00:00:00-05:00,7.138427600290299,7.147517487150761,6.950574561757147,6.992992877960205,291000,0.0,0.0
2022-02-18 00:00:00-05:00,6.962691883792131,7.0899473746823345,6.959661922353549,7.017230033874512,1214000,0.0,0.0
2022-02-22 00:00:00-05:00,6.974811628788337,6.974811628788337,6.7869580676523205,6.859675407409668,542900,0.0,0.0
2022-02-23 00:00:00-05:00,6.926335421163696,6.926335421163696,6.732421880716361,6.799079895019531,428800,0.0,0.0
2022-02-24 00:00:00-05:00,6.67182283787625,6.920273908595955,6.550627264099086,6.883914947509766,414100,0.0,0.0
2022-02-25 00:00:00-05:00,6.605164255279661,6.786957888836337,6.540930577957733,6.714240550994873,460400,0.0,0.0
2022-02-28 00:00:00-05:00,6.665764444319404,6.829378939893135,6.583957196532538,6.799079895019531,455000,0.0,0.0
2022-03-01 00:00:00-05:00,6.76271874622773,6.7748385914339,6.502147853355341,6.599104881286621,488400,0.0,0.0
2022-03-02 00:00:00-05:00,6.5688067846716045,6.717271442222375,6.5688067846716045,6.702122211456299,238200,0.0,0.0
2022-03-03 00:00:00-05:00,6.708181253277742,6.7536300993303024,6.63546390866216,6.744540214538574,212900,0.0,0.0
2022-03-04 00:00:00-05:00,6.677881177021917,6.744538582311438,6.605163272098512,6.738478660583496,261900,0.0,0.0
2022-03-07 00:00:00-05:00,6.744541094398584,6.744541094398584,6.465790948054761,6.471850872039795,507800,0.0,0.0
2022-03-08 00:00:00-05:00,6.471849542647575,6.623344143717744,6.471849542647575,6.526387691497803,257900,0.0,0.0
2022-03-09 00:00:00-05:00,6.617284774780273,6.702121966525796,6.568806544613143,6.617284774780273,203600,0.0,0.0
2022-03-10 00:00:00-05:00,6.508208768708231,6.574866771697998,6.4718503833557355,6.574866771697998,190500,0.0,0.0
2022-03-11 00:00:00-05:00,6.580925710879704,6.683942092859649,6.526388136219215,6.665762901306152,185200,0.0,0.0
2022-03-14 00:00:00-04:00,6.690002766381081,6.741510963148348,6.511239058653869,6.544568061828613,230200,0.0,0.0
2022-03-15 00:00:00-04:00,6.580926170504965,6.617285134057421,6.471850435659837,6.550627708435059,243800,0.0,0.0
2022-03-16 00:00:00-04:00,6.605164825586392,6.696061939166033,6.568806442479399,6.665762901306152,221600,0.0,0.0
2022-03-17 00:00:00-04:00,6.6172839246673325,6.708180450076834,6.6172839246673325,6.6718220710754395,129700,0.0,0.0
2022-03-18 00:00:00-04:00,6.6778830954869095,6.747570481660639,6.614255054875945,6.702122211456299,553800,0.0,0.0
2022-03-21 00:00:00-04:00,6.7142413998385955,6.786958746873305,6.683336715168328,6.762719631195068,636600,0.0,0.0
2022-03-22 00:00:00-04:00,6.799079241883986,6.908154983882187,6.7808994699624865,6.80513858795166,262000,0.0,0.0
2022-03-23 00:00:00-04:00,6.80513766639309,6.805743889870842,6.642130010077215,6.665762901306152,211600,0.0,0.0
2022-03-24 00:00:00-04:00,6.641524052803887,6.768779554591154,6.58698589805133,6.762719631195068,218300,0.0,0.0
2022-03-25 00:00:00-04:00,6.780897448058916,6.8475554360829225,6.7627182594641795,6.841495513916016,182600,0.0,0.0
2022-03-28 00:00:00-04:00,6.8414973056574215,6.871796346521083,6.762720030574355,6.774839878082275,251800,0.0,0.0
2022-03-29 00:00:00-04:00,6.87785614774774,7.011171000523061,6.871796224101736,6.926334381103516,388600,0.0,0.0
2022-03-30 00:00:00-04:00,6.932392034795679,6.962691067724229,6.829376247488186,6.841495513916016,301900,0.0,0.0
2022-03-31 00:00:00-04:00,6.860088066923287,6.928255537133774,6.829722858334936,6.891073226928711,366200,0.25,0.0
2022-04-01 00:00:00-04:00,6.891072343156528,6.940648356410032,6.866284336529778,6.909663200378418,237300,0.0,0.0
2022-04-04 00:00:00-04:00,6.909662580400819,6.915859729249634,6.723752842877501,6.872480869293213,214100,0.0,0.0
2022-04-05 00:00:00-04:00,6.853890253311648,6.903466263849775,6.667979918297341,6.698965072631836,360900,0.0,0.0
2022-04-06 00:00:00-04:00,6.6679812754769445,6.7299510057663925,6.537844073578486,6.562632083892822,423300,0.0,0.0
2022-04-07 00:00:00-04:00,6.56882853700965,6.593616544693007,6.302357011169017,6.389115333557129,528100,0.0,0.0
2022-04-08 00:00:00-04:00,6.426297597116619,6.47587361670729,6.339539267336559,6.4077067375183105,211700,0.0,0.0
2022-04-11 00:00:00-04:00,6.40770673751831,6.531646786494988,6.3953124371242565,6.4077067375183105,236300,0.0,0.0
2022-04-12 00:00:00-04:00,6.432493209838868,6.51305437016642,6.407705205968285,6.432493209838867,246100,0.0,0.0
2022-04-13 00:00:00-04:00,6.4882663371708915,6.568827497136816,6.461619070606658,6.475872039794922,290700,0.0,0.0
2022-04-14 00:00:00-04:00,6.482070317295592,6.556434341523568,6.4015091433004345,6.4696760177612305,272800,0.0,0.0
2022-04-18 00:00:00-04:00,6.494464099967953,6.497562674886912,6.35193319965227,6.382918357849121,218200,0.0,0.0
2022-04-19 00:00:00-04:00,6.36432752771066,6.463479561588576,6.16602286896209,6.221796035766602,548900,0.0,0.0
2022-04-20 00:00:00-04:00,6.302357043767771,6.5130554056625005,6.283766185657273,6.451085090637207,299900,0.0,0.0
2022-04-21 00:00:00-04:00,6.52545088613675,6.5310280859851835,6.324048194100304,6.339540481567383,172100,0.0,0.0
2022-04-22 00:00:00-04:00,6.2775689572293505,6.302356964730057,6.166022627979811,6.209402084350586,470400,0.0,0.0
2022-04-25 00:00:00-04:00,6.234190056534606,6.252780914306641,6.104052870144944,6.252780914306641,491500,0.0,0.0
2022-04-26 00:00:00-04:00,6.184613779646681,6.244724833664729,6.097856044769287,6.097856044769287,434900,0.0,0.0
2022-04-27 00:00:00-04:00,6.085460723241263,6.128840174389696,5.986308705175094,5.9987030029296875,411300,0.0,0.0
2022-04-28 00:00:00-04:00,6.054476841686586,6.141234571754364,5.980112228781761,6.135037422180176,288600,0.0,0.0
2022-04-29 00:00:00-04:00,6.1474303800441294,6.1846120873912955,5.986308072226189,6.02968692779541,388400,0.0,0.0
2022-05-02 00:00:00-04:00,6.04827908381565,6.091657944486774,5.9026490384323305,6.017293930053711,497800,0.0,0.0
2022-05-03 00:00:00-04:00,6.01729431729578,6.389115004382211,6.01729431729578,6.345735549926758,680000,0.0,0.0
2022-05-04 00:00:00-04:00,6.3891154347588035,6.482070317295592,6.302357110996467,6.4696760177612305,399000,0.0,0.0
2022-05-05 00:00:00-04:00,6.438692358330792,6.494464941117387,6.30545657452283,6.370524883270264,318200,0.0,0.0
2022-05-06 00:00:00-04:00,6.382918854832347,6.426297725089838,6.237288777266001,6.3023576736450195,362500,0.0,0.0
2022-05-09 00:00:00-04:00,6.283764719882564,6.283764719882564,6.045179830978937,6.066869258880615,412700,0.0,0.0
2022-05-10 00:00:00-04:00,6.141234571754364,6.240386600970516,6.03278681817693,6.135037422180176,340300,0.0,0.0
2022-05-11 00:00:00-04:00,6.159824502308278,6.2961588174558205,6.07306678529926,6.1722187995910645,387600,0.0,0.0
2022-05-12 00:00:00-04:00,6.166022404490441,6.166022404490441,6.004900066079418,6.141234397888184,366300,0.0,0.0
2022-05-13 00:00:00-04:00,6.1784172960654615,6.296160190974651,6.135037837105022,6.234190464019775,263100,0.0,0.0
2022-05-16 00:00:00-04:00,6.1908096545226226,6.246582810309918,6.153627944659507,6.1722187995910645,253000,0.0,0.0
2022-05-17 00:00:00-04:00,6.227994570756954,6.308555763947998,6.215600268269315,6.265176296234131,330500,0.0,0.0
2022-05-18 00:00:00-04:00,6.271372513026188,6.308554823955969,6.135038160940702,6.184614181518555,404100,0.0,0.0
2022-05-19 00:00:00-04:00,6.135037107938596,6.234189723068783,6.104052543640138,6.104052543640137,460400,0.0,0.0
2022-05-20 00:00:00-04:00,6.1164477504997485,6.150531488774296,6.042083714167594,6.122644901275635,429200,0.0,0.0
2022-05-23 00:00:00-04:00,6.172221531149971,6.37672279887841,6.128842653447842,6.339540481567383,373500,0.0,0.0
2022-05-24 00:00:00-04:00,6.320947901878269,6.452944353746074,6.2589781778457,6.451085090637207,352200,0.0,0.0
2022-05-25 00:00:00-04:00,6.432495332208248,6.587420555264344,6.413904470919507,6.525450229644775,297900,0.0,0.0
2022-05-26 00:00:00-04:00,6.5440398647560665,6.723753049958082,6.5440398647560665,6.661782741546631,315500,0.0,0.0
2022-05-27 00:00:00-04:00,6.692768606838184,6.807412921289512,6.680374307441974,6.7547383308410645,211200,0.0,0.0
2022-05-31 00:00:00-04:00,6.748542636005699,6.82290666892401,6.6679814525959955,6.816709518432617,685400,0.0,0.0
2022-06-01 00:00:00-04:00,6.835300572476048,6.8848765958254825,6.6896710777611865,6.8476948738098145,447800,0.0,0.0
2022-06-02 00:00:00-04:00,6.822904789241311,6.872480797528862,6.78572248752933,6.8538899421691895,279000,0.0,0.0
2022-06-03 00:00:00-04:00,6.816708435518932,6.860087300081841,6.77952612947022,6.804314136505127,287300,0.0,0.0
2022-06-06 00:00:00-04:00,6.853891282449547,6.903467300431702,6.791920964475477,6.7981181144714355,300900,0.0,0.0
2022-06-07 00:00:00-04:00,6.767131005995092,6.90966186888501,6.748540152355665,6.884873867034912,498600,0.0,0.0
2022-06-08 00:00:00-04:00,6.841497510100877,6.89107353190653,6.729951165541759,6.779527187347412,317900,0.0,0.0
2022-06-09 00:00:00-04:00,6.760935889854593,6.900368811539783,6.72995073048091,6.736147880554199,601700,0.0,0.0
2022-06-10 00:00:00-04:00,6.649388474950346,6.736146788938623,6.560152128724189,6.618403911590576,318000,0.0,0.0
2022-06-13 00:00:00-04:00,6.500662243070007,6.506859393854814,5.98011339700277,6.00490140914917,649000,0.0,0.0
2022-06-14 00:00:00-04:00,6.023492578241339,6.023492578241339,5.731613054526901,5.775611877441406,557700,0.0,0.0
2022-06-15 00:00:00-04:00,5.831383775837636,5.952225229092703,5.729133179008117,5.849974632263184,602500,0.0,0.0
2022-06-16 00:00:00-04:00,5.7446265577257725,5.7446265577257725,5.459564173130005,5.50294303894043,869000,0.0,0.0
2022-06-17 00:00:00-04:00,5.509139703493234,5.930535798097452,5.502942554353828,5.849974632263184,1990400,0.0,0.0
2022-06-21 00:00:00-04:00,5.967719060333152,6.150530852355786,5.9367339006526985,6.048280239105225,666000,0.0,0.0
2022-06-22 00:00:00-04:00,5.980114025768593,6.153630720030251,5.980114025768593,6.116448402404785,674400,0.0,0.0
2022-06-23 00:00:00-04:00,6.110249753612024,6.178417220721684,6.085461744933806,6.097856044769287,417500,0.0,0.0
2022-06-24 00:00:00-04:00,6.1350390750782715,6.28376774996559,6.1350390750782715,6.265176296234131,729100,0.0,0.0
2022-06-27 00:00:00-04:00,6.296160061175039,6.3581303778451055,6.190810877431568,6.221796035766602,277500,0.0,0.0
2022-06-28 00:00:00-04:00,6.271372181994151,6.370524217916152,6.187712430062679,6.234190464019775,288100,0.0,0.0
2022-06-29 00:00:00-04:00,6.240386281332866,6.240386281332866,6.045180807686238,6.104052543640137,331000,0.0,0.0
2022-06-30 00:00:00-04:00,5.989602980167389,6.148562718268682,5.945094447541676,6.0849785804748535,361200,0.25,0.0
2022-07-01 00:00:00-04:00,6.053185003167713,6.256653202809295,6.040467937498581,6.224861145019531,254500,0.0,0.0
2022-07-05 00:00:00-04:00,6.104052976928264,6.205787092146542,6.00867678912376,6.199428558349609,440000,0.0,0.0
2022-07-06 00:00:00-04:00,6.218504470911655,6.243938003468999,6.0213947451880445,6.072261810302734,277000,0.0,0.0
2022-07-07 00:00:00-04:00,6.123129184427806,6.228042587319329,6.078620651802093,6.0849785804748535,245200,0.0,0.0
2022-07-08 00:00:00-04:00,6.091336428636426,6.148562024921126,6.015035835717897,6.104053497314453,235200,0.0,0.0
2022-07-11 00:00:00-04:00,6.1231275102953004,6.154919570499905,6.018214136088284,6.05318546295166,232500,0.0,0.0
2022-07-12 00:00:00-04:00,6.034110933890592,6.135845059493893,6.015035936935778,6.02775239944458,292500,0.0,0.0
2022-07-13 00:00:00-04:00,5.983243291826311,6.116769470349226,5.951451229057397,6.078619480133057,249000,0.0,0.0
2022-07-14 00:00:00-04:00,6.04046903706696,6.04046903706696,5.862434329972276,5.932376384735107,193500,0.0,0.0
2022-07-15 00:00:00-04:00,6.065903097842305,6.094515896928896,5.8815098406082935,6.059544563293457,195300,0.0,0.0
2022-07-18 00:00:00-04:00,6.084976763473508,6.136479911835103,5.9832426584882645,6.091335296630859,168800,0.0,0.0
2022-07-19 00:00:00-04:00,6.186711926185769,6.348850911120167,6.186711926185769,6.32023811340332,246600,0.0,0.0
2022-07-20 00:00:00-04:00,6.282089145175193,6.326597679378351,6.212147076229758,6.275730609893799,521400,0.0,0.0
2022-07-21 00:00:00-04:00,6.205787509617656,6.288446635388879,6.104053387555596,6.269371032714844,210800,0.0,0.0
2022-07-22 00:00:00-04:00,6.313880920410156,6.352030917550735,6.231221784761205,6.313880920410156,184900,0.0,0.0
2022-07-25 00:00:00-04:00,6.313879027476056,6.377462539108775,6.2820869684681515,6.339312553405762,213200,0.0,0.0
2022-07-26 00:00:00-04:00,6.307520550860707,6.463300974372534,6.307520550860707,6.441046714782715,189400,0.0,0.0
2022-07-27 00:00:00-04:00,6.479197933558267,6.723996048387711,6.4664814712516945,6.708100318908691,322100,0.0,0.0
2022-07-28 00:00:00-04:00,6.73989176008108,6.828908807133021,6.695382630171955,6.771683216094971,272400,0.0,0.0
2022-07-29 00:00:00-04:00,6.797117693809569,6.882956092352159,6.74625062942505,6.746250629425049,235300,0.0,0.0
2022-08-01 00:00:00-04:00,6.701741908990139,6.860701632264463,6.647695578821541,6.816193103790283,225200,0.0,0.0
2022-08-02 00:00:00-04:00,6.790759723731864,6.790759723731864,6.612724393099139,6.619082927703857,161800,0.0,0.0
2022-08-03 00:00:00-04:00,6.657233448126025,6.733534043306613,6.6349791836629235,6.638157844543457,235800,0.0,0.0
2022-08-04 00:00:00-04:00,6.669949006454928,6.669949006454928,6.530064904114938,6.5682148933410645,176100,0.0,0.0
2022-08-05 00:00:00-04:00,6.5682148933410645,6.6063654889503365,6.530064904114938,6.5682148933410645,141200,0.0,0.0
2022-08-08 00:00:00-04:00,6.593647511166271,6.708098675807482,6.580931051974504,6.644514560699463,210800,0.0,0.0
2022-08-09 00:00:00-04:00,6.644516379070979,6.676308445325365,6.549140786691051,6.638157844543457,297200,0.0,0.0
2022-08-10 00:00:00-04:00,6.695382840600132,6.7335334379522465,6.304342098061033,6.358388423919678,440700,0.0,0.0
2022-08-11 00:00:00-04:00,6.415613131194878,6.415613131194878,6.313879027476056,6.339312553405762,228800,0.0,0.0
2022-08-12 00:00:00-04:00,6.371104975756609,6.460122018395659,6.352029375434134,6.453763484954834,177700,0.0,0.0
2022-08-15 00:00:00-04:00,6.434689451013589,6.48555651336285,6.36792665907389,6.479197978973389,299800,0.0,0.0
2022-08-16 00:00:00-04:00,6.479197978973389,6.53642357571211,6.396539457443251,6.479197978973389,289200,0.0,0.0
2022-08-17 00:00:00-04:00,6.421972561681193,6.421972561681193,6.305613694345878,6.383821964263916,209000,0.0,0.0
2022-08-18 00:00:00-04:00,6.35202961703714,6.444226536286489,6.339313156054938,6.421972274780273,136300,0.0,0.0
2022-08-19 00:00:00-04:00,6.358388138794683,6.409255195394389,6.33931314416558,6.396538734436035,247500,0.0,0.0
2022-08-22 00:00:00-04:00,6.377462954644863,6.396538555122367,6.199428261536726,6.2121453285217285,260100,0.0,0.0
2022-08-23 00:00:00-04:00,6.231220833037793,6.332954951718707,6.218503765011089,6.288446426391602,232200,0.0,0.0
2022-08-24 00:00:00-04:00,6.28208789237825,6.313879956061831,6.243937294681317,6.288446426391602,197600,0.0,0.0
2022-08-25 00:00:00-04:00,6.294804307879051,6.441047557198245,6.282087846328742,6.383821964263916,235600,0.0,0.0
2022-08-26 00:00:00-04:00,6.402896995803627,6.415614063808658,6.250295818042333,6.263012886047363,190600,0.0,0.0
2022-08-29 00:00:00-04:00,6.27572974531871,6.313880345367961,6.180354154770405,6.282088279724121,153200,0.0,0.0
2022-08-30 00:00:00-04:00,6.320237365978608,6.320237365978608,6.173994733949849,6.2121453285217285,273200,0.0,0.0
2022-08-31 00:00:00-04:00,6.205787891647273,6.218504354496259,5.989602565765381,5.989602565765381,711300,0.0,0.0
2022-09-01 00:00:00-04:00,6.008676848389992,6.024573183039115,5.792491548227241,5.849717140197754,376100,0.0,0.0
2022-09-02 00:00:00-04:00,5.913301414647593,5.926017876303331,5.754341702460202,5.786133766174316,269800,0.0,0.0
2022-09-06 00:00:00-04:00,5.817924521164899,5.840179387546396,5.620814841422212,5.697115421295166,476700,0.0,0.0
2022-09-07 00:00:00-04:00,5.665324380193004,5.7066542473791575,5.585844519401558,5.6526079177856445,296000,0.0,0.0
2022-09-08 00:00:00-04:00,5.601741619963434,5.671683688708242,5.554053211873072,5.614458084106445,229200,0.0,0.0
2022-09-09 00:00:00-04:00,5.690757575031974,5.798850227830054,5.639890515642663,5.786133766174316,228100,0.0,0.0
2022-09-12 00:00:00-04:00,5.8306428224367535,5.9514519478905035,5.811567825024738,5.938735485076904,315800,0.0,0.0
2022-09-13 00:00:00-04:00,5.875150144764986,5.900583671549908,5.598560616776848,5.601739883422852,367000,0.0,0.0
2022-09-14 00:00:00-04:00,5.627173803538747,5.795670702872869,5.614456736065827,5.792491436004639,470500,0.0,0.0
2022-09-15 00:00:00-04:00,5.741625542602442,5.741625542602442,5.468215206734032,5.474573135375977,633500,0.0,0.0
2022-09-16 00:00:00-04:00,5.44278167301643,5.509544471631409,5.341046931762745,5.474573135375977,1133700,0.0,0.0
2022-09-19 00:00:00-04:00,5.43642303753644,5.576307773590088,5.43642303753644,5.576307773590088,358500,0.0,0.0
2022-09-20 00:00:00-04:00,5.538155903768689,5.538155903768689,5.4364217940480675,5.455496788024902,442000,0.0,0.0
2022-09-21 00:00:00-04:00,5.519081899927058,5.633532490703878,5.493648367934072,5.531798362731934,318600,0.0,0.0
2022-09-22 00:00:00-04:00,5.525439114477171,5.538156182022757,5.315612351040263,5.391912937164307,349500,0.0,0.0
2022-09-23 00:00:00-04:00,5.341046934182312,5.341046934182312,5.0994286669472695,5.150295734405518,395800,0.0,0.0
2022-09-26 00:00:00-04:00,5.124861244995607,5.131219172454808,4.708386677259736,4.845091819763184,831500,0.0,0.0
2022-09-27 00:00:00-04:00,4.883242460614451,4.997693652385907,4.686132445353347,4.724282741546631,660800,0.0,0.0
2022-09-28 00:00:00-04:00,4.768791572034598,4.822837900772985,4.686132445353347,4.724282741546631,474900,0.0,0.0
2022-09-29 00:00:00-04:00,4.68613279229827,4.68613279229827,4.234687132466871,4.590756893157959,1286800,0.0,0.0
2022-09-30 00:00:00-04:00,4.610515636445434,4.6730867818936686,4.241674423217773,4.241674423217773,812000,0.25,0.0
2022-10-03 00:00:00-04:00,4.314125061035156,4.386575788021063,4.103358538913114,4.314125061035156,840800,0.0,0.0
2022-10-04 00:00:00-04:00,4.386576119277319,4.656620814840885,4.386576119277319,4.636861324310303,1069400,0.0,0.0
2022-10-05 00:00:00-04:00,4.590756390277606,4.643448264176274,4.223232666228083,4.353644371032715,718700,0.0,0.0
2022-10-06 00:00:00-04:00,4.327298786745203,4.347057965542316,4.129705114375173,4.1494646072387695,1122200,0.0,0.0
2022-10-07 00:00:00-04:00,4.1231189791874305,4.182396831845727,4.0374950303775075,4.109945774078369,926500,0.0,0.0
2022-10-10 00:00:00-04:00,4.1099454992226345,4.221915222629629,3.9848031997204973,4.0045623779296875,534100,0.0,0.0
2022-10-11 00:00:00-04:00,4.017735546739851,4.300953175956811,3.938698200288535,4.287780284881592,945800,0.0,0.0
2022-10-12 00:00:00-04:00,4.274606968950356,4.3272988459520585,4.149464664012466,4.261434078216553,439200,0.0,0.0
2022-10-13 00:00:00-04:00,4.123118745340128,4.432681824316447,4.083599760387299,4.419508934020996,614500,0.0,0.0
2022-10-14 00:00:00-04:00,4.439268101916834,4.5446515380973205,4.2680205284815695,4.320712089538574,679500,0.0,0.0
2022-10-17 00:00:00-04:00,4.452441377252562,4.5709973915214865,4.379990322610534,4.491960048675537,777400,0.0,0.0
2022-10-18 00:00:00-04:00,4.584171588307517,4.66320895367606,4.393164464966918,4.452442646026611,718400,0.0,0.0
2022-10-19 00:00:00-04:00,4.393163255568659,4.432681927373797,4.2910731178555235,4.366817474365234,494600,0.0,0.0
2022-10-20 00:00:00-04:00,4.373404402525868,4.409630092530789,4.254848369763974,4.307539939880371,417000,0.0,0.0
2022-10-21 00:00:00-04:00,4.360230445861816,4.386576224490202,4.268020220662465,4.360230445861816,354300,0.0,0.0
2022-10-24 00:00:00-04:00,4.379990786551069,4.459028137768869,4.300953435333269,4.4129228591918945,345900,0.0,0.0
2022-10-25 00:00:00-04:00,4.412921915875761,4.755417345340151,4.386576137768227,4.735658168792725,528500,0.0,0.0
2022-10-26 00:00:00-04:00,4.781764345312815,4.926666152413275,4.742245356582544,4.880560874938965,513700,0.0,0.0
2022-10-27 00:00:00-04:00,4.939839203477154,5.064981834319892,4.9332526004539226,4.999117374420166,348100,0.0,0.0
2022-10-28 00:00:00-04:00,5.018876342320169,5.262574990638115,5.012290053643025,5.223056316375732,491700,0.0,0.0
2022-10-31 00:00:00-04:00,5.1901233438458805,5.19868573748628,5.104499407441875,5.176950454711914,526700,0.0,0.0
2022-11-01 00:00:00-04:00,5.262574990638115,5.262574990638115,5.140725666479142,5.223056316375732,416400,0.0,0.0
2022-11-02 00:00:00-04:00,5.2230565380792315,5.246109334594024,4.966184987437044,4.999117374420166,923800,0.0,0.0
2022-11-03 00:00:00-04:00,4.906905746330562,4.933251524544613,4.748831077046255,4.8344550132751465,365000,0.0,0.0
2022-11-04 00:00:00-04:00,4.933251447739134,5.0024091929909185,4.847627826909761,4.98594331741333,449200,0.0,0.0
2022-11-07 00:00:00-05:00,5.038635002173323,5.041928302999834,4.735658235596293,4.808109283447266,585900,0.0,0.0
2022-11-08 00:00:00-05:00,4.847628102254263,4.920078838296888,4.653327744364618,4.768590450286865,735800,0.0,0.0
2022-11-09 00:00:00-05:00,4.946424940224445,4.946424940224445,4.077013279610085,4.08359956741333,1381500,0.0,0.0
2022-11-10 00:00:00-05:00,4.195569566503514,4.287780114430932,4.017735387024187,4.169223785400391,1573900,0.0,0.0
2022-11-11 00:00:00-05:00,4.208742316171781,4.4195088720080635,4.182396535950556,4.347057819366455,966700,0.0,0.0
2022-11-14 00:00:00-05:00,4.320711976142959,4.399749315654157,4.132998216287245,4.254847526550293,815200,0.0,0.0
2022-11-15 00:00:00-05:00,4.347058126911043,4.39316340259327,4.083599991993238,4.109945774078369,637300,0.0,0.0
2022-11-16 00:00:00-05:00,4.08359984188271,4.096772732441049,3.8102621272473254,3.8201420307159424,998200,0.0,0.0
2022-11-17 00:00:00-05:00,3.760863883058171,3.800382554910643,3.5863230038597984,3.727931499481201,964200,0.0,0.0
2022-11-18 00:00:00-05:00,3.800382291231567,3.9716301714438678,3.7081720633068853,3.9518706798553467,2042400,0.0,0.0
2022-11-21 00:00:00-05:00,3.9057655588620546,3.984803214185143,3.8662468882337486,3.872833490371704,590300,0.0,0.0
2022-11-22 00:00:00-05:00,3.87941960519846,3.988096023089717,3.820141758936433,3.965043544769287,736100,0.0,0.0
2022-11-23 00:00:00-05:00,3.971630259806099,4.050667599785705,3.9386978777813613,4.030908107757568,337300,0.0,0.0
2022-11-25 00:00:00-05:00,4.037494116973385,4.19886207425509,4.030907515908944,4.1889824867248535,245500,0.0,0.0
2022-11-28 00:00:00-05:00,4.149464657963053,4.235088290574703,4.123118876533855,4.14287805557251,561100,0.0,0.0
2022-11-29 00:00:00-05:00,4.169223093596483,4.235087535425331,4.103358651767635,4.156050205230713,677200,0.0,0.0
2022-11-30 00:00:00-05:00,4.156050793898193,4.248261025519336,4.070426850359608,4.221915245056152,770600,0.0,0.0
2022-12-01 00:00:00-05:00,4.254846907986302,4.399748676024539,4.254846907986302,4.314125061035156,474300,0.0,0.0
2022-12-02 00:00:00-05:00,4.2416751658552005,4.36681779272824,4.18898359960687,4.327299118041992,599600,0.0,0.0
2022-12-05 00:00:00-05:00,4.3141254890792355,4.396456125786347,4.221914949839423,4.340471267700195,532300,0.0,0.0
2022-12-06 00:00:00-05:00,4.333885134285716,4.360230915753323,4.1955696245475345,4.261434078216553,458100,0.0,0.0
2022-12-07 00:00:00-05:00,4.261434239334309,4.305563723324178,4.205449687148827,4.281193733215332,562200,0.0,0.0
2022-12-08 00:00:00-05:00,4.307538887390769,4.353644157010675,4.261433617770862,4.340471267700195,371500,0.0,0.0
2022-12-09 00:00:00-05:00,4.300953021356672,4.373403762632848,4.241674856615723,4.366817474365234,416500,0.0,0.0
2022-12-12 00:00:00-05:00,4.366816613049061,4.373402900017587,4.188982467968922,4.314125061035156,565400,0.0,0.0
2022-12-13 00:00:00-05:00,4.412921809853919,4.452440790132212,4.202155590057373,4.202155590057373,759700,0.0,0.0
2022-12-14 00:00:00-05:00,4.182397303820663,4.363524811645676,4.14946522953118,4.307539939880371,1107800,0.0,0.0
2022-12-15 00:00:00-05:00,4.123118817083095,4.159344187509292,3.8860064735727184,4.070426940917969,2162800,0.0,0.0
2022-12-16 00:00:00-05:00,4.017735153660011,4.136291475804384,3.8925925436556534,3.9386978149414062,1609000,0.0,0.0
2022-12-19 00:00:00-05:00,3.9452846608538037,4.050668108118015,3.92552548041249,3.997976541519165,980300,0.0,0.0
2022-12-20 00:00:00-05:00,3.978216495070674,3.997975986837052,3.768108855298269,3.806968927383423,863900,0.0,0.0
2022-12-21 00:00:00-05:00,3.846488288843952,3.8991798576117014,3.741104837241931,3.8399016857147217,841700,0.0,0.0
2022-12-22 00:00:00-05:00,3.833314973097335,3.846487863833759,3.66206707945733,3.7937963008880615,657100,0.0,0.0
2022-12-23 00:00:00-05:00,3.787209561299828,3.806969053721947,3.734518000262815,3.780622959136963,474700,0.0,0.0
2022-12-27 00:00:00-05:00,3.780623061951164,3.8036758560816373,3.7081723205882082,3.727931499481201,491400,0.0,0.0
2022-12-28 00:00:00-05:00,3.708172278387756,3.74110434752346,3.487526127505963,3.5039923191070557,918000,0.0,0.0
2022-12-29 00:00:00-05:00,3.5382101346045705,3.688772122182909,3.5313662447291487,3.6545536518096924,850800,0.2,0.0
2022-12-30 00:00:00-05:00,3.5998046943332573,3.6750855428601352,3.5690078352383034,3.6682419776916504,826700,0.0,0.0
2023-01-03 00:00:00-05:00,3.709304469910421,3.832491584013951,3.6819295556651923,3.764054298400879,518700,0.0,0.0
2023-01-04 00:00:00-05:00,3.7914290266677506,3.8851882502091764,3.7640541137653245,3.8256478309631348,836200,0.0,0.0
2023-01-05 00:00:00-05:00,3.8256474196748576,3.9385690048410504,3.770897599756057,3.900928258895874,428300,0.0,0.0
2023-01-06 00:00:00-05:00,3.9146164980627702,3.959100817241689,3.8961384464553324,3.9214603900909424,326600,0.0,0.0
2023-01-09 00:00:00-05:00,3.9762095802068758,4.003584491238601,3.904350357164928,3.9077723026275635,416500,0.0,0.0
2023-01-10 00:00:00-05:00,3.9009282369521423,3.9830532927030364,3.9009282369521423,3.9762094020843506,338500,0.0,0.0
2023-01-11 00:00:00-05:00,3.9830544437083835,4.091185466587372,3.9830544437083835,4.058335304260254,376400,0.0,0.0
2023-01-12 00:00:00-05:00,4.085709374090009,4.208212480732049,4.085709374090009,4.181521892547607,464700,0.0,0.0
2023-01-13 00:00:00-05:00,4.147303227960081,4.243115423285511,4.140459662889902,4.236271858215332,311600,0.0,0.0
2023-01-17 00:00:00-05:00,4.277334229479581,4.373146424846206,4.236271860036742,4.243115425109863,349000,0.0,0.0
2023-01-18 00:00:00-05:00,4.249959146696596,4.325240317501047,4.1815218670265,4.263646602630615,310400,0.0,0.0
2023-01-19 00:00:00-05:00,4.2157406632453895,4.256803034159956,4.109662953299773,4.249959468841553,379000,0.0,0.0
2023-01-20 00:00:00-05:00,4.291021474942275,4.407365012476281,4.195209284287375,4.379990100860596,337300,0.0,0.0
2023-01-23 00:00:00-05:00,4.379989616185241,4.465536287101614,4.332083362991597,4.421051979064941,290100,0.0,0.0
2023-01-24 00:00:00-05:00,4.462114688763823,4.462114688763823,4.325240135192871,4.325240135192871,206000,0.0,0.0
2023-01-25 00:00:00-05:00,4.311552836246873,4.352615203807787,4.263646577591796,4.345771312713623,221100,0.0,0.0
2023-01-26 00:00:00-05:00,4.373146234987143,4.407365037871259,4.27049015266948,4.297865390777588,300100,0.0,0.0
2023-01-27 00:00:00-05:00,4.297865366013539,4.414208577212858,4.277334019134432,4.379990100860596,238600,0.0,0.0
2023-01-30 00:00:00-05:00,4.34577083298595,4.379989632009992,4.311552360296562,4.338927268981934,345400,0.0,0.0
2023-01-31 00:00:00-05:00,4.359459002019238,4.598989655452273,4.356037056288909,4.571614742279053,501000,0.0,0.0
2023-02-01 00:00:00-05:00,4.510021334662719,4.681114704550261,4.465537019331793,4.605833530426025,432300,0.0,0.0
2023-02-02 00:00:00-05:00,4.6674268739610465,4.8385202301370205,4.6674268739610465,4.776926517486572,485300,0.0,0.0
2023-02-03 00:00:00-05:00,4.708488633279416,4.749550994307857,4.605832567540997,4.640051364898682,410600,0.0,0.0
2023-02-06 00:00:00-05:00,4.598988884876979,4.598988884876979,4.414208088750999,4.421051979064941,292900,0.0,0.0
2023-02-07 00:00:00-05:00,4.407365155956618,4.496333784771283,4.370409056705817,4.441583633422852,385000,0.0,0.0
2023-02-08 00:00:00-05:00,4.4347393092279175,4.451848708199223,4.24995851827403,4.256802082061768,326000,0.0,0.0
2023-02-09 00:00:00-05:00,4.318396628814667,4.325240520269866,4.113084780179286,4.1609907150268555,431900,0.0,0.0
2023-02-10 00:00:00-05:00,4.174677680719972,4.215740045618699,4.147302770787487,4.19520902633667,408100,0.0,0.0
2023-02-13 00:00:00-05:00,4.188365446537357,4.270490182429928,4.167834425731561,4.229427814483643,758600,0.0,0.0
2023-02-14 00:00:00-05:00,4.202053055667023,4.25680288159081,4.1541471211510625,4.243115425109863,944100,0.0,0.0
2023-02-15 00:00:00-05:00,4.202053374977338,4.2294282900194275,4.027538373167706,4.2225847244262695,822400,0.0,0.0
2023-02-16 00:00:00-05:00,4.147303091369337,4.226006208259894,4.119928179320802,4.188365459442139,754500,0.0,0.0
2023-02-17 00:00:00-05:00,4.208896945265209,4.256802879760572,4.126772206414841,4.236271858215332,379800,0.0,0.0
2023-02-21 00:00:00-05:00,4.140459706328138,4.198631478541115,4.085709553518796,4.11308479309082,554600,0.0,0.0
2023-02-22 00:00:00-05:00,4.154146837975713,4.2088966601673725,4.126771926879883,4.126771926879883,526900,0.0,0.0
2023-02-23 00:00:00-05:00,4.1404592064717,4.21231842662814,4.1404592064717,4.19520902633667,531600,0.0,0.0
2023-02-24 00:00:00-05:00,4.311552739944076,4.3389276510399055,4.003584500613967,4.126771926879883,687000,0.0,0.0
2023-02-27 00:00:00-05:00,4.147302973129672,4.21574025129986,4.017956305270469,4.051490783691406,645200,0.0,0.0
2023-02-28 00:00:00-05:00,4.058334338821646,4.167834309971783,4.0514907741880215,4.099396705627441,647400,0.0,0.0
2023-03-01 00:00:00-05:00,4.058334460378619,4.0788658075638216,3.8427567834401053,3.962522268295288,847500,0.0,0.0
2023-03-02 00:00:00-05:00,3.921460218758944,3.9659445359943044,3.8872414127825996,3.9419915676116943,391600,0.0,0.0
2023-03-03 00:00:00-05:00,3.9625224617181,4.123350322459495,3.9522569507917544,4.085709571838379,563400,0.0,0.0
2023-03-06 00:00:00-05:00,3.880397847388162,3.989897504376914,3.7777417557938477,3.9419915676116943,2541200,0.0,0.0
2023-03-07 00:00:00-05:00,3.948834361941036,4.007006124941141,3.770897454078982,3.839334726333618,1325800,0.0,0.0
2023-03-08 00:00:00-05:00,3.8461783824200757,3.876975237255208,3.6785069798006442,3.7845849990844727,1325700,0.0,0.0
2023-03-09 00:00:00-05:00,3.7914286049585724,3.798272495590305,3.6100697455683233,3.6271791458129883,1390400,0.0,0.0
2023-03-10 00:00:00-05:00,3.6340227327079915,3.6497634854580596,3.4697732725410324,3.5518980026245117,1882300,0.0,0.0
2023-03-13 00:00:00-04:00,3.476617054015423,3.476617054015423,3.278148780750859,3.3739609718322754,2459600,0.0,0.0
2023-03-14 00:00:00-04:00,3.517679214477539,3.637444691027743,3.4731949039398824,3.517679214477539,1949600,0.0,0.0
2023-03-15 00:00:00-04:00,3.3876486350917583,3.4560862449600434,3.2918364381447516,3.449242353439331,2100500,0.0,0.0
2023-03-16 00:00:00-04:00,3.4081795739754117,3.545054124603071,3.339742298661582,3.517679214477539,1542200,0.0,0.0
2023-03-17 00:00:00-04:00,3.469773489248381,3.510835856854702,3.3602735159635015,3.3739609718322754,14490000,0.0,0.0
2023-03-20 00:00:00-04:00,3.4013355404464996,3.5279449023787928,3.4013355404464996,3.4629292488098145,1589400,0.0,0.0
2023-03-21 00:00:00-04:00,3.5450542060280448,3.579273007638253,3.497148275375366,3.497148275375366,1469900,0.0,0.0
2023-03-22 00:00:00-04:00,3.5245234889422288,3.531367054051435,3.3260552057546686,3.346586227416992,999400,0.0,0.0
2023-03-23 00:00:00-04:00,3.38764901257988,3.4560866300742172,3.284993239007865,3.319211721420288,1133200,0.0,0.0
2023-03-24 00:00:00-04:00,3.2849927536394463,3.3671174908967583,3.2576178412203425,3.360273599624634,1267300,0.0,0.0
2023-03-27 00:00:00-04:00,3.442398647453012,3.469773559746759,3.380804931624733,3.3944923877716064,888400,0.0,0.0
2023-03-28 00:00:00-04:00,3.3944923188027807,3.432132740858236,3.3465860600947277,3.3739609718322754,803100,0.0,0.0
2023-03-29 00:00:00-04:00,3.428710702046405,3.449241720169695,3.3931232558757443,3.435554265975952,960200,0.0,0.0
2023-03-30 00:00:00-04:00,3.483461158373474,3.5108360717869043,3.4150235485051885,3.449242353439331,1013800,0.0,0.0
2023-03-31 00:00:00-04:00,3.4563692146288023,3.5347611904144287,3.4528058657704443,3.5347611904144287,844300,0.2,0.0
2023-04-03 00:00:00-04:00,3.5490134170159653,3.563266469300384,3.4421153549730397,3.477748155593872,640600,0.0,0.0
2023-04-04 00:00:00-04:00,3.492001184277254,3.502690888463428,3.406482871148726,3.4349889755249023,436600,0.0,0.0
2023-04-05 00:00:00-04:00,3.3922298189606384,3.4670580880834234,3.3851031229568096,3.4349889755249023,952800,0.0,0.0
2023-04-06 00:00:00-04:00,3.449242327964079,3.5276339519126454,3.442115631339883,3.4563686847686768,515400,0.0,0.0
2023-04-10 00:00:00-04:00,3.4492427484485373,3.4848752164545447,3.29958549929224,3.377977132797241,601400,0.0,0.0
2023-04-11 00:00:00-04:00,3.399356431153736,3.406483127694283,3.3494705748286906,3.3708503246307373,607300,0.0,0.0
2023-04-12 00:00:00-04:00,3.42073678182653,3.42429979090307,3.292458940120751,3.320965051651001,346600,0.0,0.0
2023-04-13 00:00:00-04:00,3.320964468294834,3.335217521556287,3.1926869889417597,3.2639522552490234,640700,0.0,0.0
2023-04-14 00:00:00-04:00,3.3067112615258596,3.345907411039947,3.2425726947366256,3.278205156326294,1070400,0.0,0.0
2023-04-17 00:00:00-04:00,3.2639522935701613,3.4563686847686768,3.239009535024672,3.4563686847686768,1051600,0.0,0.0
2023-04-18 00:00:00-04:00,3.4421153898587984,3.4563684422876717,3.278205117016971,3.2995848655700684,711800,0.0,0.0
2023-04-19 00:00:00-04:00,3.2639521037265107,3.3494704193252085,3.2639521037265107,3.278205156326294,873100,0.0,0.0
2023-04-20 00:00:00-04:00,3.2710790863271137,3.2853321401747864,3.1784340664074384,3.206940174102783,510800,0.0,0.0
2023-04-21 00:00:00-04:00,3.199812796973511,3.199812796973511,3.100041441251675,3.135674238204956,716900,0.0,0.0
2023-04-24 00:00:00-04:00,3.12854815155236,3.135674848257345,3.0359034731247703,3.078662633895874,460500,0.0,0.0
2023-04-25 00:00:00-04:00,3.028776798276352,3.06440960241921,2.9788909404402717,3.01452374458313,770200,0.0,0.0
2023-04-26 00:00:00-04:00,3.0145239145808427,3.121421993218103,2.993144162925541,3.043030023574829,692800,0.0,0.0
2023-04-27 00:00:00-04:00,3.06440898411793,3.149927289022361,3.0430292379820543,3.135674238204956,350500,0.0,0.0
2023-04-28 00:00:00-04:00,3.139238529067889,3.2176301622071013,3.135675180338023,3.185560703277588,561700,0.0,0.0
2023-05-01 00:00:00-04:00,3.1855602088323822,3.1998132617199255,3.08578883861958,3.0929155349731445,363300,0.0,0.0
2023-05-02 00:00:00-04:00,3.0715362580740706,3.092916010602965,2.896936248396713,2.943258762359619,732900,0.0,0.0
2023-05-03 00:00:00-04:00,2.9218785145386916,3.021649883181981,2.900499105453491,2.900499105453491,518200,0.0,0.0
2023-05-04 00:00:00-04:00,2.8791194214629194,2.907625527432288,2.8292337360165245,2.871993064880371,655600,0.0,0.0
2023-05-05 00:00:00-04:00,2.950385119989492,2.982454578873014,2.907625954751341,2.943258762359619,598800,0.0,0.0
2023-05-08 00:00:00-04:00,2.9503847947980075,2.993143955323242,2.9183153394491814,2.9290053844451904,439200,0.0,0.0
2023-05-09 00:00:00-04:00,2.9076259978253143,2.964638218987435,2.900499640089871,2.9218790531158447,400800,0.0,0.0
2023-05-10 00:00:00-04:00,3.0857889868982222,3.121421790739104,2.921878700905449,3.0216500759124756,823100,0.0,0.0
2023-05-11 00:00:00-04:00,3.0002706692390495,3.1000420443716243,2.9788909189436965,3.078662633895874,642700,0.0,0.0
2023-05-12 00:00:00-04:00,3.078662761147505,3.0822257698276663,3.0216502046099074,3.071536064147949,352700,0.0,0.0
2023-05-15 00:00:00-04:00,3.100041716276375,3.112869565095942,3.0501562038995598,3.0644092559814453,413400,0.0,0.0
2023-05-16 00:00:00-04:00,3.0359031669609364,3.071535627433603,2.9931436706824273,3.000270366668701,283400,0.0,0.0
2023-05-17 00:00:00-04:00,3.007396853376909,3.107168562598112,2.961074686733702,3.1000418663024902,498700,0.0,0.0
2023-05-18 00:00:00-04:00,3.1142955226304756,3.1570546892322624,3.064409998171549,3.149928331375122,308100,0.0,0.0
2023-05-19 00:00:00-04:00,3.1784340441447645,3.328091278406887,3.1713073473610414,3.2710790634155273,656800,0.0,0.0
2023-05-22 00:00:00-04:00,3.363723413143854,3.4563684233332594,3.3245276041342935,3.413609266281128,1131100,0.0,0.0
2023-05-23 00:00:00-04:00,3.420736324164977,3.5988996673023275,3.420736324164977,3.513381004333496,1199300,0.0,0.0
2023-05-24 00:00:00-04:00,3.5133805926496016,3.5133805926496016,3.3993561751448977,3.4349889755249023,518100,0.0,0.0
2023-05-25 00:00:00-04:00,3.42786299578922,3.42786299578922,3.2782057466329233,3.377977132797241,786800,0.0,0.0
2023-05-26 00:00:00-04:00,3.377976636537192,3.4706216514176447,3.3280911206935566,3.442115545272827,620500,0.0,0.0
2023-05-30 00:00:00-04:00,3.4777485468229954,3.5026913061717697,3.43498938515955,3.4634954929351807,415900,0.0,0.0
2023-05-31 00:00:00-04:00,3.456368870741571,3.4706219249372627,3.2782055233856178,3.3280913829803467,2041900,0.0,0.0
2023-06-01 00:00:00-04:00,3.349470678911529,3.456368751604366,3.2853321071515107,3.4278626441955566,625300,0.0,0.0
2023-06-02 00:00:00-04:00,3.470621634133432,3.620278860558204,3.470621634133432,3.613152503967285,649900,0.0,0.0
2023-06-05 00:00:00-04:00,3.584646969562205,3.606026382563652,3.520508050918579,3.520508050918579,337200,0.0,0.0
2023-06-06 00:00:00-04:00,3.549013346342606,3.7485564141704333,3.549013346342606,3.7271766662597656,904200,0.0,0.0
2023-06-07 00:00:00-04:00,3.7770621535847964,3.8412007114865956,3.7200496112660955,3.7841885089874268,768600,0.0,0.0
2023-06-08 00:00:00-04:00,3.7841888742621266,3.8055686221727942,3.687980858213034,3.7271766662597656,283700,0.0,0.0
2023-06-09 00:00:00-04:00,3.7129238082671137,3.7164871564083444,3.6345318482579434,3.6416585445404053,573200,0.0,0.0
2023-06-12 00:00:00-04:00,3.655911679612306,3.723613596722346,3.6202788770367547,3.7057971954345703,464100,0.0,0.0
2023-06-13 00:00:00-04:00,3.7271780501660143,3.7735005713224385,3.712924992873245,3.7485578060150146,713700,0.0,0.0
2023-06-14 00:00:00-04:00,3.7913159677343833,3.816258726396054,3.67372819144422,3.712924003601074,476300,0.0,0.0
2023-06-15 00:00:00-04:00,3.705797519940767,3.777063131332398,3.6658891037882886,3.7770631313323975,434100,0.0,0.0
2023-06-16 00:00:00-04:00,3.805569041073108,3.805569041073108,3.6951076210447527,3.755683183670044,926200,0.0,0.0
2023-06-20 00:00:00-04:00,3.748556979577794,3.791316142029072,3.6951077716489853,3.7414302825927734,522100,0.0,0.0
2023-06-21 00:00:00-04:00,3.705797519940767,3.777063131332398,3.659475348283675,3.7770631313323975,531800,0.0,0.0
2023-06-22 00:00:00-04:00,3.7057972207773155,3.755683076760323,3.663038061285992,3.6986708641052246,589500,0.0,0.0
2023-06-23 00:00:00-04:00,3.69867170773024,3.720051122442507,3.655912538486035,3.691545009613037,1175100,0.0,0.0
2023-06-26 00:00:00-04:00,3.691544465626365,3.8126955972085934,3.570393673863756,3.7770631313323975,856200,0.0,0.0
2023-06-27 00:00:00-04:00,3.791316509246826,3.8483287313705956,3.713637135720418,3.791316509246826,539500,0.0,0.0
2023-06-28 00:00:00-04:00,3.7913160257216543,3.8412015438079834,3.7307404624857363,3.8412015438079834,518500,0.0,0.0
2023-06-29 00:00:00-04:00,3.841201839664956,3.933846865846135,3.791316317736346,3.9195938110351562,1134800,0.0,0.0
2023-06-30 00:00:00-04:00,3.949175621842418,3.9935483380533103,3.882616371204579,3.9195938110351562,701400,0.2,0.0
2023-07-03 00:00:00-04:00,3.882615912825119,3.949175155605011,3.8752202846749264,3.897406816482544,261000,0.0,0.0
2023-07-05 00:00:00-04:00,3.8826164308003803,3.919593871198539,3.8301085923864777,3.8456389904022217,415500,0.0,0.0
2023-07-06 00:00:00-04:00,3.801265963375208,3.801265963375208,3.6903340038743777,3.793870687484741,551300,0.0,0.0
2023-07-07 00:00:00-04:00,3.8012657881200984,3.9343842744409367,3.793870512570586,3.8678250312805176,740500,0.0,0.0
2023-07-10 00:00:00-04:00,3.860429698779982,3.941779851913452,3.8234526129142155,3.941779851913452,663400,0.0,0.0
2023-07-11 00:00:00-04:00,3.9713619637384294,4.0083394050598145,3.9380823370777867,4.0083394050598145,919000,0.0,0.0
2023-07-12 00:00:00-04:00,4.074897726054027,4.178434044364814,4.067502098424646,4.134061336517334,705700,0.0,0.0
2023-07-13 00:00:00-04:00,4.193225745309372,4.241296276123468,4.159946119927076,4.185830116271973,552700,0.0,0.0
2023-07-14 00:00:00-04:00,4.185829692934288,4.185829692934288,4.089688993672375,4.1192708015441895,385300,0.0,0.0
2023-07-17 00:00:00-04:00,4.148852239133161,4.159945327934297,4.078595187225782,4.134061336517334,551500,0.0,0.0
2023-07-18 00:00:00-04:00,4.148852931889554,4.215411828453005,4.126666397939741,4.163643836975098,487500,0.0,0.0
2023-07-19 00:00:00-04:00,4.1784350066766365,4.270878257476372,4.1784350066766365,4.267180442810059,482200,0.0,0.0
2023-07-20 00:00:00-04:00,4.2228080470763025,4.248692046430226,4.141457881422917,4.178435325622559,356900,0.0,0.0
2023-07-21 00:00:00-04:00,4.2154119795624325,4.2154119795624325,4.100782549201105,4.12666654586792,385400,0.0,0.0
2023-07-24 00:00:00-04:00,4.126666711924348,4.208016872406006,4.104480528929455,4.208016872406006,479900,0.0,0.0
2023-07-25 00:00:00-04:00,4.208016127181545,4.2671797415476265,4.174736505939885,4.244993209838867,721500,0.0,0.0
2023-07-26 00:00:00-04:00,4.208016775381768,4.3500095422614296,4.208016775381768,4.318948745727539,501600,0.0,0.0
2023-07-27 00:00:00-04:00,4.341134378136896,4.370716186128329,4.230202421847539,4.252388954162598,389400,0.0,0.0
2023-07-28 00:00:00-04:00,4.281971043830382,4.355925568673837,4.252389233893001,4.348530292510986,381300,0.0,0.0
2023-07-31 00:00:00-04:00,4.3559251713075,4.3559251713075,4.182132141940283,4.237597942352295,671400,0.0,0.0
2023-08-01 00:00:00-04:00,4.237598622967347,4.237598622967347,4.086731240760957,4.141457557678223,460300,0.0,0.0
2023-08-02 00:00:00-04:00,4.104480111049603,4.185829910605963,4.078595763333502,4.148852825164795,324500,0.0,0.0
2023-08-03 00:00:00-04:00,4.148852923201312,4.17103910446167,4.050493386956271,4.17103910446167,346000,0.0,0.0
2023-08-04 00:00:00-04:00,4.185829755358815,4.237598096228009,4.163643575445569,4.193225383758545,298100,0.0,0.0
2023-08-07 00:00:00-04:00,4.215411828453005,4.215411828453005,4.13406202680401,4.163643836975098,239500,0.0,0.0
2023-08-08 00:00:00-04:00,4.111875899321634,4.3189489436318445,4.0157348304403575,4.230203151702881,768000,0.0,0.0
2023-08-09 00:00:00-04:00,4.215411500806101,4.297501141075423,4.1192708015441895,4.1192708015441895,535400,0.0,0.0
2023-08-10 00:00:00-04:00,4.111875809023191,4.171039433914557,4.067503090354666,4.074898719787598,557200,0.0,0.0
2023-08-11 00:00:00-04:00,4.067503019749226,4.119271366952065,3.956571048682007,4.015734672546387,625200,0.0,0.0
2023-08-14 00:00:00-04:00,4.000943455346182,4.0305252649771965,3.934384559997891,3.9639663696289062,436700,0.0,0.0
2023-08-15 00:00:00-04:00,3.941779868397353,3.941779868397353,3.7642890091562595,3.7790799140930176,652000,0.0,0.0
2023-08-16 00:00:00-04:00,3.7716839393326627,3.832326890860783,3.7642886638641357,3.7642886638641357,328900,0.0,0.0
2023-08-17 00:00:00-04:00,3.7642888329766717,3.801265917266437,3.6755430548666936,3.6977295875549316,440000,0.0,0.0
2023-08-18 00:00:00-04:00,3.645961246377692,3.8086615457101742,3.633389171723502,3.6977295875549316,700900,0.0,0.0
2023-08-21 00:00:00-04:00,3.705124942594627,3.7494976520538326,3.6829384115435504,3.749497652053833,393900,0.0,0.0
2023-08-22 00:00:00-04:00,3.7790802428849504,3.80126642589886,3.6496595489460675,3.6755435466766357,543900,0.0,0.0
2023-08-23 00:00:00-04:00,3.682938727983911,3.801265963375208,3.6607521950265536,3.793870687484741,256600,0.0,0.0
2023-08-24 00:00:00-04:00,3.7568933963775635,3.816057016376739,3.690334147556995,3.7568933963775635,271800,0.0,0.0
2023-08-25 00:00:00-04:00,3.7790799140930176,3.834545719445112,3.72731157049287,3.7790799140930176,228300,0.0,0.0
2023-08-28 00:00:00-04:00,3.786474862730377,3.904802444632736,3.782777048655281,3.897406816482544,242300,0.0,0.0
2023-08-29 00:00:00-04:00,3.904803247864108,3.949175967964003,3.871523619628429,3.934385061264038,295000,0.0,0.0
2023-08-30 00:00:00-04:00,3.919594154564073,3.9565712449924693,3.8974076181926094,3.934385061264038,502300,0.0,0.0
2023-08-31 00:00:00-04:00,3.9639665015449137,4.015734493800473,3.9491755962371826,3.9491755962371826,238000,0.0,0.0
2023-09-01 00:00:00-04:00,3.9935482866524663,4.023130097078981,3.949175571012694,3.978757381439209,217300,0.0,0.0
2023-09-05 00:00:00-04:00,3.949175571012694,4.0009435629375965,3.949175571012694,3.978757381439209,269000,0.0,0.0
2023-09-06 00:00:00-04:00,3.971362170630576,3.971362170630576,3.882616730007588,3.912198543548584,265000,0.0,0.0
2023-09-07 00:00:00-04:00,3.89001186117278,3.952872942408883,3.875220603654887,3.941779851913452,466200,0.0,0.0
2023-09-08 00:00:00-04:00,3.934384559997891,3.9861525505306736,3.919593655182383,3.9639663696289062,409300,0.0,0.0
2023-09-11 00:00:00-04:00,3.993548277837584,4.023130088198804,3.9713617437451716,3.9861526489257812,214400,0.0,0.0
2023-09-12 00:00:00-04:00,3.963966361045232,4.0231299801791485,3.963966361045232,3.9713616371154785,285400,0.0,0.0
2023-09-13 00:00:00-04:00,3.986152357020906,3.9898501712060175,3.901104746621163,3.9048025608062744,282600,0.0,0.0
2023-09-14 00:00:00-04:00,3.9343844450515957,3.989850248328523,3.9343844450515957,3.956570625305176,272100,0.0,0.0
2023-09-15 00:00:00-04:00,3.9491755622957547,4.000943554106391,3.930686842659244,3.9861526489257812,790100,0.0,0.0
2023-09-18 00:00:00-04:00,4.000943446682436,4.000943446682436,3.9417798275485203,3.9713616371154785,342400,0.0,0.0
2023-09-19 00:00:00-04:00,3.971361661663261,4.0379209099218265,3.941779851913452,3.941779851913452,236000,0.0,0.0
2023-09-20 00:00:00-04:00,3.9491755962371826,4.030525399108204,3.9343846909294515,3.9491755962371826,293100,0.0,0.0
2023-09-21 00:00:00-04:00,3.9269889544789054,3.949175488154793,3.7790799054496205,3.78647518157959,488800,0.0,0.0
2023-09-22 00:00:00-04:00,3.823452579750459,3.864127479642894,3.779079865510624,3.8382434844970703,318400,0.0,0.0
2023-09-25 00:00:00-04:00,3.823452278184184,3.853034085344208,3.7494977602841235,3.7642886638641357,472800,0.0,0.0
2023-09-26 00:00:00-04:00,3.7421025842625566,3.7642891186344474,3.6459615230560303,3.6459615230560303,568400,0.0,0.0
2023-09-27 00:00:00-04:00,3.697729170571096,3.7125200731476635,3.564611047381993,3.6089837551116943,586800,0.0,0.0
2023-09-28 00:00:00-04:00,3.6237750663324277,3.749497928732171,3.5904954436215575,3.6977295875549316,1065400,0.0,0.0
2023-09-29 00:00:00-04:00,3.73624767206036,3.7863211395344027,3.705433287051171,3.7593586444854736,490000,0.2,0.0
2023-10-02 00:00:00-04:00,3.759358238584628,3.7670616503369594,3.551360978562008,3.566768169403076,671500,0.0,0.0
2023-10-03 00:00:00-04:00,3.551361465458957,3.551361465458957,3.381881975634914,3.412696361541748,871500,0.0,0.0
2023-10-04 00:00:00-04:00,3.389585570106376,3.497435914872509,3.3433639937780337,3.4820287227630615,525600,0.0,0.0
2023-10-05 00:00:00-04:00,3.4666216857221457,3.574472035312628,3.4666216857221457,3.535954236984253,385200,0.0,0.0
2023-10-06 00:00:00-04:00,3.5128433937354577,3.5744721672040063,3.4743255939858475,3.551361560821533,327300,0.0,0.0
2023-10-09 00:00:00-04:00,3.512843156620702,3.582175705761147,3.512843156620702,3.5436575412750244,450300,0.0,0.0
2023-10-10 00:00:00-04:00,3.5821755722410433,3.597582763993925,3.527479912950564,3.528250217437744,285700,0.0,0.0
2023-10-11 00:00:00-04:00,3.5282498477107977,3.562916117356194,3.4897320560331044,3.5205464363098145,599900,0.0,0.0
2023-10-12 00:00:00-04:00,3.5128431083962495,3.5128431083962495,3.4512143399336472,3.489732503890991,309000,0.0,0.0
2023-10-13 00:00:00-04:00,3.497436217158446,3.5012881073528384,3.3818820826819445,3.397289276123047,347700,0.0,0.0
2023-10-16 00:00:00-04:00,3.4666216373443604,3.493584132531598,3.443510664800695,3.4666216373443604,488800,0.0,0.0
2023-10-17 00:00:00-04:00,3.4589179413960625,3.5128433004167476,3.415007643501255,3.4204001426696777,521800,0.0,0.0
2023-10-18 00:00:00-04:00,3.3972890468746955,3.420400019145059,3.2470690127948805,3.258624315261841,372600,0.0,0.0
2023-10-19 00:00:00-04:00,3.235513105252468,3.2663274877911457,3.1199593544006348,3.1199593544006348,918900,0.0,0.0
2023-10-20 00:00:00-04:00,3.143070952552711,3.2085516280089372,3.1276637564063368,3.181589126586914,457200,0.0,0.0
2023-10-23 00:00:00-04:00,3.158477499154827,3.196995665267728,3.0891453144226437,3.1045525074005127,495400,0.0,0.0
2023-10-24 00:00:00-04:00,3.1353670677035352,3.2046992562910495,3.1353670677035352,3.173884868621826,369900,0.0,0.0
2023-10-25 00:00:00-04:00,3.135367133757405,3.1815887162350065,3.0737381734523614,3.096848964691162,326300,0.0,0.0
2023-10-26 00:00:00-04:00,3.112256560259962,3.2663285217237097,3.112256560259962,3.181589126586914,549700,0.0,0.0
2023-10-27 00:00:00-04:00,3.1738848026423554,3.204699189671002,3.0737380447992537,3.0891454219818115,407600,0.0,0.0
2023-10-30 00:00:00-04:00,3.112255987486208,3.1892919540405273,3.0737380042090483,3.1892919540405273,325100,0.0,0.0
2023-10-31 00:00:00-04:00,3.1892918700005874,3.281735394766287,3.1892918700005874,3.23551344871521,552100,0.0,0.0
2023-11-01 00:00:00-04:00,3.2355134497200826,3.266327835539401,3.173884678081446,3.2432172298431396,276800,0.0,0.0
2023-11-02 00:00:00-04:00,3.3279565276983205,3.582175360244144,3.3279565276983205,3.566768169403076,802400,0.0,0.0
2023-11-03 00:00:00-04:00,3.636101030394965,3.7246926699443907,3.620693836647648,3.6823229789733887,700700,0.0,0.0
2023-11-06 00:00:00-05:00,3.6669156311704887,3.6784709341613926,3.59835338310668,3.6283974647521973,161800,0.0,0.0
2023-11-07 00:00:00-05:00,3.6283974638405736,3.636100876720421,3.5590649112396524,3.6206936836242676,236200,0.0,0.0
2023-11-08 00:00:00-05:00,3.4589188691077344,3.597584010255973,3.3279578775094203,3.5898802280426025,402100,0.0,0.0
2023-11-09 00:00:00-05:00,3.6206934517480893,3.636100643857537,3.4820287227630615,3.4820287227630615,333900,0.0,0.0
2023-11-10 00:00:00-05:00,3.5282505250473446,3.651508069816575,3.474325532879036,3.6206936836242676,414700,0.0,0.0
2023-11-13 00:00:00-05:00,3.5821762082806767,3.59758340276921,3.543658038391097,3.574472427368164,206300,0.0,0.0
2023-11-14 00:00:00-05:00,3.690026744259714,3.8672096729278564,3.6630642444634236,3.8672096729278564,692700,0.0,0.0
2023-11-15 00:00:00-05:00,3.836394598274967,3.9519487254645904,3.830231794754448,3.9057271480560303,471200,0.0,0.0
2023-11-16 00:00:00-05:00,3.921134232036638,3.9442448364332776,3.8749126559069236,3.9134304523468018,463000,0.0,0.0
2023-11-17 00:00:00-05:00,3.9750595544393117,4.071354604632795,3.959652361101813,4.036688327789307,633500,0.0,0.0
2023-11-20 00:00:00-05:00,4.059799562264542,4.112183949509909,4.013577979282781,4.075206756591797,281000,0.0,0.0
2023-11-21 00:00:00-05:00,4.036688221271297,4.07520638726688,4.021281028340355,4.0597991943359375,310100,0.0,0.0
2023-11-22 00:00:00-05:00,4.098317514342469,4.135294705299007,4.07520654040934,4.106020927429199,285900,0.0,0.0
2023-11-24 00:00:00-05:00,4.090613688938771,4.106020882279283,4.044392108917236,4.044392108917236,193400,0.0,0.0
2023-11-27 00:00:00-05:00,4.044393061566383,4.059800258536031,4.013578667627087,4.052096843719482,250400,0.0,0.0
2023-11-28 00:00:00-05:00,4.036687801822298,4.129131317138672,4.013577198495517,4.129131317138672,405600,0.0,0.0
2023-11-29 00:00:00-05:00,4.159946590853079,4.267796953264417,4.159946590853079,4.206168174743652,332800,0.0,0.0
2023-11-30 00:00:00-05:00,4.229278564994853,4.252389539416981,4.167649789651147,4.236982345581055,450000,0.0,0.0
2023-12-01 00:00:00-05:00,4.2292788611529595,4.359469896951964,4.198464471323308,4.329425811767578,462300,0.0,0.0
2023-12-04 00:00:00-05:00,4.283203862958309,4.360239830984517,4.283203862958309,4.321722030639648,275600,0.0,0.0
2023-12-05 00:00:00-05:00,4.290907490602881,4.290907490602881,4.260093104489893,4.275500297546387,276700,0.0,0.0
2023-12-06 00:00:00-05:00,4.344832926415374,4.367943902028908,4.17535378548327,4.206168174743652,563900,0.0,0.0
2023-12-07 00:00:00-05:00,4.183057382580615,4.348685007621241,4.176124273260747,4.314018726348877,445000,0.0,0.0
2023-12-08 00:00:00-05:00,4.283203285208458,4.360239242843491,4.267796093681452,4.337128639221191,329500,0.0,0.0
2023-12-11 00:00:00-05:00,4.352536262828857,4.37179534598359,4.268566821902267,4.275500297546387,319800,0.0,0.0
2023-12-12 00:00:00-05:00,4.298610530925403,4.320951197689872,4.221574572319225,4.260092735290527,360800,0.0,0.0
2023-12-13 00:00:00-05:00,4.260092579704452,4.4912004470825195,4.175352844664288,4.4912004470825195,977800,0.0,0.0
2023-12-14 00:00:00-05:00,4.5836441293281105,4.66068046145379,4.545126330601725,4.56053352355957,490700,0.0,0.0
2023-12-15 00:00:00-05:00,4.575940182122683,4.575940182122683,4.429571682448368,4.4912004470825195,828600,0.0,0.0
2023-12-18 00:00:00-05:00,4.522015045334747,4.522015045334747,4.416475615557661,4.468090057373047,298300,0.0,0.0
2023-12-19 00:00:00-05:00,4.483497604924942,4.6337176459762315,4.483497604924942,4.629866123199463,403400,0.0,0.0
2023-12-20 00:00:00-05:00,4.622162342973008,4.830159633713334,4.5951998468533315,4.629866123199463,770800,0.0,0.0
2023-12-21 00:00:00-05:00,4.6760880477874265,4.7762346267700195,4.668384266992196,4.7762346267700195,474500,0.0,0.0
2023-12-22 00:00:00-05:00,4.7839376671248415,4.822455830466321,4.726160789449052,4.7531232833862305,388300,0.0,0.0
2023-12-26 00:00:00-05:00,4.760826899876772,4.860973834991455,4.722309102219433,4.860973834991455,386200,0.0,0.0
2023-12-27 00:00:00-05:00,4.876380815498086,4.934158060476625,4.837863019515489,4.899491786956787,443700,0.0,0.0
2023-12-28 00:00:00-05:00,4.859723687895241,4.903469017316967,4.819954930775143,4.867677211761475,375200,0.2,0.0
2023-12-29 00:00:00-05:00,4.827908166849614,4.835861689616938,4.70462534022124,4.7245097160339355,446200,0.0,0.0
2024-01-02 00:00:00-05:00,4.684741516017736,4.700648942688343,4.613158285631491,4.6608805656433105,374000,0.0,0.0
2024-01-03 00:00:00-05:00,4.613158923040065,4.621112447842838,4.4620381591571885,4.469991683959961,460400,0.0,0.0
2024-01-04 00:00:00-05:00,4.46999073589491,4.565435288862936,4.430222361789702,4.55748176574707,327000,0.0,0.0
2024-01-05 00:00:00-05:00,4.5177131318003925,4.621111589880464,4.509759608474283,4.565435409545898,301600,0.0,0.0
2024-01-08 00:00:00-05:00,4.549527663997721,4.7245097160339355,4.541574141230397,4.7245097160339355,307400,0.0,0.0
2024-01-09 00:00:00-05:00,4.6370192966907995,4.64099624822624,4.581343492246529,4.621111869812012,415800,0.0,0.0
2024-01-10 00:00:00-05:00,4.613158542584352,4.668834349401132,4.597251115027702,4.652926921844482,318000,0.0,0.0
2024-01-11 00:00:00-05:00,4.621111610985454,4.656903414273786,4.533620578420972,4.62906551361084,359100,0.0,0.0
2024-01-12 00:00:00-05:00,4.676787835065308,4.764278489180442,4.656903457579884,4.700648784637451,476000,0.0,0.0
2024-01-16 00:00:00-05:00,4.676787581103714,4.676787581103714,4.501805523849509,4.509759426116943,467300,0.0,0.0
2024-01-17 00:00:00-05:00,4.454083862292155,4.549528427086425,4.271148256804976,4.4063615798950195,651200,0.0,0.0
2024-01-18 00:00:00-05:00,4.4461299373229854,4.454083460707249,4.3308010037790075,4.430222511291504,333800,0.0,0.0
2024-01-19 00:00:00-05:00,4.4540838372478575,4.533620974129198,4.366592797046891,4.51771354675293,288300,0.0,0.0
2024-01-22 00:00:00-05:00,4.565435705261481,4.648949791541288,4.549528278315946,4.597250938415527,247000,0.0,0.0
2024-01-23 00:00:00-05:00,4.629065850898771,4.6767881323394205,4.581343569458121,4.644973278045654,306300,0.0,0.0
2024-01-24 00:00:00-05:00,4.692695480398043,4.716556431084737,4.613158346004104,4.621111869812012,283400,0.0,0.0
2024-01-25 00:00:00-05:00,4.692694922327614,4.740417197288689,4.597250372405461,4.684741020202637,338700,0.0,0.0
2024-01-26 00:00:00-05:00,4.724510648828797,4.796094264182612,4.6934911074596775,4.748371601104736,261600,0.0,0.0
2024-01-29 00:00:00-05:00,4.72451085288063,4.871654662480731,4.7165569489364545,4.843816757202148,376900,0.0,0.0
2024-01-30 00:00:00-05:00,4.819954322223817,4.819954322223817,4.676787497340588,4.684741020202637,205200,0.0,0.0
2024-01-31 00:00:00-05:00,4.6847410371088625,4.6847410371088625,4.438175759288704,4.462037086486816,426400,0.0,0.0
2024-02-01 00:00:00-05:00,4.501805738801694,4.501805738801694,4.3268240524553985,4.430222511291504,426500,0.0,0.0
2024-02-02 00:00:00-05:00,4.358638980139651,4.390453832754593,4.259217470902216,4.279101848602295,500000,0.0,0.0
2024-02-05 00:00:00-05:00,4.239333075041475,4.318870206238105,4.105710770483727,4.302962779998779,344400,0.0,0.0
2024-02-06 00:00:00-05:00,4.271147987318709,4.354662071060156,4.23933313439463,4.350685119628906,242300,0.0,0.0
2024-02-07 00:00:00-05:00,4.358638830986821,4.358638830986821,4.11605049328353,4.1200270652771,344600,0.0,0.0
2024-02-08 00:00:00-05:00,4.135934352874756,4.167749203338182,4.088212077179616,4.135934352874756,270900,0.0,0.0
2024-02-09 00:00:00-05:00,4.143888393553251,4.167749342566455,4.064351264737659,4.1200270652771,304700,0.0,0.0
2024-02-12 00:00:00-05:00,4.135934826743296,4.263194622440536,4.135934826743296,4.22342586517334,375900,0.0,0.0
2024-02-13 00:00:00-05:00,4.0563975770572585,4.112073759808336,3.968906541094984,4.04049015045166,687500,0.0,0.0
2024-02-14 00:00:00-05:00,4.088212411184208,4.1876339218208285,4.036513180141609,4.15184211730957,420900,0.0,0.0
2024-02-15 00:00:00-05:00,3.897323410388487,3.9768605454447874,3.5553131607519304,3.865508556365967,1784300,0.0,0.0
2024-02-16 00:00:00-05:00,3.8257393563018063,3.8257393563018063,3.7143873801141654,3.746202230453491,778100,0.0,0.0
2024-02-20 00:00:00-05:00,3.642804227122421,3.6785960329903498,3.5394057611179557,3.579174518585205,837100,0.0,0.0
2024-02-21 00:00:00-05:00,3.5871282267276894,3.7541560129239735,3.5553129949261093,3.738248586654663,536500,0.0,0.0
2024-02-22 00:00:00-05:00,3.7382484864814702,3.7462023890344653,3.6706418318328033,3.7223410606384277,413500,0.0,0.0
2024-02-23 00:00:00-05:00,3.6825726856622962,3.7541559123245123,3.6507578339762117,3.7223410606384277,438700,0.0,0.0
2024-02-26 00:00:00-05:00,3.6905261263377107,3.758132779472962,3.650757752251818,3.682572603225708,364800,0.0,0.0
2024-02-27 00:00:00-05:00,3.714387914820656,3.7302953422802805,3.6666656324417835,3.7064340114593506,285900,0.0,0.0
2024-02-28 00:00:00-05:00,3.6587112319747686,3.698479984851979,3.618942858360493,3.626896381378174,210100,0.0,0.0
2024-02-29 00:00:00-05:00,3.69848064021053,3.8217631133018464,3.65553062222082,3.770063877105713,441800,0.0,0.0
2024-03-01 00:00:00-05:00,3.7700634587529622,3.8138091656677453,3.706433753345598,3.8018786907196045,272700,0.0,0.0
2024-03-04 00:00:00-05:00,3.817786527624512,3.817786527624512,3.674619295799217,3.6905267238616943,238600,0.0,0.0
2024-03-05 00:00:00-05:00,3.6587117290804776,3.738248866378599,3.6348507775225345,3.7064340114593506,275500,0.0,0.0
2024-03-06 00:00:00-05:00,3.7541561318024783,3.7541561318024783,3.7024572792373496,3.730295181274414,183100,0.0,0.0
2024-03-07 00:00:00-05:00,3.7939252089127753,3.817786540719838,3.754156448988672,3.770063877105713,161100,0.0,0.0
2024-03-08 00:00:00-05:00,3.8257403826322247,3.8655091458566044,3.762110664883644,3.7939255237579346,244000,0.0,0.0
2024-03-11 00:00:00-04:00,3.770063105892364,3.8416467074072322,3.770063105892364,3.8098318576812744,236700,0.0,0.0
2024-03-12 00:00:00-04:00,3.778017007955316,3.8496006094701842,3.778017007955316,3.8098318576812744,360000,0.0,0.0
2024-03-13 00:00:00-04:00,3.7939246126403585,3.897323068782,3.7939246126403585,3.8496007919311523,254500,0.0,0.0
2024-03-14 00:00:00-04:00,3.841646781471469,3.857554206641132,3.7223409030675305,3.746202230453491,300000,0.0,0.0
2024-03-15 00:00:00-04:00,3.6189427593255252,3.8177857597442264,3.575197056505139,3.8098318576812744,997600,0.0,0.0
2024-03-18 00:00:00-04:00,3.865508537796154,3.8893694885669285,3.750179597702812,3.7859714031219482,565900,0.0,0.0
2024-03-19 00:00:00-04:00,3.7859708445645524,3.809831791815039,3.7462020934631837,3.7621095180511475,356600,0.0,0.0
2024-03-20 00:00:00-04:00,3.738248167492747,3.905276314223474,3.714387220395738,3.881415367126465,395100,0.0,0.0
2024-03-21 00:00:00-04:00,3.9052768746080746,3.960953057928499,3.8734620210715383,3.9211843013763428,390900,0.0,0.0
2024-03-22 00:00:00-04:00,3.929137920015899,3.945045345632848,3.8496007919311523,3.8496007919311523,376000,0.0,0.0
2024-03-25 00:00:00-04:00,3.8814152307972023,3.9887902474881782,3.8734613292022915,3.897322654724121,462800,0.0,0.0
2024-03-26 00:00:00-04:00,3.937091625078773,3.9585670109535704,3.793924787912204,3.8018786907196045,467600,0.0,0.0
2024-03-27 00:00:00-04:00,3.8575538229032382,3.952998364426679,3.825738975728758,3.8734612464904785,1059200,0.0,0.0
2024-03-28 00:00:00-04:00,3.8734616845969616,3.9309072343635103,3.8570487262802042,3.914494276046753,814100,0.15,0.0
2024-04-01 00:00:00-04:00,3.889874273670871,3.889874273670871,3.7774457350969457,3.7831902503967285,373900,0.0,0.0
2024-04-02 00:00:00-04:00,3.758571503559445,3.758571503559445,3.64368077922749,3.7011263370513916,615300,0.0,0.0
2024-04-03 00:00:00-04:00,3.6436799073908333,3.7175384081611913,3.635473233387125,3.6929187774658203,560300,0.0,0.0
2024-04-04 00:00:00-04:00,3.717538957945463,3.7749841192039293,3.676506364490148,3.6847126483917236,376400,0.0,0.0
2024-04-05 00:00:00-04:00,3.6847123633086736,3.701125712473563,3.6354734897613525,3.6354734897613525,246900,0.0,0.0
2024-04-08 00:00:00-04:00,3.651886647122462,3.7011259146756337,3.651886647122462,3.676506280899048,161500,0.0,0.0
2024-04-09 00:00:00-04:00,3.717539297670242,3.733952258289093,3.684712985116693,3.7011263370513916,312500,0.0,0.0
2024-04-10 00:00:00-04:00,3.6436801953549827,3.6436801953549827,3.4672406034885768,3.4959635734558105,652000,0.0,0.0
2024-04-11 00:00:00-04:00,3.49596390876092,3.6272675852649017,3.49596390876092,3.6108546257019043,329700,0.0,0.0
2024-04-12 00:00:00-04:00,3.578028249864694,3.643680079736671,3.5698215754728104,3.6272671222686768,393800,0.0,0.0
2024-04-15 00:00:00-04:00,3.6518863512499538,3.701125614813805,3.5369956493377686,3.5369956493377686,594600,0.0,0.0
2024-04-16 00:00:00-04:00,3.536995897440177,3.561615530949046,3.4549311046036135,3.46313738822937,424600,0.0,0.0
2024-04-17 00:00:00-04:00,3.4877571508580116,3.536996028382815,3.4795504756126374,3.5123767852783203,243600,0.0,0.0
2024-04-18 00:00:00-04:00,3.5123764088716145,3.6026474790018743,3.5082730716886648,3.5369956493377686,314500,0.0,0.0
2024-04-19 00:00:00-04:00,3.5287898959896697,3.6026480197906494,3.5287898959896697,3.6026480197906494,278700,0.0,0.0
2024-04-22 00:00:00-04:00,3.6108541648006827,3.631370459464619,3.5575119552007584,3.6272671222686768,195900,0.0,0.0
2024-04-23 00:00:00-04:00,3.6436801952446567,3.7257449851861564,3.635473520592614,3.668299436569214,374800,0.0,0.0
2024-04-24 00:00:00-04:00,3.6354736591264194,3.692919209932389,3.5903381207676004,3.6436803340911865,349600,0.0,0.0
2024-04-25 00:00:00-04:00,3.586235018963563,3.6149579919120494,3.5452028153905943,3.5534090995788574,228500,0.0,0.0
2024-04-26 00:00:00-04:00,3.5698221000311405,3.6313709930670925,3.5698221000311405,3.6026480197906494,197800,0.0,0.0
2024-04-29 00:00:00-04:00,3.6272671222686768,3.651886362812782,3.602647490408799,3.6272671222686768,157000,0.0,0.0
2024-04-30 00:00:00-04:00,3.602648194569642,3.6272678312415865,3.504170430513562,3.520583391189575,333600,0.0,0.0
2024-05-01 00:00:00-04:00,3.5452029705047607,3.6272677725571256,3.5205833342311297,3.5452029705047607,273200,0.0,0.0
2024-05-02 00:00:00-04:00,3.6026481362834946,3.6026481362834946,3.5452029705047607,3.5452029705047607,255000,0.0,0.0
2024-05-03 00:00:00-04:00,3.6354734053447872,3.6929189521406536,3.619060447876793,3.6272671222686768,320500,0.0,0.0
2024-05-06 00:00:00-04:00,3.6600935043908973,3.6641968421106026,3.5780287065759087,3.6108546257019043,230500,0.0,0.0
2024-05-07 00:00:00-04:00,3.635473614249319,3.6888158269144373,3.5862347390159326,3.5944414138793945,273200,0.0,0.0
2024-05-08 00:00:00-04:00,3.126671804534837,3.282595119677414,2.8640642497448603,3.143084764480591,1148600,0.0,0.0
2024-05-09 00:00:00-04:00,3.134878100891261,3.167704018860085,3.036400346984789,3.0692262649536133,686000,0.0,0.0
2024-05-10 00:00:00-04:00,3.085639395742115,3.102052355640378,2.970748480796361,2.987161636352539,855300,0.0,0.0
2024-05-13 00:00:00-04:00,3.0199871278116803,3.0281936065968527,2.7819990473837994,2.839444398880005,1004800,0.0,0.0
2024-05-14 00:00:00-04:00,2.872270640059249,2.9215095183595094,2.699934370350429,2.7081408500671387,940200,0.0,0.0
2024-05-15 00:00:00-04:00,2.7491731350704742,2.8140043808513977,2.695831116944603,2.7163472175598145,419000,0.0,0.0
2024-05-16 00:00:00-04:00,2.7163472321204356,2.7655861086503637,2.7163472321204356,2.732760190963745,302200,0.0,0.0
2024-05-17 00:00:00-04:00,2.7491732490330287,2.806618802715898,2.745070107003058,2.798412322998047,281300,0.0,0.0
2024-05-20 00:00:00-04:00,2.8066190543668843,2.8886838589036063,2.798412573913212,2.8148255348205566,304100,0.0,0.0
2024-05-21 00:00:00-04:00,2.8230317762344583,2.8312382559932483,2.7081408639534894,2.7245538234710693,354600,0.0,0.0
2024-05-22 00:00:00-04:00,2.7245536520451528,2.7573795690149416,2.6671082973480225,2.6671082973480225,378900,0.0,0.0
2024-05-23 00:00:00-04:00,2.6671087123595734,2.708141114956596,2.55221778942998,2.5850439071655273,491000,0.0,0.0
2024-05-24 00:00:00-04:00,2.601456526794583,2.6260759651217924,2.5037993627326127,2.5193915367126465,541200,0.0,0.0
2024-05-28 00:00:00-04:00,2.5193918116066607,2.5522177329579514,2.3880881262014975,2.412707567214966,650500,0.0,0.0
2024-05-29 00:00:00-04:00,2.4003976502793325,2.453739868113031,2.3470554324456345,2.4373269081115723,677300,0.0,0.0
2024-05-30 00:00:00-04:00,2.437326850945705,2.553038353202593,2.4209138913292017,2.5111851692199707,667000,0.0,0.0
2024-05-31 00:00:00-04:00,2.5358048283911705,2.634282790281955,2.531701685960433,2.5850439071655273,548800,0.0,0.0
2024-06-03 00:00:00-04:00,2.6424889706806396,2.6589019298553467,2.54401101997449,2.6589019298553467,717400,0.0,0.0
2024-06-04 00:00:00-04:00,2.634282444564196,2.634282444564196,2.5111850572702434,2.5193915367126465,515900,0.0,0.0
2024-06-05 00:00:00-04:00,2.5440108926598604,2.576837005024404,2.4619461008932446,2.5604238510131836,446500,0.0,0.0
2024-06-06 00:00:00-04:00,2.552217371836522,2.593249963377727,2.539907750900478,2.5604238510131836,450000,0.0,0.0
2024-06-07 00:00:00-04:00,2.535804510116577,2.5686306237320444,2.4701526742014517,2.535804510116577,572400,0.0,0.0
2024-06-10 00:00:00-04:00,2.5111853987690043,2.6260763222446917,2.494772437652182,2.601456880569458,358600,0.0,0.0
2024-06-11 00:00:00-04:00,2.585043697252927,2.585043697252927,2.502978703064853,2.5275981426239014,442800,0.0,0.0
2024-06-12 00:00:00-04:00,2.626076096518007,2.6465921983215908,2.5275981426239014,2.5275981426239014,418200,0.0,0.0
2024-06-13 00:00:00-04:00,2.544011321002649,2.6178698416862805,2.5111853987690043,2.601456880569458,394400,0.0,0.0
2024-06-14 00:00:00-04:00,2.568630946126718,2.593250387684932,2.5604242699493844,2.5850439071655273,174000,0.0,0.0
2024-06-17 00:00:00-04:00,2.5604238358654756,2.6178693854201507,2.5275979193530302,2.544010877609253,568600,0.0,0.0
2024-06-18 00:00:00-04:00,2.5358044808879145,2.548114297809065,2.502978563308716,2.502978563308716,426100,0.0,0.0
2024-06-20 00:00:00-04:00,2.4619461663347177,2.544010960282714,2.2896099033860233,2.502978563308716,1394500,0.0,0.0
2024-06-21 00:00:00-04:00,2.502978563308716,2.5275980014931148,2.4455332075451186,2.502978563308716,1211300,0.0,0.0
2024-06-24 00:00:00-04:00,2.4865656045191167,2.544010960282714,2.4619461663347177,2.502978563308716,687000,0.0,0.0
2024-06-25 00:00:00-04:00,2.494771826958873,2.494771826958873,2.3224355817603657,2.3634681701660156,923800,0.0,0.0
2024-06-26 00:00:00-04:00,2.33884859085083,2.416810236633576,2.322435633386872,2.33884859085083,531200,0.0,0.0
2024-06-27 00:00:00-04:00,2.347055435180664,2.3716750708694576,2.273197115088034,2.347055435180664,510700,0.0,0.0
2024-06-28 00:00:00-04:00,2.379881548106468,2.453739868113031,2.3142295124427177,2.4373269081115723,1232000,0.0,0.0
2024-07-01 00:00:00-04:00,2.4289797742753945,2.437326775602463,2.3496831621641405,2.4039387702941895,697700,0.05,0.0
2024-07-02 00:00:00-04:00,2.4039388686514673,2.470714882000158,2.3872446663060773,2.4289798736572266,480600,0.0,0.0
2024-07-03 00:00:00-04:00,2.4373265681801115,2.479061571263704,2.412285566329956,2.412285566329956,172200,0.0,0.0
2024-07-05 00:00:00-04:00,2.403938870969273,2.408112272303481,2.3538566619012498,2.3788976669311523,408600,0.0,0.0
2024-07-08 00:00:00-04:00,2.387244890196312,2.412286096558804,2.303774865682126,2.312121868133545,354800,0.0,0.0
2024-07-09 00:00:00-04:00,2.3371622199050894,2.3371622199050894,2.25369221880455,2.270386219024658,375000,0.0,0.0
2024-07-10 00:00:00-04:00,2.2536925540478023,2.303774562157969,2.2411719525161558,2.2954275608062744,270700,0.0,0.0
2024-07-11 00:00:00-04:00,2.345509603151119,2.6460020542144775,2.345509603151119,2.6460020542144775,885200,0.0,0.0
2024-07-12 00:00:00-04:00,2.6460022603023554,2.7503398863520294,2.6000936491181954,2.637655258178711,673600,0.0,0.0
2024-07-15 00:00:00-04:00,2.6543489216573257,2.6543489216573257,2.5833993132108315,2.6126139163970947,406200,0.0,0.0
2024-07-16 00:00:00-04:00,2.6209608800400446,2.6793898865704078,2.6209608800400446,2.66269588470459,388700,0.0,0.0
2024-07-17 00:00:00-04:00,2.612613846112765,2.675216252814885,2.612613846112765,2.654348850250244,327400,0.0,0.0
2024-07-18 00:00:00-04:00,2.646002175912296,2.671043181484587,2.504102945327759,2.504102945327759,351100,0.0,0.0
2024-07-19 00:00:00-04:00,2.5291436724017897,2.5875726789698548,2.5124496705252,2.554184675216675,394400,0.0,0.0
2024-07-22 00:00:00-04:00,2.579225711765956,2.579225711765956,2.5082763023665815,2.5625317096710205,308200,0.0,0.0
2024-07-23 00:00:00-04:00,2.537490971084627,2.6793902026940377,2.537490971084627,2.6209611892700195,411600,0.0,0.0
2024-07-24 00:00:00-04:00,2.5875726480636607,2.604266649740856,2.4874086380004883,2.4874086380004883,402500,0.0,0.0
2024-07-25 00:00:00-04:00,2.5041028711303785,2.6293080942901836,2.4874088679101667,2.545837879180908,254200,0.0,0.0
2024-07-26 00:00:00-04:00,2.5959199883339963,2.5959199883339963,2.512449969033826,2.5708789825439453,366800,0.0,0.0
2024-07-29 00:00:00-04:00,2.595919888841544,2.6042668904516497,2.5374908775708023,2.545837879180908,218600,0.0,0.0
2024-07-30 00:00:00-04:00,2.5708787495789918,2.57922575075263,2.504102740189887,2.5124497413635254,348000,0.0,0.0
2024-07-31 00:00:00-04:00,2.5207966413548792,2.55001124379407,2.4540206346460978,2.4874086380004883,382800,0.0,0.0
2024-08-01 00:00:00-04:00,2.479061808927308,2.512449814595035,2.416459198796213,2.470714807510376,523100,0.0,0.0
2024-08-02 00:00:00-04:00,2.4039387365923126,2.4331531413233773,2.3371625279037214,2.3455095291137695,563800,0.0,0.0
2024-08-05 00:00:00-04:00,2.253692354693546,2.2870803571469303,2.1368341470985093,2.2453453540802,687200,0.0,0.0
2024-08-06 00:00:00-04:00,2.2119576297771797,2.2753948822173875,2.095099407487396,2.14518141746521,638800,0.0,0.0
2024-08-07 00:00:00-04:00,2.1869165574481113,2.2453457716149696,2.1493551472073933,2.1785695552825928,502900,0.0,0.0
2024-08-08 00:00:00-04:00,2.1952637586218593,2.2286517672839325,2.1034465357929273,2.1785695552825928,334700,0.0,0.0
2024-08-09 00:00:00-04:00,2.1869165574481113,2.1869165574481113,2.1159671385453196,2.1785695552825928,335700,0.0,0.0
2024-08-12 00:00:00-04:00,2.1618756769913716,2.1618756769913716,2.07840565046979,2.0867526531219482,412900,0.0,0.0
2024-08-13 00:00:00-04:00,2.0950991082547072,2.145181111079556,2.0867521077838993,2.1284871101379395,345800,0.0,0.0
2024-08-14 00:00:00-04:00,2.1284873814759866,2.151024265719335,2.0950993753364755,2.1368343830108643,214800,0.0,0.0
2024-08-15 00:00:00-04:00,2.1702223485608307,2.224477957026904,2.1618753471820664,2.1869163513183594,228000,0.0,0.0
2024-08-16 00:00:00-04:00,2.1785695552825928,2.224478166697059,2.161875550951556,2.1785695552825928,138100,0.0,0.0
2024-08-19 00:00:00-04:00,2.1618755458343513,2.2369987641544276,2.1618755458343513,2.228651762008667,192600,0.0,0.0
2024-08-20 00:00:00-04:00,2.220304597367857,2.220304597367857,2.111793378406231,2.1368343830108643,214100,0.0,0.0
2024-08-21 00:00:00-04:00,2.153528280160994,2.186916284658342,2.0950992722906348,2.170222282409668,263400,0.0,0.0
2024-08-22 00:00:00-04:00,2.1869165702353484,2.1869165702353484,2.1034465480921027,2.120140552520752,201900,0.0,0.0
2024-08-23 00:00:00-04:00,2.128487210903081,2.241171822097709,2.128487210903081,2.1535282135009766,397500,0.0,0.0
2024-08-26 00:00:00-04:00,2.13683424924287,2.186916255316952,2.1034462451934814,2.1034462451934814,306100,0.0,0.0
2024-08-27 00:00:00-04:00,2.103446409150365,2.1660490211267414,2.086752405824427,2.14518141746521,211200,0.0,0.0
2024-08-28 00:00:00-04:00,2.1451816716870553,2.1618756769913716,2.0533646425133156,2.0867526531219482,266700,0.0,0.0
2024-08-29 00:00:00-04:00,2.103446208305186,2.218634939660423,2.0950992074392207,2.1535282135009766,277700,0.0,0.0
2024-08-30 00:00:00-04:00,2.186916186016667,2.228651388764075,2.1326607806597893,2.195263385772705,262200,0.0,0.0
2024-09-03 00:00:00-04:00,2.1702224845821387,2.2453457007076665,2.1702224845821387,2.2119576930999756,664600,0.0,0.0
2024-09-04 00:00:00-04:00,2.195263385772705,2.257865791877425,2.1743957843990014,2.195263385772705,199600,0.0,0.0
2024-09-05 00:00:00-04:00,2.2119572182542804,2.291253619795703,2.1952632180341727,2.270386219024658,285700,0.0,0.0
2024-09-06 00:00:00-04:00,2.2536925613566847,2.27455996529949,2.178569349939595,2.1869163513183594,295300,0.0,0.0
2024-09-09 00:00:00-04:00,2.186916284658342,2.2203044881638947,2.161875281285331,2.170222282409668,277600,0.0,0.0
2024-09-10 00:00:00-04:00,2.1535281830252972,2.220304388016232,2.1535281830252972,2.195263385772705,351300,0.0,0.0
2024-09-11 00:00:00-04:00,2.170222389150376,2.1785693906852535,2.0950993753364755,2.1368343830108643,283100,0.0,0.0
2024-09-12 00:00:00-04:00,2.1618752822316036,2.220304489135742,2.1243138766597482,2.220304489135742,388700,0.0,0.0
2024-09-13 00:00:00-04:00,2.228651697738841,2.3955917358398438,2.199437091567054,2.3955917358398438,555100,0.0,0.0
2024-09-16 00:00:00-04:00,2.4039389140684344,2.4039389140684344,2.3121216949710894,2.3288156986236572,359600,0.0,0.0
2024-09-17 00:00:00-04:00,2.337162423897532,2.541664242955472,2.337162423897532,2.4874086380004883,533100,0.0,0.0
2024-09-18 00:00:00-04:00,2.5041026396776838,2.629307851264847,2.4790616371618905,2.4874086380004883,602100,0.0,0.0
2024-09-19 00:00:00-04:00,2.562531924860698,2.562531924860698,2.4456739003829493,2.495755910873413,427200,0.0,0.0
2024-09-20 00:00:00-04:00,2.462368096311553,2.4957561059144378,2.3455098636932226,2.3705508708953857,886900,0.0,0.0
2024-09-23 00:00:00-04:00,2.5124500273158112,2.7336458821047396,2.454021012450298,2.637655258178711,947000,0.0,0.0
2024-09-24 00:00:00-04:00,2.6460021950231702,2.6793902026940377,2.5833995811361814,2.6209611892700195,343500,0.0,0.0
2024-09-25 00:00:00-04:00,2.612614049450892,2.6835634625024567,2.5959198474884033,2.5959198474884033,633100,0.0,0.0
2024-09-26 00:00:00-04:00,2.6376552145723067,2.737819238400106,2.6293082125866567,2.687737226486206,411500,0.0,0.0
2024-09-27 00:00:00-04:00,2.712777890302044,2.7461658940336804,2.646001882838772,2.66269588470459,385700,0.0,0.0
2024-09-30 00:00:00-04:00,2.671043058635055,2.7211250674762106,2.6209610497938995,2.6460020542144775,410000,0.0,0.0
2024-10-01 00:00:00-04:00,2.612078703674452,2.614622954034428,2.5103094980651584,2.527271032333374,593800,0.05,0.0
2024-10-02 00:00:00-04:00,2.4933479836032157,2.544232586812072,2.4933479836032157,2.5357518196105957,244800,0.0,0.0
2024-10-03 00:00:00-04:00,2.5103095180061676,2.5527133540135476,2.46366519729933,2.5357518196105957,346400,0.0,0.0
2024-10-04 00:00:00-04:00,2.5611941814422607,2.6035980184467795,2.5272711118386457,2.5611941814422607,240700,0.0,0.0
2024-10-07 00:00:00-04:00,2.5696749899924303,2.5696749899924303,2.425501739670917,2.476386547088623,414700,0.0,0.0
2024-10-08 00:00:00-04:00,2.4679059406694486,2.484867476850204,2.421261615073641,2.4424636363983154,278700,0.0,0.0
2024-10-09 00:00:00-04:00,2.450944185256958,2.4636652351559234,2.4085401464005596,2.450944185256958,245600,0.0,0.0
2024-10-10 00:00:00-04:00,2.4255017644638226,2.4509442695314663,2.3830979263468315,2.400059461593628,283600,0.0,0.0
2024-10-11 00:00:00-04:00,2.3915786117369775,2.472146002487715,2.3915786117369775,2.450944185256958,335500,0.0,0.0
2024-10-14 00:00:00-04:00,2.4594251646751673,2.5611943814326423,2.4416154102043874,2.5442328453063965,379600,0.0,0.0
2024-10-15 00:00:00-04:00,2.5696752071380615,2.6460021214183134,2.5442329023779773,2.5696752071380615,332800,0.0,0.0
2024-10-16 00:00:00-04:00,2.6120788020270824,2.654482841491699,2.5823962170387857,2.654482841491699,344200,0.0,0.0
2024-10-17 00:00:00-04:00,2.6629633125940257,2.6629633125940257,2.60359774482911,2.6460015773773193,176000,0.0,0.0
2024-10-18 00:00:00-04:00,2.654482900398461,2.688405970964999,2.6375211629177415,2.6799252033233643,245300,0.0,0.0
2024-10-21 00:00:00-04:00,2.688405894653261,2.696886662054165,2.552713414041357,2.5611941814422607,346400,0.0,0.0
2024-10-22 00:00:00-04:00,2.552713739435265,2.5679792440212488,2.476386823097754,2.4933483600616455,273100,0.0,0.0
2024-10-23 00:00:00-04:00,2.4763864881512134,2.5611941614999085,2.4679057208163435,2.552713394165039,259600,0.0,0.0
2024-10-24 00:00:00-04:00,2.544232569793965,2.6417614930572975,2.544232569793965,2.629040241241455,298200,0.0,0.0
2024-10-25 00:00:00-04:00,2.654482762628699,2.654482762628699,2.5272710524091195,2.5357518196105957,189700,0.0,0.0
2024-10-28 00:00:00-04:00,2.5527136706313387,2.633281070137004,2.5399924171525643,2.5696752071380615,291100,0.0,0.0
2024-10-29 00:00:00-04:00,2.544232747607591,2.544232747607591,2.477234621822417,2.501828908920288,360000,0.0,0.0
2024-10-30 00:00:00-04:00,2.4933479836032157,2.5781556556179757,2.489955717162113,2.5357518196105957,292000,0.0,0.0
2024-10-31 00:00:00-04:00,2.527271032333374,2.55695381840147,2.493347963796943,2.527271032333374,313800,0.0,0.0
2024-11-01 00:00:00-04:00,2.544232747607591,2.561194283082512,2.501828908920288,2.501828908920288,317000,0.0,0.0
2024-11-04 00:00:00-05:00,2.501828790155822,2.582396180935804,2.4763864881512134,2.552713394165039,336400,0.0,0.0
2024-11-05 00:00:00-05:00,2.5442326268301696,2.5654346462660644,2.514549840059405,2.552713394165039,255100,0.0,0.0
2024-11-06 00:00:00-05:00,2.6205595936550483,2.6884059361058465,2.4763865456166774,2.578155755996704,656900,0.0,0.0
2024-11-07 00:00:00-05:00,2.6290404406817993,2.6587232290388916,2.433982579357945,2.612078905105591,847900,0.0,0.0
2024-11-08 00:00:00-05:00,2.6205596083728975,2.679925183625442,2.6163193256819723,2.6714444160461426,418800,0.0,0.0
2024-11-11 00:00:00-05:00,2.679925435822045,2.8834640790768518,2.651090661580948,2.874983310699463,663600,0.0,0.0
2024-11-12 00:00:00-05:00,2.849540533111675,2.9089061083204744,2.7732136249542236,2.7732136249542236,860500,0.0,0.0
2024-11-13 00:00:00-05:00,2.7986561018441787,2.9216273404050885,2.756252261339979,2.8495407104492188,563500,0.0,0.0
2024-11-14 00:00:00-05:00,2.8580214592591915,2.904665784597705,2.841059923171997,2.841059923171997,454500,0.0,0.0
2024-11-15 00:00:00-05:00,2.8665024972204765,2.896185084975578,2.7308100031197706,2.764733076095581,471300,0.0,0.0
2024-11-18 00:00:00-05:00,2.781694489861134,2.845300349983358,2.7647329541215355,2.815617561340332,347500,0.0,0.0
2024-11-19 00:00:00-05:00,2.8156172097677414,2.9597904477495676,2.8156172097677414,2.9513096809387207,488700,0.0,0.0
2024-11-20 00:00:00-05:00,2.9343483646411275,2.9979542215319794,2.904665577506078,2.942829132080078,478400,0.0,0.0
2024-11-21 00:00:00-05:00,2.951309997583211,3.027636907069906,2.951309997583211,2.9852330684661865,331200,0.0,0.0
2024-11-22 00:00:00-05:00,2.9937138361869304,3.044598442511394,2.9767523007454426,2.9852330684661865,504600,0.0,0.0
2024-11-25 00:00:00-05:00,3.0021946039076743,3.044598442511394,2.9767523007454426,2.9852330684661865,458200,0.0,0.0
2024-11-26 00:00:00-05:00,2.9767522018358803,2.985232969274831,2.925867597202177,2.942829132080078,345900,0.0,0.0
2024-11-27 00:00:00-05:00,2.9767521820332083,3.1039638949686434,2.9767521820332083,3.0361175537109375,367300,0.0,0.0
2024-11-29 00:00:00-05:00,3.061559795165725,3.0954830662207997,3.0106751918792725,3.0106751918792725,196000,0.0,0.0
2024-12-02 00:00:00-05:00,3.0106752715916825,3.0361175739085344,2.942829132080078,2.942829132080078,997300,0.0,0.0
2024-12-03 00:00:00-05:00,2.9428293418926215,2.959790877979816,2.8198581041617343,2.841059923171997,406100,0.0,0.0
2024-12-04 00:00:00-05:00,2.8410600291700874,2.8580215658901054,2.7732138822900154,2.7816946506500244,199200,0.0,0.0
2024-12-05 00:00:00-05:00,2.7732135652943715,2.8156174022473928,2.7350500109379303,2.7477712631225586,207700,0.0,0.0
2024-12-06 00:00:00-05:00,2.764732915777173,2.8283387750172406,2.741834863066036,2.7986559867858887,333800,0.0,0.0
2024-12-09 00:00:00-05:00,2.815617580689474,2.88346392631157,2.7944157619680023,2.8240983486175537,181100,0.0,0.0
2024-12-10 00:00:00-05:00,2.8410598948383625,2.9487658298956174,2.7816945191252285,2.917387008666992,243200,0.0,0.0
2024-12-11 00:00:00-05:00,2.9513103027973253,2.9555505859974867,2.8614141152212023,2.9089064598083496,248400,0.0,0.0
2024-12-12 00:00:00-05:00,2.8834638984204544,2.92162725262894,2.8580213926848574,2.900425434112549,242000,0.0,0.0
2024-12-13 00:00:00-05:00,2.891944753150879,2.891944753150879,2.7944158188924892,2.8495407104492188,321200,0.0,0.0
2024-12-16 00:00:00-05:00,2.83257879593087,2.9004251338735547,2.768973144768414,2.790174961090088,239800,0.0,0.0
2024-12-17 00:00:00-05:00,2.781694271724131,2.81137705803947,2.6799250652671525,2.7223289012908936,376500,0.0,0.0
2024-12-18 00:00:00-05:00,2.730809944892561,2.739290712955684,2.5230308240498593,2.5442328453063965,503200,0.0,0.0
2024-12-19 00:00:00-05:00,2.5442330279087004,2.6035984086112776,2.49334841587792,2.5187907218933105,495900,0.0,0.0
2024-12-20 00:00:00-05:00,2.476386804366626,2.5951175622157976,2.476386804366626,2.484867572784424,792400,0.0,0.0
2024-12-23 00:00:00-05:00,2.4848676446836597,2.493348413346847,2.3746174498647465,2.425502061843872,549500,0.0,0.0
2024-12-24 00:00:00-05:00,2.4424638038471405,2.527271490565107,2.429742549740708,2.5187907218933105,352600,0.0,0.0
2024-12-26 00:00:00-05:00,2.5187905411170277,2.5790039337059625,2.5060692879236135,2.5442328453063965,451400,0.0,0.0
2024-12-27 00:00:00-05:00,2.5272712597704774,2.561194331359753,2.4339826107025146,2.4339826107025146,413600,0.0,0.0
2024-12-30 00:00:00-05:00,2.4085403723912933,2.4382231619363877,2.3491749954985663,2.3576557636260986,531100,0.0,0.0
2024-12-31 00:00:00-05:00,2.374927854878796,2.4612887854232,2.3576556687699153,2.4094722270965576,1003600,0.05,0.0
2025-01-02 00:00:00-05:00,2.4267444132054385,2.495833363541661,2.387882097410807,2.4094722270965576,474500,0.0,0.0
2025-01-03 00:00:00-05:00,2.4267440846082122,2.539013485014616,2.4267440846082122,2.4612884521484375,444600,0.0,0.0
2025-01-06 00:00:00-05:00,2.46992507217721,2.4958335592730587,2.4094724160552334,2.435380697250366,443500,0.0,0.0
2025-01-07 00:00:00-05:00,2.4785609715320804,2.5821942940860647,2.4008361340421174,2.4094722270965576,496800,0.0,0.0
2025-01-08 00:00:00-05:00,2.418108076076209,2.4353802604417,2.344701189572533,2.3662915229797363,327500,0.0,0.0
2025-01-10 00:00:00-05:00,2.3317471494464534,2.3317471494464534,2.254022114061142,2.323111057281494,663700,0.0,0.0
2025-01-13 00:00:00-05:00,2.3144753939206124,2.323111487685585,2.2626586254300585,2.3058393001556396,260700,0.0,0.0
2025-01-14 00:00:00-05:00,2.3144752034977136,2.418108320150998,2.3144752034977136,2.4094722270965576,321000,0.0,0.0
2025-01-15 00:00:00-05:00,2.4785610685931103,2.48719736788645,2.4094723214520557,2.444016695022583,194800,0.0,0.0
2025-01-16 00:00:00-05:00,2.4267445369971767,2.547650051827606,2.4267445369971767,2.5303778648376465,302100,0.0,0.0
2025-01-17 00:00:00-05:00,2.5476499083280104,2.599466466379257,2.5433317588733906,2.5649220943450928,457600,0.0,0.0
2025-01-21 00:00:00-05:00,2.5735581873536337,2.5821942803621747,2.4751065623357063,2.5649220943450928,355100,0.0,0.0
2025-01-22 00:00:00-05:00,2.5390139099123057,2.5908304698940166,2.53469576029681,2.556286096572876,565300,0.0,0.0
2025-01-23 00:00:00-05:00,2.5476498735560877,2.5994664309001094,2.4785609245300293,2.4785609245300293,253500,0.0,0.0
2025-01-24 00:00:00-05:00,2.469924817419343,2.547649858888588,2.444016538896493,2.504469394683838,163900,0.0,0.0
2025-01-27 00:00:00-05:00,2.5044692508379724,2.5606037481296777,2.439698455300654,2.495833158493042,248600,0.0,0.0
2025-01-28 00:00:00-05:00,2.4958332533941325,2.5390137167606697,2.4742429187605186,2.487197160720825,203300,0.0,0.0
2025-01-29 00:00:00-05:00,2.469924829068682,2.5087873499865987,2.3878820496430517,2.392199993133545,392700,0.0,0.0
2025-01-30 00:00:00-05:00,2.4094719008380996,2.495833025589335,2.4094719008380996,2.4612884521484375,153100,0.0,0.0
2025-01-31 00:00:00-05:00,2.469924878906681,2.508787400608763,2.418108320571038,2.4526526927948,180400,0.0,0.0
2025-02-03 00:00:00-05:00,2.4008361340421174,2.435380506259879,2.366291761824356,2.4094722270965576,228600,0.0,0.0
2025-02-04 00:00:00-05:00,2.418108443502197,2.5390139583326263,2.383564069522277,2.5303778648376465,372400,0.0,0.0
2025-02-05 00:00:00-05:00,2.5476499083280104,2.590830373370716,2.4699248653504418,2.5649220943450928,325700,0.0,0.0
2025-02-06 00:00:00-05:00,2.5735579527397676,2.634010598288497,2.547649676076027,2.608102321624756,277200,0.0,0.0
2025-02-07 00:00:00-05:00,2.599466274632545,2.599466274632545,2.5044692585459414,2.5821940898895264,323600,0.0,0.0
2025-02-10 00:00:00-05:00,2.590830421332691,2.6340108871747616,2.54764995549062,2.6253747940063477,205100,0.0,0.0
2025-02-11 00:00:00-05:00,2.599466467664707,2.659919118754389,2.5692400391695163,2.651283025741577,264600,0.0,0.0
2025-02-12 00:00:00-05:00,2.6081025606775183,2.703099789719146,2.56492209561346,2.651283025741577,443200,0.0,0.0
2025-02-13 00:00:00-05:00,2.6858272450275433,2.754916191101074,2.6167385048546996,2.754916191101074,588900,0.0,0.0
2025-02-14 00:00:00-05:00,2.530377673206688,2.729008014449233,2.4526526317374433,2.504469394683838,930100,0.0,0.0
2025-02-18 00:00:00-05:00,2.5044693579109363,2.5044693579109363,2.396518096033753,2.4181082248687744,636900,0.0,0.0
2025-02-19 00:00:00-05:00,2.4094719008380996,2.4699245440334936,2.292884557439504,2.4612884521484375,659600,0.0,0.0
2025-02-20 00:00:00-05:00,2.4181083973876074,2.5692401336179507,2.4181083973876074,2.556286096572876,456000,0.0,0.0
2025-02-21 00:00:00-05:00,2.590830338009439,2.61673861668145,2.4742429810350424,2.4785609245300293,386100,0.0,0.0
2025-02-24 00:00:00-05:00,2.48719736788645,2.495833461279082,2.4267445082373196,2.444016695022583,235300,0.0,0.0
2025-02-25 00:00:00-05:00,2.4612887361870004,2.465606885578189,2.392199993133545,2.392199993133545,353100,0.0,0.0
2025-02-26 00:00:00-05:00,2.3922000877485448,2.5131055987747764,2.3662918080787887,2.4699249267578125,437900,0.0,0.0
2025-02-27 00:00:00-05:00,2.4526523602633814,2.53037739312956,2.448334417271189,2.4612884521484375,365300,0.0,0.0
2025-02-28 00:00:00-05:00,2.4785610506996036,2.5649221899031613,2.452652770708748,2.556286096572876,414800,0.0,0.0
2025-03-03 00:00:00-05:00,2.5735581522280984,2.5778760957230857,2.4612887387486886,2.4785609245300293,437600,0.0,0.0
2025-03-04 00:00:00-05:00,2.4353801764932688,2.495833025589335,2.4016993563713473,2.4612884521484375,342300,0.0,0.0
2025-03-05 00:00:00-05:00,2.452652884713788,2.487197465541348,2.435380697250366,2.435380697250366,221000,0.0,0.0
2025-03-06 00:00:00-05:00,2.392200228591811,2.4483349407982904,2.379246190944603,2.435380697250366,224700,0.0,0.0
2025-03-07 00:00:00-05:00,2.400835945512164,2.4785607768986453,2.400835945512164,2.426744222640991,318800,0.0,0.0
2025-03-10 00:00:00-04:00,2.3835639479332364,2.5087874001729715,2.3835639479332364,2.4094722270965576,285600,0.0,0.0
2025-03-11 00:00:00-04:00,2.426744509515886,2.426744509515886,2.3490196689412497,2.400836229324341,357500,0.0,0.0
2025-03-12 00:00:00-04:00,2.4008362783092707,2.4008362783092707,2.353337660705289,2.3749279975891113,260000,0.0,0.0
2025-03-13 00:00:00-04:00,2.392200088587609,2.413790424603664,2.3576557156824847,2.383563995361328,260800,0.0,0.0
2025-03-14 00:00:00-04:00,2.4181084148446876,2.48287921823978,2.3878821909208305,2.444016695022583,313200,0.0,0.0
2025-03-17 00:00:00-04:00,2.4440165529673483,2.500151259707053,2.4310625165816906,2.4785609245300293,342700,0.0,0.0
2025-03-18 00:00:00-04:00,2.426744222640991,2.4785607768986453,2.40947203788844,2.426744222640991,291700,0.0,0.0
2025-03-19 00:00:00-04:00,2.4181085097869444,2.4656071282617122,2.392200228591811,2.435380697250366,301800,0.0,0.0
2025-03-20 00:00:00-04:00,2.4181084148446876,2.4923788592014624,2.400836228059424,2.444016695022583,165800,0.0,0.0
2025-03-21 00:00:00-04:00,2.418107992723156,2.4699245440334936,2.387881774075795,2.4612884521484375,1015800,0.0,0.0
2025-03-24 00:00:00-04:00,2.4699249765017957,2.4699249765017957,2.3662918557356134,2.400836229324341,271000,0.0,0.0
2025-03-25 00:00:00-04:00,2.409472177573882,2.409472177573882,2.3403834345583627,2.3490195274353027,131800,0.0,0.0
2025-03-26 00:00:00-04:00,2.3749279975891113,2.3749279975891113,2.3058392490020196,2.3749279975891113,258000,0.0,0.0
2025-03-27 00:00:00-04:00,2.3921996977612086,2.3921996977612086,2.3144748714229975,2.331747055053711,225300,0.0,0.0
2025-03-28 00:00:00-04:00,2.3317474037087584,2.336065347311743,2.2540223598480225,2.2540223598480225,148500,0.0,0.0
2025-03-31 00:00:00-04:00,2.2453861236572266,2.288566792339652,2.2134326017888095,2.2453861236572266,243500,0.0,0.0
2025-04-01 00:00:00-04:00,2.236580831200659,2.2762053625208014,2.2022395987149315,2.2101645469665527,159500,0.05,0.0
2025-04-02 00:00:00-04:00,2.201359370770182,2.249789335709763,2.1925539416846207,2.2365810871124268,184700,0.0,0.0
2025-04-03 00:00:00-04:00,2.166137579955755,2.183748437521413,2.095694149693123,2.104499578475952,280700,0.0,0.0
2025-04-04 00:00:00-04:00,2.0428611151515983,2.0428611151515983,1.9019742719991848,1.946001410484314,593700,0.0,0.0
2025-04-07 00:00:00-04:00,1.8491416151345763,1.9521653147781803,1.725865619425855,1.752281904220581,774700,0.0,0.0
2025-04-08 00:00:00-04:00,1.910779924266506,1.9283907817303279,1.6466167474022058,1.6642276048660278,670300,0.0,0.0
2025-04-09 00:00:00-04:00,1.629005758407244,1.888766094962717,1.5453540872394032,1.8579469919204712,964600,0.0,0.0
2025-04-10 00:00:00-04:00,1.7875035453861496,1.7875035453861496,1.6113948822021484,1.6113948822021484,455400,0.0,0.0
2025-04-11 00:00:00-04:00,1.6025894542913974,1.6378111659344015,1.5585622097686616,1.6113948822021484,280800,0.0,0.0
2025-04-14 00:00:00-04:00,1.6466166308678065,1.6818383433027384,1.549756816702761,1.567367672920227,693600,0.0,0.0
2025-04-15 00:00:00-04:00,1.5673677872652974,1.637811322243251,1.5497569297630567,1.6025896072387695,675500,0.0,0.0
2025-04-16 00:00:00-04:00,1.5849784229228814,1.6510192342817414,1.5145350027736717,1.5321458578109741,550500,0.0,0.0
2025-04-17 00:00:00-04:00,1.532146011248068,1.56472607533602,1.496924297646177,1.5233405828475952,817800,0.0,0.0
2025-04-21 00:00:00-04:00,1.523340624609881,1.5277433389308175,1.4176753759384155,1.4176753759384155,591600,0.0,0.0
2025-04-22 00:00:00-04:00,1.4793132868639145,1.57617310102896,1.4220780041571504,1.567367672920227,491900,0.0,0.0
2025-04-23 00:00:00-04:00,1.6290058459932049,1.6642275599706835,1.5145351705974115,1.5497568845748901,588100,0.0,0.0
2025-04-24 00:00:00-04:00,1.5585623130692599,1.576173170057999,1.5057297421030418,1.5497568845748901,473500,0.0,0.0
2025-04-25 00:00:00-04:00,1.540951371550136,1.5497567995614754,1.4352861304450817,1.444091558456421,777400,0.0,0.0
2025-04-28 00:00:00-04:00,1.452897083509638,1.5453541887730766,1.452897083509638,1.5145351886749268,239100,0.0,0.0
2025-04-29 00:00:00-04:00,1.5057297756402477,1.7698928462930326,1.4969243469497542,1.761087417602539,799500,0.0,0.0
2025-04-30 00:00:00-04:00,1.7434765444862665,1.7434765444862665,1.6378112961850082,1.7346711158752441,488100,0.0,0.0
2025-05-01 00:00:00-04:00,1.725865483427889,1.7698926212830997,1.6774355268181804,1.6906436681747437,210000,0.0,0.0
2025-05-02 00:00:00-04:00,1.7258656366735246,1.7478792075557916,1.690643818292911,1.7170602083206177,274400,0.0,0.0
2025-05-05 00:00:00-04:00,1.6994492499514335,1.7170602116604885,1.6730329648413302,1.6818383932113647,183100,0.0,0.0
2025-05-06 00:00:00-04:00,1.690643735674614,1.6950464496359159,1.6246030262550868,1.6730328798294067,318200,0.0,0.0
2025-05-07 00:00:00-04:00,1.7522817741998302,2.0428610953185604,1.7082546361421367,1.919585108757019,705700,0.0,0.0
2025-05-08 00:00:00-04:00,1.9371959639800964,1.9680148556515047,1.8755579706993257,1.919585108757019,395400,0.0,0.0
2025-05-09 00:00:00-04:00,1.9283905857053099,1.9327931946547403,1.8491415252359664,1.8755580186843872,345900,0.0,0.0
2025-05-12 00:00:00-04:00,1.9371962499768252,2.0076396812690054,1.91958539215378,1.998834252357483,384900,0.0,0.0
2025-05-13 00:00:00-04:00,2.034055938275338,2.1265130454640335,2.007639651926851,2.104499578475952,355800,0.0,0.0
2025-05-14 00:00:00-04:00,2.0868882766024317,2.089529925934406,2.007639426457085,2.034055709838867,405600,0.0,0.0
2025-05-15 00:00:00-04:00,2.016444788388915,2.135318164693215,2.016444788388915,2.12211012840271,489400,0.0,0.0
2025-05-16 00:00:00-04:00,2.1221101658861805,2.183748159519153,2.104499310562474,2.1749427318573,405200,0.0,0.0
2025-05-19 00:00:00-04:00,2.157332028611343,2.1793454943488033,2.1133048871984523,2.166137456893921,241800,0.0,0.0
2025-05-20 00:00:00-04:00,2.1573319941489073,2.1617346032508817,2.104499425297416,2.113304853439331,262500,0.0,0.0
2025-05-21 00:00:00-04:00,2.0692773531948707,2.1133047006594885,2.042861070678871,2.051666498184204,534700,0.0,0.0
2025-05-22 00:00:00-04:00,2.042861173549748,2.117707416083034,1.9900286058572976,2.086888313293457,618700,0.0,0.0
2025-05-23 00:00:00-04:00,2.0428615169998046,2.117707772116396,2.0428615169998046,2.0956943035125732,325900,0.0,0.0
2025-05-27 00:00:00-04:00,2.1221103154810304,2.166137456893921,2.0912912115230218,2.166137456893921,341000,0.0,0.0
2025-05-28 00:00:00-04:00,2.2013589956402626,2.2057618144017606,2.1397210025449622,2.148526430130005,453700,0.0,0.0
2025-05-29 00:00:00-04:00,2.1661375057453567,2.2674000382476955,2.1661375057453567,2.2453863620758057,355800,0.0,0.0
2025-05-30 00:00:00-04:00,2.2365805651940684,2.285010518832254,2.2013588570710025,2.2806077003479004,470100,0.0,0.0
2025-06-02 00:00:00-04:00,2.2541918599875914,2.320232680599388,2.2101647162257207,2.2277755737304688,426000,0.0,0.0
2025-06-03 00:00:00-04:00,2.218970244491256,2.364259930390161,2.1855096977068365,2.3598573207855225,372500,0.0,0.0
2025-06-04 00:00:00-04:00,2.3598569115242194,2.3686623391443935,2.249788961303063,2.2718024253845215,439700,0.0,0.0
2025-06-05 00:00:00-04:00,2.2629973743691103,2.30262191022313,2.2277756580268653,2.2365810871124268,350700,0.0,0.0
2025-06-06 00:00:00-04:00,2.2806081083185137,2.3158300326802554,2.2629972511066314,2.2982189655303955,295700,0.0,0.0
2025-06-09 00:00:00-04:00,2.298218932962772,2.3070243614439327,2.21456746736073,2.2453863620758057,455200,0.0,0.0
2025-06-10 00:00:00-04:00,2.2541917390289186,2.3290379843768814,2.2541917390289186,2.2894134521484375,464100,0.0,0.0
2025-06-11 00:00:00-04:00,2.2806079206836327,2.2982187764465984,2.2189699255132536,2.2541916370391846,524000,0.0,0.0
2025-06-12 00:00:00-04:00,2.218970076632323,2.298218932962772,2.1925537911888395,2.2453863620758057,649800,0.0,0.0
2025-06-13 00:00:00-04:00,2.2101644925352697,2.2101644925352697,2.130915641784668,2.130915641784668,671100,0.0,0.0
2025-06-16 00:00:00-04:00,2.1397212484469454,2.152929286373433,2.0648750004035907,2.078083038330078,1061500,0.0,0.0
2025-06-17 00:00:00-04:00,2.0604716635791474,2.0736799081259165,1.9900282524975126,2.02524995803833,896900,0.0,0.0
2025-06-18 00:00:00-04:00,2.0164448696513944,2.3105465381030665,2.0155643898466646,2.130915641784668,1003100,0.0,0.0
2025-06-20 00:00:00-04:00,2.1397210696458457,2.1397210696458457,1.9812231582066824,2.130915641784668,2641900,0.0,0.0
2025-06-23 00:00:00-04:00,2.1133048240643433,2.3070242404937744,2.078082902048301,2.3070242404937744,946400,0.0,0.0
2025-06-24 00:00:00-04:00,2.3070241535779066,2.4038840680814424,2.3070241535779066,2.3686623573303223,464000,0.0,0.0
2025-06-25 00:00:00-04:00,2.377468032921843,2.3818706422558247,2.2982189655303955,2.2982189655303955,613300,0.0,0.0
2025-06-26 00:00:00-04:00,2.3070242404937744,2.337843343531075,2.2894133844547353,2.3070242404937744,374900,0.0,0.0
2025-06-27 00:00:00-04:00,2.315829947635719,2.3290379850906016,2.166137456893921,2.166137456893921,7758300,0.0,0.0
2025-06-30 00:00:00-04:00,2.183748159519153,2.271802436137685,2.1661373041954466,2.1749427318573,601000,0.0,0.0
2025-07-01 00:00:00-04:00,2.1659555137483077,2.3187406063079834,2.1389934385907177,2.3187406063079834,590600,0.05,0.0
2025-07-02 00:00:00-04:00,2.3097530791885905,2.3322215806496285,2.2648162905420244,2.327727794647217,284200,0.0,0.0
2025-07-03 00:00:00-04:00,2.3277281360637954,2.3546902132063634,2.2917786998737046,2.30975341796875,131000,0.0,0.0
2025-07-07 00:00:00-04:00,2.2917783572918853,2.3187404304040826,2.2423477827817684,2.2648162841796875,383500,0.0,0.0
2025-07-08 00:00:00-04:00,2.264816556078819,2.336715426343056,2.2423480519834773,2.3007659912109375,211700,0.0,0.0
2025-07-09 00:00:00-04:00,2.3097532814860493,2.3421078150004186,2.291778564453125,2.291778564453125,127200,0.0,0.0
2025-07-10 00:00:00-04:00,2.2917786324279077,2.3501965716553683,2.2917786324279077,2.3007659912109375,194700,0.0,0.0
2025-07-11 00:00:00-04:00,2.2917787027961367,2.314247207581366,2.2468419075012207,2.2468419075012207,239000,0.0,0.0
2025-07-14 00:00:00-04:00,2.246841568771556,2.287284785577607,2.246841568771556,2.2648162841796875,158200,0.0,0.0
2025-07-15 00:00:00-04:00,2.273803846550723,2.3367153561419007,2.2288670539855957,2.2288670539855957,271600,0.0,0.0
2025-07-16 00:00:00-04:00,2.2648164542192797,2.296272315682932,2.219879662325152,2.255829095840454,229100,0.0,0.0
2025-07-17 00:00:00-04:00,2.255829266560204,2.30076606185512,2.2288671893832546,2.2468419075012207,337700,0.0,0.0
2025-07-18 00:00:00-04:00,2.2648165226843204,2.2648165226843204,2.1704491497161795,2.2019050121307373,461000,0.0,0.0
2025-07-21 00:00:00-04:00,2.2288671923892114,2.2558292696025233,2.1839303970336914,2.1839303970336914,209600,0.0,0.0
2025-07-22 00:00:00-04:00,2.192917784249386,2.2827913761138916,2.192917784249386,2.2827913761138916,327700,0.0,0.0
2025-07-23 00:00:00-04:00,2.300765889536257,2.3322217510245413,2.269310242323498,2.3187406063079834,292800,0.0,0.0
2025-07-24 00:00:00-04:00,2.3007660795543488,2.4265893216235828,2.3007660795543488,2.3726651668548584,382000,0.0,0.0
2025-07-25 00:00:00-04:00,2.3816524232115994,2.3996271406922087,2.3457027739748466,2.3906397819519043,240300,0.0,0.0
2025-07-28 00:00:00-04:00,2.390639827569952,2.390639827569952,2.3277281009118074,2.3367154598236084,173000,0.0,0.0
2025-07-29 00:00:00-04:00,2.33671532307971,2.3546900398514365,2.3187406063079834,2.3187406063079834,143100,0.0,0.0
2025-07-30 00:00:00-04:00,2.3277281390320694,2.3367154980910527,2.2468419075012207,2.2468419075012207,312600,0.0,0.0
2025-07-31 00:00:00-04:00,2.2198796963214282,2.300765922969587,2.2126896809429413,2.291778564453125,211000,0.0,0.0
2025-08-01 00:00:00-04:00,2.2558289264756217,2.3636774331999213,2.2153857096695706,2.2648162841796875,188100,0.0,0.0
2025-08-04 00:00:00-04:00,2.291778363729964,2.354689867835156,2.278297434273749,2.327727794647217,174300,0.0,0.0
2025-08-05 00:00:00-04:00,2.3097532814860493,2.3457027155518975,2.2558291303872764,2.291778564453125,375500,0.0,0.0
2025-08-06 00:00:00-04:00,2.309753274071894,2.4895006580996877,2.309753274071894,2.444563865661621,415100,0.0,0.0
2025-08-07 00:00:00-04:00,2.462538813071865,2.570387125015259,2.4355767350860162,2.570387125015259,380800,0.0,0.0
2025-08-08 00:00:00-04:00,2.5793742791971,2.610830141483235,2.5074754102865424,2.5434248447418213,421800,0.0,0.0
2025-08-11 00:00:00-04:00,2.5164629420969504,2.5434250197940855,2.4220955630192047,2.4715261459350586,418300,0.0,0.0
2025-08-12 00:00:00-04:00,2.4715259756610912,2.519158997738609,2.4355765412082873,2.480513334274292,375700,0.0,0.0
2025-08-13 00:00:00-04:00,2.4715260085604736,2.5847667714493,2.4715260085604736,2.579374313354492,233400,0.0,0.0
2025-08-14 00:00:00-04:00,2.5344375537921073,2.57038698920716,2.5344375537921073,2.552412271499634,146600,0.0,0.0
2025-08-15 00:00:00-04:00,2.579374279019502,2.579374279019502,2.480513334274292,2.480513334274292,348100,0.0,0.0
2025-08-18 00:00:00-04:00,2.4984880176377584,2.55241216858611,2.489500659146367,2.5074753761291504,216700,0.0,0.0
2025-08-19 00:00:00-04:00,2.480513334274292,2.5613995617931,2.480513334274292,2.480513334274292,155000,0.0,0.0
2025-08-20 00:00:00-04:00,2.561399701514063,2.561399701514063,2.498488187789917,2.498488187789917,185400,0.0,0.0
2025-08-21 00:00:00-04:00,2.480513439665181,2.5074755166503357,2.390639849714665,2.399627208709717,389500,0.0,0.0
2025-08-22 00:00:00-04:00,2.42658924754695,2.57038698920716,2.42658924754695,2.552412271499634,338000,0.0,0.0
2025-08-25 00:00:00-04:00,2.534437280235796,2.543424638119502,2.5074752065846773,2.516462564468384,139500,0.0,0.0
2025-08-26 00:00:00-04:00,2.5164629059968155,2.525450265100265,2.4850072562725143,2.498488187789917,116500,0.0,0.0
2025-08-27 00:00:00-04:00,2.4895008286864675,2.538931410893211,2.4895008286864675,2.498488187789917,87900,0.0,0.0
2025-08-28 00:00:00-04:00,2.5164626685615317,2.561399459838867,2.5164626685615317,2.561399459838867,122700,0.0,0.0
2025-08-29 00:00:00-04:00,2.5613995187459557,2.6018427389634327,2.5613995187459557,2.597349166870117,175900,0.0,0.0
2025-09-02 00:00:00-04:00,2.57038698920716,2.588361921190223,2.5290450956247423,2.552412271499634,174100,0.0,0.0
2025-09-03 00:00:00-04:00,2.534437706286082,2.6512735926904103,2.534437706286082,2.633298873901367,336200,0.0,0.0
2025-09-04 00:00:00-04:00,2.624311545018964,2.673741915125769,2.61981775813168,2.669248342514038,341700,0.0,0.0
2025-09-05 00:00:00-04:00,2.678235260239883,2.7141846923061066,2.651273186190215,2.705197334289551,285700,0.0,0.0
2025-09-08 00:00:00-04:00,2.7051973668084686,2.7051973668084686,2.6422858599363237,2.6782352924346924,239700,0.0,0.0
2025-09-09 00:00:00-04:00,2.660260678513123,2.741146904745762,2.6153238861616575,2.723172187805176,293900,0.0,0.0
2025-09-10 00:00:00-04:00,2.6962101459503174,2.723172221696757,2.6962101459503174,2.6962101459503174,204100,0.0,0.0
2025-09-11 00:00:00-04:00,2.7141846923061066,2.7681088404054424,2.696209976272995,2.705197334289551,190000,0.0,0.0
2025-09-12 00:00:00-04:00,2.7141847942549084,2.718678580569738,2.669248002484236,2.687222719192505,144300,0.0,0.0
2025-09-15 00:00:00-04:00,2.6782353942702906,2.702501240701807,2.6377921740340775,2.6602606773376465,133200,0.0,0.0
2025-09-16 00:00:00-04:00,2.6422861299553895,2.6782355661274835,2.6332987709123663,2.651273488998413,112200,0.0,0.0
2025-09-17 00:00:00-04:00,2.6602606441301013,2.7770963027338493,2.6602606441301013,2.687222719192505,310800,0.0,0.0
2025-09-18 00:00:00-04:00,2.7321595474281946,2.786083698272705,2.700703899906661,2.786083698272705,206900,0.0,0.0
2025-09-19 00:00:00-04:00,2.7860835564385544,2.799564700601147,2.705197334289551,2.705197334289551,534500,0.0,0.0
2025-09-22 00:00:00-04:00,2.696210077546639,2.750134227671446,2.669248002484236,2.687222719192505,258100,0.0,0.0
2025-09-23 00:00:00-04:00,2.6962101459503174,2.7456407252898885,2.687222787368171,2.6962101459503174,159500,0.0,0.0
2025-09-24 00:00:00-04:00,2.6782354623934506,2.7321596145629883,2.6782354623934506,2.7321596145629883,100000,0.0,0.0
2025-09-25 00:00:00-04:00,2.696210077546639,2.7051974359007738,2.687222719192505,2.687222719192505,107900,0.0,0.0
2025-09-26 00:00:00-04:00,2.7051974028031873,2.7141847610473633,2.687222686314836,2.7141847610473633,118200,0.0,0.0
2025-09-29 00:00:00-04:00,2.723172221696757,2.723172221696757,2.673741642357186,2.6962101459503174,148500,0.0,0.0
2025-09-30 00:00:00-04:00,2.6962101459503174,2.7141848631146104,2.673741642357186,2.6962101459503174,262100,0.0,0.0
2025-10-01 00:00:00-04:00,2.6779307451037084,2.7510482367137,2.6779307451037084,2.741908550262451,122900,0.05,0.0
2025-10-02 00:00:00-04:00,2.741908759859752,2.764758086688182,2.7007800587315103,2.714489698410034,205700,0.0,0.0
2025-10-03 00:00:00-04:00,2.723629446431414,2.7693278832022763,2.68250074438397,2.6962103843688965,265500,0.0,0.0
2025-10-06 00:00:00-04:00,2.723629211602287,2.723629211602287,2.5728242743070546,2.5773940086364746,319200,0.0,0.0
2025-10-07 00:00:00-04:00,2.577393974685747,2.622178503642182,2.4768574237823486,2.4768574237823486,409200,0.0,0.0
2025-10-08 00:00:00-04:00,2.495136827494685,2.5682543199639656,2.4677177678187046,2.5042765140533447,232900,0.0,0.0
2025-10-09 00:00:00-04:00,2.5134160781186408,2.5408351364583313,2.45857796143926,2.4677176475524902,164700,0.0,0.0
2025-10-10 00:00:00-04:00,2.4859970197789503,2.4951367058921807,2.45218020295073,2.4677176475524902,258400,0.0,0.0
2025-10-13 00:00:00-04:00,2.4768575132363555,2.495136886788059,2.4402987661329485,2.485997200012207,260900,0.0,0.0
2025-10-14 00:00:00-04:00,2.467717943262357,2.5316957537215123,2.4585782560539062,2.5225560665130615,672700,0.0,0.0
2025-10-15 00:00:00-04:00,2.531695633891466,2.531695633891466,2.4768575132363555,2.485997200012207,173600,0.0,0.0
2025-10-16 00:00:00-04:00,2.4768575128500614,2.5198140188991327,2.4083097530882034,2.412879705429077,175800,0.0,0.0
2025-10-17 00:00:00-04:00,2.431158996078002,2.461319983195883,2.358041286468506,2.358041286468506,265100,0.0,0.0
2025-10-20 00:00:00-04:00,2.358041109854866,2.485996928657305,2.3507294483952057,2.458577871322632,381600,0.0,0.0
2025-10-21 00:00:00-04:00,2.45857796143926,2.5042763920054107,2.4402985892127997,2.4677176475524902,166200,0.0,0.0
2025-10-22 00:00:00-04:00,2.4768575427442556,2.5408353509374138,2.4677178558595187,2.513416290283203,249500,0.0,0.0
2025-10-23 00:00:00-04:00,2.531695308742837,2.5682540511509617,2.485996880732682,2.5499746799468994,138400,0.0,0.0
2025-10-24 00:00:00-04:00,2.577393828028161,2.581963779944662,2.531695398399653,2.559114456176758,112900,0.0,0.0
2025-10-27 00:00:00-04:00,2.5591147242173675,2.6048131586323104,2.54083535045139,2.586533784866333,171100,0.0,0.0
2025-10-28 00:00:00-04:00,2.5499749468466453,2.5865336930812854,2.495136827494685,2.5042765140533447,79100,0.0,0.0
2025-10-29 00:00:00-04:00,2.4951369762420654,2.5134163504491087,2.4677179149315,2.4951369762420654,155200,0.0,0.0
2025-10-30 00:00:00-04:00,2.4585781393012085,2.49056693405804,2.394600113972903,2.412879705429077,122700,0.0,0.0
2025-10-31 00:00:00-04:00,2.3945999976220063,2.467717706172031,2.3671809386309883,2.4494383335113525,179700,0.0,0.0
2025-11-03 00:00:00-05:00,2.4220193922035036,2.426589126637056,2.3763207404240507,2.412879705429077,152800,0.0,0.0
2025-11-04 00:00:00-05:00,2.385460466046093,2.4357288530777272,2.376320779122825,2.3946001529693604,362100,0.0,0.0
2025-11-05 00:00:00-05:00,2.376320682258619,2.4402987060209282,2.376320682258619,2.431159019470215,88300,0.0,0.0
2025-11-06 00:00:00-05:00,2.5134163793046107,2.6048132513891185,2.422019507220103,2.5225560665130615,490400,0.0,0.0
2025-11-07 00:00:00-05:00,2.5042766325891113,2.549975067545471,2.4128797626763916,2.540835380554199,241900,0.0,0.0
2025-11-10 00:00:00-05:00,2.549974883145085,2.549974883145085,2.440298647181013,2.4494383335113525,227700,0.0,0.0
2025-11-11 00:00:00-05:00,2.431159166517413,2.5316957246561524,2.431159166517413,2.4951369762420654,213300,0.0,0.0
2025-11-12 00:00:00-05:00,2.4951368576478954,2.5682543510007863,2.444868472014124,2.531695604324341,248700,0.0,0.0
2025-11-13 00:00:00-05:00,2.5134162603397625,2.545405273008904,2.485997200012207,2.485997200012207,99300,0.0,0.0
2025-11-14 00:00:00-05:00,2.4768575427442556,2.52712592956397,2.4677178558595187,2.513416290283203,91800,0.0,0.0
2025-11-17 00:00:00-05:00,2.5134160781186408,2.5408351364583313,2.4631476955422222,2.4677176475524902,125100,0.0,0.0
2025-11-18 00:00:00-05:00,2.467717737336585,2.495136796673876,2.431158991553531,2.4768574237823486,85800,0.0,0.0
2025-11-19 00:00:00-05:00,2.4494383335113525,2.48599707883271,2.4220192745203346,2.4494383335113525,182900,0.0,0.0
2025-11-20 00:00:00-05:00,2.4677177419290928,2.4951368013174107,2.358041286468506,2.358041286468506,147800,0.0,0.0
2025-11-21 00:00:00-05:00,2.358041286468506,2.39916998450464,2.358041286468506,2.358041286468506,186700,0.0,0.0
2025-11-24 00:00:00-05:00,2.3397618555644657,2.385460286745938,2.3214824830918768,2.3763206005096436,186800,0.0,0.0
2025-11-25 00:00:00-05:00,2.358041395335352,2.52255597716794,2.3562135887027993,2.513416290283203,222400,0.0,0.0
2025-11-26 00:00:00-05:00,2.4859972891385436,2.5408354117596743,2.4859972891385436,2.4951369762420654,108100,0.0,0.0
2025-11-28 00:00:00-05:00,2.5225558011712743,2.568254232406616,2.5225558011712743,2.568254232406616,110400,0.0,0.0
2025-12-01 00:00:00-05:00,2.52255597716794,2.5591147247068875,2.490566964117699,2.513416290283203,84100,0.0,0.0
2025-12-02 00:00:00-05:00,2.495136916036447,2.5956734717493215,2.487825035785662,2.586533784866333,108200,0.0,0.0
2025-12-03 00:00:00-05:00,2.595673502501831,2.595673502501831,2.536265646012226,2.540835380554199,182400,0.0,0.0
2025-12-04 00:00:00-05:00,2.5591147247068875,2.5591147247068875,2.513416290283203,2.513416290283203,170300,0.0,0.0
2025-12-05 00:00:00-05:00,2.50427669209616,2.540835440929963,2.495137004887709,2.5225560665130615,183400,0.0,0.0
2025-12-08 00:00:00-05:00,2.5134163793046107,2.540835440929963,2.50427669209616,2.5225560665130615,79700,0.0,0.0
2025-12-09 00:00:00-05:00,2.495136742430069,2.568254232406616,2.495136742430069,2.568254232406616,202600,0.0,0.0
2025-12-10 00:00:00-05:00,2.549975098863196,2.5773941601737613,2.4951369762420654,2.4951369762420654,125700,0.0,0.0
2025-12-11 00:00:00-05:00,2.4951369762420654,2.5408354117596743,2.4951369762420654,2.4951369762420654,94200,0.0,0.0
2025-12-12 00:00:00-05:00,2.467717917218904,2.5134163527788718,2.4220194816589355,2.4220194816589355,110700,0.0,0.0
2025-12-15 00:00:00-05:00,2.4037398448268616,2.4128795309403466,2.3489015102386475,2.3489015102386475,286800,0.0,0.0
2025-12-16 00:00:00-05:00,2.3489017191655175,2.380890732361682,2.312342971459801,2.3214826583862305,173600,0.0,0.0
2025-12-17 00:00:00-05:00,2.3032032549241666,2.3397620021598957,2.2666445076884374,2.2940635681152344,183700,0.0,0.0
2025-12-18 00:00:00-05:00,2.312342760018288,2.3763205626531367,2.2757840156555176,2.2757840156555176,288900,0.0,0.0
2025-12-19 00:00:00-05:00,2.2849238811914137,2.312342941616832,2.166107734773946,2.2209460735321045,581900,0.0,0.0
2025-12-22 00:00:00-05:00,2.220946044401274,2.330622284664389,2.220946044401274,2.2666444778442383,285500,0.0,0.0
2025-12-23 00:00:00-05:00,2.2575048207659956,2.2849238811914137,2.2035806032238097,2.2209460735321045,194600,0.0,0.0
2025-12-24 00:00:00-05:00,2.2300855534632897,2.2575046113451376,2.2026664955814423,2.2483649253845215,53600,0.0,0.0
2025-12-26 00:00:00-05:00,2.239225536936916,2.27578428563673,2.2118064754120557,2.230085849761963,214200,0.0,0.0
2025-12-29 00:00:00-05:00,2.2300855792715497,2.2483649514043242,2.1798171969527673,2.2026665210723877,352900,0.0,0.0
2025-12-30 00:00:00-05:00,2.1933331665065614,2.2679999818404526,2.1933331665065614,2.240000009536743,334100,0.05,0.0
2025-12-31 00:00:00-05:00,2.2119998147090345,2.2586666577392163,2.1933331665065614,2.240000009536743,165700,0.0,0.0
2026-01-02 00:00:00-05:00,2.23066676457723,2.2680000623067222,2.2026665687561033,2.2119998931884766,117900,0.0,0.0
2026-01-05 00:00:00-05:00,2.22133353926036,2.230666864109184,2.137333393096924,2.137333393096924,218300,0.0,0.0
2026-01-06 00:00:00-05:00,2.146666528823526,2.211999797009408,2.1186665567438623,2.193333148956299,241000,0.0,0.0
2026-01-07 00:00:00-05:00,2.2119999918875184,2.239066700706314,2.1280000682480993,2.137333393096924,260500,0.0,0.0
2026-01-08 00:00:00-05:00,2.1186666963393233,2.1653333195468827,2.1186666963393233,2.128000020980835,110200,0.0,0.0
2026-01-09 00:00:00-05:00,2.1466665246751595,2.174666496700714,2.0999999046325684,2.0999999046325684,166300,0.0,0.0
2026-01-12 00:00:00-05:00,2.0999997583595515,2.0999997583595515,2.0439998182090524,2.0719997882843018,178200,0.0,0.0
2026-01-13 00:00:00-05:00,2.0813332544673586,2.0859998052048025,1.9786664679556252,2.053333282470703,301800,0.0,0.0
2026-01-14 00:00:00-05:00,2.0440000071989735,2.1420000227855,2.0440000071989735,2.1093332767486572,238500,0.0,0.0
2026-01-15 00:00:00-05:00,2.1279999879690314,2.305333375930786,2.1279999879690314,2.305333375930786,418200,0.0,0.0
2026-01-16 00:00:00-05:00,2.305333189342329,2.379999779272772,2.2726664449857648,2.361333131790161,212300,0.0,0.0
2026-01-20 00:00:00-05:00,2.3240000089009603,2.3333333333333335,2.2119998931884766,2.2119998931884766,94600,0.0,0.0
2026-01-21 00:00:00-05:00,2.22133334355996,2.258666639666178,2.193333148956299,2.193333148956299,121500,0.0,0.0
2026-01-22 00:00:00-05:00,2.221333145372774,2.2427998109709946,2.1559996604919434,2.1559996604919434,82600,0.0,0.0
2026-01-23 00:00:00-05:00,2.1466666221618653,2.2119998931884766,2.118666648864746,2.118666648864746,111400,0.0,0.0
2026-01-26 00:00:00-05:00,2.118666747715916,2.118666747715916,2.006666849301832,2.0440001487731934,237800,0.0,0.0
2026-01-27 00:00:00-05:00,2.0439998182090524,2.0719997882843018,2.0253331714922194,2.0719997882843018,154400,0.0,0.0
2026-01-28 00:00:00-05:00,2.081333351135254,2.090666675567627,2.0160000801086424,2.0253334045410156,264800,0.0,0.0
2026-01-29 00:00:00-05:00,2.034666636572941,2.118666552649605,2.0159999885559046,2.0999999046325684,271900,0.0,0.0
2026-01-30 00:00:00-05:00,2.0719999521551027,2.0719999521551027,1.9880000352859495,1.9880000352859497,242500,0.0,0.0
2026-02-02 00:00:00-05:00,2.0066665247753863,2.0953329854183522,1.987999878058553,2.0719997882843018,185300,0.0,0.0
2026-02-03 00:00:00-05:00,2.0906666261178493,2.0906666261178493,2.0075999738772725,2.0160000324249268,83300,0.0,0.0
2026-02-04 00:00:00-05:00,2.025333308286446,2.0766664789628697,2.006666660308838,2.006666660308838,136200,0.0,0.0
2026-02-05 00:00:00-05:00,2.016000063523001,2.044000036589764,1.9226665974431183,1.931999921798706,207900,0.0,0.0
2026-02-06 00:00:00-05:00,1.9413330819369468,2.001999796378473,1.9133331112387009,1.9693330526351929,103700,0.0,0.0
2026-02-09 00:00:00-05:00,1.9786665130544636,2.04306651687181,1.9366666653641955,2.0160000324249268,127200,0.0,0.0
2026-02-10 00:00:00-05:00,2.0440001446086806,2.1653333676433966,2.034666819759856,2.137333393096924,203500,0.0,0.0
2026-02-11 00:00:00-05:00,2.118666648864746,2.118666648864746,2.090666675567627,2.118666648864746,188900,0.0,0.0
2026-02-12 00:00:00-05:00,1.9133332239850058,1.9833332661174816,1.8059998853882764,1.875999927520752,661600,0.0,0.0
2026-02-13 00:00:00-05:00,1.866666552551794,1.9310665539554068,1.8199999332427979,1.8199999332427979,289700,0.0,0.0
2026-02-17 00:00:00-05:00,1.7733333285373984,1.7733333285373984,1.6146667003631592,1.6146667003631592,507000,0.0,0.0
2026-02-18 00:00:00-05:00,1.6333332757272685,1.6949332593131607,1.5773333311080933,1.5773333311080933,327000,0.0,0.0
2026-02-19 00:00:00-05:00,1.5866667267904118,1.6380000116737818,1.5306666683829127,1.6146667003631592,422900,0.0,0.0
2026-02-20 00:00:00-05:00,1.6053333282470703,1.6436000021668367,1.5960000039995177,1.6053333282470703,173200,0.0,0.0
2026-02-23 00:00:00-05:00,1.5866666216448087,1.5978665880793046,1.5353332289012074,1.5493332147598267,253900,0.0,0.0
2026-02-24 00:00:00-05:00,1.5586665489985037,1.623999928033841,1.5493332250308838,1.5959999561309814,192900,0.0,0.0
2026-02-25 00:00:00-05:00,1.6146665106331242,1.637999819201986,1.5959998637780346,1.623999834060669,140100,0.0,0.0
2026-02-26 00:00:00-05:00,1.6146666063503774,1.6799998742161393,1.6146666063503774,1.6426665782928467,178800,0.0,0.0
2026-02-27 00:00:00-05:00,1.6146665106331242,1.6706664511983926,1.6053331872055794,1.623999834060669,169600,0.0,0.0
2026-03-02 00:00:00-05:00,1.5866665451220212,1.7070664844566183,1.5754664679656927,1.6706664562225342,138200,0.0,0.0
2026-03-03 00:00:00-05:00,1.642666626156162,1.661333274661709,1.6155999190659178,1.6519999504089355,140200,0.0,0.0
2026-03-04 00:00:00-05:00,1.6706665046126747,1.7079999107784631,1.6239998859829334,1.679999828338623,107000,0.0,0.0
2026-03-05 00:00:00-05:00,1.6706665009998167,1.698666583379106,1.6333332061767578,1.6333332061767578,79800,0.0,0.0
2026-03-06 00:00:00-05:00,1.614666652494623,1.6799999222274913,1.5960000039995177,1.6053333282470703,132600,0.0,0.0
2026-03-09 00:00:00-04:00,1.614666652494623,1.614666652494623,1.5474666289026429,1.6053333282470703,240500,0.0,0.0
2026-03-10 00:00:00-04:00,1.5866665840148926,1.6286665405946654,1.5773332603304988,1.5866665840148926,103200,0.0,0.0
2026-03-11 00:00:00-04:00,1.595999969311844,1.5978666118683844,1.5213332656922376,1.5306665897369385,127500,0.0,0.0
2026-03-12 00:00:00-04:00,1.5213333370816353,1.5213333370816353,1.474666714668274,1.474666714668274,164700,0.0,0.0
2026-03-13 00:00:00-04:00,1.5213332876278352,1.5213332876278352,1.4606666804625474,1.465333342552185,199100,0.0,0.0
2026-03-16 00:00:00-04:00,1.465333286309847,1.5119999054150666,1.4559998512268066,1.4559998512268066,120900,0.0,0.0
2026-03-17 00:00:00-04:00,1.4839999339519347,1.4839999339519347,1.4559998512268066,1.4559998512268066,135200,0.0,0.0
2026-03-18 00:00:00-04:00,1.4746665609011003,1.4746665609011003,1.4373331556012545,1.4466664791107178,132000,0.0,0.0
2026-03-19 00:00:00-04:00,1.4466664743423507,1.4466664743423507,1.362666563034054,1.3999998569488525,256000,0.0,0.0
2026-03-20 00:00:00-04:00,1.381333351135254,1.4279999732971191,1.3113333066304524,1.4279999732971191,536200,0.0,0.0
2026-03-23 00:00:00-04:00,1.4279999236671312,1.4326665857211283,1.344000006695182,1.371999979019165,205500,0.0,0.0
2026-03-24 00:00:00-04:00,1.3346665466825223,1.3813332776228606,1.325333222746854,1.343999981880188,95200,0.0,0.0
2026-03-25 00:00:00-04:00,1.371999881678616,1.371999881678616,1.315999829741738,1.3533332347869873,88800,0.0,0.0
2026-03-26 00:00:00-04:00,1.3626666549111708,1.399999951343148,1.3253332472171937,1.371999979019165,113600,0.0,0.0
2026-03-27 00:00:00-04:00,1.362666544800706,1.3691998488959776,1.3066664934158325,1.3066664934158325,140700,0.0,0.0
2026-03-30 00:00:00-04:00,1.3066664934158325,1.3533332214468923,1.2973331700620185,1.3066664934158325,151100,0.0,0.0
2026-03-31 00:00:00-04:00,1.3066665062959235,1.395333190293152,1.3066665062959235,1.3533332347869873,370000,0.0,0.0
2026-04-01 00:00:00-04:00,1.3823331952095033,1.3823331952095033,1.2373332274265767,1.2566665410995483,578700,0.05,0.0
2026-04-02 00:00:00-04:00,1.2276666214670813,1.2856666801252752,1.1986666497558063,1.2760000228881836,219300,0.0,0.0
2026-04-06 00:00:00-04:00,1.3049999956376936,1.3339999673720406,1.2663332514229204,1.3243333101272583,91900,0.0,0.0
2026-04-07 00:00:00-04:00,1.3436666000415307,1.3581665856435035,1.295333314701622,1.3146666288375854,112300,0.0,0.0
2026-04-08 00:00:00-04:00,1.3339999915558696,1.3920000513116793,1.3050000192957878,1.3823332786560059,231400,0.0,0.0
2026-04-09 00:00:00-04:00,1.353333281861605,1.3629999391063874,1.314666652882476,1.3243333101272583,140200,0.0,0.0
2026-04-10 00:00:00-04:00,1.3146666044364748,1.3291665897693177,1.2614998763137437,1.3049999475479126,217000,0.0,0.0
2026-04-13 00:00:00-04:00,1.28566663642724,1.3823332055125934,1.2759999795187047,1.3533332347869873,142300,0.0,0.0
2026-04-14 00:00:00-04:00,1.3243332472112477,1.420999930302304,1.3146665904257058,1.3919999599456787,167400,0.0,0.0
2026-04-15 00:00:00-04:00,1.421000009053832,1.527333354823402,1.3823332645331232,1.5176666975021362,250400,0.0,0.0
2026-04-16 00:00:00-04:00,1.5176667213188444,1.527333378791809,1.4789999761913393,1.527333378791809,118300,0.0,0.0
2026-04-17 00:00:00-04:00,1.5466666221618652,1.60466656431556,1.5079998788237605,1.5466666221618652,136200,0.0,0.0
2026-04-20 00:00:00-04:00,1.527333378791809,1.5853333236295963,1.4983332911372684,1.527333378791809,72700,0.0,0.0
2026-04-21 00:00:00-04:00,1.5563332728673025,1.558266581217446,1.4683666481971696,1.498333215713501,77400,0.0,0.0
2026-04-22 00:00:00-04:00,1.5273332769736534,1.5369999338021998,1.4789998775952817,1.4886665344238281,59400,0.0,0.0
2026-04-23 00:00:00-04:00,1.4789999483447327,1.5128333640987401,1.4016666900170467,1.469333291053772,104000,0.0,0.0
2026-04-24 00:00:00-04:00,1.440333269053494,1.5031665392579754,1.3968333127580839,1.4016666412353516,126100,0.0,0.0
2026-04-27 00:00:00-04:00,1.401666643619535,1.4693332424163827,1.3726665574709593,1.4499999284744263,99300,0.0,0.0
2026-04-28 00:00:00-04:00,1.4499999526320702,1.4983332382922152,1.4499999526320702,1.4596666097640991,34300,0.0,0.0
2026-04-29 00:00:00-04:00,1.4499999071096423,1.4886665344238281,1.4499999071096423,1.4886665344238281,39300,0.0,0.0
2026-04-30 00:00:00-04:00,1.4596665854454045,1.478999899387361,1.401666643619535,1.4499999284744263,113700,0.0,0.0
2026-05-01 00:00:00-04:00,1.4499999260080296,1.4983332107807077,1.4016666412353516,1.4016666412353516,113400,0.0,0.0
2026-05-04 00:00:00-04:00,1.4209999738010086,1.4354999594231852,1.3629999160766602,1.3629999160766602,44900,0.0,0.0
2026-05-05 00:00:00-04:00,1.372666597366333,1.420999998861634,1.3436666256105392,1.372666597366333,324300,0.0,0.0
2026-05-06 00:00:00-04:00,1.4403332471847534,1.4886665312235818,1.4006999081786584,1.4403332471847534,104200,0.0,0.0
2026-05-07 00:00:00-04:00,1.4403332737953407,1.5234665699722936,1.4209999598226206,1.498333215713501,117400,0.0,0.0
2026-05-08 00:00:00-04:00,1.4789999475284508,1.4934999334568893,1.4210000038146973,1.4210000038146973,80900,0.0,0.0
2026-05-11 00:00:00-04:00,1.420999998861634,1.4306666561135652,1.372666597366333,1.372666597366333,94500,0.0,0.0
2026-05-12 00:00:00-04:00,1.3726665952591002,1.4055332990065983,1.2566665931783563,1.2760000228881836,391600,0.0,0.0
2026-05-13 00:00:00-04:00,1.2953333615957945,1.3001666903047633,1.2566666166883964,1.2856667041778564,143000,0.0,0.0
2026-05-14 00:00:00-04:00,1.2760000005656582,1.3243332859055672,1.2760000005656582,1.3146666288375854,70300,0.0,0.0
2026-05-15 00:00:00-04:00,1.2856666811481292,1.3339999673720406,1.2856666811481292,1.3243333101272583,87700,0.0,0.0
2026-05-18 00:00:00-04:00,1.3340000158518697,1.3620333920219052,1.2760000702753593,1.2953333854675293,240700,0.0,0.0
2026-05-19 00:00:00-04:00,1.3146665973541025,1.3243332541905883,1.2566665410995483,1.2566665410995483,187500,0.0,0.0
2026-05-20 00:00:00-04:00,1.2566666166883964,1.2953333615957945,1.2566666166883964,1.2856667041778564,151400,0.0,0.0
2026-05-21 00:00:00-04:00,1.2953333617408493,1.372666621093013,1.2953333617408493,1.3339999914169312,397500,0.0,0.0
2026-05-22 00:00:00-04:00,1.3339999914169312,1.4016667085857206,1.3146666765788901,1.3339999914169312,79800,0.0,0.0
2026-05-26 00:00:00-04:00,1.3243332640613814,1.3629998916955226,1.3243332640613814,1.3533332347869873,72500,0.0,0.0
2026-05-27 00:00:00-04:00,1.3726665551361041,1.4016666412353516,1.3726665551361041,1.4016666412353516,50300,0.0,0.0
2026-05-28 00:00:00-04:00,1.4113333005905133,1.478999899387361,1.3823332144419376,1.4499999284744263,224200,0.0,0.0
2026-05-29 00:00:00-04:00,1.420999979646239,1.4596666081310967,1.3726665788045238,1.4113333225250244,149900,0.0,0.0
2026-06-01 00:00:00-04:00,1.3920000553131104,1.45,1.3823332826296488,1.4306666851043701,170300,0.0,0.0
2026-06-02 00:00:00-04:00,1.401666643619535,1.4577332770983369,1.3919999866485568,1.4499999284744263,64900,0.0,0.0
2026-06-03 00:00:00-04:00,1.4306666618899289,1.4789999483447327,1.4258333332444486,1.469333291053772,164800,0.0,0.0
2026-06-04 00:00:00-04:00,1.4983331912523747,1.4983331912523747,1.464499892352462,1.4886665344238281,36300,0.0,0.0
2026-06-05 00:00:00-04:00,1.4983332872390747,1.5321667035420736,1.459666657447815,1.4789999723434448,190900,0.0,0.0
2026-06-08 00:00:00-04:00,1.517666717370351,1.517666717370351,1.3823332826296488,1.4306666851043701,200900,0.0,0.0
2026-06-09 00:00:00-04:00,1.4499999260080296,1.4499999260080296,1.3436665842724973,1.4016666412353516,187300,0.0,0.0
2026-06-10 00:00:00-04:00,1.3919999599456787,1.4306665870878457,1.3823331879244982,1.3919999599456787,68000,0.0,0.0
2026-06-11 00:00:00-04:00,1.4209999551444228,1.4306666120989584,1.391999984280816,1.4016666412353516,52100,0.0,0.0
2026-06-12 00:00:00-04:00,1.4113333465290716,1.430666661100323,1.3832999712593708,1.4210000038146973,78800,0.0,0.0
2026-06-15 00:00:00-04:00,1.4113332735167623,1.4403332438733876,1.3881332280900789,1.3919999599456787,57700,0.0,0.0
2026-06-16 00:00:00-04:00,1.3920000025566555,1.4209999738010086,1.3629999160766602,1.3629999160766602,144300,0.0,0.0
2026-06-17 00:00:00-04:00,1.3920000025566555,1.406499988178832,1.3533332589952092,1.3629999160766602,68000,0.0,0.0
2026-06-18 00:00:00-04:00,1.3629999380220086,1.3823332524961918,1.2760000228881836,1.2760000228881836,904900,0.0,0.0
2026-06-22 00:00:00-04:00,1.3050000190137323,1.3436666486854842,1.2760000467599184,1.2856667041778564,122800,0.0,0.0
2026-06-23 00:00:00-04:00,1.285666626844645,1.338833239445317,1.2566665410995483,1.2566665410995483,266600,0.0,0.0
2026-06-24 00:00:00-04:00,1.2566666398475408,1.3436666734479545,1.2566666398475408,1.2953333854675293,102100,0.0,0.0
2026-06-25 00:00:00-04:00,1.28566665763364,1.3243332859055672,1.28566665763364,1.3146666288375854,180300,0.0,0.0
2026-06-26 00:00:00-04:00,1.2953333165065029,1.3629999160766602,1.2856666594250519,1.3629999160766602,266500,0.0,0.0
2026-06-29 00:00:00-04:00,1.3726665342947546,1.4451665755886363,1.358166549083106,1.4403332471847534,206200,0.0,0.0
2026-06-30 00:00:00-04:00,1.4306666145324698,1.4934998848438283,1.4209999575614916,1.4499999284744263,223500,0.0,0.0
2026-07-01 00:00:00-04:00,1.440000057220459,1.4800000190734863,1.409999966621399,1.4700000286102295,193900,0.05,0.0
2026-07-02 00:00:00-04:00,1.4700000286102295,1.4880000352859497,1.409999966621399,1.4500000476837158,123000,0.0,0.0
2026-07-06 00:00:00-04:00,1.4700000286102295,1.4919999837875366,1.434999942779541,1.4600000381469727,150300,0.0,0.0
2026-07-07 00:00:00-04:00,1.4700000286102295,1.4700000286102295,1.4299999475479126,1.440000057220459,113700,0.0,0.0
2026-07-08 00:00:00-04:00,1.4199999570846558,1.4450000524520874,1.4299999475479126,1.4299999475479126,70059,0.0,0.0
