Date,Open,High,Low,Close,Volume,Dividends,Stock Splits
2022-01-03 00:00:00-05:00,25.412666480580036,25.553378560921608,24.65281981533462,24.887340545654297,551400,0.0,0.0
2022-01-04 00:00:00-05:00,25.065574612692185,25.70347127526875,24.859197017432592,25.59090232849121,436900,0.0,0.0
2022-01-05 00:00:00-05:00,25.778515144113577,25.797277229700864,25.084334080642652,25.300092697143555,829400,0.0,0.0
2022-01-06 00:00:00-05:00,25.225048410764774,25.375141530448484,24.63405697566655,24.671579360961914,689400,0.0,0.0
2022-01-07 00:00:00-05:00,24.74662332886677,24.86857509411863,24.232555431881142,24.530864715576172,494400,0.0,0.0
2022-01-10 00:00:00-05:00,24.54962660207523,24.657505907846897,24.165012802628098,24.55900764465332,574500,0.0,0.0
2022-01-11 00:00:00-05:00,24.737244582502086,24.751315252146117,24.043061725880403,24.54962730407715,657500,0.0,0.0
2022-01-12 00:00:00-05:00,24.690340058425132,24.859195255877292,24.47458143468116,24.615293502807617,353100,0.0,0.0
2022-01-13 00:00:00-05:00,24.34324988347673,24.877956804350042,24.34324988347673,24.746623992919922,426600,0.0,0.0
2022-01-14 00:00:00-05:00,24.690337408471148,24.97176330377033,24.305723628554677,24.92485809326172,633100,0.0,0.0
2022-01-18 00:00:00-05:00,24.774765249110395,25.487708352806123,24.530863519747317,25.422042846679688,610000,0.0,0.0
2022-01-19 00:00:00-05:00,25.51585705262487,25.55337944035676,24.77477066046919,24.999910354614258,748700,0.0,0.0
2022-01-20 00:00:00-05:00,25.056192508792616,25.290713225449608,24.54024764784766,24.605913162231445,500200,0.0,0.0
2022-01-21 00:00:00-05:00,24.418297958391225,24.877958353899604,24.174396195401883,24.202537536621094,558100,0.0,0.0
2022-01-24 00:00:00-05:00,23.949252313006184,24.802907438909486,23.789778180186293,24.78414535522461,702300,0.0,0.0
2022-01-25 00:00:00-05:00,24.59184286951685,24.718484273166936,23.67721170265586,23.90235137939453,455800,0.0,0.0
2022-01-26 00:00:00-05:00,24.33386884672703,24.441748156294466,23.452070495120232,23.7241153717041,837300,0.0,0.0
2022-01-27 00:00:00-05:00,23.827301585909353,24.343248173990094,23.320737829326486,23.395784378051758,584900,0.0,0.0
2022-01-28 00:00:00-05:00,23.358263437989716,23.68659280501841,23.15188584777936,23.67721176147461,526000,0.0,0.0
2022-01-31 00:00:00-05:00,23.686591834774735,24.06182461490116,23.386405610673595,24.014921188354492,583700,0.0,0.0
2022-02-01 00:00:00-05:00,24.1556325217961,24.390153225891208,23.686591113605886,24.174394607543945,537100,0.0,0.0
2022-02-02 00:00:00-05:00,24.19315729842824,24.64343663213332,23.96801584232468,24.615293502807617,985800,0.0,0.0
2022-02-03 00:00:00-05:00,25.328234928715307,25.373263216830072,24.343248730521182,24.512102127075195,1034400,0.0,0.0
2022-02-04 00:00:00-05:00,24.68096063839462,24.68096063839462,23.301979417268633,23.846067428588867,878600,0.0,0.0
2022-02-07 00:00:00-05:00,23.88358621158845,23.88358621158845,23.180024141564036,23.667827606201172,726100,0.0,0.0
2022-02-08 00:00:00-05:00,23.76163598674504,24.30572391019367,23.73349286011377,24.146249771118164,599100,0.0,0.0
2022-02-09 00:00:00-05:00,24.315106376587206,24.849813289144237,24.286963248307536,24.727863311767578,459500,0.0,0.0
2022-02-10 00:00:00-05:00,24.521488512233688,24.859198957423246,24.33387298987938,24.49334716796875,455200,0.0,0.0
2022-02-11 00:00:00-05:00,24.362007449419814,24.615290211734056,24.155629896377164,24.408912658691406,638300,0.0,0.0
2022-02-14 00:00:00-05:00,24.343249230247753,24.634054395519907,24.216607838294333,24.530864715576172,1003700,0.0,0.0
2022-02-15 00:00:00-05:00,24.6997218817552,25.131240932125106,24.211918360206983,24.305727005004883,1002700,0.0,0.0
2022-02-16 00:00:00-05:00,24.19316048473465,24.418300181238713,23.686594825662066,24.24944496154785,871000,0.0,0.0
2022-02-17 00:00:00-05:00,24.19315568544072,24.35262803990107,23.91172977869979,24.136869430541992,557900,0.0,0.0
2022-02-18 00:00:00-05:00,24.277579354831534,24.493339734472123,24.09934493107509,24.46519660949707,564000,0.0,0.0
2022-02-22 00:00:00-05:00,24.371390411664404,24.49334217612918,23.541186929273003,23.58340072631836,718100,0.0,0.0
2022-02-23 00:00:00-05:00,23.55525920112722,23.77101781131554,23.49428331937803,23.536497116088867,508700,0.0,0.0
2022-02-24 00:00:00-05:00,23.133122567956732,23.911731249436585,22.926744988387124,23.742876052856445,707200,0.0,0.0
2022-02-25 00:00:00-05:00,23.705353676347563,24.577770999416106,23.639688164159782,24.268203735351562,759700,0.0,0.0
2022-02-28 00:00:00-05:00,23.996159987397114,24.50272560119629,23.996159987397114,24.50272560119629,861800,0.0,0.0
2022-03-01 00:00:00-05:00,24.502721770986117,24.84043033814463,24.221295877561403,24.652814865112305,888200,0.0,0.0
2022-03-02 00:00:00-05:00,24.83105234521513,25.436116211663254,24.83105234521513,25.037431716918945,586700,0.0,0.0
2022-03-03 00:00:00-05:00,25.037428399796948,25.515850803656217,24.99052319005537,25.131237030029297,507600,0.0,0.0
2022-03-04 00:00:00-05:00,25.422047590533342,25.50647519680781,24.962387172623014,25.309476852416992,763300,0.0,0.0
2022-03-07 00:00:00-05:00,25.18752467525745,25.206286761524925,24.24944183289591,24.315107345581055,742700,0.0,0.0
2022-03-08 00:00:00-05:00,24.19315454688971,24.211914841722173,23.114357972361613,23.452068328857422,722600,0.0,0.0
2022-03-09 00:00:00-05:00,23.817920958167193,24.12748820070271,23.74287440813588,24.0899658203125,658000,0.0,0.0
2022-03-10 00:00:00-05:00,23.91117126797666,24.31580767112829,23.68532806978923,24.212295532226562,771200,0.08,0.0
2022-03-11 00:00:00-05:00,24.296991824003968,24.504016143286446,23.73238281799025,23.751203536987305,585900,0.0,0.0
2022-03-14 00:00:00-04:00,23.89235200535271,23.901762363537923,23.280693082052306,23.760610580444336,810200,0.0,0.0
2022-03-15 00:00:00-04:00,23.892352364421143,24.25934915979067,23.76061093753288,24.13701629638672,705900,0.0,0.0
2022-03-16 00:00:00-04:00,24.202886283131225,24.833365913346917,24.193475925087135,24.78631591796875,792100,0.0,0.0
2022-03-17 00:00:00-04:00,24.66398532006643,24.76749747320178,24.306400655809906,24.645166397094727,413600,0.0,0.0
2022-03-18 00:00:00-04:00,24.409913111892703,25.078032449004755,24.137018084728087,25.05921173095703,1497200,0.0,0.0
2022-03-21 00:00:00-04:00,24.918056988280487,25.282230480579862,24.75808449347935,24.927467346191406,488900,0.0,0.0
2022-03-22 00:00:00-04:00,25.059208842171934,25.172131342598295,24.861596709978624,25.002748489379883,1002300,0.0,0.0
2022-03-23 00:00:00-04:00,24.95570048652837,24.95570048652837,24.50401403845315,24.560474395751953,668100,0.0,0.0
2022-03-24 00:00:00-04:00,24.663989552444505,24.889834615284702,24.522837734301444,24.616939544677734,795800,0.0,0.0
2022-03-25 00:00:00-04:00,24.66398475165936,24.889829770539368,24.05232579553553,24.560474395751953,1072300,0.0,0.0
2022-03-28 00:00:00-04:00,24.551065660031227,24.739269256591797,24.438143143126382,24.739269256591797,516200,0.0,0.0
2022-03-29 00:00:00-04:00,24.8710046057611,25.01215637118875,24.612226070003402,24.880414962768555,640000,0.0,0.0
2022-03-30 00:00:00-04:00,24.795726776123047,24.936878559946738,24.428729984370683,24.795726776123047,740500,0.0,0.0
2022-03-31 00:00:00-04:00,24.75808398760316,24.75808398760316,23.741788686938783,23.99586296081543,1063100,0.0,0.0
2022-04-01 00:00:00-04:00,24.080556085797177,24.080556085797177,21.831532482660155,21.92563247680664,2733200,0.0,0.0
2022-04-04 00:00:00-04:00,22.000913552122586,22.1891171301267,21.313973543639545,21.4080753326416,1737600,0.0,0.0
2022-04-05 00:00:00-04:00,21.23869303038271,21.483356970290377,20.641148718561702,21.012849807739258,2165700,0.0,0.0
2022-04-06 00:00:00-04:00,20.881108810668362,21.003439885744125,20.175348052169745,20.46706199645996,1496500,0.0,0.0
2022-04-07 00:00:00-04:00,20.4670590130527,20.86228505199499,20.156524396372486,20.739953994750977,1380800,0.0,0.0
2022-04-08 00:00:00-04:00,20.034195654940955,20.815237465652466,19.469586706209686,20.26944923400879,2290500,0.0,0.0
2022-04-11 00:00:00-04:00,20.222393049126506,20.57056906025613,19.987139521154106,20.18475341796875,1371800,0.0,0.0
2022-04-12 00:00:00-04:00,20.278862706362627,20.664678525836127,19.798946868358268,19.95891761779785,932800,0.0,0.0
2022-04-13 00:00:00-04:00,20.081244858350384,20.645853784744233,20.071834500178884,20.514110565185547,1102600,0.0,0.0
2022-04-14 00:00:00-04:00,20.2882682257411,20.476471807576907,20.081245721595607,20.344730377197266,857700,0.0,0.0
2022-04-18 00:00:00-04:00,20.278855527660124,20.598800502964572,20.071833047398137,20.448238372802734,597900,0.0,0.0
2022-04-19 00:00:00-04:00,20.53293319783286,20.994030022215917,20.363550324622256,20.956390380859375,665000,0.0,0.0
2022-04-20 00:00:00-04:00,21.11636285600682,21.596280397602712,21.11636285600682,21.473947525024414,833000,0.0,0.0
2022-04-21 00:00:00-04:00,21.59627799566043,21.690377985833347,21.285743361499925,21.426895141601562,932100,0.0,0.0
2022-04-22 00:00:00-04:00,21.266923049866673,21.680969834900182,21.1916419793917,21.398664474487305,850500,0.0,0.0
2022-04-25 00:00:00-04:00,21.45512548509959,22.127950858299744,21.31397369799545,22.038555145263672,1006500,0.0,0.0
2022-04-26 00:00:00-04:00,21.85976239424722,22.226759202417774,21.464536304954432,21.605688095092773,1079400,0.0,0.0
2022-04-27 00:00:00-04:00,21.65273650269236,21.817413266297432,21.332791537823553,21.502174377441406,791700,0.0,0.0
2022-04-28 00:00:00-04:00,21.878584062613267,22.640805198367776,21.728021907275156,21.991506576538086,1240400,0.0,0.0
2022-04-29 00:00:00-04:00,22.076195399248878,22.631393999522384,21.925633249497665,22.236167907714844,1081000,0.0,0.0
2022-05-02 00:00:00-04:00,22.367908517104787,22.979567403240377,22.367908517104787,22.885465621948242,1157100,0.0,0.0
2022-05-03 00:00:00-04:00,22.800773872356878,23.16682834252875,22.612572107304942,22.988977432250977,1174100,0.0,0.0
2022-05-04 00:00:00-04:00,22.772551221593165,23.685334624563286,22.735850278292716,23.04544448852539,2448900,0.0,0.0
2022-05-05 00:00:00-04:00,22.88546537241808,23.34656212139559,22.67844289170639,23.064258575439453,1284000,0.0,0.0
2022-05-06 00:00:00-04:00,22.98898074762999,23.130132540485832,22.480832139538055,22.979570388793945,951000,0.0,0.0
2022-05-09 00:00:00-04:00,22.725494549660347,23.139541336265744,22.64080312069919,22.838417053222656,984100,0.0,0.0
2022-05-10 00:00:00-04:00,22.951338121016125,23.14895205663126,22.13265668803976,22.697265625,1116900,0.0,0.0
2022-05-11 00:00:00-04:00,22.669034288631597,22.725494643224053,21.737430361065652,22.029144287109375,1181600,0.0,0.0
2022-05-12 00:00:00-04:00,22.08559867928161,22.30203327066637,21.37983815546105,22.24557113647461,1225200,0.0,0.0
2022-05-13 00:00:00-04:00,22.273807194898442,22.99838859248739,22.076193270627716,22.3773193359375,1294100,0.0,0.0
2022-05-16 00:00:00-04:00,22.349089865988873,22.518472728990094,21.830590421107118,22.11383628845215,733300,0.0,0.0
2022-05-17 00:00:00-04:00,22.39614167734164,23.04073782428227,22.39614167734164,22.99839210510254,717000,0.0,0.0
2022-05-18 00:00:00-04:00,22.819590323453678,22.819590323453678,20.702308747050758,20.777589797973633,785400,0.0,0.0
2022-05-19 00:00:00-04:00,20.514109465107403,21.210461573717748,20.250626629804007,20.824644088745117,848600,0.0,0.0
2022-05-20 00:00:00-04:00,20.984617125600384,21.31397247314453,20.66467213596804,21.31397247314453,659200,0.0,0.0
2022-05-23 00:00:00-04:00,21.37984818128263,21.80330541208685,21.342208535679294,21.55864143371582,505100,0.0,0.0
2022-05-24 00:00:00-04:00,21.313973704760656,21.520998001098633,21.012849413551624,21.520998001098633,784300,0.0,0.0
2022-05-25 00:00:00-04:00,21.492768691672858,22.819598830607372,21.426897971913945,22.443193435668945,1212200,0.0,0.0
2022-05-26 00:00:00-04:00,22.556110476574947,22.89487617416928,22.358498349539722,22.593751907348633,805500,0.0,0.0
2022-05-27 00:00:00-04:00,22.687850212403948,22.899576946109924,22.52317167027027,22.894872665405273,1065800,0.0,0.0
2022-05-31 00:00:00-04:00,22.800776867553477,22.800776867553477,22.17029719238085,22.71608543395996,820000,0.0,0.0
2022-06-01 00:00:00-04:00,22.697260392978258,22.92310355673402,22.54669648896583,22.74431037902832,675400,0.0,0.0
2022-06-02 00:00:00-04:00,22.829009661256823,23.37479794389873,22.725497502445283,22.93252182006836,587600,0.0,0.0
2022-06-03 00:00:00-04:00,22.71608112727271,23.233639989426173,22.706670770341695,23.11130714416504,538000,0.0,0.0
2022-06-06 00:00:00-04:00,23.205414169577285,23.76531707235261,22.92311057713514,23.544179916381836,803900,0.0,0.0
2022-06-07 00:00:00-04:00,23.073671771746017,23.14895284625243,22.433781741020297,23.007801055908203,768900,0.0,0.0
2022-06-08 00:00:00-04:00,22.923102388041116,22.923102388041116,22.160879730028796,22.24557113647461,552100,0.0,0.0
2022-06-09 00:00:00-04:00,22.179482443345517,22.604377467541276,22.05673599243164,22.05673599243164,502800,0.08,0.0
2022-06-10 00:00:00-04:00,21.79235936110344,22.20781212492309,21.650728269169047,21.85845375061035,487500,0.0,0.0
2022-06-13 00:00:00-04:00,21.424117003333944,21.650727098361976,21.18806459589596,21.37690544128418,757900,0.0,0.0
2022-06-14 00:00:00-04:00,21.49021051789633,22.066178944990863,21.29192556720113,21.424116134643555,861200,0.0,0.0
2022-06-15 00:00:00-04:00,21.622400380215172,21.9623164266698,21.480769294504732,21.735706329345703,812300,0.0,0.0
2022-06-16 00:00:00-04:00,21.414674548455217,21.414674548455217,20.715959643199664,20.88591766357422,770700,0.0,0.0
2022-06-17 00:00:00-04:00,20.91424449177644,20.91424449177644,20.253298782434637,20.451581954956055,1168300,0.0,0.0
2022-06-21 00:00:00-04:00,20.649868966284345,20.895361927650992,20.15887944167653,20.71596336364746,1120700,0.0,0.0
2022-06-22 00:00:00-04:00,20.57432839819477,20.69707485586912,20.423253202764688,20.678190231323242,688100,0.0,0.0
2022-06-23 00:00:00-04:00,20.79149727384197,21.150296154445783,20.593212307530035,20.876476287841797,518400,0.0,0.0
2022-06-24 00:00:00-04:00,21.065313570094364,21.70265606707014,21.065313570094364,21.405229568481445,1081800,0.0,0.0
2022-06-27 00:00:00-04:00,21.59407515690222,21.97175865092541,21.45244227082369,21.509096145629883,467200,0.0,0.0
2022-06-28 00:00:00-04:00,21.933985296489894,22.151153039796935,21.178618449797312,21.188060760498047,509200,0.0,0.0
2022-06-29 00:00:00-04:00,21.235274302143793,21.254158926914908,20.81982156186399,21.169179916381836,417900,0.0,0.0
2022-06-30 00:00:00-04:00,20.961452487165108,21.25415694000664,20.772609858981475,21.13140869140625,442400,0.0,0.0
2022-07-01 00:00:00-04:00,21.055873133139198,21.55630486409362,20.90007948730216,21.461883544921875,589600,0.0,0.0
2022-07-05 00:00:00-04:00,21.121971116645447,21.367464046094476,20.706518357458513,21.235275268554688,522300,0.0,0.0
2022-07-06 00:00:00-04:00,21.244715874529774,21.622399352111817,20.885917021061054,21.518537521362305,858700,0.0,0.0
2022-07-07 00:00:00-04:00,21.60351850172363,21.811245801382437,21.518541280243532,21.612960815429688,461100,0.0,0.0
2022-07-08 00:00:00-04:00,21.65072531135666,21.820683318833943,21.348578542924507,21.622398376464844,456200,0.0,0.0
2022-07-11 00:00:00-04:00,21.518538419492877,21.773473651915573,21.518538419492877,21.546863555908203,388600,0.0,0.0
2022-07-12 00:00:00-04:00,21.631840759165755,22.037851155931687,21.54686175514792,21.716819763183594,445600,0.0,0.0
2022-07-13 00:00:00-04:00,21.55630580490512,21.579910685494056,21.18334256841427,21.452442169189453,410700,0.0,0.0
2022-07-14 00:00:00-04:00,21.24471376828327,21.35801970079293,20.923682393932054,21.29192352294922,395200,0.0,0.0
2022-07-15 00:00:00-04:00,21.53741933626319,21.73570427829659,21.386345952302882,21.433557510375977,403600,0.0,0.0
2022-07-18 00:00:00-04:00,21.46188069706687,21.669607931867993,21.376901701182163,21.414670944213867,402800,0.0,0.0
2022-07-19 00:00:00-04:00,21.697935551927323,22.500514049039378,21.697935551927323,22.453304290771484,378300,0.0,0.0
2022-07-20 00:00:00-04:00,22.311677084727776,22.576056480657215,22.056741803976394,22.50996208190918,458900,0.0,0.0
2022-07-21 00:00:00-04:00,22.491075558309603,22.764897245407344,22.34000214506159,22.642148971557617,422900,0.0,0.0
2022-07-22 00:00:00-04:00,22.727129026829335,22.81210805076921,22.509961210510635,22.689361572265625,366400,0.0,0.0
2022-07-25 00:00:00-04:00,22.670473071553868,22.80738389794945,22.491072740447137,22.538284301757812,419100,0.0,0.0
2022-07-26 00:00:00-04:00,22.40609373102484,22.708240519665488,22.255020336704515,22.538284301757812,318300,0.0,0.0
2022-07-27 00:00:00-04:00,22.623262533031955,22.920689079456533,22.283348280912293,22.75545310974121,402700,0.0,0.0
2022-07-28 00:00:00-04:00,22.491070334732097,23.595795538120193,22.236133333734063,23.491931915283203,587400,0.0,0.0
2022-07-29 00:00:00-04:00,23.520263818519012,24.077347693542613,23.397517348179946,23.916831970214844,711800,0.0,0.0
2022-08-01 00:00:00-04:00,23.718548632519067,24.030137763795086,23.29365354398945,23.38807487487793,491500,0.0,0.0
2022-08-02 00:00:00-04:00,23.340861054337793,23.340861054337793,22.661030779296198,22.783777236938477,606600,0.0,0.0
2022-08-03 00:00:00-04:00,22.98206236085843,23.085925995656446,22.69880019441993,22.934852600097656,441600,0.0,0.0
2022-08-04 00:00:00-04:00,23.08592400462984,23.08592400462984,22.689355925255473,22.953733444213867,360400,0.0,0.0
2022-08-05 00:00:00-04:00,22.821548667594683,23.41639999000243,22.613823180598043,23.312538146972656,393200,0.0,0.0
2022-08-08 00:00:00-04:00,23.321978449697447,23.510819294069073,23.1992301899658,23.255882263183594,350200,0.0,0.0
2022-08-09 00:00:00-04:00,23.180346368921168,23.253995687501,22.69880102846911,22.812105178833008,330900,0.0,0.0
2022-08-10 00:00:00-04:00,23.180342842720457,23.529701155228143,23.0103866430284,23.37862777709961,361200,0.0,0.0
2022-08-11 00:00:00-04:00,23.388073079533047,23.888503033234297,23.33141920478664,23.746871948242188,451700,0.0,0.0
2022-08-12 00:00:00-04:00,23.756311414556386,23.841290415558067,23.605238035206007,23.69965934753418,251500,0.0,0.0
2022-08-15 00:00:00-04:00,23.558028241387166,23.75159112092515,23.463606929211792,23.624122619628906,455500,0.0,0.0
2022-08-16 00:00:00-04:00,23.56747081288633,24.086787174800023,23.485324678325004,24.001808166503906,226300,0.0,0.0
2022-08-17 00:00:00-04:00,23.690222610776356,23.81296908503085,23.14258103153099,23.35974884033203,325200,0.0,0.0
2022-08-18 00:00:00-04:00,23.350303810131173,23.567471593666188,23.305926922647664,23.55803108215332,449300,0.0,0.0
2022-08-19 00:00:00-04:00,23.49193187633321,23.624122432707495,23.32197567688637,23.41639518737793,418200,0.0,0.0
2022-08-22 00:00:00-04:00,23.605237802285114,23.605237802285114,23.038711734842927,23.24643898010254,571000,0.0,0.0
2022-08-23 00:00:00-04:00,23.32197563796789,23.473049015626348,23.199227393034942,23.340858459472656,246500,0.0,0.0
2022-08-24 00:00:00-04:00,23.25588028232916,23.42583828844305,23.038712519377757,23.048154830932617,280200,0.0,0.0
2022-08-25 00:00:00-04:00,23.170904120999857,23.378629581727015,23.019828930272908,23.265323638916016,242200,0.0,0.0
2022-08-26 00:00:00-04:00,23.18978763215626,23.350303338688494,22.651588439941406,22.651588439941406,266600,0.0,0.0
2022-08-29 00:00:00-04:00,22.434422385913297,22.566611165832803,22.273906667038016,22.311674118041992,596700,0.0,0.0
2022-08-30 00:00:00-04:00,22.415536818725236,22.547725593094203,22.066180257625263,22.321115493774414,413300,0.0,0.0
2022-08-31 00:00:00-04:00,22.4344192040262,22.4344192040262,21.546861719602322,21.584630966186523,615100,0.0,0.0
2022-09-01 00:00:00-04:00,21.4524441410016,21.679054257170893,21.188066572605976,21.49021339416504,484200,0.0,0.0
2022-09-02 00:00:00-04:00,21.641282853744475,21.697934922209157,21.150293457885805,21.263599395751953,410900,0.0,0.0
2022-09-06 00:00:00-04:00,21.206948128461473,21.216390441186963,20.654586341047786,20.819822311401367,596900,0.0,0.0
2022-09-07 00:00:00-04:00,20.848148465464618,21.32025327836095,20.461022662964577,21.15029525756836,690500,0.0,0.0
2022-09-08 00:00:00-04:00,21.017630994604698,21.0602727883496,20.610165367129344,20.752304077148438,504100,0.08,0.0
2022-09-09 00:00:00-04:00,20.91339471565409,21.39666776681689,20.91339471565409,21.273481369018555,320600,0.0,0.0
2022-09-12 00:00:00-04:00,21.415622526527617,21.785183569594466,21.372980728682062,21.57671356201172,483700,0.0,0.0
2022-09-13 00:00:00-04:00,21.178727424946242,21.27348719163036,20.96078122674733,21.074491500854492,363800,0.0,0.0
2022-09-14 00:00:00-04:00,21.121868150761866,21.25453071369974,20.818636595288076,21.159770965576172,563500,0.0,0.0
2022-09-15 00:00:00-04:00,21.159771767432446,21.27822100522761,20.68597481625179,20.790210723876953,914800,0.0,0.0
2022-09-16 00:00:00-04:00,20.21217900991287,20.31641492344208,19.78576100674068,19.861568450927734,969600,0.0,0.0
2022-09-19 00:00:00-04:00,19.83314133322332,20.515408315228672,19.83314133322332,20.38274574279785,548000,0.0,0.0
2022-09-20 00:00:00-04:00,20.22165229467144,20.22165229467144,19.619930001153644,19.842615127563477,492200,0.0,0.0
2022-09-21 00:00:00-04:00,19.99423071782246,20.297460462480053,19.91842328165806,19.98475456237793,480300,0.0,0.0
2022-09-22 00:00:00-04:00,19.956328014660805,20.250083439507584,19.861568258497073,20.022659301757812,625900,0.0,0.0
2022-09-23 00:00:00-04:00,19.785760301488605,19.852093394255903,19.444627718502367,19.71942901611328,658100,0.0,0.0
2022-09-26 00:00:00-04:00,19.6246700739409,20.1458478371699,19.6246700739409,19.899473190307617,471800,0.0,0.0
2022-09-27 00:00:00-04:00,19.9563265262446,20.164798335734623,19.672049086347872,19.937376022338867,409200,0.0,0.0
2022-09-28 00:00:00-04:00,19.852088361440845,20.41116877842862,19.747852478052494,20.297456741333008,547700,0.0,0.0
2022-09-29 00:00:00-04:00,20.07003521891944,20.269029031977936,19.91842036876299,19.96579933166504,521900,0.0,0.0
2022-09-30 00:00:00-04:00,19.387769428662228,19.842615853217517,19.198251741873385,19.236154556274414,818700,0.0,0.0
2022-10-03 00:00:00-04:00,19.40672199269654,20.35431586117655,19.330914555513814,20.136369705200195,812500,0.0,0.0
2022-10-04 00:00:00-04:00,20.35431115109113,20.67175596341745,20.335358844333136,20.667016983032227,637400,0.0,0.0
2022-10-05 00:00:00-04:00,20.40169571744877,20.810108424968647,20.40169571744877,20.43012237548828,503800,0.0,0.0
2022-10-06 00:00:00-04:00,20.3164126130238,20.505930298243122,20.103203635684206,20.183748245239258,702900,0.0,0.0
2022-10-07 00:00:00-04:00,19.97527876644797,19.97527876644797,19.53938645250546,19.662572860717773,368800,0.0,0.0
2022-10-10 00:00:00-04:00,19.785758661063173,19.965801997434607,19.672048411959402,19.871042251586914,581500,0.0,0.0
2022-10-11 00:00:00-04:00,19.728905684303054,20.19322650137413,19.6767877280434,20.022659301757812,560900,0.0,0.0
2022-10-12 00:00:00-04:00,20.107943076699083,20.5059326101395,19.975280501349623,20.37327003479004,574200,0.0,0.0
2022-10-13 00:00:00-04:00,20.013181927640545,20.790208557423696,19.672047579973118,20.676496505737305,470600,0.0,0.0
2022-10-14 00:00:00-04:00,20.761785804127356,20.761785804127356,20.29746492950953,20.32589340209961,386400,0.0,0.0
2022-10-17 00:00:00-04:00,20.591212918820446,20.884968299263733,20.524881641749946,20.676496505737305,382000,0.0,0.0
2022-10-18 00:00:00-04:00,20.979730673161598,21.074490435053423,20.515409828022985,20.70492935180664,574700,0.0,0.0
2022-10-19 00:00:00-04:00,20.695449555688665,20.922871859802715,20.316412382165243,20.543834686279297,536600,0.0,0.0
2022-10-20 00:00:00-04:00,20.287984761476704,20.67649810644574,19.709951918155603,19.975278854370117,686800,0.0,0.0
2022-10-21 00:00:00-04:00,19.975279949501576,20.399801986283805,19.90894866365935,20.34484100341797,675400,0.0,0.0
2022-10-24 00:00:00-04:00,20.553313690445126,21.04606118062961,20.392222643444796,20.7996883392334,480600,0.0,0.0
2022-10-25 00:00:00-04:00,20.780735288117864,21.036586084395932,20.780735288117864,20.970252990722656,874900,0.0,0.0
2022-10-26 00:00:00-04:00,21.0934348581606,21.12186331831111,20.392215774304425,20.903915405273438,493400,0.0,0.0
2022-10-27 00:00:00-04:00,21.14082218474147,21.273486577224602,20.534362587306013,20.695453643798828,715900,0.0,0.0
2022-10-28 00:00:00-04:00,20.591213207118756,20.88496859167492,20.316411940066068,20.55331039428711,704600,0.0,0.0
2022-10-31 00:00:00-04:00,20.486984200718965,21.102919973077395,20.344843646996683,21.074491500854492,586900,0.0,0.0
2022-11-01 00:00:00-04:00,21.150293916138654,21.226101349955243,20.685973158088057,21.178722381591797,607100,0.0,0.0
2022-11-02 00:00:00-04:00,21.036588082099207,21.444051994720024,20.685977497527617,20.733356475830078,524000,0.0,0.0
2022-11-03 00:00:00-04:00,20.48697867088796,20.785469415395017,20.145844325860775,20.562786102294922,469900,0.0,0.0
2022-11-04 00:00:00-04:00,20.790207782471327,21.03658237911514,20.515404722117648,21.008153915405273,470000,0.0,0.0
2022-11-07 00:00:00-05:00,21.102917994501606,21.406147773546664,21.065013368424946,21.31138801574707,392900,0.0,0.0
2022-11-08 00:00:00-05:00,21.387193862988465,21.652520803530276,21.159771545692017,21.226102828979492,716700,0.0,0.0
2022-11-09 00:00:00-05:00,21.121867153576545,21.557759444017414,20.828111767522795,20.866016387939453,327700,0.0,0.0
2022-11-10 00:00:00-05:00,21.48195495363448,22.27793401751674,21.43457597901445,22.258981704711914,546200,0.0,0.0
2022-11-11 00:00:00-05:00,22.742256275922564,23.092866855428916,22.571689064670405,22.780160903930664,973300,0.0,0.0
2022-11-14 00:00:00-05:00,22.8180611570935,23.68037146593836,22.808585001157716,23.263429641723633,591100,0.0,0.0
2022-11-15 00:00:00-05:00,23.557184617520313,23.860414372284893,23.367665117096493,23.78460693359375,1138100,0.0,0.0
2022-11-16 00:00:00-05:00,23.614039978851054,23.642468446414096,22.9791519957451,23.38661766052246,840100,0.0,0.0
2022-11-17 00:00:00-05:00,23.036006126182173,23.367664337158203,22.581161509216564,23.367664337158203,577400,0.0,0.0
2022-11-18 00:00:00-05:00,23.651942132228253,23.831985473632812,23.291857256811003,23.831985473632812,551700,0.0,0.0
2022-11-21 00:00:00-05:00,23.784607512451966,24.021505990051306,23.66141929196082,23.85093879699707,574400,0.0,0.0
2022-11-22 00:00:00-05:00,23.92674455852,24.258402765363986,23.92674455852,24.239450454711914,821300,0.0,0.0
2022-11-23 00:00:00-05:00,24.27735345088862,24.343684726338832,23.90779064747904,24.116262435913086,366900,0.0,0.0
2022-11-25 00:00:00-05:00,24.106786118229177,24.400539682118996,24.106786118229177,24.277353286743164,148700,0.0,0.0
2022-11-28 00:00:00-05:00,24.09731221031504,24.40054195710412,23.827248104119022,23.95517349243164,498700,0.0,0.0
2022-11-29 00:00:00-05:00,24.012030095913683,24.182597290827967,23.813034432716357,24.002553939819336,557100,0.0,0.0
2022-11-30 00:00:00-05:00,23.983604693794923,24.410022735595703,23.585615123911595,24.410022735595703,522700,0.0,0.0
2022-12-01 00:00:00-05:00,24.41002107924852,24.627967260316936,24.173122584854482,24.561635971069336,351100,0.0,0.0
2022-12-02 00:00:00-05:00,24.296310655318095,24.575850969967007,24.182600382432685,24.410022735595703,275000,0.0,0.0
2022-12-05 00:00:00-05:00,24.22050060919193,24.42897243279909,23.718276977539062,23.718276977539062,371000,0.0,0.0
2022-12-06 00:00:00-05:00,23.68037394336025,23.898320130508786,23.566663675018464,23.84146499633789,399800,0.0,0.0
2022-12-07 00:00:00-05:00,23.699322232668614,23.778919768469283,23.396092492061214,23.45294761657715,392600,0.0,0.0
2022-12-08 00:00:00-05:00,23.529003876912018,23.709631081051697,23.315103479016752,23.490976333618164,461100,0.08,0.0
2022-12-09 00:00:00-05:00,23.414919845512145,23.63357456292529,23.3198546268357,23.509986877441406,513200,0.0,0.0
2022-12-12 00:00:00-05:00,23.509986618473068,24.061373221685745,23.462454009658426,23.947294235229492,466800,0.0,0.0
2022-12-13 00:00:00-05:00,24.660292723411782,24.993026404315803,24.118413038090825,24.184959411621094,1218700,0.0,0.0
2022-12-14 00:00:00-05:00,24.16594832691448,24.50343458057354,24.099401945996117,24.308547973632812,489900,0.0,0.0
2022-12-15 00:00:00-05:00,24.042363930887994,24.042363930887994,23.215283027771658,23.234296798706055,443900,0.0,0.0
2022-12-16 00:00:00-05:00,22.96811113861054,23.253310470639637,22.85403213110015,23.10120391845703,708000,0.0,0.0
2022-12-19 00:00:00-05:00,23.110703011013314,23.253302628939057,22.70667045801495,22.777969360351562,477400,0.0,0.0
2022-12-20 00:00:00-05:00,22.60685560483206,22.706675176798818,21.92237439533911,22.198068618774414,664300,0.0,0.0
2022-12-21 00:00:00-05:00,22.635375975927133,23.053669875187776,22.540308933378846,22.987123489379883,470300,0.0,0.0
2022-12-22 00:00:00-05:00,22.81600255182419,22.949095319802215,22.530803245227574,22.806495666503906,301700,0.0,0.0
2022-12-23 00:00:00-05:00,22.768470870980213,23.00613757396225,22.739950213851273,22.90156364440918,228300,0.0,0.0
2022-12-27 00:00:00-05:00,22.90156114788662,23.08218833017347,22.806494114406554,22.88254737854004,293200,0.0,0.0
2022-12-28 00:00:00-05:00,22.8445227684666,23.063175686869332,22.359682505973847,22.407215118408203,210300,0.0,0.0
2022-12-29 00:00:00-05:00,22.502279931248818,22.744699131895565,22.40721290252848,22.682907104492188,347600,0.0,0.0
2022-12-30 00:00:00-05:00,22.511790927793612,22.60685797388035,22.131524556699752,22.245603561401367,448600,0.0,0.0
2023-01-03 00:00:00-05:00,22.44523985488515,22.730439120367347,22.34066594469041,22.66389274597168,457000,0.0,0.0
2023-01-04 00:00:00-05:00,22.73044148162038,23.234295503782505,22.701920826808337,23.063175201416016,323700,0.0,0.0
2023-01-05 00:00:00-05:00,22.87303934868011,22.90156000127204,22.521293699643437,22.682907104492188,407600,0.0,0.0
2023-01-06 00:00:00-05:00,22.88254757855038,23.59554761600377,22.873040693793993,23.529001235961914,565900,0.0,0.0
2023-01-09 00:00:00-05:00,23.09169954829707,23.728644621662802,23.082192661839688,23.41492462158203,734200,0.0,0.0
2023-01-10 00:00:00-05:00,23.43393318912623,23.586039712150562,23.243800941972207,23.462453842163086,595700,0.0,0.0
2023-01-11 00:00:00-05:00,23.557523561135696,23.80469714257492,23.433935863789593,23.586042404174805,434500,0.0,0.0
2023-01-12 00:00:00-05:00,23.65258608931711,23.757160003866133,23.462453842163086,23.462453842163086,307700,0.0,0.0
2023-01-13 00:00:00-05:00,23.310347619169306,23.46720667975901,23.19626681880632,23.376893997192383,596000,0.0,0.0
2023-01-17 00:00:00-05:00,24.07088200848518,24.175455932045498,23.54801601718947,23.595548629760742,504000,0.0,0.0
2023-01-18 00:00:00-05:00,23.595548672526863,24.137428435134396,23.538509174687373,23.75716209411621,658600,0.0,0.0
2023-01-19 00:00:00-05:00,23.63358057685328,23.795194028282207,23.296092436962713,23.614566802978516,364600,0.0,0.0
2023-01-20 00:00:00-05:00,23.785684688926036,23.92828435177749,23.605057482245883,23.918777465820312,340100,0.0,0.0
2023-01-23 00:00:00-05:00,24.032859619283347,24.63177896183575,23.89976502174144,24.574739456176758,459400,0.0,0.0
2023-01-24 00:00:00-05:00,24.432132921634867,24.6412789257975,24.289531477668906,24.536705017089844,391500,0.0,0.0
2023-01-25 00:00:00-05:00,24.327563414015177,24.76486926908239,24.12792244429749,24.717336654663086,506200,0.0,0.0
2023-01-26 00:00:00-05:00,24.755360082538626,24.888452831395487,24.39410574528042,24.61275863647461,628700,0.0,0.0
2023-01-27 00:00:00-05:00,24.66029565047495,25.59194861698696,24.52720107436402,24.955001831054688,741600,0.0,0.0
2023-01-30 00:00:00-05:00,24.679308724246614,25.078588844147127,24.394109415711814,24.47966957092285,688800,0.0,0.0
2023-01-31 00:00:00-05:00,24.48917388218718,25.211680776217484,24.384599967198398,25.19266700744629,703200,0.0,0.0
2023-02-01 00:00:00-05:00,25.297237266968153,26.209876277075118,25.149883300163317,26.057769775390625,776100,0.0,0.0
2023-02-02 00:00:00-05:00,26.314456874362854,29.40412392272946,26.314456874362854,28.881256103515625,1807600,0.0,0.0
2023-02-03 00:00:00-05:00,28.586546722036555,28.92878730641368,28.09219961421466,28.196773529052734,1201700,0.0,0.0
2023-02-06 00:00:00-05:00,28.177764189937566,28.424937782704937,28.011398220408118,28.377405166625977,859000,0.0,0.0
2023-02-07 00:00:00-05:00,28.291843912497075,29.061883505353254,28.17776309976694,29.01435089111328,1113700,0.0,0.0
2023-02-08 00:00:00-05:00,28.92879006665586,29.06188283405589,28.301350144265772,28.672109603881836,804600,0.0,0.0
2023-02-09 00:00:00-05:00,28.814713576410497,28.96682013717206,27.66440748399452,27.721446990966797,983800,0.0,0.0
2023-02-10 00:00:00-05:00,27.559825998375857,27.797492661155832,27.2907882499883,27.369693756103516,612600,0.0,0.0
2023-02-13 00:00:00-05:00,27.312656099559593,27.76897571786566,27.13203071726322,27.749963760375977,522900,0.0,0.0
2023-02-14 00:00:00-05:00,27.588349165256183,27.921082886126143,27.284136099290357,27.71193504333496,850600,0.0,0.0
2023-02-15 00:00:00-05:00,27.493284466003843,27.58835151051294,27.236603989805204,27.43624496459961,822800,0.0,0.0
2023-02-16 00:00:00-05:00,27.09400481605544,27.702431010631134,26.789791718767592,27.455257415771484,667900,0.0,0.0
2023-02-17 00:00:00-05:00,27.40772496700356,27.56933840258331,27.23660464541875,27.426738739013672,588100,0.0,0.0
2023-02-21 00:00:00-05:00,27.09399870987455,27.37919797099321,26.685211772552506,26.704225540161133,587400,0.0,0.0
2023-02-22 00:00:00-05:00,26.875352811178512,26.9514060881383,26.504591499403045,26.552125930786133,472400,0.0,0.0
2023-02-23 00:00:00-05:00,26.846826785484435,26.922880047240653,26.518847434145638,26.78978729248047,333100,0.0,0.0
2023-02-24 00:00:00-05:00,26.476067236440947,26.76126651337097,26.257414336577746,26.656694412231445,431100,0.0,0.0
2023-02-27 00:00:00-05:00,27.017946187787825,27.113013215164823,26.575886051749603,26.66619873046875,788200,0.0,0.0
2023-02-28 00:00:00-05:00,26.65669871961853,26.941898042633174,26.57113856006352,26.675710678100586,703400,0.0,0.0
2023-03-01 00:00:00-05:00,26.580641381242565,26.922881990474107,26.53786311834154,26.599655151367188,486200,0.0,0.0
2023-03-02 00:00:00-05:00,26.419031424322952,27.43624461720854,26.333471266673413,27.360191345214844,503700,0.0,0.0
2023-03-03 00:00:00-05:00,27.42673363067738,27.816506818022393,27.363989645332804,27.768972396850586,527600,0.0,0.0
2023-03-06 00:00:00-05:00,27.816506743265787,27.854532466848276,27.008439718044347,27.0939998626709,592300,0.0,0.0
2023-03-07 00:00:00-05:00,27.11301580007628,27.379201326206303,26.79929584909954,26.84682846069336,555000,0.0,0.0
2023-03-08 00:00:00-05:00,26.80880117289939,27.193820018845873,26.713734141994937,27.113014221191406,406500,0.0,0.0
2023-03-09 00:00:00-05:00,27.236994213638845,27.4754132850933,26.77923003300465,26.85552406311035,367200,0.09,0.0
2023-03-10 00:00:00-05:00,26.826912181377864,26.912743189618826,26.21655996188046,26.378684997558594,521100,0.0,0.0
2023-03-13 00:00:00-04:00,25.96860580586421,25.96860580586421,25.138908424540535,25.501304626464844,654600,0.0,0.0
2023-03-14 00:00:00-04:00,25.99721498406726,26.083045992716603,24.757434758572916,25.129369735717773,1059200,0.0,0.0
2023-03-15 00:00:00-04:00,24.709749564905106,25.335361267082114,24.604844603508692,25.138904571533203,779900,0.0,0.0
2023-03-16 00:00:00-04:00,24.91002800737396,25.73018846257313,24.91002800737396,25.653894424438477,582800,0.0,0.0
2023-03-17 00:00:00-04:00,25.57759538019775,25.67296336394876,24.60484522012484,24.967243194580078,1045000,0.0,0.0
2023-03-20 00:00:00-04:00,25.043538175547784,25.100758240389517,24.328280998550394,24.70975112915039,1056600,0.0,0.0
2023-03-21 00:00:00-04:00,25.119837428946138,25.334414990496196,24.852807372462355,25.16752052307129,665600,0.0,0.0
2023-03-22 00:00:00-04:00,25.119831398679725,25.5108384974198,24.795581343286536,24.814655303955078,424900,0.0,0.0
2023-03-23 00:00:00-04:00,24.890953372251165,25.19136193511958,24.294905646952973,24.366430282592773,707200,0.0,0.0
2023-03-24 00:00:00-04:00,24.118471391122146,24.399804117123455,23.918198448061897,24.328279495239258,458100,0.0,0.0
2023-03-27 00:00:00-04:00,24.557166594542387,25.1007618358875,24.523788067020728,24.938636779785156,449700,0.0,0.0
2023-03-28 00:00:00-04:00,24.852802276611328,25.08168435566996,24.70975120457382,24.852802276611328,321100,0.0,0.0
2023-03-29 00:00:00-04:00,25.148446689756664,25.148446689756664,24.681143667510277,24.79558563232422,495300,0.0,0.0
2023-03-30 00:00:00-04:00,24.95770637098313,24.97678033165167,24.75266584127882,24.814655303955078,281900,0.0,0.0
2023-03-31 00:00:00-04:00,24.95770358293718,25.55851872493464,24.900483526316663,25.510835647583008,483600,0.0,0.0
2023-04-03 00:00:00-04:00,25.367787592968863,25.65388972885854,24.75743358061493,25.100757598876953,482800,0.0,0.0
2023-04-04 00:00:00-04:00,25.129371517474326,25.129371517474326,24.63345939211476,24.7669734954834,413800,0.0,0.0
2023-04-05 00:00:00-04:00,24.60484537458713,24.862338386633425,24.414111224880727,24.814655303955078,564300,0.0,0.0
2023-04-06 00:00:00-04:00,24.786044520477514,24.87664310573937,24.58577338916404,24.662067413330078,368500,0.0,0.0
2023-04-10 00:00:00-04:00,24.61915301210156,25.076917177570564,24.395038510281207,24.986318588256836,741500,0.0,0.0
2023-04-11 00:00:00-04:00,25.081687417515784,25.386865379174946,25.067382854263723,25.320106506347656,534300,0.0,0.0
2023-04-12 00:00:00-04:00,25.434545754618263,25.467924277972646,25.086454140356064,25.42500877380371,469400,0.0,0.0
2023-04-13 00:00:00-04:00,25.50130289386952,25.606207864217186,25.110295774019452,25.129369735717773,670800,0.0,0.0
2023-04-14 00:00:00-04:00,25.03400126745466,25.444082341160428,24.967244221780337,25.367788314819336,493900,0.0,0.0
2023-04-17 00:00:00-04:00,25.425011487511533,25.6081168093124,25.091224399348253,25.320106506347656,440300,0.0,0.0
2023-04-18 00:00:00-04:00,25.320099700190873,25.67296065716848,25.28195360210813,25.510835647583008,446600,0.0,0.0
2023-04-19 00:00:00-04:00,25.386868689124086,25.806485030502742,25.348720756820462,25.777875900268555,394600,0.0,0.0
2023-04-20 00:00:00-04:00,25.711111854137624,26.159340873701613,25.711111854137624,25.90184783935547,413100,0.0,0.0
2023-04-21 00:00:00-04:00,25.95906671000455,26.307158320827778,25.692038525807593,25.87323570251465,533400,0.0,0.0
2023-04-24 00:00:00-04:00,25.787407535209095,26.14026674086931,25.787407535209095,26.05443572998047,429200,0.0,0.0
2023-04-25 00:00:00-04:00,25.739718314631634,25.768329253129203,25.196123216127727,25.339174270629883,533000,0.0,0.0
2023-04-26 00:00:00-04:00,25.253349341563084,25.253349341563084,24.251989900466004,24.375967025756836,595500,0.0,0.0
2023-04-27 00:00:00-04:00,24.16615931874103,24.867112031533882,24.004034263366947,24.65253448486328,707200,0.0,0.0
2023-04-28 00:00:00-04:00,24.51901632341315,25.35825246974073,24.51901632341315,24.95770835876465,821700,0.0,0.0
2023-05-01 00:00:00-04:00,24.929094498962282,25.510837544675613,24.87187443808664,25.291492462158203,659500,0.0,0.0
2023-05-02 00:00:00-04:00,25.177054254577943,25.262885268114594,24.766973149679107,25.14844512939453,546000,0.0,0.0
2023-05-03 00:00:00-04:00,25.21520183607235,25.949531203319857,25.21520183607235,25.45362091064453,645400,0.0,0.0
2023-05-04 00:00:00-04:00,25.23427513155878,25.52991610719952,24.8241958325286,25.043540954589844,551000,0.0,0.0
2023-05-05 00:00:00-04:00,25.205663201201055,25.65389037715342,25.148443136375725,25.444082260131836,641200,0.0,0.0
2023-05-08 00:00:00-04:00,25.453619881847874,25.873236126459574,25.100758865386148,25.27242088317871,595200,0.0,0.0
2023-05-09 00:00:00-04:00,25.110296418279997,25.11506399933035,24.490407199124743,24.95770835876465,454400,0.0,0.0
2023-05-10 00:00:00-04:00,25.243808507120757,25.35825045214844,24.7955813453311,25.034000396728516,504000,0.0,0.0
2023-05-11 00:00:00-04:00,25.14844504282522,25.291496125229468,24.7946308560631,25.22473907470703,438500,0.0,0.0
2023-05-12 00:00:00-04:00,25.281955795458867,25.501300880694266,24.99585184954955,25.20566177368164,298200,0.0,0.0
2023-05-15 00:00:00-04:00,25.23427543075652,25.305801884838736,25.00539332428403,25.17705535888672,535200,0.0,0.0
2023-05-16 00:00:00-04:00,25.053075156186917,25.053075156186917,24.51901515435386,24.70975112915039,409300,0.0,0.0
2023-05-17 00:00:00-04:00,24.71928425396482,25.05307124829662,24.49993919045838,25.005386352539062,454500,0.0,0.0
2023-05-18 00:00:00-04:00,25.005393890029115,25.253349965732625,24.776511778378186,25.081687927246094,294900,0.0,0.0
2023-05-19 00:00:00-04:00,25.262881575373164,25.262881575373164,24.828958989918018,24.919557571411133,558500,0.0,0.0
2023-05-22 00:00:00-04:00,25.167513594384495,25.17705057438266,24.72882342842674,24.919557571411133,778000,0.0,0.0
2023-05-23 00:00:00-04:00,24.79557974717958,25.043535762930524,24.671602648800555,24.728822708129883,776800,0.0,0.0
2023-05-24 00:00:00-04:00,24.59531406006734,24.60484922289995,24.108938900906224,24.299673080444336,582300,0.0,0.0
2023-05-25 00:00:00-04:00,24.328284162016192,25.062615395778717,24.318747180136942,25.02446746826172,423400,0.0,0.0
2023-05-26 00:00:00-04:00,25.034003972892407,25.26288607665109,24.938635974911307,25.043540954589844,353300,0.0,0.0
2023-05-30 00:00:00-04:00,25.091224399348253,25.415474505679065,25.024467345514253,25.320106506347656,287400,0.0,0.0
2023-05-31 00:00:00-04:00,25.224738873723577,25.31056988628089,24.68114185452953,24.719289779663086,547700,0.0,0.0
2023-06-01 00:00:00-04:00,24.728828395908693,25.034004541181304,24.595314287100248,24.94817352294922,380800,0.0,0.0
2023-06-02 00:00:00-04:00,25.072149813070997,25.61574499163172,25.072149813070997,25.41547203063965,347900,0.0,0.0
2023-06-05 00:00:00-04:00,25.33917405922476,25.33917405922476,24.824189903514945,24.83372688293457,339100,0.0,0.0
2023-06-06 00:00:00-04:00,24.757432034064955,25.339175068892327,24.56669789505098,25.310565948486328,345700,0.0,0.0
2023-06-07 00:00:00-04:00,25.4440857658307,26.08304900456159,25.24381278285874,25.89231300354004,408400,0.0,0.0
2023-06-08 00:00:00-04:00,25.834902619841372,26.05497727822225,25.596646881179286,25.89231300354004,341700,0.09,0.0
2023-06-09 00:00:00-04:00,25.9305834907127,25.944935627986265,25.327768174622495,25.404315948486328,502500,0.0,0.0
2023-06-12 00:00:00-04:00,25.44259179871155,25.44259179871155,24.88761995901787,25.14596939086914,641600,0.0,0.0
2023-06-13 00:00:00-04:00,25.25121990168566,25.710508360834016,25.16510342966052,25.433021545410156,662400,0.0,0.0
2023-06-14 00:00:00-04:00,25.461728291603134,26.007131411596493,25.37561181738914,25.844467163085938,917700,0.0,0.0
2023-06-15 00:00:00-04:00,25.748782773885136,26.318106748506004,25.720076673257758,26.179365158081055,944500,0.0,0.0
2023-06-16 00:00:00-04:00,26.208070447625655,26.332461730113902,25.68180469106376,25.882741928100586,1178400,0.0,0.0
2023-06-20 00:00:00-04:00,25.787058420116946,25.88274177525916,25.32776992023647,25.480865478515625,823600,0.0,0.0
2023-06-21 00:00:00-04:00,25.346907093252366,25.65788346979594,25.193811536350513,25.633962631225586,595000,0.0,0.0
2023-06-22 00:00:00-04:00,25.595686752830495,26.02148386661838,25.51913897759945,25.930583953857422,488300,0.0,0.0
2023-06-23 00:00:00-04:00,25.76792101548048,26.050191293213903,25.68180453583008,25.95928955078125,977700,0.0,0.0
2023-06-26 00:00:00-04:00,25.94015160727247,26.600375457610802,25.94015160727247,26.46641731262207,663800,0.0,0.0
2023-06-27 00:00:00-04:00,26.456851635542524,27.260604247385494,26.456851635542524,26.849159240722656,763000,0.0,0.0
2023-06-28 00:00:00-04:00,26.849161586414084,27.107511053872248,26.48556005169176,27.097942352294922,626400,0.0,0.0
2023-06-29 00:00:00-04:00,27.614638071845853,27.786871030097007,27.203193077144316,27.7103214263916,541400,0.0,0.0
2023-06-30 00:00:00-04:00,27.71989059887333,27.78687150325612,27.270172619704226,27.48067855834961,739800,0.0,0.0
2023-07-03 00:00:00-04:00,27.289310642871566,27.672049551423417,27.241467138650663,27.413700103759766,250100,0.0,0.0
2023-07-05 00:00:00-04:00,27.030959574621118,27.356288083646547,26.600377187663064,26.820453643798828,536200,0.0,0.0
2023-07-06 00:00:00-04:00,26.332459832409246,26.64821962859909,25.959287836880968,26.60037612915039,832300,0.0,0.0
2023-07-07 00:00:00-04:00,26.57167105532139,27.164915830298945,26.57167105532139,26.782176971435547,563500,0.0,0.0
2023-07-10 00:00:00-04:00,26.69606271389915,27.279740662720567,26.69606271389915,27.107507705688477,619400,0.0,0.0
2023-07-11 00:00:00-04:00,27.097939503856473,27.595500983316267,27.097939503856473,27.557226181030273,446500,0.0,0.0
2023-07-12 00:00:00-04:00,27.83470884250365,27.892119212268238,27.380205671347365,27.471105575561523,516600,0.0,0.0
2023-07-13 00:00:00-04:00,27.528523279842435,27.614639764245773,27.270173826632412,27.38499641418457,525400,0.0,0.0
2023-07-14 00:00:00-04:00,27.471112588594572,27.471112588594572,27.021394564719525,27.097942352294922,356800,0.0,0.0
2023-07-17 00:00:00-04:00,26.858724214462406,26.858724214462406,26.46641666372011,26.571670532226562,527600,0.0,0.0
2023-07-18 00:00:00-04:00,26.791746838251022,27.777301039673564,26.74868860068783,27.643341064453125,823400,0.0,0.0
2023-07-19 00:00:00-04:00,27.939967651870987,28.743720270968858,27.911261549387824,28.609760284423828,780800,0.0,0.0
2023-07-20 00:00:00-04:00,28.68630563823172,28.801128213403675,28.341841562801694,28.39925193786621,528500,0.0,0.0
2023-07-21 00:00:00-04:00,28.47101445043613,28.705443038267532,28.284429362694258,28.39925193786621,559000,0.0,0.0
2023-07-24 00:00:00-04:00,28.035651744541834,28.56191935359527,27.815577094867933,28.50450897216797,365700,0.0,0.0
2023-07-25 00:00:00-04:00,28.475800844740835,28.80112935810819,28.399253066598103,28.54277992248535,403900,0.0,0.0
2023-07-26 00:00:00-04:00,28.705444183013906,29.34653250943627,28.66716938141592,29.26041603088379,497500,0.0,0.0
2023-07-27 00:00:00-04:00,29.308259981270496,29.480492951735513,29.002068844907413,29.069047927856445,405300,0.0,0.0
2023-07-28 00:00:00-04:00,29.37523654738265,29.887150120020607,29.16951406585044,29.853660583496094,419300,0.0,0.0
2023-07-31 00:00:00-04:00,29.853659802926813,29.954128409873444,29.37523577932249,29.480487823486328,792000,0.0,0.0
2023-08-01 00:00:00-04:00,29.423080252417535,29.54746970737632,29.05947876288625,29.53790283203125,378000,0.0,0.0
2023-08-02 00:00:00-04:00,29.576175376116236,29.824956107439448,29.42307982223164,29.49005889892578,531100,0.0,0.0
2023-08-03 00:00:00-04:00,29.719701473485184,30.37035847345915,29.2632856160244,30.112009048461914,872800,0.0,0.0
2023-08-04 00:00:00-04:00,30.217265759082633,30.322519643968153,29.490060915872775,29.69099998474121,570100,0.0,0.0
2023-08-07 00:00:00-04:00,29.815387370863558,30.169421979442177,29.338877779360857,29.52833366394043,400300,0.0,0.0
2023-08-08 00:00:00-04:00,29.212574045108862,29.442217377140143,29.101578581682478,29.413511276245117,285100,0.0,0.0
2023-08-09 00:00:00-04:00,29.269985862790453,29.423081425014725,29.164731979370117,29.164731979370117,286200,0.0,0.0
2023-08-10 00:00:00-04:00,29.289120574553575,29.700565544637282,29.269983174772268,29.308256149291992,367400,0.0,0.0
2023-08-11 00:00:00-04:00,29.174296594209796,29.571389407832317,29.1264549221062,29.557035446166992,373100,0.0,0.0
2023-08-14 00:00:00-04:00,29.480487823486328,29.5953103921702,29.174296740386414,29.480487823486328,291500,0.0,0.0
2023-08-15 00:00:00-04:00,29.356100543602697,29.356100543602697,28.96379296134165,29.12645721435547,475000,0.0,0.0
2023-08-16 00:00:00-04:00,29.155164924332084,29.461357891107472,28.552351342177168,28.60019302368164,363900,0.0,0.0
2023-08-17 00:00:00-04:00,28.686303174620505,28.791557040735235,27.911256790161133,27.911256790161133,315800,0.0,0.0
2023-08-18 00:00:00-04:00,27.748599170398105,28.160044208724713,27.66248268214169,27.930400848388672,410500,0.0,0.0
2023-08-21 00:00:00-04:00,27.920828180349755,28.26529408443901,27.901690780113032,28.00694465637207,234600,0.0,0.0
2023-08-22 00:00:00-04:00,28.035650100217733,28.093062303320856,27.60506952720239,27.633773803710938,860100,0.0,0.0
2023-08-23 00:00:00-04:00,27.51895254824022,27.920828837454692,27.206063529682144,27.901691436767578,480100,0.0,0.0
2023-08-24 00:00:00-04:00,27.959102439341088,28.107414560420068,27.81557558106244,27.834712982177734,282700,0.0,0.0
2023-08-25 00:00:00-04:00,27.806007973436866,27.92083055959877,27.318015176074194,27.77730369567871,432500,0.0,0.0
2023-08-28 00:00:00-04:00,27.939964008142553,28.274859368222803,27.767731065791093,27.81557273864746,299600,0.0,0.0
2023-08-29 00:00:00-04:00,27.844280599420443,28.16960910555103,27.777301523165843,28.13133430480957,319200,0.0,0.0
2023-08-30 00:00:00-04:00,28.217451406490937,28.322705285818515,28.016514173276096,28.064355850219727,790100,0.0,0.0
2023-08-31 00:00:00-04:00,28.00694724389741,28.00694724389741,27.480679639023993,27.6624813079834,494600,0.0,0.0
2023-09-01 00:00:00-04:00,27.882553568493666,28.030865683767146,27.662478939411432,27.892122268676758,523300,0.0,0.0
2023-09-05 00:00:00-04:00,27.806007045727892,27.839496585357136,27.212762207972954,27.279741287231445,593800,0.0,0.0
2023-09-06 00:00:00-04:00,27.241466845902792,27.43283721064371,26.523830715688927,26.849159240722656,574400,0.0,0.0
2023-09-07 00:00:00-04:00,26.877954286461144,27.127535510259552,26.637972551760598,26.86835479736328,544900,0.09,0.0
2023-09-08 00:00:00-04:00,26.84915743365053,27.10833816213175,26.676372112245158,26.75316619873047,410100,0.0,0.0
2023-09-11 00:00:00-04:00,26.839557647705078,27.012344798118573,26.753165903413755,26.839557647705078,296900,0.0,0.0
2023-09-12 00:00:00-04:00,26.72436708653115,26.90675372413757,26.31159819501339,26.426790237426758,454400,0.0,0.0
2023-09-13 00:00:00-04:00,26.407591602586773,27.041143266825962,26.24440394174241,26.839557647705078,629500,0.0,0.0
2023-09-14 00:00:00-04:00,27.06034307813664,27.3579199402692,26.930752711341295,27.175533294677734,658600,0.0,0.0
2023-09-15 00:00:00-04:00,27.098739624023438,27.30512408199651,27.012346044829336,27.098739624023438,858300,0.0,0.0
2023-09-18 00:00:00-04:00,27.185132954012552,27.559503906478138,27.050743756905003,27.281126022338867,729200,0.0,0.0
2023-09-19 00:00:00-04:00,27.281122035102616,27.415511212568692,26.82323760122519,27.07953643798828,345500,0.0,0.0
2023-09-20 00:00:00-04:00,27.242725663217467,27.434711782960765,27.11793596702505,27.156333923339844,396400,0.0,0.0
2023-09-21 00:00:00-04:00,27.165931853455152,27.204329810154338,26.762762462690446,26.78196144104004,345700,0.0,0.0
2023-09-22 00:00:00-04:00,26.820360029652075,27.012344324925284,26.59957543526056,26.6187744140625,267500,0.0,0.0
2023-09-25 00:00:00-04:00,26.53238431406514,27.228331823970034,26.53238431406514,26.99315071105957,429100,0.0,0.0
2023-09-26 00:00:00-04:00,26.858756298882064,26.973948341389637,26.33079719543457,26.33079719543457,682500,0.0,0.0
2023-09-27 00:00:00-04:00,26.39799141728019,26.465186011577714,25.918027936966002,26.215604782104492,901200,0.0,0.0
2023-09-28 00:00:00-04:00,26.22520782583901,26.503587560990656,26.052420656560834,26.397994995117188,733900,0.0,0.0
2023-09-29 00:00:00-04:00,26.67637255350734,26.93075262590107,26.54198152674845,26.580379486083984,604300,0.0,0.0
2023-10-02 00:00:00-04:00,26.426792231100098,26.532382961119914,25.93722921801192,26.138813018798828,473500,0.0,0.0
2023-10-03 00:00:00-04:00,25.908430032405587,26.2924004739604,25.562855719548512,25.706846237182617,629100,0.0,0.0
2023-10-04 00:00:00-04:00,25.735638859521817,25.898826500579027,25.361267966296836,25.697242736816406,503800,0.0,0.0
2023-10-05 00:00:00-04:00,25.6780480169815,25.889231304159804,25.370871660752876,25.524459838867188,479100,0.0,0.0
2023-10-06 00:00:00-04:00,25.37086963112129,26.081215355802268,25.37086963112129,25.812435150146484,409300,0.0,0.0
2023-10-09 00:00:00-04:00,25.639649437536857,26.177209878864904,25.639649437536857,26.08121681213379,431500,0.0,0.0
2023-10-10 00:00:00-04:00,26.11001523225723,26.51318464703628,26.090816252764068,26.273202896118164,559300,0.0,0.0
2023-10-11 00:00:00-04:00,26.31159819501339,26.599575554673713,26.282799726681194,26.426790237426758,570500,0.0,0.0
2023-10-12 00:00:00-04:00,26.426787454606966,26.426787454606966,25.850830965020855,26.09081268310547,526100,0.0,0.0
2023-10-13 00:00:00-04:00,26.148409030220343,26.27320055489014,25.572452513157767,25.76443862915039,463900,0.0,0.0
2023-10-16 00:00:00-04:00,25.84123383346069,26.56117905337778,25.84123383346069,26.31159782409668,358200,0.0,0.0
2023-10-17 00:00:00-04:00,26.32120000225532,27.041145295718636,26.32120000225532,26.743568420410156,641200,0.0,0.0
2023-10-18 00:00:00-04:00,26.407591843589337,26.44598797130085,25.466863828214354,25.476463317871094,728100,0.0,0.0
2023-10-19 00:00:00-04:00,25.553257873560565,25.65884859989324,25.116491156191593,25.207683563232422,516300,0.0,0.0
2023-10-20 00:00:00-04:00,25.466864508324928,26.215606412391725,25.428466548672535,25.61085319519043,650600,0.0,0.0
2023-10-23 00:00:00-04:00,25.5148614180609,25.670370233057266,25.236483520156703,25.28447914123535,481600,0.0,0.0
2023-10-24 00:00:00-04:00,25.409266764096934,25.41406742435918,24.958101737963304,25.178884506225586,475500,0.0,0.0
2023-10-25 00:00:00-04:00,25.063694834167553,25.087692643250904,24.516536731039096,24.910106658935547,382000,0.0,0.0
2023-10-26 00:00:00-04:00,24.910101753270855,25.006092970700248,24.410939366611515,24.56452751159668,600200,0.0,0.0
2023-10-27 00:00:00-04:00,24.63172673431961,24.833312356893174,23.80618892638918,24.01737403869629,838000,0.0,0.0
2023-10-30 00:00:00-04:00,24.305350235730607,24.54533197475783,24.055769007432453,24.449338912963867,455900,0.0,0.0
2023-10-31 00:00:00-04:00,24.430141072714534,24.58372923486432,24.247754443568414,24.31494903564453,522700,0.0,0.0
2023-11-01 00:00:00-04:00,24.314947719864808,24.479094761756,24.08456548910703,24.343746185302734,527600,0.0,0.0
2023-11-02 00:00:00-04:00,23.153437990741725,23.153437990741725,20.897609374762787,21.27198028564453,1301700,0.0,0.0
2023-11-03 00:00:00-04:00,20.79202017514675,21.526363797288816,20.78434131519047,21.252784729003906,1294200,0.0,0.0
2023-11-06 00:00:00-05:00,21.39677610933974,21.39677610933974,20.840016629198164,21.099197387695312,834900,0.0,0.0
2023-11-07 00:00:00-05:00,20.964806644231675,21.406372202616076,20.80161897462972,21.214387893676758,653900,0.0,0.0
2023-11-08 00:00:00-05:00,21.34877470877554,21.406369811933512,20.87841073266893,20.89760971069336,737400,0.0,0.0
2023-11-09 00:00:00-05:00,20.916808940601943,20.916808940601943,20.53283669915076,20.619230270385742,593500,0.0,0.0
2023-11-10 00:00:00-05:00,20.657628810143066,21.243183016149466,20.552036257671162,21.233585357666016,576900,0.0,0.0
2023-11-13 00:00:00-05:00,21.17598885835245,21.233585795934342,20.77762011011258,21.06079864501953,544400,0.0,0.0
2023-11-14 00:00:00-05:00,21.38717317283791,21.953530221604137,21.377573683597678,21.607955932617188,504800,0.0,0.0
2023-11-15 00:00:00-05:00,21.646354038120695,22.52948698891155,21.646354038120695,22.20311164855957,1103900,0.0,0.0
2023-11-16 00:00:00-05:00,22.193512221080198,22.32790141019449,21.58875720823511,21.915132522583008,554500,0.0,0.0
2023-11-17 00:00:00-05:00,22.07831734849614,22.07831734849614,21.4956414189757,21.771141052246094,590700,0.0,0.0
2023-11-20 00:00:00-05:00,21.809540012026265,21.972727669510085,21.607956227972046,21.723146438598633,628200,0.0,0.0
2023-11-21 00:00:00-05:00,21.675149102984204,21.982325414838062,21.59835502502074,21.828737258911133,398100,0.0,0.0
2023-11-22 00:00:00-05:00,21.982322891032325,22.097514910209863,21.87673219027753,21.99192237854004,392400,0.0,0.0
2023-11-24 00:00:00-05:00,22.020728445084686,22.212712768788368,22.020728445084686,22.087923049926758,157700,0.0,0.0
2023-11-27 00:00:00-05:00,22.030324563906248,22.068720690403737,21.78554216268763,21.915132522583008,365400,0.0,0.0
2023-11-28 00:00:00-05:00,21.886332359654922,22.020723369277412,21.59835502502074,21.828737258911133,676100,0.0,0.0
2023-11-29 00:00:00-05:00,21.972724595703504,22.39509291438431,21.905530010418744,21.953527450561523,476800,0.0,0.0
2023-11-30 00:00:00-05:00,22.020726933359803,22.193514094472228,21.771145681854694,22.107120513916016,734900,0.0,0.0
2023-12-01 00:00:00-05:00,22.10711807573146,23.105441140731735,22.08791909752185,23.057445526123047,696100,0.0,0.0
2023-12-04 00:00:00-05:00,22.923053307994117,23.50860929628624,22.846259230096397,23.19183349609375,806000,0.0,0.0
2023-12-05 00:00:00-05:00,23.04784535696153,23.129438265571856,22.76946567388217,22.827062606811523,540800,0.0,0.0
2023-12-06 00:00:00-05:00,22.903860348790293,22.918258668867278,22.510290398751053,22.721473693847656,617400,0.0,0.0
2023-12-07 00:00:00-05:00,23.09727458656237,23.09727458656237,22.605842977754165,22.93346405029297,1026100,0.09,0.0
2023-12-08 00:00:00-05:00,22.904556680919125,23.15412564193828,22.760018410049184,22.972007751464844,531100,0.0,0.0
2023-12-11 00:00:00-05:00,22.9238247558504,23.26108004701478,22.808193057520118,23.164722442626953,452100,0.0,0.0
2023-12-12 00:00:00-05:00,23.049093047469643,23.27071850035308,22.962369724532003,23.14545249938965,555200,0.0,0.0
2023-12-13 00:00:00-05:00,23.16472260151452,23.33335024825333,22.673291096571187,23.32853126525879,682100,0.0,0.0
2023-12-14 00:00:00-05:00,23.579067254125487,24.036773271889757,23.521252318189017,24.012683868408203,695800,0.0,0.0
2023-12-15 00:00:00-05:00,24.089770192555726,24.63901665888142,24.051225678053903,24.224672317504883,1106900,0.0,0.0
2023-12-18 00:00:00-05:00,24.24394308823925,24.484840775394172,23.617609469217147,23.85850715637207,1596900,0.0,0.0
2023-12-19 00:00:00-05:00,24.01268509484677,24.378848825017652,23.945234026491903,24.301761627197266,1008600,0.0,0.0
2023-12-20 00:00:00-05:00,24.04159287041007,24.54747770808005,24.031956741190182,24.070499420166016,762400,0.0,0.0
2023-12-21 00:00:00-05:00,24.166858689226498,24.663107393872927,24.137950301788408,24.600475311279297,555400,0.0,0.0
2023-12-22 00:00:00-05:00,24.81246566772461,24.957003935101472,24.706470080626477,24.81246566772461,511400,0.0,0.0
2023-12-26 00:00:00-05:00,24.812465870975657,25.120814667346473,24.802829741351093,24.88955307006836,623700,0.0,0.0
2023-12-27 00:00:00-05:00,24.870279781922864,24.92809655727833,24.537841594195676,24.590839385986328,495300,0.0,0.0
2023-12-28 00:00:00-05:00,24.629383966931726,24.7980134845516,24.576386171048448,24.7642879486084,549900,0.0,0.0
2023-12-29 00:00:00-05:00,24.7450152882976,24.831738618720912,24.484845297027668,24.52338981628418,523100,0.0,0.0
2024-01-02 00:00:00-05:00,24.446303656486705,24.581205803820332,23.99823370952411,24.21504020690918,547400,0.0,0.0
2024-01-03 00:00:00-05:00,24.157225171272795,24.157225171272795,23.579070225343294,23.61761474609375,555000,0.0,0.0
2024-01-04 00:00:00-05:00,23.31889976650143,23.43452964156298,23.097272469809962,23.28999137878418,924300,0.0,0.0
2024-01-05 00:00:00-05:00,23.39598486291096,23.588701916686663,23.241810484728973,23.473072052001953,934000,0.0,0.0
2024-01-08 00:00:00-05:00,23.434527363702248,24.263216018676758,23.347804046883823,24.263216018676758,988200,0.0,0.0
2024-01-09 00:00:00-05:00,24.031957628910966,24.128317086765573,23.61761324666881,23.6850643157959,747000,0.0,0.0
2024-01-10 00:00:00-05:00,23.569430093953333,23.819963922588364,23.434527970035855,23.713970184326172,717100,0.0,0.0
2024-01-11 00:00:00-05:00,23.60797760117899,23.665792541915746,23.222541599760916,23.405624389648438,750200,0.0,0.0
2024-01-12 00:00:00-05:00,23.434526675558455,23.566539607731507,23.08281627341311,23.164722442626953,631200,0.0,0.0
2024-01-16 00:00:00-05:00,23.126180250745403,23.32853344574566,22.76965082986879,23.318899154663086,751300,0.0,0.0
2024-01-17 00:00:00-05:00,23.039457730866523,23.29962770885312,23.000915051481698,23.106908798217773,496700,0.0,0.0
2024-01-18 00:00:00-05:00,23.212902099606016,23.545340257954006,23.116542653766384,23.473072052001953,797100,0.0,0.0
2024-01-19 00:00:00-05:00,23.762151924728116,23.762151924728116,23.2418137839762,23.66579246520996,789600,0.0,0.0
2024-01-22 00:00:00-05:00,23.925960564332,24.431845389456473,23.752513918482773,24.359577178955078,646400,0.0,0.0
2024-01-23 00:00:00-05:00,24.4752076604779,24.629382052205028,24.157222747802734,24.157222747802734,489000,0.0,0.0
2024-01-24 00:00:00-05:00,24.301762526187424,24.301762526187424,23.868147711621052,23.91632652282715,493400,0.0,0.0
2024-01-25 00:00:00-05:00,24.08977017670791,24.359576264332336,23.74287689803416,24.051225662231445,640700,0.0,0.0
2024-01-26 00:00:00-05:00,24.022322112965163,24.13795199502133,23.670611645029922,23.91632652282715,692300,0.0,0.0
2024-01-29 00:00:00-05:00,23.800694141264653,24.03195571899414,23.550160305915128,24.03195571899414,766300,0.0,0.0
2024-01-30 00:00:00-05:00,23.839241438601057,24.041596507020166,23.632069223795206,23.819969177246094,842900,0.0,0.0
2024-01-31 00:00:00-05:00,23.945233680186316,24.224674079029914,23.56943198808114,23.627248764038086,1359900,0.0,0.0
2024-02-01 00:00:00-05:00,23.270718697253347,23.87296297946955,22.33603623289913,22.962369918823242,1429000,0.0,0.0
2024-02-02 00:00:00-05:00,22.827465935344996,23.458616715632928,22.41312160873865,23.309261322021484,1056000,0.0,0.0
2024-02-05 00:00:00-05:00,22.837106419364016,23.23699571086682,22.817834159124295,23.020187377929688,863400,0.0,0.0
2024-02-06 00:00:00-05:00,23.010545990322242,23.694696369285392,23.010545990322242,23.347803115844727,801600,0.0,0.0
2024-02-07 00:00:00-05:00,23.4345283363927,23.501979399405915,23.188813487144035,23.26108169555664,998200,0.0,0.0
2024-02-08 00:00:00-05:00,23.232175357024577,23.381530758500745,22.856373685853615,23.33816909790039,541500,0.0,0.0
2024-02-09 00:00:00-05:00,23.328534671663533,23.50198132672336,23.08763694805906,23.43453025817871,496900,0.0,0.0
2024-02-12 00:00:00-05:00,23.434531061960794,23.897054266048585,23.41525880231451,23.82960319519043,484200,0.0,0.0
2024-02-13 00:00:00-05:00,23.405619037333842,23.46343396484968,23.053906813695345,23.212900161743164,589700,0.0,0.0
2024-02-14 00:00:00-05:00,23.309261322021484,23.46343569872568,23.0009125686131,23.309261322021484,961300,0.0,0.0
2024-02-15 00:00:00-05:00,23.444164465095103,23.521251656810726,23.00091357220618,23.26108169555664,865100,0.0,0.0
2024-02-16 00:00:00-05:00,23.22253794953986,23.367076197614498,22.85637242732033,22.87564468383789,704600,0.0,0.0
2024-02-20 00:00:00-05:00,22.702199319033713,22.827467155491252,22.336035614265402,22.644384384155273,593600,0.0,0.0
2024-02-21 00:00:00-05:00,22.576936228457615,22.87564890802557,22.576936228457615,22.85637664794922,443400,0.0,0.0
2024-02-22 00:00:00-05:00,22.923825751514396,23.0394556169634,22.827466305037838,23.02981948852539,386100,0.0,0.0
2024-02-23 00:00:00-05:00,23.087637632999265,23.164726671227317,22.89492055114062,22.972007751464844,434900,0.0,0.0
2024-02-26 00:00:00-05:00,22.885279325646103,22.98163876407161,22.731104959326654,22.94309425354004,583800,0.0,0.0
2024-02-27 00:00:00-05:00,22.981644286728336,23.164727079942594,22.827469883359655,23.039459228515625,616400,0.0,0.0
2024-02-28 00:00:00-05:00,22.827472132659487,22.986463697716697,22.398674416169865,22.42276382446289,799700,0.0,0.0
2024-02-29 00:00:00-05:00,22.49020703159726,22.904551325677357,22.345668794521355,22.69256019592285,1398500,0.0,0.0
2024-03-01 00:00:00-05:00,22.673293638300038,22.687746913096895,22.046958107848486,22.08550262451172,806200,0.0,0.0
2024-03-04 00:00:00-05:00,22.037325111883955,22.422761111652665,21.90242113353704,21.94096565246582,937300,0.0,0.0
2024-03-05 00:00:00-05:00,21.883146134608207,22.133679962570486,21.685610094586508,21.719337463378906,838900,0.0,0.0
2024-03-06 00:00:00-05:00,21.796425482031545,22.114410383856107,21.74824483757106,21.85424041748047,642800,0.0,0.0
2024-03-07 00:00:00-05:00,22.01390297393208,22.526755004346654,22.01390297393208,22.41063690185547,757500,0.095,0.0
2024-03-08 00:00:00-05:00,22.60416508140021,22.739634654697493,22.37193073619008,22.429988861083984,630600,0.0,0.0
2024-03-11 00:00:00-04:00,22.352576937246944,22.575134615968594,22.20743070528215,22.51707649230957,652600,0.0,0.0
2024-03-12 00:00:00-04:00,22.507402025431603,22.570299408815373,22.226784350053748,22.35257911682129,672300,0.0,0.0
2024-03-13 00:00:00-04:00,22.29452133178711,22.429990917504476,22.144535829289534,22.29452133178711,778800,0.0,0.0
2024-03-14 00:00:00-04:00,22.02357747719594,22.17840036824972,21.317197806058775,21.42363739013672,1616200,0.0,0.0
2024-03-15 00:00:00-04:00,21.346226285675325,21.936489720770485,21.18172673059804,21.820371627807617,4735700,0.0,0.0
2024-03-18 00:00:00-04:00,21.83972409720665,21.96551884680206,20.98819821609096,21.055932998657227,1252700,0.0,0.0
2024-03-19 00:00:00-04:00,21.046255247514058,21.234945516500627,20.939813825774227,21.01722526550293,1114500,0.0,0.0
2024-03-20 00:00:00-04:00,20.93013919942547,21.355903082132947,20.615656002426178,21.336549758911133,1159900,0.0,0.0
2024-03-21 00:00:00-04:00,21.47202138074198,21.50104952021724,21.278491837945914,21.41396141052246,630900,0.0,0.0
2024-03-22 00:00:00-04:00,21.501050143595002,21.501050143595002,21.08980216027322,21.191404342651367,561400,0.0,0.0
2024-03-25 00:00:00-04:00,21.20108140675055,21.442992424030347,21.104316630711715,21.239788055419922,718700,0.0,0.0
2024-03-26 00:00:00-04:00,21.36558165923466,21.481699763341407,21.157538030034615,21.230112075805664,808000,0.0,0.0
2024-03-27 00:00:00-04:00,21.394610060763792,21.69457919282149,21.341389343894704,21.62684440612793,799600,0.0,0.0
2024-03-28 00:00:00-04:00,21.771991587109557,22.120344043106382,21.680066064836883,21.907461166381836,601200,0.0,0.0
2024-04-01 00:00:00-04:00,21.849402089730912,21.994548324879187,21.510726310628602,21.62684440612793,679900,0.0,0.0
2024-04-02 00:00:00-04:00,21.45267246202379,21.585238878744605,21.26881954318208,21.53976058959961,864900,0.0,0.0
2024-04-03 00:00:00-04:00,21.588136398448867,21.917135495054215,21.452666833599984,21.646196365356445,1311000,0.0,0.0
2024-04-04 00:00:00-04:00,21.684902125104895,22.168724130298017,21.462344445668336,21.578460693359375,747600,0.0,0.0
2024-04-05 00:00:00-04:00,21.520402900870398,21.892946072081404,21.496212169365165,21.868755340576172,836100,0.0,0.0
2024-04-08 00:00:00-04:00,21.936491152926436,22.071960732198715,21.839726376745695,21.907461166381836,640500,0.0,0.0
2024-04-09 00:00:00-04:00,21.936490055737707,22.265489170916045,21.936490055737707,22.110666275024414,848900,0.0,0.0
2024-04-10 00:00:00-04:00,21.684899684786245,21.762311123080238,21.118828888317843,21.21075439453125,631300,0.0,0.0
2024-04-11 00:00:00-04:00,21.210756507485712,21.39460938386169,21.152698384390202,21.28816795349121,653700,0.0,0.0
2024-04-12 00:00:00-04:00,21.084962773243547,21.152697555138634,20.80434513895316,20.9785213470459,570900,0.0,0.0
2024-04-15 00:00:00-04:00,20.95916714711498,21.322033616899706,20.84305091033908,21.01722526550293,926200,0.0,0.0
2024-04-16 00:00:00-04:00,20.96884502253208,21.007549821821488,20.69790404496858,20.92046356201172,780400,0.0,0.0
2024-04-17 00:00:00-04:00,20.001202994756685,20.250854603669268,19.83670342908039,19.981849670410156,1158200,0.0,0.0
2024-04-18 00:00:00-04:00,20.07861150998408,20.214081069327975,19.88024457853009,20.04958152770996,827300,0.0,0.0
2024-04-19 00:00:00-04:00,20.107643662217267,20.7075819288847,20.107643662217267,20.581789016723633,599000,0.0,0.0
2024-04-22 00:00:00-04:00,20.63017035124529,20.639847012987165,20.33987788152705,20.368906021118164,761500,0.0,0.0
2024-04-23 00:00:00-04:00,20.426967418074103,20.65920177919354,20.368907443568265,20.455995559692383,481500,0.0,0.0
2024-04-24 00:00:00-04:00,20.291497011629644,20.504379904268053,20.185057410945173,20.388261795043945,717000,0.0,0.0
2024-04-25 00:00:00-04:00,20.349557563432217,20.746291525557538,20.320527573898126,20.62049674987793,927900,0.0,0.0
2024-04-26 00:00:00-04:00,20.34955674891966,20.784995500693427,20.320526760547526,20.659202575683594,898400,0.0,0.0
2024-04-29 00:00:00-04:00,20.80434822470509,20.997877783653887,20.436644277463973,20.53340721130371,1052100,0.0,0.0
2024-04-30 00:00:00-04:00,20.43664147313591,20.43664147313591,19.943142826605854,20.01087760925293,924100,0.0,0.0
2024-05-01 00:00:00-04:00,20.039906767838552,20.668876857331814,19.952820504024277,20.39793586730957,1108700,0.0,0.0
2024-05-02 00:00:00-04:00,20.320524613039563,21.15269906874804,20.243113164529554,20.823699951171875,1023500,0.0,0.0
2024-05-03 00:00:00-04:00,21.13334749246042,21.510728104443213,21.017229387277816,21.307523727416992,1423900,0.0,0.0
2024-05-06 00:00:00-04:00,21.472021848258606,21.723609521117584,21.36558041283974,21.67522621154785,971500,0.0,0.0
2024-05-07 00:00:00-04:00,21.733284414964384,21.75263773886135,21.43331527709961,21.43331527709961,791700,0.0,0.0
2024-05-08 00:00:00-04:00,21.30752127877357,21.655871863019872,21.297844617317498,21.636520385742188,672300,0.0,0.0
2024-05-09 00:00:00-04:00,21.64619569646656,21.762311935424805,21.568784255282946,21.762311935424805,556600,0.0,0.0
2024-05-10 00:00:00-04:00,21.830047737781427,21.849401060391987,21.607490064663274,21.694578170776367,643600,0.0,0.0
2024-05-13 00:00:00-04:00,21.830047599382183,22.051638158655287,21.665548049504185,21.723608016967773,525600,0.0,0.0
2024-05-14 00:00:00-04:00,21.946165138521355,22.01389991989646,21.597812725010105,21.704254150390625,495400,0.0,0.0
2024-05-15 00:00:00-04:00,21.87843035714625,21.90745849451594,21.58813606400875,21.704254150390625,447000,0.0,0.0
2024-05-16 00:00:00-04:00,21.675226412763525,21.888109285577496,21.53975683597977,21.75263786315918,487100,0.0,0.0
2024-05-17 00:00:00-04:00,21.704258413022732,21.704258413022732,21.34622926819459,21.40428924560547,435100,0.0,0.0
2024-05-20 00:00:00-04:00,21.365582399614524,21.51072865055171,21.215596894453093,21.32687759399414,442900,0.0,0.0
2024-05-21 00:00:00-04:00,21.19140408873483,21.19140408873483,20.552759170532227,20.552759170532227,559900,0.0,0.0
2024-05-22 00:00:00-04:00,20.52373146569657,21.326877879270608,20.514056648388095,21.268817901611328,1037800,0.0,0.0
2024-05-23 00:00:00-04:00,21.278489807376832,21.472019331704715,21.017225503224488,21.442989349365234,937400,0.0,0.0
2024-05-24 00:00:00-04:00,21.61716876916424,21.7719916734133,21.375257750570757,21.559110641479492,812800,0.0,0.0
2024-05-28 00:00:00-04:00,21.56878490826789,21.689740404131303,21.28816727196027,21.29784393310547,716800,0.0,0.0
2024-05-29 00:00:00-04:00,21.046256605265768,21.046256605265768,20.75112489549961,20.891433715820312,752100,0.0,0.0
2024-05-30 00:00:00-04:00,21.007552334006906,21.365581459829457,20.988200854865266,21.152700424194336,573000,0.0,0.0
2024-05-31 00:00:00-04:00,21.278492498781475,21.801021173178064,21.278492498781475,21.75263786315918,755400,0.0,0.0
2024-06-03 00:00:00-04:00,21.820372651551057,22.02357886236125,21.59781496236787,21.75263786315918,779800,0.0,0.0
2024-06-04 00:00:00-04:00,21.90745918258924,22.27032567618231,21.578460080747437,21.694578170776367,757200,0.0,0.0
2024-06-05 00:00:00-04:00,21.791344371292247,21.82037251148268,21.53008003577105,21.781667709350586,609700,0.0,0.0
2024-06-06 00:00:00-04:00,21.70425679747342,22.033255929107174,21.60265461301921,21.907461166381836,624600,0.0,0.0
2024-06-07 00:00:00-04:00,21.679104132662413,21.96090423112867,21.649953676553146,21.795711517333984,610200,0.095,0.0
2024-06-10 00:00:00-04:00,21.649954666074937,22.456483398897305,21.649954666074937,22.26213836669922,1142300,0.0,0.0
2024-06-11 00:00:00-04:00,22.03864338740887,22.20383611257914,21.81028824729983,22.04836082458496,924700,0.0,0.0
2024-06-12 00:00:00-04:00,22.495350671304823,22.573088311352333,21.65967150414696,21.766559600830078,634800,0.0,0.0
2024-06-13 00:00:00-04:00,21.669388278815507,21.669388278815507,21.222397287319332,21.4167423248291,477300,0.0,0.0
2024-06-14 00:00:00-04:00,21.18352569557156,21.241830313799205,20.785120071406688,21.008617401123047,406800,0.0,0.0
2024-06-17 00:00:00-04:00,20.892011901855263,21.251549666365058,20.892011901855263,21.232114791870117,473700,0.0,0.0
2024-06-18 00:00:00-04:00,21.290413408764348,21.649951103138147,21.217533570331018,21.30013084411621,615600,0.0,0.0
2024-06-20 00:00:00-04:00,21.26126506341253,21.601367950439453,21.256407271537295,21.601367950439453,499900,0.0,0.0
2024-06-21 00:00:00-04:00,21.649954834713665,22.174683460277254,21.635377752467733,22.11638069152832,1176800,0.0,0.0
2024-06-24 00:00:00-04:00,21.970621501805617,22.44676476658199,21.91231688320415,21.941469192504883,1067700,0.0,0.0
2024-06-25 00:00:00-04:00,21.892886109899965,22.582807486764665,21.679106193250988,22.5439395904541,1172500,0.0,0.0
2024-06-26 00:00:00-04:00,22.573087421209994,23.01036278761603,22.495349784227972,22.864604949951172,934700,0.0,0.0
2024-06-27 00:00:00-04:00,22.845172632727827,23.263013173273563,22.73828267489194,23.17555809020996,1142400,0.0,0.0
2024-06-28 00:00:00-04:00,23.243578443350216,23.680853861393242,23.243578443350216,23.476791381835938,1768000,0.0,0.0
2024-07-01 00:00:00-04:00,23.53509120769234,23.66724685769884,22.98121031643038,23.01036262512207,976600,0.0,0.0
2024-07-02 00:00:00-04:00,23.00064742377795,23.34075031124838,22.893757468267108,23.16584014892578,802800,0.0,0.0
2024-07-03 00:00:00-04:00,23.1658419751811,23.491367805846057,23.088104325066197,23.3504695892334,551600,0.0,0.0
2024-07-05 00:00:00-04:00,23.31159975970518,23.31159975970518,22.913194072518888,23.088104248046875,904400,0.0,0.0
2024-07-08 00:00:00-04:00,23.097821554067682,23.160982119994102,22.36417075017128,22.7868709564209,852700,0.0,0.0
2024-07-09 00:00:00-04:00,22.57308791183828,22.650825550509936,22.028924441136677,22.24270248413086,791400,0.0,0.0
2024-07-10 00:00:00-04:00,22.39817920757986,22.718847219480345,22.33987643816476,22.67997932434082,563900,0.0,0.0
2024-07-11 00:00:00-04:00,22.922911586895566,23.403912717790323,22.670263760669204,23.3504695892334,427500,0.0,0.0
2024-07-12 00:00:00-04:00,23.467074713833057,23.729439973261364,23.360186605238066,23.603116989135742,589100,0.0,0.0
2024-07-15 00:00:00-04:00,23.739154815673828,24.166712763544993,23.56424466184419,23.739154815673828,637400,0.0,0.0
2024-07-16 00:00:00-04:00,23.846046994508143,24.613706031665092,23.846046994508143,24.565120697021484,590800,0.0,0.0
2024-07-17 00:00:00-04:00,24.37077545750547,24.64771594027392,24.263885498046875,24.263885498046875,736600,0.0,0.0
2024-07-18 00:00:00-04:00,24.166713055391646,24.225015822901764,23.40876966411384,23.4476375579834,724700,0.0,0.0
2024-07-19 00:00:00-04:00,23.408769159967907,23.87519499682675,23.146403931705485,23.846044540405273,773300,0.0,0.0
2024-07-22 00:00:00-04:00,23.311598232491168,24.05982422171486,23.311598232491168,23.95293426513672,570500,0.0,0.0
2024-07-23 00:00:00-04:00,23.836332168934916,24.21530301023632,23.55453200756891,23.758594512939453,578600,0.0,0.0
2024-07-24 00:00:00-04:00,25.264759680579612,25.643730482696554,24.098693107803555,24.195865631103516,2976500,0.0,0.0
2024-07-25 00:00:00-04:00,24.351337629028357,25.75061695616778,24.293034864309227,25.284191131591797,1897000,0.0,0.0
2024-07-26 00:00:00-04:00,25.3522139525175,25.95468024149971,25.3522139525175,25.63401222229004,1381200,0.0,0.0
2024-07-29 00:00:00-04:00,25.99355171264435,26.171377306615508,25.478538618959973,25.51740837097168,1376000,0.0,0.0
2024-07-30 00:00:00-04:00,25.643727697116823,26.21704348355659,25.643727697116823,26.042133331298828,8882400,0.0,0.0
2024-07-31 00:00:00-04:00,25.993549674347328,26.809795868468925,25.82349915616018,26.149024963378906,1975000,0.0,0.0
2024-08-01 00:00:00-04:00,27.55801991685841,28.145910927994475,26.78064167297041,27.266502380371094,2089300,0.0,0.0
2024-08-02 00:00:00-04:00,27.14989792069955,27.14989792069955,26.40167195693506,26.87781524658203,1299900,0.0,0.0
2024-08-05 00:00:00-04:00,26.07128547671201,27.081876637422305,25.876940452448796,26.59601593017578,1345600,0.0,0.0
2024-08-06 00:00:00-04:00,26.615453019596245,27.60660945875395,26.605735581556054,27.198486328125,1489400,0.0,0.0
2024-08-07 00:00:00-04:00,27.32480883873211,27.451131815657025,26.537713105313532,26.557147979736328,924200,0.0,0.0
2024-08-08 00:00:00-04:00,26.440540586611178,26.69318839387264,26.081004676847606,26.557147979736328,830900,0.0,0.0
2024-08-09 00:00:00-04:00,26.518282182166196,26.586302394615437,25.881803895054986,25.964399337768555,621700,0.0,0.0
2024-08-12 00:00:00-04:00,25.983833574407242,26.16846118466377,25.49797280782503,25.6534481048584,779100,0.0,0.0
2024-08-13 00:00:00-04:00,25.740903353189527,26.187896225033683,25.63401339077667,26.178178787231445,1094500,0.0,0.0
2024-08-14 00:00:00-04:00,26.197610378307164,26.236480127392745,25.556274345688273,25.740901947021484,749900,0.0,0.0
2024-08-15 00:00:00-04:00,26.17817683509726,26.683470589251055,25.881801491171178,25.954679489135742,596800,0.0,0.0
2024-08-16 00:00:00-04:00,25.896376937892928,26.158742180959948,25.838074168348577,26.032419204711914,510100,0.0,0.0
2024-08-19 00:00:00-04:00,26.119871025915913,26.333650925087078,26.022700366377958,26.2656307220459,408200,0.0,0.0
2024-08-20 00:00:00-04:00,26.21704591086821,26.226763348383503,25.799205364769136,26.05185317993164,390100,0.0,0.0
2024-08-21 00:00:00-04:00,26.139306457407468,26.469691896444353,26.139306457407468,26.31421661376953,444600,0.0,0.0
2024-08-22 00:00:00-04:00,26.34337039997481,26.498845691358877,26.03727760919482,26.119873046875,474600,0.0,0.0
2024-08-23 00:00:00-04:00,26.178176643439667,26.649460291077276,26.178176643439667,26.508562088012695,324900,0.0,0.0
2024-08-26 00:00:00-04:00,26.625169129385608,26.790361861004246,26.071288162608898,26.090723037719727,647100,0.0,0.0
2024-08-27 00:00:00-04:00,26.10043669395439,26.158739457428517,25.580565907232458,25.68259620666504,631100,0.0,0.0
2024-08-28 00:00:00-04:00,25.56599087909315,26.236479199821613,25.517405547865522,26.207326889038086,515600,0.0,0.0
2024-08-29 00:00:00-04:00,26.42110486098376,26.45997275243898,25.92066708958841,25.983829498291016,433100,0.0,0.0
2024-08-30 00:00:00-04:00,26.022702417007707,26.3822383338178,25.876942709391628,26.34337043762207,757500,0.0,0.0
2024-09-03 00:00:00-04:00,26.217045157821865,26.421107632958204,25.944964328855598,26.372520446777344,477700,0.0,0.0
2024-09-04 00:00:00-04:00,26.362801382581768,26.693186814575597,26.32393348944742,26.489126205444336,529800,0.0,0.0
2024-09-05 00:00:00-04:00,26.45025788209333,26.45025788209333,25.818639294029918,26.032419204711914,350000,0.0,0.0
2024-09-06 00:00:00-04:00,25.993550589596808,26.16846075926894,25.799205544758504,25.906095504760742,330700,0.0,0.0
2024-09-09 00:00:00-04:00,26.01298326163523,26.707764235983007,26.008123616549415,26.421106338500977,621800,0.0,0.0
2024-09-10 00:00:00-04:00,26.40167416385554,26.52799714782671,26.022703358530276,26.362804412841797,564100,0.0,0.0
2024-09-11 00:00:00-04:00,26.236478468777115,26.236478468777115,25.332777247195615,26.081003189086914,612900,0.0,0.0
2024-09-12 00:00:00-04:00,26.168460824611778,26.430826079775105,25.838075359608712,26.391956329345703,523000,0.0,0.0
2024-09-13 00:00:00-04:00,26.718624316773646,27.074547378671035,26.63086226206829,27.03066635131836,538800,0.095,0.0
2024-09-16 00:00:00-04:00,27.206189313631892,27.48897855796304,27.157433445258945,27.401216506958008,980700,0.0,0.0
2024-09-17 00:00:00-04:00,27.518231511271225,27.830275394575043,27.186686396443616,27.352458953857422,621700,0.0,0.0
2024-09-18 00:00:00-04:00,27.440220883331676,28.152068838421982,27.332957600718007,27.47922706604004,602900,0.0,0.0
2024-09-19 00:00:00-04:00,27.84002645222857,28.181323129594453,27.742514710053115,27.93754005432129,797300,0.0,0.0
2024-09-20 00:00:00-04:00,27.342710850352255,27.576742381435434,27.157435190775757,27.167186737060547,3288800,0.0,0.0
2024-09-23 00:00:00-04:00,27.284201120811062,27.469476777319354,27.128180102672683,27.264698028564453,562000,0.0,0.0
2024-09-24 00:00:00-04:00,27.303703788424915,27.762015289588994,27.26469760453833,27.645000457763672,426600,0.0,0.0
2024-09-25 00:00:00-04:00,27.713259106226005,27.771766521476977,27.1476824656874,27.176937103271484,485700,0.0,0.0
2024-09-26 00:00:00-04:00,27.66450430839714,27.7620160509534,27.17693815594678,27.371963500976562,396700,0.0,0.0
2024-09-27 00:00:00-04:00,27.73276251159127,27.996046813156855,27.52798376602113,27.645000457763672,445400,0.0,0.0
2024-09-30 00:00:00-04:00,27.74251443423862,28.288587996644644,27.73276288813457,27.830276489257812,561000,0.0,0.0
2024-10-01 00:00:00-04:00,27.71325852834606,27.840024902066023,26.96240625193283,27.401216506958008,567900,0.0,0.0
2024-10-02 00:00:00-04:00,27.410969896655544,27.53773627890356,26.845393229861926,26.9624080657959,599400,0.0,0.0
2024-10-03 00:00:00-04:00,26.738129115722188,26.952657563186644,26.518723964953224,26.718626022338867,1306200,0.0,0.0
2024-10-04 00:00:00-04:00,27.12817798366448,27.12817798366448,26.29931522709934,26.309066772460938,497100,0.0,0.0
2024-10-07 00:00:00-04:00,26.299317382217303,26.777131984588074,26.250561511331057,26.699121475219727,432700,0.0,0.0
2024-10-08 00:00:00-04:00,26.6893694880378,26.95265377200947,26.55772641609342,26.796632766723633,431900,0.0,0.0
2024-10-09 00:00:00-04:00,26.53334858323797,26.78688320053901,26.396830658505575,26.51384735107422,447600,0.0,0.0
2024-10-10 00:00:00-04:00,26.51384866409101,26.552852990267308,26.177426818744166,26.377328872680664,556600,0.0,0.0
2024-10-11 00:00:00-04:00,26.69912306407081,27.006290276701833,26.582108223013428,26.95265769958496,431400,0.0,0.0
2024-10-14 00:00:00-04:00,26.786881663583912,27.0989255392237,26.513845829785144,27.059919357299805,517600,0.0,0.0
2024-10-15 00:00:00-04:00,27.186689427042303,27.66450592102386,26.79663685432842,26.825891494750977,710600,0.0,0.0
2024-10-16 00:00:00-04:00,27.42072196909618,27.8790334951463,27.42072196909618,27.742515563964844,657500,0.0,0.0
2024-10-17 00:00:00-04:00,27.586493443365445,27.586493443365445,27.196439038491313,27.547487258911133,967100,0.0,0.0
2024-10-18 00:00:00-04:00,27.664502714070434,27.664502714070434,27.284199872332554,27.47922706604004,409700,0.0,0.0
2024-10-21 00:00:00-04:00,27.410970357380382,27.430471590418968,26.933155739464755,26.94290542602539,483100,0.0,0.0
2024-10-22 00:00:00-04:00,26.78688226920611,27.28419994047684,26.767381037720387,27.27444839477539,463000,0.0,0.0
2024-10-23 00:00:00-04:00,27.147680282592773,27.3817117846941,26.942901555805957,27.147680282592773,514600,0.0,0.0
2024-10-24 00:00:00-04:00,27.22569428534244,27.284201703414336,26.74787967460116,27.04041862487793,326300,0.0,0.0
2024-10-25 00:00:00-04:00,27.19643888886315,27.518232469171803,27.18668734280322,27.31345558166504,407700,0.0,0.0
2024-10-28 00:00:00-04:00,27.47923051429279,27.791272575447877,27.425597936297248,27.654754638671875,429400,0.0,0.0
2024-10-29 00:00:00-04:00,27.596242778897278,27.90633561765008,27.479227946855737,27.723011016845703,486800,0.0,0.0
2024-10-30 00:00:00-04:00,27.56699239286997,28.454362695838366,27.508483111855053,27.78152084350586,388300,0.0,0.0
2024-10-31 00:00:00-04:00,27.7815190629166,28.03992852779286,27.566990626030393,27.57674217224121,382000,0.0,0.0
2024-11-01 00:00:00-04:00,27.74251456167056,27.957042997193312,27.620623024685923,27.703508377075195,546700,0.0,0.0
2024-11-04 00:00:00-05:00,27.684005383767,28.117938959397165,27.644026462306226,27.859529495239258,572400,0.0,0.0
2024-11-05 00:00:00-05:00,27.732759943311887,28.395850128638553,27.644997897611766,28.356843948364258,722300,0.0,0.0
2024-11-06 00:00:00-05:00,27.23544500963508,30.126712382604012,27.23544500963508,29.683027267456055,1191100,0.0,0.0
2024-11-07 00:00:00-05:00,30.385121151639538,30.463131658245246,29.653771954742083,29.751285552978516,1143100,0.0,0.0
2024-11-08 00:00:00-05:00,29.839048217706758,30.92144378658242,29.78054080153118,30.68741226196289,827800,0.0,0.0
2024-11-11 00:00:00-05:00,30.892188412377838,31.340748331890495,30.736167409076298,31.0384578704834,482000,0.0,0.0
2024-11-12 00:00:00-05:00,30.277855399215376,30.911692845057903,30.121834389138886,30.901941299438477,918600,0.0,0.0
2024-11-13 00:00:00-05:00,31.08721647410075,31.116471112264865,30.482635498046875,30.482635498046875,499400,0.0,0.0
2024-11-14 00:00:00-05:00,30.424127849631134,30.482635265595974,29.595265040474143,29.80979347229004,804400,0.0,0.0
2024-11-15 00:00:00-05:00,29.790289159144123,29.819543795885924,29.214960989308672,29.458744049072266,633500,0.0,0.0
2024-11-18 00:00:00-05:00,29.448994132116116,29.96581302440886,29.448994132116116,29.7902889251709,438100,0.0,0.0
2024-11-19 00:00:00-05:00,29.595266401108947,30.248605132491278,29.595266401108947,30.112085342407227,468400,0.0,0.0
2024-11-20 00:00:00-05:00,30.024326274686096,30.404627300134525,29.79516957477877,30.38512420654297,566900,0.0,0.0
2024-11-21 00:00:00-05:00,30.45338213350897,31.009207262452357,30.2095990516975,30.62890625,504500,0.0,0.0
2024-11-22 00:00:00-05:00,30.755671781057305,31.16035069400956,30.541141497640407,30.823930740356445,677200,0.0,0.0
2024-11-25 00:00:00-05:00,31.204234623654862,31.89657768660689,31.11647256498245,31.223737716674805,886700,0.0,0.0
2024-11-26 00:00:00-05:00,31.76981434036843,32.637681552862595,31.321250623937647,32.4524040222168,1339100,0.0,0.0
2024-11-27 00:00:00-05:00,32.28663280840643,32.76932228166849,31.994093846424423,32.03309631347656,2722200,0.0,0.0
2024-11-29 00:00:00-05:00,32.052593367945875,33.056982031956416,32.052593367945875,32.774192810058594,550400,0.0,0.0
2024-12-02 00:00:00-05:00,32.74494206148746,32.74494206148746,31.691797467806076,32.28662872314453,1280100,0.0,0.0
2024-12-03 00:00:00-05:00,31.867323600472936,31.867323600472936,30.931195632986388,31.07746696472168,1131300,0.0,0.0
2024-12-04 00:00:00-05:00,31.126222835355282,31.404137249701993,30.745921836644907,31.07746696472168,738900,0.0,0.0
2024-12-05 00:00:00-05:00,31.184729031235772,31.223735214149382,30.697162904318702,30.726417541503906,605500,0.0,0.0
2024-12-06 00:00:00-05:00,31.077466662912663,31.077466662912663,30.550894337580807,30.68741226196289,586800,0.0,0.0
2024-12-09 00:00:00-05:00,30.90194383865868,31.238363820545352,30.638657665051387,30.755674362182617,627400,0.0,0.0
2024-12-10 00:00:00-05:00,30.853183808811096,31.038459457171882,30.511889009090133,30.570396423339844,746300,0.0,0.0
2024-12-11 00:00:00-05:00,30.716666950804186,31.073564607957778,30.62890489643708,30.765422821044922,722000,0.0,0.0
2024-12-12 00:00:00-05:00,30.62890427126679,31.0482114424806,30.35586656770689,30.833683013916016,607300,0.0,0.0
2024-12-13 00:00:00-05:00,30.750547796083186,30.907038981567815,30.29085330639026,30.32997703552246,586700,0.095,0.0
2024-12-16 00:00:00-05:00,30.261512375063194,30.564713813749403,30.12458118862258,30.32997703552246,484800,0.0,0.0
2024-12-17 00:00:00-05:00,30.241951698096063,30.437566620394673,29.4105910766102,29.420372009277344,1134500,0.0,0.0
2024-12-18 00:00:00-05:00,29.391027101924976,29.704011328244764,28.598790267965374,28.755281448364258,1346300,0.0,0.0
2024-12-19 00:00:00-05:00,28.941113600717742,29.283438735836878,28.491200086284103,28.7357177734375,655200,0.0,0.0
2024-12-20 00:00:00-05:00,28.79440574560779,28.94111599694255,28.109755418682827,28.305370330810547,1592500,0.0,0.0
2024-12-23 00:00:00-05:00,28.197780766441383,28.677035229090034,28.051070521225995,28.520544052124023,716300,0.0,0.0
2024-12-24 00:00:00-05:00,28.569449603006593,28.95089851601214,28.54499820403087,28.716161727905273,223300,0.0,0.0
2024-12-26 00:00:00-05:00,28.520545477422413,29.047725226129245,28.520545477422413,28.960678100585938,512400,0.0,0.0
2024-12-27 00:00:00-05:00,28.716158874097935,29.136729610563954,28.59878955894757,28.8922119140625,346500,0.0,0.0
2024-12-30 00:00:00-05:00,28.706377172432834,28.882430207675426,28.432516688108585,28.677034378051758,475600,0.0,0.0
2024-12-31 00:00:00-05:00,28.725939268580124,29.048702547304757,28.628131818704368,28.63791275024414,389300,0.0,0.0
2025-01-02 00:00:00-05:00,28.911770205043858,28.936221600146006,28.334708326128222,28.491199493408203,554100,0.0,0.0
2025-01-03 00:00:00-05:00,28.65747330389456,29.342123600788412,28.42273653895089,29.234535217285156,625100,0.0,0.0
2025-01-06 00:00:00-05:00,29.596420059192308,29.93874518254008,29.254094935844538,29.283437728881836,902800,0.0,0.0
2025-01-07 00:00:00-05:00,29.214972850947586,29.214972850947586,28.329818189160303,28.60856819152832,1170600,0.0,0.0
2025-01-08 00:00:00-05:00,28.324929100539244,28.618351455998734,28.22712351424139,28.530324935913086,543700,0.0,0.0
2025-01-10 00:00:00-05:00,27.982608769314737,28.21734555913133,27.6207217190628,27.640283584594727,522500,0.0,0.0
2025-01-13 00:00:00-05:00,27.542474553483004,28.35427327159158,27.44466709691721,28.27602767944336,514900,0.0,0.0
2025-01-14 00:00:00-05:00,28.46186142350234,28.750392391933097,28.46186142350234,28.667255401611328,571100,0.0,0.0
2025-01-15 00:00:00-05:00,29.52795868364952,29.948529436235745,29.332343772741773,29.733352661132812,692600,0.0,0.0
2025-01-16 00:00:00-05:00,29.6453262816438,30.124580763619328,29.43993230316374,30.056116104125977,612300,0.0,0.0
2025-01-17 00:00:00-05:00,29.371467303992493,29.73335246156421,28.950896554229114,29.06826400756836,2701900,0.0,0.0
2025-01-21 00:00:00-05:00,29.33234198226452,29.35190384526563,28.882430326370653,29.009578704833984,641300,0.0,0.0
2025-01-22 00:00:00-05:00,29.038922740428006,29.3127813720602,28.85308876501901,29.136730194091797,536000,0.0,0.0
2025-01-23 00:00:00-05:00,30.310411964428273,30.50602685835107,28.95089423478268,29.146507263183594,942600,0.0,0.0
2025-01-24 00:00:00-05:00,28.941113552834395,29.068261929114154,28.589007486949058,28.745498657226562,630200,0.0,0.0
2025-01-27 00:00:00-05:00,28.784625805734663,29.488836155730827,28.598791819359324,29.166072845458984,1032000,0.0,0.0
2025-01-28 00:00:00-05:00,29.08782677355736,29.293222621552797,28.833528129407917,29.254098892211914,752400,0.0,0.0
2025-01-29 00:00:00-05:00,29.34212613774016,29.45949546312086,29.02914375742114,29.126951217651367,1259800,0.0,0.0
2025-01-30 00:00:00-05:00,29.606205417887843,30.16370551031916,28.236906585236486,29.5279598236084,1454000,0.0,0.0
2025-01-31 00:00:00-05:00,29.586640125563164,29.62087245249975,28.755279616699156,29.097604751586914,982300,0.0,0.0
2025-02-03 00:00:00-05:00,28.30536971742401,28.950896301725834,28.23201366058525,28.41295623779297,848000,0.0,0.0
2025-02-04 00:00:00-05:00,28.442298429631578,28.882431030273438,28.060851419423287,28.882431030273438,660700,0.0,0.0
2025-02-05 00:00:00-05:00,28.999799348866794,29.28344078122704,28.856023565593503,29.06826400756836,435500,0.0,0.0
2025-02-06 00:00:00-05:00,29.175851381321948,29.430150008756332,28.706377853222463,28.90199089050293,458400,0.0,0.0
2025-02-07 00:00:00-05:00,28.980237467933037,28.980237467933037,27.933701992910787,28.021728515625,682000,0.0,0.0
2025-02-10 00:00:00-05:00,28.21734404604025,28.236905910523216,27.786992355025376,27.914142608642578,902500,0.0,0.0
2025-02-11 00:00:00-05:00,27.796773861867855,28.055962042297697,27.689185470509603,27.806554794311523,557400,0.0,0.0
2025-02-12 00:00:00-05:00,27.405547495279485,27.67940615763774,27.14146790041498,27.17081069946289,519300,0.0,0.0
2025-02-13 00:00:00-05:00,27.268615598818524,27.297958397113447,26.88716854859542,26.945852279663086,821100,0.0,0.0
2025-02-14 00:00:00-05:00,27.13168453882008,27.390872711215344,26.828483104553722,26.9165096282959,810900,0.0,0.0
2025-02-18 00:00:00-05:00,26.994757832133754,27.307740228827345,26.9067312998734,27.13168716430664,889500,0.0,0.0
2025-02-19 00:00:00-05:00,26.896948003160066,27.1121229155974,26.515500973900497,26.52528190612793,686900,0.0,0.0
2025-02-20 00:00:00-05:00,26.41768995256112,26.55461925422493,26.124267621896323,26.47637367248535,606000,0.0,0.0
2025-02-21 00:00:00-05:00,26.574183846538347,26.85782340991762,25.312471612634578,26.681772232055664,1044200,0.0,0.0
2025-02-24 00:00:00-05:00,26.76001967045347,26.804032934339958,25.99712371826172,25.99712371826172,857600,0.0,0.0
2025-02-25 00:00:00-05:00,26.036245112555854,26.403021656860787,25.821068345962896,26.075366973876953,762000,0.0,0.0
2025-02-26 00:00:00-05:00,25.997124439834508,26.270984963343018,25.693922983268713,25.869976043701172,792300,0.0,0.0
2025-02-27 00:00:00-05:00,25.821071406221538,25.899317003659213,25.424953885359265,25.51786994934082,570700,0.0,0.0
2025-02-28 00:00:00-05:00,25.547211172975597,25.943328669417387,25.52764930844161,25.8015079498291,960100,0.0,0.0
2025-03-03 00:00:00-05:00,25.909096147380886,26.178065253404142,25.185323954681806,25.488525390625,999500,0.0,0.0
2025-03-04 00:00:00-05:00,25.292910207802496,25.351593930493102,24.77453203839006,24.823434829711914,743600,0.0,0.0
2025-03-05 00:00:00-05:00,24.764751386636046,25.19510304411065,24.500671833263777,24.774532318115234,665800,0.0,0.0
2025-03-06 00:00:00-05:00,24.530014769527625,24.95547503096157,24.471331045835136,24.745189666748047,894300,0.0,0.0
2025-03-07 00:00:00-05:00,24.72563048281125,25.019050976450828,24.383305329883743,24.950586318969727,932000,0.0,0.0
2025-03-10 00:00:00-04:00,24.637602494618093,25.449401135240798,24.637602494618093,24.872339248657227,1018000,0.0,0.0
2025-03-11 00:00:00-04:00,24.9114646956958,24.97797429173634,23.806245419743817,23.874710083007812,1148000,0.0,0.0
2025-03-12 00:00:00-04:00,23.93339467079425,24.119228667396815,23.17539008311626,23.37589454650879,1103700,0.0,0.0
2025-03-13 00:00:00-04:00,23.415017101858194,23.463919899048488,22.48584903106553,22.896638870239258,1510200,0.0,0.0
2025-03-14 00:00:00-04:00,23.088142103404817,23.343476946999036,22.754242836637268,23.323835372924805,671600,0.095,0.0
2025-03-17 00:00:00-04:00,23.166702788957817,23.667551608304258,23.166702788957817,23.579166412353516,782500,0.0,0.0
2025-03-18 00:00:00-04:00,23.48096156749137,23.51533338167776,23.029216653542626,23.274730682373047,668300,0.0,0.0
2025-03-19 00:00:00-04:00,23.235447613596794,23.431859586543926,22.46944316685105,22.773881912231445,844300,0.0,0.0
2025-03-20 00:00:00-04:00,22.636392175945435,22.960470611446283,22.56764854919122,22.73459815979004,1047900,0.0,0.0
2025-03-21 00:00:00-04:00,22.50872570813379,22.77388130257722,22.145364129845767,22.73459815979004,1201000,0.0,0.0
2025-03-24 00:00:00-04:00,23.019394098599825,23.31892149045433,22.911367334816692,23.284547805786133,625200,0.0,0.0
2025-03-25 00:00:00-04:00,23.23544807829679,23.382756124391545,22.754240795388093,22.931011199951172,552700,0.0,0.0
2025-03-26 00:00:00-04:00,22.744419592419753,23.058677251162422,22.60202100545092,23.029216766357422,606900,0.0,0.0
2025-03-27 00:00:00-04:00,22.901546794949876,23.097958754273364,22.695315923471153,23.04885482788086,494400,0.0,0.0
2025-03-28 00:00:00-04:00,22.312315868417866,22.5332788848611,22.096264181853105,22.243572235107422,819700,0.0,0.0
2025-03-31 00:00:00-04:00,22.017698924363845,22.543098813963116,21.95386475023658,22.439983367919922,595000,0.0,0.0
2025-04-01 00:00:00-04:00,22.322136976206824,22.675677807602504,21.94895644438526,22.5185489654541,982900,0.0,0.0
2025-04-02 00:00:00-04:00,22.223930861507533,23.235449416355753,22.16009855750207,23.147064208984375,605200,0.0,0.0
2025-04-03 00:00:00-04:00,22.31231596020581,22.469444800739947,21.251695350038645,21.487388610839844,1390000,0.0,0.0
2025-04-04 00:00:00-04:00,21.025821569585307,21.59541404941387,20.426766731565756,21.27133560180664,1196500,0.0,0.0
2025-04-07 00:00:00-04:00,20.77048671485821,22.086442075105584,20.348202280478674,20.888334274291992,997900,0.0,0.0
2025-04-08 00:00:00-04:00,21.56595237266939,21.7623643539021,20.29713599387699,20.68210220336914,975800,0.0,0.0
2025-04-09 00:00:00-04:00,20.48569109415485,22.842625388150157,20.35409481092256,22.764060974121094,1029000,0.0,0.0
2025-04-10 00:00:00-04:00,22.351598100637155,22.351598100637155,21.477568730374202,22.05698013305664,997700,0.0,0.0
2025-04-11 00:00:00-04:00,21.939132078678895,22.01769648693688,20.976717609237767,21.89984893798828,715200,0.0,0.0
2025-04-14 00:00:00-04:00,22.223929633455054,22.341777194479366,21.746650289272598,22.174827575683594,533600,0.0,0.0
2025-04-15 00:00:00-04:00,22.10608213302377,22.341775362623906,21.68379772756895,21.801645278930664,568800,0.0,0.0
2025-04-16 00:00:00-04:00,21.565950650555756,21.615054578504555,21.065103697341257,21.330257415771484,770400,0.0,0.0
2025-04-17 00:00:00-04:00,21.467748239522184,22.233750844899543,21.467748239522184,22.076622009277344,744100,0.0,0.0
2025-04-21 00:00:00-04:00,21.772185984764,21.860571192434612,21.279192979159564,21.6248779296875,653600,0.0,0.0
2025-04-22 00:00:00-04:00,21.732899336299656,21.939132078678895,21.399002006045652,21.89984893798828,776400,0.0,0.0
2025-04-23 00:00:00-04:00,22.48908610505986,22.90154977480871,21.909672810100204,21.978416442871094,786200,0.0,0.0
2025-04-24 00:00:00-04:00,21.84092707347827,22.577469136144177,21.75745320547533,22.46944236755371,650300,0.0,0.0
2025-04-25 00:00:00-04:00,21.988236628186367,22.18464860769556,21.42846492164566,21.556133270263672,661300,0.0,0.0
2025-04-28 00:00:00-04:00,21.595412750095104,21.713260302645182,21.340077947172688,21.565950393676758,636200,0.0,0.0
2025-04-29 00:00:00-04:00,21.536489893223532,21.536489893223532,21.153488625706697,21.310617446899414,782000,0.0,0.0
2025-04-30 00:00:00-04:00,20.839231662664005,21.17313091687657,20.220537087578098,21.104387283325195,1525400,0.0,0.0
2025-05-01 00:00:00-04:00,22.78370406981589,22.78370406981589,20.770487781840007,21.467748641967773,1115600,0.0,0.0
2025-05-02 00:00:00-04:00,21.644518674976407,22.615770659202944,21.52961753477656,22.33195686340332,1185400,0.0,0.0
2025-05-05 00:00:00-04:00,22.18464866316683,22.710048555575675,22.165007090542105,22.32213592529297,802400,0.0,0.0
2025-05-06 00:00:00-04:00,22.01769944195791,22.28776451452028,21.821287458390643,21.84092903137207,549200,0.0,0.0
2025-05-07 00:00:00-04:00,21.929312783985505,22.28187019196695,21.7329008134293,21.998056411743164,480700,0.0,0.0
2025-05-08 00:00:00-04:00,22.174826630903528,22.78370223619444,22.052069618581623,22.61675262451172,636300,0.0,0.0
2025-05-09 00:00:00-04:00,22.53818760321171,22.813162104591857,22.312313283062338,22.577468872070312,522500,0.0,0.0
2025-05-12 00:00:00-04:00,23.559528097541353,24.722282657487675,23.559528097541353,24.305891036987305,1246100,0.0,0.0
2025-05-13 00:00:00-04:00,24.3353516041549,24.391328024410956,23.903246381975524,23.932708740234375,807700,0.0,0.0
2025-05-14 00:00:00-04:00,23.77557686468372,24.030911670977872,23.412217163009085,23.981809616088867,984000,0.0,0.0
2025-05-15 00:00:00-04:00,23.834503173828125,23.96708097865146,23.628270408617343,23.834503173828125,684400,0.0,0.0
2025-05-16 00:00:00-04:00,24.04073406416675,24.08001720920345,23.746117968885294,23.962169647216797,570100,0.0,0.0
2025-05-19 00:00:00-04:00,23.608629284749885,24.129117813255224,23.44167967465188,24.11929702758789,754000,0.0,0.0
2025-05-20 00:00:00-04:00,24.03091386147043,24.217505058679013,23.69701461304392,23.746118545532227,755900,0.0,0.0
2025-05-21 00:00:00-04:00,23.461320694658202,23.595863405445055,23.019396553470486,23.068498611450195,583000,0.0,0.0
2025-05-22 00:00:00-04:00,23.078318099538308,23.220716682042504,22.950651632098108,23.10778045654297,765200,0.0,0.0
2025-05-23 00:00:00-04:00,22.665854118649705,23.007609212907344,22.665854118649705,22.83280372619629,647700,0.0,0.0
2025-05-27 00:00:00-04:00,22.999755132401877,23.22071814101172,22.695318250052452,23.078319549560547,1054100,0.0,0.0
2025-05-28 00:00:00-04:00,23.117603094742805,23.274731931779204,22.71495834257311,22.72477912902832,741000,0.0,0.0
2025-05-29 00:00:00-04:00,22.8229841239087,23.205985413321024,22.78370285292653,23.03903579711914,856900,0.0,0.0
2025-05-30 00:00:00-04:00,22.842625235342602,23.255088874516826,22.665854836678882,22.754240036010742,1096900,0.0,0.0
2025-06-02 00:00:00-04:00,23.09304772167655,23.318922039736645,22.695316214966812,22.94083023071289,815700,0.0,0.0
2025-06-03 00:00:00-04:00,22.931011825417418,23.598810317260174,22.773882988880708,23.4809627532959,582500,0.0,0.0
2025-06-04 00:00:00-04:00,23.480962904918854,23.628270955982792,23.28455092141794,23.49078369140625,591200,0.0,0.0
2025-06-05 00:00:00-04:00,23.55952732369452,23.780490336852175,23.431860845605375,23.49078369140625,1063700,0.0,0.0
2025-06-06 00:00:00-04:00,23.844325271499976,23.9916333272532,23.539886500069944,23.66755485534668,541900,0.0,0.0
2025-06-09 00:00:00-04:00,23.765759510569424,23.98181118862062,23.59880989062695,23.70683479309082,430600,0.0,0.0
2025-06-10 00:00:00-04:00,23.863964549967076,24.4826609955626,23.746118856697894,24.27642822265625,666300,0.0,0.0
2025-06-11 00:00:00-04:00,24.354990956303887,24.487568756895215,23.69701328288215,23.785398483276367,552300,0.0,0.0
2025-06-12 00:00:00-04:00,23.618450367473933,24.02109325121476,23.382757109171266,24.011274337768555,465100,0.0,0.0
2025-06-13 00:00:00-04:00,23.74015235900879,24.085213090243364,23.602128818686843,23.74015235900879,489600,0.095,0.0
2025-06-16 00:00:00-04:00,23.91761392207922,24.164085621341663,23.592271354269986,23.957048416137695,543700,0.0,0.0
2025-06-17 00:00:00-04:00,23.671142754610404,24.075356200047445,23.454248331341464,23.533119201660156,523200,0.0,0.0
2025-06-18 00:00:00-04:00,23.631706308366716,23.888037106241228,23.53311913108641,23.582412719726562,525500,0.0,0.0
2025-06-20 00:00:00-04:00,23.868321155578094,23.868321155578094,23.306365918521866,23.355661392211914,1018000,0.0,0.0
2025-06-23 00:00:00-04:00,23.257069870543805,23.828884141984663,23.18805809509178,23.809165954589844,584300,0.0,0.0
2025-06-24 00:00:00-04:00,24.01620304780009,24.223238373177065,23.77959044147076,23.90775489807129,1455400,0.0,0.0
2025-06-25 00:00:00-04:00,23.84860261141508,23.86831891861322,23.2866474270259,23.582412719726562,1425900,0.0,0.0
2025-06-26 00:00:00-04:00,23.690860686755364,23.878177826473088,23.562694348601283,23.730295181274414,819400,0.0,0.0
2025-06-27 00:00:00-04:00,23.799306482726045,24.27746217708848,23.799306482726045,24.124649047851562,1256700,0.0,0.0
2025-06-30 00:00:00-04:00,24.104933124222608,24.37112113233329,23.690860591080618,23.809165954589844,562900,0.0,0.0
2025-07-01 00:00:00-04:00,23.779591402023836,25.25842166164042,23.779591402023836,24.676748275756836,823400,0.0,0.0
2025-07-02 00:00:00-04:00,24.696463787991547,25.381656699106063,24.52886295541596,25.337291717529297,730700,0.0,0.0
2025-07-03 00:00:00-04:00,25.37672624672717,25.495033491236953,25.051383674862585,25.297855377197266,542300,0.0,0.0
2025-07-07 00:00:00-04:00,25.15983030044338,25.440807873637723,24.814769562006372,24.972511291503906,562300,0.0,0.0
2025-07-08 00:00:00-04:00,24.804911768294843,25.677421813027323,24.804911768294843,25.47531509399414,815600,0.0,0.0
2025-07-09 00:00:00-04:00,25.455596622829457,25.800657375495373,25.307713980381155,25.71192741394043,616600,0.0,0.0
2025-07-10 00:00:00-04:00,25.8105155152687,26.796402269065492,25.692208277423997,26.540071487426758,1085600,0.0,0.0
2025-07-11 00:00:00-04:00,26.264024512420768,26.678097055653975,26.0076937113307,26.451343536376953,1408200,0.0,0.0
2025-07-14 00:00:00-04:00,26.244307395318465,26.347825057825695,25.48517410940578,25.534467697143555,1037100,0.0,0.0
2025-07-15 00:00:00-04:00,25.63305774971177,25.63305774971177,24.716182690872525,24.73590087890625,887500,0.0,0.0
2025-07-16 00:00:00-04:00,24.913360729443905,24.992231600892765,24.55844086770908,24.795053482055664,943900,0.0,0.0
2025-07-17 00:00:00-04:00,24.775333017015882,25.189405524172987,24.740827131455266,25.120393753051758,799500,0.0,0.0
2025-07-18 00:00:00-04:00,25.37672696490829,25.41616334100425,24.44999281138223,24.716182708740234,1242000,0.0,0.0
2025-07-21 00:00:00-04:00,24.923219913371923,25.11053705847027,24.686607298171452,24.726041793823242,541800,0.0,0.0
2025-07-22 00:00:00-04:00,24.933078423121714,25.30771458496926,24.7950529905001,25.19926643371582,782500,0.0,0.0
2025-07-23 00:00:00-04:00,25.426021445076042,25.58376318245845,25.174619258327315,25.51474952697754,570400,0.0,0.0
2025-07-24 00:00:00-04:00,25.475316808838823,25.70207033708025,25.174621013356507,25.623199462890625,701300,0.0,0.0
2025-07-25 00:00:00-04:00,25.909105594096452,25.968258275149484,25.28799586153523,25.662633895874023,700700,0.0,0.0
2025-07-28 00:00:00-04:00,25.64291603061641,25.780939581616074,25.209125309779076,25.386585235595703,555300,0.0,0.0
2025-07-29 00:00:00-04:00,25.357008540060146,25.406304009719744,24.69646429006068,24.913360595703125,763600,0.0,0.0
2025-07-30 00:00:00-04:00,24.923218665890246,24.957724553019656,23.976766372031214,24.164085388183594,719200,0.0,0.0
2025-07-31 00:00:00-04:00,23.799308409169946,24.28239274919129,23.681003037964295,24.104934692382812,1009300,0.0,0.0
2025-08-01 00:00:00-04:00,24.10493126815046,24.262672994303262,23.720434165277005,23.750011444091797,1039600,0.0,0.0
2025-08-04 00:00:00-04:00,23.878177452984527,24.35140454282015,23.621846661115597,24.035919189453125,777500,0.0,0.0
2025-08-05 00:00:00-04:00,24.085214232432698,24.459850379828456,23.907754311928993,24.41055679321289,811900,0.0,0.0
2025-08-06 00:00:00-04:00,24.449991193042646,24.597875713184145,24.252814966903625,24.48942756652832,662700,0.0,0.0
2025-08-07 00:00:00-04:00,24.607731760376137,24.617590853280497,23.774658154469442,23.81902313232422,921300,0.0,0.0
2025-08-08 00:00:00-04:00,23.838743437634903,23.90775521367157,23.513400864583577,23.641565322875977,514000,0.0,0.0
2025-08-11 00:00:00-04:00,23.651424835037698,23.76973208207182,23.10918783050357,23.296504974365234,629600,0.0,0.0
2025-08-12 00:00:00-04:00,23.533120196785617,24.252817153930664,23.464106536962294,24.252817153930664,534400,0.0,0.0
2025-08-13 00:00:00-04:00,24.213378131963196,24.96265229004341,24.114789080557685,24.893640518188477,508900,0.0,0.0
2025-08-14 00:00:00-04:00,24.509147798517557,24.657030450569824,24.178874724518554,24.371122360229492,598600,0.0,0.0
2025-08-15 00:00:00-04:00,24.420418189504506,24.58801903240415,24.095075598044012,24.104934692382812,706600,0.0,0.0
2025-08-18 00:00:00-04:00,24.17394461918552,24.331686355654117,23.957048321218828,24.035919189453125,628900,0.0,0.0
2025-08-19 00:00:00-04:00,24.282390190990824,25.154900203539118,24.085213966277678,24.637310028076172,713200,0.0,0.0
2025-08-20 00:00:00-04:00,24.49928732780279,24.6077335969853,23.87817759147912,23.937332153320312,582500,0.0,0.0
2025-08-21 00:00:00-04:00,23.759870167337834,24.15422447658388,23.602128443639415,24.08521270751953,619200,0.0,0.0
2025-08-22 00:00:00-04:00,24.20351894206823,25.386583793347583,24.142395573262203,24.982370376586914,718500,0.0,0.0
2025-08-25 00:00:00-04:00,24.873922831150896,24.90350011129522,24.390838538038995,24.459850311279297,687000,0.0,0.0
2025-08-26 00:00:00-04:00,24.331687567818438,24.76547830493273,24.223239413432385,24.60773468017578,1001400,0.0,0.0
2025-08-27 00:00:00-04:00,24.509147545050855,24.77533556382011,24.41055848455894,24.5880184173584,2618000,0.0,0.0
2025-08-28 00:00:00-04:00,24.67674680280754,24.745758576601563,23.917613530213668,24.29224967956543,679900,0.0,0.0
2025-08-29 00:00:00-04:00,24.341546958077007,24.48942961012927,24.144368835054024,24.371122360229492,690200,0.0,0.0
2025-09-02 00:00:00-04:00,24.08521270751953,24.208448546685776,23.89789370546653,24.08521270751953,498100,0.0,0.0
2025-09-03 00:00:00-04:00,24.065496436216065,24.331686321292086,23.77959024443168,24.075355529785156,585700,0.0,0.0
2025-09-04 00:00:00-04:00,24.08521421601577,24.46478085007224,23.671141695265966,24.430274963378906,532500,0.0,0.0
2025-09-05 00:00:00-04:00,24.410557023854086,24.804911361794012,24.055637179493246,24.203519821166992,533900,0.0,0.0
2025-09-08 00:00:00-04:00,24.292251843530085,24.311970032207686,23.957050157730794,24.104934692382812,585100,0.0,0.0
2025-09-09 00:00:00-04:00,24.095073907945185,24.095073907945185,23.809165833464345,23.917613983154297,499000,0.0,0.0
2025-09-10 00:00:00-04:00,23.81902348701296,24.006342494125793,23.30636193093033,23.513399124145508,646100,0.0,0.0
2025-09-11 00:00:00-04:00,23.661282841553323,24.28239068875498,23.661282841553323,24.203519821166992,525300,0.0,0.0
2025-09-12 00:00:00-04:00,24.208468242102903,24.208468242102903,23.5750501930767,23.58494758605957,458000,0.095,0.0
2025-09-15 00:00:00-04:00,23.723507752658655,23.921451840520533,23.545360338864636,23.674022674560547,933100,0.0,0.0
2025-09-16 00:00:00-04:00,23.693816755365937,23.852171265846245,23.500822313701477,23.83237648010254,594400,0.0,0.0
2025-09-17 00:00:00-04:00,23.80268383595391,24.134239883605066,22.996066153887753,23.050500869750977,864800,0.0,0.0
2025-09-18 00:00:00-04:00,23.19895873989215,23.411747970067715,22.75358549353987,22.773380279541016,1181800,0.0,0.0
2025-09-19 00:00:00-04:00,22.793177290026,22.842662372123627,22.149859896347568,22.17955207824707,1749000,0.0,0.0
2025-09-22 00:00:00-04:00,22.16965216045035,22.16965216045035,21.74407370701375,21.753971099853516,1213200,0.0,0.0
2025-09-23 00:00:00-04:00,21.862840533356273,22.080577512627126,21.585719197046828,21.753971099853516,1186800,0.0,0.0
2025-09-24 00:00:00-04:00,21.684691893897472,21.714384073315266,21.140348485380958,21.367982864379883,1378500,0.0,0.0
2025-09-25 00:00:00-04:00,21.278907557142702,21.551079253001085,20.972095930233326,21.06117057800293,1060000,0.0,0.0
2025-09-26 00:00:00-04:00,21.08096379809715,21.278907882328973,20.84343202965978,21.0413761138916,1404400,0.0,0.0
2025-09-29 00:00:00-04:00,21.1403471030277,21.1403471030277,20.685076487064972,20.873123168945312,1355600,0.0,0.0
2025-09-30 00:00:00-04:00,20.62569665146669,20.981995275703124,20.487136914368,20.942405700683594,1471800,0.0,0.0
2025-10-01 00:00:00-04:00,20.774153309727282,20.952302617792764,20.51682674115878,20.625696182250977,967500,0.0,0.0
2025-10-02 00:00:00-04:00,20.67518114372036,20.86322784423828,20.536621410567562,20.86322784423828,1262200,0.0,0.0
2025-10-03 00:00:00-04:00,21.367984374884117,21.8628427404206,21.229424636609053,21.50654411315918,1705100,0.0,0.0
2025-10-06 00:00:00-04:00,21.58572012985376,22.090475860086375,21.318498062570992,21.813356399536133,1535700,0.0,0.0
2025-10-07 00:00:00-04:00,21.714383746228343,21.981605806024405,21.132429119907858,21.38777732849121,1375500,0.0,0.0
2025-10-08 00:00:00-04:00,21.229422183896368,23.2385457077028,21.189832613114646,22.931734085083008,2268100,0.0,0.0
2025-10-09 00:00:00-04:00,22.91194028484691,23.238546706900802,22.68430590626823,22.872352600097656,1957600,0.0,0.0
2025-10-10 00:00:00-04:00,22.931734668128087,23.0900891798119,21.714383651658256,21.971710205078125,1808000,0.0,0.0
2025-10-13 00:00:00-04:00,22.00139971154625,22.20924118055316,21.68469069947345,21.902427673339844,1117500,0.0,0.0
2025-10-14 00:00:00-04:00,21.7143827447827,22.332955620130722,21.64510288478126,22.258726119995117,984800,0.0,0.0
2025-10-15 00:00:00-04:00,22.347801488247356,22.615025432101476,22.179549585198615,22.446773529052734,940200,0.0,0.0
2025-10-16 00:00:00-04:00,23.317723423725532,23.723507093608262,23.030706580807475,23.367210388183594,1488200,0.0,0.0
2025-10-17 00:00:00-04:00,23.40679871267566,23.466181183916,22.76348325899027,22.981220245361328,923200,0.0,0.0
2025-10-20 00:00:00-04:00,23.070296627130915,23.46618294466239,23.070296627130915,23.337520599365234,641400,0.0,0.0
2025-10-21 00:00:00-04:00,23.238546972118716,23.862069531714408,23.179164500449755,23.664125442504883,673700,0.0,0.0
2025-10-22 00:00:00-04:00,23.56515390465789,23.837325617372862,23.268239652193337,23.288034439086914,1168800,0.0,0.0
2025-10-23 00:00:00-04:00,23.020810890868027,23.25339492168951,22.10037404894069,22.45667266845703,1324300,0.0,0.0
2025-10-24 00:00:00-04:00,22.555643340146222,22.748637784692107,22.436876511645455,22.654613494873047,709900,0.0,0.0
2025-10-27 00:00:00-04:00,22.674409814467563,22.91194159979956,22.525952684601915,22.793176651000977,697200,0.0,0.0
2025-10-28 00:00:00-04:00,22.931736071075605,22.931736071075605,22.466569900512695,22.466569900512695,816700,0.0,0.0
2025-10-29 00:00:00-04:00,22.476464626713998,22.733791186951322,22.031093258704374,22.397287368774414,1044400,0.0,0.0
2025-10-30 00:00:00-04:00,20.912713176738986,21.397676024107366,20.012071124885956,20.041763305664062,1693900,0.0,0.0
2025-10-31 00:00:00-04:00,19.97248232302374,21.25416546182238,19.90320245947809,21.150245666503906,2163600,0.0,0.0
2025-11-03 00:00:00-05:00,21.021583160161253,21.229424655493585,20.586107269536015,21.16014289855957,1159000,0.0,0.0
2025-11-04 00:00:00-05:00,21.10075737654168,21.82819967356964,21.031477517345603,21.69458770751953,1186000,0.0,0.0
2025-11-05 00:00:00-05:00,21.69458988515225,22.34780274847491,21.49664579237912,22.139963150024414,1436100,0.0,0.0
2025-11-06 00:00:00-05:00,21.951914154260358,22.085526119744777,21.68469022329152,21.932119369506836,1056100,0.0,0.0
2025-11-07 00:00:00-05:00,21.813356226634433,22.545746333009447,21.80840658617256,22.516054153442383,956200,0.0,0.0
2025-11-10 00:00:00-05:00,22.535849381736323,22.57543706753397,21.763869687467114,21.91232681274414,810700,0.0,0.0
2025-11-11 00:00:00-05:00,21.99150183603283,21.99150183603283,21.605512972012,21.932119369506836,843900,0.0,0.0
2025-11-12 00:00:00-05:00,22.011299527976206,22.33790596860829,21.862842398186135,21.872739791870117,681500,0.0,0.0
2025-11-13 00:00:00-05:00,21.74407364860787,22.050887162612494,21.486747098669152,21.526336669921875,1026800,0.0,0.0
2025-11-14 00:00:00-05:00,21.447160512778606,21.600567277632003,21.120554084167146,21.22942352294922,737300,0.0,0.0
2025-11-17 00:00:00-05:00,21.259113649664307,21.349177474117322,20.516826146077694,20.546518325805664,911400,0.0,0.0
2025-11-18 00:00:00-05:00,20.407960358118586,20.952303819325955,20.299090910783153,20.7840518951416,752100,0.0,0.0
2025-11-19 00:00:00-05:00,20.833535015543813,20.863227195038963,20.468330080106693,20.556415557861328,570200,0.0,0.0
2025-11-20 00:00:00-05:00,20.724666086281527,21.09086017033233,20.37826489950822,20.407957077026367,748300,0.0,0.0
2025-11-21 00:00:00-05:00,20.506927594855252,21.56592595920343,20.482185057013137,21.427364349365234,911700,0.0,0.0
2025-11-24 00:00:00-05:00,21.417467619727056,21.61541170406125,21.23931832137322,21.38777732849121,1186700,0.0,0.0
2025-11-25 00:00:00-05:00,21.536234251740012,22.313161660913853,21.298702485343043,22.20924186706543,963800,0.0,0.0
2025-11-26 00:00:00-05:00,22.12016765531861,22.59523119748959,22.12016765531861,22.298316955566406,1055200,0.0,0.0
2025-11-28 00:00:00-05:00,22.456670157063787,22.476463054363013,22.21913839986168,22.377492904663086,338000,0.0,0.0
2025-12-01 00:00:00-05:00,22.14985683548361,22.941631253775387,22.080576975026688,22.71399688720703,1058400,0.0,0.0
2025-12-02 00:00:00-05:00,22.67440696993374,23.347414554478814,22.426977821953027,23.198957443237305,1106700,0.0,0.0
2025-12-03 00:00:00-05:00,23.733405667691326,25.09426611039475,23.614640722550497,24.911169052124023,1997600,0.0,0.0
2025-12-04 00:00:00-05:00,24.85178398182911,25.316950095854562,24.822091804780207,25.069520950317383,1228500,0.0,0.0
2025-12-05 00:00:00-05:00,25.089317071940595,25.70294032843932,24.871578204115195,25.683147430419922,996500,0.0,0.0
2025-12-08 00:00:00-05:00,25.74252955816512,26.039443789595335,25.534688085976256,25.702939987182617,1455100,0.0,0.0
2025-12-09 00:00:00-05:00,25.673250842891626,26.202749108147497,25.584176191938795,25.6336612701416,914100,0.0,0.0
2025-12-10 00:00:00-05:00,25.752428423555262,26.697607775863954,25.717788490832017,26.6530704498291,858700,0.0,0.0
2025-12-11 00:00:00-05:00,26.57389334948144,27.454740594382915,26.227492132449306,26.989574432373047,1108000,0.0,0.0
2025-12-12 00:00:00-05:00,27.14351504556078,27.292491149247965,26.34897456300649,26.825698852539062,1453500,0.095,0.0
2025-12-15 00:00:00-05:00,26.84556253664497,27.044196707885426,26.58832904010289,26.96474266052246,1080500,0.0,0.0
2025-12-16 00:00:00-05:00,27.292490437877138,27.381876476626417,26.492983032582973,26.577404022216797,959100,0.0,0.0
2025-12-17 00:00:00-05:00,26.468154424970788,26.68665447625047,26.267533097196253,26.567472457885742,702600,0.0,0.0
2025-12-18 00:00:00-05:00,26.795901641971223,27.138548748463897,26.607199469999966,26.7661075592041,756100,0.0,0.0
2025-12-19 00:00:00-05:00,26.537676743654423,26.845562838186403,26.16027048802462,26.825698852539062,1942300,0.0,0.0
2025-12-22 00:00:00-05:00,26.915086008671224,27.213038228389326,26.860460993044967,27.064062118530273,965600,0.0,0.0
2025-12-23 00:00:00-05:00,27.014403053411137,27.16337915779257,26.785971006070064,26.954811096191406,746100,0.0,0.0
2025-12-24 00:00:00-05:00,26.875356813345082,27.093856865911956,26.751209745053515,27.004470825195312,316000,0.0,0.0
2025-12-26 00:00:00-05:00,26.974676264566984,27.183244335312278,26.875358225847034,27.103790283203125,537800,0.0,0.0
2025-12-29 00:00:00-05:00,27.213036687554244,27.342150697966442,26.97467454640931,27.14351463317871,797500,0.0,0.0
2025-12-30 00:00:00-05:00,27.073992231231657,27.113718307078862,26.65685801599965,26.666790008544922,637700,0.0,0.0
2025-12-31 00:00:00-05:00,26.736312471432655,26.790937484101164,26.334075291692283,26.348974227905273,554800,0.0,0.0
2026-01-02 00:00:00-05:00,26.627062592502572,26.885288721051968,26.31917839452726,26.78597068786621,723400,0.0,0.0
2026-01-05 00:00:00-05:00,26.736313175695898,27.987715873517548,26.736313175695898,27.918193817138672,986100,0.0,0.0
2026-01-06 00:00:00-05:00,27.72948758868352,28.504165930388314,27.72948758868352,28.36511993408203,1376400,0.0,0.0
2026-01-07 00:00:00-05:00,28.42471269099189,28.603482872440022,27.691747559152446,27.729488372802734,1120400,0.0,0.0
2026-01-08 00:00:00-05:00,27.640102400438252,28.548859823039876,27.640102400438252,28.345258712768555,1018700,0.0,0.0
2026-01-09 00:00:00-05:00,28.285666962906156,28.921301226728396,28.285666962906156,28.692869186401367,815300,0.0,0.0
2026-01-12 00:00:00-05:00,28.394916858574316,28.682937064323006,28.196280796839172,28.563756942749023,707800,0.0,0.0
2026-01-13 00:00:00-05:00,28.573689116657548,28.77232328531976,28.38995009536929,28.603483200073242,549300,0.0,0.0
2026-01-14 00:00:00-05:00,28.55382534640625,28.961027573712634,28.29559922030129,28.951095581054688,655400,0.0,0.0
2026-01-15 00:00:00-05:00,29.03055028013073,29.616524599775797,28.782256141106004,29.596660614013672,794800,0.0,0.0
2026-01-16 00:00:00-05:00,29.43775111794571,29.695977237582724,29.09014085529382,29.10007095336914,854400,0.0,0.0
2026-01-20 00:00:00-05:00,28.831915685764308,29.020617864755454,28.484303517323585,28.59355354309082,637900,0.0,0.0
2026-01-21 00:00:00-05:00,28.831914782450287,30.3067806124303,28.807083854220117,30.11311149597168,771600,0.0,0.0
2026-01-22 00:00:00-05:00,30.053521759059276,30.311747881893297,29.815159621289542,30.281951904296875,846100,0.0,0.0
2026-01-23 00:00:00-05:00,30.21243080014468,30.331612819941046,29.705910531094517,29.775432586669922,448700,0.0,0.0
2026-01-26 00:00:00-05:00,29.785363346031293,29.84495340629474,29.23911702255966,29.71584129333496,943500,0.0,0.0
2026-01-27 00:00:00-05:00,29.586731741394274,29.825093897414487,29.249051546782137,29.34836769104004,462400,0.0,0.0
2026-01-28 00:00:00-05:00,29.73570615472452,30.76860877185136,29.705910176547565,30.003862380981445,886700,0.0,0.0
2026-01-29 00:00:00-05:00,29.68604479230717,30.113110987717494,29.14476352743448,29.507272720336914,1125400,0.0,0.0
2026-01-30 00:00:00-05:00,24.29309722181654,27.749353015403074,24.23350715992154,26.656858444213867,2930200,0.0,0.0
2026-02-02 00:00:00-05:00,26.815766138501942,28.394916962649322,26.72638009982689,28.384984970092773,1985600,0.0,0.0
2026-02-03 00:00:00-05:00,27.640102352228133,29.41292228095389,27.640102352228133,29.139799118041992,1354700,0.0,0.0
2026-02-04 00:00:00-05:00,29.358297120653944,30.207464476845058,29.358297120653944,30.11311149597168,1348100,0.0,0.0
2026-02-05 00:00:00-05:00,29.97406741358838,30.132975503846815,29.288775090390224,29.71584129333496,1351000,0.0,0.0
2026-02-06 00:00:00-05:00,29.129868726718357,29.556934954976178,29.020618697815014,29.278844833374023,1095000,0.0,0.0
2026-02-09 00:00:00-05:00,29.249051546782137,29.616525826938034,28.802121320285476,29.34836769104004,605000,0.0,0.0
2026-02-10 00:00:00-05:00,29.239117495787244,29.874749867108523,29.20435646887648,29.61652374267578,1022900,0.0,0.0
2026-02-11 00:00:00-05:00,29.666184189014576,30.262088599670793,29.398026067618925,29.5172061920166,649100,0.0,0.0
2026-02-12 00:00:00-05:00,29.97406823915392,30.470656508472352,27.501058885268204,28.37505340576172,1418500,0.0,0.0
2026-02-13 00:00:00-05:00,28.464440193318918,28.891506419241807,27.977783903926355,28.53396224975586,726900,0.0,0.0
2026-02-17 00:00:00-05:00,28.64321117040602,28.970959348315866,28.48430307774269,28.603483200073242,747100,0.0,0.0
2026-02-18 00:00:00-05:00,28.524030449257264,28.841848543352594,28.315464278539114,28.57369041442871,743600,0.0,0.0
2026-02-19 00:00:00-05:00,28.414782992302335,28.92626833259743,28.196282929004223,28.821985244750977,915700,0.0,0.0
2026-02-20 00:00:00-05:00,28.66307610992767,29.735706718285982,28.454508047403966,29.110004425048828,843100,0.0,0.0
2026-02-23 00:00:00-05:00,28.901437669703874,28.970959724354728,26.934948576720046,26.96474266052246,1243200,0.0,0.0
2026-02-24 00:00:00-05:00,27.05412769001445,27.431535821641223,26.88528760888328,27.252763748168945,776100,0.0,0.0
2026-02-25 00:00:00-05:00,27.371943738999697,27.371943738999697,26.537675329604404,26.72637939453125,793600,0.0,0.0
2026-02-26 00:00:00-05:00,26.895221088335816,28.091998763771898,26.895221088335816,27.87846565246582,627500,0.0,0.0
2026-02-27 00:00:00-05:00,27.461331436428466,28.360156902939945,27.461331436428466,28.186349868774414,791000,0.0,0.0
2026-03-02 00:00:00-05:00,27.709625507159647,28.245941756169483,27.19317324389105,27.967851638793945,760300,0.0,0.0
2026-03-03 00:00:00-05:00,27.242831267157094,27.838737536597613,26.79590109149325,27.749351501464844,725000,0.0,0.0
2026-03-04 00:00:00-05:00,27.987715569498384,28.404849797574443,27.650035389897102,28.05723762512207,654500,0.0,0.0
2026-03-05 00:00:00-05:00,27.75928491855355,27.92812500532295,26.875356514015447,27.14351463317871,554900,0.0,0.0
2026-03-06 00:00:00-05:00,27.213036870075843,27.213036870075843,25.26144481363233,25.465045928955078,673500,0.0,0.0
2026-03-09 00:00:00-04:00,25.51470517833868,25.69844230303871,24.402346649009427,25.614023208618164,1397600,0.0,0.0
2026-03-10 00:00:00-04:00,25.58422741255419,26.339041795960355,25.25647923634279,25.653749465942383,1072400,0.0,0.0
2026-03-11 00:00:00-04:00,25.554430546983482,25.564362539170087,24.223573903319576,24.968456268310547,2305500,0.0,0.0
2026-03-12 00:00:00-04:00,24.392416538871018,24.82941476922286,23.563114994859298,23.58794403076172,1108400,0.0,0.0
2026-03-13 00:00:00-04:00,23.976921108882895,24.495555208101326,23.358547122044204,23.647785186767578,1115500,0.1,0.0
2026-03-16 00:00:00-04:00,23.89712848639148,24.02678843408869,23.5380744133815,23.827312469482422,784100,0.0,0.0
2026-03-17 00:00:00-04:00,24.146472246967264,24.44568619085298,23.687680196290437,23.99686622619629,793600,0.0,0.0
2026-03-18 00:00:00-04:00,23.85723386002686,24.056709819826672,23.528099857997788,23.757495880126953,1259800,0.0,0.0
2026-03-19 00:00:00-04:00,23.468258015331276,23.68768005095957,23.139124010716955,23.54804801940918,1317400,0.0,0.0
2026-03-20 00:00:00-04:00,23.577969223820897,23.687681198120117,23.248835203267088,23.687681198120117,1792700,0.0,0.0
2026-03-23 00:00:00-04:00,24.455659754157185,25.034137752802625,24.206315756424775,24.375869750976562,1025400,0.0,0.0
2026-03-24 00:00:00-04:00,24.006841361840035,25.502905445733788,24.006841361840035,25.203693389892578,1202600,0.0,0.0
2026-03-25 00:00:00-04:00,25.532827237117687,25.881909234767203,25.093981242862757,25.78217124938965,782400,0.0,0.0
2026-03-26 00:00:00-04:00,25.453037066834035,25.851987103454164,25.38322104821849,25.662485122680664,715600,0.0,0.0
2026-03-27 00:00:00-04:00,25.433089176718923,25.517865227516275,25.05408711621479,25.373247146606445,615500,0.0,0.0
2026-03-30 00:00:00-04:00,25.622590446236693,25.931776479295106,25.22364041933168,25.55277442932129,774400,0.0,0.0
2026-03-31 00:00:00-04:00,26.071408577434415,26.624952573405917,25.582694555477325,26.29083251953125,986600,0.0,0.0
2026-04-01 00:00:00-04:00,26.470359743702915,27.018915778425473,26.3008057489506,26.430463790893555,652800,0.0,0.0
2026-04-02 00:00:00-04:00,26.081382073264994,27.188470044295855,25.802118010189645,26.959074020385742,746800,0.0,0.0
2026-04-06 00:00:00-04:00,26.72967596794849,27.33807593507985,26.56012197230584,27.208417892456055,698500,0.0,0.0
2026-04-07 00:00:00-04:00,27.138600196126102,27.622328167536406,27.113666176457727,27.367998123168945,966300,0.0,0.0
2026-04-08 00:00:00-04:00,28.425216154459466,29.033616126515447,28.245688169108934,28.395294189453125,1165200,0.0,0.0
2026-04-09 00:00:00-04:00,28.275610099068313,28.584796127708916,27.966424070427706,28.02626609802246,1192700,0.0,0.0
2026-04-10 00:00:00-04:00,28.16589887115896,28.594770868620344,27.996344869891523,28.215768814086914,667600,0.0,0.0
2026-04-13 00:00:00-04:00,27.996345576023437,28.12101758297213,27.228365556656964,28.03624153137207,887000,0.0,0.0
2026-04-14 00:00:00-04:00,28.12600465295789,28.505006705251713,27.776922663900223,28.09608268737793,787200,0.0,0.0
2026-04-15 00:00:00-04:00,27.577446994080507,28.086109000337178,27.08873296509127,27.268260955810547,1251900,0.0,0.0
2026-04-16 00:00:00-04:00,27.45776288180629,28.73440298694018,27.45776288180629,28.624692916870117,1060600,0.0,0.0
2026-04-17 00:00:00-04:00,29.113407401343984,29.8614394380523,28.664587418381455,29.312881469726562,5451100,0.0,0.0
2026-04-20 00:00:00-04:00,28.943853284246572,30.11078333306225,28.83414131053978,29.931255340576172,850600,0.0,0.0
2026-04-21 00:00:00-04:00,30.11078221383397,30.51970622492182,29.70185820274612,30.1606502532959,868900,0.0,0.0
2026-04-22 00:00:00-04:00,30.569575654411675,30.619445598485004,29.602121567515365,29.761701583862305,646400,0.0,0.0
2026-04-23 00:00:00-04:00,30.09083551507547,30.729155578547786,29.90133353285318,30.050939559936523,1094500,0.0,0.0
2026-04-24 00:00:00-04:00,30.100808283189576,30.400020325222393,29.871412257474834,30.200546264648438,974500,0.0,0.0
2026-04-27 00:00:00-04:00,30.190572657417558,30.754088740438423,30.170624680405194,30.47981071472168,797300,0.0,0.0
2026-04-28 00:00:00-04:00,30.619444575610004,30.94857858612348,30.310256639715686,30.76905059814453,715100,0.0,0.0
2026-04-29 00:00:00-04:00,30.898707971387235,31.477185974319013,30.13072799611843,30.29030990600586,872900,0.0,0.0
2026-04-30 00:00:00-04:00,30.370100893366043,31.12810500257593,30.080860931360743,31.008420944213867,1013800,0.0,0.0
2026-05-01 00:00:00-04:00,33.25251654996165,33.25251654996165,31.108158494461165,31.387422561645508,1716500,0.0,0.0
2026-05-04 00:00:00-04:00,31.108157815455957,31.108157815455957,29.782644646372987,29.881383895874023,1128000,0.0,0.0
2026-05-05 00:00:00-04:00,30.00107043235279,30.584536389904045,29.866424442148656,29.951202392578125,937800,0.0,0.0
2026-05-06 00:00:00-04:00,30.439916182615136,31.347528196571407,30.439916182615136,30.818918228149414,1130600,0.0,0.0
2026-05-07 00:00:00-04:00,30.9884723567846,31.028368310348828,30.290310290504618,30.5695743560791,1009700,0.0,0.0
2026-05-08 00:00:00-04:00,30.719181472175077,30.933617474366454,30.529681393022013,30.669313430786133,679300,0.0,0.0
2026-05-11 00:00:00-04:00,30.699235606658473,30.734143616337875,29.761701583862305,29.761701583862305,865800,0.0,0.0
2026-05-12 00:00:00-04:00,29.781649300051193,29.89135937136171,28.51498126686602,28.864063262939453,713100,0.0,0.0
2026-05-13 00:00:00-04:00,28.943852155204556,29.312880212169706,28.764324169721508,29.09345817565918,586200,0.0,0.0
2026-05-14 00:00:00-04:00,29.332828090402902,33.17272417933963,28.963800034676353,33.12285614013672,3210800,0.0,0.0
2026-05-15 00:00:00-04:00,32.65409361817811,32.843593698380026,31.25776562343309,31.856191635131836,2333800,0.0,0.0
2026-05-18 00:00:00-04:00,31.87613686426988,32.61419679725834,31.61682077168278,32.28506088256836,1159600,0.0,0.0
2026-05-19 00:00:00-04:00,32.01576718648111,32.629155083460674,31.54700116438007,32.07561111450195,892800,0.0,0.0
2026-05-20 00:00:00-04:00,32.305009103969205,33.56668917711451,32.075613072914386,33.51183319091797,1054300,0.0,0.0
2026-05-21 00:00:00-04:00,33.06301762014919,33.38217765216777,32.314985581726695,33.25251770019531,796200,0.0,0.0
2026-05-22 00:00:00-04:00,33.38217486959273,33.576662878996,32.96327498455599,33.31235885620117,583400,0.0,0.0
2026-05-26 00:00:00-04:00,33.910786519229646,34.6937265852067,33.481914502993774,34.54910659790039,857500,0.0,0.0
2026-05-27 00:00:00-04:00,34.91813371748462,35.23729755271003,34.6588176194306,34.898189544677734,818600,0.0,0.0
2026-05-28 00:00:00-04:00,34.50920750147108,35.656191404179815,34.120231476720924,35.35697937011719,648700,0.0,0.0
2026-05-29 00:00:00-04:00,34.99792467191507,35.70606073254344,34.88821270103425,35.24726867675781,1189000,0.0,0.0
2026-06-01 00:00:00-04:00,35.00789858318902,36.3543585623503,34.628898415443864,36.274566650390625,916700,0.0,0.0
2026-06-02 00:00:00-04:00,36.144909578316714,36.474041695033755,35.59634970930885,36.29451370239258,814300,0.0,0.0
2026-06-03 00:00:00-04:00,35.9554063687252,36.79320241519611,35.9554063687252,36.444122314453125,839400,0.0,0.0
2026-06-04 00:00:00-04:00,35.92548331808322,37.0126232903445,35.885587365689474,37.002647399902344,826200,0.0,0.0
2026-06-05 00:00:00-04:00,36.96275778326925,37.73572193921879,36.872993786580324,37.112361907958984,1463500,0.0,0.0
2026-06-08 00:00:00-04:00,37.41157459414959,38.92758667235122,37.21210242452623,38.658294677734375,1336800,0.0,0.0
2026-06-09 00:00:00-04:00,38.4687940957736,39.16695809446338,37.08742993514068,37.93021011352539,1178400,0.0,0.0
2026-06-10 00:00:00-04:00,37.042545214707324,37.80055312954961,36.1249610916418,36.9627571105957,1744700,0.0,0.0
2026-06-11 00:00:00-04:00,37.29189015778089,38.31918627886137,37.29189015778089,38.01000213623047,989200,0.0,0.0
2026-06-12 00:00:00-04:00,38.20000076293945,38.900001525878906,37.86000061035156,38.439998626708984,989600,0.1,0.0
2026-06-15 00:00:00-04:00,38.529998779296875,38.564998626708984,37.349998474121094,37.689998626708984,946300,0.0,0.0
2026-06-16 00:00:00-04:00,37.189998626708984,37.9379997253418,36.689998626708984,37.02000045776367,1041000,0.0,0.0
2026-06-17 00:00:00-04:00,37.130001068115234,37.130001068115234,35.16999816894531,35.34000015258789,1113000,0.0,0.0
2026-06-18 00:00:00-04:00,35.40999984741211,36.34000015258789,35.349998474121094,35.68000030517578,1514600,0.0,0.0
2026-06-22 00:00:00-04:00,35.79999923706055,36.27000045776367,35.30500030517578,35.470001220703125,1246500,0.0,0.0
2026-06-23 00:00:00-04:00,35.4900016784668,35.75,35.18000030517578,35.36000061035156,1098800,0.0,0.0
2026-06-24 00:00:00-04:00,35.599998474121094,35.68000030517578,34.880001068115234,34.970001220703125,1401200,0.0,0.0
2026-06-25 00:00:00-04:00,35.400001525878906,36.42499923706055,35.380001068115234,36.20000076293945,810600,0.0,0.0
2026-06-26 00:00:00-04:00,36.0099983215332,36.540000915527344,35.189998626708984,36.290000915527344,865700,0.0,0.0
2026-06-29 00:00:00-04:00,35.95000076293945,36.900001525878906,35.61000061035156,36.84000015258789,1132800,0.0,0.0
2026-06-30 00:00:00-04:00,36.77000045776367,36.95000076293945,35.790000915527344,36.529998779296875,679000,0.0,0.0
2026-07-01 00:00:00-04:00,36.150001525878906,37.15999984741211,35.90999984741211,36.400001525878906,661000,0.0,0.0
2026-07-02 00:00:00-04:00,36.689998626708984,36.970001220703125,35.46500015258789,35.79999923706055,664000,0.0,0.0
2026-07-06 00:00:00-04:00,36.27000045776367,36.619998931884766,35.19499969482422,35.720001220703125,1022300,0.0,0.0
2026-07-07 00:00:00-04:00,35.93000030517578,36.11000061035156,35.2599983215332,35.77000045776367,706000,0.0,0.0
2026-07-08 00:00:00-04:00,36.08000183105469,36.27000045776367,35.029998779296875,35.95000076293945,605193,0.0,0.0
