Date,Open,High,Low,Close,Volume,Dividends,Stock Splits
2022-01-03 00:00:00-05:00,43.71412011943287,44.41434644537077,43.097255963214735,43.47237777709961,87200,0.0,0.0
2022-01-04 00:00:00-05:00,43.764130338025176,44.74778152192274,43.764130338025176,43.939186096191406,136300,0.0,0.0
2022-01-05 00:00:00-05:00,44.28930232076716,45.09789459445969,44.28930232076716,44.7811279296875,94300,0.0,0.0
2022-01-06 00:00:00-05:00,45.27294879984651,46.26493453979492,45.10622767903024,46.26493453979492,98800,0.0,0.0
2022-01-07 00:00:00-05:00,46.665066886244894,47.02351621040028,46.16490666553283,46.923484802246094,140400,0.0,0.0
2022-01-10 00:00:00-05:00,46.98183416663458,47.798764178666346,46.748426500322914,47.640380859375,216100,0.0,0.0
2022-01-11 00:00:00-05:00,47.64038413753765,47.68206362654116,45.88981697991978,46.06487274169922,114200,0.0,0.0
2022-01-12 00:00:00-05:00,46.09821492957465,46.82344817195862,45.74810342633446,46.573368072509766,262900,0.0,0.0
2022-01-13 00:00:00-05:00,46.58170631699099,47.48199531948351,46.41498518913948,47.156890869140625,74900,0.0,0.0
2022-01-14 00:00:00-05:00,46.6317176669731,47.34861624830755,46.16490235257176,47.206905364990234,71800,0.0,0.0
2022-01-18 00:00:00-05:00,47.06519267355128,47.84878099689153,46.506680568987505,46.80677795410156,177900,0.0,0.0
2022-01-19 00:00:00-05:00,47.01517711843456,47.01517711843456,45.381313980774244,45.63139724731445,158300,0.0,0.0
2022-01-20 00:00:00-05:00,45.51469377137789,45.51469377137789,43.622418955286214,43.68077087402344,186000,0.0,0.0
2022-01-21 00:00:00-05:00,43.27229871836889,44.264284389737895,42.93052187529716,43.20561218261719,142000,0.0,0.0
2022-01-24 00:00:00-05:00,42.7888152798833,44.022546524146556,42.52205957036869,43.714111328125,299200,0.0,0.0
2022-01-25 00:00:00-05:00,42.51372218366058,43.42234892223449,40.71314113602082,42.688777923583984,162600,0.0,0.0
2022-01-26 00:00:00-05:00,43.1555979806673,43.65575816434952,40.78816696335239,40.87986373901367,248400,0.0,0.0
2022-01-27 00:00:00-05:00,41.41337485290508,41.79683126192758,38.99592619091891,39.37104797363281,476200,0.0,0.0
2022-01-28 00:00:00-05:00,40.813172592160775,40.813172592160775,38.98758448758879,39.95456314086914,308700,0.0,0.0
2022-01-31 00:00:00-05:00,39.53776007166538,40.921539857954336,39.07094160667442,40.63811492919922,271200,0.0,0.0
2022-02-01 00:00:00-05:00,40.63812287022494,40.821516442297415,40.11295239198002,40.76316452026367,97400,0.0,0.0
2022-02-02 00:00:00-05:00,40.588105654166306,40.65479538230265,39.70448901594851,40.43805694580078,135600,0.0,0.0
2022-02-03 00:00:00-05:00,40.438051744284735,41.11327084507667,40.01291591189483,40.58810043334961,102000,0.0,0.0
2022-02-04 00:00:00-05:00,40.588101660093976,40.76316058925458,39.76283702523503,40.55475997924805,186500,0.0,0.0
2022-02-07 00:00:00-05:00,40.72147406569603,41.67178342845203,40.54641833305965,41.096595764160156,203600,0.0,0.0
2022-02-08 00:00:00-05:00,41.264510046476644,43.26266706632012,41.264510046476644,43.094757080078125,238500,0.35,0.0
2022-02-09 00:00:00-05:00,43.12833617618257,43.41378763005952,42.56583068915666,42.859676361083984,266400,0.0,0.0
2022-02-10 00:00:00-05:00,42.84289562499225,43.556526042628555,41.88579438980512,42.44830322265625,220400,0.0,0.0
2022-02-11 00:00:00-05:00,42.07888570237822,43.70763954782844,42.0704914837434,42.28877639770508,179400,0.0,0.0
2022-02-14 00:00:00-05:00,42.60781727919375,43.18711452864619,41.7178794500533,42.07889175415039,446700,0.0,0.0
2022-02-15 00:00:00-05:00,42.55743713078856,43.71603469022487,42.42310721104797,43.35502243041992,155000,0.0,0.0
2022-02-16 00:00:00-05:00,43.09476632713773,44.45485736414115,42.78412574004339,42.86808395385742,180100,0.0,0.0
2022-02-17 00:00:00-05:00,42.56583931032366,42.67498338314996,42.02851957129924,42.22161865234375,188100,0.0,0.0
2022-02-18 00:00:00-05:00,41.9865359156284,43.79159728964772,41.96974747730649,43.28786087036133,201400,0.0,0.0
2022-02-22 00:00:00-05:00,43.296257181191436,43.92592933705831,42.90166160532451,43.413795471191406,232300,0.0,0.0
2022-02-23 00:00:00-05:00,43.66565826659473,43.88394638033466,43.06117524990388,43.20389938354492,204900,0.0,0.0
2022-02-24 00:00:00-05:00,41.936162053242334,42.55743672511615,40.450135528771014,41.75145721435547,194800,0.0,0.0
2022-02-25 00:00:00-05:00,41.86899381332396,43.91752899102208,41.86899381332396,43.18710708618164,228400,0.0,0.0
2022-02-28 00:00:00-05:00,42.46508645173635,43.66565826659473,42.37273403459083,43.20389938354492,193200,0.0,0.0
2022-03-01 00:00:00-05:00,42.98561841490151,43.23748662851257,41.323284361854824,41.93616485595703,290100,0.0,0.0
2022-03-02 00:00:00-05:00,42.14605379124589,44.32891582076926,42.14605379124589,43.3718147277832,196600,0.0,0.0
2022-03-03 00:00:00-05:00,43.422195743438074,44.21977796440926,43.10316093344255,43.65727233886719,211800,0.0,0.0
2022-03-04 00:00:00-05:00,43.08636327992128,43.287859764093206,42.17963710784254,42.4986686706543,172100,0.0,0.0
2022-03-07 00:00:00-05:00,42.28038222371536,42.85967939046515,41.77664263279228,41.89418411254883,214700,0.0,0.0
2022-03-08 00:00:00-05:00,42.087284214256556,43.086362796936484,40.735587588897985,40.836334228515625,257000,0.0,0.0
2022-03-09 00:00:00-05:00,41.70948190993117,42.23840739286947,40.869919074711426,41.046226501464844,343500,0.0,0.0
2022-03-10 00:00:00-05:00,40.76077222282337,41.77664241534782,40.38296833226697,41.73466491699219,358800,0.0,0.0
2022-03-11 00:00:00-05:00,41.81862458906871,43.13673794045705,41.81862458906871,42.32236099243164,312100,0.0,0.0
2022-03-14 00:00:00-04:00,42.868077336760116,43.97629996661347,42.5658342190405,42.683372497558594,197800,0.0,0.0
2022-03-15 00:00:00-04:00,42.80091266640067,43.44737642947951,41.28130279194174,42.67498016357422,195500,0.0,0.0
2022-03-16 00:00:00-04:00,42.85968394162223,43.87555424730681,42.473485789446336,43.29625701904297,273400,0.0,0.0
2022-03-17 00:00:00-04:00,42.868084263135785,43.716041411365694,42.70017103697468,43.1031608581543,173300,0.0,0.0
2022-03-18 00:00:00-04:00,42.817708350866454,42.817708350866454,40.80275608857788,41.8606071472168,655600,0.0,0.0
2022-03-21 00:00:00-04:00,42.011725677033674,42.46509038353675,41.071412981469194,41.49959182739258,123500,0.0,0.0
2022-03-22 00:00:00-04:00,41.85220885055777,42.557441807362366,41.70948469632123,42.16284942626953,91100,0.0,0.0
2022-03-23 00:00:00-04:00,42.02851525162425,42.288777671958,39.57699019094431,39.62736511230469,178000,0.0,0.0
2022-03-24 00:00:00-04:00,39.946404474634285,40.223458567319014,39.367104021667316,40.198272705078125,142700,0.0,0.0
2022-03-25 00:00:00-04:00,40.21506209363393,41.1133940935667,40.21506209363393,40.86152267456055,77500,0.0,0.0
2022-03-28 00:00:00-04:00,40.72719704803373,40.760780334472656,39.92121738957032,40.760780334472656,97300,0.0,0.0
2022-03-29 00:00:00-04:00,41.06301542157407,41.994930619345936,40.81114722823305,41.793434143066406,217700,0.0,0.0
2022-03-30 00:00:00-04:00,41.7598567209305,42.07049407237824,39.803673782833165,40.0555419921875,104900,0.0,0.0
2022-03-31 00:00:00-04:00,40.13950043571569,40.576073495775,39.50982830724751,39.77848815917969,155500,0.0,0.0
2022-04-01 00:00:00-04:00,40.0471522416883,40.0471522416883,38.72903870306379,39.0816535949707,172700,0.0,0.0
2022-04-04 00:00:00-04:00,39.10684203326093,39.10684203326093,38.107760116861286,38.61149978637695,113300,0.0,0.0
2022-04-05 00:00:00-04:00,38.82978060276889,39.123626310042965,38.33443840859402,38.39320755004883,273300,0.0,0.0
2022-04-06 00:00:00-04:00,38.35962830659369,38.64507982485731,37.83070597782039,38.07417678833008,144100,0.0,0.0
2022-04-07 00:00:00-04:00,38.26727590197273,38.485560831864554,37.35215227545602,38.090965270996094,104600,0.0,0.0
2022-04-08 00:00:00-04:00,38.22529409083052,38.510745577148356,37.8894708851306,38.21689987182617,93500,0.0,0.0
2022-04-11 00:00:00-04:00,38.242086069700235,39.207584600316366,38.0657786449478,38.45197677612305,126600,0.0,0.0
2022-04-12 00:00:00-04:00,38.42678589304684,39.27474282697145,37.80550807407065,38.08256530761719,133400,0.0,0.0
2022-04-13 00:00:00-04:00,38.0825739075467,38.603102012229165,37.95663819064496,38.334442138671875,94600,0.0,0.0
2022-04-14 00:00:00-04:00,38.24208451797748,38.69544919409761,37.32696094699926,37.36893844604492,100000,0.0,0.0
2022-04-18 00:00:00-04:00,37.20942249504661,37.59562060875004,36.96594851796833,37.251399993896484,92100,0.0,0.0
2022-04-19 00:00:00-04:00,37.55364576617948,38.418394473829,37.469690762541354,38.250484466552734,130200,0.0,0.0
2022-04-20 00:00:00-04:00,38.25048315319956,38.79619706346619,38.10775580870165,38.21689987182617,80700,0.0,0.0
2022-04-21 00:00:00-04:00,38.569515919275794,38.94731983979635,37.93984378596757,38.14973449707031,122000,0.0,0.0
2022-04-22 00:00:00-04:00,38.14973385113095,38.14973385113095,37.08348867246098,37.24300765991211,142300,0.0,0.0
2022-04-25 00:00:00-04:00,37.108682763796274,37.49488094937742,36.05922908383981,37.21782684326172,241600,0.0,0.0
2022-04-26 00:00:00-04:00,34.72431421028127,36.101196542738705,34.58158688413857,35.44633865356445,283000,0.0,0.0
2022-04-27 00:00:00-04:00,35.20286757532653,35.22805343383651,33.658071934050646,33.94352340698242,256700,0.0,0.0
2022-04-28 00:00:00-04:00,34.514428981950424,34.514428981950424,33.84277934820685,33.968711853027344,131800,0.0,0.0
2022-04-29 00:00:00-04:00,33.800796895400715,34.615173835693355,33.800796895400715,34.07785415649414,194100,0.0,0.0
2022-05-02 00:00:00-04:00,34.10303740232848,34.95939177643463,33.884752500385034,34.44725799560547,145900,0.0,0.0
2022-05-03 00:00:00-04:00,34.36329776839894,34.925803177929524,33.96870231816411,34.732704162597656,209300,0.0,0.0
2022-05-04 00:00:00-04:00,34.74111902331703,35.731803653367706,34.28775421918968,35.51351547241211,124600,0.0,0.0
2022-05-05 00:00:00-04:00,34.422078527544066,35.02656483386042,33.11235926475138,33.523746490478516,188800,0.0,0.0
2022-05-06 00:00:00-04:00,33.43978992637769,33.89315143234006,32.81011778749195,33.3138542175293,129600,0.0,0.0
2022-05-09 00:00:00-04:00,33.12750828667874,33.923719276446064,32.805634383930645,33.56796646118164,154400,0.35,0.0
2022-05-10 00:00:00-04:00,33.75430879749699,35.262031746521494,32.33129120020351,32.44987869262695,168900,0.0,0.0
2022-05-11 00:00:00-04:00,32.54304857055281,33.42396481002266,32.50069751178917,32.61928176879883,117900,0.0,0.0
2022-05-12 00:00:00-04:00,32.34823373160482,33.26303218454545,31.9840087806576,32.90727615356445,110000,0.0,0.0
2022-05-13 00:00:00-04:00,33.20374268634918,33.864428356231244,33.02586627233158,33.22915267944336,162900,0.0,0.0
2022-05-16 00:00:00-04:00,32.95809612516314,33.220677854793685,32.60234336035266,32.82257080078125,113700,0.0,0.0
2022-05-17 00:00:00-04:00,33.584910036505434,34.999455713850494,33.55102789028441,34.677581787109375,130300,0.0,0.0
2022-05-18 00:00:00-04:00,34.186296277309864,34.53358012382416,33.26302899298962,33.72889709472656,181800,0.0,0.0
2022-05-19 00:00:00-04:00,33.288444823165754,33.957602644980234,33.11903732975739,33.17832946777344,204900,0.0,0.0
2022-05-20 00:00:00-04:00,33.508672272132976,33.508672272132976,32.407525287756584,33.076683044433594,131700,0.0,0.0
2022-05-23 00:00:00-04:00,33.55949904076023,33.898314063120885,33.22068724957909,33.37315368652344,155800,0.0,0.0
2022-05-24 00:00:00-04:00,33.36467942293914,34.076188339938014,32.82257800640273,33.822078704833984,168100,0.0,0.0
2022-05-25 00:00:00-04:00,34.33029052117204,34.50817013518463,33.593371770018024,33.72889709472656,120700,0.0,0.0
2022-05-26 00:00:00-04:00,34.110064877576946,34.58440515464059,33.72042995240616,34.194766998291016,221400,0.0,0.0
2022-05-27 00:00:00-04:00,34.37265365790829,34.54205793401422,34.13548185523697,34.43194580078125,145900,0.0,0.0
2022-05-31 00:00:00-04:00,34.211708652810835,35.01639173804906,33.669607316155684,34.14394760131836,285900,0.0,0.0
2022-06-01 00:00:00-04:00,34.33876715855456,35.00792495038254,33.271502259733914,33.59337615966797,228300,0.0,0.0
2022-06-02 00:00:00-04:00,33.686549844821826,33.78819304204921,32.94115885907007,33.76278305053711,120400,0.0,0.0
2022-06-03 00:00:00-04:00,33.48326054493475,34.31335366458851,32.49223209217371,32.78022384643555,226000,0.0,0.0
2022-06-06 00:00:00-04:00,33.02586363992416,33.99995099464939,32.84798400890571,33.93218994140625,169400,0.0,0.0
2022-06-07 00:00:00-04:00,33.601845975361094,33.77972561735742,33.313857442330836,33.38161849975586,119900,0.0,0.0
2022-06-08 00:00:00-04:00,33.41549530890497,33.41549530890497,32.41599482982894,32.85645294189453,116000,0.0,0.0
2022-06-09 00:00:00-04:00,32.822574638412824,32.822574638412824,31.873897256819784,31.950130462646484,179000,0.0,0.0
2022-06-10 00:00:00-04:00,31.568963565442402,31.746839963753867,30.88286473186818,31.170856475830078,147700,0.0,0.0
2022-06-13 00:00:00-04:00,30.51863728208192,31.247087117744126,30.357701967924843,30.433935165405273,118300,0.0,0.0
2022-06-14 00:00:00-04:00,29.85795622516022,30.32382439945881,29.459849108180766,29.8494873046875,172600,0.0,0.0
2022-06-15 00:00:00-04:00,30.26452898406628,30.306880044200255,29.46831806753975,29.697017669677734,179200,0.0,0.0
2022-06-16 00:00:00-04:00,29.349734522616846,29.349734522616846,28.59587141665665,29.01091957092285,188100,0.0,0.0
2022-06-17 00:00:00-04:00,29.586904524766517,30.289941222480884,29.15491527826651,29.603845596313477,621500,0.0,0.0
2022-06-21 00:00:00-04:00,30.1713526747044,31.069209952308256,29.612310317639732,30.12900161743164,156500,0.0,0.0
2022-06-22 00:00:00-04:00,29.71396285813412,30.120538907890925,29.612316422310506,29.62078857421875,195200,0.0,0.0
2022-06-23 00:00:00-04:00,29.603845464217315,30.027362557464546,28.88386446698962,29.146446228027344,121100,0.0,0.0
2022-06-24 00:00:00-04:00,29.358208925406785,30.815108966135647,29.358208925406785,30.789695739746094,520000,0.0,0.0
2022-06-27 00:00:00-04:00,30.637224344529987,31.594373860316495,30.112064064432676,30.27300262451172,153800,0.0,0.0
2022-06-28 00:00:00-04:00,30.467820397794018,31.035331745737132,29.993480095182953,30.078182220458984,74600,0.0,0.0
2022-06-29 00:00:00-04:00,30.239120782133984,30.730398924857088,29.646196211664893,30.078182220458984,128700,0.0,0.0
2022-06-30 00:00:00-04:00,29.51067191870667,30.018891150737787,29.08715481495438,29.366674423217773,125100,0.0,0.0
2022-07-01 00:00:00-04:00,29.188794570223394,30.38311253260265,28.621283269139738,30.264528274536133,138000,0.0,0.0
2022-07-05 00:00:00-04:00,29.637725414193753,30.239118866623322,29.468317943193927,30.179826736450195,123900,0.0,0.0
2022-07-06 00:00:00-04:00,29.959595304740706,30.264528098670475,29.5869014628147,29.84101104736328,76200,0.0,0.0
2022-07-07 00:00:00-04:00,29.951130506255762,30.281473334736962,29.713961958870104,29.8494873046875,84400,0.0,0.0
2022-07-08 00:00:00-04:00,29.849485106059813,29.95112830014133,29.39208588592466,29.824071884155273,95300,0.0,0.0
2022-07-11 00:00:00-04:00,29.55302398971648,30.09512538400013,29.121037950890187,29.646198272705078,61700,0.0,0.0
2022-07-12 00:00:00-04:00,29.485262923430998,29.951131107074893,29.485262923430998,29.71396255493164,83700,0.0,0.0
2022-07-13 00:00:00-04:00,29.578431492808097,30.052771788464163,29.281970827509877,29.815603256225586,182600,0.0,0.0
2022-07-14 00:00:00-04:00,29.349738481464865,29.849488825474115,28.858457058359818,29.417499542236328,134300,0.0,0.0
2022-07-15 00:00:00-04:00,30.00194521443481,30.357701204118808,29.671602444057307,30.12900161743164,144900,0.0,0.0
2022-07-18 00:00:00-04:00,30.383116662550442,30.679580579193473,30.061245984383678,30.18829917907715,93600,0.0,0.0
2022-07-19 00:00:00-04:00,30.577930617054516,31.26402942146214,30.484759577503738,31.10309410095215,107800,0.0,0.0
2022-07-20 00:00:00-04:00,30.959098364313743,31.712958260988287,30.942157293119166,31.619787216186523,79600,0.0,0.0
2022-07-21 00:00:00-04:00,31.55202147808276,31.95859747448841,31.23014760256957,31.89930534362793,112300,0.0,0.0
2022-07-22 00:00:00-04:00,31.823074046012575,33.62725776332187,31.543554445403522,31.882366180419922,120900,0.0,0.0
2022-07-25 00:00:00-04:00,31.941657723522347,32.47529015448881,31.941657723522347,32.085655212402344,138400,0.0,0.0
2022-07-26 00:00:00-04:00,31.611317864992856,31.95860177729525,29.612316523474977,30.061246871948242,183000,0.0,0.0
2022-07-27 00:00:00-04:00,30.00194711475206,30.273001007059037,29.671604323450715,30.179826736450195,162900,0.0,0.0
2022-07-28 00:00:00-04:00,30.20523631617936,30.815101911028872,29.99347778809869,30.688045501708984,176700,0.0,0.0
2022-07-29 00:00:00-04:00,30.772754903019877,31.93319088494851,30.61181633253591,31.585906982421875,148300,0.0,0.0
2022-08-01 00:00:00-04:00,31.50967578024142,32.255066849431984,31.408032571636134,31.907779693603516,182400,0.0,0.0
2022-08-02 00:00:00-04:00,31.823073319864587,31.85695546194679,30.662637418569883,30.671106338500977,84200,0.0,0.0
2022-08-03 00:00:00-04:00,30.88286488023445,32.051772932657634,30.129004990377535,30.654165267944336,137400,0.0,0.0
2022-08-04 00:00:00-04:00,30.730399661414914,30.730399661414914,30.222180435219624,30.366174697875977,75000,0.0,0.0
2022-08-05 00:00:00-04:00,30.28147346055984,30.55252415332087,30.035832760501677,30.18829917907715,88400,0.0,0.0
2022-08-08 00:00:00-04:00,30.342277117501958,30.829874752180164,30.205407663262903,30.624568939208984,95100,0.35,0.0
2022-08-09 00:00:00-04:00,30.444929122924805,30.547580400260998,29.324308195985047,30.444929122924805,99600,0.0,0.0
2022-08-10 00:00:00-04:00,30.73577736414582,31.231927927769387,30.47914753722154,30.958189010620117,98200,0.0,0.0
2022-08-11 00:00:00-04:00,31.291810219594566,31.65964422455961,31.189155682035548,31.58265495300293,70700,0.0,0.0
2022-08-12 00:00:00-04:00,31.64253132968246,32.0959106813346,31.394454480836234,31.99325942993164,66500,0.0,0.0
2022-08-15 00:00:00-04:00,31.830730933744924,32.113026009004095,31.480002765323732,32.07880783081055,70200,0.0,0.0
2022-08-16 00:00:00-04:00,32.061703114599425,32.76315954711323,31.308919407794782,32.583518981933594,120600,0.0,0.0
2022-08-17 00:00:00-04:00,32.24989859579452,32.309778781845786,31.63398438129535,32.147247314453125,102000,0.0,0.0
2022-08-18 00:00:00-04:00,32.232783039396274,32.36965247480503,31.85639290782839,32.30121612548828,71000,0.0,0.0
2022-08-19 00:00:00-04:00,32.138689949258065,32.48941813883099,31.796514673136805,31.941940307617188,474400,0.0,0.0
2022-08-22 00:00:00-04:00,31.76229690414901,31.76229690414901,31.026622410802645,31.035175323486328,107000,0.0,0.0
2022-08-23 00:00:00-04:00,31.00951212803,31.787957681266725,30.710111247256204,30.855533599853516,62600,0.0,0.0
2022-08-24 00:00:00-04:00,30.701556302508525,30.932524104032794,30.3935992338095,30.78710174560547,46800,0.0,0.0
2022-08-25 00:00:00-04:00,30.73577186907245,31.28324960549057,30.350825565895736,31.103609085083008,63500,0.0,0.0
2022-08-26 00:00:00-04:00,31.300361734483353,31.300361734483353,30.436373959589226,30.479145050048828,88100,0.0,0.0
2022-08-29 00:00:00-04:00,30.41071348536335,30.43637875426221,29.9402248897411,29.982995986938477,76900,0.0,0.0
2022-08-30 00:00:00-04:00,30.162634258102983,30.23107061899207,29.84612424705419,30.154081344604492,68200,0.0,0.0
2022-08-31 00:00:00-04:00,30.402156043209565,30.41926513218545,29.726361713174885,29.77768898010254,108700,0.0,0.0
2022-09-01 00:00:00-04:00,29.606601389774337,29.86323119827632,29.17032777841841,29.503950119018555,120400,0.0,0.0
2022-09-02 00:00:00-04:00,29.606599293209904,30.1369679616531,29.17888188825333,29.358522415161133,110900,0.0,0.0
2022-09-06 00:00:00-04:00,29.324305815370195,29.426960347597927,28.588631317196498,29.093338012695312,234700,0.0,0.0
2022-09-07 00:00:00-04:00,28.870929371542474,29.238766658667558,28.545863178989418,28.905147552490234,224700,0.0,0.0
2022-09-08 00:00:00-04:00,28.828156174804757,30.333720131240938,28.725504902672203,30.273839950561523,132900,0.0,0.0
2022-09-09 00:00:00-04:00,30.3166091093042,31.33457864240802,30.3166091093042,30.547576904296875,104400,0.0,0.0
2022-09-12 00:00:00-04:00,30.57324442167377,30.804208970466004,30.316611343948825,30.51336097717285,93800,0.0,0.0
2022-09-13 00:00:00-04:00,30.102749786082615,30.34227375185118,29.13611080040264,29.358522415161133,179200,0.0,0.0
2022-09-14 00:00:00-04:00,29.35852493736859,29.40985220513387,28.657068594035287,28.785385131835938,123500,0.0,0.0
2022-09-15 00:00:00-04:00,28.793937592488547,29.563830280746952,28.793937592488547,29.47828483581543,143700,0.0,0.0
2022-09-16 00:00:00-04:00,29.144669702264817,29.85468230675682,28.657072021465094,29.461179733276367,463600,0.0,0.0
2022-09-19 00:00:00-04:00,29.22165633309404,30.068538328016956,29.22165633309404,29.940221786499023,86100,0.0,0.0
2022-09-20 00:00:00-04:00,29.606603945792646,29.69214613493671,28.89659137564062,28.905147552490234,148000,0.0,0.0
2022-09-21 00:00:00-04:00,28.939365486283222,29.084787859231227,28.229352922195012,28.366222381591797,258300,0.0,0.0
2022-09-22 00:00:00-04:00,28.554419439543192,28.614299624764634,27.647657221121474,27.664766311645508,117300,0.0,0.0
2022-09-23 00:00:00-04:00,27.399578830286544,27.399578830286544,26.193417382216737,26.681015014648438,193700,0.0,0.0
2022-09-26 00:00:00-04:00,26.621133701251388,27.67331656139089,26.621133701251388,26.766557693481445,208200,0.0,0.0
2022-09-27 00:00:00-04:00,26.963310034404508,27.211385321639042,26.12498417440649,26.28751564025879,123900,0.0,0.0
2022-09-28 00:00:00-04:00,26.21052454833037,26.287513819079354,25.68871037411372,25.740036010742188,206500,0.0,0.0
2022-09-29 00:00:00-04:00,25.59460973876575,25.59460973876575,24.439772411800664,24.799055099487305,172300,0.0,0.0
2022-09-30 00:00:00-04:00,24.9359247215615,25.414967764772282,24.61941475129475,24.645076751708984,236600,0.0,0.0
2022-10-03 00:00:00-04:00,25.158338689454517,25.663045379105935,24.645077455549902,25.414968490600586,172100,0.0,0.0
2022-10-04 00:00:00-04:00,25.791360116775525,26.612578412158427,25.791360116775525,26.40727424621582,198400,0.0,0.0
2022-10-05 00:00:00-04:00,26.124981735958304,26.278958642139248,25.491958495782356,25.77425193786621,129000,0.0,0.0
2022-10-06 00:00:00-04:00,25.765696803581893,25.87690260928258,25.09845707454059,25.260990142822266,93100,0.0,0.0
2022-10-07 00:00:00-04:00,25.089902374786085,25.32087016012736,24.33712047601485,24.431217193603516,99100,0.0,0.0
2022-10-10 00:00:00-04:00,24.60230776126577,24.824721029626133,24.46543830867671,24.491100311279297,98100,0.0,0.0
2022-10-11 00:00:00-04:00,24.345674724937883,25.27809882960047,24.345674724937883,25.0300235748291,130900,0.0,0.0
2022-10-12 00:00:00-04:00,25.03857914957594,25.269546957106133,24.559534445451273,25.08990478515625,113800,0.0,0.0
2022-10-13 00:00:00-04:00,25.021470998174536,26.321732446760716,24.456884090796017,26.261852264404297,118800,0.0,0.0
2022-10-14 00:00:00-04:00,26.35594843553425,26.783665879422365,25.81702517414475,25.885459899902344,101300,0.0,0.0
2022-10-17 00:00:00-04:00,26.25329620940094,26.792219451221193,26.03943749522247,26.492816925048828,172100,0.0,0.0
2022-10-18 00:00:00-04:00,26.75800470842274,27.091623802905374,26.056546708096576,26.236188888549805,98600,0.0,0.0
2022-10-19 00:00:00-04:00,26.013775066442758,26.184862698351004,25.406417073232387,25.85979652404785,83300,0.0,0.0
2022-10-20 00:00:00-04:00,25.740033821506746,25.91112143786709,24.448327049662193,24.65363121032715,103400,0.0,0.0
2022-10-21 00:00:00-04:00,24.910261668945164,25.158336908274602,24.33712029745835,24.722064971923828,194900,0.0,0.0
2022-10-24 00:00:00-04:00,24.867493818556692,25.14123274241358,24.679298716308253,24.781949996948242,155600,0.0,0.0
2022-10-25 00:00:00-04:00,26.68956936297218,27.810186986383997,23.353371968891224,23.952177047729492,265700,0.0,0.0
2022-10-26 00:00:00-04:00,23.8153055363723,23.8153055363723,22.326849144300585,22.446609497070312,214600,0.0,0.0
2022-10-27 00:00:00-04:00,22.763124338752522,23.250721994849055,22.010340675758183,22.07877540588379,214300,0.0,0.0
2022-10-28 00:00:00-04:00,22.378176635163477,22.84866517292865,22.018893915403915,22.72035026550293,116800,0.0,0.0
2022-10-31 00:00:00-04:00,22.660469539519987,23.028306795148954,22.10443719963057,22.207088470458984,133600,0.0,0.0
2022-11-01 00:00:00-04:00,22.27552696030535,22.29263441934048,21.214786182718026,21.249004364013672,190100,0.0,0.0
2022-11-02 00:00:00-04:00,21.308881686697887,21.308881686697887,19.888859985970498,20.068500518798828,236200,0.0,0.0
2022-11-03 00:00:00-04:00,20.145492319944676,20.487667603537826,19.19596063965044,20.43634033203125,209600,0.0,0.0
2022-11-04 00:00:00-04:00,20.941042393874366,21.805031691518984,20.855498592121098,21.74515151977539,158800,0.0,0.0
2022-11-07 00:00:00-05:00,21.814544103844764,22.404361076921592,21.797196156544548,22.395687103271484,156900,0.35,0.0
2022-11-08 00:00:00-05:00,22.360994121015263,22.70794481458127,22.196191921174634,22.387014389038086,137400,0.0,0.0
2022-11-09 00:00:00-05:00,22.144149780273438,22.50844842293052,21.97067360590667,22.144149780273438,116400,0.0,0.0
2022-11-10 00:00:00-05:00,22.8207011193901,23.65338436353197,22.690594827790477,23.453887939453125,135800,0.0,0.0
2022-11-11 00:00:00-05:00,23.453888235827137,24.000335329207225,23.28041207524134,23.835533142089844,108100,0.0,0.0
2022-11-14 00:00:00-05:00,23.75747079513904,23.792166691582864,23.063569410176523,23.080917358398438,309200,0.0,0.0
2022-11-15 00:00:00-05:00,23.410519185430395,24.26922273607416,23.237044673182226,23.523279190063477,103700,0.0,0.0
2022-11-16 00:00:00-05:00,23.419191322348503,23.523277345046626,23.211020931343462,23.393169403076172,123200,0.0,0.0
2022-11-17 00:00:00-05:00,23.158981717663664,23.401846377791507,23.002853490786382,23.167654037475586,147100,0.0,0.0
2022-11-18 00:00:00-05:00,23.73145022538285,23.800840362996603,23.20234939208337,23.237045288085938,118500,0.0,0.0
2022-11-21 00:00:00-05:00,23.21969658561739,23.393171096819454,22.673247822072145,22.881418228149414,102800,0.0,0.0
2022-11-22 00:00:00-05:00,23.072242736816406,23.31510738754213,22.577837807106064,23.072242736816406,120000,0.0,0.0
2022-11-23 00:00:00-05:00,23.193674124371416,23.341128365374768,22.864071402688722,23.219696044921875,89200,0.0,0.0
2022-11-25 00:00:00-05:00,23.115610832734152,23.774817953750624,23.115610832734152,23.714101791381836,100300,0.0,0.0
2022-11-28 00:00:00-05:00,23.384496316035452,23.497256316096884,22.777333066196167,22.950807571411133,118200,0.0,0.0
2022-11-29 00:00:00-05:00,22.846724874805673,23.471236117287308,22.786008710807774,23.158981323242188,103500,0.0,0.0
2022-11-30 00:00:00-05:00,23.063567978281128,23.731449053836954,22.525793197529232,23.679405212402344,204000,0.0,0.0
2022-12-01 00:00:00-05:00,23.688078932819735,23.76614303974608,23.17632607825426,23.592668533325195,136100,0.0,0.0
2022-12-02 00:00:00-05:00,23.28041365123799,23.410519953289405,22.864072822916903,23.158981323242188,71800,0.0,0.0
2022-12-05 00:00:00-05:00,22.95081030096922,22.95081030096922,22.291604786604736,22.612533569335938,173700,0.0,0.0
2022-12-06 00:00:00-05:00,22.569164145142217,23.23704525265072,22.53446824919256,23.211023330688477,195900,0.0,0.0
2022-12-07 00:00:00-05:00,23.13296082212894,23.835536219878783,23.02887478145899,23.66206169128418,272000,0.0,0.0
2022-12-08 00:00:00-05:00,23.705427386672703,24.572804900498106,22.994178090038478,24.486066818237305,253200,0.0,0.0
2022-12-09 00:00:00-05:00,24.364634965035126,25.06721030153762,24.026358257532323,24.277896881103516,212800,0.0,0.0
2022-12-12 00:00:00-05:00,24.1651410391513,24.303921326095,23.618692211717892,23.96564292907715,120000,0.0,0.0
2022-12-13 00:00:00-05:00,24.503417216716404,24.945779991545162,23.33245712503927,23.74012565612793,266700,0.0,0.0
2022-12-14 00:00:00-05:00,23.65338666651411,23.896251326641956,23.158981717663664,23.167654037475586,100400,0.0,0.0
2022-12-15 00:00:00-05:00,22.812028280662467,22.950808552523593,21.857914325215045,22.291603088378906,145600,0.0,0.0
2022-12-16 00:00:00-05:00,22.196191441470564,22.430383774963033,21.675764585173315,21.762502670288086,990600,0.0,0.0
2022-12-19 00:00:00-05:00,21.98802002383104,22.673247390665228,21.788523595268416,22.577836990356445,154100,0.0,0.0
2022-12-20 00:00:00-05:00,22.56049087994987,22.872747335741604,22.23088647563828,22.525794982910156,82200,0.0,0.0
2022-12-21 00:00:00-05:00,22.58651270597986,23.68808096200941,22.560490783311536,22.924789428710938,96800,0.0,0.0
2022-12-22 00:00:00-05:00,22.855399601566706,23.089591945606834,22.43905875953411,23.063570022583008,102400,0.0,0.0
2022-12-23 00:00:00-05:00,22.99417784116416,23.488582753990908,22.95948194687884,23.410518646240234,60800,0.0,0.0
2022-12-27 00:00:00-05:00,23.41051642871838,23.714098857393417,23.089587708935078,23.54062271118164,52100,0.0,0.0
2022-12-28 00:00:00-05:00,23.45388812565098,23.913597136578655,23.401844285084955,23.670732498168945,86400,0.0,0.0
2022-12-29 00:00:00-05:00,23.679402795679565,24.303915594026662,23.315104214774134,24.26054573059082,98500,0.0,0.0
2022-12-30 00:00:00-05:00,24.13044405693444,24.20850817163469,23.67073499746791,23.922273635864258,139300,0.0,0.0
2023-01-03 00:00:00-05:00,24.009010026274456,24.269222620604324,23.670733322767358,24.165138244628906,106300,0.0,0.0
2023-01-04 00:00:00-05:00,24.25187608663791,24.9110832390049,24.199833895616983,24.642196655273438,161000,0.0,0.0
2023-01-05 00:00:00-05:00,24.55545540684213,24.55545540684213,23.158978822509347,23.445213317871094,135400,0.0,0.0
2023-01-06 00:00:00-05:00,23.74879492845747,24.225853540194286,23.66205850304284,24.182483673095703,72600,0.0,0.0
2023-01-09 00:00:00-05:00,24.451370752610007,24.451370752610007,23.982986136002573,24.11309242248535,68300,0.0,0.0
2023-01-10 00:00:00-05:00,23.974314551887982,24.494741404067845,23.861556200204834,24.468719482421875,80000,0.0,0.0
2023-01-11 00:00:00-05:00,24.538110410451093,24.772301079462686,24.329938353387654,24.668216705322266,111800,0.0,0.0
2023-01-12 00:00:00-05:00,24.919754855137754,25.153947174157956,24.737606376605108,24.876386642456055,275900,0.0,0.0
2023-01-13 00:00:00-05:00,24.555455412219654,24.876385800127636,24.208504759340226,24.650867462158203,178300,0.0,0.0
2023-01-17 00:00:00-05:00,24.798322338467173,24.937102603212008,24.321265385205706,24.390655517578125,88800,0.0,0.0
2023-01-18 00:00:00-05:00,24.27789940189624,24.633524093988417,23.90492676033822,23.96564292907715,76000,0.0,0.0
2023-01-19 00:00:00-05:00,23.69675235492467,24.22585314413853,23.54062414470476,24.173810958862305,67900,0.0,0.0
2023-01-20 00:00:00-05:00,24.520763417626714,25.162622597777638,24.286571085109234,25.084558486938477,93300,0.0,0.0
2023-01-23 00:00:00-05:00,25.153946585390543,25.526919161531687,24.754953744005928,25.431507110595703,91900,0.0,0.0
2023-01-24 00:00:00-05:00,25.43150758041264,25.578961818950827,24.997818838169884,25.492223739624023,99100,0.0,0.0
2023-01-25 00:00:00-05:00,25.327423850158898,25.466204118839936,25.015167418430913,25.232011795043945,141100,0.0,0.0
2023-01-26 00:00:00-05:00,25.266706975968944,25.457531093305274,24.720259854486184,25.084558486938477,100200,0.0,0.0
2023-01-27 00:00:00-05:00,25.232011296134747,25.500897854588686,24.893734604712332,25.414159774780273,280200,0.0,0.0
2023-01-30 00:00:00-05:00,23.766144244727407,23.913598492576526,21.320139848729003,23.263065338134766,907400,0.0,0.0
2023-01-31 00:00:00-05:00,22.976831317624963,24.208507516414276,22.742638979862797,23.913599014282227,341200,0.0,0.0
2023-02-01 00:00:00-05:00,23.8528833390624,25.21466586862624,23.818187441915875,25.127927780151367,361700,0.0,0.0
2023-02-02 00:00:00-05:00,25.33609552771403,25.85652234928359,25.03251473165711,25.492223739624023,191900,0.0,0.0
2023-02-03 00:00:00-05:00,25.405486758971026,26.151430254325806,25.153946499864595,25.804479598999023,174700,0.0,0.0
2023-02-06 00:00:00-05:00,25.71774454489796,25.726418519099727,24.87638890002346,25.04119110107422,123700,0.0,0.0
2023-02-07 00:00:00-05:00,24.935826012923698,25.172892369565893,24.584617526061653,24.85680389404297,167300,0.35,0.0
2023-02-08 00:00:00-05:00,24.68998044850276,24.874364272652556,23.574892058177184,24.716320037841797,92100,0.0,0.0
2023-02-09 00:00:00-05:00,24.71631850024251,24.89192356681768,24.145604545914253,24.2421875,107200,0.0,0.0
2023-02-10 00:00:00-05:00,24.136827805680582,24.435355459563688,24.05780568114127,24.259750366210938,73000,0.0,0.0
2023-02-13 00:00:00-05:00,24.259746368401196,24.505593123642637,24.02268170854389,24.479251861572266,65600,0.0,0.0
2023-02-14 00:00:00-05:00,24.338770461863035,24.479253854956784,23.917320282581787,24.171947479248047,89500,0.0,0.0
2023-02-15 00:00:00-05:00,24.057804045205557,24.6285180477519,24.057804045205557,24.584617614746094,60500,0.0,0.0
2023-02-16 00:00:00-05:00,24.250969055341148,24.59339710901925,23.451967472268734,23.487089157104492,98200,0.0,0.0
2023-02-17 00:00:00-05:00,23.478311985498518,23.838300931420104,23.302708561097006,23.61879539489746,195800,0.0,0.0
2023-02-21 00:00:00-05:00,23.495872146857998,24.13682789293223,22.512486634977485,22.828575134277344,122700,0.0,0.0
2023-02-22 00:00:00-05:00,22.81979459753976,23.241244811360787,22.67053077080803,22.81101417541504,103200,0.0,0.0
2023-02-23 00:00:00-05:00,22.82857264427667,23.04807815047164,22.398342053097824,22.670528411865234,67000,0.0,0.0
2023-02-24 00:00:00-05:00,22.556385109678008,23.293923706021825,22.266637923592512,22.35443878173828,68800,0.0,0.0
2023-02-27 00:00:00-05:00,22.53882233998757,22.71442739064424,22.152492233359226,22.319316864013672,97200,0.0,0.0
2023-02-28 00:00:00-05:00,22.345660340362155,22.565165838107585,22.117374421743627,22.152494430541992,104900,0.0,0.0
2023-03-01 00:00:00-05:00,21.994452667256805,22.328101999022145,21.871530110656014,22.275421142578125,108600,0.0,0.0
2023-03-02 00:00:00-05:00,21.994449799122517,22.055912744102216,21.502757962143026,21.774944305419922,136800,0.0,0.0
2023-03-03 00:00:00-05:00,21.827629982729665,21.924211275118225,21.616904879298826,21.85396957397461,105600,0.0,0.0
2023-03-06 00:00:00-05:00,21.818848291655502,22.029573382829504,21.406176856082354,21.485198974609375,160400,0.0,0.0
2023-03-07 00:00:00-05:00,21.344716422102504,21.344716422102504,20.39645263708294,20.572057723999023,181300,0.0,0.0
2023-03-08 00:00:00-05:00,20.484253745994394,20.791561789229135,19.922320186726832,20.74765968322754,150400,0.0,0.0
2023-03-09 00:00:00-05:00,20.624738505616634,20.624738505616634,19.351607491508474,19.44818878173828,165100,0.0,0.0
2023-03-10 00:00:00-05:00,19.16722109027277,19.6940346498729,17.981890999846,18.35066032409668,381700,0.0,0.0
2023-03-13 00:00:00-04:00,17.929208337915615,18.254077197221868,15.900978096455619,17.551658630371094,385700,0.0,0.0
2023-03-14 00:00:00-04:00,18.728206620342668,19.272580922428062,16.673635288600956,17.165327072143555,242200,0.0,0.0
2023-03-15 00:00:00-04:00,16.375110703313776,18.096034771740523,16.120485182675196,18.025793075561523,278500,0.0,0.0
2023-03-16 00:00:00-04:00,17.815066038950803,18.464802076231607,16.752658616386526,17.73604393005371,265300,0.0,0.0
2023-03-17 00:00:00-04:00,17.165328870298897,17.56921984796746,16.269747732274524,16.585834503173828,489700,0.0,0.0
2023-03-20 00:00:00-04:00,16.93704445076659,17.18288952832147,15.865856585326643,15.96243953704834,307200,0.0,0.0
2023-03-21 00:00:00-04:00,16.436573044495393,17.376058094545307,16.313650486880782,16.691200256347656,267600,0.0,0.0
2023-03-22 00:00:00-04:00,16.691199666884344,16.85802432825137,15.707814216613768,15.70781421661377,224100,0.0,0.0
2023-03-23 00:00:00-04:00,15.980001142829027,15.980001142829027,15.031737445487806,15.084418296813965,147500,0.0,0.0
2023-03-24 00:00:00-04:00,15.058079751006362,16.032684887223382,14.908815916402803,15.936101913452148,208400,0.0,0.0
2023-03-27 00:00:00-04:00,16.31364876750032,16.471692996173005,16.059023257178616,16.217065811157227,189900,0.0,0.0
2023-03-28 00:00:00-04:00,16.094144183500514,16.506813946007753,16.05024375067636,16.462913513183594,169500,0.0,0.0
2023-03-29 00:00:00-04:00,16.46291172359887,16.55949467494606,16.1380428620545,16.480472564697266,134000,0.0,0.0
2023-03-30 00:00:00-04:00,16.62973841469563,16.76144138978146,15.900980166213575,15.99756145477295,215300,0.0,0.0
2023-03-31 00:00:00-04:00,16.076582932105648,16.076582932105648,15.637571916239455,15.795616149902344,162400,0.0,0.0
2023-04-03 00:00:00-04:00,15.89219773187716,16.155603648689155,15.444406333541586,15.699031829833984,155700,0.0,0.0
2023-04-04 00:00:00-04:00,15.672692419111767,15.742934109363999,15.05807637338425,15.725373268127441,199600,0.0,0.0
2023-04-05 00:00:00-04:00,15.576110489844773,15.892198954083463,15.312704552775266,15.453187942504883,100300,0.0,0.0
2023-04-06 00:00:00-04:00,15.558549720246937,16.19072665168201,15.453188014803834,16.032682418823242,148700,0.0,0.0
2023-04-10 00:00:00-04:00,16.032680343135446,16.515591725732953,15.936097396738386,16.252185821533203,199800,0.0,0.0
2023-04-11 00:00:00-04:00,16.462914183758794,16.612178006012645,16.076583995332204,16.348772048950195,128400,0.0,0.0
2023-04-12 00:00:00-04:00,16.559497591669693,16.559497591669693,15.874639740450025,15.909761428833008,116000,0.0,0.0
2023-04-13 00:00:00-04:00,15.971219077135098,16.331207927731906,15.848294870440505,16.252185821533203,139100,0.0,0.0
2023-04-14 00:00:00-04:00,16.480474934838735,16.480474934838735,15.65513370615145,15.760497093200684,109500,0.0,0.0
2023-04-17 00:00:00-04:00,15.778055227187236,16.09414369290726,15.31270462453733,16.06780242919922,171800,0.0,0.0
2023-04-18 00:00:00-04:00,16.181946996965753,16.181946996965753,15.365386204978671,15.681474685668945,122400,0.0,0.0
2023-04-19 00:00:00-04:00,15.813176912006977,16.155604966738235,15.400507162082281,16.032682418823242,120100,0.0,0.0
2023-04-20 00:00:00-04:00,15.87463767651914,15.988779799535164,15.470748360791914,15.637571334838867,159900,0.0,0.0
2023-04-21 00:00:00-04:00,15.707813339286396,15.778055033618648,15.14587978462838,15.400506973266602,105500,0.0,0.0
2023-04-24 00:00:00-04:00,15.32148427254356,15.523428926697976,15.16344004765957,15.277582168579102,161900,0.0,0.0
2023-04-25 00:00:00-04:00,12.59083580819701,12.880583005678778,9.473857492646271,9.895308494567871,809900,0.0,0.0
2023-04-26 00:00:00-04:00,9.3245936442676,10.009450577503875,9.148989409764328,9.62312126159668,639100,0.0,0.0
2023-04-27 00:00:00-04:00,9.71970443796122,9.789946139399191,8.96460572882944,9.07874870300293,334000,0.0,0.0
2023-04-28 00:00:00-04:00,9.09630791592479,9.21045088013791,8.455352236897719,8.56949520111084,383400,0.0,0.0
2023-05-01 00:00:00-04:00,8.569495210226538,8.569495210226538,6.936374117871964,7.041737079620361,834200,0.0,0.0
2023-05-02 00:00:00-04:00,6.962714851568219,6.962714851568219,5.759824718362826,6.023231506347656,1422600,0.0,0.0
2023-05-03 00:00:00-04:00,6.01445067382344,6.198835329081878,4.925703584367445,4.9520440101623535,1281500,0.0,0.0
2023-05-04 00:00:00-04:00,4.697417646626136,5.285692457416098,4.179384947975924,5.224230766296387,1430200,0.0,0.0
2023-05-05 00:00:00-04:00,5.4173961119771255,5.803725863967596,5.338373993552802,5.566659927368164,726400,0.0,0.0
2023-05-08 00:00:00-04:00,5.707143275576015,5.952989631663337,5.31203352396709,5.417396068572998,604900,0.0,0.0
2023-05-09 00:00:00-04:00,5.381696667961187,5.658367580245921,5.256748184551857,5.5066447257995605,623300,0.1,0.0
2023-05-10 00:00:00-04:00,5.595893135014168,5.720841188308082,5.3370719546913055,5.488794803619385,454000,0.0,0.0
2023-05-11 00:00:00-04:00,5.408470814787415,5.7743903246444725,5.319222205745564,5.613742828369141,405800,0.0,0.0
2023-05-12 00:00:00-04:00,5.613743385839811,5.702992003744463,5.319222733968972,5.363847255706787,274100,0.0,0.0
2023-05-15 00:00:00-04:00,5.354922450385852,5.827940787421176,5.354922450385852,5.622668743133545,387800,0.0,0.0
2023-05-16 00:00:00-04:00,5.622667998356686,5.694066886812996,5.345996667232068,5.390621185302734,370400,0.0,0.0
2023-05-17 00:00:00-04:00,5.578043224781619,5.952887797578292,5.45309517570637,5.87256383895874,482800,0.0,0.0
2023-05-18 00:00:00-04:00,5.854714219542383,5.997511992398975,5.6405175602574955,5.711916446685791,515700,0.0,0.0
2023-05-19 00:00:00-04:00,5.8368645934379,5.881489110971196,5.399546194123731,5.488794803619385,470100,0.0,0.0
2023-05-22 00:00:00-04:00,5.524493955367657,5.97966205251869,5.41739562963458,5.881488800048828,419600,0.0,0.0
2023-05-23 00:00:00-04:00,5.899339477871957,6.818600894540623,5.899339477871957,6.15816068649292,878500,0.0,0.0
2023-05-24 00:00:00-04:00,6.149235357180711,6.149235357180711,5.720841576929501,5.926113605499268,526700,0.0,0.0
2023-05-25 00:00:00-04:00,6.015362154819005,6.024287229062049,5.462020318879226,5.497719764709473,446000,0.0,0.0
2023-05-26 00:00:00-04:00,5.09610120280258,5.14965037592415,4.7837308134745875,5.131800651550293,1747000,0.0,0.0
2023-05-30 00:00:00-04:00,5.185349208399971,5.399546301000209,4.810504615527765,5.015776634216309,759100,0.0,0.0
2023-05-31 00:00:00-04:00,4.926527985877497,5.015776596468024,4.551683395826338,4.676631450653076,923000,0.0,0.0
2023-06-01 00:00:00-04:00,4.721255943238815,4.935453033070351,4.515983927203608,4.712331295013428,4323500,0.0,0.0
2023-06-02 00:00:00-04:00,4.837279145583898,5.194273996564692,4.774804908351709,5.033626079559326,1036900,0.0,0.0
2023-06-05 00:00:00-04:00,5.105025167680766,5.105025167680766,4.712331284111503,5.051476001739502,541800,0.0,0.0
2023-06-06 00:00:00-04:00,5.02470147081274,5.622667776384148,4.997926675913171,5.5601935386657715,701200,0.0,0.0
2023-06-07 00:00:00-04:00,5.694067055610849,6.068911656689507,5.5691185715373255,5.997512340545654,571100,0.0,0.0
2023-06-08 00:00:00-04:00,5.952888759416944,6.193860248639667,5.783316166916362,6.149235725402832,652100,0.0,0.0
2023-06-09 00:00:00-04:00,6.131385261649917,6.238483593814846,5.711916581218473,5.827939987182617,653300,0.0,0.0
2023-06-12 00:00:00-04:00,5.819015217666911,6.113535859306786,5.586968819175571,5.774390697479248,490900,0.0,0.0
2023-06-13 00:00:00-04:00,5.792240217855844,6.41698135077791,5.667292161499811,6.068911552429199,576000,0.0,0.0
2023-06-14 00:00:00-04:00,6.068911484840086,6.533004685993437,5.854714393615723,5.854714393615723,744700,0.0,0.0
2023-06-15 00:00:00-04:00,5.827939750992482,6.193859250511766,5.756540440205202,6.12246036529541,388800,0.0,0.0
2023-06-16 00:00:00-04:00,6.16708474381243,6.2563337800723,5.810090301056733,5.854714393615723,979300,0.0,0.0
2023-06-20 00:00:00-04:00,5.845790094755372,5.845790094755372,5.631592990727707,5.738691329956055,307100,0.0,0.0
2023-06-21 00:00:00-04:00,5.720841121838601,5.8725639690038385,5.586968421936035,5.586968421936035,168100,0.0,0.0
2023-06-22 00:00:00-04:00,5.578043413115037,5.604818208749203,5.399546194123731,5.488794803619385,308000,0.0,0.0
2023-06-23 00:00:00-04:00,5.381696701049805,5.4798699628837975,5.256748216872248,5.381696701049805,661300,0.0,0.0
2023-06-26 00:00:00-04:00,5.372771781331138,5.613743256925504,5.35492205816011,5.462020397186279,331300,0.0,0.0
2023-06-27 00:00:00-04:00,5.506645044354229,5.52449476793516,5.301373010388041,5.363847255706787,259000,0.0,0.0
2023-06-28 00:00:00-04:00,5.354921617300864,5.381696412638579,5.167499326649659,5.337071895599365,325400,0.0,0.0
2023-06-29 00:00:00-04:00,5.354921614372511,5.622667865319511,5.354921614372511,5.586968421936035,346900,0.0,0.0
2023-06-30 00:00:00-04:00,5.631592891902728,5.631592891902728,5.229973914058679,5.283523082733154,501000,0.0,0.0
2023-07-03 00:00:00-04:00,5.30137260019119,5.676217191957882,5.30137260019119,5.66729211807251,237000,0.0,0.0
2023-07-05 00:00:00-04:00,5.533418895581741,5.801165149639639,5.3816964722246015,5.488794803619385,403500,0.0,0.0
2023-07-06 00:00:00-04:00,5.381696899912318,5.44417071873865,5.185349517847061,5.3995466232299805,291100,0.0,0.0
2023-07-07 00:00:00-04:00,5.399546501461777,5.6315928993583775,5.399546501461777,5.497719764709473,502800,0.0,0.0
2023-07-10 00:00:00-04:00,5.551268947682862,5.899339183776319,5.4530956841835465,5.774390697479248,667900,0.0,0.0
2023-07-11 00:00:00-04:00,5.774390313301576,6.256333652322743,5.667291982661734,6.202784061431885,529800,0.0,0.0
2023-07-12 00:00:00-04:00,6.327732523709065,6.595478349644065,6.23848348949313,6.390206336975098,582300,0.0,0.0
2023-07-13 00:00:00-04:00,6.51515515111217,6.533004873762986,6.2117094404773425,6.5240797996521,423600,0.0,0.0
2023-07-14 00:00:00-04:00,6.631178417097356,6.631178417097356,6.104611363756317,6.292033672332764,466500,0.0,0.0
2023-07-17 00:00:00-04:00,6.247409338368664,6.622253966762142,6.247409338368664,6.461606025695801,342700,0.0,0.0
2023-07-18 00:00:00-04:00,6.4705308202767995,7.3630178299701505,6.4705308202767995,7.282693862915039,625900,0.0,0.0
2023-07-19 00:00:00-04:00,7.363018160310035,7.934210178551258,7.157746547419237,7.8181867599487305,747000,0.0,0.0
2023-07-20 00:00:00-04:00,7.577215340573855,7.8806610933936,7.345168488283222,7.72001314163208,510300,0.0,0.0
2023-07-21 00:00:00-04:00,7.755711554192416,7.844960593483417,7.371942727981718,7.452266693115234,485100,0.0,0.0
2023-07-24 00:00:00-04:00,7.4701162022937675,8.014532974222307,7.4701162022937675,7.960984230041504,380800,0.0,0.0
2023-07-25 00:00:00-04:00,8.032383307617991,8.273355215394671,7.764637027135665,7.791411399841309,654600,0.0,0.0
2023-07-26 00:00:00-04:00,8.014533067477332,8.746373005980017,7.934209950271506,8.69282341003418,456400,0.0,0.0
2023-07-27 00:00:00-04:00,8.889169581623321,9.424662063500396,8.746371813427258,8.987342834472656,1054300,0.0,0.0
2023-07-28 00:00:00-04:00,9.040893347320715,9.612085329636798,8.835620896198558,8.960569381713867,914500,0.0,0.0
2023-07-31 00:00:00-04:00,8.701747292057272,9.817355919244102,8.094855926502248,8.2108793258667,2142300,0.0,0.0
2023-08-01 00:00:00-04:00,8.166255950927734,8.255504994022598,7.675388767331846,8.166255950927734,1018800,0.0,0.0
2023-08-02 00:00:00-04:00,8.23765486742477,8.523251295422464,7.532590148705703,8.416152954101562,953400,0.0,0.0
2023-08-03 00:00:00-04:00,8.371527390284152,9.50498533318579,8.300128504958467,9.41573715209961,944200,0.0,0.0
2023-08-04 00:00:00-04:00,9.415738071165924,9.66563419419808,9.308639732723572,9.38896369934082,970500,0.0,0.0
2023-08-07 00:00:00-04:00,9.44251117796229,10.201125370890246,9.344337926994715,9.906604766845703,655900,0.0,0.0
2023-08-08 00:00:00-04:00,9.528352770924762,9.9966654210518,9.393263045861708,9.852568626403809,517900,0.1,0.0
2023-08-09 00:00:00-04:00,9.789526422530384,9.789526422530384,9.456304371550798,9.483322143554688,480800,0.0,0.0
2023-08-10 00:00:00-04:00,9.519346375064451,9.636424535318996,9.366244231568471,9.39326286315918,411600,0.0,0.0
2023-08-11 00:00:00-04:00,9.321214977232504,9.672448602152075,9.213142167694695,9.591394424438477,399700,0.0,0.0
2023-08-14 00:00:00-04:00,9.474317133487355,9.474317133487355,8.8709147640906,8.91594409942627,829300,0.0,0.0
2023-08-15 00:00:00-04:00,8.735824873872279,8.825885269441105,8.429620559593774,8.744831085205078,541400,0.0,0.0
2023-08-16 00:00:00-04:00,8.690794209311148,8.96998073347592,8.61874624027757,8.762842178344727,252200,0.0,0.0
2023-08-17 00:00:00-04:00,8.834890671020633,8.960974182605424,8.492662401657112,8.87992000579834,465000,0.0,0.0
2023-08-18 00:00:00-04:00,8.717813685550052,8.924951401848057,8.573717733537592,8.726819038391113,449800,0.0,0.0
2023-08-21 00:00:00-04:00,8.753837208344622,8.753837208344622,8.366578713731647,8.483656883239746,535000,0.0,0.0
2023-08-22 00:00:00-04:00,8.465644370047663,8.510674566895913,8.105404513020787,8.222482681274414,570600,0.0,0.0
2023-08-23 00:00:00-04:00,8.204470472490108,8.312542432410552,8.069380737309451,8.294530868530273,276400,0.0,0.0
2023-08-24 00:00:00-04:00,8.258506367388339,8.51067425815941,8.222482382992471,8.438626289367676,446400,0.0,0.0
2023-08-25 00:00:00-04:00,8.492663610254773,8.555705375018693,8.096398880333947,8.276518821716309,414800,0.0,0.0
2023-08-28 00:00:00-04:00,8.339560938885032,8.519680869328425,8.276518319070163,8.483656883239746,302800,0.0,0.0
2023-08-29 00:00:00-04:00,8.483656484582394,8.528686679797113,8.348566757817775,8.438626289367676,296400,0.0,0.0
2023-08-30 00:00:00-04:00,8.44763376670452,8.573718160433124,8.231489827923768,8.546699523925781,188000,0.0,0.0
2023-08-31 00:00:00-04:00,8.546698461944118,8.735824599597066,8.465644280252917,8.510674476623535,780100,0.0,0.0
2023-09-01 00:00:00-04:00,8.609740172477913,9.438291747476718,8.555703770755649,9.249166488647461,412400,0.0,0.0
2023-09-05 00:00:00-04:00,9.195131026557002,9.303202982165717,8.924950708095434,8.96097469329834,167200,0.0,0.0
2023-09-06 00:00:00-04:00,8.9069397591944,9.033023286660049,8.393596861051234,8.465644836425781,228200,0.0,0.0
2023-09-07 00:00:00-04:00,8.393596488578261,8.537692432932975,8.285524530312227,8.483656883239746,217700,0.0,0.0
2023-09-08 00:00:00-04:00,8.519680651486604,8.519680651486604,8.321548303625178,8.411608695983887,147500,0.0,0.0
2023-09-11 00:00:00-04:00,8.474649530830193,8.52868593212664,8.285523414611816,8.285523414611816,198900,0.0,0.0
2023-09-12 00:00:00-04:00,8.312542432410552,8.564711197771178,8.231489106629912,8.294530868530273,209400,0.0,0.0
2023-09-13 00:00:00-04:00,8.339561309173613,8.501668824330686,8.033356984384143,8.14142894744873,268200,0.0,0.0
2023-09-14 00:00:00-04:00,8.249501393382332,8.636759927857593,8.249501393382332,8.546699523925781,313400,0.0,0.0
2023-09-15 00:00:00-04:00,8.510673512068005,8.61874545578144,8.1864576809277,8.285523414611816,356800,0.0,0.0
2023-09-18 00:00:00-04:00,8.249500970877449,8.249500970877449,7.8712486679438,8.015344619750977,255100,0.0,0.0
2023-09-19 00:00:00-04:00,7.799200503311067,8.12341724591127,7.799200503311067,8.006339073181152,193200,0.0,0.0
2023-09-20 00:00:00-04:00,8.222482295031515,8.393596004361493,7.727151870727539,7.727151870727539,383400,0.0,0.0
2023-09-21 00:00:00-04:00,7.6641101601095905,7.745164339346775,7.204803717018569,7.357905864715576,363800,0.0,0.0
2023-09-22 00:00:00-04:00,7.402936507096438,7.520014677638791,7.114744186401367,7.114744186401367,237500,0.0,0.0
2023-09-25 00:00:00-04:00,7.087725928333814,7.330888478903232,6.979653969929487,7.096732139587402,271500,0.0,0.0
2023-09-26 00:00:00-04:00,6.97965402321199,7.186792159788131,6.934623825479867,6.970647811889648,229300,0.0,0.0
2023-09-27 00:00:00-04:00,6.979653505627991,7.2228160400217165,6.781521595066884,6.871581554412842,260600,0.0,0.0
2023-09-28 00:00:00-04:00,6.835557799113587,6.961641746411557,6.664443655917884,6.718479633331299,211400,0.0,0.0
2023-09-29 00:00:00-04:00,6.925617963936013,7.114744105131856,6.7905278017332975,7.0156779289245605,218700,0.0,0.0
2023-10-02 00:00:00-04:00,7.006672573058846,7.042696561244048,6.700468244044814,6.8355584144592285,234200,0.0,0.0
2023-10-03 00:00:00-04:00,6.916612102988572,6.916612102988572,6.295197668938221,6.430287837982178,225400,0.0,0.0
2023-10-04 00:00:00-04:00,6.421281360467579,6.448299133687071,6.196131246252921,6.35823917388916,220100,0.0,0.0
2023-10-05 00:00:00-04:00,6.583389288103818,6.583389288103818,6.241161011431995,6.35823917388916,243700,0.0,0.0
2023-10-06 00:00:00-04:00,6.349234080817044,6.3672460747289295,6.151101718346489,6.268179893493652,168200,0.0,0.0
2023-10-09 00:00:00-04:00,6.17811903662821,6.313209186285513,6.05203466791353,6.061040878295898,233200,0.0,0.0
2023-10-10 00:00:00-04:00,6.232155291703996,6.304203260253675,6.097065135953463,6.151101112365723,256600,0.0,0.0
2023-10-11 00:00:00-04:00,6.169112998450834,6.277184949417505,5.619746603543955,5.889926910400391,230400,0.0,0.0
2023-10-12 00:00:00-04:00,5.8539033407481265,5.8539033407481265,5.619747000987102,5.709807395935059,397400,0.0,0.0
2023-10-13 00:00:00-04:00,5.75483691351137,5.8268848827822834,5.538693005698629,5.556704998016357,209900,0.0,0.0
2023-10-16 00:00:00-04:00,5.610740751973454,5.6737829372998085,5.385590642230442,5.484656810760498,331600,0.0,0.0
2023-10-17 00:00:00-04:00,5.466645426847202,5.583723170554065,5.286525061366224,5.295531272888184,408700,0.0,0.0
2023-10-18 00:00:00-04:00,5.223483002076775,5.304536753976188,4.962308894916914,5.124416828155518,401500,0.0,0.0
2023-10-19 00:00:00-04:00,5.124416828155518,5.340560739140322,5.0613746393983945,5.124416828155518,188100,0.0,0.0
2023-10-20 00:00:00-04:00,5.115410527646388,5.115410527646388,4.62008052558585,4.638092517852783,423900,0.0,0.0
2023-10-23 00:00:00-04:00,4.602068960372689,4.791195111445526,4.448966797176601,4.475984573364258,404400,0.0,0.0
2023-10-24 00:00:00-04:00,4.503002612321613,4.566044803492441,4.196798297263009,4.259840488433838,399500,0.0,0.0
2023-10-25 00:00:00-04:00,4.2238164209193325,4.304870603808037,3.9896600834363154,4.160774230957031,319500,0.0,0.0
2023-10-26 00:00:00-04:00,4.196798056675513,4.665110284332696,4.196798056675513,4.4939961433410645,513900,0.0,0.0
2023-10-27 00:00:00-04:00,4.466978502462497,4.584056670216341,3.7825219181536673,4.061708450317383,1024300,0.0,0.0
2023-10-30 00:00:00-04:00,4.1877925646950525,4.286858743576644,3.953636219963983,4.115744590759277,707200,0.0,0.0
2023-10-31 00:00:00-04:00,4.484990403429516,4.65610454600403,4.097732351986002,4.349900245666504,976300,0.0,0.0
2023-11-01 00:00:00-04:00,4.331888282704483,4.439960237873546,3.9446302286287858,4.430954456329346,527400,0.0,0.0
2023-11-02 00:00:00-04:00,4.466978303220041,5.034356694468016,4.403936116601456,4.926284313201904,655200,0.0,0.0
2023-11-03 00:00:00-04:00,5.160441180164665,5.754837407067045,5.142429186302163,5.718813419342041,662200,0.0,0.0
2023-11-06 00:00:00-05:00,5.736825071728752,5.844897028470946,5.547698932710021,5.835891246795654,493000,0.0,0.0
2023-11-07 00:00:00-05:00,5.835891424682605,5.854185737392517,5.1955896074940435,5.250472545623779,434500,0.1,0.0
2023-11-08 00:00:00-05:00,5.213883996224984,5.277914309728681,5.067529492411767,5.094971179962158,241700,0.0,0.0
2023-11-09 00:00:00-05:00,5.113265614546553,5.232178433637459,4.783967536964358,4.820556163787842,201100,0.0,0.0
2023-11-10 00:00:00-05:00,4.86629197811292,4.902880603528212,4.482110975081529,4.847997665405273,298900,0.0,0.0
2023-11-13 00:00:00-05:00,4.820555776824402,4.921174710597357,4.765672840994827,4.893733024597168,322600,0.0,0.0
2023-11-14 00:00:00-05:00,5.250472085365867,6.320690375507125,5.250472085365867,6.119452953338623,670200,0.0,0.0
2023-11-15 00:00:00-05:00,6.08286468778002,6.366426744637901,6.027981751243412,6.201777935028076,347300,0.0,0.0
2023-11-16 00:00:00-05:00,6.165189129957416,6.165189129957416,5.790155496665469,5.863332748413086,208700,0.0,0.0
2023-11-17 00:00:00-05:00,6.009687880891603,6.274955645072872,5.982246192520406,6.183484077453613,235300,0.0,0.0
2023-11-20 00:00:00-05:00,6.22007209532716,6.22007209532716,5.872479736245234,5.936509609222412,173400,0.0,0.0
2023-11-21 00:00:00-05:00,5.899921689087568,5.954805066997506,5.698684236044246,5.716978549957275,111400,0.0,0.0
2023-11-22 00:00:00-05:00,5.77186082772079,5.799302513518958,5.497446150593097,5.570623397827148,127000,0.0,0.0
2023-11-24 00:00:00-05:00,5.5340349063345755,5.735272341032737,5.5340349063345755,5.680389404296875,42500,0.0,0.0
2023-11-27 00:00:00-05:00,5.68038956828682,5.68038956828682,5.470004753306908,5.634653568267822,160200,0.0,0.0
2023-11-28 00:00:00-05:00,5.607212666479099,5.735272863870304,5.479152032917045,5.716978549957275,144700,0.0,0.0
2023-11-29 00:00:00-05:00,5.817597149794532,6.348132658001962,5.817597149794532,6.018834590911865,218000,0.0,0.0
2023-11-30 00:00:00-05:00,6.01883455715223,6.265807997041823,5.927362993521052,6.1743364334106445,264700,0.0,0.0
2023-12-01 00:00:00-05:00,6.018834646176359,7.015875794930419,6.018834646176359,6.997581481933594,277100,0.0,0.0
2023-12-04 00:00:00-05:00,6.924403880233367,7.171377311302678,6.622547076774604,6.74146032333374,185300,0.0,0.0
2023-12-05 00:00:00-05:00,6.759754773728576,6.787196460484829,6.549369962500015,6.640841960906982,83000,0.0,0.0
2023-12-06 00:00:00-05:00,6.704871654510498,6.970139395885098,6.686577342559519,6.704871654510498,146000,0.0,0.0
2023-12-07 00:00:00-05:00,6.759754883998167,6.851226447726465,6.58595869482899,6.732313632965088,89600,0.0,0.0
2023-12-08 00:00:00-05:00,6.768901911997314,7.134788584353807,6.768901911997314,7.015875339508057,182200,0.0,0.0
2023-12-11 00:00:00-05:00,6.979286907965884,7.015875532591406,6.6682831624781365,6.814637660980225,107800,0.0,0.0
2023-12-12 00:00:00-05:00,6.787196592985459,6.787196592985459,6.59510609045411,6.750607967376709,113400,0.0,0.0
2023-12-13 00:00:00-05:00,6.7689024863260485,8.040358355378986,6.631694918029208,7.91229772567749,425100,0.0,0.0
2023-12-14 00:00:00-05:00,8.44283315175635,9.723436816946014,8.44283315175635,9.147165298461914,470600,0.0,0.0
2023-12-15 00:00:00-05:00,9.17460587227891,9.330107740651568,8.936780255069193,9.01910400390625,706300,0.0,0.0
2023-12-18 00:00:00-05:00,9.055692348247684,9.09228097071638,8.552599007388478,8.799571990966797,239400,0.0,0.0
2023-12-19 00:00:00-05:00,8.909338550950665,9.24778355318093,8.772131424112485,8.790425300598145,163200,0.0,0.0
2023-12-20 00:00:00-05:00,8.781278591505988,9.055692838712984,8.250743100804751,8.259889602661133,205800,0.0,0.0
2023-12-21 00:00:00-05:00,8.634923618778497,8.689806994150832,8.32392073280746,8.516011238098145,127900,0.0,0.0
2023-12-22 00:00:00-05:00,8.625776866818333,8.964221866849696,8.625776866818333,8.891044616699219,158400,0.0,0.0
2023-12-26 00:00:00-05:00,9.000810465476473,9.47646259005689,8.964221840508749,9.449021339416504,188900,0.0,0.0
2023-12-27 00:00:00-05:00,9.558787009231159,10.006997873554603,9.38499126244875,9.997851371765137,425300,0.0,0.0
2023-12-28 00:00:00-05:00,9.997851381921528,10.098469880440756,9.787466138401088,9.86064338684082,171300,0.0,0.0
2023-12-29 00:00:00-05:00,9.796612955995263,9.878937573898497,9.35754861795853,9.421579360961914,236200,0.0,0.0
2024-01-02 00:00:00-05:00,9.284372908167468,9.67770131545029,9.165460520811072,9.339256286621094,152700,0.0,0.0
2024-01-03 00:00:00-05:00,9.202049185417922,9.202049185417922,8.717248769574294,8.744690895080566,126900,0.0,0.0
2024-01-04 00:00:00-05:00,8.753837048703536,9.101429440174932,8.744690546241356,9.046546936035156,133000,0.0,0.0
2024-01-05 00:00:00-05:00,8.881897485606999,9.4032856252946,8.817867608057057,9.320960998535156,361800,0.0,0.0
2024-01-08 00:00:00-05:00,9.238637006651166,9.70514175906107,9.156312382007762,9.485610008239746,138900,0.0,0.0
2024-01-09 00:00:00-05:00,9.384991240128386,9.641111608798134,9.202048119649994,9.476462364196777,146000,0.0,0.0
2024-01-10 00:00:00-05:00,9.513052188362673,9.668554078471251,9.403286302228688,9.622818946838379,200100,0.0,0.0
2024-01-11 00:00:00-05:00,9.668553683332004,9.924674946185734,9.284372661393093,9.888086318969727,203100,0.0,0.0
2024-01-12 00:00:00-05:00,9.933821406778549,10.382033178708737,9.760025646321953,9.851497650146484,195700,0.0,0.0
2024-01-16 00:00:00-05:00,12.495027293473328,14.47081480070567,12.485879919079823,13.601834297180176,5537600,0.0,0.0
2024-01-17 00:00:00-05:00,13.921985862038,13.967721863108771,13.089593957448281,13.37315559387207,887400,0.0,0.0
2024-01-18 00:00:00-05:00,13.528656737396625,13.775630606324684,13.190211743649803,13.34571361541748,538100,0.0,0.0
2024-01-19 00:00:00-05:00,13.55609838397788,13.812219634579085,13.217653380335188,13.67501163482666,351600,0.0,0.0
2024-01-22 00:00:00-05:00,13.720747663009803,13.912838165185606,13.318272782058505,13.848808288574219,641700,0.0,0.0
2024-01-23 00:00:00-05:00,13.857955373362099,14.278725020946027,13.647570985740977,13.976868629455566,770500,0.0,0.0
2024-01-24 00:00:00-05:00,14.178106392103135,14.406785527459638,13.793925374916878,14.251283645629883,280900,0.0,0.0
2024-01-25 00:00:00-05:00,14.361049001146561,14.452521000883312,13.583540492750739,13.812219619750977,365600,0.0,0.0
2024-01-26 00:00:00-05:00,13.976867909702674,14.159811035678828,13.702452784567626,13.739042282104492,297300,0.0,0.0
2024-01-29 00:00:00-05:00,13.8579548059753,14.031751431742942,13.565245801324505,13.711600303649902,867800,0.0,0.0
2024-01-30 00:00:00-05:00,13.647571235118532,13.931132882079881,13.181065577075632,13.354862213134766,700800,0.0,0.0
2024-01-31 00:00:00-05:00,13.126182087238167,13.318272586594782,12.577351839835947,12.586499214172363,311000,0.0,0.0
2024-02-01 00:00:00-05:00,12.641382528775615,12.879209042772967,12.184024250630719,12.302937507629395,284300,0.0,0.0
2024-02-02 00:00:00-05:00,12.001081441010125,12.403557225261125,12.001081441010125,12.138289451599121,237000,0.0,0.0
2024-02-05 00:00:00-05:00,11.99193365575564,12.110846911929686,11.799843145373206,11.845579147338867,304900,0.0,0.0
2024-02-06 00:00:00-05:00,11.845579063382118,12.03766957240309,11.571163925874776,11.772401809692383,490600,0.0,0.0
2024-02-07 00:00:00-05:00,11.808989535701894,11.863872907953317,11.424808546966762,11.461397171020508,441700,0.0,0.0
2024-02-08 00:00:00-05:00,11.324190048904363,11.863872907953317,11.324190048904363,11.461397171020508,358100,0.0,0.0
2024-02-09 00:00:00-05:00,11.534574734592129,11.589458108344582,11.388220234374433,11.507133483886719,134500,0.0,0.0
2024-02-12 00:00:00-05:00,11.598604927601208,12.11999302775928,11.598604927601208,11.973638534545898,508900,0.0,0.0
2024-02-13 00:00:00-05:00,11.433957604800954,11.790697396113769,11.433957604800954,11.662636756896973,814400,0.0,0.0
2024-02-14 00:00:00-05:00,11.891314412724437,12.092552285503121,11.808989788753992,12.028521537780762,332500,0.0,0.0
2024-02-15 00:00:00-05:00,12.065110557753988,12.677970698114596,11.927903428204097,12.668824195861816,239300,0.0,0.0
2024-02-16 00:00:00-05:00,12.458438786805726,12.641381914708715,12.03766915645803,12.385261535644531,218300,0.0,0.0
2024-02-20 00:00:00-05:00,12.165729757925039,12.76944251497304,11.64434075401315,12.732853889465332,107200,0.0,0.0
2024-02-21 00:00:00-05:00,12.623088109470546,12.851767238727831,12.513322232108045,12.595646858215332,134100,0.0,0.0
2024-02-22 00:00:00-05:00,12.53161610883097,12.677970611980971,12.257200979253897,12.595646858215332,215800,0.0,0.0
2024-02-23 00:00:00-05:00,12.531615569535466,13.053004554996534,12.531615569535466,12.787735939025879,203500,0.0,0.0
2024-02-26 00:00:00-05:00,12.696265658650718,13.043858047950486,12.696265658650718,12.851767539978027,164200,0.0,0.0
2024-02-27 00:00:00-05:00,12.924944534335781,13.135328915245234,12.44929152513617,12.632235527038574,153500,0.0,0.0
2024-02-28 00:00:00-05:00,12.504174857575759,12.778589987152833,12.504174857575759,12.595646858215332,81300,0.0,0.0
2024-02-29 00:00:00-05:00,12.952386380871047,13.016416261074193,12.357820964391784,12.760295867919922,135300,0.0,0.0
2024-03-01 00:00:00-05:00,12.705412713525181,13.107887596489109,12.4675862101484,13.0164155960083,218000,0.0,0.0
2024-03-04 00:00:00-05:00,13.071299025757508,13.126182400745222,12.742001392856176,12.842619895935059,146200,0.0,0.0
2024-03-05 00:00:00-05:00,12.796883377138428,13.373154865628948,12.71455875416241,13.34571361541748,134700,0.0,0.0
2024-03-06 00:00:00-05:00,13.199358843925566,13.793924196104975,13.153622846294475,13.684158325195312,157000,0.0,0.0
2024-03-07 00:00:00-05:00,13.684159447611936,13.967721958310095,13.684159447611936,13.830513954162598,83800,0.0,0.0
2024-03-08 00:00:00-05:00,14.150664842425618,14.168958719251616,13.766483833321454,13.995162963867188,100800,0.0,0.0
2024-03-11 00:00:00-04:00,13.8122200770146,14.205547595284086,13.235948553215117,13.830513954162598,123900,0.0,0.0
2024-03-12 00:00:00-04:00,13.81221924662177,14.123222118173551,13.601834001847337,14.077486991882324,105800,0.0,0.0
2024-03-13 00:00:00-04:00,14.050045283006463,14.24213578504729,13.82136615545032,14.059192657470703,90200,0.0,0.0
2024-03-14 00:00:00-04:00,13.931132967308267,14.04089972356541,13.391450922809435,13.42803955078125,80800,0.0,0.0
2024-03-15 00:00:00-04:00,13.382302683439569,13.74818893952707,13.153623555299472,13.501215934753418,226900,0.0,0.0
2024-03-18 00:00:00-04:00,13.4280382383935,13.66586386079558,13.190211743649803,13.34571361541748,105400,0.0,0.0
2024-03-19 00:00:00-04:00,13.309125739501031,13.684159378734845,13.309125739501031,13.546952247619629,94000,0.0,0.0
2024-03-20 00:00:00-04:00,13.281683855480521,14.022603723978358,13.25424173269051,13.803071975708008,132100,0.0,0.0
2024-03-21 00:00:00-04:00,13.848807739037465,13.967720985412598,13.39144950175231,13.967720985412598,108200,0.0,0.0
2024-03-22 00:00:00-04:00,13.976868144889032,14.040898894314346,13.48292126027104,13.784777641296387,59500,0.0,0.0
2024-03-25 00:00:00-04:00,13.748188870998595,13.986015372440836,13.693306369029857,13.812219619750977,38600,0.0,0.0
2024-03-26 00:00:00-04:00,13.912838337296058,14.132370093257965,13.793925084731278,13.995162963867188,64900,0.0,0.0
2024-03-27 00:00:00-04:00,14.031751231707313,14.095781107476457,13.812219481348846,13.912837982177734,109900,0.0,0.0
2024-03-28 00:00:00-04:00,13.830513181839711,14.022603679046163,13.729894682290281,13.766483306884766,153400,0.0,0.0
2024-04-01 00:00:00-04:00,13.26338850088073,13.574392232889828,12.083404317420177,13.364006996154785,173400,0.0,0.0
2024-04-02 00:00:00-04:00,13.098740032455371,13.171917282844603,12.833472281708998,13.007268905639648,53600,0.0,0.0
2024-04-03 00:00:00-04:00,12.888355655671738,13.135328657649987,12.888355655671738,13.007268905639648,44600,0.0,0.0
2024-04-04 00:00:00-04:00,13.107886907895605,13.107886907895605,12.586498800633244,12.815177917480469,105500,0.0,0.0
2024-04-05 00:00:00-04:00,12.796883950817275,12.870061202889437,12.668824195861816,12.668824195861816,48800,0.0,0.0
2024-04-08 00:00:00-04:00,12.879208409800446,13.181064788753455,12.677970533051228,13.117034912109375,84900,0.0,0.0
2024-04-09 00:00:00-04:00,13.117034383393339,13.336566127902795,12.632234896182888,12.751147270202637,42600,0.0,0.0
2024-04-10 00:00:00-04:00,12.641381804103958,12.732853803425948,11.671782798530725,11.927903175354004,205100,0.0,0.0
2024-04-11 00:00:00-04:00,11.891314573017555,12.055963823177892,11.470544945540192,11.580310821533203,219600,0.0,0.0
2024-04-12 00:00:00-04:00,11.443104168088578,12.13828895048273,11.433956793291943,11.772401809692383,230800,0.0,0.0
2024-04-15 00:00:00-04:00,11.873020633827254,12.065111147999486,11.342485094178555,11.43395709991455,60000,0.0,0.0
2024-04-16 00:00:00-04:00,11.251013528847986,11.42480928626417,11.168688901314445,11.278454780578613,54200,0.0,0.0
2024-04-17 00:00:00-04:00,11.26016090353875,11.42480928626417,11.214424902426599,11.278454780578613,37800,0.0,0.0
2024-04-18 00:00:00-04:00,11.360779552585258,11.43395680635862,11.168689043344767,11.177836418151855,64600,0.0,0.0
2024-04-19 00:00:00-04:00,11.095510921363132,11.598605155944824,11.095510921363132,11.598605155944824,53800,0.0,0.0
2024-04-22 00:00:00-04:00,11.662634671045595,11.662634671045595,11.168687825753798,11.379072189331055,101200,0.0,0.0
2024-04-23 00:00:00-04:00,11.433956474069802,12.037669236326023,11.433956474069802,11.863873481750488,68400,0.0,0.0
2024-04-24 00:00:00-04:00,11.61690026286943,11.863874155458108,11.095512097193378,11.223572731018066,174000,0.0,0.0
2024-04-25 00:00:00-04:00,10.83939065938689,11.461397273882875,10.821095911025024,11.186982154846191,236100,0.0,0.0
2024-04-26 00:00:00-04:00,11.177835975004834,11.31504310230487,11.022334098815918,11.022334098815918,167600,0.0,0.0
2024-04-29 00:00:00-04:00,11.031481464150747,11.342484343930115,10.418621334345614,11.232718467712402,352100,0.0,0.0
2024-04-30 00:00:00-04:00,11.122953762689352,11.406516293699143,10.912569362538324,11.205278396606445,172200,0.0,0.0
2024-05-01 00:00:00-04:00,11.040628695562118,11.040628695562118,9.430728199014702,10.034440994262695,614100,0.0,0.0
2024-05-02 00:00:00-04:00,10.034440051363116,10.244824423490073,9.805760930872975,9.897232055664062,184300,0.0,0.0
2024-05-03 00:00:00-04:00,10.189942103427915,10.32714922921368,9.952115604547064,10.043586730957031,131200,0.0,0.0
2024-05-06 00:00:00-04:00,10.061880886697688,10.18079412913056,9.750877156079651,9.778318405151367,167200,0.0,0.0
2024-05-07 00:00:00-04:00,9.677701331131177,10.034441110803511,9.558788071240397,9.58622932434082,89300,0.0,0.0
2024-05-08 00:00:00-04:00,9.439874811349618,9.851497969564509,9.439874811349618,9.58622932434082,58200,0.0,0.0
2024-05-09 00:00:00-04:00,9.577081824428287,9.714288947986951,9.476462452966425,9.549639701843262,63100,0.0,0.0
2024-05-10 00:00:00-04:00,9.577081962974354,9.677700463550188,9.366696715153717,9.449021339416504,73300,0.0,0.0
2024-05-13 00:00:00-04:00,9.522199195498251,9.59537645009188,9.348403433923803,9.366697311401367,51800,0.0,0.0
2024-05-14 00:00:00-04:00,9.549639007939517,9.81490673392835,9.202047537202333,9.211194038391113,75100,0.0,0.0
2024-05-15 00:00:00-04:00,9.320959998188169,9.613669847734299,9.192900256831951,9.284371376037598,127700,0.0,0.0
2024-05-16 00:00:00-04:00,9.32096122589684,9.375844602522431,9.119724213733585,9.293519973754883,106500,0.0,0.0
2024-05-17 00:00:00-04:00,9.357549790787186,9.57708242349146,9.284372537332985,9.394139289855957,91800,0.0,0.0
2024-05-20 00:00:00-04:00,9.366696721827482,9.476462596808863,9.183753596858514,9.23863697052002,59800,0.0,0.0
2024-05-21 00:00:00-04:00,9.202048716690786,9.339255847866355,9.12887059140993,9.183753967285156,47500,0.0,0.0
2024-05-22 00:00:00-04:00,9.138017938366342,9.183753939399882,8.89104492853189,8.93678092956543,109500,0.0,0.0
2024-05-23 00:00:00-04:00,8.92763312002753,9.046546367985831,8.470274876653269,8.644070625305176,63700,0.0,0.0
2024-05-24 00:00:00-04:00,8.735543038506203,8.735543038506203,8.43368665330584,8.552599906921387,53200,0.0,0.0
2024-05-28 00:00:00-04:00,8.68980720461591,8.872750339718435,8.305626184729766,8.314773559570312,87600,0.0,0.0
2024-05-29 00:00:00-04:00,8.11353567044936,8.44283331345787,7.656177396766702,7.738502025604248,183300,0.0,0.0
2024-05-30 00:00:00-04:00,7.75679510536456,8.314772700183696,7.674471357333385,8.04035758972168,326700,0.0,0.0
2024-05-31 00:00:00-04:00,8.159270785750214,8.534304389846502,8.049504916673857,8.351361274719238,142400,0.0,0.0
2024-06-03 00:00:00-04:00,8.488568107242976,8.525156729036807,7.884855411473973,7.994621276855469,151600,0.0,0.0
2024-06-04 00:00:00-04:00,7.875709001763518,8.177565386588979,7.875709001763518,8.168418884277344,41700,0.0,0.0
2024-06-05 00:00:00-04:00,8.168418614585656,8.177565116595307,7.9580333662143286,8.159271240234375,109200,0.0,0.0
2024-06-06 00:00:00-04:00,8.159271610314304,8.177565487504992,7.91229772567749,7.91229772567749,73300,0.0,0.0
2024-06-07 00:00:00-04:00,7.9122972673969745,8.159271137729053,7.564705769831384,7.894003391265869,190800,0.0,0.0
2024-06-10 00:00:00-04:00,7.839119974072858,8.058652592802,7.582999603287413,7.857414722442627,126000,0.0,0.0
2024-06-11 00:00:00-04:00,7.747649247976049,7.793385248912624,7.400056862136402,7.454939365386963,135500,0.0,0.0
2024-06-12 00:00:00-04:00,7.692766189575195,7.866562825831905,7.518970425660182,7.692766189575195,401700,0.0,0.0
2024-06-13 00:00:00-04:00,7.647030163760054,7.875709304842681,7.610441536080502,7.829974174499512,687000,0.0,0.0
2024-06-14 00:00:00-04:00,7.775090071053089,8.122682437734102,7.775090071053089,8.012916564941406,212500,0.0,0.0
2024-06-17 00:00:00-04:00,8.232447834952513,9.750876962713548,8.232447834952513,9.284371376037598,283400,0.0,0.0
2024-06-18 00:00:00-04:00,9.174606641200235,9.952116048226387,9.06484076120978,9.604523658752441,334700,0.0,0.0
2024-06-20 00:00:00-04:00,9.787467403202454,10.473504850235454,9.74173139893191,10.080177307128906,287800,0.0,0.0
2024-06-21 00:00:00-04:00,9.878938842855327,10.290561112903116,9.878938842855327,10.025293350219727,520400,0.0,0.0
2024-06-24 00:00:00-04:00,9.988703589313499,10.089322083617406,9.6685524865459,9.878937721252441,177400,0.0,0.0
2024-06-25 00:00:00-04:00,9.796613192951943,9.979556308083222,9.695994697715136,9.952115058898926,129800,0.0,0.0
2024-06-26 00:00:00-04:00,9.952115970126354,10.043587099896405,9.72343683718873,9.91552734375,159900,0.0,0.0
2024-06-27 00:00:00-04:00,9.878938519426113,10.116765022277832,9.714289267860822,10.116765022277832,55600,0.0,0.0
2024-06-28 00:00:00-04:00,10.20823506931266,10.802801263486117,10.20823506931266,10.427766799926758,351700,0.0,0.0
2024-07-01 00:00:00-04:00,10.40032632599596,10.564975572385546,10.089322581634127,10.281413078308105,224100,0.0,0.0
2024-07-02 00:00:00-04:00,10.171647150442759,10.528386891598892,10.171647150442759,10.38203239440918,170200,0.0,0.0
2024-07-03 00:00:00-04:00,10.372885912631912,10.510093047465835,10.1167655205158,10.171648025512695,182300,0.0,0.0
2024-07-05 00:00:00-04:00,10.116765395704451,10.253972528845638,9.961263512895544,10.061882019042969,164500,0.0,0.0
2024-07-08 00:00:00-04:00,10.244824512835155,10.894273255584666,10.171647263427461,10.839390754699707,151800,0.0,0.0
2024-07-09 00:00:00-04:00,10.830243380438338,10.894273255584666,10.583269509431151,10.839390754699707,91800,0.0,0.0
2024-07-10 00:00:00-04:00,10.839390440506023,11.086363432012758,10.811948318517365,11.00403881072998,73900,0.0,0.0
2024-07-11 00:00:00-04:00,11.260160662098915,11.580310918336009,11.04977541043075,11.443103790283203,128000,0.0,0.0
2024-07-12 00:00:00-04:00,11.644340741372025,11.918755868552749,11.479692362936904,11.616899490356445,96500,0.0,0.0
2024-07-15 00:00:00-04:00,11.84557855043254,12.092552425196931,11.763253925511078,11.927903175354004,101200,0.0,0.0
2024-07-16 00:00:00-04:00,12.119994031576585,12.604793548583984,12.110846656907736,12.604793548583984,289800,0.0,0.0
2024-07-17 00:00:00-04:00,12.4035564133839,12.84261992490959,11.360779264997904,12.495027542114258,166500,0.0,0.0
2024-07-18 00:00:00-04:00,12.485879771622123,12.833472143395596,12.065110150248088,12.165729522705078,96600,0.0,0.0
2024-07-19 00:00:00-04:00,12.156582099512912,12.58649909344284,12.147434725264235,12.33952522277832,120300,0.0,0.0
2024-07-22 00:00:00-04:00,12.129140849108506,12.33952522277832,11.699223855178579,12.33952522277832,105500,0.0,0.0
2024-07-23 00:00:00-04:00,12.229760171747621,12.668824569470436,12.037669661307953,12.613941192626953,79700,0.0,0.0
2024-07-24 00:00:00-04:00,12.504175288250694,12.687118423489212,12.147435520279327,12.366968154907227,67500,0.0,0.0
2024-07-25 00:00:00-04:00,12.37611366809989,12.8517666540393,12.193170547485352,12.193170547485352,211200,0.0,0.0
2024-07-26 00:00:00-04:00,12.284642833284144,12.796883583068848,12.284642833284144,12.796883583068848,151400,0.0,0.0
2024-07-29 00:00:00-04:00,12.742001907477771,12.815179162189093,12.586500023130792,12.687118530273438,80700,0.0,0.0
2024-07-30 00:00:00-04:00,12.714558721718305,13.19935908415298,12.641381473113375,13.171916961669922,225500,0.0,0.0
2024-07-31 00:00:00-04:00,13.135328337367456,13.418890829967768,12.998121214318617,13.171916961669922,184500,0.0,0.0
2024-08-01 00:00:00-04:00,13.171917703037108,13.181065077712978,12.732854186695313,12.988974571228027,146100,0.0,0.0
2024-08-02 00:00:00-04:00,12.870060013210345,13.09873912288269,12.52246766182739,12.906648635864258,185000,0.0,0.0
2024-08-05 00:00:00-04:00,12.39440850666616,12.623087627186415,11.882166892870478,12.266347885131836,152600,0.0,0.0
2024-08-06 00:00:00-04:00,12.248053864023678,12.769441973484447,12.193170491918627,12.714558601379395,93900,0.0,0.0
2024-08-07 00:00:00-04:00,12.979826422002859,13.235947663593631,12.77858942519218,13.13532829284668,111000,0.0,0.0
2024-08-08 00:00:00-04:00,13.30912581594941,13.382303069276748,13.043858054552388,13.23594856262207,50700,0.0,0.0
2024-08-09 00:00:00-04:00,13.190211754451077,13.345713626346093,13.007268632322123,13.208505630493164,84500,0.0,0.0
2024-08-12 00:00:00-04:00,13.226800648914738,13.327419150054482,12.687117773359963,13.217653274536133,118600,0.0,0.0
2024-08-13 00:00:00-04:00,13.263389898563794,13.345714527164029,13.089594138895709,13.309125900268555,52600,0.0,0.0
2024-08-14 00:00:00-04:00,13.373155200163904,13.94942670307009,13.272536698643764,13.775630950927734,110500,0.0,0.0
2024-08-15 00:00:00-04:00,13.995162383602427,14.022603633874487,13.693306013584904,13.729894638061523,42600,0.0,0.0
2024-08-16 00:00:00-04:00,13.720746903402892,14.00430938990352,13.51036253627468,13.64756965637207,71500,0.0,0.0
2024-08-19 00:00:00-04:00,13.693306512939959,13.876249641994464,13.455480008998276,13.784777641296387,43100,0.0,0.0
2024-08-20 00:00:00-04:00,13.748189384903641,13.775631509255433,13.473774247777436,13.656718254089355,39500,0.0,0.0
2024-08-21 00:00:00-04:00,13.684159122554442,13.949426877461688,13.528657244952784,13.921985626220703,65700,0.0,0.0
2024-08-22 00:00:00-04:00,13.903690920051043,14.178106050332255,13.903690920051043,13.958574295043945,34000,0.0,0.0
2024-08-23 00:00:00-04:00,13.95857435101721,14.525698490623645,13.848808472932898,14.37934398651123,73800,0.0,0.0
2024-08-26 00:00:00-04:00,14.507403745374125,14.571434495196918,13.720747849385676,13.857954978942871,85000,0.0,0.0
2024-08-27 00:00:00-04:00,13.73904174206788,14.013455984074971,13.601833748722735,13.720746994018555,60700,0.0,0.0
2024-08-28 00:00:00-04:00,13.656717243009611,14.223841352500981,13.656717243009611,14.178105354309082,35500,0.0,0.0
2024-08-29 00:00:00-04:00,14.351901879801764,14.351901879801764,13.958574367617302,14.242136001586914,43100,0.0,0.0
2024-08-30 00:00:00-04:00,14.187252847701984,14.63546371459961,14.141516849125537,14.63546371459961,94500,0.0,0.0
2024-09-03 00:00:00-04:00,14.562286287194725,14.726935531113721,14.214693923555517,14.48910903930664,49600,0.0,0.0
2024-09-04 00:00:00-04:00,14.55313934956596,14.55313934956596,13.693306224924111,14.123222351074219,56400,0.0,0.0
2024-09-05 00:00:00-04:00,14.18725260117717,14.196399975201832,13.364007258131096,13.720746994018555,75900,0.0,0.0
2024-09-06 00:00:00-04:00,13.812220050575972,13.812220050575972,13.382303034150075,13.583540916442871,32700,0.0,0.0
2024-09-09 00:00:00-04:00,13.592686931012807,14.059192557264332,13.38230255388465,13.391449928283691,60100,0.0,0.0
2024-09-10 00:00:00-04:00,13.519509843785041,13.748188972473145,13.354861464321926,13.748188972473145,243400,0.0,0.0
2024-09-11 00:00:00-04:00,13.592687137703743,13.867102267456328,13.382302757376474,13.784777641296387,37900,0.0,0.0
2024-09-12 00:00:00-04:00,13.848807942055203,13.848807942055203,13.473773449216575,13.62927532196045,35900,0.0,0.0
2024-09-13 00:00:00-04:00,13.839661883245872,14.242136792381057,13.757337251928249,14.095782279968262,41200,0.0,0.0
2024-09-16 00:00:00-04:00,14.150664104330586,14.269577350692881,13.684158492988107,14.178105354309082,222200,0.0,0.0
2024-09-17 00:00:00-04:00,14.379343651057976,14.443373527028001,13.867102026272867,13.949426651000977,38500,0.0,0.0
2024-09-18 00:00:00-04:00,13.848807613339037,14.13236922937079,13.720746994018555,13.720746994018555,105200,0.0,0.0
2024-09-19 00:00:00-04:00,13.976868214699534,14.150664842425618,13.921985711879884,13.995162963867188,48200,0.0,0.0
2024-09-20 00:00:00-04:00,13.510363663307611,14.050045687094729,13.309125781014815,13.583540916442871,480500,0.0,0.0
2024-09-23 00:00:00-04:00,13.711600039976968,13.711600039976968,13.235947916566179,13.49206829071045,83400,0.0,0.0
2024-09-24 00:00:00-04:00,13.528656646827168,13.528656646827168,13.254241529524752,13.272536277770996,190700,0.0,0.0
2024-09-25 00:00:00-04:00,13.272535557387943,13.55609716108122,13.254240810134668,13.45547866821289,53000,0.0,0.0
2024-09-26 00:00:00-04:00,13.556098511892841,13.931132144539992,13.492068634809177,13.784777641296387,42300,0.0,0.0
2024-09-27 00:00:00-04:00,13.976868286330125,14.388490548953653,13.821366406974757,14.278724670410156,63100,0.0,0.0
2024-09-30 00:00:00-04:00,14.260430776167995,14.617169662915607,14.196400898514147,14.415932655334473,47400,0.0,0.0
2024-10-01 00:00:00-04:00,14.278723852457974,14.297018600671377,13.775630489371906,14.178105354309082,69600,0.0,0.0
2024-10-02 00:00:00-04:00,14.251283450644843,14.48910995752368,13.6475706811383,13.931132316589355,77800,0.0,0.0
2024-10-03 00:00:00-04:00,13.821366026719291,13.958574025380019,13.51036314890657,13.949426651000977,48100,0.0,0.0
2024-10-04 00:00:00-04:00,14.132369413083886,14.168958037316571,13.830513045078838,13.867101669311523,34300,0.0,0.0
2024-10-07 00:00:00-04:00,13.75733593265074,13.857954432200168,13.519509436615776,13.766483306884766,32300,0.0,0.0
2024-10-08 00:00:00-04:00,13.729895095795753,13.803072347188614,13.49206859259813,13.748188972473145,33300,0.0,0.0
2024-10-09 00:00:00-04:00,13.748188558416713,13.995162428685704,13.675011309227743,13.766483306884766,34100,0.0,0.0
2024-10-10 00:00:00-04:00,13.601834103622709,13.830513226156397,13.601834103622709,13.803071975708008,24700,0.0,0.0
2024-10-11 00:00:00-04:00,13.803072193380606,14.370196321526626,13.803072193380606,13.986015319824219,39800,0.0,0.0
2024-10-14 00:00:00-04:00,14.01345657927912,14.04089870251868,13.775630950927734,13.775630950927734,46300,0.0,0.0
2024-10-15 00:00:00-04:00,13.848808661298841,13.99516316740191,13.656718153953145,13.793925285339355,73800,0.0,0.0
2024-10-16 00:00:00-04:00,13.958573831939127,14.150664329528809,13.839660583684408,14.150664329528809,129400,0.0,0.0
2024-10-17 00:00:00-04:00,13.940279006958008,14.06833962876246,13.775630633028419,13.940279006958008,653700,0.0,0.0
2024-10-18 00:00:00-04:00,13.949426429857192,13.949426429857192,13.647570058867284,13.766483306884766,43000,0.0,0.0
2024-10-21 00:00:00-04:00,13.748188910798042,13.748188910798042,13.309125404410535,13.32741928100586,74100,0.0,0.0
2024-10-22 00:00:00-04:00,13.263390207593991,13.455480721356261,13.153624324350078,13.354862213134766,95900,0.0,0.0
2024-10-23 00:00:00-04:00,13.263389317768105,13.418891193349959,13.208505943657364,13.254241943359375,131400,0.0,0.0
2024-10-24 00:00:00-04:00,13.263389814534404,13.272537189285739,13.14447655979206,13.23594856262207,38100,0.0,0.0
2024-10-25 00:00:00-04:00,13.235949302603888,13.299979184759609,12.879209518432617,12.879209518432617,111200,0.0,0.0
2024-10-28 00:00:00-04:00,13.05300567541156,13.171918060054265,12.988974923286618,13.07129955291748,60400,0.0,0.0
2024-10-29 00:00:00-04:00,12.92494439146621,13.08044626795938,12.696265263957624,12.732853889465332,75000,0.0,0.0
2024-10-30 00:00:00-04:00,8.680660067967732,8.827014580065638,7.97632876041114,8.287332534790039,924300,0.0,0.0
2024-10-31 00:00:00-04:00,8.296479037539882,8.570894183894305,8.232449156582474,8.287332534790039,231800,0.0,0.0
2024-11-01 00:00:00-04:00,8.296478271484375,8.955074387455163,8.296478271484375,8.296478271484375,275100,0.0,0.0
2024-11-04 00:00:00-05:00,8.1501243018072,8.525157946852797,8.086094422606736,8.314773559570312,140700,0.0,0.0
2024-11-05 00:00:00-05:00,8.735542827308015,9.028251830766932,8.333067075210366,8.964221954345703,296800,0.0,0.0
2024-11-06 00:00:00-05:00,9.421580688250911,10.638153636262684,9.412433313341545,10.135059356689453,760800,0.0,0.0
2024-11-07 00:00:00-05:00,10.244824473715124,10.272265724052819,9.659406480688993,9.72343635559082,208300,0.0,0.0
2024-11-08 00:00:00-05:00,9.732584197756411,10.153353836645207,9.70514207375769,10.125911712646484,227100,0.0,0.0
2024-11-11 00:00:00-05:00,10.281413543706408,10.77536043289254,10.171647665258563,10.610712051391602,246300,0.0,0.0
2024-11-12 00:00:00-05:00,10.574123798047214,10.839391565067292,10.464357043387738,10.555829048156738,141600,0.0,0.0
2024-11-13 00:00:00-05:00,10.61071183984867,10.86683221778744,10.482651214708467,10.500945091247559,138500,0.0,0.0
2024-11-14 00:00:00-05:00,10.574123880387804,10.775360896699935,10.51009312761422,10.629006385803223,154600,0.0,0.0
2024-11-15 00:00:00-05:00,10.720477478556823,10.793654727774962,10.43691498358032,10.455209732055664,121400,0.0,0.0
2024-11-18 00:00:00-05:00,10.427768375055688,10.537535129284713,10.135059356689453,10.135059356689453,102500,0.0,0.0
2024-11-19 00:00:00-05:00,9.723436367532653,10.546680857407528,9.622817867943118,10.455209732055664,456100,0.0,0.0
2024-11-20 00:00:00-05:00,10.464356749069008,10.5832700029875,10.098470484967235,10.299708366394043,197400,0.0,0.0
2024-11-21 00:00:00-05:00,10.318002016687371,10.720477770696471,10.299708140055127,10.327149391174316,143200,0.0,0.0
2024-11-22 00:00:00-05:00,10.418620480874889,10.784506704961332,10.290559866273849,10.711329460144043,189000,0.0,0.0
2024-11-25 00:00:00-05:00,10.729623696207687,11.260160047496857,10.729623696207687,10.793654441833496,345900,0.0,0.0
2024-11-26 00:00:00-05:00,10.821095745271755,10.821095745271755,10.464356008754303,10.482650756835938,140700,0.0,0.0
2024-11-27 00:00:00-05:00,10.574122752560905,10.665593875944271,10.290560263686785,10.482650756835938,154600,0.0,0.0
2024-11-29 00:00:00-05:00,10.793654531591894,10.958302903169285,10.6290052876729,10.86683177947998,123000,0.0,0.0
2024-12-02 00:00:00-05:00,10.738771469341383,10.976597968010264,10.629005594342276,10.912568092346191,186200,0.0,0.0
2024-12-03 00:00:00-05:00,10.91256835010207,11.232718608326037,10.821096349271423,11.132100105285645,176100,0.0,0.0
2024-12-04 00:00:00-05:00,11.013186093685738,11.205276584310438,10.729623608538194,10.930861473083496,209400,0.0,0.0
2024-12-05 00:00:00-05:00,10.940008890440714,11.14124675578502,10.73877102509641,10.757065773010254,98800,0.0,0.0
2024-12-06 00:00:00-05:00,10.83939164947352,10.9948935353867,10.619859010786755,10.629006385803223,77800,0.0,0.0
2024-12-09 00:00:00-05:00,10.629005885399964,10.702183137403207,10.510092632809283,10.57412338256836,107700,0.0,0.0
2024-12-10 00:00:00-05:00,10.564975198208854,10.665593693915792,10.482650577929729,10.546680450439453,109900,0.0,0.0
2024-12-11 00:00:00-05:00,10.638153429956924,10.720478057861328,10.601564803370708,10.720478057861328,96200,0.0,0.0
2024-12-12 00:00:00-05:00,10.693035171470198,10.693035171470198,10.3911788055647,10.51923942565918,134400,0.0,0.0
2024-12-13 00:00:00-05:00,10.427767520524755,10.583269391874229,10.244824399037615,10.38203239440918,121800,0.0,0.0
2024-12-16 00:00:00-05:00,10.446062445554888,10.610711693849407,10.32714919649125,10.528387069702148,110000,0.0,0.0
2024-12-17 00:00:00-05:00,10.427768907584802,10.619859428782814,10.345445146221422,10.537535667419434,174800,0.0,0.0
2024-12-18 00:00:00-05:00,10.629006238179281,10.930862630796756,9.741730937764016,9.888086318969727,232300,0.0,0.0
2024-12-19 00:00:00-05:00,10.318002131686406,10.51009263634495,9.641112114257876,10.052734375,216900,0.0,0.0
2024-12-20 00:00:00-05:00,9.952114565201404,10.473502635546287,9.82405395479146,9.97040843963623,330500,0.0,0.0
2024-12-23 00:00:00-05:00,9.942968929495525,10.345444705498839,9.695995911243134,9.824055671691895,193100,0.0,0.0
2024-12-24 00:00:00-05:00,9.87893822383546,9.942968098709818,9.750877601745126,9.933820724487305,78200,0.0,0.0
2024-12-26 00:00:00-05:00,9.924674353858238,10.07102885398749,9.695995229320873,10.043586730957031,124000,0.0,0.0
2024-12-27 00:00:00-05:00,10.06188124396049,11.104658341468467,10.052733869831266,10.208235740661621,561000,0.0,0.0
2024-12-30 00:00:00-05:00,10.290561137574702,10.382033141067591,9.942968745580066,10.272266387939453,260400,0.0,0.0
2024-12-31 00:00:00-05:00,10.49179808567815,10.49179808567815,10.171646974361574,10.446062088012695,185700,0.0,0.0
2025-01-02 00:00:00-05:00,10.574123088724843,10.967450589226708,10.107617465911622,10.180794715881348,191200,0.0,0.0
2025-01-03 00:00:00-05:00,10.162499328991444,10.18994145026289,9.732583230504366,9.878937721252441,164000,0.0,0.0
2025-01-06 00:00:00-05:00,9.878938182937024,10.05273393073718,9.63196431400133,9.686847686767578,149300,0.0,0.0
2025-01-07 00:00:00-05:00,9.686847608642612,9.897231979142967,9.14716474888381,9.266077995300293,163300,0.0,0.0
2025-01-08 00:00:00-05:00,9.202048631133016,9.320961011797342,8.836161497497299,9.110576629638672,93600,0.0,0.0
2025-01-10 00:00:00-05:00,8.927633104315586,9.128870102960132,8.753836483627929,8.991662979125977,216400,0.0,0.0
2025-01-13 00:00:00-05:00,8.918485232075458,9.009957224417988,8.561745508749475,8.799571990966797,119500,0.0,0.0
2025-01-14 00:00:00-05:00,8.827012771258799,9.439872819339481,8.827012771258799,9.302665710449219,176900,0.0,0.0
2025-01-15 00:00:00-05:00,9.59537624172048,9.732584245360215,9.375844482706903,9.5679349899292,157000,0.0,0.0
2025-01-16 00:00:00-05:00,9.513051799578555,9.888086318969727,9.476463172362548,9.888086318969727,102800,0.0,0.0
2025-01-17 00:00:00-05:00,9.94296859544685,10.144206476687623,9.778319340582428,9.91552734375,184600,0.0,0.0
2025-01-21 00:00:00-05:00,9.970410015387726,10.372885784660784,9.952116138061683,10.061882019042969,121900,0.0,0.0
2025-01-22 00:00:00-05:00,10.01614571812677,10.0710290931494,9.760025336818359,9.805761337280273,197800,0.0,0.0
2025-01-23 00:00:00-05:00,9.723436552409932,9.851497177147376,9.47646267734664,9.522198677062988,144300,0.0,0.0
2025-01-24 00:00:00-05:00,9.458167565773662,9.631963295190761,9.156311228341867,9.302665710449219,368900,0.0,0.0
2025-01-27 00:00:00-05:00,9.449021016015196,9.74173000573876,9.13801727826311,9.54049301147461,393600,0.0,0.0
2025-01-28 00:00:00-05:00,8.79957182528314,9.604522376779972,8.369654865114496,9.211194038391113,257500,0.0,0.0
2025-01-29 00:00:00-05:00,9.256931255645595,9.256931255645595,8.644071105678536,8.836161613464355,268500,0.0,0.0
2025-01-30 00:00:00-05:00,8.927634001414868,9.503905549640267,8.927634001414868,9.339256286621094,142900,0.0,0.0
2025-01-31 00:00:00-05:00,9.36669589904059,9.677699620339542,9.083134298332642,9.211194038391113,113200,0.0,0.0
2025-02-03 00:00:00-05:00,9.02825163620285,9.25693075831237,8.79042513984696,9.165459632873535,144700,0.0,0.0
2025-02-04 00:00:00-05:00,9.165459452126969,9.485609693361832,9.147164703995008,9.439873695373535,120000,0.0,0.0
2025-02-05 00:00:00-05:00,9.531345637460348,9.549639513147271,9.284371773124892,9.54049301147461,81600,0.0,0.0
2025-02-06 00:00:00-05:00,9.540493764300278,9.878938778459723,9.38499188315382,9.814908027648926,96600,0.0,0.0
2025-02-07 00:00:00-05:00,9.833202879159007,9.869791506141281,9.54049386330082,9.677700996398926,99500,0.0,0.0
2025-02-10 00:00:00-05:00,9.695995212204865,9.695995212204865,9.430727463103457,9.449021339416504,64300,0.0,0.0
2025-02-11 00:00:00-05:00,9.302666839545607,9.513051215024614,9.21119484095548,9.449021339416504,86500,0.0,0.0
2025-02-12 00:00:00-05:00,9.339254330976058,9.787465150515205,9.26607708992238,9.302665710449219,163400,0.0,0.0
2025-02-13 00:00:00-05:00,9.375844132829085,9.604523258020038,9.247783508679163,9.485610008239746,67900,0.0,0.0
2025-02-14 00:00:00-05:00,9.476462877449293,9.650259505572931,9.311814496272062,9.320960998535156,206300,0.0,0.0
2025-02-18 00:00:00-05:00,9.348403230915622,9.650259617644707,9.256931228489133,9.5679349899292,129200,0.0,0.0
2025-02-19 00:00:00-05:00,9.4307280418991,9.586229053299329,9.366697290019577,9.503905296325684,76600,0.0,0.0
2025-02-20 00:00:00-05:00,9.439873741698777,9.449021115809648,9.028251502467327,9.266077995300293,94300,0.0,0.0
2025-02-21 00:00:00-05:00,9.34840295755635,9.384991582988714,8.845308703605108,8.964221954345703,99500,0.0,0.0
2025-02-24 00:00:00-05:00,9.138018087673284,9.138018087673284,8.863602949330016,8.90933895111084,69500,0.0,0.0
2025-02-25 00:00:00-05:00,8.900191118711804,9.29351949252684,8.872749867990784,8.891044616699219,108800,0.0,0.0
2025-02-26 00:00:00-05:00,8.881897430313911,9.03739930825999,8.689806926518262,8.900191307067871,77100,0.0,0.0
2025-02-27 00:00:00-05:00,8.872749464844663,9.138017202672728,8.872749464844663,8.982515335083008,99000,0.0,0.0
2025-02-28 00:00:00-05:00,9.028252086703958,9.266078594927162,9.028252086703958,9.183753967285156,105300,0.0,0.0
2025-03-03 00:00:00-05:00,9.17460587227891,9.339255114636218,8.964221504681545,9.01910400390625,90500,0.0,0.0
2025-03-04 00:00:00-05:00,8.927634382315189,9.110577531063095,8.61663059327288,8.653219223022461,69000,0.0,0.0
2025-03-05 00:00:00-05:00,8.680659832527464,8.817867838154116,8.479422820021725,8.698954582214355,93800,0.0,0.0
2025-03-06 00:00:00-05:00,8.598335370816278,8.616630120858915,8.323921098910285,8.461128234863281,85000,0.0,0.0
2025-03-07 00:00:00-05:00,8.461127705044216,8.607482206854103,8.113535327074917,8.23244857788086,73200,0.0,0.0
2025-03-10 00:00:00-04:00,8.168418297985923,8.278184168921998,7.8299733111809635,7.90315055847168,139200,0.0,0.0
2025-03-11 00:00:00-04:00,8.1775654437912,8.1775654437912,7.692765924216954,7.875709056854248,183700,0.0,0.0
2025-03-12 00:00:00-04:00,7.958033561706543,8.031210813631164,7.802531683281311,7.958033561706543,190700,0.0,0.0
2025-03-13 00:00:00-04:00,7.958033354574451,8.205007227648037,7.848267479544512,7.9671807289123535,89900,0.0,0.0
2025-03-14 00:00:00-04:00,8.00376914474592,8.470274755687383,8.00376914474592,8.186712265014648,207000,0.0,0.0
2025-03-17 00:00:00-04:00,8.08609366985688,8.314772785532282,8.07694629586788,8.25074291229248,59500,0.0,0.0
2025-03-18 00:00:00-04:00,8.23244825373856,8.351361499862444,8.140976257538156,8.323920249938965,87700,0.0,0.0
2025-03-19 00:00:00-04:00,8.296479118512481,8.461128382400432,8.195860608548573,8.360509872436523,86000,0.0,0.0
2025-03-20 00:00:00-04:00,8.250744243177285,8.41539263982987,7.829974567568706,8.195860862731934,223300,0.0,0.0
2025-03-21 00:00:00-04:00,8.13183032633962,8.506863966859623,8.13183032633962,8.451980590820312,327100,0.0,0.0
2025-03-24 00:00:00-04:00,8.5434525505515,8.5434525505515,8.269037416415816,8.41539192199707,72600,0.0,0.0
2025-03-25 00:00:00-04:00,8.387950444830365,8.52515757203945,8.333067070541746,8.442832946777344,67900,0.0,0.0
2025-03-26 00:00:00-04:00,8.433686300445816,8.552599549086107,8.351361676591642,8.470274925231934,68500,0.0,0.0
2025-03-27 00:00:00-04:00,8.442832350410832,8.662364959716797,8.323919980477973,8.662364959716797,54300,0.0,0.0
2025-03-28 00:00:00-04:00,8.6349233452987,8.662365468286568,8.250743219226496,8.506863594055176,113100,0.0,0.0
2025-03-31 00:00:00-04:00,9.531345944723421,10.866832061901798,9.42158007003855,10.738771438598633,2509700,0.0,0.0
2025-04-01 00:00:00-04:00,10.903420805001131,11.296749181142228,10.244824677410412,10.985745429992676,823000,0.0,0.0
2025-04-02 00:00:00-04:00,10.90342120468251,11.525428729782242,10.90342120468251,11.488840103149414,425800,0.0,0.0
2025-04-03 00:00:00-04:00,10.903419755265524,11.15954010764864,10.427766799926758,10.427766799926758,408900,0.0,0.0
2025-04-04 00:00:00-04:00,10.034440027412806,10.5466807675768,9.668552912096912,10.38203239440918,233200,0.0,0.0
2025-04-07 00:00:00-04:00,10.071029107490663,10.656447122743536,9.833202602623357,10.189942359924316,232500,0.0,0.0
2025-04-08 00:00:00-04:00,10.519239151976679,10.574122522686853,9.8332018159782,9.952115058898926,140700,0.0,0.0
2025-04-09 00:00:00-04:00,9.732583658873622,10.775359887521128,9.29351929496287,10.38203239440918,165000,0.0,0.0
2025-04-10 00:00:00-04:00,10.052734165348733,10.052734165348733,9.348402911184102,9.659406661987305,140700,0.0,0.0
2025-04-11 00:00:00-04:00,9.54049386330082,9.750878250363472,9.357549856047775,9.677700996398926,142700,0.0,0.0
2025-04-14 00:00:00-04:00,9.7051420211792,10.272266162288751,9.522198890553803,9.7051420211792,113800,0.0,0.0
2025-04-15 00:00:00-04:00,9.677700480633902,10.107617479019803,9.677700480633902,10.043586730957031,100500,0.0,0.0
2025-04-16 00:00:00-04:00,10.006998786762018,10.016146161727857,9.741731019144554,9.961263656616211,74500,0.0,0.0
2025-04-17 00:00:00-04:00,9.952114565201404,10.034439181011974,9.805760080356633,9.97040843963623,69300,0.0,0.0
2025-04-21 00:00:00-04:00,9.878938902357172,10.116765414427611,9.46731662983014,9.851497650146484,105000,0.0,0.0
2025-04-22 00:00:00-04:00,9.87893864456322,10.281413531736758,9.650259513311024,10.226531028747559,96900,0.0,0.0
2025-04-23 00:00:00-04:00,10.519240422412548,10.519240422412548,9.988704888286902,10.171648025512695,83400,0.0,0.0
2025-04-24 00:00:00-04:00,10.10761812375216,10.409474517608595,10.00699874423889,10.308856010437012,87100,0.0,0.0
2025-04-25 00:00:00-04:00,10.135058760050022,10.455209884297423,10.135058760050022,10.21738338470459,71700,0.0,0.0
2025-04-28 00:00:00-04:00,10.19908881909336,10.318002071024933,9.924674561773047,10.153353691101074,65400,0.0,0.0
2025-04-29 00:00:00-04:00,9.84234963131022,10.125911254397792,9.84234963131022,10.107617378234863,80000,0.0,0.0
2025-04-30 00:00:00-04:00,9.96126295956752,10.775360083042692,9.96126295956752,10.391179084777832,82100,0.0,0.0
2025-05-01 00:00:00-04:00,10.327149209180899,10.62900558319734,10.281413209893818,10.391179084777832,89500,0.0,0.0
2025-05-02 00:00:00-04:00,10.519239953223694,10.976598212059507,10.427767952519872,10.747919082641602,83000,0.0,0.0
2025-05-05 00:00:00-04:00,10.564975688432995,10.940009311691712,10.500944940610598,10.738771438598633,45000,0.0,0.0
2025-05-06 00:00:00-04:00,10.720476740284031,10.839389980159872,10.56497487831882,10.638152122497559,34900,0.0,0.0
2025-05-07 00:00:00-04:00,10.83024337547374,11.14124712148469,10.63815287778119,11.049775123596191,112500,0.0,0.0
2025-05-08 00:00:00-04:00,11.122953455492235,11.571164369615651,11.095512202391662,11.159542083740234,92900,0.0,0.0
2025-05-09 00:00:00-04:00,11.223571930558997,11.223571930558997,10.94915680470106,10.985745429992676,54400,0.0,0.0
2025-05-12 00:00:00-04:00,11.351630840830055,11.525427452328998,11.031480611362987,11.095510482788086,113700,0.0,0.0
2025-05-13 00:00:00-04:00,11.077216571525176,11.388220323081107,10.84853744506836,10.84853744506836,64400,0.0,0.0
2025-05-14 00:00:00-04:00,10.866831803129783,11.662635029900848,10.802801929173759,11.598605155944824,177200,0.0,0.0
2025-05-15 00:00:00-04:00,11.626047486299678,11.845579250843057,11.415662224356007,11.708372116088867,100700,0.0,0.0
2025-05-16 00:00:00-04:00,11.690077198774553,11.818137829094882,11.479692812185807,11.562017440795898,84500,0.0,0.0
2025-05-19 00:00:00-04:00,11.415661594741925,11.525428343301279,11.232718467712402,11.232718467712402,33900,0.0,0.0
2025-05-20 00:00:00-04:00,11.278454096811071,11.534574466233241,11.223571596677125,11.287601470947266,54900,0.0,0.0
2025-05-21 00:00:00-04:00,11.113805226235394,11.214424600440953,10.839390971635323,11.022334098815918,55200,0.0,0.0
2025-05-22 00:00:00-04:00,10.976598098935359,11.26930710242431,10.848537473738123,11.022334098815918,91500,0.0,0.0
2025-05-23 00:00:00-04:00,10.821096087093352,11.296749084141759,10.821096087093352,11.122952461242676,60500,0.0,0.0
2025-05-27 00:00:00-04:00,11.269307332225452,11.671783092571594,11.269307332225452,11.589458465576172,96500,0.0,0.0
2025-05-28 00:00:00-04:00,11.58945820479017,11.598605579215306,11.324190452852672,11.369926452636719,58200,0.0,0.0
2025-05-29 00:00:00-04:00,11.443104651465521,11.754108428955078,11.141248249159,11.754108428955078,56400,0.0,0.0
2025-05-30 00:00:00-04:00,11.626046535849353,12.01022752856362,11.525428036744803,11.918755531311035,78600,0.0,0.0
2025-06-02 00:00:00-04:00,11.845578330752671,11.891314329565478,11.67178258207395,11.744959831237793,81700,0.0,0.0
2025-06-03 00:00:00-04:00,11.808990149513997,12.037669279821678,11.717519020795915,11.90046215057373,55400,0.0,0.0
2025-06-04 00:00:00-04:00,11.863873498109191,11.900462123982999,11.552869742010996,11.726665496826172,38400,0.0,0.0
2025-06-05 00:00:00-04:00,11.708372116088867,11.808990623419161,11.580311483934386,11.708372116088867,63900,0.0,0.0
2025-06-06 00:00:00-04:00,11.955344653336248,12.037669279821678,11.799842774939693,11.90046215057373,38400,0.0,0.0
2025-06-09 00:00:00-04:00,12.028522597347687,12.05596472264957,11.85472683214427,11.891315460205078,50700,0.0,0.0
2025-06-10 00:00:00-04:00,11.982786372188087,12.193170746238753,11.7724011257958,11.781548500061035,187800,0.0,0.0
2025-06-11 00:00:00-04:00,11.818137136989233,11.991932886500123,11.598605388446543,11.644340515136719,59400,0.0,0.0
2025-06-12 00:00:00-04:00,11.479692490263378,11.772401497253846,11.479692490263378,11.726665496826172,40700,0.0,0.0
2025-06-13 00:00:00-04:00,11.516280498660256,11.635193744459686,11.177835509388773,11.214424133300781,45900,0.0,0.0
2025-06-16 00:00:00-04:00,11.388220210414556,11.406514959074093,11.086363836265232,11.122952461242676,28600,0.0,0.0
2025-06-17 00:00:00-04:00,11.022334452546716,11.415661970522324,11.022334452546716,11.104659080505371,48300,0.0,0.0
2025-06-18 00:00:00-04:00,11.159541259895034,11.44310376213951,11.159541259895034,11.269307136535645,42200,0.0,0.0
2025-06-20 00:00:00-04:00,11.333337558311223,11.406514807292373,11.241865560913977,11.36077880859375,174400,0.0,0.0
2025-06-23 00:00:00-04:00,11.305896139030395,11.644341154708387,11.305896139030395,11.525428771972656,54600,0.0,0.0
2025-06-24 00:00:00-04:00,11.671783066882133,11.744960319085521,11.406515309559431,11.415661811828613,38900,0.0,0.0
2025-06-25 00:00:00-04:00,11.369927664440628,11.369927664440628,11.16868976734793,11.205278396606445,52300,0.0,0.0
2025-06-26 00:00:00-04:00,11.232718596703913,11.433956474918135,11.095511467941556,11.342484474182129,72400,0.0,0.0
2025-06-27 00:00:00-04:00,11.4705458499525,11.662636366171343,11.287602708873056,11.543723106384277,131900,0.0,0.0
2025-06-30 00:00:00-04:00,11.58031058022108,12.083404822295066,11.58031058022108,11.955344200134277,69000,0.0,0.0
2025-07-01 00:00:00-04:00,11.854726501451804,12.119994265578342,11.671783366251033,11.982787132263184,98300,0.0,0.0
2025-07-02 00:00:00-04:00,12.02852103333012,12.266347520972662,11.882166540116739,11.973638534545898,108700,0.0,0.0
2025-07-03 00:00:00-04:00,12.174877439550107,12.394409198134971,12.11999406373306,12.257201194763184,48800,0.0,0.0
2025-07-07 00:00:00-04:00,12.147434325368469,12.504174058248296,12.019374579469245,12.220611572265625,118500,0.0,0.0
2025-07-08 00:00:00-04:00,12.25720129567289,12.330378549136958,12.065110787244297,12.119994163513184,91300,0.0,0.0
2025-07-09 00:00:00-04:00,12.266347885131836,12.293789135338614,12.119993387573532,12.266347885131836,27000,0.0,0.0
2025-07-10 00:00:00-04:00,12.257200648534965,12.394408645792236,12.092552273104518,12.165729522705078,61900,0.0,0.0
2025-07-11 00:00:00-04:00,12.07425753691341,12.29378928594018,11.937050411857088,12.028521537780762,42800,0.0,0.0
2025-07-14 00:00:00-04:00,11.955343738791983,12.284642219543457,11.955343738791983,12.284642219543457,27800,0.0,0.0
2025-07-15 00:00:00-04:00,12.284642970628246,12.284642970628246,11.937050593217391,11.964491844177246,45800,0.0,0.0
2025-07-16 00:00:00-04:00,12.092552556481099,12.119993807638961,11.937050679350476,12.03766918182373,56400,0.0,0.0
2025-07-17 00:00:00-04:00,12.074257448067518,12.165729445659741,11.75410720117798,11.955344200134277,85400,0.0,0.0
2025-07-18 00:00:00-04:00,12.037670149149323,12.312085299804384,11.854727006159855,12.211466789245605,76800,0.0,0.0
2025-07-21 00:00:00-04:00,12.229760273470333,12.321232278189742,12.074258388852353,12.09255313873291,54700,0.0,0.0
2025-07-22 00:00:00-04:00,12.046815917298776,12.312083657331332,12.046815917298776,12.083404541015625,52000,0.0,0.0
2025-07-23 00:00:00-04:00,12.119994349479834,12.513322747140593,12.119994349479834,12.440145492553711,33300,0.0,0.0
2025-07-24 00:00:00-04:00,12.357820078715113,12.430997328657483,12.065110206604004,12.065110206604004,27900,0.0,0.0
2025-07-25 00:00:00-04:00,12.08340553678115,12.266348670441317,12.074258162012724,12.119994163513184,25900,0.0,0.0
2025-07-28 00:00:00-04:00,12.092552140634817,12.20231801383321,12.001080143465348,12.055963516235352,34800,0.0,0.0
2025-07-29 00:00:00-04:00,12.14743541547679,12.650529687298501,11.99193353378023,12.119994163513184,63100,0.0,0.0
2025-07-30 00:00:00-04:00,12.138288538861206,12.412702794721211,11.635194282548456,11.653488159179688,70500,0.0,0.0
2025-07-31 00:00:00-04:00,11.644340717726248,12.11999372018583,11.397367714404265,11.964491844177246,157200,0.0,0.0
2025-08-01 00:00:00-04:00,11.882166772881499,12.08340464116283,11.680929776941777,11.808989524841309,195400,0.0,0.0
2025-08-04 00:00:00-04:00,11.873020069488554,12.037669323050693,11.854726192615903,11.937050819396973,109400,0.0,0.0
2025-08-05 00:00:00-04:00,11.882167878266955,12.00108113548004,11.708372116088867,11.708372116088867,74200,0.0,0.0
2025-08-06 00:00:00-04:00,11.708370849026139,12.010227210692255,11.55286898121734,11.873019218444824,143100,0.0,0.0
2025-08-07 00:00:00-04:00,12.02852094242748,12.02852094242748,11.552868843078613,11.552868843078613,62100,0.0,0.0
2025-08-08 00:00:00-04:00,11.635194195700528,11.854725947686552,11.433956320209187,11.580310821533203,67700,0.0,0.0
2025-08-11 00:00:00-04:00,11.644340280580076,11.85472552295183,11.45225065873078,11.808989524841309,158400,0.0,0.0
2025-08-12 00:00:00-04:00,11.836430632352037,12.458438105551116,11.836430632352037,12.046815872192383,167100,0.0,0.0
2025-08-13 00:00:00-04:00,12.211465477469073,12.366967350391272,12.129140853881836,12.129140853881836,139300,0.0,0.0
2025-08-14 00:00:00-04:00,12.05596370461743,12.138288328888004,11.973639080346857,12.065110206604004,70700,0.0,0.0
2025-08-15 00:00:00-04:00,12.101699025163303,12.101699025163303,11.662635518485486,11.790696144104004,54300,0.0,0.0
2025-08-18 00:00:00-04:00,11.726665427562482,12.129141182138795,11.726665427562482,12.03766918182373,50300,0.0,0.0
2025-08-19 00:00:00-04:00,12.028521906861972,12.705412795643225,12.028521906861972,12.495027542114258,148000,0.0,0.0
2025-08-20 00:00:00-04:00,12.549910320050218,12.79688331544603,12.467585697471078,12.577351570129395,73600,0.0,0.0
2025-08-21 00:00:00-04:00,12.568204465499528,12.687117714848064,12.266348091130796,12.586499214172363,57900,0.0,0.0
2025-08-22 00:00:00-04:00,12.668823475690392,13.336566080975825,12.586498853703617,12.714558601379395,135400,0.0,0.0
2025-08-25 00:00:00-04:00,12.613940723811472,13.171917484664066,12.385261594755905,12.806031227111816,182200,0.0,0.0
2025-08-26 00:00:00-04:00,12.806031140480748,13.07129889349704,12.668824012912255,12.732853889465332,560400,0.0,0.0
2025-08-27 00:00:00-04:00,12.723706826555288,12.934092082632327,12.513322442819913,12.778590202331543,154300,0.0,0.0
2025-08-28 00:00:00-04:00,12.842619880725062,12.934091881482367,12.449291498746954,12.458438873291016,269200,0.0,0.0
2025-08-29 00:00:00-04:00,12.37611476157948,12.760295784984757,12.275496254436836,12.687118530273438,292900,0.0,0.0
2025-09-02 00:00:00-04:00,12.6871182621096,12.6871182621096,11.452251460700808,11.699224472045898,176500,0.0,0.0
2025-09-03 00:00:00-04:00,11.854726028555042,12.485880037905764,11.616899526110334,12.385261535644531,472600,0.0,0.0
2025-09-04 00:00:00-04:00,12.376114654859423,12.485880535979884,11.836431751760887,11.982787132263184,209800,0.0,0.0
2025-09-05 00:00:00-04:00,12.348673080960664,12.348673080960664,11.735812939747875,11.937050819396973,130800,0.0,0.0
2025-09-08 00:00:00-04:00,12.019375695151492,12.019375695151492,11.616899927516279,11.772401809692383,216400,0.0,0.0
2025-09-09 00:00:00-04:00,11.781548957573404,11.946198211374957,11.662635704532466,11.799842834472656,408600,0.0,0.0
2025-09-10 00:00:00-04:00,11.845578528889929,12.421850029950516,11.790696027269854,12.275495529174805,457900,0.0,0.0
2025-09-11 00:00:00-04:00,12.357819735892177,12.915796469309111,12.248053864023678,12.714558601379395,442200,0.0,0.0
2025-09-12 00:00:00-04:00,12.723706486301879,12.769442486168757,12.357820232050136,12.559057235717773,149800,0.0,0.0
2025-09-15 00:00:00-04:00,12.623088109816145,12.751147863905077,11.918755972960428,12.074257850646973,263800,0.0,0.0
2025-09-16 00:00:00-04:00,11.909609073679785,12.0468161977265,11.79984232763247,11.955344200134277,125700,0.0,0.0
2025-09-17 00:00:00-04:00,12.01022720336914,12.293788816959397,11.946197330431005,12.01022720336914,303200,0.0,0.0
2025-09-18 00:00:00-04:00,11.918756110276309,12.705412882304632,11.918756110276309,12.568204879760742,191200,0.0,0.0
2025-09-19 00:00:00-04:00,12.63223485250814,12.63223485250814,12.248053864774056,12.50417423248291,649900,0.0,0.0
2025-09-22 00:00:00-04:00,12.321232089371497,12.321232089371497,12.083405578618988,12.156582832336426,179000,0.0,0.0
2025-09-23 00:00:00-04:00,12.138289057465727,12.430998074804508,11.982787173919078,12.019375801086426,226700,0.0,0.0
2025-09-24 00:00:00-04:00,12.238907627838449,12.485880644419016,11.946198608975054,12.302937507629395,368400,0.0,0.0
2025-09-25 00:00:00-04:00,12.302936452312794,12.659676192708536,12.129140705355862,12.577351570129395,226800,0.0,0.0
2025-09-26 00:00:00-04:00,12.61394037122488,12.943237993817332,12.504174497027396,12.723706245422363,256900,0.0,0.0
2025-09-29 00:00:00-04:00,12.76029488800087,12.796883512784534,12.357820015380543,12.376113891601562,282200,0.0,0.0
2025-09-30 00:00:00-04:00,12.321231669191928,12.449291422659503,11.882167289518637,12.174877166748047,425300,0.0,0.0
2025-10-01 00:00:00-04:00,12.010227248612532,12.202317740492152,11.900461377872976,12.046815872192383,330000,0.0,0.0
2025-10-02 00:00:00-04:00,12.083405659686962,12.129141661652623,11.836431772477399,11.845579147338867,254600,0.0,0.0
2025-10-03 00:00:00-04:00,11.927903696384016,12.184024084395046,11.927903696384016,12.156582832336426,174200,0.0,0.0
2025-10-06 00:00:00-04:00,12.184024059321533,12.549911199497434,11.900462419835424,11.9096097946167,309700,0.0,0.0
2025-10-07 00:00:00-04:00,11.891313959097177,12.495026682061303,11.891313959097177,12.01022720336914,257700,0.0,0.0
2025-10-08 00:00:00-04:00,12.110846604764296,12.275495858728032,11.955344725430024,12.1840238571167,252500,0.0,0.0
2025-10-09 00:00:00-04:00,12.092551509386805,12.412701738084428,12.083404135679041,12.31208324432373,236700,0.0,0.0
2025-10-10 00:00:00-04:00,12.2480544078027,12.504174786866885,12.092552530999749,12.385261535644531,509700,0.0,0.0
2025-10-13 00:00:00-04:00,12.440144857342188,12.632235358909764,12.147434981599154,12.559057235717773,257900,0.0,0.0
2025-10-14 00:00:00-04:00,12.531615124726343,12.98897334732469,12.449290505083988,12.979825973510742,299600,0.0,0.0
2025-10-15 00:00:00-04:00,12.860914907814264,13.03471066619993,12.321232010832022,12.467586517333984,203800,0.0,0.0
2025-10-16 00:00:00-04:00,12.467585816435808,12.650528939278633,11.863873074883674,11.955344200134277,345200,0.0,0.0
2025-10-17 00:00:00-04:00,11.955344288105172,12.046816286370472,11.726665164783547,12.028521537780762,270100,0.0,0.0
2025-10-20 00:00:00-04:00,12.119993646363023,12.513322021205635,12.119993646363023,12.485879898071289,137600,0.0,0.0
2025-10-21 00:00:00-04:00,12.485879394207082,12.613940013307941,12.302936275735567,12.430996894836426,123700,0.0,0.0
2025-10-22 00:00:00-04:00,12.495026776535564,12.495026776535564,12.193170412771181,12.29378890991211,142100,0.0,0.0
2025-10-23 00:00:00-04:00,12.339525266817898,12.440144639229198,12.028521519985922,12.376113891601562,138800,0.0,0.0
2025-10-24 00:00:00-04:00,12.522468197629431,12.687117442787713,12.458438323330814,12.577351570129395,126600,0.0,0.0
2025-10-27 00:00:00-04:00,12.623087523592488,12.705412145878826,12.531615527198424,12.540762901306152,97500,0.0,0.0
2025-10-28 00:00:00-04:00,12.48588021024506,12.62308821232238,12.394409081201836,12.5316162109375,117000,0.0,0.0
2025-10-29 00:00:00-04:00,12.531615400254228,12.57735139798796,12.17487653708265,12.29378890991211,189100,0.0,0.0
2025-10-30 00:00:00-04:00,12.202318492448867,12.52246875041614,12.138288615323743,12.458438873291016,217900,0.0,0.0
2025-10-31 00:00:00-04:00,12.659676763507843,12.879208518722722,11.818137496175819,12.248054504394531,873000,0.0,0.0
2025-11-03 00:00:00-05:00,12.26634803539724,12.26634803539724,11.882167038429582,12.028521537780762,337300,0.0,0.0
2025-11-04 00:00:00-05:00,12.046816512993518,12.302936891676183,11.946198010882167,12.001080513000488,335900,0.0,0.0
2025-11-05 00:00:00-05:00,12.010226802372706,12.330377028715834,11.964490806511813,12.10169792175293,299500,0.0,0.0
2025-11-06 00:00:00-05:00,12.101698642478471,12.229759264047404,11.927902894666419,12.055963516235352,216400,0.0,0.0
2025-11-07 00:00:00-05:00,12.055963112851842,12.202317605552787,12.037668365093431,12.14743423461914,197100,0.0,0.0
2025-11-10 00:00:00-05:00,12.238906222512242,12.513321332357942,12.193170225481028,12.284642219543457,196400,0.0,0.0
2025-11-11 00:00:00-05:00,12.275494987651856,12.522467978730457,11.991932500651806,12.046815872192383,338000,0.0,0.0
2025-11-12 00:00:00-05:00,12.046815872192383,12.211465114472515,11.94619737543319,12.046815872192383,229100,0.0,0.0
2025-11-13 00:00:00-05:00,12.001079874632168,12.15658174293194,11.94619737543319,12.046815872192383,228800,0.0,0.0
2025-11-14 00:00:00-05:00,12.010226890700066,12.31208324432373,11.946197019428855,12.31208324432373,336200,0.0,0.0
2025-11-17 00:00:00-05:00,12.238907015090927,12.330378142735343,11.909609385356074,12.001080513000488,283700,0.0,0.0
2025-11-18 00:00:00-05:00,11.918755430392737,12.238906545724388,11.918755430392737,12.193170547485352,199700,0.0,0.0
2025-11-19 00:00:00-05:00,12.229759728333516,12.30293697991052,12.001080599069969,12.074257850646973,149100,0.0,0.0
2025-11-20 00:00:00-05:00,12.220613211142465,12.476734481971905,12.10169995090202,12.138289451599121,273800,0.0,0.0
2025-11-21 00:00:00-05:00,12.18402311859064,12.531615482366314,12.10169849659882,12.50417423248291,221100,0.0,0.0
2025-11-24 00:00:00-05:00,12.687116990197108,13.107886589881248,12.568203747640547,12.979825973510742,962300,0.0,0.0
2025-11-25 00:00:00-05:00,13.071298971319717,13.88539698414017,12.988974345351826,13.53780460357666,890800,0.0,0.0
2025-11-26 00:00:00-05:00,13.537803823994627,14.114075300243293,13.537803823994627,14.031750679016113,728200,0.0,0.0
2025-11-28 00:00:00-05:00,14.132369400596126,14.543991640935506,14.132369400596126,14.214694023132324,720600,0.0,0.0
2025-12-01 00:00:00-05:00,13.99516316740191,14.333608180850677,13.766484033530448,13.793925285339355,1118400,0.0,0.0
2025-12-02 00:00:00-05:00,13.894543806096888,13.894543806096888,13.501216288580286,13.583540916442871,760800,0.0,0.0
2025-12-03 00:00:00-05:00,13.583540603819005,13.629275731719702,13.382302726157679,13.53780460357666,542200,0.0,0.0
2025-12-04 00:00:00-05:00,13.620128673826306,14.123222038940312,13.546951425360938,13.867101669311523,824300,0.0,0.0
2025-12-05 00:00:00-05:00,13.857954962134755,14.050045466686836,13.73904258191163,13.995162963867188,418200,0.0,0.0
2025-12-08 00:00:00-05:00,13.939515459972148,14.115730724706257,13.438694571724094,13.457243919372559,927700,0.21,0.0
2025-12-09 00:00:00-05:00,13.512890385374515,13.856045361413194,13.41087162530299,13.447969436645508,686600,0.0,0.0
2025-12-10 00:00:00-05:00,13.540714892234659,14.393965468155288,13.540714892234659,14.106456756591797,3166100,0.0,0.0
2025-12-11 00:00:00-05:00,14.10645688497084,14.217750323997475,13.661282244382669,13.846772193908691,675400,0.0,0.0
2025-12-12 00:00:00-05:00,13.856045121927025,13.883869143314199,13.64273293151481,13.67055606842041,578000,0.0,0.0
2025-12-15 00:00:00-05:00,13.735477870504996,13.88386911298614,13.410871364216309,13.503616333007812,761200,0.0,0.0
2025-12-16 00:00:00-05:00,13.512890897553584,13.679831497163255,13.04916779595483,13.1697359085083,688200,0.0,0.0
2025-12-17 00:00:00-05:00,13.169735454166062,13.46651883039805,12.947148585353267,13.234657287597656,773000,0.0,0.0
2025-12-18 00:00:00-05:00,13.36449981036664,13.512891063180001,13.17901074434994,13.290304183959961,750800,0.0,0.0
2025-12-19 00:00:00-05:00,13.290303707824275,13.652008036959725,12.974971864652078,13.141912460327148,7904200,0.0,0.0
2025-12-22 00:00:00-05:00,13.141913078501322,13.429420912930505,13.086265915831545,13.197559356689453,553200,0.0,0.0
2025-12-23 00:00:00-05:00,13.188284634138432,13.290303393257636,13.076991201149777,13.114089012145996,350200,0.0,0.0
2025-12-24 00:00:00-05:00,13.114089322541837,13.281029033735305,13.002795886918992,13.141912460327148,400400,0.0,0.0
2025-12-26 00:00:00-05:00,13.132637875048403,13.624184106827146,13.002795974851155,13.605635643005371,670400,0.0,0.0
2025-12-29 00:00:00-05:00,13.60563542872596,13.60563542872596,13.355224537463739,13.401597023010254,475100,0.0,0.0
2025-12-30 00:00:00-05:00,13.438695641063322,13.531440617722366,13.234658107584067,13.494342803955078,451400,0.0,0.0
2025-12-31 00:00:00-05:00,13.494342088496383,13.689105821568845,13.26248054362353,13.568537712097168,680800,0.0,0.0
2026-01-02 00:00:00-05:00,13.512891284127983,13.698381237659248,13.327402215078369,13.661282539367676,457000,0.0,0.0
2026-01-05 00:00:00-05:00,13.577812314873336,14.301220083423324,13.577812314873336,13.91169261932373,854500,0.0,0.0
2026-01-06 00:00:00-05:00,13.791124677023655,13.893143439050611,13.475792832327386,13.735478401184082,517900,0.0,0.0
2026-01-07 00:00:00-05:00,13.763300865193337,13.763300865193337,13.364498741783171,13.54998779296875,319400,0.0,0.0
2026-01-08 00:00:00-05:00,13.457244159993506,13.89314322374756,13.420146348514828,13.828222274780273,296000,0.0,0.0
2026-01-09 00:00:00-05:00,13.911693294737068,13.985888921550467,13.698381088768953,13.754027366638184,369200,0.0,0.0
2026-01-12 00:00:00-05:00,13.707654652050069,13.707654652050069,13.364499662593085,13.383049011230469,322900,0.0,0.0
2026-01-13 00:00:00-05:00,13.38304930926761,13.475793401075043,13.030619637643415,13.197559356689453,399800,0.0,0.0
2026-01-14 00:00:00-05:00,13.197558429058448,13.49434180163418,13.12336280703491,13.410871505737305,277400,0.0,0.0
2026-01-15 00:00:00-05:00,13.410871463263467,13.846771404632388,13.401596789419504,13.624183654785156,459400,0.0,0.0
2026-01-16 00:00:00-05:00,13.577812266651671,13.763301324020903,13.383048535293579,13.531439781188965,374300,0.0,0.0
2026-01-20 00:00:00-05:00,13.31812670004126,13.475792619904055,13.216107939622459,13.234657287597656,243000,0.0,0.0
2026-01-21 00:00:00-05:00,13.383048652311611,13.911692691556652,13.383048652311611,13.865320205688477,575500,0.0,0.0
2026-01-22 00:00:00-05:00,13.883869718604654,14.356866603525177,13.800399419947617,13.985888481140137,648200,0.0,0.0
2026-01-23 00:00:00-05:00,13.93024247942223,13.93024247942223,13.420146887733688,13.633459091186523,314200,0.0,0.0
2026-01-26 00:00:00-05:00,13.605634880235732,13.902417360598545,13.373773346331893,13.596360206604004,267100,0.0,0.0
2026-01-27 00:00:00-05:00,13.568537921795958,13.92096758158721,13.549988573368285,13.772576332092285,221900,0.0,0.0
2026-01-28 00:00:00-05:00,13.948790190405049,14.078632971026517,13.605635217850006,13.837496757507324,274200,0.0,0.0
2026-01-29 00:00:00-05:00,13.865320415465556,14.07863349989387,13.679831353668074,14.069358825683594,313200,0.0,0.0
2026-01-30 00:00:00-05:00,14.3568665561388,14.755668699747634,13.744752213983027,13.90241813659668,629700,0.0,0.0
2026-02-02 00:00:00-05:00,14.078633145582163,14.588727831567471,13.809673791624212,14.551630020141602,490500,0.0,0.0
2026-02-03 00:00:00-05:00,14.4959834987322,14.811315332730512,13.948790126144724,14.180651664733887,411300,0.0,0.0
2026-02-04 00:00:00-05:00,14.32904422533862,14.533082645711394,14.004438572158216,14.291946411132812,1109700,0.0,0.0
2026-02-05 00:00:00-05:00,14.310494487689695,14.523806679280518,13.837496735273199,13.967339515686035,540900,0.0,0.0
2026-02-06 00:00:00-05:00,14.18992702088677,14.653650120363581,14.18992702088677,14.533082008361816,396100,0.0,0.0
2026-02-09 00:00:00-05:00,14.477435038179207,14.857688727729489,14.366141598974844,14.523807525634766,436300,0.0,0.0
2026-02-10 00:00:00-05:00,14.533081675696051,14.653649784937985,14.375415754724417,14.588727951049805,221200,0.0,0.0
2026-02-11 00:00:00-05:00,14.727846072731044,14.8391395129403,14.171377987203126,14.26412296295166,227200,0.0,0.0
2026-02-12 00:00:00-05:00,14.412513783398575,14.514532546070495,13.976613825651988,14.199201583862305,245100,0.0,0.0
2026-02-13 00:00:00-05:00,14.106456280869553,14.366140960810847,13.995162846608999,14.254847526550293,182100,0.0,0.0
2026-02-17 00:00:00-05:00,14.291945672341791,14.393965319495322,14.041535660517402,14.199201583862305,213400,0.0,0.0
2026-02-18 00:00:00-05:00,14.180651807626225,14.579453941052247,13.967339614525898,14.087906837463379,238100,0.0,0.0
2026-02-19 00:00:00-05:00,14.004437354904876,14.24557268404253,13.893143037479398,14.134279251098633,288400,0.0,0.0
2026-02-20 00:00:00-05:00,14.162103865728154,14.356866718174404,13.958065454546192,14.319768905639648,223900,0.0,0.0
2026-02-23 00:00:00-05:00,14.310494658929546,14.347592470279759,13.466518787351017,13.744751930236816,368200,0.0,0.0
2026-02-24 00:00:00-05:00,13.670556593103996,14.004437786712025,13.410871908227891,13.605635643005371,638000,0.0,0.0
2026-02-25 00:00:00-05:00,13.70765428442564,13.985888315153094,13.624183986759244,13.865320205688477,222500,0.0,0.0
2026-02-26 00:00:00-05:00,13.865320702119613,14.134280068406879,13.689106310889322,13.930242538452148,161900,0.0,0.0
2026-02-27 00:00:00-05:00,13.67983122305586,13.67983122305586,13.039893744844136,13.225382804870605,806800,0.0,0.0
2026-03-02 00:00:00-05:00,13.22538293621854,13.837497282625911,13.03061920013605,13.772576332092285,476700,0.0,0.0
2026-03-03 00:00:00-05:00,13.475792212933124,14.143553683686608,13.457243749999686,14.060083389282227,656400,0.0,0.0
2026-03-04 00:00:00-05:00,14.180651664733887,14.440336340298906,13.985887936939728,14.180651664733887,606000,0.0,0.0
2026-03-05 00:00:00-05:00,14.013711910207828,14.04153593332571,13.698380941873177,13.846772193908691,305400,0.0,0.0
2026-03-06 00:00:00-05:00,13.503617043031635,13.78185019507257,13.23465768077221,13.726203918457031,543400,0.0,0.0
2026-03-09 00:00:00-04:00,13.554626169398299,13.592754475975417,13.201939106297322,13.535561561584473,284900,0.4,0.0
2026-03-10 00:00:00-04:00,13.526029395662313,13.935909377335594,13.2686635509039,13.611818313598633,296600,0.0,0.0
2026-03-11 00:00:00-04:00,13.535561912127418,13.773864061668572,13.116150528917233,13.39258098602295,337400,0.0,0.0
2026-03-12 00:00:00-04:00,13.106617354879189,13.583221622329342,13.020828441290082,13.497432708740234,308500,0.0,0.0
2026-03-13 00:00:00-04:00,13.58322246813725,13.649946778838942,13.383048626981628,13.55462646484375,275000,0.0,0.0
2026-03-16 00:00:00-04:00,13.611817643595344,14.00263299802353,13.611817643595344,13.764330863952637,284900,0.0,0.0
2026-03-17 00:00:00-04:00,13.726203200322578,13.964505345529918,13.573689972837968,13.64041519165039,272500,0.0,0.0
2026-03-18 00:00:00-04:00,13.640414945731008,13.640414945731008,13.373515893394249,13.459304809570312,500300,0.0,0.0
2026-03-19 00:00:00-04:00,13.344920242041871,13.716671918899808,13.335387937982567,13.583222389221191,270700,0.0,0.0
2026-03-20 00:00:00-04:00,13.535561310409044,13.707139141347424,13.354452084791156,13.516497611999512,1421000,0.0,0.0
2026-03-23 00:00:00-04:00,13.792927742004395,14.183743095510206,13.649945916469015,13.792927742004395,434600,0.0,0.0
2026-03-24 00:00:00-04:00,13.72620251443971,14.031229863217602,13.592753901584222,13.926376342773438,317800,0.0,0.0
2026-03-25 00:00:00-04:00,14.107487324759193,14.183743939294333,13.907313484341813,13.983570098876953,247700,0.0,0.0
2026-03-26 00:00:00-04:00,13.935909069662241,14.059826291828829,13.688074625329065,13.754799842834473,348700,0.0,0.0
2026-03-27 00:00:00-04:00,13.697607040405273,13.8691848738838,13.564157513360806,13.697607040405273,228300,0.0,0.0
2026-03-30 00:00:00-04:00,13.850120153619947,13.869184761207357,13.678543230585884,13.754799842834473,224900,0.0,0.0
2026-03-31 00:00:00-04:00,13.945440982054315,14.231403724485773,13.716671151729347,14.059825897216797,477600,0.0,0.0
2026-04-01 00:00:00-04:00,14.050293670946008,14.36485241663506,13.926376451576003,14.031229972839355,361000,0.0,0.0
2026-04-02 00:00:00-04:00,13.84058893450845,14.269532611112522,13.735735409548196,14.231404304504395,409800,0.0,0.0
2026-04-06 00:00:00-04:00,14.240935621157208,14.45064176087547,14.221871922483109,14.260000228881836,390000,0.0,0.0
2026-04-07 00:00:00-04:00,14.221871485976353,14.269532094774563,14.059825961492734,14.164678573608398,352200,0.0,0.0
2026-04-08 00:00:00-04:00,14.536430766348477,14.669880294084622,14.38391753982176,14.498302459716797,715800,0.0,0.0
2026-04-09 00:00:00-04:00,14.393450005661691,14.774733076267736,14.345789394573298,14.708008766174316,365700,0.0,0.0
2026-04-10 00:00:00-04:00,14.9844391937115,14.9844391937115,14.46970659475827,14.574559211730957,449100,0.0,0.0
2026-04-13 00:00:00-04:00,14.460174178455933,14.555495399727644,14.183743727628617,14.202807426452637,434800,0.0,0.0
2026-04-14 00:00:00-04:00,14.183743616084382,14.317193143005191,13.897780863568665,14.260000228881836,531100,0.0,0.0
2026-04-15 00:00:00-04:00,14.250467409886856,14.393449235501404,14.145614798343251,14.355320930480957,516300,0.0,0.0
2026-04-16 00:00:00-04:00,14.479238178010098,14.984439388572314,14.183744022221422,14.221872329711914,300300,0.0,0.0
2026-04-17 00:00:00-04:00,14.431578447325734,14.955842447036224,14.298128916843659,14.784265518188477,716700,0.0,0.0
2026-04-20 00:00:00-04:00,14.717539738496662,15.079759099695547,14.717539738496662,14.879585266113281,544500,0.0,0.0
2026-04-21 00:00:00-04:00,14.879585553193172,14.936778467770354,14.517366185005793,14.631752014160156,558600,0.0,0.0
2026-04-22 00:00:00-04:00,14.63175179645352,14.727072107263162,14.450641660529309,14.584091186523438,398700,0.0,0.0
2026-04-23 00:00:00-04:00,14.584090844696473,14.755667763752557,14.498301930643178,14.727071762084961,446300,0.0,0.0
2026-04-24 00:00:00-04:00,14.688943611625854,14.879585139836179,14.62221930401487,14.669879913330078,370400,0.0,0.0
2026-04-27 00:00:00-04:00,14.669880066202106,15.089291432635425,14.669880066202106,15.01303482055664,472200,0.0,0.0
2026-04-28 00:00:00-04:00,15.051163475619367,15.146484697453525,14.765200719167433,14.870054244995117,397800,0.0,0.0
2026-04-29 00:00:00-04:00,14.774732990044093,14.812861296882184,14.450641927395038,14.469706535339355,489100,0.0,0.0
2026-04-30 00:00:00-04:00,13.10661763756348,14.20280711272131,12.97316811254101,14.078890800476074,1098800,0.0,0.0
2026-05-01 00:00:00-04:00,14.14561571473093,14.307661248828161,14.031230792259453,14.221872329711914,411600,0.0,0.0
2026-05-04 00:00:00-04:00,13.94544170724845,14.040762020315473,13.459305110739832,13.745267868041992,569600,0.0,0.0
2026-05-05 00:00:00-04:00,13.792927824893454,14.240935184065336,13.7357349125255,14.164678573608398,460000,0.0,0.0
2026-05-06 00:00:00-04:00,14.279063567356758,14.29812817460047,14.021697732920213,14.136082649230957,444500,0.0,0.0
2026-05-07 00:00:00-04:00,14.136083108550855,14.24093572464669,13.926376967308649,13.935909271240234,536000,0.0,0.0
2026-05-08 00:00:00-04:00,13.897780512987616,14.155147256474667,13.831056205735642,14.136082649230957,274100,0.0,0.0
2026-05-11 00:00:00-04:00,14.126551079395696,14.18374399504714,13.745268005221266,13.821524620056152,365700,0.0,0.0
2026-05-12 00:00:00-04:00,15.279933733431243,15.279933733431243,13.487900638665849,13.811991691589355,379100,0.0,0.0
2026-05-13 00:00:00-04:00,13.678543280368189,13.80245959393524,13.583222060185275,13.592754364013672,446400,0.0,0.0
2026-05-14 00:00:00-04:00,13.754799793940412,14.088422244079434,13.754799793940412,13.916845321655273,410400,0.0,0.0
2026-05-15 00:00:00-04:00,13.859652491067045,13.935909103500796,13.621350349948939,13.726202964782715,360000,0.0,0.0
2026-05-18 00:00:00-04:00,13.773863262670764,14.05029370374123,13.773863262670764,14.002633094787598,407200,0.0,0.0
2026-05-19 00:00:00-04:00,13.945441870366148,14.088422796164382,13.811992339650722,13.954974174499512,443800,0.0,0.0
2026-05-20 00:00:00-04:00,13.935909511697362,14.193276267987697,13.745267975028904,14.117019653320312,572200,0.0,0.0
2026-05-21 00:00:00-04:00,13.993102084090747,14.288596231418248,13.897780863568665,14.260000228881836,545900,0.0,0.0
2026-05-22 00:00:00-04:00,14.180000305175781,14.5,14.140000343322754,14.149999618530273,430400,0.7,0.0
2026-05-26 00:00:00-04:00,14.0600004196167,14.399999618530273,13.989999771118164,14.390000343322754,509000,0.0,0.0
2026-05-27 00:00:00-04:00,14.390000343322754,14.600000381469727,14.390000343322754,14.420000076293945,349900,0.0,0.0
2026-05-28 00:00:00-04:00,14.34000015258789,14.529999732971191,14.239999771118164,14.510000228881836,407700,0.0,0.0
2026-05-29 00:00:00-04:00,14.600000381469727,14.800000190734863,14.510000228881836,14.720000267028809,577700,0.0,0.0
2026-06-01 00:00:00-04:00,14.609999656677246,14.609999656677246,14.329999923706055,14.399999618530273,379700,0.0,0.0
2026-06-02 00:00:00-04:00,14.359999656677246,14.850000381469727,14.359999656677246,14.729999542236328,511400,0.0,0.0
2026-06-03 00:00:00-04:00,14.630000114440918,14.65999984741211,14.239999771118164,14.270000457763672,436400,0.0,0.0
2026-06-04 00:00:00-04:00,14.520000457763672,14.960000038146973,14.420000076293945,14.90999984741211,465800,0.0,0.0
2026-06-05 00:00:00-04:00,14.859999656677246,15.140000343322754,14.859999656677246,14.989999771118164,391500,0.0,0.0
2026-06-08 00:00:00-04:00,15.0,15.210000038146973,14.960000038146973,15.029999732971191,378100,0.0,0.0
2026-06-09 00:00:00-04:00,15.109999656677246,15.4399995803833,14.949999809265137,15.050000190734863,477300,0.0,0.0
2026-06-10 00:00:00-04:00,15.09000015258789,15.25,15.0600004196167,15.100000381469727,537500,0.0,0.0
2026-06-11 00:00:00-04:00,15.220000267028809,15.289999961853027,15.029999732971191,15.170000076293945,805100,0.0,0.0
2026-06-12 00:00:00-04:00,15.300000190734863,15.539999961853027,15.270000457763672,15.430000305175781,454800,0.0,0.0
2026-06-15 00:00:00-04:00,15.550000190734863,15.550000190734863,14.979999542236328,15.050000190734863,453400,0.0,0.0
2026-06-16 00:00:00-04:00,15.170000076293945,15.210000038146973,14.899999618530273,14.960000038146973,448300,0.0,0.0
2026-06-17 00:00:00-04:00,14.960000038146973,15.119999885559082,14.479999542236328,14.649999618530273,518500,0.0,0.0
2026-06-18 00:00:00-04:00,14.770000457763672,14.899999618530273,14.550000190734863,14.65999984741211,738000,0.0,0.0
2026-06-22 00:00:00-04:00,14.640000343322754,14.989999771118164,14.640000343322754,14.890000343322754,431300,0.0,0.0
2026-06-23 00:00:00-04:00,14.949999809265137,15.380000114440918,14.880000114440918,15.3100004196167,514900,0.0,0.0
2026-06-24 00:00:00-04:00,15.319999694824219,15.680000305175781,15.289999961853027,15.670000076293945,444600,0.0,0.0
2026-06-25 00:00:00-04:00,15.670000076293945,15.9399995803833,15.649999618530273,15.789999961853027,416600,0.0,0.0
2026-06-26 00:00:00-04:00,15.8100004196167,16.020000457763672,15.729999542236328,15.979999542236328,1160400,0.0,0.0
2026-06-29 00:00:00-04:00,15.890000343322754,16.0,15.729999542236328,15.90999984741211,531500,0.0,0.0
2026-06-30 00:00:00-04:00,15.859999656677246,15.970000267028809,15.739999771118164,15.899999618530273,381700,0.0,0.0
2026-07-01 00:00:00-04:00,15.84000015258789,16.360000610351562,15.84000015258789,16.360000610351562,392900,0.0,0.0
2026-07-02 00:00:00-04:00,16.440000534057617,16.530000686645508,16.06999969482422,16.15999984741211,375500,0.0,0.0
2026-07-06 00:00:00-04:00,16.15999984741211,16.360000610351562,16.020000457763672,16.209999084472656,289100,0.0,0.0
2026-07-07 00:00:00-04:00,16.25,16.450000762939453,16.049999237060547,16.06999969482422,382700,0.0,0.0
2026-07-08 00:00:00-04:00,16.110000610351562,16.110000610351562,15.40999984741211,15.510000228881836,627500,0.0,0.0
2026-07-09 00:00:00-04:00,15.609999656677246,16.079999923706055,15.520000457763672,16.020000457763672,605700,0.0,0.0
2026-07-10 00:00:00-04:00,16.059999465942383,16.200000762939453,15.960000038146973,16.149999618530273,247300,0.0,0.0
2026-07-13 00:00:00-04:00,16.200000762939453,16.25,15.920000076293945,16.219999313354492,587000,0.0,0.0
2026-07-14 00:00:00-04:00,16.469999313354492,16.469999313354492,16.040000915527344,16.09000015258789,327700,0.0,0.0
2026-07-15 00:00:00-04:00,16.309999465942383,16.40999984741211,15.960000038146973,16.139999389648438,780800,0.0,0.0
2026-07-16 00:00:00-04:00,16.139999389648438,16.68000030517578,16.139999389648438,16.639999389648438,1052000,0.0,0.0
2026-07-17 00:00:00-04:00,16.56999969482422,16.56999969482422,16.15999984741211,16.280000686645508,567300,0.0,0.0
2026-07-20 00:00:00-04:00,16.219999313354492,16.290000915527344,16.1299991607666,16.190000534057617,381100,0.0,0.0
2026-07-21 00:00:00-04:00,16.110000610351562,16.260000228881836,15.609999656677246,16.049999237060547,1545000,0.0,0.0
2026-07-22 00:00:00-04:00,16.010000228881836,16.149999618530273,15.819999694824219,15.90999984741211,615800,0.0,0.0
2026-07-23 00:00:00-04:00,15.75,16.0,15.680000305175781,15.9399995803833,725000,0.0,0.0
2026-07-24 00:00:00-04:00,16.0,16.100000381469727,15.420000076293945,15.680000305175781,2005100,0.0,0.0
2026-07-27 00:00:00-04:00,15.789999961853027,15.84000015258789,15.550000190734863,15.619999885559082,1079100,0.0,0.0
2026-07-28 00:00:00-04:00,15.710000038146973,15.920000076293945,15.619999885559082,15.84000015258789,920500,0.0,0.0
2026-07-29 00:00:00-04:00,16.06999969482422,16.510000228881836,15.960000038146973,16.489999771118164,1033000,0.0,0.0
2026-07-30 00:00:00-04:00,16.59000015258789,16.8799991607666,16.459999084472656,16.600000381469727,863300,0.0,0.0
2026-07-31 00:00:00-04:00,16.59000015258789,16.850000381469727,16.530000686645508,16.790000915527344,624600,0.0,0.0
2026-08-03 00:00:00-04:00,16.8799991607666,17.190000534057617,16.8799991607666,17.010000228881836,622800,0.0,0.0
2026-08-04 00:00:00-04:00,16.989999771118164,17.139999389648438,16.610000610351562,16.690000534057617,524500,0.0,0.0
2026-08-05 00:00:00-04:00,16.709999084472656,16.780000686645508,16.5,16.6200008392334,421600,0.0,0.0
2026-08-06 00:00:00-04:00,17.15999984741211,17.15999984741211,16.600000381469727,16.790000915527344,495800,0.0,0.0
2026-08-07 00:00:00-04:00,16.729999542236328,16.850000381469727,16.559999465942383,16.639999389648438,416800,0.0,0.0
2026-08-10 00:00:00-04:00,16.520000457763672,16.760000228881836,16.280000686645508,16.709999084472656,398000,0.0,0.0
2026-08-11 00:00:00-04:00,16.75,17.209999084472656,16.40999984741211,17.170000076293945,395000,0.0,0.0
2026-08-12 00:00:00-04:00,17.1200008392334,17.270000457763672,17.010000228881836,17.170000076293945,589400,0.0,0.0
2026-08-13 00:00:00-04:00,17.219999313354492,17.375,17.065000534057617,17.1200008392334,481368,0.0,0.0
