Date,Open,High,Low,Close,Volume,Dividends,Stock Splits
2022-01-03 00:00:00-05:00,37.248080036724026,38.51072657024341,37.19068933453291,37.46808624267578,276600,0.0,0.0
2022-01-04 00:00:00-05:00,37.56375779806932,38.35769322195252,37.33418395503478,38.15681838989258,223400,0.0,0.0
2022-01-05 00:00:00-05:00,38.31942111224416,38.702039190458265,37.018511618623506,37.14286422729492,273900,0.0,0.0
2022-01-06 00:00:00-05:00,37.07589887696925,37.898532959639276,37.07589887696925,37.51591491699219,232500,0.0,0.0
2022-01-07 00:00:00-05:00,37.3533108809058,37.735932689891946,36.83677253346011,36.941993713378906,180100,0.0,0.0
2022-01-10 00:00:00-05:00,36.64545593670981,36.71241418887141,35.76542745994853,36.320228576660156,296800,0.0,0.0
2022-01-11 00:00:00-05:00,36.37762144183954,36.578499859218056,35.4115068539624,36.358489990234375,217200,0.0,0.0
2022-01-12 00:00:00-05:00,36.45414780825849,36.75067619031541,35.35411304224682,35.39237594604492,303200,0.0,0.0
2022-01-13 00:00:00-05:00,35.4784592284572,36.76980098163976,35.134100454554996,36.12891387939453,543000,0.0,0.0
2022-01-14 00:00:00-05:00,35.77499531917739,36.65502015460143,35.59324836263683,36.50197219848633,219600,0.0,0.0
2022-01-18 00:00:00-05:00,36.13848547081028,36.57850158053267,35.172370837469636,35.45933532714844,274400,0.0,0.0
2022-01-19 00:00:00-05:00,35.258461368586985,35.574121219883374,34.7419230857912,34.96192932128906,248000,0.0,0.0
2022-01-20 00:00:00-05:00,34.97149665035302,35.63151535265892,34.072336612165,34.110599517822266,209500,0.0,0.0
2022-01-21 00:00:00-05:00,33.976682183444886,35.277591753030954,33.775807406981244,34.41669464111328,292500,0.0,0.0
2022-01-24 00:00:00-05:00,33.890585853071286,35.6219436404641,33.71840646431617,35.449764251708984,325300,0.0,0.0
2022-01-25 00:00:00-05:00,34.78974997379801,34.95236549977181,33.861898221770815,34.674964904785156,447900,0.0,0.0
2022-01-26 00:00:00-05:00,35.02888926681359,35.7463023666604,33.842768318479834,34.34973907470703,262400,0.0,0.0
2022-01-27 00:00:00-05:00,34.177555891393794,35.07671223099023,33.584495482253644,33.8714599609375,168500,0.0,0.0
2022-01-28 00:00:00-05:00,33.938418532040345,34.25408201578254,32.96273637631633,34.24451446533203,249800,0.0,0.0
2022-01-31 00:00:00-05:00,33.88102492159213,34.560178709416704,33.661018692757935,34.41669464111328,271900,0.0,0.0
2022-02-01 00:00:00-05:00,34.454958668780705,34.780186071776754,33.96711573981086,34.674964904785156,177800,0.0,0.0
2022-02-02 00:00:00-05:00,34.61756371797074,34.61756371797074,33.65144925050803,34.0818977355957,212400,0.0,0.0
2022-02-03 00:00:00-05:00,34.789750138057784,34.904538856564166,33.785372569312145,34.101036071777344,427000,0.0,0.0
2022-02-04 00:00:00-05:00,33.95754701739038,34.07233207010907,33.316659853347396,33.651451110839844,396700,0.0,0.0
2022-02-07 00:00:00-05:00,33.68971480470236,34.29233908237902,33.68971480470236,34.01494216918945,156300,0.0,0.0
2022-02-08 00:00:00-05:00,34.15843137891157,35.01932863880587,34.15843137891157,34.837581634521484,256000,0.0,0.0
2022-02-09 00:00:00-05:00,35.05758094833133,35.34454539853091,34.636696349017704,34.818443298339844,336900,0.0,0.0
2022-02-10 00:00:00-05:00,34.29234472759645,34.87584129955085,33.69928425317881,33.96711730957031,378700,0.0,0.0
2022-02-11 00:00:00-05:00,33.95755153763357,34.52191662463963,33.20187557132942,33.72797775268555,293000,0.0,0.0
2022-02-14 00:00:00-05:00,33.81406478881868,34.27321232236343,33.40274770802531,33.986244201660156,288200,0.0,0.0
2022-02-15 00:00:00-05:00,34.41669724572694,35.19150470508932,34.03407911621412,34.63670349121094,624400,0.0,0.0
2022-02-16 00:00:00-05:00,34.71322901527996,34.914103805260446,34.177559259713625,34.646270751953125,740100,0.0,0.0
2022-02-17 00:00:00-05:00,34.33060667394287,34.64627018066577,33.517539976122876,33.7088508605957,246300,0.0,0.0
2022-02-18 00:00:00-05:00,33.670580660671256,34.33059923773953,33.49840126683591,33.890586853027344,228300,0.0,0.0
2022-02-22 00:00:00-05:00,33.74710859837001,33.99581383166857,32.73316715954938,32.981868743896484,252500,0.0,0.0
2022-02-23 00:00:00-05:00,33.34535826709152,33.613191297686186,32.589682331969264,32.618377685546875,194800,0.0,0.0
2022-02-24 00:00:00-05:00,32.20705172075074,33.17316971328589,31.83399763115909,33.03925323486328,384700,0.0,0.0
2022-02-25 00:00:00-05:00,31.384429907632885,32.388807416907255,29.67220327195531,31.001808166503906,773900,0.0,0.0
2022-02-28 00:00:00-05:00,30.504397208180286,30.638313704651747,28.09389114931685,28.95478630065918,1387000,0.0,0.0
2022-03-01 00:00:00-05:00,28.98348567387836,29.251320528479283,26.630371811903096,26.850378036499023,1305800,0.0,0.0
2022-03-02 00:00:00-05:00,27.357350072423085,28.543472707938268,27.357350072423085,28.055631637573242,828500,0.0,0.0
2022-03-03 00:00:00-05:00,28.22781301128369,28.581735769081433,27.47213703875613,27.720840454101562,884100,0.0,0.0
2022-03-04 00:00:00-05:00,27.156471626555994,28.428683883264057,27.11821055033027,28.294767379760742,745500,0.0,0.0
2022-03-07 00:00:00-05:00,28.313900061166528,28.6773885112548,27.309520767795863,27.357349395751953,695100,0.0,0.0
2022-03-08 00:00:00-05:00,27.519963358237025,29.260885294859698,27.519963358237025,28.973920822143555,671200,0.0,0.0
2022-03-09 00:00:00-05:00,29.423497791317256,29.64350399979057,28.79217451732176,29.193925857543945,566500,0.0,0.0
2022-03-10 00:00:00-05:00,28.715651593119002,30.533097503872288,28.715651593119002,30.40874671936035,455400,0.0,0.0
2022-03-11 00:00:00-05:00,30.48527070009284,31.049633917697676,30.255696933419763,30.40874671936035,469400,0.0,0.0
2022-03-14 00:00:00-04:00,30.676585096868184,31.040075437182068,30.236572586934038,30.3704891204834,365500,0.0,0.0
2022-03-15 00:00:00-04:00,30.313092812685998,30.638318378807764,29.777423096127976,30.32265853881836,359400,0.0,0.0
2022-03-16 00:00:00-04:00,30.418307173413734,30.829624207417147,29.987860514751752,30.781797409057617,323300,0.0,0.0
2022-03-17 00:00:00-04:00,30.466139910110506,31.059202142017423,30.456574184251853,30.91571807861328,316300,0.0,0.0
2022-03-18 00:00:00-04:00,31.03049078576715,31.824429295662988,30.475693502652465,31.8052978515625,1093900,0.0,0.0
2022-03-21 00:00:00-04:00,31.82444662038278,31.853141977679872,31.011376223763932,31.470523834228516,756500,0.0,0.0
2022-03-22 00:00:00-04:00,31.671393221928504,31.95835769272506,31.31747049624446,31.604434967041016,235600,0.0,0.0
2022-03-23 00:00:00-04:00,31.47051692598391,31.747913833184068,30.93484726399722,31.020936965942383,212800,0.0,0.0
2022-03-24 00:00:00-04:00,31.193121370578194,31.23138427734375,30.848762507591424,31.23138427734375,157700,0.0,0.0
2022-03-25 00:00:00-04:00,31.327026102059186,31.700080180205866,31.288763209697922,31.623558044433594,184000,0.0,0.0
2022-03-28 00:00:00-04:00,31.422690005865416,31.451389009038653,30.667017702730547,31.07833480834961,208900,0.0,0.0
2022-03-29 00:00:00-04:00,31.384419181993756,31.671383565294605,31.097451149742795,31.460941314697266,230700,0.0,0.0
2022-03-30 00:00:00-04:00,31.585795383038615,31.691434082796917,30.865535517520502,31.163244247436523,463100,0.13,0.0
2022-03-31 00:00:00-04:00,31.01919159702735,31.576194332292722,31.01919159702735,31.499364852905273,324300,0.0,0.0
2022-04-01 00:00:00-04:00,31.729851305303672,31.90271397963407,31.076815349706926,31.797075271606445,530100,0.0,0.0
2022-04-04 00:00:00-04:00,31.9795399160188,31.9795399160188,31.009591496241175,31.22086524963379,448400,0.0,0.0
2022-04-05 00:00:00-04:00,31.240071244372825,31.32650257804504,30.241311812194258,30.44298553466797,333600,0.0,0.0
2022-04-06 00:00:00-04:00,30.24131308530473,30.404572074479006,29.71312320770804,29.90519142150879,409700,0.0,0.0
2022-04-07 00:00:00-04:00,29.866775219001784,30.385361353983537,29.626688604430573,30.260517120361328,280000,0.0,0.0
2022-04-08 00:00:00-04:00,30.15488052368164,30.606244562804854,29.92439757744911,30.15488052368164,350000,0.0,0.0
2022-04-11 00:00:00-04:00,30.087653996056368,30.87513961822263,29.95320608014003,30.663862228393555,389000,0.0,0.0
2022-04-12 00:00:00-04:00,30.932758979138907,31.374517476967508,30.471793112261533,30.71187973022461,356400,0.0,0.0
2022-04-13 00:00:00-04:00,30.615844976681903,31.02879608787513,30.58703575457963,30.980775833129883,197100,0.0,0.0
2022-04-14 00:00:00-04:00,31.057607982995133,31.835490017585876,30.817521342329872,31.230470657348633,454000,0.0,0.0
2022-04-18 00:00:00-04:00,31.220864298208962,31.54738226724515,30.60624493254622,30.79831314086914,289700,0.0,0.0
2022-04-19 00:00:00-04:00,30.903947743739728,31.595398330719974,30.8175164203672,31.19205093383789,180600,0.0,0.0
2022-04-20 00:00:00-04:00,31.595398774394095,32.06596647002845,31.18244951952998,31.26888084411621,272800,0.0,0.0
2022-04-21 00:00:00-04:00,31.57619444110867,31.605003664262636,30.308535502581325,30.548622131347656,257900,0.0,0.0
2022-04-22 00:00:00-04:00,30.28932308411829,30.567822557733543,29.444217317067118,29.463424682617188,193800,0.0,0.0
2022-04-25 00:00:00-04:00,29.204137848281942,29.722725854016545,28.839206972617905,29.578672409057617,365100,0.0,0.0
2022-04-26 00:00:00-04:00,29.35779433235226,29.49224226591405,28.762380485108004,28.954448699951172,298800,0.0,0.0
2022-04-27 00:00:00-04:00,29.002463396735685,29.415410829801345,28.66634177435228,28.76237678527832,210600,0.0,0.0
2022-04-28 00:00:00-04:00,28.868014573163084,29.06008460116562,27.513926187720244,28.714359283447266,445400,0.0,0.0
2022-04-29 00:00:00-04:00,28.93523956725762,29.252153842583756,28.23418705391732,28.474273681640625,362500,0.0,0.0
2022-05-02 00:00:00-04:00,28.36863593675625,29.146516073727,28.118945631812995,29.088895797729492,405800,0.0,0.0
2022-05-03 00:00:00-04:00,30.193296656884673,30.462192524037036,29.54986438207397,29.991622924804688,407700,0.0,0.0
2022-05-04 00:00:00-04:00,29.991624436215254,30.95197105407715,29.991624436215254,30.95197105407715,556400,0.0,0.0
2022-05-05 00:00:00-04:00,30.54862245246,30.673468526491558,29.607483297414927,30.15488052368164,326800,0.0,0.0
2022-05-06 00:00:00-04:00,29.828362011038863,30.731088240998563,29.828362011038863,30.183691024780273,373900,0.0,0.0
2022-05-09 00:00:00-04:00,29.655498624656527,30.078051590563728,29.06968851489043,29.271360397338867,449800,0.0,0.0
2022-05-10 00:00:00-04:00,29.338583460636553,29.693912454857475,28.378237005863305,29.031272888183594,400200,0.0,0.0
2022-05-11 00:00:00-04:00,29.10809833084472,30.049239177479915,28.599115920589785,28.666339874267578,457600,0.0,0.0
2022-05-12 00:00:00-04:00,28.426259504282964,28.73357012080779,27.907671465110496,28.637535095214844,537600,0.0,0.0
2022-05-13 00:00:00-04:00,29.069690199819888,29.444224764198832,28.71436117413335,28.810396194458008,754400,0.0,0.0
2022-05-16 00:00:00-04:00,28.839203942326968,30.17408489341559,28.714357880709564,30.020429611206055,451100,0.0,0.0
2022-05-17 00:00:00-04:00,30.260519013193377,30.827121773844862,30.020432383604458,30.35655403137207,347100,0.0,0.0
2022-05-18 00:00:00-04:00,30.558223000219,31.585793383568916,29.991618462008503,30.40456771850586,619100,0.0,0.0
2022-05-19 00:00:00-04:00,30.049244211440456,31.02879812496916,29.751535464257866,30.69267463684082,484200,0.0,0.0
2022-05-20 00:00:00-04:00,30.89434590968397,30.89434590968397,29.56907034461836,30.44298553466797,313000,0.0,0.0
2022-05-23 00:00:00-04:00,30.70227783051053,31.345710077324725,29.982017934750562,30.999984741210938,248200,0.0,0.0
2022-05-24 00:00:00-04:00,30.731088638305664,30.99998449159284,30.27012274834283,30.731088638305664,318700,0.0,0.0
2022-05-25 00:00:00-04:00,30.66386114141946,31.36491358058295,30.66386114141946,31.19205093383789,239600,0.0,0.0
2022-05-26 00:00:00-04:00,31.34571823702081,31.662634432099598,30.913561454382577,31.259286880493164,270700,0.0,0.0
2022-05-27 00:00:00-04:00,31.403333693272938,32.02755676813093,31.403333693272938,31.777868270874023,186100,0.0,0.0
2022-05-31 00:00:00-04:00,31.585797281406105,31.681834133972526,31.086416638354738,31.355316162109375,270800,0.0,0.0
2022-06-01 00:00:00-04:00,31.653016856638974,31.883501607401907,31.028793886969606,31.758655548095703,319800,0.0,0.0
2022-06-02 00:00:00-04:00,31.75865600689515,31.75865600689515,31.153636732904058,31.451345443725586,285500,0.0,0.0
2022-06-03 00:00:00-04:00,31.268884260094588,31.268884260094588,30.69267414542785,30.999984741210938,390300,0.0,0.0
2022-06-06 00:00:00-04:00,31.211259665773195,31.68183103879756,30.74068829274883,31.124828338623047,260200,0.0,0.0
2022-06-07 00:00:00-04:00,30.750297283177716,31.480159056686706,30.740691766058518,31.32650375366211,293500,0.0,0.0
2022-06-08 00:00:00-04:00,31.1632404313667,31.182447798373563,30.375754869523412,30.77910041809082,306400,0.0,0.0
2022-06-09 00:00:00-04:00,30.980776403022002,31.06720773434982,30.51020867068367,30.57743263244629,166800,0.0,0.0
2022-06-10 00:00:00-04:00,30.154879613973776,30.35655333066545,29.713121104950574,30.106863021850586,286000,0.0,0.0
2022-06-13 00:00:00-04:00,29.48263522585941,29.559462864625125,28.59911646419603,28.829599380493164,435800,0.0,0.0
2022-06-14 00:00:00-04:00,28.964050622002034,29.1177059172077,28.243790738832125,28.474273681640625,294100,0.0,0.0
2022-06-15 00:00:00-04:00,28.589514617245698,28.723962535795046,27.898063992213594,28.262996673583984,416200,0.0,0.0
2022-06-16 00:00:00-04:00,28.138150484737075,28.138150484737075,26.97613214986215,27.22582244873047,503900,0.0,0.0
2022-06-17 00:00:00-04:00,27.273836762063336,27.811630220729082,26.745646986981043,27.05295753479004,900800,0.0,0.0
2022-06-21 00:00:00-04:00,27.475517173372754,28.00370707763062,26.95692912333125,27.571550369262695,358700,0.0,0.0
2022-06-22 00:00:00-04:00,27.110581457622008,27.994100317481315,27.110581457622008,27.725204467773438,248700,0.0,0.0
2022-06-23 00:00:00-04:00,27.6579790420139,27.878860133707388,27.168203928746664,27.705997467041016,228100,0.0,0.0
2022-06-24 00:00:00-04:00,27.93647856450243,28.81999737769982,27.93647856450243,28.080530166625977,506600,0.0,0.0
2022-06-27 00:00:00-04:00,28.339828790210046,28.896829752889715,28.022914480956366,28.608726501464844,311500,0.0,0.0
2022-06-28 00:00:00-04:00,28.80079301035884,29.031275964118798,27.782826173323443,27.936481475830078,300400,0.0,0.0
2022-06-29 00:00:00-04:00,28.06188596845756,28.06188596845756,27.203341408357602,27.608497619628906,728600,0.13,0.0
2022-06-30 00:00:00-04:00,27.232278843351555,28.206583069733423,27.232278843351555,28.110116958618164,309400,0.0,0.0
2022-07-01 00:00:00-04:00,27.859306191455577,28.49598179765699,27.164753493696836,28.148704528808594,360900,0.0,0.0
2022-07-05 00:00:00-04:00,27.69531374125069,27.917186346974425,26.96217571864902,27.878599166870117,296000,0.0,0.0
2022-07-06 00:00:00-04:00,27.502387298777457,27.86895636256955,26.87536025179878,27.425214767456055,438600,0.0,0.0
2022-07-07 00:00:00-04:00,27.840015008570823,28.53456772049142,27.840015008570823,28.15835189819336,266400,0.0,0.0
2022-07-08 00:00:00-04:00,28.3802246351125,28.4573971639936,27.72425721965406,27.801429748535156,188100,0.0,0.0
2022-07-11 00:00:00-04:00,27.512032657703855,27.897895294149862,27.41556653860781,27.79178237915039,144300,0.0,0.0
2022-07-12 00:00:00-04:00,27.540973157942947,28.100474480439026,27.367336339186217,27.531328201293945,155200,0.0,0.0
2022-07-13 00:00:00-04:00,27.299807243305334,27.70496347772611,27.14546218637725,27.473445892333984,212100,0.0,0.0
2022-07-14 00:00:00-04:00,27.106872758251498,27.502382137035404,26.913940546189036,27.434856414794922,246200,0.0,0.0
2022-07-15 00:00:00-04:00,27.975068266495413,28.02330040684167,27.16475579709842,27.733903884887695,194600,0.0,0.0
2022-07-18 00:00:00-04:00,27.87860124776922,28.274110673669682,27.60849832663027,27.685670852661133,211400,0.0,0.0
2022-07-19 00:00:00-04:00,27.994358913867362,28.621385872102483,27.994358913867362,28.495981216430664,276200,0.0,0.0
2022-07-20 00:00:00-04:00,28.766086842160014,29.180889868566105,28.505628871169463,28.901138305664062,306900,0.0,0.0
2022-07-21 00:00:00-04:00,28.351281802503,29.21947497748696,28.19693675804764,29.190534591674805,232100,0.0,0.0
2022-07-22 00:00:00-04:00,29.238768804362383,29.422054247645164,28.486337119196165,28.901138305664062,147400,0.0,0.0
2022-07-25 00:00:00-04:00,28.756436822240072,29.11336087283414,28.631032168751233,28.910781860351562,151800,0.0,0.0
2022-07-26 00:00:00-04:00,28.852906288605354,29.325588252819195,28.795027352562773,28.80467414855957,304100,0.0,0.0
2022-07-27 00:00:00-04:00,28.939720648513564,29.518515429471414,28.804669207600625,29.402755737304688,768500,0.0,0.0
2022-07-28 00:00:00-04:00,29.151949480698867,29.7210975625205,28.023300113011345,28.901138305664062,662300,0.0,0.0
2022-07-29 00:00:00-04:00,28.717855141933367,29.248416048053862,28.534569695844848,28.843259811401367,787500,0.0,0.0
2022-08-01 00:00:00-04:00,28.679264358717166,30.13589726866063,28.225876038379,29.52816390991211,803600,0.0,0.0
2022-08-02 00:00:00-04:00,29.48958205856808,29.75004004792229,29.094072596187978,29.229124069213867,259300,0.0,0.0
2022-08-03 00:00:00-04:00,29.373821009969635,29.373821009969635,28.81431974501489,28.881845474243164,481300,0.0,0.0
2022-08-04 00:00:00-04:00,28.843258849826764,29.74039061821578,28.814320302419482,29.41240692138672,321100,0.0,0.0
2022-08-05 00:00:00-04:00,29.113358517476552,29.76932579634967,29.036186004664295,29.422048568725586,898300,0.0,0.0
2022-08-08 00:00:00-04:00,29.60533944764397,30.116606749529755,29.595692651767497,29.80791664123535,896900,0.0,0.0
2022-08-09 00:00:00-04:00,29.663216073759266,29.94296761258449,29.036189110106434,29.605337142944336,980600,0.0,0.0
2022-08-10 00:00:00-04:00,30.0876669416306,30.54105528920577,29.94296868942049,29.98155403137207,289300,0.0,0.0
2022-08-11 00:00:00-04:00,30.19378236552758,30.70505155965608,30.087671279907227,30.087671279907227,529600,0.0,0.0
2022-08-12 00:00:00-04:00,30.434938430786133,30.79186245721146,30.164835552349754,30.434938430786133,456100,0.0,0.0
2022-08-15 00:00:00-04:00,30.1841324215237,30.772572213459316,30.14554524044566,30.425296783447266,448600,0.0,0.0
2022-08-16 00:00:00-04:00,30.463882348264654,31.187377279285588,30.32883089337604,30.656814575195312,471000,0.0,0.0
2022-08-17 00:00:00-04:00,30.34812317896425,30.521761818274378,30.049079877895753,30.406003952026367,219200,0.0,0.0
2022-08-18 00:00:00-04:00,30.29988730543925,30.705043467228627,30.203421202167895,30.666458129882812,324100,0.0,0.0
2022-08-19 00:00:00-04:00,30.569995090258285,30.608580431471022,29.962259866699604,29.971906661987305,226800,0.0,0.0
2022-08-22 00:00:00-04:00,29.441347538912062,29.576399001037014,28.86255266704513,29.123010635375977,341400,0.0,0.0
2022-08-23 00:00:00-04:00,29.200181732788632,29.894734441063928,29.200181732788632,29.84650230407715,316300,0.0,0.0
2022-08-24 00:00:00-04:00,30.058724876707718,30.24201030057269,29.79826693331086,30.213069915771484,255800,0.0,0.0
2022-08-25 00:00:00-04:00,30.203425223904457,30.878684356842285,29.58604502466116,30.801513671875,783800,0.0,0.0
2022-08-26 00:00:00-04:00,30.68575731309049,30.68575731309049,29.508875719872773,29.653573989868164,267400,0.0,0.0
2022-08-29 00:00:00-04:00,29.36417331507515,29.61498447305471,29.180887884255842,29.35452651977539,185300,0.0,0.0
2022-08-30 00:00:00-04:00,29.47993603744589,29.499229631225226,28.71785748254576,29.045841217041016,227300,0.0,0.0
2022-08-31 00:00:00-04:00,29.045837641273774,29.132656962654295,28.717853947155845,28.92043113708496,281900,0.0,0.0
2022-09-01 00:00:00-04:00,28.72750061805477,28.89149246440129,28.16799934933219,28.33199119567871,327500,0.0,0.0
2022-09-02 00:00:00-04:00,28.602094545366107,28.843258920689493,27.994361129123966,28.177644729614258,507400,0.0,0.0
2022-09-06 00:00:00-04:00,28.19694021270098,28.19694021270098,27.25157623960261,27.492740631103516,289500,0.0,0.0
2022-09-07 00:00:00-04:00,27.512033747026805,28.216233316415412,27.328748297481056,28.168001174926758,207900,0.0,0.0
2022-09-08 00:00:00-04:00,27.984712392377677,28.293402476991634,27.63743512721796,28.27410888671875,162500,0.0,0.0
2022-09-09 00:00:00-04:00,28.39951779553265,28.91078510161981,28.39951779553265,28.901138305664062,210000,0.0,0.0
2022-09-12 00:00:00-04:00,29.103715089902867,29.460639152907262,28.9976021825349,29.21947479248047,173800,0.0,0.0
2022-09-13 00:00:00-04:00,28.602092446930154,28.7853778739116,27.569909290663848,27.589202880859375,386800,0.0,0.0
2022-09-14 00:00:00-04:00,27.569908128907876,27.569908128907876,26.894647220023185,27.212984085083008,502200,0.0,0.0
2022-09-15 00:00:00-04:00,26.98146867425212,27.45415061202046,26.68242537483503,27.18404769897461,471600,0.0,0.0
2022-09-16 00:00:00-04:00,26.836770066932353,27.13581336238988,26.431613862790062,26.8850040435791,993000,0.0,0.0
2022-09-19 00:00:00-04:00,26.846416018274116,27.946124892114636,26.846416018274116,27.878599166870117,357800,0.0,0.0
2022-09-20 00:00:00-04:00,27.762843297695692,27.762843297695692,27.23228057283548,27.521678924560547,651400,0.0,0.0
2022-09-21 00:00:00-04:00,27.93647903512971,28.07153233009154,27.16475380651102,27.309452056884766,177900,0.0,0.0
2022-09-22 00:00:00-04:00,27.10687202250384,27.13581056557119,26.74994799185747,27.00075912475586,289500,0.0,0.0
2022-09-23 00:00:00-04:00,26.6438396120068,26.6438396120068,25.756354683295616,26.007164001464844,431800,0.0,0.0
2022-09-26 00:00:00-04:00,25.823881305286246,26.286916456326292,25.524836160293685,25.534482955932617,314700,0.0,0.0
2022-09-27 00:00:00-04:00,25.756355166671266,25.823880895133183,25.100387793147338,25.331905364990234,297500,0.0,0.0
2022-09-28 00:00:00-04:00,25.573069192876954,25.978225395040127,25.447662694146075,25.58271598815918,261800,0.0,0.0
2022-09-29 00:00:00-04:00,25.38883760956135,25.38883760956135,24.603614512552838,25.233732223510742,346600,0.13,0.0
2022-09-30 00:00:00-04:00,25.272502827734286,25.640879436131062,24.574528723563862,24.613304138183594,314600,0.0,0.0
2022-10-03 00:00:00-04:00,24.894434526145293,26.106196316950637,24.78779889687386,26.067419052124023,417400,0.0,0.0
2022-10-04 00:00:00-04:00,26.426103589532246,26.901114029799835,26.300079317194818,26.75570297241211,661800,0.0,0.0
2022-10-05 00:00:00-04:00,26.358241694944827,27.094993049399154,25.980170777486972,26.910804748535156,302800,0.0,0.0
2022-10-06 00:00:00-04:00,26.78478556794225,27.07560954793524,26.30008078362261,26.445493698120117,234300,0.0,0.0
2022-10-07 00:00:00-04:00,26.348549858629568,26.348549858629568,25.912314854744242,26.05772590637207,270300,0.0,0.0
2022-10-10 00:00:00-04:00,26.154667223791236,26.435796859406633,25.76690380311641,26.05772590637207,259000,0.0,0.0
2022-10-11 00:00:00-04:00,25.854152666368858,26.523045770844643,25.689352969585027,26.183752059936523,270900,0.0,0.0
2022-10-12 00:00:00-04:00,26.397020448744357,26.397020448744357,25.873540276110305,26.144973754882812,186800,0.0,0.0
2022-10-13 00:00:00-04:00,25.776596925302808,27.08530002731326,25.446997570751975,26.97866439819336,195500,0.0,0.0
2022-10-14 00:00:00-04:00,26.77509115876696,26.998054899633495,25.359752329653794,25.456693649291992,345600,0.0,0.0
2022-10-17 00:00:00-04:00,25.92201052247592,26.56182066218759,25.883235102888328,26.32916259765625,379100,0.0,0.0
2022-10-18 00:00:00-04:00,26.697543074940242,27.22102333282026,26.086813950244323,26.455190658569336,342300,0.0,0.0
2022-10-19 00:00:00-04:00,26.397014673912842,26.610285902293562,25.73781605710243,26.270992279052734,242300,0.0,0.0
2022-10-20 00:00:00-04:00,26.096499912875153,26.658757264864967,25.621489550763204,25.78628921508789,173800,0.0,0.0
2022-10-21 00:00:00-04:00,26.009256692089767,26.358244702174314,25.883234271226943,26.241914749145508,229500,0.0,0.0
2022-10-24 00:00:00-04:00,26.47457300326836,26.939890969845376,26.17405657512633,26.852643966674805,206900,0.0,0.0
2022-10-25 00:00:00-04:00,26.872027885226032,27.657250830006603,26.872027885226032,27.34703826904297,314800,0.0,0.0
2022-10-26 00:00:00-04:00,27.68633180941241,27.696026125244686,27.182240329145664,27.269485473632812,201400,0.0,0.0
2022-10-27 00:00:00-04:00,29.062893232736496,30.8175255698369,28.71390710768476,30.662418365478516,783900,0.0,0.0
2022-10-28 00:00:00-04:00,31.050180819399873,32.203780332025346,30.95324136197064,32.19408416748047,654300,0.0,0.0
2022-10-31 00:00:00-04:00,32.18439531388651,32.872675153707284,31.971124045996934,32.69818115234375,432000,0.0,0.0
2022-11-01 00:00:00-04:00,32.87267498775843,33.5997320904349,32.47521725288211,33.40584945678711,358800,0.0,0.0
2022-11-02 00:00:00-04:00,33.33799106386647,33.61912069753764,32.54307559473006,32.74665069580078,349900,0.0,0.0
2022-11-03 00:00:00-04:00,32.72725702241276,33.06655250328028,32.16500153966554,32.882362365722656,329100,0.0,0.0
2022-11-04 00:00:00-04:00,33.64819885345215,33.69666858308366,32.93083797969789,33.367069244384766,273900,0.0,0.0
2022-11-07 00:00:00-05:00,33.27013284819847,33.51248521667195,32.8532864785838,32.95022964477539,316900,0.0,0.0
2022-11-08 00:00:00-05:00,32.998704074753874,33.72576128363826,32.66910465880611,32.91145706176758,539000,0.0,0.0
2022-11-09 00:00:00-05:00,32.66911267076101,32.7272748950131,32.09716071158311,32.20379638671875,231300,0.0,0.0
2022-11-10 00:00:00-05:00,33.250741497968995,33.85177428723048,32.75634433380299,32.81450653076172,204500,0.0,0.0
2022-11-11 00:00:00-05:00,32.62062374546704,33.20226783416363,32.378271425509645,32.61092758178711,236200,0.0,0.0
2022-11-14 00:00:00-05:00,32.70787625614653,33.15380371270841,32.19408673636531,32.329803466796875,298300,0.0,0.0
2022-11-15 00:00:00-05:00,32.60124230423426,34.17168464837826,32.60124230423426,34.074745178222656,390600,0.0,0.0
2022-11-16 00:00:00-05:00,34.045660591999294,34.181377330268624,33.367073202648875,33.57065200805664,272900,0.0,0.0
2022-11-17 00:00:00-05:00,33.03748089546928,33.88086621081367,32.74665505748474,33.87117004394531,241000,0.0,0.0
2022-11-18 00:00:00-05:00,34.355876246115464,34.69517183828398,33.77423194240414,34.34618377685547,267000,0.0,0.0
2022-11-21 00:00:00-05:00,34.04566506462177,34.57883961986815,34.006891490025204,34.44312286376953,219000,0.0,0.0
2022-11-22 00:00:00-05:00,34.49159374665082,34.637002961118284,33.977804167787966,34.307403564453125,158200,0.0,0.0
2022-11-23 00:00:00-05:00,33.96810575813161,34.51097264733247,33.803304239621816,33.82269287109375,121000,0.0,0.0
2022-11-25 00:00:00-05:00,34.045662941093866,34.54006389090644,33.98750073382464,34.414039611816406,73800,0.0,0.0
2022-11-28 00:00:00-05:00,34.22014637598774,34.22014637598774,33.3185954620881,33.46400833129883,162400,0.0,0.0
2022-11-29 00:00:00-05:00,33.5706459210672,33.803302087914325,33.16349208208009,33.541561126708984,212800,0.0,0.0
2022-11-30 00:00:00-05:00,33.493095886933965,34.93751760012028,33.10533432424223,34.918128967285156,352900,0.0,0.0
2022-12-01 00:00:00-05:00,35.09262471328635,35.17987171638969,34.26862441775389,34.840576171875,217900,0.0,0.0
2022-12-02 00:00:00-05:00,34.56914307338274,35.74212769617524,34.43342633329155,35.402835845947266,270300,0.0,0.0
2022-12-05 00:00:00-05:00,35.24772829240038,35.36405639128518,33.69667094925412,34.71455383300781,219800,0.0,0.0
2022-12-06 00:00:00-05:00,34.65638964468651,34.96660038902243,34.152296260639716,34.43342590332031,139300,0.0,0.0
2022-12-07 00:00:00-05:00,34.37526741643038,34.73395167156169,34.220162010807634,34.481903076171875,230400,0.0,0.0
2022-12-08 00:00:00-05:00,34.68547058881997,35.470693611981325,34.55945001688341,35.344669342041016,243700,0.0,0.0
2022-12-09 00:00:00-05:00,35.005381538799654,35.61611062731989,34.52067673476865,34.63700485229492,195200,0.0,0.0
2022-12-12 00:00:00-05:00,34.75332192144387,34.88904232974939,34.33647562665586,34.743629455566406,157500,0.0,0.0
2022-12-13 00:00:00-05:00,35.48038621867067,35.887540131608205,34.8211874628699,34.8890495300293,240400,0.0,0.0
2022-12-14 00:00:00-05:00,34.89874442079256,35.393141672965356,34.53036774979863,34.821189880371094,198300,0.0,0.0
2022-12-15 00:00:00-05:00,34.617611739657335,34.617611739657335,33.89055462763314,34.17168426513672,309000,0.0,0.0
2022-12-16 00:00:00-05:00,33.774228227104366,34.249240524685334,33.62881531817039,33.89055633544922,776400,0.0,0.0
2022-12-19 00:00:00-05:00,33.81300354003906,34.09412947744427,33.61912090534316,33.81300354003906,309300,0.0,0.0
2022-12-20 00:00:00-05:00,34.035967529239464,34.43342526922587,33.96810916129083,34.17168426513672,182400,0.0,0.0
2022-12-21 00:00:00-05:00,34.6951643637508,35.17017291324751,34.37525747702552,34.50128173828125,155900,0.0,0.0
2022-12-22 00:00:00-05:00,34.16198884934793,34.29770557353321,33.54156372763845,34.132904052734375,142900,0.0,0.0
2022-12-23 00:00:00-05:00,34.035964639610896,34.44311481273591,34.035964639610896,34.33647918701172,116900,0.0,0.0
2022-12-27 00:00:00-05:00,34.2880084079495,34.782409257913294,34.15229168772517,34.42372512817383,101400,0.0,0.0
2022-12-28 00:00:00-05:00,34.27832006225864,34.714555071139934,33.9002509538961,33.919639587402344,119600,0.0,0.0
2022-12-29 00:00:00-05:00,34.12396573791416,34.54236653086531,34.03639339260361,34.435333251953125,167100,0.13,0.0
2022-12-30 00:00:00-05:00,34.23099949745603,34.347761388911685,33.802870087589575,34.123966217041016,188400,0.0,0.0
2023-01-03 00:00:00-05:00,34.27965049071564,34.52290660011197,33.62772589919443,34.085044860839844,149600,0.0,0.0
2023-01-04 00:00:00-05:00,34.13371109338401,34.43534639989434,33.66665593220321,33.841800689697266,165000,0.0,0.0
2023-01-05 00:00:00-05:00,33.86125619376873,33.90017806958343,33.25798196581831,33.549888610839844,99100,0.0,0.0
2023-01-06 00:00:00-05:00,34.026662657793494,34.600747171930415,33.870978910491615,34.52290344238281,145900,0.0,0.0
2023-01-09 00:00:00-05:00,34.639679526721835,35.15538516692388,34.19208903369692,34.39642333984375,184900,0.0,0.0
2023-01-10 00:00:00-05:00,34.36722514360519,34.98996023154011,34.16289088883791,34.9510383605957,131700,0.0,0.0
2023-01-11 00:00:00-05:00,35.17484175143221,35.700272229058406,35.15538081347652,35.661354064941406,189300,0.0,0.0
2023-01-12 00:00:00-05:00,35.98244752968139,36.62464358628166,35.69054090609838,36.537071228027344,198100,0.0,0.0
2023-01-13 00:00:00-05:00,36.663571872277025,38.14256989716444,36.342471931914375,38.045265197753906,478400,0.0,0.0
2023-01-17 00:00:00-05:00,37.94796371459961,38.30798181823047,37.76309035582586,37.94796371459961,721200,0.0,0.0
2023-01-18 00:00:00-05:00,38.04525869324278,38.7750271109786,37.879846300217174,38.30797576904297,682900,0.0,0.0
2023-01-19 00:00:00-05:00,38.288513802894904,38.288513802894904,37.78254431324928,38.18148422241211,353000,0.0,0.0
2023-01-20 00:00:00-05:00,38.44419264732255,38.66799152707768,37.94795183345879,38.599876403808594,458100,0.0,0.0
2023-01-23 00:00:00-05:00,38.65826631354818,39.16423954312309,38.415010167317604,38.8431396484375,281900,0.0,0.0
2023-01-24 00:00:00-05:00,39.1545136915826,40.069155529662865,38.590157610868864,39.94266128540039,515100,0.0,0.0
2023-01-25 00:00:00-05:00,39.796708166415485,39.991310119628906,39.33938541041641,39.991310119628906,1141500,0.0,0.0
2023-01-26 00:00:00-05:00,40.14699669104853,40.3221414305118,39.7285994932136,40.069156646728516,251800,0.0,0.0
2023-01-27 00:00:00-05:00,40.12754269220119,40.7210846772517,39.99131610804078,40.38052749633789,270200,0.0,0.0
2023-01-30 00:00:00-05:00,40.11780661642014,40.55566845938118,39.94266187923572,40.10807800292969,200600,0.0,0.0
2023-01-31 00:00:00-05:00,40.20538319568485,41.431396484375,39.92320512158054,41.431396484375,487200,0.0,0.0
2023-02-01 00:00:00-05:00,41.304895016665625,41.723295891652796,40.00104190405791,40.302677154541016,461300,0.0,0.0
2023-02-02 00:00:00-05:00,40.341597527959536,41.655182916284616,39.611829105043654,41.645450592041016,385300,0.0,0.0
2023-02-03 00:00:00-05:00,41.596801730261774,42.66712730760928,41.100560816493754,41.93735885620117,1129500,0.0,0.0
2023-02-06 00:00:00-05:00,41.77194544332708,41.77194544332708,41.061637946583986,41.674644470214844,201700,0.0,0.0
2023-02-07 00:00:00-05:00,41.39247127807201,41.791411253219614,41.012992242174846,41.596805572509766,721400,0.0,0.0
2023-02-08 00:00:00-05:00,41.324353816125864,41.58707088997664,40.71134731047406,41.13947677612305,303400,0.0,0.0
2023-02-09 00:00:00-05:00,41.470310311059606,41.54815406616136,39.358848563150694,40.10807800292969,364100,0.0,0.0
2023-02-10 00:00:00-05:00,40.117796177070424,40.16644665545205,39.69939538176,39.89400100708008,193000,0.0,0.0
2023-02-13 00:00:00-05:00,39.90374373126367,40.49728942810907,39.61183704593827,40.38052749633789,151500,0.0,0.0
2023-02-14 00:00:00-05:00,40.10807524192405,40.419442817307726,39.49506870397744,39.825897216796875,202200,0.0,0.0
2023-02-15 00:00:00-05:00,39.232351087999646,40.176186126056415,39.096128239577894,40.137264251708984,223500,0.0,0.0
2023-02-16 00:00:00-05:00,40.09833832180112,42.74496612103738,40.09833832180112,42.01519775390625,495200,0.0,0.0
2023-02-17 00:00:00-05:00,42.54063137438574,42.95903219695237,41.61625737774333,42.5990104675293,416500,0.0,0.0
2023-02-21 00:00:00-05:00,42.42386729256885,42.74496716359931,40.80864674906135,41.39246368408203,378100,0.0,0.0
2023-02-22 00:00:00-05:00,41.684371864020996,41.87897751634969,40.62377495621336,41.00325393676758,304600,0.0,0.0
2023-02-23 00:00:00-05:00,41.45084716378892,42.1611583999663,40.886494816547945,41.966552734375,373800,0.0,0.0
2023-02-24 00:00:00-05:00,41.334079382108676,42.783887487591045,41.334079382108676,42.46278762817383,327400,0.0,0.0
2023-02-27 00:00:00-05:00,42.66712573185123,42.920114197600945,41.77194491284553,41.98601150512695,316800,0.0,0.0
2023-02-28 00:00:00-05:00,41.888712778384935,42.6087526927674,41.888712778384935,42.03466796875,434700,0.0,0.0
2023-03-01 00:00:00-05:00,42.23899622943608,42.83254180813134,41.98601147565808,42.6671257019043,348900,0.0,0.0
2023-03-02 00:00:00-05:00,42.667121858510605,42.667121858510605,42.05411911010742,42.05411911010742,268400,0.0,0.0
2023-03-03 00:00:00-05:00,42.190352230783375,42.84227700808686,41.78167992040343,42.3363037109375,274400,0.0,0.0
2023-03-06 00:00:00-05:00,42.10277882197749,42.453068304599604,41.236787440936496,41.80113983154297,335600,0.0,0.0
2023-03-07 00:00:00-05:00,41.90816600977313,42.0833107212792,41.25624135945143,41.6259880065918,215500,0.0,0.0
2023-03-08 00:00:00-05:00,41.849782682684754,42.11249974668375,41.06163520248171,41.5286865234375,252200,0.0,0.0
2023-03-09 00:00:00-05:00,41.70383837720126,41.74276025523057,40.66270226658192,40.886497497558594,219700,0.0,0.0
2023-03-10 00:00:00-05:00,40.604316155256065,40.80865043064018,39.2810021039783,39.825897216796875,412000,0.0,0.0
2023-03-13 00:00:00-04:00,39.02802433997656,39.602109106004896,38.804229087022456,39.31993103027344,650700,0.0,0.0
2023-03-14 00:00:00-04:00,40.38052042633421,40.43890323789532,39.271272989232834,39.72859573364258,256900,0.0,0.0
2023-03-15 00:00:00-04:00,38.648540460082586,38.92098617553711,37.947961521148684,38.92098617553711,407300,0.0,0.0
2023-03-16 00:00:00-04:00,38.33716647364941,39.68966992378816,38.10363896235494,39.0474739074707,432100,0.0,0.0
2023-03-17 00:00:00-04:00,38.75556945318867,39.00855420198766,38.298246728743266,38.959903717041016,1289600,0.0,0.0
2023-03-20 00:00:00-04:00,39.47560449611803,40.20537288642605,39.47560449611803,39.7188606262207,486700,0.0,0.0
2023-03-21 00:00:00-04:00,40.36105228077213,40.70161305303066,39.79670005031683,39.89400100708008,404500,0.0,0.0
2023-03-22 00:00:00-04:00,39.80643675805637,39.89400912167328,39.05720736084377,39.105857849121094,218400,0.0,0.0
2023-03-23 00:00:00-04:00,39.00855629995071,39.62156283627061,37.792275551900104,38.53177261352539,301700,0.0,0.0
2023-03-24 00:00:00-04:00,38.02580104675354,39.0377437538273,37.909035428719044,38.82368087768555,247700,0.0,0.0
2023-03-27 00:00:00-04:00,39.43668314092805,39.874544923205825,39.16423745941922,39.271270751953125,280300,0.0,0.0
2023-03-28 00:00:00-04:00,39.05720519273002,39.70913357719862,39.05720519273002,39.261539459228516,158800,0.0,0.0
2023-03-29 00:00:00-04:00,39.69940510105542,39.72859836466641,38.94044705947026,39.329654693603516,286400,0.0,0.0
2023-03-30 00:00:00-04:00,39.73963864283481,39.77868609958225,39.027039314161,39.534645080566406,268800,0.13,0.0
2023-03-31 00:00:00-04:00,39.76892272734501,40.198433543859686,39.63225664030977,40.1008186340332,1126500,0.0,0.0
2023-04-03 00:00:00-04:00,40.10082731716792,40.871994208828134,39.876306273164694,40.227725982666016,733300,0.0,0.0
2023-04-04 00:00:00-04:00,40.20820104676145,40.20820104676145,38.25587269583555,38.56824493408203,368000,0.0,0.0
2023-04-05 00:00:00-04:00,38.43158300847671,38.49991420368094,37.660416130633116,38.18754196166992,468500,0.0,0.0
2023-04-06 00:00:00-04:00,38.35348949725954,38.35348949725954,37.49446402164046,37.631126403808594,300800,0.0,0.0
2023-04-10 00:00:00-04:00,37.45541371107959,38.19730047746576,37.45541371107959,37.79707336425781,499600,0.0,0.0
2023-04-11 00:00:00-04:00,37.97279252516809,38.16802240494624,37.484710378180175,37.52375411987305,244100,0.0,0.0
2023-04-12 00:00:00-04:00,37.865411178086404,38.48039195866657,37.601846390507326,38.25587463378906,195800,0.0,0.0
2023-04-13 00:00:00-04:00,38.27539391621246,38.46086748060094,37.6311257516069,38.05087661743164,172000,0.0,0.0
2023-04-14 00:00:00-04:00,38.04111502790937,38.47062587847271,37.533509264277924,37.679931640625,146800,0.0,0.0
2023-04-17 00:00:00-04:00,37.69946222335699,38.05088194851729,37.48470862091431,37.81660461425781,254700,0.0,0.0
2023-04-18 00:00:00-04:00,37.855637489362735,38.00206357407821,37.13327823831713,37.39684295654297,153800,0.0,0.0
2023-04-19 00:00:00-04:00,37.19185443923841,37.728747726937826,36.88924592119427,37.50422668457031,389200,0.0,0.0
2023-04-20 00:00:00-04:00,37.416375792525,37.562798189119924,37.11376354819534,37.46518325805664,191100,0.0,0.0
2023-04-21 00:00:00-04:00,37.38708626781274,37.39684999464199,36.71353434365294,36.869720458984375,113200,0.0,0.0
2023-04-24 00:00:00-04:00,36.947809414306036,37.48470264423651,36.947809414306036,37.24066162109375,181700,0.0,0.0
2023-04-25 00:00:00-04:00,36.8111425873925,37.19184594167225,36.528054141061915,36.71352767944336,295200,0.0,0.0
2023-04-26 00:00:00-04:00,36.29378394535979,36.3425914088459,35.91308051688908,36.1668815612793,244900,0.0,0.0
2023-04-27 00:00:00-04:00,36.34259135512089,36.82091343362749,36.205928968053506,36.7916259765625,154600,0.0,0.0
2023-04-28 00:00:00-04:00,36.66473227935233,37.39685550097363,36.66473227935233,37.22114562988281,179700,0.0,0.0
2023-05-01 00:00:00-04:00,37.18208969894314,38.089922584964825,36.94780868290478,37.3577995300293,372000,0.0,0.0
2023-05-02 00:00:00-04:00,35.317619906109826,36.47925392580021,34.02908350188781,35.844749450683594,691400,0.0,0.0
2023-05-03 00:00:00-04:00,35.854503538672176,35.88378726728259,34.46835243581654,34.60501480102539,603200,0.0,0.0
2023-05-04 00:00:00-04:00,34.546445518097535,34.546445518097535,33.56052145508604,34.29264450073242,475400,0.0,0.0
2023-05-05 00:00:00-04:00,34.839289882764966,35.239516951565975,34.497633991265296,34.975955963134766,303200,0.0,0.0
2023-05-08 00:00:00-04:00,35.06380721366334,35.17118584371258,34.38049542929536,34.63429641723633,268900,0.0,0.0
2023-05-09 00:00:00-04:00,34.4390640525976,37.074707545632535,34.35120914537077,36.99661636352539,3076000,0.0,0.0
2023-05-10 00:00:00-04:00,37.66040458373233,37.80682693265994,35.776407982126685,36.29377365112305,356400,0.0,0.0
2023-05-11 00:00:00-04:00,35.93260336972829,36.67448647840774,35.80570098874617,36.62567901611328,596000,0.0,0.0
2023-05-12 00:00:00-04:00,36.938044568685434,37.162561833686595,35.600700979865444,36.12782669067383,534900,0.0,0.0
2023-05-15 00:00:00-04:00,36.21568615013514,36.4890146267492,35.942361397291556,36.332828521728516,316500,0.0,0.0
2023-05-16 00:00:00-04:00,35.99116544473768,36.03021289823355,35.493323445860746,35.62998580932617,239000,0.0,0.0
2023-05-17 00:00:00-04:00,35.72761327297045,36.53783146073204,35.698329534444134,36.36212158203125,208000,0.0,0.0
2023-05-18 00:00:00-04:00,36.284015978443016,36.63543563251118,36.02045496166222,36.54758071899414,504900,0.0,0.0
2023-05-19 00:00:00-04:00,36.811147497819164,36.938049874097246,35.81545966408378,36.2156867980957,411000,0.0,0.0
2023-05-22 00:00:00-04:00,36.284017567236525,36.30354129595858,35.60070568081702,35.97164535522461,370000,0.0,0.0
2023-05-23 00:00:00-04:00,36.07902377371335,36.61591327698631,35.58118172763818,36.332828521728516,300200,0.0,0.0
2023-05-24 00:00:00-04:00,36.36211809476681,36.36211809476681,35.31762265142284,35.698326110839844,895900,0.0,0.0
2023-05-25 00:00:00-04:00,35.54213876385099,35.688564884969374,34.77096814366661,35.28833770751953,475600,0.0,0.0
2023-05-26 00:00:00-04:00,35.2297649820142,35.932604374779224,35.200481248572586,35.844749450683594,400400,0.0,0.0
2023-05-30 00:00:00-04:00,36.02045600726303,36.225449570163235,35.70808379986164,35.747127532958984,346100,0.0,0.0
2023-05-31 00:00:00-04:00,35.70808058921309,35.70808058921309,34.858815235666434,35.32737350463867,868000,0.0,0.0
2023-06-01 00:00:00-04:00,35.46404182154226,35.84474520628708,35.268808266250716,35.600704193115234,524600,0.0,0.0
2023-06-02 00:00:00-04:00,36.07902814957827,37.533514454555124,36.01069695307979,37.46518325805664,246800,0.0,0.0
2023-06-05 00:00:00-04:00,37.46517775658311,37.855641147270624,36.567104882838116,37.738502502441406,433900,0.0,0.0
2023-06-06 00:00:00-04:00,37.61159629923086,38.69513889386171,37.484697665167246,38.38276672363281,373400,0.0,0.0
2023-06-07 00:00:00-04:00,38.54872450814272,39.61274359677335,38.38277466375847,39.57369613647461,702300,0.0,0.0
2023-06-08 00:00:00-04:00,39.31989074832528,39.798212820015934,38.48038898399313,39.36870193481445,642300,0.0,0.0
2023-06-09 00:00:00-04:00,39.222272022829536,39.23203202491934,38.207060512053346,38.72442626953125,579900,0.0,0.0
2023-06-12 00:00:00-04:00,38.58776908549119,38.822050128617796,38.06064325505532,38.50967788696289,582000,0.0,0.0
2023-06-13 00:00:00-04:00,38.490151192194,39.271081736190425,38.26563389353068,38.675621032714844,1007400,0.0,0.0
2023-06-14 00:00:00-04:00,38.529197063635536,38.802521811835646,38.2070611328822,38.62681198120117,630300,0.0,0.0
2023-06-15 00:00:00-04:00,38.558485068069956,39.1929932738883,37.93374058935266,39.17346954345703,707900,0.0,0.0
2023-06-16 00:00:00-04:00,39.417514613696,39.632268222829964,38.51944154099627,38.83181381225586,1029000,0.0,0.0
2023-06-20 00:00:00-04:00,38.49990535652615,38.63657143930004,38.17777318512698,38.38276672363281,216100,0.0,0.0
2023-06-21 00:00:00-04:00,38.31444070238418,39.63226074021913,38.08992340754114,39.41750717163086,296200,0.0,0.0
2023-06-22 00:00:00-04:00,39.41750760502374,39.70059236542585,39.07584793399002,39.339412689208984,277300,0.0,0.0
2023-06-23 00:00:00-04:00,38.99775515729456,39.397982275155805,38.28515583640848,38.34372329711914,597200,0.0,0.0
2023-06-26 00:00:00-04:00,38.5194283074949,38.94894282574384,37.89468397960909,38.197296142578125,157700,0.0,0.0
2023-06-27 00:00:00-04:00,38.27539169799306,38.92942355112073,38.089921868123895,38.72442626953125,152200,0.0,0.0
2023-06-28 00:00:00-04:00,38.81228276132085,38.919661407525936,38.519434277706395,38.792762756347656,266300,0.0,0.0
2023-06-29 00:00:00-04:00,38.636067586749846,39.27265453262486,38.547924319045016,39.2432746887207,163500,0.13,0.0
2023-06-30 00:00:00-04:00,39.59584586999461,39.80151223949387,38.939667411507045,38.95925521850586,240500,0.0,0.0
2023-07-03 00:00:00-04:00,38.67524631071368,39.27265768873194,38.67524631071368,39.223690032958984,66600,0.0,0.0
2023-07-05 00:00:00-04:00,38.9592545794028,38.9592545794028,38.42060297174436,38.59688949584961,162900,0.0,0.0
2023-07-06 00:00:00-04:00,38.35204477563873,38.69482202801874,37.470612218101785,38.05823516845703,275200,0.0,0.0
2023-07-07 00:00:00-04:00,38.19535031652581,38.861320826052314,37.539175578723324,38.52833557128906,203300,0.0,0.0
2023-07-10 00:00:00-04:00,38.39122017654619,39.42934769865195,38.39122017654619,39.4195556640625,174200,0.0,0.0
2023-07-11 00:00:00-04:00,39.61543308530491,40.03656158950902,39.43914656094076,39.9680061340332,219100,0.0,0.0
2023-07-12 00:00:00-04:00,40.614391618751235,40.81026222736863,39.98759670479385,40.624183654785156,583900,0.0,0.0
2023-07-13 00:00:00-04:00,40.594800954373895,40.800467320546566,40.25201994142733,40.653560638427734,229300,0.0,0.0
2023-07-14 00:00:00-04:00,40.83965153889863,40.83965153889863,39.75255232294343,39.76234436035156,196900,0.0,0.0
2023-07-17 00:00:00-04:00,39.870065103195984,40.49685994242803,39.44893662008846,40.252017974853516,266600,0.0,0.0
2023-07-18 00:00:00-04:00,40.36954513413238,41.35870504725858,40.36954513413238,41.17262649536133,216600,0.0,0.0
2023-07-19 00:00:00-04:00,41.495815895299366,42.798376964762234,41.084483180306016,42.42621612548828,715500,0.0,0.0
2023-07-20 00:00:00-04:00,42.63188122507627,43.013834088012075,42.11281746118832,42.729820251464844,317500,0.0,0.0
2023-07-21 00:00:00-04:00,42.96487000079794,42.96487000079794,41.53499372104128,41.8092155456543,715100,0.0,0.0
2023-07-24 00:00:00-04:00,41.877773235082884,42.27931395796211,41.29015394072044,42.103031158447266,417600,0.0,0.0
2023-07-25 00:00:00-04:00,41.8679741856055,42.181371588232444,41.60354442664056,41.77983093261719,376500,0.0,0.0
2023-07-26 00:00:00-04:00,41.55458442449208,42.60250788272806,41.534996616226906,42.58292007446289,744100,0.0,0.0
2023-07-27 00:00:00-04:00,41.6525163632563,42.21075577772047,39.95821031318177,40.653560638427734,865700,0.0,0.0
2023-07-28 00:00:00-04:00,40.45768938055743,40.78087884553336,38.57730106581656,39.26285934448242,533800,0.0,0.0
2023-07-31 00:00:00-04:00,39.48811429749621,40.38913472802624,39.135541247984115,40.08552932739258,263700,0.0,0.0
2023-08-01 00:00:00-04:00,40.00717877765651,40.79067611694336,39.73295695050144,40.79067611694336,247300,0.0,0.0
2023-08-02 00:00:00-04:00,40.55561813811199,41.17262086303909,40.18345734923628,41.006126403808594,209000,0.0,0.0
2023-08-03 00:00:00-04:00,40.8788196397284,41.30974019027173,40.379339895969856,41.143245697021484,223700,0.0,0.0
2023-08-04 00:00:00-04:00,41.11386651667393,41.57417065343841,40.61439050085959,41.16283416748047,239200,0.0,0.0
2023-08-07 00:00:00-04:00,41.015928828132786,41.52520058606665,40.94737337379477,41.31953048706055,161300,0.0,0.0
2023-08-08 00:00:00-04:00,41.10407633063196,41.554584715913066,40.72212340676353,41.44685363769531,249000,0.0,0.0
2023-08-09 00:00:00-04:00,41.603543016530146,42.436007874535704,41.38808090853009,41.96590805053711,308500,0.0,0.0
2023-08-10 00:00:00-04:00,42.034470288676076,42.35766350289932,40.62418179677374,41.02572250366211,167400,0.0,0.0
2023-08-11 00:00:00-04:00,41.153034130335215,41.486019321466586,40.692730083067616,41.37828826904297,215500,0.0,0.0
2023-08-14 00:00:00-04:00,41.33912176960658,41.66231499808455,40.682947012625064,41.65251922607422,204000,0.0,0.0
2023-08-15 00:00:00-04:00,41.50560760498047,41.83859279996112,41.32932110552062,41.50560760498047,218900,0.0,0.0
2023-08-16 00:00:00-04:00,41.74065962532917,41.86797850076602,40.63397656773787,40.653560638427734,217500,0.0,0.0
2023-08-17 00:00:00-04:00,40.63398597288275,40.86903223548616,39.46853548949813,39.556678771972656,219200,0.0,0.0
2023-08-18 00:00:00-04:00,39.23347570512501,39.94841375613008,39.10615684409921,39.60563278198242,171600,0.0,0.0
2023-08-21 00:00:00-04:00,39.723160649424734,39.723160649424734,39.10615786858829,39.63501739501953,169100,0.0,0.0
2023-08-22 00:00:00-04:00,39.55667118089429,39.87006862821865,39.16492623973498,39.21389389038086,126300,0.0,0.0
2023-08-23 00:00:00-04:00,39.43914667436346,39.85047940840133,39.331415605165304,39.74275207519531,140700,0.0,0.0
2023-08-24 00:00:00-04:00,39.37058772613174,39.683985134547385,38.95925129259132,39.40976333618164,189400,0.0,0.0
2023-08-25 00:00:00-04:00,39.6448062049925,39.997379193936716,39.066979081109814,39.87985610961914,104700,0.0,0.0
2023-08-28 00:00:00-04:00,40.0561440479874,40.64376322674857,39.89944535125166,40.036556243896484,118400,0.0,0.0
2023-08-29 00:00:00-04:00,39.9973850926215,40.42830562266437,39.73295531191609,40.39892578125,175600,0.0,0.0
2023-08-30 00:00:00-04:00,40.49685551277851,40.88860411244405,40.11490268289995,40.23242950439453,143100,0.0,0.0
2023-08-31 00:00:00-04:00,40.310780042516555,40.65355729124871,40.271604432378076,40.4380989074707,197900,0.0,0.0
2023-09-01 00:00:00-04:00,40.64376599588272,41.77004052390032,40.64376599588272,41.48602294921875,188800,0.0,0.0
2023-09-05 00:00:00-04:00,41.05510156829454,41.05510156829454,39.75254417248733,40.20305252075195,274700,0.0,0.0
2023-09-06 00:00:00-04:00,40.15408820956787,40.45769363610968,39.39997439731298,39.61543655395508,195700,0.0,0.0
2023-09-07 00:00:00-04:00,39.54688165749758,39.54688165749758,38.30308382491639,39.174720764160156,351800,0.0,0.0
2023-09-08 00:00:00-04:00,39.302038159662104,39.302038159662104,38.616479825134725,38.90049743652344,185300,0.0,0.0
2023-09-11 00:00:00-04:00,39.08657672781674,39.155132188932534,38.43040196113916,38.694828033447266,178000,0.0,0.0
2023-09-12 00:00:00-04:00,38.84173062200218,39.027809177362094,38.2541113785557,38.342254638671875,153000,0.0,0.0
2023-09-13 00:00:00-04:00,38.26390372566051,38.401014634516464,37.91133068232117,38.00926971435547,206300,0.0,0.0
2023-09-14 00:00:00-04:00,38.43040035414794,39.23348178163082,38.342257088400196,38.64585876464844,222600,0.0,0.0
2023-09-15 00:00:00-04:00,38.489160079889544,38.62627099652753,38.165970595813185,38.30308151245117,864700,0.0,0.0
2023-09-18 00:00:00-04:00,38.46957256568338,38.76338594471043,38.29328603266407,38.31287384033203,174400,0.0,0.0
2023-09-19 00:00:00-04:00,38.332461355732946,38.58709911748259,38.11699920902052,38.30308151245117,175400,0.0,0.0
2023-09-20 00:00:00-04:00,38.52833313161767,38.70461965156444,37.9505059242348,37.999473571777344,111000,0.0,0.0
2023-09-21 00:00:00-04:00,37.71545323462787,37.93091535128941,37.40205583002478,37.460819244384766,170200,0.0,0.0
2023-09-22 00:00:00-04:00,37.42165693392643,37.61753131541222,36.43249672461315,36.48146438598633,279500,0.0,0.0
2023-09-25 00:00:00-04:00,36.33454132080078,36.961339806788985,36.19743043623791,36.33454132080078,313600,0.0,0.0
2023-09-26 00:00:00-04:00,36.177848631421895,36.63815273676333,35.8938347817355,35.94280242919922,310700,0.0,0.0
2023-09-27 00:00:00-04:00,36.119088888426056,37.15721646249119,35.188688644204035,36.853614807128906,1332200,0.0,0.0
2023-09-28 00:00:00-04:00,36.97154485688754,37.82655140883114,36.9420631650769,37.482582092285156,501900,0.13,0.0
2023-09-29 00:00:00-04:00,37.73809787335735,37.73809787335735,37.11895618002096,37.364646911621094,294800,0.0,0.0
2023-10-02 00:00:00-04:00,37.21723494073616,37.40396231598243,36.578441219841174,36.784820556640625,329100,0.0,0.0
2023-10-03 00:00:00-04:00,36.66689155838825,36.83395948110091,35.58584993004472,35.69395446777344,361200,0.0,0.0
2023-10-04 00:00:00-04:00,35.674293855251946,36.90274752622442,35.674293855251946,36.735679626464844,332400,0.0,0.0
2023-10-05 00:00:00-04:00,36.73568066625856,37.12878360273058,36.637402120433165,36.96171569824219,239400,0.0,0.0
2023-10-06 00:00:00-04:00,36.90275079292564,37.89534354634571,36.84378741082298,37.52189254760742,213300,0.0,0.0
2023-10-09 00:00:00-04:00,37.29585823245741,37.81672144559693,37.11896058479805,37.79706573486328,160300,0.0,0.0
2023-10-10 00:00:00-04:00,37.97396162193552,38.56362166977615,37.93465020229082,37.98379135131836,159100,0.0,0.0
2023-10-11 00:00:00-04:00,37.95430897975109,38.239311171795386,36.686547459761364,37.97396469116211,142600,0.0,0.0
2023-10-12 00:00:00-04:00,38.091895086735484,38.091895086735484,36.873270974766825,36.91258239746094,198000,0.0,0.0
2023-10-13 00:00:00-04:00,36.97154117528891,37.10912738862917,35.73326150628346,35.7922248840332,281600,0.0,0.0
2023-10-16 00:00:00-04:00,36.21481379849019,36.49981595838417,35.9101596783457,36.116539001464844,462300,0.0,0.0
2023-10-17 00:00:00-04:00,35.93963645579717,36.87326189571223,35.75291286739124,36.47032928466797,472400,0.0,0.0
2023-10-18 00:00:00-04:00,36.146024826745915,36.146024826745915,35.359815113752525,35.37947082519531,188800,0.0,0.0
2023-10-19 00:00:00-04:00,35.24188679455531,35.261542507225414,34.35739846912021,34.4556770324707,318000,0.0,0.0
2023-10-20 00:00:00-04:00,34.622746641203854,34.79964431484614,34.39671155798183,34.6915397644043,303600,0.0,0.0
2023-10-23 00:00:00-04:00,34.70136719713421,34.956883959390325,34.20998563599694,34.288604736328125,215800,0.0,0.0
2023-10-24 00:00:00-04:00,34.603084898211264,34.8389496716177,34.062565989128124,34.1313591003418,222300,0.0,0.0
2023-10-25 00:00:00-04:00,33.94463894035096,34.259122837684835,33.325497127312,33.384464263916016,317900,0.0,0.0
2023-10-26 00:00:00-04:00,33.57118942931803,33.75791308028552,33.207568109457576,33.51222229003906,213400,0.0,0.0
2023-10-27 00:00:00-04:00,33.757909867429944,33.757909867429944,33.15842754539628,33.679290771484375,236000,0.0,0.0
2023-10-30 00:00:00-04:00,34.04290722892601,34.12153006266523,33.404113575038615,33.718597412109375,233900,0.0,0.0
2023-10-31 00:00:00-04:00,36.58826589836174,39.96896925564325,36.106714129635826,39.78224563598633,1115600,0.0,0.0
2023-11-01 00:00:00-04:00,40.01810937462622,42.976224267494025,39.61517670651579,42.465187072753906,1145800,0.0,0.0
2023-11-02 00:00:00-04:00,43.064675965431206,44.15554353592703,42.750192093623475,44.145713806152344,602800,0.0,0.0
2023-11-03 00:00:00-04:00,44.72555080716121,45.91469710774524,44.72555080716121,45.13831329345703,445800,0.0,0.0
2023-11-06 00:00:00-05:00,45.207096779810044,45.25623417869511,44.234159786535635,45.216922760009766,377700,0.0,0.0
2023-11-07 00:00:00-05:00,44.80416463758085,44.89261345619149,44.047436689232775,44.43071365356445,360200,0.0,0.0
2023-11-08 00:00:00-05:00,44.5977889865819,44.676408082414405,43.43812826873967,44.05727005004883,231000,0.0,0.0
2023-11-09 00:00:00-05:00,44.35210299617407,44.35210299617407,43.261235275567905,43.48727035522461,270000,0.0,0.0
2023-11-10 00:00:00-05:00,43.84105643773913,44.194851704721955,43.605191676769515,44.04743576049805,280800,0.0,0.0
2023-11-13 00:00:00-05:00,43.9786513978499,44.2931353090475,43.487269817985656,44.11623764038086,195200,0.0,0.0
2023-11-14 00:00:00-05:00,45.80658818723032,46.052278959529175,45.35451806594689,45.767276763916016,375000,0.0,0.0
2023-11-15 00:00:00-05:00,45.9638233530822,46.494516242730896,45.4331304634335,45.46261215209961,565700,0.0,0.0
2023-11-16 00:00:00-05:00,45.43313324569754,45.777102546619886,44.88278461358778,45.23657989501953,468400,0.0,0.0
2023-11-17 00:00:00-05:00,45.45279061576263,45.94417213593304,45.12847701295729,45.62968826293945,628800,0.0,0.0
2023-11-20 00:00:00-05:00,45.57071828346805,45.737789939337326,45.20709703096656,45.59037399291992,169100,0.0,0.0
2023-11-21 00:00:00-05:00,45.501930001436776,45.570723117343874,44.55847834133063,44.5977897644043,240400,0.0,0.0
2023-11-22 00:00:00-05:00,44.79434698437597,45.17762401995749,44.66658672286748,44.86314010620117,124500,0.0,0.0
2023-11-24 00:00:00-05:00,44.95157796160871,45.30536946646127,44.94174823292381,45.18743896484375,54100,0.0,0.0
2023-11-27 00:00:00-05:00,45.079336543554305,45.285719617180725,44.79433813044366,45.216922760009766,156000,0.0,0.0
2023-11-28 00:00:00-05:00,45.18744536011011,45.22675678252728,44.29313111930916,44.58795928955078,359800,0.0,0.0
2023-11-29 00:00:00-05:00,44.784511107421196,45.21692549225905,44.42088983496792,44.72554397583008,370000,0.0,0.0
2023-11-30 00:00:00-05:00,44.92209422327741,45.50192452249316,44.78450800803015,45.157958984375,261000,0.0,0.0
2023-12-01 00:00:00-05:00,45.069514965607866,46.366761917389404,45.010547831820126,46.07193374633789,247500,0.0,0.0
2023-12-04 00:00:00-05:00,45.78692549261508,46.720551034752376,45.78692549261508,46.62227249145508,234500,0.0,0.0
2023-12-05 00:00:00-05:00,46.553485430259634,46.78935021585543,45.62968949697525,46.22917556762695,297600,0.0,0.0
2023-12-06 00:00:00-05:00,46.789346608400834,47.95883321824771,46.58296728000609,46.86796569824219,398200,0.0,0.0
2023-12-07 00:00:00-05:00,46.78934476651252,47.33968962056723,46.65175855299885,47.21193313598633,251300,0.0,0.0
2023-12-08 00:00:00-05:00,47.23159622593552,47.89987543795869,47.23159622593552,47.526424407958984,298400,0.0,0.0
2023-12-11 00:00:00-05:00,47.47728741958169,47.988324689086085,46.68124794707498,47.320045471191406,272900,0.0,0.0
2023-12-12 00:00:00-05:00,47.398661836455005,47.437973258520614,46.88762459643269,47.12348937988281,213000,0.0,0.0
2023-12-13 00:00:00-05:00,47.12348662210292,48.17504273268539,46.356928932458466,48.03745651245117,456800,0.0,0.0
2023-12-14 00:00:00-05:00,49.04970864187185,49.4919528089382,48.43056680797897,49.03988265991211,390600,0.0,0.0
2023-12-15 00:00:00-05:00,49.049702200477874,49.15780673255782,48.15538800183019,48.68608093261719,1085200,0.0,0.0
2023-12-18 00:00:00-05:00,48.64677636774055,49.059535095004044,48.20453219642685,48.410911560058594,216600,0.0,0.0
2023-12-19 00:00:00-05:00,48.705740800635496,49.89488325713858,48.705740800635496,49.4329833984375,304100,0.0,0.0
2023-12-20 00:00:00-05:00,49.46246685592242,50.15039800219773,48.921944171072425,49.24625778198242,269900,0.0,0.0
2023-12-21 00:00:00-05:00,49.77694557003546,50.28797901166907,49.3052160487775,50.17987823486328,265200,0.0,0.0
2023-12-22 00:00:00-05:00,50.4059186317997,50.76953991707034,49.69832802353806,50.307640075683594,215100,0.0,0.0
2023-12-26 00:00:00-05:00,50.55332580397265,51.33953917876629,50.40591360790625,51.08401870727539,211300,0.0,0.0
2023-12-27 00:00:00-05:00,51.04471820275387,51.251101319683286,50.70075258944486,51.182308197021484,152800,0.0,0.0
2023-12-28 00:00:00-05:00,50.94584513480413,51.16259524731331,50.60101882701668,50.620723724365234,163500,0.13,0.0
2023-12-29 00:00:00-05:00,50.522209161611634,51.1133449232093,50.02959790610972,50.10841751098633,209300,0.0,0.0
2024-01-02 00:00:00-05:00,49.80298882141986,49.980329144304555,49.113332427793246,49.625648498535156,377000,0.0,0.0
2024-01-03 00:00:00-05:00,49.123189036387416,49.14289393521438,48.18722701289522,48.88673400878906,585400,0.0,0.0
2024-01-04 00:00:00-05:00,49.01481407735036,49.40890453808626,48.20693201533442,48.43353271484375,250000,0.0,0.0
2024-01-05 00:00:00-05:00,48.03943491081137,48.84732060765928,47.44830306839297,47.48771286010742,185900,0.0,0.0
2024-01-08 00:00:00-05:00,47.56653812997227,48.23648968884444,47.29067704984561,48.14781951904297,283500,0.0,0.0
2024-01-09 00:00:00-05:00,47.477860645969166,47.783280907861695,46.906433673977226,47.65520095825195,186000,0.0,0.0
2024-01-10 00:00:00-05:00,47.40889308349952,47.73401822633206,47.21184788405476,47.30051803588867,172600,0.0,0.0
2024-01-11 00:00:00-05:00,46.98526158799789,47.28083135671129,46.472945416107265,46.85718536376953,231200,0.0,0.0
2024-01-12 00:00:00-05:00,47.4187498860638,47.4187498860638,46.049291503832734,46.295597076416016,1556600,0.0,0.0
2024-01-16 00:00:00-05:00,46.137966420601316,46.53205312239977,45.51727526132043,45.645355224609375,537200,0.0,0.0
2024-01-17 00:00:00-05:00,45.024658203125,45.99017557055998,44.85716846396579,45.024658203125,486000,0.0,0.0
2024-01-18 00:00:00-05:00,45.251262372549974,45.43845326413513,44.74879687453591,44.87687683105469,365100,0.0,0.0
2024-01-19 00:00:00-05:00,44.95568980806688,44.98524527125168,44.01972797119601,44.640419006347656,589600,0.0,0.0
2024-01-22 00:00:00-05:00,45.27097035656486,45.655206493990406,44.788209723437106,45.26111602783203,260300,0.0,0.0
2024-01-23 00:00:00-05:00,45.57637708489412,46.05913761408416,44.423668920794036,44.640419006347656,231100,0.0,0.0
2024-01-24 00:00:00-05:00,45.03450813851911,45.24140390898912,43.94091083985674,44.049285888671875,250700,0.0,0.0
2024-01-25 00:00:00-05:00,44.482784577652495,45.201996344688006,44.137954546887855,44.40396499633789,716500,0.0,0.0
2024-01-26 00:00:00-05:00,44.68968552582295,44.97540090374912,44.09854987235589,44.31529998779297,193200,0.0,0.0
2024-01-29 00:00:00-05:00,44.21678242094677,45.11333465576172,44.019737189029435,45.11333465576172,439400,0.0,0.0
2024-01-30 00:00:00-05:00,44.74879403705531,45.497565072566985,44.74879403705531,45.32022476196289,181000,0.0,0.0
2024-01-31 00:00:00-05:00,45.566535177580036,45.77343097584777,44.40397246589685,44.443382263183594,308700,0.0,0.0
2024-02-01 00:00:00-05:00,44.93599034464802,45.280816651231696,44.31529923447252,44.9261360168457,205300,0.0,0.0
2024-02-02 00:00:00-05:00,44.27589368238538,44.70939394742799,44.009883181107014,44.39412307739258,175300,0.0,0.0
2024-02-05 00:00:00-05:00,43.793135304065714,43.881805468115616,43.27096488984959,43.65520477294922,235100,0.0,0.0
2024-02-06 00:00:00-05:00,43.58623985881281,45.47786502936212,43.58623985881281,45.31037902832031,380500,0.0,0.0
2024-02-07 00:00:00-05:00,45.41874559323231,46.76850282248621,45.06406872951441,46.18722152709961,393100,0.0,0.0
2024-02-08 00:00:00-05:00,46.24633943434806,46.867030616547645,45.9803289276911,46.7586555480957,208200,0.0,0.0
2024-02-09 00:00:00-05:00,46.75864722345899,47.290668142055026,46.56160202120218,47.14288330078125,205900,0.0,0.0
2024-02-12 00:00:00-05:00,47.26112005380105,48.30545339961332,47.25126572507157,47.86210632324219,403600,0.0,0.0
2024-02-13 00:00:00-05:00,46.394121362625434,47.339933931933444,46.06899617786796,46.561607360839844,400700,0.0,0.0
2024-02-14 00:00:00-05:00,47.26111787922819,48.04929501668662,46.73894747202288,47.92121505737305,193600,0.0,0.0
2024-02-15 00:00:00-05:00,48.26603993048001,49.04436265567371,47.64534885744295,48.91628646850586,281000,0.0,0.0
2024-02-16 00:00:00-05:00,48.46309251463627,50.581322353307236,48.37442234096341,50.009891510009766,531100,0.0,0.0
2024-02-20 00:00:00-05:00,49.04436853655015,49.54683405155771,48.48279208447706,49.31037902832031,484900,0.0,0.0
2024-02-21 00:00:00-05:00,49.33008339304991,50.33501065386698,49.14289249715925,49.42860412597656,774600,0.0,0.0
2024-02-22 00:00:00-05:00,47.39904719878459,50.6207246893527,47.39904719878459,50.610870361328125,645500,0.0,0.0
2024-02-23 00:00:00-05:00,50.443386689708824,50.443386689708824,48.56161209118121,48.778358459472656,689400,0.0,0.0
2024-02-26 00:00:00-05:00,48.45323631953218,49.49757338176057,47.80298970751359,48.29560089111328,425400,0.0,0.0
2024-02-27 00:00:00-05:00,48.78820976496383,49.29067149478477,48.532049856957165,49.26111602783203,366100,0.0,0.0
2024-02-28 00:00:00-05:00,49.192156371243165,51.113340866902334,49.17245147158778,50.147823333740234,432100,0.0,0.0
2024-02-29 00:00:00-05:00,50.88673830475853,51.093634106115765,50.05915134100442,50.76850891113281,320900,0.0,0.0
2024-03-01 00:00:00-05:00,50.85717588418289,51.29067611694336,50.39412394235912,51.29067611694336,278700,0.0,0.0
2024-03-04 00:00:00-05:00,51.42860680101802,52.275898613124795,51.14289142096807,51.25126647949219,220400,0.0,0.0
2024-03-05 00:00:00-05:00,50.876881058781386,51.25126660047805,50.21678389468527,50.57146453857422,312200,0.0,0.0
2024-03-06 00:00:00-05:00,50.94584449937556,52.108407120165715,50.65027855948354,51.87195587158203,302800,0.0,0.0
2024-03-07 00:00:00-05:00,52.15767138119712,52.453241101500176,51.763584684668245,52.28575134277344,339000,0.0,0.0
2024-03-08 00:00:00-05:00,52.72910093034236,53.14289251575824,52.30545501670705,52.56161117553711,280600,0.0,0.0
2024-03-11 00:00:00-04:00,52.3842723678994,53.763585209214284,52.10841130296647,53.52713394165039,458200,0.0,0.0
2024-03-12 00:00:00-04:00,53.202010086311326,53.26112478384876,52.16752730852032,53.21186065673828,334200,0.0,0.0
2024-03-13 00:00:00-04:00,53.0542210652956,54.42368326352141,53.04437049564035,53.517276763916016,351600,0.0,0.0
2024-03-14 00:00:00-04:00,53.28082877208456,53.91137050173583,52.91629378099073,53.63550567626953,356300,0.0,0.0
2024-03-15 00:00:00-04:00,53.38920007822918,54.07885650440719,53.25126954465861,53.63550567626953,738500,0.0,0.0
2024-03-18 00:00:00-04:00,53.566537008840186,54.51235330159759,53.221710696804884,53.33008575439453,268700,0.0,0.0
2024-03-19 00:00:00-04:00,53.14289442448901,53.487724516379174,52.55176249314181,53.22171401977539,464600,0.0,0.0
2024-03-20 00:00:00-04:00,53.231561228827964,53.69461692608385,52.98525564659822,53.55668640136719,425200,0.0,0.0
2024-03-21 00:00:00-04:00,53.84240147406464,55.05422448077844,53.78328678166705,54.502498626708984,494400,0.0,0.0
2024-03-22 00:00:00-04:00,54.73895583893692,54.73895583893692,53.75373347597904,54.2167854309082,384600,0.0,0.0
2024-03-25 00:00:00-04:00,54.49265219480246,54.669992527135896,54.197082468696614,54.65028762817383,202900,0.0,0.0
2024-03-26 00:00:00-04:00,55.064082035170685,57.073936731737845,54.847331893876564,55.9409294128418,511000,0.0,0.0
2024-03-27 00:00:00-04:00,56.44454664919272,56.70129065597489,55.397812969650175,56.64204406738281,290100,0.13,0.0
2024-03-28 00:00:00-04:00,56.72103054185802,56.898777809468015,55.85204808570834,56.414913177490234,389000,0.0,0.0
2024-04-01 00:00:00-04:00,56.28654413114969,56.405041064048326,55.08181338467315,55.98042297363281,289300,0.0,0.0
2024-04-02 00:00:00-04:00,55.378058842535815,55.65455292900987,54.55844599056002,55.59530258178711,553300,0.0,0.0
2024-04-03 00:00:00-04:00,55.32868568232056,56.207545178307385,55.08181486807933,55.64468002319336,238000,0.0,0.0
2024-04-04 00:00:00-04:00,56.24703846580776,56.553159593760974,55.16080852408212,55.476802825927734,277400,0.0,0.0
2024-04-05 00:00:00-04:00,55.5656771115598,56.19766572267583,55.299056209942236,56.09891891479492,332300,0.0,0.0
2024-04-08 00:00:00-04:00,56.306287074369735,56.38528376392146,55.733545065586064,56.079166412353516,261400,0.0,0.0
2024-04-09 00:00:00-04:00,56.256924201087195,56.26679737652302,55.150940204783936,55.2003173828125,667100,0.0,0.0
2024-04-10 00:00:00-04:00,54.143704560460364,54.76581625157551,53.44258863987045,54.70656967163086,366900,0.0,0.0
2024-04-11 00:00:00-04:00,54.76582167579692,55.3385637849844,54.22270662646553,54.894195556640625,300400,0.0,0.0
2024-04-12 00:00:00-04:00,54.64731979370117,54.97318728704139,53.90670740244227,54.64731979370117,305200,0.0,0.0
2024-04-15 00:00:00-04:00,55.20031379234714,55.28918743328811,53.55121484754236,53.93633270263672,253100,0.0,0.0
2024-04-16 00:00:00-04:00,53.68945888348546,54.202950583779085,52.32673482146131,53.6104621887207,329400,0.0,0.0
2024-04-17 00:00:00-04:00,53.92645970032551,54.01533334155074,52.45510803269659,53.14634704589844,276800,0.0,0.0
2024-04-18 00:00:00-04:00,53.49195941242537,53.83758076853724,52.632850142971634,53.008094787597656,258300,0.0,0.0
2024-04-19 00:00:00-04:00,52.92909624662478,53.580834986193956,52.33660785317984,52.77109909057617,302000,0.0,0.0
2024-04-22 00:00:00-04:00,53.02784827742504,53.42283929490182,52.494606448534476,52.90935134887695,214800,0.0,0.0
2024-04-23 00:00:00-04:00,53.18584240770706,54.518943137034746,53.18584240770706,54.212825775146484,263300,0.0,0.0
2024-04-24 00:00:00-04:00,54.23257839247773,54.617700025000936,53.41296925211986,53.75858688354492,227800,0.0,0.0
2024-04-25 00:00:00-04:00,53.42283858279179,54.370825299388464,52.869850412305574,54.07457733154297,196300,0.0,0.0
2024-04-26 00:00:00-04:00,54.16345297473735,54.99293902814048,54.16345297473735,54.83494186401367,203600,0.0,0.0
2024-04-29 00:00:00-04:00,55.160807152379874,55.447178158477804,54.79543945625959,55.022560119628906,163100,0.0,0.0
2024-04-30 00:00:00-04:00,54.637446591251965,54.87444044684158,54.30170215670882,54.80531692504883,300400,0.0,0.0
2024-05-01 00:00:00-04:00,55.02256671169605,55.49655820946488,54.26220417352015,54.30170440673828,296900,0.0,0.0
2024-05-02 00:00:00-04:00,55.36818173885427,57.12590059819904,54.87444014762713,56.54328536987305,806400,0.0,0.0
2024-05-03 00:00:00-04:00,57.27402449987578,58.86387302404975,57.27402449987578,58.64662551879883,749600,0.0,0.0
2024-05-06 00:00:00-04:00,59.22924330878543,60.848715193031545,58.69600146388988,59.03174591064453,519000,0.0,0.0
2024-05-07 00:00:00-04:00,59.18974336429866,60.621594799113005,58.7651252746582,58.7651252746582,946800,0.0,0.0
2024-05-08 00:00:00-04:00,58.48862968669878,60.78946735880966,58.07388854939695,60.57221984863281,443000,0.0,0.0
2024-05-09 00:00:00-04:00,60.74996512336481,61.717698178774064,60.52284444610085,61.283206939697266,573400,0.0,0.0
2024-05-10 00:00:00-04:00,61.925075399361916,61.93495234162422,60.59197448213241,61.55970764160156,417900,0.0,0.0
2024-05-13 00:00:00-04:00,61.79670186213873,62.1126961919314,61.59920446428094,61.81644821166992,728100,0.0,0.0
2024-05-14 00:00:00-04:00,62.4780612730412,63.52479480031838,61.658448425211546,63.21866989135742,602300,0.0,0.0
2024-05-15 00:00:00-04:00,62.932305613896155,62.932305613896155,60.433974254643985,61.707828521728516,620500,0.0,0.0
2024-05-16 00:00:00-04:00,61.658454896183166,61.707832073942456,60.42410079119668,60.819095611572266,211600,0.0,0.0
2024-05-17 00:00:00-04:00,61.15483753194336,61.70782950404924,60.76971966993821,61.431331634521484,224700,0.0,0.0
2024-05-20 00:00:00-04:00,61.6288280897827,61.78682525553596,61.125213301115934,61.54983139038086,259600,0.0,0.0
2024-05-21 00:00:00-04:00,61.28320960374631,62.21144246860461,60.838841404152085,62.19169235229492,297000,0.0,0.0
2024-05-22 00:00:00-04:00,62.2608177092055,62.2608177092055,60.216727697832326,61.431331634521484,232100,0.0,0.0
2024-05-23 00:00:00-04:00,61.83620407910555,61.83620407910555,60.38460616878923,60.898094177246094,259400,0.0,0.0
2024-05-24 00:00:00-04:00,61.44120806857932,61.89544945247432,60.98696291773473,61.64857864379883,216700,0.0,0.0
2024-05-28 00:00:00-04:00,62.01394257455641,62.112693152127214,60.8585890690982,61.490577697753906,314600,0.0,0.0
2024-05-29 00:00:00-04:00,60.84871655534656,60.90796690620023,59.93035683533779,60.6413459777832,245600,0.0,0.0
2024-05-30 00:00:00-04:00,60.9770888948931,61.885571650049656,60.89808842907973,61.13508605957031,257500,0.0,0.0
2024-05-31 00:00:00-04:00,61.668323538994564,61.71769694315923,60.38459619596671,61.51032638549805,298400,0.0,0.0
2024-06-03 00:00:00-04:00,61.51033329869571,61.6485803526742,59.87111123432984,60.522850036621094,209000,0.0,0.0
2024-06-04 00:00:00-04:00,60.088355224674295,60.088355224674295,58.70588091255102,59.416866302490234,381600,0.0,0.0
2024-06-05 00:00:00-04:00,59.32798693379998,59.63410428641719,58.419500515672006,59.337860107421875,185500,0.0,0.0
2024-06-06 00:00:00-04:00,59.35761549555496,59.51561265618716,58.38000547436547,59.160118103027344,198800,0.0,0.0
2024-06-07 00:00:00-04:00,58.13312744838732,59.229234262046624,57.64926285214518,58.419498443603516,2362600,0.0,0.0
2024-06-10 00:00:00-04:00,57.866520899484065,59.02187833978827,57.50115312675022,58.745384216308594,1255200,0.0,0.0
2024-06-11 00:00:00-04:00,58.508379809753364,59.32799267682743,58.19238548597648,59.100868225097656,897900,0.0,0.0
2024-06-12 00:00:00-04:00,60.68084479916604,62.27069339070953,60.39447376046389,61.658451080322266,664800,0.0,0.0
2024-06-13 00:00:00-04:00,61.391830124707994,61.92507196883919,60.72034499911075,61.81644821166992,418600,0.0,0.0
2024-06-14 00:00:00-04:00,61.44120286627765,61.81644375148858,60.40434254407315,61.51032638549805,518800,0.0,0.0
2024-06-17 00:00:00-04:00,61.154835704897614,61.67820060255591,60.29572636401807,61.1943359375,190500,0.0,0.0
2024-06-18 00:00:00-04:00,61.3720849051077,62.122570510445186,61.056090569497215,62.06332015991211,360300,0.0,0.0
2024-06-20 00:00:00-04:00,63.080427870883184,64.26540846427565,59.93035405202867,61.678199768066406,1233600,0.0,0.0
2024-06-21 00:00:00-04:00,61.72757630110332,61.87570029538573,59.50573898856512,61.688079833984375,913100,0.0,0.0
2024-06-24 00:00:00-04:00,61.78682261781264,62.8236792092386,61.29308102504319,61.32270431518555,402500,0.0,0.0
2024-06-25 00:00:00-04:00,61.52020210962925,61.944820183555,60.661092787315276,61.89544677734375,377100,0.0,0.0
2024-06-26 00:00:00-04:00,61.48070396871325,61.62882795933383,59.722985032560096,60.868465423583984,341200,0.0,0.0
2024-06-27 00:00:00-04:00,61.19433338005887,61.599201329939234,60.35497042360977,60.8092155456543,409200,0.0,0.0
2024-06-28 00:00:00-04:00,61.43264887324678,62.392531416634675,60.40349279742517,61.323795318603516,1592600,0.13,0.0
2024-07-01 00:00:00-04:00,61.64046183208946,61.699833756413746,59.39413217212749,59.611839294433594,373900,0.0,0.0
2024-07-02 00:00:00-04:00,59.78995528733743,60.46286473907477,59.344650781706584,59.938392639160156,421100,0.0,0.0
2024-07-03 00:00:00-04:00,60.06703655086939,61.20504237760307,59.908705141283896,61.04671096801758,158800,0.0,0.0
2024-07-05 00:00:00-04:00,60.75973654118269,61.1555631689431,60.46286185171428,60.94775390625,317200,0.0,0.0
2024-07-08 00:00:00-04:00,61.234740115792434,61.62067274116767,59.04778228046769,59.83944320678711,1084600,0.0,0.0
2024-07-09 00:00:00-04:00,59.522773922268584,59.83943674865309,57.62279318904292,58.315494537353516,1551300,0.0,0.0
2024-07-10 00:00:00-04:00,58.66184965509247,60.34412346114263,57.919670367857314,59.83944320678711,1062500,0.0,0.0
2024-07-11 00:00:00-04:00,61.10608634861955,62.501383068093304,60.492552611489145,62.07586669921875,1705700,0.0,0.0
2024-07-12 00:00:00-04:00,62.9268998581502,63.82741045937094,62.11545091089277,62.521175384521484,1163400,0.0,0.0
2024-07-15 00:00:00-04:00,63.01596123797348,64.46073581827649,62.70919248123028,63.63938903808594,640800,0.0,0.0
2024-07-16 00:00:00-04:00,63.84719024108551,66.02425344796534,63.37219984856216,65.63832092285156,1400800,0.0,0.0
2024-07-17 00:00:00-04:00,65.23260384009775,65.88572517837589,63.748245398379176,63.926368713378906,427400,0.0,0.0
2024-07-18 00:00:00-04:00,63.8274030739092,65.5690521554615,63.233661299468,64.1440658569336,510600,0.0,0.0
2024-07-19 00:00:00-04:00,64.2232408691787,64.80708487579514,63.28314647180282,63.87689208984375,636700,0.0,0.0
2024-07-22 00:00:00-04:00,64.30240934232006,65.1534345475553,63.570120427596216,64.8862533569336,481000,0.0,0.0
2024-07-23 00:00:00-04:00,64.51022038946618,67.35028804697038,64.35188519819089,66.9346694946289,1005100,0.0,0.0
2024-07-24 00:00:00-04:00,66.91486932518683,67.99349930969345,64.83676183788795,65.16332244873047,2636100,0.0,0.0
2024-07-25 00:00:00-04:00,65.24250824774735,66.57842946987084,64.70813824893033,65.68781280517578,809100,0.0,0.0
2024-07-26 00:00:00-04:00,66.49925133230046,68.19142650208445,65.72738619511452,68.11225891113281,1152600,0.0,0.0
2024-07-29 00:00:00-04:00,68.28049635481352,68.57737109803065,66.0440605921359,67.14248657226562,714700,0.0,0.0
2024-07-30 00:00:00-04:00,67.47894525638436,68.19143860169702,66.36072359783152,67.32061004638672,574000,0.0,0.0
2024-07-31 00:00:00-04:00,68.26070613338187,68.93361565416038,67.02374065767418,67.74612426757812,768000,0.0,0.0
2024-08-01 00:00:00-04:00,69.27005967838016,72.24867435850497,66.16280331965125,68.66641998291016,1126000,0.0,0.0
2024-08-02 00:00:00-04:00,67.20185483425966,69.04245226554441,66.10342903746641,68.79505920410156,668900,0.0,0.0
2024-08-05 00:00:00-04:00,65.88572635140416,68.56746641120753,64.45084196896042,68.18153381347656,867800,0.0,0.0
2024-08-06 00:00:00-04:00,68.53778299906178,69.61641323544522,67.83518753732032,68.23101043701172,748600,0.0,0.0
2024-08-07 00:00:00-04:00,68.9237254221635,69.09195093346236,66.29145897546348,67.44926452636719,687900,0.0,0.0
2024-08-08 00:00:00-04:00,68.12214173782617,68.70599321986288,67.12267932339786,68.26068878173828,501300,0.0,0.0
2024-08-09 00:00:00-04:00,68.5674641167943,68.74558742900494,67.50862208027472,68.51798248291016,336500,0.0,0.0
2024-08-12 00:00:00-04:00,67.9935200129633,68.3101828850938,67.211756895864,67.8846664428711,410100,0.0,0.0
2024-08-13 00:00:00-04:00,68.05287967109886,68.8148545243476,67.61747301907948,68.40912628173828,496300,0.0,0.0
2024-08-14 00:00:00-04:00,68.82475722020288,69.34922933683193,67.76591514988458,68.12215423583984,314100,0.0,0.0
2024-08-15 00:00:00-04:00,69.27005781561913,70.3387976624496,68.64663001321993,69.38880920410156,507800,0.0,0.0
2024-08-16 00:00:00-04:00,69.51745160912093,70.76431477684748,69.13151902979749,70.2497329711914,431600,0.0,0.0
2024-08-19 00:00:00-04:00,70.28931228616295,70.85336813919776,70.01223327763172,70.83358001708984,200600,0.0,0.0
2024-08-20 00:00:00-04:00,70.68514916310369,71.10076771403877,69.41849783653727,69.55703735351562,374000,0.0,0.0
2024-08-21 00:00:00-04:00,69.58672399754857,70.47734057960919,69.10183568336349,70.38827514648438,250400,0.0,0.0
2024-08-22 00:00:00-04:00,70.49711658136196,71.83303744981524,70.2299354276058,70.9127426147461,397900,0.0,0.0
2024-08-23 00:00:00-04:00,71.40753813684039,73.7924033652506,71.18983103096119,72.93147277832031,425900,0.0,0.0
2024-08-26 00:00:00-04:00,73.12939673855055,73.55491314268602,72.24867796833678,72.76325225830078,493900,0.0,0.0
2024-08-27 00:00:00-04:00,72.45648505182538,74.36635989381661,71.88253130556456,73.0997085571289,1005800,0.0,0.0
2024-08-28 00:00:00-04:00,73.20854702769304,74.3168629439794,72.79292100924971,73.27781677246094,352300,0.0,0.0
2024-08-29 00:00:00-04:00,73.54501826424118,74.57417443541124,73.1392975183034,73.22835540771484,646600,0.0,0.0
2024-08-30 00:00:00-04:00,73.5648023036178,74.4356307730742,73.06012585864204,74.37625885009766,356400,0.0,0.0
2024-09-03 00:00:00-04:00,73.72313529509177,74.18823547741063,71.43722573074896,71.94190216064453,547600,0.0,0.0
2024-09-04 00:00:00-04:00,71.65493764152136,71.94190697978118,71.00181626519459,71.5955581665039,241900,0.0,0.0
2024-09-05 00:00:00-04:00,71.64503184692882,71.64503184692882,70.72472935966775,71.26898956298828,265000,0.0,0.0
2024-09-06 00:00:00-04:00,71.27889454215713,72.22888308390846,69.80443386744456,70.64556884765625,461800,0.0,0.0
2024-09-09 00:00:00-04:00,70.64555154374402,71.81324692255946,70.0814957493065,71.13043975830078,374000,0.0,0.0
2024-09-10 00:00:00-04:00,71.31847912736401,72.12992815424622,70.55651173803133,71.625244140625,375800,0.0,0.0
2024-09-11 00:00:00-04:00,70.92264896953792,72.71378006846905,69.85390901269027,71.98149108886719,392500,0.0,0.0
2024-09-12 00:00:00-04:00,72.43669723256693,73.6538746161157,72.12993220209066,73.51533508300781,290400,0.0,0.0
2024-09-13 00:00:00-04:00,74.41583359254604,76.11789914857145,73.73303384262418,75.57363891601562,1050000,0.0,0.0
2024-09-16 00:00:00-04:00,76.10799448365039,76.96891738609371,75.59341275935606,76.49392700195312,277200,0.0,0.0
2024-09-17 00:00:00-04:00,76.83039094397566,77.80017509688041,76.4147723998039,76.86007690429688,657700,0.0,0.0
2024-09-18 00:00:00-04:00,77.04808770115487,78.3444247932639,76.56319946476724,76.69184112548828,607700,0.0,0.0
2024-09-19 00:00:00-04:00,78.17621469588701,79.76942676392945,77.30539375645671,79.49234771728516,1718400,0.0,0.0
2024-09-20 00:00:00-04:00,79.61108129875122,80.48190967571132,79.02723731859551,79.44285583496094,1138000,0.0,0.0
2024-09-23 00:00:00-04:00,79.81889969619932,80.53138535994053,77.31527561242129,78.39391326904297,1072200,0.0,0.0
2024-09-24 00:00:00-04:00,78.44338769076406,79.55171131111757,78.23557842754221,78.75016021728516,289400,0.0,0.0
2024-09-25 00:00:00-04:00,78.69078592814525,78.96787251384703,78.30485333535749,78.90849304199219,1158400,0.0,0.0
2024-09-26 00:00:00-04:00,79.31422840519689,79.93765629167179,78.01788344307549,78.19600677490234,214500,0.0,0.0
2024-09-27 00:00:00-04:00,78.45329782089107,79.10641922179435,77.59237467403986,78.28507232666016,398800,0.0,0.0
2024-09-30 00:00:00-04:00,78.16611771079991,79.12758396758747,77.44253759558671,78.5824203491211,286300,0.13,0.0
2024-10-01 00:00:00-04:00,78.26524137989627,79.68265931753042,77.1352726813364,78.63198852539062,1017500,0.0,0.0
2024-10-02 00:00:00-04:00,78.2949783794623,79.83134321941048,78.19585977481574,79.4745101928711,742700,0.0,0.0
2024-10-03 00:00:00-04:00,79.04828444153203,79.81150592943345,78.42383049688542,78.82030487060547,187000,0.0,0.0
2024-10-04 00:00:00-04:00,80.22781867962917,80.63420719432962,79.08793591317756,80.57473754882812,309900,0.0,0.0
2024-10-07 00:00:00-04:00,80.11879321859263,81.02078236028791,79.64301332465209,80.10887908935547,467100,0.0,0.0
2024-10-08 00:00:00-04:00,80.65402447081819,80.68375928952085,79.23660680197376,79.24651336669922,336400,0.0,0.0
2024-10-09 00:00:00-04:00,80.47562835990362,81.72453643501825,79.98993432398287,81.10008239746094,600200,0.0,0.0
2024-10-10 00:00:00-04:00,80.1485214967945,80.4557914176622,77.96788210317449,79.85115814208984,659100,0.0,0.0
2024-10-11 00:00:00-04:00,79.86107238032103,81.2884043852431,79.86107238032103,81.0604248046875,489300,0.0,0.0
2024-10-14 00:00:00-04:00,81.1099899891945,81.87321152913498,80.64412424981879,80.84236145019531,410800,0.0,0.0
2024-10-15 00:00:00-04:00,80.60447840912607,81.06043003740619,79.94037544373533,80.66394805908203,856400,0.0,0.0
2024-10-16 00:00:00-04:00,81.16944821145167,82.54721697824787,81.16944821145167,81.89302825927734,460100,0.0,0.0
2024-10-17 00:00:00-04:00,81.47673304455114,81.71462676987653,80.09896402500013,81.12981414794922,881400,0.0,0.0
2024-10-18 00:00:00-04:00,81.1496443218103,82.16066621038273,80.65404372574707,81.50647735595703,994700,0.0,0.0
2024-10-21 00:00:00-04:00,81.79390989824863,83.32036047086201,81.5064682394754,82.95362091064453,1069000,0.0,0.0
2024-10-22 00:00:00-04:00,82.59679128265493,82.76529365839323,81.69479463205977,82.03180694580078,363900,0.0,0.0
2024-10-23 00:00:00-04:00,82.11108612409193,83.36000148500725,81.268566797688,81.89302825927734,1137100,0.0,0.0
2024-10-24 00:00:00-04:00,81.99215593404311,82.56705438510798,81.15954308038636,82.10118865966797,844600,0.0,0.0
2024-10-25 00:00:00-04:00,82.26969506819765,82.26969506819765,80.16834591753445,80.90184020996094,694400,0.0,0.0
2024-10-28 00:00:00-04:00,81.1991947684098,81.90294666335726,80.9216596619251,81.4569091796875,489500,0.0,0.0
2024-10-29 00:00:00-04:00,80.82253840918654,81.84347432979534,80.366586811743,81.80382537841797,445500,0.0,0.0
2024-10-30 00:00:00-04:00,81.486648609327,82.61661735660407,81.10999488098963,81.33796691894531,659900,0.0,0.0
2024-10-31 00:00:00-04:00,78.19586118706684,84.95585299285065,75.09340418823605,83.31046295166016,1806800,0.0,0.0
2024-11-01 00:00:00-04:00,83.96465128143298,87.88980705756481,83.52852034110781,85.70916748046875,1644400,0.0,0.0
2024-11-04 00:00:00-05:00,85.70915188772466,88.32592192908675,85.22346551398111,87.04727172851562,1290700,0.0,0.0
2024-11-05 00:00:00-05:00,86.84905032591267,90.79402679706944,86.56160107553956,90.54622650146484,818900,0.0,0.0
2024-11-06 00:00:00-05:00,93.20263788214459,95.30398692887393,91.33918254337539,94.30287170410156,1248100,0.0,0.0
2024-11-07 00:00:00-05:00,94.12445147809458,96.39430280640605,93.59911612777512,94.90750122070312,726700,0.0,0.0
2024-11-08 00:00:00-05:00,94.64979217636481,97.35577454263505,93.99560337406946,97.07823944091797,783500,0.0,0.0
2024-11-11 00:00:00-05:00,97.8711961509935,98.44609461365508,96.53307615582659,97.54410552978516,432700,0.0,0.0
2024-11-12 00:00:00-05:00,97.73242953364982,97.9901439439032,95.43284322329092,96.3744888305664,511200,0.0,0.0
2024-11-13 00:00:00-05:00,97.07823209908999,97.5440977969959,95.40309992464454,95.88878631591797,405200,0.0,0.0
2024-11-14 00:00:00-05:00,95.88879173136455,96.70157632608314,93.4801727700712,94.89759063720703,524900,0.0,0.0
2024-11-15 00:00:00-05:00,94.73901059692642,95.17513397377517,93.68833220381312,94.76874542236328,321900,0.0,0.0
2024-11-18 00:00:00-05:00,95.12556896349666,96.93946875686005,94.84803387074984,95.6013412475586,356300,0.0,0.0
2024-11-19 00:00:00-05:00,94.65971088098621,97.6927840138973,94.46147367368062,96.66193389892578,524700,0.0,0.0
2024-11-20 00:00:00-05:00,97.08814008009877,97.08814008009877,95.11565210280108,96.39430236816406,404500,0.0,0.0
2024-11-21 00:00:00-05:00,97.42515361305574,98.36679160015854,96.99893685249823,97.34585571289062,357900,0.0,0.0
2024-11-22 00:00:00-05:00,97.66305155902987,98.8425833892368,97.43507952132268,98.41636657714844,334000,0.0,0.0
2024-11-25 00:00:00-05:00,99.12010674533776,99.68509105129563,97.84145646085123,98.25775909423828,820400,0.0,0.0
2024-11-26 00:00:00-05:00,97.70269871627937,98.77319779144683,96.42404830354015,97.89102935791016,494700,0.0,0.0
2024-11-27 00:00:00-05:00,98.70380069981017,99.03089885570553,96.8006965310324,97.8216323852539,355900,0.0,0.0
2024-11-29 00:00:00-05:00,98.81283527921981,99.50667299061186,98.28749993169959,98.49565124511719,234400,0.0,0.0
2024-12-02 00:00:00-05:00,98.94170017487187,98.95161430397475,97.70269871627937,97.89102935791016,309100,0.0,0.0
2024-12-03 00:00:00-05:00,98.27758633663254,98.9516033580383,97.5936551872206,98.21810913085938,412700,0.0,0.0
2024-12-04 00:00:00-05:00,98.20821884670706,99.5166041566703,97.49455275722434,99.318359375,457100,0.0,0.0
2024-12-05 00:00:00-05:00,103.78867051694343,104.27435695836681,97.35577723236763,97.94058227539062,560500,0.0,0.0
2024-12-06 00:00:00-05:00,98.12891464541792,98.20821255300422,96.74123151171665,97.40533447265625,529100,0.0,0.0
2024-12-09 00:00:00-05:00,97.63332067722412,98.23795402954651,93.95596503939136,95.24452209472656,543900,0.0,0.0
2024-12-10 00:00:00-05:00,94.99670822054838,96.11677028484434,94.51102180702749,94.85794067382812,792300,0.0,0.0
2024-12-11 00:00:00-05:00,95.97801599129183,97.20710338721781,95.2247009463142,96.28528594970703,403800,0.0,0.0
2024-12-12 00:00:00-05:00,96.58263917295257,97.27647692931858,94.60023694074756,94.67952728271484,609300,0.0,0.0
2024-12-13 00:00:00-05:00,94.39209470409081,94.99672048585745,90.94271116047138,92.61784362792969,687400,0.0,0.0
2024-12-16 00:00:00-05:00,92.80616219799593,94.44164562990503,92.41959434928748,92.43942260742188,1694500,0.0,0.0
2024-12-17 00:00:00-05:00,91.68610868287954,91.9933786271893,89.34687330501623,90.97244262695312,641700,0.0,0.0
2024-12-18 00:00:00-05:00,91.86451261169152,92.92509742110046,88.31601107656113,88.37548828125,640300,0.0,0.0
2024-12-19 00:00:00-05:00,89.26756901155329,90.98235024897019,88.86118049126688,89.20809936523438,648000,0.0,0.0
2024-12-20 00:00:00-05:00,88.41514072191029,91.70592828084828,88.41514072191029,89.87220764160156,2300700,0.0,0.0
2024-12-23 00:00:00-05:00,89.87220616011028,89.99115302013453,88.0583062466298,89.81273651123047,346200,0.0,0.0
2024-12-24 00:00:00-05:00,90.10019470894572,90.3182601928711,89.14864242094306,90.3182601928711,125500,0.0,0.0
2024-12-26 00:00:00-05:00,90.37772251334842,90.37772251334842,89.30722344036883,89.5748519897461,270800,0.0,0.0
2024-12-27 00:00:00-05:00,89.20810736639034,89.28740527677071,87.07702328907358,88.31602478027344,333300,0.0,0.0
2024-12-30 00:00:00-05:00,87.53295532120421,88.61336831187383,86.52193365827108,87.98890686035156,250000,0.0,0.0
2024-12-31 00:00:00-05:00,88.13782682882494,88.90216774655879,86.82752270317003,87.06575775146484,465900,0.13,0.0
2025-01-02 00:00:00-05:00,87.81025024510855,88.41577033101188,86.19222550847257,87.27421569824219,532100,0.0,0.0
2025-01-03 00:00:00-05:00,87.56208928677728,89.22974984964321,86.8970123102433,88.7830581665039,388400,0.0,0.0
2025-01-06 00:00:00-05:00,88.97165636390498,90.18269655913163,88.72349263778004,89.23967742919922,355400,0.0,0.0
2025-01-07 00:00:00-05:00,89.43819771517194,90.32165989858832,85.17970763105271,87.72090911865234,603400,0.0,0.0
2025-01-08 00:00:00-05:00,87.25436205159954,87.79039657462224,85.31868056734727,87.74076080322266,500300,0.0,0.0
2025-01-10 00:00:00-05:00,86.49001999998805,87.42311804337258,85.91428590515545,86.59921264648438,300100,0.0,0.0
2025-01-13 00:00:00-05:00,85.5271456326096,87.71098327636719,84.93154666307981,87.71098327636719,387600,0.0,0.0
2025-01-14 00:00:00-05:00,88.50510499105917,89.91467297970458,88.22715528736335,89.48783111572266,396200,0.0,0.0
2025-01-15 00:00:00-05:00,91.11578907580419,91.62204516698507,90.52019768383838,90.9371109008789,537600,0.0,0.0
2025-01-16 00:00:00-05:00,91.18527191437207,92.08858385790315,90.67901583816814,91.53269958496094,389200,0.0,0.0
2025-01-17 00:00:00-05:00,92.48565532664878,92.85294036649871,91.23491560396046,91.69153594970703,802800,0.0,0.0
2025-01-21 00:00:00-05:00,92.02902806342351,94.82831437144472,92.02902806342351,94.11360168457031,481300,0.0,0.0
2025-01-22 00:00:00-05:00,94.70920217981929,96.21803420848835,93.24006968030655,93.38896942138672,422400,0.0,0.0
2025-01-23 00:00:00-05:00,92.81322926709488,93.57757017584159,91.42351095056354,92.15807342529297,472700,0.0,0.0
2025-01-24 00:00:00-05:00,91.89005453631106,92.15806800004428,89.40841753622341,90.81798553466797,510000,0.0,0.0
2025-01-27 00:00:00-05:00,89.43820346219249,89.43820346219249,85.32861285158796,85.59663391113281,989800,0.0,0.0
2025-01-28 00:00:00-05:00,86.56942716671017,86.7381766708895,83.83962637313535,84.89183807373047,792800,0.0,0.0
2025-01-29 00:00:00-05:00,85.36830896677607,87.37346824046378,85.36830896677607,86.30140686035156,406400,0.0,0.0
2025-01-30 00:00:00-05:00,87.55215070903131,89.49776078999213,87.14516617741711,88.52495574951172,535600,0.0,0.0
2025-01-31 00:00:00-05:00,88.62423315938673,88.62423315938673,84.82236286461496,87.49260711669922,695100,0.0,0.0
2025-02-03 00:00:00-05:00,85.48743988111025,87.2444356636018,84.82235536440258,85.89442443847656,414300,0.0,0.0
2025-02-04 00:00:00-05:00,85.80507802590327,86.8374398628239,85.3782361853818,86.51979064941406,484000,0.0,0.0
2025-02-05 00:00:00-05:00,87.35362273502082,88.52495570644734,86.60913163216553,87.00619506835938,438500,0.0,0.0
2025-02-06 00:00:00-05:00,87.27420601865241,88.4554676246231,86.73817153123768,88.18744659423828,520400,0.0,0.0
2025-02-07 00:00:00-05:00,88.55472327762881,89.09075771474285,87.4628046420354,87.86978912353516,393000,0.0,0.0
2025-02-10 00:00:00-05:00,88.26687081858923,89.20989750615178,87.46282278282648,88.9518051147461,396700,0.0,0.0
2025-02-11 00:00:00-05:00,88.316502896195,88.45547396882296,86.90693483190833,86.96649169921875,920500,0.0,0.0
2025-02-12 00:00:00-05:00,85.09037198816327,87.36355242424094,85.04073621805098,86.04331970214844,527700,0.0,0.0
2025-02-13 00:00:00-05:00,86.61905653243932,90.33158321662728,83.0355722407245,86.53964233398438,1526100,0.0,0.0
2025-02-14 00:00:00-05:00,86.59920339665348,86.86722443610057,85.02088588591788,86.23192596435547,459300,0.0,0.0
2025-02-18 00:00:00-05:00,86.48009130563467,87.65142430511948,85.54699334423084,87.10546112060547,886900,0.0,0.0
2025-02-19 00:00:00-05:00,86.17235762946389,86.98633423291616,84.54440442255935,86.19221496582031,729800,0.0,0.0
2025-02-20 00:00:00-05:00,86.28155945043845,86.49994473349346,82.96609582109248,83.94882202148438,949700,0.0,0.0
2025-02-21 00:00:00-05:00,85.36831321134594,85.36831321134594,80.92121635364141,81.59622192382812,641800,0.0,0.0
2025-02-24 00:00:00-05:00,81.59622661785576,81.98336140812367,80.49437911529158,81.02049255371094,531800,0.0,0.0
2025-02-25 00:00:00-05:00,81.3579882623014,81.94365854513808,79.79952049546215,81.29843139648438,601400,0.0,0.0
2025-02-26 00:00:00-05:00,82.28116477233391,84.13743217792214,81.46718805017312,81.56645202636719,751400,0.0,0.0
2025-02-27 00:00:00-05:00,80.97085137174557,82.06277013220202,80.20651051143257,80.69290924072266,429400,0.0,0.0
2025-02-28 00:00:00-05:00,80.95100875961059,82.04292761653105,80.50430951812785,81.97344207763672,567400,0.0,0.0
2025-03-03 00:00:00-05:00,82.25137529383665,83.3830011319012,80.00797338093898,80.83187866210938,599100,0.0,0.0
2025-03-04 00:00:00-05:00,79.0451067971608,80.69291756296465,78.18150188289411,78.98554992675781,536100,0.0,0.0
2025-03-05 00:00:00-05:00,78.86642381707495,79.75981468557579,77.59582683669835,78.97561645507812,691200,0.0,0.0
2025-03-06 00:00:00-05:00,77.73479533847724,78.30060827426493,75.32264385993915,75.60059356689453,842100,0.0,0.0
2025-03-07 00:00:00-05:00,75.58073795786865,76.61309988724243,72.79138031614532,73.5160140991211,1585700,0.0,0.0
2025-03-10 00:00:00-04:00,72.31489285132574,73.5656398847154,69.15825062548326,70.45863342285156,1737000,0.0,0.0
2025-03-11 00:00:00-04:00,71.024465045479,72.70204676921337,70.4487233540879,71.27262878417969,1027900,0.0,0.0
2025-03-12 00:00:00-04:00,72.97998169266357,73.9825652179255,71.54063518057266,72.60277557373047,897000,0.0,0.0
2025-03-13 00:00:00-04:00,72.21564710162014,72.49358927391687,70.97482842289813,71.88806915283203,549200,0.0,0.0
2025-03-14 00:00:00-04:00,72.46379772595628,74.2009435618525,72.04688454294634,73.50608825683594,576600,0.0,0.0
2025-03-17 00:00:00-04:00,73.06933905794348,74.0619941109536,72.62264731343174,73.2182388305664,815300,0.0,0.0
2025-03-18 00:00:00-04:00,72.47374451815074,73.3472782019587,71.52079661580841,72.56307983398438,690600,0.0,0.0
2025-03-19 00:00:00-04:00,72.77152732493795,76.10684835032167,72.77152732493795,75.39213562011719,1116600,0.0,0.0
2025-03-20 00:00:00-04:00,74.3498512181003,76.31530361804637,74.3498512181003,75.68993377685547,646200,0.0,0.0
2025-03-21 00:00:00-04:00,74.75683472078568,75.6502256051266,73.8038869686072,75.64029693603516,1500500,0.0,0.0
2025-03-24 00:00:00-04:00,77.16898436578116,78.07230389631654,76.78184958793894,77.13920593261719,843500,0.0,0.0
2025-03-25 00:00:00-04:00,76.88111752162766,79.06496280433876,76.71236800942458,78.77709197998047,734200,0.0,0.0
2025-03-26 00:00:00-04:00,78.72745612675745,79.00539828148207,76.2061118221965,76.67266082763672,471300,0.0,0.0
2025-03-27 00:00:00-04:00,76.36493331109655,76.36493331109655,74.59800899632185,75.0447006225586,473800,0.0,0.0
2025-03-28 00:00:00-04:00,74.88589432103646,74.96530096390437,73.7443395762194,74.64765167236328,392200,0.0,0.0
2025-03-31 00:00:00-04:00,73.28534432900602,75.11499602361773,72.50973399679502,74.97578430175781,498800,0.13,0.0
2025-04-01 00:00:00-04:00,74.1703424949101,76.19886607747168,74.12062835384667,75.90055847167969,582800,0.0,0.0
2025-04-02 00:00:00-04:00,74.86640790905606,78.13789877859914,74.86640790905606,77.4915542602539,608700,0.0,0.0
2025-04-03 00:00:00-04:00,73.10636256990182,75.86078240000398,73.10636256990182,74.51837921142578,687300,0.0,0.0
2025-04-04 00:00:00-04:00,71.93300745854768,73.54389597875783,69.66583608034375,71.64464569091797,1348400,0.0,0.0
2025-04-07 00:00:00-04:00,68.93994006818468,74.57803791370814,68.69134660847232,71.48553466796875,945800,0.0,0.0
2025-04-08 00:00:00-04:00,74.13057368615672,75.08517167350672,70.41161001817211,71.51536560058594,951800,0.0,0.0
2025-04-09 00:00:00-04:00,70.54088072240636,78.62513709102623,70.01386381534772,77.16340637207031,1521400,0.0,0.0
2025-04-10 00:00:00-04:00,74.94595626322779,77.58104077200134,74.57803522498862,76.81537628173828,815100,0.0,0.0
2025-04-11 00:00:00-04:00,76.6264459478763,78.2273884427336,74.88629172185495,78.1279525756836,570700,0.0,0.0
2025-04-14 00:00:00-04:00,78.80412652010686,79.44052516836739,76.76565712127623,77.38217163085938,449500,0.0,0.0
2025-04-15 00:00:00-04:00,77.24296283072455,78.59531190619371,76.60656415832383,77.23301696777344,608200,0.0,0.0
2025-04-16 00:00:00-04:00,76.57673433364207,77.66059821724042,75.82100806348603,76.9148178100586,477400,0.0,0.0
2025-04-17 00:00:00-04:00,76.83526041975146,77.60093249648457,76.44745524349912,76.81537628173828,485500,0.0,0.0
2025-04-21 00:00:00-04:00,76.40768332559473,76.40768332559473,73.94164041526741,74.75702667236328,445900,0.0,0.0
2025-04-22 00:00:00-04:00,75.58236084674664,76.72589232761023,74.97579217219648,76.19886779785156,711800,0.0,0.0
2025-04-23 00:00:00-04:00,78.09813247268076,79.62946929604367,77.01426090099156,77.55122375488281,582300,0.0,0.0
2025-04-24 00:00:00-04:00,77.35233868560681,79.64933973217194,77.35233868560681,79.5499038696289,486100,0.0,0.0
2025-04-25 00:00:00-04:00,79.5300273946971,79.80845087123265,78.65497351247596,79.4703598022461,303700,0.0,0.0
2025-04-28 00:00:00-04:00,79.47035106320868,80.31556726302391,78.61518900133355,79.83827209472656,361000,0.0,0.0
2025-04-29 00:00:00-04:00,79.8382738024854,81.05141105976777,79.26153517419212,80.21613311767578,498600,0.0,0.0
2025-04-30 00:00:00-04:00,78.85384744130529,81.33978200646031,77.86941189124535,80.83264923095703,819800,0.0,0.0
2025-05-01 00:00:00-04:00,79.17204774426712,81.34972129155587,76.13920450256934,78.92345428466797,1182200,0.0,0.0
2025-05-02 00:00:00-04:00,78.46604789218145,82.79157282895444,77.7500974721557,80.69344329833984,1043000,0.0,0.0
2025-05-05 00:00:00-04:00,80.29568374738513,82.67223650463161,79.95760029942804,82.52307891845703,588200,0.0,0.0
2025-05-06 00:00:00-04:00,82.23471480453854,83.63678558211653,81.54860200313293,81.71764373779297,1064600,0.0,0.0
2025-05-07 00:00:00-04:00,82.06567457552084,82.43359563988741,80.53433789977895,80.71332550048828,570300,0.0,0.0
2025-05-08 00:00:00-04:00,81.49887901268639,83.53734841919105,81.43921900995933,82.32421112060547,709200,0.0,0.0
2025-05-09 00:00:00-04:00,83.17937238067952,83.17937238067952,81.02158299075043,82.05572509765625,865100,0.0,0.0
2025-05-12 00:00:00-04:00,84.52177959284474,84.52177959284474,81.67786969609725,83.55723571777344,662000,0.0,0.0
2025-05-13 00:00:00-04:00,84.52178347116055,86.75912479833832,84.30301999422336,85.13829803466797,706100,0.0,0.0
2025-05-14 00:00:00-04:00,85.47636600409044,86.40113388817339,85.1780584331902,85.53602600097656,523300,0.0,0.0
2025-05-15 00:00:00-04:00,85.53603065124535,86.09288513617847,85.19794720188419,85.84429168701172,379200,0.0,0.0
2025-05-16 00:00:00-04:00,85.86416980053039,86.78893767000628,85.39681293505222,86.54034423828125,511900,0.0,0.0
2025-05-19 00:00:00-04:00,85.58575876767866,86.61990850382465,85.58575876767866,86.29176330566406,314200,0.0,0.0
2025-05-20 00:00:00-04:00,86.14261509039929,86.80885142220811,85.874137454052,86.51053619384766,257700,0.0,0.0
2025-05-21 00:00:00-04:00,85.87412645038688,87.09720203970623,85.2476736548675,85.8343505859375,510800,0.0,0.0
2025-05-22 00:00:00-04:00,85.46642963653925,85.78462896606193,83.97486885693841,85.67525482177734,424500,0.0,0.0
2025-05-23 00:00:00-04:00,85.09850405553955,87.92252175484747,84.53171134341257,87.54466247558594,515700,0.0,0.0
2025-05-27 00:00:00-04:00,88.49926275887711,91.04485710269813,87.98219175271454,90.925537109375,809000,0.0,0.0
2025-05-28 00:00:00-04:00,91.24374853936891,91.47245028130597,89.13567320143771,89.69252014160156,667900,0.0,0.0
2025-05-29 00:00:00-04:00,90.12010634972287,90.2096039481941,88.22085609249837,89.125732421875,316500,0.0,0.0
2025-05-30 00:00:00-04:00,88.77769746046674,89.62291372849026,87.95236533169779,88.94673919677734,591500,0.0,0.0
2025-06-02 00:00:00-04:00,88.55894237130396,88.55894237130396,87.34580492734561,87.75350189208984,469300,0.0,0.0
2025-06-03 00:00:00-04:00,88.14130336503376,89.90134944592988,87.98220748333446,89.2550048828125,539900,0.0,0.0
2025-06-04 00:00:00-04:00,88.9964588927351,89.94111100840504,88.79758715884786,89.20527648925781,496700,0.0,0.0
2025-06-05 00:00:00-04:00,89.61297767985448,90.78633917327664,88.66831793266259,90.14994049072266,493100,0.0,0.0
2025-06-06 00:00:00-04:00,91.38296032603613,91.82047967078181,90.26925885860867,91.39290618896484,516700,0.0,0.0
2025-06-09 00:00:00-04:00,91.88014787326458,91.88014787326458,90.13004772322479,90.27920532226562,370400,0.0,0.0
2025-06-10 00:00:00-04:00,90.31897399090178,90.38857985337836,87.922529493621,89.4041519165039,524000,0.0,0.0
2025-06-11 00:00:00-04:00,89.6726332091024,90.75649705337122,89.18539215163561,89.60302734375,501600,0.0,0.0
2025-06-12 00:00:00-04:00,89.03623295617018,89.73229159716905,88.20095500050134,88.98651123046875,342500,0.0,0.0
2025-06-13 00:00:00-04:00,88.03190780338628,88.87712398251882,87.22646748505015,88.5688705444336,508800,0.0,0.0
2025-06-16 00:00:00-04:00,89.59307906149328,89.83172665247486,88.44954765889842,88.71803283691406,398800,0.0,0.0
2025-06-17 00:00:00-04:00,88.17111773213055,89.04617147893987,87.67393086197784,88.27055358886719,777900,0.0,0.0
2025-06-18 00:00:00-04:00,88.2705686209969,89.69252361524579,87.89270926646192,88.66831970214844,518600,0.0,0.0
2025-06-20 00:00:00-04:00,89.22517241444733,89.39421415485548,87.77337986014577,88.52910614013672,1202500,0.0,0.0
2025-06-23 00:00:00-04:00,88.23079546761672,90.89571770173312,87.78332268110911,90.69683837890625,607300,0.0,0.0
2025-06-24 00:00:00-04:00,91.4823980924936,91.63155569363421,90.39853419138197,91.37301635742188,467600,0.0,0.0
2025-06-25 00:00:00-04:00,91.37301423121015,91.64149942430984,89.58313823211404,90.0107192993164,537300,0.0,0.0
2025-06-26 00:00:00-04:00,90.95537950304684,91.49234230558658,90.22948323670498,90.91560363769531,340200,0.0,0.0
2025-06-27 00:00:00-04:00,91.38295504427501,92.68558231323509,90.72666468538297,92.35743713378906,593800,0.0,0.0
2025-06-30 00:00:00-04:00,93.6021512754453,93.6021512754453,92.16824354823765,93.11422729492188,491100,0.13,0.0
2025-07-01 00:00:00-04:00,92.41718675739897,92.88519873598462,90.73434471161485,92.20807647705078,426600,0.0,0.0
2025-07-02 00:00:00-04:00,91.84959159043979,93.24366760253906,91.73010435321329,93.24366760253906,349300,0.0,0.0
2025-07-03 00:00:00-04:00,92.98477533132181,94.5381779463072,92.98477533132181,93.50257873535156,278700,0.0,0.0
2025-07-07 00:00:00-04:00,93.34324919171277,94.05024324951222,92.63625513391331,93.3133773803711,315000,0.0,0.0
2025-07-08 00:00:00-04:00,93.11421891447513,93.54239923352911,91.3218344167834,92.25785827636719,540300,0.0,0.0
2025-07-09 00:00:00-04:00,93.07439437593045,93.62206197170939,92.35744052237652,93.6021499633789,330500,0.0,0.0
2025-07-10 00:00:00-04:00,93.54240308338139,94.90659972106138,93.02459971958052,93.72164154052734,337600,0.0,0.0
2025-07-11 00:00:00-04:00,93.4527891347579,94.13987122008139,92.7557548432007,93.34325408935547,325400,0.0,0.0
2025-07-14 00:00:00-04:00,93.0445231261225,94.06020269338141,92.72587781118798,93.09430694580078,220200,0.0,0.0
2025-07-15 00:00:00-04:00,93.28351264830721,93.59219818506875,91.74006977029116,92.03880310058594,619700,0.0,0.0
2025-07-16 00:00:00-04:00,91.76993959286199,92.54663705395389,90.26632848912311,92.08858489990234,584000,0.0,0.0
2025-07-17 00:00:00-04:00,92.4271418065392,94.20956659642536,92.02883327522272,93.54240417480469,547500,0.0,0.0
2025-07-18 00:00:00-04:00,94.20957024225912,94.20957024225912,93.21380267398419,93.64198303222656,870900,0.0,0.0
2025-07-21 00:00:00-04:00,94.08012024594139,95.46423651471281,93.00468948259135,93.98053741455078,442900,0.0,0.0
2025-07-22 00:00:00-04:00,94.04029097755019,95.1057619649063,92.04875585373662,94.56804656982422,459600,0.0,0.0
2025-07-23 00:00:00-04:00,95.2252478713242,96.1712316000973,94.45851020216188,95.47418975830078,328200,0.0,0.0
2025-07-24 00:00:00-04:00,95.28499677798702,95.37461220851425,94.29918145956762,94.46846771240234,337000,0.0,0.0
2025-07-25 00:00:00-04:00,95.0360518012225,97.58521414789034,94.12989973752549,95.533935546875,852700,0.0,0.0
2025-07-28 00:00:00-04:00,95.82271679923382,95.82271679923382,93.55236035343688,93.86105346679688,560300,0.0,0.0
2025-07-29 00:00:00-04:00,94.73732341369198,94.78711482967307,93.10426525127743,94.30914306640625,396800,0.0,0.0
2025-07-30 00:00:00-04:00,95.02609542732965,95.64347402916871,94.10999112558395,94.68753051757812,338600,0.0,0.0
2025-07-31 00:00:00-04:00,94.26931802510535,95.50407533416703,93.00469650031783,94.0701675415039,477700,0.0,0.0
2025-08-01 00:00:00-04:00,92.41718276462733,92.41718276462733,89.41992794535895,91.8894271850586,604500,0.0,0.0
2025-08-04 00:00:00-04:00,92.68604369855882,93.28350269831684,91.46124629151703,92.39727020263672,407800,0.0,0.0
2025-08-05 00:00:00-04:00,93.06442987738687,95.02609307296197,93.0445178700611,94.10002899169922,599600,0.0,0.0
2025-08-06 00:00:00-04:00,93.91082668159922,94.98625736124666,92.91505922202259,92.94493103027344,779200,0.0,0.0
2025-08-07 00:00:00-04:00,94.24940041550917,101.3890519475657,93.79134825275905,100.51277923583984,1494600,0.0,0.0
2025-08-08 00:00:00-04:00,102.16574317449076,107.20433185076637,101.86701748510957,105.5712661743164,1395700,0.0,0.0
2025-08-11 00:00:00-04:00,106.23844037344249,107.21428829999554,105.16300961605052,106.41767883300781,754600,0.0,0.0
2025-08-12 00:00:00-04:00,106.76620264563823,110.53020293547173,106.56704456857328,108.9071044921875,1875400,0.0,0.0
2025-08-13 00:00:00-04:00,109.5344362375191,110.95838421249101,108.12044806575788,110.81897735595703,842700,0.0,0.0
2025-08-14 00:00:00-04:00,109.97256252942327,110.95837020391289,109.52446260676221,110.33103942871094,429800,0.0,0.0
2025-08-15 00:00:00-04:00,110.37087205005703,110.37087205005703,107.75200611772603,108.78760528564453,459200,0.0,0.0
2025-08-18 00:00:00-04:00,108.67806462521844,109.60412870651393,108.22997228789289,109.57425689697266,775300,0.0,0.0
2025-08-19 00:00:00-04:00,109.3452322970674,110.31112803665728,108.40921596556156,108.98675537109375,409200,0.0,0.0
2025-08-20 00:00:00-04:00,107.89141619893697,109.39502737785395,107.23421354403992,109.08634185791016,477100,0.0,0.0
2025-08-21 00:00:00-04:00,108.51874846566321,109.78336988258292,108.24988697891983,109.12615966796875,321400,0.0,0.0
2025-08-22 00:00:00-04:00,109.36514897752353,111.68528913160615,108.87721742087905,110.57998657226562,417500,0.0,0.0
2025-08-25 00:00:00-04:00,110.33105076403076,110.79905514447482,109.16599692309771,109.17595672607422,259800,0.0,0.0
2025-08-26 00:00:00-04:00,109.11620619469238,110.25138055483232,108.93696773798064,110.03231048583984,329700,0.0,0.0
2025-08-27 00:00:00-04:00,109.66387360030828,110.22150857427226,109.3850599118779,109.50455474853516,346500,0.0,0.0
2025-08-28 00:00:00-04:00,109.69375499747474,109.85307385213838,108.88717813033514,109.45476531982422,592300,0.0,0.0
2025-08-29 00:00:00-04:00,109.08633756120376,109.08633756120376,106.79606916954235,107.29395294189453,497900,0.0,0.0
2025-09-02 00:00:00-04:00,105.8401361853925,106.52721824144338,104.68504215476224,106.11894989013672,387700,0.0,0.0
2025-09-03 00:00:00-04:00,106.079118350342,106.39776366986047,104.90411231016068,105.28250885009766,490300,0.0,0.0
2025-09-04 00:00:00-04:00,106.11894851881054,107.88145375651257,105.52148950249308,107.86154174804688,433600,0.0,0.0
2025-09-05 00:00:00-04:00,108.4191687918314,108.66811068089915,105.23271565060554,107.64247131347656,609500,0.0,0.0
2025-09-08 00:00:00-04:00,107.61259060454637,108.68802129970362,106.52720770456385,107.71216583251953,536200,0.0,0.0
2025-09-09 00:00:00-04:00,107.75200180766413,107.75200180766413,106.00940865768905,106.9952163696289,399900,0.0,0.0
2025-09-10 00:00:00-04:00,107.6026409413993,108.67807173788825,106.7164084138585,107.9909896850586,341000,0.0,0.0
2025-09-11 00:00:00-04:00,108.4191690879444,109.57426310298327,107.63251180468936,109.1162109375,424300,0.0,0.0
2025-09-12 00:00:00-04:00,108.50878724569935,108.84734455394211,106.90560093995401,106.9952163696289,249100,0.0,0.0
2025-09-15 00:00:00-04:00,107.25412663951565,109.82320885537479,107.09480777496752,108.9071044921875,454400,0.0,0.0
2025-09-16 00:00:00-04:00,109.46472387762194,109.46472387762194,106.7263631951169,107.85157775878906,780900,0.0,0.0
2025-09-17 00:00:00-04:00,108.35942225729939,109.69375469733536,107.04500942223147,107.14458465576172,578800,0.0,0.0
2025-09-18 00:00:00-04:00,106.87572715493455,110.34099378618127,106.87572715493455,109.13611602783203,541700,0.0,0.0
2025-09-19 00:00:00-04:00,109.02658787539113,109.75350153597114,108.0308203166864,109.53443145751953,1360300,0.0,0.0
2025-09-22 00:00:00-04:00,109.3452342504423,110.71939835692422,108.80751885187593,110.19164276123047,368200,0.0,0.0
2025-09-23 00:00:00-04:00,109.7634571600484,111.23718883644837,109.62404271780197,109.94269561767578,279000,0.0,0.0
2025-09-24 00:00:00-04:00,110.53019665974054,111.0280804284781,108.22001627668236,108.52870178222656,267900,0.0,0.0
2025-09-25 00:00:00-04:00,107.55284844134418,108.58844753989332,106.6964877944113,108.17021942138672,654600,0.0,0.0
2025-09-26 00:00:00-04:00,108.54862138735396,109.2356958221815,108.00094620290128,108.52870178222656,348900,0.0,0.0
2025-09-29 00:00:00-04:00,109.235694539396,109.77340991497043,107.7520030531704,108.59840393066406,511300,0.0,0.0
2025-09-30 00:00:00-04:00,109.1467424558675,110.02406096733608,108.30929548959122,109.31622314453125,445800,0.13,0.0
2025-10-01 00:00:00-04:00,108.71804761853814,109.9542708466677,107.27245695089015,107.79087829589844,457700,0.0,0.0
2025-10-02 00:00:00-04:00,107.64134063808578,108.85762817621544,106.27550817858153,108.8177490234375,6267900,0.0,0.0
2025-10-03 00:00:00-04:00,108.82771231018826,110.13372213659846,107.33227842425165,108.91743469238281,1272000,0.0,0.0
2025-10-06 00:00:00-04:00,109.73494567217405,110.3331177457964,107.46188722870673,107.9703369140625,584300,0.0,0.0
2025-10-07 00:00:00-04:00,108.28936577740583,108.5984197100501,105.29849771335176,105.59757995605469,538800,0.0,0.0
2025-10-08 00:00:00-04:00,106.2256582896046,107.37215153394303,105.36827557400129,106.73410034179688,457500,0.0,0.0
2025-10-09 00:00:00-04:00,106.76400443774389,106.76400443774389,104.60061194487105,105.1888198852539,446900,0.0,0.0
2025-10-10 00:00:00-04:00,105.58760454410955,106.69421861140712,104.57070525197555,105.08912658691406,342500,0.0,0.0
2025-10-13 00:00:00-04:00,106.83380581919323,107.92048417983436,106.24559783935547,106.24559783935547,1132300,0.0,0.0
2025-10-14 00:00:00-04:00,105.11903605821897,107.3223077584298,104.580678941409,106.80388641357422,377500,0.0,0.0
2025-10-15 00:00:00-04:00,106.29545000322332,107.920485522758,105.87672270826526,106.07611846923828,479100,0.0,0.0
2025-10-16 00:00:00-04:00,106.4449860235832,106.58456685765452,104.53083237851084,105.25861358642578,550600,0.0,0.0
2025-10-17 00:00:00-04:00,104.96949969500106,105.49788516577705,103.95260030060474,104.71028900146484,719600,0.0,0.0
2025-10-20 00:00:00-04:00,105.40815772557809,107.13288728883555,105.04925296900548,105.35830688476562,355300,0.0,0.0
2025-10-21 00:00:00-04:00,105.02931104853538,106.18578363714252,104.4112032084327,105.16888427734375,427800,0.0,0.0
2025-10-22 00:00:00-04:00,105.41812995373708,106.27551275999679,102.2179019655137,103.34446716308594,525400,0.0,0.0
2025-10-23 00:00:00-04:00,102.82603216080781,104.82991567376496,102.64657979239121,103.13508605957031,619000,0.0,0.0
2025-10-24 00:00:00-04:00,104.41119513244844,105.53775256531367,103.9725321008829,104.24170684814453,473200,0.0,0.0
2025-10-27 00:00:00-04:00,105.33836227307398,105.33836227307398,103.27465629286431,103.52389526367188,492600,0.0,0.0
2025-10-28 00:00:00-04:00,102.94568234905329,103.91273092041547,102.26775194070864,103.4541244506836,322600,0.0,0.0
2025-10-29 00:00:00-04:00,103.71332464868647,104.79003888342355,102.08828921367838,102.83600616455078,335300,0.0,0.0
2025-10-30 00:00:00-04:00,102.27770058393126,103.135083253464,101.450232980129,102.50700378417969,382700,0.0,0.0
2025-10-31 00:00:00-04:00,102.3275583560261,103.08524700965319,101.50008308997087,102.59674072265625,383400,0.0,0.0
2025-11-03 00:00:00-05:00,103.07527833139258,103.54384885974214,101.27079043863154,102.20792388916016,444900,0.0,0.0
2025-11-04 00:00:00-05:00,101.78920514319091,102.68646705617805,99.69559908366801,102.08829498291016,439300,0.0,0.0
2025-11-05 00:00:00-05:00,102.45716104364364,104.1121115943621,101.8191098353636,102.44719696044922,558400,0.0,0.0
2025-11-06 00:00:00-05:00,103.93266249443666,104.60062118570652,97.4823559888258,99.08745574951172,1316900,0.0,0.0
2025-11-07 00:00:00-05:00,97.8612034100434,99.1771850096473,96.96394149982015,98.20016479492188,930400,0.0,0.0
2025-11-10 00:00:00-05:00,99.68562187870246,101.02154678771929,98.0904939028519,99.85511016845703,542700,0.0,0.0
2025-11-11 00:00:00-05:00,99.9348656294186,102.62665134784652,99.09742625446582,102.18798828125,737300,0.0,0.0
2025-11-12 00:00:00-05:00,102.46712732375319,103.53386984436135,101.36050565396147,102.15807342529297,1607000,0.0,0.0
2025-11-13 00:00:00-05:00,101.28075277213452,103.63356945660519,100.73243155541837,102.43722534179688,739000,0.0,0.0
2025-11-14 00:00:00-05:00,101.28075431132106,102.74628081824392,101.22093938652273,102.23783874511719,1138800,0.0,0.0
2025-11-17 00:00:00-05:00,101.9886005490413,102.71637416035605,100.63273979774277,101.15115356445312,706900,0.0,0.0
2025-11-18 00:00:00-05:00,101.0115764793308,103.40427227889673,100.24392374508089,102.63661193847656,554500,0.0,0.0
2025-11-19 00:00:00-05:00,103.40427384424927,104.68037626169024,101.81910990564937,102.43722534179688,580700,0.0,0.0
2025-11-20 00:00:00-05:00,103.15502980877729,104.93958181052227,101.99855729566747,102.09825897216797,671600,0.0,0.0
2025-11-21 00:00:00-05:00,102.23783633259148,104.69034707166678,101.20100122558749,103.53387451171875,615700,0.0,0.0
2025-11-24 00:00:00-05:00,103.25472890762066,105.59757390224917,102.8260375387692,104.41120147705078,903400,0.0,0.0
2025-11-25 00:00:00-05:00,103.82299431713909,105.93654371603206,103.70335686227595,105.28852081298828,489800,0.0,0.0
2025-11-26 00:00:00-05:00,105.38821525682098,106.98334329637866,105.38821525682098,106.22566223144531,672400,0.0,0.0
2025-11-28 00:00:00-05:00,106.90359263667116,107.60145877729511,106.28547719342534,107.20267486572266,361700,0.0,0.0
2025-12-01 00:00:00-05:00,105.7670485651877,107.56157224097709,105.13896908174638,106.1758041381836,755700,0.0,0.0
2025-12-02 00:00:00-05:00,106.85374237496494,107.59148767136456,105.05921856624097,106.14590454101562,379600,0.0,0.0
2025-12-03 00:00:00-05:00,106.53471273558013,107.55160445127987,105.56766425335545,106.66431427001953,550400,0.0,0.0
2025-12-04 00:00:00-05:00,106.6643193000311,108.82771958023075,105.7371499245657,107.98030090332031,372200,0.0,0.0
2025-12-05 00:00:00-05:00,107.77093522270025,109.02710183251446,107.00328249825112,107.7509994506836,633100,0.0,0.0
2025-12-08 00:00:00-05:00,108.46880785715032,109.97420582988221,107.66126838440417,107.89057159423828,819100,0.0,0.0
2025-12-09 00:00:00-05:00,108.29932566394187,108.9573202634946,107.44194291031465,108.0899658203125,392100,0.0,0.0
2025-12-10 00:00:00-05:00,108.28936247596114,111.82855168015583,107.86067109560285,110.92132568359375,845800,0.0,0.0
2025-12-11 00:00:00-05:00,111.16059296424105,115.0188153865128,110.66211496888572,114.84932708740234,1050700,0.0,0.0
2025-12-12 00:00:00-05:00,115.26804766811475,115.52725073415428,112.48653970335563,114.72969055175781,803100,0.0,0.0
2025-12-15 00:00:00-05:00,115.64688331879127,116.38462854816635,114.83935148131543,115.3577651977539,575800,0.0,0.0
2025-12-16 00:00:00-05:00,115.42755982225596,116.76348476375392,112.38684870820993,116.29491424560547,1018900,0.0,0.0
2025-12-17 00:00:00-05:00,115.6369173446862,116.55412259012648,112.94513934929827,113.63304138183594,1312900,0.0,0.0
2025-12-18 00:00:00-05:00,114.03182680451837,115.2780218292467,113.24423063614958,113.4436264038086,903300,0.0,0.0
2025-12-19 00:00:00-05:00,112.83546995445506,115.68676445939323,112.83546995445506,115.09855651855469,812000,0.0,0.0
2025-12-22 00:00:00-05:00,115.6668204795111,118.06948785587521,115.49733980154025,117.1622543334961,555600,0.0,0.0
2025-12-23 00:00:00-05:00,117.1622696681693,119.26584750659325,117.1622696681693,118.12931823730469,1045000,0.0,0.0
2025-12-24 00:00:00-05:00,117.8900438461478,118.64773251560553,117.51120331450417,118.05952453613281,215000,0.0,0.0
2025-12-26 00:00:00-05:00,118.22900559328707,119.37550648741,117.49126030046025,118.99666595458984,481200,0.0,0.0
2025-12-29 00:00:00-05:00,118.42839579987027,118.45830326077356,117.19217257679009,117.74049377441406,315700,0.0,0.0
2025-12-30 00:00:00-05:00,117.67071749264466,117.90002072331487,116.17528346685081,116.41455078125,571000,0.0,0.0
2025-12-31 00:00:00-05:00,116.42452730826606,117.1331540268066,115.11705424536109,115.12703704833984,366100,0.13,0.0
2026-01-02 00:00:00-05:00,115.89555389704897,119.75806868413653,115.1270379691368,118.44062042236328,599700,0.0,0.0
2026-01-05 00:00:00-05:00,117.8317950533368,120.89586063299937,117.8317950533368,119.77803039550781,937200,0.0,0.0
2026-01-06 00:00:00-05:00,119.47860630315473,121.39489322224762,117.36270140416843,120.33694458007812,605000,0.0,0.0
2026-01-07 00:00:00-05:00,120.25710437188243,120.49664596166558,118.54042771834207,119.11930847167969,1825500,0.0,0.0
2026-01-08 00:00:00-05:00,118.83984937351045,119.59838250212941,117.17307914288848,119.0594253540039,369000,0.0,0.0
2026-01-09 00:00:00-05:00,119.79799610319691,122.51273990851541,117.87172624241194,120.67630004882812,465500,0.0,0.0
2026-01-12 00:00:00-05:00,120.73617782108713,123.6505319138826,120.73617782108713,122.76225280761719,462800,0.0,0.0
2026-01-13 00:00:00-05:00,122.67243051641819,123.95993037033412,122.48279533134868,123.51080322265625,484200,0.0,0.0
2026-01-14 00:00:00-05:00,124.04975749684854,124.04975749684854,119.62832005602408,121.31505584716797,727000,0.0,0.0
2026-01-15 00:00:00-05:00,122.293161867496,124.74840604629655,120.6563324149623,120.74616241455078,779100,0.0,0.0
2026-01-16 00:00:00-05:00,119.94770773063466,121.84403679649562,119.33888617346908,121.12542724609375,960500,0.0,0.0
2026-01-20 00:00:00-05:00,119.76804812371681,121.4947075012786,119.76804812371681,119.94770050048828,529300,0.0,0.0
2026-01-21 00:00:00-05:00,121.0655386467961,122.14344529535252,120.03752316830787,121.89392852783203,559900,0.0,0.0
2026-01-22 00:00:00-05:00,122.9918103305473,123.61060705035361,120.85593976151219,120.92581176757812,618100,0.0,0.0
2026-01-23 00:00:00-05:00,120.76612543719324,120.76612543719324,118.84983833215166,120.04751586914062,974800,0.0,0.0
2026-01-26 00:00:00-05:00,120.57648763036177,121.44480877539573,118.33083658615301,119.34886932373047,440900,0.0,0.0
2026-01-27 00:00:00-05:00,119.7680505516101,119.94770293202342,117.89168716757467,119.14924621582031,325800,0.0,0.0
2026-01-28 00:00:00-05:00,119.62832434958669,120.60642585265916,118.63025724012219,119.39876556396484,266700,0.0,0.0
2026-01-29 00:00:00-05:00,120.01756610515486,121.52464952473045,119.45865097827543,121.33501434326172,409500,0.0,0.0
2026-01-30 00:00:00-05:00,120.05748755394453,121.91389289460479,119.57841201472847,120.5066146850586,385200,0.0,0.0
2026-02-02 00:00:00-05:00,120.84596936366607,123.4209843745584,120.18724140591078,123.35111236572266,497800,0.0,0.0
2026-02-03 00:00:00-05:00,123.76032467984108,124.77834980660113,122.64248674791119,124.5887222290039,733600,0.0,0.0
2026-02-04 00:00:00-05:00,124.71846340201337,125.00790377361018,120.53655983309916,122.76225280761719,546100,0.0,0.0
2026-02-05 00:00:00-05:00,122.213312709086,126.87429182880777,122.213312709086,125.58678436279297,784400,0.0,0.0
2026-02-06 00:00:00-05:00,127.37333337245602,130.90649202351506,127.07391017936784,129.92837524414062,782200,0.0,0.0
2026-02-09 00:00:00-05:00,130.22780159595715,133.41163834207066,129.94834400344217,131.8446807861328,724800,0.0,0.0
2026-02-10 00:00:00-05:00,132.3137522985175,133.57131126256928,131.47536442652216,132.65309143066406,476800,0.0,0.0
2026-02-11 00:00:00-05:00,134.1701413522769,135.02847959329875,131.84465861195008,132.91258239746094,949700,0.0,0.0
2026-02-12 00:00:00-05:00,135.5574789634545,136.36591086662335,127.56295185590696,128.97023010253906,891900,0.0,0.0
2026-02-13 00:00:00-05:00,130.22778327768842,132.37363655394586,130.03814810316442,130.67691040039062,863100,0.0,0.0
2026-02-17 00:00:00-05:00,130.0381652176463,131.4254779783936,127.95220848193571,128.36141967773438,492000,0.0,0.0
2026-02-18 00:00:00-05:00,131.05619013271067,134.54942502718097,129.92836942197854,132.5333251953125,760000,0.0,0.0
2026-02-19 00:00:00-05:00,131.24583041784115,133.74099829650734,131.11607681477574,133.331787109375,603700,0.0,0.0
2026-02-20 00:00:00-05:00,133.99051019913964,136.52559397054614,133.37171346116622,135.52752685546875,627700,0.0,0.0
2026-02-23 00:00:00-05:00,135.20814603327074,135.50756919756535,133.18207111686638,134.49951171875,401600,0.0,0.0
2026-02-24 00:00:00-05:00,133.99052028559558,136.70526426130857,133.77094428540582,135.92677307128906,518300,0.0,0.0
2026-02-25 00:00:00-05:00,136.9347968823244,136.9347968823244,134.1002901015239,135.20814514160156,609300,0.0,0.0
2026-02-26 00:00:00-05:00,136.17627965533367,136.82501718859433,133.15213751416033,135.8269500732422,837900,0.0,0.0
2026-02-27 00:00:00-05:00,134.76899406545843,136.97472897176323,133.48149425730492,134.20010375976562,818900,0.0,0.0
2026-03-02 00:00:00-05:00,133.02236848625571,135.47762000612246,130.47729459145694,133.58128356933594,820800,0.0,0.0
2026-03-03 00:00:00-05:00,130.9164622645374,132.09418938502614,129.5491151839125,131.67498779296875,580600,0.0,0.0
2026-03-04 00:00:00-05:00,132.5732553585514,132.64311213665403,131.08612988984797,132.19398498535156,447900,0.0,0.0
2026-03-05 00:00:00-05:00,130.70687459452284,131.64504487934303,125.21749790981572,126.52496337890625,778100,0.0,0.0
2026-03-06 00:00:00-05:00,123.91002949510798,125.03784255414547,122.69238643926089,123.13153839111328,547800,0.0,0.0
2026-03-09 00:00:00-04:00,120.74616386058362,125.73649947432716,120.55652867057407,125.27738189697266,1041400,0.0,0.0
2026-03-10 00:00:00-04:00,124.9679757569798,126.9341690849101,123.9000443066125,124.22940826416016,655000,0.0,0.0
2026-03-11 00:00:00-04:00,123.89007118206658,125.3073323061131,121.90391970821098,124.75839233398438,515700,0.0,0.0
2026-03-12 00:00:00-04:00,123.08163202435544,124.12960550441319,121.56457341291265,123.43095397949219,1562000,0.0,0.0
2026-03-13 00:00:00-04:00,124.55877581610646,125.55684290561165,120.23714349103356,120.49664306640625,541300,0.0,0.0
2026-03-16 00:00:00-04:00,121.81409010266275,122.89199676142452,121.07551498126332,122.83211517333984,361600,0.0,0.0
2026-03-17 00:00:00-04:00,123.4708793647061,123.79026053040641,120.24712691320723,121.41486358642578,431500,0.0,0.0
2026-03-18 00:00:00-04:00,120.88588769824845,122.15342954178767,119.52851585772356,121.20526885986328,404100,0.0,0.0
2026-03-19 00:00:00-04:00,119.6083603256409,121.07552021430821,118.0713436576205,119.90778350830078,380700,0.0,0.0
2026-03-20 00:00:00-04:00,120.42677700101696,120.56650578243391,115.08711205465761,115.96541595458984,1092400,0.0,0.0
2026-03-23 00:00:00-04:00,118.91969813255164,122.03366265424228,117.82182583029795,119.41873168945312,1215000,0.0,0.0
2026-03-24 00:00:00-04:00,118.62027410477414,122.85207650495266,116.20495353414873,120.87590789794922,441100,0.0,0.0
2026-03-25 00:00:00-04:00,122.44287457388928,122.47281536914262,119.8778423803328,121.68434143066406,686600,0.0,0.0
2026-03-26 00:00:00-04:00,120.21718278623406,121.69432548936904,118.53045451416361,118.6003189086914,374300,0.0,0.0
2026-03-27 00:00:00-04:00,118.35079593292659,120.05748972249367,117.10321208546695,117.9116439819336,492000,0.0,0.0
2026-03-30 00:00:00-04:00,118.50051505169927,118.82987142123666,114.64797527663134,116.26483917236328,501100,0.0,0.0
2026-03-31 00:00:00-04:00,117.77360129650722,120.78113404183968,116.92429038107204,119.78195190429688,585300,0.13,0.0
2026-04-01 00:00:00-04:00,121.090889962786,123.66877417504934,120.56132463089918,122.21996307373047,394900,0.0,0.0
2026-04-02 00:00:00-04:00,119.9018577578868,122.46975557327535,119.33232423846303,121.47057342529297,394700,0.0,0.0
2026-04-06 00:00:00-04:00,120.86107536733353,121.80030905430584,119.1524747572906,121.12086486816406,475800,0.0,0.0
2026-04-07 00:00:00-04:00,120.52135527550135,121.19080549532138,118.27319540818976,120.67122650146484,695600,0.0,0.0
2026-04-08 00:00:00-04:00,124.00850040460874,128.90448696577616,123.72873061518831,125.83700561523438,637800,0.0,0.0
2026-04-09 00:00:00-04:00,125.3573922733967,128.06517499914062,125.20751342548957,127.5955581665039,353700,0.0,0.0
2026-04-10 00:00:00-04:00,127.76542408560123,127.76542408560123,126.48646453194534,126.88613891601562,236300,0.0,0.0
2026-04-13 00:00:00-04:00,125.89695622365909,127.39572951203598,124.76788309075101,127.1259536743164,352400,0.0,0.0
2026-04-14 00:00:00-04:00,126.77622772561946,128.22504640876073,125.85698198241212,126.87615203857422,380700,0.0,0.0
2026-04-15 00:00:00-04:00,125.79703625711936,127.21587310365537,124.12840386901765,125.67713165283203,619600,0.0,0.0
2026-04-16 00:00:00-04:00,125.27745741275483,125.7870424526467,122.94936875615304,123.31906127929688,358200,0.0,0.0
2026-04-17 00:00:00-04:00,125.25747801282779,127.27582265125294,123.6587880581611,124.16836547851562,1145100,0.0,0.0
2026-04-20 00:00:00-04:00,123.85862358223248,124.71792087704318,123.08925664872554,124.06845092773438,387800,0.0,0.0
2026-04-21 00:00:00-04:00,124.37819647564115,125.39735890699194,122.23993967699244,123.81864929199219,446200,0.0,0.0
2026-04-22 00:00:00-04:00,124.64797628249848,124.9876945627512,119.92184124240872,121.39064025878906,780100,0.0,0.0
2026-04-23 00:00:00-04:00,122.19998180048358,122.86943202132149,120.91103589315327,122.47975158691406,464800,0.0,0.0
2026-04-24 00:00:00-04:00,122.19997941341427,123.85861781048982,121.33068820271049,123.26910400390625,311400,0.0,0.0
2026-04-27 00:00:00-04:00,123.2691060559978,125.70710534725006,122.31987842831478,125.6671371459961,404700,0.0,0.0
2026-04-28 00:00:00-04:00,125.56721950555142,125.56721950555142,123.25911116845027,124.67794799804688,354700,0.0,0.0
2026-04-29 00:00:00-04:00,124.60800517865152,125.21750690082042,121.8102997287965,122.44977569580078,761500,0.0,0.0
2026-04-30 00:00:00-04:00,123.9985000149404,137.70728759368146,123.59882564086686,136.95790100097656,1340500,0.0,0.0
2026-05-01 00:00:00-04:00,139.17607068395793,141.86387302418856,137.7772218155115,139.30596923828125,876500,0.0,0.0
2026-05-04 00:00:00-04:00,139.94544876713206,141.65405694318775,137.19769786881713,137.42750549316406,703200,0.0,0.0
2026-05-05 00:00:00-04:00,140.12530688690893,142.62326220276455,139.01621411681666,141.5441436767578,736300,0.0,0.0
2026-05-06 00:00:00-04:00,144.5117249905413,144.88141752195045,140.81473869120885,142.26356506347656,600200,0.0,0.0
2026-05-07 00:00:00-04:00,142.7231705191633,142.7231705191633,139.79557422256147,141.11448669433594,804200,0.0,0.0
2026-05-08 00:00:00-04:00,142.9929669019969,144.04211127336617,140.6249099394888,141.76397705078125,462700,0.0,0.0
2026-05-11 00:00:00-04:00,141.55412817367707,142.07370714160376,140.27517628824916,141.09451293945312,580700,0.0,0.0
2026-05-12 00:00:00-04:00,140.60491822708266,141.12449723200626,137.53742160233975,140.30516052246094,765500,0.0,0.0
2026-05-13 00:00:00-04:00,140.65488408455235,143.63244280379627,138.95627737543916,143.01295471191406,750500,0.0,0.0
2026-05-14 00:00:00-04:00,144.41178948638975,144.64159710327667,139.90548364810823,140.81472778320312,738400,0.0,0.0
2026-05-15 00:00:00-04:00,139.7656053862193,139.7656053862193,136.48828912190726,138.4366912841797,699000,0.0,0.0
2026-05-18 00:00:00-04:00,138.66649783740255,139.82555279285816,135.11939814847543,137.167724609375,647900,0.0,0.0
2026-05-19 00:00:00-04:00,135.16935494029667,135.52906111059846,131.99196314122162,132.35166931152344,985700,0.0,0.0
2026-05-20 00:00:00-04:00,133.18098958756823,134.99950852151204,130.33332944701002,130.63308715820312,2550300,0.0,0.0
2026-05-21 00:00:00-04:00,129.65387481621002,130.04355525844534,127.45567705882333,127.52561950683594,728200,0.0,0.0
2026-05-22 00:00:00-04:00,128.14511284869914,131.0027744546317,126.17672276106502,129.84371948242188,461800,0.0,0.0
2026-05-26 00:00:00-04:00,130.80294621112407,134.0203141332769,130.11350804976124,133.4108123779297,561700,0.0,0.0
2026-05-27 00:00:00-04:00,135.77886257801418,138.15692098827142,134.2701030110254,134.5398712158203,659400,0.0,0.0
2026-05-28 00:00:00-04:00,136.468309378563,139.8855107399385,135.73891062724317,137.1977081298828,608700,0.0,0.0
2026-05-29 00:00:00-04:00,137.81719331611916,139.90549569810798,136.46830649597695,136.72808837890625,1071700,0.0,0.0
2026-06-01 00:00:00-04:00,134.67975256642626,137.63733837898974,133.53069921568803,136.4183349609375,1548700,0.0,0.0
2026-06-02 00:00:00-04:00,135.88878167133228,139.0162268930287,135.88878167133228,136.63816833496094,688000,0.0,0.0
2026-06-03 00:00:00-04:00,135.89875598230972,139.05617517151956,135.89875598230972,138.91629028320312,658200,0.0,0.0
2026-06-04 00:00:00-04:00,138.66649690940417,141.7539660793643,137.71727692060114,141.4542236328125,513100,0.0,0.0
2026-06-05 00:00:00-04:00,141.26437976290745,143.9921428120448,139.88550349251915,141.23440551757812,651200,0.0,0.0
2026-06-08 00:00:00-04:00,140.88467956544366,141.75396313500724,138.4566743209485,139.73562622070312,578900,0.0,0.0
2026-06-09 00:00:00-04:00,140.84473004490988,143.7423523351197,136.76806482706476,139.9354705810547,690000,0.0,0.0
2026-06-10 00:00:00-04:00,140.58493412231172,142.43342731228876,135.60901097753,135.6489715576172,612800,0.0,0.0
2026-06-11 00:00:00-04:00,137.57738771717618,139.27599426172802,134.30007160293454,138.87632751464844,1070800,0.0,0.0
2026-06-12 00:00:00-04:00,140.08533386283247,143.12285612553595,140.06534595093967,140.48501586914062,539700,0.0,0.0
2026-06-15 00:00:00-04:00,142.8930291612795,144.88140706414143,140.81472852694023,141.244384765625,513900,0.0,0.0
2026-06-16 00:00:00-04:00,143.22277245477298,147.25947706847143,142.99296481843643,145.06126403808594,880700,0.0,0.0
2026-06-17 00:00:00-04:00,145.74070630171937,147.878955453149,142.9729675286634,143.22276306152344,773400,0.0,0.0
2026-06-18 00:00:00-04:00,145.37102117140284,146.9597171819258,144.67158144684143,146.550048828125,1228700,0.0,0.0
2026-06-22 00:00:00-04:00,146.40017569919573,151.4460487028848,145.97051943836138,151.3760986328125,1439100,0.0,0.0
2026-06-23 00:00:00-04:00,148.9281037285973,152.70501106687902,147.7490608538432,149.95726013183594,2214500,0.0,0.0
2026-06-24 00:00:00-04:00,150.6966676407975,155.0930632490715,150.137112798486,151.75579833984375,1107600,0.0,0.0
2026-06-25 00:00:00-04:00,153.7341695527558,157.41115262650598,153.04473141485013,156.52188110351562,575600,0.0,0.0
2026-06-26 00:00:00-04:00,157.33122328738008,161.94743980189912,155.16298467072681,160.25881958007812,2136500,0.0,0.0
2026-06-29 00:00:00-04:00,157.8507923432674,160.15890067847653,155.31287638171662,158.8300018310547,845000,0.0,0.0
2026-06-30 00:00:00-04:00,158.9600067138672,160.41000366210938,157.7899932861328,158.0800018310547,791400,0.13,0.0
2026-07-01 00:00:00-04:00,157.74000549316406,158.47000122070312,149.32000732421875,149.82000732421875,795200,0.0,0.0
2026-07-02 00:00:00-04:00,151.16000366210938,152.35000610351562,144.24000549316406,145.92999267578125,607300,0.0,0.0
2026-07-06 00:00:00-04:00,145.9499969482422,151.11000061035156,145.9499969482422,148.41000366210938,544500,0.0,0.0
2026-07-07 00:00:00-04:00,147.02000427246094,147.8699951171875,141.58999633789062,144.07000732421875,448200,0.0,0.0
2026-07-08 00:00:00-04:00,141.80999755859375,145.36000061035156,141.80999755859375,143.52000427246094,390900,0.0,0.0
2026-07-09 00:00:00-04:00,141.6199951171875,144.05999755859375,125.18000030517578,125.58000183105469,1788600,0.0,0.0
2026-07-10 00:00:00-04:00,123.5,127.2300033569336,120.18000030517578,122.45999908447266,1247900,0.0,0.0
2026-07-13 00:00:00-04:00,120.62000274658203,122.44999694824219,118.52999877929688,118.73999786376953,837100,0.0,0.0
2026-07-14 00:00:00-04:00,121.08000183105469,123.0999984741211,119.58000183105469,120.93000030517578,764800,0.0,0.0
2026-07-15 00:00:00-04:00,121.91999816894531,125.44999694824219,121.91999816894531,124.55999755859375,994200,0.0,0.0
2026-07-16 00:00:00-04:00,124.2300033569336,127.58000183105469,124.2300033569336,125.62999725341797,858900,0.0,0.0
2026-07-17 00:00:00-04:00,124.91999816894531,127.91000366210938,124.01000213623047,124.02999877929688,1673200,0.0,0.0
2026-07-20 00:00:00-04:00,124.51000213623047,126.54000091552734,121.80000305175781,122.08000183105469,594600,0.0,0.0
2026-07-21 00:00:00-04:00,123.58000183105469,125.08999633789062,122.41000366210938,124.77999877929688,660100,0.0,0.0
2026-07-22 00:00:00-04:00,124.81999969482422,126.80000305175781,124.77999877929688,125.72000122070312,571000,0.0,0.0
2026-07-23 00:00:00-04:00,124.56999969482422,127.2699966430664,124.56999969482422,126.70999908447266,811300,0.0,0.0
2026-07-24 00:00:00-04:00,127.6500015258789,128.74000549316406,123.80999755859375,124.47000122070312,571300,0.0,0.0
2026-07-27 00:00:00-04:00,126.58999633789062,127.83999633789062,123.18000030517578,125.5199966430664,798700,0.0,0.0
2026-07-28 00:00:00-04:00,125.0999984741211,125.29000091552734,120.55999755859375,121.30999755859375,839800,0.0,0.0
2026-07-29 00:00:00-04:00,120.61000061035156,121.9800033569336,115.44000244140625,117.87999725341797,1262700,0.0,0.0
2026-07-30 00:00:00-04:00,114.41999816894531,116.12999725341797,108.37999725341797,114.91999816894531,2955600,0.0,0.0
2026-07-31 00:00:00-04:00,116.27999877929688,124.62000274658203,116.27999877929688,120.97000122070312,2000500,0.0,0.0
2026-08-03 00:00:00-04:00,121.30999755859375,126.63999938964844,121.30999755859375,124.06999969482422,1068800,0.0,0.0
2026-08-04 00:00:00-04:00,124.61000061035156,125.80500030517578,121.94000244140625,122.11000061035156,748772,0.0,0.0
