Date,Open,High,Low,Close,Volume,Dividends,Stock Splits
2022-01-03 00:00:00-05:00,53.18225889177442,53.33229357079903,51.2318316309922,51.72605895996094,1031100,0.0,0.0
2022-01-04 00:00:00-05:00,51.95551946789199,52.917495434857955,51.79666080423535,52.50270080566406,1594700,0.0,0.0
2022-01-05 00:00:00-05:00,52.50270436448801,52.98810437338625,51.6113303172554,51.823143005371094,1470100,0.0,0.0
2022-01-06 00:00:00-05:00,52.11437929570548,52.652733293829186,51.61132797177147,52.387969970703125,1167900,0.0,0.0
2022-01-07 00:00:00-05:00,52.3703156560189,52.46739632119674,51.38186440144553,51.42599105834961,1266500,0.0,0.0
2022-01-10 00:00:00-05:00,51.0023693619806,51.275956656222405,50.1816007459589,50.90528869628906,1306400,0.0,0.0
2022-01-11 00:00:00-05:00,50.97589287552453,51.1082762193017,50.13747625376339,50.85233688354492,1532900,0.0,0.0
2022-01-12 00:00:00-05:00,51.17005127027416,51.75253188940299,50.693475300082916,50.92293930053711,903800,0.0,0.0
2022-01-13 00:00:00-05:00,51.09945327085899,51.51424791425613,50.56992325165547,50.74643325805664,1353200,0.0,0.0
2022-01-14 00:00:00-05:00,50.34046438928024,50.49932306402291,49.41379103104702,50.02274703979492,902200,0.0,0.0
2022-01-18 00:00:00-05:00,49.48439397672765,49.607949978004115,48.495942599867455,48.893089294433594,1047400,0.0,0.0
2022-01-19 00:00:00-05:00,49.2372734974469,49.40495613221821,48.239994939817194,48.31060028076172,1022600,0.0,0.0
2022-01-20 00:00:00-05:00,48.55771831386301,49.08724497058278,47.11034230995716,47.22507095336914,1125700,0.0,0.0
2022-01-21 00:00:00-05:00,47.26036441626439,48.20468890222418,47.01325247351535,47.43687438964844,1644300,0.0,0.0
2022-01-24 00:00:00-05:00,46.77497626249642,48.92838905202164,46.33370290152948,48.7960090637207,2679400,0.0,0.0
2022-01-25 00:00:00-05:00,48.19586490135468,48.743042788667104,47.29566706740008,48.21351623535156,1695500,0.0,0.0
2022-01-26 00:00:00-05:00,48.61066680028965,49.09606674154546,47.47218091444836,47.869327545166016,1834000,0.0,0.0
2022-01-27 00:00:00-05:00,48.43416247064667,48.87543580818298,46.9779591101175,47.31332778930664,1254100,0.0,0.0
2022-01-28 00:00:00-05:00,47.46335209449814,47.82519604314291,46.48372489126166,47.80754470825195,1192200,0.0,0.0
2022-01-31 00:00:00-05:00,47.35744981975786,48.48710837608055,47.24271782055382,48.4429817199707,1561700,0.0,0.0
2022-02-01 00:00:00-05:00,48.39886088568268,49.27258359500776,47.89580953889349,49.16667556762695,1974300,0.0,0.0
2022-02-02 00:00:00-05:00,49.007811118951885,50.6052216605916,49.007811118951885,50.41106033325195,2321300,0.0,0.0
2022-02-03 00:00:00-05:00,49.94331119390348,50.163947839332174,49.05194062769672,49.140193939208984,1127700,0.0,0.0
2022-02-04 00:00:00-05:00,48.91073300442463,49.03429236158379,47.966408372207496,48.557716369628906,1305500,0.0,0.0
2022-02-07 00:00:00-05:00,48.6989153137241,48.86659793388815,48.089959451041096,48.57535934448242,1218100,0.0,0.0
2022-02-08 00:00:00-05:00,48.77835260109179,49.47556524617266,48.53124062223709,49.25492858886719,1292500,0.0,0.0
2022-02-09 00:00:00-05:00,49.71386094653849,50.64053437754168,49.71386094653849,50.278690338134766,1177000,0.0,0.0
2022-02-10 00:00:00-05:00,49.599123473701106,50.09334745371178,48.24000079537504,48.43416213989258,1704500,0.0,0.0
2022-02-11 00:00:00-05:00,48.45180630580815,48.654791605646544,47.17211315177245,47.39274978637695,1471400,0.0,0.0
2022-02-14 00:00:00-05:00,47.4721839598606,47.922281259116374,47.11033997680457,47.454532623291016,1415900,0.0,0.0
2022-02-15 00:00:00-05:00,48.02818811347878,48.62832011776176,47.675171465849495,48.43416213989258,1098400,0.0,0.0
2022-02-16 00:00:00-05:00,48.31942822969363,49.28140419578177,48.31942822969363,49.0695915222168,1349200,0.0,0.0
2022-02-17 00:00:00-05:00,45.89241688780274,45.89241688780274,41.35612852640278,42.04451370239258,6457800,0.0,0.0
2022-02-18 00:00:00-05:00,41.815057724785355,44.16263148291069,41.63854773620829,43.394813537597656,5466300,0.0,0.0
2022-02-22 00:00:00-05:00,42.582880030701574,43.659588126422,42.29163799170233,42.450496673583984,3880100,0.0,0.0
2022-02-23 00:00:00-05:00,42.582872198589655,42.7329035001895,40.05878845810284,40.14704513549805,2893500,0.0,0.0
2022-02-24 00:00:00-05:00,39.01738848397563,40.561845196505594,38.50551315276576,40.535369873046875,2589100,0.0,0.0
2022-02-25 00:00:00-05:00,40.43829021887949,42.503449666998385,40.36768823232466,42.38871765136719,1707000,0.0,0.0
2022-02-28 00:00:00-05:00,41.59441695639459,41.82387756213879,40.61478981524329,41.4355583190918,2444900,0.0,0.0
2022-03-01 00:00:00-05:00,41.329658303223496,41.550294950069706,40.17352106175604,40.47358703613281,1889600,0.0,0.0
2022-03-02 00:00:00-05:00,40.88178171265091,42.85177532905634,40.864033625959706,42.06200408935547,3191700,0.25,0.0
2022-03-03 00:00:00-05:00,42.3193434547141,42.470200501074416,41.40533898094193,41.698177337646484,2945200,0.0,0.0
2022-03-04 00:00:00-05:00,41.14800431602923,41.14800431602923,39.46197637078403,39.88792037963867,2171500,0.0,0.0
2022-03-07 00:00:00-05:00,39.825799529679635,39.825799529679635,38.00666279375891,38.03328323364258,1824300,0.0,0.0
2022-03-08 00:00:00-05:00,38.139769415578215,38.76093898220428,37.589592204041665,37.75819396972656,3072000,0.0,0.0
2022-03-09 00:00:00-05:00,38.90292337792551,40.393729101458035,38.485851721609244,40.01215362548828,1515300,0.0,0.0
2022-03-10 00:00:00-05:00,39.0892703047368,40.23399664647944,39.0892703047368,39.4442253112793,2147300,0.0,0.0
2022-03-11 00:00:00-05:00,39.83467437472664,40.07426850398215,39.05377536660891,39.089271545410156,1284000,0.0,0.0
2022-03-14 00:00:00-04:00,39.515204090632494,40.97051314895208,39.38209853633308,40.074256896972656,2063300,0.0,0.0
2022-03-15 00:00:00-04:00,40.473585310357024,41.09475479549215,39.99439713167266,40.33160400390625,1469400,0.0,0.0
2022-03-16 00:00:00-04:00,40.730926753690035,41.79578484037107,40.730926753690035,41.760292053222656,2293600,0.0,0.0
2022-03-17 00:00:00-04:00,41.50295043457912,41.67155217735785,41.139123126929285,41.39646530151367,2334000,0.0,0.0
2022-03-18 00:00:00-04:00,40.63331494552275,41.92889479774842,40.597818772423075,41.48520278930664,4075500,0.0,0.0
2022-03-21 00:00:00-04:00,41.511826349683865,42.02651074304679,40.722055056856014,41.06813430786133,1410100,0.0,0.0
2022-03-22 00:00:00-04:00,41.08587634373951,41.946639861316086,41.08587634373951,41.414207458496094,1766200,0.0,0.0
2022-03-23 00:00:00-04:00,41.36985145667892,41.36985145667892,40.216252645800175,40.26949691772461,880400,0.0,0.0
2022-03-24 00:00:00-04:00,40.59782215243362,40.952777142779716,40.02102113939663,40.28723907470703,1696600,0.0,0.0
2022-03-25 00:00:00-04:00,40.6155723996706,40.77530181530773,40.10976371185364,40.64219284057617,1597400,0.0,0.0
2022-03-28 00:00:00-04:00,40.8285433212262,40.92615611950787,40.10976432497366,40.4025993347168,1213800,0.0,0.0
2022-03-29 00:00:00-04:00,41.27223340704358,42.16849325250604,41.14800017343929,41.98214340209961,1356300,0.0,0.0
2022-03-30 00:00:00-04:00,41.81353948351693,41.91115227996022,41.30773079749429,41.50295639038086,1373700,0.0,0.0
2022-03-31 00:00:00-04:00,41.680432482567845,41.680432482567845,40.27836397224,40.296112060546875,1669100,0.0,0.0
2022-04-01 00:00:00-04:00,40.81966297487811,41.13912174847162,39.92340664683076,40.10975646972656,1343800,0.0,0.0
2022-04-04 00:00:00-04:00,40.100891749181656,40.491342973089836,39.905669522329724,40.26949691772461,2057700,0.0,0.0
2022-04-05 00:00:00-04:00,40.1363831830733,40.358229212198246,39.15138627214225,39.27561950683594,1656800,0.0,0.0
2022-04-06 00:00:00-04:00,39.00052741051411,39.710433932283266,38.48584306654315,39.58620071411133,1971200,0.0,0.0
2022-04-07 00:00:00-04:00,39.42647368834561,40.07426363988275,38.787556087880915,39.861289978027344,2459900,0.0,0.0
2022-04-08 00:00:00-04:00,39.93227886851909,41.05038118739309,39.71930522510912,40.438087463378906,1439400,0.0,0.0
2022-04-11 00:00:00-04:00,40.12750840920434,41.15687378680619,40.03876797184979,40.35822677612305,1384400,0.0,0.0
2022-04-12 00:00:00-04:00,40.62444265072868,41.4940786547236,40.50908515603563,40.78417205810547,2681200,0.0,0.0
2022-04-13 00:00:00-04:00,40.642185818493225,41.39646423647945,40.56232112447354,41.38758850097656,1124300,0.0,0.0
2022-04-14 00:00:00-04:00,41.49407666217706,42.15074234820427,41.440835785675866,41.70705032348633,1975500,0.0,0.0
2022-04-18 00:00:00-04:00,41.556204463769184,42.7630441541491,41.556204463769184,42.4080924987793,2153000,0.0,0.0
2022-04-19 00:00:00-04:00,42.470195844770004,44.41356545174805,42.470195844770004,44.15622329711914,2312500,0.0,0.0
2022-04-20 00:00:00-04:00,44.57329970828137,45.33645052062156,44.511183096588695,45.0258674621582,1962700,0.0,0.0
2022-04-21 00:00:00-04:00,45.38968510510129,46.00197874058492,44.30707572907738,44.351444244384766,1946400,0.0,0.0
2022-04-22 00:00:00-04:00,43.952127633789146,44.386947275289835,43.60604842172801,43.81014633178711,2022100,0.0,0.0
2022-04-25 00:00:00-04:00,43.51732565627785,44.30709711937251,42.878407895076606,44.25385284423828,1830000,0.0,0.0
2022-04-26 00:00:00-04:00,43.85451498761303,44.18284949988818,43.39307829352602,43.481815338134766,1715900,0.0,0.0
2022-04-27 00:00:00-04:00,43.77465504903675,44.466813496938855,43.2954668689039,43.90776062011719,2474600,0.0,0.0
2022-04-28 00:00:00-04:00,44.44906322051366,45.64703022672269,44.28933383500563,45.363067626953125,2145900,0.0,0.0
2022-04-29 00:00:00-04:00,45.15010853335738,45.51393591583983,43.96101358339731,44.04087829589844,1742300,0.0,0.0
2022-05-02 00:00:00-04:00,44.111864346183985,44.76853009266701,43.69479610642083,44.626548767089844,1752200,0.0,0.0
2022-05-03 00:00:00-04:00,44.94599600820766,45.46955264599982,44.750770466457745,45.0791015625,2030200,0.0,0.0
2022-05-04 00:00:00-04:00,45.09685551714104,46.80950694243049,44.61766733506907,46.78288650512695,1606600,0.0,0.0
2022-05-05 00:00:00-04:00,46.18833144044095,46.41017741602914,44.64428534600368,45.0791015625,1332700,0.0,0.0
2022-05-06 00:00:00-04:00,44.875013172119324,45.238840513709526,44.17397892841328,45.14122772216797,1276000,0.0,0.0
2022-05-09 00:00:00-04:00,44.57330852504844,45.42519655542724,44.23610157694353,44.422454833984375,1667700,0.0,0.0
2022-05-10 00:00:00-04:00,44.910501676021006,45.13234766068019,43.36645213334862,44.15622329711914,1804200,0.0,0.0
2022-05-11 00:00:00-04:00,43.916644609862495,44.555558918352816,43.18011411473778,43.295475006103516,1799900,0.0,0.0
2022-05-12 00:00:00-04:00,43.35758648818599,44.511185109784996,43.12686473280522,44.47568893432617,1889300,0.0,0.0
2022-05-13 00:00:00-04:00,44.80402339367676,45.567170853967205,44.582177375137285,45.33645248413086,2131900,0.0,0.0
2022-05-16 00:00:00-04:00,45.123477103818054,45.655909559160456,44.34258158547822,45.1944694519043,1501600,0.0,0.0
2022-05-17 00:00:00-04:00,45.62929055143768,46.60541513002727,45.54055349206673,46.5610466003418,1512500,0.0,0.0
2022-05-18 00:00:00-04:00,45.5534943758671,45.65157447314692,44.305207794444975,44.67969512939453,2597200,0.25,0.0
2022-05-19 00:00:00-04:00,43.98423419231589,45.125522738529355,43.6275798209701,44.340885162353516,2018200,0.0,0.0
2022-05-20 00:00:00-04:00,44.5727045479545,44.69753253799599,41.790809049997144,43.11934280395508,3006400,0.0,0.0
2022-05-23 00:00:00-04:00,43.49382818495948,44.34979788972464,43.15501031565826,43.94856262207031,2021100,0.0,0.0
2022-05-24 00:00:00-04:00,43.66323339841277,43.88614146615831,42.842929940429485,43.627567291259766,1725700,0.0,0.0
2022-05-25 00:00:00-04:00,43.48491104425616,44.49245657359156,43.19067072985874,44.2249641418457,2530400,0.0,0.0
2022-05-26 00:00:00-04:00,44.90259703163093,45.62481691902831,44.69752203883249,45.40190887451172,1693300,0.0,0.0
2022-05-27 00:00:00-04:00,45.69616175059765,46.73937005452016,45.48216847216578,46.66804122924805,1902500,0.0,0.0
2022-05-31 00:00:00-04:00,46.17763432700806,46.445123317594465,45.63373811874171,45.820980072021484,2752900,0.0,0.0
2022-06-01 00:00:00-04:00,46.231135210244496,46.59670433155024,45.01851809171605,45.07201385498047,1706000,0.0,0.0
2022-06-02 00:00:00-04:00,45.1433482860067,45.95473361457247,45.06310123587129,45.927982330322266,1557900,0.0,0.0
2022-06-03 00:00:00-04:00,45.55350021486028,45.865570199562924,45.0898509509394,45.187931060791016,1032300,0.0,0.0
2022-06-06 00:00:00-04:00,45.544580751665215,46.783949138064145,45.19684128813739,46.62345504760742,1474200,0.0,0.0
2022-06-07 00:00:00-04:00,46.204382738796006,47.29217516788002,45.919060692037434,47.185176849365234,1581200,0.0,0.0
2022-06-08 00:00:00-04:00,46.694787765161095,47.09602302481708,46.34705167389513,46.400550842285156,1080400,0.0,0.0
2022-06-09 00:00:00-04:00,46.43621332370387,46.953358305807896,45.72290473950777,45.7318229675293,1150700,0.0,0.0
2022-06-10 00:00:00-04:00,44.920442128463144,45.21467905744314,44.15363770550354,44.18038558959961,1420400,0.0,0.0
2022-06-13 00:00:00-04:00,43.208514656012035,43.6275830632915,42.423880422831786,42.7359504699707,2023800,0.0,0.0
2022-06-14 00:00:00-04:00,42.905346745257376,43.565156165694674,42.75377088186257,43.262001037597656,1599700,0.0,0.0
2022-06-15 00:00:00-04:00,43.28875200372034,44.06447123333287,43.021262966058195,43.467079162597656,1496800,0.0,0.0
2022-06-16 00:00:00-04:00,42.762679452573614,42.78051250471246,41.237989208424445,41.39848327636719,2415400,0.0,0.0
2022-06-17 00:00:00-04:00,41.42524254293106,42.013719820075075,41.22016748891352,41.85322570800781,4156600,0.0,0.0
2022-06-21 00:00:00-04:00,42.71810878589125,43.056930055317295,42.12963152915536,42.59328079223633,1694200,0.0,0.0
2022-06-22 00:00:00-04:00,42.26337501745308,43.25308407510566,42.14746185885489,42.9677619934082,1520200,0.0,0.0
2022-06-23 00:00:00-04:00,43.270916284419066,43.841560436657765,42.602192030769196,43.16392135620117,1377000,0.0,0.0
2022-06-24 00:00:00-04:00,43.44924689595546,44.65295268926526,43.22633879363598,44.51028823852539,2386100,0.0,0.0
2022-06-27 00:00:00-04:00,44.51919492295785,45.70506395110655,44.38544873572516,45.40190887451172,1928700,0.0,0.0
2022-06-28 00:00:00-04:00,45.47324964474962,45.93689887281377,44.43895625947036,44.52811813354492,1590700,0.0,0.0
2022-06-29 00:00:00-04:00,44.58161216529796,44.70644013515167,43.556233724973275,43.8148078918457,1440600,0.0,0.0
2022-06-30 00:00:00-04:00,43.15500804381977,44.216049339041675,43.00342877232661,43.770233154296875,1884800,0.0,0.0
2022-07-01 00:00:00-04:00,43.57407139243449,44.45678890336116,43.35116330800232,44.17146682739258,1144400,0.0,0.0
2022-07-05 00:00:00-04:00,43.62757649397825,44.26955295292098,43.31550649382993,44.242801666259766,1296300,0.0,0.0
2022-07-06 00:00:00-04:00,44.4122066542778,44.96501773496697,43.74348242074327,44.59053039550781,1456600,0.0,0.0
2022-07-07 00:00:00-04:00,44.83126931428243,45.97256092938803,44.67077523405363,45.74965286254883,1245100,0.0,0.0
2022-07-08 00:00:00-04:00,45.70507341508041,46.017146782807565,45.13442924716594,45.669410705566406,1303400,0.0,0.0
2022-07-11 00:00:00-04:00,45.53566247693566,45.78531843903093,44.715362372161266,44.83127212524414,818200,0.0,0.0
2022-07-12 00:00:00-04:00,44.78669023667805,45.72290347592836,44.59053004131438,45.018516540527344,1123300,0.0,0.0
2022-07-13 00:00:00-04:00,44.510276744953615,45.30383224139525,44.40328183583496,44.956092834472656,1849800,0.0,0.0
2022-07-14 00:00:00-04:00,44.296301057035144,44.48354305804885,43.52949659424616,44.35871505737305,1589100,0.0,0.0
2022-07-15 00:00:00-04:00,44.86693991535245,45.15226199738112,44.01097366926643,44.53703689575195,1770400,0.0,0.0
2022-07-18 00:00:00-04:00,44.795606016242616,45.83881412262815,44.57269795235096,44.73318862915039,1713900,0.0,0.0
2022-07-19 00:00:00-04:00,45.43758115720215,47.13168388643936,45.42866633078413,47.042518615722656,1315000,0.0,0.0
2022-07-20 00:00:00-04:00,46.534290357418946,47.39917481112633,46.52537553064072,47.31892776489258,1220200,0.0,0.0
2022-07-21 00:00:00-04:00,46.78394784287782,47.64882886049821,46.78394784287782,47.595333099365234,1167900,0.0,0.0
2022-07-22 00:00:00-04:00,47.56858822181102,47.95199043431683,46.980110960968474,47.33676528930664,1547700,0.0,0.0
2022-07-25 00:00:00-04:00,47.381343418410914,47.66666550362732,47.0425221667261,47.47942352294922,1334200,0.0,0.0
2022-07-26 00:00:00-04:00,46.792871523011485,47.229772929005286,46.25789340261429,46.51646423339844,1629200,0.0,0.0
2022-07-27 00:00:00-04:00,46.775030439043654,47.880656006466076,46.4362126082092,47.853904724121094,2396000,0.0,0.0
2022-07-28 00:00:00-04:00,46.95336465227109,48.42455955439571,46.49863359962428,48.281898498535156,1666400,0.0,0.0
2022-07-29 00:00:00-04:00,48.29972971502249,49.021953246888536,47.95199359270816,48.897125244140625,1698000,0.0,0.0
2022-08-01 00:00:00-04:00,48.59395653812671,49.4499226626681,48.388881533370366,49.280513763427734,1286400,0.0,0.0
2022-08-02 00:00:00-04:00,49.27160186693914,49.485595126222414,48.76337170261227,48.790122985839844,1437300,0.0,0.0
2022-08-03 00:00:00-04:00,48.96845002697831,49.521264566760266,48.39780583225549,48.78120803833008,1266800,0.0,0.0
2022-08-04 00:00:00-04:00,48.745545061915664,48.825792119543046,48.41564200336216,48.53155517578125,1087500,0.0,0.0
2022-08-05 00:00:00-04:00,48.174897755620265,49.146777213160675,48.050069763124604,49.111114501953125,1009300,0.0,0.0
2022-08-08 00:00:00-04:00,49.31618397582652,49.70850096525204,48.57612753062216,48.62070846557617,1351400,0.0,0.0
2022-08-09 00:00:00-04:00,48.70095920944645,48.76337320338591,48.02332010325764,48.61179733276367,1345100,0.0,0.0
2022-08-10 00:00:00-04:00,49.5971105559057,49.8031302948285,49.1313254612635,49.22090148925781,750400,0.25,0.0
2022-08-11 00:00:00-04:00,49.552314077581414,49.89269608012911,49.25672178832383,49.4896125793457,1344800,0.0,0.0
2022-08-12 00:00:00-04:00,49.58814949985248,50.36744206891626,49.462746490689995,50.35848617553711,737100,0.0,0.0
2022-08-15 00:00:00-04:00,50.09872390327983,50.555549666952565,49.73147074676617,50.4122314453125,922900,0.0,0.0
2022-08-16 00:00:00-04:00,50.412227659141486,50.95862940591214,50.17037753760485,50.43910217285156,1161100,0.0,0.0
2022-08-17 00:00:00-04:00,50.027064411520094,50.65408292920031,49.71355686116801,50.537635803222656,1796900,0.0,0.0
2022-08-18 00:00:00-04:00,50.5197216566748,50.66303987542806,50.2778715218457,50.40327453613281,907300,0.0,0.0
2022-08-19 00:00:00-04:00,49.88374286431958,50.27787052077557,49.88374286431958,50.224124908447266,942500,0.0,0.0
2022-08-22 00:00:00-04:00,49.498579143094005,49.56128407182349,48.63866976735392,48.73720169067383,1209000,0.0,0.0
2022-08-23 00:00:00-04:00,48.77302865576016,49.301515229605315,48.65658153488556,48.7103271484375,901700,0.0,0.0
2022-08-24 00:00:00-04:00,48.48639251638538,48.97904868423346,48.325159091711335,48.79990005493164,1012100,0.0,0.0
2022-08-25 00:00:00-04:00,48.91634312594372,49.97331619262695,48.88051271965516,49.97331619262695,1120700,0.0,0.0
2022-08-26 00:00:00-04:00,49.89269877085335,49.973315475357715,48.3341102894276,48.360984802246094,1107900,0.0,0.0
2022-08-29 00:00:00-04:00,47.92207292284592,48.49534577184235,47.6802227989926,48.23558044433594,1202200,0.0,0.0
2022-08-30 00:00:00-04:00,48.19080349517195,48.23558980450769,47.429425985535325,47.527957916259766,1105900,0.0,0.0
2022-08-31 00:00:00-04:00,47.805627369459145,47.904159284282514,47.26818491020999,47.671268463134766,2305200,0.0,0.0
2022-09-01 00:00:00-04:00,47.3846282085804,47.85936912320397,46.84718237569046,47.81458282470703,1103700,0.0,0.0
2022-09-02 00:00:00-04:00,48.235586500174314,49.140285604871934,47.599612067035125,47.87729263305664,1318300,0.0,0.0
2022-09-06 00:00:00-04:00,48.03853006991702,48.07435706772921,45.74543477809193,45.924583435058594,2052000,0.0,0.0
2022-09-07 00:00:00-04:00,46.10373104750014,47.63544536675855,46.014155012558035,47.55482864379883,1545200,0.0,0.0
2022-09-08 00:00:00-04:00,47.133829451081006,47.653360198727626,46.74866104630198,47.58169937133789,1117200,0.0,0.0
2022-09-09 00:00:00-04:00,47.823544200001464,48.24454297148129,47.716056387891534,48.05643844604492,1215600,0.0,0.0
2022-09-12 00:00:00-04:00,48.32516070553836,48.81781688983878,47.81458931601189,48.06539535522461,1201000,0.0,0.0
2022-09-13 00:00:00-04:00,46.99946542620147,47.160698853359776,45.118409915013125,45.216941833496094,1545200,0.0,0.0
2022-09-14 00:00:00-04:00,45.40504238884992,45.56627580190837,43.92707399178169,44.41077423095703,2200800,0.0,0.0
2022-09-15 00:00:00-04:00,44.21371474208,44.769072432027,43.47920841818933,43.78376007080078,1580000,0.0,0.0
2022-09-16 00:00:00-04:00,43.2731925147812,43.90916697543791,43.10299975983343,43.640445709228516,3185100,0.0,0.0
2022-09-19 00:00:00-04:00,43.48816485649356,45.37817630514928,43.47024965117739,45.25277328491211,1851100,0.0,0.0
2022-09-20 00:00:00-04:00,44.73324049102989,44.74219980175727,43.783758572479755,44.06143569946289,1724900,0.0,0.0
2022-09-21 00:00:00-04:00,44.34807702261926,44.73324541890643,43.282147866020026,43.291107177734375,1681400,0.0,0.0
2022-09-22 00:00:00-04:00,43.21944310001736,43.40754762815045,42.21621553299821,42.493892669677734,1946800,0.0,0.0
2022-09-23 00:00:00-04:00,42.12663097266492,42.32369477191333,41.38316890482143,42.19829177856445,1874300,0.0,0.0
2022-09-26 00:00:00-04:00,42.08185996457014,42.484943601745215,41.92958582217986,42.054988861083984,1667200,0.0,0.0
2022-09-27 00:00:00-04:00,42.49388579927219,42.923840401336825,41.866870806870914,42.29682540893555,1227100,0.0,0.0
2022-09-28 00:00:00-04:00,42.47597896070232,43.52399628588493,42.332660731794356,43.16569900512695,1676400,0.0,0.0
2022-09-29 00:00:00-04:00,42.681996136752126,42.74469763955141,41.90270017285985,42.28786849975586,1122900,0.0,0.0
2022-09-30 00:00:00-04:00,42.33265553867198,43.27318493103899,42.162466230526626,42.234127044677734,1795000,0.0,0.0
2022-10-03 00:00:00-04:00,42.592420194783976,43.962904199581125,42.592420194783976,43.55086135864258,1381700,0.0,0.0
2022-10-04 00:00:00-04:00,44.19580183918121,45.16319904570793,44.079354708505605,45.03779602050781,1292800,0.0,0.0
2022-10-05 00:00:00-04:00,44.48244004232845,45.22590574507426,44.186847673786154,44.993011474609375,1072500,0.0,0.0
2022-10-06 00:00:00-04:00,44.87656512629137,45.172160916993256,44.70637578487221,44.76907730102539,1339100,0.0,0.0
2022-10-07 00:00:00-04:00,44.27641087269763,44.59887769122765,43.94498816119759,44.204750061035156,1085600,0.0,0.0
2022-10-10 00:00:00-04:00,44.38390486602246,44.78698844542651,43.98082128661841,44.53618240356445,929900,0.0,0.0
2022-10-11 00:00:00-04:00,44.43765373400098,45.628985936997715,44.41973852727474,44.993011474609375,1189800,0.0,0.0
2022-10-12 00:00:00-04:00,45.19007484193892,45.24381704455901,44.46452435378148,44.5003547668457,1227200,0.0,0.0
2022-10-13 00:00:00-04:00,43.73896827793906,45.57523385724047,43.30901024363748,45.2348518371582,1254200,0.0,0.0
2022-10-14 00:00:00-04:00,45.700640208621074,45.96040554342654,44.330159551919394,44.428688049316406,1415100,0.0,0.0
2022-10-17 00:00:00-04:00,45.12737194120006,45.530455533348785,44.77803396699655,45.324432373046875,1356700,0.0,0.0
2022-10-18 00:00:00-04:00,46.25599569257369,46.5515914217802,45.42295753186979,46.076847076416016,1231900,0.0,0.0
2022-10-19 00:00:00-04:00,45.7185571626664,45.96936319650537,45.19007057923718,45.81708908081055,953600,0.0,0.0
2022-10-20 00:00:00-04:00,45.924575419413884,46.09476473449044,44.536179549960714,44.858646392822266,1308100,0.0,0.0
2022-10-21 00:00:00-04:00,44.92134418611737,46.16642173549032,44.79593776661154,46.12163543701172,1166700,0.0,0.0
2022-10-24 00:00:00-04:00,46.39036427015464,47.45629338384698,46.30974755285179,47.24131774902344,1218400,0.0,0.0
2022-10-25 00:00:00-04:00,47.08007752971626,48.38785660685336,47.08007752971626,48.28036880493164,1708600,0.0,0.0
2022-10-26 00:00:00-04:00,48.4595189908987,48.86260256081811,47.527952250055584,47.859375,1874200,0.0,0.0
2022-10-27 00:00:00-04:00,48.504304560588146,50.134550488757554,48.02956021132515,49.176109313964844,2009600,0.0,0.0
2022-10-28 00:00:00-04:00,49.06862480014708,49.883747875646876,48.67450052107311,49.659812927246094,1212100,0.0,0.0
2022-10-31 00:00:00-04:00,49.59710859965311,50.107679979666024,49.167153933167285,49.838958740234375,1462300,0.0,0.0
2022-11-01 00:00:00-04:00,48.08330678164515,48.190794587578125,47.142780791536175,47.92207336425781,4281400,0.0,0.0
2022-11-02 00:00:00-04:00,47.787717019874975,48.21767513132384,46.668042268547296,46.70387268066406,3442000,0.0,0.0
2022-11-03 00:00:00-04:00,46.20225973111012,46.614299211963385,45.799176144633606,46.26496124267578,1316300,0.0,0.0
2022-11-04 00:00:00-04:00,46.59637700384587,47.00841642277888,45.655851054724664,46.32765579223633,1599200,0.0,0.0
2022-11-07 00:00:00-05:00,46.42618545678049,47.18756275570781,46.085803449471314,47.115901947021484,1357200,0.0,0.0
2022-11-08 00:00:00-05:00,47.1159102452151,47.483163411975646,46.47993583250372,47.178611755371094,1572200,0.0,0.0
2022-11-09 00:00:00-05:00,47.008426062749926,47.707102039606646,46.73074548419021,46.802406311035156,1771200,0.0,0.0
2022-11-10 00:00:00-05:00,48.190792024386596,48.62970595214605,47.913114922414294,48.4774284362793,1844400,0.0,0.0
2022-11-11 00:00:00-05:00,48.916343756477794,49.0596619665038,48.30724050962335,48.62970733642578,1242600,0.0,0.0
2022-11-14 00:00:00-05:00,48.55804805940564,48.93426050823786,47.99373451162096,48.03852081298828,1505600,0.0,0.0
2022-11-15 00:00:00-05:00,48.64762730183883,49.16715458267292,48.16392701428654,48.952178955078125,1453400,0.0,0.0
2022-11-16 00:00:00-05:00,48.659589392294905,49.2267604140139,48.3444962881495,48.89366149902344,968600,0.275,0.0
2022-11-17 00:00:00-05:00,48.38050616109583,48.56956201674953,47.05710830300564,47.89435958862305,1053700,0.0,0.0
2022-11-18 00:00:00-05:00,48.58756699587971,48.794628658185964,48.11942624160846,48.6325798034668,990300,0.0,0.0
2022-11-21 00:00:00-05:00,48.54255290249794,49.154736728696975,48.47053309402247,48.91166687011719,836500,0.0,0.0
2022-11-22 00:00:00-05:00,49.1907452834823,49.550854606181915,48.947672005798616,49.51484298706055,910200,0.0,0.0
2022-11-23 00:00:00-05:00,49.49684107560158,49.77592599438584,49.30778521171093,49.37080383300781,704400,0.0,0.0
2022-11-25 00:00:00-05:00,49.46982981470008,49.532848430568244,49.11872511650402,49.3888053894043,387800,0.0,0.0
2022-11-28 00:00:00-05:00,49.13672629311883,49.16373328758543,48.36249373201407,48.416507720947266,957900,0.0,0.0
2022-11-29 00:00:00-05:00,48.31748102758445,48.48853449639476,47.60627045867315,47.651283264160156,798800,0.0,0.0
2022-11-30 00:00:00-05:00,47.44422592488209,48.956679679696514,46.96708052742102,48.91166687011719,2829000,0.0,0.0
2022-12-01 00:00:00-05:00,49.253762157730144,50.12702500212268,49.163736547367925,49.58686447143555,1225400,0.0,0.0
2022-12-02 00:00:00-05:00,49.04670471422275,49.73991296310448,48.87565466615733,49.56886291503906,1070300,0.0,0.0
2022-12-05 00:00:00-05:00,49.100716960242444,49.100716960242444,48.26346575028922,48.551551818847656,1070400,0.0,0.0
2022-12-06 00:00:00-05:00,48.578562085900856,48.79462836899823,47.86734805376595,48.36249923706055,1509300,0.0,0.0
2022-12-07 00:00:00-05:00,48.14643411906395,48.39850859356331,47.2821758342743,47.39921188354492,1561400,0.0,0.0
2022-12-08 00:00:00-05:00,47.44421825931953,48.272464811382406,47.36319384146496,48.128421783447266,1025600,0.0,0.0
2022-12-09 00:00:00-05:00,47.99339088763143,48.326489797939246,47.81333621596926,47.92136764526367,1188700,0.0,0.0
2022-12-12 00:00:00-05:00,47.94837091272605,48.82163377006388,47.696296452569534,48.623573303222656,868200,0.0,0.0
2022-12-13 00:00:00-05:00,50.091017173796196,50.181046225226254,48.605573884900316,49.01069259643555,1680100,0.0,0.0
2022-12-14 00:00:00-05:00,49.10971928954855,49.55085302405763,48.020393602836315,48.43451690673828,1691600,0.0,0.0
2022-12-15 00:00:00-05:00,47.99338619041325,48.155435035623405,47.54325127244213,47.957374572753906,1474900,0.0,0.0
2022-12-16 00:00:00-05:00,47.381202697753906,47.81333180936259,47.14713061588864,47.381202697753906,4874800,0.0,0.0
2022-12-19 00:00:00-05:00,47.59727060962412,47.74131366217996,47.26417169451198,47.47123336791992,1629700,0.0,0.0
2022-12-20 00:00:00-05:00,47.61526845904108,47.840335905668624,47.111119576519684,47.696292877197266,1788800,0.0,0.0
2022-12-21 00:00:00-05:00,48.281474513305255,48.992685106809965,47.92136518844291,48.93867111206055,1456800,0.0,0.0
2022-12-22 00:00:00-05:00,48.50654517972953,48.839644094913865,47.012097221292315,47.82233810424805,1247800,0.0,0.0
2022-12-23 00:00:00-05:00,47.714309325014774,48.40751762731928,47.57026626442276,48.29048156738281,687200,0.0,0.0
2022-12-27 00:00:00-05:00,48.434519766142465,48.875653526694535,48.263469722064826,48.61457443237305,510900,0.0,0.0
2022-12-28 00:00:00-05:00,48.740615586659075,48.92967145598347,47.75932118278725,47.76832580566406,472600,0.0,0.0
2022-12-29 00:00:00-05:00,48.137425363475685,48.938664903678884,48.02038933260411,48.596561431884766,472700,0.0,0.0
2022-12-30 00:00:00-05:00,48.308479631128094,48.41651105068077,47.75931447749522,48.083412170410156,740300,0.0,0.0
2023-01-03 00:00:00-05:00,48.236458569561904,48.92966330832037,47.91236088511249,48.48853302001953,1441600,0.0,0.0
2023-01-04 00:00:00-05:00,48.94767240710435,49.39780734704087,48.74961536882708,49.14573287963867,1204100,0.0,0.0
2023-01-05 00:00:00-05:00,48.60556692609595,48.87564717320474,48.23645645372072,48.560550689697266,976100,0.0,0.0
2023-01-06 00:00:00-05:00,49.001691137696355,50.04600408871535,48.93867251917205,49.81193542480469,902500,0.0,0.0
2023-01-09 00:00:00-05:00,49.85693842211138,50.33408027826082,49.75790820270154,50.02798843383789,1205100,0.0,0.0
2023-01-10 00:00:00-05:00,50.0279928711644,50.6131696190769,49.96497425945158,50.568153381347656,1064300,0.0,0.0
2023-01-11 00:00:00-05:00,50.95526869112992,51.83753610662451,50.90125470170633,51.75651168823242,2483600,0.0,0.0
2023-01-12 00:00:00-05:00,51.90956815728639,52.74681953355371,51.49544478075304,52.215660095214844,3817800,0.0,0.0
2023-01-13 00:00:00-05:00,51.88256000938316,52.87285561559638,51.6214808904562,52.683799743652344,2422300,0.0,0.0
2023-01-17 00:00:00-05:00,52.5577566781027,52.98088118739098,51.61247398875788,52.11662292480469,2038400,0.0,0.0
2023-01-18 00:00:00-05:00,52.125626008303165,52.359694659665266,50.4961363334797,50.5411491394043,1278800,0.0,0.0
2023-01-19 00:00:00-05:00,50.18104185623067,50.28006865279627,49.46982786601199,49.523841857910156,1161700,0.0,0.0
2023-01-20 00:00:00-05:00,49.52385124120082,50.41512005321489,49.22676392670114,50.37910842895508,1100300,0.0,0.0
2023-01-23 00:00:00-05:00,50.54114945642021,51.79252401396087,50.37009941913103,51.53144836425781,845500,0.0,0.0
2023-01-24 00:00:00-05:00,51.432411957249094,51.9815770561324,51.252357319774084,51.684486389160156,922600,0.0,0.0
2023-01-25 00:00:00-05:00,51.252365857322346,51.88255547633269,51.054305379681544,51.85554504394531,639900,0.0,0.0
2023-01-26 00:00:00-05:00,52.01759239871107,52.28767610924066,51.603469079476035,51.84654235839844,677000,0.0,0.0
2023-01-27 00:00:00-05:00,51.684490760418946,52.03559544434906,51.60346633841531,51.8735466003418,862100,0.0,0.0
2023-01-30 00:00:00-05:00,51.6394795019157,52.476730742935274,51.50443764978082,52.10762023925781,1034100,0.0,0.0
2023-01-31 00:00:00-05:00,52.179636665660965,53.0979122716931,52.12562267570755,53.07990646362305,1117400,0.0,0.0
2023-02-01 00:00:00-05:00,52.83684068932187,52.87285231056227,51.07231245962841,52.52174758911133,2439900,0.0,0.0
2023-02-02 00:00:00-05:00,52.58475863612499,53.413008634087355,52.305673763090226,52.87284469604492,1735900,0.0,0.0
2023-02-03 00:00:00-05:00,52.44971836551078,52.51274041262338,51.693491576984826,51.74750900268555,1598200,0.0,0.0
2023-02-06 00:00:00-05:00,51.33338724501234,51.69349312435928,50.47813020089585,50.76621627807617,2035200,0.0,0.0
2023-02-07 00:00:00-05:00,50.316081492431714,50.766216418553675,49.595866297487966,50.47813034057617,1879800,0.0,0.0
2023-02-08 00:00:00-05:00,50.055007325975595,50.766221403304286,49.7219084095302,50.36109924316406,1629500,0.0,0.0
2023-02-09 00:00:00-05:00,50.62217808713014,51.09031886594215,50.397110603139204,50.44212341308594,1239400,0.0,0.0
2023-02-10 00:00:00-05:00,50.1630347158386,50.703195226021855,49.982980067691926,50.568153381347656,1423500,0.0,0.0
2023-02-13 00:00:00-05:00,50.793221451836835,51.49543424473902,50.56815399747544,51.4774284362793,1099000,0.0,0.0
2023-02-14 00:00:00-05:00,51.29737917911196,51.882555995677144,50.77522441591008,51.69349670410156,1306600,0.0,0.0
2023-02-15 00:00:00-05:00,51.306389167975055,52.242667364452366,51.12633447987104,52.13463592529297,1618100,0.0,0.0
2023-02-16 00:00:00-05:00,51.49544356660393,52.42272054746926,51.22536325933084,52.125633239746094,1681600,0.0,0.0
2023-02-17 00:00:00-05:00,51.97257796990127,53.04389785386316,51.92756516430332,52.97187805175781,1580100,0.0,0.0
2023-02-21 00:00:00-05:00,52.395707693189784,52.94487286936965,50.68519354780238,50.71220397949219,1633400,0.0,0.0
2023-02-22 00:00:00-05:00,50.622179181411944,51.513447948355484,50.622179181411944,51.04530715942383,1920700,0.0,0.0
2023-02-23 00:00:00-05:00,49.97398038358376,50.71220485734312,49.397808199997336,50.67619323730469,1967600,0.0,0.0
2023-02-24 00:00:00-05:00,50.15403856970337,51.91856686434883,49.96498270261793,51.8105354309082,1614900,0.0,0.0
2023-02-27 00:00:00-05:00,52.70180103064306,52.77382083718524,51.43242060274082,51.71150207519531,2405300,0.0,0.0
2023-02-28 00:00:00-05:00,51.90055565673073,52.278667326568,51.2343544896397,51.57645797729492,3618900,0.0,0.0
2023-03-01 00:00:00-05:00,51.2523663703586,51.909562994077724,50.91926746447513,51.69349670410156,1688800,0.0,0.0
2023-03-02 00:00:00-05:00,51.65748849928688,52.584765409453645,51.540452449164015,52.41371536254883,2252500,0.0,0.0
2023-03-03 00:00:00-05:00,52.53075109541913,52.6927999638948,51.90956605576731,52.51274871826172,2857400,0.0,0.0
2023-03-06 00:00:00-05:00,52.53074919283333,52.81883529652106,51.765521123836045,51.80153274536133,3041300,0.0,0.0
2023-03-07 00:00:00-05:00,51.88254484253403,52.494728525899234,51.71149139808242,51.83753204345703,2570200,0.0,0.0
2023-03-08 00:00:00-05:00,51.999589795235856,52.179644468605,51.43242221037035,51.80153274536133,1500800,0.0,0.0
2023-03-09 00:00:00-05:00,51.88255673518544,52.02659978580361,50.28907855595224,50.39710998535156,1470800,0.0,0.0
2023-03-10 00:00:00-05:00,50.064010094748255,50.33409038008852,48.929668088359136,49.15473556518555,2086300,0.0,0.0
2023-03-13 00:00:00-04:00,48.605570327719086,48.632577324043034,47.78632490807607,48.083412170410156,2351300,0.0,0.0
2023-03-14 00:00:00-04:00,48.78562150584219,49.568858741114504,48.52454586167499,49.073707580566406,1894200,0.0,0.0
2023-03-15 00:00:00-04:00,48.03767825180371,48.444854590116414,47.54906664582846,48.29103088378906,2769500,0.275,0.0
2023-03-16 00:00:00-04:00,47.92004673196643,49.78400752846431,47.92004673196643,49.53065490722656,2107000,0.0,0.0
2023-03-17 00:00:00-04:00,49.23205809013762,49.23205809013762,48.5715291438053,48.89727020263672,3769000,0.0,0.0
2023-03-20 00:00:00-04:00,49.141569747178615,50.02830726585402,48.960602131767885,49.539695739746094,1667900,0.0,0.0
2023-03-21 00:00:00-04:00,50.00116421459044,50.37214630509155,49.72971449377727,49.96497344970703,1975700,0.0,0.0
2023-03-22 00:00:00-04:00,50.073554400300516,50.3721480681448,49.349687302239495,49.358734130859375,1092300,0.0,0.0
2023-03-23 00:00:00-04:00,49.277294788350304,49.32253583104668,48.17339884954347,48.47199249267578,1221900,0.0,0.0
2023-03-24 00:00:00-04:00,48.19149931720117,48.734402261308446,47.93814668095358,48.680110931396484,1125500,0.0,0.0
2023-03-27 00:00:00-04:00,49.11442274671858,49.43111693909024,48.70724992343676,49.195858001708984,1709100,0.0,0.0
2023-03-28 00:00:00-04:00,49.277294810153904,50.05545317088897,49.241100595312666,49.99211502075195,1107600,0.0,0.0
2023-03-29 00:00:00-04:00,50.51692381524532,50.61645273453148,49.91972958950527,50.50787353515625,1335700,0.0,0.0
2023-03-30 00:00:00-04:00,50.94219234625147,51.7022536237629,50.1278431964202,50.308807373046875,893100,0.0,0.0
2023-03-31 00:00:00-04:00,50.40834548348358,51.430809765916756,50.326910214056674,51.358421325683594,1543600,0.0,0.0
2023-04-03 00:00:00-04:00,51.21364881697939,51.66606622155225,51.023634335459796,51.304134368896484,725900,0.0,0.0
2023-04-04 00:00:00-04:00,51.43984942046275,51.46699680759917,50.02830954950073,50.43548583984375,1073800,0.0,0.0
2023-04-05 00:00:00-04:00,50.317859683307795,50.317859683307795,49.02394574852664,49.10538101196289,1314100,0.0,0.0
2023-04-06 00:00:00-04:00,48.924411729400866,49.31349092475736,48.85202674860013,49.2320556640625,989600,0.0,0.0
2023-04-10 00:00:00-04:00,48.86107925522721,50.299766726920176,48.86107925522721,50.28166961669922,991200,0.0,0.0
2023-04-11 00:00:00-04:00,50.53501593847587,51.29507721437763,50.12784309025778,51.09601593017578,1323700,0.0,0.0
2023-04-12 00:00:00-04:00,51.430805651581224,51.57557906879523,50.86980909133576,50.95124435424805,809100,0.0,0.0
2023-04-13 00:00:00-04:00,50.96029142172843,50.96029142172843,49.93782721629434,50.62550354003906,888200,0.0,0.0
2023-04-14 00:00:00-04:00,50.70693639510221,51.26793293133534,50.29071326988635,50.960289001464844,981200,0.0,0.0
2023-04-17 00:00:00-04:00,50.95124182674376,51.19554760336151,50.38119501463568,50.824562072753906,924900,0.0,0.0
2023-04-18 00:00:00-04:00,50.96029422334825,51.27698501375273,50.87885895557699,51.159358978271484,975100,0.0,0.0
2023-04-19 00:00:00-04:00,50.96934427256504,51.01458532075012,50.29976502374534,50.580265045166016,967700,0.0,0.0
2023-04-20 00:00:00-04:00,50.24547087350139,51.37651427297096,49.95592403937083,51.258888244628906,923900,0.0,0.0
2023-04-21 00:00:00-04:00,51.25888279817186,51.521282215698236,50.92409150229898,51.21363830566406,841600,0.0,0.0
2023-04-24 00:00:00-04:00,51.21364114837148,51.99179951998457,51.20459432036986,51.747493743896484,923200,0.0,0.0
2023-04-25 00:00:00-04:00,51.44890747183146,51.71131039320949,51.0326842906827,51.16840744018555,918400,0.0,0.0
2023-04-26 00:00:00-04:00,50.85171108872907,51.34936948592375,50.77932265555942,50.869808197021484,1160700,0.0,0.0
2023-04-27 00:00:00-04:00,50.643602575917896,51.91036916776945,49.84734702137047,51.81083679199219,1494300,0.0,0.0
2023-04-28 00:00:00-04:00,51.955603078444895,52.299441206169845,51.62986550928833,52.23610305786133,1071100,0.0,0.0
2023-05-01 00:00:00-04:00,52.23611025022511,52.95093053861042,52.208966311975516,52.57994842529297,1040300,0.0,0.0
2023-05-02 00:00:00-04:00,52.38992696007273,52.38992696007273,50.878851318613435,51.77463912963867,915400,0.0,0.0
2023-05-03 00:00:00-04:00,51.99180811329461,52.59804923971476,51.60272886318027,51.693214416503906,690300,0.0,0.0
2023-05-04 00:00:00-04:00,51.63892812383228,51.69321946112463,50.61646370735624,50.851722717285156,705900,0.0,0.0
2023-05-05 00:00:00-04:00,51.249844390681965,51.84703524241644,51.15936228804712,51.63892364501953,640500,0.0,0.0
2023-05-08 00:00:00-04:00,51.74749210969834,51.85607475231088,51.2679308523388,51.73844528198242,817800,0.0,0.0
2023-05-09 00:00:00-04:00,51.41270786478368,51.99180152600086,51.28603155785123,51.75654602050781,1001800,0.0,0.0
2023-05-10 00:00:00-04:00,52.10942884504943,52.23610514673212,50.824561817259934,51.45794677734375,943600,0.0,0.0
2023-05-11 00:00:00-04:00,51.26793307590457,51.37651227155611,50.924094929392574,51.24983596801758,805800,0.0,0.0
2023-05-12 00:00:00-04:00,51.394604463209404,51.54842813969936,50.679784302567406,51.186492919921875,1030500,0.0,0.0
2023-05-15 00:00:00-04:00,51.258888928205316,51.503191268278634,50.86075943721353,51.494144439697266,607900,0.0,0.0
2023-05-16 00:00:00-04:00,51.24079052274729,51.24079052274729,50.51692344608468,50.5440673828125,731800,0.0,0.0
2023-05-17 00:00:00-04:00,50.957802348588196,51.203316797838276,50.68500967233714,51.021453857421875,1066100,0.275,0.0
2023-05-18 00:00:00-04:00,50.930527803375234,51.57614150593356,50.712295019233814,51.53976821899414,849900,0.0,0.0
2023-05-19 00:00:00-04:00,51.51247971347052,51.58522280409245,50.50314374908305,50.703189849853516,1108000,0.0,0.0
2023-05-22 00:00:00-04:00,50.9759895385412,51.14875742598668,50.11214316381955,50.15760803222656,853400,0.0,0.0
2023-05-23 00:00:00-04:00,49.975746808284605,50.139423115175596,49.50290452934921,49.59383773803711,1230700,0.0,0.0
2023-05-24 00:00:00-04:00,49.71204387854722,49.90300187539763,48.88457078801913,48.95731735229492,912700,0.0,0.0
2023-05-25 00:00:00-04:00,48.16622390504393,49.14827837123381,48.16622390504393,48.96641540527344,881100,0.0,0.0
2023-05-26 00:00:00-04:00,48.96641132074608,49.111900987628864,48.484477449587,48.7299919128418,1339200,0.0,0.0
2023-05-30 00:00:00-04:00,48.65724030901004,48.80272996083466,47.920700464224666,48.02072525024414,1145400,0.0,0.0
2023-05-31 00:00:00-04:00,47.55698048428111,48.11166093447378,46.72950733675935,47.96617126464844,3597500,0.0,0.0
2023-06-01 00:00:00-04:00,48.138946143881846,48.25715760173952,47.165983185452035,47.35694122314453,1201600,0.0,0.0
2023-06-02 00:00:00-04:00,47.775218578967866,49.048252372197034,47.766123523080154,48.875484466552734,1055200,0.0,0.0
2023-06-05 00:00:00-04:00,48.81183652180104,48.81183652180104,48.1298529677171,48.639068603515625,1834600,0.0,0.0
2023-06-06 00:00:00-04:00,48.53903672508492,49.21192512462166,48.53903672508492,49.111900329589844,1064900,0.0,0.0
2023-06-07 00:00:00-04:00,49.27557882435897,49.66658296662046,49.039159409124,49.53927993774414,1043200,0.0,0.0
2023-06-08 00:00:00-04:00,49.60293174778613,49.775703118359935,48.839110101228904,49.05734634399414,1072600,0.0,0.0
2023-06-09 00:00:00-04:00,49.139183311250335,49.48471910653401,48.56631622302083,49.37560272216797,1202300,0.0,0.0
2023-06-12 00:00:00-04:00,49.31195066195281,49.793884533909186,49.15736940821105,49.621116638183594,967300,0.0,0.0
2023-06-13 00:00:00-04:00,49.66657884910012,50.33037563660101,49.66657884910012,49.92118835449219,1181800,0.0,0.0
2023-06-14 00:00:00-04:00,50.10305701637614,50.248546702392474,49.30286547766016,49.53019332885742,888200,0.0,0.0
2023-06-15 00:00:00-04:00,49.53018820438584,49.866632418099364,49.27557867863876,49.575653076171875,1458700,0.0,0.0
2023-06-16 00:00:00-04:00,49.957568594222145,49.957568594222145,49.09372551281664,49.31195831298828,2632400,0.0,0.0
2023-06-20 00:00:00-04:00,49.30285726206231,49.40288205492108,48.73908178753966,49.29376220703125,1499200,0.0,0.0
2023-06-21 00:00:00-04:00,49.22102517306831,50.08487166382001,48.839112595908084,49.99393844604492,1104200,0.0,0.0
2023-06-22 00:00:00-04:00,50.139428324718786,50.139428324718786,49.50290967275739,49.648399353027344,844100,0.0,0.0
2023-06-23 00:00:00-04:00,49.43015805531706,49.73022895162573,49.23920353323454,49.48471450805664,2336000,0.0,0.0
2023-06-26 00:00:00-04:00,49.35741240374572,50.303096914474466,49.35741240374572,50.2667236328125,1042200,0.0,0.0
2023-06-27 00:00:00-04:00,50.49405321851781,52.08534792543127,50.49405321851781,51.83074188232422,1301000,0.0,0.0
2023-06-28 00:00:00-04:00,51.75799348327953,52.103532721505964,51.321524509663156,51.81255340576172,1534300,0.0,0.0
2023-06-29 00:00:00-04:00,51.648887081702206,52.55819848619959,51.439745874917534,52.47636032104492,1239300,0.0,0.0
2023-06-30 00:00:00-04:00,52.80371745428262,53.24018654916176,52.53092470357666,52.98558044433594,1055100,0.0,0.0
2023-07-03 00:00:00-04:00,52.79461907873371,53.20380641781579,52.64912939914401,52.976478576660156,650100,0.0,0.0
2023-07-05 00:00:00-04:00,52.958296525439806,53.14015602722462,52.103541604561514,52.38542938232422,1138500,0.0,0.0
2023-07-06 00:00:00-04:00,51.848934470958795,52.367241671733,51.494303593455136,51.776187896728516,1536900,0.0,0.0
2023-07-07 00:00:00-04:00,51.5579527302169,52.4490774108938,51.5579527302169,52.00351333618164,998300,0.0,0.0
2023-07-10 00:00:00-04:00,52.02169994497479,52.794616650604524,51.93986178717276,52.312679290771484,698200,0.0,0.0
2023-07-11 00:00:00-04:00,52.68550277930802,53.249278360986544,52.421805101988234,52.74006271362305,1517000,0.0,0.0
2023-07-12 00:00:00-04:00,53.19471146931011,53.99490639086694,52.85826725690732,53.6584587097168,1349300,0.0,0.0
2023-07-13 00:00:00-04:00,53.72211383652296,53.72211383652296,52.84008075620595,53.21289825439453,954000,0.0,0.0
2023-07-14 00:00:00-04:00,53.1219677336419,53.18562271978702,52.494544146974,52.91282653808594,1049500,0.0,0.0
2023-07-17 00:00:00-04:00,52.903729670601734,53.45841009720308,52.82189151800896,53.30382537841797,1037800,0.0,0.0
2023-07-18 00:00:00-04:00,53.19470712900315,53.87669055373396,52.8127980761525,52.87644958496094,1118600,0.0,0.0
2023-07-19 00:00:00-04:00,52.721865925503494,53.06740517219019,52.43088660263484,53.003753662109375,865800,0.0,0.0
2023-07-20 00:00:00-04:00,52.91281891025529,53.058308567440115,51.61250358158907,51.985321044921875,1113000,0.0,0.0
2023-07-21 00:00:00-04:00,52.26721739132775,52.28540403506792,51.776188416585946,51.839839935302734,815800,0.0,0.0
2023-07-24 00:00:00-04:00,51.821646765959365,52.08534437746596,51.39426939235859,51.757991790771484,855600,0.0,0.0
2023-07-25 00:00:00-04:00,51.548857528864076,52.158097917565996,51.357902983990044,52.039886474609375,812400,0.0,0.0
2023-07-26 00:00:00-04:00,52.039887225147254,52.48545130502683,51.75799946287671,52.23993682861328,1078900,0.0,0.0
2023-07-27 00:00:00-04:00,52.36723982803503,52.494542859708474,50.084869907503126,50.148521423339844,1663100,0.0,0.0
2023-07-28 00:00:00-04:00,50.42131622343442,50.58499254773933,49.23921213470259,49.51200485229492,1317700,0.0,0.0
2023-07-31 00:00:00-04:00,49.46653992749836,49.92119561260865,49.393793352881865,49.821170806884766,1361900,0.0,0.0
2023-08-01 00:00:00-04:00,49.98484143310292,50.48496193596449,49.85753841078331,50.42131042480469,1018000,0.0,0.0
2023-08-02 00:00:00-04:00,50.11214103873064,50.421306987033574,49.8666265972477,49.90299987792969,1015200,0.0,0.0
2023-08-03 00:00:00-04:00,49.921191643970694,50.20307592633136,49.33013791281591,49.857540130615234,775300,0.0,0.0
2023-08-04 00:00:00-04:00,49.884820298602456,50.175799647751454,49.2937665444731,49.357418060302734,938500,0.0,0.0
2023-08-07 00:00:00-04:00,49.48472623551982,49.64840257002247,49.13009533368003,49.31195831298828,1115900,0.0,0.0
2023-08-08 00:00:00-04:00,48.730000130880136,48.82092988723643,47.93890015058721,48.4844856262207,1323200,0.0,0.0
2023-08-09 00:00:00-04:00,48.4662873985331,48.90275636848037,48.28442446053497,48.52084732055664,1324800,0.0,0.0
2023-08-10 00:00:00-04:00,48.8391126406687,49.29376832371812,48.56631992458857,48.79364776611328,1064700,0.0,0.0
2023-08-11 00:00:00-04:00,48.657249673699425,48.91185921495545,48.39355201377892,48.79364776611328,782600,0.0,0.0
2023-08-14 00:00:00-04:00,48.520844714837736,48.75726409341593,48.00253762406335,48.61177444458008,1343800,0.0,0.0
2023-08-15 00:00:00-04:00,48.357170632968845,48.457195421497914,47.78430359695952,48.111656188964844,1047400,0.0,0.0
2023-08-16 00:00:00-04:00,48.12537399518178,48.6463891460944,48.052247348871745,48.0613899230957,1043400,0.275,0.0
2023-08-17 00:00:00-04:00,48.20763581513623,48.35388560901269,47.41239929199219,47.41239929199219,1144000,0.0,0.0
2023-08-18 00:00:00-04:00,47.065064311078046,48.10709466336743,47.065064311078046,47.887718200683594,2077300,0.0,0.0
2023-08-21 00:00:00-04:00,48.05224529458048,48.18935600711495,47.55865091370068,47.85115051269531,826700,0.0,0.0
2023-08-22 00:00:00-04:00,47.9882608785736,48.12537159011762,47.32099595525786,47.45810317993164,1218300,0.0,0.0
2023-08-23 00:00:00-04:00,47.53123037497535,47.68661926211888,47.083338400680546,47.494667053222656,1126300,0.0,0.0
2023-08-24 00:00:00-04:00,47.33013939927093,47.60436084760323,46.964516612945445,46.973655700683594,850100,0.0,0.0
2023-08-25 00:00:00-04:00,47.138186936789836,47.576936370286155,47.138186936789836,47.33013916015625,704800,0.0,0.0
2023-08-28 00:00:00-04:00,47.51295221592061,47.887717574331155,47.43982905389615,47.62263870239258,1464600,0.0,0.0
2023-08-29 00:00:00-04:00,47.832873163767054,48.600682009218055,47.60435763018178,48.57326126098633,1090300,0.0,0.0
2023-08-30 00:00:00-04:00,48.63724272304056,49.42333667431518,48.50927458899495,48.874900817871094,1470200,0.0,0.0
2023-08-31 00:00:00-04:00,48.993728413426275,49.24052560513815,47.8694324202079,48.015682220458984,2241600,0.0,0.0
2023-09-01 00:00:00-04:00,48.38131059177141,48.609826132640585,48.03396599332655,48.32646560668945,999000,0.0,0.0
2023-09-05 00:00:00-04:00,48.134511043311164,48.23505843429257,46.717715456345715,47.037635803222656,1278600,0.0,0.0
2023-09-06 00:00:00-04:00,46.89138611848566,47.129044222636395,46.2789661710016,46.45263671875,1624600,0.0,0.0
2023-09-07 00:00:00-04:00,46.37951470653784,46.64459007819495,45.82193624096984,46.10529327392578,1708400,0.0,0.0
2023-09-08 00:00:00-04:00,46.03216848683308,46.26982310156813,45.76708963768496,46.123573303222656,1286700,0.0,0.0
2023-09-11 00:00:00-04:00,46.48005767821767,46.65373171362711,45.94990345869956,46.096153259277344,1680500,0.0,0.0
2023-09-12 00:00:00-04:00,45.995600725412935,46.260679548972064,45.84935094118546,45.9864616394043,1475400,0.0,0.0
2023-09-13 00:00:00-04:00,45.96818648739574,46.06873388207289,45.27349729882834,45.39232635498047,1332300,0.0,0.0
2023-09-14 00:00:00-04:00,45.6482621336087,46.05045170783906,45.456309920564415,46.0047492980957,1334400,0.0,0.0
2023-09-15 00:00:00-04:00,46.004749187556214,46.004749187556214,45.52029388220373,45.64826202392578,4073100,0.0,0.0
2023-09-18 00:00:00-04:00,45.556864112746524,46.16014507725161,45.52030078474722,45.80366134643555,1103600,0.0,0.0
2023-09-19 00:00:00-04:00,45.831077885764564,46.34295397008567,45.5659990124445,46.224124908447266,1090200,0.0,0.0
2023-09-20 00:00:00-04:00,46.26982232172361,46.489198758979505,45.99560439030637,46.05044937133789,1182500,0.0,0.0
2023-09-21 00:00:00-04:00,45.93162332099281,45.94076240832625,45.31006077620686,45.32834243774414,1049900,0.0,0.0
2023-09-22 00:00:00-04:00,45.36490771033324,45.684828083807936,45.09068974923057,45.18209457397461,1443900,0.0,0.0
2023-09-25 00:00:00-04:00,45.13639554524697,45.72139483595256,44.99928481098187,45.60256576538086,1296300,0.0,0.0
2023-09-26 00:00:00-04:00,45.28263503426228,45.511150547975504,44.65192998481695,44.734195709228516,1943600,0.0,0.0
2023-09-27 00:00:00-04:00,45.0358410740113,45.063261821814756,44.4142785534177,44.59709167480469,1393400,0.0,0.0
2023-09-28 00:00:00-04:00,44.55138954652544,45.511154081258844,44.55138954652544,45.28263854980469,1375100,0.0,0.0
2023-09-29 00:00:00-04:00,45.620840939276306,45.76709074114792,45.10896488929049,45.25521469116211,1411900,0.0,0.0
2023-10-02 00:00:00-04:00,45.11811277273362,45.30092591830402,44.82561313456928,44.90787887573242,1451200,0.0,0.0
2023-10-03 00:00:00-04:00,44.779908550389536,44.871313375310976,44.17662764004461,44.36857986450195,1176600,0.0,0.0
2023-10-04 00:00:00-04:00,44.3320056084501,44.65192590366011,43.88411370828639,44.56966018676758,1231400,0.0,0.0
2023-10-05 00:00:00-04:00,44.58795267687767,45.00842393585031,44.46912710228613,44.95357894897461,1443500,0.0,0.0
2023-10-06 00:00:00-04:00,44.78905047076431,45.51116048867256,44.62451898600367,45.273502349853516,1380400,0.0,0.0
2023-10-09 00:00:00-04:00,45.15467068576059,46.096153565301016,45.11810736365584,45.96818542480469,1230000,0.0,0.0
2023-10-10 00:00:00-04:00,45.959044965520214,47.065062845422354,45.959044965520214,46.799983978271484,2045400,0.0,0.0
2023-10-11 00:00:00-04:00,46.97364713486814,47.0741945160054,46.004743615261674,46.544036865234375,1572800,0.0,0.0
2023-10-12 00:00:00-04:00,46.61716910416227,46.61716910416227,45.77623360970652,46.06873321533203,1462900,0.0,0.0
2023-10-13 00:00:00-04:00,46.26068752366628,46.44350065718251,45.48373257793991,45.73052978515625,1281000,0.0,0.0
2023-10-16 00:00:00-04:00,46.196709059739405,46.562331884299795,45.95905091124777,46.29725646972656,1488900,0.0,0.0
2023-10-17 00:00:00-04:00,46.0230255846341,46.973651010530766,46.0230255846341,46.67201232910156,1169200,0.0,0.0
2023-10-18 00:00:00-04:00,46.534901393364734,46.61716712187815,46.059588682717234,46.08700942993164,1748900,0.0,0.0
2023-10-19 00:00:00-04:00,45.94075501221103,46.032163305181385,44.53310216916589,44.6153678894043,1439300,0.0,0.0
2023-10-20 00:00:00-04:00,44.71591878907876,44.990140224094965,44.00295142652558,44.35029602050781,1761000,0.0,0.0
2023-10-23 00:00:00-04:00,44.1674795573652,44.35943175788446,43.72873017609112,43.73786926269531,1645800,0.0,0.0
2023-10-24 00:00:00-04:00,43.9389669121525,44.13091912523354,43.1894362342329,43.20771789550781,1766300,0.0,0.0
2023-10-25 00:00:00-04:00,43.0340477863325,43.20771833992494,42.5952948849625,42.887794494628906,1797600,0.0,0.0
2023-10-26 00:00:00-04:00,41.809200148763466,42.275370265030716,37.92443639467957,40.34669876098633,4944600,0.0,0.0
2023-10-27 00:00:00-04:00,40.24615295189959,40.447247728722196,39.41435658441084,39.807403564453125,3179200,0.0,0.0
2023-10-30 00:00:00-04:00,40.12733320431268,40.20959894430825,39.32295746734158,39.66115951538086,2763000,0.0,0.0
2023-10-31 00:00:00-04:00,39.7891195417262,40.45638441344637,39.6520123276541,40.14560317993164,2683800,0.0,0.0
2023-11-01 00:00:00-04:00,40.054204266856765,40.1273309146227,39.03959469376248,39.41436004638672,2526400,0.0,0.0
2023-11-02 00:00:00-04:00,39.76170964983187,40.08163005686376,39.53319407713169,39.716007232666016,1964900,0.0,0.0
2023-11-03 00:00:00-04:00,40.28271647314878,41.16935782605947,40.28271647314878,41.07794952392578,1362900,0.0,0.0
2023-11-06 00:00:00-05:00,40.94998652856151,41.13279966890856,40.556939497220064,40.79459762573242,1630700,0.0,0.0
2023-11-07 00:00:00-05:00,40.68490055677218,41.242478968535835,40.38326189162447,41.123653411865234,1778300,0.0,0.0
2023-11-08 00:00:00-05:00,41.04139397866919,41.04139397866919,40.33756566960732,40.364986419677734,1319200,0.0,0.0
2023-11-09 00:00:00-05:00,40.40154982008393,41.032251480979525,40.09990762126176,40.593502044677734,1516100,0.0,0.0
2023-11-10 00:00:00-05:00,40.74888623005413,41.07794562589925,40.07247880593225,40.97740173339844,909600,0.0,0.0
2023-11-13 00:00:00-05:00,40.74889327037727,41.02311122439403,40.593500888083156,40.94084548950195,1085700,0.0,0.0
2023-11-14 00:00:00-05:00,41.717794060451006,42.458185623368095,41.57154426261345,42.41248321533203,1761900,0.0,0.0
2023-11-15 00:00:00-05:00,42.57807929981641,43.084087816898766,41.97087258887867,42.01687240600586,2217100,0.3,0.0
2023-11-16 00:00:00-05:00,41.86047374052962,42.09967490341143,41.28086619836823,41.446468353271484,1496600,0.0,0.0
2023-11-17 00:00:00-05:00,41.90647741330379,41.998480568689914,41.34527044891375,41.88807678222656,1149500,0.0,0.0
2023-11-20 00:00:00-05:00,41.76846857119969,42.00766970240085,41.29006279923665,41.81446838378906,1706200,0.0,0.0
2023-11-21 00:00:00-05:00,42.0168766667778,42.421683521493605,41.842075940144156,41.89727783203125,1562100,0.0,0.0
2023-11-22 00:00:00-05:00,41.9340820235789,42.16408465817187,41.78687696826019,42.08128356933594,973700,0.0,0.0
2023-11-24 00:00:00-05:00,41.93408143090223,42.21928244764713,41.88807809698448,42.173282623291016,461700,0.0,0.0
2023-11-27 00:00:00-05:00,41.67647405442095,41.924877305241836,41.41887224300439,41.51087188720703,1098100,0.0,0.0
2023-11-28 00:00:00-05:00,41.538477392015324,41.796079220820324,41.1796703324576,41.37287521362305,2165300,0.0,0.0
2023-11-29 00:00:00-05:00,41.52006544667895,41.52006544667895,40.62765434067952,40.839256286621094,1767100,0.0,0.0
2023-11-30 00:00:00-05:00,40.922071155699236,41.14287524438587,40.37006619832553,40.96807098388672,2925500,0.0,0.0
2023-12-01 00:00:00-05:00,41.11526149153751,41.88807032993254,40.94046078757185,41.85127258300781,1359400,0.0,0.0
2023-12-04 00:00:00-05:00,41.67648002406015,42.541292245509034,41.67648002406015,42.05368423461914,1396900,0.0,0.0
2023-12-05 00:00:00-05:00,41.67647017837703,41.75007269454305,40.99566445164707,41.06926345825195,1373100,0.0,0.0
2023-12-06 00:00:00-05:00,41.418875162885165,42.08128387843827,41.37287533754102,41.69487762451172,1757200,0.0,0.0
2023-12-07 00:00:00-05:00,41.69487675137364,41.888078119510205,41.18887166406099,41.584476470947266,1154700,0.0,0.0
2023-12-08 00:00:00-05:00,41.4740715244679,42.090476822858065,41.4740715244679,41.76847457885742,1637100,0.0,0.0
2023-12-11 00:00:00-05:00,41.76847984590704,42.39408729276484,41.76847984590704,42.08128356933594,1426200,0.0,0.0
2023-12-12 00:00:00-05:00,42.09047711492074,42.118076304723374,41.68567378971656,41.823673248291016,1016800,0.0,0.0
2023-12-13 00:00:00-05:00,41.76847794169446,42.34808202756034,41.37287314746513,42.329681396484375,3220000,0.0,0.0
2023-12-14 00:00:00-05:00,42.835683680402774,43.810892417144096,42.734481979142224,42.90928268432617,2210600,0.0,0.0
2023-12-15 00:00:00-05:00,43.04729034835691,43.07488953915026,42.394083762797315,42.87248611450195,4800100,0.0,0.0
2023-12-18 00:00:00-05:00,42.9000892729576,43.406094330420274,42.60568620281345,43.34169387817383,2319600,0.0,0.0
2023-12-19 00:00:00-05:00,43.46129623408453,44.12370138730993,43.22209154605087,43.93050003051758,2096500,0.0,0.0
2023-12-20 00:00:00-05:00,43.884505514420205,44.362911438764776,43.64530079746699,43.654502868652344,2470100,0.0,0.0
2023-12-21 00:00:00-05:00,43.902904671460085,44.15130794168687,43.222095318664984,43.63610076904297,1600800,0.0,0.0
2023-12-22 00:00:00-05:00,43.79249486307918,44.28010277524173,43.64529333533758,43.976497650146484,1037800,0.0,0.0
2023-12-26 00:00:00-05:00,44.10529943374323,44.14210069380781,43.847697632413784,44.08689880371094,986600,0.0,0.0
2023-12-27 00:00:00-05:00,44.068499209837846,44.243299920991724,43.87529436012331,44.22489929199219,1160600,0.0,0.0
2023-12-28 00:00:00-05:00,44.23410752877915,44.381309071738414,43.801701460903104,44.059303283691406,772500,0.0,0.0
2023-12-29 00:00:00-05:00,44.11450577468533,44.261707319634326,43.847701877727246,43.96730422973633,1522000,0.0,0.0
2024-01-02 00:00:00-05:00,43.930494830310515,44.36290082395111,43.38768857579439,43.49808883666992,1503100,0.0,0.0
2024-01-03 00:00:00-05:00,43.406090461580554,43.51649072565414,42.78968167558405,42.90008544921875,2549800,0.0,0.0
2024-01-04 00:00:00-05:00,42.91848782862379,43.01968602757471,42.55048225395428,42.82648468017578,1515500,0.0,0.0
2024-01-05 00:00:00-05:00,42.67009286005167,43.507302370562044,42.58729176518528,43.35089874267578,2180400,0.0,0.0
2024-01-08 00:00:00-05:00,43.33249341142199,43.930501643907135,43.08409366331565,43.82929992675781,1843100,0.0,0.0
2024-01-09 00:00:00-05:00,43.433692776952576,43.73729791196253,42.97368754904273,43.111690521240234,1341400,0.0,0.0
2024-01-10 00:00:00-05:00,43.12089288963876,43.2864950670757,42.936890080313084,43.25889587402344,1054700,0.0,0.0
2024-01-11 00:00:00-05:00,43.19449073421235,43.44289397343684,42.69768425576339,43.295692443847656,1354300,0.0,0.0
2024-01-12 00:00:00-05:00,43.69129187769598,44.02249264665908,43.157684204616054,43.277286529541016,1088000,0.0,0.0
2024-01-16 00:00:00-05:00,43.010490558664124,43.663697166565115,42.68848828985702,43.626895904541016,1651800,0.0,0.0
2024-01-17 00:00:00-05:00,43.24049157300524,43.65449698146757,43.102488600330666,43.28649139404297,1776900,0.0,0.0
2024-01-18 00:00:00-05:00,43.3692879473883,43.580889909716824,43.01968302679461,43.49808883666992,1145400,0.0,0.0
2024-01-19 00:00:00-05:00,43.562492820387405,43.83849875934085,43.139288861348696,43.59009552001953,1168700,0.0,0.0
2024-01-22 00:00:00-05:00,43.76489845715409,44.53770740434445,43.645296111518505,44.42730712890625,1268900,0.0,0.0
2024-01-23 00:00:00-05:00,44.58370528589886,44.87810834729289,43.49809268092288,44.08689880371094,1939900,0.0,0.0
2024-01-24 00:00:00-05:00,44.50089790501639,44.59290104215187,43.544089845733076,43.66368865966797,1270900,0.0,0.0
2024-01-25 00:00:00-05:00,44.03169966436533,44.12369930338001,43.38769166257875,43.709693908691406,1476200,0.0,0.0
2024-01-26 00:00:00-05:00,43.939695358291026,44.004099315378234,43.68209356818688,43.838497161865234,1123000,0.0,0.0
2024-01-29 00:00:00-05:00,43.72809221136271,43.89369436042543,43.139286130055744,43.87529373168945,2067900,0.0,0.0
2024-01-30 00:00:00-05:00,43.67289381697908,44.05009793201073,43.31409033067593,43.728092193603516,1678200,0.0,0.0
2024-01-31 00:00:00-05:00,43.74649600896358,43.8752969098843,42.84488619295725,42.936885833740234,1710100,0.0,0.0
2024-02-01 00:00:00-05:00,43.166890956936406,43.93969991698813,42.817289493970335,43.921302795410156,1566900,0.0,0.0
2024-02-02 00:00:00-05:00,43.663692458943586,43.88449649772059,43.019684481201885,43.5164909362793,1248600,0.0,0.0
2024-02-05 00:00:00-05:00,42.8540909130969,42.89088866594906,42.31128457596005,42.624088287353516,1425700,0.0,0.0
2024-02-06 00:00:00-05:00,42.67009286005167,43.36929937593075,42.34808704243263,43.35089874267578,1464100,0.0,0.0
2024-02-07 00:00:00-05:00,43.50730217691767,43.89370494486636,43.25889889342412,43.7649040222168,2211500,0.0,0.0
2024-02-08 00:00:00-05:00,43.50729824327755,43.81089988927876,43.360096700763904,43.737300872802734,1198900,0.0,0.0
2024-02-09 00:00:00-05:00,43.838500532865666,44.27090306956744,43.63609710532775,44.10530090332031,965500,0.0,0.0
2024-02-12 00:00:00-05:00,44.206501060746376,45.292113663674385,44.13290205031737,45.23691177368164,1414000,0.0,0.0
2024-02-13 00:00:00-05:00,44.51930381664639,44.53770444625754,43.84769662886486,44.24330139160156,3373000,0.0,0.0
2024-02-14 00:00:00-05:00,44.38130527580097,45.06211103767257,44.316901316050746,44.942508697509766,2046700,0.0,0.0
2024-02-15 00:00:00-05:00,45.13571357303693,45.39331537388042,44.942508712842994,45.23691177368164,2381100,0.0,0.0
2024-02-16 00:00:00-05:00,44.95171785374135,46.31333310169898,44.74931440149026,46.037330627441406,4192500,0.0,0.0
2024-02-20 00:00:00-05:00,45.47611838718778,45.982123450165886,45.338115411120356,45.87172317504883,2023900,0.0,0.0
2024-02-21 00:00:00-05:00,45.94531694917523,46.39612357796725,45.6049140924717,46.294921875,2291900,0.0,0.0
2024-02-22 00:00:00-05:00,47.51854484856244,48.19935066925064,46.82853695730294,47.71174621582031,2038600,0.0,0.0
2024-02-23 00:00:00-05:00,47.97855009940728,48.263751114949024,47.41734311976993,48.00614929199219,2032800,0.0,0.0
2024-02-26 00:00:00-05:00,47.81294733080751,48.38335286436663,47.63814308777696,48.2453498840332,1803400,0.0,0.0
2024-02-27 00:00:00-05:00,48.42014551667645,48.90774987723882,48.34654300437068,48.69614791870117,1833200,0.0,0.0
2024-02-28 00:00:00-05:00,48.62255302428563,48.760556001699946,48.14415065758873,48.548954010009766,1556400,0.0,0.0
2024-02-29 00:00:00-05:00,48.76975842970493,48.935360611909296,48.00615148692857,48.10735321044922,3374800,0.0,0.0
2024-03-01 00:00:00-05:00,47.98774571917019,48.199347704995546,47.50933985617146,47.8221435546875,1328700,0.0,0.0
2024-03-04 00:00:00-05:00,47.868141768952526,48.033743927875456,47.546139520803095,47.923343658447266,1530700,0.0,0.0
2024-03-05 00:00:00-05:00,47.71173945985522,48.31894617780086,47.64733901322167,47.6749382019043,1570500,0.0,0.0
2024-03-06 00:00:00-05:00,47.83134812498,48.098148506538436,47.334541605562364,47.389739990234375,1199900,0.0,0.0
2024-03-07 00:00:00-05:00,47.665741969396706,47.85894331873007,47.19653468151706,47.36213684082031,1647000,0.0,0.0
2024-03-08 00:00:00-05:00,47.435738764187626,47.80374082835581,47.28853723660811,47.30693435668945,1420700,0.0,0.0
2024-03-11 00:00:00-04:00,47.29773991108425,47.665745516826526,46.975737638230925,47.60134506225586,1123500,0.0,0.0
2024-03-12 00:00:00-04:00,47.60134505996429,48.13494932774719,47.35294180253444,47.7485466003418,1816900,0.0,0.0
2024-03-13 00:00:00-04:00,47.89660540803725,48.21122777425166,47.72078837661043,47.96138381958008,1002200,0.3,0.0
2024-03-14 00:00:00-04:00,47.96138009341215,48.035407010905686,47.34138745081942,47.54496765136719,1367900,0.0,0.0
2024-03-15 00:00:00-04:00,47.369141803470406,47.933611547309596,47.369141803470406,47.66525650024414,3080200,0.0,0.0
2024-03-18 00:00:00-04:00,47.51719815789587,47.85958363697558,47.30436594466461,47.39690399169922,1111800,0.0,0.0
2024-03-19 00:00:00-04:00,47.43392182749886,47.88734949181413,47.43392182749886,47.822574615478516,1394700,0.0,0.0
2024-03-20 00:00:00-04:00,47.85958704893585,48.414801250863064,47.75779695492384,48.39629364013672,757700,0.0,0.0
2024-03-21 00:00:00-04:00,48.41479978069585,49.108819277013126,48.28525003951114,48.988521575927734,815000,0.0,0.0
2024-03-22 00:00:00-04:00,49.10881676969022,49.21060685541422,48.70165995675973,48.84046173095703,821900,0.0,0.0
2024-03-25 00:00:00-04:00,49.00703200558314,49.05329926867302,48.313012469337274,48.331520080566406,949400,0.0,0.0
2024-03-26 00:00:00-04:00,48.40554540713594,48.525839572456675,48.18345762583557,48.2297248840332,1057500,0.0,0.0
2024-03-27 00:00:00-04:00,48.479578575422224,49.34941867372631,48.155704196244734,49.18285369873047,1307200,0.0,0.0
2024-03-28 00:00:00-04:00,49.42344665527344,49.673294123150356,49.164347146348966,49.42344665527344,1120800,0.0,0.0
2024-04-01 00:00:00-04:00,49.37717439777906,49.53448378944513,48.895987122737296,49.210609436035156,730800,0.0,0.0
2024-04-02 00:00:00-04:00,49.15508796673398,49.18285114777062,48.50733571200989,48.812705993652344,922200,0.0,0.0
2024-04-03 00:00:00-04:00,48.61838267405237,48.895989782068675,48.16495502465189,48.275997161865234,954800,0.0,0.0
2024-04-04 00:00:00-04:00,48.52584498870079,48.747932794789634,47.27661122810307,47.30437088012695,847000,0.0,0.0
2024-04-05 00:00:00-04:00,47.43391436427841,47.674509749926415,47.091532424665196,47.62824249267578,1104700,0.0,0.0
2024-04-08 00:00:00-04:00,47.69302489770999,48.174212215102365,47.49870026856095,47.656009674072266,1179700,0.0,0.0
2024-04-09 00:00:00-04:00,47.794814928019164,48.08167408587809,47.44317736390569,47.989139556884766,1097900,0.0,0.0
2024-04-10 00:00:00-04:00,47.40616127365742,47.40616127365742,46.554832326591274,46.7491569519043,1108600,0.0,0.0
2024-04-11 00:00:00-04:00,46.58259095163215,46.78617114316591,46.15692648748507,46.25871658325195,1051700,0.0,0.0
2024-04-12 00:00:00-04:00,45.97185655668742,46.20319641314017,45.56469968011837,45.573951721191406,1207400,0.0,0.0
2024-04-15 00:00:00-04:00,46.17543027173172,46.388262486166745,45.333353453764644,45.370365142822266,1060800,0.0,0.0
2024-04-16 00:00:00-04:00,45.12052421984436,45.25007750511892,44.8059018726812,44.82440948486328,1422100,0.0,0.0
2024-04-17 00:00:00-04:00,45.305591890758436,45.342607111102126,44.278442470998144,44.33396530151367,1111000,0.0,0.0
2024-04-18 00:00:00-04:00,44.76888783652719,45.314850012459196,44.61157490619124,44.95396041870117,1640000,0.0,0.0
2024-04-19 00:00:00-04:00,45.111269448491214,45.62947196832827,45.00022731208537,45.453651428222656,1506400,0.0,0.0
2024-04-22 00:00:00-04:00,45.55544296069932,45.80529042296596,45.194553358525056,45.277835845947266,1855500,0.0,0.0
2024-04-23 00:00:00-04:00,42.71458686128106,43.26980105158003,38.36539727072001,38.54121780395508,9659700,0.0,0.0
2024-04-24 00:00:00-04:00,38.411666387985456,40.08656813994684,38.217341764985854,40.04955291748047,5642900,0.0,0.0
2024-04-25 00:00:00-04:00,40.105068107161415,40.53073249449543,39.51283878044186,39.71641540527344,2404500,0.0,0.0
2024-04-26 00:00:00-04:00,39.623892133697716,40.74357624268225,39.623892133697716,40.382686614990234,2390800,0.0,0.0
2024-04-29 00:00:00-04:00,40.66954919523446,40.88238144860155,40.23462911706863,40.49372863769531,1765300,0.0,0.0
2024-04-30 00:00:00-04:00,40.25312563266881,40.61401515975347,39.836713282199874,39.910743713378906,2766300,0.0,0.0
2024-05-01 00:00:00-04:00,39.68865594980706,40.77132806102629,39.64238869530279,39.910743713378906,2424800,0.0,0.0
2024-05-02 00:00:00-04:00,40.04029715317511,40.39193467397222,40.04029715317511,40.105072021484375,2116700,0.0,0.0
2024-05-03 00:00:00-04:00,40.22536949016688,40.77133161279501,40.22536949016688,40.577003479003906,2405300,0.0,0.0
2024-05-06 00:00:00-04:00,40.86387231128842,41.41908655762382,40.595517229241004,41.391326904296875,1665600,0.0,0.0
2024-05-07 00:00:00-04:00,41.372818043354414,41.548638589027924,40.947153565347165,41.12297058105469,1790300,0.0,0.0
2024-05-08 00:00:00-04:00,40.79909779128441,40.90088789433051,40.60477315635975,40.66954803466797,1226500,0.0,0.0
2024-05-09 00:00:00-04:00,40.78058112067804,41.021176498066744,40.46595884022267,41.01192092895508,1523200,0.0,0.0
2024-05-10 00:00:00-04:00,41.030434883815715,41.132224979997,40.79909503975495,40.91013717651367,828600,0.0,0.0
2024-05-13 00:00:00-04:00,41.20625435066669,41.57639953521325,41.039689370617346,41.224761962890625,1041600,0.0,0.0
2024-05-14 00:00:00-04:00,41.548638725004345,41.548638725004345,40.6973062362377,40.928646087646484,1317800,0.0,0.0
2024-05-15 00:00:00-04:00,41.11497684028376,41.36653048404381,40.751622761765375,41.16156005859375,1719900,0.3,0.0
2024-05-16 00:00:00-04:00,41.170881849273385,41.32926908168349,40.723676484818526,41.13361740112305,1885500,0.0,0.0
2024-05-17 00:00:00-04:00,41.180197401293256,41.65535195316094,40.83547729291584,41.61808395385742,5093400,0.0,0.0
2024-05-20 00:00:00-04:00,41.73921044964693,42.503186798168855,41.590141980522475,41.701942443847656,1798100,0.0,0.0
2024-05-21 00:00:00-04:00,41.59945476265216,41.776472433573524,41.329267090662604,41.45970153808594,1411300,0.0,0.0
2024-05-22 00:00:00-04:00,41.51560026513157,41.65534992460609,40.85410574896015,40.9193229675293,1465500,0.0,0.0
2024-05-23 00:00:00-04:00,40.77957644539516,40.77957644539516,39.47522486551935,39.503177642822266,1980800,0.0,0.0
2024-05-24 00:00:00-04:00,39.77335854195795,40.11808218624753,39.59634088569951,39.98764419555664,1671600,0.0,0.0
2024-05-28 00:00:00-04:00,39.94106336221158,40.677090360332514,39.85721214022221,40.043548583984375,1579700,0.0,0.0
2024-05-29 00:00:00-04:00,39.577709805061644,39.81994825156149,38.59012912716246,38.75783157348633,1726500,0.0,0.0
2024-05-30 00:00:00-04:00,38.88827034271366,39.46591013921053,38.88827034271366,39.05596923828125,2253100,0.0,0.0
2024-05-31 00:00:00-04:00,39.242302450871136,40.201933845545796,38.8416803602352,40.09012985229492,3409100,0.0,0.0
2024-06-03 00:00:00-04:00,40.090135256503274,40.2485224912569,39.80131712018511,40.127403259277344,1323000,0.0,0.0
2024-06-04 00:00:00-04:00,39.87584620089457,39.91311420051832,39.04665275666243,39.205039978027344,1506400,0.0,0.0
2024-06-05 00:00:00-04:00,39.27025816946787,39.372739839854205,38.82304927109049,39.32615661621094,1084200,0.0,0.0
2024-06-06 00:00:00-04:00,39.15845532427272,39.43796178253106,38.925535645105604,39.26094055175781,1216100,0.0,0.0
2024-06-07 00:00:00-04:00,39.04665372027918,39.45659106404095,38.925534495548966,39.32615661621094,844600,0.0,0.0
2024-06-10 00:00:00-04:00,39.2050414057683,39.48454430498105,39.04665417863536,39.149139404296875,1291800,0.0,0.0
2024-06-11 00:00:00-04:00,38.94416782303652,39.130504268462666,38.63671570904466,38.934852600097656,1570400,0.0,0.0
2024-06-12 00:00:00-04:00,39.34479030352272,39.49385875043873,38.53423084554641,38.85100173950195,2081700,0.0,0.0
2024-06-13 00:00:00-04:00,38.58081562211917,38.72056885163608,38.1708782651137,38.42243194580078,1061500,0.0,0.0
2024-06-14 00:00:00-04:00,38.1056589991096,38.1056589991096,37.00627788492008,37.53733444213867,1736000,0.0,0.0
2024-06-17 00:00:00-04:00,37.54665164902141,38.059074233440455,37.26714874425396,37.95659255981445,3679500,0.0,0.0
2024-06-18 00:00:00-04:00,38.01249345109853,38.515600844454184,37.798207758537224,38.20814514160156,1614300,0.0,0.0
2024-06-20 00:00:00-04:00,38.11498191754367,38.86032429271702,38.01249667456869,38.655357360839844,1240400,0.0,0.0
2024-06-21 00:00:00-04:00,38.59012770897839,38.99074981002122,38.264041605372356,38.8137321472168,3757100,0.0,0.0
2024-06-24 00:00:00-04:00,38.96280110129004,39.549759649585106,38.82304788129102,39.10255432128906,1218100,0.0,0.0
2024-06-25 00:00:00-04:00,38.86964307157263,38.962809535692,38.41311886761301,38.655357360839844,1410100,0.0,0.0
2024-06-26 00:00:00-04:00,38.41311303437257,38.84168439075725,38.17087813200322,38.795101165771484,2106300,0.0,0.0
2024-06-27 00:00:00-04:00,38.897583821231905,38.92553304356088,38.15224160852569,38.636714935302734,1684900,0.0,0.0
2024-06-28 00:00:00-04:00,38.7392046736223,39.05597204115016,38.35721296886179,38.74851989746094,2403300,0.0,0.0
2024-07-01 00:00:00-04:00,38.888265832413914,39.111866703285365,38.46900975694024,38.6646614074707,2244900,0.0,0.0
2024-07-02 00:00:00-04:00,38.683302774984845,39.31684461993149,38.655353549319464,39.121192932128906,1684100,0.0,0.0
2024-07-03 00:00:00-04:00,39.09323458784705,39.354107021856926,38.62739527134533,38.711246490478516,1330500,0.0,0.0
2024-07-05 00:00:00-04:00,38.57149691821538,38.7485145794343,38.1988240425133,38.618080139160156,2904400,0.0,0.0
2024-07-08 00:00:00-04:00,38.72056561352488,39.288886599321366,38.62739561694778,38.906898498535156,1787000,0.0,0.0
2024-07-09 00:00:00-04:00,38.82305079537698,38.860318797383684,38.41311343552009,38.43174743652344,1346100,0.0,0.0
2024-07-10 00:00:00-04:00,38.543544397064366,38.925532497850575,38.31994351342325,38.906898498535156,1140900,0.0,0.0
2024-07-11 00:00:00-04:00,39.018706457141136,39.88516796590963,38.99075367829315,39.74541473388672,1274900,0.0,0.0
2024-07-12 00:00:00-04:00,40.062187143651315,41.031133918242595,39.913118682489,40.80752944946289,1194100,0.0,0.0
2024-07-15 00:00:00-04:00,40.59324048941427,41.375850736005475,40.39758881628452,40.81684494018555,1340700,0.0,0.0
2024-07-16 00:00:00-04:00,41.02181004914516,42.30752758839839,41.00317604955343,42.26094436645508,1504900,0.0,0.0
2024-07-17 00:00:00-04:00,42.242309193479215,43.10877060303047,42.232993970978114,42.88516616821289,1421500,0.0,0.0
2024-07-18 00:00:00-04:00,42.66156557652966,43.45349099515027,42.31684192243048,42.33547592163086,1600100,0.0,0.0
2024-07-19 00:00:00-04:00,42.27957945459641,42.307528677667584,41.711254891668354,42.00939178466797,1605700,0.0,0.0
2024-07-22 00:00:00-04:00,42.00939284775475,42.18641052180533,41.21746737207262,42.0373420715332,1456200,0.0,0.0
2024-07-23 00:00:00-04:00,42.07460571475842,42.57771301509477,41.962805277152064,42.29821014404297,2121200,0.0,0.0
2024-07-24 00:00:00-04:00,42.13982962222846,42.4100173138998,41.310636099715815,41.441070556640625,1930100,0.0,0.0
2024-07-25 00:00:00-04:00,37.74230355929266,37.844788787621816,33.13981194051041,36.28888702392578,7152300,0.0,0.0
2024-07-26 00:00:00-04:00,36.28888446185614,37.826152116042415,36.28888446185614,37.43484878540039,3687800,0.0,0.0
2024-07-29 00:00:00-04:00,37.45348198778431,37.66776764820371,36.61496979129799,37.41621398925781,2316400,0.0,0.0
2024-07-30 00:00:00-04:00,37.565289581316534,38.17088223341849,37.33236987728849,38.059078216552734,2209200,0.0,0.0
2024-07-31 00:00:00-04:00,38.375839765684,39.36342034856957,37.47211395196493,38.6646614074707,2863500,0.0,0.0
2024-08-01 00:00:00-04:00,38.75783417773154,39.14914109680424,37.24851561347362,37.425533294677734,1826600,0.0,0.0
2024-08-02 00:00:00-04:00,37.173982106753854,37.453485010113276,36.72677319649209,37.3975830078125,1664200,0.0,0.0
2024-08-05 00:00:00-04:00,36.531115066899595,37.127388769829906,36.149127003830394,36.58701705932617,1734700,0.0,0.0
2024-08-06 00:00:00-04:00,36.58701786608192,37.42552644654021,36.30751500592916,36.885154724121094,1327700,0.0,0.0
2024-08-07 00:00:00-04:00,37.369632937763306,37.63050183445052,36.14913257069981,36.16776657104492,2291200,0.0,0.0
2024-08-08 00:00:00-04:00,36.49385236953302,36.93174248859457,36.49385236953302,36.71745681762695,1298400,0.0,0.0
2024-08-09 00:00:00-04:00,36.7081410883355,36.726771534186945,36.23298297546578,36.42863464355469,1113800,0.0,0.0
2024-08-12 00:00:00-04:00,36.38205425771204,36.59633994243364,35.776465206300344,35.84168243408203,2020100,0.0,0.0
2024-08-13 00:00:00-04:00,36.028013052856245,36.54975439606501,35.720560934839604,36.43795394897461,1317800,0.0,0.0
2024-08-14 00:00:00-04:00,36.512481782464576,36.801303417868084,36.139812487891206,36.69881820678711,1286300,0.0,0.0
2024-08-15 00:00:00-04:00,37.421721074861566,37.74092304878853,37.10251910093459,37.54376983642578,1310700,0.3,0.0
2024-08-16 00:00:00-04:00,37.48744137457425,38.04135061479686,37.38416961398809,37.82542037963867,1693100,0.0,0.0
2024-08-19 00:00:00-04:00,37.88174232295807,38.6328082612556,37.81602459055921,38.60464096069336,1430200,0.0,0.0
2024-08-20 00:00:00-04:00,38.72669227892665,38.78302330243584,38.30421855597784,38.59525680541992,1091300,0.0,0.0
2024-08-21 00:00:00-04:00,38.98017672581362,39.365096435194125,38.67036146684128,39.30876541137695,1197900,0.0,0.0
2024-08-22 00:00:00-04:00,39.37448384161109,39.53408662122858,38.97078711718513,39.23366165161133,925300,0.0,0.0
2024-08-23 00:00:00-04:00,39.46836862639732,40.29453549680025,39.28060212627007,40.02227783203125,1231000,0.0,0.0
2024-08-26 00:00:00-04:00,40.21943300642166,40.52924470259033,39.900231015047346,39.95656204223633,1141100,0.0,0.0
2024-08-27 00:00:00-04:00,39.90023217470305,40.02228094648557,39.68430193622529,39.80635070800781,1134800,0.0,0.0
2024-08-28 00:00:00-04:00,39.64673820090593,39.731232932764144,39.29937256164329,39.31814956665039,1564000,0.0,0.0
2024-08-29 00:00:00-04:00,39.60919440761866,39.60919440761866,38.970790398098345,39.0458984375,1561700,0.0,0.0
2024-08-30 00:00:00-04:00,39.2899924028585,39.4495951959128,38.77363716669166,39.0458984375,3244300,0.0,0.0
2024-09-03 00:00:00-04:00,38.82996456378913,39.186720554876416,38.45443156460799,38.783023834228516,1774400,0.0,0.0
2024-09-04 00:00:00-04:00,38.6422016790872,39.12100289555322,38.6140379549858,39.0458984375,1945000,0.0,0.0
2024-09-05 00:00:00-04:00,39.064672976869744,39.24304918714537,37.84419606456428,38.238502502441406,1766900,0.0,0.0
2024-09-06 00:00:00-04:00,38.30422133689814,38.56709588434457,37.45927741100489,37.53438186645508,1645700,0.0,0.0
2024-09-09 00:00:00-04:00,37.63765362637886,38.01318664767473,37.42172339260564,37.53438186645508,2002200,0.0,0.0
2024-09-10 00:00:00-04:00,37.54377365673028,37.63765512511847,36.26696563109952,36.59555435180664,2145000,0.0,0.0
2024-09-11 00:00:00-04:00,36.44534069220017,36.51105843424742,35.51590200819004,36.45473098754883,2260300,0.0,0.0
2024-09-12 00:00:00-04:00,36.60494564852347,37.29967712883184,36.38901181889807,37.262123107910156,1878200,0.0,0.0
2024-09-13 00:00:00-04:00,37.61887951149163,38.60464929155082,37.46866700768593,38.529544830322266,2192100,0.0,0.0
2024-09-16 00:00:00-04:00,38.604646477871114,38.98956621465283,37.853584013583415,37.95685577392578,1917600,0.0,0.0
2024-09-17 00:00:00-04:00,38.135238062636425,38.7360881297453,38.135238062636425,38.34178161621094,1766400,0.0,0.0
2024-09-18 00:00:00-04:00,38.52953861309633,38.895681308206704,38.069510879914056,38.27605438232422,2910600,0.0,0.0
2024-09-19 00:00:00-04:00,38.88629101372551,39.12099823688324,38.21972335948108,38.27605438232422,3124100,0.0,0.0
2024-09-20 00:00:00-04:00,37.90052478094447,37.966242522795795,37.51560504380886,37.56254577636719,5118200,0.0,0.0
2024-09-23 00:00:00-04:00,37.57192967316555,38.09767509978971,37.36538618746539,37.675201416015625,3756400,0.0,0.0
2024-09-24 00:00:00-04:00,37.966245196577624,38.07890726026986,37.62826974954667,37.71276092529297,2517100,0.0,0.0
2024-09-25 00:00:00-04:00,37.66581727317462,37.97563255231812,36.65188384788779,36.68943786621094,2123800,0.0,0.0
2024-09-26 00:00:00-04:00,36.91475959018129,37.69398945515068,36.839655125164875,37.64704513549805,2244000,0.0,0.0
2024-09-27 00:00:00-04:00,37.891137425590856,38.25728014723579,37.82541968485193,37.9005241394043,3119500,0.0,0.0
2024-09-30 00:00:00-04:00,37.78786550668776,37.97563201429499,37.233956278987975,37.478050231933594,1772900,0.0,0.0
2024-10-01 00:00:00-04:00,37.553156549770065,37.72214604075187,36.858421577806155,37.54376983642578,1786900,0.0,0.0
2024-10-02 00:00:00-04:00,37.33722194934453,37.722141615570855,36.84903054170544,36.96168899536133,2152100,0.0,0.0
2024-10-03 00:00:00-04:00,36.78331737757865,36.90536613997428,36.20124444986955,36.75515365600586,2821500,0.0,0.0
2024-10-04 00:00:00-04:00,37.262116579604324,37.51560080439254,36.68943397695088,36.82086944580078,2194400,0.0,0.0
2024-10-07 00:00:00-04:00,36.85842490499835,36.85842490499835,36.10736242247452,36.27635192871094,2106100,0.0,0.0
2024-10-08 00:00:00-04:00,36.10735886302362,36.34206608950924,35.81632419424422,35.882041931152344,2916800,0.0,0.0
2024-10-09 00:00:00-04:00,35.89142769020824,36.53921832880106,35.81632324203056,36.06041717529297,2053500,0.0,0.0
2024-10-10 00:00:00-04:00,36.06041511107367,36.19185057387177,35.78815389165031,35.96653366088867,2316200,0.0,0.0
2024-10-11 00:00:00-04:00,35.985314492947545,36.86781239509102,35.985314492947545,36.65188217163086,1806000,0.0,0.0
2024-10-14 00:00:00-04:00,36.59555079640754,36.99924751768329,36.304512542522104,36.88658905029297,2007800,0.0,0.0
2024-10-15 00:00:00-04:00,36.83025669061522,37.46866061826138,36.595549469608486,36.61432647705078,2168000,0.0,0.0
2024-10-16 00:00:00-04:00,36.75515330686258,37.10251900123709,36.56738680834866,36.98986053466797,2312600,0.0,0.0
2024-10-17 00:00:00-04:00,37.03679977168894,37.19639896111902,36.79270225905148,36.98046875,3610700,0.0,0.0
2024-10-18 00:00:00-04:00,37.05558129974699,37.24334423225489,36.78332003372281,36.90536880493164,2220200,0.0,0.0
2024-10-21 00:00:00-04:00,36.9053714321571,36.98047589423713,36.426566608670946,36.50167465209961,2055300,0.0,0.0
2024-10-22 00:00:00-04:00,36.23879670574998,36.23879670574998,35.1028145148246,35.18730926513672,3594200,0.0,0.0
2024-10-23 00:00:00-04:00,35.262416063412445,35.7599942525857,35.19669832451591,35.468955993652344,3560200,0.0,0.0
2024-10-24 00:00:00-04:00,36.33267683539263,37.0180214590407,35.28118953704811,35.36568069458008,3907400,0.0,0.0
2024-10-25 00:00:00-04:00,35.75060681538115,36.46411521525012,35.12158957979905,35.25302505493164,2638200,0.0,0.0
2024-10-28 00:00:00-04:00,35.262413331767796,35.89142695000684,35.25302303759677,35.45017623901367,2573500,0.0,0.0
2024-10-29 00:00:00-04:00,35.046487343599516,35.36568575689403,34.94321558336973,35.08403778076172,1941000,0.0,0.0
2024-10-30 00:00:00-04:00,34.93382491566203,35.459570425159825,34.90566119275353,35.0277099609375,2166300,0.0,0.0
2024-10-31 00:00:00-04:00,34.943217025955335,35.03709849475911,34.42685820348918,34.539520263671875,5064100,0.0,0.0
2024-11-01 00:00:00-04:00,34.746059930356616,34.971380467551604,34.5958474326761,34.642791748046875,2397100,0.0,0.0
2024-11-04 00:00:00-05:00,34.73667133550657,35.29058056221858,34.53012781937212,35.26241683959961,2671400,0.0,0.0
2024-11-05 00:00:00-05:00,35.26241508102654,35.38446026052106,34.915045806424395,35.35629653930664,1416900,0.0,0.0
2024-11-06 00:00:00-05:00,36.24818509414616,36.56738706949499,35.703662602701876,35.80693435668945,3296200,0.0,0.0
2024-11-07 00:00:00-05:00,35.722441799136476,36.060420803309796,35.47834784131592,36.032257080078125,2237200,0.0,0.0
2024-11-08 00:00:00-05:00,35.938370547860245,36.097973329387045,35.73183061712016,36.022865295410156,1976700,0.0,0.0
2024-11-11 00:00:00-05:00,36.21062917439094,36.98985885435435,36.13552472720593,36.95230484008789,2327700,0.0,0.0
2024-11-12 00:00:00-05:00,36.75515710180164,36.97108734391545,36.01348132583569,36.04164505004883,1906500,0.0,0.0
2024-11-13 00:00:00-05:00,35.87265095005374,36.389006122171146,35.525285264279916,36.35145568847656,2048400,0.0,0.0
2024-11-14 00:00:00-05:00,36.531231240873794,36.86238573426799,36.43661309325168,36.6069221496582,2391700,0.3,0.0
2024-11-15 00:00:00-05:00,36.76776820371287,37.02323176753244,36.09599565217603,36.14330291748047,1842400,0.0,0.0
2024-11-18 00:00:00-05:00,36.07707226335678,36.48392124443548,35.96353049469784,36.010841369628906,1713800,0.0,0.0
2024-11-19 00:00:00-05:00,35.603990730606775,35.708068875707774,35.15929451401626,35.57560348510742,2511400,0.0,0.0
2024-11-20 00:00:00-05:00,35.46206963097382,35.63237868736927,35.187682416857456,35.31068420410156,1985200,0.0,0.0
2024-11-21 00:00:00-05:00,35.433685207737035,35.93514874641538,35.22552889689854,35.84053421020508,1457500,0.0,0.0
2024-11-22 00:00:00-05:00,35.9256872089622,36.55961251510579,35.83106906746186,36.42715072631836,1602000,0.0,0.0
2024-11-25 00:00:00-05:00,36.92861606133643,38.21539397457316,36.92861606133643,37.61931228637695,4066800,0.0,0.0
2024-11-26 00:00:00-05:00,37.363846412668444,37.363846412668444,36.739381183928344,36.90022659301758,1617800,0.0,0.0
2024-11-27 00:00:00-05:00,36.98538425064591,37.44900410970994,36.94753699494416,37.023231506347656,1424100,0.0,0.0
2024-11-29 00:00:00-05:00,37.12731050128478,37.297615937199296,36.92861420897728,37.174617767333984,1195700,0.0,0.0
2024-12-02 00:00:00-05:00,37.136773677927664,37.25977546759605,36.663693758463616,37.165157318115234,2024000,0.0,0.0
2024-12-03 00:00:00-05:00,37.04215131023966,37.54361476392509,36.616378750831,37.297611236572266,2319900,0.0,0.0
2024-12-04 00:00:00-05:00,37.165148914419845,37.723383237533334,37.11784165503312,37.3543815612793,2034300,0.0,0.0
2024-12-05 00:00:00-05:00,37.155694062611744,37.72338847266032,37.07053954017316,37.58146667480469,3929200,0.0,0.0
2024-12-06 00:00:00-05:00,37.836928044578315,37.88423530778262,36.71099569002666,36.79615020751953,3178700,0.0,0.0
2024-12-09 00:00:00-05:00,36.99484378807263,37.93154350352273,36.79615111214206,37.28815460205078,1823200,0.0,0.0
2024-12-10 00:00:00-05:00,37.382772913593136,37.382772913593136,36.50284760124379,36.6069221496582,2157600,0.0,0.0
2024-12-11 00:00:00-05:00,36.63530525778033,36.663688894202174,36.08653089153887,36.531227111816406,3748200,0.0,0.0
2024-12-12 00:00:00-05:00,36.57853298568263,36.692071136368554,36.133836782303014,36.30414581298828,1899200,0.0,0.0
2024-12-13 00:00:00-05:00,36.20007374564546,36.313615524697354,35.793228336639515,35.935150146484375,1495400,0.0,0.0
2024-12-16 00:00:00-05:00,35.726990172587584,36.294688181830324,35.09306487964311,35.1214485168457,2227300,0.0,0.0
2024-12-17 00:00:00-05:00,34.86598470082778,35.31068093010751,34.61998475846187,34.63890838623047,2049800,0.0,0.0
2024-12-18 00:00:00-05:00,34.69567300638714,35.4809872568079,34.5442876051306,34.99844741821289,3662500,0.0,0.0
2024-12-19 00:00:00-05:00,35.14037389862481,35.339066587585776,34.0333686807167,34.06175231933594,2594000,0.0,0.0
2024-12-20 00:00:00-05:00,34.25098214269452,35.30121999579572,33.97659496120968,34.894371032714844,6251000,0.0,0.0
2024-12-23 00:00:00-05:00,34.79975605768963,35.07414326410082,34.3455997898262,34.884910583496094,1566500,0.0,0.0
2024-12-24 00:00:00-05:00,34.941676346115145,34.941676346115145,34.67675279770869,34.72406005859375,1320300,0.0,0.0
2024-12-26 00:00:00-05:00,34.76190794078512,35.07413875573312,34.53482803138527,35.00790786743164,1294500,0.0,0.0
2024-12-27 00:00:00-05:00,34.73352623972798,35.16875889211832,34.667295340856114,34.90383529663086,1193800,0.0,0.0
2024-12-30 00:00:00-05:00,34.76191630065391,34.76191630065391,33.9576782203768,34.26991271972656,2012800,0.0,0.0
2024-12-31 00:00:00-05:00,34.46859532899499,34.9322115227051,34.39290082674128,34.771366119384766,1829400,0.0,0.0
2025-01-02 00:00:00-05:00,34.828140554533036,35.12144775745259,34.0806735103139,34.2888298034668,1705300,0.0,0.0
2025-01-03 00:00:00-05:00,34.27936560256546,34.70513819072826,33.645440334099725,34.6199836730957,2262000,0.0,0.0
2025-01-06 00:00:00-05:00,34.61998116324332,35.39583177462059,34.58213391163648,34.780826568603516,1859300,0.0,0.0
2025-01-07 00:00:00-05:00,34.91329691234807,35.320145901675986,34.44021702794939,34.52537155151367,1520500,0.0,0.0
2025-01-08 00:00:00-05:00,34.421292996289836,34.5253711471286,33.673825921459624,34.383445739746094,1457800,0.0,0.0
2025-01-10 00:00:00-05:00,34.07120761938462,34.44021291699226,33.96713308906276,34.31721115112305,3043800,0.0,0.0
2025-01-13 00:00:00-05:00,34.383446142468834,34.686216979738944,34.15636620985971,34.52537155151367,2238200,0.0,0.0
2025-01-14 00:00:00-05:00,34.7051447510917,35.339070139389264,34.629450228081744,35.28230285644531,2162200,0.0,0.0
2025-01-15 00:00:00-05:00,35.85945458034033,35.954069107951895,35.50937288768922,35.78376007080078,1830800,0.0,0.0
2025-01-16 00:00:00-05:00,35.85945429152239,36.5596104525597,35.50937260169089,36.32307052612305,3267800,0.0,0.0
2025-01-17 00:00:00-05:00,36.54068670811015,36.6258412257267,35.71752877735875,36.38930130004883,1801600,0.0,0.0
2025-01-21 00:00:00-05:00,36.62584285706516,37.25977176296013,36.550151954319595,37.09892272949219,2243000,0.0,0.0
2025-01-22 00:00:00-05:00,36.9570023783587,37.10838779908195,36.35145708615257,36.91915512084961,1600300,0.0,0.0
2025-01-23 00:00:00-05:00,36.957001247226394,36.994844894264084,36.37984322047356,36.55961227416992,1766200,0.0,0.0
2025-01-24 00:00:00-05:00,36.597455071797285,36.663685957685516,36.105451627118576,36.275760650634766,1524200,0.0,0.0
2025-01-27 00:00:00-05:00,36.46499639548853,36.994843527572435,36.3041473665967,36.80561447143555,2347400,0.0,0.0
2025-01-28 00:00:00-05:00,36.63530653834522,36.68261380380618,36.07707214355469,36.07707214355469,2161100,0.0,0.0
2025-01-29 00:00:00-05:00,35.95406636746563,36.07706813143554,35.51883379872607,35.80268096923828,1989600,0.0,0.0
2025-01-30 00:00:00-05:00,35.95406861287378,36.54068661647624,35.74591232381915,36.181148529052734,1445500,0.0,0.0
2025-01-31 00:00:00-05:00,35.878378526027156,36.001380312837526,35.23499317107378,35.376914978027344,1714700,0.0,0.0
2025-02-03 00:00:00-05:00,34.64836780787452,35.08360402054548,33.82520986512114,34.970062255859375,2614600,0.0,0.0
2025-02-04 00:00:00-05:00,34.81867848357269,35.197143831704814,34.77137121738444,34.93221664428711,1994100,0.0,0.0
2025-02-05 00:00:00-05:00,35.017371409860274,35.05521866679842,34.66729330646511,34.79975509643555,1612400,0.0,0.0
2025-02-06 00:00:00-05:00,35.887837173632725,36.28522250922621,35.216064662903115,35.35798645019531,2888800,0.0,0.0
2025-02-07 00:00:00-05:00,35.32960413476091,35.77430035871486,34.932215175005425,35.244449615478516,1660600,0.0,0.0
2025-02-10 00:00:00-05:00,35.433683693237164,35.44314370272857,34.93221656667923,35.33906555175781,1724800,0.0,0.0
2025-02-11 00:00:00-05:00,34.81868111344706,35.764840945928306,34.81868111344706,35.660762786865234,1768800,0.0,0.0
2025-02-12 00:00:00-05:00,35.36745233370129,36.22845755861756,35.244450556052385,36.07707214355469,2286500,0.0,0.0
2025-02-13 00:00:00-05:00,36.07707778129448,36.616388632315754,36.048690530131445,36.52177047729492,1316400,0.0,0.0
2025-02-14 00:00:00-05:00,36.890768638750515,37.07053768409202,36.64476509321704,37.00430679321289,1498900,0.0,0.0
2025-02-18 00:00:00-05:00,37.155694217091764,37.43954142329618,36.521765300899276,37.38277053833008,2253800,0.0,0.0
2025-02-19 00:00:00-05:00,36.947536087544115,37.363848671413166,36.654228886341336,37.27869415283203,2604800,0.0,0.0
2025-02-20 00:00:00-05:00,38.43301271901307,40.486181503617686,38.20593637254989,39.502174377441406,4589500,0.0,0.0
2025-02-21 00:00:00-05:00,39.899557999289236,39.899557999289236,38.19647103992905,38.31001281738281,3095900,0.0,0.0
2025-02-24 00:00:00-05:00,38.67901277374688,39.17101629191417,38.37624193323057,39.029090881347656,2633600,0.0,0.0
2025-02-25 00:00:00-05:00,39.029087249673125,39.74816702666039,39.029087249673125,39.30347442626953,2708800,0.0,0.0
2025-02-26 00:00:00-05:00,39.28455089212813,39.85224526428467,39.133165485598866,39.511627197265625,2940500,0.0,0.0
2025-02-27 00:00:00-05:00,39.32240018732329,39.69140190931128,39.01016573991008,39.61570739746094,3539200,0.0,0.0
2025-02-28 00:00:00-05:00,39.71979102707784,40.24964185519938,39.435943787100165,39.91848373413086,4852100,0.0,0.0
2025-03-03 00:00:00-05:00,40.08879043244503,40.457792183555114,39.51163236663152,39.738712310791016,3532100,0.0,0.0
2025-03-04 00:00:00-05:00,39.64409449223747,40.410481570565835,39.29401279023978,39.81440353393555,3185500,0.0,0.0
2025-03-05 00:00:00-05:00,39.814409436979766,40.21179485365125,39.64410037003098,39.7860221862793,3671500,0.0,0.0
2025-03-06 00:00:00-05:00,39.58732468436018,40.56186808665026,39.41701563803393,40.44832992553711,2204200,0.0,0.0
2025-03-07 00:00:00-05:00,40.3915581722423,41.139025236241764,40.268560004226934,41.044410705566406,2875300,0.0,0.0
2025-03-10 00:00:00-04:00,41.04441178449068,42.40688055232081,40.344251967423965,41.67833709716797,3826700,0.0,0.0
2025-03-11 00:00:00-04:00,41.64048567100798,41.914872842744984,40.5713278379297,40.85517501831055,2890900,0.0,0.0
2025-03-12 00:00:00-04:00,40.58079208053602,41.129566481265925,39.92794313661436,40.249637603759766,2889700,0.0,0.0
2025-03-13 00:00:00-04:00,40.201985791125395,40.792773712904804,39.2872223208789,39.33486557006836,2422400,0.3,0.0
2025-03-14 00:00:00-04:00,39.706491460604845,40.04952870055821,39.42062830562611,39.696964263916016,2092800,0.0,0.0
2025-03-17 00:00:00-04:00,39.72555089366148,40.34492411380635,39.72555089366148,40.249637603759766,2000800,0.0,0.0
2025-03-18 00:00:00-04:00,40.268693915008605,40.41162732183091,39.81131210210375,40.2591667175293,1970500,0.0,0.0
2025-03-19 00:00:00-04:00,40.040006273461024,40.516446133495144,39.35393171182864,39.5921516418457,2970800,0.0,0.0
2025-03-20 00:00:00-04:00,39.4396840719594,39.97329792960987,39.03947640493181,39.04900360107422,4141300,0.0,0.0
2025-03-21 00:00:00-04:00,38.92513466650042,38.94419269687796,38.22953291498422,38.496341705322266,7151100,0.0,0.0
2025-03-24 00:00:00-04:00,38.639270168828425,39.17288409643932,38.47728236854061,38.98230743408203,2034400,0.0,0.0
2025-03-25 00:00:00-04:00,39.08712549578082,39.125241555939645,38.31529163482852,38.85843276977539,3927500,0.0,0.0
2025-03-26 00:00:00-04:00,38.93466116335566,39.296756430310495,38.76314254400586,39.058536529541016,1598900,0.0,0.0
2025-03-27 00:00:00-04:00,38.96324809556544,39.52544723141388,38.43916501789763,39.44921875,2823400,0.0,0.0
2025-03-28 00:00:00-04:00,39.620740899005426,39.75414347954925,39.077596109016326,39.63026809692383,2669200,0.0,0.0
2025-03-31 00:00:00-04:00,39.47780262168875,40.69748736204275,39.344400057580934,40.535499572753906,3506900,0.0,0.0
2025-04-01 00:00:00-04:00,40.211522248734944,41.0119413059401,40.01141839317051,40.94524002075195,2549700,0.0,0.0
2025-04-02 00:00:00-04:00,40.59266986026343,41.42167773665996,40.440209268330825,41.33591842651367,2172600,0.0,0.0
2025-04-03 00:00:00-04:00,41.33591527626968,41.39308572204538,39.57308595426424,40.19245910644531,2995300,0.0,0.0
2025-04-04 00:00:00-04:00,39.61120745674424,40.02094600425021,38.734559908092585,39.34440231323242,3708600,0.0,0.0
2025-04-07 00:00:00-04:00,38.79172584736202,39.45874226346527,37.28617803924895,37.64826965332031,3258100,0.0,0.0
2025-04-08 00:00:00-04:00,38.239062602280256,38.75361486727129,36.54293429895848,36.72398376464844,4295200,0.0,0.0
2025-04-09 00:00:00-04:00,36.33330178974576,39.89706961746221,36.2761277026093,39.649322509765625,4145800,0.0,0.0
2025-04-10 00:00:00-04:00,39.210998137577114,39.60167863957352,38.058011025390094,39.172882080078125,2494000,0.0,0.0
2025-04-11 00:00:00-04:00,39.07759216831019,40.11623111416599,38.8679611207159,40.03047180175781,1758400,0.0,0.0
2025-04-14 00:00:00-04:00,40.24964043245253,40.392570207567324,39.79225497423186,40.15435028076172,1582800,0.0,0.0
2025-04-15 00:00:00-04:00,40.13528586934222,40.497381118302805,39.60167564450245,39.66837692260742,1358800,0.0,0.0
2025-04-16 00:00:00-04:00,39.573086458972774,39.98282495534347,39.22052204405392,39.43015670776367,1715200,0.0,0.0
2025-04-17 00:00:00-04:00,39.73507785412565,40.08764226888342,39.21099483003771,40.04952621459961,1639500,0.0,0.0
2025-04-21 00:00:00-04:00,39.839899372573555,39.94471308044806,38.92513214836722,39.26816940307617,1817700,0.0,0.0
2025-04-22 00:00:00-04:00,39.70649288319072,40.316338906594446,39.58262114706183,40.26869201660156,2175200,0.0,0.0
2025-04-23 00:00:00-04:00,40.51643980347003,41.069108064591525,40.03046918658943,40.14481735229492,3047700,0.0,0.0
2025-04-24 00:00:00-04:00,38.591622971522355,39.16334926526976,35.15172710777783,35.50429153442383,5913200,0.0,0.0
2025-04-25 00:00:00-04:00,35.82827406933865,35.847332098895805,34.50377191216929,35.6472282409668,4324400,0.0,0.0
2025-04-28 00:00:00-04:00,35.71392387143521,36.19036363007488,34.97067901114035,35.45664596557617,2813100,0.0,0.0
2025-04-29 00:00:00-04:00,35.389948697628256,35.9426206250079,35.389948697628256,35.875919342041016,2383400,0.0,0.0
2025-04-30 00:00:00-04:00,35.62816588277605,36.5334021845488,35.38994599467517,36.40952682495117,2642000,0.0,0.0
2025-05-01 00:00:00-04:00,36.26660026045473,36.69539318876441,36.06649277430323,36.33330154418945,2212400,0.0,0.0
2025-05-02 00:00:00-04:00,36.77163015661219,37.51487520770065,36.581053477245256,37.486289978027344,2094100,0.0,0.0
2025-05-05 00:00:00-04:00,37.40052405685813,37.80073174148171,37.114660905705975,37.60062789916992,2046400,0.0,0.0
2025-05-06 00:00:00-04:00,37.41005254821314,37.78167865601513,37.1908906702462,37.53392791748047,2112200,0.0,0.0
2025-05-07 00:00:00-04:00,37.63874735996818,37.96272659656581,37.34335335058733,37.543460845947266,2279600,0.0,0.0
2025-05-08 00:00:00-04:00,37.62921233820236,38.46774366508138,37.62921233820236,38.14376449584961,1630900,0.0,0.0
2025-05-09 00:00:00-04:00,38.01989908690688,38.267646193910025,37.934139773915916,38.210472106933594,1569100,0.0,0.0
2025-05-12 00:00:00-04:00,39.23005462464339,40.030473700095,38.96324947780869,40.02094650268555,3356500,0.0,0.0
2025-05-13 00:00:00-04:00,40.18293509606128,40.430685852965034,40.020947292272155,40.0971794128418,2175800,0.0,0.0
2025-05-14 00:00:00-04:00,39.963772610782435,40.11623321471926,39.468274739250894,40.04000473022461,2530800,0.0,0.0
2025-05-15 00:00:00-04:00,40.087988387531155,40.52946403403638,39.876846269165426,40.423892974853516,1489000,0.3,0.0
2025-05-16 00:00:00-04:00,40.46228206244908,40.95174354280814,40.4046968513717,40.84617614746094,1514900,0.0,0.0
2025-05-19 00:00:00-04:00,40.519869216552856,40.83657873995211,40.260741245906836,40.615840911865234,1488000,0.0,0.0
2025-05-20 00:00:00-04:00,40.798192641320945,40.82698708163717,39.82886524267813,39.91524124145508,1646200,0.0,0.0
2025-05-21 00:00:00-04:00,39.41617308406015,39.53133984091962,38.6579843074745,38.75395965576172,2152100,0.0,0.0
2025-05-22 00:00:00-04:00,38.72516624429815,39.06107448055419,38.446846879621795,38.87872314453125,2012000,0.0,0.0
2025-05-23 00:00:00-04:00,38.274098846322346,38.75396466654825,38.0245665695969,38.57161331176758,1812400,0.0,0.0
2025-05-27 00:00:00-04:00,38.96510119192706,39.195438385009766,38.52362553802782,39.195438385009766,2001400,0.0,0.0
2025-05-28 00:00:00-04:00,39.21463252437667,39.29140914618955,38.59080553962699,38.61000061035156,1510500,0.0,0.0
2025-05-29 00:00:00-04:00,38.68678012331235,38.974698856280014,38.23570512297564,38.65798568725586,1171500,0.0,0.0
2025-05-30 00:00:00-04:00,38.51403076484868,39.20503503864506,38.29329293255818,38.84033966064453,5871300,0.0,0.0
2025-06-02 00:00:00-04:00,38.6004059612321,38.6004059612321,37.92859311183998,38.494834899902344,1472000,0.0,0.0
2025-06-03 00:00:00-04:00,38.36047145182315,38.84033722965998,38.0341625764507,38.744361877441406,1356900,0.0,0.0
2025-06-04 00:00:00-04:00,38.72516577736765,38.89791774568258,38.302885222089614,38.31248092651367,2148700,0.0,0.0
2025-06-05 00:00:00-04:00,38.27409328184617,38.33167482880697,36.786510187635145,37.40073776245117,3107000,0.0,0.0
2025-06-06 00:00:00-04:00,37.66946419264016,37.96698229788488,37.352751016629455,37.515907287597656,1354800,0.0,0.0
2025-06-09 00:00:00-04:00,37.73664759034457,37.90939957750867,37.35275347196085,37.69825744628906,1478400,0.0,0.0
2025-06-10 00:00:00-04:00,37.736643546679055,38.293289592579534,37.679058336766346,38.1589241027832,1867600,0.0,0.0
2025-06-11 00:00:00-04:00,38.254902143241495,38.379668276284995,37.72705049571431,37.79423141479492,1571100,0.0,0.0
2025-06-12 00:00:00-04:00,37.64067419004961,37.64067419004961,37.18000346546143,37.46792221069336,1355400,0.0,0.0
2025-06-13 00:00:00-04:00,37.14161079469223,37.199192343167404,36.48899306401514,36.584964752197266,1337000,0.0,0.0
2025-06-16 00:00:00-04:00,36.8632898142644,37.13201348491957,36.479395718112364,36.5081901550293,1588800,0.0,0.0
2025-06-17 00:00:00-04:00,36.479395933956646,36.479395933956646,35.60604033807438,35.654029846191406,1720000,0.0,0.0
2025-06-18 00:00:00-04:00,35.759596144515704,36.10510009024485,35.34691494387849,35.37570571899414,2441100,0.0,0.0
2025-06-20 00:00:00-04:00,35.63483428955078,35.81718197022001,35.39490139657713,35.63483428955078,4109000,0.0,0.0
2025-06-23 00:00:00-04:00,35.606039490465434,35.87476681739895,35.18375892112043,35.85557174682617,1803300,0.0,0.0
2025-06-24 00:00:00-04:00,36.02832481321511,36.258658344901036,35.71161163079011,36.13389587402344,2191500,0.0,0.0
2025-06-25 00:00:00-04:00,35.999530852207634,36.07631113784238,35.433289059450686,35.452484130859375,3286000,0.0,0.0
2025-06-26 00:00:00-04:00,35.4524852966099,35.80758863771886,35.202956682263,35.57725143432617,1743500,0.0,0.0
2025-06-27 00:00:00-04:00,35.67322235974657,36.047520764777474,35.44288882243508,35.62523651123047,3092400,0.0,0.0
2025-06-30 00:00:00-04:00,35.625231999724484,35.702012276495395,35.2893274415645,35.51966094970703,1624600,0.0,0.0
2025-07-01 00:00:00-04:00,35.39489978187028,36.940068127904055,35.346913937681734,36.4314079284668,1954300,0.0,0.0
2025-07-02 00:00:00-04:00,36.5369761614208,37.160803070963794,36.306642662665055,37.016841888427734,2247100,0.0,0.0
2025-07-03 00:00:00-04:00,37.036045267960475,37.352754815092496,36.89208405311861,37.12242126464844,1123700,0.0,0.0
2025-07-07 00:00:00-04:00,37.09362228831286,37.52549851522096,36.57536642272117,36.7097282409668,1745600,0.0,0.0
2025-07-08 00:00:00-04:00,36.719330141102176,37.18960024540561,36.34503539537373,37.04563903808594,1486800,0.0,0.0
2025-07-09 00:00:00-04:00,37.11282006714706,37.34315726731545,36.738525320323326,37.28557205200195,1700500,0.0,0.0
2025-07-10 00:00:00-04:00,37.33355856221315,38.16852398119841,37.20879243626836,37.631072998046875,1539700,0.0,0.0
2025-07-11 00:00:00-04:00,37.333561452725284,37.352752863354695,36.92087656356684,37.04563903808594,2159400,0.0,0.0
2025-07-14 00:00:00-04:00,36.85369443021413,37.14161317429219,36.33543849422233,36.83449935913086,1712200,0.0,0.0
2025-07-15 00:00:00-04:00,36.93047127762634,37.0168472674826,35.97073968415034,35.98033905029297,1765300,0.0,0.0
2025-07-16 00:00:00-04:00,36.04752038790321,36.181882226777766,35.47167922847374,35.84597396850586,1516800,0.0,0.0
2025-07-17 00:00:00-04:00,35.913153500447116,36.412214354904016,35.634834128282144,35.94194793701172,1952200,0.0,0.0
2025-07-18 00:00:00-04:00,36.162687533433214,36.32584015060505,35.51966544784372,35.62523651123047,1686300,0.0,0.0
2025-07-21 00:00:00-04:00,35.59644366240388,36.0763094418048,35.46208182994528,35.615638732910156,2138600,0.0,0.0
2025-07-22 00:00:00-04:00,35.81718476384933,37.0072536166979,35.81718476384933,36.93047332763672,2350300,0.0,0.0
2025-07-23 00:00:00-04:00,37.26637509870312,37.343151713283234,36.882481042547425,37.055233001708984,2406700,0.0,0.0
2025-07-24 00:00:00-04:00,31.99745235302281,32.170204337486865,28.849531980842627,30.45228385925293,18293000,0.0,0.0
2025-07-25 00:00:00-04:00,30.548256163577445,31.008928713874536,30.45228263932627,30.874563217163086,5796200,0.0,0.0
2025-07-28 00:00:00-04:00,30.836178107858736,30.970539949460875,29.982015717628947,30.221948623657227,4078300,0.0,0.0
2025-07-29 00:00:00-04:00,30.125972186151092,30.16436232606918,29.233421569024387,29.243019104003906,4505000,0.0,0.0
2025-07-30 00:00:00-04:00,29.50214848956585,29.50214848956585,28.70557135300676,28.907115936279297,2973000,0.0,0.0
2025-07-31 00:00:00-04:00,28.49443107447811,28.86872580427033,28.244900644435727,28.283288955688477,4133300,0.0,0.0
2025-08-01 00:00:00-04:00,28.254498339307048,28.628793071211177,27.851411000893858,28.446443557739258,3601500,0.0,0.0
2025-08-04 00:00:00-04:00,28.360064805754142,28.580804439732415,28.254495586591542,28.331274032592773,2932300,0.0,0.0
2025-08-05 00:00:00-04:00,28.436847743944803,28.791949256885236,28.24490251389127,28.753559112548828,3554600,0.0,0.0
2025-08-06 00:00:00-04:00,28.74396109121907,28.955101376430058,28.58080665201972,28.734363555908203,2509200,0.0,0.0
2025-08-07 00:00:00-04:00,28.820738888185957,28.945503183306457,28.168121146219892,28.552013397216797,2919700,0.0,0.0
2025-08-08 00:00:00-04:00,28.504030287964152,28.73436566066869,27.7554389537673,28.273693084716797,4160300,0.0,0.0
2025-08-11 00:00:00-04:00,28.34087453843621,28.74396187983825,27.985773044362354,28.062551498413086,3666300,0.0,0.0
2025-08-12 00:00:00-04:00,28.235303099427803,29.07027037776936,28.168122181851196,28.907115936279297,2335300,0.0,0.0
2025-08-13 00:00:00-04:00,28.96469830383071,30.557852521143655,28.907114923716758,30.433086395263672,4304800,0.0,0.0
2025-08-14 00:00:00-04:00,30.132730321609113,30.704380330277022,29.880816601854914,30.57842254638672,3282400,0.3,0.0
2025-08-15 00:00:00-04:00,30.694689644506013,30.917535746125814,29.909882763830097,30.006771087646484,2746300,0.0,0.0
2025-08-18 00:00:00-04:00,30.006771437225932,30.142418418596538,29.43512144952318,29.880815505981445,3039900,0.0,0.0
2025-08-19 00:00:00-04:00,30.02615113495294,30.655934514359128,29.948639362841817,30.28775405883789,3053200,0.0,0.0
2025-08-20 00:00:00-04:00,30.316821541283208,30.549356856656996,29.638592152089856,29.667659759521484,2956900,0.0,0.0
2025-08-21 00:00:00-04:00,29.39636914341949,29.77423881929805,29.309168164674208,29.638593673706055,2252000,0.0,0.0
2025-08-22 00:00:00-04:00,29.89050542461827,30.849714279174805,29.78392604699208,30.849714279174805,2271000,0.0,0.0
2025-08-25 00:00:00-04:00,30.694692867794956,30.96598315981149,30.37495656075653,30.71407127380371,2696300,0.0,0.0
2025-08-26 00:00:00-04:00,30.617178253597377,30.79158019545623,30.31682038041065,30.491220474243164,26555500,0.0,0.0
2025-08-27 00:00:00-04:00,30.520287963251434,31.28571829446181,30.43308699265718,31.082250595092773,4718400,0.0,0.0
2025-08-28 00:00:00-04:00,31.169449879426885,31.314786071806076,30.888470393415115,31.246963500976562,3251900,0.0,0.0
2025-08-29 00:00:00-04:00,31.27602989242884,31.71203478231554,31.198519965367307,31.60545539855957,3308000,0.0,0.0
2025-09-02 00:00:00-04:00,31.372921561714556,31.51825405930895,30.956295082382006,30.96598243713379,4898600,0.0,0.0
2025-09-03 00:00:00-04:00,30.752823881684556,31.121004327510423,30.617178746068664,30.98535919189453,3473300,0.0,0.0
2025-09-04 00:00:00-04:00,31.03380342397668,31.314784746119784,30.762513152143477,31.295406341552734,2662200,0.0,0.0
2025-09-05 00:00:00-04:00,31.353540678616366,31.837989691089295,31.09193776835467,31.3729190826416,1764200,0.0,0.0
2025-09-08 00:00:00-04:00,31.34385050419202,31.624831826328386,30.743134746838873,31.595766067504883,2567100,0.0,0.0
2025-09-09 00:00:00-04:00,31.227585863848024,31.673278110564844,31.121006479621613,31.305099487304688,4801300,0.0,0.0
2025-09-10 00:00:00-04:00,31.053183115407254,31.363230209223104,30.869093808470623,31.09193992614746,2513600,0.0,0.0
2025-09-11 00:00:00-04:00,31.19851789723775,31.94456983802125,31.13069532953495,31.896121978759766,2359200,0.0,0.0
2025-09-12 00:00:00-04:00,31.64421023165414,31.72172384992234,31.276027936985685,31.295406341552734,1721700,0.0,0.0
2025-09-15 00:00:00-04:00,31.44074295236134,31.44074295236134,30.549356658529693,30.56873321533203,2776500,0.0,0.0
2025-09-16 00:00:00-04:00,30.68500146812511,31.072560320423268,30.423398549813967,30.5396671295166,2581800,0.0,0.0
2025-09-17 00:00:00-04:00,30.64624541140947,31.014425868126896,30.103663004868785,30.142419815063477,2442400,0.0,0.0
2025-09-18 00:00:00-04:00,30.055217136534164,30.413708370382587,29.890504398595983,30.161794662475586,2247200,0.0,0.0
2025-09-19 00:00:00-04:00,30.326507676374614,30.326507676374614,29.609523354127138,29.725791931152344,6662500,0.0,0.0
2025-09-22 00:00:00-04:00,29.6482834161192,29.6482834161192,29.221967717610784,29.376991271972656,2335200,0.0,0.0
2025-09-23 00:00:00-04:00,29.396366704482144,29.628902012501236,29.241343165802746,29.44481086730957,2234500,0.0,0.0
2025-09-24 00:00:00-04:00,29.35760989579912,29.754857944668363,29.318854935142447,29.44481086730957,2153500,0.0,0.0
2025-09-25 00:00:00-04:00,29.318857601580177,29.32854680463213,28.844097740193646,29.047565460205078,2329400,0.0,0.0
2025-09-26 00:00:00-04:00,29.173521400290763,29.464190081295303,29.057252819073106,29.35761070251465,2401700,0.0,0.0
2025-09-29 00:00:00-04:00,29.48356615479584,29.56107792013634,29.00880636108201,29.473876953125,2894600,0.0,0.0
2025-09-30 00:00:00-04:00,29.435123529257783,29.60952548332352,29.212277409296657,29.59014892578125,3393000,0.0,0.0
2025-10-01 00:00:00-04:00,29.70641325665888,30.248995632444405,29.61921228669006,30.161794662475586,2524800,0.0,0.0
2025-10-02 00:00:00-04:00,30.181175259559346,30.51060075937308,29.987396749568383,30.336198806762695,2281100,0.0,0.0
2025-10-03 00:00:00-04:00,30.31682098661431,30.752824001953254,30.30713178431437,30.3846435546875,2060800,0.0,0.0
2025-10-06 00:00:00-04:00,30.248998310069346,30.248998310069346,29.696726683397575,29.764549255371094,2086400,0.0,0.0
2025-10-07 00:00:00-04:00,29.842057578309397,29.900192788727637,28.970049750324783,29.037872314453125,2268400,0.0,0.0
2025-10-08 00:00:00-04:00,29.0378728799398,29.241342424313483,28.698760052694173,28.77627182006836,1449900,0.0,0.0
2025-10-09 00:00:00-04:00,28.805338514327254,28.805338514327254,28.32088949048175,28.398401260375977,3302500,0.0,0.0
2025-10-10 00:00:00-04:00,28.495293379010395,28.79565127684092,27.75893059075936,27.78799819946289,2260200,0.0,0.0
2025-10-13 00:00:00-04:00,27.91395220189853,28.29182369668714,27.536082555136286,28.243377685546875,2182300,0.0,0.0
2025-10-14 00:00:00-04:00,27.88488707637998,28.96036267574393,27.86550867148388,28.90222930908203,1956900,0.0,0.0
2025-10-15 00:00:00-04:00,28.79564896162671,29.212275412747466,28.71813719267585,28.824716567993164,1659300,0.0,0.0
2025-10-16 00:00:00-04:00,28.873163479286863,29.086322250214085,28.553427170922546,28.892541885375977,2531000,0.0,0.0
2025-10-17 00:00:00-04:00,28.950674144448268,29.30916725123133,28.824718205756433,29.10569953918457,1783700,0.0,0.0
2025-10-20 00:00:00-04:00,29.183212152170192,29.435124036801625,28.78596222326716,29.17352294921875,2838300,0.0,0.0
2025-10-21 00:00:00-04:00,29.183210217246078,29.851748544331063,29.066941637564216,29.628902435302734,1963900,0.0,0.0
2025-10-22 00:00:00-04:00,29.59014851206431,29.929261364643615,29.386678952490282,29.406057357788086,2044600,0.0,0.0
2025-10-23 00:00:00-04:00,29.43512259612129,29.70641472140391,29.096009749551023,29.667659759521484,2198200,0.0,0.0
2025-10-24 00:00:00-04:00,29.793613950418106,29.94863748491964,29.648279617826205,29.83237075805664,2433100,0.0,0.0
2025-10-27 00:00:00-04:00,29.909885128921207,30.520290118152616,29.871128317908948,30.500911712646484,3110700,0.0,0.0
2025-10-28 00:00:00-04:00,30.35557676660266,30.40402093138271,29.929261094037788,29.99708366394043,3753000,0.0,0.0
2025-10-29 00:00:00-04:00,29.812994702051572,29.919572235398064,29.086321133839224,29.10569953918457,4170600,0.0,0.0
2025-10-30 00:00:00-04:00,30.56873229833277,31.518251930140597,29.49325673496935,30.19086265563965,5715000,0.0,0.0
2025-10-31 00:00:00-04:00,30.026151943960837,31.082252870472832,29.6482822757413,30.96598243713379,6896400,0.0,0.0
2025-11-03 00:00:00-05:00,30.60749177067675,30.87878390967296,29.367301511299573,29.483570098876953,3764000,0.0,0.0
2025-11-04 00:00:00-05:00,29.376990331014692,29.53201388041109,29.125076601238924,29.45450210571289,2694200,0.0,0.0
2025-11-05 00:00:00-05:00,29.53201162249466,29.919570466354234,29.144452778635085,29.880815505981445,2319700,0.0,0.0
2025-11-06 00:00:00-05:00,29.861436645604652,30.026149382732036,28.99911800018699,29.086318969726562,2418900,0.0,0.0
2025-11-07 00:00:00-05:00,29.066942910865148,29.464190982804855,28.8344075893414,29.42543601989746,2575300,0.0,0.0
2025-11-10 00:00:00-05:00,29.454501256692865,30.026151271624318,29.435122851570274,29.99708366394043,4021000,0.0,0.0
2025-11-11 00:00:00-05:00,30.142420884598742,30.326510195476235,29.648282625241624,30.07459831237793,2747300,0.0,0.0
2025-11-12 00:00:00-05:00,30.11335347305047,30.326510394000753,29.793617167611792,30.093975067138672,3783400,0.0,0.0
2025-11-13 00:00:00-05:00,30.064907143454548,30.946604220721373,29.98739537340998,30.374954223632812,4048300,0.0,0.0
2025-11-14 00:00:00-05:00,30.287753012891688,30.287753012891688,29.48356771200031,29.599834442138672,2377400,0.0,0.0
2025-11-17 00:00:00-05:00,29.63859083987849,29.69672420414155,28.95067227866466,28.96036148071289,2104900,0.0,0.0
2025-11-18 00:00:00-05:00,28.960360548588408,29.20258504791893,28.669691888602294,29.037872314453125,3143900,0.0,0.0
2025-11-19 00:00:00-05:00,29.09600877667607,29.134763737262652,28.485601977206766,28.67938232421875,2585200,0.0,0.0
2025-11-20 00:00:00-05:00,28.542346798020894,28.973027453031303,28.10187773415251,28.150819778442383,2574600,0.3,0.0
2025-11-21 00:00:00-05:00,28.317219301118016,29.276460976187636,28.121454855739348,28.933874130249023,2588800,0.0,0.0
2025-11-24 00:00:00-05:00,28.92408739497565,28.92408739497565,28.25849234945942,28.532560348510742,3668900,0.0,0.0
2025-11-25 00:00:00-05:00,28.718534726028317,29.296037786094345,28.718534726028317,29.119850158691406,2617900,0.0,0.0
2025-11-26 00:00:00-05:00,29.01217974387336,29.227521008729788,28.924085929513573,28.95345115661621,2397300,0.0,0.0
2025-11-28 00:00:00-05:00,28.904510180609886,29.26667197013922,28.728322556753206,29.061120986938477,1334500,0.0,0.0
2025-12-01 00:00:00-05:00,28.914298279559464,29.217731480201333,28.77726242527922,28.845779418945312,2082300,0.0,0.0
2025-12-02 00:00:00-05:00,28.875145600378175,28.894722418344283,28.043149506299688,28.56192398071289,2899200,0.0,0.0
2025-12-03 00:00:00-05:00,28.708746060730824,29.305825933387744,28.620652247815933,28.718534469604492,2758600,0.0,0.0
2025-12-04 00:00:00-05:00,28.630439800095072,28.835990779447872,27.99420817792701,28.25848960876465,3026100,0.0,0.0
2025-12-05 00:00:00-05:00,28.278066490988575,28.91430002357334,28.238914720938467,28.82620620727539,2617600,0.0,0.0
2025-12-08 00:00:00-05:00,29.0121784000063,29.14921425318954,28.082301988206225,28.25848960876465,4976700,0.0,0.0
2025-12-09 00:00:00-05:00,28.111667934301174,28.317220799520392,27.534164843518525,27.573318481445312,4977100,0.0,0.0
2025-12-10 00:00:00-05:00,27.92569110386817,29.775657380473522,27.82780888529186,29.560317993164062,4092000,0.0,0.0
2025-12-11 00:00:00-05:00,29.893119036224483,30.54892566418538,29.834388579762273,30.38252830505371,3899900,0.0,0.0
2025-12-12 00:00:00-05:00,30.539138599341033,30.822994999593462,30.108457927392752,30.333585739135742,3884300,0.0,0.0
2025-12-15 00:00:00-05:00,30.48040729894983,30.48040729894983,29.74629342861329,29.8735408782959,3788900,0.0,0.0
2025-12-16 00:00:00-05:00,29.88332903434354,29.88332903434354,29.139426761331578,29.2862491607666,2873600,0.0,0.0
2025-12-17 00:00:00-05:00,29.247097782395183,29.540744470875904,28.884935960301686,29.51137924194336,4052500,0.0,0.0
2025-12-18 00:00:00-05:00,29.521165103197013,29.863751943376865,29.01217904732684,29.07090950012207,4750900,0.0,0.0
2025-12-19 00:00:00-05:00,29.119850054433833,29.5211654856601,28.777263209815576,29.110061645507812,61632800,0.0,0.0
2025-12-22 00:00:00-05:00,29.305827131565376,30.176975020509687,28.99260550259431,29.589683532714844,4553300,0.0,0.0
2025-12-23 00:00:00-05:00,29.58968306370792,29.726718924421828,28.826205821929364,29.354766845703125,3317900,0.0,0.0
2025-12-24 00:00:00-05:00,29.530955254821833,29.834388477712555,29.364556029311146,29.619049072265625,3352200,0.0,0.0
2025-12-26 00:00:00-05:00,29.707142549559105,30.12803481320501,29.530954916688895,29.96163558959961,1627400,0.0,0.0
2025-12-29 00:00:00-05:00,29.893117968385475,30.02036355227841,29.61904811553005,29.902904510498047,2687400,0.0,0.0
2025-12-30 00:00:00-05:00,29.81481136683533,30.167186633157936,29.756082778097618,30.157398223876953,2297300,0.0,0.0
2025-12-31 00:00:00-05:00,30.079090577806856,30.079090577806856,29.433070548930445,29.560317993164062,1946300,0.0,0.0
2026-01-02 00:00:00-05:00,29.59946997131036,29.61904678855471,29.041543748482823,29.393918991088867,2451000,0.0,0.0
2026-01-05 00:00:00-05:00,29.325402492112303,30.783843756137824,29.325402492112303,30.38252830505371,4338500,0.0,0.0
2026-01-06 00:00:00-05:00,30.490196102880645,30.920876768469107,30.314008473005902,30.852359771728516,2601900,0.0,0.0
2026-01-07 00:00:00-05:00,30.89151225838524,31.077488301676194,30.30422076748361,30.548925399780273,2227100,0.0,0.0
2026-01-08 00:00:00-05:00,30.372738380915536,32.31079667381004,30.372738380915536,32.30101013183594,3717700,0.0,0.0
2026-01-09 00:00:00-05:00,32.575078307323814,32.790419570995056,31.899694890213425,32.69253921508789,3641700,0.0,0.0
2026-01-12 00:00:00-05:00,32.49677658081055,32.692541037433394,32.20313176282449,32.49677658081055,3451200,0.0,0.0
2026-01-13 00:00:00-05:00,32.506560480535605,33.05470016773537,32.48698366307531,32.61423110961914,3295100,0.0,0.0
2026-01-14 00:00:00-05:00,32.59465571892613,33.152581972330104,32.252070733115374,32.56529235839844,3453300,0.0,0.0
2026-01-15 00:00:00-05:00,32.70232528243123,33.34834533017145,32.477197479995596,33.21131134033203,2749300,0.0,0.0
2026-01-16 00:00:00-05:00,32.986183129388486,33.13300365929981,32.447833718588036,32.80020523071289,2796800,0.0,0.0
2026-01-20 00:00:00-05:00,32.281434169714366,32.52613879841192,31.880118728006224,32.00736618041992,2473300,0.0,0.0
2026-01-21 00:00:00-05:00,32.066094137030255,33.133006508612596,32.026944232691505,33.07427978515625,2445200,0.0,0.0
2026-01-22 00:00:00-05:00,33.221097836475955,33.524532909199806,33.16237111742346,33.39728546142578,2128300,0.0,0.0
2026-01-23 00:00:00-05:00,33.41686152279069,33.51474560882317,33.02533638034903,33.3189811706543,1824200,0.0,0.0
2026-01-26 00:00:00-05:00,36.34352947774973,36.34352947774973,33.00575876920084,33.0546989440918,6046300,0.0,0.0
2026-01-27 00:00:00-05:00,32.87851618168113,32.9568197262885,32.4282605319732,32.59465789794922,2872800,0.0,0.0
2026-01-28 00:00:00-05:00,32.64359658468666,32.790420858207334,31.82138886754292,31.88011932373047,2916400,0.0,0.0
2026-01-29 00:00:00-05:00,32.07588425802173,32.67296416957614,31.713722440843128,31.929059982299805,2410900,0.0,0.0
2026-01-30 00:00:00-05:00,31.68435381659351,32.438044510067456,31.5375332818521,32.1541862487793,2881300,0.0,0.0
2026-02-02 00:00:00-05:00,32.08566983702056,32.438045101053866,31.58647403557093,31.831178665161133,2635400,0.0,0.0
2026-02-03 00:00:00-05:00,31.772445312184427,32.95681471525045,31.743081954158388,32.291221618652344,1955500,0.0,0.0
2026-02-04 00:00:00-05:00,32.55550153365087,33.779024653636036,32.55550153365087,33.641990661621094,3580900,0.0,0.0
2026-02-05 00:00:00-05:00,33.632203911135,33.925848711332286,32.86872668384282,33.622413635253906,2367300,0.0,0.0
2026-02-06 00:00:00-05:00,33.40707655067908,33.945425980514344,33.240675463553984,33.8475456237793,2334600,0.0,0.0
2026-02-09 00:00:00-05:00,33.65178098679059,33.93563551328125,33.23088873418829,33.456016540527344,1571700,0.0,0.0
2026-02-10 00:00:00-05:00,33.0938550529816,34.10203691995207,32.30101071841778,33.86711883544922,1459700,0.0,0.0
2026-02-11 00:00:00-05:00,33.87690730757467,34.34673971766584,33.769236680156595,34.06288146972656,1870300,0.0,0.0
2026-02-12 00:00:00-05:00,34.02372792060771,34.473987248564946,33.20152026741532,33.3189811706543,2104400,0.0,0.0
2026-02-13 00:00:00-05:00,33.50495588203691,33.69093004770049,33.11343073318262,33.377708435058594,1809400,0.0,0.0
2026-02-17 00:00:00-05:00,33.260252654938306,33.46580364672642,31.54732025557809,31.821388244628906,3107400,0.0,0.0
2026-02-18 00:00:00-05:00,31.79202623322401,32.56529378817137,31.53753505171925,32.516353607177734,2758700,0.0,0.0
2026-02-19 00:00:00-05:00,32.29122493277893,33.16237282665528,31.61583775769554,32.80999755859375,4363000,0.0,0.0
2026-02-20 00:00:00-05:00,32.506560591529805,33.43643888764001,31.801813830033606,33.377708435058594,3051900,0.0,0.0
2026-02-23 00:00:00-05:00,33.044911549520755,33.563687903498895,32.12482348611417,32.584869384765625,2062400,0.0,0.0
2026-02-24 00:00:00-05:00,32.692538543792786,33.33855858764516,32.49677410210197,32.81978225708008,1569900,0.0,0.0
2026-02-25 00:00:00-05:00,32.94703105848343,33.18194914494747,31.28303883656077,32.00736618041992,2031800,0.0,0.0
2026-02-26 00:00:00-05:00,32.15418602505174,32.30101029266782,31.566896422379916,31.9388484954834,1676500,0.0,0.0
2026-02-27 00:00:00-05:00,31.792027026047542,32.77084560591562,31.635416202624512,32.40868377685547,2147800,0.0,0.0
2026-03-02 00:00:00-05:00,31.96821329215755,32.13461438519388,31.48859056576666,32.085670471191406,1273300,0.0,0.0
2026-03-03 00:00:00-05:00,31.2732513671707,31.645203437254715,30.862147528468853,31.537532806396484,1378900,0.0,0.0
2026-03-04 00:00:00-05:00,31.566896551642106,31.586473369664162,30.744688864196974,31.390708923339844,1824200,0.0,0.0
2026-03-05 00:00:00-05:00,31.32219157153164,31.782237455085298,30.715323288376048,30.793628692626953,2621800,0.0,0.0
2026-03-06 00:00:00-05:00,30.548924174396504,30.871936068341643,29.922480938268464,30.803417205810547,1518500,0.0,0.0
2026-03-09 00:00:00-04:00,30.382527450213434,30.725112435196394,29.70714215548619,30.676172256469727,1748800,0.0,0.0
2026-03-10 00:00:00-04:00,30.490197002658682,30.63701940957104,29.96163596438455,30.00078773498535,3295700,0.0,0.0
2026-03-11 00:00:00-04:00,30.098669145213258,30.40210236019188,29.873541336259706,30.29443359375,2684700,0.0,0.0
2026-03-12 00:00:00-04:00,30.037447707901684,30.17582486229611,29.33568525970072,29.40487289428711,2692800,0.3,0.0
2026-03-13 00:00:00-04:00,29.424641892364896,29.424641892364896,28.693226778801957,28.999629974365234,2823400,0.0,0.0
2026-03-16 00:00:00-04:00,29.0292826761936,29.28626478567454,28.29786567615135,28.386821746826172,2520000,0.0,0.0
2026-03-17 00:00:00-04:00,28.554849290343206,29.246729411878388,28.515314306804385,29.00951385498047,3108600,0.0,0.0
2026-03-18 00:00:00-04:00,28.78218212355666,28.96997659194815,28.278098365050866,28.29786491394043,2701000,0.0,0.0
2026-03-19 00:00:00-04:00,28.07053404455519,28.268214618514275,27.319350502820992,28.22867774963379,2994600,0.0,0.0
2026-03-20 00:00:00-04:00,28.17925728019369,28.33740097815305,27.586217470235297,27.932157516479492,12973700,0.0,0.0
2026-03-23 00:00:00-04:00,28.37693708115611,28.97986113171015,28.159489959176426,28.456010818481445,2693000,0.0,0.0
2026-03-24 00:00:00-04:00,28.287983010233653,29.068817317227314,28.129837420172212,28.84148597717285,2780300,0.0,0.0
2026-03-25 00:00:00-04:00,29.108353201332083,29.424640600311832,28.55484836789591,29.14788818359375,1931000,0.0,0.0
2026-03-26 00:00:00-04:00,29.108353497026492,29.642088016921313,28.96009212767973,29.306032180786133,2233300,0.0,0.0
2026-03-27 00:00:00-04:00,29.30603287448697,29.345569743307745,28.554849333887223,28.84148597717285,1697100,0.0,0.0
2026-03-30 00:00:00-04:00,29.068817613207123,29.07870183051296,28.40659013548963,28.55484962463379,1974300,0.0,0.0
2026-03-31 00:00:00-04:00,28.762413413930965,29.29614793326929,28.396704927263418,29.029281616210938,1869200,0.0,0.0
2026-04-01 00:00:00-04:00,29.13800434370551,29.236844628470863,28.762413523863124,28.9699764251709,1705900,0.0,0.0
2026-04-02 00:00:00-04:00,28.703109939953755,29.058932323726783,27.803665050526,27.86297035217285,4321200,0.0,0.0
2026-04-06 00:00:00-04:00,27.862970266439447,28.663572983992356,27.803664964975077,28.6438045501709,2171000,0.0,0.0
2026-04-07 00:00:00-04:00,28.505429323136322,28.673457240406982,28.21879268799512,28.47577667236328,2378100,0.0,0.0
2026-04-08 00:00:00-04:00,29.424641846028937,29.63220475343865,29.039164912633968,29.16765785217285,2077400,0.0,0.0
2026-04-09 00:00:00-04:00,29.019397220973623,29.859534920052717,28.851369304113483,29.701391220092773,2234900,0.0,0.0
2026-04-10 00:00:00-04:00,29.83976862803917,30.05721574604832,29.55313199113374,30.027563095092773,1192900,0.0,0.0
2026-04-13 00:00:00-04:00,29.810115440543957,30.067099421868495,29.404871977553388,29.988027572631836,1752900,0.0,0.0
2026-04-14 00:00:00-04:00,29.84965331268898,30.165940720283714,29.701391940809994,29.958375930786133,2498900,0.0,0.0
2026-04-15 00:00:00-04:00,29.95837492220999,30.12640283749059,29.760696241729143,29.988027572631836,2540600,0.0,0.0
2026-04-16 00:00:00-04:00,29.82988472530517,30.333968485530164,29.82988472530517,30.18570899963379,1580300,0.0,0.0
2026-04-17 00:00:00-04:00,30.136287329371974,31.440973796296376,30.07698391320858,30.75897979736328,1959000,0.0,0.0
2026-04-20 00:00:00-04:00,30.61071857886082,30.798514930388766,30.264780411864102,30.531646728515625,2564500,0.0,0.0
2026-04-21 00:00:00-04:00,30.838051382716927,31.47062617695634,30.630486600093622,30.877586364746094,2580500,0.0,0.0
2026-04-22 00:00:00-04:00,31.055499132368045,31.174107851325626,30.709559077731875,31.025846481323242,2214300,0.0,0.0
2026-04-23 00:00:00-04:00,30.788631618682526,31.134571681072106,30.482228425238805,31.006080627441406,2109600,0.0,0.0
2026-04-24 00:00:00-04:00,31.0060804494716,31.46074312840926,30.68979115538519,31.23341178894043,2262000,0.0,0.0
2026-04-27 00:00:00-04:00,31.27294608636552,31.58923348829149,30.71944313299507,30.808399200439453,2285800,0.0,0.0
2026-04-28 00:00:00-04:00,31.11480251984703,31.174107821880618,30.610718763891303,30.749095916748047,1827800,0.0,0.0
2026-04-29 00:00:00-04:00,30.73921168900283,30.77874667178978,30.15605608242769,30.3043155670166,3623800,0.0,0.0
2026-04-30 00:00:00-04:00,31.203759810317074,32.14273972520255,30.45257625545303,31.21364402770996,4495100,0.0,0.0
2026-05-01 00:00:00-04:00,30.956659267945998,31.29271511013211,28.149605695110022,28.179258346557617,4367300,0.0,0.0
2026-05-04 00:00:00-04:00,28.169373177193304,28.189141610823466,26.914105920002036,27.42807388305664,4136900,0.0,0.0
2026-05-05 00:00:00-04:00,27.586218689105607,28.42635829989895,27.25016284478827,27.951927185058594,2676400,0.0,0.0
2026-05-06 00:00:00-04:00,28.287983566699918,28.97986181767876,28.19902749532494,28.436243057250977,3963500,0.0,0.0
2026-05-07 00:00:00-04:00,28.673458733719276,28.97986193344502,28.06065044904608,28.376937866210938,4760800,0.0,0.0
2026-05-08 00:00:00-04:00,28.515314640632134,29.12812103182045,28.287983298262976,28.55484962463379,2527000,0.0,0.0
2026-05-11 00:00:00-04:00,28.406590255099267,28.604270831604964,27.546684083309376,27.774015426635742,2954900,0.0,0.0
2026-05-12 00:00:00-04:00,27.79378234736765,27.932157612251146,26.508862440515237,26.538515090942383,4075900,0.0,0.0
2026-05-13 00:00:00-04:00,26.558284555011483,26.558284555011483,26.03443235513621,26.064085006713867,3616000,0.0,0.0
2026-05-14 00:00:00-04:00,26.350718589619408,26.51874650395829,25.68849114901576,25.70825958251953,2787400,0.0,0.0
2026-05-15 00:00:00-04:00,25.698377118389228,25.856520826761578,24.265197640390376,24.32450294494629,6913800,0.0,0.0
2026-05-18 00:00:00-04:00,24.522181252688977,24.986730038306185,24.027981700481174,24.50241470336914,4065000,0.0,0.0
2026-05-19 00:00:00-04:00,24.581485488166052,24.828585253532644,24.057633306909104,24.255313873291016,4957800,0.0,0.0
2026-05-20 00:00:00-04:00,24.235546426192272,25.579767922556584,23.701810006366653,25.560001373291016,4702100,0.0,0.0
2026-05-21 00:00:00-04:00,25.459999084472656,27.15999984741211,25.200000762939453,26.8799991607666,4006500,0.3,0.0
2026-05-22 00:00:00-04:00,27.040000915527344,27.219999313354492,26.709999084472656,27.149999618530273,2878700,0.0,0.0
2026-05-26 00:00:00-04:00,27.15999984741211,27.290000915527344,26.75,27.25,3307400,0.0,0.0
2026-05-27 00:00:00-04:00,27.479999542236328,27.920000076293945,27.219999313354492,27.440000534057617,2209700,0.0,0.0
2026-05-28 00:00:00-04:00,27.34000015258789,27.489999771118164,26.979999542236328,27.290000915527344,2105700,0.0,0.0
2026-05-29 00:00:00-04:00,27.270000457763672,27.469999313354492,27.020000457763672,27.1200008392334,2764200,0.0,0.0
2026-06-01 00:00:00-04:00,26.799999237060547,26.850000381469727,25.979999542236328,26.06999969482422,2403500,0.0,0.0
2026-06-02 00:00:00-04:00,26.209999084472656,26.270000457763672,25.639999389648438,25.649999618530273,2296100,0.0,0.0
2026-06-03 00:00:00-04:00,25.489999771118164,25.84000015258789,25.31999969482422,25.530000686645508,2009900,0.0,0.0
2026-06-04 00:00:00-04:00,25.799999237060547,26.030000686645508,25.059999465942383,25.260000228881836,2147600,0.0,0.0
2026-06-05 00:00:00-04:00,25.260000228881836,25.43000030517578,24.959999084472656,25.219999313354492,2101100,0.0,0.0
2026-06-08 00:00:00-04:00,25.0,25.399999618530273,24.719999313354492,25.059999465942383,3223300,0.0,0.0
2026-06-09 00:00:00-04:00,25.239999771118164,26.15999984741211,25.15999984741211,25.360000610351562,4715000,0.0,0.0
2026-06-10 00:00:00-04:00,25.350000381469727,25.809999465942383,25.020000457763672,25.469999313354492,3135500,0.0,0.0
2026-06-11 00:00:00-04:00,25.469999313354492,25.989999771118164,25.229999542236328,25.979999542236328,2725700,0.0,0.0
2026-06-12 00:00:00-04:00,26.040000915527344,26.40999984741211,25.81999969482422,26.200000762939453,1822300,0.0,0.0
2026-06-15 00:00:00-04:00,26.549999237060547,26.989999771118164,26.06999969482422,26.139999389648438,2508300,0.0,0.0
2026-06-16 00:00:00-04:00,26.1299991607666,26.559999465942383,26.100000381469727,26.239999771118164,1982100,0.0,0.0
2026-06-17 00:00:00-04:00,26.149999618530273,26.350000381469727,24.850000381469727,25.020000457763672,3129700,0.0,0.0
2026-06-18 00:00:00-04:00,24.940000534057617,26.309999465942383,24.940000534057617,25.799999237060547,5366900,0.0,0.0
2026-06-22 00:00:00-04:00,25.6299991607666,25.639999389648438,25.020000457763672,25.40999984741211,3518400,0.0,0.0
2026-06-23 00:00:00-04:00,25.190000534057617,25.809999465942383,25.15999984741211,25.729999542236328,2404500,0.0,0.0
2026-06-24 00:00:00-04:00,25.850000381469727,26.40999984741211,25.799999237060547,26.229999542236328,2364400,0.0,0.0
2026-06-25 00:00:00-04:00,26.290000915527344,27.079999923706055,26.290000915527344,26.75,2758800,0.0,0.0
2026-06-26 00:00:00-04:00,26.579999923706055,27.079999923706055,26.5,27.030000686645508,3409400,0.0,0.0
2026-06-29 00:00:00-04:00,26.93000030517578,26.950000762939453,25.829999923706055,26.1200008392334,2858400,0.0,0.0
2026-06-30 00:00:00-04:00,26.139999389648438,26.479999542236328,25.969999313354492,26.329999923706055,2781200,0.0,0.0
2026-07-01 00:00:00-04:00,26.3799991607666,26.719999313354492,26.139999389648438,26.149999618530273,1887300,0.0,0.0
2026-07-02 00:00:00-04:00,26.260000228881836,26.639999389648438,25.8799991607666,26.549999237060547,2743100,0.0,0.0
2026-07-06 00:00:00-04:00,26.239999771118164,26.5,25.6299991607666,25.989999771118164,2277400,0.0,0.0
2026-07-07 00:00:00-04:00,25.940000534057617,26.3700008392334,25.90999984741211,26.209999084472656,2813300,0.0,0.0
2026-07-08 00:00:00-04:00,26.1200008392334,26.290000915527344,25.049999237060547,25.139999389648438,2445500,0.0,0.0
2026-07-09 00:00:00-04:00,25.139999389648438,25.709999084472656,24.93000030517578,25.389999389648438,2280900,0.0,0.0
2026-07-10 00:00:00-04:00,25.670000076293945,25.8799991607666,25.3700008392334,25.3799991607666,1781500,0.0,0.0
2026-07-13 00:00:00-04:00,25.600000381469727,26.389999389648438,25.3799991607666,25.40999984741211,2812000,0.0,0.0
2026-07-14 00:00:00-04:00,25.43000030517578,25.690000534057617,24.690000534057617,24.860000610351562,2224200,0.0,0.0
2026-07-15 00:00:00-04:00,24.860000610351562,25.56999969482422,24.850000381469727,24.920000076293945,3052900,0.0,0.0
2026-07-16 00:00:00-04:00,24.920000076293945,26.06999969482422,24.920000076293945,26.010000228881836,3169100,0.0,0.0
2026-07-17 00:00:00-04:00,26.059999465942383,26.540000915527344,25.030000686645508,25.3799991607666,2850700,0.0,0.0
2026-07-20 00:00:00-04:00,25.420000076293945,25.469999313354492,24.729999542236328,25.040000915527344,2604300,0.0,0.0
2026-07-21 00:00:00-04:00,24.860000610351562,25.09000015258789,24.540000915527344,24.920000076293945,2204400,0.0,0.0
2026-07-22 00:00:00-04:00,25.229999542236328,25.540000915527344,25.110000610351562,25.190000534057617,1933100,0.0,0.0
2026-07-23 00:00:00-04:00,24.989999771118164,25.200000762939453,24.649999618530273,24.81999969482422,3868900,0.0,0.0
2026-07-24 00:00:00-04:00,25.100000381469727,25.920000076293945,24.959999084472656,25.81999969482422,1949400,0.0,0.0
2026-07-27 00:00:00-04:00,26.010000228881836,26.420000076293945,25.969999313354492,26.25,3108200,0.0,0.0
2026-07-28 00:00:00-04:00,26.75,27.280000686645508,26.530000686645508,26.559999465942383,2045800,0.0,0.0
2026-07-29 00:00:00-04:00,26.600000381469727,26.799999237060547,26.09000015258789,26.389999389648438,2726400,0.0,0.0
2026-07-30 00:00:00-04:00,22.670000076293945,22.969999313354492,21.170000076293945,22.600000381469727,9797800,0.0,0.0
2026-07-31 00:00:00-04:00,22.719999313354492,23.149999618530273,22.0,22.450000762939453,5269400,0.0,0.0
2026-08-03 00:00:00-04:00,22.780000686645508,23.610000610351562,22.780000686645508,23.350000381469727,5178600,0.0,0.0
2026-08-04 00:00:00-04:00,23.420000076293945,24.510000228881836,23.350000381469727,24.489999771118164,4169087,0.0,0.0
