Date,Open,High,Low,Close,Volume,Dividends,Stock Splits
2022-01-03 00:00:00-05:00,93600.0,96300.0,92520.0,96300.0,1,0.0,0.0
2022-01-04 00:00:00-05:00,95400.0,95400.0,92250.0,94950.0,1,0.0,0.0
2022-01-05 00:00:00-05:00,92700.0,93825.0,88650.0,89550.0,2,0.0,0.0
2022-01-06 00:00:00-05:00,89550.0,90495.0,86400.0,87750.0,1,0.0,0.0
2022-01-07 00:00:00-05:00,89100.0,89100.0,84150.0,85500.0,2,0.0,0.0
2022-01-10 00:00:00-05:00,83700.0,85050.0,81990.0,84600.0,1,0.0,0.0
2022-01-11 00:00:00-05:00,83250.0,89100.0,82800.0,88650.0,2,0.0,0.0
2022-01-12 00:00:00-05:00,89100.0,89550.0,85950.0,85950.0,1,0.0,0.0
2022-01-13 00:00:00-05:00,84600.0,85500.0,81450.0,84150.0,2,0.0,0.0
2022-01-14 00:00:00-05:00,82350.0,84150.0,76950.0,80550.0,3,0.0,0.0
2022-01-18 00:00:00-05:00,80100.0,80100.0,72900.0,73800.0,2,0.0,0.0
2022-01-19 00:00:00-05:00,73800.0,74250.0,72000.0,73350.0,2,0.0,0.0
2022-01-20 00:00:00-05:00,72450.0,74250.0,72000.0,72765.0,1,0.0,0.0
2022-01-21 00:00:00-05:00,72900.0,72900.0,58500.0,60300.0,5,0.0,0.0
2022-01-24 00:00:00-05:00,60300.0,60750.0,51975.0,55800.0,5,0.0,0.0
2022-01-25 00:00:00-05:00,52200.0,55125.0,51300.0,52200.0,3,0.0,0.0
2022-01-26 00:00:00-05:00,52650.0,56295.0,52200.0,55350.0,3,0.0,0.0
2022-01-27 00:00:00-05:00,56250.0,56250.0,50400.0,52425.0,4,0.0,0.0
2022-01-28 00:00:00-05:00,51300.0,54900.0,51300.0,54495.0,2,0.0,0.0
2022-01-31 00:00:00-05:00,54900.0,63000.0,54900.0,62100.0,6,0.0,0.0
2022-02-01 00:00:00-05:00,63900.0,65925.0,58095.0,65250.0,5,0.0,0.0
2022-02-02 00:00:00-05:00,67050.0,78750.0,65700.0,75600.0,26,0.0,0.0
2022-02-03 00:00:00-05:00,74250.0,74250.0,66600.0,68400.0,6,0.0,0.0
2022-02-04 00:00:00-05:00,66600.0,70200.0,65745.0,67950.0,3,0.0,0.0
2022-02-07 00:00:00-05:00,67050.0,68850.0,57600.0,63900.0,4,0.0,0.0
2022-02-08 00:00:00-05:00,63900.0,64800.0,59850.0,64800.0,2,0.0,0.0
2022-02-09 00:00:00-05:00,61650.0,69300.0,61650.0,67050.0,4,0.0,0.0
2022-02-10 00:00:00-05:00,67500.0,72450.0,67500.0,71100.0,5,0.0,0.0
2022-02-11 00:00:00-05:00,69750.0,72000.0,68850.0,70200.0,2,0.0,0.0
2022-02-14 00:00:00-05:00,70200.0,72000.0,68850.0,70650.0,2,0.0,0.0
2022-02-15 00:00:00-05:00,85050.0,91800.0,75150.0,78750.0,520,0.0,0.0
2022-02-16 00:00:00-05:00,72000.0,75600.0,68850.0,74250.0,26,0.0,0.0
2022-02-17 00:00:00-05:00,73350.0,78750.0,71100.0,78300.0,10,0.0,0.0
2022-02-18 00:00:00-05:00,78300.0,85950.0,75600.0,82350.0,12,0.0,0.0
2022-02-22 00:00:00-05:00,82350.0,83385.0,73350.0,78300.0,9,0.0,0.0
2022-02-23 00:00:00-05:00,77400.0,78750.0,67950.0,69750.0,3,0.0,0.0
2022-02-24 00:00:00-05:00,63450.0,65250.0,54000.0,64800.0,7,0.0,0.0
2022-02-25 00:00:00-05:00,65250.0,72000.0,64350.0,69750.0,4,0.0,0.0
2022-02-28 00:00:00-05:00,68850.0,72900.0,63000.0,66600.0,3,0.0,0.0
2022-03-01 00:00:00-05:00,69750.0,72450.0,67500.0,69300.0,2,0.0,0.0
2022-03-02 00:00:00-05:00,68850.0,75150.0,68400.0,74700.0,1,0.0,0.0
2022-03-03 00:00:00-05:00,78300.0,78300.0,72000.0,76500.0,11,0.0,0.0
2022-03-04 00:00:00-05:00,79200.0,89100.0,78750.0,80550.0,16,0.0,0.0
2022-03-07 00:00:00-05:00,83700.0,94050.0,81450.0,90900.0,31,0.0,0.0
2022-03-08 00:00:00-05:00,89550.0,90000.0,73800.0,77850.0,13,0.0,0.0
2022-03-09 00:00:00-05:00,77850.0,77850.0,71100.0,76050.0,5,0.0,0.0
2022-03-10 00:00:00-05:00,95850.0,231300.0,90900.0,153900.0,5607,0.0,0.0
2022-03-11 00:00:00-05:00,135900.0,154575.0,125100.0,141750.0,388,0.0,0.0
2022-03-14 00:00:00-04:00,172800.0,219600.0,158850.0,178200.0,2526,0.0,0.0
2022-03-15 00:00:00-04:00,180450.0,194400.0,160650.0,169200.0,655,0.0,0.0
2022-03-16 00:00:00-04:00,149850.0,153900.0,135450.0,151650.0,161,0.0,0.0
2022-03-17 00:00:00-04:00,141300.0,157050.0,137700.0,153450.0,95,0.0,0.0
2022-03-18 00:00:00-04:00,155700.0,170100.0,146700.0,162450.0,80,0.0,0.0
2022-03-21 00:00:00-04:00,158400.0,184500.0,148050.0,162450.0,167,0.0,0.0
2022-03-22 00:00:00-04:00,157950.0,162000.0,144900.0,144900.0,59,0.0,0.0
2022-03-23 00:00:00-04:00,146250.0,171900.0,146250.0,163800.0,87,0.0,0.0
2022-03-24 00:00:00-04:00,160650.0,232200.0,158400.0,220950.0,560,0.0,0.0
2022-03-25 00:00:00-04:00,250650.0,274500.0,195750.0,197550.0,865,0.0,0.0
2022-03-28 00:00:00-04:00,187875.0,193050.0,170550.0,173700.0,94,0.0,0.0
2022-03-29 00:00:00-04:00,166500.0,172800.0,158400.0,162000.0,48,0.0,0.0
2022-03-30 00:00:00-04:00,159750.0,184050.0,146700.0,150750.0,84,0.0,0.0
2022-03-31 00:00:00-04:00,153900.0,155250.0,137700.0,138600.0,56,0.0,0.0
2022-04-01 00:00:00-04:00,139950.0,149985.0,138510.0,141750.0,25,0.0,0.0
2022-04-04 00:00:00-04:00,144000.0,162000.0,141750.0,149850.0,57,0.0,0.0
2022-04-05 00:00:00-04:00,146700.0,154350.0,144000.0,146700.0,26,0.0,0.0
2022-04-06 00:00:00-04:00,147150.0,158850.0,138600.0,157050.0,34,0.0,0.0
2022-04-07 00:00:00-04:00,158850.0,172350.0,149400.0,159300.0,55,0.0,0.0
2022-04-08 00:00:00-04:00,154350.0,157950.0,147150.0,155700.0,18,0.0,0.0
2022-04-11 00:00:00-04:00,155250.0,155430.0,143550.0,143550.0,15,0.0,0.0
2022-04-12 00:00:00-04:00,143550.0,148500.0,97650.0,101700.0,66,0.0,0.0
2022-04-13 00:00:00-04:00,102150.0,116460.0,102150.0,107550.0,31,0.0,0.0
2022-04-14 00:00:00-04:00,105300.0,106650.0,95400.0,99450.0,19,0.0,0.0
2022-04-18 00:00:00-04:00,99000.0,130500.0,98100.0,117450.0,213,0.0,0.0
2022-04-19 00:00:00-04:00,111150.0,112050.0,104850.0,108900.0,20,0.0,0.0
2022-04-20 00:00:00-04:00,120150.0,120150.0,103275.0,103500.0,77,0.0,0.0
2022-04-21 00:00:00-04:00,101700.0,105750.0,97650.0,105750.0,21,0.0,0.0
2022-04-22 00:00:00-04:00,104850.0,105750.0,98550.0,100350.0,11,0.0,0.0
2022-04-25 00:00:00-04:00,96750.0,106650.0,96750.0,104850.0,15,0.0,0.0
2022-04-26 00:00:00-04:00,102600.0,107550.0,100350.0,101700.0,8,0.0,0.0
2022-04-27 00:00:00-04:00,101250.0,101880.0,95850.0,96300.0,9,0.0,0.0
2022-04-28 00:00:00-04:00,96300.0,96300.0,85500.0,85950.0,20,0.0,0.0
2022-04-29 00:00:00-04:00,85500.0,92250.0,85500.0,87300.0,8,0.0,0.0
2022-05-02 00:00:00-04:00,85950.0,88650.0,79200.0,81900.0,12,0.0,0.0
2022-05-03 00:00:00-04:00,83250.0,90450.0,79650.0,89550.0,18,0.0,0.0
2022-05-04 00:00:00-04:00,91350.0,91350.0,79650.0,82800.0,22,0.0,0.0
2022-05-05 00:00:00-04:00,81900.0,81900.0,78750.0,79200.0,8,0.0,0.0
2022-05-06 00:00:00-04:00,79200.0,79650.0,74250.0,74700.0,5,0.0,0.0
2022-05-09 00:00:00-04:00,71550.0,71550.0,66150.0,66150.0,10,0.0,0.0
2022-05-10 00:00:00-04:00,66600.0,72450.0,64350.0,67950.0,6,0.0,0.0
2022-05-11 00:00:00-04:00,69300.0,72720.0,64080.0,65250.0,18,0.0,0.0
2022-05-12 00:00:00-04:00,59400.0,71100.0,59400.0,68400.0,49,0.0,0.0
2022-05-13 00:00:00-04:00,67500.0,75600.0,66600.0,75150.0,14,0.0,0.0
2022-05-16 00:00:00-04:00,89550.0,126000.0,86400.0,124650.0,2136,0.0,0.0
2022-05-17 00:00:00-04:00,106650.0,123300.0,101250.0,120600.0,542,0.0,0.0
2022-05-18 00:00:00-04:00,134550.0,140850.0,116100.0,131400.0,1268,0.0,0.0
2022-05-19 00:00:00-04:00,119250.0,133650.0,114300.0,117900.0,180,0.0,0.0
2022-05-20 00:00:00-04:00,118350.0,135450.0,115200.0,132300.0,179,0.0,0.0
2022-05-23 00:00:00-04:00,139950.0,152100.0,133200.0,137700.0,347,0.0,0.0
2022-05-24 00:00:00-04:00,137250.0,137250.0,119250.0,126450.0,109,0.0,0.0
2022-05-25 00:00:00-04:00,121050.0,137700.0,121050.0,135450.0,80,0.0,0.0
2022-05-26 00:00:00-04:00,135000.0,141750.0,124650.0,128250.0,76,0.0,0.0
2022-05-27 00:00:00-04:00,127800.0,130050.0,122850.0,126000.0,33,0.0,0.0
2022-05-31 00:00:00-04:00,126450.0,126450.0,111150.0,113850.0,44,0.0,0.0
2022-06-01 00:00:00-04:00,111150.0,112950.0,105750.0,108900.0,24,0.0,0.0
2022-06-02 00:00:00-04:00,112950.0,116100.0,108225.0,114750.0,19,0.0,0.0
2022-06-03 00:00:00-04:00,115200.0,115650.0,105975.0,108450.0,19,0.0,0.0
2022-06-06 00:00:00-04:00,112950.0,115650.0,105750.0,106650.0,26,0.0,0.0
2022-06-07 00:00:00-04:00,105300.0,105750.0,94950.0,99900.0,20,0.0,0.0
2022-06-08 00:00:00-04:00,99000.0,109350.0,98550.0,103950.0,35,0.0,0.0
2022-06-09 00:00:00-04:00,102150.0,104850.0,93600.0,95400.0,18,0.0,0.0
2022-06-10 00:00:00-04:00,93150.0,94950.0,87750.0,89100.0,14,0.0,0.0
2022-06-13 00:00:00-04:00,83700.0,119700.0,83250.0,104400.0,187,0.0,0.0
2022-06-14 00:00:00-04:00,102150.0,104535.0,90450.0,95400.0,28,0.0,0.0
2022-06-15 00:00:00-04:00,94500.0,102060.0,92430.0,95850.0,31,0.0,0.0
2022-06-16 00:00:00-04:00,95850.0,111150.0,91440.0,107100.0,65,0.0,0.0
2022-06-17 00:00:00-04:00,103500.0,116550.0,101700.0,106650.0,56,0.0,0.0
2022-06-21 00:00:00-04:00,108900.0,115650.0,108450.0,111600.0,27,0.0,0.0
2022-06-22 00:00:00-04:00,110250.0,114300.0,105750.0,112050.0,16,0.0,0.0
2022-06-23 00:00:00-04:00,110250.0,125775.0,110250.0,123750.0,28,0.0,0.0
2022-06-24 00:00:00-04:00,121500.0,125100.0,112275.0,112500.0,20,0.0,0.0
2022-06-27 00:00:00-04:00,113850.0,117900.0,110250.0,112500.0,10,0.0,0.0
2022-06-28 00:00:00-04:00,112500.0,112500.0,99900.0,104850.0,12,0.0,0.0
2022-06-29 00:00:00-04:00,103950.0,104580.0,98100.0,99900.0,5,0.0,0.0
2022-06-30 00:00:00-04:00,100350.0,108900.0,94950.0,103950.0,28,0.0,0.0
2022-07-01 00:00:00-04:00,102600.0,103950.0,98100.0,102600.0,7,0.0,0.0
2022-07-05 00:00:00-04:00,99900.0,102060.0,97200.0,99900.0,5,0.0,0.0
2022-07-06 00:00:00-04:00,99000.0,99450.0,90900.0,92250.0,6,0.0,0.0
2022-07-07 00:00:00-04:00,90450.0,95400.0,90450.0,94500.0,6,0.0,0.0
2022-07-08 00:00:00-04:00,92700.0,101250.0,92700.0,100800.0,7,0.0,0.0
2022-07-11 00:00:00-04:00,101700.0,101700.0,93825.0,95850.0,5,0.0,0.0
2022-07-12 00:00:00-04:00,95850.0,97245.0,90990.0,91350.0,6,0.0,0.0
2022-07-13 00:00:00-04:00,90450.0,93150.0,90000.0,92700.0,3,0.0,0.0
2022-07-14 00:00:00-04:00,90000.0,91350.0,88200.0,91350.0,4,0.0,0.0
2022-07-15 00:00:00-04:00,92250.0,92250.0,89145.0,91350.0,3,0.0,0.0
2022-07-18 00:00:00-04:00,94050.0,94095.0,89775.0,90000.0,3,0.0,0.0
2022-07-19 00:00:00-04:00,90000.0,91350.0,87525.0,88200.0,4,0.0,0.0
2022-07-20 00:00:00-04:00,89550.0,91800.0,88200.0,89550.0,4,0.0,0.0
2022-07-21 00:00:00-04:00,90450.0,98685.0,89550.0,96750.0,8,0.0,0.0
2022-07-22 00:00:00-04:00,96750.0,96750.0,87300.0,88200.0,6,0.0,0.0
2022-07-25 00:00:00-04:00,90450.0,92025.0,88200.0,90450.0,3,0.0,0.0
2022-07-26 00:00:00-04:00,90000.0,90000.0,81000.0,82800.0,9,0.0,0.0
2022-07-27 00:00:00-04:00,82800.0,87300.0,81450.0,82350.0,4,0.0,0.0
2022-07-28 00:00:00-04:00,84600.0,84600.0,81000.0,82350.0,3,0.0,0.0
2022-07-29 00:00:00-04:00,81450.0,86400.0,81450.0,82350.0,3,0.0,0.0
2022-08-01 00:00:00-04:00,84150.0,85050.0,82800.0,83250.0,3,0.0,0.0
2022-08-02 00:00:00-04:00,82800.0,84600.0,81900.0,82800.0,3,0.0,0.0
2022-08-03 00:00:00-04:00,83250.0,83700.0,81000.0,81450.0,4,0.0,0.0
2022-08-04 00:00:00-04:00,81000.0,82350.0,78750.0,79200.0,3,0.0,0.0
2022-08-05 00:00:00-04:00,78750.0,81900.0,78750.0,80550.0,3,0.0,0.0
2022-08-08 00:00:00-04:00,80100.0,82350.0,79200.0,80100.0,3,0.0,0.0
2022-08-09 00:00:00-04:00,79650.0,81000.0,74250.0,75150.0,4,0.0,0.0
2022-08-10 00:00:00-04:00,76500.0,80100.0,75600.0,76950.0,3,0.0,0.0
2022-08-11 00:00:00-04:00,76500.0,80550.0,76050.0,76950.0,3,0.0,0.0
2022-08-12 00:00:00-04:00,76950.0,79650.0,76050.0,79200.0,2,0.0,0.0
2022-08-15 00:00:00-04:00,81000.0,81450.0,77850.0,81000.0,3,0.0,0.0
2022-08-16 00:00:00-04:00,79200.0,81450.0,78795.0,80550.0,2,0.0,0.0
2022-08-17 00:00:00-04:00,79650.0,81000.0,78750.0,80100.0,2,0.0,0.0
2022-08-18 00:00:00-04:00,77850.0,90000.0,77850.0,78300.0,19,0.0,0.0
2022-08-19 00:00:00-04:00,78300.0,78300.0,71550.0,72450.0,5,0.0,0.0
2022-08-22 00:00:00-04:00,72450.0,78300.0,69750.0,76500.0,5,0.0,0.0
2022-08-23 00:00:00-04:00,76500.0,87300.0,75600.0,83700.0,22,0.0,0.0
2022-08-24 00:00:00-04:00,87300.0,94500.0,83700.0,87300.0,16,0.0,0.0
2022-08-25 00:00:00-04:00,84600.0,91800.0,82800.0,86400.0,11,0.0,0.0
2022-08-26 00:00:00-04:00,87300.0,88650.0,82350.0,83250.0,4,0.0,0.0
2022-08-29 00:00:00-04:00,81900.0,89550.0,81000.0,83700.0,14,0.0,0.0
2022-08-30 00:00:00-04:00,84150.0,84600.0,76500.0,78300.0,5,0.0,0.0
2022-08-31 00:00:00-04:00,83700.0,87750.0,80100.0,84600.0,13,0.0,0.0
2022-09-01 00:00:00-04:00,83700.0,86940.0,80100.0,81900.0,10,0.0,0.0
2022-09-02 00:00:00-04:00,81450.0,94050.0,81450.0,87750.0,12,0.0,0.0
2022-09-06 00:00:00-04:00,90900.0,92250.0,83250.0,85500.0,5,0.0,0.0
2022-09-07 00:00:00-04:00,85500.0,89775.0,83160.0,86850.0,9,0.0,0.0
2022-09-08 00:00:00-04:00,87300.0,87300.0,79200.0,80550.0,6,0.0,0.0
2022-09-09 00:00:00-04:00,82350.0,84600.0,79200.0,81900.0,6,0.0,0.0
2022-09-12 00:00:00-04:00,81450.0,83700.0,81450.0,82350.0,2,0.0,0.0
2022-09-13 00:00:00-04:00,81000.0,81900.0,75600.0,79650.0,3,0.0,0.0
2022-09-14 00:00:00-04:00,78750.0,79110.0,72900.0,73350.0,5,0.0,0.0
2022-09-15 00:00:00-04:00,73350.0,79650.0,73350.0,75600.0,5,0.0,0.0
2022-09-16 00:00:00-04:00,73800.0,75600.0,72000.0,73800.0,3,0.0,0.0
2022-09-19 00:00:00-04:00,74475.0,76050.0,72000.0,73575.0,2,0.0,0.0
2022-09-20 00:00:00-04:00,73800.0,78750.0,72450.0,75600.0,10,0.0,0.0
2022-09-21 00:00:00-04:00,80550.0,92655.0,78750.0,79650.0,417,0.0,0.0
2022-09-22 00:00:00-04:00,73800.0,73800.0,61200.0,66600.0,39,0.0,0.0
2022-09-23 00:00:00-04:00,65700.0,66240.0,61650.0,65700.0,10,0.0,0.0
2022-09-26 00:00:00-04:00,64800.0,65700.0,61650.0,63000.0,5,0.0,0.0
2022-09-27 00:00:00-04:00,64350.0,64350.0,62100.0,63450.0,3,0.0,0.0
2022-09-28 00:00:00-04:00,63900.0,67050.0,62550.0,66600.0,5,0.0,0.0
2022-09-29 00:00:00-04:00,63900.0,66600.0,63000.0,65700.0,3,0.0,0.0
2022-09-30 00:00:00-04:00,65700.0,69300.0,63000.0,67500.0,4,0.0,0.0
2022-10-03 00:00:00-04:00,68850.0,68850.0,65700.0,67950.0,2,0.0,0.0
2022-10-04 00:00:00-04:00,66600.0,71550.0,66600.0,70650.0,4,0.0,0.0
2022-10-05 00:00:00-04:00,69750.0,71100.0,68850.0,70650.0,1,0.0,0.0
2022-10-06 00:00:00-04:00,71100.0,71550.0,66915.0,69570.0,4,0.0,0.0
2022-10-07 00:00:00-04:00,68400.0,69750.0,65700.0,66150.0,2,0.0,0.0
2022-10-10 00:00:00-04:00,67050.0,69750.0,64440.0,67500.0,5,0.0,0.0
2022-10-11 00:00:00-04:00,67950.0,67950.0,63450.0,64800.0,2,0.0,0.0
2022-10-12 00:00:00-04:00,63450.0,63900.0,57600.0,58725.0,8,0.0,0.0
2022-10-13 00:00:00-04:00,58050.0,60750.0,58050.0,60300.0,5,0.0,0.0
2022-10-14 00:00:00-04:00,59400.0,60750.0,58050.0,58500.0,3,0.0,0.0
2022-10-17 00:00:00-04:00,58500.0,60750.0,58050.0,59400.0,2,0.0,0.0
2022-10-18 00:00:00-04:00,59400.0,60300.0,58050.0,59400.0,2,0.0,0.0
2022-10-19 00:00:00-04:00,59400.0,59850.0,57150.0,57645.0,2,0.0,0.0
2022-10-20 00:00:00-04:00,58050.0,58050.0,53550.0,54900.0,3,0.0,0.0
2022-10-21 00:00:00-04:00,55350.0,55350.0,51300.0,54000.0,2,0.0,0.0
2022-10-24 00:00:00-04:00,54000.0,54225.0,50850.0,52200.0,2,0.0,0.0
2022-10-25 00:00:00-04:00,50850.0,54450.0,49950.0,52200.0,4,0.0,0.0
2022-10-26 00:00:00-04:00,51750.0,55800.0,51300.0,52650.0,6,0.0,0.0
2022-10-27 00:00:00-04:00,52650.0,53550.0,50850.0,51750.0,6,0.0,0.0
2022-10-28 00:00:00-04:00,51300.0,53100.0,50400.0,53100.0,3,0.0,0.0
2022-10-31 00:00:00-04:00,56700.0,62100.0,54000.0,55350.0,22,0.0,0.0
2022-11-01 00:00:00-04:00,54450.0,57150.0,53550.0,54900.0,4,0.0,0.0
2022-11-02 00:00:00-04:00,53550.0,53550.0,49950.0,50850.0,4,0.0,0.0
2022-11-03 00:00:00-04:00,51750.0,52200.0,49950.0,52200.0,2,0.0,0.0
2022-11-04 00:00:00-04:00,51300.0,54000.0,50400.0,51750.0,2,0.0,0.0
2022-11-07 00:00:00-05:00,52650.0,53100.0,50400.0,52200.0,2,0.0,0.0
2022-11-08 00:00:00-05:00,52200.0,52650.0,49950.0,50850.0,3,0.0,0.0
2022-11-09 00:00:00-05:00,51300.0,51300.0,49500.0,50400.0,1,0.0,0.0
2022-11-10 00:00:00-05:00,50400.0,52200.0,44100.0,44550.0,7,0.0,0.0
2022-11-11 00:00:00-05:00,46350.0,46350.0,41850.0,44100.0,5,0.0,0.0
2022-11-14 00:00:00-05:00,45000.0,45900.0,43200.0,43920.0,4,0.0,0.0
2022-11-15 00:00:00-05:00,45900.0,49950.0,43920.0,47700.0,10,0.0,0.0
2022-11-16 00:00:00-05:00,48600.0,48600.0,46800.0,47700.0,3,0.0,0.0
2022-11-17 00:00:00-05:00,46350.0,52650.0,45000.0,49500.0,3,0.0,0.0
2022-11-18 00:00:00-05:00,47700.0,53100.0,47340.0,51300.0,4,0.0,0.0
2022-11-21 00:00:00-05:00,51750.0,56250.0,50850.0,56250.0,3,0.0,0.0
2022-11-22 00:00:00-05:00,56250.0,57150.0,53550.0,53550.0,3,0.0,0.0
2022-11-23 00:00:00-05:00,53550.0,55800.0,49500.0,49950.0,4,0.0,0.0
2022-11-25 00:00:00-05:00,51750.0,52875.0,50715.0,52650.0,0,0.0,0.0
2022-11-28 00:00:00-05:00,54000.0,62100.0,51750.0,58950.0,7,0.0,0.0
2022-11-29 00:00:00-05:00,60300.0,60300.0,56250.0,58950.0,4,0.0,0.0
2022-11-30 00:00:00-05:00,57600.0,60300.0,57240.0,59850.0,3,0.0,0.0
2022-12-01 00:00:00-05:00,62550.0,62550.0,58500.0,60300.0,1,0.0,0.0
2022-12-02 00:00:00-05:00,59850.0,64800.0,59850.0,62100.0,2,0.0,0.0
2022-12-05 00:00:00-05:00,60300.0,61650.0,55800.0,58050.0,2,0.0,0.0
2022-12-06 00:00:00-05:00,58050.0,59850.0,51750.0,55800.0,2,0.0,0.0
2022-12-07 00:00:00-05:00,54000.0,54000.0,48150.0,49950.0,2,0.0,0.0
2022-12-08 00:00:00-05:00,51750.0,51750.0,47250.0,48150.0,2,0.0,0.0
2022-12-09 00:00:00-05:00,48600.0,50355.0,46800.0,47700.0,1,0.0,0.0
2022-12-12 00:00:00-05:00,46350.0,48600.0,46350.0,46350.0,1,0.0,0.0
2022-12-13 00:00:00-05:00,49500.0,50040.0,47250.0,49500.0,2,0.0,0.0
2022-12-14 00:00:00-05:00,51300.0,51615.0,49050.0,49950.0,1,0.0,0.0
2022-12-15 00:00:00-05:00,49500.0,51300.0,47250.0,48600.0,2,0.0,0.0
2022-12-16 00:00:00-05:00,45900.0,51255.0,45900.0,50850.0,1,0.0,0.0
2022-12-19 00:00:00-05:00,51300.0,52650.0,48150.0,50625.0,2,0.0,0.0
2022-12-20 00:00:00-05:00,49050.0,49500.0,47700.0,48150.0,1,0.0,0.0
2022-12-21 00:00:00-05:00,49500.0,52650.0,46710.0,49500.0,1,0.0,0.0
2022-12-22 00:00:00-05:00,51750.0,52650.0,48600.0,48870.0,2,0.0,0.0
2022-12-23 00:00:00-05:00,47700.0,48150.0,45450.0,46350.0,1,0.0,0.0
2022-12-27 00:00:00-05:00,46080.0,46350.0,45000.0,46350.0,2,0.0,0.0
2022-12-28 00:00:00-05:00,46800.0,49950.0,45900.0,48600.0,2,0.0,0.0
2022-12-29 00:00:00-05:00,51750.0,51750.0,47700.0,49950.0,2,0.0,0.0
2022-12-30 00:00:00-05:00,49500.0,52200.0,48600.0,50850.0,2,0.0,0.0
2023-01-03 00:00:00-05:00,50400.0,50445.0,47250.0,49050.0,1,0.0,0.0
2023-01-04 00:00:00-05:00,48600.0,53100.0,48150.0,51795.0,2,0.0,0.0
2023-01-05 00:00:00-05:00,50850.0,52200.0,49500.0,49500.0,3,0.0,0.0
2023-01-06 00:00:00-05:00,51750.0,51750.0,49050.0,50400.0,1,0.0,0.0
2023-01-09 00:00:00-05:00,52650.0,54450.0,49950.0,54450.0,3,0.0,0.0
2023-01-10 00:00:00-05:00,54450.0,56250.0,52200.0,56250.0,2,0.0,0.0
2023-01-11 00:00:00-05:00,54900.0,60300.0,54000.0,59220.0,2,0.0,0.0
2023-01-12 00:00:00-05:00,60750.0,60750.0,52650.0,53100.0,7,0.0,0.0
2023-01-13 00:00:00-05:00,54000.0,61200.0,53460.0,54450.0,11,0.0,0.0
2023-01-17 00:00:00-05:00,57150.0,75600.0,57150.0,72000.0,57,0.0,0.0
2023-01-18 00:00:00-05:00,72000.0,72000.0,52650.0,54900.0,24,0.0,0.0
2023-01-19 00:00:00-05:00,54450.0,56250.0,53100.0,55800.0,3,0.0,0.0
2023-01-20 00:00:00-05:00,56250.0,58500.0,54225.0,57465.0,4,0.0,0.0
2023-01-23 00:00:00-05:00,56700.0,66600.0,56700.0,64800.0,42,0.0,0.0
2023-01-24 00:00:00-05:00,68400.0,70650.0,56700.0,59850.0,44,0.0,0.0
2023-01-25 00:00:00-05:00,58050.0,58500.0,54000.0,56250.0,13,0.0,0.0
2023-01-26 00:00:00-05:00,57600.0,58050.0,54450.0,56250.0,5,0.0,0.0
2023-01-27 00:00:00-05:00,55350.0,58500.0,55350.0,57825.0,6,0.0,0.0
2023-01-30 00:00:00-05:00,56700.0,58050.0,55350.0,55800.0,4,0.0,0.0
2023-01-31 00:00:00-05:00,56250.0,56250.0,54000.0,55800.0,4,0.0,0.0
2023-02-01 00:00:00-05:00,56700.0,57375.0,54585.0,57150.0,5,0.0,0.0
2023-02-02 00:00:00-05:00,56700.0,58500.0,55350.0,56250.0,5,0.0,0.0
2023-02-03 00:00:00-05:00,55350.0,58050.0,55350.0,57600.0,4,0.0,0.0
2023-02-06 00:00:00-05:00,55800.0,57600.0,55350.0,55350.0,5,0.0,0.0
2023-02-07 00:00:00-05:00,55800.0,56700.0,53145.0,55350.0,3,0.0,0.0
2023-02-08 00:00:00-05:00,54900.0,56520.0,54900.0,54900.0,2,0.0,0.0
2023-02-09 00:00:00-05:00,54000.0,55800.0,47250.0,49050.0,9,0.0,0.0
2023-02-10 00:00:00-05:00,49500.0,53550.0,49500.0,50400.0,5,0.0,0.0
2023-02-13 00:00:00-05:00,51750.0,52830.0,50850.0,51750.0,1,0.0,0.0
2023-02-14 00:00:00-05:00,51750.0,53550.0,51300.0,53550.0,1,0.0,0.0
2023-02-15 00:00:00-05:00,52650.0,53280.0,50400.0,52200.0,1,0.0,0.0
2023-02-16 00:00:00-05:00,53100.0,53100.0,49500.0,50850.0,2,0.0,0.0
2023-02-17 00:00:00-05:00,50850.0,51750.0,49050.0,50400.0,3,0.0,0.0
2023-02-21 00:00:00-05:00,50400.0,50400.0,49050.0,49950.0,1,0.0,0.0
2023-02-22 00:00:00-05:00,48150.0,50400.0,48150.0,49050.0,2,0.0,0.0
2023-02-23 00:00:00-05:00,49050.0,50760.0,48150.0,49050.0,1,0.0,0.0
2023-02-24 00:00:00-05:00,48150.0,50400.0,47700.0,49095.0,2,0.0,0.0
2023-02-27 00:00:00-05:00,49500.0,50400.0,48600.0,49500.0,2,0.0,0.0
2023-02-28 00:00:00-05:00,49500.0,49950.0,48600.0,49500.0,1,0.0,0.0
2023-03-01 00:00:00-05:00,49500.0,50220.0,48600.0,48600.0,1,0.0,0.0
2023-03-02 00:00:00-05:00,48600.0,54450.0,44550.0,47250.0,29,0.0,0.0
2023-03-03 00:00:00-05:00,46350.0,48330.0,45450.0,45900.0,3,0.0,0.0
2023-03-06 00:00:00-05:00,45450.0,46350.0,45450.0,46350.0,3,0.0,0.0
2023-03-07 00:00:00-05:00,47250.0,47250.0,45900.0,46800.0,1,0.0,0.0
2023-03-08 00:00:00-05:00,46350.0,46800.0,45000.0,45450.0,1,0.0,0.0
2023-03-09 00:00:00-05:00,45450.0,45675.0,44550.0,44550.0,3,0.0,0.0
2023-03-10 00:00:00-05:00,44190.0,44550.0,41850.0,43200.0,2,0.0,0.0
2023-03-13 00:00:00-04:00,41850.0,43200.0,37620.0,39060.0,6,0.0,0.0
2023-03-14 00:00:00-04:00,40230.0,40500.0,37350.0,38025.0,2,0.0,0.0
2023-03-15 00:00:00-04:00,38250.0,38250.0,33795.0,35550.0,2,0.0,0.0
2023-03-16 00:00:00-04:00,34200.0,36675.0,34065.0,36000.0,2,0.0,0.0
2023-03-17 00:00:00-04:00,35685.0,35685.0,31950.0,33300.0,3,0.0,0.0
2023-03-20 00:00:00-04:00,33750.0,34515.0,31950.0,32175.0,2,0.0,0.0
2023-03-21 00:00:00-04:00,32850.0,33300.0,29250.0,31500.0,3,0.0,0.0
2023-03-22 00:00:00-04:00,31500.0,31950.0,30600.0,31050.0,1,0.0,0.0
2023-03-23 00:00:00-04:00,31500.0,33750.0,31500.0,32400.0,2,0.0,0.0
2023-03-24 00:00:00-04:00,33750.0,34200.0,31500.0,31500.0,1,0.0,0.0
2023-03-27 00:00:00-04:00,33750.0,33750.0,30150.0,30600.0,2,0.0,0.0
2023-03-28 00:00:00-04:00,30600.0,31500.0,28350.0,28350.0,2,0.0,0.0
2023-03-29 00:00:00-04:00,29250.0,30375.0,28800.0,30150.0,2,0.0,0.0
2023-03-30 00:00:00-04:00,31500.0,31500.0,29250.0,30465.0,2,0.0,0.0
2023-03-31 00:00:00-04:00,31500.0,31500.0,30465.0,31230.0,1,0.0,0.0
2023-04-03 00:00:00-04:00,31275.0,33750.0,30825.0,31320.0,1,0.0,0.0
2023-04-04 00:00:00-04:00,30600.0,30735.0,29250.0,29250.0,1,0.0,0.0
2023-04-05 00:00:00-04:00,29250.0,30150.0,27045.0,28125.0,3,0.0,0.0
2023-04-06 00:00:00-04:00,28350.0,30150.0,27135.0,29700.0,2,0.0,0.0
2023-04-10 00:00:00-04:00,29250.0,31860.0,28800.0,31500.0,1,0.0,0.0
2023-04-11 00:00:00-04:00,31950.0,34425.0,31590.0,34425.0,1,0.0,0.0
2023-04-12 00:00:00-04:00,35100.0,35100.0,30870.0,32175.0,2,0.0,0.0
2023-04-13 00:00:00-04:00,31950.0,32175.0,27450.0,29250.0,3,0.0,0.0
2023-04-14 00:00:00-04:00,30150.0,31500.0,28350.0,29250.0,3,0.0,0.0
2023-04-17 00:00:00-04:00,28800.0,29385.0,27270.0,28575.0,2,0.0,0.0
2023-04-18 00:00:00-04:00,28800.0,31050.0,27540.0,28350.0,2,0.0,0.0
2023-04-19 00:00:00-04:00,27000.0,28350.0,25335.0,27000.0,6,0.0,0.0
2023-04-20 00:00:00-04:00,27000.0,27000.0,26640.0,27000.0,1,0.0,0.0
2023-04-21 00:00:00-04:00,26100.0,27000.0,26100.0,26550.0,1,0.0,0.0
2023-04-24 00:00:00-04:00,26550.0,26550.0,24750.0,26325.0,3,0.0,0.0
2023-04-25 00:00:00-04:00,25515.0,27000.0,25515.0,26280.0,1,0.0,0.0
2023-04-26 00:00:00-04:00,26100.0,29475.0,25200.0,29385.0,1,0.0,0.0
2023-04-27 00:00:00-04:00,29385.0,29700.0,27945.0,27945.0,2,0.0,0.0
2023-04-28 00:00:00-04:00,28170.0,28170.0,27000.0,27225.0,1,0.0,0.0
2023-05-01 00:00:00-04:00,27270.0,27855.0,27270.0,27540.0,1,0.0,0.0
2023-05-02 00:00:00-04:00,27540.0,27630.0,25965.0,27360.0,1,0.0,0.0
2023-05-03 00:00:00-04:00,27000.0,27540.0,26100.0,26100.0,1,0.0,0.0
2023-05-04 00:00:00-04:00,27000.0,27000.0,24750.0,24975.0,1,0.0,0.0
2023-05-05 00:00:00-04:00,25200.0,27900.0,25200.0,26325.0,2,0.0,0.0
2023-05-08 00:00:00-04:00,27450.0,27900.0,26100.0,26100.0,1,0.0,0.0
2023-05-09 00:00:00-04:00,25200.0,26955.0,25200.0,25650.0,1,0.0,0.0
2023-05-10 00:00:00-04:00,26550.0,27450.0,24750.0,25245.0,2,0.0,0.0
2023-05-11 00:00:00-04:00,27000.0,27000.0,23265.0,23265.0,4,0.0,0.0
2023-05-12 00:00:00-04:00,23850.0,25650.0,22500.0,22500.0,1,0.0,0.0
2023-05-15 00:00:00-04:00,22050.0,22050.0,20475.0,21600.0,2,0.0,0.0
2023-05-16 00:00:00-04:00,22500.0,22725.0,21825.0,22185.0,1,0.0,0.0
2023-05-17 00:00:00-04:00,21735.0,22185.0,20340.0,20430.0,1,0.0,0.0
2023-05-18 00:00:00-04:00,22500.0,22500.0,20700.0,21600.0,1,0.0,0.0
2023-05-19 00:00:00-04:00,22050.0,22050.0,20430.0,21600.0,1,0.0,0.0
2023-05-22 00:00:00-04:00,21600.0,22050.0,20250.0,21150.0,2,0.0,0.0
2023-05-23 00:00:00-04:00,20700.0,21915.0,18000.0,19350.0,4,0.0,0.0
2023-05-24 00:00:00-04:00,19800.0,19800.0,17910.0,18450.0,2,0.0,0.0
2023-05-25 00:00:00-04:00,19350.0,19350.0,16695.0,16695.0,3,0.0,0.0
2023-05-26 00:00:00-04:00,18000.0,18000.0,16830.0,17280.0,1,0.0,0.0
2023-05-30 00:00:00-04:00,17100.0,18900.0,17100.0,18000.0,1,0.0,0.0
2023-05-31 00:00:00-04:00,18000.0,18000.0,17100.0,17550.0,0,0.0,0.0
2023-06-01 00:00:00-04:00,20250.0,20250.0,16650.0,17325.0,4,0.0,0.0
2023-06-02 00:00:00-04:00,17595.0,17595.0,13815.0,15300.0,7,0.0,0.0
2023-06-05 00:00:00-04:00,15300.0,15345.0,6300.0,8550.0,28,0.0,0.0
2023-06-06 00:00:00-04:00,9000.0,18450.0,8595.0,14085.0,431,0.0,0.0
2023-06-07 00:00:00-04:00,13950.0,17100.0,9675.0,12105.0,163,0.0,0.0
2023-06-08 00:00:00-04:00,10935.0,11430.0,9900.0,11070.0,24,0.0,0.0
2023-06-09 00:00:00-04:00,11250.0,11250.0,10395.0,10800.0,10,0.0,0.0
2023-06-12 00:00:00-04:00,11610.0,11610.0,9900.0,10575.0,11,0.0,0.0
2023-06-13 00:00:00-04:00,10575.0,11430.0,10035.0,10800.0,19,0.0,0.0
2023-06-14 00:00:00-04:00,10575.0,11160.0,10125.0,10800.0,8,0.0,0.0
2023-06-15 00:00:00-04:00,10800.0,10800.0,10350.0,10620.0,5,0.0,0.0
2023-06-16 00:00:00-04:00,10800.0,13500.0,10440.0,11610.0,33,0.0,0.0
2023-06-20 00:00:00-04:00,12150.0,12150.0,10800.0,11250.0,6,0.0,0.0
2023-06-21 00:00:00-04:00,11250.0,11250.0,10350.0,10800.0,6,0.0,0.0
2023-06-22 00:00:00-04:00,10800.0,10800.0,9900.0,10305.0,9,0.0,0.0
2023-06-23 00:00:00-04:00,10350.0,10575.0,9900.0,10530.0,3,0.0,0.0
2023-06-26 00:00:00-04:00,11025.0,11250.0,9765.0,10350.0,3,0.0,0.0
2023-06-27 00:00:00-04:00,10035.0,10125.0,9450.0,9810.0,6,0.0,0.0
2023-06-28 00:00:00-04:00,9540.0,9990.0,9090.0,9450.0,2,0.0,0.0
2023-06-29 00:00:00-04:00,9450.0,13950.0,9315.0,11250.0,150,0.0,0.0
2023-06-30 00:00:00-04:00,10800.0,10800.0,9900.0,10215.0,14,0.0,0.0
2023-07-03 00:00:00-04:00,9900.0,10350.0,9450.0,9900.0,8,0.0,0.0
2023-07-05 00:00:00-04:00,10350.0,10350.0,8910.0,9270.0,15,0.0,0.0
2023-07-06 00:00:00-04:00,9315.0,9405.0,8235.0,8775.0,10,0.0,0.0
2023-07-07 00:00:00-04:00,8820.0,8820.0,8145.0,8370.0,18,0.0,0.0
2023-07-10 00:00:00-04:00,8640.0,8640.0,7875.0,8100.0,11,0.0,0.0
2023-07-11 00:00:00-04:00,8370.0,8775.0,8100.0,8100.0,18,0.0,0.0
2023-07-12 00:00:00-04:00,8505.0,8505.0,8010.0,8235.0,11,0.0,0.0
2023-07-13 00:00:00-04:00,8235.0,8235.0,8055.0,8145.0,7,0.0,0.0
2023-07-14 00:00:00-04:00,8370.0,8370.0,7650.0,7920.0,5,0.0,0.0
2023-07-17 00:00:00-04:00,8505.0,10260.0,7920.0,8460.0,135,0.0,0.0
2023-07-18 00:00:00-04:00,8100.0,8325.0,6300.0,7065.0,56,0.0,0.0
2023-07-19 00:00:00-04:00,7065.0,7290.0,6390.0,6615.0,78,0.0,0.0
2023-07-20 00:00:00-04:00,6300.0,6705.0,5400.0,5850.0,55,0.0,0.0
2023-07-21 00:00:00-04:00,5940.0,6345.0,4995.0,5760.0,40,0.0,0.0
2023-07-24 00:00:00-04:00,5580.0,6075.0,5175.0,5985.0,37,0.0,0.0
2023-07-25 00:00:00-04:00,6390.0,6390.0,5310.0,5625.0,39,0.0,0.0
2023-07-26 00:00:00-04:00,5625.0,5625.0,5220.0,5220.0,18,0.0,0.0
2023-07-27 00:00:00-04:00,5400.0,5850.0,5355.0,5625.0,16,0.0,0.0
2023-07-28 00:00:00-04:00,5850.0,6030.0,5535.0,5580.0,24,0.0,0.0
2023-07-31 00:00:00-04:00,5940.0,6480.0,5580.0,5850.0,183,0.0,0.0
2023-08-01 00:00:00-04:00,7740.0,8370.0,5625.0,5850.0,819,0.0,0.0
2023-08-02 00:00:00-04:00,5445.0,5490.0,4995.0,5130.0,141,0.0,0.0
2023-08-03 00:00:00-04:00,4950.0,6165.0,4950.0,5445.0,177,0.0,0.0
2023-08-04 00:00:00-04:00,5265.0,6255.0,5265.0,5850.0,236,0.0,0.0
2023-08-07 00:00:00-04:00,8955.0,10035.0,6750.0,6975.0,1842,0.0,0.0
2023-08-08 00:00:00-04:00,6210.0,6660.0,5985.0,6525.0,180,0.0,0.0
2023-08-09 00:00:00-04:00,5985.0,6345.0,5625.0,6075.0,94,0.0,0.0
2023-08-10 00:00:00-04:00,5850.0,5940.0,5400.0,5625.0,61,0.0,0.0
2023-08-11 00:00:00-04:00,5580.0,6660.0,5580.0,5985.0,143,0.0,0.0
2023-08-14 00:00:00-04:00,5850.0,6030.0,5580.0,5850.0,46,0.0,0.0
2023-08-15 00:00:00-04:00,5580.0,5670.0,5220.0,5310.0,73,0.0,0.0
2023-08-16 00:00:00-04:00,5400.0,5625.0,5220.0,5490.0,61,0.0,0.0
2023-08-17 00:00:00-04:00,5445.0,5715.0,5310.0,5535.0,77,0.0,0.0
2023-08-18 00:00:00-04:00,5625.0,5625.0,5220.0,5355.0,64,0.0,0.0
2023-08-21 00:00:00-04:00,5310.0,5355.0,5040.0,5265.0,27,0.0,0.0
2023-08-22 00:00:00-04:00,5175.0,5265.0,4815.0,5085.0,46,0.0,0.0
2023-08-23 00:00:00-04:00,5130.0,5130.0,4545.0,4950.0,36,0.0,0.0
2023-08-24 00:00:00-04:00,4950.0,5310.0,4860.0,5175.0,41,0.0,0.0
2023-08-25 00:00:00-04:00,5040.0,5175.0,4725.0,4905.0,21,0.0,0.0
2023-08-28 00:00:00-04:00,4815.0,5130.0,4725.0,4770.0,18,0.0,0.0
2023-08-29 00:00:00-04:00,4590.0,4860.0,4590.0,4725.0,18,0.0,0.0
2023-08-30 00:00:00-04:00,4635.0,4950.0,4590.0,4725.0,30,0.0,0.0
2023-08-31 00:00:00-04:00,4680.0,4905.0,4635.0,4905.0,22,0.0,0.0
2023-09-01 00:00:00-04:00,4590.0,5400.0,4275.0,4500.0,81,0.0,0.0
2023-09-05 00:00:00-04:00,4635.0,4635.0,3915.0,4185.0,47,0.0,0.0
2023-09-06 00:00:00-04:00,4095.0,4230.0,3960.0,4095.0,34,0.0,0.0
2023-09-07 00:00:00-04:00,4005.0,4140.0,3690.0,3825.0,82,0.0,0.0
2023-09-08 00:00:00-04:00,3870.0,4230.0,3870.0,4050.0,52,0.0,0.0
2023-09-11 00:00:00-04:00,3825.0,4050.0,3600.0,3870.0,46,0.0,0.0
2023-09-12 00:00:00-04:00,4320.0,4320.0,3960.0,4050.0,99,0.0,0.0
2023-09-13 00:00:00-04:00,4275.0,4320.0,3825.0,4185.0,106,0.0,0.0
2023-09-14 00:00:00-04:00,4185.0,4680.0,3915.0,4590.0,838,0.0,0.0
2023-09-15 00:00:00-04:00,7200.0,8100.0,5445.0,6525.0,3384,0.0,0.0
2023-09-18 00:00:00-04:00,5670.0,5715.0,4500.0,4815.0,594,0.0,0.0
2023-09-19 00:00:00-04:00,4680.0,5085.0,4185.0,4815.0,260,0.0,0.0
2023-09-20 00:00:00-04:00,4725.0,7425.0,4725.0,5850.0,1344,0.0,0.0
2023-09-21 00:00:00-04:00,6030.0,8190.0,5850.0,6930.0,1242,0.0,0.0
2023-09-22 00:00:00-04:00,6975.0,7065.0,5805.0,5940.0,289,0.0,0.0
2023-09-25 00:00:00-04:00,4950.0,5760.0,4770.0,5355.0,219,0.0,0.0
2023-09-26 00:00:00-04:00,5130.0,5445.0,4770.0,4770.0,138,0.0,0.0
2023-09-27 00:00:00-04:00,6300.0,6300.0,4995.0,5265.0,296,0.0,0.0
2023-09-28 00:00:00-04:00,4995.0,5175.0,4725.0,4950.0,132,0.0,0.0
2023-09-29 00:00:00-04:00,4815.0,5400.0,4725.0,5040.0,168,0.0,0.0
2023-10-02 00:00:00-04:00,4995.0,5040.0,4635.0,4815.0,91,0.0,0.0
2023-10-03 00:00:00-04:00,4680.0,5220.0,4635.0,4995.0,125,0.0,0.0
2023-10-04 00:00:00-04:00,5400.0,5400.0,4725.0,4950.0,98,0.0,0.0
2023-10-05 00:00:00-04:00,4815.0,7200.0,4635.0,6255.0,1210,0.0,0.0
2023-10-06 00:00:00-04:00,5130.0,5310.0,4770.0,5085.0,377,0.0,0.0
2023-10-09 00:00:00-04:00,4725.0,5310.0,4725.0,4905.0,223,0.0,0.0
2023-10-10 00:00:00-04:00,4770.0,5175.0,3375.0,3510.0,638,0.0,0.0
2023-10-11 00:00:00-04:00,3159.0,3195.0,2565.0,2745.0,483,0.0,0.02
2023-10-12 00:00:00-04:00,2655.0,2952.0,2562.300048828125,2745.0,171,0.0,0.0
2023-10-13 00:00:00-04:00,3087.0,3087.0,2583.0,2673.0,337,0.0,0.0
2023-10-16 00:00:00-04:00,2637.0,2646.0,2214.0,2358.0,244,0.0,0.0
2023-10-17 00:00:00-04:00,2826.0,3312.0,2493.0,2682.0,2783,0.0,0.0
2023-10-18 00:00:00-04:00,2646.0,2732.39990234375,2268.0,2376.0,277,0.0,0.0
2023-10-19 00:00:00-04:00,2349.0,2457.0,1998.0,2160.0,155,0.0,0.0
2023-10-20 00:00:00-04:00,2115.0,2204.10009765625,2061.0,2160.0,86,0.0,0.0
2023-10-23 00:00:00-04:00,2106.0,2122.199951171875,1854.0,1890.0,97,0.0,0.0
2023-10-24 00:00:00-04:00,1827.0,1876.5,1737.0,1764.0,93,0.0,0.0
2023-10-25 00:00:00-04:00,1764.0,1800.0,1656.0,1656.0,46,0.0,0.0
2023-10-26 00:00:00-04:00,1647.0,1737.0,1539.9000244140625,1620.0,70,0.0,0.0
2023-10-27 00:00:00-04:00,1656.0,1800.0,1611.0,1773.0,63,0.0,0.0
2023-10-30 00:00:00-04:00,1755.0,1809.0,1701.0,1737.0,32,0.0,0.0
2023-10-31 00:00:00-04:00,1773.0,1773.0,1710.0,1746.0,22,0.0,0.0
2023-11-01 00:00:00-04:00,1665.0,1746.0,1507.5,1566.0,112,0.0,0.0
2023-11-02 00:00:00-04:00,1548.0,1566.0,1386.0,1449.0,249,0.0,0.0
2023-11-03 00:00:00-04:00,1557.0,1557.0,1377.9000244140625,1413.0,280,0.0,0.0
2023-11-06 00:00:00-05:00,1395.0,1413.0,1296.0,1332.0,343,0.0,0.0
2023-11-07 00:00:00-05:00,1350.0,1620.0,1260.0,1431.0,1131,0.0,0.0
2023-11-08 00:00:00-05:00,1521.0,1537.199951171875,1305.0,1359.0,341,0.0,0.0
2023-11-09 00:00:00-05:00,1350.0,1350.0,1026.0,1062.0,605,0.0,0.0
2023-11-10 00:00:00-05:00,1035.0,1080.0,900.0,954.0,229,0.0,0.0
2023-11-13 00:00:00-05:00,990.0,1086.300048828125,963.0,1026.0,82,0.0,0.0
2023-11-14 00:00:00-05:00,1044.0,1116.0,1002.5999755859375,1062.0,202,0.0,0.0
2023-11-15 00:00:00-05:00,1089.0,1161.0,1035.0,1098.0,170,0.0,0.0
2023-11-16 00:00:00-05:00,1071.0,1125.0,1035.0,1035.0,57,0.0,0.0
2023-11-17 00:00:00-05:00,1044.0,1062.0,954.0,963.0,63,0.0,0.0
2023-11-20 00:00:00-05:00,1188.0,1188.0,909.0,954.0,217,0.0,0.0
2023-11-21 00:00:00-05:00,972.0,1014.2999877929688,837.0,855.0,101,0.0,0.0
2023-11-22 00:00:00-05:00,886.5,945.0,855.0,864.0,113,0.0,0.0
2023-11-24 00:00:00-05:00,873.9000244140625,891.0,859.5,873.0,27,0.0,0.0
2023-11-27 00:00:00-05:00,894.5999755859375,894.5999755859375,781.2000122070312,813.5999755859375,86,0.0,0.0
2023-11-28 00:00:00-05:00,817.2000122070312,817.2000122070312,729.9000244140625,750.5999755859375,108,0.0,0.0
2023-11-29 00:00:00-05:00,757.7999877929688,855.0,757.7999877929688,810.0,105,0.0,0.0
2023-11-30 00:00:00-05:00,1593.0,2403.0,742.5,753.2999877929688,53963,0.0,0.0
2023-12-01 00:00:00-05:00,756.0,818.0999755859375,649.7999877929688,693.0,2351,0.0,0.0
2023-12-04 00:00:00-05:00,699.2999877929688,714.5999755859375,567.0,594.0,1267,0.0,0.0
2023-12-05 00:00:00-05:00,615.5999755859375,657.0,559.7999877929688,594.0,815,0.0,0.0
2023-12-06 00:00:00-05:00,614.7000122070312,693.0,576.0,595.7999877929688,1373,0.0,0.0
2023-12-07 00:00:00-05:00,567.0,646.2000122070312,540.9000244140625,585.9000244140625,1652,0.0,0.0
2023-12-08 00:00:00-05:00,594.0,600.2999877929688,495.8999938964844,531.0,532,0.0,0.0
2023-12-11 00:00:00-05:00,522.0,583.2000122070312,504.0,553.5,564,0.0,0.0
2023-12-12 00:00:00-05:00,576.0,576.0,426.6000061035156,504.0,558,0.0,0.0
2023-12-13 00:00:00-05:00,510.29998779296875,522.0,461.70001220703125,495.8999938964844,259,0.0,0.0
2023-12-14 00:00:00-05:00,508.5,558.0,486.0,549.0,344,0.0,0.0
2023-12-15 00:00:00-05:00,532.7999877929688,558.0,527.4000244140625,531.0,160,0.0,0.0
2023-12-18 00:00:00-05:00,558.0,558.0,504.0,526.5,257,0.0,0.0
2023-12-19 00:00:00-05:00,526.5,531.0,495.0,522.0,251,0.0,0.0
2023-12-20 00:00:00-05:00,376.20001220703125,405.0,333.0,378.0,1210,0.0,0.0
2023-12-21 00:00:00-05:00,433.79998779296875,459.0,396.8999938964844,405.0,2155,0.0,0.0
2023-12-22 00:00:00-05:00,405.0,432.0,391.5,422.1000061035156,533,0.0,0.0
2023-12-26 00:00:00-05:00,422.1000061035156,440.1000061035156,405.0,423.0,501,0.0,0.0
2023-12-27 00:00:00-05:00,414.0,432.0,405.0,432.0,320,0.0,0.0
2023-12-28 00:00:00-05:00,450.0,450.0,419.3999938964844,423.8999938964844,374,0.0,0.0
2023-12-29 00:00:00-05:00,432.0,441.0,405.0,423.0,316,0.0,0.0
2024-01-02 00:00:00-05:00,422.1000061035156,423.0,378.8999938964844,420.29998779296875,463,0.0,0.0
2024-01-03 00:00:00-05:00,434.70001220703125,434.70001220703125,387.0,402.29998779296875,302,0.0,0.0
2024-01-04 00:00:00-05:00,405.0,413.1000061035156,365.3999938964844,374.3999938964844,241,0.0,0.0
2024-01-05 00:00:00-05:00,375.29998779296875,387.0,363.6000061035156,377.1000061035156,313,0.0,0.0
2024-01-08 00:00:00-05:00,377.1000061035156,378.0,360.8999938964844,370.79998779296875,204,0.0,0.0
2024-01-09 00:00:00-05:00,373.5,375.29998779296875,342.0,359.1000061035156,186,0.0,0.0
2024-01-10 00:00:00-05:00,372.6000061035156,372.6000061035156,351.0,360.0,217,0.0,0.0
2024-01-11 00:00:00-05:00,369.0,369.0,336.6000061035156,336.6000061035156,257,0.0,0.0
2024-01-12 00:00:00-05:00,351.0,351.0,333.0,343.79998779296875,147,0.0,0.0
2024-01-16 00:00:00-05:00,343.79998779296875,347.3999938964844,328.5,331.20001220703125,222,0.0,0.0
2024-01-17 00:00:00-05:00,324.0,351.0,324.0,333.0,192,0.0,0.0
2024-01-18 00:00:00-05:00,337.5,337.5,286.20001220703125,309.6000061035156,358,0.0,0.0
2024-01-19 00:00:00-05:00,288.0,309.6000061035156,274.5,282.6000061035156,213,0.0,0.0
2024-01-22 00:00:00-05:00,274.5,297.0,270.8999938964844,279.0,134,0.0,0.0
2024-01-23 00:00:00-05:00,283.5,299.70001220703125,279.0,287.1000061035156,305,0.0,0.0
2024-01-24 00:00:00-05:00,292.5,301.5,280.79998779296875,292.5,282,0.0,0.0
2024-01-25 00:00:00-05:00,292.5,301.5,275.3999938964844,288.0,182,0.0,0.0
2024-01-26 00:00:00-05:00,272.70001220703125,292.5,271.79998779296875,292.5,134,0.0,0.0
2024-01-29 00:00:00-05:00,283.5,306.0,276.29998779296875,301.5,266,0.0,0.0
2024-01-30 00:00:00-05:00,301.5,307.79998779296875,276.29998779296875,287.1000061035156,216,0.0,0.0
2024-01-31 00:00:00-05:00,303.29998779296875,303.29998779296875,274.5,279.0,247,0.0,0.0
2024-02-01 00:00:00-05:00,279.0,377.1000061035156,277.20001220703125,354.6000061035156,3759,0.0,0.0
2024-02-02 00:00:00-05:00,285.29998779296875,286.20001220703125,256.5,261.0,1290,0.0,0.0
2024-02-05 00:00:00-05:00,259.20001220703125,259.20001220703125,199.8000030517578,216.0,1013,0.0,0.0
2024-02-06 00:00:00-05:00,213.3000030517578,219.60000610351562,197.10000610351562,205.1999969482422,1010,0.0,0.0
2024-02-07 00:00:00-05:00,198.89999389648438,207.0,189.89999389648438,204.3000030517578,551,0.0,0.0
2024-02-08 00:00:00-05:00,198.89999389648438,233.10000610351562,192.60000610351562,215.10000610351562,2080,0.0,0.0
2024-02-09 00:00:00-05:00,220.5,225.0,198.89999389648438,215.10000610351562,451,0.0,0.0
2024-02-12 00:00:00-05:00,224.10000610351562,247.5,203.39999389648438,225.0,2845,0.0,0.0
2024-02-13 00:00:00-05:00,220.5,221.39999389648438,194.39999389648438,198.89999389648438,763,0.0,0.0
2024-02-14 00:00:00-05:00,206.10000610351562,216.0,189.89999389648438,198.0,545,0.0,0.0
2024-02-15 00:00:00-05:00,189.0,197.10000610351562,180.0,189.89999389648438,517,0.0,0.0
2024-02-16 00:00:00-05:00,198.0,198.0,185.39999389648438,192.60000610351562,5440,0.0,0.0
2024-02-20 00:00:00-05:00,513.0,635.4000244140625,229.5,242.10000610351562,132958,0.0,0.0
2024-02-21 00:00:00-05:00,225.0,238.5,207.0,209.6999969482422,5898,0.0,0.0
2024-02-22 00:00:00-05:00,213.3000030517578,213.3000030517578,189.0,196.1999969482422,3271,0.0,0.0
2024-02-23 00:00:00-05:00,189.0,194.39999389648438,171.89999389648438,178.1999969482422,3211,0.0,0.0
2024-02-26 00:00:00-05:00,171.89999389648438,193.5,168.3000030517578,184.5,1915,0.0,0.0
2024-02-27 00:00:00-05:00,198.0,201.60000610351562,164.6999969482422,180.0,16393,0.0,0.0
2024-02-28 00:00:00-05:00,178.1999969482422,178.1999969482422,166.5,174.60000610351562,1650,0.0,0.0
2024-02-29 00:00:00-05:00,173.6999969482422,176.39999389648438,164.6999969482422,171.0,1368,0.0,0.0
2024-03-01 00:00:00-05:00,171.89999389648438,171.89999389648438,162.0,164.6999969482422,1320,0.0,0.0
2024-03-04 00:00:00-05:00,162.0,162.0,140.39999389648438,154.8000030517578,2804,0.0,0.0
2024-03-05 00:00:00-05:00,150.3000030517578,159.3000030517578,149.39999389648438,154.8000030517578,845,0.0,0.0
2024-03-06 00:00:00-05:00,160.1999969482422,160.1999969482422,149.39999389648438,153.0,915,0.0,0.0
2024-03-07 00:00:00-05:00,158.39999389648438,158.39999389648438,147.60000610351562,154.8000030517578,767,0.0,0.0
2024-03-08 00:00:00-05:00,150.3000030517578,153.89999389648438,138.60000610351562,144.0,1858,0.0,0.0
2024-03-11 00:00:00-04:00,151.1999969482422,151.1999969482422,142.1999969482422,144.0,598,0.0,0.0
2024-03-12 00:00:00-04:00,142.1999969482422,144.0,135.89999389648438,138.60000610351562,749,0.0,0.0
2024-03-13 00:00:00-04:00,138.60000610351562,159.3000030517578,136.8000030517578,151.1999969482422,2031,0.0,0.0
2024-03-14 00:00:00-04:00,155.6999969482422,155.6999969482422,130.5,133.1999969482422,1960,0.0,0.0
2024-03-15 00:00:00-04:00,135.0,149.39999389648438,131.39999389648438,138.60000610351562,1504,0.0,0.0
2024-03-18 00:00:00-04:00,141.3000030517578,156.60000610351562,135.0,153.89999389648438,4804,0.0,0.0
2024-03-19 00:00:00-04:00,152.10000610351562,201.60000610351562,141.3000030517578,153.89999389648438,15896,0.0,0.0
2024-03-20 00:00:00-04:00,156.60000610351562,160.1999969482422,136.8000030517578,149.39999389648438,5122,0.0,0.0
2024-03-21 00:00:00-04:00,151.1999969482422,153.89999389648438,142.1999969482422,144.89999389648438,1985,0.0,0.0
2024-03-22 00:00:00-04:00,153.0,165.60000610351562,145.8000030517578,153.89999389648438,7279,0.0,0.0
2024-03-25 00:00:00-04:00,154.8000030517578,154.8000030517578,144.0,153.0,2039,0.0,0.0
2024-03-26 00:00:00-04:00,153.89999389648438,165.60000610351562,150.3000030517578,160.1999969482422,3340,0.0,0.0
2024-03-27 00:00:00-04:00,162.0,178.1999969482422,156.60000610351562,166.5,4266,0.0,0.0
2024-03-28 00:00:00-04:00,170.10000610351562,171.0,162.0,165.60000610351562,2133,0.0,0.0
2024-04-01 00:00:00-04:00,166.5,166.5,148.5,159.3000030517578,1504,0.0,0.0
2024-04-02 00:00:00-04:00,154.8000030517578,155.6999969482422,144.0,150.3000030517578,1446,0.0,0.0
2024-04-03 00:00:00-04:00,149.39999389648438,160.1999969482422,145.8000030517578,153.0,2405,0.0,0.0
2024-04-04 00:00:00-04:00,153.0,159.3000030517578,151.1999969482422,151.1999969482422,1858,0.0,0.0
2024-04-05 00:00:00-04:00,156.60000610351562,161.10000610351562,145.8000030517578,160.1999969482422,2298,0.0,0.0
2024-04-08 00:00:00-04:00,155.6999969482422,167.39999389648438,152.10000610351562,154.8000030517578,2189,0.0,0.0
2024-04-09 00:00:00-04:00,156.60000610351562,166.5,147.60000610351562,156.60000610351562,1959,0.0,0.0
2024-04-10 00:00:00-04:00,153.89999389648438,154.8000030517578,144.0,146.6999969482422,1982,0.0,0.0
2024-04-11 00:00:00-04:00,149.39999389648438,152.10000610351562,146.6999969482422,149.39999389648438,683,0.0,0.0
2024-04-12 00:00:00-04:00,147.60000610351562,148.5,140.39999389648438,142.1999969482422,1336,0.0,0.0
2024-04-15 00:00:00-04:00,144.0,148.5,139.5,144.0,1432,0.0,0.0
2024-04-16 00:00:00-04:00,141.3000030517578,146.6999969482422,126.0,132.3000030517578,1688,0.0,0.0
2024-04-17 00:00:00-04:00,132.3000030517578,139.5,128.6999969482422,136.8000030517578,1042,0.0,0.0
2024-04-18 00:00:00-04:00,141.3000030517578,141.3000030517578,130.5,135.0,1659,0.0,0.0
2024-04-19 00:00:00-04:00,135.0,153.0,129.60000610351562,147.60000610351562,6342,0.0,0.0
2024-04-22 00:00:00-04:00,135.89999389648438,141.3000030517578,130.5,136.8000030517578,1782,0.0,0.0
2024-04-23 00:00:00-04:00,130.5,137.6999969482422,126.9000015258789,136.8000030517578,887,0.0,0.0
2024-04-24 00:00:00-04:00,135.0,135.89999389648438,129.60000610351562,131.39999389648438,744,0.0,0.0
2024-04-25 00:00:00-04:00,134.10000610351562,147.60000610351562,129.60000610351562,138.60000610351562,1410,0.0,0.0
2024-04-26 00:00:00-04:00,137.6999969482422,143.10000610351562,131.39999389648438,134.10000610351562,570,0.0,0.0
2024-04-29 00:00:00-04:00,133.1999969482422,138.60000610351562,130.5,138.60000610351562,417,0.0,0.0
2024-04-30 00:00:00-04:00,135.89999389648438,150.3000030517578,131.39999389648438,144.0,3406,0.0,0.0
2024-05-01 00:00:00-04:00,139.5,143.10000610351562,127.80000305175781,129.60000610351562,1211,0.0,0.0
2024-05-02 00:00:00-04:00,129.60000610351562,133.1999969482422,128.6999969482422,131.39999389648438,874,0.0,0.0
2024-05-03 00:00:00-04:00,134.10000610351562,136.8000030517578,128.6999969482422,133.1999969482422,814,0.0,0.0
2024-05-06 00:00:00-04:00,144.0,144.0,129.60000610351562,129.60000610351562,2645,0.0,0.0
2024-05-07 00:00:00-04:00,90.0,97.19999694824219,88.19999694824219,93.5999984741211,4565,0.0,0.0
2024-05-08 00:00:00-04:00,100.80000305175781,100.80000305175781,86.4000015258789,89.0999984741211,1647,0.0,0.0
2024-05-09 00:00:00-04:00,93.5999984741211,93.5999984741211,85.5,90.0,1309,0.0,0.0
2024-05-10 00:00:00-04:00,94.5,94.5,87.30000305175781,89.0999984741211,1164,0.0,0.0
2024-05-13 00:00:00-04:00,88.19999694824219,90.0,87.30000305175781,87.30000305175781,779,0.0,0.0
2024-05-14 00:00:00-04:00,86.4000015258789,89.0999984741211,75.5999984741211,83.69999694824219,2945,0.0,0.0
2024-05-15 00:00:00-04:00,85.5,116.0999984741211,81.0,95.4000015258789,7490,0.0,0.0
2024-05-16 00:00:00-04:00,85.5,119.69999694824219,84.5999984741211,103.5,40321,0.0,0.0
2024-05-17 00:00:00-04:00,139.5,139.5,81.0,92.69999694824219,46872,0.0,0.0
2024-05-20 00:00:00-04:00,102.5999984741211,120.5999984741211,95.4000015258789,117.0,83208,0.0,0.0
2024-05-21 00:00:00-04:00,164.6999969482422,171.89999389648438,121.5,136.8000030517578,244073,0.0,0.0
2024-05-22 00:00:00-04:00,136.8000030517578,138.60000610351562,108.0,117.0,61838,0.0,0.0
2024-05-23 00:00:00-04:00,125.0999984741211,156.60000610351562,112.5,129.60000610351562,56537,0.0,0.0
2024-05-24 00:00:00-04:00,125.0999984741211,126.0,108.0,110.69999694824219,18332,0.0,0.0
2024-05-28 00:00:00-04:00,108.0,126.0,101.69999694824219,120.5999984741211,39186,0.0,0.0
2024-05-29 00:00:00-04:00,115.19999694824219,135.0,105.30000305175781,118.80000305175781,38265,0.0,0.0
2024-05-30 00:00:00-04:00,112.5,115.19999694824219,105.30000305175781,106.19999694824219,13925,0.0,0.0
2024-05-31 00:00:00-04:00,107.0999984741211,108.9000015258789,97.19999694824219,100.80000305175781,11134,0.0,0.0
2024-06-03 00:00:00-04:00,99.0,109.80000305175781,97.19999694824219,100.80000305175781,13657,0.0,0.0
2024-06-04 00:00:00-04:00,100.80000305175781,104.4000015258789,90.0,95.4000015258789,8963,0.0,0.0
2024-06-05 00:00:00-04:00,93.5999984741211,96.30000305175781,88.19999694824219,94.5,6354,0.0,0.0
2024-06-06 00:00:00-04:00,91.80000305175781,93.5999984741211,86.4000015258789,86.4000015258789,5463,0.0,0.0
2024-06-07 00:00:00-04:00,86.4000015258789,93.5999984741211,81.9000015258789,83.69999694824219,9314,0.0,0.0
2024-06-10 00:00:00-04:00,108.0,111.5999984741211,82.80000305175781,89.0999984741211,179365,0.0,0.0
2024-06-11 00:00:00-04:00,83.69999694824219,86.4000015258789,80.0999984741211,85.5,25391,0.0,0.0
2024-06-12 00:00:00-04:00,83.69999694824219,87.30000305175781,81.9000015258789,83.69999694824219,12034,0.0,0.0
2024-06-13 00:00:00-04:00,81.0,81.0,76.5,77.4000015258789,10398,0.0,0.0
2024-06-14 00:00:00-04:00,77.4000015258789,77.4000015258789,72.9000015258789,73.80000305175781,8888,0.0,0.0
2024-06-17 00:00:00-04:00,90.0,106.19999694824219,73.80000305175781,80.0999984741211,185210,0.0,0.0
2024-06-18 00:00:00-04:00,80.0999984741211,81.0,72.9000015258789,80.0999984741211,27771,0.0,0.0
2024-06-20 00:00:00-04:00,81.9000015258789,83.69999694824219,72.9000015258789,74.69999694824219,15825,0.0,0.0
2024-06-21 00:00:00-04:00,76.5,76.5,72.0,73.80000305175781,9039,0.0,0.0
2024-06-24 00:00:00-04:00,77.4000015258789,77.4000015258789,72.0,76.5,10429,0.0,0.0
2024-06-25 00:00:00-04:00,76.5,79.19999694824219,72.9000015258789,75.5999984741211,9327,0.0,0.0
2024-06-26 00:00:00-04:00,75.5999984741211,75.5999984741211,71.0999984741211,73.80000305175781,10318,0.0,0.0
2024-06-27 00:00:00-04:00,73.80000305175781,79.19999694824219,72.0,75.5999984741211,18398,0.0,0.0
2024-06-28 00:00:00-04:00,75.5999984741211,90.0,74.69999694824219,79.19999694824219,31042,0.0,0.0
2024-07-01 00:00:00-04:00,72.0,72.0,65.69999694824219,67.5,13923,0.0,0.0
2024-07-02 00:00:00-04:00,68.4000015258789,72.9000015258789,63.900001525878906,67.5,10265,0.0,0.0
2024-07-03 00:00:00-04:00,71.0999984741211,71.0999984741211,64.80000305175781,67.5,5670,0.0,0.0
2024-07-05 00:00:00-04:00,68.4000015258789,68.4000015258789,63.0,64.80000305175781,7337,0.0,0.0
2024-07-08 00:00:00-04:00,64.80000305175781,66.5999984741211,63.900001525878906,64.80000305175781,6274,0.0,0.0
2024-07-09 00:00:00-04:00,65.69999694824219,72.9000015258789,64.80000305175781,68.4000015258789,15291,0.0,0.0
2024-07-10 00:00:00-04:00,65.69999694824219,72.0,63.900001525878906,69.30000305175781,14228,0.0,0.0
2024-07-11 00:00:00-04:00,65.69999694824219,75.5999984741211,64.80000305175781,73.80000305175781,75657,0.0,0.0
2024-07-12 00:00:00-04:00,96.30000305175781,102.5999984741211,81.0,90.0,214310,0.0,0.0
2024-07-15 00:00:00-04:00,81.0,81.9000015258789,75.5999984741211,78.30000305175781,31558,0.0,0.0
2024-07-16 00:00:00-04:00,76.5,79.19999694824219,73.80000305175781,77.4000015258789,25572,0.0,0.0
2024-07-17 00:00:00-04:00,72.0,73.80000305175781,69.30000305175781,71.0999984741211,13900,0.0,0.0
2024-07-18 00:00:00-04:00,70.19999694824219,70.19999694824219,65.69999694824219,65.69999694824219,13310,0.0,0.0
2024-07-19 00:00:00-04:00,68.4000015258789,68.4000015258789,64.80000305175781,65.69999694824219,7112,0.0,0.0
2024-07-22 00:00:00-04:00,65.69999694824219,73.80000305175781,63.900001525878906,68.4000015258789,17714,0.0,0.0
2024-07-23 00:00:00-04:00,71.0999984741211,71.0999984741211,64.80000305175781,65.69999694824219,7244,0.0,0.0
2024-07-24 00:00:00-04:00,65.69999694824219,76.5,63.900001525878906,72.0,30716,0.0,0.0
2024-07-25 00:00:00-04:00,69.30000305175781,69.30000305175781,64.80000305175781,65.69999694824219,8183,0.0,0.0
2024-07-26 00:00:00-04:00,67.5,68.4000015258789,65.69999694824219,67.5,6094,0.0,0.0
2024-07-29 00:00:00-04:00,65.69999694824219,66.5999984741211,64.80000305175781,64.80000305175781,5759,0.0,0.0
2024-07-30 00:00:00-04:00,64.80000305175781,66.5999984741211,63.0,63.900001525878906,7458,0.0,0.0
2024-07-31 00:00:00-04:00,63.0,63.900001525878906,58.5,63.0,13054,0.0,0.0
2024-08-01 00:00:00-04:00,63.0,63.0,60.29999923706055,60.29999923706055,8165,0.0,0.0
2024-08-02 00:00:00-04:00,61.20000076293945,61.20000076293945,52.20000076293945,56.70000076293945,11598,0.0,0.0
2024-08-05 00:00:00-04:00,54.0,54.0,49.5,52.20000076293945,12268,0.0,0.0
2024-08-06 00:00:00-04:00,62.099998474121094,69.30000305175781,54.900001525878906,62.099998474121094,56999,0.0,0.0
2024-08-07 00:00:00-04:00,59.400001525878906,59.400001525878906,50.400001525878906,53.099998474121094,18543,0.0,0.0
2024-08-08 00:00:00-04:00,54.900001525878906,67.5,54.0,61.20000076293945,27745,0.0,0.0
2024-08-09 00:00:00-04:00,63.0,70.19999694824219,59.400001525878906,68.4000015258789,26116,0.0,0.0
2024-08-12 00:00:00-04:00,66.5999984741211,66.5999984741211,61.20000076293945,62.099998474121094,8358,0.0,0.0
2024-08-13 00:00:00-04:00,63.0,63.0,52.20000076293945,59.400001525878906,15811,0.0,0.0
2024-08-14 00:00:00-04:00,60.29999923706055,60.29999923706055,50.400001525878906,52.20000076293945,9064,0.0,0.0
2024-08-15 00:00:00-04:00,55.79999923706055,55.79999923706055,53.099998474121094,54.900001525878906,6183,0.0,0.0
2024-08-16 00:00:00-04:00,54.900001525878906,54.900001525878906,51.29999923706055,53.099998474121094,5728,0.0,0.0
2024-08-19 00:00:00-04:00,51.29999923706055,60.29999923706055,51.29999923706055,56.70000076293945,10479,0.0,0.0
2024-08-20 00:00:00-04:00,61.20000076293945,63.0,55.79999923706055,56.70000076293945,18003,0.0,0.0
2024-08-21 00:00:00-04:00,55.79999923706055,59.400001525878906,53.099998474121094,58.5,14376,0.0,0.0
2024-08-22 00:00:00-04:00,59.400001525878906,62.099998474121094,55.79999923706055,59.400001525878906,8268,0.0,0.0
2024-08-23 00:00:00-04:00,56.70000076293945,62.099998474121094,56.70000076293945,58.5,12209,0.0,0.0
2024-08-26 00:00:00-04:00,56.70000076293945,63.0,56.70000076293945,61.20000076293945,6804,0.0,0.0
2024-08-27 00:00:00-04:00,58.5,60.29999923706055,54.900001525878906,55.79999923706055,6204,0.0,0.0
2024-08-28 00:00:00-04:00,73.80000305175781,75.5999984741211,59.400001525878906,63.900001525878906,240336,0.0,0.0
2024-08-29 00:00:00-04:00,58.5,63.900001525878906,55.79999923706055,61.20000076293945,21596,0.0,0.0
2024-08-30 00:00:00-04:00,61.20000076293945,61.20000076293945,54.0,54.0,10784,0.0,0.0
2024-09-03 00:00:00-04:00,54.900001525878906,56.70000076293945,53.099998474121094,54.900001525878906,8144,0.0,0.0
2024-09-04 00:00:00-04:00,54.900001525878906,55.79999923706055,52.20000076293945,53.099998474121094,8582,0.0,0.0
2024-09-05 00:00:00-04:00,54.0,54.900001525878906,51.29999923706055,54.0,6539,0.0,0.0
2024-09-06 00:00:00-04:00,54.0,54.900001525878906,52.20000076293945,52.20000076293945,4238,0.0,0.0
2024-09-09 00:00:00-04:00,52.20000076293945,53.099998474121094,48.599998474121094,50.400001525878906,7910,0.0,0.0
2024-09-10 00:00:00-04:00,51.29999923706055,54.0,49.5,53.099998474121094,6783,0.0,0.0
2024-09-11 00:00:00-04:00,51.29999923706055,53.099998474121094,50.400001525878906,52.20000076293945,3378,0.0,0.0
2024-09-12 00:00:00-04:00,51.29999923706055,52.20000076293945,50.400001525878906,50.400001525878906,3135,0.0,0.0
2024-09-13 00:00:00-04:00,52.20000076293945,53.099998474121094,49.5,51.29999923706055,3223,0.0,0.0
2024-09-16 00:00:00-04:00,52.20000076293945,52.20000076293945,49.5,50.400001525878906,3371,0.0,0.0
2024-09-17 00:00:00-04:00,50.400001525878906,50.400001525878906,45.0,49.5,9834,0.0,0.0
2024-09-18 00:00:00-04:00,49.5,49.5,46.79999923706055,46.79999923706055,3724,0.0,0.0
2024-09-19 00:00:00-04:00,47.70000076293945,47.70000076293945,45.0,45.900001525878906,6546,0.0,0.0
2024-09-20 00:00:00-04:00,46.79999923706055,61.20000076293945,46.79999923706055,49.5,62147,0.0,0.0
2024-09-23 00:00:00-04:00,48.599998474121094,50.400001525878906,46.79999923706055,48.599998474121094,9170,0.0,0.0
2024-09-24 00:00:00-04:00,46.79999923706055,48.599998474121094,45.900001525878906,46.79999923706055,5012,0.0,0.0
2024-09-25 00:00:00-04:00,46.79999923706055,47.70000076293945,45.900001525878906,46.79999923706055,2648,0.0,0.0
2024-09-26 00:00:00-04:00,46.79999923706055,47.70000076293945,45.900001525878906,46.79999923706055,4006,0.0,0.0
2024-09-27 00:00:00-04:00,45.900001525878906,47.70000076293945,45.900001525878906,46.79999923706055,4186,0.0,0.0
2024-09-30 00:00:00-04:00,45.900001525878906,46.79999923706055,44.099998474121094,45.900001525878906,5549,0.0,0.0
2024-10-01 00:00:00-04:00,45.0,45.0,44.099998474121094,45.0,3467,0.0,0.0
2024-10-02 00:00:00-04:00,43.20000076293945,45.0,41.400001525878906,43.20000076293945,4187,0.0,0.0
2024-10-03 00:00:00-04:00,43.20000076293945,45.900001525878906,42.29999923706055,44.099998474121094,5766,0.0,0.0
2024-10-04 00:00:00-04:00,43.20000076293945,45.0,42.29999923706055,45.0,10405,0.0,0.0
2024-10-07 00:00:00-04:00,44.099998474121094,45.0,43.20000076293945,43.20000076293945,3210,0.0,0.0
2024-10-08 00:00:00-04:00,43.20000076293945,102.5999984741211,43.20000076293945,54.0,382033,0.0,0.0
2024-10-09 00:00:00-04:00,49.5,65.69999694824219,47.70000076293945,61.20000076293945,133843,0.0,0.0
2024-10-10 00:00:00-04:00,63.0,67.5,54.900001525878906,56.70000076293945,44901,0.0,0.0
2024-10-11 00:00:00-04:00,56.70000076293945,57.599998474121094,49.5,52.20000076293945,46362,0.0,0.0
2024-10-14 00:00:00-04:00,54.0,60.29999923706055,52.20000076293945,55.79999923706055,21755,0.0,0.0
2024-10-15 00:00:00-04:00,55.79999923706055,55.79999923706055,48.599998474121094,48.599998474121094,38979,0.0,0.0
2024-10-16 00:00:00-04:00,49.5,49.5,45.900001525878906,47.70000076293945,16760,0.0,0.0
2024-10-17 00:00:00-04:00,47.70000076293945,50.400001525878906,45.0,47.70000076293945,20332,0.0,0.0
2024-10-18 00:00:00-04:00,48.599998474121094,52.20000076293945,46.79999923706055,50.400001525878906,38284,0.0,0.0
2024-10-21 00:00:00-04:00,53.099998474121094,55.79999923706055,49.5,50.400001525878906,30308,0.0,0.0
2024-10-22 00:00:00-04:00,48.599998474121094,51.29999923706055,46.79999923706055,49.5,13266,0.0,0.0
2024-10-23 00:00:00-04:00,50.400001525878906,58.5,50.400001525878906,54.0,58821,0.0,0.0
2024-10-24 00:00:00-04:00,54.0,56.70000076293945,51.29999923706055,53.099998474121094,49946,0.0,0.0
2024-10-25 00:00:00-04:00,49.5,54.900001525878906,49.5,53.099998474121094,37462,0.0,0.0
2024-10-28 00:00:00-04:00,49.5,54.900001525878906,49.5,54.900001525878906,17104,0.0,0.0
2024-10-29 00:00:00-04:00,52.20000076293945,55.79999923706055,52.20000076293945,52.20000076293945,21408,0.0,0.0
2024-10-30 00:00:00-04:00,52.20000076293945,54.900001525878906,49.5,53.099998474121094,50484,0.0,0.0
2024-10-31 00:00:00-04:00,48.599998474121094,53.099998474121094,45.900001525878906,46.79999923706055,28332,0.0,0.0
2024-11-01 00:00:00-04:00,45.900001525878906,47.70000076293945,42.29999923706055,43.20000076293945,30924,0.0,0.0
2024-11-04 00:00:00-05:00,41.400001525878906,47.70000076293945,40.5,45.900001525878906,23978,0.0,0.0
2024-11-05 00:00:00-05:00,41.400001525878906,52.20000076293945,41.400001525878906,45.0,14106,0.0,0.0
2024-11-06 00:00:00-05:00,46.79999923706055,48.599998474121094,44.099998474121094,46.79999923706055,8530,0.0,0.0
2024-11-07 00:00:00-05:00,45.0,46.79999923706055,42.29999923706055,44.099998474121094,27559,0.0,0.0
2024-11-08 00:00:00-05:00,43.20000076293945,45.0,41.400001525878906,42.29999923706055,27763,0.0,0.0
2024-11-11 00:00:00-05:00,40.5,43.20000076293945,40.5,42.29999923706055,25112,0.0,0.0
2024-11-12 00:00:00-05:00,44.099998474121094,44.099998474121094,41.400001525878906,42.29999923706055,6906,0.0,0.0
2024-11-13 00:00:00-05:00,53.099998474121094,54.900001525878906,41.400001525878906,44.099998474121094,324243,0.0,0.0
2024-11-14 00:00:00-05:00,42.29999923706055,45.0,40.5,42.29999923706055,63796,0.0,0.0
2024-11-15 00:00:00-05:00,41.400001525878906,41.400001525878906,38.70000076293945,38.70000076293945,29007,0.0,0.0
2024-11-18 00:00:00-05:00,36.0,39.599998474121094,36.0,38.70000076293945,25329,0.0,0.0
2024-11-19 00:00:00-05:00,38.70000076293945,38.70000076293945,35.099998474121094,36.900001525878906,41306,0.0,0.0
2024-11-20 00:00:00-05:00,39.599998474121094,41.400001525878906,36.0,37.79999923706055,76314,0.0,0.0
2024-11-21 00:00:00-05:00,38.70000076293945,38.70000076293945,36.0,36.900001525878906,31804,0.0,0.0
2024-11-22 00:00:00-05:00,36.900001525878906,36.900001525878906,34.20000076293945,35.099998474121094,22854,0.0,0.0
2024-11-25 00:00:00-05:00,35.099998474121094,36.900001525878906,35.099998474121094,35.099998474121094,13000,0.0,0.0
2024-11-26 00:00:00-05:00,36.0,36.0,33.29999923706055,33.29999923706055,16226,0.0,0.0
2024-11-27 00:00:00-05:00,32.400001525878906,35.099998474121094,31.5,32.400001525878906,19357,0.0,0.0
2024-11-29 00:00:00-05:00,32.400001525878906,35.099998474121094,32.400001525878906,33.29999923706055,11716,0.0,0.0
2024-12-02 00:00:00-05:00,35.099998474121094,35.099998474121094,32.400001525878906,33.29999923706055,18263,0.0,0.0
2024-12-03 00:00:00-05:00,28.799999237060547,28.799999237060547,24.299999237060547,26.100000381469727,51313,0.0,0.0
2024-12-04 00:00:00-05:00,24.299999237060547,29.700000762939453,24.299999237060547,27.899999618530273,110300,0.0,0.0
2024-12-05 00:00:00-05:00,30.149999618530273,37.79999923706055,28.485000610351562,29.06999969482422,151611,0.0,0.01
2024-12-06 00:00:00-05:00,27.450000762939453,29.43000030517578,25.469999313354492,26.100000381469727,29056,0.0,0.0
2024-12-09 00:00:00-05:00,26.280000686645508,26.280000686645508,23.399999618530273,23.489999771118164,20356,0.0,0.0
2024-12-10 00:00:00-05:00,24.56999969482422,24.84000015258789,19.889999389648438,20.610000610351562,405567,0.0,0.0
2024-12-11 00:00:00-05:00,20.15999984741211,22.40999984741211,20.06999969482422,21.690000534057617,33478,0.0,0.0
2024-12-12 00:00:00-05:00,21.510000228881836,21.510000228881836,19.350000381469727,19.6200008392334,19978,0.0,0.0
2024-12-13 00:00:00-05:00,19.6200008392334,20.06999969482422,18.540000915527344,19.530000686645508,15756,0.0,0.0
2024-12-16 00:00:00-05:00,19.440000534057617,20.906999588012695,18.270000457763672,18.899999618530273,27167,0.0,0.0
2024-12-17 00:00:00-05:00,18.719999313354492,20.700000762939453,18.270000457763672,20.15999984741211,79744,0.0,0.0
2024-12-18 00:00:00-05:00,20.34000015258789,22.5,19.350000381469727,20.610000610351562,49200,0.0,0.0
2024-12-19 00:00:00-05:00,19.709999084472656,23.040000915527344,18.899999618530273,22.59000015258789,44233,0.0,0.0
2024-12-20 00:00:00-05:00,22.229999542236328,24.65999984741211,20.969999313354492,22.5,35578,0.0,0.0
2024-12-23 00:00:00-05:00,22.5,24.624000549316406,22.5,23.399999618530273,26378,0.0,0.0
2024-12-24 00:00:00-05:00,22.049999237060547,24.209999084472656,22.049999237060547,22.770000457763672,11956,0.0,0.0
2024-12-26 00:00:00-05:00,22.40999984741211,24.030000686645508,22.31999969482422,23.850000381469727,9233,0.0,0.0
2024-12-27 00:00:00-05:00,23.489999771118164,23.850000381469727,22.770000457763672,22.860000610351562,12967,0.0,0.0
2024-12-30 00:00:00-05:00,22.68000030517578,22.976999282836914,21.690000534057617,21.959999084472656,7900,0.0,0.0
2024-12-31 00:00:00-05:00,21.959999084472656,22.860000610351562,20.969999313354492,21.329999923706055,9233,0.0,0.0
2025-01-02 00:00:00-05:00,21.420000076293945,22.950000762939453,21.149999618530273,22.139999389648438,5589,0.0,0.0
2025-01-03 00:00:00-05:00,22.40999984741211,25.200000762939453,22.229999542236328,24.389999389648438,24589,0.0,0.0
2025-01-06 00:00:00-05:00,23.940000534057617,24.389999389648438,22.31999969482422,22.31999969482422,10833,0.0,0.0
2025-01-07 00:00:00-05:00,22.139999389648438,23.940000534057617,21.780000686645508,23.040000915527344,10267,0.0,0.0
2025-01-08 00:00:00-05:00,22.68000030517578,22.68000030517578,21.30299949645996,21.780000686645508,7344,0.0,0.0
2025-01-10 00:00:00-05:00,21.780000686645508,21.780000686645508,20.547000885009766,21.059999465942383,5267,0.0,0.0
2025-01-13 00:00:00-05:00,21.059999465942383,21.329999923706055,20.150999069213867,20.969999313354492,7144,0.0,0.0
2025-01-14 00:00:00-05:00,20.969999313354492,24.56999969482422,20.798999786376953,23.940000534057617,21411,0.0,0.0
2025-01-15 00:00:00-05:00,22.5,24.65999984741211,22.049999237060547,23.579999923706055,16644,0.0,0.0
2025-01-16 00:00:00-05:00,23.760000228881836,24.299999237060547,22.68000030517578,23.670000076293945,7356,0.0,0.0
2025-01-17 00:00:00-05:00,24.209999084472656,24.902999877929688,22.94099998474121,23.309999465942383,39489,0.0,0.0
2025-01-21 00:00:00-05:00,23.309999465942383,23.309999465942383,21.239999771118164,21.510000228881836,12933,0.0,0.0
2025-01-22 00:00:00-05:00,21.510000228881836,22.229999542236328,20.798999786376953,21.780000686645508,4400,0.0,0.0
2025-01-23 00:00:00-05:00,23.399999618530273,25.110000610351562,21.780000686645508,23.1299991607666,37733,0.0,0.0
2025-01-24 00:00:00-05:00,23.399999618530273,24.299999237060547,23.1299991607666,24.030000686645508,11433,0.0,0.0
2025-01-27 00:00:00-05:00,23.850000381469727,24.030000686645508,21.735000610351562,21.959999084472656,6811,0.0,0.0
2025-01-28 00:00:00-05:00,21.420000076293945,23.670000076293945,21.28499984741211,21.600000381469727,4733,0.0,0.0
2025-01-29 00:00:00-05:00,21.510000228881836,25.3799991607666,20.610000610351562,23.1299991607666,73978,0.0,0.0
2025-01-30 00:00:00-05:00,23.219999313354492,23.670000076293945,21.239999771118164,21.600000381469727,17711,0.0,0.0
2025-01-31 00:00:00-05:00,21.690000534057617,21.959999084472656,20.610000610351562,21.059999465942383,9233,0.0,0.0
2025-02-03 00:00:00-05:00,20.34000015258789,20.610000610351562,18.6299991607666,19.440000534057617,12700,0.0,0.0
2025-02-04 00:00:00-05:00,19.260000228881836,20.700000762939453,18.0,18.719999313354492,17211,0.0,0.0
2025-02-05 00:00:00-05:00,18.719999313354492,19.170000076293945,18.360000610351562,18.360000610351562,10100,0.0,0.0
2025-02-06 00:00:00-05:00,18.540000915527344,18.94499969482422,17.100000381469727,17.459999084472656,23667,0.0,0.0
2025-02-07 00:00:00-05:00,17.459999084472656,17.459999084472656,15.479999542236328,15.75,8611,0.0,0.0
2025-02-10 00:00:00-05:00,15.75,16.200000762939453,14.850000381469727,16.020000457763672,10422,0.0,0.0
2025-02-11 00:00:00-05:00,15.65999984741211,17.459999084472656,15.65999984741211,16.829999923706055,11389,0.0,0.0
2025-02-12 00:00:00-05:00,16.829999923706055,16.875,16.200000762939453,16.559999465942383,3078,0.0,0.0
2025-02-13 00:00:00-05:00,16.020000457763672,16.739999771118164,15.569999694824219,15.84000015258789,7667,0.0,0.0
2025-02-14 00:00:00-05:00,15.84000015258789,15.857999801635742,14.670000076293945,15.479999542236328,5333,0.0,0.0
2025-02-18 00:00:00-05:00,15.300000190734863,15.812999725341797,15.300000190734863,15.390000343322754,2211,0.0,0.0
2025-02-19 00:00:00-05:00,15.75,15.75,14.9399995803833,15.210000038146973,2278,0.0,0.0
2025-02-20 00:00:00-05:00,15.210000038146973,15.210000038146973,14.229000091552734,14.850000381469727,3622,0.0,0.0
2025-02-21 00:00:00-05:00,15.210000038146973,18.899999618530273,14.9399995803833,14.9399995803833,88811,0.0,0.0
2025-02-24 00:00:00-05:00,15.029999732971191,15.029999732971191,12.600000381469727,12.779999732971191,15856,0.0,0.0
2025-02-25 00:00:00-05:00,12.869999885559082,13.5,12.6899995803833,13.40999984741211,8489,0.0,0.0
2025-02-26 00:00:00-05:00,13.40999984741211,14.220000267028809,12.6899995803833,14.039999961853027,3833,0.0,0.0
2025-02-27 00:00:00-05:00,13.770000457763672,13.859999656677246,12.869999885559082,12.869999885559082,3589,0.0,0.0
2025-02-28 00:00:00-05:00,12.960000038146973,15.75,12.779999732971191,13.949999809265137,28444,0.0,0.0
2025-03-03 00:00:00-05:00,13.859999656677246,16.649999618530273,13.140000343322754,15.210000038146973,68244,0.0,0.0
2025-03-04 00:00:00-05:00,14.130000114440918,14.850000381469727,13.607999801635742,14.3100004196167,19433,0.0,0.0
2025-03-05 00:00:00-05:00,14.220000267028809,18.360000610351562,13.949999809265137,16.469999313354492,44756,0.0,0.0
2025-03-06 00:00:00-05:00,15.84000015258789,16.020000457763672,14.427000045776367,15.300000190734863,7800,0.0,0.0
2025-03-07 00:00:00-05:00,14.75100040435791,15.579000473022461,14.039999961853027,14.220000267028809,2689,0.0,0.0
2025-03-10 00:00:00-04:00,13.859999656677246,14.399999618530273,13.229999542236328,13.40999984741211,4411,0.0,0.0
2025-03-11 00:00:00-04:00,13.140000343322754,14.489999771118164,12.149999618530273,13.140000343322754,8367,0.0,0.0
2025-03-12 00:00:00-04:00,12.960000038146973,13.437000274658203,12.600000381469727,13.140000343322754,1511,0.0,0.0
2025-03-13 00:00:00-04:00,13.319999694824219,13.5,12.878999710083008,13.229999542236328,2856,0.0,0.0
2025-03-14 00:00:00-04:00,13.319999694824219,13.59000015258789,13.050000190734863,13.40999984741211,1789,0.0,0.0
2025-03-17 00:00:00-04:00,13.229999542236328,13.229999542236328,12.510000228881836,12.6899995803833,2078,0.0,0.0
2025-03-18 00:00:00-04:00,12.600000381469727,13.293000221252441,11.925000190734863,12.600000381469727,5233,0.0,0.0
2025-03-19 00:00:00-04:00,12.600000381469727,13.319999694824219,12.600000381469727,12.779999732971191,2411,0.0,0.0
2025-03-20 00:00:00-04:00,12.779999732971191,13.491000175476074,12.779999732971191,13.140000343322754,1256,0.0,0.0
2025-03-21 00:00:00-04:00,13.050000190734863,13.140000343322754,12.600000381469727,12.779999732971191,1089,0.0,0.0
2025-03-24 00:00:00-04:00,13.050000190734863,13.050000190734863,12.456000328063965,12.600000381469727,1878,0.0,0.0
2025-03-25 00:00:00-04:00,12.779999732971191,12.861000061035156,12.600000381469727,12.600000381469727,1633,0.0,0.0
2025-03-26 00:00:00-04:00,12.779999732971191,13.140000343322754,12.239999771118164,12.239999771118164,2756,0.0,0.0
2025-03-27 00:00:00-04:00,12.239999771118164,12.239999771118164,11.430000305175781,11.880000114440918,3644,0.0,0.0
2025-03-28 00:00:00-04:00,11.789999961853027,11.789999961853027,10.079999923706055,10.079999923706055,5044,0.0,0.0
2025-03-31 00:00:00-04:00,9.899999618530273,10.170000076293945,9.09000015258789,9.899999618530273,3944,0.0,0.0
2025-04-01 00:00:00-04:00,9.8100004196167,11.25,9.630000114440918,10.800000190734863,7122,0.0,0.0
2025-04-02 00:00:00-04:00,10.890000343322754,11.98799991607666,10.890000343322754,11.520000457763672,2733,0.0,0.0
2025-04-03 00:00:00-04:00,11.520000457763672,11.609999656677246,11.15999984741211,11.34000015258789,1989,0.0,0.0
2025-04-04 00:00:00-04:00,11.25,11.25,10.170000076293945,10.430999755859375,2044,0.0,0.0
2025-04-07 00:00:00-04:00,9.0,10.260000228881836,9.0,10.260000228881836,3433,0.0,0.0
2025-04-08 00:00:00-04:00,10.350000381469727,10.979999542236328,9.989999771118164,10.529999732971191,4911,0.0,0.0
2025-04-09 00:00:00-04:00,10.529999732971191,10.979999542236328,9.602999687194824,10.979999542236328,2744,0.0,0.0
2025-04-10 00:00:00-04:00,10.529999732971191,11.430000305175781,10.529999732971191,11.420999526977539,1478,0.0,0.0
2025-04-11 00:00:00-04:00,11.520000457763672,13.454999923706055,11.520000457763672,13.319999694824219,7811,0.0,0.0
2025-04-14 00:00:00-04:00,13.680000305175781,14.399999618530273,12.239999771118164,12.510000228881836,5344,0.0,0.0
2025-04-15 00:00:00-04:00,12.510000228881836,13.1850004196167,12.159000396728516,12.239999771118164,800,0.0,0.0
2025-04-16 00:00:00-04:00,12.329999923706055,12.510000228881836,11.25,12.0600004196167,1556,0.0,0.0
2025-04-17 00:00:00-04:00,11.258999824523926,12.420000076293945,11.258999824523926,11.789999961853027,1411,0.0,0.0
2025-04-21 00:00:00-04:00,11.880000114440918,12.095999717712402,11.15999984741211,11.34000015258789,1111,0.0,0.0
2025-04-22 00:00:00-04:00,11.15999984741211,13.949999809265137,11.15999984741211,12.996000289916992,111011,0.0,0.0
2025-04-23 00:00:00-04:00,18.09000015258789,21.600000381469727,16.020000457763672,19.350000381469727,5699589,0.0,0.0
2025-04-24 00:00:00-04:00,17.010000228881836,17.90999984741211,14.670000076293945,16.020000457763672,121644,0.0,0.0
2025-04-25 00:00:00-04:00,15.029999732971191,22.5,14.678999900817871,20.15999984741211,458522,0.0,0.0
2025-04-28 00:00:00-04:00,19.440000534057617,19.799999237060547,15.75,17.100000381469727,106422,0.0,0.0
2025-04-29 00:00:00-04:00,16.469999313354492,19.6200008392334,16.3799991607666,18.0,33544,0.0,0.0
2025-04-30 00:00:00-04:00,17.90999984741211,19.440000534057617,17.90999984741211,19.170000076293945,21678,0.0,0.0
2025-05-01 00:00:00-04:00,18.989999771118164,19.115999221801758,16.739999771118164,17.549999237060547,16378,0.0,0.0
2025-05-02 00:00:00-04:00,17.549999237060547,18.540000915527344,17.100000381469727,17.100000381469727,12033,0.0,0.0
2025-05-05 00:00:00-04:00,17.100000381469727,17.90999984741211,16.920000076293945,17.100000381469727,11633,0.0,0.0
2025-05-06 00:00:00-04:00,16.649999618530273,17.343000411987305,14.9399995803833,15.029999732971191,19500,0.0,0.0
2025-05-07 00:00:00-04:00,16.559999465942383,17.072999954223633,16.155000686645508,16.739999771118164,9956,0.0,0.0
2025-05-08 00:00:00-04:00,16.290000915527344,19.260000228881836,16.290000915527344,17.549999237060547,131444,0.0,0.0
2025-05-09 00:00:00-04:00,17.549999237060547,18.0,13.5,14.399999618530273,95244,0.0,0.0
2025-05-12 00:00:00-04:00,13.59000015258789,16.920000076293945,13.140000343322754,13.319999694824219,271889,0.0,0.0
2025-05-13 00:00:00-04:00,13.59000015258789,15.210000038146973,13.319999694824219,14.850000381469727,69722,0.0,0.0
2025-05-14 00:00:00-04:00,14.9399995803833,15.75,13.229999542236328,13.680000305175781,383767,0.0,0.0
2025-05-15 00:00:00-04:00,13.949999809265137,15.84000015258789,13.418999671936035,15.300000190734863,86733,0.0,0.0
2025-05-16 00:00:00-04:00,14.9399995803833,16.020000457763672,14.9399995803833,15.479999542236328,25144,0.0,0.0
2025-05-19 00:00:00-04:00,14.850000381469727,15.300000190734863,13.319999694824219,13.40999984741211,36389,0.0,0.0
2025-05-20 00:00:00-04:00,13.229999542236328,14.399999618530273,13.050000190734863,13.859999656677246,42689,0.0,0.0
2025-05-21 00:00:00-04:00,13.770000457763672,14.489999771118164,13.5,14.489999771118164,24900,0.0,0.0
2025-05-22 00:00:00-04:00,13.859999656677246,14.085000038146973,13.050000190734863,13.770000457763672,20444,0.0,0.0
2025-05-23 00:00:00-04:00,13.40999984741211,13.8149995803833,13.140000343322754,13.770000457763672,17989,0.0,0.0
2025-05-27 00:00:00-04:00,13.770000457763672,14.670000076293945,13.40999984741211,14.579999923706055,25200,0.0,0.0
2025-05-28 00:00:00-04:00,15.119999885559082,15.210000038146973,13.859999656677246,14.399999618530273,17556,0.0,0.0
2025-05-29 00:00:00-04:00,14.220000267028809,14.399999618530273,13.5,14.039999961853027,6489,0.0,0.0
2025-05-30 00:00:00-04:00,13.40999984741211,13.680000305175781,13.140000343322754,13.140000343322754,14278,0.0,0.0
2025-06-02 00:00:00-04:00,13.050000190734863,13.491000175476074,12.149999618530273,12.239999771118164,9611,0.0,0.0
2025-06-03 00:00:00-04:00,12.149999618530273,12.960000038146973,11.970000267028809,12.869999885559082,5644,0.0,0.0
2025-06-04 00:00:00-04:00,12.869999885559082,13.050000190734863,12.329999923706055,12.960000038146973,6733,0.0,0.0
2025-06-05 00:00:00-04:00,12.869999885559082,13.121999740600586,12.6899995803833,12.779999732971191,4889,0.0,0.0
2025-06-06 00:00:00-04:00,12.960000038146973,13.041000366210938,12.510000228881836,12.6899995803833,3022,0.0,0.0
2025-06-09 00:00:00-04:00,12.779999732971191,12.779999732971191,12.069000244140625,12.420000076293945,7233,0.0,0.0
2025-06-10 00:00:00-04:00,11.970000267028809,12.032999992370605,10.619999885559082,10.800000190734863,168411,0.0,0.0
2025-06-11 00:00:00-04:00,10.979999542236328,11.069999694824219,10.079999923706055,10.529999732971191,32644,0.0,0.0
2025-06-12 00:00:00-04:00,10.4399995803833,11.609999656677246,9.449999809265137,10.710000038146973,34800,0.0,0.0
2025-06-13 00:00:00-04:00,10.710000038146973,10.800000190734863,10.079999923706055,10.079999923706055,6978,0.0,0.0
2025-06-16 00:00:00-04:00,9.8100004196167,10.03499984741211,9.449999809265137,9.720000267028809,17289,0.0,0.0
2025-06-17 00:00:00-04:00,9.989999771118164,10.170000076293945,9.720000267028809,9.899999618530273,17122,0.0,0.0
2025-06-18 00:00:00-04:00,10.170000076293945,10.170000076293945,9.8100004196167,9.989999771118164,8967,0.0,0.0
2025-06-20 00:00:00-04:00,9.899999618530273,10.125,9.09000015258789,9.270000457763672,16778,0.0,0.0
2025-06-23 00:00:00-04:00,9.270000457763672,9.270000457763672,8.567999839782715,8.802000045776367,11522,0.0,0.0
2025-06-24 00:00:00-04:00,8.729999542236328,9.225000381469727,8.279999732971191,8.369999885559082,19300,0.0,0.0
2025-06-25 00:00:00-04:00,8.369999885559082,8.621999740600586,7.749000072479248,8.010000228881836,10744,0.0,0.0
2025-06-26 00:00:00-04:00,8.621999740600586,8.621999740600586,7.199999809265137,7.452000141143799,29156,0.0,0.0
2025-06-27 00:00:00-04:00,7.559999942779541,7.559999942779541,6.75,7.0289998054504395,22222,0.0,0.0
2025-06-30 00:00:00-04:00,7.038000106811523,7.110000133514404,6.822000026702881,7.019999980926514,9089,0.0,0.0
2025-07-01 00:00:00-04:00,7.019999980926514,7.110000133514404,6.659999847412109,6.840000152587891,10844,0.0,0.0
2025-07-02 00:00:00-04:00,6.929999828338623,7.0289998054504395,6.480000019073486,6.7230000495910645,20956,0.0,0.0
2025-07-03 00:00:00-04:00,6.830999851226807,6.830999851226807,6.570000171661377,6.795000076293945,8811,0.0,0.0
2025-07-07 00:00:00-04:00,6.795000076293945,7.739999771118164,6.795000076293945,7.289999961853027,77133,0.0,0.0
2025-07-08 00:00:00-04:00,7.199999809265137,7.289999961853027,7.019999980926514,7.11899995803833,13733,0.0,0.0
2025-07-09 00:00:00-04:00,7.110000133514404,7.244999885559082,6.75,7.011000156402588,13900,0.0,0.0
2025-07-10 00:00:00-04:00,7.019999980926514,7.640999794006348,6.867000102996826,7.182000160217285,212289,0.0,0.0
2025-07-11 00:00:00-04:00,6.803999900817871,7.011000156402588,6.03000020980835,6.75,677778,0.0,0.0
2025-07-14 00:00:00-04:00,6.75,7.164000034332275,6.480000019073486,6.669000148773193,88256,0.0,0.0
2025-07-15 00:00:00-04:00,7.019999980926514,7.739999771118164,6.659999847412109,7.244999885559082,207067,0.0,0.0
2025-07-16 00:00:00-04:00,7.650000095367432,10.800000190734863,6.210000038146973,6.480000019073486,1486833,0.0,0.0
2025-07-17 00:00:00-04:00,7.0289998054504395,7.380000114440918,6.659999847412109,7.15500020980835,212444,0.0,0.0
2025-07-18 00:00:00-04:00,7.209000110626221,7.497000217437744,6.480000019073486,6.741000175476074,106744,0.0,0.0
2025-07-21 00:00:00-04:00,6.840000152587891,6.857999801635742,6.480000019073486,6.570000171661377,69300,0.0,0.0
2025-07-22 00:00:00-04:00,6.39900016784668,6.642000198364258,6.300000190734863,6.36299991607666,92033,0.0,0.0
2025-07-23 00:00:00-04:00,6.669000148773193,6.984000205993652,5.913000106811523,6.210000038146973,819078,0.0,0.0
2025-07-24 00:00:00-04:00,6.164999961853027,6.218999862670898,4.679999828338623,4.815000057220459,327933,0.0,0.0
2025-07-25 00:00:00-04:00,4.815000057220459,5.355000019073486,4.734000205993652,5.336999893188477,90544,0.0,0.0
2025-07-28 00:00:00-04:00,5.599999904632568,5.599999904632568,4.875,5.0,160100,0.0,0.1111111111111111
2025-07-29 00:00:00-04:00,5.25,5.380000114440918,4.050000190734863,4.110000133514404,8435400,0.0,0.0
2025-07-30 00:00:00-04:00,4.050000190734863,4.940000057220459,3.559999942779541,4.730000019073486,835100,0.0,0.0
2025-07-31 00:00:00-04:00,4.260000228881836,4.361000061035156,3.940000057220459,4.090000152587891,213500,0.0,0.0
2025-08-01 00:00:00-04:00,3.8399999141693115,4.170000076293945,3.7909998893737793,4.039999961853027,165500,0.0,0.0
2025-08-04 00:00:00-04:00,4.090000152587891,4.349999904632568,3.9600000381469727,4.230000019073486,106200,0.0,0.0
2025-08-05 00:00:00-04:00,4.139999866485596,4.230000019073486,3.5,3.6500000953674316,165200,0.0,0.0
2025-08-06 00:00:00-04:00,3.369999885559082,3.5,3.0199999809265137,3.130000114440918,145700,0.0,0.0
2025-08-07 00:00:00-04:00,3.2799999713897705,3.4800000190734863,2.9700000286102295,3.200000047683716,5264000,0.0,0.0
2025-08-08 00:00:00-04:00,3.109999895095825,3.3399999141693115,3.0299999713897705,3.130000114440918,147700,0.0,0.0
2025-08-11 00:00:00-04:00,2.9800000190734863,3.2300000190734863,2.9800000190734863,3.119999885559082,144700,0.0,0.0
2025-08-12 00:00:00-04:00,3.2200000286102295,3.325000047683716,3.0399999618530273,3.1500000953674316,182900,0.0,0.0
2025-08-13 00:00:00-04:00,3.0899999141693115,3.2899999618530273,3.0,3.059999942779541,172200,0.0,0.0
2025-08-14 00:00:00-04:00,3.240000009536743,3.2990000247955322,3.0799999237060547,3.25,168700,0.0,0.0
2025-08-15 00:00:00-04:00,3.299999952316284,3.299999952316284,3.140000104904175,3.2200000286102295,86400,0.0,0.0
2025-08-18 00:00:00-04:00,3.1500000953674316,3.2320001125335693,2.75,2.930000066757202,190100,0.0,0.0
2025-08-19 00:00:00-04:00,3.119999885559082,3.177999973297119,2.940000057220459,3.0,196800,0.0,0.0
2025-08-20 00:00:00-04:00,3.0,3.0399999618530273,2.869999885559082,2.9600000381469727,111100,0.0,0.0
2025-08-21 00:00:00-04:00,2.9600000381469727,2.9800000190734863,2.9000000953674316,2.950000047683716,48300,0.0,0.0
2025-08-22 00:00:00-04:00,2.950000047683716,3.0399999618530273,2.8299999237060547,2.930000066757202,90800,0.0,0.0
2025-08-25 00:00:00-04:00,2.890000104904175,3.049999952316284,2.880000114440918,2.890000104904175,151400,0.0,0.0
2025-08-26 00:00:00-04:00,2.9000000953674316,3.0199999809265137,2.7699999809265137,2.799999952316284,129100,0.0,0.0
2025-08-27 00:00:00-04:00,2.890000104904175,2.9000000953674316,2.4100000858306885,2.450000047683716,9742600,0.0,0.0
2025-08-28 00:00:00-04:00,2.4000000953674316,2.549999952316284,2.390000104904175,2.4800000190734863,272500,0.0,0.0
2025-08-29 00:00:00-04:00,2.5299999713897705,2.5299999713897705,2.299999952316284,2.4200000762939453,108600,0.0,0.0
2025-09-02 00:00:00-04:00,2.4100000858306885,2.630000114440918,2.3949999809265137,2.5199999809265137,205400,0.0,0.0
2025-09-03 00:00:00-04:00,2.5199999809265137,2.5299999713897705,2.4100000858306885,2.440000057220459,117300,0.0,0.0
2025-09-04 00:00:00-04:00,2.440000057220459,2.5899999141693115,2.4200000762939453,2.5399999618530273,75700,0.0,0.0
2025-09-05 00:00:00-04:00,2.4700000286102295,2.569999933242798,2.4149999618530273,2.509999990463257,31200,0.0,0.0
2025-09-08 00:00:00-04:00,2.5299999713897705,2.549999952316284,2.3299999237060547,2.4100000858306885,61100,0.0,0.0
2025-09-09 00:00:00-04:00,2.369999885559082,2.4000000953674316,2.2980000972747803,2.369999885559082,123500,0.0,0.0
2025-09-10 00:00:00-04:00,2.3299999237060547,2.390000104904175,2.2100000381469727,2.2300000190734863,99300,0.0,0.0
2025-09-11 00:00:00-04:00,2.2699999809265137,2.319999933242798,2.200000047683716,2.2699999809265137,56600,0.0,0.0
2025-09-12 00:00:00-04:00,2.3499999046325684,2.500999927520752,2.3399999141693115,2.4000000953674316,109800,0.0,0.0
2025-09-15 00:00:00-04:00,2.4100000858306885,2.4110000133514404,2.259999990463257,2.369999885559082,59300,0.0,0.0
2025-09-16 00:00:00-04:00,2.359999895095825,2.359999895095825,2.259999990463257,2.299999952316284,32900,0.0,0.0
2025-09-17 00:00:00-04:00,2.3299999237060547,2.4000000953674316,2.309999942779541,2.369999885559082,44900,0.0,0.0
2025-09-18 00:00:00-04:00,2.369999885559082,2.369999885559082,2.309999942779541,2.3499999046325684,27900,0.0,0.0
2025-09-19 00:00:00-04:00,2.369999885559082,2.4200000762939453,2.309999942779541,2.4100000858306885,668000,0.0,0.0
2025-09-22 00:00:00-04:00,7.25,8.989999771118164,5.099999904632568,5.730000019073486,121936000,0.0,0.0
2025-09-23 00:00:00-04:00,5.260000228881836,5.260000228881836,4.059999942779541,4.210000038146973,2909200,0.0,0.0
2025-09-24 00:00:00-04:00,4.360000133514404,4.460000038146973,3.809999942779541,3.930000066757202,1487500,0.0,0.0
2025-09-25 00:00:00-04:00,3.690000057220459,4.109000205993652,3.6600000858306885,3.700000047683716,980200,0.0,0.0
2025-09-26 00:00:00-04:00,3.630000114440918,3.8499999046325684,3.5,3.5199999809265137,734300,0.0,0.0
2025-09-29 00:00:00-04:00,3.490000009536743,3.640000104904175,3.200000047683716,3.2200000286102295,826200,0.0,0.0
2025-09-30 00:00:00-04:00,3.109999895095825,3.263000011444092,2.950000047683716,3.25,528300,0.0,0.0
2025-10-01 00:00:00-04:00,3.2899999618530273,3.9800000190734863,3.2750000953674316,3.8399999141693115,903800,0.0,0.0
2025-10-02 00:00:00-04:00,3.9100000858306885,4.179999828338623,3.6500000953674316,3.7899999618530273,717700,0.0,0.0
2025-10-03 00:00:00-04:00,3.799999952316284,4.360000133514404,3.799999952316284,4.050000190734863,585500,0.0,0.0
2025-10-06 00:00:00-04:00,4.019999980926514,4.300000190734863,3.9100000858306885,4.239999771118164,344600,0.0,0.0
2025-10-07 00:00:00-04:00,4.150000095367432,4.199999809265137,3.75,3.7799999713897705,347800,0.0,0.0
2025-10-08 00:00:00-04:00,3.7799999713897705,3.819999933242798,3.549999952316284,3.630000114440918,230900,0.0,0.0
2025-10-09 00:00:00-04:00,3.5999999046325684,3.7799999713897705,3.5999999046325684,3.6600000858306885,228300,0.0,0.0
2025-10-10 00:00:00-04:00,3.559999942779541,3.819999933242798,3.559999942779541,3.630000114440918,295100,0.0,0.0
2025-10-13 00:00:00-04:00,3.5199999809265137,3.5999999046325684,3.4600000381469727,3.4700000286102295,167700,0.0,0.0
2025-10-14 00:00:00-04:00,3.3299999237060547,3.496999979019165,3.299999952316284,3.4700000286102295,1300600,0.0,0.0
2025-10-15 00:00:00-04:00,3.680000066757202,4.260000228881836,3.6510000228881836,3.7300000190734863,788700,0.0,0.0
2025-10-16 00:00:00-04:00,3.6500000953674316,3.869999885559082,3.609999895095825,3.609999895095825,235500,0.0,0.0
2025-10-17 00:00:00-04:00,3.5799999237060547,3.7200000286102295,3.5199999809265137,3.7100000381469727,169100,0.0,0.0
2025-10-20 00:00:00-04:00,3.700000047683716,3.75,3.621000051498413,3.6700000762939453,111000,0.0,0.0
2025-10-21 00:00:00-04:00,3.640000104904175,3.8410000801086426,3.5999999046325684,3.690000057220459,81700,0.0,0.0
2025-10-22 00:00:00-04:00,3.619999885559082,3.680000066757202,3.450000047683716,3.509999990463257,169800,0.0,0.0
2025-10-23 00:00:00-04:00,3.4700000286102295,3.509999990463257,3.200000047683716,3.240000009536743,104300,0.0,0.0
2025-10-24 00:00:00-04:00,3.299999952316284,3.4000000953674316,3.25,3.299999952316284,145300,0.0,0.0
2025-10-27 00:00:00-04:00,3.4100000858306885,3.430000066757202,3.0299999713897705,3.069999933242798,596400,0.0,0.0
2025-10-28 00:00:00-04:00,3.140000104904175,3.190000057220459,2.9800000190734863,3.1700000762939453,299700,0.0,0.0
2025-10-29 00:00:00-04:00,3.25,3.5999999046325684,3.140000104904175,3.25,384900,0.0,0.0
2025-10-30 00:00:00-04:00,3.1700000762939453,3.380000114440918,3.1449999809265137,3.2200000286102295,114800,0.0,0.0
2025-10-31 00:00:00-04:00,3.2300000190734863,3.2990000247955322,2.9709999561309814,3.0199999809265137,140700,0.0,0.0
2025-11-03 00:00:00-05:00,3.0199999809265137,3.0889999866485596,2.7100000381469727,2.734999895095825,205900,0.0,0.0
2025-11-04 00:00:00-05:00,2.6500000953674316,2.7200000286102295,2.440000057220459,2.450000047683716,120000,0.0,0.0
2025-11-05 00:00:00-05:00,2.509999990463257,2.9000000953674316,2.450000047683716,2.799999952316284,569000,0.0,0.0
2025-11-06 00:00:00-05:00,2.9200000762939453,2.9200000762939453,2.430000066757202,2.490000009536743,509200,0.0,0.0
2025-11-07 00:00:00-05:00,2.450000047683716,2.450000047683716,2.1500000953674316,2.190000057220459,368300,0.0,0.0
2025-11-10 00:00:00-05:00,2.2699999809265137,2.369999885559082,2.180000066757202,2.184999942779541,79300,0.0,0.0
2025-11-11 00:00:00-05:00,2.1700000762939453,2.180000066757202,1.9500000476837158,2.0399999618530273,156900,0.0,0.0
2025-11-12 00:00:00-05:00,2.2100000381469727,2.440000057220459,2.121000051498413,2.3299999237060547,331200,0.0,0.0
2025-11-13 00:00:00-05:00,2.4000000953674316,2.6500000953674316,1.75,1.8300000429153442,2895800,0.0,0.0
2025-11-14 00:00:00-05:00,1.7799999713897705,2.0,1.7000000476837158,1.7999999523162842,226300,0.0,0.0
2025-11-17 00:00:00-05:00,1.8300000429153442,1.8700000047683716,1.6299999952316284,1.7100000381469727,173900,0.0,0.0
2025-11-18 00:00:00-05:00,1.6799999475479126,1.7949999570846558,1.559999942779541,1.6299999952316284,187500,0.0,0.0
2025-11-19 00:00:00-05:00,1.600000023841858,1.6610000133514404,1.4299999475479126,1.5,176100,0.0,0.0
2025-11-20 00:00:00-05:00,1.649999976158142,1.840000033378601,1.559999942779541,1.649999976158142,425100,0.0,0.0
2025-11-21 00:00:00-05:00,1.75,1.75,1.5509999990463257,1.7200000286102295,123900,0.0,0.0
2025-11-24 00:00:00-05:00,1.6699999570846558,1.9900000095367432,1.6510000228881836,1.899999976158142,263800,0.0,0.0
2025-11-25 00:00:00-05:00,1.840000033378601,1.9500000476837158,1.7699999809265137,1.9299999475479126,174700,0.0,0.0
2025-11-26 00:00:00-05:00,1.8899999856948853,1.9299999475479126,1.7899999618530273,1.909999966621399,294500,0.0,0.0
2025-11-28 00:00:00-05:00,1.9299999475479126,2.0799999237060547,1.850000023841858,1.9700000286102295,109700,0.0,0.0
2025-12-01 00:00:00-05:00,1.9299999475479126,1.9500000476837158,1.809999942779541,1.8899999856948853,29900,0.0,0.0
2025-12-02 00:00:00-05:00,1.909999966621399,1.9900000095367432,1.8799999952316284,1.9199999570846558,83700,0.0,0.0
2025-12-03 00:00:00-05:00,1.9299999475479126,2.2699999809265137,1.8799999952316284,2.0999999046325684,211700,0.0,0.0
2025-12-04 00:00:00-05:00,2.0899999141693115,2.1449999809265137,1.9500000476837158,2.0399999618530273,129400,0.0,0.0
2025-12-05 00:00:00-05:00,2.0299999713897705,2.049999952316284,1.9299999475479126,1.9600000381469727,88200,0.0,0.0
2025-12-08 00:00:00-05:00,1.9600000381469727,1.9789999723434448,1.8029999732971191,1.809999942779541,86800,0.0,0.0
2025-12-09 00:00:00-05:00,1.7999999523162842,1.8450000286102295,1.5800000429153442,1.6399999856948853,224600,0.0,0.0
2025-12-10 00:00:00-05:00,1.600000023841858,1.6299999952316284,1.4500000476837158,1.6299999952316284,175800,0.0,0.0
2025-12-11 00:00:00-05:00,1.7000000476837158,1.7300000190734863,1.5549999475479126,1.6299999952316284,122500,0.0,0.0
2025-12-12 00:00:00-05:00,1.6200000047683716,1.6690000295639038,1.534999966621399,1.5800000429153442,81700,0.0,0.0
2025-12-15 00:00:00-05:00,1.590000033378601,1.6100000143051147,1.5,1.559999942779541,79500,0.0,0.0
2025-12-16 00:00:00-05:00,1.5499999523162842,1.559999942779541,1.409999966621399,1.4299999475479126,48400,0.0,0.0
2025-12-17 00:00:00-05:00,1.4299999475479126,1.4500000476837158,1.2799999713897705,1.3200000524520874,40900,0.0,0.0
2025-12-18 00:00:00-05:00,1.3300000429153442,1.4160000085830688,1.2599999904632568,1.2899999618530273,52200,0.0,0.0
2025-12-19 00:00:00-05:00,1.340000033378601,1.371999979019165,1.1200000047683716,1.2300000190734863,133500,0.0,0.0
2025-12-22 00:00:00-05:00,1.2599999904632568,1.2690000534057617,1.1449999809265137,1.1699999570846558,101500,0.0,0.0
2025-12-23 00:00:00-05:00,1.1699999570846558,1.2799999713897705,1.159999966621399,1.225000023841858,157100,0.0,0.0
2025-12-24 00:00:00-05:00,1.2200000286102295,1.5049999952316284,1.2100000381469727,1.2799999713897705,248600,0.0,0.0
2025-12-26 00:00:00-05:00,1.2400000095367432,1.440000057220459,1.2400000095367432,1.3700000047683716,123700,0.0,0.0
2025-12-29 00:00:00-05:00,1.3700000047683716,1.4299999475479126,1.2899999618530273,1.2899999618530273,119900,0.0,0.0
2025-12-30 00:00:00-05:00,1.2999999523162842,1.6299999952316284,1.2999999523162842,1.4500000476837158,237200,0.0,0.0
2025-12-31 00:00:00-05:00,1.4700000286102295,1.7400000095367432,1.4700000286102295,1.5099999904632568,194600,0.0,0.0
2026-01-02 00:00:00-05:00,1.5199999809265137,1.75,1.5199999809265137,1.6100000143051147,126800,0.0,0.0
2026-01-05 00:00:00-05:00,1.6799999475479126,1.7899999618530273,1.5399999618530273,1.5499999523162842,233300,0.0,0.0
2026-01-06 00:00:00-05:00,1.690000057220459,1.7000000476837158,1.5449999570846558,1.559999942779541,165700,0.0,0.0
2026-01-07 00:00:00-05:00,1.600000023841858,1.8650000095367432,1.600000023841858,1.7400000095367432,142400,0.0,0.0
2026-01-08 00:00:00-05:00,1.7599999904632568,1.7979999780654907,1.6299999952316284,1.6699999570846558,83500,0.0,0.0
2026-01-09 00:00:00-05:00,1.7000000476837158,1.940000057220459,1.6399999856948853,1.809999942779541,165800,0.0,0.0
2026-01-12 00:00:00-05:00,1.850000023841858,2.115000009536743,1.8300000429153442,1.8300000429153442,174200,0.0,0.0
2026-01-13 00:00:00-05:00,1.8200000524520874,2.240000009536743,1.8200000524520874,2.075000047683716,282200,0.0,0.0
2026-01-14 00:00:00-05:00,2.130000114440918,2.200000047683716,2.049999952316284,2.059999942779541,166000,0.0,0.0
2026-01-15 00:00:00-05:00,2.0,2.240000009536743,2.0,2.109999895095825,117300,0.0,0.0
2026-01-16 00:00:00-05:00,2.109999895095825,2.259999990463257,1.5099999904632568,1.590000033378601,334300,0.0,0.0
2026-01-20 00:00:00-05:00,1.5800000429153442,1.659999966621399,1.5,1.5449999570846558,144300,0.0,0.0
2026-01-21 00:00:00-05:00,1.4500000476837158,1.7239999771118164,1.3949999809265137,1.5299999713897705,240900,0.0,0.0
2026-01-22 00:00:00-05:00,1.5199999809265137,1.7549999952316284,1.5199999809265137,1.6799999475479126,177900,0.0,0.0
2026-01-23 00:00:00-05:00,1.7000000476837158,1.899999976158142,1.6799999475479126,1.8700000047683716,205800,0.0,0.0
2026-01-26 00:00:00-05:00,1.809999942779541,2.053999900817871,1.7300000190734863,1.7300000190734863,365600,0.0,0.0
2026-01-27 00:00:00-05:00,1.25,1.3200000524520874,0.9700000286102295,1.0399999618530273,8998000,0.0,0.0
2026-01-28 00:00:00-05:00,1.0800000429153442,1.1399999856948853,1.0,1.0199999809265137,2145700,0.0,0.0
2026-01-29 00:00:00-05:00,1.0199999809265137,1.0399999618530273,0.7300000190734863,0.7710000276565552,2458500,0.0,0.0
2026-01-30 00:00:00-05:00,0.7710000276565552,0.8399999737739563,0.75,0.8109999895095825,1102900,0.0,0.0
2026-02-02 00:00:00-05:00,0.800000011920929,0.8100000023841858,0.6970000267028809,0.7450000047683716,1365500,0.0,0.0
2026-02-03 00:00:00-05:00,0.7400000095367432,0.7870000004768372,0.6269999742507935,0.7120000123977661,2787700,0.0,0.0
2026-02-04 00:00:00-05:00,0.7070000171661377,0.7799999713897705,0.6610000133514404,0.7269999980926514,824700,0.0,0.0
2026-02-05 00:00:00-05:00,0.7009999752044678,0.7310000061988831,0.6110000014305115,0.6299999952316284,1149700,0.0,0.0
2026-02-06 00:00:00-05:00,0.621999979019165,0.7129999995231628,0.6100000143051147,0.6610000133514404,799900,0.0,0.0
2026-02-09 00:00:00-05:00,0.7059999704360962,0.7670000195503235,0.6610000133514404,0.6890000104904175,1086100,0.0,0.0
2026-02-10 00:00:00-05:00,0.699999988079071,0.7590000033378601,0.6899999976158142,0.6919999718666077,970500,0.0,0.0
2026-02-11 00:00:00-05:00,0.7099999785423279,0.75,0.6809999942779541,0.7369999885559082,1313700,0.0,0.0
2026-02-12 00:00:00-05:00,0.7110000252723694,0.7360000014305115,0.6269999742507935,0.6269999742507935,927200,0.0,0.0
2026-02-13 00:00:00-05:00,0.6449999809265137,0.7200000286102295,0.6000000238418579,0.6930000185966492,5075400,0.0,0.0
2026-02-17 00:00:00-05:00,0.6930000185966492,0.699999988079071,0.6510000228881836,0.671999990940094,212800,0.0,0.0
2026-02-18 00:00:00-05:00,0.6800000071525574,0.699999988079071,0.6489999890327454,0.6489999890327454,140100,0.0,0.0
2026-02-19 00:00:00-05:00,0.6600000262260437,0.7049999833106995,0.6010000109672546,0.6010000109672546,256700,0.0,0.0
2026-02-20 00:00:00-05:00,0.6019999980926514,0.6449999809265137,0.6000000238418579,0.6000000238418579,143400,0.0,0.0
2026-02-23 00:00:00-05:00,0.5960000157356262,0.6460000276565552,0.550000011920929,0.5559999942779541,138100,0.0,0.0
2026-02-24 00:00:00-05:00,0.5569999814033508,0.6449999809265137,0.5569999814033508,0.625,507000,0.0,0.0
2026-02-25 00:00:00-05:00,0.699999988079071,0.75,0.6669999957084656,0.7300000190734863,1265200,0.0,0.0
2026-02-26 00:00:00-05:00,0.7599999904632568,0.800000011920929,0.7350000143051147,0.7490000128746033,1043200,0.0,0.0
2026-02-27 00:00:00-05:00,0.7450000047683716,0.7799999713897705,0.7210000157356262,0.7490000128746033,546900,0.0,0.0
2026-03-02 00:00:00-05:00,0.7099999785423279,0.7879999876022339,0.7089999914169312,0.75,181000,0.0,0.0
2026-03-03 00:00:00-05:00,0.7350000143051147,0.7960000038146973,0.6819999814033508,0.7049999833106995,481900,0.0,0.0
2026-03-04 00:00:00-05:00,0.7400000095367432,0.800000011920929,0.7070000171661377,0.7580000162124634,875800,0.0,0.0
2026-03-05 00:00:00-05:00,0.800000011920929,0.8119999766349792,0.75,0.7730000019073486,745500,0.0,0.0
2026-03-06 00:00:00-05:00,0.7649999856948853,0.800000011920929,0.6800000071525574,0.7329999804496765,505000,0.0,0.0
2026-03-09 00:00:00-04:00,0.7300000190734863,0.7699999809265137,0.6949999928474426,0.7450000047683716,196800,0.0,0.0
2026-03-10 00:00:00-04:00,0.7599999904632568,0.8100000023841858,0.7110000252723694,0.7400000095367432,703800,0.0,0.0
2026-03-11 00:00:00-04:00,0.7590000033378601,0.8199999928474426,0.753000020980835,0.7599999904632568,400100,0.0,0.0
2026-03-12 00:00:00-04:00,0.7720000147819519,0.8090000152587891,0.7350000143051147,0.7599999904632568,612800,0.0,0.0
2026-03-13 00:00:00-04:00,0.7739999890327454,0.796999990940094,0.7400000095367432,0.765999972820282,238600,0.0,0.0
2026-03-16 00:00:00-04:00,0.7559999823570251,0.8629999756813049,0.7559999823570251,0.8330000042915344,273800,0.0,0.0
2026-03-17 00:00:00-04:00,0.8259999752044678,0.8399999737739563,0.7900000214576721,0.8100000023841858,167700,0.0,0.0
2026-03-18 00:00:00-04:00,0.7940000295639038,0.8090000152587891,0.7480000257492065,0.7699999809265137,139000,0.0,0.0
2026-03-19 00:00:00-04:00,0.7549999952316284,0.7829999923706055,0.722000002861023,0.7429999709129333,112700,0.0,0.0
2026-03-20 00:00:00-04:00,0.7210000157356262,0.7329999804496765,0.6669999957084656,0.6899999976158142,130300,0.0,0.0
2026-03-23 00:00:00-04:00,0.6800000071525574,0.7200000286102295,0.671999990940094,0.7080000042915344,161700,0.0,0.0
2026-03-24 00:00:00-04:00,0.6990000009536743,0.699999988079071,0.6389999985694885,0.6489999890327454,131500,0.0,0.0
2026-03-25 00:00:00-04:00,0.6779999732971191,0.6779999732971191,0.6299999952316284,0.6679999828338623,69300,0.0,0.0
2026-03-26 00:00:00-04:00,0.6679999828338623,0.6729999780654907,0.6100000143051147,0.6100000143051147,135900,0.0,0.0
2026-03-27 00:00:00-04:00,0.6060000061988831,0.6100000143051147,0.550000011920929,0.5619999766349792,219900,0.0,0.0
2026-03-30 00:00:00-04:00,0.550000011920929,0.5559999942779541,0.5049999952316284,0.5149999856948853,181000,0.0,0.0
2026-03-31 00:00:00-04:00,0.5149999856948853,0.6100000143051147,0.5149999856948853,0.5979999899864197,311200,0.0,0.0
2026-04-01 00:00:00-04:00,0.6430000066757202,0.6430000066757202,0.5600000023841858,0.5699999928474426,215000,0.0,0.0
2026-04-02 00:00:00-04:00,0.5609999895095825,0.5989999771118164,0.550000011920929,0.5820000171661377,248500,0.0,0.0
2026-04-06 00:00:00-04:00,0.6069999933242798,0.625,0.5210000276565552,0.5249999761581421,260800,0.0,0.0
2026-04-07 00:00:00-04:00,0.5400000214576721,0.5400000214576721,0.49000000953674316,0.49300000071525574,383800,0.0,0.0
2026-04-08 00:00:00-04:00,0.5139999985694885,0.5659999847412109,0.4699999988079071,0.531000018119812,1745000,0.0,0.0
2026-04-09 00:00:00-04:00,0.5590000152587891,0.5809999704360962,0.531000018119812,0.5699999928474426,271000,0.0,0.0
2026-04-10 00:00:00-04:00,0.5770000219345093,0.6299999952316284,0.5619999766349792,0.6230000257492065,270100,0.0,0.0
2026-04-13 00:00:00-04:00,0.6100000143051147,0.6520000100135803,0.5789999961853027,0.6200000047683716,311300,0.0,0.0
2026-04-14 00:00:00-04:00,0.621999979019165,0.6349999904632568,0.5509999990463257,0.5630000233650208,404900,0.0,0.0
2026-04-15 00:00:00-04:00,0.5529999732971191,0.5820000171661377,0.5529999732971191,0.5730000138282776,330700,0.0,0.0
2026-04-16 00:00:00-04:00,0.5899999737739563,0.6110000014305115,0.550000011920929,0.6019999980926514,333700,0.0,0.0
2026-04-17 00:00:00-04:00,0.6269999742507935,0.6669999957084656,0.6190000176429749,0.6399999856948853,266200,0.0,0.0
2026-04-20 00:00:00-04:00,0.6800000071525574,0.7419999837875366,0.5699999928474426,0.6039999723434448,811500,0.0,0.0
2026-04-21 00:00:00-04:00,0.6100000143051147,0.6119999885559082,0.5389999747276306,0.5640000104904175,832500,0.0,0.0
2026-04-22 00:00:00-04:00,0.5799999833106995,0.5799999833106995,0.550000011920929,0.5529999732971191,560600,0.0,0.0
2026-04-23 00:00:00-04:00,0.550000011920929,0.550000011920929,0.4950000047683716,0.5260000228881836,680400,0.0,0.0
2026-04-24 00:00:00-04:00,0.5199999809265137,0.5299999713897705,0.48399999737739563,0.5299999713897705,574000,0.0,0.0
2026-04-27 00:00:00-04:00,0.5299999713897705,0.5329999923706055,0.5180000066757202,0.5239999890327454,111900,0.0,0.0
2026-04-28 00:00:00-04:00,0.5149999856948853,0.5199999809265137,0.4749999940395355,0.5009999871253967,316400,0.0,0.0
2026-04-29 00:00:00-04:00,0.49129998683929443,0.5134000182151794,0.49000000953674316,0.5102999806404114,1362048,0.0,0.0
