Date,Open,High,Low,Close,Volume,Dividends,Stock Splits
2023-02-13 00:00:00-05:00,6.5,6.5,6.5,6.5,0,0.0,0.0
2023-02-14 00:00:00-05:00,5.300000190734863,5.829999923706055,4.400000095367432,4.760000228881836,1912800,0.0,0.0
2023-02-15 00:00:00-05:00,4.690000057220459,5.300000190734863,4.5,5.047999858856201,523000,0.0,0.0
2023-02-16 00:00:00-05:00,5.170000076293945,5.5,4.940000057220459,5.070000171661377,367600,0.0,0.0
2023-02-17 00:00:00-05:00,5.110000133514404,5.389999866485596,4.5,4.760000228881836,435100,0.0,0.0
2023-02-21 00:00:00-05:00,4.690000057220459,4.699999809265137,4.199999809265137,4.230000019073486,220200,0.0,0.0
2023-02-22 00:00:00-05:00,4.199999809265137,4.389999866485596,3.9000000953674316,3.9100000858306885,145600,0.0,0.0
2023-02-23 00:00:00-05:00,4.0,4.360000133514404,3.6029999256134033,3.674999952316284,137900,0.0,0.0
2023-02-24 00:00:00-05:00,3.5399999618530273,3.5399999618530273,3.200000047683716,3.240000009536743,88600,0.0,0.0
2023-02-27 00:00:00-05:00,3.0399999618530273,3.390000104904175,2.559999942779541,2.7300000190734863,199600,0.0,0.0
2023-02-28 00:00:00-05:00,3.5,3.5899999141693115,2.7799999713897705,2.950000047683716,403700,0.0,0.0
2023-03-01 00:00:00-05:00,2.950000047683716,3.0899999141693115,2.6540000438690186,2.740000009536743,52600,0.0,0.0
2023-03-02 00:00:00-05:00,2.6500000953674316,2.9830000400543213,2.569999933242798,2.7300000190734863,234500,0.0,0.0
2023-03-03 00:00:00-05:00,3.5299999713897705,4.039999961853027,3.130000114440918,3.5399999618530273,5724200,0.0,0.0
2023-03-06 00:00:00-05:00,3.319999933242798,4.301000118255615,3.309999942779541,3.880000114440918,1642000,0.0,0.0
2023-03-07 00:00:00-05:00,3.8499999046325684,4.190000057220459,3.6500000953674316,4.03000020980835,365000,0.0,0.0
2023-03-08 00:00:00-05:00,4.130000114440918,4.519999980926514,3.9000000953674316,4.349999904632568,321500,0.0,0.0
2023-03-09 00:00:00-05:00,4.210000038146973,4.440000057220459,3.6510000228881836,3.809999942779541,303600,0.0,0.0
2023-03-10 00:00:00-05:00,3.6600000858306885,3.9100000858306885,3.299999952316284,3.5299999713897705,126900,0.0,0.0
2023-03-13 00:00:00-04:00,3.5999999046325684,3.759999990463257,3.359999895095825,3.359999895095825,122800,0.0,0.0
2023-03-14 00:00:00-04:00,3.369999885559082,3.569000005722046,2.859999895095825,2.9700000286102295,145100,0.0,0.0
2023-03-15 00:00:00-04:00,2.950000047683716,3.0999999046325684,2.75,2.890000104904175,79600,0.0,0.0
2023-03-16 00:00:00-04:00,2.8499999046325684,2.990000009536743,2.75,2.799999952316284,43600,0.0,0.0
2023-03-17 00:00:00-04:00,2.75,2.924999952316284,2.5,2.7200000286102295,79300,0.0,0.0
2023-03-20 00:00:00-04:00,2.700000047683716,2.809999942779541,2.509999990463257,2.5399999618530273,23000,0.0,0.0
2023-03-21 00:00:00-04:00,2.5,2.950000047683716,2.4700000286102295,2.7799999713897705,195500,0.0,0.0
2023-03-22 00:00:00-04:00,2.799999952316284,2.799999952316284,2.5999999046325684,2.630000114440918,85400,0.0,0.0
2023-03-23 00:00:00-04:00,2.559999942779541,2.859999895095825,2.509999990463257,2.690000057220459,126800,0.0,0.0
2023-03-24 00:00:00-04:00,2.630000114440918,2.799999952316284,2.549999952316284,2.680000066757202,67800,0.0,0.0
2023-03-27 00:00:00-04:00,2.799999952316284,3.0899999141693115,2.5299999713897705,2.9700000286102295,357500,0.0,0.0
2023-03-28 00:00:00-04:00,3.0999999046325684,3.4000000953674316,2.8389999866485596,3.0199999809265137,334100,0.0,0.0
2023-03-29 00:00:00-04:00,3.140000104904175,3.140000104904175,2.5999999046325684,2.7100000381469727,153200,0.0,0.0
2023-03-30 00:00:00-04:00,2.7300000190734863,3.0,2.7300000190734863,2.990000009536743,176400,0.0,0.0
2023-03-31 00:00:00-04:00,2.9700000286102295,3.640000104904175,2.809999942779541,3.390000104904175,958200,0.0,0.0
2023-04-03 00:00:00-04:00,3.450000047683716,4.690000057220459,3.25,4.690000057220459,1552900,0.0,0.0
2023-04-04 00:00:00-04:00,6.840000152587891,9.5,5.550000190734863,6.0,39683500,0.0,0.0
2023-04-05 00:00:00-04:00,5.320000171661377,5.599999904632568,3.799999952316284,4.079999923706055,2887500,0.0,0.0
2023-04-06 00:00:00-04:00,3.9800000190734863,5.230000019073486,3.9800000190734863,4.889999866485596,5068700,0.0,0.0
2023-04-10 00:00:00-04:00,4.929999828338623,5.670000076293945,4.599999904632568,4.659999847412109,1733300,0.0,0.0
2023-04-11 00:00:00-04:00,4.650000095367432,4.909999847412109,4.119999885559082,4.309999942779541,1068000,0.0,0.0
2023-04-12 00:00:00-04:00,4.539999961853027,6.389999866485596,4.300000190734863,6.130000114440918,8264700,0.0,0.0
2023-04-13 00:00:00-04:00,5.953000068664551,7.059999942779541,5.019999980926514,5.599999904632568,6939200,0.0,0.0
2023-04-14 00:00:00-04:00,6.489999771118164,8.210000038146973,6.239999771118164,6.820000171661377,12865900,0.0,0.0
2023-04-17 00:00:00-04:00,7.179999828338623,7.690000057220459,6.099999904632568,6.800000190734863,3165300,0.0,0.0
2023-04-18 00:00:00-04:00,7.0,7.199999809265137,6.119999885559082,6.389999866485596,1078200,0.0,0.0
2023-04-19 00:00:00-04:00,6.300000190734863,6.849999904632568,6.150000095367432,6.610000133514404,1057000,0.0,0.0
2023-04-20 00:00:00-04:00,6.610000133514404,8.800000190734863,6.5,8.739999771118164,6717000,0.0,0.0
2023-04-21 00:00:00-04:00,8.470000267028809,8.59000015258789,6.440000057220459,6.619999885559082,3111800,0.0,0.0
2023-04-24 00:00:00-04:00,6.539999961853027,6.64300012588501,5.28000020980835,5.429999828338623,1547000,0.0,0.0
2023-04-25 00:00:00-04:00,5.429999828338623,6.199999809265137,5.429999828338623,5.659999847412109,1917600,0.0,0.0
2023-04-26 00:00:00-04:00,5.989999771118164,6.199999809265137,5.150000095367432,5.25,993700,0.0,0.0
2023-04-27 00:00:00-04:00,5.320000171661377,5.348999977111816,4.659999847412109,4.920000076293945,1067100,0.0,0.0
2023-04-28 00:00:00-04:00,4.900000095367432,4.900000095367432,4.349999904632568,4.46999979019165,881200,0.0,0.0
2023-05-01 00:00:00-04:00,4.489999771118164,5.400000095367432,4.460999965667725,5.059999942779541,1354000,0.0,0.0
2023-05-02 00:00:00-04:00,5.0,6.298999786376953,4.679999828338623,5.78000020980835,2110000,0.0,0.0
2023-05-03 00:00:00-04:00,5.789999961853027,5.949999809265137,4.949999809265137,5.03000020980835,530600,0.0,0.0
2023-05-04 00:00:00-04:00,5.21999979019165,5.840000152587891,5.130000114440918,5.269999980926514,998700,0.0,0.0
2023-05-05 00:00:00-04:00,5.550000190734863,5.630000114440918,5.050000190734863,5.260000228881836,430800,0.0,0.0
2023-05-08 00:00:00-04:00,5.150000095367432,5.46999979019165,4.849999904632568,5.340000152587891,443500,0.0,0.0
2023-05-09 00:00:00-04:00,5.349999904632568,5.920000076293945,5.130000114440918,5.28000020980835,685700,0.0,0.0
2023-05-10 00:00:00-04:00,5.329999923706055,5.590000152587891,4.900000095367432,5.170000076293945,591600,0.0,0.0
2023-05-11 00:00:00-04:00,5.039999961853027,5.300000190734863,4.739999771118164,4.739999771118164,501400,0.0,0.0
2023-05-12 00:00:00-04:00,4.900000095367432,4.949999809265137,4.550000190734863,4.739999771118164,206400,0.0,0.0
2023-05-15 00:00:00-04:00,4.769999980926514,5.300000190734863,4.769999980926514,5.059999942779541,645300,0.0,0.0
2023-05-16 00:00:00-04:00,4.960000038146973,5.210000038146973,4.78000020980835,4.880000114440918,180300,0.0,0.0
2023-05-17 00:00:00-04:00,4.860000133514404,5.300000190734863,4.800000190734863,5.239999771118164,455100,0.0,0.0
2023-05-18 00:00:00-04:00,5.199999809265137,5.900000095367432,5.199999809265137,5.699999809265137,916600,0.0,0.0
2023-05-19 00:00:00-04:00,5.639999866485596,5.849999904632568,5.297999858856201,5.320000171661377,426000,0.0,0.0
2023-05-22 00:00:00-04:00,5.230000019073486,5.480000019073486,4.880000114440918,5.179999828338623,543900,0.0,0.0
2023-05-23 00:00:00-04:00,5.179999828338623,5.440000057220459,4.829999923706055,5.039999961853027,507400,0.0,0.0
2023-05-24 00:00:00-04:00,4.940000057220459,5.039999961853027,4.789999961853027,4.940000057220459,327900,0.0,0.0
2023-05-25 00:00:00-04:00,5.159999847412109,5.639999866485596,4.409999847412109,4.730000019073486,857100,0.0,0.0
2023-05-26 00:00:00-04:00,4.619999885559082,4.960000038146973,4.539999961853027,4.599999904632568,539300,0.0,0.0
2023-05-30 00:00:00-04:00,4.769999980926514,5.480000019073486,4.670000076293945,5.449999809265137,1269700,0.0,0.0
2023-05-31 00:00:00-04:00,5.0,5.429999828338623,4.710000038146973,4.849999904632568,1938200,0.0,0.0
2023-06-01 00:00:00-04:00,4.860000133514404,5.170000076293945,4.760000228881836,4.869999885559082,648800,0.0,0.0
2023-06-02 00:00:00-04:00,4.940000057220459,5.010000228881836,4.559999942779541,4.710000038146973,360800,0.0,0.0
2023-06-05 00:00:00-04:00,4.789999961853027,4.980000019073486,4.619999885559082,4.75,555200,0.0,0.0
2023-06-06 00:00:00-04:00,4.699999809265137,4.800000190734863,4.599999904632568,4.699999809265137,352700,0.0,0.0
2023-06-07 00:00:00-04:00,4.699999809265137,4.789999961853027,4.199999809265137,4.320000171661377,552000,0.0,0.0
2023-06-08 00:00:00-04:00,4.21999979019165,4.340000152587891,4.050000190734863,4.199999809265137,251700,0.0,0.0
2023-06-09 00:00:00-04:00,4.210000038146973,4.28000020980835,3.7300000190734863,3.7699999809265137,357300,0.0,0.0
2023-06-12 00:00:00-04:00,3.890000104904175,4.039999961853027,3.75,3.9600000381469727,244400,0.0,0.0
2023-06-13 00:00:00-04:00,3.930000066757202,4.210000038146973,3.8559999465942383,4.03000020980835,393500,0.0,0.0
2023-06-14 00:00:00-04:00,4.050000190734863,4.150000095367432,3.799999952316284,3.809999942779541,152000,0.0,0.0
2023-06-15 00:00:00-04:00,3.9000000953674316,4.329999923706055,3.7100000381469727,4.139999866485596,624500,0.0,0.0
2023-06-16 00:00:00-04:00,4.150000095367432,4.329999923706055,4.039999961853027,4.070000171661377,163800,0.0,0.0
2023-06-20 00:00:00-04:00,4.099999904632568,4.300000190734863,3.9100000858306885,4.170000076293945,321600,0.0,0.0
2023-06-21 00:00:00-04:00,4.179999828338623,4.179999828338623,3.619999885559082,3.7300000190734863,421100,0.0,0.0
2023-06-22 00:00:00-04:00,3.7899999618530273,4.0,3.7300000190734863,3.799999952316284,227900,0.0,0.0
2023-06-23 00:00:00-04:00,3.759999990463257,3.799999952316284,3.4800000190734863,3.609999895095825,241900,0.0,0.0
2023-06-26 00:00:00-04:00,3.549999952316284,3.7899999618530273,3.509999990463257,3.6700000762939453,189600,0.0,0.0
2023-06-27 00:00:00-04:00,3.630000114440918,3.759999990463257,3.5950000286102295,3.6500000953674316,119100,0.0,0.0
2023-06-28 00:00:00-04:00,3.5799999237060547,3.7300000190734863,3.569999933242798,3.640000104904175,141300,0.0,0.0
2023-06-29 00:00:00-04:00,3.640000104904175,3.8499999046325684,3.5999999046325684,3.700000047683716,133200,0.0,0.0
2023-06-30 00:00:00-04:00,3.619999885559082,3.740000009536743,3.509999990463257,3.559999942779541,151300,0.0,0.0
2023-07-03 00:00:00-04:00,3.509999990463257,3.680000066757202,3.509999990463257,3.640000104904175,63000,0.0,0.0
2023-07-05 00:00:00-04:00,3.5999999046325684,3.880000114440918,3.562999963760376,3.7899999618530273,207600,0.0,0.0
2023-07-06 00:00:00-04:00,3.7799999713897705,3.7799999713897705,3.5,3.640000104904175,112600,0.0,0.0
2023-07-07 00:00:00-04:00,3.609999895095825,3.9000000953674316,3.5999999046325684,3.7699999809265137,157600,0.0,0.0
2023-07-10 00:00:00-04:00,3.740000009536743,4.090000152587891,3.740000009536743,4.050000190734863,239100,0.0,0.0
2023-07-11 00:00:00-04:00,4.079999923706055,4.090000152587891,3.809999942779541,3.880000114440918,135300,0.0,0.0
2023-07-12 00:00:00-04:00,4.090000152587891,4.340000152587891,3.869999885559082,3.930000066757202,316400,0.0,0.0
2023-07-13 00:00:00-04:00,3.9600000381469727,4.039999961853027,3.859999895095825,3.940000057220459,79900,0.0,0.0
2023-07-14 00:00:00-04:00,3.9600000381469727,3.9800000190734863,3.680000066757202,3.690000057220459,146100,0.0,0.0
2023-07-17 00:00:00-04:00,3.75,3.8499999046325684,3.6500000953674316,3.8399999141693115,82200,0.0,0.0
2023-07-18 00:00:00-04:00,3.819999933242798,3.9260001182556152,3.7200000286102295,3.740000009536743,89600,0.0,0.0
2023-07-19 00:00:00-04:00,3.75,3.872999906539917,3.3299999237060547,3.440000057220459,249100,0.0,0.0
2023-07-20 00:00:00-04:00,3.559999942779541,3.6050000190734863,3.3369998931884766,3.4100000858306885,175700,0.0,0.0
2023-07-21 00:00:00-04:00,3.440000057220459,3.7300000190734863,3.4000000953674316,3.559999942779541,200900,0.0,0.0
2023-07-24 00:00:00-04:00,3.559999942779541,3.5799999237060547,3.430000066757202,3.4600000381469727,54900,0.0,0.0
2023-07-25 00:00:00-04:00,5.380000114440918,5.75,4.510000228881836,4.989999771118164,54961400,0.0,0.0
2023-07-26 00:00:00-04:00,4.829999923706055,5.139999866485596,4.510000228881836,5.010000228881836,2216200,0.0,0.0
2023-07-27 00:00:00-04:00,4.989999771118164,5.139999866485596,4.050000190734863,4.179999828338623,968000,0.0,0.0
2023-07-28 00:00:00-04:00,4.300000190734863,4.480000019073486,4.110000133514404,4.389999866485596,355600,0.0,0.0
2023-07-31 00:00:00-04:00,4.28000020980835,5.0,4.25,4.929999828338623,707400,0.0,0.0
2023-08-01 00:00:00-04:00,4.929999828338623,5.300000190734863,4.599999904632568,5.179999828338623,468100,0.0,0.0
2023-08-02 00:00:00-04:00,5.059999942779541,5.111999988555908,4.659999847412109,4.679999828338623,209400,0.0,0.0
2023-08-03 00:00:00-04:00,4.809999942779541,4.883999824523926,4.079999923706055,4.110000133514404,584400,0.0,0.0
2023-08-04 00:00:00-04:00,4.380000114440918,4.5,3.8410000801086426,3.869999885559082,366900,0.0,0.0
2023-08-07 00:00:00-04:00,3.880000114440918,4.139999866485596,3.759999990463257,3.869999885559082,146300,0.0,0.0
2023-08-08 00:00:00-04:00,3.859999895095825,4.054999828338623,3.799999952316284,4.03000020980835,113700,0.0,0.0
2023-08-09 00:00:00-04:00,3.950000047683716,4.099999904632568,3.690000057220459,3.690000057220459,146900,0.0,0.0
2023-08-10 00:00:00-04:00,3.859999895095825,3.859999895095825,3.630000114440918,3.690000057220459,95100,0.0,0.0
2023-08-11 00:00:00-04:00,3.6700000762939453,3.759999990463257,3.630000114440918,3.700000047683716,106500,0.0,0.0
2023-08-14 00:00:00-04:00,3.6600000858306885,3.880000114440918,3.640000104904175,3.819999933242798,282000,0.0,0.0
2023-08-15 00:00:00-04:00,3.700000047683716,3.7799999713897705,3.430000066757202,3.559999942779541,147200,0.0,0.0
2023-08-16 00:00:00-04:00,3.490000009536743,3.619999885559082,3.109999895095825,3.190000057220459,207200,0.0,0.0
2023-08-17 00:00:00-04:00,3.2200000286102295,3.259999990463257,3.119999885559082,3.119999885559082,106900,0.0,0.0
2023-08-18 00:00:00-04:00,3.130000114440918,3.265000104904175,3.0,3.0,234400,0.0,0.0
2023-08-21 00:00:00-04:00,3.190000057220459,3.190000057220459,2.759999990463257,2.8299999237060547,220600,0.0,0.0
2023-08-22 00:00:00-04:00,2.9200000762939453,2.9800000190734863,2.809999942779541,2.890000104904175,179600,0.0,0.0
2023-08-23 00:00:00-04:00,2.9000000953674316,3.5799999237060547,2.8949999809265137,3.2899999618530273,1061600,0.0,0.0
2023-08-24 00:00:00-04:00,3.3499999046325684,3.444999933242798,2.950000047683716,3.0,167500,0.0,0.0
2023-08-25 00:00:00-04:00,3.0,3.1700000762939453,2.9200000762939453,3.109999895095825,102300,0.0,0.0
2023-08-28 00:00:00-04:00,3.180000066757202,3.180000066757202,3.0299999713897705,3.0399999618530273,50900,0.0,0.0
2023-08-29 00:00:00-04:00,3.0299999713897705,3.180000066757202,2.9700000286102295,3.109999895095825,78900,0.0,0.0
2023-08-30 00:00:00-04:00,3.1600000858306885,3.4000000953674316,2.994999885559082,3.359999895095825,177300,0.0,0.0
2023-08-31 00:00:00-04:00,3.4000000953674316,3.4200000762939453,3.200000047683716,3.2799999713897705,63800,0.0,0.0
2023-09-01 00:00:00-04:00,3.369999885559082,3.440000057220459,3.1700000762939453,3.1700000762939453,99800,0.0,0.0
2023-09-05 00:00:00-04:00,3.2200000286102295,3.2200000286102295,2.859999895095825,3.0399999618530273,232000,0.0,0.0
2023-09-06 00:00:00-04:00,3.130000114440918,3.130000114440918,2.9200000762939453,2.990000009536743,69500,0.0,0.0
2023-09-07 00:00:00-04:00,2.819999933242798,2.9600000381469727,2.7699999809265137,2.9000000953674316,227700,0.0,0.0
2023-09-08 00:00:00-04:00,3.0399999618530273,3.25,2.8499999046325684,2.9800000190734863,368700,0.0,0.0
2023-09-11 00:00:00-04:00,2.7899999618530273,3.0199999809265137,2.7899999618530273,2.9600000381469727,150400,0.0,0.0
2023-09-12 00:00:00-04:00,2.9000000953674316,2.9600000381469727,2.8299999237060547,2.869999885559082,53300,0.0,0.0
2023-09-13 00:00:00-04:00,2.880000114440918,3.0,2.8499999046325684,2.880000114440918,164900,0.0,0.0
2023-09-14 00:00:00-04:00,2.9700000286102295,2.9700000286102295,2.808000087738037,2.8499999046325684,89200,0.0,0.0
2023-09-15 00:00:00-04:00,2.8499999046325684,2.9100000858306885,2.809999942779541,2.9100000858306885,86100,0.0,0.0
2023-09-18 00:00:00-04:00,2.869999885559082,2.9100000858306885,2.7799999713897705,2.880000114440918,31700,0.0,0.0
2023-09-19 00:00:00-04:00,2.819999933242798,2.950000047683716,2.819999933242798,2.880000114440918,51800,0.0,0.0
2023-09-20 00:00:00-04:00,2.869999885559082,2.9800000190734863,2.8499999046325684,2.930000066757202,86300,0.0,0.0
2023-09-21 00:00:00-04:00,2.869999885559082,2.9189999103546143,2.8320000171661377,2.9189999103546143,43800,0.0,0.0
2023-09-22 00:00:00-04:00,2.869999885559082,2.946000099182129,2.8299999237060547,2.890000104904175,51900,0.0,0.0
2023-09-25 00:00:00-04:00,2.8399999141693115,2.9200000762939453,2.813999891281128,2.869999885559082,33000,0.0,0.0
2023-09-26 00:00:00-04:00,3.119999885559082,4.28000020980835,3.049999952316284,3.549999952316284,30979300,0.0,0.0
2023-09-27 00:00:00-04:00,3.25,3.6700000762939453,3.23799991607666,3.2899999618530273,932300,0.0,0.0
2023-09-28 00:00:00-04:00,3.25,3.450000047683716,3.1500000953674316,3.4100000858306885,206400,0.0,0.0
2023-09-29 00:00:00-04:00,3.369999885559082,3.5,3.1600000858306885,3.259999990463257,117200,0.0,0.0
2023-10-02 00:00:00-04:00,3.1700000762939453,3.450000047683716,3.1700000762939453,3.3499999046325684,166200,0.0,0.0
2023-10-03 00:00:00-04:00,3.240000009536743,3.299999952316284,3.063999891281128,3.190000057220459,92100,0.0,0.0
2023-10-04 00:00:00-04:00,3.1500000953674316,3.1500000953674316,2.950000047683716,3.0999999046325684,108800,0.0,0.0
2023-10-05 00:00:00-04:00,3.109999895095825,3.180000066757202,2.9800000190734863,3.0799999237060547,60400,0.0,0.0
2023-10-06 00:00:00-04:00,2.990000009536743,3.119999885559082,2.990000009536743,3.069999933242798,66800,0.0,0.0
2023-10-09 00:00:00-04:00,3.0,3.0999999046325684,2.9100000858306885,3.069999933242798,55700,0.0,0.0
2023-10-10 00:00:00-04:00,3.0899999141693115,3.2750000953674316,3.0299999713897705,3.2100000381469727,71900,0.0,0.0
2023-10-11 00:00:00-04:00,3.2799999713897705,3.3499999046325684,3.0799999237060547,3.1700000762939453,55200,0.0,0.0
2023-10-12 00:00:00-04:00,3.130000114440918,3.2799999713897705,3.0399999618530273,3.140000104904175,75100,0.0,0.0
2023-10-13 00:00:00-04:00,3.1600000858306885,3.2899999618530273,3.0299999713897705,3.0899999141693115,50900,0.0,0.0
2023-10-16 00:00:00-04:00,3.0399999618530273,3.200000047683716,3.0,3.0999999046325684,44900,0.0,0.0
2023-10-17 00:00:00-04:00,3.0199999809265137,3.140000104904175,3.0199999809265137,3.0399999618530273,29700,0.0,0.0
2023-10-18 00:00:00-04:00,3.069999933242798,3.069999933242798,2.990000009536743,3.0199999809265137,25000,0.0,0.0
2023-10-19 00:00:00-04:00,3.0199999809265137,3.0399999618530273,2.950000047683716,2.9600000381469727,37300,0.0,0.0
2023-10-20 00:00:00-04:00,2.9200000762939453,2.9700000286102295,2.859999895095825,2.9100000858306885,43700,0.0,0.0
2023-10-23 00:00:00-04:00,2.869999885559082,2.9170000553131104,2.799999952316284,2.809999942779541,38500,0.0,0.0
2023-10-24 00:00:00-04:00,2.7799999713897705,2.950000047683716,2.7799999713897705,2.950000047683716,41600,0.0,0.0
2023-10-25 00:00:00-04:00,2.950000047683716,2.950000047683716,2.7699999809265137,2.809999942779541,94800,0.0,0.0
2023-10-26 00:00:00-04:00,2.880000114440918,2.9000000953674316,2.7790000438690186,2.7899999618530273,27800,0.0,0.0
2023-10-27 00:00:00-04:00,2.8499999046325684,2.9000000953674316,2.7730000019073486,2.809999942779541,32900,0.0,0.0
2023-10-30 00:00:00-04:00,2.859999895095825,2.869999885559082,2.7950000762939453,2.819999933242798,15100,0.0,0.0
2023-10-31 00:00:00-04:00,2.809999942779541,2.8499999046325684,2.7109999656677246,2.799999952316284,31200,0.0,0.0
2023-11-01 00:00:00-04:00,2.700000047683716,2.759999990463257,2.630000114440918,2.690000057220459,29300,0.0,0.0
2023-11-02 00:00:00-04:00,2.75,2.9000000953674316,2.75,2.8299999237060547,94600,0.0,0.0
2023-11-03 00:00:00-04:00,2.8450000286102295,3.130000114440918,2.8359999656677246,2.880000114440918,77800,0.0,0.0
2023-11-06 00:00:00-05:00,3.0,3.069999933242798,2.8499999046325684,2.9000000953674316,41000,0.0,0.0
2023-11-07 00:00:00-05:00,3.0299999713897705,3.0299999713897705,2.7769999504089355,2.930000066757202,58300,0.0,0.0
2023-11-08 00:00:00-05:00,2.880000114440918,2.940000057220459,2.819999933242798,2.819999933242798,35900,0.0,0.0
2023-11-09 00:00:00-05:00,2.869999885559082,2.940000057220459,2.799999952316284,2.890000104904175,29300,0.0,0.0
2023-11-10 00:00:00-05:00,2.859999895095825,2.9809999465942383,2.7890000343322754,2.9100000858306885,32900,0.0,0.0
2023-11-13 00:00:00-05:00,2.950000047683716,2.9800000190734863,2.865000009536743,2.950000047683716,37600,0.0,0.0
2023-11-14 00:00:00-05:00,2.9800000190734863,3.309999942779541,2.930000066757202,3.009999990463257,111900,0.0,0.0
2023-11-15 00:00:00-05:00,3.059999942779541,3.390000104904175,3.059999942779541,3.2799999713897705,110600,0.0,0.0
2023-11-16 00:00:00-05:00,3.200000047683716,3.240000009536743,2.990000009536743,3.009999990463257,30500,0.0,0.0
2023-11-17 00:00:00-05:00,3.0199999809265137,3.174999952316284,3.0199999809265137,3.1500000953674316,28600,0.0,0.0
2023-11-20 00:00:00-05:00,3.2200000286102295,3.259999990463257,3.0139999389648438,3.1700000762939453,53900,0.0,0.0
2023-11-21 00:00:00-05:00,3.109999895095825,3.1700000762939453,3.009999990463257,3.0199999809265137,25800,0.0,0.0
2023-11-22 00:00:00-05:00,3.059999942779541,3.171999931335449,3.0,3.049999952316284,20600,0.0,0.0
2023-11-24 00:00:00-05:00,3.0,3.0399999618530273,2.990000009536743,3.0,13200,0.0,0.0
2023-11-27 00:00:00-05:00,3.0299999713897705,3.0299999713897705,2.930000066757202,2.990000009536743,34500,0.0,0.0
2023-11-28 00:00:00-05:00,2.9609999656677246,2.990000009536743,2.869999885559082,2.869999885559082,33900,0.0,0.0
2023-11-29 00:00:00-05:00,2.8299999237060547,3.0399999618530273,2.7899999618530273,2.7899999618530273,59100,0.0,0.0
2023-11-30 00:00:00-05:00,2.7899999618530273,2.8929998874664307,2.7899999618530273,2.859999895095825,30300,0.0,0.0
2023-12-01 00:00:00-05:00,2.8420000076293945,2.930000066757202,2.7699999809265137,2.799999952316284,72500,0.0,0.0
2023-12-04 00:00:00-05:00,2.799999952316284,2.88100004196167,2.630000114440918,2.6500000953674316,57600,0.0,0.0
2023-12-05 00:00:00-05:00,2.690000057220459,2.813999891281128,2.509999990463257,2.509999990463257,88000,0.0,0.0
2023-12-06 00:00:00-05:00,2.75,2.75,2.509999990463257,2.5899999141693115,87000,0.0,0.0
2023-12-07 00:00:00-05:00,2.509999990463257,2.630000114440918,2.365999937057495,2.5399999618530273,76200,0.0,0.0
2023-12-08 00:00:00-05:00,2.5,2.5399999618530273,2.380000114440918,2.4100000858306885,58300,0.0,0.0
2023-12-11 00:00:00-05:00,2.5299999713897705,2.5299999713897705,2.359999895095825,2.4800000190734863,31800,0.0,0.0
2023-12-12 00:00:00-05:00,2.450000047683716,2.450000047683716,2.380000114440918,2.440000057220459,27700,0.0,0.0
2023-12-13 00:00:00-05:00,2.5,2.6649999618530273,2.4100000858306885,2.569999933242798,55000,0.0,0.0
2023-12-14 00:00:00-05:00,2.740000009536743,2.740000009536743,2.549999952316284,2.640000104904175,62900,0.0,0.0
2023-12-15 00:00:00-05:00,2.75,2.8299999237060547,2.6510000228881836,2.7699999809265137,65500,0.0,0.0
2023-12-18 00:00:00-05:00,2.819999933242798,2.819999933242798,2.690000057220459,2.700000047683716,22600,0.0,0.0
2023-12-19 00:00:00-05:00,2.690000057220459,2.890000104904175,2.690000057220459,2.8499999046325684,38900,0.0,0.0
2023-12-20 00:00:00-05:00,2.869999885559082,2.934999942779541,2.7799999713897705,2.884999990463257,42800,0.0,0.0
2023-12-21 00:00:00-05:00,2.8499999046325684,2.885999917984009,2.700000047683716,2.7799999713897705,43600,0.0,0.0
2023-12-22 00:00:00-05:00,2.740000009536743,2.819999933242798,2.7049999237060547,2.740000009536743,15700,0.0,0.0
2023-12-26 00:00:00-05:00,2.740000009536743,2.880000114440918,2.7039999961853027,2.759999990463257,42600,0.0,0.0
2023-12-27 00:00:00-05:00,2.819999933242798,2.828000068664551,2.759999990463257,2.7899999618530273,28900,0.0,0.0
2023-12-28 00:00:00-05:00,2.7799999713897705,3.200000047683716,2.7799999713897705,3.069999933242798,125800,0.0,0.0
2023-12-29 00:00:00-05:00,3.1500000953674316,3.319999933242798,3.0309998989105225,3.259999990463257,103100,0.0,0.0
2024-01-02 00:00:00-05:00,3.25,3.2899999618530273,3.0,3.0,76100,0.0,0.0
2024-01-03 00:00:00-05:00,2.9800000190734863,2.9800000190734863,2.7799999713897705,2.8299999237060547,66200,0.0,0.0
2024-01-04 00:00:00-05:00,2.799999952316284,2.869999885559082,2.7300000190734863,2.819999933242798,44500,0.0,0.0
2024-01-05 00:00:00-05:00,2.7899999618530273,2.9600000381469727,2.7899999618530273,2.9200000762939453,32600,0.0,0.0
2024-01-08 00:00:00-05:00,2.9700000286102295,2.990000009536743,2.7799999713897705,2.890000104904175,65600,0.0,0.0
2024-01-09 00:00:00-05:00,2.8399999141693115,2.930000066757202,2.759999990463257,2.799999952316284,39400,0.0,0.0
2024-01-10 00:00:00-05:00,2.7899999618530273,2.8559999465942383,2.7100000381469727,2.75,58100,0.0,0.0
2024-01-11 00:00:00-05:00,2.7899999618530273,2.7899999618530273,2.509999990463257,2.569999933242798,56100,0.0,0.0
2024-01-12 00:00:00-05:00,2.630000114440918,2.693000078201294,2.5199999809265137,2.559999942779541,18900,0.0,0.0
2024-01-16 00:00:00-05:00,2.549999952316284,2.700000047683716,2.4200000762939453,2.640000104904175,107500,0.0,0.0
2024-01-17 00:00:00-05:00,3.2200000286102295,4.179999828338623,3.180000066757202,3.190000057220459,62272500,0.0,0.0
2024-01-18 00:00:00-05:00,3.3299999237060547,3.9700000286102295,3.309999942779541,3.890000104904175,8221100,0.0,0.0
2024-01-19 00:00:00-05:00,4.159999847412109,5.269999980926514,4.150000095367432,4.889999866485596,38587700,0.0,0.0
2024-01-22 00:00:00-05:00,5.75,7.670000076293945,5.579999923706055,6.710000038146973,27903900,0.0,0.0
2024-01-23 00:00:00-05:00,5.829999923706055,7.559999942779541,5.599999904632568,6.840000152587891,4604500,0.0,0.0
2024-01-24 00:00:00-05:00,6.409999847412109,7.949999809265137,6.300000190734863,7.400000095367432,3099300,0.0,0.0
2024-01-25 00:00:00-05:00,8.15999984741211,8.350000381469727,6.5,6.630000114440918,1678600,0.0,0.0
2024-01-26 00:00:00-05:00,6.699999809265137,7.340000152587891,6.539999961853027,7.039999961853027,754000,0.0,0.0
2024-01-29 00:00:00-05:00,6.130000114440918,6.199999809265137,5.309999942779541,5.920000076293945,1447000,0.0,0.0
2024-01-30 00:00:00-05:00,5.949999809265137,6.380000114440918,5.28000020980835,5.380000114440918,489700,0.0,0.0
2024-01-31 00:00:00-05:00,5.360000133514404,5.894000053405762,4.75,4.880000114440918,953700,0.0,0.0
2024-02-01 00:00:00-05:00,3.8299999237060547,4.329999923706055,3.6600000858306885,4.179999828338623,2066800,0.0,0.0
2024-02-02 00:00:00-05:00,4.090000152587891,4.519999980926514,3.890000104904175,4.400000095367432,500100,0.0,0.0
2024-02-05 00:00:00-05:00,4.329999923706055,4.360000133514404,3.75,4.019999980926514,353100,0.0,0.0
2024-02-06 00:00:00-05:00,4.329999923706055,4.699999809265137,4.130000114440918,4.659999847412109,675600,0.0,0.0
2024-02-07 00:00:00-05:00,4.75,4.869999885559082,4.420000076293945,4.5,293400,0.0,0.0
2024-02-08 00:00:00-05:00,4.519999980926514,4.679999828338623,4.300000190734863,4.590000152587891,319700,0.0,0.0
2024-02-09 00:00:00-05:00,4.550000190734863,5.050000190734863,4.400000095367432,5.010000228881836,395100,0.0,0.0
2024-02-12 00:00:00-05:00,5.179999828338623,5.349999904632568,4.650000095367432,4.710000038146973,381200,0.0,0.0
2024-02-13 00:00:00-05:00,4.670000076293945,4.929999828338623,4.420000076293945,4.760000228881836,234100,0.0,0.0
2024-02-14 00:00:00-05:00,4.880000114440918,4.948999881744385,4.28000020980835,4.349999904632568,245700,0.0,0.0
2024-02-15 00:00:00-05:00,4.5,4.820000171661377,4.302000045776367,4.690000057220459,231100,0.0,0.0
2024-02-16 00:00:00-05:00,4.730000019073486,4.75,4.230000019073486,4.389999866485596,194300,0.0,0.0
2024-02-20 00:00:00-05:00,4.349999904632568,4.360000133514404,4.150000095367432,4.25,131700,0.0,0.0
2024-02-21 00:00:00-05:00,4.210000038146973,4.610000133514404,4.090000152587891,4.199999809265137,303200,0.0,0.0
2024-02-22 00:00:00-05:00,4.349999904632568,4.349999904632568,4.019999980926514,4.170000076293945,165000,0.0,0.0
2024-02-23 00:00:00-05:00,4.170000076293945,4.244999885559082,3.809999942779541,3.9000000953674316,232500,0.0,0.0
2024-02-26 00:00:00-05:00,3.9000000953674316,4.71999979019165,3.890000104904175,4.590000152587891,700400,0.0,0.0
2024-02-27 00:00:00-05:00,4.570000171661377,5.519999980926514,4.570000171661377,5.139999866485596,1085300,0.0,0.0
2024-02-28 00:00:00-05:00,5.139999866485596,5.199999809265137,4.460000038146973,4.644999980926514,803800,0.0,0.0
2024-02-29 00:00:00-05:00,4.849999904632568,5.139999866485596,4.699999809265137,4.920000076293945,729900,0.0,0.0
2024-03-01 00:00:00-05:00,4.920000076293945,4.960000038146973,4.28000020980835,4.440000057220459,616600,0.0,0.0
2024-03-04 00:00:00-05:00,4.460000038146973,4.760000228881836,4.360000133514404,4.599999904632568,300700,0.0,0.0
2024-03-05 00:00:00-05:00,4.510000228881836,4.510000228881836,4.170000076293945,4.25,359000,0.0,0.0
2024-03-06 00:00:00-05:00,4.369999885559082,4.409999847412109,4.170000076293945,4.260000228881836,231500,0.0,0.0
2024-03-07 00:00:00-05:00,4.349999904632568,4.349999904632568,4.039999961853027,4.239999771118164,228700,0.0,0.0
2024-03-08 00:00:00-05:00,4.199999809265137,4.550000190734863,3.7799999713897705,3.880000114440918,558400,0.0,0.0
2024-03-11 00:00:00-04:00,3.890000104904175,4.170000076293945,3.890000104904175,4.090000152587891,147400,0.0,0.0
2024-03-12 00:00:00-04:00,4.090000152587891,4.090000152587891,3.7699999809265137,3.9000000953674316,276500,0.0,0.0
2024-03-13 00:00:00-04:00,3.9000000953674316,3.9600000381469727,3.509999990463257,3.5799999237060547,488400,0.0,0.0
2024-03-14 00:00:00-04:00,3.6600000858306885,3.819999933242798,3.5,3.630000114440918,307700,0.0,0.0
2024-03-15 00:00:00-04:00,3.630000114440918,3.859999895095825,3.559999942779541,3.7100000381469727,408200,0.0,0.0
2024-03-18 00:00:00-04:00,3.75,3.859999895095825,3.640000104904175,3.740000009536743,121600,0.0,0.0
2024-03-19 00:00:00-04:00,3.7300000190734863,3.744999885559082,3.6070001125335693,3.680000066757202,51400,0.0,0.0
2024-03-20 00:00:00-04:00,3.7100000381469727,3.7660000324249268,3.559999942779541,3.7200000286102295,86200,0.0,0.0
2024-03-21 00:00:00-04:00,3.7699999809265137,3.880000114440918,3.690000057220459,3.819999933242798,84600,0.0,0.0
2024-03-22 00:00:00-04:00,3.7899999618530273,3.7899999618530273,3.5199999809265137,3.5299999713897705,213500,0.0,0.0
2024-03-25 00:00:00-04:00,3.5,3.549999952316284,3.2200000286102295,3.309999942779541,259100,0.0,0.0
2024-03-26 00:00:00-04:00,3.3299999237060547,3.5399999618530273,3.253000020980835,3.490000009536743,130000,0.0,0.0
2024-03-27 00:00:00-04:00,3.5399999618530273,3.569999933242798,3.3299999237060547,3.4600000381469727,130900,0.0,0.0
2024-03-28 00:00:00-04:00,3.440000057220459,3.440000057220459,3.200000047683716,3.2100000381469727,116300,0.0,0.0
2024-04-01 00:00:00-04:00,3.2200000286102295,3.234999895095825,2.809999942779541,3.0199999809265137,392300,0.0,0.0
2024-04-02 00:00:00-04:00,2.990000009536743,3.009999990463257,2.8499999046325684,2.9700000286102295,97700,0.0,0.0
2024-04-03 00:00:00-04:00,3.049999952316284,3.2100000381469727,2.950000047683716,3.200000047683716,83600,0.0,0.0
2024-04-04 00:00:00-04:00,3.1500000953674316,3.424999952316284,3.069999933242798,3.319999933242798,140900,0.0,0.0
2024-04-05 00:00:00-04:00,3.259999990463257,3.3359999656677246,3.2200000286102295,3.2899999618530273,47200,0.0,0.0
2024-04-08 00:00:00-04:00,3.3399999141693115,3.390000104904175,3.240000009536743,3.2699999809265137,37400,0.0,0.0
2024-04-09 00:00:00-04:00,3.259999990463257,3.388000011444092,3.240000009536743,3.2899999618530273,42100,0.0,0.0
2024-04-10 00:00:00-04:00,3.25,3.263000011444092,3.1449999809265137,3.200000047683716,37900,0.0,0.0
2024-04-11 00:00:00-04:00,3.200000047683716,3.200000047683716,3.009999990463257,3.1700000762939453,36300,0.0,0.0
2024-04-12 00:00:00-04:00,3.1700000762939453,3.1700000762939453,3.0199999809265137,3.069999933242798,69600,0.0,0.0
2024-04-15 00:00:00-04:00,3.1500000953674316,3.190000057220459,3.009999990463257,3.049999952316284,77700,0.0,0.0
2024-04-16 00:00:00-04:00,3.0399999618530273,3.075000047683716,2.880000114440918,2.9200000762939453,64800,0.0,0.0
2024-04-17 00:00:00-04:00,2.9800000190734863,3.0,2.9000000953674316,2.9200000762939453,40700,0.0,0.0
2024-04-18 00:00:00-04:00,2.8970000743865967,3.0299999713897705,2.8499999046325684,3.0199999809265137,76200,0.0,0.0
2024-04-19 00:00:00-04:00,3.009999990463257,3.01200008392334,2.690000057220459,2.700000047683716,127900,0.0,0.0
2024-04-22 00:00:00-04:00,2.7699999809265137,2.8399999141693115,2.7100000381469727,2.7699999809265137,40800,0.0,0.0
2024-04-23 00:00:00-04:00,2.819999933242798,2.950000047683716,2.805000066757202,2.9100000858306885,48000,0.0,0.0
2024-04-24 00:00:00-04:00,2.880000114440918,2.9200000762939453,2.7799999713897705,2.869999885559082,26700,0.0,0.0
2024-04-25 00:00:00-04:00,2.799999952316284,2.890000104904175,2.6700000762939453,2.859999895095825,44400,0.0,0.0
2024-04-26 00:00:00-04:00,2.9000000953674316,2.9600000381469727,2.809999942779541,2.9100000858306885,28900,0.0,0.0
2024-04-29 00:00:00-04:00,3.109999895095825,3.109999895095825,2.9200000762939453,3.109999895095825,84900,0.0,0.0
2024-04-30 00:00:00-04:00,3.0999999046325684,3.177000045776367,3.009999990463257,3.140000104904175,34100,0.0,0.0
2024-05-01 00:00:00-04:00,3.200000047683716,3.200000047683716,3.0299999713897705,3.140000104904175,26200,0.0,0.0
2024-05-02 00:00:00-04:00,3.1700000762939453,3.1700000762939453,3.049999952316284,3.109999895095825,19900,0.0,0.0
2024-05-03 00:00:00-04:00,3.0799999237060547,3.1700000762939453,3.0399999618530273,3.119999885559082,25000,0.0,0.0
2024-05-06 00:00:00-04:00,3.140000104904175,3.240000009536743,3.0,3.0199999809265137,59600,0.0,0.0
2024-05-07 00:00:00-04:00,3.049999952316284,3.049999952316284,2.859999895095825,2.869999885559082,49400,0.0,0.0
2024-05-08 00:00:00-04:00,2.8499999046325684,2.9800000190734863,2.799999952316284,2.940000057220459,57900,0.0,0.0
2024-05-09 00:00:00-04:00,2.930000066757202,3.1500000953674316,2.8989999294281006,2.9800000190734863,83200,0.0,0.0
2024-05-10 00:00:00-04:00,3.140000104904175,3.140000104904175,2.8499999046325684,2.890000104904175,78000,0.0,0.0
2024-05-13 00:00:00-04:00,2.890000104904175,3.0829999446868896,2.799999952316284,2.986999988555908,93800,0.0,0.0
2024-05-14 00:00:00-04:00,2.950000047683716,3.0299999713897705,2.880000114440918,2.940000057220459,64300,0.0,0.0
2024-05-15 00:00:00-04:00,3.0199999809265137,3.049999952316284,2.8499999046325684,3.049999952316284,93900,0.0,0.0
2024-05-16 00:00:00-04:00,3.009999990463257,3.009999990463257,2.880000114440918,2.9000000953674316,237100,0.0,0.0
2024-05-17 00:00:00-04:00,2.859999895095825,2.9700000286102295,2.819999933242798,2.8499999046325684,46300,0.0,0.0
2024-05-20 00:00:00-04:00,2.880000114440918,2.940000057220459,2.8499999046325684,2.890000104904175,34500,0.0,0.0
2024-05-21 00:00:00-04:00,2.890000104904175,3.1500000953674316,2.880000114440918,3.069999933242798,135200,0.0,0.0
2024-05-22 00:00:00-04:00,3.0199999809265137,3.119999885559082,3.0199999809265137,3.049999952316284,99800,0.0,0.0
2024-05-23 00:00:00-04:00,3.0999999046325684,3.0999999046325684,2.9000000953674316,2.930000066757202,47400,0.0,0.0
2024-05-24 00:00:00-04:00,2.990000009536743,3.0299999713897705,2.9000000953674316,2.9800000190734863,35200,0.0,0.0
2024-05-28 00:00:00-04:00,3.0399999618530273,3.049999952316284,2.7100000381469727,2.8399999141693115,140300,0.0,0.0
2024-05-29 00:00:00-04:00,2.9100000858306885,2.9100000858306885,2.619999885559082,2.6500000953674316,126200,0.0,0.0
2024-05-30 00:00:00-04:00,2.6700000762939453,2.812000036239624,2.6700000762939453,2.7799999713897705,63600,0.0,0.0
2024-05-31 00:00:00-04:00,2.740000009536743,2.890000104904175,2.740000009536743,2.890000104904175,61900,0.0,0.0
2024-06-03 00:00:00-04:00,2.940000057220459,2.950000047683716,2.8299999237060547,2.950000047683716,36800,0.0,0.0
2024-06-04 00:00:00-04:00,2.9100000858306885,2.9100000858306885,2.8399999141693115,2.9000000953674316,15600,0.0,0.0
2024-06-05 00:00:00-04:00,2.9200000762939453,2.9200000762939453,2.8399999141693115,2.8399999141693115,29200,0.0,0.0
2024-06-06 00:00:00-04:00,2.75,2.809999942779541,2.5899999141693115,2.7100000381469727,105700,0.0,0.0
2024-06-07 00:00:00-04:00,2.799999952316284,2.799999952316284,2.5799999237060547,2.630000114440918,84600,0.0,0.0
2024-06-10 00:00:00-04:00,2.640000104904175,2.7200000286102295,2.5999999046325684,2.700000047683716,39900,0.0,0.0
2024-06-11 00:00:00-04:00,2.7300000190734863,2.8399999141693115,2.690000057220459,2.7699999809265137,57200,0.0,0.0
2024-06-12 00:00:00-04:00,2.809999942779541,2.8399999141693115,2.619999885559082,2.680000066757202,49400,0.0,0.0
2024-06-13 00:00:00-04:00,2.640000104904175,2.809000015258789,2.63100004196167,2.700000047683716,32900,0.0,0.0
2024-06-14 00:00:00-04:00,2.6500000953674316,2.6500000953674316,2.3499999046325684,2.5,106800,0.0,0.0
2024-06-17 00:00:00-04:00,2.4600000381469727,2.5,2.380000114440918,2.390000104904175,91300,0.0,0.0
2024-06-18 00:00:00-04:00,2.440000057220459,2.450000047683716,1.8700000047683716,1.9800000190734863,379500,0.0,0.0
2024-06-20 00:00:00-04:00,1.9800000190734863,2.059999942779541,1.9500000476837158,1.9800000190734863,97700,0.0,0.0
2024-06-21 00:00:00-04:00,1.9800000190734863,2.0,1.7400000095367432,1.815000057220459,155000,0.0,0.0
2024-06-24 00:00:00-04:00,1.8799999952316284,1.9199999570846558,1.7400000095367432,1.7699999809265137,61700,0.0,0.0
2024-06-25 00:00:00-04:00,1.75,1.7899999618530273,1.7200000286102295,1.7200000286102295,38000,0.0,0.0
2024-06-26 00:00:00-04:00,1.7100000381469727,1.7799999713897705,1.7100000381469727,1.7300000190734863,74300,0.0,0.0
2024-06-27 00:00:00-04:00,1.7300000190734863,1.8200000524520874,1.725000023841858,1.75,88200,0.0,0.0
2024-06-28 00:00:00-04:00,1.7100000381469727,1.7699999809265137,1.7000000476837158,1.7300000190734863,32600,0.0,0.0
2024-07-01 00:00:00-04:00,1.8700000047683716,1.8799999952316284,1.649999976158142,1.690000057220459,137600,0.0,0.0
2024-07-02 00:00:00-04:00,1.690000057220459,1.7300000190734863,1.649999976158142,1.6699999570846558,45800,0.0,0.0
2024-07-03 00:00:00-04:00,1.690000057220459,1.690000057220459,1.6399999856948853,1.649999976158142,32900,0.0,0.0
2024-07-05 00:00:00-04:00,1.6399999856948853,1.6790000200271606,1.5299999713897705,1.590000033378601,77100,0.0,0.0
2024-07-08 00:00:00-04:00,1.559999942779541,1.559999942779541,1.4299999475479126,1.4900000095367432,109300,0.0,0.0
2024-07-09 00:00:00-04:00,1.440000057220459,1.7799999713897705,1.440000057220459,1.7400000095367432,192000,0.0,0.0
2024-07-10 00:00:00-04:00,1.6699999570846558,1.7300000190734863,1.600000023841858,1.6100000143051147,60500,0.0,0.0
2024-07-11 00:00:00-04:00,1.649999976158142,2.430000066757202,1.6399999856948853,2.200000047683716,3582400,0.0,0.0
2024-07-12 00:00:00-04:00,2.25,2.8399999141693115,1.9800000190734863,2.640000104904175,1432100,0.0,0.0
2024-07-15 00:00:00-04:00,2.559999942779541,3.049999952316284,2.4600000381469727,2.700000047683716,539800,0.0,0.0
2024-07-16 00:00:00-04:00,2.700000047683716,3.119999885559082,2.6500000953674316,3.0199999809265137,339100,0.0,0.0
2024-07-17 00:00:00-04:00,3.0,3.109999895095825,2.5999999046325684,2.680000066757202,187900,0.0,0.0
2024-07-18 00:00:00-04:00,2.7200000286102295,2.8889999389648438,2.318000078201294,2.430000066757202,160200,0.0,0.0
2024-07-19 00:00:00-04:00,2.390000104904175,2.7200000286102295,2.369999885559082,2.4700000286102295,111700,0.0,0.0
2024-07-22 00:00:00-04:00,2.4700000286102295,2.678999900817871,2.430999994277954,2.640000104904175,71100,0.0,0.0
2024-07-23 00:00:00-04:00,2.609999895095825,3.2260000705718994,2.5999999046325684,3.1600000858306885,476900,0.0,0.0
2024-07-24 00:00:00-04:00,3.2699999809265137,3.2899999618530273,2.609999895095825,2.7899999618530273,278100,0.0,0.0
2024-07-25 00:00:00-04:00,2.9000000953674316,3.7799999713897705,2.869999885559082,3.2200000286102295,868900,0.0,0.0
2024-07-26 00:00:00-04:00,3.4700000286102295,3.4700000286102295,2.799999952316284,3.0,569800,0.0,0.0
2024-07-29 00:00:00-04:00,3.0899999141693115,3.119999885559082,2.8499999046325684,3.009999990463257,122400,0.0,0.0
2024-07-30 00:00:00-04:00,3.049999952316284,3.0880000591278076,2.8499999046325684,2.930000066757202,119500,0.0,0.0
2024-07-31 00:00:00-04:00,2.9600000381469727,3.0,2.865999937057495,2.950000047683716,85300,0.0,0.0
2024-08-01 00:00:00-04:00,2.890000104904175,2.990000009536743,2.821000099182129,2.890000104904175,83800,0.0,0.0
2024-08-02 00:00:00-04:00,2.7300000190734863,3.1500000953674316,2.700000047683716,3.049999952316284,155800,0.0,0.0
2024-08-05 00:00:00-04:00,2.7899999618530273,2.7899999618530273,2.359999895095825,2.369999885559082,248000,0.0,0.0
2024-08-06 00:00:00-04:00,2.5799999237060547,2.678999900817871,2.509999990463257,2.640000104904175,76100,0.0,0.0
2024-08-07 00:00:00-04:00,2.6700000762939453,2.6700000762939453,2.3299999237060547,2.3550000190734863,111100,0.0,0.0
2024-08-08 00:00:00-04:00,2.200000047683716,2.490000009536743,2.190000057220459,2.4800000190734863,77300,0.0,0.0
2024-08-09 00:00:00-04:00,2.4600000381469727,2.5799999237060547,2.4200000762939453,2.5799999237060547,43400,0.0,0.0
2024-08-12 00:00:00-04:00,2.5799999237060547,2.5799999237060547,2.4200000762939453,2.5299999713897705,54500,0.0,0.0
2024-08-13 00:00:00-04:00,2.5299999713897705,2.569999933242798,2.4600000381469727,2.509999990463257,59000,0.0,0.0
2024-08-14 00:00:00-04:00,2.5299999713897705,2.5799999237060547,2.4800000190734863,2.569999933242798,13500,0.0,0.0
2024-08-15 00:00:00-04:00,2.640000104904175,2.9200000762939453,2.5299999713897705,2.869999885559082,127800,0.0,0.0
2024-08-16 00:00:00-04:00,2.819999933242798,2.819999933242798,2.569999933242798,2.569999933242798,56700,0.0,0.0
2024-08-19 00:00:00-04:00,2.619999885559082,2.7300000190734863,2.569999933242798,2.619999885559082,83100,0.0,0.0
2024-08-20 00:00:00-04:00,2.619999885559082,2.7119998931884766,2.509999990463257,2.569999933242798,39600,0.0,0.0
2024-08-21 00:00:00-04:00,2.5399999618530273,2.7699999809265137,2.5399999618530273,2.700000047683716,40000,0.0,0.0
2024-08-22 00:00:00-04:00,2.859999895095825,2.890000104904175,2.619999885559082,2.700000047683716,65700,0.0,0.0
2024-08-23 00:00:00-04:00,2.619999885559082,2.700000047683716,2.5,2.559999942779541,68100,0.0,0.0
2024-08-26 00:00:00-04:00,2.5199999809265137,2.609999895095825,2.4600000381469727,2.549999952316284,41400,0.0,0.0
2024-08-27 00:00:00-04:00,2.549999952316284,2.5999999046325684,2.490000009536743,2.549999952316284,94100,0.0,0.0
2024-08-28 00:00:00-04:00,2.509999990463257,2.5399999618530273,2.299999952316284,2.359999895095825,86200,0.0,0.0
2024-08-29 00:00:00-04:00,2.4600000381469727,2.5,2.3399999141693115,2.430000066757202,30700,0.0,0.0
2024-08-30 00:00:00-04:00,2.450000047683716,2.5999999046325684,2.4000000953674316,2.5799999237060547,37500,0.0,0.0
2024-09-03 00:00:00-04:00,2.5999999046325684,2.7179999351501465,2.2899999618530273,2.3499999046325684,66000,0.0,0.0
2024-09-04 00:00:00-04:00,2.390000104904175,2.390000104904175,2.299999952316284,2.3499999046325684,26700,0.0,0.0
2024-09-05 00:00:00-04:00,2.390000104904175,2.490000009536743,2.3450000286102295,2.490000009536743,18300,0.0,0.0
2024-09-06 00:00:00-04:00,2.509999990463257,2.509999990463257,2.3499999046325684,2.4100000858306885,22900,0.0,0.0
2024-09-09 00:00:00-04:00,2.4700000286102295,2.490000009536743,2.380000114440918,2.440000057220459,21700,0.0,0.0
2024-09-10 00:00:00-04:00,2.4200000762939453,2.5399999618530273,2.3499999046325684,2.4600000381469727,24700,0.0,0.0
2024-09-11 00:00:00-04:00,2.450000047683716,2.5399999618530273,2.4000000953674316,2.440000057220459,13700,0.0,0.0
2024-09-12 00:00:00-04:00,2.430000066757202,2.5299999713897705,2.4000000953674316,2.440000057220459,91000,0.0,0.0
2024-09-13 00:00:00-04:00,2.490000009536743,2.5,2.2699999809265137,2.359999895095825,76800,0.0,0.0
2024-09-16 00:00:00-04:00,2.359999895095825,2.359999895095825,2.200000047683716,2.2699999809265137,72800,0.0,0.0
2024-09-17 00:00:00-04:00,2.2899999618530273,2.325000047683716,2.1500000953674316,2.2100000381469727,26700,0.0,0.0
2024-09-18 00:00:00-04:00,2.25,2.509999990463257,2.25,2.3299999237060547,56800,0.0,0.0
2024-09-19 00:00:00-04:00,2.4200000762939453,2.440000057220459,2.309999942779541,2.380000114440918,31300,0.0,0.0
2024-09-20 00:00:00-04:00,2.4100000858306885,2.444999933242798,2.299999952316284,2.4100000858306885,46000,0.0,0.0
2024-09-23 00:00:00-04:00,2.440000057220459,3.200000047683716,2.4110000133514404,3.190000057220459,524900,0.0,0.0
2024-09-24 00:00:00-04:00,3.1600000858306885,3.200000047683716,2.680000066757202,2.9100000858306885,423100,0.0,0.0
2024-09-25 00:00:00-04:00,2.8399999141693115,2.9700000286102295,2.799999952316284,2.9100000858306885,203000,0.0,0.0
2024-09-26 00:00:00-04:00,2.930000066757202,3.0,2.859999895095825,2.9600000381469727,122400,0.0,0.0
2024-09-27 00:00:00-04:00,2.871999979019165,3.0999999046325684,2.869999885559082,2.9800000190734863,120400,0.0,0.0
2024-09-30 00:00:00-04:00,2.9100000858306885,3.0399999618530273,2.7899999618530273,2.869999885559082,44900,0.0,0.0
2024-10-01 00:00:00-04:00,2.9100000858306885,3.0179998874664307,2.5450000762939453,2.6700000762939453,154300,0.0,0.0
2024-10-02 00:00:00-04:00,2.7049999237060547,2.859999895095825,2.5999999046325684,2.7899999618530273,61200,0.0,0.0
2024-10-03 00:00:00-04:00,2.7899999618530273,2.8970000743865967,2.6500000953674316,2.700000047683716,65000,0.0,0.0
2024-10-04 00:00:00-04:00,2.700000047683716,2.8499999046325684,2.5199999809265137,2.690000057220459,88500,0.0,0.0
2024-10-07 00:00:00-04:00,2.700000047683716,2.7300000190734863,2.5299999713897705,2.5999999046325684,67800,0.0,0.0
2024-10-08 00:00:00-04:00,2.569999933242798,2.640000104904175,2.5299999713897705,2.5899999141693115,59000,0.0,0.0
2024-10-09 00:00:00-04:00,2.700000047683716,2.8420000076293945,2.509999990463257,2.5199999809265137,92800,0.0,0.0
2024-10-10 00:00:00-04:00,2.5,2.630000114440918,2.5,2.5299999713897705,17900,0.0,0.0
2024-10-11 00:00:00-04:00,2.5,2.75,2.5,2.700000047683716,51000,0.0,0.0
2024-10-14 00:00:00-04:00,2.690000057220459,2.7799999713897705,2.5399999618530273,2.640000104904175,63800,0.0,0.0
2024-10-15 00:00:00-04:00,2.6700000762939453,2.700000047683716,2.5169999599456787,2.5899999141693115,64900,0.0,0.0
2024-10-16 00:00:00-04:00,2.5399999618530273,2.740000009536743,2.5299999713897705,2.680000066757202,50500,0.0,0.0
2024-10-17 00:00:00-04:00,2.736999988555908,2.75,2.5199999809265137,2.5999999046325684,56900,0.0,0.0
2024-10-18 00:00:00-04:00,2.5899999141693115,2.5899999141693115,2.200000047683716,2.450000047683716,315900,0.0,0.0
2024-10-21 00:00:00-04:00,2.4100000858306885,2.5,2.380000114440918,2.4000000953674316,59300,0.0,0.0
2024-10-22 00:00:00-04:00,2.390000104904175,2.4100000858306885,2.259999990463257,2.259999990463257,36400,0.0,0.0
2024-10-23 00:00:00-04:00,2.259999990463257,2.4240000247955322,2.200000047683716,2.2200000286102295,46700,0.0,0.0
2024-10-24 00:00:00-04:00,2.259999990463257,2.319999933242798,2.2200000286102295,2.2699999809265137,30200,0.0,0.0
2024-10-25 00:00:00-04:00,2.3499999046325684,2.4100000858306885,2.2699999809265137,2.3499999046325684,66900,0.0,0.0
2024-10-28 00:00:00-04:00,2.4000000953674316,2.5899999141693115,2.303999900817871,2.440000057220459,82700,0.0,0.0
2024-10-29 00:00:00-04:00,2.440000057220459,2.4600000381469727,2.3299999237060547,2.4200000762939453,31400,0.0,0.0
2024-10-30 00:00:00-04:00,2.430000066757202,2.430000066757202,2.3299999237060547,2.3499999046325684,52300,0.0,0.0
2024-10-31 00:00:00-04:00,2.3399999141693115,2.4100000858306885,2.2699999809265137,2.2799999713897705,44800,0.0,0.0
2024-11-01 00:00:00-04:00,2.299999952316284,2.3499999046325684,2.2300000190734863,2.2899999618530273,56900,0.0,0.0
2024-11-04 00:00:00-05:00,2.2699999809265137,2.3299999237060547,2.174999952316284,2.2799999713897705,43300,0.0,0.0
2024-11-05 00:00:00-05:00,2.240000009536743,2.4000000953674316,2.2200000286102295,2.319999933242798,55400,0.0,0.0
2024-11-06 00:00:00-05:00,2.4000000953674316,2.5899999141693115,2.180000066757202,2.509999990463257,157200,0.0,0.0
2024-11-07 00:00:00-05:00,2.5299999713897705,2.740000009536743,2.5,2.630000114440918,99000,0.0,0.0
2024-11-08 00:00:00-05:00,2.630000114440918,2.680000066757202,2.549999952316284,2.630000114440918,56200,0.0,0.0
2024-11-11 00:00:00-05:00,2.5,2.684000015258789,2.5,2.6500000953674316,87900,0.0,0.0
2024-11-12 00:00:00-05:00,2.5899999141693115,2.6389999389648438,2.5,2.5899999141693115,37700,0.0,0.0
2024-11-13 00:00:00-05:00,2.5299999713897705,2.5899999141693115,2.369999885559082,2.4200000762939453,98500,0.0,0.0
2024-11-14 00:00:00-05:00,2.4100000858306885,2.450000047683716,2.25,2.2699999809265137,101100,0.0,0.0
2024-11-15 00:00:00-05:00,2.25,2.390000104904175,2.049999952316284,2.2799999713897705,122100,0.0,0.0
2024-11-18 00:00:00-05:00,2.319999933242798,2.319999933242798,2.1500000953674316,2.190000057220459,116400,0.0,0.0
2024-11-19 00:00:00-05:00,2.1500000953674316,2.259999990463257,2.130000114440918,2.2300000190734863,43700,0.0,0.0
2024-11-20 00:00:00-05:00,2.2100000381469727,2.25,1.9900000095367432,2.0199999809265137,162700,0.0,0.0
2024-11-21 00:00:00-05:00,2.0799999237060547,2.134999990463257,1.9700000286102295,2.009999990463257,121200,0.0,0.0
2024-11-22 00:00:00-05:00,1.9800000190734863,2.049999952316284,1.9500000476837158,1.9700000286102295,93700,0.0,0.0
2024-11-25 00:00:00-05:00,2.059999942779541,2.450000047683716,2.0199999809265137,2.2200000286102295,273800,0.0,0.0
2024-11-26 00:00:00-05:00,2.2799999713897705,2.3299999237060547,2.0799999237060547,2.130000114440918,107500,0.0,0.0
2024-11-27 00:00:00-05:00,2.2100000381469727,2.240000009536743,2.0299999713897705,2.140000104904175,98900,0.0,0.0
2024-11-29 00:00:00-05:00,2.130000114440918,2.2109999656677246,2.059999942779541,2.1500000953674316,53800,0.0,0.0
2024-12-02 00:00:00-05:00,2.130000114440918,2.25,2.109999895095825,2.109999895095825,66200,0.0,0.0
2024-12-03 00:00:00-05:00,2.0999999046325684,2.1740000247955322,2.0160000324249268,2.059999942779541,77200,0.0,0.0
2024-12-04 00:00:00-05:00,2.0799999237060547,2.0810000896453857,2.0299999713897705,2.0799999237060547,45500,0.0,0.0
2024-12-05 00:00:00-05:00,2.0799999237060547,2.259999990463257,2.0299999713897705,2.140000104904175,270700,0.0,0.0
2024-12-06 00:00:00-05:00,2.319999933242798,2.759999990463257,2.2209999561309814,2.690000057220459,938200,0.0,0.0
2024-12-09 00:00:00-05:00,2.759999990463257,2.7699999809265137,2.390000104904175,2.640000104904175,327500,0.0,0.0
2024-12-10 00:00:00-05:00,2.549999952316284,2.6459999084472656,2.489000082015991,2.5299999713897705,120400,0.0,0.0
2024-12-11 00:00:00-05:00,2.569999933242798,2.611999988555908,2.319999933242798,2.359999895095825,69400,0.0,0.0
2024-12-12 00:00:00-05:00,2.359999895095825,2.450000047683716,2.240000009536743,2.2899999618530273,71000,0.0,0.0
2024-12-13 00:00:00-05:00,2.259999990463257,2.2780001163482666,2.109999895095825,2.2200000286102295,72900,0.0,0.0
2024-12-16 00:00:00-05:00,2.25,2.490000009536743,2.119999885559082,2.3499999046325684,206400,0.0,0.0
2024-12-17 00:00:00-05:00,2.3399999141693115,2.6500000953674316,2.1700000762939453,2.5799999237060547,314000,0.0,0.0
2024-12-18 00:00:00-05:00,2.630000114440918,2.7699999809265137,2.2100000381469727,2.259999990463257,503100,0.0,0.0
2024-12-19 00:00:00-05:00,2.299999952316284,2.380000114440918,2.109999895095825,2.109999895095825,193200,0.0,0.0
2024-12-20 00:00:00-05:00,2.119999885559082,2.25,2.0759999752044678,2.0899999141693115,126200,0.0,0.0
2024-12-23 00:00:00-05:00,2.130000114440918,2.140000104904175,1.9500000476837158,2.109999895095825,194500,0.0,0.0
2024-12-24 00:00:00-05:00,2.140000104904175,2.140000104904175,2.0199999809265137,2.140000104904175,69100,0.0,0.0
2024-12-26 00:00:00-05:00,2.119999885559082,2.3399999141693115,2.069999933242798,2.2899999618530273,226100,0.0,0.0
2024-12-27 00:00:00-05:00,2.5399999618530273,2.5399999618530273,2.0999999046325684,2.2100000381469727,1178700,0.0,0.0
2024-12-30 00:00:00-05:00,2.200000047683716,2.2799999713897705,2.009999990463257,2.1700000762939453,264300,0.0,0.0
2024-12-31 00:00:00-05:00,2.190000057220459,2.190000057220459,1.9500000476837158,2.0,315200,0.0,0.0
2025-01-02 00:00:00-05:00,2.119999885559082,2.119999885559082,2.0,2.0899999141693115,145800,0.0,0.0
2025-01-03 00:00:00-05:00,2.0899999141693115,2.25,2.0299999713897705,2.2100000381469727,298400,0.0,0.0
2025-01-06 00:00:00-05:00,2.25,2.700000047683716,2.180000066757202,2.490000009536743,693900,0.0,0.0
2025-01-07 00:00:00-05:00,2.5,2.5999999046325684,2.2899999618530273,2.369999885559082,300300,0.0,0.0
2025-01-08 00:00:00-05:00,2.3399999141693115,2.380000114440918,2.200000047683716,2.240000009536743,159800,0.0,0.0
2025-01-10 00:00:00-05:00,2.200000047683716,2.244999885559082,2.009999990463257,2.119999885559082,232900,0.0,0.0
2025-01-13 00:00:00-05:00,2.0999999046325684,2.1700000762939453,2.049999952316284,2.109999895095825,120800,0.0,0.0
2025-01-14 00:00:00-05:00,2.1500000953674316,2.1600000858306885,2.0199999809265137,2.0999999046325684,95300,0.0,0.0
2025-01-15 00:00:00-05:00,2.190000057220459,2.190000057220459,2.0799999237060547,2.1500000953674316,67900,0.0,0.0
2025-01-16 00:00:00-05:00,2.109999895095825,2.243000030517578,2.069999933242798,2.109999895095825,82500,0.0,0.0
2025-01-17 00:00:00-05:00,2.180000066757202,2.1989998817443848,2.0399999618530273,2.119999885559082,94200,0.0,0.0
2025-01-21 00:00:00-05:00,2.1600000858306885,2.450000047683716,2.0179998874664307,2.3399999141693115,789900,0.0,0.0
2025-01-22 00:00:00-05:00,2.5,2.950000047683716,2.4000000953674316,2.6600000858306885,2669300,0.0,0.0
2025-01-23 00:00:00-05:00,2.569999933242798,2.696000099182129,2.3399999141693115,2.5999999046325684,835400,0.0,0.0
2025-01-24 00:00:00-05:00,2.5999999046325684,2.635999917984009,2.369999885559082,2.4000000953674316,305000,0.0,0.0
2025-01-27 00:00:00-05:00,2.259999990463257,2.4100000858306885,2.2100000381469727,2.2300000190734863,441100,0.0,0.0
2025-01-28 00:00:00-05:00,2.25,2.365999937057495,2.1500000953674316,2.259999990463257,399900,0.0,0.0
2025-01-29 00:00:00-05:00,2.259999990463257,2.2899999618530273,2.200000047683716,2.2699999809265137,165400,0.0,0.0
2025-01-30 00:00:00-05:00,2.3499999046325684,2.75,2.240000009536743,2.6500000953674316,940700,0.0,0.0
2025-01-31 00:00:00-05:00,2.6600000858306885,2.7899999618530273,2.309999942779541,2.3450000286102295,763200,0.0,0.0
2025-02-03 00:00:00-05:00,2.2899999618530273,2.4700000286102295,2.2200000286102295,2.299999952316284,383500,0.0,0.0
2025-02-04 00:00:00-05:00,2.3499999046325684,2.5299999713897705,2.3299999237060547,2.390000104904175,364900,0.0,0.0
2025-02-05 00:00:00-05:00,2.390000104904175,2.5490000247955322,2.3399999141693115,2.4600000381469727,331200,0.0,0.0
2025-02-06 00:00:00-05:00,2.5299999713897705,2.799999952316284,2.4600000381469727,2.569999933242798,916900,0.0,0.0
2025-02-07 00:00:00-05:00,2.5199999809265137,3.069999933242798,2.4000000953674316,2.859999895095825,3789500,0.0,0.0
2025-02-10 00:00:00-05:00,3.2200000286102295,4.348999977111816,3.200000047683716,3.359999895095825,14154900,0.0,0.0
2025-02-11 00:00:00-05:00,3.509999990463257,4.0,3.009999990463257,3.015000104904175,3563500,0.0,0.0
2025-02-12 00:00:00-05:00,2.819999933242798,3.5,2.809999942779541,3.240000009536743,1604100,0.0,0.0
2025-02-13 00:00:00-05:00,3.2899999618530273,4.139999866485596,3.1600000858306885,3.9600000381469727,2850600,0.0,0.0
2025-02-14 00:00:00-05:00,3.950000047683716,4.840000152587891,3.619999885559082,3.6549999713897705,3103600,0.0,0.0
2025-02-18 00:00:00-05:00,3.700000047683716,3.9179999828338623,3.2200000286102295,3.4000000953674316,1380400,0.0,0.0
2025-02-19 00:00:00-05:00,3.4800000190734863,3.880000114440918,3.190000057220459,3.240000009536743,1232400,0.0,0.0
2025-02-20 00:00:00-05:00,3.200000047683716,3.380000114440918,2.9700000286102295,3.1600000858306885,710500,0.0,0.0
2025-02-21 00:00:00-05:00,3.1700000762939453,3.190000057220459,2.7799999713897705,2.8499999046325684,695800,0.0,0.0
2025-02-24 00:00:00-05:00,2.8299999237060547,2.880000114440918,2.5999999046325684,2.6700000762939453,397800,0.0,0.0
2025-02-25 00:00:00-05:00,2.6600000858306885,2.678999900817871,2.4600000381469727,2.4800000190734863,730000,0.0,0.0
2025-02-26 00:00:00-05:00,2.549999952316284,2.700000047683716,2.5,2.619999885559082,190300,0.0,0.0
2025-02-27 00:00:00-05:00,2.700000047683716,2.930000066757202,2.440000057220459,2.4800000190734863,950000,0.0,0.0
2025-02-28 00:00:00-05:00,2.4200000762939453,2.4579999446868896,2.0,2.0899999141693115,1522000,0.0,0.0
2025-03-03 00:00:00-05:00,2.3889999389648438,2.3889999389648438,1.8700000047683716,1.8899999856948853,687200,0.0,0.0
2025-03-04 00:00:00-05:00,1.7999999523162842,1.9800000190734863,1.7599999904632568,1.899999976158142,250300,0.0,0.0
2025-03-05 00:00:00-05:00,1.9299999475479126,1.9900000095367432,1.8200000524520874,1.9700000286102295,149000,0.0,0.0
2025-03-06 00:00:00-05:00,1.9199999570846558,2.003000020980835,1.7999999523162842,1.8899999856948853,157700,0.0,0.0
2025-03-07 00:00:00-05:00,1.8899999856948853,1.9299999475479126,1.690000057220459,1.7999999523162842,331800,0.0,0.0
2025-03-10 00:00:00-04:00,1.7999999523162842,1.809999942779541,1.6399999856948853,1.7200000286102295,208000,0.0,0.0
2025-03-11 00:00:00-04:00,1.7400000095367432,1.75,1.600000023841858,1.6799999475479126,145900,0.0,0.0
2025-03-12 00:00:00-04:00,1.75,1.7960000038146973,1.6299999952316284,1.7400000095367432,108200,0.0,0.0
2025-03-13 00:00:00-04:00,1.7000000476837158,1.7200000286102295,1.5700000524520874,1.590000033378601,259800,0.0,0.0
2025-03-14 00:00:00-04:00,1.6299999952316284,1.7899999618530273,1.600000023841858,1.7200000286102295,138200,0.0,0.0
2025-03-17 00:00:00-04:00,1.7999999523162842,1.9600000381469727,1.7899999618530273,1.8899999856948853,264800,0.0,0.0
2025-03-18 00:00:00-04:00,1.8899999856948853,1.8899999856948853,1.7599999904632568,1.7799999713897705,89600,0.0,0.0
2025-03-19 00:00:00-04:00,1.7899999618530273,1.8339999914169312,1.7300000190734863,1.7999999523162842,99000,0.0,0.0
2025-03-20 00:00:00-04:00,1.7999999523162842,1.8700000047683716,1.7599999904632568,1.7999999523162842,64400,0.0,0.0
2025-03-21 00:00:00-04:00,1.7699999809265137,1.7999999523162842,1.7300000190734863,1.7599999904632568,66400,0.0,0.0
2025-03-24 00:00:00-04:00,1.7799999713897705,1.9149999618530273,1.7699999809265137,1.8899999856948853,126400,0.0,0.0
2025-03-25 00:00:00-04:00,1.8700000047683716,2.130000114440918,1.7999999523162842,2.0799999237060547,284100,0.0,0.0
2025-03-26 00:00:00-04:00,2.0999999046325684,2.1600000858306885,1.850000023841858,1.899999976158142,259600,0.0,0.0
2025-03-27 00:00:00-04:00,1.850000023841858,1.899999976158142,1.809999942779541,1.809999942779541,65700,0.0,0.0
2025-03-28 00:00:00-04:00,1.8200000524520874,1.840000033378601,1.6460000276565552,1.7000000476837158,222700,0.0,0.0
2025-03-31 00:00:00-04:00,1.659999966621399,1.7200000286102295,1.5399999618530273,1.649999976158142,76100,0.0,0.0
2025-04-01 00:00:00-04:00,1.659999966621399,1.6799999475479126,1.5499999523162842,1.649999976158142,73800,0.0,0.0
2025-04-02 00:00:00-04:00,1.600000023841858,1.690000057220459,1.5820000171661377,1.6399999856948853,99200,0.0,0.0
2025-04-03 00:00:00-04:00,1.5399999618530273,1.5950000286102295,1.3509999513626099,1.409999966621399,320000,0.0,0.0
2025-04-04 00:00:00-04:00,1.3300000429153442,1.3489999771118164,1.2269999980926514,1.2999999523162842,220400,0.0,0.0
2025-04-07 00:00:00-04:00,1.3300000429153442,1.5499999523162842,1.2400000095367432,1.5199999809265137,239700,0.0,0.0
2025-04-08 00:00:00-04:00,1.6399999856948853,1.6399999856948853,1.350000023841858,1.3600000143051147,154100,0.0,0.0
2025-04-09 00:00:00-04:00,1.3600000143051147,1.5379999876022339,1.3509999513626099,1.4800000190734863,97800,0.0,0.0
2025-04-10 00:00:00-04:00,1.4600000381469727,1.4600000381469727,1.3600000143051147,1.409999966621399,177700,0.0,0.0
2025-04-11 00:00:00-04:00,1.5299999713897705,2.200000047683716,1.4199999570846558,2.0999999046325684,13814900,0.0,0.0
2025-04-14 00:00:00-04:00,2.0799999237060547,2.119999885559082,1.7100000381469727,1.7899999618530273,1427000,0.0,0.0
2025-04-15 00:00:00-04:00,1.7300000190734863,1.850000023841858,1.590000033378601,1.6100000143051147,541800,0.0,0.0
2025-04-16 00:00:00-04:00,1.559999942779541,1.75,1.559999942779541,1.659999966621399,271800,0.0,0.0
2025-04-17 00:00:00-04:00,1.7100000381469727,1.7799999713897705,1.6200000047683716,1.659999966621399,224500,0.0,0.0
2025-04-21 00:00:00-04:00,1.6399999856948853,1.7000000476837158,1.5499999523162842,1.659999966621399,176700,0.0,0.0
2025-04-22 00:00:00-04:00,1.6699999570846558,1.7000000476837158,1.5700000524520874,1.6699999570846558,189400,0.0,0.0
2025-04-23 00:00:00-04:00,1.75,1.8279999494552612,1.690000057220459,1.7599999904632568,219900,0.0,0.0
2025-04-24 00:00:00-04:00,1.809999942779541,1.840000033378601,1.75,1.840000033378601,184000,0.0,0.0
2025-04-25 00:00:00-04:00,1.7999999523162842,1.850000023841858,1.7599999904632568,1.850000023841858,148800,0.0,0.0
2025-04-28 00:00:00-04:00,1.850000023841858,1.8990000486373901,1.684999942779541,1.7699999809265137,97000,0.0,0.0
2025-04-29 00:00:00-04:00,1.7999999523162842,1.8300000429153442,1.7200000286102295,1.809999942779541,106600,0.0,0.0
2025-04-30 00:00:00-04:00,1.7599999904632568,1.7999999523162842,1.7200000286102295,1.7699999809265137,53400,0.0,0.0
2025-05-01 00:00:00-04:00,1.7799999713897705,1.8200000524520874,1.7400000095367432,1.7999999523162842,100100,0.0,0.0
2025-05-02 00:00:00-04:00,1.809999942779541,1.8639999628067017,1.7599999904632568,1.809999942779541,196300,0.0,0.0
2025-05-05 00:00:00-04:00,1.7999999523162842,1.850000023841858,1.725000023841858,1.7899999618530273,131700,0.0,0.0
2025-05-06 00:00:00-04:00,1.7400000095367432,1.8200000524520874,1.7000000476837158,1.7100000381469727,154100,0.0,0.0
2025-05-07 00:00:00-04:00,1.7000000476837158,1.7400000095367432,1.6100000143051147,1.7100000381469727,69700,0.0,0.0
2025-05-08 00:00:00-04:00,1.7300000190734863,1.7999999523162842,1.6399999856948853,1.7699999809265137,147700,0.0,0.0
2025-05-09 00:00:00-04:00,1.7999999523162842,1.819000005722046,1.7000000476837158,1.7599999904632568,85100,0.0,0.0
2025-05-12 00:00:00-04:00,1.8200000524520874,1.8849999904632568,1.7350000143051147,1.7699999809265137,166800,0.0,0.0
2025-05-13 00:00:00-04:00,1.7799999713897705,1.9500000476837158,1.7599999904632568,1.9199999570846558,137600,0.0,0.0
2025-05-14 00:00:00-04:00,1.899999976158142,1.9299999475479126,1.7300000190734863,1.7649999856948853,155200,0.0,0.0
2025-05-15 00:00:00-04:00,1.840000033378601,1.840000033378601,1.659999966621399,1.7100000381469727,98900,0.0,0.0
2025-05-16 00:00:00-04:00,1.7699999809265137,1.7879999876022339,1.649999976158142,1.75,64400,0.0,0.0
2025-05-19 00:00:00-04:00,1.7699999809265137,1.7699999809265137,1.6699999570846558,1.7400000095367432,111100,0.0,0.0
2025-05-20 00:00:00-04:00,1.7999999523162842,1.850000023841858,1.75,1.8200000524520874,133400,0.0,0.0
2025-05-21 00:00:00-04:00,1.850000023841858,1.9670000076293945,1.8200000524520874,1.840000033378601,173800,0.0,0.0
2025-05-22 00:00:00-04:00,1.809999942779541,1.9149999618530273,1.7699999809265137,1.850000023841858,88000,0.0,0.0
2025-05-23 00:00:00-04:00,1.840000033378601,1.8700000047683716,1.7920000553131104,1.850000023841858,70700,0.0,0.0
2025-05-27 00:00:00-04:00,1.899999976158142,1.899999976158142,1.7899999618530273,1.809999942779541,188900,0.0,0.0
2025-05-28 00:00:00-04:00,1.8200000524520874,1.8819999694824219,1.75,1.7599999904632568,144900,0.0,0.0
2025-05-29 00:00:00-04:00,1.7699999809265137,1.7799999713897705,1.684999942779541,1.7300000190734863,82600,0.0,0.0
2025-05-30 00:00:00-04:00,1.7100000381469727,1.7599999904632568,1.6390000581741333,1.7100000381469727,117400,0.0,0.0
2025-06-02 00:00:00-04:00,1.7300000190734863,1.7400000095367432,1.6299999952316284,1.7100000381469727,118800,0.0,0.0
2025-06-03 00:00:00-04:00,1.7100000381469727,1.7599999904632568,1.690000057220459,1.7100000381469727,50300,0.0,0.0
2025-06-04 00:00:00-04:00,1.7000000476837158,1.7599999904632568,1.6799999475479126,1.7200000286102295,68200,0.0,0.0
2025-06-05 00:00:00-04:00,1.7000000476837158,1.718999981880188,1.6399999856948853,1.6449999809265137,110100,0.0,0.0
2025-06-06 00:00:00-04:00,1.7000000476837158,1.7000000476837158,1.6399999856948853,1.690000057220459,58000,0.0,0.0
2025-06-09 00:00:00-04:00,1.690000057220459,1.7400000095367432,1.6799999475479126,1.7100000381469727,52200,0.0,0.0
2025-06-10 00:00:00-04:00,1.690000057220459,1.909999966621399,1.690000057220459,1.899999976158142,367200,0.0,0.0
2025-06-11 00:00:00-04:00,1.9500000476837158,1.9500000476837158,1.7949999570846558,1.850000023841858,163600,0.0,0.0
2025-06-12 00:00:00-04:00,1.9700000286102295,1.9800000190734863,1.7599999904632568,1.7699999809265137,332500,0.0,0.0
2025-06-13 00:00:00-04:00,1.7100000381469727,1.7799999713897705,1.6799999475479126,1.690000057220459,150900,0.0,0.0
2025-06-16 00:00:00-04:00,1.7100000381469727,1.7599999904632568,1.6820000410079956,1.7400000095367432,92200,0.0,0.0
2025-06-17 00:00:00-04:00,1.7300000190734863,1.7599999904632568,1.690000057220459,1.7100000381469727,83100,0.0,0.0
2025-06-18 00:00:00-04:00,1.7400000095367432,1.7699999809265137,1.7100000381469727,1.7300000190734863,132900,0.0,0.0
2025-06-20 00:00:00-04:00,1.7599999904632568,1.7699999809265137,1.649999976158142,1.649999976158142,288500,0.0,0.0
2025-06-23 00:00:00-04:00,1.659999966621399,1.6950000524520874,1.5099999904632568,1.5199999809265137,253000,0.0,0.0
2025-06-24 00:00:00-04:00,1.559999942779541,1.6399999856948853,1.5399999618530273,1.600000023841858,159100,0.0,0.0
2025-06-25 00:00:00-04:00,1.6100000143051147,1.6699999570846558,1.5609999895095825,1.6100000143051147,94700,0.0,0.0
2025-06-26 00:00:00-04:00,1.6200000047683716,1.6399999856948853,1.5299999713897705,1.5700000524520874,200900,0.0,0.0
2025-06-27 00:00:00-04:00,1.5800000429153442,1.6100000143051147,1.5,1.5099999904632568,127700,0.0,0.0
2025-06-30 00:00:00-04:00,1.5,1.5800000429153442,1.4800000190734863,1.5099999904632568,157200,0.0,0.0
2025-07-01 00:00:00-04:00,1.5199999809265137,1.5800000429153442,1.5,1.5499999523162842,82900,0.0,0.0
2025-07-02 00:00:00-04:00,1.5499999523162842,1.600000023841858,1.5230000019073486,1.5800000429153442,80700,0.0,0.0
2025-07-03 00:00:00-04:00,1.5800000429153442,1.6399999856948853,1.5700000524520874,1.6299999952316284,87100,0.0,0.0
2025-07-07 00:00:00-04:00,1.6100000143051147,1.6399999856948853,1.4600000381469727,1.4900000095367432,331300,0.0,0.0
2025-07-08 00:00:00-04:00,1.5199999809265137,1.5260000228881836,1.4700000286102295,1.5,222400,0.0,0.0
2025-07-09 00:00:00-04:00,1.5199999809265137,1.5240000486373901,1.4800000190734863,1.4900000095367432,274100,0.0,0.0
2025-07-10 00:00:00-04:00,1.5,1.5299999713897705,1.4500000476837158,1.5199999809265137,332800,0.0,0.0
2025-07-11 00:00:00-04:00,1.5,1.5299999713897705,1.4900000095367432,1.5099999904632568,158800,0.0,0.0
2025-07-14 00:00:00-04:00,1.5099999904632568,1.5499999523162842,1.4900000095367432,1.5099999904632568,108300,0.0,0.0
2025-07-15 00:00:00-04:00,1.5099999904632568,1.5399999618530273,1.4600000381469727,1.4700000286102295,200300,0.0,0.0
2025-07-16 00:00:00-04:00,1.4700000286102295,1.5099999904632568,1.4500000476837158,1.4900000095367432,136800,0.0,0.0
2025-07-17 00:00:00-04:00,1.4900000095367432,1.5499999523162842,1.4900000095367432,1.5,181600,0.0,0.0
2025-07-18 00:00:00-04:00,1.5099999904632568,1.5299999713897705,1.4900000095367432,1.5099999904632568,161800,0.0,0.0
2025-07-21 00:00:00-04:00,1.5399999618530273,1.684999942779541,1.4800000190734863,1.5,843400,0.0,0.0
2025-07-22 00:00:00-04:00,1.5099999904632568,1.5299999713897705,1.440000057220459,1.4700000286102295,166300,0.0,0.0
2025-07-23 00:00:00-04:00,1.5299999713897705,1.559999942779541,1.4859999418258667,1.5499999523162842,185200,0.0,0.0
2025-07-24 00:00:00-04:00,1.559999942779541,1.5829999446868896,1.5219999551773071,1.5800000429153442,162000,0.0,0.0
2025-07-25 00:00:00-04:00,1.5800000429153442,1.5800000429153442,1.5,1.5199999809265137,106000,0.0,0.0
2025-07-28 00:00:00-04:00,1.5399999618530273,1.5449999570846558,1.4800000190734863,1.4900000095367432,92500,0.0,0.0
2025-07-29 00:00:00-04:00,1.5,1.5099999904632568,1.440000057220459,1.4500000476837158,152700,0.0,0.0
2025-07-30 00:00:00-04:00,1.440000057220459,1.4600000381469727,1.409999966621399,1.409999966621399,114600,0.0,0.0
2025-07-31 00:00:00-04:00,1.409999966621399,1.440000057220459,1.3600000143051147,1.3700000047683716,134000,0.0,0.0
2025-08-01 00:00:00-04:00,1.350000023841858,1.3669999837875366,1.2599999904632568,1.2999999523162842,221400,0.0,0.0
2025-08-04 00:00:00-04:00,1.340000033378601,1.3550000190734863,1.2730000019073486,1.2999999523162842,96400,0.0,0.0
2025-08-05 00:00:00-04:00,1.3300000429153442,1.340000033378601,1.2799999713897705,1.340000033378601,137300,0.0,0.0
2025-08-06 00:00:00-04:00,1.3700000047683716,1.3700000047683716,1.309999942779541,1.3700000047683716,90300,0.0,0.0
2025-08-07 00:00:00-04:00,1.3899999856948853,1.3899999856948853,1.2799999713897705,1.2999999523162842,90600,0.0,0.0
2025-08-08 00:00:00-04:00,1.2899999618530273,1.309999942779541,1.25,1.2699999809265137,72700,0.0,0.0
2025-08-11 00:00:00-04:00,1.2599999904632568,1.2899999618530273,1.25,1.2699999809265137,79400,0.0,0.0
2025-08-12 00:00:00-04:00,1.2699999809265137,1.2899999618530273,1.2400000095367432,1.2799999713897705,167800,0.0,0.0
2025-08-13 00:00:00-04:00,1.2799999713897705,1.340000033378601,1.2799999713897705,1.3300000429153442,162600,0.0,0.0
2025-08-14 00:00:00-04:00,1.2999999523162842,1.3300000429153442,1.25,1.2799999713897705,124000,0.0,0.0
2025-08-15 00:00:00-04:00,1.2999999523162842,1.2999999523162842,1.2100000381469727,1.25,85200,0.0,0.0
2025-08-18 00:00:00-04:00,1.2899999618530273,1.3279999494552612,1.2300000190734863,1.3200000524520874,102500,0.0,0.0
2025-08-19 00:00:00-04:00,1.3200000524520874,1.3200000524520874,1.2200000286102295,1.2599999904632568,113900,0.0,0.0
2025-08-20 00:00:00-04:00,1.2599999904632568,1.2599999904632568,1.2000000476837158,1.2200000286102295,88200,0.0,0.0
2025-08-21 00:00:00-04:00,1.2300000190734863,1.2400000095367432,1.1649999618530273,1.2000000476837158,86200,0.0,0.0
2025-08-22 00:00:00-04:00,1.1799999475479126,1.2699999809265137,1.1799999475479126,1.2699999809265137,186900,0.0,0.0
2025-08-25 00:00:00-04:00,1.2599999904632568,1.2630000114440918,1.2100000381469727,1.2300000190734863,92500,0.0,0.0
2025-08-26 00:00:00-04:00,1.2400000095367432,1.2599999904632568,1.2100000381469727,1.25,57400,0.0,0.0
2025-08-27 00:00:00-04:00,1.2599999904632568,1.2799999713897705,1.2400000095367432,1.2599999904632568,66500,0.0,0.0
2025-08-28 00:00:00-04:00,1.2799999713897705,1.2799999713897705,1.2100000381469727,1.2300000190734863,51200,0.0,0.0
2025-08-29 00:00:00-04:00,1.25,1.25,1.1799999475479126,1.2100000381469727,80600,0.0,0.0
2025-09-02 00:00:00-04:00,1.2200000286102295,1.2300000190734863,1.2000000476837158,1.2200000286102295,25000,0.0,0.0
2025-09-03 00:00:00-04:00,1.2200000286102295,1.225000023841858,1.190000057220459,1.2000000476837158,30000,0.0,0.0
2025-09-04 00:00:00-04:00,1.2200000286102295,1.2200000286102295,1.1549999713897705,1.1699999570846558,68000,0.0,0.0
2025-09-05 00:00:00-04:00,1.149999976158142,1.1610000133514404,1.090000033378601,1.1399999856948853,106600,0.0,0.0
2025-09-08 00:00:00-04:00,1.1699999570846558,1.3600000143051147,1.1399999856948853,1.350000023841858,276600,0.0,0.0
2025-09-09 00:00:00-04:00,1.3600000143051147,1.3600000143051147,1.2799999713897705,1.2899999618530273,76600,0.0,0.0
2025-09-10 00:00:00-04:00,1.2699999809265137,1.2799999713897705,1.2200000286102295,1.2599999904632568,114800,0.0,0.0
2025-09-11 00:00:00-04:00,1.25,1.312000036239624,1.2350000143051147,1.2999999523162842,95900,0.0,0.0
2025-09-12 00:00:00-04:00,1.2799999713897705,1.340000033378601,1.2799999713897705,1.3270000219345093,82200,0.0,0.0
2025-09-15 00:00:00-04:00,1.340000033378601,1.4299999475479126,1.309999942779541,1.4049999713897705,152000,0.0,0.0
2025-09-16 00:00:00-04:00,1.4299999475479126,1.4299999475479126,1.2949999570846558,1.3200000524520874,151200,0.0,0.0
2025-09-17 00:00:00-04:00,1.2999999523162842,1.3600000143051147,1.2899999618530273,1.2999999523162842,89900,0.0,0.0
2025-09-18 00:00:00-04:00,1.2999999523162842,1.3799999952316284,1.2999999523162842,1.350000023841858,110800,0.0,0.0
2025-09-19 00:00:00-04:00,1.350000023841858,1.3899999856948853,1.3200000524520874,1.3200000524520874,102900,0.0,0.0
2025-09-22 00:00:00-04:00,1.309999942779541,1.5299999713897705,1.2999999523162842,1.4800000190734863,291700,0.0,0.0
2025-09-23 00:00:00-04:00,1.5299999713897705,1.5499999523162842,1.3700000047683716,1.3700000047683716,299300,0.0,0.0
2025-09-24 00:00:00-04:00,1.4500000476837158,1.4900000095367432,1.409999966621399,1.4500000476837158,137000,0.0,0.0
2025-09-25 00:00:00-04:00,1.4500000476837158,1.4700000286102295,1.399999976158142,1.4299999475479126,114700,0.0,0.0
2025-09-26 00:00:00-04:00,1.409999966621399,1.4579999446868896,1.409999966621399,1.4149999618530273,75800,0.0,0.0
2025-09-29 00:00:00-04:00,1.409999966621399,1.4700000286102295,1.3200000524520874,1.3799999952316284,76300,0.0,0.0
2025-09-30 00:00:00-04:00,1.399999976158142,1.4199999570846558,1.3700000047683716,1.399999976158142,65400,0.0,0.0
2025-10-01 00:00:00-04:00,1.3700000047683716,1.5399999618530273,1.3700000047683716,1.4500000476837158,381500,0.0,0.0
2025-10-02 00:00:00-04:00,1.4900000095367432,1.4900000095367432,1.399999976158142,1.4800000190734863,123600,0.0,0.0
2025-10-03 00:00:00-04:00,1.5099999904632568,1.5199999809265137,1.4199999570846558,1.440000057220459,145100,0.0,0.0
2025-10-06 00:00:00-04:00,1.440000057220459,1.5299999713897705,1.440000057220459,1.5,182500,0.0,0.0
2025-10-07 00:00:00-04:00,1.5,1.5199999809265137,1.4299999475479126,1.4900000095367432,114700,0.0,0.0
2025-10-08 00:00:00-04:00,1.5099999904632568,2.0399999618530273,1.4910000562667847,1.559999942779541,4873100,0.0,0.0
2025-10-09 00:00:00-04:00,1.559999942779541,1.5700000524520874,1.399999976158142,1.4299999475479126,438000,0.0,0.0
2025-10-10 00:00:00-04:00,1.4299999475479126,1.437999963760376,1.2799999713897705,1.3200000524520874,532100,0.0,0.0
2025-10-13 00:00:00-04:00,1.350000023841858,1.5069999694824219,1.3370000123977661,1.4900000095367432,203300,0.0,0.0
2025-10-14 00:00:00-04:00,1.4600000381469727,1.5199999809265137,1.4299999475479126,1.4700000286102295,215700,0.0,0.0
2025-10-15 00:00:00-04:00,1.5199999809265137,1.7000000476837158,1.4500000476837158,1.5299999713897705,435000,0.0,0.0
2025-10-16 00:00:00-04:00,1.5399999618530273,1.5759999752044678,1.4500000476837158,1.4700000286102295,168400,0.0,0.0
2025-10-17 00:00:00-04:00,1.4700000286102295,1.4800000190734863,1.4500000476837158,1.4700000286102295,69600,0.0,0.0
2025-10-20 00:00:00-04:00,1.4900000095367432,1.5199999809265137,1.4500000476837158,1.5,94200,0.0,0.0
2025-10-21 00:00:00-04:00,1.5399999618530273,1.5399999618530273,1.3600000143051147,1.3700000047683716,394100,0.0,0.0
2025-10-22 00:00:00-04:00,1.3700000047683716,1.3799999952316284,1.3020000457763672,1.340000033378601,105200,0.0,0.0
2025-10-23 00:00:00-04:00,1.2999999523162842,1.4199999570846558,1.2999999523162842,1.409999966621399,63600,0.0,0.0
2025-10-24 00:00:00-04:00,1.440000057220459,1.440000057220459,1.399999976158142,1.4199999570846558,209200,0.0,0.0
2025-10-27 00:00:00-04:00,1.4500000476837158,1.4600000381469727,1.3899999856948853,1.3899999856948853,108700,0.0,0.0
2025-10-28 00:00:00-04:00,1.3799999952316284,1.4800000190734863,1.340000033378601,1.409999966621399,392600,0.0,0.0
2025-10-29 00:00:00-04:00,1.4500000476837158,1.4500000476837158,1.2999999523162842,1.309999942779541,311400,0.0,0.0
2025-10-30 00:00:00-04:00,1.2999999523162842,1.3200000524520874,1.2610000371932983,1.2799999713897705,108600,0.0,0.0
2025-10-31 00:00:00-04:00,1.2899999618530273,1.3200000524520874,1.2699999809265137,1.2799999713897705,112600,0.0,0.0
2025-11-03 00:00:00-05:00,1.2799999713897705,1.2899999618530273,1.1399999856948853,1.159999966621399,352600,0.0,0.0
2025-11-04 00:00:00-05:00,1.1799999475479126,1.1799999475479126,1.0700000524520874,1.090000033378601,148000,0.0,0.0
2025-11-05 00:00:00-05:00,1.090000033378601,1.1399999856948853,1.0299999713897705,1.0499999523162842,284200,0.0,0.0
2025-11-06 00:00:00-05:00,1.0399999618530273,1.059999942779541,0.949999988079071,0.9599999785423279,165300,0.0,0.0
2025-11-07 00:00:00-05:00,0.949999988079071,1.1699999570846558,0.949999988079071,1.100000023841858,319500,0.0,0.0
2025-11-10 00:00:00-05:00,1.1200000047683716,1.1299999952316284,1.059999942779541,1.100000023841858,123500,0.0,0.0
2025-11-11 00:00:00-05:00,1.0800000429153442,1.1100000143051147,1.0800000429153442,1.090000033378601,33100,0.0,0.0
2025-11-12 00:00:00-05:00,1.0800000429153442,1.1100000143051147,1.059999942779541,1.090000033378601,76900,0.0,0.0
2025-11-13 00:00:00-05:00,1.090000033378601,1.090000033378601,0.9900000095367432,1.0,79000,0.0,0.0
2025-11-14 00:00:00-05:00,0.949999988079071,1.0499999523162842,0.949999988079071,1.0,71300,0.0,0.0
2025-11-17 00:00:00-05:00,0.9800000190734863,1.0299999713897705,0.9010000228881836,0.9169999957084656,109000,0.0,0.0
2025-11-18 00:00:00-05:00,0.9169999957084656,0.9490000009536743,0.8999999761581421,0.9259999990463257,67300,0.0,0.0
2025-11-19 00:00:00-05:00,0.9599999785423279,0.9599999785423279,0.9039999842643738,0.9150000214576721,64700,0.0,0.0
2025-11-20 00:00:00-05:00,0.949999988079071,0.9929999709129333,0.8700000047683716,0.8700000047683716,86800,0.0,0.0
2025-11-21 00:00:00-05:00,0.8799999952316284,0.8999999761581421,0.8040000200271606,0.8510000109672546,139500,0.0,0.0
2025-11-24 00:00:00-05:00,0.8980000019073486,0.9190000295639038,0.8610000014305115,0.8759999871253967,66300,0.0,0.0
2025-11-25 00:00:00-05:00,0.9200000166893005,1.0299999713897705,0.8999999761581421,1.0099999904632568,126400,0.0,0.0
2025-11-26 00:00:00-05:00,1.0399999618530273,1.0399999618530273,0.9900000095367432,0.9900000095367432,35300,0.0,0.0
2025-11-28 00:00:00-05:00,1.0199999809265137,1.0199999809265137,0.9900000095367432,1.0,37800,0.0,0.0
2025-12-01 00:00:00-05:00,1.0,1.0399999618530273,0.9599999785423279,0.9599999785423279,77200,0.0,0.0
2025-12-02 00:00:00-05:00,0.9900000095367432,1.0399999618530273,0.9620000123977661,0.9810000061988831,52600,0.0,0.0
2025-12-03 00:00:00-05:00,1.0,1.090000033378601,0.9800000190734863,1.090000033378601,50600,0.0,0.0
2025-12-04 00:00:00-05:00,1.090000033378601,1.1699999570846558,1.0399999618530273,1.149999976158142,64300,0.0,0.0
2025-12-05 00:00:00-05:00,1.1799999475479126,1.2000000476837158,1.1100000143051147,1.1299999952316284,72800,0.0,0.0
2025-12-08 00:00:00-05:00,1.1100000143051147,1.149999976158142,1.100000023841858,1.1399999856948853,24800,0.0,0.0
2025-12-09 00:00:00-05:00,1.1200000047683716,1.1799999475479126,1.1200000047683716,1.1399999856948853,58200,0.0,0.0
2025-12-10 00:00:00-05:00,1.149999976158142,1.1799999475479126,1.125,1.149999976158142,53100,0.0,0.0
2025-12-11 00:00:00-05:00,1.1399999856948853,1.2100000381469727,1.1230000257492065,1.1399999856948853,101900,0.0,0.0
2025-12-12 00:00:00-05:00,1.1299999952316284,1.1699999570846558,1.0800000429153442,1.100000023841858,52500,0.0,0.0
2025-12-15 00:00:00-05:00,1.0700000524520874,1.090000033378601,1.0499999523162842,1.0499999523162842,39200,0.0,0.0
2025-12-16 00:00:00-05:00,1.0399999618530273,1.059999942779541,1.0,1.0199999809265137,48100,0.0,0.0
2025-12-17 00:00:00-05:00,1.0700000524520874,1.0700000524520874,0.9800000190734863,0.9850000143051147,49300,0.0,0.0
2025-12-18 00:00:00-05:00,0.9890000224113464,1.100000023841858,0.9890000224113464,1.0399999618530273,81700,0.0,0.0
2025-12-19 00:00:00-05:00,1.090000033378601,1.1749999523162842,1.0449999570846558,1.1299999952316284,149000,0.0,0.0
2025-12-22 00:00:00-05:00,1.190000057220459,1.190000057220459,1.0700000524520874,1.0800000429153442,76400,0.0,0.0
2025-12-23 00:00:00-05:00,1.0700000524520874,1.159999966621399,0.9900000095367432,1.0199999809265137,69700,0.0,0.0
2025-12-24 00:00:00-05:00,1.0700000524520874,1.0700000524520874,1.0,1.0099999904632568,45100,0.0,0.0
2025-12-26 00:00:00-05:00,1.0399999618530273,1.0399999618530273,0.949999988079071,0.9520000219345093,77300,0.0,0.0
2025-12-29 00:00:00-05:00,0.9800000190734863,0.9900000095367432,0.8999999761581421,0.9010000228881836,116300,0.0,0.0
2025-12-30 00:00:00-05:00,0.8899999856948853,1.0499999523162842,0.8799999952316284,0.9259999990463257,308700,0.0,0.0
2025-12-31 00:00:00-05:00,0.9259999990463257,0.949999988079071,0.8560000061988831,0.8830000162124634,208100,0.0,0.0
2026-01-02 00:00:00-05:00,0.9039999842643738,0.9210000038146973,0.8600000143051147,0.8799999952316284,78300,0.0,0.0
2026-01-05 00:00:00-05:00,0.8980000019073486,0.9120000004768372,0.8600000143051147,0.871999979019165,133300,0.0,0.0
2026-01-06 00:00:00-05:00,0.8999999761581421,0.8999999761581421,0.8050000071525574,0.843999981880188,23917600,0.0,0.0
2026-01-07 00:00:00-05:00,0.8259999752044678,0.8830000162124634,0.800000011920929,0.8700000047683716,980500,0.0,0.0
2026-01-08 00:00:00-05:00,0.8339999914169312,0.8690000176429749,0.800000011920929,0.8309999704360962,706700,0.0,0.0
2026-01-09 00:00:00-05:00,0.8159999847412109,0.8399999737739563,0.7799999713897705,0.8050000071525574,389200,0.0,0.0
2026-01-12 00:00:00-05:00,0.7940000295639038,0.800000011920929,0.6970000267028809,0.7229999899864197,711800,0.0,0.0
2026-01-13 00:00:00-05:00,0.7149999737739563,0.7269999980926514,0.6449999809265137,0.6710000038146973,835900,0.0,0.0
2026-01-14 00:00:00-05:00,0.6819999814033508,0.6880000233650208,0.6499999761581421,0.6830000281333923,286900,0.0,0.0
2026-01-15 00:00:00-05:00,0.6899999976158142,0.7699999809265137,0.6589999794960022,0.7590000033378601,465800,0.0,0.0
2026-01-16 00:00:00-05:00,0.7739999890327454,0.7739999890327454,0.699999988079071,0.7239999771118164,187600,0.0,0.0
2026-01-20 00:00:00-05:00,0.7239999771118164,0.7239999771118164,0.6499999761581421,0.6819999814033508,177500,0.0,0.0
2026-01-21 00:00:00-05:00,0.6800000071525574,0.7200000286102295,0.6600000262260437,0.7059999704360962,276900,0.0,0.0
2026-01-22 00:00:00-05:00,0.718999981880188,0.8199999928474426,0.7099999785423279,0.8190000057220459,446500,0.0,0.0
2026-01-23 00:00:00-05:00,0.8180000185966492,0.8180000185966492,0.703000009059906,0.722000002861023,428100,0.0,0.0
2026-01-26 00:00:00-05:00,0.7590000033378601,0.7900000214576721,0.7229999899864197,0.7400000095367432,281000,0.0,0.0
2026-01-27 00:00:00-05:00,0.7699999809265137,0.7789999842643738,0.6919999718666077,0.7049999833106995,416400,0.0,0.0
2026-01-28 00:00:00-05:00,0.7049999833106995,0.7300000190734863,0.6819999814033508,0.6830000281333923,128900,0.0,0.0
2026-01-29 00:00:00-05:00,0.6940000057220459,0.6940000057220459,0.609000027179718,0.6349999904632568,257600,0.0,0.0
2026-01-30 00:00:00-05:00,0.6399999856948853,0.6679999828338623,0.6000000238418579,0.6100000143051147,233900,0.0,0.0
2026-02-02 00:00:00-05:00,0.6299999952316284,0.6499999761581421,0.5799999833106995,0.5849999785423279,188500,0.0,0.0
2026-02-03 00:00:00-05:00,0.5950000286102295,0.6029999852180481,0.550000011920929,0.5669999718666077,302000,0.0,0.0
2026-02-04 00:00:00-05:00,0.5709999799728394,0.5950000286102295,0.5180000066757202,0.5550000071525574,386700,0.0,0.0
2026-02-05 00:00:00-05:00,0.5199999809265137,0.5699999928474426,0.5,0.5,444900,0.0,0.0
2026-02-06 00:00:00-05:00,0.49000000953674316,0.5899999737739563,0.49000000953674316,0.5709999799728394,215900,0.0,0.0
2026-02-09 00:00:00-05:00,0.5799999833106995,0.5799999833106995,0.5019999742507935,0.5189999938011169,355600,0.0,0.0
2026-02-10 00:00:00-05:00,0.5189999938011169,0.5730000138282776,0.4909999966621399,0.5180000066757202,154400,0.0,0.0
2026-02-11 00:00:00-05:00,0.5350000262260437,0.5389999747276306,0.4699999988079071,0.47200000286102295,312400,0.0,0.0
2026-02-12 00:00:00-05:00,0.48899999260902405,0.5,0.42500001192092896,0.4569999873638153,226600,0.0,0.0
2026-02-13 00:00:00-05:00,0.4519999921321869,0.49000000953674316,0.44999998807907104,0.46000000834465027,75300,0.0,0.0
2026-02-17 00:00:00-05:00,0.5,0.6050000190734863,0.47999998927116394,0.49000000953674316,710300,0.0,0.0
2026-02-18 00:00:00-05:00,0.49000000953674316,0.5899999737739563,0.47999998927116394,0.5389999747276306,545500,0.0,0.0
2026-02-19 00:00:00-05:00,0.5669999718666077,0.6830000281333923,0.550000011920929,0.6420000195503235,866900,0.0,0.0
2026-02-20 00:00:00-05:00,0.6399999856948853,0.6700000166893005,0.527999997138977,0.5360000133514404,616300,0.0,0.0
2026-02-23 00:00:00-05:00,0.5799999833106995,0.5839999914169312,0.49000000953674316,0.5070000290870667,365600,0.0,0.0
2026-02-24 00:00:00-05:00,0.550000011920929,0.5649999976158142,0.5199999809265137,0.5450000166893005,125700,0.0,0.0
2026-02-25 00:00:00-05:00,0.5600000023841858,0.5770000219345093,0.5289999842643738,0.5640000104904175,150300,0.0,0.0
2026-02-26 00:00:00-05:00,0.5799999833106995,0.6399999856948853,0.5370000004768372,0.6150000095367432,269700,0.0,0.0
2026-02-27 00:00:00-05:00,0.6179999709129333,0.6179999709129333,0.5619999766349792,0.5799999833106995,145500,0.0,0.0
2026-03-02 00:00:00-05:00,0.5400000214576721,0.5889999866485596,0.5299999713897705,0.578000009059906,149900,0.0,0.0
2026-03-03 00:00:00-05:00,0.5590000152587891,0.5860000252723694,0.5400000214576721,0.5699999928474426,109800,0.0,0.0
2026-03-04 00:00:00-05:00,0.5809999704360962,0.6399999856948853,0.5699999928474426,0.6100000143051147,188100,0.0,0.0
2026-03-05 00:00:00-05:00,0.609000027179718,0.6179999709129333,0.5799999833106995,0.5799999833106995,77800,0.0,0.0
2026-03-06 00:00:00-05:00,0.5699999928474426,0.6169999837875366,0.5609999895095825,0.593999981880188,118600,0.0,0.0
2026-03-09 00:00:00-04:00,0.5979999899864197,0.6399999856948853,0.5619999766349792,0.6209999918937683,205500,0.0,0.0
2026-03-10 00:00:00-04:00,0.6700000166893005,0.6890000104904175,0.6200000047683716,0.6349999904632568,254500,0.0,0.0
2026-03-11 00:00:00-04:00,0.6200000047683716,0.6819999814033508,0.6019999980926514,0.6240000128746033,144000,0.0,0.0
2026-03-12 00:00:00-04:00,0.6119999885559082,0.699999988079071,0.593999981880188,0.6100000143051147,118300,0.0,0.0
2026-03-13 00:00:00-04:00,0.6179999709129333,0.6499999761581421,0.5899999737739563,0.5960000157356262,108000,0.0,0.0
2026-03-16 00:00:00-04:00,0.5920000076293945,0.6499999761581421,0.5920000076293945,0.6209999918937683,72500,0.0,0.0
2026-03-17 00:00:00-04:00,0.6290000081062317,0.6480000019073486,0.6159999966621399,0.6269999742507935,104700,0.0,0.0
2026-03-18 00:00:00-04:00,0.6499999761581421,0.6499999761581421,0.5809999704360962,0.6079999804496765,99500,0.0,0.0
2026-03-19 00:00:00-04:00,0.609000027179718,0.625,0.5730000138282776,0.6200000047683716,200600,0.0,0.0
2026-03-20 00:00:00-04:00,0.6100000143051147,0.6200000047683716,0.5609999895095825,0.5609999895095825,206700,0.0,0.0
2026-03-23 00:00:00-04:00,0.6000000238418579,0.6100000143051147,0.550000011920929,0.5849999785423279,91800,0.0,0.0
2026-03-24 00:00:00-04:00,0.5730000138282776,0.6000000238418579,0.5260000228881836,0.5619999766349792,123000,0.0,0.0
2026-03-25 00:00:00-04:00,0.5899999737739563,0.6000000238418579,0.5460000038146973,0.5529999732971191,292700,0.0,0.0
2026-03-26 00:00:00-04:00,0.5609999895095825,0.5649999976158142,0.5400000214576721,0.5419999957084656,95000,0.0,0.0
2026-03-27 00:00:00-04:00,0.5400000214576721,0.5609999895095825,0.4909999966621399,0.5080000162124634,222700,0.0,0.0
2026-03-30 00:00:00-04:00,1.0499999523162842,1.5499999523162842,0.9649999737739563,1.0499999523162842,417575900,0.0,0.0
2026-03-31 00:00:00-04:00,1.190000057220459,1.9600000381469727,1.190000057220459,1.6799999475479126,197155900,0.0,0.0
2026-04-01 00:00:00-04:00,1.440000057220459,1.7200000286102295,1.3600000143051147,1.6200000047683716,23190600,0.0,0.0
2026-04-02 00:00:00-04:00,1.5,1.5,1.1299999952316284,1.2000000476837158,15548000,0.0,0.0
2026-04-06 00:00:00-04:00,1.1299999952316284,1.1799999475479126,1.0199999809265137,1.0700000524520874,7080300,0.0,0.0
2026-04-07 00:00:00-04:00,0.9900000095367432,1.2699999809265137,0.8999999761581421,1.149999976158142,7253800,0.0,0.0
2026-04-08 00:00:00-04:00,1.1399999856948853,1.1640000343322754,1.0099999904632568,1.0700000524520874,2384500,0.0,0.0
2026-04-09 00:00:00-04:00,1.059999942779541,1.149999976158142,1.0299999713897705,1.0399999618530273,1680500,0.0,0.0
2026-04-10 00:00:00-04:00,1.0499999523162842,1.0779999494552612,0.8820000290870667,0.8859999775886536,3458100,0.0,0.0
2026-04-13 00:00:00-04:00,1.1799999475479126,1.1799999475479126,0.9549999833106995,1.0499999523162842,12098500,0.0,0.0
2026-04-14 00:00:00-04:00,1.0299999713897705,1.0499999523162842,0.9649999737739563,1.0099999904632568,2109000,0.0,0.0
2026-04-15 00:00:00-04:00,1.0199999809265137,1.0199999809265137,0.9049999713897705,0.9380000233650208,1085700,0.0,0.0
2026-04-16 00:00:00-04:00,0.9599999785423279,1.100000023841858,0.9240000247955322,1.0800000429153442,2348700,0.0,0.0
2026-04-17 00:00:00-04:00,1.059999942779541,1.059999942779541,0.9900000095367432,0.9940000176429749,707200,0.0,0.0
2026-04-20 00:00:00-04:00,0.9900000095367432,1.0099999904632568,0.9700000286102295,0.9919999837875366,442800,0.0,0.0
2026-04-21 00:00:00-04:00,0.9800000190734863,0.9800000190734863,0.9100000262260437,0.9350000023841858,929100,0.0,0.0
2026-04-22 00:00:00-04:00,0.9430000185966492,0.9430000185966492,0.8479999899864197,0.8740000128746033,1181600,0.0,0.0
2026-04-23 00:00:00-04:00,0.8479999899864197,0.8659999966621399,0.8109999895095825,0.8420000076293945,616400,0.0,0.0
2026-04-24 00:00:00-04:00,0.8009999990463257,0.8140000104904175,0.7300000190734863,0.8100000023841858,1385100,0.0,0.0
2026-04-27 00:00:00-04:00,0.8050000071525574,0.8090000152587891,0.7699999809265137,0.7749999761581421,320500,0.0,0.0
2026-04-28 00:00:00-04:00,0.7770000100135803,0.7770000100135803,0.7110000252723694,0.7129999995231628,434000,0.0,0.0
2026-04-29 00:00:00-04:00,0.699999988079071,0.7099999785423279,0.6650000214576721,0.6899999976158142,431115,0.0,0.0
