Date,Open,High,Low,Close,Volume,Dividends,Stock Splits
2022-01-03 00:00:00-05:00,19.226493686707897,19.226493686707897,19.116460614620177,19.13846778869629,12000,0.0,0.0
2022-01-04 00:00:00-05:00,19.182480986052777,19.182480986052777,19.028434962964855,19.1091251373291,23400,0.0,0.0
2022-01-05 00:00:00-05:00,19.072450746990434,19.17514811097807,18.83771311550632,18.852384567260742,29800,0.0,0.0
2022-01-06 00:00:00-05:00,18.889056203183387,19.072445098359925,18.823036088988133,19.050437927246094,21700,0.0,0.0
2022-01-07 00:00:00-05:00,19.04310392564814,19.072446823120117,18.925735134052957,19.072446823120117,20300,0.0,0.0
2022-01-10 00:00:00-05:00,19.028436898265465,19.028436898265465,18.85971800929741,18.89639663696289,31200,0.0,0.0
2022-01-11 00:00:00-05:00,18.933065978677526,19.07244190745442,18.925730256200215,19.035764694213867,44100,0.0,0.0
2022-01-12 00:00:00-05:00,19.028430200777194,19.065107416386716,18.940402924509815,18.947738647460938,15100,0.0,0.0
2022-01-13 00:00:00-05:00,19.021096270486815,19.0284319941293,18.95507615685068,18.962411880493164,15200,0.0,0.0
2022-01-14 00:00:00-05:00,18.969747604135648,18.988086213668748,18.947740433208196,18.962411880493164,27400,0.0,0.0
2022-01-18 00:00:00-05:00,18.962412878188715,19.0049595178952,18.859714140936727,18.903728485107422,64900,0.0,0.0
2022-01-19 00:00:00-05:00,18.933067201558693,18.999087308972705,18.92573147860757,18.947738647460938,25300,0.0,0.0
2022-01-20 00:00:00-05:00,18.984421721179903,19.028436072468345,18.9257373186085,18.933073043823242,28800,0.0,0.0
2022-01-21 00:00:00-05:00,18.947745505352838,18.95434807814239,18.86998933239106,18.8743896484375,15600,0.0,0.0
2022-01-24 00:00:00-05:00,18.837710368842778,18.837710368842778,18.71300584540626,18.786361694335938,21000,0.0,0.0
2022-01-25 00:00:00-05:00,18.786359909525064,18.87438580056056,18.735744392563813,18.77168846130371,14800,0.0,0.0
2022-01-26 00:00:00-05:00,18.83037319186505,18.87071897562229,18.353562309312764,18.412246704101562,38900,0.0,0.0
2022-01-27 00:00:00-05:00,18.485607772700664,18.595640869139427,17.98678957642177,18.001461029052734,86100,0.0,0.0
2022-01-28 00:00:00-05:00,18.052800831733816,18.360894189661582,17.89875345319691,18.086544036865234,34800,0.0,0.0
2022-01-31 00:00:00-05:00,18.133495021763224,18.382904052734375,18.06014057665694,18.382904052734375,69300,0.0,0.0
2022-02-01 00:00:00-05:00,18.441585601137035,18.441585601137035,18.346223997733798,18.434249877929688,22500,0.0,0.0
2022-02-02 00:00:00-05:00,18.470929531897347,18.529613921707618,18.148164688367743,18.155500411987305,46700,0.0,0.0
2022-02-03 00:00:00-05:00,18.09681550785959,18.09681550785959,17.759379226680913,17.832735061645508,127900,0.0,0.0
2022-02-04 00:00:00-05:00,17.832739155746754,17.862082056127708,17.459360122680664,17.459360122680664,56900,0.0,0.0
2022-02-07 00:00:00-05:00,17.605336325451898,17.7520480211559,17.546651926999584,17.642013549804688,72700,0.0,0.0
2022-02-08 00:00:00-05:00,17.686027650366132,17.854745118660876,17.64201330278336,17.671356201171875,121200,0.0,0.0
2022-02-09 00:00:00-05:00,17.81072932614516,17.81072932614516,17.605333267663134,17.612668991088867,60200,0.0,0.0
2022-02-10 00:00:00-05:00,17.53931621437036,17.726373696479016,17.392604518565392,17.429283142089844,85500,0.0,0.0
2022-02-11 00:00:00-05:00,17.561320856015676,17.752045473399697,16.80575811012661,17.011154174804688,123400,0.0,0.0
2022-02-14 00:00:00-05:00,17.091841430895517,17.091841430895517,16.783748085829565,17.069835662841797,59500,0.0,0.0
2022-02-15 00:00:00-05:00,17.091844581426397,17.157131543417645,16.8791141892007,16.9818115234375,108200,0.0,0.0
2022-02-16 00:00:00-05:00,17.15053202566789,17.495304107666016,17.103585064271854,17.495304107666016,114000,0.0,0.0
2022-02-17 00:00:00-05:00,17.612672062272843,17.73737658396314,17.253229946611736,17.429283142089844,59000,0.0,0.0
2022-02-18 00:00:00-05:00,17.5686567772392,17.75937999762187,17.539313882321107,17.693361282348633,59200,0.0,0.0
2022-02-22 00:00:00-05:00,17.69336059234124,17.71536636352539,17.517306027990937,17.71536636352539,46800,0.0,0.0
2022-02-23 00:00:00-05:00,17.752045121304736,17.7667151691616,17.531977613697435,17.590662002563477,36400,0.0,0.0
2022-02-24 00:00:00-05:00,17.421947727222268,17.48870100433358,17.19454585391216,17.39260482788086,92100,0.0,0.0
2022-02-25 00:00:00-05:00,17.486360786932455,17.690988129310714,17.337540127425175,17.419391632080078,69500,0.336,0.0
2022-02-28 00:00:00-05:00,17.478921117549756,17.493803468634148,17.24080917723592,17.255691528320312,54300,0.0,0.0
2022-03-01 00:00:00-05:00,17.37474742068626,17.650063818219305,17.337541543141853,17.55333137512207,72900,0.0,0.0
2022-03-02 00:00:00-05:00,17.627741995699118,17.650064103327228,17.486362497264842,17.59053611755371,21400,0.0,0.0
2022-03-03 00:00:00-05:00,17.620301393292408,17.620301393292408,17.28545557538625,17.47892189025879,32300,0.0,0.0
2022-03-04 00:00:00-05:00,17.47892017525194,17.47892017525194,17.307777404785156,17.307777404785156,17600,0.0,0.0
2022-03-07 00:00:00-05:00,17.36730309250438,17.36730309250438,16.95804844862137,17.03245735168457,28400,0.0,0.0
2022-03-08 00:00:00-05:00,17.069664661036875,17.35465470094116,16.965489633303015,17.166397094726562,39300,0.0,0.0
2022-03-09 00:00:00-05:00,17.263131690329793,17.452132996376,17.188721358535634,17.28545379638672,24700,0.0,0.0
2022-03-10 00:00:00-05:00,17.28545211698393,17.456594870001457,17.183511008389313,17.43427276611328,37500,0.0,0.0
2022-03-11 00:00:00-05:00,17.486361509011193,17.501243859428268,17.166398071339326,17.21848487854004,20000,0.0,0.0
2022-03-14 00:00:00-04:00,17.218488384560015,17.218488384560015,16.69761878723463,16.83899688720703,51000,0.0,0.0
2022-03-15 00:00:00-04:00,16.8613189159159,16.90522086119486,16.4669451002336,16.816673278808594,47600,0.0,0.0
2022-03-16 00:00:00-04:00,16.81667319848679,17.17756101054088,16.481827373633298,16.794349670410156,42400,0.0,0.0
2022-03-17 00:00:00-04:00,16.801787806775803,17.11431004701336,16.77946428273778,16.831552505493164,54000,0.0,0.0
2022-03-18 00:00:00-04:00,16.935728398515355,17.04362331704131,16.848668204200298,16.891082763671875,45800,0.0,0.0
2022-03-21 00:00:00-04:00,16.905959344179717,16.905959344179717,16.60831948973723,16.705053329467773,54900,0.0,0.0
2022-03-22 00:00:00-04:00,16.70505613142436,16.794347393104633,16.667850256341733,16.734819412231445,41000,0.0,0.0
2022-03-23 00:00:00-04:00,16.764584435122313,16.82336730614448,16.675291752463572,16.690174102783203,39900,0.0,0.0
2022-03-24 00:00:00-04:00,16.749705501919745,16.928289484411202,16.667853977722242,16.712499618530273,52400,0.0,0.0
2022-03-25 00:00:00-04:00,16.667850265525413,16.69761496560791,16.266036749224757,16.333005905151367,30600,0.0,0.0
2022-03-28 00:00:00-04:00,16.444622764637188,16.578561093372116,16.444622764637188,16.563678741455078,24200,0.0,0.0
2022-03-29 00:00:00-04:00,16.66785122736269,16.831554248745082,16.593440892121517,16.786907196044922,39000,0.0,0.0
2022-03-30 00:00:00-04:00,16.809226696394603,16.965487085641737,16.6990993130737,16.772022247314453,34800,0.0,0.0
2022-03-31 00:00:00-04:00,16.794346088553898,16.9506079132448,16.705054833809587,16.72737693786621,27900,0.0,0.0
2022-04-01 00:00:00-04:00,16.891085124272976,17.06966910786391,16.794351246124133,16.83899688720703,50100,0.0,0.0
2022-04-04 00:00:00-04:00,16.831548732060487,16.883635523879683,16.60831779950283,16.719932556152344,18400,0.0,0.0
2022-04-05 00:00:00-04:00,16.71993565338954,16.71993565338954,16.303239822387695,16.303239822387695,38300,0.0,0.0
2022-04-06 00:00:00-04:00,16.28835911987849,16.359049574094357,15.998160385650511,16.050247192382812,33100,0.0,0.0
2022-04-07 00:00:00-04:00,16.087450634465178,16.310680177908612,16.050244764385386,16.08000946044922,18400,0.0,0.0
2022-04-08 00:00:00-04:00,16.154420348652884,16.243713028566166,15.95351430255125,15.968395233154297,39600,0.0,0.0
2022-04-11 00:00:00-04:00,15.975835105479362,16.035363080814875,15.82701587677002,15.82701587677002,25900,0.0,0.0
2022-04-12 00:00:00-04:00,15.938633349406377,15.984024094685552,15.700521407783656,15.730284690856934,19800,0.0,0.0
2022-04-13 00:00:00-04:00,15.774932933192426,15.923752198292442,15.514497445193362,15.61122989654541,53300,0.0,0.0
2022-04-14 00:00:00-04:00,15.655870517798197,15.760044102471817,15.499608721529121,15.596341133117676,35900,0.0,0.0
2022-04-18 00:00:00-04:00,15.59634644995702,15.737725948252642,15.380558033961824,15.432644844055176,22800,0.0,0.0
2022-04-19 00:00:00-04:00,15.36567266505939,15.603784561157227,15.254057891170886,15.603784561157227,27900,0.0,0.0
2022-04-20 00:00:00-04:00,15.521936487283226,15.856037160431791,15.49961296192075,15.678196907043457,22300,0.0,0.0
2022-04-21 00:00:00-04:00,15.633550113160734,15.640991287728278,15.1201204220716,15.179648399353027,59900,0.0,0.0
2022-04-22 00:00:00-04:00,15.112679285000834,15.268941112789118,14.911773248214374,14.983949661254883,29100,0.0,0.0
2022-04-25 00:00:00-04:00,15.105239665576008,15.149886717688693,15.038270506666063,15.09035873413086,26200,0.0,0.0
2022-04-26 00:00:00-04:00,15.112680364453741,15.179649521252276,14.956419944763184,14.956419944763184,34300,0.0,0.0
2022-04-27 00:00:00-04:00,15.030833001487515,15.254062618443955,14.465316363370674,14.487638473510742,49100,0.0,0.0
2022-04-28 00:00:00-04:00,14.53972464350668,14.929632016298248,14.40578632465413,14.896892547607422,33100,0.0,0.0
2022-04-29 00:00:00-04:00,14.882008606745234,14.98618221282959,14.740629127588651,14.98618221282959,81400,0.0,0.0
2022-05-02 00:00:00-04:00,14.882009481969172,14.882009481969172,14.544187514752235,14.56204605102539,21700,0.0,0.0
2022-05-03 00:00:00-04:00,14.651338659061045,14.73318874570608,14.346257579748332,14.40578556060791,37900,0.0,0.0
2022-05-04 00:00:00-04:00,14.45043162275123,15.053152624351718,14.346258007952372,14.889451026916504,28800,0.0,0.0
2022-05-05 00:00:00-04:00,14.800157784494994,14.837363659274775,14.50995905750772,14.73318862915039,47000,0.0,0.0
2022-05-06 00:00:00-04:00,14.666220754522318,14.948979750504352,14.517401500184677,14.810576438903809,35500,0.0,0.0
2022-05-09 00:00:00-04:00,14.695982522127368,14.733186973467191,14.36857795715332,14.36857795715332,17300,0.0,0.0
2022-05-10 00:00:00-04:00,14.547164957545979,14.718309160009396,14.49805433336724,14.625296592712402,22500,0.0,0.0
2022-05-11 00:00:00-04:00,14.58436633446428,14.88572605116412,14.58436633446428,14.800154685974121,33600,0.0,0.0
2022-05-12 00:00:00-04:00,14.874565163467523,15.224291801452638,14.852241643028961,15.224291801452637,66000,0.0,0.0
2022-05-13 00:00:00-04:00,15.2466192554761,15.618669509887695,15.2466192554761,15.618669509887695,50800,0.0,0.0
2022-05-16 00:00:00-04:00,15.648429581957878,15.648429581957878,15.321025057544485,15.447522163391113,35900,0.0,0.0
2022-05-17 00:00:00-04:00,15.51449743488414,15.700522580579971,15.105241262797774,15.187092781066895,39000,0.0,0.0
2022-05-18 00:00:00-04:00,15.21685381194773,15.21685381194773,14.688541787702627,14.748069763183594,27500,0.0,0.0
2022-05-19 00:00:00-04:00,14.896896801234448,15.360470949466492,14.896896801234448,15.082921981811523,24100,0.0,0.0
2022-05-20 00:00:00-04:00,15.261502285215972,15.402881785574499,15.181139574290901,15.313589096069336,20700,0.0,0.0
2022-05-23 00:00:00-04:00,15.62610893859319,15.916307650432778,15.076962177283415,15.179648399353027,167400,0.0,0.0
2022-05-24 00:00:00-04:00,15.328470515403943,15.395439673645624,15.13500421595676,15.36567497253418,116600,0.0,0.0
2022-05-25 00:00:00-04:00,15.350792872548439,15.632808168924134,15.350792872548439,15.618669509887695,38400,0.0,0.0
2022-05-26 00:00:00-04:00,15.670757049090525,15.990720509884607,15.670757049090525,15.737726211547852,59500,0.0,0.0
2022-05-27 00:00:00-04:00,16.035747453670886,16.224848242309815,15.78235164667797,15.96010684967041,94000,0.344,0.0
2022-05-31 00:00:00-04:00,15.899594143500968,15.899594143500968,15.521392578390428,15.695364952087402,80900,0.0,0.0
2022-06-01 00:00:00-04:00,15.786135548387625,15.944979529183767,15.619725919677814,15.79369831085205,26200,0.0,0.0
2022-06-02 00:00:00-04:00,15.839084901335406,15.914725516992927,15.597036085411137,15.771008491516113,50300,0.0,0.0
2022-06-03 00:00:00-04:00,15.559216776997046,15.695369611693504,15.43062814897538,15.544088363647461,26800,0.0,0.0
2022-06-06 00:00:00-04:00,15.67267374947274,15.67267374947274,15.203704574450196,15.377676963806152,36800,0.0,0.0
2022-06-07 00:00:00-04:00,15.377680144976736,15.544088363647461,15.279348343654242,15.544088363647461,31100,0.0,0.0
2022-06-08 00:00:00-04:00,15.536521354919635,15.536521354919635,15.24984333835127,15.35498332977295,32400,0.0,0.0
2022-06-09 00:00:00-04:00,15.354983857803186,15.392804882144555,15.135627687521485,15.16588306427002,27000,0.0,0.0
2022-06-10 00:00:00-04:00,15.120497990501427,15.120497990501427,14.447299684507952,14.462428092956543,86000,0.0,0.0
2022-06-13 00:00:00-04:00,14.25820231539417,14.35653410836664,13.615259229882538,13.743847846984863,51500,0.0,0.0
2022-06-14 00:00:00-04:00,13.789231640454867,13.789231640454867,13.418594201212816,13.743847846984863,36400,0.0,0.0
2022-06-15 00:00:00-04:00,13.895127852995307,14.243072643360112,13.615258025451075,13.9707670211792,32900,0.0,0.0
2022-06-16 00:00:00-04:00,13.827050777961732,13.89966454902936,13.085774558219205,13.184107780456543,24100,0.0,0.0
2022-06-17 00:00:00-04:00,13.252185759372843,13.28244114023615,13.010136941567362,13.176545143127441,45800,0.0,0.0
2022-06-21 00:00:00-04:00,13.29757028315946,13.62282394099051,13.24462228169391,13.426158905029297,27600,0.0,0.0
2022-06-22 00:00:00-04:00,13.501795635134707,13.970764749611591,13.501795635134707,13.857304573059082,15500,0.0,0.0
2022-06-23 00:00:00-04:00,13.993459430725693,14.174996028591936,13.993459430725693,14.061535835266113,24700,0.0,0.0
2022-06-24 00:00:00-04:00,14.144741546745847,14.273330158724434,13.993460317574074,14.091792106628418,29900,0.0,0.0
2022-06-27 00:00:00-04:00,14.190123066020723,14.190123066020723,13.99345807668097,14.031277656555176,22500,0.0,0.0
2022-06-28 00:00:00-04:00,14.144743514757243,14.235511110709364,13.993462264537143,14.167434692382812,27900,0.0,0.0
2022-06-29 00:00:00-04:00,14.243075317492861,14.243075317492861,14.00102647132064,14.167434692382812,21400,0.0,0.0
2022-06-30 00:00:00-04:00,14.16743469238281,14.218114733559753,14.038846062513203,14.167434692382812,36700,0.0,0.0
2022-07-01 00:00:00-04:00,14.14474011668989,14.288455682876002,14.14474011668989,14.250636100769043,24600,0.0,0.0
2022-07-05 00:00:00-04:00,14.190123832219623,14.190123832219623,14.023715651973582,14.174995422363281,15100,0.0,0.0
2022-07-06 00:00:00-04:00,14.235508851774336,14.235508851774336,14.031279629202409,14.10692024230957,29700,0.0,0.0
2022-07-07 00:00:00-04:00,14.091792106628418,14.182561132676426,14.001024523305135,14.091792106628418,22400,0.0,0.0
2022-07-08 00:00:00-04:00,14.122050617706554,14.197691241334542,14.0917937911654,14.182562828063965,28200,0.0,0.0
2022-07-11 00:00:00-04:00,14.250636650439024,14.250636650439024,14.079689651235586,14.220379829406738,17000,0.0,0.0
2022-07-12 00:00:00-04:00,14.20525353465198,14.220380503160197,14.076664924621582,14.076664924621582,30400,0.0,0.0
2022-07-13 00:00:00-04:00,13.925385573363746,14.190127034699254,13.871681581795565,14.182562828063965,36500,0.0,0.0
2022-07-14 00:00:00-04:00,14.14474323761242,14.182562828063965,14.056243606976933,14.182562828063965,48200,0.0,0.0
2022-07-15 00:00:00-04:00,14.220377649542172,14.33762064898296,14.16742966357679,14.235506057739258,68800,0.0,0.0
2022-07-18 00:00:00-04:00,14.212815764964088,14.212815764964088,14.076662968239814,14.159866333007812,48500,0.0,0.0
2022-07-19 00:00:00-04:00,14.144738304072042,14.348966041092691,14.099353080090216,14.326274871826172,124100,0.0,0.0
2022-07-20 00:00:00-04:00,14.311148297774926,14.386788904713425,14.208277707137382,14.250636100769043,151100,0.0,0.0
2022-07-21 00:00:00-04:00,14.205253203181156,14.28089237213135,14.15986797054144,14.280892372131348,133200,0.0,0.0
2022-07-22 00:00:00-04:00,14.280893174436995,14.606146813004495,14.280893174436995,14.500250816345215,133600,0.0,0.0
2022-07-25 00:00:00-04:00,14.553198476351557,14.628839090517491,14.451841294112462,14.59858226776123,39000,0.0,0.0
2022-07-26 00:00:00-04:00,14.681789160861019,14.893582621888468,14.659096540589353,14.878454208374023,58100,0.0,0.0
2022-07-27 00:00:00-04:00,15.02973488425965,15.08268288681382,14.90114625974601,15.067554473876953,31000,0.0,0.0
2022-07-28 00:00:00-04:00,15.128062962426359,15.35498332977295,14.940475593407465,15.35498332977295,48100,0.0,0.0
2022-07-29 00:00:00-04:00,15.476008701343547,15.884467119788782,15.302036312475956,15.83151912689209,113200,0.0,0.0
2022-08-01 00:00:00-04:00,15.90716015221176,16.066004135067438,15.415496907621204,16.020620346069336,56300,0.0,0.0
2022-08-02 00:00:00-04:00,15.922284209382532,16.78458469906116,15.884464632585175,16.345870971679688,138900,0.0,0.0
2022-08-03 00:00:00-04:00,16.429075714688576,16.716509716396356,16.391256134701788,16.482025146484375,68900,0.0,0.0
2022-08-04 00:00:00-04:00,16.482025694296745,16.527409480334207,16.247539673866665,16.45176887512207,57100,0.0,0.0
2022-08-05 00:00:00-04:00,16.4139470363087,16.51984300340606,16.258127035894752,16.391254425048828,108900,0.0,0.0
2022-08-08 00:00:00-04:00,16.444205207913033,16.519845815597968,16.25283500427824,16.315616607666016,37400,0.0,0.0
2022-08-09 00:00:00-04:00,16.345878730734004,16.345878730734004,15.71049972841123,15.869343757629395,74600,0.0,0.0
2022-08-10 00:00:00-04:00,16.020620550778006,16.330745757889602,15.831519744357538,15.876903533935547,37200,0.0,0.0
2022-08-11 00:00:00-04:00,15.929850912761616,16.08113212913659,15.702930530923759,15.884467124938965,26900,0.0,0.0
2022-08-12 00:00:00-04:00,15.88446746636038,16.028184480733206,15.816391061800864,15.918505668640137,6600,0.0,0.0
2022-08-15 00:00:00-04:00,15.99036379091969,16.073568607737517,15.816391394595744,15.846648216247559,44900,0.0,0.0
2022-08-16 00:00:00-04:00,15.854207364917933,15.861771568606601,15.733182991347897,15.808823585510254,33900,0.0,0.0
2022-08-17 00:00:00-04:00,15.778571599962845,15.778571599962845,15.466176989922223,15.513830184936523,55500,0.0,0.0
2022-08-18 00:00:00-04:00,15.612164780995691,15.612164780995691,15.506268772998402,15.544088363647461,51700,0.0,0.0
2022-08-19 00:00:00-04:00,15.460881777291439,15.506265565226773,15.377676963806152,15.377676963806152,44600,0.0,0.0
2022-08-22 00:00:00-04:00,15.324730125727571,15.324730125727571,14.969221115112303,14.969221115112305,20900,0.0,0.0
2022-08-23 00:00:00-04:00,15.014604149924734,15.188576543626354,14.447301737026253,14.772555351257324,93700,0.0,0.0
2022-08-24 00:00:00-04:00,14.825503487313402,15.203705099526882,14.598581654350518,15.029732704162598,39200,0.0,0.0
2022-08-25 00:00:00-04:00,15.06755256871584,15.438189982456015,14.969220782509133,15.120500564575195,39100,0.0,0.0
2022-08-26 00:00:00-04:00,15.264217926072162,15.430626122893047,14.993425710659904,15.12806510925293,64900,0.0,0.0
2022-08-29 00:00:00-04:00,14.999474878698408,15.203704081877667,14.969219501963273,15.112935066223145,26200,0.0,0.0
2022-08-30 00:00:00-04:00,15.146801023471614,15.201445836132542,14.560323487028937,15.062138557434082,57500,0.344,0.0
2022-08-31 00:00:00-04:00,15.13140686349476,15.308427040453386,14.965931033903182,15.03904914855957,48000,0.0,0.0
2022-09-01 00:00:00-04:00,15.039050474310313,15.11601475420787,14.812002325413628,15.00826358795166,51800,0.0,0.0
2022-09-02 00:00:00-04:00,15.116013421672426,15.269944903896958,14.923599802891465,15.03904914855957,27000,0.0,0.0
2022-09-06 00:00:00-04:00,15.077534799255945,15.077534799255945,14.931300003859453,15.052135467529297,18300,0.0,0.0
2022-09-07 00:00:00-04:00,14.977476701593005,15.096004452474377,14.931297840054564,15.00826358795166,24200,0.0,0.0
2022-09-08 00:00:00-04:00,15.008261592704258,15.174506646541118,14.831241423674257,14.846634864807129,26300,0.0,0.0
2022-09-09 00:00:00-04:00,14.785060662461486,15.085226883666625,14.785060662461486,14.969779014587402,43000,0.0,0.0
2022-09-12 00:00:00-04:00,15.077530292229953,15.192978162296171,15.022884017759054,15.085227012634277,21700,0.0,0.0
2022-09-13 00:00:00-04:00,14.892815700105785,15.0544424494901,14.80738399885992,15.00826358795166,25300,0.0,0.0
2022-09-14 00:00:00-04:00,15.054441307442154,15.108316886483193,14.985172286389552,15.023655891418457,15700,0.0,0.0
2022-09-15 00:00:00-04:00,15.023655569963717,15.023655569963717,14.842786300196414,14.885117530822754,13300,0.0,0.0
2022-09-16 00:00:00-04:00,14.823547211804884,14.964394432808517,14.658071361620177,14.754278182983398,24900,0.0,0.0
2022-09-19 00:00:00-04:00,14.785063217920266,14.892815853284295,14.63882991021121,14.746581077575684,34400,0.0,0.0
2022-09-20 00:00:00-04:00,14.661917035274534,14.777366379929756,14.477200139025337,14.507987022399902,30100,0.0,0.0
2022-09-21 00:00:00-04:00,14.631132992239182,14.885118931904586,14.62343627067362,14.723490715026855,32400,0.0,0.0
2022-09-22 00:00:00-04:00,14.669615576457701,14.669615576457701,14.300181738116592,14.39254093170166,42800,0.0,0.0
2022-09-23 00:00:00-04:00,14.315575448854078,14.369451034450904,14.104689965232499,14.246306419372559,39100,0.0,0.0
2022-09-26 00:00:00-04:00,14.246305109669285,14.269395273373583,13.95383557474606,14.153945922851562,28100,0.0,0.0
2022-09-27 00:00:00-04:00,14.238610838464899,14.454114666121566,14.046197178485643,14.230914115905762,67200,0.0,0.0
2022-09-28 00:00:00-04:00,14.323270688313226,14.569559892978562,14.246304944855444,14.500290870666504,35200,0.0,0.0
2022-09-29 00:00:00-04:00,14.44641474753003,14.554165903520325,14.246304409262768,14.423324584960938,34300,0.0,0.0
2022-09-30 00:00:00-04:00,14.4695050940185,14.4695050940185,13.938444506295175,14.238609313964844,211900,0.0,0.0
2022-10-03 00:00:00-04:00,14.277090568768989,14.277090568768989,14.10776710510254,14.107767105102539,46900,0.0,0.0
2022-10-04 00:00:00-04:00,14.184732091901898,14.39253915075436,14.107766351438089,14.13085651397705,35700,0.0,0.0
2022-10-05 00:00:00-04:00,14.007715225219727,14.084679515863996,13.946142911904465,14.007715225219727,23800,0.0,0.0
2022-10-06 00:00:00-04:00,14.153946236572127,14.169339679382853,13.921510534928379,14.000016212463379,18100,0.0,0.0
2022-10-07 00:00:00-04:00,13.907656285205709,13.969228585180078,13.722939385282599,13.899959564208984,26500,0.0,0.0
2022-10-10 00:00:00-04:00,13.930746555790257,13.938443276846428,13.67676063293439,13.722939491271973,22800,0.0,0.0
2022-10-11 00:00:00-04:00,13.72294191258571,13.72294191258571,13.445865777673253,13.515134811401367,15800,0.0,0.0
2022-10-12 00:00:00-04:00,13.545918749005901,13.615187767638268,13.35350513458252,13.35350513458252,43700,0.0,0.0
2022-10-13 00:00:00-04:00,13.222664524494025,13.627502074486136,13.084126479827702,13.376594543457031,30700,0.0,0.0
2022-10-14 00:00:00-04:00,13.399684200288013,13.53822223971651,13.230360745430625,13.253449440002441,11100,0.0,0.0
2022-10-17 00:00:00-04:00,13.368898532387995,13.491272428106035,13.207270333440622,13.265764236450195,17200,0.0,0.0
2022-10-18 00:00:00-04:00,13.322719891521713,13.499741554260254,13.238058888994122,13.499741554260254,16400,0.0,0.0
2022-10-19 00:00:00-04:00,13.415079800257734,13.425854917591286,12.984073638916016,12.984073638916016,71600,0.0,0.0
2022-10-20 00:00:00-04:00,13.00716333044027,13.145701402736043,12.776267521947148,12.860928535461426,23400,0.0,0.0
2022-10-21 00:00:00-04:00,12.814747822179577,12.991768014401986,12.77626568230498,12.853231430053711,9000,0.0,0.0
2022-10-24 00:00:00-04:00,12.89171451744365,12.914804683865212,12.776266621335129,12.814748764038086,21500,0.0,0.0
2022-10-25 00:00:00-04:00,12.845534699819378,13.145699501037598,12.845534699819378,13.145699501037598,33600,0.0,0.0
2022-10-26 00:00:00-04:00,13.084126630362459,13.434319372631593,13.030251049705589,13.160323143005371,23700,0.0,0.0
2022-10-27 00:00:00-04:00,13.161093629542654,13.345810552834529,13.161093629542654,13.291934967041016,33700,0.0,0.0
2022-10-28 00:00:00-04:00,13.284239768981934,13.348121247465198,13.230364177008044,13.284239768981934,10500,0.0,0.0
2022-10-31 00:00:00-04:00,13.315020853740792,13.378902311408497,13.139540621062594,13.161090850830078,20500,0.0,0.0
2022-11-01 00:00:00-04:00,13.276540473692757,13.308096590877437,12.14514812345814,13.053339958190918,299700,0.0,0.0
2022-11-02 00:00:00-04:00,13.022554625993095,13.145699232593543,12.7762654127922,12.960982322692871,26600,0.0,0.0
2022-11-03 00:00:00-04:00,12.891712150106185,12.968677889378336,12.706995256652649,12.937891006469727,26200,0.0,0.0
2022-11-04 00:00:00-04:00,13.030251132166393,13.030251132166393,12.445313526476761,12.606940269470215,52600,0.0,0.0
2022-11-07 00:00:00-05:00,12.599246595602226,12.606941849852735,12.399136221096668,12.59154987335205,20700,0.0,0.0
2022-11-08 00:00:00-05:00,12.591548379342129,12.730086427408162,12.391438028580026,12.514582633972168,63400,0.0,0.0
2022-11-09 00:00:00-05:00,12.506884595240278,12.522278036292724,12.201331543146209,12.422222137451172,41300,0.0,0.0
2022-11-10 00:00:00-05:00,12.630029670762083,13.422774299293545,12.614636229120835,13.38429069519043,48600,0.0,0.0
2022-11-11 00:00:00-05:00,13.384291237570228,13.657519699776676,13.384291237570228,13.461256980895996,17700,0.0,0.0
2022-11-14 00:00:00-05:00,13.46125688949869,13.483576353031847,13.205732502431363,13.261146545410156,19300,0.0,0.0
2022-11-15 00:00:00-05:00,13.407383002218499,13.538224341098918,13.31502380559718,13.322720527648926,30900,0.0,0.0
2022-11-16 00:00:00-05:00,13.376593297791924,13.41507689994857,13.084125261398022,13.191876411437988,39800,0.0,0.0
2022-11-17 00:00:00-05:00,13.161090648963382,13.17263499530481,13.045642781551278,13.13800048828125,43600,0.0,0.0
2022-11-18 00:00:00-05:00,13.207271837779041,13.231900466062177,13.014858202067808,13.061037063598633,34200,0.0,0.0
2022-11-21 00:00:00-05:00,13.138001839864703,13.138001839864703,12.760871317921245,12.76856803894043,40800,0.0,0.0
2022-11-22 00:00:00-05:00,12.922499386718787,12.945588081532835,12.583851005451745,12.614636421203613,34900,0.0,0.0
2022-11-23 00:00:00-05:00,12.660816601088523,12.776264477828056,12.560760698048037,12.583850860595703,27100,0.0,0.0
2022-11-25 00:00:00-05:00,12.622334413475766,12.799354608877053,12.622334413475766,12.791659355163574,12300,0.0,0.0
2022-11-28 00:00:00-05:00,12.930195310170772,12.930195310170772,12.429920167265262,12.514582633972168,89200,0.0,0.0
2022-11-29 00:00:00-05:00,12.580630604340692,12.701718646003203,12.462687492370605,12.462687492370605,71700,0.344,0.0
2022-11-30 00:00:00-05:00,12.48627586879144,12.85583209991455,12.43123585027711,12.85583209991455,56000,0.0,0.0
2022-12-01 00:00:00-05:00,12.934460969318215,13.18607333229284,12.895145600273441,13.178210258483887,49600,0.0,0.0
2022-12-02 00:00:00-05:00,13.083856898524724,13.16248614906194,12.903010672098878,12.965913772583008,57500,0.0,0.0
2022-12-05 00:00:00-05:00,12.8951471434584,12.942324092229896,12.59635780160138,12.619945526123047,45800,0.0,0.0
2022-12-06 00:00:00-05:00,12.682848030575474,12.682848030575474,12.266115586437312,12.305429458618164,53600,0.0,0.0
2022-12-07 00:00:00-05:00,12.384058997883661,12.494139792260357,12.258252804232617,12.281841278076172,45000,0.0,0.0
2022-12-08 00:00:00-05:00,12.329018753658792,12.478413418463727,11.9594625040642,12.01450252532959,60900,0.0,0.0
2022-12-09 00:00:00-05:00,11.983051724748165,12.014503274556004,11.707850851395598,11.747164726257324,62800,0.0,0.0
2022-12-12 00:00:00-05:00,11.74716415603455,11.79434185338829,11.479826370576893,11.519140243530273,93600,0.0,0.0
2022-12-13 00:00:00-05:00,11.731438320813593,12.06954301466784,11.699986773701387,11.94373607635498,65500,0.0,0.0
2022-12-14 00:00:00-05:00,12.030228660252986,12.256680104431268,11.95159941579573,12.108857154846191,46800,0.0,0.0
2022-12-15 00:00:00-05:00,12.108856538370382,12.266115019278681,11.566317178801583,11.613494873046875,115600,0.0,0.0
2022-12-16 00:00:00-05:00,11.542729102491993,11.692123764641854,11.354019068902646,11.652809143066406,46400,0.0,0.0
2022-12-19 00:00:00-05:00,11.637082419949515,11.718069976278436,11.369743923498845,11.511276245117188,64600,0.0,0.0
2022-12-20 00:00:00-05:00,11.46409794157478,11.558452567653365,11.283251762390137,11.283251762390137,66300,0.0,0.0
2022-12-21 00:00:00-05:00,11.338294275599909,11.558455118368272,11.322568126184414,11.416923522949219,46100,0.0,0.0
2022-12-22 00:00:00-05:00,11.401195860214887,11.401195860214887,11.00805117537989,11.08668041229248,99100,0.0,0.0
2022-12-23 00:00:00-05:00,11.141720105888538,11.37760705993824,11.015913930359085,11.212486267089844,52500,0.0,0.0
2022-12-27 00:00:00-05:00,11.165310094698066,11.440511703491211,11.148012230622012,11.440511703491211,78200,0.0,0.0
2022-12-28 00:00:00-05:00,11.369745593024865,11.483757174509066,11.243939399719238,11.243939399719238,74600,0.0,0.0
2022-12-29 00:00:00-05:00,11.243940106442954,11.44837555834616,11.243940106442954,11.439725875854492,53700,0.0,0.0
2022-12-30 00:00:00-05:00,11.283253686660087,11.471962971000139,11.17317289586304,11.369745254516602,87900,0.0,0.0
2023-01-03 00:00:00-05:00,11.48768911681615,11.928011558774804,11.48768911681615,11.872971534729004,37400,0.0,0.0
2023-01-04 00:00:00-05:00,11.990914038024359,12.16389792591189,11.990914038024359,12.108857154846191,51700,0.0,0.0
2023-01-05 00:00:00-05:00,12.038090973389208,12.360469505521621,11.904421716183476,12.297566413879395,58100,0.0,0.0
2023-01-06 00:00:00-05:00,12.37619546539278,12.960408536688465,12.37619546539278,12.895146369934082,75600,0.0,0.0
2023-01-09 00:00:00-05:00,12.942325330550204,13.406236287086651,12.942325330550204,13.35905933380127,55900,0.0,0.0
2023-01-10 00:00:00-05:00,13.311880727210967,13.492726942117834,13.134965299702895,13.437686920166016,58800,0.0,0.0
2023-01-11 00:00:00-05:00,13.437687231267313,13.437687231267313,13.1624856154088,13.319744110107422,82800,0.0,0.0
2023-01-12 00:00:00-05:00,13.327604191399956,13.327604191399956,12.682845707732588,13.013087272644043,67700,0.0,0.0
2023-01-13 00:00:00-05:00,12.98163856860588,13.231677729565849,12.896719466796075,12.92659854888916,52100,0.0,0.0
2023-01-17 00:00:00-05:00,12.903008259552402,13.760063780730416,12.903008259552402,13.705023765563965,48600,0.0,0.0
2023-01-18 00:00:00-05:00,13.940910680892612,14.459861564126218,13.909459884798945,13.995950698852539,57800,0.0,0.0
2023-01-19 00:00:00-05:00,14.074579238891602,14.279014652383962,13.878006898963708,14.074579238891602,36100,0.0,0.0
2023-01-20 00:00:00-05:00,14.168935361192341,14.168935361192341,13.500589070621379,13.618532180786133,34500,0.0,0.0
2023-01-23 00:00:00-05:00,13.649985620311469,13.836335839968301,13.39837323095187,13.712888717651367,27900,0.0,0.0
2023-01-24 00:00:00-05:00,13.838694882179457,14.034481390861174,13.55563019490258,13.720751762390137,20300,0.0,0.0
2023-01-25 00:00:00-05:00,13.665708455318088,13.854419222008916,13.39050837832717,13.689297676086426,36600,0.0,0.0
2023-01-26 00:00:00-05:00,13.791517182824046,13.791517182824046,13.563492530556813,13.665709495544434,55500,0.0,0.0
2023-01-27 00:00:00-05:00,13.665708053054978,13.925183474957036,13.60280496591896,13.649983406066895,19100,0.0,0.0
2023-01-30 00:00:00-05:00,13.649983680777915,14.271151491281335,13.649983680777915,14.09816837310791,34000,0.0,0.0
2023-01-31 00:00:00-05:00,13.972364344868435,14.742927671215895,13.972364344868435,14.711475372314453,87600,0.0,0.0
2023-02-01 00:00:00-05:00,14.695748508737609,14.70361158227843,14.365506918662788,14.459860801696777,65500,0.0,0.0
2023-02-02 00:00:00-05:00,14.54635438229113,14.879740930975178,14.232624769313214,14.522765159606934,64100,0.0,0.0
2023-02-03 00:00:00-05:00,14.381233312138201,14.381233312138201,14.035265569054271,14.16893482208252,58600,0.0,0.0
2023-02-06 00:00:00-05:00,14.216110677232416,14.216110677232416,13.555627536277083,13.67357063293457,36300,0.0,0.0
2023-02-07 00:00:00-05:00,13.642118841041178,13.804879792598335,13.382643447510889,13.48564624786377,35500,0.0,0.0
2023-02-08 00:00:00-05:00,13.461276657581122,13.767929077148438,13.414098208626015,13.767929077148438,23500,0.0,0.0
2023-02-09 00:00:00-05:00,13.775792131691107,13.893735254448867,13.209662742888789,13.272565841674805,32900,0.0,0.0
2023-02-10 00:00:00-05:00,13.27256587953799,13.27256587953799,12.973776534384086,13.083856582641602,45100,0.0,0.0
2023-02-13 00:00:00-05:00,13.083855141377132,13.162484381354526,12.973775105245588,13.068130493164062,31200,0.0,0.0
2023-02-14 00:00:00-05:00,13.099581388219727,13.248976795331906,12.973775203197269,13.225387573242188,33700,0.0,0.0
2023-02-15 00:00:00-05:00,13.304016725574767,13.34333059573553,13.099581301337178,13.248976707458496,22200,0.0,0.0
2023-02-16 00:00:00-05:00,13.170347168591265,13.170347168591265,12.981637896590748,12.997364044189453,21200,0.0,0.0
2023-02-17 00:00:00-05:00,12.99736309138168,13.264701582049751,12.99736309138168,13.18607234954834,44100,0.0,0.0
2023-02-21 00:00:00-05:00,13.052404238715894,13.131033478051677,12.5806303024292,12.5806303024292,36800,0.0,0.0
2023-02-22 00:00:00-05:00,12.690708780674267,13.013087272644043,12.682845707732588,13.013087272644043,16700,0.0,0.0
2023-02-23 00:00:00-05:00,13.107443829036505,13.319742318403895,13.075991534436321,13.288290023803711,9800,0.0,0.0
2023-02-24 00:00:00-05:00,13.193937787902195,13.27256553477046,13.14675934010747,13.209662437438965,29600,0.0,0.0
2023-02-27 00:00:00-05:00,13.301173411165063,13.421582039675961,13.076411046232396,13.18879222869873,19900,0.344,0.0
2023-02-28 00:00:00-05:00,13.164708411735374,13.212871551513672,12.891781401194,13.212871551513672,61500,0.0,0.0
2023-03-01 00:00:00-05:00,13.188792916070344,13.212873724380296,12.891783521257109,13.140629768371582,18400,0.0,0.0
2023-03-02 00:00:00-05:00,13.036273968800055,13.253010421307179,12.883755554323324,13.16471004486084,18800,0.0,0.0
2023-03-03 00:00:00-05:00,13.30919872321927,13.445662221938806,13.244980696238226,13.397499084472656,14800,0.0,0.0
2023-03-06 00:00:00-05:00,13.437637397991141,13.630291516508573,13.437637397991141,13.606210708618164,19900,0.0,0.0
2023-03-07 00:00:00-05:00,13.598180610173236,13.598180610173236,13.347729845623602,13.397499084472656,10700,0.0,0.0
2023-03-08 00:00:00-05:00,13.365390376852618,13.485798995709574,13.244981757995662,13.469745635986328,16600,0.0,0.0
2023-03-09 00:00:00-05:00,13.453693014580235,13.453693014580235,13.12457535301829,13.204848289489746,12000,0.0,0.0
2023-03-10 00:00:00-05:00,13.204845675662368,13.421580570831214,12.803481838292333,12.899808883666992,24400,0.0,0.0
2023-03-13 00:00:00-04:00,12.731235729377374,12.8034812011983,11.92850962565912,12.097082138061523,64900,0.0,0.0
2023-03-14 00:00:00-04:00,12.233547581199955,12.795455789998284,12.233547581199955,12.466338157653809,20100,0.0,0.0
2023-03-15 00:00:00-04:00,12.386065542920694,12.386065542920694,11.631502484272364,11.719802856445312,25400,0.0,0.0
2023-03-16 00:00:00-04:00,11.719802089777431,12.843618392944336,11.559256247434178,12.843618392944336,52600,0.0,0.0
2023-03-17 00:00:00-04:00,12.787429564615508,12.787429564615508,12.016812324523926,12.016812324523926,15800,0.0,0.0
2023-03-20 00:00:00-04:00,12.185384877359445,12.185384877359445,11.568890625575879,11.775994300842285,20800,0.0,0.0
2023-03-21 00:00:00-04:00,11.896403169351807,11.960621210210268,11.63310889561634,11.679667472839355,34600,0.0,0.0
2023-03-22 00:00:00-04:00,11.767964558023323,12.185382499415663,11.74388298926277,12.097082138061523,25000,0.0,0.0
2023-03-23 00:00:00-04:00,12.097083902824732,12.458311314626428,11.920484685432102,12.008784294128418,27200,0.0,0.0
2023-03-24 00:00:00-04:00,12.008784391984,12.008784391984,11.470957758407103,11.711775779724121,28100,0.0,0.0
2023-03-27 00:00:00-04:00,11.800076345595652,12.426202639339081,11.759939877866323,12.337903022766113,22600,0.0,0.0
2023-03-28 00:00:00-04:00,12.29776608551636,12.923893120894128,12.265657065666685,12.771374702453613,33900,0.0,0.0
2023-03-29 00:00:00-04:00,12.931919211062832,13.618249725450974,12.931919211062832,13.57409954071045,49600,0.0,0.0
2023-03-30 00:00:00-04:00,13.550015941628551,13.566070831143445,13.164707779742287,13.397499084472656,52900,0.0,0.0
2023-03-31 00:00:00-04:00,13.453690006152698,13.81491584288088,13.293144169110013,13.702534675598145,110000,0.0,0.0
2023-04-03 00:00:00-04:00,13.71859024706273,13.798863169572062,13.3212401227348,13.654372215270996,60800,0.0,0.0
2023-04-04 00:00:00-04:00,13.686479648399393,13.686479648399393,12.787427256998077,12.96402645111084,74800,0.0,0.0
2023-04-05 00:00:00-04:00,13.012193605061794,13.012193605061794,12.20946800786351,12.426203727722168,64300,0.0,0.0
2023-04-06 00:00:00-04:00,12.281711092422544,12.482392643718535,12.081029541126552,12.217493057250977,62000,0.0,0.0
2023-04-10 00:00:00-04:00,12.249602084146876,12.297765227792475,12.040893086910971,12.105111122131348,40100,0.0,0.0
2023-04-11 00:00:00-04:00,12.073001545101423,12.538582661645467,12.073001545101423,12.225519180297852,20900,0.0,0.0
2023-04-12 00:00:00-04:00,12.353955938549587,12.353955938549587,11.727828979492188,11.727828979492188,33000,0.0,0.0
2023-04-13 00:00:00-04:00,11.912456558567593,12.20785981544207,11.912456558567593,12.169328689575195,16500,0.0,0.0
2023-04-14 00:00:00-04:00,12.257628592539527,12.293750564741638,11.856265520336493,12.233546257019043,25300,0.0,0.0
2023-04-17 00:00:00-04:00,12.257629529934263,12.257629529934263,12.040893086910971,12.105111122131348,20900,0.0,0.0
2023-04-18 00:00:00-04:00,12.185382994457875,12.185382994457875,11.864292080602404,12.161300659179688,21300,0.0,0.0
2023-04-19 00:00:00-04:00,12.18538454833965,12.337902196854078,12.184581497512253,12.297765731811523,16200,0.0,0.0
2023-04-20 00:00:00-04:00,12.201438147300161,12.241574610606746,11.792047599543865,12.089056968688965,18300,0.0,0.0
2023-04-21 00:00:00-04:00,12.201438257450386,12.201438257450386,11.840211615508837,11.92048454284668,18900,0.0,0.0
2023-04-24 00:00:00-04:00,11.976675291425883,12.153275274586575,11.928511381276827,12.13722038269043,17100,0.0,0.0
2023-04-25 00:00:00-04:00,12.024838676250885,12.04009051764115,11.792048097882084,11.928511619567871,19300,0.0,0.0
2023-04-26 00:00:00-04:00,11.928511592766888,12.04089354141427,11.816130409658902,11.912457466125488,9100,0.0,0.0
2023-04-27 00:00:00-04:00,11.97667670239455,11.992730830642646,11.799274413062971,11.944567680358887,15100,0.0,0.0
2023-04-28 00:00:00-04:00,11.96062074901205,12.370011317853331,11.880348583803961,12.241575241088867,82200,0.0,0.0
2023-05-01 00:00:00-04:00,12.177356932761063,12.177356932761063,11.82415696394906,11.952593803405762,27600,0.0,0.0
2023-05-02 00:00:00-04:00,11.952593332516843,12.040892938471465,11.511093771665017,11.66361141204834,30800,0.0,0.0
2023-05-03 00:00:00-04:00,11.727828689111531,11.727828689111531,10.884966850280762,10.884966850280762,29200,0.0,0.0
2023-05-04 00:00:00-04:00,10.764557714495343,11.182777971582794,10.499658142166233,10.804694175720215,44900,0.0,0.0
2023-05-05 00:00:00-04:00,11.037484452818816,11.053539343118146,9.64876859457757,10.531766891479492,141800,0.0,0.0
2023-05-08 00:00:00-04:00,10.595985789916272,11.069594375007437,10.531767754535032,10.828776359558105,51900,0.0,0.0
2023-05-09 00:00:00-04:00,10.820750367019421,10.820750367019421,10.158501309745665,10.523741722106934,50900,0.0,0.0
2023-05-10 00:00:00-04:00,10.676257450012027,11.13300880403057,10.676257450012027,11.077620506286621,28400,0.0,0.0
2023-05-11 00:00:00-04:00,10.917076110839844,11.077621190152922,10.836803188413642,10.917076110839844,14000,0.0,0.0
2023-05-12 00:00:00-04:00,10.997347992609795,10.997347992609795,10.403330831242071,10.531766891479492,24000,0.0,0.0
2023-05-15 00:00:00-04:00,10.616054855724677,10.616054855724677,9.953805093701863,10.395304679870605,38200,0.0,0.0
2023-05-16 00:00:00-04:00,10.250814695425634,10.250814695425634,9.897614712745067,10.170541763305664,37000,0.0,0.0
2023-05-17 00:00:00-04:00,10.194623565702749,10.997349842774451,10.194623565702749,10.94115924835205,30300,0.0,0.0
2023-05-18 00:00:00-04:00,10.957211973106688,11.422793092962955,10.836803353176022,11.246193885803223,28800,0.0,0.0
2023-05-19 00:00:00-04:00,11.310412651717773,11.687694192451966,11.165921686002681,11.58333969116211,26300,0.0,0.0
2023-05-22 00:00:00-04:00,11.65558574546466,11.65558574546466,11.230140273453753,11.394699096679688,36200,0.0,0.0
2023-05-23 00:00:00-04:00,11.294357168480799,11.470957143383325,11.126587689923973,11.44687557220459,12200,0.0,0.0
2023-05-24 00:00:00-04:00,11.438848710635039,11.454903602600098,11.07762206235444,11.454903602600098,35400,0.0,0.0
2023-05-25 00:00:00-04:00,11.511094694294258,11.511094694294258,11.133813137631524,11.406740188598633,55200,0.0,0.0
2023-05-26 00:00:00-04:00,11.382656469783255,11.55122898328284,11.262247094118251,11.487010955810547,18700,0.0,0.0
2023-05-30 00:00:00-04:00,11.67125244850976,11.67125244850976,11.51497809098053,11.539652824401855,32500,0.344,0.0
2023-05-31 00:00:00-04:00,11.457403799283496,11.893327763470856,11.457403799283496,11.860427856445312,108200,0.0,0.0
2023-06-01 00:00:00-04:00,11.885100764226323,12.460849440895576,11.616966131754914,12.205875396728516,45500,0.0,0.0
2023-06-02 00:00:00-04:00,12.329250450201169,12.732274465604903,12.0249261456476,12.641799926757812,51800,0.0,0.0
2023-06-05 00:00:00-04:00,12.715824892676073,12.715824892676073,12.329250437287802,12.415613174438477,51700,0.0,0.0
2023-06-06 00:00:00-04:00,12.485527244306516,12.485527244306516,12.353927612304688,12.353927612304688,35900,0.0,0.0
2023-06-07 00:00:00-04:00,12.33747556696101,12.436175277369228,12.074276339205758,12.090725898742676,13100,0.0,0.0
2023-06-08 00:00:00-04:00,12.172975270622015,12.310332339206932,12.008475763801892,12.164750099182129,19800,0.0,0.0
2023-06-09 00:00:00-04:00,12.25522715865301,12.25522715865301,11.96077286307421,11.996140480041504,21800,0.0,0.0
2023-06-12 00:00:00-04:00,11.87687569071609,11.926225936276099,11.556101839960432,11.728826522827148,35600,0.0,0.0
2023-06-13 00:00:00-04:00,11.802851364612136,11.885100727081813,11.580776438713391,11.621901512145996,22500,0.0,0.0
2023-06-14 00:00:00-04:00,11.737051745967722,11.737051745967722,11.284677499866342,11.490302085876465,71100,0.0,0.0
2023-06-15 00:00:00-04:00,11.432726767837282,11.613676624730699,11.27645242624448,11.498526573181152,47100,0.0,0.0
2023-06-16 00:00:00-04:00,11.309353116737828,11.42450317630885,11.120178859295015,11.144853591918945,36300,0.0,0.0
2023-06-20 00:00:00-04:00,11.169528598705309,11.294548711273714,10.70892991790678,10.848753929138184,50700,0.0,0.0
2023-06-21 00:00:00-04:00,10.750053921840369,11.062603410434699,10.651354207188833,10.972128868103027,34700,0.0,0.0
2023-06-22 00:00:00-04:00,10.963902103020454,10.988576831999856,10.791177431373656,10.947452545166016,30800,0.0,0.0
2023-06-23 00:00:00-04:00,10.988578649451368,11.210653600182459,10.84052946669293,11.087278366088867,32600,0.0,0.0
2023-06-26 00:00:00-04:00,11.062603029845292,11.514977294731725,11.062603029845292,11.23532772064209,31900,0.0,0.0
2023-06-27 00:00:00-04:00,11.27645297049603,11.465627223891154,11.22710272190849,11.30935287475586,75900,0.0,0.0
2023-06-28 00:00:00-04:00,11.383377698203569,11.802852060018996,11.366927354103083,11.613677024841309,68500,0.0,0.0
2023-06-29 00:00:00-04:00,11.597227952987968,11.74527713414231,11.539652530609867,11.6630277633667,31400,0.0,0.0
2023-06-30 00:00:00-04:00,11.827525957774924,12.024925366687967,11.75761356906878,11.926225662231445,99100,0.0,0.0
2023-07-03 00:00:00-04:00,11.811075109989797,11.9986052463975,11.802850723266602,11.802850723266602,34500,0.0,0.0
2023-07-05 00:00:00-04:00,11.794626698222796,11.963238800562328,11.691814402435492,11.74527645111084,31800,0.0,0.0
2023-07-06 00:00:00-04:00,11.68770249615982,11.704152056556698,11.194203133923716,11.6630277633667,22800,0.0,0.0
2023-07-07 00:00:00-04:00,11.580775809435005,11.909774810227566,11.580775809435005,11.802850723266602,13600,0.0,0.0
2023-07-10 00:00:00-04:00,11.835751935282005,12.02492618560791,11.745276611738678,12.02492618560791,26700,0.0,0.0
2023-07-11 00:00:00-04:00,12.066050753002571,12.11540021431469,11.679476312211769,12.107175827026367,28200,0.0,0.0
2023-07-12 00:00:00-04:00,12.131850961944822,12.296350479125977,12.04960081115646,12.296350479125977,44600,0.0,0.0
2023-07-13 00:00:00-04:00,12.329251289367676,12.329251289367676,12.181202105213536,12.329251289367676,45000,0.0,0.0
2023-07-14 00:00:00-04:00,12.329250128607331,12.329250128607331,11.876875877380371,11.876875877380371,20100,0.0,0.0
2023-07-17 00:00:00-04:00,11.926225800514418,12.08496784663247,11.556101708412042,11.621901512145996,23900,0.0,0.0
2023-07-18 00:00:00-04:00,11.654801730288343,11.843975975058182,11.556102022009005,11.597227096557617,48600,0.0,0.0
2023-07-19 00:00:00-04:00,11.761726470999706,11.843975834726859,11.61367651813707,11.695926666259766,56000,0.0,0.0
2023-07-20 00:00:00-04:00,11.761726609923166,12.049600562961736,11.638351386281874,11.876875877380371,50900,0.0,0.0
2023-07-21 00:00:00-04:00,11.811074146285126,11.901549452417518,11.732937380219512,11.783109664916992,9700,0.0,0.0
2023-07-24 00:00:00-04:00,11.78640223709455,11.86865239244279,11.638352271225964,11.835752487182617,24300,0.0,0.0
2023-07-25 00:00:00-04:00,11.843976606262377,11.843976606262377,11.687702255923945,11.827527046203613,15800,0.0,0.0
2023-07-26 00:00:00-04:00,11.852201185342347,11.967351237573352,11.572551618778162,11.769951820373535,48700,0.0,0.0
2023-07-27 00:00:00-04:00,11.885101508206878,11.909776240129927,11.654802180002067,11.753501892089844,18600,0.0,0.0
2023-07-28 00:00:00-04:00,11.679477841894911,11.712377748543801,11.30935369599599,11.580778121948242,39400,0.0,0.0
2023-07-31 00:00:00-04:00,11.580776797717984,11.926226170227956,11.580776797717984,11.843976020812988,45600,0.0,0.0
2023-08-01 00:00:00-04:00,11.81107538771319,11.81107538771319,11.571728863937187,11.679475784301758,31000,0.0,0.0
2023-08-02 00:00:00-04:00,11.580776806433217,11.638351440429688,11.363637290337316,11.638351440429688,17100,0.0,0.0
2023-08-03 00:00:00-04:00,11.6301283741194,11.6301283741194,11.449178495352683,11.580778121948242,22800,0.0,0.0
2023-08-04 00:00:00-04:00,12.337475564379107,13.03248690746989,12.337475564379107,12.880324363708496,351200,0.0,0.0
2023-08-07 00:00:00-04:00,12.863874838213247,13.159973970159427,12.863874838213247,13.053049087524414,96400,0.0,0.0
2023-08-08 00:00:00-04:00,13.069499011356713,13.687195602307934,13.03248652300382,13.55477237701416,90300,0.0,0.0
2023-08-09 00:00:00-04:00,13.538323571965813,13.554773917278862,13.427287663080929,13.464300155639648,17700,0.0,0.0
2023-08-10 00:00:00-04:00,13.45607459409419,13.838536483217151,13.192875351857149,13.423173904418945,93800,0.0,0.0
2023-08-11 00:00:00-04:00,13.423173247678216,13.571223206390883,13.070321525889192,13.530098915100098,65700,0.0,0.0
2023-08-14 00:00:00-04:00,13.472522737124427,13.554772888656727,13.299798830818636,13.550661087036133,16800,0.0,0.0
2023-08-15 00:00:00-04:00,13.530097982065648,13.546546756172964,13.299797887861736,13.472521781921387,20100,0.0,0.0
2023-08-16 00:00:00-04:00,13.414948732000134,13.530099577072262,13.316249800556859,13.423173904418945,14200,0.0,0.0
2023-08-17 00:00:00-04:00,13.35737392261854,13.390274611872,13.278413523443206,13.349148750305176,18300,0.0,0.0
2023-08-18 00:00:00-04:00,13.242224501589613,13.464299445224622,13.176424692600484,13.373824119567871,19600,0.0,0.0
2023-08-21 00:00:00-04:00,13.357372519214953,13.472521781921387,13.24222325650852,13.472521781921387,13800,0.0,0.0
2023-08-22 00:00:00-04:00,13.324475387864439,13.488974134989029,13.184650589973335,13.258675575256348,27400,0.0,0.0
2023-08-23 00:00:00-04:00,13.266897641912895,13.587673063901663,13.266897641912895,13.55477237701416,15900,0.0,0.0
2023-08-24 00:00:00-04:00,13.604122991178883,13.645247279739124,13.428107773055672,13.571222305297852,11100,0.0,0.0
2023-08-25 00:00:00-04:00,13.546547679106947,13.546547679106947,13.233998986699204,13.490618705749512,7200,0.0,0.0
2023-08-28 00:00:00-04:00,13.472523272834902,13.55477342763773,13.406723462750882,13.488973617553711,15500,0.0,0.0
2023-08-29 00:00:00-04:00,13.579448324181465,13.912560729954771,13.579448324181465,13.842647552490234,24500,0.0,0.0
2023-08-30 00:00:00-04:00,13.90478047771609,14.039126059025373,13.686468507707088,13.846004486083984,29200,0.344,0.0
2023-08-31 00:00:00-04:00,13.846004862729375,15.105495922909403,13.787228869498419,14.610095977783203,110600,0.0,0.0
2023-09-01 00:00:00-04:00,14.660476664599477,14.80321906334931,14.181870269239997,14.291027069091797,42400,0.0,0.0
2023-09-05 00:00:00-04:00,14.223856462656457,14.223856462656457,13.774637997649112,13.787232398986816,31800,0.0,0.0
2023-09-06 00:00:00-04:00,13.820815581158271,13.820815581158271,13.484951591624053,13.711660385131836,16100,0.0,0.0
2023-09-07 00:00:00-04:00,13.66967809606763,13.66967809606763,13.560521297644522,13.62685489654541,73000,0.0,0.0
2023-09-08 00:00:00-04:00,13.627694287757762,13.720057487487793,13.518539089325255,13.720057487487793,81600,0.0,0.0
2023-09-11 00:00:00-04:00,13.720057343938443,13.8124205427021,13.585711746569041,13.804023742675781,13700,0.0,0.0
2023-09-12 00:00:00-04:00,13.762040189513986,13.762040189513986,13.577315387512943,13.72845458984375,15000,0.0,0.0
2023-09-13 00:00:00-04:00,13.71166138704051,13.753643788227746,13.627694983140087,13.686470985412598,8000,0.0,0.0
2023-09-14 00:00:00-04:00,13.812420098981022,13.971954489778524,13.68646970415822,13.879592895507812,13100,0.0,0.0
2023-09-15 00:00:00-04:00,13.837608594858265,13.929971788639875,13.671355806966822,13.871195793151855,19200,0.0,0.0
2023-09-18 00:00:00-04:00,13.871194883151597,13.871194883151597,13.820814089016372,13.846004486083984,7400,0.0,0.0
2023-09-19 00:00:00-04:00,13.846005980945524,13.988748376688296,13.669677987012246,13.711660385131836,47200,0.0,0.0
2023-09-20 00:00:00-04:00,13.778832362945838,13.896384351904862,13.627693176269531,13.627693176269531,23800,0.0,0.0
2023-09-21 00:00:00-04:00,13.627694537012383,13.862800139931762,13.518539336583395,13.762040138244629,68900,0.0,0.0
2023-09-22 00:00:00-04:00,13.7200569776751,13.7200569776751,13.636090581179284,13.644487380981445,10300,0.0,0.0
2023-09-25 00:00:00-04:00,13.518539579291978,13.63609158209922,13.476555577199447,13.619297981262207,16600,0.0,0.0
2023-09-26 00:00:00-04:00,13.585710788384175,13.619296384594847,13.140690027531187,13.32541561126709,30400,0.0,0.0
2023-09-27 00:00:00-04:00,13.308624063686604,13.367400063722382,13.191071262852109,13.241451263427734,31700,0.0,0.0
2023-09-28 00:00:00-04:00,13.19107080097234,13.711660385131836,13.19107080097234,13.711660385131836,29300,0.0,0.0
2023-09-29 00:00:00-04:00,13.711660734380155,13.846006333615746,13.501745535383812,13.694867134094238,111600,0.0,0.0
2023-10-02 00:00:00-04:00,13.73684996732497,13.73684996732497,13.51853798673983,13.627693176269531,12500,0.0,0.0
2023-10-03 00:00:00-04:00,13.669677276734772,13.669677276734772,13.191070115563331,13.266639709472656,22600,0.0,0.0
2023-10-04 00:00:00-04:00,13.325417067518641,13.325417067518641,13.098709063362463,13.308624267578125,36200,0.0,0.0
2023-10-05 00:00:00-04:00,13.266640863334075,13.308624063686604,13.199468063075205,13.241451263427734,12900,0.0,0.0
2023-10-06 00:00:00-04:00,13.098707631886414,13.385871606277183,13.098707631886414,13.32541561126709,28600,0.0,0.0
2023-10-09 00:00:00-04:00,13.24145251342761,13.387553327744499,13.14908930378032,13.342211723327637,14200,0.0,0.0
2023-10-10 00:00:00-04:00,13.392590120118498,13.434573321902036,13.216261313238014,13.350606918334961,17500,0.0,0.0
2023-10-11 00:00:00-04:00,13.392589276537477,13.526935673935094,13.24984687992238,13.468159675598145,42300,0.0,0.0
2023-10-12 00:00:00-04:00,13.468159278166707,13.568917671906535,13.182673692597978,13.518538475036621,22700,0.0,0.0
2023-10-13 00:00:00-04:00,13.501745573294496,13.556323973614036,13.258243973805541,13.484951972961426,30000,0.0,0.0
2023-10-16 00:00:00-04:00,13.518539827142055,13.585712630195733,13.224658213209976,13.476555824279785,17800,0.0,0.0
2023-10-17 00:00:00-04:00,13.451366019091985,13.500906017699997,13.29183002318673,13.409382820129395,31200,0.0,0.0
2023-10-18 00:00:00-04:00,13.359002206935031,13.459762200117167,13.266639814074766,13.300226211547852,26300,0.0,0.0
2023-10-19 00:00:00-04:00,13.241450939717826,13.241450939717826,12.62010135136881,12.964362144470215,40900,0.0,0.0
2023-10-20 00:00:00-04:00,12.947568323782011,12.947568323782011,12.10790760654978,12.510944366455078,15500,0.0,0.0
2023-10-23 00:00:00-04:00,12.351409399604192,12.39339259635627,12.200270211601863,12.275839805603027,24500,0.0,0.0
2023-10-24 00:00:00-04:00,12.275840902283079,13.308624111292726,12.275840902283079,13.21626091003418,8600,0.0,0.0
2023-10-25 00:00:00-04:00,13.090312706234101,13.233055113994885,12.860245493689636,12.872000694274902,4900,0.0,0.0
2023-10-26 00:00:00-04:00,12.813225002535642,12.813225002535642,12.376600968013221,12.426980972290039,25400,0.0,0.0
2023-10-27 00:00:00-04:00,12.536135649931802,12.578118048148285,12.007149264622353,12.267443656921387,39300,0.0,0.0
2023-10-30 00:00:00-04:00,12.242253303527832,12.343012494412328,12.217063705997424,12.242253303527832,55900,0.0,0.0
2023-10-31 00:00:00-04:00,12.334615800598211,12.334615800598211,12.217063810607844,12.275839805603027,91000,0.0,0.0
2023-11-01 00:00:00-04:00,12.275841366187443,12.91398379580777,12.193554962733405,12.838414192199707,49100,0.0,0.0
2023-11-02 00:00:00-04:00,13.014741930825865,13.447166714748914,13.00634513094546,13.3757963180542,19500,0.0,0.0
2023-11-03 00:00:00-04:00,13.434573183444911,13.883791596144276,13.367400381588723,13.79562759399414,59500,0.0,0.0
2023-11-06 00:00:00-05:00,13.795627736172303,13.795627736172303,13.350606918334961,13.350606918334961,31900,0.0,0.0
2023-11-07 00:00:00-05:00,13.266641566457118,13.266641566457118,12.930776746599213,13.11550235748291,17500,0.0,0.0
2023-11-08 00:00:00-05:00,13.241451263427734,13.342210463816041,12.981156061852403,13.241451263427734,11900,0.0,0.0
2023-11-09 00:00:00-05:00,13.25824348815243,13.26664028801139,13.014741897583008,13.014741897583008,11200,0.0,0.0
2023-11-10 00:00:00-05:00,13.014743690580286,13.342211723327637,13.006346889564528,13.342211723327637,14900,0.0,0.0
2023-11-13 00:00:00-05:00,13.375795738312855,13.535331726074219,13.325415741976931,13.535331726074219,67200,0.0,0.0
2023-11-14 00:00:00-05:00,13.619297217583826,14.442165995671356,13.619297217583826,14.072714805603027,66200,0.0,0.0
2023-11-15 00:00:00-05:00,14.072714503014195,14.274232892847774,13.644487324045665,14.06431770324707,15800,0.0,0.0
2023-11-16 00:00:00-05:00,14.022336359483877,14.274233965320338,14.005542758687866,14.190267562866211,20100,0.0,0.0
2023-11-17 00:00:00-05:00,14.27423346887985,14.408579067523707,14.173473469134022,14.291027069091797,21900,0.0,0.0
2023-11-20 00:00:00-05:00,14.19026806464424,14.27423447006748,13.982872052210205,14.265837669372559,35700,0.0,0.0
2023-11-21 00:00:00-05:00,14.24904361612862,14.316216418031887,14.081112412133416,14.156682014465332,25400,0.0,0.0
2023-11-22 00:00:00-05:00,14.232250998008668,14.232250998008668,13.938369401887012,13.95516300201416,12400,0.0,0.0
2023-11-24 00:00:00-05:00,13.871196950311472,14.039128151211251,13.871196950311472,13.938369750976562,10500,0.0,0.0
2023-11-27 00:00:00-05:00,14.030732154776421,14.268356971715779,13.854404143500705,14.207061767578125,32600,0.0,0.0
2023-11-28 00:00:00-05:00,14.207058554197681,14.475749711478624,14.207058554197681,14.433767318725586,27400,0.0,0.0
2023-11-29 00:00:00-05:00,14.608555932425837,14.762781424723716,14.522876556019773,14.557147979736328,31300,0.344,0.0
2023-11-30 00:00:00-05:00,14.557150419428357,14.882737987563612,14.368653471822952,14.831328392028809,93300,0.0,0.0
2023-12-01 00:00:00-05:00,14.797054245678472,15.208321129066356,14.77991771697998,14.77991771697998,45600,0.0,0.0
2023-12-04 00:00:00-05:00,14.7799174915782,14.822757178441778,14.617123739883858,14.668533325195312,56600,0.0,0.0
2023-12-05 00:00:00-05:00,14.642830866072432,14.737080153267364,14.514310150770884,14.540013313293457,66600,0.0,0.0
2023-12-06 00:00:00-05:00,14.651399114267724,14.694238807907544,14.48003707124933,14.642830848693848,52100,0.0,0.0
2023-12-07 00:00:00-05:00,14.642831522198097,14.76278397729051,14.462901205329844,14.594850540161133,36900,0.0,0.0
2023-12-08 00:00:00-05:00,14.565717848333566,14.797056112257481,14.240131933137691,14.76278305053711,21400,0.0,0.0
2023-12-11 00:00:00-05:00,14.754213156002207,14.754213156002207,14.514308287367125,14.659965515136719,21200,0.0,0.0
2023-12-12 00:00:00-05:00,14.659967482988511,14.768781024660266,14.54001339833982,14.574286460876465,21800,0.0,0.0
2023-12-13 00:00:00-05:00,14.634262728953876,14.882737530383704,14.505742012524122,14.839896202087402,31800,0.0,0.0
2023-12-14 00:00:00-05:00,14.891304987329633,15.20832429737829,14.891304987329633,15.011259078979492,39400,0.0,0.0
2023-12-15 00:00:00-05:00,14.959847537757014,15.165482629792157,14.86131494136446,14.994120597839355,36900,0.0,0.0
2023-12-18 00:00:00-05:00,14.942710649380881,14.968413806785748,14.635973993155904,14.959845542907715,55700,0.0,0.0
2023-12-19 00:00:00-05:00,14.951278782759942,15.139775683743727,14.689952456563162,15.114070892333984,30500,0.0,0.0
2023-12-20 00:00:00-05:00,15.036961409561666,15.208323454287724,14.797056508020674,14.839896202087402,52000,0.0,0.0
2023-12-21 00:00:00-05:00,14.925576258282154,15.328274912822296,14.925576258282154,15.2940034866333,38100,0.0,0.0
2023-12-22 00:00:00-05:00,15.311141285343174,15.311141285343174,15.062666479412023,15.088371276855469,16900,0.0,0.0
2023-12-26 00:00:00-05:00,15.079802737857968,15.25116314835445,14.814193039339195,14.839896202087402,56400,0.0,0.0
2023-12-27 00:00:00-05:00,14.959846590358998,15.199753093053898,14.731080629137734,14.891302108764648,40200,0.0,0.0
2023-12-28 00:00:00-05:00,14.9084411296987,15.011258686391075,14.574286930350317,14.9341459274292,68400,0.0,0.0
2023-12-29 00:00:00-05:00,14.925577863309055,15.25116380114911,14.685671317269783,15.045530319213867,31000,0.0,0.0
2024-01-02 00:00:00-05:00,15.10550567548771,15.182618431042261,15.045529450996291,15.079802513122559,24400,0.0,0.0
2024-01-03 00:00:00-05:00,15.054099834860883,15.19118883419729,14.822761535644531,14.822761535644531,40000,0.0,0.0
2024-01-04 00:00:00-05:00,14.805623054504395,15.079800986845875,14.729366642952298,14.805623054504395,22600,0.0,0.0
2024-01-05 00:00:00-05:00,14.728511268245436,15.07980197126921,14.728511268245436,15.054097175598145,44000,0.0,0.0
2024-01-08 00:00:00-05:00,14.976985421718215,15.18261889811318,14.976985421718215,15.16891098022461,22100,0.0,0.0
2024-01-09 00:00:00-05:00,15.122642437979078,15.413100597294862,15.122642437979078,15.311141014099121,34300,0.0,0.0
2024-01-10 00:00:00-05:00,15.37968633794223,15.388252969839208,15.208324283868745,15.259732246398926,20700,0.0,0.0
2024-01-11 00:00:00-05:00,15.345411958175049,15.353980223567302,15.019826044417107,15.19975471496582,35500,0.0,0.0
2024-01-12 00:00:00-05:00,15.11407215245353,15.405386609135098,15.11407215245353,15.362546920776367,13000,0.0,0.0
2024-01-16 00:00:00-05:00,15.268299745884407,15.494496730735152,15.268299745884407,15.473933219909668,32700,0.0,0.0
2024-01-17 00:00:00-05:00,15.439661730580331,15.55104591573616,15.191186929051026,15.311141014099121,74200,0.0,0.0
2024-01-18 00:00:00-05:00,15.311138785315007,15.422522954257065,15.19975298214361,15.396818161010742,36500,0.0,0.0
2024-01-19 00:00:00-05:00,15.422527542797908,15.568184812737972,15.178337654108661,15.551048278808594,20400,0.0,0.0
2024-01-22 00:00:00-05:00,15.585320214230356,15.705272674560547,15.585320214230356,15.705272674560547,32700,0.0,0.0
2024-01-23 00:00:00-05:00,15.748109688784188,15.748109688784188,15.431092059289844,15.670998573303223,40000,0.0,0.0
2024-01-24 00:00:00-05:00,15.722404522030422,15.722404522030422,15.532193314914903,15.636723518371582,13900,0.0,0.0
2024-01-25 00:00:00-05:00,15.593884422308646,15.91090202331543,15.508203415415444,15.91090202331543,35400,0.0,0.0
2024-01-26 00:00:00-05:00,15.953745048746317,16.279330948658526,15.936608518690553,16.15081024169922,22600,0.0,0.0
2024-01-29 00:00:00-05:00,16.15080770047415,16.236488703042156,16.056558434226424,16.193647384643555,36300,0.0,0.0
2024-01-30 00:00:00-05:00,16.26219489074448,16.36501243983471,15.928040716102862,16.039424896240234,68600,0.0,0.0
2024-01-31 00:00:00-05:00,15.988016059377008,16.10796849819295,15.63672537350511,15.722406387329102,53600,0.0,0.0
2024-02-01 00:00:00-05:00,15.859497295932265,16.1850832272188,15.859497295932265,16.090835571289062,18100,0.0,0.0
2024-02-02 00:00:00-05:00,16.013723657421874,16.10797131832236,15.790953636169434,15.790953636169434,20100,0.0,0.0
2024-02-05 00:00:00-05:00,15.790951268229817,15.790951268229817,14.95128090696588,14.994120597839355,22500,0.0,0.0
2024-02-06 00:00:00-05:00,15.071233594391078,15.439660825132757,15.062665329230867,15.225459098815918,21600,0.0,0.0
2024-02-07 00:00:00-05:00,15.294003784841365,15.526198380746626,15.2254592968974,15.439661026000977,25800,0.0,0.0
2024-02-08 00:00:00-05:00,15.593883833656772,15.85092521040407,15.533905987135132,15.636723518371582,17200,0.0,0.0
2024-02-09 00:00:00-05:00,15.730975478502783,15.850927923619981,15.636726194922414,15.796092987060547,19000,0.0,0.0
2024-02-12 00:00:00-05:00,15.910903021481698,16.0368530799517,15.768672769908305,15.92803955078125,18400,0.0,0.0
2024-02-13 00:00:00-05:00,15.68813332810774,15.859495355755724,15.551044359681116,15.722406387329102,39800,0.0,0.0
2024-02-14 00:00:00-05:00,15.868062518870593,15.986302277053944,15.820937882827703,15.876630783081055,6800,0.0,0.0
2024-02-15 00:00:00-05:00,15.902332687574962,16.193647110843152,15.902332687574962,16.167943954467773,18700,0.0,0.0
2024-02-16 00:00:00-05:00,16.107970982180383,16.107970982180383,15.131211522958644,15.259732246398926,31700,0.0,0.0
2024-02-20 00:00:00-05:00,15.10550625784283,15.473933518756247,14.814193389686467,14.899872779846191,38500,0.0,0.0
2024-02-21 00:00:00-05:00,15.028396864486346,15.344558230325935,14.788490295410156,14.788490295410156,13600,0.0,0.0
2024-02-22 00:00:00-05:00,14.951281400508195,15.422524552589977,14.827044004952807,15.35398006439209,23100,0.0,0.0
2024-02-23 00:00:00-05:00,15.35397930957945,15.722406528367008,15.28543482475126,15.670998573303223,21700,0.0,0.0
2024-02-26 00:00:00-05:00,15.765245576566578,15.910902805173802,15.382252486498214,15.713837623596191,25200,0.0,0.0
2024-02-27 00:00:00-05:00,15.790950045075858,15.902334213256836,15.525340386929427,15.902334213256836,4500,0.0,0.0
2024-02-28 00:00:00-05:00,15.95820786478308,16.316132511597328,15.783609745077612,16.167724609375,23800,0.344,0.0
2024-02-29 00:00:00-05:00,16.15026629986317,16.586759983643255,15.923289384486573,16.560569763183594,74600,0.0,0.0
2024-03-01 00:00:00-05:00,16.543109458089322,16.543109458089322,16.193913217477082,16.35978126525879,28000,0.0,0.0
2024-03-04 00:00:00-05:00,16.220104030810884,16.32486323986055,15.87090944246389,16.03677749633789,23800,0.0,0.0
2024-03-05 00:00:00-05:00,16.11534324865759,16.21137237548828,15.932016732080063,16.21137237548828,12200,0.0,0.0
2024-03-06 00:00:00-05:00,16.324863011019534,16.330099722580258,16.158994959470665,16.246294021606445,20700,0.0,0.0
2024-03-07 00:00:00-05:00,16.281213069093887,16.32486343383789,16.176455523890596,16.32486343383789,22900,0.0,0.0
2024-03-08 00:00:00-05:00,16.359783697593375,16.359783697593375,16.20264569897317,16.237565994262695,16500,0.0,0.0
2024-03-11 00:00:00-04:00,16.150262096377258,16.2812098344108,15.984394073486328,15.984394073486328,15200,0.0,0.0
2024-03-12 00:00:00-04:00,16.132805147105273,16.237564357321535,15.835989327432221,16.115345001220703,14200,0.0,0.0
2024-03-13 00:00:00-04:00,16.15026544189511,16.355417995202412,16.15026544189511,16.316133499145508,20400,0.0,0.0
2024-03-14 00:00:00-04:00,16.368510634515737,16.368510634515737,16.12407360960754,16.29867172241211,13700,0.0,0.0
2024-03-15 00:00:00-04:00,16.28994128886728,16.412158966064453,16.228832450268694,16.412158966064453,28700,0.0,0.0
2024-03-18 00:00:00-04:00,16.403433225197727,16.46279539301674,16.115345799112223,16.1851863861084,20200,0.0,0.0
2024-03-19 00:00:00-04:00,16.263751508158368,16.307401869104545,16.097885131835938,16.097885131835938,30900,0.0,0.0
2024-03-20 00:00:00-04:00,16.18518101818717,16.324858815671984,16.124070524833208,16.154624938964844,16900,0.0,0.0
2024-03-21 00:00:00-04:00,16.15899500985755,16.58675858405649,16.141534864357723,16.438350677490234,24100,0.0,0.0
2024-03-22 00:00:00-04:00,16.49945846199468,16.543108822940855,15.98439585846689,16.097885131835938,31500,0.0,0.0
2024-03-25 00:00:00-04:00,16.132802963256836,16.272480781243317,16.01931536055192,16.132802963256836,21000,0.0,0.0
2024-03-26 00:00:00-04:00,16.12407642631572,16.211375497968245,16.036779019754494,16.150266647338867,16400,0.0,0.0
2024-03-27 00:00:00-04:00,16.20264322269464,16.30303655867174,15.888368938576651,16.062965393066406,55900,0.0,0.0
2024-03-28 00:00:00-04:00,15.97566763571618,16.23756483643898,15.801071166992188,15.801071166992188,140200,0.0,0.0
2024-04-01 00:00:00-04:00,15.958207658216338,16.23756331405619,15.770515264744368,15.879638671875,103600,0.0,0.0
2024-04-02 00:00:00-04:00,15.77488066628737,15.975667351033026,15.582824054586025,15.71377182006836,38200,0.0,0.0
2024-04-03 00:00:00-04:00,15.600284083228651,16.006221653640452,15.574093864292884,15.76615047454834,40700,0.0,0.0
2024-04-04 00:00:00-04:00,15.879636572576988,16.124071906576823,15.722498620668047,15.739958763122559,39500,0.0,0.0
2024-04-05 00:00:00-04:00,15.757418632507324,15.888368047393488,15.713769937605921,15.757418632507324,25800,0.0,0.0
2024-04-08 00:00:00-04:00,15.844719585550692,15.844719585550692,15.66226555467074,15.71377182006836,17100,0.0,0.0
2024-04-09 00:00:00-04:00,15.818529817437808,15.827258224721037,15.705040541663216,15.774879455566406,181000,0.0,0.0
2024-04-10 00:00:00-04:00,15.609012908190783,15.949479103088379,15.539173987587134,15.949479103088379,29200,0.0,0.0
2024-04-11 00:00:00-04:00,15.949474509274362,15.949474509274362,15.565359724042546,15.678847312927246,163800,0.0,0.0
2024-04-12 00:00:00-04:00,15.713770577921322,16.01058637760045,15.582822822790186,15.626471519470215,87100,0.0,0.0
2024-04-15 00:00:00-04:00,15.739960454056167,15.739960454056167,15.33838545991562,15.451874732971191,51200,0.0,0.0
2024-04-16 00:00:00-04:00,15.451872884173582,15.774877190180964,15.42306348296659,15.539170265197754,24700,0.0,0.0
2024-04-17 00:00:00-04:00,15.713770025432376,15.757418720577737,15.565362130810765,15.661391258239746,15600,0.0,0.0
2024-04-18 00:00:00-04:00,15.643933154541205,15.696311928565459,15.416956246981167,15.547904014587402,17000,0.0,0.0
2024-04-19 00:00:00-04:00,15.635203900653167,15.661394121583285,15.45187734941621,15.556634902954102,11600,0.0,0.0
2024-04-22 00:00:00-04:00,15.478065213600901,15.67012349499019,15.46933514034764,15.495525360107422,25400,0.0,0.0
2024-04-23 00:00:00-04:00,15.495524444722628,15.783610184696926,15.48679437198509,15.74869155883789,20100,0.0,0.0
2024-04-24 00:00:00-04:00,15.766151675121176,15.766151675121176,15.504256126185156,15.556634902954102,13600,0.0,0.0
2024-04-25 00:00:00-04:00,15.312197259204796,15.443145014498683,15.093950445351302,15.233628273010254,29200,0.0,0.0
2024-04-26 00:00:00-04:00,15.251088421208209,15.390766264148738,15.137600798228238,15.338387489318848,17600,0.0,0.0
2024-04-29 00:00:00-04:00,15.338386144163788,15.451875422282138,15.263308852267338,15.408225059509277,17200,0.0,0.0
2024-04-30 00:00:00-04:00,15.408225059509277,15.408225059509277,15.2301352425964,15.408225059509277,11500,0.0,0.0
2024-05-01 00:00:00-04:00,15.373306434382075,15.530444410182199,15.307831722768329,15.408225059509277,11700,0.0,0.0
2024-05-02 00:00:00-04:00,15.530444981194762,15.582823753356934,15.408225626028166,15.582823753356934,12300,0.0,0.0
2024-05-03 00:00:00-04:00,15.635200591982352,15.932016372680664,15.609010376594522,15.932016372680664,9900,0.0,0.0
2024-05-06 00:00:00-04:00,15.949477271940758,15.997491836547852,15.8709082871457,15.997491836547852,17500,0.0,0.0
2024-05-07 00:00:00-04:00,15.98439663685844,15.988762505711168,15.774879889387003,15.958208084106445,22000,0.0,0.0
2024-05-08 00:00:00-04:00,15.940748771214501,15.940748771214501,15.059031372218586,15.216169357299805,52200,0.0,0.0
2024-05-09 00:00:00-04:00,15.163789353008893,16.095266261289527,15.163789353008893,15.731230735778809,117100,0.0,0.0
2024-05-10 00:00:00-04:00,15.83598823224547,16.0891553347897,15.539172433099631,16.080425262451172,51200,0.0,0.0
2024-05-13 00:00:00-04:00,16.15026319790009,16.46453912268833,16.15026319790009,16.42961883544922,23600,0.0,0.0
2024-05-14 00:00:00-04:00,16.57802717580274,16.647866087084786,16.368510441956616,16.612947463989258,36700,0.0,0.0
2024-05-15 00:00:00-04:00,16.674057705308698,16.75262669524406,16.578028569811895,16.735166549682617,22300,0.0,0.0
2024-05-16 00:00:00-04:00,16.586759008416628,16.586759008416628,16.385972325305044,16.51692008972168,27900,0.0,0.0
2024-05-17 00:00:00-04:00,16.41215792809694,16.56929588317871,16.344065702276634,16.56929588317871,18400,0.0,0.0
2024-05-20 00:00:00-04:00,16.490728487569953,16.5431089210159,16.377240878619116,16.52914047241211,16500,0.0,0.0
2024-05-21 00:00:00-04:00,16.49945831298828,16.551837080559647,16.368510561514366,16.49945831298828,15600,0.0,0.0
2024-05-22 00:00:00-04:00,16.455809325842708,16.48461706471448,16.307401432778583,16.412158966064453,9100,0.0,0.0
2024-05-23 00:00:00-04:00,16.33359080363292,16.33359080363292,15.792339635935138,15.923287391662598,32900,0.0,0.0
2024-05-24 00:00:00-04:00,16.045502906895926,16.08915326296766,15.889239127904359,15.984394073486328,11000,0.0,0.0
2024-05-28 00:00:00-04:00,20.10489779158718,20.68979933968207,18.709862816755564,18.943824768066406,791100,0.0,0.0
2024-05-29 00:00:00-04:00,18.42003101101191,18.943823685584437,18.42003101101191,18.891443252563477,116200,0.0,0.0
2024-05-30 00:00:00-04:00,18.59463215068392,18.821609089102747,18.454954290901785,18.743040084838867,125600,0.0,0.0
2024-05-31 00:00:00-04:00,18.870793925130688,18.870793925130688,18.586889450886616,18.84417724609375,144300,0.344,0.0
2024-06-03 00:00:00-04:00,18.764331038518964,19.074852227169572,18.71109936658594,19.030492782592773,149000,0.0,0.0
2024-06-04 00:00:00-04:00,18.959513156004345,19.16356927091562,18.861920365305895,19.128080368041992,95800,0.0,0.0
2024-06-05 00:00:00-04:00,19.0127478556775,19.128083424035292,18.862810093828504,19.119211196899414,110800,0.0,0.0
2024-06-06 00:00:00-04:00,19.03936257913097,19.110340395227276,18.93289923939506,18.977258682250977,81900,0.0,0.0
2024-06-07 00:00:00-04:00,18.808691445635077,18.977258682250977,18.71997086771897,18.977258682250977,104000,0.0,0.0
2024-06-10 00:00:00-04:00,18.941771965467797,19.074851989746094,18.87966806695155,19.074851989746094,34700,0.0,0.0
2024-06-11 00:00:00-04:00,19.003874213692853,19.030490893118856,18.826433068594522,18.986129760742188,38200,0.0,0.0
2024-06-12 00:00:00-04:00,18.96838671999812,19.163572332578795,18.96838671999812,19.119211196899414,113800,0.0,0.0
2024-06-13 00:00:00-04:00,19.09259529494903,19.270034752570925,18.95064305196983,19.083723068237305,61100,0.0,0.0
2024-06-14 00:00:00-04:00,19.00387586398405,19.08372421699189,18.870795839705753,19.074851989746094,32300,0.0,0.0
2024-06-17 00:00:00-04:00,18.94177117803902,19.074851196785044,18.878778874873824,18.879667282104492,175000,0.0,0.0
2024-06-18 00:00:00-04:00,18.79981743578564,18.88853800528814,18.5026037817829,18.81756019592285,52300,0.0,0.0
2024-06-20 00:00:00-04:00,18.755456617850434,18.755456617850434,18.3650888130531,18.382831573486328,34300,0.0,0.0
2024-06-21 00:00:00-04:00,18.2763687014708,18.36508927468363,18.019079208374023,18.019079208374023,30400,0.0,0.0
2024-06-24 00:00:00-04:00,17.974718107982063,18.064325387912962,17.83276588083189,17.930356979370117,26100,0.0,0.0
2024-06-25 00:00:00-04:00,18.01020520572109,18.391702448371227,17.93035686692436,18.134414672851562,74800,0.0,0.0
2024-06-26 00:00:00-04:00,18.01907743138784,18.25862244777802,18.01907743138784,18.134414672851562,64800,0.0,0.0
2024-06-27 00:00:00-04:00,18.223136142122897,18.373958909334174,18.11667112103976,18.214263916015625,41100,0.0,0.0
2024-06-28 00:00:00-04:00,18.214263125874492,18.276367013727192,17.930356979370117,17.930356979370117,148000,0.0,0.0
2024-07-01 00:00:00-04:00,17.9214895051879,18.17877732624209,17.841641152259694,18.15216064453125,44700,0.0,0.0
2024-07-02 00:00:00-04:00,18.10780208472185,18.33847492753285,18.10780208472185,18.232009887695312,13300,0.0,0.0
2024-07-03 00:00:00-04:00,18.329598763826787,18.44493600656736,18.107798196314647,18.39170265197754,21600,0.0,0.0
2024-07-05 00:00:00-04:00,18.34734473037828,18.49816919642894,18.178775811332443,18.409448623657227,22800,0.0,0.0
2024-07-08 00:00:00-04:00,18.42719474845595,18.514140206934584,18.26749804141925,18.45380973815918,59800,0.0,0.0
2024-07-09 00:00:00-04:00,18.462681575375168,18.480426029605297,18.33847378017286,18.471553802490234,21200,0.0,0.0
2024-07-10 00:00:00-04:00,18.471553178471492,18.542529300789948,18.258624811516125,18.53365707397461,30400,0.0,0.0
2024-07-11 00:00:00-04:00,18.595759957125374,18.61350440979004,18.453807720216336,18.61350440979004,18300,0.0,0.0
2024-07-12 00:00:00-04:00,18.631248862454704,18.657865541451702,18.542528291335522,18.61350440979004,18800,0.0,0.0
2024-07-15 00:00:00-04:00,18.613505286999757,18.613505286999757,18.453808589899932,18.46268081665039,9500,0.0,0.0
2024-07-16 00:00:00-04:00,18.46268093220295,18.63124985710826,18.46268093220295,18.578018188476562,16500,0.0,0.0
2024-07-17 00:00:00-04:00,18.586889266967773,18.648993158568622,18.542528135678502,18.586889266967773,84600,0.0,0.0
2024-07-18 00:00:00-04:00,18.56027258819421,18.737713728943035,18.54518997277627,18.586889266967773,41200,0.0,0.0
2024-07-19 00:00:00-04:00,18.5425286785575,18.63124925152943,18.52478422552228,18.595760345458984,46400,0.0,0.0
2024-07-22 00:00:00-04:00,18.595760189762533,18.605520823393107,18.54252852330674,18.56914520263672,10200,0.0,0.0
2024-07-23 00:00:00-04:00,18.569143637515843,18.569143637515843,18.27636695837974,18.32072639465332,45500,0.0,0.0
2024-07-24 00:00:00-04:00,18.338473772205536,18.338473772205536,18.214265977057188,18.240880966186523,8500,0.0,0.0
2024-07-25 00:00:00-04:00,18.35622036971294,18.45381149492247,18.205395875620592,18.427196502685547,8400,0.0,0.0
2024-07-26 00:00:00-04:00,18.54252854103839,18.54252854103839,18.498169100983503,18.524784088134766,7000,0.0,0.0
2024-07-29 00:00:00-04:00,18.524784183717532,18.524784183717532,18.39170417066205,18.409448623657227,7400,0.0,0.0
2024-07-30 00:00:00-04:00,18.27637128101928,18.37396240234375,18.169906239696452,18.37396240234375,30100,0.0,0.0
2024-07-31 00:00:00-04:00,18.409447686989125,18.409447686989125,17.912614873832105,18.098926544189453,208800,0.0,0.0
2024-08-01 00:00:00-04:00,18.125542733193388,18.347343301749934,17.965846053080032,18.2763671875,26200,0.0,0.0
2024-08-02 00:00:00-04:00,18.267496384104156,18.409448623657227,18.2320074781138,18.409448623657227,32200,0.0,0.0
2024-08-05 00:00:00-04:00,18.04569488011651,18.2009546054143,17.841638757666818,18.098926544189453,48400,0.0,0.0
2024-08-06 00:00:00-04:00,18.11667356168507,18.47155419276422,18.019080753561678,18.45380973815918,38200,0.0,0.0
2024-08-07 00:00:00-04:00,18.444938055353695,18.48929749690177,18.320728573051486,18.46268081665039,36600,0.0,0.0
2024-08-08 00:00:00-04:00,18.453811228208476,18.578020728268697,18.347347876390533,18.51591682434082,35200,0.0,0.0
2024-08-09 00:00:00-04:00,18.471550991658233,18.507039894718112,18.3739582004476,18.39170265197754,6700,0.0,0.0
2024-08-12 00:00:00-04:00,18.391704914275778,18.40057714113209,18.18764877319336,18.18764877319336,17000,0.0,0.0
2024-08-13 00:00:00-04:00,18.320727913470922,18.355328412009076,18.285240699950915,18.338472366333008,6900,0.0,0.0
2024-08-14 00:00:00-04:00,18.365087509155273,18.365087509155273,18.16102970272162,18.365087509155273,39700,0.0,0.0
2024-08-15 00:00:00-04:00,18.232008849905004,18.37396110013868,18.178777179118452,18.356218338012695,53700,0.0,0.0
2024-08-16 00:00:00-04:00,18.267497503253693,18.453809194504828,18.267497503253693,18.44493865966797,73000,0.0,0.0
2024-08-19 00:00:00-04:00,18.507041327435314,18.524784088134766,18.365089088614678,18.524784088134766,16900,0.0,0.0
2024-08-20 00:00:00-04:00,18.462679791561946,18.586889266967773,18.43606480499251,18.586889266967773,37000,0.0,0.0
2024-08-21 00:00:00-04:00,18.586891305995664,18.675610193898628,18.551402397071026,18.657867431640625,174800,0.0,0.0
2024-08-22 00:00:00-04:00,18.71996971078778,18.764329150902196,18.63124913835478,18.755456924438477,25200,0.0,0.0
2024-08-23 00:00:00-04:00,18.75545514801603,18.89740737358216,18.711095712103116,18.870792388916016,54900,0.0,0.0
2024-08-26 00:00:00-04:00,18.87079450163464,18.879666728251337,18.73771448679265,18.807802200317383,10000,0.0,0.0
2024-08-27 00:00:00-04:00,18.79981893241603,18.879667282104492,18.65786668679304,18.879667282104492,11600,0.0,0.0
2024-08-28 00:00:00-04:00,18.81756079964688,18.924025824906415,18.7022252401362,18.79981803894043,46900,0.0,0.0
2024-08-29 00:00:00-04:00,18.888539257237493,18.888539257237493,18.684481426195383,18.6933536529541,16200,0.0,0.0
2024-08-30 00:00:00-04:00,18.832249107922898,18.976559118673322,18.651864604993275,18.940481185913086,76300,0.344,0.0
2024-09-03 00:00:00-04:00,18.86832868587418,19.012636988916796,18.778135566399875,18.985578536987305,24200,0.0,0.0
2024-09-04 00:00:00-04:00,18.976558670113445,19.165962651756075,18.976558670113445,19.129884719848633,16100,0.0,0.0
2024-09-05 00:00:00-04:00,19.12086757761622,19.12988534059522,19.064947813519428,19.093809127807617,19600,0.0,0.0
2024-09-06 00:00:00-04:00,19.048713064031865,19.12086720850473,18.922442020986473,19.084789276123047,8900,0.0,0.0
2024-09-09 00:00:00-04:00,19.12087007377272,19.211061477661133,18.895388123470166,19.211061477661133,16500,0.0,0.0
2024-09-10 00:00:00-04:00,19.211059617775806,19.310272216796875,18.985577689302893,19.310272216796875,25500,0.0,0.0
2024-09-11 00:00:00-04:00,19.21105888465195,19.310271479886914,19.147924222335348,19.292232513427734,20500,0.0,0.0
2024-09-12 00:00:00-04:00,19.292232996624577,19.37340662743345,19.28321351316908,19.35536766052246,18300,0.0,0.0
2024-09-13 00:00:00-04:00,19.355367226898398,19.463599305648998,19.31929101417522,19.39144515991211,35100,0.0,0.0
2024-09-16 00:00:00-04:00,19.39144621815598,19.436541916593583,18.814213020759688,19.319292068481445,37200,0.0,0.0
2024-09-17 00:00:00-04:00,19.39144642064507,19.57183265686035,19.319292270217087,19.57183265686035,25700,0.0,0.0
2024-09-18 00:00:00-04:00,19.57183511057915,19.707123944556436,19.382429366778265,19.589872360229492,39900,0.0,0.0
2024-09-19 00:00:00-04:00,19.60790804434612,19.752216339111328,19.60790804434612,19.752216339111328,78300,0.0,0.0
2024-09-20 00:00:00-04:00,19.662025889223287,19.914566299429584,19.62594967078856,19.869470596313477,74400,0.0,0.0
2024-09-23 00:00:00-04:00,19.959658369272812,19.959658369272812,19.580848683063802,19.72515869140625,84300,0.0,0.0
2024-09-24 00:00:00-04:00,19.752217074890215,19.80633225737034,19.539362074139007,19.77025604248047,51900,0.0,0.0
2024-09-25 00:00:00-04:00,19.761235073069543,19.941621294829677,19.571831088482856,19.87848663330078,83900,0.0,0.0
2024-09-26 00:00:00-04:00,19.977697254754908,19.977697254754908,19.75221534054709,19.923582077026367,36100,0.0,0.0
2024-09-27 00:00:00-04:00,19.94162175529733,19.986717451633407,19.887504855345387,19.89201545715332,41000,0.0,0.0
2024-09-30 00:00:00-04:00,19.887506160901548,20.058872914751337,19.58085058887167,19.977699279785156,152700,0.0,0.0
2024-10-01 00:00:00-04:00,19.97769932325263,20.07691192626953,19.842410504778183,20.07691192626953,17900,0.0,0.0
2024-10-02 00:00:00-04:00,20.094950525900266,20.094950525900266,20.015579756824962,20.06789207458496,10500,0.0,0.0
2024-10-03 00:00:00-04:00,20.031814575195312,20.14004666251997,20.022796811518035,20.031814575195312,23900,0.0,0.0
2024-10-04 00:00:00-04:00,20.0318143402468,20.320432662963867,19.842410340013455,20.320432662963867,89700,0.0,0.0
2024-10-07 00:00:00-04:00,20.203179627644612,20.29337273943353,20.08592978652238,20.284353256225586,30200,0.0,0.0
2024-10-08 00:00:00-04:00,20.275333773017643,20.302392222641476,20.1761228983113,20.284353256225586,29400,0.0,0.0
2024-10-09 00:00:00-04:00,20.311415158202262,20.311415158202262,20.212202546342127,20.27533721923828,31400,0.0,0.0
2024-10-10 00:00:00-04:00,20.320431189057363,20.320431189057363,20.094949269730325,20.284353256225586,26000,0.0,0.0
2024-10-11 00:00:00-04:00,20.266317295898936,20.31141471862793,20.149067437385114,20.31141471862793,60500,0.0,0.0
2024-10-14 00:00:00-04:00,20.293375821286777,20.293375821286777,20.16710647778071,20.26631736755371,16900,0.0,0.0
2024-10-15 00:00:00-04:00,20.212199844531902,20.302392959594727,20.19416087746122,20.302392959594727,55900,0.0,0.0
2024-10-16 00:00:00-04:00,20.257297553901413,20.356510162353516,20.248279789761,20.356510162353516,21600,0.0,0.0
2024-10-17 00:00:00-04:00,20.329453687719525,20.329453687719525,20.24828004709812,20.31141471862793,12500,0.0,0.0
2024-10-18 00:00:00-04:00,20.29337327182814,20.464740016693828,20.203180157673014,20.446701049804688,72100,0.0,0.0
2024-10-21 00:00:00-04:00,20.338470022726142,20.41062417373125,20.293374323456945,20.374547958374023,47300,0.0,0.0
2024-10-22 00:00:00-04:00,20.374548325983888,20.482778694298982,20.248278989519385,20.383567810058594,111400,0.0,0.0
2024-10-23 00:00:00-04:00,20.320431878501285,20.320431878501285,20.17612358285904,20.20318031311035,36300,0.0,0.0
2024-10-24 00:00:00-04:00,20.122006478619497,20.428662033835852,20.122006478619497,20.347488403320312,26700,0.0,0.0
2024-10-25 00:00:00-04:00,20.419642434533063,20.419642434533063,20.24827741134213,20.293373107910156,21600,0.0,0.0
2024-10-28 00:00:00-04:00,20.38356718719386,20.41964340209961,20.29337406949354,20.41964340209961,7200,0.0,0.0
2024-10-29 00:00:00-04:00,20.37454710758687,20.41964280497299,20.248277778673266,20.302392959594727,15600,0.0,0.0
2024-10-30 00:00:00-04:00,20.42866357974806,20.42866357974806,20.29337475874788,20.338470458984375,8100,0.0,0.0
2024-10-31 00:00:00-04:00,20.437681401276492,20.437681401276492,20.293373107910156,20.293373107910156,207200,0.0,0.0
2024-11-01 00:00:00-04:00,20.311413726958754,20.338470458984375,20.167105421853137,20.338470458984375,27800,0.0,0.0
2024-11-04 00:00:00-05:00,20.338469768198383,20.47376030489418,20.295178654369614,20.41964340209961,29500,0.0,0.0
2024-11-05 00:00:00-05:00,20.338470066180438,20.50081733636146,20.338470066180438,20.4737606048584,19100,0.0,0.0
2024-11-06 00:00:00-05:00,20.39258894220909,20.428665161132812,20.29337632965991,20.428665161132812,36700,0.0,0.0
2024-11-07 00:00:00-05:00,20.47375776739423,20.654142260147534,20.2933715543505,20.600027084350586,235700,0.0,0.0
2024-11-08 00:00:00-05:00,20.60904674269627,20.83452865077765,20.60904674269627,20.753355026245117,87100,0.0,0.0
2024-11-11 00:00:00-05:00,20.74433851897701,21.014916159369132,20.74433851897701,20.93374252319336,72400,0.0,0.0
2024-11-12 00:00:00-05:00,20.9337425569034,20.96982049316881,20.773199869219965,20.78041648864746,178800,0.0,0.0
2024-11-13 00:00:00-05:00,20.780417403253324,20.996879869500866,20.61355952111793,20.80747413635254,65200,0.0,0.0
2024-11-14 00:00:00-05:00,20.879627812520916,20.879627812520916,20.500818075209796,20.744338989257812,45700,0.0,0.0
2024-11-15 00:00:00-05:00,20.825509578180675,21.01491355895996,20.563949733915408,21.01491355895996,43600,0.0,0.0
2024-11-18 00:00:00-05:00,20.996878573759005,20.996878573759005,20.663164550372866,20.77139663696289,118700,0.0,0.0
2024-11-19 00:00:00-05:00,20.690220995772428,20.771394622770917,20.572969436645508,20.572969436645508,130700,0.0,0.0
2024-11-20 00:00:00-05:00,20.672181539699515,20.672181539699515,20.437680147294728,20.50983428955078,211500,0.0,0.0
2024-11-21 00:00:00-05:00,20.509835394691553,20.870606125411395,20.464739698460527,20.536893844604492,17900,0.0,0.0
2024-11-22 00:00:00-05:00,20.536895016221724,20.56395174738769,20.446701898323663,20.518856048583984,39200,0.0,0.0
2024-11-25 00:00:00-05:00,20.572970908673923,20.7082597232547,20.517051142047997,20.60904884338379,37100,0.0,0.0
2024-11-26 00:00:00-05:00,20.690222543916825,20.717279274747177,20.51434691235705,20.56395149230957,20100,0.0,0.0
2024-11-27 00:00:00-05:00,20.54591497985138,20.7443384676284,20.482778591644863,20.58199119567871,23400,0.0,0.0
2024-11-29 00:00:00-05:00,20.686382999682397,20.86037254333496,20.64975288665242,20.86037254333496,199100,0.344,0.0
2024-12-02 00:00:00-05:00,20.759644418512377,20.832902908325195,20.640600027549105,20.832902908325195,123900,0.0,0.0
2024-12-03 00:00:00-05:00,20.750482949497446,21.180876277110453,20.658909417961535,21.02520179748535,39700,0.0,0.0
2024-12-04 00:00:00-05:00,20.924475412808317,21.025204739635466,20.81458681026405,20.906160354614258,15700,0.0,0.0
2024-12-05 00:00:00-05:00,20.906158679205724,20.906158679205724,20.814585142194176,20.82557487487793,23200,0.0,0.0
2024-12-06 00:00:00-05:00,20.823743479214635,20.924474548501067,20.75964252480327,20.878686904907227,26500,0.0,0.0
2024-12-09 00:00:00-05:00,20.878687595937233,20.878687595937233,20.631441298827344,20.814586639404297,25000,0.0,0.0
2024-12-10 00:00:00-05:00,20.887845124959092,20.887845124959092,20.64975461025099,20.814586639404297,19000,0.0,0.0
2024-12-11 00:00:00-05:00,20.741330239748372,20.805431202727767,20.658914216883367,20.668071746826172,17700,0.0,0.0
2024-12-12 00:00:00-05:00,20.631440252298002,20.649753562792707,20.5490242419019,20.603967666625977,24500,0.0,0.0
2024-12-13 00:00:00-05:00,20.695541904834727,20.695541904834727,20.521552349606466,20.58565330505371,24300,0.0,0.0
2024-12-16 00:00:00-05:00,20.558183505415496,20.585654346785876,20.4757674880641,20.51239585876465,15200,0.0,0.0
2024-12-17 00:00:00-05:00,20.43913788117165,20.603969919990806,20.43913788117165,20.549026489257812,21100,0.0,0.0
2024-12-18 00:00:00-05:00,20.539866358776504,20.631439896149164,20.347561755631915,20.420820236206055,50000,0.0,0.0
2024-12-19 00:00:00-05:00,20.37503675218502,20.565509173543905,20.283463203974765,20.411666870117188,41800,0.0,0.0
2024-12-20 00:00:00-05:00,20.375033994151426,20.603966960377846,20.32009057131066,20.429977416992188,17000,0.0,0.0
2024-12-23 00:00:00-05:00,20.384193768876695,20.439137197772613,20.301777752222765,20.375036239624023,19200,0.0,0.0
2024-12-24 00:00:00-05:00,20.283460608070072,20.338404031316433,20.10947106340002,20.237674713134766,27200,0.0,0.0
2024-12-26 00:00:00-05:00,20.237675925946583,20.237675925946583,19.99042788659089,20.06368637084961,31400,0.0,0.0
2024-12-27 00:00:00-05:00,19.96295530001136,20.109472268528794,19.95654520447147,20.06368637084961,31300,0.0,0.0
2024-12-30 00:00:00-05:00,20.063686031597427,20.320091595477464,20.00416296832492,20.31093406677246,27600,0.0,0.0
2024-12-31 00:00:00-05:00,20.31093236361263,20.494077682495117,20.201043774987248,20.494077682495117,315300,0.0,0.0
2025-01-02 00:00:00-05:00,20.429980354347258,20.695543471729255,20.349396539486737,20.594812393188477,22200,0.0,0.0
2025-01-03 00:00:00-05:00,20.64975469807629,20.79627166980903,20.603968799392337,20.76422119140625,245700,0.0,0.0
2025-01-06 00:00:00-05:00,20.759644252076644,20.83290274130213,20.640599862067788,20.741329193115234,41400,0.0,0.0
2025-01-07 00:00:00-05:00,20.677226148464737,20.73216957318881,20.5490242419019,20.603967666625977,25000,0.0,0.0
2025-01-08 00:00:00-05:00,20.576495759024553,20.576495759024553,20.23859115323733,20.255990982055664,118400,0.0,0.0
2025-01-10 00:00:00-05:00,20.054530932245864,20.118631894325894,19.80728286711985,19.917171478271484,43700,0.0,0.0
2025-01-13 00:00:00-05:00,19.779812022824643,19.87138557434082,19.532563957717034,19.87138557434082,53300,0.0,0.0
2025-01-14 00:00:00-05:00,19.88053996802726,19.990428571490295,19.88053996802726,19.953800201416016,11700,0.0,0.0
2025-01-15 00:00:00-05:00,20.14610220928482,20.33840507381402,20.14610220928482,20.164417266845703,29100,0.0,0.0
2025-01-16 00:00:00-05:00,20.10031768898092,20.329250684315006,20.10031768898092,20.320093154907227,13600,0.0,0.0
2025-01-17 00:00:00-05:00,20.33840334402418,20.439134405421793,20.14610049585042,20.301774978637695,17200,0.0,0.0
2025-01-21 00:00:00-05:00,20.301776373218267,20.539866877755017,20.28346131595698,20.45745086669922,52100,0.0,0.0
2025-01-22 00:00:00-05:00,20.429977236789053,20.462027712048457,20.283460279426095,20.338403701782227,37500,0.0,0.0
2025-01-23 00:00:00-05:00,20.338405080504675,20.338405080504675,20.19188811320946,20.210203170776367,36700,0.0,0.0
2025-01-24 00:00:00-05:00,20.210202822936658,20.24683293744003,20.082000915414845,20.2193603515625,9400,0.0,0.0
2025-01-27 00:00:00-05:00,20.20104667706349,20.48492484403597,20.05452970226097,20.375036239624023,18400,0.0,0.0
2025-01-28 00:00:00-05:00,20.37503381443292,20.402506398920938,20.26514522310075,20.338403701782227,6600,0.0,0.0
2025-01-29 00:00:00-05:00,20.375036770114836,20.4592832468407,20.265148162841797,20.265148162841797,15900,0.0,0.0
2025-01-30 00:00:00-05:00,20.365876456583013,20.4849225770734,20.301775505528155,20.384191513061523,13700,0.0,0.0
2025-01-31 00:00:00-05:00,20.48492484403597,20.56459342725209,20.356721181118683,20.375036239624023,59900,0.0,0.0
2025-02-03 00:00:00-05:00,20.37503345603054,20.42081934941861,20.210201445241673,20.301774978637695,13600,0.0,0.0
2025-02-04 00:00:00-05:00,20.301776538067458,20.375035021087466,20.210202997637445,20.31093406677246,14500,0.0,0.0
2025-02-05 00:00:00-05:00,20.310933043067216,20.493163139238032,20.273387701255057,20.429977416992188,16600,0.0,0.0
2025-02-06 00:00:00-05:00,20.46660787820236,20.50323624517946,20.357636259505067,20.420820236206055,12100,0.0,0.0
2025-02-07 00:00:00-05:00,20.301777234219212,20.34756313269422,20.273389418246282,20.292619705200195,7300,0.0,0.0
2025-02-10 00:00:00-05:00,20.42081934941861,20.42081934941861,20.219358973243263,20.301774978637695,4800,0.0,0.0
2025-02-11 00:00:00-05:00,20.365877492382463,20.428147988928476,20.25141100349995,20.31093406677246,9800,0.0,0.0
2025-02-12 00:00:00-05:00,20.127787505080626,20.310934590664676,20.01790065102624,20.201045989990234,16500,0.0,0.0
2025-02-13 00:00:00-05:00,20.201044272581942,20.356718758107572,20.201044272581942,20.338403701782227,8300,0.0,0.0
2025-02-14 00:00:00-05:00,20.338403525348262,20.49407800952343,20.338403525348262,20.393348693847656,13100,0.0,0.0
2025-02-18 00:00:00-05:00,20.411666537011744,20.411666537011744,20.265147814294334,20.27430534362793,8800,0.0,0.0
2025-02-19 00:00:00-05:00,20.255991512897836,20.320092469971488,20.091159482354115,20.1918888092041,17400,0.0,0.0
2025-02-20 00:00:00-05:00,20.228518053397462,20.228518053397462,20.05452850125663,20.118629455566406,9600,0.0,0.0
2025-02-21 00:00:00-05:00,20.118631184224515,20.2743056923329,20.118631184224515,20.265148162841797,36200,0.0,0.0
2025-02-24 00:00:00-05:00,20.274304641699107,20.30177722874875,20.228518743236435,20.24683380126953,6300,0.0,0.0
2025-02-25 00:00:00-05:00,20.347560728741183,20.610376366014485,20.347560728741183,20.494077682495117,34200,0.0,0.0
2025-02-26 00:00:00-05:00,20.640596382868914,20.640596382868914,20.43180893779062,20.494077682495117,9400,0.0,0.0
2025-02-27 00:00:00-05:00,20.420820759544352,20.514226503638618,20.39060248701032,20.503236770629883,8200,0.0,0.0
2025-02-28 00:00:00-05:00,20.47905757757495,20.878966788519804,20.455807413330817,20.55345916748047,56000,0.344,0.0
2025-03-03 00:00:00-05:00,20.534857682728465,20.730162958778404,20.413955768125188,20.497657775878906,14700,0.0,0.0
2025-03-04 00:00:00-05:00,20.497658719255295,20.627861060031787,20.38605544582269,20.451156616210938,29400,0.0,0.0
2025-03-05 00:00:00-05:00,20.544158022752665,20.562758863041754,20.320953260904876,20.413955688476562,17700,0.0,0.0
2025-03-06 00:00:00-05:00,20.25585113276766,20.413954719976484,20.25585113276766,20.36745262145996,21600,0.0,0.0
2025-03-07 00:00:00-05:00,20.302354099575382,20.418606700185382,20.162851333618164,20.162851333618164,25400,0.0,0.0
2025-03-10 00:00:00-04:00,20.16285222985743,20.293054580688477,20.060549369133614,20.293054580688477,31400,0.0,0.0
2025-03-11 00:00:00-04:00,20.25585441005197,20.27445347859413,20.07914995484674,20.218652725219727,21400,0.0,0.0
2025-03-12 00:00:00-04:00,20.172150907423532,20.534858438455558,20.172150907423532,20.46045684814453,26200,0.0,0.0
2025-03-13 00:00:00-04:00,20.46045593483813,20.46045593483813,20.209349913544507,20.33025360107422,15700,0.0,0.0
2025-03-14 00:00:00-04:00,20.227950246965918,20.395354256967497,20.227950246965918,20.348852157592773,17500,0.0,0.0
2025-03-17 00:00:00-04:00,20.265153338780777,20.46975726866764,20.260502241582305,20.46045684814453,34300,0.0,0.0
2025-03-18 00:00:00-04:00,20.36745464185762,20.41395674498703,20.218651459591218,20.274452209472656,54500,0.0,0.0
2025-03-19 00:00:00-04:00,20.348852855849096,20.348852855849096,20.24655178146174,20.320953369140625,28000,0.0,0.0
2025-03-20 00:00:00-04:00,20.320953340190634,20.702261698235905,20.279102336313777,20.497657775878906,132700,0.0,0.0
2025-03-21 00:00:00-04:00,20.59065971755718,20.719003040655217,20.36001531382023,20.60926055908203,64000,0.0,0.0
2025-03-24 00:00:00-04:00,20.683661660118908,20.82316442049466,20.506957217576907,20.720863342285156,24900,0.0,0.0
2025-03-25 00:00:00-04:00,20.72086119887607,20.869664364400872,20.59995751821613,20.813861846923828,67000,0.0,0.0
2025-03-26 00:00:00-04:00,20.804565353285376,20.82316442049466,20.506957217576907,20.720863342285156,90000,0.0,0.0
2025-03-27 00:00:00-04:00,20.69296181505352,20.84176499406085,20.4790574669647,20.646461486816406,57300,0.0,0.0
2025-03-28 00:00:00-04:00,20.646463134136237,20.767365061523417,20.5339303440851,20.57206153869629,29600,0.0,0.0
2025-03-31 00:00:00-04:00,20.516259011710858,20.81851649098975,20.246553893443778,20.57206153869629,348500,0.0,0.0
2025-04-01 00:00:00-04:00,20.599960212399555,20.785965080569195,20.576710047346822,20.692962646484375,54500,0.0,0.0
2025-04-02 00:00:00-04:00,20.618561127540712,20.815725437044378,20.618561127540712,20.77666473388672,21800,0.0,0.0
2025-04-03 00:00:00-04:00,20.590658808485887,20.68366123813023,20.395355302719192,20.47905731201172,16400,0.0,0.0
2025-04-04 00:00:00-04:00,20.339556469147077,20.339556469147077,19.7257410852624,19.87454605102539,63800,0.0,0.0
2025-04-07 00:00:00-04:00,19.530436493462492,19.530436493462492,18.87942123413086,18.87942123413086,46000,0.0,0.0
2025-04-08 00:00:00-04:00,18.94452458854843,19.242130962488744,18.94452458854843,19.121227264404297,26000,0.0,0.0
2025-04-09 00:00:00-04:00,18.88872064867908,19.809440964317925,18.88872064867908,19.623437881469727,35700,0.0,0.0
2025-04-10 00:00:00-04:00,19.502533681731194,19.502533681731194,19.25142943776803,19.297929763793945,34300,0.0,0.0
2025-04-11 00:00:00-04:00,19.270028503854157,19.316530603753804,19.028222905997193,19.297929763793945,17500,0.0,0.0
2025-04-14 00:00:00-04:00,19.29793024013778,19.874543876010215,19.29793024013778,19.800142288208008,32300,0.0,0.0
2025-04-15 00:00:00-04:00,19.586238033010062,19.679240470072102,19.502536017041624,19.539737701416016,13800,0.0,0.0
2025-04-16 00:00:00-04:00,19.437433546862287,19.596466657045884,19.437433546862287,19.553686141967773,15000,0.0,0.0
2025-04-17 00:00:00-04:00,19.53043564059511,19.614137649536133,19.53043564059511,19.614137649536133,8000,0.0,0.0
2025-04-21 00:00:00-04:00,19.46533428541818,19.632738301693205,19.390932697504148,19.623437881469727,21800,0.0,0.0
2025-04-22 00:00:00-04:00,19.679239349272308,19.809441689419327,19.623438599762707,19.762941360473633,9400,0.0,0.0
2025-04-23 00:00:00-04:00,19.88384270413785,20.218650739245717,19.88384270413785,20.13494873046875,76100,0.0,0.0
2025-04-24 00:00:00-04:00,20.08844962521395,20.30235398338241,20.08844962521395,20.2558536529541,24500,0.0,0.0
2025-04-25 00:00:00-04:00,20.348853344450823,20.348853344450823,20.181451098559126,20.2093505859375,37200,0.0,0.0
2025-04-28 00:00:00-04:00,20.274451985430048,20.46975726866764,20.23725207721145,20.46045684814453,21100,0.0,0.0
2025-04-29 00:00:00-04:00,20.506957176886235,20.544158858978665,20.4232551660521,20.46045684814453,23700,0.0,0.0
2025-04-30 00:00:00-04:00,20.330254659495754,20.711563034404737,20.246552648040236,20.62786102294922,51900,0.0,0.0
2025-05-01 00:00:00-04:00,20.61855938123851,20.73946129402846,20.451155368241846,20.72551155090332,24500,0.0,0.0
2025-05-02 00:00:00-04:00,20.702263887247707,20.702263887247707,20.57206153869629,20.57206153869629,5600,0.0,0.0
2025-05-05 00:00:00-04:00,20.59065918772037,20.618560449289692,20.46045684814453,20.46045684814453,9500,0.0,0.0
2025-05-06 00:00:00-04:00,20.432554781176005,20.63716047687167,20.432554781176005,20.581357955932617,7700,0.0,0.0
2025-05-07 00:00:00-04:00,20.581358309311906,20.581358309311906,20.339554476585995,20.395355224609375,64100,0.0,0.0
2025-05-08 00:00:00-04:00,20.376755062483504,20.40465632436115,20.255853142094747,20.274452209472656,9200,0.0,0.0
2025-05-09 00:00:00-04:00,20.274451644173745,20.311653325640002,20.274451644173745,20.302352905273438,7100,0.0,0.0
2025-05-12 00:00:00-04:00,20.376753041163266,20.51625578896548,20.339553136223724,20.36745262145996,8300,0.0,0.0
2025-05-13 00:00:00-04:00,20.311652251966706,20.400003579968114,20.311652251966706,20.348852157592773,9000,0.0,0.0
2025-05-14 00:00:00-04:00,20.348852855849096,20.451155704110224,20.293052108558378,20.320953369140625,10200,0.0,0.0
2025-05-15 00:00:00-04:00,20.348851969737282,20.41395490826088,20.24840991943833,20.358152389526367,12100,0.0,0.0
2025-05-16 00:00:00-04:00,20.339555565896227,20.55345992300326,20.235391917100497,20.516258239746094,20900,0.0,0.0
2025-05-19 00:00:00-04:00,20.451156205698148,20.702262235475704,20.451156205698148,20.646461486816406,12800,0.0,0.0
2025-05-20 00:00:00-04:00,20.646461486816406,20.68831249177933,20.460456626120333,20.646461486816406,32100,0.0,0.0
2025-05-21 00:00:00-04:00,20.58135768686951,20.878965806365827,20.367453347687505,20.506956100463867,155100,0.0,0.0
2025-05-22 00:00:00-04:00,20.506957653998118,20.506957653998118,20.172151376745862,20.18145179748535,101400,0.0,0.0
2025-05-23 00:00:00-04:00,20.18144973515483,20.460455233332613,20.18144973515483,20.358152389526367,30600,0.0,0.0
2025-05-27 00:00:00-04:00,20.413955714736755,20.581357955932617,20.413955714736755,20.581357955932617,14400,0.0,0.0
2025-05-28 00:00:00-04:00,20.469756194197917,20.544157780603562,20.456735960923773,20.506956100463867,21700,0.0,0.0
2025-05-29 00:00:00-04:00,20.637161936457993,20.637161936457993,20.391636503357148,20.516258239746094,18300,0.0,0.0
2025-05-30 00:00:00-04:00,20.58617066685612,20.926280553431855,20.58617066685612,20.85070037841797,117100,0.344,0.0
2025-06-02 00:00:00-04:00,20.79401462590894,20.80346237254542,20.633406537035626,20.78456687927246,59600,0.0,0.0
2025-06-03 00:00:00-04:00,20.737330635834205,20.79401531555966,20.737330635834205,20.746776580810547,25200,0.0,0.0
2025-06-04 00:00:00-04:00,20.690092314363167,20.690092314363167,20.55782745837067,20.605064392089844,55900,0.0,0.0
2025-06-05 00:00:00-04:00,20.55782764529573,20.567275392520177,20.501142963922607,20.54837989807129,69700,0.0,0.0
2025-06-06 00:00:00-04:00,20.5011425422378,20.520036234324536,20.42556236797039,20.47279930114746,51700,0.0,0.0
2025-06-09 00:00:00-04:00,20.40666687391016,20.520036234324536,20.387771379849934,20.47279930114746,51800,0.0,0.0
2025-06-10 00:00:00-04:00,20.321640200844318,20.501143801495274,20.321640200844318,20.482248306274414,121800,0.0,0.0
2025-06-11 00:00:00-04:00,20.482248158955535,20.54838058977928,20.47280041141306,20.510589599609375,34500,0.0,0.0
2025-06-12 00:00:00-04:00,20.510589179503707,20.510589179503707,20.40666756261221,20.435009002685547,35900,0.0,0.0
2025-06-13 00:00:00-04:00,20.12323735688449,20.12323735688449,19.934287845789825,19.9909725189209,8800,0.0,0.0
2025-06-16 00:00:00-04:00,19.934289771260318,19.990974449866613,19.52804567030607,19.745338439941406,10800,0.0,0.0
2025-06-17 00:00:00-04:00,19.745338585131268,19.745338585131268,19.632913461176297,19.716997146606445,4300,0.0,0.0
2025-06-18 00:00:00-04:00,19.72644401346373,19.760456264046063,19.66975933179123,19.70282554626465,7700,0.0,0.0
2025-06-20 00:00:00-04:00,19.726442930242985,19.726442930242985,19.490254667274698,19.528045654296875,6800,0.0,0.0
2025-06-23 00:00:00-04:00,19.386333887192123,19.5138757708942,19.357990645711602,19.4619140625,7800,0.0,0.0
2025-06-24 00:00:00-04:00,19.509150121298358,19.688653705343498,19.461913189589687,19.55638885498047,14800,0.0,0.0
2025-06-25 00:00:00-04:00,19.594178544496504,19.7075497062794,19.480809184687097,19.57528305053711,15500,0.0,0.0
2025-06-26 00:00:00-04:00,19.67920684814453,19.698102342471486,19.63196991430066,19.67920684814453,6200,0.0,0.0
2025-06-27 00:00:00-04:00,19.67920730770706,19.72644424265404,19.509151458740234,19.509151458740234,14100,0.0,0.0
2025-06-30 00:00:00-04:00,19.509151225647965,19.82091967770433,19.320201686144024,19.37688636779785,93900,0.0,0.0
2025-07-01 00:00:00-04:00,19.178486653715307,19.40522897688454,18.904509199677165,18.923404693603516,7800,0.0,0.0
2025-07-02 00:00:00-04:00,19.244620498589548,19.655587572436037,19.244620498589548,19.49970245361328,27400,0.0,0.0
2025-07-03 00:00:00-04:00,19.575283214822214,20.302743520602814,19.575283214822214,19.98152732849121,20200,0.0,0.0
2025-07-07 00:00:00-04:00,19.962632021088563,19.962632021088563,19.905947340177946,19.924842834472656,3000,0.0,0.0
2025-07-08 00:00:00-04:00,19.924842238967614,20.1326872640769,19.905946745237642,20.123239517211914,12100,0.0,0.0
2025-07-09 00:00:00-04:00,20.06655660762023,20.42556381225586,20.06655660762023,20.42556381225586,7200,0.0,0.0
2025-07-10 00:00:00-04:00,20.26495528976585,20.34998321533203,20.246059794757016,20.34998321533203,5900,0.0,0.0
2025-07-11 00:00:00-04:00,20.49169355100995,20.51058724194951,20.217714309692383,20.217714309692383,7000,0.0,0.0
2025-07-14 00:00:00-04:00,20.349981811807872,20.36887550354004,20.255506145253193,20.36887550354004,10100,0.0,0.0
2025-07-15 00:00:00-04:00,20.32163829164475,20.32163829164475,20.217714879667138,20.26495361328125,10800,0.0,0.0
2025-07-16 00:00:00-04:00,20.31218971240693,20.331085205078125,20.227161797359916,20.331085205078125,5800,0.0,0.0
2025-07-17 00:00:00-04:00,20.26495346862349,20.29329490661621,20.227162482001965,20.29329490661621,5700,0.0,0.0
2025-07-18 00:00:00-04:00,20.274400207580456,20.29329570163147,20.25550651550293,20.25550651550293,3300,0.0,0.0
2025-07-21 00:00:00-04:00,20.094899102888583,20.204489728556347,19.990975684049918,20.000423431396484,47000,0.0,0.0
2025-07-22 00:00:00-04:00,20.009870158779016,20.123239517211914,19.953185479562567,20.123239517211914,4300,0.0,0.0
2025-07-23 00:00:00-04:00,20.028766490190424,20.31219170010008,19.91539532504244,20.27440071105957,10900,0.0,0.0
2025-07-24 00:00:00-04:00,20.20826674641098,20.236609986037312,20.104345138394564,20.161029815673828,7900,0.0,0.0
2025-07-25 00:00:00-04:00,20.161030478698517,20.4539034232419,20.076002558996656,20.36887550354004,10400,0.0,0.0
2025-07-28 00:00:00-04:00,20.132688030063466,20.55782764529573,20.123240282839024,20.54837989807129,11000,0.0,0.0
2025-07-29 00:00:00-04:00,20.48224811860697,21.067994049297912,20.246059836431105,20.321640014648438,59100,0.0,0.0
2025-07-30 00:00:00-04:00,20.340535508226893,20.53893280029297,20.127021459729008,20.53893280029297,14200,0.0,0.0
2025-07-31 00:00:00-04:00,20.302742648869305,21.27583893048152,20.18464851866278,21.219152450561523,65900,0.0,0.0
2025-08-01 00:00:00-04:00,21.275839923388023,21.34197235107422,21.07744083835594,21.34197235107422,8200,0.0,0.0
2025-08-04 00:00:00-04:00,21.209704996251162,21.209704996251162,20.699537525123606,21.077438354492188,16600,0.0,0.0
2025-08-05 00:00:00-04:00,21.011307411561983,21.058546144786952,20.586169624377806,21.001859664916992,12000,0.0,0.0
2025-08-06 00:00:00-04:00,20.964069585957052,21.049097500161178,20.60506243665668,20.87904167175293,24900,0.0,0.0
2025-08-07 00:00:00-04:00,20.727882462649397,20.831804073013505,19.433569988714872,19.528045654296875,33300,0.0,0.0
2025-08-08 00:00:00-04:00,19.669759684864808,19.764235357330513,18.469922789089548,18.554950714111328,58100,0.0,0.0
2025-08-11 00:00:00-04:00,18.55494965777706,18.706110004327194,16.646549832088233,17.345666885375977,41300,0.0,0.0
2025-08-12 00:00:00-04:00,17.477933377031018,17.525170314017323,16.83739121331276,16.96776580810547,37000,0.0,0.0
2025-08-13 00:00:00-04:00,16.911081641213187,17.355116791166616,16.911081641213187,17.04334831237793,35900,0.0,0.0
2025-08-14 00:00:00-04:00,17.10947913072341,17.10947913072341,16.155278288333477,16.4670467376709,167100,0.0,0.0
2025-08-15 00:00:00-04:00,16.460432684433638,16.460432684433638,15.730137900256013,16.28754234313965,77200,0.0,0.0
2025-08-18 00:00:00-04:00,16.382018891370304,16.382018891370304,15.862405407375011,16.19306755065918,36200,0.0,0.0
2025-08-19 00:00:00-04:00,16.268648978023087,16.5851422277646,16.112765641622506,16.419809341430664,39600,0.0,0.0
2025-08-20 00:00:00-04:00,16.174173114676368,16.259199231917027,15.626216414170685,15.890746116638184,80300,0.0,0.0
2025-08-21 00:00:00-04:00,16.032458021444537,16.06080126061486,15.616767992120037,15.928536415100098,79700,0.0,0.0
2025-08-22 00:00:00-04:00,15.928538248263854,16.438703998229375,15.928538248263854,16.268648147583008,75700,0.0,0.0
2025-08-25 00:00:00-04:00,16.17511801683797,16.8638431097343,16.108039552389307,16.4670467376709,194200,0.0,0.0
2025-08-26 00:00:00-04:00,16.3914661921172,16.65599589953903,16.31588601828618,16.580415725708008,212400,0.0,0.0
2025-08-27 00:00:00-04:00,16.49538855724306,16.911080433259794,16.49538855724306,16.78826332092285,202000,0.0,0.0
2025-08-28 00:00:00-04:00,16.778813730709885,16.996106491272812,16.72212905447029,16.977210998535156,76700,0.0,0.0
2025-08-29 00:00:00-04:00,17.00996294221991,17.80941187009486,17.000330806083813,17.298919677734375,1532300,0.344,0.0
2025-09-02 00:00:00-04:00,17.298919974475126,18.011683363635967,17.241128993809326,17.770885467529297,61900,0.0,0.0
2025-09-03 00:00:00-04:00,17.95388930574334,18.242847863398115,17.823858230369993,18.107999801635742,33200,0.0,0.0
2025-09-04 00:00:00-04:00,18.194685509161893,18.194685509161893,17.72272192932494,18.04057502746582,13800,0.0,0.0
2025-09-05 00:00:00-04:00,18.10799885491349,18.425851965716333,17.895134731054902,18.396957397460938,21400,0.0,0.0
2025-09-08 00:00:00-04:00,18.483646494550413,18.666651567651176,18.35843056333189,18.445117950439453,17400,0.0,0.0
2025-09-09 00:00:00-04:00,18.271741600049616,18.348796844482422,18.175423922365063,18.348796844482422,9800,0.0,0.0
2025-09-10 00:00:00-04:00,18.36806269935963,18.551069609602497,18.36806269935963,18.445117950439453,20300,0.0,0.0
2025-09-11 00:00:00-04:00,18.464380832323904,19.01339968457513,18.464380832323904,18.84965705871582,49700,0.0,0.0
2025-09-12 00:00:00-04:00,18.705178654476725,19.167510124936275,18.705178654476725,18.868921279907227,26800,0.0,0.0
2025-09-15 00:00:00-04:00,19.02303177006041,19.196406530768233,18.76296962899868,18.868921279907227,9800,0.0,0.0
2025-09-16 00:00:00-04:00,18.743705358444043,18.878553415184545,18.72444292503136,18.868921279907227,4900,0.0,0.0
2025-09-17 00:00:00-04:00,18.74370538297439,18.878553439891373,18.685914408376803,18.859289169311523,22700,0.0,0.0
2025-09-18 00:00:00-04:00,18.801498487618773,18.801498487618773,18.73407537668089,18.772602081298828,1600,0.0,0.0
2025-09-19 00:00:00-04:00,18.762970115704164,18.88336905408082,18.531804374478025,18.73407554626465,10900,0.0,0.0
2025-09-22 00:00:00-04:00,18.599227510790975,18.724443435668945,18.56070080577299,18.724443435668945,23200,0.0,0.0
2025-09-23 00:00:00-04:00,18.666649957410495,18.724442768591555,18.300638005640145,18.348796844482422,15400,0.0,0.0
2025-09-24 00:00:00-04:00,18.348798259971417,18.348798259971417,17.655301006577403,17.944257736206055,32900,0.0,0.0
2025-09-25 00:00:00-04:00,18.02131066166505,18.154231548488706,17.819041344448053,18.079103469848633,34300,0.0,0.0
2025-09-26 00:00:00-04:00,17.982785297878593,18.300638417968152,17.90573005170967,18.242847442626953,41500,0.0,0.0
2025-09-29 00:00:00-04:00,18.011681826962857,18.252479702525772,18.011681826962857,18.194686889648438,11400,0.0,0.0
2025-09-30 00:00:00-04:00,18.040576809292567,18.233215849010104,17.89609844807543,18.08873748779297,639700,0.0,0.0
2025-10-01 00:00:00-04:00,18.117631593449463,18.26210995096404,17.982785371388122,18.213951110839844,38500,0.0,0.0
2025-10-02 00:00:00-04:00,18.021310924965757,18.24573617612146,17.732354228393422,18.00204849243164,32000,0.0,0.0
2025-10-03 00:00:00-04:00,18.098368664066708,18.098368664066708,17.741987010624296,17.79977798461914,25000,0.0,0.0
2025-10-06 00:00:00-04:00,18.079104889778726,18.079104889778726,17.59750913994216,17.664932250976562,10000,0.0,0.0
2025-10-07 00:00:00-04:00,18.088737430906843,18.088737430906843,17.337447382941576,17.539716720581055,21900,0.0,0.0
2025-10-08 00:00:00-04:00,17.530086567642147,17.63122123730182,17.395238504287207,17.510822296142578,27100,0.0,0.0
2025-10-09 00:00:00-04:00,17.59750973136149,17.616774002916465,17.385606418540853,17.491558074951172,17900,0.0,0.0
2025-10-10 00:00:00-04:00,17.443397259032594,17.732353951086083,17.385604450908424,17.52045249938965,34600,0.0,0.0
2025-10-13 00:00:00-04:00,17.597509065773917,17.70827586731244,17.597509065773917,17.693828582763672,1000,0.0,0.0
2025-10-14 00:00:00-04:00,17.549348005379766,17.790145874023438,17.549348005379766,17.790145874023438,900,0.0,0.0
2025-10-15 00:00:00-04:00,17.819042304292175,17.819042304292175,17.530085596376647,17.780513763427734,7400,0.0,0.0
2025-10-16 00:00:00-04:00,17.780513763427734,17.780513763427734,17.780513763427734,17.780513763427734,1400,0.0,0.0
2025-10-17 00:00:00-04:00,17.722724486742745,17.90573139909322,17.40487134273514,17.857572555541992,58100,0.0,0.0
2025-10-20 00:00:00-04:00,17.86720182354157,18.21395135595658,17.86720182354157,18.146528244018555,11900,0.0,0.0
2025-10-21 00:00:00-04:00,18.64738832288357,18.64738832288357,18.12726402282715,18.12726402282715,2100,0.0,0.0
2025-10-22 00:00:00-04:00,18.24284637653559,18.24284637653559,17.897059532810626,17.992416381835938,3600,0.0,0.0
2025-10-23 00:00:00-04:00,17.92499325086956,18.065619112648903,17.92499325086956,18.00204849243164,3900,0.0,0.0
2025-10-24 00:00:00-04:00,18.04057663948441,18.12726402282715,18.030944503874995,18.12726402282715,3000,0.0,0.0
2025-10-27 00:00:00-04:00,18.146528344179856,18.146528344179856,18.021312418053512,18.107999801635742,1300,0.0,0.0
2025-10-28 00:00:00-04:00,17.780512900675504,18.059839296963293,17.780512900675504,18.04057502746582,2000,0.0,0.0
2025-10-29 00:00:00-04:00,17.92499337188594,17.963520074356147,17.841195819085712,17.953887939453125,4100,0.0,0.0
2025-10-30 00:00:00-04:00,17.756434782074393,17.896097990441074,17.39523796969697,17.664932250976562,15200,0.0,0.0
2025-10-31 00:00:00-04:00,17.681306797275756,17.698643906333544,17.481925450256163,17.62640380859375,5600,0.0,0.0
2025-11-03 00:00:00-05:00,17.693830214260846,17.81904431189377,17.4241359092502,17.770885467529297,3000,0.0,0.0
2025-11-04 00:00:00-05:00,17.626403392794487,18.00204932018129,17.568612418251117,17.76125144958496,2400,0.0,0.0
2025-11-05 00:00:00-05:00,17.695753423340435,17.83830645155585,17.695753423340435,17.82867431640625,1700,0.0,0.0
2025-11-06 00:00:00-05:00,17.72272352290229,18.00204994430632,17.568613027349034,17.578245162963867,5000,0.0,0.0
2025-11-07 00:00:00-05:00,17.568612684189663,17.68419647216797,17.42413432707327,17.68419647216797,3400,0.0,0.0
2025-11-10 00:00:00-05:00,17.674564955008098,17.674564955008098,17.433767072343525,17.501190185546875,4700,0.0,0.0
2025-11-11 00:00:00-05:00,17.549348831176758,17.587877373800865,17.481925718726597,17.549348831176758,3500,0.0,0.0
2025-11-12 00:00:00-05:00,17.481924057006836,17.549347163048186,17.347077844924133,17.481924057006836,20300,0.0,0.0
2025-11-13 00:00:00-05:00,17.481925989565017,17.481925989565017,17.173704992365163,17.472293853759766,13800,0.0,0.0
2025-11-14 00:00:00-05:00,17.539715561478726,17.539715561478726,17.32781410217285,17.32781410217285,700,0.0,0.0
2025-11-17 00:00:00-05:00,17.270022865466693,17.495408942949943,17.12554451645733,17.404869079589844,8300,0.0,0.0
2025-11-18 00:00:00-05:00,17.289287616255645,17.40486956382206,17.10917054687035,17.270023345947266,5500,0.0,0.0
2025-11-19 00:00:00-05:00,16.92327440552361,17.43376656323606,16.92327440552361,17.096649169921875,12000,0.0,0.0
2025-11-20 00:00:00-05:00,17.260392599727513,17.260392599727513,16.865484212337318,16.8751163482666,19200,0.0,0.0
2025-11-21 00:00:00-05:00,17.019594167479994,17.106281550923313,16.913642512795487,17.029226303100586,9800,0.0,0.0
2025-11-24 00:00:00-05:00,17.13517746784957,17.221863011672323,17.009961545504098,17.164072036743164,10300,0.0,0.0
2025-11-25 00:00:00-05:00,17.16407082136367,17.255575182092592,16.961801504863228,16.971433639526367,34000,0.0,0.0
2025-11-26 00:00:00-05:00,17.125545066099832,17.33744652897172,17.04848982167897,17.241127014160156,14700,0.0,0.0
2025-11-28 00:00:00-05:00,17.412006709761876,17.57895778395896,17.382545967523413,17.461111068725586,19600,0.344,0.0
2025-12-01 00:00:00-05:00,17.549495729864216,17.569135598841818,17.156668380078138,17.559314727783203,3700,0.0,0.0
2025-12-02 00:00:00-05:00,17.559314560556427,17.559314560556427,17.470930468149877,17.52985382080078,5600,0.0,0.0
2025-12-03 00:00:00-05:00,17.441468154413705,17.578956604003906,17.421826412146636,17.578956604003906,3000,0.0,0.0
2025-12-04 00:00:00-05:00,17.510212379208806,17.58877747513744,17.50039150807527,17.578956604003906,2200,0.0,0.0
2025-12-05 00:00:00-05:00,17.431648464789966,17.77537148520251,17.39236497759321,17.76555061340332,21100,0.0,0.0
2025-12-08 00:00:00-05:00,17.775369975509083,17.775369975509083,17.235233311267052,17.52985382080078,5200,0.0,0.0
2025-12-09 00:00:00-05:00,17.67716381067036,17.755728908236645,17.510212744199556,17.637880325317383,6900,0.0,0.0
2025-12-10 00:00:00-05:00,17.628061327118818,17.67716381067036,17.48075013018482,17.637880325317383,7500,0.0,0.0
2025-12-11 00:00:00-05:00,17.628062351561322,17.971783502676615,17.628062351561322,17.795013427734375,10500,0.0,0.0
2025-12-12 00:00:00-05:00,17.8293836925089,17.95214176892159,17.34326088573324,17.510211944580078,15300,0.0,0.0
2025-12-15 00:00:00-05:00,17.549496640446534,17.549496640446534,17.30398047066107,17.402185440063477,10300,0.0,0.0
2025-12-16 00:00:00-05:00,17.392364063218572,17.618240356445312,17.25487561153769,17.618240356445312,28400,0.0,0.0
2025-12-17 00:00:00-05:00,17.61824002137403,17.61824002137403,17.44637758690181,17.569135665893555,19300,0.0,0.0
2025-12-18 00:00:00-05:00,17.578956737808035,17.78519128690275,17.569135866599748,17.59859848022461,15300,0.0,0.0
2025-12-19 00:00:00-05:00,17.559314861736837,17.67716344219961,17.29415883368997,17.578956604003906,21200,0.0,0.0
2025-12-22 00:00:00-05:00,17.57895716974177,17.7557291095551,17.529854685633488,17.667343139648438,15100,0.0,0.0
2025-12-23 00:00:00-05:00,17.549495629913814,17.67716320666944,17.429682127564874,17.539674758911133,24700,0.0,0.0
2025-12-24 00:00:00-05:00,17.313799535256386,17.461110736202414,17.313799535256386,17.412006378173828,5800,0.0,0.0
2025-12-26 00:00:00-05:00,17.362903093523702,17.431647318457532,17.264696255129817,17.284337997436523,16800,0.0,0.0
2025-12-29 00:00:00-05:00,17.38745470330679,17.45128943058653,17.215594137330207,17.34326171875,9500,0.0,0.0
2025-12-30 00:00:00-05:00,17.343262282408393,17.510213354700014,17.14684859507481,17.43164825439453,58200,0.0,0.0
2025-12-31 00:00:00-05:00,17.40218520757894,17.500392048809076,17.254875882303583,17.362903594970703,107800,0.0,0.0
2026-01-02 00:00:00-05:00,17.4120055410131,17.72626592472764,17.4120055410131,17.578956604003906,5100,0.0,0.0
2026-01-05 00:00:00-05:00,17.628061593465343,17.981603601285517,17.628061593465343,17.67716407775879,11700,0.0,0.0
2026-01-06 00:00:00-05:00,17.647701396749245,17.775370852454294,17.57895716974177,17.667343139648438,4300,0.0,0.0
2026-01-07 00:00:00-05:00,17.6477019590451,17.785192290580504,17.6477019590451,17.75572967529297,1700,0.0,0.0
2026-01-08 00:00:00-05:00,17.686985148894866,17.8637570913702,17.43164810677936,17.706626892089844,11300,0.0,0.0
2026-01-09 00:00:00-05:00,17.84411423646415,18.01106529694073,17.716446659930114,17.834293365478516,3000,0.0,0.0
2026-01-12 00:00:00-05:00,17.87357846333604,17.91286007768595,17.706627387784426,17.785192489624023,9200,0.0,0.0
2026-01-13 00:00:00-05:00,17.961963017633376,17.961963017633376,17.785191084178454,17.86375617980957,8300,0.0,0.0
2026-01-14 00:00:00-05:00,18.001244628879117,18.001244628879117,17.667342504161958,17.86375617980957,7800,0.0,0.0
2026-01-15 00:00:00-05:00,18.089631101630346,18.089631101630346,17.775370710315023,17.94232177734375,2600,0.0,0.0
2026-01-16 00:00:00-05:00,17.961963752579866,17.981603622436523,17.883396780594403,17.981603622436523,1900,0.0,0.0
2026-01-20 00:00:00-05:00,17.90303928042467,18.10927384432546,17.78028119121747,18.09945297241211,40100,0.0,0.0
2026-01-21 00:00:00-05:00,18.050347729155117,18.56102180480957,18.050347729155117,18.56102180480957,15200,0.0,0.0
2026-01-22 00:00:00-05:00,18.502098283793135,18.54137989603214,18.274258938759928,18.53156089782715,1400,0.0,0.0
2026-01-23 00:00:00-05:00,17.971782739521405,18.482456818264236,17.971782739521405,18.27622413635254,5200,0.0,0.0
2026-01-26 00:00:00-05:00,18.315505981445312,18.433354567703404,18.109273296918314,18.315505981445312,4900,0.0,0.0
2026-01-27 00:00:00-05:00,18.36461053922292,18.63958745491566,18.111236544297785,18.344968795776367,5400,0.0,0.0
2026-01-28 00:00:00-05:00,18.295863939470866,18.56102184936718,18.069989515399055,18.266403198242188,6600,0.0,0.0
2026-01-29 00:00:00-05:00,18.256582841979466,18.462815528958824,17.971783181133965,18.05034828186035,6000,0.0,0.0
2026-01-30 00:00:00-05:00,18.05034798337183,18.168196569082493,17.99142462708636,18.001245498657227,8000,0.0,0.0
2026-02-02 00:00:00-05:00,18.079810864821905,18.079810864821905,17.971783149088342,18.040529251098633,1800,0.0,0.0
2026-02-03 00:00:00-05:00,18.138733652778946,18.29586384902076,17.92268010123138,17.9521427154541,5800,0.0,0.0
2026-02-04 00:00:00-05:00,18.05034798337183,18.05034798337183,17.89321778451743,18.001245498657227,4300,0.0,0.0
2026-02-05 00:00:00-05:00,17.952143310807184,18.20748035645288,17.952143310807184,18.05034828186035,3200,0.0,0.0
2026-02-06 00:00:00-05:00,18.168196367282405,18.168196367282405,17.87357771598776,17.971782684326172,5400,0.0,0.0
2026-02-09 00:00:00-05:00,17.97178331316664,18.069990158081055,17.942322570890152,18.069990158081055,1400,0.0,0.0
2026-02-10 00:00:00-05:00,18.06998918482284,18.21729850769043,18.06998918482284,18.21729850769043,5300,0.0,0.0
2026-02-11 00:00:00-05:00,18.217299500055265,18.45299667725032,18.217299500055265,18.37442970275879,10700,0.0,0.0
2026-02-12 00:00:00-05:00,18.31550521001393,18.580663113071648,18.31550521001393,18.492277145385742,5200,0.0,0.0
2026-02-13 00:00:00-05:00,18.37442955141791,18.659229212184655,18.37442955141791,18.6494083404541,4300,0.0,0.0
2026-02-17 00:00:00-05:00,18.767256994845077,18.767256994845077,18.570843305814808,18.659229278564453,6300,0.0,0.0
2026-02-18 00:00:00-05:00,18.590484146071983,18.85564205143743,18.590484146071983,18.81635856628418,1900,0.0,0.0
2026-02-19 00:00:00-05:00,18.66904960595524,18.973489129249156,18.66904960595524,18.875282287597656,2300,0.0,0.0
2026-02-20 00:00:00-05:00,18.737794310421307,18.993131355962763,18.737794310421307,18.948938369750977,3500,0.0,0.0
2026-02-23 00:00:00-05:00,18.963667821949198,19.02357457465315,18.806537628173828,18.806537628173828,5800,0.0,0.0
2026-02-24 00:00:00-05:00,18.74761536111778,18.95384804998167,18.74761536111778,18.856624603271484,3600,0.0,0.0
2026-02-25 00:00:00-05:00,18.855642914035414,18.953847885131836,18.855642914035414,18.953847885131836,2800,0.0,0.0
2026-02-26 00:00:00-05:00,18.904744668871157,18.904744668871157,18.786896085714915,18.836000442504883,4700,0.0,0.0
2026-02-27 00:00:00-05:00,19.010000228881836,19.010000228881836,18.510000228881836,18.700000762939453,17000,0.344,0.0
2026-03-02 00:00:00-05:00,18.770000457763672,19.076000213623047,18.739999771118164,18.940000534057617,3300,0.0,0.0
2026-03-03 00:00:00-05:00,18.8799991607666,19.0,18.799999237060547,18.799999237060547,3800,0.0,0.0
2026-03-04 00:00:00-05:00,18.780000686645508,18.799999237060547,18.600000381469727,18.790000915527344,10200,0.0,0.0
2026-03-05 00:00:00-05:00,18.65999984741211,18.84000015258789,18.65999984741211,18.764999389648438,1900,0.0,0.0
2026-03-06 00:00:00-05:00,18.75,18.799999237060547,18.3799991607666,18.65999984741211,4600,0.0,0.0
2026-03-09 00:00:00-04:00,18.59000015258789,18.6200008392334,18.40999984741211,18.549999237060547,3900,0.0,0.0
2026-03-10 00:00:00-04:00,18.56999969482422,18.600000381469727,18.56999969482422,18.600000381469727,400,0.0,0.0
2026-03-11 00:00:00-04:00,18.600000381469727,18.610000610351562,18.450000762939453,18.527999877929688,4600,0.0,0.0
2026-03-12 00:00:00-04:00,18.940000534057617,18.940000534057617,18.389999389648438,18.59000015258789,1800,0.0,0.0
2026-03-13 00:00:00-04:00,18.59000015258789,18.639999389648438,18.219999313354492,18.219999313354492,11000,0.0,0.0
2026-03-16 00:00:00-04:00,18.260000228881836,18.59000015258789,18.079999923706055,18.18000030517578,8900,0.0,0.0
2026-03-17 00:00:00-04:00,18.18000030517578,18.229999542236328,17.979999542236328,18.170000076293945,6100,0.0,0.0
2026-03-18 00:00:00-04:00,18.100000381469727,18.184999465942383,17.90999984741211,18.06999969482422,13400,0.0,0.0
2026-03-19 00:00:00-04:00,18.020000457763672,18.020000457763672,17.600000381469727,17.780000686645508,16900,0.0,0.0
2026-03-20 00:00:00-04:00,17.690000534057617,17.760000228881836,17.5,17.65999984741211,10600,0.0,0.0
2026-03-23 00:00:00-04:00,17.969999313354492,17.969999313354492,17.690000534057617,17.780000686645508,2900,0.0,0.0
2026-03-24 00:00:00-04:00,17.709999084472656,17.959999084472656,17.700000762939453,17.959999084472656,1600,0.0,0.0
2026-03-25 00:00:00-04:00,17.8799991607666,18.135000228881836,17.8799991607666,18.135000228881836,3100,0.0,0.0
2026-03-26 00:00:00-04:00,17.8700008392334,17.8700008392334,17.510000228881836,17.68000030517578,27600,0.0,0.0
2026-03-27 00:00:00-04:00,17.540000915527344,17.75,17.540000915527344,17.719999313354492,2700,0.0,0.0
2026-03-30 00:00:00-04:00,17.75,17.84000015258789,17.649999618530273,17.709999084472656,1900,0.0,0.0
2026-03-31 00:00:00-04:00,17.6299991607666,17.790000915527344,17.420000076293945,17.6200008392334,9600,0.0,0.0
2026-04-01 00:00:00-04:00,17.520000457763672,17.739999771118164,17.520000457763672,17.729999542236328,3100,0.0,0.0
2026-04-02 00:00:00-04:00,17.639999389648438,17.829999923706055,17.639999389648438,17.829999923706055,1100,0.0,0.0
2026-04-06 00:00:00-04:00,17.709999084472656,17.90999984741211,17.709999084472656,17.889999389648438,3000,0.0,0.0
2026-04-07 00:00:00-04:00,17.889999389648438,17.959999084472656,17.75,17.959999084472656,3200,0.0,0.0
2026-04-08 00:00:00-04:00,18.010000228881836,18.139999389648438,17.559999465942383,17.709999084472656,21500,0.0,0.0
2026-04-09 00:00:00-04:00,17.719999313354492,18.0,17.700000762939453,17.850000381469727,4100,0.0,0.0
2026-04-10 00:00:00-04:00,17.719999313354492,17.864999771118164,17.719999313354492,17.829999923706055,2400,0.0,0.0
2026-04-13 00:00:00-04:00,17.799999237060547,17.850000381469727,17.719999313354492,17.829999923706055,3600,0.0,0.0
2026-04-14 00:00:00-04:00,17.829999923706055,18.09000015258789,17.719999313354492,18.09000015258789,8000,0.0,0.0
2026-04-15 00:00:00-04:00,18.0,18.18000030517578,18.0,18.18000030517578,2000,0.0,0.0
2026-04-16 00:00:00-04:00,18.219999313354492,18.219999313354492,18.0,18.059999465942383,3000,0.0,0.0
2026-04-17 00:00:00-04:00,18.219999313354492,18.389999389648438,18.041000366210938,18.06999969482422,4800,0.0,0.0
2026-04-20 00:00:00-04:00,18.079999923706055,18.3799991607666,18.079999923706055,18.229999542236328,3800,0.0,0.0
2026-04-21 00:00:00-04:00,17.899999618530273,18.049999237060547,17.899999618530273,18.049999237060547,1500,0.0,0.0
2026-04-22 00:00:00-04:00,18.030000686645508,18.030000686645508,17.889999389648438,18.0,4000,0.0,0.0
2026-04-23 00:00:00-04:00,18.0,18.049999237060547,17.899999618530273,18.049999237060547,3200,0.0,0.0
2026-04-24 00:00:00-04:00,18.049999237060547,18.049999237060547,17.860000610351562,18.049999237060547,2300,0.0,0.0
2026-04-27 00:00:00-04:00,18.200000762939453,18.200000762939453,17.850000381469727,17.989999771118164,17000,0.0,0.0
2026-04-28 00:00:00-04:00,17.899999618530273,18.045000076293945,17.8799991607666,17.979999542236328,2300,0.0,0.0
2026-04-29 00:00:00-04:00,18.0,18.075000762939453,17.899999618530273,17.950000762939453,2356,0.0,0.0
