Date,Open,High,Low,Close,Volume,Dividends,Stock Splits
2022-01-03 00:00:00-05:00,2.709957813804917,2.9420448207208025,2.68947956284881,2.8874361515045166,1077000,0.0,0.0
2022-01-04 00:00:00-05:00,2.8874374080415817,2.9625245236365902,2.8669589854271305,2.9147417545318604,547400,0.0,0.0
2022-01-05 00:00:00-05:00,2.935219423029053,2.948871592766674,2.771393060684204,2.771393060684204,681500,0.0,0.0
2022-01-06 00:00:00-05:00,2.7850453015324503,2.8601323997532653,2.7099583660583404,2.7986974716186523,459800,0.0,0.0
2022-01-07 00:00:00-05:00,2.8055243492126465,2.860133041816404,2.744089407286678,2.8055243492126465,390900,0.0,0.0
2022-01-10 00:00:00-05:00,2.7918714033190803,2.7918714033190803,2.723610393711131,2.737262725830078,396700,0.0,0.0
2022-01-11 00:00:00-05:00,2.7713933503233594,2.8328282833099365,2.7372630851590443,2.8328282833099365,330700,0.0,0.0
2022-01-12 00:00:00-05:00,2.846480694552859,2.8942631349116645,2.757741411752987,2.8396544456481934,466800,0.0,0.0
2022-01-13 00:00:00-05:00,2.8191763222581017,2.8464806666219147,2.716784868147073,2.7304370403289795,468400,0.0,0.0
2022-01-14 00:00:00-05:00,2.716785060984799,2.8123502730413747,2.6690024549565114,2.8055243492126465,496800,0.0,0.0
2022-01-18 00:00:00-05:00,2.7782197187197,2.8191762339829736,2.7236108689552774,2.744089126586914,386100,0.0,0.0
2022-01-19 00:00:00-05:00,2.730436575878406,2.7782193331339036,2.6826539813696106,2.6894800662994385,321700,0.0,0.0
2022-01-20 00:00:00-05:00,2.6894803388366553,2.7304368525659317,2.6075671486313836,2.6143932342529297,448100,0.0,0.0
2022-01-21 00:00:00-05:00,2.5597843781064955,2.57343654843666,2.4096103417279764,2.4369146823883057,785300,0.0,0.0
2022-01-24 00:00:00-05:00,2.3891324791608093,2.4505672557504057,2.259436676947149,2.430088996887207,849200,0.0,0.0
2022-01-25 00:00:00-05:00,2.389132236709675,2.4642191782548517,2.348175723139579,2.4505670070648193,572900,0.0,0.0
2022-01-26 00:00:00-05:00,2.505175989649537,2.5188281615756876,2.3072193339736264,2.3345236778259277,674000,0.0,0.0
2022-01-27 00:00:00-05:00,2.368654200614452,2.505176087981369,2.3550020281524335,2.47104549407959,477800,0.0,0.0
2022-01-28 00:00:00-05:00,2.47104549407959,2.5188282604433874,2.4164368042315165,2.47104549407959,394300,0.0,0.0
2022-01-31 00:00:00-05:00,2.4573930231398977,2.5120018691018533,2.4096104253265604,2.423262596130371,404900,0.0,0.0
2022-02-01 00:00:00-05:00,2.4300886098133585,2.641697413773951,2.4300886098133585,2.6212191581726074,567800,0.0,0.0
2022-02-02 00:00:00-05:00,2.6280456350499106,2.7099588324101163,2.600741290178753,2.6348717212677,416700,0.0,0.0
2022-02-03 00:00:00-05:00,2.621219014922928,2.6690017714614434,2.5461320818215047,2.566610336303711,375500,0.0,0.0
2022-02-04 00:00:00-05:00,2.573436582897011,2.600740923922967,2.532480071358077,2.559784412384033,280900,0.0,0.0
2022-02-07 00:00:00-05:00,2.566610448500818,2.7304366542666876,2.566610448500818,2.6963062286376953,384900,0.0,0.0
2022-02-08 00:00:00-05:00,2.709958398889292,2.757740994769881,2.6348712997588026,2.6963062286376953,406400,0.0,0.0
2022-02-09 00:00:00-05:00,2.7099579766577935,2.8260014057159424,2.6894797244710613,2.8260014057159424,412400,0.0,0.0
2022-02-10 00:00:00-05:00,2.8328281683196637,3.023958556863076,2.8328281683196637,2.921567440032959,954800,0.0,0.0
2022-02-11 00:00:00-05:00,2.962524321984466,3.0103067623432715,2.832828522236991,2.8396544456481934,716300,0.0,0.0
2022-02-14 00:00:00-05:00,2.8601327117787485,2.887437054929913,2.798697776941906,2.819176197052002,462500,0.0,0.0
2022-02-15 00:00:00-05:00,2.812349979935663,3.0512631479240926,2.7372631981778515,2.928393602371216,987000,0.0,0.0
2022-02-16 00:00:00-05:00,2.9420453648875244,3.003480291865647,2.8942626077386064,2.948871612548828,351600,0.0,0.0
2022-02-17 00:00:00-05:00,2.94204565488556,3.0785676921280145,2.9215675608699248,3.0171327590942383,701400,0.0,0.0
2022-02-18 00:00:00-05:00,3.030784070943938,3.092218986558931,2.8806099051058096,2.8874361515045166,808900,0.0,0.0
2022-02-22 00:00:00-05:00,2.8874370696913423,3.0512631294358554,2.8874370696913423,2.9693500995635986,737700,0.0,0.0
2022-02-23 00:00:00-05:00,2.996654337282895,3.017132756776232,2.8328282833099365,2.8328282833099365,553700,0.0,0.0
2022-02-24 00:00:00-05:00,2.7099589744093295,2.8464808686654646,2.6348718593324216,2.8055243492126465,892800,0.0,0.0
2022-02-25 00:00:00-05:00,2.866958538160074,3.2628721514905874,2.832828273118546,3.242393732070923,1540900,0.0,0.0
2022-02-28 00:00:00-05:00,3.2423936693835214,3.501785241052626,3.22191525035978,3.3993937969207764,1507900,0.0,0.0
2022-03-01 00:00:00-05:00,3.5086117005342286,3.542742295631157,3.25604633839609,3.317481279373169,1176000,0.0,0.0
2022-03-02 00:00:00-05:00,3.337959146699575,3.4744811922139607,3.337959146699575,3.4676549434661865,1172400,0.0,0.0
2022-03-03 00:00:00-05:00,3.4949585771552014,3.5290891629704637,3.3174803771986507,3.4266977310180664,1050400,0.0,0.0
2022-03-04 00:00:00-05:00,3.413045883178711,3.433524301694888,3.2696979300457314,3.413045883178711,1040400,0.0,0.0
2022-03-07 00:00:00-05:00,3.481306679890614,3.7475241633692864,3.4198720763145602,3.576871871948242,2029800,0.0,0.0
2022-03-08 00:00:00-05:00,3.662036053659731,3.938818100252984,3.662036053659731,3.8252663612365723,1932500,0.2,0.0
2022-03-09 00:00:00-05:00,3.8820415663542396,3.9033326204570553,3.442029606721075,3.5555813312530518,1849500,0.0,0.0
2022-03-10 00:00:00-05:00,3.5200960936126546,3.690423160202074,3.498805041084078,3.5626778602600098,793600,0.0,0.0
2022-03-11 00:00:00-05:00,3.5697752389263107,3.6549387781459486,3.4846113612968495,3.498805284500122,766000,0.0,0.0
2022-03-14 00:00:00-04:00,3.491709271200714,3.505903197571046,3.143957567512727,3.2717032432556152,1472900,0.0,0.0
2022-03-15 00:00:00-04:00,3.129762887954712,3.1865385797727845,3.002017581364048,3.129762887954712,799200,0.0,0.0
2022-03-16 00:00:00-04:00,3.1865383618325214,3.2575083101610076,3.0445991419951373,3.1226658821105957,861400,0.0,0.0
2022-03-17 00:00:00-04:00,3.1652490302199205,3.3781582913561254,3.1652490302199205,3.3426733016967773,800400,0.0,0.0
2022-03-18 00:00:00-04:00,3.2291206736619325,3.392350956167235,3.2291206736619325,3.307187080383301,815600,0.0,0.0
2022-03-21 00:00:00-04:00,3.3426724832539,3.4704178056116164,3.2433150103090096,3.3923513889312744,636200,0.0,0.0
2022-03-22 00:00:00-04:00,3.4136423004579646,3.5555818939848542,3.4136423004579646,3.4633212089538574,799800,0.0,0.0
2022-03-23 00:00:00-04:00,3.4846114279145506,3.7897812902337966,3.4846114279145506,3.640744924545288,1712300,0.0,0.0
2022-03-24 00:00:00-04:00,3.6904234712542237,3.7259084489894834,3.512999259397582,3.534290313720703,760200,0.0,0.0
2022-03-25 00:00:00-04:00,3.56267859958775,3.718811776362171,3.5555818062120297,3.71171498298645,911900,0.0,0.0
2022-03-28 00:00:00-04:00,3.711715558706301,3.8678487596983597,3.676230571094054,3.768491268157959,1029200,0.0,0.0
2022-03-29 00:00:00-04:00,3.7259082477945387,3.825265706314313,3.6123568666290824,3.796877861022949,1167500,0.0,0.0
2022-03-30 00:00:00-04:00,3.818169179842742,4.031078034340953,3.7968781251880044,3.8394598960876465,1478200,0.0,0.0
2022-03-31 00:00:00-04:00,3.8536540847900507,3.995593669295176,3.8039755178616343,3.8323633670806885,643800,0.0,0.0
2022-04-01 00:00:00-04:00,3.8323629979228695,3.8962354833082045,3.647841657363444,3.718811273574829,917200,0.0,0.0
2022-04-04 00:00:00-04:00,3.7188110609364773,3.72590819135672,3.498805094056019,3.598162889480591,1236600,0.0,0.0
2022-04-05 00:00:00-04:00,3.5626785717748666,3.6194542719768776,3.4349332463203415,3.456223964691162,879300,0.0,0.0
2022-04-06 00:00:00-04:00,3.4136422335541883,3.491708991543458,3.335575475564919,3.385254383087158,923800,0.0,0.0
2022-04-07 00:00:00-04:00,3.4065451622009277,3.449126934427209,3.3355752034139488,3.4065451622009277,1198800,0.0,0.0
2022-04-08 00:00:00-04:00,3.463320807266081,3.6123571770581346,3.413641904532117,3.5910661220550537,939600,0.0,0.0
2022-04-11 00:00:00-04:00,3.541387274242489,3.6052601018324624,3.2007330961888805,3.236217737197876,1347300,0.0,0.0
2022-04-12 00:00:00-04:00,3.2291209683798963,3.349769154799738,3.2149270441887476,3.278799533843994,727100,0.0,0.0
2022-04-13 00:00:00-04:00,3.3284786642256328,3.449127197265625,3.3284786642256328,3.449127197265625,607900,0.0,0.0
2022-04-14 00:00:00-04:00,3.442029810334751,3.740102554947754,3.442029810334751,3.7330057621002197,1306900,0.0,0.0
2022-04-18 00:00:00-04:00,3.7471986731163303,3.818168274453623,3.591065211764534,3.761392593383789,1146500,0.0,0.0
2022-04-19 00:00:00-04:00,3.7613938075748816,3.83946022504114,3.683327051698761,3.8039755821228027,658700,0.0,0.0
2022-04-20 00:00:00-04:00,3.832362771524237,3.9104295139498433,3.6691324946760444,3.7755870819091797,782100,0.0,0.0
2022-04-21 00:00:00-04:00,3.8252663124019683,3.9175269934218893,3.59106638243591,3.633648157119751,999000,0.0,0.0
2022-04-22 00:00:00-04:00,3.61945360392171,3.8678474156635305,3.5697750446192287,3.598162889480591,1119800,0.0,0.0
2022-04-25 00:00:00-04:00,3.548484108019787,3.548484108019787,3.1581507207736843,3.307187080383301,1278100,0.0,0.0
2022-04-26 00:00:00-04:00,3.342671721337471,3.527192700461798,3.3071867484548245,3.420738458633423,991800,0.0,0.0
2022-04-27 00:00:00-04:00,3.5484843254089355,3.633647868000389,3.4917086303479663,3.5484843254089355,1201700,0.0,0.0
2022-04-28 00:00:00-04:00,3.5484847620240645,3.5484847620240645,3.3639633919620717,3.4633212089538574,508600,0.0,0.0
2022-04-29 00:00:00-04:00,3.4207388019586085,3.512999131575663,3.307187080383301,3.307187080383301,560800,0.0,0.0
2022-05-02 00:00:00-04:00,3.335575475564919,3.3994483083206735,3.2858969064525514,3.385254383087158,712900,0.0,0.0
2022-05-03 00:00:00-04:00,3.4278357340160386,3.6691327714945436,3.3923510945343835,3.640744924545288,668800,0.0,0.0
2022-05-04 00:00:00-04:00,3.7046177697677907,3.81816950697211,3.647842070370562,3.8039755821228027,1048800,0.0,0.0
2022-05-05 00:00:00-04:00,3.8110719418513375,3.8181690726736575,3.5626781160371395,3.669132709503174,540700,0.0,0.0
2022-05-06 00:00:00-04:00,3.5768720392719557,3.775587302969208,3.534290269567507,3.669132709503174,739800,0.0,0.0
2022-05-09 00:00:00-04:00,3.5484838850753704,3.5768717290831895,3.314284002805963,3.34976863861084,1074200,0.0,0.0
2022-05-10 00:00:00-04:00,3.4278358041994577,3.5626782491741777,3.4278358041994577,3.5484843254089355,627300,0.0,0.0
2022-05-11 00:00:00-04:00,3.5910661098511807,3.796878174405568,3.5768721860339756,3.6549389362335205,901500,0.0,0.0
2022-05-12 00:00:00-04:00,3.633648315094271,3.640745447055061,3.392351581395352,3.4633212089538574,826600,0.0,0.0
2022-05-13 00:00:00-04:00,3.541387061980003,3.6975205559728064,3.527193138745187,3.669132709503174,758800,0.0,0.0
2022-05-16 00:00:00-04:00,3.7188116946170977,3.8962359244383684,3.6904238449184836,3.8039755821228027,907300,0.0,0.0
2022-05-17 00:00:00-04:00,3.8891380745237765,4.002689442465858,3.7684895768804294,3.9672048091888428,1417700,0.0,0.0
2022-05-18 00:00:00-04:00,3.917527003423172,4.0097876846786304,3.7826845473751627,3.846557378768921,970400,0.0,0.0
2022-05-19 00:00:00-04:00,3.7968786173063256,4.116242448061548,3.7968786173063256,3.988496780395508,1230100,0.0,0.0
2022-05-20 00:00:00-04:00,4.023980891209547,4.201405090374625,3.9104295120350336,4.002689838409424,1398300,0.0,0.0
2022-05-23 00:00:00-04:00,4.031077638012217,4.343344265651232,3.889138415635301,4.265277862548828,1640500,0.0,0.0
2022-05-24 00:00:00-04:00,4.293666354758361,4.605932691095469,4.009787528769322,4.513672351837158,3165200,0.0,0.0
2022-05-25 00:00:00-04:00,4.499478121165905,4.499478121165905,4.0594658185513515,4.322053909301758,2677400,0.0,0.0
2022-05-26 00:00:00-04:00,4.336247124631445,4.463992414486055,4.151725811987235,4.435604572296143,1462400,0.0,0.0
2022-05-27 00:00:00-04:00,4.421411002894753,4.584641277675515,4.3149564170099435,4.556253433227539,1470900,0.0,0.0
2022-05-31 00:00:00-04:00,4.655611998671365,4.889811940404226,4.414314924929687,4.499478816986084,3269000,0.0,0.0
2022-06-01 00:00:00-04:00,4.620126786763555,4.71948425382228,4.463993285832862,4.641417503356934,2030100,0.0,0.0
2022-06-02 00:00:00-04:00,4.68399927495353,4.712387122684595,4.542060036298208,4.641417503356934,2608000,0.0,0.0
2022-06-03 00:00:00-04:00,4.538111126874232,4.685691833496094,4.4348046322389285,4.685691833496094,2600400,0.25,0.0
2022-06-06 00:00:00-04:00,4.6856918786722,4.722587231613464,4.493836958214052,4.523353099822998,1652700,0.0,0.0
2022-06-07 00:00:00-04:00,4.486457433708377,4.685691551591476,4.442183224385483,4.582385063171387,1290500,0.0,0.0
2022-06-08 00:00:00-04:00,4.523353825354972,4.538111898526594,4.1248854978609515,4.220812797546387,2767700,0.0,0.0
2022-06-09 00:00:00-04:00,4.161779475265637,4.191295614306801,3.992061499848875,4.0141987800598145,1221400,0.0,0.0
2022-06-10 00:00:00-04:00,3.925650362936321,4.110126407873665,3.918271152245964,4.0141987800598145,1486000,0.0,0.0
2022-06-13 00:00:00-04:00,3.8887554885656006,3.9773039165132387,3.7633117063763595,3.77069091796875,1641600,0.0,0.0
2022-06-14 00:00:00-04:00,3.873997449874878,4.058473518916539,3.8371020953224746,3.873997449874878,1317900,0.0,0.0
2022-06-15 00:00:00-04:00,3.9256506315959316,4.080610548097097,3.896134490534772,4.051094055175781,1516600,0.0,0.0
2022-06-16 00:00:00-04:00,3.9256503447113285,3.999440691971665,3.7411743006304223,3.7928273677825928,1040400,0.0,0.0
2022-06-17 00:00:00-04:00,3.726415506470053,3.8444800391255582,3.6452459643393613,3.7042782306671143,1146100,0.0,0.0
2022-06-21 00:00:00-04:00,3.770690090179405,3.9330288391114294,3.711657817840487,3.8149642944335938,1651300,0.0,0.0
2022-06-22 00:00:00-04:00,3.652625257005755,3.7190367404691664,3.4533911584756245,3.46077036857605,1998500,0.0,0.0
2022-06-23 00:00:00-04:00,3.453391961019421,3.4829081045602566,3.2615370280039904,3.335327386856079,1617300,0.0,0.0
2022-06-24 00:00:00-04:00,3.3722219467163086,3.45339114637597,3.2910523951965445,3.3722219467163086,1192000,0.0,0.0
2022-06-27 00:00:00-04:00,3.37960068155137,3.6304881851659556,3.37960068155137,3.5788347721099854,1099600,0.0,0.0
2022-06-28 00:00:00-04:00,3.623110301488936,3.652626447792943,3.505045716272908,3.60097336769104,666800,0.0,0.0
2022-06-29 00:00:00-04:00,3.6231100731468255,3.630489285187871,3.468150138886841,3.5124247074127197,842800,0.0,0.0
2022-06-30 00:00:00-04:00,3.4681496653653894,3.5862145788808246,3.4312546657781864,3.5345611572265625,884900,0.0,0.0
2022-07-01 00:00:00-04:00,3.5419406996179803,3.5935937742443755,3.3058112023567214,3.3869807720184326,1064800,0.0,0.0
2022-07-05 00:00:00-04:00,3.342706560140237,3.394359634811205,3.2172627756075753,3.3205692768096924,984600,0.0,0.0
2022-07-06 00:00:00-04:00,3.298432089507542,3.298432089507542,3.0844398691430355,3.1729886531829834,1132500,0.0,0.0
2022-07-07 00:00:00-04:00,3.2615364496608015,3.416496351702432,3.2615364496608015,3.357464075088501,660400,0.0,0.0
2022-07-08 00:00:00-04:00,3.386980655113811,3.4017387261919905,3.2689157346282056,3.3427064418792725,773800,0.0,0.0
2022-07-11 00:00:00-04:00,3.268915497318479,3.3574642692194514,3.2541574273116742,3.276294708251953,423000,0.0,0.0
2022-07-12 00:00:00-04:00,3.2320207340170515,3.261536876183951,3.172988449683252,3.209883451461792,485100,0.0,0.0
2022-07-13 00:00:00-04:00,3.1582300308212035,3.2762945864877464,3.1434719613628856,3.232020378112793,437200,0.0,0.0
2022-07-14 00:00:00-04:00,3.1729882953875963,3.2172625064849854,3.1139556620642583,3.2172625064849854,449700,0.0,0.0
2022-07-15 00:00:00-04:00,3.2615369087308923,3.394359549807381,3.2172626950387295,3.37960147857666,683000,0.0,0.0
2022-07-18 00:00:00-04:00,3.468149268239408,3.5788349580470715,3.4460123413939403,3.4976654052734375,792900,0.0,0.0
2022-07-19 00:00:00-04:00,3.505045210003201,3.6969004851278355,3.505045210003201,3.6747632026672363,657900,0.0,0.0
2022-07-20 00:00:00-04:00,3.689521545919136,3.7559330463409424,3.5714569690449856,3.7559330463409424,800100,0.0,0.0
2022-07-21 00:00:00-04:00,3.7780697777009657,3.792827849025572,3.674763278428722,3.77069091796875,578900,0.0,0.0
2022-07-22 00:00:00-04:00,3.7854487478183856,3.80020681820157,3.5493192698272833,3.6157307624816895,625300,0.0,0.0
2022-07-25 00:00:00-04:00,3.6231095012832206,3.711658272498438,3.5862145024820093,3.6821417808532715,523000,0.0,0.0
2022-07-26 00:00:00-04:00,3.6895219067797616,3.7337961274378912,3.6600057596743416,3.7116591930389404,434800,0.0,0.0
2022-07-27 00:00:00-04:00,3.778068948291721,3.8149642944335933,3.6600044036138852,3.8149642944335938,642300,0.0,0.0
2022-07-28 00:00:00-04:00,3.8961339520049854,4.043714636911948,3.8075851892007004,4.02157735824585,1010900,0.0,0.0
2022-07-29 00:00:00-04:00,4.080610046412688,4.242948802290574,3.9994404925436893,4.169158458709717,1463300,0.0,0.0
2022-08-01 00:00:00-04:00,4.176538459192998,4.5381117693999276,4.147022313689601,4.501216411590576,1980700,0.0,0.0
2022-08-02 00:00:00-04:00,4.442184053541583,4.63403934827836,4.375772551231128,4.4052886962890625,1974400,0.0,0.0
2022-08-03 00:00:00-04:00,4.427424763454704,4.5750054481591516,4.316739073996315,4.545489311218262,2542400,0.0,0.0
2022-08-04 00:00:00-04:00,4.648796553085798,4.678312692634395,4.427425154611184,4.582385063171387,3754400,0.0,0.0
2022-08-05 00:00:00-04:00,4.593966312962493,4.655734238491959,4.400942512112579,4.632571220397949,2197400,0.275,0.0
2022-08-08 00:00:00-04:00,4.55536099769989,4.756105524942513,4.547639870262595,4.593965530395508,1807300,0.0,0.0
2022-08-09 00:00:00-04:00,4.5476412803454584,4.709781325167076,4.4704318228503395,4.563083171844482,1824400,0.0,0.0
2022-08-10 00:00:00-04:00,4.563083171844482,4.601688084673909,4.447269169683671,4.563083171844482,1183300,0.0,0.0
2022-08-11 00:00:00-04:00,4.609407417106478,4.763826652379809,4.5708028844108615,4.593965530395508,1887900,0.0,0.0
2022-08-12 00:00:00-04:00,4.586245196129277,4.586245196129277,4.370058393978027,4.470430850982666,1783700,0.0,0.0
2022-08-15 00:00:00-04:00,4.346896323112138,4.362338213304783,4.17703516282934,4.231081962585449,1819900,0.0,0.0
2022-08-16 00:00:00-04:00,4.1924770266503915,4.254244955196141,4.122988705302437,4.138430595397949,1381000,0.0,0.0
2022-08-17 00:00:00-04:00,4.122988886826494,4.1924772112338315,4.107546996051117,4.130709648132324,1036900,0.0,0.0
2022-08-18 00:00:00-04:00,4.130709975091185,4.346896831222056,4.130709975091185,4.339175701141357,1132200,0.0,0.0
2022-08-19 00:00:00-04:00,4.300570473026607,4.370058791911186,4.2233606571224485,4.254244804382324,736800,0.0,0.0
2022-08-22 00:00:00-04:00,4.177035171333635,4.331454441738179,4.161593281109551,4.261965751647949,789100,0.0,0.0
2022-08-23 00:00:00-04:00,4.308290618935798,4.36233740872362,4.184755520179216,4.207918167114258,940200,0.0,0.0
2022-08-24 00:00:00-04:00,4.2079181526346305,4.238801927217504,4.130708716177447,4.177034378051758,711900,0.0,0.0
2022-08-25 00:00:00-04:00,4.223359316711672,4.223359316711672,4.07666159664558,4.092103481292725,711700,0.0,0.0
2022-08-26 00:00:00-04:00,4.061221461828542,4.092105244429511,3.8681976364906165,3.922244071960449,1251900,0.0,0.0
2022-08-29 00:00:00-04:00,3.8913594202972077,4.030336410963662,3.8913594202972077,3.976289987564087,765800,0.0,0.0
2022-08-30 00:00:00-04:00,3.9299645874708977,3.9376853478325833,3.621126441566374,3.698335886001587,1653300,0.0,0.0
2022-08-31 00:00:00-04:00,3.6828940137678656,3.7832664760693433,3.628847218336992,3.744661569595337,688000,0.0,0.0
2022-09-01 00:00:00-04:00,3.70605731010437,3.767824870578826,3.6365686204887564,3.70605731010437,727100,0.0,0.0
2022-09-02 00:00:00-04:00,3.783266280431855,3.814150056748551,3.675173063323417,3.721498727798462,957800,0.0,0.0
2022-09-06 00:00:00-04:00,3.713778177219727,3.7446619583395977,3.590243052740244,3.613405704498291,767300,0.0,0.0
2022-09-07 00:00:00-04:00,3.5979635939342027,3.613405483549915,3.4975914955139165,3.497591495513916,481600,0.0,0.0
2022-09-08 00:00:00-04:00,3.4975920571373584,3.698336654376046,3.4898709270078427,3.6906158924102783,619300,0.0,0.0
2022-09-09 00:00:00-04:00,3.752383186689869,3.8141507505590484,3.721499404755279,3.790987730026245,588200,0.0,0.0
2022-09-12 00:00:00-04:00,3.798708870176055,3.8681975638043586,3.7755458495787133,3.837313413619995,442600,0.0,0.0
2022-09-13 00:00:00-04:00,3.7832666356029647,3.9376855316832122,3.7832666356029647,3.899080991744995,569700,0.0,0.0
2022-09-14 00:00:00-04:00,3.9145220122368283,3.9685684297834913,3.79870768180831,3.8218703269958496,504100,0.0,0.0
2022-09-15 00:00:00-04:00,3.7909865546367256,3.852754099354973,3.767823909449186,3.8218703269958496,289300,0.0,0.0
2022-09-16 00:00:00-04:00,3.744662024235008,3.744662024235008,3.574801225086651,3.652010679244995,652200,0.0,0.0
2022-09-19 00:00:00-04:00,3.605684483162546,3.682893926109178,3.489870134660765,3.513033151626587,636600,0.0,0.0
2022-09-20 00:00:00-04:00,3.567079646379889,3.7137777748886296,3.5439169971311606,3.698335886001587,756800,0.0,0.0
2022-09-21 00:00:00-04:00,3.7214985553280266,3.7214985553280266,3.5593585530978165,3.5825212001800537,594700,0.0,0.0
2022-09-22 00:00:00-04:00,3.5593583423777146,3.6520096615488216,3.482148909735125,3.5284745693206787,547400,0.0,0.0
2022-09-23 00:00:00-04:00,3.4744282219362956,3.4821493502591565,3.211915749577626,3.2582414150238037,1212500,0.0,0.0
2022-09-26 00:00:00-04:00,3.1578692155701273,3.1810318634162664,2.964845248006777,2.9957292079925537,1321600,0.0,0.0
2022-09-27 00:00:00-04:00,2.9957294699417307,3.080659861103986,2.972566451906548,3.065217971801758,668800,0.0,0.0
2022-09-28 00:00:00-04:00,3.011171263730299,3.0574969301675443,2.9339616355863885,2.9494035243988037,1124300,0.0,0.0
2022-09-29 00:00:00-04:00,2.8953572900643447,2.933962017115497,2.7254963069574134,2.787263870239258,1004700,0.0,0.0
2022-09-30 00:00:00-04:00,2.8104268905518084,2.918520126295036,2.787263870239258,2.787263870239258,783300,0.0,0.0
2022-10-03 00:00:00-04:00,2.8181475442403294,3.072938900484964,2.8181475442403294,3.018892288208008,848200,0.0,0.0
2022-10-04 00:00:00-04:00,3.0883810559950353,3.1655905087621687,3.0652182201648954,3.103822946548462,633000,0.0,0.0
2022-10-05 00:00:00-04:00,3.1269857979651334,3.188753356850541,3.0343342755551763,3.157869577407837,442700,0.0,0.0
2022-10-06 00:00:00-04:00,3.173311457366877,3.235079016062264,3.11154389867149,3.126985788345337,516300,0.0,0.0
2022-10-07 00:00:00-04:00,3.103822568006414,3.265962583124662,3.103822568006414,3.219636917114258,649200,0.0,0.0
2022-10-10 00:00:00-04:00,3.2428002076920848,3.2659632293623986,3.065218452847347,3.088381290435791,463600,0.0,0.0
2022-10-11 00:00:00-04:00,3.072938919067383,3.142427605068373,3.011171361805917,3.072938919067383,501600,0.0,0.0
2022-10-12 00:00:00-04:00,3.1115438471470114,3.150148386610525,3.0111713818472436,3.134706497192383,486500,0.0,0.0
2022-10-13 00:00:00-04:00,3.057497114771558,3.2350790309181177,3.057497114771558,3.173311471939087,599500,0.0,0.0
2022-10-14 00:00:00-04:00,3.1964743213870865,3.235079232233163,3.1578697787047245,3.227358102798462,414600,0.0,0.0
2022-10-17 00:00:00-04:00,3.2427997917086504,3.312288479641906,3.1501484532401043,3.173311471939087,578600,0.0,0.0
2022-10-18 00:00:00-04:00,3.235078828897873,3.281404495239258,3.2119158116453463,3.281404495239258,429400,0.0,0.0
2022-10-19 00:00:00-04:00,3.24279974893074,3.2582416384717936,3.1578695405367894,3.211915969848633,352600,0.0,0.0
2022-10-20 00:00:00-04:00,3.2273578284109425,3.2273578284109425,3.1115438420465598,3.119264602661133,519100,0.0,0.0
2022-10-21 00:00:00-04:00,3.126985585093449,3.265962583124662,3.1192644566765484,3.219636917114258,608300,0.0,0.0
2022-10-24 00:00:00-04:00,3.2659623622894287,3.2814042499154263,3.1810317962646213,3.2659623622894287,446600,0.0,0.0
2022-10-25 00:00:00-04:00,3.2582416583384246,3.281404676873082,3.188753339061833,3.273683547973633,956600,0.0,0.0
2022-10-26 00:00:00-04:00,3.273683590572606,3.335451518080886,3.235079050064087,3.235079050064087,489000,0.0,0.0
2022-10-27 00:00:00-04:00,3.289125600211697,3.289125600211697,3.165590122686953,3.219636917114258,508000,0.0,0.0
2022-10-28 00:00:00-04:00,3.219637006753734,3.3508932481860816,3.1733113394535546,3.320009469985962,556900,0.0,0.0
2022-10-31 00:00:00-04:00,3.3045673500558017,3.389497550091762,3.242799429806488,3.335451126098633,488600,0.0,0.0
2022-11-01 00:00:00-04:00,3.3817765712738037,3.435822991768721,3.312287895593336,3.3817765712738037,759600,0.0,0.0
2022-11-02 00:00:00-04:00,3.38177689104394,3.404939539685198,3.2582414150238037,3.2582414150238037,481300,0.0,0.0
2022-11-03 00:00:00-04:00,3.258241234394609,3.2659623622894287,3.165589908638624,3.2659623622894287,531900,0.0,0.0
2022-11-04 00:00:00-04:00,3.2968464522540337,3.374055897754333,3.2582415454220457,3.320009469985962,879400,0.0,0.0
2022-11-07 00:00:00-05:00,3.3586142916270645,3.528475454202685,3.350893530508377,3.474428653717041,1182400,0.0,0.0
2022-11-08 00:00:00-05:00,3.48987004607556,3.536195710667631,3.4049394769082695,3.428102493286133,697000,0.0,0.0
2022-11-09 00:00:00-05:00,3.404939876340606,3.443544785444555,3.3277304262964074,3.358614206314087,517200,0.0,0.0
2022-11-10 00:00:00-05:00,3.466706964702056,3.466706964702056,3.3586137493471457,3.4049394130706787,687600,0.0,0.0
2022-11-11 00:00:00-05:00,3.4512653295906817,3.5284751429489756,3.428102680114134,3.435823440551758,886600,0.0,0.0
2022-11-14 00:00:00-05:00,3.4512655463671256,3.4744285654622344,3.3354515553826762,3.358614206314087,744800,0.0,0.0
2022-11-15 00:00:00-05:00,3.3972190332189873,3.3972190332189873,3.2659627872378736,3.273683547973633,582900,0.0,0.0
2022-11-16 00:00:00-05:00,3.28140462536769,3.2891257541459464,3.1038227132683027,3.119264602661133,961900,0.0,0.0
2022-11-17 00:00:00-05:00,3.2427994059564895,3.4512650767942117,3.1192643026937352,3.4049394130706787,1621800,0.0,0.0
2022-11-18 00:00:00-05:00,3.4589864718865004,3.4744283609865603,3.2582415454220457,3.320009469985962,1013500,0.0,0.0
2022-11-21 00:00:00-05:00,3.358614258509598,3.389498039007236,3.265962917016685,3.350893497467041,849200,0.0,0.0
2022-11-22 00:00:00-05:00,3.3972191015029267,3.3972191015029267,3.3045677618293907,3.312288522720337,1145000,0.0,0.0
2022-11-23 00:00:00-05:00,3.3508934408586613,3.3663353308466126,3.3045677708948085,3.343172311782837,1710500,0.0,0.0
2022-11-25 00:00:00-05:00,3.2586880453535203,3.3311030709442697,3.17822650082325,3.1943187713623047,1219300,0.175,0.0
2022-11-28 00:00:00-05:00,3.194318460091738,3.2023645945772095,2.9207496957507373,2.9368419647216797,1815600,0.0,0.0
2022-11-29 00:00:00-05:00,2.9609806666665452,3.0092574784460275,2.864426851272583,2.864426851272583,912300,0.0,0.0
2022-11-30 00:00:00-05:00,2.864426866141755,2.912703678171841,2.8000577834349736,2.8724730014801025,926900,0.0,0.0
2022-12-01 00:00:00-05:00,2.880519288997565,2.952934702703431,2.8081040671267075,2.8241963386535645,572900,0.0,0.0
2022-12-02 00:00:00-05:00,2.8161500831044837,2.9127037081586944,2.7678732705773785,2.8885653018951416,633100,0.0,0.0
2022-12-05 00:00:00-05:00,2.904657254210843,3.041441733206097,2.8241959088224458,2.848334312438965,660700,0.0,0.0
2022-12-06 00:00:00-05:00,2.85638059428903,2.912703538965634,2.759826974843424,2.8000576496124268,547400,0.0,0.0
2022-12-07 00:00:00-05:00,2.7678728747016565,2.8161496803239596,2.7035036087036133,2.7035036087036133,764100,0.0,0.0
2022-12-08 00:00:00-05:00,2.7759192447510252,2.8483344593352298,2.7517808398896237,2.8000576496124268,427700,0.0,0.0
2022-12-09 00:00:00-05:00,2.7759191015894076,2.896611119672003,2.7759191015894076,2.848334312438965,614900,0.0,0.0
2022-12-12 00:00:00-05:00,2.848334404884177,2.928795944719004,2.848334404884177,2.896611213684082,466600,0.0,0.0
2022-12-13 00:00:00-05:00,2.9690272118062238,2.9851194846207543,2.904657928713078,2.9287965297698975,467200,0.0,0.0
2022-12-14 00:00:00-05:00,2.9368419647216797,2.969026502663565,2.8966111004593453,2.9368419647216797,427000,0.0,0.0
2022-12-15 00:00:00-05:00,3.0092571414190954,3.0414416790008545,2.936841931860138,3.0414416790008545,620100,0.0,0.0
2022-12-16 00:00:00-05:00,3.0173032758145353,3.089718485373493,3.0092571414190954,3.0414416790008545,704400,0.0,0.0
2022-12-19 00:00:00-05:00,3.057533982003749,3.057533982003749,2.9207496957507373,2.9368419647216797,384500,0.0,0.0
2022-12-20 00:00:00-05:00,2.920749833087457,3.041441856044591,2.920749833087457,3.0092573165893555,471700,0.0,0.0
2022-12-21 00:00:00-05:00,3.0575341251769985,3.258687880403038,3.0575341251769985,3.2345492839813232,999800,0.0,0.0
2022-12-22 00:00:00-05:00,3.186272514438386,3.218457054287664,3.0333957583193243,3.1299495697021484,506300,0.0,0.0
2022-12-23 00:00:00-05:00,3.1299499507764814,3.210411310195923,3.073626807347859,3.210411310195923,366400,0.0,0.0
2022-12-27 00:00:00-05:00,3.2104113167934116,3.2104113167934116,3.0736268136642524,3.105811357498169,525600,0.0,0.0
2022-12-28 00:00:00-05:00,3.1299493491856674,3.1540877523719866,3.0333955446054146,3.0414416790008545,414000,0.0,0.0
2022-12-29 00:00:00-05:00,3.0253496233570045,3.146041839626788,3.0253496233570045,3.1299495697021484,357800,0.0,0.0
2022-12-30 00:00:00-05:00,3.113856886485871,3.15408775027125,3.0655800801453865,3.137995481491089,520800,0.0,0.0
2023-01-03 00:00:00-05:00,3.089718802308748,3.1299496702476994,2.952934503555298,2.952934503555298,577200,0.0,0.0
2023-01-04 00:00:00-05:00,3.001211056628193,3.017303325685048,2.9127033849805097,2.944888114929199,485700,0.0,0.0
2023-01-05 00:00:00-05:00,2.912703259655248,2.92879571985467,2.880518722926346,2.9046571254730225,345400,0.0,0.0
2023-01-06 00:00:00-05:00,2.9127033669650157,3.065580113894555,2.9127033669650157,3.0575339794158936,407300,0.0,0.0
2023-01-09 00:00:00-05:00,3.081672100729034,3.1299490950162863,2.9127031003110524,2.9207494258880615,910100,0.0,0.0
2023-01-10 00:00:00-05:00,2.9529337542230256,3.057533485550232,2.9046567633139837,3.049487352371216,438200,0.0,0.0
2023-01-11 00:00:00-05:00,3.057534337575011,3.073626608417379,2.8724730310527735,2.8885653018951416,1206800,0.0,0.0
2023-01-12 00:00:00-05:00,2.896611560524422,2.9287962954131452,2.7598272525461356,2.8241963386535645,1450200,0.0,0.0
2023-01-13 00:00:00-05:00,2.8241958900901043,2.944888099207151,2.8241958900901043,2.9368419647216797,701400,0.0,0.0
2023-01-17 00:00:00-05:00,2.952934854223713,3.0494884883391933,2.936842581871133,3.017303943634033,729600,0.0,0.0
2023-01-18 00:00:00-05:00,3.0414423521629033,3.1138575777495134,3.009257807457743,3.017303943634033,551900,0.0,0.0
2023-01-19 00:00:00-05:00,3.01730373439386,3.0494882768671268,2.90465764390242,3.033396005630493,548300,0.0,0.0
2023-01-20 00:00:00-05:00,3.0173038619548977,3.1138574934566483,2.985119318120981,3.105811357498169,408900,0.0,0.0
2023-01-23 00:00:00-05:00,3.097764654431105,3.105810788916576,2.8483342935465177,2.9368419647216797,3143900,0.0,0.0
2023-01-24 00:00:00-05:00,2.977073348213489,2.9851194846207543,2.8805195194912825,2.9287965297698975,834000,0.0,0.0
2023-01-25 00:00:00-05:00,2.896611244328904,2.920749840819217,2.8724728396735784,2.912703514099121,509800,0.0,0.0
2023-01-26 00:00:00-05:00,2.9207498181551057,3.001211166381836,2.8805189522067542,3.001211166381836,684200,0.0,0.0
2023-01-27 00:00:00-05:00,2.9770726346292826,3.065580113894555,2.9690265001506213,3.0575339794158936,758500,0.0,0.0
2023-01-30 00:00:00-05:00,3.1058108495309784,3.2265032528384907,3.0897185802459717,3.0897185802459717,1195700,0.0,0.0
2023-01-31 00:00:00-05:00,3.1058109343504543,3.250641553705808,3.0816725297637264,3.2345492839813232,720700,0.0,0.0
2023-02-01 00:00:00-05:00,3.2184571648685982,3.315010787733858,3.17822648867474,3.290872573852539,661900,0.0,0.0
2023-02-02 00:00:00-05:00,3.3150104660496997,3.3954718106295556,3.2989181971337285,3.371333599090576,800000,0.0,0.0
2023-02-03 00:00:00-05:00,3.3632874802133217,3.4115642899384917,3.3230569972773365,3.355241537094116,488300,0.0,0.0
2023-02-06 00:00:00-05:00,3.3552411572423924,3.419610229588636,3.323056621069271,3.403517961502075,516600,0.0,0.0
2023-02-07 00:00:00-05:00,3.4035181685712255,3.4357027067024464,3.3552413613743948,3.3874258995056152,483400,0.0,0.0
2023-02-08 00:00:00-05:00,3.387426285502768,3.5403030508813496,3.387426285502768,3.4678876399993896,649300,0.0,0.0
2023-02-09 00:00:00-05:00,3.5081183549519785,3.5644411087900476,3.403518406867015,3.411564350128174,737900,0.0,0.0
2023-02-10 00:00:00-05:00,3.395471861875252,3.4035181882896532,3.2345491702868365,3.274780035018921,768000,0.0,0.0
2023-02-13 00:00:00-05:00,3.2747802719914865,3.3311030262881287,3.210410998863193,3.2989184856414795,667700,0.0,0.0
2023-02-14 00:00:00-05:00,3.3150110567428515,3.3471956003096732,3.2667342413926184,3.3069651126861572,397800,0.0,0.0
2023-02-15 00:00:00-05:00,3.2828265131760292,3.3311033285262623,3.2586882973359246,3.3069651126861572,335900,0.0,0.0
2023-02-16 00:00:00-05:00,3.2667338309179246,3.3713337762018174,3.242595618110857,3.339149236679077,511900,0.0,0.0
2023-02-17 00:00:00-05:00,3.3552413613743948,3.3874258995056152,3.323056823243174,3.3874258995056152,300200,0.0,0.0
2023-02-21 00:00:00-05:00,3.4196110696952293,3.451795613775229,3.363287925720215,3.363287925720215,765700,0.0,0.0
2023-02-22 00:00:00-05:00,3.4678873274375848,3.725364022290317,3.4357027885397393,3.6529486179351807,1863600,0.0,0.0
2023-02-23 00:00:00-05:00,3.660994953507839,3.862148513949589,3.660994953507839,3.781686782836914,1193300,0.0,0.0
2023-02-24 00:00:00-05:00,3.781686783032008,3.797779052521379,3.6690408966064076,3.7575485706329346,1317300,0.0,0.0
2023-02-27 00:00:00-05:00,3.8219174887183955,3.9023788327995295,3.693179338188582,3.7012252807617188,1342400,0.0,0.0
2023-02-28 00:00:00-05:00,3.7253646242921903,3.7575491683909106,3.652949208235054,3.717318296432495,839600,0.0,0.0
2023-03-01 00:00:00-05:00,3.757549577534173,3.8460572752778885,3.7414573037325947,3.789734125137329,785500,0.0,0.0
2023-03-02 00:00:00-05:00,3.7816873846299366,3.7816873846299366,3.660995536094749,3.717318296432495,623000,0.0,0.0
2023-03-03 00:00:00-05:00,3.725364031462004,3.7977790523254558,3.6851331659056665,3.781686782836914,566700,0.0,0.0
2023-03-06 00:00:00-05:00,3.749502840531216,3.773641440440271,3.644903264045389,3.717318296432495,1099300,0.0,0.0
2023-03-07 00:00:00-05:00,3.7092717621648204,3.781686783032008,3.6449026842073344,3.7575485706329346,902000,0.0,0.0
2023-03-08 00:00:00-05:00,3.7655948412371942,3.854102522965954,3.7253643558477596,3.805825710296631,1104800,0.0,0.0
2023-03-09 00:00:00-05:00,3.838009756684356,3.838009756684356,3.660994799745078,3.6770870685577393,1466700,0.0,0.0
2023-03-10 00:00:00-05:00,3.618852607195235,3.6271719991848856,3.311042244006153,3.3942341804504395,1742400,0.15,0.0
2023-03-13 00:00:00-04:00,3.3110423632708703,3.46910724655378,3.2528080056622515,3.3027231693267822,765100,0.0,0.0
2023-03-14 00:00:00-04:00,3.3526384973533054,3.460787819184996,3.3276807174287897,3.3443191051483154,726300,0.0,0.0
2023-03-15 00:00:00-04:00,3.319361759576063,3.319361759576063,3.1696160611081665,3.2361698150634766,757300,0.0,0.0
2023-03-16 00:00:00-04:00,3.211211790046589,3.2278503760336195,3.1197006580166664,3.194573402404785,560900,0.0,0.0
2023-03-17 00:00:00-04:00,3.1612963738729274,3.1696155670273876,3.069785249173868,3.086423635482788,746800,0.0,0.0
2023-03-20 00:00:00-04:00,3.1113811319869797,3.186253868380777,3.094742746121691,3.136338710784912,471800,0.0,0.0
2023-03-21 00:00:00-04:00,3.19457334487641,3.3609574166434073,3.19457334487641,3.319361448287964,743100,0.0,0.0
2023-03-22 00:00:00-04:00,3.3193615363364075,3.3443191180116916,3.2611271790940783,3.26944637298584,331400,0.0,0.0
2023-03-23 00:00:00-04:00,3.2860846519470215,3.3692767864548623,3.2444886838657117,3.2860846519470215,426200,0.0,0.0
2023-03-24 00:00:00-04:00,3.3110425510414574,3.3609577175366976,3.2611273845462168,3.3526387214660645,346400,0.0,0.0
2023-03-27 00:00:00-04:00,3.3859151736873865,3.3942341689584272,3.2528078774819735,3.2860846519470215,317600,0.0,0.0
2023-03-28 00:00:00-04:00,3.2694465928685115,3.302723370673546,3.219531227815718,3.2361698150634766,453500,0.0,0.0
2023-03-29 00:00:00-04:00,3.252808148854376,3.3027233147162263,3.227850565923451,3.2444889545440674,367000,0.0,0.0
2023-03-30 00:00:00-04:00,3.2611271513172277,3.277765538959032,3.194573402404785,3.194573402404785,302800,0.0,0.0
2023-03-31 00:00:00-04:00,3.1862543960266714,3.269446537474993,3.1862543960266714,3.2444889545440674,419200,0.0,0.0
2023-04-03 00:00:00-04:00,3.2528077927904127,3.2860845663890514,3.1945732406475784,3.2195308208465576,354800,0.0,0.0
2023-04-04 00:00:00-04:00,3.2860849817710287,3.302723370673546,3.177935255559425,3.2361698150634766,410300,0.0,0.0
2023-04-05 00:00:00-04:00,3.236169631142762,3.244488825121217,3.1779350749483455,3.2278504371643066,577200,0.0,0.0
2023-04-06 00:00:00-04:00,3.2112114721120455,3.219530665109284,3.1612963141286166,3.1696155071258545,351700,0.0,0.0
2023-04-10 00:00:00-04:00,3.1696157429741323,3.3027230391795452,3.1612965493578704,3.2860846519470215,496400,0.0,0.0
2023-04-11 00:00:00-04:00,3.294403941989738,3.385915272792357,3.2694463604104493,3.3443191051483154,477100,0.0,0.0
2023-04-12 00:00:00-04:00,3.385915185151233,3.410872567739297,3.3526384105735185,3.3942341804504395,341100,0.0,0.0
2023-04-13 00:00:00-04:00,3.4191918511370516,3.4774260064533413,3.410872459411621,3.410872459411621,619000,0.0,0.0
2023-04-14 00:00:00-04:00,3.4108725966811413,3.469107151031494,3.369276826451273,3.469107151031494,380900,0.0,0.0
2023-04-17 00:00:00-04:00,3.4774258588292524,3.502383636255603,3.385914933876935,3.4025533199310303,773400,0.0,0.0
2023-04-18 00:00:00-04:00,3.410872459411621,3.4607876196929115,3.394234072651191,3.410872459411621,412700,0.0,0.0
2023-04-19 00:00:00-04:00,3.4108724456190016,3.43583022400394,3.3526382905381946,3.419191837310791,405100,0.0,0.0
2023-04-20 00:00:00-04:00,3.4524684417886817,3.4524684417886817,3.3027227705312754,3.3276803493499756,359800,0.0,0.0
2023-04-21 00:00:00-04:00,3.327680939873204,3.4108728840319382,3.2944041622097107,3.3526387214660645,356200,0.0,0.0
2023-04-24 00:00:00-04:00,3.3609572166024844,3.460787534713745,3.3526382217717567,3.460787534713745,407100,0.0,0.0
2023-04-25 00:00:00-04:00,3.4524686013319648,3.4524686013319648,3.3443188897746468,3.3775956630706787,371400,0.0,0.0
2023-04-26 00:00:00-04:00,3.377595781725903,3.4191919481524344,3.2777654583307596,3.2860846519470215,371800,0.0,0.0
2023-04-27 00:00:00-04:00,3.3027229849071684,3.3609573392640595,3.269446210988945,3.2944037914276123,324500,0.0,0.0
2023-04-28 00:00:00-04:00,3.2777654044685005,3.3359999571706096,3.2777654044685005,3.2944037914276123,288500,0.0,0.0
2023-05-01 00:00:00-04:00,3.286084677028184,3.319361451747218,3.202892541885376,3.202892541885376,467300,0.0,0.0
2023-05-02 00:00:00-04:00,3.20289228409566,3.2112114771058358,3.0864235819532033,3.094742774963379,526400,0.0,0.0
2023-05-03 00:00:00-04:00,3.094743268674247,3.111381657348955,3.011551126955469,3.0198705196380615,367300,0.0,0.0
2023-05-04 00:00:00-04:00,3.0032318328052994,3.053147195515718,2.911720698135791,2.9200398921966553,628600,0.0,0.0
2023-05-05 00:00:00-04:00,2.953316369124089,3.1696155911300594,2.953316369124089,3.1197004318237305,557000,0.0,0.0
2023-05-08 00:00:00-04:00,3.119700408100628,3.1862539533363075,3.0781044423283284,3.086423635482788,411000,0.0,0.0
2023-05-09 00:00:00-04:00,3.061466002922677,3.119700353993905,3.0531468099125014,3.094742774963379,217800,0.0,0.0
2023-05-10 00:00:00-04:00,3.11138116098373,3.119700353993905,3.0697851959328526,3.094742774963379,233400,0.0,0.0
2023-05-11 00:00:00-04:00,3.086423635482788,3.1363387944095478,3.0531468628649483,3.086423635482788,249100,0.0,0.0
2023-05-12 00:00:00-04:00,3.0697856300518955,3.1363391835450853,3.0198704649320036,3.0281896591186523,244900,0.0,0.0
2023-05-15 00:00:00-04:00,3.0365088727399123,3.069785649699489,3.019870484260124,3.0614664554595947,274200,0.0,0.0
2023-05-16 00:00:00-04:00,3.061466032231665,3.1363387700400396,3.0531468391418457,3.0531468391418457,245200,0.0,0.0
2023-05-17 00:00:00-04:00,3.069785090304954,3.1113810539245605,3.0365083194092692,3.1113810539245605,219200,0.0,0.0
2023-05-18 00:00:00-04:00,3.1113812149461677,3.1113812149461677,3.0448276697104886,3.086423635482788,279700,0.0,0.0
2023-05-19 00:00:00-04:00,3.0781044423283284,3.1363387944095478,3.0531468628649483,3.086423635482788,286000,0.0,0.0
2023-05-22 00:00:00-04:00,3.0864236115011234,3.1113811907705817,3.0448276460520263,3.0531468391418457,374800,0.0,0.0
2023-05-23 00:00:00-04:00,3.078104360256403,3.136338710784912,3.069785167323759,3.136338710784912,371000,0.0,0.0
2023-05-24 00:00:00-04:00,3.119700462499819,3.119700462499819,3.0614661094031486,3.0781044960021973,259900,0.0,0.0
2023-05-25 00:00:00-04:00,3.069785435580483,3.078104629240109,2.9449973323408645,2.97827410697937,505800,0.0,0.0
2023-05-26 00:00:00-04:00,3.1030621215742165,3.1779348623719743,3.078104541308297,3.144658088684082,718200,0.0,0.0
2023-05-30 00:00:00-04:00,3.144658088684082,3.2112116360598666,3.0864237347302703,3.144658088684082,496100,0.0,0.0
2023-05-31 00:00:00-04:00,3.1446583978585365,3.1529775920984306,3.0365088727399123,3.0614664554595947,487000,0.0,0.0
2023-06-01 00:00:00-04:00,3.0864233966307926,3.1779345142479936,3.0697850116094836,3.1612961292266846,374600,0.0,0.0
2023-06-02 00:00:00-04:00,3.1862543960266714,3.2611273431646843,3.152977618785438,3.2444889545440674,553900,0.0,0.0
2023-06-05 00:00:00-04:00,3.311041963470842,3.3359997406347475,3.227850034075175,3.3276803493499756,565100,0.0,0.0
2023-06-06 00:00:00-04:00,3.335999987785063,3.385915149120469,3.23616946676903,3.369276762008667,723900,0.0,0.0
2023-06-07 00:00:00-04:00,3.360957405872725,3.427510955028154,3.286084663072867,3.3942341804504395,878100,0.0,0.0
2023-06-08 00:00:00-04:00,3.435830368833857,3.4607877515803893,3.344319039818862,3.427510976791382,1105300,0.0,0.0
2023-06-09 00:00:00-04:00,3.3757099651114544,3.3843434860108954,3.2462069457804636,3.2634739875793457,904700,0.15,0.0
2023-06-12 00:00:00-04:00,3.2375732402413324,3.2721073218696084,3.0994367078888647,3.116703748703003,1047600,0.0,0.0
2023-06-13 00:00:00-04:00,3.116703861644059,3.1685051918029785,3.0908032994842842,3.1685051918029785,508600,0.0,0.0
2023-06-14 00:00:00-04:00,3.1598719307916325,3.272107709375268,3.1598719307916325,3.2375736236572266,515500,0.0,0.0
2023-06-15 00:00:00-04:00,3.220306460095715,3.315275192260742,3.220306460095715,3.315275192260742,463100,0.0,0.0
2023-06-16 00:00:00-04:00,3.323908351849666,3.3670761585235596,3.2980077913489443,3.3670761585235596,575200,0.0,0.0
2023-06-20 00:00:00-04:00,3.3498090091406425,3.3498090091406425,3.2116724851276413,3.2721071243286133,430300,0.0,0.0
2023-06-21 00:00:00-04:00,3.2203063830821406,3.29800807117711,3.2203063830821406,3.2634739875793457,285600,0.0,0.0
2023-06-22 00:00:00-04:00,3.254840084556907,3.2980076839861727,3.2375730447852007,3.2721071243286133,163800,0.0,0.0
2023-06-23 00:00:00-04:00,3.228939956744039,3.2721075619466244,3.203039393622488,3.2462069988250732,226500,0.0,0.0
2023-06-26 00:00:00-04:00,3.2548404666799047,3.2807410293782278,3.2289399039815816,3.2634739875793457,240800,0.0,0.0
2023-06-27 00:00:00-04:00,3.2548404666799047,3.2807410293782278,3.2375734248810226,3.2634739875793457,277400,0.0,0.0
2023-06-28 00:00:00-04:00,3.228939636461689,3.254840197014133,3.168504995172654,3.1944055557250977,463700,0.0,0.0
2023-06-29 00:00:00-04:00,3.194405833678259,3.237573438355119,3.185772312742887,3.220306396484375,258400,0.0,0.0
2023-06-30 00:00:00-04:00,3.2030392217115424,3.237573304020125,3.1771386599801055,3.185772180557251,477700,0.0,0.0
2023-07-03 00:00:00-04:00,3.151237954804358,3.228939636461689,3.151237954804358,3.1944055557250977,263700,0.0,0.0
2023-07-05 00:00:00-04:00,3.18577203554095,3.2203061162775413,3.133970914436062,3.1944055557250977,551600,0.0,0.0
2023-07-06 00:00:00-04:00,3.1685054845022247,3.2030395705721033,3.1253376710754863,3.151238441467285,246400,0.0,0.0
2023-07-07 00:00:00-04:00,3.1426043260408156,3.2893741641003196,3.1426043260408156,3.2721071243286133,633300,0.0,0.0
2023-07-10 00:00:00-04:00,3.2548404666799047,3.2721075084787867,3.2375734248810226,3.2634739875793457,339500,0.0,0.0
2023-07-11 00:00:00-04:00,3.263473894646507,3.289374456607269,3.228939812032158,3.25484037399292,539900,0.0,0.0
2023-07-12 00:00:00-04:00,3.2548404666799047,3.3325421547748744,3.2548404666799047,3.2634739875793457,398100,0.0,0.0
2023-07-13 00:00:00-04:00,3.2721078763150953,3.367076822724323,3.2462073107051417,3.298008441925049,770700,0.0,0.0
2023-07-14 00:00:00-04:00,3.298007977260856,3.3239085392216174,3.228939812032158,3.25484037399292,523200,0.0,0.0
2023-07-17 00:00:00-04:00,3.2548403451744163,3.2548403451744163,3.1771386599801055,3.185772180557251,521700,0.0,0.0
2023-07-18 00:00:00-04:00,3.2203066895910415,3.2548407764757616,3.185772602706322,3.2030396461486816,369900,0.0,0.0
2023-07-19 00:00:00-04:00,3.211672730560983,3.2548403332890805,3.168505127832885,3.2289397716522217,405100,0.0,0.0
2023-07-20 00:00:00-04:00,3.2203066895910415,3.237573733033402,3.185772602706322,3.2030396461486816,349500,0.0,0.0
2023-07-21 00:00:00-04:00,3.2030392217115424,3.2030392217115424,3.1253373306778642,3.185772180557251,463800,0.0,0.0
2023-07-24 00:00:00-04:00,3.151238150363129,3.185772233242828,3.0908032994842842,3.1685051918029785,572400,0.0,0.0
2023-07-25 00:00:00-04:00,3.1339713293715503,3.2375735852981875,3.1253376022049455,3.2116730213165283,499400,0.0,0.0
2023-07-26 00:00:00-04:00,3.220306370029833,3.3066415786743164,3.2116728491653848,3.3066415786743164,467000,0.0,0.0
2023-07-27 00:00:00-04:00,3.2807406442144664,3.306641203872026,3.246206564671054,3.2721071243286133,475800,0.0,0.0
2023-07-28 00:00:00-04:00,3.2807410735176172,3.392977052559759,3.2807410735176172,3.3757100105285645,560300,0.0,0.0
2023-07-31 00:00:00-04:00,3.375709678690467,3.4102437593580963,3.349809118189745,3.3670761585235596,458200,0.0,0.0
2023-08-01 00:00:00-04:00,3.1944056076196317,3.289374331188068,3.1426044856732123,3.177138566970825,1150700,0.0,0.0
2023-08-02 00:00:00-04:00,3.159871736786053,3.2721075084787867,3.151238215886612,3.2634739875793457,901400,0.0,0.0
2023-08-03 00:00:00-04:00,3.2634742095616,3.4275113236481967,3.2634742095616,3.392977237701416,1133200,0.0,0.0
2023-08-04 00:00:00-04:00,3.392976906339948,3.4275109889140962,3.33254205599582,3.384343385696411,623500,0.0,0.0
2023-08-07 00:00:00-04:00,3.3843434257995866,3.436144550274632,3.323908574739329,3.4102439880371094,825200,0.0,0.0
2023-08-08 00:00:00-04:00,3.367076384307905,3.436144550274632,3.315275053993488,3.4102439880371094,828600,0.0,0.0
2023-08-09 00:00:00-04:00,3.410243811868196,3.4275108524678846,3.3325419233302385,3.349809169769287,844400,0.0,0.0
2023-08-10 00:00:00-04:00,3.3670764895129675,3.384343531544162,3.3239086785956036,3.3757100105285645,797500,0.0,0.0
2023-08-11 00:00:00-04:00,3.3308200050738273,3.429577376333639,3.312864119390225,3.384687662124634,753700,0.15,0.0
2023-08-14 00:00:00-04:00,3.3757097178597704,3.3757097178597704,3.258996460965558,3.3038861751556396,829800,0.0,0.0
2023-08-15 00:00:00-04:00,3.3038861224754243,3.3667317213394705,3.285930237085697,3.312864065170288,399300,0.0,0.0
2023-08-16 00:00:00-04:00,3.3218424017172765,3.4116218393105555,3.3128644579579487,3.366732120513916,454600,0.0,0.0
2023-08-17 00:00:00-04:00,3.3667317491857016,3.411621463031303,3.3397979208783406,3.348775863647461,417600,0.0,0.0
2023-08-18 00:00:00-04:00,3.3487762329952604,3.4026438955512277,3.2949085704392926,3.366732120513916,471800,0.0,0.0
2023-08-21 00:00:00-04:00,3.3757100405174816,3.4116218153020728,3.321842378340595,3.330820322036743,475000,0.0,0.0
2023-08-22 00:00:00-04:00,3.3397979736328125,3.3577538594546787,3.330820030721879,3.3397979736328125,244500,0.0,0.0
2023-08-23 00:00:00-04:00,3.321842378340595,3.3757100405174816,3.321842378340595,3.330820322036743,398000,0.0,0.0
2023-08-24 00:00:00-04:00,3.3128644162238223,3.3397982471625047,3.25001859664917,3.25001859664917,296200,0.0,0.0
2023-08-25 00:00:00-04:00,3.2769525086618816,3.2769525086618816,3.223084634919387,3.232062578201294,268800,0.0,0.0
2023-08-28 00:00:00-04:00,3.2320624989238462,3.2859303713450463,3.1871727836153854,3.2051286697387695,511500,0.0,0.0
2023-08-29 00:00:00-04:00,3.1961507266770774,3.276952428283354,3.1961507266770774,3.2051286697387695,723900,0.0,0.0
2023-08-30 00:00:00-04:00,3.214106402375622,3.2679742712701376,3.205128459901708,3.2410402297973633,230600,0.0,0.0
2023-08-31 00:00:00-04:00,3.258996328796224,3.2859301562179657,3.2410402297973633,3.2410402297973633,251200,0.0,0.0
2023-09-01 00:00:00-04:00,3.25001859664917,3.2949085289313675,3.2410406530029423,3.25001859664917,276200,0.0,0.0
2023-09-05 00:00:00-04:00,3.2589964883720426,3.2679744312855585,3.2051286168399016,3.214106559753418,336200,0.0,0.0
2023-09-06 00:00:00-04:00,3.2141066661455224,3.2320625525669238,3.196150779724121,3.196150779724121,224700,0.0,0.0
2023-09-07 00:00:00-04:00,3.196150565863567,3.2230843936934748,3.1422829102037513,3.1512608528137207,380700,0.0,0.0
2023-09-08 00:00:00-04:00,3.1422831204599175,3.205128722934822,3.1422831204599175,3.196150779724121,238400,0.0,0.0
2023-09-11 00:00:00-04:00,3.1961509711762504,3.214106858673224,3.115349477439868,3.1243274211883545,445800,0.0,0.0
2023-09-12 00:00:00-04:00,3.1153491070028454,3.142282935045684,3.088415278960007,3.1063711643218994,406600,0.0,0.0
2023-09-13 00:00:00-04:00,3.115349054336548,3.1333049393948884,3.0973931692782073,3.115349054336548,200700,0.0,0.0
2023-09-14 00:00:00-04:00,3.124327234038516,3.196150779724121,3.124327234038516,3.196150779724121,248800,0.0,0.0
2023-09-15 00:00:00-04:00,3.1871727310128692,3.214106559753418,3.178194788099353,3.214106559753418,237400,0.0,0.0
2023-09-18 00:00:00-04:00,3.196150645476872,3.196150645476872,3.0794373886400472,3.097393274307251,487000,0.0,0.0
2023-09-19 00:00:00-04:00,3.097393354191686,3.1333051264522895,3.0435256958007812,3.0435256958007812,485300,0.0,0.0
2023-09-20 00:00:00-04:00,3.04352564290631,3.08841535745191,3.0345476999971894,3.0525035858154297,419600,0.0,0.0
2023-09-21 00:00:00-04:00,3.0435255098842786,3.0704593374344538,3.0345475673675537,3.0345475673675537,247000,0.0,0.0
2023-09-22 00:00:00-04:00,3.052503456632356,3.124326996865718,3.052503456632356,3.115349054336548,280400,0.0,0.0
2023-09-25 00:00:00-04:00,3.1063711118073773,3.115349054336548,3.0704593416906967,3.115349054336548,176200,0.0,0.0
2023-09-26 00:00:00-04:00,3.0794373886400472,3.1422829884752606,3.0794373886400472,3.097393274307251,185200,0.0,0.0
2023-09-27 00:00:00-04:00,3.1243269729861654,3.160238742828369,3.1243269729861654,3.160238742828369,343000,0.0,0.0
2023-09-28 00:00:00-04:00,3.1602389015185484,3.1602389015185484,3.124327129873049,3.133305072784424,233700,0.0,0.0
2023-09-29 00:00:00-04:00,3.1422828819240585,3.160238766982399,3.1063711118073773,3.115349054336548,248700,0.0,0.0
2023-10-02 00:00:00-04:00,3.1153491345183477,3.160238848319555,3.106371191758106,3.1422829627990723,467900,0.0,0.0
2023-10-03 00:00:00-04:00,3.160238900724871,3.160238900724871,3.0345476999971894,3.0525035858154297,534300,0.0,0.0
2023-10-04 00:00:00-04:00,3.0345478632651033,3.052503750049425,2.9627241020767623,2.980679988861084,400500,0.0,0.0
2023-10-05 00:00:00-04:00,2.989657771400546,3.06148152872455,2.989657771400546,3.0525035858154297,268800,0.0,0.0
2023-10-06 00:00:00-04:00,3.052503847990294,3.0884156227111816,3.016591859218345,3.0884156227111816,257700,0.0,0.0
2023-10-09 00:00:00-04:00,3.0704593935981146,3.133304992364738,3.0704593935981146,3.1063711643218994,304200,0.0,0.0
2023-10-10 00:00:00-04:00,3.1063711643218994,3.160238820407576,3.097393221640953,3.1063711643218994,314900,0.0,0.0
2023-10-11 00:00:00-04:00,3.106371510071625,3.124327397432069,3.0704597353507377,3.0884156227111816,220000,0.0,0.0
2023-10-12 00:00:00-04:00,3.0704596042633057,3.1063713774510084,3.0525037176694543,3.0704596042633057,214100,0.0,0.0
2023-10-13 00:00:00-04:00,3.061481581931083,3.106371297256837,3.0435256958007812,3.0435256958007812,213300,0.0,0.0
2023-10-16 00:00:00-04:00,3.0345478310756033,3.0794375475602314,3.0345478310756033,3.0704596042633057,206000,0.0,0.0
2023-10-17 00:00:00-04:00,3.0704593935981146,3.124327049683792,3.0525035082362226,3.1063711643218994,273700,0.0,0.0
2023-10-18 00:00:00-04:00,3.097393354191686,3.097393354191686,3.0435256958007812,3.0435256958007812,213700,0.0,0.0
2023-10-19 00:00:00-04:00,3.0435258317881932,3.0435258317881932,2.9986359004056706,3.016591787338257,276800,0.0,0.0
2023-10-20 00:00:00-04:00,3.025569784575309,3.04352588587807,2.980680066446058,3.0076138973236084,395300,0.0,0.0
2023-10-23 00:00:00-04:00,2.9806801269976053,2.998636014614074,2.8998786327234973,2.917834520339966,661000,0.0,0.0
2023-10-24 00:00:00-04:00,2.917834281237564,3.0255695981079866,2.917834281237564,2.998635768890381,280500,0.0,0.0
2023-10-25 00:00:00-04:00,2.9717022516805485,3.0614819058831784,2.9717022516805485,3.0255699157714844,381500,0.0,0.0
2023-10-26 00:00:00-04:00,2.9986357423859307,2.9986357423859307,2.9537460274200273,2.962723970413208,308000,0.0,0.0
2023-10-27 00:00:00-04:00,2.9537460274200273,3.0076136853791113,2.9447680844268467,2.962723970413208,292300,0.0,0.0
2023-10-30 00:00:00-04:00,2.917834466711391,2.971702128570731,2.9088565230681676,2.9268124103546143,430900,0.0,0.0
2023-10-31 00:00:00-04:00,2.9268124641482003,2.9806801269976053,2.917834520339966,2.917834520339966,209400,0.0,0.0
2023-11-01 00:00:00-04:00,2.9268124952703496,2.935790439174051,2.8460110001370422,2.8729448318481445,610900,0.0,0.0
2023-11-02 00:00:00-04:00,2.8819225871703695,2.953746133700131,2.8819225871703695,2.944768190383911,415900,0.0,0.0
2023-11-03 00:00:00-04:00,2.962724023552769,2.9717019667069784,2.9178343077817215,2.9537460803985596,338100,0.0,0.0
2023-11-06 00:00:00-05:00,2.9357905718431017,2.9627244047713504,2.872944961677188,2.8909008502960205,279100,0.0,0.0
2023-11-07 00:00:00-05:00,2.8998786635592473,2.8998786635592473,2.854988944040743,2.8729448318481445,300500,0.0,0.0
2023-11-08 00:00:00-05:00,2.8549884096528797,2.8549884096528797,2.7562308311462402,2.7562308311462402,434200,0.0,0.0
2023-11-09 00:00:00-05:00,2.7652089595794678,2.801120730890727,2.756231016751653,2.7652089595794678,346800,0.0,0.0
2023-11-10 00:00:00-05:00,2.747252941131592,2.774186768313153,2.720319113950031,2.747252941131592,378100,0.0,0.0
2023-11-13 00:00:00-05:00,2.7652089856499424,2.7652089856499424,2.7023633852627285,2.7203192710876465,336300,0.0,0.0
2023-11-14 00:00:00-05:00,2.74725302162342,2.7921427349079133,2.7203191936527245,2.774186849594116,476300,0.0,0.0
2023-11-15 00:00:00-05:00,2.810099091660158,2.962724130806928,2.810099091660158,2.9357903003692627,803000,0.0,0.0
2023-11-16 00:00:00-05:00,2.962723813182719,3.061481394917729,2.9447679281492687,3.0345475673675537,704500,0.0,0.0
2023-11-17 00:00:00-05:00,3.0973933011389247,3.133305072784424,3.0435256436706757,3.133305072784424,595500,0.0,0.0
2023-11-20 00:00:00-05:00,3.1422828819240585,3.20512847962825,3.0794372842198667,3.115349054336548,911200,0.0,0.0
2023-11-21 00:00:00-05:00,3.124327102808057,3.133305045641659,3.0525035601392414,3.097393274307251,989200,0.0,0.0
2023-11-22 00:00:00-05:00,3.0973935663914034,3.133305341112291,3.061481791670516,3.0884156227111816,1233700,0.0,0.0
2023-11-24 00:00:00-05:00,2.9447681080330756,3.1692168987128926,2.9357901649679246,3.0435256958007812,1050700,0.0,0.0
2023-11-27 00:00:00-05:00,2.9627243929912956,3.0255700029073296,2.9627243929912956,2.9717023372650146,737800,0.0,0.0
2023-11-28 00:00:00-05:00,2.9986359004056706,3.079437605653366,2.980680013473084,3.016591787338257,704000,0.0,0.0
2023-11-29 00:00:00-05:00,3.0345476999971894,3.0525035858154297,3.016591600127906,3.0525035858154297,506900,0.0,0.0
2023-11-30 00:00:00-05:00,3.06148166096638,3.0973934341540827,3.06148166096638,3.0704596042633057,407900,0.0,0.0
2023-12-01 00:00:00-05:00,3.0794373886400472,3.106371217140853,3.070459445806445,3.097393274307251,710200,0.0,0.0
2023-12-04 00:00:00-05:00,3.1063711118073773,3.124326996865718,3.016591472464641,3.115349054336548,707600,0.0,0.0
2023-12-05 00:00:00-05:00,3.0255697397650296,3.034547897308969,2.828054982921622,2.8549888134002686,1334900,0.0,0.0
2023-12-06 00:00:00-05:00,2.872944318072194,2.8998781449666517,2.7023632003562663,2.711341142654419,1245600,0.0,0.0
2023-12-07 00:00:00-05:00,2.7113412732473545,2.7292971587085124,2.5766719182376288,2.648495674133301,1707200,0.0,0.0
2023-12-08 00:00:00-05:00,2.6305397886721424,2.675429502325038,2.6305397886721424,2.648495674133301,626300,0.0,0.0
2023-12-11 00:00:00-05:00,2.6395181081019685,2.6754298841494397,2.558716397944089,2.5856504440307617,875200,0.0,0.0
2023-12-12 00:00:00-05:00,2.594628227164315,2.666451774805883,2.5766721262028667,2.612584114074707,773100,0.0,0.0
2023-12-13 00:00:00-05:00,2.5676941827476707,2.621562057529903,2.5317824089268868,2.612584114074707,749700,0.0,0.0
2023-12-14 00:00:00-05:00,2.6395177314027216,2.666451559594459,2.6036059604804054,2.648495674133301,542700,0.0,0.0
2023-12-15 00:00:00-05:00,2.657473564147949,2.6933853343578886,2.5946279662805547,2.657473564147949,1214300,0.0,0.0
2023-12-18 00:00:00-05:00,2.702363544485138,2.774187092016632,2.6484958838365174,2.693385601043701,1120400,0.0,0.0
2023-12-19 00:00:00-05:00,2.675429582595825,2.7292972405954883,2.666451639595881,2.675429582595825,779900,0.0,0.0
2023-12-20 00:00:00-05:00,2.675429449252919,2.7203191620153433,2.6395176790429793,2.657473564147949,693300,0.0,0.0
2023-12-21 00:00:00-05:00,2.693385468595713,2.693385468595713,2.6395178105960495,2.675429582595825,663800,0.0,0.0
2023-12-22 00:00:00-05:00,2.6574735171930555,2.7562308835254457,2.6574735171930555,2.747252941131592,1238500,0.0,0.0
2023-12-26 00:00:00-05:00,2.738275156912565,2.7562310427374834,2.7023633852627285,2.7203192710876465,471100,0.0,0.0
2023-12-27 00:00:00-05:00,2.720319377586228,2.729297320850167,2.7023634910583496,2.7023634910583496,529200,0.0,0.0
2023-12-28 00:00:00-05:00,2.7203194313680115,2.7292973748094482,2.6844076576022644,2.693385601043701,704300,0.0,0.0
2023-12-29 00:00:00-05:00,2.693385281289368,2.7023632236649577,2.630539684660238,2.6664514541625977,797800,0.0,0.0
2024-01-02 00:00:00-05:00,2.666451559594459,2.7203192159779332,2.6305397886721424,2.648495674133301,919700,0.0,0.0
2024-01-03 00:00:00-05:00,2.6574734666906275,2.801120542262428,2.630539640020915,2.7562308311462402,1304200,0.0,0.0
2024-01-04 00:00:00-05:00,2.7921427867913744,2.8819224290796788,2.774186901143922,2.810098886489868,1595600,0.0,0.0
2024-01-05 00:00:00-05:00,2.8190771684259395,2.8819227757518453,2.747253403145266,2.8729448318481445,1626600,0.0,0.0
2024-01-08 00:00:00-05:00,2.8549892272704662,2.8549892272704662,2.747253675687064,2.783165454864502,1008900,0.0,0.0
2024-01-09 00:00:00-05:00,2.765208825919299,2.7831647107070068,2.7113411715561773,2.747252941131592,763600,0.0,0.0
2024-01-10 00:00:00-05:00,2.7562308835254457,2.765208825919299,2.702363229162324,2.747252941131592,645200,0.0,0.0
2024-01-11 00:00:00-05:00,2.7203194313680115,2.7203194313680115,2.6754297141608276,2.693385601043701,637900,0.0,0.0
2024-01-12 00:00:00-05:00,2.720319377586228,2.756231150641985,2.684407604530471,2.7023634910583496,589500,0.0,0.0
2024-01-16 00:00:00-05:00,2.7292973748094482,2.7652091485751953,2.6754297141608276,2.693385601043701,770600,0.0,0.0
2024-01-17 00:00:00-05:00,2.684407604530471,2.738275264114107,2.657473774738653,2.7023634910583496,731100,0.0,0.0
2024-01-18 00:00:00-05:00,2.7292970563438845,2.747252941131592,2.702363229162324,2.747252941131592,579800,0.0,0.0
2024-01-19 00:00:00-05:00,2.7472529118470295,2.7562308541451817,2.7023632003562663,2.711341142654419,472600,0.0,0.0
2024-01-22 00:00:00-05:00,2.711341896509626,2.7921433996588614,2.711341896509626,2.783165454864502,1079000,0.0,0.0
2024-01-23 00:00:00-05:00,2.7652087964433343,2.792142623337792,2.7023632003562663,2.711341142654419,710000,0.0,0.0
2024-01-24 00:00:00-05:00,2.711341512475425,2.7562312300890466,2.693385625429977,2.729297399520874,1034400,0.0,0.0
2024-01-25 00:00:00-05:00,2.738275156912565,2.7741869285624015,2.68440749943781,2.7203192710876465,870900,0.0,0.0
2024-01-26 00:00:00-05:00,2.7203191936527245,2.774186849594116,2.711341250995826,2.774186849594116,527000,0.0,0.0
2024-01-29 00:00:00-05:00,2.7472529936825323,2.7741868213792977,2.711341223420178,2.7382750511169434,533400,0.0,0.0
2024-01-30 00:00:00-05:00,2.738275343043598,2.7562312300890466,2.711341512475425,2.729297399520874,562300,0.0,0.0
2024-01-31 00:00:00-05:00,2.747253207378046,2.756231150641985,2.69338554779441,2.7023634910583496,461700,0.0,0.0
2024-02-01 00:00:00-05:00,2.7023636285830523,2.720319516024716,2.612584191374737,2.6395180225372314,874200,0.0,0.0
2024-02-02 00:00:00-05:00,2.639517756910845,2.648495699728186,2.567694000321073,2.6036059856414795,672300,0.0,0.0
2024-02-05 00:00:00-05:00,2.6125840643675318,2.6305399509362943,2.5228044174726687,2.576672077178955,787600,0.0,0.0
2024-02-06 00:00:00-05:00,2.6036059604804054,2.675429502325038,2.585650075019247,2.648495674133301,547400,0.0,0.0
2024-02-07 00:00:00-05:00,2.657473831350687,2.657473831350687,2.603606170619511,2.612584114074707,428800,0.0,0.0
2024-02-08 00:00:00-05:00,2.594628303933074,2.648495966258063,2.585650360212242,2.6395180225372314,443500,0.0,0.0
2024-02-09 00:00:00-05:00,2.6574740188626613,2.6664519629513435,2.612584298419253,2.6215622425079346,450500,0.0,0.0
2024-02-12 00:00:00-05:00,2.6215617939380094,2.666451506700434,2.6125838513855246,2.657473564147949,357500,0.0,0.0
2024-02-13 00:00:00-05:00,2.648495892451112,2.6754297228630284,2.558716243693668,2.5676941871643066,833900,0.0,0.0
2024-02-14 00:00:00-05:00,2.5676942408078616,2.594628285833533,2.5228045225168443,2.558716297149658,729700,0.0,0.0
2024-02-15 00:00:00-05:00,2.567694000321073,2.6036059856414795,2.5317822290517076,2.6036059856414795,439000,0.0,0.0
2024-02-16 00:00:00-05:00,2.6125840643675318,2.6125840643675318,2.558716190610193,2.576672077178955,568700,0.0,0.0
2024-02-20 00:00:00-05:00,2.5766722859678244,2.630540164090101,2.558716397944089,2.5856504440307617,464400,0.0,0.0
2024-02-21 00:00:00-05:00,2.585650283709119,2.639517944440295,2.5676941827476707,2.612584114074707,581900,0.0,0.0
2024-02-22 00:00:00-05:00,2.6215622425079346,2.6305401865966163,2.5856504661532074,2.6215622425079346,740200,0.0,0.0
2024-02-23 00:00:00-05:00,2.5676939245720654,2.666451506700434,2.5317821543621255,2.657473564147949,951500,0.0,0.0
2024-02-26 00:00:00-05:00,2.657473644142266,2.6933854154332093,2.612583930028588,2.6844074726104736,733100,0.0,0.0
2024-02-27 00:00:00-05:00,2.6844076819072527,2.765209173611771,2.6844076819072527,2.729297399520874,1175400,0.0,0.0
2024-02-28 00:00:00-05:00,2.747252941131592,2.8190766943334524,2.7292970563438845,2.747252941131592,1990500,0.0,0.0
2024-02-29 00:00:00-05:00,2.7472529936825323,2.8011206490760636,2.6933853382890005,2.7382750511169434,913100,0.0,0.0
2024-03-01 00:00:00-05:00,2.7382757308927044,2.819077448093028,2.7382757308927044,2.783165454864502,1785900,0.0,0.0
2024-03-04 00:00:00-05:00,2.806165842673047,2.8153663777890348,2.6589572808172393,2.6681578159332275,1301700,0.075,0.0
2024-03-05 00:00:00-05:00,2.6681581279033733,2.7325618812455956,2.6313557637783034,2.6865592002868652,651900,0.0,0.0
2024-03-06 00:00:00-05:00,2.6865592002868652,2.704960272670357,2.6405562999700494,2.6865592002868652,595400,0.0,0.0
2024-03-07 00:00:00-05:00,2.6865591828806474,2.750962935805598,2.6865591828806474,2.741762399673462,483500,0.0,0.0
2024-03-08 00:00:00-05:00,2.741762309802774,2.778564453125,2.741762309802774,2.778564453125,843500,0.0,0.0
2024-03-11 00:00:00-04:00,2.76936411857605,2.76936411857605,2.7325619725789876,2.76936411857605,460300,0.0,0.0
2024-03-12 00:00:00-04:00,2.778564870321227,2.842968630805225,2.7417627214732283,2.8245675563812256,1058000,0.0,0.0
2024-03-13 00:00:00-04:00,2.8153670070616954,2.8429686185789933,2.7601637840270996,2.7601637840270996,1018700,0.0,0.0
2024-03-14 00:00:00-04:00,2.7601634719377337,2.778564544202005,2.7233613274091906,2.741762399673462,935000,0.0,0.0
2024-03-15 00:00:00-04:00,2.7601632696803575,2.7785643405962475,2.7325616633065217,2.750962734222412,770300,0.0,0.0
2024-03-18 00:00:00-04:00,2.7417628411567123,2.7509633787703343,2.695760153088604,2.732562303543091,551600,0.0,0.0
2024-03-19 00:00:00-04:00,2.7233612537384033,2.760163397271396,2.714160717855155,2.7233612537384033,254400,0.0,0.0
2024-03-20 00:00:00-04:00,2.714160919189453,2.7233614557551897,2.66815823636077,2.714160919189453,384300,0.0,0.0
2024-03-21 00:00:00-04:00,2.7141607912770547,2.741762399673462,2.7141607912770547,2.741762399673462,532600,0.0,0.0
2024-03-22 00:00:00-04:00,2.7233618991867115,2.7233618991867115,2.6957602849952673,2.704960823059082,276800,0.0,0.0
2024-03-25 00:00:00-04:00,2.6957598293793934,2.7049603658882067,2.6405563909684204,2.649757146835327,703300,0.0,0.0
2024-03-26 00:00:00-04:00,2.6681578159332275,2.695759421281191,2.6497567457012514,2.6681578159332275,430000,0.0,0.0
2024-03-27 00:00:00-04:00,2.6681582198529536,2.68655929287058,2.6405563909684204,2.649757146835327,376100,0.0,0.0
2024-03-28 00:00:00-04:00,2.640556190406219,2.6865590888142497,2.640556190406219,2.6589574813842773,464200,0.0,0.0
2024-04-01 00:00:00-04:00,2.6681582198529536,2.677358756361767,2.6405563909684204,2.649757146835327,371200,0.0,0.0
2024-04-02 00:00:00-04:00,2.6405564285568133,2.6589577211944757,2.5853532087181144,2.6037542819976807,672300,0.0,0.0
2024-04-03 00:00:00-04:00,2.5945533156472638,2.6773583510492154,2.5945533156472638,2.6681578159332275,365300,0.0,0.0
2024-04-04 00:00:00-04:00,2.6957597732543945,2.7325619185234364,2.668158164302613,2.6957597732543945,720600,0.0,0.0
2024-04-05 00:00:00-04:00,2.7049603826237165,2.7233614557551897,2.69575984605798,2.714160919189453,293900,0.0,0.0
2024-04-08 00:00:00-04:00,2.704960823059082,2.7141613611228967,2.677359208867638,2.704960823059082,403200,0.0,0.0
2024-04-09 00:00:00-04:00,2.695759939507267,2.7141610132766187,2.677358865737915,2.677358865737915,255800,0.0,0.0
2024-04-10 00:00:00-04:00,2.6773589418102772,2.6773589418102772,2.6221554995756127,2.640556573867798,582600,0.0,0.0
2024-04-11 00:00:00-04:00,2.649757257974985,2.677358868659128,2.6221554279327393,2.6221554279327393,321600,0.0,0.0
2024-04-12 00:00:00-04:00,2.6313559619564333,2.677358865737915,2.622155425071757,2.677358865737915,647800,0.0,0.0
2024-04-15 00:00:00-04:00,2.6589576833441404,2.6957598293793934,2.6313558544596076,2.649757146835327,466800,0.0,0.0
2024-04-16 00:00:00-04:00,2.6497567457012514,2.6681578159332275,2.6313554561112156,2.6681578159332275,446600,0.0,0.0
2024-04-17 00:00:00-04:00,2.6681578159332275,2.6773583510492154,2.6497567457012514,2.6681578159332275,330600,0.0,0.0
2024-04-18 00:00:00-04:00,2.677358553004259,2.7049601604342315,2.6497569455742864,2.6589574813842773,618600,0.0,0.0
2024-04-19 00:00:00-04:00,2.6589572808172393,2.6773583510492154,2.6497567457012514,2.6681578159332275,328400,0.0,0.0
2024-04-22 00:00:00-04:00,2.6681582198529536,2.677358756361767,2.6405563909684204,2.649757146835327,390900,0.0,0.0
2024-04-23 00:00:00-04:00,2.6681581279033733,2.6865592002868652,2.6589575917116273,2.6865592002868652,402800,0.0,0.0
2024-04-24 00:00:00-04:00,2.6957596246242406,2.6957596246242406,2.6589574813842773,2.6589574813842773,319200,0.0,0.0
2024-04-25 00:00:00-04:00,2.6681581279033733,2.6865592002868652,2.6589575917116273,2.6865592002868652,248600,0.0,0.0
2024-04-26 00:00:00-04:00,2.69575984605798,2.7233614557551897,2.6773587729265067,2.714160919189453,343600,0.0,0.0
2024-04-29 00:00:00-04:00,2.7325618635413265,2.7601634719377337,2.7141607912770547,2.741762399673462,653600,0.0,0.0
2024-04-30 00:00:00-04:00,2.732562303543091,2.7509633787703343,2.723361765929469,2.732562303543091,458800,0.0,0.0
2024-05-01 00:00:00-04:00,2.732562437250526,2.732562437250526,2.6865597469314526,2.704960823059082,412200,0.0,0.0
2024-05-02 00:00:00-04:00,2.7233612381416608,2.7969655247861134,2.7141607023111045,2.778564453125,709200,0.0,0.0
2024-05-03 00:00:00-04:00,2.7877653955443975,2.7877653955443975,2.7601637840270996,2.7601637840270996,324300,0.0,0.0
2024-05-06 00:00:00-04:00,2.7601635820767845,2.7785646550753156,2.7509630455775187,2.76936411857605,280200,0.0,0.0
2024-05-07 00:00:00-04:00,2.778564870321227,2.8521691680172245,2.778564870321227,2.8245675563812256,686900,0.0,0.0
2024-05-08 00:00:00-04:00,2.796965422022973,2.879770460813724,2.796965422022973,2.8705697059631348,662200,0.0,0.0
2024-05-09 00:00:00-04:00,2.8889714011070233,2.9165730114521033,2.85216903462215,2.90737247467041,839900,0.0,0.0
2024-05-10 00:00:00-04:00,2.907372158109015,2.9349737654487686,2.8337676525115967,2.8337676525115967,794000,0.0,0.0
2024-05-13 00:00:00-04:00,2.8797711354647086,2.9349743613524235,2.8797711354647086,2.9165732860565186,854700,0.0,0.0
2024-05-14 00:00:00-04:00,2.9073724018377725,2.925773474940194,2.870570036274836,2.8889713287353516,993600,0.0,0.0
2024-05-15 00:00:00-04:00,2.88897119918819,2.88897119918819,2.8429682991369036,2.8613693714141846,709600,0.0,0.0
2024-05-16 00:00:00-04:00,2.861369571403843,2.9165730114521033,2.8429684978404564,2.90737247467041,1011900,0.0,0.0
2024-05-17 00:00:00-04:00,2.907372199194236,2.907372199194236,2.8797705914644336,2.8981716632843018,747800,0.0,0.0
2024-05-20 00:00:00-04:00,2.8981720450850035,2.9625758049389943,2.8889715079630047,2.934974193572998,1485700,0.0,0.0
2024-05-21 00:00:00-04:00,2.9349742293065115,2.9441747665405273,2.91657315483848,2.9441747665405273,1108100,0.0,0.0
2024-05-22 00:00:00-04:00,2.9257732710141044,2.9349738069240385,2.861369300286486,2.8981716632843018,708700,0.0,0.0
2024-05-23 00:00:00-04:00,2.888970996306244,2.9165726027838046,2.8521686349780944,2.8705697059631348,439700,0.0,0.0
2024-05-24 00:00:00-04:00,2.861369300286486,2.9257732710141044,2.861369300286486,2.8981716632843018,857000,0.0,0.0
2024-05-28 00:00:00-04:00,2.861369839401159,2.88897167168954,2.7417628500366953,2.796966075897217,1574300,0.0,0.0
2024-05-29 00:00:00-04:00,2.7785646550753156,2.787765191574581,2.704960363081191,2.76936411857605,1212400,0.0,0.0
2024-05-30 00:00:00-04:00,2.7877650803341405,2.7877650803341405,2.7233613274091906,2.741762399673462,497000,0.0,0.0
2024-05-31 00:00:00-04:00,2.750962734222412,2.7601632696803575,2.7325616633065217,2.750962734222412,490500,0.0,0.0
2024-06-03 00:00:00-04:00,2.7785645634400744,2.824567244419264,2.7693640272442366,2.806166172027588,847600,0.0,0.0
2024-06-04 00:00:00-04:00,2.8153670070616954,2.8153670070616954,2.7417627096822343,2.7601637840270996,443800,0.0,0.0
2024-06-05 00:00:00-04:00,2.778564453125,2.7969655247861134,2.760163381463887,2.778564453125,596800,0.0,0.0
2024-06-06 00:00:00-04:00,2.7877653955443975,2.79696593271683,2.7417627096822343,2.7601637840270996,507400,0.0,0.0
2024-06-07 00:00:00-04:00,2.750962734222412,2.7693638051383025,2.741762198764467,2.750962734222412,493000,0.0,0.0
2024-06-10 00:00:00-04:00,2.7601637840270996,2.7601637840270996,2.723361635337369,2.7601637840270996,552100,0.0,0.0
2024-06-11 00:00:00-04:00,2.7601640514419703,2.7601640514419703,2.6865597469314526,2.704960823059082,1339100,0.0,0.0
2024-06-12 00:00:00-04:00,2.728563761513956,2.7474465370178223,2.7096807609096496,2.7474465370178223,837400,0.075,0.0
2024-06-13 00:00:00-04:00,2.747446561223205,2.747446561223205,2.719122397717866,2.7285637855529785,790000,0.0,0.0
2024-06-14 00:00:00-04:00,2.7285638211381364,2.7474465970546267,2.690798044204712,2.690798044204712,851900,0.0,0.0
2024-06-17 00:00:00-04:00,2.709681073413254,2.7191226873545147,2.6624741292092797,2.681356906890869,908300,0.0,0.0
2024-06-18 00:00:00-04:00,2.662473690140259,2.690797851991701,2.643590915572631,2.6530323028564453,817800,0.0,0.0
2024-06-20 00:00:00-04:00,2.6435910805582217,2.7096807956695557,2.6435910805582217,2.7096807956695557,545300,0.0,0.0
2024-06-21 00:00:00-04:00,2.7096810867069037,2.719122700694485,2.6435913644971047,2.6719155311584473,771600,0.0,0.0
2024-06-24 00:00:00-04:00,2.6624739671421156,2.690798131940383,2.624708414077759,2.624708414077759,454600,0.0,0.0
2024-06-25 00:00:00-04:00,2.634149528288817,2.662473690140259,2.634149528288817,2.6530323028564453,396400,0.0,0.0
2024-06-26 00:00:00-04:00,2.643590904103164,2.671915065831719,2.624708129617461,2.662473678588867,444900,0.0,0.0
2024-06-27 00:00:00-04:00,2.690798295731664,2.700239684572459,2.6624741292092797,2.681356906890869,247800,0.0,0.0
2024-06-28 00:00:00-04:00,2.671915256190642,2.709680807852631,2.6624738682751445,2.700239419937134,267700,0.0,0.0
2024-07-01 00:00:00-04:00,2.7096809708991683,2.7852123038684518,2.7096809708991683,2.766329526901245,877600,0.0,0.0
2024-07-02 00:00:00-04:00,2.775770688171785,2.7852120758825554,2.7380051373287033,2.756887912750244,273500,0.0,0.0
2024-07-03 00:00:00-04:00,2.756888138417642,2.8040950808356584,2.756888138417642,2.766329526901245,172600,0.0,0.0
2024-07-05 00:00:00-04:00,2.756887961329102,2.756887961329102,2.7096807968429775,2.7191224098205566,235300,0.0,0.0
2024-07-08 00:00:00-04:00,2.7191222508250044,2.7285636381500735,2.6435909271240234,2.6435909271240234,485200,0.0,0.0
2024-07-09 00:00:00-04:00,2.662473678588867,2.671915065831719,2.643590904103164,2.662473678588867,479200,0.0,0.0
2024-07-10 00:00:00-04:00,2.671915244177365,2.7474465722621892,2.671915244177365,2.7096807956695557,577200,0.0,0.0
2024-07-11 00:00:00-04:00,2.7380051492658892,2.7568879247697553,2.7002393731577166,2.7474465370178223,521300,0.0,0.0
2024-07-12 00:00:00-04:00,2.7380050135112,2.7380050135112,2.6530323028564453,2.6530323028564453,974900,0.0,0.0
2024-07-15 00:00:00-04:00,2.681356730916009,2.690798119137175,2.6341497898101807,2.6341497898101807,895200,0.0,0.0
2024-07-16 00:00:00-04:00,2.6530323028564453,2.662473690140259,2.634149528288817,2.6530323028564453,1026300,0.0,0.0
2024-07-17 00:00:00-04:00,2.6530327533842186,2.70023969781979,2.6435913644971047,2.6719155311584473,742400,0.0,0.0
2024-07-18 00:00:00-04:00,2.681356920045561,2.70023969781979,2.6530327533842186,2.6719155311584473,536500,0.0,0.0
2024-07-19 00:00:00-04:00,2.671915077424073,2.681356464707887,2.643590915572631,2.6530323028564453,421000,0.0,0.0
2024-07-22 00:00:00-04:00,2.6624739544736777,2.6624739544736777,2.6341497898101807,2.6341497898101807,525300,0.0,0.0
2024-07-23 00:00:00-04:00,2.6341495986052905,2.6435909861411346,2.596384048461914,2.596384048461914,729100,0.0,0.0
2024-07-24 00:00:00-04:00,2.596384312406936,2.624708477893866,2.5680601469200064,2.5775015354156494,441500,0.0,0.0
2024-07-25 00:00:00-04:00,2.5680599697115296,2.5775013575556716,2.5114116426466766,2.530294418334961,736300,0.0,0.0
2024-07-26 00:00:00-04:00,2.5397355556488037,2.5491769425616075,2.4925286210847855,2.5397355556488037,806200,0.0,0.0
2024-07-29 00:00:00-04:00,2.5586183294744114,2.5775011033000186,2.5302941687360003,2.5397355556488037,382500,0.0,0.0
2024-07-30 00:00:00-04:00,2.5491771940232453,2.5680599697115296,2.5114116426466766,2.530294418334961,370700,0.0,0.0
2024-07-31 00:00:00-04:00,2.473646273264559,2.4925292771609144,2.3697909898872407,2.3981151580810547,2076000,0.0,0.0
2024-08-01 00:00:00-04:00,2.4075563338785013,2.426439110999081,2.3509080025167624,2.379232168197632,996400,0.0,0.0
2024-08-02 00:00:00-04:00,2.360349227000458,2.369790614904442,2.294259511672569,2.3225836753845215,1283100,0.0,0.0
2024-08-05 00:00:00-04:00,2.2564940698320632,2.2753768465586535,2.2187282912784285,2.2281696796417236,851500,0.0,0.0
2024-08-06 00:00:00-04:00,2.2942597733573815,2.313142551319132,2.2376112143716607,2.303701162338257,855400,0.0,0.0
2024-08-07 00:00:00-04:00,2.350907940373976,2.4642046001026237,2.350907940373976,2.426439046859741,1457500,0.0,0.0
2024-08-08 00:00:00-04:00,2.426438904640498,2.445321680155176,2.3320250270671092,2.350907802581787,722300,0.0,0.0
2024-08-09 00:00:00-04:00,2.3697908315695164,2.379232220336707,2.3131424989663723,2.3414666652679443,443800,0.0,0.0
2024-08-12 00:00:00-04:00,2.350908158336114,2.4642048285689513,2.350908158336114,2.435880661010742,901000,0.0,0.0
2024-08-13 00:00:00-04:00,2.4264392452278454,2.464204801558166,2.4264392452278454,2.454763412475586,467100,0.0,0.0
2024-08-14 00:00:00-04:00,2.4830876147467555,2.4830876147467555,2.4075562827674646,2.4169976711273193,594400,0.0,0.0
2024-08-15 00:00:00-04:00,2.4024081765865417,2.4121345160911747,2.353776479063378,2.392681837081909,481500,0.075,0.0
2024-08-16 00:00:00-04:00,2.392681783728608,2.412134462304107,2.3732291051531087,2.4024081230163574,226400,0.0,0.0
2024-08-19 00:00:00-04:00,2.402408307335405,2.4510400075053043,2.402408307335405,2.4121346473693848,243400,0.0,0.0
2024-08-20 00:00:00-04:00,2.4315873274373443,2.4315873274373443,2.402408307335405,2.4121346473693848,229700,0.0,0.0
2024-08-21 00:00:00-04:00,2.4315874930481525,2.451040174440997,2.38295578956604,2.38295578956604,455700,0.0,0.0
2024-08-22 00:00:00-04:00,2.382955527498123,2.3926818671248813,2.344050168991089,2.344050168991089,378600,0.0,0.0
2024-08-23 00:00:00-04:00,2.3537763223521946,2.3635026612092607,2.3343236446380615,2.3343236446380615,499000,0.0,0.0
2024-08-26 00:00:00-04:00,2.3537766071655057,2.4121346473693848,2.3537766071655057,2.4121346473693848,281000,0.0,0.0
2024-08-27 00:00:00-04:00,2.3926821302624623,2.402408470958885,2.38295578956604,2.38295578956604,192100,0.0,0.0
2024-08-28 00:00:00-04:00,2.3635029792785645,2.373229319444557,2.353776639112572,2.3635029792785645,147400,0.0,0.0
2024-08-29 00:00:00-04:00,2.382955605156745,2.382955605156745,2.3537765853255483,2.3732292652130127,279400,0.0,0.0
2024-08-30 00:00:00-04:00,2.382955521232361,2.441313558839465,2.373229181631177,2.4315872192382812,429700,0.0,0.0
2024-09-03 00:00:00-04:00,2.4413135346050727,2.4704925531189708,2.382955497577276,2.392681837081909,1467900,0.0,0.0
2024-09-04 00:00:00-04:00,2.402408470958885,2.4218611523517297,2.3635031081731954,2.38295578956604,559900,0.0,0.0
2024-09-05 00:00:00-04:00,2.373229297502523,2.382955637578589,2.3148712570461263,2.3245975971221924,511600,0.0,0.0
2024-09-06 00:00:00-04:00,2.3245972984786003,2.3343236373051126,2.227333678319265,2.24678635597229,1007800,0.0,0.0
2024-09-09 00:00:00-04:00,2.237060341550432,2.237060341550432,2.1787023001286343,2.1884286403656006,1050300,0.0,0.0
2024-09-10 00:00:00-04:00,2.188428186537392,2.1981545247573457,2.0814384661178984,2.139796495437622,760600,0.0,0.0
2024-09-11 00:00:00-04:00,2.178702340907224,2.2759657450973583,2.178702340907224,2.2662394046783447,556500,0.0,0.0
2024-09-12 00:00:00-04:00,2.2856918694172506,2.32459745930925,2.275965529917807,2.3051445484161377,300600,0.0,0.0
2024-09-13 00:00:00-04:00,2.3245975682627393,2.3245975682627393,2.275965636591926,2.285691976547241,241000,0.0,0.0
2024-09-16 00:00:00-04:00,2.285691976547241,2.3148712283074238,2.275965636591926,2.285691976547241,240100,0.0,0.0
2024-09-17 00:00:00-04:00,2.2856918694172506,2.334323798808694,2.2856918694172506,2.3051445484161377,285000,0.0,0.0
2024-09-18 00:00:00-04:00,2.305144685075821,2.3343239371982585,2.2759656648476225,2.3245975971221924,230600,0.0,0.0
2024-09-19 00:00:00-04:00,2.334323905438084,2.382955605156745,2.324597565494352,2.3732292652130127,302800,0.0,0.0
2024-09-20 00:00:00-04:00,2.3440500906745467,2.3732291085799284,2.314871072769165,2.314871072769165,272200,0.0,0.0
2024-09-23 00:00:00-04:00,2.334323905438084,2.382955605156745,2.334323905438084,2.3732292652130127,248000,0.0,0.0
2024-09-24 00:00:00-04:00,2.3926819361099088,2.460766315460205,2.3829555962027236,2.460766315460205,428800,0.0,0.0
2024-09-25 00:00:00-04:00,2.4510400075053043,2.460766347539284,2.402408307335405,2.4121346473693848,374100,0.0,0.0
2024-09-26 00:00:00-04:00,2.4218610832346172,2.4899454661665246,2.412134742815773,2.4802191257476807,524600,0.0,0.0
2024-09-27 00:00:00-04:00,2.4704926553673903,2.4899453351817606,2.4413136356458347,2.460766315460205,314300,0.0,0.0
2024-09-30 00:00:00-04:00,2.4704926776320533,2.5093980376114184,2.44131365764753,2.499671697616577,264100,0.0,0.0
2024-10-01 00:00:00-04:00,2.4996717301325693,2.509398070253932,2.441313689404394,2.451040029525757,327500,0.0,0.0
2024-10-02 00:00:00-04:00,2.460766499179883,2.4704928398132324,2.4315874772798356,2.4704928398132324,273600,0.0,0.0
2024-10-03 00:00:00-04:00,2.480218923765708,2.480218923765708,2.33432382936433,2.344050168991089,717600,0.0,0.0
2024-10-04 00:00:00-04:00,2.3829554444408583,2.412134462304107,2.363502765865359,2.4024081230163574,357500,0.0,0.0
2024-10-07 00:00:00-04:00,2.4121343560260446,2.460766050322092,2.402408017166835,2.421860694885254,457900,0.0,0.0
2024-10-08 00:00:00-04:00,2.3926816783076257,2.441313372603673,2.3537763228707878,2.421860694885254,614600,0.0,0.0
2024-10-09 00:00:00-04:00,2.4218610760747423,2.4218610760747423,2.334324012563937,2.353776693344116,330200,0.0,0.0
2024-10-10 00:00:00-04:00,2.3635029792785645,2.431587360440511,2.353776639112572,2.3635029792785645,550100,0.0,0.0
2024-10-11 00:00:00-04:00,2.373229374124295,2.392682054904474,2.3440503529540266,2.353776693344116,210500,0.0,0.0
2024-10-14 00:00:00-04:00,2.3440500906745467,2.3732291085799284,2.314871072769165,2.314871072769165,206500,0.0,0.0
2024-10-15 00:00:00-04:00,2.3148711501108132,2.3537765086178473,2.285691899336309,2.344050168991089,1232600,0.0,0.0
2024-10-16 00:00:00-04:00,2.334323751372753,2.3537764299763406,2.2954181622713565,2.314871072769165,417000,0.0,0.0
2024-10-17 00:00:00-04:00,2.3148711198098066,2.334323798808694,2.2954182089166943,2.3051445484161377,179300,0.0,0.0
2024-10-18 00:00:00-04:00,2.3148712570461263,2.3245975971221924,2.2856920049236886,2.3245975971221924,234700,0.0,0.0
2024-10-21 00:00:00-04:00,2.3245976234379024,2.334323963624076,2.256513010240446,2.275965690612793,307100,0.0,0.0
2024-10-22 00:00:00-04:00,2.266239033625315,2.275965372451828,2.24678635597229,2.24678635597229,208100,0.0,0.0
2024-10-23 00:00:00-04:00,2.2370599617594653,2.246786300345168,2.100891221559627,2.168975591659546,1459100,0.0,0.0
2024-10-24 00:00:00-04:00,2.178702035698975,2.24678640909432,2.139796679473063,2.237060070037842,463800,0.0,0.0
2024-10-25 00:00:00-04:00,2.2370602315100885,2.26623925078568,2.207881212234497,2.207881212234497,204800,0.0,0.0
2024-10-28 00:00:00-04:00,2.2176077163487045,2.2273340568280924,2.1689760139517644,2.1787023544311523,227400,0.0,0.0
2024-10-29 00:00:00-04:00,2.1787019302452486,2.198154607416654,2.1495229144881405,2.168975591659546,241900,0.0,0.0
2024-10-30 00:00:00-04:00,2.1689758609538003,2.1787022007470993,2.1106178221940057,2.1203441619873047,1400400,0.0,0.0
2024-10-31 00:00:00-04:00,2.159249357586019,2.237060070037842,2.120344001360108,2.237060070037842,564500,0.0,0.0
2024-11-01 00:00:00-04:00,2.217607393225939,2.2370600713503075,2.139796680728465,2.1495230197906494,473400,0.0,0.0
2024-11-04 00:00:00-05:00,2.168975591659546,2.198154607416654,2.1397965759024378,2.168975591659546,719000,0.0,0.0
2024-11-05 00:00:00-05:00,2.1689760139517644,2.1884286949105403,2.149523332992988,2.1787023544311523,320800,0.0,0.0
2024-11-06 00:00:00-05:00,2.1787021929589057,2.207881212234497,2.139796833924784,2.207881212234497,642000,0.0,0.0
2024-11-07 00:00:00-05:00,2.2078811055264906,2.2370601233918452,2.1884284269495873,2.2273337841033936,337900,0.0,0.0
2024-11-08 00:00:00-05:00,2.2176073386623196,2.2370600163080603,2.1495229669022273,2.1592493057250977,355300,0.0,0.0
2024-11-11 00:00:00-05:00,2.168975697915018,2.178702036977202,2.1495230197906494,2.1495230197906494,322200,0.0,0.0
2024-11-12 00:00:00-05:00,2.1689760139517644,2.198155035389928,2.149523332992988,2.1787023544311523,1130100,0.0,0.0
2024-11-13 00:00:00-05:00,2.168975806111227,2.1787021456585958,2.130070447921753,2.130070447921753,350800,0.0,0.0
2024-11-14 00:00:00-05:00,2.139796495437622,2.15924917187753,2.130070157217668,2.139796495437622,253600,0.0,0.0
2024-11-15 00:00:00-05:00,2.1397967874691215,2.1397967874691215,2.1203441083743844,2.130070447921753,268900,0.0,0.0
2024-11-18 00:00:00-05:00,2.1300705017806036,2.139796841573903,2.1106178221940057,2.1203441619873047,453700,0.0,0.0
2024-11-19 00:00:00-05:00,2.120344216094353,2.130070556135849,2.081438855928367,2.1106178760528564,549900,0.0,0.0
2024-11-20 00:00:00-05:00,2.10089153601136,2.1106178760528564,2.081438855928367,2.1106178760528564,341000,0.0,0.0
2024-11-21 00:00:00-05:00,2.091164844771692,2.091164844771692,2.013353905613348,2.0425329208374023,794300,0.0,0.0
2024-11-22 00:00:00-05:00,2.042533189193098,2.091165119516834,2.0328068495071965,2.0814387798309326,434900,0.0,0.0
2024-11-25 00:00:00-05:00,1.7993745508618204,1.9549960991682955,1.7410163977799467,1.848006248474121,6235300,0.0,0.0
2024-11-26 00:00:00-05:00,1.8091010151399955,1.848006375912752,1.7507428580337396,1.7604691982269287,1676200,0.0,0.0
2024-11-27 00:00:00-05:00,1.760468973292556,1.760468973292556,1.6826582616888843,1.6923846006393433,1379900,0.0,0.0
2024-11-29 00:00:00-05:00,1.7021110827003074,1.7701955770250506,1.6826584031638423,1.7312901020050049,959900,0.0,0.0
2024-12-02 00:00:00-05:00,1.7896482745556719,1.8966381290290828,1.750742799144448,1.8577326536178589,2097500,0.0,0.0
2024-12-03 00:00:00-05:00,1.8577326149026792,1.9063644291664419,1.8480062752393496,1.8869117498397827,758400,0.0,0.0
2024-12-04 00:00:00-05:00,1.8674589934838857,1.8771853333499124,1.8480063137518323,1.8577326536178589,849900,0.0,0.0
2024-12-05 00:00:00-05:00,1.8480062603820406,1.8771852791374406,1.8480062603820406,1.8674589395523071,563300,0.0,0.0
2024-12-06 00:00:00-05:00,1.8577326856969378,1.8674590257309176,1.8091009855270386,1.8091009855270386,901500,0.0,0.0
2024-12-09 00:00:00-05:00,1.8382799625396729,1.8480063023456672,1.80910094312169,1.8382799625396729,555100,0.0,0.0
2024-12-10 00:00:00-05:00,1.8382799509508425,1.8382799509508425,1.8188272714614868,1.8188272714614868,361800,0.0,0.0
2024-12-11 00:00:00-05:00,1.8188272978067892,1.8286059297920012,1.7503767573398157,1.7992700338363647,1785100,0.01,0.0
2024-12-12 00:00:00-05:00,1.7894912709003665,1.8383844272485406,1.7797126396307317,1.8090485334396362,903700,0.0,0.0
2024-12-13 00:00:00-05:00,1.8090485334396362,1.8286057959789057,1.8090485334396362,1.8090485334396362,681300,0.0,0.0
2024-12-16 00:00:00-05:00,1.8090485334396362,1.818827164709271,1.7894912709003665,1.8090485334396362,837300,0.0,0.0
2024-12-17 00:00:00-05:00,1.8188272978067892,1.8188272978067892,1.7797127698659405,1.7992700338363647,535800,0.0,0.0
2024-12-18 00:00:00-05:00,1.7992698655939117,1.8970562928729082,1.7894912345230598,1.8383843898773193,770900,0.0,0.0
2024-12-19 00:00:00-05:00,1.8383844272485406,1.867720321057445,1.7992699021700014,1.8090485334396362,527200,0.0,0.0
2024-12-20 00:00:00-05:00,1.8090485334396362,1.8383844272485406,1.7992699021700014,1.8090485334396362,787500,0.0,0.0
2024-12-23 00:00:00-05:00,1.799269830166808,1.8872775080716293,1.7894911992884945,1.8677202463150024,728300,0.0,0.0
2024-12-24 00:00:00-05:00,1.857941652019023,1.8677202830898751,1.8286057588064675,1.8383843898773193,207900,0.0,0.0
2024-12-26 00:00:00-05:00,1.8383843898773193,1.857941652019023,1.8188271277356156,1.8383843898773193,578700,0.0,0.0
2024-12-27 00:00:00-05:00,1.8481632743060747,1.8579419067174434,1.7992701122492314,1.8286060094833374,588000,0.0,0.0
2024-12-30 00:00:00-05:00,1.809048639617916,1.828605903305058,1.799270007774345,1.8188272714614868,521400,0.0,0.0
2024-12-31 00:00:00-05:00,1.799269999830421,1.9263923298060737,1.7894913680300235,1.9166136980056763,752100,0.0,0.0
2025-01-02 00:00:00-05:00,1.9263923298060737,1.955728225207266,1.8970564344048815,1.9166136980056763,375900,0.0,0.0
2025-01-03 00:00:00-05:00,1.9557282385281236,1.9557282385281236,1.8677204351546217,1.9068350791931152,347300,0.0,0.0
2025-01-06 00:00:00-05:00,1.8872776943664833,1.9068350746241116,1.8188272714614868,1.8188272714614868,256800,0.0,0.0
2025-01-07 00:00:00-05:00,1.8872777761783235,1.9263924218186794,1.8383846148409932,1.8481632471084595,1041600,0.0,0.0
2025-01-08 00:00:00-05:00,1.8481631669921996,1.8481631669921996,1.809048639617916,1.8188272714614868,372000,0.0,0.0
2025-01-10 00:00:00-05:00,1.8579418659210205,1.8677204981176714,1.818827337134417,1.8579418659210205,569100,0.0,0.0
2025-01-13 00:00:00-05:00,1.8774990625229122,1.8774990625229122,1.809048639617916,1.8188272714614868,510400,0.0,0.0
2025-01-14 00:00:00-05:00,1.8090485334396362,1.8286057959789057,1.7992699021700014,1.8090485334396362,392500,0.0,0.0
2025-01-15 00:00:00-05:00,1.8286060094833374,1.8481632743060747,1.8090487446606,1.8286060094833374,202900,0.0,0.0
2025-01-16 00:00:00-05:00,1.8090486791381912,1.8188273111953852,1.7601554022817332,1.7894914150238037,378300,0.0,0.0
2025-01-17 00:00:00-05:00,1.7894912709003665,1.8286057959789057,1.7894912709003665,1.8090485334396362,264400,0.0,0.0
2025-01-21 00:00:00-05:00,1.8090487035157397,1.8286059678936681,1.7503767938114636,1.769934058189392,301300,0.0,0.0
2025-01-22 00:00:00-05:00,1.7601554665805268,1.769934098994936,1.740598201751709,1.740598201751709,203200,0.0,0.0
2025-01-23 00:00:00-05:00,1.7308195693372999,1.750376834166118,1.721040936922891,1.740598201751709,224400,0.0,0.0
2025-01-24 00:00:00-05:00,1.750376834166118,1.750376834166118,1.7308195693372999,1.740598201751709,166200,0.0,0.0
2025-01-27 00:00:00-05:00,1.730819320132741,1.750376582145691,1.730819320132741,1.750376582145691,226200,0.0,0.0
2025-01-28 00:00:00-05:00,1.7405981748502761,1.8188273495269878,1.7405981748502761,1.760155439376831,366100,0.0,0.0
2025-01-29 00:00:00-05:00,1.7503766292513476,1.8090485334396362,1.7503766292513476,1.8090485334396362,152900,0.0,0.0
2025-01-30 00:00:00-05:00,1.7992700338363647,1.809048665821577,1.7797127698659405,1.7992700338363647,207700,0.0,0.0
2025-01-31 00:00:00-05:00,1.7992699399518952,1.8090485714268663,1.7797126770019531,1.7797126770019531,227900,0.0,0.0
2025-02-03 00:00:00-05:00,1.760155439376831,1.7797128204738777,1.7405981748502761,1.760155439376831,255500,0.0,0.0
2025-02-04 00:00:00-05:00,1.7699339289565,1.8090485714268663,1.7699339289565,1.7797126770019531,164500,0.0,0.0
2025-02-05 00:00:00-05:00,1.7894914150238037,1.8090486791381912,1.77971278296661,1.7894914150238037,112900,0.0,0.0
2025-02-06 00:00:00-05:00,1.7894913084769242,1.8090485714268663,1.7699339289565,1.7797126770019531,178900,0.0,0.0
2025-02-07 00:00:00-05:00,1.7894912709003665,1.8090485334396362,1.7894912709003665,1.8090485334396362,159200,0.0,0.0
2025-02-10 00:00:00-05:00,1.809048639617916,1.828605903305058,1.799270007774345,1.8188272714614868,335000,0.0,0.0
2025-02-11 00:00:00-05:00,1.8188271277356156,1.8383843898773193,1.8090484966647635,1.8383843898773193,146600,0.0,0.0
2025-02-12 00:00:00-05:00,1.8383844366819106,1.945949497770326,1.8286058053620986,1.8970563411712646,400400,0.0,0.0
2025-02-13 00:00:00-05:00,1.8872777356033759,1.9263923804027985,1.867720471488909,1.8774991035461426,379100,0.0,0.0
2025-02-14 00:00:00-05:00,1.8579418394241602,1.877499103538548,1.7894914150238037,1.7894914150238037,363000,0.0,0.0
2025-02-18 00:00:00-05:00,1.799269830166808,1.8677202463150024,1.799269830166808,1.8677202463150024,474200,0.0,0.0
2025-02-19 00:00:00-05:00,1.8677204714813542,1.8970564842234248,1.77971278296661,1.7894914150238037,557900,0.0,0.0
2025-02-20 00:00:00-05:00,1.7894912709003665,1.818827164709271,1.7601552605209823,1.8090485334396362,364900,0.0,0.0
2025-02-21 00:00:00-05:00,1.818827202901837,1.8286058343768081,1.7797126770019531,1.7797126770019531,282100,0.0,0.0
2025-02-24 00:00:00-05:00,1.760155439376831,1.8090487172637102,1.7210409103237212,1.760155439376831,676300,0.0,0.0
2025-02-25 00:00:00-05:00,1.7797127698659405,1.8481631937624257,1.76993402131024,1.7992700338363647,271300,0.0,0.0
2025-02-26 00:00:00-05:00,1.7992698655939117,1.8481630209481712,1.7992698655939117,1.8383843898773193,219900,0.0,0.0
2025-02-27 00:00:00-05:00,1.8286060094833374,1.8872778039515492,1.7992701122492314,1.8286060094833374,377100,0.0,0.0
2025-02-28 00:00:00-05:00,1.799270007774345,1.8774990625229122,1.7894913759307742,1.8188272714614868,217300,0.0,0.0
2025-03-03 00:00:00-05:00,1.8090487172637102,1.8383846140535427,1.7503768071135537,1.760155439376831,259800,0.0,0.0
2025-03-04 00:00:00-05:00,1.7210408319121009,1.750376727365373,1.691704936458829,1.7308194637298584,399300,0.0,0.0
2025-03-05 00:00:00-05:00,1.721040936922891,1.750376834166118,1.711262304508482,1.740598201751709,173700,0.0,0.0
2025-03-06 00:00:00-05:00,1.730819320132741,1.769933844158641,1.711262058119791,1.750376582145691,212900,0.0,0.0
2025-03-07 00:00:00-05:00,1.7503767938114636,1.7894914391378112,1.7405981616224995,1.769934058189392,166400,0.0,0.0
2025-03-10 00:00:00-04:00,1.7308194637298584,1.7699339910008878,1.7210408319121009,1.7308194637298584,210100,0.0,0.0
2025-03-11 00:00:00-04:00,1.7308196106091924,1.7405982432567757,1.6819264473712758,1.7112623453140259,241300,0.0,0.0
2025-03-12 00:00:00-04:00,1.6915926076893646,1.7604364260862415,1.6915926076893646,1.7407667636871338,312200,0.01,0.0
2025-03-13 00:00:00-04:00,1.7506014659876104,1.7801059574138176,1.7407666355122078,1.7604362964630127,200700,0.0,0.0
2025-03-14 00:00:00-04:00,1.7506015664135326,1.809610669891521,1.7309319043343476,1.7997758388519287,212800,0.0,0.0
2025-03-17 00:00:00-04:00,1.7997758470668708,1.8096106781513535,1.7702712365729878,1.7801060676574707,144700,0.0,0.0
2025-03-18 00:00:00-04:00,1.7702713012695312,1.7899410813977854,1.7506016383817158,1.7702713012695312,306800,0.0,0.0
2025-03-19 00:00:00-04:00,1.7702713012695312,1.7997759128416932,1.7604364698256236,1.7702713012695312,194200,0.0,0.0
2025-03-20 00:00:00-04:00,1.7309319862740458,1.7801061437998382,1.7309319862740458,1.7506016492843628,338700,0.0,0.0
2025-03-21 00:00:00-04:00,1.730931953676635,1.7506016163165272,1.6915926283968508,1.7014274597167969,527300,0.0,0.0
2025-03-24 00:00:00-04:00,1.7702712221546144,1.7702712221546144,1.681757743115187,1.6915925741195679,317600,0.0,0.0
2025-03-25 00:00:00-04:00,1.6915925842610855,1.7112622463877716,1.6620880910710563,1.6719229221343994,246900,0.0,0.0
2025-03-26 00:00:00-04:00,1.6817577531977423,1.6915925842610855,1.642418311703936,1.6719229221343994,293100,0.0,0.0
2025-03-27 00:00:00-04:00,1.6522532272657628,1.6522532272657628,1.6227487325668335,1.6227487325668335,451400,0.0,0.0
2025-03-28 00:00:00-04:00,1.6227486231790842,1.6325834540824384,1.593244130469021,1.6030789613723755,304000,0.0,0.0
2025-03-31 00:00:00-04:00,1.5834093945259256,1.6030790575122635,1.5342351198196411,1.5342351198196411,631400,0.0,0.0
2025-04-01 00:00:00-04:00,1.5342351002869903,1.5834093743672275,1.5342351002869903,1.5735745429992676,410100,0.0,0.0
2025-04-02 00:00:00-04:00,1.5735743599539895,1.5932440204018454,1.5539046995061336,1.5834091901779175,142300,0.0,0.0
2025-04-03 00:00:00-04:00,1.5440699783245293,1.5440699783245293,1.4653912137363818,1.4752260446548462,548200,0.0,0.0
2025-04-04 00:00:00-04:00,1.4358866053764692,1.4555562656297758,1.3080336964895523,1.3277033567428589,782800,0.0,0.0
2025-04-07 00:00:00-04:00,1.3080338673161889,1.3670428557825662,1.249024761609373,1.3375383615493774,435600,0.0,0.0
2025-04-08 00:00:00-04:00,1.3768777101811132,1.3768777101811132,1.288364108763341,1.2981990575790405,361200,0.0,0.0
2025-04-09 00:00:00-04:00,1.2883640669730334,1.3965473280322132,1.2785292357167841,1.3768776655197144,411100,0.0,0.0
2025-04-10 00:00:00-04:00,1.376877620746643,1.406382113555969,1.327703466064433,1.347373127937317,203500,0.0,0.0
2025-04-11 00:00:00-04:00,1.4063820838928223,1.4260518625912677,1.3768775917057994,1.4063820838928223,207800,0.0,0.0
2025-04-14 00:00:00-04:00,1.3965473092114875,1.4358867509467592,1.3867124780877784,1.4162170886993408,112200,0.0,0.0
2025-04-15 00:00:00-04:00,1.4063820838928223,1.41621703186226,1.3965472531638146,1.4063820838928223,135000,0.0,0.0
2025-04-16 00:00:00-04:00,1.4063821592884624,1.4260519390413977,1.367042834263465,1.3768776655197144,115400,0.0,0.0
2025-04-17 00:00:00-04:00,1.396547227956737,1.4653911590576172,1.396547227956737,1.4653911590576172,220000,0.0,0.0
2025-04-21 00:00:00-04:00,1.475226084202225,1.4948957465664516,1.3965473175048828,1.3965473175048828,161800,0.0,0.0
2025-04-22 00:00:00-04:00,1.3965472992303958,1.4358867406845093,1.376877637123556,1.4358867406845093,341400,0.0,0.0
2025-04-23 00:00:00-04:00,1.445721571737929,1.4752260648981887,1.4260519096310893,1.4358867406845093,309000,0.0,0.0
2025-04-24 00:00:00-04:00,1.445721497954631,1.4653911590576172,1.4260518368516446,1.4653911590576172,135700,0.0,0.0
2025-04-25 00:00:00-04:00,1.465391168299487,1.494895660140044,1.4358866764589295,1.4457215070724487,202900,0.0,0.0
2025-04-28 00:00:00-04:00,1.445721571737929,1.4653912338447688,1.4358867406845093,1.4358867406845093,96800,0.0,0.0
2025-04-29 00:00:00-04:00,1.455556402791349,1.4752260648981887,1.4260519096310893,1.4358867406845093,152800,0.0,0.0
2025-04-30 00:00:00-04:00,1.4358867406845093,1.4752260648981887,1.4358867406845093,1.4358867406845093,104700,0.0,0.0
2025-05-01 00:00:00-04:00,1.4555563376859677,1.4752259989130059,1.4358866764589295,1.4457215070724487,143600,0.0,0.0
2025-05-02 00:00:00-04:00,1.4555563376859677,1.4752259989130059,1.4457215070724487,1.4457215070724487,108100,0.0,0.0
2025-05-05 00:00:00-04:00,1.465391223654708,1.4752260546397382,1.4457215616846475,1.4555563926696777,126300,0.0,0.0
2025-05-06 00:00:00-04:00,1.4555563547782906,1.4555563547782906,1.4063820838928223,1.4063820838928223,202100,0.0,0.0
2025-05-07 00:00:00-04:00,1.3867124863227693,1.4358867594737716,1.3867124863227693,1.3965473175048828,134400,0.0,0.0
2025-05-08 00:00:00-04:00,1.3965472725184076,1.4063821033837152,1.3572079490571778,1.3670427799224854,398100,0.0,0.0
2025-05-09 00:00:00-04:00,1.3670427799224854,1.3965472725184076,1.3572079490571778,1.3670427799224854,99800,0.0,0.0
2025-05-12 00:00:00-04:00,1.3965472627038447,1.4063820935000355,1.376877601111463,1.3867124319076538,503800,0.0,0.0
2025-05-13 00:00:00-04:00,1.3965473718187709,1.5244002993990777,1.3965473718187709,1.5145654678344727,495200,0.0,0.0
2025-05-14 00:00:00-04:00,1.5342350200546155,1.5539047990023478,1.4850608657863644,1.4948956966400146,189400,0.0,0.0
2025-05-15 00:00:00-04:00,1.5047305719341904,1.5342350653665229,1.4850609096459684,1.524400234222412,229100,0.0,0.0
2025-05-16 00:00:00-04:00,1.5342350200546155,1.563739629855998,1.4948956966400146,1.4948956966400146,183300,0.0,0.0
2025-05-19 00:00:00-04:00,1.494895793846965,1.5440700685532494,1.475226130860627,1.5342351198196411,190100,0.0,0.0
2025-05-20 00:00:00-04:00,1.5342350653665229,1.544070013751069,1.5145654030783011,1.524400234222412,119600,0.0,0.0
2025-05-21 00:00:00-04:00,1.5047306362698676,1.5244002993990777,1.4948958047052623,1.5145654678344727,162200,0.0,0.0
2025-05-22 00:00:00-04:00,1.494895706491775,1.5047305374102393,1.4752260446548462,1.4752260446548462,148500,0.0,0.0
2025-05-23 00:00:00-04:00,1.4752260162363058,1.4850608469653135,1.3965472531638146,1.4063820838928223,350000,0.0,0.0
2025-05-27 00:00:00-04:00,1.4260518458454106,1.4457215070724487,1.4162170152318916,1.4457215070724487,164500,0.0,0.0
2025-05-28 00:00:00-04:00,1.4457214857839806,1.4457214857839806,1.3572078943252563,1.3572078943252563,201200,0.0,0.0
2025-05-29 00:00:00-04:00,1.4162170244100243,1.4948956698280724,1.3965472458150825,1.4260518550872803,529600,0.0,0.0
2025-05-30 00:00:00-04:00,1.4162170498108129,1.514565358347315,1.3965472708630808,1.4948956966400146,623100,0.0,0.0
2025-06-02 00:00:00-04:00,1.5145652613699976,1.6030788506257734,1.5047304311460696,1.5834091901779175,598100,0.0,0.0
2025-06-03 00:00:00-04:00,1.5735745538861041,1.6030790481941115,1.5342351109016554,1.5539048910140991,356200,0.0,0.0
2025-06-04 00:00:00-04:00,1.5834093853221065,1.6030790481941115,1.5440700595780965,1.5539048910140991,251700,0.0,0.0
2025-06-05 00:00:00-04:00,1.5539047165393134,1.5834092075345116,1.5342349386354222,1.5440698862075806,258000,0.0,0.0
2025-06-06 00:00:00-04:00,1.544070013751069,1.5834093383275127,1.5145654030783011,1.524400234222412,280000,0.0,0.0
2025-06-09 00:00:00-04:00,1.5244001238925664,1.5440699019976052,1.504730463027954,1.504730463027954,255600,0.0,0.0
2025-06-10 00:00:00-04:00,1.504730447640224,1.5440698862075806,1.504730447640224,1.5440698862075806,196600,0.0,0.0
2025-06-11 00:00:00-04:00,1.5637395297300616,1.5834091901779175,1.5342349218178535,1.5834091901779175,236300,0.0,0.0
2025-06-12 00:00:00-04:00,1.5932440204018454,1.6030788506257734,1.5735743599539895,1.5834091901779175,277300,0.0,0.0
2025-06-13 00:00:00-04:00,1.5735745020440228,1.662088099292366,1.5735745020440228,1.6522531509399414,320600,0.0,0.0
2025-06-16 00:00:00-04:00,1.6915926141048667,1.6915926141048667,1.6030790157327512,1.6129138469696045,280600,0.0,0.0
2025-06-17 00:00:00-04:00,1.583228297822417,1.6722849212765971,1.563437963268088,1.6623896360397339,215400,0.01,0.0
2025-06-18 00:00:00-04:00,1.6524945117883438,1.6623896793231476,1.6327041767187365,1.64259934425354,318700,0.0,0.0
2025-06-20 00:00:00-04:00,1.6228089013326665,1.6327040682098413,1.5436474483555753,1.5535427331924438,470200,0.0,0.0
2025-06-23 00:00:00-04:00,1.5436475241393253,1.6030186462768299,1.5436475241393253,1.5733331441879272,366300,0.0,0.0
2025-06-24 00:00:00-04:00,1.573333063620127,1.6228088979013884,1.573333063620127,1.5832282304763794,358900,0.0,0.0
2025-06-25 00:00:00-04:00,1.5931234789138624,1.5931234789138624,1.5634379768249598,1.5733331441879272,197100,0.0,0.0
2025-06-26 00:00:00-04:00,1.563438057899475,1.5733332257755719,1.5436476041875757,1.563438057899475,156500,0.0,0.0
2025-06-27 00:00:00-04:00,1.5535428628004935,1.5733331982058991,1.4941717386245728,1.4941717386245728,118400,0.0,0.0
2025-06-30 00:00:00-04:00,1.4941716664694271,1.5040668336942817,1.4446958303451538,1.4446958303451538,325800,0.0,0.0
2025-07-01 00:00:00-04:00,1.4545910358428955,1.494171705783752,1.4446958683576814,1.4545910358428955,206700,0.0,0.0
2025-07-02 00:00:00-04:00,1.4644861562446918,1.504066824913025,1.4545909890776085,1.504066824913025,280900,0.0,0.0
2025-07-03 00:00:00-04:00,1.4941716577459416,1.5139619920801082,1.4842764905788584,1.504066824913025,126000,0.0,0.0
2025-07-07 00:00:00-04:00,1.4941715805735498,1.5139619138855664,1.4644860806055249,1.4842764139175415,286400,0.0,0.0
2025-07-08 00:00:00-04:00,1.484276528157936,1.5238571978283768,1.4743813607403258,1.5139620304107666,320700,0.0,0.0
2025-07-09 00:00:00-04:00,1.5040669063272756,1.5139620740299784,1.48427657092187,1.4941717386245728,103800,0.0,0.0
2025-07-10 00:00:00-04:00,1.4941717648070916,1.563438057899475,1.4842765969309948,1.563438057899475,360700,0.0,0.0
2025-07-11 00:00:00-04:00,1.5535428048053266,1.6228089761384774,1.5535428048053266,1.6030186414718628,448000,0.0,0.0
2025-07-14 00:00:00-04:00,1.6228089332580566,1.6623896015454227,1.593123432042532,1.6228089332580566,274000,0.0,0.0
2025-07-15 00:00:00-04:00,1.6327041483657323,1.6327041483657323,1.5535428094619923,1.5733331441879272,322900,0.0,0.0
2025-07-16 00:00:00-04:00,1.583228393651669,1.622809065156056,1.5535428900233783,1.563438057899475,182000,0.0,0.0
2025-07-17 00:00:00-04:00,1.553542800317994,1.642599306060524,1.5337523477488442,1.6327041387557983,231800,0.0,0.0
2025-07-18 00:00:00-04:00,1.6228088979013884,1.6327040647576407,1.573333063620127,1.5832282304763794,316900,0.0,0.0
2025-07-21 00:00:00-04:00,1.5832282338239678,1.5931234007011426,1.5436474483555753,1.5535427331924438,227000,0.0,0.0
2025-07-22 00:00:00-04:00,1.5634379768249598,1.6030186462768299,1.5337523567763578,1.5733331441879272,295500,0.0,0.0
2025-07-23 00:00:00-04:00,1.603018595300497,1.6524944305419922,1.603018595300497,1.6524944305419922,445600,0.0,0.0
2025-07-24 00:00:00-04:00,1.6524945117883438,1.6623896793231476,1.6228090091839327,1.64259934425354,250700,0.0,0.0
2025-07-25 00:00:00-04:00,1.6425993496719384,1.652494517239383,1.5931235118347151,1.6129138469696045,301600,0.0,0.0
2025-07-28 00:00:00-04:00,1.652494478138399,1.652494478138399,1.5931234741385556,1.6030186414718628,194900,0.0,0.0
2025-07-29 00:00:00-04:00,1.6030185641888839,1.6129137310451362,1.5832282304763794,1.5832282304763794,240800,0.0,0.0
2025-07-30 00:00:00-04:00,1.5832283202937383,1.5931234877113485,1.5040668629931564,1.5139620304107666,321100,0.0,0.0
2025-07-31 00:00:00-04:00,1.533752365245987,1.533752365245987,1.484276528157936,1.5139620304107666,215200,0.0,0.0
2025-08-01 00:00:00-04:00,1.5139619964106388,1.5337523308014136,1.464486160433702,1.4743813276290894,183100,0.0,0.0
2025-08-04 00:00:00-04:00,1.4545910678137615,1.5139620740299784,1.4446959001110586,1.4941717386245728,173200,0.0,0.0
2025-08-05 00:00:00-04:00,1.504066900578741,1.5436475712382753,1.504066900578741,1.5238572359085083,150400,0.0,0.0
2025-08-06 00:00:00-04:00,1.5436475276947021,1.5634379804259189,1.5337523603089438,1.5436475276947021,123400,0.0,0.0
2025-08-07 00:00:00-04:00,1.5436475712382753,1.5535428568628622,1.5139620682436248,1.5238572359085083,267000,0.0,0.0
2025-08-08 00:00:00-04:00,1.513962025537427,1.5535428130401605,1.513962025537427,1.5436475276947021,134000,0.0,0.0
2025-08-11 00:00:00-04:00,1.5337523221969604,1.5436474893368353,1.4941716536374612,1.5337523221969604,362200,0.0,0.0
2025-08-12 00:00:00-04:00,1.5337523603089438,1.5832283151974356,1.5238571929231854,1.5436475276947021,365200,0.0,0.0
2025-08-13 00:00:00-04:00,1.5238571146012259,1.573333066946793,1.5238571146012259,1.5535427331924438,318700,0.0,0.0
2025-08-14 00:00:00-04:00,1.5337522814784006,1.573333066946793,1.5337522814784006,1.5535427331924438,145300,0.0,0.0
2025-08-15 00:00:00-04:00,1.5436474893368353,1.563437941576282,1.5139619879172108,1.5337523221969604,218600,0.0,0.0
2025-08-18 00:00:00-04:00,1.5337523884703452,1.6722849703339744,1.5337523884703452,1.6129138469696045,1011600,0.0,0.0
2025-08-19 00:00:00-04:00,1.622808944415531,1.622808944415531,1.5337523221969604,1.5337523221969604,476900,0.0,0.0
2025-08-20 00:00:00-04:00,1.5337523603089438,1.5733331478116772,1.5337523603089438,1.5436475276947021,333600,0.0,0.0
2025-08-21 00:00:00-04:00,1.533688470344268,1.6133606433868408,1.533688470344268,1.6133606433868408,383900,0.01,0.0
2025-08-22 00:00:00-04:00,1.6133606678604921,1.6432376886844002,1.5934426539778868,1.6034016609191895,327100,0.0,0.0
2025-08-25 00:00:00-04:00,1.613360713090434,1.6930328895751614,1.5934426986494348,1.633278727531433,934000,0.0,0.0
2025-08-26 00:00:00-04:00,1.6332786786221902,1.6631556993890086,1.6233196716999174,1.6531966924667358,187300,0.0,0.0
2025-08-27 00:00:00-04:00,1.6432377347519327,1.6631557491929319,1.633278727531433,1.633278727531433,217800,0.0,0.0
2025-08-28 00:00:00-04:00,1.633278702928602,1.6432377099990845,1.6233196958581195,1.6432377099990845,205400,0.0,0.0
2025-08-29 00:00:00-04:00,1.6432377347519327,1.6631557491929319,1.6233197203109335,1.633278727531433,311500,0.0,0.0
2025-09-02 00:00:00-04:00,1.633278632495505,1.6531966457775304,1.6133606192134795,1.6233196258544922,187300,0.0,0.0
2025-09-03 00:00:00-04:00,1.633278727531433,1.6432377347519327,1.613360713090434,1.633278727531433,190600,0.0,0.0
2025-09-04 00:00:00-04:00,1.6233197203109335,1.6531967419724323,1.6233197203109335,1.633278727531433,194200,0.0,0.0
2025-09-05 00:00:00-04:00,1.623319647831035,1.6731146817102254,1.623319647831035,1.6631556749343872,270200,0.0,0.0
2025-09-08 00:00:00-04:00,1.6731147440468521,1.792622948530251,1.6731147440468521,1.7826639413833618,934500,0.0,0.0
2025-09-09 00:00:00-04:00,1.7926228702976028,1.9718852285597979,1.7926228702976028,1.9619262218475342,1146000,0.0,0.0
2025-09-10 00:00:00-04:00,1.9420082632635463,1.96192627725054,1.8324590676143522,1.8424180746078491,410200,0.0,0.0
2025-09-11 00:00:00-04:00,1.8225000126183972,1.9121310731990953,1.8225000126183972,1.8623360395431519,230700,0.0,0.0
2025-09-12 00:00:00-04:00,1.8324590848520512,1.9718853027932999,1.7926229377826022,1.93204927444458,525300,0.0,0.0
2025-09-15 00:00:00-04:00,1.9121311173087256,1.9718852777950098,1.8922131033868734,1.9420082569122314,355100,0.0,0.0
2025-09-16 00:00:00-04:00,1.942008285039483,1.971885306354988,1.8623361094774076,1.8822541236877441,481300,0.0,0.0
2025-09-17 00:00:00-04:00,1.8822540749286787,1.9320492278853252,1.8722950680814947,1.9021720886230469,182300,0.0,0.0
2025-09-18 00:00:00-04:00,1.9121311201063902,1.9220901270818873,1.872295092204401,1.8922131061553955,197700,0.0,0.0
2025-09-19 00:00:00-04:00,1.9021721165688306,1.9220901305558242,1.8324590676143522,1.8424180746078491,411700,0.0,0.0
2025-09-22 00:00:00-04:00,1.8424180282239253,1.8424180282239253,1.8025818825321072,1.8125410079956055,288000,0.0,0.0
2025-09-23 00:00:00-04:00,1.8324590433522252,1.9121310982453263,1.8225000364905874,1.8523770570755005,194700,0.0,0.0
2025-09-24 00:00:00-04:00,1.8523770328119633,1.892213059736718,1.8125410058872087,1.8623360395431519,412100,0.0,0.0
2025-09-25 00:00:00-04:00,1.8623360916402176,1.8623360916402176,1.7727049098314485,1.7926229238510132,372900,0.0,0.0
2025-09-26 00:00:00-04:00,1.7926228774955257,1.8424180299775113,1.7527868504865174,1.7627458572387695,365600,0.0,0.0
2025-09-29 00:00:00-04:00,1.762745906363047,1.7826639204226273,1.7129508712140966,1.7428278923034668,402700,0.0,0.0
2025-09-30 00:00:00-04:00,1.7428278225407887,1.7527868291719353,1.6332786308774523,1.6731146574020386,466900,0.0,0.0
2025-10-01 00:00:00-04:00,1.6631556968739936,1.7129508501307846,1.6631556968739936,1.7029918432235718,213000,0.0,0.0
2025-10-02 00:00:00-04:00,1.7129508026473488,1.7129508026473488,1.6731146574020386,1.6731146574020386,237000,0.0,0.0
2025-10-03 00:00:00-04:00,1.6731147523711005,1.7229099070740215,1.643237730781786,1.683073878288269,497000,0.0,0.0
2025-10-06 00:00:00-04:00,1.712950823477509,1.812541009720755,1.712950823477509,1.7627458572387695,393600,0.0,0.0
2025-10-07 00:00:00-04:00,1.762745910112744,1.772704917163719,1.6830738537049457,1.6930328607559204,221300,0.0,0.0
2025-10-08 00:00:00-04:00,1.683073782753909,1.7229098092784954,1.6531966441397454,1.6731146574020386,194600,0.0,0.0
2025-10-09 00:00:00-04:00,1.6731147063112815,1.693032838876554,1.6531966924667358,1.6531966924667358,210800,0.0,0.0
2025-10-10 00:00:00-04:00,1.6432376662836186,1.67311468670024,1.5635656118392944,1.5635656118392944,475500,0.0,0.0
2025-10-13 00:00:00-04:00,1.5735246162259173,1.6432376637575337,1.5735246162259173,1.6133606433868408,261600,0.0,0.0
2025-10-14 00:00:00-04:00,1.593442674646672,1.653196717069567,1.5735246605057072,1.6432377099990845,325900,0.0,0.0
2025-10-15 00:00:00-04:00,1.6531966924667358,1.6830738319542813,1.6332786786221902,1.6531966924667358,237400,0.0,0.0
2025-10-16 00:00:00-04:00,1.6432377032848373,1.7926229274524175,1.6432377032848373,1.7428278923034668,599300,0.0,0.0
2025-10-17 00:00:00-04:00,1.7229099070740215,1.772704943056212,1.6731147523711005,1.683073878288269,249200,0.0,0.0
2025-10-20 00:00:00-04:00,1.6731147523711005,1.7229099070740215,1.643237730781786,1.683073878288269,279300,0.0,0.0
2025-10-21 00:00:00-04:00,1.6930327910623055,1.7029917977033182,1.6133606192134795,1.6233196258544922,205100,0.0,0.0
2025-10-22 00:00:00-04:00,1.613360688787637,1.6631557241400494,1.593442674646672,1.6432377099990845,141300,0.0,0.0
2025-10-23 00:00:00-04:00,1.643237730781786,1.7029918926811454,1.643237730781786,1.683073878288269,263100,0.0,0.0
2025-10-24 00:00:00-04:00,1.7029918432235718,1.7229098570379975,1.6830738294091463,1.7029918432235718,209400,0.0,0.0
2025-10-27 00:00:00-04:00,1.7029917960162022,1.7129508026473488,1.6731146574020386,1.6731146574020386,139200,0.0,0.0
2025-10-28 00:00:00-04:00,1.6830738739810571,1.7627459313486704,1.6631557409184234,1.7328689098358154,415300,0.0,0.0
2025-10-29 00:00:00-04:00,1.7328688639452103,1.762745884666849,1.7029918432235718,1.7029918432235718,125800,0.0,0.0
2025-10-30 00:00:00-04:00,1.7129508015341997,1.742827821408224,1.7129508015341997,1.7229098081588745,145000,0.0,0.0
2025-10-31 00:00:00-04:00,1.7129508712140966,1.752786899333257,1.6830738501247262,1.7428278923034668,193600,0.0,0.0
2025-11-03 00:00:00-05:00,1.7229098570379975,1.7328688639452103,1.693032836316359,1.7029918432235718,157800,0.0,0.0
2025-11-04 00:00:00-05:00,1.6930328895751614,1.6930328895751614,1.6233197203109335,1.633278727531433,163900,0.0,0.0
2025-11-05 00:00:00-05:00,1.6332786308774523,1.6930327893850556,1.6332786308774523,1.6731146574020386,136900,0.0,0.0
2025-11-06 00:00:00-05:00,1.6432377099990845,1.673114731210532,1.6034016817171546,1.6432377099990845,586700,0.0,0.0
2025-11-07 00:00:00-05:00,1.623319692678368,1.7029918678068954,1.623319692678368,1.6930328607559204,260900,0.0,0.0
2025-11-10 00:00:00-05:00,1.72290985132514,1.8125410319135817,1.6930328307025684,1.8025819063186646,429600,0.0,0.0
2025-11-11 00:00:00-05:00,1.812541056591306,1.8225000636010884,1.7428278888021016,1.7926229238510132,198700,0.0,0.0
2025-11-12 00:00:00-05:00,1.7627458572387695,1.8025818842477779,1.7627458572387695,1.7627458572387695,157700,0.0,0.0
2025-11-13 00:00:00-05:00,1.7926228529380648,1.8324589981220756,1.7527868264747772,1.772704839706421,470600,0.0,0.0
2025-11-14 00:00:00-05:00,1.7527869199426946,1.7826639413833618,1.7328689056489166,1.7826639413833618,260800,0.0,0.0
2025-11-17 00:00:00-05:00,1.7627458330905992,1.7926228529380648,1.7527868264747772,1.772704839706421,185800,0.0,0.0
2025-11-18 00:00:00-05:00,1.7527869241777188,1.7527869241777188,1.6930328811520088,1.7328689098358154,332400,0.0,0.0
2025-11-19 00:00:00-05:00,1.7229098541004202,1.7527868747711182,1.7129508472101878,1.7527868747711182,135900,0.0,0.0
2025-11-20 00:00:00-05:00,1.7029917960162022,1.7428278225407887,1.663155650770892,1.6731146574020386,404600,0.0,0.0
2025-11-21 00:00:00-05:00,1.683073782753909,1.7129508026473488,1.6731146574020386,1.6731146574020386,247700,0.0,0.0
2025-11-24 00:00:00-05:00,1.673114654827479,1.7826638463222428,1.673114654827479,1.772704839706421,1030300,0.0,0.0
2025-11-25 00:00:00-05:00,1.792622854531598,1.792622854531598,1.7029917949095248,1.7229098081588745,438700,0.0,0.0
2025-11-26 00:00:00-05:00,1.7428278888021016,1.812541056591306,1.7428278888021016,1.7926229238510132,455900,0.0,0.0
2025-11-28 00:00:00-05:00,1.8025818770098665,1.9718852285597979,1.8025818770098665,1.9619262218475342,1046700,0.0,0.0
2025-12-01 00:00:00-05:00,1.9220900778109056,1.9320492032518377,1.8822540509300758,1.9121310710906982,521400,0.0,0.0
2025-12-02 00:00:00-05:00,1.8922131556925303,1.9220901774011867,1.862336133983874,1.8722951412200928,407100,0.0,0.0
2025-12-03 00:00:00-05:00,1.9021721072372841,2.0316393162383406,1.9021721072372841,1.9918032884597778,1782100,0.0,0.0
2025-12-04 00:00:00-05:00,2.0216802872316064,2.0216802872316064,1.9420082325439223,1.9519672393798828,672200,0.0,0.0
2025-12-05 00:00:00-05:00,1.9718853275494237,1.9918033419738452,1.9220901727676392,1.9220901727676392,606600,0.0,0.0
2025-12-08 00:00:00-05:00,1.9021721131308928,1.951967266729107,1.8922131061553955,1.8922131061553955,275300,0.0,0.0
2025-12-09 00:00:00-05:00,1.8922131061553955,1.9320492527781123,1.872295092204401,1.8922131061553955,338900,0.0,0.0
2025-12-10 00:00:00-05:00,1.8722951459802397,1.9021721677648558,1.8225001096725464,1.8225001096725464,574900,0.0,0.0
2025-12-11 00:00:00-05:00,1.8025819308607955,1.8623360916402176,1.7926229238510132,1.7926229238510132,241800,0.0,0.0
2025-12-12 00:00:00-05:00,1.8025819344822076,1.812541060232726,1.7428278923034668,1.7428278923034668,447900,0.0,0.0
2025-12-15 00:00:00-05:00,1.7428278678808855,1.7727048885515835,1.7328688609906528,1.7527868747711182,462500,0.0,0.0
2025-12-16 00:00:00-05:00,1.762745884666849,1.7727048915740617,1.7029918432235718,1.7029918432235718,373800,0.0,0.0
2025-12-17 00:00:00-05:00,1.7229098570379975,1.7328688639452103,1.693032836316359,1.7029918432235718,267200,0.0,0.0
2025-12-18 00:00:00-05:00,1.7328688392214682,1.7527868527517132,1.7029918189261006,1.7129508256912231,166100,0.0,0.0
2025-12-19 00:00:00-05:00,1.693032813982627,1.7727048681893314,1.6631556749343872,1.6631556749343872,616200,0.0,0.0
2025-12-22 00:00:00-05:00,1.6930328121609781,1.7229098324563457,1.6631556731448853,1.7129508256912231,756700,0.0,0.0
2025-12-23 00:00:00-05:00,1.693032836316359,1.7328688639452103,1.693032836316359,1.7029918432235718,437900,0.0,0.0
2025-12-24 00:00:00-05:00,1.7029918678068954,1.7229098819088449,1.6930328607559204,1.6930328607559204,197100,0.0,0.0
2025-12-26 00:00:00-05:00,1.6930328607559204,1.7328688889598198,1.6830738537049457,1.6930328607559204,574100,0.0,0.0
2025-12-29 00:00:00-05:00,1.683073878288269,1.7129508998775833,1.6631557451746624,1.683073878288269,544500,0.0,0.0
2025-12-30 00:00:00-05:00,1.693032836316359,1.7229098570379975,1.6731147037812064,1.7029918432235718,871900,0.0,0.0
2025-12-31 00:00:00-05:00,1.7129508527210997,1.7129508527210997,1.6332786786221902,1.6531966924667358,1361500,0.0,0.0
2026-01-02 00:00:00-05:00,1.683073782753909,1.7029917960162022,1.6731146574020386,1.6731146574020386,577700,0.0,0.0
2026-01-05 00:00:00-05:00,1.7229098081588745,1.7229098081588745,1.69303278828485,1.7229098081588745,377000,0.0,0.0
2026-01-06 00:00:00-05:00,1.7129508677727545,1.8225000636010884,1.7129508677727545,1.7926229238510132,576600,0.0,0.0
2026-01-07 00:00:00-05:00,1.8025818595538865,1.812540984890432,1.7627458330905992,1.772704839706421,408600,0.0,0.0
2026-01-08 00:00:00-05:00,1.7826639377855211,1.8722951206473555,1.7826639377855211,1.8324590921401978,568700,0.0,0.0
2026-01-09 00:00:00-05:00,1.8424180502138627,1.892213084522051,1.8324590433522252,1.8523770570755005,529300,0.0,0.0
2026-01-12 00:00:00-05:00,1.8523771063937766,1.882254127774145,1.8225000850134083,1.8324590921401978,343400,0.0,0.0
2026-01-13 00:00:00-05:00,1.8424181241956237,1.8722951459802397,1.8225001096725464,1.8225001096725464,257200,0.0,0.0
2026-01-14 00:00:00-05:00,1.8523770782534066,1.951967266729107,1.8523770782534066,1.8922131061553955,1089400,0.0,0.0
2026-01-15 00:00:00-05:00,1.8822540019374585,2.111311269260892,1.8822540019374585,2.0814342498779297,962800,0.0,0.0
2026-01-16 00:00:00-05:00,2.0913933546530727,2.171065647527725,2.0316393130781747,2.041598320007324,858100,0.0,0.0
2026-01-20 00:00:00-05:00,2.0415983738676546,2.0415983738676546,1.9519673091407097,1.971885323524475,441600,0.0,0.0
2026-01-21 00:00:00-05:00,2.0216802782545913,2.1611066107803865,2.0017622646711137,2.1511476039886475,849700,0.0,0.0
2026-01-22 00:00:00-05:00,2.131229712763799,2.1411887201273068,2.0615164237777814,2.1013524532318115,397000,0.0,0.0
2026-01-23 00:00:00-05:00,2.111311268740431,2.210901570767199,2.111311268740431,2.1810245513916016,1037600,0.0,0.0
2026-01-26 00:00:00-05:00,2.200942613174884,2.2109016198545306,2.1113113156166183,2.161106586456299,474300,0.0,0.0
2026-01-27 00:00:00-05:00,2.161106606150129,2.2606966738541416,2.161106606150129,2.2507376670837402,773000,0.0,0.0
2026-01-28 00:00:00-05:00,2.250737781458165,2.3403688469465056,2.250737781458165,2.300532817840576,1177500,0.0,0.0
2026-01-29 00:00:00-05:00,2.3403686531988437,2.3802049164483865,2.21090156932252,2.2806146144866943,847500,0.0,0.0
2026-01-30 00:00:00-05:00,2.2806147787995843,2.340368821816871,2.240778750121393,2.3104918003082275,501900,0.0,0.0
2026-02-02 00:00:00-05:00,2.2606966495513916,2.3204506895314365,2.2208606228980283,2.2606966495513916,470700,0.0,0.0
2026-02-03 00:00:00-05:00,2.2706556080346694,2.310491633842769,2.2606966015826444,2.2806146144866943,323600,0.0,0.0
2026-02-04 00:00:00-05:00,2.3005327009357464,2.320450714476549,2.200942633231734,2.2507376670837402,608100,0.0,0.0
2026-02-05 00:00:00-05:00,2.2109016198545306,2.250737646573116,2.161106586456299,2.161106586456299,599400,0.0,0.0
2026-02-06 00:00:00-05:00,2.19098355641847,2.300532627390744,2.181024549966445,2.2806146144866943,408800,0.0,0.0
2026-02-09 00:00:00-05:00,2.2905737134401583,2.3403687477111816,2.2407786791691344,2.3403687477111816,386100,0.0,0.0
2026-02-10 00:00:00-05:00,2.3005327443682684,2.360286786118792,2.3005327443682684,2.3304097652435303,586000,0.0,0.0
2026-02-11 00:00:00-05:00,2.350327773829103,2.430000066757202,2.350327773829103,2.430000066757202,1034100,0.0,0.0
2026-02-12 00:00:00-05:00,2.430000072269192,2.519631134894978,2.2905737374098476,2.3304097652435303,816700,0.0,0.0
2026-02-13 00:00:00-05:00,2.3304096463081714,2.410081935350817,2.29057362050757,2.380204916000366,809400,0.0,0.0
2026-02-17 00:00:00-05:00,2.350327845710719,2.420041133835075,2.3403688384703054,2.400123119354248,654500,0.0,0.0
2026-02-18 00:00:00-05:00,2.410082004744895,2.50967207211392,2.400122998007993,2.449918031692505,931200,0.0,0.0
2026-02-19 00:00:00-05:00,2.439959139229387,2.5694262328726203,2.420041124822736,2.499713182449341,1250300,0.0,0.0
2026-02-20 00:00:00-05:00,2.5096720205296807,2.5993030793195104,2.4797950009330707,2.5694260597229004,1202500,0.0,0.0
2026-02-23 00:00:00-05:00,2.5694262485486115,2.639139536838671,2.539549226756356,2.5893442630767822,1121200,0.0,0.0
2026-02-24 00:00:00-05:00,2.5793851395812077,2.6291804110992367,2.4997130850586844,2.5395491123199463,928000,0.0,0.0
2026-02-25 00:00:00-05:00,2.589344287968955,2.589344287968955,2.4897542143707123,2.579385280609131,807000,0.0,0.0
2026-02-26 00:00:00-05:00,2.400122993984486,2.5793851149482196,2.340368716221792,2.5495080947875977,1149700,0.0,0.0
2026-02-27 00:00:00-05:00,2.4997130139974773,2.6092620858517135,2.4997130139974773,2.5694260597229004,1192900,0.0,0.0
2026-03-02 00:00:00-05:00,2.589344142392588,2.6590574274334493,2.499713081193347,2.639139413833618,1467700,0.0,0.0
2026-03-03 00:00:00-05:00,2.6590574768381225,2.7088525117628808,2.579385183517053,2.6192214488983154,1798600,0.0,0.0
2026-03-04 00:00:00-05:00,2.6192213544517338,2.6291803610775735,2.489754030874372,2.559467077255249,866000,0.0,0.0
2026-03-05 00:00:00-05:00,2.569426182423578,2.6490984759273295,2.5096721403768565,2.5196311473846436,1249600,0.0,0.0
2026-03-06 00:00:00-05:00,2.4897540621324907,2.5295900891359784,2.350327730178833,2.350327730178833,1356800,0.0,0.0
2026-03-09 00:00:00-04:00,2.340368697054951,2.539549067269328,2.2706556505844255,2.4598770141601562,1603500,0.0,0.0
2026-03-10 00:00:00-04:00,2.4499180806288634,2.499713115308016,2.4200410598213717,2.430000066757202,507800,0.0,0.0
2026-03-11 00:00:00-04:00,2.440000057220459,2.5,2.390000104904175,2.430000066757202,1176000,0.01,0.0
2026-03-12 00:00:00-04:00,2.4200000762939453,2.440000057220459,2.2899999618530273,2.2899999618530273,693000,0.0,0.0
2026-03-13 00:00:00-04:00,2.299999952316284,2.4000000953674316,2.259999990463257,2.2699999809265137,874000,0.0,0.0
2026-03-16 00:00:00-04:00,2.2899999618530273,2.3399999141693115,2.2799999713897705,2.319999933242798,474300,0.0,0.0
2026-03-17 00:00:00-04:00,2.3299999237060547,2.4700000286102295,2.3299999237060547,2.450000047683716,799800,0.0,0.0
2026-03-18 00:00:00-04:00,2.440000057220459,2.5199999809265137,2.440000057220459,2.4600000381469727,535100,0.0,0.0
2026-03-19 00:00:00-04:00,2.4200000762939453,2.4800000190734863,2.309999942779541,2.450000047683716,782000,0.0,0.0
2026-03-20 00:00:00-04:00,2.4800000190734863,2.5,2.2899999618530273,2.309999942779541,867900,0.0,0.0
2026-03-23 00:00:00-04:00,2.3399999141693115,2.4700000286102295,2.319999933242798,2.4000000953674316,718600,0.0,0.0
2026-03-24 00:00:00-04:00,2.4100000858306885,2.5399999618530273,2.4100000858306885,2.5199999809265137,754100,0.0,0.0
2026-03-25 00:00:00-04:00,2.5399999618530273,2.5399999618530273,2.440000057220459,2.4700000286102295,595100,0.0,0.0
2026-03-26 00:00:00-04:00,2.4600000381469727,2.5199999809265137,2.440000057220459,2.440000057220459,414400,0.0,0.0
2026-03-27 00:00:00-04:00,2.440000057220459,2.5,2.369999885559082,2.4100000858306885,561100,0.0,0.0
2026-03-30 00:00:00-04:00,2.4100000858306885,2.4100000858306885,2.3299999237060547,2.359999895095825,359400,0.0,0.0
2026-03-31 00:00:00-04:00,2.4100000858306885,2.5,2.4000000953674316,2.5,428900,0.0,0.0
2026-04-01 00:00:00-04:00,2.509999990463257,2.5399999618530273,2.4800000190734863,2.490000009536743,473100,0.0,0.0
2026-04-02 00:00:00-04:00,2.4600000381469727,2.5799999237060547,2.4600000381469727,2.559999942779541,589400,0.0,0.0
2026-04-06 00:00:00-04:00,2.5399999618530273,2.569999933242798,2.5,2.559999942779541,486800,0.0,0.0
2026-04-07 00:00:00-04:00,2.5399999618530273,2.5799999237060547,2.5,2.5199999809265137,313700,0.0,0.0
2026-04-08 00:00:00-04:00,2.559999942779541,2.6500000953674316,2.509999990463257,2.630000114440918,918100,0.0,0.0
2026-04-09 00:00:00-04:00,2.630000114440918,2.640000104904175,2.440000057220459,2.450000047683716,792100,0.0,0.0
2026-04-10 00:00:00-04:00,2.4600000381469727,2.5,2.4200000762939453,2.4200000762939453,551400,0.0,0.0
2026-04-13 00:00:00-04:00,2.4100000858306885,2.5399999618530273,2.380000114440918,2.5199999809265137,338300,0.0,0.0
2026-04-14 00:00:00-04:00,2.549999952316284,2.5899999141693115,2.5,2.509999990463257,265900,0.0,0.0
2026-04-15 00:00:00-04:00,2.5199999809265137,2.5999999046325684,2.490000009536743,2.5199999809265137,337600,0.0,0.0
2026-04-16 00:00:00-04:00,2.549999952316284,2.559999942779541,2.5,2.5,358500,0.0,0.0
2026-04-17 00:00:00-04:00,2.5799999237060547,2.5999999046325684,2.509999990463257,2.569999933242798,632800,0.0,0.0
2026-04-20 00:00:00-04:00,2.559999942779541,2.609999895095825,2.5199999809265137,2.5899999141693115,577000,0.0,0.0
2026-04-21 00:00:00-04:00,2.5899999141693115,2.5899999141693115,2.4800000190734863,2.4800000190734863,412500,0.0,0.0
2026-04-22 00:00:00-04:00,2.5199999809265137,2.5199999809265137,2.4700000286102295,2.509999990463257,292500,0.0,0.0
2026-04-23 00:00:00-04:00,2.5,2.5,2.450000047683716,2.450000047683716,304400,0.0,0.0
2026-04-24 00:00:00-04:00,2.5,2.5,2.430000066757202,2.440000057220459,265100,0.0,0.0
2026-04-27 00:00:00-04:00,2.450000047683716,2.5,2.430000066757202,2.5,332700,0.0,0.0
2026-04-28 00:00:00-04:00,2.4800000190734863,2.5399999618530273,2.4600000381469727,2.5199999809265137,262200,0.0,0.0
2026-04-29 00:00:00-04:00,2.4800000190734863,2.5199999809265137,2.450000047683716,2.4700000286102295,231800,0.0,0.0
2026-04-30 00:00:00-04:00,2.4800000190734863,2.549999952316284,2.4800000190734863,2.509999990463257,536300,0.0,0.0
2026-05-01 00:00:00-04:00,2.509999990463257,2.5899999141693115,2.490000009536743,2.559999942779541,374600,0.0,0.0
2026-05-04 00:00:00-04:00,2.569999933242798,2.6600000858306885,2.5399999618530273,2.5899999141693115,682100,0.0,0.0
2026-05-05 00:00:00-04:00,2.619999885559082,2.740000009536743,2.5899999141693115,2.7200000286102295,1500000,0.0,0.0
2026-05-06 00:00:00-04:00,2.7200000286102295,2.7699999809265137,2.630000114440918,2.690000057220459,960100,0.0,0.0
2026-05-07 00:00:00-04:00,2.700000047683716,2.7200000286102295,2.6600000858306885,2.690000057220459,530100,0.0,0.0
2026-05-08 00:00:00-04:00,2.700000047683716,2.7200000286102295,2.680000066757202,2.7100000381469727,643200,0.0,0.0
2026-05-11 00:00:00-04:00,2.7100000381469727,2.7200000286102295,2.6500000953674316,2.700000047683716,621600,0.0,0.0
2026-05-12 00:00:00-04:00,2.690000057220459,2.9200000762939453,2.6600000858306885,2.9000000953674316,2037400,0.0,0.0
2026-05-13 00:00:00-04:00,2.869999885559082,2.869999885559082,2.7200000286102295,2.75,732200,0.0,0.0
2026-05-14 00:00:00-04:00,2.7799999713897705,2.799999952316284,2.740000009536743,2.759999990463257,426400,0.0,0.0
2026-05-15 00:00:00-04:00,2.690000057220459,2.7300000190734863,2.609999895095825,2.6700000762939453,810800,0.0,0.0
2026-05-18 00:00:00-04:00,2.6600000858306885,2.7200000286102295,2.619999885559082,2.680000066757202,571400,0.0,0.0
2026-05-19 00:00:00-04:00,2.690000057220459,2.700000047683716,2.619999885559082,2.630000114440918,279900,0.0,0.0
2026-05-20 00:00:00-04:00,2.6500000953674316,2.700000047683716,2.609999895095825,2.690000057220459,423000,0.0,0.0
2026-05-21 00:00:00-04:00,2.690000057220459,2.75,2.690000057220459,2.700000047683716,442900,0.0,0.0
2026-05-22 00:00:00-04:00,2.700000047683716,2.700000047683716,2.5899999141693115,2.5999999046325684,663700,0.0,0.0
2026-05-26 00:00:00-04:00,2.640000104904175,2.759999990463257,2.609999895095825,2.7200000286102295,1514100,0.0,0.0
2026-05-27 00:00:00-04:00,2.880000114440918,2.890000104904175,2.5,2.5199999809265137,4065400,0.0,0.0
2026-05-28 00:00:00-04:00,2.640000104904175,2.6600000858306885,2.369999885559082,2.4700000286102295,3802000,0.0,0.0
2026-05-29 00:00:00-04:00,2.4600000381469727,2.4800000190734863,2.3499999046325684,2.359999895095825,1413800,0.0,0.0
2026-06-01 00:00:00-04:00,2.3399999141693115,2.450000047683716,2.2799999713897705,2.440000057220459,1722200,0.0,0.0
2026-06-02 00:00:00-04:00,2.4700000286102295,2.4700000286102295,2.299999952316284,2.390000104904175,1550600,0.0,0.0
2026-06-03 00:00:00-04:00,2.359999895095825,2.390000104904175,2.309999942779541,2.3499999046325684,918200,0.0,0.0
2026-06-04 00:00:00-04:00,2.380000114440918,2.4000000953674316,2.369999885559082,2.380000114440918,673200,0.0,0.0
2026-06-05 00:00:00-04:00,2.365000009536743,2.3949999809265137,2.3399999141693115,2.3399999141693115,728423,0.0,0.0
