Date,Open,High,Low,Close,Volume,Dividends,Stock Splits
2022-01-03 00:00:00-05:00,4.36025333404541,4.421473844923328,4.319439768245927,4.36025333404541,71000,0.0,0.0
2022-01-04 00:00:00-05:00,4.353452433329937,4.3738590596668985,4.299034330621403,4.333045482635498,240300,0.0,0.0
2022-01-05 00:00:00-05:00,4.326242787712688,4.353451835329455,4.190197225271416,4.217406272888184,154400,0.0,0.0
2022-01-06 00:00:00-05:00,4.217406852201124,4.339847907652803,4.210604751541296,4.333045482635498,78700,0.0,0.0
2022-01-07 00:00:00-05:00,4.333045482635498,4.36705695900707,4.312638856298537,4.333045482635498,62200,0.0,0.0
2022-01-10 00:00:00-05:00,4.326241249244588,4.353450287185465,4.2922297896398325,4.299032211303711,58400,0.0,0.0
2022-01-11 00:00:00-05:00,4.299034230246655,4.305836330747667,4.251418229309698,4.2650227546691895,111500,0.0,0.0
2022-01-12 00:00:00-05:00,4.265022638698064,4.285429588361148,4.251418113708496,4.251418113708496,54500,0.0,0.0
2022-01-13 00:00:00-05:00,4.27182591198881,4.27182591198881,4.149384838401765,4.1901984214782715,178100,0.0,0.0
2022-01-14 00:00:00-05:00,3.999733077684965,4.108569245995076,3.9861285566462015,4.074557781219482,1154000,0.0,0.0
2022-01-18 00:00:00-05:00,4.074558360237706,4.095102496305266,3.992382469043398,3.9992306232452393,316500,0.04,0.0
2022-01-19 00:00:00-05:00,3.99923110179994,4.026623068809145,3.9855351182953376,4.019774913787842,231300,0.0,0.0
2022-01-20 00:00:00-05:00,4.012926151768543,4.026622132087019,3.985534191131592,3.985534191131592,161300,0.0,0.0
2022-01-21 00:00:00-05:00,3.971837992880243,3.992381798961764,3.875965809373446,3.8896617889404297,425400,0.0,0.0
2022-01-24 00:00:00-05:00,3.786942456434777,3.8280303989438016,3.718462225715128,3.800638437271118,289800,0.0,0.0
2022-01-25 00:00:00-05:00,3.773247077937103,3.8828149421185967,3.773247077937103,3.875966787338257,161400,0.0,0.0
2022-01-26 00:00:00-05:00,3.875965809373446,3.9375978806938283,3.875965809373446,3.8896617889404297,110400,0.0,0.0
2022-01-27 00:00:00-05:00,3.9239015349101107,3.951293491487594,3.8896614259193165,3.9375975131988525,139200,0.0,0.0
2022-01-28 00:00:00-05:00,3.937598971795956,3.9512949551580743,3.9033588501216605,3.923902988433838,103600,0.0,0.0
2022-01-31 00:00:00-05:00,3.9512926788666705,3.971836805343628,3.930748552389713,3.971836805343628,82800,0.0,0.0
2022-02-01 00:00:00-05:00,3.9649901137708117,3.992382074797303,3.94444630626991,3.9786860942840576,113100,0.0,0.0
2022-02-02 00:00:00-05:00,3.9718386595138035,3.9992306232452397,3.9718386595138035,3.9992306232452393,67500,0.0,0.0
2022-02-03 00:00:00-05:00,3.9649901137708117,3.992382074797303,3.9649901137708117,3.9786860942840576,64500,0.0,0.0
2022-02-04 00:00:00-05:00,3.978686094284057,3.9855342478096465,3.9581422867831555,3.9786860942840576,42400,0.0,0.0
2022-02-07 00:00:00-05:00,3.978684911040616,3.978684911040616,3.9375969817202496,3.9444451332092285,75100,0.0,0.0
2022-02-08 00:00:00-05:00,3.9170548334837787,3.9581431101081335,3.9170548334837787,3.923902988433838,93500,0.0,0.0
2022-02-09 00:00:00-05:00,3.9307497562885225,3.964989868724478,3.9307497562885225,3.958142042160034,114000,0.0,0.0
2022-02-10 00:00:00-05:00,3.9581431101081335,3.9581431101081335,3.9170548334837787,3.923902988433838,78400,0.0,0.0
2022-02-11 00:00:00-05:00,3.9375988742093435,3.9649908402547167,3.86911895909591,3.875966787338257,82300,0.0,0.0
2022-02-14 00:00:00-05:00,3.8759661426291805,3.882814296270432,3.8006384118030425,3.8143343925476074,119800,0.0,0.0
2022-02-15 00:00:00-05:00,3.8281294399624324,3.841924487377257,3.8005393451327825,3.8143343925476074,116100,0.04,0.0
2022-02-16 00:00:00-05:00,3.8074379668466523,3.814335657291113,3.7522577588909014,3.7729501724243164,233800,0.0,0.0
2022-02-17 00:00:00-05:00,3.8005393137284,3.8005393137284,3.745358795625191,3.7591538429260254,66900,0.0,0.0
2022-02-18 00:00:00-05:00,3.7384614364247093,3.7660515310263785,3.7384614364247093,3.7591538429260254,73200,0.0,0.0
2022-02-22 00:00:00-05:00,3.738461371487656,3.7522564185488703,3.6832811832427974,3.683281183242798,153600,0.0,0.0
2022-02-23 00:00:00-05:00,3.669486913620173,3.690179324146075,3.648794174194336,3.648794174194336,133400,0.0,0.0
2022-02-24 00:00:00-05:00,3.586716432019254,3.648794323944571,3.5384339195439622,3.641896963119507,130000,0.0,0.0
2022-02-25 00:00:00-05:00,3.6143064081401644,3.703974398065,3.6143064081401644,3.6901793479919434,111100,0.0,0.0
2022-02-28 00:00:00-05:00,3.6832812732498743,3.7246664154448323,3.6763835851007776,3.6970763206481934,117100,0.0,0.0
2022-03-01 00:00:00-05:00,3.6832823113364808,3.745359877674759,3.6832823113364808,3.703974723815918,191300,0.0,0.0
2022-03-02 00:00:00-05:00,3.690178899760118,3.7453590933498178,3.690178899760118,3.7315640449523926,75800,0.0,0.0
2022-03-03 00:00:00-05:00,3.724666118621826,3.7384611649208024,3.7177684310224146,3.724666118621826,73700,0.0,0.0
2022-03-04 00:00:00-05:00,3.7177678620232055,3.7177678620232055,3.6901777736478785,3.7108705043792725,66600,0.0,0.0
2022-03-07 00:00:00-05:00,3.683281058246523,3.6970761048395873,3.621203184127807,3.6212031841278076,119100,0.0,0.0
2022-03-08 00:00:00-05:00,3.6212031839619634,3.6418959183005395,3.6143054962158203,3.6143054962158203,73100,0.0,0.0
2022-03-09 00:00:00-05:00,3.614305496381348,3.662588323907,3.614305496381348,3.6212031841278076,96200,0.0,0.0
2022-03-10 00:00:00-05:00,3.6074086740779974,3.6212037227228504,3.5867159366607666,3.5867159366607666,97200,0.0,0.0
2022-03-11 00:00:00-05:00,3.5867159366607666,3.600510985305619,3.5867159366607666,3.5867159366607666,89600,0.0,0.0
2022-03-14 00:00:00-04:00,3.586715941099821,3.614306038423673,3.4763555518044122,3.483253240585327,110900,0.0,0.0
2022-03-15 00:00:00-04:00,3.481863021850586,3.51661195338155,3.474913036708274,3.481863021850586,153400,0.038,0.0
2022-03-16 00:00:00-04:00,3.4818631204029655,3.551361316825536,3.4818631204029655,3.5166120529174805,200000,0.0,0.0
2022-03-17 00:00:00-04:00,3.502711795076623,3.572209979226262,3.4957621423584,3.5444107055664062,255100,0.0,0.0
2022-03-18 00:00:00-04:00,3.5374607441620705,3.606958922247155,3.5374607441620705,3.558310031890869,157100,0.0,0.0
2022-03-21 00:00:00-04:00,3.5583109019414048,3.586110179972702,3.5583109019414048,3.565260887145996,122100,0.0,0.0
2022-03-22 00:00:00-04:00,3.5791608618493194,3.634759423126475,3.5583112356736035,3.6000101566314697,116500,0.0,0.0
2022-03-23 00:00:00-04:00,3.6000107088372184,3.6208603382110596,3.6000107088372184,3.6208603382110596,85200,0.0,0.0
2022-03-24 00:00:00-04:00,3.613910351288574,3.634759980662415,3.6000107088372184,3.6208603382110596,86200,0.0,0.0
2022-03-25 00:00:00-04:00,3.620858980194789,3.627808633117166,3.5930597057182965,3.606959342956543,102400,0.0,0.0
2022-03-28 00:00:00-04:00,3.6278092725342015,3.6278092725342015,3.579160699322565,3.5861103534698486,108400,0.0,0.0
2022-03-29 00:00:00-04:00,3.586109823487736,3.655608343050864,3.586109823487736,3.6417083740234375,105600,0.0,0.0
2022-03-30 00:00:00-04:00,3.613910351288574,3.6486596231137707,3.6000107088372184,3.6208603382110596,107800,0.0,0.0
2022-03-31 00:00:00-04:00,3.6417087822205927,3.6973076703818446,3.6347591283213982,3.6903576850891113,299100,0.0,0.0
2022-04-01 00:00:00-04:00,3.676458212835593,3.739006757736206,3.676458212835593,3.739006757736206,59500,0.0,0.0
2022-04-04 00:00:00-04:00,3.7459561980395404,3.836304017427025,3.7459561980395404,3.7876551151275635,128200,0.0,0.0
2022-04-05 00:00:00-04:00,3.7946058872931494,3.829355157769837,3.718157691080599,3.7320573329925537,135100,0.0,0.0
2022-04-06 00:00:00-04:00,3.690358066736068,3.7668062558945103,3.648659144847892,3.655609130859375,166100,0.0,0.0
2022-04-07 00:00:00-04:00,3.641709241684301,3.6625588687994988,3.613909959793091,3.613909959793091,85500,0.0,0.0
2022-04-08 00:00:00-04:00,3.586110516312181,3.627809437270048,3.586110516312181,3.6000101566314697,94000,0.0,0.0
2022-04-11 00:00:00-04:00,3.6000093586406736,3.620858980194789,3.5791600684800504,3.606959342956543,114300,0.0,0.0
2022-04-12 00:00:00-04:00,3.627809602155226,3.648659229278565,3.6139099612041936,3.6486592292785645,258100,0.0,0.0
2022-04-13 00:00:00-04:00,3.600010318847486,3.6347595869082885,3.565261382180264,3.613909959793091,105900,0.0,0.0
2022-04-14 00:00:00-04:00,3.6069599786988,3.620859618386918,3.5861103534698486,3.5861103534698486,121900,0.0,0.0
2022-04-18 00:00:00-04:00,3.551360937867829,3.6208591268744046,3.551360937867829,3.579160213470459,132300,0.0,0.0
2022-04-19 00:00:00-04:00,3.5630590506964634,3.626059865947983,3.5630590506964634,3.577059268951416,194700,0.037,0.0
2022-04-20 00:00:00-04:00,3.598059429438078,3.6050597054613207,3.5420585564182687,3.577059268951416,233800,0.0,0.0
2022-04-21 00:00:00-04:00,3.5560594213615033,3.5770599194587502,3.521059036254883,3.521059036254883,161500,0.0,0.0
2022-04-22 00:00:00-04:00,3.5140604471405736,3.535060955326628,3.507060500273058,3.5280606746673584,130500,0.0,0.0
2022-04-25 00:00:00-04:00,3.5070595985419213,3.549060270323112,3.5070595985419213,3.514059543609619,101500,0.0,0.0
2022-04-26 00:00:00-04:00,3.507059955889074,3.521060181242672,3.4930593967437744,3.4930593967437744,77600,0.0,0.0
2022-04-27 00:00:00-04:00,3.500059319682556,3.528059767536683,3.500059319682556,3.514059543609619,58600,0.0,0.0
2022-04-28 00:00:00-04:00,3.500059319682556,3.5350600463960484,3.500059319682556,3.514059543609619,82100,0.0,0.0
2022-04-29 00:00:00-04:00,3.5490598796379844,3.5490598796379844,3.4860587120056152,3.4860587120056152,132300,0.0,0.0
2022-05-02 00:00:00-04:00,3.4860587120056152,3.528059379163318,3.4720584896197146,3.4860587120056152,203200,0.0,0.0
2022-05-03 00:00:00-04:00,3.4720576913095966,3.521058625289564,3.451057195663452,3.451057195663452,110000,0.0,0.0
2022-05-04 00:00:00-04:00,3.4790599858638207,3.4790599858638207,3.4230590713392024,3.465059757232666,158200,0.0,0.0
2022-05-05 00:00:00-04:00,3.465058729379795,3.465058729379795,3.395057606988708,3.4020578861236572,98100,0.0,0.0
2022-05-06 00:00:00-04:00,3.381056565043166,3.388056842485598,3.3600564002990723,3.3600564002990723,114200,0.0,0.0
2022-05-09 00:00:00-04:00,3.318056129039336,3.374057359454035,3.255055287234269,3.297055959701538,233400,0.0,0.0
2022-05-10 00:00:00-04:00,3.29705610335546,3.3320568321656823,3.29705610335546,3.325056552886963,101200,0.0,0.0
2022-05-11 00:00:00-04:00,3.3250566244152706,3.3460571289115024,3.318056344985962,3.318056344985962,60400,0.0,0.0
2022-05-12 00:00:00-04:00,3.297056078302008,3.311056302961375,3.2760555744171143,3.2760555744171143,70100,0.0,0.0
2022-05-13 00:00:00-04:00,3.2760556456817924,3.3040560956096265,3.2340549707900417,3.2410552501678467,223700,0.0,0.0
2022-05-16 00:00:00-04:00,3.2480551957539587,3.2830559250595974,3.2340549707900417,3.2410552501678467,121200,0.0,0.0
2022-05-17 00:00:00-04:00,3.2946716228962147,3.2946716228962147,3.231176774086069,3.245286703109741,101000,0.036,0.0
2022-05-18 00:00:00-04:00,3.2311782836914067,3.266453290934679,3.210013548471364,3.2311782836914062,101700,0.0,0.0
2022-05-19 00:00:00-04:00,3.2100120487541832,3.259396632133413,3.2100120487541832,3.245286703109741,130400,0.0,0.0
2022-05-20 00:00:00-04:00,3.2523422241210938,3.280562085537596,3.245287090563326,3.2523422241210938,71400,0.0,0.0
2022-05-23 00:00:00-04:00,3.252342470610134,3.294672265942985,3.252342470610134,3.259397268295288,117700,0.0,0.0
2022-05-24 00:00:00-04:00,3.24528724718203,3.280562243858684,3.24528724718203,3.2664523124694824,69200,0.0,0.0
2022-05-25 00:00:00-04:00,3.2593977249944905,3.3228925950941743,3.2593977249944905,3.294672727584839,172700,0.0,0.0
2022-05-26 00:00:00-04:00,3.308782094868452,3.379331751563529,3.308782094868452,3.351111888885498,75500,0.0,0.0
2022-05-27 00:00:00-04:00,3.358167559243361,3.4216620922088623,3.358167559243361,3.4216620922088623,98100,0.0,0.0
2022-05-31 00:00:00-04:00,3.379330868607282,3.421660651564344,3.379330868607282,3.4146058559417725,118700,0.0,0.0
2022-06-01 00:00:00-04:00,3.4004984833544283,3.428718359862974,3.386388545100155,3.3934433460235596,111900,0.0,0.0
2022-06-02 00:00:00-04:00,3.4004973600228126,3.4357720258020126,3.4004973600228126,3.4216620922088623,88100,0.0,0.0
2022-06-03 00:00:00-04:00,3.407553284277833,3.4216632225321058,3.386388545100155,3.3934433460235596,67000,0.0,0.0
2022-06-06 00:00:00-04:00,3.421661613876698,3.4287167478906757,3.365221887394104,3.372277021408081,103300,0.0,0.0
2022-06-07 00:00:00-04:00,3.379330868607282,3.4146058559417725,3.379330868607282,3.4146058559417725,73200,0.0,0.0
2022-06-08 00:00:00-04:00,3.40755153180834,3.40755153180834,3.3581669415201145,3.3652217388153076,58700,0.0,0.0
2022-06-09 00:00:00-04:00,3.35111245661687,3.379332324075792,3.3440573215484615,3.344057321548462,58100,0.0,0.0
2022-06-10 00:00:00-04:00,3.351111826196329,3.351111826196329,3.2876169681549072,3.2876169681549072,86400,0.0,0.0
2022-06-13 00:00:00-04:00,3.2523431311636095,3.2735078649249543,3.18179345794683,3.1888482570648193,189200,0.0,0.0
2022-06-14 00:00:00-04:00,3.1852927207946777,3.235063041396925,3.17107267762726,3.1852927207946777,202800,0.035,0.0
2022-06-15 00:00:00-04:00,3.192402601242066,3.220843026862304,3.171072705817606,3.1924026012420654,224700,0.0,0.0
2022-06-16 00:00:00-04:00,3.156852330298749,3.1639621816811414,3.1284122467041016,3.1284122467041016,232300,0.0,0.0
2022-06-17 00:00:00-04:00,3.092862427743989,3.171072838652552,3.092862427743989,3.149742603302002,92600,0.0,0.0
2022-06-21 00:00:00-04:00,3.1639634139152846,3.185293654434795,3.135523319244385,3.1355233192443848,101300,0.0,0.0
2022-06-22 00:00:00-04:00,3.092862043591561,3.1497422120847083,3.085752192046191,3.1213021278381348,148200,0.0,0.0
2022-06-23 00:00:00-04:00,3.107082014491846,3.1497421398838177,3.107082014491846,3.1284122467041016,231000,0.0,0.0
2022-06-24 00:00:00-04:00,3.128412635042971,3.1710727657304676,3.121302443745431,3.1568527221679688,114800,0.0,0.0
2022-06-27 00:00:00-04:00,3.14263267860547,3.1924026615579253,3.13552248730793,3.1568527221679688,156600,0.0,0.0
2022-06-28 00:00:00-04:00,3.1781821250915527,3.2208425881954246,3.1639620837344387,3.1781821250915527,160500,0.0,0.0
2022-06-29 00:00:00-04:00,3.1781825579482343,3.2066229835684723,3.1568526625237743,3.1924026012420654,120700,0.0,0.0
2022-06-30 00:00:00-04:00,3.1995125908539492,3.2421727180480957,3.1781823577405994,3.2421727180480957,337600,0.0,0.0
2022-07-01 00:00:00-04:00,3.220842239931676,3.2706122097837764,3.220842239931676,3.263502359390259,94300,0.0,0.0
2022-07-05 00:00:00-04:00,3.263502359390259,3.2777223992097864,3.220842239931676,3.263502359390259,130500,0.0,0.0
2022-07-06 00:00:00-04:00,3.2777223992097864,3.291942439029314,3.263502359390259,3.263502359390259,68100,0.0,0.0
2022-07-07 00:00:00-04:00,3.2706130767913097,3.306163355280406,3.2706130767913097,3.291943311691284,70200,0.0,0.0
2022-07-08 00:00:00-04:00,3.29194338429298,3.2990532367280534,3.2706131489225814,3.2848331928253174,109700,0.0,0.0
2022-07-11 00:00:00-04:00,3.2777226682658847,3.2919427092526825,3.2706124782562256,3.2706124782562256,39700,0.0,0.0
2022-07-12 00:00:00-04:00,3.2777223992097864,3.3061624788488415,3.263502359390259,3.263502359390259,91400,0.0,0.0
2022-07-13 00:00:00-04:00,3.220842823967299,3.2635029511614455,3.220842823967299,3.2421727180480957,98100,0.0,0.0
2022-07-14 00:00:00-04:00,3.2492829087633965,3.2492829087633965,3.220842823967299,3.2421727180480957,41000,0.0,0.0
2022-07-15 00:00:00-04:00,3.242172884252848,3.2848330136338966,3.242172884252848,3.2492830753326416,54800,0.0,0.0
2022-07-18 00:00:00-04:00,3.2350642447042612,3.2635043416176117,3.2350642447042612,3.256394147872925,90300,0.0,0.0
2022-07-19 00:00:00-04:00,3.273584503327035,3.3094003200531006,3.273584503327035,3.3094003200531006,69600,0.034,0.0
2022-07-20 00:00:00-04:00,3.316562913751997,3.3380523304551173,3.316562913751997,3.323725938796997,86000,0.0,0.0
2022-07-21 00:00:00-04:00,3.3237274791313456,3.366706674023805,3.3094010808338594,3.3523802757263184,89500,0.0,0.0
2022-07-22 00:00:00-04:00,3.3380523304551173,3.366705113771358,3.323725938796997,3.323725938796997,105900,0.0,0.0
2022-07-25 00:00:00-04:00,3.359544057320785,3.3738704573737563,3.3165648571618713,3.3667070865631104,106900,0.0,0.0
2022-07-26 00:00:00-04:00,3.345217052982606,3.36670647839602,3.3237272860009344,3.330890655517578,52300,0.0,0.0
2022-07-27 00:00:00-04:00,3.3595427470894847,3.395358562469482,3.3595427470894847,3.3953585624694824,137400,0.0,0.0
2022-07-28 00:00:00-04:00,3.3810324785932515,3.4383384032882374,3.3810324785932515,3.4096856117248535,57000,0.0,0.0
2022-07-29 00:00:00-04:00,3.4526641961669853,3.4741536153029395,3.409685016326918,3.438337802886963,204600,0.0,0.0
2022-08-01 00:00:00-04:00,3.4455018325598963,3.4813179969787593,3.438338804617078,3.4813179969787598,75600,0.0,0.0
2022-08-02 00:00:00-04:00,3.4813184086674673,3.52429760611172,3.4813184086674673,3.4956448078155518,109600,0.0,0.0
2022-08-03 00:00:00-04:00,3.4669921990490273,3.5314608279555557,3.4598288282992367,3.517134428024292,124100,0.0,0.0
2022-08-04 00:00:00-04:00,3.5171341704721257,3.5386239395795305,3.5099711418151855,3.5099711418151855,63000,0.0,0.0
2022-08-05 00:00:00-04:00,3.502807771589953,3.5314605693542984,3.495644742933013,3.5099711418151855,29700,0.0,0.0
2022-08-08 00:00:00-04:00,3.5099713988428185,3.54578722788682,3.5099713988428185,3.517134428024292,107400,0.0,0.0
2022-08-09 00:00:00-04:00,3.5028066394742168,3.5672755843916173,3.5028066394742168,3.5529491901397705,159700,0.0,0.0
2022-08-10 00:00:00-04:00,3.5529491901397705,3.581601978643464,3.53145942797791,3.5529491901397705,84000,0.0,0.0
2022-08-11 00:00:00-04:00,3.560112745656985,3.595928907394409,3.560112745656985,3.595928907394409,75600,0.0,0.0
2022-08-12 00:00:00-04:00,3.5816025110130862,3.61741867275051,3.5816025110130862,3.595928907394409,43300,0.0,0.0
2022-08-15 00:00:00-04:00,3.581602131244843,3.6317446840468217,3.581602131244843,3.6174182891845703,57500,0.0,0.0
2022-08-16 00:00:00-04:00,3.605161430095381,3.6267925499545473,3.5691096782684326,3.5691096782684326,80500,0.033,0.0
2022-08-17 00:00:00-04:00,3.569109455577542,3.569109455577542,3.5186374187469482,3.5186374187469482,73100,0.0,0.0
2022-08-18 00:00:00-04:00,3.518636935272766,3.5474781934459108,3.489795677099622,3.5114264488220215,145600,0.0,0.0
2022-08-19 00:00:00-04:00,3.4825838750593725,3.5186356060642705,3.439322004142368,3.4465324878692627,84700,0.0,0.0
2022-08-22 00:00:00-04:00,3.3888515203469693,3.4249032712545877,3.3744308887469177,3.4032721519470215,121400,0.0,0.0
2022-08-23 00:00:00-04:00,3.403271324160891,3.424902438207068,3.381640553929608,3.3960611820220947,152600,0.0,0.0
2022-08-24 00:00:00-04:00,3.3744312478923617,3.4032725141620817,3.3744312478923617,3.3888518810272217,123600,0.0,0.0
2022-08-25 00:00:00-04:00,3.403271324160891,3.4104818101145815,3.3888506960684044,3.3960611820220947,52400,0.0,0.0
2022-08-26 00:00:00-04:00,3.381640553015346,3.403271323240781,3.3672199249267583,3.367219924926758,56500,0.0,0.0
2022-08-29 00:00:00-04:00,3.367220395635854,3.3816410257403247,3.3527997655313833,3.3600099086761475,63100,0.0,0.0
2022-08-30 00:00:00-04:00,3.3600103927823244,3.3600103927823244,3.3239589842343755,3.3311691284179688,32500,0.0,0.0
2022-08-31 00:00:00-04:00,3.3600103927823244,3.3672208807809088,3.316748496235791,3.3311691284179688,90000,0.0,0.0
2022-09-01 00:00:00-04:00,3.316748872309001,3.345590139943555,3.2806974596733234,3.2951180934906006,169900,0.0,0.0
2022-09-02 00:00:00-04:00,3.309537881458777,3.3311686547488013,3.295117251327113,3.3023273944854736,48700,0.0,0.0
2022-09-06 00:00:00-04:00,3.295117500116943,3.302327643819688,3.2806968688964844,3.2806968688964844,32700,0.0,0.0
2022-09-07 00:00:00-04:00,3.295117251327113,3.3167480246171372,3.2806966211954496,3.3023273944854736,60500,0.0,0.0
2022-09-08 00:00:00-04:00,3.316747074992937,3.316747074992937,3.295116307896059,3.309536933898926,69700,0.0,0.0
2022-09-09 00:00:00-04:00,3.309537047227207,3.3311678150647865,3.309537047227207,3.3167471885681152,57500,0.0,0.0
2022-09-12 00:00:00-04:00,3.3455896493955612,3.3600102810984094,3.3167483859898654,3.3239588737487793,47300,0.0,0.0
2022-09-13 00:00:00-04:00,3.2978082025628104,3.2978082025628104,3.2687526511510274,3.2760167121887207,86000,0.034,0.0
2022-09-14 00:00:00-04:00,3.276016420180304,3.2978079086120053,3.2687523597900947,3.28328013420105,78400,0.0,0.0
2022-09-15 00:00:00-04:00,3.268753010970034,3.28328078827512,3.232433394522554,3.2396974563598633,51400,0.0,0.0
2022-09-16 00:00:00-04:00,3.217906254166833,3.239698097622685,3.2033784739861324,3.232434034347534,108800,0.0,0.0
2022-09-19 00:00:00-04:00,3.232433298265291,3.232433298265291,3.217905521392822,3.2179055213928223,83700,0.0,0.0
2022-09-20 00:00:00-04:00,3.2179050214721823,3.2179050214721823,3.1888494722411966,3.2033772468566895,105400,0.0,0.0
2022-09-21 00:00:00-04:00,3.1888494722411966,3.2324327960876755,3.1888494722411966,3.2033772468566895,76300,0.0,0.0
2022-09-22 00:00:00-04:00,3.1888497636879767,3.210641600787628,3.1888497636879767,3.1961138248443604,78900,0.0,0.0
2022-09-23 00:00:00-04:00,3.1815864441295054,3.1888501598187147,3.1307390488268676,3.13800311088562,95500,0.0,0.0
2022-09-26 00:00:00-04:00,3.1234751198904283,3.1597943885959565,3.0798914432525635,3.0798914432525635,121500,0.0,0.0
2022-09-27 00:00:00-04:00,3.0798917371266143,3.108947639780791,3.0726280212402344,3.0726280212402344,109700,0.0,0.0
2022-09-28 00:00:00-04:00,3.072627162042161,3.14526603244173,3.072627162042161,3.1307382583618164,121600,0.0,0.0
2022-09-29 00:00:00-04:00,3.087155496594445,3.094419558137919,3.0290443897247314,3.0290443897247314,160200,0.0,0.0
2022-09-30 00:00:00-04:00,3.0726280212402344,3.0871557993825465,3.0290446868132976,3.0726280212402344,116300,0.0,0.0
2022-10-03 00:00:00-04:00,3.094419737926167,3.1162112310836534,3.058100120837638,3.108947515487671,85600,0.0,0.0
2022-10-04 00:00:00-04:00,3.116211055128257,3.1670584469072156,3.101683278387057,3.1525306701660156,136000,0.0,0.0
2022-10-05 00:00:00-04:00,3.1307390488268676,3.159794604322791,3.101683493330944,3.13800311088562,116000,0.0,0.0
2022-10-06 00:00:00-04:00,3.123474567962007,3.1597938302497997,3.123474567962007,3.145266056060791,119700,0.0,0.0
2022-10-07 00:00:00-04:00,3.1234753331376583,3.159794604322791,3.1234753331376583,3.13800311088562,105700,0.0,0.0
2022-10-10 00:00:00-04:00,3.130739008645157,3.1380030706106785,3.108947515487671,3.108947515487671,138200,0.0,0.0
2022-10-11 00:00:00-04:00,3.0798918312514156,3.123475513379869,3.0798918312514156,3.0944199562072754,141800,0.0,0.0
2022-10-12 00:00:00-04:00,3.0726277280592655,3.116211058327611,3.0726277280592655,3.0798914432525635,128200,0.0,0.0
2022-10-13 00:00:00-04:00,3.0363082885742188,3.0653638437667348,2.999989017768344,3.0363082885742188,229900,0.0,0.0
2022-10-14 00:00:00-04:00,3.0435723303094284,3.050836045874465,2.9999889978105974,3.021780490875244,116800,0.0,0.0
2022-10-17 00:00:00-04:00,3.0363078560811796,3.079891182661925,3.0363078560811796,3.0653634071350098,133500,0.0,0.0
2022-10-18 00:00:00-04:00,3.082202234306942,3.1188081008633235,3.0455963677505604,3.0675599575042725,126200,0.033,0.0
2022-10-19 00:00:00-04:00,3.045596361160278,3.0602386379312634,3.038275397324493,3.0455963611602783,117600,0.0,0.0
2022-10-20 00:00:00-04:00,3.038275397324493,3.0602386379312634,3.038275397324493,3.0455963611602783,124700,0.0,0.0
2022-10-21 00:00:00-04:00,3.038275403898934,3.0748809213558994,3.016311814145222,3.0675599575042725,101500,0.0,0.0
2022-10-24 00:00:00-04:00,3.038275832859194,3.082202669469031,3.038275832859194,3.06023907661438,129000,0.0,0.0
2022-10-25 00:00:00-04:00,3.0455962926429416,3.118808023950226,3.0455962926429416,3.096844434738159,169700,0.0,0.0
2022-10-26 00:00:00-04:00,3.0895230472042297,3.155413464146539,3.0895230472042297,3.126128911972046,220400,0.0,0.0
2022-10-27 00:00:00-04:00,3.126128874676429,3.170055702414109,3.126128874676429,3.1407711505889893,108100,0.0,0.0
2022-10-28 00:00:00-04:00,3.1261291948618326,3.155413749686345,3.1188082307054197,3.133450508117676,90400,0.0,0.0
2022-10-31 00:00:00-04:00,3.1627357006073,3.1920202613361126,3.1334511398784866,3.1627357006073,137400,0.0,0.0
2022-11-01 00:00:00-04:00,3.1773781776428223,3.192020458913546,3.162735896372098,3.1773781776428223,149000,0.0,0.0
2022-11-02 00:00:00-04:00,3.148092785529932,3.199340581923113,3.133450508117676,3.133450508117676,143700,0.0,0.0
2022-11-03 00:00:00-04:00,3.1261296298475507,3.1627355030214352,3.1261296298475507,3.1480932235717773,122400,0.0,0.0
2022-11-04 00:00:00-04:00,3.148093420242893,3.1846989466041586,3.148093420242893,3.1627357006073,51700,0.0,0.0
2022-11-07 00:00:00-05:00,3.170056777653695,3.1920203735219816,3.170056777653695,3.184699058532715,82700,0.0,0.0
2022-11-08 00:00:00-05:00,3.1846988633007394,3.199341143282142,3.1846988633007394,3.1920201778411865,59700,0.0,0.0
2022-11-09 00:00:00-05:00,3.1627355030214352,3.192020061920751,3.133450944122119,3.1480932235717773,59800,0.0,0.0
2022-11-10 00:00:00-05:00,3.1993405050073296,3.2432673361880466,3.1846982279470906,3.2286250591278076,82200,0.0,0.0
2022-11-11 00:00:00-05:00,3.2286250591278076,3.2505886492678773,3.2139827820675686,3.2286250591278076,40500,0.0,0.0
2022-11-14 00:00:00-05:00,3.2286251424071613,3.250588733113761,3.2066619007999924,3.221304178237915,74500,0.0,0.0
2022-11-15 00:00:00-05:00,3.2367873381424994,3.266279678459063,3.2367873381424994,3.2515335083007812,77500,0.031,0.0
2022-11-16 00:00:00-05:00,3.2294149728308286,3.266280228648092,3.2294149728308286,3.2589073181152344,129600,0.0,0.0
2022-11-17 00:00:00-05:00,3.2146676026074736,3.2662790118398037,3.2146676026074736,3.2441599369049072,88900,0.0,0.0
2022-11-18 00:00:00-05:00,3.2441605990098545,3.2883991094847,3.2441605990098545,3.2515335083007812,151100,0.0,0.0
2022-11-21 00:00:00-05:00,3.2515339730876875,3.3473842686059476,3.2515339730876875,3.3400113582611084,287500,0.0,0.0
2022-11-22 00:00:00-05:00,3.3252651150961743,3.354757458999675,3.317891853332063,3.3326380252838135,102900,0.0,0.0
2022-11-23 00:00:00-05:00,3.3252651859949514,3.3547575305272654,3.3252651859949514,3.3400113582611084,25000,0.0,0.0
2022-11-25 00:00:00-05:00,3.332638557345573,3.36213090595758,3.325265645980835,3.325265645980835,25300,0.0,0.0
2022-11-28 00:00:00-05:00,3.325264677442388,3.376876096692456,3.325264677442388,3.3621299266815186,115300,0.0,0.0
2022-11-29 00:00:00-05:00,3.384250387833594,3.4063694737960244,3.354758038832666,3.36950421333313,88800,0.0,0.0
2022-11-30 00:00:00-05:00,3.391621942005168,3.428487539291382,3.3473834362075467,3.428487539291382,120600,0.0,0.0
2022-12-01 00:00:00-05:00,3.4063684750934624,3.4284879061472977,3.391622304916382,3.391622304916382,92500,0.0,0.0
2022-12-02 00:00:00-05:00,3.376876096692456,3.4137416975080117,3.3621299266815186,3.3621299266815186,153800,0.0,0.0
2022-12-05 00:00:00-05:00,3.3547570174642627,3.384249357486137,3.3400108474533257,3.3621299266815186,195700,0.0,0.0
2022-12-06 00:00:00-05:00,3.354757070541382,3.3695032407856247,3.3473838096310446,3.354757070541382,102500,0.0,0.0
2022-12-07 00:00:00-05:00,3.354758038832666,3.384250387833594,3.354758038832666,3.36950421333313,128500,0.0,0.0
2022-12-08 00:00:00-05:00,3.354757070541382,3.3695032407856247,3.3473838096310446,3.354757070541382,116400,0.0,0.0
2022-12-09 00:00:00-05:00,3.3400117799626794,3.376877039494348,3.3400117799626794,3.3473846912384033,157200,0.0,0.0
2022-12-12 00:00:00-05:00,3.3473846912384033,3.3695041282186238,3.332638517110431,3.3473846912384033,105700,0.0,0.0
2022-12-13 00:00:00-05:00,3.4008474148508423,3.4082730159659596,3.341444022218502,3.356294870376587,140900,0.032,0.0
2022-12-14 00:00:00-05:00,3.3414430618286133,3.3711447496079927,3.3265922179389236,3.3414430618286133,211100,0.0,0.0
2022-12-15 00:00:00-05:00,3.3265922179389236,3.378570348588861,3.3265922179389236,3.3414430618286133,256700,0.0,0.0
2022-12-16 00:00:00-05:00,3.3340188349126807,3.393422588990202,3.3340188349126807,3.348870038986206,149700,0.0,0.0
2022-12-19 00:00:00-05:00,3.3711455257462917,3.3859963730550895,3.3265929838198978,3.3340182304382324,170400,0.0,0.0
2022-12-20 00:00:00-05:00,3.326593153823356,3.334018400821153,3.28946585661793,3.3117423057556152,203600,0.0,0.0
2022-12-21 00:00:00-05:00,3.3043162199533374,3.3488691116929457,3.2968909740448,3.2968909740448,291900,0.0,0.0
2022-12-22 00:00:00-05:00,3.28946585661793,3.319167552753412,3.28946585661793,3.3117423057556152,97600,0.0,0.0
2022-12-23 00:00:00-05:00,3.3043162378019812,3.348869129782247,3.2968909918533353,3.3265926837921143,117000,0.0,0.0
2022-12-27 00:00:00-05:00,3.3117410767107516,3.334017163509246,3.267188549041748,3.267188549041748,161500,0.0,0.0
2022-12-28 00:00:00-05:00,3.28204083442688,3.3191677801032076,3.267189985341915,3.28204083442688,162400,0.0,0.0
2022-12-29 00:00:00-05:00,3.28204066367706,3.3191676074218397,3.28204066367706,3.304316759109497,172900,0.0,0.0
2022-12-30 00:00:00-05:00,3.2968918869454473,3.363720888987538,3.2671901869427833,3.348870038986206,344800,0.0,0.0
2023-01-03 00:00:00-05:00,3.3637200197869372,3.408272558278354,3.334017973387224,3.4008469581604004,118700,0.0,0.0
2023-01-04 00:00:00-05:00,3.4156987529522165,3.4528260557089947,3.3711462020874023,3.3711462020874023,105400,0.0,0.0
2023-01-05 00:00:00-05:00,3.3711462020874023,3.393422654555909,3.348870103691095,3.3711462020874023,135400,0.0,0.0
2023-01-06 00:00:00-05:00,3.3859958842853324,3.4156975746154785,3.378570638738835,3.4156975746154785,77100,0.0,0.0
2023-01-09 00:00:00-05:00,3.4379733123247807,3.4528241544355396,3.4156968721226395,3.4305477142333984,85400,0.0,0.0
2023-01-10 00:00:00-05:00,3.4156968721226395,3.4453985563441574,3.4156968721226395,3.4305477142333984,149900,0.0,0.0
2023-01-11 00:00:00-05:00,3.4305486850283677,3.4751012239683603,3.4305486850283677,3.4602503776550293,134000,0.0,0.0
2023-01-12 00:00:00-05:00,3.475101728577482,3.534505476528751,3.452825632908893,3.5196542739868164,105800,0.0,0.0
2023-01-13 00:00:00-05:00,3.5196532992793697,3.5345044977085207,3.4751007662080933,3.4899516105651855,109900,0.0,0.0
2023-01-17 00:00:00-05:00,3.514629267494843,3.537063229133641,3.4847175563602617,3.529585123062134,76600,0.033,0.0
2023-01-18 00:00:00-05:00,3.5594969271736714,3.596886385035158,3.5295848616785066,3.5894086360931396,110100,0.0,0.0
2023-01-19 00:00:00-05:00,3.5819315519672608,3.5819315519672608,3.5445417268683266,3.5520198345184326,105500,0.0,0.0
2023-01-20 00:00:00-05:00,3.566974639892578,3.589408599642208,3.5594968910264972,3.566974639892578,34200,0.0,0.0
2023-01-23 00:00:00-05:00,3.5894080136551856,3.5894080136551856,3.5594963099226953,3.5744521617889404,96000,0.0,0.0
2023-01-24 00:00:00-05:00,3.5819305305754243,3.709055471771012,3.552018821655956,3.5894086360931396,142000,0.0,0.0
2023-01-25 00:00:00-05:00,3.589409965653513,3.6043658256530766,3.5744541056539494,3.604365825653076,88900,0.0,0.0
2023-01-26 00:00:00-05:00,3.619321722018743,3.634277582168579,3.6118436136559082,3.634277582168579,60800,0.0,0.0
2023-01-27 00:00:00-05:00,3.634277582168579,3.6567111941054176,3.6267994738057445,3.634277582168579,105800,0.0,0.0
2023-01-30 00:00:00-05:00,3.6267980939546263,3.6417539484143604,3.5594969271736714,3.5894086360931396,160100,0.0,0.0
2023-01-31 00:00:00-05:00,3.596887055485384,3.6492327341393977,3.596887055485384,3.641754627227783,85900,0.0,0.0
2023-02-01 00:00:00-05:00,3.634277582168579,3.6567111941054176,3.619321722018743,3.634277582168579,146300,0.0,0.0
2023-02-02 00:00:00-05:00,3.626798769980317,3.664188591386864,3.626798769980317,3.641754627227783,95800,0.0,0.0
2023-02-03 00:00:00-05:00,3.6417544760981433,3.6417544760981433,3.60436501281899,3.619320869445801,88300,0.0,0.0
2023-02-06 00:00:00-05:00,3.589408828519233,3.611842433123638,3.5520190120776034,3.559497117996216,131900,0.0,0.0
2023-02-07 00:00:00-05:00,3.5744527816334055,3.6267980939546263,3.56697467611569,3.5894086360931396,88000,0.0,0.0
2023-02-08 00:00:00-05:00,3.5819305305754243,3.604364490552874,3.5744527816334055,3.5894086360931396,38400,0.0,0.0
2023-02-09 00:00:00-05:00,3.611842202816144,3.634276162565774,3.5594968910264972,3.566974639892578,123400,0.0,0.0
2023-02-10 00:00:00-05:00,3.5669740575680002,3.5894080136551856,3.552018205701755,3.5744521617889404,97000,0.0,0.0
2023-02-13 00:00:00-05:00,3.574453126115524,3.589408982016604,3.566975019877118,3.5819308757781982,51100,0.0,0.0
2023-02-14 00:00:00-05:00,3.5849443789042823,3.607538363969902,3.5171617054575885,3.562350034713745,151600,0.034,0.0
2023-02-15 00:00:00-05:00,3.53222366542362,3.554817645266774,3.509629326455631,3.5171608924865723,151100,0.0,0.0
2023-02-16 00:00:00-05:00,3.509629493844953,3.517161060235107,3.4719727392687383,3.4870355129241943,183300,0.0,0.0
2023-02-17 00:00:00-05:00,3.4945662021636963,3.5020977674373897,3.471972224592213,3.4945662021636963,74400,0.0,0.0
2023-02-21 00:00:00-05:00,3.4644407105660937,3.4870350475966014,3.419252395629883,3.419252395629883,131900,0.0,0.0
2023-02-22 00:00:00-05:00,3.4267839610149866,3.44184673266039,3.4117211893695827,3.419252395629883,165200,0.0,0.0
2023-02-23 00:00:00-05:00,3.434315919876099,3.4493786948223804,3.4192531449298174,3.4343159198760986,105100,0.0,0.0
2023-02-24 00:00:00-05:00,3.4267839610149866,3.44184673266039,3.396658417724179,3.419252395629883,197700,0.0,0.0
2023-02-27 00:00:00-05:00,3.434315919876099,3.441847486911681,3.4192531449298174,3.4343159198760986,103800,0.0,0.0
2023-02-28 00:00:00-05:00,3.4493780540458383,3.4493780540458383,3.4267840753860463,3.4418468475341797,109300,0.0,0.0
2023-03-01 00:00:00-05:00,3.4493786948223804,3.4493786948223804,3.4267847119653996,3.4343159198760986,109400,0.0,0.0
2023-03-02 00:00:00-05:00,3.434315919876099,3.441847486911681,3.4192531449298174,3.4343159198760986,131400,0.0,0.0
2023-03-03 00:00:00-05:00,3.4343160290800796,3.471973147205641,3.4267848209299037,3.4569103717803955,99600,0.0,0.0
2023-03-06 00:00:00-05:00,3.4418468475341797,3.471972391830446,3.4418468475341797,3.4418468475341797,89200,0.0,0.0
2023-03-07 00:00:00-05:00,3.4493780540458383,3.4644408261939716,3.4267840753860463,3.4418468475341797,138000,0.0,0.0
2023-03-08 00:00:00-05:00,3.4493780540458383,3.471972391830446,3.4267840753860463,3.4418468475341797,85600,0.0,0.0
2023-03-09 00:00:00-05:00,3.4267851234271163,3.46444188575191,3.4041907787323,3.4041907787323,79400,0.0,0.0
2023-03-10 00:00:00-05:00,3.4343150532394353,3.4343150532394353,3.3740639686584473,3.3740639686584473,87900,0.0,0.0
2023-03-13 00:00:00-04:00,3.3364077372393006,3.3891276296521826,3.313813754151556,3.3439393043518066,170900,0.0,0.0
2023-03-14 00:00:00-04:00,3.361390775259632,3.3917419057322324,3.361390775259632,3.36897873878479,75100,0.033,0.0
2023-03-15 00:00:00-04:00,3.3538034506786523,3.3613910530167708,3.3006887870556443,3.3462154865264893,201000,0.0,0.0
2023-03-16 00:00:00-04:00,3.3538034506786523,3.3613910530167708,3.3234523176980892,3.3462154865264893,246100,0.0,0.0
2023-03-17 00:00:00-04:00,3.3841550783117684,3.3917426817589456,3.323452803477959,3.361391544342041,93500,0.0,0.0
2023-03-20 00:00:00-04:00,3.361391544342041,3.376567113050493,3.3462159756335885,3.361391544342041,88400,0.0,0.0
2023-03-21 00:00:00-04:00,3.38415430402109,3.3917419057322324,3.346215210023332,3.36897873878479,216700,0.0,0.0
2023-03-22 00:00:00-04:00,3.3538031735484894,3.3993298692573903,3.3538031735484894,3.36897873878479,152600,0.0,0.0
2023-03-23 00:00:00-04:00,3.3917411664652435,3.4145046902651432,3.346214480679381,3.353802442550659,112800,0.0,0.0
2023-03-24 00:00:00-04:00,3.3386268806220385,3.3689780044792803,3.3386268806220385,3.353802442550659,78300,0.0,0.0
2023-03-27 00:00:00-04:00,3.353803242648256,3.391741975613666,3.353803242648256,3.3765664100646973,85200,0.0,0.0
2023-03-28 00:00:00-04:00,3.384154627026318,3.39174222946167,3.376566662776917,3.39174222946167,85700,0.0,0.0
2023-03-29 00:00:00-04:00,3.4145051900180117,3.4296807541677548,3.399329625868269,3.422093152999878,95900,0.0,0.0
2023-03-30 00:00:00-04:00,3.4296812612962935,3.4524447917938232,3.406917730798764,3.4524447917938232,96600,0.0,0.0
2023-03-31 00:00:00-04:00,3.475207774842842,3.482795738541375,3.444856643676758,3.444856643676758,270300,0.0,0.0
2023-04-03 00:00:00-04:00,3.460031494032505,3.5055581813707546,3.444855931586422,3.4979705810546875,165300,0.0,0.0
2023-04-04 00:00:00-04:00,3.5131470867921544,3.5207346891455176,3.467620387229838,3.4827959537506104,66800,0.0,0.0
2023-04-05 00:00:00-04:00,3.490382194519043,3.4979701557264167,3.4676190345247306,3.490382194519043,118600,0.0,0.0
2023-04-06 00:00:00-04:00,3.5055591775693786,3.5055591775693786,3.4600324772934967,3.475208044052124,45000,0.0,0.0
2023-04-10 00:00:00-04:00,3.475208044052124,3.4827960083384637,3.467620441579836,3.475208044052124,81500,0.0,0.0
2023-04-11 00:00:00-04:00,3.4827959537506104,3.4903835561039736,3.467620387229838,3.4827959537506104,55400,0.0,0.0
2023-04-12 00:00:00-04:00,3.4752066339182,3.51314571632726,3.4752066339182,3.490382194519043,98900,0.0,0.0
2023-04-13 00:00:00-04:00,3.5055584550766317,3.5359095823385434,3.497970854168142,3.5283219814300537,75700,0.0,0.0
2023-04-14 00:00:00-04:00,3.5359102556662894,3.5359102556662894,3.4752079895832013,3.4827959537506104,104500,0.0,0.0
2023-04-17 00:00:00-04:00,3.4827950186086043,3.528321705946854,3.467619456162521,3.4979705810546875,156000,0.0,0.0
2023-04-18 00:00:00-04:00,3.538477141984811,3.546119451522827,3.5079071749872415,3.546119451522827,175800,0.033,0.0
2023-04-19 00:00:00-04:00,3.5308333188221486,3.5537609688192995,3.523191011771521,3.53847599029541,67200,0.0,0.0
2023-04-20 00:00:00-04:00,3.53847599029541,3.546118297346038,3.523191011771521,3.53847599029541,50600,0.0,0.0
2023-04-21 00:00:00-04:00,3.546117704315825,3.546117704315825,3.507905446607794,3.515547752380371,50600,0.0,0.0
2023-04-24 00:00:00-04:00,3.5155485416966936,3.5231912136077876,3.507906234208254,3.523191213607788,38500,0.0,0.0
2023-04-25 00:00:00-04:00,3.5461189464315677,3.5461189464315677,3.4773367126954065,3.507906675338745,98600,0.0,0.0
2023-04-26 00:00:00-04:00,3.53083344890157,3.53083344890157,3.4773362043083824,3.4926211833953857,205500,0.0,0.0
2023-04-27 00:00:00-04:00,3.5079066020796406,3.515548910369523,3.4926216210771828,3.5002639293670654,54600,0.0,0.0
2023-04-28 00:00:00-04:00,3.5231916566604142,3.5308339651098986,3.50026400246656,3.507906675338745,69600,0.0,0.0
2023-05-01 00:00:00-04:00,3.500262776412644,3.530832728348098,3.484977800444917,3.515547752380371,105200,0.0,0.0
2023-05-02 00:00:00-04:00,3.5231916566604142,3.5308339651098986,3.4849790211448908,3.507906675338745,82000,0.0,0.0
2023-05-03 00:00:00-04:00,3.515548910369523,3.530833891371981,3.4926216210771828,3.5002639293670654,50500,0.0,0.0
2023-05-04 00:00:00-04:00,3.515548910369523,3.515548910369523,3.4849789483646076,3.5002639293670654,48700,0.0,0.0
2023-05-05 00:00:00-04:00,3.5308333188221486,3.53847599029541,3.5079060332476315,3.53847599029541,46000,0.0,0.0
2023-05-08 00:00:00-04:00,3.515548910369523,3.5231915830820983,3.4849789483646076,3.5002639293670654,61900,0.0,0.0
2023-05-09 00:00:00-04:00,3.515548910369523,3.530833891371981,3.477336640074725,3.5002639293670654,78100,0.0,0.0
2023-05-10 00:00:00-04:00,3.5079068077386624,3.5155491164765924,3.4849791526794434,3.4849791526794434,29100,0.0,0.0
2023-05-11 00:00:00-04:00,3.5002641345780177,3.5231917896372367,3.454409188882294,3.4849791526794434,64700,0.0,0.0
2023-05-12 00:00:00-04:00,3.484978009014915,3.4926206796674655,3.4238381014848875,3.4314804077148438,113200,0.0,0.0
2023-05-15 00:00:00-04:00,3.4391246870164194,3.47733732930793,3.4391246870164194,3.462052345275879,147500,0.0,0.0
2023-05-16 00:00:00-04:00,3.448963954462124,3.456662343794449,3.433566808700562,3.4335668087005615,56700,0.033,0.0
2023-05-17 00:00:00-04:00,3.441264648501949,3.456661791804762,3.425867505199136,3.4489634037017822,63800,0.0,0.0
2023-05-18 00:00:00-04:00,3.425866942814744,3.4643599783012533,3.418168555975518,3.4566612243652344,99000,0.0,0.0
2023-05-19 00:00:00-04:00,3.4489643403288968,3.4643614878130764,3.4335671928447167,3.44126558303833,79300,0.0,0.0
2023-05-22 00:00:00-04:00,3.4258673191070557,3.4412644615735006,3.4104701766406107,3.4258673191070557,192200,0.0,0.0
2023-05-23 00:00:00-04:00,3.425868052271325,3.441265198032887,3.4181696629389995,3.4335668087005615,90000,0.0,0.0
2023-05-24 00:00:00-04:00,3.4181683744699822,3.4335655144276354,3.3873740945546755,3.402771234512329,72900,0.0,0.0
2023-05-25 00:00:00-04:00,3.410470504503272,3.4181692600250244,3.3873749721317523,3.4181692600250244,50800,0.0,0.0
2023-05-26 00:00:00-04:00,3.425866942814744,3.4643599783012533,3.418168555975518,3.4566612243652344,52200,0.0,0.0
2023-05-30 00:00:00-04:00,3.4412647923965443,3.4566619363431808,3.410470504503272,3.4181692600250244,91700,0.0,0.0
2023-05-31 00:00:00-04:00,3.4104701766406107,3.4412644615735006,3.4104701766406107,3.4258673191070557,113300,0.0,0.0
2023-06-01 00:00:00-04:00,3.425867505199136,3.464360547004595,3.418169117096156,3.4489634037017822,44400,0.0,0.0
2023-06-02 00:00:00-04:00,3.4412653055514855,3.487457111376296,3.4412653055514855,3.472059965133667,82800,0.0,0.0
2023-06-05 00:00:00-04:00,3.4489640622212616,3.5259497934344077,3.4489640622212616,3.472059965133667,75900,0.0,0.0
2023-06-06 00:00:00-04:00,3.4643618450712985,3.4951561432152842,3.4643618450712985,3.487457752227783,87800,0.0,0.0
2023-06-07 00:00:00-04:00,3.4720594695295905,3.4874566135744214,3.4566619583878895,3.4643607139587402,87900,0.0,0.0
2023-06-08 00:00:00-04:00,3.4566619583878895,3.4797578580035706,3.4566619583878895,3.4643607139587402,29000,0.0,0.0
2023-06-09 00:00:00-04:00,3.47975835470652,3.487457111376296,3.464361208463891,3.472059965133667,38300,0.0,0.0
2023-06-12 00:00:00-04:00,3.4797578580035706,3.4797578580035706,3.4412648143430586,3.4643607139587402,77800,0.0,0.0
2023-06-13 00:00:00-04:00,3.4666874222407804,3.4666874222407804,3.451176530612746,3.4589321613311768,33700,0.033,0.0
2023-06-14 00:00:00-04:00,3.474442720413208,3.48219798058054,3.435665310150173,3.474442720413208,125200,0.0,0.0
2023-06-15 00:00:00-04:00,3.47444286554105,3.4899537563323975,3.4666872352409728,3.4899537563323975,59700,0.0,0.0
2023-06-16 00:00:00-04:00,3.482197705956217,3.482197705956217,3.4511759281158447,3.4511759281158447,71100,0.0,0.0
2023-06-20 00:00:00-04:00,3.474443788488204,3.474443788488204,3.4511772612162868,3.4666881561279297,113600,0.0,0.0
2023-06-21 00:00:00-04:00,3.4666881561279297,3.474443788488204,3.4511772612162868,3.4666881561279297,78400,0.0,0.0
2023-06-22 00:00:00-04:00,3.4666870904370843,3.474442720413208,3.4434209401262965,3.474442720413208,73800,0.0,0.0
2023-06-23 00:00:00-04:00,3.451176530612746,3.489953944587246,3.451176530612746,3.4589321613311768,70500,0.0,0.0
2023-06-26 00:00:00-04:00,3.4589321613311768,3.497709575305677,3.4589321613311768,3.4589321613311768,76500,0.0,0.0
2023-06-27 00:00:00-04:00,3.458932893576561,3.4977103157601213,3.458932893576561,3.4666881561279297,85700,0.0,0.0
2023-06-28 00:00:00-04:00,3.4821987262738325,3.513220883012756,3.4744434644457547,3.4977099895477295,104700,0.0,0.0
2023-06-29 00:00:00-04:00,3.48219812603232,3.5132202774238217,3.47444286554105,3.4899537563323975,113300,0.0,0.0
2023-06-30 00:00:00-04:00,3.5209761448408337,3.5209761448408337,3.489954357910781,3.4977099895477295,103600,0.0,0.0
2023-07-03 00:00:00-04:00,3.520975351333618,3.520975351333618,3.4899535713948113,3.520975351333618,67300,0.0,0.0
2023-07-05 00:00:00-04:00,3.4977095314392455,3.528731314306256,3.4977095314392455,3.505464792251587,86600,0.0,0.0
2023-07-06 00:00:00-04:00,3.5054655783114903,3.513221210671764,3.4511772612162868,3.4666881561279297,149600,0.0,0.0
2023-07-07 00:00:00-04:00,3.451176530612746,3.497709575305677,3.451176530612746,3.4589321613311768,194400,0.0,0.0
2023-07-10 00:00:00-04:00,3.458932893576561,3.489954683399847,3.458932893576561,3.4666881561279297,137700,0.0,0.0
2023-07-11 00:00:00-04:00,3.489954683399847,3.489954683399847,3.4511772612162868,3.4666881561279297,141300,0.0,0.0
2023-07-12 00:00:00-04:00,3.4821987262738325,3.4977099895477295,3.4666878328088058,3.4977099895477295,104300,0.0,0.0
2023-07-13 00:00:00-04:00,3.4977099895477295,3.513220883012756,3.4977099895477295,3.4977099895477295,180700,0.0,0.0
2023-07-14 00:00:00-04:00,3.5054640401800747,3.520974928285833,3.474442263968558,3.4821975231170654,80300,0.0,0.0
2023-07-17 00:00:00-04:00,3.4821987262738325,3.5054652513758073,3.4821987262738325,3.4977099895477295,119500,0.0,0.0
2023-07-18 00:00:00-04:00,3.5000544212769724,3.515679649261185,3.492241621017456,3.492241621017456,121600,0.033,0.0
2023-07-19 00:00:00-04:00,3.5000525285873554,3.523490544156735,3.4922397325526893,3.5078649520874023,141000,0.0,0.0
2023-07-20 00:00:00-04:00,3.5078649520874023,3.523490544156735,3.5000525285873554,3.5078649520874023,113600,0.0,0.0
2023-07-21 00:00:00-04:00,3.5234924495207016,3.5234924495207016,3.492241621017456,3.492241621017456,83500,0.0,0.0
2023-07-24 00:00:00-04:00,3.4922403698826465,3.5156783897294384,3.4844279449568405,3.5000531673431396,126600,0.0,0.0
2023-07-25 00:00:00-04:00,3.492239912149823,3.5313031492628397,3.492239912149823,3.5156779289245605,121600,0.0,0.0
2023-07-26 00:00:00-04:00,3.5156777095612286,3.5469281482878925,3.5156777095612286,3.5313029289245605,135000,0.0,0.0
2023-07-27 00:00:00-04:00,3.546929751224301,3.5625549776490204,3.515679298374863,3.5234920978546143,170100,0.0,0.0
2023-07-28 00:00:00-04:00,3.539116960494054,3.601617859768473,3.539116960494054,3.5781798362731934,99400,0.0,0.0
2023-07-31 00:00:00-04:00,3.601617859768473,3.6094302859104026,3.5703674101312637,3.5781798362731934,105700,0.0,0.0
2023-08-01 00:00:00-04:00,3.562555240632022,3.5938056957883266,3.5469300130538697,3.5547428131103516,123400,0.0,0.0
2023-08-02 00:00:00-04:00,3.5391157248735343,3.5547409442368663,3.5156777095612286,3.5313029289245605,103700,0.0,0.0
2023-08-03 00:00:00-04:00,3.5078668490016685,3.5078668490016685,3.48442919329276,3.492241621017456,157500,0.0,0.0
2023-08-04 00:00:00-04:00,3.507865132488102,3.5313031492628397,3.5000527085862814,3.5156779289245605,117100,0.0,0.0
2023-08-07 00:00:00-04:00,3.531303660000698,3.585992125361671,3.5234912349689544,3.546928882598877,121400,0.0,0.0
2023-08-08 00:00:00-04:00,3.5234913976976423,3.546929046410008,3.5078658018431197,3.539116621017456,130900,0.0,0.0
2023-08-09 00:00:00-04:00,3.531303660000698,3.562554105197056,3.531303660000698,3.546928882598877,147900,0.0,0.0
2023-08-10 00:00:00-04:00,3.5547428131103516,3.562555240632022,3.5469300130538697,3.5547428131103516,77400,0.0,0.0
2023-08-11 00:00:00-04:00,3.562554105197056,3.562554105197056,3.531303660000698,3.546928882598877,68700,0.0,0.0
2023-08-14 00:00:00-04:00,3.5391175855321992,3.562555240632022,3.5313047854757174,3.5547428131103516,50900,0.0,0.0
2023-08-15 00:00:00-04:00,3.5571021374962584,3.5649720126469524,3.517753512255392,3.541362762451172,65600,0.033,0.0
2023-08-16 00:00:00-04:00,3.541363508947287,3.541363508947287,3.4941453738587556,3.5020148754119873,76500,0.0,0.0
2023-08-17 00:00:00-04:00,3.525623361992779,3.525623361992779,3.4705353621039094,3.478405237197876,122200,0.0,0.0
2023-08-18 00:00:00-04:00,3.478405237197876,3.502014111967178,3.478405237197876,3.478405237197876,79400,0.0,0.0
2023-08-21 00:00:00-04:00,3.486274737035544,3.49414461212951,3.4705353621039094,3.478405237197876,78700,0.0,0.0
2023-08-22 00:00:00-04:00,3.49414461212951,3.49414461212951,3.4705353621039094,3.478405237197876,56900,0.0,0.0
2023-08-23 00:00:00-04:00,3.4784056311427354,3.5020145085858476,3.4705357551574707,3.4705357551574707,180000,0.0,0.0
2023-08-24 00:00:00-04:00,3.470535773888462,3.4862751506875984,3.4469268963179296,3.4626662731170654,166100,0.0,0.0
2023-08-25 00:00:00-04:00,3.4941453111624194,3.4941453111624194,3.462666555001563,3.4862754344940186,128700,0.0,0.0
2023-08-28 00:00:00-04:00,3.47053590125965,3.5020146560132157,3.47053590125965,3.494145154953003,49200,0.0,0.0
2023-08-29 00:00:00-04:00,3.4941453738587556,3.5334936321376746,3.4941453738587556,3.5020148754119873,102400,0.0,0.0
2023-08-30 00:00:00-04:00,3.4941447255386455,3.541362851866103,3.4941447255386455,3.5177536010742188,94000,0.0,0.0
2023-08-31 00:00:00-04:00,3.5413626962842146,3.557102071035226,3.525623321533203,3.525623321533203,143100,0.0,0.0
2023-09-01 00:00:00-04:00,3.5492327929826413,3.5492327929826413,3.502014290523916,3.5334930419921875,48900,0.0,0.0
2023-09-05 00:00:00-04:00,3.5177540333899984,3.5256239097065682,3.494145154953003,3.494145154953003,60100,0.0,0.0
2023-09-06 00:00:00-04:00,3.4941453111624194,3.541363445403704,3.478405933081991,3.4862754344940186,100100,0.0,0.0
2023-09-07 00:00:00-04:00,3.4705357551574707,3.486275131871659,3.4705357551574707,3.4705357551574707,37900,0.0,0.0
2023-09-08 00:00:00-04:00,3.486274737035544,3.502014111967178,3.4705353621039094,3.478405237197876,39900,0.0,0.0
2023-09-11 00:00:00-04:00,3.486275131871659,3.486275131871659,3.4626662544285467,3.4705357551574707,80900,0.0,0.0
2023-09-12 00:00:00-04:00,3.472915761763616,3.472915761763616,3.4411996671609444,3.4570577144622803,121600,0.033,0.0
2023-09-13 00:00:00-04:00,3.449126702633858,3.472913950220783,3.4411978721618652,3.4411978721618652,119800,0.0,0.0
2023-09-14 00:00:00-04:00,3.4491264820098877,3.4649845200249847,3.4411976520450644,3.4491264820098877,112900,0.0,0.0
2023-09-15 00:00:00-04:00,3.449126702633858,3.449126702633858,3.4253398331324063,3.4411978721618652,156500,0.0,0.0
2023-09-18 00:00:00-04:00,3.4253398331324063,3.449126702633858,3.4253398331324063,3.4411978721618652,141900,0.0,0.0
2023-09-19 00:00:00-04:00,3.4253409061951285,3.4411989501924656,3.4253409061951285,3.433269739151001,115000,0.0,0.0
2023-09-20 00:00:00-04:00,3.4253400596066266,3.457056139762526,3.4174108505249023,3.4174108505249023,78000,0.0,0.0
2023-09-21 00:00:00-04:00,3.409482717514038,3.425340760838428,3.401553506809055,3.409482717514038,110100,0.0,0.0
2023-09-22 00:00:00-04:00,3.401552810446953,3.449126930680802,3.401552810446953,3.4174108505249023,90000,0.0,0.0
2023-09-25 00:00:00-04:00,3.417410956141168,3.417410956141168,3.3936240843318513,3.40155291557312,89400,0.0,0.0
2023-09-26 00:00:00-04:00,3.393624190195468,3.4094822312582047,3.3777661491327304,3.385694980621338,87500,0.0,0.0
2023-09-27 00:00:00-04:00,3.4015530216840753,3.4094822312582047,3.3698369395586005,3.385694980621338,93300,0.0,0.0
2023-09-28 00:00:00-04:00,3.36190831156091,3.3856955663127337,3.353979478700694,3.369837522506714,136200,0.0,0.0
2023-09-29 00:00:00-04:00,3.4094826956371693,3.4094826956371693,3.3777666091918945,3.3777666091918945,117200,0.0,0.0
2023-10-02 00:00:00-04:00,3.3539791107177734,3.3856951948500726,3.3539791107177734,3.3539791107177734,98900,0.0,0.0
2023-10-03 00:00:00-04:00,3.330191727583458,3.3539789787897893,3.330191727583458,3.338120937347412,176300,0.0,0.0
2023-10-04 00:00:00-04:00,3.3381210686516236,3.361907942708075,3.330191858575776,3.3539791107177734,126500,0.0,0.0
2023-10-05 00:00:00-04:00,3.338120937347412,3.361907810468212,3.338120937347412,3.338120937347412,49300,0.0,0.0
2023-10-06 00:00:00-04:00,3.3143331274213987,3.4174105684631506,3.3143331274213987,3.3619072437286377,140900,0.0,0.0
2023-10-09 00:00:00-04:00,3.346050144661046,3.3936246524145317,3.346050144661046,3.3777666091918945,38600,0.0,0.0
2023-10-10 00:00:00-04:00,3.385694980621338,3.393624190195468,3.3619077299844706,3.385694980621338,86400,0.0,0.0
2023-10-11 00:00:00-04:00,3.3936246524145317,3.4015534849830638,3.369837398537789,3.3777666091918945,69900,0.0,0.0
2023-10-12 00:00:00-04:00,3.377767209455518,3.3936252554962913,3.3301926932475565,3.34605073928833,70100,0.0,0.0
2023-10-13 00:00:00-04:00,3.3381205652330865,3.361907435702264,3.3222625255584717,3.3222625255584717,81700,0.0,0.0
2023-10-16 00:00:00-04:00,3.3222625429889114,3.346049413582888,3.3222625429889114,3.3301913738250732,221800,0.0,0.0
2023-10-17 00:00:00-04:00,3.3078198189733636,3.3317896962143645,3.3078198189733636,3.3237996101379395,89300,0.032,0.0
2023-10-18 00:00:00-04:00,3.2998308516734545,3.3158106464108514,3.2998308516734545,3.3078205585479736,117100,0.0,0.0
2023-10-19 00:00:00-04:00,3.2918403148651123,3.3237998999812155,3.2918403148651123,3.2918403148651123,80400,0.0,0.0
2023-10-20 00:00:00-04:00,3.2998304016382916,3.3158101941963434,3.2838506090802397,3.2918403148651123,63800,0.0,0.0
2023-10-23 00:00:00-04:00,3.2678704024902343,3.2918398977962764,3.2279207356624857,3.2838501930236816,152800,0.0,0.0
2023-10-24 00:00:00-04:00,3.2678702520178557,3.3717386952084087,3.2678702520178557,3.3557589054107666,122900,0.0,0.0
2023-10-25 00:00:00-04:00,3.3237998999812155,3.3237998999812155,3.2918403148651123,3.2918403148651123,60200,0.0,0.0
2023-10-26 00:00:00-04:00,3.299830198287964,3.315809989861269,3.2918401120071694,3.299830198287964,44000,0.0,0.0
2023-10-27 00:00:00-04:00,3.291840324153381,3.363749581361667,3.291840324153381,3.315810203552246,78700,0.0,0.0
2023-10-30 00:00:00-04:00,3.323799148079093,3.395708388817338,3.323799148079093,3.347769021987915,68500,0.0,0.0
2023-10-31 00:00:00-04:00,3.379730430479977,3.395710228078456,3.3477708352830184,3.3717403411865234,259600,0.0,0.0
2023-11-01 00:00:00-04:00,3.35575893202368,3.4356582626337744,3.35575893202368,3.403698682785034,115600,0.0,0.0
2023-11-02 00:00:00-04:00,3.403698682785034,3.4516380525581445,3.403698682785034,3.403698682785034,88000,0.0,0.0
2023-11-03 00:00:00-04:00,3.4196788765364805,3.5155576274049443,3.4196788765364805,3.4516384601593018,76200,0.0,0.0
2023-11-06 00:00:00-05:00,3.4436481598101905,3.475607741447406,3.4356584548950195,3.4356584548950195,97700,0.0,0.0
2023-11-07 00:00:00-05:00,3.451638185663721,3.459627890439891,3.427668309358693,3.443648099899292,75800,0.0,0.0
2023-11-08 00:00:00-05:00,3.443648373759452,3.4676182519707126,3.443648373759452,3.4516384601593018,64500,0.0,0.0
2023-11-09 00:00:00-05:00,3.467618060841208,3.467618060841208,3.411688602089867,3.4196786880493164,71100,0.0,0.0
2023-11-10 00:00:00-05:00,3.395708811159237,3.443648183951128,3.395708811159237,3.4196786880493164,58800,0.0,0.0
2023-11-13 00:00:00-05:00,3.419678413106351,3.4356582027522027,3.4036986234604996,3.4116883277893066,75600,0.0,0.0
2023-11-14 00:00:00-05:00,3.4366389610960244,3.4768807888031006,3.4366389610960244,3.4768807888031006,47200,0.031,0.0
2023-11-15 00:00:00-05:00,3.468831837947366,3.484928490271563,3.4366385332989724,3.452735185623169,116300,0.0,0.0
2023-11-16 00:00:00-05:00,3.4446877795452338,3.4768810909992,3.4446877795452338,3.460784435272217,95200,0.0,0.0
2023-11-17 00:00:00-05:00,3.4527350659891685,3.501025021288558,3.4527350659891685,3.4849283695220947,80400,0.0,0.0
2023-11-20 00:00:00-05:00,3.4688323671673515,3.5332189862872387,3.4688323671673515,3.501025676727295,102000,0.0,0.0
2023-11-21 00:00:00-05:00,3.4849290219473232,3.517122331507267,3.4849290219473232,3.501025676727295,45500,0.0,0.0
2023-11-22 00:00:00-05:00,3.501024798981795,3.5251699669855543,3.492976665496826,3.492976665496826,133100,0.0,0.0
2023-11-24 00:00:00-05:00,3.4849291959281814,3.5332191626789142,3.4849291959281814,3.517122507095337,46300,0.0,0.0
2023-11-27 00:00:00-05:00,3.5251710267743963,3.5332191626789142,3.501025851511759,3.517122507095337,57200,0.0,0.0
2023-11-28 00:00:00-05:00,3.5251710267743963,3.549315818262492,3.5090743711908186,3.517122507095337,121600,0.0,0.0
2023-11-29 00:00:00-05:00,3.5171216722133036,3.5493149757385254,3.5171216722133036,3.5493149757385254,55200,0.0,0.0
2023-11-30 00:00:00-05:00,3.5573627948760986,3.5654109272896055,3.541266146274711,3.5573627948760986,57000,0.0,0.0
2023-12-01 00:00:00-05:00,3.533218691944167,3.6056538243069225,3.533218691944167,3.58955717086792,135400,0.0,0.0
2023-12-04 00:00:00-05:00,3.5815096561503226,3.597606314101182,3.557364861111332,3.565412998199463,107800,0.0,0.0
2023-12-05 00:00:00-05:00,3.565412298054806,3.5895574721269745,3.565412298054806,3.573460817337036,40300,0.0,0.0
2023-12-06 00:00:00-05:00,3.5734602637950075,3.6137017026490468,3.5734602637950075,3.5815083980560303,74800,0.0,0.0
2023-12-07 00:00:00-05:00,3.589557569535124,3.6297993994892552,3.573460914308378,3.5976057052612305,110100,0.0,0.0
2023-12-08 00:00:00-05:00,3.5976057052612305,3.60565422476187,3.573460914308378,3.5976057052612305,82800,0.0,0.0
2023-12-11 00:00:00-05:00,3.58955717086792,3.597605305700176,3.5654119988221717,3.58955717086792,76300,0.0,0.0
2023-12-12 00:00:00-05:00,3.573460817337036,3.605654126916913,3.573460817337036,3.573460817337036,97800,0.0,0.0
2023-12-13 00:00:00-05:00,3.5734612730203685,3.653944557233189,3.5734612730203685,3.637847900390625,104500,0.0,0.0
2023-12-14 00:00:00-05:00,3.637846606904796,3.6941850777091467,3.637846606904796,3.678088426589966,63900,0.0,0.0
2023-12-15 00:00:00-05:00,3.686138299756073,3.686138299756073,3.6458968448553404,3.6619935035705566,82000,0.0,0.0
2023-12-18 00:00:00-05:00,3.6619935035705566,3.7102834797162054,3.6619935035705566,3.6619935035705566,193100,0.0,0.0
2023-12-19 00:00:00-05:00,3.671718975296118,3.720350966072481,3.671718975296118,3.679824113845825,84400,0.032,0.0
2023-12-20 00:00:00-05:00,3.7041411238787223,3.7041411238787223,3.6636142626651798,3.671719789505005,69700,0.0,0.0
2023-12-21 00:00:00-05:00,3.671718975296118,3.7041403024803596,3.671718975296118,3.679824113845825,59900,0.0,0.0
2023-12-22 00:00:00-05:00,3.696034185727882,3.72035037046956,3.671718387478849,3.7041397094726562,128500,0.0,0.0
2023-12-26 00:00:00-05:00,3.6960355127634585,3.728456846397918,3.6960355127634585,3.7122461795806885,79800,0.0,0.0
2023-12-27 00:00:00-05:00,3.720351219177246,3.744667022973339,3.704140554482273,3.720351219177246,143300,0.0,0.0
2023-12-28 00:00:00-05:00,3.7041410394184653,3.7365623730529247,3.6960355127634585,3.7122461795806885,185200,0.0,0.0
2023-12-29 00:00:00-05:00,3.7284570600730835,3.7608783955655865,3.671719916207606,3.6879305839538574,259700,0.0,0.0
2024-01-02 00:00:00-05:00,3.671718387478849,3.712244846724786,3.6636128637340746,3.7041397094726562,112200,0.0,0.0
2024-01-03 00:00:00-05:00,3.704140554482273,3.720351219177246,3.6879298897873003,3.720351219177246,81300,0.0,0.0
2024-01-04 00:00:00-05:00,3.728456358278366,3.728456358278366,3.704140554482273,3.720351219177246,84900,0.0,0.0
2024-01-05 00:00:00-05:00,3.7203517062356948,3.744667513215148,3.7122461795806885,3.7122461795806885,60700,0.0,0.0
2024-01-08 00:00:00-05:00,3.712245693583393,3.768983213262165,3.712245693583393,3.720351219177246,111700,0.0,0.0
2024-01-09 00:00:00-05:00,3.7203510037254213,3.752772331237793,3.7203510037254213,3.752772331237793,47200,0.0,0.0
2024-01-10 00:00:00-05:00,3.7608774698695306,3.768982994993979,3.752772331237793,3.752772331237793,28700,0.0,0.0
2024-01-11 00:00:00-05:00,3.7608774698695306,3.7608774698695306,3.728456142357159,3.752772331237793,45700,0.0,0.0
2024-01-12 00:00:00-05:00,3.7608774698695306,3.7770881336257167,3.744666806113345,3.752772331237793,62400,0.0,0.0
2024-01-16 00:00:00-05:00,3.7642045020423165,3.7642045020423165,3.723377834446612,3.739708423614502,72600,0.034,0.0
2024-01-17 00:00:00-05:00,3.7233777917613433,3.7233777917613433,3.6907166137999945,3.6988821029663086,60600,0.0,0.0
2024-01-18 00:00:00-05:00,3.707046039979886,3.739707207696304,3.707046039979886,3.7315421104431152,186800,0.0,0.0
2024-01-19 00:00:00-05:00,3.739707680635954,3.739707680635954,3.7070465087890625,3.7070465087890625,68400,0.0,0.0
2024-01-22 00:00:00-05:00,3.723377834446612,3.7642045020423165,3.7152127345386456,3.739708423614502,102400,0.0,0.0
2024-01-23 00:00:00-05:00,3.747872694301324,3.7560377915545127,3.7315421104431152,3.7315421104431152,56500,0.0,0.0
2024-01-24 00:00:00-05:00,3.747873912874426,3.780535091210207,3.739708423614502,3.739708423614502,83800,0.0,0.0
2024-01-25 00:00:00-05:00,3.739707207696304,3.7560377915545127,3.723376623838095,3.7315421104431152,115800,0.0,0.0
2024-01-26 00:00:00-05:00,3.7315416938425114,3.7723679542541504,3.7315416938425114,3.7723679542541504,101800,0.0,0.0
2024-01-29 00:00:00-05:00,3.764202481718774,3.788698157647306,3.747871901315836,3.7560369968414307,73200,0.0,0.0
2024-01-30 00:00:00-05:00,3.7642040252685547,3.805030298341249,3.7560385370428704,3.7642040252685547,71300,0.0,0.0
2024-01-31 00:00:00-05:00,3.7886998653411865,3.7968653538989887,3.764204178371628,3.7886998653411865,96800,0.0,0.0
2024-02-01 00:00:00-05:00,3.7886997586131024,3.829526421548174,3.7886997586131024,3.805030345916748,115500,0.0,0.0
2024-02-02 00:00:00-05:00,3.7886998653411865,3.821361040868547,3.7886998653411865,3.7886998653411865,113900,0.0,0.0
2024-02-05 00:00:00-05:00,3.7560381943354577,3.788699365554315,3.7560381943354577,3.780534267425537,62900,0.0,0.0
2024-02-06 00:00:00-05:00,3.764204178371628,3.8131959416626695,3.764204178371628,3.7886998653411865,55200,0.0,0.0
2024-02-07 00:00:00-05:00,3.7886990228404933,3.813195093714735,3.7886990228404933,3.7968645095825195,39200,0.0,0.0
2024-02-08 00:00:00-05:00,3.821360933220394,3.8376915205240403,3.796865246940882,3.805030345916748,96100,0.0,0.0
2024-02-09 00:00:00-05:00,3.7968645095825195,3.813195093714735,3.7886990228404933,3.7968645095825195,47500,0.0,0.0
2024-02-12 00:00:00-05:00,3.7968645095825195,3.813195093714735,3.7886990228404933,3.7968645095825195,50700,0.0,0.0
2024-02-13 00:00:00-05:00,3.7919284797567383,3.7919284797567383,3.7672519837315126,3.783702850341797,62800,0.034,0.0
2024-02-14 00:00:00-05:00,3.7754788398742676,3.8001549516976523,3.767253207786655,3.7754788398742676,48200,0.0,0.0
2024-02-15 00:00:00-05:00,3.7754776131464536,3.800153716952081,3.7754776131464536,3.783702850341797,56000,0.0,0.0
2024-02-16 00:00:00-05:00,3.7590279679187693,3.7837040797421535,3.7590279679187693,3.7754788398742676,90000,0.0,0.0
2024-02-20 00:00:00-05:00,3.767253207786655,3.7837040797421535,3.7590279679187693,3.7754788398742676,99200,0.0,0.0
2024-02-21 00:00:00-05:00,3.7754776131464536,3.800153716952081,3.7672519837315126,3.783702850341797,76500,0.0,0.0
2024-02-22 00:00:00-05:00,3.8001553849761653,3.808381018001631,3.7672536373138428,3.7672536373138428,183700,0.0,0.0
2024-02-23 00:00:00-05:00,3.7672536373138428,3.7837045111450043,3.7590283965081475,3.7672536373138428,179100,0.0,0.0
2024-02-26 00:00:00-05:00,3.767253207786655,3.7837040797421535,3.7590279679187693,3.7754788398742676,74000,0.0,0.0
2024-02-27 00:00:00-05:00,3.7672536373138428,3.79193014417047,3.7590283965081475,3.7672536373138428,114500,0.0,0.0
2024-02-28 00:00:00-05:00,3.7590279679187693,3.791929711829766,3.7590279679187693,3.7754788398742676,102300,0.0,0.0
2024-02-29 00:00:00-05:00,3.791929960250854,3.8083808332841005,3.7837043276243554,3.7919299602508545,81900,0.0,0.0
2024-03-01 00:00:00-05:00,3.791929268843828,3.833056247818119,3.791929268843828,3.824831008911133,73600,0.0,0.0
2024-03-04 00:00:00-05:00,3.808380603790283,3.824831475832196,3.808380603790283,3.808380603790283,41000,0.0,0.0
2024-03-05 00:00:00-05:00,3.816605843701376,3.841282347874109,3.8001549716594627,3.808380603790283,75300,0.0,0.0
2024-03-06 00:00:00-05:00,3.8001554092516163,3.8248319162658775,3.8001554092516163,3.816606283187866,41000,0.0,0.0
2024-03-07 00:00:00-05:00,3.816605377784467,3.833056247818119,3.816605377784467,3.824831008911133,43900,0.0,0.0
2024-03-08 00:00:00-05:00,3.816606283187866,3.8248319162658775,3.8083810423296276,3.816606283187866,60900,0.0,0.0
2024-03-11 00:00:00-04:00,3.8083810423296276,3.8248319162658775,3.8001554092516163,3.816606283187866,89100,0.0,0.0
2024-03-12 00:00:00-04:00,3.811634902453265,3.828207212655082,3.811634902453265,3.8199212551116943,24600,0.034,0.0
2024-03-13 00:00:00-04:00,3.8199204145557593,3.82820637027586,3.7950617571655463,3.811634063720703,114900,0.0,0.0
2024-03-14 00:00:00-04:00,3.8116331299188206,3.8116331299188206,3.778488524928515,3.7867748737335205,86900,0.0,0.0
2024-03-15 00:00:00-04:00,3.7784881126676804,3.7950604133546735,3.770202159881592,3.770202159881592,93200,0.0,0.0
2024-03-18 00:00:00-04:00,3.778488807714753,3.8033474608753597,3.778488807714753,3.7950611114501953,55300,0.0,0.0
2024-03-19 00:00:00-04:00,3.811633415185637,3.811633415185637,3.786775157139918,3.7950611114501953,76900,0.0,0.0
2024-03-20 00:00:00-04:00,3.778489450610389,3.82820637027586,3.778489450610389,3.811634063720703,96400,0.0,0.0
2024-03-21 00:00:00-04:00,3.803348108000602,3.8199204145557593,3.803348108000602,3.811634063720703,70500,0.0,0.0
2024-03-22 00:00:00-04:00,3.7950625922514485,3.828207212655082,3.7950625922514485,3.8199212551116943,88500,0.0,0.0
2024-03-25 00:00:00-04:00,3.803348108000602,3.8199204145557593,3.7950617571655463,3.811634063720703,44600,0.0,0.0
2024-03-26 00:00:00-04:00,3.8199204145557593,3.82820637027586,3.811634063720703,3.811634063720703,96300,0.0,0.0
2024-03-27 00:00:00-04:00,3.8282063565841926,3.8530650138854976,3.8282063565841926,3.853065013885498,72700,0.0,0.0
2024-03-28 00:00:00-04:00,3.8613510395072774,3.8696373904627674,3.8282064259152375,3.8364927768707275,161000,0.0,0.0
2024-04-01 00:00:00-04:00,3.8364935653135115,3.844779522856899,3.811634902453265,3.8199212551116943,92600,0.0,0.0
2024-04-02 00:00:00-04:00,3.803348108000602,3.811634063720703,3.7950617571655463,3.811634063720703,94800,0.0,0.0
2024-04-03 00:00:00-04:00,3.795061111450195,3.811633415185637,3.795061111450195,3.7950611114501953,71400,0.0,0.0
2024-04-04 00:00:00-04:00,3.803348108000602,3.8199204145557593,3.7950617571655463,3.811634063720703,104400,0.0,0.0
2024-04-05 00:00:00-04:00,3.811634231867822,3.8364928903546542,3.803348275782193,3.8282065391540527,64400,0.0,0.0
2024-04-08 00:00:00-04:00,3.819921255111695,3.8364935653135115,3.819921255111695,3.8199212551116943,48600,0.0,0.0
2024-04-09 00:00:00-04:00,3.8199205830684235,3.8364928903546542,3.8199205830684235,3.8282065391540527,80000,0.0,0.0
2024-04-10 00:00:00-04:00,3.803347176228673,3.8116331299188206,3.778488524928515,3.7867748737335205,123100,0.0,0.0
2024-04-11 00:00:00-04:00,3.803347176228673,3.803347176228673,3.778488524928515,3.7867748737335205,63300,0.0,0.0
2024-04-12 00:00:00-04:00,3.7867744605685845,3.7867744605685845,3.7619158119806877,3.770202159881592,66800,0.0,0.0
2024-04-15 00:00:00-04:00,3.778489918615002,3.786776270476407,3.7122006841837742,3.720486640930176,135100,0.0,0.0
2024-04-16 00:00:00-04:00,3.7154769897460938,3.723826567700074,3.698778231967924,3.7154769897460938,124900,0.034,0.0
2024-04-17 00:00:00-04:00,3.7071278886719097,3.73217582680636,3.7071278886719097,3.7238266468048096,57000,0.0,0.0
2024-04-18 00:00:00-04:00,3.715477147333783,3.7488746643066406,3.715477147333783,3.7488746643066406,62200,0.0,0.0
2024-04-19 00:00:00-04:00,3.7405254841283297,3.765573820922876,3.7405254841283297,3.7488746643066406,103400,0.0,0.0
2024-04-22 00:00:00-04:00,3.7488743471331394,3.7822722594101736,3.7488743471331394,3.7739226818084717,66800,0.0,0.0
2024-04-23 00:00:00-04:00,3.765573502336543,3.798971016483804,3.765573502336543,3.7739226818084717,60500,0.0,0.0
2024-04-24 00:00:00-04:00,3.773922601245355,3.782272178668816,3.7488742671047377,3.7572238445281982,48900,0.0,0.0
2024-04-25 00:00:00-04:00,3.748874345674923,3.748874345674923,3.7154768315406526,3.732175588607788,58700,0.0,0.0
2024-04-26 00:00:00-04:00,3.7405251676612106,3.7822722594101736,3.7405251676612106,3.7739226818084717,86300,0.0,0.0
2024-04-29 00:00:00-04:00,3.765573818808713,3.807320515936443,3.757224240505283,3.7822725772857666,106900,0.0,0.0
2024-04-30 00:00:00-04:00,3.790621519088745,3.807320276515709,3.773922761661782,3.790621519088745,128500,0.0,0.0
2024-05-01 00:00:00-04:00,3.7906204929104645,3.8240179987231815,3.7906204929104645,3.815668821334839,53800,0.0,0.0
2024-05-02 00:00:00-04:00,3.8156690620598956,3.8407169939348345,3.8073194860151167,3.8240182399749756,83700,0.0,0.0
2024-05-03 00:00:00-04:00,3.8240195875750858,3.857417107264226,3.8240195875750858,3.8490679264068604,41100,0.0,0.0
2024-05-06 00:00:00-04:00,3.8323687708357497,3.874115467071533,3.8323687708357497,3.874115467071533,39400,0.0,0.0
2024-05-07 00:00:00-04:00,3.857417107264226,3.8741158671087956,3.8490679264068604,3.8490679264068604,32800,0.0,0.0
2024-05-08 00:00:00-04:00,3.8407174768586545,3.882464566072343,3.8407174768586545,3.8657658100128174,67400,0.0,0.0
2024-05-09 00:00:00-04:00,3.8490679264068604,3.86576668625143,3.8490679264068604,3.8490679264068604,49000,0.0,0.0
2024-05-10 00:00:00-04:00,3.8490664118891127,3.857415589461272,3.8323676586151123,3.8323676586151123,49700,0.0,0.0
2024-05-13 00:00:00-04:00,3.8323684553193504,3.865765968810301,3.8323684553193504,3.8574163913726807,100200,0.0,0.0
2024-05-14 00:00:00-04:00,3.8599388599395756,3.8683481039970617,3.851529214888142,3.859938859939575,54600,0.033,0.0
2024-05-15 00:00:00-04:00,3.876757987413771,3.910395767699854,3.876757987413771,3.9019861221313477,40200,0.0,0.0
2024-05-16 00:00:00-04:00,3.8851672319883064,3.9019861221313477,3.8851672319883064,3.9019861221313477,43400,0.0,0.0
2024-05-17 00:00:00-04:00,3.9019863438989058,3.9019863438989058,3.8851674527999704,3.8935770988464355,147300,0.0,0.0
2024-05-20 00:00:00-04:00,3.8851674527999704,3.9103959899453704,3.8851674527999704,3.8935770988464355,61400,0.0,0.0
2024-05-21 00:00:00-04:00,3.893577098846435,3.893577098846435,3.8851674527999704,3.8935770988464355,28600,0.0,0.0
2024-05-22 00:00:00-04:00,3.8767582077475002,3.9019863438989058,3.8767582077475002,3.8935770988464355,62800,0.0,0.0
2024-05-23 00:00:00-04:00,3.893576528282745,3.901985772102927,3.8767576396484458,3.885166883468628,58100,0.0,0.0
2024-05-24 00:00:00-04:00,3.893577098846435,3.9019863438989058,3.8767582077475002,3.8935770988464355,40300,0.0,0.0
2024-05-28 00:00:00-04:00,3.8851676203027727,3.9019865121268276,3.851529836654663,3.851529836654663,47700,0.0,0.0
2024-05-29 00:00:00-04:00,3.8515287699019565,3.8515287699019565,3.826300639650281,3.834709882736206,78200,0.0,0.0
2024-05-30 00:00:00-04:00,3.8431198623798464,3.893576528282745,3.834710217565729,3.885166883468628,134700,0.0,0.0
2024-05-31 00:00:00-04:00,3.9019861221313477,3.918805012274389,3.8851672319883064,3.9019861221313477,69400,0.0,0.0
2024-06-03 00:00:00-04:00,3.918805234997841,3.918805234997841,3.8767582077475002,3.8935770988464355,48300,0.0,0.0
2024-06-04 00:00:00-04:00,3.8851669611554924,3.9356236280673107,3.8851669611554924,3.9272143840789795,85500,0.0,0.0
2024-06-05 00:00:00-04:00,3.9272144017562876,3.9440332908025995,3.9272144017562876,3.9356236457824707,74700,0.0,0.0
2024-06-06 00:00:00-04:00,3.9188055992126465,3.9272152460407055,3.901986706550559,3.9188055992126465,104500,0.0,0.0
2024-06-07 00:00:00-04:00,3.901986706550559,3.9272152460407055,3.8851678138884713,3.9188055992126465,79300,0.0,0.0
2024-06-10 00:00:00-04:00,3.9019861221313477,3.910395767699854,3.893576877556813,3.9019861221313477,67200,0.0,0.0
2024-06-11 00:00:00-04:00,3.893577098846435,3.9103959899453704,3.8767582077475002,3.8935770988464355,78400,0.0,0.0
2024-06-12 00:00:00-04:00,3.9019861221313477,3.9356239024174307,3.9019861221313477,3.9019861221313477,149900,0.0,0.0
2024-06-13 00:00:00-04:00,3.901986452809385,3.9188053443777613,3.8935772075221995,3.910396099090576,84900,0.0,0.0
2024-06-14 00:00:00-04:00,3.901986452809385,3.9188053443777613,3.901986452809385,3.910396099090576,66400,0.0,0.0
2024-06-17 00:00:00-04:00,3.901986706550559,3.9188055992126465,3.8767585680544436,3.9188055992126465,60000,0.0,0.0
2024-06-18 00:00:00-04:00,3.9306652940813915,3.9306652940813915,3.905251735328235,3.922194242477417,79400,0.034,0.0
2024-06-20 00:00:00-04:00,3.905250274577908,3.922192775389785,3.8967788222014286,3.9137213230133057,84700,0.0,0.0
2024-06-21 00:00:00-04:00,3.9052512223408633,3.9391362321881487,3.9052512223408633,3.9306647777557373,54500,0.0,0.0
2024-06-24 00:00:00-04:00,3.9221949669436618,3.939137477222285,3.9052524566650386,3.905252456665039,47700,0.0,0.0
2024-06-25 00:00:00-04:00,3.9137222728320946,3.9391362321881487,3.9137222728320946,3.9306647777557373,105700,0.0,0.0
2024-06-26 00:00:00-04:00,3.905251735328235,3.922194242477417,3.905251735328235,3.922194242477417,62900,0.0,0.0
2024-06-27 00:00:00-04:00,3.930664812201724,3.939136266708374,3.922193761636257,3.939136266708374,58600,0.0,0.0
2024-06-28 00:00:00-04:00,3.9476070376015806,3.9814920453451963,3.9476070376015806,3.9645495414733887,102500,0.0,0.0
2024-07-01 00:00:00-04:00,3.9476075412769394,3.9984350593774467,3.9476075412769394,3.989964008331299,68900,0.0,0.0
2024-07-02 00:00:00-04:00,3.981491804122925,4.006905760361486,3.981491804122925,3.981491804122925,70300,0.0,0.0
2024-07-03 00:00:00-04:00,3.9645502451077776,4.023849221154154,3.9645502451077776,3.9984352588653564,29300,0.0,0.0
2024-07-05 00:00:00-04:00,4.0153770796678145,4.023848533630371,3.9984345756838593,4.023848533630371,50900,0.0,0.0
2024-07-08 00:00:00-04:00,4.006906514364801,4.015377565410949,3.9730215022977964,3.989964008331299,64200,0.0,0.0
2024-07-09 00:00:00-04:00,3.9814925533439443,3.9984350593774467,3.9814925533439443,3.989964008331299,45600,0.0,0.0
2024-07-10 00:00:00-04:00,3.989964008331299,4.015377565410949,3.9814925533439443,3.989964008331299,92800,0.0,0.0
2024-07-11 00:00:00-04:00,3.9899635256624606,4.023848533630371,3.9899635256624606,4.023848533630371,81600,0.0,0.0
2024-07-12 00:00:00-04:00,4.006906029646416,4.023848533630371,4.006906029646416,4.023848533630371,27500,0.0,0.0
2024-07-15 00:00:00-04:00,4.023849978095294,4.074677508293015,4.015378521091689,4.066206455230713,127300,0.0,0.0
2024-07-16 00:00:00-04:00,4.061086283615148,4.1122763955738035,4.061086283615148,4.1037445068359375,100300,0.034,0.0
2024-07-17 00:00:00-04:00,4.06961869243795,4.09521395765835,4.035491943359375,4.035491943359375,66700,0.0,0.0
2024-07-18 00:00:00-04:00,4.04402301752552,4.052554907342284,3.9672380432891314,3.992832899093628,131900,0.0,0.0
2024-07-19 00:00:00-04:00,3.9928323424822225,4.009895712914174,3.9843008606776675,4.001364231109619,33100,0.0,0.0
2024-07-22 00:00:00-04:00,4.001364788910393,4.001364788910393,3.992832899093628,3.992832899093628,41200,0.0,0.0
2024-07-23 00:00:00-04:00,3.992832899093628,4.009896271904259,3.9843014160997616,3.992832899093628,116600,0.0,0.0
2024-07-24 00:00:00-04:00,4.0013650223450785,4.0013650223450785,3.9757697582244873,3.9757697582244873,49500,0.0,0.0
2024-07-25 00:00:00-04:00,3.9928319559270236,4.009895324707031,3.9672371061684126,4.009895324707031,122600,0.0,0.0
2024-07-26 00:00:00-04:00,3.9928331483361097,4.0269598960876465,3.9928331483361097,4.0269598960876465,25200,0.0,0.0
2024-07-29 00:00:00-04:00,4.035491786436992,4.044023269963415,4.0098965222118785,4.0269598960876465,81000,0.0,0.0
2024-07-30 00:00:00-04:00,4.044022242372816,4.052554130554199,4.026958872832869,4.052554130554199,75600,0.0,0.0
2024-07-31 00:00:00-04:00,4.0866815976774475,4.095213487378789,4.044022962816523,4.069618225097656,84800,0.0,0.0
2024-08-01 00:00:00-04:00,4.052554852517865,4.11227685995858,4.052554852517865,4.069618225097656,104100,0.0,0.0
2024-08-02 00:00:00-04:00,4.069618225097656,4.0866815976774475,4.044022962816523,4.069618225097656,57400,0.0,0.0
2024-08-05 00:00:00-04:00,4.009897387137737,4.026960764694037,3.992834009581436,4.018429279327393,94700,0.0,0.0
2024-08-06 00:00:00-04:00,4.01842760154157,4.026959083346125,3.9928323424822225,4.001364231109619,230700,0.0,0.0
2024-08-07 00:00:00-04:00,4.001364231109619,4.01842760154157,4.001364231109619,4.001364231109619,133000,0.0,0.0
2024-08-08 00:00:00-04:00,4.009895324707031,4.018427212508436,4.001363843728428,4.009895324707031,74300,0.0,0.0
2024-08-09 00:00:00-04:00,4.00989581835833,4.044022560119629,4.00989581835833,4.044022560119629,45700,0.0,0.0
2024-08-12 00:00:00-04:00,4.02695918923898,4.05255444897138,4.02695918923898,4.044022560119629,41700,0.0,0.0
2024-08-13 00:00:00-04:00,4.047459602355957,4.073239370147665,4.047459602355957,4.047459602355957,49700,0.034,0.0
2024-08-14 00:00:00-04:00,4.064647169505833,4.064647169505833,4.0474605171727855,4.056053638458252,32800,0.0,0.0
2024-08-15 00:00:00-04:00,4.0474595956291575,4.073239363378019,4.0474595956291575,4.064646244049072,20200,0.0,0.0
2024-08-16 00:00:00-04:00,4.064647215012386,4.090427398681641,4.064647215012386,4.090427398681641,64900,0.0,0.0
2024-08-19 00:00:00-04:00,4.0732407841651845,4.09042784834214,4.06464766183887,4.081834316253662,68200,0.0,0.0
2024-08-20 00:00:00-04:00,4.09042784834214,4.09042784834214,4.06464766183887,4.081834316253662,55300,0.0,0.0
2024-08-21 00:00:00-04:00,4.073239823847196,4.116206654635282,4.073239823847196,4.099020004272461,158400,0.0,0.0
2024-08-22 00:00:00-04:00,4.090427342201633,4.107613994489786,4.073240280151367,4.073240280151367,29200,0.0,0.0
2024-08-23 00:00:00-04:00,4.081833867537849,4.107614051207105,4.081833867537849,4.090427398681641,51800,0.0,0.0
2024-08-26 00:00:00-04:00,4.099020985093195,4.116207639568469,4.099020985093195,4.107614517211914,40500,0.0,0.0
2024-08-27 00:00:00-04:00,4.099020985093195,4.124801171687187,4.090427862736641,4.107614517211914,58700,0.0,0.0
2024-08-28 00:00:00-04:00,4.107614517211914,4.124801171687187,4.099020985093195,4.107614517211914,49400,0.0,0.0
2024-08-29 00:00:00-04:00,4.09902095979407,4.1419878005981445,4.09902095979407,4.1419878005981445,76300,0.0,0.0
2024-08-30 00:00:00-04:00,4.159173011779785,4.159173011779785,4.133392834290348,4.159173011779785,112700,0.0,0.0
2024-09-03 00:00:00-04:00,4.133393325573866,4.141986855679088,4.124800205230713,4.124800205230713,45600,0.0,0.0
2024-09-04 00:00:00-04:00,4.133394718170166,4.159174907409455,4.124801594931874,4.133394718170166,113500,0.0,0.0
2024-09-05 00:00:00-04:00,4.150580922901662,4.159174454967342,4.133394268532465,4.1419878005981445,52000,0.0,0.0
2024-09-06 00:00:00-04:00,4.15057994661882,4.167766596945442,4.116206645965576,4.116206645965576,89400,0.0,0.0
2024-09-09 00:00:00-04:00,4.124800205230713,4.141986855679088,4.064646723780366,4.124800205230713,157000,0.0,0.0
2024-09-10 00:00:00-04:00,4.12480017600992,4.133393296292198,4.116206645965576,4.116206645965576,39400,0.0,0.0
2024-09-11 00:00:00-04:00,4.116206675125491,4.133393325573866,4.116206675125491,4.124800205230713,56700,0.0,0.0
2024-09-12 00:00:00-04:00,4.124801594931874,4.150581374408957,4.124801594931874,4.133394718170166,63200,0.0,0.0
2024-09-13 00:00:00-04:00,4.124801106601081,4.167767537230204,4.124801106601081,4.150580883026123,79400,0.0,0.0
2024-09-16 00:00:00-04:00,4.150579482695966,4.159173011779785,4.150579482695966,4.159173011779785,64000,0.0,0.0
2024-09-17 00:00:00-04:00,4.153981409864095,4.179943561553955,4.153981409864095,4.179943561553955,89200,0.034,0.0
2024-09-18 00:00:00-04:00,4.179943561553955,4.188597887224549,4.162635322873728,4.179943561553955,45000,0.0,0.0
2024-09-19 00:00:00-04:00,4.188598160616831,4.188598160616831,4.162635594571418,4.171289920806885,85300,0.0,0.0
2024-09-20 00:00:00-04:00,4.162635322873728,4.188597887224549,4.162635322873728,4.179943561553955,28500,0.0,0.0
2024-09-23 00:00:00-04:00,4.171289925467714,4.179943839051862,4.153981685638428,4.153981685638428,36400,0.0,0.0
2024-09-24 00:00:00-04:00,4.153981680996939,4.179943834381364,4.153981680996939,4.171289920806885,76000,0.0,0.0
2024-09-25 00:00:00-04:00,4.179943561553955,4.179943561553955,4.171289648544322,4.179943561553955,31000,0.0,0.0
2024-09-26 00:00:00-04:00,4.179943565080327,4.188597890758222,4.153981413368564,4.162635326385498,88800,0.0,0.0
2024-09-27 00:00:00-04:00,4.171288491584299,4.188596725463867,4.162634168314092,4.188596725463867,93200,0.0,0.0
2024-09-30 00:00:00-04:00,4.205905643037607,4.24052211642385,4.188597406344486,4.214559555053711,71000,0.0,0.0
2024-10-01 00:00:00-04:00,4.205905436793558,4.231867584229684,4.205905436793558,4.2232136726379395,53000,0.0,0.0
2024-10-02 00:00:00-04:00,4.205905436793558,4.2232136726379395,4.205905436793558,4.2232136726379395,20500,0.0,0.0
2024-10-03 00:00:00-04:00,4.2232136726379395,4.240521908482321,4.205905436793558,4.2232136726379395,57800,0.0,0.0
2024-10-04 00:00:00-04:00,4.2232136726379395,4.231867584229684,4.205905436793558,4.2232136726379395,55700,0.0,0.0
2024-10-07 00:00:00-04:00,4.197252064927433,4.2145603046991775,4.197252064927433,4.205906391143799,51900,0.0,0.0
2024-10-08 00:00:00-04:00,4.197252064927433,4.2145603046991775,4.188598151372054,4.205906391143799,85700,0.0,0.0
2024-10-09 00:00:00-04:00,4.214559348385302,4.231867584229684,4.197251112540921,4.2232136726379395,53700,0.0,0.0
2024-10-10 00:00:00-04:00,4.205906391143799,4.2145603046991775,4.188598151372054,4.205906391143799,32300,0.0,0.0
2024-10-11 00:00:00-04:00,4.188597406344486,4.214559555053711,4.188597406344486,4.214559555053711,20500,0.0,0.0
2024-10-14 00:00:00-04:00,4.214559555053711,4.214559555053711,4.19725131836059,4.214559555053711,60800,0.0,0.0
2024-10-15 00:00:00-04:00,4.2102016276858505,4.227635158447872,4.184051539366897,4.192768096923828,53300,0.035,0.0
2024-10-16 00:00:00-04:00,4.2014851570129395,4.210201714750124,4.184051625890403,4.2014851570129395,62100,0.0,0.0
2024-10-17 00:00:00-04:00,4.192768071175276,4.210201601830236,4.184051513671875,4.184051513671875,72500,0.0,0.0
2024-10-18 00:00:00-04:00,4.184051513671875,4.192768071175276,4.175334540520317,4.184051513671875,63700,0.0,0.0
2024-10-21 00:00:00-04:00,4.175333949763772,4.18405092168199,4.166617393493652,4.166617393493652,78100,0.0,0.0
2024-10-22 00:00:00-04:00,4.184051513671875,4.192768071175276,4.166617983016915,4.184051513671875,52200,0.0,0.0
2024-10-23 00:00:00-04:00,4.175334988812471,4.184051962899943,4.114317417144775,4.114317417144775,54100,0.0,0.0
2024-10-24 00:00:00-04:00,4.140466123434435,4.1666166186780975,4.123032598488,4.131749153137207,42300,0.0,0.0
2024-10-25 00:00:00-04:00,4.13175114607312,4.149185095076781,4.13175114607312,4.140468120574951,37100,0.0,0.0
2024-10-28 00:00:00-04:00,4.131749806799998,4.166617277857091,4.131749806799998,4.149183750152588,92100,0.0,0.0
2024-10-29 00:00:00-04:00,4.131749153137207,4.149183093731663,4.131749153137207,4.131749153137207,103800,0.0,0.0
2024-10-30 00:00:00-04:00,4.149184365968892,4.18405142655282,4.140467392998836,4.175334453582764,56300,0.0,0.0
2024-10-31 00:00:00-04:00,4.1840508055615935,4.201484333266097,4.149183750152588,4.149183750152588,74600,0.0,0.0
2024-11-01 00:00:00-04:00,4.166617896260856,4.18405142655282,4.1579009232908,4.175334453582764,51100,0.0,0.0
2024-11-04 00:00:00-05:00,4.192767361589802,4.210200889294305,4.140466778476293,4.149183750152588,71600,0.0,0.0
2024-11-05 00:00:00-05:00,4.131749153137207,4.1666166186780975,4.131749153137207,4.131749153137207,54600,0.0,0.0
2024-11-06 00:00:00-05:00,4.12303352355957,4.140467052417509,4.114316551306544,4.12303352355957,57300,0.0,0.0
2024-11-07 00:00:00-05:00,4.13175114607312,4.157901653930391,4.13175114607312,4.140468120574951,90500,0.0,0.0
2024-11-08 00:00:00-05:00,4.140466805585892,4.175333861223189,4.140466805585892,4.157900333404541,114800,0.0,0.0
2024-11-11 00:00:00-05:00,4.175333949763772,4.18405092168199,4.157900421575435,4.166617393493652,73500,0.0,0.0
2024-11-12 00:00:00-05:00,4.161349092297895,4.161349092297895,4.108673835023638,4.135011672973633,160300,0.034,0.0
2024-11-13 00:00:00-05:00,4.135011732372909,4.135011732372909,4.082336474341974,4.091115474700928,153200,0.0,0.0
2024-11-14 00:00:00-05:00,4.108675661163907,4.108675661163907,4.073558807373047,4.073558807373047,127500,0.0,0.0
2024-11-15 00:00:00-05:00,4.073558807373047,4.082338230133721,4.029662949447431,4.073558807373047,80500,0.0,0.0
2024-11-18 00:00:00-05:00,4.056000380477617,4.091117234268477,4.056000380477617,4.073558807373047,118000,0.0,0.0
2024-11-19 00:00:00-05:00,4.073558910147707,4.09111733748613,4.064779905791458,4.082338333129883,79500,0.0,0.0
2024-11-20 00:00:00-05:00,4.073557055357282,4.099894893685619,4.073557055357282,4.091115474700928,52100,0.0,0.0
2024-11-21 00:00:00-05:00,4.117454528808594,4.1262335317597625,4.091116682703363,4.117454528808594,60300,0.0,0.0
2024-11-22 00:00:00-05:00,4.09989600032319,4.117454424406177,4.09111657896877,4.108675003051758,100900,0.0,0.0
2024-11-25 00:00:00-05:00,4.108673728580263,4.1350115658479245,4.108673728580263,4.126232147216797,62900,0.0,0.0
2024-11-26 00:00:00-05:00,4.117455187806731,4.126234192162978,4.082338333129883,4.082338333129883,87600,0.0,0.0
2024-11-27 00:00:00-05:00,4.09111657896877,4.117454424406177,4.09111657896877,4.108675003051758,106100,0.0,0.0
2024-11-29 00:00:00-05:00,4.126232254115057,4.161349092297895,4.126232254115057,4.135011672973633,118000,0.0,0.0
2024-12-02 00:00:00-05:00,4.135011875952713,4.161349296569824,4.135011875952713,4.161349296569824,94800,0.0,0.0
2024-12-03 00:00:00-05:00,4.143791780120676,4.178909046309978,4.143791780120676,4.152571201324463,178000,0.0,0.0
2024-12-04 00:00:00-05:00,4.135012777542734,4.161350203902405,4.135012777542734,4.152571201324463,138200,0.0,0.0
2024-12-05 00:00:00-05:00,4.1437908766164995,4.170128715859363,4.1437908766164995,4.161349296569824,81300,0.0,0.0
2024-12-06 00:00:00-05:00,4.161349508609715,4.178908348083496,4.161349508609715,4.178908348083496,65800,0.0,0.0
2024-12-09 00:00:00-05:00,4.161350354479509,4.178909197522444,4.143791930062434,4.170129776000977,120500,0.0,0.0
2024-12-10 00:00:00-05:00,4.152570295906038,4.170128715859363,4.1437908766164995,4.161349296569824,60300,0.0,0.0
2024-12-11 00:00:00-05:00,4.170129776000977,4.187688200418052,4.170129776000977,4.170129776000977,82200,0.0,0.0
2024-12-12 00:00:00-05:00,4.161350354479509,4.178909197522444,4.143791930062434,4.170129776000977,150700,0.0,0.0
2024-12-13 00:00:00-05:00,4.161349296569824,4.170128715859363,4.161349296569824,4.161349296569824,70400,0.0,0.0
2024-12-16 00:00:00-05:00,4.152571096549898,4.170129519888606,4.143791675567627,4.143791675567627,136200,0.0,0.0
2024-12-17 00:00:00-05:00,4.129642661632241,4.147328480286768,4.103113722818862,4.120799541473389,139600,0.034,0.0
2024-12-18 00:00:00-05:00,4.103113881852327,4.129642821693947,4.085428062512311,4.094271183013916,93700,0.0,0.0
2024-12-19 00:00:00-05:00,4.094272416942596,4.094272416942596,4.041214942932129,4.041214942932129,118200,0.0,0.0
2024-12-20 00:00:00-05:00,4.032370708128169,4.085428167511844,4.01468488833361,4.067742347717285,140200,0.0,0.0
2024-12-23 00:00:00-05:00,4.0500565279227265,4.085428167511844,4.032370708128169,4.067742347717285,131600,0.0,0.0
2024-12-24 00:00:00-05:00,4.058899648651608,4.085428167511844,4.0500565279227265,4.067742347717285,24900,0.0,0.0
2024-12-26 00:00:00-05:00,4.050057300903808,4.103114770413864,4.050057300903808,4.0765862464904785,93000,0.0,0.0
2024-12-27 00:00:00-05:00,4.050056457519531,4.076585397581812,4.04121375860757,4.050056457519531,97100,0.0,0.0
2024-12-30 00:00:00-05:00,4.050056457519531,4.076585397581812,4.03237063803241,4.050056457519531,151400,0.0,0.0
2024-12-31 00:00:00-05:00,4.076585572621137,4.147328853607178,4.058899752374627,4.147328853607178,238100,0.0,0.0
2025-01-02 00:00:00-05:00,4.138485360127915,4.173856997436969,4.111956842977714,4.120799541473389,47200,0.0,0.0
2025-01-03 00:00:00-05:00,4.120800562309665,4.156172208381253,4.120800562309665,4.138486385345459,47500,0.0,0.0
2025-01-06 00:00:00-05:00,4.129642486572266,4.156171002597895,4.129642486572266,4.129642486572266,84400,0.0,0.0
2025-01-07 00:00:00-05:00,4.129642821693947,4.129642821693947,4.094271183013916,4.094271183013916,79600,0.0,0.0
2025-01-08 00:00:00-05:00,4.085429257274966,4.147329853899127,4.085429257274966,4.103115081787109,78600,0.0,0.0
2025-01-10 00:00:00-05:00,4.085428947243845,4.103114770413864,4.067743124073827,4.0765862464904785,93500,0.0,0.0
2025-01-13 00:00:00-05:00,4.067743124073827,4.085428947243845,4.05890042332046,4.0765862464904785,29200,0.0,0.0
2025-01-14 00:00:00-05:00,4.071240565001026,4.106875020400912,4.071240565001026,4.097966194152832,48600,0.034,0.0
2025-01-15 00:00:00-05:00,4.115783214569092,4.133600441371704,4.080148760963868,4.115783214569092,82900,0.0,0.0
2025-01-16 00:00:00-05:00,4.115783214569092,4.124692040368495,4.09796598776648,4.115783214569092,72100,0.0,0.0
2025-01-17 00:00:00-05:00,4.115783214569092,4.133600441371704,4.1068748135658835,4.115783214569092,50200,0.0,0.0
2025-01-21 00:00:00-05:00,4.1068748135658835,4.133600441371704,4.1068748135658835,4.115783214569092,123700,0.0,0.0
2025-01-22 00:00:00-05:00,4.1336003640323336,4.1336003640323336,4.097965911093828,4.124691963195801,148700,0.0,0.0
2025-01-23 00:00:00-05:00,4.124692040368495,4.133600441371704,4.1068748135658835,4.115783214569092,115000,0.0,0.0
2025-01-24 00:00:00-05:00,4.115783137563081,4.1336003640323336,4.115783137563081,4.124691963195801,38800,0.0,0.0
2025-01-27 00:00:00-05:00,4.124693261855483,4.14251049393449,4.097967201338809,4.133601665496826,93500,0.0,0.0
2025-01-28 00:00:00-05:00,4.115783214569092,4.133600441371704,4.1068748135658835,4.115783214569092,94700,0.0,0.0
2025-01-29 00:00:00-05:00,4.115783137563081,4.151417590501587,4.115783137563081,4.124691963195801,118000,0.0,0.0
2025-01-30 00:00:00-05:00,4.142508779323974,4.187051628686768,4.133599954573728,4.16032600402832,131300,0.0,0.0
2025-01-31 00:00:00-05:00,4.1692345477525405,4.1959605981287424,4.151417322433792,4.187051773071289,89700,0.0,0.0
2025-02-03 00:00:00-05:00,4.160326147491246,4.222686223708785,4.160326147491246,4.187051773071289,185500,0.0,0.0
2025-02-04 00:00:00-05:00,4.178143296703796,4.204868921797023,4.178143296703796,4.195960521697998,22200,0.0,0.0
2025-02-05 00:00:00-05:00,4.187051696802821,4.2137777466922,4.187051696802821,4.195960521697998,57200,0.0,0.0
2025-02-06 00:00:00-05:00,4.204869065139382,4.222686290740967,4.204869065139382,4.222686290740967,64400,0.0,0.0
2025-02-07 00:00:00-05:00,4.204869193480625,4.231595245096819,4.204869193480625,4.213778018951416,25700,0.0,0.0
2025-02-10 00:00:00-05:00,4.213778018951416,4.231595245096819,4.204869193480625,4.213778018951416,60300,0.0,0.0
2025-02-11 00:00:00-05:00,4.195960664736673,4.231595115939842,4.195960664736673,4.222686290740967,40100,0.0,0.0
2025-02-12 00:00:00-05:00,4.204868921797023,4.2137777466922,4.178143296703796,4.195960521697998,51900,0.0,0.0
2025-02-13 00:00:00-05:00,4.1959618211411644,4.222687454511026,4.187052993487021,4.204870223999023,35700,0.0,0.0
2025-02-14 00:00:00-05:00,4.1959618211411644,4.222687454511026,4.1959618211411644,4.204870223999023,67100,0.0,0.0
2025-02-18 00:00:00-05:00,4.198589233051602,4.216531905628389,4.189618110656738,4.189618110656738,101300,0.033,0.0
2025-02-19 00:00:00-05:00,4.189618678178246,4.2255040281928125,4.189618678178246,4.19858980178833,50500,0.0,0.0
2025-02-20 00:00:00-05:00,4.20756135318553,4.216532476795614,4.189618678178246,4.19858980178833,75500,0.0,0.0
2025-02-21 00:00:00-05:00,4.198589233051602,4.207560783233525,4.180646560474816,4.189618110656738,63400,0.0,0.0
2025-02-24 00:00:00-05:00,4.189618110656738,4.207560783233525,4.180646560474816,4.189618110656738,92600,0.0,0.0
2025-02-25 00:00:00-05:00,4.207560783233525,4.207560783233525,4.189618110656738,4.189618110656738,95000,0.0,0.0
2025-02-26 00:00:00-05:00,4.189618678178246,4.20756135318553,4.189618678178246,4.19858980178833,90500,0.0,0.0
2025-02-27 00:00:00-05:00,4.198589233051602,4.198589233051602,4.180646560474816,4.189618110656738,127100,0.0,0.0
2025-02-28 00:00:00-05:00,4.20756135318553,4.2255040281928125,4.1806471267810466,4.19858980178833,163500,0.0,0.0
2025-03-03 00:00:00-05:00,4.180646409680834,4.252417097399245,4.180646409680834,4.216531753540039,146000,0.0,0.0
2025-03-04 00:00:00-05:00,4.21653261682794,4.252417968034269,4.198589941224775,4.207561492919922,146800,0.0,0.0
2025-03-05 00:00:00-05:00,4.198589091496999,4.207560641376448,4.1806464195251465,4.1806464195251465,105300,0.0,0.0
2025-03-06 00:00:00-05:00,4.1716766357421875,4.189619313470205,4.1716766357421875,4.1716766357421875,57000,0.0,0.0
2025-03-07 00:00:00-05:00,4.171676497069968,4.180647621742174,4.15373381993839,4.162704944610596,77100,0.0,0.0
2025-03-10 00:00:00-04:00,4.15373381993839,4.171676497069968,4.15373381993839,4.162704944610596,92200,0.0,0.0
2025-03-11 00:00:00-04:00,4.162703899060768,4.171675449266748,4.153732776641846,4.153732776641846,49100,0.0,0.0
2025-03-12 00:00:00-04:00,4.162703899060768,4.180646571685669,4.153732776641846,4.153732776641846,55300,0.0,0.0
2025-03-13 00:00:00-04:00,4.153732635411194,4.162703757525089,4.126818413495419,4.144761085510254,104200,0.0,0.0
2025-03-14 00:00:00-04:00,4.135789963396359,4.162703757525089,4.135789963396359,4.144761085510254,73200,0.0,0.0
2025-03-17 00:00:00-04:00,4.153732776641846,4.162703899060768,4.1447612264358655,4.153732776641846,119900,0.0,0.0
2025-03-18 00:00:00-04:00,4.157348682737148,4.166386604309082,4.148311192117036,4.166386604309082,55700,0.034,0.0
2025-03-19 00:00:00-04:00,4.148311192117036,4.175424094929196,4.148311192117036,4.166386604309082,102200,0.0,0.0
2025-03-20 00:00:00-04:00,4.1573477372131125,4.184461064810589,4.1573477372131125,4.1754231452941895,96600,0.0,0.0
2025-03-21 00:00:00-04:00,4.1754227213548525,4.184460639953613,4.1754227213548525,4.184460639953613,43400,0.0,0.0
2025-03-24 00:00:00-04:00,4.184462123964841,4.211575027473304,4.1754242021608,4.202537536621094,143400,0.0,0.0
2025-03-25 00:00:00-04:00,4.193499194199179,4.22965001588567,4.193499194199179,4.220612525939941,65200,0.0,0.0
2025-03-26 00:00:00-04:00,4.202536531091759,4.220611939423158,4.193498611450195,4.193498611450195,59600,0.0,0.0
2025-03-27 00:00:00-04:00,4.184462123964841,4.211575027473304,4.184462123964841,4.202537536621094,66200,0.0,0.0
2025-03-28 00:00:00-04:00,4.202536531091759,4.202536531091759,4.18446112276036,4.193498611450195,63800,0.0,0.0
2025-03-31 00:00:00-04:00,4.202537536621094,4.2206129492773465,4.184462123964841,4.202537536621094,290000,0.0,0.0
2025-04-01 00:00:00-04:00,4.211574605042425,4.247725426728916,4.202537115096695,4.220612525939941,102700,0.0,0.0
2025-04-02 00:00:00-04:00,4.247725910337677,4.247725910337677,4.220613006461865,4.229650497436523,51800,0.0,0.0
2025-04-03 00:00:00-04:00,4.202537428693176,4.202537428693176,4.166386604309082,4.166386604309082,116000,0.0,0.0
2025-04-04 00:00:00-04:00,4.1483111871557385,4.1483111871557385,3.9765945560607534,4.012745380401611,206800,0.0,0.0
2025-04-07 00:00:00-04:00,3.9494808228680105,4.0037070538947095,3.9494808228680105,3.9585187435150146,333800,0.0,0.0
2025-04-08 00:00:00-04:00,4.0037070538947095,4.085046615910646,3.9494808228680105,3.9585187435150146,170900,0.0,0.0
2025-04-09 00:00:00-04:00,3.93140534799615,4.04889572876808,3.8952545279050597,4.021782398223877,313500,0.0,0.0
2025-04-10 00:00:00-04:00,3.9765948193491325,3.985632310556805,3.913330657088032,3.940443992614746,192900,0.0,0.0
2025-04-11 00:00:00-04:00,3.958518330286134,3.994669147196824,3.931405002127251,3.985631227493286,127100,0.0,0.0
2025-04-14 00:00:00-04:00,3.9946694986314433,4.021782398223877,3.9675561680872407,4.021782398223877,36400,0.0,0.0
2025-04-15 00:00:00-04:00,4.0063031897611845,4.079144994892431,4.0063031897611845,4.060934543609619,159100,0.033,0.0
2025-04-16 00:00:00-04:00,4.070039552165322,4.097355446175242,4.051829100882511,4.060934543609619,202100,0.0,0.0
2025-04-17 00:00:00-04:00,4.060934978286521,4.106461328452331,4.060934978286521,4.079145431518555,83300,0.0,0.0
2025-04-21 00:00:00-04:00,4.042725086212158,4.060935541971927,4.033619641246518,4.042725086212158,83400,0.0,0.0
2025-04-22 00:00:00-04:00,4.0427243289850265,4.097355686031542,4.0427243289850265,4.0518293380737305,93700,0.0,0.0
2025-04-23 00:00:00-04:00,4.079146338981445,4.124672699275228,4.079146338981445,4.097356796264648,25900,0.0,0.0
2025-04-24 00:00:00-04:00,4.09735623202014,4.151987596346497,4.08825078754667,4.133777141571045,78300,0.0,0.0
2025-04-25 00:00:00-04:00,4.133776623313284,4.161092519137572,4.1155661708209035,4.151987075805664,52600,0.0,0.0
2025-04-28 00:00:00-04:00,4.133776427369472,4.161092321898968,4.124671418640583,4.142881870269775,73200,0.0,0.0
2025-04-29 00:00:00-04:00,4.151987701976817,4.206619067693045,4.151987701976817,4.197514057159424,108200,0.0,0.0
2025-04-30 00:00:00-04:00,4.197514057159424,4.215724512398166,4.17019815721556,4.197514057159424,88400,0.0,0.0
2025-05-01 00:00:00-04:00,4.206619067693045,4.224829522931787,4.197514057159424,4.197514057159424,193400,0.0,0.0
2025-05-02 00:00:00-04:00,4.206619067693045,4.215724512398166,4.197514057159424,4.197514057159424,43500,0.0,0.0
2025-05-05 00:00:00-04:00,4.197514057159424,4.215724512398166,4.188408612454302,4.197514057159424,44600,0.0,0.0
2025-05-06 00:00:00-04:00,4.206619307902143,4.206619307902143,4.179303840569994,4.188408851623535,62400,0.0,0.0
2025-05-07 00:00:00-04:00,4.197514057159424,4.224829522931787,4.188408612454302,4.197514057159424,55900,0.0,0.0
2025-05-08 00:00:00-04:00,4.215724512398166,4.215724512398166,4.188408612454302,4.197514057159424,59300,0.0,0.0
2025-05-09 00:00:00-04:00,4.206618072006977,4.233933965485302,4.197513063628468,4.215723514556885,52000,0.0,0.0
2025-05-12 00:00:00-04:00,4.2339348793029785,4.243039889646639,4.206618979929015,4.2339348793029785,45500,0.0,0.0
2025-05-13 00:00:00-04:00,4.227515188736887,4.24585580060078,4.218344664167601,4.236685276031494,57100,0.033,0.0
2025-05-14 00:00:00-04:00,4.218344664167601,4.24585580060078,4.200004052303707,4.236685276031494,90400,0.0,0.0
2025-05-15 00:00:00-04:00,4.218344198027783,4.245855331420898,4.200003588190582,4.245855331420898,74300,0.0,0.0
2025-05-16 00:00:00-04:00,4.236686258205569,4.2458567849008215,4.218345642089844,4.218345642089844,36400,0.0,0.0
2025-05-19 00:00:00-04:00,4.181664409858393,4.236686258205569,4.181664409858393,4.218345642089844,123000,0.0,0.0
2025-05-20 00:00:00-04:00,4.209174608639779,4.2458558326444,4.200004084001282,4.22751522064209,47700,0.0,0.0
2025-05-21 00:00:00-04:00,4.218345705031154,4.236686321420536,4.190834999084473,4.190834999084473,76900,0.0,0.0
2025-05-22 00:00:00-04:00,4.200004108334496,4.218344720443065,4.1816634962259265,4.209174633026123,77400,0.0,0.0
2025-05-23 00:00:00-04:00,4.1816634962259265,4.218344720443065,4.1816634962259265,4.209174633026123,72300,0.0,0.0
2025-05-27 00:00:00-04:00,4.200004108334496,4.2275152451346925,4.200004108334496,4.209174633026123,85100,0.0,0.0
2025-05-28 00:00:00-04:00,4.200004577636719,4.227515717510968,4.200004577636719,4.200004577636719,105700,0.0,0.0
2025-05-29 00:00:00-04:00,4.209174608639779,4.236685308005904,4.200004084001282,4.22751522064209,118400,0.0,0.0
2025-05-30 00:00:00-04:00,4.236685276031494,4.24585580060078,4.209174576872994,4.236685276031494,141700,0.0,0.0
2025-06-02 00:00:00-04:00,4.218344198027783,4.255025417702184,4.209174111746497,4.245855331420898,119700,0.0,0.0
2025-06-03 00:00:00-04:00,4.227515188736887,4.291707111623174,4.227515188736887,4.236685276031494,105700,0.0,0.0
2025-06-04 00:00:00-04:00,4.236684777106257,4.2733659965143485,4.236684777106257,4.255025386810303,45100,0.0,0.0
2025-06-05 00:00:00-04:00,4.245855331420898,4.264195941258099,4.245855331420898,4.245855331420898,37700,0.0,0.0
2025-06-06 00:00:00-04:00,4.236684777106257,4.282536520003685,4.236684777106257,4.255025386810303,80700,0.0,0.0
2025-06-09 00:00:00-04:00,4.236685276031494,4.255025887895387,4.236685276031494,4.236685276031494,75900,0.0,0.0
2025-06-10 00:00:00-04:00,4.236684807864983,4.255025417702184,4.218344198027783,4.245855331420898,206500,0.0,0.0
2025-06-11 00:00:00-04:00,4.264195910299639,4.264195910299639,4.2458553005955935,4.255025386810303,68400,0.0,0.0
2025-06-12 00:00:00-04:00,4.2458553005955935,4.2733659965143485,4.2458553005955935,4.255025386810303,41500,0.0,0.0
2025-06-13 00:00:00-04:00,4.2458553005955935,4.2733659965143485,4.227514690891548,4.255025386810303,74300,0.0,0.0
2025-06-16 00:00:00-04:00,4.25502583960767,4.273366451263428,4.245855752417129,4.273366451263428,62800,0.0,0.0
2025-06-17 00:00:00-04:00,4.276137529331935,4.285373018305012,4.229958763286501,4.257666110992432,81800,0.033,0.0
2025-06-18 00:00:00-04:00,4.257666181594777,4.2669016707209995,4.229958833429391,4.248430252075195,81600,0.0,0.0
2025-06-20 00:00:00-04:00,4.239194692652927,4.266901599965507,4.183780437634417,4.257666110992432,242000,0.0,0.0
2025-06-23 00:00:00-04:00,4.248430252075195,4.257666181594777,4.239194762948973,4.248430252075195,62400,0.0,0.0
2025-06-24 00:00:00-04:00,4.239194692652927,4.276137529331935,4.239194692652927,4.257666110992432,191900,0.0,0.0
2025-06-25 00:00:00-04:00,4.248429531685429,4.2946082906662655,4.248429531685429,4.276136875152588,79100,0.0,0.0
2025-06-26 00:00:00-04:00,4.276138600531823,4.303845514785161,4.266902668851736,4.294610023498535,63900,0.0,0.0
2025-06-27 00:00:00-04:00,4.276137544493479,4.322315870309293,4.276137544493479,4.303844451904297,117400,0.0,0.0
2025-06-30 00:00:00-04:00,4.331551445648012,4.340786933898926,4.313080028752867,4.340786933898926,142300,0.0,0.0
2025-07-01 00:00:00-04:00,4.331551445648012,4.350022862543157,4.322315517003781,4.340786933898926,65300,0.0,0.0
2025-07-02 00:00:00-04:00,4.350023162844917,4.368494581015227,4.340787233563088,4.359258651733398,76300,0.0,0.0
2025-07-03 00:00:00-04:00,4.340786933898926,4.359258350794071,4.340786933898926,4.340786933898926,25900,0.0,0.0
2025-07-07 00:00:00-04:00,4.340787589423377,4.350023519462374,4.303844750054161,4.3223161697387695,86000,0.0,0.0
2025-07-08 00:00:00-04:00,4.303844750054161,4.3223161697387695,4.303844750054161,4.3223161697387695,79700,0.0,0.0
2025-07-09 00:00:00-04:00,4.340786933898926,4.340786933898926,4.322315517003781,4.340786933898926,72800,0.0,0.0
2025-07-10 00:00:00-04:00,4.322315622948235,4.331551551818848,4.313080134470949,4.331551551818848,102800,0.0,0.0
2025-07-11 00:00:00-04:00,4.313081446465247,4.322316937751873,4.294610023498535,4.294610023498535,129900,0.0,0.0
2025-07-14 00:00:00-04:00,4.294608417923356,4.322315321818236,4.285372489696197,4.313079833984375,94800,0.0,0.0
2025-07-15 00:00:00-04:00,4.325172420639666,4.362378168657974,4.2972678878621835,4.315870761871338,113500,0.033,0.0
2025-07-16 00:00:00-04:00,4.325172420639666,4.325172420639666,4.287966672621357,4.315870761871338,94400,0.0,0.0
2025-07-17 00:00:00-04:00,4.3065690994262695,4.315870313701236,4.297267441623847,4.3065690994262695,110100,0.0,0.0
2025-07-18 00:00:00-04:00,4.315870309038492,4.325171966830865,4.297267436981201,4.297267436981201,72500,0.0,0.0
2025-07-21 00:00:00-04:00,4.3065690994262695,4.315870313701236,4.287966227348881,4.3065690994262695,74400,0.0,0.0
2025-07-22 00:00:00-04:00,4.297267441623847,4.325171971503658,4.297267441623847,4.3065690994262695,122200,0.0,0.0
2025-07-23 00:00:00-04:00,4.3065690994262695,4.3344731857786245,4.3065690994262695,4.3065690994262695,89300,0.0,0.0
2025-07-24 00:00:00-04:00,4.306569602460771,4.315870817822178,4.287966728210449,4.287966728210449,92800,0.0,0.0
2025-07-25 00:00:00-04:00,4.287966672621357,4.315870761871338,4.287966672621357,4.315870761871338,52900,0.0,0.0
2025-07-28 00:00:00-04:00,4.3065690994262695,4.325171971503658,4.297267441623847,4.3065690994262695,53400,0.0,0.0
2025-07-29 00:00:00-04:00,4.3065690994262695,4.325171971503658,4.3065690994262695,4.3065690994262695,31600,0.0,0.0
2025-07-30 00:00:00-04:00,4.315871717163528,4.325173377990723,4.306570499863933,4.325173377990723,72000,0.0,0.0
2025-07-31 00:00:00-04:00,4.34377529464882,4.34377529464882,4.306569546630511,4.315870761871338,93200,0.0,0.0
2025-08-01 00:00:00-04:00,4.315871717163528,4.343776256117512,4.306570499863933,4.325173377990723,67200,0.0,0.0
2025-08-04 00:00:00-04:00,4.315871183164312,4.371679810639524,4.315871183164312,4.353076934814453,133200,0.0,0.0
2025-08-05 00:00:00-04:00,4.353075957544409,4.371678829193115,4.3437747434837775,4.371678829193115,86700,0.0,0.0
2025-08-06 00:00:00-04:00,4.371679335560344,4.380980994225822,4.353076461756885,4.362378120422363,107800,0.0,0.0
2025-08-07 00:00:00-04:00,4.3623785695936,4.3809814453125,4.343775693874701,4.3809814453125,92700,0.0,0.0
2025-08-08 00:00:00-04:00,4.362377615132485,4.3809804867811915,4.353075957544409,4.371678829193115,68100,0.0,0.0
2025-08-11 00:00:00-04:00,4.371679335560344,4.380980994225822,4.353076461756885,4.362378120422363,57500,0.0,0.0
2025-08-12 00:00:00-04:00,4.362377615132485,4.399583358429898,4.362377615132485,4.371678829193115,114500,0.0,0.0
2025-08-13 00:00:00-04:00,4.380981414889323,4.408885506510124,4.380981414889323,4.39028263092041,87200,0.0,0.0
2025-08-14 00:00:00-04:00,4.39028263092041,4.399584290479037,4.371679755330696,4.39028263092041,38600,0.0,0.0
2025-08-15 00:00:00-04:00,4.390282661408179,4.3995843210314,4.371679785689279,4.3809814453125,48700,0.0,0.0
2025-08-18 00:00:00-04:00,4.371678829193115,4.399583358429898,4.371678829193115,4.371678829193115,100800,0.0,0.0
2025-08-19 00:00:00-04:00,4.394165515899658,4.394165515899658,4.3754270883018505,4.394165515899658,97100,0.034,0.0
2025-08-20 00:00:00-04:00,4.384795758992655,4.394165195488039,4.375426769256592,4.375426769256592,18900,0.0,0.0
2025-08-21 00:00:00-04:00,4.375427627840756,4.39416605774922,4.375427627840756,4.384796619415283,104200,0.0,0.0
2025-08-22 00:00:00-04:00,4.384795510377883,4.422272360715867,4.3754265211730345,4.403533935546875,47700,0.0,0.0
2025-08-25 00:00:00-04:00,4.403534730475435,4.4222731590271,4.384796301923771,4.4222731590271,119700,0.0,0.0
2025-08-26 00:00:00-04:00,4.4129041681309555,4.43164259668262,4.394165739579292,4.4222731590271,70200,0.0,0.0
2025-08-27 00:00:00-04:00,4.412904262542725,4.422273253639313,4.412904262542725,4.412904262542725,65300,0.0,0.0
2025-08-28 00:00:00-04:00,4.422272619000106,4.441011045263521,4.412903629248059,4.431642055511475,112000,0.0,0.0
2025-08-29 00:00:00-04:00,4.450380738424378,4.459750175476074,4.4222728740286374,4.459750175476074,76900,0.0,0.0
2025-09-02 00:00:00-04:00,4.4222731590271,4.43164259668262,4.4129041681309555,4.4222731590271,109400,0.0,0.0
2025-09-03 00:00:00-04:00,4.431642218059009,4.478488508815478,4.422272781203979,4.469119071960449,80800,0.0,0.0
2025-09-04 00:00:00-04:00,4.450380866153614,4.469119294035465,4.422273000951156,4.441011428833008,38900,0.0,0.0
2025-09-05 00:00:00-04:00,4.459750399554874,4.487857818603516,4.459750399554874,4.487857818603516,46300,0.0,0.0
2025-09-08 00:00:00-04:00,4.46911885266139,4.534703567150347,4.46911885266139,4.497226715087891,122900,0.0,0.0
2025-09-09 00:00:00-04:00,4.497227097975805,4.515965525602398,4.487857660782831,4.506596088409424,68200,0.0,0.0
2025-09-10 00:00:00-04:00,4.497227097975805,4.53470395322899,4.497227097975805,4.506596088409424,89300,0.0,0.0
2025-09-11 00:00:00-04:00,4.497227097975805,4.53470395322899,4.497227097975805,4.506596088409424,52600,0.0,0.0
2025-09-12 00:00:00-04:00,4.515966159688785,4.553443020204092,4.506596721180249,4.544073581695557,74000,0.0,0.0
2025-09-15 00:00:00-04:00,4.544072721512454,4.5628111482229645,4.534703731536865,4.534703731536865,44300,0.0,0.0
2025-09-16 00:00:00-04:00,4.547914028167725,4.566785022063857,4.519607312363534,4.547914028167725,48700,0.034,0.0
2025-09-17 00:00:00-04:00,4.557349052852359,4.56678477424839,4.49130080275998,4.519607067108154,40300,0.0,0.0
2025-09-18 00:00:00-04:00,4.510171413421631,4.519606684098118,4.4818647015523245,4.510171413421631,59900,0.0,0.0
2025-09-19 00:00:00-04:00,4.510171413421631,4.529042404694528,4.4818647015523245,4.510171413421631,59400,0.0,0.0
2025-09-22 00:00:00-04:00,4.510171574834004,4.519606845848166,4.481864861951642,4.491300582885742,98000,0.0,0.0
2025-09-23 00:00:00-04:00,4.4818647015523245,4.519606684098118,4.4818647015523245,4.510171413421631,228300,0.0,0.0
2025-09-24 00:00:00-04:00,4.510171574834004,4.529042566782266,4.481864861951642,4.491300582885742,42900,0.0,0.0
2025-09-25 00:00:00-04:00,4.481864996730547,4.510171710464149,4.472429275512695,4.472429275512695,62600,0.0,0.0
2025-09-26 00:00:00-04:00,4.491300881300987,4.491300881300987,4.444123173335737,4.453558444976807,44700,0.0,0.0
2025-09-29 00:00:00-04:00,4.453558215892132,4.491300650274896,4.453558215892132,4.481864929199219,115400,0.0,0.0
2025-09-30 00:00:00-04:00,4.500735692825222,4.510171413421631,4.491300422148734,4.510171413421631,113600,0.0,0.0
2025-10-01 00:00:00-04:00,4.510171480471792,4.529042472025234,4.500735759735107,4.500735759735107,102500,0.0,0.0
2025-10-02 00:00:00-04:00,4.519606523695987,4.5290422439575195,4.5007355330928265,4.5290422439575195,73300,0.0,0.0
2025-10-03 00:00:00-04:00,4.529042566782266,4.529042566782266,4.491300582885742,4.491300582885742,46800,0.0,0.0
2025-10-06 00:00:00-04:00,4.510171480471792,4.529042472025234,4.491300488918351,4.500735759735107,82000,0.0,0.0
2025-10-07 00:00:00-04:00,4.491301046479328,4.557349300155799,4.491301046479328,4.547914028167725,73700,0.0,0.0
2025-10-08 00:00:00-04:00,4.529042788504185,4.538478059980257,4.519607067108154,4.519607067108154,31400,0.0,0.0
2025-10-09 00:00:00-04:00,4.510172255562407,4.585656234748387,4.510172255562407,4.576220512390137,145600,0.0,0.0
2025-10-10 00:00:00-04:00,4.57621965791681,4.57621965791681,4.500735692825222,4.510171413421631,38200,0.0,0.0
2025-10-13 00:00:00-04:00,4.510171574834004,4.547913558730529,4.491300582885742,4.491300582885742,47700,0.0,0.0
2025-10-14 00:00:00-04:00,4.504604816436768,4.514108420099593,4.485598062267882,4.504604816436768,54300,0.034,0.0
2025-10-15 00:00:00-04:00,4.533115386962891,4.561625746132311,4.5236122360109405,4.533115386962891,76700,0.0,0.0
2025-10-16 00:00:00-04:00,4.552121687324057,4.561625290483502,4.476094674675455,4.514108180999756,99700,0.0,0.0
2025-10-17 00:00:00-04:00,4.4951014761140815,4.53311498284664,4.476094722747803,4.476094722747803,32500,0.0,0.0
2025-10-20 00:00:00-04:00,4.485597372834493,4.504604124082054,4.476094223789061,4.495100975036621,51300,0.0,0.0
2025-10-21 00:00:00-04:00,4.504605320443443,4.523612529895752,4.476095412578609,4.485598564147949,77700,0.0,0.0
2025-10-22 00:00:00-04:00,4.495102168874103,4.514108925169598,4.476095412578609,4.485598564147949,26600,0.0,0.0
2025-10-23 00:00:00-04:00,4.495102168874103,4.495102168874103,4.476095412578609,4.485598564147949,33600,0.0,0.0
2025-10-24 00:00:00-04:00,4.495102168874103,4.495102168874103,4.476095412578609,4.485598564147949,136400,0.0,0.0
2025-10-27 00:00:00-04:00,4.476094722747803,4.4951014761140815,4.4190744626489655,4.476094722747803,208600,0.0,0.0
2025-10-28 00:00:00-04:00,4.485598564147949,4.504605320443443,4.476095412578609,4.485598564147949,87400,0.0,0.0
2025-10-29 00:00:00-04:00,4.4951014761140815,4.504604626218849,4.46659111948629,4.476094722747803,62300,0.0,0.0
2025-10-30 00:00:00-04:00,4.476095252565072,4.485598403794688,4.438081741333008,4.438081741333008,92200,0.0,0.0
2025-10-31 00:00:00-04:00,4.485598062267882,4.504604816436768,4.466591308098996,4.504604816436768,117800,0.0,0.0
2025-11-03 00:00:00-05:00,4.495101236455403,4.495101236455403,4.457087731749555,4.466590881347656,91500,0.0,0.0
2025-11-04 00:00:00-05:00,4.42857858441299,4.48559885702245,4.42857858441299,4.457088947296143,104100,0.0,0.0
2025-11-05 00:00:00-05:00,4.457087778502511,4.476094531054808,4.381060768293324,4.428577423095703,231700,0.0,0.0
2025-11-06 00:00:00-05:00,4.42857787456889,4.447584629058838,4.409571120078941,4.447584629058838,69300,0.0,0.0
2025-11-07 00:00:00-05:00,4.447584175648,4.447584175648,4.400067520845621,4.428577423095703,25400,0.0,0.0
2025-11-10 00:00:00-05:00,4.428577376641808,4.523611591563149,4.428577376641808,4.466590881347656,241500,0.0,0.0
2025-11-11 00:00:00-05:00,4.485598062267882,4.514108420099593,4.476094911761821,4.504604816436768,56300,0.0,0.0
2025-11-12 00:00:00-05:00,4.485598564147949,4.523612529895752,4.485598564147949,4.485598564147949,76100,0.0,0.0
2025-11-13 00:00:00-05:00,4.466592099485964,4.504605614558937,4.447585341949477,4.457088947296143,75300,0.0,0.0
2025-11-14 00:00:00-05:00,4.466592099485964,4.48559885702245,4.457088947296143,4.457088947296143,77300,0.0,0.0
2025-11-17 00:00:00-05:00,4.457088232882198,4.485598138038735,4.447584629058838,4.447584629058838,44300,0.0,0.0
2025-11-18 00:00:00-05:00,4.451414509567016,4.489706209980545,4.441841356227096,4.480133056640625,104800,0.034,0.0
2025-11-19 00:00:00-05:00,4.480132823912685,4.480132823912685,4.441841125488281,4.441841125488281,64600,0.0,0.0
2025-11-20 00:00:00-05:00,4.470559719518346,4.48970556698312,4.413122177124023,4.413122177124023,143900,0.0,0.0
2025-11-21 00:00:00-05:00,4.4131222947252216,4.45141399067517,4.4131222947252216,4.432268142700195,43200,0.0,0.0
2025-11-24 00:00:00-05:00,4.432268429118706,4.451414278330908,4.413122579906505,4.441841125488281,142300,0.0,0.0
2025-11-25 00:00:00-05:00,4.432268375888012,4.470560073852539,4.422695223160357,4.470560073852539,118900,0.0,0.0
2025-11-26 00:00:00-05:00,4.470559715145506,4.489705562591553,4.4514138676994595,4.489705562591553,71700,0.0,0.0
2025-11-28 00:00:00-05:00,4.489705373459219,4.518423915181994,4.470559526819707,4.4992780685424805,93800,0.0,0.0
2025-12-01 00:00:00-05:00,4.499278375957384,4.518424223905044,4.489705680220064,4.508851528167725,76500,0.0,0.0
2025-12-02 00:00:00-05:00,4.508851410037599,4.518424105524118,4.489705562591553,4.489705562591553,46400,0.0,0.0
2025-12-03 00:00:00-05:00,4.480132812627859,4.5471435129383,4.480132812627859,4.5184245109558105,113400,0.0,0.0
2025-12-04 00:00:00-05:00,4.508851814610348,4.537570360119787,4.508851814610348,4.5184245109558105,31400,0.0,0.0
2025-12-05 00:00:00-05:00,4.508851814610348,4.537570360119787,4.499278661791835,4.5184245109558105,36700,0.0,0.0
2025-12-08 00:00:00-05:00,4.518424105524118,4.518424105524118,4.480132410632025,4.489705562591553,45200,0.0,0.0
2025-12-09 00:00:00-05:00,4.470559526819707,4.508851220098732,4.470559526819707,4.4992780685424805,56800,0.0,0.0
2025-12-10 00:00:00-05:00,4.489705680220064,4.527997376115385,4.489705680220064,4.508851528167725,95800,0.0,0.0
2025-12-11 00:00:00-05:00,4.4992780685424805,4.527997066738245,4.4992780685424805,4.4992780685424805,104200,0.0,0.0
2025-12-12 00:00:00-05:00,4.508851528167725,4.527997376115385,4.499278375957384,4.508851528167725,45900,0.0,0.0
2025-12-15 00:00:00-05:00,4.4992780685424805,4.527997066738245,4.470559526819707,4.4992780685424805,89200,0.0,0.0
2025-12-16 00:00:00-05:00,4.493493239060721,4.541706871330178,4.474207878112793,4.474207878112793,79400,0.034,0.0
2025-12-17 00:00:00-05:00,4.474207878112793,4.493493239060721,4.464565427538466,4.474207878112793,96800,0.0,0.0
2025-12-18 00:00:00-05:00,4.483850955963135,4.503136317631393,4.474208045229361,4.483850955963135,90800,0.0,0.0
2025-12-19 00:00:00-05:00,4.474208045229361,4.52242167929965,4.474208045229361,4.483850955963135,66100,0.0,0.0
2025-12-22 00:00:00-05:00,4.464564795872578,4.503135512311283,4.464564795872578,4.493492603302002,124700,0.0,0.0
2025-12-23 00:00:00-05:00,4.474207245082649,4.503135512311283,4.474207245082649,4.493492603302002,97800,0.0,0.0
2025-12-24 00:00:00-05:00,4.474207245082649,4.512777961521355,4.474207245082649,4.493492603302002,64500,0.0,0.0
2025-12-26 00:00:00-05:00,4.48385047268071,4.522421191859961,4.48385047268071,4.512778282165527,47500,0.0,0.0
2025-12-29 00:00:00-05:00,4.5224208705306355,4.5224208705306355,4.493492603302002,4.493492603302002,81900,0.0,0.0
2025-12-30 00:00:00-05:00,4.493492603302002,4.512777961521355,4.425994079433873,4.493492603302002,194900,0.0,0.0
2025-12-31 00:00:00-05:00,4.512778768565876,4.52242167929965,4.474208045229361,4.483850955963135,298600,0.0,0.0
2026-01-02 00:00:00-05:00,4.503136149434322,4.503136149434322,4.464565427538466,4.474207878112793,59700,0.0,0.0
2026-01-05 00:00:00-05:00,4.474208045229361,4.493493406897618,4.464565594294878,4.483850955963135,77500,0.0,0.0
2026-01-06 00:00:00-05:00,4.464565594294878,4.512778768565876,4.464565594294878,4.483850955963135,153900,0.0,0.0
2026-01-07 00:00:00-05:00,4.48385015409193,4.5224208705306355,4.48385015409193,4.493492603302002,65400,0.0,0.0
2026-01-08 00:00:00-05:00,4.503135832270336,4.522421191859961,4.493492922575902,4.512778282165527,101300,0.0,0.0
2026-01-09 00:00:00-05:00,4.522421034631935,4.541706393551079,4.503135675712792,4.5320634841918945,61500,0.0,0.0
2026-01-12 00:00:00-05:00,4.541706236990694,4.560991595245039,4.52242087873635,4.551348686218262,152100,0.0,0.0
2026-01-13 00:00:00-05:00,4.551348854684897,4.570634213653083,4.541706405100418,4.5609917640686035,74600,0.0,0.0
2026-01-14 00:00:00-05:00,4.570634365081787,4.5802772747849705,4.551349005474662,4.570634365081787,140900,0.0,0.0
2026-01-15 00:00:00-05:00,4.551349489809444,4.570634851468832,4.5417070388793945,4.5417070388793945,71200,0.0,0.0
2026-01-16 00:00:00-05:00,4.551348854684897,4.5609917640686035,4.541706405100418,4.5609917640686035,83700,0.0,0.0
2026-01-20 00:00:00-05:00,4.545451135237524,4.564876122276343,4.545451135237524,4.555163860321045,29100,0.034,0.0
2026-01-21 00:00:00-05:00,4.545451641082764,4.564876630283312,4.535739378046626,4.545451641082764,124700,0.0,0.0
2026-01-22 00:00:00-05:00,4.545451567510348,4.594014271289823,4.545451567510348,4.564876556396484,145300,0.0,0.0
2026-01-23 00:00:00-05:00,4.564877002353015,4.584301993136837,4.55516473852526,4.574589729309082,126300,0.0,0.0
2026-01-26 00:00:00-05:00,4.574589729309082,4.594014720092904,4.55516473852526,4.574589729309082,60900,0.0,0.0
2026-01-27 00:00:00-05:00,4.5745888473598635,4.5745888473598635,4.545451135237524,4.555163860321045,33900,0.0,0.0
2026-01-28 00:00:00-05:00,4.545451135237524,4.5745888473598635,4.545451135237524,4.555163860321045,31200,0.0,0.0
2026-01-29 00:00:00-05:00,4.545451567510348,4.574589282403686,4.545451567510348,4.564876556396484,67500,0.0,0.0
2026-01-30 00:00:00-05:00,4.57458920898714,4.594014197561529,4.564876483135816,4.584301471710205,101700,0.0,0.0
2026-02-02 00:00:00-05:00,4.564876556396484,4.584301545282621,4.555164293517549,4.564876556396484,88200,0.0,0.0
2026-02-03 00:00:00-05:00,4.584301471710205,4.594014197561529,4.564876483135816,4.584301471710205,84700,0.0,0.0
2026-02-04 00:00:00-05:00,4.584301993136837,4.584301993136837,4.564877002353015,4.574589729309082,74300,0.0,0.0
2026-02-05 00:00:00-05:00,4.545451465100299,4.5940141677856445,4.545451465100299,4.5940141677856445,80700,0.0,0.0
2026-02-06 00:00:00-05:00,4.56487641049338,4.603726387023926,4.56487641049338,4.603726387023926,39500,0.0,0.0
2026-02-09 00:00:00-05:00,4.58430181284393,4.642577246031832,4.58430181284393,4.623152256011963,115000,0.0,0.0
2026-02-10 00:00:00-05:00,4.613439559936523,4.6522895402330935,4.613439559936523,4.613439559936523,54600,0.0,0.0
2026-02-11 00:00:00-05:00,4.613439455200602,4.642577171325684,4.613439455200602,4.642577171325684,61400,0.0,0.0
2026-02-12 00:00:00-05:00,4.642577246031832,4.652289509477621,4.613439529437882,4.623152256011963,62300,0.0,0.0
2026-02-13 00:00:00-05:00,4.6134394115172395,4.652289390563965,4.584301695668056,4.652289390563965,74400,0.0,0.0
2026-02-17 00:00:00-05:00,4.6562021894904,4.665983883844588,4.5975101576088715,4.617074012756348,148600,0.034,0.0
2026-02-18 00:00:00-05:00,4.626856691881676,4.646420549220829,4.587728977203369,4.587728977203369,63700,0.0,0.0
2026-02-19 00:00:00-05:00,4.597510040715733,4.617073895365793,4.577946186065674,4.577946186065674,54700,0.0,0.0
2026-02-20 00:00:00-05:00,4.587728643091962,4.607292499006335,4.577946481915218,4.59751033782959,39900,0.0,0.0
2026-02-23 00:00:00-05:00,4.59751067265337,4.607292834542522,4.577946815314217,4.587728977203369,31500,0.0,0.0
2026-02-24 00:00:00-05:00,4.587728346610247,4.597510040715733,4.558382331415615,4.577946186065674,66400,0.0,0.0
2026-02-25 00:00:00-05:00,4.577946186065674,4.597510040715733,4.568164491960188,4.577946186065674,52900,0.0,0.0
2026-02-26 00:00:00-05:00,4.587728643091962,4.607292499006335,4.56816478717759,4.59751033782959,72900,0.0,0.0
2026-02-27 00:00:00-05:00,4.61707434719285,4.61707434719285,4.587728795565548,4.607292652130127,105300,0.0,0.0
2026-03-02 00:00:00-05:00,4.59751033782959,4.607292499006335,4.577946481915218,4.59751033782959,63700,0.0,0.0
2026-03-03 00:00:00-05:00,4.577946067663132,4.607292082098769,4.538818359375,4.538818359375,181000,0.0,0.0
2026-03-04 00:00:00-05:00,4.538818359375,4.558382213519066,4.538818359375,4.538818359375,163300,0.0,0.0
2026-03-05 00:00:00-05:00,4.548600854332267,4.558382548904455,4.529036998748779,4.529036998748779,194600,0.0,0.0
2026-03-06 00:00:00-05:00,4.53881853936814,4.53881853936814,4.499690829528344,4.519254684448242,33200,0.0,0.0
2026-03-09 00:00:00-04:00,4.499690866378614,4.509473027138221,4.440999301138266,4.4899091720581055,61000,0.0,0.0
2026-03-10 00:00:00-04:00,4.470345611087528,4.5192550187860805,4.470345611087528,4.5094733238220215,94900,0.0,0.0
2026-03-11 00:00:00-04:00,4.499691162418834,4.5192550187860805,4.499691162418834,4.5094733238220215,118800,0.0,0.0
2026-03-12 00:00:00-04:00,4.499691047714588,4.509473208868413,4.470345497131348,4.470345497131348,184300,0.0,0.0
2026-03-13 00:00:00-04:00,4.48990935299988,4.499691047714588,4.460563335977523,4.470345497131348,29500,0.0,0.0
2026-03-16 00:00:00-04:00,4.480127334594727,4.509473352552126,4.440999621610949,4.480127334594727,98700,0.0,0.0
2026-03-17 00:00:00-04:00,4.503779635051102,4.513634487988232,4.464359283447266,4.464359283447266,92700,0.034,0.0
2026-03-18 00:00:00-04:00,4.474214024762672,4.493924200072865,4.434793674142285,4.484069347381592,80300,0.0,0.0
2026-03-19 00:00:00-04:00,4.454504072698106,4.464359395810944,4.434793896400102,4.4446492195129395,98600,0.0,0.0
2026-03-20 00:00:00-04:00,4.454504178856896,4.464359502204604,4.424938678741455,4.424938678741455,157200,0.0,0.0
2026-03-23 00:00:00-04:00,4.434794002089163,4.454504178856896,4.424938678741455,4.424938678741455,134000,0.0,0.0
2026-03-24 00:00:00-04:00,4.395373596062503,4.444649272357209,4.306677566703103,4.434793949127197,179100,0.0,0.0
2026-03-25 00:00:00-04:00,4.434793725915259,4.484069399729823,4.434793725915259,4.47421407699585,170600,0.0,0.0
2026-03-26 00:00:00-04:00,4.474214024762672,4.484069347381592,4.464359172071399,4.484069347381592,150900,0.0,0.0
2026-03-27 00:00:00-04:00,4.47421407699585,4.493924252536145,4.47421407699585,4.47421407699585,164100,0.0,0.0
2026-03-30 00:00:00-04:00,4.47421407699585,4.503779575270118,4.4545039014555545,4.47421407699585,128400,0.0,0.0
2026-03-31 00:00:00-04:00,4.513634458226404,4.5530548095703125,4.434793755538587,4.5530548095703125,226000,0.0,0.0
2026-04-01 00:00:00-04:00,4.474214276080271,4.5530549817495425,4.474214276080271,4.523489952087402,187900,0.0,0.0
2026-04-02 00:00:00-04:00,4.493924425294115,4.55305495418813,4.4446492195129395,4.4446492195129395,115200,0.0,0.0
2026-04-06 00:00:00-04:00,4.4545039014555545,4.493924252536145,4.4545039014555545,4.47421407699585,95600,0.0,0.0
2026-04-07 00:00:00-04:00,4.47421407699585,4.47421407699585,4.4545039014555545,4.47421407699585,42700,0.0,0.0
2026-04-08 00:00:00-04:00,4.503779522691785,4.513634375383058,4.484069347381592,4.484069347381592,87900,0.0,0.0
2026-04-09 00:00:00-04:00,4.493924420547336,4.681171330144434,4.493924420547336,4.612185478210449,166700,0.0,0.0
2026-04-10 00:00:00-04:00,4.592475361431755,4.631895714496843,4.572765184899212,4.602330684661865,47800,0.0,0.0
2026-04-13 00:00:00-04:00,4.5727649327150015,4.592475108160545,4.562910079956055,4.562910079956055,56800,0.0,0.0
2026-04-14 00:00:00-04:00,4.595665437426224,4.6055910343417015,4.5758137702941895,4.5758137702941895,68100,0.033,0.0
2026-04-15 00:00:00-04:00,4.585739367209667,4.6055910343417015,4.565887700077633,4.5758137702941895,54000,0.0,0.0
2026-04-16 00:00:00-04:00,4.565887432570523,4.57581350220553,4.536110170267607,4.5460357666015625,94200,0.0,0.0
2026-04-17 00:00:00-04:00,4.546035785122038,4.605590783271548,4.546035785122038,4.565887451171875,100100,0.0,0.0
2026-04-20 00:00:00-04:00,4.546035821684013,4.6055908203125,4.546035821684013,4.6055908203125,72500,0.0,0.0
2026-04-21 00:00:00-04:00,4.5956651492875915,4.605590745580756,4.52618408203125,4.52618408203125,137600,0.0,0.0
2026-04-22 00:00:00-04:00,4.536110383485331,4.59566538419157,4.506332646481676,4.516258716583252,103100,0.0,0.0
2026-04-23 00:00:00-04:00,4.516258698837014,4.526184295598515,4.4964070320129395,4.4964070320129395,92400,0.0,0.0
2026-04-24 00:00:00-04:00,4.4964070320129395,4.526184295598515,4.486480961950367,4.4964070320129395,133500,0.0,0.0
2026-04-27 00:00:00-04:00,4.486480961950367,4.516258698837014,4.476555365188865,4.4964070320129395,112500,0.0,0.0
2026-04-28 00:00:00-04:00,4.476555135403852,4.516258467013998,4.476555135403852,4.5063323974609375,91600,0.0,0.0
2026-04-29 00:00:00-04:00,4.526184313383755,4.526184313383755,4.4964070496811726,4.516258716583252,118800,0.0,0.0
2026-04-30 00:00:00-04:00,4.526184119072202,4.565887451171875,4.526184119072202,4.565887451171875,84300,0.0,0.0
2026-05-01 00:00:00-04:00,4.575813539327709,4.625442468002211,4.546035803482164,4.5857391357421875,98000,0.0,0.0
2026-05-04 00:00:00-04:00,4.565887432570523,4.585739098539485,4.5460357666015625,4.5460357666015625,47000,0.0,0.0
2026-05-05 00:00:00-04:00,4.565887629246663,4.59566536613331,4.486480961950367,4.4964070320129395,173300,0.0,0.0
2026-05-06 00:00:00-04:00,4.506332646481676,4.526184313383755,4.486480979579596,4.516258716583252,265000,0.0,0.0
2026-05-07 00:00:00-04:00,4.526184331013326,4.546035997992728,4.506332664033924,4.5361104011535645,114700,0.0,0.0
2026-05-08 00:00:00-04:00,4.516258467013998,4.526184063266011,4.496406801208924,4.5063323974609375,102300,0.0,0.0
2026-05-11 00:00:00-04:00,4.526184100632602,4.555961836236569,4.50633243466364,4.5460357666015625,125100,0.0,0.0
2026-05-12 00:00:00-04:00,4.546035997992728,4.546035997992728,4.516258734174163,4.5361104011535645,103500,0.0,0.0
2026-05-13 00:00:00-04:00,4.53611013281907,4.53611013281907,4.496406801208924,4.5063323974609375,81800,0.0,0.0
2026-05-14 00:00:00-04:00,4.486481155952134,4.506332823634622,4.446777820587158,4.446777820587158,176700,0.0,0.0
2026-05-15 00:00:00-04:00,4.456703149872828,4.516258622641336,4.416999816894531,4.416999816894531,90900,0.0,0.0
2026-05-18 00:00:00-04:00,4.446777553278785,4.466629219767934,4.407074220300489,4.416999816894531,75800,0.0,0.0
2026-05-19 00:00:00-04:00,4.400000095367432,4.420000076293945,4.389999866485596,4.400000095367432,58100,0.033,0.0
2026-05-20 00:00:00-04:00,4.400000095367432,4.460000038146973,4.400000095367432,4.460000038146973,108400,0.0,0.0
2026-05-21 00:00:00-04:00,4.460000038146973,4.5,4.429999828338623,4.489999771118164,66200,0.0,0.0
2026-05-22 00:00:00-04:00,4.489999771118164,4.489999771118164,4.46999979019165,4.489999771118164,37900,0.0,0.0
2026-05-26 00:00:00-04:00,4.46999979019165,4.53000020980835,4.46999979019165,4.5,59500,0.0,0.0
2026-05-27 00:00:00-04:00,4.519999980926514,4.53000020980835,4.46999979019165,4.489999771118164,69200,0.0,0.0
2026-05-28 00:00:00-04:00,4.5,4.53000020980835,4.489999771118164,4.519999980926514,106000,0.0,0.0
2026-05-29 00:00:00-04:00,4.559999942779541,4.570000171661377,4.510000228881836,4.539999961853027,87600,0.0,0.0
2026-06-01 00:00:00-04:00,4.519999980926514,4.550000190734863,4.5,4.53000020980835,89200,0.0,0.0
2026-06-02 00:00:00-04:00,4.510000228881836,4.539999961853027,4.480000019073486,4.519999980926514,93600,0.0,0.0
2026-06-03 00:00:00-04:00,4.5,4.519999980926514,4.480000019073486,4.489999771118164,128000,0.0,0.0
2026-06-04 00:00:00-04:00,4.46999979019165,4.519999980926514,4.46999979019165,4.480000019073486,125200,0.0,0.0
2026-06-05 00:00:00-04:00,4.460000038146973,4.489999771118164,4.460000038146973,4.489999771118164,127706,0.0,0.0
