Date,Open,High,Low,Close,Volume,Change
2022-01-03,1715,1995,1695,1770,2021462,0.038123167155425186
2022-01-04,1795,1945,1775,1890,1417622,0.06779661016949157
2022-01-05,1925,1945,1840,1860,567200,-0.015873015873015928
2022-01-06,1825,2070,1825,1890,1752243,0.016129032258064502
2022-01-07,1920,1960,1895,1900,566853,0.005291005291005346
2022-01-10,1900,1940,1825,1860,273597,-0.021052631578947323
2022-01-11,1860,1900,1795,1815,388737,-0.024193548387096753
2022-01-12,1825,1880,1815,1860,168930,0.024793388429751984
2022-01-13,1870,1890,1815,1825,115081,-0.018817204301075252
2022-01-14,1845,1885,1815,1845,239164,0.010958904109588996
2022-01-17,1845,1870,1800,1805,194904,-0.02168021680216803
2022-01-18,1805,1880,1805,1875,205311,0.03878116343490312
2022-01-19,1870,1870,1820,1840,182034,-0.01866666666666672
2022-01-20,1840,1865,1815,1835,108195,-0.0027173913043477826
2022-01-21,1840,2010,1840,1935,1976437,0.054495912806539426
2022-01-24,2025,2150,1900,1910,3553868,-0.012919896640826822
2022-01-25,1900,1975,1805,1820,580179,-0.04712041884816753
2022-01-26,1820,1850,1745,1745,364358,-0.04120879120879117
2022-01-27,1745,1795,1710,1720,234846,-0.014326647564469885
2022-01-28,1695,1760,1660,1725,282182,0.0029069767441860517
2022-02-03,1745,1810,1745,1805,123350,0.04637681159420293
2022-02-04,1815,1815,1770,1780,114545,-0.013850415512465353
2022-02-07,1835,1855,1780,1855,122948,0.042134831460674205
2022-02-08,1870,1870,1785,1800,162021,-0.029649595687331498
2022-02-09,1800,1850,1780,1830,85749,0.016666666666666607
2022-02-10,1830,1845,1790,1820,113651,-0.005464480874316946
2022-02-11,1805,1805,1755,1765,136477,-0.030219780219780223
2022-02-14,1710,1750,1710,1710,110257,-0.031161473087818692
2022-02-15,1720,1720,1665,1680,156982,-0.01754385964912286
2022-02-16,1680,1735,1680,1715,143727,0.02083333333333326
2022-02-17,1715,1745,1685,1685,152646,-0.017492711370262426
2022-02-18,1710,1720,1675,1685,116901,0.0
2022-02-21,1685,1685,1615,1640,291387,-0.02670623145400597
2022-02-22,1630,1635,1585,1600,140701,-0.024390243902439046
2022-02-23,1590,1620,1570,1600,201309,0.0
2022-02-24,1600,1600,1515,1545,337964,-0.034375000000000044
2022-02-25,1550,1575,1490,1500,312268,-0.029126213592232997
2022-02-28,1515,1515,1430,1495,219118,-0.0033333333333332993
2022-03-02,1500,1535,1490,1535,213896,0.026755852842809347
2022-03-03,1535,1560,1515,1530,196214,-0.0032573289902280145
2022-03-04,1530,1560,1495,1525,174853,-0.0032679738562091387
2022-03-07,1505,1525,1480,1485,121988,-0.02622950819672132
2022-03-08,1475,1525,1475,1525,109374,0.026936026936027035
2022-03-10,1515,1560,1510,1525,116065,0.0
2022-03-11,1530,1535,1505,1515,53272,-0.006557377049180357
2022-03-14,1520,1525,1465,1490,157951,-0.01650165016501648
2022-03-15,1490,1540,1480,1505,187652,0.010067114093959662
2022-03-16,1510,1575,1505,1530,171182,0.01661129568106312
2022-03-17,1560,1560,1525,1550,86877,0.013071895424836555
2022-03-18,1550,1560,1530,1545,67038,-0.003225806451612856
2022-03-21,1570,1570,1540,1550,124073,0.003236245954692629
2022-03-22,1570,1570,1525,1555,82490,0.003225806451612856
2022-03-23,1555,1560,1535,1550,69724,-0.003215434083601254
2022-03-24,1555,1555,1520,1545,87476,-0.003225806451612856
2022-03-25,1545,1565,1525,1560,143342,0.009708737864077666
2022-03-28,1545,1570,1530,1540,117123,-0.012820512820512775
2022-03-29,1545,1865,1545,1700,8523905,0.10389610389610393
2022-03-30,1705,1725,1680,1680,683178,-0.0117647058823529
2022-03-31,1690,1785,1685,1705,1460786,0.014880952380952328
2022-04-01,1705,1755,1695,1725,438119,0.011730205278592365
2022-04-04,1745,1955,1710,1805,5672217,0.04637681159420293
2022-04-05,1805,1815,1760,1795,564977,-0.005540166204986097
2022-04-06,1795,1800,1740,1745,328186,-0.027855153203342642
2022-04-07,1745,1745,1675,1710,351803,-0.02005730659025784
2022-04-08,1710,1730,1665,1695,154026,-0.00877192982456143
2022-04-11,1695,1945,1670,1720,3254935,0.014749262536873253
2022-04-12,1705,1895,1675,1815,3511001,0.05523255813953498
2022-04-13,1785,1860,1770,1835,785955,0.011019283746556363
2022-04-14,1830,1865,1785,1805,361477,-0.016348773841961872
2022-04-15,1805,1885,1785,1835,604604,0.016620498614958512
2022-04-18,1830,1855,1760,1790,393235,-0.02452316076294281
2022-04-19,1790,1860,1770,1830,710543,0.022346368715083775
2022-04-20,1830,2090,1800,1905,8806356,0.040983606557376984
2022-04-21,1905,1935,1870,1885,927254,-0.01049868766404205
2022-04-22,1875,1995,1875,1935,3622462,0.02652519893899208
2022-04-25,1935,2075,1935,2045,3865057,0.056847545219638196
2022-04-26,2020,2100,1990,2100,1729432,0.02689486552567244
2022-04-27,2030,2145,2005,2060,1922574,-0.01904761904761909
2022-04-28,2060,2070,1960,1985,777621,-0.036407766990291246
2022-04-29,1990,2015,1970,1990,484577,0.0025188916876575096
2022-05-02,1955,1990,1925,1935,607369,-0.027638190954773822
2022-05-03,1930,1990,1895,1940,522080,0.0025839793281654533
2022-05-04,1935,1935,1845,1845,637805,-0.0489690721649485
2022-05-06,1825,1875,1790,1845,380113,0.0
2022-05-09,1840,1850,1730,1730,732294,-0.06233062330623307
2022-05-10,1720,1735,1595,1725,839933,-0.0028901734104046506
2022-05-11,1730,1755,1665,1700,205741,-0.01449275362318836
2022-05-12,1650,1690,1585,1615,421882,-0.050000000000000044
2022-05-13,1615,1700,1575,1590,343877,-0.015479876160990669
2022-05-16,1610,1625,1575,1605,268150,0.009433962264151052
2022-05-17,1610,1625,1550,1555,428862,-0.031152647975077885
2022-05-18,1555,1575,1540,1560,323202,0.003215434083601254
2022-05-19,1540,1595,1480,1580,553428,0.012820512820512775
2022-05-20,1580,1675,1540,1595,692144,0.009493670886076
2022-05-23,1595,1600,1550,1555,144768,-0.025078369905956133
2022-05-24,1560,1600,1545,1585,206132,0.019292604501607746
2022-05-25,1585,1595,1530,1590,196168,0.003154574132492094
2022-05-26,1590,1600,1560,1560,148517,-0.018867924528301883
2022-05-27,1555,1595,1550,1570,96537,0.0064102564102563875
2022-05-30,1565,1595,1555,1585,100254,0.009554140127388644
2022-05-31,1575,1610,1570,1590,116971,0.003154574132492094
2022-06-02,1600,1740,1575,1625,1054721,0.022012578616352307
2022-06-03,1640,1690,1640,1660,304732,0.021538461538461506
2022-06-07,1660,1730,1645,1730,331320,0.04216867469879526
2022-06-08,1730,1755,1685,1705,463053,-0.014450867052023142
2022-06-09,1690,1695,1630,1650,241413,-0.032258064516129004
2022-06-10,1650,1650,1590,1615,141298,-0.021212121212121238
2022-06-13,1560,1605,1520,1545,338137,-0.04334365325077394
2022-06-14,1505,1530,1475,1500,285737,-0.029126213592232997
2022-06-15,1495,1510,1400,1415,324321,-0.05666666666666664
2022-06-16,1430,1445,1385,1385,204711,-0.021201413427561877
2022-06-17,1360,1390,1315,1380,208087,-0.0036101083032491488
2022-06-20,1415,1415,1260,1310,311806,-0.050724637681159424
2022-06-21,1300,1310,1280,1300,165723,-0.007633587786259555
2022-06-22,1305,1315,1170,1170,368719,-0.09999999999999998
2022-06-23,1165,1200,1080,1080,392236,-0.07692307692307687
2022-06-24,1080,1150,1080,1135,154111,0.05092592592592582
2022-06-27,1180,1195,1140,1170,145559,0.03083700440528636
2022-06-28,1160,1185,1145,1170,134737,0.0
2022-06-29,1170,1175,1145,1165,62806,-0.004273504273504258
2022-06-30,1200,1205,1145,1150,128255,-0.012875536480686733
2022-07-01,1160,1185,1085,1110,178697,-0.034782608695652195
2022-07-04,1110,1130,1050,1105,127553,-0.0045045045045044585
2022-07-05,1095,1145,1095,1135,93889,0.02714932126696823
2022-07-06,1145,1145,1115,1115,61418,-0.017621145374449365
2022-07-07,1135,1155,1120,1140,67630,0.022421524663677195
2022-07-08,1150,1185,1150,1170,93795,0.026315789473684292
2022-07-11,1175,1245,1175,1215,182076,0.03846153846153855
2022-07-12,1215,1215,1155,1175,83282,-0.03292181069958844
2022-07-13,1175,1190,1150,1180,116003,0.004255319148936065
2022-07-14,1170,1205,1150,1170,52800,-0.008474576271186418
2022-07-15,1210,1210,1140,1145,55673,-0.021367521367521403
2022-07-18,1145,1175,1140,1175,104722,0.026200873362445476
2022-07-19,1175,1400,1155,1270,5293612,0.08085106382978724
2022-07-20,1265,1290,1240,1275,492082,0.003937007874015741
2022-07-21,1270,1315,1250,1310,574362,0.027450980392156765
2022-07-22,1310,1315,1265,1290,301138,-0.01526717557251911
2022-07-25,1285,1340,1255,1325,413664,0.027131782945736482
2022-07-26,1310,1350,1290,1295,108438,-0.02264150943396226
2022-07-27,1290,1315,1270,1275,91336,-0.015444015444015413
2022-07-28,1280,1310,1255,1270,101362,-0.0039215686274509665
2022-07-29,1270,1305,1230,1275,134349,0.003937007874015741
2022-08-01,1295,1295,1250,1265,60550,-0.007843137254901933
2022-08-02,1245,1265,1220,1245,109213,-0.015810276679841917
2022-08-03,1245,1345,1245,1285,503552,0.032128514056224855
2022-08-04,1285,1375,1280,1305,469262,0.015564202334630295
2022-08-05,1310,1340,1285,1315,181800,0.00766283524904221
2022-08-08,1315,1340,1285,1340,278267,0.019011406844106515
2022-08-09,1320,1410,1300,1355,594625,0.011194029850746245
2022-08-10,1335,1350,1310,1310,70886,-0.03321033210332103
2022-08-11,1315,1335,1300,1300,156423,-0.007633587786259555
2022-08-12,1305,1320,1285,1295,113978,-0.0038461538461538325
2022-08-16,1295,1320,1285,1285,102937,-0.007722007722007707
2022-08-17,1280,1285,1260,1280,74839,-0.0038910505836575737
2022-08-18,1280,1280,1245,1275,66494,-0.00390625
2022-08-19,1270,1290,1250,1275,70908,0.0
2022-08-22,1270,1270,1220,1230,129577,-0.03529411764705881
2022-08-23,1210,1230,1155,1155,198151,-0.060975609756097615
2022-08-24,1165,1195,1145,1170,130031,0.01298701298701288
2022-08-25,1170,1210,1170,1205,53426,0.029914529914529808
2022-08-26,1230,1230,1170,1205,42205,0.0
2022-08-29,1180,1185,1140,1170,70038,-0.02904564315352698
2022-08-30,1165,1205,1165,1190,45854,0.017094017094017033
2022-08-31,1170,1215,1170,1210,47582,0.01680672268907557
2022-09-01,1185,1205,1175,1180,90943,-0.024793388429752095
2022-09-02,1180,1295,1180,1210,701634,0.025423728813559254
2022-09-05,1210,1210,1180,1195,67539,-0.012396694214875992
2022-09-06,1195,1265,1185,1220,119295,0.02092050209205021
2022-09-07,1230,1280,1205,1280,367720,0.049180327868852514
2022-09-08,1275,1290,1250,1260,104816,-0.015625
2022-09-13,1280,1305,1255,1300,153921,0.031746031746031855
2022-09-14,1260,1285,1250,1275,74323,-0.019230769230769273
2022-09-15,1260,1270,1230,1250,76135,-0.019607843137254943
2022-09-16,1250,1250,1185,1185,107900,-0.052000000000000046
2022-09-19,1185,1195,1115,1115,165020,-0.05907172995780585
2022-09-20,1100,1170,1100,1140,156716,0.022421524663677195
2022-09-21,1140,1170,1080,1095,308484,-0.03947368421052633
2022-09-22,1070,1120,1060,1090,183174,-0.004566210045662156
2022-09-23,1080,1090,1060,1070,106225,-0.01834862385321101
2022-09-26,1035,1060,1020,1035,80064,-0.032710280373831724
2022-09-27,1015,1050,991,1020,140805,-0.01449275362318836
2022-09-28,1020,1030,985,1010,69459,-0.009803921568627416
2022-09-29,1015,1060,995,1000,128844,-0.00990099009900991
2022-09-30,1000,1000,960,998,102075,-0.0020000000000000018
2022-10-04,1000,1015,995,997,55905,-0.0010020040080159776
2022-10-05,997,1055,996,1045,148993,0.0481444332998997
2022-10-06,1055,1175,1055,1085,2132771,0.038277511961722466
2022-10-07,1085,1085,1050,1080,134984,-0.004608294930875556
2022-10-11,1070,1070,1000,1030,107925,-0.04629629629629628
2022-10-12,1000,1015,998,998,86250,-0.031067961165048508
2022-10-13,978,990,947,960,140728,-0.038076152304609256
2022-10-14,965,986,959,962,84962,0.002083333333333437
2022-10-17,972,993,950,993,58825,0.032224532224532254
2022-10-18,990,1015,990,1005,63402,0.012084592145015005
2022-10-19,1010,1085,1000,1075,117290,0.06965174129353224
2022-10-20,1060,1175,1050,1075,1431658,0.0
2022-10-21,1060,1325,1055,1155,6635309,0.07441860465116279
2022-10-24,1140,1175,1100,1120,476856,-0.030303030303030276
2022-10-25,1130,1155,1105,1150,279233,0.02678571428571419
2022-10-26,1150,1155,1110,1110,189141,-0.034782608695652195
2022-10-27,1095,1125,1095,1115,109593,0.0045045045045044585
2022-10-28,1105,1120,1060,1070,311986,-0.04035874439461884
2022-10-31,1080,1095,1060,1085,58210,0.014018691588784993
2022-11-01,1080,1095,1075,1090,41355,0.004608294930875667
2022-11-02,1075,1210,1065,1125,1139293,0.032110091743119185
2022-11-03,1120,1150,1105,1130,112374,0.004444444444444473
2022-11-04,1130,1130,1090,1100,84255,-0.026548672566371723
2022-11-07,1105,1120,1090,1115,38965,0.013636363636363669
2022-11-08,1130,1150,1115,1145,271052,0.026905829596412634
2022-11-09,1140,1150,1125,1125,55268,-0.017467248908296984
2022-11-10,1125,1140,1110,1140,69199,0.01333333333333342
2022-11-11,1150,1165,1130,1130,103788,-0.00877192982456143
2022-11-14,1130,1160,1115,1130,33479,0.0
2022-11-15,1130,1165,1130,1150,69229,0.017699115044247815
2022-11-16,1165,1165,1140,1150,111277,0.0
2022-11-17,1155,1155,1120,1150,67476,0.0
2022-11-18,1175,1175,1140,1155,41105,0.004347826086956497
2022-11-21,1160,1170,1110,1135,96511,-0.017316017316017285
2022-11-22,1120,1160,1120,1160,101628,0.022026431718061623
2022-11-23,1175,1185,1140,1170,135604,0.008620689655172376
2022-11-24,1180,1180,1155,1175,60117,0.004273504273504258
2022-11-25,1170,1190,1155,1165,53765,-0.008510638297872353
2022-11-28,1160,1165,1125,1140,64910,-0.02145922746781115
2022-11-29,1120,1150,1110,1145,48724,0.004385964912280604
2022-11-30,1145,1160,1135,1160,76277,0.013100436681222627
2022-12-01,1175,1190,1155,1190,100340,0.02586206896551735
2022-12-02,1195,1245,1195,1240,303109,0.04201680672268915
2022-12-05,1240,1245,1200,1205,105064,-0.028225806451612878
2022-12-06,1205,1215,1165,1210,63239,0.004149377593360981
2022-12-07,1185,1210,1175,1185,56712,-0.02066115702479343
2022-12-08,1200,1315,1130,1130,1217892,-0.04641350210970463
2022-12-09,1115,1145,1115,1145,134086,0.01327433628318575
2022-12-12,1145,1165,1120,1125,96931,-0.017467248908296984
2022-12-13,1125,1150,1125,1140,36787,0.01333333333333342
2022-12-14,1135,1160,1125,1155,101952,0.013157894736842035
2022-12-15,1165,1185,1150,1160,117654,0.0043290043290042934
2022-12-16,1160,1390,1125,1260,8442789,0.0862068965517242
2022-12-19,1250,1260,1215,1215,703004,-0.0357142857142857
2022-12-20,1275,1565,1265,1265,20794610,0.04115226337448563
2022-12-21,1300,1310,1250,1270,1446356,0.0039525691699604515
2022-12-22,1335,1350,1225,1230,2424210,-0.03149606299212604
2022-12-23,1200,1300,1200,1220,779880,-0.008130081300813052
2022-12-26,1245,1290,1200,1200,902292,-0.016393442622950838
2022-12-27,1200,1245,1185,1230,434792,0.02499999999999991
2022-12-28,1240,1290,1210,1230,745731,0.0
2022-12-29,1230,1230,1130,1160,727915,-0.05691056910569103
2023-01-02,1160,1170,1130,1135,306130,-0.02155172413793105
2023-01-03,1110,1130,1045,1080,706365,-0.048458149779735726
2023-01-04,1060,1100,1050,1100,285492,0.0185185185185186
2023-01-05,1110,1125,1090,1100,211051,0.0
2023-01-06,1100,1130,1075,1130,161625,0.027272727272727337
2023-01-09,1125,1150,1125,1140,251387,0.008849557522123908
2023-01-10,1140,1155,1130,1150,148290,0.00877192982456143
2023-01-11,1150,1210,1150,1180,441110,0.026086956521739202
2023-01-12,1200,1200,1170,1180,169567,0.0
2023-01-13,1195,1195,1165,1180,174918,0.0
2023-01-16,1180,1205,1175,1180,178946,0.0
2023-01-17,1180,1200,1170,1185,154123,0.004237288135593209
2023-01-18,1190,1240,1185,1220,444624,0.029535864978903037
2023-01-19,1220,1260,1200,1245,352129,0.020491803278688492
2023-01-20,1235,1250,1230,1230,216298,-0.012048192771084376
2023-01-25,1230,1248,1203,1217,234536,-0.010569105691056957
2023-01-26,1206,1228,1206,1228,207407,0.009038619556285932
2023-01-27,1230,1241,1221,1230,125225,0.0016286644951140072
2023-01-30,1211,1239,1197,1202,252962,-0.02276422764227637
2023-01-31,1200,1215,1195,1196,144242,-0.004991680532445919
2023-02-01,1196,1212,1190,1212,94883,0.013377926421404673
2023-02-02,1214,1236,1214,1233,157907,0.017326732673267342
2023-02-03,1234,1244,1220,1241,146840,0.006488240064882467
2023-02-06,1231,1250,1228,1245,100073,0.003223207091055613
2023-02-07,1245,1270,1242,1248,314238,0.002409638554216942
2023-02-08,1239,1252,1226,1236,138177,-0.009615384615384581
2023-02-09,1236,1247,1212,1240,125756,0.003236245954692629
2023-02-10,1241,1243,1217,1222,132467,-0.014516129032258074
2023-02-13,1221,1221,1191,1208,185605,-0.011456628477905073
2023-02-14,1208,1215,1190,1190,104910,-0.01490066225165565
2023-02-15,1190,1190,1135,1145,661223,-0.037815126050420145
2023-02-16,1146,1168,1146,1160,62039,0.013100436681222627
2023-02-17,1160,1170,1150,1161,45998,0.0008620689655172153
2023-02-20,1173,1175,1150,1169,70475,0.006890611541774394
2023-02-21,1179,1179,1164,1170,102565,0.0008554319931566301
2023-02-22,1160,1164,1145,1145,87981,-0.021367521367521403
2023-02-23,1144,1156,1144,1156,33276,0.009606986899563408
2023-02-24,1168,1168,1139,1144,116157,-0.01038062283737029
2023-02-27,1149,1149,1128,1140,76826,-0.0034965034965035446
2023-02-28,1140,1160,1135,1156,70586,0.01403508771929829
2023-03-02,1162,1169,1144,1152,52085,-0.0034602076124568004
2023-03-03,1141,1159,1139,1149,62161,-0.0026041666666666297
2023-03-06,1146,1165,1138,1149,87941,0.0
2023-03-07,1149,1149,1125,1138,72710,-0.009573542210617902
2023-03-08,1125,1134,1105,1112,80065,-0.02284710017574687
2023-03-09,1117,1120,1045,1082,250096,-0.026978417266187105
2023-03-10,1081,1081,1046,1071,146681,-0.010166358595194103
2023-03-13,1040,1042,1023,1027,144547,-0.04108309990662928
2023-03-14,1017,1020,988,994,244426,-0.03213242453748788
2023-03-15,994,1019,983,1014,115496,0.02012072434607637
2023-03-16,995,1006,985,988,159529,-0.02564102564102566
2023-03-17,1000,1010,988,1010,129087,0.022267206477732726
2023-03-20,995,1026,995,1015,81691,0.004950495049504955
2023-03-21,1015,1015,999,1001,62609,-0.01379310344827589
2023-03-22,996,1014,996,996,69818,-0.004995004995005048
2023-03-23,995,996,981,981,119360,-0.015060240963855387
2023-03-24,981,985,964,976,108798,-0.0050968399592252744
2023-03-27,976,986,956,970,75218,-0.006147540983606592
2023-03-28,962,983,957,978,68619,0.008247422680412342
2023-03-29,978,983,961,967,72456,-0.011247443762781195
2023-03-30,968,985,967,985,59485,0.018614270941054833
2023-03-31,985,997,975,986,83262,0.0010152284263960087
2023-04-03,986,986,958,967,106759,-0.01926977687626774
2023-04-04,967,980,960,970,88006,0.0031023784901758056
2023-04-05,974,1011,970,999,199277,0.02989690721649474
2023-04-06,999,1010,983,995,107520,-0.004004004004004025
2023-04-07,995,1011,989,1003,86135,0.008040201005025116
2023-04-10,1003,1015,991,1012,65335,0.008973080757726848
2023-04-11,1012,1012,993,1009,84480,-0.0029644268774703386
2023-04-12,1009,1044,1004,1035,94777,0.025768087215064517
2023-04-13,1035,1035,1012,1026,52492,-0.008695652173912993
2023-04-14,1026,1040,1019,1020,61514,-0.005847953216374324
2023-04-17,1020,1029,1010,1020,46345,0.0
2023-04-18,1020,1035,1010,1016,159977,-0.0039215686274509665
2023-04-19,1016,1020,997,1001,167163,-0.014763779527559029
2023-04-20,1001,1010,980,982,144287,-0.018981018981019004
2023-04-21,982,995,975,990,93867,0.008146639511201537
2023-04-24,991,1004,975,988,105665,-0.002020202020202033
2023-04-25,988,988,975,987,64148,-0.0010121457489878916
2023-04-26,987,988,970,985,57299,-0.0020263424518743856
2023-04-27,985,1010,965,1010,64233,0.025380710659898442
2023-04-28,1007,1085,995,1064,592740,0.05346534653465351
2023-05-02,1064,1098,1039,1095,368399,0.02913533834586457
2023-05-03,1090,1099,1068,1075,407402,-0.0182648401826484
2023-05-04,1075,1181,1066,1068,1919945,-0.006511627906976791
2023-05-08,1068,1075,1045,1052,131499,-0.014981273408239737
2023-05-09,1056,1089,1043,1060,132702,0.0076045627376426506
2023-05-10,1051,1060,1050,1058,63876,-0.0018867924528301883
2023-05-11,1058,1085,1051,1070,97023,0.011342155009451904
2023-05-12,1070,1084,1036,1056,81543,-0.013084112149532756
2023-05-15,1056,1195,1039,1195,1163082,0.13162878787878785
2023-05-16,1185,1239,1143,1190,1031455,-0.004184100418409997
2023-05-17,1190,1192,1136,1169,426816,-0.01764705882352946
2023-05-18,1169,1464,1158,1267,17240616,0.08383233532934131
2023-05-19,1267,1275,1217,1231,1386072,-0.0284135753749013
2023-05-22,1235,1258,1220,1249,742094,0.01462225832656383
2023-05-23,1249,1249,1218,1235,336265,-0.011208967173738982
2023-05-24,1234,1350,1217,1272,2550753,0.02995951417004039
2023-05-25,1272,1450,1272,1354,5979628,0.06446540880503138
2023-05-26,1354,1386,1320,1377,1232797,0.016986706056129952
2023-05-30,1377,1415,1341,1361,993145,-0.011619462599854802
2023-05-31,1360,1390,1321,1330,276285,-0.022777369581190254
2023-06-01,1330,1354,1270,1339,425937,0.006766917293232977
2023-06-02,1338,1379,1327,1370,294935,0.023151605675877596
2023-06-05,1360,1375,1325,1356,254003,-0.010218978102189746
2023-06-07,1356,1356,1310,1310,366583,-0.03392330383480824
2023-06-08,1297,1306,1257,1279,500943,-0.023664122137404542
2023-06-09,1286,1354,1285,1315,288463,0.028146989835809322
2023-06-12,1315,1325,1290,1322,199326,0.005323193916349833
2023-06-13,1324,1343,1306,1313,137677,-0.006807866868381196
2023-06-14,1313,1345,1302,1304,133336,-0.006854531607006886
2023-06-15,1311,1334,1250,1283,294278,-0.01610429447852757
2023-06-16,1304,1338,1295,1330,250255,0.036632891660171474
2023-06-19,1330,1365,1325,1343,204308,0.009774436090225658
2023-06-20,1343,1360,1300,1313,259888,-0.022338049143708072
2023-06-21,1313,1375,1301,1364,342632,0.03884234577303891
2023-06-22,1364,1391,1342,1361,260504,-0.0021994134897360684
2023-06-23,1361,1371,1322,1367,151856,0.004408523144746601
2023-06-26,1373,1379,1331,1357,111228,-0.007315288953913646
2023-06-27,1358,1388,1358,1375,236630,0.013264554163596065
2023-06-28,1365,1423,1365,1367,480993,-0.0058181818181818334
2023-06-29,1367,1367,1322,1355,147355,-0.008778346744696464
2023-06-30,1334,1341,1250,1252,252594,-0.07601476014760145
2023-07-03,1274,1358,1271,1331,298564,0.0630990415335464
2023-07-04,1358,1358,1323,1345,92501,0.010518407212622094
2023-07-05,1346,1359,1240,1293,142676,-0.03866171003717467
2023-07-06,1297,1303,1263,1274,105743,-0.014694508894044889
2023-07-07,1262,1310,1240,1299,141686,0.019623233908948157
2023-07-10,1281,1283,1220,1229,207394,-0.05388760585065433
2023-07-11,1229,1251,1220,1235,120476,0.004882017900732283
2023-07-12,1244,1265,1235,1265,95462,0.02429149797570851
2023-07-13,1266,1290,1231,1231,105324,-0.02687747035573118
2023-07-14,1250,1259,1220,1221,157194,-0.008123476848091005
2023-07-17,1234,1294,1215,1292,157616,0.05814905814905824
2023-07-18,1291,1291,1221,1242,180140,-0.03869969040247678
2023-07-19,1242,1242,1218,1221,116825,-0.016908212560386437
2023-07-20,1220,1233,1184,1185,189267,-0.029484029484029506
2023-07-21,1184,1250,1176,1193,152579,0.006751054852320637
2023-07-24,1193,1197,1150,1168,168559,-0.02095557418273264
2023-07-25,1168,1175,1130,1148,132442,-0.017123287671232834
2023-07-26,1148,1148,1029,1075,454852,-0.063588850174216
2023-07-27,1065,1122,1043,1120,242878,0.041860465116279055
2023-07-28,1096,1140,1088,1140,105979,0.017857142857142794
2023-07-31,1151,1155,1115,1133,94843,-0.0061403508771930015
2023-08-01,1133,1140,1114,1126,105500,-0.0061782877316858276
2023-08-02,1120,1149,1085,1116,148378,-0.008880994671403242
2023-08-03,1100,1109,1068,1103,91823,-0.011648745519713288
2023-08-04,1088,1135,1076,1135,97357,0.02901178603807808
2023-08-07,1135,1144,1082,1088,201581,-0.041409691629956
2023-08-08,1071,1094,1071,1083,109996,-0.004595588235294157
2023-08-09,1077,1133,1061,1110,61815,0.024930747922437657
2023-08-10,1120,1144,1104,1131,82754,0.018918918918918948
2023-08-11,1137,1162,1131,1138,78753,0.006189213085764811
2023-08-14,1138,1225,1133,1185,564254,0.04130052724077338
2023-08-16,1175,1200,1145,1160,376313,-0.021097046413502074
2023-08-17,1160,1189,1100,1189,234650,0.02499999999999991
2023-08-18,1175,1189,1151,1173,98179,-0.01345668629100083
2023-08-21,1173,1180,1136,1167,144733,-0.005115089514066473
2023-08-22,1153,1200,1153,1200,95950,0.028277634961439535
2023-08-23,1200,1204,1150,1160,191162,-0.033333333333333326
2023-08-24,1149,1160,1136,1142,140968,-0.01551724137931032
2023-08-25,1143,1323,1128,1288,1602377,0.1278458844133099
2023-08-28,1244,1274,1197,1215,728027,-0.056677018633540355
2023-08-29,1229,1246,1192,1240,315109,0.020576131687242816
2023-08-30,1239,1239,1185,1188,372501,-0.041935483870967794
2023-08-31,1187,1200,1154,1176,291758,-0.010101010101010055
2023-09-01,1169,1195,1160,1174,160014,-0.00170068027210879
2023-09-04,1174,1180,1152,1169,152959,-0.004258943781942026
2023-09-05,1158,1179,1157,1175,77412,0.0051325919589393365
2023-09-06,1175,1186,1161,1184,107188,0.007659574468085184
2023-09-07,1184,1185,1163,1184,94064,0.0
2023-09-08,1170,1174,1158,1165,98758,-0.01604729729729726
2023-09-11,1165,1165,1125,1144,325987,-0.018025751072961338
2023-09-12,1136,1170,1132,1132,213562,-0.010489510489510523
2023-09-13,1130,1151,1123,1133,118497,0.0008833922261484162
2023-09-14,1133,1148,1130,1133,68953,0.0
2023-09-15,1145,1168,1136,1165,171703,0.02824360105913515
2023-09-18,1164,1164,1131,1134,83921,-0.026609442060085864
2023-09-19,1133,1143,1100,1116,133793,-0.015873015873015928
2023-09-20,1116,1127,1107,1119,50247,0.0026881720430107503
2023-09-21,1120,1125,1084,1102,98021,-0.015192135835567444
2023-09-22,1093,1098,1071,1081,112321,-0.019056261343012748
2023-09-25,1081,1081,1027,1055,111129,-0.02405180388529138
2023-09-26,1042,1054,1030,1035,74949,-0.018957345971563955
2023-09-27,1034,1075,1026,1070,77317,0.033816425120772875
2023-10-04,1070,1070,1000,1016,166313,-0.05046728971962622
2023-10-05,1018,1045,1017,1040,101324,0.023622047244094446
2023-10-06,1041,1070,1021,1070,52883,0.028846153846153744
2023-10-10,1074,1090,1022,1056,66901,-0.013084112149532756
2023-10-11,1068,1070,1042,1055,55538,-0.0009469696969697239
2023-10-12,1045,1078,1045,1064,56751,0.008530805687203769
2023-10-13,1064,1084,1054,1055,37188,-0.008458646616541388
2023-10-16,1055,1064,1039,1051,37203,-0.0037914691943128354
2023-10-17,1050,1050,1030,1046,51795,-0.004757373929590858
2023-10-18,1046,1058,1026,1026,61874,-0.019120458891013437
2023-10-19,1025,1026,1001,1018,110394,-0.007797270955165692
2023-10-20,1003,1013,980,987,103949,-0.03045186640471509
2023-10-23,984,990,976,989,93942,0.0020263424518742745
2023-10-24,985,994,970,988,79656,-0.0010111223458038054
2023-10-25,998,1022,984,1001,159521,0.013157894736842035
2023-10-26,1001,1023,979,985,94661,-0.015984015984015998
2023-10-27,985,1000,970,987,78988,0.0020304568527917954
2023-10-30,988,1015,976,1015,142025,0.028368794326241176
2023-10-31,1027,1085,1020,1060,220508,0.044334975369458185
2023-11-01,1080,1098,1062,1097,132830,0.03490566037735854
2023-11-02,1098,1134,1097,1119,118835,0.020054694621695512
2023-11-03,1119,1124,1099,1108,80145,-0.009830205540661274
2023-11-06,1108,1109,1081,1081,103950,-0.02436823104693142
2023-11-07,1082,1084,1063,1080,72549,-0.0009250693802035359
2023-11-08,1075,1100,1063,1076,51481,-0.0037037037037036535
2023-11-09,1076,1095,1049,1083,51896,0.006505576208178487
2023-11-10,1075,1075,1040,1050,68645,-0.030470914127423865
2023-11-13,1050,1055,1030,1043,73694,-0.00666666666666671
2023-11-14,1032,1127,1028,1105,168421,0.05944391179290509
2023-11-15,1110,1124,1087,1112,145574,0.0063348416289592535
2023-11-16,1100,1112,1060,1108,171210,-0.003597122302158251
2023-11-17,1108,1115,1082,1097,75160,-0.009927797833935048
2023-11-20,1096,1120,1088,1093,67003,-0.003646308113035568
2023-11-21,1093,1109,1061,1100,65683,0.006404391582799596
2023-11-22,1090,1125,1076,1078,227399,-0.020000000000000018
2023-11-23,1089,1102,1073,1096,91825,0.016697588126159513
2023-11-24,1094,1130,1089,1119,85702,0.02098540145985406
2023-11-27,1117,1120,1090,1102,123160,-0.015192135835567444
2023-11-28,1102,1102,1055,1070,92902,-0.029038112522686066
2023-11-29,1073,1076,1046,1054,109602,-0.01495327102803734
2023-11-30,1055,1066,1042,1066,79115,0.011385199240986799
2023-12-01,1075,1168,1067,1145,660865,0.07410881801125702
2023-12-04,1146,1147,1106,1135,181400,-0.008733624454148492
2023-12-05,1125,1125,1099,1114,92203,-0.018502202643171817
2023-12-06,1102,1129,1102,1127,64406,0.011669658886894085
2023-12-07,1119,1145,1100,1107,61676,-0.017746228926353136
2023-12-08,1107,1107,1066,1107,88091,0.0
2023-12-11,1107,1125,1103,1115,58315,0.0072267389340558985
2023-12-12,1124,1130,1115,1125,69768,0.008968609865470878
2023-12-13,1123,1123,1090,1119,44015,-0.005333333333333301
2023-12-14,1119,1125,1095,1114,53108,-0.0044682752457551045
2023-12-15,1118,1166,1100,1142,354716,0.025134649910233398
2023-12-18,1140,1165,1107,1133,138089,-0.007880910683012221
2023-12-19,1135,1135,1112,1121,25868,-0.010591350397175625
2023-12-20,1123,1129,1110,1128,57443,0.006244424620874156
2023-12-21,1126,1126,1104,1114,45948,-0.012411347517730542
2023-12-22,1114,1129,1092,1115,99050,0.0008976660682227244
2023-12-26,1116,1131,1081,1100,82188,-0.013452914798206317
2023-12-27,1084,1110,1080,1104,37228,0.0036363636363636598
2023-12-28,1099,1140,1081,1129,133685,0.02264492753623193
2024-01-02,1123,1123,1100,1114,134756,-0.013286093888396855
2024-01-03,1114,1138,1112,1128,280732,0.012567324955116588
2024-01-04,1129,1145,1120,1139,113941,0.009751773049645474
2024-01-05,1124,1174,1124,1148,113914,0.007901668129938644
2024-01-08,1148,1155,1135,1150,50716,0.0017421602787457413
2024-01-09,1155,1159,1143,1148,48280,-0.0017391304347825765
2024-01-10,1150,1154,1138,1146,37765,-0.0017421602787456303
2024-01-11,1140,1150,1129,1130,67432,-0.013961605584642212
2024-01-12,1130,1145,1123,1130,77424,0.0
2024-01-15,1123,1128,1109,1118,75259,-0.010619469026548645
2024-01-16,1116,1130,1111,1120,69152,0.0017889087656528524
2024-01-17,1120,1120,1091,1104,103950,-0.014285714285714235
2024-01-18,1090,1125,1083,1123,66851,0.017210144927536142
2024-01-19,1123,1130,1102,1124,70625,0.0008904719501334757
2024-01-22,1126,1126,1104,1106,62729,-0.016014234875444844
2024-01-23,1106,1117,1096,1111,99272,0.004520795660036159
2024-01-24,1106,1115,1100,1112,104843,0.0009000900090008201
2024-01-25,1109,1123,1096,1119,38281,0.00629496402877705
2024-01-26,1112,1124,1097,1123,82755,0.003574620196604039
2024-01-29,1124,1124,1077,1090,193148,-0.029385574354407806
2024-01-30,1087,1089,1043,1055,249243,-0.032110091743119296
2024-01-31,1055,1059,999,1015,261002,-0.03791469194312791
2024-02-01,1015,1016,998,1000,287549,-0.014778325123152691
2024-02-02,1004,1020,1003,1017,128898,0.016999999999999904
2024-02-05,1028,1154,1028,1061,1421481,0.043264503441494684
2024-02-06,1061,1079,1049,1055,110555,-0.005655042412818112
2024-02-07,1056,1056,1026,1033,86292,-0.020853080568720372
2024-02-08,1034,1057,1034,1045,47626,0.011616650532429773
2024-02-13,1045,1075,1045,1054,73983,0.008612440191387627
2024-02-14,1062,1089,1062,1069,82150,0.014231499051233332
2024-02-15,1075,1090,1029,1079,75464,0.009354536950420878
2024-02-16,1070,1079,1054,1071,69492,-0.007414272474513428
2024-02-19,1071,1079,1041,1050,74703,-0.019607843137254943
2024-02-20,1050,1154,1050,1113,963696,0.06000000000000005
2024-02-21,1112,1113,1085,1096,94439,-0.015274034141958714
2024-02-22,1086,1105,1085,1099,57312,0.0027372262773721623
2024-02-23,1100,1120,1061,1119,69685,0.018198362147406666
2024-02-26,1118,1118,1080,1104,63316,-0.013404825737265424
2024-02-27,1104,1104,1082,1093,100561,-0.009963768115942018
2024-02-28,1093,1093,1069,1082,71337,-0.010064043915828047
2024-02-29,1092,1105,1073,1082,116967,0.0
2024-03-04,1081,1145,1052,1120,703860,0.03512014787430684
2024-03-05,1110,1149,1076,1125,230071,0.0044642857142858094
2024-03-06,1108,1123,1083,1110,200693,-0.013333333333333308
2024-03-07,1103,1109,1076,1105,118308,-0.0045045045045044585
2024-03-08,1092,1103,1075,1086,120872,-0.017194570135746656
2024-03-11,1086,1109,1069,1070,125431,-0.014732965009208066
2024-03-12,1075,1084,1060,1072,79895,0.0018691588785046953
2024-03-13,1071,1129,1062,1120,101352,0.04477611940298498
2024-03-14,1125,1133,1095,1122,403954,0.0017857142857142794
2024-03-15,1117,1123,1056,1095,192483,-0.024064171122994638
2024-03-18,1085,1122,1085,1110,80044,0.013698630136986356
2024-03-19,1110,1123,1084,1112,88502,0.0018018018018017834
2024-03-20,1103,1115,1083,1091,91867,-0.01888489208633093
2024-03-21,1117,1117,1091,1107,83207,0.01466544454628771
2024-03-22,1096,1118,1085,1108,133851,0.0009033423667570428
2024-03-25,1050,1114,1050,1101,339013,-0.006317689530685899
2024-03-26,1101,1101,1059,1080,246091,-0.019073569482288777
2024-03-27,1082,1100,1065,1082,116538,0.0018518518518517713
2024-03-28,1099,1099,1045,1057,181767,-0.02310536044362288
2024-03-29,1057,1057,1030,1038,146414,-0.01797540208136239
2024-04-01,1040,1075,1039,1065,103438,0.026011560693641522
2024-04-02,1070,1115,1051,1102,431240,0.03474178403755879
2024-04-03,1089,1103,1050,1089,107324,-0.011796733212341204
2024-04-04,1081,1089,1054,1084,103972,-0.0045913682277318735
2024-04-05,1074,1083,1058,1059,111269,-0.023062730627306238
2024-04-08,1058,1069,1033,1056,114075,-0.0028328611898017497
2024-04-09,1056,1056,1030,1040,101992,-0.015151515151515138
2024-04-11,1040,1055,1022,1042,99135,0.0019230769230769162
2024-04-12,1042,1049,1033,1046,52025,0.0038387715930903177
2024-04-15,1041,1044,1003,1023,124453,-0.02198852772466542
2024-04-16,1022,1022,1005,1010,121973,-0.012707722385141729
2024-04-17,1019,1109,1010,1066,398547,0.055445544554455495
2024-04-18,1050,1088,1050,1070,74385,0.0037523452157599557
2024-04-19,1072,1078,1016,1040,165764,-0.028037383177570097
2024-04-22,1042,1047,1030,1047,75609,0.006730769230769207
2024-04-23,1054,1056,1037,1046,56505,-0.0009551098376313627
2024-04-24,1050,1060,1035,1045,127265,-0.0009560229445506607
2024-04-25,1044,1050,1025,1030,77778,-0.014354066985645897
2024-04-26,1032,1035,1019,1025,61887,-0.004854368932038833
2024-04-29,1025,1037,1020,1025,44061,0.0
2024-04-30,1025,1035,1013,1018,86321,-0.006829268292682933
2024-05-02,1018,1106,1018,1104,725398,0.08447937131630656
2024-05-03,1104,1104,1070,1078,142202,-0.023550724637681153
2024-05-07,1069,1110,1069,1070,80002,-0.007421150278293154
2024-05-08,1071,1090,1067,1085,50469,0.014018691588784993
2024-05-09,1078,1130,1077,1088,68180,0.0027649769585254003
2024-05-10,1089,1094,1064,1074,72227,-0.012867647058823484
2024-05-13,1073,1073,1060,1069,57400,-0.004655493482309092
2024-05-14,1064,1093,1059,1088,51615,0.017773620205799867
2024-05-16,1096,1096,1050,1060,158967,-0.02573529411764708
2024-05-17,1059,1075,1048,1070,78274,0.009433962264151052
2024-05-20,1045,1062,1045,1051,116986,-0.017757009345794383
2024-05-21,1040,1055,1040,1043,73912,-0.007611798287345373
2024-05-22,1043,1051,1035,1043,86153,0.0
2024-05-23,1043,1054,1035,1049,34482,0.0057526366251199335
2024-05-24,1050,1052,1036,1052,30519,0.0028598665395613843
2024-05-27,1038,1048,1036,1045,39752,-0.0066539923954372915
2024-05-28,1038,1055,1038,1054,54064,0.008612440191387627
2024-05-29,1054,1054,1032,1032,45835,-0.020872865275142316
2024-05-30,1021,1045,1021,1034,28331,0.0019379844961240345
2024-05-31,1025,1055,1025,1040,87635,0.005802707930367523
2024-06-03,1040,1041,1016,1033,169737,-0.006730769230769207
2024-06-04,1032,1033,1020,1021,55349,-0.011616650532429773
2024-06-05,1021,1028,1017,1022,39793,0.0009794319294809117
2024-06-07,1022,1030,1017,1022,44970,0.0
2024-06-10,1026,1032,1005,1016,124724,-0.005870841487279899
2024-06-11,1010,1023,1003,1013,98328,-0.0029527559055118058
2024-06-12,1007,1018,1003,1016,88828,0.0029615004935834577
2024-06-13,1025,1025,1008,1015,65386,-0.0009842519685039353
2024-06-14,1085,1100,1043,1060,1170979,0.044334975369458185
2024-06-17,1059,1290,1036,1177,33075178,0.11037735849056607
2024-06-18,1161,1180,1121,1168,2926773,-0.007646559048428259
2024-06-19,1155,1163,1113,1123,1201332,-0.03852739726027399
2024-06-20,1120,1140,1109,1109,957127,-0.012466607301869992
2024-06-21,1109,1125,1080,1093,734981,-0.014427412082957614
2024-06-24,1110,1135,1087,1131,796875,0.034766697163769456
2024-06-25,1145,1145,1110,1122,400657,-0.007957559681697646
2024-06-26,1133,1133,1108,1125,342361,0.002673796791443861
2024-06-27,1124,1180,1114,1141,1709187,0.014222222222222136
2024-06-28,1140,1140,1102,1108,423173,-0.02892199824715158
2024-07-01,1126,1166,1126,1131,733493,0.020758122743682383
2024-07-02,1126,1143,1102,1129,319401,-0.0017683465959328348
2024-07-03,1129,1130,1106,1116,267361,-0.011514614703277193
2024-07-04,1113,1165,1110,1153,431639,0.03315412186379918
2024-07-05,1160,1188,1142,1157,580949,0.003469210754553309
2024-07-08,1160,1230,1155,1195,1316606,0.032843560933448535
2024-07-09,1184,1195,1154,1169,438707,-0.02175732217573223
2024-07-10,1169,1181,1155,1155,238809,-0.0119760479041916
2024-07-11,1147,1207,1145,1200,475936,0.03896103896103886
2024-07-12,1200,1220,1160,1181,284119,-0.015833333333333366
2024-07-15,1181,1184,1156,1163,233758,-0.015241320914479273
2024-07-16,1153,1177,1115,1121,445753,-0.03611349957007737
2024-07-17,1115,1160,1094,1117,345031,-0.003568242640499597
2024-07-18,1104,1115,1075,1115,305959,-0.0017905102954342
2024-07-19,1115,1158,1105,1128,364621,0.011659192825112186
2024-07-22,1128,1135,1109,1118,123759,-0.00886524822695034
2024-07-23,1111,1120,1108,1118,82837,0.0
2024-07-24,1118,1189,1118,1147,658124,0.025939177101967692
2024-07-25,1130,1152,1119,1142,232732,-0.0043591979075849885
2024-07-26,1142,1162,1137,1148,222065,0.005253940455341555
2024-07-29,1137,1173,1137,1158,243296,0.008710801393728262
2024-07-30,1167,1180,1151,1158,164091,0.0
2024-07-31,1158,1168,1117,1125,333811,-0.02849740932642486
2024-08-01,1126,1151,1125,1146,150408,0.01866666666666661
2024-08-02,1145,1145,1088,1100,484971,-0.04013961605584637
2024-08-05,1069,1070,900,949,1220705,-0.13727272727272732
2024-08-06,996,996,948,981,379767,0.0337197049525817
2024-08-07,986,1015,962,998,212523,0.017329255861366022
2024-08-08,998,1000,950,989,325747,-0.009018036072144242
2024-08-09,989,1030,989,1030,183735,0.04145601617795758
2024-08-12,1030,1035,1015,1027,111333,-0.002912621359223322
2024-08-13,1027,1034,1000,1012,136454,-0.014605647517039966
2024-08-14,1029,1029,999,1011,275588,-0.0009881422924901129
2024-08-16,1000,1009,960,973,321722,-0.03758654797230465
2024-08-19,968,988,962,967,117832,-0.006166495375128478
2024-08-20,967,987,965,985,111666,0.018614270941054833
2024-08-21,985,990,950,966,148244,-0.019289340101522834
2024-08-22,957,966,930,931,215626,-0.036231884057971064
2024-08-23,920,941,920,935,68320,0.004296455424275036
2024-08-26,953,953,914,949,115849,0.014973262032085488
2024-08-27,942,948,915,933,35206,-0.01685985247629085
2024-08-28,957,957,882,882,343671,-0.054662379421221874
2024-08-29,882,887,845,881,169957,-0.0011337868480725266
2024-08-30,893,913,874,911,142060,0.034052213393870545
2024-09-02,912,924,897,922,69073,0.01207464324917673
2024-09-03,922,941,914,926,58740,0.00433839479392617
2024-09-04,907,926,890,901,53183,-0.02699784017278617
2024-09-05,901,905,876,901,44411,0.0
2024-09-06,880,894,839,844,226338,-0.06326304106548275
2024-09-09,853,866,811,866,129965,0.026066350710900466
2024-09-10,866,877,843,867,76292,0.0011547344110853786
2024-09-11,859,872,801,801,278786,-0.07612456747404839
2024-09-12,803,827,802,802,74536,0.0012484394506866447
2024-09-13,819,827,803,820,83359,0.02244389027431426
2024-09-19,820,844,820,835,26758,0.018292682926829285
2024-09-20,835,843,827,841,43287,0.007185628742514938
2024-09-23,840,846,830,839,37837,-0.0023781212841854638
2024-09-24,839,850,834,845,37432,0.007151370679380209
2024-09-25,837,854,837,850,30110,0.00591715976331364
2024-09-26,850,874,845,874,58212,0.028235294117647136
2024-09-27,873,877,861,868,25960,-0.006864988558352381
2024-09-30,868,868,850,850,65342,-0.020737327188940058
2024-10-02,850,855,820,839,69730,-0.012941176470588234
2024-10-04,820,844,820,830,39647,-0.010727056019070313
2024-10-07,822,835,801,826,73184,-0.004819277108433773
2024-10-08,826,832,819,832,13646,0.007263922518159882
2024-10-10,832,845,827,845,23169,0.015625
2024-10-11,850,858,792,845,82465,0.0
2024-10-14,837,920,831,894,267952,0.05798816568047327
2024-10-15,886,899,866,868,130007,-0.029082774049216997
2024-10-16,937,998,845,858,3441389,-0.011520737327188946
2024-10-17,841,851,809,828,279464,-0.034965034965035
2024-10-18,828,828,803,821,78794,-0.008454106280193274
2024-10-21,849,849,817,818,56774,-0.0036540803897685548
2024-10-22,822,823,807,807,63360,-0.01344743276283622
2024-10-23,808,816,777,786,312608,-0.026022304832713727
2024-10-24,786,786,760,772,117746,-0.01781170483460559
2024-10-25,772,830,759,774,167708,0.002590673575129543
2024-10-28,774,790,764,789,65423,0.019379844961240345
2024-10-29,788,797,771,795,166296,0.0076045627376426506
2024-10-30,795,807,777,800,32720,0.0062893081761006275
2024-10-31,798,800,785,789,35978,-0.01375000000000004
2024-11-01,793,795,764,781,91094,-0.010139416983523497
2024-11-04,785,810,770,808,115045,0.03457106274007682
2024-11-05,808,819,773,808,44492,0.0
2024-11-06,808,810,786,797,26176,-0.013613861386138626
2024-11-07,789,797,772,773,46418,-0.03011292346298622
2024-11-08,766,791,760,791,32377,0.023285899094437346
2024-11-11,786,795,758,775,83736,-0.020227560050568916
2024-11-12,774,795,739,758,272831,-0.021935483870967776
2024-11-13,757,767,740,740,108628,-0.0237467018469657
2024-11-14,739,755,732,746,33986,0.008108108108108025
2024-11-15,759,759,730,734,123325,-0.01608579088471851
2024-11-18,734,750,720,750,130842,0.021798365122615904
2024-11-19,742,758,712,721,232540,-0.03866666666666663
2024-11-20,724,726,699,702,977912,-0.026352288488210807
2024-11-21,702,729,698,726,123827,0.03418803418803429
2024-11-22,726,756,716,732,110926,0.008264462809917328
2024-11-25,732,747,714,736,143689,0.005464480874316946
2024-11-26,736,739,720,739,49200,0.0040760869565217295
2024-11-27,739,745,711,739,90419,0.0
2024-11-28,730,739,720,727,76781,-0.016238159675236785
2024-11-29,727,734,698,705,131746,-0.030261348005502064
2024-12-02,701,707,680,700,113732,-0.007092198581560294
2024-12-03,693,716,684,705,108844,0.0071428571428571175
2024-12-04,700,705,679,704,34039,-0.0014184397163120588
2024-12-05,704,704,680,698,37904,-0.008522727272727293
2024-12-06,698,698,670,682,81867,-0.022922636103151817
2024-12-09,676,682,641,647,127144,-0.0513196480938416
2024-12-10,632,680,632,673,57184,0.040185471406491535
2024-12-11,679,700,671,699,107628,0.038632986627043175
2024-12-12,699,700,679,694,155421,-0.007153075822603716
2024-12-13,690,699,670,691,790736,-0.004322766570605152
2024-12-16,724,724,699,718,628506,0.0390738060781477
2024-12-17,711,716,697,708,283304,-0.013927576601671321
2024-12-18,712,719,705,707,228568,-0.0014124293785310327
2024-12-19,691,712,691,710,38650,0.004243281471004279
2024-12-20,709,710,690,691,68702,-0.026760563380281654
2024-12-23,691,720,663,700,71846,0.013024602026049159
2024-12-24,692,707,690,700,36119,0.0
2024-12-26,700,715,687,709,61009,0.0128571428571429
2024-12-27,692,709,692,696,34435,-0.01833568406205921
2024-12-30,683,711,683,707,52297,0.015804597701149392
2025-01-02,707,741,705,739,97391,0.04526166902404527
2025-01-03,726,742,719,739,104035,0.0
2025-01-06,732,764,731,739,137182,0.0
2025-01-07,731,747,731,739,22120,0.0
2025-01-08,731,739,727,735,43492,-0.005412719891745632
2025-01-09,728,735,723,730,31636,-0.006802721088435382
2025-01-10,721,735,721,730,26934,0.0
2025-01-13,730,734,728,730,42763,0.0
2025-01-14,728,736,728,730,19111,0.0
2025-01-15,730,733,719,731,70626,0.00136986301369868
2025-01-16,723,762,723,757,61356,0.035567715458276306
2025-01-17,749,762,746,752,38204,-0.006605019815059454
2025-01-20,760,770,746,751,55467,-0.0013297872340425343
2025-01-21,751,754,700,754,62571,0.003994673768308976
2025-01-22,739,755,735,755,48639,0.0013262599469496816
2025-01-23,753,758,745,755,27607,0.0
2025-01-24,752,758,750,758,18695,0.003973509933774766
2025-01-31,758,780,744,751,58997,-0.00923482849604218
2025-02-03,751,755,736,741,73206,-0.013315579227696439
2025-02-04,740,749,738,743,55229,0.0026990553306343035
2025-02-05,743,750,737,748,126782,0.006729475100942128
2025-02-06,752,780,750,756,70270,0.010695187165775444
2025-02-07,756,768,751,762,24162,0.007936507936507908
2025-02-10,762,762,749,758,20417,-0.005249343832021025
2025-02-11,758,771,750,756,76848,-0.0026385224274406704
2025-02-12,748,769,748,759,31271,0.003968253968253954
2025-02-13,756,768,747,766,21205,0.00922266139657446
2025-02-14,766,770,759,768,17693,0.0026109660574411553
2025-02-17,768,776,760,776,37435,0.01041666666666674
2025-02-18,771,786,765,772,52324,-0.005154639175257714
2025-02-19,772,779,762,765,48992,-0.0090673575129534
2025-02-20,766,769,750,757,34557,-0.010457516339869244
2025-02-21,757,761,751,759,43204,0.0026420079260238705
2025-02-24,759,759,740,741,141981,-0.02371541501976282
2025-02-25,740,749,739,743,55323,0.0026990553306343035
2025-02-26,740,747,736,744,49614,0.0013458950201883368
2025-02-27,744,751,739,740,21536,-0.005376344086021501
2025-02-28,743,749,721,722,200995,-0.024324324324324298
2025-03-04,722,726,704,704,209507,-0.024930747922437657
2025-03-05,703,710,703,705,28386,0.0014204545454545858
2025-03-06,705,714,699,704,74705,-0.0014184397163120588
2025-03-07,704,705,698,703,29079,-0.0014204545454545858
2025-03-10,698,707,684,688,193050,-0.02133712660028453
2025-03-11,689,695,679,690,140596,0.0029069767441860517
2025-03-12,691,701,690,696,36724,0.008695652173912993
2025-03-13,702,702,696,698,18445,0.002873563218390718
2025-03-14,698,702,692,693,32746,-0.007163323782234943
2025-03-17,700,700,687,691,42765,-0.0028860028860029363
2025-03-18,691,696,691,695,10698,0.005788712011577379
2025-03-19,695,695,682,689,56560,-0.008633093525179825
2025-03-20,689,694,684,690,21550,0.0014513788098693414
2025-03-21,684,689,676,689,62265,-0.0014492753623188692
2025-03-24,689,689,673,673,31297,-0.023222060957910018
2025-03-25,670,675,660,660,52496,-0.019316493313521588
2025-03-26,660,723,660,680,168740,0.030303030303030276
2025-03-27,687,707,672,679,38571,-0.0014705882352941124
2025-03-28,679,721,675,694,163209,0.022091310751104487
2025-03-31,694,694,661,677,86938,-0.02449567723342938
2025-04-01,677,708,670,701,29719,0.03545051698670609
2025-04-02,705,729,700,702,67856,0.0014265335235377208
2025-04-03,702,706,690,699,25711,-0.004273504273504258
2025-04-04,699,699,662,690,25813,-0.012875536480686733
2025-04-07,694,695,654,687,138542,-0.004347826086956497
2025-04-08,681,701,677,687,78848,0.0
2025-04-09,689,689,677,679,40719,-0.011644832605531286
2025-04-10,685,705,685,697,20292,0.026509572901325384
2025-04-11,697,708,692,708,47439,0.015781922525107683
2025-04-14,708,712,702,707,38270,-0.0014124293785310327
2025-04-15,707,714,695,709,54482,0.0028288543140029265
2025-04-16,701,754,699,730,107476,0.02961918194640334
2025-04-17,734,734,700,704,106855,-0.03561643835616435
2025-04-18,704,704,676,682,293020,-0.03125
2025-04-21,682,690,681,681,69936,-0.0014662756598240456
2025-04-22,683,692,675,688,68785,0.010279001468428861
2025-04-23,694,706,688,706,31659,0.026162790697674465
2025-04-24,702,713,696,713,56510,0.009915014164305846
2025-04-25,720,730,701,715,70516,0.0028050490883591017
2025-04-28,714,720,704,712,55902,-0.004195804195804231
2025-04-29,709,718,697,718,47284,0.008426966292134797
2025-04-30,717,718,701,708,45025,-0.013927576601671321
2025-05-02,708,710,700,709,36390,0.0014124293785311437
2025-05-07,708,716,697,703,50664,-0.008462623413258097
2025-05-08,703,710,700,706,33206,0.004267425320056972
2025-05-09,706,713,698,702,56474,-0.005665722379603388
2025-05-12,702,717,700,717,65578,0.02136752136752129
2025-05-13,710,728,704,717,44629,0.0
2025-05-14,717,737,714,730,94158,0.018131101813110284
2025-05-15,740,755,725,730,115185,0.0
2025-05-16,730,739,701,718,112525,-0.016438356164383605
2025-05-19,718,720,700,704,64987,-0.01949860724233987
2025-05-20,704,729,700,728,113209,0.03409090909090917
2025-05-21,727,727,713,714,30459,-0.019230769230769273
2025-05-22,714,715,698,698,109112,-0.022408963585434205
2025-05-23,698,707,697,703,34038,0.007163323782235054
2025-05-26,700,707,694,703,49869,0.0
2025-05-27,703,741,699,706,23150,0.004267425320056972
2025-05-28,706,710,691,695,42051,-0.015580736543909346
2025-05-29,695,707,695,706,25202,0.015827338129496438
2025-05-30,706,707,700,700,43475,-0.008498583569405138
2025-06-02,700,711,696,700,66927,0.0
2025-06-04,698,710,695,702,47990,0.0028571428571428914
2025-06-05,700,713,700,709,48105,0.009971509971509862
2025-06-09,709,718,706,715,65929,0.008462623413258097
2025-06-10,719,720,708,710,64558,-0.006993006993006978
2025-06-11,710,725,709,722,78690,0.016901408450704203
2025-06-12,719,725,715,722,80183,0.0
2025-06-13,722,726,705,722,52683,0.0
2025-06-16,721,721,691,714,70333,-0.011080332409972304
2025-06-17,710,710,703,703,29161,-0.01540616246498594
2025-06-18,699,709,692,701,63233,-0.002844950213371278
2025-06-19,701,720,696,715,64834,0.0199714693295292
2025-06-20,717,723,705,717,86269,0.002797202797202747
2025-06-23,704,730,704,719,106807,0.002789400278939924
2025-06-24,713,722,712,716,33007,-0.004172461752433909
2025-06-25,716,718,710,713,39443,-0.0041899441340782495
2025-06-26,714,723,700,705,114176,-0.011220196353436185
2025-06-27,709,718,705,717,61938,0.017021276595744705
2025-06-30,717,717,697,699,68935,-0.025104602510460206
2025-07-01,699,714,692,706,77484,0.010014306151645114
2025-07-02,706,713,700,711,44926,0.007082152974504208
2025-07-03,711,720,701,710,54590,-0.0014064697609000865
2025-07-04,710,710,685,700,69273,-0.014084507042253502
2025-07-07,698,704,691,703,40503,0.004285714285714226
2025-07-08,707,707,696,705,19096,0.002844950213371167
2025-07-09,709,709,698,700,76246,-0.007092198581560294
2025-07-10,704,706,692,698,64979,-0.0028571428571428914
2025-07-11,704,710,692,700,78261,0.002865329512893977
2025-07-14,705,710,697,699,41950,-0.0014285714285714457
2025-07-15,705,705,691,703,71863,0.005722460658083017
2025-07-16,703,703,695,703,54956,0.0
2025-07-17,696,719,691,718,142228,0.021337126600284417
2025-07-18,720,720,700,715,108879,-0.004178272980501441
2025-07-21,715,715,701,706,29167,-0.012587412587412583
2025-07-22,713,713,693,704,45055,-0.0028328611898017497
2025-07-23,704,713,694,703,28997,-0.0014204545454545858
2025-07-24,707,707,695,703,43507,0.0
2025-07-25,703,754,694,714,207974,0.01564722617354186
2025-07-28,719,720,709,717,37808,0.004201680672268893
2025-07-29,715,720,710,717,95574,0.0
2025-07-30,716,720,710,718,43632,0.001394700139470073
2025-07-31,717,727,711,721,79523,0.00417827298050133
2025-08-01,721,721,701,709,60951,-0.01664355062413314
2025-08-04,709,709,699,704,78979,-0.007052186177715081
2025-08-05,704,710,700,709,47444,0.007102272727272707
2025-08-06,707,714,702,713,58285,0.005641748942172065
2025-08-07,714,720,703,713,72882,0.0
2025-08-08,713,727,710,719,67653,0.008415147265077083
2025-08-11,719,720,704,712,64450,-0.009735744089012566
2025-08-12,712,712,699,705,65239,-0.0098314606741573
2025-08-13,702,713,700,710,23625,0.007092198581560183
2025-08-14,701,713,697,707,52609,-0.004225352112676051
2025-08-18,707,714,695,711,151712,0.005657708628005631
2025-08-19,711,724,706,706,155788,-0.007032348804500654
2025-08-20,706,724,704,721,193452,0.021246458923512845
2025-08-21,721,744,713,744,170641,0.03190013869625519
2025-08-22,744,747,720,742,157275,-0.0026881720430107503
2025-08-25,745,760,740,746,180473,0.005390835579514919
2025-08-26,746,805,745,762,435375,0.02144772117962468
2025-08-27,762,785,750,758,133950,-0.005249343832021025
2025-08-28,758,759,728,759,95330,0.0013192612137202797
2025-08-29,759,767,721,764,74262,0.006587615283267567
2025-09-01,764,786,750,773,131359,0.011780104712041828
2025-09-02,773,783,756,767,100151,-0.0077619663648124115
2025-09-03,769,772,761,768,59624,0.0013037809647979959
2025-09-04,762,771,753,763,36831,-0.00651041666666663
2025-09-05,763,771,741,766,52511,0.003931847968545288
2025-09-08,766,767,749,758,29296,-0.010443864229765065
2025-09-09,758,765,730,751,33973,-0.00923482849604218
2025-09-10,751,780,732,776,142860,0.0332889480692411
2025-09-11,776,846,758,823,966191,0.06056701030927836
2025-09-12,823,831,803,825,137868,0.002430133657351119
2025-09-15,825,835,811,825,178475,0.0
2025-09-16,825,829,800,827,183388,0.00242424242424244
2025-09-17,826,826,800,812,101172,-0.01813784764207982
2025-09-18,820,835,810,832,61693,0.024630541871921263
2025-09-19,824,831,810,815,56468,-0.02043269230769229
2025-09-22,815,815,801,808,52743,-0.008588957055214674
2025-09-23,808,819,785,785,75029,-0.02846534653465349
2025-09-24,786,795,769,769,87333,-0.020382165605095537
2025-09-25,769,775,752,765,64283,-0.005201560468140465
2025-09-26,757,799,752,797,45323,0.0418300653594772
2025-09-29,797,806,765,765,154691,-0.04015056461731492
2025-09-30,773,781,751,761,115400,-0.005228758169934622
2025-10-01,761,764,747,755,53097,-0.007884362680683266
2025-10-02,757,778,746,761,68927,0.007947019867549754
2025-10-10,761,779,748,764,56387,0.003942181340341744
2025-10-13,764,790,747,777,140635,0.017015706806282616
2025-10-14,777,777,751,776,75552,-0.0012870012870013214
2025-10-15,768,788,762,782,57107,0.0077319587628865705
2025-10-16,783,790,765,765,75867,-0.021739130434782594
2025-10-17,765,789,757,780,131089,0.019607843137254832
2025-10-20,780,799,773,789,104360,0.011538461538461497
2025-10-21,793,793,769,779,117866,-0.012674271229404344
2025-10-22,780,780,760,778,116245,-0.0012836970474967568
2025-10-23,777,790,768,789,29368,0.014138817480719768
2025-10-24,793,805,775,789,64169,0.0
2025-10-27,789,806,751,778,44121,-0.013941698352344711
2025-10-28,778,785,770,776,29490,-0.0025706940874036244
2025-10-29,776,776,738,753,191978,-0.029639175257731964
2025-10-30,753,780,729,732,208248,-0.027888446215139417
2025-10-31,733,747,731,744,111382,0.016393442622950838
2025-11-03,744,770,715,730,114245,-0.018817204301075252
2025-11-04,722,730,692,725,113630,-0.006849315068493178
2025-11-05,753,753,700,721,86349,-0.0055172413793103114
2025-11-06,721,735,707,728,32190,0.009708737864077666
2025-11-07,721,721,692,717,93298,-0.015109890109890056
2025-11-10,708,717,698,712,120893,-0.006973500697350032
2025-11-11,712,735,712,722,33357,0.014044943820224809
2025-11-12,722,722,715,721,17943,-0.0013850415512465242
2025-11-13,722,761,719,750,95726,0.04022191400832176
2025-11-14,750,750,712,722,62173,-0.03733333333333333
2025-11-17,707,718,694,694,151175,-0.03878116343490301
2025-11-18,690,692,662,680,178973,-0.02017291066282423
2025-11-19,678,678,665,674,58449,-0.008823529411764675
2025-11-20,674,681,673,681,49841,0.010385756676557945
2025-11-21,680,681,660,679,118983,-0.002936857562408246
2025-11-24,678,681,659,681,110324,0.002945508100147265
2025-11-25,680,681,666,679,57217,-0.002936857562408246
2025-11-26,679,692,673,690,65546,0.016200294550809957
2025-11-27,689,690,659,675,106733,-0.021739130434782594
2025-11-28,675,701,664,701,281124,0.03851851851851862
2025-12-01,708,722,688,714,257306,0.01854493580599148
2025-12-02,713,713,689,702,130560,-0.01680672268907568
2025-12-03,702,702,693,694,37969,-0.01139601139601143
2025-12-04,694,700,689,695,48035,0.0014409221902016434
2025-12-05,685,697,684,690,42270,-0.007194244604316502
2025-12-08,690,700,671,684,42718,-0.008695652173912993
2025-12-09,678,683,668,676,48287,-0.011695906432748537
2025-12-10,676,676,659,670,36519,-0.00887573964497046
2025-12-11,670,691,642,671,88522,0.0014925373134329067
2025-12-12,672,680,666,678,37975,0.010432190760059523
2025-12-15,677,677,661,670,12282,-0.01179941002949858
2025-12-16,672,684,659,671,130527,0.0014925373134329067
2025-12-17,665,677,660,674,53971,0.0044709388971684305
2025-12-18,670,687,665,684,80493,0.014836795252225476
2025-12-19,678,692,677,690,74587,0.00877192982456143
2025-12-22,690,710,690,705,84943,0.021739130434782705
2025-12-23,705,705,698,698,28700,-0.009929078014184411
2025-12-24,698,714,695,700,26545,0.002865329512893977
2025-12-26,700,714,693,710,55168,0.014285714285714235
2025-12-29,701,708,692,703,52102,-0.009859154929577452
2025-12-30,700,710,684,684,67159,-0.027027027027026973
2026-01-02,686,699,660,690,118609,0.00877192982456143
2026-01-05,690,692,675,685,62746,-0.007246376811594235
2026-01-06,678,688,668,685,91765,0.0
2026-01-07,679,685,661,666,84148,-0.027737226277372296
2026-01-08,666,672,651,670,88822,0.006006006006006093
2026-01-09,670,675,656,674,32071,0.005970149253731405
2026-01-12,674,675,663,665,39162,-0.013353115727002929
2026-01-13,662,673,662,669,14247,0.006015037593984918
2026-01-14,665,675,661,675,54036,0.008968609865470878
2026-01-15,676,676,665,673,15393,-0.002962962962962945
2026-01-16,670,677,659,677,38493,0.005943536404160454
2026-01-19,671,677,650,668,91693,-0.013293943870014813
2026-01-20,662,674,650,670,40979,0.0029940119760478723
2026-01-21,662,670,649,658,75630,-0.017910447761193993
2026-01-22,658,665,620,656,401817,-0.003039513677811523
2026-01-23,656,665,628,657,86410,0.0015243902439023849
2026-01-26,657,668,644,665,78567,0.0121765601217656
2026-01-27,667,669,640,659,136554,-0.009022556390977488
2026-01-28,659,690,630,654,423705,-0.007587253414264028
2026-01-29,659,667,639,658,98985,0.006116207951070374
2026-01-30,658,659,644,649,134112,-0.01367781155015202
2026-02-02,645,650,630,639,119118,-0.015408320493066285
2026-02-03,645,649,637,643,59351,0.006259780907668322
2026-02-04,647,657,638,657,189764,0.021772939346811793
2026-02-05,658,659,649,657,110059,0.0
2026-02-06,656,658,645,648,59348,-0.013698630136986356
2026-02-09,654,667,639,660,120330,0.0185185185185186
2026-02-10,660,677,638,670,108081,0.015151515151515138
2026-02-11,670,673,657,672,43601,0.0029850746268655914
2026-02-12,678,689,645,686,115944,0.02083333333333326
2026-02-13,689,689,663,675,116729,-0.01603498542274051
2026-02-19,671,680,635,680,221441,0.007407407407407307
2026-02-20,669,677,650,663,92430,-0.025000000000000022
2026-02-23,663,668,649,668,141937,0.007541478129713397
2026-02-24,669,750,668,745,1048283,0.11526946107784442
2026-02-25,750,755,711,733,330844,-0.016107382550335614
2026-02-26,728,746,708,744,159667,0.01500682128240105
