Date,Open,High,Low,Close,Volume,Dividends,Stock Splits
2022-01-03 00:00:00-05:00,89.38678118275092,90.21443918503768,87.95027381949123,89.47240447998047,26400,0.0,0.0
2022-01-04 00:00:00-05:00,89.30117762220401,91.3275040044008,88.62573549480507,89.71975708007812,29000,0.0,0.0
2022-01-05 00:00:00-05:00,89.74829680701589,89.74829680701589,86.58988754713963,86.7896728515625,26700,0.0,0.0
2022-01-06 00:00:00-05:00,85.69564690778337,87.92175143555049,85.11533611897744,87.56024932861328,19200,0.0,0.0
2022-01-07 00:00:00-05:00,87.10359710108237,87.99784782316092,86.4281550320012,86.97992706298828,26300,0.0,0.0
2022-01-10 00:00:00-05:00,86.33304025718846,87.01799777093157,84.6967544761485,86.59941101074219,20900,0.0,0.0
2022-01-11 00:00:00-05:00,86.57085080825104,86.57085080825104,83.91664473118509,84.63965606689453,35800,0.0,0.0
2022-01-12 00:00:00-05:00,85.22949596666945,85.22949596666945,82.95582198891717,83.5361328125,35300,0.0,0.0
2022-01-13 00:00:00-05:00,83.37438855017902,84.96310462942833,82.38500652111023,82.87018585205078,35900,0.0,0.0
2022-01-14 00:00:00-05:00,82.4991697461559,84.6396578609616,82.44209238567267,84.16399383544922,28600,0.0,0.0
2022-01-18 00:00:00-05:00,83.84055458905895,84.22108733399622,81.14830120490483,81.60493469238281,30400,0.0,0.0
2022-01-19 00:00:00-05:00,81.24340507033243,83.05092955327349,80.19694581959476,81.6334457397461,40900,0.0,0.0
2022-01-20 00:00:00-05:00,81.5193300309786,83.22220867762591,81.5193300309786,81.81423950195312,33100,0.0,0.0
2022-01-21 00:00:00-05:00,81.07220453752724,83.89765094673304,80.33016957310137,81.81423950195312,51700,0.0,0.0
2022-01-24 00:00:00-05:00,80.62505055450775,83.11753260637943,78.28478447132603,82.6418685913086,38200,0.0,0.0
2022-01-25 00:00:00-05:00,81.69055255631194,81.69055255631194,78.99829209375554,79.8735122680664,27700,0.0,0.0
2022-01-26 00:00:00-05:00,80.25402531329019,81.64296322977796,77.7234895180335,78.59871673583984,28900,0.0,0.0
2022-01-27 00:00:00-05:00,79.15049900736742,80.17793514910223,76.60093928050205,77.23833465576172,22700,0.0,0.0
2022-01-28 00:00:00-05:00,77.58081592835892,79.2361249281534,75.83036830418409,78.94121551513672,40100,0.0,0.0
2022-01-31 00:00:00-05:00,78.99828804045248,81.58590169091559,78.99828804045248,80.91996765136719,34700,0.0,0.0
2022-02-01 00:00:00-05:00,80.83436023506012,84.04984701452518,79.48347590091133,82.63236999511719,33500,0.0,0.0
2022-02-02 00:00:00-05:00,82.35648820009636,83.67883391726478,81.81423137548815,81.9569320678711,28900,0.0,0.0
2022-02-03 00:00:00-05:00,81.03413630449727,81.80470982333074,80.78678894042969,80.78678894042969,18600,0.0,0.0
2022-02-04 00:00:00-05:00,80.46334224457529,81.89033456845756,79.21709734623848,81.2434310913086,22500,0.0,0.0
2022-02-07 00:00:00-05:00,81.81421861522972,83.09851013025262,80.53944241369727,82.49917602539062,26100,0.0,0.0
2022-02-08 00:00:00-05:00,83.05094309475899,86.20935198468756,82.60381774228975,85.78125,30900,0.0,0.0
2022-02-09 00:00:00-05:00,86.58988426598745,87.86466775008489,86.09519682583743,86.8086929321289,30100,0.0,0.0
2022-02-10 00:00:00-05:00,85.74319391757479,88.04541329815775,84.5350104963001,85.14385986328125,34600,0.0,0.0
2022-02-11 00:00:00-05:00,85.77175432243268,86.6945365831772,84.16400733573279,85.75272369384766,60400,0.0,0.0
2022-02-14 00:00:00-05:00,85.69564518179354,86.28546401501904,83.66931148993453,84.13546752929688,19000,0.0,0.0
2022-02-15 00:00:00-05:00,84.84896852686559,87.0750731371564,84.74432183923054,85.21998596191406,29800,0.0,0.0
2022-02-16 00:00:00-05:00,84.0118066389661,86.4852662252803,84.0118066389661,86.44721221923828,17400,0.0,0.0
2022-02-17 00:00:00-05:00,85.5053610576459,85.5053610576459,83.75492095947266,83.75492095947266,15100,0.0,0.0
2022-02-18 00:00:00-05:00,83.30782318115234,85.21999519374084,82.5562729149304,83.30782318115234,26900,0.0,0.0
2022-02-22 00:00:00-05:00,83.28877802690191,83.28877802690191,80.39673973302259,81.3956298828125,20700,0.0,0.0
2022-02-23 00:00:00-05:00,80.83434939236648,81.61443813993384,79.28367995238034,79.54054260253906,41600,0.0,0.0
2022-02-24 00:00:00-05:00,78.00890099027103,81.64297389242235,77.2763815769563,81.46221923828125,37400,0.0,0.0
2022-02-25 00:00:00-05:00,81.31002489775942,84.05936289905459,81.31002489775942,84.02130889892578,17300,0.0,0.0
2022-02-28 00:00:00-05:00,83.73591177465083,85.21047350769375,83.73591177465083,84.5064926147461,31900,0.0,0.0
2022-03-01 00:00:00-05:00,83.95470387518417,83.95470387518417,82.06156300985816,82.09961700439453,27500,0.0,0.0
2022-03-02 00:00:00-05:00,82.48013733191371,87.31288546824752,82.48013733191371,86.26642608642578,34800,0.0,0.0
2022-03-03 00:00:00-05:00,85.69564659724536,85.91444802026298,82.48966792792345,82.96533203125,30000,0.0,0.0
2022-03-04 00:00:00-05:00,82.75603604027097,85.47683520566589,81.28148172155228,85.21046447753906,32700,0.0,0.0
2022-03-07 00:00:00-05:00,85.13433975210555,88.93965171028462,83.53610843934807,83.59319305419922,54700,0.0,0.0
2022-03-08 00:00:00-05:00,83.65028702634508,83.78347239069127,80.86289517300051,82.00448608398438,35900,0.0,0.0
2022-03-09 00:00:00-05:00,84.36378466869495,84.36378466869495,82.71798369690643,83.250732421875,28500,0.0,0.0
2022-03-10 00:00:00-05:00,83.24121889313211,83.24121889313211,80.34918024576373,81.2434310913086,23900,0.0,0.0
2022-03-11 00:00:00-05:00,81.99498904935449,81.99498904935449,80.02573974547305,80.03524780273438,24300,0.0,0.0
2022-03-14 00:00:00-04:00,80.23574972038195,81.75395943389842,80.0734275647879,81.28607940673828,25500,0.31,0.0
2022-03-15 00:00:00-04:00,81.75394788051547,84.90493649429004,81.61071946968491,84.53254699707031,32400,0.0,0.0
2022-03-16 00:00:00-04:00,84.77128320186836,85.39193497241982,83.61591964617801,84.64715576171875,28800,0.0,0.0
2022-03-17 00:00:00-04:00,84.85721658876462,86.56639280895814,84.02649745724787,86.42316436767578,24300,0.0,0.0
2022-03-18 00:00:00-04:00,86.65231351005957,88.48561690702033,86.48044086128824,87.33025360107422,42300,0.0,0.0
2022-03-21 00:00:00-04:00,87.66445908732963,87.66445908732963,84.23656348275973,84.43708038330078,35200,0.0,0.0
2022-03-22 00:00:00-04:00,85.20095064991474,85.56378967286152,83.587257842659,84.37023162841797,11500,0.0,0.0
2022-03-23 00:00:00-04:00,83.52997319218636,83.87371122253398,81.72530664468341,81.7444076538086,18900,0.0,0.0
2022-03-24 00:00:00-04:00,82.55603044642862,82.7565473443586,81.74441234959752,82.66106414794922,15400,0.0,0.0
2022-03-25 00:00:00-04:00,82.36507453597478,83.41540439995224,81.62029531033443,81.63938903808594,15600,0.0,0.0
2022-03-28 00:00:00-04:00,81.37201667531376,82.09770202636719,80.35988175653686,82.09770202636719,27500,0.0,0.0
2022-03-29 00:00:00-04:00,83.23395736374219,84.37977739298813,82.18362780060822,83.19576263427734,29200,0.0,0.0
2022-03-30 00:00:00-04:00,82.7279105858527,83.52998553491636,81.84945344370331,82.55603790283203,48700,0.0,0.0
2022-03-31 00:00:00-04:00,82.92841697754167,83.25306857533582,80.00658902189772,80.45536804199219,54600,0.0,0.0
2022-04-01 00:00:00-04:00,80.86597935314352,81.77308091634458,80.16893797059828,81.7348861694336,33800,0.0,0.0
2022-04-04 00:00:00-04:00,81.73486543219174,82.2695844683771,80.9041535735755,81.22879791259766,20600,0.0,0.0
2022-04-05 00:00:00-04:00,80.8086518659887,81.75395508989114,80.11161804199219,80.11161804199219,12000,0.0,0.0
2022-04-06 00:00:00-04:00,79.69149020869584,81.62028427131516,79.49097331236626,80.26439666748047,31200,0.0,0.0
2022-04-07 00:00:00-04:00,80.54129442438358,80.5699386515256,79.2522532086921,79.52915954589844,14700,0.0,0.0
2022-04-08 00:00:00-04:00,79.21408594381688,80.52222862111503,79.06131425112149,79.3000259399414,20300,0.0,0.0
2022-04-11 00:00:00-04:00,79.2427092931182,80.51265689126836,79.19497133887914,79.26181030273438,16400,0.0,0.0
2022-04-12 00:00:00-04:00,80.02568618462281,81.133311667753,79.18542385200405,80.06388092041016,19000,0.0,0.0
2022-04-13 00:00:00-04:00,79.83472230305559,81.29563638961831,79.41458748107371,81.27654266357422,36200,0.0,0.0
2022-04-14 00:00:00-04:00,81.5343540233875,82.27913323715467,80.90415902900826,81.1619644165039,21200,0.0,0.0
2022-04-18 00:00:00-04:00,80.60813727622211,80.60813727622211,79.24270653226537,79.71058654785156,16400,0.0,0.0
2022-04-19 00:00:00-04:00,79.46230399877729,81.04734494390449,79.46230399877729,80.35031127929688,15900,0.0,0.0
2022-04-20 00:00:00-04:00,81.01872562758841,81.18104778733687,79.73923478971119,80.20710754394531,25100,0.0,0.0
2022-04-21 00:00:00-04:00,80.92323921740382,81.42930668645364,79.59600319238238,79.87290954589844,36200,0.0,0.0
2022-04-22 00:00:00-04:00,79.45278934895656,80.58905920044172,78.36426474421854,78.8798828125,33700,0.0,0.0
2022-04-25 00:00:00-04:00,78.11598590058388,78.72708704702204,77.37120683366864,78.29740905761719,33100,0.0,0.0
2022-04-26 00:00:00-04:00,77.84862461504312,78.49792044833568,77.4571413852828,77.53352355957031,35400,0.0,0.0
2022-04-27 00:00:00-04:00,77.89638552929144,79.27135964695498,77.38076750332964,78.10645294189453,29000,0.0,0.0
2022-04-28 00:00:00-04:00,78.72708394158316,80.06387037852387,77.35211005878415,79.57689666748047,41200,0.0,0.0
2022-04-29 00:00:00-04:00,78.86076352644389,79.83471096915132,78.33560235842336,78.65070343017578,58800,0.0,0.0
2022-05-02 00:00:00-04:00,78.85121730318768,79.56735210176008,77.74359198464376,78.63159942626953,32800,0.0,0.0
2022-05-03 00:00:00-04:00,78.4310776963633,79.18540717830061,78.0300439823914,79.01353454589844,15900,0.0,0.0
2022-05-04 00:00:00-04:00,79.07083063058415,80.35032863644443,77.79133990962401,80.0543212890625,30500,0.0,0.0
2022-05-05 00:00:00-04:00,79.8442703882996,79.8442703882996,75.59519890951972,78.4501953125,57300,0.0,0.0
2022-05-06 00:00:00-04:00,78.45019223166346,80.67497904850241,78.45019223166346,79.26181030273438,26200,0.0,0.0
2022-05-09 00:00:00-04:00,78.2592185977781,79.12813241321625,77.66721114270264,77.85818481445312,39400,0.0,0.0
2022-05-10 00:00:00-04:00,78.28786590479645,78.47883958405407,75.98668952772468,76.1108169555664,37500,0.0,0.0
2022-05-11 00:00:00-04:00,76.48322735922214,77.06568449105163,75.26102461863009,75.36605834960938,28900,0.0,0.0
2022-05-12 00:00:00-04:00,74.81223192969011,76.36863659739122,74.81223192969011,76.05353546142578,28900,0.0,0.0
2022-05-13 00:00:00-04:00,76.33042457537739,78.4024395429125,76.33042457537739,77.13249206542969,25600,0.0,0.0
2022-05-16 00:00:00-04:00,76.6837219203222,79.00399926228631,76.39727233440244,78.44064331054688,39800,0.0,0.0
2022-05-17 00:00:00-04:00,78.91806430105329,81.49614692464897,78.91806430105329,80.81820678710938,36900,0.0,0.0
2022-05-18 00:00:00-04:00,79.82516562732778,79.82516562732778,75.91984695452483,76.39727020263672,35900,0.0,0.0
2022-05-19 00:00:00-04:00,75.88166141614506,78.29742217875912,75.25145915551452,77.29483032226562,31700,0.0,0.0
2022-05-20 00:00:00-04:00,78.01095363082487,78.01095363082487,75.91029431224493,77.73405456542969,29700,0.0,0.0
2022-05-23 00:00:00-04:00,78.0873402688198,79.21405935322873,77.04656115168707,78.86076354980469,19700,0.0,0.0
2022-05-24 00:00:00-04:00,79.29999855798178,79.41457546671474,77.1229425883542,79.27134704589844,35900,0.0,0.0
2022-05-25 00:00:00-04:00,78.8989652505938,79.87291277961934,78.63160939083019,78.80348205566406,30400,0.0,0.0
2022-05-26 00:00:00-04:00,78.21148531983685,79.26181508011207,78.07780009916803,78.20193481445312,29000,0.0,0.0
2022-05-27 00:00:00-04:00,78.34569632228333,81.68119049072266,78.01981853252046,81.68119049072266,32100,0.31,0.0
2022-05-31 00:00:00-04:00,81.44157839887407,82.65883778085227,78.0581646269323,82.1700210571289,41700,0.0,0.0
2022-06-01 00:00:00-04:00,82.12209000270309,83.29142998511597,80.71313141119182,82.58216094970703,32800,0.0,0.0
2022-06-02 00:00:00-04:00,83.29144125824415,85.78347366763703,81.17321334463117,85.45759582519531,36800,0.0,0.0
2022-06-03 00:00:00-04:00,84.90167599663963,84.90167599663963,82.4767365950641,82.83136749267578,27500,0.0,0.0
2022-06-06 00:00:00-04:00,83.15724680836851,84.96876296607766,83.08056709598573,84.53744506835938,20600,0.0,0.0
2022-06-07 00:00:00-04:00,84.17322115058077,84.91124321784632,83.50229199852119,84.11571502685547,28600,0.0,0.0
2022-06-08 00:00:00-04:00,83.97194455248527,84.43200817921212,82.48630627590008,83.07097625732422,27600,0.0,0.0
2022-06-09 00:00:00-04:00,82.88888407170468,83.70358599408729,82.5917519823044,83.31060791015625,28100,0.0,0.0
2022-06-10 00:00:00-04:00,82.13166911820397,82.16042217859565,79.40959817072154,81.6428451538086,52100,0.0,0.0
2022-06-13 00:00:00-04:00,80.42559492209536,80.51185411289231,78.66199812470005,79.1412353515625,35400,0.0,0.0
2022-06-14 00:00:00-04:00,79.16998483477282,81.08693365553042,78.98787966935485,80.87606811523438,35600,0.0,0.0
2022-06-15 00:00:00-04:00,81.03901434333363,82.29461348122632,80.32015853536525,80.80897521972656,33500,0.0,0.0
2022-06-16 00:00:00-04:00,80.09971309637781,80.51185742091666,77.97189855166934,78.61407470703125,54900,0.0,0.0
2022-06-17 00:00:00-04:00,78.85369115037746,80.15721700997192,78.43196735762385,78.7195053100586,44400,0.0,0.0
2022-06-21 00:00:00-04:00,79.0741531017838,80.77064989625019,78.68117501269377,80.42560577392578,20500,0.0,0.0
2022-06-22 00:00:00-04:00,79.37128419150652,80.81858297447928,79.17000539057621,80.44477844238281,17900,0.0,0.0
2022-06-23 00:00:00-04:00,80.40643592181381,81.6045292062759,79.86969247040074,81.42241668701172,33500,0.0,0.0
2022-06-24 00:00:00-04:00,81.805803634611,86.17645267562398,81.805803634611,85.43842315673828,93300,0.0,0.0
2022-06-27 00:00:00-04:00,85.86015338794589,86.26271095069646,84.8441653753051,85.45759582519531,21900,0.0,0.0
2022-06-28 00:00:00-04:00,84.94001564113384,85.51509889770108,83.91444818460515,84.03904724121094,15400,0.0,0.0
2022-06-29 00:00:00-04:00,83.99112053128422,84.70039694938579,83.16683184949724,84.17323303222656,20500,0.0,0.0
2022-06-30 00:00:00-04:00,83.26267208866766,85.90805611449291,83.26267208866766,85.61093139648438,45300,0.0,0.0
2022-07-01 00:00:00-04:00,85.56301029997176,86.05183431337207,84.35533776697763,85.447998046875,32300,0.0,0.0
2022-07-05 00:00:00-04:00,84.41285123117132,86.19561443493593,83.77067505362714,85.91765594482422,35400,0.0,0.0
2022-07-06 00:00:00-04:00,85.84098159979725,87.2403536181355,85.35216482589482,86.15727996826172,18500,0.0,0.0
2022-07-07 00:00:00-04:00,86.82820500685084,86.86654486593324,85.39049319787264,86.03267669677734,20500,0.0,0.0
2022-07-08 00:00:00-04:00,86.49274477731922,86.49274477731922,84.8345878350531,85.82181549072266,11500,0.0,0.0
2022-07-11 00:00:00-04:00,85.81222768903928,86.42565083317157,85.36174346794009,85.37133026123047,12800,0.0,0.0
2022-07-12 00:00:00-04:00,85.29463530422505,88.35217099802136,84.28824156592333,84.29782104492188,17600,0.0,0.0
2022-07-13 00:00:00-04:00,83.8473603577877,84.97836066658604,83.55981505573119,84.81541442871094,15100,0.0,0.0
2022-07-14 00:00:00-04:00,83.69399573767687,84.49911814609762,82.56299549881987,84.24032592773438,18000,0.0,0.0
2022-07-15 00:00:00-04:00,85.13170380235732,86.86654028705246,84.73873306449256,86.71318817138672,28700,0.0,0.0
2022-07-18 00:00:00-04:00,87.60456968560385,88.42885833047738,86.33938365365982,86.84737396240234,26100,0.0,0.0
2022-07-19 00:00:00-04:00,87.69083935896786,89.2819107095879,87.69083935896786,88.66848754882812,36000,0.0,0.0
2022-07-20 00:00:00-04:00,88.66847870034935,89.87615131425133,87.87294310442809,89.42567443847656,42700,0.0,0.0
2022-07-21 00:00:00-04:00,88.93685210229,90.39373016357422,88.42886177376708,90.39373016357422,16900,0.0,0.0
2022-07-22 00:00:00-04:00,90.2212030740782,90.76753325276128,87.451212322719,87.81543731689453,17000,0.0,0.0
2022-07-25 00:00:00-04:00,87.88253437014286,89.21481341783206,87.38412350603177,88.812255859375,19300,0.0,0.0
2022-07-26 00:00:00-04:00,88.66848040515188,90.61418252198357,88.60138748086736,90.39373016357422,27100,0.0,0.0
2022-07-27 00:00:00-04:00,90.84421265161015,93.27873877819049,90.66210015515794,93.09662628173828,33200,0.0,0.0
2022-07-28 00:00:00-04:00,93.11579339986396,93.58544382840239,92.08063924862934,93.27873229980469,14800,0.0,0.0
2022-07-29 00:00:00-04:00,93.72920447307249,95.38736094884673,93.2595541045824,94.89854431152344,27400,0.0,0.0
2022-08-01 00:00:00-04:00,94.71645867926047,96.844273438803,94.71645867926047,96.09666442871094,41100,0.0,0.0
2022-08-02 00:00:00-04:00,95.5694864590576,95.5694864590576,93.64295076850549,94.46723937988281,20700,0.0,0.0
2022-08-03 00:00:00-04:00,95.46406517527441,97.4097673714735,94.92732175910379,96.94011688232422,28900,0.0,0.0
2022-08-04 00:00:00-04:00,96.56630979000943,99.10626878050094,94.63977391938103,98.7228775024414,81400,0.0,0.0
2022-08-05 00:00:00-04:00,98.55034313772819,100.10307438683904,90.21161830704123,91.17967224121094,66100,0.0,0.0
2022-08-08 00:00:00-04:00,92.05188007731093,92.0710463473229,87.56621969885326,89.03268432617188,28300,0.0,0.0
2022-08-09 00:00:00-04:00,88.62053580409571,88.62053580409571,85.98473139273496,86.22434997558594,18800,0.0,0.0
2022-08-10 00:00:00-04:00,86.73235705119025,90.61418177255106,86.73235705119025,90.01034545898438,32000,0.0,0.0
2022-08-11 00:00:00-04:00,90.16368969058048,92.44485621038243,89.79947203828324,90.74835968017578,38200,0.0,0.0
2022-08-12 00:00:00-04:00,90.76753130184171,92.3969423228183,90.40331362807473,91.92729187011719,33900,0.0,0.0
2022-08-15 00:00:00-04:00,91.05507168982798,94.94647557149409,91.05507168982798,93.882568359375,33200,0.0,0.0
2022-08-16 00:00:00-04:00,93.93050602783742,94.90814685263257,92.97203147653296,93.8250732421875,30200,0.0,0.0
2022-08-17 00:00:00-04:00,93.18289905873165,94.58227105632514,92.59822898481224,94.05510711669922,36100,0.0,0.0
2022-08-18 00:00:00-04:00,94.4385008209848,95.21486290410628,93.97843710972053,94.15096282958984,29000,0.0,0.0
2022-08-19 00:00:00-04:00,94.07427403320123,95.24361409813241,93.67171649652727,94.70686340332031,50500,0.0,0.0
2022-08-22 00:00:00-04:00,94.39057935811041,95.0231687750321,92.59822927043439,93.4512710571289,36900,0.0,0.0
2022-08-23 00:00:00-04:00,93.537518571152,93.9880027351002,91.01673338655263,91.04548645019531,30800,0.0,0.0
2022-08-24 00:00:00-04:00,90.81547196221499,91.32346235040752,90.24038864185702,91.07425689697266,29300,0.0,0.0
2022-08-25 00:00:00-04:00,91.4959930430016,93.05830415539613,91.10302222258771,92.52156066894531,33300,0.0,0.0
2022-08-26 00:00:00-04:00,92.44483727081304,94.81226980716805,90.24035091237295,90.5374755859375,38200,0.0,0.0
2022-08-29 00:00:00-04:00,90.16247349454393,90.16247349454393,87.88340667551572,88.60462951660156,24500,0.31,0.0
2022-08-30 00:00:00-04:00,89.15275966181648,89.3931672784226,87.07564166940182,89.26815795898438,38400,0.0,0.0
2022-08-31 00:00:00-04:00,89.90282701876062,90.07592078995872,87.70069244944064,87.90264129638672,33300,0.0,0.0
2022-09-01 00:00:00-04:00,87.43142931073153,87.77761682227643,86.37363739730318,87.44104766845703,38300,0.0,0.0
2022-09-02 00:00:00-04:00,87.71030890266123,89.28738218969218,86.4217276735794,86.64289855957031,28400,0.0,0.0
2022-09-06 00:00:00-04:00,87.15255176669812,87.18140683859555,85.79665685379847,86.86406707763672,35700,0.0,0.0
2022-09-07 00:00:00-04:00,86.9314040117417,87.31605770272132,85.71012909313083,86.46981811523438,27500,0.0,0.0
2022-09-08 00:00:00-04:00,86.12360833806133,86.12360833806133,83.11370810468743,83.50797271728516,35300,0.0,0.0
2022-09-09 00:00:00-04:00,83.79646352840605,85.72934248044174,83.42142829935304,84.55615234375,76400,0.0,0.0
2022-09-12 00:00:00-04:00,84.63309618014246,85.36393002438966,83.95033945539002,84.5080795288086,38000,0.0,0.0
2022-09-13 00:00:00-04:00,83.20988930427836,83.20988930427836,81.28662822770045,81.61358642578125,38300,0.0,0.0
2022-09-14 00:00:00-04:00,82.20016549807998,82.40210699106306,80.89234763591186,82.17131042480469,40200,0.0,0.0
2022-09-15 00:00:00-04:00,81.60395721740382,82.34440940531802,78.55559057708699,80.31536865234375,34900,0.0,0.0
2022-09-16 00:00:00-04:00,79.95957743632464,81.16161555973103,78.94986247799989,80.94043731689453,84000,0.0,0.0
2022-09-19 00:00:00-04:00,79.83454295814431,81.97898171982413,79.83454295814431,81.65203094482422,44700,0.0,0.0
2022-09-20 00:00:00-04:00,81.56550368188266,82.25787885789677,80.45962707223006,82.24826049804688,36200,0.0,0.0
2022-09-21 00:00:00-04:00,82.65213243490315,85.58510817791046,82.32518161065076,82.66175079345703,52900,0.0,0.0
2022-09-22 00:00:00-04:00,82.01746613599352,83.17141980007221,81.76744015200168,82.55597686767578,46100,0.0,0.0
2022-09-23 00:00:00-04:00,81.93090387861562,82.55596508102494,80.96927351695741,81.91167449951172,40900,0.0,0.0
2022-09-26 00:00:00-04:00,81.89243842828154,83.66183462754468,81.77704015311605,82.34439849853516,32000,0.0,0.0
2022-09-27 00:00:00-04:00,82.89252590629715,84.23880974459536,82.65211834005306,83.7868423461914,32700,0.0,0.0
2022-09-28 00:00:00-04:00,83.76762453807412,86.07553896009215,83.76762453807412,85.05620574951172,35400,0.0,0.0
2022-09-29 00:00:00-04:00,84.17150052586109,85.8062764677792,83.26756567958469,85.58509826660156,46600,0.0,0.0
2022-09-30 00:00:00-04:00,85.59473498719066,87.92187909424655,85.21969966979978,85.33509063720703,30700,0.0,0.0
2022-10-03 00:00:00-04:00,85.48894419205851,87.84493574193515,84.42153385906913,87.13333129882812,19700,0.0,0.0
2022-10-04 00:00:00-04:00,88.27767487842378,90.0086052204244,88.27767487842378,89.18160247802734,31100,0.0,0.0
2022-10-05 00:00:00-04:00,88.14305408377398,89.12391395376147,87.20065297706111,88.35460662841797,24400,0.0,0.0
2022-10-06 00:00:00-04:00,88.09496338572873,88.4315325654835,87.00832365204685,88.16227722167969,22200,0.0,0.0
2022-10-07 00:00:00-04:00,87.12370936814044,87.55644743322499,86.59481707080256,86.85445404052734,23200,0.0,0.0
2022-10-10 00:00:00-04:00,87.23909702761382,89.787418644994,86.61403590083657,89.11427307128906,21400,0.0,0.0
2022-10-11 00:00:00-04:00,88.8161877664989,89.63357217078521,87.25834381704198,88.49884796142578,55400,0.0,0.0
2022-10-12 00:00:00-04:00,89.06621127715594,89.14313613414936,87.72954559326172,87.72954559326172,34100,0.0,0.0
2022-10-13 00:00:00-04:00,86.34478818929263,91.12409210205078,86.34478818929263,91.12409210205078,47500,0.0,0.0
2022-10-14 00:00:00-04:00,91.133703288446,91.65298454785669,88.72962745968756,88.9508056640625,29200,0.0,0.0
2022-10-17 00:00:00-04:00,89.55663944776798,91.3645093545171,89.55663944776798,91.13371276855469,26200,0.0,0.0
2022-10-18 00:00:00-04:00,92.73963398518329,92.90310938509027,91.79723300710896,92.81655883789062,25900,0.0,0.0
2022-10-19 00:00:00-04:00,92.13380711643934,92.85502992301619,91.39335492981654,92.67232513427734,22000,0.0,0.0
2022-10-20 00:00:00-04:00,92.4415145539936,92.4415145539936,90.55672011864735,91.16255187988281,17800,0.0,0.0
2022-10-21 00:00:00-04:00,91.69143827728382,93.79741076702437,90.51824825718464,93.27812957763672,29700,0.0,0.0
2022-10-24 00:00:00-04:00,94.07628703149872,94.23976240957494,92.73962160058115,93.81664276123047,27800,0.0,0.0
2022-10-25 00:00:00-04:00,93.69165663902723,96.2592082236326,93.25892586379108,94.80714416503906,52900,0.0,0.0
2022-10-26 00:00:00-04:00,94.9225306961013,95.88416104334576,93.53778064833895,93.93205261230469,58600,0.0,0.0
2022-10-27 00:00:00-04:00,93.87434906311105,96.75923985665484,93.47045877615585,94.7205810546875,54400,0.0,0.0
2022-10-28 00:00:00-04:00,94.66290366105815,98.12477180697297,94.66290366105815,98.02861022949219,45900,0.0,0.0
2022-10-31 00:00:00-04:00,98.19208804174684,99.90378910732495,97.58626348583742,98.79791259765625,53300,0.0,0.0
2022-11-01 00:00:00-04:00,98.88445452116957,99.6441434077991,97.27853353461916,98.82675170898438,24700,0.0,0.0
2022-11-02 00:00:00-04:00,98.24976544538809,101.90396349978762,97.8747302174003,98.42285919189453,33700,0.0,0.0
2022-11-03 00:00:00-04:00,101.8655050166106,112.44343904808976,101.09619778874914,110.87598419189453,49400,0.0,0.0
2022-11-04 00:00:00-04:00,113.68394262906811,114.03013014650209,107.96223757017586,111.50103759765625,69800,0.0,0.0
2022-11-07 00:00:00-05:00,112.63577630035655,115.54952283874002,111.26064441048945,113.60702514648438,56900,0.0,0.0
2022-11-08 00:00:00-05:00,113.07812569290749,116.21304314167207,111.5106706368544,112.98196411132812,53900,0.0,0.0
2022-11-09 00:00:00-05:00,111.80877827807164,115.77069869518303,109.18353104479326,112.30883026123047,40300,0.0,0.0
2022-11-10 00:00:00-05:00,115.22255313428626,116.00147140311798,114.22245664743714,115.1071548461914,56500,0.0,0.0
2022-11-11 00:00:00-05:00,115.29948907125831,115.30910742974304,111.22217813602586,112.68385314941406,47800,0.0,0.0
2022-11-14 00:00:00-05:00,112.68386309170637,118.93446138653962,112.68386309170637,114.30902099609375,110600,0.0,0.0
2022-11-15 00:00:00-05:00,114.75135645085443,116.19380203901403,111.57797322224025,112.17418670654297,69200,0.0,0.0
2022-11-16 00:00:00-05:00,112.65500124180693,115.20332323327298,111.57797256776843,114.51094818115234,95700,0.0,0.0
2022-11-17 00:00:00-05:00,114.35707943373644,115.63604955972703,112.75115851041991,114.72250366210938,63300,0.0,0.0
2022-11-18 00:00:00-05:00,115.35719424013601,116.82848773561392,112.5011504728396,113.0877456665039,80500,0.0,0.0
2022-11-21 00:00:00-05:00,113.52046694549729,115.38602485518116,113.52046694549729,113.90511322021484,79300,0.0,0.0
2022-11-22 00:00:00-05:00,113.90512600726493,118.13630153406879,113.28007207235129,115.21294403076172,81800,0.0,0.0
2022-11-23 00:00:00-05:00,115.69375902928525,117.5689428401837,115.17447769718991,116.76116943359375,44400,0.0,0.0
2022-11-25 00:00:00-05:00,116.32842871327564,120.97310522827163,116.32842871327564,119.15562438964844,35700,0.0,0.0
2022-11-28 00:00:00-05:00,119.72462715341905,121.19056839465256,117.2846145705353,117.6896743774414,55600,0.36,0.0
2022-11-29 00:00:00-05:00,117.38107223176272,118.1815529286355,115.62580547268833,116.72525787353516,42000,0.0,0.0
2022-11-30 00:00:00-05:00,116.48412789973791,118.88556218161274,115.01819409308457,118.87592315673828,58600,0.0,0.0
2022-12-01 00:00:00-05:00,118.48050025720165,119.82106049398053,115.05677018983026,116.75416564941406,51800,0.0,0.0
2022-12-02 00:00:00-05:00,115.38468422391097,117.8729214195985,115.11464434680406,117.55465698242188,77000,0.0,0.0
2022-12-05 00:00:00-05:00,117.32321272089074,117.95973433182286,112.8193148030203,114.25631713867188,71500,0.0,0.0
2022-12-06 00:00:00-05:00,113.75479206584922,116.41662739634073,112.684271575044,115.90547943115234,42000,0.0,0.0
2022-12-07 00:00:00-05:00,116.05014493205408,117.0627944715624,113.55226135186396,113.75479125976562,59000,0.0,0.0
2022-12-08 00:00:00-05:00,113.50405440411669,113.99590964287009,109.85850101646668,109.8970718383789,71700,0.0,0.0
2022-12-09 00:00:00-05:00,109.82956550197835,113.28223546232314,108.98086758911526,110.13818359375,72300,0.0,0.0
2022-12-12 00:00:00-05:00,110.85186011251464,111.34371532853264,108.82654622807296,109.76204681396484,47900,0.0,0.0
2022-12-13 00:00:00-05:00,111.45945326021254,111.50767782389676,109.09659680039296,110.28284454345703,101500,0.0,0.0
2022-12-14 00:00:00-05:00,111.19904558845124,114.69993213992497,110.25389871004592,112.35636138916016,77100,0.0,0.0
2022-12-15 00:00:00-05:00,111.16048971211355,111.82594311989142,108.0164377668637,109.19304656982422,62800,0.0,0.0
2022-12-16 00:00:00-05:00,109.01942617229777,110.98686891292502,108.3539655423407,109.92599487304688,116000,0.0,0.0
2022-12-19 00:00:00-05:00,109.67524211624179,111.04473421360333,108.97120330109988,109.94528198242188,79600,0.0,0.0
2022-12-20 00:00:00-05:00,110.24425594025497,113.12791386949412,109.41484355794978,113.00253295898438,71000,0.0,0.0
2022-12-21 00:00:00-05:00,114.03447638348167,117.62216582032981,112.35636619329082,115.07606506347656,65100,0.0,0.0
2022-12-22 00:00:00-05:00,114.25630130106056,115.19180185472887,112.66498645725616,114.815673828125,72100,0.0,0.0
2022-12-23 00:00:00-05:00,114.12128580227609,116.20445592622467,113.91875588453354,115.71260070800781,28000,0.0,0.0
2022-12-27 00:00:00-05:00,115.71260063528682,117.85363434637766,115.2593162376566,117.13031005859375,56200,0.0,0.0
2022-12-28 00:00:00-05:00,117.34249114990234,118.64447344944978,115.32683091752753,117.34249114990234,57300,0.0,0.0
2022-12-29 00:00:00-05:00,116.15623777978354,119.06882031926688,116.15623777978354,117.5643081665039,94000,0.0,0.0
2022-12-30 00:00:00-05:00,117.16887836365129,118.8759276594762,116.89883849625254,118.07544708251953,48200,0.0,0.0
2023-01-03 00:00:00-05:00,118.04651502911665,121.23878358855995,117.40998617905781,118.76019287109375,91500,0.0,0.0
2023-01-04 00:00:00-05:00,118.93379212976043,120.51546052891766,117.5064290739667,119.5413818359375,74300,0.0,0.0
2023-01-05 00:00:00-05:00,118.470872434494,119.56068575517986,117.29427108773673,117.75719451904297,75200,0.0,0.0
2023-01-06 00:00:00-05:00,118.2394069648578,120.30329164582378,117.34248456738868,119.21348571777344,42800,0.0,0.0
2023-01-09 00:00:00-05:00,119.10739337640268,119.10739337640268,113.81266191732892,114.03447723388672,58900,0.0,0.0
2023-01-10 00:00:00-05:00,114.09234511433397,117.54500718894458,113.52332622576408,116.62879943847656,49800,0.0,0.0
2023-01-11 00:00:00-05:00,116.42627235977713,118.45157878647396,115.17250738427994,116.21409606933594,49800,0.0,0.0
2023-01-12 00:00:00-05:00,115.74151904933538,118.92414113283981,114.9024603236119,117.63180541992188,44700,0.0,0.0
2023-01-13 00:00:00-05:00,117.11102567451304,119.145978610617,116.31054502309041,118.59625244140625,56200,0.0,0.0
2023-01-17 00:00:00-05:00,118.4998050407816,121.46061204965137,117.57395087128208,118.13331604003906,72300,0.0,0.0
2023-01-18 00:00:00-05:00,118.23940986847084,118.58660611847115,113.5811996459961,113.5811996459961,61200,0.0,0.0
2023-01-19 00:00:00-05:00,112.75179823660615,114.55528216058192,112.22135746012182,113.2147216796875,102500,0.0,0.0
2023-01-20 00:00:00-05:00,114.06341247074884,114.96033486373182,111.68127071204223,112.65534210205078,75600,0.0,0.0
2023-01-23 00:00:00-05:00,112.5299761541319,115.37504887758243,111.34372102846149,115.36540985107422,68600,0.0,0.0
2023-01-24 00:00:00-05:00,115.6933064580899,117.83434750114027,113.89946165759014,117.43892669677734,40600,0.0,0.0
2023-01-25 00:00:00-05:00,117.16889521260967,118.12368862711381,115.75117834686317,117.89221954345703,28600,0.0,0.0
2023-01-26 00:00:00-05:00,119.08810278875498,119.08810278875498,117.27496536859661,117.6993179321289,60800,0.0,0.0
2023-01-27 00:00:00-05:00,117.98866446672112,118.55768344836125,111.71985343197566,111.72949981689453,60600,0.0,0.0
2023-01-30 00:00:00-05:00,111.62339415337911,114.01518953373272,111.62339415337911,112.26956939697266,45500,0.0,0.0
2023-01-31 00:00:00-05:00,113.15684121660155,115.49076556906272,112.69391048450986,114.61312866210938,46900,0.0,0.0
2023-02-01 00:00:00-05:00,113.94768777059181,115.25931640296395,113.01218717976394,114.21772766113281,49600,0.0,0.0
2023-02-02 00:00:00-05:00,114.29489319371858,117.59325044961486,113.1665016204608,117.35214233398438,52900,0.0,0.0
2023-02-03 00:00:00-05:00,117.13993639969173,117.9500632895729,115.75115165020055,117.40033721923828,44000,0.0,0.0
2023-02-06 00:00:00-05:00,117.40034624984952,117.74753510589471,115.96333683567312,117.09172821044922,40400,0.0,0.0
2023-02-07 00:00:00-05:00,116.22375300404445,118.29728417882271,115.02785150536022,118.22976684570312,62800,0.0,0.0
2023-02-08 00:00:00-05:00,118.22976007697619,119.4931714784135,117.48715039356534,117.67039489746094,52200,0.0,0.0
2023-02-09 00:00:00-05:00,117.37141600121232,119.09775081934927,114.26594996338284,114.27558898925781,70800,0.0,0.0
2023-02-10 00:00:00-05:00,114.1405678659398,116.66738328766189,114.1405678659398,116.00192260742188,43000,0.0,0.0
2023-02-13 00:00:00-05:00,114.45882427233636,118.62517146356457,114.45882427233636,117.16887664794922,41500,0.0,0.0
2023-02-14 00:00:00-05:00,117.44857458495909,117.44857458495909,114.69029737716683,115.71260070800781,53500,0.0,0.0
2023-02-15 00:00:00-05:00,115.00856167926459,118.61553673163905,114.17914924119479,118.42265319824219,51600,0.0,0.0
2023-02-16 00:00:00-05:00,118.29728014259089,119.86930228479146,116.08872909299875,119.358154296875,38400,0.0,0.0
2023-02-17 00:00:00-05:00,119.82106725666891,122.2803725723726,119.59925194749269,120.38043975830078,43800,0.0,0.0
2023-02-21 00:00:00-05:00,119.3967248471146,121.4798948441387,116.29125158153695,119.7632064819336,77700,0.0,0.0
2023-02-22 00:00:00-05:00,119.05918002175996,121.35453390430597,117.62217776756832,119.5703353881836,84200,0.0,0.0
2023-02-23 00:00:00-05:00,119.85965354296025,123.54379225320862,119.85965354296025,121.51847839355469,61600,0.0,0.0
2023-02-24 00:00:00-05:00,120.07184647327966,121.46063163043372,119.10741397148625,120.60228729248047,101300,0.0,0.0
2023-02-27 00:00:00-05:00,121.11342377027314,123.20624033329376,118.48052005438228,119.95610046386719,60600,0.0,0.0
2023-02-28 00:00:00-05:00,119.41601756386785,121.51848045656475,119.0109577282744,120.04290008544922,81100,0.0,0.0
2023-03-01 00:00:00-05:00,119.81143160282521,122.22251242801417,118.54802024696257,120.6987075805664,138800,0.0,0.0
2023-03-02 00:00:00-05:00,117.6607701538698,117.6607701538698,103.22321381917881,105.49927520751953,259300,0.0,0.0
2023-03-03 00:00:00-05:00,105.85609885024846,106.81088483502506,102.31662646496312,106.55049133300781,83100,0.0,0.0
2023-03-06 00:00:00-05:00,106.59870456840639,111.26656088539374,106.2611547235292,110.311767578125,116600,0.0,0.0
2023-03-07 00:00:00-05:00,110.26355424836596,115.278599611884,108.73010295916777,112.37565612792969,95400,0.0,0.0
2023-03-08 00:00:00-05:00,111.89343515349857,113.36902279208502,109.82955056581991,111.15082550048828,125600,0.0,0.0
2023-03-09 00:00:00-05:00,111.86450136523624,113.22435445162283,110.42749928630172,110.72647094726562,77100,0.0,0.0
2023-03-10 00:00:00-05:00,110.49502020532266,110.7457746905521,107.26417312430856,107.72709655761719,94200,0.0,0.0
2023-03-13 00:00:00-04:00,106.16934411380763,107.70774622055045,103.67306147610013,104.13748168945312,94700,0.36,0.0
2023-03-14 00:00:00-04:00,104.95990067784376,110.76520473922875,104.95990067784376,107.87222290039062,107700,0.0,0.0
2023-03-15 00:00:00-04:00,106.2080441569545,108.39471095134343,105.40498263271506,107.80450439453125,114200,0.0,0.0
2023-03-16 00:00:00-04:00,107.3497384196585,110.68779249034672,103.18927517952191,109.13003540039062,78900,0.0,0.0
2023-03-17 00:00:00-04:00,108.143152221801,109.31389521345572,106.07259405145084,107.0014419555664,97200,0.0,0.0
2023-03-20 00:00:00-04:00,107.58197531829725,109.18810580034405,105.13407298667288,105.81135559082031,80100,0.0,0.0
2023-03-21 00:00:00-04:00,107.36911671762043,108.96557706246624,106.34351520066008,108.23991394042969,79700,0.0,0.0
2023-03-22 00:00:00-04:00,108.23988840592371,108.6849607966247,104.06007010431304,104.06974029541016,72100,0.0,0.0
2023-03-23 00:00:00-04:00,104.09877909669635,105.50173207889145,103.22798934850944,103.53760528564453,63000,0.0,0.0
2023-03-24 00:00:00-04:00,102.53134262651763,105.37594387375938,102.0765926440728,104.3890380859375,45900,0.0,0.0
2023-03-27 00:00:00-04:00,104.62125728216041,105.96615219994752,104.26326823812396,105.35659790039062,82800,0.0,0.0
2023-03-28 00:00:00-04:00,105.21145974952097,106.31446694332962,104.06974964237199,105.80166625976562,80600,0.0,0.0
2023-03-29 00:00:00-04:00,106.34349814612222,106.62408134563752,104.66963223172887,104.83411407470703,63700,0.0,0.0
2023-03-30 00:00:00-04:00,104.6309434138154,105.42433477827579,102.86032366984497,102.95708465576172,55500,0.0,0.0
2023-03-31 00:00:00-04:00,103.5569384693498,105.74360486971875,103.34407615845214,104.32130432128906,68800,0.0,0.0
2023-04-03 00:00:00-04:00,104.8534681435538,106.614410057238,104.24390650070012,105.99517822265625,49600,0.0,0.0
2023-04-04 00:00:00-04:00,105.60817462549986,106.25643191029674,101.82504733496576,102.61843872070312,65300,0.0,0.0
2023-04-05 00:00:00-04:00,102.42491512329494,103.24733172130004,101.21547677863278,101.50574493408203,66600,0.0,0.0
2023-04-06 00:00:00-04:00,101.5638063592011,102.11531000745019,100.54787508945593,101.02198028564453,33200,0.0,0.0
2023-04-10 00:00:00-04:00,101.09938174746212,103.81820453453082,99.88994323882046,103.12156677246094,63600,0.0,0.0
2023-04-11 00:00:00-04:00,103.04415592882073,104.3890508945287,101.74764145383809,102.92804718017578,38000,0.0,0.0
2023-04-12 00:00:00-04:00,103.0828550723039,103.33442032758099,101.78633326294623,102.77323913574219,45700,0.0,0.0
2023-04-13 00:00:00-04:00,103.29571534010176,105.10503043421254,102.58940007739776,104.51482391357422,31400,0.0,0.0
2023-04-14 00:00:00-04:00,103.74079794152951,105.36628358055873,102.49265652389754,102.79259490966797,25000,0.0,0.0
2023-04-17 00:00:00-04:00,102.54102320264613,104.49547230705247,101.10904496376837,103.90526580810547,49900,0.0,0.0
2023-04-18 00:00:00-04:00,103.58597530739993,105.08568184118633,101.67022906026064,101.74763488769531,25900,0.0,0.0
2023-04-19 00:00:00-04:00,101.08002813155764,102.46362600067167,100.97359695840838,101.67023468017578,26900,0.0,0.0
2023-04-20 00:00:00-04:00,100.56723618083144,103.09254445144946,99.76416721591339,102.32817840576172,42200,0.0,0.0
2023-04-21 00:00:00-04:00,102.1346476826114,102.88933603386997,101.10904632134472,102.14432525634766,38100,0.0,0.0
2023-04-24 00:00:00-04:00,102.2701160755653,102.84097488314733,100.73171385484034,101.55413055419922,29100,0.0,0.0
2023-04-25 00:00:00-04:00,101.18645904869638,101.46704965157757,99.27070531868306,99.54161834716797,33900,0.0,0.0
2023-04-26 00:00:00-04:00,98.71919920973916,100.78008697666866,98.34185501784457,99.58999633789062,37300,0.0,0.0
2023-04-27 00:00:00-04:00,99.68674000526745,100.82845004139172,99.12555886948212,100.71234130859375,21100,0.0,0.0
2023-04-28 00:00:00-04:00,101.41867840011061,102.04758792028444,100.60593924061978,101.7282943725586,30300,0.0,0.0
2023-05-01 00:00:00-04:00,101.19611540913681,104.089097066605,101.19611540913681,101.56378936767578,35400,0.0,0.0
2023-05-02 00:00:00-04:00,101.68958565682898,101.68958565682898,99.00947324014243,100.13182830810547,27100,0.0,0.0
2023-05-03 00:00:00-04:00,100.84781542499371,102.17335519532394,100.13182257279617,100.35436248779297,31800,0.0,0.0
2023-05-04 00:00:00-04:00,96.0681299032667,96.0681299032667,91.38517970109017,91.77220153808594,44100,0.0,0.0
2023-05-05 00:00:00-04:00,91.58834574426382,94.1136460852956,89.64356692028545,93.4557113647461,48800,0.0,0.0
2023-05-08 00:00:00-04:00,93.16545304182804,93.16545304182804,90.82398223876953,90.82398223876953,37800,0.0,0.0
2023-05-09 00:00:00-04:00,90.82398490156908,91.89796674588061,89.63389431831207,91.08522033691406,45000,0.0,0.0
2023-05-10 00:00:00-04:00,92.2559657306002,93.9975600936354,91.09490774312783,93.91047668457031,52500,0.0,0.0
2023-05-11 00:00:00-04:00,93.12675585726481,94.54905658235884,92.66232826836276,94.07495880126953,63400,0.0,0.0
2023-05-12 00:00:00-04:00,94.07494244883858,95.4198371117037,93.12673966965373,95.09086608886719,66100,0.0,0.0
2023-05-15 00:00:00-04:00,95.1198995224239,97.49040298129529,94.27813520356557,95.56497192382812,59500,0.0,0.0
2023-05-16 00:00:00-04:00,95.18763568185761,95.18763568185761,92.69136047363281,92.69136047363281,28300,0.0,0.0
2023-05-17 00:00:00-04:00,93.4266992242426,95.20699646501923,93.11708327565012,94.88770294189453,21500,0.0,0.0
2023-05-18 00:00:00-04:00,94.3942515899292,94.91672989614754,93.54280956229186,94.49101257324219,19400,0.0,0.0
2023-05-19 00:00:00-04:00,95.63270779450741,95.71011362226689,93.7556644532092,94.34587097167969,24900,0.0,0.0
2023-05-22 00:00:00-04:00,94.34587912176342,96.0681183381446,93.23319424253602,95.12959289550781,23400,0.0,0.0
2023-05-23 00:00:00-04:00,94.62646454396018,95.77784489541816,93.69760934521707,94.00723266601562,44500,0.0,0.0
2023-05-24 00:00:00-04:00,94.06528226097912,94.06528226097912,91.13360475793165,93.05902862548828,18700,0.0,0.0
2023-05-25 00:00:00-04:00,92.92357657422852,93.19448960797128,91.162634473074,92.17855834960938,26100,0.0,0.0
2023-05-26 00:00:00-04:00,91.4210062163973,92.56704699385953,91.4210062163973,91.97460174560547,32300,0.36,0.0
2023-05-30 00:00:00-04:00,91.83862969843469,91.83862969843469,91.00337927929667,91.2850341796875,28800,0.0,0.0
2023-05-31 00:00:00-04:00,91.47928086603194,91.53755173737297,88.66273933060913,90.00302124023438,36400,0.0,0.0
2023-06-01 00:00:00-04:00,90.04187773306103,91.55697978054123,88.73073116044728,89.27461242675781,31800,0.0,0.0
2023-06-02 00:00:00-04:00,90.11956736896771,93.94617920158802,89.35230214614239,93.81991577148438,33600,0.0,0.0
2023-06-05 00:00:00-04:00,93.35374003107805,93.60625208795616,91.46956942766911,92.78071594238281,21100,0.0,0.0
2023-06-06 00:00:00-04:00,93.04294949184708,95.51955792326022,92.96525005459283,94.07244110107422,33500,0.0,0.0
2023-06-07 00:00:00-04:00,94.64545701531864,98.14185756529649,94.64545701531864,97.00552368164062,29600,0.0,0.0
2023-06-08 00:00:00-04:00,97.11235542179894,98.05444068349522,95.91775811394812,97.57854461669922,24500,0.0,0.0
2023-06-09 00:00:00-04:00,97.93789043788554,97.93789043788554,95.74293702218858,96.25768280029297,19500,0.0,0.0
2023-06-12 00:00:00-04:00,96.44222031294814,97.03466554403131,95.85948195397542,96.4519271850586,22400,0.0,0.0
2023-06-13 00:00:00-04:00,95.7137929966303,96.93752561631219,95.7137929966303,96.82098388671875,26800,0.0,0.0
2023-06-14 00:00:00-04:00,97.5299794535927,97.64652860338286,95.96631355724718,96.43250274658203,32500,0.0,0.0
2023-06-15 00:00:00-04:00,96.38394654276674,98.55948638916016,95.64582409721584,98.55948638916016,31600,0.0,0.0
2023-06-16 00:00:00-04:00,99.43357912132778,99.43357912132778,97.21919696563596,97.79222106933594,68200,0.0,0.0
2023-06-20 00:00:00-04:00,96.89868666602922,98.676022337995,96.75300948785657,98.13214111328125,32800,0.0,0.0
2023-06-21 00:00:00-04:00,97.47171392665669,100.25912011420417,97.19977330539864,100.03573608398438,34200,0.0,0.0
2023-06-22 00:00:00-04:00,99.22962047186698,100.75443672566337,98.93825869798125,100.4922103881836,35200,0.0,0.0
2023-06-23 00:00:00-04:00,99.23933990958092,100.11344009630125,95.56812653518203,96.42279815673828,76000,0.0,0.0
2023-06-26 00:00:00-04:00,96.72386191376104,99.59868158625626,96.72386191376104,98.25839233398438,34800,0.0,0.0
2023-06-27 00:00:00-04:00,97.81163217196419,99.3947191865803,97.63681215606957,98.15155792236328,22700,0.0,0.0
2023-06-28 00:00:00-04:00,97.86021321339913,99.2587661743164,96.56848772707718,99.2587661743164,44700,0.0,0.0
2023-06-29 00:00:00-04:00,99.17134658444422,101.0943594270432,98.77314253946435,99.94832611083984,30600,0.0,0.0
2023-06-30 00:00:00-04:00,100.75443615048995,100.75443615048995,98.85084441463079,99.06451416015625,69000,0.0,0.0
2023-07-03 00:00:00-04:00,98.51091462941257,99.45299988185869,98.13213915407404,99.32673645019531,15800,0.0,0.0
2023-07-05 00:00:00-04:00,99.35587571031787,99.7540723247161,97.93788703708366,97.94760131835938,26200,0.0,0.0
2023-07-06 00:00:00-04:00,96.88898333124146,97.28717998249391,95.71380712218131,96.26740264892578,21500,0.0,0.0
2023-07-07 00:00:00-04:00,96.0051711578029,97.55912290015355,96.0051711578029,96.6753158569336,17500,0.0,0.0
2023-07-10 00:00:00-04:00,95.9760490732798,97.73395653171515,95.9760490732798,96.92784881591797,24800,0.0,0.0
2023-07-11 00:00:00-04:00,97.42315850664437,98.34582273555213,97.14150357844053,97.93790435791016,25000,0.0,0.0
2023-07-12 00:00:00-04:00,99.20049697838239,99.72495712630877,98.17100524902344,98.17100524902344,21200,0.0,0.0
2023-07-13 00:00:00-04:00,97.18034201517321,99.21991143705026,96.69473165945506,98.02530670166016,30500,0.0,0.0
2023-07-14 00:00:00-04:00,97.48142629337377,99.2587545787664,96.97638736968135,98.92854309082031,14200,0.0,0.0
2023-07-17 00:00:00-04:00,100.0260166309432,101.55083281545065,99.82206117554325,101.03608703613281,16200,0.0,0.0
2023-07-18 00:00:00-04:00,100.45335550625468,102.58033117247382,100.39508463643797,101.49256134033203,17800,0.0,0.0
2023-07-19 00:00:00-04:00,101.75479851313533,102.04616771293534,100.52135137494518,101.68681335449219,19900,0.0,0.0
2023-07-20 00:00:00-04:00,101.11380712947924,102.22099834777586,101.01668652275323,101.98790740966797,31300,0.0,0.0
2023-07-21 00:00:00-04:00,102.48320393790416,102.48320393790416,100.68644714355469,100.68644714355469,20500,0.0,0.0
2023-07-24 00:00:00-04:00,101.18177940490666,102.69688142432932,101.10407996549361,102.39580535888672,18700,0.0,0.0
2023-07-25 00:00:00-04:00,101.84220709607543,104.08572462787401,101.79364309528472,102.0947265625,22300,0.0,0.0
2023-07-26 00:00:00-04:00,102.08501501106088,104.61018751337411,101.72566066114528,102.39580535888672,15500,0.0,0.0
2023-07-27 00:00:00-04:00,102.40552120595132,102.65803327316237,99.42387371381197,100.9583969116211,30900,0.0,0.0
2023-07-28 00:00:00-04:00,101.36633175334259,101.97819827545737,98.86057996021557,98.96741485595703,23500,0.0,0.0
2023-07-31 00:00:00-04:00,98.40406960956626,98.59831076309769,96.6267341564362,97.20946502685547,24800,0.0,0.0
2023-08-01 00:00:00-04:00,97.52997708386332,99.1519138107821,97.35515706833864,98.67601776123047,22200,0.0,0.0
2023-08-02 00:00:00-04:00,98.60803974447984,100.65731608199566,97.84077447694217,99.72494506835938,21300,0.0,0.0
2023-08-03 00:00:00-04:00,98.47207520504084,106.31954095860823,98.47207520504084,102.69688415527344,28400,0.0,0.0
2023-08-04 00:00:00-04:00,103.2601831199813,106.02816059528352,103.2601831199813,104.38680267333984,22800,0.0,0.0
2023-08-07 00:00:00-04:00,104.52276753018022,105.9698842032951,103.978878935254,105.14434814453125,19000,0.0,0.0
2023-08-08 00:00:00-04:00,104.34796470695375,104.46450646019986,103.02710383143585,103.6001205444336,14800,0.0,0.0
2023-08-09 00:00:00-04:00,104.08572376776593,104.08572376776593,101.4440021988266,102.55119323730469,19700,0.0,0.0
2023-08-10 00:00:00-04:00,102.8619878397535,103.29903419059386,100.24940178697982,101.24004364013672,22200,0.0,0.0
2023-08-11 00:00:00-04:00,101.63825071006335,102.76486290190928,101.59940099174783,102.72601318359375,15300,0.0,0.0
2023-08-14 00:00:00-04:00,102.59975584330665,104.46449783962939,102.16270948504621,103.81378173828125,19300,0.0,0.0
2023-08-15 00:00:00-04:00,103.94003933877859,105.06665894310267,102.93968317173373,104.85298919677734,18700,0.0,0.0
2023-08-16 00:00:00-04:00,106.37781463381071,106.37781463381071,103.76522827148438,103.76522827148438,17800,0.0,0.0
2023-08-17 00:00:00-04:00,102.75516445435682,103.3378954572143,101.67710876464844,101.67710876464844,14300,0.0,0.0
2023-08-18 00:00:00-04:00,101.16235571302822,104.44507914272901,101.16235571302822,103.87205505371094,41000,0.0,0.0
2023-08-21 00:00:00-04:00,102.68717039290564,104.00802376030065,102.14328174886833,103.77493286132812,14800,0.0,0.0
2023-08-22 00:00:00-04:00,104.27997907104854,104.27997907104854,102.83285475635869,102.93968963623047,10600,0.0,0.0
2023-08-23 00:00:00-04:00,102.70659240263527,106.21269983772409,101.50228076978122,105.4454345703125,37900,0.0,0.0
2023-08-24 00:00:00-04:00,104.82385093234653,105.87277107155744,103.39615531116934,105.66881561279297,20200,0.0,0.0
2023-08-25 00:00:00-04:00,104.65874284039015,105.51341437361161,104.52277253760096,104.9112548828125,13300,0.0,0.0
2023-08-28 00:00:00-04:00,105.74930072395557,106.63607047977139,104.65790094400184,105.3790054321289,11600,0.36,0.0
2023-08-29 00:00:00-04:00,104.52147582173295,106.22679541007042,104.52147582173295,106.21704864501953,13800,0.0,0.0
2023-08-30 00:00:00-04:00,105.64212184063327,106.84071379822727,105.49595009505737,105.58364868164062,22500,0.0,0.0
2023-08-31 00:00:00-04:00,107.02586524911204,107.94186048181707,105.28156593574494,105.85649871826172,22100,0.0,0.0
2023-09-01 00:00:00-04:00,107.2402509685546,108.16599297967421,105.84676085170257,106.63607788085938,25300,0.0,0.0
2023-09-05 00:00:00-04:00,106.98688305969794,106.98688305969794,104.64815748859733,106.64582061767578,17100,0.0,0.0
2023-09-06 00:00:00-04:00,106.70428625744523,106.89917695713336,105.76879751665568,106.37297058105469,16000,0.0,0.0
2023-09-07 00:00:00-04:00,105.58363911955283,106.0221543165668,103.51777107580014,105.51542663574219,23700,0.0,0.0
2023-09-08 00:00:00-04:00,105.8564897779705,106.27551144841367,105.58363984086391,105.76879119873047,18700,0.0,0.0
2023-09-11 00:00:00-04:00,106.26578099371348,107.65927108998271,106.09037638598016,106.27552032470703,14400,0.0,0.0
2023-09-12 00:00:00-04:00,106.70427820060658,106.70427820060658,104.95997906206986,105.82725524902344,14700,0.0,0.0
2023-09-13 00:00:00-04:00,106.05139611250405,106.05139611250405,103.85884224648872,103.94654083251953,16300,0.0,0.0
2023-09-14 00:00:00-04:00,104.69689462762989,105.34978671717566,104.34608538422528,105.14514923095703,14700,0.0,0.0
2023-09-15 00:00:00-04:00,105.43748010656316,105.43748010656316,103.43007753974335,103.81011962890625,120200,0.0,0.0
2023-09-18 00:00:00-04:00,103.89781188964844,104.33631964687021,103.50802308622738,103.89781188964844,13300,0.0,0.0
2023-09-19 00:00:00-04:00,103.63470330842804,103.63470330842804,102.43611145019531,102.43611145019531,10300,0.0,0.0
2023-09-20 00:00:00-04:00,102.61151279956893,102.66997851726278,100.24355458312957,100.6041030883789,18600,0.0,0.0
2023-09-21 00:00:00-04:00,99.54195935072879,101.19855283668596,97.89510519691387,101.003662109375,35000,0.0,0.0
2023-09-22 00:00:00-04:00,101.46165437178163,101.46165437178163,100.22407531738281,100.22407531738281,10900,0.0,0.0
2023-09-25 00:00:00-04:00,99.44450158382129,101.18879344912955,99.07419883967006,99.10343170166016,19300,0.0,0.0
2023-09-26 00:00:00-04:00,99.18138755396252,99.98045130422693,97.80739104534116,99.78556060791016,17100,0.0,0.0
2023-09-27 00:00:00-04:00,100.61385996563715,101.05236776162168,99.14241063408745,99.68811798095703,21800,0.0,0.0
2023-09-28 00:00:00-04:00,98.95727266088788,100.0681660832858,97.85611856993607,99.05471801757812,25300,0.0,0.0
2023-09-29 00:00:00-04:00,98.06074569398639,98.23615029134746,97.32989444408246,98.18743133544922,16300,0.0,0.0
2023-10-02 00:00:00-04:00,97.3591369872457,97.69045265957622,95.46866599810197,97.27143096923828,19800,0.0,0.0
2023-10-03 00:00:00-04:00,96.64777330077757,96.68675292775694,95.215303606351,95.82921600341797,20900,0.0,0.0
2023-10-04 00:00:00-04:00,96.3651854228403,98.00229273316393,96.3359525585745,97.44684600830078,14400,0.0,0.0
2023-10-05 00:00:00-04:00,97.29090652933844,98.74286957502026,97.29090652933844,97.9340591430664,18000,0.0,0.0
2023-10-06 00:00:00-04:00,97.6807113706157,98.98650290646299,97.15449753688057,98.73313903808594,13100,0.0,0.0
2023-10-09 00:00:00-04:00,98.71365272818598,99.72709333030033,98.47977495729441,99.57118225097656,29200,0.0,0.0
2023-10-10 00:00:00-04:00,99.42500754320174,100.13637273126459,98.8500747680664,98.8500747680664,23800,0.0,0.0
2023-10-11 00:00:00-04:00,99.39577237439136,99.39577237439136,98.401817921873,98.92802429199219,13000,0.0,0.0
2023-10-12 00:00:00-04:00,99.32755100076847,99.32755100076847,97.82686897368811,98.00227355957031,14400,0.0,0.0
2023-10-13 00:00:00-04:00,98.93778156269109,98.93778156269109,96.72574142952857,97.44684600830078,12700,0.0,0.0
2023-10-16 00:00:00-04:00,97.64173672647564,98.03152559742972,96.89139928343764,97.44684600830078,15700,0.0,0.0
2023-10-17 00:00:00-04:00,95.89743939109107,98.14845902959664,95.89743939109107,96.94985961914062,53700,0.0,0.0
2023-10-18 00:00:00-04:00,96.1410583127947,96.77445684092454,95.439439857742,95.78050231933594,10700,0.0,0.0
2023-10-19 00:00:00-04:00,95.06912022336017,95.73175893166736,94.76703744451224,95.14707946777344,25800,0.0,0.0
2023-10-20 00:00:00-04:00,95.44917867847732,96.08258463782292,95.3322472263301,95.38096618652344,19400,0.0,0.0
2023-10-23 00:00:00-04:00,94.48445270179081,95.93640849814402,94.31879486242646,94.99118041992188,17000,0.0,0.0
2023-10-24 00:00:00-04:00,94.17261499543227,94.7962741065594,93.73410723856581,94.59163665771484,16400,0.0,0.0
2023-10-25 00:00:00-04:00,93.90952586806725,94.79628827896804,93.50999024063647,94.35778045654297,19300,0.0,0.0
2023-10-26 00:00:00-04:00,94.78654132985275,94.78654132985275,92.33088414672761,94.50395202636719,47600,0.0,0.0
2023-10-27 00:00:00-04:00,93.71462625341462,93.87054476936817,92.34062964594314,92.61347961425781,15100,0.0,0.0
2023-10-30 00:00:00-04:00,93.5684497865692,94.07517750327004,93.5099840633359,94.02645111083984,13700,0.0,0.0
2023-10-31 00:00:00-04:00,93.78283271564062,96.24823647245947,93.78283271564062,94.63062286376953,17900,0.0,0.0
2023-11-01 00:00:00-04:00,93.99721824054863,95.14709121652066,93.54896368172614,94.71832275390625,23600,0.0,0.0
2023-11-02 00:00:00-04:00,94.20184529875672,96.45287204417878,79.21452607454668,81.3388671875,135400,0.0,0.0
2023-11-03 00:00:00-04:00,80.43261144941933,86.01631044200418,79.63354776985943,83.56065368652344,83200,0.0,0.0
2023-11-06 00:00:00-05:00,83.01497636090264,88.38429260253906,82.82982496132729,88.38429260253906,57900,0.0,0.0
2023-11-07 00:00:00-05:00,87.56572715297293,89.63160274622737,87.00053372161979,89.36849212646484,48800,0.0,0.0
2023-11-08 00:00:00-05:00,88.8227902384442,90.52810982500664,86.13325555166249,86.53279113769531,61700,0.0,0.0
2023-11-09 00:00:00-05:00,86.6302454331684,89.35875259276015,86.6302454331684,87.58522033691406,46500,0.0,0.0
2023-11-10 00:00:00-05:00,87.13695014448516,88.82278350782408,87.10771728618148,87.60469818115234,54600,0.0,0.0
2023-11-13 00:00:00-05:00,87.8385860690837,89.6316118949347,87.67292821579328,89.45620727539062,41500,0.0,0.0
2023-11-14 00:00:00-05:00,91.35641549762927,93.41254448386424,90.49888595394901,92.57450103759766,85900,0.0,0.0
2023-11-15 00:00:00-05:00,92.17496142193636,93.43202653692215,91.60002864056815,91.89237213134766,42200,0.0,0.0
2023-11-16 00:00:00-05:00,91.65849726586175,91.65849726586175,91.04458483731912,91.64875793457031,37900,0.0,0.0
2023-11-17 00:00:00-05:00,92.47705255836539,92.96428675789882,91.99956512451172,91.99956512451172,31200,0.0,0.0
2023-11-20 00:00:00-05:00,92.05801746557755,94.26031780897749,92.05801746557755,94.0167007446289,21500,0.0,0.0
2023-11-21 00:00:00-05:00,93.77309276843249,95.10810965230198,93.77309276843249,94.65010833740234,23700,0.0,0.0
2023-11-22 00:00:00-05:00,95.52712790284758,95.98512920126322,94.64036560058594,94.64036560058594,28100,0.0,0.0
2023-11-24 00:00:00-05:00,95.19580967425807,95.51737855981206,94.59163665771484,94.59163665771484,8400,0.0,0.0
2023-11-27 00:00:00-05:00,94.19036549736501,94.70907684236934,92.89847796129193,93.09422302246094,26900,0.42,0.0
2023-11-28 00:00:00-05:00,92.97679118150857,93.10401989187923,91.27384993902467,91.38150787353516,26400,0.0,0.0
2023-11-29 00:00:00-05:00,91.85127056773092,92.9767804561081,90.8138478278427,91.19554138183594,26900,0.0,0.0
2023-11-30 00:00:00-05:00,92.01765122912484,92.8495547386821,90.10918339794203,92.75167846679688,26600,0.0,0.0
2023-12-01 00:00:00-05:00,92.1840358580216,94.96354873054352,91.77297493253938,94.59164428710938,28200,0.0,0.0
2023-12-04 00:00:00-05:00,93.91634165988481,96.02055466322143,93.91634165988481,95.77587890625,35800,0.0,0.0
2023-12-05 00:00:00-05:00,96.10862425046747,96.12820249043794,93.86740112304688,93.86740112304688,21700,0.0,0.0
2023-12-06 00:00:00-05:00,93.90654236725774,95.93245711686507,93.90654236725774,93.9848403930664,25100,0.0,0.0
2023-12-07 00:00:00-05:00,94.20016403631475,95.22780517620272,93.12359222642485,94.6699447631836,29200,0.0,0.0
2023-12-08 00:00:00-05:00,95.24737745913484,96.21629135668809,93.95548977342668,95.90310668945312,25900,0.0,0.0
2023-12-11 00:00:00-05:00,95.6584322851042,96.7741531445597,95.22780802839729,96.5686264038086,24800,0.0,0.0
2023-12-12 00:00:00-05:00,95.32567171513477,96.9992529143744,95.32567171513477,96.30437469482422,22100,0.0,0.0
2023-12-13 00:00:00-05:00,96.85245840495965,99.8766548831466,96.73501134423468,99.20134735107422,39200,0.0,0.0
2023-12-14 00:00:00-05:00,100.58130494591109,100.58130494591109,97.62562514427722,98.20305633544922,32100,0.0,0.0
2023-12-15 00:00:00-05:00,98.8881510646682,99.61238918696544,96.95031585787031,97.08733367919922,66100,0.0,0.0
2023-12-18 00:00:00-05:00,97.08733398960209,97.90944838711518,96.32394684921145,96.96989440917969,26700,0.0,0.0
2023-12-19 00:00:00-05:00,97.18520897819388,102.10808377681025,97.18520897819388,100.99236297607422,39900,0.0,0.0
2023-12-20 00:00:00-05:00,100.39535169529505,103.27273332783177,99.14261309787621,99.87664031982422,34200,0.0,0.0
2023-12-21 00:00:00-05:00,100.41491519563884,101.12937159202474,97.9485871939807,98.03666687011719,52700,0.0,0.0
2023-12-22 00:00:00-05:00,98.11497787445256,99.43622545967885,97.8213639813305,98.30093383789062,33400,0.0,0.0
2023-12-26 00:00:00-05:00,97.3809594551864,99.63197959518672,97.3809594551864,98.96646118164062,24300,0.0,0.0
2023-12-27 00:00:00-05:00,98.97624328288977,99.68091072004707,98.35966300883322,99.0741195678711,24500,0.0,0.0
2023-12-28 00:00:00-05:00,99.4558089537703,99.72005549800566,98.16392119625017,98.22264099121094,25800,0.0,0.0
2023-12-29 00:00:00-05:00,96.60777130220957,98.1639129399948,96.33373565955839,96.74478912353516,42100,0.0,0.0
2024-01-02 00:00:00-05:00,97.0384083585441,97.7724356419417,95.9618365029433,97.00904846191406,40600,0.0,0.0
2024-01-03 00:00:00-05:00,97.64519195360252,98.40858654179915,96.72521624003559,97.5766830444336,38900,0.0,0.0
2024-01-04 00:00:00-05:00,98.19325983965066,98.79026918223454,96.41202093124427,96.82307434082031,29900,0.0,0.0
2024-01-05 00:00:00-05:00,96.02054886828999,97.07754986667432,95.2375835064695,96.20650482177734,36100,0.0,0.0
2024-01-08 00:00:00-05:00,95.98139132741952,97.47880554199219,95.96182055522247,97.47880554199219,35100,0.0,0.0
2024-01-09 00:00:00-05:00,96.76437997969275,100.94343900875678,96.54906409899354,98.4966812133789,52100,0.0,0.0
2024-01-10 00:00:00-05:00,97.81157615847106,99.65153503417969,97.81157615847106,99.65153503417969,37200,0.0,0.0
2024-01-11 00:00:00-05:00,98.8979539058389,100.77706211639868,98.56519096008078,100.42472839355469,57100,0.0,0.0
2024-01-12 00:00:00-05:00,100.51279796781586,102.86168672790696,100.33663112413625,102.17659759521484,42000,0.0,0.0
2024-01-16 00:00:00-05:00,101.59915076480517,106.15012097186724,100.87491267314817,105.50418090820312,46600,0.0,0.0
2024-01-17 00:00:00-05:00,104.75058043988673,106.72756467276206,103.18465714007691,103.7131576538086,57400,0.0,0.0
2024-01-18 00:00:00-05:00,105.5824797419405,105.5824797419405,102.2842553236078,104.00676727294922,36200,0.0,0.0
2024-01-19 00:00:00-05:00,104.76036816943169,104.76036816943169,102.98891816006842,103.73272705078125,19500,0.0,0.0
2024-01-22 00:00:00-05:00,104.02634520304889,105.68035570120892,103.69358229245938,104.5842056274414,23100,0.0,0.0
2024-01-23 00:00:00-05:00,104.4863360685993,105.1714251929672,103.27273895270264,103.56635284423828,26300,0.0,0.0
2024-01-24 00:00:00-05:00,104.45697585871154,105.33780259684684,103.34124755437811,104.48633575439453,21400,0.0,0.0
2024-01-25 00:00:00-05:00,105.59225131266021,105.59225131266021,103.09655602475111,103.69356536865234,27200,0.0,0.0
2024-01-26 00:00:00-05:00,104.52546877589556,104.5743994389091,103.57612580389163,103.69356536865234,15500,0.0,0.0
2024-01-29 00:00:00-05:00,103.1259296509008,105.04418648332471,102.95954447919301,104.17314147949219,23400,0.0,0.0
2024-01-30 00:00:00-05:00,103.35105057470336,105.64121981582473,103.01829508966271,105.4161148071289,19400,0.0,0.0
2024-01-31 00:00:00-05:00,105.87608361047117,105.99353065054109,104.47653811734229,104.95610046386719,42400,0.0,0.0
2024-02-01 00:00:00-05:00,104.66249833711714,105.4846052504383,104.222077519057,105.12248992919922,18900,0.0,0.0
2024-02-02 00:00:00-05:00,104.32973006432745,105.17141517518527,102.72465786848477,104.17314147949219,30200,0.0,0.0
2024-02-05 00:00:00-05:00,103.77187519903732,105.68035047959708,102.01021432495654,105.34758758544922,35200,0.0,0.0
2024-02-06 00:00:00-05:00,104.71142914269554,105.88587719214884,103.948042017352,104.6624984741211,23300,0.0,0.0
2024-02-07 00:00:00-05:00,104.17315350935755,105.69992785563839,103.6544420951422,104.90718078613281,22500,0.0,0.0
2024-02-08 00:00:00-05:00,104.79950924761987,106.94286354000933,103.96761326867077,106.14032745361328,25200,0.0,0.0
2024-02-09 00:00:00-05:00,107.11904857203906,108.62625220356925,106.45353018236226,107.81393432617188,22500,0.0,0.0
2024-02-12 00:00:00-05:00,107.07010374010171,110.13344127168683,107.07010374010171,109.3994140625,30700,0.0,0.0
2024-02-13 00:00:00-05:00,107.59861608603585,108.87092557537773,103.43912810886054,103.50763702392578,42000,0.0,0.0
2024-02-14 00:00:00-05:00,104.2025051364192,106.41437591230759,103.302100207088,106.40458679199219,36400,0.0,0.0
2024-02-15 00:00:00-05:00,106.65905832582114,110.15302780594956,106.65905832582114,109.38963317871094,24500,0.0,0.0
2024-02-16 00:00:00-05:00,109.23304987540816,111.28832482216481,108.98837410872494,109.9964370727539,28200,0.0,0.0
2024-02-20 00:00:00-05:00,109.0568705629432,110.72066259950515,108.58708985915142,108.81219482421875,21100,0.0,0.0
2024-02-21 00:00:00-05:00,108.29348876398923,109.40920958993946,107.72583923024996,108.27391052246094,18500,0.0,0.0
2024-02-22 00:00:00-05:00,107.81391841359964,109.9083420876256,107.81391841359964,109.31133270263672,31800,0.0,0.0
2024-02-23 00:00:00-05:00,109.00793792834902,110.8870533714146,108.8317710889026,109.64409637451172,18300,0.0,0.0
2024-02-26 00:00:00-05:00,109.02752504808358,112.82489032581431,109.02752504808358,112.36489868164062,25700,0.0,0.0
2024-02-27 00:00:00-05:00,111.6797974214667,114.63547712970579,111.57213949652945,113.92102813720703,43000,0.0,0.0
2024-02-28 00:00:00-05:00,113.36316942597087,116.44608534607178,113.14785357289107,115.49674224853516,34900,0.0,0.0
2024-02-29 00:00:00-05:00,116.95500499013313,131.1853396121931,115.9958727934761,129.71728515625,61400,0.0,0.0
2024-03-01 00:00:00-05:00,132.12490145487376,132.12490145487376,124.77484003135272,127.7696762084961,48000,0.0,0.0
2024-03-04 00:00:00-05:00,129.05178045230494,138.86817052064453,129.05178045230494,136.02993774414062,65500,0.0,0.0
2024-03-05 00:00:00-05:00,136.44098876057305,137.38053527726368,132.97637177899202,133.0938262939453,28600,0.0,0.0
2024-03-06 00:00:00-05:00,132.66317960175496,136.77372874913286,132.15424991796274,135.14907836914062,44100,0.0,0.0
2024-03-07 00:00:00-05:00,135.20779769110086,138.94644988285197,132.62402267010683,136.303955078125,40300,0.0,0.0
2024-03-08 00:00:00-05:00,137.40010126034954,140.69832529597545,136.32352208329178,138.310302734375,42100,0.0,0.0
2024-03-11 00:00:00-04:00,136.5630337669857,138.32014278037695,135.5716024933911,137.642822265625,28300,0.42,0.0
2024-03-12 00:00:00-04:00,136.30779716728446,138.16305895842757,133.56908308639223,137.99618530273438,29700,0.0,0.0
2024-03-13 00:00:00-04:00,136.9752968340753,139.43917349485395,136.83787058442397,139.37045288085938,37900,0.0,0.0
2024-03-14 00:00:00-04:00,139.8612744096795,140.2048475508696,138.13362784832765,138.6636962890625,30400,0.0,0.0
2024-03-15 00:00:00-04:00,137.6330116332854,139.76312623944298,137.61337503010094,139.16433715820312,60800,0.0,0.0
2024-03-18 00:00:00-04:00,138.52627740454128,139.94963908382977,137.46612548828125,137.46612548828125,16100,0.0,0.0
2024-03-19 00:00:00-04:00,137.86855962733148,139.2330111609568,137.35811290891206,137.41702270507812,14500,0.0,0.0
2024-03-20 00:00:00-04:00,137.22072070475863,138.3397674560547,136.11149974442844,138.3397674560547,19800,0.0,0.0
2024-03-21 00:00:00-04:00,139.88090830356876,140.3717185081427,138.84039306640625,138.84039306640625,19200,0.0,0.0
2024-03-22 00:00:00-04:00,140.2637522614224,142.0895669855517,139.77294201276766,140.32264709472656,24000,0.0,0.0
2024-03-25 00:00:00-04:00,140.6171223218384,140.77418518066406,136.9262350094671,140.77418518066406,22700,0.0,0.0
2024-03-26 00:00:00-04:00,141.85394487559574,143.20858568948958,140.9606817816308,142.3153076171875,22700,0.0,0.0
2024-03-27 00:00:00-04:00,143.35583173096626,146.2516237947668,140.93124320581995,143.3067626953125,35500,0.0,0.0
2024-03-28 00:00:00-04:00,144.05279252260178,148.1559585714625,143.7092193940745,146.83078002929688,74800,0.0,0.0
2024-04-01 00:00:00-04:00,147.94001792976562,149.18666506056914,143.7779420175012,146.8602294921875,34700,0.0,0.0
2024-04-02 00:00:00-04:00,145.6135583539981,148.13632982975645,145.6135583539981,146.9485626220703,29800,0.0,0.0
2024-04-03 00:00:00-04:00,146.28106437213378,150.27625128830553,145.52521253132497,147.7633056640625,25800,0.0,0.0
2024-04-04 00:00:00-04:00,148.06762512224176,148.23449880138503,142.91411775838284,143.6994171142578,32100,0.0,0.0
2024-04-05 00:00:00-04:00,145.80008051637216,147.7044265372678,144.51416015625,144.51416015625,22900,0.0,0.0
2024-04-08 00:00:00-04:00,144.61230319935703,145.96692896639252,144.50432437214133,145.0245819091797,13000,0.0,0.0
2024-04-09 00:00:00-04:00,143.38530442071607,145.04423037742404,143.0711786912765,143.23805236816406,31500,0.0,0.0
2024-04-10 00:00:00-04:00,141.25515584343432,142.87483833305907,140.96068173471818,142.74722290039062,38800,0.0,0.0
2024-04-11 00:00:00-04:00,143.88593127554847,143.88593127554847,139.2330448236762,142.4527587890625,30100,0.0,0.0
2024-04-12 00:00:00-04:00,141.25517164632652,142.72760226798388,139.1054355205114,140.8036346435547,26900,0.0,0.0
2024-04-15 00:00:00-04:00,141.7950658699353,142.63926002548575,139.1839519727283,140.8036346435547,24100,0.0,0.0
2024-04-16 00:00:00-04:00,139.7729242999493,140.99013895456318,139.29192492502017,139.635498046875,19000,0.0,0.0
2024-04-17 00:00:00-04:00,139.06614335426482,140.30297951561124,137.71150257397818,138.8011016845703,33900,0.0,0.0
2024-04-18 00:00:00-04:00,135.99368562580403,141.64782879910513,135.99368562580403,140.8036346435547,33500,0.0,0.0
2024-04-19 00:00:00-04:00,139.94961457408084,143.35582326454534,139.94961457408084,142.97299194335938,24500,0.0,0.0
2024-04-22 00:00:00-04:00,142.37420682905872,145.80006719115926,141.7557962031431,144.54359436035156,30200,0.0,0.0
2024-04-23 00:00:00-04:00,145.95711720988467,147.04671628533006,145.26016024267665,146.3105010986328,12400,0.0,0.0
2024-04-24 00:00:00-04:00,146.28106199057504,146.28106199057504,144.16075853776348,145.56446838378906,23200,0.0,0.0
2024-04-25 00:00:00-04:00,144.96569867986221,146.9191287381006,144.31784057617188,144.31784057617188,25400,0.0,0.0
2024-04-26 00:00:00-04:00,143.5128773643631,147.00744305320347,141.8932099453416,146.9583740234375,21600,0.0,0.0
2024-04-29 00:00:00-04:00,147.19399194839164,148.21488566298322,145.5546875,145.5546875,16100,0.0,0.0
2024-04-30 00:00:00-04:00,144.89699708589959,146.73262255792307,142.3153304761505,142.42330932617188,22100,0.0,0.0
2024-05-01 00:00:00-04:00,143.1398893255838,146.91911875734056,141.27480163841383,146.7816925048828,23600,0.0,0.0
2024-05-02 00:00:00-04:00,153.49596346745997,159.99430012126354,144.96568055558427,150.77688598632812,28500,0.0,0.0
2024-05-03 00:00:00-04:00,153.53525215770557,153.53525215770557,144.12151600621027,150.99285888671875,28100,0.0,0.0
2024-05-06 00:00:00-04:00,152.49474204133784,159.81762216929027,152.49474204133784,157.7954864501953,44000,0.0,0.0
2024-05-07 00:00:00-04:00,157.79546200578537,160.8384909036081,157.3537358698658,158.7476348876953,37400,0.0,0.0
2024-05-08 00:00:00-04:00,158.7476334257737,160.2691478606733,157.70711832192944,158.72799682617188,36600,0.0,0.0
2024-05-09 00:00:00-04:00,159.98447814678212,161.89863480606857,157.97215346257326,161.0151824951172,23100,0.0,0.0
2024-05-10 00:00:00-04:00,161.0152010936818,162.13424780670346,161.0152010936818,161.712158203125,28100,0.0,0.0
2024-05-13 00:00:00-04:00,162.96861285824016,163.37106581365285,161.1624200511261,161.67286682128906,39600,0.0,0.0
2024-05-14 00:00:00-04:00,163.2631164702184,164.58829505854465,161.92811209149346,164.2643585205078,22200,0.0,0.0
2024-05-15 00:00:00-04:00,164.2741917766396,168.51478442167956,164.2741917766396,166.97364807128906,40700,0.0,0.0
2024-05-16 00:00:00-04:00,169.19209551384597,170.61544212148715,167.00308617993326,167.92581176757812,43300,0.0,0.0
2024-05-17 00:00:00-04:00,168.83871225620388,168.83871225620388,166.20797671995408,167.5037078857422,40200,0.0,0.0
2024-05-20 00:00:00-04:00,168.83870765270873,175.23887681115318,166.8951034678507,171.3418426513672,59800,0.0,0.0
2024-05-21 00:00:00-04:00,171.68540484922897,171.68540484922897,168.88779564929342,169.01539611816406,44600,0.0,0.0
2024-05-22 00:00:00-04:00,169.67306772338438,172.99093401282965,166.46316528320312,166.46316528320312,38700,0.0,0.0
2024-05-23 00:00:00-04:00,167.95523282342896,168.89757988710235,166.20794995529536,167.120849609375,51700,0.0,0.0
2024-05-24 00:00:00-04:00,167.10119954687056,169.61052511617268,167.10119954687056,169.09881591796875,28600,0.42,0.0
2024-05-28 00:00:00-04:00,169.4333782215036,170.7913692727483,167.3176810178052,167.74082946777344,29100,0.0,0.0
2024-05-29 00:00:00-04:00,165.4676655180476,168.99055916679566,164.72962951660156,164.72962951660156,36800,0.0,0.0
2024-05-30 00:00:00-04:00,166.28440040000345,167.76047216533937,165.33972287880042,166.29425048828125,30000,0.0,0.0
2024-05-31 00:00:00-04:00,167.4751516848724,173.17278368404538,165.85146328016728,173.16294860839844,65800,0.0,0.0
2024-06-03 00:00:00-04:00,173.16291287042037,178.7818180586202,171.047215858508,177.0105438232422,79400,0.0,0.0
2024-06-04 00:00:00-04:00,176.77437359931255,181.8126943115565,175.4951082578937,177.66986083984375,73200,0.0,0.0
2024-06-05 00:00:00-04:00,178.47678393370117,183.53479013749967,177.1188078814967,183.21005249023438,42400,0.0,0.0
2024-06-06 00:00:00-04:00,183.72176421930305,184.11539244057764,175.81002466395014,177.4730682373047,45100,0.0,0.0
2024-06-07 00:00:00-04:00,176.18394285910597,176.74485741230825,173.8320687991792,174.05841064453125,26300,0.0,0.0
2024-06-10 00:00:00-04:00,173.9403226229199,174.27491036143508,170.54535995673737,171.25387573242188,31700,0.0,0.0
2024-06-11 00:00:00-04:00,170.4174311964747,170.4174311964747,168.40997981534628,168.96104431152344,43200,0.0,0.0
2024-06-12 00:00:00-04:00,172.20838882400082,172.84801397633802,168.81342644740366,169.4136962890625,42300,0.0,0.0
2024-06-13 00:00:00-04:00,170.4469553444235,170.4469553444235,165.66448161370602,168.7937469482422,38700,0.0,0.0
2024-06-14 00:00:00-04:00,166.71742894933422,170.5552255865274,164.97565959079745,170.38792419433594,58900,0.0,0.0
2024-06-17 00:00:00-04:00,170.15174886456413,172.25761105301987,167.4849720903279,169.5022735595703,24800,0.0,0.0
2024-06-18 00:00:00-04:00,169.52195753264172,170.69297708527813,168.47886902822378,169.08897399902344,33000,0.0,0.0
2024-06-20 00:00:00-04:00,168.70519733926005,174.08794128608255,168.70519733926005,171.97222900390625,23700,0.0,0.0
2024-06-21 00:00:00-04:00,170.8012249768339,172.49377378619775,170.3977616780022,171.1062774658203,49600,0.0,0.0
2024-06-24 00:00:00-04:00,170.64377717277006,173.00548650348253,169.29562112418327,169.33499145507812,26900,0.0,0.0
2024-06-25 00:00:00-04:00,169.38418869388002,172.24775699006744,168.39029059436064,172.13951110839844,17200,0.0,0.0
2024-06-26 00:00:00-04:00,171.322751639189,172.01158219121425,168.7051805261131,169.63018798828125,30900,0.0,0.0
2024-06-27 00:00:00-04:00,170.63391520605668,171.4113215256136,168.59694367778434,171.11610412597656,28000,0.0,0.0
2024-06-28 00:00:00-04:00,172.20841554727238,172.89724620638503,167.68178833244835,169.47276306152344,60200,0.0,0.0
2024-07-01 00:00:00-04:00,168.9610432259069,168.9610432259069,163.6963952909012,164.77883911132812,30600,0.0,0.0
2024-07-02 00:00:00-04:00,165.55623013444054,170.5059900505805,164.06047306762864,169.63018798828125,67200,0.0,0.0
2024-07-03 00:00:00-04:00,170.05333245698725,172.53313762099418,168.87247786020612,169.68923950195312,50800,0.0,0.0
2024-07-05 00:00:00-04:00,169.68921210401894,169.71873233801855,165.6742951109049,167.80967712402344,37400,0.0,0.0
2024-07-08 00:00:00-04:00,168.80358191222064,171.42115311216065,168.74454143657061,169.2267303466797,23300,0.0,0.0
2024-07-09 00:00:00-04:00,169.22674119377743,169.22674119377743,166.19587145463422,166.4910888671875,22700,0.0,0.0
2024-07-10 00:00:00-04:00,166.5403009235615,167.0421600341797,163.88335911984336,167.0421600341797,39200,0.0,0.0
2024-07-11 00:00:00-04:00,169.45306312590395,173.54670642237446,169.45306312590395,171.5097198486328,44700,0.0,0.0
2024-07-12 00:00:00-04:00,172.99563582124875,176.0068202016298,172.99563582124875,173.64511108398438,23600,0.0,0.0
2024-07-15 00:00:00-04:00,174.55045134570713,178.8802568446815,174.55045134570713,176.83343505859375,40300,0.0,0.0
2024-07-16 00:00:00-04:00,178.83103887022918,183.39702099049575,178.83103887022918,180.7794647216797,66400,0.0,0.0
2024-07-17 00:00:00-04:00,178.87041089866608,181.77334952373732,174.4815501693433,175.8001708984375,65400,0.0,0.0
2024-07-18 00:00:00-04:00,176.51854394605857,179.09674503114525,174.79645985922062,175.59353637695312,29100,0.0,0.0
2024-07-19 00:00:00-04:00,176.9121432630554,176.9121432630554,173.43845512198453,175.03260803222656,34800,0.0,0.0
2024-07-22 00:00:00-04:00,175.0129518006031,180.10047842022095,173.80256188732324,178.2799835205078,66700,0.0,0.0
2024-07-23 00:00:00-04:00,176.8826091120152,181.8422038956492,176.8826091120152,180.0807647705078,61000,0.0,0.0
2024-07-24 00:00:00-04:00,180.05123839027627,180.2578800325452,176.31185351411546,176.9318084716797,41900,0.0,0.0
2024-07-25 00:00:00-04:00,177.74858426642584,179.40177759879504,175.2786143263586,175.76080322265625,52100,0.0,0.0
2024-07-26 00:00:00-04:00,178.02412544183423,180.9467491728269,176.21348074425876,178.11268615722656,98500,0.0,0.0
2024-07-29 00:00:00-04:00,179.02783465137574,179.51985862174556,175.43606567382812,175.43606567382812,78300,0.0,0.0
2024-07-30 00:00:00-04:00,177.31560180374566,177.31560180374566,175.54431249775433,177.04006958007812,69600,0.0,0.0
2024-07-31 00:00:00-04:00,178.24060662883565,179.04751812462885,169.45305079297114,172.01158142089844,142100,0.0,0.0
2024-08-01 00:00:00-04:00,175.13102281076817,175.13102281076817,147.64655451193244,149.89019775390625,113900,0.0,0.0
2024-08-02 00:00:00-04:00,145.3832503192572,153.3245095104048,144.36968212654466,150.83486938476562,115500,0.0,0.0
2024-08-05 00:00:00-04:00,144.5173001072998,152.03542675870054,131.40977261237026,151.8779754638672,96000,0.0,0.0
2024-08-06 00:00:00-04:00,151.1104148607888,155.2040583174051,150.2444477792865,152.26174926757812,58600,0.0,0.0
2024-08-07 00:00:00-04:00,152.59632876507894,156.7588475516091,151.5827455228999,152.4880828857422,40600,0.0,0.0
2024-08-08 00:00:00-04:00,152.7340982578611,156.5325241775487,152.7340982578611,154.48570251464844,30000,0.0,0.0
2024-08-09 00:00:00-04:00,154.9285180274609,154.9285180274609,150.9332855884743,151.29737854003906,31500,0.0,0.0
2024-08-12 00:00:00-04:00,150.6085530072397,153.44260110460138,150.25429511814684,152.73410034179688,27400,0.0,0.0
2024-08-13 00:00:00-04:00,154.42663955926454,156.16840865732598,151.5532213103958,155.9912872314453,46600,0.0,0.0
2024-08-14 00:00:00-04:00,155.5090985398909,155.8731914816263,152.58647488576466,155.1253204345703,47900,0.0,0.0
2024-08-15 00:00:00-04:00,157.63465018862365,158.9040654911148,154.92851821152178,158.40220642089844,29300,0.0,0.0
2024-08-16 00:00:00-04:00,157.6936812527879,158.91390609516372,155.79447594960624,157.1327667236328,56800,0.0,0.0
2024-08-19 00:00:00-04:00,157.70353565981702,158.1857246116044,155.91257601031552,157.7232208251953,15800,0.0,0.0
2024-08-20 00:00:00-04:00,158.33331248944148,158.33331248944148,154.7612285660344,156.07984924316406,32600,0.0,0.0
2024-08-21 00:00:00-04:00,157.95939292776885,160.1439807410482,155.51894301854966,159.73068237304688,46700,0.0,0.0
2024-08-22 00:00:00-04:00,159.73069280755504,160.54743950683377,156.82773893644872,157.86099243164062,17900,0.0,0.0
2024-08-23 00:00:00-04:00,158.57934327853303,162.81075305743417,158.57934327853303,160.87217712402344,47200,0.0,0.0
2024-08-26 00:00:00-04:00,160.97058473030455,162.6729836832677,159.74052464557187,161.77749633789062,57500,0.0,0.0
2024-08-27 00:00:00-04:00,161.77748246871118,161.77748246871118,158.40342033774934,161.32366943359375,20100,0.42,0.0
2024-08-28 00:00:00-04:00,159.9227561894372,162.00441627866218,158.16666550417708,160.534423828125,33300,0.0,0.0
2024-08-29 00:00:00-04:00,162.05372548202772,163.40533447265625,160.5541523017362,163.40533447265625,24000,0.0,0.0
2024-08-30 00:00:00-04:00,164.81612535251585,166.33544921875,161.95508282558262,166.33544921875,24800,0.0,0.0
2024-09-03 00:00:00-04:00,165.85202782045388,166.19733281008476,159.34066982913143,160.68240356445312,32400,0.0,0.0
2024-09-04 00:00:00-04:00,160.38643269444628,162.5371445897301,159.439320402738,161.3730010986328,27900,0.0,0.0
2024-09-05 00:00:00-04:00,162.1918552179227,163.38560972543098,160.48509592968745,161.47166442871094,23400,0.0,0.0
2024-09-06 00:00:00-04:00,161.5604377097409,162.17212036171594,156.13431144441253,156.27243041992188,18100,0.0,0.0
2024-09-09 00:00:00-04:00,157.6339058849262,158.373832223122,155.96660279424395,157.8509521484375,39700,0.0,0.0
2024-09-10 00:00:00-04:00,158.97566617088103,158.97566617088103,155.82850987740846,156.7164306640625,18400,0.0,0.0
2024-09-11 00:00:00-04:00,155.27599996415805,155.87780729066162,153.806007627921,154.23023986816406,19000,0.0,0.0
2024-09-12 00:00:00-04:00,155.87782176753285,160.71200135777457,155.52265650818737,159.57745361328125,39100,0.0,0.0
2024-09-13 00:00:00-04:00,161.38288996935538,163.32643127441406,161.38288996935538,163.32643127441406,25100,0.0,0.0
2024-09-16 00:00:00-04:00,162.96138086761846,165.25022705929837,162.76407017443526,163.95782470703125,28400,0.0,0.0
2024-09-17 00:00:00-04:00,165.74350960937224,167.6771905118382,162.9515189208011,164.31298828125,27300,0.0,0.0
2024-09-18 00:00:00-04:00,163.8591473294502,167.7166335131747,162.77393108608047,164.95423889160156,24100,0.0,0.0
2024-09-19 00:00:00-04:00,168.071800698001,168.071800698001,160.5245581240143,165.44752502441406,28500,0.0,0.0
2024-09-20 00:00:00-04:00,166.3156982724838,166.3156982724838,163.0008279341466,164.78651428222656,95400,0.0,0.0
2024-09-23 00:00:00-04:00,165.96056184582204,166.34532297622215,163.52373633534103,165.09237670898438,27700,0.0,0.0
2024-09-24 00:00:00-04:00,164.6089465549611,164.6089465549611,162.5963385522118,163.56317138671875,20600,0.0,0.0
2024-09-25 00:00:00-04:00,163.03043581408528,165.6448361762548,163.03043581408528,163.9972686767578,37300,0.0,0.0
2024-09-26 00:00:00-04:00,165.87175493321365,169.69963020454315,163.9578097706291,167.20361328125,41700,0.0,0.0
2024-09-27 00:00:00-04:00,167.71662386407726,167.85474283451765,164.70758730751282,165.6349639892578,37000,0.0,0.0
2024-09-30 00:00:00-04:00,165.67443911739124,173.3696763416842,165.67443911739124,172.96519470214844,85600,0.0,0.0
2024-10-01 00:00:00-04:00,172.70866042991122,175.36253181507996,170.27183529545925,174.1194610595703,37100,0.0,0.0
2024-10-02 00:00:00-04:00,174.1391865920747,174.1391865920747,165.49685264246727,166.00987243652344,28800,0.0,0.0
2024-10-03 00:00:00-04:00,166.64128043149728,169.9956071385337,166.63140511254397,169.64044189453125,31500,0.0,0.0
2024-10-04 00:00:00-04:00,170.44943339038974,175.5993218453489,170.44943339038974,173.89254760742188,29300,0.0,0.0
2024-10-07 00:00:00-04:00,173.01449795803347,179.48638434571112,171.76156691093027,178.253173828125,79400,0.0,0.0
2024-10-08 00:00:00-04:00,178.96350835783846,180.12766694089387,176.51682285041716,180.03887939453125,33900,0.0,0.0
2024-10-09 00:00:00-04:00,179.53573642637343,184.70536093005774,179.53573642637343,181.23263549804688,46000,0.0,0.0
2024-10-10 00:00:00-04:00,180.29538298144868,182.49542639454663,178.1347956823863,181.93309020996094,57200,0.0,0.0
2024-10-11 00:00:00-04:00,181.04517331250355,186.86593627929688,181.04517331250355,186.86593627929688,31200,0.0,0.0
2024-10-14 00:00:00-04:00,187.84262183690723,190.3978454950173,187.43814022413846,189.63818359375,30300,0.0,0.0
2024-10-15 00:00:00-04:00,190.7036841008727,193.3970117501327,188.5233612060547,188.5233612060547,54400,0.0,0.0
2024-10-16 00:00:00-04:00,189.80589937940618,193.36741200886593,189.80589937940618,189.88482666015625,25300,0.0,0.0
2024-10-17 00:00:00-04:00,189.4803295959484,195.36028404191828,189.32247503477777,193.68312072753906,39500,0.0,0.0
2024-10-18 00:00:00-04:00,193.87056562290923,194.78808213275101,192.22299807594973,194.6006317138672,38300,0.0,0.0
2024-10-21 00:00:00-04:00,193.002391607055,194.74860693308088,189.3718118658212,189.6184539794922,34600,0.0,0.0
2024-10-22 00:00:00-04:00,188.68119460248195,188.96729279675247,187.01389170300146,187.04348754882812,24900,0.0,0.0
2024-10-23 00:00:00-04:00,185.3367474360232,187.2408172962515,184.31072288379855,187.23095703125,16900,0.0,0.0
2024-10-24 00:00:00-04:00,186.629142723954,187.49732773458933,183.36360372327678,186.20492553710938,35900,0.0,0.0
2024-10-25 00:00:00-04:00,188.66147320398807,188.66147320398807,185.79057056610307,186.74752807617188,21400,0.0,0.0
2024-10-28 00:00:00-04:00,187.95116339863753,189.87498405645567,186.24440407345173,189.72698974609375,52200,0.0,0.0
2024-10-29 00:00:00-04:00,188.97721423427404,194.4526728560602,188.97721423427404,193.53515625,32300,0.0,0.0
2024-10-30 00:00:00-04:00,191.77905536668914,195.28137664840438,191.6705322265625,191.6705322265625,26300,0.0,0.0
2024-10-31 00:00:00-04:00,191.39429141673426,193.35756817590718,164.66815402718527,179.69358825683594,59700,0.0,0.0
2024-11-01 00:00:00-04:00,186.16546898792836,188.66148603564392,180.79853405322535,183.6595916748047,61400,0.0,0.0
2024-11-04 00:00:00-05:00,183.53134220142618,189.25344267901832,182.52503808701266,184.52777099609375,44500,0.0,0.0
2024-11-05 00:00:00-05:00,183.89636905928768,188.38525890813398,183.89636905928768,185.6721954345703,27100,0.0,0.0
2024-11-06 00:00:00-05:00,193.57460284477165,205.58113911491537,190.70368503276057,199.80970764160156,56100,0.0,0.0
2024-11-07 00:00:00-05:00,198.60606937649152,200.1451135725407,194.54141264807055,196.9387664794922,32300,0.0,0.0
2024-11-08 00:00:00-05:00,197.46168042702504,201.39809418480272,197.46168042702504,200.973876953125,23700,0.0,0.0
2024-11-11 00:00:00-05:00,204.58470211512252,204.9694632224911,200.5101845047426,201.5362091064453,25600,0.0,0.0
2024-11-12 00:00:00-05:00,202.04921057809503,202.04921057809503,197.86615515829564,198.39891052246094,21000,0.0,0.0
2024-11-13 00:00:00-05:00,199.02045737058188,199.18817220750356,194.99525612293982,196.1890106201172,30200,0.0,0.0
2024-11-14 00:00:00-05:00,196.08048462962222,196.08048462962222,186.20493960300465,186.7080841064453,33000,0.0,0.0
2024-11-15 00:00:00-05:00,188.14848152709348,189.22383755784392,183.53133321066943,183.75823974609375,21100,0.0,0.0
2024-11-18 00:00:00-05:00,183.88649678695975,184.98158839239633,181.7259094259221,184.1134033203125,21200,0.0,0.0
2024-11-19 00:00:00-05:00,181.98241198909457,188.69106500340578,181.83441769817247,188.01034545898438,22100,0.0,0.0
2024-11-20 00:00:00-05:00,186.7179358655691,190.03280639648438,186.50088960640255,190.03280639648438,24900,0.0,0.0
2024-11-21 00:00:00-05:00,192.06513486830286,192.06513486830286,186.0372162082402,186.83633422851562,41000,0.0,0.0
2024-11-22 00:00:00-05:00,188.45430455030555,193.39700693471093,188.45430455030555,191.23641967773438,35400,0.0,0.0
2024-11-25 00:00:00-05:00,191.66065050039842,195.34054647909628,190.75300936362294,191.6409149169922,46800,0.0,0.0
2024-11-26 00:00:00-05:00,193.19374806112242,197.47639422408366,191.8090503009642,197.12033081054688,30700,0.49,0.0
2024-11-27 00:00:00-05:00,198.96988395947795,198.96988395947795,192.0167694091797,192.0167694091797,25100,0.0,0.0
2024-11-29 00:00:00-05:00,194.25204571997236,194.55866805117142,190.86945070305836,192.89703369140625,15500,0.0,0.0
2024-12-02 00:00:00-05:00,192.15524842909434,193.45091915122075,190.73099462733651,192.4717559814453,27700,0.0,0.0
2024-12-03 00:00:00-05:00,192.67944238879048,192.67944238879048,187.3385059588491,189.5441131591797,27800,0.0,0.0
2024-12-04 00:00:00-05:00,189.5144465970414,192.936612744486,188.0209662337199,191.03759765625,31800,0.0,0.0
2024-12-05 00:00:00-05:00,189.67268338778754,189.67268338778754,184.17349356105265,185.24166870117188,33500,0.0,0.0
2024-12-06 00:00:00-05:00,185.4295883548852,187.34837362432924,182.79869137442404,183.33277893066406,21900,0.0,0.0
2024-12-09 00:00:00-05:00,183.43171876541075,183.43171876541075,180.43484255076177,180.54364013671875,23200,0.0,0.0
2024-12-10 00:00:00-05:00,179.9996416397935,186.83405780985896,179.9996416397935,184.40097045898438,68300,0.0,0.0
2024-12-11 00:00:00-05:00,186.26041059275428,186.79449814203556,183.38223272608846,185.56805419921875,48400,0.0,0.0
2024-12-12 00:00:00-05:00,186.1417271727449,188.19898083710854,185.29113205278603,186.923095703125,22600,0.0,0.0
2024-12-13 00:00:00-05:00,187.47696654211015,195.27077570755674,185.63730805315743,191.6409149169922,39000,0.0,0.0
2024-12-16 00:00:00-05:00,191.0079188408751,205.9131115122454,189.95951405233654,201.69969177246094,79800,0.0,0.0
2024-12-17 00:00:00-05:00,200.20619456038594,208.39563760733282,197.0411949684103,204.29103088378906,91400,0.0,0.0
2024-12-18 00:00:00-05:00,204.2910626444225,204.4097454313515,186.50770568847656,186.50770568847656,44700,0.0,0.0
2024-12-19 00:00:00-05:00,187.25937728751492,189.32651619303195,185.0339846142878,187.8824920654297,27400,0.0,0.0
2024-12-20 00:00:00-05:00,185.07354719586522,187.13080097468296,181.68106682002343,182.5316619873047,60900,0.0,0.0
2024-12-23 00:00:00-05:00,182.53165313127204,183.39213345817745,181.49313354492188,181.49313354492188,18500,0.0,0.0
2024-12-24 00:00:00-05:00,181.44368556050338,188.19899068575333,180.99861002963226,186.6659393310547,16300,0.0,0.0
2024-12-26 00:00:00-05:00,184.91529830955778,188.39679058135508,182.8976005394908,187.04177856445312,13900,0.0,0.0
2024-12-27 00:00:00-05:00,185.34058822519765,187.76379051462692,182.97672732451943,184.79660034179688,24300,0.0,0.0
2024-12-30 00:00:00-05:00,182.7591356415698,187.091238205575,179.99965536887836,183.3921356201172,24600,0.0,0.0
2024-12-31 00:00:00-05:00,184.69770347517778,188.03084228077708,182.62066431273976,185.1526641845703,75600,0.0,0.0
2025-01-02 00:00:00-05:00,185.35046399824435,187.11099553722204,180.58318654417604,181.15684509277344,25200,0.0,0.0
2025-01-03 00:00:00-05:00,181.98765622326624,184.52955627441406,179.0798075623847,184.52955627441406,29400,0.0,0.0
2025-01-06 00:00:00-05:00,184.13391611784152,185.84499143240333,181.740384699092,182.02720642089844,32500,0.0,0.0
2025-01-07 00:00:00-05:00,181.8986660294782,183.45148782650892,176.50827314703693,179.2380828857422,47500,0.0,0.0
2025-01-08 00:00:00-05:00,177.8632758131952,182.947061164983,177.8632758131952,182.03712463378906,32100,0.0,0.0
2025-01-10 00:00:00-05:00,179.42599711124382,182.62066770481374,174.5004504555524,176.8939971923828,29400,0.0,0.0
2025-01-13 00:00:00-05:00,175.30160736923915,178.0314169967686,175.06422671348912,177.25994873046875,38000,0.0,0.0
2025-01-14 00:00:00-05:00,178.15009115226874,181.4931302056309,176.7159522698432,180.7711181640625,28900,0.0,0.0
2025-01-15 00:00:00-05:00,183.4811451629173,185.9439184520991,178.85233571365194,181.1964111328125,43500,0.0,0.0
2025-01-16 00:00:00-05:00,181.25575731159248,183.48115001144805,180.82058208304747,180.9194793701172,37800,0.0,0.0
2025-01-17 00:00:00-05:00,182.867907046041,182.9767046092147,180.464490548533,180.75131225585938,31400,0.0,0.0
2025-01-21 00:00:00-05:00,182.55142368564827,187.00220861270518,182.55142368564827,183.91632080078125,22700,0.0,0.0
2025-01-22 00:00:00-05:00,183.91634681372395,185.9933861102216,180.96894193755156,182.06680297851562,46000,0.0,0.0
2025-01-23 00:00:00-05:00,181.06785329015787,185.9043729637805,181.06785329015787,185.8450164794922,30200,0.0,0.0
2025-01-24 00:00:00-05:00,184.29220047566267,186.61649060401786,183.1745539112056,186.39891052246094,31500,0.0,0.0
2025-01-27 00:00:00-05:00,184.43065249391236,185.91424758658056,180.00953791040834,180.95904541015625,31800,0.0,0.0
2025-01-28 00:00:00-05:00,180.78099966750636,184.60867003989924,180.44472174728722,184.064697265625,22900,0.0,0.0
2025-01-29 00:00:00-05:00,184.5196668473299,185.19223781207302,182.02722283525117,182.9767303466797,14000,0.0,0.0
2025-01-30 00:00:00-05:00,183.85699871323044,185.7559986703892,182.94706217700292,185.23179626464844,22500,0.0,0.0
2025-01-31 00:00:00-05:00,184.8460631515965,184.88561904821103,181.3249997684062,181.572265625,30100,0.0,0.0
2025-02-03 00:00:00-05:00,178.73365454004195,183.11519817963523,178.25889323951455,180.43482971191406,30000,0.0,0.0
2025-02-04 00:00:00-05:00,179.5842588485514,184.96475136894585,179.5842588485514,184.1932830810547,23100,0.0,0.0
2025-02-05 00:00:00-05:00,183.1053223352159,185.25158822249372,181.17663652357732,184.1932830810547,16300,0.0,0.0
2025-02-06 00:00:00-05:00,185.89445042380882,189.43529896707008,185.68675557534232,188.41656494140625,38700,0.0,0.0
2025-02-07 00:00:00-05:00,188.91110396224533,188.91110396224533,184.08446987976754,185.9636993408203,19300,0.0,0.0
2025-02-10 00:00:00-05:00,187.84291676165228,189.7518169475101,186.2109682088788,188.5748291015625,26400,0.0,0.0
2025-02-11 00:00:00-05:00,187.02197830650542,189.4748661898821,185.18231993992714,187.45716857910156,14500,0.0,0.0
2025-02-12 00:00:00-05:00,186.4681223910992,188.95066610261523,185.94391999421296,186.9329833984375,24200,0.0,0.0
2025-02-13 00:00:00-05:00,187.0318919530534,193.84653806520586,185.35047212670878,190.16722106933594,58700,0.0,0.0
2025-02-14 00:00:00-05:00,191.37387688120359,195.20154729342892,190.16721836253396,194.41029357910156,39100,0.0,0.0
2025-02-18 00:00:00-05:00,195.84442618166514,196.01256513814533,186.0625903696559,187.1208953857422,44100,0.0,0.0
2025-02-19 00:00:00-05:00,186.82418876093996,189.03969625436292,185.8252401400371,187.3582763671875,26500,0.0,0.0
2025-02-20 00:00:00-05:00,208.04950520970712,211.66946600975263,195.45871647582726,208.6627197265625,107800,0.0,0.0
2025-02-21 00:00:00-05:00,211.19470304552877,211.19470304552877,198.79185485839844,198.79185485839844,60300,0.0,0.0
2025-02-24 00:00:00-05:00,199.89961609494554,199.89961609494554,193.52015980939078,196.30931091308594,51700,0.0,0.0
2025-02-25 00:00:00-05:00,197.44673968644386,199.2369421011287,190.86945874431035,193.40145874023438,64000,0.0,0.0
2025-02-26 00:00:00-05:00,192.32336950027113,195.92355956755333,189.34629418621967,192.4618377685547,62900,0.0,0.0
2025-02-27 00:00:00-05:00,193.02562675668418,195.77522194364502,187.68467506510117,188.09019470214844,52900,0.0,0.0
2025-02-28 00:00:00-05:00,187.08134389092743,191.1463952384728,185.8450145892641,191.03759765625,37700,0.0,0.0
2025-03-03 00:00:00-05:00,191.03757922157146,191.45299910772445,186.41865520730192,188.3671112060547,32700,0.0,0.0
2025-03-04 00:00:00-05:00,185.17413445341353,193.672264561087,185.17413445341353,191.46096801757812,53200,0.49,0.0
2025-03-05 00:00:00-05:00,190.42967928993292,191.26264713281967,186.95902785889638,187.2961883544922,39800,0.0,0.0
2025-03-06 00:00:00-05:00,185.72942999802123,185.84841891609202,182.4967565026012,183.7263641357422,31000,0.0,0.0
2025-03-07 00:00:00-05:00,183.68670076042454,185.22369134273086,180.85068229405894,184.49981689453125,24700,0.0,0.0
2025-03-10 00:00:00-04:00,181.98112851556786,182.45709932063892,171.876572605083,172.818603515625,38000,0.0,0.0
2025-03-11 00:00:00-04:00,174.14735000786212,183.3792794491931,167.95968463031653,179.1054229736328,78900,0.0,0.0
2025-03-12 00:00:00-04:00,182.20920386521712,183.42888572792467,173.16568250708158,182.4571075439453,78400,0.0,0.0
2025-03-13 00:00:00-04:00,181.70346874236145,188.52576705124875,175.2777950990131,176.19007873535156,61500,0.0,0.0
2025-03-14 00:00:00-04:00,174.80183904923595,176.2297666458792,168.56458921013228,170.8849639892578,58400,0.0,0.0
2025-03-17 00:00:00-04:00,170.815527422018,175.01997881922463,170.815527422018,173.205322265625,38000,0.0,0.0
2025-03-18 00:00:00-04:00,172.56078542973768,177.2808657111679,170.04207574838568,175.5157928466797,52800,0.0,0.0
2025-03-19 00:00:00-04:00,175.84302813613112,178.014666645949,174.47459507387026,177.5981903076172,27500,0.0,0.0
2025-03-20 00:00:00-04:00,176.71566261133725,178.11382784100985,174.22670002684265,176.3487548828125,30100,0.0,0.0
2025-03-21 00:00:00-04:00,175.64471517077308,179.49216988533723,172.99710575981442,174.44485473632812,63100,0.0,0.0
2025-03-24 00:00:00-04:00,177.310606316997,180.97957735453016,174.99023175676032,178.62945556640625,23800,0.0,0.0
2025-03-25 00:00:00-04:00,178.60961867355442,179.28392447624765,175.0596365548047,177.5882568359375,26300,0.0,0.0
2025-03-26 00:00:00-04:00,176.99331070075985,176.99331070075985,174.8910772780687,175.66453552246094,32500,0.0,0.0
2025-03-27 00:00:00-04:00,176.43798578318913,177.1122916070015,174.0283694687323,174.6332550048828,43200,0.0,0.0
2025-03-28 00:00:00-04:00,174.99023276655913,175.962010855107,171.48983437713383,171.9459686279297,26500,0.0,0.0
2025-03-31 00:00:00-04:00,170.55771562180226,173.47306504231838,168.55464984123705,171.74765014648438,39600,0.0,0.0
2025-04-01 00:00:00-04:00,170.87503286849199,176.2594928122758,170.79570188584358,176.00167846679688,39700,0.0,0.0
2025-04-02 00:00:00-04:00,173.9986413993645,177.6477764166953,173.562328488414,175.1389923095703,33200,0.0,0.0
2025-04-03 00:00:00-04:00,167.69195833469072,168.55465826027904,161.1968791857156,166.21444702148438,37900,0.0,0.0
2025-04-04 00:00:00-04:00,160.70106956929305,168.47532488151373,160.4630917343477,164.38987731933594,34700,0.0,0.0
2025-04-07 00:00:00-04:00,159.86812228485275,169.39754010584645,156.4768018447887,160.37384033203125,50600,0.0,0.0
2025-04-08 00:00:00-04:00,165.98638434146858,167.3349809412509,156.02065356146616,159.1343231201172,43200,0.0,0.0
2025-04-09 00:00:00-04:00,158.88640997668517,172.6301895309084,156.96267514874955,169.16946411132812,46400,0.0,0.0
2025-04-10 00:00:00-04:00,164.69726632661025,169.04054314401031,160.39366256673094,165.6988067626953,30200,0.0,0.0
2025-04-11 00:00:00-04:00,166.8590036617266,168.57449279292558,162.67438857134098,166.49209594726562,18300,0.0,0.0
2025-04-14 00:00:00-04:00,166.59126682181716,168.18776706742648,164.3402972537207,167.09698486328125,53300,0.0,0.0
2025-04-15 00:00:00-04:00,166.1450398176569,168.41583073843756,164.47911931572207,165.4310760498047,60300,0.0,0.0
2025-04-16 00:00:00-04:00,165.46082034983027,165.79796569789178,160.79030871205597,163.6858367919922,50400,0.0,0.0
2025-04-17 00:00:00-04:00,162.66446847301495,165.33191443272807,160.92914275076112,161.37538146972656,60000,0.0,0.0
2025-04-21 00:00:00-04:00,160.116015720959,162.87270318541093,158.79716644567486,159.6598663330078,40300,0.0,0.0
2025-04-22 00:00:00-04:00,161.9802599167542,164.17171983063082,159.4516395208021,161.28611755371094,65500,0.0,0.0
2025-04-23 00:00:00-04:00,164.14197676150835,166.59126623144977,161.1373854917297,162.87271118164062,87500,0.0,0.0
2025-04-24 00:00:00-04:00,163.65608584625437,165.83765032312934,159.92761996631853,160.99856567382812,72500,0.0,0.0
2025-04-25 00:00:00-04:00,160.99856899514944,163.2098656177746,157.05194658610924,162.6644744873047,79300,0.0,0.0
2025-04-28 00:00:00-04:00,162.24798212285518,162.24798212285518,159.00541315289416,159.5210418701172,43200,0.0,0.0
2025-04-29 00:00:00-04:00,160.0664355586434,161.395195562985,158.8070807120134,161.32579040527344,69600,0.0,0.0
2025-04-30 00:00:00-04:00,160.77049962269487,161.7819357443197,156.78420420602566,160.83990478515625,66600,0.0,0.0
2025-05-01 00:00:00-04:00,162.02983245751176,167.3250663415431,151.29065880164876,165.05426025390625,72800,0.0,0.0
2025-05-02 00:00:00-04:00,165.03443776984412,166.94826213077917,163.8048451472642,165.23277282714844,44600,0.0,0.0
2025-05-05 00:00:00-04:00,164.31055710857348,170.0321783155011,162.78347708776343,168.22743225097656,63400,0.0,0.0
2025-05-06 00:00:00-04:00,166.55161130906936,174.58368128318025,165.6393124719052,174.28619384765625,72700,0.0,0.0
2025-05-07 00:00:00-04:00,174.38536028512286,178.08407884847637,173.35408766333882,176.60658264160156,70000,0.0,0.0
2025-05-08 00:00:00-04:00,178.98644628296404,187.14743070510363,177.90558993404167,183.8651885986328,86900,0.0,0.0
2025-05-09 00:00:00-04:00,184.44033111735462,185.68976017137004,181.8918741181453,185.43194580078125,60200,0.0,0.0
2025-05-12 00:00:00-04:00,190.41976184649516,190.41976184649516,183.45862270041968,186.0665740966797,52600,0.0,0.0
2025-05-13 00:00:00-04:00,188.0398915816206,190.25118802225012,187.1871023743927,188.38694763183594,88600,0.0,0.0
2025-05-14 00:00:00-04:00,187.77214890104864,188.97200927343565,176.05125658936285,185.50135803222656,80100,0.0,0.0
2025-05-15 00:00:00-04:00,185.38235547538622,191.59978355692473,185.38235547538622,190.70733642578125,72900,0.0,0.0
2025-05-16 00:00:00-04:00,190.09252608522615,194.48538686908643,188.17871706641697,193.79124450683594,73500,0.0,0.0
2025-05-19 00:00:00-04:00,192.09559982771543,192.4525817229666,189.89421399547308,191.59979248046875,64600,0.0,0.0
2025-05-20 00:00:00-04:00,191.62954598221125,191.81795520126528,187.2466107048131,189.6463165283203,62900,0.0,0.0
2025-05-21 00:00:00-04:00,187.65316514732245,188.24812486939044,184.80722076228537,185.84841918945312,51600,0.0,0.0
2025-05-22 00:00:00-04:00,185.42201740895604,187.57381925097636,185.13444070493154,186.86976623535156,50200,0.0,0.0
2025-05-23 00:00:00-04:00,183.9048614501953,185.0749594858683,182.5661756072308,183.9048614501953,43000,0.0,0.0
2025-05-27 00:00:00-04:00,185.08800419230235,190.3375981812004,184.4318011509597,189.33340454101562,87200,0.49,0.0
2025-05-28 00:00:00-04:00,189.29365461342837,189.99957281343282,186.867702720576,187.1858673095703,129400,0.0,0.0
2025-05-29 00:00:00-04:00,187.51396812244639,189.06498256044532,187.07649939974462,188.41871643066406,72000,0.0,0.0
2025-05-30 00:00:00-04:00,187.4642498373257,190.43702240288314,187.4642498373257,188.9556121826172,85100,0.0,0.0
2025-06-02 00:00:00-04:00,189.0550294161442,190.13876426278534,187.60344521237414,189.43284606933594,102900,0.0,0.0
2025-06-03 00:00:00-04:00,189.24392365954142,190.3276432546116,182.62227162185252,185.82373046875,118900,0.0,0.0
2025-06-04 00:00:00-04:00,185.63484031185206,188.50819768910767,185.63484031185206,187.88182067871094,102800,0.0,0.0
2025-06-05 00:00:00-04:00,188.05084987815022,190.96398556612584,185.29679648234116,186.79811096191406,172500,0.0,0.0
2025-06-06 00:00:00-04:00,189.14450417504975,190.26798672859994,186.59923324861967,187.99118041992188,186000,0.0,0.0
2025-06-09 00:00:00-04:00,190.36743257438476,190.84466427499441,185.72432631292688,187.6829833984375,114400,0.0,0.0
2025-06-10 00:00:00-04:00,187.37476083488286,189.20416156430537,184.23295403592593,185.11782836914062,114800,0.0,0.0
2025-06-11 00:00:00-04:00,185.01841204911648,187.29523376386913,171.51660956724797,183.0995330810547,155800,0.0,0.0
2025-06-12 00:00:00-04:00,182.74160167872103,183.79549530449214,180.20628266769452,183.72589111328125,162500,0.0,0.0
2025-06-13 00:00:00-04:00,181.56837250628803,183.15916492761647,179.63954162597656,179.63954162597656,104400,0.0,0.0
2025-06-16 00:00:00-04:00,180.03724841714535,182.23451358488535,180.03724841714535,181.74734497070312,97900,0.0,0.0
2025-06-17 00:00:00-04:00,180.09691041151655,183.78555316863716,180.09691041151655,182.33395385742188,96600,0.0,0.0
2025-06-18 00:00:00-04:00,181.76724069153147,184.69029799622288,180.61391689541233,181.2005157470703,324600,0.0,0.0
2025-06-20 00:00:00-04:00,182.80124941120454,182.80124941120454,176.64689187617165,178.81434631347656,138400,0.0,0.0
2025-06-23 00:00:00-04:00,178.76463694257933,182.07546318419654,178.2675161586294,181.78712463378906,105700,0.0,0.0
2025-06-24 00:00:00-04:00,183.3381334711198,186.94723510742188,181.94620138680264,186.94723510742188,114900,0.0,0.0
2025-06-25 00:00:00-04:00,186.9571841362463,188.33917935597776,181.7473678519547,183.83526611328125,241700,0.0,0.0
2025-06-26 00:00:00-04:00,185.90327351174054,185.90327351174054,182.24447203265694,184.93885803222656,307100,0.0,0.0
2025-06-27 00:00:00-04:00,185.11782844680147,187.40458694499964,183.93467862720337,185.95298767089844,171600,0.0,0.0
2025-06-30 00:00:00-04:00,186.06235957942508,186.9273448570484,183.5966448294103,186.29103088378906,85300,0.0,0.0
2025-07-01 00:00:00-04:00,185.1377286488561,192.38574298856844,184.76984895327092,190.84466552734375,189400,0.0,0.0
2025-07-02 00:00:00-04:00,190.9739194851922,195.59713664225424,189.00532545641528,194.3245086669922,151300,0.0,0.0
2025-07-03 00:00:00-04:00,194.4239257807351,195.81585779390676,192.81324425586942,195.10995483398438,106200,0.0,0.0
2025-07-07 00:00:00-04:00,194.2250955015857,197.35695035829812,193.05188256775503,194.58302307128906,171400,0.0,0.0
2025-07-08 00:00:00-04:00,195.57726984255905,196.06443851226467,192.3857476634783,193.9964141845703,163500,0.0,0.0
2025-07-09 00:00:00-04:00,193.74785585173802,195.54743072145325,191.29207788461375,193.94671630859375,158700,0.0,0.0
2025-07-10 00:00:00-04:00,194.2648579610888,196.94930714110876,193.5788288567779,195.50765991210938,141500,0.0,0.0
2025-07-11 00:00:00-04:00,195.22926701313483,197.10838289391205,192.9623975433376,195.74627685546875,129500,0.0,0.0
2025-07-14 00:00:00-04:00,195.86558431368772,203.4118739972395,195.81586920226636,201.6719512939453,361100,0.0,0.0
2025-07-15 00:00:00-04:00,201.3935606915837,201.3935606915837,187.7426288137362,188.2298126220703,219400,0.0,0.0
2025-07-16 00:00:00-04:00,188.97548592752338,190.63586738337395,177.14400317904438,179.28163146972656,137000,0.0,0.0
2025-07-17 00:00:00-04:00,180.1565584195684,182.31406067386268,176.74631732530622,178.47628784179688,92700,0.0,0.0
2025-07-18 00:00:00-04:00,179.9577112194455,179.9577112194455,175.0362188363024,176.23924255371094,68700,0.0,0.0
2025-07-21 00:00:00-04:00,176.50770793139148,177.65107968940006,174.0519299949761,174.17123413085938,53600,0.0,0.0
2025-07-22 00:00:00-04:00,173.7536444838882,176.13983326067455,172.20263012298406,173.58462524414062,61500,0.0,0.0
2025-07-23 00:00:00-04:00,173.5846163797063,175.98074198790732,173.5846163797063,175.94097900390625,48900,0.0,0.0
2025-07-24 00:00:00-04:00,176.01058391695562,178.9734195475884,174.668351729136,178.35699462890625,53300,0.0,0.0
2025-07-25 00:00:00-04:00,179.25179662182927,179.25179662182927,175.6228211491575,176.22930908203125,54500,0.0,0.0
2025-07-28 00:00:00-04:00,176.14977442844767,178.864049624963,175.44387142031604,175.99069213867188,65200,0.0,0.0
2025-07-29 00:00:00-04:00,177.2732659817221,177.2732659817221,172.9681983812741,173.63433837890625,51500,0.0,0.0
2025-07-30 00:00:00-04:00,174.45956140016085,176.1199429244467,170.05506356071373,172.09326171875,62400,0.0,0.0
2025-07-31 00:00:00-04:00,173.56475426047245,182.55269117629044,166.85362381363507,175.64271545410156,177700,0.0,0.0
2025-08-01 00:00:00-04:00,174.539106594694,174.539106594694,166.9530387370557,169.18014526367188,101800,0.0,0.0
2025-08-04 00:00:00-04:00,169.25968864482863,176.90539349805582,168.30521007197268,176.1199493408203,87000,0.0,0.0
2025-08-05 00:00:00-04:00,176.50769359345395,185.51551922306916,173.43549097663686,184.50140380859375,124100,0.0,0.0
2025-08-06 00:00:00-04:00,185.23713849949368,188.1204480619676,181.98596442269042,187.7823944091797,105400,0.0,0.0
2025-08-07 00:00:00-04:00,188.90589056948917,192.03774531845673,185.0382916272981,186.07229614257812,75500,0.0,0.0
2025-08-08 00:00:00-04:00,187.11626062348364,187.7923527806269,183.13929433957998,185.3465118408203,57100,0.0,0.0
2025-08-11 00:00:00-04:00,185.46580657063848,185.72431907537475,182.72170543541608,184.36219787597656,55600,0.0,0.0
2025-08-12 00:00:00-04:00,184.56105463530014,189.3930689356873,181.05138335139512,189.25387573242188,63100,0.0,0.0
2025-08-13 00:00:00-04:00,189.25388945942905,192.5647005465914,185.66467677462143,192.02781677246094,57400,0.0,0.0
2025-08-14 00:00:00-04:00,190.30777424256922,190.30777424256922,183.88496730569497,184.18324279785156,66100,0.0,0.0
2025-08-15 00:00:00-04:00,184.1335264420593,184.55110605988574,182.69187927246094,182.69187927246094,73400,0.0,0.0
2025-08-18 00:00:00-04:00,183.0100557607265,186.55949032889515,183.0100557607265,185.2073211669922,39000,0.0,0.0
2025-08-19 00:00:00-04:00,185.6547184604298,187.8122207810694,184.78973317558533,187.1659698486328,43900,0.0,0.0
2025-08-20 00:00:00-04:00,187.47418491527785,189.0450883904414,185.58513203184893,188.6970977783203,100900,0.0,0.0
2025-08-21 00:00:00-04:00,187.9017158997273,193.6285417632602,186.24133433258893,190.23817443847656,133800,0.0,0.0
2025-08-22 00:00:00-04:00,189.41294639096964,200.33966615022328,189.40300943730784,196.01470947265625,64800,0.0,0.0
2025-08-25 00:00:00-04:00,195.46788665367487,197.4961326559568,194.39410400390625,194.39410400390625,119200,0.0,0.0
2025-08-26 00:00:00-04:00,193.77612902323602,196.56700265320563,193.76615189449416,195.4805450439453,94100,0.49,0.0
2025-08-27 00:00:00-04:00,194.53365175067967,200.2649040336158,194.53365175067967,199.73663330078125,76700,0.0,0.0
2025-08-28 00:00:00-04:00,199.9559164681289,199.9559164681289,195.0320207873509,195.36094665527344,119000,0.0,0.0
2025-08-29 00:00:00-04:00,196.2081713945179,196.2081713945179,191.8723486022292,193.12823486328125,114000,0.0,0.0
2025-09-02 00:00:00-04:00,191.0849419702538,195.20146588661953,191.00520098277673,192.8890380859375,34300,0.0,0.0
2025-09-03 00:00:00-04:00,192.02185246974759,194.20471433860422,190.93541009955234,193.7063446044922,109800,0.0,0.0
2025-09-04 00:00:00-04:00,194.4638765700994,196.10849061104983,192.95879023747085,196.03871154785156,81600,0.0,0.0
2025-09-05 00:00:00-04:00,196.9756586818461,198.2415221282469,192.8989977033626,193.606689453125,66100,0.0,0.0
2025-09-08 00:00:00-04:00,193.6066843478972,194.30439895029707,189.93867510964998,192.2710418701172,46000,0.0,0.0
2025-09-09 00:00:00-04:00,191.6929482299537,196.59690475227825,191.05502034831366,196.06863403320312,100200,0.0,0.0
2025-09-10 00:00:00-04:00,195.38087616903036,196.98562733231432,190.9354114180761,192.61990356445312,47000,0.0,0.0
2025-09-11 00:00:00-04:00,192.80928738716867,198.0321925270277,191.76270789167316,197.94248962402344,67100,0.0,0.0
2025-09-12 00:00:00-04:00,196.80621108989325,198.43090134060236,195.60016481283256,197.52386474609375,46300,0.0,0.0
2025-09-15 00:00:00-04:00,198.35115833977775,203.33485578550082,195.4307189369221,202.68698120117188,88400,0.0,0.0
2025-09-16 00:00:00-04:00,202.8464572472246,205.27850414552674,200.44432652728102,204.26182556152344,116500,0.0,0.0
2025-09-17 00:00:00-04:00,204.2418910640022,210.55125381500326,204.2418910640022,205.88650512695312,123000,0.0,0.0
2025-09-18 00:00:00-04:00,206.4745877052935,212.50486490796476,203.77343209410031,211.61776733398438,89200,0.0,0.0
2025-09-19 00:00:00-04:00,212.37528690088038,213.96009901344132,206.85334170110013,210.1027069091797,98100,0.0,0.0
2025-09-22 00:00:00-04:00,209.89340837142618,209.89340837142618,207.50122441595676,207.8102264404297,89600,0.0,0.0
2025-09-23 00:00:00-04:00,206.96299757851025,211.56792938867127,203.7933731400977,207.18228149414062,56300,0.0,0.0
2025-09-24 00:00:00-04:00,207.07262593508037,210.1724863107492,204.889764051344,206.53439331054688,143000,0.0,0.0
2025-09-25 00:00:00-04:00,205.97620999783928,210.29209382453374,203.2052754259998,205.6772003173828,154300,0.0,0.0
2025-09-26 00:00:00-04:00,205.96624585220852,211.02968424339684,203.45445810025643,204.50103759765625,145700,0.0,0.0
2025-09-29 00:00:00-04:00,205.8865153848073,207.22214270809116,202.706913842917,204.55088806152344,70100,0.0,0.0
2025-09-30 00:00:00-04:00,204.44123520340906,208.00956436431468,204.44123520340906,207.85008239746094,163200,0.0,0.0
2025-10-01 00:00:00-04:00,206.55432365947274,207.74044610557345,201.8497119723884,202.7766876220703,175200,0.0,0.0
2025-10-02 00:00:00-04:00,202.40789450702098,202.40789450702098,196.1184555814606,196.41748046875,234700,0.0,0.0
2025-10-03 00:00:00-04:00,197.55376764158888,200.882873951473,194.54361006588442,195.2014617919922,115700,0.0,0.0
2025-10-06 00:00:00-04:00,195.40081338815938,196.44739295049422,192.27105183037304,192.60995483398438,84300,0.0,0.0
2025-10-07 00:00:00-04:00,192.04179725539004,194.0950781878327,188.70272906249852,190.96531677246094,185700,0.0,0.0
2025-10-08 00:00:00-04:00,190.67627330380182,191.68297474420214,176.422895119566,181.58599853515625,132800,0.0,0.0
2025-10-09 00:00:00-04:00,182.4033367869441,182.4033367869441,175.2268151027081,178.76524353027344,96500,0.0,0.0
2025-10-10 00:00:00-04:00,179.3134252813676,181.2969423097968,172.70505291117377,176.373046875,227700,0.0,0.0
2025-10-13 00:00:00-04:00,178.94463837997196,178.94463837997196,173.87123805561205,175.9444580078125,90400,0.0,0.0
2025-10-14 00:00:00-04:00,174.42941727460226,177.61898072010163,174.42941727460226,177.00100708007812,89000,0.0,0.0
2025-10-15 00:00:00-04:00,177.31995649187164,180.21051025736716,175.7152052385043,178.097412109375,83800,0.0,0.0
2025-10-16 00:00:00-04:00,178.43631026858813,181.21720679283348,177.39969266734386,181.20724487304688,67700,0.0,0.0
2025-10-17 00:00:00-04:00,180.68893033670847,183.76885165620027,179.4928460116574,179.94137573242188,60000,0.0,0.0
2025-10-20 00:00:00-04:00,182.08436743745082,182.7721201367666,179.42307475547443,182.38339233398438,49700,0.0,0.0
2025-10-21 00:00:00-04:00,183.2306180594092,186.43014323169274,181.9248917909732,185.47328186035156,50800,0.0,0.0
2025-10-22 00:00:00-04:00,185.27393814263647,185.70252881576837,182.80201329862922,185.1144561767578,40000,0.0,0.0
2025-10-23 00:00:00-04:00,185.5829375595818,188.49341519401872,185.5829375595818,187.5066375732422,32300,0.0,0.0
2025-10-24 00:00:00-04:00,188.08474702763337,190.31744905909036,185.47329431539507,187.64617919921875,63700,0.0,0.0
2025-10-27 00:00:00-04:00,188.14454486099262,188.23426297596586,183.37016928919195,184.56625366210938,86600,0.0,0.0
2025-10-28 00:00:00-04:00,183.67915805436016,185.76234000695072,180.6490765968682,182.2438507080078,64700,0.0,0.0
2025-10-29 00:00:00-04:00,181.25708101565903,183.88847264166978,175.56569187736977,177.6189727783203,49500,0.0,0.0
2025-10-30 00:00:00-04:00,184.11771736837866,191.74276828216605,176.33318448813674,184.0977783203125,119400,0.0,0.0
2025-10-31 00:00:00-04:00,184.8353742551759,190.94539222208525,181.9248967569243,189.86891174316406,135000,0.0,0.0
2025-11-03 00:00:00-05:00,189.38049969465683,195.6200833146063,187.6262436990545,190.79586791992188,87800,0.0,0.0
2025-11-04 00:00:00-05:00,190.68622867388473,191.48362330466233,187.63620827952022,187.6760711669922,95700,0.0,0.0
2025-11-05 00:00:00-05:00,187.67607987453698,194.3642088293069,187.2773901451691,189.32070922851562,126000,0.0,0.0
2025-11-06 00:00:00-05:00,187.73589472037125,187.73589472037125,182.034543447889,182.5329132080078,68600,0.0,0.0
2025-11-07 00:00:00-05:00,182.3335527218219,184.94502060104784,178.21702885475372,179.76197814941406,65800,0.0,0.0
2025-11-10 00:00:00-05:00,180.06098637283162,185.26396783103073,177.3598308181687,183.9084014892578,112000,0.0,0.0
2025-11-11 00:00:00-05:00,183.1010390946097,185.61282683808176,181.7753737635838,182.4232635498047,72000,0.0,0.0
2025-11-12 00:00:00-05:00,182.2737418084926,186.47998358391914,178.69545076535684,179.06423950195312,69100,0.0,0.0
2025-11-13 00:00:00-05:00,177.7585165063282,184.64599001340758,177.7585165063282,180.82847595214844,89100,0.0,0.0
2025-11-14 00:00:00-05:00,179.8118081952749,180.72882196246923,177.66882425283922,180.3699951171875,55600,0.0,0.0
2025-11-17 00:00:00-05:00,181.17733759127503,181.17733759127503,172.21664428710938,172.21664428710938,56900,0.0,0.0
2025-11-18 00:00:00-05:00,171.3594532626164,175.74511619437857,169.2563323062148,171.150146484375,81400,0.0,0.0
2025-11-19 00:00:00-05:00,171.15015368110468,175.3763196111364,170.4324999931675,172.71502685546875,88000,0.0,0.0
2025-11-20 00:00:00-05:00,175.73514674203292,176.06407261696103,171.7282495126813,173.15359497070312,88300,0.0,0.0
2025-11-21 00:00:00-05:00,172.8745053868572,180.0211259451672,172.77482535089334,177.07077026367188,101800,0.0,0.0
2025-11-24 00:00:00-05:00,176.3830372853153,177.41963972431188,173.08381660248995,174.25001525878906,56100,0.0,0.0
2025-11-25 00:00:00-05:00,173.2899932861328,178.74000549316406,173.2899932861328,177.44000244140625,70800,0.57,0.0
2025-11-26 00:00:00-05:00,176.44000244140625,178.6199951171875,175.1300048828125,177.36000061035156,68600,0.0,0.0
2025-11-28 00:00:00-05:00,176.30999755859375,177.86000061035156,176.25,176.33999633789062,49300,0.0,0.0
2025-12-01 00:00:00-05:00,175.67999267578125,180.25999450683594,175.14999389648438,178.5500030517578,57200,0.0,0.0
2025-12-02 00:00:00-05:00,179.75,186.05999755859375,177.89999389648438,183.19000244140625,101200,0.0,0.0
2025-12-03 00:00:00-05:00,182.69000244140625,189.61000061035156,178.77999877929688,186.66000366210938,115900,0.0,0.0
2025-12-04 00:00:00-05:00,187.44000244140625,189.66000366210938,183.77999877929688,187.82000732421875,85800,0.0,0.0
2025-12-05 00:00:00-05:00,186.8300018310547,190.9199981689453,185.3800048828125,189.30999755859375,68200,0.0,0.0
2025-12-08 00:00:00-05:00,189.41000366210938,189.8000030517578,186.0500030517578,187.39999389648438,96200,0.0,0.0
2025-12-09 00:00:00-05:00,187.58999633789062,190.88999938964844,186.63999938964844,190.22999572753906,71000,0.0,0.0
2025-12-10 00:00:00-05:00,189.57000732421875,197.0800018310547,189.10000610351562,196.3699951171875,138600,0.0,0.0
2025-12-11 00:00:00-05:00,197.38999938964844,201.47999572753906,196.14999389648438,201.02000427246094,99400,0.0,0.0
2025-12-12 00:00:00-05:00,200.8800048828125,205.42999267578125,199.25,200.1699981689453,118600,0.0,0.0
2025-12-15 00:00:00-05:00,201.91000366210938,202.10000610351562,196.75,199.19000244140625,77600,0.0,0.0
2025-12-16 00:00:00-05:00,198.82000732421875,203.94000244140625,198.82000732421875,202.19000244140625,100000,0.0,0.0
2025-12-17 00:00:00-05:00,201.57000732421875,208.0800018310547,198.9199981689453,206.6699981689453,149000,0.0,0.0
2025-12-18 00:00:00-05:00,208.00999450683594,209.8800048828125,205.6199951171875,208.58999633789062,127400,0.0,0.0
2025-12-19 00:00:00-05:00,207.55999755859375,208.8300018310547,205.25,208.8000030517578,130600,0.0,0.0
2025-12-22 00:00:00-05:00,208.99000549316406,215.02999877929688,208.99000549316406,211.55999755859375,85500,0.0,0.0
2025-12-23 00:00:00-05:00,211.55999755859375,213.50999450683594,208.5500030517578,209.36000061035156,146200,0.0,0.0
2025-12-24 00:00:00-05:00,208.5500030517578,208.85000610351562,206.0800018310547,208.25,40000,0.0,0.0
2025-12-26 00:00:00-05:00,208.6699981689453,208.75,204.91000366210938,206.24000549316406,104500,0.0,0.0
2025-12-29 00:00:00-05:00,206.25,208.5,205.3000030517578,207.85000610351562,45600,0.0,0.0
2025-12-30 00:00:00-05:00,207.00999450683594,209.1199951171875,204.38999938964844,204.52000427246094,129400,0.0,0.0
2025-12-31 00:00:00-05:00,204.6999969482422,206.61000061035156,198.83999633789062,200.6999969482422,126300,0.0,0.0
2026-01-02 00:00:00-05:00,200.2899932861328,202.2100067138672,197.25999450683594,200.52000427246094,160400,0.0,0.0
2026-01-05 00:00:00-05:00,201.61000061035156,214.69000244140625,201.3000030517578,213.0,130700,0.0,0.0
2026-01-06 00:00:00-05:00,211.14999389648438,216.05999755859375,207.8699951171875,215.00999450683594,134600,0.0,0.0
2026-01-07 00:00:00-05:00,215.00999450683594,219.14999389648438,212.25,214.5500030517578,140200,0.0,0.0
2026-01-08 00:00:00-05:00,213.50999450683594,217.33999633789062,211.83999633789062,215.77999877929688,133900,0.0,0.0
2026-01-09 00:00:00-05:00,216.0399932861328,219.9199981689453,214.3000030517578,216.50999450683594,98400,0.0,0.0
2026-01-12 00:00:00-05:00,216.36000061035156,225.16000366210938,215.97000122070312,223.3300018310547,94100,0.0,0.0
2026-01-13 00:00:00-05:00,224.55999755859375,227.2899932861328,219.0,220.3000030517578,142600,0.0,0.0
2026-01-14 00:00:00-05:00,220.9499969482422,222.00999450683594,213.0800018310547,215.25,126700,0.0,0.0
2026-01-15 00:00:00-05:00,214.6699981689453,221.82000732421875,214.6699981689453,217.2899932861328,128300,0.0,0.0
2026-01-16 00:00:00-05:00,217.82000732421875,217.82000732421875,208.2899932861328,210.74000549316406,93300,0.0,0.0
2026-01-20 00:00:00-05:00,207.44000244140625,215.35000610351562,207.44000244140625,208.91000366210938,103000,0.0,0.0
2026-01-21 00:00:00-05:00,210.5500030517578,215.42999267578125,209.3000030517578,213.63999938964844,179200,0.0,0.0
2026-01-22 00:00:00-05:00,214.1300048828125,216.89999389648438,212.75999450683594,215.88999938964844,91300,0.0,0.0
2026-01-23 00:00:00-05:00,214.47999572753906,220.0,208.67999267578125,209.0500030517578,75800,0.0,0.0
2026-01-26 00:00:00-05:00,209.02000427246094,212.8300018310547,206.4199981689453,207.22000122070312,138200,0.0,0.0
2026-01-27 00:00:00-05:00,207.22000122070312,208.02999877929688,189.1300048828125,192.99000549316406,172000,0.0,0.0
2026-01-28 00:00:00-05:00,194.1300048828125,194.69000244140625,185.1199951171875,186.74000549316406,96500,0.0,0.0
2026-01-29 00:00:00-05:00,187.02999877929688,191.39999389648438,175.47999572753906,178.35000610351562,205400,0.0,0.0
2026-01-30 00:00:00-05:00,178.0399932861328,189.52000427246094,176.89999389648438,188.94000244140625,205000,0.0,0.0
2026-02-02 00:00:00-05:00,189.1699981689453,196.17999267578125,188.25,189.86000061035156,77000,0.0,0.0
2026-02-03 00:00:00-05:00,189.0500030517578,190.3000030517578,170.19000244140625,178.2100067138672,181500,0.0,0.0
2026-02-04 00:00:00-05:00,178.5,183.9499969482422,173.02999877929688,181.35000610351562,142300,0.0,0.0
2026-02-05 00:00:00-05:00,181.35000610351562,188.89999389648438,181.3300018310547,183.25,106000,0.0,0.0
2026-02-06 00:00:00-05:00,185.4499969482422,191.0,182.0500030517578,184.9600067138672,190000,0.0,0.0
2026-02-09 00:00:00-05:00,184.0800018310547,184.88999938964844,175.64999389648438,177.77000427246094,112700,0.0,0.0
2026-02-10 00:00:00-05:00,176.97999572753906,179.5500030517578,172.6199951171875,173.89999389648438,196600,0.0,0.0
2026-02-11 00:00:00-05:00,174.3000030517578,176.22000122070312,159.92999267578125,164.10000610351562,152600,0.0,0.0
2026-02-12 00:00:00-05:00,162.8699951171875,165.3000030517578,149.9600067138672,152.4199981689453,175200,0.0,0.0
2026-02-13 00:00:00-05:00,153.13999938964844,158.64999389648438,153.07000732421875,155.22000122070312,75000,0.0,0.0
2026-02-17 00:00:00-05:00,154.69000244140625,161.0,154.0,159.05999755859375,104100,0.0,0.0
2026-02-18 00:00:00-05:00,159.22999572753906,167.55999755859375,157.64999389648438,161.6300048828125,110400,0.0,0.0
2026-02-19 00:00:00-05:00,159.52000427246094,164.74000549316406,159.52000427246094,164.6199951171875,100100,0.0,0.0
2026-02-20 00:00:00-05:00,164.17999267578125,168.64999389648438,162.32000732421875,166.60000610351562,198300,0.0,0.0
2026-02-23 00:00:00-05:00,165.83999633789062,167.72999572753906,158.77999877929688,158.82000732421875,139800,0.0,0.0
2026-02-24 00:00:00-05:00,159.0,162.1699981689453,156.3699951171875,156.9600067138672,126600,0.0,0.0
2026-02-25 00:00:00-05:00,157.6999969482422,162.0399932861328,155.07000732421875,160.25999450683594,130100,0.0,0.0
2026-02-26 00:00:00-05:00,167.11000061035156,171.52000427246094,156.30999755859375,167.39999389648438,156844,0.0,0.0
