Date,Open,High,Low,Close,Volume,Dividends,Stock Splits
2022-01-03 00:00:00-05:00,77.4000015258789,77.4000015258789,74.69999694824219,76.69999694824219,40940,0.0,0.0
2022-01-04 00:00:00-05:00,76.69999694824219,77.5,69.5999984741211,70.69999694824219,73470,0.0,0.0
2022-01-05 00:00:00-05:00,69.69999694824219,71.30000305175781,64.69999694824219,65.0,89950,0.0,0.0
2022-01-06 00:00:00-05:00,64.69999694824219,66.4000015258789,62.099998474121094,63.79999923706055,113170,0.0,0.0
2022-01-07 00:00:00-05:00,63.599998474121094,68.8499984741211,63.400001525878906,68.0999984741211,87430,0.0,0.0
2022-01-10 00:00:00-05:00,68.0,68.55999755859375,62.0,65.69999694824219,67100,0.0,0.0
2022-01-11 00:00:00-05:00,66.5,67.4000015258789,64.5999984741211,67.0999984741211,67990,0.0,0.0
2022-01-12 00:00:00-05:00,67.0,69.19999694824219,64.69999694824219,66.0999984741211,48770,0.0,0.0
2022-01-13 00:00:00-05:00,66.5,66.5,60.599998474121094,60.79999923706055,98440,0.0,0.0
2022-01-14 00:00:00-05:00,55.900001525878906,56.79999923706055,50.5,51.29999923706055,305450,0.0,0.0
2022-01-18 00:00:00-05:00,50.70000076293945,50.900001525878906,44.79999923706055,47.5,275550,0.0,0.0
2022-01-19 00:00:00-05:00,48.099998474121094,48.20000076293945,43.5,44.599998474121094,149590,0.0,0.0
2022-01-20 00:00:00-05:00,45.400001525878906,47.5,43.79999923706055,43.79999923706055,87060,0.0,0.0
2022-01-21 00:00:00-05:00,43.0,44.0,40.599998474121094,41.099998474121094,185580,0.0,0.0
2022-01-24 00:00:00-05:00,39.400001525878906,41.900001525878906,36.79999923706055,41.79999923706055,138460,0.0,0.0
2022-01-25 00:00:00-05:00,40.20000076293945,41.5,38.20000076293945,39.900001525878906,83860,0.0,0.0
2022-01-26 00:00:00-05:00,41.0,43.900001525878906,39.400001525878906,39.599998474121094,133170,0.0,0.0
2022-01-27 00:00:00-05:00,42.119998931884766,42.119998931884766,35.95000076293945,36.29999923706055,160230,0.0,0.0
2022-01-28 00:00:00-05:00,36.20000076293945,37.599998474121094,33.5,37.400001525878906,110000,0.0,0.0
2022-01-31 00:00:00-05:00,37.599998474121094,42.20000076293945,37.599998474121094,42.20000076293945,95760,0.0,0.0
2022-02-01 00:00:00-05:00,42.599998474121094,43.400001525878906,40.20000076293945,42.099998474121094,173630,0.0,0.0
2022-02-02 00:00:00-05:00,42.599998474121094,43.599998474121094,40.29999923706055,40.5,114790,0.0,0.0
2022-02-03 00:00:00-05:00,39.5,40.0,36.900001525878906,37.099998474121094,76130,0.0,0.0
2022-02-04 00:00:00-05:00,37.099998474121094,38.29999923706055,36.599998474121094,37.599998474121094,40340,0.0,0.0
2022-02-07 00:00:00-05:00,39.150001525878906,39.150001525878906,35.79999923706055,37.099998474121094,215940,0.0,0.0
2022-02-08 00:00:00-05:00,36.599998474121094,39.31999969482422,36.400001525878906,38.599998474121094,82140,0.0,0.0
2022-02-09 00:00:00-05:00,40.29999923706055,43.29999923706055,39.099998474121094,42.20000076293945,198840,0.0,0.0
2022-02-10 00:00:00-05:00,40.599998474121094,43.29999923706055,39.599998474121094,39.79999923706055,100560,0.0,0.0
2022-02-11 00:00:00-05:00,40.20000076293945,40.70000076293945,37.099998474121094,37.20000076293945,120440,0.0,0.0
2022-02-14 00:00:00-05:00,37.0,40.099998474121094,36.5,38.099998474121094,75080,0.0,0.0
2022-02-15 00:00:00-05:00,39.400001525878906,43.0,39.0,42.599998474121094,98340,0.0,0.0
2022-02-16 00:00:00-05:00,42.0,42.5,39.650001525878906,42.099998474121094,66830,0.0,0.0
2022-02-17 00:00:00-05:00,40.900001525878906,42.0,39.099998474121094,39.20000076293945,57690,0.0,0.0
2022-02-18 00:00:00-05:00,40.900001525878906,40.900001525878906,37.650001525878906,38.400001525878906,53960,0.0,0.0
2022-02-22 00:00:00-05:00,37.79999923706055,38.400001525878906,35.70000076293945,36.0,91290,0.0,0.0
2022-02-23 00:00:00-05:00,36.900001525878906,37.20000076293945,34.70000076293945,35.20000076293945,69580,0.0,0.0
2022-02-24 00:00:00-05:00,33.20000076293945,41.79999923706055,33.0,41.599998474121094,97630,0.0,0.0
2022-02-25 00:00:00-05:00,42.0,43.0,39.0,43.0,86870,0.0,0.0
2022-02-28 00:00:00-05:00,43.79999923706055,47.29999923706055,43.099998474121094,47.099998474121094,141090,0.0,0.0
2022-03-01 00:00:00-05:00,47.099998474121094,49.79999923706055,44.900001525878906,46.400001525878906,99220,0.0,0.0
2022-03-02 00:00:00-05:00,46.70000076293945,46.70000076293945,41.70000076293945,44.900001525878906,117800,0.0,0.0
2022-03-03 00:00:00-05:00,44.900001525878906,46.9900016784668,43.0,46.900001525878906,62140,0.0,0.0
2022-03-04 00:00:00-05:00,47.0,47.5,41.0,42.0,99410,0.0,0.0
2022-03-07 00:00:00-05:00,42.5,46.900001525878906,42.5,46.75,105540,0.0,0.0
2022-03-08 00:00:00-05:00,49.400001525878906,54.0,45.29999923706055,53.20000076293945,208300,0.0,0.0
2022-03-09 00:00:00-05:00,53.79999923706055,57.79999923706055,52.20000076293945,56.5,194400,0.0,0.0
2022-03-10 00:00:00-05:00,54.70000076293945,57.599998474121094,54.29999923706055,56.29999923706055,53510,0.0,0.0
2022-03-11 00:00:00-05:00,56.900001525878906,58.29999923706055,53.79999923706055,54.400001525878906,98610,0.0,0.0
2022-03-14 00:00:00-04:00,54.0,54.0,49.20000076293945,49.5,130180,0.0,0.0
2022-03-15 00:00:00-04:00,47.29999923706055,56.5,46.5,56.20000076293945,142050,0.0,0.0
2022-03-16 00:00:00-04:00,56.400001525878906,62.900001525878906,56.400001525878906,62.70000076293945,165920,0.0,0.0
2022-03-17 00:00:00-04:00,61.900001525878906,68.25,61.5,66.4000015258789,182440,0.0,0.0
2022-03-18 00:00:00-04:00,64.9000015258789,67.1500015258789,64.0999984741211,64.9000015258789,379720,0.0,0.0
2022-03-21 00:00:00-04:00,65.4000015258789,66.5,62.70000076293945,65.19999694824219,121320,0.0,0.0
2022-03-22 00:00:00-04:00,65.0999984741211,67.5,62.45000076293945,63.400001525878906,83170,0.0,0.0
2022-03-23 00:00:00-04:00,62.599998474121094,64.69999694824219,59.099998474121094,61.5,89070,0.0,0.0
2022-03-24 00:00:00-04:00,62.900001525878906,66.0,62.0,64.5,73830,0.0,0.0
2022-03-25 00:00:00-04:00,64.69999694824219,64.9000015258789,59.29999923706055,60.900001525878906,47610,0.0,0.0
2022-03-28 00:00:00-04:00,60.900001525878906,61.900001525878906,56.099998474121094,58.5,85390,0.0,0.0
2022-03-29 00:00:00-04:00,60.95000076293945,60.95000076293945,52.79999923706055,53.29999923706055,185660,0.0,0.0
2022-03-30 00:00:00-04:00,53.400001525878906,53.75,49.400001525878906,49.70000076293945,133070,0.0,0.0
2022-03-31 00:00:00-04:00,49.70000076293945,51.0,48.0,49.29999923706055,112610,0.0,0.0
2022-04-01 00:00:00-04:00,50.099998474121094,52.779998779296875,49.599998474121094,51.29999923706055,95580,0.0,0.0
2022-04-04 00:00:00-04:00,51.29999923706055,55.5,51.29999923706055,53.5,74850,0.0,0.0
2022-04-05 00:00:00-04:00,54.20000076293945,54.20000076293945,48.900001525878906,49.20000076293945,69600,0.0,0.0
2022-04-06 00:00:00-04:00,49.5,50.099998474121094,46.0,48.900001525878906,85010,0.0,0.0
2022-04-07 00:00:00-04:00,48.400001525878906,48.400001525878906,44.0,46.25,85610,0.0,0.0
2022-04-08 00:00:00-04:00,43.20000076293945,43.20000076293945,36.79999923706055,39.599998474121094,340620,0.0,0.0
2022-04-11 00:00:00-04:00,39.29999923706055,41.150001525878906,38.29999923706055,39.29999923706055,156490,0.0,0.0
2022-04-12 00:00:00-04:00,39.599998474121094,40.5,37.5,37.599998474121094,132030,0.0,0.0
2022-04-13 00:00:00-04:00,37.5,38.25,35.79999923706055,37.900001525878906,109080,0.0,0.0
2022-04-14 00:00:00-04:00,37.70000076293945,38.0,35.70000076293945,35.900001525878906,134220,0.0,0.0
2022-04-18 00:00:00-04:00,35.5,35.650001525878906,33.79999923706055,34.5,86800,0.0,0.0
2022-04-19 00:00:00-04:00,34.29999923706055,35.810001373291016,33.599998474121094,34.29999923706055,86890,0.0,0.0
2022-04-20 00:00:00-04:00,34.79999923706055,35.70000076293945,31.700000762939453,32.099998474121094,125430,0.0,0.0
2022-04-21 00:00:00-04:00,30.600000381469727,30.899999618530273,28.0,29.899999618530273,241670,0.0,0.0
2022-04-22 00:00:00-04:00,29.700000762939453,31.0,28.809999465942383,30.299999237060547,247340,0.0,0.0
2022-04-25 00:00:00-04:00,29.0,31.0,28.299999237060547,30.899999618530273,124530,0.0,0.0
2022-04-26 00:00:00-04:00,30.299999237060547,30.700000762939453,28.700000762939453,29.200000762939453,104160,0.0,0.0
2022-04-27 00:00:00-04:00,29.0,30.149999618530273,28.200000762939453,28.600000381469727,91520,0.0,0.0
2022-04-28 00:00:00-04:00,28.700000762939453,29.600000381469727,26.899999618530273,29.399999618530273,109960,0.0,0.0
2022-04-29 00:00:00-04:00,28.799999237060547,30.399999618530273,27.700000762939453,28.0,103720,0.0,0.0
2022-05-02 00:00:00-04:00,27.799999237060547,31.0,27.299999237060547,30.799999237060547,121560,0.0,0.0
2022-05-03 00:00:00-04:00,31.200000762939453,35.70000076293945,29.899999618530273,35.400001525878906,138390,0.0,0.0
2022-05-04 00:00:00-04:00,35.599998474121094,38.20000076293945,33.20000076293945,38.099998474121094,141510,0.0,0.0
2022-05-05 00:00:00-04:00,37.79999923706055,38.29999923706055,33.79999923706055,36.599998474121094,86390,0.0,0.0
2022-05-06 00:00:00-04:00,36.20000076293945,36.599998474121094,34.20000076293945,36.5,48870,0.0,0.0
2022-05-09 00:00:00-04:00,35.400001525878906,35.70000076293945,31.950000762939453,32.900001525878906,59380,0.0,0.0
2022-05-10 00:00:00-04:00,28.100000381469727,29.350000381469727,21.149999618530273,28.700000762939453,235040,0.0,0.0
2022-05-11 00:00:00-04:00,26.799999237060547,31.399999618530273,26.0,28.299999237060547,83060,0.0,0.0
2022-05-12 00:00:00-04:00,27.5,29.399999618530273,25.0,28.0,93230,0.0,0.0
2022-05-13 00:00:00-04:00,28.200000762939453,32.400001525878906,28.200000762939453,32.400001525878906,87580,0.0,0.0
2022-05-16 00:00:00-04:00,32.099998474121094,33.0,29.450000762939453,29.600000381469727,87120,0.0,0.0
2022-05-17 00:00:00-04:00,30.5,34.79999923706055,30.0,34.599998474121094,132100,0.0,0.0
2022-05-18 00:00:00-04:00,35.099998474121094,41.400001525878906,34.900001525878906,37.900001525878906,280450,0.0,0.0
2022-05-19 00:00:00-04:00,37.400001525878906,41.900001525878906,37.400001525878906,41.400001525878906,141390,0.0,0.0
2022-05-20 00:00:00-04:00,41.400001525878906,42.099998474121094,36.5,38.29999923706055,80020,0.0,0.0
2022-05-23 00:00:00-04:00,39.599998474121094,39.599998474121094,35.900001525878906,39.5,70370,0.0,0.0
2022-05-24 00:00:00-04:00,38.79999923706055,38.849998474121094,36.400001525878906,38.599998474121094,78780,0.0,0.0
2022-05-25 00:00:00-04:00,38.400001525878906,41.400001525878906,37.29999923706055,39.900001525878906,70490,0.0,0.0
2022-05-26 00:00:00-04:00,39.900001525878906,42.54999923706055,38.79999923706055,41.5,69550,0.0,0.0
2022-05-27 00:00:00-04:00,41.900001525878906,46.400001525878906,41.79999923706055,45.0,90040,0.0,0.0
2022-05-31 00:00:00-04:00,45.0,45.79999923706055,40.349998474121094,40.5,107520,0.0,0.0
2022-06-01 00:00:00-04:00,41.099998474121094,41.349998474121094,35.599998474121094,36.0,105600,0.0,0.0
2022-06-02 00:00:00-04:00,36.599998474121094,42.20000076293945,35.70000076293945,41.099998474121094,82880,0.0,0.0
2022-06-03 00:00:00-04:00,40.099998474121094,43.400001525878906,38.9900016784668,39.70000076293945,58480,0.0,0.0
2022-06-06 00:00:00-04:00,49.70000076293945,53.099998474121094,47.400001525878906,52.29999923706055,860140,0.0,0.0
2022-06-07 00:00:00-04:00,51.29999923706055,56.70000076293945,50.400001525878906,56.29999923706055,219620,0.0,0.0
2022-06-08 00:00:00-04:00,55.900001525878906,61.400001525878906,53.349998474121094,53.599998474121094,182230,0.0,0.0
2022-06-09 00:00:00-04:00,52.900001525878906,60.599998474121094,52.70000076293945,54.70000076293945,200530,0.0,0.0
2022-06-10 00:00:00-04:00,52.11000061035156,54.900001525878906,50.70000076293945,52.70000076293945,93080,0.0,0.0
2022-06-13 00:00:00-04:00,49.95000076293945,51.79999923706055,43.900001525878906,50.400001525878906,225860,0.0,0.0
2022-06-14 00:00:00-04:00,51.29999923706055,52.20000076293945,42.900001525878906,43.70000076293945,189740,0.0,0.0
2022-06-15 00:00:00-04:00,44.70000076293945,49.900001525878906,42.599998474121094,49.70000076293945,217910,0.0,0.0
2022-06-16 00:00:00-04:00,46.400001525878906,48.15999984741211,40.70000076293945,41.599998474121094,152780,0.0,0.0
2022-06-17 00:00:00-04:00,41.70000076293945,46.70000076293945,41.70000076293945,44.70000076293945,300340,0.0,0.0
2022-06-21 00:00:00-04:00,46.0,49.29999923706055,44.31999969482422,47.20000076293945,117940,0.0,0.0
2022-06-22 00:00:00-04:00,45.29999923706055,48.79999923706055,44.79999923706055,47.5,89700,0.0,0.0
2022-06-23 00:00:00-04:00,47.5,50.099998474121094,45.63999938964844,49.599998474121094,117720,0.0,0.0
2022-06-24 00:00:00-04:00,51.0,52.400001525878906,45.5,45.70000076293945,140860,0.0,0.0
2022-06-27 00:00:00-04:00,46.20000076293945,48.0,40.79999923706055,42.599998474121094,161490,0.0,0.0
2022-06-28 00:00:00-04:00,43.70000076293945,43.70000076293945,36.04999923706055,36.54999923706055,176450,0.0,0.0
2022-06-29 00:00:00-04:00,36.099998474121094,36.099998474121094,31.799999237060547,32.849998474121094,176590,0.0,0.0
2022-06-30 00:00:00-04:00,32.099998474121094,36.900001525878906,32.099998474121094,36.20000076293945,98710,0.0,0.0
2022-07-01 00:00:00-04:00,36.099998474121094,39.79999923706055,36.0,37.400001525878906,101850,0.0,0.0
2022-07-05 00:00:00-04:00,35.79999923706055,39.0,34.099998474121094,39.0,106980,0.0,0.0
2022-07-06 00:00:00-04:00,38.79999923706055,40.400001525878906,37.599998474121094,39.400001525878906,76440,0.0,0.0
2022-07-07 00:00:00-04:00,39.900001525878906,42.599998474121094,39.70000076293945,41.29999923706055,109930,0.0,0.0
2022-07-08 00:00:00-04:00,40.099998474121094,43.79999923706055,39.060001373291016,42.599998474121094,67780,0.0,0.0
2022-07-11 00:00:00-04:00,41.900001525878906,42.900001525878906,36.04999923706055,36.70000076293945,95860,0.0,0.0
2022-07-12 00:00:00-04:00,36.79999923706055,38.25,36.20000076293945,37.599998474121094,70210,0.0,0.0
2022-07-13 00:00:00-04:00,36.599998474121094,38.29999923706055,35.70000076293945,37.29999923706055,75340,0.0,0.0
2022-07-14 00:00:00-04:00,36.70000076293945,37.20000076293945,35.70000076293945,36.900001525878906,77440,0.0,0.0
2022-07-15 00:00:00-04:00,36.5,37.20000076293945,31.75,35.0,146080,0.0,0.0
2022-07-18 00:00:00-04:00,36.20000076293945,39.09000015258789,35.29999923706055,35.5,123810,0.0,0.0
2022-07-19 00:00:00-04:00,37.29999923706055,40.29999923706055,37.0,39.5,113120,0.0,0.0
2022-07-20 00:00:00-04:00,39.400001525878906,43.29999923706055,39.400001525878906,43.0,96170,0.0,0.0
2022-07-21 00:00:00-04:00,42.5,42.900001525878906,40.0,42.599998474121094,69790,0.0,0.0
2022-07-22 00:00:00-04:00,43.099998474121094,43.400001525878906,38.70000076293945,39.0,92920,0.0,0.0
2022-07-25 00:00:00-04:00,39.599998474121094,40.900001525878906,38.0,40.599998474121094,65920,0.0,0.0
2022-07-26 00:00:00-04:00,39.900001525878906,40.70000076293945,38.79999923706055,39.400001525878906,41220,0.0,0.0
2022-07-27 00:00:00-04:00,41.0,42.79999923706055,39.79999923706055,41.400001525878906,105240,0.0,0.0
2022-07-28 00:00:00-04:00,44.29999923706055,49.959999084472656,44.29999923706055,49.70000076293945,295940,0.0,0.0
2022-07-29 00:00:00-04:00,49.0,51.0,47.25,50.20000076293945,132900,0.0,0.0
2022-08-01 00:00:00-04:00,50.599998474121094,51.29999923706055,46.099998474121094,50.400001525878906,113480,0.0,0.0
2022-08-02 00:00:00-04:00,49.400001525878906,52.04999923706055,48.70000076293945,50.29999923706055,88540,0.0,0.0
2022-08-03 00:00:00-04:00,50.400001525878906,50.900001525878906,47.70000076293945,49.099998474121094,57700,0.0,0.0
2022-08-04 00:00:00-04:00,49.79999923706055,50.5,47.900001525878906,49.5,59210,0.0,0.0
2022-08-05 00:00:00-04:00,50.900001525878906,52.900001525878906,48.0,48.599998474121094,127510,0.0,0.0
2022-08-08 00:00:00-04:00,50.0,55.04999923706055,47.45000076293945,49.20000076293945,157010,0.0,0.0
2022-08-09 00:00:00-04:00,45.599998474121094,49.900001525878906,43.91999816894531,47.70000076293945,120350,0.0,0.0
2022-08-10 00:00:00-04:00,50.400001525878906,55.099998474121094,49.310001373291016,54.70000076293945,178750,0.0,0.0
2022-08-11 00:00:00-04:00,56.0,56.599998474121094,49.599998474121094,50.5,131910,0.0,0.0
2022-08-12 00:00:00-04:00,51.0,54.5,49.099998474121094,54.0,114920,0.0,0.0
2022-08-15 00:00:00-04:00,53.099998474121094,53.400001525878906,50.5,51.900001525878906,106530,0.0,0.0
2022-08-16 00:00:00-04:00,51.400001525878906,51.900001525878906,48.099998474121094,48.79999923706055,115280,0.0,0.0
2022-08-17 00:00:00-04:00,47.79999923706055,48.900001525878906,45.29999923706055,45.29999923706055,131310,0.0,0.0
2022-08-18 00:00:00-04:00,45.20000076293945,47.75,44.400001525878906,47.20000076293945,113790,0.0,0.0
2022-08-19 00:00:00-04:00,45.599998474121094,45.79999923706055,42.75,43.599998474121094,82580,0.0,0.0
2022-08-22 00:00:00-04:00,42.0,43.0,41.099998474121094,41.70000076293945,80040,0.0,0.0
2022-08-23 00:00:00-04:00,41.5,43.54999923706055,41.400001525878906,43.400001525878906,68010,0.0,0.0
2022-08-24 00:00:00-04:00,43.5,47.0,43.0,46.400001525878906,64920,0.0,0.0
2022-08-25 00:00:00-04:00,47.400001525878906,48.0,44.29999923706055,45.099998474121094,51700,0.0,0.0
2022-08-26 00:00:00-04:00,44.900001525878906,45.79999923706055,43.099998474121094,43.79999923706055,48860,0.0,0.0
2022-08-29 00:00:00-04:00,42.099998474121094,45.0,41.79999923706055,43.5,67400,0.0,0.0
2022-08-30 00:00:00-04:00,44.099998474121094,44.29999923706055,40.29999923706055,40.70000076293945,49930,0.0,0.0
2022-08-31 00:00:00-04:00,40.79999923706055,41.70000076293945,39.5,41.400001525878906,94610,0.0,0.0
2022-09-01 00:00:00-04:00,40.20000076293945,41.20000076293945,38.79999923706055,40.099998474121094,48610,0.0,0.0
2022-09-02 00:00:00-04:00,40.599998474121094,41.560001373291016,37.70000076293945,39.099998474121094,56770,0.0,0.0
2022-09-06 00:00:00-04:00,39.099998474121094,41.5,38.5,40.599998474121094,56510,0.0,0.0
2022-09-07 00:00:00-04:00,40.79999923706055,43.75,40.20000076293945,43.599998474121094,74160,0.0,0.0
2022-09-08 00:00:00-04:00,42.79999923706055,43.5,41.900001525878906,43.099998474121094,41770,0.0,0.0
2022-09-09 00:00:00-04:00,43.79999923706055,44.099998474121094,42.099998474121094,43.0,42330,0.0,0.0
2022-09-12 00:00:00-04:00,43.70000076293945,43.849998474121094,41.0,42.5,57450,0.0,0.0
2022-09-13 00:00:00-04:00,40.900001525878906,42.20000076293945,39.70000076293945,41.900001525878906,65810,0.0,0.0
2022-09-14 00:00:00-04:00,41.900001525878906,44.099998474121094,40.099998474121094,43.5,74880,0.0,0.0
2022-09-15 00:00:00-04:00,43.599998474121094,43.75,37.20000076293945,37.70000076293945,181850,0.0,0.0
2022-09-16 00:00:00-04:00,36.29999923706055,39.099998474121094,35.04999923706055,37.70000076293945,125510,0.0,0.0
2022-09-19 00:00:00-04:00,37.0,39.29999923706055,36.900001525878906,37.29999923706055,73120,0.0,0.0
2022-09-20 00:00:00-04:00,36.599998474121094,37.5,35.599998474121094,35.79999923706055,70860,0.0,0.0
2022-09-21 00:00:00-04:00,36.400001525878906,37.20000076293945,33.70000076293945,35.5,76900,0.0,0.0
2022-09-22 00:00:00-04:00,35.099998474121094,36.20000076293945,33.0,33.29999923706055,90460,0.0,0.0
2022-09-23 00:00:00-04:00,33.599998474121094,33.599998474121094,31.299999237060547,31.700000762939453,96250,0.0,0.0
2022-09-26 00:00:00-04:00,31.100000381469727,33.599998474121094,30.600000381469727,31.399999618530273,112550,0.0,0.0
2022-09-27 00:00:00-04:00,31.5,33.5,30.600000381469727,31.0,131960,0.0,0.0
2022-09-28 00:00:00-04:00,31.200000762939453,32.099998474121094,30.100000381469727,32.0,118920,0.0,0.0
2022-09-29 00:00:00-04:00,32.29999923706055,32.29999923706055,29.299999237060547,30.5,427560,0.0,0.0
2022-09-30 00:00:00-04:00,29.399999618530273,31.899999618530273,29.299999237060547,29.600000381469727,99550,0.0,0.0
2022-10-03 00:00:00-04:00,30.100000381469727,34.150001525878906,27.799999237060547,31.799999237060547,176780,0.0,0.0
2022-10-04 00:00:00-04:00,33.0,34.0,32.099998474121094,33.29999923706055,95160,0.0,0.0
2022-10-05 00:00:00-04:00,32.099998474121094,32.599998474121094,30.020000457763672,30.899999618530273,66180,0.0,0.0
2022-10-06 00:00:00-04:00,30.600000381469727,32.5,28.899999618530273,29.299999237060547,119920,0.0,0.0
2022-10-07 00:00:00-04:00,28.5,28.950000762939453,27.5,28.0,106620,0.0,0.0
2022-10-10 00:00:00-04:00,28.200000762939453,28.299999237060547,26.600000381469727,27.100000381469727,57840,0.0,0.0
2022-10-11 00:00:00-04:00,26.200000762939453,28.100000381469727,25.700000762939453,27.799999237060547,96380,0.0,0.0
2022-10-12 00:00:00-04:00,27.899999618530273,28.200000762939453,26.299999237060547,27.299999237060547,66540,0.0,0.0
2022-10-13 00:00:00-04:00,26.200000762939453,26.799999237060547,25.219999313354492,26.100000381469727,114490,0.0,0.0
2022-10-14 00:00:00-04:00,26.600000381469727,27.600000381469727,24.350000381469727,24.399999618530273,68650,0.0,0.0
2022-10-17 00:00:00-04:00,25.5,25.75,22.149999618530273,23.100000381469727,154730,0.0,0.0
2022-10-18 00:00:00-04:00,23.899999618530273,24.700000762939453,22.299999237060547,22.799999237060547,103740,0.0,0.0
2022-10-19 00:00:00-04:00,22.399999618530273,22.5,21.100000381469727,21.799999237060547,110530,0.0,0.0
2022-10-20 00:00:00-04:00,21.799999237060547,21.799999237060547,20.700000762939453,21.0,151770,0.0,0.0
2022-10-21 00:00:00-04:00,21.299999237060547,21.600000381469727,20.200000762939453,21.100000381469727,89680,0.0,0.0
2022-10-24 00:00:00-04:00,21.0,21.299999237060547,18.049999237060547,18.399999618530273,231370,0.0,0.0
2022-10-25 00:00:00-04:00,19.100000381469727,20.5,18.799999237060547,20.200000762939453,216290,0.0,0.0
2022-10-26 00:00:00-04:00,20.799999237060547,21.700000762939453,20.100000381469727,20.399999618530273,125610,0.0,0.0
2022-10-27 00:00:00-04:00,20.700000762939453,21.200000762939453,20.299999237060547,20.399999618530273,80030,0.0,0.0
2022-10-28 00:00:00-04:00,20.5,20.5,19.200000762939453,20.100000381469727,59490,0.0,0.0
2022-10-31 00:00:00-04:00,20.0,21.200000762939453,19.799999237060547,20.700000762939453,110200,0.0,0.0
2022-11-01 00:00:00-04:00,21.299999237060547,21.5,20.100000381469727,20.200000762939453,71710,0.0,0.0
2022-11-02 00:00:00-04:00,20.600000381469727,20.600000381469727,18.399999618530273,18.5,104150,0.0,0.0
2022-11-03 00:00:00-04:00,18.200000762939453,19.850000381469727,18.200000762939453,19.100000381469727,72210,0.0,0.0
2022-11-04 00:00:00-04:00,19.200000762939453,19.799999237060547,18.0,19.0,70620,0.0,0.0
2022-11-07 00:00:00-05:00,19.0,19.299999237060547,17.850000381469727,18.600000381469727,122920,0.0,0.0
2022-11-08 00:00:00-05:00,19.100000381469727,21.200000762939453,18.600000381469727,19.299999237060547,175630,0.0,0.0
2022-11-09 00:00:00-05:00,17.799999237060547,23.100000381469727,17.799999237060547,21.799999237060547,338720,0.0,0.0
2022-11-10 00:00:00-05:00,23.0,28.149999618530273,22.049999237060547,27.799999237060547,221570,0.0,0.0
2022-11-11 00:00:00-05:00,28.100000381469727,30.100000381469727,24.899999618530273,25.799999237060547,178810,0.0,0.0
2022-11-14 00:00:00-05:00,26.200000762939453,26.600000381469727,22.299999237060547,23.600000381469727,181830,0.0,0.0
2022-11-15 00:00:00-05:00,24.600000381469727,26.950000762939453,23.799999237060547,24.100000381469727,138260,0.0,0.0
2022-11-16 00:00:00-05:00,23.700000762939453,24.100000381469727,21.950000762939453,22.600000381469727,117080,0.0,0.0
2022-11-17 00:00:00-05:00,21.899999618530273,23.889999389648438,21.200000762939453,23.0,163360,0.0,0.0
2022-11-18 00:00:00-05:00,23.0,23.299999237060547,21.399999618530273,21.899999618530273,67790,0.0,0.0
2022-11-21 00:00:00-05:00,21.299999237060547,22.100000381469727,20.899999618530273,21.299999237060547,68620,0.0,0.0
2022-11-22 00:00:00-05:00,21.200000762939453,21.790000915527344,20.5,20.899999618530273,67600,0.0,0.0
2022-11-23 00:00:00-05:00,20.600000381469727,23.799999237060547,20.600000381469727,22.799999237060547,131180,0.0,0.0
2022-11-25 00:00:00-05:00,22.5,22.5,21.299999237060547,21.799999237060547,50420,0.0,0.0
2022-11-28 00:00:00-05:00,21.700000762939453,21.899999618530273,19.600000381469727,19.600000381469727,172590,0.0,0.0
2022-11-29 00:00:00-05:00,19.600000381469727,20.899999618530273,19.25,19.600000381469727,134470,0.0,0.0
2022-11-30 00:00:00-05:00,19.799999237060547,22.049999237060547,19.450000762939453,21.200000762939453,341760,0.0,0.0
2022-12-01 00:00:00-05:00,21.5,23.299999237060547,20.200000762939453,22.799999237060547,201380,0.0,0.0
2022-12-02 00:00:00-05:00,21.899999618530273,25.0,21.600000381469727,24.399999618530273,129700,0.0,0.0
2022-12-05 00:00:00-05:00,24.399999618530273,25.049999237060547,23.5,24.100000381469727,92270,0.0,0.0
2022-12-06 00:00:00-05:00,23.549999237060547,23.600000381469727,21.649999618530273,22.600000381469727,101160,0.0,0.0
2022-12-07 00:00:00-05:00,21.700000762939453,24.0,20.5,23.899999618530273,131650,0.0,0.0
2022-12-08 00:00:00-05:00,23.799999237060547,25.899999618530273,23.200000762939453,25.299999237060547,114920,0.0,0.0
2022-12-09 00:00:00-05:00,24.799999237060547,27.399999618530273,24.690000534057617,26.299999237060547,145110,0.0,0.0
2022-12-12 00:00:00-05:00,26.399999618530273,27.450000762939453,25.0,25.700000762939453,96550,0.0,0.0
2022-12-13 00:00:00-05:00,27.200000762939453,27.899999618530273,26.549999237060547,27.100000381469727,93250,0.0,0.0
2022-12-14 00:00:00-05:00,27.299999237060547,29.299999237060547,27.079999923706055,28.299999237060547,122940,0.0,0.0
2022-12-15 00:00:00-05:00,27.600000381469727,29.850000381469727,25.899999618530273,26.0,112280,0.0,0.0
2022-12-16 00:00:00-05:00,25.5,26.600000381469727,23.850000381469727,26.299999237060547,155770,0.0,0.0
2022-12-19 00:00:00-05:00,26.100000381469727,26.100000381469727,24.299999237060547,24.5,93920,0.0,0.0
2022-12-20 00:00:00-05:00,24.299999237060547,25.200000762939453,23.200000762939453,23.899999618530273,90320,0.0,0.0
2022-12-21 00:00:00-05:00,24.299999237060547,26.100000381469727,22.899999618530273,26.0,90870,0.0,0.0
2022-12-22 00:00:00-05:00,25.100000381469727,25.479999542236328,23.5,24.700000762939453,91660,0.0,0.0
2022-12-23 00:00:00-05:00,24.399999618530273,24.600000381469727,23.299999237060547,23.700000762939453,73270,0.0,0.0
2022-12-27 00:00:00-05:00,23.5,23.5,21.600000381469727,22.299999237060547,104220,0.0,0.0
2022-12-28 00:00:00-05:00,22.299999237060547,23.200000762939453,21.950000762939453,22.799999237060547,81010,0.0,0.0
2022-12-29 00:00:00-05:00,23.100000381469727,25.75,22.899999618530273,25.5,100530,0.0,0.0
2022-12-30 00:00:00-05:00,24.899999618530273,26.899999618530273,24.649999618530273,26.799999237060547,69910,0.0,0.0
2023-01-03 00:00:00-05:00,27.600000381469727,28.399999618530273,25.399999618530273,25.899999618530273,82300,0.0,0.0
2023-01-04 00:00:00-05:00,26.100000381469727,27.049999237060547,25.200000762939453,26.700000762939453,95800,0.0,0.0
2023-01-05 00:00:00-05:00,26.5,26.5,25.100000381469727,26.100000381469727,79050,0.0,0.0
2023-01-06 00:00:00-05:00,26.5,26.899999618530273,25.600000381469727,26.399999618530273,53430,0.0,0.0
2023-01-09 00:00:00-05:00,26.299999237060547,27.950000762939453,25.5,25.700000762939453,50540,0.0,0.0
2023-01-10 00:00:00-05:00,25.600000381469727,27.799999237060547,25.350000381469727,27.799999237060547,60880,0.0,0.0
2023-01-11 00:00:00-05:00,28.299999237060547,29.850000381469727,27.5,29.200000762939453,140030,0.0,0.0
2023-01-12 00:00:00-05:00,28.799999237060547,30.299999237060547,28.0,28.200000762939453,91360,0.0,0.0
2023-01-13 00:00:00-05:00,27.0,28.010000228881836,24.850000381469727,25.200000762939453,225750,0.0,0.0
2023-01-17 00:00:00-05:00,25.200000762939453,27.100000381469727,25.200000762939453,26.0,195690,0.0,0.0
2023-01-18 00:00:00-05:00,26.0,30.200000762939453,26.0,29.5,291650,0.0,0.0
2023-01-19 00:00:00-05:00,29.700000762939453,29.799999237060547,27.700000762939453,28.299999237060547,107150,0.0,0.0
2023-01-20 00:00:00-05:00,28.5,29.200000762939453,27.899999618530273,29.100000381469727,76500,0.0,0.0
2023-01-23 00:00:00-05:00,29.399999618530273,31.899999618530273,29.100000381469727,31.5,155180,0.0,0.0
2023-01-24 00:00:00-05:00,31.0,31.5,29.350000381469727,29.899999618530273,95870,0.0,0.0
2023-01-25 00:00:00-05:00,29.299999237060547,29.299999237060547,27.75,28.299999237060547,144310,0.0,0.0
2023-01-26 00:00:00-05:00,28.549999237060547,29.600000381469727,27.600000381469727,28.200000762939453,87230,0.0,0.0
2023-01-27 00:00:00-05:00,27.799999237060547,30.25,27.510000228881836,29.399999618530273,91120,0.0,0.0
2023-01-30 00:00:00-05:00,28.700000762939453,29.799999237060547,26.450000762939453,26.75,94560,0.0,0.0
2023-01-31 00:00:00-05:00,27.299999237060547,27.600000381469727,26.5,27.5,66260,0.0,0.0
2023-02-01 00:00:00-05:00,27.299999237060547,28.450000762939453,26.5,28.200000762939453,75720,0.0,0.0
2023-02-02 00:00:00-05:00,29.299999237060547,31.510000228881836,26.899999618530273,27.200000762939453,268540,0.0,0.0
2023-02-03 00:00:00-05:00,27.299999237060547,29.5,26.899999618530273,28.100000381469727,97070,0.0,0.0
2023-02-06 00:00:00-05:00,28.0,30.100000381469727,27.899999618530273,29.0,100640,0.0,0.0
2023-02-07 00:00:00-05:00,29.0,29.5,28.299999237060547,29.299999237060547,61670,0.0,0.0
2023-02-08 00:00:00-05:00,29.600000381469727,30.700000762939453,28.899999618530273,29.0,68020,0.0,0.0
2023-02-09 00:00:00-05:00,29.899999618530273,31.450000762939453,28.299999237060547,28.5,136800,0.0,0.0
2023-02-10 00:00:00-05:00,28.0,28.549999237060547,26.850000381469727,27.200000762939453,115150,0.0,0.0
2023-02-13 00:00:00-05:00,27.299999237060547,27.399999618530273,26.299999237060547,26.799999237060547,78650,0.0,0.0
2023-02-14 00:00:00-05:00,26.399999618530273,27.959999084472656,26.0,27.799999237060547,66340,0.0,0.0
2023-02-15 00:00:00-05:00,27.200000762939453,29.899999618530273,27.200000762939453,29.799999237060547,50990,0.0,0.0
2023-02-16 00:00:00-05:00,29.200000762939453,30.420000076293945,27.889999389648438,28.600000381469727,91250,0.0,0.0
2023-02-17 00:00:00-05:00,28.100000381469727,29.700000762939453,25.600000381469727,29.200000762939453,154520,0.0,0.0
2023-02-21 00:00:00-05:00,28.899999618530273,29.25,26.600000381469727,27.0,96050,0.0,0.0
2023-02-22 00:00:00-05:00,27.200000762939453,27.799999237060547,26.299999237060547,27.200000762939453,68910,0.0,0.0
2023-02-23 00:00:00-05:00,27.799999237060547,28.549999237060547,26.75,28.100000381469727,81220,0.0,0.0
2023-02-24 00:00:00-05:00,27.399999618530273,27.799999237060547,26.299999237060547,26.899999618530273,58400,0.0,0.0
2023-02-27 00:00:00-05:00,27.299999237060547,28.5,26.200000762939453,28.200000762939453,102260,0.0,0.0
2023-02-28 00:00:00-05:00,28.200000762939453,31.549999237060547,28.200000762939453,30.700000762939453,150060,0.0,0.0
2023-03-01 00:00:00-05:00,31.299999237060547,33.18000030517578,28.399999618530273,28.899999618530273,206720,0.0,0.0
2023-03-02 00:00:00-05:00,28.799999237060547,29.700000762939453,27.399999618530273,28.700000762939453,130690,0.0,0.0
2023-03-03 00:00:00-05:00,29.399999618530273,31.799999237060547,28.399999618530273,28.600000381469727,315830,0.0,0.0
2023-03-06 00:00:00-05:00,29.100000381469727,32.29999923706055,28.649999618530273,30.600000381469727,203060,0.0,0.0
2023-03-07 00:00:00-05:00,30.600000381469727,31.200000762939453,29.049999237060547,30.0,81510,0.0,0.0
2023-03-08 00:00:00-05:00,29.899999618530273,30.100000381469727,28.799999237060547,29.0,97950,0.0,0.0
2023-03-09 00:00:00-05:00,29.100000381469727,29.799999237060547,27.0,27.200000762939453,102080,0.0,0.0
2023-03-10 00:00:00-05:00,27.5,27.700000762939453,24.799999237060547,25.399999618530273,158690,0.0,0.0
2023-03-13 00:00:00-04:00,25.0,27.100000381469727,23.100000381469727,26.600000381469727,132280,0.0,0.0
2023-03-14 00:00:00-04:00,26.700000762939453,27.0,23.5,24.299999237060547,168330,0.0,0.0
2023-03-15 00:00:00-04:00,25.100000381469727,28.0,24.200000762939453,24.200000762939453,195080,0.0,0.0
2023-03-16 00:00:00-04:00,23.5,23.700000762939453,21.700000762939453,22.700000762939453,148630,0.0,0.0
2023-03-17 00:00:00-04:00,23.200000762939453,23.5,20.899999618530273,21.299999237060547,172330,0.0,0.0
2023-03-20 00:00:00-04:00,21.200000762939453,21.5,19.899999618530273,20.200000762939453,153310,0.0,0.0
2023-03-21 00:00:00-04:00,20.899999618530273,21.100000381469727,19.799999237060547,20.700000762939453,175430,0.0,0.0
2023-03-22 00:00:00-04:00,20.899999618530273,22.200000762939453,20.200000762939453,20.299999237060547,119980,0.0,0.0
2023-03-23 00:00:00-04:00,20.600000381469727,22.799999237060547,20.100000381469727,21.399999618530273,172610,0.0,0.0
2023-03-24 00:00:00-04:00,21.100000381469727,21.100000381469727,20.100000381469727,20.600000381469727,147650,0.0,0.0
2023-03-27 00:00:00-04:00,20.600000381469727,20.799999237060547,20.100000381469727,20.700000762939453,85460,0.0,0.0
2023-03-28 00:00:00-04:00,20.5,21.200000762939453,20.5,21.100000381469727,71830,0.0,0.0
2023-03-29 00:00:00-04:00,21.0,21.200000762939453,19.899999618530273,21.0,195540,0.0,0.0
2023-03-30 00:00:00-04:00,21.200000762939453,22.700000762939453,21.0,21.0,246240,0.0,0.0
2023-03-31 00:00:00-04:00,21.0,22.75,21.0,22.5,163180,0.0,0.0
2023-04-03 00:00:00-04:00,22.299999237060547,23.25,21.979999542236328,22.399999618530273,155910,0.0,0.0
2023-04-04 00:00:00-04:00,23.799999237060547,24.600000381469727,22.700000762939453,23.799999237060547,197570,0.0,0.0
2023-04-05 00:00:00-04:00,23.899999618530273,24.6200008392334,22.100000381469727,23.299999237060547,213150,0.0,0.0
2023-04-06 00:00:00-04:00,24.0,24.649999618530273,22.5,24.100000381469727,150250,0.0,0.0
2023-04-10 00:00:00-04:00,24.600000381469727,25.299999237060547,23.799999237060547,25.200000762939453,192580,0.0,0.0
2023-04-11 00:00:00-04:00,25.299999237060547,27.5,25.100000381469727,27.0,180120,0.0,0.0
2023-04-12 00:00:00-04:00,27.299999237060547,27.920000076293945,26.5,27.399999618530273,104480,0.0,0.0
2023-04-13 00:00:00-04:00,28.100000381469727,29.0,26.790000915527344,28.200000762939453,117410,0.0,0.0
2023-04-14 00:00:00-04:00,28.100000381469727,28.700000762939453,27.5,28.600000381469727,97970,0.0,0.0
2023-04-17 00:00:00-04:00,28.100000381469727,28.899999618530273,27.600000381469727,27.799999237060547,169000,0.0,0.0
2023-04-18 00:00:00-04:00,27.799999237060547,28.25,25.399999618530273,26.0,209850,0.0,0.0
2023-04-19 00:00:00-04:00,25.700000762939453,26.299999237060547,25.0,26.100000381469727,73270,0.0,0.0
2023-04-20 00:00:00-04:00,25.200000762939453,25.899999618530273,24.600000381469727,25.799999237060547,78410,0.0,0.0
2023-04-21 00:00:00-04:00,25.799999237060547,27.5,25.700000762939453,26.799999237060547,281090,0.0,0.0
2023-04-24 00:00:00-04:00,26.799999237060547,27.0,25.399999618530273,26.399999618530273,89100,0.0,0.0
2023-04-25 00:00:00-04:00,25.899999618530273,26.399999618530273,25.0,25.799999237060547,94420,0.0,0.0
2023-04-26 00:00:00-04:00,25.399999618530273,26.950000762939453,25.200000762939453,25.700000762939453,116460,0.0,0.0
2023-04-27 00:00:00-04:00,26.299999237060547,27.5,26.100000381469727,27.100000381469727,84130,0.0,0.0
2023-04-28 00:00:00-04:00,27.100000381469727,28.200000762939453,26.399999618530273,27.299999237060547,79270,0.0,0.0
2023-05-01 00:00:00-04:00,26.899999618530273,27.100000381469727,25.979999542236328,26.399999618530273,58980,0.0,0.0
2023-05-02 00:00:00-04:00,26.200000762939453,26.299999237060547,25.0,25.200000762939453,54150,0.0,0.0
2023-05-03 00:00:00-04:00,25.200000762939453,26.5,25.100000381469727,25.799999237060547,48980,0.0,0.0
2023-05-04 00:00:00-04:00,26.0,26.18000030517578,25.0,25.200000762939453,61490,0.0,0.0
2023-05-05 00:00:00-04:00,25.700000762939453,26.299999237060547,25.329999923706055,26.100000381469727,50340,0.0,0.0
2023-05-08 00:00:00-04:00,25.700000762939453,26.75,25.700000762939453,26.399999618530273,50480,0.0,0.0
2023-05-09 00:00:00-04:00,27.100000381469727,27.149999618530273,25.600000381469727,26.5,132360,0.0,0.0
2023-05-10 00:00:00-04:00,28.200000762939453,29.600000381469727,27.100000381469727,27.700000762939453,181140,0.0,0.0
2023-05-11 00:00:00-04:00,28.100000381469727,29.709999084472656,27.700000762939453,28.899999618530273,122130,0.0,0.0
2023-05-12 00:00:00-04:00,29.200000762939453,31.700000762939453,28.950000762939453,31.0,225130,0.0,0.0
2023-05-15 00:00:00-04:00,30.600000381469727,35.04999923706055,30.200000762939453,34.0,287010,0.0,0.0
2023-05-16 00:00:00-04:00,33.900001525878906,35.099998474121094,30.899999618530273,32.0,167230,0.0,0.0
2023-05-17 00:00:00-04:00,32.5,35.0,32.150001525878906,34.0,125750,0.0,0.0
2023-05-18 00:00:00-04:00,34.0,34.099998474121094,29.899999618530273,30.200000762939453,186410,0.0,0.0
2023-05-19 00:00:00-04:00,30.200000762939453,32.29999923706055,30.0,30.799999237060547,125080,0.0,0.0
2023-05-22 00:00:00-04:00,30.899999618530273,34.20000076293945,30.299999237060547,33.79999923706055,144150,0.0,0.0
2023-05-23 00:00:00-04:00,33.400001525878906,35.54999923706055,33.349998474121094,34.099998474121094,119370,0.0,0.0
2023-05-24 00:00:00-04:00,33.900001525878906,33.900001525878906,32.29999923706055,32.400001525878906,135830,0.0,0.0
2023-05-25 00:00:00-04:00,32.70000076293945,32.900001525878906,26.299999237060547,28.399999618530273,480070,0.0,0.0
2023-05-26 00:00:00-04:00,28.899999618530273,29.75,27.899999618530273,28.5,96690,0.0,0.0
2023-05-30 00:00:00-04:00,29.0,30.110000610351562,26.299999237060547,26.799999237060547,249050,0.0,0.0
2023-05-31 00:00:00-04:00,26.799999237060547,28.5,26.5,27.600000381469727,208460,0.0,0.0
2023-06-01 00:00:00-04:00,27.5,28.290000915527344,26.950000762939453,27.799999237060547,125220,0.0,0.0
2023-06-02 00:00:00-04:00,28.399999618530273,29.610000610351562,27.5,28.200000762939453,121620,0.0,0.0
2023-06-05 00:00:00-04:00,28.100000381469727,28.899999618530273,27.649999618530273,28.200000762939453,92340,0.0,0.0
2023-06-06 00:00:00-04:00,27.899999618530273,28.399999618530273,26.600000381469727,27.399999618530273,113600,0.0,0.0
2023-06-07 00:00:00-04:00,27.299999237060547,28.100000381469727,26.799999237060547,27.399999618530273,98410,0.0,0.0
2023-06-08 00:00:00-04:00,27.299999237060547,27.75,26.899999618530273,27.5,79370,0.0,0.0
2023-06-09 00:00:00-04:00,27.5,27.700000762939453,26.399999618530273,27.100000381469727,104200,0.0,0.0
2023-06-12 00:00:00-04:00,27.0,27.5,25.75,26.0,161890,0.0,0.0
2023-06-13 00:00:00-04:00,26.0,26.700000762939453,25.56999969482422,26.399999618530273,207410,0.0,0.0
2023-06-14 00:00:00-04:00,26.700000762939453,26.75,25.5,25.700000762939453,121650,0.0,0.0
2023-06-15 00:00:00-04:00,25.600000381469727,27.100000381469727,25.100000381469727,27.0,142210,0.0,0.0
2023-06-16 00:00:00-04:00,27.0,27.5,25.700000762939453,25.799999237060547,233130,0.0,0.0
2023-06-20 00:00:00-04:00,26.200000762939453,26.200000762939453,24.299999237060547,24.799999237060547,108610,0.0,0.0
2023-06-21 00:00:00-04:00,24.799999237060547,25.399999618530273,23.899999618530273,24.799999237060547,153470,0.0,0.0
2023-06-22 00:00:00-04:00,24.799999237060547,27.100000381469727,24.399999618530273,26.600000381469727,361560,0.0,0.0
2023-06-23 00:00:00-04:00,26.399999618530273,26.399999618530273,24.399999618530273,25.399999618530273,624680,0.0,0.0
2023-06-26 00:00:00-04:00,25.200000762939453,25.899999618530273,24.700000762939453,25.299999237060547,229560,0.0,0.0
2023-06-27 00:00:00-04:00,25.299999237060547,26.799999237060547,24.25,26.399999618530273,227440,0.0,0.0
2023-06-28 00:00:00-04:00,26.100000381469727,28.5,26.0,28.399999618530273,191230,0.0,0.0
2023-06-29 00:00:00-04:00,28.399999618530273,29.700000762939453,27.899999618530273,29.600000381469727,433930,0.0,0.0
2023-06-30 00:00:00-04:00,29.700000762939453,32.79999923706055,29.299999237060547,32.20000076293945,345850,0.0,0.0
2023-07-03 00:00:00-04:00,32.0,33.0,31.700000762939453,32.70000076293945,146780,0.0,0.0
2023-07-05 00:00:00-04:00,32.5,32.5,30.75,31.5,143910,0.0,0.0
2023-07-06 00:00:00-04:00,30.600000381469727,30.700000762939453,29.399999618530273,30.200000762939453,118170,0.0,0.0
2023-07-07 00:00:00-04:00,30.399999618530273,32.20000076293945,30.200000762939453,31.299999237060547,128380,0.0,0.0
2023-07-10 00:00:00-04:00,31.100000381469727,32.099998474121094,30.25,32.0,128000,0.0,0.0
2023-07-11 00:00:00-04:00,31.899999618530273,32.29999923706055,30.899999618530273,31.299999237060547,98820,0.0,0.0
2023-07-12 00:00:00-04:00,31.799999237060547,32.95000076293945,30.799999237060547,32.79999923706055,140010,0.0,0.0
2023-07-13 00:00:00-04:00,32.70000076293945,33.5,31.649999618530273,32.29999923706055,122250,0.0,0.0
2023-07-14 00:00:00-04:00,32.5,32.79999923706055,31.200000762939453,31.299999237060547,89600,0.0,0.0
2023-07-17 00:00:00-04:00,31.399999618530273,33.599998474121094,30.299999237060547,33.20000076293945,124560,0.0,0.0
2023-07-18 00:00:00-04:00,33.29999923706055,34.79999923706055,32.099998474121094,32.79999923706055,163760,0.0,0.0
2023-07-19 00:00:00-04:00,33.0,35.75,33.0,33.400001525878906,218220,0.0,0.0
2023-07-20 00:00:00-04:00,33.5,34.70000076293945,31.899999618530273,34.5,120360,0.0,0.0
2023-07-21 00:00:00-04:00,34.79999923706055,37.04999923706055,34.599998474121094,36.5,202590,0.0,0.0
2023-07-24 00:00:00-04:00,36.70000076293945,38.099998474121094,34.400001525878906,37.900001525878906,218620,0.0,0.0
2023-07-25 00:00:00-04:00,38.29999923706055,38.5,34.599998474121094,35.5,182360,0.0,0.0
2023-07-26 00:00:00-04:00,34.70000076293945,36.349998474121094,34.52000045776367,35.79999923706055,88260,0.0,0.0
2023-07-27 00:00:00-04:00,36.099998474121094,37.599998474121094,35.599998474121094,36.29999923706055,167670,0.0,0.0
2023-07-28 00:00:00-04:00,36.29999923706055,37.04999923706055,35.900001525878906,36.79999923706055,118800,0.0,0.0
2023-07-31 00:00:00-04:00,37.0,38.099998474121094,36.599998474121094,38.0,90630,0.0,0.0
2023-08-01 00:00:00-04:00,37.599998474121094,38.70000076293945,37.29999923706055,37.5,107240,0.0,0.0
2023-08-02 00:00:00-04:00,37.20000076293945,37.20000076293945,33.599998474121094,35.099998474121094,111140,0.0,0.0
2023-08-03 00:00:00-04:00,34.900001525878906,36.5,34.79999923706055,35.04999923706055,47140,0.0,0.0
2023-08-04 00:00:00-04:00,35.900001525878906,35.900001525878906,33.810001373291016,34.70000076293945,104860,0.0,0.0
2023-08-07 00:00:00-04:00,34.400001525878906,34.5,33.0,33.79999923706055,93150,0.0,0.0
2023-08-08 00:00:00-04:00,33.400001525878906,35.099998474121094,31.100000381469727,34.599998474121094,308130,0.0,0.0
2023-08-09 00:00:00-04:00,26.600000381469727,31.350000381469727,22.5,23.0,1025500,0.0,0.0
2023-08-10 00:00:00-04:00,23.299999237060547,25.5,22.149999618530273,22.200000762939453,493900,0.0,0.0
2023-08-11 00:00:00-04:00,22.0,24.799999237060547,20.049999237060547,23.100000381469727,534250,0.0,0.0
2023-08-14 00:00:00-04:00,22.799999237060547,22.799999237060547,20.299999237060547,21.399999618530273,261620,0.0,0.0
2023-08-15 00:00:00-04:00,21.0,21.25,19.600000381469727,19.899999618530273,255650,0.0,0.0
2023-08-16 00:00:00-04:00,20.0,20.299999237060547,19.100000381469727,19.5,165820,0.0,0.0
2023-08-17 00:00:00-04:00,19.299999237060547,19.799999237060547,18.700000762939453,19.200000762939453,225730,0.0,0.0
2023-08-18 00:00:00-04:00,19.200000762939453,19.5,18.549999237060547,19.299999237060547,99960,0.0,0.0
2023-08-21 00:00:00-04:00,19.399999618530273,19.75,18.899999618530273,19.200000762939453,126960,0.0,0.0
2023-08-22 00:00:00-04:00,19.5,19.899999618530273,18.75,19.700000762939453,121920,0.0,0.0
2023-08-23 00:00:00-04:00,19.5,20.299999237060547,19.100000381469727,19.100000381469727,110130,0.0,0.0
2023-08-24 00:00:00-04:00,19.0,19.0,18.100000381469727,18.200000762939453,129390,0.0,0.0
2023-08-25 00:00:00-04:00,18.200000762939453,18.899999618530273,18.0,18.700000762939453,95050,0.0,0.0
2023-08-28 00:00:00-04:00,18.899999618530273,19.899999618530273,18.799999237060547,19.700000762939453,88410,0.0,0.0
2023-08-29 00:00:00-04:00,19.700000762939453,20.850000381469727,19.18000030517578,20.700000762939453,140980,0.0,0.0
2023-08-30 00:00:00-04:00,20.700000762939453,21.049999237060547,19.0,19.200000762939453,185040,0.0,0.0
2023-08-31 00:00:00-04:00,19.200000762939453,20.399999618530273,18.700000762939453,18.799999237060547,116120,0.0,0.0
2023-09-01 00:00:00-04:00,19.200000762939453,20.100000381469727,19.200000762939453,19.899999618530273,75360,0.0,0.0
2023-09-05 00:00:00-04:00,20.100000381469727,20.200000762939453,19.399999618530273,19.5,89960,0.0,0.0
2023-09-06 00:00:00-04:00,19.399999618530273,19.5,18.200000762939453,18.5,115230,0.0,0.0
2023-09-07 00:00:00-04:00,18.5,18.5,17.0,17.399999618530273,174490,0.0,0.0
2023-09-08 00:00:00-04:00,17.0,17.549999237060547,15.899999618530273,16.5,186110,0.0,0.0
2023-09-11 00:00:00-04:00,16.700000762939453,17.0,15.800000190734863,16.200000762939453,83250,0.0,0.0
2023-09-12 00:00:00-04:00,16.200000762939453,16.850000381469727,14.800000190734863,15.199999809265137,272050,0.0,0.0
2023-09-13 00:00:00-04:00,14.899999618530273,15.0,13.0,13.199999809265137,274100,0.0,0.0
2023-09-14 00:00:00-04:00,13.199999809265137,14.5,13.100000381469727,13.800000190734863,209230,0.0,0.0
2023-09-15 00:00:00-04:00,14.0,14.800000190734863,13.420000076293945,14.199999809265137,331530,0.0,0.0
2023-09-18 00:00:00-04:00,14.199999809265137,14.520000457763672,13.149999618530273,13.5,158990,0.0,0.0
2023-09-19 00:00:00-04:00,13.800000190734863,15.699999809265137,13.550000190734863,14.600000381469727,379400,0.0,0.0
2023-09-20 00:00:00-04:00,14.800000190734863,15.649999618530273,14.100000381469727,14.600000381469727,181760,0.0,0.0
2023-09-21 00:00:00-04:00,14.100000381469727,14.399999618530273,13.100000381469727,13.5,252690,0.0,0.0
2023-09-22 00:00:00-04:00,13.600000381469727,13.899999618530273,12.699999809265137,13.899999618530273,310740,0.0,0.0
2023-09-25 00:00:00-04:00,13.699999809265137,13.800000190734863,12.850000381469727,13.199999809265137,208450,0.0,0.0
2023-09-26 00:00:00-04:00,13.100000381469727,13.180000305175781,12.300000190734863,12.600000381469727,167790,0.0,0.0
2023-09-27 00:00:00-04:00,12.800000190734863,12.949999809265137,11.5,11.800000190734863,194020,0.0,0.0
2023-09-28 00:00:00-04:00,11.899999618530273,12.399999618530273,11.300000190734863,11.899999618530273,324320,0.0,0.0
2023-09-29 00:00:00-04:00,12.100000381469727,12.899999618530273,12.0,12.800000190734863,201870,0.0,0.0
2023-10-02 00:00:00-04:00,12.899999618530273,12.949999809265137,11.899999618530273,12.100000381469727,137680,0.0,0.0
2023-10-03 00:00:00-04:00,12.0,12.199999809265137,11.149999618530273,11.800000190734863,128580,0.0,0.0
2023-10-04 00:00:00-04:00,12.0,12.199999809265137,10.800000190734863,11.100000381469727,248570,0.0,0.0
2023-10-05 00:00:00-04:00,11.199999809265137,12.600000381469727,10.699999809265137,11.899999618530273,239630,0.0,0.0
2023-10-06 00:00:00-04:00,11.5,12.699999809265137,11.0,12.600000381469727,182990,0.0,0.0
2023-10-09 00:00:00-04:00,12.199999809265137,12.949999809265137,12.199999809265137,12.800000190734863,98190,0.0,0.0
2023-10-10 00:00:00-04:00,13.0,14.800000190734863,13.0,14.5,158650,0.0,0.0
2023-10-11 00:00:00-04:00,14.600000381469727,14.850000381469727,13.199999809265137,13.899999618530273,89210,0.0,0.0
2023-10-12 00:00:00-04:00,13.600000381469727,13.899999618530273,12.850000381469727,13.100000381469727,63560,0.0,0.0
2023-10-13 00:00:00-04:00,13.100000381469727,13.300000190734863,12.800000190734863,13.100000381469727,66040,0.0,0.0
2023-10-16 00:00:00-04:00,12.899999618530273,13.300000190734863,12.5,13.100000381469727,83600,0.0,0.0
2023-10-17 00:00:00-04:00,13.199999809265137,14.5,12.899999618530273,14.100000381469727,68430,0.0,0.0
2023-10-18 00:00:00-04:00,13.899999618530273,14.100000381469727,12.5,13.5,77170,0.0,0.0
2023-10-19 00:00:00-04:00,13.300000190734863,13.800000190734863,12.920000076293945,13.149999618530273,33220,0.0,0.0
2023-10-20 00:00:00-04:00,13.0,13.0,12.0,12.199999809265137,86340,0.0,0.0
2023-10-23 00:00:00-04:00,12.0,12.800000190734863,11.800000190734863,12.399999618530273,68460,0.0,0.0
2023-10-24 00:00:00-04:00,12.600000381469727,13.390000343322754,12.399999618530273,12.5,68450,0.0,0.0
2023-10-25 00:00:00-04:00,12.399999618530273,12.800000190734863,12.0,12.5,74890,0.0,0.0
2023-10-26 00:00:00-04:00,12.399999618530273,12.600000381469727,11.5,11.899999618530273,100110,0.0,0.0
2023-10-27 00:00:00-04:00,12.0,12.0,11.100000381469727,11.199999809265137,60820,0.0,0.0
2023-10-30 00:00:00-04:00,11.300000190734863,11.75,10.800000190734863,10.899999618530273,102990,0.0,0.0
2023-10-31 00:00:00-04:00,10.5,11.300000190734863,10.5,10.699999809265137,98000,0.0,0.0
2023-11-01 00:00:00-04:00,10.899999618530273,11.100000381469727,10.25,10.5,89150,0.0,0.0
2023-11-02 00:00:00-04:00,10.800000190734863,12.399999618530273,10.699999809265137,12.199999809265137,93520,0.0,0.0
2023-11-03 00:00:00-04:00,12.399999618530273,13.600000381469727,12.399999618530273,12.5,90250,0.0,0.0
2023-11-06 00:00:00-05:00,12.800000190734863,12.800000190734863,11.699999809265137,12.0,101100,0.0,0.0
2023-11-07 00:00:00-05:00,12.0,12.199999809265137,11.5,11.899999618530273,128820,0.0,0.0
2023-11-08 00:00:00-05:00,7.300000190734863,7.400000095367432,2.819999933242798,4.230000019073486,2871060,0.0,0.0
2023-11-09 00:00:00-05:00,4.840000152587891,5.5,3.799999952316284,4.5,1411530,0.0,0.0
2023-11-10 00:00:00-05:00,4.590000152587891,4.590000152587891,4.0,4.400000095367432,430890,0.0,0.0
2023-11-13 00:00:00-05:00,4.400000095367432,4.579999923706055,4.0,4.5,371520,0.0,0.0
2023-11-14 00:00:00-05:00,4.610000133514404,5.099999904632568,4.389999866485596,4.929999828338623,419340,0.0,0.0
2023-11-15 00:00:00-05:00,5.050000190734863,5.599999904632568,4.809999942779541,5.170000076293945,327620,0.0,0.0
2023-11-16 00:00:00-05:00,5.019999980926514,5.300000190734863,4.800000190734863,5.079999923706055,222030,0.0,0.0
2023-11-17 00:00:00-05:00,5.300000190734863,5.46999979019165,4.860000133514404,5.170000076293945,333460,0.0,0.0
2023-11-20 00:00:00-05:00,5.139999866485596,5.75,5.0,5.539999961853027,202300,0.0,0.0
2023-11-21 00:00:00-05:00,5.699999809265137,5.71999979019165,5.230000019073486,5.519999980926514,270920,0.0,0.0
2023-11-22 00:00:00-05:00,5.539999961853027,6.300000190734863,5.420000076293945,6.199999809265137,290430,0.0,0.0
2023-11-24 00:00:00-05:00,6.309999942779541,6.480000019073486,5.739999771118164,6.369999885559082,93940,0.0,0.0
2023-11-27 00:00:00-05:00,6.380000114440918,6.670000076293945,6.119999885559082,6.210000038146973,476840,0.0,0.0
2023-11-28 00:00:00-05:00,6.0,6.639999866485596,6.0,6.5,108620,0.0,0.0
2023-11-29 00:00:00-05:00,6.380000114440918,7.489999771118164,6.380000114440918,7.400000095367432,287430,0.0,0.0
2023-11-30 00:00:00-05:00,7.590000152587891,7.699999809265137,6.5,6.5,177800,0.0,0.0
2023-12-01 00:00:00-05:00,6.5,7.159999847412109,6.5,6.869999885559082,133150,0.0,0.0
2023-12-04 00:00:00-05:00,7.0,7.380000114440918,6.840000152587891,7.090000152587891,73180,0.0,0.0
2023-12-05 00:00:00-05:00,7.099999904632568,7.230000019073486,6.610000133514404,6.650000095367432,77910,0.0,0.0
2023-12-06 00:00:00-05:00,7.0,7.190000057220459,6.730000019073486,6.829999923706055,55050,0.0,0.0
2023-12-07 00:00:00-05:00,7.0,7.199999809265137,6.739999771118164,7.079999923706055,43650,0.0,0.0
2023-12-08 00:00:00-05:00,6.900000095367432,7.590000152587891,6.900000095367432,7.46999979019165,115460,0.0,0.0
2023-12-11 00:00:00-05:00,7.599999904632568,8.899999618530273,7.460000038146973,8.199999809265137,154430,0.0,0.0
2023-12-12 00:00:00-05:00,8.760000228881836,8.760000228881836,7.429999828338623,7.659999847412109,144130,0.0,0.0
2023-12-13 00:00:00-05:00,7.619999885559082,8.239999771118164,7.0,8.149999618530273,148780,0.0,0.0
2023-12-14 00:00:00-05:00,8.329999923706055,9.300000190734863,8.300000190734863,8.899999618530273,216440,0.0,0.0
2023-12-15 00:00:00-05:00,9.300000190734863,9.989999771118164,9.079999923706055,9.420000076293945,239890,0.0,0.0
2023-12-18 00:00:00-05:00,9.399999618530273,9.5600004196167,8.0,8.100000381469727,144640,0.0,0.0
2023-12-19 00:00:00-05:00,8.199999809265137,8.899999618530273,7.630000114440918,7.75,112810,0.0,0.0
2023-12-20 00:00:00-05:00,7.820000171661377,8.199999809265137,7.199999809265137,7.320000171661377,121150,0.0,0.0
2023-12-21 00:00:00-05:00,7.400000095367432,7.570000171661377,6.670000076293945,6.960000038146973,186850,0.0,0.0
2023-12-22 00:00:00-05:00,6.96999979019165,7.300000190734863,6.539999961853027,6.570000171661377,152730,0.0,0.0
2023-12-26 00:00:00-05:00,6.599999904632568,7.400000095367432,6.46999979019165,7.369999885559082,149120,0.0,0.0
2023-12-27 00:00:00-05:00,7.369999885559082,8.100000381469727,7.150000095367432,7.289999961853027,119470,0.0,0.0
2023-12-28 00:00:00-05:00,7.340000152587891,8.0,7.070000171661377,7.159999847412109,309350,0.0,0.0
2023-12-29 00:00:00-05:00,7.269999980926514,7.579999923706055,6.699999809265137,6.929999828338623,94220,0.0,0.0
2024-01-02 00:00:00-05:00,7.320000171661377,7.5,6.599999904632568,6.949999809265137,93800,0.0,0.0
2024-01-03 00:00:00-05:00,7.190000057220459,7.28000020980835,6.800000190734863,6.920000076293945,71520,0.0,0.0
2024-01-04 00:00:00-05:00,6.900000095367432,6.949999809265137,6.300000190734863,6.409999847412109,80830,0.0,0.0
2024-01-05 00:00:00-05:00,6.519999980926514,6.800000190734863,6.119999885559082,6.25,46760,0.0,0.0
2024-01-08 00:00:00-05:00,6.400000095367432,6.610000133514404,6.199999809265137,6.429999828338623,68320,0.0,0.0
2024-01-09 00:00:00-05:00,6.400000095367432,6.539999961853027,5.840000152587891,5.909999847412109,46670,0.0,0.0
2024-01-10 00:00:00-05:00,6.0,6.0,5.400000095367432,5.630000114440918,73500,0.0,0.0
2024-01-11 00:00:00-05:00,5.699999809265137,5.869999885559082,5.099999904632568,5.429999828338623,81730,0.0,0.0
2024-01-12 00:00:00-05:00,5.5,6.199999809265137,5.489999771118164,5.679999828338623,57730,0.0,0.0
2024-01-16 00:00:00-05:00,5.679999828338623,5.679999828338623,5.010000228881836,5.110000133514404,50890,0.0,0.0
2024-01-17 00:00:00-05:00,5.0,5.5,4.699999809265137,4.809999942779541,66980,0.0,0.0
2024-01-18 00:00:00-05:00,5.050000190734863,5.21999979019165,4.699999809265137,4.940000057220459,61470,0.0,0.0
2024-01-19 00:00:00-05:00,5.079999923706055,5.300000190734863,4.710000038146973,5.260000228881836,58040,0.0,0.0
2024-01-22 00:00:00-05:00,5.159999847412109,6.050000190734863,4.980000019073486,5.659999847412109,64870,0.0,0.0
2024-01-23 00:00:00-05:00,5.860000133514404,5.889999866485596,5.5,5.670000076293945,27640,0.0,0.0
2024-01-24 00:00:00-05:00,5.690000057220459,5.789999961853027,5.21999979019165,5.300000190734863,28160,0.0,0.0
2024-01-25 00:00:00-05:00,5.25,5.559999942779541,5.099999904632568,5.300000190734863,42680,0.0,0.0
2024-01-26 00:00:00-05:00,5.699999809265137,5.789999961853027,5.369999885559082,5.699999809265137,69140,0.0,0.0
2024-01-29 00:00:00-05:00,5.5,5.889999866485596,5.230000019073486,5.800000190734863,71420,0.0,0.0
2024-01-30 00:00:00-05:00,5.510000228881836,5.699999809265137,5.099999904632568,5.170000076293945,49240,0.0,0.0
2024-01-31 00:00:00-05:00,5.150000095367432,5.369999885559082,5.010000228881836,5.010000228881836,45340,0.0,0.0
2024-02-01 00:00:00-05:00,5.010000228881836,5.349999904632568,5.010000228881836,5.239999771118164,34400,0.0,0.0
2024-02-02 00:00:00-05:00,5.099999904632568,5.300000190734863,5.0,5.050000190734863,36840,0.0,0.0
2024-02-05 00:00:00-05:00,5.110000133514404,5.179999828338623,4.53000020980835,4.619999885559082,72100,0.0,0.0
2024-02-06 00:00:00-05:00,4.53000020980835,5.0,4.53000020980835,4.889999866485596,40340,0.0,0.0
2024-02-07 00:00:00-05:00,4.789999961853027,5.0,4.730000019073486,4.739999771118164,49500,0.0,0.0
2024-02-08 00:00:00-05:00,4.710000038146973,5.199999809265137,4.699999809265137,4.989999771118164,66750,0.0,0.0
2024-02-09 00:00:00-05:00,5.239999771118164,5.699999809265137,5.159999847412109,5.659999847412109,73510,0.0,0.0
2024-02-12 00:00:00-05:00,5.800000190734863,7.340000152587891,5.800000190734863,7.059999942779541,144240,0.0,0.0
2024-02-13 00:00:00-05:00,6.269999980926514,6.900000095367432,6.0,6.050000190734863,72140,0.0,0.0
2024-02-14 00:00:00-05:00,6.25,6.900000095367432,6.0,6.75,78440,0.0,0.0
2024-02-15 00:00:00-05:00,6.75,6.900000095367432,6.309999942779541,6.389999866485596,32460,0.0,0.0
2024-02-16 00:00:00-05:00,6.449999809265137,6.699999809265137,5.659999847412109,5.71999979019165,71300,0.0,0.0
2024-02-20 00:00:00-05:00,5.699999809265137,5.889999866485596,5.199999809265137,5.429999828338623,58480,0.0,0.0
2024-02-21 00:00:00-05:00,5.260000228881836,5.659999847412109,5.190000057220459,5.230000019073486,29050,0.0,0.0
2024-02-22 00:00:00-05:00,5.269999980926514,5.489999771118164,5.099999904632568,5.230000019073486,39750,0.0,0.0
2024-02-23 00:00:00-05:00,5.199999809265137,5.699999809265137,5.099999904632568,5.400000095367432,208700,0.0,0.0
2024-02-26 00:00:00-05:00,5.610000133514404,5.699999809265137,5.099999904632568,5.230000019073486,45280,0.0,0.0
2024-02-27 00:00:00-05:00,5.099999904632568,5.550000190734863,5.099999904632568,5.460000038146973,32800,0.0,0.0
2024-02-28 00:00:00-05:00,5.460000038146973,5.46999979019165,4.300000190734863,4.510000228881836,149570,0.0,0.0
2024-02-29 00:00:00-05:00,4.800000190734863,5.400000095367432,4.800000190734863,5.119999885559082,46100,0.0,0.0
2024-03-01 00:00:00-05:00,5.190000057220459,5.489999771118164,4.809999942779541,5.070000171661377,87540,0.0,0.0
2024-03-04 00:00:00-05:00,5.099999904632568,5.199999809265137,4.840000152587891,5.039999961853027,29360,0.0,0.0
2024-03-05 00:00:00-05:00,5.019999980926514,5.159999847412109,4.75,4.900000095367432,70710,0.0,0.0
2024-03-06 00:00:00-05:00,4.96999979019165,5.300000190734863,4.78000020980835,5.0,51380,0.0,0.0
2024-03-07 00:00:00-05:00,5.03000020980835,5.210000038146973,4.909999847412109,5.059999942779541,30560,0.0,0.0
2024-03-08 00:00:00-05:00,4.96999979019165,5.269999980926514,4.960000038146973,5.050000190734863,38490,0.0,0.0
2024-03-11 00:00:00-04:00,5.150000095367432,5.260000228881836,4.710000038146973,4.760000228881836,45420,0.0,0.0
2024-03-12 00:00:00-04:00,4.849999904632568,4.849999904632568,4.5,4.570000171661377,91760,0.0,0.0
2024-03-13 00:00:00-04:00,4.510000228881836,5.099999904632568,4.510000228881836,4.75,177120,0.0,0.0
2024-03-14 00:00:00-04:00,4.150000095367432,4.960000038146973,3.9000000953674316,4.449999809265137,220420,0.0,0.0
2024-03-15 00:00:00-04:00,4.449999809265137,4.900000095367432,4.300000190734863,4.420000076293945,220690,0.0,0.0
2024-03-18 00:00:00-04:00,4.599999904632568,5.059999942779541,4.429999828338623,4.96999979019165,69750,0.0,0.0
2024-03-19 00:00:00-04:00,5.159999847412109,5.550000190734863,4.96999979019165,5.369999885559082,90340,0.0,0.0
2024-03-20 00:00:00-04:00,5.5,5.599999904632568,5.139999866485596,5.46999979019165,101310,0.0,0.0
2024-03-21 00:00:00-04:00,5.46999979019165,6.159999847412109,5.46999979019165,5.78000020980835,141390,0.0,0.0
2024-03-22 00:00:00-04:00,5.710000038146973,5.800000190734863,4.300000190734863,4.679999828338623,198040,0.0,0.0
2024-03-25 00:00:00-04:00,5.0,5.079999923706055,4.599999904632568,4.789999961853027,61810,0.0,0.0
2024-03-26 00:00:00-04:00,4.670000076293945,5.349999904632568,4.599999904632568,5.190000057220459,79590,0.0,0.0
2024-03-27 00:00:00-04:00,5.130000114440918,6.079999923706055,5.019999980926514,5.880000114440918,114410,0.0,0.0
2024-03-28 00:00:00-04:00,5.699999809265137,6.210000038146973,5.199999809265137,5.389999866485596,123720,0.0,0.0
2024-04-01 00:00:00-04:00,5.690000057220459,5.690000057220459,5.010000228881836,5.260000228881836,67820,0.0,0.0
2024-04-02 00:00:00-04:00,5.130000114440918,5.400000095367432,4.800000190734863,4.849999904632568,75690,0.0,0.0
2024-04-03 00:00:00-04:00,4.900000095367432,5.099999904632568,4.699999809265137,5.050000190734863,58700,0.0,0.0
2024-04-04 00:00:00-04:00,5.170000076293945,5.789999961853027,5.0,5.389999866485596,78560,0.0,0.0
2024-04-05 00:00:00-04:00,5.400000095367432,5.610000133514404,5.019999980926514,5.519999980926514,56290,0.0,0.0
2024-04-08 00:00:00-04:00,5.510000228881836,5.610000133514404,5.099999904632568,5.28000020980835,40550,0.0,0.0
2024-04-09 00:00:00-04:00,5.46999979019165,5.5,5.170000076293945,5.360000133514404,28430,0.0,0.0
2024-04-10 00:00:00-04:00,5.329999923706055,5.550000190734863,4.900000095367432,5.099999904632568,36750,0.0,0.0
2024-04-11 00:00:00-04:00,5.400000095367432,5.400000095367432,4.690000057220459,4.849999904632568,63780,0.0,0.0
2024-04-12 00:00:00-04:00,4.840000152587891,4.960000038146973,4.710000038146973,4.75,27760,0.0,0.0
2024-04-15 00:00:00-04:00,4.949999809265137,5.03000020980835,4.420000076293945,4.5,43380,0.0,0.0
2024-04-16 00:00:00-04:00,4.449999809265137,4.449999809265137,4.0,4.050000190734863,53420,0.0,0.0
2024-04-17 00:00:00-04:00,4.0,4.409999847412109,4.0,4.070000171661377,52100,0.0,0.0
2024-04-18 00:00:00-04:00,4.199999809265137,4.21999979019165,3.700000047683716,3.809999942779541,56660,0.0,0.0
2024-04-19 00:00:00-04:00,3.9000000953674316,4.199999809265137,3.809999942779541,3.9100000858306885,41120,0.0,0.0
2024-04-22 00:00:00-04:00,4.0,4.150000095367432,3.8399999141693115,3.930000066757202,46720,0.0,0.0
2024-04-23 00:00:00-04:00,4.170000076293945,4.349999904632568,3.9000000953674316,4.170000076293945,24820,0.0,0.0
2024-04-24 00:00:00-04:00,4.099999904632568,4.690000057220459,4.099999904632568,4.519999980926514,42270,0.0,0.0
2024-04-25 00:00:00-04:00,4.639999866485596,4.699999809265137,4.0,4.019999980926514,48950,0.0,0.0
2024-04-26 00:00:00-04:00,4.019999980926514,4.480000019073486,3.9000000953674316,4.289999961853027,32050,0.0,0.0
2024-04-29 00:00:00-04:00,4.300000190734863,4.699999809265137,4.199999809265137,4.480000019073486,36560,0.0,0.0
2024-04-30 00:00:00-04:00,4.360000133514404,4.900000095367432,4.349999904632568,4.599999904632568,53170,0.0,0.0
2024-05-01 00:00:00-04:00,4.650000095367432,4.989999771118164,4.349999904632568,4.46999979019165,63220,0.0,0.0
2024-05-02 00:00:00-04:00,4.5,4.699999809265137,4.400000095367432,4.659999847412109,25980,0.0,0.0
2024-05-03 00:00:00-04:00,4.71999979019165,5.809999942779541,4.659999847412109,5.429999828338623,146880,0.0,0.0
2024-05-06 00:00:00-04:00,5.400000095367432,5.699999809265137,5.119999885559082,5.340000152587891,104580,0.0,0.0
2024-05-07 00:00:00-04:00,5.179999828338623,5.860000133514404,5.179999828338623,5.730000019073486,74160,0.0,0.0
2024-05-08 00:00:00-04:00,5.610000133514404,5.75,5.050000190734863,5.130000114440918,63490,0.0,0.0
2024-05-09 00:00:00-04:00,5.400000095367432,5.510000228881836,5.050000190734863,5.5,79710,0.0,0.0
2024-05-10 00:00:00-04:00,5.599999904632568,5.599999904632568,4.619999885559082,4.659999847412109,120900,0.0,0.0
2024-05-13 00:00:00-04:00,4.710000038146973,5.25,4.710000038146973,4.989999771118164,61610,0.0,0.0
2024-05-14 00:00:00-04:00,5.0,5.230000019073486,4.849999904632568,5.139999866485596,31330,0.0,0.0
2024-05-15 00:00:00-04:00,5.28000020980835,5.28000020980835,4.679999828338623,5.059999942779541,37550,0.0,0.0
2024-05-16 00:00:00-04:00,4.730000019073486,5.130000114440918,4.670000076293945,4.849999904632568,47620,0.0,0.0
2024-05-17 00:00:00-04:00,5.0,5.150000095367432,4.699999809265137,4.989999771118164,45920,0.0,0.0
2024-05-20 00:00:00-04:00,5.099999904632568,5.210000038146973,5.050000190734863,5.070000171661377,26630,0.0,0.0
2024-05-21 00:00:00-04:00,5.119999885559082,5.210000038146973,4.650000095367432,4.71999979019165,36560,0.0,0.0
2024-05-22 00:00:00-04:00,4.800000190734863,5.300000190734863,4.699999809265137,5.199999809265137,69550,0.0,0.0
2024-05-23 00:00:00-04:00,5.199999809265137,5.199999809265137,4.809999942779541,4.900000095367432,40550,0.0,0.0
2024-05-24 00:00:00-04:00,5.0,5.199999809265137,4.78000020980835,4.900000095367432,64820,0.0,0.0
2024-05-28 00:00:00-04:00,4.800000190734863,5.199999809265137,4.800000190734863,5.159999847412109,49080,0.0,0.0
2024-05-29 00:00:00-04:00,4.949999809265137,5.130000114440918,4.730000019073486,4.809999942779541,44860,0.0,0.0
2024-05-30 00:00:00-04:00,4.789999961853027,5.070000171661377,4.789999961853027,4.840000152587891,29690,0.0,0.0
2024-05-31 00:00:00-04:00,4.900000095367432,5.199999809265137,4.900000095367432,5.179999828338623,44010,0.0,0.0
2024-06-03 00:00:00-04:00,5.179999828338623,5.199999809265137,5.0,5.0,26480,0.0,0.0
2024-06-04 00:00:00-04:00,4.920000076293945,5.090000152587891,4.840000152587891,4.880000114440918,20560,0.0,0.0
2024-06-05 00:00:00-04:00,4.96999979019165,5.010000228881836,4.849999904632568,4.989999771118164,26710,0.0,0.0
2024-06-06 00:00:00-04:00,5.0,5.039999961853027,4.829999923706055,4.869999885559082,42760,0.0,0.0
2024-06-07 00:00:00-04:00,5.0,5.039999961853027,4.510000228881836,4.590000152587891,50450,0.0,0.0
2024-06-10 00:00:00-04:00,4.679999828338623,4.699999809265137,4.400000095367432,4.480000019073486,40930,0.0,0.0
2024-06-11 00:00:00-04:00,4.420000076293945,4.849999904632568,4.420000076293945,4.849999904632568,43680,0.0,0.0
2024-06-12 00:00:00-04:00,4.849999904632568,4.849999904632568,4.5,4.53000020980835,36850,0.0,0.0
2024-06-13 00:00:00-04:00,4.5,4.639999866485596,4.130000114440918,4.210000038146973,97140,0.0,0.0
2024-06-14 00:00:00-04:00,4.28000020980835,4.75,4.25,4.690000057220459,47720,0.0,0.0
2024-06-17 00:00:00-04:00,4.579999923706055,4.739999771118164,4.460000038146973,4.690000057220459,28560,0.0,0.0
2024-06-18 00:00:00-04:00,4.679999828338623,4.78000020980835,4.619999885559082,4.670000076293945,29050,0.0,0.0
2024-06-20 00:00:00-04:00,4.46999979019165,4.659999847412109,4.289999961853027,4.329999923706055,55290,0.0,0.0
2024-06-21 00:00:00-04:00,4.300000190734863,4.5,4.21999979019165,4.400000095367432,35530,0.0,0.0
2024-06-24 00:00:00-04:00,4.230000019073486,4.53000020980835,4.150000095367432,4.21999979019165,27980,0.0,0.0
2024-06-25 00:00:00-04:00,4.289999961853027,4.389999866485596,4.050000190734863,4.320000171661377,37980,0.0,0.0
2024-06-26 00:00:00-04:00,4.300000190734863,4.400000095367432,4.0,4.0,49250,0.0,0.0
2024-06-27 00:00:00-04:00,4.110000133514404,4.380000114440918,4.010000228881836,4.28000020980835,50530,0.0,0.0
2024-06-28 00:00:00-04:00,4.190000057220459,4.360000133514404,3.5299999713897705,3.5299999713897705,936420,0.0,0.0
2024-07-01 00:00:00-04:00,3.7899999618530273,3.809999942779541,3.0299999713897705,3.0299999713897705,161250,0.0,0.0
2024-07-02 00:00:00-04:00,3.299999952316284,3.390000104904175,3.0,3.0,57400,0.0,0.0
2024-07-03 00:00:00-04:00,3.200000047683716,3.2899999618530273,3.0,3.0299999713897705,85900,0.0,0.0
2024-07-05 00:00:00-04:00,3.0,3.3499999046325684,3.0,3.2100000381469727,43040,0.0,0.0
2024-07-08 00:00:00-04:00,3.2100000381469727,3.319999933242798,3.200000047683716,3.200000047683716,39380,0.0,0.0
2024-07-09 00:00:00-04:00,3.200000047683716,3.5299999713897705,3.0999999046325684,3.319999933242798,72760,0.0,0.0
2024-07-10 00:00:00-04:00,3.450000047683716,3.880000114440918,3.3399999141693115,3.640000104904175,61550,0.0,0.0
2024-07-11 00:00:00-04:00,3.799999952316284,4.010000228881836,3.799999952316284,3.8499999046325684,37080,0.0,0.0
2024-07-12 00:00:00-04:00,4.199999809265137,4.340000152587891,3.940000057220459,4.190000057220459,91990,0.0,0.0
2024-07-15 00:00:00-04:00,4.110000133514404,4.300000190734863,4.03000020980835,4.25,45360,0.0,0.0
2024-07-16 00:00:00-04:00,4.119999885559082,4.289999961853027,3.7100000381469727,4.150000095367432,73900,0.0,0.0
2024-07-17 00:00:00-04:00,4.199999809265137,4.300000190734863,4.150000095367432,4.210000038146973,27850,0.0,0.0
2024-07-18 00:00:00-04:00,4.019999980926514,4.210000038146973,3.819999933242798,3.890000104904175,24500,0.0,0.0
2024-07-19 00:00:00-04:00,3.799999952316284,4.090000152587891,3.799999952316284,3.9000000953674316,35930,0.0,0.0
2024-07-22 00:00:00-04:00,3.950000047683716,4.099999904632568,3.799999952316284,3.809999942779541,28110,0.0,0.0
2024-07-23 00:00:00-04:00,3.880000114440918,4.119999885559082,3.799999952316284,4.079999923706055,22640,0.0,0.0
2024-07-24 00:00:00-04:00,4.0,4.400000095367432,4.0,4.190000057220459,50640,0.0,0.0
2024-07-25 00:00:00-04:00,4.099999904632568,4.300000190734863,4.039999961853027,4.159999847412109,18850,0.0,0.0
2024-07-26 00:00:00-04:00,4.110000133514404,4.849999904632568,4.079999923706055,4.760000228881836,71560,0.0,0.0
2024-07-29 00:00:00-04:00,4.760000228881836,4.849999904632568,3.9600000381469727,4.019999980926514,83670,0.0,0.0
2024-07-30 00:00:00-04:00,4.059999942779541,4.400000095367432,3.809999942779541,3.819999933242798,52340,0.0,0.0
2024-07-31 00:00:00-04:00,3.9000000953674316,4.199999809265137,3.9000000953674316,4.179999828338623,29490,0.0,0.0
2024-08-01 00:00:00-04:00,4.130000114440918,4.199999809265137,4.0,4.110000133514404,11740,0.0,0.0
2024-08-02 00:00:00-04:00,4.050000190734863,4.079999923706055,3.9000000953674316,4.0,44720,0.0,0.0
2024-08-05 00:00:00-04:00,3.799999952316284,3.9700000286102295,3.700000047683716,3.950000047683716,54810,0.0,0.0
2024-08-06 00:00:00-04:00,4.019999980926514,4.050000190734863,3.7100000381469727,3.7799999713897705,38710,0.0,0.0
2024-08-07 00:00:00-04:00,3.7799999713897705,3.990000009536743,3.7799999713897705,3.799999952316284,19860,0.0,0.0
2024-08-08 00:00:00-04:00,3.299999952316284,3.490000009536743,1.7599999904632568,2.5299999713897705,440890,0.0,0.0
2024-08-09 00:00:00-04:00,2.630000114440918,2.700000047683716,2.450000047683716,2.450000047683716,86840,0.0,0.0
2024-08-12 00:00:00-04:00,2.5,2.5999999046325684,2.0999999046325684,2.109999895095825,276850,0.0,0.0
2024-08-13 00:00:00-04:00,2.190000057220459,2.7899999618530273,2.1600000858306885,2.5,208810,0.0,0.0
2024-08-14 00:00:00-04:00,2.700000047683716,2.700000047683716,2.369999885559082,2.5399999618530273,164780,0.0,0.0
2024-08-15 00:00:00-04:00,2.549999952316284,2.640000104904175,2.380000114440918,2.4000000953674316,154660,0.0,0.0
2024-08-16 00:00:00-04:00,2.5999999046325684,2.630000114440918,2.319999933242798,2.369999885559082,164340,0.0,0.0
2024-08-19 00:00:00-04:00,2.5399999618530273,2.5999999046325684,2.4000000953674316,2.450000047683716,192470,0.0,0.0
2024-08-20 00:00:00-04:00,2.5,2.9000000953674316,2.5,2.7799999713897705,169630,0.0,0.0
2024-08-21 00:00:00-04:00,3.0,3.1500000953674316,2.640000104904175,2.680000066757202,129630,0.0,0.0
2024-08-22 00:00:00-04:00,2.8399999141693115,2.8399999141693115,2.430000066757202,2.5199999809265137,79540,0.0,0.0
2024-08-23 00:00:00-04:00,2.5299999713897705,2.799999952316284,2.4100000858306885,2.4600000381469727,74120,0.0,0.0
2024-08-26 00:00:00-04:00,2.559999942779541,2.6500000953674316,2.4200000762939453,2.4700000286102295,79990,0.0,0.0
2024-08-27 00:00:00-04:00,2.5999999046325684,2.7899999618530273,2.4700000286102295,2.5999999046325684,160430,0.0,0.0
2024-08-28 00:00:00-04:00,2.5899999141693115,2.680000066757202,2.4200000762939453,2.450000047683716,52680,0.0,0.0
2024-08-29 00:00:00-04:00,2.5299999713897705,2.619999885559082,2.4800000190734863,2.5,34500,0.0,0.0
2024-08-30 00:00:00-04:00,2.5799999237060547,2.5799999237060547,2.309999942779541,2.369999885559082,127830,0.0,0.0
2024-09-03 00:00:00-04:00,2.450000047683716,2.450000047683716,2.109999895095825,2.1500000953674316,82610,0.0,0.0
2024-09-04 00:00:00-04:00,2.109999895095825,2.299999952316284,2.109999895095825,2.2699999809265137,61330,0.0,0.0
2024-09-05 00:00:00-04:00,2.25,2.3399999141693115,2.109999895095825,2.1700000762939453,47470,0.0,0.0
2024-09-06 00:00:00-04:00,2.1700000762939453,2.1700000762939453,2.0199999809265137,2.049999952316284,105920,0.0,0.0
2024-09-09 00:00:00-04:00,2.130000114440918,2.299999952316284,2.0299999713897705,2.130000114440918,101550,0.0,0.0
2024-09-10 00:00:00-04:00,2.1600000858306885,2.4000000953674316,2.109999895095825,2.25,3185140,0.0,0.0
2024-09-11 00:00:00-04:00,3.5,5.760000228881836,3.1600000858306885,4.590000152587891,28338880,0.0,0.0
2024-09-12 00:00:00-04:00,4.019999980926514,4.150000095367432,3.309999942779541,3.549999952316284,1649250,0.0,0.0
2024-09-13 00:00:00-04:00,3.450000047683716,4.369999885559082,3.200000047683716,3.75,1245600,0.0,0.0
2024-09-16 00:00:00-04:00,3.700000047683716,4.599999904632568,3.6500000953674316,4.559999942779541,893860,0.0,0.0
2024-09-17 00:00:00-04:00,4.599999904632568,5.699999809265137,4.25,5.489999771118164,767220,0.0,0.0
2024-09-18 00:00:00-04:00,5.300000190734863,5.869999885559082,4.889999866485596,4.940000057220459,340750,0.0,0.0
2024-09-19 00:00:00-04:00,5.199999809265137,5.449999809265137,4.800000190734863,5.269999980926514,200790,0.0,0.0
2024-09-20 00:00:00-04:00,5.269999980926514,5.269999980926514,4.909999847412109,4.909999847412109,131160,0.0,0.0
2024-09-23 00:00:00-04:00,5.0,5.659999847412109,4.949999809265137,5.489999771118164,241250,0.0,0.0
2024-09-24 00:00:00-04:00,5.5,6.0,5.300000190734863,5.429999828338623,395230,0.0,0.0
2024-09-25 00:00:00-04:00,5.320000171661377,5.650000095367432,5.150000095367432,5.260000228881836,376210,0.0,0.0
2024-09-26 00:00:00-04:00,5.599999904632568,5.599999904632568,5.199999809265137,5.5,131150,0.0,0.0
2024-09-27 00:00:00-04:00,5.699999809265137,6.539999961853027,5.449999809265137,6.449999809265137,431350,0.0,0.0
2024-09-30 00:00:00-04:00,6.369999885559082,6.96999979019165,6.199999809265137,6.809999942779541,195470,0.0,0.0
2024-10-01 00:00:00-04:00,6.78000020980835,6.800000190734863,5.400000095367432,5.869999885559082,267350,0.0,0.0
2024-10-02 00:00:00-04:00,5.909999847412109,6.179999828338623,5.110000133514404,5.21999979019165,217160,0.0,0.0
2024-10-03 00:00:00-04:00,5.199999809265137,5.570000171661377,5.0,5.199999809265137,94860,0.0,0.0
2024-10-04 00:00:00-04:00,5.46999979019165,5.5,4.96999979019165,5.260000228881836,72340,0.0,0.0
2024-10-07 00:00:00-04:00,5.130000114440918,5.300000190734863,4.690000057220459,4.849999904632568,129190,0.0,0.0
2024-10-08 00:00:00-04:00,4.849999904632568,5.199999809265137,4.5,4.539999961853027,158710,0.0,0.0
2024-10-09 00:00:00-04:00,4.659999847412109,4.800000190734863,4.510000228881836,4.630000114440918,74560,0.0,0.0
2024-10-10 00:00:00-04:00,4.730000019073486,4.800000190734863,4.440000057220459,4.53000020980835,54590,0.0,0.0
2024-10-11 00:00:00-04:00,4.690000057220459,4.75,4.449999809265137,4.5,51200,0.0,0.0
2024-10-14 00:00:00-04:00,4.579999923706055,4.909999847412109,4.300000190734863,4.820000171661377,87380,0.0,0.0
2024-10-15 00:00:00-04:00,4.800000190734863,5.480000019073486,4.78000020980835,5.150000095367432,128980,0.0,0.0
2024-10-16 00:00:00-04:00,5.289999961853027,5.400000095367432,5.0,5.340000152587891,75140,0.0,0.0
2024-10-17 00:00:00-04:00,5.329999923706055,5.670000076293945,5.099999904632568,5.329999923706055,85820,0.0,0.0
2024-10-18 00:00:00-04:00,5.329999923706055,5.949999809265137,5.329999923706055,5.889999866485596,157460,0.0,0.0
2024-10-21 00:00:00-04:00,5.900000095367432,6.900000095367432,5.860000133514404,6.599999904632568,267960,0.0,0.0
2024-10-22 00:00:00-04:00,6.610000133514404,6.800000190734863,6.21999979019165,6.329999923706055,114860,0.0,0.0
2024-10-23 00:00:00-04:00,6.900000095367432,7.130000114440918,6.239999771118164,6.559999942779541,260160,0.0,0.0
2024-10-24 00:00:00-04:00,6.599999904632568,7.099999904632568,6.440000057220459,7.059999942779541,148650,0.0,0.0
2024-10-25 00:00:00-04:00,6.949999809265137,7.400000095367432,6.440000057220459,6.610000133514404,126050,0.0,0.0
2024-10-28 00:00:00-04:00,6.550000190734863,6.75,6.300000190734863,6.360000133514404,87420,0.0,0.0
2024-10-29 00:00:00-04:00,6.340000152587891,6.699999809265137,5.570000171661377,5.900000095367432,174840,0.0,0.0
2024-10-30 00:00:00-04:00,5.690000057220459,5.849999904632568,5.300000190734863,5.349999904632568,82820,0.0,0.0
2024-10-31 00:00:00-04:00,5.25,5.360000133514404,4.840000152587891,5.28000020980835,61000,0.0,0.0
2024-11-01 00:00:00-04:00,5.289999961853027,5.800000190734863,5.289999961853027,5.630000114440918,81180,0.0,0.0
2024-11-04 00:00:00-05:00,5.739999771118164,6.400000095367432,5.349999904632568,5.559999942779541,199000,0.0,0.0
2024-11-05 00:00:00-05:00,5.550000190734863,6.260000228881836,5.550000190734863,5.800000190734863,143130,0.0,0.0
2024-11-06 00:00:00-05:00,5.380000114440918,5.599999904632568,5.0,5.340000152587891,202840,0.0,0.0
2024-11-07 00:00:00-05:00,5.360000133514404,5.400000095367432,4.900000095367432,5.039999961853027,183890,0.0,0.0
2024-11-08 00:00:00-05:00,5.199999809265137,5.300000190734863,4.800000190734863,4.869999885559082,105510,0.0,0.0
2024-11-11 00:00:00-05:00,4.650000095367432,5.300000190734863,4.300000190734863,5.210000038146973,251710,0.0,0.0
2024-11-12 00:00:00-05:00,4.900000095367432,4.940000057220459,4.300000190734863,4.550000190734863,202890,0.0,0.0
2024-11-13 00:00:00-05:00,4.579999923706055,4.800000190734863,4.300000190734863,4.429999828338623,105940,0.0,0.0
2024-11-14 00:00:00-05:00,4.5,4.579999923706055,3.8399999141693115,4.400000095367432,114890,0.0,0.0
2024-11-15 00:00:00-05:00,4.420000076293945,4.570000171661377,4.059999942779541,4.21999979019165,57110,0.0,0.0
2024-11-18 00:00:00-05:00,4.300000190734863,4.360000133514404,3.9200000762939453,4.03000020980835,96420,0.0,0.0
2024-11-19 00:00:00-05:00,3.9700000286102295,4.400000095367432,3.940000057220459,4.0,131540,0.0,0.0
2024-11-20 00:00:00-05:00,4.070000171661377,4.489999771118164,3.869999885559082,4.0,89450,0.0,0.0
2024-11-21 00:00:00-05:00,3.9000000953674316,4.460000038146973,3.809999942779541,4.130000114440918,77980,0.0,0.0
2024-11-22 00:00:00-05:00,4.25,4.300000190734863,4.0,4.039999961853027,77000,0.0,0.0
2024-11-25 00:00:00-05:00,3.9800000190734863,4.300000190734863,3.609999895095825,3.799999952316284,298920,0.0,0.0
2024-11-26 00:00:00-05:00,3.680000066757202,3.890000104904175,3.5199999809265137,3.5999999046325684,102780,0.0,0.0
2024-11-27 00:00:00-05:00,3.299999952316284,3.700000047683716,3.119999885559082,3.2699999809265137,323070,0.0,0.0
2024-11-29 00:00:00-05:00,3.5,3.5199999809265137,3.140000104904175,3.1500000953674316,136300,0.0,0.0
2024-12-02 00:00:00-05:00,3.0999999046325684,3.549999952316284,3.009999990463257,3.430000066757202,405800,0.0,0.1
2024-12-03 00:00:00-05:00,3.4100000858306885,3.4760000705718994,3.009999990463257,3.240000009536743,255500,0.0,0.0
2024-12-04 00:00:00-05:00,3.1700000762939453,3.299999952316284,3.0,3.0299999713897705,269800,0.0,0.0
2024-12-05 00:00:00-05:00,3.0,3.3299999237060547,2.819999933242798,2.8399999141693115,428400,0.0,0.0
2024-12-06 00:00:00-05:00,2.9800000190734863,3.190000057220459,2.930000066757202,3.190000057220459,161700,0.0,0.0
2024-12-09 00:00:00-05:00,3.190000057220459,3.5399999618530273,3.1080000400543213,3.369999885559082,262000,0.0,0.0
2024-12-10 00:00:00-05:00,3.4200000762939453,4.199999809265137,3.259999990463257,3.7799999713897705,481400,0.0,0.0
2024-12-11 00:00:00-05:00,3.8399999141693115,3.8399999141693115,3.200000047683716,3.4800000190734863,347500,0.0,0.0
2024-12-12 00:00:00-05:00,3.359999895095825,3.4649999141693115,3.1600000858306885,3.200000047683716,162700,0.0,0.0
2024-12-13 00:00:00-05:00,3.200000047683716,3.200000047683716,2.950000047683716,3.0199999809265137,217600,0.0,0.0
2024-12-16 00:00:00-05:00,3.0799999237060547,3.5199999809265137,3.0199999809265137,3.3399999141693115,270600,0.0,0.0
2024-12-17 00:00:00-05:00,3.2799999713897705,3.4100000858306885,3.240000009536743,3.2899999618530273,82800,0.0,0.0
2024-12-18 00:00:00-05:00,3.2899999618530273,3.4200000762939453,3.0,3.009999990463257,226900,0.0,0.0
2024-12-19 00:00:00-05:00,3.059999942779541,3.180000066757202,2.8299999237060547,3.0,217700,0.0,0.0
2024-12-20 00:00:00-05:00,2.940000057220459,3.2100000381469727,2.690000057220459,3.109999895095825,158200,0.0,0.0
2024-12-23 00:00:00-05:00,3.0199999809265137,3.369999885559082,3.0199999809265137,3.140000104904175,131900,0.0,0.0
2024-12-24 00:00:00-05:00,3.259999990463257,3.5799999237060547,3.0920000076293945,3.569999933242798,119400,0.0,0.0
2024-12-26 00:00:00-05:00,3.569999933242798,4.25,3.509999990463257,4.199999809265137,275700,0.0,0.0
2024-12-27 00:00:00-05:00,4.210000038146973,6.480000019073486,4.110000133514404,5.300000190734863,699000,0.0,0.0
2024-12-30 00:00:00-05:00,5.190000057220459,5.730000019073486,4.5,5.53000020980835,334500,0.0,0.0
2024-12-31 00:00:00-05:00,5.449999809265137,5.579999923706055,5.21999979019165,5.510000228881836,170600,0.0,0.0
2025-01-02 00:00:00-05:00,5.46999979019165,6.0,5.324999809265137,5.699999809265137,174400,0.0,0.0
2025-01-03 00:00:00-05:00,5.630000114440918,6.389999866485596,5.409999847412109,6.059999942779541,264100,0.0,0.0
2025-01-06 00:00:00-05:00,6.21999979019165,6.380000114440918,5.619999885559082,5.730000019073486,182300,0.0,0.0
2025-01-07 00:00:00-05:00,5.820000171661377,5.980000019073486,5.449999809265137,5.449999809265137,118500,0.0,0.0
2025-01-08 00:00:00-05:00,5.389999866485596,5.389999866485596,4.458000183105469,4.840000152587891,238800,0.0,0.0
2025-01-10 00:00:00-05:00,4.769999980926514,5.099999904632568,4.513999938964844,4.75,65400,0.0,0.0
2025-01-13 00:00:00-05:00,4.71999979019165,4.820000171661377,4.130000114440918,4.159999847412109,130900,0.0,0.0
2025-01-14 00:00:00-05:00,4.380000114440918,4.440000057220459,4.119999885559082,4.119999885559082,51500,0.0,0.0
2025-01-15 00:00:00-05:00,4.329999923706055,4.329999923706055,3.88700008392334,4.050000190734863,110000,0.0,0.0
2025-01-16 00:00:00-05:00,4.070000171661377,4.300000190734863,3.740000009536743,4.139999866485596,68800,0.0,0.0
2025-01-17 00:00:00-05:00,4.300000190734863,4.329999923706055,4.0,4.099999904632568,39800,0.0,0.0
2025-01-21 00:00:00-05:00,3.9700000286102295,4.074999809265137,3.609999895095825,3.7300000190734863,97100,0.0,0.0
2025-01-22 00:00:00-05:00,3.7200000286102295,4.144999980926514,3.6700000762939453,4.079999923706055,93700,0.0,0.0
2025-01-23 00:00:00-05:00,4.079999923706055,4.340000152587891,3.890000104904175,4.230000019073486,82000,0.0,0.0
2025-01-24 00:00:00-05:00,4.269999980926514,4.380000114440918,4.070000171661377,4.190000057220459,45300,0.0,0.0
2025-01-27 00:00:00-05:00,4.130000114440918,4.170000076293945,3.736999988555908,3.9700000286102295,47200,0.0,0.0
2025-01-28 00:00:00-05:00,3.950000047683716,3.9600000381469727,3.7699999809265137,3.9100000858306885,24100,0.0,0.0
2025-01-29 00:00:00-05:00,3.9800000190734863,4.25,3.9049999713897705,4.070000171661377,57900,0.0,0.0
2025-01-30 00:00:00-05:00,4.139999866485596,4.28000020980835,3.869999885559082,3.9200000762939453,87400,0.0,0.0
2025-01-31 00:00:00-05:00,3.9100000858306885,3.9800000190734863,3.7699999809265137,3.9800000190734863,59300,0.0,0.0
2025-02-03 00:00:00-05:00,3.859999895095825,3.9700000286102295,3.7300000190734863,3.869999885559082,56800,0.0,0.0
2025-02-04 00:00:00-05:00,3.9000000953674316,4.010000228881836,3.7799999713897705,3.880000114440918,21200,0.0,0.0
2025-02-05 00:00:00-05:00,3.930000066757202,3.9679999351501465,3.609999895095825,3.6600000858306885,92900,0.0,0.0
2025-02-06 00:00:00-05:00,3.700000047683716,3.809000015258789,3.5999999046325684,3.619999885559082,36400,0.0,0.0
2025-02-07 00:00:00-05:00,3.630000114440918,3.6649999618530273,3.3510000705718994,3.390000104904175,100100,0.0,0.0
2025-02-10 00:00:00-05:00,3.450000047683716,3.450000047683716,3.309999942779541,3.4100000858306885,50300,0.0,0.0
2025-02-11 00:00:00-05:00,3.359999895095825,3.359999895095825,3.069999933242798,3.1500000953674316,149700,0.0,0.0
2025-02-12 00:00:00-05:00,3.1500000953674316,3.1600000858306885,2.9200000762939453,3.059999942779541,142500,0.0,0.0
2025-02-13 00:00:00-05:00,3.049999952316284,3.259999990463257,3.0209999084472656,3.2100000381469727,51900,0.0,0.0
2025-02-14 00:00:00-05:00,3.4000000953674316,4.199999809265137,3.119999885559082,3.380000114440918,582500,0.0,0.0
2025-02-18 00:00:00-05:00,3.390000104904175,3.7249999046325684,3.2200000286102295,3.4100000858306885,148700,0.0,0.0
2025-02-19 00:00:00-05:00,3.5,3.803999900817871,3.490000009536743,3.6500000953674316,60200,0.0,0.0
2025-02-20 00:00:00-05:00,3.630000114440918,3.822000026702881,3.380000114440918,3.4200000762939453,89400,0.0,0.0
2025-02-21 00:00:00-05:00,3.4600000381469727,3.4600000381469727,3.25,3.25,54100,0.0,0.0
2025-02-24 00:00:00-05:00,3.3299999237060547,3.359999895095825,3.0999999046325684,3.2899999618530273,79600,0.0,0.0
2025-02-25 00:00:00-05:00,3.200000047683716,3.2300000190734863,3.0899999141693115,3.2100000381469727,54600,0.0,0.0
2025-02-26 00:00:00-05:00,3.2100000381469727,3.364000082015991,3.2100000381469727,3.2799999713897705,48300,0.0,0.0
2025-02-27 00:00:00-05:00,3.200000047683716,3.2799999713897705,3.0999999046325684,3.0999999046325684,47000,0.0,0.0
2025-02-28 00:00:00-05:00,3.0899999141693115,3.2300000190734863,2.950000047683716,3.1600000858306885,141400,0.0,0.0
2025-03-03 00:00:00-05:00,3.0899999141693115,3.109999895095825,2.8499999046325684,2.9100000858306885,129700,0.0,0.0
2025-03-04 00:00:00-05:00,2.859999895095825,2.930000066757202,2.671999931335449,2.8499999046325684,120200,0.0,0.0
2025-03-05 00:00:00-05:00,2.8499999046325684,2.990000009536743,2.8499999046325684,2.930000066757202,26100,0.0,0.0
2025-03-06 00:00:00-05:00,2.930000066757202,3.0,2.825000047683716,2.8299999237060547,24400,0.0,0.0
2025-03-07 00:00:00-05:00,2.7699999809265137,2.984999895095825,2.7699999809265137,2.930000066757202,65400,0.0,0.0
2025-03-10 00:00:00-04:00,2.8499999046325684,2.984999895095825,2.700000047683716,2.740000009536743,34600,0.0,0.0
2025-03-11 00:00:00-04:00,2.8399999141693115,2.8399999141693115,2.609999895095825,2.700000047683716,68700,0.0,0.0
2025-03-12 00:00:00-04:00,2.859999895095825,2.930000066757202,2.7100000381469727,2.7300000190734863,49600,0.0,0.0
2025-03-13 00:00:00-04:00,2.680000066757202,2.7669999599456787,2.4100000858306885,2.509999990463257,128600,0.0,0.0
2025-03-14 00:00:00-04:00,2.4700000286102295,2.6600000858306885,2.450000047683716,2.5999999046325684,37700,0.0,0.0
2025-03-17 00:00:00-04:00,2.640000104904175,2.75,2.640000104904175,2.740000009536743,24200,0.0,0.0
2025-03-18 00:00:00-04:00,2.740000009536743,2.74399995803833,2.5840001106262207,2.619999885559082,15000,0.0,0.0
2025-03-19 00:00:00-04:00,2.7100000381469727,2.7760000228881836,2.630000114440918,2.680000066757202,26000,0.0,0.0
2025-03-20 00:00:00-04:00,2.690000057220459,2.7750000953674316,2.6500000953674316,2.7300000190734863,29100,0.0,0.0
2025-03-21 00:00:00-04:00,2.6600000858306885,2.8399999141693115,2.609999895095825,2.809999942779541,31700,0.0,0.0
2025-03-24 00:00:00-04:00,2.9200000762939453,3.049999952316284,2.9000000953674316,3.009999990463257,44700,0.0,0.0
2025-03-25 00:00:00-04:00,3.0,3.0799999237060547,2.700000047683716,2.7200000286102295,34800,0.0,0.0
2025-03-26 00:00:00-04:00,2.7300000190734863,2.819999933242798,2.615999937057495,2.640000104904175,23800,0.0,0.0
2025-03-27 00:00:00-04:00,2.640000104904175,2.640000104904175,2.450000047683716,2.5399999618530273,41400,0.0,0.0
2025-03-28 00:00:00-04:00,2.509999990463257,2.559999942779541,2.4600000381469727,2.5,34500,0.0,0.0
2025-03-31 00:00:00-04:00,2.4000000953674316,3.440000057220459,2.309999942779541,2.869999885559082,813100,0.0,0.0
2025-04-01 00:00:00-04:00,2.859999895095825,3.0,2.509999990463257,2.75,177000,0.0,0.0
2025-04-02 00:00:00-04:00,2.609999895095825,3.0,2.609999895095825,2.950000047683716,266600,0.0,0.0
2025-04-03 00:00:00-04:00,2.890000104904175,3.1500000953674316,2.890000104904175,2.950000047683716,204100,0.0,0.0
2025-04-04 00:00:00-04:00,2.819999933242798,2.880000114440918,2.569999933242798,2.569999933242798,232900,0.0,0.0
2025-04-07 00:00:00-04:00,2.569999933242798,2.7130000591278076,2.4000000953674316,2.509999990463257,158400,0.0,0.0
2025-04-08 00:00:00-04:00,2.6500000953674316,2.6500000953674316,2.2200000286102295,2.259999990463257,173200,0.0,0.0
2025-04-09 00:00:00-04:00,2.2699999809265137,2.6700000762939453,2.130000114440918,2.640000104904175,164700,0.0,0.0
2025-04-10 00:00:00-04:00,2.559999942779541,2.819999933242798,2.51200008392334,2.5999999046325684,104700,0.0,0.0
2025-04-11 00:00:00-04:00,2.609999895095825,2.859999895095825,2.5299999713897705,2.859999895095825,45500,0.0,0.0
2025-04-14 00:00:00-04:00,2.880000114440918,2.880000114440918,2.5999999046325684,2.680000066757202,43800,0.0,0.0
2025-04-15 00:00:00-04:00,2.680000066757202,2.7780001163482666,2.5899999141693115,2.630000114440918,25600,0.0,0.0
2025-04-16 00:00:00-04:00,2.7699999809265137,2.7699999809265137,2.515000104904175,2.5299999713897705,27000,0.0,0.0
2025-04-17 00:00:00-04:00,2.680000066757202,2.7300000190734863,2.5940001010894775,2.700000047683716,11600,0.0,0.0
2025-04-21 00:00:00-04:00,2.6600000858306885,2.6600000858306885,2.490999937057495,2.569999933242798,45600,0.0,0.0
2025-04-22 00:00:00-04:00,2.6600000858306885,2.890000104904175,2.6500000953674316,2.75,73800,0.0,0.0
2025-04-23 00:00:00-04:00,2.8299999237060547,2.9200000762939453,2.799999952316284,2.819999933242798,22600,0.0,0.0
2025-04-24 00:00:00-04:00,2.869999885559082,3.130000114440918,2.7899999618530273,3.130000114440918,48400,0.0,0.0
2025-04-25 00:00:00-04:00,3.059999942779541,3.299999952316284,2.940000057220459,3.180000066757202,118300,0.0,0.0
2025-04-28 00:00:00-04:00,3.0299999713897705,3.5999999046325684,2.9119999408721924,3.4200000762939453,104600,0.0,0.0
2025-04-29 00:00:00-04:00,3.390000104904175,3.515000104904175,3.2899999618530273,3.4200000762939453,66300,0.0,0.0
2025-04-30 00:00:00-04:00,3.3299999237060547,3.3299999237060547,3.0399999618530273,3.190000057220459,66100,0.0,0.0
2025-05-01 00:00:00-04:00,3.5199999809265137,3.630000114440918,3.309999942779541,3.319999933242798,151400,0.0,0.0
2025-05-02 00:00:00-04:00,3.3399999141693115,3.4609999656677246,3.0999999046325684,3.130000114440918,126900,0.0,0.0
2025-05-05 00:00:00-04:00,3.1700000762939453,3.2300000190734863,3.0,3.009999990463257,26200,0.0,0.0
2025-05-06 00:00:00-04:00,2.9700000286102295,3.180000066757202,2.9600000381469727,3.0,85900,0.0,0.0
2025-05-07 00:00:00-04:00,3.069999933242798,3.130000114440918,2.9000000953674316,2.9749999046325684,55800,0.0,0.0
2025-05-08 00:00:00-04:00,2.9700000286102295,3.3299999237060547,2.9690001010894775,3.299999952316284,90900,0.0,0.0
2025-05-09 00:00:00-04:00,3.319999933242798,3.4709999561309814,3.299999952316284,3.369999885559082,25300,0.0,0.0
2025-05-12 00:00:00-04:00,3.509999990463257,3.691999912261963,3.4200000762939453,3.6700000762939453,45100,0.0,0.0
2025-05-13 00:00:00-04:00,3.680000066757202,4.179999828338623,3.680000066757202,4.0,215500,0.0,0.0
2025-05-14 00:00:00-04:00,4.0,4.150000095367432,3.890000104904175,4.099999904632568,38300,0.0,0.0
2025-05-15 00:00:00-04:00,4.039999961853027,4.199999809265137,3.950000047683716,4.150000095367432,50300,0.0,0.0
2025-05-16 00:00:00-04:00,4.159999847412109,4.440000057220459,4.010000228881836,4.090000152587891,64300,0.0,0.0
2025-05-19 00:00:00-04:00,3.950000047683716,4.199999809265137,3.880000114440918,4.059999942779541,81100,0.0,0.0
2025-05-20 00:00:00-04:00,4.019999980926514,4.139999866485596,3.75,3.8499999046325684,52300,0.0,0.0
2025-05-21 00:00:00-04:00,3.809999942779541,3.8510000705718994,3.630000114440918,3.7100000381469727,41000,0.0,0.0
2025-05-22 00:00:00-04:00,3.4800000190734863,3.684000015258789,3.3399999141693115,3.5899999141693115,234400,0.0,0.0
2025-05-23 00:00:00-04:00,3.440000057220459,3.6600000858306885,3.390000104904175,3.5,124000,0.0,0.0
2025-05-27 00:00:00-04:00,3.5,3.8299999237060547,3.4100000858306885,3.8299999237060547,92000,0.0,0.0
2025-05-28 00:00:00-04:00,3.8399999141693115,4.099999904632568,3.5399999618530273,4.079999923706055,156200,0.0,0.0
2025-05-29 00:00:00-04:00,4.190000057220459,4.252999782562256,3.950000047683716,4.170000076293945,93000,0.0,0.0
2025-05-30 00:00:00-04:00,4.099999904632568,4.239999771118164,3.950000047683716,4.110000133514404,73400,0.0,0.0
2025-06-02 00:00:00-04:00,4.099999904632568,4.135000228881836,3.944999933242798,4.070000171661377,104600,0.0,0.0
2025-06-03 00:00:00-04:00,4.099999904632568,4.199999809265137,3.9600000381469727,4.130000114440918,58700,0.0,0.0
2025-06-04 00:00:00-04:00,4.139999866485596,4.400000095367432,4.050000190734863,4.389999866485596,170500,0.0,0.0
2025-06-05 00:00:00-04:00,4.260000228881836,4.480000019073486,4.099999904632568,4.130000114440918,138300,0.0,0.0
2025-06-06 00:00:00-04:00,4.190000057220459,4.369999885559082,4.070000171661377,4.300000190734863,49400,0.0,0.0
2025-06-09 00:00:00-04:00,4.309999942779541,4.510000228881836,4.150000095367432,4.400000095367432,151700,0.0,0.0
2025-06-10 00:00:00-04:00,4.409999847412109,4.559999942779541,4.329999923706055,4.5,44500,0.0,0.0
2025-06-11 00:00:00-04:00,4.519999980926514,4.599999904632568,4.355000019073486,4.510000228881836,91400,0.0,0.0
2025-06-12 00:00:00-04:00,4.429999828338623,4.630000114440918,4.329999923706055,4.590000152587891,66100,0.0,0.0
2025-06-13 00:00:00-04:00,4.460000038146973,4.650000095367432,4.380000114440918,4.579999923706055,126700,0.0,0.0
2025-06-16 00:00:00-04:00,4.630000114440918,4.78000020980835,4.361000061035156,4.619999885559082,79800,0.0,0.0
2025-06-17 00:00:00-04:00,3.799999952316284,4.289999961853027,3.6500000953674316,3.950000047683716,389200,0.0,0.0
2025-06-18 00:00:00-04:00,4.039999961853027,4.239999771118164,3.7200000286102295,4.079999923706055,224300,0.0,0.0
2025-06-20 00:00:00-04:00,4.090000152587891,4.400000095367432,4.065000057220459,4.260000228881836,61200,0.0,0.0
2025-06-23 00:00:00-04:00,4.269999980926514,4.5,4.1579999923706055,4.210000038146973,30600,0.0,0.0
2025-06-24 00:00:00-04:00,4.269999980926514,4.579999923706055,4.269999980926514,4.539999961853027,57400,0.0,0.0
2025-06-25 00:00:00-04:00,4.570000171661377,4.570000171661377,4.289999961853027,4.349999904632568,29100,0.0,0.0
2025-06-26 00:00:00-04:00,4.199999809265137,4.539999961853027,4.190000057220459,4.5,24300,0.0,0.0
2025-06-27 00:00:00-04:00,4.449999809265137,4.53000020980835,4.210000038146973,4.429999828338623,68000,0.0,0.0
2025-06-30 00:00:00-04:00,4.289999961853027,4.53000020980835,4.050000190734863,4.53000020980835,249700,0.0,0.0
2025-07-01 00:00:00-04:00,4.519999980926514,4.78000020980835,4.199999809265137,4.78000020980835,98400,0.0,0.0
2025-07-02 00:00:00-04:00,4.769999980926514,4.949999809265137,4.59499979019165,4.699999809265137,65100,0.0,0.0
2025-07-03 00:00:00-04:00,4.699999809265137,5.170000076293945,4.630000114440918,4.940000057220459,100100,0.0,0.0
2025-07-07 00:00:00-04:00,4.920000076293945,5.110000133514404,4.710000038146973,4.960000038146973,54000,0.0,0.0
2025-07-08 00:00:00-04:00,5.230000019073486,5.25,4.960000038146973,5.019999980926514,51800,0.0,0.0
2025-07-09 00:00:00-04:00,5.139999866485596,5.150000095367432,4.920000076293945,5.119999885559082,52500,0.0,0.0
2025-07-10 00:00:00-04:00,5.119999885559082,5.199999809265137,5.0,5.179999828338623,68700,0.0,0.0
2025-07-11 00:00:00-04:00,5.159999847412109,5.204999923706055,5.019999980926514,5.119999885559082,21200,0.0,0.0
2025-07-14 00:00:00-04:00,5.139999866485596,5.195000171661377,4.699999809265137,4.880000114440918,28500,0.0,0.0
2025-07-15 00:00:00-04:00,4.909999847412109,5.010000228881836,4.730000019073486,4.78000020980835,27700,0.0,0.0
2025-07-16 00:00:00-04:00,4.824999809265137,4.889999866485596,4.510000228881836,4.829999923706055,19300,0.0,0.0
2025-07-17 00:00:00-04:00,5.0,5.1539998054504395,4.869999885559082,5.050000190734863,49200,0.0,0.0
2025-07-18 00:00:00-04:00,5.079999923706055,5.139999866485596,4.900000095367432,5.050000190734863,37700,0.0,0.0
2025-07-21 00:00:00-04:00,5.099999904632568,5.099999904632568,4.849999904632568,4.949999809265137,64900,0.0,0.0
2025-07-22 00:00:00-04:00,4.900000095367432,5.099999904632568,4.78000020980835,4.989999771118164,136200,0.0,0.0
2025-07-23 00:00:00-04:00,5.050000190734863,5.5,4.927999973297119,5.489999771118164,133900,0.0,0.0
2025-07-24 00:00:00-04:00,5.360000133514404,5.590000152587891,5.179999828338623,5.559999942779541,86400,0.0,0.0
2025-07-25 00:00:00-04:00,5.53000020980835,5.900000095367432,5.170000076293945,5.710000038146973,241900,0.0,0.0
2025-07-28 00:00:00-04:00,5.710000038146973,5.949999809265137,5.429999828338623,5.630000114440918,190800,0.0,0.0
2025-07-29 00:00:00-04:00,5.71999979019165,5.769999980926514,5.199999809265137,5.735000133514404,107300,0.0,0.0
2025-07-30 00:00:00-04:00,5.670000076293945,6.28000020980835,5.47599983215332,5.800000190734863,121200,0.0,0.0
2025-07-31 00:00:00-04:00,5.820000171661377,6.179999828338623,5.506999969482422,5.710000038146973,48100,0.0,0.0
2025-08-01 00:00:00-04:00,5.53000020980835,6.380000114440918,5.400000095367432,5.980000019073486,176400,0.0,0.0
2025-08-04 00:00:00-04:00,5.989999771118164,7.0,5.989999771118164,6.610000133514404,285100,0.0,0.0
2025-08-05 00:00:00-04:00,5.599999904632568,6.0,4.440000057220459,5.389999866485596,302900,0.0,0.0
2025-08-06 00:00:00-04:00,5.300000190734863,5.489999771118164,5.068999767303467,5.21999979019165,129400,0.0,0.0
2025-08-07 00:00:00-04:00,5.25,5.315000057220459,4.89900016784668,5.079999923706055,92300,0.0,0.0
2025-08-08 00:00:00-04:00,5.059999942779541,5.059999942779541,4.570000171661377,4.570000171661377,103400,0.0,0.0
2025-08-11 00:00:00-04:00,4.630000114440918,4.699999809265137,4.539999961853027,4.679999828338623,59700,0.0,0.0
2025-08-12 00:00:00-04:00,4.599999904632568,4.989999771118164,4.420000076293945,4.809999942779541,51200,0.0,0.0
2025-08-13 00:00:00-04:00,4.900000095367432,5.099999904632568,4.650000095367432,4.809999942779541,36800,0.0,0.0
2025-08-14 00:00:00-04:00,4.650000095367432,4.880000114440918,4.650000095367432,4.789999961853027,9600,0.0,0.0
2025-08-15 00:00:00-04:00,4.760000228881836,5.75,4.730000019073486,5.639999866485596,208400,0.0,0.0
2025-08-18 00:00:00-04:00,5.829999923706055,6.099999904632568,5.627999782562256,5.929999828338623,177400,0.0,0.0
2025-08-19 00:00:00-04:00,6.0,6.0,5.420000076293945,5.420000076293945,60600,0.0,0.0
2025-08-20 00:00:00-04:00,5.380000114440918,5.861999988555908,5.10099983215332,5.760000228881836,224100,0.0,0.0
2025-08-21 00:00:00-04:00,5.570000171661377,6.599999904632568,5.559999942779541,6.440000057220459,195400,0.0,0.0
2025-08-22 00:00:00-04:00,6.429999828338623,6.599999904632568,6.190000057220459,6.449999809265137,62100,0.0,0.0
2025-08-25 00:00:00-04:00,6.429999828338623,6.690000057220459,6.0,6.599999904632568,65600,0.0,0.0
2025-08-26 00:00:00-04:00,6.599999904632568,7.119999885559082,6.449999809265137,6.980000019073486,101300,0.0,0.0
2025-08-27 00:00:00-04:00,7.010000228881836,7.039999961853027,6.440000057220459,6.460000038146973,63400,0.0,0.0
2025-08-28 00:00:00-04:00,6.550000190734863,6.789999961853027,6.449999809265137,6.590000152587891,28200,0.0,0.0
2025-08-29 00:00:00-04:00,6.579999923706055,6.579999923706055,6.25,6.25,36000,0.0,0.0
2025-09-02 00:00:00-04:00,6.059999942779541,6.239999771118164,6.0,6.139999866485596,26600,0.0,0.0
2025-09-03 00:00:00-04:00,6.039999961853027,6.40500020980835,6.0,6.269999980926514,18900,0.0,0.0
2025-09-04 00:00:00-04:00,6.320000171661377,6.474999904632568,5.869999885559082,5.989999771118164,49300,0.0,0.0
2025-09-05 00:00:00-04:00,6.170000076293945,6.284999847412109,5.889999866485596,6.28000020980835,22400,0.0,0.0
2025-09-08 00:00:00-04:00,6.329999923706055,6.5,6.269999980926514,6.355000019073486,25600,0.0,0.0
2025-09-09 00:00:00-04:00,6.349999904632568,6.630000114440918,6.255000114440918,6.534999847412109,26900,0.0,0.0
2025-09-10 00:00:00-04:00,6.559999942779541,6.710000038146973,5.947000026702881,6.340000152587891,62300,0.0,0.0
2025-09-11 00:00:00-04:00,6.440000057220459,7.25,6.349999904632568,6.840000152587891,77100,0.0,0.0
2025-09-12 00:00:00-04:00,6.980000019073486,7.179999828338623,6.659999847412109,7.110000133514404,48200,0.0,0.0
2025-09-15 00:00:00-04:00,6.900000095367432,7.260000228881836,6.829999923706055,6.900000095367432,47400,0.0,0.0
2025-09-16 00:00:00-04:00,6.949999809265137,7.079999923706055,6.769999980926514,6.929999828338623,25000,0.0,0.0
2025-09-17 00:00:00-04:00,6.78000020980835,7.25,6.78000020980835,6.989999771118164,77900,0.0,0.0
2025-09-18 00:00:00-04:00,7.090000152587891,7.75,7.070000171661377,7.619999885559082,198200,0.0,0.0
2025-09-19 00:00:00-04:00,7.699999809265137,8.119999885559082,7.630000114440918,8.069999694824219,154900,0.0,0.0
2025-09-22 00:00:00-04:00,8.0,8.109999656677246,7.53000020980835,7.579999923706055,55900,0.0,0.0
2025-09-23 00:00:00-04:00,7.559999942779541,7.650000095367432,7.099999904632568,7.099999904632568,39700,0.0,0.0
2025-09-24 00:00:00-04:00,7.110000133514404,7.650000095367432,7.0,7.369999885559082,31900,0.0,0.0
2025-09-25 00:00:00-04:00,7.320000171661377,7.579999923706055,7.099999904632568,7.525000095367432,29400,0.0,0.0
2025-09-26 00:00:00-04:00,7.380000114440918,7.650000095367432,7.179999828338623,7.210000038146973,25900,0.0,0.0
2025-09-29 00:00:00-04:00,7.360000133514404,7.46999979019165,7.099999904632568,7.099999904632568,25600,0.0,0.0
2025-09-30 00:00:00-04:00,7.110000133514404,7.199999809265137,6.650000095367432,7.050000190734863,44400,0.0,0.0
2025-10-01 00:00:00-04:00,6.96999979019165,7.599999904632568,6.96999979019165,7.480000019073486,33200,0.0,0.0
2025-10-02 00:00:00-04:00,7.5,7.659999847412109,7.409999847412109,7.409999847412109,24400,0.0,0.0
2025-10-03 00:00:00-04:00,7.519999980926514,7.800000190734863,7.519999980926514,7.53000020980835,44600,0.0,0.0
2025-10-06 00:00:00-04:00,7.739999771118164,7.989999771118164,7.659999847412109,7.869999885559082,62900,0.0,0.0
2025-10-07 00:00:00-04:00,7.900000095367432,7.909999847412109,7.400000095367432,7.760000228881836,37800,0.0,0.0
2025-10-08 00:00:00-04:00,7.820000171661377,7.980000019073486,7.679999828338623,7.929999828338623,37400,0.0,0.0
2025-10-09 00:00:00-04:00,7.909999847412109,8.0,7.622000217437744,7.96999979019165,38300,0.0,0.0
2025-10-10 00:00:00-04:00,8.0,8.0,7.320000171661377,7.320000171661377,74900,0.0,0.0
2025-10-13 00:00:00-04:00,7.5,8.100000381469727,7.5,8.0,98000,0.0,0.0
2025-10-14 00:00:00-04:00,7.670000076293945,8.300000190734863,7.53000020980835,8.170000076293945,63000,0.0,0.0
2025-10-15 00:00:00-04:00,8.300000190734863,8.9399995803833,8.199999809265137,8.819999694824219,135700,0.0,0.0
2025-10-16 00:00:00-04:00,8.930000305175781,9.5,8.699999809265137,9.420000076293945,118600,0.0,0.0
2025-10-17 00:00:00-04:00,9.319999694824219,9.319999694824219,8.369999885559082,8.739999771118164,64400,0.0,0.0
2025-10-20 00:00:00-04:00,8.960000038146973,9.109999656677246,8.380000114440918,8.744999885559082,31700,0.0,0.0
2025-10-21 00:00:00-04:00,8.592000007629395,8.697999954223633,8.21500015258789,8.399999618530273,27300,0.0,0.0
2025-10-22 00:00:00-04:00,8.369999885559082,8.399999618530273,7.420000076293945,7.820000171661377,154700,0.0,0.0
2025-10-23 00:00:00-04:00,7.889999866485596,8.63599967956543,7.889999866485596,8.40999984741211,45800,0.0,0.0
2025-10-24 00:00:00-04:00,8.4399995803833,9.0,8.3100004196167,8.824999809265137,50700,0.0,0.0
2025-10-27 00:00:00-04:00,8.8100004196167,9.140000343322754,8.649999618530273,9.029999732971191,25300,0.0,0.0
2025-10-28 00:00:00-04:00,9.055000305175781,9.199999809265137,8.489999771118164,8.675000190734863,58600,0.0,0.0
2025-10-29 00:00:00-04:00,8.680000305175781,9.170000076293945,8.59000015258789,8.720000267028809,33000,0.0,0.0
2025-10-30 00:00:00-04:00,8.789999961853027,9.020999908447266,8.449999809265137,8.604999542236328,32800,0.0,0.0
2025-10-31 00:00:00-04:00,8.401000022888184,8.819999694824219,8.149999618530273,8.819999694824219,32400,0.0,0.0
2025-11-03 00:00:00-05:00,8.819999694824219,8.99899959564209,8.15999984741211,8.369999885559082,30900,0.0,0.0
2025-11-04 00:00:00-05:00,8.09000015258789,8.279999732971191,7.800000190734863,7.920000076293945,31500,0.0,0.0
2025-11-05 00:00:00-05:00,7.980000019073486,8.739999771118164,7.900000095367432,8.539999961853027,25700,0.0,0.0
2025-11-06 00:00:00-05:00,8.479999542236328,8.60099983215332,8.050000190734863,8.100000381469727,32100,0.0,0.0
2025-11-07 00:00:00-05:00,8.0,8.380000114440918,7.75,8.270000457763672,17800,0.0,0.0
2025-11-10 00:00:00-05:00,8.289999961853027,8.430000305175781,7.340000152587891,7.380000114440918,138900,0.0,0.0
2025-11-11 00:00:00-05:00,7.300000190734863,7.489999771118164,7.03000020980835,7.440000057220459,81800,0.0,0.0
2025-11-12 00:00:00-05:00,9.0,11.399999618530273,8.850000381469727,11.100000381469727,5478600,0.0,0.0
2025-11-13 00:00:00-05:00,11.380000114440918,11.449999809265137,10.600000381469727,11.029999732971191,696600,0.0,0.0
2025-11-14 00:00:00-05:00,10.579999923706055,11.020000457763672,10.170999526977539,10.430000305175781,380600,0.0,0.0
2025-11-17 00:00:00-05:00,10.199999809265137,10.789999961853027,9.050000190734863,9.600000381469727,501800,0.0,0.0
2025-11-18 00:00:00-05:00,9.420000076293945,10.010000228881836,8.510000228881836,8.859999656677246,365000,0.0,0.0
2025-11-19 00:00:00-05:00,8.819999694824219,9.510000228881836,8.711999893188477,9.0,85300,0.0,0.0
2025-11-20 00:00:00-05:00,9.1899995803833,9.65999984741211,8.420000076293945,8.430000305175781,121200,0.0,0.0
2025-11-21 00:00:00-05:00,8.479999542236328,8.866999626159668,8.095000267028809,8.5,117700,0.0,0.0
2025-11-24 00:00:00-05:00,8.510000228881836,9.005000114440918,8.23799991607666,8.880000114440918,90100,0.0,0.0
2025-11-25 00:00:00-05:00,8.90999984741211,9.600000381469727,8.824999809265137,9.180000305175781,59300,0.0,0.0
2025-11-26 00:00:00-05:00,9.300000190734863,9.489999771118164,9.029999732971191,9.1899995803833,42500,0.0,0.0
2025-11-28 00:00:00-05:00,9.220000267028809,9.699999809265137,9.15999984741211,9.430000305175781,97400,0.0,0.0
2025-12-01 00:00:00-05:00,9.430000305175781,9.430000305175781,8.720000267028809,8.859999656677246,59800,0.0,0.0
2025-12-02 00:00:00-05:00,9.0600004196167,9.984999656677246,8.951000213623047,9.649999618530273,188100,0.0,0.0
2025-12-03 00:00:00-05:00,9.699999809265137,9.807000160217285,8.899999618530273,9.760000228881836,80900,0.0,0.0
2025-12-04 00:00:00-05:00,9.800000190734863,10.045000076293945,9.569999694824219,9.75,52300,0.0,0.0
2025-12-05 00:00:00-05:00,9.770000457763672,9.770000457763672,9.1899995803833,9.319999694824219,55100,0.0,0.0
2025-12-08 00:00:00-05:00,9.430000305175781,9.5600004196167,9.199999809265137,9.239999771118164,79400,0.0,0.0
2025-12-09 00:00:00-05:00,9.239999771118164,9.48799991607666,9.029999732971191,9.369999885559082,61300,0.0,0.0
2025-12-10 00:00:00-05:00,9.3100004196167,9.550000190734863,9.170000076293945,9.319999694824219,146700,0.0,0.0
2025-12-11 00:00:00-05:00,9.289999961853027,10.149999618530273,9.039999961853027,9.989999771118164,166100,0.0,0.0
2025-12-12 00:00:00-05:00,9.9399995803833,10.03499984741211,9.503000259399414,9.585000038146973,52500,0.0,0.0
2025-12-15 00:00:00-05:00,9.6899995803833,9.6899995803833,9.210000038146973,9.270000457763672,75100,0.0,0.0
2025-12-16 00:00:00-05:00,9.300000190734863,9.760000228881836,9.220000267028809,9.569999694824219,59700,0.0,0.0
2025-12-17 00:00:00-05:00,9.569999694824219,9.725000381469727,9.010000228881836,9.010000228881836,89600,0.0,0.0
2025-12-18 00:00:00-05:00,9.479999542236328,10.324999809265137,9.3149995803833,9.960000038146973,134800,0.0,0.0
2025-12-19 00:00:00-05:00,10.329999923706055,10.880000114440918,9.899999618530273,10.4399995803833,125900,0.0,0.0
2025-12-22 00:00:00-05:00,10.5,11.555999755859375,10.329999923706055,11.479999542236328,94000,0.0,0.0
2025-12-23 00:00:00-05:00,11.430000305175781,11.720000267028809,11.194999694824219,11.65999984741211,58500,0.0,0.0
2025-12-24 00:00:00-05:00,11.65999984741211,11.994999885559082,11.4399995803833,11.829999923706055,38500,0.0,0.0
2025-12-26 00:00:00-05:00,11.829999923706055,11.949999809265137,11.470000267028809,11.9399995803833,54800,0.0,0.0
2025-12-29 00:00:00-05:00,11.680000305175781,11.989999771118164,11.479999542236328,11.960000038146973,45700,0.0,0.0
2025-12-30 00:00:00-05:00,11.960000038146973,11.960000038146973,10.510000228881836,10.800000190734863,124700,0.0,0.0
2025-12-31 00:00:00-05:00,10.770000457763672,10.970000267028809,10.460000038146973,10.90999984741211,58700,0.0,0.0
2026-01-02 00:00:00-05:00,11.119999885559082,12.539999961853027,10.986000061035156,12.229999542236328,109800,0.0,0.0
2026-01-05 00:00:00-05:00,12.489999771118164,12.640000343322754,11.710000038146973,12.5,116200,0.0,0.0
2026-01-06 00:00:00-05:00,12.579999923706055,12.625,11.920000076293945,11.9399995803833,73000,0.0,0.0
2026-01-07 00:00:00-05:00,11.890000343322754,12.369999885559082,11.520000457763672,12.039999961853027,67300,0.0,0.0
2026-01-08 00:00:00-05:00,12.180000305175781,12.699999809265137,12.15999984741211,12.210000038146973,69900,0.0,0.0
2026-01-09 00:00:00-05:00,12.329999923706055,12.5,11.619999885559082,11.899999618530273,116000,0.0,0.0
2026-01-12 00:00:00-05:00,12.0,12.649999618530273,11.720000267028809,12.119999885559082,85900,0.0,0.0
2026-01-13 00:00:00-05:00,12.180000305175781,12.220000267028809,11.699999809265137,12.020000457763672,123100,0.0,0.0
2026-01-14 00:00:00-05:00,11.899999618530273,12.324999809265137,11.010000228881836,11.829999923706055,72200,0.0,0.0
2026-01-15 00:00:00-05:00,12.039999961853027,12.050000190734863,11.4399995803833,11.625,59500,0.0,0.0
2026-01-16 00:00:00-05:00,11.630000114440918,12.75,11.619999885559082,12.329999923706055,93000,0.0,0.0
2026-01-20 00:00:00-05:00,11.850000381469727,12.140000343322754,11.1899995803833,11.364999771118164,86200,0.0,0.0
2026-01-21 00:00:00-05:00,11.40999984741211,11.585000038146973,10.479999542236328,10.899999618530273,69900,0.0,0.0
2026-01-22 00:00:00-05:00,11.0600004196167,11.869999885559082,10.930000305175781,11.5,87000,0.0,0.0
2026-01-23 00:00:00-05:00,11.479999542236328,11.479999542236328,11.0600004196167,11.40999984741211,59600,0.0,0.0
2026-01-26 00:00:00-05:00,11.1899995803833,11.3100004196167,10.65999984741211,10.734999656677246,109800,0.0,0.0
2026-01-27 00:00:00-05:00,10.819999694824219,11.770000457763672,10.819999694824219,11.46500015258789,76000,0.0,0.0
2026-01-28 00:00:00-05:00,11.550000190734863,11.59000015258789,10.75,10.9399995803833,96800,0.0,0.0
2026-01-29 00:00:00-05:00,10.970000267028809,10.970000267028809,10.350000381469727,10.890000343322754,139300,0.0,0.0
2026-01-30 00:00:00-05:00,10.65999984741211,10.699999809265137,10.199999809265137,10.380000114440918,78800,0.0,0.0
2026-02-02 00:00:00-05:00,10.300000190734863,10.800000190734863,10.25,10.4399995803833,35800,0.0,0.0
2026-02-03 00:00:00-05:00,10.609999656677246,10.880000114440918,10.210000038146973,10.350000381469727,88400,0.0,0.0
2026-02-04 00:00:00-05:00,10.449999809265137,10.5,9.350000381469727,10.300000190734863,105600,0.0,0.0
2026-02-05 00:00:00-05:00,9.779999732971191,10.020000457763672,9.255000114440918,9.359999656677246,72300,0.0,0.0
2026-02-06 00:00:00-05:00,9.359999656677246,9.885000228881836,9.359999656677246,9.5,41400,0.0,0.0
2026-02-09 00:00:00-05:00,9.529999732971191,9.9350004196167,9.199999809265137,9.640000343322754,32000,0.0,0.0
2026-02-10 00:00:00-05:00,9.520000457763672,10.239999771118164,9.25,10.029999732971191,129400,0.0,0.0
2026-02-11 00:00:00-05:00,10.229999542236328,10.390000343322754,9.404999732971191,9.970000267028809,66800,0.0,0.0
2026-02-12 00:00:00-05:00,10.0,10.100000381469727,9.300000190734863,9.4399995803833,50800,0.0,0.0
2026-02-13 00:00:00-05:00,9.399999618530273,10.0,9.364999771118164,9.489999771118164,69400,0.0,0.0
2026-02-17 00:00:00-05:00,9.460000038146973,9.609999656677246,9.020000457763672,9.1899995803833,40700,0.0,0.0
2026-02-18 00:00:00-05:00,9.15999984741211,9.15999984741211,8.569999694824219,8.619999885559082,118500,0.0,0.0
2026-02-19 00:00:00-05:00,8.579999923706055,8.579999923706055,7.940000057220459,8.369999885559082,81400,0.0,0.0
2026-02-20 00:00:00-05:00,8.199999809265137,8.395999908447266,8.069999694824219,8.1899995803833,57300,0.0,0.0
2026-02-23 00:00:00-05:00,8.15999984741211,8.15999984741211,6.699999809265137,7.389999866485596,258900,0.0,0.0
2026-02-24 00:00:00-05:00,7.329999923706055,7.630000114440918,7.090000152587891,7.570000171661377,94100,0.0,0.0
2026-02-25 00:00:00-05:00,7.590000152587891,8.420000076293945,7.579999923706055,7.880000114440918,115500,0.0,0.0
2026-02-26 00:00:00-05:00,7.960000038146973,7.98199987411499,7.389999866485596,7.739999771118164,99800,0.0,0.0
2026-02-27 00:00:00-05:00,7.539999961853027,7.706999778747559,7.119999885559082,7.239999771118164,90100,0.0,0.0
2026-03-02 00:00:00-05:00,7.090000152587891,7.559999942779541,6.960000038146973,7.400000095367432,111000,0.0,0.0
2026-03-03 00:00:00-05:00,7.170000076293945,7.324999809265137,6.800000190734863,6.800000190734863,111100,0.0,0.0
2026-03-04 00:00:00-05:00,7.010000228881836,7.71999979019165,6.900000095367432,7.414999961853027,130000,0.0,0.0
2026-03-05 00:00:00-05:00,4.909999847412109,5.818999767303467,4.909999847412109,5.40500020980835,716300,0.0,0.0
2026-03-06 00:00:00-05:00,5.079999923706055,5.159999847412109,4.150000095367432,4.159999847412109,510800,0.0,0.0
2026-03-09 00:00:00-04:00,4.159999847412109,4.829999923706055,3.8949999809265137,4.510000228881836,289700,0.0,0.0
2026-03-10 00:00:00-04:00,4.690000057220459,5.110000133514404,4.519999980926514,4.909999847412109,247700,0.0,0.0
2026-03-11 00:00:00-04:00,4.920000076293945,5.090000152587891,4.619999885559082,4.71999979019165,107200,0.0,0.0
2026-03-12 00:00:00-04:00,4.599999904632568,5.010000228881836,4.550000190734863,4.599999904632568,107900,0.0,0.0
2026-03-13 00:00:00-04:00,4.599999904632568,4.804999828338623,4.440000057220459,4.460000038146973,81000,0.0,0.0
2026-03-16 00:00:00-04:00,4.579999923706055,4.900000095367432,4.380000114440918,4.659999847412109,94100,0.0,0.0
2026-03-17 00:00:00-04:00,4.730000019073486,5.050000190734863,4.730000019073486,4.829999923706055,123500,0.0,0.0
2026-03-18 00:00:00-04:00,4.800000190734863,4.929999828338623,4.519999980926514,4.570000171661377,80400,0.0,0.0
2026-03-19 00:00:00-04:00,4.460000038146973,4.630000114440918,4.300000190734863,4.340000152587891,77800,0.0,0.0
2026-03-20 00:00:00-04:00,4.360000133514404,4.690000057220459,4.239999771118164,4.630000114440918,133700,0.0,0.0
2026-03-23 00:00:00-04:00,4.800000190734863,5.269999980926514,4.650000095367432,5.050000190734863,197200,0.0,0.0
2026-03-24 00:00:00-04:00,5.03000020980835,5.114999771118164,4.659999847412109,4.710000038146973,276300,0.0,0.0
2026-03-25 00:00:00-04:00,4.849999904632568,4.849999904632568,4.400000095367432,4.5,178800,0.0,0.0
2026-03-26 00:00:00-04:00,4.320000171661377,4.599999904632568,4.21999979019165,4.320000171661377,141400,0.0,0.0
2026-03-27 00:00:00-04:00,4.25,4.300000190734863,4.010000228881836,4.039999961853027,86500,0.0,0.0
2026-03-30 00:00:00-04:00,4.039999961853027,4.170000076293945,3.75,3.7799999713897705,113900,0.0,0.0
2026-03-31 00:00:00-04:00,3.890000104904175,4.0,3.559999942779541,3.7799999713897705,247600,0.0,0.0
2026-04-01 00:00:00-04:00,3.7899999618530273,3.9600000381469727,3.559999942779541,3.7699999809265137,243000,0.0,0.0
2026-04-02 00:00:00-04:00,3.6500000953674316,3.825000047683716,3.5199999809265137,3.630000114440918,199600,0.0,0.0
2026-04-06 00:00:00-04:00,3.5999999046325684,3.8299999237060547,3.5999999046325684,3.75,108400,0.0,0.0
2026-04-07 00:00:00-04:00,3.7300000190734863,3.799999952316284,3.4600000381469727,3.690000057220459,91600,0.0,0.0
2026-04-08 00:00:00-04:00,3.880000114440918,3.950000047683716,3.5999999046325684,3.609999895095825,175900,0.0,0.0
2026-04-09 00:00:00-04:00,3.630000114440918,3.75,3.559999942779541,3.569999933242798,102000,0.0,0.0
2026-04-10 00:00:00-04:00,3.5999999046325684,3.6549999713897705,3.5299999713897705,3.5399999618530273,249800,0.0,0.0
2026-04-13 00:00:00-04:00,3.5,3.630000114440918,3.4010000228881836,3.5399999618530273,112200,0.0,0.0
2026-04-14 00:00:00-04:00,3.5299999713897705,4.480000019073486,3.5299999713897705,4.389999866485596,432300,0.0,0.0
2026-04-15 00:00:00-04:00,4.409999847412109,4.558000087738037,4.175000190734863,4.28000020980835,173900,0.0,0.0
2026-04-16 00:00:00-04:00,4.349999904632568,4.630000114440918,4.119999885559082,4.480000019073486,91300,0.0,0.0
2026-04-17 00:00:00-04:00,4.519999980926514,4.909999847412109,4.489999771118164,4.639999866485596,87500,0.0,0.0
2026-04-20 00:00:00-04:00,4.579999923706055,4.849999904632568,4.410999774932861,4.769999980926514,144700,0.0,0.0
2026-04-21 00:00:00-04:00,4.789999961853027,5.239999771118164,4.769999980926514,4.920000076293945,135300,0.0,0.0
2026-04-22 00:00:00-04:00,5.010000228881836,5.309999942779541,4.96999979019165,5.28000020980835,101600,0.0,0.0
2026-04-23 00:00:00-04:00,5.269999980926514,5.340000152587891,5.0,5.130000114440918,92200,0.0,0.0
2026-04-24 00:00:00-04:00,5.199999809265137,5.349999904632568,5.0,5.039999961853027,42700,0.0,0.0
2026-04-27 00:00:00-04:00,5.059999942779541,5.260000228881836,4.889999866485596,4.929999828338623,40700,0.0,0.0
2026-04-28 00:00:00-04:00,4.900000095367432,4.989999771118164,4.579999923706055,4.78000020980835,28200,0.0,0.0
2026-04-29 00:00:00-04:00,4.809999942779541,4.809999942779541,4.449999809265137,4.639999866485596,45400,0.0,0.0
2026-04-30 00:00:00-04:00,4.639999866485596,5.034999847412109,4.639999866485596,4.980000019073486,37700,0.0,0.0
2026-05-01 00:00:00-04:00,5.0,5.139999866485596,4.824999809265137,4.929999828338623,45100,0.0,0.0
2026-05-04 00:00:00-04:00,4.900000095367432,5.300000190734863,4.570000171661377,5.164999961853027,514500,0.0,0.0
2026-05-05 00:00:00-04:00,3.950000047683716,4.199999809265137,3.299999952316284,3.450000047683716,1193300,0.0,0.0
2026-05-06 00:00:00-04:00,3.450000047683716,4.070000171661377,3.2049999237060547,4.0,498800,0.0,0.0
2026-05-07 00:00:00-04:00,4.150000095367432,4.394999980926514,4.010000228881836,4.269999980926514,288300,0.0,0.0
2026-05-08 00:00:00-04:00,4.369999885559082,4.920000076293945,4.349999904632568,4.389999866485596,318800,0.0,0.0
2026-05-11 00:00:00-04:00,4.440000057220459,4.538000106811523,4.099999904632568,4.409999847412109,106200,0.0,0.0
2026-05-12 00:00:00-04:00,4.309999942779541,4.409999847412109,4.039999961853027,4.199999809265137,164300,0.0,0.0
2026-05-13 00:00:00-04:00,4.199999809265137,4.369999885559082,4.019999980926514,4.329999923706055,114500,0.0,0.0
2026-05-14 00:00:00-04:00,4.340000152587891,4.5,4.230000019073486,4.5,106700,0.0,0.0
2026-05-15 00:00:00-04:00,4.309999942779541,5.090000152587891,4.210000038146973,4.789999961853027,389300,0.0,0.0
2026-05-18 00:00:00-04:00,4.800000190734863,4.894000053405762,4.25,4.349999904632568,164900,0.0,0.0
2026-05-19 00:00:00-04:00,4.269999980926514,4.53000020980835,4.039999961853027,4.28000020980835,153700,0.0,0.0
2026-05-20 00:00:00-04:00,4.25,4.460000038146973,4.119999885559082,4.369999885559082,60600,0.0,0.0
2026-05-21 00:00:00-04:00,4.340000152587891,4.760000228881836,4.199999809265137,4.760000228881836,92000,0.0,0.0
2026-05-22 00:00:00-04:00,4.710000038146973,5.099999904632568,4.579999923706055,4.940000057220459,159100,0.0,0.0
2026-05-26 00:00:00-04:00,5.070000171661377,5.199999809265137,4.929999828338623,5.110000133514404,118900,0.0,0.0
2026-05-27 00:00:00-04:00,5.059999942779541,5.46999979019165,5.038000106811523,5.400000095367432,89900,0.0,0.0
2026-05-28 00:00:00-04:00,5.400000095367432,5.75,5.25,5.510000228881836,159600,0.0,0.0
2026-05-29 00:00:00-04:00,5.5,5.800000190734863,5.389999866485596,5.5,166700,0.0,0.0
2026-06-01 00:00:00-04:00,5.480000019073486,5.789999961853027,5.380000114440918,5.630000114440918,94500,0.0,0.0
2026-06-02 00:00:00-04:00,5.559999942779541,5.980000019073486,5.5289998054504395,5.829999923706055,72800,0.0,0.0
2026-06-03 00:00:00-04:00,5.710000038146973,5.889999866485596,5.210000038146973,5.230000019073486,93000,0.0,0.0
2026-06-04 00:00:00-04:00,5.130000114440918,5.53000020980835,5.0,5.389999866485596,41200,0.0,0.0
2026-06-05 00:00:00-04:00,5.309999942779541,5.309999942779541,4.610000133514404,4.75,101400,0.0,0.0
2026-06-08 00:00:00-04:00,4.909999847412109,5.007999897003174,4.650000095367432,4.659999847412109,47800,0.0,0.0
2026-06-09 00:00:00-04:00,4.889999866485596,5.0,4.340000152587891,4.494999885559082,59000,0.0,0.0
2026-06-10 00:00:00-04:00,4.46999979019165,4.46999979019165,4.240499973297119,4.289999961853027,65402,0.0,0.0
