Date,Open,High,Low,Close,Volume,Dividends,Stock Splits
2022-01-03 00:00:00-05:00,12.130000114440918,12.5600004196167,11.65999984741211,11.819999694824219,398500,0.0,0.0
2022-01-04 00:00:00-05:00,11.829999923706055,11.9399995803833,11.470000267028809,11.680000305175781,256400,0.0,0.0
2022-01-05 00:00:00-05:00,11.59000015258789,11.59000015258789,10.600000381469727,10.800000190734863,396400,0.0,0.0
2022-01-06 00:00:00-05:00,10.84000015258789,11.069999694824219,10.6899995803833,10.800000190734863,152400,0.0,0.0
2022-01-07 00:00:00-05:00,10.760000228881836,10.869999885559082,10.40999984741211,10.630000114440918,279600,0.0,0.0
2022-01-10 00:00:00-05:00,10.460000038146973,10.59000015258789,10.119999885559082,10.5600004196167,172800,0.0,0.0
2022-01-11 00:00:00-05:00,10.609999656677246,10.670000076293945,10.199999809265137,10.5,125000,0.0,0.0
2022-01-12 00:00:00-05:00,10.569999694824219,10.569999694824219,9.920000076293945,9.970000267028809,251700,0.0,0.0
2022-01-13 00:00:00-05:00,10.09000015258789,10.260000228881836,9.770000457763672,9.890000343322754,284500,0.0,0.0
2022-01-14 00:00:00-05:00,9.770000457763672,10.079999923706055,9.729999542236328,10.010000228881836,341100,0.0,0.0
2022-01-18 00:00:00-05:00,9.789999961853027,9.9399995803833,9.510000228881836,9.710000038146973,230800,0.0,0.0
2022-01-19 00:00:00-05:00,9.710000038146973,9.789999961853027,8.770000457763672,8.829999923706055,594600,0.0,0.0
2022-01-20 00:00:00-05:00,8.970000267028809,9.289999961853027,8.649999618530273,8.739999771118164,469100,0.0,0.0
2022-01-21 00:00:00-05:00,8.600000381469727,9.010000228881836,8.270000457763672,8.380000114440918,564400,0.0,0.0
2022-01-24 00:00:00-05:00,8.119999885559082,8.619999885559082,7.730000019073486,8.550000190734863,666200,0.0,0.0
2022-01-25 00:00:00-05:00,8.4399995803833,8.880000114440918,8.140000343322754,8.789999961853027,278600,0.0,0.0
2022-01-26 00:00:00-05:00,8.9399995803833,9.300000190734863,8.529999732971191,8.65999984741211,296200,0.0,0.0
2022-01-27 00:00:00-05:00,8.8100004196167,9.020000457763672,8.149999618530273,8.1899995803833,324900,0.0,0.0
2022-01-28 00:00:00-05:00,8.199999809265137,8.720000267028809,8.010000228881836,8.720000267028809,404200,0.0,0.0
2022-01-31 00:00:00-05:00,8.619999885559082,9.079999923706055,8.5600004196167,8.829999923706055,470400,0.0,0.0
2022-02-01 00:00:00-05:00,8.859999656677246,8.869999885559082,8.359999656677246,8.600000381469727,366100,0.0,0.0
2022-02-02 00:00:00-05:00,8.649999618530273,8.649999618530273,8.029999732971191,8.170000076293945,318700,0.0,0.0
2022-02-03 00:00:00-05:00,8.079999923706055,8.25,7.949999809265137,8.069999694824219,308900,0.0,0.0
2022-02-04 00:00:00-05:00,8.130000114440918,8.1899995803833,7.929999828338623,8.09000015258789,223800,0.0,0.0
2022-02-07 00:00:00-05:00,8.09000015258789,8.399999618530273,8.029999732971191,8.34000015258789,160900,0.0,0.0
2022-02-08 00:00:00-05:00,8.270000457763672,8.770000457763672,8.260000228881836,8.65999984741211,173100,0.0,0.0
2022-02-09 00:00:00-05:00,8.75,9.239999771118164,8.739999771118164,9.220000267028809,257800,0.0,0.0
2022-02-10 00:00:00-05:00,9.0,9.579999923706055,9.0,9.069999694824219,210400,0.0,0.0
2022-02-11 00:00:00-05:00,9.050000190734863,9.270000457763672,8.739999771118164,8.90999984741211,211500,0.0,0.0
2022-02-14 00:00:00-05:00,8.949999809265137,9.1899995803833,8.6899995803833,8.800000190734863,118200,0.0,0.0
2022-02-15 00:00:00-05:00,9.0,9.279999732971191,8.989999771118164,9.170000076293945,206300,0.0,0.0
2022-02-16 00:00:00-05:00,9.039999961853027,9.399999618530273,8.970000267028809,9.34000015258789,221600,0.0,0.0
2022-02-17 00:00:00-05:00,9.170000076293945,9.229999542236328,8.930000305175781,9.0,120400,0.0,0.0
2022-02-18 00:00:00-05:00,8.899999618530273,9.109999656677246,8.729999542236328,8.75,126000,0.0,0.0
2022-02-22 00:00:00-05:00,8.609999656677246,8.930000305175781,8.40999984741211,8.75,165100,0.0,0.0
2022-02-23 00:00:00-05:00,8.880000114440918,9.09000015258789,8.670000076293945,8.699999809265137,119200,0.0,0.0
2022-02-24 00:00:00-05:00,8.170000076293945,9.050000190734863,8.119999885559082,8.970000267028809,222800,0.0,0.0
2022-02-25 00:00:00-05:00,8.989999771118164,9.149999618530273,8.84000015258789,8.930000305175781,243600,0.0,0.0
2022-02-28 00:00:00-05:00,8.75,9.029999732971191,8.630000114440918,8.800000190734863,206000,0.0,0.0
2022-03-01 00:00:00-05:00,8.710000038146973,8.859999656677246,8.210000038146973,8.300000190734863,252200,0.0,0.0
2022-03-02 00:00:00-05:00,8.319999694824219,9.020000457763672,8.319999694824219,8.989999771118164,244900,0.0,0.0
2022-03-03 00:00:00-05:00,9.039999961853027,9.039999961853027,8.550000190734863,8.649999618530273,134700,0.0,0.0
2022-03-04 00:00:00-05:00,8.460000038146973,8.5600004196167,8.180000305175781,8.380000114440918,242200,0.0,0.0
2022-03-07 00:00:00-05:00,8.369999885559082,8.460000038146973,7.75,7.900000095367432,681800,0.0,0.0
2022-03-08 00:00:00-05:00,7.670000076293945,8.260000228881836,7.400000095367432,8.15999984741211,301400,0.0,0.0
2022-03-09 00:00:00-05:00,8.90999984741211,9.979999542236328,8.489999771118164,9.65999984741211,724500,0.0,0.0
2022-03-10 00:00:00-05:00,9.130000114440918,9.710000038146973,9.039999961853027,9.430000305175781,237500,0.0,0.0
2022-03-11 00:00:00-05:00,9.510000228881836,9.5600004196167,8.949999809265137,9.010000228881836,163300,0.0,0.0
2022-03-14 00:00:00-04:00,9.079999923706055,9.210000038146973,8.680000305175781,8.720000267028809,207500,0.0,0.0
2022-03-15 00:00:00-04:00,8.800000190734863,8.930000305175781,8.680000305175781,8.8100004196167,210200,0.0,0.0
2022-03-16 00:00:00-04:00,9.079999923706055,9.5,9.029999732971191,9.479999542236328,140900,0.0,0.0
2022-03-17 00:00:00-04:00,9.399999618530273,9.989999771118164,9.399999618530273,9.899999618530273,123500,0.0,0.0
2022-03-18 00:00:00-04:00,9.710000038146973,10.739999771118164,9.600000381469727,10.640000343322754,384300,0.0,0.0
2022-03-21 00:00:00-04:00,10.640000343322754,10.640000343322754,10.109999656677246,10.350000381469727,144100,0.0,0.0
2022-03-22 00:00:00-04:00,10.449999809265137,10.59000015258789,10.0600004196167,10.3100004196167,131000,0.0,0.0
2022-03-23 00:00:00-04:00,10.140000343322754,10.369999885559082,9.90999984741211,9.970000267028809,113900,0.0,0.0
2022-03-24 00:00:00-04:00,10.0,10.149999618530273,9.739999771118164,9.8100004196167,137200,0.0,0.0
2022-03-25 00:00:00-04:00,9.899999618530273,9.899999618530273,9.3100004196167,9.420000076293945,195900,0.0,0.0
2022-03-28 00:00:00-04:00,9.470000267028809,9.619999885559082,9.180000305175781,9.619999885559082,113400,0.0,0.0
2022-03-29 00:00:00-04:00,9.859999656677246,10.119999885559082,9.84000015258789,9.949999809265137,137400,0.0,0.0
2022-03-30 00:00:00-04:00,9.850000381469727,9.90999984741211,9.529999732971191,9.680000305175781,101100,0.0,0.0
2022-03-31 00:00:00-04:00,9.720000267028809,9.789999961853027,9.510000228881836,9.609999656677246,165600,0.0,0.0
2022-04-01 00:00:00-04:00,9.6899995803833,9.800000190734863,9.539999961853027,9.5600004196167,127300,0.0,0.0
2022-04-04 00:00:00-04:00,9.600000381469727,10.020000457763672,9.369999885559082,9.770000457763672,121500,0.0,0.0
2022-04-05 00:00:00-04:00,9.720000267028809,9.84000015258789,9.5,9.539999961853027,100000,0.0,0.0
2022-04-06 00:00:00-04:00,9.510000228881836,9.729999542236328,9.180000305175781,9.680000305175781,243400,0.0,0.0
2022-04-07 00:00:00-04:00,9.65999984741211,9.789999961853027,9.4399995803833,9.449999809265137,137600,0.0,0.0
2022-04-08 00:00:00-04:00,9.470000267028809,9.5600004196167,9.069999694824219,9.34000015258789,148300,0.0,0.0
2022-04-11 00:00:00-04:00,9.319999694824219,9.520000457763672,9.239999771118164,9.5,113500,0.0,0.0
2022-04-12 00:00:00-04:00,9.600000381469727,9.75,9.359999656677246,9.479999542236328,152400,0.0,0.0
2022-04-13 00:00:00-04:00,9.479999542236328,9.739999771118164,9.449999809265137,9.59000015258789,71700,0.0,0.0
2022-04-14 00:00:00-04:00,9.65999984741211,9.75,9.489999771118164,9.579999923706055,93600,0.0,0.0
2022-04-18 00:00:00-04:00,9.640000343322754,9.640000343322754,9.180000305175781,9.25,125800,0.0,0.0
2022-04-19 00:00:00-04:00,9.720000267028809,10.0,9.5600004196167,9.670000076293945,273900,0.0,0.0
2022-04-20 00:00:00-04:00,9.739999771118164,9.859999656677246,9.59000015258789,9.630000114440918,78400,0.0,0.0
2022-04-21 00:00:00-04:00,9.779999732971191,9.850000381469727,9.210000038146973,9.380000114440918,149800,0.0,0.0
2022-04-22 00:00:00-04:00,9.359999656677246,9.5,9.15999984741211,9.390000343322754,181000,0.0,0.0
2022-04-25 00:00:00-04:00,9.3100004196167,9.479999542236328,9.050000190734863,9.319999694824219,191600,0.0,0.0
2022-04-26 00:00:00-04:00,9.15999984741211,9.289999961853027,8.989999771118164,9.09000015258789,175700,0.0,0.0
2022-04-27 00:00:00-04:00,9.109999656677246,9.270000457763672,8.920000076293945,9.010000228881836,111900,0.0,0.0
2022-04-28 00:00:00-04:00,9.149999618530273,9.300000190734863,8.9399995803833,9.170000076293945,128400,0.0,0.0
2022-04-29 00:00:00-04:00,9.220000267028809,9.399999618530273,9.0,9.050000190734863,180900,0.0,0.0
2022-05-02 00:00:00-04:00,9.010000228881836,9.34000015258789,8.789999961853027,8.890000343322754,153500,0.0,0.0
2022-05-03 00:00:00-04:00,8.899999618530273,8.960000038146973,8.380000114440918,8.5,353100,0.0,0.0
2022-05-04 00:00:00-04:00,8.539999961853027,8.59000015258789,8.25,8.5,266900,0.0,0.0
2022-05-05 00:00:00-04:00,8.420000076293945,8.460000038146973,7.980000019073486,8.0,276800,0.0,0.0
2022-05-06 00:00:00-04:00,8.0,8.239999771118164,7.75,7.869999885559082,392900,0.0,0.0
2022-05-09 00:00:00-04:00,7.769999980926514,7.809999942779541,7.070000171661377,7.099999904632568,537900,0.0,0.0
2022-05-10 00:00:00-04:00,6.699999809265137,6.75,5.739999771118164,6.190000057220459,1546900,0.0,0.0
2022-05-11 00:00:00-04:00,6.28000020980835,6.369999885559082,5.269999980926514,5.400000095367432,1002700,0.0,0.0
2022-05-12 00:00:00-04:00,5.550000190734863,6.070000171661377,5.440000057220459,5.829999923706055,1038900,0.0,0.0
2022-05-13 00:00:00-04:00,6.110000133514404,6.880000114440918,6.110000133514404,6.789999961853027,676000,0.0,0.0
2022-05-16 00:00:00-04:00,6.730000019073486,7.170000076293945,6.730000019073486,6.889999866485596,292200,0.0,0.0
2022-05-17 00:00:00-04:00,7.119999885559082,7.269999980926514,6.989999771118164,7.159999847412109,206400,0.0,0.0
2022-05-18 00:00:00-04:00,6.96999979019165,7.139999866485596,6.559999942779541,6.619999885559082,402100,0.0,0.0
2022-05-19 00:00:00-04:00,6.510000228881836,6.829999923706055,6.5,6.75,395400,0.0,0.0
2022-05-20 00:00:00-04:00,6.889999866485596,6.889999866485596,6.289999961853027,6.380000114440918,309400,0.0,0.0
2022-05-23 00:00:00-04:00,6.449999809265137,6.559999942779541,6.119999885559082,6.349999904632568,233500,0.0,0.0
2022-05-24 00:00:00-04:00,6.28000020980835,6.320000171661377,5.940000057220459,6.110000133514404,243600,0.0,0.0
2022-05-25 00:00:00-04:00,6.090000152587891,6.420000076293945,6.090000152587891,6.369999885559082,273500,0.0,0.0
2022-05-26 00:00:00-04:00,6.5,7.21999979019165,6.5,7.039999961853027,299600,0.0,0.0
2022-05-27 00:00:00-04:00,7.059999942779541,7.150000095367432,6.900000095367432,7.03000020980835,308200,0.0,0.0
2022-05-31 00:00:00-04:00,7.0,7.150000095367432,6.820000171661377,7.039999961853027,131800,0.0,0.0
2022-06-01 00:00:00-04:00,7.079999923706055,7.110000133514404,6.920000076293945,7.079999923706055,196900,0.0,0.0
2022-06-02 00:00:00-04:00,7.079999923706055,7.380000114440918,7.079999923706055,7.300000190734863,133800,0.0,0.0
2022-06-03 00:00:00-04:00,7.190000057220459,7.21999979019165,7.019999980926514,7.139999866485596,134400,0.0,0.0
2022-06-06 00:00:00-04:00,7.269999980926514,7.269999980926514,7.050000190734863,7.099999904632568,92500,0.0,0.0
2022-06-07 00:00:00-04:00,7.019999980926514,7.230000019073486,6.929999828338623,7.210000038146973,131900,0.0,0.0
2022-06-08 00:00:00-04:00,7.199999809265137,7.260000228881836,7.050000190734863,7.159999847412109,124800,0.0,0.0
2022-06-09 00:00:00-04:00,7.110000133514404,7.260000228881836,7.0,7.159999847412109,139100,0.0,0.0
2022-06-10 00:00:00-04:00,6.960000038146973,7.139999866485596,6.889999866485596,6.940000057220459,202600,0.0,0.0
2022-06-13 00:00:00-04:00,6.710000038146973,6.730000019073486,6.409999847412109,6.539999961853027,265500,0.0,0.0
2022-06-14 00:00:00-04:00,6.539999961853027,6.769999980926514,6.440000057220459,6.599999904632568,262800,0.0,0.0
2022-06-15 00:00:00-04:00,6.690000057220459,6.860000133514404,6.539999961853027,6.78000020980835,248800,0.0,0.0
2022-06-16 00:00:00-04:00,6.610000133514404,6.739999771118164,6.170000076293945,6.28000020980835,215300,0.0,0.0
2022-06-17 00:00:00-04:00,6.340000152587891,6.610000133514404,6.340000152587891,6.429999828338623,192800,0.0,0.0
2022-06-21 00:00:00-04:00,6.53000020980835,6.820000171661377,6.429999828338623,6.710000038146973,140700,0.0,0.0
2022-06-22 00:00:00-04:00,6.550000190734863,7.050000190734863,6.550000190734863,6.699999809265137,184000,0.0,0.0
2022-06-23 00:00:00-04:00,6.670000076293945,6.940000057220459,6.559999942779541,6.730000019073486,119300,0.0,0.0
2022-06-24 00:00:00-04:00,6.71999979019165,6.929999828338623,6.489999771118164,6.71999979019165,906400,0.0,0.0
2022-06-27 00:00:00-04:00,6.78000020980835,6.789999961853027,6.539999961853027,6.659999847412109,183500,0.0,0.0
2022-06-28 00:00:00-04:00,6.710000038146973,7.03000020980835,6.510000228881836,6.789999961853027,268400,0.0,0.0
2022-06-29 00:00:00-04:00,6.75,6.75,6.380000114440918,6.440000057220459,218700,0.0,0.0
2022-06-30 00:00:00-04:00,6.309999942779541,6.349999904632568,5.909999847412109,6.079999923706055,1156700,0.0,0.0
2022-07-01 00:00:00-04:00,5.960000038146973,5.960000038146973,5.050000190734863,5.190000057220459,1863600,0.0,0.0
2022-07-05 00:00:00-04:00,5.079999923706055,5.630000114440918,4.820000171661377,5.559999942779541,780600,0.0,0.0
2022-07-06 00:00:00-04:00,5.5,5.630000114440918,5.260000228881836,5.46999979019165,195000,0.0,0.0
2022-07-07 00:00:00-04:00,5.519999980926514,5.960000038146973,5.510000228881836,5.820000171661377,279000,0.0,0.0
2022-07-08 00:00:00-04:00,5.760000228881836,5.940000057220459,5.670000076293945,5.760000228881836,171900,0.0,0.0
2022-07-11 00:00:00-04:00,5.670000076293945,5.670000076293945,5.420000076293945,5.53000020980835,155500,0.0,0.0
2022-07-12 00:00:00-04:00,5.53000020980835,5.579999923706055,5.309999942779541,5.340000152587891,288800,0.0,0.0
2022-07-13 00:00:00-04:00,5.239999771118164,5.389999866485596,5.170000076293945,5.25,144500,0.0,0.0
2022-07-14 00:00:00-04:00,5.170000076293945,5.380000114440918,5.139999866485596,5.360000133514404,133700,0.0,0.0
2022-07-15 00:00:00-04:00,5.480000019073486,5.760000228881836,5.409999847412109,5.710000038146973,162100,0.0,0.0
2022-07-18 00:00:00-04:00,5.809999942779541,6.079999923706055,5.78000020980835,5.800000190734863,119900,0.0,0.0
2022-07-19 00:00:00-04:00,5.849999904632568,6.159999847412109,5.849999904632568,5.940000057220459,103000,0.0,0.0
2022-07-20 00:00:00-04:00,5.920000076293945,6.199999809265137,5.920000076293945,6.150000095367432,132100,0.0,0.0
2022-07-21 00:00:00-04:00,6.130000114440918,6.320000171661377,6.019999980926514,6.21999979019165,134100,0.0,0.0
2022-07-22 00:00:00-04:00,6.260000228881836,6.260000228881836,5.929999828338623,6.0,135100,0.0,0.0
2022-07-25 00:00:00-04:00,6.050000190734863,6.059999942779541,5.78000020980835,6.0,133300,0.0,0.0
2022-07-26 00:00:00-04:00,5.989999771118164,6.099999904632568,5.849999904632568,5.940000057220459,104800,0.0,0.0
2022-07-27 00:00:00-04:00,6.010000228881836,6.179999828338623,5.980000019073486,6.150000095367432,110200,0.0,0.0
2022-07-28 00:00:00-04:00,6.110000133514404,6.300000190734863,6.090000152587891,6.260000228881836,116400,0.0,0.0
2022-07-29 00:00:00-04:00,6.329999923706055,6.429999828338623,6.159999847412109,6.210000038146973,130800,0.0,0.0
2022-08-01 00:00:00-04:00,6.150000095367432,6.360000133514404,6.0,6.119999885559082,137900,0.0,0.0
2022-08-02 00:00:00-04:00,6.159999847412109,6.460000038146973,6.139999866485596,6.420000076293945,108300,0.0,0.0
2022-08-03 00:00:00-04:00,6.090000152587891,6.559999942779541,6.03000020980835,6.360000133514404,298400,0.0,0.0
2022-08-04 00:00:00-04:00,6.360000133514404,6.820000171661377,6.329999923706055,6.730000019073486,182800,0.0,0.0
2022-08-05 00:00:00-04:00,6.579999923706055,6.800000190734863,6.579999923706055,6.710000038146973,122100,0.0,0.0
2022-08-08 00:00:00-04:00,6.789999961853027,6.989999771118164,6.78000020980835,6.900000095367432,180300,0.0,0.0
2022-08-09 00:00:00-04:00,6.980000019073486,7.070000171661377,6.860000133514404,7.050000190734863,258600,0.0,0.0
2022-08-10 00:00:00-04:00,7.159999847412109,7.840000152587891,7.159999847412109,7.710000038146973,152400,0.0,0.0
2022-08-11 00:00:00-04:00,7.809999942779541,7.949999809265137,7.5,7.539999961853027,85100,0.0,0.0
2022-08-12 00:00:00-04:00,7.610000133514404,7.730000019073486,7.5,7.550000190734863,109000,0.0,0.0
2022-08-15 00:00:00-04:00,7.400000095367432,7.449999809265137,7.019999980926514,7.150000095367432,148800,0.0,0.0
2022-08-16 00:00:00-04:00,7.119999885559082,7.420000076293945,7.110000133514404,7.400000095367432,133700,0.0,0.0
2022-08-17 00:00:00-04:00,7.28000020980835,7.349999904632568,7.119999885559082,7.260000228881836,142100,0.0,0.0
2022-08-18 00:00:00-04:00,7.28000020980835,7.409999847412109,7.21999979019165,7.289999961853027,66400,0.0,0.0
2022-08-19 00:00:00-04:00,7.199999809265137,7.21999979019165,7.019999980926514,7.119999885559082,89000,0.0,0.0
2022-08-22 00:00:00-04:00,7.059999942779541,7.119999885559082,6.800000190734863,6.840000152587891,86900,0.0,0.0
2022-08-23 00:00:00-04:00,6.820000171661377,7.059999942779541,6.809999942779541,6.989999771118164,88700,0.0,0.0
2022-08-24 00:00:00-04:00,6.96999979019165,7.260000228881836,6.869999885559082,7.110000133514404,79800,0.0,0.0
2022-08-25 00:00:00-04:00,7.150000095367432,7.360000133514404,7.070000171661377,7.360000133514404,46000,0.0,0.0
2022-08-26 00:00:00-04:00,7.349999904632568,7.349999904632568,7.03000020980835,7.090000152587891,70400,0.0,0.0
2022-08-29 00:00:00-04:00,7.0,7.03000020980835,6.690000057220459,6.71999979019165,74000,0.0,0.0
2022-08-30 00:00:00-04:00,6.789999961853027,6.800000190734863,6.590000152587891,6.679999828338623,63700,0.0,0.0
2022-08-31 00:00:00-04:00,6.690000057220459,6.809999942779541,6.630000114440918,6.739999771118164,56900,0.0,0.0
2022-09-01 00:00:00-04:00,6.75,6.809999942779541,6.5,6.800000190734863,111000,0.0,0.0
2022-09-02 00:00:00-04:00,6.96999979019165,6.96999979019165,6.71999979019165,6.800000190734863,94200,0.0,0.0
2022-09-06 00:00:00-04:00,6.789999961853027,6.800000190734863,6.71999979019165,6.78000020980835,81700,0.0,0.0
2022-09-07 00:00:00-04:00,6.75,7.170000076293945,6.75,7.110000133514404,124300,0.0,0.0
2022-09-08 00:00:00-04:00,6.980000019073486,7.179999828338623,6.829999923706055,7.150000095367432,80700,0.0,0.0
2022-09-09 00:00:00-04:00,7.199999809265137,7.289999961853027,6.940000057220459,7.070000171661377,88400,0.0,0.0
2022-09-12 00:00:00-04:00,7.170000076293945,7.190000057220459,6.980000019073486,7.0,69400,0.0,0.0
2022-09-13 00:00:00-04:00,6.860000133514404,7.0,6.699999809265137,6.75,123600,0.0,0.0
2022-09-14 00:00:00-04:00,6.78000020980835,6.920000076293945,6.71999979019165,6.789999961853027,76600,0.0,0.0
2022-09-15 00:00:00-04:00,6.75,7.039999961853027,6.75,6.900000095367432,58000,0.0,0.0
2022-09-16 00:00:00-04:00,6.840000152587891,6.840000152587891,6.590000152587891,6.789999961853027,148700,0.0,0.0
2022-09-19 00:00:00-04:00,6.730000019073486,6.880000114440918,6.610000133514404,6.849999904632568,55100,0.0,0.0
2022-09-20 00:00:00-04:00,6.800000190734863,6.860000133514404,6.650000095367432,6.710000038146973,64300,0.0,0.0
2022-09-21 00:00:00-04:00,6.730000019073486,6.730000019073486,6.230000019073486,6.230000019073486,142500,0.0,0.0
2022-09-22 00:00:00-04:00,6.230000019073486,6.230000019073486,5.809999942779541,5.869999885559082,184000,0.0,0.0
2022-09-23 00:00:00-04:00,5.769999980926514,5.800000190734863,5.460000038146973,5.670000076293945,175200,0.0,0.0
2022-09-26 00:00:00-04:00,5.639999866485596,5.96999979019165,5.639999866485596,5.739999771118164,76600,0.0,0.0
2022-09-27 00:00:00-04:00,5.840000152587891,5.960000038146973,5.690000057220459,5.739999771118164,61400,0.0,0.0
2022-09-28 00:00:00-04:00,5.71999979019165,6.059999942779541,5.71999979019165,5.980000019073486,53800,0.0,0.0
2022-09-29 00:00:00-04:00,5.860000133514404,5.889999866485596,5.579999923706055,5.699999809265137,36500,0.0,0.0
2022-09-30 00:00:00-04:00,5.630000114440918,5.860000133514404,5.539999961853027,5.619999885559082,62600,0.0,0.0
2022-10-03 00:00:00-04:00,5.75,5.75,5.510000228881836,5.519999980926514,82500,0.0,0.0
2022-10-04 00:00:00-04:00,5.610000133514404,6.0,5.610000133514404,5.989999771118164,102600,0.0,0.0
2022-10-05 00:00:00-04:00,5.929999828338623,6.0,5.78000020980835,5.960000038146973,49200,0.0,0.0
2022-10-06 00:00:00-04:00,5.949999809265137,6.110000133514404,5.739999771118164,5.769999980926514,66300,0.0,0.0
2022-10-07 00:00:00-04:00,5.670000076293945,5.730000019073486,5.489999771118164,5.559999942779541,48200,0.0,0.0
2022-10-10 00:00:00-04:00,5.639999866485596,5.639999866485596,5.449999809265137,5.46999979019165,33600,0.0,0.0
2022-10-11 00:00:00-04:00,5.420000076293945,5.75,5.230000019073486,5.559999942779541,75400,0.0,0.0
2022-10-12 00:00:00-04:00,5.559999942779541,5.809999942779541,5.46999979019165,5.710000038146973,34100,0.0,0.0
2022-10-13 00:00:00-04:00,5.130000114440918,5.949999809265137,5.119999885559082,5.889999866485596,68200,0.0,0.0
2022-10-14 00:00:00-04:00,5.960000038146973,5.960000038146973,5.349999904632568,5.53000020980835,331700,0.0,0.0
2022-10-17 00:00:00-04:00,5.630000114440918,5.739999771118164,5.239999771118164,5.53000020980835,289400,0.0,0.0
2022-10-18 00:00:00-04:00,5.690000057220459,5.730000019073486,5.460000038146973,5.539999961853027,223600,0.0,0.0
2022-10-19 00:00:00-04:00,5.53000020980835,5.639999866485596,5.389999866485596,5.610000133514404,60500,0.0,0.0
2022-10-20 00:00:00-04:00,5.630000114440918,5.849999904632568,5.550000190734863,5.619999885559082,66200,0.0,0.0
2022-10-21 00:00:00-04:00,5.639999866485596,5.960000038146973,5.53000020980835,5.920000076293945,57200,0.0,0.0
2022-10-24 00:00:00-04:00,5.809999942779541,5.909999847412109,5.599999904632568,5.78000020980835,72900,0.0,0.0
2022-10-25 00:00:00-04:00,5.929999828338623,6.28000020980835,5.769999980926514,6.25,152900,0.0,0.0
2022-10-26 00:00:00-04:00,6.340000152587891,6.619999885559082,6.300000190734863,6.440000057220459,77700,0.0,0.0
2022-10-27 00:00:00-04:00,6.570000171661377,6.619999885559082,6.289999961853027,6.320000171661377,146100,0.0,0.0
2022-10-28 00:00:00-04:00,6.320000171661377,6.789999961853027,6.300000190734863,6.739999771118164,128100,0.0,0.0
2022-10-31 00:00:00-04:00,6.670000076293945,7.130000114440918,6.659999847412109,7.010000228881836,147300,0.0,0.0
2022-11-01 00:00:00-04:00,7.039999961853027,7.269999980926514,6.920000076293945,7.139999866485596,82500,0.0,0.0
2022-11-02 00:00:00-04:00,7.099999904632568,7.46999979019165,7.0,7.130000114440918,117100,0.0,0.0
2022-11-03 00:00:00-04:00,6.980000019073486,7.150000095367432,6.78000020980835,6.909999847412109,119200,0.0,0.0
2022-11-04 00:00:00-04:00,6.960000038146973,7.130000114440918,6.550000190734863,6.880000114440918,159700,0.0,0.0
2022-11-07 00:00:00-05:00,6.940000057220459,6.940000057220459,6.659999847412109,6.860000133514404,117900,0.0,0.0
2022-11-08 00:00:00-05:00,6.380000114440918,6.889999866485596,6.320000171661377,6.5,177200,0.0,0.0
2022-11-09 00:00:00-05:00,6.5,6.710000038146973,6.320000171661377,6.400000095367432,201500,0.0,0.0
2022-11-10 00:00:00-05:00,6.840000152587891,7.190000057220459,6.78000020980835,6.980000019073486,223900,0.0,0.0
2022-11-11 00:00:00-05:00,6.960000038146973,7.480000019073486,6.789999961853027,7.25,169400,0.0,0.0
2022-11-14 00:00:00-05:00,7.190000057220459,7.329999923706055,6.920000076293945,7.210000038146973,100300,0.0,0.0
2022-11-15 00:00:00-05:00,7.340000152587891,7.590000152587891,7.199999809265137,7.46999979019165,108000,0.0,0.0
2022-11-16 00:00:00-05:00,7.369999885559082,7.389999866485596,6.949999809265137,7.320000171661377,195800,0.0,0.0
2022-11-17 00:00:00-05:00,7.179999828338623,7.329999923706055,7.0,7.28000020980835,71000,0.0,0.0
2022-11-18 00:00:00-05:00,7.449999809265137,7.480000019073486,7.300000190734863,7.360000133514404,63000,0.0,0.0
2022-11-21 00:00:00-05:00,7.340000152587891,7.5,7.099999904632568,7.46999979019165,102700,0.0,0.0
2022-11-22 00:00:00-05:00,7.510000228881836,7.659999847412109,7.389999866485596,7.639999866485596,101000,0.0,0.0
2022-11-23 00:00:00-05:00,7.639999866485596,7.730000019073486,7.300000190734863,7.590000152587891,76400,0.0,0.0
2022-11-25 00:00:00-05:00,7.480000019073486,7.760000228881836,7.480000019073486,7.480000019073486,31500,0.0,0.0
2022-11-28 00:00:00-05:00,7.440000057220459,7.440000057220459,7.269999980926514,7.300000190734863,67300,0.0,0.0
2022-11-29 00:00:00-05:00,7.28000020980835,7.53000020980835,7.25,7.460000038146973,83600,0.0,0.0
2022-11-30 00:00:00-05:00,7.409999847412109,7.699999809265137,7.28000020980835,7.650000095367432,121400,0.0,0.0
2022-12-01 00:00:00-05:00,7.71999979019165,7.840000152587891,7.400000095367432,7.510000228881836,79500,0.0,0.0
2022-12-02 00:00:00-05:00,7.340000152587891,7.590000152587891,7.239999771118164,7.389999866485596,183600,0.0,0.0
2022-12-05 00:00:00-05:00,7.329999923706055,7.429999828338623,7.199999809265137,7.28000020980835,120900,0.0,0.0
2022-12-06 00:00:00-05:00,7.21999979019165,7.369999885559082,7.159999847412109,7.369999885559082,134800,0.0,0.0
2022-12-07 00:00:00-05:00,7.320000171661377,7.619999885559082,7.25,7.599999904632568,159100,0.0,0.0
2022-12-08 00:00:00-05:00,7.909999847412109,8.260000228881836,7.590000152587891,8.199999809265137,265200,0.0,0.0
2022-12-09 00:00:00-05:00,8.0,8.25,7.960000038146973,8.170000076293945,145400,0.0,0.0
2022-12-12 00:00:00-05:00,8.279999732971191,8.279999732971191,7.789999961853027,7.849999904632568,175100,0.0,0.0
2022-12-13 00:00:00-05:00,8.1899995803833,8.1899995803833,7.849999904632568,7.860000133514404,127300,0.0,0.0
2022-12-14 00:00:00-05:00,7.869999885559082,8.050000190734863,7.630000114440918,7.880000114440918,92600,0.0,0.0
2022-12-15 00:00:00-05:00,7.730000019073486,7.96999979019165,7.699999809265137,7.71999979019165,70100,0.0,0.0
2022-12-16 00:00:00-05:00,7.670000076293945,7.789999961853027,7.309999942779541,7.340000152587891,372500,0.0,0.0
2022-12-19 00:00:00-05:00,7.260000228881836,7.510000228881836,6.800000190734863,7.369999885559082,254400,0.0,0.0
2022-12-20 00:00:00-05:00,7.329999923706055,7.539999961853027,7.210000038146973,7.489999771118164,104300,0.0,0.0
2022-12-21 00:00:00-05:00,7.639999866485596,8.0,7.639999866485596,7.949999809265137,77100,0.0,0.0
2022-12-22 00:00:00-05:00,7.789999961853027,7.789999961853027,7.519999980926514,7.760000228881836,93500,0.0,0.0
2022-12-23 00:00:00-05:00,7.760000228881836,7.960000038146973,7.639999866485596,7.869999885559082,114400,0.0,0.0
2022-12-27 00:00:00-05:00,7.869999885559082,8.0600004196167,7.670000076293945,7.699999809265137,48800,0.0,0.0
2022-12-28 00:00:00-05:00,7.599999904632568,7.71999979019165,7.329999923706055,7.409999847412109,158500,0.0,0.0
2022-12-29 00:00:00-05:00,7.53000020980835,7.630000114440918,7.449999809265137,7.610000133514404,96100,0.0,0.0
2022-12-30 00:00:00-05:00,7.309999942779541,7.71999979019165,7.309999942779541,7.519999980926514,79300,0.0,0.0
2023-01-03 00:00:00-05:00,7.599999904632568,7.710000038146973,7.360000133514404,7.400000095367432,104700,0.0,0.0
2023-01-04 00:00:00-05:00,7.53000020980835,7.53000020980835,7.25,7.400000095367432,136300,0.0,0.0
2023-01-05 00:00:00-05:00,7.400000095367432,7.510000228881836,7.300000190734863,7.389999866485596,85600,0.0,0.0
2023-01-06 00:00:00-05:00,7.570000171661377,7.820000171661377,7.5,7.699999809265137,80400,0.0,0.0
2023-01-09 00:00:00-05:00,7.829999923706055,7.900000095367432,7.730000019073486,7.769999980926514,73200,0.0,0.0
2023-01-10 00:00:00-05:00,7.730000019073486,8.100000381469727,7.730000019073486,8.0600004196167,70100,0.0,0.0
2023-01-11 00:00:00-05:00,8.109999656677246,8.489999771118164,8.0,8.489999771118164,71500,0.0,0.0
2023-01-12 00:00:00-05:00,8.539999961853027,8.619999885559082,8.430000305175781,8.569999694824219,96100,0.0,0.0
2023-01-13 00:00:00-05:00,8.510000228881836,8.829999923706055,8.510000228881836,8.829999923706055,59300,0.0,0.0
2023-01-17 00:00:00-05:00,8.84000015258789,9.069999694824219,8.649999618530273,8.989999771118164,110900,0.0,0.0
2023-01-18 00:00:00-05:00,9.100000381469727,9.220000267028809,8.479999542236328,8.529999732971191,158500,0.0,0.0
2023-01-19 00:00:00-05:00,8.4399995803833,8.489999771118164,8.350000381469727,8.4399995803833,34500,0.0,0.0
2023-01-20 00:00:00-05:00,8.579999923706055,8.729999542236328,8.4399995803833,8.720000267028809,73800,0.0,0.0
2023-01-23 00:00:00-05:00,8.720000267028809,9.050000190734863,8.710000038146973,9.039999961853027,47600,0.0,0.0
2023-01-24 00:00:00-05:00,9.0,9.390000343322754,8.90999984741211,9.369999885559082,60300,0.0,0.0
2023-01-25 00:00:00-05:00,9.25,9.430000305175781,9.010000228881836,9.350000381469727,70500,0.0,0.0
2023-01-26 00:00:00-05:00,9.489999771118164,9.489999771118164,9.079999923706055,9.130000114440918,51300,0.0,0.0
2023-01-27 00:00:00-05:00,9.100000381469727,9.300000190734863,9.0,9.180000305175781,55800,0.0,0.0
2023-01-30 00:00:00-05:00,9.0600004196167,9.119999885559082,8.779999732971191,8.789999961853027,69600,0.0,0.0
2023-01-31 00:00:00-05:00,8.819999694824219,8.829999923706055,8.710000038146973,8.819999694824219,75400,0.0,0.0
2023-02-01 00:00:00-05:00,8.75,8.9399995803833,8.489999771118164,8.800000190734863,133700,0.0,0.0
2023-02-02 00:00:00-05:00,8.869999885559082,9.109999656677246,8.770000457763672,8.880000114440918,234300,0.0,0.0
2023-02-03 00:00:00-05:00,8.779999732971191,9.149999618530273,8.670000076293945,9.119999885559082,154700,0.0,0.0
2023-02-06 00:00:00-05:00,9.0,9.399999618530273,8.979999542236328,9.130000114440918,57300,0.0,0.0
2023-02-07 00:00:00-05:00,9.0600004196167,9.550000190734863,9.029999732971191,9.529999732971191,65200,0.0,0.0
2023-02-08 00:00:00-05:00,9.460000038146973,9.569999694824219,9.300000190734863,9.550000190734863,71900,0.0,0.0
2023-02-09 00:00:00-05:00,9.729999542236328,9.770000457763672,9.399999618530273,9.449999809265137,73800,0.0,0.0
2023-02-10 00:00:00-05:00,9.449999809265137,9.449999809265137,9.140000343322754,9.3100004196167,38600,0.0,0.0
2023-02-13 00:00:00-05:00,9.390000343322754,9.579999923706055,9.390000343322754,9.529999732971191,38500,0.0,0.0
2023-02-14 00:00:00-05:00,9.350000381469727,9.5600004196167,9.199999809265137,9.319999694824219,99000,0.0,0.0
2023-02-15 00:00:00-05:00,9.15999984741211,9.3100004196167,9.029999732971191,9.029999732971191,41100,0.0,0.0
2023-02-16 00:00:00-05:00,8.989999771118164,9.40999984741211,8.880000114440918,9.319999694824219,147500,0.0,0.0
2023-02-17 00:00:00-05:00,9.210000038146973,10.130000114440918,9.210000038146973,10.069999694824219,152400,0.0,0.0
2023-02-21 00:00:00-05:00,9.949999809265137,10.079999923706055,9.5,9.850000381469727,162300,0.0,0.0
2023-02-22 00:00:00-05:00,9.880000114440918,9.979999542236328,9.539999961853027,9.899999618530273,57500,0.0,0.0
2023-02-23 00:00:00-05:00,10.029999732971191,10.050000190734863,9.760000228881836,9.920000076293945,85100,0.0,0.0
2023-02-24 00:00:00-05:00,9.720000267028809,9.949999809265137,9.5,9.670000076293945,86100,0.0,0.0
2023-02-27 00:00:00-05:00,9.6899995803833,9.729999542236328,9.539999961853027,9.670000076293945,69100,0.0,0.0
2023-02-28 00:00:00-05:00,9.829999923706055,9.850000381469727,9.630000114440918,9.680000305175781,79500,0.0,0.0
2023-03-01 00:00:00-05:00,9.609999656677246,9.880000114440918,9.609999656677246,9.770000457763672,44000,0.0,0.0
2023-03-02 00:00:00-05:00,9.699999809265137,9.890000343322754,9.699999809265137,9.8100004196167,36100,0.0,0.0
2023-03-03 00:00:00-05:00,9.84000015258789,10.079999923706055,9.75,9.890000343322754,65900,0.0,0.0
2023-03-06 00:00:00-05:00,9.930000305175781,10.0,9.539999961853027,9.789999961853027,88600,0.0,0.0
2023-03-07 00:00:00-05:00,9.869999885559082,9.970000267028809,9.720000267028809,9.930000305175781,126500,0.0,0.0
2023-03-08 00:00:00-05:00,9.770000457763672,9.850000381469727,8.510000228881836,8.869999885559082,333100,0.0,0.0
2023-03-09 00:00:00-05:00,8.779999732971191,9.0,8.40999984741211,8.40999984741211,93700,0.0,0.0
2023-03-10 00:00:00-05:00,8.449999809265137,8.5,7.800000190734863,7.869999885559082,141400,0.0,0.0
2023-03-13 00:00:00-04:00,7.739999771118164,8.020000457763672,7.599999904632568,7.769999980926514,92600,0.0,0.0
2023-03-14 00:00:00-04:00,8.09000015258789,8.119999885559082,7.760000228881836,7.920000076293945,88900,0.0,0.0
2023-03-15 00:00:00-04:00,7.800000190734863,7.800000190734863,7.260000228881836,7.559999942779541,94600,0.0,0.0
2023-03-16 00:00:00-04:00,7.409999847412109,7.699999809265137,7.380000114440918,7.610000133514404,113600,0.0,0.0
2023-03-17 00:00:00-04:00,7.46999979019165,7.710000038146973,7.46999979019165,7.670000076293945,154000,0.0,0.0
2023-03-20 00:00:00-04:00,7.789999961853027,7.789999961853027,7.269999980926514,7.28000020980835,95100,0.0,0.0
2023-03-21 00:00:00-04:00,7.480000019073486,7.820000171661377,7.380000114440918,7.489999771118164,82000,0.0,0.0
2023-03-22 00:00:00-04:00,7.489999771118164,7.760000228881836,7.110000133514404,7.130000114440918,102100,0.0,0.0
2023-03-23 00:00:00-04:00,7.170000076293945,7.28000020980835,6.710000038146973,6.760000228881836,116900,0.0,0.0
2023-03-24 00:00:00-04:00,6.75,6.940000057220459,6.699999809265137,6.900000095367432,86800,0.0,0.0
2023-03-27 00:00:00-04:00,6.989999771118164,7.079999923706055,6.800000190734863,6.909999847412109,57700,0.0,0.0
2023-03-28 00:00:00-04:00,6.820000171661377,7.059999942779541,6.619999885559082,6.78000020980835,89100,0.0,0.0
2023-03-29 00:00:00-04:00,6.900000095367432,6.940000057220459,6.630000114440918,6.849999904632568,59800,0.0,0.0
2023-03-30 00:00:00-04:00,6.909999847412109,7.119999885559082,6.900000095367432,7.050000190734863,66100,0.0,0.0
2023-03-31 00:00:00-04:00,7.079999923706055,7.300000190734863,7.059999942779541,7.230000019073486,83200,0.0,0.0
2023-04-03 00:00:00-04:00,7.300000190734863,7.320000171661377,7.010000228881836,7.230000019073486,88800,0.0,0.0
2023-04-04 00:00:00-04:00,7.159999847412109,7.199999809265137,6.96999979019165,7.039999961853027,66000,0.0,0.0
2023-04-05 00:00:00-04:00,7.039999961853027,7.070000171661377,6.639999866485596,6.760000228881836,64000,0.0,0.0
2023-04-06 00:00:00-04:00,6.789999961853027,6.829999923706055,6.650000095367432,6.829999923706055,42600,0.0,0.0
2023-04-10 00:00:00-04:00,6.739999771118164,6.989999771118164,6.739999771118164,6.96999979019165,49500,0.0,0.0
2023-04-11 00:00:00-04:00,7.019999980926514,7.139999866485596,6.769999980926514,7.010000228881836,111400,0.0,0.0
2023-04-12 00:00:00-04:00,7.150000095367432,7.150000095367432,6.75,6.800000190734863,42500,0.0,0.0
2023-04-13 00:00:00-04:00,6.849999904632568,6.980000019073486,6.75,6.949999809265137,58800,0.0,0.0
2023-04-14 00:00:00-04:00,7.0,7.0,6.699999809265137,6.849999904632568,69500,0.0,0.0
2023-04-17 00:00:00-04:00,6.840000152587891,6.900000095367432,6.610000133514404,6.900000095367432,73900,0.0,0.0
2023-04-18 00:00:00-04:00,7.0,7.269999980926514,6.980000019073486,7.139999866485596,74300,0.0,0.0
2023-04-19 00:00:00-04:00,7.070000171661377,7.110000133514404,6.949999809265137,7.039999961853027,34700,0.0,0.0
2023-04-20 00:00:00-04:00,6.949999809265137,7.039999961853027,6.760000228881836,6.860000133514404,47700,0.0,0.0
2023-04-21 00:00:00-04:00,6.820000171661377,6.940000057220459,6.809999942779541,6.880000114440918,82200,0.0,0.0
2023-04-24 00:00:00-04:00,6.840000152587891,7.050000190734863,6.760000228881836,6.909999847412109,37200,0.0,0.0
2023-04-25 00:00:00-04:00,6.809999942779541,6.960000038146973,6.75,6.75,38300,0.0,0.0
2023-04-26 00:00:00-04:00,6.75,7.019999980926514,6.639999866485596,6.869999885559082,135400,0.0,0.0
2023-04-27 00:00:00-04:00,6.980000019073486,6.989999771118164,6.860000133514404,6.880000114440918,38900,0.0,0.0
2023-04-28 00:00:00-04:00,6.840000152587891,7.119999885559082,6.840000152587891,7.039999961853027,37700,0.0,0.0
2023-05-01 00:00:00-04:00,7.03000020980835,7.400000095367432,7.010000228881836,7.179999828338623,99400,0.0,0.0
2023-05-02 00:00:00-04:00,7.179999828338623,7.21999979019165,6.909999847412109,6.980000019073486,47100,0.0,0.0
2023-05-03 00:00:00-04:00,7.039999961853027,7.079999923706055,6.789999961853027,6.829999923706055,70300,0.0,0.0
2023-05-04 00:00:00-04:00,6.760000228881836,6.809999942779541,6.550000190734863,6.610000133514404,90100,0.0,0.0
2023-05-05 00:00:00-04:00,6.760000228881836,6.760000228881836,6.349999904632568,6.389999866485596,97800,0.0,0.0
2023-05-08 00:00:00-04:00,6.480000019073486,6.480000019073486,6.150000095367432,6.260000228881836,135700,0.0,0.0
2023-05-09 00:00:00-04:00,6.380000114440918,6.920000076293945,5.829999923706055,6.849999904632568,286900,0.0,0.0
2023-05-10 00:00:00-04:00,6.909999847412109,7.25,6.900000095367432,7.210000038146973,139800,0.0,0.0
2023-05-11 00:00:00-04:00,7.070000171661377,7.210000038146973,6.800000190734863,6.900000095367432,133700,0.0,0.0
2023-05-12 00:00:00-04:00,6.909999847412109,7.039999961853027,6.519999980926514,6.599999904632568,53900,0.0,0.0
2023-05-15 00:00:00-04:00,6.599999904632568,6.829999923706055,6.599999904632568,6.800000190734863,55400,0.0,0.0
2023-05-16 00:00:00-04:00,6.769999980926514,7.130000114440918,6.760000228881836,6.78000020980835,87800,0.0,0.0
2023-05-17 00:00:00-04:00,6.789999961853027,7.019999980926514,6.760000228881836,6.96999979019165,65900,0.0,0.0
2023-05-18 00:00:00-04:00,6.920000076293945,7.429999828338623,6.820000171661377,7.400000095367432,172100,0.0,0.0
2023-05-19 00:00:00-04:00,7.570000171661377,8.100000381469727,7.570000171661377,8.069999694824219,191200,0.0,0.0
2023-05-22 00:00:00-04:00,8.100000381469727,8.100000381469727,7.739999771118164,7.769999980926514,71100,0.0,0.0
2023-05-23 00:00:00-04:00,7.789999961853027,7.840000152587891,7.400000095367432,7.489999771118164,79100,0.0,0.0
2023-05-24 00:00:00-04:00,7.409999847412109,7.460000038146973,7.050000190734863,7.21999979019165,52200,0.0,0.0
2023-05-25 00:00:00-04:00,7.190000057220459,7.309999942779541,7.099999904632568,7.130000114440918,39100,0.0,0.0
2023-05-26 00:00:00-04:00,7.139999866485596,7.340000152587891,7.139999866485596,7.230000019073486,30300,0.0,0.0
2023-05-30 00:00:00-04:00,7.21999979019165,7.260000228881836,7.090000152587891,7.170000076293945,62500,0.0,0.0
2023-05-31 00:00:00-04:00,7.139999866485596,7.190000057220459,6.989999771118164,7.099999904632568,52700,0.0,0.0
2023-06-01 00:00:00-04:00,7.070000171661377,7.119999885559082,6.800000190734863,6.860000133514404,135600,0.0,0.0
2023-06-02 00:00:00-04:00,7.019999980926514,7.059999942779541,6.800000190734863,6.960000038146973,123100,0.0,0.0
2023-06-05 00:00:00-04:00,6.929999828338623,7.170000076293945,6.840000152587891,6.840000152587891,87000,0.0,0.0
2023-06-06 00:00:00-04:00,6.849999904632568,7.289999961853027,6.849999904632568,7.199999809265137,179200,0.0,0.0
2023-06-07 00:00:00-04:00,7.260000228881836,7.300000190734863,7.070000171661377,7.210000038146973,152900,0.0,0.0
2023-06-08 00:00:00-04:00,7.25,7.269999980926514,7.010000228881836,7.170000076293945,113900,0.0,0.0
2023-06-09 00:00:00-04:00,7.139999866485596,7.159999847412109,6.760000228881836,6.800000190734863,166600,0.0,0.0
2023-06-12 00:00:00-04:00,6.769999980926514,6.960000038146973,6.760000228881836,6.769999980926514,137300,0.0,0.0
2023-06-13 00:00:00-04:00,6.800000190734863,7.079999923706055,6.800000190734863,7.0,88100,0.0,0.0
2023-06-14 00:00:00-04:00,7.050000190734863,7.090000152587891,6.639999866485596,6.75,146600,0.0,0.0
2023-06-15 00:00:00-04:00,6.75,6.78000020980835,6.630000114440918,6.760000228881836,98300,0.0,0.0
2023-06-16 00:00:00-04:00,6.829999923706055,6.829999923706055,6.320000171661377,6.389999866485596,175100,0.0,0.0
2023-06-20 00:00:00-04:00,6.409999847412109,6.46999979019165,6.28000020980835,6.449999809265137,123300,0.0,0.0
2023-06-21 00:00:00-04:00,6.440000057220459,6.46999979019165,6.329999923706055,6.369999885559082,80200,0.0,0.0
2023-06-22 00:00:00-04:00,6.349999904632568,6.420000076293945,6.210000038146973,6.25,97000,0.0,0.0
2023-06-23 00:00:00-04:00,6.199999809265137,6.28000020980835,6.070000171661377,6.110000133514404,874000,0.0,0.0
2023-06-26 00:00:00-04:00,6.309999942779541,6.309999942779541,6.110000133514404,6.179999828338623,77300,0.0,0.0
2023-06-27 00:00:00-04:00,6.21999979019165,6.28000020980835,6.059999942779541,6.25,97000,0.0,0.0
2023-06-28 00:00:00-04:00,6.25,6.340000152587891,6.230000019073486,6.25,49800,0.0,0.0
2023-06-29 00:00:00-04:00,6.260000228881836,6.5,6.260000228881836,6.489999771118164,111300,0.0,0.0
2023-06-30 00:00:00-04:00,6.579999923706055,6.940000057220459,6.5,6.699999809265137,190100,0.0,0.0
2023-07-03 00:00:00-04:00,6.659999847412109,6.71999979019165,6.559999942779541,6.699999809265137,21100,0.0,0.0
2023-07-05 00:00:00-04:00,6.639999866485596,6.639999866485596,6.389999866485596,6.409999847412109,71500,0.0,0.0
2023-07-06 00:00:00-04:00,6.400000095367432,6.409999847412109,6.099999904632568,6.170000076293945,136800,0.0,0.0
2023-07-07 00:00:00-04:00,6.179999828338623,6.460000038146973,6.179999828338623,6.380000114440918,131900,0.0,0.0
2023-07-10 00:00:00-04:00,6.369999885559082,6.659999847412109,6.369999885559082,6.579999923706055,68900,0.0,0.0
2023-07-11 00:00:00-04:00,6.610000133514404,6.670000076293945,6.380000114440918,6.449999809265137,79400,0.0,0.0
2023-07-12 00:00:00-04:00,6.559999942779541,6.739999771118164,6.480000019073486,6.650000095367432,106600,0.0,0.0
2023-07-13 00:00:00-04:00,6.699999809265137,6.900000095367432,6.690000057220459,6.809999942779541,177800,0.0,0.0
2023-07-14 00:00:00-04:00,6.769999980926514,6.78000020980835,6.639999866485596,6.670000076293945,88600,0.0,0.0
2023-07-17 00:00:00-04:00,6.699999809265137,6.789999961853027,6.659999847412109,6.710000038146973,82100,0.0,0.0
2023-07-18 00:00:00-04:00,6.670000076293945,6.829999923706055,6.670000076293945,6.75,72600,0.0,0.0
2023-07-19 00:00:00-04:00,6.739999771118164,6.809999942779541,6.630000114440918,6.710000038146973,67900,0.0,0.0
2023-07-20 00:00:00-04:00,6.670000076293945,6.699999809265137,6.389999866485596,6.400000095367432,93000,0.0,0.0
2023-07-21 00:00:00-04:00,6.480000019073486,6.53000020980835,6.380000114440918,6.460000038146973,190600,0.0,0.0
2023-07-24 00:00:00-04:00,6.449999809265137,6.710000038146973,6.360000133514404,6.559999942779541,164700,0.0,0.0
2023-07-25 00:00:00-04:00,6.519999980926514,6.630000114440918,6.269999980926514,6.519999980926514,88300,0.0,0.0
2023-07-26 00:00:00-04:00,6.5,6.639999866485596,6.5,6.539999961853027,63600,0.0,0.0
2023-07-27 00:00:00-04:00,6.599999904632568,6.630000114440918,6.289999961853027,6.309999942779541,64400,0.0,0.0
2023-07-28 00:00:00-04:00,6.369999885559082,6.449999809265137,6.269999980926514,6.389999866485596,58200,0.0,0.0
2023-07-31 00:00:00-04:00,6.380000114440918,6.519999980926514,6.349999904632568,6.420000076293945,62500,0.0,0.0
2023-08-01 00:00:00-04:00,6.380000114440918,6.420000076293945,6.289999961853027,6.289999961853027,49000,0.0,0.0
2023-08-02 00:00:00-04:00,6.25,6.440000057220459,6.139999866485596,6.230000019073486,122300,0.0,0.0
2023-08-03 00:00:00-04:00,6.21999979019165,6.309999942779541,6.170000076293945,6.25,54200,0.0,0.0
2023-08-04 00:00:00-04:00,6.300000190734863,6.440000057220459,6.050000190734863,6.099999904632568,117300,0.0,0.0
2023-08-07 00:00:00-04:00,6.110000133514404,6.28000020980835,6.110000133514404,6.170000076293945,77200,0.0,0.0
2023-08-08 00:00:00-04:00,6.110000133514404,6.289999961853027,6.099999904632568,6.170000076293945,79400,0.0,0.0
2023-08-09 00:00:00-04:00,5.800000190734863,5.800000190734863,5.010000228881836,5.110000133514404,1060200,0.0,0.0
2023-08-10 00:00:00-04:00,5.179999828338623,5.179999828338623,4.610000133514404,4.75,937900,0.0,0.0
2023-08-11 00:00:00-04:00,4.75,5.230000019073486,4.679999828338623,5.210000038146973,382900,0.0,0.0
2023-08-14 00:00:00-04:00,5.300000190734863,5.539999961853027,5.159999847412109,5.440000057220459,218800,0.0,0.0
2023-08-15 00:00:00-04:00,5.400000095367432,5.46999979019165,5.150000095367432,5.190000057220459,123300,0.0,0.0
2023-08-16 00:00:00-04:00,5.199999809265137,5.380000114440918,4.940000057220459,5.010000228881836,234100,0.0,0.0
2023-08-17 00:00:00-04:00,5.010000228881836,5.090000152587891,4.960000038146973,5.070000171661377,156400,0.0,0.0
2023-08-18 00:00:00-04:00,5.010000228881836,5.159999847412109,5.010000228881836,5.039999961853027,72100,0.0,0.0
2023-08-21 00:00:00-04:00,4.960000038146973,4.980000019073486,4.760000228881836,4.800000190734863,233900,0.0,0.0
2023-08-22 00:00:00-04:00,4.860000133514404,4.869999885559082,4.599999904632568,4.769999980926514,170800,0.0,0.0
2023-08-23 00:00:00-04:00,4.860000133514404,4.929999828338623,4.659999847412109,4.710000038146973,222900,0.0,0.0
2023-08-24 00:00:00-04:00,4.699999809265137,4.739999771118164,4.519999980926514,4.590000152587891,171900,0.0,0.0
2023-08-25 00:00:00-04:00,4.659999847412109,4.739999771118164,4.590000152587891,4.699999809265137,109900,0.0,0.0
2023-08-28 00:00:00-04:00,4.710000038146973,4.809999942779541,4.590000152587891,4.690000057220459,66900,0.0,0.0
2023-08-29 00:00:00-04:00,4.670000076293945,4.900000095367432,4.670000076293945,4.860000133514404,82900,0.0,0.0
2023-08-30 00:00:00-04:00,4.809999942779541,4.860000133514404,4.75,4.760000228881836,64200,0.0,0.0
2023-08-31 00:00:00-04:00,4.769999980926514,4.980000019073486,4.760000228881836,4.829999923706055,95200,0.0,0.0
2023-09-01 00:00:00-04:00,4.880000114440918,4.980000019073486,4.880000114440918,4.900000095367432,78500,0.0,0.0
2023-09-05 00:00:00-04:00,4.949999809265137,5.0,4.630000114440918,4.690000057220459,176200,0.0,0.0
2023-09-06 00:00:00-04:00,4.71999979019165,4.71999979019165,4.5,4.590000152587891,111300,0.0,0.0
2023-09-07 00:00:00-04:00,4.579999923706055,4.679999828338623,4.489999771118164,4.599999904632568,169900,0.0,0.0
2023-09-08 00:00:00-04:00,4.570000171661377,4.699999809265137,4.46999979019165,4.579999923706055,164200,0.0,0.0
2023-09-11 00:00:00-04:00,4.619999885559082,4.679999828338623,4.510000228881836,4.659999847412109,75200,0.0,0.0
2023-09-12 00:00:00-04:00,4.650000095367432,5.059999942779541,4.639999866485596,4.980000019073486,114700,0.0,0.0
2023-09-13 00:00:00-04:00,5.019999980926514,5.039999961853027,4.860000133514404,4.920000076293945,141300,0.0,0.0
2023-09-14 00:00:00-04:00,4.800000190734863,5.21999979019165,4.800000190734863,5.170000076293945,117500,0.0,0.0
2023-09-15 00:00:00-04:00,5.170000076293945,5.190000057220459,5.079999923706055,5.159999847412109,163300,0.0,0.0
2023-09-18 00:00:00-04:00,5.150000095367432,5.150000095367432,4.820000171661377,4.880000114440918,78400,0.0,0.0
2023-09-19 00:00:00-04:00,4.880000114440918,4.940000057220459,4.820000171661377,4.880000114440918,67000,0.0,0.0
2023-09-20 00:00:00-04:00,4.909999847412109,4.929999828338623,4.559999942779541,4.590000152587891,95800,0.0,0.0
2023-09-21 00:00:00-04:00,4.510000228881836,4.619999885559082,4.440000057220459,4.489999771118164,84600,0.0,0.0
2023-09-22 00:00:00-04:00,4.5,4.639999866485596,4.25,4.320000171661377,215000,0.0,0.0
2023-09-25 00:00:00-04:00,4.289999961853027,4.380000114440918,4.179999828338623,4.260000228881836,107700,0.0,0.0
2023-09-26 00:00:00-04:00,4.230000019073486,4.400000095367432,4.230000019073486,4.260000228881836,66500,0.0,0.0
2023-09-27 00:00:00-04:00,4.300000190734863,4.409999847412109,4.21999979019165,4.360000133514404,82700,0.0,0.0
2023-09-28 00:00:00-04:00,4.329999923706055,4.429999828338623,4.230000019073486,4.389999866485596,56500,0.0,0.0
2023-09-29 00:00:00-04:00,4.429999828338623,4.449999809265137,4.269999980926514,4.269999980926514,59400,0.0,0.0
2023-10-02 00:00:00-04:00,4.25,4.320000171661377,4.130000114440918,4.269999980926514,144500,0.0,0.0
2023-10-03 00:00:00-04:00,4.210000038146973,4.230000019073486,4.099999904632568,4.130000114440918,105100,0.0,0.0
2023-10-04 00:00:00-04:00,4.130000114440918,4.170000076293945,4.03000020980835,4.079999923706055,85300,0.0,0.0
2023-10-05 00:00:00-04:00,4.090000152587891,4.090000152587891,3.9600000381469727,4.010000228881836,118300,0.0,0.0
2023-10-06 00:00:00-04:00,3.9700000286102295,4.159999847412109,3.950000047683716,4.130000114440918,101100,0.0,0.0
2023-10-09 00:00:00-04:00,4.230000019073486,4.550000190734863,4.0,4.409999847412109,154900,0.0,0.0
2023-10-10 00:00:00-04:00,4.409999847412109,4.71999979019165,4.409999847412109,4.690000057220459,125500,0.0,0.0
2023-10-11 00:00:00-04:00,4.760000228881836,4.820000171661377,4.599999904632568,4.769999980926514,85200,0.0,0.0
2023-10-12 00:00:00-04:00,4.670000076293945,4.730000019073486,4.320000171661377,4.360000133514404,131500,0.0,0.0
2023-10-13 00:00:00-04:00,4.340000152587891,4.349999904632568,4.070000171661377,4.139999866485596,111400,0.0,0.0
2023-10-16 00:00:00-04:00,4.199999809265137,4.369999885559082,4.150000095367432,4.349999904632568,77700,0.0,0.0
2023-10-17 00:00:00-04:00,4.320000171661377,4.670000076293945,4.320000171661377,4.559999942779541,104900,0.0,0.0
2023-10-18 00:00:00-04:00,4.489999771118164,4.489999771118164,4.239999771118164,4.25,59700,0.0,0.0
2023-10-19 00:00:00-04:00,4.210000038146973,4.210000038146973,4.03000020980835,4.090000152587891,134000,0.0,0.0
2023-10-20 00:00:00-04:00,4.090000152587891,4.25,4.039999961853027,4.119999885559082,177200,0.0,0.0
2023-10-23 00:00:00-04:00,4.110000133514404,4.179999828338623,3.9000000953674316,3.9000000953674316,228200,0.0,0.0
2023-10-24 00:00:00-04:00,3.9600000381469727,4.119999885559082,3.9000000953674316,3.9800000190734863,218700,0.0,0.0
2023-10-25 00:00:00-04:00,3.9700000286102295,4.0,3.7699999809265137,3.7899999618530273,117900,0.0,0.0
2023-10-26 00:00:00-04:00,3.819999933242798,3.890000104904175,3.4000000953674316,3.5899999141693115,960400,0.0,0.0
2023-10-27 00:00:00-04:00,3.6600000858306885,3.6700000762939453,3.559999942779541,3.609999895095825,285700,0.0,0.0
2023-10-30 00:00:00-04:00,3.680000066757202,3.809999942779541,3.5299999713897705,3.759999990463257,175100,0.0,0.0
2023-10-31 00:00:00-04:00,3.7200000286102295,3.809999942779541,3.609999895095825,3.75,178400,0.0,0.0
2023-11-01 00:00:00-04:00,3.759999990463257,3.759999990463257,3.509999990463257,3.5999999046325684,113600,0.0,0.0
2023-11-02 00:00:00-04:00,3.7300000190734863,3.7699999809265137,3.7100000381469727,3.75,152900,0.0,0.0
2023-11-03 00:00:00-04:00,3.799999952316284,4.039999961853027,3.7799999713897705,3.930000066757202,535900,0.0,0.0
2023-11-06 00:00:00-05:00,3.940000057220459,3.940000057220459,3.7100000381469727,3.75,207600,0.0,0.0
2023-11-07 00:00:00-05:00,3.740000009536743,3.8299999237060547,3.6600000858306885,3.809999942779541,152100,0.0,0.0
2023-11-08 00:00:00-05:00,3.809999942779541,3.9700000286102295,3.690000057220459,3.9100000858306885,375200,0.0,0.0
2023-11-09 00:00:00-05:00,4.460000038146973,4.980000019073486,4.099999904632568,4.639999866485596,759600,0.0,0.0
2023-11-10 00:00:00-05:00,4.610000133514404,4.670000076293945,4.28000020980835,4.650000095367432,235300,0.0,0.0
2023-11-13 00:00:00-05:00,4.550000190734863,4.679999828338623,4.400000095367432,4.559999942779541,172300,0.0,0.0
2023-11-14 00:00:00-05:00,4.739999771118164,5.230000019073486,4.739999771118164,5.150000095367432,360300,0.0,0.0
2023-11-15 00:00:00-05:00,5.300000190734863,5.400000095367432,4.920000076293945,5.0,185100,0.0,0.0
2023-11-16 00:00:00-05:00,5.039999961853027,5.099999904632568,4.909999847412109,5.019999980926514,163700,0.0,0.0
2023-11-17 00:00:00-05:00,5.070000171661377,5.130000114440918,4.78000020980835,4.860000133514404,230000,0.0,0.0
2023-11-20 00:00:00-05:00,4.840000152587891,5.400000095367432,4.829999923706055,5.360000133514404,336700,0.0,0.0
2023-11-21 00:00:00-05:00,5.300000190734863,5.300000190734863,5.119999885559082,5.230000019073486,129900,0.0,0.0
2023-11-22 00:00:00-05:00,5.329999923706055,5.409999847412109,5.159999847412109,5.300000190734863,84600,0.0,0.0
2023-11-24 00:00:00-05:00,5.320000171661377,5.409999847412109,5.190000057220459,5.349999904632568,60900,0.0,0.0
2023-11-27 00:00:00-05:00,5.269999980926514,5.400000095367432,5.150000095367432,5.230000019073486,132500,0.0,0.0
2023-11-28 00:00:00-05:00,5.239999771118164,5.25,5.010000228881836,5.139999866485596,111600,0.0,0.0
2023-11-29 00:00:00-05:00,5.159999847412109,5.28000020980835,5.039999961853027,5.070000171661377,62100,0.0,0.0
2023-11-30 00:00:00-05:00,5.099999904632568,5.159999847412109,4.960000038146973,5.019999980926514,53800,0.0,0.0
2023-12-01 00:00:00-05:00,5.010000228881836,5.349999904632568,4.989999771118164,5.320000171661377,97300,0.0,0.0
2023-12-04 00:00:00-05:00,5.25,5.489999771118164,5.21999979019165,5.349999904632568,142600,0.0,0.0
2023-12-05 00:00:00-05:00,5.25,5.260000228881836,5.070000171661377,5.090000152587891,89900,0.0,0.0
2023-12-06 00:00:00-05:00,5.179999828338623,5.230000019073486,5.090000152587891,5.150000095367432,71000,0.0,0.0
2023-12-07 00:00:00-05:00,5.190000057220459,5.190000057220459,5.019999980926514,5.079999923706055,67700,0.0,0.0
2023-12-08 00:00:00-05:00,5.059999942779541,5.150000095367432,4.920000076293945,5.039999961853027,99000,0.0,0.0
2023-12-11 00:00:00-05:00,5.050000190734863,5.150000095367432,5.0,5.099999904632568,73500,0.0,0.0
2023-12-12 00:00:00-05:00,5.050000190734863,5.050000190734863,4.789999961853027,5.0,103100,0.0,0.0
2023-12-13 00:00:00-05:00,5.039999961853027,5.519999980926514,4.960000038146973,5.489999771118164,321700,0.0,0.0
2023-12-14 00:00:00-05:00,5.650000095367432,5.889999866485596,5.539999961853027,5.610000133514404,135300,0.0,0.0
2023-12-15 00:00:00-05:00,5.659999847412109,5.659999847412109,5.340000152587891,5.389999866485596,202900,0.0,0.0
2023-12-18 00:00:00-05:00,5.369999885559082,5.570000171661377,5.340000152587891,5.5,74700,0.0,0.0
2023-12-19 00:00:00-05:00,5.579999923706055,5.75,5.550000190734863,5.599999904632568,115000,0.0,0.0
2023-12-20 00:00:00-05:00,5.639999866485596,5.710000038146973,5.130000114440918,5.150000095367432,159900,0.0,0.0
2023-12-21 00:00:00-05:00,5.179999828338623,5.369999885559082,5.179999828338623,5.289999961853027,77900,0.0,0.0
2023-12-22 00:00:00-05:00,5.28000020980835,5.460000038146973,5.269999980926514,5.429999828338623,61100,0.0,0.0
2023-12-26 00:00:00-05:00,5.480000019073486,5.980000019073486,5.480000019073486,5.820000171661377,149000,0.0,0.0
2023-12-27 00:00:00-05:00,5.800000190734863,5.840000152587891,5.599999904632568,5.71999979019165,78900,0.0,0.0
2023-12-28 00:00:00-05:00,5.71999979019165,5.829999923706055,5.429999828338623,5.460000038146973,138900,0.0,0.0
2023-12-29 00:00:00-05:00,5.389999866485596,5.480000019073486,5.329999923706055,5.369999885559082,76100,0.0,0.0
2024-01-02 00:00:00-05:00,5.300000190734863,5.449999809265137,5.099999904632568,5.150000095367432,89800,0.0,0.0
2024-01-03 00:00:00-05:00,5.090000152587891,5.329999923706055,4.820000171661377,4.909999847412109,129000,0.0,0.0
2024-01-04 00:00:00-05:00,4.960000038146973,5.050000190734863,4.909999847412109,4.960000038146973,164800,0.0,0.0
2024-01-05 00:00:00-05:00,4.900000095367432,5.25,4.900000095367432,4.940000057220459,159600,0.0,0.0
2024-01-08 00:00:00-05:00,4.909999847412109,5.139999866485596,4.909999847412109,5.070000171661377,65400,0.0,0.0
2024-01-09 00:00:00-05:00,4.949999809265137,5.010000228881836,4.880000114440918,4.940000057220459,65100,0.0,0.0
2024-01-10 00:00:00-05:00,4.929999828338623,4.96999979019165,4.849999904632568,4.909999847412109,138700,0.0,0.0
2024-01-11 00:00:00-05:00,4.900000095367432,4.900000095367432,4.650000095367432,4.849999904632568,182400,0.0,0.0
2024-01-12 00:00:00-05:00,4.960000038146973,4.960000038146973,4.75,4.849999904632568,75200,0.0,0.0
2024-01-16 00:00:00-05:00,4.75,4.769999980926514,4.590000152587891,4.679999828338623,133200,0.0,0.0
2024-01-17 00:00:00-05:00,4.610000133514404,4.78000020980835,4.550000190734863,4.630000114440918,144000,0.0,0.0
2024-01-18 00:00:00-05:00,4.619999885559082,4.71999979019165,4.559999942779541,4.699999809265137,114200,0.0,0.0
2024-01-19 00:00:00-05:00,4.730000019073486,4.800000190734863,4.559999942779541,4.699999809265137,69200,0.0,0.0
2024-01-22 00:00:00-05:00,4.78000020980835,4.860000133514404,4.630000114440918,4.809999942779541,89300,0.0,0.0
2024-01-23 00:00:00-05:00,4.929999828338623,4.929999828338623,4.760000228881836,4.889999866485596,74200,0.0,0.0
2024-01-24 00:00:00-05:00,4.929999828338623,4.929999828338623,4.650000095367432,4.670000076293945,105700,0.0,0.0
2024-01-25 00:00:00-05:00,4.809999942779541,4.909999847412109,4.599999904632568,4.900000095367432,96000,0.0,0.0
2024-01-26 00:00:00-05:00,4.929999828338623,4.980000019073486,4.849999904632568,4.869999885559082,87100,0.0,0.0
2024-01-29 00:00:00-05:00,4.909999847412109,4.989999771118164,4.829999923706055,4.96999979019165,31800,0.0,0.0
2024-01-30 00:00:00-05:00,4.949999809265137,4.949999809265137,4.78000020980835,4.809999942779541,36400,0.0,0.0
2024-01-31 00:00:00-05:00,4.78000020980835,4.889999866485596,4.710000038146973,4.71999979019165,73300,0.0,0.0
2024-02-01 00:00:00-05:00,4.730000019073486,4.789999961853027,4.550000190734863,4.699999809265137,122100,0.0,0.0
2024-02-02 00:00:00-05:00,4.650000095367432,4.730000019073486,4.590000152587891,4.619999885559082,47200,0.0,0.0
2024-02-05 00:00:00-05:00,4.610000133514404,4.610000133514404,4.420000076293945,4.539999961853027,103100,0.0,0.0
2024-02-06 00:00:00-05:00,4.510000228881836,4.769999980926514,4.510000228881836,4.739999771118164,146600,0.0,0.0
2024-02-07 00:00:00-05:00,4.760000228881836,4.789999961853027,4.650000095367432,4.710000038146973,87900,0.0,0.0
2024-02-08 00:00:00-05:00,4.730000019073486,5.059999942779541,4.579999923706055,5.039999961853027,140000,0.0,0.0
2024-02-09 00:00:00-05:00,5.059999942779541,5.380000114440918,4.869999885559082,5.289999961853027,112600,0.0,0.0
2024-02-12 00:00:00-05:00,5.349999904632568,5.670000076293945,5.349999904632568,5.53000020980835,116000,0.0,0.0
2024-02-13 00:00:00-05:00,5.28000020980835,5.360000133514404,4.949999809265137,4.989999771118164,122200,0.0,0.0
2024-02-14 00:00:00-05:00,5.090000152587891,5.159999847412109,4.920000076293945,5.079999923706055,60500,0.0,0.0
2024-02-15 00:00:00-05:00,5.110000133514404,5.230000019073486,5.0,5.139999866485596,133700,0.0,0.0
2024-02-16 00:00:00-05:00,5.090000152587891,5.139999866485596,4.920000076293945,4.960000038146973,57900,0.0,0.0
2024-02-20 00:00:00-05:00,4.880000114440918,4.880000114440918,4.599999904632568,4.630000114440918,79500,0.0,0.0
2024-02-21 00:00:00-05:00,4.630000114440918,4.840000152587891,4.550000190734863,4.730000019073486,79500,0.0,0.0
2024-02-22 00:00:00-05:00,4.71999979019165,4.880000114440918,4.650000095367432,4.760000228881836,104800,0.0,0.0
2024-02-23 00:00:00-05:00,4.800000190734863,4.900000095367432,4.739999771118164,4.840000152587891,36200,0.0,0.0
2024-02-26 00:00:00-05:00,4.789999961853027,4.980000019073486,4.730000019073486,4.900000095367432,51300,0.0,0.0
2024-02-27 00:00:00-05:00,4.940000057220459,5.179999828338623,4.940000057220459,5.139999866485596,54200,0.0,0.0
2024-02-28 00:00:00-05:00,5.039999961853027,5.070000171661377,4.949999809265137,5.050000190734863,67800,0.0,0.0
2024-02-29 00:00:00-05:00,5.21999979019165,5.260000228881836,5.010000228881836,5.130000114440918,60200,0.0,0.0
2024-03-01 00:00:00-05:00,5.139999866485596,5.440000057220459,5.019999980926514,5.349999904632568,96500,0.0,0.0
2024-03-04 00:00:00-05:00,5.460000038146973,5.460000038146973,5.050000190734863,5.119999885559082,52900,0.0,0.0
2024-03-05 00:00:00-05:00,5.039999961853027,5.159999847412109,4.849999904632568,4.889999866485596,51000,0.0,0.0
2024-03-06 00:00:00-05:00,4.980000019073486,5.329999923706055,4.760000228881836,5.139999866485596,191400,0.0,0.0
2024-03-07 00:00:00-05:00,5.239999771118164,5.239999771118164,4.949999809265137,5.119999885559082,60000,0.0,0.0
2024-03-08 00:00:00-05:00,5.199999809265137,5.340000152587891,4.920000076293945,5.0,59500,0.0,0.0
2024-03-11 00:00:00-04:00,4.960000038146973,5.090000152587891,4.889999866485596,4.980000019073486,79700,0.0,0.0
2024-03-12 00:00:00-04:00,5.019999980926514,5.159999847412109,4.920000076293945,4.929999828338623,67100,0.0,0.0
2024-03-13 00:00:00-04:00,4.989999771118164,4.989999771118164,4.699999809265137,4.739999771118164,95900,0.0,0.0
2024-03-14 00:00:00-04:00,4.71999979019165,4.760000228881836,4.550000190734863,4.650000095367432,99100,0.0,0.0
2024-03-15 00:00:00-04:00,4.610000133514404,4.840000152587891,4.510000228881836,4.820000171661377,189500,0.0,0.0
2024-03-18 00:00:00-04:00,4.820000171661377,4.929999828338623,4.659999847412109,4.679999828338623,49100,0.0,0.0
2024-03-19 00:00:00-04:00,4.650000095367432,4.78000020980835,4.630000114440918,4.690000057220459,41600,0.0,0.0
2024-03-20 00:00:00-04:00,4.690000057220459,4.809999942779541,4.650000095367432,4.739999771118164,78300,0.0,0.0
2024-03-21 00:00:00-04:00,4.78000020980835,5.139999866485596,4.78000020980835,4.989999771118164,294300,0.0,0.0
2024-03-22 00:00:00-04:00,4.980000019073486,5.119999885559082,4.980000019073486,5.079999923706055,167400,0.0,0.0
2024-03-25 00:00:00-04:00,5.059999942779541,5.519999980926514,5.059999942779541,5.489999771118164,102400,0.0,0.0
2024-03-26 00:00:00-04:00,5.5,5.699999809265137,5.449999809265137,5.659999847412109,84400,0.0,0.0
2024-03-27 00:00:00-04:00,5.599999904632568,5.789999961853027,5.599999904632568,5.789999961853027,92900,0.0,0.0
2024-03-28 00:00:00-04:00,5.800000190734863,5.940000057220459,5.53000020980835,5.570000171661377,103200,0.0,0.0
2024-04-01 00:00:00-04:00,5.53000020980835,5.71999979019165,5.429999828338623,5.539999961853027,72300,0.0,0.0
2024-04-02 00:00:00-04:00,5.369999885559082,5.46999979019165,5.150000095367432,5.260000228881836,72600,0.0,0.0
2024-04-03 00:00:00-04:00,5.170000076293945,5.369999885559082,5.170000076293945,5.300000190734863,48500,0.0,0.0
2024-04-04 00:00:00-04:00,5.389999866485596,5.46999979019165,5.199999809265137,5.289999961853027,53000,0.0,0.0
2024-04-05 00:00:00-04:00,5.179999828338623,5.460000038146973,5.179999828338623,5.440000057220459,37100,0.0,0.0
2024-04-08 00:00:00-04:00,5.539999961853027,5.619999885559082,5.289999961853027,5.360000133514404,91700,0.0,0.0
2024-04-09 00:00:00-04:00,5.400000095367432,5.46999979019165,5.320000171661377,5.340000152587891,23600,0.0,0.0
2024-04-10 00:00:00-04:00,5.059999942779541,5.329999923706055,5.059999942779541,5.170000076293945,84000,0.0,0.0
2024-04-11 00:00:00-04:00,5.119999885559082,5.289999961853027,5.110000133514404,5.170000076293945,82800,0.0,0.0
2024-04-12 00:00:00-04:00,5.099999904632568,5.179999828338623,5.099999904632568,5.159999847412109,35100,0.0,0.0
2024-04-15 00:00:00-04:00,5.210000038146973,5.210000038146973,4.920000076293945,4.989999771118164,74100,0.0,0.0
2024-04-16 00:00:00-04:00,4.96999979019165,5.079999923706055,4.869999885559082,4.989999771118164,37800,0.0,0.0
2024-04-17 00:00:00-04:00,4.989999771118164,5.039999961853027,4.929999828338623,4.96999979019165,30400,0.0,0.0
2024-04-18 00:00:00-04:00,4.949999809265137,5.150000095367432,4.949999809265137,5.010000228881836,71600,0.0,0.0
2024-04-19 00:00:00-04:00,4.960000038146973,5.139999866485596,4.960000038146973,5.130000114440918,52400,0.0,0.0
2024-04-22 00:00:00-04:00,5.21999979019165,5.21999979019165,5.039999961853027,5.130000114440918,47400,0.0,0.0
2024-04-23 00:00:00-04:00,5.239999771118164,5.460000038146973,5.139999866485596,5.369999885559082,51600,0.0,0.0
2024-04-24 00:00:00-04:00,5.309999942779541,5.420000076293945,5.210000038146973,5.28000020980835,47200,0.0,0.0
2024-04-25 00:00:00-04:00,5.21999979019165,5.25,5.090000152587891,5.199999809265137,49900,0.0,0.0
2024-04-26 00:00:00-04:00,5.53000020980835,5.53000020980835,5.190000057220459,5.380000114440918,61400,0.0,0.0
2024-04-29 00:00:00-04:00,5.380000114440918,5.449999809265137,5.300000190734863,5.340000152587891,31800,0.0,0.0
2024-04-30 00:00:00-04:00,5.210000038146973,5.300000190734863,5.019999980926514,5.099999904632568,152700,0.0,0.0
2024-05-01 00:00:00-04:00,5.150000095367432,5.179999828338623,4.900000095367432,4.920000076293945,378100,0.0,0.0
2024-05-02 00:00:00-04:00,5.0,5.210000038146973,4.949999809265137,5.059999942779541,139700,0.0,0.0
2024-05-03 00:00:00-04:00,5.21999979019165,5.239999771118164,4.949999809265137,4.989999771118164,55700,0.0,0.0
2024-05-06 00:00:00-04:00,5.010000228881836,5.119999885559082,4.980000019073486,5.050000190734863,100800,0.0,0.0
2024-05-07 00:00:00-04:00,5.090000152587891,5.130000114440918,4.980000019073486,5.0,112500,0.0,0.0
2024-05-08 00:00:00-04:00,4.889999866485596,5.079999923706055,4.889999866485596,5.0,117700,0.0,0.0
2024-05-09 00:00:00-04:00,4.960000038146973,5.320000171661377,4.909999847412109,5.300000190734863,250400,0.0,0.0
2024-05-10 00:00:00-04:00,5.260000228881836,5.269999980926514,5.03000020980835,5.099999904632568,167100,0.0,0.0
2024-05-13 00:00:00-04:00,5.199999809265137,5.230000019073486,4.989999771118164,5.130000114440918,128600,0.0,0.0
2024-05-14 00:00:00-04:00,5.159999847412109,5.289999961853027,5.090000152587891,5.139999866485596,55600,0.0,0.0
2024-05-15 00:00:00-04:00,5.199999809265137,5.300000190734863,5.119999885559082,5.230000019073486,58600,0.0,0.0
2024-05-16 00:00:00-04:00,5.230000019073486,5.25,5.099999904632568,5.199999809265137,104600,0.0,0.0
2024-05-17 00:00:00-04:00,5.210000038146973,5.340000152587891,5.170000076293945,5.21999979019165,63600,0.0,0.0
2024-05-20 00:00:00-04:00,5.199999809265137,5.239999771118164,5.119999885559082,5.130000114440918,40100,0.0,0.0
2024-05-21 00:00:00-04:00,5.079999923706055,5.110000133514404,5.019999980926514,5.090000152587891,73800,0.0,0.0
2024-05-22 00:00:00-04:00,5.059999942779541,5.139999866485596,5.039999961853027,5.050000190734863,44200,0.0,0.0
2024-05-23 00:00:00-04:00,5.050000190734863,5.150000095367432,4.980000019073486,5.059999942779541,106000,0.0,0.0
2024-05-24 00:00:00-04:00,5.099999904632568,5.099999904632568,4.909999847412109,4.949999809265137,52300,0.0,0.0
2024-05-28 00:00:00-04:00,5.010000228881836,5.019999980926514,4.829999923706055,4.989999771118164,68400,0.0,0.0
2024-05-29 00:00:00-04:00,4.900000095367432,5.019999980926514,4.860000133514404,5.0,70100,0.0,0.0
2024-05-30 00:00:00-04:00,5.050000190734863,5.070000171661377,4.929999828338623,5.050000190734863,61200,0.0,0.0
2024-05-31 00:00:00-04:00,5.079999923706055,5.099999904632568,4.949999809265137,4.96999979019165,47600,0.0,0.0
2024-06-03 00:00:00-04:00,5.070000171661377,5.190000057220459,4.829999923706055,5.130000114440918,123400,0.0,0.0
2024-06-04 00:00:00-04:00,5.119999885559082,5.119999885559082,5.0,5.0,28000,0.0,0.0
2024-06-05 00:00:00-04:00,5.010000228881836,5.079999923706055,5.0,5.079999923706055,36600,0.0,0.0
2024-06-06 00:00:00-04:00,5.03000020980835,5.170000076293945,5.019999980926514,5.070000171661377,52700,0.0,0.0
2024-06-07 00:00:00-04:00,4.929999828338623,5.039999961853027,4.820000171661377,5.0,79900,0.0,0.0
2024-06-10 00:00:00-04:00,4.949999809265137,5.050000190734863,4.880000114440918,5.0,78600,0.0,0.0
2024-06-11 00:00:00-04:00,4.920000076293945,5.019999980926514,4.900000095367432,5.019999980926514,66800,0.0,0.0
2024-06-12 00:00:00-04:00,5.019999980926514,5.21999979019165,4.829999923706055,4.869999885559082,65200,0.0,0.0
2024-06-13 00:00:00-04:00,4.829999923706055,4.889999866485596,4.71999979019165,4.789999961853027,52400,0.0,0.0
2024-06-14 00:00:00-04:00,4.690000057220459,4.78000020980835,4.599999904632568,4.699999809265137,108400,0.0,0.0
2024-06-17 00:00:00-04:00,4.659999847412109,4.889999866485596,4.5,4.849999904632568,148700,0.0,0.0
2024-06-18 00:00:00-04:00,4.849999904632568,4.920000076293945,4.789999961853027,4.900000095367432,104700,0.0,0.0
2024-06-20 00:00:00-04:00,4.900000095367432,5.0,4.690000057220459,4.690000057220459,69800,0.0,0.0
2024-06-21 00:00:00-04:00,4.690000057220459,4.690000057220459,4.570000171661377,4.630000114440918,119100,0.0,0.0
2024-06-24 00:00:00-04:00,4.610000133514404,4.800000190734863,4.610000133514404,4.78000020980835,58900,0.0,0.0
2024-06-25 00:00:00-04:00,4.769999980926514,4.809999942779541,4.579999923706055,4.800000190734863,99500,0.0,0.0
2024-06-26 00:00:00-04:00,4.730000019073486,4.96999979019165,4.690000057220459,4.889999866485596,77400,0.0,0.0
2024-06-27 00:00:00-04:00,4.929999828338623,5.070000171661377,4.860000133514404,5.070000171661377,74800,0.0,0.0
2024-06-28 00:00:00-04:00,5.130000114440918,5.239999771118164,4.96999979019165,5.0,1112900,0.0,0.0
2024-07-01 00:00:00-04:00,4.989999771118164,4.989999771118164,4.599999904632568,4.599999904632568,73600,0.0,0.0
2024-07-02 00:00:00-04:00,4.599999904632568,4.920000076293945,4.599999904632568,4.880000114440918,188700,0.0,0.0
2024-07-03 00:00:00-04:00,4.829999923706055,5.059999942779541,4.829999923706055,5.050000190734863,88700,0.0,0.0
2024-07-05 00:00:00-04:00,4.980000019073486,5.010000228881836,4.760000228881836,4.980000019073486,157600,0.0,0.0
2024-07-08 00:00:00-04:00,5.050000190734863,5.079999923706055,4.980000019073486,5.019999980926514,50600,0.0,0.0
2024-07-09 00:00:00-04:00,5.0,5.159999847412109,4.929999828338623,5.039999961853027,45300,0.0,0.0
2024-07-10 00:00:00-04:00,5.090000152587891,5.099999904632568,4.960000038146973,4.980000019073486,33600,0.0,0.0
2024-07-11 00:00:00-04:00,5.0,5.360000133514404,4.980000019073486,5.300000190734863,223300,0.0,0.0
2024-07-12 00:00:00-04:00,5.420000076293945,5.429999828338623,5.099999904632568,5.210000038146973,135700,0.0,0.0
2024-07-15 00:00:00-04:00,5.199999809265137,5.420000076293945,5.170000076293945,5.28000020980835,138200,0.0,0.0
2024-07-16 00:00:00-04:00,5.380000114440918,5.46999979019165,5.320000171661377,5.380000114440918,154100,0.0,0.0
2024-07-17 00:00:00-04:00,5.329999923706055,5.480000019073486,5.260000228881836,5.349999904632568,173400,0.0,0.0
2024-07-18 00:00:00-04:00,5.309999942779541,5.449999809265137,5.21999979019165,5.260000228881836,77400,0.0,0.0
2024-07-19 00:00:00-04:00,5.269999980926514,5.349999904632568,5.159999847412109,5.179999828338623,50100,0.0,0.0
2024-07-22 00:00:00-04:00,5.190000057220459,5.289999961853027,5.159999847412109,5.269999980926514,95200,0.0,0.0
2024-07-23 00:00:00-04:00,5.21999979019165,5.440000057220459,5.21999979019165,5.420000076293945,80100,0.0,0.0
2024-07-24 00:00:00-04:00,5.349999904632568,5.440000057220459,5.309999942779541,5.329999923706055,81000,0.0,0.0
2024-07-25 00:00:00-04:00,5.380000114440918,5.690000057220459,5.300000190734863,5.619999885559082,118400,0.0,0.0
2024-07-26 00:00:00-04:00,5.760000228881836,5.900000095367432,5.739999771118164,5.789999961853027,56400,0.0,0.0
2024-07-29 00:00:00-04:00,5.789999961853027,5.789999961853027,5.650000095367432,5.650000095367432,43200,0.0,0.0
2024-07-30 00:00:00-04:00,5.690000057220459,5.78000020980835,5.599999904632568,5.659999847412109,47300,0.0,0.0
2024-07-31 00:00:00-04:00,5.679999828338623,5.75,5.559999942779541,5.630000114440918,102600,0.0,0.0
2024-08-01 00:00:00-04:00,5.590000152587891,5.679999828338623,5.309999942779541,5.380000114440918,74900,0.0,0.0
2024-08-02 00:00:00-04:00,5.119999885559082,5.420000076293945,5.050000190734863,5.099999904632568,91100,0.0,0.0
2024-08-05 00:00:00-04:00,4.880000114440918,5.099999904632568,4.78000020980835,4.949999809265137,198700,0.0,0.0
2024-08-06 00:00:00-04:00,4.929999828338623,5.21999979019165,4.840000152587891,5.110000133514404,89100,0.0,0.0
2024-08-07 00:00:00-04:00,5.159999847412109,5.300000190734863,4.880000114440918,4.940000057220459,65900,0.0,0.0
2024-08-08 00:00:00-04:00,5.010000228881836,5.199999809265137,4.929999828338623,5.159999847412109,61200,0.0,0.0
2024-08-09 00:00:00-04:00,5.070000171661377,5.150000095367432,5.010000228881836,5.03000020980835,28600,0.0,0.0
2024-08-12 00:00:00-04:00,5.019999980926514,5.079999923706055,4.880000114440918,4.96999979019165,90800,0.0,0.0
2024-08-13 00:00:00-04:00,4.96999979019165,5.170000076293945,4.960000038146973,5.070000171661377,81300,0.0,0.0
2024-08-14 00:00:00-04:00,5.050000190734863,5.059999942779541,4.940000057220459,5.0,288100,0.0,0.0
2024-08-15 00:00:00-04:00,5.159999847412109,5.159999847412109,4.949999809265137,5.0,129700,0.0,0.0
2024-08-16 00:00:00-04:00,4.989999771118164,5.090000152587891,4.980000019073486,5.079999923706055,50500,0.0,0.0
2024-08-19 00:00:00-04:00,5.070000171661377,5.179999828338623,5.050000190734863,5.079999923706055,35100,0.0,0.0
2024-08-20 00:00:00-04:00,5.090000152587891,5.090000152587891,4.929999828338623,5.0,89000,0.0,0.0
2024-08-21 00:00:00-04:00,5.039999961853027,5.119999885559082,4.960000038146973,5.090000152587891,58400,0.0,0.0
2024-08-22 00:00:00-04:00,5.03000020980835,5.050000190734863,4.929999828338623,4.929999828338623,41100,0.0,0.0
2024-08-23 00:00:00-04:00,5.010000228881836,5.150000095367432,4.929999828338623,5.070000171661377,68200,0.0,0.0
2024-08-26 00:00:00-04:00,5.139999866485596,5.139999866485596,4.860000133514404,4.929999828338623,113400,0.0,0.0
2024-08-27 00:00:00-04:00,4.940000057220459,5.050000190734863,4.860000133514404,4.980000019073486,76700,0.0,0.0
2024-08-28 00:00:00-04:00,4.949999809265137,5.079999923706055,4.880000114440918,4.880000114440918,38800,0.0,0.0
2024-08-29 00:00:00-04:00,4.960000038146973,5.03000020980835,4.860000133514404,4.940000057220459,71700,0.0,0.0
2024-08-30 00:00:00-04:00,4.989999771118164,5.110000133514404,4.929999828338623,5.110000133514404,58100,0.0,0.0
2024-09-03 00:00:00-04:00,4.960000038146973,5.070000171661377,4.889999866485596,4.980000019073486,60000,0.0,0.0
2024-09-04 00:00:00-04:00,4.940000057220459,5.050000190734863,4.900000095367432,4.949999809265137,35800,0.0,0.0
2024-09-05 00:00:00-04:00,4.989999771118164,5.050000190734863,4.929999828338623,4.989999771118164,20800,0.0,0.0
2024-09-06 00:00:00-04:00,5.010000228881836,5.010000228881836,4.860000133514404,4.920000076293945,35000,0.0,0.0
2024-09-09 00:00:00-04:00,4.940000057220459,5.010000228881836,4.920000076293945,4.980000019073486,47700,0.0,0.0
2024-09-10 00:00:00-04:00,4.889999866485596,5.039999961853027,4.889999866485596,5.010000228881836,31000,0.0,0.0
2024-09-11 00:00:00-04:00,4.96999979019165,4.989999771118164,4.869999885559082,4.940000057220459,30600,0.0,0.0
2024-09-12 00:00:00-04:00,5.0,5.0,4.849999904632568,4.909999847412109,56800,0.0,0.0
2024-09-13 00:00:00-04:00,4.980000019073486,5.139999866485596,4.949999809265137,5.079999923706055,63000,0.0,0.0
2024-09-16 00:00:00-04:00,5.119999885559082,5.170000076293945,4.96999979019165,5.079999923706055,66700,0.0,0.0
2024-09-17 00:00:00-04:00,5.099999904632568,5.150000095367432,5.019999980926514,5.099999904632568,87200,0.0,0.0
2024-09-18 00:00:00-04:00,5.059999942779541,5.199999809265137,4.96999979019165,4.980000019073486,72000,0.0,0.0
2024-09-19 00:00:00-04:00,5.119999885559082,5.150000095367432,4.920000076293945,4.980000019073486,155600,0.0,0.0
2024-09-20 00:00:00-04:00,4.909999847412109,5.0,4.78000020980835,4.920000076293945,404300,0.0,0.0
2024-09-23 00:00:00-04:00,4.949999809265137,4.96999979019165,4.820000171661377,4.860000133514404,177000,0.0,0.0
2024-09-24 00:00:00-04:00,4.849999904632568,4.900000095367432,4.760000228881836,4.78000020980835,166600,0.0,0.0
2024-09-25 00:00:00-04:00,4.800000190734863,4.820000171661377,4.650000095367432,4.739999771118164,76500,0.0,0.0
2024-09-26 00:00:00-04:00,4.800000190734863,5.010000228881836,4.75,4.949999809265137,125000,0.0,0.0
2024-09-27 00:00:00-04:00,5.039999961853027,5.110000133514404,4.980000019073486,5.0,53300,0.0,0.0
2024-09-30 00:00:00-04:00,4.949999809265137,5.03000020980835,4.949999809265137,5.019999980926514,37200,0.0,0.0
2024-10-01 00:00:00-04:00,5.039999961853027,5.039999961853027,4.869999885559082,4.869999885559082,109100,0.0,0.0
2024-10-02 00:00:00-04:00,4.849999904632568,4.960000038146973,4.800000190734863,4.940000057220459,68000,0.0,0.0
2024-10-03 00:00:00-04:00,4.900000095367432,4.920000076293945,4.800000190734863,4.829999923706055,75600,0.0,0.0
2024-10-04 00:00:00-04:00,4.920000076293945,5.019999980926514,4.860000133514404,4.989999771118164,78600,0.0,0.0
2024-10-07 00:00:00-04:00,4.980000019073486,5.070000171661377,4.960000038146973,5.0,51200,0.0,0.0
2024-10-08 00:00:00-04:00,5.019999980926514,5.03000020980835,4.96999979019165,5.0,25400,0.0,0.0
2024-10-09 00:00:00-04:00,4.980000019073486,5.099999904632568,4.960000038146973,4.980000019073486,88200,0.0,0.0
2024-10-10 00:00:00-04:00,4.940000057220459,5.039999961853027,4.940000057220459,4.989999771118164,59700,0.0,0.0
2024-10-11 00:00:00-04:00,5.039999961853027,5.050000190734863,4.96999979019165,4.989999771118164,64900,0.0,0.0
2024-10-14 00:00:00-04:00,4.960000038146973,5.019999980926514,4.929999828338623,4.980000019073486,69800,0.0,0.0
2024-10-15 00:00:00-04:00,4.96999979019165,5.019999980926514,4.960000038146973,4.989999771118164,50300,0.0,0.0
2024-10-16 00:00:00-04:00,5.039999961853027,5.050000190734863,4.96999979019165,5.0,83200,0.0,0.0
2024-10-17 00:00:00-04:00,5.03000020980835,5.050000190734863,4.96999979019165,5.010000228881836,93200,0.0,0.0
2024-10-18 00:00:00-04:00,5.010000228881836,5.03000020980835,4.96999979019165,5.03000020980835,60200,0.0,0.0
2024-10-21 00:00:00-04:00,5.039999961853027,5.050000190734863,4.960000038146973,5.0,66200,0.0,0.0
2024-10-22 00:00:00-04:00,4.980000019073486,5.039999961853027,4.929999828338623,4.96999979019165,70100,0.0,0.0
2024-10-23 00:00:00-04:00,4.949999809265137,5.010000228881836,4.900000095367432,4.980000019073486,48900,0.0,0.0
2024-10-24 00:00:00-04:00,4.989999771118164,5.03000020980835,4.929999828338623,4.989999771118164,42200,0.0,0.0
2024-10-25 00:00:00-04:00,5.0,5.059999942779541,4.960000038146973,4.96999979019165,74400,0.0,0.0
2024-10-28 00:00:00-04:00,5.010000228881836,5.03000020980835,4.960000038146973,5.0,55800,0.0,0.0
2024-10-29 00:00:00-04:00,4.960000038146973,5.050000190734863,4.960000038146973,5.050000190734863,71000,0.0,0.0
2024-10-30 00:00:00-04:00,5.039999961853027,5.320000171661377,5.039999961853027,5.199999809265137,106100,0.0,0.0
2024-10-31 00:00:00-04:00,5.239999771118164,5.28000020980835,5.090000152587891,5.090000152587891,49400,0.0,0.0
2024-11-01 00:00:00-04:00,5.139999866485596,5.230000019073486,5.090000152587891,5.130000114440918,80500,0.0,0.0
2024-11-04 00:00:00-05:00,5.130000114440918,5.320000171661377,5.099999904632568,5.190000057220459,85400,0.0,0.0
2024-11-05 00:00:00-05:00,5.170000076293945,5.349999904632568,5.019999980926514,5.119999885559082,110900,0.0,0.0
2024-11-06 00:00:00-05:00,5.389999866485596,5.5,5.010000228881836,5.340000152587891,295100,0.0,0.0
2024-11-07 00:00:00-05:00,5.059999942779541,5.480000019073486,4.880000114440918,4.909999847412109,234700,0.0,0.0
2024-11-08 00:00:00-05:00,4.889999866485596,5.050000190734863,4.809999942779541,5.019999980926514,207500,0.0,0.0
2024-11-11 00:00:00-05:00,5.090000152587891,5.090000152587891,4.96999979019165,5.019999980926514,120800,0.0,0.0
2024-11-12 00:00:00-05:00,5.0,5.099999904632568,4.849999904632568,4.869999885559082,190400,0.0,0.0
2024-11-13 00:00:00-05:00,4.929999828338623,4.989999771118164,4.809999942779541,4.829999923706055,141500,0.0,0.0
2024-11-14 00:00:00-05:00,4.860000133514404,4.889999866485596,4.630000114440918,4.650000095367432,156800,0.0,0.0
2024-11-15 00:00:00-05:00,4.699999809265137,4.710000038146973,4.519999980926514,4.539999961853027,204400,0.0,0.0
2024-11-18 00:00:00-05:00,4.599999904632568,4.730000019073486,4.519999980926514,4.650000095367432,176400,0.0,0.0
2024-11-19 00:00:00-05:00,4.650000095367432,4.809999942779541,4.579999923706055,4.699999809265137,182300,0.0,0.0
2024-11-20 00:00:00-05:00,4.690000057220459,4.849999904632568,4.639999866485596,4.78000020980835,222500,0.0,0.0
2024-11-21 00:00:00-05:00,4.820000171661377,5.110000133514404,4.789999961853027,4.980000019073486,290500,0.0,0.0
2024-11-22 00:00:00-05:00,5.019999980926514,5.170000076293945,4.829999923706055,4.860000133514404,177000,0.0,0.0
2024-11-25 00:00:00-05:00,4.909999847412109,5.050000190734863,4.909999847412109,4.909999847412109,162500,0.0,0.0
2024-11-26 00:00:00-05:00,4.909999847412109,4.920000076293945,4.829999923706055,4.829999923706055,59000,0.0,0.0
2024-11-27 00:00:00-05:00,4.869999885559082,4.949999809265137,4.75,4.760000228881836,56700,0.0,0.0
2024-11-29 00:00:00-05:00,4.75,4.78000020980835,4.630000114440918,4.71999979019165,76700,0.0,0.0
2024-12-02 00:00:00-05:00,4.71999979019165,4.739999771118164,4.610000133514404,4.610000133514404,88200,0.0,0.0
2024-12-03 00:00:00-05:00,4.630000114440918,4.639999866485596,4.449999809265137,4.519999980926514,322900,0.0,0.0
2024-12-04 00:00:00-05:00,4.5,4.579999923706055,4.460000038146973,4.519999980926514,151000,0.0,0.0
2024-12-05 00:00:00-05:00,4.5,4.519999980926514,4.46999979019165,4.489999771118164,85500,0.0,0.0
2024-12-06 00:00:00-05:00,4.510000228881836,4.539999961853027,4.460000038146973,4.510000228881836,104400,0.0,0.0
2024-12-09 00:00:00-05:00,4.53000020980835,4.590000152587891,4.460000038146973,4.46999979019165,153600,0.0,0.0
2024-12-10 00:00:00-05:00,4.489999771118164,4.630000114440918,4.429999828338623,4.53000020980835,99400,0.0,0.0
2024-12-11 00:00:00-05:00,4.590000152587891,4.590000152587891,4.400000095367432,4.440000057220459,242800,0.0,0.0
2024-12-12 00:00:00-05:00,4.460000038146973,4.510000228881836,4.400000095367432,4.420000076293945,162400,0.0,0.0
2024-12-13 00:00:00-05:00,4.400000095367432,4.440000057220459,4.360000133514404,4.400000095367432,202300,0.0,0.0
2024-12-16 00:00:00-05:00,4.400000095367432,4.46999979019165,4.300000190734863,4.340000152587891,262600,0.0,0.0
2024-12-17 00:00:00-05:00,4.320000171661377,4.320000171661377,4.150000095367432,4.199999809265137,460900,0.0,0.0
2024-12-18 00:00:00-05:00,4.179999828338623,4.269999980926514,4.070000171661377,4.099999904632568,667700,0.0,0.0
2024-12-19 00:00:00-05:00,4.130000114440918,4.300000190734863,4.0,4.050000190734863,341200,0.0,0.0
2024-12-20 00:00:00-05:00,4.0,4.170000076293945,3.9800000190734863,4.099999904632568,377400,0.0,0.0
2024-12-23 00:00:00-05:00,4.099999904632568,4.099999904632568,3.9200000762939453,3.9200000762939453,183800,0.0,0.0
2024-12-24 00:00:00-05:00,3.9200000762939453,4.0,3.7699999809265137,3.9800000190734863,122700,0.0,0.0
2024-12-26 00:00:00-05:00,3.950000047683716,3.9800000190734863,3.9100000858306885,3.950000047683716,108300,0.0,0.0
2024-12-27 00:00:00-05:00,3.9200000762939453,3.9600000381469727,3.8499999046325684,3.930000066757202,174600,0.0,0.0
2024-12-30 00:00:00-05:00,3.930000066757202,4.079999923706055,3.869999885559082,4.03000020980835,145500,0.0,0.0
2024-12-31 00:00:00-05:00,4.039999961853027,4.090000152587891,4.0,4.079999923706055,214200,0.0,0.0
2025-01-02 00:00:00-05:00,4.150000095367432,4.679999828338623,4.150000095367432,4.619999885559082,382300,0.0,0.0
2025-01-03 00:00:00-05:00,4.619999885559082,5.0,4.460000038146973,4.809999942779541,331500,0.0,0.0
2025-01-06 00:00:00-05:00,4.820000171661377,5.0,4.820000171661377,4.949999809265137,277600,0.0,0.0
2025-01-07 00:00:00-05:00,4.980000019073486,5.010000228881836,4.519999980926514,4.599999904632568,181200,0.0,0.0
2025-01-08 00:00:00-05:00,4.619999885559082,4.630000114440918,4.420000076293945,4.599999904632568,155200,0.0,0.0
2025-01-10 00:00:00-05:00,4.510000228881836,4.639999866485596,4.449999809265137,4.559999942779541,154900,0.0,0.0
2025-01-13 00:00:00-05:00,4.510000228881836,4.610000133514404,4.449999809265137,4.510000228881836,150600,0.0,0.0
2025-01-14 00:00:00-05:00,4.550000190734863,4.760000228881836,4.550000190734863,4.699999809265137,182800,0.0,0.0
2025-01-15 00:00:00-05:00,4.800000190734863,4.920000076293945,4.71999979019165,4.889999866485596,182500,0.0,0.0
2025-01-16 00:00:00-05:00,4.880000114440918,4.929999828338623,4.849999904632568,4.880000114440918,92600,0.0,0.0
2025-01-17 00:00:00-05:00,4.920000076293945,5.010000228881836,4.900000095367432,4.960000038146973,156000,0.0,0.0
2025-01-21 00:00:00-05:00,5.0,5.03000020980835,4.760000228881836,4.78000020980835,114600,0.0,0.0
2025-01-22 00:00:00-05:00,4.710000038146973,4.769999980926514,4.570000171661377,4.579999923706055,195400,0.0,0.0
2025-01-23 00:00:00-05:00,4.5,4.599999904632568,4.46999979019165,4.590000152587891,99300,0.0,0.0
2025-01-24 00:00:00-05:00,4.610000133514404,4.789999961853027,4.409999847412109,4.769999980926514,379100,0.0,0.0
2025-01-27 00:00:00-05:00,4.690000057220459,4.889999866485596,4.550000190734863,4.760000228881836,266200,0.0,0.0
2025-01-28 00:00:00-05:00,4.760000228881836,5.050000190734863,4.75,5.0,165900,0.0,0.0
2025-01-29 00:00:00-05:00,5.010000228881836,5.28000020980835,5.010000228881836,5.150000095367432,171700,0.0,0.0
2025-01-30 00:00:00-05:00,5.139999866485596,5.369999885559082,5.119999885559082,5.329999923706055,166900,0.0,0.0
2025-01-31 00:00:00-05:00,5.329999923706055,5.590000152587891,5.300000190734863,5.369999885559082,229700,0.0,0.0
2025-02-03 00:00:00-05:00,5.340000152587891,5.340000152587891,5.119999885559082,5.159999847412109,182700,0.0,0.0
2025-02-04 00:00:00-05:00,5.119999885559082,5.320000171661377,5.010000228881836,5.300000190734863,171200,0.0,0.0
2025-02-05 00:00:00-05:00,5.389999866485596,5.389999866485596,5.210000038146973,5.28000020980835,140900,0.0,0.0
2025-02-06 00:00:00-05:00,5.269999980926514,5.460000038146973,5.150000095367432,5.21999979019165,145900,0.0,0.0
2025-02-07 00:00:00-05:00,5.199999809265137,5.239999771118164,5.099999904632568,5.21999979019165,115400,0.0,0.0
2025-02-10 00:00:00-05:00,5.230000019073486,5.340000152587891,5.190000057220459,5.28000020980835,126200,0.0,0.0
2025-02-11 00:00:00-05:00,5.210000038146973,5.409999847412109,5.199999809265137,5.360000133514404,68200,0.0,0.0
2025-02-12 00:00:00-05:00,5.269999980926514,5.449999809265137,5.269999980926514,5.389999866485596,127300,0.0,0.0
2025-02-13 00:00:00-05:00,5.460000038146973,5.489999771118164,5.389999866485596,5.420000076293945,145500,0.0,0.0
2025-02-14 00:00:00-05:00,5.480000019073486,5.559999942779541,5.349999904632568,5.449999809265137,122300,0.0,0.0
2025-02-18 00:00:00-05:00,5.449999809265137,5.46999979019165,5.349999904632568,5.400000095367432,79800,0.0,0.0
2025-02-19 00:00:00-05:00,5.349999904632568,5.380000114440918,5.300000190734863,5.349999904632568,75300,0.0,0.0
2025-02-20 00:00:00-05:00,5.320000171661377,5.369999885559082,5.28000020980835,5.360000133514404,102100,0.0,0.0
2025-02-21 00:00:00-05:00,5.409999847412109,5.53000020980835,5.199999809265137,5.329999923706055,151300,0.0,0.0
2025-02-24 00:00:00-05:00,5.380000114440918,5.400000095367432,5.03000020980835,5.039999961853027,211500,0.0,0.0
2025-02-25 00:00:00-05:00,5.019999980926514,5.239999771118164,4.849999904632568,4.869999885559082,390700,0.0,0.0
2025-02-26 00:00:00-05:00,4.829999923706055,4.920000076293945,4.760000228881836,4.809999942779541,90200,0.0,0.0
2025-02-27 00:00:00-05:00,4.800000190734863,4.929999828338623,4.699999809265137,4.730000019073486,98700,0.0,0.0
2025-02-28 00:00:00-05:00,4.71999979019165,5.039999961853027,4.639999866485596,4.809999942779541,102700,0.0,0.0
2025-03-03 00:00:00-05:00,4.809999942779541,4.840000152587891,4.559999942779541,4.590000152587891,88400,0.0,0.0
2025-03-04 00:00:00-05:00,4.489999771118164,4.559999942779541,4.329999923706055,4.340000152587891,204700,0.0,0.0
2025-03-05 00:00:00-05:00,4.340000152587891,4.449999809265137,4.110000133514404,4.170000076293945,237100,0.0,0.0
2025-03-06 00:00:00-05:00,4.179999828338623,4.300000190734863,4.079999923706055,4.150000095367432,184700,0.0,0.0
2025-03-07 00:00:00-05:00,4.420000076293945,4.639999866485596,4.010000228881836,4.269999980926514,242700,0.0,0.0
2025-03-10 00:00:00-04:00,4.199999809265137,4.300000190734863,4.130000114440918,4.130000114440918,114800,0.0,0.0
2025-03-11 00:00:00-04:00,4.150000095367432,4.28000020980835,4.099999904632568,4.210000038146973,236600,0.0,0.0
2025-03-12 00:00:00-04:00,4.260000228881836,4.440000057220459,4.190000057220459,4.230000019073486,124300,0.0,0.0
2025-03-13 00:00:00-04:00,4.230000019073486,4.349999904632568,4.130000114440918,4.159999847412109,142000,0.0,0.0
2025-03-14 00:00:00-04:00,4.199999809265137,4.210000038146973,4.019999980926514,4.03000020980835,130300,0.0,0.0
2025-03-17 00:00:00-04:00,4.010000228881836,4.150000095367432,3.950000047683716,4.019999980926514,194100,0.0,0.0
2025-03-18 00:00:00-04:00,4.010000228881836,4.079999923706055,3.9800000190734863,4.0,84000,0.0,0.0
2025-03-19 00:00:00-04:00,4.010000228881836,4.179999828338623,4.010000228881836,4.150000095367432,104500,0.0,0.0
2025-03-20 00:00:00-04:00,4.119999885559082,4.21999979019165,4.090000152587891,4.159999847412109,85700,0.0,0.0
2025-03-21 00:00:00-04:00,4.139999866485596,4.309999942779541,4.050000190734863,4.28000020980835,317400,0.0,0.0
2025-03-24 00:00:00-04:00,4.349999904632568,4.489999771118164,4.320000171661377,4.46999979019165,128000,0.0,0.0
2025-03-25 00:00:00-04:00,4.449999809265137,4.53000020980835,4.400000095367432,4.480000019073486,100700,0.0,0.0
2025-03-26 00:00:00-04:00,4.46999979019165,4.46999979019165,4.130000114440918,4.179999828338623,123400,0.0,0.0
2025-03-27 00:00:00-04:00,4.130000114440918,4.25,4.110000133514404,4.230000019073486,96000,0.0,0.0
2025-03-28 00:00:00-04:00,4.239999771118164,4.239999771118164,4.130000114440918,4.150000095367432,50600,0.0,0.0
2025-03-31 00:00:00-04:00,4.099999904632568,4.230000019073486,4.090000152587891,4.179999828338623,96600,0.0,0.0
2025-04-01 00:00:00-04:00,4.150000095367432,4.21999979019165,4.099999904632568,4.159999847412109,91300,0.0,0.0
2025-04-02 00:00:00-04:00,4.110000133514404,4.239999771118164,4.079999923706055,4.239999771118164,60700,0.0,0.0
2025-04-03 00:00:00-04:00,4.059999942779541,4.150000095367432,3.5999999046325684,3.640000104904175,416400,0.0,0.0
2025-04-04 00:00:00-04:00,3.490000009536743,3.559999942779541,3.190000057220459,3.3299999237060547,371900,0.0,0.0
2025-04-07 00:00:00-04:00,3.2200000286102295,3.490000009536743,3.130000114440918,3.1600000858306885,286000,0.0,0.0
2025-04-08 00:00:00-04:00,3.25,3.369999885559082,3.069999933242798,3.140000104904175,226900,0.0,0.0
2025-04-09 00:00:00-04:00,3.119999885559082,3.6700000762939453,3.0199999809265137,3.509999990463257,337500,0.0,0.0
2025-04-10 00:00:00-04:00,3.3299999237060547,3.450000047683716,3.2200000286102295,3.2200000286102295,147200,0.0,0.0
2025-04-11 00:00:00-04:00,3.190000057220459,3.25,3.049999952316284,3.0999999046325684,101700,0.0,0.0
2025-04-14 00:00:00-04:00,3.1500000953674316,3.1600000858306885,3.0299999713897705,3.0399999618530273,85200,0.0,0.0
2025-04-15 00:00:00-04:00,3.0199999809265137,3.0799999237060547,2.9100000858306885,2.950000047683716,178400,0.0,0.0
2025-04-16 00:00:00-04:00,2.950000047683716,3.0,2.9100000858306885,2.930000066757202,169200,0.0,0.0
2025-04-17 00:00:00-04:00,2.940000057220459,3.059999942779541,2.9000000953674316,2.9100000858306885,177600,0.0,0.0
2025-04-21 00:00:00-04:00,2.9000000953674316,2.9600000381469727,2.859999895095825,2.9200000762939453,127900,0.0,0.0
2025-04-22 00:00:00-04:00,2.950000047683716,3.2899999618530273,2.950000047683716,3.240000009536743,136200,0.0,0.0
2025-04-23 00:00:00-04:00,3.3399999141693115,3.450000047683716,3.200000047683716,3.2200000286102295,157800,0.0,0.0
2025-04-24 00:00:00-04:00,3.200000047683716,3.2300000190734863,3.0399999618530273,3.0799999237060547,106300,0.0,0.0
2025-04-25 00:00:00-04:00,3.0299999713897705,3.3299999237060547,3.0,3.109999895095825,145900,0.0,0.0
2025-04-28 00:00:00-04:00,3.109999895095825,3.240000009536743,3.0,3.0999999046325684,101300,0.0,0.0
2025-04-29 00:00:00-04:00,3.140000104904175,3.2899999618530273,3.119999885559082,3.2799999713897705,121500,0.0,0.0
2025-04-30 00:00:00-04:00,3.2100000381469727,3.2699999809265137,3.119999885559082,3.2300000190734863,119100,0.0,0.0
2025-05-01 00:00:00-04:00,3.2300000190734863,3.309999942779541,3.2100000381469727,3.2100000381469727,239200,0.0,0.0
2025-05-02 00:00:00-04:00,3.2799999713897705,3.6700000762939453,3.1500000953674316,3.25,203400,0.0,0.0
2025-05-05 00:00:00-04:00,3.2200000286102295,3.3399999141693115,3.1600000858306885,3.240000009536743,167300,0.0,0.0
2025-05-06 00:00:00-04:00,3.2200000286102295,3.2699999809265137,3.059999942779541,3.069999933242798,114800,0.0,0.0
2025-05-07 00:00:00-04:00,3.1500000953674316,3.4000000953674316,3.069999933242798,3.25,221500,0.0,0.0
2025-05-08 00:00:00-04:00,3.299999952316284,3.3299999237060547,3.059999942779541,3.299999952316284,483700,0.0,0.0
2025-05-09 00:00:00-04:00,3.4100000858306885,3.4100000858306885,3.0299999713897705,3.140000104904175,225300,0.0,0.0
2025-05-12 00:00:00-04:00,3.2100000381469727,3.369999885559082,3.180000066757202,3.3399999141693115,161100,0.0,0.0
2025-05-13 00:00:00-04:00,3.369999885559082,3.690000057220459,3.319999933242798,3.6700000762939453,276500,0.0,0.0
2025-05-14 00:00:00-04:00,3.7100000381469727,3.7300000190734863,3.619999885559082,3.619999885559082,150500,0.0,0.0
2025-05-15 00:00:00-04:00,3.5899999141693115,3.7200000286102295,3.4700000286102295,3.6700000762939453,148300,0.0,0.0
2025-05-16 00:00:00-04:00,3.6600000858306885,3.7300000190734863,3.549999952316284,3.6700000762939453,96000,0.0,0.0
2025-05-19 00:00:00-04:00,3.5799999237060547,3.640000104904175,3.4100000858306885,3.4200000762939453,101500,0.0,0.0
2025-05-20 00:00:00-04:00,3.380000114440918,3.569999933242798,3.309999942779541,3.569999933242798,152600,0.0,0.0
2025-05-21 00:00:00-04:00,3.509999990463257,3.5399999618530273,3.4000000953674316,3.5199999809265137,231200,0.0,0.0
2025-05-22 00:00:00-04:00,3.5,3.5199999809265137,3.390000104904175,3.440000057220459,191200,0.0,0.0
2025-05-23 00:00:00-04:00,3.369999885559082,3.4100000858306885,3.200000047683716,3.380000114440918,163900,0.0,0.0
2025-05-27 00:00:00-04:00,3.440000057220459,3.559999942779541,3.2100000381469727,3.299999952316284,328700,0.0,0.0
2025-05-28 00:00:00-04:00,3.2799999713897705,3.319999933242798,3.180000066757202,3.2200000286102295,170900,0.0,0.0
2025-05-29 00:00:00-04:00,3.259999990463257,3.319999933242798,3.119999885559082,3.1700000762939453,147800,0.0,0.0
2025-05-30 00:00:00-04:00,3.1500000953674316,3.2200000286102295,3.0999999046325684,3.180000066757202,172300,0.0,0.0
2025-06-02 00:00:00-04:00,3.180000066757202,3.2200000286102295,3.130000114440918,3.180000066757202,162200,0.0,0.0
2025-06-03 00:00:00-04:00,3.180000066757202,3.3399999141693115,3.140000104904175,3.180000066757202,211800,0.0,0.0
2025-06-04 00:00:00-04:00,3.190000057220459,3.2200000286102295,3.0999999046325684,3.140000104904175,148100,0.0,0.0
2025-06-05 00:00:00-04:00,3.140000104904175,3.2300000190734863,3.0399999618530273,3.0899999141693115,154500,0.0,0.0
2025-06-06 00:00:00-04:00,3.1500000953674316,3.2799999713897705,3.0999999046325684,3.1500000953674316,107700,0.0,0.0
2025-06-09 00:00:00-04:00,3.1500000953674316,3.3299999237060547,3.119999885559082,3.309999942779541,183100,0.0,0.0
2025-06-10 00:00:00-04:00,3.3299999237060547,3.4000000953674316,3.2100000381469727,3.2699999809265137,160900,0.0,0.0
2025-06-11 00:00:00-04:00,3.2799999713897705,3.3399999141693115,3.180000066757202,3.2200000286102295,189900,0.0,0.0
2025-06-12 00:00:00-04:00,3.190000057220459,3.25,3.0399999618530273,3.25,336200,0.0,0.0
2025-06-13 00:00:00-04:00,3.200000047683716,3.2100000381469727,3.0199999809265137,3.0299999713897705,186000,0.0,0.0
2025-06-16 00:00:00-04:00,3.069999933242798,3.2200000286102295,3.0,3.0799999237060547,296400,0.0,0.0
2025-06-17 00:00:00-04:00,3.059999942779541,3.2899999618530273,3.0399999618530273,3.259999990463257,183000,0.0,0.0
2025-06-18 00:00:00-04:00,3.450000047683716,4.179999828338623,3.4100000858306885,3.7300000190734863,1051700,0.0,0.0
2025-06-20 00:00:00-04:00,3.7899999618530273,4.059999942779541,3.740000009536743,3.890000104904175,506800,0.0,0.0
2025-06-23 00:00:00-04:00,3.8299999237060547,3.890000104904175,3.569999933242798,3.7300000190734863,260300,0.0,0.0
2025-06-24 00:00:00-04:00,3.75,3.940000057220459,3.7300000190734863,3.890000104904175,233100,0.0,0.0
2025-06-25 00:00:00-04:00,3.9000000953674316,3.9800000190734863,3.7100000381469727,3.9600000381469727,197000,0.0,0.0
2025-06-26 00:00:00-04:00,3.9600000381469727,4.090000152587891,3.809999942779541,3.809999942779541,244100,0.0,0.0
2025-06-27 00:00:00-04:00,3.799999952316284,3.9600000381469727,3.6700000762939453,3.75,5092100,0.0,0.0
2025-06-30 00:00:00-04:00,3.7899999618530273,3.799999952316284,3.5999999046325684,3.6600000858306885,388900,0.0,0.0
2025-07-01 00:00:00-04:00,3.6500000953674316,3.940000057220459,3.6500000953674316,3.940000057220459,316200,0.0,0.0
2025-07-02 00:00:00-04:00,3.940000057220459,4.090000152587891,3.930000066757202,4.090000152587891,236300,0.0,0.0
2025-07-03 00:00:00-04:00,4.110000133514404,4.179999828338623,4.03000020980835,4.179999828338623,124200,0.0,0.0
2025-07-07 00:00:00-04:00,4.110000133514404,4.320000171661377,4.059999942779541,4.300000190734863,220800,0.0,0.0
2025-07-08 00:00:00-04:00,4.309999942779541,4.360000133514404,4.119999885559082,4.190000057220459,186100,0.0,0.0
2025-07-09 00:00:00-04:00,4.190000057220459,4.190000057220459,4.050000190734863,4.099999904632568,83400,0.0,0.0
2025-07-10 00:00:00-04:00,4.050000190734863,4.5,4.050000190734863,4.5,253900,0.0,0.0
2025-07-11 00:00:00-04:00,4.489999771118164,4.539999961853027,4.329999923706055,4.519999980926514,134700,0.0,0.0
2025-07-14 00:00:00-04:00,4.510000228881836,4.679999828338623,4.429999828338623,4.679999828338623,148200,0.0,0.0
2025-07-15 00:00:00-04:00,4.679999828338623,4.679999828338623,4.409999847412109,4.489999771118164,222600,0.0,0.0
2025-07-16 00:00:00-04:00,4.559999942779541,4.659999847412109,4.489999771118164,4.599999904632568,190000,0.0,0.0
2025-07-17 00:00:00-04:00,4.610000133514404,4.699999809265137,4.599999904632568,4.690000057220459,291100,0.0,0.0
2025-07-18 00:00:00-04:00,4.699999809265137,4.739999771118164,4.659999847412109,4.710000038146973,143600,0.0,0.0
2025-07-21 00:00:00-04:00,4.71999979019165,4.900000095367432,4.639999866485596,4.71999979019165,243300,0.0,0.0
2025-07-22 00:00:00-04:00,4.760000228881836,4.889999866485596,4.650000095367432,4.869999885559082,223300,0.0,0.0
2025-07-23 00:00:00-04:00,4.900000095367432,4.949999809265137,4.840000152587891,4.949999809265137,176800,0.0,0.0
2025-07-24 00:00:00-04:00,4.949999809265137,4.949999809265137,4.75,4.78000020980835,171500,0.0,0.0
2025-07-25 00:00:00-04:00,4.800000190734863,4.829999923706055,4.650000095367432,4.820000171661377,104000,0.0,0.0
2025-07-28 00:00:00-04:00,4.829999923706055,4.860000133514404,4.730000019073486,4.789999961853027,183500,0.0,0.0
2025-07-29 00:00:00-04:00,4.820000171661377,4.820000171661377,4.579999923706055,4.739999771118164,164800,0.0,0.0
2025-07-30 00:00:00-04:00,4.760000228881836,4.760000228881836,4.579999923706055,4.599999904632568,52700,0.0,0.0
2025-07-31 00:00:00-04:00,4.550000190734863,4.610000133514404,4.519999980926514,4.579999923706055,73800,0.0,0.0
2025-08-01 00:00:00-04:00,4.539999961853027,4.570000171661377,4.360000133514404,4.420000076293945,131700,0.0,0.0
2025-08-04 00:00:00-04:00,4.449999809265137,4.579999923706055,4.420000076293945,4.559999942779541,124200,0.0,0.0
2025-08-05 00:00:00-04:00,4.570000171661377,4.570000171661377,4.449999809265137,4.5,148300,0.0,0.0
2025-08-06 00:00:00-04:00,4.5,4.510000228881836,4.389999866485596,4.5,130200,0.0,0.0
2025-08-07 00:00:00-04:00,4.559999942779541,4.559999942779541,4.289999961853027,4.400000095367432,172000,0.0,0.0
2025-08-08 00:00:00-04:00,4.210000038146973,4.289999961853027,3.5999999046325684,3.609999895095825,522700,0.0,0.0
2025-08-11 00:00:00-04:00,3.630000114440918,3.7699999809265137,3.2699999809265137,3.319999933242798,474500,0.0,0.0
2025-08-12 00:00:00-04:00,3.309999942779541,3.509999990463257,3.309999942779541,3.5,352500,0.0,0.0
2025-08-13 00:00:00-04:00,3.5,3.700000047683716,3.450000047683716,3.4600000381469727,252800,0.0,0.0
2025-08-14 00:00:00-04:00,3.450000047683716,3.5999999046325684,3.3499999046325684,3.5999999046325684,162000,0.0,0.0
2025-08-15 00:00:00-04:00,3.6500000953674316,3.819999933242798,3.5,3.549999952316284,243500,0.0,0.0
2025-08-18 00:00:00-04:00,3.619999885559082,3.6700000762939453,3.549999952316284,3.5899999141693115,103500,0.0,0.0
2025-08-19 00:00:00-04:00,3.5999999046325684,3.7200000286102295,3.5199999809265137,3.549999952316284,188400,0.0,0.0
2025-08-20 00:00:00-04:00,3.549999952316284,3.609999895095825,3.5199999809265137,3.5799999237060547,39300,0.0,0.0
2025-08-21 00:00:00-04:00,3.559999942779541,3.6500000953674316,3.4700000286102295,3.5,122700,0.0,0.0
2025-08-22 00:00:00-04:00,3.5299999713897705,3.7799999713897705,3.5,3.690000057220459,155700,0.0,0.0
2025-08-25 00:00:00-04:00,3.6600000858306885,3.8499999046325684,3.6600000858306885,3.690000057220459,129800,0.0,0.0
2025-08-26 00:00:00-04:00,3.7300000190734863,3.7799999713897705,3.6600000858306885,3.7100000381469727,109800,0.0,0.0
2025-08-27 00:00:00-04:00,3.7100000381469727,3.799999952316284,3.6700000762939453,3.7899999618530273,96400,0.0,0.0
2025-08-28 00:00:00-04:00,3.809999942779541,3.8399999141693115,3.7300000190734863,3.759999990463257,69500,0.0,0.0
2025-08-29 00:00:00-04:00,3.7899999618530273,3.799999952316284,3.6500000953674316,3.6600000858306885,106300,0.0,0.0
2025-09-02 00:00:00-04:00,3.5799999237060547,3.6500000953674316,3.4700000286102295,3.5799999237060547,101700,0.0,0.0
2025-09-03 00:00:00-04:00,3.569999933242798,3.640000104904175,3.5199999809265137,3.549999952316284,46400,0.0,0.0
2025-09-04 00:00:00-04:00,3.569999933242798,3.640000104904175,3.4000000953674316,3.430000066757202,119500,0.0,0.0
2025-09-05 00:00:00-04:00,3.4200000762939453,3.5,3.3499999046325684,3.4000000953674316,93900,0.0,0.0
2025-09-08 00:00:00-04:00,3.440000057220459,3.4700000286102295,3.2899999618530273,3.3299999237060547,105900,0.0,0.0
2025-09-09 00:00:00-04:00,3.3399999141693115,3.4600000381469727,3.2899999618530273,3.4100000858306885,210900,0.0,0.0
2025-09-10 00:00:00-04:00,3.450000047683716,3.490000009536743,3.2899999618530273,3.3299999237060547,150800,0.0,0.0
2025-09-11 00:00:00-04:00,3.3499999046325684,3.5299999713897705,3.2899999618530273,3.4700000286102295,165200,0.0,0.0
2025-09-12 00:00:00-04:00,3.430000066757202,3.430000066757202,3.299999952316284,3.319999933242798,97400,0.0,0.0
2025-09-15 00:00:00-04:00,3.3299999237060547,3.549999952316284,3.2899999618530273,3.490000009536743,292800,0.0,0.0
2025-09-16 00:00:00-04:00,3.5,3.5299999713897705,3.359999895095825,3.4600000381469727,234300,0.0,0.0
2025-09-17 00:00:00-04:00,3.4800000190734863,3.609999895095825,3.390000104904175,3.390000104904175,119900,0.0,0.0
2025-09-18 00:00:00-04:00,3.4200000762939453,3.5,3.4100000858306885,3.490000009536743,61200,0.0,0.0
2025-09-19 00:00:00-04:00,3.5,3.5399999618530273,3.430000066757202,3.450000047683716,160400,0.0,0.0
2025-09-22 00:00:00-04:00,3.440000057220459,3.5799999237060547,3.4000000953674316,3.4800000190734863,87200,0.0,0.0
2025-09-23 00:00:00-04:00,3.5,3.5799999237060547,3.430000066757202,3.4600000381469727,124300,0.0,0.0
2025-09-24 00:00:00-04:00,3.4800000190734863,3.5,3.380000114440918,3.4100000858306885,49100,0.0,0.0
2025-09-25 00:00:00-04:00,3.390000104904175,3.4200000762939453,3.2899999618530273,3.309999942779541,91000,0.0,0.0
2025-09-26 00:00:00-04:00,3.3399999141693115,3.4600000381469727,3.2699999809265137,3.3499999046325684,73500,0.0,0.0
2025-09-29 00:00:00-04:00,3.380000114440918,3.390000104904175,3.2799999713897705,3.2899999618530273,42700,0.0,0.0
2025-09-30 00:00:00-04:00,3.2799999713897705,3.369999885559082,3.200000047683716,3.2100000381469727,109300,0.0,0.0
2025-10-01 00:00:00-04:00,3.2300000190734863,3.2300000190734863,3.130000114440918,3.1500000953674316,73100,0.0,0.0
2025-10-02 00:00:00-04:00,3.140000104904175,3.1500000953674316,3.0799999237060547,3.0999999046325684,78100,0.0,0.0
2025-10-03 00:00:00-04:00,3.0999999046325684,3.1700000762939453,3.0,3.009999990463257,149800,0.0,0.0
2025-10-06 00:00:00-04:00,3.0999999046325684,3.0999999046325684,2.869999885559082,2.880000114440918,189000,0.0,0.0
2025-10-07 00:00:00-04:00,2.9000000953674316,2.9100000858306885,2.7799999713897705,2.799999952316284,153000,0.0,0.0
2025-10-08 00:00:00-04:00,2.8499999046325684,2.9200000762939453,2.700000047683716,2.759999990463257,250100,0.0,0.0
2025-10-09 00:00:00-04:00,2.75,2.890000104904175,2.700000047683716,2.75,156500,0.0,0.0
2025-10-10 00:00:00-04:00,2.75,2.7699999809265137,2.609999895095825,2.609999895095825,278500,0.0,0.0
2025-10-13 00:00:00-04:00,2.6500000953674316,2.690000057220459,2.509999990463257,2.5399999618530273,205600,0.0,0.0
2025-10-14 00:00:00-04:00,2.5299999713897705,2.630000114440918,2.5,2.5199999809265137,210500,0.0,0.0
2025-10-15 00:00:00-04:00,2.549999952316284,2.740000009536743,2.509999990463257,2.7100000381469727,695800,0.0,0.0
2025-10-16 00:00:00-04:00,2.700000047683716,2.7799999713897705,2.5899999141693115,2.6600000858306885,271200,0.0,0.0
2025-10-17 00:00:00-04:00,2.640000104904175,2.7200000286102295,2.5299999713897705,2.5999999046325684,163200,0.0,0.0
2025-10-20 00:00:00-04:00,2.640000104904175,2.759999990463257,2.5999999046325684,2.740000009536743,152600,0.0,0.0
2025-10-21 00:00:00-04:00,2.700000047683716,2.799999952316284,2.640000104904175,2.7200000286102295,191200,0.0,0.0
2025-10-22 00:00:00-04:00,2.700000047683716,2.8299999237060547,2.6700000762939453,2.7899999618530273,151900,0.0,0.0
2025-10-23 00:00:00-04:00,2.7799999713897705,2.8499999046325684,2.7300000190734863,2.809999942779541,222500,0.0,0.0
2025-10-24 00:00:00-04:00,2.8299999237060547,2.9100000858306885,2.7899999618530273,2.819999933242798,231700,0.0,0.0
2025-10-27 00:00:00-04:00,2.8499999046325684,2.8499999046325684,2.680000066757202,2.7200000286102295,156800,0.0,0.0
2025-10-28 00:00:00-04:00,2.7200000286102295,2.740000009536743,2.640000104904175,2.6700000762939453,172200,0.0,0.0
2025-10-29 00:00:00-04:00,2.6500000953674316,2.6600000858306885,2.509999990463257,2.5399999618530273,254700,0.0,0.0
2025-10-30 00:00:00-04:00,2.5199999809265137,2.5399999618530273,2.4000000953674316,2.430000066757202,151200,0.0,0.0
2025-10-31 00:00:00-04:00,2.4200000762939453,2.4800000190734863,2.359999895095825,2.450000047683716,173900,0.0,0.0
2025-11-03 00:00:00-05:00,2.4600000381469727,2.4600000381469727,2.390000104904175,2.450000047683716,102600,0.0,0.0
2025-11-04 00:00:00-05:00,2.430000066757202,2.5,2.299999952316284,2.4100000858306885,181900,0.0,0.0
2025-11-05 00:00:00-05:00,2.4000000953674316,2.4600000381469727,2.3399999141693115,2.390000104904175,139700,0.0,0.0
2025-11-06 00:00:00-05:00,2.390000104904175,3.069999933242798,2.390000104904175,2.619999885559082,747000,0.0,0.0
2025-11-07 00:00:00-05:00,2.5899999141693115,2.680000066757202,2.4600000381469727,2.630000114440918,181400,0.0,0.0
2025-11-10 00:00:00-05:00,2.6600000858306885,2.7899999618530273,2.5399999618530273,2.640000104904175,175000,0.0,0.0
2025-11-11 00:00:00-05:00,2.609999895095825,2.7200000286102295,2.5299999713897705,2.690000057220459,111700,0.0,0.0
2025-11-12 00:00:00-05:00,2.690000057220459,2.700000047683716,2.559999942779541,2.5899999141693115,200100,0.0,0.0
2025-11-13 00:00:00-05:00,2.569999933242798,2.569999933242798,2.4100000858306885,2.450000047683716,135900,0.0,0.0
2025-11-14 00:00:00-05:00,2.4200000762939453,2.5,2.359999895095825,2.390000104904175,91300,0.0,0.0
2025-11-17 00:00:00-05:00,2.4100000858306885,2.4200000762939453,2.25,2.2899999618530273,262000,0.0,0.0
2025-11-18 00:00:00-05:00,2.2899999618530273,2.430000066757202,2.259999990463257,2.3399999141693115,233900,0.0,0.0
2025-11-19 00:00:00-05:00,2.319999933242798,2.4200000762939453,2.299999952316284,2.359999895095825,186700,0.0,0.0
2025-11-20 00:00:00-05:00,2.369999885559082,2.549999952316284,2.3499999046325684,2.4200000762939453,159300,0.0,0.0
2025-11-21 00:00:00-05:00,2.4100000858306885,2.5799999237060547,2.3499999046325684,2.490000009536743,249800,0.0,0.0
2025-11-24 00:00:00-05:00,2.509999990463257,2.5999999046325684,2.4600000381469727,2.5799999237060547,136500,0.0,0.0
2025-11-25 00:00:00-05:00,2.5999999046325684,2.740000009536743,2.4800000190734863,2.6500000953674316,211100,0.0,0.0
2025-11-26 00:00:00-05:00,2.6700000762939453,2.680000066757202,2.5999999046325684,2.619999885559082,70900,0.0,0.0
2025-11-28 00:00:00-05:00,2.630000114440918,2.740000009536743,2.630000114440918,2.690000057220459,82700,0.0,0.0
2025-12-01 00:00:00-05:00,2.680000066757202,2.7899999618530273,2.619999885559082,2.7300000190734863,162000,0.0,0.0
2025-12-02 00:00:00-05:00,2.740000009536743,2.890000104904175,2.7200000286102295,2.859999895095825,170400,0.0,0.0
2025-12-03 00:00:00-05:00,2.799999952316284,2.890000104904175,2.7699999809265137,2.7799999713897705,150600,0.0,0.0
2025-12-04 00:00:00-05:00,2.7699999809265137,2.819999933242798,2.6600000858306885,2.7100000381469727,77300,0.0,0.0
2025-12-05 00:00:00-05:00,2.7300000190734863,2.819999933242798,2.6700000762939453,2.7799999713897705,86900,0.0,0.0
2025-12-08 00:00:00-05:00,2.7699999809265137,2.7699999809265137,2.6700000762939453,2.690000057220459,60100,0.0,0.0
2025-12-09 00:00:00-05:00,2.700000047683716,2.740000009536743,2.640000104904175,2.640000104904175,107000,0.0,0.0
2025-12-10 00:00:00-05:00,2.6500000953674316,2.9100000858306885,2.609999895095825,2.8299999237060547,187500,0.0,0.0
2025-12-11 00:00:00-05:00,2.75,3.0,2.75,2.9100000858306885,172300,0.0,0.0
2025-12-12 00:00:00-05:00,2.9000000953674316,3.25,2.9000000953674316,3.0799999237060547,345100,0.0,0.0
2025-12-15 00:00:00-05:00,3.0799999237060547,3.0799999237060547,2.859999895095825,2.880000114440918,270700,0.0,0.0
2025-12-16 00:00:00-05:00,2.9200000762939453,3.130000114440918,2.859999895095825,3.0199999809265137,420500,0.0,0.0
2025-12-17 00:00:00-05:00,3.0199999809265137,3.180000066757202,3.0,3.0299999713897705,149500,0.0,0.0
2025-12-18 00:00:00-05:00,3.049999952316284,3.0799999237060547,2.9800000190734863,3.009999990463257,178100,0.0,0.0
2025-12-19 00:00:00-05:00,3.009999990463257,3.0399999618530273,2.869999885559082,2.880000114440918,88400,0.0,0.0
2025-12-22 00:00:00-05:00,2.9100000858306885,2.9100000858306885,2.6500000953674316,2.690000057220459,191000,0.0,0.0
2025-12-23 00:00:00-05:00,2.7300000190734863,2.8299999237060547,2.609999895095825,2.640000104904175,501900,0.0,0.0
2025-12-24 00:00:00-05:00,2.640000104904175,2.680000066757202,2.5999999046325684,2.6600000858306885,147000,0.0,0.0
2025-12-26 00:00:00-05:00,2.619999885559082,2.7100000381469727,2.5899999141693115,2.690000057220459,207100,0.0,0.0
2025-12-29 00:00:00-05:00,2.6700000762939453,2.700000047683716,2.619999885559082,2.6600000858306885,182600,0.0,0.0
2025-12-30 00:00:00-05:00,2.6600000858306885,2.680000066757202,2.5799999237060547,2.5999999046325684,116300,0.0,0.0
2025-12-31 00:00:00-05:00,2.5799999237060547,2.640000104904175,2.559999942779541,2.609999895095825,144200,0.0,0.0
2026-01-02 00:00:00-05:00,2.609999895095825,2.619999885559082,2.5,2.5,230500,0.0,0.0
2026-01-05 00:00:00-05:00,2.5299999713897705,2.690000057220459,2.5299999713897705,2.619999885559082,130100,0.0,0.0
2026-01-06 00:00:00-05:00,2.630000114440918,2.6700000762939453,2.609999895095825,2.6600000858306885,79100,0.0,0.0
2026-01-07 00:00:00-05:00,2.6500000953674316,2.6500000953674316,2.5299999713897705,2.559999942779541,88400,0.0,0.0
2026-01-08 00:00:00-05:00,2.5399999618530273,2.619999885559082,2.5299999713897705,2.549999952316284,54100,0.0,0.0
2026-01-09 00:00:00-05:00,2.569999933242798,2.569999933242798,2.5,2.5199999809265137,78000,0.0,0.0
2026-01-12 00:00:00-05:00,2.5199999809265137,2.6600000858306885,2.3499999046325684,2.450000047683716,403300,0.0,0.0
2026-01-13 00:00:00-05:00,2.440000057220459,2.4700000286102295,2.380000114440918,2.450000047683716,62500,0.0,0.0
2026-01-14 00:00:00-05:00,2.4000000953674316,2.559999942779541,2.4000000953674316,2.5199999809265137,103600,0.0,0.0
2026-01-15 00:00:00-05:00,2.5,2.569999933242798,2.4600000381469727,2.559999942779541,96100,0.0,0.0
2026-01-16 00:00:00-05:00,2.5399999618530273,2.6700000762939453,2.5,2.619999885559082,146400,0.0,0.0
2026-01-20 00:00:00-05:00,2.559999942779541,2.619999885559082,2.450000047683716,2.509999990463257,233800,0.0,0.0
2026-01-21 00:00:00-05:00,2.509999990463257,2.569999933242798,2.450000047683716,2.509999990463257,132400,0.0,0.0
2026-01-22 00:00:00-05:00,2.619999885559082,2.619999885559082,2.4800000190734863,2.509999990463257,76400,0.0,0.0
2026-01-23 00:00:00-05:00,2.5199999809265137,2.5299999713897705,2.4000000953674316,2.4800000190734863,130900,0.0,0.0
2026-01-26 00:00:00-05:00,2.4800000190734863,2.5899999141693115,2.4100000858306885,2.4200000762939453,58200,0.0,0.0
2026-01-27 00:00:00-05:00,2.5,2.5,2.359999895095825,2.440000057220459,210100,0.0,0.0
2026-01-28 00:00:00-05:00,2.430000066757202,2.490000009536743,2.4000000953674316,2.4200000762939453,335100,0.0,0.0
2026-01-29 00:00:00-05:00,2.4600000381469727,2.5299999713897705,2.3399999141693115,2.390000104904175,150000,0.0,0.0
2026-01-30 00:00:00-05:00,2.380000114440918,2.4700000286102295,2.309999942779541,2.319999933242798,217700,0.0,0.0
2026-02-02 00:00:00-05:00,2.3299999237060547,2.4200000762939453,2.299999952316284,2.3499999046325684,239400,0.0,0.0
2026-02-03 00:00:00-05:00,2.3499999046325684,2.430000066757202,2.309999942779541,2.4200000762939453,308400,0.0,0.0
2026-02-04 00:00:00-05:00,2.4200000762939453,2.4700000286102295,2.319999933242798,2.3499999046325684,78100,0.0,0.0
2026-02-05 00:00:00-05:00,2.3399999141693115,2.380000114440918,2.1600000858306885,2.180000066757202,243300,0.0,0.0
2026-02-06 00:00:00-05:00,2.25,2.309999942779541,2.2200000286102295,2.240000009536743,124700,0.0,0.0
2026-02-09 00:00:00-05:00,2.25,2.369999885559082,2.2100000381469727,2.3299999237060547,49200,0.0,0.0
2026-02-10 00:00:00-05:00,2.3399999141693115,2.4800000190734863,2.3399999141693115,2.359999895095825,91500,0.0,0.0
2026-02-11 00:00:00-05:00,2.380000114440918,2.380000114440918,2.2300000190734863,2.2799999713897705,94500,0.0,0.0
2026-02-12 00:00:00-05:00,2.369999885559082,2.369999885559082,2.1700000762939453,2.2100000381469727,67700,0.0,0.0
2026-02-13 00:00:00-05:00,2.2200000286102295,2.299999952316284,2.1600000858306885,2.259999990463257,127000,0.0,0.0
2026-02-17 00:00:00-05:00,2.3499999046325684,2.3499999046325684,2.1700000762939453,2.2100000381469727,66000,0.0,0.0
2026-02-18 00:00:00-05:00,2.200000047683716,2.3499999046325684,2.190000057220459,2.25,79200,0.0,0.0
2026-02-19 00:00:00-05:00,2.240000009536743,2.25,2.1700000762939453,2.25,39400,0.0,0.0
2026-02-20 00:00:00-05:00,2.240000009536743,2.299999952316284,2.2200000286102295,2.25,77200,0.0,0.0
2026-02-23 00:00:00-05:00,2.259999990463257,2.259999990463257,2.1500000953674316,2.240000009536743,246500,0.0,0.0
2026-02-24 00:00:00-05:00,2.2200000286102295,2.3299999237060547,2.2100000381469727,2.319999933242798,64000,0.0,0.0
2026-02-25 00:00:00-05:00,2.2799999713897705,2.309999942779541,2.2100000381469727,2.259999990463257,84000,0.0,0.0
2026-02-26 00:00:00-05:00,2.259999990463257,2.369999885559082,2.190000057220459,2.319999933242798,219700,0.0,0.0
2026-02-27 00:00:00-05:00,2.3399999141693115,2.359999895095825,2.200000047683716,2.25,126000,0.0,0.0
2026-03-02 00:00:00-05:00,2.2300000190734863,2.25,2.190000057220459,2.240000009536743,35600,0.0,0.0
2026-03-03 00:00:00-05:00,2.240000009536743,2.3299999237060547,2.190000057220459,2.299999952316284,88200,0.0,0.0
2026-03-04 00:00:00-05:00,2.3399999141693115,2.369999885559082,2.259999990463257,2.2799999713897705,157600,0.0,0.0
2026-03-05 00:00:00-05:00,2.2699999809265137,2.2899999618530273,2.2300000190734863,2.2699999809265137,98300,0.0,0.0
2026-03-06 00:00:00-05:00,2.2200000286102295,2.859999895095825,2.0199999809265137,2.680000066757202,678000,0.0,0.0
2026-03-09 00:00:00-04:00,2.619999885559082,2.690000057220459,2.440000057220459,2.640000104904175,176900,0.0,0.0
2026-03-10 00:00:00-04:00,2.5999999046325684,2.809999942779541,2.5799999237060547,2.700000047683716,166300,0.0,0.0
2026-03-11 00:00:00-04:00,2.690000057220459,2.9000000953674316,2.680000066757202,2.8399999141693115,109200,0.0,0.0
2026-03-12 00:00:00-04:00,2.7899999618530273,2.809999942779541,2.680000066757202,2.740000009536743,125800,0.0,0.0
2026-03-13 00:00:00-04:00,2.690000057220459,2.880000114440918,2.5899999141693115,2.609999895095825,105700,0.0,0.0
2026-03-16 00:00:00-04:00,2.6500000953674316,2.7200000286102295,2.5799999237060547,2.5799999237060547,77300,0.0,0.0
2026-03-17 00:00:00-04:00,2.5899999141693115,2.609999895095825,2.559999942779541,2.569999933242798,59500,0.0,0.0
2026-03-18 00:00:00-04:00,2.569999933242798,2.5899999141693115,2.4800000190734863,2.509999990463257,52100,0.0,0.0
2026-03-19 00:00:00-04:00,2.5,2.5199999809265137,2.4200000762939453,2.4700000286102295,88200,0.0,0.0
2026-03-20 00:00:00-04:00,2.440000057220459,2.440000057220459,2.259999990463257,2.319999933242798,166200,0.0,0.0
2026-03-23 00:00:00-04:00,2.319999933242798,2.4000000953674316,2.2300000190734863,2.319999933242798,108500,0.0,0.0
2026-03-24 00:00:00-04:00,2.309999942779541,2.3399999141693115,2.2200000286102295,2.2200000286102295,94200,0.0,0.0
2026-03-25 00:00:00-04:00,2.4100000858306885,2.490000009536743,2.2200000286102295,2.299999952316284,87700,0.0,0.0
2026-03-26 00:00:00-04:00,2.2799999713897705,2.299999952316284,2.240000009536743,2.2799999713897705,52000,0.0,0.0
2026-03-27 00:00:00-04:00,2.240000009536743,2.240000009536743,2.140000104904175,2.1500000953674316,140100,0.0,0.0
2026-03-30 00:00:00-04:00,2.190000057220459,2.259999990463257,2.130000114440918,2.1600000858306885,102000,0.0,0.0
2026-03-31 00:00:00-04:00,2.240000009536743,2.2799999713897705,2.1700000762939453,2.25,110000,0.0,0.0
2026-04-01 00:00:00-04:00,2.2899999618530273,2.4600000381469727,2.259999990463257,2.4100000858306885,193500,0.0,0.0
2026-04-02 00:00:00-04:00,2.4000000953674316,2.569999933242798,2.369999885559082,2.549999952316284,93200,0.0,0.0
2026-04-06 00:00:00-04:00,2.549999952316284,2.609999895095825,2.5,2.559999942779541,91200,0.0,0.0
2026-04-07 00:00:00-04:00,2.559999942779541,2.5899999141693115,2.5299999713897705,2.569999933242798,112600,0.0,0.0
2026-04-08 00:00:00-04:00,2.690000057220459,2.7300000190734863,2.5799999237060547,2.700000047683716,226800,0.0,0.0
2026-04-09 00:00:00-04:00,2.700000047683716,2.7300000190734863,2.5899999141693115,2.700000047683716,135200,0.0,0.0
2026-04-10 00:00:00-04:00,2.700000047683716,2.740000009536743,2.450000047683716,2.4800000190734863,146600,0.0,0.0
2026-04-13 00:00:00-04:00,2.4200000762939453,2.4800000190734863,2.3499999046325684,2.4800000190734863,126000,0.0,0.0
2026-04-14 00:00:00-04:00,2.4700000286102295,2.549999952316284,2.4700000286102295,2.490000009536743,54500,0.0,0.0
2026-04-15 00:00:00-04:00,2.5199999809265137,2.5399999618530273,2.4600000381469727,2.4600000381469727,76200,0.0,0.0
2026-04-16 00:00:00-04:00,2.450000047683716,2.450000047683716,2.359999895095825,2.390000104904175,69500,0.0,0.0
2026-04-17 00:00:00-04:00,2.430000066757202,2.630000114440918,2.4000000953674316,2.609999895095825,183300,0.0,0.0
2026-04-20 00:00:00-04:00,2.630000114440918,2.809999942779541,2.630000114440918,2.690000057220459,497000,0.0,0.0
2026-04-21 00:00:00-04:00,2.690000057220459,2.690000057220459,2.4600000381469727,2.4600000381469727,86400,0.0,0.0
2026-04-22 00:00:00-04:00,2.4700000286102295,2.5,2.359999895095825,2.390000104904175,119100,0.0,0.0
2026-04-23 00:00:00-04:00,2.430000066757202,2.490000009536743,2.4000000953674316,2.4700000286102295,91900,0.0,0.0
2026-04-24 00:00:00-04:00,2.4600000381469727,2.5199999809265137,2.380000114440918,2.490000009536743,57900,0.0,0.0
2026-04-27 00:00:00-04:00,2.5,2.5,2.390000104904175,2.4200000762939453,58100,0.0,0.0
2026-04-28 00:00:00-04:00,2.4200000762939453,2.440000057220459,2.359999895095825,2.4000000953674316,223000,0.0,0.0
2026-04-29 00:00:00-04:00,2.4100000858306885,2.440000057220459,2.369999885559082,2.4200000762939453,28800,0.0,0.0
2026-04-30 00:00:00-04:00,2.430000066757202,2.440000057220459,2.4000000953674316,2.4200000762939453,27300,0.0,0.0
2026-05-01 00:00:00-04:00,2.440000057220459,2.609999895095825,2.430000066757202,2.5399999618530273,153800,0.0,0.0
2026-05-04 00:00:00-04:00,2.559999942779541,2.569999933242798,2.3499999046325684,2.509999990463257,240200,0.0,0.0
2026-05-05 00:00:00-04:00,2.5399999618530273,2.5999999046325684,2.430000066757202,2.509999990463257,119600,0.0,0.0
2026-05-06 00:00:00-04:00,2.5199999809265137,2.609999895095825,2.5,2.5199999809265137,145700,0.0,0.0
2026-05-07 00:00:00-04:00,2.4700000286102295,2.6500000953674316,2.4700000286102295,2.559999942779541,197100,0.0,0.0
2026-05-08 00:00:00-04:00,2.630000114440918,3.0199999809265137,2.4700000286102295,2.9700000286102295,490500,0.0,0.0
2026-05-11 00:00:00-04:00,2.930000066757202,3.059999942779541,2.890000104904175,2.930000066757202,194600,0.0,0.0
2026-05-12 00:00:00-04:00,2.9100000858306885,3.015000104904175,2.799999952316284,2.8299999237060547,254658,0.0,0.0
