Date,Open,High,Low,Close,Volume,Dividends,Stock Splits
2022-01-03 00:00:00-05:00,99.51856247897051,100.16759218055002,97.36232299720302,97.816650390625,247500,0.0,0.0
2022-01-04 00:00:00-05:00,98.60990006957392,99.83585094313246,98.1844138749622,99.49691009521484,306600,0.0,0.0
2022-01-05 00:00:00-05:00,99.78537185262341,100.23249166257143,97.2974102965129,97.58587646484375,262400,0.0,0.0
2022-01-06 00:00:00-05:00,98.72527875422519,100.06661613133886,98.51615041757995,99.2445068359375,235600,0.0,0.0
2022-01-07 00:00:00-05:00,99.70603000855658,99.76372323352979,98.645940382871,99.32382202148438,263400,0.0,0.0
2022-01-10 00:00:00-05:00,99.83584698628242,99.9800745532451,96.85749876133508,98.4007568359375,255500,0.0,0.0
2022-01-11 00:00:00-05:00,98.23491106246611,98.63875271472484,95.82627620516601,98.1844253540039,271500,0.0,0.0
2022-01-12 00:00:00-05:00,98.35750589536111,99.31663532951471,97.77337700027249,98.63154602050781,188500,0.0,0.0
2022-01-13 00:00:00-05:00,98.9501548712695,99.98564343997054,97.9943303184923,98.16087341308594,218200,0.56,0.0
2022-01-14 00:00:00-05:00,97.20506368695737,98.24054136449871,96.6981750667123,98.16813659667969,170000,0.0,0.0
2022-01-18 00:00:00-05:00,98.33464813489763,98.33464813489763,95.62645876871109,95.81473541259766,204100,0.0,0.0
2022-01-19 00:00:00-05:00,96.80677014828572,96.80677014828572,94.37374747759675,94.54753875732422,246300,0.0,0.0
2022-01-20 00:00:00-05:00,94.90960498600406,96.43747455991571,93.48309985721147,93.64964294433594,254000,0.0,0.0
2022-01-21 00:00:00-05:00,93.59169966787432,94.27960550203511,91.57142169681724,91.91899871826172,282400,0.0,0.0
2022-01-24 00:00:00-05:00,91.3976546097222,93.5989559383128,88.85601334982685,93.41069030761719,346300,0.0,0.0
2022-01-25 00:00:00-05:00,92.23759221672748,92.8241280138233,90.17386947577552,92.24483489990234,425000,0.0,0.0
2022-01-26 00:00:00-05:00,92.54896469191036,94.31580378205553,90.6445477636899,92.07105255126953,256200,0.0,0.0
2022-01-27 00:00:00-05:00,92.84585288498371,94.91681836144316,89.94939829128364,90.84729766845703,359200,0.0,0.0
2022-01-28 00:00:00-05:00,90.97043154257477,93.54828090439419,90.17390732005873,93.4686279296875,350900,0.0,0.0
2022-01-31 00:00:00-05:00,92.66482366857483,94.54027534993389,92.65033830198477,94.3375244140625,270800,0.0,0.0
2022-02-01 00:00:00-05:00,94.13477760901019,95.17025485914236,93.1427454114573,95.10508728027344,244800,0.0,0.0
2022-02-02 00:00:00-05:00,94.98201035220136,96.82850284012721,94.98201035220136,96.46644592285156,242700,0.0,0.0
2022-02-03 00:00:00-05:00,96.5605724036457,97.3208829973115,95.39474883116618,95.74955749511719,288700,0.0,0.0
2022-02-04 00:00:00-05:00,95.30062301418663,96.84298903055245,95.00373368772271,95.68440246582031,229800,0.0,0.0
2022-02-07 00:00:00-05:00,95.63370841231178,95.80025148131875,94.59822000269683,94.96751403808594,236900,0.0,0.0
2022-02-08 00:00:00-05:00,95.41648220323334,96.8140165876163,94.32306325159885,96.58230590820312,422300,0.0,0.0
2022-02-09 00:00:00-05:00,97.29916013787614,97.57432689600323,96.18402983495389,96.2202377319336,218700,0.0,0.0
2022-02-10 00:00:00-05:00,96.49541550620769,101.17319621852438,96.49541550620769,99.0008544921875,421900,0.0,0.0
2022-02-11 00:00:00-05:00,99.00084746120878,101.79592739255479,98.2550110720634,98.8922348022461,471800,0.0,0.0
2022-02-14 00:00:00-05:00,98.32016561459471,99.59460185666715,96.25643697547657,98.34913635253906,447300,0.0,0.0
2022-02-15 00:00:00-05:00,99.59459410495508,101.54970994735794,99.31219020202329,100.91972351074219,439700,0.0,0.0
2022-02-16 00:00:00-05:00,100.3114717309354,102.26657654529916,100.3114717309354,102.0927963256836,301400,0.0,0.0
2022-02-17 00:00:00-05:00,101.36143621222837,101.49178242836312,98.13189518365948,98.20429992675781,388600,0.0,0.0
2022-02-18 00:00:00-05:00,97.76258107832061,98.73290177824224,97.3208713045727,97.50189971923828,338900,0.0,0.0
2022-02-22 00:00:00-05:00,97.19777143071317,97.84223213250827,96.13332348911604,96.85743713378906,255900,0.0,0.0
2022-02-23 00:00:00-05:00,97.61778532946077,98.46499719920601,96.49540666388192,96.55333709716797,275700,0.0,0.0
2022-02-24 00:00:00-05:00,93.94653518705267,94.92408225832195,92.23762052889256,94.58374786376953,352200,0.0,0.0
2022-02-25 00:00:00-05:00,95.32958104827607,99.30496994216071,95.32958104827607,99.25428771972656,243000,0.0,0.0
2022-02-28 00:00:00-05:00,95.8074787940654,98.32015413608306,95.76403374132008,98.03775024414062,351700,0.0,0.0
2022-03-01 00:00:00-05:00,97.4150275582554,97.84950025311497,94.39547437137024,94.84442138671875,372900,0.0,0.0
2022-03-02 00:00:00-05:00,95.94506646073505,101.05007031997495,95.94506646073505,100.3476791381836,563700,0.0,0.0
2022-03-03 00:00:00-05:00,100.72422737013082,101.10800677494309,99.36288998001997,100.3694076538086,222000,0.0,0.0
2022-03-04 00:00:00-05:00,98.3853259420602,100.0290671524968,97.55983675714066,99.6814956665039,285500,0.0,0.0
2022-03-07 00:00:00-05:00,99.28322418115044,100.26801919889506,97.46570287558322,97.50189971923828,368200,0.0,0.0
2022-03-08 00:00:00-05:00,98.37811042276546,101.46283151882844,98.18984479500226,98.71844482421875,522300,0.0,0.0
2022-03-09 00:00:00-05:00,101.08627890028568,102.09279652084393,99.33391398909079,99.56563568115234,279300,0.0,0.0
2022-03-10 00:00:00-05:00,98.18983248869074,99.12393439854038,97.48744124173197,98.9863510131836,316900,0.0,0.0
2022-03-11 00:00:00-05:00,99.85529330358376,101.20214547698502,98.69671779847424,98.72567749023438,262600,0.0,0.0
2022-03-14 00:00:00-04:00,99.7765847494464,101.37864865990899,99.33564376135104,100.70989227294922,327400,2.0,0.0
2022-03-15 00:00:00-04:00,101.38598964999963,102.74553693550428,100.9450487276993,102.37808990478516,399000,0.0,0.0
2022-03-16 00:00:00-04:00,102.88517871785504,104.4284608840607,101.39334452353371,103.68621063232422,432500,0.0,0.0
2022-03-17 00:00:00-04:00,103.07623643498627,104.35495613151964,102.89251292067021,104.03160095214844,309300,0.0,0.0
2022-03-18 00:00:00-04:00,104.03894893935153,104.05363874556163,102.17231190015546,103.17176818847656,504600,0.0,0.0
2022-03-21 00:00:00-04:00,104.05366782741399,105.27359489936063,103.70092174870982,104.88410186767578,263100,0.0,0.0
2022-03-22 00:00:00-04:00,105.50139205312539,107.0446741025036,105.30296751224105,106.19953918457031,411900,0.0,0.0
2022-03-23 00:00:00-04:00,106.37591848834201,107.79425868566156,105.84679385162337,106.32447052001953,357500,0.0,0.0
2022-03-24 00:00:00-04:00,106.48614165115417,108.73492682749419,106.44940592011818,108.08087158203125,367900,0.0,0.0
2022-03-25 00:00:00-04:00,107.97065334416081,109.79318780053353,106.97855291310749,109.78584289550781,225000,0.0,0.0
2022-03-28 00:00:00-04:00,109.78582385564053,109.81521468424167,108.66878173770756,109.56535339355469,176300,0.0,0.0
2022-03-29 00:00:00-04:00,110.8808382122105,110.9616770210978,109.61681931702479,110.39580535888672,277500,0.0,0.0
2022-03-30 00:00:00-04:00,110.62359842211357,110.78527600723812,108.15435401082146,108.55854797363281,269300,0.0,0.0
2022-03-31 00:00:00-04:00,108.50710815695474,109.53596661351847,106.82420562089828,107.01527404785156,322500,0.0,0.0
2022-04-01 00:00:00-04:00,107.64727521398248,109.05827041695368,106.42000351994389,108.92599487304688,331300,0.0,0.0
2022-04-04 00:00:00-04:00,108.81574739632332,108.81574739632332,105.11922068669848,105.70713806152344,329500,0.0,0.0
2022-04-05 00:00:00-04:00,105.93497995967024,106.9270914794533,105.34707365093337,106.0378646850586,428700,0.0,0.0
2022-04-06 00:00:00-04:00,105.82474247650232,108.1176083084767,105.82474247650232,107.02996826171875,438300,0.0,0.0
2022-04-07 00:00:00-04:00,106.57435180490772,107.94860026457657,105.92764137043075,107.45622253417969,228400,0.0,0.0
2022-04-08 00:00:00-04:00,108.0514643205932,108.25723374426313,106.76539981585987,107.35331726074219,294000,0.0,0.0
2022-04-11 00:00:00-04:00,108.24989716431368,109.54330667162918,107.03731523846155,107.4047622680664,226400,0.0,0.0
2022-04-12 00:00:00-04:00,107.41210789522962,108.44831110877965,106.89032823016787,107.08875274658203,276100,0.0,0.0
2022-04-13 00:00:00-04:00,106.94122546074419,108.37241059511527,106.41743279690839,108.33553314208984,146200,0.56,0.0
2022-04-14 00:00:00-04:00,108.39454143241265,109.16915931148019,108.1142120027639,108.2027359008789,162900,0.0,0.0
2022-04-18 00:00:00-04:00,107.76747969841882,109.0142438106288,107.72321774882504,108.26175689697266,146000,0.0,0.0
2022-04-19 00:00:00-04:00,108.34288763106292,108.44616924673812,106.10756953285178,107.72319793701172,322600,0.0,0.0
2022-04-20 00:00:00-04:00,108.7781736672726,110.0028069014708,108.0183134542489,109.90689849853516,222600,0.0,0.0
2022-04-21 00:00:00-04:00,111.16842865590608,112.3487887673292,108.74129298480752,109.02900695800781,248200,0.0,0.0
2022-04-22 00:00:00-04:00,108.74866023852368,109.11752482551533,106.35104042307795,106.44693756103516,258100,0.0,0.0
2022-04-25 00:00:00-04:00,105.82726807849437,106.32892986670089,102.95750149089355,106.06334686279297,190600,0.0,0.0
2022-04-26 00:00:00-04:00,105.08216328061353,105.84939679950585,102.83945990504073,102.98701477050781,437100,0.0,0.0
2022-04-27 00:00:00-04:00,103.48864505109073,105.27394825689053,102.1385993454672,103.81324768066406,314700,0.0,0.0
2022-04-28 00:00:00-04:00,104.75751831001283,105.39933893971981,102.69187485252965,105.2370376586914,243500,0.0,0.0
2022-04-29 00:00:00-04:00,104.41081238698366,105.36248935528126,101.83613343609541,102.16073608398438,333900,0.0,0.0
2022-05-02 00:00:00-04:00,102.6402669489015,103.83538464780545,100.33117095631646,102.29353332519531,407100,0.0,0.0
2022-05-03 00:00:00-04:00,103.04600899064341,105.06739104597017,101.9615574257073,104.54360961914062,300300,0.0,0.0
2022-05-04 00:00:00-04:00,104.23376458965326,107.59781954838141,103.65096341386571,107.54617309570312,278800,0.0,0.0
2022-05-05 00:00:00-04:00,109.52328032192229,110.87331483139049,108.1584768199049,109.5601577758789,419000,0.0,0.0
2022-05-06 00:00:00-04:00,109.53803022665488,111.03561962620422,108.5494757843931,109.99542999267578,304000,0.0,0.0
2022-05-09 00:00:00-04:00,109.17653083402313,109.61916152885371,106.03379774214902,106.38053131103516,401600,0.0,0.0
2022-05-10 00:00:00-04:00,107.22152869594105,107.70843253094436,104.15257339615482,105.43622589111328,554000,0.0,0.0
2022-05-11 00:00:00-04:00,105.4731399752869,107.5830458445563,104.59524046488806,105.42149353027344,594600,0.0,0.0
2022-05-12 00:00:00-04:00,105.49528680963766,105.99693731565162,102.9132343352759,104.67640686035156,485800,0.0,0.0
2022-05-13 00:00:00-04:00,106.1002356397338,106.83058045825011,104.8903487548057,106.28466796875,383300,0.0,0.0
2022-05-16 00:00:00-04:00,106.46169622051124,107.47976609163818,105.42149537452102,106.98548889160156,402800,0.0,0.0
2022-05-17 00:00:00-04:00,108.20273395724112,108.49783237374656,106.74940661940583,107.78223419189453,549900,0.0,0.0
2022-05-18 00:00:00-04:00,107.16252773810339,107.92977232544784,104.89032070151097,105.11902618408203,479100,0.0,0.0
2022-05-19 00:00:00-04:00,104.18890758081078,105.90845201795135,101.61739679026829,102.93051147460938,485300,8.0,0.0
2022-05-20 00:00:00-04:00,103.29786971213231,103.81373661897963,100.86705532842439,102.68038940429688,570000,0.0,0.0
2022-05-23 00:00:00-04:00,103.41511701683133,104.6969606561445,102.15672079138402,104.22017669677734,387300,0.0,0.0
2022-05-24 00:00:00-04:00,103.66523002419476,104.98615655197877,101.7580943457224,104.56407928466797,284300,0.0,0.0
2022-05-25 00:00:00-04:00,103.79810738549489,106.12730851070015,103.79810738549489,105.4160385131836,310800,0.0,0.0
2022-05-26 00:00:00-04:00,106.58844280059505,107.05741485115225,105.8537254870676,106.87764739990234,229000,0.0,0.0
2022-05-27 00:00:00-04:00,107.05741694384422,108.06569136786025,106.29925220561425,108.04224395751953,294400,0.0,0.0
2022-05-31 00:00:00-04:00,108.18292931768691,111.59075841511407,107.41694090312612,110.44178771972656,1105700,0.0,0.0
2022-06-01 00:00:00-04:00,109.9728373244208,110.48089242493772,106.37742825666488,108.98018646240234,387000,0.0,0.0
2022-06-02 00:00:00-04:00,108.6049979406545,110.1838577079739,106.82292332267183,110.136962890625,282200,0.0,0.0
2022-06-03 00:00:00-04:00,109.58986841959623,109.82434257396967,108.58939367962033,109.25376892089844,188100,0.0,0.0
2022-06-06 00:00:00-04:00,109.81652768404432,110.78573122545654,108.59721440945107,110.0431900024414,208800,0.0,0.0
2022-06-07 00:00:00-04:00,110.00410801976115,112.42709874332009,109.85559978988555,112.38801574707031,423300,0.0,0.0
2022-06-08 00:00:00-04:00,111.85654847702078,111.98942115079996,109.88688193476212,110.5356216430664,285200,0.0,0.0
2022-06-09 00:00:00-04:00,110.48871850779454,110.90297208506087,108.32364903266813,108.42526245117188,227600,0.0,0.0
2022-06-10 00:00:00-04:00,106.39303646396031,106.72131211857612,105.43165690926729,105.62705993652344,234200,0.0,0.0
2022-06-13 00:00:00-04:00,103.57925490662576,104.33741971540722,101.53142277681896,102.27396392822266,298000,0.0,0.0
2022-06-14 00:00:00-04:00,102.64135385454817,103.95445706114623,102.28180687571701,103.18065643310547,297500,0.0,0.0
2022-06-15 00:00:00-04:00,104.18893518465703,105.50203829043646,102.8367490736311,104.32180786132812,396700,0.0,0.0
2022-06-16 00:00:00-04:00,102.61004386643991,103.27441897597285,100.24957179334812,101.19532775878906,414000,0.0,0.0
2022-06-17 00:00:00-04:00,103.16499549578947,104.4233915773302,101.86751642012281,102.53970336914062,857600,0.0,0.0
2022-06-21 00:00:00-04:00,104.26706266590821,105.4238573084736,103.0086665473751,105.04086303710938,345200,0.0,0.0
2022-06-22 00:00:00-04:00,103.31350203141855,105.97880268048594,103.31350203141855,105.45512390136719,394200,0.0,0.0
2022-06-23 00:00:00-04:00,105.17373613404084,106.3148951981329,102.14107696974487,103.0086669921875,213100,0.0,0.0
2022-06-24 00:00:00-04:00,103.95445939861753,107.8937810334491,103.89192896930784,107.49516296386719,602100,0.0,0.0
2022-06-27 00:00:00-04:00,107.74524175841643,107.98753962142936,106.34614930369857,107.47948455810547,230600,0.0,0.0
2022-06-28 00:00:00-04:00,108.01099116731005,109.89467942016795,107.54201907958875,107.54984283447266,261100,0.0,0.0
2022-06-29 00:00:00-04:00,107.69835899993309,108.11262451216263,105.97881423851832,106.23674774169922,293600,0.0,0.0
2022-06-30 00:00:00-04:00,105.15809530075717,108.65190262808107,104.74384180793847,108.4955825805664,382300,0.0,0.0
2022-07-01 00:00:00-04:00,108.73009254287356,112.02068572522191,108.22986112486953,111.45792388916016,396200,0.0,0.0
2022-07-05 00:00:00-04:00,109.66021036852413,109.92595569373171,105.29881221214298,108.2298583984375,426300,0.0,0.0
2022-07-06 00:00:00-04:00,107.85468089485899,109.62112032275654,106.74479290814921,108.83950805664062,239300,0.0,0.0
2022-07-07 00:00:00-04:00,109.6758505893088,110.52780518778003,108.1282495504922,108.18296813964844,376100,0.0,0.0
2022-07-08 00:00:00-04:00,108.88641090080982,109.40227789677509,107.73743983091335,107.82341766357422,269400,0.0,0.0
2022-07-11 00:00:00-04:00,107.09649654801228,109.28501288005617,107.08867279384297,107.80775451660156,156900,0.0,0.0
2022-07-12 00:00:00-04:00,107.25284400671072,109.73836547124915,107.25284400671072,107.82341766357422,335700,0.0,0.0
2022-07-13 00:00:00-04:00,107.3857212930681,108.22986407013242,106.5415785160038,107.1746826171875,372100,0.0,0.0
2022-07-14 00:00:00-04:00,105.00069315181008,105.50297570582818,102.93663195618738,103.90979766845703,319600,0.56,0.0
2022-07-15 00:00:00-04:00,104.55338135019858,105.6835203910483,103.6116028079451,104.33363342285156,244800,0.0,0.0
2022-07-18 00:00:00-04:00,105.17336372955702,105.72274542855764,102.10473713917402,102.30094146728516,328000,0.0,0.0
2022-07-19 00:00:00-04:00,103.50958163051482,105.72277277219118,103.50958163051482,105.30680847167969,314300,0.0,0.0
2022-07-20 00:00:00-04:00,105.0164185157638,105.0164185157638,103.76856167468333,104.26300048828125,219000,0.0,0.0
2022-07-21 00:00:00-04:00,104.43567199055029,105.23617722991848,102.8503372644144,105.22048950195312,251600,0.0,0.0
2022-07-22 00:00:00-04:00,105.28325190800129,105.57364249611099,103.08577271635905,103.5252685546875,364700,0.0,0.0
2022-07-25 00:00:00-04:00,104.3650155025246,106.30351545719523,103.4781799752433,104.57691955566406,352500,0.0,0.0
2022-07-26 00:00:00-04:00,105.0399742348853,105.81694789253407,104.58477863523538,105.29896545410156,297200,0.0,0.0
2022-07-27 00:00:00-04:00,105.1576933859026,105.84048072846377,103.58805850158629,104.31008911132812,373000,0.0,0.0
2022-07-28 00:00:00-04:00,104.31008504269218,104.81236770706721,100.99815460793816,103.18778991699219,492600,0.0,0.0
2022-07-29 00:00:00-04:00,103.28983218716353,105.29896308147566,102.93666670541353,104.91439819335938,457400,0.0,0.0
2022-08-01 00:00:00-04:00,104.07465439579425,104.31794591698942,102.23032838775784,102.85818481445312,412000,0.0,0.0
2022-08-02 00:00:00-04:00,103.29766846787356,103.75286402385048,102.06551130415725,102.19892883300781,276500,0.0,0.0
2022-08-03 00:00:00-04:00,102.28525307822022,102.41867059904513,100.44877725043602,101.31993103027344,528200,0.0,0.0
2022-08-04 00:00:00-04:00,102.25388007793234,104.09036236757663,98.65157015945627,98.7457504272461,598800,0.0,0.0
2022-08-05 00:00:00-04:00,98.8870093129959,100.55081865344691,97.90598739520824,100.52727508544922,403900,0.0,0.0
2022-08-08 00:00:00-04:00,100.69207216182673,101.72802487534042,100.13484655334989,100.2290267944336,285000,0.0,0.0
2022-08-09 00:00:00-04:00,100.73916088964354,101.23359967858968,99.404973718667,100.2447280883789,390600,0.0,0.0
2022-08-10 00:00:00-04:00,100.68422725453995,102.4343788226892,100.68422725453995,101.68880462646484,342000,0.0,0.0
2022-08-11 00:00:00-04:00,102.49714906723688,104.33361876289263,102.27740117076672,104.21588897705078,307300,0.0,0.0
2022-08-12 00:00:00-04:00,104.498439265171,105.8797256491738,104.498439265171,105.76985168457031,198600,0.0,0.0
2022-08-15 00:00:00-04:00,104.9222327904725,105.44021511236494,104.23944553229941,105.10273742675781,214300,0.0,0.0
2022-08-16 00:00:00-04:00,104.780967989507,106.59390626403555,104.780967989507,105.98959350585938,211300,0.0,0.0
2022-08-17 00:00:00-04:00,105.39313005531524,107.04125148989745,105.38528619194892,106.98632049560547,264800,0.0,0.0
2022-08-18 00:00:00-04:00,107.59062517972215,108.46177305927455,107.22961584606368,107.96734619140625,316600,0.0,0.0
2022-08-19 00:00:00-04:00,106.89998693376616,107.26884010689027,105.82477891620346,106.02883911132812,410400,0.0,0.0
2022-08-22 00:00:00-04:00,104.78883657670319,104.78883657670319,102.58350130463754,102.74830627441406,227800,0.0,0.0
2022-08-23 00:00:00-04:00,102.9759015959511,103.5095717071029,101.95563652863669,102.92880249023438,230100,0.0,0.0
2022-08-24 00:00:00-04:00,102.79538205347468,103.38399511695714,101.7908167164937,103.17994689941406,307200,0.0,0.0
2022-08-25 00:00:00-04:00,103.95691599502139,104.89083862304688,103.43107780921352,104.89083862304688,173900,0.0,0.0
2022-08-26 00:00:00-04:00,104.8987160998113,104.8987160998113,103.06224591577993,103.36832427978516,291200,0.0,0.0
2022-08-29 00:00:00-04:00,102.54424290294452,103.28197316453394,101.48473463783408,102.71690368652344,207300,0.0,0.0
2022-08-30 00:00:00-04:00,102.86602455575687,103.03867337009773,101.77511685018743,101.93993377685547,267100,0.0,0.0
2022-08-31 00:00:00-04:00,101.98703081615704,102.33235242912143,100.1113174869774,100.20549774169922,327000,0.0,0.0
2022-09-01 00:00:00-04:00,100.06423332242684,101.3670332734966,99.88372265910806,100.8333511352539,388700,0.0,0.0
2022-09-02 00:00:00-04:00,101.68094471176386,102.34804432001404,99.21661845095622,99.84447479248047,359900,0.0,0.0
2022-09-06 00:00:00-04:00,100.31535159935036,100.66066715539971,98.25128416223683,99.02825164794922,351400,0.0,0.0
2022-09-07 00:00:00-04:00,99.17736030743629,101.77509756063941,99.0674863689366,101.33560180664062,313600,0.0,0.0
2022-09-08 00:00:00-04:00,100.70779327716575,103.98832487212611,100.70779327716575,103.36832427978516,430300,0.0,0.0
2022-09-09 00:00:00-04:00,103.63516373078228,104.70251611753311,103.31338564921518,103.54097747802734,286200,0.0,0.0
2022-09-12 00:00:00-04:00,104.0667824173442,105.61287351055856,103.63513049214389,104.68678283691406,243800,0.0,0.0
2022-09-13 00:00:00-04:00,103.24274214649608,104.07464676131204,101.57892094149977,101.93209838867188,277600,0.0,0.0
2022-09-14 00:00:00-04:00,102.37943737623551,102.9523507807652,101.46904622974702,102.63058471679688,389400,0.0,0.0
2022-09-15 00:00:00-04:00,102.1047537257712,104.6083112998603,101.8536063968172,102.75614166259766,356200,0.0,0.0
2022-09-16 00:00:00-04:00,101.9163939519916,102.07335504601936,100.60575025504579,100.95891571044922,903900,0.0,0.0
2022-09-19 00:00:00-04:00,100.07992996324913,102.48147570480242,100.07992996324913,102.16754150390625,203400,0.0,0.0
2022-09-20 00:00:00-04:00,101.40626278020308,101.59461129430545,99.51484994866976,100.29966735839844,260700,0.0,0.0
2022-09-21 00:00:00-04:00,100.91182295301611,102.86602259448416,98.6593948544515,98.69078826904297,356400,0.0,0.0
2022-09-22 00:00:00-04:00,98.5338262661801,98.99686565480863,97.15254597542656,97.97660064697266,258000,0.0,0.0
2022-09-23 00:00:00-04:00,97.16041032069128,97.43509525218522,95.77912982387294,96.85433197021484,323700,0.0,0.0
2022-09-26 00:00:00-04:00,96.03810619315844,96.83076744612002,93.40111928310435,94.22517395019531,323200,0.0,0.0
2022-09-27 00:00:00-04:00,95.04137816060248,95.79480208439135,93.47174348912208,95.47303009033203,281200,0.0,0.0
2022-09-28 00:00:00-04:00,96.01456535030245,97.63914324351961,95.33962784218903,96.91710662841797,306400,0.0,0.0
2022-09-29 00:00:00-04:00,96.51684723812654,96.99558034718723,95.23759103404916,96.7365951538086,219900,0.0,0.0
2022-09-30 00:00:00-04:00,97.30167612516817,98.32978513242543,96.32849811563126,96.47761535644531,448200,0.0,0.0
2022-10-03 00:00:00-04:00,97.53710124481235,99.1224356765246,96.3520253461318,98.75357055664062,274100,0.0,0.0
2022-10-04 00:00:00-04:00,99.50699581808941,102.37158043792572,99.10673727979258,102.35588073730469,233800,0.0,0.0
2022-10-05 00:00:00-04:00,100.94321451893823,102.2617140351164,100.94321451893823,101.46119689941406,295700,0.0,0.0
2022-10-06 00:00:00-04:00,101.04525078507379,101.39841625682253,100.43309410727882,101.03740692138672,231400,0.0,0.0
2022-10-07 00:00:00-04:00,100.80196916713892,100.911843146355,99.00473623898623,99.69537353515625,213600,0.0,0.0
2022-10-10 00:00:00-04:00,100.20547180341828,101.06876962468148,99.3264742832575,100.12699127197266,244200,0.0,0.0
2022-10-11 00:00:00-04:00,99.899404044259,101.3670146861086,99.09104310877314,99.4991455078125,524800,0.0,0.0
2022-10-12 00:00:00-04:00,99.45991425202193,99.601181627102,98.11002733185288,98.19635772705078,387800,0.0,0.0
2022-10-13 00:00:00-04:00,96.85541203938982,103.37869509547194,96.37425021823692,102.92119598388672,435600,0.63,0.0
2022-10-14 00:00:00-04:00,103.49703189131165,104.11228647865511,100.68104878803639,101.20165252685547,301900,0.0,0.0
2022-10-17 00:00:00-04:00,102.55836065751267,103.63111429931834,102.45581422449777,103.4496841430664,322500,0.0,0.0
2022-10-18 00:00:00-04:00,104.90893827705167,105.69772728665356,102.64511767100308,104.1043701171875,482200,0.0,0.0
2022-10-19 00:00:00-04:00,103.65478247467416,105.09826802706763,102.70034233143137,103.70999145507812,312100,0.0,0.0
2022-10-20 00:00:00-04:00,102.27439847420433,102.70823489012868,99.87647886742394,100.51539611816406,260000,0.0,0.0
2022-10-21 00:00:00-04:00,100.98077887657226,102.881751364691,100.37340793002933,102.30593872070312,321700,0.0,0.0
2022-10-24 00:00:00-04:00,103.02374507649448,105.20869425874108,103.02374507649448,104.80640411376953,331600,0.0,0.0
2022-10-25 00:00:00-04:00,103.98606631856147,105.12192452451718,102.98430081248021,105.11402893066406,394200,0.0,0.0
2022-10-26 00:00:00-04:00,106.13948168213754,107.0781428342109,105.74508704923068,106.62064361572266,456300,0.0,0.0
2022-10-27 00:00:00-04:00,107.22009880663806,108.77401432870239,106.67584442657652,107.38574981689453,423200,0.0,0.0
2022-10-28 00:00:00-04:00,108.33229924622918,113.54619602234847,107.65394009407562,113.39632415771484,481100,0.0,0.0
2022-10-31 00:00:00-04:00,112.40246417717735,114.68994810744834,111.95284854320383,114.4612045288086,509100,0.0,0.0
2022-11-01 00:00:00-04:00,115.15532882953417,115.762687790615,114.19300513300496,114.49273681640625,447700,0.0,0.0
2022-11-02 00:00:00-04:00,113.80649062526359,113.80649062526359,110.49357880546637,110.9589614868164,688900,0.0,0.0
2022-11-03 00:00:00-04:00,110.87219604117291,116.77233524930811,110.43047606267689,114.80825805664062,559300,0.0,0.0
2022-11-04 00:00:00-04:00,115.50237629009057,116.63035090470567,114.0983327260274,115.15531921386719,384400,0.0,0.0
2022-11-07 00:00:00-05:00,115.88099945486331,116.84332303574342,114.71358302286635,116.7959976196289,324900,0.0,0.0
2022-11-08 00:00:00-05:00,116.83545953796119,117.96343442107045,115.3052064714043,116.7802505493164,324200,0.0,0.0
2022-11-09 00:00:00-05:00,115.84947345518549,116.78025103016829,114.5006505759745,115.06068420410156,261200,0.0,0.0
2022-11-10 00:00:00-05:00,117.22193357012084,119.0913596454015,116.40948186439336,117.2613754272461,428600,0.0,0.0
2022-11-11 00:00:00-05:00,118.15273348667172,118.26316349745242,111.76354794412815,111.82665252685547,609400,0.0,0.0
2022-11-14 00:00:00-05:00,112.30667545943749,112.86673848207327,111.33058166503906,111.33058166503906,337800,2.0,0.0
2022-11-15 00:00:00-05:00,112.01064186404412,112.08264577527656,109.62641876266012,110.93053436279297,591200,0.0,0.0
2022-11-16 00:00:00-05:00,110.89855220733874,112.85873627252924,110.17048000340738,112.16267395019531,427500,0.0,0.0
2022-11-17 00:00:00-05:00,111.042545707034,112.86673026848777,110.97855036849079,112.18666076660156,283300,0.0,0.0
2022-11-18 00:00:00-05:00,113.49079976968252,114.63490273377242,111.85064132157854,113.72281646728516,399900,0.0,0.0
2022-11-21 00:00:00-05:00,113.99485166288898,115.21097088496902,113.60282214464942,113.8348388671875,431000,0.0,0.0
2022-11-22 00:00:00-05:00,114.59488053550379,115.59497552218427,113.9148232694755,114.22685241699219,379700,0.0,0.0
2022-11-23 00:00:00-05:00,114.22686532036829,115.21095548013396,113.922832503452,113.97884368896484,463700,0.0,0.0
2022-11-25 00:00:00-05:00,114.60290455607749,115.70700126862532,114.09885270822784,114.78691864013672,242400,0.0,0.0
2022-11-28 00:00:00-05:00,113.89083149281474,114.96293047824584,112.5066911255756,113.00274658203125,468600,0.0,0.0
2022-11-29 00:00:00-05:00,112.50668622059607,113.14674947934265,111.69061746868063,111.97864532470703,466800,0.0,0.0
2022-11-30 00:00:00-05:00,111.60261520892642,115.26696506826043,110.66652767360583,113.78681945800781,2539300,0.0,0.0
2022-12-01 00:00:00-05:00,114.43488988076331,114.65891022439085,112.97875764718424,113.8828353881836,453100,0.0,0.0
2022-12-02 00:00:00-05:00,112.8587281804712,114.27486623889534,112.8587281804712,113.40278625488281,408000,0.0,0.0
2022-12-05 00:00:00-05:00,112.13066587918154,112.18667706878506,109.21039285819207,109.70643615722656,336700,0.0,0.0
2022-12-06 00:00:00-05:00,110.05047025180515,111.25858077065703,109.12237904368706,111.21857452392578,413400,0.0,0.0
2022-12-07 00:00:00-05:00,110.69852050655801,111.76262309631872,110.0184509946641,110.22647857666016,323100,0.0,0.0
2022-12-08 00:00:00-05:00,110.5065002872286,111.47459768080341,109.97845937165224,110.65052032470703,331000,0.0,0.0
2022-12-09 00:00:00-05:00,110.37050140868902,111.04256243837672,108.77034912379844,108.7863540649414,270200,0.0,0.0
2022-12-12 00:00:00-05:00,108.65032375887091,109.44239118939937,108.03426181764468,109.40239715576172,302000,0.0,0.0
2022-12-13 00:00:00-05:00,110.9545287274032,110.9545287274032,108.17827636636513,108.91434478759766,427200,0.0,0.0
2022-12-14 00:00:00-05:00,108.89036541455425,109.63443035031669,107.57023248437326,108.0102767944336,294900,0.0,0.0
2022-12-15 00:00:00-05:00,107.01018507768451,107.51423695887786,105.85007710165854,106.09809875488281,503500,0.0,0.0
2022-12-16 00:00:00-05:00,105.02597234452725,106.25808392383702,104.3779127846949,105.842041015625,675200,0.0,0.0
2022-12-19 00:00:00-05:00,105.81006320823806,107.21019636978374,105.06599830232038,105.95407104492188,345800,0.0,0.0
2022-12-20 00:00:00-05:00,106.57013497256698,108.24229110563147,106.24210083884833,107.58623504638672,373100,0.0,0.0
2022-12-21 00:00:00-05:00,108.47429248435328,110.09044922805663,107.6822129447733,109.48238372802734,346500,0.0,0.0
2022-12-22 00:00:00-05:00,109.13037790930214,109.24238807779966,107.61823453048927,108.89836120605469,259600,0.0,0.0
2022-12-23 00:00:00-05:00,108.96238187034542,110.26651000976562,108.37832965063824,110.26651000976562,145400,0.0,0.0
2022-12-27 00:00:00-05:00,110.33847823620575,111.23455940204506,109.96244155950025,110.69051361083984,160100,0.0,0.0
2022-12-28 00:00:00-05:00,110.72250362990052,110.94652390588719,109.08234558856346,109.09835052490234,169100,0.0,0.0
2022-12-29 00:00:00-05:00,109.53842101026807,110.93855417541691,109.29039937432391,110.1064682006836,189700,0.0,0.0
2022-12-30 00:00:00-05:00,109.8184524555108,110.09048763588835,109.00238353895922,109.83445739746094,182400,0.0,0.0
2023-01-03 00:00:00-05:00,110.00245113410718,111.01853884110955,108.82633846419013,109.514404296875,323100,0.0,0.0
2023-01-04 00:00:00-05:00,109.85844619610882,111.80263744716606,109.85844619610882,111.6666259765625,359000,0.0,0.0
2023-01-05 00:00:00-05:00,111.33057222160346,111.33057222160346,109.77843501271491,110.5145034790039,250600,0.0,0.0
2023-01-06 00:00:00-05:00,111.25855562686638,113.41875817204333,111.25855562686638,112.94671630859375,243900,0.0,0.0
2023-01-09 00:00:00-05:00,112.5307174269314,113.46681736390683,111.48261951372014,111.9866714477539,298800,0.0,0.0
2023-01-10 00:00:00-05:00,112.77072220474845,112.82673339086199,111.29058876630224,112.79472351074219,284700,0.0,0.0
2023-01-11 00:00:00-05:00,113.00273883632472,113.33876929194064,112.13865528980197,112.68270111083984,378800,0.0,0.0
2023-01-12 00:00:00-05:00,113.34170821779543,114.34629686204524,112.0156561126037,113.4944076538086,252500,0.63,0.0
2023-01-13 00:00:00-05:00,113.14885287854852,115.04551723388559,112.93990279966455,115.02140808105469,204000,0.0,0.0
2023-01-17 00:00:00-05:00,114.72404251337922,114.90085112561698,112.87559664374163,113.14884185791016,305400,0.0,0.0
2023-01-18 00:00:00-05:00,113.3497401728606,113.75962018683605,111.91920692877581,111.99154663085938,293900,0.0,0.0
2023-01-19 00:00:00-05:00,110.97892845599233,111.26825051435897,109.50017671902802,110.35206604003906,315700,0.0,0.0
2023-01-20 00:00:00-05:00,110.4324148229219,110.56100510249644,108.46342368623233,109.82161712646484,298500,0.0,0.0
2023-01-23 00:00:00-05:00,110.15920616293599,111.5254446125686,109.5805619762366,110.65747833251953,209000,0.0,0.0
2023-01-24 00:00:00-05:00,110.52084344535137,111.58168282784168,109.92612246863699,111.07537841796875,285100,0.0,0.0
2023-01-25 00:00:00-05:00,111.07537444894257,112.02370034390297,111.0432207415952,111.57364654541016,251000,0.0,0.0
2023-01-26 00:00:00-05:00,111.94333837487497,114.14540152983685,111.74242060660264,114.09718322753906,438600,0.0,0.0
2023-01-27 00:00:00-05:00,113.83998010209632,114.09716068092649,112.4416005596034,112.6746597290039,250900,0.0,0.0
2023-01-30 00:00:00-05:00,112.89169369827378,114.1454187998926,112.66666674480626,113.10868835449219,277000,0.0,0.0
2023-01-31 00:00:00-05:00,113.36581299467268,114.62758216947873,112.24067866169777,114.59542846679688,292500,0.0,0.0
2023-02-01 00:00:00-05:00,113.56674831007113,113.9926929637613,109.15460231938502,110.92267608642578,607700,0.0,0.0
2023-02-02 00:00:00-05:00,114.26593158055265,114.83654335976046,107.02486062194765,108.31877136230469,701400,0.0,0.0
2023-02-03 00:00:00-05:00,108.0937451168769,108.82508864035255,105.71487365759806,108.5357666015625,426100,0.0,0.0
2023-02-06 00:00:00-05:00,108.59204435257546,110.19135439242649,107.36242844593856,109.78148651123047,423100,0.0,0.0
2023-02-07 00:00:00-05:00,109.25103321486223,111.54148811295951,108.91349288029144,111.17180633544922,339500,0.0,0.0
2023-02-08 00:00:00-05:00,110.68962870177036,111.228086923305,109.95829724449143,110.271728515625,366500,0.0,0.0
2023-02-09 00:00:00-05:00,110.41634545711808,111.4209340911857,108.77686220205946,109.13851165771484,271900,0.0,0.0
2023-02-10 00:00:00-05:00,109.13850939810568,110.52885660521689,109.13850939810568,110.46456146240234,280200,0.0,0.0
2023-02-13 00:00:00-05:00,110.9306938286596,111.95135930975344,110.60923037247868,111.55755615234375,401800,0.0,0.0
2023-02-14 00:00:00-05:00,111.42517084190582,111.57413048372962,108.78540193794385,108.81022644042969,356200,4.0,0.0
2023-02-15 00:00:00-05:00,108.47920028123546,109.79494927812985,108.47920028123546,109.29844665527344,365900,0.0,0.0
2023-02-16 00:00:00-05:00,108.20612133739772,109.62945162652636,108.20612133739772,108.5785140991211,303600,0.0,0.0
2023-02-17 00:00:00-05:00,108.84331921445944,110.8376383837551,108.42956067943088,110.72178649902344,751700,0.0,0.0
2023-02-21 00:00:00-05:00,110.31628638615595,110.5066117556815,108.34679193666882,109.3646469116211,296300,0.0,0.0
2023-02-22 00:00:00-05:00,108.63643978581582,110.11770241008976,108.63643978581582,109.00054931640625,322800,0.0,0.0
2023-02-23 00:00:00-05:00,109.38120838789963,110.29148228337284,107.46137520868707,107.70963287353516,292400,0.0,0.0
2023-02-24 00:00:00-05:00,107.73444437898011,110.21699547411818,107.18828010759186,110.01838684082031,501700,0.0,0.0
2023-02-27 00:00:00-05:00,110.48178718290077,111.83064389759983,109.83632495023784,110.13423156738281,483700,0.0,0.0
2023-02-28 00:00:00-05:00,110.21701063149176,111.30932669757902,110.20045675304678,110.97832489013672,538600,0.0,0.0
2023-03-01 00:00:00-05:00,110.74659512325684,113.0470912380413,110.68039225191475,112.98088836669922,754600,0.0,0.0
2023-03-02 00:00:00-05:00,112.54231812668539,112.54231812668539,110.9203791625495,111.31759643554688,442000,0.0,0.0
2023-03-03 00:00:00-05:00,110.96175527070957,111.21001290452838,109.41430246872791,109.90253448486328,387200,0.0,0.0
2023-03-06 00:00:00-05:00,110.19213907824304,110.54796523796999,108.5867544810932,109.14945983886719,459300,0.0,0.0
2023-03-07 00:00:00-05:00,109.14947843844487,109.38946542014071,106.08766831098258,106.17869567871094,332200,0.0,0.0
2023-03-08 00:00:00-05:00,106.26145676568532,106.57590462685683,104.34161134128021,105.2684326171875,241100,0.0,0.0
2023-03-09 00:00:00-05:00,105.19396672777914,105.19396672777914,102.30592775833742,102.90174102783203,418900,0.0,0.0
2023-03-10 00:00:00-05:00,102.05766728758621,103.08378654112573,100.91568985229635,101.14739990234375,446300,0.0,0.0
2023-03-13 00:00:00-04:00,99.24410753956825,99.83992075056011,96.5712250273279,97.48149871826172,440000,0.0,0.0
2023-03-14 00:00:00-04:00,99.46754156519214,99.98888131942199,98.23454299439882,99.09516143798828,389900,0.0,0.0
2023-03-15 00:00:00-04:00,97.17532092626975,97.67182986032806,94.21280857043831,95.95886993408203,495700,0.0,0.0
2023-03-16 00:00:00-04:00,95.61130826182527,100.09644857343415,94.8086158177184,99.3185806274414,539600,0.0,0.0
2023-03-17 00:00:00-04:00,98.72277571059192,98.72277571059192,95.84301391603763,96.22367095947266,847200,0.0,0.0
2023-03-20 00:00:00-04:00,97.16704073705306,99.72407144774046,97.16704073705306,99.02068328857422,400900,0.0,0.0
2023-03-21 00:00:00-04:00,100.93224586842226,101.80941183655501,100.51021044584085,101.18877410888672,347300,0.0,0.0
2023-03-22 00:00:00-04:00,101.01497999960239,101.66044212205153,98.09384657631449,98.16004943847656,229900,0.0,0.0
2023-03-23 00:00:00-04:00,98.16833030080812,98.27591154140607,95.82646220698633,96.26504516601562,323400,0.0,0.0
2023-03-24 00:00:00-04:00,95.19756913595184,97.82079686063348,94.44452553504613,97.66356658935547,353200,0.0,0.0
2023-03-27 00:00:00-04:00,98.88828000141788,99.66614798993501,97.88698520420623,98.31729125976562,270800,0.0,0.0
2023-03-28 00:00:00-04:00,98.01938474119626,98.8551786671671,97.56425418569206,97.99456024169922,314800,0.0,0.0
2023-03-29 00:00:00-04:00,99.31857964690919,99.35168108188562,98.23453448360709,99.08687591552734,342700,0.0,0.0
2023-03-30 00:00:00-04:00,99.60821502537723,99.7985403835303,98.73931972446918,99.07032775878906,226800,0.0,0.0
2023-03-31 00:00:00-04:00,99.91439740642485,100.78329275218806,99.40961154855532,100.5433120727539,396100,0.0,0.0
2023-04-03 00:00:00-04:00,100.78329256124373,101.78458733760084,100.2123038314838,101.18877410888672,307100,0.0,0.0
2023-04-04 00:00:00-04:00,102.2810857321752,102.2810857321752,99.0537686177049,100.2950439453125,436900,0.0,0.0
2023-04-05 00:00:00-04:00,99.64132466878294,100.66744397760029,99.55029729400965,100.36953735351562,311600,0.0,0.0
2023-04-06 00:00:00-04:00,100.94881129917736,101.89218030714565,100.27024751601677,100.89916229248047,215100,0.0,0.0
2023-04-10 00:00:00-04:00,100.87432658657733,101.5777147949719,100.6260689537539,100.95707702636719,230600,0.0,0.0
2023-04-11 00:00:00-04:00,101.30462645107691,101.82596618535462,100.8329420283921,101.0811996459961,317000,0.0,0.0
2023-04-12 00:00:00-04:00,101.08120834383698,101.78459656963553,100.69227432240199,101.21360778808594,299100,0.0,0.0
2023-04-13 00:00:00-04:00,100.47329184709751,101.52967683258055,99.9492592498149,101.14704895019531,317200,0.63,0.0
2023-04-14 00:00:00-04:00,101.25519567189852,101.25519567189852,99.08419332886876,99.84944915771484,214000,0.0,0.0
2023-04-17 00:00:00-04:00,99.74962840027565,100.82265303273591,99.05923167342935,100.7644271850586,290900,0.0,0.0
2023-04-18 00:00:00-04:00,101.0472410884301,102.52784662694202,100.50656888659991,102.43634796142578,388000,0.0,0.0
2023-04-19 00:00:00-04:00,103.14339394569295,103.55929472773204,102.10364199059524,103.06853485107422,270800,0.0,0.0
2023-04-20 00:00:00-04:00,103.06853730692373,103.2016222603533,101.59624494958487,102.3365478515625,286300,0.0,0.0
2023-04-21 00:00:00-04:00,102.04539912030131,102.04539912030131,98.77641926468544,100.52320098876953,373200,0.0,0.0
2023-04-24 00:00:00-04:00,100.62302560295872,101.24687671018103,100.04908055354888,100.14057922363281,194400,0.0,0.0
2023-04-25 00:00:00-04:00,99.64150897559917,100.53985617753787,99.4335585869731,99.6747817993164,254600,0.0,0.0
2023-04-26 00:00:00-04:00,99.2921521671729,100.6646196319885,99.05092895890766,99.6165542602539,411600,0.0,0.0
2023-04-27 00:00:00-04:00,99.30879159466998,101.58792618059849,99.30047180182729,101.0389404296875,266000,0.0,0.0
2023-04-28 00:00:00-04:00,101.03060655702463,102.11195101474796,101.03060655702463,102.08699798583984,361800,0.0,0.0
2023-05-01 00:00:00-04:00,101.92062968558947,102.92710866899805,101.87904342116911,102.38643646240234,260200,0.0,0.0
2023-05-02 00:00:00-04:00,101.7792430808336,101.87074176344365,99.15074700974952,100.82266998291016,561500,0.0,0.0
2023-05-03 00:00:00-04:00,99.30045662426714,99.40027508469537,94.3928330568314,96.42242431640625,748800,0.0,0.0
2023-05-04 00:00:00-04:00,95.92337159378863,96.38086506630943,94.35126689169837,95.3660659790039,397500,0.0,0.0
2023-05-05 00:00:00-04:00,96.97973184950763,98.05275652403371,96.08970451661042,96.35588073730469,188900,0.0,0.0
2023-05-08 00:00:00-04:00,96.50562546242675,97.13779649872961,96.2727220138265,96.33094787597656,313700,0.0,0.0
2023-05-09 00:00:00-04:00,96.05643340213507,97.32076880282685,95.65716591730845,96.41410827636719,346000,0.0,0.0
2023-05-10 00:00:00-04:00,96.77178572903611,96.98805590101816,95.42427132902495,96.05644226074219,220000,0.0,0.0
2023-05-11 00:00:00-04:00,95.16642168996825,96.66366072433223,95.03333039119326,96.48898315429688,236300,0.0,0.0
2023-05-12 00:00:00-04:00,97.07955279922511,97.57031898672508,95.86512336456033,96.52224731445312,181300,0.0,0.0
2023-05-15 00:00:00-04:00,96.81338157054715,97.93631239003443,96.22280323357447,97.76163482666016,291400,0.0,0.0
2023-05-16 00:00:00-04:00,96.9714081138747,97.65348500365968,96.0231550316405,96.3475570678711,325100,0.0,0.0
2023-05-17 00:00:00-04:00,96.95476705711069,97.16271740261489,96.12296567509391,96.14791870117188,245600,0.0,0.0
2023-05-18 00:00:00-04:00,96.03148101615798,98.069398506899,95.32445100759143,97.92799377441406,255400,0.0,0.0
2023-05-19 00:00:00-04:00,98.60175144096793,98.97605958081171,97.23759747663071,97.4621810913086,191900,0.0,0.0
2023-05-22 00:00:00-04:00,97.29582393191785,97.62022601409954,95.831851493007,97.01300811767578,289700,0.0,0.0
2023-05-23 00:00:00-04:00,97.06291786335419,97.27918168145303,96.17289052322549,96.46401977539062,389400,0.0,0.0
2023-05-24 00:00:00-04:00,96.10634407513503,96.10634407513503,94.17656488906769,94.22647094726562,321100,0.0,0.0
2023-05-25 00:00:00-04:00,93.77730021663234,94.76714604172386,92.7874607376827,94.26806640625,284700,0.0,0.0
2023-05-26 00:00:00-04:00,94.14330177201147,95.57400148514336,93.85217249227935,94.70060729980469,418200,0.0,0.0
2023-05-30 00:00:00-04:00,94.25143677569277,95.83186107671257,93.86048901034053,95.68213653564453,318800,0.0,0.0
2023-05-31 00:00:00-04:00,95.3244593640935,95.52408996546332,93.12850371059842,93.38636016845703,1050800,0.0,0.0
2023-06-01 00:00:00-04:00,93.76066861277913,94.45937884539084,93.386354120044,93.7856216430664,307000,0.0,0.0
2023-06-02 00:00:00-04:00,94.31798430022651,97.12115801796853,94.12667348325928,97.03797912597656,292700,0.0,0.0
2023-06-05 00:00:00-04:00,96.36419651911004,96.85496267361475,95.47416922324899,95.62389373779297,259500,0.0,0.0
2023-06-06 00:00:00-04:00,95.90672842568642,97.20433690996047,95.87345559966111,97.03797912597656,197300,0.0,0.0
2023-06-07 00:00:00-04:00,97.19601415018629,98.56848803766069,96.2810336739175,98.06108856201172,299900,0.0,0.0
2023-06-08 00:00:00-04:00,97.88641736354634,97.94464322456874,96.94648379385832,97.15443420410156,313900,0.0,0.0
2023-06-09 00:00:00-04:00,96.63039230220237,97.27919654793442,96.28103714621476,96.5721664428711,331600,0.0,0.0
2023-06-12 00:00:00-04:00,96.48898185735497,97.03797393820894,95.69045311386566,96.30598449707031,315900,0.0,0.0
2023-06-13 00:00:00-04:00,96.48065845141366,97.65350166414477,96.15625635983743,96.51393127441406,329400,0.0,0.0
2023-06-14 00:00:00-04:00,96.4889697563202,96.98804936514183,94.8336866210409,95.15808868408203,312400,0.0,0.0
2023-06-15 00:00:00-04:00,95.21633095488784,96.13131145322684,94.92520166170851,95.8651351928711,374800,0.0,0.0
2023-06-16 00:00:00-04:00,96.23943989104536,97.08788105316594,95.63222829386059,96.81338500976562,805100,0.0,0.0
2023-06-20 00:00:00-04:00,96.38914077727459,96.51391225239922,95.17471153475253,95.99819946289062,364000,0.0,0.0
2023-06-21 00:00:00-04:00,95.78195064609999,96.9714271275525,95.18305250912498,96.6802978515625,450900,0.0,0.0
2023-06-22 00:00:00-04:00,96.9464693701285,97.5287278937238,95.92335071164881,97.44554901123047,316500,0.0,0.0
2023-06-23 00:00:00-04:00,96.78010751227514,97.47050431071364,96.33925371326855,96.51393127441406,722600,0.0,0.0
2023-06-26 00:00:00-04:00,96.63869312193779,97.94462115009338,96.48064881500676,97.64517211914062,393600,0.0,0.0
2023-06-27 00:00:00-04:00,97.61190078060908,98.32725054916841,96.84664495484752,98.02780151367188,284600,0.0,0.0
2023-06-28 00:00:00-04:00,97.55368399865179,97.645182676121,96.12298432856117,96.80506134033203,353800,0.0,0.0
2023-06-29 00:00:00-04:00,96.87159211786725,98.26069895911249,96.78009345444237,98.08602142333984,369200,0.0,0.0
2023-06-30 00:00:00-04:00,98.57679763937858,99.30046088356328,98.26902879946326,98.77642822265625,357000,0.0,0.0
2023-07-03 00:00:00-04:00,98.71819652629225,100.148896038377,98.55183877443463,99.37532043457031,222200,0.0,0.0
2023-07-05 00:00:00-04:00,98.3688527484164,98.3688527484164,96.52225229825669,97.76163482666016,403200,0.0,0.0
2023-07-06 00:00:00-04:00,97.29582475863478,97.86145004578312,96.84665117653388,97.66181945800781,352200,0.0,0.0
2023-07-07 00:00:00-04:00,97.2459117576286,100.04907861695759,97.2459117576286,99.34204864501953,562300,0.0,0.0
2023-07-10 00:00:00-04:00,99.27552729809032,100.11564875538735,97.85314721463281,97.9030532836914,267400,0.0,0.0
2023-07-11 00:00:00-04:00,97.7949099826422,98.68493740552563,97.7949099826422,97.91136169433594,199500,0.0,0.0
2023-07-12 00:00:00-04:00,98.65165215744261,98.91782837152726,97.50376842410411,97.61190032958984,215800,0.0,0.0
2023-07-13 00:00:00-04:00,96.80906697888311,97.84606623624374,96.68362202814221,97.79589080810547,281200,0.63,0.0
2023-07-14 00:00:00-04:00,98.08021665257776,98.08021665257776,95.52116799443424,95.96440124511719,318300,0.0,0.0
2023-07-17 00:00:00-04:00,96.0814924579236,97.88788445611824,95.45427407750523,97.16030883789062,200700,0.0,0.0
2023-07-18 00:00:00-04:00,96.99304357247864,98.74088889063648,96.99304357247864,98.17221069335938,338600,0.0,0.0
2023-07-19 00:00:00-04:00,98.3311273123697,99.15905386846187,97.88789396800114,98.77436065673828,303500,0.0,0.0
2023-07-20 00:00:00-04:00,99.51864516072725,100.50546895619227,99.01687175532359,100.15422821044922,289200,0.0,0.0
2023-07-21 00:00:00-04:00,100.97380950275834,100.97380950275834,99.844817526887,100.49712371826172,248000,0.0,0.0
2023-07-24 00:00:00-04:00,100.24621697939179,101.18285893284865,100.11240734010094,100.69781494140625,215800,0.0,0.0
2023-07-25 00:00:00-04:00,100.51383345535338,101.1745042169802,99.76117015853835,101.02397155761719,285200,0.0,0.0
2023-07-26 00:00:00-04:00,101.53411901818738,103.39904484621175,100.97379905756173,102.57948303222656,400800,0.0,0.0
2023-07-27 00:00:00-04:00,102.86380857427717,103.28195413758723,102.27004264002427,102.32858276367188,375900,0.0,0.0
2023-07-28 00:00:00-04:00,103.08960388086003,103.18159641478238,102.00242924966074,102.05260467529297,302000,0.0,0.0
2023-07-31 00:00:00-04:00,102.13623118059748,102.88052975961983,101.54246525690519,101.70136260986328,316800,0.0,0.0
2023-08-01 00:00:00-04:00,101.79333899542186,102.45400963454843,101.4002812143876,102.07767486572266,214500,0.0,0.0
2023-08-02 00:00:00-04:00,101.78500337691175,103.18160817967376,101.47557332930998,102.65474700927734,433300,0.0,0.0
2023-08-03 00:00:00-04:00,95.35391897749427,96.64180817980807,91.98366649201638,94.29183197021484,1233600,0.0,0.0
2023-08-04 00:00:00-04:00,94.30855750826348,95.27029368159349,92.90358801184634,93.23810577392578,575600,0.0,0.0
2023-08-07 00:00:00-04:00,94.08275952544777,96.24039234185962,94.08275952544777,95.17829895019531,348600,0.0,0.0
2023-08-08 00:00:00-04:00,94.25838374251502,94.97759471055488,93.64789471779945,94.79360961914062,348800,0.0,0.0
2023-08-09 00:00:00-04:00,94.74341425271204,95.17828279332399,94.08274355454834,94.33363342285156,232200,0.0,0.0
2023-08-10 00:00:00-04:00,94.5176183584799,94.82704836583935,93.4889838671407,93.82350158691406,387100,0.0,0.0
2023-08-11 00:00:00-04:00,93.7816908797807,95.14484318392674,93.58098278637651,94.91068267822266,297900,0.0,0.0
2023-08-14 00:00:00-04:00,95.01103900255754,95.08630214421301,94.10784302032091,94.51762390136719,248100,0.0,0.0
2023-08-15 00:00:00-04:00,94.05767009186263,94.35873542727478,93.28828373709617,93.62279510498047,434100,0.0,0.0
2023-08-16 00:00:00-04:00,93.5642447686676,94.6932428434747,93.5642447686676,94.61797332763672,258900,0.0,0.0
2023-08-17 00:00:00-04:00,94.91904533092324,95.68007333845685,94.57616289753466,94.99430847167969,490800,0.0,0.0
2023-08-18 00:00:00-04:00,94.74343550632061,95.54627433243802,94.50091028066079,95.462646484375,313400,0.0,0.0
2023-08-21 00:00:00-04:00,95.54627270493552,96.31565910264308,94.87723717103589,95.6633529663086,375900,0.0,0.0
2023-08-22 00:00:00-04:00,95.3037433614865,95.78879378356534,94.37545962903732,94.3921890258789,297100,0.0,0.0
2023-08-23 00:00:00-04:00,94.49254431470635,95.42082809066905,94.49254431470635,95.11140441894531,229400,0.0,0.0
2023-08-24 00:00:00-04:00,95.3455625806038,96.75889038597495,94.86887684640963,95.90587615966797,216400,0.0,0.0
2023-08-25 00:00:00-04:00,96.41601907991922,96.54146404363081,95.47937058198802,95.91424560546875,161600,0.0,0.0
2023-08-28 00:00:00-04:00,95.85569824326889,97.36101855308249,95.85569824326889,96.95960235595703,239700,0.0,0.0
2023-08-29 00:00:00-04:00,97.22721187197571,97.7624377029745,96.59162880501647,97.46137237548828,192700,0.0,0.0
2023-08-30 00:00:00-04:00,97.46137992800418,98.64891193378271,97.46137992800418,98.38966369628906,289300,0.0,0.0
2023-08-31 00:00:00-04:00,98.68235826220925,98.908154071198,96.86760795088551,96.94287109375,420600,0.0,0.0
2023-09-01 00:00:00-04:00,97.82934066632687,98.67399012644775,97.82934066632687,98.3729248046875,233100,0.0,0.0
2023-09-05 00:00:00-04:00,97.26901597102264,97.26901597102264,95.04448495890003,95.12811279296875,455700,0.0,0.0
2023-09-06 00:00:00-04:00,94.7099797224205,95.6549864946731,94.7099797224205,94.87723541259766,470600,0.0,0.0
2023-09-07 00:00:00-04:00,94.50926201046963,95.3957285630039,93.32172376151085,93.42208099365234,782900,0.0,0.0
2023-09-08 00:00:00-04:00,93.8820519291293,93.89041024724726,91.68260198895885,92.00039672851562,702300,0.0,0.0
2023-09-11 00:00:00-04:00,92.40181861819694,92.86178135881208,90.80450564518019,90.9968490600586,722300,0.0,0.0
2023-09-12 00:00:00-04:00,91.2310124456068,93.3301053396947,91.2310124456068,93.22138977050781,516100,0.0,0.0
2023-09-13 00:00:00-04:00,92.99556754437208,93.47225321501081,92.54397596620464,93.05410766601562,342200,0.0,0.0
2023-09-14 00:00:00-04:00,93.6478843339688,94.86050393052987,93.35517733168611,94.80196380615234,373300,0.0,0.0
2023-09-15 00:00:00-04:00,94.48417259945406,94.97758129272688,94.25000572866568,94.8103256225586,1491200,0.0,0.0
2023-09-18 00:00:00-04:00,95.28701753130015,95.28701753130015,94.05766849595847,94.91068267822266,381000,0.0,0.0
2023-09-19 00:00:00-04:00,95.16156926903841,96.03967113487433,95.16156926903841,95.7302474975586,219600,0.0,0.0
2023-09-20 00:00:00-04:00,95.93096777332049,96.77562371574065,95.62990241523798,95.68008422851562,230700,0.0,0.0
2023-09-21 00:00:00-04:00,95.45427049377048,95.9225914918404,94.37545415430652,94.81868743896484,324000,0.0,0.0
2023-09-22 00:00:00-04:00,94.82704078014685,95.37899593067844,94.64305572996963,94.75177764892578,192200,0.0,0.0
2023-09-25 00:00:00-04:00,94.36709109610683,95.11139609582261,93.99076262760367,94.7768783569336,226800,0.0,0.0
2023-09-26 00:00:00-04:00,94.40054716699859,94.75179431566374,93.38863559342414,93.40536499023438,286900,0.0,0.0
2023-09-27 00:00:00-04:00,93.16284702737558,94.30856196258715,92.99558494823803,93.95732116699219,289900,0.0,0.0
2023-09-28 00:00:00-04:00,94.32528910857377,94.7685224420127,94.11621629994063,94.14130401611328,272800,0.0,0.0
2023-09-29 00:00:00-04:00,94.45073480658458,94.75180016379637,93.3217365268424,93.38864135742188,269500,0.0,0.0
2023-10-02 00:00:00-04:00,93.48900410231091,93.60608437251373,91.84150923966179,91.9753189086914,280200,0.0,0.0
2023-10-03 00:00:00-04:00,91.61568590814278,92.31816731857067,90.67067295027454,90.93828582763672,396800,0.0,0.0
2023-10-04 00:00:00-04:00,91.03865304761374,92.94539580577658,90.47833952103684,92.92867279052734,287600,0.0,0.0
2023-10-05 00:00:00-04:00,92.80323868573625,94.082763245005,92.80323868573625,93.96568298339844,216600,0.0,0.0
2023-10-06 00:00:00-04:00,93.89040152884075,94.86886699140283,93.65624103537117,94.07438659667969,232500,0.0,0.0
2023-10-09 00:00:00-04:00,93.85698532911363,94.55946703279112,93.6813585227973,94.21659088134766,159200,0.0,0.0
2023-10-10 00:00:00-04:00,94.48416105600168,94.88557716752112,92.26798860485769,92.62759399414062,452600,0.0,0.0
2023-10-11 00:00:00-04:00,92.35998602861676,93.49734237228057,92.00038062024666,92.53560638427734,424600,0.0,0.0
2023-10-12 00:00:00-04:00,92.56927524045584,92.90594685318524,91.28989999432629,92.1652603149414,374700,0.71,0.0
2023-10-13 00:00:00-04:00,92.83022193563113,93.79816912927943,91.53401533863443,91.84544372558594,488200,0.0,0.0
2023-10-16 00:00:00-04:00,92.69552897177229,93.78131232073325,92.51877443890884,93.24263000488281,500600,0.0,0.0
2023-10-17 00:00:00-04:00,93.23421297105008,94.70717385977419,93.04062742177084,94.395751953125,841400,0.0,0.0
2023-10-18 00:00:00-04:00,94.16007387144111,94.36207812661861,93.34363171219943,93.46988677978516,267000,0.0,0.0
2023-10-19 00:00:00-04:00,93.06590951487996,93.70559740704562,91.56769837453577,91.82862091064453,389700,0.0,0.0
2023-10-20 00:00:00-04:00,91.96327685211831,92.4935405414775,89.9684643455942,90.04421997070312,336400,0.0,0.0
2023-10-23 00:00:00-04:00,89.95162247693743,89.95162247693743,88.56282945244229,89.29509735107422,462300,0.0,0.0
2023-10-24 00:00:00-04:00,89.75802281914034,91.5171622120639,89.60651802176702,91.32357025146484,381500,0.0,0.0
2023-10-25 00:00:00-04:00,91.39933464453779,91.7023442896931,90.33038858972921,91.2899169921875,352400,0.0,0.0
2023-10-26 00:00:00-04:00,91.83702304970049,93.60457512735942,91.83702304970049,92.40095520019531,304000,0.0,0.0
2023-10-27 00:00:00-04:00,92.03060262661494,92.03060262661494,89.74120572033469,90.40614318847656,258700,0.0,0.0
2023-10-30 00:00:00-04:00,90.98691546197527,91.44984868936193,90.46507046557704,90.9195785522461,225500,0.0,0.0
2023-10-31 00:00:00-04:00,91.1299919366123,92.29153103093574,91.1299919366123,92.04743957519531,289000,0.0,0.0
2023-11-01 00:00:00-04:00,92.39251936287171,93.68872569208715,92.106347192037,93.52880859375,336800,0.0,0.0
2023-11-02 00:00:00-04:00,92.60294675023013,93.49514459583361,89.74119921929078,91.57608795166016,380900,0.0,0.0
2023-11-03 00:00:00-04:00,92.46826934814453,93.17528743654792,91.7275828143506,92.46826934814453,337100,0.0,0.0
2023-11-06 00:00:00-05:00,92.62819608055091,93.16687838233973,91.912752828913,92.89753723144531,375200,0.0,0.0
2023-11-07 00:00:00-05:00,92.67029801113202,93.75608158000873,92.22420222999064,93.62141418457031,276700,0.0,0.0
2023-11-08 00:00:00-05:00,93.46989310988126,93.9075700960067,91.82858996331103,91.91275787353516,267400,0.0,0.0
2023-11-09 00:00:00-05:00,92.19894623719001,92.19894623719001,91.0289948228683,91.13841247558594,258400,0.0,0.0
2023-11-10 00:00:00-05:00,91.75294436950668,92.77716067867546,91.4200737434364,92.56378173828125,229900,1.5,0.0
2023-11-13 00:00:00-05:00,92.5637672858446,92.83689202643254,91.94924150337737,92.12847900390625,262800,0.0,0.0
2023-11-14 00:00:00-05:00,92.55524352717576,95.28649113103678,92.35039507303023,95.21820831298828,491600,0.0,0.0
2023-11-15 00:00:00-05:00,95.28649134650786,95.4742658406619,93.98061337946483,94.18545532226562,380600,0.0,0.0
2023-11-16 00:00:00-05:00,94.49272136059251,94.55246719848475,93.5197139938857,93.5709228515625,447300,0.0,0.0
2023-11-17 00:00:00-05:00,93.73309389223577,94.44151348590877,93.02467429856277,93.1697769165039,282500,0.0,0.0
2023-11-20 00:00:00-05:00,92.65766887096424,93.69895914060588,92.52110973543223,93.05028533935547,255700,0.0,0.0
2023-11-21 00:00:00-05:00,93.09295632711006,94.67195905598554,93.09295632711006,94.1257095336914,187100,0.0,0.0
2023-11-22 00:00:00-05:00,94.63781733425658,95.4145197375889,94.26227485879984,95.2779541015625,253300,0.0,0.0
2023-11-24 00:00:00-05:00,96.19974513441892,97.34345945594357,96.11439487443826,96.68624877929688,257900,0.0,0.0
2023-11-27 00:00:00-05:00,96.51553364914413,97.462936368672,96.22533499497025,97.24955749511719,382800,0.0,0.0
2023-11-28 00:00:00-05:00,96.87402325511879,96.9508365355566,94.91093471659164,94.97921752929688,238400,0.0,0.0
2023-11-29 00:00:00-05:00,94.86826342445892,95.23527540524162,94.33908139045833,94.62928009033203,353000,0.0,0.0
2023-11-30 00:00:00-05:00,94.84267332999497,97.77023263907333,94.6292943905922,97.6336669921875,625800,0.0,0.0
2023-12-01 00:00:00-05:00,97.13008805381158,99.47725619954966,96.83988933328929,99.40043640136719,409000,0.0,0.0
2023-12-04 00:00:00-05:00,99.40043656571154,100.97090882286933,99.34069072782992,99.58821105957031,704800,0.0,0.0
2023-12-05 00:00:00-05:00,99.70769536578469,100.57827844082894,99.09316307196171,99.44310760498047,805500,0.0,0.0
2023-12-06 00:00:00-05:00,99.81013464442674,100.23689252265766,98.4274367747075,98.4871826171875,371600,0.0,0.0
2023-12-07 00:00:00-05:00,98.73469581377931,99.40043701369139,97.92385850861625,98.47010803222656,414100,0.0,0.0
2023-12-08 00:00:00-05:00,98.7347029561676,98.94808189525753,97.92386559234922,98.85419464111328,275900,0.0,0.0
2023-12-11 00:00:00-05:00,98.86273872825292,99.42605578180128,98.53839854996518,99.39191436767578,227000,0.0,0.0
2023-12-12 00:00:00-05:00,99.40898822745673,100.66365752007839,99.40898822745673,100.6465835571289,218700,0.0,0.0
2023-12-13 00:00:00-05:00,100.21981021821938,102.20850332806276,100.13445995203978,102.1060791015625,404800,0.0,0.0
2023-12-14 00:00:00-05:00,102.90839395916298,104.51300122868746,102.72061945183181,104.04357147216797,682200,0.0,0.0
2023-12-15 00:00:00-05:00,102.92545369106735,103.79604333944668,100.75752957392115,101.53422546386719,1024100,0.0,0.0
2023-12-18 00:00:00-05:00,101.99511696509923,102.73767790148075,101.20134717510776,102.5072250366211,338500,0.0,0.0
2023-12-19 00:00:00-05:00,102.9339907907999,103.45463588203332,102.68647045957351,102.9425277709961,384100,0.0,0.0
2023-12-20 00:00:00-05:00,102.6779554099987,103.16445916531194,101.20137018110265,101.26111602783203,298600,0.0,0.0
2023-12-21 00:00:00-05:00,101.31230931410465,101.55129917608119,100.05764672571937,101.2525634765625,224300,0.0,0.0
2023-12-22 00:00:00-05:00,101.58544950898144,102.14023609149122,100.996528024239,101.2867202758789,221200,0.0,0.0
2023-12-26 00:00:00-05:00,100.91970840866703,101.90125290086957,100.68926200320469,101.41474914550781,167700,0.0,0.0
2023-12-27 00:00:00-05:00,100.58681541376279,101.65370994829954,100.40757791337751,101.57689666748047,210500,0.0,0.0
2023-12-28 00:00:00-05:00,101.63665020004717,102.31092837836871,101.52568899249312,101.88417053222656,170100,0.0,0.0
2023-12-29 00:00:00-05:00,101.46594269510256,101.82442423321292,101.03918485089262,101.47447967529297,196900,0.0,0.0
2024-01-02 00:00:00-05:00,101.56835168141274,102.54989587817434,101.08184807248665,101.9012222290039,228400,0.0,0.0
2024-01-03 00:00:00-05:00,101.72199276467006,101.89269328547853,100.49292817706515,100.51000213623047,399500,0.0,0.0
2024-01-04 00:00:00-05:00,101.00504386519906,103.28393571180378,101.00504386519906,102.89131927490234,453700,0.0,0.0
2024-01-05 00:00:00-05:00,102.99374445532594,104.04357169776816,102.89985720145678,103.43757629394531,508300,0.0,0.0
2024-01-08 00:00:00-05:00,103.27539793847173,103.99234798857515,101.69639522276577,102.68647003173828,233400,0.0,0.0
2024-01-09 00:00:00-05:00,102.20848833542799,102.25969718526251,100.71483610505639,101.6878433227539,168000,0.0,0.0
2024-01-10 00:00:00-05:00,101.5171577672274,101.67932131952301,100.72338791884852,101.2525634765625,228700,0.0,0.0
2024-01-11 00:00:00-05:00,101.53593789945886,102.98706671925216,101.10661046648016,102.62642669677734,299000,0.71,0.0
2024-01-12 00:00:00-05:00,103.5194121911558,103.85428701189967,101.7505855430199,102.03394317626953,193300,0.0,0.0
2024-01-16 00:00:00-05:00,101.81929142436213,101.83646163853356,100.30805708763421,100.68586730957031,261500,0.0,0.0
2024-01-17 00:00:00-05:00,100.15349689962541,101.7076600153793,100.12773830338891,100.2221908569336,274500,0.0,0.0
2024-01-18 00:00:00-05:00,99.98176044112492,101.37277693310702,99.54384468760442,101.26115417480469,444400,0.0,0.0
2024-01-19 00:00:00-05:00,102.29152609392762,102.82389433528157,101.70764066989962,102.51477813720703,254500,0.0,0.0
2024-01-22 00:00:00-05:00,102.66076767418203,103.82853874767693,102.63500907787228,103.80278015136719,259800,0.0,0.0
2024-01-23 00:00:00-05:00,103.80277636245974,104.1719981817939,101.99960262541558,102.09405517578125,241300,0.0,0.0
2024-01-24 00:00:00-05:00,102.88401945619043,103.77702124804566,102.88401945619043,103.31334686279297,227500,0.0,0.0
2024-01-25 00:00:00-05:00,103.89722183332701,104.27503200904593,102.44609325023899,103.27040100097656,227300,0.0,0.0
2024-01-26 00:00:00-05:00,103.75983393269624,103.97449761417005,102.77238623872923,103.27040100097656,215400,0.0,0.0
2024-01-29 00:00:00-05:00,102.94412811555927,104.07755224090977,102.94412811555927,104.04320526123047,217800,0.0,0.0
2024-01-30 00:00:00-05:00,104.09471875324122,105.09075486176799,103.49365649458123,104.61849212646484,276400,0.0,0.0
2024-01-31 00:00:00-05:00,104.8760994879014,105.3140152816269,103.36486516613449,103.38204193115234,399100,0.0,0.0
2024-02-01 00:00:00-05:00,102.83250305925438,103.55376996343864,99.86155816870304,100.87477111816406,624000,0.0,0.0
2024-02-02 00:00:00-05:00,101.48440722909871,102.62641307041794,101.32126072990344,101.65613555908203,379800,0.0,0.0
2024-02-05 00:00:00-05:00,101.16671066343487,102.26578778523158,100.6944478918739,101.81929016113281,283800,0.0,0.0
2024-02-06 00:00:00-05:00,101.63896420049451,103.30474994580149,100.84899685883698,102.78955841064453,523800,0.0,0.0
2024-02-07 00:00:00-05:00,103.40778924674008,105.60594325604347,99.29483230985252,104.96195220947266,809800,0.0,0.0
2024-02-08 00:00:00-05:00,102.76380177887536,104.18058344087315,100.94345133214324,103.57952117919922,653400,0.0,0.0
2024-02-09 00:00:00-05:00,103.42495804402476,105.52007764986583,103.23605950913462,105.40845489501953,419100,0.0,0.0
2024-02-12 00:00:00-05:00,105.57159667879482,107.16869500439306,105.22814002680803,105.25389862060547,444600,0.0,0.0
2024-02-13 00:00:00-05:00,105.2968294379038,105.7175749813511,103.0815051658043,103.57093811035156,496200,0.0,0.0
2024-02-14 00:00:00-05:00,103.97449650053072,105.73474129016883,103.97449650053072,105.60594177246094,355800,0.0,0.0
2024-02-15 00:00:00-05:00,105.7987622807099,108.48076009975269,105.7987622807099,108.26164245605469,314400,2.5,0.0
2024-02-16 00:00:00-05:00,108.24412968042084,109.20824609727129,107.60430313762681,108.19154357910156,1119000,0.0,0.0
2024-02-20 00:00:00-05:00,107.31506220826373,109.97953362984114,107.28876916022205,108.322998046875,371200,0.0,0.0
2024-02-21 00:00:00-05:00,108.48076871473613,109.49747787196776,108.08635959953371,109.26083374023438,351500,0.0,0.0
2024-02-22 00:00:00-05:00,109.33970442172549,111.1715247169355,109.33970442172549,110.86476135253906,317700,0.0,0.0
2024-02-23 00:00:00-05:00,111.15401683870206,111.65360488340328,110.32137232651368,110.52295684814453,274000,0.0,0.0
2024-02-26 00:00:00-05:00,110.43529295742832,111.28547048899507,110.23370178199852,111.06635284423828,292600,0.0,0.0
2024-02-27 00:00:00-05:00,110.89105650928109,111.13647389240636,110.16359099900029,110.94364929199219,250200,0.0,0.0
2024-02-28 00:00:00-05:00,110.82971796040954,111.77630792657229,110.52295455108109,111.25919342041016,244200,0.0,0.0
2024-02-29 00:00:00-05:00,112.03046636678393,112.29340352181053,111.29423430838182,111.89899444580078,546800,0.0,0.0
2024-03-01 00:00:00-05:00,111.4344790576278,112.59142674704665,110.94365762837649,111.63607025146484,273500,0.0,0.0
2024-03-04 00:00:00-05:00,111.7237159799825,112.10936520978879,111.13648224327963,111.63607025146484,322400,0.0,0.0
2024-03-05 00:00:00-05:00,111.53966893924726,112.47749236940899,110.59307892928744,111.58348846435547,291100,0.0,0.0
2024-03-06 00:00:00-05:00,111.92530633559034,112.85436314291877,111.4169584088477,112.65277862548828,298900,0.0,0.0
2024-03-07 00:00:00-05:00,112.88942397599823,113.73082832241039,112.27589718718082,112.62648010253906,299500,0.0,0.0
2024-03-08 00:00:00-05:00,112.8368241240907,113.62564227444999,112.35476264381364,112.8017578125,289800,0.0,0.0
2024-03-11 00:00:00-04:00,112.60892816837503,113.52922488509283,112.38105064877621,113.47663879394531,365600,0.0,0.0
2024-03-12 00:00:00-04:00,113.2312539521475,113.90614014822762,112.57390091507617,113.8272476196289,360000,0.0,0.0
2024-03-13 00:00:00-04:00,113.94117629156881,114.81764687842704,113.72205864485426,114.25670623779297,282400,0.0,0.0
2024-03-14 00:00:00-04:00,113.92365209809249,115.3785965964761,113.88859915636749,115.24713134765625,366800,0.0,0.0
2024-03-15 00:00:00-04:00,114.31805708866732,116.10606465131016,114.31805708866732,116.08853149414062,948600,0.0,0.0
2024-03-18 00:00:00-04:00,116.11484079855168,116.38654459025531,114.00255646278367,114.07266235351562,309700,0.0,0.0
2024-03-19 00:00:00-04:00,114.32684995706083,115.79931443864716,114.32684995706083,115.34355926513672,333100,0.0,0.0
2024-03-20 00:00:00-04:00,115.05430725641183,116.92995393342498,114.8877756912292,116.52677154541016,276200,0.0,0.0
2024-03-21 00:00:00-04:00,116.68454176534388,117.34189475200562,115.61524650379701,116.74588775634766,385900,0.0,0.0
2024-03-22 00:00:00-04:00,116.98252929436639,116.98252929436639,114.8001127372141,114.96664428710938,303500,0.0,0.0
2024-03-25 00:00:00-04:00,115.76425227810452,117.89406967099728,115.76425227810452,117.56101989746094,313700,0.0,0.0
2024-03-26 00:00:00-04:00,117.44705963134766,118.2358778166331,117.3681804875951,117.44705963134766,332200,0.0,0.0
2024-03-27 00:00:00-04:00,118.09568679377907,120.10279914982479,118.09568679377907,119.90121459960938,253100,0.0,0.0
2024-03-28 00:00:00-04:00,120.29560610756307,120.70754841514615,119.51554770309589,119.62071990966797,208500,0.0,0.0
2024-04-01 00:00:00-04:00,119.62947876624722,120.05894080727387,117.98170973439585,118.1219482421875,293200,0.0,0.0
2024-04-02 00:00:00-04:00,118.0605893127869,118.7880615290087,117.74505935603865,118.6127700805664,296800,0.0,0.0
2024-04-03 00:00:00-04:00,118.44623958777524,118.6828904009325,116.6494721338694,116.69329833984375,306200,0.0,0.0
2024-04-04 00:00:00-04:00,117.368179952869,117.48211203536587,115.51882647244281,115.95706176757812,237800,0.0,0.0
2024-04-05 00:00:00-04:00,115.97460110608883,116.77217922160123,115.44871337434209,116.17618560791016,234100,0.0,0.0
2024-04-08 00:00:00-04:00,116.43034115410448,117.76258009476338,116.00087915679043,116.9649887084961,179000,0.0,0.0
2024-04-09 00:00:00-04:00,117.22794484270271,117.40323629105593,114.75629128711742,114.80011749267578,193600,0.0,0.0
2024-04-10 00:00:00-04:00,114.07264613733281,114.58977396861413,113.29258781847837,113.30136108398438,218400,0.0,0.0
2024-04-11 00:00:00-04:00,113.15236825690864,113.5292442235818,112.00418713807233,113.11730194091797,254500,0.0,0.0
2024-04-12 00:00:00-04:00,112.99393229025479,113.62846969584133,111.8393996503667,112.20073699951172,193400,0.71,0.0
2024-04-15 00:00:00-04:00,113.8047364405791,113.8047364405791,110.61435896895419,111.18721771240234,256800,0.0,0.0
2024-04-16 00:00:00-04:00,111.28417083538645,112.4739571175317,110.21777542549546,111.8658447265625,401200,0.0,0.0
2024-04-17 00:00:00-04:00,111.61905676057526,112.35936152005472,109.6272738653229,109.7859115600586,298800,0.0,0.0
2024-04-18 00:00:00-04:00,110.57910685192714,111.34585015381735,110.03268659771685,110.52622985839844,193500,0.0,0.0
2024-04-19 00:00:00-04:00,111.38991523084937,113.06441606232781,110.94925570173804,112.68545532226562,207600,0.0,0.0
2024-04-22 00:00:00-04:00,113.30236285277022,114.40401154797506,112.38579033148818,113.55795288085938,246500,0.0,0.0
2024-04-23 00:00:00-04:00,113.82234513713817,114.77417128481554,113.69015266434724,114.3158950805664,291700,0.0,0.0
2024-04-24 00:00:00-04:00,113.68134789696371,114.63317407462826,112.71189157308466,114.32470703125,330000,0.0,0.0
2024-04-25 00:00:00-04:00,114.22775968746728,114.73892633713949,113.06441211624202,113.43457794189453,367500,0.0,0.0
2024-04-26 00:00:00-04:00,113.02916878960438,113.13492277287544,111.58380607749973,112.22716522216797,352300,0.0,0.0
2024-04-29 00:00:00-04:00,112.55324103645708,113.54912901818327,112.44748034302735,112.54442596435547,301200,0.0,0.0
2024-04-30 00:00:00-04:00,112.36817884351876,112.73833123067168,111.42516772924019,112.58850860595703,258500,0.0,0.0
2024-05-01 00:00:00-04:00,112.42987300570275,114.73893137975212,112.28886545155538,113.46102142333984,192500,0.0,0.0
2024-05-02 00:00:00-04:00,114.4392847831914,114.9768899451834,111.50448398948738,112.52681732177734,443500,0.0,0.0
2024-05-03 00:00:00-04:00,112.2976724850707,112.93222328112523,110.59672643828651,112.28886413574219,246900,0.0,0.0
2024-05-06 00:00:00-04:00,112.83528244716574,114.70367462177495,112.83528244716574,114.62435913085938,227900,0.0,0.0
2024-05-07 00:00:00-04:00,114.5362342886282,115.35585458331246,113.79591603630385,113.84879302978516,326700,0.0,0.0
2024-05-08 00:00:00-04:00,114.09556858226854,115.25009437044872,113.02916662917602,115.0826416015625,294600,0.0,0.0
2024-05-09 00:00:00-04:00,114.67722011861136,115.78769062788277,114.67722011861136,115.60260772705078,144400,0.0,0.0
2024-05-10 00:00:00-04:00,116.20191284676149,116.20191284676149,114.54502886169325,115.7612533569336,186200,0.0,0.0
2024-05-13 00:00:00-04:00,116.14023286400122,116.75715356005536,115.48805187225108,115.70838165283203,190600,0.0,0.0
2024-05-14 00:00:00-04:00,116.1314209221665,116.1314209221665,114.57148235849937,115.22366333007812,214100,0.0,0.0
2024-05-15 00:00:00-04:00,115.28533097744955,116.25478721235399,115.14431671639798,115.58497619628906,308800,0.0,0.0
2024-05-16 00:00:00-04:00,116.29886179012135,118.06149979971612,116.26360149912742,117.68252563476562,291300,0.0,0.0
2024-05-17 00:00:00-04:00,118.07912554103618,118.22894816958336,117.41813623681296,117.70016479492188,230200,0.0,0.0
2024-05-20 00:00:00-04:00,117.77066806809874,117.81472326197786,116.36055221957118,116.61614227294922,169400,0.0,0.0
2024-05-21 00:00:00-04:00,116.73952285935478,118.11437837363378,116.51037130840098,116.88052368164062,165600,0.0,0.0
2024-05-22 00:00:00-04:00,116.38700222276061,117.19781420908119,115.47924459417004,115.80532836914062,189000,0.0,0.0
2024-05-23 00:00:00-04:00,115.60262459140054,115.62025473878033,113.20543556651315,113.31120300292969,223700,0.0,0.0
2024-05-24 00:00:00-04:00,113.68135166500619,113.91048978194465,112.96747192219978,113.71659851074219,119600,0.0,0.0
2024-05-28 00:00:00-04:00,113.43457865557734,113.94573186060437,111.44278903434704,111.47804260253906,178600,0.0,0.0
2024-05-29 00:00:00-04:00,110.96690146864854,111.30180033730038,110.01507513804006,110.47335815429688,200600,0.0,0.0
2024-05-30 00:00:00-04:00,110.89637841321358,112.83527764654387,110.28826611300902,112.52681732177734,202800,0.0,0.0
2024-05-31 00:00:00-04:00,113.01154156838804,114.50097296136315,112.93222607888168,114.4921646118164,369400,0.0,0.0
2024-06-03 00:00:00-04:00,114.49215232359958,114.49215232359958,112.6325687313183,113.50506591796875,163400,0.0,0.0
2024-06-04 00:00:00-04:00,112.87935795858026,113.36408617899029,112.00684716184217,112.75597381591797,255600,0.0,0.0
2024-06-05 00:00:00-04:00,112.92341414817888,112.94985264384255,110.60554074401259,112.58850860595703,237200,0.0,0.0
2024-06-06 00:00:00-04:00,112.87934252514997,113.47863300818221,112.10377747853305,113.37287902832031,216300,0.0,0.0
2024-06-07 00:00:00-04:00,113.61084350338096,114.65961533875858,112.92341571088939,112.94103240966797,240300,0.0,0.0
2024-06-10 00:00:00-04:00,112.18310997505439,112.77359216320173,111.45161350225213,112.19192504882812,205200,0.0,0.0
2024-06-11 00:00:00-04:00,111.7071928081076,111.7071928081076,110.09437728636547,110.50859832763672,213300,0.0,0.0
2024-06-12 00:00:00-04:00,111.09027353580797,111.95396247512147,110.25301636932778,110.52622985839844,167800,0.0,0.0
2024-06-13 00:00:00-04:00,110.27064844930614,110.40284093544498,108.98392336741597,110.12081909179688,185500,0.0,0.0
2024-06-14 00:00:00-04:00,109.18662974459924,109.99744175471484,108.55207887618475,109.4069595336914,171800,0.0,0.0
2024-06-17 00:00:00-04:00,109.45100500199945,110.22656327474397,108.50799397334923,110.16487121582031,184900,0.0,0.0
2024-06-18 00:00:00-04:00,110.32352205491263,111.58380860086233,110.15606927903895,111.4251708984375,196100,0.0,0.0
2024-06-20 00:00:00-04:00,110.75538254043829,112.67665867042936,110.75538254043829,112.43870544433594,213300,0.0,0.0
2024-06-21 00:00:00-04:00,112.65902053124661,112.65902053124661,111.0109514175568,111.30178833007812,638800,0.0,0.0
2024-06-24 00:00:00-04:00,111.73362779660287,112.88815359748398,111.42516747468015,111.51329803466797,249900,0.0,0.0
2024-06-25 00:00:00-04:00,111.46923682328588,111.91870469925233,109.84760626872082,109.99742889404297,246700,0.0,0.0
2024-06-26 00:00:00-04:00,109.51271243280888,109.59202792373102,107.9704040192994,109.54796600341797,240800,0.0,0.0
2024-06-27 00:00:00-04:00,109.61846649943836,110.94044514053886,109.39813672592162,110.56147766113281,301000,0.0,0.0
2024-06-28 00:00:00-04:00,110.00624547656368,110.97569510373772,107.4944874849075,108.41986846923828,647400,0.0,0.0
2024-07-01 00:00:00-04:00,109.82998466006987,109.82998466006987,107.97920923837297,108.3405532836914,290200,0.0,0.0
2024-07-02 00:00:00-04:00,107.90870804507361,109.00154179866696,107.62668621434207,108.4022445678711,405800,0.0,0.0
2024-07-03 00:00:00-04:00,108.44632139011338,108.67545952216312,106.72774505615234,106.72774505615234,201800,0.0,0.0
2024-07-05 00:00:00-04:00,106.69248550597135,106.69248550597135,104.85053185914427,105.4498291015625,773300,0.0,0.0
2024-07-08 00:00:00-04:00,106.25183115648592,107.44161734988106,105.95218588260623,106.55148315429688,366300,0.0,0.0
2024-07-09 00:00:00-04:00,106.26945943417537,107.98802900160939,106.26945943417537,106.75418090820312,202900,0.0,0.0
2024-07-10 00:00:00-04:00,107.10671375219496,108.49919960380798,106.89519904180166,108.13785552978516,248900,0.0,0.0
2024-07-11 00:00:00-04:00,108.94866456795711,110.20895109213761,108.39342925709548,109.69778442382812,257300,0.0,0.0
2024-07-12 00:00:00-04:00,110.22657707813354,111.48686363162216,109.57440284156623,111.06382751464844,244100,0.0,0.0
2024-07-15 00:00:00-04:00,111.29426949449945,112.99598801136548,111.29426949449945,112.32239532470703,301700,0.71,0.0
2024-07-16 00:00:00-04:00,113.00485036864151,114.60021566689241,112.83644881992944,114.17478942871094,245800,0.0,0.0
2024-07-17 00:00:00-04:00,114.2368323927361,117.48959806651052,114.2368323927361,117.13507843017578,367400,0.0,0.0
2024-07-18 00:00:00-04:00,116.75394201694066,118.78360521851785,116.16011426391854,116.53236389160156,208800,0.0,0.0
2024-07-19 00:00:00-04:00,116.24874171694059,116.24874171694059,110.3281744062994,110.71814727783203,344100,0.0,0.0
2024-07-22 00:00:00-04:00,110.84225291000685,111.32972755061407,109.73436214683461,110.6827163696289,452200,0.0,0.0
2024-07-23 00:00:00-04:00,110.69157708451739,111.18790996326796,109.45960314474127,110.9751968383789,315800,0.0,0.0
2024-07-24 00:00:00-04:00,111.15245705473768,111.89695633029056,110.28386780456472,110.39908599853516,280500,0.0,0.0
2024-07-25 00:00:00-04:00,110.6915872988226,112.1362744967994,110.36364918108501,110.52318572998047,292300,0.0,0.0
2024-07-26 00:00:00-04:00,111.12587184898348,113.76708638404853,110.56749734282494,113.44801330566406,217500,0.0,0.0
2024-07-29 00:00:00-04:00,113.64299735692867,113.89116379143687,112.9428096241216,113.6784439086914,243100,0.0,0.0
2024-07-30 00:00:00-04:00,114.2013882396443,116.15127332859335,113.9532217841812,116.04490661621094,248300,0.0,0.0
2024-07-31 00:00:00-04:00,116.43487291572322,116.50577954111792,115.21177081881858,116.07149505615234,360300,0.0,0.0
2024-08-01 00:00:00-04:00,116.60328358026153,116.99326328840533,112.28694554269815,114.13933563232422,261000,0.0,0.0
2024-08-02 00:00:00-04:00,113.27961021038381,114.14819276373666,111.7728815089187,113.270751953125,410100,0.0,0.0
2024-08-05 00:00:00-04:00,111.49812284029163,111.49812284029163,108.94553833779084,109.36210632324219,439100,0.0,0.0
2024-08-06 00:00:00-04:00,109.89390112373422,111.52471987953645,109.82300125246095,110.20410919189453,341600,0.0,0.0
2024-08-07 00:00:00-04:00,109.2823424022555,111.48925880448073,108.55556636655734,109.43301391601562,290400,0.0,0.0
2024-08-08 00:00:00-04:00,109.57481764716687,112.75668320412821,109.37096954828628,112.73009490966797,285800,0.0,0.0
2024-08-09 00:00:00-04:00,112.42873069305925,112.96051680007264,111.63104815152555,112.81871032714844,283600,0.0,0.0
2024-08-12 00:00:00-04:00,113.11120497299063,113.11120497299063,110.7447454318888,110.91314697265625,193800,0.0,0.0
2024-08-13 00:00:00-04:00,111.43608822309635,112.22490591064393,110.54091058726208,112.19831085205078,189200,0.0,0.0
2024-08-14 00:00:00-04:00,112.49079916963345,113.22644028714527,112.49079916963345,113.1998519897461,120900,0.0,0.0
2024-08-15 00:00:00-04:00,114.16593259958469,114.36092246846653,113.01373018841872,113.55437469482422,195600,0.0,0.0
2024-08-16 00:00:00-04:00,113.76708873326842,114.68884790982558,113.72277039734433,114.44068145751953,147800,0.0,0.0
2024-08-19 00:00:00-04:00,114.71542323626613,115.37129937123683,114.13932550656158,114.54703521728516,169900,0.0,0.0
2024-08-20 00:00:00-04:00,114.29888114696186,114.29888114696186,113.28847854156031,113.56324005126953,125900,0.0,0.0
2024-08-21 00:00:00-04:00,114.36977562835683,115.61947968028615,113.66073634481953,115.25608825683594,172700,0.0,0.0
2024-08-22 00:00:00-04:00,115.32698916185421,116.19558523194301,114.86611635525742,116.05377197265625,267100,0.0,0.0
2024-08-23 00:00:00-04:00,116.63873170481043,117.52504421465228,116.14238533909226,116.6298599243164,183400,0.0,0.0
2024-08-26 00:00:00-04:00,117.30348921533621,118.0923069636605,116.4171765307445,116.541259765625,196500,0.0,0.0
2024-08-27 00:00:00-04:00,116.52351656049395,117.02870770112496,115.7169688628644,116.05377197265625,234800,0.0,0.0
2024-08-28 00:00:00-04:00,116.04487438952033,118.07453733011516,115.77899149254613,117.21481323242188,147600,0.0,0.0
2024-08-29 00:00:00-04:00,117.87956637469652,118.05682617571195,116.48804921241079,117.53390502929688,177500,0.0,0.0
2024-08-30 00:00:00-04:00,117.91502184914361,118.5531680003391,117.028709252934,118.42908477783203,474400,0.0,0.0
2024-09-03 00:00:00-04:00,118.11002250770473,119.4306332655356,117.6136895722687,117.92390441894531,243500,0.0,0.0
2024-09-04 00:00:00-04:00,118.34932804470641,119.30654733745602,117.32120211648744,118.42023468017578,239400,0.0,0.0
2024-09-05 00:00:00-04:00,118.87224372567648,118.87224372567648,117.08190197874616,117.93275451660156,222700,0.0,0.0
2024-09-06 00:00:00-04:00,117.84411866760378,118.99631412492447,117.84411866760378,118.83678436279297,353200,0.0,0.0
2024-09-09 00:00:00-04:00,119.35085195760121,122.03637791857614,119.34198017665103,121.45140838623047,383400,0.0,0.0
2024-09-10 00:00:00-04:00,121.53117390572383,122.26681495344826,118.6949764183899,119.38629913330078,338100,0.0,0.0
2024-09-11 00:00:00-04:00,118.82793401166526,118.82793401166526,116.55896244819439,117.46300506591797,241600,0.0,0.0
2024-09-12 00:00:00-04:00,117.4364241961508,118.21638364303874,116.69192482815278,118.09230041503906,241400,0.0,0.0
2024-09-13 00:00:00-04:00,118.57974823370657,119.18244779065937,118.30499351141209,119.00518798828125,210800,0.0,0.0
2024-09-16 00:00:00-04:00,119.67880459046197,121.05259200083691,119.67880459046197,120.64488220214844,299200,0.0,0.0
2024-09-17 00:00:00-04:00,120.70688967051991,121.67296695475845,119.93580219903372,120.99937438964844,326700,0.0,0.0
2024-09-18 00:00:00-04:00,120.9019071411782,121.68185304655636,119.94468789343217,120.13080596923828,310600,0.0,0.0
2024-09-19 00:00:00-04:00,121.17665056332892,121.49572361609124,119.3242606155964,121.09688568115234,374200,0.0,0.0
2024-09-20 00:00:00-04:00,121.49572823020146,121.70844811480691,120.14852934247996,120.20170593261719,1595200,0.0,0.0
2024-09-23 00:00:00-04:00,120.42327375712975,121.51344785776995,119.99784754842315,121.32731628417969,222600,0.0,0.0
2024-09-24 00:00:00-04:00,120.87533117631824,121.28302744762004,120.148548265824,120.4587631225586,232900,0.0,0.0
2024-09-25 00:00:00-04:00,121.15891459002488,121.57548254194619,119.64332780669872,119.90035247802734,265900,0.0,0.0
2024-09-26 00:00:00-04:00,120.05989817608219,121.39822519329626,119.7053650587683,120.7778091430664,265900,0.0,0.0
2024-09-27 00:00:00-04:00,121.03483713101247,121.61094839088878,119.65219174579886,119.758544921875,186500,0.0,0.0
2024-09-30 00:00:00-04:00,119.98897578106622,119.98897578106622,118.37588073844097,119.29765319824219,260700,0.0,0.0
2024-10-01 00:00:00-04:00,119.3331436783872,120.92850927383198,118.6418208410376,119.95355987548828,263200,0.0,0.0
2024-10-02 00:00:00-04:00,120.3435195849991,120.6271460987396,119.35971209205358,119.51038360595703,275400,0.0,0.0
2024-10-03 00:00:00-04:00,119.40402095304447,119.54583419866472,117.94161073924514,119.27993774414062,264900,0.0,0.0
2024-10-04 00:00:00-04:00,119.6965054155161,122.94927065637093,119.6965054155161,122.88722229003906,274300,0.0,0.0
2024-10-07 00:00:00-04:00,122.37319424016532,122.48840568845961,118.77475351616025,119.7142562866211,436600,0.0,0.0
2024-10-08 00:00:00-04:00,120.54736128977002,120.91075266968764,119.7142388790121,120.29033660888672,205300,0.0,0.0
2024-10-09 00:00:00-04:00,119.93582301469354,122.39089908707665,119.93582301469354,121.62866973876953,265100,0.0,0.0
2024-10-10 00:00:00-04:00,122.51499258382766,123.02905553851612,119.78514802654637,120.44988250732422,252200,0.0,0.0
2024-10-11 00:00:00-04:00,120.81325998593634,121.83252751987152,120.04217240496791,120.4853286743164,346400,0.0,0.0
2024-10-14 00:00:00-04:00,120.68031528033416,121.93001917217634,119.65218951722757,121.61980438232422,225600,0.0,0.0
2024-10-15 00:00:00-04:00,121.67330513671085,122.91250373849107,120.29146164181611,120.30929565429688,303700,0.8,0.0
2024-10-16 00:00:00-04:00,120.93334145478984,122.35085287381044,120.01508712615508,120.30037689208984,304200,0.0,0.0
2024-10-17 00:00:00-04:00,121.32560522438095,123.3939151686106,121.11165150833268,122.96598052978516,334500,0.0,0.0
2024-10-18 00:00:00-04:00,122.9838224600885,123.55438841189942,120.79071510918241,121.53067016601562,314600,0.0,0.0
2024-10-21 00:00:00-04:00,121.50389710237037,121.50389710237037,119.13249073967438,119.17705535888672,229300,0.0,0.0
2024-10-22 00:00:00-04:00,118.57084538237817,118.67782224318026,116.60060204129573,117.84872436523438,313700,0.0,0.0
2024-10-23 00:00:00-04:00,117.57236319512418,118.33906246995458,116.87698636485537,117.69717407226562,335800,0.0,0.0
2024-10-24 00:00:00-04:00,117.6436836424413,118.53519377927792,117.6169258232403,118.22315979003906,284100,0.0,0.0
2024-10-25 00:00:00-04:00,118.19641632998598,118.19641632998598,115.09396484289877,115.37033081054688,249800,0.0,0.0
2024-10-28 00:00:00-04:00,116.538192767398,117.04634641318005,115.83389222244502,115.86956024169922,192700,0.0,0.0
2024-10-29 00:00:00-04:00,115.62885704881833,116.33315764448118,114.60362587694199,114.71951293945312,257400,0.0,0.0
2024-10-30 00:00:00-04:00,115.12070544873947,116.34206995263678,114.64820617628146,116.24400329589844,277800,0.0,0.0
2024-10-31 00:00:00-04:00,116.45796076167346,116.78781512306682,114.79082773825539,114.9423828125,333600,0.0,0.0
2024-11-01 00:00:00-04:00,115.18309970265011,116.2529090787883,113.7656019391829,113.85475158691406,303500,0.0,0.0
2024-11-04 00:00:00-05:00,113.78343672440423,113.85475916801106,112.3124504346881,113.05239868164062,293500,0.0,0.0
2024-11-05 00:00:00-05:00,113.2217851896836,113.89933478505358,112.55315259998075,113.61405181884766,240200,0.0,0.0
2024-11-06 00:00:00-05:00,118.31232241158983,119.55152102224604,116.39556735546941,119.28406524658203,578300,0.0,0.0
2024-11-07 00:00:00-05:00,119.46235561183889,121.04033232699712,118.5619352913789,119.67632293701172,363500,0.0,0.0
2024-11-08 00:00:00-05:00,119.91703210928152,123.75945249825301,119.0433559221913,123.71487426757812,393800,0.0,0.0
2024-11-11 00:00:00-05:00,124.81141860808219,127.22741705376212,124.05362955375853,126.78166198730469,427800,0.0,0.0
2024-11-12 00:00:00-05:00,126.6568562771171,128.1100086027307,125.94364542103185,127.93170928955078,373200,0.0,0.0
2024-11-13 00:00:00-05:00,127.88712115397941,129.09957543439512,127.04018927945594,128.1902313232422,263100,0.0,0.0
2024-11-14 00:00:00-05:00,128.21698480252093,128.73404867218272,125.79207632374766,126.60334014892578,351100,0.0,0.0
2024-11-15 00:00:00-05:00,126.84188150094369,127.66749020595608,125.75023368149867,126.4290771484375,428300,4.0,0.0
2024-11-18 00:00:00-05:00,126.87857189515672,128.57567359824904,125.65849571902439,128.09864807128906,467700,0.0,0.0
2024-11-19 00:00:00-05:00,126.64922304115595,127.1721187822589,125.16312187825258,126.9794692993164,418500,0.0,0.0
2024-11-20 00:00:00-05:00,127.53904285024086,129.23614426562705,126.56665505455909,129.1260528564453,302300,0.0,0.0
2024-11-21 00:00:00-05:00,129.4287845542134,132.3642989516785,128.5022669780619,131.90562438964844,377400,0.0,0.0
2024-11-22 00:00:00-05:00,131.6579435046599,134.8594828262228,131.6579435046599,134.36412048339844,519100,0.0,0.0
2024-11-25 00:00:00-05:00,134.57511222224264,136.79509539837275,134.25404843092946,136.75840759277344,1727700,0.0,0.0
2024-11-26 00:00:00-05:00,136.29974890281483,136.73090415639123,134.65768595894593,135.82272338867188,362100,0.0,0.0
2024-11-27 00:00:00-05:00,137.02444578347564,137.77667884776216,135.45578648719103,135.70346069335938,415800,0.0,0.0
2024-11-29 00:00:00-05:00,135.86859510761585,136.43734715135838,134.50173971483636,134.72190856933594,190800,0.0,0.0
2024-12-02 00:00:00-05:00,134.8503064163254,134.8503064163254,131.70380598547607,132.0157012939453,409800,0.0,0.0
2024-12-03 00:00:00-05:00,132.0065302615173,132.7128929898384,130.08927399656787,130.2910919189453,357800,0.0,0.0
2024-12-04 00:00:00-05:00,129.97918579882898,131.6120659461181,129.12604392545023,131.0800018310547,355100,0.0,0.0
2024-12-05 00:00:00-05:00,131.5570314374634,133.428417352133,131.41942068052685,132.47438049316406,286800,0.0,0.0
2024-12-06 00:00:00-05:00,132.47439900923732,133.58438368310271,130.4011808950913,131.16258239746094,284100,0.0,0.0
2024-12-09 00:00:00-05:00,131.0433173548122,131.5845499347279,129.54803392448804,130.26356506347656,333200,0.0,0.0
2024-12-10 00:00:00-05:00,129.9333060986753,130.30942253160384,125.30069105242553,127.73167419433594,272000,0.0,0.0
2024-12-11 00:00:00-05:00,127.81425114795333,128.98845687031096,126.80516154391019,128.4105224609375,540200,0.0,0.0
2024-12-12 00:00:00-05:00,128.60317335555231,129.52052246116563,127.4197851706347,127.5573959350586,217400,0.0,0.0
2024-12-13 00:00:00-05:00,128.6582393968814,128.80501864439688,127.14461865009153,128.34634399414062,230000,0.0,0.0
2024-12-16 00:00:00-05:00,128.36464962434974,129.57555712484188,127.63995001248747,128.23622131347656,240000,0.0,0.0
2024-12-17 00:00:00-05:00,127.07118776057823,128.08944571337835,125.91531905880598,126.51160430908203,240400,0.0,0.0
2024-12-18 00:00:00-05:00,126.45657565864461,127.0711978595226,123.44767181076992,123.51187896728516,410000,0.0,0.0
2024-12-19 00:00:00-05:00,124.24575756921142,126.41070188707484,124.24575756921142,125.18145751953125,392300,0.0,0.0
2024-12-20 00:00:00-05:00,125.21816173024737,127.06202852316964,124.30998101261477,125.65848541259766,1149100,0.0,0.0
2024-12-23 00:00:00-05:00,124.86037545333339,126.44738533581489,124.54848014651232,125.94284057617188,182200,0.0,0.0
2024-12-24 00:00:00-05:00,125.67683555243754,126.92443097622125,125.64931619731004,126.89691162109375,82600,0.0,0.0
2024-12-26 00:00:00-05:00,126.8143335099764,127.41060477366855,126.29143784993406,126.7409439086914,171300,0.0,0.0
2024-12-27 00:00:00-05:00,126.0162641142026,126.83270440053835,125.09891484876293,125.67684936523438,160200,0.0,0.0
2024-12-30 00:00:00-05:00,124.7503015828041,125.5850785749763,123.42931671929195,124.79615783691406,137300,0.0,0.0
2024-12-31 00:00:00-05:00,124.58519844917963,126.08048219447764,124.58519844917963,125.61262512207031,220100,0.0,0.0
2025-01-02 00:00:00-05:00,126.08961911106675,126.44738466644058,124.089804980422,124.22740173339844,262400,0.0,0.0
2025-01-03 00:00:00-05:00,125.43833282167455,125.43833282167455,123.57611509258601,123.8421401977539,237100,0.0,0.0
2025-01-06 00:00:00-05:00,123.54856659939445,124.55765618010973,121.1909867573757,121.43867492675781,326300,0.0,0.0
2025-01-07 00:00:00-05:00,121.4570092421061,122.31931959313786,120.38371252783328,121.26437377929688,329700,0.0,0.0
2025-01-08 00:00:00-05:00,120.56719652011371,121.61298802748324,119.42969249057523,121.32859802246094,224100,0.0,0.0
2025-01-10 00:00:00-05:00,119.06274722053908,120.00762978001245,117.05375721973058,119.12696838378906,394300,0.0,0.0
2025-01-13 00:00:00-05:00,118.03529901465103,120.74147587664865,118.03529901465103,120.45709991455078,258900,0.0,0.0
2025-01-14 00:00:00-05:00,120.65092834179573,123.85364303515125,120.14329080992819,123.67827606201172,250500,0.8,0.0
2025-01-15 00:00:00-05:00,125.52421691657074,125.87495085289068,124.81352439213637,125.47806549072266,238700,0.0,0.0
2025-01-16 00:00:00-05:00,125.36732968164374,127.24096233118156,125.36732968164374,127.13943481445312,215900,0.0,0.0
2025-01-17 00:00:00-05:00,127.0840515217459,127.49016156562627,124.72124481201172,124.72124481201172,220000,0.0,0.0
2025-01-21 00:00:00-05:00,125.11812305637858,126.17031091774659,124.00133445723306,124.73047637939453,321200,0.0,0.0
2025-01-22 00:00:00-05:00,125.32117478135642,125.32117478135642,123.48445487808081,123.86287689208984,162300,0.0,0.0
2025-01-23 00:00:00-05:00,123.46599482207388,123.76133860193185,122.27535280038902,123.49368286132812,323000,0.0,0.0
2025-01-24 00:00:00-05:00,123.51215391875769,124.7673826654015,122.50610345743802,124.68431854248047,285500,0.0,0.0
2025-01-27 00:00:00-05:00,125.66266067447928,128.2008342502898,124.54587218784809,127.7854995727539,239400,0.0,0.0
2025-01-28 00:00:00-05:00,127.89626216624609,128.45926167781047,126.40103765295616,126.46565246582031,198300,0.0,0.0
2025-01-29 00:00:00-05:00,126.31799213568813,127.94241834701273,126.31799213568813,126.81639099121094,291900,0.0,0.0
2025-01-30 00:00:00-05:00,127.85009970256294,128.44080128538408,127.05634313032486,127.52705383300781,249500,0.0,0.0
2025-01-31 00:00:00-05:00,127.18556721534864,127.73934206455458,125.22885664786246,126.04107666015625,415500,0.0,0.0
2025-02-03 00:00:00-05:00,124.36128562738229,127.37017008248118,123.9090241563268,126.17030334472656,658500,0.0,0.0
2025-02-04 00:00:00-05:00,126.10570774872764,127.47170278654151,125.28426297878991,125.54269409179688,447900,0.0,0.0
2025-02-05 00:00:00-05:00,121.83232883228571,122.75530102040908,116.98672484463798,117.71587371826172,1148700,0.0,0.0
2025-02-06 00:00:00-05:00,117.78049434975438,119.10957669911943,115.75918278371499,118.7403793334961,972300,0.0,0.0
2025-02-07 00:00:00-05:00,117.81741417980696,118.07584529422863,115.5469031923198,116.82060241699219,660800,0.0,0.0
2025-02-10 00:00:00-05:00,116.3868052800798,117.31900927202548,115.97147056298667,116.79291534423828,406800,0.0,0.0
2025-02-11 00:00:00-05:00,116.67292166640544,117.93738910063024,115.82378187261776,117.33745574951172,491400,0.0,0.0
2025-02-12 00:00:00-05:00,116.2945073119554,116.88520900798015,115.3715350317018,115.41768646240234,295800,0.0,0.0
2025-02-13 00:00:00-05:00,115.6945720497706,115.98069824038973,114.41164116431057,114.74391174316406,525000,0.0,0.0
2025-02-14 00:00:00-05:00,115.25155675805746,115.61151540147075,113.37791702325796,113.78402709960938,546500,0.0,0.0
2025-02-18 00:00:00-05:00,113.66403708063234,114.90081654917262,113.05487199907456,113.50713348388672,625700,0.0,0.0
2025-02-19 00:00:00-05:00,113.22100812949984,113.60865479788114,111.40275160750032,112.51032257080078,751600,0.0,0.0
2025-02-20 00:00:00-05:00,111.95652710483547,112.26110256941183,110.23056661088152,111.48580932617188,553200,0.0,0.0
2025-02-21 00:00:00-05:00,111.63348646226832,111.77193370270678,110.0459801692942,110.59053039550781,728600,0.0,0.0
2025-02-24 00:00:00-05:00,110.82126981324929,112.27033585996415,110.54437534145657,110.94125366210938,688200,0.0,0.0
2025-02-25 00:00:00-05:00,111.8088464009275,113.65479071270337,111.50426389947198,112.99024963378906,1022100,0.0,0.0
2025-02-26 00:00:00-05:00,112.99025591604229,114.07936340221313,112.03959566929603,113.51634979248047,585800,0.0,0.0
2025-02-27 00:00:00-05:00,113.48865918493844,115.74071357291005,113.15638863452561,115.54689025878906,289500,0.0,0.0
2025-02-28 00:00:00-05:00,116.77444410403368,117.20824218127092,114.8915869408599,116.55293273925781,603300,0.0,0.0
2025-03-03 00:00:00-05:00,116.89442987858186,119.04494974073766,116.4606318203552,118.63883972167969,529800,0.0,0.0
2025-03-04 00:00:00-05:00,117.59590165314964,118.066612446225,115.57459010525307,116.13760375976562,503100,0.0,0.0
2025-03-05 00:00:00-05:00,116.32219460625014,117.63281354577606,115.05772709712821,116.8759765625,368900,0.0,0.0
2025-03-06 00:00:00-05:00,116.2298980514808,118.49118433429099,115.61150832161124,118.12199401855469,646500,0.0,0.0
2025-03-07 00:00:00-05:00,117.65126971226094,119.07264073075008,117.18978360342912,117.35591888427734,578500,0.0,0.0
2025-03-10 00:00:00-04:00,117.40207691000286,118.94343900256533,116.35912071789029,116.92213439941406,690800,0.0,0.0
2025-03-11 00:00:00-04:00,117.2913206487749,117.2913206487749,115.12233716922862,115.60227966308594,638200,0.0,0.0
2025-03-12 00:00:00-04:00,115.74070266143407,116.18372532573916,113.13792162305724,114.19010925292969,701600,0.0,0.0
2025-03-13 00:00:00-04:00,114.7162116018422,116.07298181543128,114.40239740303905,115.37152099609375,482700,0.0,0.0
2025-03-14 00:00:00-04:00,115.87916163249001,117.62357851369144,115.5099713469951,117.45744323730469,646500,0.0,0.0
2025-03-17 00:00:00-04:00,116.80105266564986,118.77024765844466,116.79168072488082,118.63896179199219,521800,2.0,0.0
2025-03-18 00:00:00-04:00,118.3576448024568,119.4078744251675,117.40117750559928,117.66374206542969,503600,0.0,0.0
2025-03-19 00:00:00-04:00,117.66373586288006,117.748126244191,115.84457799921911,117.41992950439453,589700,0.0,0.0
2025-03-20 00:00:00-04:00,117.0729751250687,118.05757250321899,116.65100890823422,117.39179992675781,518300,0.0,0.0
2025-03-21 00:00:00-04:00,116.6322529463962,117.9919354066538,116.2853051650032,116.96045684814453,4213600,0.0,0.0
2025-03-24 00:00:00-04:00,117.40118169847665,120.20493718361067,117.40118169847665,119.95175170898438,621000,0.0,0.0
2025-03-25 00:00:00-04:00,120.60814553203562,120.70192216976535,118.5170581470781,120.0830307006836,432700,0.0,0.0
2025-03-26 00:00:00-04:00,120.99260487949083,122.11785294574561,119.83922668470257,119.91423797607422,443400,0.0,0.0
2025-03-27 00:00:00-04:00,120.68316599612514,120.68316599612514,118.84525690154456,119.81109619140625,432600,0.0,0.0
2025-03-28 00:00:00-04:00,120.67378333860175,123.63694745419961,120.50498826452086,121.93968200683594,624200,0.0,0.0
2025-03-31 00:00:00-04:00,121.70526981361627,124.75282468960927,121.37708018118569,123.15872192382812,770300,0.0,0.0
2025-04-01 00:00:00-04:00,123.11182421617154,124.30271880631936,122.08035276792312,123.88075256347656,479500,0.0,0.0
2025-04-02 00:00:00-04:00,122.79301109403329,124.39650004615415,122.54921186450821,123.89012908935547,587800,0.0,0.0
2025-04-03 00:00:00-04:00,121.78027734761797,124.04953167329158,121.4614596847072,122.16474151611328,629900,0.0,0.0
2025-04-04 00:00:00-04:00,119.52978838094589,119.8486060629823,112.99395435766773,114.22235107421875,510400,0.0,0.0
2025-04-07 00:00:00-04:00,111.70929740439676,114.97252865538918,107.74279138877246,109.61820983886719,731700,0.0,0.0
2025-04-08 00:00:00-04:00,112.95643526774411,113.8472631889915,108.3616593306992,109.8338623046875,598700,0.0,0.0
2025-04-09 00:00:00-04:00,107.58337460011481,117.86066608988689,107.58337460011481,117.45745086669922,605700,0.0,0.0
2025-04-10 00:00:00-04:00,116.3603282565835,118.57332248505051,114.99127371764258,117.15738677978516,565400,0.0,0.0
2025-04-11 00:00:00-04:00,117.27928157493035,118.60145489318177,114.93500873050131,117.8887939453125,553900,0.0,0.0
2025-04-14 00:00:00-04:00,119.1547084913247,121.69589958046932,118.99529964334025,120.5050048828125,415500,0.0,0.0
2025-04-15 00:00:00-04:00,121.07113474095028,122.00528711206549,119.60858538236967,119.87278747558594,286600,0.8,0.0
2025-04-16 00:00:00-04:00,121.37310461918584,121.86375748835677,119.45762478659009,120.20305633544922,425900,0.0,0.0
2025-04-17 00:00:00-04:00,120.57105259291778,121.91093892524957,119.68408213679795,120.75033569335938,431000,0.0,0.0
2025-04-21 00:00:00-04:00,120.73145502802863,120.73145502802863,117.43835201757642,118.3819351196289,307300,0.0,0.0
2025-04-22 00:00:00-04:00,120.02377708573499,122.57144878088327,119.60860538366913,122.24120330810547,226400,0.0,0.0
2025-04-23 00:00:00-04:00,122.56201618238272,123.77923212474244,120.35403504157964,121.22212982177734,331000,0.0,0.0
2025-04-24 00:00:00-04:00,120.65597764747378,122.13740287634994,120.16531038754589,121.84489440917969,293400,0.0,0.0
2025-04-25 00:00:00-04:00,120.90130366241978,121.42026283384223,118.37249354170274,119.35382080078125,378000,0.0,0.0
2025-04-28 00:00:00-04:00,119.86334613226619,120.9295995188779,119.40099248262851,120.12754821777344,257100,0.0,0.0
2025-04-29 00:00:00-04:00,119.53310177047096,121.07113955945918,118.96695337690869,120.81636810302734,249000,0.0,0.0
2025-04-30 00:00:00-04:00,120.81637902341014,120.81637902341014,117.41948835499743,119.51424407958984,444900,0.0,0.0
2025-05-01 00:00:00-04:00,117.83466690634134,119.97660479234722,116.96657209391014,118.99527740478516,568300,0.0,0.0
2025-05-02 00:00:00-04:00,120.08038386075249,122.76016353097907,119.25002614934571,122.373291015625,305100,0.0,0.0
2025-05-05 00:00:00-04:00,121.82601165771484,123.28856830677586,121.2126884167869,121.82601165771484,262100,0.0,0.0
2025-05-06 00:00:00-04:00,121.17494026020367,122.90169906503084,121.09945188427326,122.63749694824219,395400,0.0,0.0
2025-05-07 00:00:00-04:00,117.00430051697138,118.67443938099858,114.6359049988605,115.10769653320312,1021600,0.0,0.0
2025-05-08 00:00:00-04:00,115.46626825037009,117.06091881771209,115.21149677817127,115.87200927734375,549900,0.0,0.0
2025-05-09 00:00:00-04:00,115.70216552310464,116.24943826507001,114.77745089190806,114.94729614257812,531500,0.0,0.0
2025-05-12 00:00:00-04:00,115.67383850536201,116.59855302882278,114.86236373444531,116.50419616699219,460600,0.0,0.0
2025-05-13 00:00:00-04:00,116.74952860262668,118.2215157896121,116.34378762173108,117.24018859863281,447500,0.0,0.0
2025-05-14 00:00:00-04:00,116.80615537131217,117.7780448337649,114.66421765597481,115.1360092163086,663400,0.0,0.0
2025-05-15 00:00:00-04:00,115.13599785028039,117.4383427410954,115.13599785028039,117.18357849121094,295800,0.0,0.0
2025-05-16 00:00:00-04:00,117.40059921449193,119.79730098170589,117.24962967270527,119.47648620605469,358800,0.0,0.0
2025-05-19 00:00:00-04:00,119.2972047287296,120.2407877742154,119.00469628829853,119.96714782714844,277700,0.0,0.0
2025-05-20 00:00:00-04:00,119.49535295051109,120.19360236886186,118.5706456233106,118.62725830078125,311000,0.0,0.0
2025-05-21 00:00:00-04:00,117.75917288890057,117.94788662791817,115.90974369148324,115.92861938476562,365800,0.0,0.0
2025-05-22 00:00:00-04:00,116.03240466183381,116.33435093907964,113.72062195260645,114.55097961425781,454800,0.0,0.0
2025-05-23 00:00:00-04:00,113.81498791882245,115.11712991143838,113.79611222675959,114.6830825805664,411500,0.0,0.0
2025-05-27 00:00:00-04:00,115.51343267728768,116.58911675438243,114.34339173709056,116.4664535522461,368900,0.0,0.0
2025-05-28 00:00:00-04:00,116.18337224223356,116.74008995590656,114.58872186692909,114.76799774169922,405400,0.0,0.0
2025-05-29 00:00:00-04:00,114.9001122429443,116.07016048367842,114.62647947588405,116.05128479003906,296000,0.0,0.0
2025-05-30 00:00:00-04:00,114.97558388607156,117.07977708461144,114.97558388607156,116.98542022705078,886500,0.0,0.0
2025-06-02 00:00:00-04:00,116.24943712529175,117.84409489656086,115.64554450637864,117.80635070800781,414000,0.0,0.0
2025-06-03 00:00:00-04:00,117.71199159424879,118.0045000512542,115.68328649170867,117.50440216064453,421900,0.0,0.0
2025-06-04 00:00:00-04:00,117.91957327087847,118.768799443865,116.74953232085662,116.79670715332031,515800,0.0,0.0
2025-06-05 00:00:00-04:00,116.85332611500264,116.85332611500264,115.49457136413196,116.1173324584961,536000,0.0,0.0
2025-06-06 00:00:00-04:00,117.32511665808065,118.57065323412034,116.86276296480285,118.09886169433594,400700,0.0,0.0
2025-06-09 00:00:00-04:00,117.95731411983493,118.0044889509643,114.88123149089765,117.58931732177734,421700,0.0,0.0
2025-06-10 00:00:00-04:00,117.32512380199688,117.74974053303826,116.39097851205466,116.8627700805664,387600,0.0,0.0
2025-06-11 00:00:00-04:00,116.70235334842259,117.0892186602214,115.67384406779986,116.01353454589844,582700,0.0,0.0
2025-06-12 00:00:00-04:00,115.50400757851783,118.35362529530754,115.22092977664583,118.2875747680664,456400,0.0,0.0
2025-06-13 00:00:00-04:00,117.24020420132214,118.45742730600077,116.46646632070876,116.88164520263672,612700,0.0,0.0
2025-06-16 00:00:00-04:00,117.47608815338498,118.33475217290197,116.40040406669306,116.97599029541016,541500,0.0,0.0
2025-06-17 00:00:00-04:00,116.24942315534632,117.04203662177461,115.09825793817164,116.54193878173828,696100,0.0,0.0
2025-06-18 00:00:00-04:00,116.2871777437402,117.95732384084067,115.73046717735181,115.7682113647461,695000,0.0,0.0
2025-06-20 00:00:00-04:00,116.30606076796433,117.48553970225214,115.86257553683721,116.83446502685547,703200,0.0,0.0
2025-06-23 00:00:00-04:00,117.00430254760535,119.07075180755932,116.61743002722574,118.96695709228516,305700,0.0,0.0
2025-06-24 00:00:00-04:00,119.14623832998578,119.70295611861854,118.07055414066059,119.0141372680664,510000,0.0,0.0
2025-06-25 00:00:00-04:00,118.74993047215152,118.74993047215152,115.44738965616575,115.75877380371094,489800,0.0,0.0
2025-06-26 00:00:00-04:00,116.09846446199714,117.42891287777769,115.89087502999662,117.35343170166016,474400,0.0,0.0
2025-06-27 00:00:00-04:00,117.35343958994179,118.72163228523235,116.73067125207889,117.87240600585938,965800,0.0,0.0
2025-06-30 00:00:00-04:00,117.85352338680093,119.35381696809199,117.41947605135256,119.08961486816406,376600,0.0,0.0
2025-07-01 00:00:00-04:00,118.82541848548996,119.80674576027239,118.00449860781498,119.48592376708984,498200,0.0,0.0
2025-07-02 00:00:00-04:00,119.28777528387766,119.80674887503257,115.90974601537523,118.17434692382812,546300,0.0,0.0
2025-07-03 00:00:00-04:00,119.83505791496545,120.38233785996722,117.95732949563097,120.24079895019531,376500,0.0,0.0
2025-07-07 00:00:00-04:00,119.6651932201818,120.54272567942711,118.9763744773254,119.27832794189453,513000,0.0,0.0
2025-07-08 00:00:00-04:00,118.79710481933168,120.18417302412847,118.13659237949324,118.59895324707031,733300,0.0,0.0
2025-07-09 00:00:00-04:00,118.70275688426362,119.3538243281009,117.36286341076959,119.09906005859375,564800,0.0,0.0
2025-07-10 00:00:00-04:00,118.96695755220905,121.14663218345767,118.82541864910914,120.55217742919922,395100,0.0,0.0
2025-07-11 00:00:00-04:00,119.98602630080592,120.23135271506251,119.09905591381937,119.19341278076172,394400,0.0,0.0
2025-07-14 00:00:00-04:00,119.19341337805852,121.13719940185547,118.99526179679638,121.13719940185547,411300,0.0,0.0
2025-07-15 00:00:00-04:00,120.48204009882858,121.10871350150906,119.07678432257232,119.6369857788086,635700,0.8,0.0
2025-07-16 00:00:00-04:00,120.30162417326389,121.16567248575198,118.50707009482878,119.08626556396484,704500,0.0,0.0
2025-07-17 00:00:00-04:00,118.6685038573618,121.12770518683972,118.51658039213359,120.90931701660156,549600,0.0,0.0
2025-07-18 00:00:00-04:00,120.95678969238861,122.39052930205264,120.7099176940977,121.02325439453125,383300,0.0,0.0
2025-07-21 00:00:00-04:00,121.15618226539512,121.57395728324303,119.43758981452311,119.47557067871094,394800,0.0,0.0
2025-07-22 00:00:00-04:00,119.99779336912431,122.63740914571012,119.75092861373231,122.02022552490234,471500,0.0,0.0
2025-07-23 00:00:00-04:00,123.01720126008836,123.01720126008836,120.9378014636662,121.90628814697266,286700,0.0,0.0
2025-07-24 00:00:00-04:00,121.25114487524549,121.62144928891502,119.33315809788303,119.41860961914062,397100,0.0,0.0
2025-07-25 00:00:00-04:00,119.55152677366551,120.11172819479312,119.14324155802163,119.83637237548828,536700,0.0,0.0
2025-07-28 00:00:00-04:00,119.95980831767108,120.33960970885427,118.45960405086645,118.66849517822266,443900,0.0,0.0
2025-07-29 00:00:00-04:00,119.63697227743805,120.52000736258347,118.67797547130823,119.35211944580078,396300,0.0,0.0
2025-07-30 00:00:00-04:00,119.75092750616741,120.20668339199067,116.98787937744078,117.54808807373047,383500,0.0,0.0
2025-07-31 00:00:00-04:00,116.76949888810076,119.84587648302423,116.76949888810076,118.59253692626953,461800,0.0,0.0
2025-08-01 00:00:00-04:00,118.09878892018968,118.30768004657445,115.94342744472002,116.2377700805664,601000,0.0,0.0
2025-08-04 00:00:00-04:00,117.12080984223776,117.85192881336226,116.54161433050353,117.35818481445312,545900,0.0,0.0
2025-08-05 00:00:00-04:00,117.60505526698222,119.01031102731186,117.07333765432875,118.04182434082031,650900,0.0,0.0
2025-08-06 00:00:00-04:00,116.67454950495956,123.59640490633764,116.67454950495956,121.21316528320312,685200,0.0,0.0
2025-08-07 00:00:00-04:00,121.37457690282315,122.39053428661907,120.0072946955076,121.4505386352539,695600,0.0,0.0
2025-08-08 00:00:00-04:00,122.05821292920652,123.13113794564012,121.38406163706323,122.80831146240234,716800,0.0,0.0
2025-08-11 00:00:00-04:00,123.16912154576083,123.43498034436819,121.64991599238914,121.88729095458984,348100,0.0,0.0
2025-08-12 00:00:00-04:00,122.20063657606683,124.38448928559511,121.54547931438644,124.17559814453125,347900,0.0,0.0
2025-08-13 00:00:00-04:00,124.43195859595157,127.16650831978271,123.79579543321863,127.04308319091797,348400,0.0,0.0
2025-08-14 00:00:00-04:00,127.02409985515128,127.10955137193352,125.22005577805895,126.6158218383789,412200,0.0,0.0
2025-08-15 00:00:00-04:00,126.84368193750723,126.85318620850066,124.75478515768772,125.01115417480469,346300,0.0,0.0
2025-08-18 00:00:00-04:00,124.9067212702956,124.9067212702956,123.62489054301938,123.8052978515625,401800,0.0,0.0
2025-08-19 00:00:00-04:00,123.9856915059675,126.06509848475446,123.97620172327535,126.04610443115234,266600,0.0,0.0
2025-08-20 00:00:00-04:00,126.99560470702522,127.89762666524463,126.51136500016248,127.3374252319336,458900,0.0,0.0
2025-08-21 00:00:00-04:00,127.13803053865824,127.77420821990935,125.93217609979396,126.3404541015625,391500,0.0,0.0
2025-08-22 00:00:00-04:00,127.08105301458045,128.74267770720274,126.70125888012522,127.81217193603516,249700,0.0,0.0
2025-08-25 00:00:00-04:00,127.51783260297385,127.87863269356218,126.42589908382472,126.84368133544922,224600,0.0,0.0
2025-08-26 00:00:00-04:00,126.61580037995053,127.6127635498863,126.40690927107222,127.517822265625,422300,0.0,0.0
2025-08-27 00:00:00-04:00,126.98610667970043,130.119444385007,126.73922746271768,129.21742248535156,646500,0.0,0.0
2025-08-28 00:00:00-04:00,129.16049605200703,129.7966593735646,128.41988714104613,129.68272399902344,429400,0.0,0.0
2025-08-29 00:00:00-04:00,130.02450018142372,130.77459862121344,128.64772841934894,128.99903869628906,364300,0.0,0.0
2025-09-02 00:00:00-04:00,129.11299921244992,129.98653742832465,127.85966681166246,129.9580535888672,337000,0.0,0.0
2025-09-03 00:00:00-04:00,129.17947530685046,130.5657371656446,128.90411219896978,130.48028564453125,372900,0.0,0.0
2025-09-04 00:00:00-04:00,131.30630986076463,132.69258582632332,130.51823784305404,132.62611389160156,629200,0.0,0.0
2025-09-05 00:00:00-04:00,132.30330479352097,132.91098411418776,130.4517829952563,131.6481475830078,513500,0.0,0.0
2025-09-08 00:00:00-04:00,131.02149710762907,131.42977511243694,129.86310606446344,130.70816040039062,575400,0.0,0.0
2025-09-09 00:00:00-04:00,130.36633830297308,131.8095821981018,129.92007219387548,131.3917999267578,424200,0.0,0.0
2025-09-10 00:00:00-04:00,130.39483127036542,131.24937543924128,129.76815781947266,130.26190185546875,467800,0.0,0.0
2025-09-11 00:00:00-04:00,130.01501101180693,133.2528090647814,129.41683594216624,133.0629119873047,554100,0.0,0.0
2025-09-12 00:00:00-04:00,132.65463891413472,133.6611065014787,132.0944229557103,132.79705810546875,309900,0.0,0.0
2025-09-15 00:00:00-04:00,132.56918594485202,133.404750584745,131.2304019500312,132.2843475341797,486300,0.0,0.0
2025-09-16 00:00:00-04:00,131.1734171678484,131.97100816651076,130.59422159731335,131.67665100097656,625000,0.0,0.0
2025-09-17 00:00:00-04:00,132.05645124515033,133.99342471641816,131.6576630154252,132.01846313476562,573600,0.0,0.0
2025-09-18 00:00:00-04:00,131.50572082689874,134.41118786423752,131.50572082689874,133.68006896972656,475700,0.0,0.0
2025-09-19 00:00:00-04:00,134.28775796526074,134.54412698362688,132.6736111042723,134.13584899902344,1253300,0.0,0.0
2025-09-22 00:00:00-04:00,134.50615124637062,135.64554816041021,132.42674427193396,135.11383056640625,371700,0.0,0.0
2025-09-23 00:00:00-04:00,135.51261522895163,137.1932339640698,135.07583893771115,136.28170776367188,476600,0.0,0.0
2025-09-24 00:00:00-04:00,136.00637140874625,137.60152429246477,135.97788757069546,137.15525817871094,463500,0.0,0.0
2025-09-25 00:00:00-04:00,137.51607996860943,138.40861224278493,135.65505368541167,135.9114227294922,456100,0.0,0.0
2025-09-26 00:00:00-04:00,136.87988825671957,138.56049239276612,136.87988825671957,137.9053497314453,382000,0.0,0.0
2025-09-29 00:00:00-04:00,137.93385274702007,138.27567328613105,136.52858248166456,137.24070739746094,408500,0.0,0.0
2025-09-30 00:00:00-04:00,137.0982931261894,139.08274448553564,135.77848881444487,138.3611297607422,585700,0.0,0.0
2025-10-01 00:00:00-04:00,138.2471710976544,139.65242668825803,137.53504627638532,139.10171508789062,535600,0.0,0.0
2025-10-02 00:00:00-04:00,138.43709492732827,139.98476998623337,136.62354655456787,139.67144775390625,399600,0.0,0.0
2025-10-03 00:00:00-04:00,139.67143888291977,141.807813624233,138.69345516039832,141.20013427734375,420300,0.0,0.0
2025-10-06 00:00:00-04:00,142.42497624109487,142.44397029462797,140.07022069060974,140.2696075439453,563700,0.0,0.0
2025-10-07 00:00:00-04:00,140.877294221356,141.46599400588963,139.31062519616074,139.424560546875,321700,0.0,0.0
2025-10-08 00:00:00-04:00,139.88981000555785,140.41203780340382,138.95930424007972,139.85182189941406,321000,0.0,0.0
2025-10-09 00:00:00-04:00,140.0132398128931,140.0132398128931,135.82594242915715,136.1202850341797,434700,0.0,0.0
2025-10-10 00:00:00-04:00,136.4526209014264,136.4526209014264,129.9200577240858,130.60369873046875,850500,0.0,0.0
2025-10-13 00:00:00-04:00,130.19541456796165,132.075434699189,129.2554189905659,131.3538055419922,423500,0.0,0.0
2025-10-14 00:00:00-04:00,130.84109071923385,134.02190673023813,130.62270979626194,133.68959045410156,494800,0.0,0.0
2025-10-15 00:00:00-04:00,132.6863322054841,133.21184448463399,129.17975329455902,130.4027557373047,431900,0.88,0.0
2025-10-16 00:00:00-04:00,128.72113623155872,129.48551643403718,125.09034120429081,125.46297454833984,444300,0.0,0.0
2025-10-17 00:00:00-04:00,125.56807496456173,126.15091321928904,124.88013425146264,125.27188110351562,385300,0.0,0.0
2025-10-20 00:00:00-04:00,125.45342586512282,126.28468150411986,124.34507529356691,124.75593566894531,332400,0.0,0.0
2025-10-21 00:00:00-04:00,124.93747406572163,125.6445283712787,124.20177135489374,125.10946655273438,472000,0.0,0.0
2025-10-22 00:00:00-04:00,125.69228935589034,126.88662883175525,124.79414373734565,126.55220794677734,523900,0.0,0.0
2025-10-23 00:00:00-04:00,127.57457675505013,127.93764606230674,125.80694839901253,127.65101623535156,310400,0.0,0.0
2025-10-24 00:00:00-04:00,127.91854488098753,128.40583015759663,126.15091655598255,126.33245849609375,261500,0.0,0.0
2025-10-27 00:00:00-04:00,126.77196086141613,127.24969664623487,126.18913720010285,127.09683227539062,310300,0.0,0.0
2025-10-28 00:00:00-04:00,126.55221320966885,127.08727498441351,124.82281190939064,124.99480438232422,230900,0.0,0.0
2025-10-29 00:00:00-04:00,124.15398587468952,124.84192661430313,123.45649566734296,124.02976989746094,368300,0.0,0.0
2025-10-30 00:00:00-04:00,124.01064647575276,126.17002151677617,123.91510806803547,125.17632293701172,321500,0.0,0.0
2025-10-31 00:00:00-04:00,124.30686545040535,125.97894081037977,123.44693223195729,125.81649780273438,669600,0.0,0.0
2025-11-03 00:00:00-05:00,124.9183569412834,125.7018360388403,122.98830030882147,124.57438659667969,436900,0.0,0.0
2025-11-04 00:00:00-05:00,124.92791987371987,126.40890386648486,124.23042964229994,125.64452362060547,569800,0.0,0.0
2025-11-05 00:00:00-05:00,127.38349639143014,132.56215135141966,126.77198049598441,129.16065979003906,594400,0.0,0.0
2025-11-06 00:00:00-05:00,130.6893999806624,135.55274676556806,130.5078580499426,135.12278747558594,762900,0.0,0.0
2025-11-07 00:00:00-05:00,134.7215193086721,136.7853418269109,129.1606666199746,136.68978881835938,546000,0.0,0.0
2025-11-10 00:00:00-05:00,136.12605271627552,136.95730842042695,133.7660364777845,135.9158477783203,620800,0.0,0.0
2025-11-11 00:00:00-05:00,135.92538460134708,137.24394007506467,135.13234142362847,136.03048706054688,422200,0.0,0.0
2025-11-12 00:00:00-05:00,136.22159602932894,137.20573063279434,134.04310732005197,135.72474670410156,642700,0.0,0.0
2025-11-13 00:00:00-05:00,135.6387541222015,137.0241850199119,134.96036287443656,136.81398010253906,553300,0.0,0.0
2025-11-14 00:00:00-05:00,136.42222315241722,137.87454395241124,135.52407758635957,136.0973663330078,521400,0.0,0.0
2025-11-17 00:00:00-05:00,136.39777745612508,136.66911821055862,134.00415275404464,134.5952911376953,384700,2.0,0.0
2025-11-18 00:00:00-05:00,133.81034140482979,135.02168935194734,132.76373500408474,134.15921020507812,391900,0.0,0.0
2025-11-19 00:00:00-05:00,134.01384723629582,134.80849863275023,131.98847690186412,132.53115844726562,432400,0.0,0.0
2025-11-20 00:00:00-05:00,133.47117066852869,134.76004678040576,132.33735065739555,132.9091033935547,301900,0.0,0.0
2025-11-21 00:00:00-05:00,133.72313940776516,134.83757370022033,132.8897313569589,134.00416564941406,485400,0.0,0.0
2025-11-24 00:00:00-05:00,133.975113253458,134.05264131404414,131.63963033430898,131.99819946289062,515700,0.0,0.0
2025-11-25 00:00:00-05:00,132.75405612958195,133.80066258224787,132.3470449735946,133.29673767089844,389700,0.0,0.0
2025-11-26 00:00:00-05:00,133.2482701572825,134.2754908194902,132.95754370136515,133.01568603515625,335700,0.0,0.0
2025-11-28 00:00:00-05:00,133.01570421813386,134.45963644816345,132.90910499595765,133.46148681640625,208600,0.0,0.0
2025-12-01 00:00:00-05:00,133.2192181043652,133.81035656099297,130.85466427785425,131.19384765625,321700,0.0,0.0
2025-12-02 00:00:00-05:00,131.29075526071176,132.4439610787022,128.98435841169578,129.09095764160156,401700,0.0,0.0
2025-12-03 00:00:00-05:00,129.0424777922777,129.83711435718465,125.98018662994053,127.62761688232422,374300,0.0,0.0
2025-12-04 00:00:00-05:00,126.95897934008696,129.34291915122895,126.95897934008696,129.21693420410156,423700,0.0,0.0
2025-12-05 00:00:00-05:00,129.06187261415727,130.95158759313762,127.09464436465345,128.4707489013672,391300,0.0,0.0
2025-12-08 00:00:00-05:00,128.01524983409163,129.54638054141802,126.9201866190784,128.28659057617188,444600,0.0,0.0
2025-12-09 00:00:00-05:00,128.54825200275795,130.39919541308805,128.54825200275795,128.70330810546875,309500,0.0,0.0
2025-12-10 00:00:00-05:00,128.276905425255,129.45918227786257,128.09277815996907,128.94557189941406,472900,0.0,0.0
2025-12-11 00:00:00-05:00,129.32350762586168,132.434255750501,129.2362941200119,131.8625030517578,566300,0.0,0.0
2025-12-12 00:00:00-05:00,132.76373416148655,133.35487254740667,131.79465580994284,132.9866180419922,322300,0.0,0.0
2025-12-15 00:00:00-05:00,134.0138667972704,134.1398517411859,132.37613646119507,133.19984436035156,406900,0.0,0.0
2025-12-16 00:00:00-05:00,134.0429357913596,134.0429357913596,130.75774571190018,132.13385009765625,413400,0.0,0.0
2025-12-17 00:00:00-05:00,131.6008371974201,133.8587914297293,130.55423085023637,133.7037353515625,533300,0.0,0.0
2025-12-18 00:00:00-05:00,133.39362636167965,134.02353614907435,131.98846573897123,133.67466735839844,562200,0.0,0.0
2025-12-19 00:00:00-05:00,133.28704695688467,133.95571347060735,132.32766873020782,133.20953369140625,731000,0.0,0.0
2025-12-22 00:00:00-05:00,132.327668005341,134.35303845830202,132.0272560456246,133.6843719482422,336700,0.0,0.0
2025-12-23 00:00:00-05:00,133.897577810018,134.74067139358678,133.6456227172295,133.99449157714844,255700,0.0,0.0
2025-12-24 00:00:00-05:00,133.89756589120717,134.3821051097989,132.85095940461338,133.82003784179688,108600,0.0,0.0
2025-12-26 00:00:00-05:00,133.7037663895616,134.3142905972196,133.1610847769611,133.8878936767578,225700,0.0,0.0
2025-12-29 00:00:00-05:00,134.0816784830267,134.1882776909266,133.44208323562722,133.67466735839844,276900,0.0,0.0
2025-12-30 00:00:00-05:00,134.18829502959315,135.4287142707257,133.33550125620312,133.60684204101562,245800,0.0,0.0
2025-12-31 00:00:00-05:00,133.52930615491485,133.6262199096457,132.3179581555936,132.45362854003906,337400,0.0,0.0
2026-01-02 00:00:00-05:00,132.34705891932822,132.45364335970942,129.8759057668336,130.62208557128906,439300,0.0,0.0
2026-01-05 00:00:00-05:00,130.62209334453343,132.6377785353181,129.08126197417693,131.44581604003906,434600,0.0,0.0
2026-01-06 00:00:00-05:00,130.32165841651218,130.59299918414945,128.25753149034028,128.315673828125,468500,0.0,0.0
2026-01-07 00:00:00-05:00,128.31566922000744,129.38164654402559,127.86988666806226,129.1103057861328,482100,0.0,0.0
2026-01-08 00:00:00-05:00,129.2944319085295,131.57177194979442,128.8971062354642,130.8643341064453,343300,0.0,0.0
2026-01-09 00:00:00-05:00,130.55426337072925,131.29075774503687,128.15095270833547,128.21878051757812,313200,0.0,0.0
2026-01-12 00:00:00-05:00,127.86020667946686,128.93588429677564,126.79421452286793,127.53072357177734,287000,0.0,0.0
2026-01-13 00:00:00-05:00,127.30783916730076,127.55010879487769,125.26308291907282,125.51505279541016,411500,0.0,0.0
2026-01-14 00:00:00-05:00,125.89297622471227,128.39320022610238,125.58286404455724,127.76329040527344,613500,0.0,0.0
2026-01-15 00:00:00-05:00,130.2217779566715,130.82665401372546,128.38767847198056,128.6803436279297,367200,0.88,0.0
2026-01-16 00:00:00-05:00,127.91938813541533,128.592547786144,127.29501097419215,127.86085510253906,347400,0.0,0.0
2026-01-20 00:00:00-05:00,127.4706374922722,129.6461997839246,126.87552678897488,128.43646240234375,419400,0.0,0.0
2026-01-21 00:00:00-05:00,128.69987724659651,129.58766803823556,126.74869654567239,128.1828155517578,541300,0.0,0.0
2026-01-22 00:00:00-05:00,127.45111297051254,129.1583959522979,124.71945722239072,125.25603485107422,633500,0.0,0.0
2026-01-23 00:00:00-05:00,124.93409091937164,125.27555347748975,123.01217684541591,124.67068481445312,696700,0.0,0.0
2026-01-26 00:00:00-05:00,125.31456961574783,126.56332399447236,124.42678632340841,124.89507293701172,584800,0.0,0.0
2026-01-27 00:00:00-05:00,124.93409059774235,125.47066823640665,123.91947579937194,124.72921752929688,482900,0.0,0.0
2026-01-28 00:00:00-05:00,124.72921489086114,126.27064186510607,124.72921489086114,125.31456756591797,433800,0.0,0.0
2026-01-29 00:00:00-05:00,126.47552081660511,127.72427515954224,124.89506935770912,125.66577911376953,716100,0.0,0.0
2026-01-30 00:00:00-05:00,125.78284664744474,127.30477997656817,124.31946868232953,127.09014892578125,1728000,0.0,0.0
2026-02-02 00:00:00-05:00,127.0901493705461,128.0364731287839,126.27064222543441,126.96331787109375,526200,0.0,0.0
2026-02-03 00:00:00-05:00,125.93893708482621,128.86570772525252,125.93893708482621,127.07062530517578,616600,0.0,0.0
2026-02-04 00:00:00-05:00,124.3584955838937,129.2657135566867,122.9243766652266,123.09998321533203,1044000,0.0,0.0
2026-02-05 00:00:00-05:00,123.05120056335416,127.20721728166427,123.05120056335416,126.51454162597656,898000,0.0,0.0
2026-02-06 00:00:00-05:00,127.23647032996088,128.3681585189565,126.09503159817775,127.8413314819336,719300,0.0,0.0
2026-02-09 00:00:00-05:00,128.11452433434968,129.4608288150645,126.01699627404203,126.47552490234375,580300,0.0,0.0
2026-02-10 00:00:00-05:00,125.96821453099335,127.2072183777906,125.07067324307242,126.27064514160156,656400,0.0,0.0
2026-02-11 00:00:00-05:00,126.19261352858331,127.3145364392258,125.29505733647706,125.72431945800781,714700,0.0,0.0
2026-02-12 00:00:00-05:00,126.20236362120707,126.91454038229345,124.9145772612217,125.85115051269531,944100,0.0,0.0
2026-02-13 00:00:00-05:00,125.8511490596172,127.28239440917969,125.11084818279592,127.28239440917969,617000,1.5,0.0
2026-02-17 00:00:00-05:00,127.82527238275699,129.9474620000495,126.71976133316741,129.4045867919922,470200,0.0,0.0
2026-02-18 00:00:00-05:00,129.26640790707597,129.26640790707597,126.18674607706029,127.9437255859375,480600,0.0,0.0
2026-02-19 00:00:00-05:00,127.92400482232698,129.3058938464837,127.75619002660868,128.6840362548828,455200,0.0,0.0
2026-02-20 00:00:00-05:00,129.1775611041927,129.68097533297575,126.66055020611631,128.52610778808594,506300,0.0,0.0
2026-02-23 00:00:00-05:00,127.80553714251528,129.61187306085966,127.775926312826,127.9338607788086,722300,0.0,0.0
2026-02-24 00:00:00-05:00,128.29907762470467,129.21705857647467,126.56184359428566,129.1578369140625,555700,0.0,0.0
2026-02-25 00:00:00-05:00,129.20718109902626,130.45089628286647,127.98322655170509,130.0758056640625,848400,0.0,0.0
2026-02-26 00:00:00-05:00,130.78648984475285,132.14864829450127,130.05605421519238,131.62550354003906,652000,0.0,0.0
2026-02-27 00:00:00-05:00,131.1220802782997,132.27694777350567,129.95734752741913,131.26026916503906,5588800,0.0,0.0
2026-03-02 00:00:00-05:00,131.18130560050335,133.65885543681986,130.84570616068228,132.7606201171875,485900,0.0,0.0
2026-03-03 00:00:00-05:00,131.04311541253534,131.04311541253534,127.47980006005345,130.20411682128906,575300,0.0,0.0
2026-03-04 00:00:00-05:00,129.9277362148654,131.47742479170762,128.31881091981924,131.07272338867188,492600,0.0,0.0
2026-03-05 00:00:00-05:00,130.35216858740498,130.62854636082557,129.00975580445103,129.86851501464844,448800,0.0,0.0
2026-03-06 00:00:00-05:00,129.4638067504695,129.4638067504695,126.7493704999112,129.0492401123047,405200,0.0,0.0
2026-03-09 00:00:00-04:00,129.01963972488448,129.01963972488448,125.96959628421423,127.5785140991211,366000,0.0,0.0
2026-03-10 00:00:00-04:00,127.35149638718376,128.85182865329043,126.73950408721878,127.28239440917969,413000,0.0,0.0
2026-03-11 00:00:00-04:00,126.55196760074215,127.16394480902696,125.55501949651914,125.65373229980469,507400,0.0,0.0
2026-03-12 00:00:00-04:00,124.86407884155555,127.72656948606667,123.87701102462626,126.55197143554688,467800,0.0,0.0
2026-03-13 00:00:00-04:00,128.01282431799578,128.01282431799578,126.39403374203341,126.43350982666016,435300,0.0,0.0
2026-03-16 00:00:00-04:00,127.2231735920128,128.26946309502068,125.99921157616112,126.46312713623047,485700,0.0,0.0
2026-03-17 00:00:00-04:00,126.72963762551893,127.60812738853215,126.14727122270943,126.91718292236328,359200,0.0,0.0
2026-03-18 00:00:00-04:00,126.67041425840745,126.87769006473441,125.30825585670638,125.36748504638672,405100,0.0,0.0
2026-03-19 00:00:00-04:00,125.32800592488059,125.7721834443991,122.49511848871502,122.86033630371094,536600,0.0,0.0
2026-03-20 00:00:00-04:00,122.77149197136973,123.10709894404664,121.69559166906059,122.57408142089844,2706000,0.0,0.0
2026-03-23 00:00:00-04:00,124.21261345513905,127.29227535982164,123.23541840148033,125.67347717285156,717500,0.0,0.0
2026-03-24 00:00:00-04:00,125.30825916542612,126.55197428206593,124.57783107307336,126.07817840576172,400000,0.0,0.0
2026-03-25 00:00:00-04:00,126.86783088621152,127.34161924197193,124.57783375142255,125.20955657958984,433600,0.0,0.0
2026-03-26 00:00:00-04:00,125.00227080683221,127.48968598385949,124.89369274184206,127.26264953613281,469000,0.0,0.0
2026-03-27 00:00:00-04:00,127.30213772716478,127.30213772716478,123.63024423828459,124.15338897705078,369000,0.0,0.0
2026-03-30 00:00:00-04:00,125.16020438414282,125.62411994038621,123.81779152722292,125.49580383300781,488000,0.0,0.0
2026-03-31 00:00:00-04:00,126.54209466797417,128.9604078750008,124.15339229136931,126.05843353271484,495700,0.0,0.0
2026-04-01 00:00:00-04:00,125.99920922354909,126.69016121869818,125.22929752584483,126.12752532958984,438900,0.0,0.0
2026-04-02 00:00:00-04:00,126.56182591177819,128.3188052713461,125.77216871320131,128.03256225585938,387400,0.0,0.0
2026-04-06 00:00:00-04:00,127.34161824584308,128.38792282125883,127.15408800546965,128.22010803222656,287100,0.0,0.0
2026-04-07 00:00:00-04:00,128.00293933331858,129.55264293931185,126.86781743881475,128.95053100585938,353800,0.0,0.0
2026-04-08 00:00:00-04:00,129.30589023021008,130.74701593920764,127.88451009570848,130.1745147705078,597500,0.0,0.0
2026-04-09 00:00:00-04:00,130.17451598485016,132.2078733945515,129.58226923612958,130.7371368408203,394900,0.0,0.0
2026-04-10 00:00:00-04:00,130.3620515721081,130.3620515721081,128.1312687048322,128.99989318847656,400000,0.0,0.0
2026-04-13 00:00:00-04:00,128.55571273595484,130.58906994733215,127.9733313006468,130.47061157226562,477000,0.0,0.0
2026-04-14 00:00:00-04:00,129.65136617429,130.9444226285304,128.84196331994906,128.88145446777344,409500,0.0,0.0
2026-04-15 00:00:00-04:00,128.702564569217,130.2727158803582,127.37092243722094,129.7758331298828,588400,0.88,0.0
2026-04-16 00:00:00-04:00,129.4776926175038,130.7397789732187,128.84168334190036,129.71620178222656,353900,0.0,0.0
2026-04-17 00:00:00-04:00,129.28888977239433,131.54472640271436,129.28888977239433,130.64041137695312,489300,0.0,0.0
2026-04-20 00:00:00-04:00,130.6503479719616,131.92236656453835,128.45411960422618,129.1696319580078,615600,0.0,0.0
2026-04-21 00:00:00-04:00,129.6466491650108,130.23296714976235,128.0864301072584,129.85533142089844,576400,0.0,0.0
2026-04-22 00:00:00-04:00,129.62677298650496,129.62677298650496,127.29141801873608,129.41807556152344,565200,0.0,0.0
2026-04-23 00:00:00-04:00,129.80564605334231,132.3000071879821,129.5870164280673,131.40560913085938,477100,0.0,0.0
2026-04-24 00:00:00-04:00,131.09753286693405,131.09753286693405,129.02056677080438,129.46775817871094,435400,0.0,0.0
2026-04-27 00:00:00-04:00,129.21932802798784,130.70004409652728,128.49388345164812,128.74232482910156,399400,0.0,0.0
2026-04-28 00:00:00-04:00,130.1832759855898,131.27642406314558,129.12988701830383,130.55096435546875,403600,0.0,0.0
2026-04-29 00:00:00-04:00,129.76590027665256,129.94477078736196,127.58955141440615,128.61312866210938,536300,0.0,0.0
2026-04-30 00:00:00-04:00,125.36351958710169,132.53850014242957,122.32259199549715,132.4391326904297,933700,0.0,0.0
2026-05-01 00:00:00-04:00,133.20432130200825,134.02914848883938,130.07396603415197,130.8192901611328,589700,0.0,0.0
2026-05-04 00:00:00-04:00,129.93483852275406,131.47517807334623,128.83175821632048,130.58078002929688,385700,0.0,0.0
2026-05-05 00:00:00-04:00,130.88885974852815,132.6577611128875,130.5311035645196,130.80935668945312,608500,0.0,0.0
2026-05-06 00:00:00-04:00,130.55097281430022,132.91613962790015,130.55097281430022,131.4254913330078,539000,0.0,0.0
2026-05-07 00:00:00-04:00,130.80935055385814,131.9621069472308,129.31870238435096,130.87890625,551600,0.0,0.0
2026-05-08 00:00:00-04:00,130.21308127592582,131.15715538861585,129.21931585969276,130.50128173828125,383900,0.0,0.0
2026-05-11 00:00:00-04:00,131.28635861679192,132.01180317384015,129.60689252368277,131.14723205566406,362700,0.0,0.0
2026-05-12 00:00:00-04:00,131.66399766277377,133.73103173982105,130.9782970358136,132.67762756347656,378000,0.0,0.0
2026-05-13 00:00:00-04:00,132.49874498390395,133.01550724701895,130.64040850486205,131.5447235107422,458600,0.0,0.0
2026-05-14 00:00:00-04:00,132.1509219975326,133.14468742273456,131.51491273194964,131.78323364257812,315400,0.0,0.0
2026-05-15 00:00:00-04:00,133.14469528612977,134.15834032552462,131.92236798676586,133.46270751953125,307000,0.0,0.0
2026-05-18 00:00:00-04:00,133.51240108325925,136.55332108918748,133.31363585219458,136.02662658691406,421800,0.0,0.0
2026-05-19 00:00:00-04:00,136.20549869480004,137.13964070258268,134.46640904820933,135.46017456054688,520000,0.0,0.0
2026-05-20 00:00:00-04:00,136.26511317760347,137.03031681726563,134.46640014554586,136.08624267578125,270500,0.0,0.0
2026-05-21 00:00:00-04:00,135.47012170501554,136.62287817311392,133.7111525051505,136.38438415527344,312400,0.0,0.0
2026-05-22 00:00:00-04:00,136.28499048309803,137.08000585994287,135.05271589080564,135.83779907226562,227400,0.0,0.0
2026-05-26 00:00:00-04:00,135.2514926142215,135.8378106286082,134.6154832913688,134.8837890625,349800,0.0,0.0
2026-05-27 00:00:00-04:00,134.76453505984747,135.41047654541052,132.43912751543144,132.7471923828125,249800,0.0,0.0
2026-05-28 00:00:00-04:00,132.29006025179598,133.62171756373328,131.13730378097776,131.1770477294922,367400,0.0,0.0
2026-05-29 00:00:00-04:00,130.7696020538724,131.52487355910628,128.75225924722884,128.9907684326172,770300,0.0,0.0
2026-06-01 00:00:00-04:00,127.02309976461638,129.07026175127112,126.88397320789007,127.47029876708984,498900,0.0,0.0
2026-06-02 00:00:00-04:00,127.35104233053919,129.49757944258627,126.70510082317838,127.97711944580078,630700,0.0,0.0
2026-06-03 00:00:00-04:00,127.84792920847251,128.93114515919262,127.19204790204746,128.06655883789062,496500,0.0,0.0
2026-06-04 00:00:00-04:00,129.52738517546942,130.52115062594314,127.50011032851224,127.75848388671875,389300,0.0,0.0
2026-06-05 00:00:00-04:00,128.84169197756196,132.51863648611445,128.84169197756196,131.63418579101562,446900,0.0,0.0
2026-06-08 00:00:00-04:00,130.47146785639632,131.65405124601224,129.82552633679254,130.2528533935547,471400,0.0,0.0
2026-06-09 00:00:00-04:00,130.65035046246203,132.86644326407136,129.4975788523218,130.46153259277344,488500,0.0,0.0
2026-06-10 00:00:00-04:00,131.54473008061223,133.44282576281518,131.51491832967983,131.59442138671875,558200,0.0,0.0
2026-06-11 00:00:00-04:00,132.50868113141283,133.52232613369483,131.5745391845703,131.5745391845703,605700,0.0,0.0
2026-06-12 00:00:00-04:00,131.57454828347338,133.41302055396343,131.48511302629063,133.2639617919922,492700,0.0,0.0
2026-06-15 00:00:00-04:00,132.8465581471504,133.57201784386436,132.2006166697744,132.9658203125,746200,0.0,0.0
2026-06-16 00:00:00-04:00,133.17450578441046,134.8738514178861,132.3993699273606,133.8005828857422,859600,0.0,0.0
2026-06-17 00:00:00-04:00,133.16457246900356,135.05272078929502,131.7236155757645,132.5186309814453,723200,0.0,0.0
2026-06-18 00:00:00-04:00,132.51863298908677,132.6478121903609,130.58077816973852,132.07142639160156,1319000,0.0,0.0
2026-06-22 00:00:00-04:00,132.34968249046744,135.07260542923967,130.76959897902648,133.4825897216797,590700,0.0,0.0
2026-06-23 00:00:00-04:00,134.54590624560495,136.29492801218333,133.27388765833746,136.22537231445312,693000,0.0,0.0
2026-06-24 00:00:00-04:00,136.8017561559073,138.7594753150827,135.5694815329588,137.36819458007812,383600,0.0,0.0
2026-06-25 00:00:00-04:00,136.75206342213818,138.6402117011969,134.74465297845427,135.04278564453125,308600,0.0,0.0
2026-06-26 00:00:00-04:00,135.56948387428628,138.35203022869348,135.14217199987038,138.31227111816406,719000,0.0,0.0
2026-06-29 00:00:00-04:00,137.76571373378425,139.02778497911436,137.12970443133463,139.01785278320312,347800,0.0,0.0
2026-06-30 00:00:00-04:00,138.64020838438356,140.2799304267498,137.46757246650068,139.06753540039062,416500,0.0,0.0
2026-07-01 00:00:00-04:00,139.13710171021992,141.5022684443314,139.12716951417153,139.84268188476562,423400,0.0,0.0
2026-07-02 00:00:00-04:00,140.4588029662868,142.39664253211808,138.67996950935893,141.86001586914062,941200,0.0,0.0
2026-07-06 00:00:00-04:00,141.60165480371197,142.43641420359197,140.4290036016971,141.14451599121094,600500,0.0,0.0
2026-07-07 00:00:00-04:00,142.496031739735,144.2848126385891,141.18426918968058,141.9097137451172,423700,0.0,0.0
2026-07-08 00:00:00-04:00,143.1121655447796,143.16185685297953,140.06131331613045,140.31968688964844,501800,0.0,0.0
2026-07-09 00:00:00-04:00,141.17431600220561,141.71095783153726,139.80291484242167,141.4028778076172,612900,0.0,0.0
2026-07-10 00:00:00-04:00,141.37306896788039,141.92959036329597,139.6836707175699,140.49856567382812,462900,0.0,0.0
2026-07-13 00:00:00-04:00,141.74077123100588,142.90347498987785,140.94575583689948,142.45628356933594,472000,0.0,0.0
2026-07-14 00:00:00-04:00,141.78051676300493,142.69477916917404,140.1507420105021,140.26998901367188,339300,0.0,0.0
2026-07-15 00:00:00-04:00,138.36000061035156,139.72999572753906,136.72999572753906,137.8800048828125,425800,0.88,0.0
2026-07-16 00:00:00-04:00,137.5399932861328,139.9499969482422,137.5399932861328,139.92999267578125,388200,0.0,0.0
2026-07-17 00:00:00-04:00,141.14999389648438,143.2100067138672,139.10000610351562,141.88999938964844,446800,0.0,0.0
2026-07-20 00:00:00-04:00,142.24000549316406,142.99000549316406,141.52000427246094,142.25999450683594,326000,0.0,0.0
2026-07-21 00:00:00-04:00,141.8800048828125,141.9600067138672,140.1300048828125,141.4499969482422,315700,0.0,0.0
2026-07-22 00:00:00-04:00,141.4199981689453,142.2899932861328,139.7100067138672,140.41000366210938,304500,0.0,0.0
2026-07-23 00:00:00-04:00,139.5800018310547,141.3000030517578,138.82000732421875,141.16000366210938,311600,0.0,0.0
2026-07-24 00:00:00-04:00,141.42999267578125,143.80999755859375,141.38999938964844,143.75999450683594,244286,0.0,0.0
