Date,Open,High,Low,Close,Volume,Dividends,Stock Splits
2022-01-03 00:00:00-05:00,10.048783079532559,10.457911885867441,10.027250164598888,10.242581367492676,129700,0.0,0.0
2022-01-04 00:00:00-05:00,10.37177737957207,10.429198930438107,10.02007020938787,10.077491760253906,104100,0.0,0.0
2022-01-05 00:00:00-05:00,10.113380926172388,10.192335391585992,9.546342568517447,9.632474899291992,328500,0.0,0.0
2022-01-06 00:00:00-05:00,9.725783010767989,9.912403363038079,9.467385389311318,9.740138053894043,263700,0.0,0.0
2022-01-07 00:00:00-05:00,9.804739020668727,10.10620250403057,9.77602824532564,10.041603088378906,374000,0.0,0.0
2022-01-10 00:00:00-05:00,9.998538375320436,10.091848576652637,9.79756224113464,9.898050308227539,115700,0.0,0.0
2022-01-11 00:00:00-05:00,9.811916088853568,10.156445364992958,9.654006495030268,10.099023818969727,176500,0.0,0.0
2022-01-12 00:00:00-05:00,10.156445131484647,10.37895413059805,10.099023586781602,10.221044540405273,134300,0.0,0.0
2022-01-13 00:00:00-05:00,10.192337825742905,10.608644532835964,10.134916258179663,10.371780395507812,220500,0.0,0.0
2022-01-14 00:00:00-05:00,10.292823292071876,10.55122028035341,10.256934650347493,10.536865234375,139700,0.0,0.0
2022-01-18 00:00:00-05:00,10.479445156111826,10.522510984626269,10.020071983337402,10.020071983337402,171000,0.0,0.0
2022-01-19 00:00:00-05:00,10.163625176705903,10.479444424862841,10.09184857268402,10.13491439819336,105500,0.0,0.0
2022-01-20 00:00:00-05:00,10.127736793771398,10.45791109744494,9.919583473054532,10.012893676757812,138700,0.0,0.0
2022-01-21 00:00:00-05:00,9.883693874495288,10.041602791961518,9.445853707789201,9.488920211791992,361100,0.0,0.0
2022-01-24 00:00:00-05:00,9.366901090332215,9.366901090332215,8.656308768494618,8.907527923583984,706600,0.0,0.0
2022-01-25 00:00:00-05:00,8.814215826653012,9.273588894881401,8.685017685994127,9.194634437561035,241200,0.0,0.0
2022-01-26 00:00:00-05:00,9.345365557485108,9.510452325893864,9.194633832863774,9.295121192932129,337700,0.0,0.0
2022-01-27 00:00:00-05:00,9.30230018697964,9.445854064884488,8.943415149958078,9.187457084655762,232800,0.0,0.0
2022-01-28 00:00:00-05:00,9.854984481981358,10.256936093723853,9.63965397037113,10.020071983337402,615300,0.0,0.0
2022-01-31 00:00:00-05:00,9.610943717135108,10.386135518114056,9.567877201738927,10.35742473602295,712300,0.0,0.0
2022-02-01 00:00:00-05:00,10.328712850139743,10.357423629162634,10.134914578346004,10.264113426208496,276300,0.0,0.0
2022-02-02 00:00:00-05:00,10.335891042434552,10.371779690853089,9.96265087863126,10.21387004852295,124900,0.0,0.0
2022-02-03 00:00:00-05:00,10.055959572264355,10.177980547750819,9.977004420761975,9.99853801727295,148200,0.0,0.0
2022-02-04 00:00:00-05:00,10.05596100015045,10.127737611822088,9.804741148002151,9.919584274291992,139100,0.0,0.0
2022-02-07 00:00:00-05:00,9.984182286265634,10.14209190475146,9.883694907290142,9.99853801727295,145100,0.0,0.0
2022-02-08 00:00:00-05:00,10.055961987470612,10.364602748547949,9.941118849905177,9.955473899841309,147200,0.0,0.0
2022-02-09 00:00:00-05:00,10.048781588986778,10.05595945440631,9.819095371713134,9.85498332977295,122300,0.0,0.0
2022-02-10 00:00:00-05:00,9.711428908498732,10.228223553387826,9.711428908498732,9.826272010803223,159300,0.0,0.0
2022-02-11 00:00:00-05:00,9.890872342695038,10.752196374240626,9.790384961134738,9.876517295837402,674800,0.0,0.0
2022-02-14 00:00:00-05:00,9.876517007897089,9.991360117485835,9.63965292324057,9.725785255432129,113100,0.0,0.0
2022-02-15 00:00:00-05:00,9.833450885419172,9.969827596796602,9.74731854984767,9.898050308227539,104400,0.0,0.0
2022-02-16 00:00:00-05:00,9.833452686213091,10.40766904636461,9.797564035356295,10.371780395507812,200900,0.0,0.0
2022-02-17 00:00:00-05:00,10.285645503665021,10.407666475728174,10.03442569423643,10.084670066833496,161200,0.0,0.0
2022-02-18 00:00:00-05:00,10.113382745989012,10.436379215643734,10.020072533063153,10.35742473602295,151200,0.0,0.0
2022-02-22 00:00:00-05:00,10.335891390785363,11.161327594155265,10.335891390785363,10.967529296875,466100,0.0,0.0
2022-02-23 00:00:00-05:00,11.175682218978773,11.45561285402667,10.759375541944893,10.99623966217041,338600,0.0,0.0
2022-02-24 00:00:00-05:00,10.644530994331095,10.823973527188354,10.106203395759318,10.766551971435547,343600,0.0,0.0
2022-02-25 00:00:00-05:00,10.917283668435145,10.953172311719781,10.572753651229144,10.694774627685547,282400,0.0,0.0
2022-02-28 00:00:00-05:00,10.558400210660702,10.622999641495454,10.127737794775047,10.35742473602295,201400,0.0,0.0
2022-03-01 00:00:00-05:00,10.343066009147561,10.450731924216992,9.933937311632715,10.300000190734863,358800,0.0,0.0
2022-03-02 00:00:00-05:00,10.450735056314091,10.92446330794372,10.450735056314091,10.687599182128906,343500,0.0,0.0
2022-03-03 00:00:00-05:00,10.773730064146218,10.981883379267785,10.371778480884425,10.84550666809082,246900,0.0,0.0
2022-03-04 00:00:00-05:00,10.630174259276075,10.644529303674815,10.199511975012589,10.407665252685547,259600,0.0,0.0
2022-03-07 00:00:00-05:00,10.300000568068901,10.615819091234258,10.192334649055198,10.235401153564453,245700,0.0,0.0
2022-03-08 00:00:00-05:00,10.33589014713362,10.788085435192075,10.163625471069153,10.558399200439453,191400,0.0,0.0
2022-03-09 00:00:00-05:00,10.737839601011368,11.161324025269815,10.687595918309125,11.118257522583008,393100,0.0,0.0
2022-03-10 00:00:00-05:00,11.125436245179404,11.66376380543002,11.111080515003653,11.534564971923828,349300,0.0,0.0
2022-03-11 00:00:00-05:00,11.534565633456202,11.735541760329783,11.139792614246439,11.14696979522705,268000,0.0,0.0
2022-03-14 00:00:00-04:00,11.161326396115365,11.268991648923961,10.795263441335768,10.88857364654541,202300,0.0,0.0
2022-03-15 00:00:00-04:00,10.845507036174011,11.010594531435473,10.716308870881319,10.867040634155273,153800,0.0,0.0
2022-03-16 00:00:00-04:00,11.068015666981681,11.154148002055129,10.788085064603765,11.132615089416504,261900,0.0,0.0
2022-03-17 00:00:00-04:00,11.003413866867351,11.383831769035309,10.895748642420187,11.340765953063965,245200,0.0,0.0
2022-03-18 00:00:00-04:00,11.247458073532481,11.685298294103882,11.247458073532481,11.548921585083008,337200,0.0,0.0
2022-03-21 00:00:00-04:00,11.663764498647135,12.173380628834465,11.591987212540195,11.742719650268555,214800,0.0,0.0
2022-03-22 00:00:00-04:00,11.871918750140598,12.080071378444684,11.735542040469573,11.857563018798828,260800,0.0,0.0
2022-03-23 00:00:00-04:00,11.807318008622886,12.35282204826882,11.800140143754158,11.836028099060059,254600,0.0,0.0
2022-03-24 00:00:00-04:00,11.82885151496893,12.625576804173143,11.699652671418207,12.173380851745605,263200,0.0,0.0
2022-03-25 00:00:00-04:00,12.223629665179038,12.546625504210919,11.929343928509892,12.187740325927734,300000,0.0,0.0
2022-03-28 00:00:00-04:00,12.115960895939033,12.381536483764648,11.764253647061592,12.381536483764648,273700,0.0,0.0
2022-03-29 00:00:00-04:00,12.575336149755014,12.66146782022502,12.295404798131942,12.316938400268555,183500,0.0,0.0
2022-03-30 00:00:00-04:00,12.338470164984843,12.618400105883088,12.245159271993419,12.302580833435059,296300,0.0,0.0
2022-03-31 00:00:00-04:00,12.316936809714079,12.625578221957833,12.202093684558921,12.417424201965332,124600,0.0,0.0
2022-04-01 00:00:00-04:00,12.661463493258788,12.95574911003134,12.553798257446008,12.78348445892334,323600,0.0,0.0
2022-04-04 00:00:00-04:00,12.754774028185283,12.919860809965794,12.539442193263225,12.68299674987793,287700,0.0,0.0
2022-04-05 00:00:00-04:00,12.726065866048094,12.941397756753798,12.266693356336834,12.381536483764648,322500,0.0,0.0
2022-04-06 00:00:00-04:00,12.316935799408308,12.39589095486539,12.044183741797006,12.194914817810059,279600,0.0,0.0
2022-04-07 00:00:00-04:00,12.166205090354701,12.316936170914133,11.893451655478628,12.216448783874512,181100,0.0,0.0
2022-04-08 00:00:00-04:00,12.209270053132993,12.453312006407257,12.144670632028754,12.352823257446289,129500,0.0,0.0
2022-04-11 00:00:00-04:00,12.360002066560405,12.417423626476767,12.015472707062228,12.051362037658691,124400,0.0,0.0
2022-04-12 00:00:00-04:00,12.159028640099622,12.245160305009243,11.699654740775175,11.828853607177734,117400,0.0,0.0
2022-04-13 00:00:00-04:00,11.836027420674117,11.958048378373341,11.670940645268598,11.950870513916016,119800,0.0,0.0
2022-04-14 00:00:00-04:00,11.922163311707195,12.309758502983364,11.836030286402494,12.259514808654785,114300,0.0,0.0
2022-04-18 00:00:00-04:00,12.295402645905328,12.560978216283461,12.087250004506666,12.202093124389648,119700,0.0,0.0
2022-04-19 00:00:00-04:00,12.15902715202701,12.30975823169081,12.008294703325248,12.230804443359375,141600,0.0,0.0
2022-04-20 00:00:00-04:00,12.288224539748002,12.403067644592934,11.950871721357938,12.151847839355469,227200,0.0,0.0
2022-04-21 00:00:00-04:00,12.288224126426682,12.324112082094437,11.398188724777494,11.455610275268555,239300,0.0,0.0
2022-04-22 00:00:00-04:00,11.426900738713853,11.627876871737513,11.089548579620306,11.132615089416504,190800,0.0,0.0
2022-04-25 00:00:00-04:00,10.967527517510216,11.039304805121299,10.680419736103776,11.024949073791504,219000,0.0,0.0
2022-04-26 00:00:00-04:00,10.917282169294666,10.917282169294666,10.292822326159799,10.300000190734863,305300,0.0,0.0
2022-04-27 00:00:00-04:00,10.44355794973437,10.594289739362171,10.127738635981308,10.522512435913086,376600,0.0,0.0
2022-04-28 00:00:00-04:00,10.658887081070835,10.780908062245468,10.307179184704506,10.666064262390137,163400,0.0,0.0
2022-04-29 00:00:00-04:00,10.766551970049296,10.931638771687627,10.486621372401196,10.529687881469727,211800,0.0,0.0
2022-05-02 00:00:00-04:00,10.479445636108698,10.558400115014251,9.977005927287255,10.21387004852295,375100,0.0,0.0
2022-05-03 00:00:00-04:00,10.22822385745068,10.888572399851114,10.22822385745068,10.73784065246582,188500,0.0,0.0
2022-05-04 00:00:00-04:00,10.701952495805074,10.94599444877623,10.522509963857923,10.931638717651367,153000,0.0,0.0
2022-05-05 00:00:00-04:00,10.773730174993627,10.773730174993627,10.177981001981092,10.393311500549316,223300,0.0,0.0
2022-05-06 00:00:00-04:00,10.31435690359513,10.529688084042498,10.228224568319972,10.33588981628418,135300,0.0,0.0
2022-05-09 00:00:00-04:00,10.228224117361542,10.357422956837427,9.80473964087407,9.85498332977295,264300,0.0,0.0
2022-05-10 00:00:00-04:00,10.01289411707866,10.15644801965848,9.768852140433467,10.020071983337402,167500,0.0,0.0
2022-05-11 00:00:00-04:00,10.08467067619471,10.500977305617445,9.804740073161234,10.33588981628418,165700,0.0,0.0
2022-05-12 00:00:00-04:00,10.264113541032913,10.680420183781527,9.977005063073161,10.558399200439453,192600,0.0,0.0
2022-05-13 00:00:00-04:00,10.687597682610885,11.376657047717414,10.687597682610885,11.132615089416504,222300,0.0,0.0
2022-05-16 00:00:00-04:00,11.132615307903421,11.59198777064404,11.032127239419427,11.448433876037598,164700,0.0,0.0
2022-05-17 00:00:00-04:00,11.678119801459221,11.900628148097653,11.541743099760525,11.649408340454102,224600,0.0,0.0
2022-05-18 00:00:00-04:00,11.584808186810164,11.656585465728629,11.12543579219236,11.290522575378418,144000,0.0,0.0
2022-05-19 00:00:00-04:00,11.362300670853392,11.6565863034341,11.261812610049699,11.319234848022461,172600,0.0,0.0
2022-05-20 00:00:00-04:00,11.49867812970051,11.62787697572558,10.989061295902566,11.15414810180664,180200,0.0,0.0
2022-05-23 00:00:00-04:00,11.419724891112535,11.66376689254106,11.197216490647047,11.57763385772705,168300,0.0,0.0
2022-05-24 00:00:00-04:00,11.56327953277249,12.044185670304705,11.484324364673155,11.958052635192871,228700,0.0,0.0
2022-05-25 00:00:00-04:00,11.900628843786244,12.094427109786453,11.771429999786104,11.857563018798828,81700,0.0,0.0
2022-05-26 00:00:00-04:00,11.907806344443973,12.17338052093653,11.907806344443973,12.072893142700195,95500,0.0,0.0
2022-05-27 00:00:00-04:00,12.037007640612552,12.245160305009243,11.821675740262243,11.828853607177734,89400,0.0,0.0
2022-05-31 00:00:00-04:00,11.850383384408968,11.850383384408968,11.41972109169927,11.426898956298828,148200,0.0,0.0
2022-06-01 00:00:00-04:00,11.434078573749494,11.6278768405339,11.190036616103475,11.333590507507324,110500,0.0,0.0
2022-06-02 00:00:00-04:00,11.484321285346482,11.714007492007367,11.182857796844626,11.534564971923828,147200,0.0,0.0
2022-06-03 00:00:00-04:00,11.276872777450963,11.712621295161124,11.179204907414329,11.412104606628418,144700,0.717,0.0
2022-06-06 00:00:00-04:00,11.629980663147116,11.72013618518302,11.051487148418087,11.11910343170166,175900,0.0,0.0
2022-06-07 00:00:00-04:00,10.946305973125172,11.276874303599751,10.931280530732705,11.059000015258789,103800,0.0,0.0
2022-06-08 00:00:00-04:00,11.028947728403587,11.1716926464488,10.638276219670754,10.720918655395508,328500,0.0,0.0
2022-06-09 00:00:00-04:00,10.690866223826227,10.690866223826227,9.894498490005743,9.917037010192871,343000,0.0,0.0
2022-06-10 00:00:00-04:00,9.811856144144748,9.977139570261839,9.503826377683056,9.72921371459961,470400,0.0,0.0
2022-06-13 00:00:00-04:00,9.751752427351866,9.766778584472316,9.045539521882588,9.06807804107666,596400,0.0,0.0
2022-06-14 00:00:00-04:00,9.158234669934439,9.548906235529628,9.023002811178738,9.248390197753906,413400,0.0,0.0
2022-06-15 00:00:00-04:00,9.406158875659235,9.751751871905855,9.195796986874466,9.36108112335205,348500,0.0,0.0
2022-06-16 00:00:00-04:00,9.120668217747246,9.293464713270007,8.940357927718708,9.053051948547363,203600,0.0,0.0
2022-06-17 00:00:00-04:00,9.053053303805806,9.353569304696899,8.940359266106649,9.015488624572754,233700,0.0,0.0
2022-06-21 00:00:00-04:00,9.113158397182431,9.19580013547409,8.8802579107433,9.023003578186035,247000,0.0,0.0
2022-06-22 00:00:00-04:00,8.88025606592843,9.270927583573513,8.88025606592843,9.015488624572754,142900,0.0,0.0
2022-06-23 00:00:00-04:00,9.1281825276022,9.173260288852386,8.639843815906517,8.722485542297363,334100,0.0,0.0
2022-06-24 00:00:00-04:00,8.775076293570429,8.962898983302763,8.564714365199789,8.579740524291992,321100,0.0,0.0
2022-06-27 00:00:00-04:00,8.587253300353069,8.812639946877043,8.286736577509975,8.594765663146973,411600,0.0,0.0
2022-06-28 00:00:00-04:00,8.654869361193446,9.000462401486805,8.647356282103594,8.865230560302734,408000,0.0,0.0
2022-06-29 00:00:00-04:00,8.940359423658458,8.9478725029348,8.609791816852816,8.760049819946289,151300,0.0,0.0
2022-06-30 00:00:00-04:00,8.647354858171944,8.662380297390802,8.354351270295528,8.414454460144043,251500,0.0,0.0
2022-07-01 00:00:00-04:00,8.421968538711054,8.76756227964739,8.211607349245734,8.737510681152344,183800,0.0,0.0
2022-07-05 00:00:00-04:00,8.339329542474651,8.436996732080125,7.918606309806673,8.429484367370605,443300,0.0,0.0
2022-07-06 00:00:00-04:00,8.44450837613001,8.519637742334018,8.106427661185448,8.37689208984375,177100,0.0,0.0
2022-07-07 00:00:00-04:00,8.57974034309801,8.707459826737649,8.3393275345936,8.512124061584473,242500,0.0,0.0
2022-07-08 00:00:00-04:00,8.474559527261986,8.797614781625287,8.414456324099515,8.58725357055664,147600,0.0,0.0
2022-07-11 00:00:00-04:00,8.436997130370774,8.467049456574983,8.211610415734343,8.24166202545166,291800,0.0,0.0
2022-07-12 00:00:00-04:00,8.038810901169176,8.316788393363915,7.888552894102655,8.271711349487305,357600,0.0,0.0
2022-07-13 00:00:00-04:00,8.13647854483653,8.271711105450029,7.9636820209296575,8.053836822509766,201600,0.0,0.0
2022-07-14 00:00:00-04:00,7.83596164621506,7.888551762019481,7.573009634219774,7.595548152923584,284600,0.0,0.0
2022-07-15 00:00:00-04:00,7.663165956146147,7.835963211353759,7.520421020528324,7.7908854484558105,183100,0.0,0.0
2022-07-18 00:00:00-04:00,7.903577947112491,8.21160699761832,7.881038711841386,8.038809776306152,132300,0.0,0.0
2022-07-19 00:00:00-04:00,8.113938791728327,8.18155506176977,7.986219329758173,8.061347961425781,269400,0.0,0.0
2022-07-20 00:00:00-04:00,7.993733791565181,8.083888595063808,7.62560078167076,7.633113861083984,278500,0.0,0.0
2022-07-21 00:00:00-04:00,7.633114394944641,7.655652918273972,7.302546758996414,7.512907981872559,350100,0.0,0.0
2022-07-22 00:00:00-04:00,7.559110406689005,7.80906162721416,7.400051655422097,7.7863383293151855,446000,0.081,0.0
2022-07-25 00:00:00-04:00,7.884802617248329,8.286238096876222,7.801486037653875,8.210495948791504,203500,0.0,0.0
2022-07-26 00:00:00-04:00,8.180198871272928,8.468020765007697,8.134753004962159,8.248367309570312,207400,0.0,0.0
2022-07-27 00:00:00-04:00,8.33168477597444,8.73312029474413,8.013565844922953,8.710397720336914,276700,0.0,0.0
2022-07-28 00:00:00-04:00,8.861881692981855,9.482971338590904,8.763416252551915,9.407228469848633,637200,0.0,0.0
2022-07-29 00:00:00-04:00,9.40722758600814,10.232821743913942,9.278465154646458,9.816237449645996,785800,0.0,0.0
2022-08-01 00:00:00-04:00,9.657181160057377,10.285844660140762,9.535993119897356,9.79351806640625,393500,0.0,0.0
2022-08-02 00:00:00-04:00,9.626882833442597,10.043467206273768,9.626882833442597,9.869258880615234,219700,0.0,0.0
2022-08-03 00:00:00-04:00,9.891981024996806,10.081337470386705,9.785941155536959,9.99802017211914,178500,0.0,0.0
2022-08-04 00:00:00-04:00,10.013168168556605,10.391881026586185,9.69504931002476,9.710197448730469,363100,0.0,0.0
2022-08-05 00:00:00-04:00,9.642031086057044,9.907130432452627,9.551140067322514,9.763219833374023,340600,0.0,0.0
2022-08-08 00:00:00-04:00,9.891981159634001,10.34643620135272,9.891981159634001,10.30099105834961,363800,0.0,0.0
2022-08-09 00:00:00-04:00,10.278267721230566,10.278267721230566,9.619307371760048,9.695050239562988,288600,0.0,0.0
2022-08-10 00:00:00-04:00,9.823813013446975,9.929852165149939,9.452673815473963,9.475397109985352,193500,0.0,0.0
2022-08-11 00:00:00-04:00,9.551138963723005,10.005594727222544,9.551138963723005,9.907129287719727,238400,0.0,0.0
2022-08-12 00:00:00-04:00,9.854112166868921,10.14950783658417,9.823815156581773,10.111637115478516,133300,0.0,0.0
2022-08-15 00:00:00-04:00,9.967722606853842,10.444900908969714,9.816237603564076,10.384306907653809,221100,0.0,0.0
2022-08-16 00:00:00-04:00,10.361585363546775,10.414604939362789,10.141931906446445,10.346436500549316,190200,0.0,0.0
2022-08-17 00:00:00-04:00,10.217673831905667,10.679704030540654,10.141931685580486,10.2631196975708,217000,0.0,0.0
2022-08-18 00:00:00-04:00,10.21892130487416,10.622800918928153,10.157958371686217,10.584699630737305,206000,0.082,0.0
2022-08-19 00:00:00-04:00,10.470392364440132,10.470392364440132,9.952207492796152,10.058892250061035,193500,0.0,0.0
2022-08-22 00:00:00-04:00,9.952208259616025,10.531356101959238,9.8226618500396,10.401809692382812,308300,0.0,0.0
2022-08-23 00:00:00-04:00,10.424673264975818,10.851413859331037,10.287506281993844,10.820932388305664,221800,0.0,0.0
2022-08-24 00:00:00-04:00,10.859033197224031,11.034301454381268,10.569458891423128,10.950477600097656,307400,0.0,0.0
2022-08-25 00:00:00-04:00,10.950477081504328,11.080023494457443,10.27988409878688,11.003819465637207,432600,0.0,0.0
2022-08-26 00:00:00-04:00,11.019060460081072,11.45342153082286,10.958097528283467,11.24005126953125,337800,0.0,0.0
2022-08-29 00:00:00-04:00,11.072403528460962,11.712515078657116,11.072403528460962,11.30101490020752,342700,0.0,0.0
2022-08-30 00:00:00-04:00,11.301014761077548,11.54486650034614,11.049542473272936,11.194329261779785,300700,0.0,0.0
2022-08-31 00:00:00-04:00,11.278154183286041,11.369598588277283,10.69900555827265,10.752347946166992,298000,0.0,0.0
2022-09-01 00:00:00-04:00,10.76758973078008,11.057164061764519,10.55421943885202,11.019062042236328,263500,0.0,0.0
2022-09-02 00:00:00-04:00,11.232430217591613,11.720134376834093,10.97333740570453,11.361976623535156,299400,0.0,0.0
2022-09-06 00:00:00-04:00,11.392459434240498,11.659172825460171,11.02668181663863,11.270533561706543,292200,0.0,0.0
2022-09-07 00:00:00-04:00,11.278152954698134,12.101153236701132,11.09526416463868,12.063051223754883,432300,0.0,0.0
2022-09-08 00:00:00-04:00,12.124013839398923,12.459310672549124,11.613448768670313,11.979227066040039,395600,0.0,0.0
2022-09-09 00:00:00-04:00,12.108772645673982,12.886050293682862,11.97922624988327,12.779365539550781,524800,0.0,0.0
2022-09-12 00:00:00-04:00,13.061320906167037,13.213728971467676,12.619339260960423,12.764126777648926,291600,0.0,0.0
2022-09-13 00:00:00-04:00,12.497413465981804,13.099423728756078,12.367867045731078,12.451691627502441,255200,0.0,0.0
2022-09-14 00:00:00-04:00,12.489791829810363,12.87843105672289,12.489791829810363,12.870810508728027,175500,0.0,0.0
2022-09-15 00:00:00-04:00,12.779368661943796,13.061321710602888,12.291663695027031,12.444071769714355,182700,0.0,0.0
2022-09-16 00:00:00-04:00,12.223081496961763,12.581238578180304,12.070673424310284,12.466933250427246,193000,0.0,0.0
2022-09-19 00:00:00-04:00,12.345006706911958,13.099423573499651,12.192598642492394,13.07656192779541,241500,0.0,0.0
2022-09-20 00:00:00-04:00,13.16038658465376,13.16038658465376,12.695543293610742,12.764126777648926,216600,0.0,0.0
2022-09-21 00:00:00-04:00,12.86318956323293,12.962255230633891,12.352624491121983,12.505032539367676,171500,0.0,0.0
2022-09-22 00:00:00-04:00,12.642198942989065,12.642198942989065,12.299281576066075,12.421207427978516,190700,0.0,0.0
2022-09-23 00:00:00-04:00,12.248852758115213,12.248852758115213,11.827534968892035,12.08798599243164,300200,0.085,0.0
2022-09-26 00:00:00-04:00,11.881158355438474,12.011383874270113,11.222370264750142,11.406218528747559,356800,0.0,0.0
2022-09-27 00:00:00-04:00,11.490481804157126,11.70497059328208,11.053843729373606,11.107465744018555,425800,0.0,0.0
2022-09-28 00:00:00-04:00,11.176407112883691,11.291311621858231,10.877654366786812,11.069162368774414,571600,0.0,0.0
2022-09-29 00:00:00-04:00,11.015540493267922,11.17640724607641,10.67848599664773,11.023200988769531,383700,0.0,0.0
2022-09-30 00:00:00-04:00,11.07682690292112,11.375579757946669,10.877658332904089,10.931281089782715,242400,0.0,0.0
2022-10-03 00:00:00-04:00,11.230030289366903,11.858176367538464,11.161087284583171,11.812214851379395,268500,0.0,0.0
2022-10-04 00:00:00-04:00,12.019044062123166,12.24119335547837,11.842857019016881,11.973082542419434,219100,0.0,0.0
2022-10-05 00:00:00-04:00,11.750931673039862,12.02670294591162,11.620706167103037,11.77391242980957,150000,0.0,0.0
2022-10-06 00:00:00-04:00,11.773912805189276,11.95010056082788,11.505802019541122,11.551763534545898,97900,0.0,0.0
2022-10-07 00:00:00-04:00,11.482819703517565,11.55176270159866,11.22236870212012,11.275991439819336,58100,0.0,0.0
2022-10-10 00:00:00-04:00,11.33727650981101,11.444520548405196,11.122787702077419,11.176409721374512,57400,0.0,0.0
2022-10-11 00:00:00-04:00,11.191727723203966,11.260670722963049,10.931277446012544,11.007880210876465,143300,0.0,0.0
2022-10-12 00:00:00-04:00,10.854673797041482,11.061502062847635,10.678486052311365,10.770410537719727,142600,0.0,0.0
2022-10-13 00:00:00-04:00,10.640185315128091,11.245350598446546,10.578902810276483,10.961918830871582,144900,0.0,0.0
2022-10-14 00:00:00-04:00,11.084484103205519,11.184068358585158,10.709127838914537,10.854674339294434,136300,0.0,0.0
2022-10-17 00:00:00-04:00,11.115124636716349,11.329613394892057,10.885314887684137,11.138105392456055,101800,0.0,0.0
2022-10-18 00:00:00-04:00,11.452179113345998,11.452179113345998,10.862334808963205,11.24535083770752,141700,0.0,0.0
2022-10-19 00:00:00-04:00,11.329614602139982,11.436859357928023,11.115125821109029,11.191728591918945,141100,0.0,0.0
2022-10-20 00:00:00-04:00,11.230031139442941,11.567085692667293,11.08448535319505,11.115126609802246,141800,0.0,0.0
2022-10-21 00:00:00-04:00,11.114356521237719,11.491766918767562,11.091249222539982,11.468660354614258,161600,0.079,0.0
2022-10-24 00:00:00-04:00,11.399338722560858,11.484063271862844,10.937203081081549,11.183675765991211,186400,0.0,0.0
2022-10-25 00:00:00-04:00,11.283806207317655,11.51487406414741,11.045036651744331,11.507171630859375,225600,0.0,0.0
2022-10-26 00:00:00-04:00,11.507170538737274,11.722834243067227,11.260698573268069,11.330018997192383,306400,0.0,0.0
2022-10-27 00:00:00-04:00,11.360825975633526,11.645809318741394,11.19137616218897,11.607297897338867,158900,0.0,0.0
2022-10-28 00:00:00-04:00,11.576490545897043,11.645810967325756,11.206782611003069,11.299209594726562,194700,0.0,0.0
2022-10-31 00:00:00-04:00,11.199080682546038,11.745940911753724,11.199080682546038,11.437850952148438,281500,0.0,0.0
2022-11-01 00:00:00-04:00,11.63040728165829,12.046329091576771,11.40704187882326,12.015520095825195,169100,0.0,0.0
2022-11-02 00:00:00-04:00,11.984710466414388,12.038626022492908,11.514872387863768,11.530277252197266,126000,0.0,0.0
2022-11-03 00:00:00-04:00,11.445553055916522,11.815261755091552,11.283805637754527,11.468660354614258,99400,0.0,0.0
2022-11-04 00:00:00-04:00,11.799854106205263,11.799854106205263,11.42244379769059,11.622702598571777,95400,0.0,0.0
2022-11-07 00:00:00-05:00,11.722832990062308,11.722832990062308,11.0527368546584,11.068140983581543,124300,0.0,0.0
2022-11-08 00:00:00-05:00,11.068144383150194,11.206785258763475,10.72154292866154,10.991122245788574,229300,0.0,0.0
2022-11-09 00:00:00-05:00,10.998820851228778,10.998820851228778,10.251702582818199,10.34412956237793,264000,0.0,0.0
2022-11-10 00:00:00-05:00,10.56749440733256,10.698432805329503,10.151572653267067,10.205488204956055,193100,0.0,0.0
2022-11-11 00:00:00-05:00,10.25170311670483,10.613708621863495,10.25170311670483,10.528984069824219,131900,0.0,0.0
2022-11-14 00:00:00-05:00,10.606005580026318,10.606005580026318,10.220892826669562,10.544386863708496,107600,0.0,0.0
2022-11-15 00:00:00-05:00,10.683030371726167,10.7061369370556,10.190085659249945,10.259406089782715,225800,0.0,0.0
2022-11-16 00:00:00-05:00,10.151573317153318,10.421151827772285,9.951314491291674,10.08995532989502,224600,0.0,0.0
2022-11-17 00:00:00-05:00,9.897398552961043,10.020634522707333,9.650925878924147,9.88969612121582,169800,0.0,0.0
2022-11-18 00:00:00-05:00,10.020635745996357,10.020635745996357,9.820376903439481,9.959017753601074,59500,0.0,0.0
2022-11-21 00:00:00-05:00,10.089954370504406,10.089954370504406,9.535391803365258,9.897397994995117,72900,0.0,0.0
2022-11-22 00:00:00-05:00,10.028337654678321,10.08225321157088,9.804971525736297,10.036039352416992,77800,0.0,0.0
2022-11-23 00:00:00-05:00,10.11275657823298,10.360731978353181,9.94227312113785,10.267741203308105,151900,0.079,0.0
2022-11-25 00:00:00-05:00,10.616457872400613,10.81793827496761,10.074011260049133,10.600959777832031,130000,0.0,0.0
2022-11-28 00:00:00-05:00,10.538967211939669,10.763695153388632,10.407230066363535,10.6319580078125,254800,0.0,0.0
2022-11-29 00:00:00-05:00,10.670701412099591,11.065912000713505,10.670701412099591,10.802437782287598,110900,0.0,0.0
2022-11-30 00:00:00-05:00,10.903178547126316,11.306139311771561,10.748193921887756,11.2596435546875,138000,0.0,0.0
2022-12-01 00:00:00-05:00,11.25964396480451,11.25964396480451,10.88768085068372,11.042665481567383,112600,0.0,0.0
2022-12-02 00:00:00-05:00,10.988419955258529,11.158902662802992,10.864432262853487,11.03491497039795,119400,0.0,0.0
2022-12-05 00:00:00-05:00,11.011667610550777,11.011667610550777,10.360731477666995,10.391728401184082,228700,0.0,0.0
2022-12-06 00:00:00-05:00,10.32973628180543,10.593210545279398,10.306488770035688,10.546714782714844,163000,0.0,0.0
2022-12-07 00:00:00-05:00,10.554462533606937,10.92642635833304,10.484719270281733,10.810187339782715,114200,0.0,0.0
2022-12-08 00:00:00-05:00,10.879930689692124,10.887680105462142,10.236743961279927,10.314236640930176,84200,0.0,0.0
2022-12-09 00:00:00-05:00,10.252242720993252,10.492469452322597,9.996517896140245,10.298738479614258,68300,0.0,0.0
2022-12-12 00:00:00-05:00,10.345232351838199,10.65520155604033,10.197996425573528,10.624204635620117,119600,0.0,0.0
2022-12-13 00:00:00-05:00,10.8566831410617,10.980670836821368,10.38397912719676,10.3994779586792,148100,0.0,0.0
2022-12-14 00:00:00-05:00,10.244495558402427,10.546715447534927,10.019767626395515,10.430477142333984,229700,0.0,0.0
2022-12-15 00:00:00-05:00,10.329734903791415,10.507967774316217,10.105007015929692,10.422725677490234,125700,0.0,0.0
2022-12-16 00:00:00-05:00,10.407227516174316,10.608707155015596,10.275490402879074,10.407227516174316,132100,0.0,0.0
2022-12-19 00:00:00-05:00,10.5389671377491,10.786942591664326,10.383981740026938,10.6397066116333,133200,0.0,0.0
2022-12-20 00:00:00-05:00,10.608708973299487,11.41462988387065,10.608708973299487,11.158905029296875,144900,0.0,0.0
2022-12-21 00:00:00-05:00,11.182151449454741,11.902830131121435,11.143405108950624,11.740096092224121,273500,0.0,0.0
2022-12-22 00:00:00-05:00,11.84858666643557,12.135308427165171,11.608359926891831,11.980323791503906,319400,0.0,0.0
2022-12-23 00:00:00-05:00,12.130593476419659,12.449819503294203,11.881441600328532,12.333029747009277,183200,0.073,0.0
2022-12-27 00:00:00-05:00,12.216239686262933,12.53546646711599,12.146166275497869,12.442033767700195,151300,0.0,0.0
2022-12-28 00:00:00-05:00,12.434248089298865,13.18170447254642,12.16952384527956,12.878050804138184,338800,0.0,0.0
2022-12-29 00:00:00-05:00,12.92476404905521,13.337421218409618,12.37195785887503,12.691183090209961,274800,0.0,0.0
2022-12-30 00:00:00-05:00,12.660042434923833,13.064914991430594,12.473178520781262,12.784618377685547,205600,0.0,0.0
2023-01-03 00:00:00-05:00,12.776833128802204,13.088273008452893,12.270743138737025,12.309673309326172,235800,0.0,0.0
2023-01-04 00:00:00-05:00,12.395318663971498,12.878051574612085,12.192882377900442,12.862479209899902,211900,0.0,0.0
2023-01-05 00:00:00-05:00,12.862478505847115,13.796798061499688,12.730116383163539,13.711153030395508,335500,0.0,0.0
2023-01-06 00:00:00-05:00,14.13159566400054,14.723332091815168,13.641078110516744,14.100452423095703,773300,0.0,0.0
2023-01-09 00:00:00-05:00,14.10045576035481,14.544257814988127,13.750084935611337,14.481969833374023,453500,0.0,0.0
2023-01-10 00:00:00-05:00,14.661042844243347,14.699972263239323,14.100451191365718,14.5987548828125,336900,0.0,0.0
2023-01-11 00:00:00-05:00,14.692187743833367,15.447429470879978,14.637684477497823,15.431857109069824,830400,0.0,0.0
2023-01-12 00:00:00-05:00,15.276142187336607,16.18710481527497,15.042561150520637,16.155960083007812,549800,0.0,0.0
2023-01-13 00:00:00-05:00,16.046957039713984,16.467400544280387,15.751088013294455,16.008026123046875,387000,0.0,0.0
2023-01-17 00:00:00-05:00,16.101455622901707,17.308285582416534,15.9613073210097,17.26156997680664,573900,0.0,0.0
2023-01-18 00:00:00-05:00,17.5963715206651,18.02460119978205,16.2182482852295,16.28832244873047,1235300,0.0,0.0
2023-01-19 00:00:00-05:00,16.27275037800522,16.74769716479276,15.501936050553999,16.654264450073242,741600,0.0,0.0
2023-01-20 00:00:00-05:00,16.57640658854027,17.806595410472756,16.444044434310577,17.658660888671875,498000,0.0,0.0
2023-01-23 00:00:00-05:00,17.806590235771132,17.931166170012716,16.82555363982194,17.066919326782227,434400,0.0,0.0
2023-01-24 00:00:00-05:00,16.833341014416522,17.38614657616115,16.654261796822418,17.012418746948242,272700,0.0,0.0
2023-01-25 00:00:00-05:00,16.981272921745877,17.775445621320596,16.638689842961018,17.713157653808594,277500,0.0,0.0
2023-01-26 00:00:00-05:00,17.90781407223393,18.009031498345006,17.152572013375373,17.60416030883789,320300,0.0,0.0
2023-01-27 00:00:00-05:00,17.534077251170356,17.59636520915599,16.848908228266293,16.87226676940918,169100,0.0,0.0
2023-01-30 00:00:00-05:00,16.88784288602796,17.027991193930145,16.155958103128985,16.226032257080078,258800,0.0,0.0
2023-01-31 00:00:00-05:00,16.31946363906607,17.425076264293583,16.085884113550534,17.105850219726562,327500,0.0,0.0
2023-02-01 00:00:00-05:00,17.277141311849753,17.386144880137927,16.335034163583178,16.77105140686035,135800,0.0,0.0
2023-02-02 00:00:00-05:00,16.872271203996036,17.105850736569028,16.529686602501524,16.99684715270996,173200,0.0,0.0
2023-02-03 00:00:00-05:00,16.700978395043734,16.84891139489878,16.008023061522707,16.031381607055664,319600,0.0,0.0
2023-02-06 00:00:00-05:00,15.828943969139049,16.28053208172643,15.6498662573511,16.257173538208008,235700,0.0,0.0
2023-02-07 00:00:00-05:00,16.17931558206692,16.568615751639694,16.046953465009683,16.140384674072266,145300,0.0,0.0
2023-02-08 00:00:00-05:00,16.233816479751795,16.381750951910725,15.821157787966241,16.257173538208008,175900,0.0,0.0
2023-02-09 00:00:00-05:00,16.34282075701376,16.34282075701376,15.57200660811933,15.751084327697754,162200,0.0,0.0
2023-02-10 00:00:00-05:00,15.681005341399251,15.9768742073097,15.587574162209924,15.891227722167969,123100,0.0,0.0
2023-02-13 00:00:00-05:00,15.937950518915011,16.755481874349886,15.805588384324365,16.615333557128906,211800,0.0,0.0
2023-02-14 00:00:00-05:00,16.646475324033883,17.26157033163437,16.61533208134122,16.91119956970215,185100,0.0,0.0
2023-02-15 00:00:00-05:00,16.841124910099307,16.841124910099307,16.459610916964756,16.685405731201172,125900,0.0,0.0
2023-02-16 00:00:00-05:00,16.747696001336625,17.00463409263764,16.553045887167293,16.677621841430664,222300,0.0,0.0
2023-02-17 00:00:00-05:00,16.506329001550103,16.55304460952751,15.447431986979463,15.74329948425293,255900,0.0,0.0
2023-02-21 00:00:00-05:00,15.673224746976915,16.28053356835124,15.634295322620323,15.774443626403809,123400,0.0,0.0
2023-02-22 00:00:00-05:00,15.945734156054517,16.148170416939823,15.46300279053454,15.805585861206055,115600,0.0,0.0
2023-02-23 00:00:00-05:00,15.867878220623442,16.350611204861202,15.860093522142938,16.272750854492188,157900,0.0,0.0
2023-02-24 00:00:00-05:00,15.860089561822226,16.327248577259724,15.7043688999682,16.140384674072266,98400,0.0,0.0
2023-02-27 00:00:00-05:00,16.085882880234237,16.67761931590879,15.984665489621225,16.51411247253418,177800,0.0,0.0
2023-02-28 00:00:00-05:00,16.537471419372878,16.630904115724483,16.117027998446463,16.132598876953125,160000,0.0,0.0
2023-03-01 00:00:00-05:00,16.148174452923218,16.218248617861388,15.852306911566313,16.008026123046875,88800,0.0,0.0
2023-03-02 00:00:00-05:00,15.844517312006811,15.844517312006811,14.910196304321289,14.910196304321289,362600,0.0,0.0
2023-03-03 00:00:00-05:00,14.972486289240495,15.525293380683365,14.972486289240495,15.33842945098877,174400,0.0,0.0
2023-03-06 00:00:00-05:00,15.011410496608448,15.906800316623263,14.349600113097726,15.836726188659668,220300,0.0,0.0
2023-03-07 00:00:00-05:00,15.836733312061115,16.078099036357155,15.128207019565082,15.455219268798828,130600,0.0,0.0
2023-03-08 00:00:00-05:00,15.431860289132125,16.33503666936955,15.104848049041852,16.179317474365234,160200,0.0,0.0
2023-03-09 00:00:00-05:00,16.09367174309347,16.21046151635448,15.424074864971946,15.47857666015625,198500,0.0,0.0
2023-03-10 00:00:00-05:00,15.353999053494984,15.353999053494984,14.567612486646595,14.746691703796387,349900,0.0,0.0
2023-03-13 00:00:00-04:00,14.372963134655613,14.894625478880178,13.89801788518247,14.388535499572754,246300,0.0,0.0
2023-03-14 00:00:00-04:00,14.684402927853156,14.995842767693999,14.022592340027428,14.23281478881836,165200,0.0,0.0
2023-03-15 00:00:00-04:00,13.913590588322345,13.968092381794754,12.846907326567711,13.088273048400879,354400,0.0,0.0
2023-03-16 00:00:00-04:00,12.97148170663932,14.123809867730822,12.698971287243573,14.092666625976562,347300,0.0,0.0
2023-03-17 00:00:00-04:00,13.929158772030945,13.929158772030945,13.181703203286695,13.337422370910645,138000,0.0,0.0
2023-03-20 00:00:00-04:00,13.337423251431906,13.726723423786236,13.04155577387003,13.072700500488281,95200,0.0,0.0
2023-03-21 00:00:00-04:00,13.22063532619795,14.32624802808045,13.158347349404394,13.975878715515137,275100,0.0,0.0
2023-03-22 00:00:00-04:00,13.975878720548991,14.030380514630169,13.547647580509357,13.633294105529785,110900,0.0,0.0
2023-03-23 00:00:00-04:00,13.726724007156307,14.014806800369113,13.09605811695716,13.267351150512695,148700,0.0,0.0
2023-03-24 00:00:00-04:00,13.205062077913299,13.407498360224164,13.08827231486614,13.259565353393555,59000,0.0,0.0
2023-03-27 00:00:00-04:00,13.461998946445267,14.116021785869846,13.298492122792538,14.053733825683594,149500,0.0,0.0
2023-03-28 00:00:00-04:00,14.092668071897574,14.349606154247125,13.695581674618731,14.170528411865234,156600,0.0,0.0
2023-03-29 00:00:00-04:00,14.217243487627789,14.622116052197123,14.053736631332999,14.466395378112793,156800,0.0,0.0
2023-03-30 00:00:00-04:00,14.575398958934379,14.653259295976545,14.154955515006538,14.466395378112793,87200,0.0,0.0
2023-03-31 00:00:00-04:00,14.536467611074663,14.544253792255708,13.55543105819623,13.866870880126953,182500,0.0,0.0
2023-04-03 00:00:00-04:00,13.874656998496,14.419677798204058,13.703365468475111,14.349603652954102,148500,0.0,0.0
2023-04-04 00:00:00-04:00,14.51311058614555,14.51311058614555,13.703366964396215,13.944732666015625,94000,0.0,0.0
2023-04-05 00:00:00-04:00,13.804583154509157,14.100452104257442,13.594360714171517,14.038164138793945,126700,0.0,0.0
2023-04-06 00:00:00-04:00,14.240601375373544,14.240601375373544,13.789011738435661,13.851301193237305,51700,0.0,0.0
2023-04-10 00:00:00-04:00,13.835730519857094,14.279532544102015,13.648866587809893,14.022594451904297,187400,0.0,0.0
2023-04-11 00:00:00-04:00,14.20945828802574,14.723334468952082,14.154956493846054,14.583186149597168,222800,0.0,0.0
2023-04-12 00:00:00-04:00,14.793409012637282,15.26835577721039,14.668833055546393,15.221638679504395,279000,0.0,0.0
2023-04-13 00:00:00-04:00,15.447431605588891,15.797802369424963,15.128205569677075,15.60315227508545,225100,0.0,0.0
2023-04-14 00:00:00-04:00,15.50193335662398,16.41289585531587,15.50193335662398,16.16374397277832,356800,0.0,0.0
2023-04-17 00:00:00-04:00,16.171528376639507,16.73990623181649,15.922376521496842,16.43625259399414,196200,0.0,0.0
2023-04-18 00:00:00-04:00,16.44404064114942,16.53747185489928,15.525291957255734,15.564221382141113,292500,0.0,0.0
2023-04-19 00:00:00-04:00,15.46300285247073,15.46300285247073,14.116023168302572,14.2406005859375,518800,0.0,0.0
2023-04-20 00:00:00-04:00,14.2406040902522,14.808982108113723,14.2406040902522,14.481969833374023,162100,0.0,0.0
2023-04-21 00:00:00-04:00,14.419679037302334,14.77004830859751,14.014806493303062,14.069308280944824,130100,0.0,0.0
2023-04-24 00:00:00-04:00,14.108239504343919,14.419679358565805,13.92137410674842,14.131596565246582,112500,0.0,0.0
2023-04-25 00:00:00-04:00,14.154955736494792,14.248386954357418,13.71115373899123,14.108240127563477,166800,0.0,0.0
2023-04-26 00:00:00-04:00,14.24838783435787,14.357392908679817,13.812371992257649,13.983663558959961,156900,0.0,0.0
2023-04-27 00:00:00-04:00,14.123810862895443,14.154955591906475,13.680008869925178,13.718939781188965,120200,0.0,0.0
2023-04-28 00:00:00-04:00,13.641080133506437,13.866873490004336,13.298495522373857,13.773442268371582,142100,0.0,0.0
2023-05-01 00:00:00-04:00,13.757867176677518,13.960303430181614,12.862477140647158,13.407496452331543,166100,0.0,0.0
2023-05-02 00:00:00-04:00,13.205062543171001,13.539860964748001,13.025984801185036,13.524290084838867,164600,0.0,0.0
2023-05-03 00:00:00-04:00,13.555433093278635,13.633293431716073,13.290708833628814,13.391927719116211,160500,0.0,0.0
2023-05-04 00:00:00-04:00,13.446430024889203,13.462002390184889,12.839121143919868,13.088273048400879,157200,0.0,0.0
2023-05-05 00:00:00-04:00,13.42307116756418,14.17052834884195,13.42307116756418,13.859086990356445,188900,0.0,0.0
2023-05-08 00:00:00-04:00,14.131593868777344,14.411890426624446,13.952516172402621,13.960302352905273,189500,0.0,0.0
2023-05-09 00:00:00-04:00,13.85908612302864,14.513110558818179,13.789011970261019,14.318460464477539,251800,0.0,0.0
2023-05-10 00:00:00-04:00,14.567612027259289,14.567612027259289,14.201670392568959,14.256172180175781,60000,0.0,0.0
2023-05-11 00:00:00-04:00,14.162741140268949,14.61432929527997,13.84351510750576,14.458608627319336,292700,0.0,0.0
2023-05-12 00:00:00-04:00,14.458609656637432,14.9413425736316,14.318461342508076,14.388535499572754,202000,0.0,0.0
2023-05-15 00:00:00-04:00,14.466395024432256,14.824551972044883,13.975877437665087,14.24838638305664,142300,0.0,0.0
2023-05-16 00:00:00-04:00,14.279532405079745,14.536470494775973,13.321854205763126,13.32964038848877,241200,0.0,0.0
2023-05-17 00:00:00-04:00,13.83572725748068,14.045949688363118,13.282920289426366,13.874656677246094,206100,0.0,0.0
2023-05-18 00:00:00-04:00,13.789012302538474,13.789012302538474,13.259565280626095,13.477572441101074,161100,0.0,0.0
2023-05-19 00:00:00-04:00,13.602147153961416,13.812369598293799,13.243991717006041,13.757867813110352,117900,0.0,0.0
2023-05-22 00:00:00-04:00,13.781228264595429,13.952519825313363,13.337424770124583,13.415285110473633,152000,0.0,0.0
2023-05-23 00:00:00-04:00,13.391927318964514,14.232815681825665,13.391927318964514,13.73451042175293,199100,0.0,0.0
2023-05-24 00:00:00-04:00,13.648863994047542,13.890229674774428,13.321851803843082,13.812369346618652,101800,0.0,0.0
2023-05-25 00:00:00-04:00,13.773442733865236,13.843516894989307,13.423071928244884,13.695582389831543,47400,0.0,0.0
2023-05-26 00:00:00-04:00,13.843513815500927,14.030377708576411,13.617719016537501,13.680006980895996,57100,0.0,0.0
2023-05-30 00:00:00-04:00,13.711151028149446,14.05373407266331,13.423068279061463,13.999232292175293,79400,0.0,0.0
2023-05-31 00:00:00-04:00,13.89022883880564,13.89022883880564,13.602146087485904,13.672220230102539,84700,0.0,0.0
2023-06-01 00:00:00-04:00,13.734510056767991,14.411893032351294,13.734510056767991,14.271744728088379,155000,0.0,0.0
2023-06-02 00:00:00-04:00,14.55982686885593,14.699973681803053,14.256171728148116,14.33403205871582,114300,0.0,0.0
2023-06-05 00:00:00-04:00,14.341823883974131,14.99584854201044,14.217247900068442,14.949132919311523,129200,0.0,0.0
2023-06-06 00:00:00-04:00,15.213848815379443,17.059130481341562,15.206062635072433,17.04355812072754,740000,0.0,0.0
2023-06-07 00:00:00-04:00,17.129211013582868,17.744306121900667,16.71655221363311,17.479581832885742,480000,0.0,0.0
2023-06-08 00:00:00-04:00,17.448436108393196,17.79102072501245,16.786625423468223,17.020206451416016,299000,0.0,0.0
2023-06-09 00:00:00-04:00,16.97348403930664,17.292710007642313,16.537468336102656,16.97348403930664,336200,0.0,0.0
2023-06-12 00:00:00-04:00,16.86448299622027,17.417290001678317,16.739907062467356,17.136993408203125,257800,0.0,0.0
2023-06-13 00:00:00-04:00,17.20706643396754,17.534078609999945,17.043559603420253,17.495147705078125,216900,0.0,0.0
2023-06-14 00:00:00-04:00,17.54186838324093,17.78323410293483,17.012419848380134,17.362789154052734,528200,0.0,0.0
2023-06-15 00:00:00-04:00,17.495151534277813,18.639695143430917,17.495151534277813,18.141389846801758,648200,0.0,0.0
2023-06-16 00:00:00-04:00,18.063531440187095,19.247003022150185,17.99345727930646,19.052352905273438,378800,0.0,0.0
2023-06-20 00:00:00-04:00,19.293718131495645,20.32925658717956,18.87327320953287,20.18132209777832,572900,0.0,0.0
2023-06-21 00:00:00-04:00,20.165746846352967,21.06113686651699,20.11903124562204,20.81198501586914,702800,0.0,0.0
2023-06-22 00:00:00-04:00,20.788630788974462,20.85091876011863,19.44943718178124,19.60515785217285,689600,0.0,0.0
2023-06-23 00:00:00-04:00,19.589585362556384,20.15017709926065,19.09128159659704,19.706375122070312,612000,0.0,0.0
2023-06-26 00:00:00-04:00,21.40372161129583,21.76966320985156,20.29032296848436,21.427080154418945,786800,0.0,0.0
2023-06-27 00:00:00-04:00,21.489372925716708,21.590590331772226,19.971101439446297,20.593982696533203,427100,0.0,0.0
2023-06-28 00:00:00-04:00,20.656267233030135,21.51272640563801,20.383756821262963,20.586193084716797,395500,0.0,0.0
2023-06-29 00:00:00-04:00,20.67962867646207,21.18571869985549,20.165752469931814,20.74191665649414,249100,0.0,0.0
2023-06-30 00:00:00-04:00,21.100069197182737,21.100069197182737,20.368184472650906,20.54726219177246,375500,0.0,0.0
2023-07-03 00:00:00-04:00,20.63291306268601,21.357011758722365,20.422690573179473,20.438262939453125,142300,0.0,0.0
2023-07-05 00:00:00-04:00,20.67962682292934,20.67962682292934,19.729734841314205,20.368186950683594,405500,0.0,0.0
2023-07-06 00:00:00-04:00,20.09567469687894,20.111247060355268,18.52290311232806,18.83434295654297,291200,0.0,0.0
2023-07-07 00:00:00-04:00,18.896630964094264,19.581798622770584,18.896630964094264,19.5117244720459,339100,0.0,0.0
2023-07-10 00:00:00-04:00,19.41829309564545,19.488367245772988,18.84991371293737,18.93556022644043,279700,0.0,0.0
2023-07-11 00:00:00-04:00,18.912202895955765,19.246999793367344,18.476185638050957,19.215856552124023,345600,0.0,0.0
2023-07-12 00:00:00-04:00,19.472795085721266,20.212464533034055,19.254786451374564,19.85430908203125,284000,0.0,0.0
2023-07-13 00:00:00-04:00,19.91659767840165,20.773058394162543,19.69858903718869,20.69519805908203,274300,0.0,0.0
2023-07-14 00:00:00-04:00,20.81977343718596,20.83534580079269,19.262572718009192,19.410507202148438,430000,0.0,0.0
2023-07-17 00:00:00-04:00,19.4469770922936,21.000831810178184,19.4469770922936,20.715429306030273,423100,0.446,0.0
2023-07-18 00:00:00-04:00,20.707503393290924,21.28623492132572,20.41417286542824,20.739213943481445,238800,0.0,0.0
2023-07-19 00:00:00-04:00,20.892477753792715,21.352273356849924,20.07775159070265,20.28748321533203,276000,0.45,0.0
2023-07-20 00:00:00-04:00,20.31168327195497,20.78761242543107,20.06968453674404,20.650480270385742,117200,0.0,0.0
2023-07-21 00:00:00-04:00,20.908610221798195,21.52973828486141,20.4568814207434,21.231273651123047,248200,0.0,0.0
2023-07-24 00:00:00-04:00,21.37647261320062,22.13473282726389,20.634345955274583,20.706945419311523,337500,0.0,0.0
2023-07-25 00:00:00-04:00,20.747278590939818,21.207075727537013,20.319750106472835,21.02960968017578,147400,0.0,0.0
2023-07-26 00:00:00-04:00,21.102206690865394,21.45713720569464,20.795676840726827,21.13447380065918,178200,0.0,0.0
2023-07-27 00:00:00-04:00,21.23934469177261,21.2554782511219,19.80349021988492,19.868022918701172,227600,0.0,0.0
2023-07-28 00:00:00-04:00,20.182616925362456,20.795678204422117,19.868018738564906,20.3762149810791,209900,0.0,0.0
2023-07-31 00:00:00-04:00,20.473015822196704,20.666615440915372,19.85995600438376,20.295551300048828,143100,0.0,0.0
2023-08-01 00:00:00-04:00,20.126151985299717,20.79567920379617,20.045485740229406,20.650480270385742,375100,0.0,0.0
2023-08-02 00:00:00-04:00,20.46494859653959,20.577880414352993,19.617955347197196,19.747020721435547,162800,0.0,0.0
2023-08-03 00:00:00-04:00,19.674421848715784,19.900287029726485,19.206559468364148,19.45662498474121,128600,0.0,0.0
2023-08-04 00:00:00-04:00,19.540478958790576,20.378985357572656,19.466493007841333,20.03371810913086,97600,0.452,0.0
2023-08-07 00:00:00-04:00,20.050152397721288,20.321433616545384,19.524031626174818,19.877519607543945,189600,0.0,0.0
2023-08-08 00:00:00-04:00,19.450048696882053,21.036633657269196,19.450048696882053,20.51873207092285,248600,0.0,0.0
2023-08-09 00:00:00-04:00,20.469410991268607,20.831119903155514,20.140585420445962,20.35432243347168,195100,0.0,0.0
2023-08-10 00:00:00-04:00,20.395425090437428,21.373682537934343,20.321439140830535,21.127063751220703,407600,0.0,0.0
2023-08-11 00:00:00-04:00,21.053073765011074,21.65318051412664,20.77357169074503,20.979087829589844,299000,0.0,0.0
2023-08-14 00:00:00-04:00,20.477627937542678,20.748909177946704,17.263355653254727,19.35140037536621,1304100,0.0,0.0
2023-08-15 00:00:00-04:00,19.244529922672303,20.066594427076804,19.07189712936989,19.154102325439453,367100,0.0,0.0
2023-08-16 00:00:00-04:00,18.90748667683648,19.90218413634305,18.677308013694958,19.269195556640625,356100,0.0,0.0
2023-08-17 00:00:00-04:00,19.436826815178264,19.612838705744913,18.70763081466914,18.791446685791016,161000,0.45,0.0
2023-08-18 00:00:00-04:00,18.632194691526685,19.034508911362753,18.330459825976938,18.91716766357422,269800,0.0,0.0
2023-08-21 00:00:00-04:00,18.724394438720953,18.783065069317477,18.22988255418628,18.5567626953125,144100,0.0,0.0
2023-08-22 00:00:00-04:00,18.648958698070494,19.503877637793988,18.43103808998482,19.394916534423828,241900,0.0,0.0
2023-08-23 00:00:00-04:00,19.487115800040982,20.241455446763222,19.18537930189017,19.864286422729492,297400,0.0,0.0
2023-08-24 00:00:00-04:00,20.425847826919185,20.794635052348507,20.06544074868432,20.1408748626709,408200,0.0,0.0
2023-08-25 00:00:00-04:00,20.2833595276141,20.84492365995127,19.906188991471815,20.710817337036133,334300,0.0,0.0
2023-08-28 00:00:00-04:00,20.903593549450736,22.395508954589932,20.75272534024467,22.278167724609375,439600,0.0,0.0
2023-08-29 00:00:00-04:00,22.19435714052354,23.527024506462713,22.085397629500125,22.621816635131836,471200,0.0,0.0
2023-08-30 00:00:00-04:00,22.588290426911176,23.1749982933664,21.7920420954984,22.361988067626953,274800,0.0,0.0
2023-08-31 00:00:00-04:00,22.29493445178887,22.336841583251953,21.548975042240155,22.336841583251953,288300,0.0,0.0
2023-09-01 00:00:00-04:00,22.403897113531535,22.69725187112344,21.7585169665603,21.84233283996582,199500,0.0,0.0
2023-09-05 00:00:00-04:00,21.666320093307032,21.95967483937267,20.35879795498148,20.761112213134766,414300,0.0,0.0
2023-09-06 00:00:00-04:00,20.87845137341083,21.28914733715793,20.258216554773092,20.367176055908203,263700,0.0,0.0
2023-09-07 00:00:00-04:00,20.241450680202643,20.367173658607996,19.721795276486013,20.031911849975586,257300,0.0,0.0
2023-09-08 00:00:00-04:00,20.098964970591037,20.811397339993654,19.03450728916916,19.34462547302246,338100,0.0,0.0
2023-09-11 00:00:00-04:00,19.64636416029599,20.065441884542423,19.034509467918667,19.235668182373047,219900,0.0,0.0
2023-09-12 00:00:00-04:00,19.05127125928299,20.090583730764756,18.89202288932161,19.520639419555664,289200,0.0,0.0
2023-09-13 00:00:00-04:00,19.545786360950927,20.12411411412948,19.24404986387433,19.721799850463867,181400,0.0,0.0
2023-09-14 00:00:00-04:00,19.855902550411578,20.43422864509254,19.696652571360268,20.11573028564453,183500,0.0,0.0
2023-09-15 00:00:00-04:00,20.19955053897923,20.559957707389614,19.53740683912667,19.80561637878418,169200,0.0,0.0
2023-09-18 00:00:00-04:00,19.931335705558947,20.62700461377155,19.461967537167535,20.518043518066406,193100,0.0,0.0
2023-09-19 00:00:00-04:00,20.551567746829424,20.761106565784893,19.713412471007548,19.755319595336914,164600,0.0,0.0
2023-09-20 00:00:00-04:00,20.11041377874494,20.34941759005291,19.231224385162594,19.299510955810547,229800,0.426,0.0
2023-09-21 00:00:00-04:00,19.077576618060828,19.52997447698426,18.608105083680602,19.017826080322266,244800,0.0,0.0
2023-09-22 00:00:00-04:00,19.128795294875385,19.4019416000246,18.556894607939064,18.650789260864258,150000,0.0,0.0
2023-09-25 00:00:00-04:00,18.821501962183596,19.051969731862616,18.09595781242988,18.249601364135742,184200,0.0,0.0
2023-09-26 00:00:00-04:00,18.087422334539273,18.591036382124965,17.617950756781656,17.71184539794922,205400,0.0,0.0
2023-09-27 00:00:00-04:00,17.87402532662208,18.095957062889372,17.592343051375146,17.70330810546875,151600,0.0,0.0
2023-09-28 00:00:00-04:00,17.71184636205765,18.06181524426634,17.652095815545962,17.771596908569336,90800,0.0,0.0
2023-09-29 00:00:00-04:00,17.9849895250895,17.9849895250895,16.79850994156825,16.841188430786133,215300,0.0,0.0
2023-10-02 00:00:00-04:00,16.866796087626028,17.088727807893733,16.226608996573784,16.482683181762695,274600,0.0,0.0
2023-10-03 00:00:00-04:00,16.363184548291375,16.644866845163236,15.586424225763507,15.68885326385498,424800,0.0,0.0
2023-10-04 00:00:00-04:00,15.654712045603011,16.072967512094042,15.330349600190155,15.953466415405273,155800,0.0,0.0
2023-10-05 00:00:00-04:00,15.953467384000788,16.3717228758857,15.594962444087948,16.132719039916992,180800,0.0,0.0
2023-10-06 00:00:00-04:00,15.9278583736381,16.4997590388472,15.586425505173041,16.192468643188477,107700,0.0,0.0
2023-10-09 00:00:00-04:00,16.064431166230875,16.440008127287754,15.620567632989141,15.714462280273438,156400,0.0,0.0
2023-10-10 00:00:00-04:00,15.851036367725708,16.166862800421466,15.398638410614998,15.535211563110352,202700,0.0,0.0
2023-10-11 00:00:00-04:00,15.629102371937634,16.098573941647018,15.466922793894188,15.671782493591309,201800,0.0,0.0
2023-10-12 00:00:00-04:00,15.620568596524581,16.0217536574275,15.091348036467686,15.543745994567871,186500,0.0,0.0
2023-10-13 00:00:00-04:00,15.586426110020916,15.92785899173564,15.373030355439163,15.42424488067627,82000,0.0,0.0
2023-10-16 00:00:00-04:00,15.475453941226577,16.397323210366388,15.407167388996955,16.209535598754883,184700,0.0,0.0
2023-10-17 00:00:00-04:00,16.038822005882903,16.772902125663837,16.03028598229382,16.670473098754883,141700,0.0,0.0
2023-10-18 00:00:00-04:00,16.550972281697263,16.747297590447047,16.047358229141256,16.32904052734375,225300,0.0,0.0
2023-10-19 00:00:00-04:00,16.27783014978124,16.388796869232436,15.83396652813772,16.013219833374023,255400,0.0,0.0
2023-10-20 00:00:00-04:00,15.987611459408301,16.226615319304894,15.407174676859858,15.91932487487793,375600,0.0,0.0
2023-10-23 00:00:00-04:00,15.535211254131765,16.559509877474728,14.766985251524083,15.962002754211426,600800,0.0,0.0
2023-10-24 00:00:00-04:00,16.072966168236235,16.32904039061052,15.202311207235349,15.364492416381836,462300,0.0,0.0
2023-10-25 00:00:00-04:00,15.381565165090695,16.77290465862399,15.381565165090695,16.226612091064453,291800,0.0,0.0
2023-10-26 00:00:00-04:00,16.115649716829306,16.8582677995445,16.047363127574634,16.67901611328125,184200,0.0,0.0
2023-10-27 00:00:00-04:00,16.832657490192034,16.87533762037781,16.474152537034005,16.585119247436523,189100,0.0,0.0
2023-10-30 00:00:00-04:00,16.550968369250562,16.969223705403195,15.142557211169285,15.398633003234863,353700,0.0,0.0
2023-10-31 00:00:00-04:00,15.48399385754141,15.902249298636956,15.27913414933626,15.637639045715332,297900,0.0,0.0
2023-11-01 00:00:00-04:00,15.671781749459347,16.96069205675681,15.501064527111039,16.610721588134766,278900,0.0,0.0
2023-11-02 00:00:00-04:00,16.943621670786367,17.524058330005445,16.54243664734246,17.293590545654297,409300,0.0,0.0
2023-11-03 00:00:00-04:00,17.558201444648784,17.831347734746373,17.19969653187562,17.455772399902344,286300,0.0,0.0
2023-11-06 00:00:00-05:00,17.370409837547612,17.370409837547612,16.747294801077455,16.824115753173828,107700,0.0,0.0
2023-11-07 00:00:00-05:00,16.84118968962025,17.396018231324735,16.68754451202329,16.875333786010742,149100,0.0,0.0
2023-11-08 00:00:00-05:00,16.84119189815966,17.07165969477845,16.175398212034718,16.36318588256836,197900,0.0,0.0
2023-11-09 00:00:00-05:00,16.738758956569022,17.037511629242953,16.218072936057382,16.337574005126953,176000,0.0,0.0
2023-11-10 00:00:00-05:00,16.431469322500607,16.883868804241903,16.3034322248244,16.670473098754883,160900,0.0,0.0
2023-11-13 00:00:00-05:00,16.636329325595533,17.242373987481166,16.38879114905299,16.542434692382812,170100,0.0,0.0
2023-11-14 00:00:00-05:00,16.969224890386872,16.977760913526456,16.50829103740893,16.824115753173828,141300,0.0,0.0
2023-11-15 00:00:00-05:00,16.97776378762568,17.11433692481907,16.516829856618035,16.764368057250977,178500,0.0,0.0
2023-11-16 00:00:00-05:00,16.943622232181493,16.943622232181493,16.141253786788955,16.46561622619629,174900,0.0,0.0
2023-11-17 00:00:00-05:00,16.431472798277433,17.59234620267392,16.2351490984399,17.276519775390625,316300,0.0,0.0
2023-11-20 00:00:00-05:00,20.349418661832654,22.21876587038701,19.623872792934357,20.759138107299805,1605800,0.0,0.0
2023-11-21 00:00:00-05:00,20.41770147584836,20.904243431246577,19.768978325957388,20.78474235534668,562100,0.0,0.0
2023-11-22 00:00:00-05:00,20.85302759392446,20.85302759392446,18.88978622137887,19.393400192260742,512200,0.0,0.0
2023-11-24 00:00:00-05:00,19.777517169632596,23.251599542517102,19.436084312607147,22.12487030029297,986700,0.0,0.0
2023-11-27 00:00:00-05:00,23.08941453072434,25.880630730890427,22.59433656237121,24.15639305114746,1692700,0.0,0.0
2023-11-28 00:00:00-05:00,23.968607888391144,24.46368590777785,22.713841605138683,23.908857345581055,798800,0.0,0.0
2023-11-29 00:00:00-05:00,23.814966198488666,25.513596231899246,23.06381384885078,24.514904022216797,710900,0.0,0.0
2023-11-30 00:00:00-05:00,24.65147651844549,24.83072979646378,23.575963362657298,24.25882911682129,397300,0.0,0.0
2023-12-01 00:00:00-05:00,24.216146724551827,24.62586611118075,22.816269711449507,23.652780532836914,471400,0.0,0.0
2023-12-04 00:00:00-05:00,23.49060115752164,23.49060115752164,22.423622561646713,23.046737670898438,337500,0.0,0.0
2023-12-05 00:00:00-05:00,23.02966942061807,23.85764598953603,22.713844615878966,23.072349548339844,495300,0.0,0.0
2023-12-06 00:00:00-05:00,23.183315305713954,23.217459408895014,21.894404716076988,22.4577693939209,504400,0.0,0.0
2023-12-07 00:00:00-05:00,22.705307655212277,23.345494891949013,22.22730164097801,22.52605438232422,231400,0.0,0.0
2023-12-08 00:00:00-05:00,22.841880494549084,23.26013595488191,22.33826641151806,23.208921432495117,270700,0.0,0.0
2023-12-11 00:00:00-05:00,23.11502305332939,23.874711253740482,22.526050442676272,23.473527908325195,252200,0.0,0.0
2023-12-12 00:00:00-05:00,23.891785515070225,24.08810919412023,22.32119282650979,23.132097244262695,429400,0.0,0.0
2023-12-13 00:00:00-05:00,23.48206466348111,24.403934086746144,22.398014041026087,24.07103729248047,469400,0.0,0.0
2023-12-14 00:00:00-05:00,24.284435874774218,25.001445691761425,23.260135671055263,23.379636764526367,457500,0.0,0.0
2023-12-15 00:00:00-05:00,23.132096271233245,23.92592860661256,22.765055373964948,22.876020431518555,367400,0.0,0.0
2023-12-18 00:00:00-05:00,23.23453040864907,24.07957744637311,23.225994382642103,23.755216598510742,292000,0.0,0.0
2023-12-19 00:00:00-05:00,23.857646011722093,24.05396971518361,22.833345738572653,23.60157012939453,350600,0.0,0.0
2023-12-20 00:00:00-05:00,23.89178785801547,25.73552699876982,23.3540312869956,24.916088104248047,598000,0.0,0.0
2023-12-21 00:00:00-05:00,25.513591352707696,27.041505464862333,23.917392304452413,25.035585403442383,920100,0.0,0.0
2023-12-22 00:00:00-05:00,25.04412526281228,26.187926609065464,24.523439113644383,25.445308685302734,372800,0.0,0.0
2023-12-26 00:00:00-05:00,25.581875742635745,25.880630046064905,24.967296717243165,25.377016067504883,251200,0.0,0.0
2023-12-27 00:00:00-05:00,25.453840822079236,25.89770430346023,24.301503626527857,25.009977340698242,486500,0.0,0.0
2023-12-28 00:00:00-05:00,24.98436947571564,25.163621086032414,24.310038267960106,24.497827529907227,241600,0.0,0.0
2023-12-29 00:00:00-05:00,24.43807536505495,25.30873023022791,23.934463000225907,24.497827529907227,208900,0.0,0.0
2024-01-02 00:00:00-05:00,24.071041454350386,24.344187756162412,23.516211197204278,23.943002700805664,259100,0.0,0.0
2024-01-03 00:00:00-05:00,24.079572587670935,24.753903853432575,23.39670692570486,23.524744033813477,317700,0.0,0.0
2024-01-04 00:00:00-05:00,23.84910632947627,23.994215485455396,22.765055671754588,22.824806213378906,312100,0.0,0.0
2024-01-05 00:00:00-05:00,22.445904385110754,23.222912736973576,22.445904385110754,22.81258201599121,247600,0.596,0.0
2024-01-08 00:00:00-05:00,22.69908961395814,23.100688092449815,22.349873183705537,22.99592399597168,165000,0.0,0.0
2024-01-09 00:00:00-05:00,22.995925482431204,22.995925482431204,21.4942939026817,21.695093154907227,491600,0.0,0.0
2024-01-10 00:00:00-05:00,21.695087570406994,22.245103133879834,21.3109487385813,22.183990478515625,182200,0.0,0.0
2024-01-11 00:00:00-05:00,22.36733381025659,22.69908899363145,21.799855253259608,22.210186004638672,212300,0.0,0.0
2024-01-12 00:00:00-05:00,22.35860325517848,23.397521901593468,22.27129873345409,22.768932342529297,294500,0.0,0.0
2024-01-16 00:00:00-05:00,23.057036761683225,23.13561066697537,21.92208294221161,22.410985946655273,282700,0.0,0.0
2024-01-17 00:00:00-05:00,22.166533955866548,24.11341871530494,21.94827347448875,23.947540283203125,420400,0.0,0.0
2024-01-18 00:00:00-05:00,23.903884674464408,24.515014624143827,23.34513843374847,24.375328063964844,285400,0.0,0.0
2024-01-19 00:00:00-05:00,24.39279350859906,25.099957049656396,23.92135003776388,24.977731704711914,409400,0.0,0.0
2024-01-22 00:00:00-05:00,24.986459871148767,26.645239145484954,24.986459871148767,26.383325576782227,1043700,0.0,0.0
2024-01-23 00:00:00-05:00,26.199989467656,26.732545597098927,25.77219910629191,26.243640899658203,362600,0.0,0.0
2024-01-24 00:00:00-05:00,26.662699627462526,27.553201073267534,26.531742014224967,27.046836853027344,502400,0.0,0.0
2024-01-25 00:00:00-05:00,27.169065069862565,29.18579142298057,27.169065069862565,28.757999420166016,685300,0.0,0.0
2024-01-26 00:00:00-05:00,28.84529921653455,29.465158038192587,28.242898298526434,29.351661682128906,439300,0.0,0.0
2024-01-29 00:00:00-05:00,28.810383904030054,28.810383904030054,26.78492687781435,28.565933227539062,633400,0.0,0.0
2024-01-30 00:00:00-05:00,28.62704189966339,29.334203638030647,27.954799302783115,28.915143966674805,317100,0.0,0.0
2024-01-31 00:00:00-05:00,28.96752767449062,30.12867155609093,28.51354553125757,28.915143966674805,323300,0.0,0.0
2024-02-01 00:00:00-05:00,29.281823141888783,30.09375229259589,28.915143849445148,29.805646896362305,343000,0.0,0.0
2024-02-02 00:00:00-05:00,29.552467783615185,30.329477893197577,29.29055587259637,30.22471046447754,211900,0.0,0.0
2024-02-05 00:00:00-05:00,29.997718309316273,30.547735603850185,28.050835395764857,28.391321182250977,333500,0.0,0.0
2024-02-06 00:00:00-05:00,28.688157610350046,29.15086875555228,27.95480227491015,28.2952880859375,233500,0.0,0.0
2024-02-07 00:00:00-05:00,27.011916809512552,27.46589733124579,25.719813534008697,26.383325576782227,564800,0.0,0.0
2024-02-08 00:00:00-05:00,26.121408470854526,26.56665995029576,25.038836931999246,25.161062240600586,409600,0.0,0.0
2024-02-09 00:00:00-05:00,25.056304689380557,26.488092957849602,25.056304689380557,26.435710906982422,444400,0.0,0.0
2024-02-12 00:00:00-05:00,26.43570849619926,26.93334209704463,26.095221033624625,26.697620391845703,88900,0.0,0.0
2024-02-13 00:00:00-05:00,25.920609447700517,26.880955684396984,25.763461669761735,26.749998092651367,132500,0.0,0.0
2024-02-14 00:00:00-05:00,27.003183364868164,27.527008782260957,26.77619229515812,27.003183364868164,159300,0.0,0.0
2024-02-15 00:00:00-05:00,27.107946952678308,27.561929083782555,26.80238365789186,27.19525146484375,106000,0.0,0.0
2024-02-16 00:00:00-05:00,27.186524402296104,27.92861035495253,27.151603591980365,27.59685516357422,159100,0.0,0.0
2024-02-20 00:00:00-05:00,27.238908840511744,29.26436584858966,27.238908840511744,28.356401443481445,397600,0.0,0.0
2024-02-21 00:00:00-05:00,28.138134224677575,29.404045384248267,27.81510972091618,29.351661682128906,380200,0.0,0.0
2024-02-22 00:00:00-05:00,29.569924724794344,32.62557101356206,29.456431689092454,30.722339630126953,596600,0.0,0.0
2024-02-23 00:00:00-05:00,30.678688631638835,32.15413142011779,30.242167727192317,31.63030433654785,357800,0.0,0.0
2024-02-26 00:00:00-05:00,31.604110772589063,32.616839029526865,31.34219892397219,32.25889205932617,292200,0.0,0.0
2024-02-27 00:00:00-05:00,32.51208391520793,33.428777303166505,31.48189414043063,31.796186447143555,686000,0.0,0.0
2024-02-28 00:00:00-05:00,31.577920179425618,33.175588265537456,31.33346954214124,32.03190231323242,489600,0.0,0.0
2024-02-29 00:00:00-05:00,33.17558900592577,36.659027316919676,33.17558900592577,34.73833465576172,1112400,0.0,0.0
2024-03-01 00:00:00-05:00,34.85182699047014,35.166122570728874,33.20177852450194,34.415306091308594,472400,0.0,0.0
2024-03-04 00:00:00-05:00,35.46295550826979,36.632831604819806,34.057357735878725,34.43276596069336,423300,0.0,0.0
2024-03-05 00:00:00-05:00,34.72086983365659,35.288344957175404,33.28034965397446,33.51607131958008,233900,0.0,0.0
2024-03-06 00:00:00-05:00,33.83036910461088,36.19631153818166,33.420038400714,35.68994903564453,421600,0.0,0.0
2024-03-07 00:00:00-05:00,36.309811693080285,36.309811693080285,34.57245689748173,34.991519927978516,274500,0.0,0.0
2024-03-08 00:00:00-05:00,35.20104176732439,35.46295361637853,34.40657393797258,34.83436584472656,220200,0.0,0.0
2024-03-11 00:00:00-04:00,34.607379989326326,34.738337604992324,33.65576419593952,33.952598571777344,195700,0.0,0.0
2024-03-12 00:00:00-04:00,34.07482953892486,35.908219809508076,33.952604186964194,34.9129524230957,321100,0.0,0.0
2024-03-13 00:00:00-04:00,35.18359088457959,37.13920637162583,35.18359088457959,36.85110092163086,352600,0.0,0.0
2024-03-14 00:00:00-04:00,37.20903971612506,37.73286678214843,35.995512175275564,36.30107879638672,317000,0.0,0.0
2024-03-15 00:00:00-04:00,36.213776634718045,38.230504568214606,35.89948102634035,37.97732162475586,266100,0.0,0.0
2024-03-18 00:00:00-04:00,38.18685031232241,40.01150783214358,37.35745992506003,39.83689880371094,260700,0.0,0.0
2024-03-19 00:00:00-04:00,39.56625764699214,40.95439436631418,38.117008262637526,39.749595642089844,468500,0.0,0.0
2024-03-20 00:00:00-04:00,39.819437571403775,42.08061599731445,39.20830763702977,42.08061599731445,303600,0.0,0.0
2024-03-21 00:00:00-04:00,42.779054067935625,44.638634289520574,41.44330099643733,44.254493713378906,523400,0.0,0.0
2024-03-22 00:00:00-04:00,44.96165683783725,46.00930776033098,43.66082297074938,45.17118835449219,420900,0.0,0.0
2024-03-25 00:00:00-04:00,45.153724873002204,47.729195627705195,44.07115152980712,45.476749420166016,681800,0.0,0.0
2024-03-26 00:00:00-04:00,45.84342660974809,45.84342660974809,43.73939586006447,44.341796875,323400,0.0,0.0
2024-03-27 00:00:00-04:00,44.54259032299848,45.19737163312222,43.276679124014564,45.11006546020508,354600,0.0,0.0
2024-03-28 00:00:00-04:00,45.11879847686472,46.17517820842686,41.74012779415764,42.06315231323242,651800,0.0,0.0
2024-04-01 00:00:00-04:00,42.403638280207936,43.18064491857281,41.63536059412569,42.90127182006836,204000,0.0,0.0
2024-04-02 00:00:00-04:00,42.53459573189471,42.85762025148901,40.70993831517551,41.17264938354492,200600,0.0,0.0
2024-04-03 00:00:00-04:00,40.151191855628944,44.08860871293751,39.87181542952876,44.07987976074219,493100,0.0,0.0
2024-04-04 00:00:00-04:00,44.39417492480008,44.961653436248625,43.23303104358919,43.43383026123047,476100,0.0,0.0
2024-04-05 00:00:00-04:00,43.18065243628523,46.02677095209224,43.06715938490191,44.62990188598633,485100,0.0,0.0
2024-04-08 00:00:00-04:00,44.52513382812604,45.869619060661165,43.76558836003788,44.586246490478516,776100,0.0,0.0
2024-04-09 00:00:00-04:00,45.511671977413656,46.27121744446444,43.739394780441394,45.101341247558594,432900,0.0,0.0
2024-04-10 00:00:00-04:00,43.82670608964537,45.28468453204105,43.032238056816254,44.01004409790039,319000,0.0,0.0
2024-04-11 00:00:00-04:00,44.149727622683905,45.371987587324995,43.372720882038124,45.17118835449219,271600,0.0,0.0
2024-04-12 00:00:00-04:00,44.95292462879805,45.485477339712475,43.625900667131255,44.92673110961914,320700,0.0,0.0
2024-04-15 00:00:00-04:00,44.96164818555923,45.8084997122547,41.050421713918524,41.4345588684082,636800,0.0,0.0
2024-04-16 00:00:00-04:00,41.015504325399505,42.64809159714389,40.18611392988778,41.93219757080078,386000,0.0,0.0
2024-04-17 00:00:00-04:00,42.29014813904008,42.29014813904008,40.299613686792384,41.98458480834961,278200,0.0,0.0
2024-04-18 00:00:00-04:00,42.106806057653955,43.07588299871883,41.8187039924237,42.17665100097656,182200,0.0,0.0
2024-04-19 00:00:00-04:00,42.517139568073134,44.40290986665032,41.993312449896436,43.49494552612305,211200,0.0,0.0
2024-04-22 00:00:00-04:00,43.65209531572796,47.25775932131645,43.346531980674094,46.50694274902344,673100,0.0,0.0
2024-04-23 00:00:00-04:00,46.856155199757026,48.11333761422563,45.03150090282823,45.45928955078125,408600,0.0,0.0
2024-04-24 00:00:00-04:00,45.36324929476929,45.60770325355186,42.534595842144064,42.7615852355957,332300,0.0,0.0
2024-04-25 00:00:00-04:00,42.60444583442691,44.08861779253084,41.69648142118796,42.848899841308594,321300,0.0,0.0
2024-04-26 00:00:00-04:00,43.20683937764089,44.85688781738281,42.848892379233334,44.85688781738281,386600,0.0,0.0
2024-04-29 00:00:00-04:00,45.040225708495626,46.93472477861079,44.603704817089536,46.40217208862305,615700,0.0,0.0
2024-04-30 00:00:00-04:00,46.46328509325067,49.466547649565555,46.306137304742144,47.28394317626953,731500,0.0,0.0
2024-05-01 00:00:00-04:00,46.89107529425526,48.41016952452689,45.03149861786218,47.72919464111328,261200,0.0,0.0
2024-05-02 00:00:00-04:00,48.471282902077334,49.8419583115974,47.40617080153678,48.98637771606445,346500,0.0,0.0
2024-05-03 00:00:00-04:00,49.763388941001544,52.89760953558902,49.1260687454391,52.5745849609375,640400,0.0,0.0
2024-05-06 00:00:00-04:00,53.84922328742919,56.197708070086684,53.421431301948935,56.049285888671875,799300,0.0,0.0
2024-05-07 00:00:00-04:00,56.66914173593656,56.73898001195223,54.15477729753857,55.377037048339844,847700,0.0,0.0
2024-05-08 00:00:00-04:00,55.752455209739225,58.64222171249636,55.534194738877666,56.285011291503906,622500,0.0,0.0
2024-05-09 00:00:00-04:00,55.996907741936575,56.52946384149111,54.21590144091863,55.32466506958008,318500,0.0,0.0
2024-05-10 00:00:00-04:00,56.18024269353288,56.61676362613342,54.39050753594877,54.477813720703125,332900,0.0,0.0
2024-05-13 00:00:00-04:00,54.37305048847304,54.975451553327,52.43489966305649,53.49127960205078,267000,0.0,0.0
2024-05-14 00:00:00-04:00,53.465085234671946,55.595306184606194,52.8539552635888,55.13259506225586,332600,0.0,0.0
2024-05-15 00:00:00-04:00,56.00564397064039,58.86922057996174,55.81357367061343,58.40650939941406,463000,0.0,0.0
2024-05-16 00:00:00-04:00,58.40650027412746,58.40650027412746,56.529458990921434,56.79137420654297,286200,0.0,0.0
2024-05-17 00:00:00-04:00,56.74772066273111,57.56838213914968,55.970713943442334,56.730262756347656,252000,0.0,0.0
2024-05-20 00:00:00-04:00,56.69534399403191,58.43269553687486,55.464351698824274,57.795372009277344,258400,0.0,0.0
2024-05-21 00:00:00-04:00,57.88267423865212,58.70332900464395,56.00563302889679,56.44215393066406,381800,0.0,0.0
2024-05-22 00:00:00-04:00,55.9270601581304,56.50327099050852,52.05075544752153,52.97618103027344,571300,0.0,0.0
2024-05-23 00:00:00-04:00,52.46108410062406,53.692072957157926,49.34432501003002,49.72846221923828,713100,0.0,0.0
2024-05-24 00:00:00-04:00,50.52293006236442,51.6316935925364,48.76811743926724,50.898338317871094,305100,0.0,0.0
2024-05-28 00:00:00-04:00,51.4832826514144,52.7666519982625,50.566585978877846,51.78011703491211,548300,0.0,0.0
2024-05-29 00:00:00-04:00,51.32613706335728,54.32067121966331,51.32613706335728,54.0849494934082,249100,0.0,0.0
2024-05-30 00:00:00-04:00,55.08020719763033,58.62475809829093,55.062745962014446,57.66441345214844,752800,0.0,0.0
2024-05-31 00:00:00-04:00,58.23189085148498,58.75572130918738,55.534194633910005,57.87394714355469,619200,0.0,0.0
2024-06-03 00:00:00-04:00,58.01363430495789,59.57638017836745,56.171515276908615,56.939796447753906,291500,0.0,0.0
2024-06-04 00:00:00-04:00,56.64295588209347,56.64295588209347,52.007105540259424,53.28174591064453,476300,0.0,0.0
2024-06-05 00:00:00-04:00,53.39523955438611,53.534926117540934,50.63642743428548,52.382511138916016,470400,0.0,0.0
2024-06-06 00:00:00-04:00,52.338856295394145,52.338856295394145,50.07767791230483,50.13005828857422,341200,0.0,0.0
2024-06-07 00:00:00-04:00,49.702271898946535,51.34359148013189,48.92526519919105,49.82449722290039,299800,0.0,0.0
2024-06-10 00:00:00-04:00,49.04748092766077,52.16423940029314,47.57204171511158,51.91105651855469,407200,0.0,0.0
2024-06-11 00:00:00-04:00,51.78010826803199,52.103132788491315,49.45781730693325,49.78084182739258,293600,0.0,0.0
2024-06-12 00:00:00-04:00,51.54438794401959,53.910330389343294,49.07367808629319,52.10313415527344,581500,0.0,0.0
2024-06-13 00:00:00-04:00,56.311203184581935,57.0969422355928,52.714271448556765,55.00164031982422,899500,0.0,0.0
2024-06-14 00:00:00-04:00,53.264282712439865,56.14532020054599,53.264282712439865,55.41196823120117,432800,0.0,0.0
2024-06-17 00:00:00-04:00,55.50356543439375,57.64073647602299,54.44395982533726,55.71009826660156,337800,1.762,0.0
2024-06-18 00:00:00-04:00,55.54845336672659,57.47010960868947,55.25212146982376,56.72479248046875,428600,0.0,0.0
2024-06-20 00:00:00-04:00,56.67989924890123,56.90439188280506,51.58840795619568,52.80066680908203,642200,0.0,0.0
2024-06-21 00:00:00-04:00,52.09127351243505,52.531280617987605,50.29533229472607,51.64228820800781,347700,0.0,0.0
2024-06-24 00:00:00-04:00,51.90269355466378,53.016178467713125,50.250427718662344,51.85779571533203,308700,0.0,0.0
2024-06-25 00:00:00-04:00,52.432498251549,53.411286257922654,51.65126485624631,52.48637771606445,233100,0.0,0.0
2024-06-26 00:00:00-04:00,52.279846609292875,52.989240741673896,50.95982880231104,51.121463775634766,222300,0.0,0.0
2024-06-27 00:00:00-04:00,51.35493479323362,52.53127745313687,50.29532926458447,51.992496490478516,238200,0.0,0.0
2024-06-28 00:00:00-04:00,52.24392930297255,52.531279618298726,50.421050097843505,51.480655670166016,318300,0.0,0.0
2024-07-01 00:00:00-04:00,51.69616102480398,51.69616102480398,47.3948815398169,47.583457946777344,447400,0.0,0.0
2024-07-02 00:00:00-04:00,47.035700799470014,49.35246315697373,46.75732868140572,49.217769622802734,281500,0.0,0.0
2024-07-03 00:00:00-04:00,49.31654191062288,50.403088900397385,48.98429375986642,49.927162170410156,153400,0.0,0.0
2024-07-05 00:00:00-04:00,49.963078508248714,50.645538012480564,48.49040742346561,48.652042388916016,286500,0.0,0.0
2024-07-08 00:00:00-04:00,48.85858586961449,49.84635227386024,48.11327196651699,49.55900192260742,286700,0.0,0.0
2024-07-09 00:00:00-04:00,49.648797216763825,51.13942833340896,49.648797216763825,49.828392028808594,75000,0.0,0.0
2024-07-10 00:00:00-04:00,49.828390109410485,51.56147021624846,47.90673014768615,50.32227325439453,214100,0.0,0.0
2024-07-11 00:00:00-04:00,50.46594381458686,50.67247662274179,49.06510857283543,49.118988037109375,248000,0.0,0.0
2024-07-12 00:00:00-04:00,49.16388814753686,49.16388814753686,47.610399490188975,48.22101974487305,134000,0.0,0.0
2024-07-15 00:00:00-04:00,48.49040924624781,49.118989310462986,46.75732582692638,46.9010009765625,199600,0.0,0.0
2024-07-16 00:00:00-04:00,46.37119458105303,48.93939067656127,45.59893942780393,48.64305877685547,435600,0.0,0.0
2024-07-17 00:00:00-04:00,48.30183767200496,49.684713168760496,46.739367376562775,47.06263732910156,231000,0.0,0.0
2024-07-18 00:00:00-04:00,47.4667248463458,48.194078815245526,46.263444146335836,47.29610824584961,168200,0.0,0.0
2024-07-19 00:00:00-04:00,47.36794896100831,51.03167063862383,47.36794896100831,49.217769622802734,187200,0.0,0.0
2024-07-22 00:00:00-04:00,49.222401579176896,49.68615136118394,48.61952544731572,49.25950241088867,196400,1.745,0.0
2024-07-23 00:00:00-04:00,49.28732348619056,51.00319970573273,48.498950316488646,50.975372314453125,103600,0.0,0.0
2024-07-24 00:00:00-04:00,50.64147361760553,51.3278248360002,48.37837600708008,48.37837600708008,166000,0.0,0.0
2024-07-25 00:00:00-04:00,48.45257636262264,49.13892402438486,47.04277667110821,47.154075622558594,202400,0.0,0.0
2024-07-26 00:00:00-04:00,47.82188325620183,48.46185674135596,47.55290750839038,48.118682861328125,87800,0.0,0.0
2024-07-29 00:00:00-04:00,48.248528680475204,48.53605482462359,46.76452722638915,47.12625503540039,177300,0.0,0.0
2024-07-30 00:00:00-04:00,47.070604316270476,48.22997880681901,46.39353003836575,46.98712921142578,198400,0.0,0.0
2024-07-31 00:00:00-04:00,47.79404534225125,50.27974414172959,47.44159810006179,48.99052047729492,195000,0.0,0.0
2024-08-01 00:00:00-04:00,49.11110570637185,50.13135387560738,46.96858030522092,47.88680648803711,148900,0.0,0.0
2024-08-02 00:00:00-04:00,46.39352626014486,46.61612416284924,43.62957812434466,43.81507873535156,252000,0.0,0.0
2024-08-05 00:00:00-04:00,40.20710295827296,43.81507907939116,39.168304481859415,43.165828704833984,432700,0.0,0.0
2024-08-06 00:00:00-04:00,43.35133342971737,45.679355899492904,42.98960560894072,44.519981384277344,206400,0.0,0.0
2024-08-07 00:00:00-04:00,45.27125625663987,45.8184811562048,43.60175416431966,43.80580520629883,332700,0.0,0.0
2024-08-08 00:00:00-04:00,45.38256084979868,48.471133027695515,44.89098713833857,47.73841094970703,434300,0.0,0.0
2024-08-09 00:00:00-04:00,48.17432507405052,49.41717460537206,47.78477696361078,49.04617691040039,251000,0.0,0.0
2024-08-12 00:00:00-04:00,49.445002057382396,51.19797563273928,49.20385019413595,50.72494888305664,329800,0.0,0.0
2024-08-13 00:00:00-04:00,51.29072030168265,52.70979690551758,50.72494505537071,52.70979690551758,323600,0.0,0.0
2024-08-14 00:00:00-04:00,52.96950135246959,56.113724349068654,52.70980260338628,54.13814926147461,547000,0.0,0.0
2024-08-15 00:00:00-04:00,54.870878767831705,56.123001871302215,54.38857852863697,54.982177734375,356900,0.0,0.0
2024-08-16 00:00:00-04:00,55.286348822024706,56.195035227809015,54.05244844939552,54.128971099853516,305500,1.798,0.0
2024-08-19 00:00:00-04:00,54.10027824236973,55.70721745295107,54.10027824236973,55.24808883666992,228900,0.0,0.0
2024-08-20 00:00:00-04:00,55.38199581075245,56.31937627901398,54.224614571947555,55.17156219482422,209600,0.0,0.0
2024-08-21 00:00:00-04:00,54.67418541380507,55.36287471303485,53.229854965477074,53.583763122558594,221200,0.0,0.0
2024-08-22 00:00:00-04:00,53.52636670347186,53.842017155774165,50.216838776039346,50.226402282714844,440200,0.0,0.0
2024-08-23 00:00:00-04:00,48.95424188555422,52.10116450497696,48.50468046883653,51.22117233276367,495800,0.0,0.0
2024-08-26 00:00:00-04:00,51.2307384327432,52.20638024217428,49.46119061854743,50.436832427978516,314200,0.0,0.0
2024-08-27 00:00:00-04:00,50.235966008242606,51.7759495427042,49.74814327868249,50.455963134765625,230400,0.0,0.0
2024-08-28 00:00:00-04:00,50.30292497600809,50.551616286599945,49.16467794297497,50.24553298950195,191000,0.0,0.0
2024-08-29 00:00:00-04:00,50.1785741672306,54.042880097717564,50.05423034458459,53.31593322753906,238600,0.0,0.0
2024-08-30 00:00:00-04:00,55.16200020454105,58.50978946838497,54.86548406211877,56.21416473388672,726100,0.0,0.0
2024-09-03 00:00:00-04:00,55.936774017721774,59.07412955691637,55.161998639361855,57.964576721191406,527200,0.0,0.0
2024-09-04 00:00:00-04:00,57.53414703532891,61.82888004828297,57.05589146113266,61.685401916503906,514800,0.0,0.0
2024-09-05 00:00:00-04:00,62.17322335292627,63.12016732681955,59.896725845416555,60.64280700683594,325100,0.0,0.0
2024-09-06 00:00:00-04:00,59.78195136239452,60.81498523336106,57.97414573700383,59.37065124511719,257000,0.0,0.0
2024-09-09 00:00:00-04:00,59.23673868750716,61.4080158924841,59.23673868750716,61.06367492675781,247600,0.0,0.0
2024-09-10 00:00:00-04:00,61.025414444945994,61.025414444945994,57.400236084717584,58.83500289916992,273200,0.0,0.0
2024-09-11 00:00:00-04:00,58.6245686383254,62.555830006997894,58.557613150438556,61.216712951660156,249600,0.0,0.0
2024-09-12 00:00:00-04:00,61.40801418850817,63.110610200914216,60.948892913613015,62.65148162841797,249000,0.0,0.0
2024-09-13 00:00:00-04:00,62.85234359797063,64.81319427490234,62.71843262758121,64.81319427490234,251100,0.0,0.0
2024-09-16 00:00:00-04:00,64.94709664461614,67.41489671087875,64.09580246090222,64.3157958984375,325600,0.0,0.0
2024-09-17 00:00:00-04:00,64.7175470134316,66.88882408284525,62.82365175177847,66.52535247802734,308000,0.0,0.0
2024-09-18 00:00:00-04:00,67.0036096436744,68.86880348570517,65.63579839365148,67.77838134765625,367200,0.0,0.0
2024-09-19 00:00:00-04:00,69.28010859096817,72.77137603546133,69.15576475836596,71.57573699951172,445700,0.0,0.0
2024-09-20 00:00:00-04:00,70.60009033626308,72.00616298778526,69.53836230542393,70.83921813964844,398100,0.0,0.0
2024-09-23 00:00:00-04:00,70.25573508744533,71.55659072487923,67.74011360352553,68.62966918945312,233500,0.0,0.0
2024-09-24 00:00:00-04:00,68.66793462830934,68.91662956445933,66.10448451808854,66.19056701660156,352600,0.0,0.0
2024-09-25 00:00:00-04:00,66.18100777663459,66.27665743062997,63.7801627840663,63.83755111694336,436600,0.0,0.0
2024-09-26 00:00:00-04:00,64.32537620585,65.22449904120873,62.0680092600225,62.594093322753906,259700,0.0,0.0
2024-09-27 00:00:00-04:00,62.4410567873018,63.894958056732804,61.895845635665694,63.55061340332031,156600,0.0,0.0
2024-09-30 00:00:00-04:00,63.435817819485614,63.435817819485614,59.97324855219872,60.73845672607422,254200,0.0,0.0
2024-10-01 00:00:00-04:00,60.422804835590455,62.60364899041212,59.418468903701545,62.441043853759766,268100,0.0,0.0
2024-10-02 00:00:00-04:00,62.21149435903555,62.40279369547856,60.652379955178525,62.17323303222656,175800,0.0,0.0
2024-10-03 00:00:00-04:00,61.76193554515211,64.47843148451173,61.69498004475957,64.30625915527344,178000,0.0,0.0
2024-10-04 00:00:00-04:00,65.33927870293114,65.91319126949857,64.17233385405946,64.99493408203125,245500,0.0,0.0
2024-10-07 00:00:00-04:00,64.63145942801012,64.63145942801012,62.03931503450563,62.70886993408203,122000,0.0,0.0
2024-10-08 00:00:00-04:00,62.50800775637219,65.98970806844545,62.42192524805904,65.9705810546875,254900,0.0,0.0
2024-10-09 00:00:00-04:00,66.2288378410852,68.30447282904734,64.86102644238287,67.66360473632812,215200,0.0,0.0
2024-10-10 00:00:00-04:00,67.62533145586534,70.62877570850996,66.5731707115326,70.01660919189453,241100,0.0,0.0
2024-10-11 00:00:00-04:00,69.96879784329138,72.47485259217677,68.8401143014509,71.57573699951172,208500,0.0,0.0
2024-10-14 00:00:00-04:00,71.6331244688381,73.29745194335726,70.12183499431079,70.9540023803711,141300,0.0,0.0
2024-10-15 00:00:00-04:00,70.9731303980373,72.58963671313316,69.9879249980445,71.70964813232422,246700,0.0,0.0
2024-10-16 00:00:00-04:00,71.39399159532998,72.4461523999718,67.20447538880306,67.23316955566406,294100,0.0,0.0
2024-10-17 00:00:00-04:00,67.23317055495393,69.10793155961333,66.29578640382373,68.10359191894531,146500,0.0,0.0
2024-10-18 00:00:00-04:00,68.10359400227071,69.9018397150398,67.01317182638365,69.58618927001953,147200,0.0,0.0
2024-10-21 00:00:00-04:00,69.347061531042,70.18878875421336,67.78795091272193,69.68183898925781,133700,0.0,0.0
2024-10-22 00:00:00-04:00,69.08880616712956,69.98792171948888,68.08446650291401,69.27053833007812,122500,0.0,0.0
2024-10-23 00:00:00-04:00,68.86880344205606,69.42358166565242,66.85056431293218,67.86446380615234,99100,0.0,0.0
2024-10-24 00:00:00-04:00,68.30446531973267,74.11048775893754,68.16098718646184,73.4983139038086,323800,0.0,0.0
2024-10-25 00:00:00-04:00,73.68961664477922,76.71218795166568,73.65135532474261,75.95655059814453,311600,0.0,0.0
2024-10-28 00:00:00-04:00,75.95655006047822,78.58695558917086,75.32524923074371,75.66959381103516,307200,0.0,0.0
2024-10-29 00:00:00-04:00,75.07656161781483,77.70696740285933,74.76091846978646,75.526123046875,252800,0.0,0.0
2024-10-30 00:00:00-04:00,75.46872580087737,76.9991420719805,73.26874739406632,74.63655853271484,236900,0.0,0.0
2024-10-31 00:00:00-04:00,74.10093024116716,76.15743095856976,72.92441815245714,74.827880859375,234500,0.0,0.0
2024-11-01 00:00:00-04:00,75.37308082851973,77.32435713423678,71.94876919237552,72.36006927490234,294000,0.0,0.0
2024-11-04 00:00:00-05:00,71.8626784350982,74.08178396063573,71.59485648681621,71.82441711425781,244100,0.0,0.0
2024-11-05 00:00:00-05:00,71.78616371022362,73.85222397022076,69.89226844909213,72.1496353149414,286200,0.0,0.0
2024-11-06 00:00:00-05:00,72.89571389003102,80.0504205053549,72.89571389003102,78.59651947021484,487200,0.0,0.0
2024-11-07 00:00:00-05:00,78.47218276391447,79.86868829430632,77.64958251623685,78.12783813476562,246600,0.0,0.0
2024-11-08 00:00:00-05:00,78.10871605533538,79.36174351980584,74.22527522518376,75.78439331054688,293100,0.0,0.0
2024-11-11 00:00:00-05:00,76.4348211297583,76.4348211297583,73.09659145403677,75.6791763305664,163300,0.0,0.0
2024-11-12 00:00:00-05:00,75.57394497721582,76.85566636401957,73.479183307403,76.31045532226562,222100,0.0,0.0
2024-11-13 00:00:00-05:00,76.58784429728738,77.47739992162488,75.08612214626608,76.09046173095703,257900,0.0,0.0
2024-11-14 00:00:00-05:00,76.80785202537145,77.0756739928707,73.26875621849902,75.60264587402344,238600,0.0,0.0
2024-11-15 00:00:00-05:00,75.40178063376761,77.75479734083567,74.76091987280873,76.55915832519531,419900,0.0,0.0
2024-11-18 00:00:00-05:00,77.47740598411329,82.37474587839367,77.2287110326878,80.74867248535156,386300,0.0,0.0
2024-11-19 00:00:00-05:00,80.34695070976962,80.34695070976962,76.65481643858394,77.33393859863281,316300,0.0,0.0
2024-11-20 00:00:00-05:00,77.66870979322766,78.33827203999785,75.30613315967481,78.24262237548828,354200,0.0,0.0
2024-11-21 00:00:00-05:00,78.81652538693528,79.16087000731949,75.42090766276944,76.53046417236328,359900,0.0,0.0
2024-11-22 00:00:00-05:00,76.52089818459834,79.77303781696406,74.32091944275052,77.39132690429688,427600,0.0,0.0
2024-11-25 00:00:00-05:00,78.14696409913306,79.22782645295831,75.30613189320674,77.24784851074219,319100,0.0,0.0
2024-11-26 00:00:00-05:00,76.69307385619865,82.19301365408708,76.61655120323837,80.15564727783203,358100,0.0,0.0
2024-11-27 00:00:00-05:00,80.00259197816472,81.00693160440346,77.09479720732591,78.47217559814453,289100,0.0,0.0
2024-11-29 00:00:00-05:00,78.24261122656108,81.84865487771161,75.90872179755932,81.20779418945312,462700,0.0,0.0
2024-12-02 00:00:00-05:00,81.2364919311997,85.55991910068173,81.2364919311997,83.86689758300781,398400,0.0,0.0
2024-12-03 00:00:00-05:00,83.88602827027088,85.19645122499406,80.87302386609039,80.89215087890625,267400,0.0,0.0
2024-12-04 00:00:00-05:00,82.4895286187324,82.4895286187324,78.17566811134175,79.32347869873047,313000,0.0,0.0
2024-12-05 00:00:00-05:00,79.48607247101934,82.18343353271484,78.37652336854636,82.18343353271484,291900,0.0,0.0
2024-12-06 00:00:00-05:00,81.61909659099597,83.03472897876313,79.97389627742808,82.85299682617188,227800,0.0,0.0
2024-12-09 00:00:00-05:00,82.56604721028829,85.12949754049026,80.58606930096971,82.19300842285156,255000,0.0,0.0
2024-12-10 00:00:00-05:00,82.34604432047148,84.15385717186564,79.50521223422625,80.49998474121094,251600,0.0,0.0
2024-12-11 00:00:00-05:00,80.73911999504726,86.83209212893348,79.62956341636671,86.72687530517578,479000,0.0,0.0
2024-12-12 00:00:00-05:00,86.4686116373265,87.74077325088,84.75645575919984,85.68427276611328,422200,0.0,0.0
2024-12-13 00:00:00-05:00,86.12427868642565,89.57728507761583,85.67471720593687,88.9364242553711,255100,0.0,0.0
2024-12-16 00:00:00-05:00,92.05463948654402,103.28408667307718,92.05463948654402,102.18409729003906,956400,0.0,0.0
2024-12-17 00:00:00-05:00,102.16495462790398,104.17363390126786,99.4771606044956,101.63887786865234,501900,0.0,0.0
2024-12-18 00:00:00-05:00,102.35625687403862,104.60405654387246,91.92071706427457,93.21200561523438,494600,0.0,0.0
2024-12-19 00:00:00-05:00,94.64678512902067,97.55458020044895,90.61031378995284,91.09812927246094,423200,0.0,0.0
2024-12-20 00:00:00-05:00,91.06942176845784,93.93895509408026,88.59206150018547,92.49462127685547,264900,0.0,0.0
2024-12-23 00:00:00-05:00,93.45114144723225,93.94853135856106,89.91205292149068,93.4894027709961,301100,0.0,0.0
2024-12-24 00:00:00-05:00,93.87200417686086,95.68937683105469,93.87200417686086,95.68937683105469,81600,0.0,0.0
2024-12-26 00:00:00-05:00,95.55547501233129,98.53022557360931,95.07721938894385,97.00936889648438,167900,0.0,0.0
2024-12-27 00:00:00-05:00,97.31545097774195,97.71719124250426,94.7902619018722,95.87112426757812,137300,0.0,0.0
2024-12-30 00:00:00-05:00,95.03894530025242,95.51720085941326,91.40420013158968,93.08766174316406,205900,0.0,0.0
2024-12-31 00:00:00-05:00,93.53723019996275,94.6754808519541,92.03550792269742,92.5520248413086,121600,0.0,0.0
2025-01-02 00:00:00-05:00,92.97288499238388,105.21623117548027,92.30333007667133,104.42232513427734,432900,0.0,0.0
2025-01-03 00:00:00-05:00,107.0431655437872,107.12924804383114,102.1936470418205,105.94317626953125,360200,0.0,0.0
2025-01-06 00:00:00-05:00,110.14226342427972,113.27005176022851,108.62140685901937,108.88922882080078,488100,0.0,0.0
2025-01-07 00:00:00-05:00,110.52487200264585,113.23179315059782,106.91882069448161,110.81182098388672,418500,0.0,0.0
2025-01-08 00:00:00-05:00,109.99878423819156,111.83528392796146,107.34925151574654,108.10488891601562,267300,0.0,0.0
2025-01-10 00:00:00-05:00,111.1274687683761,111.3474695498972,106.24926322815449,108.88922882080078,421800,0.0,0.0
2025-01-13 00:00:00-05:00,107.6075224118812,107.6075224118812,100.56759858406019,102.34671020507812,369000,0.0,0.0
2025-01-14 00:00:00-05:00,104.54667541367081,111.56746400698496,103.3701634454674,109.60661315917969,380900,0.0,0.0
2025-01-15 00:00:00-05:00,112.73441749618272,113.03093365104719,108.72663298834834,110.10401153564453,314800,0.0,0.0
2025-01-16 00:00:00-05:00,110.00835744230926,110.00835744230926,105.77101244631437,106.77534484863281,361300,0.0,0.0
2025-01-17 00:00:00-05:00,107.3301135958875,107.3301135958875,97.65978543603565,99.90758514404297,564200,0.0,0.0
2025-01-21 00:00:00-05:00,98.89369186510187,104.55623638795502,96.03372543544211,104.537109375,685800,0.0,0.0
2025-01-22 00:00:00-05:00,104.28840615842637,105.5223063779025,100.67279529547804,104.0301513671875,308600,0.0,0.0
2025-01-23 00:00:00-05:00,103.71451182919012,103.71451182919012,100.43367805418275,100.73976135253906,251900,0.0,0.0
2025-01-24 00:00:00-05:00,100.68235647183482,102.98754433747315,96.22501141819018,99.82149505615234,314900,0.0,0.0
2025-01-27 00:00:00-05:00,96.60763136277873,97.42066442462838,91.98768050757005,93.43201446533203,356100,0.0,0.0
2025-01-28 00:00:00-05:00,94.34068963146474,94.63721304258277,87.3007671676678,93.59461212158203,625600,0.0,0.0
2025-01-29 00:00:00-05:00,93.55635618505893,97.48761771885574,92.34159019734513,97.47805786132812,363700,0.0,0.0
2025-01-30 00:00:00-05:00,99.47716219862916,99.47716219862916,96.34937386736675,97.19110107421875,283100,0.0,0.0
2025-01-31 00:00:00-05:00,98.01370612522688,98.13804995700016,94.6946110159408,95.12503814697266,226900,0.0,0.0
2025-02-03 00:00:00-05:00,92.47549327618678,93.69982631440315,89.8355206015324,91.7198486328125,317100,0.0,0.0
2025-02-04 00:00:00-05:00,91.84421569053151,95.06766153468541,91.81552151793706,92.05464935302734,204000,0.0,0.0
2025-02-05 00:00:00-05:00,92.05462963626158,92.25549609900246,87.60685139671136,88.63032531738281,310100,0.0,0.0
2025-02-06 00:00:00-05:00,89.7590021109151,95.64154709691276,89.56770280145213,94.85720825195312,321500,0.0,0.0
2025-02-07 00:00:00-05:00,94.3215724516502,95.60329398990184,88.95554389726512,89.26162719726562,259500,0.0,0.0
2025-02-10 00:00:00-05:00,89.83552755140823,93.96765552385935,89.83552755140823,91.25116729736328,339500,0.0,0.0
2025-02-11 00:00:00-05:00,89.96945438874178,90.1224997061331,84.42169299014978,85.5599365234375,461500,0.0,0.0
2025-02-12 00:00:00-05:00,84.26864189781664,88.98424277714037,83.40778029049144,86.8129653930664,295100,0.0,0.0
2025-02-13 00:00:00-05:00,87.40599183077347,88.955542619672,85.33036425440547,88.18077087402344,270500,0.0,0.0
2025-02-14 00:00:00-05:00,88.0851137044204,88.678153280938,85.95209779572251,88.16163635253906,263500,0.0,0.0
2025-02-18 00:00:00-05:00,84.97646030372391,90.5816170998972,84.6034214809071,88.62077331542969,549100,0.0,0.0
2025-02-19 00:00:00-05:00,88.04685020461905,89.86421546749023,86.53556090608774,86.86077117919922,368000,0.0,0.0
2025-02-20 00:00:00-05:00,87.26252276660874,90.29466161577031,85.53123247709125,89.67292785644531,327400,0.0,0.0
2025-02-21 00:00:00-05:00,90.48594755566944,91.81549738550953,85.60774246151652,85.77034759521484,315700,0.0,0.0
2025-02-24 00:00:00-05:00,86.49730365032883,87.83642072083867,82.26952611562857,84.17298126220703,335500,0.0,0.0
2025-02-25 00:00:00-05:00,84.1347258383806,84.58428727834362,79.58173039851876,82.7190933227539,352200,0.0,0.0
2025-02-26 00:00:00-05:00,82.52778083907339,85.39731428854104,82.0590924189886,84.10602569580078,269100,0.0,0.0
2025-02-27 00:00:00-05:00,82.69038363566779,83.64689475833647,76.52088981349505,76.80784606933594,722300,0.0,0.0
2025-02-28 00:00:00-05:00,76.80785042366212,80.14607238769531,75.57395012975618,80.14607238769531,455500,0.0,0.0
2025-03-03 00:00:00-05:00,81.30344833075071,85.04341045681372,77.47740370342127,78.85478210449219,442700,0.0,0.0
2025-03-04 00:00:00-05:00,78.44348872143594,80.3947725239051,74.97134825482983,78.29044342041016,202300,0.0,0.0
2025-03-05 00:00:00-05:00,79.53390818630186,82.19300816962313,77.62088577555545,82.04953002929688,283800,0.0,0.0
2025-03-06 00:00:00-05:00,80.72953553033076,82.24082476791457,78.49129583835472,79.08433532714844,299000,0.0,0.0
2025-03-07 00:00:00-05:00,80.33737349775456,81.68605779013679,76.88436748826113,81.5425796508789,269600,0.0,0.0
2025-03-10 00:00:00-04:00,78.89304019904948,80.20345575983752,75.21046655781417,76.71218872070312,392500,0.0,0.0
2025-03-11 00:00:00-04:00,77.02784125800405,79.36173078457513,75.2582971011403,78.07044219970703,278700,0.0,0.0
2025-03-12 00:00:00-04:00,79.44780991381417,81.48518323453702,78.2330440234306,81.32257080078125,365000,0.0,0.0
2025-03-13 00:00:00-04:00,82.10692238223064,82.10692238223064,78.55826651244371,79.02696228027344,182700,0.0,0.0
2025-03-14 00:00:00-04:00,80.95909977965117,82.10691019279606,80.44258290445578,81.52344512939453,193200,0.0,0.0
2025-03-17 00:00:00-04:00,81.791271765566,82.46082666205085,79.02695508241972,79.48607635498047,178900,0.0,0.0
2025-03-18 00:00:00-04:00,78.91217210975132,78.91217210975132,73.83310009464697,74.56004333496094,400600,0.0,0.0
2025-03-19 00:00:00-04:00,75.52612794717177,79.92607826811326,75.33482861488805,79.33304595947266,208900,0.0,0.0
2025-03-20 00:00:00-04:00,78.13740302752193,78.74956961770165,76.18611928472357,76.41567993164062,277500,0.0,0.0
2025-03-21 00:00:00-04:00,75.49741842441583,79.38085100135906,75.19133517644396,78.74955749511719,275700,0.0,0.0
2025-03-24 00:00:00-04:00,79.67738039161726,80.88257916634163,77.1043631055899,77.668701171875,113500,0.0,0.0
2025-03-25 00:00:00-04:00,79.03651692714317,83.36951874369346,78.19478970788283,80.93041229248047,311500,0.0,0.0
2025-03-26 00:00:00-04:00,80.87302160939892,81.97300360684633,78.31913126247397,79.21825408935547,275000,0.0,0.0
2025-03-27 00:00:00-04:00,79.97389514856141,82.1451721751723,76.5974120701115,76.6834945678711,332000,0.0,0.0
2025-03-28 00:00:00-04:00,76.04263914763365,76.64523856657281,73.04876176807709,74.97134399414062,200200,0.0,0.0
2025-03-31 00:00:00-04:00,72.96266850810278,73.29744594719956,69.87314161609417,72.22615814208984,308000,0.0,0.0
2025-04-01 00:00:00-04:00,72.1783312028019,74.50265361173203,71.4131266539465,73.35484313964844,245900,0.0,0.0
2025-04-02 00:00:00-04:00,72.32180930797848,73.90005417967804,72.32180930797848,73.4122314453125,122100,0.0,0.0
2025-04-03 00:00:00-04:00,69.44271343509058,72.08268645788354,69.44271343509058,71.36530303955078,717000,0.0,0.0
2025-04-04 00:00:00-04:00,68.6105442897839,68.6105442897839,61.24540445455182,64.79405975341797,636300,0.0,0.0
2025-04-07 00:00:00-04:00,60.04021306960811,66.46796634571793,59.66717425678756,62.058448791503906,551800,0.0,0.0
2025-04-08 00:00:00-04:00,64.45928284564586,66.14274443543253,61.94366126415373,62.49843215942383,519500,0.0,0.0
2025-04-09 00:00:00-04:00,61.914974063483655,72.08268563629291,58.84457029492701,70.83921813964844,791500,0.0,0.0
2025-04-10 00:00:00-04:00,70.12182376728478,70.39921285155948,64.94710270574697,68.39054107666016,468000,0.0,0.0
2025-04-11 00:00:00-04:00,68.40967035449493,77.75478784627343,68.40967035449493,75.4208984375,727000,0.0,0.0
2025-04-14 00:00:00-04:00,84.46950116976174,90.50509176361643,82.7382182446155,87.04251861572266,1400800,0.0,0.0
2025-04-15 00:00:00-04:00,86.7077458975247,87.48251767144588,84.3642889665852,84.78515625,426600,0.0,0.0
2025-04-16 00:00:00-04:00,83.56081016893879,87.42511588352366,83.11124878491918,86.29643249511719,304300,0.0,0.0
2025-04-17 00:00:00-04:00,87.37729635775929,89.25205742755199,86.82251811225701,87.33903503417969,270600,0.0,0.0
2025-04-21 00:00:00-04:00,87.04252380741029,87.61642909826847,84.18255721135243,85.00515747070312,222100,0.0,0.0
2025-04-22 00:00:00-04:00,86.00948733216227,91.09812674137787,85.98079316311805,89.11814880371094,294000,0.0,0.0
2025-04-23 00:00:00-04:00,91.53811551900888,93.91983357276693,89.70161583468544,90.76334381103516,354500,0.0,0.0
2025-04-24 00:00:00-04:00,90.71552040484754,92.36072086728915,88.46772050225178,88.81206512451172,229900,0.0,0.0
2025-04-25 00:00:00-04:00,88.81206637725799,90.19901204136904,88.30511659222488,89.71118927001953,228100,0.0,0.0
2025-04-28 00:00:00-04:00,89.33814007883628,91.260729473608,86.67904033251557,87.63555145263672,305400,0.0,0.0
2025-04-29 00:00:00-04:00,86.94686056696865,87.7598935435468,85.86599835204426,86.52599334716797,236000,0.0,0.0
2025-04-30 00:00:00-04:00,85.04341810779619,86.22949000564572,83.14952263593823,84.67037200927734,408900,0.0,0.0
2025-05-01 00:00:00-04:00,84.84253253827018,86.95642851326646,81.3417056704097,81.55213928222656,340300,0.0,0.0
2025-05-02 00:00:00-04:00,82.54691652623113,83.19734441086854,79.4286880824458,79.58172607421875,225900,0.0,0.0
2025-05-05 00:00:00-04:00,79.46695673965847,82.24084083598525,77.93654019266492,79.1321792602539,297100,0.0,0.0
2025-05-06 00:00:00-04:00,77.47741539996603,82.63301072980993,77.47741539996603,82.49909973144531,370900,0.0,0.0
2025-05-07 00:00:00-04:00,82.80518329525525,83.84778441136683,81.37041633925735,82.642578125,220000,0.0,0.0
2025-05-08 00:00:00-04:00,84.17298746743577,84.67037009152597,81.39910346637498,83.16864776611328,219400,0.0,0.0
2025-05-09 00:00:00-04:00,83.62777027540386,86.81295416162226,83.62777027540386,84.23993682861328,256100,0.0,0.0
2025-05-12 00:00:00-04:00,85.79905310082104,89.59640379350807,85.79905310082104,88.639892578125,484500,0.0,0.0
2025-05-13 00:00:00-04:00,88.62075844968629,91.5763743650744,88.15207003510648,88.95553588867188,286900,0.0,0.0
2025-05-14 00:00:00-04:00,89.26162104330949,90.63899944715205,87.81728715025797,90.2946548461914,296900,0.0,0.0
2025-05-15 00:00:00-04:00,89.01293065403696,90.2277039744824,85.63644725844536,88.12337493896484,260500,0.0,0.0
2025-05-16 00:00:00-04:00,88.19032341805499,89.2520513579821,85.99991934849089,88.4485855102539,180400,0.0,0.0
2025-05-19 00:00:00-04:00,88.95553305355726,95.06763845052588,88.95553305355726,92.34158325195312,534900,0.0,0.0
2025-05-20 00:00:00-04:00,91.77724389519298,92.99201716844757,89.93117704412822,91.14595031738281,198900,0.0,0.0
2025-05-21 00:00:00-04:00,90.85899103915722,92.3224519140319,88.48684750138413,88.89814758300781,316800,0.0,0.0
2025-05-22 00:00:00-04:00,88.01815176191138,91.01203629615597,87.49207501424857,88.95553588867188,265400,0.0,0.0
2025-05-23 00:00:00-04:00,87.10947812589605,90.78248507343632,86.65991667655841,90.2181396484375,194100,0.0,0.0
2025-05-27 00:00:00-04:00,90.96421414825498,91.09812513316496,87.71207459129586,87.95120239257812,211300,0.0,0.0
2025-05-28 00:00:00-04:00,86.93730008667268,87.75990028074168,81.98257190970878,85.86600494384766,387100,0.0,0.0
2025-05-29 00:00:00-04:00,86.08600720977311,87.4155571817604,80.92084531766648,81.0069351196289,347600,0.0,0.0
2025-05-30 00:00:00-04:00,80.93041223255985,81.32257802504262,78.77826205870697,80.83476257324219,380300,0.0,0.0
2025-06-02 00:00:00-04:00,80.8252003017281,81.20780625971815,77.946099407415,78.74000549316406,340700,0.0,0.0
2025-06-03 00:00:00-04:00,78.17566690171928,79.86868858656156,76.57828758381082,78.39566040039062,256500,0.0,0.0
2025-06-04 00:00:00-04:00,78.022621880373,78.80696080854085,72.53224938319796,72.64702606201172,809500,0.0,0.0
2025-06-05 00:00:00-04:00,73.1252820008763,73.77570994151212,71.52790996791532,72.67572784423828,370000,0.0,0.0
2025-06-06 00:00:00-04:00,73.4313657896584,74.19657771222238,71.29834977899422,73.17311096191406,396900,0.0,0.0
2025-06-09 00:00:00-04:00,73.7087541952292,73.7087541952292,71.46095422928127,72.5322494506836,288900,0.0,0.0
2025-06-10 00:00:00-04:00,72.88615682192172,76.26264777980234,72.3409456826926,75.00961303710938,750800,0.0,0.0
2025-06-11 00:00:00-04:00,74.79916979985857,74.90438661127637,71.34616392813201,73.45049285888672,392700,0.0,0.0
2025-06-12 00:00:00-04:00,73.36440458615347,75.52612189625805,72.79049933768002,74.55048370361328,198900,0.0,0.0
2025-06-13 00:00:00-04:00,72.95309958627404,74.06265598337663,70.46617214487942,70.96356201171875,353400,0.0,0.0
2025-06-16 00:00:00-04:00,70.94443419939743,71.74790740494547,70.19835662841797,70.19835662841797,166700,0.0,0.0
2025-06-17 00:00:00-04:00,69.83487682574707,70.56182000093148,67.96967581897535,69.75835418701172,239100,0.0,0.0
2025-06-18 00:00:00-04:00,69.86357837623105,71.04008305635472,69.25141179683636,69.61488342285156,195800,0.0,0.0
2025-06-20 00:00:00-04:00,69.63401486861551,69.68183604771261,67.14708003233564,67.34795379638672,285600,0.0,0.0
2025-06-23 00:00:00-04:00,66.48709026812071,68.10358910520408,65.38710101607414,66.05665588378906,255600,0.0,0.0
2025-06-24 00:00:00-04:00,67.26186744008338,71.31747289367802,66.67839502299152,70.16009521484375,434300,0.0,0.0
2025-06-25 00:00:00-04:00,70.13140605228536,70.48531784946226,67.74969503237013,67.9505615234375,273200,0.0,0.0
2025-06-26 00:00:00-04:00,68.44792973955934,69.72965836634366,68.12271947905606,68.65836334228516,176700,0.0,0.0
2025-06-27 00:00:00-04:00,68.56272096461228,69.10793203966476,67.5870827820556,68.47663116455078,129700,0.0,0.0
2025-06-30 00:00:00-04:00,68.4861966385101,69.5861859166439,64.45928558694975,67.15664672851562,558100,0.0,0.0
2025-07-01 00:00:00-04:00,66.745345567603,68.49576268912536,65.64535630720147,66.4010009765625,333600,0.0,0.0
2025-07-02 00:00:00-04:00,66.3531799834446,67.91229050451045,66.03752955784452,66.47752380371094,231500,0.0,0.0
2025-07-03 00:00:00-04:00,66.50621862434117,67.90272401781154,66.32447917188651,66.95578002929688,83900,0.0,0.0
2025-07-07 00:00:00-04:00,66.31492619765825,66.31492619765825,62.90018135364634,63.49321365356445,257300,0.0,0.0
2025-07-08 00:00:00-04:00,63.875814024890836,67.89316527090472,63.445386922418386,67.86446380615234,274500,0.0,0.0
2025-07-09 00:00:00-04:00,67.9983740318409,69.35662540864439,67.08969135996898,67.13751983642578,481000,0.0,0.0
2025-07-10 00:00:00-04:00,66.9462337992238,67.23319015093783,64.28713315740616,65.10973358154297,245700,0.0,0.0
2025-07-11 00:00:00-04:00,64.58362335354877,64.65057883563045,62.64190707557949,62.90972900390625,467100,0.0,0.0
2025-07-14 00:00:00-04:00,62.27845061150805,63.27322322779482,61.360200649766874,62.72801208496094,364400,0.0,0.0
2025-07-15 00:00:00-04:00,63.09147304960852,63.71320674156436,61.551489551613585,63.36886215209961,337100,0.0,0.0
2025-07-16 00:00:00-04:00,63.847121478646926,63.847121478646926,59.77238544368419,60.4610710144043,661900,0.0,0.0
2025-07-17 00:00:00-04:00,60.48976798991732,63.48364897336694,60.48020083489001,62.65148162841797,436500,0.0,0.0
2025-07-18 00:00:00-04:00,63.574392036242344,65.02757809939851,62.11158752441406,62.11158752441406,320000,0.399,0.0
2025-07-21 00:00:00-04:00,62.46766752550507,63.67063440274255,61.64964417512187,62.5927734375,431600,0.0,0.0
2025-07-22 00:00:00-04:00,61.92874251873048,64.67150593547865,61.92874251873048,63.47816467285156,383200,0.0,0.0
2025-07-23 00:00:00-04:00,63.84386251428548,65.8359829590601,63.51665900735294,65.44140625,393800,0.0,0.0
2025-07-24 00:00:00-04:00,65.22005160059116,67.85696038769447,64.47902720512647,67.11592864990234,440300,0.0,0.0
2025-07-25 00:00:00-04:00,67.86657871986161,70.63821921046276,67.36614771035163,68.99256134033203,573100,0.0,0.0
2025-07-28 00:00:00-04:00,68.48251156639927,69.91644623037175,67.3853988647461,67.3853988647461,268900,0.0,0.0
2025-07-29 00:00:00-04:00,67.65487333400546,71.33114053557296,66.96196310253455,70.5516128540039,305100,0.0,0.0
2025-07-30 00:00:00-04:00,71.15789012738963,71.63907681779973,68.7134608590272,69.28125762939453,271300,0.0,0.0
2025-07-31 00:00:00-04:00,69.15617184294992,69.24278194809237,66.62513175863269,67.2699203491211,283900,0.0,0.0
2025-08-01 00:00:00-04:00,66.00919376218309,66.61549375636633,64.62338093760782,65.16230773925781,207500,0.0,0.0
2025-08-04 00:00:00-04:00,65.83597151362075,67.25065432347127,64.96983393654008,66.7887191772461,236700,0.0,0.0
2025-08-05 00:00:00-04:00,67.17367968101877,70.34950813028524,66.73098136730208,70.09928894042969,272800,0.0,0.0
2025-08-06 00:00:00-04:00,70.39763114121787,73.1788902907319,70.21477780550993,72.8613052368164,428300,0.0,0.0
2025-08-07 00:00:00-04:00,72.98640828367301,72.98640828367301,70.73445764619314,71.24451446533203,242800,0.0,0.0
2025-08-08 00:00:00-04:00,71.5332300675763,71.98554682560646,67.96282496166384,68.73271942138672,210100,0.0,0.0
2025-08-11 00:00:00-04:00,68.357385499893,70.48422995952912,68.04942628723815,69.66621398925781,192900,0.0,0.0
2025-08-12 00:00:00-04:00,70.09928717854476,72.0625301386169,69.32939272943433,70.45536804199219,419900,0.0,0.0
2025-08-13 00:00:00-04:00,70.12816195145818,71.8123156332118,68.85782918234284,69.44487762451172,316600,0.0,0.0
2025-08-14 00:00:00-04:00,69.53149565310346,69.53149565310346,65.31630174325383,67.1736831665039,321000,0.0,0.0
2025-08-15 00:00:00-04:00,67.36615467099014,67.36615467099014,65.47990322128179,66.17281341552734,116800,0.0,0.0
2025-08-18 00:00:00-04:00,65.55689716524017,68.32853069674307,65.45103547395755,68.21304321289062,186200,0.0,0.0
2025-08-19 00:00:00-04:00,67.76073368585875,68.5210024245475,62.94886533182232,63.22794723510742,320700,0.0,0.0
2025-08-20 00:00:00-04:00,62.150090017466816,65.64350360784236,62.150090017466816,64.01708984375,464500,0.0,0.0
2025-08-21 00:00:00-04:00,64.23843681776106,65.63387557949292,62.88148653819214,63.795745849609375,261900,0.0,0.0
2025-08-22 00:00:00-04:00,63.99784476009955,65.79748604546371,63.016226913200505,63.07396697998047,486400,0.0,0.0
2025-08-25 00:00:00-04:00,62.20782932797835,62.5542844136556,57.65580261041663,57.74241638183594,842500,0.0,0.0
2025-08-26 00:00:00-04:00,56.73192049174337,58.647041766128275,56.587562993360564,57.27084732055664,848600,0.0,0.0
2025-08-27 00:00:00-04:00,56.70305003814861,56.731923742177685,54.23937600261566,55.26911544799805,831900,0.0,0.0
2025-08-28 00:00:00-04:00,58.04075203080704,58.87801601891488,55.26911508773505,57.25160598754883,744500,0.0,0.0
2025-08-29 00:00:00-04:00,56.78004079019613,57.27084969696879,55.625191768705136,55.750301361083984,278800,0.0,0.0
2025-09-02 00:00:00-04:00,54.37410400188446,56.269981015306605,52.47822698846232,55.981266021728516,615500,0.0,0.0
2025-09-03 00:00:00-04:00,56.491329555340805,56.7222971573607,54.210505211784124,54.402976989746094,340400,0.0,0.0
2025-09-04 00:00:00-04:00,53.969909648556865,56.93401822974623,53.969909648556865,56.029388427734375,354100,0.0,0.0
2025-09-05 00:00:00-04:00,56.08713542383202,57.48257795744674,54.35486357952181,56.69343185424805,488300,0.0,0.0
2025-09-08 00:00:00-04:00,46.98307958511663,47.82996939414358,43.05659714538074,43.38380432128906,2694300,0.0,0.0
2025-09-09 00:00:00-04:00,44.076710064227036,45.231559116323396,42.24820243030806,42.51766586303711,1110600,0.0,0.0
2025-09-10 00:00:00-04:00,43.30681131840512,46.213179985202196,43.30681131840512,45.6357536315918,1163800,0.0,0.0
2025-09-11 00:00:00-04:00,45.47215279274993,46.242050941780626,43.93235649468853,44.442413330078125,738300,0.0,0.0
2025-09-12 00:00:00-04:00,44.39429449503026,44.44241244003779,41.093352805452305,42.15196228027344,869100,0.0,0.0
2025-09-15 00:00:00-04:00,42.248198833080316,42.575405975461464,40.58328941929497,40.85275650024414,467500,0.0,0.0
2025-09-16 00:00:00-04:00,41.545666530198325,43.16245447112702,41.29545100962876,42.20008087158203,498100,0.0,0.0
2025-09-17 00:00:00-04:00,42.51766721502428,43.30681329696474,41.17996845834873,41.7958869934082,321000,0.0,0.0
2025-09-18 00:00:00-04:00,41.786258815535405,41.786258815535405,37.77316277463131,38.90876388549805,1423200,0.0,0.0
2025-09-19 00:00:00-04:00,38.60080577700641,39.168606349230075,36.85890823516269,37.79241180419922,848200,0.0,0.0
2025-09-22 00:00:00-04:00,43.8457369360243,45.86671976936425,42.20007550018428,45.433650970458984,1846600,0.0,0.0
2025-09-23 00:00:00-04:00,48.00319427080845,48.00319427080845,45.25080529780388,46.03995132446289,1292800,0.0,0.0
2025-09-24 00:00:00-04:00,50.909567848265944,51.85269359018758,46.77135819237165,47.406524658203125,1488100,0.0,0.0
2025-09-25 00:00:00-04:00,47.685610564334155,47.73372850951466,45.13532275812831,45.5298957824707,549100,0.0,0.0
2025-09-26 00:00:00-04:00,45.52027324583836,47.252545094356655,43.393428344762214,43.6340217590332,668200,0.0,0.0
2025-09-29 00:00:00-04:00,43.6532628904246,44.45203099269647,42.787125265152845,43.046966552734375,528200,0.0,0.0
2025-09-30 00:00:00-04:00,42.68126330796121,42.76787706991211,39.93850029812188,40.69877624511719,819200,0.0,0.0
2025-10-01 00:00:00-04:00,41.834383841423445,42.50804246112097,38.64892573060227,38.86064910888672,787100,0.0,0.0
2025-10-02 00:00:00-04:00,39.370701874023275,40.63141254903601,37.8212798675806,40.31382751464844,965300,0.0,0.0
2025-10-03 00:00:00-04:00,40.41968415583091,41.516789281245906,39.56317238848633,41.459049224853516,492500,0.0,0.0
2025-10-06 00:00:00-04:00,41.507177953938644,42.46955163643372,40.59292222133547,41.911373138427734,483400,0.0,0.0
2025-10-07 00:00:00-04:00,42.04610177799972,42.26744726817445,40.56404920590965,40.92974853515625,325000,0.0,0.0
2025-10-08 00:00:00-04:00,41.3820682630844,42.77751083409567,40.47743832499889,42.22895812988281,327000,0.0,0.0
2025-10-09 00:00:00-04:00,43.98046952898824,50.04342182335421,43.836112036032375,49.600730895996094,1816600,0.0,0.0
2025-10-10 00:00:00-04:00,50.04342441932828,51.46773682764643,47.878083939645805,49.081050872802734,954700,0.0,0.0
2025-10-13 00:00:00-04:00,49.68734387690916,52.74769184171917,49.658470176073486,51.111656188964844,584800,0.0,0.0
2025-10-14 00:00:00-04:00,49.5622342050084,52.60333425404199,48.34964523588712,48.94631576538086,947900,0.0,0.0
2025-10-15 00:00:00-04:00,49.947185163844686,52.85354984767256,48.484377031263136,51.005794525146484,983000,0.0,0.0
2025-10-16 00:00:00-04:00,51.111660842791125,52.16064817996702,49.77396216911515,50.84219741821289,477400,0.0,0.0
2025-10-17 00:00:00-04:00,51.05391961086638,52.03554114003945,49.571863360673866,51.4581184387207,439000,0.0,0.0
2025-10-20 00:00:00-04:00,51.7853265717475,54.21050857018207,49.41788464181304,50.76520919799805,671600,0.0,0.0
2025-10-21 00:00:00-04:00,50.505370744906294,54.441479278728366,50.18778933662519,51.24639892578125,695600,0.0,0.0
2025-10-22 00:00:00-04:00,52.27613311273918,53.565713870127325,50.996178147102384,53.31549835205078,801200,0.0,0.0
2025-10-23 00:00:00-04:00,53.41173387099153,56.924398918360126,53.26737636503682,56.0101432800293,1157600,0.0,0.0
2025-10-24 00:00:00-04:00,56.23149357048825,57.684676190123135,54.39336001617653,55.317237854003906,924900,0.0,0.0
2025-10-27 00:00:00-04:00,76.86478307657534,81.30132601775755,71.39850066367156,76.13337707519531,3558200,0.0,0.0
2025-10-28 00:00:00-04:00,76.51832235848494,81.98460436918165,74.10276271290103,79.47280883789062,1252000,0.0,0.0
2025-10-29 00:00:00-04:00,79.71340912410878,83.85161130637806,77.97150787000575,82.19633483886719,1219900,0.0,0.0
2025-10-30 00:00:00-04:00,81.03185013198738,84.00558822532972,79.79039471130085,81.65739440917969,816500,0.0,0.0
2025-10-31 00:00:00-04:00,82.6197625600776,88.57685680638033,80.97410477500881,87.05630493164062,854200,0.0,0.0
2025-11-03 00:00:00-05:00,90.7903220337437,91.56984964367771,84.2654301908815,87.46051025390625,802500,0.0,0.0
2025-11-04 00:00:00-05:00,83.41854164473874,87.46050771651085,83.09133081173809,86.23829650878906,627300,0.0,0.0
2025-11-05 00:00:00-05:00,86.45963152472174,88.82707679074069,83.72649431507537,85.54537963867188,593900,0.0,0.0
2025-11-06 00:00:00-05:00,86.03620469501101,86.03620469501101,82.39843351859402,84.14032745361328,395700,0.0,0.0
2025-11-07 00:00:00-05:00,82.76412198961015,84.03445473110642,79.88662724605555,82.97584533691406,534000,0.0,0.0
2025-11-10 00:00:00-05:00,84.83323317225336,85.9110868907273,80.64690953678839,81.82099914550781,418400,0.0,0.0
2025-11-11 00:00:00-05:00,82.48504221636247,83.37042418596954,81.19546508789062,81.19546508789062,313500,0.0,0.0
2025-11-12 00:00:00-05:00,81.33019419934384,85.93033878774607,80.98373911933358,83.0335922241211,471200,0.0,0.0
2025-11-13 00:00:00-05:00,83.27419020622311,84.82361235981072,78.57780946867705,80.02136993408203,390100,0.0,0.0
2025-11-14 00:00:00-05:00,77.71166767885451,82.61977153747449,76.20074143068011,79.73265075683594,563200,0.0,0.0
2025-11-17 00:00:00-05:00,78.66441351121003,79.21296615210495,76.23923534681346,76.81665802001953,310300,0.0,0.0
2025-11-18 00:00:00-05:00,74.56470162153022,77.70203392868345,73.03452394650489,75.6425552368164,479800,0.0,0.0
2025-11-19 00:00:00-05:00,76.25848942012956,78.85690279808036,74.68982294290029,76.2199935913086,367300,0.0,0.0
2025-11-20 00:00:00-05:00,77.78866195436893,77.78866195436893,73.72744407773912,73.80443572998047,421700,0.0,0.0
2025-11-21 00:00:00-05:00,71.11940804616343,73.59270781883953,69.82982364880104,71.90855407714844,714800,0.0,0.0
2025-11-24 00:00:00-05:00,71.73531764943148,71.73531764943148,68.94443318353896,70.96541595458984,656700,0.0,0.0
2025-11-25 00:00:00-05:00,70.30140086966368,74.81492847516246,69.31977559585994,73.6119613647461,679600,0.0,0.0
2025-11-26 00:00:00-05:00,73.83330093109767,79.92512734729095,73.33286256661411,79.11672973632812,852600,0.0,0.0
2025-11-28 00:00:00-05:00,80.84900826805394,84.94871452144193,80.84900826805394,82.55240631103516,472200,0.0,0.0
2025-12-01 00:00:00-05:00,81.85949022636999,83.89972475605198,80.32931983585401,80.98373413085938,499300,0.0,0.0
2025-12-02 00:00:00-05:00,80.51217828008629,81.77288533682942,79.39582138836884,79.5498046875,354100,0.0,0.0
2025-12-03 00:00:00-05:00,80.04061565851173,84.94871986331069,80.04061565851173,84.78511810302734,300100,0.0,0.0
2025-12-04 00:00:00-05:00,85.8918471085908,86.95045664090331,84.45791244520682,84.95834350585938,427100,0.0,0.0
2025-12-05 00:00:00-05:00,87.50862232249715,89.08691426922776,82.1770722712917,82.87960815429688,391600,0.0,0.0
2025-12-08 00:00:00-05:00,83.51477682093739,84.4867761777302,80.99336277897198,82.81224822998047,154700,0.0,0.0
2025-12-09 00:00:00-05:00,82.87961539211643,84.57338760724319,82.68713627062859,83.51477813720703,180600,0.0,0.0
2025-12-10 00:00:00-05:00,83.46666689071809,88.1726732824378,83.2164476948729,86.5558853149414,255200,0.0,0.0
2025-12-11 00:00:00-05:00,85.84372665582363,88.3940182971682,83.63989745824504,86.08432006835938,336500,0.0,0.0
2025-12-12 00:00:00-05:00,86.36341917970798,86.80611022829594,83.10097272019716,83.69764709472656,315000,0.0,0.0
2025-12-15 00:00:00-05:00,82.37916872109332,85.55500415364963,81.83061612917837,85.02569580078125,315800,0.0,0.0
2025-12-16 00:00:00-05:00,85.93997596831903,85.96884600509112,80.20422214685615,83.1683349609375,283100,0.0,0.0
2025-12-17 00:00:00-05:00,83.98633825430494,83.99596404586023,81.49379423140132,82.5716552734375,219200,0.0,0.0
2025-12-18 00:00:00-05:00,83.3319256069588,89.67397138102781,82.85073881211369,89.00031280517578,371600,0.0,0.0
2025-12-19 00:00:00-05:00,89.1927700071573,89.98191592802013,86.21903228307707,86.6424789428711,301000,0.0,0.0
2025-12-22 00:00:00-05:00,87.27766216621767,89.31788945313902,85.82447600712214,87.42201232910156,177100,0.0,0.0
2025-12-23 00:00:00-05:00,86.77723059479175,89.17354627905904,86.25754794069746,86.87346649169922,214400,0.0,0.0
2025-12-24 00:00:00-05:00,86.92156940829781,88.3747553686002,86.74834189420662,87.58560943603516,50900,0.0,0.0
2025-12-26 00:00:00-05:00,87.21028995782859,89.30826449943392,86.68098159137857,87.94168853759766,136800,0.0,0.0
2025-12-29 00:00:00-05:00,87.86470928084046,89.97230239203536,86.85421410227629,86.93120574951172,329400,0.0,0.0
2025-12-30 00:00:00-05:00,86.6232452673348,87.9609439140777,86.12280690977015,86.4115219116211,177100,0.0,0.0
2025-12-31 00:00:00-05:00,86.3056660768078,87.4990073034165,85.1315690918725,86.76760864257812,127700,0.0,0.0
2026-01-02 00:00:00-05:00,87.34503767129715,87.85509454936928,83.18758364746358,85.4299087524414,178400,0.0,0.0
2026-01-05 00:00:00-05:00,85.92071746965317,89.68360192922724,85.5357665448953,89.01956176757812,291300,0.0,0.0
2026-01-06 00:00:00-05:00,89.20240983354485,92.12802640942793,85.75711064132123,86.15167999267578,358600,0.0,0.0
2026-01-07 00:00:00-05:00,86.60399574094029,89.51036804184605,84.08258167986115,87.4797592163086,429700,0.0,0.0
2026-01-08 00:00:00-05:00,87.55675152671803,93.1577654678377,85.83410193768083,91.72382354736328,340000,0.0,0.0
2026-01-09 00:00:00-05:00,91.29075416376989,92.86904617458389,90.5401039808617,91.85855102539062,306500,0.0,0.0
2026-01-12 00:00:00-05:00,91.03091628837957,93.28287435484884,89.78946079214452,91.0982894897461,173400,0.0,0.0
2026-01-13 00:00:00-05:00,90.35725612447732,91.35812554299768,89.40450832257274,89.78945922851562,223000,0.0,0.0
2026-01-14 00:00:00-05:00,89.84719906570069,90.90580854760088,86.37302981393235,87.54712677001953,385200,0.0,0.0
2026-01-15 00:00:00-05:00,87.5760024209437,89.84720482935663,84.73700308159168,86.69062042236328,277100,0.0,0.0
2026-01-16 00:00:00-05:00,86.61363055946754,90.60748277039755,86.61363055946754,89.18316650390625,261600,0.0,0.0
2026-01-20 00:00:00-05:00,86.61362153251788,90.4823600636795,86.59437729169038,87.4797592163086,206400,0.0,0.0
2026-01-21 00:00:00-05:00,88.06680459995891,95.1691186737521,88.06680459995891,94.31260681152344,370900,0.0,0.0
2026-01-22 00:00:00-05:00,95.3422400875979,96.58822912763605,93.52638403287328,94.61782836914062,228500,0.356,0.0
2026-01-23 00:00:00-05:00,95.15871539826243,95.2842848061539,92.82128213730434,93.33319854736328,239400,0.0,0.0
2026-01-26 00:00:00-05:00,93.333203146086,97.94046580181941,92.59913791052149,94.92691040039062,272900,0.0,0.0
2026-01-27 00:00:00-05:00,96.20188516547066,101.12788391113281,96.20188516547066,101.12788391113281,343400,0.0,0.0
2026-01-28 00:00:00-05:00,102.38352042028558,102.52840423432234,98.29783518375267,100.36483001708984,262000,0.0,0.0
2026-01-29 00:00:00-05:00,100.35516886770557,100.7511767646635,96.58822655811954,99.43757629394531,213600,0.0,0.0
2026-01-30 00:00:00-05:00,98.7035152614835,100.55800752142034,96.60754505581926,98.42340850830078,165600,0.0,0.0
2026-02-02 00:00:00-05:00,96.91662437312593,100.01711297465481,94.80134719232854,96.13426208496094,260000,0.0,0.0
2026-02-03 00:00:00-05:00,97.45752417431925,98.2398864682142,92.60879096976059,95.40985107421875,227400,0.0,0.0
2026-02-04 00:00:00-05:00,94.9269173738024,95.35190797126302,88.35892173258866,92.1838150024414,313400,0.0,0.0
2026-02-05 00:00:00-05:00,90.35829197429194,90.98610957305299,85.14252608845833,85.5481948852539,315700,0.0,0.0
2026-02-06 00:00:00-05:00,86.94872295998442,90.36794724748039,86.94872295998442,89.73046875,174700,0.0,0.0
2026-02-09 00:00:00-05:00,89.00605400580744,90.84123182049258,86.6299844698203,90.15544891357422,295000,0.0,0.0
2026-02-10 00:00:00-05:00,90.55146486371974,93.46842614279365,87.89528856105063,92.14517211914062,347800,0.0,0.0
2026-02-11 00:00:00-05:00,93.70025486675344,93.70025486675344,89.98160905376639,91.06339263916016,127400,0.0,0.0
2026-02-12 00:00:00-05:00,91.27588934475074,92.33835854055256,83.33633461634213,83.7806396484375,290800,0.0,0.0
2026-02-13 00:00:00-05:00,84.06074041239792,85.55786101448659,82.5539662924824,83.63574981689453,379800,0.0,0.0
2026-02-17 00:00:00-05:00,83.38462258040767,83.38462258040767,80.0233488593167,82.0710220336914,220900,0.0,0.0
2026-02-18 00:00:00-05:00,82.67952268706368,83.98346230690306,80.63185694509572,82.2545394897461,277500,0.0,0.0
2026-02-19 00:00:00-05:00,81.2377355779066,89.74668863827405,81.2377355779066,88.37865447998047,345000,0.382,0.0
2026-02-20 00:00:00-05:00,89.32948517874347,89.88251851706714,86.35086572456133,89.51383209228516,243600,0.0,0.0
2026-02-23 00:00:00-05:00,89.31008195361824,89.31008195361824,84.66265816067047,85.30300903320312,464000,0.0,0.0
2026-02-24 00:00:00-05:00,85.38063304462752,88.64062144397015,85.38063304462752,87.64128112792969,352600,0.0,0.0
2026-02-25 00:00:00-05:00,89.1645460065317,89.64966322375733,85.76872548595226,86.71955108642578,154100,0.0,0.0
2026-02-26 00:00:00-05:00,85.38063353106281,88.75705275044025,78.63750691197336,79.53012084960938,888800,0.0,0.0
2026-02-27 00:00:00-05:00,77.8613176403206,79.36518405722255,73.46615659527265,74.88269805908203,653100,0.0,0.0
2026-03-02 00:00:00-05:00,72.7966880192934,75.83352651936063,72.36008548718912,74.4751968383789,597300,0.0,0.0
2026-03-03 00:00:00-05:00,70.05092861171947,73.06835852787746,67.91641565214425,71.62271118164062,471400,0.0,0.0
2026-03-04 00:00:00-05:00,72.85491065319488,74.97972674029356,70.13825828571173,72.04962158203125,314400,0.0,0.0
2026-03-05 00:00:00-05:00,71.03086204967579,72.71906789278114,69.12920344664768,71.8167495727539,312300,0.0,0.0
2026-03-06 00:00:00-05:00,69.30385240006555,70.48753970464733,67.7223727895271,68.30451202392578,523400,0.0,0.0
2026-03-09 00:00:00-04:00,66.91707773183772,69.63373001559657,66.35433991936333,69.10980987548828,386100,0.0,0.0
2026-03-10 00:00:00-04:00,69.12920351597297,74.07739765560342,68.69260098100314,71.13758850097656,499600,0.0,0.0
2026-03-11 00:00:00-04:00,70.92413582209137,74.20353295467535,70.92413582209137,72.49591827392578,406200,0.0,0.0
2026-03-12 00:00:00-04:00,70.91443521883241,72.45711190490685,67.57683361160589,68.0716552734375,485600,0.0,0.0
2026-03-13 00:00:00-04:00,68.55677225033072,69.81807263921286,64.64672105858158,64.65642547607422,393400,0.0,0.0
2026-03-16 00:00:00-04:00,65.81100764624702,66.70362160609618,63.09434809627803,63.69589614868164,533100,0.0,0.0
2026-03-17 00:00:00-04:00,64.31683926922314,66.7036150051306,63.75410154062761,64.83106231689453,468100,0.0,0.0
2026-03-18 00:00:00-04:00,64.50119580356248,66.43196047531671,63.82202718073439,64.33625030517578,302500,0.0,0.0
2026-03-19 00:00:00-04:00,63.07494269151936,67.66414742374609,63.06523827452507,67.06260681152344,368700,0.0,0.0
2026-03-20 00:00:00-04:00,66.25357923809838,68.95681534364097,65.12154374302854,66.05840301513672,448600,0.401,0.0
2026-03-23 00:00:00-04:00,67.15141450433997,71.35753214949763,66.9172015032943,68.63478088378906,440700,0.0,0.0
2026-03-24 00:00:00-04:00,67.6881564911574,70.00103301052663,67.6881564911574,68.7909164428711,246700,0.0,0.0
2026-03-25 00:00:00-04:00,70.85982320317936,73.2214902044469,67.46370117390025,70.0498275756836,546400,0.0,0.0
2026-03-26 00:00:00-04:00,68.97633696819118,71.15258855738062,67.96140412598818,69.80584716796875,313300,0.0,0.0
2026-03-27 00:00:00-04:00,69.23007435068159,72.21631414774566,67.5808074963701,67.59056854248047,230800,0.0,0.0
2026-03-30 00:00:00-04:00,67.86381738109779,70.00103227599386,67.4929795342217,68.36152648925781,228000,0.0,0.0
2026-03-31 00:00:00-04:00,69.55211625589138,75.9442391012714,69.55211625589138,75.50508880615234,436300,0.0,0.0
2026-04-01 00:00:00-04:00,76.8713378287012,77.58374530690905,74.21690650763817,76.03207397460938,297600,0.0,0.0
2026-04-02 00:00:00-04:00,73.74847518248183,76.56881459131569,71.29897364749046,75.5929183959961,157500,0.0,0.0
2026-04-06 00:00:00-04:00,75.59291264003699,77.48615349735682,73.95340685891897,74.9390640258789,115800,0.0,0.0
2026-04-07 00:00:00-04:00,74.23642275963137,74.90003246561567,71.79668228843867,73.65088653564453,248400,0.0,0.0
2026-04-08 00:00:00-04:00,77.9740981691371,79.9942027540166,76.82254049857076,78.8621597290039,460100,0.0,0.0
2026-04-09 00:00:00-04:00,78.48156603844434,80.21865998182226,76.64688396985916,78.46205139160156,279700,0.0,0.0
2026-04-10 00:00:00-04:00,79.09637910621302,80.63828923150103,77.95457505072324,78.16927337646484,175900,0.0,0.0
2026-04-13 00:00:00-04:00,77.6813164679684,81.07743766472244,77.57396731736299,79.35009765625,257400,0.0,0.0
2026-04-14 00:00:00-04:00,80.03325090639464,80.99938607727593,78.81338063414651,79.64289093017578,172800,0.0,0.0
2026-04-15 00:00:00-04:00,79.7599883864239,80.72612340261857,78.50108157356607,80.66757202148438,345700,0.0,0.0
2026-04-16 00:00:00-04:00,80.62853874496801,81.71178401540432,78.42301146649903,79.67215728759766,197800,0.0,0.0
2026-04-17 00:00:00-04:00,81.38974246095903,81.38974246095903,79.46722580547612,80.01372528076172,528700,0.0,0.0
2026-04-20 00:00:00-04:00,79.0790506075969,81.32500254185365,78.52001505942927,81.26615905761719,307500,0.407,0.0
2026-04-21 00:00:00-04:00,81.21711367452153,81.89384363915818,78.92212811510335,79.39289093017578,258500,0.0,0.0
2026-04-22 00:00:00-04:00,79.56942692547761,80.0401972117653,76.14656066894531,76.14656066894531,351500,0.0,0.0
2026-04-23 00:00:00-04:00,75.44040558576678,76.6761709843486,72.23330887633628,73.07676696777344,443600,0.0,0.0
2026-04-24 00:00:00-04:00,73.04735341990622,74.59695585879128,71.81158788275958,72.66484832763672,158000,0.0,0.0
2026-04-27 00:00:00-04:00,72.83158134783945,74.29291850783788,72.59619245615534,72.69427490234375,309100,0.0,0.0
2026-04-28 00:00:00-04:00,72.69427648355858,74.5381112793499,71.24274155049375,73.99868774414062,307200,0.0,0.0
2026-04-29 00:00:00-04:00,73.72407025995354,74.04772436094086,70.97793397853562,72.07638549804688,321400,0.0,0.0
2026-04-30 00:00:00-04:00,72.71388691698667,73.8123459638187,69.78140285523841,70.61505126953125,409500,0.0,0.0
2026-05-01 00:00:00-04:00,71.23293320160865,71.23293320160865,66.40757296239943,67.53545379638672,544500,0.0,0.0
2026-05-04 00:00:00-04:00,67.53545247882192,70.1246704826469,66.9077637192668,68.03564453125,388300,0.0,0.0
2026-05-05 00:00:00-04:00,70.12467287136668,70.811205137191,67.37852884278843,68.28083801269531,429000,0.0,0.0
2026-05-06 00:00:00-04:00,69.73236499749508,76.80367721381039,69.72255525587276,75.48945617675781,644000,0.0,0.0
2026-05-07 00:00:00-04:00,75.28349049562631,76.44079298764393,72.17446112161909,73.42003631591797,237000,0.0,0.0
2026-05-08 00:00:00-04:00,74.09677186986252,74.20465657934668,71.0367834858984,72.06658935546875,204600,0.0,0.0
2026-05-11 00:00:00-04:00,72.08619775924703,74.54791898874964,71.23292986753002,73.29254150390625,239000,0.0,0.0
2026-05-12 00:00:00-04:00,72.78253366028426,72.79234340055983,70.59543298511579,71.87042236328125,183400,0.0,0.0
2026-05-13 00:00:00-04:00,71.51735762502791,72.99831436533323,69.65390326372145,70.13448333740234,187300,0.0,0.0
2026-05-14 00:00:00-04:00,70.57582994507484,71.72332289752195,69.9285291062487,70.3992919921875,108200,0.0,0.0
2026-05-15 00:00:00-04:00,69.63429080793776,69.91871345704197,68.41814472558636,69.43814086914062,137300,0.0,0.0
2026-05-18 00:00:00-04:00,69.57156040993037,71.82504917515044,68.46458016531086,71.73609924316406,204900,0.545,0.0
2026-05-19 00:00:00-04:00,70.85645433114438,71.65703395262989,67.46633504389594,68.22737884521484,208800,0.0,0.0
2026-05-20 00:00:00-04:00,68.51400708463362,71.54831149558292,68.02970648945823,71.27156829833984,296800,0.0,0.0
2026-05-21 00:00:00-04:00,70.99482668628512,77.88378695432007,70.99482668628512,77.41925048828125,417500,0.0,0.0
2026-05-22 00:00:00-04:00,77.68610706653902,78.57564416904287,74.56285267858696,75.0669174194336,165600,0.0,0.0
2026-05-26 00:00:00-04:00,76.53960079953275,79.06983304391832,75.96634270019949,78.91168975830078,395100,0.0,0.0
2026-05-27 00:00:00-04:00,79.33669048772933,86.74948734262202,79.25762638553252,84.2686767578125,679100,0.0,0.0
2026-05-28 00:00:00-04:00,85.80064967947627,90.13960613976306,83.2901815897656,86.77914428710938,587500,0.0,0.0
2026-05-29 00:00:00-04:00,87.05588359062247,90.7523959871822,86.55181131905498,89.7244873046875,498500,0.0,0.0
2026-06-01 00:00:00-04:00,89.39832211207828,91.70123268413228,87.88611284378015,90.50530242919922,283800,0.0,0.0
2026-06-02 00:00:00-04:00,90.48541467842483,90.48541467842483,87.56268715119235,88.46733856201172,173000,0.53,0.0
2026-06-03 00:00:00-04:00,86.83697145568247,87.7018644721797,84.78907274567416,85.63407897949219,181600,0.0,0.0
2026-06-04 00:00:00-04:00,85.3557302889339,88.61646508002988,85.3557302889339,86.49897766113281,164500,0.0,0.0
2026-06-05 00:00:00-04:00,85.69372588069001,86.98609373574092,83.52652918480472,84.44113159179688,169300,0.0,0.0
2026-06-08 00:00:00-04:00,84.98789749254598,85.58437205200902,82.95987792270324,83.41718292236328,295600,0.0,0.0
2026-06-09 00:00:00-04:00,83.95400128856471,88.79540130794472,83.95400128856471,87.483154296875,382500,0.0,0.0
2026-06-10 00:00:00-04:00,86.3200320845805,88.52699479974613,85.4054372465471,87.13521575927734,233400,0.0,0.0
2026-06-11 00:00:00-04:00,90.46553598366079,98.01095452015856,90.46553598366079,97.32501220703125,788900,0.0,0.0
2026-06-12 00:00:00-04:00,98.5477880933607,99.41268114981492,96.08235784821325,98.13025665283203,370200,0.0,0.0
2026-06-15 00:00:00-04:00,99.41267781756716,101.48046333647305,98.76649389483589,99.36296844482422,267700,0.0,0.0
2026-06-16 00:00:00-04:00,100.12845021835768,100.73486815924825,94.25315732419722,96.20164489746094,295100,0.0,0.0
2026-06-17 00:00:00-04:00,97.20571412835584,101.89799368524926,96.85777127659156,97.95130920410156,344000,0.0,0.0
2026-06-18 00:00:00-04:00,100.80445516845796,103.00147440199517,97.6431317623931,101.08280944824219,335600,0.0,0.0
2026-06-22 00:00:00-04:00,100.1085682318327,102.39506296289673,95.43617518871929,96.70865631103516,519000,0.0,0.0
2026-06-23 00:00:00-04:00,94.45198965679425,95.31687512108707,93.20933115330632,93.4578628540039,235600,0.0,0.0
2026-06-24 00:00:00-04:00,93.50756795322326,94.74029069321885,88.62640912273174,89.16323852539062,270500,0.0,0.0
2026-06-25 00:00:00-04:00,89.98835321985625,90.64448053840324,87.70186616564432,89.80941009521484,140800,0.0,0.0
2026-06-26 00:00:00-04:00,88.54687093072953,92.77190969512809,88.54687093072953,90.9029541015625,178100,0.0,0.0
2026-06-29 00:00:00-04:00,92.95085284258867,94.78998584715599,91.13159903617122,91.95672607421875,205900,0.0,0.0
2026-06-30 00:00:00-04:00,91.28072169165348,94.13386831369385,90.77371490430727,92.04619598388672,184700,0.0,0.0
2026-07-01 00:00:00-04:00,91.69825741148517,92.47367513157495,87.11533208163581,89.16323852539062,218600,0.0,0.0
2026-07-02 00:00:00-04:00,90.31641703096662,92.64267765521575,88.63634791940467,89.70999908447266,183200,0.0,0.0
2026-07-06 00:00:00-04:00,91.08999633789062,95.47000122070312,90.80000305175781,94.33999633789062,234300,0.53,0.0
2026-07-07 00:00:00-04:00,94.33999633789062,96.08999633789062,91.0999984741211,91.6500015258789,145300,0.0,0.0
2026-07-08 00:00:00-04:00,90.83999633789062,93.08999633789062,89.3499984741211,90.62999725341797,243600,0.0,0.0
2026-07-09 00:00:00-04:00,91.48999786376953,92.87000274658203,88.45999908447266,89.81999969482422,169000,0.0,0.0
2026-07-10 00:00:00-04:00,90.94000244140625,95.73999786376953,90.94000244140625,94.98999786376953,251100,0.0,0.0
2026-07-13 00:00:00-04:00,95.02999877929688,95.2699966430664,90.61000061035156,90.68000030517578,217800,0.0,0.0
2026-07-14 00:00:00-04:00,91.37999725341797,93.80000305175781,90.80999755859375,92.16000366210938,163900,0.0,0.0
2026-07-15 00:00:00-04:00,92.22000122070312,97.80000305175781,92.01000213623047,96.44000244140625,265600,0.0,0.0
2026-07-16 00:00:00-04:00,95.87000274658203,95.87000274658203,89.69000244140625,90.86000061035156,259100,0.0,0.0
2026-07-17 00:00:00-04:00,88.5199966430664,90.33000183105469,86.51000213623047,90.13999938964844,195900,0.0,0.0
2026-07-20 00:00:00-04:00,90.58999633789062,91.81999969482422,88.12000274658203,90.55999755859375,211000,0.0,0.0
2026-07-21 00:00:00-04:00,91.98999786376953,94.37000274658203,91.19999694824219,92.7699966430664,219900,0.0,0.0
2026-07-22 00:00:00-04:00,94.0,98.12999725341797,93.97000122070312,97.62999725341797,448400,0.0,0.0
2026-07-23 00:00:00-04:00,97.31999969482422,97.31999969482422,91.33999633789062,91.62999725341797,247800,0.0,0.0
2026-07-24 00:00:00-04:00,91.58999633789062,93.31999969482422,88.87999725341797,89.11000061035156,272333,0.0,0.0
