Date,Open,High,Low,Close,Volume,Dividends,Stock Splits
2022-01-03 00:00:00-05:00,10.0,10.0,9.8100004196167,9.859000205993652,3000,0.0,0.0
2022-01-04 00:00:00-05:00,9.829999923706055,9.859999656677246,9.829999923706055,9.829999923706055,2100,0.0,0.0
2022-01-05 00:00:00-05:00,9.800000190734863,9.800000190734863,9.800000190734863,9.800000190734863,500,0.0,0.0
2022-01-06 00:00:00-05:00,9.800000190734863,9.800000190734863,9.800000190734863,9.800000190734863,0,0.0,0.0
2022-01-07 00:00:00-05:00,9.800000190734863,9.800000190734863,9.800000190734863,9.800000190734863,0,0.0,0.0
2022-01-10 00:00:00-05:00,9.779999732971191,9.9399995803833,9.779999732971191,9.9399995803833,7500,0.0,0.0
2022-01-11 00:00:00-05:00,9.9399995803833,9.9399995803833,9.9399995803833,9.9399995803833,0,0.0,0.0
2022-01-12 00:00:00-05:00,9.805000305175781,9.8100004196167,9.805000305175781,9.8100004196167,16900,0.0,0.0
2022-01-13 00:00:00-05:00,10.180000305175781,10.180000305175781,9.800000190734863,9.800000190734863,2100,0.0,0.0
2022-01-14 00:00:00-05:00,9.800000190734863,9.8100004196167,9.729999542236328,9.8100004196167,5400,0.0,0.0
2022-01-18 00:00:00-05:00,9.8100004196167,9.8100004196167,9.8100004196167,9.8100004196167,0,0.0,0.0
2022-01-19 00:00:00-05:00,9.989999771118164,10.0,9.989999771118164,10.0,900,0.0,0.0
2022-01-20 00:00:00-05:00,9.930000305175781,9.930000305175781,9.930000305175781,9.930000305175781,700,0.0,0.0
2022-01-21 00:00:00-05:00,9.779999732971191,9.779999732971191,9.720000267028809,9.720000267028809,400,0.0,0.0
2022-01-24 00:00:00-05:00,9.699999809265137,9.710000038146973,9.699999809265137,9.710000038146973,200,0.0,0.0
2022-01-25 00:00:00-05:00,9.880000114440918,9.880000114440918,9.880000114440918,9.880000114440918,200,0.0,0.0
2022-01-26 00:00:00-05:00,9.75,9.75,9.699999809265137,9.699999809265137,2600,0.0,0.0
2022-01-27 00:00:00-05:00,9.699999809265137,9.699999809265137,9.699999809265137,9.699999809265137,0,0.0,0.0
2022-01-28 00:00:00-05:00,9.699999809265137,9.699999809265137,9.699999809265137,9.699999809265137,300,0.0,0.0
2022-01-31 00:00:00-05:00,9.670000076293945,9.75,9.670000076293945,9.75,1100,0.0,0.0
2022-02-01 00:00:00-05:00,9.869999885559082,9.869999885559082,9.720000267028809,9.75,54300,0.0,0.0
2022-02-02 00:00:00-05:00,9.75,9.75,9.75,9.75,0,0.0,0.0
2022-02-03 00:00:00-05:00,9.75,9.75,9.75,9.75,0,0.0,0.0
2022-02-04 00:00:00-05:00,9.75,9.75,9.75,9.75,0,0.0,0.0
2022-02-07 00:00:00-05:00,9.75,9.890000343322754,9.75,9.890000343322754,2000,0.0,0.0
2022-02-08 00:00:00-05:00,9.774999618530273,9.779999732971191,9.774999618530273,9.779999732971191,900,0.0,0.0
2022-02-09 00:00:00-05:00,9.789999961853027,9.789999961853027,9.789999961853027,9.789999961853027,500,0.0,0.0
2022-02-10 00:00:00-05:00,9.800000190734863,9.800000190734863,9.779999732971191,9.800000190734863,10200,0.0,0.0
2022-02-11 00:00:00-05:00,9.800000190734863,9.800000190734863,9.800000190734863,9.800000190734863,200,0.0,0.0
2022-02-14 00:00:00-05:00,9.800000190734863,9.800000190734863,9.800000190734863,9.800000190734863,0,0.0,0.0
2022-02-15 00:00:00-05:00,9.8100004196167,9.8100004196167,9.789999961853027,9.8100004196167,11100,0.0,0.0
2022-02-16 00:00:00-05:00,9.75,9.779999732971191,9.75,9.779999732971191,300,0.0,0.0
2022-02-17 00:00:00-05:00,9.779999732971191,9.779999732971191,9.779999732971191,9.779999732971191,0,0.0,0.0
2022-02-18 00:00:00-05:00,9.779999732971191,9.779999732971191,9.779999732971191,9.779999732971191,0,0.0,0.0
2022-02-22 00:00:00-05:00,9.779999732971191,9.779999732971191,9.779999732971191,9.779999732971191,0,0.0,0.0
2022-02-23 00:00:00-05:00,9.779999732971191,9.779999732971191,9.779999732971191,9.779999732971191,0,0.0,0.0
2022-02-24 00:00:00-05:00,9.779999732971191,9.779999732971191,9.75,9.779999732971191,2900,0.0,0.0
2022-02-25 00:00:00-05:00,9.779999732971191,9.779999732971191,9.779999732971191,9.779999732971191,0,0.0,0.0
2022-02-28 00:00:00-05:00,9.789999961853027,9.789999961853027,9.789999961853027,9.789999961853027,250000,0.0,0.0
2022-03-01 00:00:00-05:00,9.829999923706055,9.829999923706055,9.8100004196167,9.8100004196167,27200,0.0,0.0
2022-03-02 00:00:00-05:00,9.819999694824219,9.819999694824219,9.819999694824219,9.819999694824219,16100,0.0,0.0
2022-03-03 00:00:00-05:00,9.819999694824219,9.869999885559082,9.819999694824219,9.819999694824219,99200,0.0,0.0
2022-03-04 00:00:00-05:00,9.819999694824219,9.819999694824219,9.819999694824219,9.819999694824219,0,0.0,0.0
2022-03-07 00:00:00-05:00,9.819999694824219,9.819999694824219,9.819999694824219,9.819999694824219,0,0.0,0.0
2022-03-08 00:00:00-05:00,9.859999656677246,9.880000114440918,9.859999656677246,9.880000114440918,600,0.0,0.0
2022-03-09 00:00:00-05:00,9.880000114440918,9.880000114440918,9.880000114440918,9.880000114440918,0,0.0,0.0
2022-03-10 00:00:00-05:00,9.880000114440918,9.880000114440918,9.880000114440918,9.880000114440918,0,0.0,0.0
2022-03-11 00:00:00-05:00,9.880000114440918,9.880000114440918,9.880000114440918,9.880000114440918,0,0.0,0.0
2022-03-14 00:00:00-04:00,9.84000015258789,9.84000015258789,9.84000015258789,9.84000015258789,250000,0.0,0.0
2022-03-15 00:00:00-04:00,9.84000015258789,9.84000015258789,9.84000015258789,9.84000015258789,0,0.0,0.0
2022-03-16 00:00:00-04:00,9.819999694824219,9.84000015258789,9.819999694824219,9.835000038146973,17800,0.0,0.0
2022-03-17 00:00:00-04:00,9.835000038146973,9.835000038146973,9.835000038146973,9.835000038146973,0,0.0,0.0
2022-03-18 00:00:00-04:00,9.835000038146973,9.835000038146973,9.835000038146973,9.835000038146973,0,0.0,0.0
2022-03-21 00:00:00-04:00,9.84000015258789,9.84000015258789,9.84000015258789,9.84000015258789,1900,0.0,0.0
2022-03-22 00:00:00-04:00,9.84000015258789,9.84000015258789,9.84000015258789,9.84000015258789,0,0.0,0.0
2022-03-23 00:00:00-04:00,9.84000015258789,9.84000015258789,9.84000015258789,9.84000015258789,0,0.0,0.0
2022-03-24 00:00:00-04:00,9.84000015258789,9.84000015258789,9.84000015258789,9.84000015258789,0,0.0,0.0
2022-03-25 00:00:00-04:00,9.84000015258789,9.84000015258789,9.84000015258789,9.84000015258789,0,0.0,0.0
2022-03-28 00:00:00-04:00,9.84000015258789,9.84000015258789,9.84000015258789,9.84000015258789,11100,0.0,0.0
2022-03-29 00:00:00-04:00,9.84000015258789,9.84000015258789,9.84000015258789,9.84000015258789,15900,0.0,0.0
2022-03-30 00:00:00-04:00,9.84000015258789,9.84000015258789,9.84000015258789,9.84000015258789,72500,0.0,0.0
2022-03-31 00:00:00-04:00,9.859999656677246,9.880000114440918,9.84000015258789,9.859999656677246,102100,0.0,0.0
2022-04-01 00:00:00-04:00,9.880000114440918,9.880000114440918,9.854999542236328,9.854999542236328,25600,0.0,0.0
2022-04-04 00:00:00-04:00,9.850000381469727,9.880000114440918,9.850000381469727,9.880000114440918,175100,0.0,0.0
2022-04-05 00:00:00-04:00,9.859999656677246,9.859999656677246,9.859999656677246,9.859999656677246,391000,0.0,0.0
2022-04-06 00:00:00-04:00,9.845000267028809,9.845000267028809,9.845000267028809,9.845000267028809,200,0.0,0.0
2022-04-07 00:00:00-04:00,9.845000267028809,9.845000267028809,9.845000267028809,9.845000267028809,0,0.0,0.0
2022-04-08 00:00:00-04:00,9.859999656677246,9.859999656677246,9.859999656677246,9.859999656677246,200,0.0,0.0
2022-04-11 00:00:00-04:00,9.859999656677246,9.859999656677246,9.859999656677246,9.859999656677246,0,0.0,0.0
2022-04-12 00:00:00-04:00,9.859999656677246,9.859999656677246,9.859999656677246,9.859999656677246,0,0.0,0.0
2022-04-13 00:00:00-04:00,9.854999542236328,9.854999542236328,9.854999542236328,9.854999542236328,7700,0.0,0.0
2022-04-14 00:00:00-04:00,9.859999656677246,9.859999656677246,9.84000015258789,9.84000015258789,300,0.0,0.0
2022-04-18 00:00:00-04:00,9.84000015258789,9.84000015258789,9.84000015258789,9.84000015258789,0,0.0,0.0
2022-04-19 00:00:00-04:00,9.84000015258789,9.84000015258789,9.84000015258789,9.84000015258789,0,0.0,0.0
2022-04-20 00:00:00-04:00,9.869999885559082,9.869999885559082,9.84000015258789,9.84000015258789,5200,0.0,0.0
2022-04-21 00:00:00-04:00,9.84000015258789,9.84000015258789,9.84000015258789,9.84000015258789,0,0.0,0.0
2022-04-22 00:00:00-04:00,9.84000015258789,9.84000015258789,9.84000015258789,9.84000015258789,0,0.0,0.0
2022-04-25 00:00:00-04:00,9.84000015258789,9.84000015258789,9.84000015258789,9.84000015258789,300000,0.0,0.0
2022-04-26 00:00:00-04:00,9.920000076293945,9.920000076293945,9.920000076293945,9.920000076293945,100,0.0,0.0
2022-04-27 00:00:00-04:00,9.920000076293945,9.920000076293945,9.920000076293945,9.920000076293945,0,0.0,0.0
2022-04-28 00:00:00-04:00,9.859999656677246,9.859999656677246,9.859999656677246,9.859999656677246,200,0.0,0.0
2022-04-29 00:00:00-04:00,9.859999656677246,9.859999656677246,9.859999656677246,9.859999656677246,0,0.0,0.0
2022-05-02 00:00:00-04:00,9.859999656677246,9.859999656677246,9.859999656677246,9.859999656677246,0,0.0,0.0
2022-05-03 00:00:00-04:00,9.859999656677246,9.859999656677246,9.859999656677246,9.859999656677246,0,0.0,0.0
2022-05-04 00:00:00-04:00,9.859999656677246,9.859999656677246,9.859999656677246,9.859999656677246,0,0.0,0.0
2022-05-05 00:00:00-04:00,9.859999656677246,9.859999656677246,9.859999656677246,9.859999656677246,705000,0.0,0.0
2022-05-06 00:00:00-04:00,9.859999656677246,9.859999656677246,9.859999656677246,9.859999656677246,0,0.0,0.0
2022-05-09 00:00:00-04:00,9.859999656677246,9.859999656677246,9.859999656677246,9.859999656677246,150200,0.0,0.0
2022-05-10 00:00:00-04:00,9.859999656677246,9.859999656677246,9.859999656677246,9.859999656677246,0,0.0,0.0
2022-05-11 00:00:00-04:00,9.859999656677246,9.859999656677246,9.859999656677246,9.859999656677246,0,0.0,0.0
2022-05-12 00:00:00-04:00,9.819999694824219,9.819999694824219,9.819999694824219,9.819999694824219,100,0.0,0.0
2022-05-13 00:00:00-04:00,9.880000114440918,9.880000114440918,9.829999923706055,9.829999923706055,800,0.0,0.0
2022-05-16 00:00:00-04:00,9.829999923706055,9.829999923706055,9.829999923706055,9.829999923706055,0,0.0,0.0
2022-05-17 00:00:00-04:00,9.800000190734863,9.800000190734863,9.800000190734863,9.800000190734863,300,0.0,0.0
2022-05-18 00:00:00-04:00,9.800000190734863,9.800000190734863,9.800000190734863,9.800000190734863,0,0.0,0.0
2022-05-19 00:00:00-04:00,9.800000190734863,9.800000190734863,9.800000190734863,9.800000190734863,0,0.0,0.0
2022-05-20 00:00:00-04:00,9.800000190734863,9.800000190734863,9.800000190734863,9.800000190734863,50200,0.0,0.0
2022-05-23 00:00:00-04:00,9.800000190734863,9.8100004196167,9.800000190734863,9.8100004196167,970000,0.0,0.0
2022-05-24 00:00:00-04:00,9.8100004196167,9.8100004196167,9.8100004196167,9.8100004196167,0,0.0,0.0
2022-05-25 00:00:00-04:00,9.8100004196167,9.8100004196167,9.8100004196167,9.8100004196167,0,0.0,0.0
2022-05-26 00:00:00-04:00,9.8100004196167,9.8100004196167,9.8100004196167,9.8100004196167,0,0.0,0.0
2022-05-27 00:00:00-04:00,9.8100004196167,9.8100004196167,9.8100004196167,9.8100004196167,0,0.0,0.0
2022-05-31 00:00:00-04:00,9.8100004196167,9.8100004196167,9.8100004196167,9.8100004196167,0,0.0,0.0
2022-06-01 00:00:00-04:00,9.8100004196167,9.8100004196167,9.8100004196167,9.8100004196167,0,0.0,0.0
2022-06-02 00:00:00-04:00,9.8100004196167,9.8100004196167,9.8100004196167,9.8100004196167,0,0.0,0.0
2022-06-03 00:00:00-04:00,9.8100004196167,9.8100004196167,9.8100004196167,9.8100004196167,0,0.0,0.0
2022-06-06 00:00:00-04:00,9.8100004196167,9.8100004196167,9.8100004196167,9.8100004196167,0,0.0,0.0
2022-06-07 00:00:00-04:00,9.8100004196167,9.8100004196167,9.8100004196167,9.8100004196167,0,0.0,0.0
2022-06-08 00:00:00-04:00,9.84000015258789,9.899999618530273,9.829999923706055,9.829999923706055,106800,0.0,0.0
2022-06-09 00:00:00-04:00,9.880000114440918,9.880000114440918,9.829999923706055,9.859999656677246,33200,0.0,0.0
2022-06-10 00:00:00-04:00,9.899999618530273,9.899999618530273,9.829999923706055,9.829999923706055,20600,0.0,0.0
2022-06-13 00:00:00-04:00,9.819999694824219,9.850000381469727,9.819999694824219,9.829999923706055,94700,0.0,0.0
2022-06-14 00:00:00-04:00,9.829999923706055,9.84000015258789,9.829999923706055,9.829999923706055,192200,0.0,0.0
2022-06-15 00:00:00-04:00,9.829999923706055,9.829999923706055,9.829999923706055,9.829999923706055,0,0.0,0.0
2022-06-16 00:00:00-04:00,9.84000015258789,9.84000015258789,9.829999923706055,9.829999923706055,300,0.0,0.0
2022-06-17 00:00:00-04:00,9.829999923706055,9.829999923706055,9.829999923706055,9.829999923706055,0,0.0,0.0
2022-06-21 00:00:00-04:00,9.829999923706055,9.829999923706055,9.829999923706055,9.829999923706055,0,0.0,0.0
2022-06-22 00:00:00-04:00,9.829999923706055,9.829999923706055,9.829999923706055,9.829999923706055,0,0.0,0.0
2022-06-23 00:00:00-04:00,9.850000381469727,9.850000381469727,9.800000190734863,9.850000381469727,36500,0.0,0.0
2022-06-24 00:00:00-04:00,9.850000381469727,9.850000381469727,9.850000381469727,9.850000381469727,0,0.0,0.0
2022-06-27 00:00:00-04:00,9.850000381469727,9.850000381469727,9.850000381469727,9.850000381469727,0,0.0,0.0
2022-06-28 00:00:00-04:00,9.850000381469727,9.850000381469727,9.850000381469727,9.850000381469727,26500,0.0,0.0
2022-06-29 00:00:00-04:00,9.989999771118164,9.989999771118164,9.9399995803833,9.9399995803833,1600,0.0,0.0
2022-06-30 00:00:00-04:00,9.9399995803833,9.9399995803833,9.9399995803833,9.9399995803833,100,0.0,0.0
2022-07-01 00:00:00-04:00,9.9399995803833,9.9399995803833,9.9399995803833,9.9399995803833,0,0.0,0.0
2022-07-05 00:00:00-04:00,9.9399995803833,9.9399995803833,9.9399995803833,9.9399995803833,0,0.0,0.0
2022-07-06 00:00:00-04:00,9.9399995803833,9.9399995803833,9.9399995803833,9.9399995803833,0,0.0,0.0
2022-07-07 00:00:00-04:00,9.9399995803833,9.9399995803833,9.9399995803833,9.9399995803833,0,0.0,0.0
2022-07-08 00:00:00-04:00,9.9399995803833,10.024999618530273,9.859999656677246,9.859999656677246,506300,0.0,0.0
2022-07-11 00:00:00-04:00,9.9399995803833,9.9399995803833,9.890000343322754,9.890000343322754,200,0.0,0.0
2022-07-12 00:00:00-04:00,9.859999656677246,9.859999656677246,9.84000015258789,9.84000015258789,600,0.0,0.0
2022-07-13 00:00:00-04:00,9.859999656677246,9.859999656677246,9.859999656677246,9.859999656677246,22300,0.0,0.0
2022-07-14 00:00:00-04:00,9.989999771118164,9.989999771118164,9.9399995803833,9.9399995803833,600,0.0,0.0
2022-07-15 00:00:00-04:00,9.9399995803833,9.9399995803833,9.9399995803833,9.9399995803833,0,0.0,0.0
2022-07-18 00:00:00-04:00,9.9399995803833,9.9399995803833,9.850000381469727,9.850000381469727,4200,0.0,0.0
2022-07-19 00:00:00-04:00,9.869999885559082,9.869999885559082,9.869999885559082,9.869999885559082,900,0.0,0.0
2022-07-20 00:00:00-04:00,9.845000267028809,9.880000114440918,9.845000267028809,9.875,277100,0.0,0.0
2022-07-21 00:00:00-04:00,9.930000305175781,9.930000305175781,9.930000305175781,9.930000305175781,200,0.0,0.0
2022-07-22 00:00:00-04:00,9.930000305175781,9.930000305175781,9.930000305175781,9.930000305175781,0,0.0,0.0
2022-07-25 00:00:00-04:00,9.869999885559082,9.880000114440918,9.869999885559082,9.869999885559082,21900,0.0,0.0
2022-07-26 00:00:00-04:00,9.869999885559082,9.869999885559082,9.869999885559082,9.869999885559082,0,0.0,0.0
2022-07-27 00:00:00-04:00,9.875,9.890000343322754,9.875,9.875,9600,0.0,0.0
2022-07-28 00:00:00-04:00,9.920000076293945,9.920000076293945,9.920000076293945,9.920000076293945,100,0.0,0.0
2022-07-29 00:00:00-04:00,9.920000076293945,9.920000076293945,9.920000076293945,9.920000076293945,0,0.0,0.0
2022-08-01 00:00:00-04:00,9.920000076293945,9.920000076293945,9.920000076293945,9.920000076293945,0,0.0,0.0
2022-08-02 00:00:00-04:00,9.920000076293945,9.920000076293945,9.920000076293945,9.920000076293945,0,0.0,0.0
2022-08-03 00:00:00-04:00,9.920000076293945,9.920000076293945,9.920000076293945,9.920000076293945,0,0.0,0.0
2022-08-04 00:00:00-04:00,9.920000076293945,9.920000076293945,9.920000076293945,9.920000076293945,0,0.0,0.0
2022-08-05 00:00:00-04:00,9.920000076293945,9.920000076293945,9.920000076293945,9.920000076293945,0,0.0,0.0
2022-08-08 00:00:00-04:00,9.920000076293945,9.920000076293945,9.920000076293945,9.920000076293945,0,0.0,0.0
2022-08-09 00:00:00-04:00,9.920000076293945,9.920000076293945,9.920000076293945,9.920000076293945,0,0.0,0.0
2022-08-10 00:00:00-04:00,9.920000076293945,9.920000076293945,9.920000076293945,9.920000076293945,0,0.0,0.0
2022-08-11 00:00:00-04:00,9.890000343322754,9.979999542236328,9.890000343322754,9.920000076293945,50100,0.0,0.0
2022-08-12 00:00:00-04:00,9.920000076293945,9.920000076293945,9.920000076293945,9.920000076293945,900,0.0,0.0
2022-08-15 00:00:00-04:00,9.920000076293945,9.920000076293945,9.920000076293945,9.920000076293945,0,0.0,0.0
2022-08-16 00:00:00-04:00,9.920000076293945,9.920000076293945,9.920000076293945,9.920000076293945,0,0.0,0.0
2022-08-17 00:00:00-04:00,9.920000076293945,9.920000076293945,9.920000076293945,9.920000076293945,100,0.0,0.0
2022-08-18 00:00:00-04:00,9.920000076293945,9.920000076293945,9.920000076293945,9.920000076293945,0,0.0,0.0
2022-08-19 00:00:00-04:00,9.920000076293945,9.920000076293945,9.920000076293945,9.920000076293945,0,0.0,0.0
2022-08-22 00:00:00-04:00,9.920000076293945,9.920000076293945,9.920000076293945,9.920000076293945,0,0.0,0.0
2022-08-23 00:00:00-04:00,9.920000076293945,9.920000076293945,9.920000076293945,9.920000076293945,0,0.0,0.0
2022-08-24 00:00:00-04:00,9.920000076293945,9.920000076293945,9.920000076293945,9.920000076293945,0,0.0,0.0
2022-08-25 00:00:00-04:00,9.920000076293945,9.920000076293945,9.920000076293945,9.920000076293945,0,0.0,0.0
2022-08-26 00:00:00-04:00,9.920000076293945,9.920000076293945,9.920000076293945,9.920000076293945,0,0.0,0.0
2022-08-29 00:00:00-04:00,9.920000076293945,9.920000076293945,9.920000076293945,9.920000076293945,0,0.0,0.0
2022-08-30 00:00:00-04:00,9.920000076293945,9.920000076293945,9.920000076293945,9.920000076293945,0,0.0,0.0
2022-08-31 00:00:00-04:00,9.920000076293945,9.920000076293945,9.920000076293945,9.920000076293945,0,0.0,0.0
2022-09-01 00:00:00-04:00,9.920000076293945,9.920000076293945,9.920000076293945,9.920000076293945,0,0.0,0.0
2022-09-02 00:00:00-04:00,9.920000076293945,9.920000076293945,9.920000076293945,9.920000076293945,0,0.0,0.0
2022-09-06 00:00:00-04:00,9.920000076293945,9.920000076293945,9.920000076293945,9.920000076293945,0,0.0,0.0
2022-09-07 00:00:00-04:00,9.920000076293945,9.920000076293945,9.920000076293945,9.920000076293945,0,0.0,0.0
2022-09-08 00:00:00-04:00,9.920000076293945,9.920000076293945,9.920000076293945,9.920000076293945,0,0.0,0.0
2022-09-09 00:00:00-04:00,9.920000076293945,9.920000076293945,9.920000076293945,9.920000076293945,0,0.0,0.0
2022-09-12 00:00:00-04:00,9.920000076293945,9.920000076293945,9.920000076293945,9.920000076293945,0,0.0,0.0
2022-09-13 00:00:00-04:00,9.920000076293945,9.920000076293945,9.920000076293945,9.920000076293945,0,0.0,0.0
2022-09-14 00:00:00-04:00,9.920000076293945,9.920000076293945,9.920000076293945,9.920000076293945,0,0.0,0.0
2022-09-15 00:00:00-04:00,9.819999694824219,9.9399995803833,9.819999694824219,9.9399995803833,1100,0.0,0.0
2022-09-16 00:00:00-04:00,9.829999923706055,9.90999984741211,9.829999923706055,9.90999984741211,600,0.0,0.0
2022-09-19 00:00:00-04:00,9.920000076293945,9.930000305175781,9.90999984741211,9.930000305175781,20300,0.0,0.0
2022-09-20 00:00:00-04:00,9.920000076293945,9.920000076293945,9.920000076293945,9.920000076293945,213700,0.0,0.0
2022-09-21 00:00:00-04:00,9.920000076293945,9.920000076293945,9.920000076293945,9.920000076293945,0,0.0,0.0
2022-09-22 00:00:00-04:00,9.920000076293945,9.920000076293945,9.920000076293945,9.920000076293945,0,0.0,0.0
2022-09-23 00:00:00-04:00,9.920000076293945,9.920000076293945,9.920000076293945,9.920000076293945,0,0.0,0.0
2022-09-26 00:00:00-04:00,9.899999618530273,9.899999618530273,9.899999618530273,9.899999618530273,14300,0.0,0.0
2022-09-27 00:00:00-04:00,9.880000114440918,9.880000114440918,9.880000114440918,9.880000114440918,34600,0.0,0.0
2022-09-28 00:00:00-04:00,9.890000343322754,9.890000343322754,9.880000114440918,9.880000114440918,21600,0.0,0.0
2022-09-29 00:00:00-04:00,9.859999656677246,9.880000114440918,9.850000381469727,9.869999885559082,133500,0.0,0.0
2022-09-30 00:00:00-04:00,9.869999885559082,9.869999885559082,9.869999885559082,9.869999885559082,0,0.0,0.0
2022-10-03 00:00:00-04:00,9.869999885559082,9.869999885559082,9.869999885559082,9.869999885559082,0,0.0,0.0
2022-10-04 00:00:00-04:00,9.869999885559082,9.869999885559082,9.869999885559082,9.869999885559082,0,0.0,0.0
2022-10-05 00:00:00-04:00,9.869999885559082,9.869999885559082,9.869999885559082,9.869999885559082,0,0.0,0.0
2022-10-06 00:00:00-04:00,9.869999885559082,9.869999885559082,9.869999885559082,9.869999885559082,0,0.0,0.0
2022-10-07 00:00:00-04:00,9.90999984741211,9.90999984741211,9.880000114440918,9.880000114440918,18900,0.0,0.0
2022-10-10 00:00:00-04:00,9.880000114440918,9.880000114440918,9.880000114440918,9.880000114440918,0,0.0,0.0
2022-10-11 00:00:00-04:00,9.880000114440918,9.880000114440918,9.880000114440918,9.880000114440918,0,0.0,0.0
2022-10-12 00:00:00-04:00,9.880000114440918,9.880000114440918,9.880000114440918,9.880000114440918,0,0.0,0.0
2022-10-13 00:00:00-04:00,9.899999618530273,9.899999618530273,9.899999618530273,9.899999618530273,600,0.0,0.0
2022-10-14 00:00:00-04:00,9.920000076293945,9.930000305175781,9.920000076293945,9.925000190734863,7300,0.0,0.0
2022-10-17 00:00:00-04:00,9.899999618530273,9.899999618530273,9.899999618530273,9.899999618530273,1300,0.0,0.0
2022-10-18 00:00:00-04:00,9.920000076293945,9.930000305175781,9.920000076293945,9.930000305175781,400,0.0,0.0
2022-10-19 00:00:00-04:00,9.930000305175781,9.930000305175781,9.930000305175781,9.930000305175781,0,0.0,0.0
2022-10-20 00:00:00-04:00,9.930000305175781,9.930000305175781,9.930000305175781,9.930000305175781,0,0.0,0.0
2022-10-21 00:00:00-04:00,9.930000305175781,9.930000305175781,9.930000305175781,9.930000305175781,0,0.0,0.0
2022-10-24 00:00:00-04:00,9.930000305175781,9.930000305175781,9.930000305175781,9.930000305175781,0,0.0,0.0
2022-10-25 00:00:00-04:00,9.9399995803833,9.960000038146973,9.9399995803833,9.949999809265137,7000,0.0,0.0
2022-10-26 00:00:00-04:00,9.949999809265137,9.949999809265137,9.949999809265137,9.949999809265137,0,0.0,0.0
2022-10-27 00:00:00-04:00,9.949999809265137,9.949999809265137,9.949999809265137,9.949999809265137,0,0.0,0.0
2022-10-28 00:00:00-04:00,9.949999809265137,9.949999809265137,9.949999809265137,9.949999809265137,0,0.0,0.0
2022-10-31 00:00:00-04:00,9.949999809265137,9.949999809265137,9.949999809265137,9.949999809265137,0,0.0,0.0
2022-11-01 00:00:00-04:00,9.949999809265137,9.949999809265137,9.949999809265137,9.949999809265137,0,0.0,0.0
2022-11-02 00:00:00-04:00,10.0,10.0,10.0,10.0,100,0.0,0.0
2022-11-03 00:00:00-04:00,10.0,10.0,10.0,10.0,0,0.0,0.0
2022-11-04 00:00:00-04:00,10.0,10.0,10.0,10.0,0,0.0,0.0
2022-11-07 00:00:00-05:00,10.0,10.0,10.0,10.0,0,0.0,0.0
2022-11-08 00:00:00-05:00,10.0,10.0,10.0,10.0,0,0.0,0.0
2022-11-09 00:00:00-05:00,9.970000267028809,9.970000267028809,9.970000267028809,9.970000267028809,22300,0.0,0.0
2022-11-10 00:00:00-05:00,9.970000267028809,9.970000267028809,9.970000267028809,9.970000267028809,0,0.0,0.0
2022-11-11 00:00:00-05:00,9.970000267028809,9.970000267028809,9.970000267028809,9.970000267028809,0,0.0,0.0
2022-11-14 00:00:00-05:00,10.020000457763672,10.020000457763672,9.970000267028809,9.970000267028809,1500,0.0,0.0
2022-11-15 00:00:00-05:00,9.970000267028809,9.970000267028809,9.970000267028809,9.970000267028809,0,0.0,0.0
2022-11-16 00:00:00-05:00,9.970000267028809,9.970000267028809,9.970000267028809,9.970000267028809,0,0.0,0.0
2022-11-17 00:00:00-05:00,9.970000267028809,9.970000267028809,9.970000267028809,9.970000267028809,0,0.0,0.0
2022-11-18 00:00:00-05:00,9.970000267028809,9.970000267028809,9.970000267028809,9.970000267028809,0,0.0,0.0
2022-11-21 00:00:00-05:00,9.970000267028809,9.970000267028809,9.970000267028809,9.970000267028809,0,0.0,0.0
2022-11-22 00:00:00-05:00,9.970000267028809,9.970000267028809,9.970000267028809,9.970000267028809,0,0.0,0.0
2022-11-23 00:00:00-05:00,9.970000267028809,9.970000267028809,9.970000267028809,9.970000267028809,0,0.0,0.0
2022-11-25 00:00:00-05:00,9.958999633789062,9.979999542236328,9.958999633789062,9.979999542236328,23400,0.0,0.0
2022-11-28 00:00:00-05:00,9.979999542236328,9.979999542236328,9.979999542236328,9.979999542236328,0,0.0,0.0
2022-11-29 00:00:00-05:00,10.09000015258789,10.09000015258789,10.039999961853027,10.039999961853027,10200,0.0,0.0
2022-11-30 00:00:00-05:00,10.029999732971191,10.050000190734863,10.029999732971191,10.029999732971191,41400,0.0,0.0
2022-12-01 00:00:00-05:00,10.029999732971191,10.03499984741211,9.9399995803833,9.9399995803833,23800,0.0,0.0
2022-12-02 00:00:00-05:00,10.069999694824219,10.069999694824219,10.039999961853027,10.039999961853027,4900,0.0,0.0
2022-12-05 00:00:00-05:00,10.039999961853027,10.039999961853027,10.039999961853027,10.039999961853027,0,0.0,0.0
2022-12-06 00:00:00-05:00,10.039999961853027,10.050000190734863,10.039999961853027,10.050000190734863,896400,0.0,0.0
2022-12-07 00:00:00-05:00,10.050000190734863,10.050000190734863,10.050000190734863,10.050000190734863,0,0.0,0.0
2022-12-08 00:00:00-05:00,10.050000190734863,10.050000190734863,10.050000190734863,10.050000190734863,3700,0.0,0.0
2022-12-09 00:00:00-05:00,10.050000190734863,10.050000190734863,10.050000190734863,10.050000190734863,0,0.0,0.0
2022-12-12 00:00:00-05:00,10.055000305175781,10.0600004196167,10.055000305175781,10.0600004196167,11400,0.0,0.0
2022-12-13 00:00:00-05:00,10.079999923706055,10.079999923706055,10.079999923706055,10.079999923706055,2700,0.0,0.0
2022-12-14 00:00:00-05:00,10.079999923706055,10.079999923706055,10.079999923706055,10.079999923706055,0,0.0,0.0
2022-12-15 00:00:00-05:00,10.085000038146973,10.085000038146973,10.079999923706055,10.079999923706055,20200,0.0,0.0
2022-12-16 00:00:00-05:00,10.085000038146973,10.09000015258789,10.079999923706055,10.079999923706055,2800,0.0,0.0
2022-12-19 00:00:00-05:00,10.079999923706055,10.079999923706055,10.079999923706055,10.079999923706055,0,0.0,0.0
2022-12-20 00:00:00-05:00,10.095000267028809,10.100000381469727,10.09000015258789,10.100000381469727,33300,0.0,0.0
2022-12-21 00:00:00-05:00,10.100000381469727,10.100000381469727,10.100000381469727,10.100000381469727,200,0.0,0.0
2022-12-22 00:00:00-05:00,10.100000381469727,10.100000381469727,10.100000381469727,10.100000381469727,0,0.0,0.0
2022-12-23 00:00:00-05:00,10.100000381469727,10.100000381469727,10.100000381469727,10.100000381469727,0,0.0,0.0
2022-12-27 00:00:00-05:00,10.100000381469727,10.100000381469727,10.100000381469727,10.100000381469727,300,0.0,0.0
2022-12-28 00:00:00-05:00,10.100000381469727,10.100000381469727,10.100000381469727,10.100000381469727,0,0.0,0.0
2022-12-29 00:00:00-05:00,10.100000381469727,10.100000381469727,10.100000381469727,10.100000381469727,457400,0.0,0.0
2022-12-30 00:00:00-05:00,10.100000381469727,10.100000381469727,10.100000381469727,10.100000381469727,0,0.0,0.0
2023-01-03 00:00:00-05:00,10.100000381469727,10.100000381469727,10.100000381469727,10.100000381469727,100,0.0,0.0
2023-01-04 00:00:00-05:00,10.100000381469727,10.121000289916992,10.100000381469727,10.121000289916992,300,0.0,0.0
2023-01-05 00:00:00-05:00,10.121000289916992,10.121000289916992,10.121000289916992,10.121000289916992,0,0.0,0.0
2023-01-06 00:00:00-05:00,10.121000289916992,10.121000289916992,10.121000289916992,10.121000289916992,0,0.0,0.0
2023-01-09 00:00:00-05:00,10.109999656677246,10.145000457763672,10.109999656677246,10.140000343322754,22400,0.0,0.0
2023-01-10 00:00:00-05:00,10.140000343322754,10.140000343322754,10.140000343322754,10.140000343322754,136400,0.0,0.0
2023-01-11 00:00:00-05:00,10.140000343322754,10.149999618530273,10.140000343322754,10.149999618530273,36100,0.0,0.0
2023-01-12 00:00:00-05:00,10.199999809265137,10.199999809265137,10.1899995803833,10.199999809265137,40200,0.0,0.0
2023-01-13 00:00:00-05:00,10.149999618530273,10.149999618530273,10.149999618530273,10.149999618530273,5400,0.0,0.0
2023-01-17 00:00:00-05:00,10.149999618530273,10.149999618530273,10.149999618530273,10.149999618530273,0,0.0,0.0
2023-01-18 00:00:00-05:00,10.149999618530273,10.149999618530273,10.149999618530273,10.149999618530273,0,0.0,0.0
2023-01-19 00:00:00-05:00,10.199999809265137,10.220000267028809,10.180000305175781,10.180000305175781,25400,0.0,0.0
2023-01-20 00:00:00-05:00,10.180000305175781,10.180000305175781,10.180000305175781,10.180000305175781,2500,0.0,0.0
2023-01-23 00:00:00-05:00,10.15999984741211,10.170000076293945,10.15999984741211,10.15999984741211,1200,0.0,0.0
2023-01-24 00:00:00-05:00,10.220000267028809,10.220000267028809,10.220000267028809,10.220000267028809,100,0.0,0.0
2023-01-25 00:00:00-05:00,10.170000076293945,10.180000305175781,10.170000076293945,10.180000305175781,52800,0.0,0.0
2023-01-26 00:00:00-05:00,10.220000267028809,10.220000267028809,10.210000038146973,10.220000267028809,5000,0.0,0.0
2023-01-27 00:00:00-05:00,10.229999542236328,10.229999542236328,10.210000038146973,10.210000038146973,300,0.0,0.0
2023-01-30 00:00:00-05:00,10.220000267028809,10.220000267028809,10.210000038146973,10.220000267028809,4700,0.0,0.0
2023-01-31 00:00:00-05:00,10.229999542236328,10.229999542236328,10.220000267028809,10.229999542236328,9600,0.0,0.0
2023-02-01 00:00:00-05:00,10.229999542236328,10.229999542236328,10.229999542236328,10.229999542236328,0,0.0,0.0
2023-02-02 00:00:00-05:00,10.239999771118164,10.239999771118164,10.239999771118164,10.239999771118164,100,0.0,0.0
2023-02-03 00:00:00-05:00,10.239999771118164,10.239999771118164,10.239999771118164,10.239999771118164,0,0.0,0.0
2023-02-06 00:00:00-05:00,10.239999771118164,10.239999771118164,10.229999542236328,10.229999542236328,8400,0.0,0.0
2023-02-07 00:00:00-05:00,10.180000305175781,10.229999542236328,10.180000305175781,10.220000267028809,1818800,0.0,0.0
2023-02-08 00:00:00-05:00,10.220000267028809,10.220000267028809,10.220000267028809,10.220000267028809,0,0.0,0.0
2023-02-09 00:00:00-05:00,10.210000038146973,10.210000038146973,10.210000038146973,10.210000038146973,200,0.0,0.0
2023-02-10 00:00:00-05:00,10.210000038146973,10.210000038146973,10.210000038146973,10.210000038146973,0,0.0,0.0
2023-02-13 00:00:00-05:00,10.229999542236328,10.229999542236328,10.225000381469727,10.229999542236328,22700,0.0,0.0
2023-02-14 00:00:00-05:00,10.239999771118164,10.239999771118164,10.229999542236328,10.239999771118164,1400,0.0,0.0
2023-02-15 00:00:00-05:00,10.239999771118164,10.260000228881836,10.239999771118164,10.25,26300,0.0,0.0
2023-02-16 00:00:00-05:00,10.25,10.25,10.25,10.25,0,0.0,0.0
2023-02-17 00:00:00-05:00,10.260000228881836,10.260000228881836,10.25,10.260000228881836,14300,0.0,0.0
2023-02-21 00:00:00-05:00,10.260000228881836,10.260000228881836,10.260000228881836,10.260000228881836,0,0.0,0.0
2023-02-22 00:00:00-05:00,10.260000228881836,10.260000228881836,10.260000228881836,10.260000228881836,0,0.0,0.0
2023-02-23 00:00:00-05:00,10.270000457763672,10.270000457763672,10.25,10.25,825700,0.0,0.0
2023-02-24 00:00:00-05:00,10.25,10.25,10.25,10.25,0,0.0,0.0
2023-02-27 00:00:00-05:00,10.25,10.25,10.25,10.25,0,0.0,0.0
2023-02-28 00:00:00-05:00,10.25,10.25,10.25,10.25,400,0.0,0.0
2023-03-01 00:00:00-05:00,10.25,10.25,10.25,10.25,0,0.0,0.0
2023-03-02 00:00:00-05:00,10.25,10.25,10.25,10.25,0,0.0,0.0
2023-03-03 00:00:00-05:00,10.270000457763672,10.420000076293945,10.25,10.25,26200,0.0,0.0
2023-03-06 00:00:00-05:00,10.270000457763672,10.270000457763672,10.270000457763672,10.270000457763672,4900,0.0,0.0
2023-03-07 00:00:00-05:00,10.289999961853027,10.289999961853027,10.25,10.25,7600,0.0,0.0
2023-03-08 00:00:00-05:00,10.270000457763672,10.270000457763672,10.270000457763672,10.270000457763672,200,0.0,0.0
2023-03-09 00:00:00-05:00,10.270000457763672,10.270000457763672,10.270000457763672,10.270000457763672,0,0.0,0.0
2023-03-10 00:00:00-05:00,10.25,10.270000457763672,10.239999771118164,10.270000457763672,7500,0.0,0.0
2023-03-13 00:00:00-04:00,10.239999771118164,10.239999771118164,10.239999771118164,10.239999771118164,4100,0.0,0.0
2023-03-14 00:00:00-04:00,10.25,10.25,10.25,10.25,4100,0.0,0.0
2023-03-15 00:00:00-04:00,10.25,10.25,10.25,10.25,0,0.0,0.0
2023-03-16 00:00:00-04:00,10.25,10.25,10.25,10.25,0,0.0,0.0
2023-03-17 00:00:00-04:00,10.260000228881836,10.270000457763672,10.25,10.25,1500,0.0,0.0
2023-03-20 00:00:00-04:00,10.239999771118164,10.25,10.239999771118164,10.25,50200,0.0,0.0
2023-03-21 00:00:00-04:00,10.25,10.25,10.25,10.25,0,0.0,0.0
2023-03-22 00:00:00-04:00,10.25,10.25,10.25,10.25,0,0.0,0.0
2023-03-23 00:00:00-04:00,10.25,10.25,10.25,10.25,0,0.0,0.0
2023-03-24 00:00:00-04:00,10.25,10.25,10.25,10.25,0,0.0,0.0
2023-03-27 00:00:00-04:00,10.25,10.25,10.25,10.25,0,0.0,0.0
2023-03-28 00:00:00-04:00,10.25,10.25,10.25,10.25,0,0.0,0.0
2023-03-29 00:00:00-04:00,10.270000457763672,10.270000457763672,10.270000457763672,10.270000457763672,30300,0.0,0.0
2023-03-30 00:00:00-04:00,10.270000457763672,10.270000457763672,10.270000457763672,10.270000457763672,0,0.0,0.0
2023-03-31 00:00:00-04:00,10.270000457763672,10.270000457763672,10.270000457763672,10.270000457763672,0,0.0,0.0
2023-04-03 00:00:00-04:00,10.279999732971191,10.279999732971191,10.279999732971191,10.279999732971191,200,0.0,0.0
2023-04-04 00:00:00-04:00,10.279999732971191,10.279999732971191,10.270000457763672,10.270000457763672,5800,0.0,0.0
2023-04-05 00:00:00-04:00,10.270000457763672,10.270000457763672,10.270000457763672,10.270000457763672,0,0.0,0.0
2023-04-06 00:00:00-04:00,10.270000457763672,10.270000457763672,10.270000457763672,10.270000457763672,0,0.0,0.0
2023-04-10 00:00:00-04:00,10.270000457763672,10.270000457763672,10.270000457763672,10.270000457763672,0,0.0,0.0
2023-04-11 00:00:00-04:00,10.270000457763672,10.270000457763672,10.270000457763672,10.270000457763672,0,0.0,0.0
2023-04-12 00:00:00-04:00,10.279999732971191,10.279999732971191,10.270000457763672,10.279999732971191,100400,0.0,0.0
2023-04-13 00:00:00-04:00,10.274999618530273,10.279999732971191,10.270000457763672,10.279999732971191,9300,0.0,0.0
2023-04-14 00:00:00-04:00,10.270000457763672,10.270000457763672,10.270000457763672,10.270000457763672,400,0.0,0.0
2023-04-17 00:00:00-04:00,10.270000457763672,10.270000457763672,10.270000457763672,10.270000457763672,50100,0.0,0.0
2023-04-18 00:00:00-04:00,10.300000190734863,10.3100004196167,10.270000457763672,10.279999732971191,717800,0.0,0.0
2023-04-19 00:00:00-04:00,10.34000015258789,10.34000015258789,10.319999694824219,10.319999694824219,2400,0.0,0.0
2023-04-20 00:00:00-04:00,10.350000381469727,10.350000381469727,10.319999694824219,10.329999923706055,153000,0.0,0.0
2023-04-21 00:00:00-04:00,10.34000015258789,10.34000015258789,10.34000015258789,10.34000015258789,400,0.0,0.0
2023-04-24 00:00:00-04:00,10.350000381469727,10.350000381469727,10.34000015258789,10.34000015258789,400,0.0,0.0
2023-04-25 00:00:00-04:00,10.300000190734863,10.34000015258789,10.300000190734863,10.300000190734863,5500,0.0,0.0
2023-04-26 00:00:00-04:00,10.34000015258789,10.34000015258789,10.34000015258789,10.34000015258789,100,0.0,0.0
2023-04-27 00:00:00-04:00,10.329999923706055,10.329999923706055,10.329999923706055,10.329999923706055,6300,0.0,0.0
2023-04-28 00:00:00-04:00,10.329999923706055,10.329999923706055,10.329999923706055,10.329999923706055,100,0.0,0.0
2023-05-01 00:00:00-04:00,10.319999694824219,10.319999694824219,10.319999694824219,10.319999694824219,100,0.0,0.0
2023-05-02 00:00:00-04:00,10.329999923706055,10.329999923706055,10.329999923706055,10.329999923706055,300,0.0,0.0
2023-05-03 00:00:00-04:00,10.335000038146973,10.34000015258789,10.335000038146973,10.34000015258789,6600,0.0,0.0
2023-05-04 00:00:00-04:00,10.34000015258789,10.34000015258789,10.34000015258789,10.34000015258789,0,0.0,0.0
2023-05-05 00:00:00-04:00,10.34000015258789,10.34000015258789,10.34000015258789,10.34000015258789,0,0.0,0.0
2023-05-08 00:00:00-04:00,10.350000381469727,10.350000381469727,10.350000381469727,10.350000381469727,4400,0.0,0.0
2023-05-09 00:00:00-04:00,10.350000381469727,10.350000381469727,10.350000381469727,10.350000381469727,19100,0.0,0.0
2023-05-10 00:00:00-04:00,10.359999656677246,10.359999656677246,10.350000381469727,10.350000381469727,300,0.0,0.0
2023-05-11 00:00:00-04:00,10.380000114440918,10.390000343322754,10.380000114440918,10.390000343322754,6100,0.0,0.0
2023-05-12 00:00:00-04:00,10.390000343322754,10.390000343322754,10.390000343322754,10.390000343322754,0,0.0,0.0
2023-05-15 00:00:00-04:00,10.399999618530273,10.399999618530273,10.380000114440918,10.380000114440918,3300,0.0,0.0
2023-05-16 00:00:00-04:00,10.380000114440918,10.380000114440918,10.380000114440918,10.380000114440918,10300,0.0,0.0
2023-05-17 00:00:00-04:00,10.380000114440918,10.380000114440918,10.380000114440918,10.380000114440918,0,0.0,0.0
2023-05-18 00:00:00-04:00,10.399999618530273,10.399999618530273,10.399999618530273,10.399999618530273,5600,0.0,0.0
2023-05-19 00:00:00-04:00,10.399999618530273,10.399999618530273,10.399999618530273,10.399999618530273,0,0.0,0.0
2023-05-22 00:00:00-04:00,10.399999618530273,10.399999618530273,10.399999618530273,10.399999618530273,3800,0.0,0.0
2023-05-23 00:00:00-04:00,10.399999618530273,10.430000305175781,10.380000114440918,10.420000076293945,538800,0.0,0.0
2023-05-24 00:00:00-04:00,10.420000076293945,10.430000305175781,10.420000076293945,10.420000076293945,878800,0.0,0.0
2023-05-25 00:00:00-04:00,10.420000076293945,10.420000076293945,10.420000076293945,10.420000076293945,158500,0.0,0.0
2023-05-26 00:00:00-04:00,10.460000038146973,10.460000038146973,10.420000076293945,10.420000076293945,135200,0.0,0.0
2023-05-30 00:00:00-04:00,10.449999809265137,10.449999809265137,10.449999809265137,10.449999809265137,700,0.0,0.0
2023-05-31 00:00:00-04:00,10.550000190734863,10.600000381469727,10.5,10.5,600,0.0,0.0
2023-06-01 00:00:00-04:00,10.5,10.5,10.5,10.5,0,0.0,0.0
2023-06-02 00:00:00-04:00,10.430000305175781,10.430000305175781,10.430000305175781,10.430000305175781,100,0.0,0.0
2023-06-05 00:00:00-04:00,10.430000305175781,10.430000305175781,10.430000305175781,10.430000305175781,0,0.0,0.0
2023-06-06 00:00:00-04:00,10.619999885559082,10.774999618530273,10.449999809265137,10.449999809265137,19300,0.0,0.0
2023-06-07 00:00:00-04:00,10.65999984741211,10.65999984741211,10.460000038146973,10.460000038146973,22000,0.0,0.0
2023-06-08 00:00:00-04:00,10.428000450134277,10.470000267028809,10.428000450134277,10.460000038146973,7900,0.0,0.0
2023-06-09 00:00:00-04:00,10.420000076293945,10.4399995803833,10.420000076293945,10.420000076293945,1800,0.0,0.0
2023-06-12 00:00:00-04:00,10.399999618530273,10.449999809265137,10.399999618530273,10.449999809265137,3600,0.0,0.0
2023-06-13 00:00:00-04:00,10.430000305175781,10.5600004196167,10.430000305175781,10.470000267028809,9500,0.0,0.0
2023-06-14 00:00:00-04:00,10.470000267028809,10.470000267028809,10.470000267028809,10.470000267028809,0,0.0,0.0
2023-06-15 00:00:00-04:00,10.5,10.50100040435791,10.461000442504883,10.461000442504883,4800,0.0,0.0
2023-06-16 00:00:00-04:00,10.461000442504883,10.461000442504883,10.461000442504883,10.461000442504883,0,0.0,0.0
2023-06-20 00:00:00-04:00,10.489999771118164,10.699999809265137,10.489999771118164,10.600000381469727,6400,0.0,0.0
2023-06-21 00:00:00-04:00,10.5,10.75,10.460000038146973,10.479999542236328,26700,0.0,0.0
2023-06-22 00:00:00-04:00,10.470000267028809,10.470000267028809,10.470000267028809,10.470000267028809,200,0.0,0.0
2023-06-23 00:00:00-04:00,10.460000038146973,10.460000038146973,10.460000038146973,10.460000038146973,1100,0.0,0.0
2023-06-26 00:00:00-04:00,10.460000038146973,10.460000038146973,10.460000038146973,10.460000038146973,0,0.0,0.0
2023-06-27 00:00:00-04:00,10.460000038146973,10.460000038146973,10.460000038146973,10.460000038146973,0,0.0,0.0
2023-06-28 00:00:00-04:00,10.5,10.5,10.460000038146973,10.470000267028809,2200,0.0,0.0
2023-06-29 00:00:00-04:00,10.479999542236328,10.479999542236328,10.479999542236328,10.479999542236328,72800,0.0,0.0
2023-06-30 00:00:00-04:00,10.479999542236328,10.479999542236328,10.479999542236328,10.479999542236328,0,0.0,0.0
2023-07-03 00:00:00-04:00,10.470000267028809,10.470000267028809,10.470000267028809,10.470000267028809,100,0.0,0.0
2023-07-05 00:00:00-04:00,10.470000267028809,10.470000267028809,10.470000267028809,10.470000267028809,0,0.0,0.0
2023-07-06 00:00:00-04:00,10.470000267028809,10.470000267028809,10.470000267028809,10.470000267028809,0,0.0,0.0
2023-07-07 00:00:00-04:00,10.520000457763672,10.520000457763672,10.520000457763672,10.520000457763672,200,0.0,0.0
2023-07-10 00:00:00-04:00,10.520000457763672,10.520000457763672,10.520000457763672,10.520000457763672,0,0.0,0.0
2023-07-11 00:00:00-04:00,10.520000457763672,10.520000457763672,10.520000457763672,10.520000457763672,0,0.0,0.0
2023-07-12 00:00:00-04:00,10.520000457763672,10.520000457763672,10.520000457763672,10.520000457763672,0,0.0,0.0
2023-07-13 00:00:00-04:00,10.520000457763672,10.520000457763672,10.520000457763672,10.520000457763672,0,0.0,0.0
2023-07-14 00:00:00-04:00,10.520000457763672,10.520000457763672,10.520000457763672,10.520000457763672,0,0.0,0.0
2023-07-17 00:00:00-04:00,10.5,10.5,10.5,10.5,700,0.0,0.0
2023-07-18 00:00:00-04:00,10.5,10.5,10.5,10.5,0,0.0,0.0
2023-07-19 00:00:00-04:00,10.5,10.5,10.5,10.5,0,0.0,0.0
2023-07-20 00:00:00-04:00,10.510000228881836,10.510000228881836,10.510000228881836,10.510000228881836,600,0.0,0.0
2023-07-21 00:00:00-04:00,10.510000228881836,10.510000228881836,10.510000228881836,10.510000228881836,82400,0.0,0.0
2023-07-24 00:00:00-04:00,10.520000457763672,10.520000457763672,10.520000457763672,10.520000457763672,42700,0.0,0.0
2023-07-25 00:00:00-04:00,10.520000457763672,10.520000457763672,10.520000457763672,10.520000457763672,11600,0.0,0.0
2023-07-26 00:00:00-04:00,10.520000457763672,10.520000457763672,10.520000457763672,10.520000457763672,203500,0.0,0.0
2023-07-27 00:00:00-04:00,10.520000457763672,10.520000457763672,10.520000457763672,10.520000457763672,0,0.0,0.0
2023-07-28 00:00:00-04:00,10.520000457763672,10.520000457763672,10.520000457763672,10.520000457763672,100,0.0,0.0
2023-07-31 00:00:00-04:00,10.520000457763672,10.520000457763672,10.520000457763672,10.520000457763672,0,0.0,0.0
2023-08-01 00:00:00-04:00,10.520000457763672,10.520000457763672,10.520000457763672,10.520000457763672,0,0.0,0.0
2023-08-02 00:00:00-04:00,10.520000457763672,10.520000457763672,10.520000457763672,10.520000457763672,0,0.0,0.0
2023-08-03 00:00:00-04:00,10.520000457763672,10.520000457763672,10.520000457763672,10.520000457763672,1300,0.0,0.0
2023-08-04 00:00:00-04:00,10.510000228881836,10.510000228881836,10.510000228881836,10.510000228881836,100,0.0,0.0
2023-08-07 00:00:00-04:00,10.510000228881836,10.529999732971191,10.510000228881836,10.510000228881836,51900,0.0,0.0
2023-08-08 00:00:00-04:00,10.510000228881836,10.510000228881836,10.510000228881836,10.510000228881836,0,0.0,0.0
2023-08-09 00:00:00-04:00,10.510000228881836,10.529999732971191,10.510000228881836,10.510000228881836,14500,0.0,0.0
2023-08-10 00:00:00-04:00,10.520000457763672,10.520000457763672,10.520000457763672,10.520000457763672,1000,0.0,0.0
2023-08-11 00:00:00-04:00,10.529999732971191,10.600000381469727,10.529999732971191,10.539999961853027,17400,0.0,0.0
2023-08-14 00:00:00-04:00,10.539999961853027,10.720000267028809,10.539999961853027,10.539999961853027,118300,0.0,0.0
2023-08-15 00:00:00-04:00,10.539999961853027,10.550000190734863,10.539999961853027,10.539999961853027,166600,0.0,0.0
2023-08-16 00:00:00-04:00,11.248000144958496,11.539999961853027,10.539999961853027,10.550000190734863,316200,0.0,0.0
2023-08-17 00:00:00-04:00,10.569999694824219,10.569999694824219,10.539999961853027,10.539999961853027,300,0.0,0.0
2023-08-18 00:00:00-04:00,10.539999961853027,10.569999694824219,10.539999961853027,10.545000076293945,5200,0.0,0.0
2023-08-21 00:00:00-04:00,10.5600004196167,10.5600004196167,10.539999961853027,10.550000190734863,3200,0.0,0.0
2023-08-22 00:00:00-04:00,10.553999900817871,10.600000381469727,10.539999961853027,10.600000381469727,3800,0.0,0.0
2023-08-23 00:00:00-04:00,10.545000076293945,10.61299991607666,10.545000076293945,10.550000190734863,11200,0.0,0.0
2023-08-24 00:00:00-04:00,10.550000190734863,10.550000190734863,10.550000190734863,10.550000190734863,0,0.0,0.0
2023-08-25 00:00:00-04:00,10.550000190734863,10.550000190734863,10.550000190734863,10.550000190734863,900,0.0,0.0
2023-08-28 00:00:00-04:00,10.550000190734863,10.550000190734863,10.550000190734863,10.550000190734863,0,0.0,0.0
2023-08-29 00:00:00-04:00,10.550000190734863,10.550000190734863,10.550000190734863,10.550000190734863,0,0.0,0.0
2023-08-30 00:00:00-04:00,10.550000190734863,10.550000190734863,10.550000190734863,10.550000190734863,0,0.0,0.0
2023-08-31 00:00:00-04:00,10.569999694824219,10.569999694824219,10.569999694824219,10.569999694824219,400,0.0,0.0
2023-09-01 00:00:00-04:00,10.569999694824219,10.569999694824219,10.569999694824219,10.569999694824219,0,0.0,0.0
2023-09-05 00:00:00-04:00,10.569999694824219,10.569999694824219,10.569999694824219,10.569999694824219,0,0.0,0.0
2023-09-06 00:00:00-04:00,10.569999694824219,10.569999694824219,10.569999694824219,10.569999694824219,0,0.0,0.0
2023-09-07 00:00:00-04:00,10.569999694824219,10.569999694824219,10.569999694824219,10.569999694824219,0,0.0,0.0
2023-09-08 00:00:00-04:00,10.569999694824219,10.569999694824219,10.569999694824219,10.569999694824219,0,0.0,0.0
2023-09-11 00:00:00-04:00,10.579999923706055,10.600000381469727,10.579999923706055,10.59000015258789,167800,0.0,0.0
2023-09-12 00:00:00-04:00,10.59000015258789,10.609999656677246,10.59000015258789,10.600000381469727,17800,0.0,0.0
2023-09-13 00:00:00-04:00,10.600000381469727,10.600000381469727,10.600000381469727,10.600000381469727,0,0.0,0.0
2023-09-14 00:00:00-04:00,10.600000381469727,10.600000381469727,10.600000381469727,10.600000381469727,1200,0.0,0.0
2023-09-15 00:00:00-04:00,10.600000381469727,10.600000381469727,10.600000381469727,10.600000381469727,0,0.0,0.0
2023-09-18 00:00:00-04:00,10.600000381469727,10.600000381469727,10.600000381469727,10.600000381469727,0,0.0,0.0
2023-09-19 00:00:00-04:00,10.619999885559082,10.625,10.619999885559082,10.619999885559082,23500,0.0,0.0
2023-09-20 00:00:00-04:00,10.619999885559082,10.649999618530273,10.619999885559082,10.649999618530273,282200,0.0,0.0
2023-09-21 00:00:00-04:00,10.649999618530273,10.649999618530273,10.645000457763672,10.645000457763672,4700,0.0,0.0
2023-09-22 00:00:00-04:00,10.649999618530273,10.649999618530273,10.649999618530273,10.649999618530273,157300,0.0,0.0
2023-09-25 00:00:00-04:00,10.640000343322754,10.800000190734863,10.640000343322754,10.680000305175781,246200,0.0,0.0
2023-09-26 00:00:00-04:00,10.680000305175781,10.680000305175781,10.640000343322754,10.640000343322754,4800,0.0,0.0
2023-09-27 00:00:00-04:00,10.640000343322754,10.640000343322754,10.640000343322754,10.640000343322754,200,0.0,0.0
2023-09-28 00:00:00-04:00,10.65999984741211,10.65999984741211,10.65999984741211,10.65999984741211,277200,0.0,0.0
2023-09-29 00:00:00-04:00,10.65999984741211,10.65999984741211,10.65999984741211,10.65999984741211,0,0.0,0.0
2023-10-02 00:00:00-04:00,10.640000343322754,10.640000343322754,10.640000343322754,10.640000343322754,694400,0.0,0.0
2023-10-03 00:00:00-04:00,10.680000305175781,10.680000305175781,10.630000114440918,10.630000114440918,743600,0.0,0.0
2023-10-04 00:00:00-04:00,10.640000343322754,10.800000190734863,10.630000114440918,10.649999618530273,1657100,0.0,0.0
2023-10-05 00:00:00-04:00,10.640000343322754,10.640000343322754,10.640000343322754,10.640000343322754,85900,0.0,0.0
2023-10-06 00:00:00-04:00,10.640000343322754,10.640000343322754,10.640000343322754,10.640000343322754,0,0.0,0.0
2023-10-09 00:00:00-04:00,10.619999885559082,10.668999671936035,10.619999885559082,10.668999671936035,400,0.0,0.0
2023-10-10 00:00:00-04:00,10.668999671936035,10.668999671936035,10.668999671936035,10.668999671936035,0,0.0,0.0
2023-10-11 00:00:00-04:00,10.668999671936035,10.668999671936035,10.668999671936035,10.668999671936035,0,0.0,0.0
2023-10-12 00:00:00-04:00,10.668999671936035,10.668999671936035,10.668999671936035,10.668999671936035,0,0.0,0.0
2023-10-13 00:00:00-04:00,10.670000076293945,10.699999809265137,10.65999984741211,10.680000305175781,475800,0.0,0.0
2023-10-16 00:00:00-04:00,10.680000305175781,10.680000305175781,10.680000305175781,10.680000305175781,0,0.0,0.0
2023-10-17 00:00:00-04:00,10.699999809265137,10.699999809265137,10.699999809265137,10.699999809265137,300,0.0,0.0
2023-10-18 00:00:00-04:00,10.680000305175781,10.680000305175781,10.680000305175781,10.680000305175781,400,0.0,0.0
2023-10-19 00:00:00-04:00,10.680000305175781,10.680000305175781,10.680000305175781,10.680000305175781,500,0.0,0.0
2023-10-20 00:00:00-04:00,10.680000305175781,10.680000305175781,10.680000305175781,10.680000305175781,9700,0.0,0.0
2023-10-23 00:00:00-04:00,10.699999809265137,10.699999809265137,10.699999809265137,10.699999809265137,100,0.0,0.0
2023-10-24 00:00:00-04:00,10.699999809265137,10.710000038146973,10.699999809265137,10.710000038146973,208800,0.0,0.0
2023-10-25 00:00:00-04:00,10.710000038146973,10.710000038146973,10.710000038146973,10.710000038146973,0,0.0,0.0
2023-10-26 00:00:00-04:00,10.710000038146973,10.710000038146973,10.699999809265137,10.699999809265137,100600,0.0,0.0
2023-10-27 00:00:00-04:00,10.710000038146973,10.710000038146973,10.699999809265137,10.699999809265137,5600,0.0,0.0
2023-10-30 00:00:00-04:00,10.729999542236328,10.739999771118164,10.729999542236328,10.739999771118164,300,0.0,0.0
2023-10-31 00:00:00-04:00,10.739999771118164,10.739999771118164,10.739999771118164,10.739999771118164,1200,0.0,0.0
2023-11-01 00:00:00-04:00,10.739999771118164,10.739999771118164,10.739999771118164,10.739999771118164,0,0.0,0.0
2023-11-02 00:00:00-04:00,10.739999771118164,10.739999771118164,10.739999771118164,10.739999771118164,0,0.0,0.0
2023-11-03 00:00:00-04:00,10.779999732971191,10.779999732971191,10.710000038146973,10.71500015258789,72700,0.0,0.0
2023-11-06 00:00:00-05:00,10.710000038146973,10.710000038146973,10.710000038146973,10.710000038146973,200,0.0,0.0
2023-11-07 00:00:00-05:00,10.710000038146973,10.710000038146973,10.710000038146973,10.710000038146973,0,0.0,0.0
2023-11-08 00:00:00-05:00,10.710000038146973,10.710000038146973,10.710000038146973,10.710000038146973,0,0.0,0.0
2023-11-09 00:00:00-05:00,10.710000038146973,10.710000038146973,10.710000038146973,10.710000038146973,0,0.0,0.0
2023-11-10 00:00:00-05:00,10.71500015258789,10.720000267028809,10.71500015258789,10.720000267028809,13100,0.0,0.0
2023-11-13 00:00:00-05:00,10.710000038146973,10.710000038146973,10.710000038146973,10.710000038146973,150000,0.0,0.0
2023-11-14 00:00:00-05:00,10.710000038146973,10.710000038146973,10.710000038146973,10.710000038146973,100,0.0,0.0
2023-11-15 00:00:00-05:00,10.710000038146973,10.710000038146973,10.710000038146973,10.710000038146973,0,0.0,0.0
2023-11-16 00:00:00-05:00,10.779999732971191,10.779999732971191,10.710000038146973,10.710000038146973,400,0.0,0.0
2023-11-17 00:00:00-05:00,10.720000267028809,10.720000267028809,10.704999923706055,10.704999923706055,800,0.0,0.0
2023-11-20 00:00:00-05:00,10.704999923706055,10.704999923706055,10.704999923706055,10.704999923706055,0,0.0,0.0
2023-11-21 00:00:00-05:00,10.720000267028809,10.720000267028809,10.720000267028809,10.720000267028809,248600,0.0,0.0
2023-11-22 00:00:00-05:00,10.779999732971191,10.779999732971191,10.720000267028809,10.720999717712402,57600,0.0,0.0
2023-11-24 00:00:00-05:00,10.720999717712402,10.720999717712402,10.720999717712402,10.720999717712402,0,0.0,0.0
2023-11-27 00:00:00-05:00,10.720999717712402,10.720999717712402,10.720999717712402,10.720999717712402,0,0.0,0.0
2023-11-28 00:00:00-05:00,10.720999717712402,10.720999717712402,10.720999717712402,10.720999717712402,0,0.0,0.0
2023-11-29 00:00:00-05:00,10.720999717712402,10.720999717712402,10.720999717712402,10.720999717712402,0,0.0,0.0
2023-11-30 00:00:00-05:00,10.720000267028809,10.720000267028809,10.720000267028809,10.720000267028809,25000,0.0,0.0
2023-12-01 00:00:00-05:00,10.720000267028809,10.720000267028809,10.720000267028809,10.720000267028809,0,0.0,0.0
2023-12-04 00:00:00-05:00,10.779999732971191,10.779999732971191,10.739999771118164,10.739999771118164,4400,0.0,0.0
2023-12-05 00:00:00-05:00,10.739999771118164,10.739999771118164,10.739999771118164,10.739999771118164,81300,0.0,0.0
2023-12-06 00:00:00-05:00,10.739999771118164,10.739999771118164,10.739999771118164,10.739999771118164,0,0.0,0.0
2023-12-07 00:00:00-05:00,10.739999771118164,10.739999771118164,10.739999771118164,10.739999771118164,0,0.0,0.0
2023-12-08 00:00:00-05:00,10.739999771118164,10.739999771118164,10.739999771118164,10.739999771118164,0,0.0,0.0
2023-12-11 00:00:00-05:00,10.760000228881836,10.800000190734863,10.75,10.800000190734863,123300,0.0,0.0
2023-12-12 00:00:00-05:00,10.800000190734863,10.800000190734863,10.800000190734863,10.800000190734863,0,0.0,0.0
2023-12-13 00:00:00-05:00,10.770000457763672,10.800000190734863,10.770000457763672,10.800000190734863,215100,0.0,0.0
2023-12-14 00:00:00-05:00,10.800000190734863,10.800000190734863,10.800000190734863,10.800000190734863,0,0.0,0.0
2023-12-15 00:00:00-05:00,10.800000190734863,10.800000190734863,10.800000190734863,10.800000190734863,0,0.0,0.0
2023-12-18 00:00:00-05:00,10.789999961853027,10.789999961853027,10.789999961853027,10.789999961853027,324000,0.0,0.0
2023-12-19 00:00:00-05:00,10.800000190734863,10.800000190734863,10.800000190734863,10.800000190734863,100,0.0,0.0
2023-12-20 00:00:00-05:00,10.789999961853027,10.789999961853027,10.789999961853027,10.789999961853027,100,0.0,0.0
2023-12-21 00:00:00-05:00,10.800000190734863,10.800000190734863,10.800000190734863,10.800000190734863,300,0.0,0.0
2023-12-22 00:00:00-05:00,10.800000190734863,10.800000190734863,10.800000190734863,10.800000190734863,0,0.0,0.0
2023-12-26 00:00:00-05:00,10.84000015258789,10.84000015258789,10.84000015258789,10.84000015258789,500,0.0,0.0
2023-12-27 00:00:00-05:00,10.84000015258789,10.84000015258789,10.84000015258789,10.84000015258789,0,0.0,0.0
2023-12-28 00:00:00-05:00,10.84000015258789,10.84000015258789,10.84000015258789,10.84000015258789,0,0.0,0.0
2023-12-29 00:00:00-05:00,10.84000015258789,10.84000015258789,10.84000015258789,10.84000015258789,0,0.0,0.0
2024-01-02 00:00:00-05:00,10.800000190734863,10.800000190734863,10.800000190734863,10.800000190734863,100100,0.0,0.0
2024-01-03 00:00:00-05:00,10.800000190734863,10.800000190734863,10.800000190734863,10.800000190734863,0,0.0,0.0
2024-01-04 00:00:00-05:00,10.800000190734863,10.800000190734863,10.800000190734863,10.800000190734863,0,0.0,0.0
2024-01-05 00:00:00-05:00,10.800000190734863,10.800000190734863,10.800000190734863,10.800000190734863,0,0.0,0.0
2024-01-08 00:00:00-05:00,10.800000190734863,10.800000190734863,10.800000190734863,10.800000190734863,0,0.0,0.0
2024-01-09 00:00:00-05:00,10.800000190734863,10.800000190734863,10.800000190734863,10.800000190734863,0,0.0,0.0
2024-01-10 00:00:00-05:00,10.850000381469727,10.850000381469727,10.850000381469727,10.850000381469727,100,0.0,0.0
2024-01-11 00:00:00-05:00,10.850000381469727,10.850000381469727,10.850000381469727,10.850000381469727,0,0.0,0.0
2024-01-12 00:00:00-05:00,10.819999694824219,10.819999694824219,10.800000190734863,10.819999694824219,13100,0.0,0.0
2024-01-16 00:00:00-05:00,10.899999618530273,10.899999618530273,10.899999618530273,10.899999618530273,100,0.0,0.0
2024-01-17 00:00:00-05:00,10.899999618530273,10.920000076293945,10.899999618530273,10.920000076293945,2100,0.0,0.0
2024-01-18 00:00:00-05:00,10.90999984741211,10.90999984741211,10.90999984741211,10.90999984741211,400,0.0,0.0
2024-01-19 00:00:00-05:00,10.920000076293945,10.920000076293945,10.920000076293945,10.920000076293945,100,0.0,0.0
2024-01-22 00:00:00-05:00,10.920000076293945,10.920000076293945,10.920000076293945,10.920000076293945,0,0.0,0.0
2024-01-23 00:00:00-05:00,10.920000076293945,10.920000076293945,10.920000076293945,10.920000076293945,0,0.0,0.0
2024-01-24 00:00:00-05:00,10.920000076293945,10.920000076293945,10.920000076293945,10.920000076293945,0,0.0,0.0
2024-01-25 00:00:00-05:00,10.920000076293945,10.920000076293945,10.920000076293945,10.920000076293945,0,0.0,0.0
2024-01-26 00:00:00-05:00,10.949999809265137,10.949999809265137,10.949999809265137,10.949999809265137,1100,0.0,0.0
2024-01-29 00:00:00-05:00,10.949999809265137,10.960000038146973,10.928000450134277,10.928000450134277,2200,0.0,0.0
2024-01-30 00:00:00-05:00,10.920000076293945,10.930000305175781,10.920000076293945,10.930000305175781,2000,0.0,0.0
2024-01-31 00:00:00-05:00,10.880000114440918,10.880000114440918,10.880000114440918,10.880000114440918,200,0.0,0.0
2024-02-01 00:00:00-05:00,10.880000114440918,10.880000114440918,10.880000114440918,10.880000114440918,0,0.0,0.0
2024-02-02 00:00:00-05:00,10.850000381469727,10.925000190734863,10.850000381469727,10.925000190734863,19600,0.0,0.0
2024-02-05 00:00:00-05:00,10.925000190734863,10.925000190734863,10.925000190734863,10.925000190734863,0,0.0,0.0
2024-02-06 00:00:00-05:00,10.925000190734863,10.925000190734863,10.925000190734863,10.925000190734863,0,0.0,0.0
2024-02-07 00:00:00-05:00,10.925000190734863,10.925000190734863,10.925000190734863,10.925000190734863,0,0.0,0.0
2024-02-08 00:00:00-05:00,10.920000076293945,10.920000076293945,10.920000076293945,10.920000076293945,400,0.0,0.0
2024-02-09 00:00:00-05:00,10.920000076293945,10.920000076293945,10.920000076293945,10.920000076293945,550000,0.0,0.0
2024-02-12 00:00:00-05:00,10.949999809265137,10.949999809265137,10.90999984741211,10.914999961853027,2700,0.0,0.0
2024-02-13 00:00:00-05:00,10.920000076293945,10.920000076293945,10.90999984741211,10.914999961853027,4500,0.0,0.0
2024-02-14 00:00:00-05:00,10.90999984741211,10.920000076293945,10.90999984741211,10.920000076293945,11600,0.0,0.0
2024-02-15 00:00:00-05:00,10.920000076293945,10.920000076293945,10.90999984741211,10.90999984741211,22700,0.0,0.0
2024-02-16 00:00:00-05:00,10.90999984741211,10.90999984741211,10.90999984741211,10.90999984741211,4200,0.0,0.0
2024-02-20 00:00:00-05:00,10.899999618530273,10.899999618530273,10.899999618530273,10.899999618530273,200,0.0,0.0
2024-02-21 00:00:00-05:00,10.899999618530273,10.949999809265137,10.899999618530273,10.949999809265137,50300,0.0,0.0
2024-02-22 00:00:00-05:00,10.949999809265137,10.949999809265137,10.899999618530273,10.899999618530273,3600,0.0,0.0
2024-02-23 00:00:00-05:00,10.899999618530273,10.899999618530273,10.899999618530273,10.899999618530273,0,0.0,0.0
2024-02-26 00:00:00-05:00,10.899999618530273,10.899999618530273,10.899999618530273,10.899999618530273,200,0.0,0.0
2024-02-27 00:00:00-05:00,10.899999618530273,10.90999984741211,10.899999618530273,10.90999984741211,50200,0.0,0.0
2024-02-28 00:00:00-05:00,10.90999984741211,10.90999984741211,10.90999984741211,10.90999984741211,0,0.0,0.0
2024-02-29 00:00:00-05:00,10.979999542236328,10.979999542236328,10.979999542236328,10.979999542236328,100,0.0,0.0
2024-03-01 00:00:00-05:00,10.979999542236328,10.989999771118164,10.90999984741211,10.90999984741211,41700,0.0,0.0
2024-03-04 00:00:00-05:00,10.949999809265137,10.989999771118164,10.949999809265137,10.989999771118164,5200,0.0,0.0
2024-03-05 00:00:00-05:00,10.989999771118164,10.989999771118164,10.989999771118164,10.989999771118164,0,0.0,0.0
2024-03-06 00:00:00-05:00,10.880000114440918,10.970000267028809,10.880000114440918,10.944999694824219,300,0.0,0.0
2024-03-07 00:00:00-05:00,10.98900032043457,10.98900032043457,10.98900032043457,10.98900032043457,200,0.0,0.0
2024-03-08 00:00:00-05:00,10.98900032043457,10.98900032043457,10.98900032043457,10.98900032043457,0,0.0,0.0
2024-03-11 00:00:00-04:00,10.989999771118164,10.989999771118164,10.989999771118164,10.989999771118164,1000,0.0,0.0
2024-03-12 00:00:00-04:00,10.989999771118164,10.989999771118164,10.989999771118164,10.989999771118164,0,0.0,0.0
2024-03-13 00:00:00-04:00,10.960000038146973,10.960000038146973,10.960000038146973,10.960000038146973,105200,0.0,0.0
2024-03-14 00:00:00-04:00,10.960000038146973,10.960000038146973,10.960000038146973,10.960000038146973,0,0.0,0.0
2024-03-15 00:00:00-04:00,10.97700023651123,10.97700023651123,10.97700023651123,10.97700023651123,700,0.0,0.0
2024-03-18 00:00:00-04:00,11.0,11.0,10.960000038146973,10.979999542236328,3600,0.0,0.0
2024-03-19 00:00:00-04:00,10.960000038146973,10.970000267028809,10.960000038146973,10.960000038146973,29500,0.0,0.0
2024-03-20 00:00:00-04:00,10.949999809265137,10.970000267028809,10.949999809265137,10.970000267028809,8800,0.0,0.0
2024-03-21 00:00:00-04:00,10.9399995803833,11.0,10.9399995803833,10.949999809265137,10200,0.0,0.0
2024-03-22 00:00:00-04:00,10.949999809265137,10.949999809265137,10.949999809265137,10.949999809265137,700,0.0,0.0
2024-03-25 00:00:00-04:00,10.949999809265137,10.949999809265137,10.949999809265137,10.949999809265137,0,0.0,0.0
2024-03-26 00:00:00-04:00,10.951000213623047,10.954999923706055,10.951000213623047,10.954999923706055,900,0.0,0.0
2024-03-27 00:00:00-04:00,10.954999923706055,10.954999923706055,10.954999923706055,10.954999923706055,0,0.0,0.0
2024-03-28 00:00:00-04:00,10.970000267028809,10.970000267028809,10.970000267028809,10.970000267028809,1000,0.0,0.0
2024-04-01 00:00:00-04:00,11.0,11.0,11.0,11.0,1000,0.0,0.0
2024-04-02 00:00:00-04:00,10.949999809265137,10.949999809265137,10.949999809265137,10.949999809265137,200,0.0,0.0
2024-04-03 00:00:00-04:00,10.949999809265137,10.949999809265137,10.949999809265137,10.949999809265137,2000,0.0,0.0
2024-04-04 00:00:00-04:00,10.949999809265137,10.949999809265137,10.949999809265137,10.949999809265137,100,0.0,0.0
2024-04-05 00:00:00-04:00,10.949999809265137,10.960000038146973,10.90999984741211,10.920000076293945,2316300,0.0,0.0
2024-04-08 00:00:00-04:00,10.930000305175781,10.930000305175781,10.920000076293945,10.930000305175781,10000,0.0,0.0
2024-04-09 00:00:00-04:00,10.930000305175781,10.930000305175781,10.920000076293945,10.930000305175781,48800,0.0,0.0
2024-04-10 00:00:00-04:00,10.925000190734863,10.925000190734863,10.925000190734863,10.925000190734863,22700,0.0,0.0
2024-04-11 00:00:00-04:00,10.925000190734863,10.925000190734863,10.925000190734863,10.925000190734863,0,0.0,0.0
2024-04-12 00:00:00-04:00,10.949999809265137,10.949999809265137,10.9399995803833,10.9399995803833,1200,0.0,0.0
2024-04-15 00:00:00-04:00,10.920000076293945,10.9399995803833,10.920000076293945,10.930000305175781,339500,0.0,0.0
2024-04-16 00:00:00-04:00,10.930000305175781,10.930000305175781,10.930000305175781,10.930000305175781,0,0.0,0.0
2024-04-17 00:00:00-04:00,10.930000305175781,10.930000305175781,10.930000305175781,10.930000305175781,5300,0.0,0.0
2024-04-18 00:00:00-04:00,10.9399995803833,10.9399995803833,10.930000305175781,10.9399995803833,56000,0.0,0.0
2024-04-19 00:00:00-04:00,10.949999809265137,10.949999809265137,10.930000305175781,10.930000305175781,400,0.0,0.0
2024-04-22 00:00:00-04:00,10.9399995803833,10.949999809265137,10.9350004196167,10.9350004196167,10100,0.0,0.0
2024-04-23 00:00:00-04:00,10.9399995803833,10.9399995803833,10.930000305175781,10.9399995803833,10900,0.0,0.0
2024-04-24 00:00:00-04:00,10.9399995803833,10.9399995803833,10.930000305175781,10.930000305175781,1700,0.0,0.0
2024-04-25 00:00:00-04:00,10.9399995803833,10.9399995803833,10.9399995803833,10.9399995803833,112500,0.0,0.0
2024-04-26 00:00:00-04:00,10.949999809265137,10.949999809265137,10.949999809265137,10.949999809265137,600,0.0,0.0
2024-04-29 00:00:00-04:00,10.9399995803833,10.9399995803833,10.9399995803833,10.9399995803833,38100,0.0,0.0
2024-04-30 00:00:00-04:00,10.949999809265137,10.949999809265137,10.9399995803833,10.9399995803833,1100,0.0,0.0
2024-05-01 00:00:00-04:00,10.949999809265137,10.960000038146973,10.949999809265137,10.95300006866455,13100,0.0,0.0
2024-05-02 00:00:00-04:00,10.95300006866455,10.95300006866455,10.95300006866455,10.95300006866455,0,0.0,0.0
2024-05-03 00:00:00-04:00,10.944999694824219,10.944999694824219,10.944999694824219,10.944999694824219,100,0.0,0.0
2024-05-06 00:00:00-04:00,10.949999809265137,10.960000038146973,10.949999809265137,10.954999923706055,4800,0.0,0.0
2024-05-07 00:00:00-04:00,10.9399995803833,10.960000038146973,10.9399995803833,10.960000038146973,1700,0.0,0.0
2024-05-08 00:00:00-04:00,10.958999633789062,10.970000267028809,10.958000183105469,10.960000038146973,15300,0.0,0.0
2024-05-09 00:00:00-04:00,10.960000038146973,10.960000038146973,10.960000038146973,10.960000038146973,300,0.0,0.0
2024-05-10 00:00:00-04:00,10.970000267028809,10.970000267028809,10.954999923706055,10.954999923706055,1000,0.0,0.0
2024-05-13 00:00:00-04:00,10.949999809265137,10.96500015258789,10.949999809265137,10.96500015258789,127900,0.0,0.0
2024-05-14 00:00:00-04:00,10.970000267028809,10.970000267028809,10.970000267028809,10.970000267028809,200,0.0,0.0
2024-05-15 00:00:00-04:00,10.979000091552734,10.979000091552734,10.975000381469727,10.975000381469727,1500,0.0,0.0
2024-05-16 00:00:00-04:00,10.979999542236328,10.979999542236328,10.970000267028809,10.979999542236328,1000,0.0,0.0
2024-05-17 00:00:00-04:00,10.979999542236328,10.979999542236328,10.979999542236328,10.979999542236328,200,0.0,0.0
2024-05-20 00:00:00-04:00,11.0,11.0,11.0,11.0,500,0.0,0.0
2024-05-21 00:00:00-04:00,10.989999771118164,10.989999771118164,10.984999656677246,10.989999771118164,8600,0.0,0.0
2024-05-22 00:00:00-04:00,11.029999732971191,11.029999732971191,10.994999885559082,11.0,6900,0.0,0.0
2024-05-23 00:00:00-04:00,10.920000076293945,10.920000076293945,10.850000381469727,10.869999885559082,604800,0.0,0.0
2024-05-24 00:00:00-04:00,10.899999618530273,10.899999618530273,10.850000381469727,10.850000381469727,6000,0.0,0.0
2024-05-28 00:00:00-04:00,10.890000343322754,10.890000343322754,10.859999656677246,10.859999656677246,1800,0.0,0.0
2024-05-29 00:00:00-04:00,10.859999656677246,10.875,10.859999656677246,10.875,61100,0.0,0.0
2024-05-30 00:00:00-04:00,10.899999618530273,10.899999618530273,10.880000114440918,10.880000114440918,72000,0.0,0.0
2024-05-31 00:00:00-04:00,10.890000343322754,10.899999618530273,10.880000114440918,10.890000343322754,425500,0.0,0.0
2024-06-03 00:00:00-04:00,10.890000343322754,10.899999618530273,10.890000343322754,10.899999618530273,9900,0.0,0.0
2024-06-04 00:00:00-04:00,10.899999618530273,10.899999618530273,10.899999618530273,10.899999618530273,0,0.0,0.0
2024-06-05 00:00:00-04:00,10.890000343322754,10.89799976348877,10.890000343322754,10.89799976348877,600,0.0,0.0
2024-06-06 00:00:00-04:00,10.899999618530273,10.899999618530273,10.892000198364258,10.892000198364258,2400,0.0,0.0
2024-06-07 00:00:00-04:00,10.899999618530273,10.899999618530273,10.890000343322754,10.890000343322754,14000,0.0,0.0
2024-06-10 00:00:00-04:00,10.920000076293945,10.920000076293945,10.90999984741211,10.90999984741211,500,0.0,0.0
2024-06-11 00:00:00-04:00,10.90999984741211,10.90999984741211,10.90999984741211,10.90999984741211,0,0.0,0.0
2024-06-12 00:00:00-04:00,10.90999984741211,10.90999984741211,10.90999984741211,10.90999984741211,0,0.0,0.0
2024-06-13 00:00:00-04:00,10.907999992370605,10.907999992370605,10.907999992370605,10.907999992370605,1000,0.0,0.0
2024-06-14 00:00:00-04:00,10.907999992370605,10.907999992370605,10.907999992370605,10.907999992370605,0,0.0,0.0
2024-06-17 00:00:00-04:00,10.90999984741211,10.90999984741211,10.869999885559082,10.869999885559082,3400,0.0,0.0
2024-06-18 00:00:00-04:00,10.876999855041504,10.876999855041504,10.876999855041504,10.876999855041504,200,0.0,0.0
2024-06-20 00:00:00-04:00,10.949999809265137,10.949999809265137,10.90999984741211,10.90999984741211,1000,0.0,0.0
2024-06-21 00:00:00-04:00,10.90999984741211,10.90999984741211,10.90999984741211,10.90999984741211,1000,0.0,0.0
2024-06-24 00:00:00-04:00,10.90999984741211,10.90999984741211,10.90999984741211,10.90999984741211,0,0.0,0.0
2024-06-25 00:00:00-04:00,10.949999809265137,10.949999809265137,10.90999984741211,10.90999984741211,100200,0.0,0.0
2024-06-26 00:00:00-04:00,10.90999984741211,10.90999984741211,10.90999984741211,10.90999984741211,1200,0.0,0.0
2024-06-27 00:00:00-04:00,10.90999984741211,10.90999984741211,10.90999984741211,10.90999984741211,0,0.0,0.0
2024-06-28 00:00:00-04:00,10.899999618530273,10.899999618530273,10.899999618530273,10.899999618530273,2200,0.0,0.0
2024-07-01 00:00:00-04:00,10.949999809265137,10.949999809265137,10.90999984741211,10.930000305175781,192400,0.0,0.0
2024-07-02 00:00:00-04:00,10.9399995803833,10.949999809265137,10.925000190734863,10.947999954223633,2600,0.0,0.0
2024-07-03 00:00:00-04:00,10.949999809265137,10.949999809265137,10.944999694824219,10.949999809265137,2000,0.0,0.0
2024-07-05 00:00:00-04:00,10.949000358581543,10.949999809265137,10.90999984741211,10.944999694824219,21100,0.0,0.0
2024-07-08 00:00:00-04:00,10.949999809265137,10.949999809265137,10.930000305175781,10.949999809265137,159000,0.0,0.0
2024-07-09 00:00:00-04:00,10.960000038146973,10.960000038146973,10.90999984741211,10.90999984741211,20500,0.0,0.0
2024-07-10 00:00:00-04:00,10.949999809265137,10.949999809265137,10.91100025177002,10.930000305175781,11100,0.0,0.0
2024-07-11 00:00:00-04:00,10.920000076293945,10.935999870300293,10.90999984741211,10.935999870300293,3600,0.0,0.0
2024-07-12 00:00:00-04:00,10.930000305175781,10.930000305175781,10.930000305175781,10.930000305175781,200,0.0,0.0
2024-07-15 00:00:00-04:00,10.9399995803833,10.949999809265137,10.930000305175781,10.949999809265137,508900,0.0,0.0
2024-07-16 00:00:00-04:00,10.949999809265137,10.949999809265137,10.949999809265137,10.949999809265137,100,0.0,0.0
2024-07-17 00:00:00-04:00,10.949999809265137,10.949999809265137,10.949999809265137,10.949999809265137,0,0.0,0.0
2024-07-18 00:00:00-04:00,10.9399995803833,10.960000038146973,10.9399995803833,10.960000038146973,100300,0.0,0.0
2024-07-19 00:00:00-04:00,10.960000038146973,10.960000038146973,10.960000038146973,10.960000038146973,100,0.0,0.0
2024-07-22 00:00:00-04:00,10.960000038146973,10.970000267028809,10.960000038146973,10.970000267028809,5000,0.0,0.0
2024-07-23 00:00:00-04:00,10.970000267028809,10.970000267028809,10.968999862670898,10.970000267028809,1100,0.0,0.0
2024-07-24 00:00:00-04:00,10.970000267028809,10.970000267028809,10.970000267028809,10.970000267028809,0,0.0,0.0
2024-07-25 00:00:00-04:00,10.979999542236328,10.979999542236328,10.979999542236328,10.979999542236328,100,0.0,0.0
2024-07-26 00:00:00-04:00,10.970000267028809,10.970000267028809,10.970000267028809,10.970000267028809,100,0.0,0.0
2024-07-29 00:00:00-04:00,10.954999923706055,10.979999542236328,10.954999923706055,10.979999542236328,1500,0.0,0.0
2024-07-30 00:00:00-04:00,10.979999542236328,10.979999542236328,10.979999542236328,10.979999542236328,200,0.0,0.0
2024-07-31 00:00:00-04:00,10.979999542236328,10.979999542236328,10.979999542236328,10.979999542236328,200,0.0,0.0
2024-08-01 00:00:00-04:00,10.989999771118164,10.989999771118164,10.970000267028809,10.970000267028809,478700,0.0,0.0
2024-08-02 00:00:00-04:00,10.979999542236328,10.979999542236328,10.979999542236328,10.979999542236328,79500,0.0,0.0
2024-08-05 00:00:00-04:00,10.989999771118164,10.989999771118164,10.989999771118164,10.989999771118164,100,0.0,0.0
2024-08-06 00:00:00-04:00,10.989999771118164,10.989999771118164,10.979999542236328,10.989999771118164,52400,0.0,0.0
2024-08-07 00:00:00-04:00,10.989999771118164,10.989999771118164,10.970999717712402,10.984000205993652,1400,0.0,0.0
2024-08-08 00:00:00-04:00,10.989999771118164,10.989999771118164,10.984999656677246,10.984999656677246,100400,0.0,0.0
2024-08-09 00:00:00-04:00,10.989999771118164,10.989999771118164,10.979999542236328,10.989999771118164,120700,0.0,0.0
2024-08-12 00:00:00-04:00,10.989999771118164,10.989999771118164,10.960000038146973,10.960000038146973,101400,0.0,0.0
2024-08-13 00:00:00-04:00,10.970000267028809,10.989999771118164,10.970000267028809,10.979999542236328,2500,0.0,0.0
2024-08-14 00:00:00-04:00,10.989999771118164,10.989999771118164,10.989999771118164,10.989999771118164,200,0.0,0.0
2024-08-15 00:00:00-04:00,10.994999885559082,11.0,10.994999885559082,10.994999885559082,2100,0.0,0.0
2024-08-16 00:00:00-04:00,11.010000228881836,11.010000228881836,11.0,11.005000114440918,5300,0.0,0.0
2024-08-19 00:00:00-04:00,11.020000457763672,11.020000457763672,10.998000144958496,10.99899959564209,2700,0.0,0.0
2024-08-20 00:00:00-04:00,11.010000228881836,11.010000228881836,10.979999542236328,10.998000144958496,3700,0.0,0.0
2024-08-21 00:00:00-04:00,11.010000228881836,11.010000228881836,10.996999740600586,11.0,14500,0.0,0.0
2024-08-22 00:00:00-04:00,11.0,11.010000228881836,11.0,11.0,9600,0.0,0.0
2024-08-23 00:00:00-04:00,10.989999771118164,11.010000228881836,10.984999656677246,10.984999656677246,3100,0.0,0.0
2024-08-26 00:00:00-04:00,11.0,11.0,10.970000267028809,10.989999771118164,13500,0.0,0.0
2024-08-27 00:00:00-04:00,10.989999771118164,10.989999771118164,10.989999771118164,10.989999771118164,0,0.0,0.0
2024-08-28 00:00:00-04:00,10.979999542236328,11.0,10.979999542236328,11.0,1100,0.0,0.0
2024-08-29 00:00:00-04:00,10.99899959564209,11.0,10.984999656677246,11.0,1700,0.0,0.0
2024-08-30 00:00:00-04:00,11.0,11.0,11.0,11.0,0,0.0,0.0
2024-09-03 00:00:00-04:00,11.0,11.0,10.989999771118164,11.0,115700,0.0,0.0
2024-09-04 00:00:00-04:00,11.0,11.0,11.0,11.0,5000,0.0,0.0
2024-09-05 00:00:00-04:00,11.0,11.0,10.996000289916992,11.0,6200,0.0,0.0
2024-09-06 00:00:00-04:00,11.0,11.0,11.0,11.0,800,0.0,0.0
2024-09-09 00:00:00-04:00,11.0,11.010000228881836,10.989999771118164,10.989999771118164,547600,0.0,0.0
2024-09-10 00:00:00-04:00,10.989999771118164,10.994999885559082,10.989999771118164,10.994999885559082,2100,0.0,0.0
2024-09-11 00:00:00-04:00,10.989999771118164,11.0,10.98900032043457,10.989999771118164,249200,0.0,0.0
2024-09-12 00:00:00-04:00,11.0,11.0,10.989999771118164,10.989999771118164,598200,0.0,0.0
2024-09-13 00:00:00-04:00,10.989999771118164,10.994999885559082,10.989999771118164,10.994999885559082,58100,0.0,0.0
2024-09-16 00:00:00-04:00,10.989999771118164,11.0,10.989999771118164,11.0,300,0.0,0.0
2024-09-17 00:00:00-04:00,10.998000144958496,10.998000144958496,10.998000144958496,10.998000144958496,200,0.0,0.0
2024-09-18 00:00:00-04:00,11.005000114440918,11.010000228881836,10.989999771118164,10.989999771118164,3700,0.0,0.0
2024-09-19 00:00:00-04:00,11.0,11.0,11.0,11.0,500,0.0,0.0
2024-09-20 00:00:00-04:00,11.0,11.010000228881836,11.0,11.005000114440918,2300,0.0,0.0
2024-09-23 00:00:00-04:00,11.010000228881836,11.010000228881836,10.998000144958496,11.010000228881836,71500,0.0,0.0
2024-09-24 00:00:00-04:00,11.010000228881836,11.010000228881836,11.0,11.010000228881836,14600,0.0,0.0
2024-09-25 00:00:00-04:00,11.020000457763672,12.0,10.979999542236328,11.079999923706055,56600,0.0,0.0
2024-09-26 00:00:00-04:00,11.0600004196167,11.5,9.300000190734863,10.149999618530273,36500,0.0,0.0
2024-09-27 00:00:00-04:00,10.800000190734863,11.329999923706055,9.050000190734863,10.770000457763672,22700,0.0,0.0
2024-09-30 00:00:00-04:00,10.789999961853027,10.789999961853027,9.34000015258789,10.010000228881836,27900,0.0,0.0
2024-10-01 00:00:00-04:00,10.5,11.791999816894531,8.699999809265137,11.791999816894531,36200,0.0,0.0
2024-10-02 00:00:00-04:00,11.100000381469727,12.90999984741211,9.5,10.869999885559082,87800,0.0,0.0
2024-10-03 00:00:00-04:00,13.5,18.75,10.5,13.532999992370605,278400,0.0,0.0
2024-10-04 00:00:00-04:00,12.5,15.210000038146973,12.08899974822998,12.6899995803833,59800,0.0,0.0
2024-10-07 00:00:00-04:00,12.0,12.600000381469727,11.010000228881836,11.359999656677246,38500,0.0,0.0
2024-10-08 00:00:00-04:00,11.779999732971191,11.890000343322754,8.550000190734863,10.300000190734863,23500,0.0,0.0
2024-10-09 00:00:00-04:00,10.5,12.119999885559082,10.149999618530273,10.789999961853027,16400,0.0,0.0
2024-10-10 00:00:00-04:00,10.699999809265137,12.479999542236328,10.699999809265137,11.609999656677246,11300,0.0,0.0
2024-10-11 00:00:00-04:00,11.970000267028809,12.210000038146973,11.0600004196167,11.850000381469727,19200,0.0,0.0
2024-10-14 00:00:00-04:00,12.579999923706055,12.699999809265137,11.439000129699707,12.6899995803833,15500,0.0,0.0
2024-10-15 00:00:00-04:00,12.970000267028809,12.970000267028809,12.0,12.369999885559082,5800,0.0,0.0
2024-10-16 00:00:00-04:00,12.800000190734863,12.800000190734863,10.6899995803833,11.770000457763672,9400,0.0,0.0
2024-10-17 00:00:00-04:00,11.380000114440918,12.350000381469727,11.380000114440918,12.270000457763672,4600,0.0,0.0
2024-10-18 00:00:00-04:00,12.260000228881836,14.484000205993652,11.569999694824219,12.579999923706055,16900,0.0,0.0
2024-10-21 00:00:00-04:00,12.1850004196167,12.489999771118164,11.0,11.899999618530273,8900,0.0,0.0
2024-10-22 00:00:00-04:00,11.050000190734863,11.880000114440918,11.050000190734863,11.5,5400,0.0,0.0
2024-10-23 00:00:00-04:00,11.5,11.949999809265137,10.779999732971191,11.199999809265137,23200,0.0,0.0
2024-10-24 00:00:00-04:00,11.3100004196167,11.5,10.609999656677246,10.609999656677246,11200,0.0,0.0
2024-10-25 00:00:00-04:00,10.859999656677246,11.399999618530273,10.3100004196167,10.729999542236328,44400,0.0,0.0
2024-10-28 00:00:00-04:00,11.039999961853027,12.100000381469727,11.0,12.100000381469727,11800,0.0,0.0
2024-10-29 00:00:00-04:00,11.425000190734863,12.100000381469727,11.274999618530273,12.0,31700,0.0,0.0
2024-10-30 00:00:00-04:00,11.404999732971191,12.0,10.5,10.899999618530273,24600,0.0,0.0
2024-10-31 00:00:00-04:00,11.0,11.100000381469727,10.050000190734863,10.170000076293945,22500,0.0,0.0
2024-11-01 00:00:00-04:00,10.600000381469727,11.75,10.5,11.100000381469727,16200,0.0,0.0
2024-11-04 00:00:00-05:00,11.175000190734863,11.175000190734863,10.5,10.510000228881836,21100,0.0,0.0
2024-11-05 00:00:00-05:00,10.649999618530273,10.736000061035156,10.3100004196167,10.3100004196167,28800,0.0,0.0
2024-11-06 00:00:00-05:00,10.949999809265137,11.199999809265137,10.52299976348877,11.0,24100,0.0,0.0
2024-11-07 00:00:00-05:00,11.75,11.75,11.0,11.489999771118164,10500,0.0,0.0
2024-11-08 00:00:00-05:00,11.0,11.670000076293945,10.600000381469727,11.550000190734863,24700,0.0,0.0
2024-11-11 00:00:00-05:00,10.574000358581543,11.220000267028809,10.574000358581543,11.199999809265137,7200,0.0,0.0
2024-11-12 00:00:00-05:00,11.0,11.260000228881836,10.899999618530273,10.970000267028809,10300,0.0,0.0
2024-11-13 00:00:00-05:00,10.913999557495117,10.913999557495117,10.529999732971191,10.640000343322754,4900,0.0,0.0
2024-11-14 00:00:00-05:00,11.199999809265137,11.489999771118164,11.010000228881836,11.010000228881836,13200,0.0,0.0
2024-11-15 00:00:00-05:00,11.210000038146973,11.300000190734863,10.793999671936035,11.010000228881836,24300,0.0,0.0
2024-11-18 00:00:00-05:00,11.199999809265137,11.359999656677246,10.819999694824219,10.819999694824219,7700,0.0,0.0
2024-11-19 00:00:00-05:00,10.744999885559082,11.15999984741211,10.744999885559082,11.0,13200,0.0,0.0
2024-11-20 00:00:00-05:00,11.0,11.430000305175781,11.0,11.09000015258789,31500,0.0,0.0
2024-11-21 00:00:00-05:00,11.420000076293945,11.430000305175781,10.369999885559082,10.65999984741211,34600,0.0,0.0
2024-11-22 00:00:00-05:00,10.5,11.130000114440918,10.5,11.130000114440918,5300,0.0,0.0
2024-11-25 00:00:00-05:00,11.050000190734863,11.09000015258789,10.149999618530273,10.25,21900,0.0,0.0
2024-11-26 00:00:00-05:00,10.34000015258789,10.649999618530273,9.0,9.199999809265137,22500,0.0,0.0
2024-11-27 00:00:00-05:00,9.529999732971191,10.279999732971191,9.119999885559082,10.140000343322754,13200,0.0,0.0
2024-11-29 00:00:00-05:00,10.5,10.5,9.9399995803833,9.9399995803833,3300,0.0,0.0
2024-12-02 00:00:00-05:00,10.130000114440918,11.0,9.909000396728516,11.0,13400,0.0,0.0
2024-12-03 00:00:00-05:00,10.5,11.020000457763672,10.25,10.479999542236328,21500,0.0,0.0
2024-12-04 00:00:00-05:00,10.550000190734863,10.550000190734863,10.300000190734863,10.510000228881836,18900,0.0,0.0
2024-12-05 00:00:00-05:00,10.317000389099121,10.520000457763672,10.317000389099121,10.449999809265137,15300,0.0,0.0
2024-12-06 00:00:00-05:00,10.300000190734863,10.75,10.289999961853027,10.510000228881836,29200,0.0,0.0
2024-12-09 00:00:00-05:00,11.0,12.5,10.765000343322754,12.199999809265137,219200,0.0,0.0
2024-12-10 00:00:00-05:00,11.890000343322754,12.5,11.649999618530273,12.470000267028809,116600,0.0,0.0
2024-12-11 00:00:00-05:00,12.25,12.699999809265137,12.25,12.609999656677246,93900,0.0,0.0
2024-12-12 00:00:00-05:00,12.5,12.539999961853027,12.3100004196167,12.529999732971191,91700,0.0,0.0
2024-12-13 00:00:00-05:00,12.550000190734863,12.619999885559082,12.1899995803833,12.550000190734863,96100,0.0,0.0
2024-12-16 00:00:00-05:00,12.220000267028809,12.529999732971191,12.005000114440918,12.420000076293945,189900,0.0,0.0
2024-12-17 00:00:00-05:00,12.300000190734863,13.0,12.199999809265137,12.789999961853027,195000,0.0,0.0
2024-12-18 00:00:00-05:00,12.550000190734863,13.149999618530273,12.550000190734863,12.899999618530273,209500,0.0,0.0
2024-12-19 00:00:00-05:00,13.100000381469727,13.5600004196167,12.930000305175781,13.369999885559082,233900,0.0,0.0
2024-12-20 00:00:00-05:00,13.170000076293945,14.949999809265137,12.670000076293945,13.65999984741211,1224700,0.0,0.0
2024-12-23 00:00:00-05:00,13.579999923706055,13.59000015258789,12.819999694824219,13.350000381469727,91000,0.0,0.0
2024-12-24 00:00:00-05:00,13.6899995803833,13.8100004196167,13.149999618530273,13.59000015258789,93800,0.0,0.0
2024-12-26 00:00:00-05:00,13.260000228881836,13.609999656677246,12.378000259399414,12.5,44300,0.0,0.0
2024-12-27 00:00:00-05:00,12.779999732971191,13.449999809265137,12.413000106811523,13.380000114440918,111800,0.0,0.0
2024-12-30 00:00:00-05:00,12.65999984741211,13.75,12.645000457763672,13.569999694824219,51600,0.0,0.0
2024-12-31 00:00:00-05:00,13.850000381469727,13.899999618530273,13.029000282287598,13.850000381469727,103200,0.0,0.0
2025-01-02 00:00:00-05:00,13.829999923706055,13.899999618530273,13.470000267028809,13.84000015258789,99400,0.0,0.0
2025-01-03 00:00:00-05:00,13.031000137329102,13.899999618530273,13.031000137329102,13.539999961853027,119400,0.0,0.0
2025-01-06 00:00:00-05:00,13.5,13.710000038146973,13.0,13.239999771118164,106500,0.0,0.0
2025-01-07 00:00:00-05:00,13.0,13.0,12.64900016784668,12.65999984741211,18200,0.0,0.0
2025-01-08 00:00:00-05:00,12.829999923706055,12.829999923706055,11.6899995803833,11.6899995803833,48100,0.0,0.0
2025-01-10 00:00:00-05:00,12.0,12.0,11.010000228881836,11.569999694824219,47900,0.0,0.0
2025-01-13 00:00:00-05:00,11.649999618530273,11.930000305175781,11.050000190734863,11.4399995803833,50900,0.0,0.0
2025-01-14 00:00:00-05:00,11.319999694824219,12.140000343322754,11.0,11.619999885559082,42900,0.0,0.0
2025-01-15 00:00:00-05:00,11.75,12.890000343322754,11.75,12.819999694824219,37000,0.0,0.0
2025-01-16 00:00:00-05:00,12.600000381469727,13.050000190734863,12.109999656677246,12.920000076293945,26500,0.0,0.0
2025-01-17 00:00:00-05:00,12.800000190734863,12.899999618530273,12.300000190734863,12.600000381469727,30900,0.0,0.0
2025-01-21 00:00:00-05:00,12.520000457763672,12.59000015258789,11.75,12.369999885559082,59100,0.0,0.0
2025-01-22 00:00:00-05:00,12.170000076293945,12.569999694824219,11.880000114440918,12.420000076293945,46100,0.0,0.0
2025-01-23 00:00:00-05:00,12.65999984741211,12.65999984741211,12.100000381469727,12.380000114440918,74100,0.0,0.0
2025-01-24 00:00:00-05:00,12.484000205993652,12.770000457763672,12.199999809265137,12.430000305175781,44700,0.0,0.0
2025-01-27 00:00:00-05:00,12.100000381469727,12.694999694824219,12.100000381469727,12.510000228881836,39200,0.0,0.0
2025-01-28 00:00:00-05:00,12.640000343322754,12.640000343322754,12.029999732971191,12.300000190734863,52700,0.0,0.0
2025-01-29 00:00:00-05:00,12.074999809265137,12.319999694824219,11.753000259399414,12.3100004196167,39300,0.0,0.0
2025-01-30 00:00:00-05:00,12.300000190734863,12.300000190734863,11.920000076293945,12.119999885559082,26800,0.0,0.0
2025-01-31 00:00:00-05:00,12.069999694824219,12.479999542236328,11.699999809265137,12.300000190734863,23900,0.0,0.0
2025-02-03 00:00:00-05:00,12.069999694824219,12.53499984741211,12.069999694824219,12.489999771118164,24500,0.0,0.0
2025-02-04 00:00:00-05:00,12.395000457763672,12.5600004196167,12.100000381469727,12.239999771118164,21200,0.0,0.0
2025-02-05 00:00:00-05:00,12.1899995803833,12.5,11.725000381469727,12.34000015258789,25000,0.0,0.0
2025-02-06 00:00:00-05:00,12.430000305175781,12.550000190734863,12.109999656677246,12.390000343322754,23700,0.0,0.0
2025-02-07 00:00:00-05:00,12.300000190734863,12.5600004196167,12.09000015258789,12.5600004196167,18300,0.0,0.0
2025-02-10 00:00:00-05:00,12.680000305175781,12.704999923706055,12.0,12.050000190734863,82000,0.0,0.0
2025-02-11 00:00:00-05:00,12.5,12.5,10.90999984741211,11.050000190734863,173400,0.0,0.0
2025-02-12 00:00:00-05:00,11.100000381469727,11.154999732971191,10.75,11.039999961853027,52500,0.0,0.0
2025-02-13 00:00:00-05:00,11.0,11.335000038146973,11.0,11.130000114440918,52800,0.0,0.0
2025-02-14 00:00:00-05:00,11.239999771118164,11.25,11.0,11.079999923706055,24700,0.0,0.0
2025-02-18 00:00:00-05:00,11.100000381469727,11.100000381469727,10.760000228881836,10.949999809265137,35100,0.0,0.0
2025-02-19 00:00:00-05:00,11.0,11.100000381469727,10.859999656677246,10.949999809265137,37700,0.0,0.0
2025-02-20 00:00:00-05:00,11.0,11.114999771118164,10.600000381469727,10.75,33800,0.0,0.0
2025-02-21 00:00:00-05:00,10.75,10.84000015258789,9.010000228881836,9.180000305175781,68200,0.0,0.0
2025-02-24 00:00:00-05:00,9.199999809265137,9.444000244140625,8.130000114440918,8.40999984741211,59900,0.0,0.0
2025-02-25 00:00:00-05:00,8.369999885559082,8.850000381469727,8.083999633789062,8.229999542236328,49800,0.0,0.0
2025-02-26 00:00:00-05:00,8.279999732971191,8.989999771118164,8.279999732971191,8.84000015258789,53100,0.0,0.0
2025-02-27 00:00:00-05:00,9.166999816894531,9.166999816894531,8.5,8.5,26100,0.0,0.0
2025-02-28 00:00:00-05:00,8.6899995803833,9.1899995803833,8.65999984741211,8.699999809265137,21600,0.0,0.0
2025-03-03 00:00:00-05:00,8.789999961853027,8.979999542236328,8.149999618530273,8.149999618530273,35000,0.0,0.0
2025-03-04 00:00:00-05:00,8.25,8.510000228881836,7.849999904632568,8.300000190734863,50300,0.0,0.0
2025-03-05 00:00:00-05:00,8.09000015258789,8.25,7.75,8.050000190734863,27900,0.0,0.0
2025-03-06 00:00:00-05:00,8.687000274658203,8.687000274658203,7.920000076293945,7.929999828338623,39100,0.0,0.0
2025-03-07 00:00:00-05:00,8.0,8.0,7.789999961853027,7.789999961853027,6900,0.0,0.0
2025-03-10 00:00:00-04:00,7.809999942779541,7.900000095367432,6.75,6.909999847412109,43400,0.0,0.0
2025-03-11 00:00:00-04:00,7.059999942779541,7.550000190734863,6.565000057220459,7.449999809265137,23500,0.0,0.0
2025-03-12 00:00:00-04:00,7.989999771118164,8.0,7.28000020980835,7.550000190734863,38300,0.0,0.0
2025-03-13 00:00:00-04:00,7.550000190734863,7.989999771118164,7.550000190734863,7.909999847412109,24000,0.0,0.0
2025-03-14 00:00:00-04:00,8.0,8.420000076293945,7.670000076293945,7.880000114440918,155700,0.0,0.0
2025-03-17 00:00:00-04:00,7.949999809265137,8.079999923706055,7.420000076293945,7.679999828338623,36000,0.0,0.0
2025-03-18 00:00:00-04:00,7.699999809265137,7.699999809265137,7.519999980926514,7.679999828338623,10600,0.0,0.0
2025-03-19 00:00:00-04:00,7.699999809265137,7.75,7.510000228881836,7.699999809265137,38200,0.0,0.0
2025-03-20 00:00:00-04:00,7.710000038146973,7.75,7.340000152587891,7.360000133514404,47400,0.0,0.0
2025-03-21 00:00:00-04:00,7.449999809265137,8.220000267028809,7.449999809265137,8.180000305175781,93600,0.0,0.0
2025-03-24 00:00:00-04:00,8.25,8.460000038146973,7.835000038146973,7.929999828338623,44000,0.0,0.0
2025-03-25 00:00:00-04:00,7.900000095367432,8.5,7.809999942779541,8.5,44000,0.0,0.0
2025-03-26 00:00:00-04:00,8.399999618530273,8.399999618530273,7.539999961853027,8.0,28000,0.0,0.0
2025-03-27 00:00:00-04:00,8.180000305175781,8.22700023651123,8.0,8.149999618530273,9200,0.0,0.0
2025-03-28 00:00:00-04:00,8.050000190734863,8.050000190734863,7.650000095367432,7.739999771118164,18100,0.0,0.0
2025-03-31 00:00:00-04:00,7.789999961853027,7.849999904632568,7.5,7.710000038146973,37000,0.0,0.0
2025-04-01 00:00:00-04:00,7.739999771118164,8.149999618530273,6.440000057220459,6.599999904632568,80400,0.0,0.0
2025-04-02 00:00:00-04:00,6.730000019073486,6.914999961853027,5.599999904632568,5.619999885559082,55000,0.0,0.0
2025-04-03 00:00:00-04:00,5.489999771118164,5.489999771118164,3.9049999713897705,3.9700000286102295,218500,0.0,0.0
2025-04-04 00:00:00-04:00,3.9000000953674316,5.050000190734863,3.9000000953674316,4.820000171661377,51900,0.0,0.0
2025-04-07 00:00:00-04:00,4.730000019073486,4.820000171661377,4.28000020980835,4.369999885559082,51200,0.0,0.0
2025-04-08 00:00:00-04:00,4.619999885559082,5.039999961853027,4.130000114440918,4.329999923706055,70600,0.0,0.0
2025-04-09 00:00:00-04:00,4.175000190734863,4.25,3.75,3.859999895095825,185100,0.0,0.0
2025-04-10 00:00:00-04:00,3.9000000953674316,4.0,3.5899999141693115,3.680000066757202,93800,0.0,0.0
2025-04-11 00:00:00-04:00,3.5999999046325684,3.700000047683716,3.200000047683716,3.680000066757202,80600,0.0,0.0
2025-04-14 00:00:00-04:00,3.569999933242798,3.7100000381469727,3.4210000038146973,3.6500000953674316,87100,0.0,0.0
2025-04-15 00:00:00-04:00,3.6500000953674316,3.700000047683716,3.2950000762939453,3.369999885559082,35300,0.0,0.0
2025-04-16 00:00:00-04:00,3.3499999046325684,3.4040000438690186,3.0350000858306885,3.130000114440918,66300,0.0,0.0
2025-04-17 00:00:00-04:00,3.130000114440918,3.200000047683716,3.0,3.1700000762939453,112300,0.0,0.0
2025-04-21 00:00:00-04:00,3.200000047683716,3.6419999599456787,3.007999897003174,3.5999999046325684,108600,0.0,0.0
2025-04-22 00:00:00-04:00,3.680000066757202,4.639999866485596,3.549999952316284,4.369999885559082,220100,0.0,0.0
2025-04-23 00:00:00-04:00,4.5,4.679999828338623,4.179999828338623,4.300000190734863,69900,0.0,0.0
2025-04-24 00:00:00-04:00,4.519999980926514,4.71999979019165,4.275000095367432,4.690000057220459,79400,0.0,0.0
2025-04-25 00:00:00-04:00,4.610000133514404,4.900000095367432,4.360000133514404,4.489999771118164,52300,0.0,0.0
2025-04-28 00:00:00-04:00,4.429999828338623,4.545000076293945,4.199999809265137,4.420000076293945,64900,0.0,0.0
2025-04-29 00:00:00-04:00,4.53000020980835,4.639999866485596,4.360000133514404,4.480000019073486,29500,0.0,0.0
2025-04-30 00:00:00-04:00,4.380000114440918,4.400000095367432,4.09499979019165,4.199999809265137,76700,0.0,0.0
2025-05-01 00:00:00-04:00,4.25,4.380000114440918,3.8459999561309814,4.0,58100,0.0,0.0
2025-05-02 00:00:00-04:00,4.099999904632568,4.119999885559082,3.7300000190734863,3.9600000381469727,50800,0.0,0.0
2025-05-05 00:00:00-04:00,3.950000047683716,4.170000076293945,3.7909998893737793,4.019999980926514,23600,0.0,0.0
2025-05-06 00:00:00-04:00,4.039999961853027,4.190000057220459,3.7200000286102295,3.9600000381469727,36900,0.0,0.0
2025-05-07 00:00:00-04:00,4.369999885559082,4.369999885559082,3.815000057220459,3.9000000953674316,41900,0.0,0.0
2025-05-08 00:00:00-04:00,4.099999904632568,4.369999885559082,3.9000000953674316,4.139999866485596,44600,0.0,0.0
2025-05-09 00:00:00-04:00,4.25,4.434999942779541,3.9200000762939453,4.309999942779541,23600,0.0,0.0
2025-05-12 00:00:00-04:00,4.510000228881836,4.590000152587891,4.349999904632568,4.449999809265137,35500,0.0,0.0
2025-05-13 00:00:00-04:00,4.5,4.659999847412109,4.25,4.440000057220459,26400,0.0,0.0
2025-05-14 00:00:00-04:00,4.320000171661377,4.584000110626221,4.114999771118164,4.130000114440918,38900,0.0,0.0
2025-05-15 00:00:00-04:00,4.119999885559082,4.46999979019165,3.640000104904175,4.190000057220459,48800,0.0,0.0
2025-05-16 00:00:00-04:00,4.070000171661377,5.0,4.070000171661377,4.860000133514404,91300,0.0,0.0
2025-05-19 00:00:00-04:00,4.789999961853027,5.599999904632568,4.789999961853027,5.195000171661377,312900,0.0,0.0
2025-05-20 00:00:00-04:00,5.210000038146973,5.75,5.210000038146973,5.429999828338623,199900,0.0,0.0
2025-05-21 00:00:00-04:00,5.460000038146973,5.460000038146973,4.860000133514404,4.880000114440918,45800,0.0,0.0
2025-05-22 00:00:00-04:00,5.0,5.590000152587891,5.0,5.590000152587891,79200,0.0,0.0
2025-05-23 00:00:00-04:00,5.590000152587891,5.849999904632568,5.361000061035156,5.670000076293945,95000,0.0,0.0
2025-05-27 00:00:00-04:00,5.760000228881836,5.940000057220459,5.574999809265137,5.789999961853027,105500,0.0,0.0
2025-05-28 00:00:00-04:00,5.769999980926514,5.769999980926514,5.429999828338623,5.460000038146973,100100,0.0,0.0
2025-05-29 00:00:00-04:00,5.46999979019165,5.889999866485596,5.46999979019165,5.670000076293945,74200,0.0,0.0
2025-05-30 00:00:00-04:00,5.659999847412109,5.75,5.53000020980835,5.710000038146973,65800,0.0,0.0
2025-06-02 00:00:00-04:00,5.679999828338623,5.679999828338623,5.295000076293945,5.5,46300,0.0,0.0
2025-06-03 00:00:00-04:00,5.400000095367432,5.849999904632568,5.400000095367432,5.539999961853027,40500,0.0,0.0
2025-06-04 00:00:00-04:00,5.659999847412109,5.849999904632568,5.559999942779541,5.599999904632568,88300,0.0,0.0
2025-06-05 00:00:00-04:00,5.699999809265137,5.940000057220459,5.420000076293945,5.519999980926514,113800,0.0,0.0
2025-06-06 00:00:00-04:00,5.630000114440918,5.96999979019165,5.510000228881836,5.96999979019165,146600,0.0,0.0
2025-06-09 00:00:00-04:00,5.900000095367432,5.980000019073486,5.659999847412109,5.690000057220459,107500,0.0,0.0
2025-06-10 00:00:00-04:00,5.75,5.75,5.28000020980835,5.570000171661377,90200,0.0,0.0
2025-06-11 00:00:00-04:00,5.449999809265137,5.650000095367432,5.349999904632568,5.539999961853027,83200,0.0,0.0
2025-06-12 00:00:00-04:00,5.5,5.5,5.059999942779541,5.199999809265137,95800,0.0,0.0
2025-06-13 00:00:00-04:00,5.25,5.366000175476074,4.869999885559082,5.014999866485596,157100,0.0,0.0
2025-06-16 00:00:00-04:00,5.010000228881836,5.182000160217285,4.849999904632568,4.960000038146973,100000,0.0,0.0
2025-06-17 00:00:00-04:00,5.0,5.409999847412109,4.849999904632568,5.369999885559082,325600,0.0,0.0
2025-06-18 00:00:00-04:00,5.380000114440918,5.5,5.130000114440918,5.340000152587891,459800,0.0,0.0
2025-06-20 00:00:00-04:00,5.269999980926514,5.360000133514404,4.75,5.309999942779541,515300,0.0,0.0
2025-06-23 00:00:00-04:00,5.28000020980835,5.730000019073486,5.090000152587891,5.699999809265137,416500,0.0,0.0
2025-06-24 00:00:00-04:00,5.789999961853027,5.820000171661377,5.460000038146973,5.639999866485596,357800,0.0,0.0
2025-06-25 00:00:00-04:00,5.449999809265137,6.159999847412109,5.289999961853027,5.380000114440918,183700,0.0,0.0
2025-06-26 00:00:00-04:00,5.269999980926514,5.800000190734863,5.050000190734863,5.255000114440918,79100,0.0,0.0
2025-06-27 00:00:00-04:00,5.150000095367432,5.255000114440918,4.539999961853027,4.550000190734863,132000,0.0,0.0
2025-06-30 00:00:00-04:00,4.550000190734863,4.840000152587891,4.519999980926514,4.800000190734863,93100,0.0,0.0
2025-07-01 00:00:00-04:00,4.760000228881836,4.880000114440918,4.420000076293945,4.760000228881836,136700,0.0,0.0
2025-07-02 00:00:00-04:00,4.809999942779541,4.949999809265137,4.699999809265137,4.809999942779541,48100,0.0,0.0
2025-07-03 00:00:00-04:00,4.960000038146973,5.130000114440918,4.784999847412109,4.925000190734863,38500,0.0,0.0
2025-07-07 00:00:00-04:00,4.940000057220459,5.033999919891357,4.78000020980835,4.849999904632568,22300,0.0,0.0
2025-07-08 00:00:00-04:00,4.730999946594238,5.039999961853027,4.730999946594238,4.980000019073486,86000,0.0,0.0
2025-07-09 00:00:00-04:00,4.875,5.0,4.820000171661377,4.960000038146973,58700,0.0,0.0
2025-07-10 00:00:00-04:00,4.980000019073486,5.0,4.829999923706055,4.949999809265137,46800,0.0,0.0
2025-07-11 00:00:00-04:00,4.96999979019165,4.96999979019165,4.510000228881836,4.659999847412109,180000,0.0,0.0
2025-07-14 00:00:00-04:00,4.400000095367432,4.994999885559082,4.309999942779541,4.940000057220459,53700,0.0,0.0
2025-07-15 00:00:00-04:00,4.724999904632568,5.079999923706055,4.724999904632568,4.960000038146973,116900,0.0,0.0
2025-07-16 00:00:00-04:00,5.059999942779541,5.059999942779541,4.800000190734863,4.96999979019165,186700,0.0,0.0
2025-07-17 00:00:00-04:00,4.949999809265137,5.065000057220459,4.860000133514404,4.980000019073486,113000,0.0,0.0
2025-07-18 00:00:00-04:00,5.0,5.099999904632568,4.900000095367432,4.96999979019165,19800,0.0,0.0
2025-07-21 00:00:00-04:00,5.210000038146973,5.210000038146973,4.875,4.989999771118164,116700,0.0,0.0
2025-07-22 00:00:00-04:00,4.880000114440918,5.010000228881836,4.849999904632568,4.920000076293945,75300,0.0,0.0
2025-07-23 00:00:00-04:00,4.929999828338623,5.0,4.860000133514404,4.920000076293945,48100,0.0,0.0
2025-07-24 00:00:00-04:00,4.929999828338623,4.960000038146973,4.849999904632568,4.880000114440918,25800,0.0,0.0
2025-07-25 00:00:00-04:00,4.900000095367432,5.09499979019165,4.820000171661377,5.0,97500,0.0,0.0
2025-07-28 00:00:00-04:00,5.070000171661377,5.070000171661377,4.820000171661377,4.820000171661377,30200,0.0,0.0
2025-07-29 00:00:00-04:00,4.900000095367432,4.949999809265137,4.760000228881836,4.840000152587891,22700,0.0,0.0
2025-07-30 00:00:00-04:00,4.78000020980835,4.920000076293945,4.659999847412109,4.690000057220459,55900,0.0,0.0
2025-07-31 00:00:00-04:00,4.900000095367432,4.900000095367432,4.5,4.619999885559082,33600,0.0,0.0
2025-08-01 00:00:00-04:00,4.559999942779541,4.800000190734863,4.440000057220459,4.460000038146973,53800,0.0,0.0
2025-08-04 00:00:00-04:00,4.570000171661377,6.940000057220459,4.340000152587891,4.949999809265137,6825200,0.0,0.0
2025-08-05 00:00:00-04:00,4.840000152587891,5.5,4.610000133514404,5.179999828338623,362900,0.0,0.0
2025-08-06 00:00:00-04:00,5.010000228881836,5.25,4.541999816894531,4.840000152587891,249000,0.0,0.0
2025-08-07 00:00:00-04:00,4.849999904632568,4.941999912261963,4.829999923706055,4.840000152587891,138200,0.0,0.0
2025-08-08 00:00:00-04:00,4.75,4.954999923706055,4.650000095367432,4.800000190734863,84400,0.0,0.0
2025-08-11 00:00:00-04:00,4.699999809265137,4.929999828338623,4.630000114440918,4.71999979019165,64700,0.0,0.0
2025-08-12 00:00:00-04:00,4.679999828338623,4.820000171661377,4.599999904632568,4.739999771118164,132300,0.0,0.0
2025-08-13 00:00:00-04:00,4.71999979019165,4.71999979019165,4.449999809265137,4.670000076293945,166500,0.0,0.0
2025-08-14 00:00:00-04:00,4.599999904632568,4.789999961853027,4.5,4.699999809265137,112500,0.0,0.0
2025-08-15 00:00:00-04:00,4.5,4.630000114440918,4.230000019073486,4.389999866485596,292500,0.0,0.0
2025-08-18 00:00:00-04:00,4.550000190734863,4.9079999923706055,4.059999942779541,4.159999847412109,93400,0.0,0.0
2025-08-19 00:00:00-04:00,4.159999847412109,4.239999771118164,3.9100000858306885,4.139999866485596,107800,0.0,0.0
2025-08-20 00:00:00-04:00,4.25,4.730000019073486,4.079999923706055,4.110000133514404,123100,0.0,0.0
2025-08-21 00:00:00-04:00,4.0,4.25,3.9600000381469727,4.230000019073486,123700,0.0,0.0
2025-08-22 00:00:00-04:00,4.230000019073486,4.5960001945495605,4.156000137329102,4.420000076293945,91400,0.0,0.0
2025-08-25 00:00:00-04:00,4.5,4.550000190734863,4.369999885559082,4.434999942779541,113500,0.0,0.0
2025-08-26 00:00:00-04:00,4.449999809265137,4.46999979019165,4.235000133514404,4.389999866485596,95400,0.0,0.0
2025-08-27 00:00:00-04:00,4.429999828338623,4.855000019073486,4.429999828338623,4.769999980926514,86100,0.0,0.0
2025-08-28 00:00:00-04:00,4.710000038146973,4.864999771118164,4.639999866485596,4.829999923706055,29400,0.0,0.0
2025-08-29 00:00:00-04:00,4.78000020980835,5.559999942779541,4.78000020980835,5.449999809265137,181900,0.0,0.0
2025-09-02 00:00:00-04:00,5.320000171661377,5.558000087738037,5.039999961853027,5.090000152587891,90400,0.0,0.0
2025-09-03 00:00:00-04:00,5.039999961853027,5.360000133514404,4.985000133514404,5.360000133514404,90100,0.0,0.0
2025-09-04 00:00:00-04:00,5.260000228881836,5.539999961853027,5.1519999504089355,5.460000038146973,57400,0.0,0.0
2025-09-05 00:00:00-04:00,5.389999866485596,5.538000106811523,5.28000020980835,5.5,96800,0.0,0.0
2025-09-08 00:00:00-04:00,5.5,5.5,5.179999828338623,5.429999828338623,52800,0.0,0.0
2025-09-09 00:00:00-04:00,5.420000076293945,5.739999771118164,5.320000171661377,5.619999885559082,47200,0.0,0.0
2025-09-10 00:00:00-04:00,5.599999904632568,5.769999980926514,5.5229997634887695,5.610000133514404,48200,0.0,0.0
2025-09-11 00:00:00-04:00,5.5,5.880000114440918,5.489999771118164,5.75,74200,0.0,0.0
2025-09-12 00:00:00-04:00,5.809999942779541,6.960000038146973,5.809999942779541,6.579999923706055,214700,0.0,0.0
2025-09-15 00:00:00-04:00,6.650000095367432,6.869999885559082,6.539999961853027,6.739999771118164,125900,0.0,0.0
2025-09-16 00:00:00-04:00,6.75,6.75,6.060999870300293,6.150000095367432,96500,0.0,0.0
2025-09-17 00:00:00-04:00,6.210000038146973,6.400000095367432,5.913000106811523,6.320000171661377,39100,0.0,0.0
2025-09-18 00:00:00-04:00,6.300000190734863,6.309999942779541,5.619999885559082,5.75,75400,0.0,0.0
2025-09-19 00:00:00-04:00,5.71999979019165,6.349999904632568,5.659999847412109,6.349999904632568,283800,0.0,0.0
2025-09-22 00:00:00-04:00,6.369999885559082,6.550000190734863,5.730000019073486,6.519999980926514,60100,0.0,0.0
2025-09-23 00:00:00-04:00,6.533999919891357,6.59499979019165,5.985000133514404,6.059999942779541,82600,0.0,0.0
2025-09-24 00:00:00-04:00,6.130000114440918,6.179999828338623,5.755000114440918,5.809999942779541,66800,0.0,0.0
2025-09-25 00:00:00-04:00,5.840000152587891,5.840000152587891,5.46999979019165,5.599999904632568,36200,0.0,0.0
2025-09-26 00:00:00-04:00,5.730000019073486,5.800000190734863,5.460000038146973,5.46999979019165,64700,0.0,0.0
2025-09-29 00:00:00-04:00,5.480000019073486,5.840000152587891,5.480000019073486,5.630000114440918,49700,0.0,0.0
2025-09-30 00:00:00-04:00,5.723999977111816,6.079999923706055,5.639999866485596,5.789999961853027,153200,0.0,0.0
2025-10-01 00:00:00-04:00,5.889999866485596,6.230000019073486,5.668000221252441,6.21999979019165,64500,0.0,0.0
2025-10-02 00:00:00-04:00,6.170000076293945,6.170000076293945,5.590000152587891,5.630000114440918,123800,0.0,0.0
2025-10-03 00:00:00-04:00,5.699999809265137,5.699999809265137,4.900000095367432,5.019999980926514,295000,0.0,0.0
2025-10-06 00:00:00-04:00,5.21999979019165,5.494999885559082,4.619999885559082,4.949999809265137,515300,0.0,0.0
2025-10-07 00:00:00-04:00,4.929999828338623,5.125,4.5,4.539999961853027,191000,0.0,0.0
2025-10-08 00:00:00-04:00,4.639999866485596,5.289999961853027,4.639999866485596,5.050000190734863,154000,0.0,0.0
2025-10-09 00:00:00-04:00,5.239999771118164,5.377999782562256,4.5,4.510000228881836,416900,0.0,0.0
2025-10-10 00:00:00-04:00,4.599999904632568,4.809999942779541,3.450000047683716,3.4600000381469727,768000,0.0,0.0
2025-10-13 00:00:00-04:00,4.050000190734863,4.09499979019165,3.180000066757202,3.25,706300,0.0,0.0
2025-10-14 00:00:00-04:00,3.309999942779541,3.3299999237060547,2.799999952316284,3.190000057220459,2550500,0.0,0.0
2025-10-15 00:00:00-04:00,3.130000114440918,3.440000057220459,2.880000114440918,3.319999933242798,1759800,0.0,0.0
2025-10-16 00:00:00-04:00,3.305000066757202,3.4200000762939453,2.9100000858306885,3.0399999618530273,1018400,0.0,0.0
2025-10-17 00:00:00-04:00,2.9800000190734863,3.700000047683716,2.950000047683716,3.4700000286102295,707500,0.0,0.0
2025-10-20 00:00:00-04:00,3.4200000762939453,3.4649999141693115,3.0250000953674316,3.059999942779541,336900,0.0,0.0
2025-10-21 00:00:00-04:00,3.0999999046325684,3.2230000495910645,2.8299999237060547,3.0199999809265137,358000,0.0,0.0
2025-10-22 00:00:00-04:00,3.049999952316284,3.200000047683716,2.825000047683716,3.0,1585200,0.0,0.0
2025-10-23 00:00:00-04:00,3.0399999618530273,3.5,2.9489998817443848,3.0399999618530273,1826500,0.0,0.0
2025-10-24 00:00:00-04:00,3.130000114440918,3.2279999256134033,2.9179999828338623,3.009999990463257,1722600,0.0,0.0
2025-10-27 00:00:00-04:00,2.950000047683716,3.049999952316284,2.8499999046325684,2.859999895095825,809200,0.0,0.0
2025-10-28 00:00:00-04:00,2.9000000953674316,2.9200000762939453,2.5199999809265137,2.5899999141693115,799000,0.0,0.0
2025-10-29 00:00:00-04:00,2.549999952316284,3.0899999141693115,2.509999990463257,2.930000066757202,1380800,0.0,0.0
2025-10-30 00:00:00-04:00,2.819999933242798,2.8299999237060547,2.359999895095825,2.549999952316284,1442400,0.0,0.0
2025-10-31 00:00:00-04:00,2.5999999046325684,3.059999942779541,2.509999990463257,2.9000000953674316,790100,0.0,0.0
2025-11-03 00:00:00-05:00,2.9100000858306885,3.2939999103546143,2.8350000381469727,3.1500000953674316,1501900,0.0,0.0
2025-11-04 00:00:00-05:00,3.059999942779541,3.549999952316284,3.009999990463257,3.299999952316284,1307100,0.0,0.0
2025-11-05 00:00:00-05:00,3.319999933242798,3.7799999713897705,3.1549999713897705,3.569999933242798,1166100,0.0,0.0
2025-11-06 00:00:00-05:00,3.569999933242798,3.5799999237060547,3.25,3.3499999046325684,1072200,0.0,0.0
2025-11-07 00:00:00-05:00,3.319999933242798,4.139999866485596,3.2920000553131104,4.090000152587891,846300,0.0,0.0
2025-11-10 00:00:00-05:00,4.119999885559082,4.764999866485596,4.119999885559082,4.269999980926514,1710800,0.0,0.0
2025-11-11 00:00:00-05:00,4.28000020980835,4.349999904632568,4.0,4.079999923706055,390300,0.0,0.0
2025-11-12 00:00:00-05:00,4.079999923706055,4.119999885559082,3.694999933242798,3.7100000381469727,703600,0.0,0.0
2025-11-13 00:00:00-05:00,3.690000057220459,3.890000104904175,3.5,3.690000057220459,669700,0.0,0.0
2025-11-14 00:00:00-05:00,3.3399999141693115,3.559999942779541,2.990000009536743,3.240000009536743,991400,0.0,0.0
2025-11-17 00:00:00-05:00,3.490000009536743,4.300000190734863,3.450000047683716,4.03000020980835,3118500,0.0,0.0
2025-11-18 00:00:00-05:00,3.9100000858306885,3.9700000286102295,3.299999952316284,3.5899999141693115,1728200,0.0,0.0
2025-11-19 00:00:00-05:00,3.6500000953674316,3.6600000858306885,3.0399999618530273,3.3499999046325684,1607600,0.0,0.0
2025-11-20 00:00:00-05:00,3.549999952316284,3.8399999141693115,3.109999895095825,3.490000009536743,2165000,0.0,0.0
2025-11-21 00:00:00-05:00,3.4800000190734863,4.329999923706055,3.2799999713897705,4.230000019073486,2397300,0.0,0.0
2025-11-24 00:00:00-05:00,4.349999904632568,4.730000019073486,4.269999980926514,4.650000095367432,1899100,0.0,0.0
2025-11-25 00:00:00-05:00,4.75,5.78000020980835,4.650000095367432,5.480000019073486,4064200,0.0,0.0
2025-11-26 00:00:00-05:00,5.269999980926514,5.355000019073486,4.945000171661377,5.199999809265137,2599000,0.0,0.0
2025-11-28 00:00:00-05:00,5.630000114440918,5.940000057220459,5.300000190734863,5.75,1130100,0.0,0.0
2025-12-01 00:00:00-05:00,5.556000232696533,5.614999771118164,4.880000114440918,5.0,2911600,0.0,0.0
2025-12-02 00:00:00-05:00,5.119999885559082,5.119999885559082,4.789999961853027,4.96999979019165,798000,0.0,0.0
2025-12-03 00:00:00-05:00,4.900000095367432,5.0,4.519999980926514,4.980000019073486,1254500,0.0,0.0
2025-12-04 00:00:00-05:00,5.03000020980835,5.800000190734863,4.900000095367432,5.670000076293945,1994100,0.0,0.0
2025-12-05 00:00:00-05:00,5.579999923706055,5.75,5.271999835968018,5.329999923706055,838000,0.0,0.0
2025-12-08 00:00:00-05:00,5.309999942779541,5.40500020980835,4.96999979019165,5.090000152587891,1063200,0.0,0.0
2025-12-09 00:00:00-05:00,5.019999980926514,5.53000020980835,4.889999866485596,5.519999980926514,1406700,0.0,0.0
2025-12-10 00:00:00-05:00,5.579999923706055,5.96999979019165,5.380000114440918,5.909999847412109,2069100,0.0,0.0
2025-12-11 00:00:00-05:00,5.760000228881836,6.449999809265137,5.28000020980835,6.400000095367432,3389500,0.0,0.0
2025-12-12 00:00:00-05:00,6.239999771118164,6.400000095367432,5.574999809265137,5.610000133514404,1231500,0.0,0.0
2025-12-15 00:00:00-05:00,5.619999885559082,5.650000095367432,5.0,5.119999885559082,1499200,0.0,0.0
2025-12-16 00:00:00-05:00,5.0,5.389999866485596,4.840000152587891,4.889999866485596,1139500,0.0,0.0
2025-12-17 00:00:00-05:00,4.96999979019165,5.079999923706055,4.650000095367432,4.760000228881836,1424700,0.0,0.0
2025-12-18 00:00:00-05:00,4.900000095367432,5.119999885559082,4.329999923706055,4.349999904632568,1853700,0.0,0.0
2025-12-19 00:00:00-05:00,4.360000133514404,5.0,4.349999904632568,4.699999809265137,5031800,0.0,0.0
2025-12-22 00:00:00-05:00,4.735000133514404,4.900000095367432,4.239999771118164,4.349999904632568,1542900,0.0,0.0
2025-12-23 00:00:00-05:00,4.25,4.429999828338623,4.110000133514404,4.309999942779541,1109600,0.0,0.0
2025-12-24 00:00:00-05:00,4.289999961853027,4.320000171661377,4.050000190734863,4.21999979019165,681600,0.0,0.0
2025-12-26 00:00:00-05:00,4.179999828338623,4.309999942779541,4.150000095367432,4.260000228881836,696800,0.0,0.0
2025-12-29 00:00:00-05:00,4.21999979019165,4.329999923706055,4.119999885559082,4.150000095367432,549900,0.0,0.0
2025-12-30 00:00:00-05:00,4.119999885559082,4.309999942779541,4.050000190734863,4.139999866485596,812800,0.0,0.0
2025-12-31 00:00:00-05:00,4.099999904632568,4.2779998779296875,4.010000228881836,4.179999828338623,753600,0.0,0.0
2026-01-02 00:00:00-05:00,4.199999809265137,4.644999980926514,4.090000152587891,4.480000019073486,1541800,0.0,0.0
2026-01-05 00:00:00-05:00,4.590000152587891,4.78000020980835,4.380000114440918,4.659999847412109,1391400,0.0,0.0
2026-01-06 00:00:00-05:00,4.630000114440918,4.71999979019165,3.8499999046325684,4.434999942779541,4286900,0.0,0.0
2026-01-07 00:00:00-05:00,4.449999809265137,4.474999904632568,3.5,3.5899999141693115,2343300,0.0,0.0
2026-01-08 00:00:00-05:00,3.7100000381469727,4.159999847412109,3.4200000762939453,4.130000114440918,1948700,0.0,0.0
2026-01-09 00:00:00-05:00,4.199999809265137,4.320000171661377,3.950000047683716,4.179999828338623,1378000,0.0,0.0
2026-01-12 00:00:00-05:00,4.269999980926514,4.599999904632568,4.03000020980835,4.340000152587891,2581800,0.0,0.0
2026-01-13 00:00:00-05:00,4.199999809265137,4.199999809265137,3.75,3.9700000286102295,4136700,0.0,0.0
2026-01-14 00:00:00-05:00,3.930000066757202,4.255000114440918,3.859999895095825,3.890000104904175,2801500,0.0,0.0
2026-01-15 00:00:00-05:00,3.9100000858306885,4.050000190734863,3.700000047683716,3.8299999237060547,2825500,0.0,0.0
2026-01-16 00:00:00-05:00,3.8399999141693115,3.9600000381469727,3.700000047683716,3.75,2405000,0.0,0.0
2026-01-20 00:00:00-05:00,3.6500000953674316,3.7899999618530273,3.5299999713897705,3.549999952316284,1713600,0.0,0.0
2026-01-21 00:00:00-05:00,3.5999999046325684,3.7100000381469727,3.4000000953674316,3.690000057220459,3169700,0.0,0.0
2026-01-22 00:00:00-05:00,3.740000009536743,3.7699999809265137,3.4800000190734863,3.5299999713897705,2549500,0.0,0.0
2026-01-23 00:00:00-05:00,3.5,3.7100000381469727,3.4100000858306885,3.6700000762939453,2057300,0.0,0.0
2026-01-26 00:00:00-05:00,3.5899999141693115,3.6500000953674316,3.359999895095825,3.380000114440918,2279700,0.0,0.0
2026-01-27 00:00:00-05:00,3.4000000953674316,3.5899999141693115,3.25,3.5799999237060547,1821600,0.0,0.0
2026-01-28 00:00:00-05:00,3.619999885559082,3.619999885559082,3.4800000190734863,3.5299999713897705,928200,0.0,0.0
2026-01-29 00:00:00-05:00,3.549999952316284,3.569999933242798,3.3499999046325684,3.390000104904175,1871100,0.0,0.0
2026-01-30 00:00:00-05:00,3.4000000953674316,3.4779999256134033,3.2200000286102295,3.2899999618530273,1086700,0.0,0.0
2026-02-02 00:00:00-05:00,3.240000009536743,3.430000066757202,3.130000114440918,3.2699999809265137,1329000,0.0,0.0
2026-02-03 00:00:00-05:00,3.25,3.380000114440918,3.130000114440918,3.2799999713897705,1167400,0.0,0.0
2026-02-04 00:00:00-05:00,3.299999952316284,3.3450000286102295,2.890000104904175,2.9800000190734863,2159200,0.0,0.0
2026-02-05 00:00:00-05:00,2.7950000762939453,2.8499999046325684,2.5199999809265137,2.5799999237060547,3133900,0.0,0.0
2026-02-06 00:00:00-05:00,2.700000047683716,3.190000057220459,2.6500000953674316,3.180000066757202,1538900,0.0,0.0
2026-02-09 00:00:00-05:00,3.1500000953674316,3.450000047683716,3.049999952316284,3.3499999046325684,1345000,0.0,0.0
2026-02-10 00:00:00-05:00,3.299999952316284,3.5399999618530273,3.2100000381469727,3.240000009536743,1241700,0.0,0.0
2026-02-11 00:00:00-05:00,3.2699999809265137,3.380000114440918,3.0350000858306885,3.1600000858306885,856500,0.0,0.0
2026-02-12 00:00:00-05:00,3.2100000381469727,3.2100000381469727,2.930000066757202,2.950000047683716,685500,0.0,0.0
2026-02-13 00:00:00-05:00,2.9749999046325684,3.109999895095825,2.9100000858306885,3.0199999809265137,862500,0.0,0.0
2026-02-17 00:00:00-05:00,3.0,3.1600000858306885,2.859999895095825,3.119999885559082,862300,0.0,0.0
2026-02-18 00:00:00-05:00,3.1700000762939453,3.690000057220459,3.1500000953674316,3.1700000762939453,1961300,0.0,0.0
2026-02-19 00:00:00-05:00,3.119999885559082,3.3299999237060547,3.009999990463257,3.3299999237060547,986300,0.0,0.0
2026-02-20 00:00:00-05:00,3.2899999618530273,3.5199999809265137,3.2249999046325684,3.4000000953674316,1709400,0.0,0.0
2026-02-23 00:00:00-05:00,3.4000000953674316,3.450000047683716,3.259999990463257,3.299999952316284,1053100,0.0,0.0
2026-02-24 00:00:00-05:00,3.299999952316284,3.315000057220459,3.0799999237060547,3.2799999713897705,1060900,0.0,0.0
2026-02-25 00:00:00-05:00,3.369999885559082,3.4700000286102295,3.255000114440918,3.2699999809265137,1089700,0.0,0.0
2026-02-26 00:00:00-05:00,3.2300000190734863,3.25,2.7899999618530273,2.799999952316284,2905800,0.0,0.0
2026-02-27 00:00:00-05:00,2.8499999046325684,2.9600000381469727,2.619999885559082,2.8399999141693115,2348600,0.0,0.0
2026-03-02 00:00:00-05:00,2.740000009536743,3.130000114440918,2.700000047683716,2.7300000190734863,2518300,0.0,0.0
2026-03-03 00:00:00-05:00,2.680000066757202,2.880000114440918,2.619999885559082,2.7799999713897705,2749400,0.0,0.0
2026-03-04 00:00:00-05:00,3.25,3.6549999713897705,3.119999885559082,3.299999952316284,5023100,0.0,0.0
2026-03-05 00:00:00-05:00,3.25,3.3550000190734863,3.0399999618530273,3.1600000858306885,1623000,0.0,0.0
2026-03-06 00:00:00-05:00,3.0399999618530273,3.180000066757202,2.950000047683716,2.9700000286102295,1259500,0.0,0.0
2026-03-09 00:00:00-04:00,2.999000072479248,3.130000114440918,2.9100000858306885,3.049999952316284,1081900,0.0,0.0
2026-03-10 00:00:00-04:00,3.069999933242798,3.309999942779541,3.009999990463257,3.119999885559082,1010200,0.0,0.0
2026-03-11 00:00:00-04:00,3.069999933242798,3.3399999141693115,3.049999952316284,3.3350000381469727,1045700,0.0,0.0
2026-03-12 00:00:00-04:00,3.2300000190734863,3.7200000286102295,3.2300000190734863,3.619999885559082,1812300,0.0,0.0
2026-03-13 00:00:00-04:00,3.630000114440918,3.8499999046325684,3.5199999809265137,3.619999885559082,946700,0.0,0.0
2026-03-16 00:00:00-04:00,3.75,4.0,3.6600000858306885,3.6600000858306885,1123500,0.0,0.0
2026-03-17 00:00:00-04:00,3.640000104904175,3.9700000286102295,3.640000104904175,3.869999885559082,1128700,0.0,0.0
2026-03-18 00:00:00-04:00,3.8499999046325684,3.9700000286102295,3.680000066757202,3.75,1248100,0.0,0.0
2026-03-19 00:00:00-04:00,3.5,4.079999923706055,3.369999885559082,4.065000057220459,2384800,0.0,0.0
2026-03-20 00:00:00-04:00,4.130000114440918,4.368000030517578,3.944999933242798,4.085000038146973,5069600,0.0,0.0
2026-03-23 00:00:00-04:00,4.019999980926514,4.239999771118164,3.88100004196167,4.070000171661377,1583800,0.0,0.0
2026-03-24 00:00:00-04:00,4.119999885559082,4.340000152587891,4.085000038146973,4.190000057220459,1455900,0.0,0.0
2026-03-25 00:00:00-04:00,4.199999809265137,4.449999809265137,4.199999809265137,4.380000114440918,1020300,0.0,0.0
2026-03-26 00:00:00-04:00,4.260000228881836,4.465000152587891,3.940000057220459,4.005000114440918,1012100,0.0,0.0
2026-03-27 00:00:00-04:00,3.9600000381469727,3.9649999141693115,3.7100000381469727,3.7950000762939453,1147700,0.0,0.0
2026-03-30 00:00:00-04:00,3.799999952316284,3.825000047683716,3.5299999713897705,3.609999895095825,1260300,0.0,0.0
2026-03-31 00:00:00-04:00,3.799999952316284,4.070000171661377,3.6600000858306885,3.9100000858306885,1371400,0.0,0.0
2026-04-01 00:00:00-04:00,3.9700000286102295,4.304999828338623,3.890000104904175,4.28000020980835,1084800,0.0,0.0
2026-04-02 00:00:00-04:00,4.114999771118164,4.639999866485596,4.059999942779541,4.639999866485596,1398000,0.0,0.0
2026-04-06 00:00:00-04:00,4.690000057220459,4.940000057220459,4.5,4.679999828338623,1396500,0.0,0.0
2026-04-07 00:00:00-04:00,4.610000133514404,4.695000171661377,4.25,4.340000152587891,1522500,0.0,0.0
2026-04-08 00:00:00-04:00,4.639999866485596,4.659999847412109,3.990000009536743,4.0,1727400,0.0,0.0
2026-04-09 00:00:00-04:00,3.9700000286102295,4.28000020980835,3.859999895095825,4.179999828338623,951800,0.0,0.0
2026-04-10 00:00:00-04:00,4.199999809265137,4.40500020980835,4.189000129699707,4.340000152587891,738900,0.0,0.0
2026-04-13 00:00:00-04:00,4.340000152587891,4.909999847412109,4.340000152587891,4.900000095367432,1088200,0.0,0.0
2026-04-14 00:00:00-04:00,4.989999771118164,5.010000228881836,4.730000019073486,4.800000190734863,1109700,0.0,0.0
2026-04-15 00:00:00-04:00,4.739999771118164,4.829999923706055,4.579999923706055,4.760000228881836,998500,0.0,0.0
2026-04-16 00:00:00-04:00,4.78000020980835,4.900000095367432,4.610000133514404,4.699999809265137,930300,0.0,0.0
2026-04-17 00:00:00-04:00,4.809999942779541,4.835000038146973,4.574999809265137,4.599999904632568,1049100,0.0,0.0
2026-04-20 00:00:00-04:00,4.559999942779541,6.190000057220459,4.510000228881836,6.190000057220459,7117100,0.0,0.0
2026-04-21 00:00:00-04:00,6.199999809265137,6.409999847412109,5.949999809265137,6.059999942779541,3864800,0.0,0.0
2026-04-22 00:00:00-04:00,6.199999809265137,6.429999828338623,5.690000057220459,5.909999847412109,1706500,0.0,0.0
2026-04-23 00:00:00-04:00,5.949999809265137,6.920000076293945,5.849999904632568,6.900000095367432,3709400,0.0,0.0
2026-04-24 00:00:00-04:00,6.960000038146973,6.960000038146973,6.173999786376953,6.539999961853027,3228800,0.0,0.0
2026-04-27 00:00:00-04:00,6.949999809265137,7.321000099182129,6.429999828338623,7.119999885559082,2760400,0.0,0.0
2026-04-28 00:00:00-04:00,6.760000228881836,6.760000228881836,6.135000228881836,6.300000190734863,2633900,0.0,0.0
2026-04-29 00:00:00-04:00,6.360000133514404,6.71999979019165,6.130000114440918,6.289999961853027,1517700,0.0,0.0
2026-04-30 00:00:00-04:00,6.460000038146973,6.589000225067139,6.179999828338623,6.510000228881836,1291200,0.0,0.0
2026-05-01 00:00:00-04:00,6.519999980926514,6.559999942779541,5.940999984741211,6.300000190734863,2060700,0.0,0.0
2026-05-04 00:00:00-04:00,6.260000228881836,6.449999809265137,6.010000228881836,6.28000020980835,1499500,0.0,0.0
2026-05-05 00:00:00-04:00,6.360000133514404,6.599999904632568,6.019999980926514,6.150000095367432,1143900,0.0,0.0
2026-05-06 00:00:00-04:00,6.385000228881836,7.449999809265137,6.349999904632568,6.96999979019165,3395600,0.0,0.0
2026-05-07 00:00:00-04:00,6.860000133514404,7.0,6.199999809265137,6.210000038146973,1836500,0.0,0.0
2026-05-08 00:00:00-04:00,6.210000038146973,7.070000171661377,6.199999809265137,7.0,3802300,0.0,0.0
2026-05-11 00:00:00-04:00,7.190000057220459,7.625999927520752,6.78000020980835,6.989999771118164,3014500,0.0,0.0
2026-05-12 00:00:00-04:00,6.710000038146973,6.920000076293945,6.5,6.809999942779541,1646800,0.0,0.0
2026-05-13 00:00:00-04:00,6.940000057220459,7.570000171661377,6.71999979019165,7.150000095367432,2479900,0.0,0.0
2026-05-14 00:00:00-04:00,7.159999847412109,7.860000133514404,6.920000076293945,7.320000171661377,2891100,0.0,0.0
2026-05-15 00:00:00-04:00,6.820000171661377,7.5,6.639999866485596,6.71999979019165,2259300,0.0,0.0
2026-05-18 00:00:00-04:00,6.820000171661377,6.900000095367432,5.800000190734863,6.28000020980835,4135700,0.0,0.0
2026-05-19 00:00:00-04:00,6.159999847412109,6.570000171661377,5.96999979019165,5.980000019073486,2104200,0.0,0.0
2026-05-20 00:00:00-04:00,6.070000171661377,6.488999843597412,5.875,6.199999809265137,2241200,0.0,0.0
2026-05-21 00:00:00-04:00,6.110000133514404,6.929999828338623,6.070000171661377,6.690000057220459,2474000,0.0,0.0
2026-05-22 00:00:00-04:00,6.800000190734863,7.190000057220459,6.610000133514404,6.639999866485596,2243500,0.0,0.0
2026-05-26 00:00:00-04:00,6.739999771118164,6.789999961853027,6.235000133514404,6.380000114440918,2742800,0.0,0.0
2026-05-27 00:00:00-04:00,6.340000152587891,6.460000038146973,5.940000057220459,6.409999847412109,3670400,0.0,0.0
2026-05-28 00:00:00-04:00,5.849999904632568,6.239999771118164,5.630000114440918,5.869999885559082,9370200,0.0,0.0
2026-05-29 00:00:00-04:00,5.480000019073486,5.755000114440918,5.079999923706055,5.329999923706055,5922200,0.0,0.0
2026-06-01 00:00:00-04:00,5.130000114440918,6.1579999923706055,5.103000164031982,5.835000038146973,3430400,0.0,0.0
2026-06-02 00:00:00-04:00,5.809999942779541,6.889999866485596,5.699999809265137,6.849999904632568,3263700,0.0,0.0
2026-06-03 00:00:00-04:00,6.880000114440918,7.078000068664551,6.489999771118164,6.559999942779541,2475900,0.0,0.0
2026-06-04 00:00:00-04:00,6.349999904632568,7.179999828338623,6.320000171661377,6.690000057220459,1717000,0.0,0.0
2026-06-05 00:00:00-04:00,6.570000171661377,6.570000171661377,5.815000057220459,5.849999904632568,1766800,0.0,0.0
2026-06-08 00:00:00-04:00,6.079999923706055,6.309999942779541,5.829999923706055,5.960000038146973,1220200,0.0,0.0
2026-06-09 00:00:00-04:00,6.010000228881836,6.21999979019165,5.5,5.710000038146973,1283600,0.0,0.0
2026-06-10 00:00:00-04:00,5.650000095367432,5.980000019073486,5.445000171661377,5.510000228881836,1244500,0.0,0.0
2026-06-11 00:00:00-04:00,5.570000171661377,5.769999980926514,5.46999979019165,5.699999809265137,1123000,0.0,0.0
2026-06-12 00:00:00-04:00,5.699999809265137,5.849999904632568,5.559999942779541,5.610000133514404,1009700,0.0,0.0
2026-06-15 00:00:00-04:00,5.760000228881836,6.119999885559082,5.670000076293945,6.010000228881836,1372800,0.0,0.0
2026-06-16 00:00:00-04:00,5.985000133514404,6.170000076293945,5.849999904632568,6.010000228881836,891800,0.0,0.0
2026-06-17 00:00:00-04:00,6.079999923706055,7.090000152587891,6.010000228881836,6.579999923706055,3341900,0.0,0.0
2026-06-18 00:00:00-04:00,6.71999979019165,6.820000171661377,6.380000114440918,6.630000114440918,2326900,0.0,0.0
2026-06-22 00:00:00-04:00,6.650000095367432,6.78000020980835,6.039999961853027,6.079999923706055,1357300,0.0,0.0
2026-06-23 00:00:00-04:00,5.800000190734863,6.275000095367432,5.75,5.849999904632568,1018300,0.0,0.0
2026-06-24 00:00:00-04:00,5.940000057220459,6.0,5.070000171661377,5.199999809265137,2403500,0.0,0.0
2026-06-25 00:00:00-04:00,5.260000228881836,5.434999942779541,4.869999885559082,4.985000133514404,1193400,0.0,0.0
2026-06-26 00:00:00-04:00,4.769999980926514,4.96999979019165,4.650000095367432,4.880000114440918,3570900,0.0,0.0
2026-06-29 00:00:00-04:00,4.954999923706055,5.309999942779541,4.789999961853027,5.230000019073486,2178900,0.0,0.0
2026-06-30 00:00:00-04:00,5.099999904632568,5.449999809265137,4.860000133514404,5.070000171661377,2251000,0.0,0.0
2026-07-01 00:00:00-04:00,4.989999771118164,5.139999866485596,4.889999866485596,5.010000228881836,1355000,0.0,0.0
2026-07-02 00:00:00-04:00,5.139999866485596,5.579999923706055,4.809999942779541,4.820000171661377,1726000,0.0,0.0
2026-07-06 00:00:00-04:00,4.869999885559082,4.949999809265137,4.670000076293945,4.730000019073486,1271600,0.0,0.0
2026-07-07 00:00:00-04:00,4.670000076293945,4.760000228881836,4.420000076293945,4.570000171661377,1429600,0.0,0.0
2026-07-08 00:00:00-04:00,4.389999866485596,4.619999885559082,4.340000152587891,4.53000020980835,1032300,0.0,0.0
2026-07-09 00:00:00-04:00,4.599999904632568,4.886000156402588,4.510000228881836,4.869999885559082,1014000,0.0,0.0
2026-07-10 00:00:00-04:00,4.940000057220459,5.320000171661377,4.849999904632568,5.010000228881836,1850000,0.0,0.0
2026-07-13 00:00:00-04:00,4.929999828338623,4.960000038146973,4.429999828338623,4.465000152587891,1106000,0.0,0.0
2026-07-14 00:00:00-04:00,4.519999980926514,4.760000228881836,4.514999866485596,4.545000076293945,965100,0.0,0.0
2026-07-15 00:00:00-04:00,4.550000190734863,4.760000228881836,4.349999904632568,4.460000038146973,1311300,0.0,0.0
2026-07-16 00:00:00-04:00,4.389999866485596,4.409999847412109,3.4549999237060547,3.819999933242798,4179500,0.0,0.0
2026-07-17 00:00:00-04:00,3.640000104904175,3.7899999618530273,3.3450000286102295,3.369999885559082,3028700,0.0,0.0
2026-07-20 00:00:00-04:00,3.440000057220459,3.5899999141693115,3.049999952316284,3.130000114440918,3739900,0.0,0.0
2026-07-21 00:00:00-04:00,3.2100000381469727,3.609999895095825,3.200000047683716,3.559999942779541,2734700,0.0,0.0
2026-07-22 00:00:00-04:00,3.4800000190734863,3.619999885559082,3.3399999141693115,3.369999885559082,1260700,0.0,0.0
2026-07-23 00:00:00-04:00,3.2799999713897705,3.3510000705718994,2.9700000286102295,2.9800000190734863,1813000,0.0,0.0
2026-07-24 00:00:00-04:00,3.0,3.0250000953674316,2.825000047683716,2.890000104904175,1610800,0.0,0.0
2026-07-27 00:00:00-04:00,2.9800000190734863,3.059999942779541,2.7149999141693115,3.0299999713897705,1740800,0.0,0.0
2026-07-28 00:00:00-04:00,2.950000047683716,2.9800000190734863,2.7699999809265137,2.9600000381469727,1411500,0.0,0.0
2026-07-29 00:00:00-04:00,2.9600000381469727,3.0250000953674316,2.7899999618530273,2.819999933242798,1464600,0.0,0.0
2026-07-30 00:00:00-04:00,2.9200000762939453,3.359999895095825,2.9200000762939453,3.309999942779541,1787500,0.0,0.0
2026-07-31 00:00:00-04:00,3.319999933242798,3.390000104904175,3.130000114440918,3.2200000286102295,1137100,0.0,0.0
2026-08-03 00:00:00-04:00,3.240000009536743,3.440000057220459,3.190000057220459,3.3399999141693115,991900,0.0,0.0
2026-08-04 00:00:00-04:00,3.4000000953674316,3.6600000858306885,3.380000114440918,3.640000104904175,1597600,0.0,0.0
2026-08-05 00:00:00-04:00,3.630000114440918,3.734999895095825,3.4000000953674316,3.4200000762939453,1308700,0.0,0.0
2026-08-06 00:00:00-04:00,3.3499999046325684,3.630000114440918,3.309999942779541,3.4800000190734863,925572,0.0,0.0
