Date,Open,High,Low,Close,Volume,Dividends,Stock Splits
2022-01-03 00:00:00-05:00,90.75109453314222,92.15794159843158,90.18650278064563,90.22352600097656,328600,0.0,0.0
2022-01-04 00:00:00-05:00,91.93579367297775,95.03641546744245,91.32492123378962,94.45331573486328,490600,0.0,0.0
2022-01-05 00:00:00-05:00,95.59175390451504,96.63764032923842,93.86096270430576,93.94425964355469,843500,0.0,0.0
2022-01-06 00:00:00-05:00,95.41589841846485,96.26741828379758,93.60180316007177,94.1293716430664,744000,0.0,0.0
2022-01-07 00:00:00-05:00,94.56437897607314,96.10081059219011,94.19415389471735,95.63803100585938,566400,0.0,0.0
2022-01-10 00:00:00-05:00,95.76761232465596,96.50805545374192,93.13902050354143,94.07383728027344,584500,0.0,0.0
2022-01-11 00:00:00-05:00,94.78653201580335,94.8698289639308,92.50039939776622,93.78692626953125,616800,0.0,0.0
2022-01-12 00:00:00-05:00,95.1197326787944,95.71209716796875,93.30563717372952,95.71209716796875,721800,0.0,0.0
2022-01-13 00:00:00-05:00,96.09156543503492,98.47025253356254,95.93422205010849,97.22074890136719,488000,0.0,0.0
2022-01-14 00:00:00-05:00,96.07305857742374,99.66422613473101,95.3048426603729,99.2662353515625,608100,0.0,0.0
2022-01-18 00:00:00-05:00,100.2010429410757,100.89521235473633,96.70243022605909,98.25736999511719,1107200,0.0,0.0
2022-01-19 00:00:00-05:00,98.43322225181139,99.2292037509181,97.47989737906778,97.49840545654297,623500,0.0,0.0
2022-01-20 00:00:00-05:00,97.28552427373596,97.31328991881752,93.74063098156687,93.93499755859375,488400,0.0,0.0
2022-01-21 00:00:00-05:00,93.07423824576215,93.76840770060574,90.09393625646725,90.79736328125,448800,0.0,0.0
2022-01-24 00:00:00-05:00,88.40942577793105,91.33419670592006,86.5860797947375,91.18610382080078,592500,0.0,0.0
2022-01-25 00:00:00-05:00,89.12211239431421,92.30603887997992,87.22471286528393,91.48228454589844,642500,0.0,0.0
2022-01-26 00:00:00-05:00,91.97282491252497,93.50924959052087,87.84483151845883,89.25167846679688,1531800,0.0,0.0
2022-01-27 00:00:00-05:00,90.85289246000471,93.1760409165771,89.90881814238719,91.88025665283203,572100,0.0,0.0
2022-01-28 00:00:00-05:00,91.40823990644719,92.09315182218812,87.67823699765302,89.55712127685547,597500,0.0,0.0
2022-01-31 00:00:00-05:00,88.76113149226731,91.42673953022984,87.21544927425816,91.3064193725586,512000,0.0,0.0
2022-02-01 00:00:00-05:00,91.62111796746474,94.31449906217694,91.45451700220978,94.12013244628906,536600,0.0,0.0
2022-02-02 00:00:00-05:00,93.62031533293715,94.81428755903296,91.73217370060819,93.94425964355469,511400,0.0,0.0
2022-02-03 00:00:00-05:00,93.32414553952611,94.35151692332299,92.70402250576247,94.09236145019531,366500,0.0,0.0
2022-02-04 00:00:00-05:00,93.56478369968731,95.50846382592563,92.79657486831336,93.99054718017578,460700,0.0,0.0
2022-02-07 00:00:00-05:00,93.73138393082341,93.73138393082341,91.47302411947699,92.28751373291016,628000,0.0,0.0
2022-02-08 00:00:00-05:00,93.00944592062204,94.84205632030603,92.63922081284728,94.77726745605469,287800,0.0,0.0
2022-02-09 00:00:00-05:00,95.24930752803692,97.01712205552168,94.82354405126203,95.86943054199219,551600,0.0,0.0
2022-02-10 00:00:00-05:00,95.3973845597731,98.15555402782914,95.07344025852227,95.52696228027344,525200,0.0,0.0
2022-02-11 00:00:00-05:00,94.85132667746504,97.16522508618927,94.75876509195004,95.71209716796875,350700,0.0,0.0
2022-02-14 00:00:00-05:00,95.33260017716471,95.86942622242645,92.59294571847728,94.75875091552734,647100,0.0,0.0
2022-02-15 00:00:00-05:00,95.28632401656655,98.10928261449077,95.00866047245624,98.09077453613281,525700,0.0,0.0
2022-02-16 00:00:00-05:00,97.11894245689888,102.68155610349024,97.06341115580601,101.69120788574219,1146200,0.0,0.0
2022-02-17 00:00:00-05:00,100.65456021100344,102.33907762586958,99.83081311074483,101.57086181640625,970400,0.0,0.0
2022-02-18 00:00:00-05:00,100.74712409874319,102.29280636911463,97.85012615534131,99.45133972167969,1059100,0.0,0.0
2022-02-22 00:00:00-05:00,98.97930408261435,102.700048996223,98.57205577093693,100.52498626708984,736200,0.0,0.0
2022-02-23 00:00:00-05:00,102.03365626791525,103.19060540440294,97.38735164282178,98.55355834960938,773400,0.0,0.0
2022-02-24 00:00:00-05:00,96.98009150490961,98.82195232922064,94.64768543615774,98.2851333618164,767400,0.0,0.0
2022-02-25 00:00:00-05:00,99.04409481899879,102.39461470007112,98.7479161489351,101.85779571533203,435000,0.0,0.0
2022-02-28 00:00:00-05:00,99.95337189019645,102.56125955525695,99.62854804027899,102.37564086914062,809900,0.298,0.0
2022-03-01 00:00:00-05:00,102.44989828417778,103.02530564602614,97.33621804571817,99.3037338256836,714500,0.0,0.0
2022-03-02 00:00:00-05:00,100.63087447244749,103.84200361165611,100.12043190207831,103.10882568359375,476200,0.0,0.0
2022-03-03 00:00:00-05:00,103.69353294689213,104.81649970749135,101.9209112542845,104.49166870117188,531000,0.0,0.0
2022-03-04 00:00:00-05:00,102.10651582919365,104.8628918145365,101.16916786294881,103.88842010498047,774600,0.0,0.0
2022-03-07 00:00:00-05:00,104.40812396829936,105.3640372148418,101.38260657117517,102.48701477050781,1453000,0.0,0.0
2022-03-08 00:00:00-05:00,103.01603254431777,103.5728745473502,100.6030458107571,102.12508392333984,930400,0.0,0.0
2022-03-09 00:00:00-05:00,103.9533927070264,108.25964812630443,103.91626896092203,105.80025482177734,710100,0.0,0.0
2022-03-10 00:00:00-05:00,105.00210580176449,109.88376837738328,104.88145894449943,109.12274932861328,764000,0.0,0.0
2022-03-11 00:00:00-05:00,108.91857801536175,112.95569156091562,108.91857801536175,110.69119262695312,793300,0.0,0.0
2022-03-14 00:00:00-04:00,109.98586427018786,112.47309863434127,108.6494377220963,111.09954833984375,779900,0.0,0.0
2022-03-15 00:00:00-04:00,109.43830338145987,111.06243019532876,105.67033143908596,107.36870574951172,599400,0.0,0.0
2022-03-16 00:00:00-04:00,108.21324602945299,109.72600865141946,106.9325086001362,109.70744323730469,600400,0.0,0.0
2022-03-17 00:00:00-04:00,109.71671422061465,114.08793413428815,109.71671422061465,114.07865142822266,830500,0.0,0.0
2022-03-18 00:00:00-04:00,112.94640950854118,115.70278570021081,112.52877975613147,115.0160140991211,999100,0.0,0.0
2022-03-21 00:00:00-04:00,116.27818599455992,117.72597659990537,115.39651301054738,116.42667388916016,545400,0.0,0.0
2022-03-22 00:00:00-04:00,117.81876011182666,117.96725505894166,115.48930404414773,116.63082885742188,373800,0.0,0.0
2022-03-23 00:00:00-04:00,116.3988266321056,117.61460616479549,115.50787807021842,115.52644348144531,334500,0.0,0.0
2022-03-24 00:00:00-04:00,115.99049666623523,117.4011636595523,115.6099835671339,117.07633972167969,286500,0.0,0.0
2022-03-25 00:00:00-04:00,116.30601557607919,118.06007158458961,115.46147349969205,118.05078887939453,514100,0.0,0.0
2022-03-28 00:00:00-04:00,117.51252186285558,117.51252186285558,114.01368518712677,116.14825439453125,370800,0.0,0.0
2022-03-29 00:00:00-04:00,114.75614929199219,114.9974500893501,110.82112444890208,114.75614929199219,753200,0.0,0.0
2022-03-30 00:00:00-04:00,115.25728988547424,116.60299175608537,114.8674941764704,115.77700805664062,484100,0.0,0.0
2022-03-31 00:00:00-04:00,115.31298419064584,116.3338623126262,114.52412414550781,114.52412414550781,577100,0.0,0.0
2022-04-01 00:00:00-04:00,115.47075961598996,116.14825554419988,112.73294902692504,114.74686431884766,593700,0.0,0.0
2022-04-04 00:00:00-04:00,115.85128528500354,115.85128528500354,110.77472786584516,112.72367858886719,648100,0.0,0.0
2022-04-05 00:00:00-04:00,113.06705661275201,114.70045885810785,112.90928601188754,112.97425079345703,1144800,0.0,0.0
2022-04-06 00:00:00-04:00,112.65870986863061,112.65870986863061,108.12043632660799,110.22715759277344,900400,0.0,0.0
2022-04-07 00:00:00-04:00,110.8025767134498,110.8025767134498,103.43367869756477,105.28054809570312,1264600,0.0,0.0
2022-04-08 00:00:00-04:00,105.80025073701466,107.94409565719984,104.176124080964,106.6540756225586,933800,0.0,0.0
2022-04-11 00:00:00-04:00,106.92321314109351,109.24339398456996,106.02298184092383,106.36637115478516,445900,0.0,0.0
2022-04-12 00:00:00-04:00,107.46149472650279,110.13434045768383,107.46149472650279,108.60301971435547,435200,0.0,0.0
2022-04-13 00:00:00-04:00,109.65175688531247,112.63086847792277,109.35477399672102,112.43597412109375,654700,0.0,0.0
2022-04-14 00:00:00-04:00,112.55661847804922,115.06241818280581,112.55661847804922,113.69815063476562,696700,0.0,0.0
2022-04-18 00:00:00-04:00,113.77238848783858,117.93943852895926,113.77238848783858,117.54036712646484,617400,0.0,0.0
2022-04-19 00:00:00-04:00,116.64943452863005,119.98121139743881,116.0090622392673,119.48933410644531,896400,0.0,0.0
2022-04-20 00:00:00-04:00,119.81412814875137,122.06933682490845,118.95101362834912,120.83499908447266,785400,0.0,0.0
2022-04-21 00:00:00-04:00,122.04149532386872,125.72594312168007,120.40809333621813,121.13198852539062,682200,0.0,0.0
2022-04-22 00:00:00-04:00,120.11111943339584,120.87214554256737,118.23641643939885,118.35706329345703,789300,0.0,0.0
2022-04-25 00:00:00-04:00,116.36169643959904,118.96029449755538,112.72365491008256,118.84893035888672,920600,0.0,0.0
2022-04-26 00:00:00-04:00,119.06240111792039,119.41507315901465,117.01136905881955,117.85591125488281,577000,0.0,0.0
2022-04-27 00:00:00-04:00,118.90462093914863,120.62156039323176,117.91159092200382,119.11808776855469,604800,0.0,0.0
2022-04-28 00:00:00-04:00,119.99046138902195,120.94638888600602,116.51019734601559,120.31529235839844,556700,0.0,0.0
2022-04-29 00:00:00-04:00,121.21554266340473,124.194661444174,117.18770456833236,117.44757080078125,762700,0.0,0.0
2022-05-02 00:00:00-04:00,117.91161871125217,119.29443772879712,114.88610025669156,118.06938934326172,932800,0.0,0.0
2022-05-03 00:00:00-04:00,119.7027757217978,124.61228671105872,119.7027757217978,123.96263885498047,1228100,0.0,0.0
2022-05-04 00:00:00-04:00,125.75379819667278,130.78394842518853,125.67955071240846,130.23638916015625,890300,0.0,0.0
2022-05-05 00:00:00-04:00,131.03451058788292,131.03451058788292,126.35701896933395,128.80712890625,1096900,0.0,0.0
2022-05-06 00:00:00-04:00,127.85125753237004,129.50322538525708,124.36171016606316,127.51715087890625,980700,0.0,0.0
2022-05-09 00:00:00-04:00,125.76307337655847,126.96957020937857,123.1459168314886,123.47073364257812,1191700,0.0,0.0
2022-05-10 00:00:00-04:00,124.43593998099345,124.82572866110445,115.93479402068722,118.19001007080078,1282300,0.0,0.0
2022-05-11 00:00:00-04:00,118.99744012885681,123.41505950140629,118.36635063554542,120.62156677246094,1063300,0.0,0.0
2022-05-12 00:00:00-04:00,118.63547720814928,120.86284493972745,114.52411686465675,118.04151153564453,1150900,0.0,0.0
2022-05-13 00:00:00-04:00,120.27818515250787,122.20856322559123,119.81414896621156,121.15985107421875,805100,0.0,0.0
2022-05-16 00:00:00-04:00,121.25263837467507,123.80483715850777,119.38721817981795,122.3848876953125,573800,0.0,0.0
2022-05-17 00:00:00-04:00,125.28973171556649,127.27580541482966,123.88834796257794,126.4869384765625,591200,0.0,0.0
2022-05-18 00:00:00-04:00,126.04151835807579,126.774703530801,119.94408966789415,121.61460876464844,706000,0.0,0.0
2022-05-19 00:00:00-04:00,120.04617619282591,122.24570335161354,118.52413087179248,120.0276107788086,778200,0.0,0.0
2022-05-20 00:00:00-04:00,121.4303634783444,122.04430930880963,114.14677920653546,117.40253448486328,820400,0.298,0.0
2022-05-23 00:00:00-04:00,118.37927267475804,119.47692767662711,115.43048299628137,117.08627319335938,1113300,0.0,0.0
2022-05-24 00:00:00-04:00,116.90952576368525,117.30951885434624,113.66307450510129,115.52350616455078,1016300,0.0,0.0
2022-05-25 00:00:00-04:00,115.34674659653186,118.51878553448812,114.91884822692457,117.56996154785156,681000,0.0,0.0
2022-05-26 00:00:00-04:00,117.47694379564464,120.39781348337922,117.47694379564464,119.4862060546875,831800,0.0,0.0
2022-05-27 00:00:00-04:00,120.56526752489718,122.90941525919533,119.04901836204138,122.78848266601562,714600,0.0,0.0
2022-05-31 00:00:00-04:00,123.49544268902449,125.07682088103141,122.0164029952437,122.89080810546875,3027500,0.0,0.0
2022-06-01 00:00:00-04:00,123.18845360403076,126.2581681348613,122.32335984937771,125.79306030273438,1065400,0.0,0.0
2022-06-02 00:00:00-04:00,125.98843162941053,127.02097174669517,123.00243263273327,124.07218933105469,800600,0.0,0.0
2022-06-03 00:00:00-04:00,121.22571616356763,122.36987749390038,119.22574390330047,121.60709381103516,814000,0.0,0.0
2022-06-06 00:00:00-04:00,123.76522862651599,124.1466205529704,121.0489998953679,123.30941772460938,795100,0.0,0.0
2022-06-07 00:00:00-04:00,121.33736119274408,124.90008970275241,120.6024827017413,124.5931167602539,701700,0.0,0.0
2022-06-08 00:00:00-04:00,123.77451098665787,125.16983467436671,122.07221438437709,122.71406555175781,387900,0.0,0.0
2022-06-09 00:00:00-04:00,121.8117538772262,123.38382082065543,120.46294383142056,121.33734893798828,397200,0.0,0.0
2022-06-10 00:00:00-04:00,118.92806851611793,118.92806851611793,113.3095651818011,114.09095001220703,807200,0.0,0.0
2022-06-13 00:00:00-04:00,111.17008350462146,111.25379951348744,107.06782874260134,107.37480163574219,761300,0.0,0.0
2022-06-14 00:00:00-04:00,106.01669856702576,108.52827845232704,104.91904361113465,106.38878631591797,958800,0.0,0.0
2022-06-15 00:00:00-04:00,107.14223414554823,107.36548390458883,96.94707192092376,99.8028335571289,1612400,0.0,0.0
2022-06-16 00:00:00-04:00,96.98427801351289,97.30054790303846,93.4959696009017,93.86805725097656,1213100,0.0,0.0
2022-06-17 00:00:00-04:00,92.59366657329971,93.2448146889489,90.17510730476847,92.43553161621094,1186700,0.0,0.0
2022-06-21 00:00:00-04:00,94.20293971588835,95.45873657380471,91.89600878114719,91.98902893066406,816300,0.0,0.0
2022-06-22 00:00:00-04:00,88.8262927005859,90.24022449901757,87.97980012789134,89.59837341308594,1389200,0.0,0.0
2022-06-23 00:00:00-04:00,89.23557698258406,89.53324567132636,85.46820120905,88.21234130859375,1314400,0.0,0.0
2022-06-24 00:00:00-04:00,89.29140346683559,93.17040834739664,88.1286338364836,92.64948272705078,1623000,0.0,0.0
2022-06-27 00:00:00-04:00,91.25415513633762,93.46807295672073,90.547189245183,92.08204650878906,727000,0.0,0.0
2022-06-28 00:00:00-04:00,93.1425126691744,94.88201890399516,90.86348662252884,92.03556060791016,789200,0.0,0.0
2022-06-29 00:00:00-04:00,92.27740377830114,92.76111996471751,89.50536469092889,91.04022216796875,849500,0.0,0.0
2022-06-30 00:00:00-04:00,89.74722246512653,92.4634508663278,89.23560094227074,91.17974853515625,871400,0.0,0.0
2022-07-01 00:00:00-04:00,90.19370943418429,93.04947122309247,88.08212301117975,91.96112060546875,723200,0.0,0.0
2022-07-05 00:00:00-04:00,88.83561059575386,88.83561059575386,85.57055108827288,87.92399597167969,891400,0.0,0.0
2022-07-06 00:00:00-04:00,87.52397484955421,89.23557509637972,85.36587512754373,88.5658187866211,702700,0.0,0.0
2022-07-07 00:00:00-04:00,89.79373592427878,92.01695126424734,89.42164816049251,91.07743835449219,571500,0.0,0.0
2022-07-08 00:00:00-04:00,91.87739673758928,91.87739673758928,89.22628355131856,90.24951934814453,351800,0.0,0.0
2022-07-11 00:00:00-04:00,88.36120213581546,90.72395126066486,88.11004697747767,89.80303955078125,433300,0.0,0.0
2022-07-12 00:00:00-04:00,89.00303562467653,89.75650804664015,88.05421876357354,88.60304260253906,732400,0.0,0.0
2022-07-13 00:00:00-04:00,87.07749296863621,87.50539134255543,85.19845326470546,86.74261474609375,631100,0.0,0.0
2022-07-14 00:00:00-04:00,84.95658525202045,85.79378064047253,82.78918138441148,84.64961242675781,928000,0.0,0.0
2022-07-15 00:00:00-04:00,86.27750638007402,86.46354668172319,84.54730460620287,85.60774993896484,675700,0.0,0.0
2022-07-18 00:00:00-04:00,87.35656517331788,88.37980108693631,85.44962003208754,85.85891723632812,795800,0.0,0.0
2022-07-19 00:00:00-04:00,87.27284314599743,89.40303810821328,86.42635048681035,88.11003875732422,718400,0.0,0.0
2022-07-20 00:00:00-04:00,87.32866540667258,88.02632732583737,85.94264571442073,87.82168579101562,650300,0.0,0.0
2022-07-21 00:00:00-04:00,86.23100199964904,86.41704941822402,84.67754331371037,85.98915100097656,707900,0.0,0.0
2022-07-22 00:00:00-04:00,86.4542627640494,87.10541101569181,84.86359452333694,85.40311431884766,429500,0.0,0.0
2022-07-25 00:00:00-04:00,85.19846425206548,86.51937612110038,84.3705727331753,85.75659942626953,620800,0.0,0.0
2022-07-26 00:00:00-04:00,85.51472457276645,86.50075088593994,84.81706283865718,85.09613037109375,658900,0.0,0.0
2022-07-27 00:00:00-04:00,85.42171934741316,88.28678573917816,85.10544228227847,87.9612045288086,873400,0.0,0.0
2022-07-28 00:00:00-04:00,88.3705005239933,89.41234476929543,86.71471754442949,87.4402847290039,643000,0.0,0.0
2022-07-29 00:00:00-04:00,88.81700819566375,90.94719614404637,87.654238439262,90.54720306396484,743000,0.0,0.0
2022-08-01 00:00:00-04:00,89.30071099045088,90.48208185692293,88.15654250821326,90.3704605102539,1025000,0.0,0.0
2022-08-02 00:00:00-04:00,91.39370657772707,93.76575981624781,86.16589098498267,87.8495864868164,786200,0.0,0.0
2022-08-03 00:00:00-04:00,89.16117091066474,89.76581251800633,87.4495774774947,87.86817169189453,588000,0.0,0.0
2022-08-04 00:00:00-04:00,87.74723725336553,88.7704729706712,86.37051507404001,86.47283935546875,793000,0.0,0.0
2022-08-05 00:00:00-04:00,85.57053653392929,87.8588662047598,85.45891519685314,87.78445434570312,477300,0.0,0.0
2022-08-08 00:00:00-04:00,88.7239643050528,90.66811866372974,88.7239643050528,89.4681396484375,706300,0.0,0.0
2022-08-09 00:00:00-04:00,89.47746119577762,90.0076839245514,87.47749578128584,89.95186614990234,1045600,0.0,0.0
2022-08-10 00:00:00-04:00,91.67276140906473,93.67271951560933,91.29136955995789,92.61227416992188,804300,0.0,0.0
2022-08-11 00:00:00-04:00,93.59830911761217,97.38428684715149,93.51458601165098,96.0168685913086,807100,0.0,0.0
2022-08-12 00:00:00-04:00,96.36104843196578,97.10522388849061,95.95175831816194,96.4261703491211,604700,0.0,0.0
2022-08-15 00:00:00-04:00,95.77498929573126,97.70983928481219,94.54710509054168,97.39356231689453,785200,0.0,0.0
2022-08-16 00:00:00-04:00,97.34709296035935,98.99357194019481,96.77966070755537,98.86334228515625,593600,0.0,0.0
2022-08-17 00:00:00-04:00,99.24471991286752,99.62610467714774,97.5889370254917,98.54705810546875,948300,0.0,0.0
2022-08-18 00:00:00-04:00,98.94705135664496,100.85398937582241,98.94705135664496,100.83538818359375,578400,0.0,0.0
2022-08-19 00:00:00-04:00,100.3192621834472,100.3192621834472,97.62205674813231,97.6687240600586,625900,0.357,0.0
2022-08-22 00:00:00-04:00,96.07280320472998,96.95009030834426,94.69153190221611,96.1474609375,606600,0.0,0.0
2022-08-23 00:00:00-04:00,96.8194416014999,100.01129680188254,96.8194416014999,99.36732482910156,540600,0.0,0.0
2022-08-24 00:00:00-04:00,98.67670044222488,99.76864743143679,97.33276130446643,97.9860610961914,729700,0.0,0.0
2022-08-25 00:00:00-04:00,98.54601658449329,102.94181557905459,98.54601658449329,102.68048858642578,796200,0.0,0.0
2022-08-26 00:00:00-04:00,102.596504909527,102.66183488327175,98.50869986571264,99.83396911621094,588600,0.0,0.0
2022-08-29 00:00:00-04:00,97.4167357709264,97.4167357709264,94.62620272326498,95.83014678955078,992600,0.0,0.0
2022-08-30 00:00:00-04:00,95.66216563029252,95.66216563029252,92.14366764692993,93.77692413330078,722900,0.0,0.0
2022-08-31 00:00:00-04:00,93.16095550360205,93.61826535456431,91.5743662375668,92.05033874511719,654500,0.0,0.0
2022-09-01 00:00:00-04:00,90.78105776589386,90.78105776589386,88.39183915514343,89.81977081298828,525800,0.0,0.0
2022-09-02 00:00:00-04:00,91.25703712442204,91.67702163004927,88.81182343389366,89.37179565429688,467100,0.0,0.0
2022-09-06 00:00:00-04:00,90.77173343169875,91.35970321880464,88.72782726822102,89.29713439941406,772500,0.0,0.0
2022-09-07 00:00:00-04:00,88.66247805150158,91.36901827926538,88.03717596783147,90.98636627197266,461700,0.0,0.0
2022-09-08 00:00:00-04:00,89.95042879819344,91.59302011746279,88.94248166904525,91.3876953125,483700,0.0,0.0
2022-09-09 00:00:00-04:00,93.15161154392662,94.01024319247267,92.6663041951249,93.53426361083984,263000,0.0,0.0
2022-09-12 00:00:00-04:00,94.64487690930254,96.07280848319756,93.9729074344266,94.6728744506836,513200,0.0,0.0
2022-09-13 00:00:00-04:00,91.63035771914544,92.5076520733438,87.6172102695501,87.70121002197266,740300,0.0,0.0
2022-09-14 00:00:00-04:00,87.26256828387027,87.45855822449428,83.79073020325329,85.75997161865234,1180600,0.0,0.0
2022-09-15 00:00:00-04:00,85.21863793891053,88.4478178439853,85.21863793891053,87.62652587890625,1163000,0.0,0.0
2022-09-16 00:00:00-04:00,86.08660880243073,86.25460117249638,84.05203770738346,84.78933715820312,1152800,0.0,0.0
2022-09-19 00:00:00-04:00,82.79210019761749,86.55325526666566,82.40945525373884,86.1332778930664,778300,0.0,0.0
2022-09-20 00:00:00-04:00,83.94005352755387,83.94005352755387,80.22555846693281,83.29608154296875,1050600,0.0,0.0
2022-09-21 00:00:00-04:00,83.34274036244287,84.47201960196932,80.7855224609375,80.7855224609375,870900,0.0,0.0
2022-09-22 00:00:00-04:00,81.19616014130261,81.77480200681437,79.00293195237671,80.02954864501953,834600,0.0,0.0
2022-09-23 00:00:00-04:00,77.61235600309226,78.25632089765539,75.86710212498771,77.4163589477539,844800,0.0,0.0
2022-09-26 00:00:00-04:00,76.80970627144235,79.85222402638229,75.93241211905398,76.29639434814453,1011900,0.0,0.0
2022-09-27 00:00:00-04:00,77.65900386161663,78.85361305808313,76.9123766740413,77.3603515625,902500,0.0,0.0
2022-09-28 00:00:00-04:00,77.73366775604248,80.48686838199238,77.57501028169172,80.05755615234375,1525400,0.0,0.0
2022-09-29 00:00:00-04:00,78.87228632418608,79.71224817777706,77.29502501691152,79.58158111572266,673900,0.0,0.0
2022-09-30 00:00:00-04:00,79.60959085822113,81.62549231505308,78.90028890098708,81.08418273925781,959300,0.0,0.0
2022-10-03 00:00:00-04:00,82.92276059337172,84.9853292837547,81.8121510649704,84.28536224365234,701000,0.0,0.0
2022-10-04 00:00:00-04:00,83.94937489963758,86.88923780127391,83.94937489963758,86.63725280761719,669300,0.0,0.0
2022-10-05 00:00:00-04:00,84.67732583329166,85.61994272716225,83.87469661246948,84.83598327636719,940100,0.0,0.0
2022-10-06 00:00:00-04:00,84.23871444352173,85.95596375014985,83.8094021168647,84.19204711914062,788500,0.0,0.0
2022-10-07 00:00:00-04:00,83.27742219335674,84.67735639251117,82.47479268287353,82.92276763916016,783200,0.0,0.0
2022-10-10 00:00:00-04:00,83.54806889642482,84.45336080723722,82.40946174224614,83.32408142089844,550400,0.0,0.0
2022-10-11 00:00:00-04:00,82.25078060786473,83.50139192934148,80.72952166470614,82.12945556640625,668200,0.0,0.0
2022-10-12 00:00:00-04:00,82.0081415387897,83.05342110203222,81.16817966087483,82.28812408447266,624900,0.0,0.0
2022-10-13 00:00:00-04:00,80.08556261532091,85.43331410912977,79.67492011362734,84.46269226074219,699600,0.0,0.0
2022-10-14 00:00:00-04:00,91.09836953910802,91.09836953910802,86.14260561307815,86.3479232788086,2897100,0.0,0.0
2022-10-17 00:00:00-04:00,85.87196297291177,88.59716641626554,85.8626280848334,86.48793029785156,8056900,0.0,0.0
2022-10-18 00:00:00-04:00,87.7572098843154,88.75582935697157,86.57193536123954,87.6078872680664,1047900,0.0,0.0
2022-10-19 00:00:00-04:00,86.9452383456673,88.1118500208479,85.67596427343621,85.82528686523438,1242400,0.0,0.0
2022-10-20 00:00:00-04:00,85.94663280937263,88.17720142535804,83.37075873110088,83.88406372070312,1084100,0.0,0.0
2022-10-21 00:00:00-04:00,84.08938116849906,88.1865214377262,83.91206100825644,87.77587890625,657800,0.0,0.0
2022-10-24 00:00:00-04:00,88.5225079960897,88.9891527479093,87.19723860982619,88.41984558105469,481700,0.0,0.0
2022-10-25 00:00:00-04:00,88.09319719764159,91.11705324784396,87.43989738200445,90.91173553466797,642700,0.0,0.0
2022-10-26 00:00:00-04:00,91.86367840398968,92.97429509847686,90.46374426623942,91.39703369140625,604100,0.0,0.0
2022-10-27 00:00:00-04:00,92.00367175113846,93.40360586620594,91.47169707223014,91.73301696777344,602900,0.0,0.0
2022-10-28 00:00:00-04:00,90.12776284588803,91.9663442209189,89.39046331821184,91.55569458007812,615600,0.0,0.0
2022-10-31 00:00:00-04:00,91.54634726405027,92.10632656024454,89.91309093115954,90.2024154663086,750600,0.0,0.0
2022-11-01 00:00:00-04:00,91.7236869676554,92.32099165227827,90.23976014441737,91.55569458007812,744300,0.0,0.0
2022-11-02 00:00:00-04:00,91.03304644411472,93.06761756536288,89.19446523706162,89.6611099243164,1052600,0.0,0.0
2022-11-03 00:00:00-04:00,83.94005926675622,88.49450942857798,82.06414539237748,86.4599380493164,2775600,0.0,0.0
2022-11-04 00:00:00-04:00,87.88785845919607,93.39426717851244,87.49587863182936,93.33827209472656,1354600,0.0,0.0
2022-11-07 00:00:00-05:00,92.89962281808037,94.00090453666382,91.36902885265019,93.07695007324219,1172900,0.0,0.0
2022-11-08 00:00:00-05:00,94.11290463845926,95.50351104446365,92.99296014760525,94.55155181884766,743400,0.0,0.0
2022-11-09 00:00:00-05:00,93.82357710036314,94.3742215188081,90.25841207258325,90.5477294921875,1189200,0.0,0.0
2022-11-10 00:00:00-05:00,94.38355535999119,99.45131713520479,93.25427602965874,99.06867218017578,1113800,0.0,0.0
2022-11-11 00:00:00-05:00,100.9912526435314,105.93768968022079,99.74997594015069,105.8070297241211,1134200,0.0,0.0
2022-11-14 00:00:00-05:00,104.46309104592423,105.82569282268113,103.51113891601562,103.51113891601562,738900,0.0,0.0
2022-11-15 00:00:00-05:00,102.88582506038782,104.14576437036364,100.77659606933594,100.77659606933594,728000,0.0,0.0
2022-11-16 00:00:00-05:00,99.9272955319244,100.38460534309904,97.43541454884458,98.40603637695312,721500,0.0,0.0
2022-11-17 00:00:00-05:00,96.30614087400998,97.48208045735018,95.50351137529202,97.29542541503906,429500,0.0,0.0
2022-11-18 00:00:00-05:00,98.45269387982329,98.48069142172008,96.54878270608013,97.46340942382812,410300,0.0,0.0
2022-11-21 00:00:00-05:00,95.88613881182374,96.9314253707235,94.30888476758396,95.97013854980469,463400,0.0,0.0
2022-11-22 00:00:00-05:00,97.29542679764974,100.0952951947044,97.29542679764974,99.55398559570312,458100,0.0,0.0
2022-11-23 00:00:00-05:00,99.20468848697674,100.02873843395507,98.80202617490193,99.54180145263672,334700,0.357,0.0
2022-11-25 00:00:00-05:00,99.56988766881953,100.42202912650946,99.2421409543234,99.63543701171875,98100,0.0,0.0
2022-11-28 00:00:00-05:00,98.0060715128269,98.40872669587718,95.31853391888967,95.73992156982422,488700,0.0,0.0
2022-11-29 00:00:00-05:00,96.479684229981,100.40329984930833,96.479684229981,100.35647583007812,598900,0.0,0.0
2022-11-30 00:00:00-05:00,100.51567315838253,101.42400489855244,97.3880227791818,100.80596923828125,862800,0.0,0.0
2022-12-01 00:00:00-05:00,101.97651297840838,103.02530264786016,100.2628563864871,101.08690643310547,473100,0.0,0.0
2022-12-02 00:00:00-05:00,100.2534816181332,103.3811393238552,100.2534816181332,101.7330322265625,440700,0.0,0.0
2022-12-05 00:00:00-05:00,100.89962075101498,101.79858635235709,100.16921164644597,100.53441619873047,486600,0.0,0.0
2022-12-06 00:00:00-05:00,100.61869502375858,101.33974506804157,98.5679325635273,99.58863067626953,483800,0.0,0.0
2022-12-07 00:00:00-05:00,99.01741412989426,100.65615517612126,99.01741412989426,99.8789291381836,416300,0.0,0.0
2022-12-08 00:00:00-05:00,101.29292541158557,101.6206721984344,99.91638176247632,100.14112854003906,468300,0.0,0.0
2022-12-09 00:00:00-05:00,99.72909795610059,101.4521136839913,99.72909795610059,99.8789291381836,379000,0.0,0.0
2022-12-12 00:00:00-05:00,99.77591137327462,101.54575094339178,98.85821334149306,101.50829315185547,384300,0.0,0.0
2022-12-13 00:00:00-05:00,104.93559530084704,105.5630043570274,102.42598050915454,103.58715057373047,553500,0.0,0.0
2022-12-14 00:00:00-05:00,103.35302989111003,104.83257309930315,102.33232490054372,103.16574096679688,576600,0.0,0.0
2022-12-15 00:00:00-05:00,100.76853127611965,101.75177878806976,97.7532465267731,98.36192321777344,585900,0.0,0.0
2022-12-16 00:00:00-05:00,97.40675987966614,97.94988717163453,94.9907929136761,96.77935791015625,1565600,0.0,0.0
2022-12-19 00:00:00-05:00,97.09772542232676,98.7083744947701,95.6369003491835,96.64823913574219,377600,0.0,0.0
2022-12-20 00:00:00-05:00,96.95726292738829,98.34316531890447,96.64824154418207,96.82616424560547,313400,0.0,0.0
2022-12-21 00:00:00-05:00,96.92918102659816,99.26087312119896,96.92918102659816,98.44618225097656,301800,0.0,0.0
2022-12-22 00:00:00-05:00,96.98537220327141,97.00409752794386,94.70986303318386,96.77935791015625,245000,0.0,0.0
2022-12-23 00:00:00-05:00,96.87298338314702,98.63346368421507,96.08639127408108,98.41808319091797,475500,0.0,0.0
2022-12-27 00:00:00-05:00,98.55855479118976,99.26087228376356,98.38999830719834,99.06422424316406,262000,0.0,0.0
2022-12-28 00:00:00-05:00,99.42006642906979,99.53243980424752,96.31114115925226,96.70443725585938,560700,0.0,0.0
2022-12-29 00:00:00-05:00,96.22687462544046,97.29439677472331,95.41218366126404,96.47970581054688,794200,0.0,0.0
2022-12-30 00:00:00-05:00,95.82418786159923,96.25494167668705,95.03758865779471,96.02083587646484,451100,0.0,0.0
2023-01-03 00:00:00-05:00,96.21749708784088,97.06027951309933,91.96613431539761,92.73400115966797,1149400,0.0,0.0
2023-01-04 00:00:00-05:00,93.41760448764757,94.04500647856283,91.81632126063478,93.79217529296875,1486700,0.0,0.0
2023-01-05 00:00:00-05:00,93.16476803110149,95.70247475027446,91.94742181975863,95.49646759033203,701400,0.0,0.0
2023-01-06 00:00:00-05:00,97.84687440304232,101.55511003301845,97.6127685641978,101.50829315185547,627800,0.0,0.0
2023-01-09 00:00:00-05:00,101.69557108959637,103.63396707558346,100.88088737384452,102.20124053955078,387000,0.0,0.0
2023-01-10 00:00:00-05:00,101.61129617360955,103.7650655170687,101.55510591641118,103.72760772705078,426900,0.0,0.0
2023-01-11 00:00:00-05:00,105.2726987079987,105.42252985537253,103.86806385090956,104.6546630859375,444100,0.0,0.0
2023-01-12 00:00:00-05:00,105.12288805097447,107.25793216171238,104.03663352763441,107.1923828125,286900,0.0,0.0
2023-01-13 00:00:00-05:00,106.73353991713958,107.22984316507835,105.60982757536286,107.11746978759766,376500,0.0,0.0
2023-01-17 00:00:00-05:00,106.67735073524621,106.92082281674534,104.99179292204717,105.113525390625,352100,0.0,0.0
2023-01-18 00:00:00-05:00,106.49006774264923,107.85724501789353,104.25201643965454,104.34565734863281,370400,0.0,0.0
2023-01-19 00:00:00-05:00,103.35305974273918,104.0460111019892,101.05881798156179,103.53097534179688,308600,0.0,0.0
2023-01-20 00:00:00-05:00,103.877446796292,106.8927312510598,102.93165717327037,106.6679916381836,371300,0.0,0.0
2023-01-23 00:00:00-05:00,107.27665440269026,108.1194368285909,106.2184986117135,107.49203491210938,234100,0.0,0.0
2023-01-24 00:00:00-05:00,106.09677239219926,107.31411850625338,105.78775096046616,106.86463928222656,307600,0.0,0.0
2023-01-25 00:00:00-05:00,105.244612692639,108.9341227309498,105.12288023724813,108.85920715332031,506700,0.0,0.0
2023-01-26 00:00:00-05:00,108.56893464896575,109.94547823274802,106.91146117873429,109.71137237548828,366600,0.0,0.0
2023-01-27 00:00:00-05:00,109.40234991125064,113.71926245049791,109.22442717519884,113.0169448852539,658600,0.0,0.0
2023-01-30 00:00:00-05:00,111.92131564511101,113.82226104680191,111.51865331884943,111.85576629638672,463500,0.0,0.0
2023-01-31 00:00:00-05:00,112.64236799584391,114.94596862792969,111.86513488436907,114.94596862792969,1311700,0.0,0.0
2023-02-01 00:00:00-05:00,114.402844176076,117.28702994034938,113.75671689324084,116.25696563720703,530000,0.0,0.0
2023-02-02 00:00:00-05:00,116.9967351685858,118.06425721178087,115.63891702989511,116.65962219238281,484900,0.0,0.0
2023-02-03 00:00:00-05:00,115.87302232229351,118.28899625895454,115.37671909419853,116.99673461914062,494500,0.0,0.0
2023-02-06 00:00:00-05:00,116.2195099752761,116.65963012102802,114.13128262766921,115.04898071289062,451000,0.0,0.0
2023-02-07 00:00:00-05:00,114.19680049751852,116.08837926487396,113.6443142672732,115.77935791015625,379400,0.0,0.0
2023-02-08 00:00:00-05:00,114.72122866463154,115.3767221636402,113.42895984609545,113.78480529785156,323100,0.0,0.0
2023-02-09 00:00:00-05:00,115.01151127053546,115.9666599083911,112.48317117759656,112.9420166015625,434200,0.0,0.0
2023-02-10 00:00:00-05:00,112.79218714637642,115.05833703278077,112.58618001519696,114.95532989501953,477000,0.0,0.0
2023-02-13 00:00:00-05:00,115.0396236112453,117.35259076043792,114.62760213632936,117.03421020507812,549600,0.0,0.0
2023-02-14 00:00:00-05:00,116.36931150477918,116.78134001165951,114.55265529897696,116.29440307617188,371500,0.0,0.0
2023-02-15 00:00:00-05:00,113.40087999311444,115.8824036000861,113.40087999311444,115.69512176513672,457600,0.0,0.0
2023-02-16 00:00:00-05:00,113.97208532264735,117.34320796121676,112.84838015790527,116.06967163085938,822900,0.0,0.0
2023-02-17 00:00:00-05:00,115.34862382806337,115.93856794250715,113.76606614500345,114.72122192382812,590300,0.0,0.0
2023-02-21 00:00:00-05:00,113.2229594075731,113.77544579738652,106.30278374471361,107.33285522460938,955200,0.0,0.0
2023-02-22 00:00:00-05:00,108.60638484608624,111.54675363603288,107.53885563886261,111.06917572021484,705000,0.0,0.0
2023-02-23 00:00:00-05:00,112.37081120431831,113.74735478466623,110.57287993969173,112.42699432373047,428100,0.0,0.0
2023-02-24 00:00:00-05:00,111.0410872963066,113.76607564603667,109.64581130133628,113.6537094116211,435100,0.0,0.0
2023-02-27 00:00:00-05:00,113.4102255697968,114.19681770651451,112.26778800941301,113.0450210571289,975000,0.0,0.0
2023-02-28 00:00:00-05:00,112.76984993159827,113.89688812694759,111.66159260110668,111.89639282226562,816100,0.357,0.0
2023-03-01 00:00:00-05:00,112.02787871556106,114.95818801186678,112.02787871556106,114.30074310302734,489200,0.0,0.0
2023-03-02 00:00:00-05:00,113.03281932820714,115.42778432937162,112.23450004966357,115.13662719726562,460200,0.0,0.0
2023-03-03 00:00:00-05:00,115.56867177480477,117.48463527468962,114.49798333906095,116.99625396728516,491000,0.0,0.0
2023-03-06 00:00:00-05:00,116.5829898870687,116.69569655991775,112.5162559678483,113.3145751953125,485000,0.0,0.0
2023-03-07 00:00:00-05:00,113.36153829611482,113.6433014137674,109.98981072668319,110.43123626708984,413300,0.0,0.0
2023-03-08 00:00:00-05:00,110.65664377541037,111.76490106418073,109.88649936562308,111.27651977539062,415600,0.0,0.0
2023-03-09 00:00:00-05:00,111.5958544095084,111.89639842100823,106.53356196127213,106.8059310913086,693300,0.0,0.0
2023-03-10 00:00:00-05:00,106.23299294433173,106.58049978682956,102.86125866735547,103.71593475341797,643000,0.0,0.0
2023-03-13 00:00:00-04:00,98.2591936219391,103.7347290266103,96.39957282177254,101.93146514892578,672600,0.0,0.0
2023-03-14 00:00:00-04:00,104.19495037128324,105.61313857426059,101.45247829136264,102.84249877929688,396500,0.0,0.0
2023-03-15 00:00:00-04:00,99.58346415050069,100.26908391813136,97.46086824081078,99.49893951416016,665600,0.0,0.0
2023-03-16 00:00:00-04:00,98.17465964237905,100.89834342780287,96.82220818136122,100.63536834716797,498600,0.0,0.0
2023-03-17 00:00:00-04:00,99.64920471717944,100.32543044828503,97.95864755494901,98.1746597290039,826700,0.0,0.0
2023-03-20 00:00:00-04:00,99.71495229777054,102.08174244708147,99.55528987336213,100.98287200927734,431500,0.0,0.0
2023-03-21 00:00:00-04:00,104.20432254962587,104.27946033094256,102.48559058658944,103.14302825927734,382700,0.0,0.0
2023-03-22 00:00:00-04:00,103.10546379462122,103.6126330919802,100.10002406827185,100.11880493164062,488100,0.0,0.0
2023-03-23 00:00:00-04:00,100.6635373454203,103.06788898854343,99.82764924556786,100.59779357910156,560300,0.0,0.0
2023-03-24 00:00:00-04:00,99.63042657359807,102.19444084757966,99.07629435332952,102.08174133300781,427400,0.0,0.0
2023-03-27 00:00:00-04:00,103.31209128674155,105.1059683112675,102.34471557845109,103.8756103515625,783000,0.0,0.0
2023-03-28 00:00:00-04:00,103.72535418667749,106.71201346480544,103.54690371496862,106.46781921386719,683500,0.0,0.0
2023-03-29 00:00:00-04:00,108.27105034058218,108.72186980772759,106.2329866393615,106.74954986572266,421200,0.0,0.0
2023-03-30 00:00:00-04:00,108.10201438625883,108.50587103085,106.08273116330295,106.75895690917969,514100,0.0,0.0
2023-03-31 00:00:00-04:00,107.36005682134956,109.37934026911651,106.89045635282397,108.92852783203125,465800,0.0,0.0
2023-04-03 00:00:00-04:00,109.88649475661094,112.140578133443,109.06000062350373,110.26217651367188,398900,0.0,0.0
2023-04-04 00:00:00-04:00,109.07878019883358,109.3229744128697,106.50537201648406,106.95618438720703,490900,0.0,0.0
2023-04-05 00:00:00-04:00,105.39711504478052,107.82964168014699,104.86177087478067,107.62301635742188,681400,0.0,0.0
2023-04-06 00:00:00-04:00,106.78712882332118,106.89044148526966,104.77723967083296,106.0733413696289,684100,0.0,0.0
2023-04-10 00:00:00-04:00,107.01253098047752,109.29478898792244,106.55231747429659,108.48707580566406,428800,0.0,0.0
2023-04-11 00:00:00-04:00,108.75945647830187,109.76440105666269,108.38377472183736,108.83458709716797,467000,0.0,0.0
2023-04-12 00:00:00-04:00,111.94334197190909,112.61017365816514,110.2997406258386,110.4030532836914,639500,0.0,0.0
2023-04-13 00:00:00-04:00,109.773787793744,112.37537804304561,109.03181829600409,111.68975830078125,420300,0.0,0.0
2023-04-14 00:00:00-04:00,111.98092142330314,112.7604526894364,109.59535038473415,110.93840789794922,303300,0.0,0.0
2023-04-17 00:00:00-04:00,109.79257477744227,111.29529462193129,109.64229921022665,111.1168441772461,308000,0.0,0.0
2023-04-18 00:00:00-04:00,111.71794972844475,112.1875502017304,110.14948586739894,111.62403106689453,353200,0.0,0.0
2023-04-19 00:00:00-04:00,110.95718572833243,111.46435503751805,109.614128251841,111.04171752929688,294600,0.0,0.0
2023-04-20 00:00:00-04:00,109.79258444642906,110.24339685671026,108.0832391292502,108.74067687988281,325100,0.0,0.0
2023-04-21 00:00:00-04:00,108.00808734508882,108.42133797224933,106.5241484253153,107.36943054199219,353000,0.0,0.0
2023-04-24 00:00:00-04:00,108.03625663032507,108.78762006527197,107.21915659776803,108.75944519042969,273500,0.0,0.0
2023-04-25 00:00:00-04:00,106.75897132540155,107.11587227588275,103.65961245898883,103.81927490234375,344400,0.0,0.0
2023-04-26 00:00:00-04:00,103.32150231510192,104.28887818268794,102.13810706823742,102.3823013305664,481000,0.0,0.0
2023-04-27 00:00:00-04:00,103.25574663195539,104.60819102124543,102.29775772544367,104.52366638183594,381000,0.0,0.0
2023-04-28 00:00:00-04:00,104.5988037923562,106.90923707977953,104.34521554397926,106.86227416992188,423800,0.0,0.0
2023-05-01 00:00:00-04:00,106.30815454612558,106.97498634020384,105.50044118078358,106.47721099853516,488200,0.0,0.0
2023-05-02 00:00:00-04:00,104.41095529616301,105.66948814341796,102.48559788024912,105.48164367675781,752700,0.0,0.0
2023-05-03 00:00:00-04:00,105.90427701368937,108.12079132422646,105.21865732347142,105.40650177001953,975400,0.0,0.0
2023-05-04 00:00:00-04:00,109.7737798661522,114.45100270224994,105.50042080024154,109.7174301147461,969300,0.0,0.0
2023-05-05 00:00:00-04:00,113.27700026244341,115.50290856513786,110.9383924584443,113.91565704345703,567700,0.0,0.0
2023-05-08 00:00:00-04:00,115.0896753838276,115.39961339042459,110.98536500539645,111.41739654541016,534000,0.0,0.0
2023-05-09 00:00:00-04:00,109.27601351725185,111.6334095719502,109.08817622025022,110.95718383789062,377500,0.0,0.0
2023-05-10 00:00:00-04:00,112.43174924550799,112.6571554759412,107.172225153679,108.32743835449219,521100,0.0,0.0
2023-05-11 00:00:00-04:00,106.89986433670414,108.03629675916483,105.77282593119111,106.50540161132812,411700,0.0,0.0
2023-05-12 00:00:00-04:00,107.06890462237196,107.79208617619673,106.24241039435303,107.51033020019531,238400,0.0,0.0
2023-05-15 00:00:00-04:00,108.32741991437906,109.07878344196818,107.25673154516146,108.28046417236328,273900,0.0,0.0
2023-05-16 00:00:00-04:00,107.62302676132495,107.62302676132495,106.13909479795703,106.30815124511719,366400,0.0,0.0
2023-05-17 00:00:00-04:00,107.14403133499181,109.44507047927448,106.41145584140087,108.89094543457031,337600,0.0,0.0
2023-05-18 00:00:00-04:00,108.26167658024775,110.18704114901018,107.45397045829868,110.00859069824219,348000,0.0,0.0
2023-05-19 00:00:00-04:00,110.92900074078756,111.66157617656191,109.17269276526552,109.22904968261719,327500,0.0,0.0
2023-05-22 00:00:00-04:00,109.46175512012248,110.50747861130462,109.04723202449077,109.44290924072266,379300,0.357,0.0
2023-05-23 00:00:00-04:00,108.92475585709867,110.62051833130094,108.26528668302288,109.05664825439453,331900,0.0,0.0
2023-05-24 00:00:00-04:00,108.55733640457349,108.5950137845107,106.72025147219482,107.11592864990234,344900,0.0,0.0
2023-05-25 00:00:00-04:00,106.17384086979058,107.05941027825222,103.34756286416071,105.16580200195312,486400,0.0,0.0
2023-05-26 00:00:00-04:00,105.9571751425628,106.59779851457753,104.72303591213932,105.40133666992188,306700,0.0,0.0
2023-05-30 00:00:00-04:00,105.11871616081692,105.11871616081692,101.84965300065429,102.1605453491211,444600,0.0,0.0
2023-05-31 00:00:00-04:00,101.3126430375122,101.56700488693974,97.29932639168129,97.93052673339844,1086300,0.0,0.0
2023-06-01 00:00:00-04:00,98.16606317487967,99.84299433308388,97.29933955665999,99.18352508544922,437800,0.0,0.0
2023-06-02 00:00:00-04:00,101.7460102304501,107.44567386376866,101.50106411922006,106.46589660644531,713100,0.0,0.0
2023-06-05 00:00:00-04:00,105.91948080791738,106.15500397904701,103.31930298611925,105.0527572631836,483900,0.0,0.0
2023-06-06 00:00:00-04:00,103.90340410197409,106.61662847363455,103.90340410197409,106.26805877685547,619300,0.0,0.0
2023-06-07 00:00:00-04:00,106.73910843336117,109.36754080649038,106.0419546429942,109.33927917480469,525000,0.0,0.0
2023-06-08 00:00:00-04:00,109.48059029303789,109.48059029303789,104.82665011925755,105.90064239501953,527100,0.0,0.0
2023-06-09 00:00:00-04:00,106.16442763096282,106.16442763096282,104.13892690813417,104.94912719726562,752700,0.0,0.0
2023-06-12 00:00:00-04:00,104.60054360871473,106.1738365765411,103.95049739367423,105.88179016113281,507900,0.0,0.0
2023-06-13 00:00:00-04:00,107.35145839868092,109.90453589578696,107.0311503363705,109.30158996582031,523000,0.0,0.0
2023-06-14 00:00:00-04:00,109.9516384043686,111.0444693888987,106.5695290537288,107.10652160644531,495800,0.0,0.0
2023-06-15 00:00:00-04:00,106.55068417582872,109.17912370201181,106.34342262939467,108.98128509521484,377500,0.0,0.0
2023-06-16 00:00:00-04:00,109.14144491679387,109.14144491679387,106.88984379316715,108.05803680419922,676600,0.0,0.0
2023-06-20 00:00:00-04:00,105.53321552763411,106.10789261934428,102.85767585073792,104.7230224609375,679400,0.0,0.0
2023-06-21 00:00:00-04:00,104.28024141608935,106.6166272456546,103.3193028540546,105.24117279052734,591300,0.0,0.0
2023-06-22 00:00:00-04:00,103.10263274877869,104.42155684727769,101.61412448036151,103.92224884033203,451100,0.0,0.0
2023-06-23 00:00:00-04:00,102.56563420128298,106.50358195039674,101.12422634162911,106.26805877685547,860500,0.0,0.0
2023-06-26 00:00:00-04:00,104.66649704486413,108.1239755127333,104.66649704486413,107.86961364746094,458400,0.0,0.0
2023-06-27 00:00:00-04:00,107.35145880241883,110.12121360207003,106.44705068546261,109.9610595703125,504900,0.0,0.0
2023-06-28 00:00:00-04:00,109.8480147564102,110.5074840032375,108.65156010963666,109.94222259521484,392700,0.0,0.0
2023-06-29 00:00:00-04:00,109.72553381089742,112.03365796444261,109.42406444568829,111.97713470458984,370700,0.0,0.0
2023-06-30 00:00:00-04:00,112.89096515080328,112.97575004014038,111.22345711787446,112.55181121826172,358400,0.0,0.0
2023-07-03 00:00:00-04:00,112.7967641365473,114.25700353491956,112.5895025888513,113.40911865234375,167600,0.0,0.0
2023-07-05 00:00:00-04:00,111.69451195923946,112.57065848713742,110.61111106796966,110.64878845214844,510300,0.0,0.0
2023-07-06 00:00:00-04:00,108.94359624019843,110.4415273293241,107.61524930748374,109.69727325439453,385100,0.0,0.0
2023-07-07 00:00:00-04:00,110.16832716983143,114.2570062059737,110.03643476141374,113.56928253173828,549900,0.0,0.0
2023-07-10 00:00:00-04:00,112.84386393812191,115.34983400308286,112.84386393812191,114.45484161376953,391600,0.0,0.0
2023-07-11 00:00:00-04:00,115.48172466930902,117.24343341486468,115.42519421985166,116.64991760253906,560400,0.0,0.0
2023-07-12 00:00:00-04:00,118.86383513240307,122.03868295533798,118.83557350120495,121.73722076416016,957000,0.0,0.0
2023-07-13 00:00:00-04:00,122.00100815942764,122.83947011153873,120.81397649835178,121.99159240722656,585200,0.0,0.0
2023-07-14 00:00:00-04:00,121.54880807238854,121.54880807238854,117.61085298515098,118.48699951171875,454100,0.0,0.0
2023-07-17 00:00:00-04:00,117.76158905029297,118.18552789583522,115.92451113614719,117.76158905029297,438100,0.0,0.0
2023-07-18 00:00:00-04:00,118.23262984240864,120.83280043120398,118.23262984240864,120.38059997558594,376800,0.0,0.0
2023-07-19 00:00:00-04:00,120.25812981501335,120.83279972659423,119.25950670511985,120.4842300415039,323400,0.0,0.0
2023-07-20 00:00:00-04:00,121.71837820743777,121.98216302261645,120.06971592497388,120.93643951416016,374900,0.0,0.0
2023-07-21 00:00:00-04:00,120.48424658740736,122.41553968594278,119.5421537954579,122.35901641845703,445600,0.0,0.0
2023-07-24 00:00:00-04:00,122.47206154682996,123.90404659920135,120.9929689803631,121.14370727539062,415100,0.0,0.0
2023-07-25 00:00:00-04:00,121.9444874010977,126.35347455441126,121.9444874010977,124.03593444824219,473700,0.0,0.0
2023-07-26 00:00:00-04:00,123.7533118901005,126.22159044811914,123.54605032223073,125.72228240966797,339100,0.0,0.0
2023-07-27 00:00:00-04:00,125.71286227774685,129.07612601158166,125.08166184310996,127.00352478027344,669700,0.0,0.0
2023-07-28 00:00:00-04:00,128.3601207189708,130.3761983703014,128.06807430397131,129.14205932617188,471000,0.0,0.0
2023-07-31 00:00:00-04:00,129.28341163989495,129.95230396018786,128.0115947811712,129.53778076171875,388400,0.0,0.0
2023-08-01 00:00:00-04:00,128.32246352998698,129.52834113499873,127.95504792182238,128.88771057128906,352800,0.0,0.0
2023-08-02 00:00:00-04:00,126.39116418871326,128.88770417475263,126.27810328590795,126.60784149169922,652200,0.0,0.0
2023-08-03 00:00:00-04:00,125.80707656353947,128.02100057622306,124.7896289057918,124.8555679321289,1065000,0.0,0.0
2023-08-04 00:00:00-04:00,124.79901011565973,126.34404143242871,123.34817943546894,123.489501953125,520400,0.0,0.0
2023-08-07 00:00:00-04:00,124.29971245707634,126.46652853024457,123.60255868782582,126.19331359863281,412600,0.0,0.0
2023-08-08 00:00:00-04:00,122.00097834515499,125.22293295944044,121.15310084804486,124.91204071044922,390900,0.0,0.0
2023-08-09 00:00:00-04:00,125.00629589006437,126.85278972733508,123.99824969430902,125.0816650390625,599000,0.0,0.0
2023-08-10 00:00:00-04:00,126.28755108985565,126.5890133307457,123.26342667622353,124.50699615478516,600300,0.0,0.0
2023-08-11 00:00:00-04:00,124.24319392264945,125.40196395633622,123.37647033544361,124.52581024169922,375000,0.0,0.0
2023-08-14 00:00:00-04:00,124.45986222133448,126.77741649623376,123.19746150359583,126.34404754638672,422600,0.0,0.0
2023-08-15 00:00:00-04:00,124.56349443318061,124.65770945060267,122.07637035028822,122.54741668701172,499800,0.0,0.0
2023-08-16 00:00:00-04:00,122.47205060553694,124.05475943634627,122.07637339783462,122.41552734375,340100,0.0,0.0
2023-08-17 00:00:00-04:00,123.23514415604735,125.79763745773731,123.22572840408893,123.4424057006836,370000,0.0,0.0
2023-08-18 00:00:00-04:00,122.10464866011525,124.02651165139083,121.26618664122023,122.81121826171875,375100,0.0,0.0
2023-08-21 00:00:00-04:00,123.69676984505763,124.75190903026937,123.0373078543003,123.50835418701172,431700,0.0,0.0
2023-08-22 00:00:00-04:00,123.92287007942474,125.10048597957403,122.13289966127546,122.94309997558594,386900,0.0,0.0
2023-08-23 00:00:00-04:00,123.08439763335076,123.62139733810123,121.25674998739643,122.40608978271484,340000,0.0,0.0
2023-08-24 00:00:00-04:00,121.42256308683282,123.60720227697362,121.42256308683282,122.67093658447266,236100,0.5,0.0
2023-08-25 00:00:00-04:00,123.89091390401035,124.59076090280487,122.12239936916762,124.0989761352539,337700,0.0,0.0
2023-08-28 00:00:00-04:00,124.72313981479425,126.01878802695799,124.2691780681774,124.75151062011719,283600,0.0,0.0
2023-08-29 00:00:00-04:00,124.89339426959076,126.89834195182154,124.12735348272818,126.78485870361328,259200,0.0,0.0
2023-08-30 00:00:00-04:00,126.73757485772866,127.72114448848474,125.83913209765291,125.96208190917969,421000,0.0,0.0
2023-08-31 00:00:00-04:00,125.69725684572192,125.69725684572192,123.52207013007244,123.87198638916016,821200,0.0,0.0
2023-09-01 00:00:00-04:00,125.16765962245626,126.56733920631974,124.25975038138968,125.4986572265625,702800,0.0,0.0
2023-09-05 00:00:00-04:00,123.48425227975969,124.1557140170455,120.73216829270237,120.78890991210938,609800,0.0,0.0
2023-09-06 00:00:00-04:00,120.44844896942686,122.1885926875978,118.87853011400568,120.67542266845703,428100,0.0,0.0
2023-09-07 00:00:00-04:00,119.8431671310181,120.70377954884209,116.64658816816709,117.92333221435547,743400,0.0,0.0
2023-09-08 00:00:00-04:00,118.32055404207532,119.63512119976855,117.68691521088641,118.15032196044922,557100,0.0,0.0
2023-09-11 00:00:00-04:00,119.46487854737363,120.22146711329088,117.24240955611624,117.4693832397461,381500,0.0,0.0
2023-09-12 00:00:00-04:00,116.97760982389427,118.63264105642084,116.97760982389427,117.72473907470703,301300,0.0,0.0
2023-09-13 00:00:00-04:00,117.35590032953048,117.85714443548594,115.85218965775546,117.17621612548828,487700,0.0,0.0
2023-09-14 00:00:00-04:00,119.10550142917353,120.91184596462067,118.55697508664191,120.7983627319336,443200,0.0,0.0
2023-09-15 00:00:00-04:00,120.08906344158301,120.54301080220874,118.64208728926006,120.36331939697266,1382400,0.0,0.0
2023-09-18 00:00:00-04:00,120.44844044132945,121.91432807770526,120.00394520131756,120.23091888427734,279000,0.0,0.0
2023-09-19 00:00:00-04:00,120.65650578643437,121.11991972100716,118.0651945785963,118.87852478027344,401400,0.0,0.0
2023-09-20 00:00:00-04:00,119.92830565750934,120.91186807437496,117.29917112750537,117.44103240966797,280100,0.0,0.0
2023-09-21 00:00:00-04:00,116.24939300762988,116.24939300762988,114.27281629686536,114.46195983886719,438700,0.0,0.0
2023-09-22 00:00:00-04:00,114.98210481401294,115.77651627570167,113.75265025812747,114.43357849121094,416200,0.0,0.0
2023-09-25 00:00:00-04:00,114.50926641198254,116.33453000447034,114.42414675463093,116.15483856201172,364500,0.0,0.0
2023-09-26 00:00:00-04:00,114.16877323339195,116.50473253094947,114.16877323339195,115.21853637695312,633700,0.0,0.0
2023-09-27 00:00:00-04:00,116.32505862407535,118.02737944130497,115.47389821546055,117.20458984375,391800,0.0,0.0
2023-09-28 00:00:00-04:00,117.06272780550272,118.91636200801842,116.20211527575367,118.21652221679688,369800,0.0,0.0
2023-09-29 00:00:00-04:00,119.33249187743186,119.90938910919563,117.33699631484527,117.90443420410156,742900,0.0,0.0
2023-10-02 00:00:00-04:00,117.23295373919704,117.78148010520925,115.53064023775144,116.1926498413086,508700,0.0,0.0
2023-10-03 00:00:00-04:00,116.42908949996581,118.21652274666629,115.66304874148388,116.40071868896484,520900,0.0,0.0
2023-10-04 00:00:00-04:00,116.2872165107144,117.45992227787961,114.43358248669092,117.0910873413086,632800,0.0,0.0
2023-10-05 00:00:00-04:00,116.60878132323232,117.62071447279848,114.76459923284347,116.47637939453125,646700,0.0,0.0
2023-10-06 00:00:00-04:00,116.13590860055714,118.09357382357805,115.6914133444233,117.2896957397461,499600,0.0,0.0
2023-10-09 00:00:00-04:00,116.9492514431008,117.78149321094372,115.79545696391935,117.11947631835938,255000,0.0,0.0
2023-10-10 00:00:00-04:00,117.8760471931587,120.88347552983029,117.73418593649845,120.00394439697266,460200,0.0,0.0
2023-10-11 00:00:00-04:00,119.63511793368701,120.65651039555915,117.4221081483278,118.33946228027344,281000,0.0,0.0
2023-10-12 00:00:00-04:00,118.47184783754193,118.47184783754193,114.24443173811306,115.27527618408203,339600,0.0,0.0
2023-10-13 00:00:00-04:00,116.2588660000517,116.83576325086726,114.23499955846954,114.51871490478516,272300,0.0,0.0
2023-10-16 00:00:00-04:00,116.145373861737,117.49777125094627,115.47390483847427,116.46692657470703,283500,0.0,0.0
2023-10-17 00:00:00-04:00,115.79543845403704,118.5664337435108,115.77651977178958,118.32054138183594,269600,0.0,0.0
2023-10-18 00:00:00-04:00,114.3106398298471,115.74814942577582,113.3838192108276,114.17823791503906,393600,0.0,0.0
2023-10-19 00:00:00-04:00,113.7905024231215,114.32956950938798,111.01004733850257,111.58694458007812,458000,0.0,0.0
2023-10-20 00:00:00-04:00,111.81389890522308,111.81389890522308,108.91050191825168,109.29824829101562,592600,0.0,0.0
2023-10-23 00:00:00-04:00,108.22012499251929,109.88461551652523,107.43516561419885,107.94586181640625,410700,0.0,0.0
2023-10-24 00:00:00-04:00,108.40927583010304,109.89407504538262,108.32416339834998,109.03346252441406,266700,0.0,0.0
2023-10-25 00:00:00-04:00,108.33362833808569,108.69300398299663,106.65021893100382,107.04743194580078,352000,0.0,0.0
2023-10-26 00:00:00-04:00,107.2271204047214,110.60338426426384,107.2271204047214,109.63874053955078,412200,0.0,0.0
2023-10-27 00:00:00-04:00,109.83732175861584,109.83732175861584,107.59593416077558,108.26741027832031,598900,0.0,0.0
2023-10-30 00:00:00-04:00,109.69547357984786,109.69547357984786,107.40680343505997,108.90106201171875,461300,0.0,0.0
2023-10-31 00:00:00-04:00,109.39283744205245,109.57252886174098,107.8607559575125,109.09966278076172,429300,0.0,0.0
2023-11-01 00:00:00-04:00,108.83485809093224,110.04539409444966,107.76617613832411,109.89407348632812,519000,0.0,0.0
2023-11-02 00:00:00-04:00,115.2374481774787,117.90441225431313,111.83281426040368,114.42411804199219,961500,0.0,0.0
2023-11-03 00:00:00-04:00,113.61079999748743,117.52613050111555,113.61079999748743,116.93978118896484,440000,0.0,0.0
2023-11-06 00:00:00-05:00,116.53311675088352,116.53311675088352,113.88506384306956,114.76459503173828,341800,0.0,0.0
2023-11-07 00:00:00-05:00,112.87312319816039,114.57544384177714,112.28677392175267,113.81885528564453,247900,0.0,0.0
2023-11-08 00:00:00-05:00,114.29171929141025,114.53761165007323,113.01498243914524,113.28924560546875,300400,0.0,0.0
2023-11-09 00:00:00-05:00,114.19715675821278,114.19715675821278,112.40972357748724,112.5042953491211,239400,0.0,0.0
2023-11-10 00:00:00-05:00,113.28925684853535,115.50226665003674,112.87313238724909,115.36041259765625,243400,0.0,0.0
2023-11-13 00:00:00-05:00,114.44305280125572,116.10753623832724,113.73375366824426,115.81436157226562,286500,0.0,0.0
2023-11-14 00:00:00-05:00,118.42459036128697,122.7844164954837,118.4151310187356,122.71820831298828,384900,0.0,0.0
2023-11-15 00:00:00-05:00,122.63308499034046,124.25029330095143,120.94022359212673,121.51712799072266,405400,0.0,0.0
2023-11-16 00:00:00-05:00,121.3184980923075,121.76299328048843,119.48377572930104,121.18609619140625,332000,0.0,0.0
2023-11-17 00:00:00-05:00,122.25478648929897,122.96408552880172,120.90238215000291,122.93571472167969,382800,0.0,0.0
2023-11-20 00:00:00-05:00,123.13509565233235,124.43576151709627,122.09078199721218,123.33447265625,378900,0.5,0.0
2023-11-21 00:00:00-05:00,123.1445951210764,124.58764825490294,122.58444759637436,122.60343933105469,320500,0.0,0.0
2023-11-22 00:00:00-05:00,122.32812836377629,122.64141232076734,121.34076093842731,121.8724136352539,257400,0.0,0.0
2023-11-24 00:00:00-05:00,121.98636534483282,123.57183501603618,121.83446041566988,122.8692855834961,66900,0.0,0.0
2023-11-27 00:00:00-05:00,121.78698229322923,122.4325709670275,120.88507036139917,122.10028076171875,209800,0.0,0.0
2023-11-28 00:00:00-05:00,122.06230266405282,122.47053081326791,120.79012439145362,120.96101379394531,229700,0.0,0.0
2023-11-29 00:00:00-05:00,121.67304959284284,123.33447149283633,121.67304959284284,122.2521743774414,286600,0.0,0.0
2023-11-30 00:00:00-05:00,122.23318199531813,123.11610210400227,121.1793652448714,121.89140319824219,716900,0.0,0.0
2023-12-01 00:00:00-05:00,121.66354310467445,126.0686838977685,121.44518886008554,125.85983276367188,406200,0.0,0.0
2023-12-04 00:00:00-05:00,125.2427356039088,127.6731563272854,124.81551570098638,125.67945861816406,334400,0.0,0.0
2023-12-05 00:00:00-05:00,124.95791213431934,125.08133668473856,122.39457834053682,123.50535583496094,258500,0.0,0.0
2023-12-06 00:00:00-05:00,124.42624766641117,125.87880382838568,122.80280936135645,122.96420288085938,336600,0.0,0.0
2023-12-07 00:00:00-05:00,123.48637927279773,123.91359915972926,122.20470512555347,122.98319244384766,225700,0.0,0.0
2023-12-08 00:00:00-05:00,123.2964915384825,124.52120497209746,122.28065822361671,122.70787811279297,212600,0.0,0.0
2023-12-11 00:00:00-05:00,122.42305755774741,124.16992055046266,122.10975911561107,123.05914306640625,221400,0.0,0.0
2023-12-12 00:00:00-05:00,123.059140098999,123.67624834400478,120.41985393834725,120.47682189941406,262500,0.0,0.0
2023-12-13 00:00:00-05:00,120.08756866928742,125.98324187734606,119.49895528113585,125.83133697509766,527500,0.0,0.0
2023-12-14 00:00:00-05:00,127.76808414522091,133.55931711393868,127.76808414522091,132.6953887939453,715100,0.0,0.0
2023-12-15 00:00:00-05:00,132.3726126994744,133.7017590770236,131.88843204338534,133.0087127685547,748700,0.0,0.0
2023-12-18 00:00:00-05:00,134.5656958620505,134.5656958620505,132.714385438676,133.26502990722656,383900,0.0,0.0
2023-12-19 00:00:00-05:00,133.99605572313092,135.3631709860935,133.920103265583,135.2967071533203,445300,0.0,0.0
2023-12-20 00:00:00-05:00,134.38531405858788,136.227121418122,133.3125054553343,133.3314971923828,268700,0.0,0.0
2023-12-21 00:00:00-05:00,135.33470091686635,135.33470091686635,132.9707293876875,133.67327880859375,260800,0.0,0.0
2023-12-22 00:00:00-05:00,133.86313680220158,135.75241607573741,133.59731045541102,133.94857788085938,177900,0.0,0.0
2023-12-26 00:00:00-05:00,134.62262408109507,136.34100642012314,134.19540427364038,135.4675750732422,126800,0.0,0.0
2023-12-27 00:00:00-05:00,135.6764691019465,136.094200374191,134.67961301799036,135.23974609375,131200,0.0,0.0
2023-12-28 00:00:00-05:00,134.49921030605057,135.13529575670597,133.6352675128604,133.7397003173828,169300,0.0,0.0
2023-12-29 00:00:00-05:00,133.3504701524584,133.97705252232274,132.3061420586032,132.8757781982422,291500,0.0,0.0
2024-01-02 00:00:00-05:00,133.22705392896148,134.21440688135567,132.71437847397917,133.62579345703125,190900,0.0,0.0
2024-01-03 00:00:00-05:00,131.92638276641665,132.82829450335828,130.07507271752098,131.2333221435547,259200,0.0,0.0
2024-01-04 00:00:00-05:00,131.38521546030893,132.49599269994337,129.5718890365573,129.86619567871094,295900,0.0,0.0
2024-01-05 00:00:00-05:00,129.0307925955439,132.12577945258147,128.8883762929909,131.29981994628906,194800,0.0,0.0
2024-01-08 00:00:00-05:00,130.89154779657002,131.26180692153346,130.07507709967015,131.08143615722656,201600,0.0,0.0
2024-01-09 00:00:00-05:00,129.82824964064406,130.47382374569077,127.91049008700439,128.23329162597656,249200,0.0,0.0
2024-01-10 00:00:00-05:00,127.48326994149835,128.5845587509574,126.82819272748479,128.56556701660156,191700,0.0,0.0
2024-01-11 00:00:00-05:00,128.51807131952856,129.0592270009126,126.93260222355794,128.20477294921875,286800,0.0,0.0
2024-01-12 00:00:00-05:00,130.03710092459855,130.3314075863053,127.2459102201779,127.79655456542969,206000,0.0,0.0
2024-01-16 00:00:00-05:00,126.40097511960464,128.41366440373974,125.5085519128054,128.18582153320312,347900,0.0,0.0
2024-01-17 00:00:00-05:00,125.80285911376872,127.10352494622025,125.80285911376872,126.75224304199219,211200,0.0,0.0
2024-01-18 00:00:00-05:00,127.97694789454681,129.85672389097167,126.8566674009353,129.37254333496094,352500,0.0,0.0
2024-01-19 00:00:00-05:00,130.0466270073526,131.52766385187365,128.90736901052497,131.470703125,358200,0.0,0.0
2024-01-22 00:00:00-05:00,131.43272900130816,132.7618608646075,131.1953829909725,132.66693115234375,355800,0.0,0.0
2024-01-23 00:00:00-05:00,133.75869432536444,135.4011243821928,132.89475151748343,133.35995483398438,317800,0.0,0.0
2024-01-24 00:00:00-05:00,133.13210065276792,134.72707314265682,129.03076972502978,129.72381591796875,499100,0.0,0.0
2024-01-25 00:00:00-05:00,131.7555107459824,132.7143833736615,130.69220529854022,131.37576293945312,475900,0.0,0.0
2024-01-26 00:00:00-05:00,133.38845602758363,134.30935969430578,131.67956187869456,134.0435333251953,442200,0.0,0.0
2024-01-29 00:00:00-05:00,134.19541985164503,134.19541985164503,132.36310139453087,134.0340118408203,185000,0.0,0.0
2024-01-30 00:00:00-05:00,133.21757496152753,134.91696601290522,132.9897175776344,134.48974609375,205000,0.0,0.0
2024-01-31 00:00:00-05:00,134.7365835885279,134.81253605143806,131.31880967627757,131.3472900390625,296800,0.0,0.0
2024-02-01 00:00:00-05:00,132.08778403393052,133.02766480504076,130.7776296421425,132.75234985351562,223700,0.0,0.0
2024-02-02 00:00:00-05:00,130.8251140587962,132.11627683839677,129.23014145507796,131.52764892578125,237400,0.0,0.0
2024-02-05 00:00:00-05:00,129.2206585069235,132.20172372639462,128.1003778393399,131.21437072753906,278600,0.0,0.0
2024-02-06 00:00:00-05:00,131.63208334232507,133.54035441794568,130.9959978126015,132.30615234375,198300,0.0,0.0
2024-02-07 00:00:00-05:00,132.71436976232016,134.47073578189617,131.99284320933504,133.81565856933594,279400,0.0,0.0
2024-02-08 00:00:00-05:00,134.08146674250168,136.18909988593293,132.94220910762047,135.57200622558594,311900,0.0,0.0
2024-02-09 00:00:00-05:00,135.29669652535958,136.24608044045664,133.89161238722164,134.9264373779297,269600,0.0,0.0
2024-02-12 00:00:00-05:00,135.08783519109804,137.48978990003417,134.907464410124,136.65432739257812,263500,0.0,0.0
2024-02-13 00:00:00-05:00,133.80618596385614,133.80618596385614,130.66372717860648,132.6574249267578,306500,0.0,0.0
2024-02-14 00:00:00-05:00,133.86314804191667,134.9739256170819,132.6194572821962,134.0435333251953,364600,0.0,0.0
2024-02-15 00:00:00-05:00,134.6416428014636,137.14801592556387,133.21756683353277,136.94863891601562,402700,0.0,0.0
2024-02-16 00:00:00-05:00,136.5688798906695,138.59105774808512,135.75240915672677,136.8536834716797,559100,0.0,0.0
2024-02-20 00:00:00-05:00,119.89768247646897,133.23652068800024,112.63489486664197,126.08766174316406,1853400,0.0,0.0
2024-02-21 00:00:00-05:00,126.85668847333898,129.42952554880964,125.5275566361829,128.62254333496094,853500,0.0,0.0
2024-02-22 00:00:00-05:00,129.43899316833776,133.55931568131933,127.88200420328975,133.46438598632812,396100,0.0,0.0
2024-02-23 00:00:00-05:00,134.13842251720325,134.29983050139677,129.26809377210546,129.86619567871094,503500,0.0,0.0
2024-02-26 00:00:00-05:00,129.08773638461156,131.60359804864837,128.17632142179198,130.46434020996094,416600,0.0,0.0
2024-02-27 00:00:00-05:00,131.2456729126938,131.53151651791808,130.1880079553164,130.34999084472656,259900,0.5,0.0
2024-02-28 00:00:00-05:00,129.4162181527149,131.53153380615325,128.80637960981596,129.48291015625,240500,0.0,0.0
2024-02-29 00:00:00-05:00,129.9593313648901,132.25570548261328,129.15894011252743,132.16995239257812,482300,0.0,0.0
2024-03-01 00:00:00-05:00,132.06515886567732,132.80838150757202,130.15945680146467,130.90267944335938,260900,0.0,0.0
2024-03-04 00:00:00-05:00,131.1217974001561,134.71404893869845,129.9307339162289,133.48486328125,415600,0.0,0.0
2024-03-05 00:00:00-05:00,132.41769529159993,134.89511353256879,132.41769529159993,133.36102294921875,288800,0.0,0.0
2024-03-06 00:00:00-05:00,135.07612501927795,135.07612501927795,133.1037314113944,134.51394653320312,296200,0.0,0.0
2024-03-07 00:00:00-05:00,135.30483998923967,136.97232921445917,134.39963446056237,135.87655639648438,413700,0.0,0.0
2024-03-08 00:00:00-05:00,136.69598097389516,136.69598097389516,134.62828196128942,134.99989318847656,376000,0.0,0.0
2024-03-11 00:00:00-04:00,134.66641673535213,135.28576399216485,133.11326514697328,135.1142578125,367600,0.0,0.0
2024-03-12 00:00:00-04:00,135.57161906843987,135.57161906843987,133.82790025157976,134.75216674804688,325400,0.0,0.0
2024-03-13 00:00:00-04:00,135.495395377011,137.68695535981246,135.4287033743234,137.3725128173828,356300,0.0,0.0
2024-03-14 00:00:00-04:00,137.02949591424778,137.1057257367062,134.70453721699724,135.79078674316406,347700,0.0,0.0
2024-03-15 00:00:00-04:00,134.9999189797542,140.8409001013367,134.9999189797542,139.86898803710938,1238600,0.0,0.0
2024-03-18 00:00:00-04:00,141.1553373840305,141.1553373840305,136.85798488750393,136.96279907226562,394400,0.0,0.0
2024-03-19 00:00:00-04:00,136.90560040104205,139.26868092994064,136.1052091925521,139.0495147705078,278500,0.0,0.0
2024-03-20 00:00:00-04:00,137.9061109673898,144.08059545941438,137.9061109673898,143.3278350830078,408100,0.0,0.0
2024-03-21 00:00:00-04:00,144.3283343493721,144.45220962528418,142.8609357464731,143.30877685546875,223100,0.0,0.0
2024-03-22 00:00:00-04:00,143.56603301267018,143.76613808456466,142.05100368028994,143.2325439453125,225200,0.0,0.0
2024-03-25 00:00:00-04:00,143.21350281046196,144.34739778402428,142.65132423109384,142.91812133789062,487200,0.0,0.0
2024-03-26 00:00:00-04:00,143.5660431790246,143.8804857203541,141.93667628409548,143.070556640625,358700,0.0,0.0
2024-03-27 00:00:00-04:00,143.88048507623384,145.3002381432716,143.66133344150683,145.16683959960938,257200,0.0,0.0
2024-03-28 00:00:00-04:00,145.39552173593984,145.91959266185825,144.51890061410882,145.5956268310547,454000,0.0,0.0
2024-04-01 00:00:00-04:00,145.70043067323599,147.17735243621613,144.11869473251272,146.9867706298828,363800,0.0,0.0
2024-04-02 00:00:00-04:00,146.56754116626237,146.89150700215734,144.65230143774724,146.24356079101562,545600,0.0,0.0
2024-04-03 00:00:00-04:00,148.52084747657977,150.72193046765344,147.358368353609,149.63568115234375,448300,0.0,0.0
2024-04-04 00:00:00-04:00,151.5223364246127,152.4561261261174,149.61663484803623,149.73097229003906,538900,0.0,0.0
2024-04-05 00:00:00-04:00,149.39749267510084,153.35183280473586,148.9210672044955,152.90399169921875,541900,0.0,0.0
2024-04-08 00:00:00-04:00,151.42705861640619,152.5323691157855,149.47371142373675,150.693359375,403600,0.0,0.0
2024-04-09 00:00:00-04:00,151.96064941116083,154.9716615851025,150.52184986254477,154.41900634765625,530500,0.0,0.0
2024-04-10 00:00:00-04:00,151.4651755369495,153.53286010974767,148.1301976054653,150.06448364257812,518500,0.0,0.0
2024-04-11 00:00:00-04:00,150.26458702552821,150.4170466620197,147.8348142740932,148.17784118652344,392600,0.0,0.0
2024-04-12 00:00:00-04:00,147.5584879808435,148.13972759969994,145.7004316711715,146.22450256347656,346000,0.0,0.0
2024-04-15 00:00:00-04:00,147.32025831642187,147.63470081563892,144.69039542208233,146.04344177246094,487000,0.0,0.0
2024-04-16 00:00:00-04:00,144.8714413607147,144.8714413607147,141.36495710210266,143.08961486816406,450300,0.0,0.0
2024-04-17 00:00:00-04:00,144.25209177338124,145.14777391217254,141.09815773865674,141.5841064453125,474400,0.0,0.0
2024-04-18 00:00:00-04:00,145.18587385163295,145.18587385163295,141.22202551597994,141.9176025390625,494700,0.0,0.0
2024-04-19 00:00:00-04:00,142.05099683419724,143.84236096336673,141.04097732795458,143.6517791748047,484600,0.0,0.0
2024-04-22 00:00:00-04:00,143.3373339985885,143.94717244765891,141.36494047001597,142.62269592285156,424300,0.0,0.0
2024-04-23 00:00:00-04:00,141.68894017069647,143.62322652906468,141.68894017069647,142.3178253173828,348900,0.0,0.0
2024-04-24 00:00:00-04:00,141.7175026773573,142.83233642578125,140.79323619083186,142.83233642578125,381400,0.0,0.0
2024-04-25 00:00:00-04:00,142.18441026942747,142.18441026942747,139.70699215187562,141.37448120117188,542100,0.0,0.0
2024-04-26 00:00:00-04:00,142.32731962722755,143.96622416964368,142.32731962722755,142.49884033203125,356500,0.0,0.0
2024-04-29 00:00:00-04:00,143.96626152783102,144.0329680801616,142.54652276977168,143.88050842285156,388000,0.0,0.0
2024-04-30 00:00:00-04:00,142.51790077622516,143.56602792997782,140.25963449915076,140.41209411621094,496500,0.0,0.0
2024-05-01 00:00:00-04:00,142.984799430132,148.5018141173483,137.46779928226613,142.1462860107422,933900,0.0,0.0
2024-05-02 00:00:00-04:00,143.27065290682228,143.84236922665346,139.41160409633687,142.46072387695312,372000,0.0,0.0
2024-05-03 00:00:00-04:00,144.00436011432672,146.2816731670645,143.94719138704178,145.07154846191406,471800,0.0,0.0
2024-05-06 00:00:00-04:00,146.53892434978238,147.14874830607263,144.90003428047422,146.07203674316406,420300,0.0,0.0
2024-05-07 00:00:00-04:00,147.14876906431434,150.6457449365751,147.10113814705437,149.0735321044922,622200,0.0,0.0
2024-05-08 00:00:00-04:00,148.57801757226127,150.56948678488016,147.52989042075853,147.63470458984375,602600,0.0,0.0
2024-05-09 00:00:00-04:00,148.01585739105897,151.10309958449426,147.93010429830133,149.89297485351562,429000,0.0,0.0
2024-05-10 00:00:00-04:00,150.2169339396831,151.026862995462,149.3879583348238,150.693359375,251400,0.0,0.0
2024-05-13 00:00:00-04:00,151.25555084546528,151.83679045200398,148.79719388040084,148.90200805664062,260800,0.0,0.0
2024-05-14 00:00:00-04:00,149.51184364851082,150.32175821936946,148.682853448589,149.7786407470703,299400,0.0,0.0
2024-05-15 00:00:00-04:00,150.79816991110414,150.82675427338492,148.1301991692318,148.8162384033203,468200,0.0,0.0
2024-05-16 00:00:00-04:00,148.57804490591496,149.8453384418691,147.72048484788982,147.7490692138672,334300,0.0,0.0
2024-05-17 00:00:00-04:00,148.80672227944487,150.51233352068894,148.22548265288944,150.38845825195312,300700,0.0,0.0
2024-05-20 00:00:00-04:00,150.31196156057334,154.13547727594562,150.31196156057334,153.1604766845703,560900,0.5,0.0
2024-05-21 00:00:00-04:00,152.70170516823296,153.62890917710078,151.65980032051448,153.49508666992188,497400,0.0,0.0
2024-05-22 00:00:00-04:00,152.1377152509168,152.1377152509168,149.33698201030364,150.30242919921875,500100,0.0,0.0
2024-05-23 00:00:00-04:00,150.69432177656168,150.79946905225916,148.56271564439282,149.78623962402344,343400,0.0,0.0
2024-05-24 00:00:00-04:00,150.8185939813686,151.8413915567075,150.48403048266454,151.56417846679688,233900,0.0,0.0
2024-05-28 00:00:00-04:00,152.32889426846674,154.19285560013685,151.7840361792937,151.94654846191406,349400,0.0,0.0
2024-05-29 00:00:00-04:00,150.1972743208698,150.78036110354512,149.33697445588405,149.79580688476562,286000,0.0,0.0
2024-05-30 00:00:00-04:00,150.1303626841487,152.50093866669116,148.0178781315116,152.44358825683594,293700,0.0,0.0
2024-05-31 00:00:00-04:00,152.5678698839471,154.1259575471271,151.0575790948052,153.4759521484375,346700,0.0,0.0
2024-06-03 00:00:00-04:00,153.85830010215233,153.85830010215233,148.18992968497676,149.7384490966797,313800,0.0,0.0
2024-06-04 00:00:00-04:00,148.57228395534662,149.0406699728504,147.40612485288096,147.42523193359375,384100,0.0,0.0
2024-06-05 00:00:00-04:00,147.54949532942064,149.89139615762983,146.84213955962522,149.60462951660156,309300,0.0,0.0
2024-06-06 00:00:00-04:00,149.56641544336662,150.02523336268706,145.59952270759223,147.47303771972656,385600,0.0,0.0
2024-06-07 00:00:00-04:00,146.27818538768952,147.13847078981905,145.25540228007145,146.25906372070312,401600,0.0,0.0
2024-06-10 00:00:00-04:00,145.61859714184052,145.61859714184052,143.58258487695232,143.65904235839844,507200,0.0,0.0
2024-06-11 00:00:00-04:00,143.06641618821638,145.8289060694311,141.8811209110665,145.36053466796875,580100,0.0,0.0
2024-06-12 00:00:00-04:00,148.4767148817397,149.72891427471114,145.18848816658976,146.11569213867188,575000,0.0,0.0
2024-06-13 00:00:00-04:00,144.41424254435364,146.717915096475,141.6517520244208,146.45982360839844,583000,0.0,0.0
2024-06-14 00:00:00-04:00,145.092875128712,145.092875128712,141.88112092518458,143.2193603515625,304000,0.0,0.0
2024-06-17 00:00:00-04:00,143.13335595191202,145.02599267460837,140.38997274328054,143.7355499267578,578800,0.0,0.0
2024-06-18 00:00:00-04:00,144.05096593622764,145.4178805244348,142.3017055728115,144.37596130371094,512900,0.0,0.0
2024-06-20 00:00:00-04:00,144.16568002995035,145.11199091995627,143.30538016519665,143.48699951171875,570900,0.0,0.0
2024-06-21 00:00:00-04:00,143.36271764593363,144.17522056957023,140.64802498889324,141.44140625,2438300,0.0,0.0
2024-06-24 00:00:00-04:00,142.48333945860685,144.31862562086647,141.6039324174548,143.8215789794922,608100,0.0,0.0
2024-06-25 00:00:00-04:00,142.47378048883965,142.9134766998809,139.2142293095431,139.9215850830078,661800,0.0,0.0
2024-06-26 00:00:00-04:00,139.01349033301597,140.53334918508358,137.25467629181344,140.1318817138672,528200,0.0,0.0
2024-06-27 00:00:00-04:00,141.33626987847455,141.33626987847455,138.6215770121884,139.55833435058594,635300,0.0,0.0
2024-06-28 00:00:00-04:00,139.83554879699966,141.2024635108693,137.7039424624128,138.430419921875,604700,0.0,0.0
2024-07-01 00:00:00-04:00,138.95613774336542,140.62892614000023,136.30836318286472,136.99659729003906,400600,0.0,0.0
2024-07-02 00:00:00-04:00,136.9583665029506,137.8090983820221,135.47675087025974,136.45175170898438,506700,0.0,0.0
2024-07-03 00:00:00-04:00,136.68114442300535,138.71715678916033,136.5090786173049,137.75172424316406,250700,0.0,0.0
2024-07-05 00:00:00-04:00,136.97747851594377,137.81864220925777,134.54953742394892,135.73483276367188,356700,0.0,0.0
2024-07-08 00:00:00-04:00,136.5664209505717,137.81862004167124,136.22230394507025,136.34657287597656,299400,0.0,0.0
2024-07-09 00:00:00-04:00,135.79215655972033,136.35612161998623,133.96642432846485,134.01422119140625,329200,0.0,0.0
2024-07-10 00:00:00-04:00,134.98924118742423,135.9737954463069,133.23042722840634,135.11351013183594,423600,0.0,0.0
2024-07-11 00:00:00-04:00,137.04438239230754,141.7377522907144,137.04438239230754,139.6730499267578,637500,0.0,0.0
2024-07-12 00:00:00-04:00,140.05541786924536,141.76643513898478,138.80321850993218,140.17967224121094,600100,0.0,0.0
2024-07-15 00:00:00-04:00,141.08777654454238,142.89438765923995,138.22969246973125,139.90248107910156,564000,0.0,0.0
2024-07-16 00:00:00-04:00,140.62891913142897,143.58259643816427,140.00760359215224,142.78921508789062,347500,0.0,0.0
2024-07-17 00:00:00-04:00,142.6553930282592,144.70097358825532,141.6899458641326,143.687744140625,468000,0.0,0.0
2024-07-18 00:00:00-04:00,142.89434978861502,145.15977823753022,141.47008489930187,141.52743530273438,393200,0.0,0.0
2024-07-19 00:00:00-04:00,140.72452570202944,140.72452570202944,138.12453331975414,139.20468139648438,442400,0.0,0.0
2024-07-22 00:00:00-04:00,139.85467254831198,140.08408878928222,137.426745986665,138.9752655029297,332900,0.0,0.0
2024-07-23 00:00:00-04:00,138.7840958604627,139.16644168551835,137.3407090119274,138.61203002929688,310200,0.0,0.0
2024-07-24 00:00:00-04:00,138.5355244365664,139.90243887233353,134.96054662182345,135.02745056152344,390400,0.0,0.0
2024-07-25 00:00:00-04:00,134.2627701839939,137.85686995783757,133.26864786033,136.4134979248047,372800,0.0,0.0
2024-07-26 00:00:00-04:00,134.6737950827957,137.5892290225627,134.39659658353227,136.71937561035156,686000,0.0,0.0
2024-07-29 00:00:00-04:00,137.44586335562443,137.49366023259898,135.67749559203844,137.43630981445312,297800,0.0,0.0
2024-07-30 00:00:00-04:00,137.32159921030131,139.9789420228048,137.22600546315192,139.1951141357422,365400,0.0,0.0
2024-07-31 00:00:00-04:00,140.7723232671518,143.15245296115924,140.03629225462177,141.33628845214844,486100,0.0,0.0
2024-08-01 00:00:00-04:00,141.19288585837162,142.70316176126155,136.8149585252837,137.58921813964844,361700,0.0,0.0
2024-08-02 00:00:00-04:00,134.36793183466375,134.36793183466375,130.60176585407714,131.01278686523438,558200,0.0,0.0
2024-08-05 00:00:00-04:00,126.26207021347592,128.90030593517122,124.24516467482186,127.60986328125,534700,0.0,0.0
2024-08-06 00:00:00-04:00,129.36865884685355,140.9730291877499,129.36865884685355,137.6561279296875,949500,0.0,0.0
2024-08-07 00:00:00-04:00,141.62305972098721,143.66864053815726,136.84366392521056,137.13998413085938,598400,0.0,0.0
2024-08-08 00:00:00-04:00,139.28113527704107,140.44729423639876,137.7134943030588,140.35171508789062,498400,0.0,0.0
2024-08-09 00:00:00-04:00,140.69583424703907,140.84877838964155,138.89877703535032,139.5487823486328,318100,0.0,0.0
2024-08-12 00:00:00-04:00,139.7495333492073,139.80688376637957,135.94513829267163,136.32748413085938,356700,0.0,0.0
2024-08-13 00:00:00-04:00,137.1686428373167,139.1664265390827,136.61423124143565,138.7267303466797,247500,0.0,0.0
2024-08-14 00:00:00-04:00,139.0230625542309,139.0230625542309,136.93923847303572,138.2965850830078,220000,0.0,0.0
2024-08-15 00:00:00-04:00,140.96348896157656,142.9708408619074,139.02305559785015,140.60025024414062,274800,0.0,0.0
2024-08-16 00:00:00-04:00,140.13188120719076,140.619374295,138.89878900632408,140.24658203125,398100,0.0,0.0
2024-08-19 00:00:00-04:00,140.533337379239,141.24067851814985,139.09951885153578,140.5524444580078,426300,0.0,0.0
2024-08-20 00:00:00-04:00,139.99124906097973,140.53805945840486,137.6025910704716,137.82322692871094,379800,0.525,0.0
2024-08-21 00:00:00-04:00,139.0799290416016,140.17353532448314,138.57149894925098,139.62673950195312,193000,0.0,0.0
2024-08-22 00:00:00-04:00,139.75145405512083,139.87616830773442,138.24535380093488,138.69622802734375,146000,0.0,0.0
2024-08-23 00:00:00-04:00,141.20957567435204,145.24825280734404,140.14474742411008,144.82615661621094,475200,0.0,0.0
2024-08-26 00:00:00-04:00,146.14041178544215,147.0997160738662,144.35610522346056,144.4232635498047,288800,0.0,0.0
2024-08-27 00:00:00-04:00,143.91484525081165,143.91484525081165,137.75611297057358,139.48284912109375,749800,0.0,0.0
2024-08-28 00:00:00-04:00,138.2932840565011,139.3197318428753,136.7392014440692,138.33164978027344,554100,0.0,0.0
2024-08-29 00:00:00-04:00,138.96481919814246,140.43255358197882,137.52586277180708,139.12789916992188,393400,0.0,0.0
2024-08-30 00:00:00-04:00,139.7706082612074,140.62438834802137,137.77525392215267,139.5211944580078,413300,0.0,0.0
2024-09-03 00:00:00-04:00,137.68892614319222,138.65781808382826,133.08426320651344,133.77496337890625,484700,0.0,0.0
2024-09-04 00:00:00-04:00,133.7174119892559,134.6479382352333,131.83716931469178,131.96188354492188,445800,0.0,0.0
2024-09-05 00:00:00-04:00,132.47991490406855,132.80607481660093,130.0144961019859,130.88746643066406,565000,0.0,0.0
2024-09-06 00:00:00-04:00,130.98338978099738,132.52787013739666,128.8729234564185,129.51565551757812,690900,0.0,0.0
2024-09-09 00:00:00-04:00,129.49648894473037,133.17062606296753,128.9113127533073,131.91392517089844,690400,0.0,0.0
2024-09-10 00:00:00-04:00,132.07699338772036,132.34561202676863,129.53484314830484,129.87060546875,520400,0.0,0.0
2024-09-11 00:00:00-04:00,129.59240148908276,130.3502600079123,127.39560130114324,130.3022918701172,570300,0.0,0.0
2024-09-12 00:00:00-04:00,130.73399933330325,132.0770196060435,129.3142329538602,131.71249389648438,434600,0.0,0.0
2024-09-13 00:00:00-04:00,133.11305833250853,135.01249137053102,133.0459146437136,133.27613830566406,339500,0.0,0.0
2024-09-16 00:00:00-04:00,133.9572383949018,136.08689489775585,133.7845706644209,135.45375061035156,476100,0.0,0.0
2024-09-17 00:00:00-04:00,136.02935494775198,138.63866385851617,136.02935494775198,137.28604125976562,593200,0.0,0.0
2024-09-18 00:00:00-04:00,137.98630391770803,139.6554983901148,136.01013973231605,137.27642822265625,592000,0.0,0.0
2024-09-19 00:00:00-04:00,140.10637878122012,141.4877791460667,139.12788441648374,140.05841064453125,670000,0.0,0.0
2024-09-20 00:00:00-04:00,138.73457668168786,139.22383121997058,135.5400917558222,138.40841674804688,1030400,0.0,0.0
2024-09-23 00:00:00-04:00,138.98401533499035,140.40378163785863,137.5162808882921,139.29098510742188,402600,0.0,0.0
2024-09-24 00:00:00-04:00,140.54764098392053,142.370327589844,140.3941634498646,141.90985107421875,295800,0.0,0.0
2024-09-25 00:00:00-04:00,142.26481467582386,142.26481467582386,139.0415520034995,139.4444580078125,269700,0.0,0.0
2024-09-26 00:00:00-04:00,141.32471159863513,144.52878433638668,140.3174391910199,143.9340057373047,479300,0.0,0.0
2024-09-27 00:00:00-04:00,145.1619188185782,145.3921424587671,142.8595799519458,143.98196411132812,340300,0.0,0.0
2024-09-30 00:00:00-04:00,144.4903849891826,145.0755611005266,142.13050500022234,144.17381286621094,570200,0.0,0.0
2024-10-01 00:00:00-04:00,144.11626095760795,144.71103949506272,141.90027067315432,143.06103515625,545500,0.0,0.0
2024-10-02 00:00:00-04:00,143.0802057024158,144.05870001748997,141.31508960928477,141.3822479248047,358200,0.0,0.0
2024-10-03 00:00:00-04:00,140.41334144470878,142.38950561919353,139.05113133062534,140.59561157226562,442200,0.0,0.0
2024-10-04 00:00:00-04:00,142.49503195255727,143.26247819986375,140.1831200765758,141.78515625,490800,0.0,0.0
2024-10-07 00:00:00-04:00,140.02963011360896,140.7970763730498,139.2334059002483,139.5979461669922,374500,0.0,0.0
2024-10-08 00:00:00-04:00,137.95753022094672,138.77294461983766,136.0485242925771,136.36508178710938,415500,0.0,0.0
2024-10-09 00:00:00-04:00,136.37469558570922,138.34127222422518,136.0485356540431,138.20697021484375,350100,0.0,0.0
2024-10-10 00:00:00-04:00,137.2764461297889,138.72499029982893,136.92149359814144,137.76568603515625,377400,0.0,0.0
2024-10-11 00:00:00-04:00,137.19007554694412,139.05112786301186,136.72002590109255,138.33164978027344,231200,0.0,0.0
2024-10-14 00:00:00-04:00,137.46830680644078,138.45638904780333,137.23806850869565,138.28370666503906,381000,0.0,0.0
2024-10-15 00:00:00-04:00,137.27645647578402,138.68663502215824,135.9526118066598,136.02935791015625,318900,0.0,0.0
2024-10-16 00:00:00-04:00,136.931092921817,138.0822550859064,136.1060906872857,136.34591674804688,427700,0.0,0.0
2024-10-17 00:00:00-04:00,136.51857279088904,136.51857279088904,133.71740639769666,134.47525024414062,577400,0.0,0.0
2024-10-18 00:00:00-04:00,135.03164369806782,135.0604216508632,132.9499554982274,133.66943359375,378500,0.0,0.0
2024-10-21 00:00:00-04:00,133.544743391414,133.57352134623076,130.38862439351593,130.9450225830078,341200,0.0,0.0
2024-10-22 00:00:00-04:00,130.30228339149483,131.53977929429158,129.42931310901662,131.4534454345703,390300,0.0,0.0
2024-10-23 00:00:00-04:00,130.66684804289326,131.82759807446783,129.4197494976581,130.44619750976562,332400,0.0,0.0
2024-10-24 00:00:00-04:00,130.97380584213104,131.94269784844963,128.36449715571837,129.3046112060547,367400,0.0,0.0
2024-10-25 00:00:00-04:00,129.43891179784436,129.6595623083902,127.06944383356205,127.32844543457031,419600,0.0,0.0
2024-10-28 00:00:00-04:00,127.57788551992576,128.68107962184524,126.87758283404577,128.4124755859375,337300,0.0,0.0
2024-10-29 00:00:00-04:00,127.69299202956013,127.77932590082648,125.97584382603628,126.58979797363281,440700,0.0,0.0
2024-10-30 00:00:00-04:00,126.1101249659172,129.0743711580217,125.73599694786341,127.83686065673828,357700,0.0,0.0
2024-10-31 00:00:00-04:00,127.36681132945573,128.88251358629356,126.46506312013787,126.57058715820312,493700,0.0,0.0
2024-11-01 00:00:00-04:00,126.38833074170256,128.2206053114524,126.1580924597303,126.76245880126953,456300,0.0,0.0
2024-11-04 00:00:00-05:00,126.84878107638472,128.91129373963443,125.46738078642495,126.12930297851562,890900,0.0,0.0
2024-11-05 00:00:00-05:00,120.3063454490057,129.04560745734216,120.3063454490057,127.15577697753906,931900,0.0,0.0
2024-11-06 00:00:00-05:00,131.050560490861,133.90928319497883,130.01451009441476,131.5877685546875,1329500,0.0,0.0
2024-11-07 00:00:00-05:00,131.98108765406093,132.33602556177416,129.6691607726668,130.8011474609375,690900,0.0,0.0
2024-11-08 00:00:00-05:00,128.86332428613275,129.02640423010834,125.95663397152833,126.77203369140625,979700,0.0,0.0
2024-11-11 00:00:00-05:00,127.14617137920598,127.38599742760617,124.26825879840365,124.92059326171875,625100,0.0,0.0
2024-11-12 00:00:00-05:00,123.91331949657186,124.36419363337097,121.99471113157828,122.55110931396484,422200,0.0,0.0
2024-11-13 00:00:00-05:00,122.38803203546881,123.67349615504408,121.82203874958712,123.04035186767578,590500,0.0,0.0
2024-11-14 00:00:00-05:00,123.50082483964715,123.50082483964715,120.20081613344408,121.53424835205078,522100,0.0,0.0
2024-11-15 00:00:00-05:00,121.92755913587176,122.81012453893324,121.19848591383315,121.5054702758789,395100,0.0,0.0
2024-11-18 00:00:00-05:00,122.02349524709237,123.10751371214917,121.60140636234104,121.87001037597656,435000,0.0,0.0
2024-11-19 00:00:00-05:00,120.95866629849888,122.14820880791416,120.18163221777779,121.7836685180664,438700,0.0,0.0
2024-11-20 00:00:00-05:00,121.46710934492906,122.8485025173556,120.97786211776197,122.7046127319336,335200,0.0,0.0
2024-11-21 00:00:00-05:00,122.96360365736109,124.16273389105116,121.6973297422509,123.90373229980469,409400,0.0,0.0
2024-11-22 00:00:00-05:00,123.96130279079685,125.67845104679185,123.87496891689239,125.14124298095703,399800,0.0,0.0
2024-11-25 00:00:00-05:00,126.38833689714885,128.07670713371135,125.87031903475831,126.56100463867188,649900,0.0,0.0
2024-11-26 00:00:00-05:00,125.89162467348012,126.36355232638464,123.20446462044767,123.46451568603516,533800,0.525,0.0
2024-11-27 00:00:00-05:00,123.90755364945008,125.07295573983285,123.16594148553955,123.81124877929688,309100,0.0,0.0
2024-11-29 00:00:00-05:00,124.16760623338052,124.65880075715802,123.34894869375134,123.6667709350586,296900,0.0,0.0
2024-12-02 00:00:00-05:00,123.92682869418832,124.46618303086818,122.31839176290963,123.93645477294922,899900,0.0,0.0
2024-12-03 00:00:00-05:00,124.48544980357292,124.50471665738563,121.86571614457488,121.99092864990234,527100,0.0,0.0
2024-12-04 00:00:00-05:00,121.75976543743272,121.95239722680292,119.54455497081119,121.181884765625,881900,0.0,0.0
2024-12-05 00:00:00-05:00,121.28782795878728,121.45155946532567,118.91851210860673,118.98593139648438,490300,0.0,0.0
2024-12-06 00:00:00-05:00,119.83349192492038,120.2765340193253,118.88962187323426,119.75643920898438,648800,0.0,0.0
2024-12-09 00:00:00-05:00,122.20281480492469,124.10020313944453,120.98926752633703,121.21078491210938,641000,0.0,0.0
2024-12-10 00:00:00-05:00,120.44027767544121,120.44027767544121,117.05003152072129,117.80127716064453,931800,0.0,0.0
2024-12-11 00:00:00-05:00,117.83015878470209,118.05168349354423,116.11577636620133,116.29877471923828,836000,0.0,0.0
2024-12-12 00:00:00-05:00,115.94240912879495,118.17688628391345,115.63420563664587,115.68236541748047,472900,0.0,0.0
2024-12-13 00:00:00-05:00,115.00817538596347,115.70162774913648,114.1317173207758,115.05632781982422,556700,0.0,0.0
2024-12-16 00:00:00-05:00,114.10283016880298,114.86370920458256,112.79296339178387,113.40937042236328,733400,0.0,0.0
2024-12-17 00:00:00-05:00,112.35956489599799,114.9311388983846,112.35956489599799,113.20712280273438,812400,0.0,0.0
2024-12-18 00:00:00-05:00,114.00651719602398,115.80757849143122,110.76074320629628,111.28083801269531,941100,0.0,0.0
2024-12-19 00:00:00-05:00,111.15562700911138,112.64848471266424,109.09450739679377,109.1330337524414,762000,0.0,0.0
2024-12-20 00:00:00-05:00,109.02709947499822,110.5295981092524,108.4781117090645,109.05599975585938,1294100,0.0,0.0
2024-12-23 00:00:00-05:00,108.89225407867389,110.50069826435005,108.83446821686981,110.182861328125,415400,0.0,0.0
2024-12-24 00:00:00-05:00,110.23100939546978,111.05930767321149,109.77834124902347,110.71257781982422,178900,0.0,0.0
2024-12-26 00:00:00-05:00,110.37548625790042,111.0978389262743,110.25991453377745,110.94374084472656,342000,0.0,0.0
2024-12-27 00:00:00-05:00,110.66443115302242,111.8876117814364,109.82649940564657,110.0672836303711,309700,0.0,0.0
2024-12-30 00:00:00-05:00,109.7494441095121,109.99986175481962,108.53589693610503,109.26787567138672,421200,0.0,0.0
2024-12-31 00:00:00-05:00,109.43160764566534,111.13635657627574,109.43160764566534,110.42363739013672,413500,0.0,0.0
2025-01-02 00:00:00-05:00,110.68368904544191,111.65645935664067,107.59202052679468,107.99653625488281,460300,0.0,0.0
2025-01-03 00:00:00-05:00,108.1795443420163,108.47811445176457,106.67705301792572,107.85208129882812,447200,0.0,0.0
2025-01-06 00:00:00-05:00,110.0961773381338,110.4236477071075,108.776684480154,109.40271759033203,640200,0.0,0.0
2025-01-07 00:00:00-05:00,108.88262576359699,109.85538870868739,106.86966589034377,107.56312561035156,633400,0.0,0.0
2025-01-08 00:00:00-05:00,107.06231176610673,107.14899056844234,104.93377254327213,106.46516418457031,556300,0.0,0.0
2025-01-10 00:00:00-05:00,106.72520137886895,107.62091902203386,105.30938890920648,105.98358917236328,875300,0.0,0.0
2025-01-13 00:00:00-05:00,105.81023084607969,109.29678941290346,105.00119194933595,109.2293701171875,683200,0.0,0.0
2025-01-14 00:00:00-05:00,109.85539157140761,110.9341075359912,109.42198290918412,110.73184967041016,310100,0.0,0.0
2025-01-15 00:00:00-05:00,113.16858708520441,113.977618563637,111.85872029789802,112.34992218017578,522200,0.0,0.0
2025-01-16 00:00:00-05:00,111.86835585196891,113.5731049843159,111.86835585196891,113.36121368408203,448700,0.0,0.0
2025-01-17 00:00:00-05:00,114.4399239774121,114.50734326519785,112.99521865501683,113.61162567138672,355400,0.0,0.0
2025-01-21 00:00:00-05:00,114.45919177027089,115.13339204510078,113.93910428292024,114.76740264892578,398600,0.0,0.0
2025-01-22 00:00:00-05:00,114.5747626695178,114.5747626695178,113.35158206183225,113.39973449707031,225600,0.0,0.0
2025-01-23 00:00:00-05:00,113.08190882159374,114.04504573748235,112.09950505242251,113.90057373046875,498000,0.0,0.0
2025-01-24 00:00:00-05:00,114.0450455568662,114.92149632789797,113.06264178925083,113.32269287109375,444300,0.0,0.0
2025-01-27 00:00:00-05:00,113.89094109169064,114.3147236890217,111.54088464925697,113.23600769042969,608900,0.0,0.0
2025-01-28 00:00:00-05:00,115.43195680730655,115.4415902338567,112.57143901848173,112.59070587158203,579400,0.0,0.0
2025-01-29 00:00:00-05:00,111.99355615390348,114.25692637093111,111.7527719319186,112.76406860351562,435900,0.0,0.0
2025-01-30 00:00:00-05:00,112.68701310248443,113.54420432370252,109.35456043439422,111.56977081298828,614800,0.0,0.0
2025-01-31 00:00:00-05:00,110.89558712091049,111.70462597473869,109.11378524451676,110.05765533447266,1276000,0.0,0.0
2025-02-03 00:00:00-05:00,107.48607122483087,108.35289586135188,104.55813431266598,106.4940414428711,606700,0.0,0.0
2025-02-04 00:00:00-05:00,105.29013505357284,107.54387942266484,105.21308233110855,107.12973022460938,603500,0.0,0.0
2025-02-05 00:00:00-05:00,106.62887514497966,107.01413133785704,105.3768017033165,105.68500518798828,380700,0.0,0.0
2025-02-06 00:00:00-05:00,106.3206901107771,110.0095064895682,105.96432678459726,108.79595184326172,518900,0.0,0.0
2025-02-07 00:00:00-05:00,108.91152050356038,108.91152050356038,106.96597988475052,107.41865539550781,267900,0.0,0.0
2025-02-10 00:00:00-05:00,108.43958441684913,108.43958441684913,106.51331053916972,106.92745971679688,348600,0.0,0.0
2025-02-11 00:00:00-05:00,106.86003721066665,108.92114960993345,106.66741276795351,108.37216186523438,859100,0.0,0.0
2025-02-12 00:00:00-05:00,107.12972188801456,107.96764629811409,106.24363034493302,106.97561645507812,623700,0.0,0.0
2025-02-13 00:00:00-05:00,107.2260409422384,108.63222004070697,106.32068983642431,108.42996215820312,432000,0.0,0.0
2025-02-14 00:00:00-05:00,109.57608471274686,113.37084654826346,109.57608471274686,111.02079010009766,919600,0.0,0.0
2025-02-18 00:00:00-05:00,111.04005034193237,113.87167508394576,111.04005034193237,112.54254150390625,717500,0.0,0.0
2025-02-19 00:00:00-05:00,107.2067666210607,109.6242423118276,107.2067666210607,109.40271759033203,752300,0.0,0.0
2025-02-20 00:00:00-05:00,109.27752455495833,109.88429822749012,106.64816462583501,107.29346466064453,722700,0.0,0.0
2025-02-21 00:00:00-05:00,105.90653282159923,107.1875066643252,104.99155570431006,105.6657485961914,802600,0.0,0.0
2025-02-24 00:00:00-05:00,102.57407474870294,107.01413622473831,100.87895183152376,105.49237823486328,1522000,0.0,0.0
2025-02-25 00:00:00-05:00,106.86003237281031,109.85538861474568,106.40736421811285,107.9580078125,782300,0.0,0.0
2025-02-26 00:00:00-05:00,108.18917596854085,109.57608818763646,106.9852547742363,108.1795425415039,653800,0.0,0.0
2025-02-27 00:00:00-05:00,107.66908163611758,108.67074495625803,106.24363570218453,106.35921478271484,696900,0.0,0.0
2025-02-28 00:00:00-05:00,106.62888680687949,108.32400983204357,105.84874825838902,108.1602783203125,594400,0.0,0.0
2025-03-03 00:00:00-05:00,109.66277044478852,110.51996171687556,104.12473314742874,104.7026138305664,675600,0.0,0.0
2025-03-04 00:00:00-05:00,103.80739002049566,104.70745437324427,101.6782017985194,103.56543731689453,713700,0.525,0.0
2025-03-05 00:00:00-05:00,105.12361483968928,107.69798780366912,104.59131593054144,107.427001953125,638800,0.0,0.0
2025-03-06 00:00:00-05:00,106.91406510946705,107.87219577748276,105.88818797772922,107.18505096435547,547500,0.0,0.0
2025-03-07 00:00:00-05:00,106.54628902069122,108.52062396826575,105.25910624914312,108.27867126464844,717500,0.0,0.0
2025-03-10 00:00:00-04:00,107.66894299968322,109.85619730246938,106.82694501198607,106.89469146728516,659700,0.0,0.0
2025-03-11 00:00:00-04:00,107.26247373252623,107.8625117084616,103.2557375740106,105.13328552246094,968000,0.0,0.0
2025-03-12 00:00:00-04:00,105.49137901949297,107.28182755361216,103.28477153884354,103.51704406738281,831700,0.0,0.0
2025-03-13 00:00:00-04:00,103.26539828392178,106.20754368508517,101.39752334575525,102.31694793701172,502800,0.0,0.0
2025-03-14 00:00:00-04:00,103.99127014765399,104.43646962471438,102.48148762412775,103.82674407958984,581300,0.0,0.0
2025-03-17 00:00:00-04:00,103.77835680091974,105.33652541785592,103.34283750447266,104.22354888916016,919700,0.0,0.0
2025-03-18 00:00:00-04:00,104.66874126886147,104.66874126886147,102.3072805140613,102.45245361328125,662500,0.0,0.0
2025-03-19 00:00:00-04:00,102.48148280200525,102.48148280200525,96.87785750529743,98.67798614501953,1472900,0.0,0.0
2025-03-20 00:00:00-04:00,97.45854254849276,98.89090575112286,96.17135982336949,98.0198745727539,1344800,0.0,0.0
2025-03-21 00:00:00-04:00,96.56815501874203,97.82631194160055,95.98747004811888,97.64242553710938,2590000,0.0,0.0
2025-03-24 00:00:00-04:00,98.67798760868219,100.2361635767559,97.9908428314277,99.34577941894531,942800,0.0,0.0
2025-03-25 00:00:00-04:00,99.74258082073113,99.82968763417756,96.974641282763,97.43919372558594,1006400,0.0,0.0
2025-03-26 00:00:00-04:00,97.50693537822242,98.89090507894315,96.84882375724032,98.31989288330078,674400,0.0,0.0
2025-03-27 00:00:00-04:00,97.67147205465837,99.8684068830802,97.13918050194135,99.60709381103516,673800,0.0,0.0
2025-03-28 00:00:00-04:00,99.09414314948567,99.4909491054098,95.3390400579558,95.92940521240234,857200,0.0,0.0
2025-03-31 00:00:00-04:00,94.92287643465302,97.66178252258082,94.23573171497607,96.81010437011719,678000,0.0,0.0
2025-04-01 00:00:00-04:00,96.33588726745111,97.46822412368935,95.30033001379718,96.76172637939453,467300,0.0,0.0
2025-04-02 00:00:00-04:00,95.3584020120015,98.83284680829018,95.3584020120015,98.72638702392578,503300,0.0,0.0
2025-04-03 00:00:00-04:00,94.5357532370289,95.05837192190371,90.94517628306131,91.20648193359375,1118200,0.0,0.0
2025-04-04 00:00:00-04:00,87.78045093594434,88.16757679590168,82.56395046309649,85.61255645751953,1258200,0.0,0.0
2025-04-07 00:00:00-04:00,82.66072435387572,89.74509914723204,79.67986530399851,83.44464874267578,1478700,0.0,0.0
2025-04-08 00:00:00-04:00,87.13200572306366,87.664304620134,78.78948129712444,80.40572357177734,1150500,0.0,0.0
2025-04-09 00:00:00-04:00,80.0766603033074,91.48715006235747,79.93148721238516,90.71290588378906,1568700,0.0,0.0
2025-04-10 00:00:00-04:00,88.66114458495144,89.26118991615479,82.31230834279026,84.18018341064453,909700,0.0,0.0
2025-04-11 00:00:00-04:00,83.79305552364012,87.1416797932803,82.64135838183832,86.85133361816406,655600,0.0,0.0
2025-04-14 00:00:00-04:00,88.40951013700352,88.91277585966738,85.67060395474182,87.20942687988281,514700,0.0,0.0
2025-04-15 00:00:00-04:00,86.94811280619436,88.16755639861141,86.51260092937895,87.15135955810547,568400,0.0,0.0
2025-04-16 00:00:00-04:00,87.32557451964476,88.71921709512814,85.92224438457488,87.41267395019531,562400,0.0,0.0
2025-04-17 00:00:00-04:00,88.14821388307465,89.85155566066247,88.07078724305408,88.89342498779297,605500,0.0,0.0
2025-04-21 00:00:00-04:00,87.97399846653951,89.14504858551675,86.71584154066444,87.81914520263672,389100,0.0,0.0
2025-04-22 00:00:00-04:00,89.13537327854422,90.7516155437952,88.28370243199643,90.38385009765625,428600,0.0,0.0
2025-04-23 00:00:00-04:00,93.01629057602278,95.32935764804726,88.89341476662015,89.48377990722656,622200,0.0,0.0
2025-04-24 00:00:00-04:00,90.15157743992584,92.5323911203676,88.69986124084107,91.7000732421875,582400,0.0,0.0
2025-04-25 00:00:00-04:00,90.04511779413215,90.81936200450002,88.75792765693016,90.38385009765625,600100,0.0,0.0
2025-04-28 00:00:00-04:00,90.38385536819183,91.17745997578719,89.02891869127487,90.0644760131836,668300,0.0,0.0
2025-04-29 00:00:00-04:00,89.35797150258475,90.73226104442313,88.80631965078706,90.3741683959961,428100,0.0,0.0
2025-04-30 00:00:00-04:00,88.87406507388495,89.57089001198929,87.0642562698534,89.45475006103516,691500,0.0,0.0
2025-05-01 00:00:00-04:00,89.82251494057707,91.14841834980629,88.56436537350928,89.29989624023438,869900,0.0,0.0
2025-05-02 00:00:00-04:00,76.92160072659946,81.78000738383996,75.98282312906768,77.2796859741211,2723100,0.0,0.0
2025-05-05 00:00:00-04:00,76.66029434283041,78.62494913054888,75.66345037734256,75.70216369628906,1848800,0.0,0.0
2025-05-06 00:00:00-04:00,75.1989028482801,76.66029935282218,74.74403793450576,76.29253387451172,1677500,0.0,0.0
2025-05-07 00:00:00-04:00,76.1957476880261,76.47640632284441,74.49239860909084,75.48924255371094,1513000,0.0,0.0
2025-05-08 00:00:00-04:00,76.56351028754736,78.92497091936289,76.03121141273314,77.85070037841797,958200,0.0,0.0
2025-05-09 00:00:00-04:00,78.44106230925972,79.26369994973865,76.91191958980343,77.42485809326172,867300,0.0,0.0
2025-05-12 00:00:00-04:00,81.62516956802543,84.50924936272314,80.48315976921303,82.9026870727539,1220200,0.0,0.0
2025-05-13 00:00:00-04:00,83.21237554534817,84.49955829320457,82.58329705075977,83.74466705322266,1037700,0.0,0.0
2025-05-14 00:00:00-04:00,82.92203216288168,82.97042565787858,79.53469425979632,79.91213989257812,1420700,0.0,0.0
2025-05-15 00:00:00-04:00,78.47977517290255,80.72510334440103,77.42486493242727,80.10569763183594,1249400,0.0,0.0
2025-05-16 00:00:00-04:00,80.12505239492914,81.25738919348005,78.64430313777643,79.40887451171875,1569500,0.0,0.0
2025-05-19 00:00:00-04:00,77.84102362961724,77.84102362961724,75.64409634301231,77.3667984008789,2365300,0.0,0.0
2025-05-20 00:00:00-04:00,76.47539400017182,76.90404826854864,74.20548561735616,74.23471069335938,1858700,0.525,0.0
2025-05-21 00:00:00-04:00,73.75733911660338,73.99114712135001,71.73098325513936,71.76021575927734,1332000,0.0,0.0
2025-05-22 00:00:00-04:00,71.23414750220455,71.56537491431844,69.909222988503,70.47425842285156,1284900,0.0,0.0
2025-05-23 00:00:00-04:00,68.46739671469656,70.2209756158486,68.46739671469656,69.6851577758789,979900,0.0,0.0
2025-05-27 00:00:00-04:00,70.85421419888016,71.13672822972727,69.9189671454339,70.82498168945312,1358700,0.0,0.0
2025-05-28 00:00:00-04:00,70.96136042886373,71.14646246627252,68.72068480617486,68.74016571044922,955700,0.0,0.0
2025-05-29 00:00:00-04:00,69.79232134387284,70.04561772573341,68.86682591042373,69.6851577758789,1359300,0.0,0.0
2025-05-30 00:00:00-04:00,68.81811060658316,69.4903170723503,67.67828806842248,69.19805145263672,3678500,0.0,0.0
2025-06-02 00:00:00-04:00,69.21753520213248,69.21753520213248,66.89891360211207,68.02899932861328,1618400,0.0,0.0
2025-06-03 00:00:00-04:00,67.99004084753423,70.49375745359568,66.7820238780175,69.65593719482422,1175000,0.0,0.0
2025-06-04 00:00:00-04:00,69.75334221118936,70.60090646538339,69.55850344206603,70.25019073486328,1092500,0.0,0.0
2025-06-05 00:00:00-04:00,70.66911099333312,70.67885516298463,69.3441863604281,70.13329315185547,1058100,0.0,0.0
2025-06-06 00:00:00-04:00,71.11724904933344,71.66280364990234,70.60091952627728,71.66280364990234,1115700,0.0,0.0
2025-06-09 00:00:00-04:00,72.51036338316864,74.36136164334833,72.25706700669178,73.99115753173828,1388200,0.0,0.0
2025-06-10 00:00:00-04:00,74.95563502073972,77.81006739033398,74.30290941002264,77.7516098022461,1714200,0.0,0.0
2025-06-11 00:00:00-04:00,78.20947850492713,79.43698363058856,77.8100567760371,78.1218032836914,3143600,0.0,0.0
2025-06-12 00:00:00-04:00,76.61178132116382,77.86851159597981,76.11493273981252,76.59230041503906,1750900,0.0,0.0
2025-06-13 00:00:00-04:00,75.63757816531445,77.17683000634001,74.69259434604403,75.30635070800781,1329100,0.0,0.0
2025-06-16 00:00:00-04:00,75.84216231544156,76.03700855742315,73.55277285868289,74.44904327392578,1055800,0.0,0.0
2025-06-17 00:00:00-04:00,73.9716833236621,74.4880128601629,71.3315780519865,71.35105895996094,908000,0.0,0.0
2025-06-18 00:00:00-04:00,70.91266948968945,71.73100142995847,69.21754801868623,69.34419250488281,1006100,0.0,0.0
2025-06-20 00:00:00-04:00,69.61695776848089,70.83471873021466,68.32125832136664,70.17225646972656,1912800,0.0,0.0
2025-06-23 00:00:00-04:00,69.97742643059168,71.75048631506462,69.19805634467268,71.66280364990234,1685100,0.0,0.0
2025-06-24 00:00:00-04:00,72.14016909813452,74.73156080228193,71.81867839031727,73.82554626464844,1353800,0.0,0.0
2025-06-25 00:00:00-04:00,73.06566442642966,73.62096317876558,72.15964989023699,72.97798919677734,1145800,0.0,0.0
2025-06-26 00:00:00-04:00,73.31895909977167,74.20548527582469,72.61752754842836,74.13729095458984,894400,0.0,0.0
2025-06-27 00:00:00-04:00,74.80949914649294,75.6960253428864,73.82554611813698,74.17626190185547,1418300,0.0,0.0
2025-06-30 00:00:00-04:00,74.03987401099465,74.25420115129891,72.88056307896183,73.9716796875,1211900,0.0,0.0
2025-07-01 00:00:00-04:00,73.59173354838587,79.86564059068121,73.4456007420509,78.40432739257812,1977400,0.0,0.0
2025-07-02 00:00:00-04:00,78.61864914920399,80.35274709988914,77.98541935949775,79.7389907836914,1181000,0.0,0.0
2025-07-03 00:00:00-04:00,80.20660992586363,80.4404179498438,78.61864487174795,79.01807403564453,707600,0.0,0.0
2025-07-07 00:00:00-04:00,78.11207192212174,79.14473100442414,75.69603051720053,76.68972778320312,1066100,0.0,0.0
2025-07-08 00:00:00-04:00,77.33269536821172,81.76534858187594,77.26450104643028,80.92752838134766,1137200,0.0,0.0
2025-07-09 00:00:00-04:00,81.75561040303282,83.6260897369196,81.24902503733921,83.28511810302734,1747800,0.0,0.0
2025-07-10 00:00:00-04:00,83.08052536249258,86.13954040311226,82.92465581929213,84.24958038330078,1059200,0.0,0.0
2025-07-11 00:00:00-04:00,82.72980828035709,83.56762843049215,81.55101654182361,83.15846252441406,617100,0.0,0.0
2025-07-14 00:00:00-04:00,82.20373910043125,82.8856897468189,80.76191418200906,81.18082427978516,747500,0.0,0.0
2025-07-15 00:00:00-04:00,82.69084515597378,82.80775289462838,79.54415470824719,79.6220932006836,615900,0.0,0.0
2025-07-16 00:00:00-04:00,79.77796544636816,80.08971199401512,77.85877274291303,79.15447235107422,816900,0.0,0.0
2025-07-17 00:00:00-04:00,79.93383849179021,81.82379859185791,79.06679321666604,81.27824401855469,789000,0.0,0.0
2025-07-18 00:00:00-04:00,82.11606275670965,82.11606275670965,78.87194558541097,79.33956909179688,863500,0.0,0.0
2025-07-21 00:00:00-04:00,80.19686929735849,81.10288379197922,79.3687932917128,79.89486694335938,698200,0.0,0.0
2025-07-22 00:00:00-04:00,80.7229387966034,83.94756742768128,80.46964243677576,83.47020721435547,1005700,0.0,0.0
2025-07-23 00:00:00-04:00,85.42837059849315,86.22722150361089,83.95731325436081,85.05816650390625,757400,0.0,0.0
2025-07-24 00:00:00-04:00,82.50575543105602,83.20718703942671,79.02782990007145,80.08971405029297,2067100,0.0,0.0
2025-07-25 00:00:00-04:00,80.51835913395608,83.88912070374863,79.94357207465457,83.54814910888672,1431800,0.0,0.0
2025-07-28 00:00:00-04:00,82.85646182339619,84.20086729830997,81.46334293519183,83.59685516357422,1338800,0.0,0.0
2025-07-29 00:00:00-04:00,83.79170336178491,84.03525556873949,82.05761283748814,82.93439483642578,1725900,0.0,0.0
2025-07-30 00:00:00-04:00,82.35961415585402,82.35961415585402,76.95275225667663,77.59573364257812,1640600,0.0,0.0
2025-07-31 00:00:00-04:00,75.79345502860852,77.38141285222842,75.50118938696421,77.25476837158203,1419300,0.0,0.0
2025-08-01 00:00:00-04:00,76.37797481874141,76.475394216569,73.13385758597958,73.48457336425781,1594500,0.0,0.0
2025-08-04 00:00:00-04:00,74.44903809714177,75.41351020448215,73.87425844666747,74.2834243774414,1828300,0.0,0.0
2025-08-05 00:00:00-04:00,80.84958845878374,82.92465801684396,78.64788186160155,80.93727111816406,2588500,0.0,0.0
2025-08-06 00:00:00-04:00,81.67767410943051,82.18426692141495,78.57969680995569,79.02783203125,1303000,0.0,0.0
2025-08-07 00:00:00-04:00,80.75217435734497,81.9212220531619,79.58312666152804,79.95332336425781,1082300,0.0,0.0
2025-08-08 00:00:00-04:00,79.91435324328457,80.46965200762203,76.83585704721384,76.9625015258789,1230700,0.0,0.0
2025-08-11 00:00:00-04:00,77.12811647942671,78.00490597197566,74.24445904041777,74.90692138671875,1002700,0.0,0.0
2025-08-12 00:00:00-04:00,74.90692521610359,77.15734550150495,74.37110732309164,77.12812042236328,1301400,0.0,0.0
2025-08-13 00:00:00-04:00,77.36192492711969,82.87594290946124,77.36192492711969,82.84671783447266,1293000,0.0,0.0
2025-08-14 00:00:00-04:00,80.908053660984,83.713772670745,80.2748163773832,83.33383178710938,2100600,0.0,0.0
2025-08-15 00:00:00-04:00,83.99628197672799,84.58080575664393,81.66792359334961,81.81405639648438,1004500,0.0,0.0
2025-08-18 00:00:00-04:00,81.72637857970786,81.91148063681136,80.10919577845006,81.13211059570312,1099300,0.0,0.0
2025-08-19 00:00:00-04:00,82.01451378086854,82.56356251546218,80.9752333443803,81.92626953125,1011900,0.53,0.0
2025-08-20 00:00:00-04:00,83.48518841114075,84.39700578411428,81.1223040165751,81.13211059570312,1124100,0.0,0.0
2025-08-21 00:00:00-04:00,80.23989413097205,81.60272430008433,79.25944572284055,81.12229919433594,688200,0.0,0.0
2025-08-22 00:00:00-04:00,82.0439270256944,89.44631585412601,81.76940265509045,88.82862854003906,2312300,0.0,0.0
2025-08-25 00:00:00-04:00,87.78935438102789,88.31879743725516,85.26960218467816,85.52452087402344,1229000,0.0,0.0
2025-08-26 00:00:00-04:00,85.83826560509246,86.05395798275008,84.1518930582347,84.49504852294922,1318500,0.0,0.0
2025-08-27 00:00:00-04:00,83.60284241164334,85.80885159226517,83.60284241164334,84.39701080322266,882500,0.0,0.0
2025-08-28 00:00:00-04:00,85.2009758352877,85.37745686385314,83.50479664517374,84.7205581665039,1097000,0.0,0.0
2025-08-29 00:00:00-04:00,85.05390203742712,86.42653134733321,84.78918425034004,86.10298156738281,907500,0.0,0.0
2025-09-02 00:00:00-04:00,84.70094124519194,85.28920882086952,83.54401177159389,84.83820343017578,555300,0.0,0.0
2025-09-03 00:00:00-04:00,83.88716881885992,84.88723044861032,81.9360784552483,82.99496459960938,951500,0.0,0.0
2025-09-04 00:00:00-04:00,82.89692376443264,86.14220590957031,81.8772564256079,85.92650604248047,1000400,0.0,0.0
2025-09-05 00:00:00-04:00,86.58340113458503,90.41695820483056,85.70100350450603,87.67169952392578,1200200,0.0,0.0
2025-09-08 00:00:00-04:00,87.36776160154122,87.36776160154122,84.60289728366126,86.65203094482422,857100,0.0,0.0
2025-09-09 00:00:00-04:00,86.27945936591316,87.36775769042414,83.99501279426558,84.328369140625,1086400,0.0,0.0
2025-09-10 00:00:00-04:00,83.81853244744745,85.00487412550983,83.24007147625683,83.40674591064453,751700,0.0,0.0
2025-09-11 00:00:00-04:00,83.76951909479033,87.89720622749657,83.76951909479033,87.82857513427734,831600,0.0,0.0
2025-09-12 00:00:00-04:00,87.4658075347021,87.93642609388189,86.14220358983704,86.40692138671875,745800,0.0,0.0
2025-09-15 00:00:00-04:00,86.98538628469895,87.34814741803059,84.16169000667405,85.05390167236328,1027100,0.0,0.0
2025-09-16 00:00:00-04:00,85.38724692697598,86.51476407459009,85.053898063978,85.98532104492188,1035000,0.0,0.0
2025-09-17 00:00:00-04:00,86.50496986049686,89.71103299423645,83.98521764828317,85.25979614257812,1357200,0.0,0.0
2025-09-18 00:00:00-04:00,86.28925955662845,86.60300272279709,83.24006465407061,83.29888916015625,1243800,0.0,0.0
2025-09-19 00:00:00-04:00,82.94593915080982,83.28909461961524,81.08308555985845,81.44585418701172,1342200,0.0,0.0
2025-09-22 00:00:00-04:00,80.8869957227133,80.8869957227133,79.33788540331452,79.6712417602539,1575900,0.0,0.0
2025-09-23 00:00:00-04:00,80.40657990979192,80.77914762990608,77.99467760749602,78.14173889160156,969600,0.0,0.0
2025-09-24 00:00:00-04:00,78.15154253725812,79.44573415040692,77.2691374646049,77.3377685546875,1022000,0.0,0.0
2025-09-25 00:00:00-04:00,76.34752519758828,76.58283073637378,74.3768216746608,74.51408386230469,1061400,0.0,0.0
2025-09-26 00:00:00-04:00,75.08274117720592,76.83774473210268,74.67095463947,76.13182067871094,1076500,0.0,0.0
2025-09-29 00:00:00-04:00,76.96520428343668,77.34757858528009,75.03371961604769,75.5141372680664,599000,0.0,0.0
2025-09-30 00:00:00-04:00,74.87684803714927,75.72003427123687,73.56304327324833,75.55335235595703,936600,0.0,0.0
2025-10-01 00:00:00-04:00,75.02391853344854,76.02398022709751,73.62187683056203,75.25923156738281,1180600,0.0,0.0
2025-10-02 00:00:00-04:00,75.20039841319964,78.6908002273018,75.18079273412073,78.30842590332031,1376600,0.0,0.0
2025-10-03 00:00:00-04:00,78.38684762879018,81.15171185429507,77.24953135940639,80.7007064819336,936300,0.0,0.0
2025-10-06 00:00:00-04:00,81.63214296801749,81.71057316185595,79.66143941840292,80.1026382446289,899500,0.0,0.0
2025-10-07 00:00:00-04:00,80.39676838749577,81.84783530335072,77.94564740007212,78.78883361816406,1628200,0.0,0.0
2025-10-08 00:00:00-04:00,79.05355862352316,81.0732875884338,77.69073582829385,80.7595443725586,1126900,0.0,0.0
2025-10-09 00:00:00-04:00,80.88699696752366,81.37722119156925,78.51431351839769,79.14179992675781,1264100,0.0,0.0
2025-10-10 00:00:00-04:00,79.6124083504907,80.10263255826521,74.01404879533303,74.16111755371094,1402600,0.0,0.0
2025-10-13 00:00:00-04:00,75.21019691304178,77.00441930526587,74.80821695316598,76.21025848388672,872500,0.0,0.0
2025-10-14 00:00:00-04:00,73.6316725543332,76.51419321309409,72.83751175252259,76.26908111572266,1009700,0.0,0.0
2025-10-15 00:00:00-04:00,76.7004821495016,77.53386179917344,75.58276408402408,75.81807708740234,1359200,0.0,0.0
2025-10-16 00:00:00-04:00,76.10241417535626,76.36713197527286,73.88659850255695,74.5631103515625,909100,0.0,0.0
2025-10-17 00:00:00-04:00,74.51407620756333,74.71016288970279,73.23949033297457,73.77873992919922,989500,0.0,0.0
2025-10-20 00:00:00-04:00,74.34741538090036,74.71017655724492,73.44540450968034,73.916015625,664800,0.0,0.0
2025-10-21 00:00:00-04:00,73.86698724042661,75.53375419753891,73.1218517577081,75.39649200439453,1086200,0.0,0.0
2025-10-22 00:00:00-04:00,75.02390810849379,76.17103841889491,73.61206750221399,73.87678527832031,1176800,0.0,0.0
2025-10-23 00:00:00-04:00,76.60243503662792,77.69073341924886,75.10235009848233,77.2495346069336,1253100,0.0,0.0
2025-10-24 00:00:00-04:00,78.09272045157554,78.71040028150556,77.35738411489447,77.67112731933594,891800,0.0,0.0
2025-10-27 00:00:00-04:00,78.01428249515291,78.47509446129128,77.65151387750127,78.17115783691406,598700,0.0,0.0
2025-10-28 00:00:00-04:00,76.31810993296092,77.32797820156848,74.31800151571782,74.94548797607422,1167100,0.0,0.0
2025-10-29 00:00:00-04:00,75.14156613671604,75.14156613671604,71.69039099759256,72.0335464477539,1992700,0.0,0.0
2025-10-30 00:00:00-04:00,68.16078154089558,71.39626482565473,64.484099390137,66.954833984375,3359800,0.0,0.0
2025-10-31 00:00:00-04:00,66.58225542617653,68.16077049187729,66.01359355045233,67.46465301513672,1949500,0.0,0.0
2025-11-03 00:00:00-05:00,67.65094670195168,69.2392759695754,66.54304258652661,66.94502258300781,1566000,0.0,0.0
2025-11-04 00:00:00-05:00,66.14104755119953,66.85677816784275,65.45473666967392,65.4743423461914,874000,0.0,0.0
2025-11-05 00:00:00-05:00,65.2390395221029,66.18026911860686,64.10171575118486,64.57233428955078,931900,0.0,0.0
2025-11-06 00:00:00-05:00,64.6311608896909,65.00373609299989,63.07225142393427,63.19970703125,1114600,0.0,0.0
2025-11-07 00:00:00-05:00,62.74870312033441,64.24878810746837,62.640853188428075,63.68012619018555,875400,0.0,0.0
2025-11-10 00:00:00-05:00,64.56253070326485,64.56253070326485,62.95459579968054,63.90563201904297,1203100,0.0,0.0
2025-11-11 00:00:00-05:00,64.52331269063775,64.98412467747012,61.709426573427045,62.20945739746094,1418800,0.0,0.0
2025-11-12 00:00:00-05:00,62.209452788424194,63.31736054654109,61.08193561315938,61.581966400146484,1189200,0.0,0.0
2025-11-13 00:00:00-05:00,61.46431433769376,64.39585696110062,61.46431433769376,63.64091491699219,1985700,0.0,0.0
2025-11-14 00:00:00-05:00,63.00361996766165,63.00361996766165,61.17017865942193,61.336856842041016,858500,0.0,0.0
2025-11-17 00:00:00-05:00,61.33685327474948,61.542746541203755,57.434669090016655,57.895477294921875,1037700,0.0,0.0
2025-11-18 00:00:00-05:00,57.89547682604578,58.51316036052003,56.307151477511496,57.503299713134766,1410300,0.0,0.0
2025-11-19 00:00:00-05:00,57.19936267454937,57.68958689913751,55.738492839626524,56.37578582763672,1869700,0.0,0.0
2025-11-20 00:00:00-05:00,56.74835589580473,58.20922195483736,55.22866158482116,55.27768325805664,1915000,0.0,0.0
2025-11-21 00:00:00-05:00,55.78752096050172,59.728920626092496,55.71888986493912,57.87587356567383,1929100,0.0,0.0
2025-11-24 00:00:00-05:00,57.70919631082933,59.84657422901664,57.473887037401745,59.434783935546875,3632100,0.0,0.0
2025-11-25 00:00:00-05:00,60.216175686237655,62.85706064028454,60.038138074380285,62.18447494506836,2194300,0.53,0.0
2025-11-26 00:00:00-05:00,62.15480326492413,64.50885319808474,62.095456136606614,64.0143051147461,1524200,0.0,0.0
2025-11-28 00:00:00-05:00,64.00441201132573,66.23977145994733,63.95496173073706,66.08151245117188,1050600,0.0,0.0
2025-12-01 00:00:00-05:00,64.78579714591322,69.29607312785085,64.78579714591322,66.8530044555664,2362300,0.0,0.0
2025-12-02 00:00:00-05:00,66.78376109862486,66.99147790705652,65.36935346385158,65.87379455566406,1249300,0.0,0.0
2025-12-03 00:00:00-05:00,65.97270725539585,69.54334480195124,65.72543322888207,67.9607925415039,1538500,0.0,0.0
2025-12-04 00:00:00-05:00,67.91133762913985,68.41577117553443,66.54638026636796,67.2288589477539,2100800,0.0,0.0
2025-12-05 00:00:00-05:00,67.49591503017407,69.57301530874878,66.79365771221904,67.27831268310547,1488000,0.0,0.0
2025-12-08 00:00:00-05:00,67.06072040493704,68.37621251825793,66.1903109839195,66.88268280029297,1580000,0.0,0.0
2025-12-09 00:00:00-05:00,67.94101487464306,70.25549617248333,67.67395469645871,67.69374084472656,1464200,0.0,0.0
2025-12-10 00:00:00-05:00,67.92122325897655,72.05564500822348,67.51569780658309,71.93695831298828,1752400,0.0,0.0
2025-12-11 00:00:00-05:00,71.8182636943914,74.2712176349533,71.44240991778055,74.10307312011719,1960500,0.0,0.0
2025-12-12 00:00:00-05:00,74.45915461447609,74.57784886536349,72.80736590720012,73.58875274658203,1944500,0.0,0.0
2025-12-15 00:00:00-05:00,75.19108768520086,75.49771262998135,70.49288086757034,72.8271484375,3755900,0.0,0.0
2025-12-16 00:00:00-05:00,72.20401703142262,73.60853171601325,71.27426426034214,72.5403060913086,2460000,0.0,0.0
2025-12-17 00:00:00-05:00,72.40183092370091,74.61741160328617,72.28314422221892,73.17333221435547,1921700,0.0,0.0
2025-12-18 00:00:00-05:00,73.58875342679204,74.83501666091365,72.5403063997734,73.96460723876953,1514500,0.0,0.0
2025-12-19 00:00:00-05:00,74.61741548267891,74.61741548267891,71.00721304955394,71.69957733154297,1786700,0.0,0.0
2025-12-22 00:00:00-05:00,71.77870284260287,73.78656669492129,71.47208546994466,73.578857421875,928100,0.0,0.0
2025-12-23 00:00:00-05:00,73.23267441337018,73.51951318111443,71.08633773834381,72.49085235595703,1328100,0.0,0.0
2025-12-24 00:00:00-05:00,72.80736574653783,73.3118068789405,72.04575751088218,72.87660217285156,313900,0.0,0.0
2025-12-26 00:00:00-05:00,72.82714467706174,73.2030060326357,72.38205444106627,72.94583892822266,704400,0.0,0.0
2025-12-29 00:00:00-05:00,72.21391281578433,73.8657015932961,72.16445498926045,73.5689697265625,1186700,0.0,0.0
2025-12-30 00:00:00-05:00,73.60853140005982,74.62729919572384,73.47995162116202,74.06351470947266,945000,0.0,0.0
2025-12-31 00:00:00-05:00,73.99427492969016,74.39980794247418,72.6985614866856,73.1337661743164,839200,0.0,0.0
2026-01-02 00:00:00-05:00,73.75689498633459,74.35035112994218,71.89739705737628,73.34147644042969,919800,0.0,0.0
2026-01-05 00:00:00-05:00,73.09420419735588,76.48680416388923,73.09420419735588,74.16242980957031,1005400,0.0,0.0
2026-01-06 00:00:00-05:00,74.08329678099675,77.48578211332749,73.57885567488742,76.58570861816406,1358400,0.0,0.0
2026-01-07 00:00:00-05:00,77.01102475589822,77.77262545043074,73.14365529201558,73.65798950195312,1640400,0.0,0.0
2026-01-08 00:00:00-05:00,73.05463822807572,80.66078961837529,72.69856302994698,78.66281127929688,1759300,0.0,0.0
2026-01-09 00:00:00-05:00,79.02878064101209,82.39170892181771,77.56491507894219,82.29279327392578,1622700,0.0,0.0
2026-01-12 00:00:00-05:00,82.09497562977084,84.20174758893742,81.72900735912505,84.01382446289062,2078900,0.0,0.0
2026-01-13 00:00:00-05:00,84.78531627086923,85.5370313965017,83.55883925782983,84.07316589355469,1179700,0.0,0.0
2026-01-14 00:00:00-05:00,84.6962981928055,89.20658163961689,84.14240677938488,88.87028503417969,1600500,0.0,0.0
2026-01-15 00:00:00-05:00,89.82970757443432,90.08687467358422,85.32931729723109,87.33718872070312,2111400,0.0,0.0
2026-01-16 00:00:00-05:00,85.68538832520562,87.91085444368811,85.68538832520562,86.91187286376953,904900,0.0,0.0
2026-01-20 00:00:00-05:00,85.35899742207714,85.35899742207714,82.39170908823256,83.00494384765625,1107900,0.0,0.0
2026-01-21 00:00:00-05:00,84.06327324210297,87.01078286385673,83.40058068340875,85.73484802246094,1826400,0.0,0.0
2026-01-22 00:00:00-05:00,86.14038148151458,88.87028901282595,85.26008649740196,85.80409240722656,987600,0.0,0.0
2026-01-23 00:00:00-05:00,85.95245324674102,86.43710822645481,84.1522986330282,84.290771484375,1279500,0.0,0.0
2026-01-26 00:00:00-05:00,84.65673265515613,85.01280785938808,82.57963232793948,83.2423324584961,1403100,0.0,0.0
2026-01-27 00:00:00-05:00,82.60930083088087,83.62807612653802,80.7596960009357,80.78936767578125,1252100,0.0,0.0
2026-01-28 00:00:00-05:00,81.59053950327745,82.0949806539681,80.10689527459128,80.98719024658203,1180000,0.0,0.0
2026-01-29 00:00:00-05:00,81.2047899957517,81.78836063095888,77.58470211821565,80.6706771850586,1370200,0.0,0.0
2026-01-30 00:00:00-05:00,79.70136419088301,81.15533664049829,76.73407594144913,78.4551010131836,2094800,0.0,0.0
2026-02-02 00:00:00-05:00,79.018892227851,83.35113072541397,77.75285034068399,82.85658264160156,1571900,0.0,0.0
2026-02-03 00:00:00-05:00,83.60829153557603,90.59130753751086,83.59839846170861,89.9088363647461,2029100,0.0,0.0
2026-02-04 00:00:00-05:00,92.0353937491806,96.99075970291838,92.0353937491806,94.9532241821289,2645700,0.0,0.0
2026-02-05 00:00:00-05:00,93.1431778552373,94.21140345351581,89.33515938236756,91.16498565673828,1574300,0.0,0.0
2026-02-06 00:00:00-05:00,93.06405419531858,95.25984888081574,92.16398061255454,94.88399505615234,1094700,0.0,0.0
2026-02-09 00:00:00-05:00,93.07394025826869,95.54668047525885,92.52994193825343,95.42799377441406,983900,0.0,0.0
2026-02-10 00:00:00-05:00,95.97199270002179,99.14699025312717,95.28951398104063,98.0392074584961,1218600,0.0,0.0
2026-02-11 00:00:00-05:00,97.48531002169014,101.85712055560037,97.48531002169014,99.26568603515625,1850400,0.0,0.0
2026-02-12 00:00:00-05:00,99.59209280081369,101.87690247056216,95.62581516450788,97.6534652709961,1183600,0.0,0.0
2026-02-13 00:00:00-05:00,97.4259653722463,100.24488773418209,96.24893860423275,98.98873901367188,820900,0.0,0.0
2026-02-17 00:00:00-05:00,98.49419106390675,100.19543755664638,95.42799467513865,96.75337982177734,1385800,0.0,0.0
2026-02-18 00:00:00-05:00,97.87106270745345,99.6712174295689,96.45665488677668,98.44474029541016,1006200,0.0,0.0
2026-02-19 00:00:00-05:00,97.46553349765107,98.9096129410458,92.08484813887272,94.02347564697266,1528700,0.0,0.0
2026-02-20 00:00:00-05:00,93.0739422823273,95.21039349844578,91.67932069364254,93.37067413330078,1050600,0.0,0.0
2026-02-23 00:00:00-05:00,92.81677290356353,94.19162340287858,90.75945878388825,92.0057144165039,1303200,0.0,0.0
2026-02-24 00:00:00-05:00,101.59994765441789,106.81248052738859,96.76326856452043,103.03413391113281,2388100,0.0,0.0
2026-02-25 00:00:00-05:00,105.20026816314558,105.49700002957631,100.45260357748279,101.9659194946289,1689400,0.0,0.0
2026-02-26 00:00:00-05:00,101.45159072654923,102.53959497075702,98.02931898942775,99.24590301513672,899200,0.0,0.0
2026-02-27 00:00:00-05:00,97.12923875448867,104.84419173049776,96.83251443769123,104.23094940185547,1287600,0.0,0.0
2026-03-02 00:00:00-05:00,102.19340756983797,107.69277940753591,101.58016527828723,105.62557220458984,1758900,0.0,0.0
2026-03-03 00:00:00-05:00,102.872115642146,104.23393885101268,99.005341313031,102.3055191040039,1569400,0.53,0.0
2026-03-04 00:00:00-05:00,104.68124922379135,105.75480295524865,101.06298227748145,105.49635314941406,1031800,0.0,0.0
2026-03-05 00:00:00-05:00,106.85817493837588,111.540053134917,104.21405273686516,104.88005828857422,1999600,0.0,0.0
2026-03-06 00:00:00-05:00,103.37906740838663,105.46652782967196,98.74688632465073,102.57390594482422,1486700,0.0,0.0
2026-03-09 00:00:00-04:00,101.56993460762094,106.80846673543425,99.93972683442041,105.70509338378906,1215400,0.0,0.0
2026-03-10 00:00:00-04:00,104.18423455201119,107.09674143248549,103.2399095144686,104.4128646850586,927400,0.0,0.0
2026-03-11 00:00:00-04:00,104.12458991023789,107.03709664258443,102.92181512777985,106.39097595214844,1051500,0.0,0.0
2026-03-12 00:00:00-04:00,106.59972588480433,113.96548842603168,106.59972588480433,113.53805541992188,1622500,0.0,0.0
2026-03-13 00:00:00-04:00,114.31339739782082,115.76467961994062,110.8342939987567,111.3710708618164,1606600,0.0,0.0
2026-03-16 00:00:00-04:00,110.58578508287076,112.42473819444643,109.34324817182727,110.12853240966797,1324200,0.0,0.0
2026-03-17 00:00:00-04:00,110.58578254076359,114.28357351644044,109.52217127271402,110.77465057373047,1213500,0.0,0.0
2026-03-18 00:00:00-04:00,112.44461869823547,115.08873319943034,111.8879570265288,111.92771911621094,1322700,0.0,0.0
2026-03-19 00:00:00-04:00,110.22793634828005,111.99730773636095,108.74683444016702,110.56591033935547,948700,0.0,0.0
2026-03-20 00:00:00-04:00,111.13249984629522,111.73885844097926,104.85023378241611,105.48641204833984,1522200,0.0,0.0
2026-03-23 00:00:00-04:00,107.14644331706276,110.80447226925001,106.36115908293131,107.85220336914062,1549800,0.0,0.0
2026-03-24 00:00:00-04:00,107.29554579702017,114.44261268773396,106.43073740876672,113.40882110595703,1078000,0.0,0.0
2026-03-25 00:00:00-04:00,113.72692345959751,115.4962948296844,112.55396829751781,113.53805541992188,1119500,0.0,0.0
2026-03-26 00:00:00-04:00,112.95156833739847,115.2477816187286,111.88795708533274,112.78258514404297,1035100,0.0,0.0
2026-03-27 00:00:00-04:00,111.13249986988751,113.75673711334075,111.13249986988751,112.61360168457031,1083900,0.0,0.0
2026-03-30 00:00:00-04:00,114.42274077018173,116.4704391924245,112.91181162488446,115.30742645263672,2027700,0.0,0.0
2026-03-31 00:00:00-04:00,116.05294631321361,118.97539552514712,113.78656022389514,116.12252807617188,1229600,0.0,0.0
2026-04-01 00:00:00-04:00,116.30145512145187,118.63742300242174,114.74082906121005,115.88396453857422,1061400,0.0,0.0
2026-04-02 00:00:00-04:00,115.90384047118826,119.28354235467266,113.80643757807779,118.68712615966797,934000,0.0,0.0
2026-04-06 00:00:00-04:00,116.90781039025553,118.88592697666175,115.67521593068939,118.81634521484375,1044200,0.0,0.0
2026-04-07 00:00:00-04:00,119.80043752698458,123.4882938158099,118.72689138120532,122.65330505371094,1026100,0.0,0.0
2026-04-08 00:00:00-04:00,113.56787557828298,120.15828873504911,112.65337021650592,120.08870697021484,1529600,0.0,0.0
2026-04-09 00:00:00-04:00,120.26763091689908,121.79843730577821,115.56587547891074,116.51020050048828,1318700,0.0,0.0
2026-04-10 00:00:00-04:00,118.25969286587008,120.22786706282686,116.79846826228024,117.66327667236328,926100,0.0,0.0
2026-04-13 00:00:00-04:00,119.28354176110807,121.21196144640919,117.79249748909422,119.43264770507812,871000,0.0,0.0
2026-04-14 00:00:00-04:00,118.77658232928904,119.25371982416253,114.32333443507136,117.22589874267578,935300,0.0,0.0
2026-04-15 00:00:00-04:00,117.42470726279396,117.70304190544836,113.74680098477617,114.56190490722656,951300,0.0,0.0
2026-04-16 00:00:00-04:00,116.03306896545574,118.5181427602935,115.71497982307024,118.28951263427734,1084400,0.0,0.0
2026-04-17 00:00:00-04:00,113.31936830971344,113.82632550194363,110.12853437526432,111.93766784667969,1491700,0.0,0.0
2026-04-20 00:00:00-04:00,111.05298101662241,114.90981288755265,111.05298101662241,113.20008087158203,885700,0.0,0.0
2026-04-21 00:00:00-04:00,112.25575685594146,115.18814098108757,111.48041502400959,114.95951843261719,854600,0.0,0.0
2026-04-22 00:00:00-04:00,116.76865105023884,116.95751908930166,112.82235257069473,113.59769439697266,1087600,0.0,0.0
2026-04-23 00:00:00-04:00,113.66727152420674,114.90980839610197,109.91978365546174,111.5798110961914,982900,0.0,0.0
2026-04-24 00:00:00-04:00,111.33130425272549,112.81240608761154,109.0251561108442,109.97942352294922,1052400,0.0,0.0
2026-04-27 00:00:00-04:00,111.24184841051083,112.98140008907365,108.76670941893128,110.5261459350586,794600,0.0,0.0
2026-04-28 00:00:00-04:00,111.73886041953403,112.18617066373606,108.48837968767586,109.69115447998047,692800,0.0,0.0
2026-04-29 00:00:00-04:00,111.42076770788366,111.80844620634875,109.82038712261017,110.74483489990234,930000,0.0,0.0
2026-04-30 00:00:00-04:00,110.82434783198379,115.01915357326705,110.5261435295977,114.59172058105469,940600,0.0,0.0
2026-05-01 00:00:00-04:00,115.05891609118888,116.35115749119312,114.09470625048709,114.30345153808594,1162000,0.0,0.0
2026-05-04 00:00:00-04:00,114.83028670429515,115.56587400876278,111.72891945850459,114.18417358398438,1204700,0.0,0.0
2026-05-05 00:00:00-04:00,102.0868281056351,106.2915762888621,100.6256110897482,104.15441131591797,1799900,0.0,0.0
2026-05-06 00:00:00-04:00,98.88605747230238,101.95760497076313,98.07095358998022,99.32342529296875,2171000,0.0,0.0
2026-05-07 00:00:00-04:00,98.35921765175905,99.4526561872908,96.5202645624863,96.79859161376953,1413900,0.0,0.0
2026-05-08 00:00:00-04:00,97.29561077191815,97.88209215693739,92.86223983666498,93.2896728515625,1404800,0.0,0.0
2026-05-11 00:00:00-04:00,94.31351679499843,98.35921658088891,93.29961003581353,96.9775161743164,1499200,0.0,0.0
2026-05-12 00:00:00-04:00,98.42879667410976,98.91587658413741,95.86420635594425,95.96360778808594,1018500,0.0,0.0
2026-05-13 00:00:00-04:00,96.75883034149471,97.7131053594568,91.66940402619512,91.71910095214844,1364300,0.0,0.0
2026-05-14 00:00:00-04:00,93.090865814736,93.82644553408416,90.95370083570754,90.9835205078125,1000400,0.0,0.0
2026-05-15 00:00:00-04:00,90.64555617414686,90.98352257748226,87.80263108320507,88.06107330322266,1870400,0.0,0.0
2026-05-18 00:00:00-04:00,89.68134592883295,92.62367244459347,88.04119567807578,90.9139404296875,1473500,0.0,0.0
2026-05-19 00:00:00-04:00,90.68531657747845,90.68531657747845,87.62370383133378,88.13066101074219,1099000,0.0,0.0
2026-05-20 00:00:00-04:00,87.94179135127162,88.95569810752643,87.22608889563608,87.97161102294922,926400,0.0,0.0
2026-05-21 00:00:00-04:00,88.20024093667827,88.59784666989574,86.02331390324937,87.5739974975586,873300,0.0,0.0
2026-05-22 00:00:00-04:00,88.23006276855267,89.44278000255113,86.61973220775813,88.07101440429688,829700,0.0,0.0
2026-05-26 00:00:00-04:00,88.23999786376953,88.85629890131388,87.53423780894994,88.23999786376953,693100,0.0,0.0
2026-05-27 00:00:00-04:00,86.91000366210938,89.37000274658203,86.38999938964844,87.80999755859375,1072500,0.53,0.0
2026-05-28 00:00:00-04:00,87.44999694824219,88.69999694824219,87.13999938964844,87.66999816894531,857500,0.0,0.0
2026-05-29 00:00:00-04:00,87.5,87.80999755859375,86.08000183105469,86.83000183105469,916400,0.0,0.0
2026-06-01 00:00:00-04:00,87.5,88.98999786376953,86.33999633789062,86.37999725341797,916700,0.0,0.0
2026-06-02 00:00:00-04:00,86.30999755859375,87.93000030517578,85.88999938964844,86.83000183105469,722200,0.0,0.0
2026-06-03 00:00:00-04:00,86.45999908447266,87.9000015258789,85.75,86.38999938964844,867200,0.0,0.0
2026-06-04 00:00:00-04:00,86.29000091552734,87.04000091552734,84.37000274658203,85.25,781600,0.0,0.0
2026-06-05 00:00:00-04:00,84.29000091552734,85.33999633789062,82.9800033569336,84.63999938964844,826300,0.0,0.0
2026-06-08 00:00:00-04:00,84.37999725341797,85.77999877929688,83.75,85.26000213623047,914800,0.0,0.0
2026-06-09 00:00:00-04:00,85.62999725341797,86.91999816894531,84.37999725341797,86.11000061035156,1184300,0.0,0.0
2026-06-10 00:00:00-04:00,86.5,88.98999786376953,85.80999755859375,87.12000274658203,1179500,0.0,0.0
2026-06-11 00:00:00-04:00,88.43000030517578,89.2300033569336,86.43000030517578,87.2699966430664,531700,0.0,0.0
2026-06-12 00:00:00-04:00,87.44999694824219,89.47000122070312,86.52999877929688,88.5,770800,0.0,0.0
2026-06-15 00:00:00-04:00,87.6500015258789,88.76000213623047,86.16000366210938,87.44999694824219,620700,0.0,0.0
2026-06-16 00:00:00-04:00,86.88999938964844,87.66000366210938,83.91999816894531,84.33000183105469,1121500,0.0,0.0
2026-06-17 00:00:00-04:00,83.66999816894531,87.2699966430664,83.2300033569336,83.4800033569336,736400,0.0,0.0
2026-06-18 00:00:00-04:00,82.94000244140625,83.08999633789062,80.08999633789062,80.27999877929688,1731700,0.0,0.0
2026-06-22 00:00:00-04:00,79.29000091552734,79.69999694824219,77.2699966430664,77.94999694824219,1025400,0.0,0.0
2026-06-23 00:00:00-04:00,77.37000274658203,78.31999969482422,76.26000213623047,76.4800033569336,988300,0.0,0.0
2026-06-24 00:00:00-04:00,75.73999786376953,76.66999816894531,73.7699966430664,75.87000274658203,2043300,0.0,0.0
2026-06-25 00:00:00-04:00,75.25,76.80999755859375,74.66000366210938,76.54000091552734,1884900,0.0,0.0
2026-06-26 00:00:00-04:00,76.0,77.18000030517578,75.58000183105469,76.62000274658203,1570100,0.0,0.0
2026-06-29 00:00:00-04:00,76.44000244140625,76.52999877929688,73.7300033569336,74.72000122070312,1322200,0.0,0.0
2026-06-30 00:00:00-04:00,74.68000030517578,75.20999908447266,72.70999908447266,73.0,1039700,0.0,0.0
2026-07-01 00:00:00-04:00,71.86000061035156,74.26000213623047,71.2300033569336,72.81999969482422,1844500,0.0,0.0
2026-07-02 00:00:00-04:00,72.87999725341797,75.12999725341797,72.87999725341797,74.7699966430664,1381800,0.0,0.0
2026-07-06 00:00:00-04:00,73.94999694824219,75.2699966430664,72.70999908447266,74.80000305175781,1366700,0.0,0.0
2026-07-07 00:00:00-04:00,75.04000091552734,77.12999725341797,74.81999969482422,76.2699966430664,1836100,0.0,0.0
2026-07-08 00:00:00-04:00,77.72000122070312,78.5999984741211,75.76000213623047,75.80000305175781,1401500,0.0,0.0
2026-07-09 00:00:00-04:00,75.22000122070312,76.26000213623047,74.27999877929688,74.4800033569336,878000,0.0,0.0
2026-07-10 00:00:00-04:00,75.30000305175781,75.76000213623047,74.66999816894531,75.48999786376953,774100,0.0,0.0
2026-07-13 00:00:00-04:00,76.70999908447266,78.06999969482422,75.29000091552734,76.06999969482422,941900,0.0,0.0
2026-07-14 00:00:00-04:00,77.0999984741211,78.0,75.27999877929688,77.04000091552734,759700,0.0,0.0
2026-07-15 00:00:00-04:00,76.5,77.61000061035156,76.06999969482422,77.05000305175781,589100,0.0,0.0
2026-07-16 00:00:00-04:00,76.47000122070312,78.16999816894531,76.44000244140625,77.08000183105469,549900,0.0,0.0
2026-07-17 00:00:00-04:00,78.19999694824219,79.83999633789062,77.08000183105469,77.62999725341797,592000,0.0,0.0
2026-07-20 00:00:00-04:00,77.08000183105469,77.57499694824219,76.01000213623047,76.91000366210938,542073,0.0,0.0
