Date,Open,High,Low,Close,Volume,Dividends,Stock Splits
2022-01-03 00:00:00-05:00,279378.0,279378.0,264438.0,274896.0,0,0.0,0.0
2022-01-04 00:00:00-05:00,279378.0,279378.0,262047.59375,265932.0,0,0.0,0.0
2022-01-05 00:00:00-05:00,256968.0,273402.0,256968.0,273402.0,0,0.0,0.0
2022-01-06 00:00:00-05:00,270414.0,286848.0,258312.59375,280872.0,1,0.0,0.0
2022-01-07 00:00:00-05:00,276390.0,276390.0,264438.0,264438.0,0,0.0,0.0
2022-01-10 00:00:00-05:00,259956.0,261450.0,248302.796875,249498.0,1,0.0,0.0
2022-01-11 00:00:00-05:00,243522.0,280573.1875,242028.0,268920.0,1,0.0,0.0
2022-01-12 00:00:00-05:00,276091.1875,280274.40625,268173.0,271908.0,1,0.0,0.0
2022-01-13 00:00:00-05:00,271908.0,271908.0,252486.0,255474.0,0,0.0,0.0
2022-01-14 00:00:00-05:00,256968.0,267426.0,250992.0,256968.0,0,0.0,0.0
2022-01-18 00:00:00-05:00,259956.0,259956.0,227088.0,234558.0,1,0.0,0.0
2022-01-19 00:00:00-05:00,231570.0,242028.0,231570.0,236799.0,0,0.0,0.0
2022-01-20 00:00:00-05:00,240534.0,240534.0,228582.0,232317.0,0,0.0,0.0
2022-01-21 00:00:00-05:00,230076.0,242028.0,221112.0,227088.0,0,0.0,0.0
2022-01-24 00:00:00-05:00,216630.0,222606.0,197208.0,221112.0,0,0.0,0.0
2022-01-25 00:00:00-05:00,250992.0,250992.0,219618.0,230076.0,0,0.0,0.0
2022-01-26 00:00:00-05:00,227088.0,233064.0,213642.0,216630.0,0,0.0,0.0
2022-01-27 00:00:00-05:00,210654.0,231570.0,198702.0,203184.0,0,0.0,0.0
2022-01-28 00:00:00-05:00,207666.0,230076.0,200196.0,215136.0,0,0.0,0.0
2022-01-31 00:00:00-05:00,225743.40625,230076.0,216630.0,224100.0,0,0.0,0.0
2022-02-01 00:00:00-05:00,231570.0,231570.0,219618.0,224100.0,0,0.0,0.0
2022-02-02 00:00:00-05:00,231570.0,231570.0,215136.0,222606.0,0,0.0,0.0
2022-02-03 00:00:00-05:00,221112.0,231570.0,212148.0,228582.0,0,0.0,0.0
2022-02-04 00:00:00-05:00,218124.0,228582.0,212148.0,221112.0,0,0.0,0.0
2022-02-07 00:00:00-05:00,218124.0,227088.0,213642.0,219618.0,0,0.0,0.0
2022-02-08 00:00:00-05:00,224100.0,230972.40625,210654.0,215136.0,0,0.0,0.0
2022-02-09 00:00:00-05:00,218124.0,222606.0,210654.0,216630.0,0,0.0,0.0
2022-02-10 00:00:00-05:00,212148.0,224100.0,209160.0,222606.0,0,0.0,0.0
2022-02-11 00:00:00-05:00,216630.0,216630.0,194220.0,194220.0,0,0.0,0.0
2022-02-14 00:00:00-05:00,200196.0,200196.0,179280.0,180774.0,0,0.0,0.0
2022-02-15 00:00:00-05:00,183762.0,203184.0,182268.0,194220.0,0,0.0,0.0
2022-02-16 00:00:00-05:00,215136.0,215136.0,183762.0,183762.0,0,0.0,0.0
2022-02-17 00:00:00-05:00,174798.0,185256.0,174798.0,179280.0,0,0.0,0.0
2022-02-18 00:00:00-05:00,186750.0,194220.0,171810.0,171810.0,0,0.0,0.0
2022-02-22 00:00:00-05:00,159858.0,170316.0,155376.0,161352.0,0,0.0,0.0
2022-02-23 00:00:00-05:00,159858.0,170166.59375,156870.0,158364.0,0,0.0,0.0
2022-02-24 00:00:00-05:00,150894.0,178533.0,149400.0,177786.0,0,0.0,0.0
2022-02-25 00:00:00-05:00,174798.0,177786.0,165834.0,165834.0,0,0.0,0.0
2022-02-28 00:00:00-05:00,165834.0,177786.0,164340.0,168822.0,0,0.0,0.0
2022-03-01 00:00:00-05:00,168822.0,176590.796875,168822.0,171810.0,0,0.0,0.0
2022-03-02 00:00:00-05:00,170316.0,170316.0,156870.0,156870.0,0,0.0,0.0
2022-03-03 00:00:00-05:00,152686.796875,162846.0,150894.0,154629.0,0,0.0,0.0
2022-03-04 00:00:00-05:00,150894.0,152388.0,131770.796875,141930.0,0,0.0,0.0
2022-03-07 00:00:00-05:00,140884.203125,142527.59375,131023.796875,135207.0,1,0.0,0.0
2022-03-08 00:00:00-05:00,134609.40625,137597.40625,121014.0,136701.0,0,0.0,0.0
2022-03-09 00:00:00-05:00,149400.0,168822.0,128633.3984375,153882.0,0,0.0,0.0
2022-03-10 00:00:00-05:00,153882.0,164340.0,135954.0,140436.0,0,0.0,0.0
2022-03-11 00:00:00-05:00,153882.0,153882.0,137448.0,137448.0,0,0.0,0.0
2022-03-14 00:00:00-04:00,149400.0,149400.0,140436.0,141930.0,0,0.0,0.0
2022-03-15 00:00:00-04:00,148354.203125,148354.203125,131472.0,135505.796875,0,0.0,0.0
2022-03-16 00:00:00-04:00,135505.796875,149400.0,135505.796875,138942.0,0,0.0,0.0
2022-03-17 00:00:00-04:00,145963.796875,167328.0,145814.40625,164340.0,0,0.0,0.0
2022-03-18 00:00:00-04:00,167328.0,188244.0,165834.0,188244.0,0,0.0,0.0
2022-03-21 00:00:00-04:00,180774.0,186750.0,164340.0,164340.0,0,0.0,0.0
2022-03-22 00:00:00-04:00,185256.0,186750.0,174798.0,180774.0,0,0.0,0.0
2022-03-23 00:00:00-04:00,185256.0,201690.0,175993.203125,197208.0,0,0.0,0.0
2022-03-24 00:00:00-04:00,197208.0,202586.40625,190036.796875,202586.40625,0,0.0,0.0
2022-03-25 00:00:00-04:00,201690.0,219618.0,200196.0,200196.0,0,0.0,0.0
2022-03-28 00:00:00-04:00,195714.0,197208.0,183015.0,188991.0,0,0.0,0.0
2022-03-29 00:00:00-04:00,189738.0,189738.0,183762.0,186750.0,0,0.0,0.0
2022-03-30 00:00:00-04:00,186750.0,188244.0,173304.0,183762.0,0,0.0,0.0
2022-03-31 00:00:00-04:00,182268.0,198104.40625,164340.0,189738.0,1,0.0,0.0
2022-04-01 00:00:00-04:00,185853.59375,189738.0,179280.0,185256.0,0,0.0,0.0
2022-04-04 00:00:00-04:00,174798.0,191232.0,174798.0,181521.0,0,0.0,0.0
2022-04-05 00:00:00-04:00,198702.0,198702.0,171660.59375,171660.59375,0,0.0,0.0
2022-04-06 00:00:00-04:00,152388.0,204528.59375,150894.0,182268.0,1,0.0,0.0
2022-04-07 00:00:00-04:00,171810.0,187795.796875,159858.0,161352.0,0,0.0,0.0
2022-04-08 00:00:00-04:00,179280.0,179280.0,163294.203125,177786.0,0,0.0,0.0
2022-04-11 00:00:00-04:00,186750.0,186750.0,171810.0,171959.40625,0,0.0,0.0
2022-04-12 00:00:00-04:00,173304.0,173304.0,167328.0,173304.0,0,0.0,0.0
2022-04-13 00:00:00-04:00,171810.0,186750.0,165385.796875,175993.203125,0,0.0,0.0
2022-04-14 00:00:00-04:00,177786.0,177786.0,165834.0,168822.0,0,0.0,0.0
2022-04-18 00:00:00-04:00,179280.0,179280.0,136999.796875,156870.0,0,0.0,0.0
2022-04-19 00:00:00-04:00,162846.0,171810.0,147906.0,171810.0,0,0.0,0.0
2022-04-20 00:00:00-04:00,191232.0,191232.0,153882.0,162846.0,3,0.0,0.0
2022-04-21 00:00:00-04:00,157915.796875,165834.0,146561.40625,153882.0,1,0.0,0.0
2022-04-22 00:00:00-04:00,147009.59375,180774.0,129231.0,137448.0,6,0.0,0.0
2022-04-25 00:00:00-04:00,134460.0,135356.40625,126990.0,128633.3984375,1,0.0,0.0
2022-04-26 00:00:00-04:00,128484.0,131173.203125,115486.203125,119968.203125,0,0.0,0.0
2022-04-27 00:00:00-04:00,126990.0,134011.796875,116532.0,116681.3984375,1,0.0,0.0
2022-04-28 00:00:00-04:00,120267.0,123703.203125,112797.0,112797.0,0,0.0,0.0
2022-04-29 00:00:00-04:00,121014.0,121014.0,113544.0,115934.3984375,0,0.0,0.0
2022-05-02 00:00:00-04:00,121761.0,121761.0,106074.0,106223.3984375,0,0.0,0.0
2022-05-03 00:00:00-04:00,114589.796875,122806.796875,107866.796875,112050.0,0,0.0,0.0
2022-05-04 00:00:00-04:00,119520.0,119520.0,112050.0,115785.0,0,0.0,0.0
2022-05-05 00:00:00-04:00,113992.203125,118026.0,113544.0,113544.0,0,0.0,0.0
2022-05-06 00:00:00-04:00,107866.796875,117876.6015625,99649.796875,105028.203125,0,0.0,0.0
2022-05-09 00:00:00-04:00,106074.0,107568.0,98604.0,99799.203125,0,0.0,0.0
2022-05-10 00:00:00-04:00,105327.0,106074.0,103086.0,103086.0,0,0.0,0.0
2022-05-11 00:00:00-04:00,101592.0,104580.0,100098.0,100994.3984375,0,0.0,0.0
2022-05-12 00:00:00-04:00,103086.0,103086.0,95914.796875,95914.796875,0,0.0,0.0
2022-05-13 00:00:00-04:00,91432.796875,115038.0,91134.0,97110.0,0,0.0,0.0
2022-05-16 00:00:00-04:00,106074.0,106074.0,100098.0,100247.3984375,0,0.0,0.0
2022-05-17 00:00:00-04:00,101592.0,104131.796875,101592.0,103683.6015625,0,0.0,0.0
2022-05-18 00:00:00-04:00,114291.0,116830.796875,111751.203125,112050.0,0,0.0,0.0
2022-05-19 00:00:00-04:00,109510.203125,112647.6015625,109510.203125,112050.0,0,0.0,0.0
2022-05-20 00:00:00-04:00,114291.0,114291.0,109809.0,109809.0,0,0.0,0.0
2022-05-23 00:00:00-04:00,104580.0,106074.0,104430.6015625,106074.0,0,0.0,0.0
2022-05-24 00:00:00-04:00,109062.0,109062.0,91134.0,98006.3984375,0,0.0,0.0
2022-05-25 00:00:00-04:00,97707.6015625,104580.0,97707.6015625,100098.0,0,0.0,0.0
2022-05-26 00:00:00-04:00,113544.0,167328.0,112946.3984375,131920.203125,15,0.0,0.0
2022-05-27 00:00:00-04:00,116532.0,128484.0,115486.203125,121312.796875,1,0.0,0.0
2022-05-31 00:00:00-04:00,121014.0,121014.0,109062.0,110556.0,1,0.0,0.0
2022-06-01 00:00:00-04:00,105028.203125,112050.0,104580.0,109510.203125,1,0.0,0.0
2022-06-02 00:00:00-04:00,104580.0,110556.0,104580.0,110406.6015625,0,0.0,0.0
2022-06-03 00:00:00-04:00,106074.0,106074.0,97110.0,104878.796875,0,0.0,0.0
2022-06-06 00:00:00-04:00,104878.796875,109659.6015625,100994.3984375,109659.6015625,0,0.0,0.0
2022-06-07 00:00:00-04:00,101592.0,118773.0,101592.0,113992.203125,0,0.0,0.0
2022-06-08 00:00:00-04:00,112498.203125,125496.0,112050.0,121312.796875,0,0.0,0.0
2022-06-09 00:00:00-04:00,121761.0,128484.0,119520.0,128484.0,0,0.0,0.0
2022-06-10 00:00:00-04:00,128782.796875,136701.0,119669.3984375,136701.0,0,0.0,0.0
2022-06-13 00:00:00-04:00,118623.6015625,135057.59375,104580.0,132966.0,0,0.0,0.0
2022-06-14 00:00:00-04:00,124450.203125,135057.59375,124450.203125,131472.0,0,0.0,0.0
2022-06-15 00:00:00-04:00,131472.0,133713.0,119520.0,126990.0,1,0.0,0.0
2022-06-16 00:00:00-04:00,125197.203125,146412.0,112050.0,136103.40625,0,0.0,0.0
2022-06-17 00:00:00-04:00,140585.40625,162846.0,133264.796875,134460.0,2,0.0,0.0
2022-06-21 00:00:00-04:00,224100.0,250992.0,167328.0,167328.0,158,0.0,0.0
2022-06-22 00:00:00-04:00,165834.0,176292.0,155376.0,168822.0,9,0.0,0.0
2022-06-23 00:00:00-04:00,164340.0,173304.0,153882.0,161352.0,1,0.0,0.0
2022-06-24 00:00:00-04:00,161352.0,162846.0,149400.0,149400.0,1,0.0,0.0
2022-06-27 00:00:00-04:00,148204.796875,179280.0,148204.796875,173304.0,2,0.0,0.0
2022-06-28 00:00:00-04:00,173304.0,181371.59375,158364.0,158364.0,1,0.0,0.0
2022-06-29 00:00:00-04:00,158364.0,158364.0,152388.0,153882.0,0,0.0,0.0
2022-06-30 00:00:00-04:00,155376.0,164340.0,129978.0,149400.0,1,0.0,0.0
2022-07-01 00:00:00-04:00,150894.0,165834.0,145216.796875,150894.0,0,0.0,0.0
2022-07-05 00:00:00-04:00,135057.59375,158364.0,135057.59375,156870.0,1,0.0,0.0
2022-07-06 00:00:00-04:00,162846.0,168822.0,146860.203125,164340.0,0,0.0,0.0
2022-07-07 00:00:00-04:00,156870.0,168822.0,155376.0,161650.796875,0,0.0,0.0
2022-07-08 00:00:00-04:00,161352.0,170316.0,152388.0,162846.0,0,0.0,0.0
2022-07-11 00:00:00-04:00,171810.0,177786.0,145067.40625,146412.0,2,0.0,0.0
2022-07-12 00:00:00-04:00,146412.0,146860.203125,127438.203125,129529.796875,1,0.0,0.0
2022-07-13 00:00:00-04:00,137896.203125,138643.203125,124002.0,131472.0,0,0.0,0.0
2022-07-14 00:00:00-04:00,138045.59375,138045.59375,119669.3984375,125047.796875,0,0.0,0.0
2022-07-15 00:00:00-04:00,125047.796875,134460.0,119520.0,120565.796875,0,0.0,0.0
2022-07-18 00:00:00-04:00,119520.0,125496.0,116532.0,125496.0,0,0.0,0.0
2022-07-19 00:00:00-04:00,121014.0,131322.59375,97110.0,105924.6015625,2,0.0,0.0
2022-07-20 00:00:00-04:00,106074.0,106223.3984375,101442.6015625,101592.0,1,0.0,0.0
2022-07-21 00:00:00-04:00,103683.6015625,106074.0,94122.0,98902.796875,0,0.0,0.0
2022-07-22 00:00:00-04:00,107269.203125,107269.203125,94122.0,101592.0,1,0.0,0.0
2022-07-25 00:00:00-04:00,107418.6015625,107418.6015625,94122.0,99799.203125,0,0.0,0.0
2022-07-26 00:00:00-04:00,97110.0,99201.6015625,94122.0,94122.0,0,0.0,0.0
2022-07-27 00:00:00-04:00,96064.203125,96064.203125,91731.6015625,95317.203125,0,0.0,0.0
2022-07-28 00:00:00-04:00,100098.0,106223.3984375,92478.6015625,106223.3984375,0,0.0,0.0
2022-07-29 00:00:00-04:00,100994.3984375,106074.0,94122.0,98902.796875,0,0.0,0.0
2022-08-01 00:00:00-04:00,97857.0,106074.0,93972.6015625,103833.0,0,0.0,0.0
2022-08-02 00:00:00-04:00,102040.203125,103086.0,94122.0,101592.0,0,0.0,0.0
2022-08-03 00:00:00-04:00,104580.0,111004.203125,96512.3984375,108464.3984375,1,0.0,0.0
2022-08-04 00:00:00-04:00,110556.0,110556.0,103086.0,109062.0,0,0.0,0.0
2022-08-05 00:00:00-04:00,100098.0,110107.796875,97259.3984375,110107.796875,0,0.0,0.0
2022-08-08 00:00:00-04:00,108613.796875,112199.3984375,106970.3984375,112050.0,0,0.0,0.0
2022-08-09 00:00:00-04:00,107568.0,118474.203125,107568.0,113544.0,0,0.0,0.0
2022-08-10 00:00:00-04:00,107568.0,110556.0,105177.6015625,109062.0,0,0.0,0.0
2022-08-11 00:00:00-04:00,109062.0,114440.3984375,99201.6015625,111303.0,0,0.0,0.0
2022-08-12 00:00:00-04:00,111303.0,111303.0,100098.0,103534.203125,0,0.0,0.0
2022-08-15 00:00:00-04:00,103086.0,110854.796875,100247.3984375,110257.203125,0,0.0,0.0
2022-08-16 00:00:00-04:00,104430.6015625,112050.0,104430.6015625,104580.0,0,0.0,0.0
2022-08-17 00:00:00-04:00,104580.0,112050.0,97110.0,108016.203125,1,0.0,0.0
2022-08-18 00:00:00-04:00,108016.203125,110705.3984375,98006.3984375,103534.203125,0,0.0,0.0
2022-08-19 00:00:00-04:00,104580.0,109062.0,92628.0,93673.796875,1,0.0,0.0
2022-08-22 00:00:00-04:00,92628.0,103086.0,89640.0,89640.0,0,0.0,0.0
2022-08-23 00:00:00-04:00,89640.0,89640.0,73056.6015625,76194.0,2,0.0,0.0
2022-08-24 00:00:00-04:00,77688.0,82170.0,73206.0,79032.6015625,2,0.0,0.0
2022-08-25 00:00:00-04:00,80377.203125,80377.203125,73206.0,77389.203125,1,0.0,0.0
2022-08-26 00:00:00-04:00,77389.203125,98604.0,71712.0,79032.6015625,6,0.0,0.0
2022-08-29 00:00:00-04:00,74700.0,107568.0,70965.0,80676.0,3,0.0,0.0
2022-08-30 00:00:00-04:00,78285.6015625,79480.796875,74700.0,77538.6015625,0,0.0,0.0
2022-08-31 00:00:00-04:00,77688.0,79480.796875,70367.3984375,77688.0,1,0.0,0.0
2022-09-01 00:00:00-04:00,84261.6015625,84261.6015625,71712.0,79182.0,1,0.0,0.0
2022-09-02 00:00:00-04:00,74700.0,79182.0,71263.796875,77688.0,1,0.0,0.0
2022-09-06 00:00:00-04:00,76194.0,78584.3984375,70367.3984375,71712.0,1,0.0,0.0
2022-09-07 00:00:00-04:00,73056.6015625,74700.0,66483.0,69471.0,1,0.0,0.0
2022-09-08 00:00:00-04:00,71114.3984375,76194.0,67230.0,71712.0,0,0.0,0.0
2022-09-09 00:00:00-04:00,76194.0,79929.0,73355.3984375,75447.0,0,0.0,0.0
2022-09-12 00:00:00-04:00,77239.796875,79032.6015625,73355.3984375,73504.796875,0,0.0,0.0
2022-09-13 00:00:00-04:00,78883.203125,79032.6015625,64242.0,76194.0,1,0.0,0.0
2022-09-14 00:00:00-04:00,79182.0,82170.0,74700.0,80526.6015625,1,0.0,0.0
2022-09-15 00:00:00-04:00,80676.0,81721.796875,74700.0,76194.0,0,0.0,0.0
2022-09-16 00:00:00-04:00,74700.0,77538.6015625,67230.0,67230.0,1,0.0,0.0
2022-09-19 00:00:00-04:00,67379.3984375,73654.203125,65138.3984375,65736.0,0,0.0,0.0
2022-09-20 00:00:00-04:00,67080.6015625,68275.796875,61254.0,61254.0,0,0.0,0.0
2022-09-21 00:00:00-04:00,61702.19921875,66333.6015625,61254.0,61254.0,1,0.0,0.0
2022-09-22 00:00:00-04:00,61254.0,73953.0,56772.0,70068.6015625,1,0.0,0.0
2022-09-23 00:00:00-04:00,67977.0,71263.796875,59162.3984375,60058.80078125,0,0.0,0.0
2022-09-26 00:00:00-04:00,62748.0,62748.0,56025.0,60507.0,0,0.0,0.0
2022-09-27 00:00:00-04:00,55278.0,67977.0,55278.0,65287.80078125,0,0.0,0.0
2022-09-28 00:00:00-04:00,63495.0,63495.0,57220.19921875,62748.0,0,0.0,0.0
2022-09-29 00:00:00-04:00,62748.0,62897.3984375,57220.19921875,59013.0,0,0.0,0.0
2022-09-30 00:00:00-04:00,57220.19921875,59760.0,53784.0,55427.3984375,0,0.0,0.0
2022-10-03 00:00:00-04:00,62748.0,62748.0,54531.0,55278.0,0,0.0,0.0
2022-10-04 00:00:00-04:00,64391.3984375,64391.3984375,51543.0,55875.6015625,1,0.0,0.0
2022-10-05 00:00:00-04:00,57967.19921875,58266.0,41533.19921875,44820.0,2,0.0,0.0
2022-10-06 00:00:00-04:00,58266.0,58266.0,46314.0,49302.0,1,0.0,0.0
2022-10-07 00:00:00-04:00,52290.0,54381.6015625,49152.6015625,51393.6015625,1,0.0,0.0
2022-10-10 00:00:00-04:00,62748.0,62748.0,47808.0,52738.19921875,0,0.0,0.0
2022-10-11 00:00:00-04:00,53784.0,54680.3984375,47808.0,49451.3984375,0,0.0,0.0
2022-10-12 00:00:00-04:00,52290.0,59610.6015625,46612.80078125,50497.19921875,0,0.0,0.0
2022-10-13 00:00:00-04:00,48256.19921875,54381.6015625,44820.0,50646.6015625,0,0.0,0.0
2022-10-14 00:00:00-04:00,50796.0,51543.0,44820.0,50646.6015625,0,0.0,0.0
2022-10-17 00:00:00-04:00,50497.19921875,53933.3984375,41981.3984375,47061.0,0,0.0,0.0
2022-10-18 00:00:00-04:00,52140.6015625,52140.6015625,44670.6015625,50049.0,1,0.0,0.0
2022-10-19 00:00:00-04:00,47509.19921875,52290.0,44969.3984375,45118.80078125,0,0.0,0.0
2022-10-20 00:00:00-04:00,44820.0,55128.6015625,44820.0,49003.19921875,0,0.0,0.0
2022-10-21 00:00:00-04:00,49600.80078125,61254.0,44969.3984375,57967.19921875,1,0.0,0.0
2022-10-24 00:00:00-04:00,60805.80078125,95466.6015625,49451.3984375,53784.0,39,0.0,0.0
2022-10-25 00:00:00-04:00,63943.19921875,70218.0,53933.3984375,62748.0,13,0.0,0.0
2022-10-26 00:00:00-04:00,74700.0,74700.0,46314.0,49302.0,10,0.0,0.0
2022-10-27 00:00:00-04:00,45567.0,47808.0,33465.6015625,41085.0,9,0.0,0.0
2022-10-28 00:00:00-04:00,41682.6015625,41832.0,35407.80078125,36752.3984375,5,0.0,0.0
2022-10-31 00:00:00-04:00,35856.0,41832.0,35856.0,38694.6015625,3,0.0,0.0
2022-11-01 00:00:00-04:00,37499.3984375,40338.0,35856.0,37350.0,3,0.0,0.0
2022-11-02 00:00:00-04:00,37350.0,39292.19921875,35557.19921875,36603.0,1,0.0,0.0
2022-11-03 00:00:00-04:00,38097.0,38097.0,33166.80078125,34362.0,1,0.0,0.0
2022-11-04 00:00:00-04:00,34362.0,34362.0,31374.0,33166.80078125,2,0.0,0.0
2022-11-07 00:00:00-05:00,34511.3984375,35856.0,31374.0,32868.0,1,0.0,0.0
2022-11-08 00:00:00-05:00,37200.6015625,37200.6015625,28386.0,32121.0,3,0.0,0.0
2022-11-09 00:00:00-05:00,32868.0,32868.0,27041.400390625,29133.0,2,0.0,0.0
2022-11-10 00:00:00-05:00,29880.0,31374.0,27639.0,27639.0,3,0.0,0.0
2022-11-11 00:00:00-05:00,27639.0,27639.0,20766.599609375,23754.599609375,9,0.0,0.0
2022-11-14 00:00:00-05:00,25696.80078125,25696.80078125,22410.0,23157.0,1,0.0,0.0
2022-11-15 00:00:00-05:00,25995.599609375,28684.80078125,22708.80078125,24651.0,2,0.0,0.0
2022-11-16 00:00:00-05:00,27639.0,28983.599609375,24949.80078125,26742.599609375,2,0.0,0.0
2022-11-17 00:00:00-05:00,28087.19921875,28386.0,23157.0,25248.599609375,2,0.0,0.0
2022-11-18 00:00:00-05:00,28236.599609375,28386.0,25398.0,28386.0,1,0.0,0.0
2022-11-21 00:00:00-05:00,26892.0,28386.0,26145.0,26593.19921875,1,0.0,0.0
2022-11-22 00:00:00-05:00,29880.0,29880.0,23306.400390625,23904.0,2,0.0,0.0
2022-11-23 00:00:00-05:00,23904.0,29581.19921875,16583.400390625,20318.400390625,34,0.0,0.0
2022-11-25 00:00:00-05:00,20916.0,23904.0,18675.0,21364.19921875,5,0.0,0.0
2022-11-28 00:00:00-05:00,22111.19921875,28386.0,21513.599609375,25099.19921875,8,0.0,0.0
2022-11-29 00:00:00-05:00,27639.0,37350.0,23904.0,31374.0,15,0.0,0.0
2022-11-30 00:00:00-05:00,31374.0,35856.0,28236.599609375,32121.0,7,0.0,0.0
2022-12-01 00:00:00-05:00,33166.80078125,37350.0,31374.0,32121.0,7,0.0,0.0
2022-12-02 00:00:00-05:00,35258.3984375,38097.0,31374.0,34212.6015625,6,0.0,0.0
2022-12-05 00:00:00-05:00,34362.0,34362.0,27639.0,30627.0,3,0.0,0.0
2022-12-06 00:00:00-05:00,29880.0,31224.599609375,20318.400390625,23904.0,4,0.0,0.0
2022-12-07 00:00:00-05:00,23157.0,25398.0,22410.0,23904.0,2,0.0,0.0
2022-12-08 00:00:00-05:00,22410.0,25248.599609375,20916.0,22410.0,3,0.0,0.0
2022-12-09 00:00:00-05:00,22708.80078125,25398.0,22410.0,23904.0,2,0.0,0.0
2022-12-12 00:00:00-05:00,25398.0,95616.0,23904.0,52887.6015625,571,0.0,0.0
2022-12-13 00:00:00-05:00,51692.3984375,62748.0,35109.0,35856.0,85,0.0,0.0
2022-12-14 00:00:00-05:00,32868.0,44521.19921875,30627.0,41682.6015625,15,0.0,0.0
2022-12-15 00:00:00-05:00,34212.6015625,49600.80078125,34212.6015625,46911.6015625,12,0.0,0.0
2022-12-16 00:00:00-05:00,44521.19921875,52290.0,41085.0,46314.0,7,0.0,0.0
2022-12-19 00:00:00-05:00,41832.0,41832.0,34660.80078125,38844.0,5,0.0,0.0
2022-12-20 00:00:00-05:00,38844.0,38844.0,31523.400390625,31971.599609375,4,0.0,0.0
2022-12-21 00:00:00-05:00,31971.599609375,35856.0,31971.599609375,33764.3984375,2,0.0,0.0
2022-12-22 00:00:00-05:00,32718.599609375,34810.19921875,29880.0,31224.599609375,2,0.0,0.0
2022-12-23 00:00:00-05:00,32718.599609375,35856.0,29880.0,31523.400390625,3,0.0,0.0
2022-12-27 00:00:00-05:00,30627.0,32868.0,27937.80078125,28684.80078125,3,0.0,0.0
2022-12-28 00:00:00-05:00,27788.400390625,32121.0,25398.0,25547.400390625,2,0.0,0.0
2022-12-29 00:00:00-05:00,26443.80078125,29880.0,25696.80078125,27041.400390625,2,0.0,0.0
2022-12-30 00:00:00-05:00,26892.0,29880.0,26145.0,26892.0,2,0.0,0.0
2023-01-03 00:00:00-05:00,26145.0,31224.599609375,25995.599609375,28236.599609375,5,0.0,0.0
2023-01-04 00:00:00-05:00,31224.599609375,37350.0,28386.0,32868.0,50,0.0,0.0
2023-01-05 00:00:00-05:00,30029.400390625,31374.0,26145.0,27489.599609375,6,0.0,0.0
2023-01-06 00:00:00-05:00,26892.0,28236.599609375,25696.80078125,27190.80078125,5,0.0,0.0
2023-01-09 00:00:00-05:00,29880.0,35258.3984375,27937.80078125,30178.80078125,8,0.0,0.0
2023-01-10 00:00:00-05:00,32718.599609375,32868.0,27788.400390625,32868.0,2,0.0,0.0
2023-01-11 00:00:00-05:00,31822.19921875,32868.0,29880.0,30776.400390625,1,0.0,0.0
2023-01-12 00:00:00-05:00,31374.0,31971.599609375,27639.0,28535.400390625,4,0.0,0.0
2023-01-13 00:00:00-05:00,30029.400390625,34362.0,28535.400390625,32868.0,6,0.0,0.0
2023-01-17 00:00:00-05:00,32868.0,36304.19921875,31971.599609375,33465.6015625,4,0.0,0.0
2023-01-18 00:00:00-05:00,35856.0,35856.0,31224.599609375,31822.19921875,3,0.0,0.0
2023-01-19 00:00:00-05:00,32270.400390625,35557.19921875,30627.0,33764.3984375,7,0.0,0.0
2023-01-20 00:00:00-05:00,33764.3984375,40338.0,33764.3984375,36752.3984375,8,0.0,0.0
2023-01-23 00:00:00-05:00,36752.3984375,38097.0,32868.0,34810.19921875,2,0.0,0.0
2023-01-24 00:00:00-05:00,34660.80078125,40338.0,32868.0,40338.0,13,0.0,0.0
2023-01-25 00:00:00-05:00,38097.0,39591.0,37499.3984375,39441.6015625,2,0.0,0.0
2023-01-26 00:00:00-05:00,41085.0,46314.0,38097.0,46314.0,11,0.0,0.0
2023-01-27 00:00:00-05:00,44820.0,53784.0,41832.0,52140.6015625,9,0.0,0.0
2023-01-30 00:00:00-05:00,50646.6015625,51393.6015625,44820.0,47808.0,4,0.0,0.0
2023-01-31 00:00:00-05:00,47061.0,51991.19921875,47061.0,51244.19921875,4,0.0,0.0
2023-02-01 00:00:00-05:00,53485.19921875,58266.0,43326.0,46911.6015625,10,0.0,0.0
2023-02-02 00:00:00-05:00,47808.0,50796.0,46314.0,47210.3984375,4,0.0,0.0
2023-02-03 00:00:00-05:00,46314.0,52290.0,46314.0,51094.80078125,6,0.0,0.0
2023-02-06 00:00:00-05:00,48555.0,54680.3984375,44820.0,46164.6015625,6,0.0,0.0
2023-02-07 00:00:00-05:00,46314.0,46612.80078125,38844.0,41682.6015625,2,0.0,0.0
2023-02-08 00:00:00-05:00,40487.3984375,41085.0,33764.3984375,37051.19921875,2,0.0,0.0
2023-02-09 00:00:00-05:00,35856.0,37051.19921875,31374.0,35856.0,3,0.0,0.0
2023-02-10 00:00:00-05:00,38246.3984375,38246.3984375,32868.0,33913.80078125,1,0.0,0.0
2023-02-13 00:00:00-05:00,34362.0,36453.6015625,34362.0,34362.0,2,0.0,0.0
2023-02-14 00:00:00-05:00,35407.80078125,41085.0,34959.6015625,40338.0,6,0.0,0.0
2023-02-15 00:00:00-05:00,44820.0,46015.19921875,40935.6015625,44820.0,5,0.0,0.0
2023-02-16 00:00:00-05:00,46911.6015625,46911.6015625,41832.0,43176.6015625,1,0.0,0.0
2023-02-17 00:00:00-05:00,43176.6015625,43176.6015625,38097.0,40039.19921875,2,0.0,0.0
2023-02-21 00:00:00-05:00,37350.0,40039.19921875,34810.19921875,35856.0,1,0.0,0.0
2023-02-22 00:00:00-05:00,36453.6015625,38844.0,36453.6015625,36901.80078125,1,0.0,0.0
2023-02-23 00:00:00-05:00,37947.6015625,39292.19921875,37350.0,38844.0,0,0.0,0.0
2023-02-24 00:00:00-05:00,40786.19921875,42728.3984375,39591.0,39591.0,1,0.0,0.0
2023-02-27 00:00:00-05:00,39591.0,41832.0,38844.0,41085.0,2,0.0,0.0
2023-02-28 00:00:00-05:00,40338.0,42429.6015625,40338.0,40487.3984375,0,0.0,0.0
2023-03-01 00:00:00-05:00,41832.0,44073.0,40487.3984375,43326.0,1,0.0,0.0
2023-03-02 00:00:00-05:00,44820.0,50796.0,43326.0,49003.19921875,4,0.0,0.0
2023-03-03 00:00:00-05:00,50198.3984375,59311.80078125,44820.0,53186.3984375,13,0.0,0.0
2023-03-06 00:00:00-05:00,58415.3984375,64092.6015625,49003.19921875,53784.0,8,0.0,0.0
2023-03-07 00:00:00-05:00,53784.0,56323.80078125,52290.0,54829.80078125,2,0.0,0.0
2023-03-08 00:00:00-05:00,56772.0,58266.0,51841.80078125,55875.6015625,3,0.0,0.0
2023-03-09 00:00:00-05:00,56772.0,57817.80078125,53784.0,54082.80078125,1,0.0,0.0
2023-03-10 00:00:00-05:00,56772.0,56772.0,46762.19921875,47808.0,1,0.0,0.0
2023-03-13 00:00:00-04:00,46314.0,52290.0,44820.0,47658.6015625,1,0.0,0.0
2023-03-14 00:00:00-04:00,47658.6015625,51991.19921875,46314.0,49302.0,0,0.0,0.0
2023-03-15 00:00:00-04:00,52290.0,56772.0,50049.0,53335.80078125,1,0.0,0.0
2023-03-16 00:00:00-04:00,53037.0,56772.0,47957.3984375,51991.19921875,3,0.0,0.0
2023-03-17 00:00:00-04:00,51991.19921875,53784.0,49302.0,50796.0,1,0.0,0.0
2023-03-20 00:00:00-04:00,53784.0,53784.0,49302.0,49451.3984375,0,0.0,0.0
2023-03-21 00:00:00-04:00,49451.3984375,52140.6015625,49451.3984375,50049.0,0,0.0,0.0
2023-03-22 00:00:00-04:00,53784.0,53784.0,49451.3984375,53335.80078125,0,0.0,0.0
2023-03-23 00:00:00-04:00,53634.6015625,67230.0,50049.0,63943.19921875,4,0.0,0.0
2023-03-24 00:00:00-04:00,65736.0,65885.3984375,59461.19921875,62001.0,1,0.0,0.0
2023-03-27 00:00:00-04:00,73206.0,73953.0,52290.0,61254.0,39,0.0,0.0
2023-03-28 00:00:00-04:00,54531.0,63046.80078125,53933.3984375,62001.0,2,0.0,0.0
2023-03-29 00:00:00-04:00,64839.6015625,67230.0,55278.0,56174.3984375,5,0.0,0.0
2023-03-30 00:00:00-04:00,64092.6015625,64690.19921875,55427.3984375,59760.0,1,0.0,0.0
2023-03-31 00:00:00-04:00,59013.0,61254.0,56772.0,60058.80078125,2,0.0,0.0
2023-04-03 00:00:00-04:00,56921.3984375,61254.0,55726.19921875,58266.0,2,0.0,0.0
2023-04-04 00:00:00-04:00,57967.19921875,59760.0,52738.19921875,56473.19921875,1,0.0,0.0
2023-04-05 00:00:00-04:00,53784.0,56622.6015625,44820.0,46463.3984375,3,0.0,0.0
2023-04-06 00:00:00-04:00,46463.3984375,50049.0,46463.3984375,47957.3984375,6,0.0,0.0
2023-04-10 00:00:00-04:00,53933.3984375,59760.0,43326.0,49302.0,20,0.0,0.0
2023-04-11 00:00:00-04:00,44820.0,49302.0,44820.0,47808.0,5,0.0,0.0
2023-04-12 00:00:00-04:00,43326.0,46314.0,43326.0,45417.6015625,2,0.0,0.0
2023-04-13 00:00:00-04:00,46015.19921875,46015.19921875,36005.3984375,44670.6015625,5,0.0,0.0
2023-04-14 00:00:00-04:00,43326.0,47658.6015625,43326.0,45567.0,5,0.0,0.0
2023-04-17 00:00:00-04:00,47061.0,53784.0,44073.0,48555.0,9,0.0,0.0
2023-04-18 00:00:00-04:00,48555.0,50796.0,46314.0,48555.0,1,0.0,0.0
2023-04-19 00:00:00-04:00,45118.80078125,50347.80078125,44073.0,45567.0,1,0.0,0.0
2023-04-20 00:00:00-04:00,44969.3984375,45567.0,44073.0,45268.19921875,1,0.0,0.0
2023-04-21 00:00:00-04:00,44670.6015625,46314.0,44073.0,44371.80078125,1,0.0,0.0
2023-04-24 00:00:00-04:00,43326.0,47658.6015625,37499.3984375,38844.0,1,0.0,0.0
2023-04-25 00:00:00-04:00,38545.19921875,44820.0,37499.3984375,38545.19921875,1,0.0,0.0
2023-04-26 00:00:00-04:00,37350.0,44222.3984375,37350.0,39441.6015625,0,0.0,0.0
2023-04-27 00:00:00-04:00,37648.80078125,40487.3984375,37350.0,37499.3984375,0,0.0,0.0
2023-04-28 00:00:00-04:00,37499.3984375,39441.6015625,35856.0,37350.0,2,0.0,0.0
2023-05-01 00:00:00-04:00,38694.6015625,39292.19921875,36603.0,36603.0,1,0.0,0.0
2023-05-02 00:00:00-04:00,37798.19921875,37947.6015625,34362.0,35856.0,1,0.0,0.0
2023-05-03 00:00:00-04:00,34212.6015625,35856.0,34212.6015625,34511.3984375,0,0.0,0.0
2023-05-04 00:00:00-04:00,35557.19921875,37350.0,33017.3984375,37350.0,1,0.0,0.0
2023-05-05 00:00:00-04:00,38844.0,38844.0,36304.19921875,36304.19921875,0,0.0,0.0
2023-05-08 00:00:00-04:00,38844.0,38844.0,35856.0,36005.3984375,0,0.0,0.0
2023-05-09 00:00:00-04:00,36005.3984375,38844.0,36005.3984375,37350.0,1,0.0,0.0
2023-05-10 00:00:00-04:00,40338.0,55278.0,37350.0,47808.0,9,0.0,0.0
2023-05-11 00:00:00-04:00,49302.0,54680.3984375,45268.19921875,50796.0,4,0.0,0.0
2023-05-12 00:00:00-04:00,50796.0,51841.80078125,42429.6015625,44670.6015625,2,0.0,0.0
2023-05-15 00:00:00-04:00,42429.6015625,45567.0,40487.3984375,41682.6015625,1,0.0,0.0
2023-05-16 00:00:00-04:00,38097.0,43475.3984375,38097.0,40039.19921875,0,0.0,0.0
2023-05-17 00:00:00-04:00,38694.6015625,41533.19921875,38097.0,40338.0,0,0.0,0.0
2023-05-18 00:00:00-04:00,41085.0,46314.0,38844.0,43326.0,0,0.0,0.0
2023-05-19 00:00:00-04:00,40487.3984375,46314.0,40487.3984375,43326.0,0,0.0,0.0
2023-05-22 00:00:00-04:00,43326.0,45567.0,38993.3984375,42877.80078125,1,0.0,0.0
2023-05-23 00:00:00-04:00,44820.0,48555.0,40338.0,47808.0,3,0.0,0.0
2023-05-24 00:00:00-04:00,46314.0,48704.3984375,44820.0,48704.3984375,0,0.0,0.0
2023-05-25 00:00:00-04:00,46314.0,47808.0,37499.3984375,38993.3984375,3,0.0,0.0
2023-05-26 00:00:00-04:00,37947.6015625,59760.0,37947.6015625,48704.3984375,36,0.0,0.1
2023-05-30 00:00:00-04:00,49899.6015625,49899.6015625,40338.0,45865.80078125,7,0.0,0.0
2023-05-31 00:00:00-04:00,44371.80078125,44371.80078125,37798.19921875,39740.3984375,4,0.0,0.0
2023-06-01 00:00:00-04:00,38545.19921875,45716.3984375,38545.19921875,44670.6015625,3,0.0,0.0
2023-06-02 00:00:00-04:00,45716.3984375,48555.0,44820.0,47210.3984375,2,0.0,0.0
2023-06-05 00:00:00-04:00,45865.80078125,47359.80078125,44820.0,44969.3984375,2,0.0,0.0
2023-06-06 00:00:00-04:00,44222.3984375,47509.19921875,43624.80078125,46015.19921875,1,0.0,0.0
2023-06-07 00:00:00-04:00,46015.19921875,46762.19921875,44222.3984375,45865.80078125,2,0.0,0.0
2023-06-08 00:00:00-04:00,44820.0,45417.6015625,43848.8984375,44670.6015625,1,0.0,0.0
2023-06-09 00:00:00-04:00,44820.0,47061.0,44820.0,46911.6015625,1,0.0,0.0
2023-06-12 00:00:00-04:00,45268.19921875,48555.0,44969.3984375,45118.80078125,2,0.0,0.0
2023-06-13 00:00:00-04:00,47509.19921875,48555.0,45865.80078125,46567.98046875,1,0.0,0.0
2023-06-14 00:00:00-04:00,47061.0,47643.66015625,43923.6015625,44820.0,1,0.0,0.0
2023-06-15 00:00:00-04:00,43774.19921875,56368.62109375,43774.19921875,48853.80078125,15,0.0,0.0
2023-06-16 00:00:00-04:00,45417.6015625,45567.0,40786.19921875,43326.0,3,0.0,0.0
2023-06-20 00:00:00-04:00,40188.6015625,44820.0,40188.6015625,40188.6015625,1,0.0,0.0
2023-06-21 00:00:00-04:00,40338.0,40771.26171875,35856.0,38246.3984375,2,0.0,0.0
2023-06-22 00:00:00-04:00,38560.140625,38694.6015625,38545.19921875,38545.19921875,0,0.0,0.0
2023-06-23 00:00:00-04:00,38545.19921875,38993.3984375,36154.80078125,36901.80078125,0,0.0,0.0
2023-06-26 00:00:00-04:00,36901.80078125,41832.0,36005.3984375,36304.19921875,1,0.0,0.0
2023-06-27 00:00:00-04:00,37648.80078125,41234.3984375,37424.69921875,39591.0,1,0.0,0.0
2023-06-28 00:00:00-04:00,39740.3984375,39740.3984375,36453.6015625,37887.83984375,0,0.0,0.0
2023-06-29 00:00:00-04:00,39591.0,40128.83984375,38097.0,39142.80078125,0,0.0,0.0
2023-06-30 00:00:00-04:00,36304.19921875,36319.140625,34660.80078125,34810.19921875,2,0.0,0.0
2023-07-03 00:00:00-04:00,34511.3984375,35407.80078125,33615.0,34362.0,1,0.0,0.0
2023-07-05 00:00:00-04:00,34511.3984375,35706.6015625,33615.0,34959.6015625,1,0.0,0.0
2023-07-06 00:00:00-04:00,32718.599609375,46164.6015625,32718.599609375,42728.3984375,3,0.0,0.0
2023-07-07 00:00:00-04:00,41383.80078125,44670.6015625,38993.3984375,43923.6015625,1,0.0,0.0
2023-07-10 00:00:00-04:00,43176.6015625,45835.921875,41996.33984375,44969.3984375,1,0.0,0.0
2023-07-11 00:00:00-04:00,44745.30078125,48853.80078125,44745.30078125,48704.3984375,2,0.0,0.0
2023-07-12 00:00:00-04:00,92926.796875,162696.59375,86801.3984375,92628.0,1984,0.0,0.0
2023-07-13 00:00:00-04:00,71861.3984375,85755.6015625,61552.80078125,64242.0,89,0.0,0.0
2023-07-14 00:00:00-04:00,61702.19921875,61851.6015625,52290.0,54531.0,28,0.0,0.0
2023-07-17 00:00:00-04:00,81871.203125,99351.0,63046.80078125,69321.6015625,1166,0.0,0.0
2023-07-18 00:00:00-04:00,75596.3984375,76194.0,66632.3984375,68574.6015625,95,0.0,0.0
2023-07-19 00:00:00-04:00,66184.203125,73206.0,64242.0,71712.0,23,0.0,0.0
2023-07-20 00:00:00-04:00,68873.3984375,70815.6015625,63599.578125,65287.80078125,9,0.0,0.0
2023-07-21 00:00:00-04:00,65736.0,69620.3984375,63644.3984375,68873.3984375,11,0.0,0.0
2023-07-24 00:00:00-04:00,65736.0,66333.6015625,58714.19921875,63196.19921875,6,0.0,0.0
2023-07-25 00:00:00-04:00,60955.19921875,63196.19921875,59461.19921875,61254.0,5,0.0,0.0
2023-07-26 00:00:00-04:00,59909.3984375,66632.3984375,59909.3984375,66034.796875,6,0.0,0.0
2023-07-27 00:00:00-04:00,66034.796875,66034.796875,61851.6015625,64242.0,3,0.0,0.0
2023-07-28 00:00:00-04:00,64242.0,66931.203125,61552.80078125,66184.203125,8,0.0,0.0
2023-07-31 00:00:00-04:00,66034.796875,66034.796875,63196.19921875,66034.796875,3,0.0,0.0
2023-08-01 00:00:00-04:00,63495.0,64540.80078125,60656.3984375,62748.0,5,0.0,0.0
2023-08-02 00:00:00-04:00,61254.0,61776.8984375,58714.19921875,60656.3984375,2,0.0,0.0
2023-08-03 00:00:00-04:00,58714.19921875,60955.19921875,58714.19921875,60805.80078125,1,0.0,0.0
2023-08-04 00:00:00-04:00,59610.6015625,62001.0,59610.6015625,60805.80078125,3,0.0,0.0
2023-08-07 00:00:00-04:00,61254.0,63943.19921875,58714.19921875,59610.6015625,12,0.0,0.0
2023-08-08 00:00:00-04:00,58415.3984375,59162.3984375,54381.6015625,57369.6015625,8,0.0,0.0
2023-08-09 00:00:00-04:00,56622.6015625,59565.78125,56622.6015625,58564.80078125,6,0.0,0.0
2023-08-10 00:00:00-04:00,57369.6015625,59461.19921875,52887.6015625,55427.3984375,5,0.0,0.0
2023-08-11 00:00:00-04:00,53335.80078125,57070.80078125,53335.80078125,54531.0,7,0.0,0.0
2023-08-14 00:00:00-04:00,53485.19921875,54366.66015625,50945.3984375,52887.6015625,3,0.0,0.0
2023-08-15 00:00:00-04:00,51841.80078125,69530.7578125,51841.80078125,63644.3984375,30,0.0,0.0
2023-08-16 00:00:00-04:00,64242.0,64242.0,59760.0,62299.80078125,4,0.0,0.0
2023-08-17 00:00:00-04:00,61104.6015625,66184.203125,59461.19921875,63495.0,3,0.0,0.0
2023-08-18 00:00:00-04:00,62748.0,68126.3984375,60208.19921875,64391.3984375,8,0.0,0.0
2023-08-21 00:00:00-04:00,63345.6015625,74401.203125,63345.6015625,73504.796875,8,0.0,0.0
2023-08-22 00:00:00-04:00,74700.0,78435.0,73803.6015625,77538.6015625,10,0.0,0.0
2023-08-23 00:00:00-04:00,76941.0,80078.3984375,70965.0,73355.3984375,4,0.0,0.0
2023-08-24 00:00:00-04:00,72459.0,73654.203125,67528.796875,68574.6015625,5,0.0,0.0
2023-08-25 00:00:00-04:00,68425.203125,70965.0,67080.6015625,69321.6015625,1,0.0,0.0
2023-08-28 00:00:00-04:00,70068.6015625,70965.0,61254.0,63196.19921875,7,0.0,0.0
2023-08-29 00:00:00-04:00,63943.19921875,68873.3984375,62748.0,62748.0,3,0.0,0.0
2023-08-30 00:00:00-04:00,62449.19921875,67857.4765625,61403.3984375,63943.19921875,6,0.0,0.0
2023-08-31 00:00:00-04:00,63345.6015625,69172.203125,62449.19921875,62449.19921875,3,0.0,0.0
2023-09-01 00:00:00-04:00,63196.19921875,65287.80078125,63196.19921875,65287.80078125,2,0.0,0.0
2023-09-05 00:00:00-04:00,64989.0,65272.859375,62598.6015625,63196.19921875,1,0.0,0.0
2023-09-06 00:00:00-04:00,63196.19921875,64540.80078125,62748.0,62748.0,1,0.0,0.0
2023-09-07 00:00:00-04:00,61552.80078125,63599.578125,60805.80078125,61403.3984375,1,0.0,0.0
2023-09-08 00:00:00-04:00,61403.3984375,61403.3984375,58266.0,59461.19921875,1,0.0,0.0
2023-09-11 00:00:00-04:00,58564.80078125,63614.51953125,58564.80078125,60656.3984375,1,0.0,0.0
2023-09-12 00:00:00-04:00,59461.19921875,61851.6015625,59461.19921875,61403.3984375,2,0.0,0.0
2023-09-13 00:00:00-04:00,61254.0,63644.3984375,60910.37890625,62748.0,0,0.0,0.0
2023-09-14 00:00:00-04:00,62748.0,65437.19921875,62748.0,65138.3984375,1,0.0,0.0
2023-09-15 00:00:00-04:00,60820.73828125,67230.0,60820.73828125,67230.0,2,0.0,0.0
2023-09-18 00:00:00-04:00,65138.3984375,67215.0625,62538.83984375,62538.83984375,1,0.0,0.0
2023-09-19 00:00:00-04:00,60805.80078125,65900.34375,60805.80078125,62299.80078125,1,0.0,0.0
2023-09-20 00:00:00-04:00,62299.80078125,69172.203125,62299.80078125,67797.71875,1,0.0,0.0
2023-09-21 00:00:00-04:00,67230.0,67230.0,62972.1015625,62972.1015625,1,0.0,0.0
2023-09-22 00:00:00-04:00,62748.0,63345.6015625,61254.0,61254.0,1,0.0,0.0
2023-09-25 00:00:00-04:00,61254.0,64242.0,61254.0,61254.0,0,0.0,0.0
2023-09-26 00:00:00-04:00,60058.80078125,60850.62109375,58116.6015625,58116.6015625,1,0.0,0.0
2023-09-27 00:00:00-04:00,59013.0,59013.0,55726.19921875,55875.6015625,1,0.0,0.0
2023-09-28 00:00:00-04:00,59162.3984375,62001.0,54008.1015625,55278.0,5,0.0,0.0
2023-09-29 00:00:00-04:00,56772.0,61702.19921875,56772.0,56921.3984375,1,0.0,0.0
2023-10-02 00:00:00-04:00,59760.0,60357.6015625,59760.0,60297.83984375,1,0.0,0.0
2023-10-03 00:00:00-04:00,59909.3984375,60208.19921875,59909.3984375,60208.19921875,0,0.0,0.0
2023-10-04 00:00:00-04:00,60507.0,62150.3984375,60507.0,60850.62109375,0,0.0,0.0
2023-10-05 00:00:00-04:00,60357.6015625,63495.0,60357.6015625,62150.3984375,0,0.0,0.0
2023-10-06 00:00:00-04:00,61776.8984375,61926.30078125,60357.6015625,61926.30078125,0,0.0,0.0
2023-10-09 00:00:00-04:00,61254.0,62598.6015625,61104.6015625,62150.3984375,0,0.0,0.0
2023-10-10 00:00:00-04:00,60507.0,62150.3984375,60507.0,61254.0,0,0.0,0.0
2023-10-11 00:00:00-04:00,61971.12109375,61971.12109375,59760.0,59909.3984375,0,0.0,0.0
2023-10-12 00:00:00-04:00,61254.0,61851.6015625,59760.0,61104.6015625,0,0.0,0.0
2023-10-13 00:00:00-04:00,60028.921875,61254.0,58266.0,59610.6015625,0,0.0,0.0
2023-10-16 00:00:00-04:00,58415.3984375,62195.21875,58415.3984375,59760.0,0,0.0,0.0
2023-10-17 00:00:00-04:00,59760.0,61821.71875,59760.0,60357.6015625,0,0.0,0.0
2023-10-18 00:00:00-04:00,61552.80078125,62449.19921875,58863.6015625,61104.6015625,0,0.0,0.0
2023-10-19 00:00:00-04:00,62598.6015625,62598.6015625,58266.0,61254.0,0,0.0,0.0
2023-10-20 00:00:00-04:00,61254.0,61403.3984375,58340.69921875,59461.19921875,1,0.0,0.0
2023-10-23 00:00:00-04:00,60357.6015625,61493.0390625,59461.19921875,61254.0,0,0.0,0.0
2023-10-24 00:00:00-04:00,60955.19921875,61403.3984375,60507.0,60955.19921875,0,0.0,0.0
2023-10-25 00:00:00-04:00,61403.3984375,61403.3984375,58415.3984375,61104.6015625,1,0.0,0.0
2023-10-26 00:00:00-04:00,63345.6015625,63345.6015625,58564.80078125,59162.3984375,0,0.0,0.0
2023-10-27 00:00:00-04:00,60357.6015625,60507.0,59311.80078125,59311.80078125,0,0.0,0.0
2023-10-30 00:00:00-04:00,58564.80078125,60357.6015625,58564.80078125,59461.19921875,0,0.0,0.0
2023-10-31 00:00:00-04:00,59760.0,59760.0,58415.3984375,59162.3984375,0,0.0,0.0
2023-11-01 00:00:00-04:00,58714.19921875,60357.6015625,58714.19921875,60357.6015625,0,0.0,0.0
2023-11-02 00:00:00-04:00,58714.19921875,61552.80078125,58714.19921875,60058.80078125,0,0.0,0.0
2023-11-03 00:00:00-04:00,61702.19921875,61702.19921875,61702.19921875,61702.19921875,0,0.0,0.0
2023-11-06 00:00:00-05:00,59760.0,59760.0,59013.0,59162.3984375,0,0.0,0.0
2023-11-07 00:00:00-05:00,59760.0,62748.0,59013.0,59013.0,1,0.0,0.0
2023-11-08 00:00:00-05:00,59162.3984375,61851.6015625,59013.0,61851.6015625,0,0.0,0.0
2023-11-09 00:00:00-05:00,59013.0,60955.19921875,58415.3984375,58714.19921875,1,0.0,0.0
2023-11-10 00:00:00-05:00,59013.0,59461.19921875,59013.0,59013.0,0,0.0,0.0
2023-11-13 00:00:00-05:00,59013.0,59162.3984375,59013.0,59013.0,0,0.0,0.0
2023-11-14 00:00:00-05:00,59162.3984375,60955.19921875,59013.0,60955.19921875,1,0.0,0.0
2023-11-15 00:00:00-05:00,60955.19921875,72757.796875,60955.19921875,63495.0,10,0.0,0.0
2023-11-16 00:00:00-05:00,64989.0,65213.1015625,59072.76171875,59311.80078125,1,0.0,0.0
2023-11-17 00:00:00-05:00,59476.140625,61478.1015625,58266.0,58564.80078125,1,0.0,0.0
2023-11-20 00:00:00-05:00,58564.80078125,59386.5,58266.0,58266.0,0,0.0,0.0
2023-11-21 00:00:00-05:00,58266.0,66483.0,55427.3984375,56323.80078125,3,0.0,0.0
2023-11-22 00:00:00-05:00,56174.3984375,57519.0,55278.0,56622.6015625,1,0.0,0.0
2023-11-24 00:00:00-05:00,56772.0,57668.3984375,54725.21875,57668.3984375,0,0.0,0.0
2023-11-27 00:00:00-05:00,56099.69921875,59461.19921875,54531.0,56025.0,2,0.0,0.0
2023-11-28 00:00:00-05:00,57145.5,58116.6015625,56025.0,58116.6015625,0,0.0,0.0
2023-11-29 00:00:00-05:00,56772.0,57967.19921875,56473.19921875,57967.19921875,0,0.0,0.0
2023-11-30 00:00:00-05:00,55427.3984375,56025.0,54531.0,55875.6015625,0,0.0,0.0
2023-12-01 00:00:00-05:00,54082.80078125,57713.21875,54082.80078125,56010.05859375,0,0.0,0.0
2023-12-04 00:00:00-05:00,55875.6015625,56772.0,52439.3984375,56473.19921875,0,0.0,0.0
2023-12-05 00:00:00-05:00,55128.6015625,56323.80078125,54680.3984375,54680.3984375,0,0.0,0.0
2023-12-06 00:00:00-05:00,57070.80078125,57070.80078125,54740.16015625,54829.80078125,0,0.0,0.0
2023-12-07 00:00:00-05:00,53784.0,55651.5,53111.69921875,54680.3984375,0,0.0,0.0
2023-12-08 00:00:00-05:00,52738.19921875,54531.0,50960.33984375,51617.69921875,1,0.0,0.0
2023-12-11 00:00:00-05:00,50347.80078125,51154.55859375,45567.0,48704.3984375,1,0.0,0.0
2023-12-12 00:00:00-05:00,51035.0390625,51035.0390625,51035.0390625,51035.0390625,0,0.0,0.0
2023-12-13 00:00:00-05:00,49600.80078125,49600.80078125,45118.80078125,45118.80078125,0,0.0,0.0
2023-12-14 00:00:00-05:00,44820.0,47135.69921875,42130.80078125,42429.6015625,1,0.0,0.0
2023-12-15 00:00:00-05:00,41533.19921875,42788.16015625,39889.80078125,41383.80078125,1,0.0,0.0
2023-12-18 00:00:00-05:00,41832.0,47359.80078125,41832.0,44670.6015625,1,0.0,0.0
2023-12-19 00:00:00-05:00,44820.0,47359.80078125,43923.6015625,43923.6015625,0,0.0,0.0
2023-12-20 00:00:00-05:00,43774.19921875,43923.6015625,42130.80078125,43774.19921875,0,0.0,0.0
2023-12-21 00:00:00-05:00,45716.3984375,45716.3984375,44087.94140625,44087.94140625,0,0.0,0.0
2023-12-22 00:00:00-05:00,43639.73828125,45268.19921875,43639.73828125,44476.37890625,0,0.0,0.0
2023-12-26 00:00:00-05:00,42877.80078125,44371.80078125,41832.0,44222.3984375,1,0.0,0.0
2023-12-27 00:00:00-05:00,42728.3984375,42728.3984375,40338.0,40338.0,0,0.0,0.0
2023-12-28 00:00:00-05:00,39889.80078125,43579.98046875,39292.19921875,41757.30078125,0,0.0,0.0
2023-12-29 00:00:00-05:00,40487.3984375,41159.69921875,40338.0,41010.30078125,0,0.0,0.0
2024-01-02 00:00:00-05:00,41085.0,44371.80078125,40039.19921875,42653.69921875,1,0.0,0.0
2024-01-03 00:00:00-05:00,40338.0,42728.3984375,38246.3984375,42728.3984375,0,0.0,0.0
2024-01-04 00:00:00-05:00,40636.80078125,44073.0,40636.80078125,44073.0,0,0.0,0.0
2024-01-05 00:00:00-05:00,41309.1015625,44371.80078125,41309.1015625,43326.0,0,0.0,0.0
2024-01-08 00:00:00-05:00,44073.0,44297.1015625,44073.0,44073.0,1,0.0,0.0
2024-01-09 00:00:00-05:00,44073.0,47658.6015625,44073.0,47016.1796875,0,0.0,0.0
2024-01-10 00:00:00-05:00,45507.23828125,46687.5,45507.23828125,46314.0,0,0.0,0.0
2024-01-11 00:00:00-05:00,47061.0,47061.0,41981.3984375,41981.3984375,0,0.0,0.0
2024-01-12 00:00:00-05:00,41981.3984375,41981.3984375,39038.21875,39142.80078125,0,0.0,0.0
2024-01-16 00:00:00-05:00,38545.19921875,39516.30078125,38246.3984375,38694.6015625,0,0.0,0.0
2024-01-17 00:00:00-05:00,40890.78125,40890.78125,39366.8984375,40188.6015625,0,0.0,0.0
2024-01-18 00:00:00-05:00,38246.3984375,38246.3984375,37648.80078125,37648.80078125,0,0.0,0.0
2024-01-19 00:00:00-05:00,36603.0,36946.62109375,34362.0,34362.0,1,0.0,0.0
2024-01-22 00:00:00-05:00,33465.6015625,34959.6015625,30776.400390625,33241.5,0,0.0,0.0
2024-01-23 00:00:00-05:00,32868.0,32868.0,31971.599609375,31971.599609375,0,0.0,0.0
2024-01-24 00:00:00-05:00,31971.599609375,32643.900390625,31374.0,32643.900390625,0,0.0,0.0
2024-01-25 00:00:00-05:00,32868.0,32868.0,30029.400390625,30029.400390625,0,0.0,0.0
2024-01-26 00:00:00-05:00,29730.599609375,31971.599609375,29730.599609375,31971.599609375,0,0.0,0.0
2024-01-29 00:00:00-05:00,30477.599609375,32046.30078125,30029.400390625,30985.560546875,1,0.0,0.0
2024-01-30 00:00:00-05:00,30925.80078125,30925.80078125,30029.400390625,30029.400390625,0,0.0,0.0
2024-01-31 00:00:00-05:00,30029.400390625,31224.599609375,30029.400390625,30178.80078125,0,0.0,0.0
2024-02-01 00:00:00-05:00,31075.19921875,31075.19921875,30552.30078125,30925.80078125,0,0.0,0.0
2024-02-02 00:00:00-05:00,31224.599609375,36901.80078125,30029.400390625,30029.400390625,2,0.0,0.0
2024-02-05 00:00:00-05:00,37350.0,37648.80078125,30627.0,32345.099609375,4,0.0,0.0
2024-02-06 00:00:00-05:00,34362.0,35706.6015625,33615.0,35407.80078125,1,0.0,0.0
2024-02-07 00:00:00-05:00,36453.6015625,43042.140625,36453.6015625,42877.80078125,1,0.0,0.0
2024-02-08 00:00:00-05:00,52738.19921875,63345.6015625,47658.6015625,53933.3984375,30,0.0,0.0
2024-02-09 00:00:00-05:00,56473.19921875,56473.19921875,46314.0,47061.0,4,0.0,0.0
2024-02-12 00:00:00-05:00,47359.80078125,52738.19921875,47210.3984375,52439.3984375,2,0.0,0.0
2024-02-13 00:00:00-05:00,51244.19921875,56323.80078125,47210.3984375,47389.6796875,4,0.0,0.0
2024-02-14 00:00:00-05:00,47808.0,59610.6015625,43326.0,53335.80078125,48,0.0,0.0
2024-02-15 00:00:00-05:00,43624.80078125,47135.69921875,40338.0,40606.921875,8,0.0,0.0
2024-02-16 00:00:00-05:00,37499.3984375,39591.0,34660.80078125,34959.6015625,4,0.0,0.0
2024-02-20 00:00:00-05:00,33913.80078125,35856.0,32270.400390625,32718.599609375,4,0.0,0.0
2024-02-21 00:00:00-05:00,34959.6015625,37200.6015625,30627.0,31075.19921875,9,0.0,0.0
2024-02-22 00:00:00-05:00,31523.400390625,33107.0390625,30029.400390625,32270.400390625,7,0.0,0.0
2024-02-23 00:00:00-05:00,34362.0,34362.0,27937.80078125,28535.400390625,4,0.0,0.0
2024-02-26 00:00:00-05:00,29730.599609375,32868.0,29147.939453125,32868.0,4,0.0,0.0
2024-02-27 00:00:00-05:00,35109.0,35109.0,32121.0,33465.6015625,2,0.0,0.0
2024-02-28 00:00:00-05:00,33913.80078125,34362.0,28983.599609375,30029.400390625,4,0.0,0.0
2024-02-29 00:00:00-05:00,30925.80078125,31224.599609375,29133.0,30253.5,2,0.0,0.0
2024-03-01 00:00:00-05:00,34362.0,44222.3984375,28834.19921875,29431.80078125,152,0.0,0.0
2024-03-04 00:00:00-05:00,29431.80078125,32569.19921875,29133.0,31075.19921875,13,0.0,0.0
2024-03-05 00:00:00-05:00,30477.599609375,30925.80078125,27190.80078125,28386.0,9,0.0,0.0
2024-03-06 00:00:00-05:00,28236.599609375,30776.400390625,26204.759765625,28834.19921875,4,0.0,0.0
2024-03-07 00:00:00-05:00,28087.19921875,28117.080078125,27041.400390625,27788.400390625,1,0.0,0.0
2024-03-08 00:00:00-05:00,27340.19921875,28490.580078125,26145.0,27639.0,2,0.0,0.0
2024-03-11 00:00:00-04:00,28386.0,29282.400390625,26892.0,28983.599609375,3,0.0,0.0
2024-03-12 00:00:00-04:00,28535.400390625,29282.400390625,26294.400390625,26593.19921875,4,0.0,0.0
2024-03-13 00:00:00-04:00,26443.80078125,28535.400390625,26443.80078125,28535.400390625,2,0.0,0.0
2024-03-14 00:00:00-04:00,28087.19921875,28087.19921875,26294.400390625,27639.0,3,0.0,0.0
2024-03-15 00:00:00-04:00,26742.599609375,28535.400390625,26443.80078125,28386.0,1,0.0,0.0
2024-03-18 00:00:00-04:00,27489.599609375,28684.80078125,27489.599609375,28386.0,1,0.0,0.0
2024-03-19 00:00:00-04:00,27489.599609375,33913.80078125,26742.599609375,29581.19921875,40,0.0,0.0
2024-03-20 00:00:00-04:00,29880.0,30627.0,27639.0,29581.19921875,4,0.0,0.0
2024-03-21 00:00:00-04:00,28684.80078125,29880.0,28087.19921875,28983.599609375,4,0.0,0.0
2024-03-22 00:00:00-04:00,28386.0,30477.599609375,27639.0,29133.0,3,0.0,0.0
2024-03-25 00:00:00-04:00,29133.0,29133.0,26892.0,27041.400390625,2,0.0,0.0
2024-03-26 00:00:00-04:00,26742.599609375,29581.19921875,26742.599609375,28087.19921875,3,0.0,0.0
2024-03-27 00:00:00-04:00,27788.400390625,28012.5,26817.30078125,27788.400390625,2,0.0,0.0
2024-03-28 00:00:00-04:00,27639.0,28834.19921875,27340.19921875,27788.400390625,1,0.0,0.0
2024-04-01 00:00:00-04:00,28386.0,28386.0,26742.599609375,27489.599609375,3,0.0,0.0
2024-04-02 00:00:00-04:00,27041.400390625,27340.19921875,26443.80078125,27041.400390625,2,0.0,0.0
2024-04-03 00:00:00-04:00,27489.599609375,28535.400390625,26593.19921875,28535.400390625,4,0.0,0.0
2024-04-04 00:00:00-04:00,29133.0,33615.0,28998.5390625,30029.400390625,57,0.0,0.0
2024-04-05 00:00:00-04:00,29282.400390625,29282.400390625,26443.80078125,27489.599609375,8,0.0,0.0
2024-04-08 00:00:00-04:00,27937.80078125,28834.19921875,26443.80078125,26892.0,24,0.0,0.0
2024-04-09 00:00:00-04:00,26443.80078125,26742.599609375,24949.80078125,25398.0,8,0.0,0.0
2024-04-10 00:00:00-04:00,25248.599609375,25398.0,20617.19921875,22932.900390625,9,0.0,0.0
2024-04-11 00:00:00-04:00,23904.0,24426.900390625,21812.400390625,22484.69921875,2,0.0,0.0
2024-04-12 00:00:00-04:00,21812.400390625,25398.0,21364.19921875,22260.599609375,15,0.0,0.0
2024-04-15 00:00:00-04:00,22410.0,22410.0,19870.19921875,20318.400390625,7,0.0,0.0
2024-04-16 00:00:00-04:00,20975.759765625,22260.599609375,20318.400390625,20766.599609375,1,0.0,0.0
2024-04-17 00:00:00-04:00,20736.720703125,20736.720703125,19720.80078125,19720.80078125,3,0.0,0.0
2024-04-18 00:00:00-04:00,20467.80078125,20916.0,19720.80078125,20826.359375,1,0.0,0.0
2024-04-19 00:00:00-04:00,20766.599609375,22245.66015625,20467.80078125,20990.69921875,1,0.0,0.0
2024-04-22 00:00:00-04:00,20766.599609375,20766.599609375,20019.599609375,20766.599609375,1,0.0,0.0
2024-04-23 00:00:00-04:00,20169.0,20482.740234375,19422.0,20019.599609375,1,0.0,0.0
2024-04-24 00:00:00-04:00,19422.0,19422.0,18675.0,19123.19921875,2,0.0,0.0
2024-04-25 00:00:00-04:00,18675.0,19123.19921875,17778.599609375,17928.0,3,0.0,0.0
2024-04-26 00:00:00-04:00,18226.80078125,18973.80078125,18226.80078125,18973.80078125,1,0.0,0.0
2024-04-29 00:00:00-04:00,18824.400390625,19720.80078125,17928.0,17942.939453125,1,0.0,0.0
2024-04-30 00:00:00-04:00,18376.19921875,18630.1796875,17928.0,18017.640625,1,0.0,0.0
2024-05-01 00:00:00-04:00,18824.400390625,19123.19921875,17479.80078125,18824.400390625,1,0.0,0.0
2024-05-02 00:00:00-04:00,18824.400390625,18824.400390625,18077.400390625,18376.19921875,1,0.0,0.0
2024-05-03 00:00:00-04:00,24651.0,26593.19921875,18376.19921875,20467.80078125,1643,0.0,0.0
2024-05-06 00:00:00-04:00,19870.19921875,21812.400390625,18973.80078125,19123.19921875,36,0.0,0.0
2024-05-07 00:00:00-04:00,18675.0,19272.599609375,17181.0,19123.19921875,17,0.0,0.0
2024-05-08 00:00:00-04:00,18525.599609375,18973.80078125,17479.80078125,18226.80078125,7,0.0,0.0
2024-05-09 00:00:00-04:00,17629.19921875,19123.19921875,15836.400390625,16448.939453125,10,0.0,0.0
2024-05-10 00:00:00-04:00,16434.0,16658.099609375,14790.599609375,15089.400390625,6,0.0,0.0
2024-05-13 00:00:00-04:00,14491.7998046875,14491.7998046875,12684.0595703125,13102.3798828125,11,0.0,0.0
2024-05-14 00:00:00-04:00,13446.0,13446.0,11010.7802734375,12340.4404296875,7,0.0,0.0
2024-05-15 00:00:00-04:00,12355.3798828125,12549.599609375,11354.400390625,11952.0,5,0.0,0.0
2024-05-16 00:00:00-04:00,11668.1396484375,12071.51953125,11294.6396484375,11698.01953125,8,0.0,0.0
2024-05-17 00:00:00-04:00,11503.7998046875,12250.7998046875,11234.8798828125,11608.3798828125,6,0.0,0.0
2024-05-20 00:00:00-04:00,11802.599609375,11832.48046875,11160.1796875,11727.900390625,2,0.0,0.0
2024-05-21 00:00:00-04:00,12146.2197265625,12893.2197265625,11668.1396484375,12893.2197265625,5,0.0,0.0
2024-05-22 00:00:00-04:00,12549.599609375,12549.599609375,10756.7998046875,10906.2001953125,8,0.0,0.0
2024-05-23 00:00:00-04:00,10756.7998046875,11205.0,10756.7998046875,11190.0595703125,2,0.0,0.0
2024-05-24 00:00:00-04:00,11369.33984375,11369.33984375,10024.740234375,10532.7001953125,6,0.0,0.0
2024-05-28 00:00:00-04:00,10831.5,11025.7197265625,10039.6796875,10353.419921875,5,0.0,0.0
2024-05-29 00:00:00-04:00,10039.6796875,10906.2001953125,10039.6796875,10308.599609375,1,0.0,0.0
2024-05-30 00:00:00-04:00,10831.5,11055.599609375,10248.83984375,10741.8603515625,1,0.0,0.0
2024-05-31 00:00:00-04:00,10741.8603515625,10741.8603515625,10458.0,10458.0,1,0.0,0.0
2024-06-03 00:00:00-04:00,10756.7998046875,10906.2001953125,9412.2001953125,9561.599609375,4,0.0,0.0
2024-06-04 00:00:00-04:00,9711.0,10637.2802734375,9262.7998046875,9845.4599609375,3,0.0,0.0
2024-06-05 00:00:00-04:00,9382.3203125,9860.400390625,9262.7998046875,9546.66015625,1,0.0,0.0
2024-06-06 00:00:00-04:00,9666.1796875,9860.400390625,9442.080078125,9845.4599609375,1,0.0,0.0
2024-06-07 00:00:00-04:00,9935.099609375,10009.7998046875,9173.16015625,9471.9599609375,4,0.0,0.0
2024-06-10 00:00:00-04:00,9038.7001953125,9725.9404296875,8978.9404296875,9128.33984375,4,0.0,0.0
2024-06-11 00:00:00-04:00,9128.33984375,11055.599609375,9113.400390625,10607.400390625,25,0.0,0.0
2024-06-12 00:00:00-04:00,10353.419921875,11488.8603515625,10159.2001953125,10607.400390625,13,0.0,0.0
2024-06-13 00:00:00-04:00,10607.400390625,10906.2001953125,9800.6396484375,10054.6201171875,4,0.0,0.0
2024-06-14 00:00:00-04:00,9860.400390625,10084.5,9113.400390625,9994.8603515625,1,0.0,0.0
2024-06-17 00:00:00-04:00,9576.5400390625,11503.7998046875,8964.0,11055.599609375,36,0.0,0.0
2024-06-18 00:00:00-04:00,11055.599609375,11712.9599609375,9561.599609375,9994.8603515625,13,0.0,0.0
2024-06-20 00:00:00-04:00,9711.0,10054.6201171875,9217.98046875,9561.599609375,29,0.0,0.0
2024-06-21 00:00:00-04:00,9262.7998046875,9262.7998046875,8202.0595703125,8291.7001953125,11,0.0,0.0
2024-06-24 00:00:00-04:00,8217.0,8575.5595703125,7843.5,8067.60009765625,64,0.0,0.0
2024-06-25 00:00:00-04:00,8381.33984375,8426.16015625,6439.14013671875,7260.83984375,23,0.0,0.0
2024-06-26 00:00:00-04:00,7036.740234375,7888.31982421875,6737.93994140625,7484.93994140625,10,0.0,0.0
2024-06-27 00:00:00-04:00,8037.72021484375,8127.35986328125,7634.33984375,7723.97998046875,5,0.0,0.0
2024-06-28 00:00:00-04:00,7768.7998046875,8127.35986328125,7410.240234375,7709.0400390625,1,0.0,0.0
2024-07-01 00:00:00-04:00,7320.60009765625,7694.10009765625,6723.0,7096.5,5,0.0,0.0
2024-07-02 00:00:00-04:00,7141.31982421875,7619.39990234375,7096.5,7096.5,2,0.0,0.0
2024-07-03 00:00:00-04:00,6902.27978515625,7619.39990234375,6902.27978515625,7051.68017578125,1,0.0,0.0
2024-07-05 00:00:00-04:00,7395.2998046875,7425.18017578125,6797.7001953125,7021.7998046875,1,0.0,0.0
2024-07-08 00:00:00-04:00,7171.2001953125,7275.77978515625,6872.39990234375,7021.7998046875,1,0.0,0.0
2024-07-09 00:00:00-04:00,6872.39990234375,7111.43994140625,6708.06005859375,6827.580078125,2,0.0,0.0
2024-07-10 00:00:00-04:00,6842.52001953125,7111.43994140625,6827.580078125,6991.919921875,1,0.0,0.0
2024-07-11 00:00:00-04:00,6991.919921875,7320.60009765625,6648.2998046875,7186.14013671875,1,0.0,0.0
2024-07-12 00:00:00-04:00,7544.7001953125,8097.47998046875,6812.64013671875,7320.60009765625,4,0.0,0.0
2024-07-15 00:00:00-04:00,7903.259765625,7903.259765625,7006.85986328125,7380.35986328125,2,0.0,0.0
2024-07-16 00:00:00-04:00,7619.39990234375,7768.7998046875,7081.56005859375,7664.22021484375,1,0.0,0.0
2024-07-17 00:00:00-04:00,8187.1201171875,8187.1201171875,7514.81982421875,7888.31982421875,1,0.0,0.0
2024-07-18 00:00:00-04:00,7649.27978515625,8097.47998046875,7275.77978515625,7514.81982421875,1,0.0,0.0
2024-07-19 00:00:00-04:00,7723.97998046875,10308.599609375,7335.5400390625,8530.740234375,147,0.0,0.0
2024-07-22 00:00:00-04:00,7918.2001953125,9008.8203125,7006.85986328125,8261.8203125,42,0.0,0.0
2024-07-23 00:00:00-04:00,8007.83984375,10308.599609375,7350.47998046875,9875.33984375,27,0.0,0.0
2024-07-24 00:00:00-04:00,9576.5400390625,10816.5595703125,8964.0,10816.5595703125,9,0.0,0.0
2024-07-25 00:00:00-04:00,10487.8798828125,10906.2001953125,9725.9404296875,10159.2001953125,6,0.0,0.0
2024-07-26 00:00:00-04:00,9860.400390625,10756.7998046875,9711.0,9711.0,4,0.0,0.0
2024-07-29 00:00:00-04:00,9711.0,11055.599609375,9711.0,11055.599609375,4,0.0,0.0
2024-07-30 00:00:00-04:00,11354.400390625,11354.400390625,9860.400390625,10458.0,3,0.0,0.0
2024-07-31 00:00:00-04:00,9994.8603515625,10502.8203125,9755.8203125,9830.51953125,1,0.0,0.0
2024-08-01 00:00:00-04:00,9785.7001953125,9785.7001953125,9098.4599609375,9337.5,2,0.0,0.0
2024-08-02 00:00:00-04:00,8993.8798828125,10308.599609375,8993.8798828125,10293.66015625,2,0.0,0.0
2024-08-05 00:00:00-04:00,9262.7998046875,10248.83984375,9068.580078125,9412.2001953125,1,0.0,0.0
2024-08-06 00:00:00-04:00,9412.2001953125,10248.83984375,9128.33984375,9128.33984375,2,0.0,0.0
2024-08-07 00:00:00-04:00,9128.33984375,9158.2197265625,7768.7998046875,7828.56005859375,7,0.0,0.0
2024-08-08 00:00:00-04:00,8067.60009765625,8366.400390625,6767.81982421875,7021.7998046875,5,0.0,0.0
2024-08-09 00:00:00-04:00,7305.66015625,7305.66015625,6439.14013671875,6976.97998046875,2,0.0,0.0
2024-08-12 00:00:00-04:00,6902.27978515625,7470.0,6902.27978515625,7470.0,3,0.0,0.0
2024-08-13 00:00:00-04:00,7709.0400390625,8067.60009765625,7619.39990234375,7858.43994140625,1,0.0,0.0
2024-08-14 00:00:00-04:00,7738.919921875,8217.0,7738.919921875,7903.259765625,3,0.0,0.0
2024-08-15 00:00:00-04:00,8007.83984375,8321.580078125,7470.0,8007.83984375,1,0.0,0.0
2024-08-16 00:00:00-04:00,7574.580078125,8082.5400390625,7470.0,7783.740234375,2,0.0,0.0
2024-08-19 00:00:00-04:00,7275.77978515625,8217.0,7186.14013671875,7649.27978515625,1,0.0,0.0
2024-08-20 00:00:00-04:00,8067.60009765625,8067.60009765625,7858.43994140625,8007.83984375,0,0.0,0.0
2024-08-21 00:00:00-04:00,8007.83984375,8067.60009765625,7335.5400390625,8067.60009765625,3,0.0,0.0
2024-08-22 00:00:00-04:00,8381.33984375,8680.1396484375,7918.2001953125,8097.47998046875,3,0.0,0.0
2024-08-23 00:00:00-04:00,8814.599609375,8934.1201171875,8067.60009765625,8441.099609375,2,0.0,0.0
2024-08-26 00:00:00-04:00,8456.0400390625,9098.4599609375,8366.400390625,8590.5,1,0.0,0.0
2024-08-27 00:00:00-04:00,8470.98046875,10159.2001953125,8470.98046875,9591.48046875,5,0.0,0.0
2024-08-28 00:00:00-04:00,10129.3203125,11025.7197265625,9113.400390625,10517.759765625,8,0.0,0.0
2024-08-29 00:00:00-04:00,10517.759765625,10756.7998046875,10009.7998046875,10637.2802734375,2,0.0,0.0
2024-08-30 00:00:00-04:00,10756.7998046875,11175.1201171875,10458.0,10517.759765625,3,0.0,0.0
2024-09-03 00:00:00-04:00,11055.599609375,11175.1201171875,10308.599609375,10906.2001953125,4,0.0,0.0
2024-09-04 00:00:00-04:00,11205.0,11354.400390625,9711.0,10562.580078125,4,0.0,0.0
2024-09-05 00:00:00-04:00,10741.8603515625,11040.66015625,10323.5400390625,11040.66015625,2,0.0,0.0
2024-09-06 00:00:00-04:00,10906.2001953125,11040.66015625,10383.2998046875,10443.0595703125,3,0.0,0.0
2024-09-09 00:00:00-04:00,10891.259765625,11205.0,10308.599609375,10906.2001953125,3,0.0,0.0
2024-09-10 00:00:00-04:00,10831.5,10891.259765625,7649.27978515625,8844.48046875,11,0.0,0.0
2024-09-11 00:00:00-04:00,7753.85986328125,8261.8203125,6767.81982421875,6947.10009765625,14,0.0,0.0
2024-09-12 00:00:00-04:00,6872.39990234375,7918.2001953125,6723.0,7649.27978515625,46,0.0,0.0
2024-09-13 00:00:00-04:00,7768.7998046875,7768.7998046875,4332.60009765625,4930.2001953125,56,0.0,0.0
2024-09-16 00:00:00-04:00,4915.259765625,4989.9599609375,4482.0,4765.85986328125,8,0.0,0.0
2024-09-17 00:00:00-04:00,5004.89990234375,8545.6796875,4631.39990234375,6797.7001953125,1631,0.0,0.0
2024-09-18 00:00:00-04:00,5796.72021484375,7753.85986328125,5602.5,6424.2001953125,116,0.0,0.0
2024-09-19 00:00:00-04:00,6648.2998046875,7171.2001953125,5542.740234375,6125.39990234375,19,0.0,0.0
2024-09-20 00:00:00-04:00,6125.39990234375,6498.89990234375,5572.6201171875,5826.60009765625,5,0.0,0.0
2024-09-23 00:00:00-04:00,5751.89990234375,5751.89990234375,5378.39990234375,5468.0400390625,3,0.0,0.0
2024-09-24 00:00:00-04:00,5766.83984375,7171.2001953125,5542.740234375,5931.18017578125,72,0.0,0.0
2024-09-25 00:00:00-04:00,5766.83984375,6498.89990234375,5766.83984375,6319.6201171875,161,0.0,0.0
2024-09-26 00:00:00-04:00,6185.16015625,7081.56005859375,6020.81982421875,6797.7001953125,29,0.0,0.0
2024-09-27 00:00:00-04:00,6573.60009765625,6872.39990234375,6095.52001953125,6872.39990234375,17,0.0,0.0
2024-09-30 00:00:00-04:00,6857.4599609375,7664.22021484375,6573.60009765625,7320.60009765625,8,0.0,0.0
2024-10-01 00:00:00-04:00,7021.7998046875,7216.02001953125,6797.7001953125,6797.7001953125,1,0.0,0.0
2024-10-02 00:00:00-04:00,6723.0,7350.47998046875,6424.2001953125,6976.97998046875,4,0.0,0.0
2024-10-03 00:00:00-04:00,6782.759765625,7903.259765625,6723.0,7634.33984375,8,0.0,0.0
2024-10-04 00:00:00-04:00,7529.759765625,8067.60009765625,7320.60009765625,7694.10009765625,2,0.0,0.0
2024-10-07 00:00:00-04:00,7484.93994140625,8217.0,7470.0,7470.0,4,0.0,0.0
2024-10-08 00:00:00-04:00,7290.72021484375,7440.1201171875,6887.33984375,7305.66015625,5,0.0,0.0
2024-10-09 00:00:00-04:00,7753.85986328125,7753.85986328125,7006.85986328125,7574.580078125,3,0.0,0.0
2024-10-10 00:00:00-04:00,7738.919921875,7738.919921875,5677.2001953125,6229.97998046875,8,0.0,0.0
2024-10-11 00:00:00-04:00,6125.39990234375,6723.0,5976.0,6334.56005859375,2,0.0,0.0
2024-10-14 00:00:00-04:00,6424.2001953125,6723.0,6050.7001953125,6140.33984375,3,0.0,0.0
2024-10-15 00:00:00-04:00,6304.68017578125,6723.0,5871.419921875,6065.64013671875,2,0.0,0.0
2024-10-16 00:00:00-04:00,5976.0,6274.7998046875,5976.0,6125.39990234375,36,0.0,0.0
2024-10-17 00:00:00-04:00,6543.72021484375,7021.7998046875,5453.10009765625,6693.1201171875,20,0.0,0.0
2024-10-18 00:00:00-04:00,6573.60009765625,7006.85986328125,6125.39990234375,6991.919921875,5,0.0,0.0
2024-10-21 00:00:00-04:00,6842.52001953125,7021.7998046875,6409.259765625,6947.10009765625,2,0.0,0.0
2024-10-22 00:00:00-04:00,7021.7998046875,8067.60009765625,6947.10009765625,6962.0400390625,11,0.0,0.0
2024-10-23 00:00:00-04:00,8217.0,8366.400390625,7335.5400390625,7798.68017578125,15,0.0,0.0
2024-10-24 00:00:00-04:00,8067.60009765625,8217.0,7470.0,8097.47998046875,4,0.0,0.0
2024-10-25 00:00:00-04:00,7619.39990234375,8665.2001953125,7320.60009765625,8650.259765625,441,0.0,0.0
2024-10-28 00:00:00-04:00,15537.599609375,28386.0,14342.400390625,19422.0,9798,0.0,0.0
2024-10-29 00:00:00-04:00,17031.599609375,21214.80078125,16882.19921875,18077.400390625,223,0.0,0.0
2024-10-30 00:00:00-04:00,20019.599609375,22290.48046875,18226.80078125,19870.19921875,265,0.0,0.0
2024-10-31 00:00:00-04:00,19272.599609375,23157.0,19272.599609375,20318.400390625,77,0.0,0.0
2024-11-01 00:00:00-04:00,21065.400390625,22858.19921875,18824.400390625,19272.599609375,36,0.0,0.0
2024-11-04 00:00:00-05:00,19571.400390625,19870.19921875,18226.80078125,19123.19921875,94,0.0,0.0
2024-11-05 00:00:00-05:00,19870.19921875,20169.0,18675.0,19571.400390625,12,0.0,0.0
2024-11-06 00:00:00-05:00,19123.19921875,19571.400390625,18525.599609375,18675.0,10,0.0,0.0
2024-11-07 00:00:00-05:00,18675.0,20318.400390625,18376.19921875,19123.19921875,17,0.0,0.0
2024-11-08 00:00:00-05:00,18675.0,19422.0,18226.80078125,18675.0,6,0.0,0.0
2024-11-11 00:00:00-05:00,19123.19921875,19123.19921875,17479.80078125,18675.0,12,0.0,0.0
2024-11-12 00:00:00-05:00,18973.80078125,18973.80078125,18077.400390625,18675.0,9,0.0,0.0
2024-11-13 00:00:00-05:00,19123.19921875,19123.19921875,18077.400390625,18226.80078125,6,0.0,0.0
2024-11-14 00:00:00-05:00,18077.400390625,18525.599609375,17674.01953125,17928.0,2,0.0,0.0
2024-11-15 00:00:00-05:00,17778.599609375,18152.099609375,17330.400390625,17330.400390625,4,0.0,0.0
2024-11-18 00:00:00-05:00,18077.400390625,18480.779296875,16882.19921875,17031.599609375,4,0.0,0.0
2024-11-19 00:00:00-05:00,17031.599609375,17703.900390625,16583.400390625,16882.19921875,3,0.0,0.0
2024-11-20 00:00:00-05:00,16882.19921875,17330.400390625,16434.0,17181.0,1,0.0,0.0
2024-11-21 00:00:00-05:00,18226.80078125,18226.80078125,15537.599609375,15985.7998046875,1,0.0,0.0
2024-11-22 00:00:00-05:00,15985.7998046875,16732.80078125,15627.240234375,16284.599609375,3,0.0,0.0
2024-11-25 00:00:00-05:00,16284.599609375,16284.599609375,12713.9404296875,13296.599609375,6,0.0,0.0
2024-11-26 00:00:00-05:00,12699.0,13744.7998046875,12400.2001953125,12400.2001953125,4,0.0,0.0
2024-11-27 00:00:00-05:00,12101.400390625,12250.7998046875,9890.2802734375,10159.2001953125,7,0.0,0.0
2024-11-29 00:00:00-05:00,9860.400390625,10726.919921875,9711.0,10368.3603515625,1,0.0,0.0
2024-12-02 00:00:00-05:00,10562.580078125,10562.580078125,9561.599609375,9561.599609375,3,0.0,0.0
2024-12-03 00:00:00-05:00,9860.400390625,10308.599609375,9277.740234375,9277.740234375,2,0.0,0.0
2024-12-04 00:00:00-05:00,9651.240234375,13939.01953125,9128.33984375,10368.3603515625,42,0.0,0.0
2024-12-05 00:00:00-05:00,9860.400390625,10667.16015625,9711.0,10338.48046875,4,0.0,0.0
2024-12-06 00:00:00-05:00,11205.0,24800.400390625,10458.0,17629.19921875,290,0.0,0.0
2024-12-09 00:00:00-05:00,17928.0,18376.19921875,13744.7998046875,14193.0,31,0.0,0.0
2024-12-10 00:00:00-05:00,13774.6796875,15537.599609375,12908.16015625,13147.2001953125,7,0.0,0.0
2024-12-11 00:00:00-05:00,12758.759765625,13535.6396484375,11966.9404296875,12788.6396484375,5,0.0,0.0
2024-12-12 00:00:00-05:00,12997.7998046875,14715.900390625,12997.7998046875,13894.2001953125,6,0.0,0.0
2024-12-13 00:00:00-05:00,12997.7998046875,14641.2001953125,12699.0,13446.0,1,0.0,0.0
2024-12-16 00:00:00-05:00,13714.919921875,13744.7998046875,12699.0,13446.0,2,0.0,0.0
2024-12-17 00:00:00-05:00,12713.9404296875,13192.01953125,11354.400390625,13192.01953125,3,0.0,0.0
2024-12-18 00:00:00-05:00,13251.7802734375,13505.759765625,11787.66015625,12803.580078125,2,0.0,0.0
2024-12-19 00:00:00-05:00,12355.3798828125,12534.66015625,12071.51953125,12325.5,1,0.0,0.0
2024-12-20 00:00:00-05:00,12549.599609375,12549.599609375,11518.740234375,12250.7998046875,1,0.0,0.0
2024-12-23 00:00:00-05:00,12101.400390625,12250.7998046875,11503.7998046875,11623.3203125,1,0.0,0.0
2024-12-24 00:00:00-05:00,11234.8798828125,12086.4599609375,10906.2001953125,10936.080078125,1,0.0,0.0
2024-12-26 00:00:00-05:00,11653.2001953125,12041.6396484375,11100.419921875,11279.7001953125,2,0.0,0.0
2024-12-27 00:00:00-05:00,12101.400390625,12131.2802734375,10921.1396484375,11952.0,2,0.0,0.0
2024-12-30 00:00:00-05:00,11653.2001953125,12355.3798828125,11354.400390625,12355.3798828125,4,0.0,0.0
2024-12-31 00:00:00-05:00,12355.3798828125,23904.0,12250.7998046875,14730.83984375,229,0.0,0.0
2025-01-02 00:00:00-05:00,13446.0,14611.3203125,13147.2001953125,13296.599609375,10,0.0,0.0
2025-01-03 00:00:00-05:00,14148.1796875,17928.0,14058.5400390625,17928.0,679,0.0,0.0
2025-01-06 00:00:00-05:00,17778.599609375,26145.0,17315.4609375,25398.0,99,0.0,0.0
2025-01-07 00:00:00-05:00,21812.400390625,22111.19921875,18077.400390625,18376.19921875,18,0.0,0.0
2025-01-08 00:00:00-05:00,17479.80078125,17703.900390625,15238.7998046875,16135.2001953125,10,0.0,0.0
2025-01-10 00:00:00-05:00,16583.400390625,17151.119140625,14193.0,15388.2001953125,8,0.0,0.0
2025-01-13 00:00:00-05:00,14940.0,15537.599609375,13744.7998046875,14282.6396484375,3,0.0,0.0
2025-01-14 00:00:00-05:00,14790.599609375,14790.599609375,13296.599609375,14013.7197265625,6,0.0,0.0
2025-01-15 00:00:00-05:00,13595.400390625,13894.2001953125,12250.7998046875,12743.8203125,6,0.0,0.0
2025-01-16 00:00:00-05:00,12982.8603515625,13341.419921875,12699.0,12699.0,1,0.0,0.0
2025-01-17 00:00:00-05:00,12997.7998046875,14491.7998046875,12699.0,14312.51953125,7,0.0,0.0
2025-01-21 00:00:00-05:00,13953.9599609375,14312.51953125,13296.599609375,13460.9404296875,5,0.0,0.0
2025-01-22 00:00:00-05:00,13446.0,13446.0,12699.0,13221.900390625,2,0.0,0.0
2025-01-23 00:00:00-05:00,13221.900390625,13296.599609375,12474.900390625,12982.8603515625,2,0.0,0.0
2025-01-24 00:00:00-05:00,12549.599609375,13072.5,11877.2998046875,11877.2998046875,6,0.0,0.0
2025-01-27 00:00:00-05:00,13296.599609375,13446.0,11309.580078125,12265.740234375,4,0.0,0.0
2025-01-28 00:00:00-05:00,11892.240234375,11892.240234375,11205.0,11473.919921875,3,0.0,0.0
2025-01-29 00:00:00-05:00,11205.0,12205.98046875,11205.0,11922.1201171875,8,0.0,0.0
2025-01-30 00:00:00-05:00,11698.01953125,11952.0,11205.0,11578.5,1,0.0,0.0
2025-01-31 00:00:00-05:00,11205.0,11503.7998046875,9711.0,10458.0,20,0.0,0.0
2025-02-03 00:00:00-05:00,10622.33984375,10637.2802734375,9711.0,10637.2802734375,3,0.0,0.0
2025-02-04 00:00:00-05:00,10637.2802734375,11578.5,10637.2802734375,10906.2001953125,6,0.0,0.0
2025-02-05 00:00:00-05:00,11354.400390625,11354.400390625,10084.5,10682.099609375,7,0.0,0.0
2025-02-06 00:00:00-05:00,10368.3603515625,10472.9404296875,9486.900390625,9696.0595703125,14,0.0,0.0
2025-02-07 00:00:00-05:00,9711.0,9860.400390625,8889.2998046875,9412.2001953125,9,0.0,0.0
2025-02-10 00:00:00-05:00,9277.740234375,9412.2001953125,8276.759765625,9113.400390625,9,0.0,0.0
2025-02-11 00:00:00-05:00,8964.0,9232.919921875,8217.0,8635.3203125,7,0.0,0.0
2025-02-12 00:00:00-05:00,8665.2001953125,8665.2001953125,7484.93994140625,8187.1201171875,12,0.0,0.0
2025-02-13 00:00:00-05:00,8187.1201171875,9412.2001953125,7484.93994140625,8724.9599609375,99,0.0,0.0
2025-02-14 00:00:00-05:00,7544.7001953125,7589.52001953125,6752.8798828125,7156.259765625,479,0.0,0.0
2025-02-18 00:00:00-05:00,11817.5400390625,13087.4404296875,8964.0,10756.7998046875,4183,0.0,0.0
2025-02-19 00:00:00-05:00,9501.83984375,9696.0595703125,6439.14013671875,6842.52001953125,213,0.0,0.0
2025-02-20 00:00:00-05:00,6872.39990234375,7903.259765625,6543.72021484375,7514.81982421875,56,0.0,0.0
2025-02-21 00:00:00-05:00,7171.2001953125,7290.72021484375,5901.2998046875,5901.2998046875,62,0.0,0.0
2025-02-24 00:00:00-05:00,5901.2998046875,6573.60009765625,4795.740234375,5034.77978515625,55,0.0,0.0
2025-02-25 00:00:00-05:00,4945.14013671875,6095.52001953125,4631.39990234375,5677.2001953125,871,0.0,0.0
2025-02-26 00:00:00-05:00,8082.5400390625,9711.0,6902.27978515625,7619.39990234375,5210,0.0,0.0
2025-02-27 00:00:00-05:00,6050.7001953125,7604.4599609375,6050.7001953125,6498.89990234375,204,0.0,0.0
2025-02-28 00:00:00-05:00,6588.5400390625,7096.5,6140.33984375,6663.240234375,51,0.0,0.0
2025-03-03 00:00:00-05:00,6125.39990234375,6244.919921875,5438.16015625,5647.31982421875,44,0.0,0.0
2025-03-04 00:00:00-05:00,5677.2001953125,5677.2001953125,4646.33984375,5169.240234375,29,0.0,0.0
2025-03-05 00:00:00-05:00,5154.2998046875,5512.85986328125,5079.60009765625,5288.759765625,12,0.0,0.0
2025-03-06 00:00:00-05:00,5079.60009765625,5482.97998046875,5079.60009765625,5482.97998046875,7,0.0,0.0
2025-03-07 00:00:00-05:00,5378.39990234375,5602.5,5079.60009765625,5333.580078125,24,0.0,0.0
2025-03-10 00:00:00-04:00,4930.2001953125,5333.580078125,4496.93994140625,4631.39990234375,32,0.0,0.0
2025-03-11 00:00:00-04:00,4482.0,5154.2998046875,4482.0,4855.5,1069,0.0,0.0
2025-03-12 00:00:00-04:00,6573.60009765625,7320.60009765625,5243.93994140625,6259.85986328125,2305,0.0,0.0
2025-03-13 00:00:00-04:00,6200.10009765625,7320.60009765625,5826.60009765625,6797.7001953125,130,0.0,0.0
2025-03-14 00:00:00-04:00,6723.0,6872.39990234375,6274.7998046875,6723.0,29,0.0,0.0
2025-03-17 00:00:00-04:00,5826.60009765625,6274.7998046875,5512.85986328125,5961.06005859375,46,0.0,0.0
2025-03-18 00:00:00-04:00,6050.7001953125,6050.7001953125,5751.89990234375,5826.60009765625,11,0.0,0.0
2025-03-19 00:00:00-04:00,5662.259765625,5781.77978515625,5408.27978515625,5692.14013671875,13,0.0,0.0
2025-03-20 00:00:00-04:00,5527.7998046875,5647.31982421875,5258.8798828125,5453.10009765625,10,0.0,0.0
2025-03-21 00:00:00-04:00,5527.7998046875,5751.89990234375,5079.60009765625,5572.6201171875,17,0.0,0.0
2025-03-24 00:00:00-04:00,5318.64013671875,5527.7998046875,5199.1201171875,5378.39990234375,8,0.0,0.0
2025-03-25 00:00:00-04:00,5184.18017578125,5214.06005859375,4915.259765625,4945.14013671875,14,0.0,0.0
2025-03-26 00:00:00-04:00,4930.2001953125,5303.7001953125,4930.2001953125,5288.759765625,5,0.0,0.0
2025-03-27 00:00:00-04:00,5169.240234375,5273.81982421875,4975.02001953125,5199.1201171875,5,0.0,0.0
2025-03-28 00:00:00-04:00,4975.02001953125,5438.16015625,4780.7998046875,4900.31982421875,14,0.0,0.0
2025-03-31 00:00:00-04:00,4780.7998046875,4780.7998046875,4407.2998046875,4482.0,27,0.0,0.0
2025-04-01 00:00:00-04:00,4586.580078125,6573.60009765625,4586.580078125,4646.33984375,315,0.0,0.0
2025-04-02 00:00:00-04:00,4496.93994140625,4825.6201171875,3585.60009765625,3749.93994140625,81,0.0,0.0
2025-04-03 00:00:00-04:00,3421.260009765625,3884.39990234375,3301.739990234375,3436.199951171875,25,0.0,0.0
2025-04-04 00:00:00-04:00,3720.06005859375,3720.06005859375,3227.0400390625,3346.56005859375,18,0.0,0.0
2025-04-07 00:00:00-04:00,3331.6201171875,3735.0,2988.0,3525.840087890625,28,0.0,0.0
2025-04-08 00:00:00-04:00,3525.840087890625,3600.5400390625,3197.159912109375,3346.56005859375,13,0.0,0.0
2025-04-09 00:00:00-04:00,3271.860107421875,3660.300048828125,3227.0400390625,3436.199951171875,20,0.0,0.0
2025-04-10 00:00:00-04:00,3286.800048828125,3525.840087890625,3152.340087890625,3227.0400390625,11,0.0,0.0
2025-04-11 00:00:00-04:00,3137.39990234375,3510.89990234375,3137.39990234375,3316.679931640625,5,0.0,0.0
2025-04-14 00:00:00-04:00,3241.97998046875,3451.139892578125,3062.699951171875,3182.219970703125,487,0.0,0.0
2025-04-15 00:00:00-04:00,3092.580078125,3256.919921875,2838.60009765625,3137.39990234375,151,0.0,0.0
2025-04-16 00:00:00-04:00,3047.760009765625,3152.340087890625,2988.0,2988.0,19,0.0,0.0
2025-04-17 00:00:00-04:00,3002.93994140625,3092.580078125,2868.47998046875,3047.760009765625,35,0.0,0.0
2025-04-21 00:00:00-04:00,2958.1201171875,3137.39990234375,2913.300048828125,3137.39990234375,10,0.0,0.0
2025-04-22 00:00:00-04:00,2988.0,3137.39990234375,2868.47998046875,3047.760009765625,18,0.0,0.0
2025-04-23 00:00:00-04:00,3137.39990234375,3137.39990234375,2988.0,3047.760009765625,19,0.0,0.0
2025-04-24 00:00:00-04:00,2988.0,3002.93994140625,2659.320068359375,2689.199951171875,56,0.0,0.0
2025-04-25 00:00:00-04:00,2823.659912109375,2898.360107421875,2689.199951171875,2763.89990234375,25,0.0,0.0
2025-04-28 00:00:00-04:00,2763.89990234375,2808.719970703125,2121.47998046875,2211.1201171875,81,0.0,0.0
2025-04-29 00:00:00-04:00,2300.760009765625,2300.760009765625,2121.47998046875,2151.360107421875,50,0.0,0.0
2025-04-30 00:00:00-04:00,2196.179931640625,2435.219970703125,2001.9599609375,2345.580078125,70,0.0,0.0
2025-05-01 00:00:00-04:00,2270.8798828125,6573.60009765625,2241.0,4033.800048828125,6907,0.0,0.0
2025-05-02 00:00:00-04:00,3331.6201171875,3735.0,2614.5,3122.4599609375,734,0.0,0.0
2025-05-05 00:00:00-04:00,2973.06005859375,3271.860107421875,2838.60009765625,2838.60009765625,119,0.0,0.0
2025-05-06 00:00:00-04:00,2719.080078125,3002.93994140625,2719.080078125,2883.419921875,62,0.0,0.0
2025-05-07 00:00:00-04:00,2838.60009765625,2898.360107421875,2763.89990234375,2853.5400390625,36,0.0,0.0
2025-05-08 00:00:00-04:00,2973.06005859375,3600.5400390625,2898.360107421875,3451.139892578125,151,0.0,0.0
2025-05-09 00:00:00-04:00,3555.719970703125,3794.760009765625,2928.239990234375,2973.06005859375,513,0.0,0.0
2025-05-12 00:00:00-04:00,2958.1201171875,3645.360107421875,2913.300048828125,3436.199951171875,75,0.0,0.0
2025-05-13 00:00:00-04:00,3481.02001953125,3481.02001953125,3032.820068359375,3182.219970703125,39,0.0,0.0
2025-05-14 00:00:00-04:00,3107.52001953125,7470.0,3107.52001953125,3361.5,2985,0.0,0.0
2025-05-15 00:00:00-04:00,642.4199829101562,672.2999877929688,448.20001220703125,567.719970703125,16832,0.0,0.0
2025-05-16 00:00:00-04:00,194.22000122070312,224.10000610351562,104.58000183105469,119.5199966430664,45024,0.0,0.0
2025-05-19 00:00:00-04:00,209.16000366210938,253.97999572753906,134.4600067138672,134.4600067138672,141166,0.0,0.0
2025-05-20 00:00:00-04:00,164.33999633789062,194.22000122070312,119.5199966430664,149.39999389648438,45117,0.0,0.0
2025-05-21 00:00:00-04:00,149.39999389648438,149.39999389648438,119.5199966430664,119.5199966430664,25192,0.0,0.0
2025-05-22 00:00:00-04:00,119.5199966430664,119.5199966430664,104.58000183105469,104.58000183105469,19473,0.0,0.0
2025-05-23 00:00:00-04:00,104.58000183105469,104.58000183105469,89.63999938964844,89.63999938964844,21649,0.0,0.0
2025-05-27 00:00:00-04:00,89.63999938964844,104.58000183105469,89.63999938964844,89.63999938964844,14266,0.0,0.0
2025-05-28 00:00:00-04:00,89.63999938964844,89.63999938964844,89.63999938964844,89.63999938964844,29620,0.0,0.0
2025-05-29 00:00:00-04:00,179.27999877929688,194.22000122070312,119.5199966430664,134.4600067138672,168683,0.0,0.0
2025-05-30 00:00:00-04:00,164.33999633789062,164.33999633789062,104.58000183105469,119.5199966430664,28929,0.0,0.0
2025-06-02 00:00:00-04:00,119.5199966430664,134.4600067138672,104.58000183105469,119.5199966430664,13888,0.0,0.0
2025-06-03 00:00:00-04:00,119.5199966430664,119.5199966430664,104.58000183105469,104.58000183105469,13745,0.0,0.0
2025-06-04 00:00:00-04:00,104.58000183105469,104.58000183105469,104.58000183105469,104.58000183105469,13545,0.0,0.0
2025-06-05 00:00:00-04:00,104.58000183105469,104.58000183105469,89.63999938964844,104.58000183105469,11150,0.0,0.0
2025-06-06 00:00:00-04:00,104.58000183105469,104.58000183105469,89.63999938964844,104.58000183105469,7157,0.0,0.0
2025-06-09 00:00:00-04:00,104.58000183105469,104.58000183105469,104.58000183105469,104.58000183105469,11617,0.0,0.0
2025-06-10 00:00:00-04:00,104.58000183105469,104.58000183105469,104.58000183105469,104.58000183105469,10083,0.0,0.0
2025-06-11 00:00:00-04:00,149.39999389648438,149.39999389648438,119.5199966430664,134.4600067138672,142860,0.0,0.0
2025-06-12 00:00:00-04:00,493.0199890136719,642.4199829101562,418.32000732421875,448.20001220703125,384725,0.0,0.0
2025-06-13 00:00:00-04:00,403.3800048828125,403.3800048828125,283.8599853515625,298.79998779296875,57369,0.0,0.0
2025-06-16 00:00:00-04:00,448.20001220703125,463.1400146484375,343.6199951171875,388.44000244140625,61076,0.0,0.0
2025-06-17 00:00:00-04:00,373.5,403.3800048828125,313.739990234375,328.67999267578125,23867,0.0,0.0
2025-06-18 00:00:00-04:00,373.5,418.32000732421875,358.55999755859375,403.3800048828125,30468,0.0,0.0
2025-06-20 00:00:00-04:00,433.260009765625,478.0799865722656,403.3800048828125,448.20001220703125,39071,0.0,0.0
2025-06-23 00:00:00-04:00,493.0199890136719,552.780029296875,418.32000732421875,463.1400146484375,37124,0.0,0.0
2025-06-24 00:00:00-04:00,493.0199890136719,522.9000244140625,463.1400146484375,493.0199890136719,26038,0.0,0.0
2025-06-25 00:00:00-04:00,493.0199890136719,537.8400268554688,448.20001220703125,463.1400146484375,17940,0.0,0.0
2025-06-26 00:00:00-04:00,373.5,418.32000732421875,358.55999755859375,403.3800048828125,21958,0.0,0.0
2025-06-27 00:00:00-04:00,373.5,388.44000244140625,343.6199951171875,343.6199951171875,15606,0.0,0.0
2025-06-30 00:00:00-04:00,358.55999755859375,448.20001220703125,343.6199951171875,418.32000732421875,19761,0.0,0.0
2025-07-01 00:00:00-04:00,403.3800048828125,418.32000732421875,373.5,403.3800048828125,11397,0.0,0.0
2025-07-02 00:00:00-04:00,388.44000244140625,388.44000244140625,358.55999755859375,373.5,11098,0.0,0.0
2025-07-03 00:00:00-04:00,373.5,418.32000732421875,373.5,388.44000244140625,9746,0.0,0.0
2025-07-07 00:00:00-04:00,373.5,388.44000244140625,313.739990234375,343.6199951171875,15102,0.0,0.0
2025-07-08 00:00:00-04:00,343.6199951171875,343.6199951171875,298.79998779296875,328.67999267578125,11812,0.0,0.0
2025-07-09 00:00:00-04:00,313.739990234375,328.67999267578125,298.79998779296875,298.79998779296875,9412,0.0,0.0
2025-07-10 00:00:00-04:00,343.6199951171875,403.3800048828125,313.739990234375,358.55999755859375,32456,0.0,0.0
2025-07-11 00:00:00-04:00,358.55999755859375,358.55999755859375,313.739990234375,343.6199951171875,8172,0.0,0.0
2025-07-14 00:00:00-04:00,328.67999267578125,343.6199951171875,313.739990234375,313.739990234375,5634,0.0,0.0
2025-07-15 00:00:00-04:00,313.739990234375,313.739990234375,298.79998779296875,313.739990234375,4564,0.0,0.0
2025-07-16 00:00:00-04:00,313.739990234375,313.739990234375,298.79998779296875,313.739990234375,5324,0.0,0.0
2025-07-17 00:00:00-04:00,313.739990234375,313.739990234375,298.79998779296875,313.739990234375,6868,0.0,0.0
2025-07-18 00:00:00-04:00,298.79998779296875,298.79998779296875,268.9200134277344,283.8599853515625,7973,0.0,0.0
2025-07-21 00:00:00-04:00,283.8599853515625,298.79998779296875,209.16000366210938,283.8599853515625,12574,0.0,0.0
2025-07-22 00:00:00-04:00,268.9200134277344,283.8599853515625,253.97999572753906,283.8599853515625,10644,0.0,0.0
2025-07-23 00:00:00-04:00,403.3800048828125,433.260009765625,328.67999267578125,373.5,62958,0.0,0.0
2025-07-24 00:00:00-04:00,507.9599914550781,896.4000244140625,478.0799865722656,806.760009765625,214114,0.0,0.0
2025-07-25 00:00:00-04:00,1105.56005859375,1299.780029296875,851.5800170898438,1030.8599853515625,142702,0.0,0.0
2025-07-28 00:00:00-04:00,1225.0799560546875,1225.0799560546875,687.239990234375,866.52001953125,76967,0.0,0.0
2025-07-29 00:00:00-04:00,941.219970703125,971.0999755859375,702.1799926757812,761.9400024414062,36405,0.0,0.0
2025-07-30 00:00:00-04:00,597.5999755859375,612.5399780273438,448.20001220703125,448.20001220703125,51143,0.0,0.0
2025-07-31 00:00:00-04:00,507.9599914550781,612.5399780273438,448.20001220703125,463.1400146484375,33886,0.0,0.0
2025-08-01 00:00:00-04:00,289.79998779296875,360.0,216.60000610351562,285.0,80527,0.0,0.004016064257028112
2025-08-04 00:00:00-04:00,307.79998779296875,342.0,296.4599914550781,306.6000061035156,69762,0.0,0.0
2025-08-05 00:00:00-04:00,294.0,298.5,233.39999389648438,244.8000030517578,25908,0.0,0.0
2025-08-06 00:00:00-04:00,228.60000610351562,228.60000610351562,189.05999755859375,198.60000610351562,20930,0.0,0.0
2025-08-07 00:00:00-04:00,201.60000610351562,201.60000610351562,166.8000030517578,184.8000030517578,14548,0.0,0.0
2025-08-08 00:00:00-04:00,184.8000030517578,216.0,184.8000030517578,201.0,13657,0.0,0.0
2025-08-11 00:00:00-04:00,192.60000610351562,199.8000030517578,175.1999969482422,185.39999389648438,12128,0.0,0.0
2025-08-12 00:00:00-04:00,181.8000030517578,190.13999938964844,178.1999969482422,182.39999389648438,6893,0.0,0.0
2025-08-13 00:00:00-04:00,181.8000030517578,196.86000061035156,181.8000030517578,194.39999389648438,7835,0.0,0.0
2025-08-14 00:00:00-04:00,191.39999389648438,198.0,185.39999389648438,198.0,18012,0.0,0.0
2025-08-15 00:00:00-04:00,226.1999969482422,244.8000030517578,211.8000030517578,239.39999389648438,77142,0.0,0.0
2025-08-18 00:00:00-04:00,219.0,223.8000030517578,198.0,198.60000610351562,16770,0.0,0.0
2025-08-19 00:00:00-04:00,198.0,198.3000030517578,180.60000610351562,180.60000610351562,9002,0.0,0.0
2025-08-20 00:00:00-04:00,183.60000610351562,183.60000610351562,153.0,170.39999389648438,14802,0.0,0.0
2025-08-21 00:00:00-04:00,169.1999969482422,170.39999389648438,159.83999633789062,165.0,7887,0.0,0.0
2025-08-22 00:00:00-04:00,167.39999389648438,180.60000610351562,159.60000610351562,170.39999389648438,10178,0.0,0.0
2025-08-25 00:00:00-04:00,170.39999389648438,184.8000030517578,162.60000610351562,163.8000030517578,8372,0.0,0.0
2025-08-26 00:00:00-04:00,163.1999969482422,167.27999877929688,156.0,160.1999969482422,10385,0.0,0.0
2025-08-27 00:00:00-04:00,157.8000030517578,167.0399932861328,155.6999969482422,156.60000610351562,8007,0.0,0.0
2025-08-28 00:00:00-04:00,155.39999389648438,156.77999877929688,141.60000610351562,142.1999969482422,11385,0.0,0.0
2025-08-29 00:00:00-04:00,138.0,141.0,132.60000610351562,136.1999969482422,7037,0.0,0.0
2025-09-02 00:00:00-04:00,129.60000610351562,137.39999389648438,126.83999633789062,129.60000610351562,6648,0.0,0.0
2025-09-03 00:00:00-04:00,128.39999389648438,130.1999969482422,120.0,120.5999984741211,7055,0.0,0.0
2025-09-04 00:00:00-04:00,120.0,130.8000030517578,120.0,124.80000305175781,6490,0.0,0.0
2025-09-05 00:00:00-04:00,126.0,136.8000030517578,123.5999984741211,136.8000030517578,11645,0.0,0.0
2025-09-08 00:00:00-04:00,138.0,147.0,137.39999389648438,145.1999969482422,9195,0.0,0.0
2025-09-09 00:00:00-04:00,141.0,143.39999389648438,137.39999389648438,142.1999969482422,5765,0.0,0.0
2025-09-10 00:00:00-04:00,139.8000030517578,148.1999969482422,134.39999389648438,135.60000610351562,6193,0.0,0.0
2025-09-11 00:00:00-04:00,135.0,161.39999389648438,135.0,161.39999389648438,11257,0.0,0.0
2025-09-12 00:00:00-04:00,156.60000610351562,159.36000061035156,148.8000030517578,154.8000030517578,4955,0.0,0.0
2025-09-15 00:00:00-04:00,151.8000030517578,156.60000610351562,150.60000610351562,151.8000030517578,39703,0.0,0.0
2025-09-16 00:00:00-04:00,158.39999389648438,166.1999969482422,144.0,157.1999969482422,15557,0.0,0.0
2025-09-17 00:00:00-04:00,154.1999969482422,159.60000610351562,150.5399932861328,151.1999969482422,6532,0.0,0.0
2025-09-18 00:00:00-04:00,154.8000030517578,161.39999389648438,150.05999755859375,156.60000610351562,5320,0.0,0.0
2025-09-19 00:00:00-04:00,154.1999969482422,157.8000030517578,144.60000610351562,157.1999969482422,10037,0.0,0.0
2025-09-22 00:00:00-04:00,153.60000610351562,157.1999969482422,149.39999389648438,155.39999389648438,4375,0.0,0.0
2025-09-23 00:00:00-04:00,153.0,159.0,147.0,147.60000610351562,4240,0.0,0.0
2025-09-24 00:00:00-04:00,147.0,156.0,147.0,153.0,3598,0.0,0.0
2025-09-25 00:00:00-04:00,155.39999389648438,157.8000030517578,145.1999969482422,153.0,7880,0.0,0.0
2025-09-26 00:00:00-04:00,150.60000610351562,151.8000030517578,145.8000030517578,149.39999389648438,3812,0.0,0.0
2025-09-29 00:00:00-04:00,151.8000030517578,156.83999633789062,148.1999969482422,149.39999389648438,4493,0.0,0.0
2025-09-30 00:00:00-04:00,151.8000030517578,158.94000244140625,147.0,157.8000030517578,5410,0.0,0.0
2025-10-01 00:00:00-04:00,161.39999389648438,223.1999969482422,161.39999389648438,175.1999969482422,475298,0.0,0.0
2025-10-02 00:00:00-04:00,182.39999389648438,184.8000030517578,126.5999984741211,165.60000610351562,48933,0.0,0.0
2025-10-03 00:00:00-04:00,168.0,193.1999969482422,151.8000030517578,160.1999969482422,41270,0.0,0.0
2025-10-06 00:00:00-04:00,165.0,165.4199981689453,156.0,159.60000610351562,9863,0.0,0.0
2025-10-07 00:00:00-04:00,158.39999389648438,166.8000030517578,158.39999389648438,165.60000610351562,7825,0.0,0.0
2025-10-08 00:00:00-04:00,165.0,204.0,163.8000030517578,201.60000610351562,25718,0.0,0.0
2025-10-09 00:00:00-04:00,192.89999389648438,195.60000610351562,150.0,165.60000610351562,76948,0.0,0.0
2025-10-10 00:00:00-04:00,168.60000610351562,175.1999969482422,161.39999389648438,166.8000030517578,40810,0.0,0.0
2025-10-13 00:00:00-04:00,166.8000030517578,177.0,162.0,172.1999969482422,9508,0.0,0.0
2025-10-14 00:00:00-04:00,170.39999389648438,180.0,169.8000030517578,170.39999389648438,9128,0.0,0.0
2025-10-15 00:00:00-04:00,170.39999389648438,174.0,161.39999389648438,166.8000030517578,11330,0.0,0.0
2025-10-16 00:00:00-04:00,165.60000610351562,168.0,155.39999389648438,157.1999969482422,9078,0.0,0.0
2025-10-17 00:00:00-04:00,157.1999969482422,162.0,153.3000030517578,160.1999969482422,8660,0.0,0.0
2025-10-20 00:00:00-04:00,160.1999969482422,162.60000610351562,157.1999969482422,158.39999389648438,3937,0.0,0.0
2025-10-21 00:00:00-04:00,160.8000030517578,168.0,156.0,166.1999969482422,7537,0.0,0.0
2025-10-22 00:00:00-04:00,162.0,166.1999969482422,154.1999969482422,157.8000030517578,10210,0.0,0.0
2025-10-23 00:00:00-04:00,156.0,161.39999389648438,151.1999969482422,161.39999389648438,4010,0.0,0.0
2025-10-24 00:00:00-04:00,159.60000610351562,165.0,157.97999572753906,160.8000030517578,5877,0.0,0.0
2025-10-27 00:00:00-04:00,160.8000030517578,160.8000030517578,153.60000610351562,157.8000030517578,5100,0.0,0.0
2025-10-28 00:00:00-04:00,157.8000030517578,177.0,157.8000030517578,172.8000030517578,15935,0.0,0.0
2025-10-29 00:00:00-04:00,181.8000030517578,188.39999389648438,174.0,180.60000610351562,23783,0.0,0.0
2025-10-30 00:00:00-04:00,175.1999969482422,175.8000030517578,156.60000610351562,160.8000030517578,9847,0.0,0.0
2025-10-31 00:00:00-04:00,160.1999969482422,168.89999389648438,158.63999938964844,168.0,5755,0.0,0.0
2025-11-03 00:00:00-05:00,164.39999389648438,167.39999389648438,160.8000030517578,164.39999389648438,3340,0.0,0.0
2025-11-04 00:00:00-05:00,159.0,160.5,155.10000610351562,157.8000030517578,7120,0.0,0.0
2025-11-05 00:00:00-05:00,157.1999969482422,166.8000030517578,151.8000030517578,165.60000610351562,4537,0.0,0.0
2025-11-06 00:00:00-05:00,162.0,167.5800018310547,156.0,159.0,3603,0.0,0.0
2025-11-07 00:00:00-05:00,156.60000610351562,168.0,153.0,166.8000030517578,2562,0.0,0.0
2025-11-10 00:00:00-05:00,165.60000610351562,169.5,157.8000030517578,160.1999969482422,2710,0.0,0.0
2025-11-11 00:00:00-05:00,159.0,162.60000610351562,157.8000030517578,159.60000610351562,2208,0.0,0.0
2025-11-12 00:00:00-05:00,159.60000610351562,159.60000610351562,152.39999389648438,156.0,4087,0.0,0.0
2025-11-13 00:00:00-05:00,151.8000030517578,154.1999969482422,129.0,130.8000030517578,10003,0.0,0.0
2025-11-14 00:00:00-05:00,132.60000610351562,134.39999389648438,124.26000213623047,125.4000015258789,3397,0.0,0.0
2025-11-17 00:00:00-05:00,123.0,126.0,104.4000015258789,111.5999984741211,8130,0.0,0.0
2025-11-18 00:00:00-05:00,108.5999984741211,126.0,108.5999984741211,126.0,4872,0.0,0.0
2025-11-19 00:00:00-05:00,128.39999389648438,130.1999969482422,113.69999694824219,114.0,6243,0.0,0.0
2025-11-20 00:00:00-05:00,112.19999694824219,120.0,108.0,108.0,4480,0.0,0.0
2025-11-21 00:00:00-05:00,107.4000015258789,118.80000305175781,102.23999786376953,114.5999984741211,3830,0.0,0.0
2025-11-24 00:00:00-05:00,119.4000015258789,124.80000305175781,114.0,122.4000015258789,3948,0.0,0.0
2025-11-25 00:00:00-05:00,121.80000305175781,124.19999694824219,114.0,122.4000015258789,2505,0.0,0.0
2025-11-26 00:00:00-05:00,120.0,149.75999450683594,119.4000015258789,141.0,11285,0.0,0.0
2025-11-28 00:00:00-05:00,138.60000610351562,140.39999389648438,134.39999389648438,134.39999389648438,1578,0.0,0.0
2025-12-01 00:00:00-05:00,136.1999969482422,144.60000610351562,128.8800048828125,129.60000610351562,2592,0.0,0.0
2025-12-02 00:00:00-05:00,129.60000610351562,130.97999572753906,123.5999984741211,125.4000015258789,1857,0.0,0.0
2025-12-03 00:00:00-05:00,124.19999694824219,133.8000030517578,124.0199966430664,133.1999969482422,2732,0.0,0.0
2025-12-04 00:00:00-05:00,135.60000610351562,139.8000030517578,133.1999969482422,138.0,2280,0.0,0.0
2025-12-05 00:00:00-05:00,142.8000030517578,152.39999389648438,124.19999694824219,131.39999389648438,15293,0.0,0.0
2025-12-08 00:00:00-05:00,135.60000610351562,141.60000610351562,131.33999633789062,140.39999389648438,4253,0.0,0.0
2025-12-09 00:00:00-05:00,138.0,138.0,130.1999969482422,136.1999969482422,3203,0.0,0.0
2025-12-10 00:00:00-05:00,136.8000030517578,154.8000030517578,133.86000061035156,152.39999389648438,22565,0.0,0.0
2025-12-11 00:00:00-05:00,150.0,154.8000030517578,141.0,147.60000610351562,7402,0.0,0.0
2025-12-12 00:00:00-05:00,147.60000610351562,147.89999389648438,138.60000610351562,140.39999389648438,3212,0.0,0.0
2025-12-15 00:00:00-05:00,148.8000030517578,151.8000030517578,135.60000610351562,136.1999969482422,3055,0.0,0.0
2025-12-16 00:00:00-05:00,133.1999969482422,136.8000030517578,121.80000305175781,125.4000015258789,3950,0.0,0.0
2025-12-17 00:00:00-05:00,124.80000305175781,125.4000015258789,117.5999984741211,117.9000015258789,2537,0.0,0.0
2025-12-18 00:00:00-05:00,120.5999984741211,122.4000015258789,111.05999755859375,115.19999694824219,4190,0.0,0.0
2025-12-19 00:00:00-05:00,112.80000305175781,118.19999694824219,111.0,115.80000305175781,3275,0.0,0.0
2025-12-22 00:00:00-05:00,112.80000305175781,114.5999984741211,77.4000015258789,80.4000015258789,28938,0.0,0.0
2025-12-23 00:00:00-05:00,81.5999984741211,84.0,73.80000305175781,73.80000305175781,12183,0.0,0.0
2025-12-24 00:00:00-05:00,73.19999694824219,74.4000015258789,67.19999694824219,71.4000015258789,8082,0.0,0.0
2025-12-26 00:00:00-05:00,71.4000015258789,73.73999786376953,67.19999694824219,69.0,6092,0.0,0.0
2025-12-29 00:00:00-05:00,67.80000305175781,68.4000015258789,57.0,58.5,12182,0.0,0.0
2025-12-30 00:00:00-05:00,58.68000030517578,58.68000030517578,48.599998474121094,48.65999984741211,14747,0.0,0.0
2025-12-31 00:00:00-05:00,47.400001525878906,48.0,36.0,37.97999954223633,25485,0.0,0.0
2026-01-02 00:00:00-05:00,36.959999084472656,39.2400016784668,32.52000045776367,36.599998474121094,23535,0.0,0.0
2026-01-05 00:00:00-05:00,38.15999984741211,38.400001525878906,29.399999618530273,32.7599983215332,29715,0.0,0.0
2026-01-06 00:00:00-05:00,32.15999984741211,36.0,29.760000228881836,36.0,30822,0.0,0.0
2026-01-07 00:00:00-05:00,35.7599983215332,36.0,32.400001525878906,34.13999938964844,20378,0.0,0.0
2026-01-08 00:00:00-05:00,33.540000915527344,33.540000915527344,30.780000686645508,32.70000076293945,20578,0.0,0.0
2026-01-09 00:00:00-05:00,31.200000762939453,33.599998474121094,30.1200008392334,31.020000457763672,15752,0.0,0.0
2026-01-12 00:00:00-05:00,31.200000762939453,31.200000762939453,28.799999237060547,30.360000610351562,17035,0.0,0.0
2026-01-13 00:00:00-05:00,29.700000762939453,29.940000534057617,27.0,28.31999969482422,12613,0.0,0.0
2026-01-14 00:00:00-05:00,27.959999084472656,28.5,25.799999237060547,26.639999389648438,12758,0.0,0.0
2026-01-15 00:00:00-05:00,26.520000457763672,29.579999923706055,26.399999618530273,27.0,12387,0.0,0.0
2026-01-16 00:00:00-05:00,28.139999389648438,28.139999389648438,25.860000610351562,27.18000030517578,9767,0.0,0.0
2026-01-20 00:00:00-05:00,27.540000915527344,30.780000686645508,24.719999313354492,25.3799991607666,43347,0.0,0.0
2026-01-21 00:00:00-05:00,24.780000686645508,27.0,23.8799991607666,24.0,26055,0.0,0.0
2026-01-22 00:00:00-05:00,36.18000030517578,38.220001220703125,18.719999313354492,22.139999389648438,4470818,0.0,0.0
2026-01-23 00:00:00-05:00,19.799999237060547,19.979999542236328,17.399999618530273,19.020000457763672,299837,0.0,0.0
2026-01-26 00:00:00-05:00,16.920000076293945,17.8799991607666,16.200000762939453,17.399999618530273,192427,0.0,0.0
2026-01-27 00:00:00-05:00,16.31999969482422,17.399999618530273,15.0,16.3799991607666,101273,0.0,0.0
2026-01-28 00:00:00-05:00,15.119999885559082,18.299999237060547,15.0,18.059999465942383,250688,0.0,0.0
2026-01-29 00:00:00-05:00,23.760000228881836,24.059999465942383,16.200000762939453,18.18000030517578,2134573,0.0,0.0
2026-01-30 00:00:00-05:00,15.779999732971191,17.81999969482422,15.0,15.65999984741211,191595,0.0,0.0
2026-02-02 00:00:00-05:00,15.960000038146973,16.260000228881836,15.0,15.420000076293945,101285,0.0,0.0
2026-02-03 00:00:00-05:00,14.819999694824219,15.0,13.380000114440918,14.460000038146973,73453,0.0,0.0
2026-02-04 00:00:00-05:00,14.100000381469727,14.34000015258789,12.600000381469727,13.979999542236328,62687,0.0,0.0
2026-02-05 00:00:00-05:00,13.979999542236328,14.579999923706055,13.020000457763672,13.020000457763672,122963,0.0,0.0
2026-02-06 00:00:00-05:00,12.960000038146973,13.800000190734863,9.239999771118164,9.239999771118164,307853,0.0,0.0
2026-02-09 00:00:00-05:00,9.0,9.300000190734863,8.220000267028809,9.0,99230,0.0,0.0
2026-02-10 00:00:00-05:00,8.899999618530273,9.970000267028809,7.769999980926514,8.279999732971191,281800,0.0,0.016666666666666666
2026-02-11 00:00:00-05:00,8.210000038146973,8.3100004196167,7.300000190734863,7.920000076293945,126100,0.0,0.0
2026-02-12 00:00:00-05:00,8.010000228881836,8.069999694824219,7.0,7.230000019073486,135200,0.0,0.0
2026-02-13 00:00:00-05:00,7.010000228881836,8.899999618530273,7.0,8.529999732971191,437100,0.0,0.0
2026-02-17 00:00:00-05:00,7.309999942779541,8.199999809265137,7.309999942779541,7.690000057220459,104500,0.0,0.0
2026-02-18 00:00:00-05:00,7.230000019073486,7.670000076293945,7.199999809265137,7.400000095367432,53600,0.0,0.0
2026-02-19 00:00:00-05:00,7.239999771118164,7.544000148773193,6.702000141143799,6.869999885559082,51800,0.0,0.0
2026-02-20 00:00:00-05:00,6.840000152587891,6.964000225067139,5.710000038146973,5.869999885559082,78800,0.0,0.0
2026-02-23 00:00:00-05:00,5.820000171661377,6.0,5.300000190734863,5.355000019073486,37000,0.0,0.0
2026-02-24 00:00:00-05:00,5.269999980926514,5.980000019073486,5.241000175476074,5.869999885559082,79800,0.0,0.0
2026-02-25 00:00:00-05:00,5.78000020980835,6.386000156402588,5.52400016784668,5.809999942779541,5234700,0.0,0.0
2026-02-26 00:00:00-05:00,8.180000305175781,8.850000381469727,4.78000020980835,5.019999980926514,14434700,0.0,0.0
2026-02-27 00:00:00-05:00,5.320000171661377,5.5,3.8499999046325684,4.139999866485596,788200,0.0,0.0
2026-03-02 00:00:00-05:00,3.809999942779541,3.8499999046325684,3.3499999046325684,3.5199999809265137,493700,0.0,0.0
2026-03-03 00:00:00-05:00,3.299999952316284,3.3499999046325684,2.8299999237060547,2.9000000953674316,415000,0.0,0.0
2026-03-04 00:00:00-05:00,2.9000000953674316,2.9700000286102295,2.4600000381469727,2.6700000762939453,292500,0.0,0.0
2026-03-05 00:00:00-05:00,2.690000057220459,2.7699999809265137,2.549999952316284,2.740000009536743,141000,0.0,0.0
2026-03-06 00:00:00-05:00,2.6500000953674316,2.700000047683716,2.5199999809265137,2.700000047683716,143700,0.0,0.0
2026-03-09 00:00:00-04:00,2.680000066757202,2.740000009536743,2.5,2.7300000190734863,118200,0.0,0.0
2026-03-10 00:00:00-04:00,2.7300000190734863,2.7690000534057617,2.5989999771118164,2.7200000286102295,124600,0.0,0.0
2026-03-11 00:00:00-04:00,2.7200000286102295,3.2899999618530273,2.7200000286102295,3.059999942779541,622100,0.0,0.0
2026-03-12 00:00:00-04:00,3.0399999618530273,3.109999895095825,2.7300000190734863,2.930000066757202,189700,0.0,0.0
2026-03-13 00:00:00-04:00,2.940000057220459,3.0399999618530273,2.859999895095825,2.869999885559082,88200,0.0,0.0
2026-03-16 00:00:00-04:00,3.0999999046325684,3.3610000610351562,2.609999895095825,2.609999895095825,309300,0.0,0.0
2026-03-17 00:00:00-04:00,2.740000009536743,3.0999999046325684,2.6700000762939453,2.9800000190734863,183900,0.0,0.0
2026-03-18 00:00:00-04:00,2.9700000286102295,3.0899999141693115,2.7100000381469727,2.8399999141693115,127400,0.0,0.0
2026-03-19 00:00:00-04:00,2.7899999618530273,2.9200000762939453,2.6600000858306885,2.75,56500,0.0,0.0
2026-03-20 00:00:00-04:00,2.7200000286102295,2.7799999713897705,2.5950000286102295,2.619999885559082,62100,0.0,0.0
2026-03-23 00:00:00-04:00,2.680000066757202,3.0,2.619999885559082,2.9200000762939453,87900,0.0,0.0
2026-03-24 00:00:00-04:00,2.755000114440918,2.8550000190734863,2.619999885559082,2.619999885559082,74100,0.0,0.0
2026-03-25 00:00:00-04:00,2.75,2.950000047683716,2.6500000953674316,2.9200000762939453,3819000,0.0,0.0
2026-03-26 00:00:00-04:00,3.180000066757202,3.2799999713897705,2.75,2.7799999713897705,4919200,0.0,0.0
2026-03-27 00:00:00-04:00,2.7300000190734863,2.8499999046325684,2.5999999046325684,2.700000047683716,453700,0.0,0.0
2026-03-30 00:00:00-04:00,2.5899999141693115,2.9200000762939453,2.569999933242798,2.7300000190734863,328400,0.0,0.0
2026-03-31 00:00:00-04:00,2.680000066757202,2.8299999237060547,2.619999885559082,2.690000057220459,197500,0.0,0.0
2026-04-01 00:00:00-04:00,2.5999999046325684,2.6500000953674316,2.5,2.5399999618530273,149900,0.0,0.0
2026-04-02 00:00:00-04:00,2.5,2.5789999961853027,2.2799999713897705,2.4700000286102295,178500,0.0,0.0
2026-04-06 00:00:00-04:00,2.4000000953674316,2.5199999809265137,2.3299999237060547,2.4200000762939453,97300,0.0,0.0
2026-04-07 00:00:00-04:00,2.3399999141693115,2.5399999618530273,2.309999942779541,2.5199999809265137,144100,0.0,0.0
2026-04-08 00:00:00-04:00,2.549999952316284,2.5799999237060547,2.3299999237060547,2.440000057220459,3334500,0.0,0.0
2026-04-09 00:00:00-04:00,2.4049999713897705,2.5,2.240000009536743,2.359999895095825,800800,0.0,0.0
2026-04-10 00:00:00-04:00,2.3499999046325684,2.410099983215332,2.259999990463257,2.4000000953674316,196985,0.0,0.0
