Date,Open,High,Low,Close,Volume,Dividends,Stock Splits
2022-01-03 00:00:00-05:00,5.371784715996356,5.5265912926541025,5.371784715996356,5.511110782623291,193400,0.0,0.0
2022-01-04 00:00:00-05:00,5.526590339174505,5.573032353371036,5.500789165496826,5.500789165496826,98400,0.0,0.0
2022-01-05 00:00:00-05:00,5.495628832337999,5.603993368091086,5.474987991819147,5.500789165496826,159400,0.0,0.0
2022-01-06 00:00:00-05:00,5.526588439941406,5.557549936137876,5.469826271050213,5.526588439941406,83600,0.0,0.0
2022-01-07 00:00:00-05:00,5.526589432420284,5.588511943817138,5.511108927600164,5.588511943817139,68000,0.0,0.0
2022-01-10 00:00:00-05:00,5.588510512570166,5.609151344416225,5.526588017031989,5.58335018157959,86500,0.0,0.0
2022-01-11 00:00:00-05:00,5.593673257161961,5.665915953736878,5.557551908874503,5.655595779418945,91100,0.0,0.0
2022-01-12 00:00:00-05:00,5.65043352400772,5.6813950206618,5.588511022815857,5.6297926902771,95500,0.0,0.0
2022-01-13 00:00:00-05:00,5.665914535323183,5.712356538418675,5.6555943635888175,5.671074867248535,100300,0.0,0.0
2022-01-14 00:00:00-05:00,5.655594787526158,5.655594787526158,5.562710774372689,5.588511943817139,180900,0.0,0.0
2022-01-18 00:00:00-05:00,5.593673208784385,5.598833541956953,5.52143002071781,5.557551860809326,187400,0.0,0.0
2022-01-19 00:00:00-05:00,5.583352529027858,5.583352529027858,5.480148326406692,5.495628833770752,166600,0.0,0.0
2022-01-20 00:00:00-05:00,5.536909012430256,5.536909012430256,5.413064002889052,5.428544998168945,106700,0.0,0.0
2022-01-21 00:00:00-05:00,5.356303701631864,5.428546895167686,5.330502525932179,5.371784210205078,233500,0.0,0.0
2022-01-24 00:00:00-05:00,5.320183759636103,5.366625297652845,5.108614456571138,5.33566427230835,272300,0.0,0.0
2022-01-25 00:00:00-05:00,5.325341737489951,5.45950744597498,5.263419216369887,5.4182257652282715,184500,0.0,0.0
2022-01-26 00:00:00-05:00,5.4853071558785516,5.542069328730854,5.35630181493724,5.392423152923584,108600,0.0,0.0
2022-01-27 00:00:00-05:00,5.397583948057673,5.552390468900822,5.351141942593093,5.376943111419678,147700,0.0,0.0
2022-01-28 00:00:00-05:00,5.402994835492705,5.402994835492705,5.257108902235424,5.3821539878845215,149000,0.1,0.0
2022-01-31 00:00:00-05:00,5.392574195149747,5.507198598668621,5.371733349338591,5.491568088531494,129100,0.0,0.0
2022-02-01 00:00:00-05:00,5.4603054757202285,5.486356651978044,5.392573113088709,5.444674968719482,185200,0.0,0.0
2022-02-02 00:00:00-05:00,5.455097274660224,5.465517450158782,5.3925747310138465,5.423835754394531,89900,0.0,0.0
2022-02-03 00:00:00-05:00,5.423835191389311,5.434255862691191,5.3300511372122195,5.345682144165039,150000,0.0,0.0
2022-02-04 00:00:00-05:00,5.340471808514099,5.371733325534781,5.27273893570675,5.345682144165039,90900,0.0,0.0
2022-02-07 00:00:00-05:00,5.376942898669466,5.392573904850083,5.340471544684554,5.361312389373779,83400,0.0,0.0
2022-02-08 00:00:00-05:00,5.366522179194077,5.444675214612219,5.366522179194077,5.392573356628418,162000,0.0,0.0
2022-02-09 00:00:00-05:00,5.429046019224184,5.47072771444055,5.376943651761226,5.3821539878845215,88400,0.0,0.0
2022-02-10 00:00:00-05:00,5.392573904850083,5.465516612819906,5.324841035388868,5.361312389373779,185900,0.0,0.0
2022-02-11 00:00:00-05:00,5.366522989883841,5.402994345670508,5.309210291493416,5.345682144165039,140800,0.0,0.0
2022-02-14 00:00:00-05:00,5.288370797219176,5.335262836290995,5.2727402831569306,5.304001808166504,98800,0.0,0.0
2022-02-15 00:00:00-05:00,5.319631780624492,5.335262293095359,5.277950082778828,5.29879093170166,109300,0.0,0.0
2022-02-16 00:00:00-05:00,5.330051898956299,5.340472571747448,5.288370201561754,5.330051898956299,71000,0.0,0.0
2022-02-17 00:00:00-05:00,5.324842053527652,5.356103078096302,5.262319507505325,5.293580532073975,103700,0.0,0.0
2022-02-18 00:00:00-05:00,5.29357873821393,5.324840249073871,5.220636041015498,5.231056213378906,110700,0.0,0.0
2022-02-22 00:00:00-05:00,5.210214211185481,5.210214211185481,5.085169189369369,5.111220359802246,200100,0.0,0.0
2022-02-23 00:00:00-05:00,5.158113284511547,5.205005304770087,4.980966370146337,5.00180721282959,166100,0.0,0.0
2022-02-24 00:00:00-05:00,4.6891947813439545,5.059120167303154,4.6370924183528155,5.022648811340332,212700,0.0,0.0
2022-02-25 00:00:00-05:00,5.059502368051024,5.164799388847594,5.038443064310392,5.133210182189941,199700,0.1,0.0
2022-02-28 00:00:00-05:00,5.101619192207215,5.143738287058711,5.038441303069818,5.075295448303223,131100,0.0,0.0
2022-03-01 00:00:00-05:00,5.091092653577157,5.091092653577157,4.948941946634255,5.04897403717041,125200,0.0,0.0
2022-03-02 00:00:00-05:00,5.001587337365873,5.149002402512666,5.001587337365873,5.112148761749268,110500,0.0,0.0
2022-03-03 00:00:00-05:00,5.149005988489603,5.1858601570129395,5.106887369114544,5.1858601570129395,93700,0.0,0.0
2022-03-04 00:00:00-05:00,5.159534344679285,5.16479929604319,5.070032179866476,5.122680187225342,129100,0.0,0.0
2022-03-07 00:00:00-05:00,5.070031716276785,5.112150319150028,5.012118762849414,5.054237365722656,170200,0.0,0.0
2022-03-08 00:00:00-05:00,5.001590251922607,5.027914511561951,4.843645196180038,5.001590251922607,207200,0.0,0.0
2022-03-09 00:00:00-05:00,5.075298627237848,5.185860128002262,5.075298627237848,5.106887340545654,99300,0.0,0.0
2022-03-10 00:00:00-05:00,5.0279146742592395,5.127946261613458,5.0279146742592395,5.117416858673096,72200,0.0,0.0
2022-03-11 00:00:00-05:00,5.133210046958606,5.159534301464252,5.0752970887209,5.096356391906738,106000,0.0,0.0
2022-03-14 00:00:00-04:00,5.0595007388466815,5.106884282528533,5.006852747494925,5.0173821449279785,111000,0.0,0.0
2022-03-15 00:00:00-04:00,5.017384857341917,5.064768426639475,4.927882671356201,4.927882671356201,111800,0.0,0.0
2022-03-16 00:00:00-04:00,4.991057302558933,5.017381546139825,4.948938713666778,5.006852149963379,113200,0.0,0.0
2022-03-17 00:00:00-04:00,5.012117559165826,5.096354744682356,5.006852609547735,5.075295448303223,107600,0.0,0.0
2022-03-18 00:00:00-04:00,5.15953437943216,5.175328731536865,5.0595023112177575,5.175328731536865,145300,0.0,0.0
2022-03-21 00:00:00-04:00,5.19112314195333,5.217447397152473,5.101620975532289,5.133210182189941,119900,0.0,0.0
2022-03-22 00:00:00-04:00,5.1805946499319955,5.2121833600376695,5.1595353424970485,5.201653957366943,80000,0.0,0.0
2022-03-23 00:00:00-04:00,5.2648300185345365,5.270094969055467,5.20165211856332,5.254300117492676,128300,0.0,0.0
2022-03-24 00:00:00-04:00,5.285891736366757,5.328010355613222,5.238508164191098,5.30695104598999,152300,0.0,0.0
2022-03-25 00:00:00-04:00,5.333275308542417,5.349069665236454,5.27009737967272,5.30695104598999,114100,0.0,0.0
2022-03-28 00:00:00-04:00,5.359597133795394,5.38065643384182,5.296419233656114,5.375391483306885,147400,0.0,0.0
2022-03-29 00:00:00-04:00,5.396451509302424,5.459629417940612,5.396451509302424,5.449100017547607,123500,0.0,0.0
2022-03-30 00:00:00-04:00,5.449099675399277,5.449099675399277,5.294930046326192,5.337459564208984,213400,0.1,0.0
2022-03-31 00:00:00-04:00,5.369357168286402,5.390621928068072,5.316195015336293,5.364040851593018,107900,0.0,0.0
2022-04-01 00:00:00-04:00,5.278980910293214,5.326826738373129,5.140759741838297,5.16202449798584,235600,0.0,0.0
2022-04-04 00:00:00-04:00,5.151393443324343,5.167342395561014,5.039753312627311,5.146077632904053,158000,0.0,0.0
2022-04-05 00:00:00-04:00,5.151392197370179,5.193922219389407,5.023803652287927,5.029119968414307,98100,0.0,0.0
2022-04-06 00:00:00-04:00,5.02380359376222,5.071649424358629,4.975957763165812,5.034436225891113,93900,0.0,0.0
2022-04-07 00:00:00-04:00,5.034435675962983,5.034435675962983,4.949376656190338,4.99190616607666,96800,0.0,0.0
2022-04-08 00:00:00-04:00,5.013171849796627,5.029120292210784,4.970642332030975,4.997222900390625,60100,0.0,0.0
2022-04-11 00:00:00-04:00,4.981275111223562,5.018488317400705,4.917480826209068,4.9281134605407715,80700,0.0,0.0
2022-04-12 00:00:00-04:00,4.917481272065923,4.965327116912845,4.912164954418052,4.933429718017578,82700,0.0,0.0
2022-04-13 00:00:00-04:00,4.991906486007899,4.991906486007899,4.928112217089841,4.9600090980529785,95500,0.0,0.0
2022-04-14 00:00:00-04:00,4.986591398768794,5.013172477448251,4.960010320089337,4.9812750816345215,141500,0.0,0.0
2022-04-18 00:00:00-04:00,5.039752093675256,5.0822821156944835,4.9121635485930035,5.029119968414307,793400,0.0,0.0
2022-04-19 00:00:00-04:00,5.045069849539297,5.071650930764966,4.625090388547983,4.646355152130127,544400,0.0,0.0
2022-04-20 00:00:00-04:00,4.662303014712393,4.784575249966569,4.577243473284289,4.757994174957275,240300,0.0,0.0
2022-04-21 00:00:00-04:00,4.816472434236658,4.864317758805523,4.763310286504389,4.779258728027344,164500,0.0,0.0
2022-04-22 00:00:00-04:00,4.795207942217724,4.821788510564724,4.678251514921919,4.752677917480469,153800,0.0,0.0
2022-04-25 00:00:00-04:00,4.800523436249251,4.832420825958252,4.67825120751367,4.832420825958252,161600,0.0,0.0
2022-04-26 00:00:00-04:00,4.859002218835842,4.859002218835842,4.726097349133468,4.752677917480469,153300,0.0,0.0
2022-04-27 00:00:00-04:00,4.757994174957275,4.805840008575635,4.74736204914866,4.757994174957275,117700,0.0,0.0
2022-04-28 00:00:00-04:00,4.784874711731691,4.822508908042002,4.731112379849152,4.811756134033203,175900,0.1,0.0
2022-04-29 00:00:00-04:00,4.784874427467502,4.822508621542006,4.661220610035364,4.7203593254089355,152700,0.0,0.0
2022-05-02 00:00:00-04:00,4.7203607802564145,4.7203607802564145,4.505310373781189,4.526815414428711,246500,0.0,0.0
2022-05-03 00:00:00-04:00,4.5375694060749305,4.671976089477539,4.403162722672321,4.671976089477539,357400,0.0,0.0
2022-05-04 00:00:00-04:00,4.688104681632991,4.806382179260254,4.6397181995487715,4.806382179260254,248900,0.0,0.0
2022-05-05 00:00:00-04:00,4.7795001765583836,4.822510259203086,4.585954291936593,4.634340763092041,133800,0.0,0.0
2022-05-06 00:00:00-04:00,4.623587495198616,4.688102605162067,4.537566835860165,4.575201034545898,145200,0.0,0.0
2022-05-09 00:00:00-04:00,4.569825173558637,4.569825173558637,4.279506888923734,4.317140579223633,286800,0.0,0.0
2022-05-10 00:00:00-04:00,4.370902785664222,4.430041506331478,4.193486110941953,4.274129867553711,250400,0.0,0.0
2022-05-11 00:00:00-04:00,4.290260470631154,4.354775860357904,4.220368947970712,4.301012992858887,188500,0.0,0.0
2022-05-12 00:00:00-04:00,4.258002177345577,4.284883350147624,4.118219155877823,4.209615707397461,196700,0.0,0.0
2022-05-13 00:00:00-04:00,4.241872383677169,4.408536543179083,4.241872383677169,4.3924078941345215,158200,0.0,0.0
2022-05-16 00:00:00-04:00,4.360151144512947,4.408537616143601,4.279507366942278,4.284883499145508,101500,0.0,0.0
2022-05-17 00:00:00-04:00,4.333269805625569,4.338645680945554,4.2580019112193614,4.3063883781433105,66800,0.0,0.0
2022-05-18 00:00:00-04:00,4.3063892258778775,4.344022924129074,4.252626360329867,4.290260314941406,97300,0.0,0.0
2022-05-19 00:00:00-04:00,4.247249936056905,4.311765319014065,4.145100857431752,4.171982288360596,185900,0.0,0.0
2022-05-20 00:00:00-04:00,4.214991832627791,4.25800191151415,4.032198741000476,4.118218898773193,219400,0.0,0.0
2022-05-23 00:00:00-04:00,4.19886318700458,4.258002177345577,4.139724196663584,4.209615707397461,115400,0.0,0.0
2022-05-24 00:00:00-04:00,4.193486687645939,4.284882974799109,4.134347702485418,4.258001804351807,94200,0.0,0.0
2022-05-25 00:00:00-04:00,4.274130978378731,4.333270227136479,4.2526259368451775,4.284883499145508,73800,0.0,0.0
2022-05-26 00:00:00-04:00,4.301012242011589,4.424666097863527,4.295635853656127,4.338645935058594,142500,0.0,0.0
2022-05-27 00:00:00-04:00,4.403807263011756,4.458108425140381,4.349506618737391,4.458108425140381,90300,0.08,0.0
2022-05-31 00:00:00-04:00,4.458108854707053,4.458108854707053,4.37665762152004,4.430958271026611,94200,0.0,0.0
2022-06-01 00:00:00-04:00,4.452678253177785,4.479828834533691,4.344076445608428,4.479828834533691,85700,0.0,0.0
2022-06-02 00:00:00-04:00,4.479828784636259,4.512409585471307,4.441818281873921,4.452678203582764,66800,0.0,0.0
2022-06-03 00:00:00-04:00,4.479829220603282,4.485259440913291,4.425528053211821,4.441818714141846,35300,0.0,0.0
2022-06-06 00:00:00-04:00,4.441818090127689,4.485258810796312,4.360366350483343,4.376657009124756,73200,0.0,0.0
2022-06-07 00:00:00-04:00,4.360366538713433,4.452678203582764,4.360366538713433,4.452678203582764,88800,0.0,0.0
2022-06-08 00:00:00-04:00,4.420097725722407,4.436387866494577,4.349506425237351,4.3657965660095215,32000,0.0,0.0
2022-06-09 00:00:00-04:00,4.349507420835123,4.452679026480395,4.349507420835123,4.398378372192383,50100,0.0,0.0
2022-06-10 00:00:00-04:00,4.3712279138372505,4.398378500701704,4.273486008266963,4.333217144012451,79100,0.0,0.0
2022-06-13 00:00:00-04:00,4.257194536303171,4.284344855777562,3.801066476291515,3.8390772342681885,356900,0.0,0.0
2022-06-14 00:00:00-04:00,3.801067609610397,3.8282181961070583,3.654455012168226,3.68703556060791,180100,0.0,0.0
2022-06-15 00:00:00-04:00,3.6870348947099774,3.7630561606727326,3.578433086191755,3.7141854763031006,184900,0.0,0.0
2022-06-16 00:00:00-04:00,3.8119251433752197,3.8119251433752197,3.4969798017316407,3.5295603275299072,167300,0.0,0.0
2022-06-17 00:00:00-04:00,3.5295616147917848,3.692464562122244,3.4752607186573305,3.6761741638183594,171300,0.0,0.0
2022-06-21 00:00:00-04:00,3.6924637753177803,3.8662266059219776,3.681603598405018,3.746764659881592,95800,0.0,0.0
2022-06-22 00:00:00-04:00,3.795636490811417,3.893378371934983,3.7793463499089035,3.8336472511291504,99400,0.0,0.0
2022-06-23 00:00:00-04:00,3.8064958973115375,3.9965491294860835,3.8064958973115375,3.996549129486084,74700,0.0,0.0
2022-06-24 00:00:00-04:00,4.007410970700856,4.110582827331205,4.001980750333763,4.105152606964111,135200,0.0,0.0
2022-06-27 00:00:00-04:00,4.105151655738583,4.246334245442975,4.050850759285777,4.110581874847412,121700,0.0,0.0
2022-06-28 00:00:00-04:00,4.094292093447217,4.224614523500301,4.094292093447217,4.175743579864502,130600,0.0,0.0
2022-06-29 00:00:00-04:00,4.148307384358094,4.148307384358094,4.0001535585470585,4.071486949920654,145300,0.08,0.0
2022-06-30 00:00:00-04:00,4.0001535985143475,4.148307425805654,3.9782049027414947,4.0989227294921875,89900,0.0,0.0
2022-07-01 00:00:00-04:00,4.104409545675284,4.23061466217041,4.08246085251518,4.23061466217041,97100,0.0,0.0
2022-07-05 00:00:00-04:00,4.203178053349994,4.247075433283307,4.11538329348337,4.22512674331665,78600,0.0,0.0
2022-07-06 00:00:00-04:00,4.247075447688578,4.269024399378705,4.164767990858959,4.208665370941162,65500,0.0,0.0
2022-07-07 00:00:00-04:00,4.263537762840225,4.285486456313994,4.175742988945147,4.241589069366455,93900,0.0,0.0
2022-07-08 00:00:00-04:00,4.252563338638917,4.252563338638917,4.170255608787062,4.247076034545898,58900,0.0,0.0
2022-07-11 00:00:00-04:00,4.241589008750462,4.329383781390876,4.197691622430255,4.23061466217041,74200,0.0,0.0
2022-07-12 00:00:00-04:00,4.219641570782806,4.301949325441338,4.192205565346916,4.19769287109375,46000,0.0,0.0
2022-07-13 00:00:00-04:00,4.181231307432259,4.236103057861328,4.131846862870669,4.236103057861328,53200,0.0,0.0
2022-07-14 00:00:00-04:00,4.192204971474787,4.214153668054569,4.131846186704939,4.175743579864502,81500,0.0,0.0
2022-07-15 00:00:00-04:00,4.241588426306942,4.318408841818531,4.159280707434298,4.296460151672363,62700,0.0,0.0
2022-07-18 00:00:00-04:00,4.30743622952363,4.3129235350920965,4.186718385157813,4.192205429077148,71200,0.0,0.0
2022-07-19 00:00:00-04:00,4.247076075660975,4.356819803742209,4.247076075660975,4.301948070526123,81600,0.0,0.0
2022-07-20 00:00:00-04:00,4.3293844448034955,4.384256186112018,4.318410096541791,4.351333141326904,60800,0.0,0.0
2022-07-21 00:00:00-04:00,4.36779404653808,4.4555888175964355,4.318409356993227,4.4555888175964355,93700,0.0,0.0
2022-07-22 00:00:00-04:00,4.444614950879415,4.488512338561836,4.389742954627318,4.428153038024902,100900,0.0,0.0
2022-07-25 00:00:00-04:00,4.47204997418748,4.499485969543457,4.422665810504424,4.499485969543457,89000,0.0,0.0
2022-07-26 00:00:00-04:00,4.499486245442095,4.537896850614953,4.4226660816926175,4.51046085357666,78600,0.0,0.0
2022-07-27 00:00:00-04:00,4.559845415409258,4.631178273086295,4.499486118962083,4.59276819229126,189200,0.0,0.0
2022-07-28 00:00:00-04:00,4.6481703496343965,4.72573184967041,4.57060832125029,4.72573184967041,131000,0.08,0.0
2022-07-29 00:00:00-04:00,4.747891960490105,4.847614484674791,4.692490969102651,4.709111213684082,122200,0.0,0.0
2022-08-01 00:00:00-04:00,4.69249058270562,4.792212570330779,4.570607566332641,4.77559232711792,126900,0.0,0.0
2022-08-02 00:00:00-04:00,4.764512987201913,4.764512987201913,4.681410703172206,4.698030948638916,65200,0.0,0.0
2022-08-03 00:00:00-04:00,4.7201919803919665,4.753432471325388,4.686950961110469,4.698030948638916,73700,0.0,0.0
2022-08-04 00:00:00-04:00,4.670329756857358,4.670329756857358,4.609387988743547,4.614928245544434,74900,0.0,0.0
2022-08-05 00:00:00-04:00,4.603849934202751,4.681411444223843,4.5706089096593105,4.6481709480285645,62600,0.0,0.0
2022-08-08 00:00:00-04:00,4.642630276289196,4.797753810882568,4.642630276289196,4.797753810882568,92000,0.0,0.0
2022-08-09 00:00:00-04:00,4.8143754194227295,4.853156710302853,4.7700543970011,4.836535930633545,60100,0.0,0.0
2022-08-10 00:00:00-04:00,4.86977458590413,4.875314843091085,4.753431826718106,4.77559232711792,87000,0.0,0.0
2022-08-11 00:00:00-04:00,4.792211876262623,4.836532870643129,4.73127064107641,4.80883264541626,130400,0.0,0.0
2022-08-12 00:00:00-04:00,4.869774789657095,4.8974755484028725,4.808833543094806,4.847614288330078,90300,0.0,0.0
2022-08-15 00:00:00-04:00,4.8199156793124995,4.847616450413084,4.764514665459593,4.836535930633545,130000,0.0,0.0
2022-08-16 00:00:00-04:00,4.842075212373638,4.842075212373638,4.781133950941733,4.8143744468688965,108400,0.0,0.0
2022-08-17 00:00:00-04:00,4.792211694646092,4.792211694646092,4.720190477768196,4.758971214294434,107300,0.0,0.0
2022-08-18 00:00:00-04:00,4.786673973777642,4.786673973777642,4.725732187001395,4.7423529624938965,31200,0.0,0.0
2022-08-19 00:00:00-04:00,4.7091116037124205,4.72573184967041,4.681410841550376,4.72573184967041,60900,0.0,0.0
2022-08-22 00:00:00-04:00,4.66479037707485,4.709111383118709,4.58722835232406,4.63154935836792,108600,0.0,0.0
2022-08-23 00:00:00-04:00,4.642631138064322,4.736813433636789,4.642631138064322,4.731273174285889,72500,0.0,0.0
2022-08-24 00:00:00-04:00,4.7368123658744645,4.7478923537304265,4.698031087508365,4.72573184967041,73800,0.0,0.0
2022-08-25 00:00:00-04:00,4.72573157182978,4.753432332363209,4.692491081868114,4.714651584625244,94000,0.0,0.0
2022-08-26 00:00:00-04:00,4.753432611832454,4.775593115892471,4.686951099652403,4.72573184967041,111400,0.0,0.0
2022-08-29 00:00:00-04:00,4.659249698034471,4.7312714584319675,4.637089197015859,4.675869941711426,102900,0.0,0.0
2022-08-30 00:00:00-04:00,4.68146416949897,4.698243461842985,4.508076904001278,4.536042213439941,112900,0.08,0.0
2022-08-31 00:00:00-04:00,4.524857498049839,4.558416092391958,4.491298370303481,4.519264221191406,78800,0.0,0.0
2022-09-01 00:00:00-04:00,4.485704698861421,4.485704698861421,4.312316885949577,4.3458757400512695,140700,0.0,0.0
2022-09-02 00:00:00-04:00,4.3514682434380445,4.4353652304509,4.340281960722862,4.373840808868408,54900,0.0,0.0
2022-09-06 00:00:00-04:00,4.418586542430939,4.452145395153962,4.295537149077799,4.3179097175598145,74100,0.0,0.0
2022-09-07 00:00:00-04:00,4.317909106146104,4.3402819381621915,4.278757250197486,4.334688663482666,56400,0.0,0.0
2022-09-08 00:00:00-04:00,4.334688819986565,4.368247669169315,4.284350412861428,4.357061386108398,42200,0.0,0.0
2022-09-09 00:00:00-04:00,4.340281304824272,4.401805717109261,4.329094757097571,4.3794331550598145,63300,0.0,0.0
2022-09-12 00:00:00-04:00,4.385026281698221,4.502482361865279,4.385026281698221,4.49129581451416,66400,0.0,0.0
2022-09-13 00:00:00-04:00,4.4465532852126275,4.452146562150268,4.362656264765016,4.385028839111328,58600,0.0,0.0
2022-09-14 00:00:00-04:00,4.418587700630797,4.418587700630797,4.334690413481062,4.385028839111328,66200,0.0,0.0
2022-09-15 00:00:00-04:00,4.368247511453774,4.4018063594248815,4.317909106146104,4.334688663482666,62500,0.0,0.0
2022-09-16 00:00:00-04:00,4.306722507664905,4.39061975479126,4.206045971134477,4.39061975479126,153200,0.0,0.0
2022-09-19 00:00:00-04:00,4.345875103047482,4.3738409440507855,4.334688819986565,4.357061386108398,35600,0.0,0.0
2022-09-20 00:00:00-04:00,4.36824881238583,4.36824881238583,4.30113109645492,4.35146951675415,49700,0.0,0.0
2022-09-21 00:00:00-04:00,4.357061845754369,4.4018069827184005,4.306723433318807,4.3179097175598145,52100,0.0,0.0
2022-09-22 00:00:00-04:00,4.306722454396832,4.306722454396832,4.066217264531188,4.144521236419678,131200,0.0,0.0
2022-09-23 00:00:00-04:00,4.09418358720554,4.110962878390082,3.9375753581716784,4.010286331176758,87600,0.0,0.0
2022-09-26 00:00:00-04:00,3.971133732641,3.9879132885221926,3.5796136069010958,3.635545015335083,198600,0.0,0.0
2022-09-27 00:00:00-04:00,3.7250359888467175,3.7921539586428183,3.5348691634135574,3.5628347396850586,137200,0.0,0.0
2022-09-28 00:00:00-04:00,3.62995238593712,3.747408497863477,3.568427959082011,3.7306292057037354,90600,0.0,0.0
2022-09-29 00:00:00-04:00,3.66269602963518,3.6853404581862153,3.3400166344533004,3.4475765228271484,121600,0.08,0.0
2022-09-30 00:00:00-04:00,3.41927119657614,3.5834414818136957,3.396627037918523,3.4928648471832275,174700,0.0,0.0
2022-10-03 00:00:00-04:00,3.532492889532932,3.532492889532932,3.226796399859495,3.396627902984619,211200,0.0,0.0
2022-10-04 00:00:00-04:00,3.447576964275799,3.809883818389377,3.447576964275799,3.792900562286377,217800,0.0,0.0
2022-10-05 00:00:00-04:00,3.7645957383127815,3.7645957383127815,3.5551370958501645,3.6117475032806396,70100,0.0,0.0
2022-10-06 00:00:00-04:00,3.5947641133844725,3.634391532092856,3.504187464839259,3.572119951248169,54100,0.0,0.0
2022-10-07 00:00:00-04:00,3.5438151710678625,3.6117476629883365,3.475882409207661,3.4985265731811523,72700,0.0,0.0
2022-10-10 00:00:00-04:00,3.5211700379828623,3.5211700379828623,3.2834063634721153,3.289067268371582,67300,0.0,0.0
2022-10-11 00:00:00-04:00,3.2834070354387763,3.62873067310844,3.2834070354387763,3.5777814388275146,76000,0.0,0.0
2022-10-12 00:00:00-04:00,3.5834414381887876,3.6457130087089706,3.4872036300956846,3.5947635173797607,103200,0.0,0.0
2022-10-13 00:00:00-04:00,3.5324928797216173,3.6457139714704785,3.4985266331788787,3.6400527954101562,55800,0.0,0.0
2022-10-14 00:00:00-04:00,3.6400517673914794,3.6853403532645195,3.543814231002865,3.5607972145080566,43600,0.0,0.0
2022-10-17 00:00:00-04:00,3.6400530954585486,3.7362909368990285,3.600425939528766,3.6287310123443604,41700,0.0,0.0
2022-10-18 00:00:00-04:00,3.707984850134562,3.7645952502253843,3.6287300200677297,3.7023236751556396,58300,0.0,0.0
2022-10-19 00:00:00-04:00,3.679680521328086,3.6966637809692457,3.577781773300389,3.6287310123443604,34800,0.0,0.0
2022-10-20 00:00:00-04:00,3.6570352711651597,3.6796794306818743,3.532492123883556,3.606085777282715,63000,0.0,0.0
2022-10-21 00:00:00-04:00,3.634391111648445,3.651374096316144,3.5551365533399446,3.606085777282715,65700,0.0,0.0
2022-10-24 00:00:00-04:00,3.679679146529829,3.7023233042979173,3.5834413410456274,3.6343908309936523,68800,0.0,0.0
2022-10-25 00:00:00-04:00,3.6343912742190176,3.8212057335581786,3.600425033424596,3.7985615730285645,103400,0.0,0.0
2022-10-26 00:00:00-04:00,3.849512204342214,3.934427696398482,3.8098847767601276,3.9174447059631348,109100,0.0,0.0
2022-10-27 00:00:00-04:00,3.934427706618099,3.991038394722344,3.8268680470754735,3.8721563816070557,127700,0.0,0.0
2022-10-28 00:00:00-04:00,3.8435145861193103,3.929435234582261,3.8435145861193103,3.9122509956359863,50000,0.08,0.0
2022-10-31 00:00:00-04:00,3.8950681519198787,3.9638045812382283,3.7919632348080636,3.832059621810913,119800,0.0,0.0
2022-11-01 00:00:00-04:00,3.9351637269591464,3.9351637269591464,3.7747787471773293,3.8893394470214844,103600,0.0,0.0
2022-11-02 00:00:00-04:00,3.895068198226075,4.0669092735648675,3.8034193515777583,3.803419351577759,79200,0.0,0.0
2022-11-03 00:00:00-04:00,3.8034186250032316,3.8034186250032316,3.6430336519923485,3.757594347000122,65800,0.0,0.0
2022-11-04 00:00:00-04:00,3.809144905641269,3.8836094570027595,3.7862327780122116,3.8778812885284424,47100,0.0,0.0
2022-11-07 00:00:00-05:00,3.9179807773773114,3.9237086772918697,3.8435161665477837,3.92370867729187,68100,0.0,0.0
2022-11-08 00:00:00-05:00,3.895067100723284,4.009627785336351,3.895067100723284,3.9466192722320557,70500,0.0,0.0
2022-11-09 00:00:00-05:00,3.9580758923125243,4.015356515736216,3.9007955420230878,3.952347993850708,113700,0.0,0.0
2022-11-10 00:00:00-05:00,3.9752595581927155,4.072636276147911,3.9752595581927155,4.021083831787109,98600,0.0,0.0
2022-11-11 00:00:00-05:00,4.0439956382904,4.187196618144029,4.009627435901631,4.08981990814209,107400,0.0,0.0
2022-11-14 00:00:00-05:00,4.009628279769195,4.049724660895216,3.9122515492733196,3.9924440383911133,119400,0.0,0.0
2022-11-15 00:00:00-05:00,4.0439956382904,4.152828415755262,4.0439956382904,4.08981990814209,98700,0.0,0.0
2022-11-16 00:00:00-05:00,4.06690795691463,4.095548263432688,3.9695312425142766,4.072636127471924,40600,0.0,0.0
2022-11-17 00:00:00-05:00,4.021084195207958,4.078364542377881,3.998172056339989,4.043996334075928,35300,0.0,0.0
2022-11-18 00:00:00-05:00,4.043996524672646,4.101276874542236,4.038268626252814,4.101276874542236,54700,0.0,0.0
2022-11-21 00:00:00-05:00,4.112733840942383,4.1471020583551566,4.095549868803151,4.112733840942383,87500,0.0,0.0
2022-11-22 00:00:00-05:00,4.147101154437909,4.152829325991995,4.0783647345944,4.101276874542236,111200,0.0,0.0
2022-11-23 00:00:00-05:00,4.112731448139944,4.1986520782500945,4.112731448139944,4.15855598449707,46700,0.0,0.0
2022-11-25 00:00:00-05:00,4.244477553793845,4.244477553793845,4.1814693104327265,4.187197208404541,60400,0.0,0.0
2022-11-28 00:00:00-05:00,4.233022568696191,4.233022568696191,4.1413739926041995,4.164286136627197,172600,0.0,0.0
2022-11-29 00:00:00-05:00,4.199036540937296,4.2164119860712335,4.170077557771845,4.175869464874268,62300,0.08,0.0
2022-11-30 00:00:00-05:00,4.175868840715043,4.239578428452487,4.1295346955144625,4.2106194496154785,118900,0.0,0.0
2022-12-01 00:00:00-05:00,4.187451331601114,4.2801195988672704,4.1700758934021,4.1700758934021,267200,0.0,0.0
2022-12-02 00:00:00-05:00,4.164285481677129,4.280120849609375,4.123742964814191,4.280120849609375,88400,0.0,0.0
2022-12-05 00:00:00-05:00,4.256953656498575,4.274329099287204,4.117951218882712,4.135326385498047,115600,0.0,0.0
2022-12-06 00:00:00-05:00,4.112159366548414,4.13532643978854,4.060033589844781,4.071617126464844,84700,0.0,0.0
2022-12-07 00:00:00-05:00,4.071616952733383,4.117951097236607,4.042657974332226,4.088992118835449,90400,0.0,0.0
2022-12-08 00:00:00-05:00,4.123742607849171,4.164285121202612,4.088992000477626,4.141118049621582,40800,0.0,0.0
2022-12-09 00:00:00-05:00,4.123742849030059,4.199035974158631,4.117951218882712,4.135326385498047,42400,0.0,0.0
2022-12-12 00:00:00-05:00,4.170078011796354,4.170078011796354,4.123743854625585,4.158494472503662,19400,0.0,0.0
2022-12-13 00:00:00-05:00,4.19324406783799,4.274329099287204,4.117951218882712,4.135326385498047,98300,0.0,0.0
2022-12-14 00:00:00-05:00,4.1411183181641285,4.187452464330857,4.088992265639911,4.1527018547058105,87600,0.0,0.0
2022-12-15 00:00:00-05:00,4.1411183181641285,4.170077021431686,4.083200635455718,4.1527018547058105,53200,0.0,0.0
2022-12-16 00:00:00-05:00,4.094784199704969,4.152701882805283,4.071617126464844,4.071617126464844,115600,0.0,0.0
2022-12-19 00:00:00-05:00,4.083200782253058,4.18745261487621,4.083200782253058,4.117951393127441,110000,0.0,0.0
2022-12-20 00:00:00-05:00,4.112159486561725,4.1353265604779805,4.007907653938573,4.117951393127441,69200,0.0,0.0
2022-12-21 00:00:00-05:00,4.141119301651305,4.199036998114766,4.117952223065919,4.158494472503662,100600,0.0,0.0
2022-12-22 00:00:00-05:00,4.141116994795927,4.18165922164917,4.071615797756188,4.18165922164917,59200,0.0,0.0
2022-12-23 00:00:00-05:00,4.1874523503811245,4.193243980407715,4.141118205475249,4.193243980407715,43500,0.0,0.0
2022-12-27 00:00:00-05:00,4.227993629182203,4.256952323195491,4.152700527635883,4.18165922164917,71900,0.0,0.0
2022-12-28 00:00:00-05:00,4.199036747978661,4.216412193969327,4.031075300153382,4.048450469970703,77400,0.0,0.0
2022-12-29 00:00:00-05:00,4.1187564471905,4.1246151302595075,4.048450294767471,4.071885585784912,119800,0.08,0.0
2022-12-30 00:00:00-05:00,4.042590308947447,4.06016663186109,3.9488488957157566,4.019155025482178,117900,0.0,0.0
2023-01-03 00:00:00-05:00,4.06016763998579,4.124614825202586,4.036732350701625,4.107038497924805,81600,0.0,0.0
2023-01-04 00:00:00-05:00,4.130473166851987,4.2124966670274295,4.130473166851987,4.194920063018799,92400,0.0,0.0
2023-01-05 00:00:00-05:00,4.1656269320181964,4.276944701438733,4.1304739963123485,4.271085739135742,79600,0.0,0.0
2023-01-06 00:00:00-05:00,4.2710842465316325,4.282801887671984,4.241790003995455,4.276943206787109,34000,0.0,0.0
2023-01-09 00:00:00-05:00,4.3238164797459895,4.382404722146861,4.300381182785641,4.364828109741211,107300,0.0,0.0
2023-01-10 00:00:00-05:00,4.39412050365298,4.458567682597008,4.370685216649817,4.452708721160889,90500,0.0,0.0
2023-01-11 00:00:00-05:00,4.505437053231637,4.540589974347275,4.487860452988525,4.517154693603516,86700,0.0,0.0
2023-01-12 00:00:00-05:00,4.540589974347275,4.558166574590385,4.4702841321159985,4.517154693603516,90600,0.0,0.0
2023-01-13 00:00:00-05:00,4.493719412859757,4.517154693603516,4.487860452988525,4.517154693603516,84100,0.0,0.0
2023-01-17 00:00:00-05:00,4.528874348059859,4.6050391840344505,4.528874348059859,4.599180221557617,92800,0.0,0.0
2023-01-18 00:00:00-05:00,4.599180221557617,4.6284744752003695,4.564027284808738,4.599180221557617,135200,0.0,0.0
2023-01-19 00:00:00-05:00,4.540592252418124,4.616757092733466,4.540592252418124,4.593321800231934,74600,0.0,0.0
2023-01-20 00:00:00-05:00,4.599180642738377,4.687063132343973,4.593321959095729,4.6694865226745605,127500,0.0,0.0
2023-01-23 00:00:00-05:00,4.6870622634887695,4.733932841424348,4.657768012593692,4.6870622634887695,113600,0.0,0.0
2023-01-24 00:00:00-05:00,4.657766124181548,4.698778282303519,4.628472164533891,4.651907444000244,99300,0.0,0.0
2023-01-25 00:00:00-05:00,4.646050540610784,4.687062437512467,4.59917996093497,4.6636271476745605,99400,0.0,0.0
2023-01-26 00:00:00-05:00,4.669485830448691,4.687062437512467,4.651909502755607,4.6636271476745605,94700,0.0,0.0
2023-01-27 00:00:00-05:00,4.67534321264287,4.774943021110611,4.67534321264287,4.745649337768555,153600,0.0,0.0
2023-01-30 00:00:00-05:00,4.72198120453628,4.727898327480156,4.6154704521298635,4.6332221031188965,148200,0.08,0.0
2023-01-31 00:00:00-05:00,4.656890582005726,4.716063214897295,4.650973459795254,4.6805596351623535,86900,0.0,0.0
2023-02-01 00:00:00-05:00,4.680560624908139,4.787071668793033,4.66280897236561,4.733816146850586,175300,0.0,0.0
2023-02-02 00:00:00-05:00,4.733816388732021,4.751568042181597,4.704229923439468,4.716064453125,176800,0.0,0.0
2023-02-03 00:00:00-05:00,4.680560482830904,4.74565081403581,4.674643359548817,4.727898597717285,69000,0.0,0.0
2023-02-06 00:00:00-05:00,4.7456508414168885,4.7456508414168885,4.568132345253887,4.609553337097168,89400,0.0,0.0
2023-02-07 00:00:00-05:00,4.56813210779189,4.656891210180778,4.5207939950931255,4.627305030822754,69500,0.0,0.0
2023-02-08 00:00:00-05:00,4.633220145533451,4.645054668578394,4.59771657639862,4.615468502044678,42700,0.0,0.0
2023-02-09 00:00:00-05:00,4.656892087485193,4.680561148293552,4.562215844251759,4.579967498779297,73100,0.0,0.0
2023-02-10 00:00:00-05:00,4.568132726979155,4.597719192504883,4.544463667421552,4.597719192504883,40300,0.0,0.0
2023-02-13 00:00:00-05:00,4.621388233620218,4.656891822814941,4.579967238480985,4.656891822814941,49400,0.0,0.0
2023-02-14 00:00:00-05:00,4.639140169296303,4.662809228759452,4.597719174157069,4.656891822814941,49900,0.0,0.0
2023-02-15 00:00:00-05:00,4.650974087172136,4.650974087172136,4.585884041132631,4.627305030822754,46800,0.0,0.0
2023-02-16 00:00:00-05:00,4.615470207805068,4.710146427154541,4.597718275598346,4.710146427154541,68000,0.0,0.0
2023-02-17 00:00:00-05:00,4.727898982810532,4.745651200574997,4.62730562156223,4.716064453125,199900,0.0,0.0
2023-02-21 00:00:00-05:00,4.7160638510542325,4.7160638510542325,4.609553097482013,4.627305030822754,71400,0.0,0.0
2023-02-22 00:00:00-05:00,4.6391401290893555,4.668726312083148,4.615471069831344,4.6391401290893555,56500,0.0,0.0
2023-02-23 00:00:00-05:00,4.6746426074441825,4.710146187896787,4.639139026991579,4.692394256591797,75300,0.0,0.0
2023-02-24 00:00:00-05:00,4.680560841712154,4.71014730686339,4.62730559946035,4.6391401290893555,111800,0.0,0.0
2023-02-27 00:00:00-05:00,4.692944534263842,4.704901069590559,4.645118392956975,4.657074928283691,77900,0.08,0.0
2023-02-28 00:00:00-05:00,4.645116821685917,4.704899478097243,4.639138698577881,4.639138698577881,53400,0.0,0.0
2023-03-01 00:00:00-05:00,4.639139646525431,4.657074304580445,4.483704423028638,4.501639366149902,143200,0.0,0.0
2023-03-02 00:00:00-05:00,4.489682976543312,4.543487237501722,4.459791498737104,4.483704566955566,60500,0.0,0.0
2023-03-03 00:00:00-05:00,4.5315300615968175,4.5315300615968175,4.477725523192427,4.507616996765137,72700,0.0,0.0
2023-03-06 00:00:00-05:00,4.519574024204917,4.561422034777034,4.483704423028638,4.501639366149902,70200,0.0,0.0
2023-03-07 00:00:00-05:00,4.6391394771401995,4.746748276740002,4.609248001384913,4.6331610679626465,107400,0.0,0.0
2023-03-08 00:00:00-05:00,4.627183460423946,4.627183460423946,4.477726625887261,4.5195746421813965,122300,0.0,0.0
2023-03-09 00:00:00-05:00,4.483705378299186,4.50761845084481,4.364140015571066,4.370118141174316,101400,0.0,0.0
2023-03-10 00:00:00-05:00,4.3282691705608745,4.364139056563311,4.190769176171942,4.232616901397705,131400,0.0,0.0
2023-03-13 00:00:00-04:00,4.190768548539417,4.286420803377179,4.083159476780729,4.256529331207275,109000,0.0,0.0
2023-03-14 00:00:00-04:00,4.3043548896969,4.49565965915287,4.28642023681844,4.44783353805542,108400,0.0,0.0
2023-03-15 00:00:00-04:00,4.35218369429949,4.388053304889913,4.166856945316153,4.2027268409729,151200,0.0,0.0
2023-03-16 00:00:00-04:00,4.148921320413743,4.274465070899623,4.148921320413743,4.244573593139648,85200,0.0,0.0
2023-03-17 00:00:00-04:00,4.2027268409729,4.238596451563323,4.107074260998782,4.2027268409729,127500,0.0,0.0
2023-03-20 00:00:00-04:00,4.226639101609148,4.274465239862593,4.15489960916271,4.184791088104248,109800,0.0,0.0
2023-03-21 00:00:00-04:00,4.184790922685957,4.304356263593339,4.125008252232267,4.244573593139648,102600,0.0,0.0
2023-03-22 00:00:00-04:00,4.244573583700648,4.2505519932658515,4.172834379315752,4.178812503814697,77000,0.0,0.0
2023-03-23 00:00:00-04:00,4.202726196596561,4.304356601820609,4.1489216464272625,4.1608781814575195,94100,0.0,0.0
2023-03-24 00:00:00-04:00,4.125008252232267,4.2505520027181465,4.0951167744722925,4.244573593139648,51900,0.0,0.0
2023-03-27 00:00:00-04:00,4.328269182384679,4.334247591756832,4.27446492336654,4.298377990722656,98200,0.0,0.0
2023-03-28 00:00:00-04:00,4.316313755433984,4.316313755433984,4.262509482620124,4.280444145202637,127400,0.0,0.0
2023-03-29 00:00:00-04:00,4.322291996083068,4.382074677447129,4.304357049140695,4.370118141174316,95000,0.0,0.0
2023-03-30 00:00:00-04:00,4.351983851343513,4.430561408802841,4.321761913396432,4.358028411865234,53800,0.08,0.0
2023-03-31 00:00:00-04:00,4.351983925691048,4.430561484492763,4.351983925691048,4.412428379058838,51400,0.0,0.0
2023-04-03 00:00:00-04:00,4.412426491992032,4.442648417530371,4.358026622514473,4.364070892333984,74400,0.0,0.0
2023-04-04 00:00:00-04:00,4.400340071139487,4.412428905611551,4.309673668488734,4.333851337432861,64200,0.0,0.0
2023-04-05 00:00:00-04:00,4.297584377223186,4.460783769359736,4.297584377223186,4.400339603424072,44700,0.0,0.0
2023-04-06 00:00:00-04:00,4.418472460657007,4.460783518543206,4.3761614027708085,4.382205963134766,43100,0.0,0.0
2023-04-10 00:00:00-04:00,4.358028643184557,4.424517371350099,4.2613179754677875,4.309673309326172,68100,0.0,0.0
2023-04-11 00:00:00-04:00,4.3701174336605275,4.4063839336975645,4.291539872803353,4.388250827789307,39600,0.0,0.0
2023-04-12 00:00:00-04:00,4.370117166436483,4.406383664255895,4.273406505584717,4.273406505584717,378700,0.0,0.0
2023-04-13 00:00:00-04:00,4.291539783958156,4.333850843902352,4.219006785385689,4.267362117767334,135100,0.0,0.0
2023-04-14 00:00:00-04:00,4.291539475153579,4.291539475153579,4.212961921577322,4.231095314025879,64500,0.0,0.0
2023-04-17 00:00:00-04:00,4.225051000233407,4.273406620176454,4.200873334372139,4.2492289543151855,51700,0.0,0.0
2023-04-18 00:00:00-04:00,4.255273284671922,4.291539783958156,4.255273284671922,4.267362117767334,59100,0.0,0.0
2023-04-19 00:00:00-04:00,4.279450441177145,4.382205654360178,4.273406169459575,4.3459391593933105,88900,0.0,0.0
2023-04-20 00:00:00-04:00,4.339894715232571,4.382205771266242,4.32780588325445,4.351983547210693,52700,0.0,0.0
2023-04-21 00:00:00-04:00,4.406383743156972,4.412428303678694,4.321761913396432,4.358028411865234,54200,0.0,0.0
2023-04-24 00:00:00-04:00,4.358028486316033,4.4245172120882925,4.333850820257123,4.412428379058838,68300,0.0,0.0
2023-04-25 00:00:00-04:00,4.418471868454301,4.454738361115785,4.370116544905654,4.406383037567139,82200,0.0,0.0
2023-04-26 00:00:00-04:00,4.412426367940641,4.49100360270751,4.400337540421093,4.436604022979736,104100,0.0,0.0
2023-04-27 00:00:00-04:00,4.47327211597941,4.528271163867624,4.448828029940984,4.4793829917907715,84600,0.08,0.0
2023-04-28 00:00:00-04:00,4.522160305328828,4.552715267295322,4.479383008899947,4.503827095031738,46800,0.0,0.0
2023-05-01 00:00:00-04:00,4.522160739642113,4.52827161606371,4.406051173666567,4.430495262145996,69700,0.0,0.0
2023-05-02 00:00:00-04:00,4.399939961585388,4.43049521757555,4.198276087960564,4.271608352661133,105300,0.0,0.0
2023-05-03 00:00:00-04:00,4.277719020843506,4.369384486712306,4.265496978154098,4.277719020843506,51900,0.0,0.0
2023-05-04 00:00:00-04:00,4.247164180329685,4.277719435714824,4.1616098732064115,4.179943084716797,48700,0.0,0.0
2023-05-05 00:00:00-04:00,4.25938604610854,4.289941300216085,4.192164953306339,4.2349419593811035,60200,0.0,0.0
2023-05-08 00:00:00-04:00,4.253276582333895,4.265498629755681,4.19827722323756,4.241054534912109,46900,0.0,0.0
2023-05-09 00:00:00-04:00,4.2593862707455905,4.265497438447998,4.167721086381595,4.253275394439697,50300,0.0,0.0
2023-05-10 00:00:00-04:00,4.314384918116606,4.314384918116606,4.216608581831823,4.28994083404541,32200,0.0,0.0
2023-05-11 00:00:00-04:00,4.25938746034649,4.271609507768277,4.216610440068537,4.241054534912109,38800,0.0,0.0
2023-05-12 00:00:00-04:00,4.210497340092338,4.241052590335127,4.1493871310032215,4.161609172821045,57800,0.0,0.0
2023-05-15 00:00:00-04:00,4.1616098732064115,4.308274691099963,4.1616098732064115,4.179943084716797,39900,0.0,0.0
2023-05-16 00:00:00-04:00,4.198276027579223,4.253275371011886,4.131054931602096,4.173831939697266,78400,0.0,0.0
2023-05-17 00:00:00-04:00,4.210496946249379,4.259385108947754,4.16771994958652,4.259385108947754,51000,0.0,0.0
2023-05-18 00:00:00-04:00,4.234941092587248,4.424382871648809,4.234941092587248,4.39382791519165,192100,0.0,0.0
2023-05-19 00:00:00-04:00,4.461050973867929,4.467161850913379,4.332719350551416,4.381607532501221,88000,0.0,0.0
2023-05-22 00:00:00-04:00,4.381606081629566,4.4060501645103525,4.314384708009176,4.357161998748779,86600,0.0,0.0
2023-05-23 00:00:00-04:00,4.3143846672310575,4.406050122865842,4.308273792266846,4.308273792266846,69000,0.0,0.0
2023-05-24 00:00:00-04:00,4.277719482456298,4.302163570472898,4.198276050704089,4.253275394439697,56400,0.0,0.0
2023-05-25 00:00:00-04:00,4.271608513604214,4.271608513604214,4.1249439786771385,4.1371660232543945,92900,0.0,0.0
2023-05-26 00:00:00-04:00,4.1738319997270406,4.296052732291173,4.137165867376757,4.271608352661133,138700,0.0,0.0
2023-05-30 00:00:00-04:00,4.290152763547796,4.308697927272708,4.228335059847984,4.265425682067871,67000,0.08,0.0
2023-05-31 00:00:00-04:00,4.271607520415294,4.296334603141889,4.197426272235511,4.24069881439209,53000,0.0,0.0
2023-06-01 00:00:00-04:00,4.26542588334383,4.351970672607422,4.234516882650365,4.351970672607422,103800,0.0,0.0
2023-06-02 00:00:00-04:00,4.395244435315402,4.401426060308872,4.345790256287013,4.376698970794678,69400,0.0,0.0
2023-06-05 00:00:00-04:00,4.358152866363525,4.3952434926800965,4.3025167795036205,4.358152866363525,79800,0.0,0.0
2023-06-06 00:00:00-04:00,4.358152743947683,4.457061078013644,4.3334256604311925,4.389061450958252,213300,0.0,0.0
2023-06-07 00:00:00-04:00,4.401424420041538,4.426151500340756,4.345788636753321,4.382879257202148,70900,0.0,0.0
2023-06-08 00:00:00-04:00,4.413788795471191,4.432334256590234,4.327243998045903,4.413788795471191,80400,0.0,0.0
2023-06-09 00:00:00-04:00,4.419971081772416,4.450879793181796,4.382880451219083,4.42615270614624,62600,0.0,0.0
2023-06-12 00:00:00-04:00,4.42615228748508,4.463242914530083,4.407607121347629,4.457061290740967,64800,0.0,0.0
2023-06-13 00:00:00-04:00,4.450880547775216,4.54360728726432,4.4199718311256335,4.432335376739502,82200,0.0,0.0
2023-06-14 00:00:00-04:00,4.450880547775216,4.506516650422714,4.4199718311256335,4.432335376739502,67600,0.0,0.0
2023-06-15 00:00:00-04:00,4.4570614407980536,4.518879154620959,4.426152436501546,4.494152069091797,58700,0.0,0.0
2023-06-16 00:00:00-04:00,4.518879655128115,4.525061574580166,4.401425838470459,4.401425838470459,82700,0.0,0.0
2023-06-20 00:00:00-04:00,4.450879205031,4.5126972092212245,4.4261521212629455,4.438515663146973,148500,0.0,0.0
2023-06-21 00:00:00-04:00,4.4632440933890845,4.475607639002953,4.426153456547478,4.432335376739502,61500,0.0,0.0
2023-06-22 00:00:00-04:00,4.450879372181749,4.469424833089301,4.432334206044298,4.457061290740967,54700,0.0,0.0
2023-06-23 00:00:00-04:00,4.413789162628463,4.450879793181796,4.395243994736861,4.42615270614624,112100,0.0,0.0
2023-06-26 00:00:00-04:00,4.44469811468158,4.487970663851905,4.401425565511255,4.469425201416016,103400,0.0,0.0
2023-06-27 00:00:00-04:00,4.487970702306915,4.518879413604736,4.444698152765811,4.518879413604736,68400,0.0,0.0
2023-06-28 00:00:00-04:00,4.525060546200237,4.549787628848592,4.481788004180576,4.537424087524414,105300,0.0,0.0
2023-06-29 00:00:00-04:00,4.543674546180987,4.543674546180987,4.449926043150199,4.512424945831299,44700,0.08,0.0
2023-06-30 00:00:00-04:00,4.543674862253119,4.543674862253119,4.481175955224401,4.506175518035889,47700,0.0,0.0
2023-07-03 00:00:00-04:00,4.506175088530033,4.518674868744361,4.449925928556424,4.462425708770752,31900,0.0,0.0
2023-07-05 00:00:00-04:00,4.449926773144816,4.449926773144816,4.406177683100301,4.4124274253845215,50500,0.0,0.0
2023-07-06 00:00:00-04:00,4.37492786110411,4.399927425040383,4.262429823390882,4.312428951263428,94600,0.0,0.0
2023-07-07 00:00:00-04:00,4.30617767787388,4.38117664621944,4.30617767787388,4.331177234649658,62700,0.0,0.0
2023-07-10 00:00:00-04:00,4.37492662871386,4.406176223840536,4.343677033587185,4.39992618560791,44100,0.0,0.0
2023-07-11 00:00:00-04:00,4.393677234649658,4.424926537371562,4.38742719529431,4.393677234649658,40100,0.0,0.0
2023-07-12 00:00:00-04:00,4.4374260902404785,4.468675689376265,4.4124265301391565,4.4374260902404785,69000,0.0,0.0
2023-07-13 00:00:00-04:00,4.437426177149463,4.487425298331364,4.437426177149463,4.474925518035889,48100,0.0,0.0
2023-07-14 00:00:00-04:00,4.493675680755937,4.499925422371952,4.443676555754649,4.481175899505615,78200,0.0,0.0
2023-07-17 00:00:00-04:00,4.481174976420964,4.518674312447379,4.443675640394549,4.4936747550964355,134600,0.0,0.0
2023-07-18 00:00:00-04:00,4.499924616605568,4.556173771169067,4.406176423024059,4.543673992156982,515700,0.0,0.0
2023-07-19 00:00:00-04:00,4.581174850463867,4.637424023706027,4.5436755009752074,4.581174850463867,248800,0.0,0.0
2023-07-20 00:00:00-04:00,4.63742311612038,4.63742311612038,4.562424431820982,4.606173515319824,89400,0.0,0.0
2023-07-21 00:00:00-04:00,4.612424637894616,4.681173298971909,4.612424637894616,4.668673515319824,121400,0.0,0.0
2023-07-24 00:00:00-04:00,4.649923066984907,4.712421972854672,4.649923066984907,4.6811723709106445,124400,0.0,0.0
2023-07-25 00:00:00-04:00,4.674922917054517,4.774921172600611,4.674922917054517,4.73117208480835,172000,0.0,0.0
2023-07-26 00:00:00-04:00,4.724921137333513,4.774920255503457,4.662422239621082,4.687421798706055,150200,0.0,0.0
2023-07-27 00:00:00-04:00,4.70617146580488,4.743670803227368,4.618672713800835,4.624922752380371,156200,0.0,0.0
2023-07-28 00:00:00-04:00,4.656513164881098,4.732331489924084,4.5743764954469075,4.650195121765137,159300,0.08,0.0
2023-07-31 00:00:00-04:00,4.6881046251397835,4.713377401991593,4.580695172881957,4.599649906158447,130100,0.0,0.0
2023-08-01 00:00:00-04:00,4.593332640623257,4.593332640623257,4.523832337312357,4.542787075042725,95000,0.0,0.0
2023-08-02 00:00:00-04:00,4.530149367411531,4.555422142858786,4.473285472017584,4.485921859741211,68800,0.0,0.0
2023-08-03 00:00:00-04:00,4.4796046182979925,4.498559052638365,4.378513197139902,4.416422367095947,90800,0.0,0.0
2023-08-04 00:00:00-04:00,4.429057198142702,4.504875506210936,4.422738855166094,4.454329967498779,79100,0.0,0.0
2023-08-07 00:00:00-04:00,4.473286516200606,4.4859229068739,4.429059299481735,4.441695690155029,53600,0.0,0.0
2023-08-08 00:00:00-04:00,4.448013438779217,4.51751373349382,4.448013438779217,4.49855899810791,88800,0.0,0.0
2023-08-09 00:00:00-04:00,4.498558882671938,4.504877228063541,4.460649714148192,4.466968059539795,59100,0.0,0.0
2023-08-10 00:00:00-04:00,4.454332287984588,4.511195898021291,4.4290595054626465,4.4290595054626465,46700,0.0,0.0
2023-08-11 00:00:00-04:00,4.435375925121425,4.435375925121425,4.315330101495071,4.340602874755859,140200,0.0,0.0
2023-08-14 00:00:00-04:00,4.384830881628838,4.384830881628838,4.315330596550968,4.35955810546875,91500,0.0,0.0
2023-08-15 00:00:00-04:00,4.378513412073648,4.378513412073648,4.290058677834115,4.31533145904541,41700,0.0,0.0
2023-08-16 00:00:00-04:00,4.315331052142684,4.353240220385082,4.2331943703131785,4.2521491050720215,74400,0.0,0.0
2023-08-17 00:00:00-04:00,4.252149660090536,4.2774224422175715,4.17001296754001,4.188967704772949,123800,0.0,0.0
2023-08-18 00:00:00-04:00,4.182649674612231,4.207922458648682,4.113149669149665,4.207922458648682,177000,0.0,0.0
2023-08-21 00:00:00-04:00,4.207921783082758,4.207921783082758,4.125785398788652,4.132103443145752,139200,0.0,0.0
2023-08-22 00:00:00-04:00,4.188967348736157,4.188967348736157,4.113149008799152,4.132103443145752,80900,0.0,0.0
2023-08-23 00:00:00-04:00,4.125786061167891,4.207922458648682,4.125786061167891,4.207922458648682,91100,0.0,0.0
2023-08-24 00:00:00-04:00,4.214238974149707,4.233193403303406,4.151057041512011,4.163693428039551,102200,0.0,0.0
2023-08-25 00:00:00-04:00,4.195284773469231,4.195284773469231,4.14473922097657,4.1700119972229,167400,0.0,0.0
2023-08-28 00:00:00-04:00,4.1636949697406935,4.214240534566474,4.138422187327802,4.195285797119141,532200,0.0,0.0
2023-08-29 00:00:00-04:00,4.188966667228898,4.239512218963594,4.188966667228898,4.233193874359131,295800,0.0,0.0
2023-08-30 00:00:00-04:00,4.226801059503151,4.2907465503221385,4.214011961339353,4.2459845542907715,155600,0.08,0.0
2023-08-31 00:00:00-04:00,4.2459847296717035,4.265168530167865,4.156461038827333,4.220406532287598,141600,0.0,0.0
2023-09-01 00:00:00-04:00,4.220406075954783,4.239589874376689,4.1820387840271,4.1820387840271,99000,0.0,0.0
2023-09-05 00:00:00-04:00,4.194827263473948,4.20761635889945,4.12448708617564,4.1308817863464355,83700,0.0,0.0
2023-09-06 00:00:00-04:00,4.150065323076193,4.162854723559695,4.0029908765090045,4.015779972076416,158900,0.0,0.0
2023-09-07 00:00:00-04:00,4.015780209216036,4.028569305538669,3.9774126153320304,3.990201711654663,89700,0.0,0.0
2023-09-08 00:00:00-04:00,4.0285693387666015,4.130882110191545,3.9965964452382514,4.118093013763428,106200,0.0,0.0
2023-09-11 00:00:00-04:00,4.118093013763428,4.130882110191545,4.086120120235077,4.118093013763428,73000,0.0,0.0
2023-09-12 00:00:00-04:00,4.0733297700532365,4.143669931215536,4.0733297700532365,4.092513561248779,63700,0.0,0.0
2023-09-13 00:00:00-04:00,4.098909216663195,4.162855003719896,4.0925148209071915,4.118093013763428,98400,0.0,0.0
2023-09-14 00:00:00-04:00,4.124487714086925,4.182038804721297,4.1116986167144125,4.14367151260376,71700,0.0,0.0
2023-09-15 00:00:00-04:00,4.137276488168971,4.18203847793309,4.137276488168971,4.156460285186768,94600,0.0,0.0
2023-09-18 00:00:00-04:00,4.156460589408645,4.220406075954783,4.150065888295965,4.1820387840271,127200,0.0,0.0
2023-09-19 00:00:00-04:00,4.194827574306251,4.239589564070369,4.156460285186768,4.156460285186768,82300,0.0,0.0
2023-09-20 00:00:00-04:00,4.169249381559928,4.214011371324047,4.156460285186768,4.156460285186768,74300,0.0,0.0
2023-09-21 00:00:00-04:00,4.156459665370244,4.175643459527329,4.092514193040069,4.1053032875061035,121600,0.0,0.0
2023-09-22 00:00:00-04:00,4.1053032875061035,4.1436705709042085,4.092514193040069,4.1053032875061035,53000,0.0,0.0
2023-09-25 00:00:00-04:00,4.0541462837737114,4.143669931215536,4.041357191282022,4.092513561248779,142900,0.0,0.0
2023-09-26 00:00:00-04:00,4.092514545480886,4.092514545480886,4.015779972076416,4.015779972076416,143000,0.0,0.0
2023-09-27 00:00:00-04:00,4.041358089739861,4.0605415802841796,3.964623212814331,3.964623212814331,131500,0.0,0.0
2023-09-28 00:00:00-04:00,3.9711016949060127,4.048839336021157,3.932232874348441,4.016448497772217,95700,0.08,0.0
2023-09-29 00:00:00-04:00,4.042361542461074,4.09418695181993,4.0099710091265,4.022927284240723,29900,0.0,0.0
2023-10-02 00:00:00-04:00,3.9646226633929613,4.016447747792576,3.8415379334929414,3.867450475692749,243600,0.0,0.0
2023-10-03 00:00:00-04:00,3.873928863789235,3.880406845052288,3.6860627736325533,3.7378878593444824,138400,0.0,0.0
2023-10-04 00:00:00-04:00,3.7378878593444824,3.7573224209373945,3.673106502204571,3.7378878593444824,81900,0.0,0.0
2023-10-05 00:00:00-04:00,3.724931587798049,3.796191235100624,3.711975316370479,3.7702786922454834,59500,0.0,0.0
2023-10-06 00:00:00-04:00,3.7573231093652666,3.8221044783746128,3.724932270409627,3.796191930770874,78700,0.0,0.0
2023-10-09 00:00:00-04:00,3.783235904783059,3.9581457670164153,3.7702796301325123,3.8804078102111816,120200,0.0,0.0
2023-10-10 00:00:00-04:00,3.906320668414229,3.945189492365869,3.8739298273368856,3.8804078102111816,49800,0.0,0.0
2023-10-11 00:00:00-04:00,4.0034929058625455,4.0034929058625455,3.8868864243371437,3.958146095275879,76600,0.0,0.0
2023-10-12 00:00:00-04:00,3.96462340995833,4.0099705217980945,3.8804074774995923,3.906320333480835,62100,0.0,0.0
2023-10-13 00:00:00-04:00,3.919277023553814,3.9646238313110245,3.789713965485596,3.8026702404022217,144200,0.0,0.0
2023-10-16 00:00:00-04:00,3.835060317635998,3.8868854069713112,3.835060317635998,3.854494571685791,131400,0.0,0.0
2023-10-17 00:00:00-04:00,3.8480169277376075,3.8868857481508856,3.7054976106536635,3.718453884124756,537700,0.0,0.0
2023-10-18 00:00:00-04:00,3.724931017279877,3.770278114781856,3.6212808617345877,3.6990184783935547,155300,0.0,0.0
2023-10-19 00:00:00-04:00,3.6601507374789284,3.6731070107005457,3.4981971677577537,3.5046751499176025,147300,0.0,0.0
2023-10-20 00:00:00-04:00,3.511152983091722,3.5305872359387767,3.472284168495732,3.478762149810791,71500,0.0,0.0
2023-10-23 00:00:00-04:00,3.4658060929836876,3.4658060929836876,3.355677623688376,3.3621559143066406,154100,0.0,0.0
2023-10-24 00:00:00-04:00,3.355677405405228,3.394546219880747,3.3297648624215492,3.336243152618408,89400,0.0,0.0
2023-10-25 00:00:00-04:00,3.342721565468057,3.45932833285075,3.342721565468057,3.388068675994873,147100,0.0,0.0
2023-10-26 00:00:00-04:00,3.3880682882264743,3.478762189998164,3.3880682882264743,3.4269371032714844,78300,0.0,0.0
2023-10-27 00:00:00-04:00,3.4334161620562744,3.4463724366379154,3.3362439482429926,3.375112771987915,109600,0.0,0.0
2023-10-30 00:00:00-04:00,3.3948498591571235,3.4080081797848987,3.348795893819465,3.4014291763305664,71500,0.08,0.0
2023-10-31 00:00:00-04:00,3.388270474195565,3.4869580246515666,3.388270474195565,3.473799705505371,91800,0.0,0.0
2023-11-01 00:00:00-04:00,3.4738011173363303,3.585646718676023,3.467221798229712,3.552751064300537,112500,0.0,0.0
2023-11-02 00:00:00-04:00,3.5790662974682683,3.7501244482228984,3.559328661675503,3.7106494903564453,287800,0.0,0.0
2023-11-03 00:00:00-04:00,3.789598956034343,3.855390539218478,3.7303863743091146,3.829073905944824,157200,0.0,0.0
2023-11-06 00:00:00-05:00,3.8290746776748823,3.8422329969637,3.7040704875715753,3.7106494903564453,93300,0.0,0.0
2023-11-07 00:00:00-05:00,3.697491026451741,3.789599571590003,3.6843327076775703,3.769861936569214,67200,0.0,0.0
2023-11-08 00:00:00-05:00,3.7698618506506625,3.7698618506506625,3.7172285767535387,3.750124216079712,58600,0.0,0.0
2023-11-09 00:00:00-05:00,3.7567035203648733,3.783020157230693,3.6843326121243414,3.697490930557251,84400,0.0,0.0
2023-11-10 00:00:00-05:00,3.7369669325143975,3.743546250433132,3.6645963177231926,3.690912961959839,67800,0.0,0.0
2023-11-13 00:00:00-05:00,3.6514376788497707,3.736966608339831,3.565908435640592,3.684333324432373,231400,0.0,0.0
2023-11-14 00:00:00-05:00,3.7501248666374365,3.9738166332244873,3.710649904366624,3.9738166332244873,207700,0.0,0.0
2023-11-15 00:00:00-05:00,4.000133030430533,4.006712347266727,3.8422331909910037,3.9343414306640625,157600,0.0,0.0
2023-11-16 00:00:00-05:00,3.9672370634925223,3.9672370634925223,3.8751285176207864,3.9277617931365967,121300,0.0,0.0
2023-11-17 00:00:00-05:00,3.9672373888413026,3.9672373888413026,3.8948664722124704,3.9474997520446777,75700,0.0,0.0
2023-11-20 00:00:00-05:00,3.9474983519804026,4.013289928436279,3.927760722184148,4.013289928436279,195200,0.0,0.0
2023-11-21 00:00:00-05:00,4.013290400732508,4.039607034411881,3.9672364486531166,4.000132083892822,97900,0.0,0.0
2023-11-22 00:00:00-05:00,4.019869716011861,4.046186349691234,3.9540781318134304,4.000132083892822,151100,0.0,0.0
2023-11-24 00:00:00-05:00,4.0198702785198215,4.033028597200776,3.97381600627695,4.006711959838867,74800,0.0,0.0
2023-11-27 00:00:00-05:00,4.033028597200776,4.039607599681721,3.986974324957904,4.006711959838867,154000,0.0,0.0
2023-11-28 00:00:00-05:00,4.019870515792075,4.019870515792075,3.980395557419209,3.993553876876831,146000,0.0,0.0
2023-11-29 00:00:00-05:00,4.020221937392931,4.0535569190979,3.9935535069563857,4.0535569190979,182100,0.08,0.0
2023-11-30 00:00:00-05:00,4.06022383733276,4.06022383733276,4.000220429164428,4.046889781951904,132800,0.0,0.0
2023-12-01 00:00:00-05:00,4.046890049920497,4.073558162448064,4.026888806570334,4.0535569190979,589000,0.0,0.0
2023-12-04 00:00:00-05:00,4.046891167949093,4.113561467686915,4.046891167949093,4.093560218811035,194700,0.0,0.0
2023-12-05 00:00:00-05:00,4.100226750383345,4.100226750383345,4.0335564613342285,4.0335564613342285,153900,0.0,0.0
2023-12-06 00:00:00-05:00,4.033555336312507,4.066890312584912,4.000220042131177,4.013554096221924,221300,0.0,0.0
2023-12-07 00:00:00-05:00,4.020221937392931,4.0535569190979,4.000220694042767,4.0535569190979,88500,0.0,0.0
2023-12-08 00:00:00-05:00,4.0802249814390725,4.0802249814390725,4.046890000144121,4.0602240562438965,157200,0.0,0.0
2023-12-11 00:00:00-05:00,4.066891193389893,4.086892437812334,4.046890266876446,4.066891193389893,95200,0.0,0.0
2023-12-12 00:00:00-05:00,4.066891193389893,4.086892437812334,4.040223079432634,4.066891193389893,98700,0.0,0.0
2023-12-13 00:00:00-05:00,4.040224658717051,4.120229031861756,4.040224658717051,4.0868940353393555,356300,0.0,0.0
2023-12-14 00:00:00-05:00,4.166896011576255,4.280235633956559,4.160228825361443,4.2335662841796875,607400,0.0,0.0
2023-12-15 00:00:00-05:00,4.273569938809332,4.3002380571553305,4.173564653966362,4.206899642944336,370000,0.0,0.0
2023-12-18 00:00:00-05:00,4.213566136228917,4.22690019320174,4.1602295904286315,4.1935648918151855,213300,0.0,0.0
2023-12-19 00:00:00-05:00,4.260235083456125,4.260235083456125,4.2068988567319465,4.226900100708008,248700,0.0,0.0
2023-12-20 00:00:00-05:00,4.233567761290335,4.260235879636332,4.180231524598338,4.206899642944336,284800,0.0,0.0
2023-12-21 00:00:00-05:00,4.253569009004357,4.253569009004357,4.186898713139361,4.206899642944336,388900,0.0,0.0
2023-12-22 00:00:00-05:00,4.220232913412992,4.240234157389052,4.200231987345918,4.226900100708008,199500,0.0,0.0
2023-12-26 00:00:00-05:00,4.28023585545292,4.28023585545292,4.233566503260974,4.24690055847168,366300,0.0,0.0
2023-12-27 00:00:00-05:00,4.253568864862839,4.280236982305129,4.240234806141694,4.266902923583984,340500,0.0,0.0
2023-12-28 00:00:00-05:00,4.253398703874292,4.273652802520812,4.219641443552633,4.233144283294678,222500,0.08,0.0
2023-12-29 00:00:00-05:00,4.185884931537693,4.219642197894107,4.118370720758017,4.138625144958496,391500,0.0,0.0
2024-01-02 00:00:00-05:00,4.091365537824715,4.13187406925666,4.05760858926469,4.084614276885986,200000,0.0,0.0
2024-01-03 00:00:00-05:00,4.0846148189181495,4.098117664520638,3.9360831953575444,4.0508575439453125,371800,0.0,0.0
2024-01-04 00:00:00-05:00,4.044105423520851,4.098117120696635,4.0373541625821225,4.084614276885986,127400,0.0,0.0
2024-01-05 00:00:00-05:00,4.084613832634169,4.1183707775227125,4.064359408154518,4.104867935180664,177700,0.0,0.0
2024-01-08 00:00:00-05:00,4.111619460646626,4.152127987114431,4.111619460646626,4.138625144958496,224300,0.0,0.0
2024-01-09 00:00:00-05:00,4.125122302802561,4.145376405069888,4.125122302802561,4.138625144958496,194800,0.0,0.0
2024-01-10 00:00:00-05:00,4.138624712136796,4.152127552880589,4.111619030649208,4.13187313079834,170100,0.0,0.0
2024-01-11 00:00:00-05:00,4.13187313079834,4.138624712136796,4.0846133491616206,4.13187313079834,188200,0.0,0.0
2024-01-12 00:00:00-05:00,4.152127552880589,4.158878812285928,4.118370290054546,4.13187313079834,210100,0.0,0.0
2024-01-16 00:00:00-05:00,4.131872413370758,4.158878090169281,4.050855382975189,4.1453752517700195,185600,0.0,0.0
2024-01-17 00:00:00-05:00,4.111619030649208,4.13187313079834,4.091364608566958,4.13187313079834,178900,0.0,0.0
2024-01-18 00:00:00-05:00,4.152128480623342,4.152128480623342,4.091365522732965,4.11161994934082,266300,0.0,0.0
2024-01-19 00:00:00-05:00,4.131873807660954,4.145376650616715,4.050856749926387,4.125122547149658,236900,0.0,0.0
2024-01-22 00:00:00-05:00,4.152128480623342,4.158879741537167,4.09811710557998,4.11161994934082,129700,0.0,0.0
2024-01-23 00:00:00-05:00,4.125121155137657,4.15212683193618,4.104866736572235,4.1453752517700195,200000,0.0,0.0
2024-01-24 00:00:00-05:00,4.145375685058316,4.179132945551421,4.131872845247694,4.152127265930176,299400,0.0,0.0
2024-01-25 00:00:00-05:00,4.179134183610299,4.1858854445491085,4.145376913116681,4.15887975692749,291500,0.0,0.0
2024-01-26 00:00:00-05:00,4.185885630134618,4.2061400577154275,4.179134368896484,4.179134368896484,401000,0.0,0.0
2024-01-29 00:00:00-05:00,4.212890625,4.2196422070592075,4.17238209844421,4.212890625,471700,0.0,0.0
2024-01-30 00:00:00-05:00,4.178694760312231,4.219729366045978,4.123981952667236,4.123981952667236,255900,0.08,0.0
2024-01-31 00:00:00-05:00,4.123982538725337,4.158177885305922,4.076108662175593,4.096625804901123,307700,0.0,0.0
2024-02-01 00:00:00-05:00,4.130822401323568,4.178696288578792,4.048753159841049,4.165018081665039,260300,0.0,0.0
2024-02-02 00:00:00-05:00,4.130820844401354,4.199211853193287,4.117142642642968,4.171855449676514,179000,0.0,0.0
2024-02-05 00:00:00-05:00,4.158177796186076,4.158177796186076,4.007717557005201,4.055591106414795,448800,0.0,0.0
2024-02-06 00:00:00-05:00,4.055592115581699,4.076109589087027,3.9872010807542337,4.000879287719727,375200,0.0,0.0
2024-02-07 00:00:00-05:00,3.9872004227859,4.007717892905433,3.7888662914582882,3.795705556869507,543600,0.0,0.0
2024-02-08 00:00:00-05:00,3.8299022173991193,3.905132532119751,3.8025457986123867,3.905132532119751,235600,0.0,0.0
2024-02-09 00:00:00-05:00,3.9119718496596922,3.9393285971893635,3.8572590068288846,3.8914546966552734,444900,0.0,0.0
2024-02-12 00:00:00-05:00,3.9051312687709476,3.994039764122163,3.898292003229717,3.9872004985809326,278500,0.0,0.0
2024-02-13 00:00:00-05:00,3.92564853424657,3.92564853424657,3.8367403622672582,3.8504185676574707,318100,0.0,0.0
2024-02-14 00:00:00-05:00,3.870935996210762,3.911970615386963,3.8162231706424943,3.911970615386963,158200,0.0,0.0
2024-02-15 00:00:00-05:00,3.9461661991155914,4.035074701573772,3.9393272591418156,4.02823543548584,157800,0.0,0.0
2024-02-16 00:00:00-05:00,4.021395899820748,4.0761087159629446,3.9735220226392713,4.048752307891846,129700,0.0,0.0
2024-02-20 00:00:00-05:00,4.07610880205373,4.089787006378174,4.014556719536674,4.089787006378174,232500,0.0,0.0
2024-02-21 00:00:00-05:00,4.082947741158894,4.103465210702618,4.055591332510006,4.089787006378174,109600,0.0,0.0
2024-02-22 00:00:00-05:00,4.089786747228837,4.130821357602012,4.062430340313388,4.117143154144287,194600,0.0,0.0
2024-02-23 00:00:00-05:00,4.11030477391845,4.178695800499011,4.0897873028872125,4.158178329467773,178700,0.0,0.0
2024-02-26 00:00:00-05:00,4.151339654038534,4.185535006447776,4.110305035478946,4.13082218170166,240800,0.0,0.0
2024-02-27 00:00:00-05:00,4.151339921732566,4.158178862209752,4.076109619798444,4.103466033935547,274000,0.0,0.0
2024-02-28 00:00:00-05:00,4.110396779546888,4.1242598250057565,4.075739331160254,4.08267068862915,227700,0.08,0.0
2024-02-29 00:00:00-05:00,4.09653385698097,4.158917728677885,4.075739453429388,4.124259948730469,168300,0.0,0.0
2024-03-01 00:00:00-05:00,4.1519856452941895,4.1658490203705085,4.096533467073127,4.1519856452941895,179100,0.0,0.0
2024-03-04 00:00:00-05:00,4.179712462750552,4.179712462750552,4.11039690285572,4.124259948730469,159600,0.0,0.0
2024-03-05 00:00:00-05:00,4.124259556183658,4.172780377387615,4.124259556183658,4.1519856452941895,104500,0.0,0.0
2024-03-06 00:00:00-05:00,4.165849765003339,4.214370264359132,4.158918076226161,4.193575859069824,180700,0.0,0.0
2024-03-07 00:00:00-05:00,4.228233194060505,4.318343162536621,4.228233194060505,4.318343162536621,480000,0.0,0.0
2024-03-08 00:00:00-05:00,4.332204202468291,4.415382443830654,4.290615081787109,4.290615081787109,392400,0.0,0.0
2024-03-11 00:00:00-04:00,4.290616257975326,4.373794522139377,4.290616257975326,4.339137077331543,270000,0.0,0.0
2024-03-12 00:00:00-04:00,4.33220546529213,4.387657642364502,4.311410733629467,4.387657642364502,175900,0.0,0.0
2024-03-13 00:00:00-04:00,4.387658159998514,4.450042031825193,4.373795114094928,4.4015212059021,224700,0.0,0.0
2024-03-14 00:00:00-04:00,4.429247215081097,4.429247215081097,4.332205895566314,4.373795032501221,345600,0.0,0.0
2024-03-15 00:00:00-04:00,4.373794723799747,4.463904679392645,4.353000322060498,4.42924690246582,270500,0.0,0.0
2024-03-18 00:00:00-04:00,4.450042536663068,4.540152510519501,4.422316441710491,4.526289463043213,324700,0.0,0.0
2024-03-19 00:00:00-04:00,4.5054939325701975,4.602535247802734,4.484699199759835,4.602535247802734,242400,0.0,0.0
2024-03-20 00:00:00-04:00,4.595604306581033,4.748097815751497,4.574809571888149,4.720371723175049,366200,0.0,0.0
2024-03-21 00:00:00-04:00,4.713441296571406,4.755030443653245,4.651057410688066,4.685715198516846,229200,0.0,0.0
2024-03-22 00:00:00-04:00,4.699577331542969,4.720371735770242,4.664919550469385,4.699577331542969,193100,0.0,0.0
2024-03-25 00:00:00-04:00,4.699577209274707,4.859002403127474,4.699577209274707,4.845139026641846,431600,0.0,0.0
2024-03-26 00:00:00-04:00,4.865934835871484,4.865934835871484,4.685715198516846,4.685715198516846,361800,0.0,0.0
2024-03-27 00:00:00-04:00,4.713771568181018,4.826004455516336,4.713771568181018,4.8189897537231445,292400,0.08,0.0
2024-03-28 00:00:00-04:00,4.818989668070854,4.910178782885203,4.811975300881727,4.847047805786133,220600,0.0,0.0
2024-04-01 00:00:00-04:00,4.910179132743328,4.910179132743328,4.776902801859908,4.889135360717773,462500,0.0,0.0
2024-04-02 00:00:00-04:00,4.854063281989524,4.910179566374234,4.8189904370093615,4.903164863586426,235300,0.0,0.0
2024-04-03 00:00:00-04:00,4.875106721394071,4.945252411354397,4.861077650297894,4.903164863586426,193000,0.0,0.0
2024-04-04 00:00:00-04:00,4.924207748704412,4.931222450226143,4.685713248635624,4.699742317199707,444500,0.0,0.0
2024-04-05 00:00:00-04:00,4.699742157078222,4.8119750362464595,4.685713088992113,4.776902198791504,284800,0.0,0.0
2024-04-08 00:00:00-04:00,4.783918521162912,4.8119766668429715,4.706758453303007,4.741831302642822,149200,0.0,0.0
2024-04-09 00:00:00-04:00,4.741831072011841,4.811976432800293,4.713772593216996,4.811976432800293,227400,0.0,0.0
2024-04-10 00:00:00-04:00,4.734815906795002,4.76287404837321,4.5664670573257515,4.6155686378479,278100,0.0,0.0
2024-04-11 00:00:00-04:00,4.66467080476215,4.692728947855622,4.58751074401538,4.685714244842529,195400,0.0,0.0
2024-04-12 00:00:00-04:00,4.68571399587868,4.706757769320398,4.580496132108379,4.636612415313721,163100,0.0,0.0
2024-04-15 00:00:00-04:00,4.685713991793421,4.685713991793421,4.531394213113275,4.6155686378479,254200,0.0,0.0
2024-04-16 00:00:00-04:00,4.615568297775552,4.629597367531003,4.531393879242849,4.59452486038208,179600,0.0,0.0
2024-04-17 00:00:00-04:00,4.615568593225919,4.67168487583982,4.587510451918969,4.6295976638793945,123700,0.0,0.0
2024-04-18 00:00:00-04:00,4.6646698203214685,4.734815163251541,4.629596981616743,4.720786094665527,195500,0.0,0.0
2024-04-19 00:00:00-04:00,4.720786044689638,4.720786044689638,4.559451590418723,4.713771343231201,307700,0.0,0.0
2024-04-22 00:00:00-04:00,4.713772482576643,4.734816257558977,4.664670898416958,4.678699970245361,201800,0.0,0.0
2024-04-23 00:00:00-04:00,4.699742755612533,4.748844667406956,4.699742755612533,4.73481559753418,194300,0.0,0.0
2024-04-24 00:00:00-04:00,4.741829864784239,4.755858933370253,4.692727957493498,4.720786094665527,165400,0.0,0.0
2024-04-25 00:00:00-04:00,4.699742274793703,4.720786044689638,4.657655069481209,4.713771343231201,160200,0.0,0.0
2024-04-26 00:00:00-04:00,4.734816598983067,4.762874744663127,4.713772822483282,4.741831302642822,323100,0.0,0.0
2024-04-29 00:00:00-04:00,4.756027432647132,4.791520311086286,4.727633265289879,4.741830348968506,164700,0.08,0.0
2024-04-30 00:00:00-04:00,4.727633118072381,4.763125995406294,4.692140579223633,4.692140579223633,130100,0.0,0.0
2024-05-01 00:00:00-04:00,4.699238237256846,4.862504838901002,4.699238237256846,4.805716514587402,227400,0.0,0.0
2024-05-02 00:00:00-04:00,4.848308774576957,4.862505858632672,4.777323354298377,4.83411169052124,134500,0.0,0.0
2024-05-03 00:00:00-04:00,4.87670162431116,4.905095784746457,4.812814932574285,4.890898704528809,200700,0.0,0.0
2024-05-06 00:00:00-04:00,4.919294117064131,5.068363666534424,4.905097033232921,5.068363666534424,331900,0.0,0.0
2024-05-07 00:00:00-04:00,5.061264220454506,5.103855462915267,5.00447589717349,5.0115742683410645,207700,0.0,0.0
2024-05-08 00:00:00-04:00,4.990279940061225,5.047068276129801,4.976082856044082,5.004477024078369,189900,0.0,0.0
2024-05-09 00:00:00-04:00,5.011575130180029,5.061265090838637,4.947688086259699,4.990279674530029,257600,0.0,0.0
2024-05-10 00:00:00-04:00,5.025773525238037,5.061266411899057,4.9902809770622705,5.025773525238037,150600,0.0,0.0
2024-05-13 00:00:00-04:00,5.0257724150407945,5.068363666534424,5.0257724150407945,5.068363666534424,154700,0.0,0.0
2024-05-14 00:00:00-04:00,5.096757586347606,5.132250463442244,5.0612650477381305,5.089659214019775,181900,0.0,0.0
2024-05-15 00:00:00-04:00,5.110954761505127,5.139348928297975,5.0115751777301565,5.110954761505127,238100,0.0,0.0
2024-05-16 00:00:00-04:00,5.0754615371033145,5.1535456544853995,5.0186732111836605,5.032870292663574,386100,0.0,0.0
2024-05-17 00:00:00-04:00,5.068363364009576,5.09675752997718,5.025772115058169,5.061264991760254,164300,0.0,0.0
2024-05-20 00:00:00-04:00,5.103856389049499,5.125151844901551,5.07546222225665,5.110954761505127,221200,0.0,0.0
2024-05-21 00:00:00-04:00,5.146447427678099,5.153546138327081,5.089659096426862,5.125151634216309,185700,0.0,0.0
2024-05-22 00:00:00-04:00,5.1180536962155205,5.132250780232664,4.990279940061225,5.004477024078369,489000,0.0,0.0
2024-05-23 00:00:00-04:00,5.032870727450458,5.05416618226747,4.940589520616339,4.96188497543335,311200,0.0,0.0
2024-05-24 00:00:00-04:00,5.004477006203355,5.025772462910417,4.919294163919566,4.968984127044678,362100,0.0,0.0
2024-05-28 00:00:00-04:00,4.9973765702085,5.054164886474609,4.96188370329965,5.054164886474609,290200,0.0,0.0
2024-05-29 00:00:00-04:00,4.997377395629883,5.039968639864299,4.968983232806939,4.997377395629883,245100,0.0,0.0
2024-05-30 00:00:00-04:00,5.0115742683410645,5.06836259162208,4.968983025880303,5.0115742683410645,292100,0.0,0.0
2024-05-31 00:00:00-04:00,5.011574402351856,5.076193665917002,4.997214604044557,5.069013595581055,207900,0.08,0.0
2024-06-03 00:00:00-04:00,5.069013477938607,5.104913144055989,4.954135094146326,4.968494892120361,1045400,0.0,0.0
2024-06-04 00:00:00-04:00,5.004395954970189,5.033115903263429,4.968496618741878,4.99721622467041,235600,0.0,0.0
2024-06-05 00:00:00-04:00,5.025935649871826,5.033115722278126,4.99003597256972,5.025935649871826,219100,0.0,0.0
2024-06-06 00:00:00-04:00,5.018754177113064,5.040294045957128,4.946955184907185,4.990034580230713,282300,0.0,0.0
2024-06-07 00:00:00-04:00,4.968495053751249,5.004394378671888,4.961314983348361,4.990034580230713,113200,0.0,0.0
2024-06-10 00:00:00-04:00,4.982855004113822,5.03311447137259,4.968495205234833,5.00439453125,150800,0.0,0.0
2024-06-11 00:00:00-04:00,4.990035048689119,5.011574919555319,4.954135720398295,4.982855319976807,149100,0.0,0.0
2024-06-12 00:00:00-04:00,5.047474116360016,5.061833914801192,4.975674781789537,4.990034580230713,199400,0.0,0.0
2024-06-13 00:00:00-04:00,4.997216044976019,5.033115722278126,4.99003597256972,5.025935649871826,118700,0.0,0.0
2024-06-14 00:00:00-04:00,5.018753978695827,5.07619351255425,5.018753978695827,5.054653644561768,162700,0.0,0.0
2024-06-17 00:00:00-04:00,5.07619351255425,5.083373240308686,5.004394180822368,5.054653644561768,216300,0.0,0.0
2024-06-18 00:00:00-04:00,5.054655436527473,5.069015239491739,4.990036152005923,4.99721622467041,254500,0.0,0.0
2024-06-20 00:00:00-04:00,5.025934493202145,5.126453087204095,4.9972148949158735,5.0905537605285645,349600,0.0,0.0
2024-06-21 00:00:00-04:00,5.112092836055604,5.126452633929063,5.054653644561768,5.054653644561768,335600,0.0,0.0
2024-06-24 00:00:00-04:00,5.083374173945938,5.147993447427087,5.061834644361988,5.097733974456787,200900,0.0,0.0
2024-06-25 00:00:00-04:00,5.126452933824226,5.169532329964729,5.076193809509277,5.076193809509277,177500,0.0,0.0
2024-06-26 00:00:00-04:00,5.07619424737225,5.169532775878906,5.07619424737225,5.169532775878906,184500,0.0,0.0
2024-06-27 00:00:00-04:00,5.169532661401004,5.169532661401004,5.0331147360588355,5.061834335327148,312800,0.0,0.0
2024-06-28 00:00:00-04:00,5.090883598674935,5.119932834494673,5.018260162831385,5.047309398651123,322200,0.08,0.0
2024-07-01 00:00:00-04:00,5.047308908095642,5.090883103884413,4.9456365926082455,4.960161209106445,308800,0.0,0.0
2024-07-02 00:00:00-04:00,4.960161209106445,5.032784291597443,4.952899074004432,4.960161209106445,1323000,0.0,0.0
2024-07-03 00:00:00-04:00,5.0109976153390825,5.054571465488827,4.97468590040054,5.025522232055664,145900,0.0,0.0
2024-07-05 00:00:00-04:00,5.0109976153390825,5.061833600700028,4.97468590040054,5.025522232055664,297700,0.0,0.0
2024-07-08 00:00:00-04:00,5.047310259452368,5.083621983566982,5.003736398291392,5.040048122406006,326800,0.0,0.0
2024-07-09 00:00:00-04:00,5.025523183682901,5.134458002832121,5.010998564215954,5.06909704208374,463700,0.0,0.0
2024-07-10 00:00:00-04:00,5.098146599133023,5.127195839879537,5.076359495426004,5.083621978759766,447600,0.0,0.0
2024-07-11 00:00:00-04:00,5.127195839879537,5.163507563959813,5.076359495426004,5.083621978759766,635500,0.0,0.0
2024-07-12 00:00:00-04:00,5.127195903036347,5.141720523588519,5.0908845248030525,5.105409145355225,405800,0.0,0.0
2024-07-15 00:00:00-04:00,5.1344581615354965,5.156244918262212,5.0836218186827375,5.098146438598633,578200,0.0,0.0
2024-07-16 00:00:00-04:00,5.112671272041828,5.214343615699368,5.112671272041828,5.192556858062744,585900,0.0,0.0
2024-07-17 00:00:00-04:00,5.163505970106982,5.228866568464228,5.163505970106982,5.185292720794678,274100,0.0,0.0
2024-07-18 00:00:00-04:00,5.185293834312142,5.19255631696373,5.083621501249536,5.127195358276367,428600,0.0,0.0
2024-07-19 00:00:00-04:00,5.105408828329449,5.134458067629949,5.076359242734701,5.090884208679199,373500,0.0,0.0
2024-07-22 00:00:00-04:00,5.1126700182427,5.1852931030456,5.083620784321541,5.178030967712402,346700,0.0,0.0
2024-07-23 00:00:00-04:00,5.170768960783698,5.20708067966581,5.025522777843679,5.134457588195801,2146800,0.0,0.0
2024-07-24 00:00:00-04:00,5.141719724195694,5.163506824783805,5.090883733313795,5.134457588195801,327300,0.0,0.0
2024-07-25 00:00:00-04:00,5.127195903036347,5.163507627563911,5.098146661932004,5.105409145355225,257200,0.0,0.0
2024-07-26 00:00:00-04:00,5.141719404458866,5.148981886301359,5.1126701696772825,5.119932651519775,393900,0.0,0.0
2024-07-29 00:00:00-04:00,5.141720135335846,5.1852939937020865,5.127195515880432,5.15624475479126,453200,0.0,0.0
2024-07-30 00:00:00-04:00,5.156244596294254,5.156244596294254,5.090883983901125,5.127195358276367,470300,0.0,0.0
2024-07-31 00:00:00-04:00,5.149233169442026,5.207997541374972,5.119850633212268,5.156578540802002,280500,0.08,0.0
2024-08-01 00:00:00-04:00,5.1859601544335625,5.1859601544335625,5.0904678854496375,5.097813606262207,331300,0.0,0.0
2024-08-02 00:00:00-04:00,5.068430254466476,5.090466711294815,5.0243569905466305,5.075775623321533,394200,0.0,0.0
2024-08-05 00:00:00-04:00,4.892138083515678,4.936211358561564,4.554242624567296,4.789300441741943,613100,0.0,0.0
2024-08-06 00:00:00-04:00,4.848064045987257,4.928865212661617,4.789299688501612,4.9068284034729,281900,0.0,0.0
2024-08-07 00:00:00-04:00,4.9582476127940165,4.980284422966694,4.892137532539201,4.928865432739258,255200,0.0,0.0
2024-08-08 00:00:00-04:00,4.950902417503703,4.972939230012546,4.92152023433408,4.958248138427734,188300,0.0,0.0
2024-08-09 00:00:00-04:00,4.958247497392625,5.017011856134424,4.928865318021725,5.002320766448975,162300,0.0,0.0
2024-08-12 00:00:00-04:00,5.009665946257162,5.009665946257162,4.914173698466565,4.9362101554870605,247100,0.0,0.0
2024-08-13 00:00:00-04:00,4.987630587845187,5.1345415115356445,4.921520497052846,5.1345415115356445,389800,0.0,0.0
2024-08-14 00:00:00-04:00,5.1712679238693005,5.1712679238693005,5.068430306990623,5.105157852172852,264200,0.0,0.0
2024-08-15 00:00:00-04:00,5.141887143333001,5.141887143333001,5.075777053691618,5.112504959106445,253500,0.0,0.0
2024-08-16 00:00:00-04:00,5.112504012094015,5.1639230000975465,5.083121833310054,5.149231910705566,442600,0.0,0.0
2024-08-19 00:00:00-04:00,5.156576835743776,5.1712679238693005,5.0978124832416745,5.105157852172852,409500,0.0,0.0
2024-08-20 00:00:00-04:00,5.105158013080156,5.127194821094597,5.039048289563192,5.061084747314453,298700,0.0,0.0
2024-08-21 00:00:00-04:00,5.083121555328894,5.083121555328894,5.002320392960183,5.061084747314453,522200,0.0,0.0
2024-08-22 00:00:00-04:00,5.068431330745426,5.07577670116027,5.017012336788559,5.03904914855957,351600,0.0,0.0
2024-08-23 00:00:00-04:00,5.0684317710065745,5.141887232851802,5.061086049690416,5.1345415115356445,415600,0.0,0.0
2024-08-26 00:00:00-04:00,5.141887664794922,5.171269852001258,5.112505477588586,5.141887664794922,399300,0.0,0.0
2024-08-27 00:00:00-04:00,5.149231960488854,5.200650598726306,5.127195151056229,5.178614139556885,376100,0.0,0.0
2024-08-28 00:00:00-04:00,5.178615573934492,5.200652039207593,5.105159755655352,5.141887664794922,400000,0.0,0.0
2024-08-29 00:00:00-04:00,5.149231910705566,5.171268369661937,5.097812922702034,5.149231910705566,535200,0.0,0.0
2024-08-30 00:00:00-04:00,5.149231521730098,5.171522723725799,5.097219307584521,5.141801357269287,645800,0.08,0.0
2024-09-03 00:00:00-04:00,5.097219326027886,5.164092223643686,5.097219326027886,5.119510173797607,375300,0.0,0.0
2024-09-04 00:00:00-04:00,5.112081074120582,5.149232612910735,5.060068494646317,5.089789867401123,381400,0.0,0.0
2024-09-05 00:00:00-04:00,5.0823579346294805,5.104648779293456,5.052636572206456,5.067497253417969,310200,0.0,0.0
2024-09-06 00:00:00-04:00,5.060068130493164,5.08978950110904,5.022916594376662,5.060068130493164,264900,0.0,0.0
2024-09-09 00:00:00-04:00,5.0600680541376715,5.119510794472443,5.0600680541376715,5.097219944000244,307100,0.0,0.0
2024-09-10 00:00:00-04:00,5.119509645248073,5.164091690491402,5.097218799779709,5.13437032699585,314000,0.0,0.0
2024-09-11 00:00:00-04:00,5.141800845023038,5.156661526770814,5.08978828175252,5.13437032699585,342600,0.0,0.0
2024-09-12 00:00:00-04:00,5.141800845023038,5.17152220851859,5.119509645248073,5.13437032699585,290500,0.0,0.0
2024-09-13 00:00:00-04:00,5.171523515546205,5.193814366648259,5.126941459035407,5.186384201049805,356200,0.0,0.0
2024-09-16 00:00:00-04:00,5.201245421917984,5.2161061089511955,5.156663360818352,5.1715240478515625,446700,0.0,0.0
2024-09-17 00:00:00-04:00,5.201244886553404,5.208675406458549,5.156662830042606,5.186384201049805,454800,0.0,0.0
2024-09-18 00:00:00-04:00,5.171522723725799,5.208674608949755,5.141801357269287,5.141801357269287,444200,0.0,0.0
2024-09-19 00:00:00-04:00,5.201244864647634,5.26811812628553,5.164092973891762,5.208675384521484,588500,0.0,0.0
2024-09-20 00:00:00-04:00,5.230966235529658,5.282978811726542,5.208675384521484,5.208675384521484,547800,0.0,0.0
2024-09-23 00:00:00-04:00,5.216106414794922,5.253258311709695,5.208676247996015,5.216106414794922,320000,0.0,0.0
2024-09-24 00:00:00-04:00,5.208675828429477,5.245827368044892,5.201245307922363,5.201245307922363,402900,0.0,0.0
2024-09-25 00:00:00-04:00,5.223535292178011,5.23096545663882,5.141801357269287,5.141801357269287,425400,0.0,0.0
2024-09-26 00:00:00-04:00,5.1715234820631775,5.193814333020909,5.156662796655794,5.178953647613525,344400,0.0,0.0
2024-09-27 00:00:00-04:00,5.193814277648926,5.208675317204562,5.1715234269288395,5.193814277648926,405000,0.0,0.0
2024-09-30 00:00:00-04:00,5.223879212463718,5.246428489685059,5.208846480452357,5.246428489685059,431400,0.08,0.0
2024-10-01 00:00:00-04:00,5.231396504651534,5.238912692526131,5.148716287579055,5.156232833862305,475800,0.0,0.0
2024-10-02 00:00:00-04:00,5.171264773037811,5.1862975048846645,5.141199309344105,5.148715496063232,333900,0.0,0.0
2024-10-03 00:00:00-04:00,5.141200091293959,5.156232825427213,5.066036062219037,5.07355260848999,528400,0.0,0.0
2024-10-04 00:00:00-04:00,5.096101445519337,5.126166911170066,5.066035621459986,5.088584899902344,471900,0.0,0.0
2024-10-07 00:00:00-04:00,5.088583992060962,5.103616722204375,5.028453071487308,5.035969257354736,392100,0.0,0.0
2024-10-08 00:00:00-04:00,5.035968661142074,5.0660341178694255,5.0134197478008184,5.058517932891846,355100,0.0,0.0
2024-10-09 00:00:00-04:00,5.051002782203804,5.081068605629632,5.035970049695198,5.043486595153809,255000,0.0,0.0
2024-10-10 00:00:00-04:00,5.028454093733758,5.081068839136161,5.028454093733758,5.066035747528076,263200,0.0,0.0
2024-10-11 00:00:00-04:00,5.073552293332118,5.088585026531572,5.051003014328622,5.066035747528076,221100,0.0,0.0
2024-10-14 00:00:00-04:00,5.073552293332118,5.088585026531572,5.066035747528076,5.066035747528076,239300,0.0,0.0
2024-10-15 00:00:00-04:00,5.066035291701242,5.171264773037811,5.058519104982115,5.148715496063232,253000,0.0,0.0
2024-10-16 00:00:00-04:00,5.178781016429638,5.261461221696418,5.171264829628259,5.246428489685059,356100,0.0,0.0
2024-10-17 00:00:00-04:00,5.246428651001401,5.2539448380338865,5.20133045358065,5.238912105560303,167700,0.0,0.0
2024-10-18 00:00:00-04:00,5.24642934859776,5.291527552015037,5.24642934859776,5.284011363983154,217600,0.0,0.0
2024-10-21 00:00:00-04:00,5.276493672994359,5.291526404205967,5.238911665761049,5.253944396972656,192900,0.0,0.0
2024-10-22 00:00:00-04:00,5.246429509988672,5.284011526530166,5.238912963316904,5.276494979858398,157100,0.0,0.0
2024-10-23 00:00:00-04:00,5.276493672994359,5.276493672994359,5.231395479359537,5.253944396972656,419100,0.0,0.0
2024-10-24 00:00:00-04:00,5.276494845063684,5.276494845063684,5.193814625829771,5.216363906860352,349500,0.0,0.0
2024-10-25 00:00:00-04:00,5.3441421900397055,5.3441421900397055,5.148716287579055,5.156232833862305,582600,0.0,0.0
2024-10-28 00:00:00-04:00,5.178782300519969,5.178782300519969,5.103618621826172,5.103618621826172,516500,0.0,0.0
2024-10-29 00:00:00-04:00,5.1036170929126765,5.14119910020531,4.960805966972686,4.990871429443359,751500,0.0,0.0
2024-10-30 00:00:00-04:00,4.998388767242432,5.035970422088681,4.968323300001976,4.998388767242432,644000,0.0,0.0
2024-10-31 00:00:00-04:00,4.990781215512763,5.013605069915042,4.891878451057656,4.975565433502197,458500,0.08,0.0
2024-11-01 00:00:00-04:00,4.975564967843562,4.9907807484300974,4.891877993231209,4.899486064910889,546100,0.0,0.0
2024-11-04 00:00:00-05:00,4.9070937218918065,4.9070937218918065,4.838622891363358,4.861446380615234,364200,0.0,0.0
2024-11-05 00:00:00-05:00,4.853838864838863,4.967957403955501,4.815799230875706,4.952741622924805,494700,0.0,0.0
2024-11-06 00:00:00-05:00,5.021210677645812,5.021210677645812,4.754934422538214,4.846229076385498,771200,0.0,0.0
2024-11-07 00:00:00-05:00,4.846230692900278,4.937525377199932,4.846230692900278,4.876662254333496,383800,0.0,0.0
2024-11-08 00:00:00-05:00,4.853837692749359,5.051642798383049,4.853837692749359,5.036427021026611,451500,0.0,0.0
2024-11-11 00:00:00-05:00,5.066858575739487,5.0820743530959245,4.97556391160086,5.036427021026611,346500,0.0,0.0
2024-11-12 00:00:00-05:00,4.99078020315299,5.021211761001203,4.9223090166081205,4.937524795532227,358100,0.0,0.0
2024-11-13 00:00:00-05:00,4.983171419929131,4.9907791263633845,4.762542491745174,4.846229076385498,872500,0.0,0.0
2024-11-14 00:00:00-05:00,4.8386226101586995,4.853838389699933,4.8005829799192155,4.815798759460449,364700,0.0,0.0
2024-11-15 00:00:00-05:00,4.815798714314738,4.9451330205891795,4.815798714314738,4.914701461791992,688600,0.0,0.0
2024-11-18 00:00:00-05:00,4.922309502341614,5.0059964760688205,4.891877941490415,4.998388767242432,419100,0.0,0.0
2024-11-19 00:00:00-05:00,4.990781063763434,5.082075753050929,4.952741791280068,5.0592522621154785,378300,0.0,0.0
2024-11-20 00:00:00-05:00,5.066859597771217,5.074467669370428,4.960349134792023,4.998388767242432,341200,0.0,0.0
2024-11-21 00:00:00-05:00,5.021212626859265,5.066859971503013,4.983173354375899,5.0592522621154785,238100,0.0,0.0
2024-11-22 00:00:00-05:00,5.066860292237637,5.150547277435024,5.051644509726555,5.142939567565918,482300,0.0,0.0
2024-11-25 00:00:00-05:00,5.173370214033701,5.19619370236148,5.112506732023078,5.120114803314209,406900,0.0,0.0
2024-11-26 00:00:00-05:00,5.135331153869629,5.150546935370181,5.089683809367974,5.135331153869629,325300,0.0,0.0
2024-11-27 00:00:00-05:00,5.158154991919206,5.249449680646628,5.142939210464635,5.211410045623779,565700,0.0,0.0
2024-11-29 00:00:00-05:00,5.2268045509359915,5.242200131482771,5.157524254945689,5.180617809295654,325900,0.08,0.0
2024-12-02 00:00:00-05:00,5.1267332427370444,5.1729199857186865,5.080546499755403,5.111337661743164,701200,0.0,0.0
2024-12-03 00:00:00-05:00,5.111336981296608,5.1806172700759365,5.111336981296608,5.165221691131592,291800,0.0,0.0
2024-12-04 00:00:00-05:00,5.157524905385951,5.226805210113525,5.134431715183186,5.226805210113525,323700,0.0,0.0
2024-12-05 00:00:00-05:00,5.2422017197141715,5.2652952810608005,5.2037129402160645,5.2037129402160645,388900,0.0,0.0
2024-12-06 00:00:00-05:00,5.24989894311842,5.311481275133473,5.226805385082948,5.272992134094238,509600,0.0,0.0
2024-12-09 00:00:00-05:00,5.28068977563453,5.31917854718343,5.249898611571557,5.296085357666016,312300,0.0,0.0
2024-12-10 00:00:00-05:00,5.29608553401435,5.380761054477222,5.280689951470224,5.3422722816467285,368600,0.0,0.0
2024-12-11 00:00:00-05:00,5.342272558633774,5.365365750117482,5.280690225264339,5.303783416748047,579400,0.0,0.0
2024-12-12 00:00:00-05:00,5.288387383120457,5.3268765217289875,5.234503029540071,5.296085357666016,455500,0.0,0.0
2024-12-13 00:00:00-05:00,5.265293035107671,5.296084192395823,5.234501877819519,5.257595062255859,433300,0.0,0.0
2024-12-16 00:00:00-05:00,5.234501635175228,5.288385974401922,5.057452305445667,5.095941066741943,1023000,0.0,0.0
2024-12-17 00:00:00-05:00,5.095942318408354,5.1575246452558865,5.026662384234691,5.049755573272705,474000,0.0,0.0
2024-12-18 00:00:00-05:00,5.057453120603182,5.142128629338662,4.926590503572506,4.941986083984375,531200,0.0,0.0
2024-12-19 00:00:00-05:00,4.995871512395065,5.0882453819043345,4.9419871528293005,4.9727783203125,371200,0.0,0.0
2024-12-20 00:00:00-05:00,4.965079690327538,5.080546736696471,4.934288526903772,5.049755573272705,771400,0.0,0.0
2024-12-23 00:00:00-05:00,5.05745408329538,5.072849666637816,5.011267333268075,5.065151691436768,329500,0.0,0.0
2024-12-24 00:00:00-05:00,5.057453336292919,5.119035660566748,5.049755362228887,5.103640079498291,459400,0.0,0.0
2024-12-26 00:00:00-05:00,5.095942105434259,5.134431241635205,5.065150943297344,5.103640079498291,454500,0.0,0.0
2024-12-27 00:00:00-05:00,5.10364013957551,5.1421289091699185,5.080546584171176,5.119035720825195,463400,0.0,0.0
2024-12-30 00:00:00-05:00,5.080546821779488,5.111337985718908,5.0343600758703575,5.057453632354736,579600,0.0,0.0
2024-12-31 00:00:00-05:00,5.06524508205849,5.1665500728798595,5.041866864336572,5.158757209777832,709200,0.08,0.0
2025-01-02 00:00:00-05:00,5.174343735148907,5.213307316306647,5.127587660710169,5.1977219581604,543400,0.0,0.0
2025-01-03 00:00:00-05:00,5.174343327912771,5.345782625612946,5.174343327912771,5.314611911773682,721600,0.0,0.0
2025-01-06 00:00:00-05:00,5.33019717900592,5.345782535663309,5.19772146162601,5.205513954162598,451700,0.0,0.0
2025-01-07 00:00:00-05:00,5.221099063014868,5.2522697748502125,5.073038367589075,5.135379791259766,601000,0.0,0.0
2025-01-08 00:00:00-05:00,5.104209835613118,5.1353805520664055,5.0340755378010975,5.088624477386475,422800,0.0,0.0
2025-01-10 00:00:00-05:00,5.080832146832336,5.088625012557359,5.010697841644287,5.010697841644287,569100,0.0,0.0
2025-01-13 00:00:00-05:00,5.026283201510044,5.026283201510044,4.909393188309016,5.010697841644287,389300,0.0,0.0
2025-01-14 00:00:00-05:00,5.088624742907206,5.104210101947082,5.034075800475504,5.049661159515381,425000,0.0,0.0
2025-01-15 00:00:00-05:00,5.135379762735368,5.150965118566472,5.041867256164551,5.041867256164551,447100,0.0,0.0
2025-01-16 00:00:00-05:00,5.049660147920469,5.143172283426504,5.049660147920469,5.135379791259766,426800,0.0,0.0
2025-01-17 00:00:00-05:00,5.135379363640078,5.158757209777832,5.119794009020189,5.158757209777832,460000,0.0,0.0
2025-01-21 00:00:00-05:00,5.197722065652222,5.291234216463582,5.166551348715102,5.236685276031494,635500,0.0,0.0
2025-01-22 00:00:00-05:00,5.21330760346886,5.236685456183816,5.135380808445224,5.150966167449951,471400,0.0,0.0
2025-01-23 00:00:00-05:00,5.150965539871301,5.174343389737968,5.1197948256595955,5.12758731842041,344500,0.0,0.0
2025-01-24 00:00:00-05:00,5.1431718551579415,5.19772078211964,5.096415791298271,5.158757209777832,521400,0.0,0.0
2025-01-27 00:00:00-05:00,5.1509652799720325,5.1821359926109745,5.112001703381251,5.166550636291504,567900,0.0,0.0
2025-01-28 00:00:00-05:00,5.174344146996176,5.2133077312551865,5.150966293708192,5.1821370124816895,473400,0.0,0.0
2025-01-29 00:00:00-05:00,5.189928746843821,5.314611975274865,5.08862411144789,5.12758731842041,1754400,0.0,0.0
2025-01-30 00:00:00-05:00,5.158758228271111,5.221099659058737,5.127587512877298,5.174343585968018,959100,0.0,0.0
2025-01-31 00:00:00-05:00,5.1822314854534275,5.237445277388302,5.134905216888215,5.174343585968018,880100,0.08,0.0
2025-02-03 00:00:00-05:00,5.127016572514846,5.24533241479602,5.079690310825516,5.1980061531066895,1260500,0.0,0.0
2025-02-04 00:00:00-05:00,5.190118988239208,5.229557733278346,5.0875785520300445,5.21378231048584,622700,0.0,0.0
2025-02-05 00:00:00-05:00,5.213783069036566,5.213783069036566,5.1585688931718385,5.190119743347168,446400,0.0,0.0
2025-02-06 00:00:00-05:00,5.213782271588642,5.237445217542991,5.150680580889385,5.182231426239014,586100,0.0,0.0
2025-02-07 00:00:00-05:00,5.190119871300046,5.198007772096242,5.134906070189925,5.150681495666504,448100,0.0,0.0
2025-02-10 00:00:00-05:00,5.158568344837967,5.174343768248771,5.119129598253075,5.127017498016357,514000,0.0,0.0
2025-02-11 00:00:00-05:00,5.127017949314905,5.205895073311975,5.119130048857301,5.166456699371338,754500,0.0,0.0
2025-02-12 00:00:00-05:00,5.134906097547528,5.142793622269935,5.087579444749834,5.111242771148682,683700,0.0,0.0
2025-02-13 00:00:00-05:00,5.142793374114319,5.190119648512561,5.119130048857301,5.166456699371338,807400,0.0,0.0
2025-02-14 00:00:00-05:00,5.182232407609013,5.205895358044464,5.134906130622297,5.142793655395508,960100,0.0,0.0
2025-02-18 00:00:00-05:00,5.16645624460125,5.16645624460125,5.119129598253075,5.127017498016357,735300,0.0,0.0
2025-02-19 00:00:00-05:00,5.127017914720131,5.15068123981748,5.095467065334193,5.134905815124512,684400,0.0,0.0
2025-02-20 00:00:00-05:00,5.12701816939373,5.182232346619662,5.111242743917151,5.150681495666504,689000,0.0,0.0
2025-02-21 00:00:00-05:00,5.158569081057747,5.182232407609013,5.134906130622297,5.142793655395508,764800,0.0,0.0
2025-02-24 00:00:00-05:00,5.16645624460125,5.16645624460125,5.119129598253075,5.127017498016357,762900,0.0,0.0
2025-02-25 00:00:00-05:00,5.127017914720131,5.182232089203418,5.1191300143157505,5.134905815124512,804500,0.0,0.0
2025-02-26 00:00:00-05:00,5.15068123981748,5.190119613492006,5.134905815124512,5.134905815124512,632800,0.0,0.0
2025-02-27 00:00:00-05:00,5.142793594870309,5.174344445823467,5.12701816939373,5.150681495666504,816800,0.0,0.0
2025-02-28 00:00:00-05:00,5.166651725769043,5.1906085481502,5.150680637775197,5.166651725769043,661500,0.08,0.0
2025-03-03 00:00:00-05:00,5.174636786555621,5.182622139122675,5.102766709548506,5.134708881378174,997600,0.0,0.0
2025-03-04 00:00:00-05:00,5.110752147927545,5.150679670019838,5.030896722962257,5.086795330047607,877300,0.0,0.0
2025-03-05 00:00:00-05:00,5.1027669459543965,5.126723766326904,5.0708247726448805,5.126723766326904,483800,0.0,0.0
2025-03-06 00:00:00-05:00,5.118738077456308,5.134709164250994,5.078810550859965,5.102766990661621,318300,0.0,0.0
2025-03-07 00:00:00-05:00,5.094781259577438,5.142694516405916,5.086795526382334,5.118737697601318,624200,0.0,0.0
2025-03-10 00:00:00-04:00,5.110751948175151,5.158665201281647,5.046867610699824,5.0548529624938965,814000,0.0,0.0
2025-03-11 00:00:00-04:00,5.094781962536944,5.094781962536944,4.8552152645592965,4.887157440185547,951200,0.0,0.0
2025-03-12 00:00:00-04:00,4.911114022362833,4.919099375488885,4.815287500165692,4.879171848297119,867900,0.0,0.0
2025-03-13 00:00:00-04:00,4.831258718711918,4.895143068582363,4.615648847508785,4.711475372314453,1463800,0.0,0.0
2025-03-14 00:00:00-04:00,4.727447037986359,4.743418127407361,4.623634766359441,4.647591590881348,1308400,0.0,0.0
2025-03-17 00:00:00-04:00,4.647590734505753,4.711475080418287,4.639605000876317,4.663561820983887,822800,0.0,0.0
2025-03-18 00:00:00-04:00,4.671547939453186,4.671547939453186,4.631620407104492,4.631620407104492,458400,0.0,0.0
2025-03-19 00:00:00-04:00,4.6475908230609635,4.663561909843411,4.535792834803091,4.599677562713623,862100,0.0,0.0
2025-03-20 00:00:00-04:00,4.6156486494960705,4.639605089279367,4.5757207421495805,4.599677562713623,502200,0.0,0.0
2025-03-21 00:00:00-04:00,4.599677653456386,4.607663006614772,4.535792924285531,4.551764011383057,525800,0.0,0.0
2025-03-24 00:00:00-04:00,4.575721074550927,4.639605426321566,4.55176425224655,4.623634338378906,585000,0.0,0.0
2025-03-25 00:00:00-04:00,4.639605193157119,4.695504188537598,4.631619839977481,4.695504188537598,640800,0.0,0.0
2025-03-26 00:00:00-04:00,4.719459569584474,4.719459569584474,4.607661984697003,4.679532051086426,686100,0.0,0.0
2025-03-27 00:00:00-04:00,4.68751766281018,4.775358817633497,4.663561226536986,4.767373085021973,575100,0.0,0.0
2025-03-28 00:00:00-04:00,4.767374326133903,4.767374326133903,4.583706616841396,4.655576705932617,730000,0.0,0.0
2025-03-31 00:00:00-04:00,4.623189824772758,4.639383118590163,4.3802900314331055,4.3802900314331055,4845600,0.08,0.0
2025-04-01 00:00:00-04:00,4.445063445566617,4.558416894458292,4.4207736965745426,4.453160285949707,1356500,0.0,0.0
2025-04-02 00:00:00-04:00,4.453160340069043,4.453160340069043,4.266937255859375,4.266937255859375,2602500,0.0,0.0
2025-04-03 00:00:00-04:00,4.210260242507966,4.258840509914107,4.137390613555908,4.137390613555908,1907300,0.0,0.0
2025-04-04 00:00:00-04:00,4.088810724825274,4.088810724825274,3.837814092636109,3.8378140926361084,1779100,0.0,0.0
2025-04-07 00:00:00-04:00,3.7082674037325067,3.910683750102871,3.5382376418951176,3.732557535171509,1542100,0.0,0.0
2025-04-08 00:00:00-04:00,3.8944908055391108,3.9592639803880525,3.6515913998555782,3.6758811473846436,1212200,0.0,0.0
2025-04-09 00:00:00-04:00,3.6434947443732217,3.9025878429613896,3.5058515478132137,3.8540079593658447,1508700,0.0,0.0
2025-04-10 00:00:00-04:00,3.8297178293508805,3.845911123903118,3.635397908645432,3.7082679271698,705300,0.0,0.0
2025-04-11 00:00:00-04:00,3.75684720784235,3.886393929546248,3.7001708790455208,3.8782970905303955,538400,0.0,0.0
2025-04-14 00:00:00-04:00,3.9592638105343507,4.113100287240242,3.9592638105343507,4.105003833770752,727000,0.0,0.0
2025-04-15 00:00:00-04:00,4.105004264747394,4.2102604873727625,4.06452083491399,4.145487308502197,502400,0.0,0.0
2025-04-16 00:00:00-04:00,4.145486784458733,4.185970209174505,4.088810453150914,4.169776916503906,365200,0.0,0.0
2025-04-17 00:00:00-04:00,4.169777161208345,4.331710097417406,4.169777161208345,4.32361364364624,586500,0.0,0.0
2025-04-21 00:00:00-04:00,4.275034096340867,4.291227391225246,4.177873940955985,4.266937255859375,394500,0.0,0.0
2025-04-22 00:00:00-04:00,4.32361379059425,4.420773555621886,4.307420496422978,4.396483421325684,395100,0.0,0.0
2025-04-23 00:00:00-04:00,4.493643424317664,4.493643424317664,4.396483276413922,4.404580116271973,442200,0.0,0.0
2025-04-24 00:00:00-04:00,4.436966184496773,4.517932643212703,4.428869345585915,4.445062637329102,482100,0.0,0.0
2025-04-25 00:00:00-04:00,4.493643338027142,4.550319671630859,4.453159911671429,4.550319671630859,494500,0.0,0.0
2025-04-28 00:00:00-04:00,4.574609948582818,4.631286283969642,4.5503198147894794,4.606996536254883,541800,0.0,0.0
2025-04-29 00:00:00-04:00,4.623188953678866,4.623188953678866,4.4855457891261405,4.542222499847412,736400,0.0,0.0
2025-04-30 00:00:00-04:00,4.534010053806698,4.558651585212018,4.468299825610983,4.484727382659912,469900,0.08,0.0
2025-05-01 00:00:00-04:00,4.4682990612545055,4.525795696922189,4.402588844299316,4.402588844299316,440800,0.0,0.0
2025-05-02 00:00:00-04:00,4.460085013285672,4.5011540940237875,4.410802351398203,4.435443878173828,325100,0.0,0.0
2025-05-05 00:00:00-04:00,4.4354440667929405,4.4354440667929405,4.3286647656640325,4.353306293487549,316200,0.0,0.0
2025-05-06 00:00:00-04:00,4.3204511468670255,4.435444028501843,4.3204511468670255,4.369733810424805,262900,0.0,0.0
2025-05-07 00:00:00-04:00,4.402588770248848,4.468298986098808,4.386161216286359,4.435443878173828,246600,0.0,0.0
2025-05-08 00:00:00-04:00,4.451871432136318,4.5011540940237875,4.377947243473224,4.435443878173828,467300,0.0,0.0
2025-05-09 00:00:00-04:00,4.4682985161658655,4.501153620635459,4.39437433527741,4.410801887512207,346700,0.0,0.0
2025-05-12 00:00:00-04:00,4.476513328809481,4.542223947502159,4.435444632748386,4.517582416534424,381300,0.0,0.0
2025-05-13 00:00:00-04:00,4.575078388700716,4.607933497387015,4.558650834357566,4.599719524383545,343600,0.0,0.0
2025-05-14 00:00:00-04:00,4.616147154345802,4.6325747089580585,4.5504369358967764,4.566864490509033,270400,0.0,0.0
2025-05-15 00:00:00-04:00,4.591505868895299,4.632574558258057,4.5668643419466175,4.632574558258057,258100,0.0,0.0
2025-05-16 00:00:00-04:00,4.63257491982693,4.681857585906982,4.624361337978828,4.681857585906982,284200,0.0,0.0
2025-05-19 00:00:00-04:00,4.6572161226777755,4.681857258160931,4.599719487110768,4.616147041320801,334900,0.0,0.0
2025-05-20 00:00:00-04:00,4.640788668020793,4.640788668020793,4.56686447665795,4.591506004333496,410800,0.0,0.0
2025-05-21 00:00:00-04:00,4.566864619548629,4.665429950007192,4.484726844166493,4.492940425872803,433900,0.0,0.0
2025-05-22 00:00:00-04:00,4.492940806933068,4.5832925633483335,4.377947911645173,4.5504374504089355,435000,0.0,0.0
2025-05-23 00:00:00-04:00,4.52579623346327,4.6407891267674595,4.52579623346327,4.583292484283447,354700,0.0,0.0
2025-05-27 00:00:00-04:00,4.6325739663206935,4.7147117262146585,4.566863758405522,4.706498146057129,574000,0.0,0.0
2025-05-28 00:00:00-04:00,4.681856727937894,4.714711832637099,4.657215595245361,4.657215595245361,368700,0.0,0.0
2025-05-29 00:00:00-04:00,4.681856622257073,4.7147117262146585,4.624360386163164,4.706498146057129,365300,0.0,0.0
2025-05-30 00:00:00-04:00,4.698168698302206,4.70649897550446,4.631528069522093,4.681508541107178,336700,0.08,0.0
2025-06-02 00:00:00-04:00,4.664848749504131,4.698169066505556,4.606538393356392,4.648188591003418,358900,0.0,0.0
2025-06-03 00:00:00-04:00,4.623198256515312,4.706499043697406,4.6148679791923595,4.689838886260986,270600,0.0,0.0
2025-06-04 00:00:00-04:00,4.698167751266635,4.723158180626458,4.656517565279462,4.673177719116211,242200,0.0,0.0
2025-06-05 00:00:00-04:00,4.664848327636719,4.689838761732523,4.639858290750389,4.664848327636719,232300,0.0,0.0
2025-06-06 00:00:00-04:00,4.664847966333127,4.723158709900715,4.664847966333127,4.6981682777404785,234400,0.0,0.0
2025-06-09 00:00:00-04:00,4.706498379596479,4.781468878877061,4.698168103448954,4.773138999938965,319000,0.0,0.0
2025-06-10 00:00:00-04:00,4.789800523670589,4.789800523670589,4.75648020397834,4.764810085296631,250800,0.0,0.0
2025-06-11 00:00:00-04:00,4.789799155024586,4.806459310110207,4.76480872379144,4.773138999938965,218600,0.0,0.0
2025-06-12 00:00:00-04:00,4.789799271389514,4.823119582370251,4.748148684058873,4.806459426879883,238300,0.0,0.0
2025-06-13 00:00:00-04:00,4.781468878877061,4.798129431172112,4.76480872379144,4.773138999938965,127100,0.0,0.0
2025-06-16 00:00:00-04:00,4.79812948965849,4.831449800235888,4.781468937160358,4.789799213409424,209300,0.0,0.0
2025-06-17 00:00:00-04:00,4.806459617113529,4.806459617113529,4.714828559685141,4.723158836364746,221100,0.0,0.0
2025-06-18 00:00:00-04:00,4.748149462427329,4.789800056585789,4.731489304205845,4.756479740142822,163000,0.0,0.0
2025-06-20 00:00:00-04:00,4.781468868255615,4.798129420513656,4.748148558158389,4.781468868255615,181500,0.0,0.0
2025-06-23 00:00:00-04:00,4.798129431172112,4.814789586257732,4.714828258534575,4.773138999938965,258200,0.0,0.0
2025-06-24 00:00:00-04:00,4.781468937160358,4.823119523986822,4.773139058120725,4.789799213409424,270200,0.0,0.0
2025-06-25 00:00:00-04:00,4.781468878877061,4.806459310110207,4.76480872379144,4.773138999938965,215400,0.0,0.0
2025-06-26 00:00:00-04:00,4.79812948965849,4.831449800235888,4.773139058120725,4.789799213409424,245800,0.0,0.0
2025-06-27 00:00:00-04:00,4.798130091492451,4.831450406249248,4.781469536904569,4.81479024887085,434700,0.0,0.0
2025-06-30 00:00:00-04:00,4.857025146484375,4.857025146484375,4.823237177688102,4.857025146484375,343800,0.08,0.0
2025-07-01 00:00:00-04:00,4.823237085862648,4.857025054015661,4.797895908355713,4.797895908355713,332400,0.0,0.0
2025-07-02 00:00:00-04:00,4.840130664520475,4.873918629843343,4.814789489136165,4.865471839904785,253800,0.0,0.0
2025-07-03 00:00:00-04:00,4.890812612504777,4.890812612504777,4.865471839904785,4.865471839904785,124200,0.0,0.0
2025-07-07 00:00:00-04:00,4.831683471797599,4.882365822566219,4.823236681859041,4.865471839904785,198000,0.0,0.0
2025-07-08 00:00:00-04:00,4.857024670229887,4.93304779395925,4.857024670229887,4.924600601196289,255300,0.0,0.0
2025-07-09 00:00:00-04:00,4.933048858168529,4.975283622741699,4.924601663583251,4.975283622741699,226600,0.0,0.0
2025-07-10 00:00:00-04:00,4.975283002030201,5.025964954865618,4.975283002030201,5.000624179840088,181800,0.0,0.0
2025-07-11 00:00:00-04:00,5.025965213775635,5.025965213775635,4.98373045229593,5.025965213775635,196600,0.0,0.0
2025-07-14 00:00:00-04:00,4.99217724347812,5.025965213775635,4.98373045229593,5.025965213775635,159500,0.0,0.0
2025-07-15 00:00:00-04:00,5.025964353902619,5.025964353902619,4.941494442610467,4.949941635131836,217200,0.0,0.0
2025-07-16 00:00:00-04:00,4.975282431739335,5.034411571328499,4.966835641960489,5.00907039642334,271500,0.0,0.0
2025-07-17 00:00:00-04:00,5.009070988118789,5.059752941131592,5.009070988118789,5.059752941131592,217100,0.0,0.0
2025-07-18 00:00:00-04:00,5.059752941131592,5.135776072042975,5.059752941131592,5.059752941131592,382400,0.0,0.0
2025-07-21 00:00:00-04:00,5.08509349319928,5.08509349319928,4.949941635131836,4.949941635131836,505600,0.0,0.0
2025-07-22 00:00:00-04:00,4.958389273180606,5.059753184073149,4.9499424819984155,5.025965213775635,226900,0.0,0.0
2025-07-23 00:00:00-04:00,5.068199849146067,5.1104350090026855,5.051305865760288,5.1104350090026855,324200,0.0,0.0
2025-07-24 00:00:00-04:00,5.076647334153043,5.101988109296714,4.9921770095825195,4.9921770095825195,480400,0.0,0.0
2025-07-25 00:00:00-04:00,5.01751816411856,5.034412148397033,4.975283002030201,5.000624179840088,313700,0.0,0.0
2025-07-28 00:00:00-04:00,4.992176414081337,5.017517588986497,4.966835641960489,5.00907039642334,339000,0.0,0.0
2025-07-29 00:00:00-04:00,5.025964594879206,5.068199753942459,5.017517804737153,5.051305770874023,309800,0.0,0.0
2025-07-30 00:00:00-04:00,5.085093759869563,5.118881726158318,5.034411810436431,5.042858600616455,512200,0.0,0.0
2025-07-31 00:00:00-04:00,5.085667375268437,5.085667375268437,4.965803276502603,5.008611679077148,435300,0.08,0.0
2025-08-01 00:00:00-04:00,4.9829271201173135,5.017174008234537,4.820254197432948,4.8459391593933105,716500,0.0,0.0
2025-08-04 00:00:00-04:00,4.871624503363663,4.922994835262749,4.845939133286567,4.905871391296387,295500,0.0,0.0
2025-08-05 00:00:00-04:00,4.897309173810225,4.897309173810225,4.828815402019955,4.854500770568848,308800,0.0,0.0
2025-08-06 00:00:00-04:00,4.854501085550171,4.880186047510534,4.8373776414915595,4.8459391593933105,272900,0.0,0.0
2025-08-07 00:00:00-04:00,4.854500254446446,4.9058705778275415,4.751759607684256,4.820253372192383,529100,0.0,0.0
2025-08-08 00:00:00-04:00,4.828814888628379,4.9058705778275415,4.820253372192383,4.820253372192383,316900,0.0,0.0
2025-08-11 00:00:00-04:00,4.820253372192383,5.000049708153735,4.78600648993832,4.820253372192383,1306300,0.0,0.0
2025-08-12 00:00:00-04:00,4.828815715334699,4.905871417726006,4.794568827217476,4.8459391593933105,243800,0.0,0.0
2025-08-13 00:00:00-04:00,4.888748360832976,4.9315571784973145,4.82881609775393,4.9315571784973145,433700,0.0,0.0
2025-08-14 00:00:00-04:00,4.914432616757793,4.914432616757793,4.854500770568848,4.854500770568848,174400,0.0,0.0
2025-08-15 00:00:00-04:00,4.837377128508495,4.897308972230567,4.794568318774101,4.811691761016846,186200,0.0,0.0
2025-08-18 00:00:00-04:00,4.794568444708951,4.811691887401462,4.7688834847977235,4.786006927490234,259800,0.0,0.0
2025-08-19 00:00:00-04:00,4.786007658208739,4.820254548822511,4.768884212901853,4.803131103515625,198700,0.0,0.0
2025-08-20 00:00:00-04:00,4.854500370662445,4.948679503243274,4.828815004229474,4.922994136810303,286400,0.0,0.0
2025-08-21 00:00:00-04:00,4.922994212685406,5.0000499049168825,4.888747329083651,4.991487979888916,329300,0.0,0.0
2025-08-22 00:00:00-04:00,4.974365174623147,5.042858950591331,4.922994842647008,5.0000505447387695,743500,0.0,0.0
2025-08-25 00:00:00-04:00,4.965803146362305,5.034296915290601,4.965803146362305,4.965803146362305,267800,0.0,0.0
2025-08-26 00:00:00-04:00,4.965803689853359,5.034297466278076,4.965803689853359,5.034297466278076,227200,0.0,0.0
2025-08-27 00:00:00-04:00,5.0257351217579815,5.0342970472259365,4.982926719183436,5.008611679077148,306700,0.0,0.0
2025-08-28 00:00:00-04:00,5.04285898420361,5.04285898420361,5.000050578065717,5.034297466278076,305300,0.0,0.0
2025-08-29 00:00:00-04:00,5.025618145758649,5.051657800297983,4.956179618835449,4.956179618835449,546400,0.08,0.0
2025-09-02 00:00:00-04:00,4.91277896423546,4.9648578449226095,4.825980829756877,4.886739730834961,428100,0.0,0.0
2025-09-03 00:00:00-04:00,4.912779540506347,4.947498798370361,4.912779540506347,4.947498798370361,169600,0.0,0.0
2025-09-04 00:00:00-04:00,4.947499171868503,4.990898454417934,4.92145993344783,4.930139541625977,204700,0.0,0.0
2025-09-05 00:00:00-04:00,4.947499444901657,4.964859076102194,4.869381311442372,4.895420551300049,544100,0.0,0.0
2025-09-08 00:00:00-04:00,4.869380209869774,4.9214590916898695,4.869380209869774,4.904099464416504,240800,0.0,0.0
2025-09-09 00:00:00-04:00,4.886740942642908,4.956179467445053,4.886740942642908,4.895420551300049,266900,0.0,0.0
2025-09-10 00:00:00-04:00,4.9040997240541495,4.930138959399711,4.886740095861714,4.912779331207275,124100,0.0,0.0
2025-09-11 00:00:00-04:00,4.912779071110106,4.947498325656836,4.895419443836741,4.904099464416504,250700,0.0,0.0
2025-09-12 00:00:00-04:00,4.912780182500585,4.930139813701121,4.878060920099513,4.895420551300049,139700,0.0,0.0
2025-09-15 00:00:00-04:00,4.921459197998047,4.930138804879136,4.895419549582437,4.921459197998047,164500,0.0,0.0
2025-09-16 00:00:00-04:00,4.921459197998047,4.956178453294745,4.895419549582437,4.921459197998047,202400,0.0,0.0
2025-09-17 00:00:00-04:00,4.912779540506347,5.008257706575488,4.912779540506347,4.947498798370361,138000,0.0,0.0
2025-09-18 00:00:00-04:00,4.9474987486631825,4.990898027500272,4.921459512469886,4.973538398742676,147600,0.0,0.0
2025-09-19 00:00:00-04:00,4.964858427302369,4.999578099052585,4.947498798370361,4.947498798370361,180100,0.0,0.0
2025-09-22 00:00:00-04:00,4.938819190847458,4.982218056234377,4.921459561915451,4.947498798370361,231000,0.0,0.0
2025-09-23 00:00:00-04:00,4.947498798370361,4.982218056234377,4.9301391694383545,4.947498798370361,170800,0.0,0.0
2025-09-24 00:00:00-04:00,4.9735379735099645,4.9735379735099645,4.869380209869774,4.904099464416504,235400,0.0,0.0
2025-09-25 00:00:00-04:00,4.895420127231764,4.947499016322013,4.852021259933001,4.938819408416748,346900,0.0,0.0
2025-09-26 00:00:00-04:00,4.964858427302369,4.964858427302369,4.921459561915451,4.947498798370361,130700,0.0,0.0
2025-09-29 00:00:00-04:00,4.9648578449226095,4.973537865313544,4.878059710444027,4.886739730834961,436400,0.0,0.0
2025-09-30 00:00:00-04:00,4.869130165124229,4.8955447400272485,4.763470605955853,4.798690319061279,526200,0.08,0.0
2025-10-01 00:00:00-04:00,4.798689965734613,4.8515199513549865,4.64020126842969,4.693030834197998,686400,0.0,0.0
2025-10-02 00:00:00-04:00,4.684226942366384,4.7458612367033775,4.6578119448990005,4.719446659088135,237300,0.0,0.0
2025-10-03 00:00:00-04:00,4.7546658876055465,4.8251053138163975,4.745860749403141,4.798690319061279,324400,0.0,0.0
2025-10-06 00:00:00-04:00,4.789885685898833,4.816300261271635,4.613786697387695,4.613786697387695,440500,0.0,0.0
2025-10-07 00:00:00-04:00,4.604981503938969,4.604981503938969,4.516932228690551,4.534542083740234,544600,0.0,0.0
2025-10-08 00:00:00-04:00,4.534542854653999,4.578567289836734,4.499323138566957,4.560957431793213,347800,0.0,0.0
2025-10-09 00:00:00-04:00,4.534542822242603,4.560957399193015,4.4993231064073,4.516932964324951,324600,0.0,0.0
2025-10-10 00:00:00-04:00,4.5169327004018625,4.552152414179287,4.4112735590695875,4.420078277587891,458900,0.0,0.0
2025-10-13 00:00:00-04:00,4.455298251687106,4.516932964324951,4.437688393769455,4.516932964324951,280100,0.0,0.0
2025-10-14 00:00:00-04:00,4.411272962948572,4.490517098313004,4.411272962948572,4.446492671966553,508600,0.0,0.0
2025-10-15 00:00:00-04:00,4.455297566449151,4.508127132076762,4.455297566449151,4.499322414398193,264400,0.0,0.0
2025-10-16 00:00:00-04:00,4.50812782544006,4.578567257110666,4.50812782544006,4.516932964324951,286400,0.0,0.0
2025-10-17 00:00:00-04:00,4.490518046000356,4.534542901489945,4.490518046000356,4.525737762451172,220400,0.0,0.0
2025-10-20 00:00:00-04:00,4.525737456935755,4.6049820235266585,4.525737456935755,4.578567028045654,288100,0.0,0.0
2025-10-21 00:00:00-04:00,4.5873721220148935,4.675421406344409,4.5873721220148935,4.613786697387695,297900,0.0,0.0
2025-10-22 00:00:00-04:00,4.640201952712757,4.719446522977321,4.622592094859757,4.710641384124756,427200,0.0,0.0
2025-10-23 00:00:00-04:00,4.710642099156155,4.710642099156155,4.649007797241211,4.649007797241211,302200,0.0,0.0
2025-10-24 00:00:00-04:00,4.666616261239878,4.728250544710202,4.6490064059837755,4.693030834197998,231800,0.0,0.0
2025-10-27 00:00:00-04:00,4.693031526271756,4.745861099830755,4.693031526271756,4.710641384124756,222800,0.0,0.0
2025-10-28 00:00:00-04:00,4.73705651744901,4.754666375809886,4.70183680072726,4.719446659088135,307100,0.0,0.0
2025-10-29 00:00:00-04:00,4.7106407733628135,4.737055766643521,4.604981639944136,4.622591495513916,294400,0.0,0.0
2025-10-30 00:00:00-04:00,4.6049820235266585,4.631397019007663,4.543347313972388,4.578567028045654,392700,0.0,0.0
2025-10-31 00:00:00-04:00,4.587510194611164,4.605395207154172,4.498085131896121,4.5517401695251465,693600,0.08,0.0
2025-11-03 00:00:00-05:00,4.587509312849602,4.596451604196148,4.48914154956408,4.515969276428223,505700,0.0,0.0
2025-11-04 00:00:00-05:00,4.515969784649967,4.623279851358581,4.489142054766663,4.6053948402404785,499700,0.0,0.0
2025-11-05 00:00:00-05:00,4.605394524119908,4.605394524119908,4.498084464777204,4.5338544845581055,608000,0.0,0.0
2025-11-06 00:00:00-05:00,4.533854404828839,4.596451725138487,4.524911686834739,4.569624423980713,273200,0.0,0.0
2025-11-07 00:00:00-05:00,4.596451879163012,4.721647376802067,4.587509587281524,4.712704658508301,421500,0.0,0.0
2025-11-10 00:00:00-05:00,4.7127048555343505,4.7127048555343505,4.62327980091945,4.667992115020752,366500,0.0,0.0
2025-11-11 00:00:00-05:00,4.676934997332323,4.739532750959169,4.676934997332323,4.7216477394104,206700,0.0,0.0
2025-11-12 00:00:00-05:00,4.739532750959169,4.757417762507938,4.71270502042986,4.7216477394104,163500,0.0,0.0
2025-11-13 00:00:00-05:00,4.659049426067338,4.730589463667931,4.632221698760986,4.632221698760986,164700,0.0,0.0
2025-11-14 00:00:00-05:00,4.667991723040576,4.739532187137402,4.60539440327271,4.694819450378418,169300,0.0,0.0
2025-11-17 00:00:00-05:00,4.712704540133856,4.730589549859872,4.614336773434639,4.6590495109558105,266700,0.0,0.0
2025-11-18 00:00:00-05:00,4.614336853309262,4.650106873380476,4.578566833238049,4.623279571533203,171100,0.0,0.0
2025-11-19 00:00:00-05:00,4.623280534965417,4.685877869928382,4.551740479914963,4.560682773590088,295600,0.0,0.0
2025-11-20 00:00:00-05:00,4.596452879612752,4.641165627989064,4.5427978374085995,4.587510585784912,469400,0.0,0.0
2025-11-21 00:00:00-05:00,4.569624307713119,4.748474398921904,4.560681589946553,4.730589389801025,381500,0.0,0.0
2025-11-24 00:00:00-05:00,4.81107234954834,4.81107234954834,4.757417319893916,4.81107234954834,313000,0.0,0.0
2025-11-25 00:00:00-05:00,4.828957590133157,4.86472761161166,4.8110725793939055,4.855784893035889,264900,0.0,0.0
2025-11-26 00:00:00-05:00,4.846842489042442,4.963095269371452,4.846842489042442,4.927325248718262,513100,0.0,0.0
2025-11-28 00:00:00-05:00,4.990844594725372,4.990844594725372,4.891027581676384,4.918250560760498,245600,0.08,0.0
2025-12-01 00:00:00-05:00,4.881953585054727,4.90010209369939,4.809359550476074,4.809359550476074,338100,0.0,0.0
2025-12-02 00:00:00-05:00,4.8093597245970985,4.863805252502267,4.7639882349954945,4.773062705993652,306600,0.0,0.0
2025-12-03 00:00:00-05:00,4.782136354695152,4.836581878164628,4.773062317130852,4.8002848625183105,355200,0.0,0.0
2025-12-04 00:00:00-05:00,4.818434149915644,4.836582660675049,4.79121160012385,4.836582660675049,151300,0.0,0.0
2025-12-05 00:00:00-05:00,4.836582787672788,4.918251304581855,4.827508748402136,4.863805770874023,295400,0.0,0.0
2025-12-08 00:00:00-05:00,4.872879687226375,4.8910281980045225,4.754914150821097,4.7912116050720215,295600,0.0,0.0
2025-12-09 00:00:00-05:00,4.791211512763833,4.872879593344757,4.782137041202275,4.85473108291626,216100,0.0,0.0
2025-12-10 00:00:00-05:00,4.791211171881226,4.836582228377121,4.691394155278916,4.727691173553467,435700,0.0,0.0
2025-12-11 00:00:00-05:00,4.709543498479954,4.709543498479954,4.646023488902753,4.655097961425781,411600,0.0,0.0
2025-12-12 00:00:00-05:00,4.691394329071045,4.71861687743812,4.67324581926146,4.691394329071045,214300,0.0,0.0
2025-12-15 00:00:00-05:00,4.691394859083863,4.709543370943785,4.627874851226807,4.627874851226807,351100,0.0,0.0
2025-12-16 00:00:00-05:00,4.655097396680178,4.673245906829834,4.636948886530522,4.673245906829834,232600,0.0,0.0
2025-12-17 00:00:00-05:00,4.67324581926146,4.745839858499799,4.67324581926146,4.691394329071045,298300,0.0,0.0
2025-12-18 00:00:00-05:00,4.691393769665997,4.782136307893718,4.691393769665997,4.754913330078125,309800,0.0,0.0
2025-12-19 00:00:00-05:00,4.773063094293874,4.845657137406466,4.673246068666745,4.7912116050720215,550400,0.0,0.0
2025-12-22 00:00:00-05:00,4.8002850798064545,4.854730605740444,4.791211041831411,4.809359550476074,326300,0.0,0.0
2025-12-23 00:00:00-05:00,4.791210778063767,4.818433323184807,4.745839292602629,4.754913330078125,306400,0.0,0.0
2025-12-24 00:00:00-05:00,4.745840111779337,4.827508626628318,4.745840111779337,4.7912116050720215,187700,0.0,0.0
2025-12-26 00:00:00-05:00,4.836582660675049,4.90010266468028,4.763988617637429,4.836582660675049,366600,0.0,0.0
2025-12-29 00:00:00-05:00,4.83658209709578,4.854730605740444,4.809359550476074,4.809359550476074,313900,0.0,0.0
2025-12-30 00:00:00-05:00,4.80935972329557,4.872879289487114,4.80935972329557,4.81843376159668,370400,0.0,0.0
2025-12-31 00:00:00-05:00,4.818433889804239,4.8921383529325775,4.818433889804239,4.855286121368408,334100,0.08,0.0
2026-01-02 00:00:00-05:00,4.855286117101033,4.928990580164592,4.818433885569255,4.882925510406494,298800,0.0,0.0
2026-01-05 00:00:00-05:00,4.892138650602671,4.919778045614189,4.864499694904435,4.9013519287109375,320600,0.0,0.0
2026-01-06 00:00:00-05:00,4.910564724171221,4.965843074393154,4.882925768716891,4.928990840911865,381400,0.0,0.0
2026-01-07 00:00:00-05:00,4.938203815677658,4.947416653825571,4.892138306998348,4.910564422607422,201800,0.0,0.0
2026-01-08 00:00:00-05:00,4.8921380913298975,5.011908057165482,4.8921380913298975,4.984268665313721,350800,0.0,0.0
2026-01-09 00:00:00-05:00,4.993482361912508,5.131678454155854,4.984269084083427,5.0948262214660645,480700,0.0,0.0
2026-01-12 00:00:00-05:00,5.113252824165597,5.113252824165597,5.030335073070091,5.067187309265137,293400,0.0,0.0
2026-01-13 00:00:00-05:00,5.0579735597723445,5.085612954002656,4.975056255707945,5.039547443389893,292400,0.0,0.0
2026-01-14 00:00:00-05:00,4.993481942368717,5.048760286759012,4.947416435720192,4.984268665313721,431300,0.0,0.0
2026-01-15 00:00:00-05:00,4.9750564290183945,5.057973735971291,4.94741703382524,5.021121501922607,296500,0.0,0.0
2026-01-16 00:00:00-05:00,5.048760916451178,5.196169853210449,5.039547638247081,5.196169853210449,378700,0.0,0.0
2026-01-20 00:00:00-05:00,5.113252589256509,5.1961698972293835,5.0671870764723534,5.1685309410095215,340900,0.0,0.0
2026-01-21 00:00:00-05:00,5.15010448052815,5.196169550928996,5.113252248482171,5.177743434906006,261500,0.0,0.0
2026-01-22 00:00:00-05:00,5.186956755052861,5.251447942004848,5.113252290357296,5.150104522705078,695900,0.0,0.0
2026-01-23 00:00:00-05:00,5.168530765850256,5.196169721133446,5.131678532597153,5.186956882476807,264600,0.0,0.0
2026-01-26 00:00:00-05:00,5.196169246488392,5.196169246488392,5.113251948899643,5.1593170166015625,432900,0.0,0.0
2026-01-27 00:00:00-05:00,5.196169504428828,5.2330217361450195,5.150104434440216,5.2330217361450195,276500,0.0,0.0
2026-01-28 00:00:00-05:00,5.242234575744137,5.26987352756543,5.196169070291024,5.205382347106934,440900,0.0,0.0
2026-01-29 00:00:00-05:00,5.233021562366106,5.260660954892025,5.177743216627509,5.251447677612305,498000,0.0,0.0
2026-01-30 00:00:00-05:00,5.158005859675591,5.186038696363571,5.045875404057319,5.101940631866455,1046300,0.08,0.0
2026-02-02 00:00:00-05:00,5.092596439324504,5.12062927730539,4.943089158271362,4.9524335861206055,776200,0.0,0.0
2026-02-03 00:00:00-05:00,4.896367761635978,4.9617774178960605,4.821614123376929,4.943089008331299,809100,0.0,0.0
2026-02-04 00:00:00-05:00,4.961777627132696,4.9804660374855425,4.868335575368462,4.924400806427002,453400,0.0,0.0
2026-02-05 00:00:00-05:00,4.952433310739315,4.952433310739315,4.858990819710151,4.868335247039795,269600,0.0,0.0
2026-02-06 00:00:00-05:00,4.93374523438685,4.93374523438685,4.877679557761461,4.924400806427002,309600,0.0,0.0
2026-02-09 00:00:00-05:00,4.92440048003865,4.952433316493333,4.840302416241419,4.93374490737915,287500,0.0,0.0
2026-02-10 00:00:00-05:00,4.8963683285102215,4.989810832719114,4.821614681596612,4.849647521972656,453200,0.0,0.0
2026-02-11 00:00:00-05:00,4.8683349856318365,4.971121452904649,4.858990558803947,4.915056228637695,421000,0.0,0.0
2026-02-12 00:00:00-05:00,4.915056228637695,4.980465434165744,4.905711801809805,4.915056228637695,302200,0.0,0.0
2026-02-13 00:00:00-05:00,4.933745504524255,4.9524339159003485,4.868335841924492,4.877679824829102,337900,0.0,0.0
2026-02-17 00:00:00-05:00,4.774893341393347,4.812270160672733,4.644074028348662,4.746860504150391,1165700,0.0,0.0
2026-02-18 00:00:00-05:00,4.7655483804493635,4.802925195545689,4.700139176814185,4.774892807006836,396600,0.0,0.0
2026-02-19 00:00:00-05:00,4.756204661056415,4.765548642561037,4.672106599680783,4.7281718254089355,443200,0.0,0.0
2026-02-20 00:00:00-05:00,4.672107011377506,4.709483831823178,4.6440741732598285,4.690795421600342,681300,0.0,0.0
2026-02-23 00:00:00-05:00,4.7094840406745515,4.821614506984216,4.681451646880569,4.7375168800354,622700,0.0,0.0
2026-02-24 00:00:00-05:00,4.746859972901201,4.793581214554999,4.690794750256712,4.774892807006836,545800,0.0,0.0
2026-02-25 00:00:00-05:00,4.80292573306947,4.812270160672733,4.672106865591618,4.746860504150391,623500,0.0,0.0
2026-02-26 00:00:00-05:00,4.7375166112853995,4.802925823472068,4.7094837735147985,4.718828201293945,606200,0.0,0.0
2026-02-27 00:00:00-05:00,4.7378170502952015,4.756806732490157,4.5859032146470975,4.642870903015137,1173600,0.08,0.0
2026-03-02 00:00:00-05:00,4.585903260432072,4.737817097596862,4.547924801140875,4.699838638305664,590800,0.0,0.0
2026-03-03 00:00:00-05:00,4.652365649087706,4.728322565360332,4.604892350047847,4.718827724456787,670100,0.0,0.0
2026-03-04 00:00:00-05:00,4.690344388361039,4.709333618567401,4.557419776916504,4.557419776916504,952100,0.0,0.0
2026-03-05 00:00:00-05:00,4.642871235188823,4.76630146185318,4.642871235188823,4.661860466003418,724200,0.0,0.0
2026-03-06 00:00:00-05:00,4.604892258776876,4.604892258776876,4.348537445068359,4.348537445068359,1043900,0.0,0.0
2026-03-09 00:00:00-04:00,4.320054198427404,4.3580326590639515,4.187129133460526,4.301064968109131,737600,0.0,0.0
2026-03-10 00:00:00-04:00,4.377021563372477,4.500451324878466,4.358032334468561,4.405505180358887,700700,0.0,0.0
2026-03-11 00:00:00-04:00,4.424494827670527,4.471968130789152,4.36752713557156,4.4150004386901855,319200,0.0,0.0
2026-03-12 00:00:00-04:00,4.415000309789229,4.433989539934473,4.348537777911397,4.367527008056641,293100,0.0,0.0
2026-03-13 00:00:00-04:00,4.367526830044059,4.386516059415336,4.244096612761292,4.263085842132568,343400,0.0,0.0
2026-03-16 00:00:00-04:00,4.301064753614062,4.301064753614062,4.225107383390015,4.263085842132568,437900,0.0,0.0
2026-03-17 00:00:00-04:00,4.225107287309328,4.282075426866618,4.149150371551514,4.149150371551514,779500,0.0,0.0
2026-03-18 00:00:00-04:00,4.149150788090421,4.177634860728621,4.092183095552995,4.1586456298828125,303900,0.0,0.0
2026-03-19 00:00:00-04:00,4.1301611902088835,4.234602176948942,4.1206668019992065,4.206118106842041,399200,0.0,0.0
2026-03-20 00:00:00-04:00,4.215613130653381,4.215613130653381,4.082688520779419,4.120666980743408,453400,0.0,0.0
2026-03-23 00:00:00-04:00,4.139655983451252,4.177634441330159,4.054204226854246,4.149150371551514,494300,0.0,0.0
2026-03-24 00:00:00-04:00,4.139655783155445,4.225107082878989,4.101677327114111,4.177634239196777,449900,0.0,0.0
2026-03-25 00:00:00-04:00,4.206118236744225,4.291569996965095,4.206118236744225,4.253591537475586,424200,0.0,0.0
2026-03-26 00:00:00-04:00,4.272580767220341,4.301064838206948,4.2156130779860765,4.253591537475586,357000,0.0,0.0
2026-03-27 00:00:00-04:00,4.225107287309328,4.225107287309328,4.149150371551514,4.149150371551514,344600,0.0,0.0
2026-03-30 00:00:00-04:00,4.206118106842041,4.2630857943169085,4.168139648525462,4.206118106842041,648200,0.0,0.0
2026-03-31 00:00:00-04:00,4.244795147910245,4.331818433248541,4.244795147910245,4.283472061157227,434700,0.08,0.0
2026-04-01 00:00:00-04:00,4.283472328511724,4.418841994390482,4.273803330129072,4.409172534942627,443100,0.0,0.0
2026-04-02 00:00:00-04:00,4.31247992747503,4.428510665893555,4.31247992747503,4.428510665893555,283400,0.0,0.0
2026-04-06 00:00:00-04:00,4.409172379729203,4.486526208328194,4.389833922579455,4.41884183883667,424500,0.0,0.0
2026-04-07 00:00:00-04:00,4.409172562266576,4.447849478167275,4.351157188415527,4.351157188415527,227900,0.0,0.0
2026-04-08 00:00:00-04:00,4.447849249342362,4.50586462020874,4.4091723354314425,4.50586462020874,502100,0.0,0.0
2026-04-09 00:00:00-04:00,4.476857335461394,4.544541706845411,4.467187876083562,4.4961957931518555,251400,0.0,0.0
2026-04-10 00:00:00-04:00,4.5155339467399775,4.54454140078954,4.438180121187585,4.457518577575684,231100,0.0,0.0
2026-04-13 00:00:00-04:00,4.44784911884905,4.486526031625246,4.409172206072855,4.457518577575684,274800,0.0,0.0
2026-04-14 00:00:00-04:00,4.457518728321676,4.5252030974364095,4.447849269268038,4.4768571853637695,370100,0.0,0.0
2026-04-15 00:00:00-04:00,4.505864765201987,4.5638801379352305,4.486526307624239,4.554211139678955,283100,0.0,0.0
2026-04-16 00:00:00-04:00,4.544541857907251,4.573549775939775,4.515534400939941,4.515534400939941,328800,0.0,0.0
2026-04-17 00:00:00-04:00,4.505864596178858,4.612226339399248,4.505864596178858,4.56387996673584,430300,0.0,0.0
2026-04-20 00:00:00-04:00,4.4768571853637695,4.4768571853637695,4.389833898141759,4.4768571853637695,775600,0.0,0.0
2026-04-21 00:00:00-04:00,4.496195493836946,4.515533950240033,4.418841668224596,4.428510665893555,304600,0.0,0.0
2026-04-22 00:00:00-04:00,4.476857189806157,4.476857189806157,4.4381802756835915,4.447849273681641,267200,0.0,0.0
2026-04-23 00:00:00-04:00,4.447849444995216,4.457518904430879,4.409172529382969,4.438180446624756,399000,0.0,0.0
2026-04-24 00:00:00-04:00,4.457518708352683,4.534872536174521,4.428510792386902,4.50586462020874,430000,0.0,0.0
2026-04-27 00:00:00-04:00,4.534872661333558,4.612226491290302,4.515534203844371,4.583218574523926,517200,0.0,0.0
2026-04-28 00:00:00-04:00,4.60255765914917,4.621896117336132,4.554211283149158,4.60255765914917,385500,0.0,0.0
2026-04-29 00:00:00-04:00,4.602557519462196,4.6218959770622385,4.515534229729403,4.525203227996826,731300,0.0,0.0
2026-04-30 00:00:00-04:00,4.525203226222733,4.7317886327077545,4.525203226222733,4.643251895904541,734000,0.08,0.0
2026-05-01 00:00:00-04:00,4.623577124375717,4.7121138613082145,4.603902346066686,4.702276706695557,423800,0.0,0.0
2026-05-04 00:00:00-04:00,4.662926674184843,4.712113854427454,4.6334147413062485,4.643251895904541,585200,0.0,0.0
2026-05-05 00:00:00-04:00,4.662926680993778,4.721951485004587,4.643251902684748,4.702276706695557,367900,0.0,0.0
2026-05-06 00:00:00-04:00,4.712113856358058,4.7711381912231445,4.712113856358058,4.7711381912231445,323600,0.0,0.0
2026-05-07 00:00:00-04:00,4.7711381912231445,4.84000014977427,4.7613010366208215,4.7711381912231445,361100,0.0,0.0
2026-05-08 00:00:00-04:00,4.820325370278328,4.859674926845195,4.800650591994895,4.849837303161621,253600,0.0,0.0
2026-05-11 00:00:00-04:00,4.820325376218572,4.830162530830553,4.721951484680176,4.721951484680176,487100,0.0,0.0
2026-05-12 00:00:00-04:00,4.741626259249395,4.761301037541562,4.69243907897712,4.712113857269287,269100,0.0,0.0
2026-05-13 00:00:00-04:00,4.702276702359432,4.741626258941208,4.6826019240685435,4.731788635253906,227800,0.0,0.0
2026-05-14 00:00:00-04:00,4.751463417276106,4.761301040971134,4.721951484358456,4.741626262664795,180900,0.0,0.0
2026-05-15 00:00:00-04:00,4.712113860663429,4.751463417276106,4.692439082357089,4.741626262664795,335400,0.0,0.0
2026-05-18 00:00:00-04:00,4.74162626364212,4.761301041952514,4.6727643050138825,4.6826019287109375,350500,0.0,0.0
2026-05-19 00:00:00-04:00,4.672764302884085,4.672764302884085,4.564552787684382,4.574390411376953,387100,0.0,0.0
2026-05-20 00:00:00-04:00,4.525203232519667,4.731788639292157,4.456341742984648,4.721951484680176,626500,0.0,0.0
2026-05-21 00:00:00-04:00,4.682601924679798,4.731788635871581,4.643251899009169,4.692439079284668,438300,0.0,0.0
2026-05-22 00:00:00-04:00,4.72195148065032,4.751463413544794,4.69243907867213,4.731788635253906,507600,0.0,0.0
2026-05-26 00:00:00-04:00,4.771138194623219,4.800650596618652,4.731788638018453,4.800650596618652,412200,0.0,0.0
2026-05-27 00:00:00-04:00,4.800650591994895,4.859674926845195,4.790812968311321,4.849837303161621,312300,0.0,0.0
2026-05-28 00:00:00-04:00,4.8596749308876905,4.889186863795532,4.820325374288091,4.840000152587891,808300,0.0,0.0
2026-05-29 00:00:00-04:00,4.789999961853027,4.829999923706055,4.690000057220459,4.739999771118164,940900,0.08,0.0
2026-06-01 00:00:00-04:00,4.71999979019165,4.769999980926514,4.659999847412109,4.670000076293945,540300,0.0,0.0
2026-06-02 00:00:00-04:00,4.650000095367432,4.7399001121521,4.639999866485596,4.71999979019165,353415,0.0,0.0
