Date,Open,High,Low,Close,Volume,Dividends,Stock Splits
2022-01-03 00:00:00-05:00,22.5,23.5,22.5,23.350000381469727,2382,0.0,0.0
2022-01-04 00:00:00-05:00,24.0,24.0,21.628599166870117,21.628599166870117,1560,0.0,0.0
2022-01-05 00:00:00-05:00,22.0,22.5,21.5,22.100000381469727,5526,0.0,0.0
2022-01-06 00:00:00-05:00,21.260000228881836,22.0,21.260000228881836,21.610000610351562,2390,0.0,0.0
2022-01-07 00:00:00-05:00,21.5,21.5,21.299999237060547,21.5,1115,0.0,0.0
2022-01-10 00:00:00-05:00,20.093000411987305,20.780000686645508,20.058000564575195,20.780000686645508,2826,0.0,0.0
2022-01-11 00:00:00-05:00,21.0,21.149999618530273,20.540000915527344,20.559999465942383,1154,0.0,0.0
2022-01-12 00:00:00-05:00,20.559999465942383,20.559999465942383,20.559999465942383,20.559999465942383,0,0.0,0.0
2022-01-13 00:00:00-05:00,19.5,19.600000381469727,19.5,19.600000381469727,1347,0.0,0.0
2022-01-14 00:00:00-05:00,20.100000381469727,20.549999237060547,19.989999771118164,20.510000228881836,3893,0.0,0.0
2022-01-18 00:00:00-05:00,20.510000228881836,20.510000228881836,20.510000228881836,20.510000228881836,0,0.0,0.0
2022-01-19 00:00:00-05:00,20.420000076293945,24.06999969482422,19.5,22.700000762939453,5478,0.0,0.0
2022-01-20 00:00:00-05:00,22.25,25.0,22.200000762939453,24.399999618530273,6614,0.0,0.0
2022-01-21 00:00:00-05:00,24.780000686645508,26.299999237060547,23.700000762939453,24.299999237060547,12226,0.0,0.0
2022-01-24 00:00:00-05:00,24.0,24.700000762939453,22.75,23.061500549316406,2520,0.0,0.0
2022-01-25 00:00:00-05:00,23.049999237060547,23.049999237060547,23.049999237060547,23.049999237060547,321,0.0,0.0
2022-01-26 00:00:00-05:00,23.290000915527344,23.299999237060547,22.200000762939453,22.834999084472656,8610,0.0,0.0
2022-01-27 00:00:00-05:00,22.040000915527344,22.149999618530273,21.5,21.809999465942383,3348,0.0,0.0
2022-01-28 00:00:00-05:00,22.5,22.700000762939453,21.350000381469727,21.350000381469727,2528,0.0,0.0
2022-01-31 00:00:00-05:00,20.5,20.5,19.209999084472656,20.360000610351562,1593,0.0,0.0
2022-02-01 00:00:00-05:00,20.457399368286133,20.5049991607666,20.457399368286133,20.5049991607666,303,0.0,0.0
2022-02-02 00:00:00-05:00,20.5,20.5,20.0,20.0,462,0.0,0.0
2022-02-03 00:00:00-05:00,19.510000228881836,19.510000228881836,18.0,18.0,3436,0.0,0.0
2022-02-04 00:00:00-05:00,18.100000381469727,18.489999771118164,18.0,18.489999771118164,1589,0.0,0.0
2022-02-07 00:00:00-05:00,19.0,23.809999465942383,19.0,19.989999771118164,46097,0.0,0.0
2022-02-08 00:00:00-05:00,20.219999313354492,20.270000457763672,19.540000915527344,19.988500595092773,3165,0.0,0.0
2022-02-09 00:00:00-05:00,20.260000228881836,22.8799991607666,19.610000610351562,22.190000534057617,10690,0.0,0.0
2022-02-10 00:00:00-05:00,21.040000915527344,22.40999984741211,20.110000610351562,20.1200008392334,9210,0.0,0.0
2022-02-11 00:00:00-05:00,20.489999771118164,22.459999084472656,19.899999618530273,21.579999923706055,20205,0.0,0.0
2022-02-14 00:00:00-05:00,21.5,22.5,20.0,20.0,16459,0.0,0.0
2022-02-15 00:00:00-05:00,20.25,20.299999237060547,19.5,19.600000381469727,3173,0.0,0.0
2022-02-16 00:00:00-05:00,19.299999237060547,19.520000457763672,19.0,19.0,1370,0.0,0.0
2022-02-17 00:00:00-05:00,19.25,19.25,19.100000381469727,19.100000381469727,421,0.0,0.0
2022-02-18 00:00:00-05:00,20.09000015258789,20.809999465942383,19.0,19.18000030517578,4151,0.0,0.0
2022-02-22 00:00:00-05:00,19.5,22.5,19.5,21.549999237060547,23679,0.0,0.0
2022-02-23 00:00:00-05:00,22.0,24.350000381469727,20.600000381469727,21.399999618530273,18985,0.0,0.0
2022-02-24 00:00:00-05:00,21.0,23.559999465942383,19.850000381469727,20.100000381469727,14861,0.0,0.0
2022-02-25 00:00:00-05:00,20.0,20.479999542236328,20.0,20.25,1754,0.0,0.0
2022-02-28 00:00:00-05:00,20.0,21.450000762939453,19.450000762939453,21.43000030517578,10985,0.0,0.0
2022-03-01 00:00:00-05:00,21.549999237060547,23.920000076293945,20.700000762939453,21.889999389648438,36585,0.0,0.0
2022-03-02 00:00:00-05:00,21.639999389648438,26.75,21.600000381469727,25.020000457763672,14292,0.0,0.0
2022-03-03 00:00:00-05:00,24.530000686645508,26.5,22.020000457763672,23.5,20446,0.0,0.0
2022-03-04 00:00:00-05:00,23.049999237060547,23.049999237060547,22.350000381469727,22.350000381469727,640,0.0,0.0
2022-03-07 00:00:00-05:00,22.0,23.100000381469727,22.0,23.100000381469727,1811,0.0,0.0
2022-03-08 00:00:00-05:00,23.0,25.56999969482422,22.600000381469727,25.049999237060547,8066,0.0,0.0
2022-03-09 00:00:00-05:00,24.90999984741211,28.299999237060547,24.399999618530273,24.399999618530273,26981,0.0,0.0
2022-03-10 00:00:00-05:00,23.020000457763672,23.149999618530273,22.229999542236328,22.920000076293945,3427,0.0,0.0
2022-03-11 00:00:00-05:00,23.0,23.0,22.0,22.100000381469727,2187,0.0,0.0
2022-03-14 00:00:00-04:00,21.219999313354492,22.0,21.1299991607666,21.1299991607666,2445,0.0,0.0
2022-03-15 00:00:00-04:00,21.100000381469727,21.139400482177734,20.514999389648438,20.514999389648438,1604,0.0,0.0
2022-03-16 00:00:00-04:00,20.350000381469727,25.200000762939453,20.0,24.190000534057617,19263,0.0,0.0
2022-03-17 00:00:00-04:00,25.290000915527344,26.420000076293945,21.600000381469727,22.799999237060547,23371,0.0,0.0
2022-03-18 00:00:00-04:00,22.399999618530273,22.399999618530273,21.959999084472656,21.959999084472656,580,0.0,0.0
2022-03-21 00:00:00-04:00,21.600000381469727,21.68000030517578,20.5,20.649999618530273,3145,0.0,0.0
2022-03-22 00:00:00-04:00,21.5,21.700000762939453,20.0,20.280000686645508,15733,0.0,0.0
2022-03-23 00:00:00-04:00,20.049999237060547,20.299999237060547,19.799999237060547,20.299999237060547,1752,0.0,0.0
2022-03-24 00:00:00-04:00,20.190000534057617,20.549999237060547,20.190000534057617,20.549999237060547,961,0.0,0.0
2022-03-25 00:00:00-04:00,20.549999237060547,20.549999237060547,20.549999237060547,20.549999237060547,0,0.0,0.0
2022-03-28 00:00:00-04:00,20.600000381469727,20.600000381469727,20.200000762939453,20.350000381469727,3498,0.0,0.0
2022-03-29 00:00:00-04:00,20.350000381469727,20.350000381469727,20.350000381469727,20.350000381469727,0,0.0,0.0
2022-03-30 00:00:00-04:00,19.549999237060547,19.75,19.520000457763672,19.75,2557,0.0,0.0
2022-03-31 00:00:00-04:00,19.209999084472656,19.209999084472656,18.770000457763672,19.0,3090,0.0,0.0
2022-04-01 00:00:00-04:00,19.200000762939453,19.200000762939453,18.68000030517578,18.68000030517578,1489,0.0,0.0
2022-04-04 00:00:00-04:00,18.809999465942383,19.0,18.079999923706055,18.149999618530273,5647,0.0,0.0
2022-04-05 00:00:00-04:00,18.0,18.700000762939453,18.0,18.59000015258789,1433,0.0,0.0
2022-04-06 00:00:00-04:00,18.5,18.600000381469727,18.5,18.549999237060547,1001,0.0,0.0
2022-04-07 00:00:00-04:00,18.549999237060547,19.049999237060547,18.5,19.0,1716,0.0,0.0
2022-04-08 00:00:00-04:00,18.93000030517578,20.399999618530273,18.049999237060547,19.0,12593,0.0,0.0
2022-04-11 00:00:00-04:00,19.360000610351562,26.139999389648438,19.299999237060547,23.100000381469727,28227,0.0,0.0
2022-04-12 00:00:00-04:00,23.09000015258789,25.850000381469727,21.700000762939453,22.700000762939453,29955,0.0,0.0
2022-04-13 00:00:00-04:00,22.049999237060547,22.799999237060547,21.229999542236328,22.420000076293945,9005,0.0,0.0
2022-04-14 00:00:00-04:00,22.520000457763672,23.350000381469727,21.799999237060547,22.399999618530273,14186,0.0,0.0
2022-04-18 00:00:00-04:00,22.5,24.8799991607666,21.860000610351562,22.219999313354492,23488,0.0,0.0
2022-04-19 00:00:00-04:00,22.25,24.5,21.5,22.280000686645508,17759,0.0,0.0
2022-04-20 00:00:00-04:00,22.1200008392334,23.0,21.219999313354492,23.0,3090,0.0,0.0
2022-04-21 00:00:00-04:00,23.0,23.0,23.0,23.0,0,0.0,0.0
2022-04-22 00:00:00-04:00,23.0,23.600000381469727,22.510000228881836,23.100000381469727,2456,0.0,0.0
2022-04-25 00:00:00-04:00,23.1299991607666,23.5,22.899999618530273,23.0,2052,0.0,0.0
2022-04-26 00:00:00-04:00,22.889999389648438,23.200000762939453,22.7450008392334,22.7450008392334,742,0.0,0.0
2022-04-27 00:00:00-04:00,23.040000915527344,23.040000915527344,22.0,22.0,3007,0.0,0.0
2022-04-28 00:00:00-04:00,21.899999618530273,21.899999618530273,21.700000762939453,21.700000762939453,369,0.0,0.0
2022-04-29 00:00:00-04:00,21.5,21.5,21.5,21.5,635,0.0,0.0
2022-05-02 00:00:00-04:00,21.350000381469727,21.350000381469727,21.1200008392334,21.200000762939453,1246,0.0,0.0
2022-05-03 00:00:00-04:00,21.200000762939453,21.200000762939453,21.200000762939453,21.200000762939453,0,0.0,0.0
2022-05-04 00:00:00-04:00,19.850000381469727,22.649999618530273,19.850000381469727,20.049999237060547,14410,0.0,0.0
2022-05-05 00:00:00-04:00,19.709999084472656,21.100000381469727,19.709999084472656,20.899999618530273,6395,0.0,0.0
2022-05-06 00:00:00-04:00,20.59000015258789,21.0,20.5,20.5,2055,0.0,0.0
2022-05-09 00:00:00-04:00,20.5,20.5,20.5,20.5,0,0.0,0.0
2022-05-10 00:00:00-04:00,20.489999771118164,21.559999465942383,19.600000381469727,20.09000015258789,7438,0.0,0.0
2022-05-11 00:00:00-04:00,20.020000457763672,20.049999237060547,19.0,19.0,4685,0.0,0.0
2022-05-12 00:00:00-04:00,19.489999771118164,23.299999237060547,19.479999542236328,22.0,13052,0.0,0.0
2022-05-13 00:00:00-04:00,22.190000534057617,23.0,21.639999389648438,22.3799991607666,9767,0.0,0.0
2022-05-16 00:00:00-04:00,20.700000762939453,20.700000762939453,20.700000762939453,20.700000762939453,107,0.0,0.0
2022-05-17 00:00:00-04:00,21.68000030517578,23.579999923706055,21.459999084472656,22.399999618530273,7328,0.0,0.0
2022-05-18 00:00:00-04:00,22.40999984741211,22.5,21.0,21.204999923706055,11353,0.0,0.0
2022-05-19 00:00:00-04:00,21.100000381469727,21.299999237060547,19.850000381469727,19.850000381469727,3871,0.0,0.0
2022-05-20 00:00:00-04:00,19.850000381469727,19.850000381469727,19.850000381469727,19.850000381469727,0,0.0,0.0
2022-05-23 00:00:00-04:00,20.0,21.149999618530273,19.600000381469727,20.950000762939453,8400,0.0,0.0
2022-05-24 00:00:00-04:00,21.25,21.25,21.25,21.25,183,0.0,0.0
2022-05-25 00:00:00-04:00,20.93000030517578,21.479999542236328,20.93000030517578,21.479999542236328,220,0.0,0.0
2022-05-26 00:00:00-04:00,20.25,20.5,20.25,20.5,602,0.0,0.0
2022-05-27 00:00:00-04:00,20.5,21.0,20.5,20.989999771118164,1413,0.0,0.0
2022-05-31 00:00:00-04:00,21.100000381469727,21.5,21.100000381469727,21.5,2623,0.0,0.0
2022-06-01 00:00:00-04:00,21.5,21.5,21.5,21.5,0,0.0,0.0
2022-06-02 00:00:00-04:00,21.8799991607666,21.8799991607666,21.8799991607666,21.8799991607666,285,0.0,0.0
2022-06-03 00:00:00-04:00,21.959999084472656,24.899999618530273,21.204999923706055,23.5,13195,0.0,0.0
2022-06-06 00:00:00-04:00,24.1299991607666,24.1299991607666,22.5,23.0,4054,0.0,0.0
2022-06-07 00:00:00-04:00,23.329999923706055,23.68000030517578,22.0,23.280000686645508,3592,0.0,0.0
2022-06-08 00:00:00-04:00,24.459999084472656,25.5,22.0,22.399999618530273,9723,0.0,0.0
2022-06-09 00:00:00-04:00,22.5,22.639999389648438,20.799999237060547,20.90999984741211,3897,0.0,0.0
2022-06-10 00:00:00-04:00,19.350000381469727,20.799999237060547,19.350000381469727,20.799999237060547,533,0.0,0.0
2022-06-13 00:00:00-04:00,21.0,21.0,21.0,21.0,709,0.0,0.0
2022-06-14 00:00:00-04:00,20.670000076293945,20.670000076293945,20.670000076293945,20.670000076293945,350,0.0,0.0
2022-06-15 00:00:00-04:00,20.350000381469727,21.700000762939453,20.350000381469727,21.700000762939453,5183,0.0,0.0
2022-06-16 00:00:00-04:00,21.139999389648438,22.209999084472656,20.0,20.0,12563,0.0,0.0
2022-06-17 00:00:00-04:00,20.0,20.190000534057617,19.989999771118164,20.190000534057617,2405,0.0,0.0
2022-06-21 00:00:00-04:00,19.5,20.25,19.5,19.940000534057617,454,0.0,0.0
2022-06-22 00:00:00-04:00,20.270000457763672,21.399999618530273,20.079999923706055,20.440000534057617,7528,0.0,0.0
2022-06-23 00:00:00-04:00,20.5,21.209999084472656,20.5,21.209999084472656,427,0.0,0.0
2022-06-24 00:00:00-04:00,22.700000762939453,22.700000762939453,20.700000762939453,20.700000762939453,4121,0.0,0.0
2022-06-27 00:00:00-04:00,20.700000762939453,20.700000762939453,20.700000762939453,20.700000762939453,0,0.0,0.0
2022-06-28 00:00:00-04:00,20.610000610351562,22.459999084472656,20.200000762939453,21.110000610351562,2596,0.0,0.0
2022-06-29 00:00:00-04:00,21.989999771118164,21.999900817871094,20.5,20.852800369262695,7738,0.0,0.0
2022-06-30 00:00:00-04:00,21.0,21.0,21.0,21.0,2375,0.0,0.0
2022-07-01 00:00:00-04:00,21.469999313354492,22.399999618530273,21.350000381469727,21.399999618530273,3825,0.0,0.0
2022-07-05 00:00:00-04:00,21.309999465942383,22.100000381469727,20.989999771118164,21.020000457763672,1784,0.0,0.0
2022-07-06 00:00:00-04:00,21.209999084472656,21.209999084472656,20.649999618530273,20.649999618530273,1474,0.0,0.0
2022-07-07 00:00:00-04:00,19.780000686645508,20.475000381469727,19.780000686645508,20.450000762939453,605,0.0,0.0
2022-07-08 00:00:00-04:00,19.760000228881836,20.110000610351562,19.760000228881836,20.110000610351562,510,0.0,0.0
2022-07-11 00:00:00-04:00,20.0,20.350000381469727,20.0,20.350000381469727,1491,0.0,0.0
2022-07-12 00:00:00-04:00,20.0,20.690000534057617,20.0,20.049999237060547,3815,0.0,0.0
2022-07-13 00:00:00-04:00,19.989999771118164,20.5,19.901199340820312,20.399999618530273,3529,0.0,0.0
2022-07-14 00:00:00-04:00,20.0,20.389999389648438,19.989999771118164,20.389999389648438,1012,0.0,0.0
2022-07-15 00:00:00-04:00,20.389999389648438,20.389999389648438,20.389999389648438,20.389999389648438,0,0.0,0.0
2022-07-18 00:00:00-04:00,20.5,20.5,20.149999618530273,20.149999618530273,601,0.0,0.0
2022-07-19 00:00:00-04:00,20.200000762939453,20.299999237060547,20.200000762939453,20.299999237060547,1121,0.0,0.0
2022-07-20 00:00:00-04:00,20.399999618530273,20.399999618530273,20.389999389648438,20.399999618530273,348,0.0,0.0
2022-07-21 00:00:00-04:00,20.389999389648438,25.75,20.389999389648438,23.989999771118164,11217,0.0,0.0
2022-07-22 00:00:00-04:00,25.239999771118164,26.200000762939453,23.799999237060547,25.3700008392334,9926,0.0,0.0
2022-07-25 00:00:00-04:00,25.600000381469727,28.1200008392334,24.700000762939453,25.43000030517578,13337,0.0,0.0
2022-07-26 00:00:00-04:00,25.559999465942383,25.850000381469727,23.75,23.780000686645508,1694,0.0,0.0
2022-07-27 00:00:00-04:00,22.850000381469727,22.850000381469727,22.239999771118164,22.239999771118164,463,0.0,0.0
2022-07-28 00:00:00-04:00,22.780000686645508,22.780000686645508,21.700000762939453,21.700000762939453,600,0.0,0.0
2022-07-29 00:00:00-04:00,21.729999542236328,21.799999237060547,21.729999542236328,21.799999237060547,344,0.0,0.0
2022-08-01 00:00:00-04:00,21.229999542236328,22.389999389648438,21.200000762939453,21.399999618530273,3561,0.0,0.0
2022-08-02 00:00:00-04:00,21.100000381469727,21.149999618530273,20.5,20.600000381469727,1717,0.0,0.0
2022-08-03 00:00:00-04:00,20.799999237060547,24.450000762939453,20.75,23.100000381469727,15808,0.0,0.0
2022-08-04 00:00:00-04:00,24.0,24.469999313354492,22.600000381469727,23.0,14716,0.0,0.0
2022-08-05 00:00:00-04:00,23.959999084472656,24.1299991607666,22.649999618530273,23.600000381469727,2925,0.0,0.0
2022-08-08 00:00:00-04:00,23.950000762939453,27.399999618530273,23.950000762939453,25.010000228881836,8181,0.0,0.0
2022-08-09 00:00:00-04:00,25.0,27.90999984741211,24.5,25.299999237060547,8432,0.0,0.0
2022-08-10 00:00:00-04:00,25.399999618530273,31.0,24.979999542236328,29.0,13847,0.0,0.0
2022-08-11 00:00:00-04:00,29.049999237060547,30.0,27.799999237060547,28.06999969482422,7630,0.0,0.0
2022-08-12 00:00:00-04:00,28.15999984741211,29.329999923706055,27.46500015258789,28.799999237060547,5022,0.0,0.0
2022-08-15 00:00:00-04:00,28.270000457763672,33.11000061035156,28.270000457763672,30.0,12747,0.0,0.0
2022-08-16 00:00:00-04:00,31.399999618530273,33.58000183105469,31.399999618530273,32.08000183105469,1895,0.0,0.0
2022-08-17 00:00:00-04:00,33.880001068115234,37.84000015258789,30.610000610351562,35.0,12703,0.0,0.0
2022-08-18 00:00:00-04:00,36.41999816894531,36.41999816894531,32.06999969482422,32.06999969482422,4648,0.0,0.0
2022-08-19 00:00:00-04:00,30.40999984741211,31.459999084472656,29.700000762939453,29.700000762939453,8372,0.0,0.0
2022-08-22 00:00:00-04:00,29.450000762939453,29.700000762939453,24.709999084472656,24.709999084472656,10142,0.0,0.0
2022-08-23 00:00:00-04:00,25.829999923706055,25.829999923706055,21.5,21.8700008392334,7518,0.0,0.0
2022-08-24 00:00:00-04:00,21.219999313354492,21.549999237060547,21.219999313354492,21.298799514770508,4221,0.0,0.0
2022-08-25 00:00:00-04:00,21.0,22.0,20.375,21.020000457763672,4839,0.0,0.0
2022-08-26 00:00:00-04:00,20.940000534057617,21.75,20.940000534057617,21.09000015258789,1880,0.0,0.0
2022-08-29 00:00:00-04:00,20.524999618530273,20.600000381469727,20.200000762939453,20.200000762939453,2211,0.0,0.0
2022-08-30 00:00:00-04:00,20.56999969482422,20.56999969482422,20.500600814819336,20.500600814819336,1018,0.0,0.0
2022-08-31 00:00:00-04:00,20.5,20.899999618530273,20.200000762939453,20.200000762939453,1680,0.0,0.0
2022-09-01 00:00:00-04:00,20.799999237060547,20.799999237060547,18.989999771118164,19.399999618530273,8355,0.0,0.0
2022-09-02 00:00:00-04:00,19.350000381469727,19.600000381469727,19.0,19.0,3078,0.0,0.0
2022-09-06 00:00:00-04:00,18.899999618530273,21.299999237060547,18.899999618530273,19.600000381469727,3295,0.0,0.0
2022-09-07 00:00:00-04:00,19.600000381469727,19.799999237060547,19.020000457763672,19.799999237060547,2004,0.0,0.0
2022-09-08 00:00:00-04:00,19.170000076293945,20.149999618530273,17.350000381469727,18.549999237060547,20743,0.0,0.0
2022-09-09 00:00:00-04:00,18.790000915527344,19.2450008392334,18.309999465942383,18.309999465942383,2867,0.0,0.0
2022-09-12 00:00:00-04:00,18.799999237060547,18.799999237060547,18.0,18.010000228881836,1469,0.0,0.0
2022-09-13 00:00:00-04:00,17.969999313354492,18.489999771118164,15.970000267028809,16.559999465942383,9697,0.0,0.0
2022-09-14 00:00:00-04:00,16.010000228881836,16.469999313354492,15.449999809265137,16.469999313354492,7813,0.0,0.0
2022-09-15 00:00:00-04:00,16.0,16.899999618530273,15.555000305175781,16.899999618530273,3652,0.0,0.0
2022-09-16 00:00:00-04:00,16.700000762939453,18.030000686645508,16.700000762939453,17.09000015258789,18290,0.0,0.0
2022-09-19 00:00:00-04:00,17.0,17.270000457763672,16.940000534057617,16.940000534057617,1635,0.0,0.0
2022-09-20 00:00:00-04:00,16.989999771118164,20.0,16.989999771118164,17.649999618530273,19457,0.0,0.0
2022-09-21 00:00:00-04:00,17.479999542236328,17.649999618530273,17.010000228881836,17.010000228881836,5610,0.0,0.0
2022-09-22 00:00:00-04:00,16.989999771118164,21.0,16.989999771118164,19.139999389648438,52150,0.0,0.0
2022-09-23 00:00:00-04:00,18.450000762939453,21.799999237060547,18.450000762939453,20.200000762939453,17692,0.0,0.0
2022-09-26 00:00:00-04:00,19.0,20.5,19.0,20.1200008392334,11455,0.0,0.0
2022-09-27 00:00:00-04:00,20.3700008392334,21.600000381469727,20.3700008392334,20.950000762939453,5742,0.0,0.0
2022-09-28 00:00:00-04:00,20.950000762939453,23.0,20.59000015258789,22.5,15418,0.0,0.0
2022-09-29 00:00:00-04:00,22.5,22.75,21.700000762939453,22.0,13385,0.0,0.0
2022-09-30 00:00:00-04:00,22.399999618530273,22.549999237060547,17.700000762939453,18.700000762939453,47803,0.0,0.0
2022-10-03 00:00:00-04:00,18.1299991607666,18.979999542236328,17.850000381469727,17.850000381469727,2419,0.0,0.0
2022-10-04 00:00:00-04:00,18.020000457763672,18.020000457763672,17.0,17.850000381469727,1844,0.0,0.0
2022-10-05 00:00:00-04:00,17.139999389648438,18.760000228881836,17.139999389648438,18.489999771118164,8328,0.0,0.0
2022-10-06 00:00:00-04:00,18.5,20.5,18.43000030517578,19.18000030517578,14101,0.0,0.0
2022-10-07 00:00:00-04:00,18.700000762939453,20.100000381469727,18.700000762939453,19.200000762939453,2710,0.0,0.0
2022-10-10 00:00:00-04:00,19.399999618530273,19.979999542236328,19.399999618530273,19.979999542236328,4477,0.0,0.0
2022-10-11 00:00:00-04:00,19.65999984741211,21.299999237060547,18.959999084472656,19.100000381469727,16621,0.0,0.0
2022-10-12 00:00:00-04:00,19.450000762939453,19.600000381469727,18.700000762939453,18.899999618530273,19247,0.0,0.0
2022-10-13 00:00:00-04:00,19.209999084472656,21.200000762939453,19.0,19.399999618530273,16632,0.0,0.0
2022-10-14 00:00:00-04:00,19.299999237060547,19.299999237060547,18.450000762939453,18.600000381469727,7513,0.0,0.0
2022-10-17 00:00:00-04:00,19.040000915527344,20.479999542236328,18.850000381469727,20.479999542236328,35700,0.0,0.0
2022-10-18 00:00:00-04:00,19.920000076293945,21.600000381469727,19.5,20.200000762939453,29416,0.0,0.0
2022-10-19 00:00:00-04:00,20.8799991607666,21.700000762939453,19.899999618530273,20.5,13060,0.0,0.0
2022-10-20 00:00:00-04:00,21.399999618530273,21.399999618530273,20.299999237060547,20.489999771118164,6214,0.0,0.0
2022-10-21 00:00:00-04:00,20.280000686645508,20.600000381469727,19.860000610351562,19.860000610351562,4606,0.0,0.0
2022-10-24 00:00:00-04:00,20.190000534057617,21.0,19.6200008392334,19.6200008392334,19533,0.0,0.0
2022-10-25 00:00:00-04:00,19.790000915527344,20.799999237060547,19.790000915527344,20.399999618530273,4581,0.0,0.0
2022-10-26 00:00:00-04:00,20.350000381469727,20.399999618530273,20.100000381469727,20.100000381469727,6036,0.0,0.0
2022-10-27 00:00:00-04:00,19.950000762939453,20.399999618530273,19.719999313354492,19.719999313354492,3434,0.0,0.0
2022-10-28 00:00:00-04:00,19.93000030517578,20.600000381469727,19.8700008392334,19.899999618530273,6588,0.0,0.0
2022-10-31 00:00:00-04:00,20.149999618530273,20.350000381469727,19.850000381469727,20.0,7109,0.0,0.0
2022-11-01 00:00:00-04:00,20.0,20.06999969482422,20.0,20.06999969482422,549,0.0,0.0
2022-11-02 00:00:00-04:00,20.100000381469727,20.100000381469727,19.780000686645508,19.850000381469727,1040,0.0,0.0
2022-11-03 00:00:00-04:00,19.0,19.950000762939453,19.0,19.950000762939453,730,0.0,0.0
2022-11-04 00:00:00-04:00,20.239999771118164,20.5,19.75,19.899999618530273,2969,0.0,0.0
2022-11-07 00:00:00-05:00,19.43000030517578,19.43000030517578,19.43000030517578,19.43000030517578,491,0.0,0.0
2022-11-08 00:00:00-05:00,20.899999618530273,21.6200008392334,19.5,19.5,5011,0.0,0.0
2022-11-09 00:00:00-05:00,19.5,19.5,19.5,19.5,0,0.0,0.0
2022-11-10 00:00:00-05:00,19.5,19.5,19.5,19.5,0,0.0,0.0
2022-11-11 00:00:00-05:00,19.5,19.5,19.5,19.5,0,0.0,0.0
2022-11-14 00:00:00-05:00,20.5,20.5,20.0,20.0,645,0.0,0.0
2022-11-15 00:00:00-05:00,20.0,20.0,20.0,20.0,0,0.0,0.0
2022-11-16 00:00:00-05:00,20.84000015258789,20.84000015258789,19.520000457763672,19.520000457763672,1178,0.0,0.0
2022-11-17 00:00:00-05:00,20.200000762939453,20.200000762939453,19.790000915527344,19.790000915527344,425,0.0,0.0
2022-11-18 00:00:00-05:00,19.940000534057617,19.989999771118164,18.799999237060547,19.600000381469727,4341,0.0,0.0
2022-11-21 00:00:00-05:00,19.600000381469727,19.600000381469727,19.600000381469727,19.600000381469727,0,0.0,0.0
2022-11-22 00:00:00-05:00,19.200000762939453,19.200000762939453,19.200000762939453,19.200000762939453,165,0.0,0.0
2022-11-23 00:00:00-05:00,19.5,19.5,19.5,19.5,526,0.0,0.0
2022-11-25 00:00:00-05:00,19.5,19.5,19.5,19.5,0,0.0,0.0
2022-11-28 00:00:00-05:00,19.809999465942383,22.399999618530273,19.399999618530273,20.8700008392334,5977,0.0,0.0
2022-11-29 00:00:00-05:00,20.549999237060547,21.6200008392334,20.049999237060547,20.860000610351562,9925,0.0,0.0
2022-11-30 00:00:00-05:00,21.299999237060547,21.600000381469727,20.31999969482422,21.0,12384,0.0,0.0
2022-12-01 00:00:00-05:00,21.06999969482422,21.5,20.0,20.100000381469727,4537,0.0,0.0
2022-12-02 00:00:00-05:00,19.799999237060547,19.799999237060547,19.799999237060547,19.799999237060547,507,0.0,0.0
2022-12-05 00:00:00-05:00,19.5,21.600000381469727,19.5,20.450000762939453,7134,0.0,0.0
2022-12-06 00:00:00-05:00,20.799999237060547,20.799999237060547,20.0,20.06999969482422,1225,0.0,0.0
2022-12-07 00:00:00-05:00,20.489999771118164,20.5,20.475000381469727,20.5,1156,0.0,0.0
2022-12-08 00:00:00-05:00,20.399999618530273,21.899999618530273,20.399999618530273,20.920000076293945,2424,0.0,0.0
2022-12-09 00:00:00-05:00,20.899999618530273,20.899999618530273,19.770000457763672,19.770000457763672,341,0.0,0.0
2022-12-12 00:00:00-05:00,19.520000457763672,19.520000457763672,19.40999984741211,19.41200065612793,894,0.0,0.0
2022-12-13 00:00:00-05:00,19.450000762939453,22.459999084472656,19.450000762939453,21.59000015258789,5209,0.0,0.0
2022-12-14 00:00:00-05:00,20.799999237060547,21.200000762939453,20.399999618530273,20.799999237060547,5485,0.0,0.0
2022-12-15 00:00:00-05:00,20.799999237060547,20.799999237060547,20.799999237060547,20.799999237060547,0,0.0,0.0
2022-12-16 00:00:00-05:00,20.100000381469727,20.100000381469727,17.93000030517578,17.93000030517578,5901,0.0,0.0
2022-12-19 00:00:00-05:00,19.0,20.700000762939453,19.0,19.84000015258789,1498,0.0,0.0
2022-12-20 00:00:00-05:00,19.270000457763672,19.5,19.020000457763672,19.260000228881836,1474,0.0,0.0
2022-12-21 00:00:00-05:00,19.799999237060547,19.799999237060547,19.399999618530273,19.479999542236328,1987,0.0,0.0
2022-12-22 00:00:00-05:00,19.479999542236328,19.479999542236328,19.479999542236328,19.479999542236328,0,0.0,0.0
2022-12-23 00:00:00-05:00,19.579999923706055,19.92919921875,19.100000381469727,19.92919921875,5085,0.0,0.0
2022-12-27 00:00:00-05:00,19.92919921875,19.92919921875,19.92919921875,19.92919921875,0,0.0,0.0
2022-12-28 00:00:00-05:00,18.25,18.25,18.25,18.25,126,0.0,0.0
2022-12-29 00:00:00-05:00,19.799999237060547,21.0,19.799999237060547,20.059999465942383,700,0.0,0.0
2022-12-30 00:00:00-05:00,19.850000381469727,19.850000381469727,19.850000381469727,19.850000381469727,548,0.0,0.0
2023-01-03 00:00:00-05:00,19.850000381469727,19.850000381469727,19.850000381469727,19.850000381469727,0,0.0,0.0
2023-01-04 00:00:00-05:00,18.84000015258789,19.790000915527344,18.540000915527344,19.0,3293,0.0,0.0
2023-01-05 00:00:00-05:00,19.299999237060547,19.299999237060547,18.950000762939453,18.950000762939453,726,0.0,0.0
2023-01-06 00:00:00-05:00,19.010000228881836,19.100000381469727,19.0,19.09000015258789,2507,0.0,0.0
2023-01-09 00:00:00-05:00,19.0,19.0,19.0,19.0,952,0.0,0.0
2023-01-10 00:00:00-05:00,18.700000762939453,18.899999618530273,18.299999237060547,18.850000381469727,2955,0.0,0.0
2023-01-11 00:00:00-05:00,18.100000381469727,18.450000762939453,18.079999923706055,18.25,966,0.0,0.0
2023-01-12 00:00:00-05:00,18.149999618530273,18.149999618530273,18.149999618530273,18.149999618530273,1341,0.0,0.0
2023-01-13 00:00:00-05:00,17.799999237060547,18.200000762939453,17.75,18.200000762939453,519,0.0,0.0
2023-01-17 00:00:00-05:00,18.399999618530273,18.399999618530273,18.399999618530273,18.399999618530273,545,0.0,0.0
2023-01-18 00:00:00-05:00,18.079999923706055,18.5,18.079999923706055,18.5,754,0.0,0.0
2023-01-19 00:00:00-05:00,18.3799991607666,18.3799991607666,18.3799991607666,18.3799991607666,658,0.0,0.0
2023-01-20 00:00:00-05:00,18.549999237060547,19.200000762939453,18.489999771118164,18.5,1723,0.0,0.0
2023-01-23 00:00:00-05:00,18.100000381469727,18.399999618530273,18.100000381469727,18.399999618530273,1832,0.0,0.0
2023-01-24 00:00:00-05:00,18.399999618530273,18.399999618530273,18.399999618530273,18.399999618530273,0,0.0,0.0
2023-01-25 00:00:00-05:00,18.399999618530273,18.399999618530273,18.399999618530273,18.399999618530273,0,0.0,0.0
2023-01-26 00:00:00-05:00,18.5,20.690000534057617,18.5,19.5,3760,0.0,0.0
2023-01-27 00:00:00-05:00,20.350000381469727,20.350000381469727,20.350000381469727,20.350000381469727,1630,0.0,0.0
2023-01-30 00:00:00-05:00,21.200000762939453,21.84000015258789,19.780000686645508,20.799999237060547,7615,0.0,0.0
2023-01-31 00:00:00-05:00,19.799999237060547,19.895000457763672,19.799999237060547,19.895000457763672,389,0.0,0.0
2023-02-01 00:00:00-05:00,19.895000457763672,19.895000457763672,19.895000457763672,19.895000457763672,0,0.0,0.0
2023-02-02 00:00:00-05:00,20.200000762939453,20.200000762939453,20.200000762939453,20.200000762939453,1007,0.0,0.0
2023-02-03 00:00:00-05:00,20.639999389648438,20.639999389648438,20.549999237060547,20.549999237060547,922,0.0,0.0
2023-02-06 00:00:00-05:00,20.5,21.170000076293945,19.610000610351562,20.510000228881836,1902,0.0,0.0
2023-02-07 00:00:00-05:00,20.6299991607666,20.899999618530273,19.649999618530273,19.899999618530273,2430,0.0,0.0
2023-02-08 00:00:00-05:00,19.100000381469727,20.049999237060547,19.100000381469727,20.049999237060547,763,0.0,0.0
2023-02-09 00:00:00-05:00,19.350000381469727,22.280000686645508,19.350000381469727,20.479999542236328,3543,0.0,0.0
2023-02-10 00:00:00-05:00,20.479999542236328,20.479999542236328,20.479999542236328,20.479999542236328,0,0.0,0.0
2023-02-13 00:00:00-05:00,20.5,20.5,20.5,20.5,141,0.0,0.0
2023-02-14 00:00:00-05:00,21.6200008392334,21.6200008392334,20.649999618530273,20.649999618530273,664,0.0,0.0
2023-02-15 00:00:00-05:00,20.649999618530273,20.649999618530273,20.649999618530273,20.649999618530273,0,0.0,0.0
2023-02-16 00:00:00-05:00,20.579999923706055,20.899999618530273,20.579999923706055,20.850000381469727,1353,0.0,0.0
2023-02-17 00:00:00-05:00,21.100000381469727,22.489999771118164,21.100000381469727,21.8799991607666,3231,0.0,0.0
2023-02-21 00:00:00-05:00,21.5,23.43000030517578,21.209999084472656,21.209999084472656,3576,0.0,0.0
2023-02-22 00:00:00-05:00,21.209999084472656,21.209999084472656,21.209999084472656,21.209999084472656,0,0.0,0.0
2023-02-23 00:00:00-05:00,21.209999084472656,21.209999084472656,21.209999084472656,21.209999084472656,0,0.0,0.0
2023-02-24 00:00:00-05:00,21.209999084472656,21.209999084472656,21.209999084472656,21.209999084472656,0,0.0,0.0
2023-02-27 00:00:00-05:00,21.209999084472656,21.209999084472656,21.209999084472656,21.209999084472656,0,0.0,0.0
2023-02-28 00:00:00-05:00,21.209999084472656,21.209999084472656,21.209999084472656,21.209999084472656,0,0.0,0.0
2023-03-01 00:00:00-05:00,19.440000534057617,19.440000534057617,19.440000534057617,19.440000534057617,112,0.0,0.0
2023-03-02 00:00:00-05:00,19.899999618530273,20.799999237060547,19.899999618530273,20.799999237060547,1477,0.0,0.0
2023-03-03 00:00:00-05:00,21.0,24.5,20.950000762939453,22.520000457763672,16420,0.0,0.0
2023-03-06 00:00:00-05:00,22.579999923706055,23.700000762939453,20.6200008392334,20.6200008392334,3166,0.0,0.0
2023-03-07 00:00:00-05:00,20.6200008392334,20.6200008392334,20.6200008392334,20.6200008392334,0,0.0,0.0
2023-03-08 00:00:00-05:00,19.5,19.5,19.25,19.25,331,0.0,0.0
2023-03-09 00:00:00-05:00,19.649999618530273,20.989999771118164,19.649999618530273,20.510000228881836,1384,0.0,0.0
2023-03-10 00:00:00-05:00,20.920000076293945,22.649999618530273,20.549999237060547,20.729999542236328,1540,0.0,0.0
2023-03-13 00:00:00-04:00,20.729999542236328,20.729999542236328,20.729999542236328,20.729999542236328,0,0.0,0.0
2023-03-14 00:00:00-04:00,21.290000915527344,23.149999618530273,21.290000915527344,22.799999237060547,2710,0.0,0.0
2023-03-15 00:00:00-04:00,23.850000381469727,25.299999237060547,21.5,23.5,10814,0.0,0.0
2023-03-16 00:00:00-04:00,22.920000076293945,24.0,21.540000915527344,22.489999771118164,2499,0.0,0.0
2023-03-17 00:00:00-04:00,22.0,22.350000381469727,21.520000457763672,21.520000457763672,4409,0.0,0.0
2023-03-20 00:00:00-04:00,21.920000076293945,22.0,21.0,21.850000381469727,2653,0.0,0.0
2023-03-21 00:00:00-04:00,22.799999237060547,24.399999618530273,21.25,21.899999618530273,7253,0.0,0.0
2023-03-22 00:00:00-04:00,21.649999618530273,21.700000762939453,21.0,21.5,2866,0.0,0.0
2023-03-23 00:00:00-04:00,21.549999237060547,21.549999237060547,20.0,20.299999237060547,7538,0.0,0.0
2023-03-24 00:00:00-04:00,21.489999771118164,23.200000762939453,20.329999923706055,20.329999923706055,15570,0.0,0.0
2023-03-27 00:00:00-04:00,20.5,20.5,19.51059913635254,19.799999237060547,4595,0.0,0.0
2023-03-28 00:00:00-04:00,19.889999389648438,24.75,19.889999389648438,21.700000762939453,8850,0.0,0.0
2023-03-29 00:00:00-04:00,21.579999923706055,21.760000228881836,20.75,20.899999618530273,4915,0.0,0.0
2023-03-30 00:00:00-04:00,21.0,21.700000762939453,21.0,21.700000762939453,1339,0.0,0.0
2023-03-31 00:00:00-04:00,21.969999313354492,22.0,21.0,21.649999618530273,608,0.0,0.0
2023-04-03 00:00:00-04:00,22.260000228881836,22.260000228881836,20.90999984741211,21.399999618530273,2423,0.0,0.0
2023-04-04 00:00:00-04:00,22.149999618530273,22.149999618530273,21.420000076293945,21.420000076293945,528,0.0,0.0
2023-04-05 00:00:00-04:00,21.829999923706055,21.829999923706055,20.450000762939453,20.9950008392334,8544,0.0,0.0
2023-04-06 00:00:00-04:00,21.0,22.174999237060547,20.799999237060547,21.5,1759,0.0,0.0
2023-04-10 00:00:00-04:00,22.100000381469727,23.100000381469727,19.899999618530273,19.899999618530273,3572,0.0,0.0
2023-04-11 00:00:00-04:00,20.0,20.0,19.90999984741211,19.989999771118164,3200,0.0,0.0
2023-04-12 00:00:00-04:00,19.780000686645508,19.780000686645508,19.780000686645508,19.780000686645508,506,0.0,0.0
2023-04-13 00:00:00-04:00,20.100000381469727,20.100000381469727,19.5,19.700000762939453,5612,0.0,0.0
2023-04-14 00:00:00-04:00,19.450000762939453,19.479999542236328,19.049999237060547,19.389999389648438,1190,0.0,0.0
2023-04-17 00:00:00-04:00,19.469999313354492,19.469999313354492,19.450000762939453,19.450000762939453,524,0.0,0.0
2023-04-18 00:00:00-04:00,20.0,20.0,20.0,20.0,226,0.0,0.0
2023-04-19 00:00:00-04:00,20.299999237060547,20.299999237060547,20.149999618530273,20.149999618530273,826,0.0,0.0
2023-04-20 00:00:00-04:00,20.399999618530273,21.110000610351562,20.399999618530273,21.110000610351562,604,0.0,0.0
2023-04-21 00:00:00-04:00,21.479999542236328,21.479999542236328,21.479999542236328,21.479999542236328,314,0.0,0.0
2023-04-24 00:00:00-04:00,21.420000076293945,21.790000915527344,21.420000076293945,21.75,430,0.0,0.0
2023-04-25 00:00:00-04:00,22.200000762939453,22.200000762939453,21.010000228881836,21.700000762939453,1582,0.0,0.0
2023-04-26 00:00:00-04:00,21.600000381469727,21.719999313354492,21.469999313354492,21.5,1739,0.0,0.0
2023-04-27 00:00:00-04:00,21.770000457763672,22.399999618530273,21.700000762939453,21.700000762939453,3575,0.0,0.0
2023-04-28 00:00:00-04:00,22.299999237060547,22.329999923706055,21.649999618530273,22.0,1878,0.0,0.0
2023-05-01 00:00:00-04:00,21.950000762939453,23.5,21.5,21.700000762939453,3223,0.0,0.0
2023-05-02 00:00:00-04:00,21.670000076293945,21.670000076293945,21.6299991607666,21.649999618530273,346,0.0,0.0
2023-05-03 00:00:00-04:00,21.760000228881836,21.899999618530273,21.0,21.100000381469727,3227,0.0,0.0
2023-05-04 00:00:00-04:00,21.0,21.5,21.0,21.399999618530273,2984,0.0,0.0
2023-05-05 00:00:00-04:00,21.420000076293945,22.389999389648438,20.950000762939453,21.649999618530273,12137,0.0,0.0
2023-05-08 00:00:00-04:00,21.559999465942383,21.700000762939453,21.06999969482422,21.06999969482422,3506,0.0,0.0
2023-05-09 00:00:00-04:00,21.049999237060547,21.049999237060547,21.049999237060547,21.049999237060547,170,0.0,0.0
2023-05-10 00:00:00-04:00,21.3700008392334,21.3700008392334,21.3700008392334,21.3700008392334,312,0.0,0.0
2023-05-11 00:00:00-04:00,21.649999618530273,23.200000762939453,21.649999618530273,22.469999313354492,3657,0.0,0.0
2023-05-12 00:00:00-04:00,22.989999771118164,23.5,22.0,22.729999542236328,13185,0.0,0.0
2023-05-15 00:00:00-04:00,22.700000762939453,23.700000762939453,21.065000534057617,21.065000534057617,12269,0.0,0.0
2023-05-16 00:00:00-04:00,19.959999084472656,21.0,19.315000534057617,19.600000381469727,5644,0.0,0.0
2023-05-17 00:00:00-04:00,19.799999237060547,20.200000762939453,19.5,19.5,3249,0.0,0.0
2023-05-18 00:00:00-04:00,19.950000762939453,21.899999618530273,19.600000381469727,21.5,7676,0.0,0.0
2023-05-19 00:00:00-04:00,22.209999084472656,22.75,21.049999237060547,21.049999237060547,12484,0.0,0.0
2023-05-22 00:00:00-04:00,21.809999465942383,23.0,21.020000457763672,21.770000457763672,15237,0.0,0.0
2023-05-23 00:00:00-04:00,21.200000762939453,22.5,21.0049991607666,21.049999237060547,3593,0.0,0.0
2023-05-24 00:00:00-04:00,21.639999389648438,21.639999389648438,20.6299991607666,20.6299991607666,1032,0.0,0.0
2023-05-25 00:00:00-04:00,21.100000381469727,22.149999618530273,20.6200008392334,21.510000228881836,10715,0.0,0.0
2023-05-26 00:00:00-04:00,21.5,23.860000610351562,21.5,22.100000381469727,15182,0.0,0.0
2023-05-30 00:00:00-04:00,22.209999084472656,22.600000381469727,21.799999237060547,21.799999237060547,8588,0.0,0.0
2023-05-31 00:00:00-04:00,22.09000015258789,22.5,21.520000457763672,21.600000381469727,13298,0.0,0.0
2023-06-01 00:00:00-04:00,22.010000228881836,22.799999237060547,21.40999984741211,22.0,14671,0.0,0.0
2023-06-02 00:00:00-04:00,22.5,23.360000610351562,22.299999237060547,22.940000534057617,3762,0.0,0.0
2023-06-05 00:00:00-04:00,22.90999984741211,22.90999984741211,22.600000381469727,22.600000381469727,7898,0.0,0.0
2023-06-06 00:00:00-04:00,22.0,22.950000762939453,21.360000610351562,22.950000762939453,1324,0.0,0.0
2023-06-07 00:00:00-04:00,23.790000915527344,23.799999237060547,22.5,22.56999969482422,6372,0.0,0.0
2023-06-08 00:00:00-04:00,22.81999969482422,22.81999969482422,21.149999618530273,22.5,13182,0.0,0.0
2023-06-09 00:00:00-04:00,22.649999618530273,22.989999771118164,21.850000381469727,22.049999237060547,18268,0.0,0.0
2023-06-12 00:00:00-04:00,22.399999618530273,22.399999618530273,21.770000457763672,21.770000457763672,432,0.0,0.0
2023-06-13 00:00:00-04:00,21.440000534057617,22.649999618530273,21.399999618530273,22.40060043334961,10263,0.0,0.0
2023-06-14 00:00:00-04:00,22.020000457763672,22.020000457763672,22.010000228881836,22.020000457763672,725,0.0,0.0
2023-06-15 00:00:00-04:00,22.100000381469727,22.690000534057617,21.799999237060547,22.110000610351562,12295,0.0,0.0
2023-06-16 00:00:00-04:00,22.25,25.200000762939453,22.0,24.979999542236328,36476,0.0,0.0
2023-06-20 00:00:00-04:00,24.5,25.899999618530273,23.5,23.600000381469727,10889,0.0,0.0
2023-06-21 00:00:00-04:00,23.5,23.5,23.0,23.0,435,0.0,0.0
2023-06-22 00:00:00-04:00,23.0,23.0,23.0,23.0,0,0.0,0.0
2023-06-23 00:00:00-04:00,23.459999084472656,24.059999465942383,22.31999969482422,23.399999618530273,4518,0.0,0.0
2023-06-26 00:00:00-04:00,23.309999465942383,23.31999969482422,22.46500015258789,22.6299991607666,1762,0.0,0.0
2023-06-27 00:00:00-04:00,22.520000457763672,24.200000762939453,21.40999984741211,24.200000762939453,8511,0.0,0.0
2023-06-28 00:00:00-04:00,24.200000762939453,24.200000762939453,24.200000762939453,24.200000762939453,0,0.0,0.0
2023-06-29 00:00:00-04:00,24.200000762939453,24.200000762939453,24.200000762939453,24.200000762939453,0,0.0,0.0
2023-06-30 00:00:00-04:00,24.139999389648438,24.139999389648438,23.0,23.049999237060547,2842,0.0,0.0
2023-07-03 00:00:00-04:00,22.639999389648438,24.0,22.299999237060547,22.299999237060547,15005,0.0,0.0
2023-07-05 00:00:00-04:00,22.600000381469727,23.600000381469727,22.06999969482422,23.350000381469727,20587,0.0,0.0
2023-07-06 00:00:00-04:00,23.149999618530273,23.270000457763672,22.520000457763672,22.579999923706055,21251,0.0,0.0
2023-07-07 00:00:00-04:00,22.799999237060547,23.100000381469727,22.520000457763672,23.0,2050,0.0,0.0
2023-07-10 00:00:00-04:00,23.3799991607666,23.3799991607666,22.709999084472656,22.709999084472656,11323,0.0,0.0
2023-07-11 00:00:00-04:00,22.75,22.75,21.729999542236328,22.5,15641,0.0,0.0
2023-07-12 00:00:00-04:00,22.549999237060547,22.549999237060547,21.110000610351562,21.209999084472656,25311,0.0,0.0
2023-07-13 00:00:00-04:00,21.09000015258789,21.450000762939453,20.450000762939453,20.8799991607666,21320,0.0,0.0
2023-07-14 00:00:00-04:00,21.040000915527344,21.049999237060547,20.0,20.100000381469727,11300,0.0,0.0
2023-07-17 00:00:00-04:00,20.690000534057617,21.149999618530273,20.18000030517578,20.260000228881836,7232,0.0,0.0
2023-07-18 00:00:00-04:00,20.5,20.850000381469727,20.0,20.510000228881836,4612,0.0,0.0
2023-07-19 00:00:00-04:00,20.299999237060547,20.5,20.0,20.0,3112,0.0,0.0
2023-07-20 00:00:00-04:00,20.0,20.100000381469727,19.5,20.100000381469727,1878,0.0,0.0
2023-07-21 00:00:00-04:00,19.829999923706055,20.440000534057617,19.829999923706055,20.010000228881836,9314,0.0,0.0
2023-07-24 00:00:00-04:00,20.229999542236328,20.229999542236328,19.6299991607666,19.6299991607666,3372,0.0,0.0
2023-07-25 00:00:00-04:00,19.829999923706055,19.829999923706055,19.829999923706055,19.829999923706055,537,0.0,0.0
2023-07-26 00:00:00-04:00,20.190000534057617,20.3700008392334,19.299999237060547,20.0,4646,0.0,0.0
2023-07-27 00:00:00-04:00,19.989999771118164,19.989999771118164,19.975000381469727,19.979999542236328,1180,0.0,0.0
2023-07-28 00:00:00-04:00,20.079999923706055,21.399999618530273,20.079999923706055,20.899999618530273,1833,0.0,0.0
2023-07-31 00:00:00-04:00,21.399999618530273,22.149999618530273,20.719999313354492,21.5,4482,0.0,0.0
2023-08-01 00:00:00-04:00,20.600000381469727,22.299999237060547,20.600000381469727,21.5,3286,0.0,0.0
2023-08-02 00:00:00-04:00,21.559999465942383,21.559999465942383,21.540000915527344,21.540000915527344,1182,0.0,0.0
2023-08-03 00:00:00-04:00,21.399999618530273,21.40999984741211,19.829999923706055,21.0,10659,0.0,0.0
2023-08-04 00:00:00-04:00,20.690000534057617,20.700000762939453,20.0,20.0,1082,0.0,0.0
2023-08-07 00:00:00-04:00,18.850000381469727,19.850000381469727,18.850000381469727,19.850000381469727,3912,0.0,0.0
2023-08-08 00:00:00-04:00,19.1200008392334,19.1200008392334,19.1200008392334,19.1200008392334,711,0.0,0.0
2023-08-09 00:00:00-04:00,19.350000381469727,19.6200008392334,19.1200008392334,19.1200008392334,847,0.0,0.0
2023-08-10 00:00:00-04:00,19.549999237060547,19.600000381469727,18.899999618530273,18.90999984741211,4005,0.0,0.0
2023-08-11 00:00:00-04:00,19.0,19.0,18.5,18.5,1021,0.0,0.0
2023-08-14 00:00:00-04:00,18.829999923706055,19.0,18.229999542236328,18.229999542236328,4284,0.0,0.0
2023-08-15 00:00:00-04:00,18.389999389648438,18.8700008392334,17.700000762939453,18.25,11657,0.0,0.0
2023-08-16 00:00:00-04:00,18.420000076293945,18.700000762939453,18.420000076293945,18.610000610351562,850,0.0,0.0
2023-08-17 00:00:00-04:00,18.610000610351562,18.610000610351562,18.010000228881836,18.100000381469727,1532,0.0,0.0
2023-08-18 00:00:00-04:00,17.899999618530273,18.700000762939453,17.899999618530273,18.25,2972,0.0,0.0
2023-08-21 00:00:00-04:00,18.729999542236328,19.0,17.8799991607666,18.200000762939453,16306,0.0,0.0
2023-08-22 00:00:00-04:00,18.200000762939453,18.200000762939453,18.200000762939453,18.200000762939453,0,0.0,0.0
2023-08-23 00:00:00-04:00,18.469999313354492,18.5,18.200000762939453,18.5,2656,0.0,0.0
2023-08-24 00:00:00-04:00,18.43000030517578,18.43000030517578,18.43000030517578,18.43000030517578,1648,0.0,0.0
2023-08-25 00:00:00-04:00,18.40999984741211,18.40999984741211,18.40999984741211,18.40999984741211,230,0.0,0.0
2023-08-28 00:00:00-04:00,18.40999984741211,18.40999984741211,18.40999984741211,18.40999984741211,0,0.0,0.0
2023-08-29 00:00:00-04:00,18.40999984741211,18.40999984741211,18.40999984741211,18.40999984741211,0,0.0,0.0
2023-08-30 00:00:00-04:00,18.0,18.0,18.0,18.0,667,0.0,0.0
2023-08-31 00:00:00-04:00,17.700000762939453,18.0,17.40999984741211,17.700000762939453,4216,0.0,0.0
2023-09-01 00:00:00-04:00,18.31999969482422,18.31999969482422,18.31999969482422,18.31999969482422,177,0.0,0.0
2023-09-05 00:00:00-04:00,18.40999984741211,20.0,18.40999984741211,19.1200008392334,4959,0.0,0.0
2023-09-06 00:00:00-04:00,19.200000762939453,19.549999237060547,19.170000076293945,19.200000762939453,1037,0.0,0.0
2023-09-07 00:00:00-04:00,19.540000915527344,20.03499984741211,19.3799991607666,20.03499984741211,5671,0.0,0.0
2023-09-08 00:00:00-04:00,20.09000015258789,21.020000457763672,19.040000915527344,20.312000274658203,19411,0.0,0.0
2023-09-11 00:00:00-04:00,20.389999389648438,21.350000381469727,19.8435001373291,21.350000381469727,17456,0.0,0.0
2023-09-12 00:00:00-04:00,20.809999465942383,20.809999465942383,19.5,20.200000762939453,13857,0.0,0.0
2023-09-13 00:00:00-04:00,20.510000228881836,20.799999237060547,20.0,20.0,20324,0.0,0.0
2023-09-14 00:00:00-04:00,19.959999084472656,20.548900604248047,19.200000762939453,19.809999465942383,19321,0.0,0.0
2023-09-15 00:00:00-04:00,19.0,19.780000686645508,18.200000762939453,18.200000762939453,12786,0.0,0.0
2023-09-18 00:00:00-04:00,18.59000015258789,19.5,18.5,19.040000915527344,27717,0.0,0.0
2023-09-19 00:00:00-04:00,19.010000228881836,19.34000015258789,18.5,18.950000762939453,10033,0.0,0.0
2023-09-20 00:00:00-04:00,19.399999618530273,19.700000762939453,18.25,18.520000457763672,12218,0.0,0.0
2023-09-21 00:00:00-04:00,18.360000610351562,19.299999237060547,17.99920082092285,18.149999618530273,10180,0.0,0.0
2023-09-22 00:00:00-04:00,18.600000381469727,18.600000381469727,18.18000030517578,18.200000762939453,2895,0.0,0.0
2023-09-25 00:00:00-04:00,18.200000762939453,18.399999618530273,17.010000228881836,17.030000686645508,24973,0.0,0.0
2023-09-26 00:00:00-04:00,17.0,17.100000381469727,16.399999618530273,16.399999618530273,2660,0.0,0.0
2023-09-27 00:00:00-04:00,16.899999618530273,16.899999618530273,16.899999618530273,16.899999618530273,356,0.0,0.0
2023-09-28 00:00:00-04:00,17.06999969482422,17.06999969482422,16.450000762939453,16.450000762939453,1161,0.0,0.0
2023-09-29 00:00:00-04:00,17.270000457763672,17.299999237060547,17.200000762939453,17.299999237060547,2371,0.0,0.0
2023-10-02 00:00:00-04:00,17.700000762939453,19.110000610351562,16.700000762939453,17.899999618530273,14692,0.0,0.0
2023-10-03 00:00:00-04:00,17.899999618530273,17.899999618530273,17.899999618530273,17.899999618530273,0,0.0,0.0
2023-10-04 00:00:00-04:00,17.360000610351562,17.399999618530273,16.200000762939453,16.200000762939453,15263,0.0,0.0
2023-10-05 00:00:00-04:00,15.510000228881836,15.649999618530273,14.510000228881836,14.649999618530273,11042,0.0,0.0
2023-10-06 00:00:00-04:00,15.510000228881836,15.510000228881836,14.5,14.5,3871,0.0,0.0
2023-10-09 00:00:00-04:00,14.65999984741211,15.949999809265137,14.385000228881836,15.399999618530273,11543,0.0,0.0
2023-10-10 00:00:00-04:00,15.600000381469727,15.600000381469727,14.989999771118164,15.25,13285,0.0,0.0
2023-10-11 00:00:00-04:00,14.960000038146973,15.699999809265137,14.5600004196167,14.5600004196167,1460,0.0,0.0
2023-10-12 00:00:00-04:00,14.829999923706055,15.5,14.451000213623047,15.3100004196167,1927,0.0,0.0
2023-10-13 00:00:00-04:00,13.899999618530273,14.899999618530273,13.675000190734863,14.550000190734863,6745,0.0,0.0
2023-10-16 00:00:00-04:00,14.789999961853027,14.789999961853027,13.520000457763672,13.569999694824219,1277,0.0,0.0
2023-10-17 00:00:00-04:00,14.010000228881836,15.199999809265137,13.574999809265137,13.680000305175781,6065,0.0,0.0
2023-10-18 00:00:00-04:00,13.819999694824219,13.819999694824219,13.819999694824219,13.819999694824219,208,0.0,0.0
2023-10-19 00:00:00-04:00,14.989999771118164,14.989999771118164,14.989999771118164,14.989999771118164,974,0.0,0.0
2023-10-20 00:00:00-04:00,14.649999618530273,14.649999618530273,14.649999618530273,14.649999618530273,1066,0.0,0.0
2023-10-23 00:00:00-04:00,14.600000381469727,14.600000381469727,13.4975004196167,13.550000190734863,4397,0.0,0.0
2023-10-24 00:00:00-04:00,13.930000305175781,14.140000343322754,13.609999656677246,13.619999885559082,807,0.0,0.0
2023-10-25 00:00:00-04:00,13.619999885559082,13.619999885559082,13.619999885559082,13.619999885559082,0,0.0,0.0
2023-10-26 00:00:00-04:00,14.399999618530273,14.399999618530273,14.399999618530273,14.399999618530273,463,0.0,0.0
2023-10-27 00:00:00-04:00,13.300000190734863,14.399999618530273,13.300000190734863,13.539999961853027,580,0.0,0.0
2023-10-30 00:00:00-04:00,13.010000228881836,13.010000228881836,13.010000228881836,13.010000228881836,214,0.0,0.0
2023-10-31 00:00:00-04:00,13.5,14.0,12.800000190734863,12.800000190734863,15582,0.0,0.0
2023-11-01 00:00:00-04:00,12.800000190734863,13.100000381469727,12.5,12.5,7584,0.0,0.0
2023-11-02 00:00:00-04:00,13.0,14.399999618530273,12.520000457763672,12.520000457763672,2732,0.0,0.0
2023-11-03 00:00:00-04:00,12.979999542236328,13.399999618530273,12.600000381469727,12.600000381469727,1013,0.0,0.0
2023-11-06 00:00:00-05:00,12.850000381469727,12.850000381469727,12.850000381469727,12.850000381469727,730,0.0,0.0
2023-11-07 00:00:00-05:00,12.579999923706055,12.600000381469727,11.779999732971191,12.600000381469727,10978,0.0,0.0
2023-11-08 00:00:00-05:00,13.199999809265137,13.210000038146973,11.204999923706055,11.5,9810,0.0,0.0
2023-11-09 00:00:00-05:00,11.989999771118164,12.9399995803833,10.770000457763672,10.770000457763672,18299,0.0,0.0
2023-11-10 00:00:00-05:00,11.0,11.5,10.130000114440918,10.130000114440918,5472,0.0,0.0
2023-11-13 00:00:00-05:00,9.25,10.180000305175781,9.25,9.619999885559082,1626,0.0,0.0
2023-11-14 00:00:00-05:00,10.380000114440918,10.479999542236328,9.444999694824219,9.444999694824219,2676,0.0,0.0
2023-11-15 00:00:00-05:00,9.9399995803833,10.890000343322754,9.680000305175781,9.90999984741211,8802,0.0,0.0
2023-11-16 00:00:00-05:00,10.5,10.5,10.008999824523926,10.008999824523926,686,0.0,0.0
2023-11-17 00:00:00-05:00,10.600000381469727,10.600000381469727,10.0,10.0,616,0.0,0.0
2023-11-20 00:00:00-05:00,10.59000015258789,10.880000114440918,10.5,10.550000190734863,6505,0.0,0.0
2023-11-21 00:00:00-05:00,10.579999923706055,12.699999809265137,10.550000190734863,12.699999809265137,5739,0.0,0.0
2023-11-22 00:00:00-05:00,13.430000305175781,14.270000457763672,12.800000190734863,13.729999542236328,15541,0.0,0.0
2023-11-24 00:00:00-05:00,13.930000305175781,14.430000305175781,13.920000076293945,14.430000305175781,867,0.0,0.0
2023-11-27 00:00:00-05:00,14.0,14.3100004196167,12.800000190734863,13.0,6368,0.0,0.0
2023-11-28 00:00:00-05:00,13.949999809265137,13.949999809265137,12.600000381469727,13.649999618530273,1094,0.0,0.0
2023-11-29 00:00:00-05:00,14.300000190734863,14.300000190734863,12.550000190734863,13.59000015258789,5180,0.0,0.0
2023-11-30 00:00:00-05:00,12.789999961853027,13.079999923706055,12.5,12.899999618530273,1552,0.0,0.0
2023-12-01 00:00:00-05:00,13.300000190734863,13.649999618530273,12.829999923706055,12.829999923706055,1289,0.0,0.0
2023-12-04 00:00:00-05:00,13.020000457763672,13.850000381469727,12.5,13.279999732971191,5444,0.0,0.0
2023-12-05 00:00:00-05:00,13.710000038146973,13.710000038146973,12.8100004196167,13.100000381469727,2293,0.0,0.0
2023-12-06 00:00:00-05:00,13.25,13.25,13.25,13.25,627,0.0,0.0
2023-12-07 00:00:00-05:00,13.260000228881836,13.399999618530273,12.619999885559082,12.949999809265137,1770,0.0,0.0
2023-12-08 00:00:00-05:00,13.069999694824219,13.15999984741211,13.0,13.130000114440918,1594,0.0,0.0
2023-12-11 00:00:00-05:00,13.380000114440918,13.619999885559082,12.5,13.489999771118164,2748,0.0,0.0
2023-12-12 00:00:00-05:00,13.800000190734863,13.800000190734863,13.010000228881836,13.649999618530273,2725,0.0,0.0
2023-12-13 00:00:00-05:00,13.859999656677246,14.210000038146973,12.699999809265137,13.600000381469727,2792,0.0,0.0
2023-12-14 00:00:00-05:00,13.399999618530273,13.699999809265137,13.010000228881836,13.600000381469727,756,0.0,0.0
2023-12-15 00:00:00-05:00,13.600000381469727,13.600000381469727,13.600000381469727,13.600000381469727,0,0.0,0.0
2023-12-18 00:00:00-05:00,13.890000343322754,13.949999809265137,13.0600004196167,13.579999923706055,2137,0.0,0.0
2023-12-19 00:00:00-05:00,13.899999618530273,14.510000228881836,13.699999809265137,14.5,2847,0.0,0.0
2023-12-20 00:00:00-05:00,14.489999771118164,14.489999771118164,13.329999923706055,13.619999885559082,2848,0.0,0.0
2023-12-21 00:00:00-05:00,14.0,14.0,13.300000190734863,13.579999923706055,1961,0.0,0.0
2023-12-22 00:00:00-05:00,13.770000457763672,13.770000457763672,13.770000457763672,13.770000457763672,528,0.0,0.0
2023-12-26 00:00:00-05:00,13.739999771118164,13.739999771118164,13.699999809265137,13.699999809265137,266,0.0,0.0
2023-12-27 00:00:00-05:00,13.9399995803833,14.074999809265137,13.9399995803833,13.9399995803833,5442,0.0,0.0
2023-12-28 00:00:00-05:00,14.180000305175781,14.199999809265137,13.949999809265137,13.979999542236328,3234,0.0,0.0
2023-12-29 00:00:00-05:00,13.800000190734863,15.300000190734863,13.800000190734863,14.079999923706055,4518,0.0,0.0
2024-01-02 00:00:00-05:00,14.1899995803833,14.1899995803833,13.550000190734863,13.550000190734863,925,0.0,0.0
2024-01-03 00:00:00-05:00,13.550000190734863,13.550000190734863,13.550000190734863,13.550000190734863,0,0.0,0.0
2024-01-04 00:00:00-05:00,13.760000228881836,13.760000228881836,13.760000228881836,13.760000228881836,436,0.0,0.0
2024-01-05 00:00:00-05:00,13.000100135803223,13.399999618530273,12.65999984741211,13.079999923706055,8917,0.0,0.0
2024-01-08 00:00:00-05:00,13.229999542236328,13.800000190734863,12.859999656677246,13.489999771118164,4791,0.0,0.0
2024-01-09 00:00:00-05:00,14.600000381469727,14.600000381469727,13.579999923706055,13.600000381469727,3946,0.0,0.0
2024-01-10 00:00:00-05:00,14.100000381469727,14.100000381469727,13.600000381469727,13.600000381469727,1452,0.0,0.0
2024-01-11 00:00:00-05:00,13.789999961853027,13.789999961853027,13.199999809265137,13.5,2371,0.0,0.0
2024-01-12 00:00:00-05:00,13.430000305175781,13.899999618530273,13.210000038146973,13.550000190734863,1267,0.0,0.0
2024-01-16 00:00:00-05:00,13.460000038146973,13.460000038146973,13.0,13.1899995803833,1622,0.0,0.0
2024-01-17 00:00:00-05:00,13.40999984741211,13.430000305175781,13.300000190734863,13.300000190734863,478,0.0,0.0
2024-01-18 00:00:00-05:00,13.5,13.5,13.5,13.5,481,0.0,0.0
2024-01-19 00:00:00-05:00,13.600000381469727,13.600000381469727,13.600000381469727,13.600000381469727,245,0.0,0.0
2024-01-22 00:00:00-05:00,13.899999618530273,13.899999618530273,13.210000038146973,13.210000038146973,1133,0.0,0.0
2024-01-23 00:00:00-05:00,13.210000038146973,13.210000038146973,13.210000038146973,13.210000038146973,0,0.0,0.0
2024-01-24 00:00:00-05:00,13.100000381469727,13.210000038146973,12.890000343322754,13.109999656677246,3123,0.0,0.0
2024-01-25 00:00:00-05:00,13.09000015258789,13.09000015258789,13.09000015258789,13.09000015258789,171,0.0,0.0
2024-01-26 00:00:00-05:00,13.09000015258789,13.09000015258789,13.09000015258789,13.09000015258789,0,0.0,0.0
2024-01-29 00:00:00-05:00,13.699999809265137,13.699999809265137,13.699999809265137,13.699999809265137,332,0.0,0.0
2024-01-30 00:00:00-05:00,14.09000015258789,14.09000015258789,14.09000015258789,14.09000015258789,832,0.0,0.0
2024-01-31 00:00:00-05:00,13.84000015258789,13.84000015258789,13.729999542236328,13.729999542236328,610,0.0,0.0
2024-02-01 00:00:00-05:00,13.789999961853027,14.399999618530273,13.630000114440918,13.649999618530273,2924,0.0,0.0
2024-02-02 00:00:00-05:00,14.0,14.350000381469727,13.649999618530273,13.649999618530273,2588,0.0,0.0
2024-02-05 00:00:00-05:00,14.0,14.100000381469727,13.350000381469727,13.789999961853027,1964,0.0,0.0
2024-02-06 00:00:00-05:00,14.0,15.399999618530273,13.729999542236328,13.850000381469727,8244,0.0,0.0
2024-02-07 00:00:00-05:00,14.109999656677246,14.899999618530273,13.760000228881836,14.899999618530273,4563,0.0,0.0
2024-02-08 00:00:00-05:00,15.010000228881836,15.600000381469727,14.550000190734863,15.199999809265137,9511,0.0,0.0
2024-02-09 00:00:00-05:00,15.0,15.25,14.900099754333496,15.25,12247,0.0,0.0
2024-02-12 00:00:00-05:00,15.25,15.25,15.25,15.25,0,0.0,0.0
2024-02-13 00:00:00-05:00,15.0,16.899999618530273,14.729999542236328,14.729999542236328,14246,0.0,0.0
2024-02-14 00:00:00-05:00,15.800000190734863,15.800000190734863,15.000100135803223,15.25,980,0.0,0.0
2024-02-15 00:00:00-05:00,15.800000190734863,15.800000190734863,15.300000190734863,15.300000190734863,550,0.0,0.0
2024-02-16 00:00:00-05:00,15.699999809265137,16.399999618530273,15.0,15.449000358581543,9491,0.0,0.0
2024-02-20 00:00:00-05:00,15.449000358581543,15.449000358581543,15.449000358581543,15.449000358581543,0,0.0,0.0
2024-02-21 00:00:00-05:00,15.449000358581543,15.449000358581543,15.449000358581543,15.449000358581543,0,0.0,0.0
2024-02-22 00:00:00-05:00,15.49899959564209,17.200000762939453,14.300000190734863,14.800000190734863,19454,0.0,0.0
2024-02-23 00:00:00-05:00,14.800000190734863,14.800000190734863,14.800000190734863,14.800000190734863,0,0.0,0.0
2024-02-26 00:00:00-05:00,14.800000190734863,14.800000190734863,14.800000190734863,14.800000190734863,0,0.0,0.0
2024-02-27 00:00:00-05:00,14.800000190734863,14.800000190734863,14.800000190734863,14.800000190734863,0,0.0,0.0
2024-02-28 00:00:00-05:00,14.699999809265137,15.300000190734863,14.699999809265137,15.119999885559082,4050,0.0,0.0
2024-02-29 00:00:00-05:00,15.119999885559082,15.119999885559082,15.119999885559082,15.119999885559082,0,0.0,0.0
2024-03-01 00:00:00-05:00,15.119999885559082,15.119999885559082,15.119999885559082,15.119999885559082,0,0.0,0.0
2024-03-04 00:00:00-05:00,15.170000076293945,15.300000190734863,15.111000061035156,15.300000190734863,1416,0.0,0.0
2024-03-05 00:00:00-05:00,16.0,16.100000381469727,15.479999542236328,15.479999542236328,2227,0.0,0.0
2024-03-06 00:00:00-05:00,16.399999618530273,16.399999618530273,16.100000381469727,16.100000381469727,2974,0.0,0.0
2024-03-07 00:00:00-05:00,16.100000381469727,16.100000381469727,16.100000381469727,16.100000381469727,0,0.0,0.0
2024-03-08 00:00:00-05:00,16.100000381469727,16.100000381469727,16.100000381469727,16.100000381469727,0,0.0,0.0
2024-03-11 00:00:00-04:00,16.100000381469727,16.100000381469727,16.100000381469727,16.100000381469727,0,0.0,0.0
2024-03-12 00:00:00-04:00,14.5,15.899999618530273,14.5,15.899999618530273,737,0.0,0.0
2024-03-13 00:00:00-04:00,15.744999885559082,16.0049991607666,15.744999885559082,16.0,2666,0.0,0.0
2024-03-14 00:00:00-04:00,16.700000762939453,16.700000762939453,15.800000190734863,15.800000190734863,18545,0.0,0.0
2024-03-15 00:00:00-04:00,16.799999237060547,16.799999237060547,16.399999618530273,16.399999618530273,10965,0.0,0.0
2024-03-18 00:00:00-04:00,17.299999237060547,17.299999237060547,15.59000015258789,16.0,9381,0.0,0.0
2024-03-19 00:00:00-04:00,16.0,16.0,15.279999732971191,15.279999732971191,1466,0.0,0.0
2024-03-20 00:00:00-04:00,15.899999618530273,16.5,15.3100004196167,15.520000457763672,5544,0.0,0.0
2024-03-21 00:00:00-04:00,15.5,15.899999618530273,15.199999809265137,15.199999809265137,2668,0.0,0.0
2024-03-22 00:00:00-04:00,15.600000381469727,15.609999656677246,14.329999923706055,14.899999618530273,24038,0.0,0.0
2024-03-25 00:00:00-04:00,15.300000190734863,15.300000190734863,14.600000381469727,14.600000381469727,1166,0.0,0.0
2024-03-26 00:00:00-04:00,14.899999618530273,14.899999618530273,14.010000228881836,14.010000228881836,1293,0.0,0.0
2024-03-27 00:00:00-04:00,15.050000190734863,15.050000190734863,14.520000457763672,14.520000457763672,722,0.0,0.0
2024-03-28 00:00:00-04:00,14.5,15.199999809265137,14.5,15.069999694824219,1636,0.0,0.0
2024-04-01 00:00:00-04:00,15.0,15.220000267028809,14.0,15.220000267028809,398,0.0,0.0
2024-04-02 00:00:00-04:00,14.039999961853027,14.899999618530273,14.039999961853027,14.899999618530273,549,0.0,0.0
2024-04-03 00:00:00-04:00,14.899999618530273,14.899999618530273,14.899999618530273,14.899999618530273,0,0.0,0.0
2024-04-04 00:00:00-04:00,14.960000038146973,15.199999809265137,14.210000038146973,14.859999656677246,20327,0.0,0.0
2024-04-05 00:00:00-04:00,14.0,14.0,14.0,14.0,185,0.0,0.0
2024-04-08 00:00:00-04:00,14.449999809265137,14.600000381469727,14.449999809265137,14.5,2968,0.0,0.0
2024-04-09 00:00:00-04:00,14.0,14.0,14.0,14.0,138,0.0,0.0
2024-04-10 00:00:00-04:00,14.0,14.0,14.0,14.0,221,0.0,0.0
2024-04-11 00:00:00-04:00,14.729999542236328,14.729999542236328,14.010000228881836,14.010000228881836,436,0.0,0.0
2024-04-12 00:00:00-04:00,14.5,14.5,13.699999809265137,13.699999809265137,224,0.0,0.0
2024-04-15 00:00:00-04:00,14.0,14.800000190734863,14.0,14.800000190734863,487,0.0,0.0
2024-04-16 00:00:00-04:00,14.649999618530273,14.649999618530273,14.550000190734863,14.550000190734863,942,0.0,0.0
2024-04-17 00:00:00-04:00,15.0,15.0,15.0,15.0,386,0.0,0.0
2024-04-18 00:00:00-04:00,15.0,15.0,15.0,15.0,0,0.0,0.0
2024-04-19 00:00:00-04:00,14.260000228881836,14.699999809265137,14.260000228881836,14.699999809265137,467,0.0,0.0
2024-04-22 00:00:00-04:00,14.699999809265137,14.699999809265137,14.699999809265137,14.699999809265137,0,0.0,0.0
2024-04-23 00:00:00-04:00,14.699999809265137,14.699999809265137,14.699999809265137,14.699999809265137,0,0.0,0.0
2024-04-24 00:00:00-04:00,15.699999809265137,15.699999809265137,15.699999809265137,15.699999809265137,402,0.0,0.0
2024-04-25 00:00:00-04:00,15.699999809265137,15.699999809265137,15.699999809265137,15.699999809265137,0,0.0,0.0
2024-04-26 00:00:00-04:00,15.579999923706055,15.579999923706055,15.579999923706055,15.579999923706055,842,0.0,0.0
2024-04-29 00:00:00-04:00,15.579999923706055,15.579999923706055,15.579999923706055,15.579999923706055,0,0.0,0.0
2024-04-30 00:00:00-04:00,15.579999923706055,15.579999923706055,15.579999923706055,15.579999923706055,0,0.0,0.0
2024-05-01 00:00:00-04:00,15.1899995803833,15.649999618530273,15.180000305175781,15.5,1366,0.0,0.0
2024-05-02 00:00:00-04:00,14.380000114440918,15.399999618530273,14.380000114440918,15.399999618530273,608,0.0,0.0
2024-05-03 00:00:00-04:00,16.0,16.0,15.300000190734863,15.800000190734863,780,0.0,0.0
2024-05-06 00:00:00-04:00,16.010000228881836,16.170000076293945,15.029999732971191,15.699999809265137,21776,0.0,0.0
2024-05-07 00:00:00-04:00,15.699999809265137,15.699999809265137,15.699999809265137,15.699999809265137,0,0.0,0.0
2024-05-08 00:00:00-04:00,15.289999961853027,15.3100004196167,15.289999961853027,15.3100004196167,320,0.0,0.0
2024-05-09 00:00:00-04:00,16.299999237060547,16.299999237060547,16.299999237060547,16.299999237060547,231,0.0,0.0
2024-05-10 00:00:00-04:00,16.299999237060547,16.299999237060547,16.299999237060547,16.299999237060547,0,0.0,0.0
2024-05-13 00:00:00-04:00,16.299999237060547,16.299999237060547,16.299999237060547,16.299999237060547,0,0.0,0.0
2024-05-14 00:00:00-04:00,16.299999237060547,16.299999237060547,16.299999237060547,16.299999237060547,0,0.0,0.0
2024-05-15 00:00:00-04:00,16.299999237060547,16.299999237060547,16.299999237060547,16.299999237060547,0,0.0,0.0
2024-05-16 00:00:00-04:00,15.416099548339844,15.75,15.0,15.75,7266,0.0,0.0
2024-05-17 00:00:00-04:00,15.75,15.75,15.75,15.75,0,0.0,0.0
2024-05-20 00:00:00-04:00,15.199999809265137,16.299999237060547,15.119999885559082,15.210000038146973,9594,0.0,0.0
2024-05-21 00:00:00-04:00,14.315999984741211,15.699999809265137,14.315999984741211,15.0,5560,0.0,0.0
2024-05-22 00:00:00-04:00,14.899900436401367,14.979999542236328,14.600000381469727,14.850000381469727,3874,0.0,0.0
2024-05-23 00:00:00-04:00,14.869999885559082,15.218000411987305,14.0,14.550000190734863,4652,0.0,0.0
2024-05-24 00:00:00-04:00,14.54990005493164,15.144000053405762,13.79990005493164,14.399999618530273,10893,0.0,0.0
2024-05-28 00:00:00-04:00,14.399999618530273,14.399999618530273,14.399999618530273,14.399999618530273,0,0.0,0.0
2024-05-29 00:00:00-04:00,14.760000228881836,15.5,14.40999984741211,15.5,3735,0.0,0.0
2024-05-30 00:00:00-04:00,15.0,16.200000762939453,14.510000228881836,15.40999984741211,3427,0.0,0.0
2024-05-31 00:00:00-04:00,15.34000015258789,15.949999809265137,14.100000381469727,14.100000381469727,6927,0.0,0.0
2024-06-03 00:00:00-04:00,13.529999732971191,13.529999732971191,13.529999732971191,13.529999732971191,575,0.0,0.0
2024-06-04 00:00:00-04:00,13.970000267028809,14.140000343322754,13.510000228881836,14.140000343322754,2122,0.0,0.0
2024-06-05 00:00:00-04:00,13.600000381469727,13.600000381469727,12.510000228881836,12.510000228881836,736,0.0,0.0
2024-06-06 00:00:00-04:00,12.510000228881836,12.510000228881836,12.510000228881836,12.510000228881836,310,0.0,0.0
2024-06-07 00:00:00-04:00,12.755000114440918,12.755000114440918,12.5,12.5,1094,0.0,0.0
2024-06-10 00:00:00-04:00,12.510000228881836,12.609999656677246,12.510000228881836,12.609999656677246,918,0.0,0.0
2024-06-11 00:00:00-04:00,12.609999656677246,12.609999656677246,12.609999656677246,12.609999656677246,0,0.0,0.0
2024-06-12 00:00:00-04:00,13.390000343322754,13.479999542236328,13.390000343322754,13.479999542236328,1128,0.0,0.0
2024-06-13 00:00:00-04:00,13.5,13.5,12.5,12.5,594,0.0,0.0
2024-06-14 00:00:00-04:00,13.489999771118164,13.489999771118164,13.489999771118164,13.489999771118164,498,0.0,0.0
2024-06-17 00:00:00-04:00,13.489999771118164,13.489999771118164,13.489999771118164,13.489999771118164,0,0.0,0.0
2024-06-18 00:00:00-04:00,13.15999984741211,13.15999984741211,13.050000190734863,13.050000190734863,1788,0.0,0.0
2024-06-20 00:00:00-04:00,13.350000381469727,13.350000381469727,13.350000381469727,13.350000381469727,640,0.0,0.0
2024-06-21 00:00:00-04:00,13.329999923706055,13.329999923706055,12.25,12.25,8415,0.0,0.0
2024-06-24 00:00:00-04:00,12.960000038146973,14.300000190734863,12.859999656677246,13.600000381469727,3140,0.0,0.0
2024-06-25 00:00:00-04:00,13.300000190734863,13.4399995803833,13.050000190734863,13.050000190734863,2060,0.0,0.0
2024-06-26 00:00:00-04:00,12.5600004196167,12.5600004196167,12.5600004196167,12.5600004196167,162,0.0,0.0
2024-06-27 00:00:00-04:00,12.289999961853027,13.600000381469727,11.899999618530273,13.01099967956543,5789,0.0,0.0
2024-06-28 00:00:00-04:00,14.289999961853027,15.199999809265137,12.6899995803833,13.399999618530273,10209,0.0,0.0
2024-07-01 00:00:00-04:00,14.010000228881836,14.010000228881836,14.010000228881836,14.010000228881836,309,0.0,0.0
2024-07-02 00:00:00-04:00,13.869999885559082,13.869999885559082,13.399999618530273,13.399999618530273,879,0.0,0.0
2024-07-03 00:00:00-04:00,13.199999809265137,14.069999694824219,13.199999809265137,14.069999694824219,6441,0.0,0.0
2024-07-05 00:00:00-04:00,14.25,14.25,13.5,14.09000015258789,804,0.0,0.0
2024-07-08 00:00:00-04:00,14.09000015258789,14.09000015258789,14.09000015258789,14.09000015258789,0,0.0,0.0
2024-07-09 00:00:00-04:00,14.010000228881836,14.600000381469727,14.010000228881836,14.600000381469727,895,0.0,0.0
2024-07-10 00:00:00-04:00,14.600000381469727,14.600000381469727,14.600000381469727,14.600000381469727,0,0.0,0.0
2024-07-11 00:00:00-04:00,14.600000381469727,14.600000381469727,14.600000381469727,14.600000381469727,0,0.0,0.0
2024-07-12 00:00:00-04:00,15.0,15.050000190734863,13.819999694824219,13.949999809265137,4874,0.0,0.0
2024-07-15 00:00:00-04:00,13.949999809265137,13.949999809265137,13.949999809265137,13.949999809265137,0,0.0,0.0
2024-07-16 00:00:00-04:00,13.5,13.5,12.8149995803833,13.350000381469727,747,0.0,0.0
2024-07-17 00:00:00-04:00,13.350000381469727,13.350000381469727,13.350000381469727,13.350000381469727,0,0.0,0.0
2024-07-18 00:00:00-04:00,12.789999961853027,16.399999618530273,12.789999961853027,14.5,25656,0.0,0.0
2024-07-19 00:00:00-04:00,14.5,14.5,13.6899995803833,14.0,4651,0.0,0.0
2024-07-22 00:00:00-04:00,13.5,15.390000343322754,12.380000114440918,14.5,27385,0.0,0.0
2024-07-23 00:00:00-04:00,14.779999732971191,21.34000015258789,14.779999732971191,17.700000762939453,61669,0.0,0.0
2024-07-24 00:00:00-04:00,16.020000457763672,17.3700008392334,14.14009952545166,17.350000381469727,10824,0.0,0.0
2024-07-25 00:00:00-04:00,17.399999618530273,17.989999771118164,17.030000686645508,17.809999465942383,4535,0.0,0.0
2024-07-26 00:00:00-04:00,17.510000228881836,17.510000228881836,14.345999717712402,15.131999969482422,22071,0.0,0.0
2024-07-29 00:00:00-04:00,14.600000381469727,16.899999618530273,12.640000343322754,15.850000381469727,53733,0.0,0.0
2024-07-30 00:00:00-04:00,16.729999542236328,18.584999084472656,14.899999618530273,16.299999237060547,63829,0.0,0.0
2024-07-31 00:00:00-04:00,17.299999237060547,17.299999237060547,13.15999984741211,13.75,33798,0.0,0.0
2024-08-01 00:00:00-04:00,14.969900131225586,14.969900131225586,13.600000381469727,13.600000381469727,3811,0.0,0.0
2024-08-02 00:00:00-04:00,13.600000381469727,13.600000381469727,13.479999542236328,13.5,1275,0.0,0.0
2024-08-05 00:00:00-04:00,12.489999771118164,15.5,11.550000190734863,13.770000457763672,36894,0.0,0.0
2024-08-06 00:00:00-04:00,15.149999618530273,15.149999618530273,13.0,13.529999732971191,12117,0.0,0.0
2024-08-07 00:00:00-04:00,13.890000343322754,14.800000190734863,12.25,12.699999809265137,14312,0.0,0.0
2024-08-08 00:00:00-04:00,13.0,14.5,12.050000190734863,12.050000190734863,19543,0.0,0.0
2024-08-09 00:00:00-04:00,12.0,12.399999618530273,11.524999618530273,11.899999618530273,3898,0.0,0.0
2024-08-12 00:00:00-04:00,11.899999618530273,12.960000038146973,11.130000114440918,12.819999694824219,22330,0.0,0.0
2024-08-13 00:00:00-04:00,13.399999618530273,13.5,12.5,12.5,3745,0.0,0.0
2024-08-14 00:00:00-04:00,12.029999732971191,12.399999618530273,11.569999694824219,11.720000267028809,12626,0.0,0.0
2024-08-15 00:00:00-04:00,10.729999542236328,11.8100004196167,10.729999542236328,11.539999961853027,3317,0.0,0.0
2024-08-16 00:00:00-04:00,11.210000038146973,11.520000457763672,11.09000015258789,11.09000015258789,1647,0.0,0.0
2024-08-19 00:00:00-04:00,10.949999809265137,11.319999694824219,10.774999618530273,11.100000381469727,5703,0.0,0.0
2024-08-20 00:00:00-04:00,10.760000228881836,11.0,10.75,10.899999618530273,3201,0.0,0.0
2024-08-21 00:00:00-04:00,11.300000190734863,12.050000190734863,10.800000190734863,11.199999809265137,21708,0.0,0.0
2024-08-22 00:00:00-04:00,11.149999618530273,11.600000381469727,10.739999771118164,10.739999771118164,7059,0.0,0.0
2024-08-23 00:00:00-04:00,11.0600004196167,11.279999732971191,10.899999618530273,10.899999618530273,4732,0.0,0.0
2024-08-26 00:00:00-04:00,11.239999771118164,11.489999771118164,10.420000076293945,10.970000267028809,29307,0.0,0.0
2024-08-27 00:00:00-04:00,10.90999984741211,11.899999618530273,10.699999809265137,10.859999656677246,4817,0.0,0.0
2024-08-28 00:00:00-04:00,10.8100004196167,10.8100004196167,9.881999969482422,10.119999885559082,16353,0.0,0.0
2024-08-29 00:00:00-04:00,10.0,10.199999809265137,9.600000381469727,9.829999923706055,3347,0.0,0.0
2024-08-30 00:00:00-04:00,9.699999809265137,9.699999809265137,9.484999656677246,9.484999656677246,1913,0.0,0.0
2024-09-03 00:00:00-04:00,10.0,10.0,9.0,9.010100364685059,10915,0.0,0.0
2024-09-04 00:00:00-04:00,8.982999801635742,9.100000381469727,8.420000076293945,8.600000381469727,3754,0.0,0.0
2024-09-05 00:00:00-04:00,8.600000381469727,9.149999618530273,8.470000267028809,8.529999732971191,2859,0.0,0.0
2024-09-06 00:00:00-04:00,8.800000190734863,9.59000015258789,8.795000076293945,9.149999618530273,4578,0.0,0.0
2024-09-09 00:00:00-04:00,9.609999656677246,10.449999809265137,9.09000015258789,9.699999809265137,5549,0.0,0.0
2024-09-10 00:00:00-04:00,9.779999732971191,10.5,9.600000381469727,10.0,5224,0.0,0.0
2024-09-11 00:00:00-04:00,10.079999923706055,11.0,10.079999923706055,10.109999656677246,2618,0.0,0.0
2024-09-12 00:00:00-04:00,10.489999771118164,10.670000076293945,10.489999771118164,10.600000381469727,1728,0.0,0.0
2024-09-13 00:00:00-04:00,10.550000190734863,11.1899995803833,10.399999618530273,10.729999542236328,3394,0.0,0.0
2024-09-16 00:00:00-04:00,11.380000114440918,11.380000114440918,9.199999809265137,9.649999618530273,27202,0.0,0.0
2024-09-17 00:00:00-04:00,9.0,9.5,9.0,9.5,3999,0.0,0.0
2024-09-18 00:00:00-04:00,9.199999809265137,10.0,9.199999809265137,9.5,2731,0.0,0.0
2024-09-19 00:00:00-04:00,9.600000381469727,10.0,9.010000228881836,9.100000381469727,4525,0.0,0.0
2024-09-20 00:00:00-04:00,8.970000267028809,9.699999809265137,7.699999809265137,7.909999847412109,35092,0.0,0.0
2024-09-23 00:00:00-04:00,8.470000267028809,8.600000381469727,8.010000228881836,8.470000267028809,2767,0.0,0.0
2024-09-24 00:00:00-04:00,7.960000038146973,8.300000190734863,7.514500141143799,7.739999771118164,9985,0.0,0.0
2024-09-25 00:00:00-04:00,7.6026201248168945,8.0,7.099999904632568,7.690000057220459,9363,0.0,0.0
2024-09-26 00:00:00-04:00,7.849999904632568,8.5,7.550000190734863,7.889999866485596,5149,0.0,0.0
2024-09-27 00:00:00-04:00,8.079999923706055,8.5,7.690000057220459,7.690000057220459,3796,0.0,0.0
2024-09-30 00:00:00-04:00,8.199999809265137,8.699999809265137,7.71999979019165,8.210000038146973,18737,0.0,0.0
2024-10-01 00:00:00-04:00,8.899999618530273,8.899999618530273,7.389999866485596,8.220000267028809,18997,0.0,0.0
2024-10-02 00:00:00-04:00,7.630000114440918,7.630000114440918,7.630000114440918,7.630000114440918,872,0.0,0.0
2024-10-03 00:00:00-04:00,7.829999923706055,8.600000381469727,7.599999904632568,7.599999904632568,4122,0.0,0.0
2024-10-04 00:00:00-04:00,7.510000228881836,8.0,7.059999942779541,7.739999771118164,10737,0.0,0.0
2024-10-07 00:00:00-04:00,7.28000020980835,7.388800144195557,7.199999809265137,7.340000152587891,20728,0.0,0.0
2024-10-08 00:00:00-04:00,7.230000019073486,7.579999923706055,7.199999809265137,7.519999980926514,5417,0.0,0.0
2024-10-09 00:00:00-04:00,7.5,7.599999904632568,7.400000095367432,7.409999847412109,3519,0.0,0.0
2024-10-10 00:00:00-04:00,7.210000038146973,7.5,6.536799907684326,7.28000020980835,13321,0.0,0.0
2024-10-11 00:00:00-04:00,6.521200180053711,6.929999828338623,6.521200180053711,6.699999809265137,15146,0.0,0.0
2024-10-14 00:00:00-04:00,6.739999771118164,6.800000190734863,6.159999847412109,6.349999904632568,18534,0.0,0.0
2024-10-15 00:00:00-04:00,5.969099998474121,7.479899883270264,5.969099998474121,7.479899883270264,10582,0.0,0.0
2024-10-16 00:00:00-04:00,7.380000114440918,8.116900444030762,6.889999866485596,7.554299831390381,12844,0.0,0.0
2024-10-17 00:00:00-04:00,7.599999904632568,9.277600288391113,7.599999904632568,8.970000267028809,21431,0.0,0.0
2024-10-18 00:00:00-04:00,9.489999771118164,9.770000457763672,7.0,7.260000228881836,20087,0.0,0.0
2024-10-21 00:00:00-04:00,7.360000133514404,7.969699859619141,6.504300117492676,6.75,11555,0.0,0.0
2024-10-22 00:00:00-04:00,6.980000019073486,7.5,6.824999809265137,6.840000152587891,36337,0.0,0.0
2024-10-23 00:00:00-04:00,7.769999980926514,8.010000228881836,6.800000190734863,7.039999961853027,58790,0.0,0.0
2024-10-24 00:00:00-04:00,7.0,7.400000095367432,6.679999828338623,7.076000213623047,17022,0.0,0.0
2024-10-25 00:00:00-04:00,7.0,7.199999809265137,6.849999904632568,6.920000076293945,18773,0.0,0.0
2024-10-28 00:00:00-04:00,7.156000137329102,7.699999809265137,7.0,7.170000076293945,14625,0.0,0.0
2024-10-29 00:00:00-04:00,6.909999847412109,7.150000095367432,6.900000095367432,6.900000095367432,7300,0.0,0.0
2024-10-30 00:00:00-04:00,6.96999979019165,6.96999979019165,6.429999828338623,6.789999961853027,5320,0.0,0.0
2024-10-31 00:00:00-04:00,6.699999809265137,6.784999847412109,6.43779993057251,6.784999847412109,1971,0.0,0.0
2024-11-01 00:00:00-04:00,7.150000095367432,7.150000095367432,7.150000095367432,7.150000095367432,269,0.0,0.0
2024-11-04 00:00:00-05:00,6.869999885559082,6.900000095367432,6.699999809265137,6.900000095367432,2521,0.0,0.0
2024-11-05 00:00:00-05:00,7.054999828338623,7.110000133514404,6.800000190734863,6.909999847412109,2448,0.0,0.0
2024-11-06 00:00:00-05:00,6.909999847412109,7.699999809265137,6.909999847412109,7.099999904632568,1287,0.0,0.0
2024-11-07 00:00:00-05:00,7.099999904632568,7.099999904632568,7.090000152587891,7.090000152587891,813,0.0,0.0
2024-11-08 00:00:00-05:00,7.690000057220459,7.690000057220459,7.03000020980835,7.635300159454346,4413,0.0,0.0
2024-11-11 00:00:00-05:00,8.100000381469727,8.143699645996094,7.21999979019165,7.230000019073486,8033,0.0,0.0
2024-11-12 00:00:00-05:00,7.199999809265137,7.199999809265137,7.099999904632568,7.170000076293945,2890,0.0,0.0
2024-11-13 00:00:00-05:00,7.099999904632568,7.099999904632568,6.809999942779541,6.8520002365112305,3129,0.0,0.0
2024-11-14 00:00:00-05:00,6.8520002365112305,6.8520002365112305,6.8520002365112305,6.8520002365112305,0,0.0,0.0
2024-11-15 00:00:00-05:00,7.210000038146973,7.210000038146973,6.480000019073486,6.530700206756592,1651,0.0,0.0
2024-11-18 00:00:00-05:00,6.0640997886657715,6.630000114440918,6.046000003814697,6.046000003814697,8701,0.0,0.0
2024-11-19 00:00:00-05:00,6.550000190734863,6.78000020980835,6.480000019073486,6.539999961853027,1744,0.0,0.0
2024-11-20 00:00:00-05:00,6.2957000732421875,6.550000190734863,5.954999923706055,6.550000190734863,6646,0.0,0.0
2024-11-21 00:00:00-05:00,7.0,7.0,6.324999809265137,6.489999771118164,6999,0.0,0.0
2024-11-22 00:00:00-05:00,6.409999847412109,6.409999847412109,6.409999847412109,6.409999847412109,3382,0.0,0.0
2024-11-25 00:00:00-05:00,6.78000020980835,7.079999923706055,6.701000213623047,6.701000213623047,9178,0.0,0.0
2024-11-26 00:00:00-05:00,6.800000190734863,7.110000133514404,6.360000133514404,6.360000133514404,7330,0.0,0.0
2024-11-27 00:00:00-05:00,6.360000133514404,6.360000133514404,6.360000133514404,6.360000133514404,0,0.0,0.0
2024-11-29 00:00:00-05:00,6.360000133514404,6.360000133514404,5.889999866485596,6.263420104980469,1752,0.0,0.0
2024-12-02 00:00:00-05:00,6.590000152587891,6.679999828338623,6.590000152587891,6.679999828338623,1276,0.0,0.0
2024-12-03 00:00:00-05:00,6.639999866485596,6.650000095367432,6.019999980926514,6.650000095367432,1520,0.0,0.0
2024-12-04 00:00:00-05:00,6.6082000732421875,6.650000095367432,6.260000228881836,6.639999866485596,4489,0.0,0.0
2024-12-05 00:00:00-05:00,6.340000152587891,6.539999961853027,6.340000152587891,6.5,2263,0.0,0.0
2024-12-06 00:00:00-05:00,6.4770002365112305,6.4770002365112305,6.260000228881836,6.260000228881836,292,0.0,0.0
2024-12-09 00:00:00-05:00,6.28000020980835,6.28000020980835,6.25,6.25,2358,0.0,0.0
2024-12-10 00:00:00-05:00,6.466000080108643,6.495999813079834,6.269999980926514,6.300000190734863,1992,0.0,0.0
2024-12-11 00:00:00-05:00,6.275199890136719,6.275199890136719,6.059999942779541,6.212140083312988,1411,0.0,0.0
2024-12-12 00:00:00-05:00,6.212140083312988,6.212140083312988,6.212140083312988,6.212140083312988,0,0.0,0.0
2024-12-13 00:00:00-05:00,6.130000114440918,6.130000114440918,6.130000114440918,6.130000114440918,1742,0.0,0.0
2024-12-16 00:00:00-05:00,6.130000114440918,6.130000114440918,6.130000114440918,6.130000114440918,0,0.0,0.0
2024-12-17 00:00:00-05:00,6.690000057220459,6.690000057220459,6.690000057220459,6.690000057220459,1189,0.0,0.0
2024-12-18 00:00:00-05:00,6.523900032043457,6.96999979019165,6.25,6.25,1818,0.0,0.0
2024-12-19 00:00:00-05:00,6.493800163269043,6.493800163269043,6.360000133514404,6.360000133514404,996,0.0,0.0
2024-12-20 00:00:00-05:00,6.809999942779541,6.809999942779541,6.809999942779541,6.809999942779541,328,0.0,0.0
2024-12-23 00:00:00-05:00,6.860000133514404,8.550000190734863,6.860000133514404,7.800000190734863,17316,0.0,0.0
2024-12-24 00:00:00-05:00,7.800000190734863,7.800000190734863,7.800000190734863,7.800000190734863,0,0.0,0.0
2024-12-26 00:00:00-05:00,8.0,9.630000114440918,7.5,8.170000076293945,21007,0.0,0.0
2024-12-27 00:00:00-05:00,8.369999885559082,8.369999885559082,7.699999809265137,7.760000228881836,6357,0.0,0.0
2024-12-30 00:00:00-05:00,7.849999904632568,8.5,7.090000152587891,7.9355998039245605,6841,0.0,0.0
2024-12-31 00:00:00-05:00,7.739999771118164,9.220000267028809,7.739999771118164,8.5,8226,0.0,0.0
2025-01-02 00:00:00-05:00,8.5,8.510000228881836,7.460000038146973,7.800000190734863,40217,0.0,0.0
2025-01-03 00:00:00-05:00,8.0,8.1899995803833,7.900000095367432,8.0,2214,0.0,0.0
2025-01-06 00:00:00-05:00,8.470000267028809,8.800000190734863,8.100000381469727,8.5,7097,0.0,0.0
2025-01-07 00:00:00-05:00,8.699999809265137,9.0,7.650000095367432,7.650000095367432,17601,0.0,0.0
2025-01-08 00:00:00-05:00,7.210000038146973,7.46999979019165,6.75,6.849999904632568,2971,0.0,0.0
2025-01-10 00:00:00-05:00,6.820000171661377,7.550000190734863,6.420000076293945,6.420000076293945,6859,0.0,0.0
2025-01-13 00:00:00-05:00,6.399700164794922,6.419899940490723,6.399700164794922,6.419899940490723,2966,0.0,0.0
2025-01-14 00:00:00-05:00,6.099999904632568,6.25,5.78000020980835,6.199999809265137,6613,0.0,0.0
2025-01-15 00:00:00-05:00,6.420000076293945,6.440000057220459,6.389999866485596,6.389999866485596,2801,0.0,0.0
2025-01-16 00:00:00-05:00,6.389999866485596,6.389999866485596,6.389999866485596,6.389999866485596,0,0.0,0.0
2025-01-17 00:00:00-05:00,6.400000095367432,6.400000095367432,6.400000095367432,6.400000095367432,1910,0.0,0.0
2025-01-21 00:00:00-05:00,6.050000190734863,6.300000190734863,6.050000190734863,6.28000020980835,1659,0.0,0.0
2025-01-22 00:00:00-05:00,6.309999942779541,6.650000095367432,6.300000190734863,6.300000190734863,5304,0.0,0.0
2025-01-23 00:00:00-05:00,6.300000190734863,6.5,6.300000190734863,6.475299835205078,1565,0.0,0.0
2025-01-24 00:00:00-05:00,6.510000228881836,6.764999866485596,6.4791998863220215,6.616399765014648,2647,0.0,0.0
2025-01-27 00:00:00-05:00,6.616399765014648,6.616399765014648,6.616399765014648,6.616399765014648,0,0.0,0.0
2025-01-28 00:00:00-05:00,6.616399765014648,6.616399765014648,6.616399765014648,6.616399765014648,0,0.0,0.0
2025-01-29 00:00:00-05:00,6.616399765014648,6.616399765014648,6.616399765014648,6.616399765014648,0,0.0,0.0
2025-01-30 00:00:00-05:00,6.616399765014648,6.616399765014648,6.616399765014648,6.616399765014648,0,0.0,0.0
2025-01-31 00:00:00-05:00,5.986499786376953,6.5,5.986499786376953,6.5,721,0.0,0.0
2025-02-03 00:00:00-05:00,6.5,6.5,6.5,6.5,0,0.0,0.0
2025-02-04 00:00:00-05:00,6.369999885559082,6.369999885559082,5.900000095367432,6.0,483,0.0,0.0
2025-02-05 00:00:00-05:00,6.369999885559082,6.369999885559082,6.099999904632568,6.099999904632568,3999,0.0,0.0
2025-02-06 00:00:00-05:00,6.449999809265137,6.449999809265137,6.159999847412109,6.159999847412109,293,0.0,0.0
2025-02-07 00:00:00-05:00,6.349999904632568,6.5,6.349999904632568,6.389999866485596,1165,0.0,0.0
2025-02-10 00:00:00-05:00,7.53000020980835,7.53000020980835,6.739999771118164,6.739999771118164,1802,0.0,0.0
2025-02-11 00:00:00-05:00,6.900000095367432,6.900000095367432,6.900000095367432,6.900000095367432,179,0.0,0.0
2025-02-12 00:00:00-05:00,7.130000114440918,7.130000114440918,7.130000114440918,7.130000114440918,410,0.0,0.0
2025-02-13 00:00:00-05:00,7.130000114440918,7.130000114440918,7.130000114440918,7.130000114440918,0,0.0,0.0
2025-02-14 00:00:00-05:00,7.130000114440918,7.130000114440918,7.130000114440918,7.130000114440918,0,0.0,0.0
2025-02-18 00:00:00-05:00,6.829999923706055,7.480000019073486,6.829999923706055,7.389999866485596,2624,0.0,0.0
2025-02-19 00:00:00-05:00,7.389999866485596,7.389999866485596,7.389999866485596,7.389999866485596,0,0.0,0.0
2025-02-20 00:00:00-05:00,6.860000133514404,6.860000133514404,6.860000133514404,6.860000133514404,125,0.0,0.0
2025-02-21 00:00:00-05:00,6.860000133514404,6.860000133514404,6.860000133514404,6.860000133514404,0,0.0,0.0
2025-02-24 00:00:00-05:00,6.860000133514404,6.860000133514404,6.860000133514404,6.860000133514404,0,0.0,0.0
2025-02-25 00:00:00-05:00,6.860000133514404,6.860000133514404,6.860000133514404,6.860000133514404,0,0.0,0.0
2025-02-26 00:00:00-05:00,6.860000133514404,6.860000133514404,6.860000133514404,6.860000133514404,0,0.0,0.0
2025-02-27 00:00:00-05:00,6.860000133514404,6.860000133514404,6.860000133514404,6.860000133514404,0,0.0,0.0
2025-02-28 00:00:00-05:00,5.809999942779541,5.809999942779541,5.809999942779541,5.809999942779541,167,0.0,0.0
2025-03-03 00:00:00-05:00,6.340000152587891,6.340000152587891,6.340000152587891,6.340000152587891,145,0.0,0.0
2025-03-04 00:00:00-05:00,6.949999809265137,6.949999809265137,6.460000038146973,6.829999923706055,989,0.0,0.0
2025-03-05 00:00:00-05:00,6.739999771118164,9.5,6.699999809265137,7.420000076293945,11029,0.0,0.0
2025-03-06 00:00:00-05:00,7.25,8.70009994506836,6.699999809265137,7.409999847412109,14258,0.0,0.0
2025-03-07 00:00:00-05:00,7.800000190734863,7.800000190734863,7.800000190734863,7.800000190734863,571,0.0,0.0
2025-03-10 00:00:00-04:00,7.480000019073486,7.989999771118164,7.480000019073486,7.989999771118164,1221,0.0,0.0
2025-03-11 00:00:00-04:00,7.309999942779541,8.039999961853027,7.309999942779541,8.039999961853027,1858,0.0,0.0
2025-03-12 00:00:00-04:00,8.699999809265137,8.699999809265137,6.059999942779541,6.929999828338623,96813,0.0,0.0
2025-03-13 00:00:00-04:00,7.5,7.940000057220459,7.150000095367432,7.789999961853027,7006,0.0,0.0
2025-03-14 00:00:00-04:00,7.320000171661377,8.010000228881836,7.300000190734863,7.440000057220459,2787,0.0,0.0
2025-03-17 00:00:00-04:00,7.610000133514404,8.300000190734863,7.519999980926514,7.53000020980835,2443,0.0,0.0
2025-03-18 00:00:00-04:00,7.599999904632568,12.300000190734863,7.599999904632568,9.899999618530273,72461,0.0,0.0
2025-03-19 00:00:00-04:00,9.970000267028809,9.970000267028809,8.75,8.75,8440,0.0,0.0
2025-03-20 00:00:00-04:00,9.380000114440918,9.380000114440918,8.763899803161621,9.3100004196167,11314,0.0,0.0
2025-03-21 00:00:00-04:00,8.949999809265137,8.949999809265137,8.0,8.289999961853027,6929,0.0,0.0
2025-03-24 00:00:00-04:00,7.3815999031066895,7.880000114440918,7.300000190734863,7.880000114440918,2175,0.0,0.0
2025-03-25 00:00:00-04:00,7.099999904632568,7.610000133514404,7.099999904632568,7.099999904632568,3818,0.0,0.0
2025-03-26 00:00:00-04:00,7.190000057220459,7.190000057220459,7.0,7.0,276,0.0,0.0
2025-03-27 00:00:00-04:00,7.0,7.0,7.0,7.0,0,0.0,0.0
2025-03-28 00:00:00-04:00,7.389999866485596,7.389999866485596,7.019999980926514,7.019999980926514,562,0.0,0.0
2025-03-31 00:00:00-04:00,7.71999979019165,8.710000038146973,7.019999980926514,7.019999980926514,1799,0.0,0.0
2025-04-01 00:00:00-04:00,7.019999980926514,7.019999980926514,7.019999980926514,7.019999980926514,0,0.0,0.0
2025-04-02 00:00:00-04:00,7.510000228881836,7.800000190734863,7.21999979019165,7.21999979019165,4281,0.0,0.0
2025-04-03 00:00:00-04:00,6.699999809265137,8.649999618530273,6.699999809265137,7.699999809265137,12471,0.0,0.0
2025-04-04 00:00:00-04:00,7.5,7.541100025177002,7.5,7.5,1636,0.0,0.0
2025-04-07 00:00:00-04:00,8.800000190734863,8.800000190734863,7.5,7.640100002288818,5529,0.0,0.0
2025-04-08 00:00:00-04:00,7.5,7.5,7.463799953460693,7.463799953460693,763,0.0,0.0
2025-04-09 00:00:00-04:00,6.841700077056885,7.679999828338623,6.841700077056885,7.559999942779541,3761,0.0,0.0
2025-04-10 00:00:00-04:00,7.657299995422363,8.9399995803833,7.340000152587891,7.340000152587891,10465,0.0,0.0
2025-04-11 00:00:00-04:00,7.900000095367432,8.0,7.900000095367432,8.0,2370,0.0,0.0
2025-04-14 00:00:00-04:00,7.800000190734863,9.300000190734863,7.610000133514404,8.5,12895,0.0,0.0
2025-04-15 00:00:00-04:00,8.09000015258789,8.899999618530273,8.09000015258789,8.899999618530273,2334,0.0,0.0
2025-04-16 00:00:00-04:00,9.260000228881836,9.380000114440918,9.25,9.350000381469727,2324,0.0,0.0
2025-04-17 00:00:00-04:00,9.199999809265137,10.0,9.010000228881836,10.0,2344,0.0,0.0
2025-04-21 00:00:00-04:00,9.600000381469727,9.600000381469727,9.600000381469727,9.600000381469727,508,0.0,0.0
2025-04-22 00:00:00-04:00,10.359999656677246,10.359999656677246,9.75,10.289999961853027,1031,0.0,0.0
2025-04-23 00:00:00-04:00,10.380000114440918,11.25,10.0,10.40999984741211,5547,0.0,0.0
2025-04-24 00:00:00-04:00,10.350000381469727,10.350000381469727,9.577099800109863,10.140000343322754,1165,0.0,0.0
2025-04-25 00:00:00-04:00,9.900099754333496,11.199999809265137,9.770000457763672,11.199999809265137,6758,0.0,0.0
2025-04-28 00:00:00-04:00,10.979999542236328,13.479999542236328,9.029999732971191,12.319999694824219,14840,0.0,0.0
2025-04-29 00:00:00-04:00,13.210000038146973,14.949999809265137,11.09000015258789,11.420000076293945,16413,0.0,0.0
2025-04-30 00:00:00-04:00,11.020000457763672,12.109999656677246,11.020000457763672,11.449999809265137,3163,0.0,0.0
2025-05-01 00:00:00-04:00,12.199999809265137,13.350600242614746,12.199999809265137,13.350600242614746,3589,0.0,0.0
2025-05-02 00:00:00-04:00,13.300000190734863,13.300000190734863,12.5,12.5,529,0.0,0.0
2025-05-05 00:00:00-04:00,12.4399995803833,13.199999809265137,11.300000190734863,11.550000190734863,13556,0.0,0.0
2025-05-06 00:00:00-04:00,11.556699752807617,13.0,11.556699752807617,11.899999618530273,9147,0.0,0.0
2025-05-07 00:00:00-04:00,11.100000381469727,11.100000381469727,11.100000381469727,11.100000381469727,489,0.0,0.0
2025-05-08 00:00:00-04:00,12.0,12.0,11.0,11.010000228881836,1387,0.0,0.0
2025-05-09 00:00:00-04:00,10.300000190734863,11.75,10.109999656677246,10.539999961853027,8801,0.0,0.0
2025-05-12 00:00:00-04:00,10.539999961853027,10.539999961853027,10.539999961853027,10.539999961853027,0,0.0,0.0
2025-05-13 00:00:00-04:00,10.539999961853027,10.539999961853027,10.539999961853027,10.539999961853027,0,0.0,0.0
2025-05-14 00:00:00-04:00,10.539999961853027,10.539999961853027,10.539999961853027,10.539999961853027,0,0.0,0.0
2025-05-15 00:00:00-04:00,10.979999542236328,13.890000343322754,10.229999542236328,10.229999542236328,41790,0.0,0.0
2025-05-16 00:00:00-04:00,11.449999809265137,11.449999809265137,10.119999885559082,10.119999885559082,781,0.0,0.0
2025-05-19 00:00:00-04:00,10.020000457763672,11.90719985961914,10.020000457763672,10.710000038146973,7131,0.0,0.0
2025-05-20 00:00:00-04:00,10.550000190734863,11.59000015258789,10.510000228881836,11.229999542236328,2786,0.0,0.0
2025-05-21 00:00:00-04:00,10.65999984741211,11.5,9.779999732971191,10.5,7399,0.0,0.0
2025-05-22 00:00:00-04:00,11.0,11.0,10.100000381469727,10.140000343322754,2779,0.0,0.0
2025-05-23 00:00:00-04:00,9.930000305175781,10.899999618530273,9.699999809265137,10.899999618530273,5538,0.0,0.0
2025-05-27 00:00:00-04:00,10.34000015258789,10.890000343322754,10.34000015258789,10.890000343322754,1960,0.0,0.0
2025-05-28 00:00:00-04:00,10.699999809265137,11.350000381469727,10.350000381469727,10.359999656677246,4408,0.0,0.0
2025-05-29 00:00:00-04:00,10.220000267028809,10.220000267028809,9.300000190734863,9.989999771118164,5888,0.0,0.0
2025-05-30 00:00:00-04:00,10.640000343322754,10.640000343322754,9.600000381469727,10.550000190734863,5410,0.0,0.0
2025-06-02 00:00:00-04:00,10.350000381469727,11.050000190734863,10.140000343322754,10.25,6000,0.0,0.0
2025-06-03 00:00:00-04:00,10.890000343322754,10.939499855041504,10.880000114440918,10.939499855041504,1160,0.0,0.0
2025-06-04 00:00:00-04:00,10.880000114440918,12.270000457763672,10.399999618530273,11.350000381469727,8166,0.0,0.0
2025-06-05 00:00:00-04:00,11.329999923706055,13.229999542236328,11.199999809265137,11.850000381469727,13724,0.0,0.0
2025-06-06 00:00:00-04:00,11.449999809265137,12.6899995803833,8.630000114440918,9.595000267028809,19872,0.0,0.0
2025-06-09 00:00:00-04:00,9.960000038146973,10.399999618530273,9.738900184631348,9.738900184631348,4585,0.0,0.0
2025-06-10 00:00:00-04:00,9.449999809265137,10.329999923706055,9.449999809265137,10.329999923706055,1387,0.0,0.0
2025-06-11 00:00:00-04:00,9.989999771118164,10.199999809265137,9.699999809265137,10.0,3605,0.0,0.0
2025-06-12 00:00:00-04:00,9.600000381469727,9.600000381469727,9.600000381469727,9.600000381469727,164,0.0,0.0
2025-06-13 00:00:00-04:00,10.0,12.720000267028809,10.0,10.329999923706055,23759,0.0,0.0
2025-06-16 00:00:00-04:00,10.920000076293945,10.920000076293945,9.500100135803223,9.649999618530273,4955,0.0,0.0
2025-06-17 00:00:00-04:00,9.710000038146973,10.600000381469727,9.199999809265137,9.350000381469727,9375,0.0,0.0
2025-06-18 00:00:00-04:00,9.199999809265137,10.180000305175781,9.0,9.884900093078613,10147,0.0,0.0
2025-06-20 00:00:00-04:00,9.199999809265137,10.300000190734863,9.199999809265137,10.300000190734863,880,0.0,0.0
2025-06-23 00:00:00-04:00,9.699999809265137,10.680000305175781,9.699999809265137,10.100000381469727,4165,0.0,0.0
2025-06-24 00:00:00-04:00,9.520000457763672,11.25,9.489999771118164,10.699999809265137,26099,0.0,0.0
2025-06-25 00:00:00-04:00,10.050000190734863,10.600000381469727,8.90820026397705,10.449999809265137,6323,0.0,0.0
2025-06-26 00:00:00-04:00,10.449999809265137,10.449999809265137,10.449999809265137,10.449999809265137,0,0.0,0.0
2025-06-27 00:00:00-04:00,10.300000190734863,10.449999809265137,9.300000190734863,9.470000267028809,38533,0.0,0.0
2025-06-30 00:00:00-04:00,10.050000190734863,10.350000381469727,9.600000381469727,9.6899995803833,49549,0.0,0.0
2025-07-01 00:00:00-04:00,9.859999656677246,9.859999656677246,9.710000038146973,9.710000038146973,972,0.0,0.0
2025-07-02 00:00:00-04:00,9.710000038146973,9.710000038146973,9.710000038146973,9.710000038146973,0,0.0,0.0
2025-07-03 00:00:00-04:00,10.390000343322754,10.399999618530273,9.75,10.0,21962,0.0,0.0
2025-07-07 00:00:00-04:00,10.0,10.0,10.0,10.0,0,0.0,0.0
2025-07-08 00:00:00-04:00,10.399999618530273,10.399999618530273,10.380000114440918,10.390000343322754,2831,0.0,0.0
2025-07-09 00:00:00-04:00,10.390000343322754,10.390000343322754,10.390000343322754,10.390000343322754,0,0.0,0.0
2025-07-10 00:00:00-04:00,10.760000228881836,11.819199562072754,10.100000381469727,10.600000381469727,13665,0.0,0.0
2025-07-11 00:00:00-04:00,10.420000076293945,11.0,9.880000114440918,10.199999809265137,13316,0.0,0.0
2025-07-14 00:00:00-04:00,9.800000190734863,10.199999809265137,8.960000038146973,9.399999618530273,5961,0.0,0.0
2025-07-15 00:00:00-04:00,9.300000190734863,9.300000190734863,8.899999618530273,9.199999809265137,6182,0.0,0.0
2025-07-16 00:00:00-04:00,9.199999809265137,9.949999809265137,8.699999809265137,9.819999694824219,17536,0.0,0.0
2025-07-17 00:00:00-04:00,9.5,9.850000381469727,9.229999542236328,9.350000381469727,17280,0.0,0.0
2025-07-18 00:00:00-04:00,10.0,10.75,8.90999984741211,9.029999732971191,19672,0.0,0.0
2025-07-21 00:00:00-04:00,9.0600004196167,10.949999809265137,8.970000267028809,10.550000190734863,27019,0.0,0.0
2025-07-22 00:00:00-04:00,10.399999618530273,11.09000015258789,10.350000381469727,10.420000076293945,9269,0.0,0.0
2025-07-23 00:00:00-04:00,11.109999656677246,11.109999656677246,10.221799850463867,10.710000038146973,11976,0.0,0.0
2025-07-24 00:00:00-04:00,10.220000267028809,10.220000267028809,10.119999885559082,10.119999885559082,5093,0.0,0.0
2025-07-25 00:00:00-04:00,10.270000457763672,10.800000190734863,10.270000457763672,10.300000190734863,3532,0.0,0.0
2025-07-28 00:00:00-04:00,10.109999656677246,10.109999656677246,10.109999656677246,10.109999656677246,5353,0.0,0.0
2025-07-29 00:00:00-04:00,10.079999923706055,10.079999923706055,10.079999923706055,10.079999923706055,807,0.0,0.0
2025-07-30 00:00:00-04:00,11.09000015258789,11.1899995803833,10.170000076293945,11.1899995803833,2892,0.0,0.0
2025-07-31 00:00:00-04:00,10.229999542236328,10.850000381469727,9.979999542236328,9.979999542236328,5996,0.0,0.0
2025-08-01 00:00:00-04:00,9.699999809265137,10.0,8.960000038146973,9.100000381469727,8583,0.0,0.0
2025-08-04 00:00:00-04:00,8.890000343322754,10.100000381469727,8.869999885559082,9.300000190734863,17252,0.0,0.0
2025-08-05 00:00:00-04:00,9.300000190734863,12.729999542236328,8.699999809265137,10.850000381469727,44258,0.0,0.0
2025-08-06 00:00:00-04:00,11.699999809265137,12.350000381469727,11.225000381469727,11.225000381469727,5230,0.0,0.0
2025-08-07 00:00:00-04:00,10.699999809265137,12.800000190734863,10.699999809265137,11.949999809265137,39854,0.0,0.0
2025-08-08 00:00:00-04:00,11.9399995803833,13.449999809265137,11.5,13.449999809265137,13164,0.0,0.0
2025-08-11 00:00:00-04:00,12.399999618530273,13.199999809265137,11.510000228881836,12.140000343322754,18112,0.0,0.0
2025-08-12 00:00:00-04:00,11.970000267028809,13.40999984741211,11.970000267028809,13.100000381469727,6531,0.0,0.0
2025-08-13 00:00:00-04:00,13.100000381469727,13.100000381469727,12.010000228881836,12.010000228881836,6160,0.0,0.0
2025-08-14 00:00:00-04:00,12.010000228881836,13.199999809265137,12.010000228881836,13.199999809265137,6526,0.0,0.0
2025-08-15 00:00:00-04:00,12.270000457763672,12.800000190734863,11.8100004196167,11.8100004196167,6557,0.0,0.0
2025-08-18 00:00:00-04:00,11.960000038146973,11.960000038146973,10.600000381469727,10.600000381469727,16229,0.0,0.0
2025-08-19 00:00:00-04:00,10.300000190734863,10.300000190734863,10.300000190734863,10.300000190734863,5161,0.0,0.0
2025-08-20 00:00:00-04:00,10.319999694824219,12.0,10.319999694824219,12.0,5609,0.0,0.0
2025-08-21 00:00:00-04:00,13.0,13.0,13.0,13.0,4068,0.0,0.0
2025-08-22 00:00:00-04:00,13.0,13.0,13.0,13.0,5101,0.0,0.0
2025-08-25 00:00:00-04:00,11.609999656677246,13.100000381469727,11.609999656677246,12.550000190734863,2281,0.0,0.0
2025-08-26 00:00:00-04:00,12.699999809265137,14.770000457763672,12.449999809265137,13.649999618530273,8219,0.0,0.0
2025-08-27 00:00:00-04:00,13.649999618530273,13.649999618530273,13.649999618530273,13.649999618530273,0,0.0,0.0
2025-08-28 00:00:00-04:00,13.5,13.5,12.850000381469727,13.09000015258789,1901,0.0,0.0
2025-08-29 00:00:00-04:00,12.5,13.449999809265137,12.5,12.600000381469727,3330,0.0,0.0
2025-09-02 00:00:00-04:00,13.300000190734863,13.300000190734863,12.649999618530273,12.649999618530273,5647,0.0,0.0
2025-09-03 00:00:00-04:00,12.75,12.75,12.600000381469727,12.600000381469727,7691,0.0,0.0
2025-09-04 00:00:00-04:00,12.5,12.5,12.199999809265137,12.199999809265137,2729,0.0,0.0
2025-09-05 00:00:00-04:00,12.380000114440918,12.949999809265137,12.0,12.949999809265137,3613,0.0,0.0
2025-09-08 00:00:00-04:00,11.9399995803833,12.850000381469727,11.9399995803833,12.3100004196167,5431,0.0,0.0
2025-09-09 00:00:00-04:00,12.119999885559082,12.119999885559082,12.119999885559082,12.119999885559082,1810,0.0,0.0
2025-09-10 00:00:00-04:00,11.800000190734863,11.800000190734863,11.6899995803833,11.6899995803833,1120,0.0,0.0
2025-09-11 00:00:00-04:00,11.5,12.600000381469727,10.90999984741211,11.579999923706055,22342,0.0,0.0
2025-09-12 00:00:00-04:00,11.170000076293945,12.904999732971191,9.989999771118164,12.880000114440918,29595,0.0,0.0
2025-09-15 00:00:00-04:00,11.899999618530273,12.149999618530273,11.199999809265137,12.149999618530273,7992,0.0,0.0
2025-09-16 00:00:00-04:00,12.149999618530273,12.199999809265137,11.550000190734863,12.199999809265137,5012,0.0,0.0
2025-09-17 00:00:00-04:00,11.699999809265137,12.600000381469727,10.699999809265137,11.75,13158,0.0,0.0
2025-09-18 00:00:00-04:00,12.449999809265137,12.449999809265137,11.210000038146973,12.149999618530273,9401,0.0,0.0
2025-09-19 00:00:00-04:00,11.720000267028809,12.359999656677246,11.329999923706055,11.40999984741211,2926,0.0,0.0
2025-09-22 00:00:00-04:00,12.699999809265137,12.899999618530273,11.5600004196167,12.569999694824219,22518,0.0,0.0
2025-09-23 00:00:00-04:00,12.15999984741211,12.899999618530273,11.550000190734863,11.550000190734863,15958,0.0,0.0
2025-09-24 00:00:00-04:00,11.510000228881836,11.510000228881836,11.020000457763672,11.449999809265137,8999,0.0,0.0
2025-09-25 00:00:00-04:00,11.210000038146973,11.850000381469727,11.109999656677246,11.109999656677246,2767,0.0,0.0
2025-09-26 00:00:00-04:00,11.109999656677246,12.25,11.0,11.0,7714,0.0,0.0
2025-09-29 00:00:00-04:00,11.600000381469727,12.850000381469727,10.350000381469727,10.699999809265137,51596,0.0,0.0
2025-09-30 00:00:00-04:00,11.329999923706055,11.369999885559082,10.699999809265137,11.170000076293945,13215,0.0,0.0
2025-10-01 00:00:00-04:00,11.699999809265137,12.899999618530273,11.520000457763672,11.600000381469727,13688,0.0,0.0
2025-10-02 00:00:00-04:00,12.800000190734863,12.800000190734863,11.460000038146973,11.75,25842,0.0,0.0
2025-10-03 00:00:00-04:00,11.600000381469727,11.600000381469727,10.859999656677246,11.130000114440918,8782,0.0,0.0
2025-10-06 00:00:00-04:00,11.1899995803833,11.1899995803833,11.100000381469727,11.149999618530273,7070,0.0,0.0
2025-10-07 00:00:00-04:00,11.359999656677246,11.359999656677246,11.359999656677246,11.359999656677246,608,0.0,0.0
2025-10-08 00:00:00-04:00,11.100000381469727,11.359999656677246,11.100000381469727,11.359999656677246,8832,0.0,0.0
2025-10-09 00:00:00-04:00,11.350000381469727,11.510000228881836,11.350000381469727,11.510000228881836,2491,0.0,0.0
2025-10-10 00:00:00-04:00,11.550000190734863,11.550000190734863,11.470000267028809,11.470000267028809,4388,0.0,0.0
2025-10-13 00:00:00-04:00,11.470000267028809,11.470000267028809,11.470000267028809,11.470000267028809,0,0.0,0.0
2025-10-14 00:00:00-04:00,10.220000267028809,11.199999809265137,10.220000267028809,11.079999923706055,8035,0.0,0.0
2025-10-15 00:00:00-04:00,11.319999694824219,11.319999694824219,11.319999694824219,11.319999694824219,1972,0.0,0.0
2025-10-16 00:00:00-04:00,11.319999694824219,11.319999694824219,11.319999694824219,11.319999694824219,0,0.0,0.0
2025-10-17 00:00:00-04:00,11.510000228881836,11.550000190734863,11.039999961853027,11.039999961853027,7682,0.0,0.0
2025-10-20 00:00:00-04:00,11.600000381469727,11.600000381469727,10.989999771118164,11.350000381469727,8880,0.0,0.0
2025-10-21 00:00:00-04:00,11.09000015258789,11.300000190734863,11.09000015258789,11.300000190734863,2683,0.0,0.0
2025-10-22 00:00:00-04:00,11.199999809265137,12.199999809265137,11.199999809265137,11.963299751281738,2763,0.0,0.0
2025-10-23 00:00:00-04:00,11.65999984741211,11.75,11.550000190734863,11.600000381469727,9095,0.0,0.0
2025-10-24 00:00:00-04:00,11.649999618530273,11.699999809265137,11.510000228881836,11.600000381469727,8235,0.0,0.0
2025-10-27 00:00:00-04:00,11.600000381469727,11.600000381469727,11.600000381469727,11.600000381469727,0,0.0,0.0
2025-10-28 00:00:00-04:00,11.600000381469727,11.600000381469727,11.600000381469727,11.600000381469727,0,0.0,0.0
2025-10-29 00:00:00-04:00,11.430000305175781,11.430000305175781,11.430000305175781,11.430000305175781,2014,0.0,0.0
2025-10-30 00:00:00-04:00,11.6899995803833,11.6899995803833,11.6899995803833,11.6899995803833,2436,0.0,0.0
2025-10-31 00:00:00-04:00,11.239999771118164,12.210000038146973,11.229999542236328,11.649999618530273,10906,0.0,0.0
2025-11-03 00:00:00-05:00,11.649999618530273,11.649999618530273,11.649999618530273,11.649999618530273,0,0.0,0.0
2025-11-04 00:00:00-05:00,11.260000228881836,11.260000228881836,11.260000228881836,11.260000228881836,1264,0.0,0.0
2025-11-05 00:00:00-05:00,11.260000228881836,11.260000228881836,11.260000228881836,11.260000228881836,0,0.0,0.0
2025-11-06 00:00:00-05:00,11.260000228881836,11.260000228881836,11.260000228881836,11.260000228881836,0,0.0,0.0
2025-11-07 00:00:00-05:00,10.970000267028809,10.970000267028809,10.970000267028809,10.970000267028809,1206,0.0,0.0
2025-11-10 00:00:00-05:00,10.970000267028809,10.970000267028809,10.970000267028809,10.970000267028809,0,0.0,0.0
2025-11-11 00:00:00-05:00,10.970000267028809,10.970000267028809,10.970000267028809,10.970000267028809,0,0.0,0.0
2025-11-12 00:00:00-05:00,11.300000190734863,11.770000457763672,11.039999961853027,11.5,9576,0.0,0.0
2025-11-13 00:00:00-05:00,11.289999961853027,11.65999984741211,11.289999961853027,11.5600004196167,11355,0.0,0.0
2025-11-14 00:00:00-05:00,11.199999809265137,11.300000190734863,11.199999809265137,11.300000190734863,16997,0.0,0.0
2025-11-17 00:00:00-05:00,11.199999809265137,11.3100004196167,10.5649995803833,10.949999809265137,10795,0.0,0.0
2025-11-18 00:00:00-05:00,11.279999732971191,12.295000076293945,11.279999732971191,12.295000076293945,3504,0.0,0.0
2025-11-19 00:00:00-05:00,11.460000038146973,11.460000038146973,11.010000228881836,11.010000228881836,5807,0.0,0.0
2025-11-20 00:00:00-05:00,11.119999885559082,11.25,11.020000457763672,11.25,6961,0.0,0.0
2025-11-21 00:00:00-05:00,11.359999656677246,11.359999656677246,11.149999618530273,11.149999618530273,4194,0.0,0.0
2025-11-24 00:00:00-05:00,11.020000457763672,12.100000381469727,10.505000114440918,12.100000381469727,11874,0.0,0.0
2025-11-25 00:00:00-05:00,12.100000381469727,12.100000381469727,12.100000381469727,12.100000381469727,0,0.0,0.0
2025-11-26 00:00:00-05:00,12.100000381469727,12.100000381469727,12.100000381469727,12.100000381469727,0,0.0,0.0
2025-11-28 00:00:00-05:00,11.3100004196167,11.350000381469727,11.3100004196167,11.350000381469727,2556,0.0,0.0
2025-12-01 00:00:00-05:00,11.5,11.550000190734863,11.460000038146973,11.460000038146973,2200,0.0,0.0
2025-12-02 00:00:00-05:00,11.460000038146973,11.460000038146973,11.460000038146973,11.460000038146973,0,0.0,0.0
2025-12-03 00:00:00-05:00,11.5,12.600000381469727,11.5,12.600000381469727,1613,0.0,0.0
2025-12-04 00:00:00-05:00,12.600000381469727,12.600000381469727,12.600000381469727,12.600000381469727,0,0.0,0.0
2025-12-05 00:00:00-05:00,11.949999809265137,11.949999809265137,11.60099983215332,11.60099983215332,1922,0.0,0.0
2025-12-08 00:00:00-05:00,11.579999923706055,11.850000381469727,11.40999984741211,11.40999984741211,1541,0.0,0.0
2025-12-09 00:00:00-05:00,11.680000305175781,12.449999809265137,11.289999961853027,12.0,7840,0.0,0.0
2025-12-10 00:00:00-05:00,12.1899995803833,12.1899995803833,11.970000267028809,12.100000381469727,3412,0.0,0.0
2025-12-11 00:00:00-05:00,12.350000381469727,12.350000381469727,11.699999809265137,11.699999809265137,2086,0.0,0.0
2025-12-12 00:00:00-05:00,11.5,11.539999961853027,10.880000114440918,10.880000114440918,14857,0.0,0.0
2025-12-15 00:00:00-05:00,11.300000190734863,11.300000190734863,11.050000190734863,11.050000190734863,3057,0.0,0.0
2025-12-16 00:00:00-05:00,11.5600004196167,11.5600004196167,11.251999855041504,11.251999855041504,4660,0.0,0.0
2025-12-17 00:00:00-05:00,11.369999885559082,11.489999771118164,11.369999885559082,11.489999771118164,1960,0.0,0.0
2025-12-18 00:00:00-05:00,11.050000190734863,11.350000381469727,10.779999732971191,10.779999732971191,7269,0.0,0.0
2025-12-19 00:00:00-05:00,10.770000457763672,11.199999809265137,10.489999771118164,11.100000381469727,5622,0.0,0.0
2025-12-22 00:00:00-05:00,11.270000457763672,11.4399995803833,11.260000228881836,11.260000228881836,5373,0.0,0.0
2025-12-23 00:00:00-05:00,11.260000228881836,11.260000228881836,11.260000228881836,11.260000228881836,0,0.0,0.0
2025-12-24 00:00:00-05:00,11.109999656677246,11.300000190734863,11.0,11.300000190734863,3066,0.0,0.0
2025-12-26 00:00:00-05:00,12.600000381469727,12.600000381469727,11.520000457763672,11.520000457763672,1899,0.0,0.0
2025-12-29 00:00:00-05:00,11.239999771118164,11.949999809265137,11.239999771118164,11.25100040435791,4247,0.0,0.0
2025-12-30 00:00:00-05:00,11.59000015258789,11.699999809265137,11.119999885559082,11.279999732971191,6908,0.0,0.0
2025-12-31 00:00:00-05:00,11.600000381469727,11.600000381469727,11.600000381469727,11.600000381469727,2638,0.0,0.0
2026-01-02 00:00:00-05:00,11.569999694824219,11.569999694824219,11.25,11.25,3684,0.0,0.0
2026-01-05 00:00:00-05:00,11.5,11.680000305175781,11.479999542236328,11.479999542236328,4384,0.0,0.0
2026-01-06 00:00:00-05:00,11.09000015258789,11.619999885559082,11.0,11.489999771118164,15209,0.0,0.0
2026-01-07 00:00:00-05:00,11.479999542236328,11.479999542236328,11.40999984741211,11.40999984741211,4090,0.0,0.0
2026-01-08 00:00:00-05:00,11.600000381469727,12.75,11.600000381469727,12.75,6480,0.0,0.0
2026-01-09 00:00:00-05:00,12.800000190734863,12.800000190734863,11.75,11.75,3848,0.0,0.0
2026-01-12 00:00:00-05:00,11.75,11.75,11.75,11.75,0,0.0,0.0
2026-01-13 00:00:00-05:00,10.75,11.300000190734863,10.75,11.300000190734863,11859,0.0,0.0
2026-01-14 00:00:00-05:00,11.489999771118164,11.5,11.3100004196167,11.489999771118164,6715,0.0,0.0
2026-01-15 00:00:00-05:00,11.479999542236328,11.479999542236328,11.479999542236328,11.479999542236328,499,0.0,0.0
2026-01-16 00:00:00-05:00,11.470000267028809,11.470000267028809,11.449999809265137,11.449999809265137,407,0.0,0.0
2026-01-20 00:00:00-05:00,11.390000343322754,11.449999809265137,11.350000381469727,11.350000381469727,5745,0.0,0.0
2026-01-21 00:00:00-05:00,11.350000381469727,11.350000381469727,11.350000381469727,11.350000381469727,0,0.0,0.0
2026-01-22 00:00:00-05:00,11.350000381469727,11.350000381469727,11.350000381469727,11.350000381469727,0,0.0,0.0
2026-01-23 00:00:00-05:00,11.100099563598633,11.100099563598633,11.100099563598633,11.100099563598633,950,0.0,0.0
2026-01-26 00:00:00-05:00,10.729999542236328,11.550000190734863,10.729999542236328,11.300000190734863,7132,0.0,0.0
2026-01-27 00:00:00-05:00,11.359999656677246,11.359999656677246,11.359999656677246,11.359999656677246,1626,0.0,0.0
2026-01-28 00:00:00-05:00,11.399999618530273,11.489999771118164,11.399999618530273,11.489999771118164,283,0.0,0.0
2026-01-29 00:00:00-05:00,11.470000267028809,12.600000381469727,11.470000267028809,12.039999961853027,3114,0.0,0.0
2026-01-30 00:00:00-05:00,11.550000190734863,11.850000381469727,11.399999618530273,11.850000381469727,3096,0.0,0.0
2026-02-02 00:00:00-05:00,11.850000381469727,11.850000381469727,11.850000381469727,11.850000381469727,0,0.0,0.0
2026-02-03 00:00:00-05:00,11.449999809265137,13.109999656677246,11.449999809265137,12.369999885559082,13932,0.0,0.0
2026-02-04 00:00:00-05:00,12.550000190734863,13.539999961853027,12.010000228881836,12.399999618530273,9596,0.0,0.0
2026-02-05 00:00:00-05:00,12.100000381469727,13.199999809265137,11.600000381469727,12.0,16171,0.0,0.0
2026-02-06 00:00:00-05:00,16.299999237060547,17.399999618530273,11.800000190734863,13.460000038146973,1172270,0.0,0.0
2026-02-09 00:00:00-05:00,12.579999923706055,12.579999923706055,9.229999542236328,11.010000228881836,37636,0.0,0.0
2026-02-10 00:00:00-05:00,10.510000228881836,11.850000381469727,10.25,11.399999618530273,24358,0.0,0.0
2026-02-11 00:00:00-05:00,11.300000190734863,14.100000381469727,11.300000190734863,14.100000381469727,28884,0.0,0.0
2026-02-12 00:00:00-05:00,13.300000190734863,13.300000190734863,11.550100326538086,12.180000305175781,6665,0.0,0.0
2026-02-13 00:00:00-05:00,12.100000381469727,12.100000381469727,12.100000381469727,12.100000381469727,927,0.0,0.0
2026-02-17 00:00:00-05:00,11.649999618530273,12.824999809265137,11.640000343322754,12.09000015258789,19220,0.0,0.0
2026-02-18 00:00:00-05:00,11.5,12.4399995803833,11.5,12.015000343322754,26165,0.0,0.0
2026-02-19 00:00:00-05:00,11.829999923706055,12.75,11.765000343322754,12.380000114440918,19366,0.0,0.0
2026-02-20 00:00:00-05:00,12.010000228881836,12.885000228881836,12.0,12.680000305175781,10016,0.0,0.0
2026-02-23 00:00:00-05:00,12.199999809265137,12.550000190734863,12.010000228881836,12.5,7,0.0,0.0
2026-02-24 00:00:00-05:00,12.100000381469727,13.0,12.0,12.399999618530273,7,0.0,0.0
2026-02-25 00:00:00-05:00,12.229999542236328,12.5,12.15999984741211,12.489999771118164,7,0.0,0.0
2026-02-26 00:00:00-05:00,12.600000381469727,12.600000381469727,12.600000381469727,12.600000381469727,765,0.0,0.0
2026-02-27 00:00:00-05:00,12.050000190734863,12.40999984741211,12.050000190734863,12.300000190734863,2321,0.0,0.0
2026-03-02 00:00:00-05:00,12.149999618530273,12.930000305175781,12.0,12.930000305175781,13182,0.0,0.0
2026-03-03 00:00:00-05:00,12.550000190734863,13.050000190734863,12.550000190734863,12.800000190734863,3062,0.0,0.0
2026-03-04 00:00:00-05:00,12.630000114440918,12.630000114440918,12.399999618530273,12.399999618530273,13774,0.0,0.0
2026-03-05 00:00:00-05:00,12.399999618530273,12.649999618530273,12.0600004196167,12.180000305175781,15945,0.0,0.0
2026-03-06 00:00:00-05:00,11.8100004196167,12.239999771118164,11.1899995803833,11.550000190734863,22337,0.0,0.0
2026-03-09 00:00:00-04:00,11.109999656677246,11.239999771118164,11.100000381469727,11.239999771118164,7,0.0,0.0
2026-03-10 00:00:00-04:00,11.000100135803223,11.3149995803833,10.0649995803833,10.680000305175781,29189,0.0,0.0
2026-03-11 00:00:00-04:00,10.449999809265137,11.119999885559082,10.449999809265137,11.09000015258789,5036,0.0,0.0
2026-03-12 00:00:00-04:00,10.529999732971191,10.550000190734863,10.529999732971191,10.550000190734863,1544,0.0,0.0
2026-03-13 00:00:00-04:00,10.609999656677246,10.795000076293945,10.149999618530273,10.380000114440918,12880,0.0,0.0
2026-03-16 00:00:00-04:00,10.529999732971191,10.595000267028809,10.5,10.5,2422,0.0,0.0
2026-03-17 00:00:00-04:00,10.630000114440918,10.630000114440918,10.630000114440918,10.630000114440918,1240,0.0,0.0
2026-03-18 00:00:00-04:00,10.640000343322754,11.010000228881836,10.395000457763672,10.619999885559082,9077,0.0,0.0
2026-03-19 00:00:00-04:00,10.760000228881836,10.760000228881836,10.699999809265137,10.699999809265137,601,0.0,0.0
2026-03-20 00:00:00-04:00,10.0,10.0,8.0,8.0,9923,0.0,0.0
2026-03-23 00:00:00-04:00,8.5,9.920000076293945,8.5,9.600000381469727,11106,0.0,0.0
2026-03-24 00:00:00-04:00,9.399999618530273,10.149999618530273,9.399999618530273,9.5,7779,0.0,0.0
2026-03-25 00:00:00-04:00,9.319999694824219,9.399999618530273,9.25,9.399999618530273,1188,0.0,0.0
2026-03-26 00:00:00-04:00,9.40999984741211,9.696000099182129,9.40999984741211,9.40999984741211,2981,0.0,0.0
2026-03-27 00:00:00-04:00,9.40999984741211,9.40999984741211,9.40999984741211,9.40999984741211,0,0.0,0.0
2026-03-30 00:00:00-04:00,9.5,10.4399995803833,9.039999961853027,9.039999961853027,3028,0.0,0.0
2026-03-31 00:00:00-04:00,9.470000267028809,9.470000267028809,9.25,9.25,1029,0.0,0.0
2026-04-01 00:00:00-04:00,9.470000267028809,9.899999618530273,9.470000267028809,9.899999618530273,1003,0.0,0.0
2026-04-02 00:00:00-04:00,9.899999618530273,9.899999618530273,9.899999618530273,9.899999618530273,0,0.0,0.0
2026-04-06 00:00:00-04:00,10.0,10.680000305175781,9.890000343322754,9.890000343322754,2639,0.0,0.0
2026-04-07 00:00:00-04:00,9.522000312805176,9.899999618530273,9.522000312805176,9.739999771118164,4871,0.0,0.0
2026-04-08 00:00:00-04:00,9.569999694824219,9.989999771118164,9.375,9.430000305175781,4385,0.0,0.0
2026-04-09 00:00:00-04:00,9.699999809265137,9.699999809265137,9.550000190734863,9.550000190734863,799,0.0,0.0
2026-04-10 00:00:00-04:00,9.550999641418457,9.550999641418457,9.550999641418457,9.550999641418457,307,0.0,0.0
2026-04-13 00:00:00-04:00,9.979999542236328,9.989999771118164,9.979999542236328,9.989999771118164,955,0.0,0.0
2026-04-14 00:00:00-04:00,9.989999771118164,9.989999771118164,9.949999809265137,9.949999809265137,1001,0.0,0.0
2026-04-15 00:00:00-04:00,9.949999809265137,9.949999809265137,9.949999809265137,9.949999809265137,0,0.0,0.0
2026-04-16 00:00:00-04:00,10.0,10.710000038146973,9.699999809265137,9.699999809265137,6855,0.0,0.0
2026-04-17 00:00:00-04:00,9.989899635314941,9.989899635314941,9.989899635314941,9.989899635314941,994,0.0,0.0
2026-04-20 00:00:00-04:00,9.960000038146973,9.970000267028809,9.199999809265137,9.300000190734863,24368,0.0,0.0
2026-04-21 00:00:00-04:00,9.449999809265137,9.449999809265137,9.399999618530273,9.399999618530273,2131,0.0,0.0
2026-04-22 00:00:00-04:00,9.600000381469727,9.739999771118164,9.569999694824219,9.739999771118164,443,0.0,0.0
2026-04-23 00:00:00-04:00,9.75,9.75,9.5,9.510000228881836,740,0.0,0.0
2026-04-24 00:00:00-04:00,9.510000228881836,9.510000228881836,9.510000228881836,9.510000228881836,0,0.0,0.0
2026-04-27 00:00:00-04:00,9.510000228881836,9.510000228881836,9.510000228881836,9.510000228881836,0,0.0,0.0
2026-04-28 00:00:00-04:00,9.920000076293945,9.9399995803833,9.479999542236328,9.9399995803833,904,0.0,0.0
2026-04-29 00:00:00-04:00,9.199999809265137,9.5,9.199999809265137,9.5,524,0.0,0.0
2026-04-30 00:00:00-04:00,9.5,9.5,9.25,9.25,2505,0.0,0.0
2026-05-01 00:00:00-04:00,9.300000190734863,9.300000190734863,9.300000190734863,9.300000190734863,2618,0.0,0.0
2026-05-04 00:00:00-04:00,9.430000305175781,9.449999809265137,9.430000305175781,9.449999809265137,740,0.0,0.0
2026-05-05 00:00:00-04:00,9.399999618530273,9.800000190734863,9.399999618530273,9.789999961853027,3193,0.0,0.0
2026-05-06 00:00:00-04:00,9.739999771118164,9.914999961853027,9.574999809265137,9.890000343322754,3692,0.0,0.0
2026-05-07 00:00:00-04:00,9.890000343322754,9.890000343322754,9.890000343322754,9.890000343322754,0,0.0,0.0
2026-05-08 00:00:00-04:00,9.890000343322754,9.989999771118164,9.8100004196167,9.989999771118164,2646,0.0,0.0
2026-05-11 00:00:00-04:00,9.550000190734863,9.550000190734863,9.550000190734863,9.550000190734863,236,0.0,0.0
2026-05-12 00:00:00-04:00,9.550000190734863,9.550000190734863,9.550000190734863,9.550000190734863,0,0.0,0.0
2026-05-13 00:00:00-04:00,9.550000190734863,9.550000190734863,9.550000190734863,9.550000190734863,0,0.0,0.0
2026-05-14 00:00:00-04:00,9.550000190734863,9.550000190734863,9.550000190734863,9.550000190734863,0,0.0,0.0
2026-05-15 00:00:00-04:00,9.550000190734863,9.550000190734863,9.550000190734863,9.550000190734863,0,0.0,0.0
2026-05-18 00:00:00-04:00,9.550000190734863,9.550000190734863,9.550000190734863,9.550000190734863,0,0.0,0.0
2026-05-19 00:00:00-04:00,10.199999809265137,10.199999809265137,9.40999984741211,10.199999809265137,1196,0.0,0.0
2026-05-20 00:00:00-04:00,9.850000381469727,10.390000343322754,9.850000381469727,9.850000381469727,4527,0.0,0.0
2026-05-21 00:00:00-04:00,9.850000381469727,9.850000381469727,9.850000381469727,9.850000381469727,0,0.0,0.0
2026-05-22 00:00:00-04:00,9.829999923706055,9.829999923706055,9.279999732971191,9.279999732971191,1435,0.0,0.0
2026-05-26 00:00:00-04:00,9.369999885559082,9.369999885559082,9.140000343322754,9.140000343322754,1048,0.0,0.0
2026-05-27 00:00:00-04:00,9.800000190734863,10.050000190734863,8.920000076293945,8.930000305175781,15265,0.0,0.0
2026-05-28 00:00:00-04:00,9.0,9.0,8.569999694824219,8.569999694824219,2617,0.0,0.0
2026-05-29 00:00:00-04:00,9.260000228881836,9.260000228881836,9.260000228881836,9.260000228881836,1170,0.0,0.0
2026-06-01 00:00:00-04:00,9.260000228881836,9.260000228881836,9.260000228881836,9.260000228881836,0,0.0,0.0
