Date,Open,High,Low,Close,Volume,Dividends,Stock Splits
2022-01-03 00:00:00-05:00,3.3299999237060547,3.4700000286102295,3.3299999237060547,3.390000104904175,3447000,0.0,0.0
2022-01-04 00:00:00-05:00,3.4100000858306885,3.4800000190734863,3.359999895095825,3.369999885559082,1157200,0.0,0.0
2022-01-05 00:00:00-05:00,3.3499999046325684,3.4100000858306885,3.0899999141693115,3.140000104904175,3130800,0.0,0.0
2022-01-06 00:00:00-05:00,3.130000114440918,3.1500000953674316,3.0199999809265137,3.069999933242798,1553500,0.0,0.0
2022-01-07 00:00:00-05:00,3.049999952316284,3.2100000381469727,3.0299999713897705,3.200000047683716,1541200,0.0,0.0
2022-01-10 00:00:00-05:00,3.1600000858306885,3.259999990463257,3.0899999141693115,3.259999990463257,1975000,0.0,0.0
2022-01-11 00:00:00-05:00,3.25,3.299999952316284,3.1600000858306885,3.299999952316284,1065800,0.0,0.0
2022-01-12 00:00:00-05:00,3.309999942779541,3.4000000953674316,3.2699999809265137,3.2899999618530273,1625400,0.0,0.0
2022-01-13 00:00:00-05:00,3.299999952316284,3.4100000858306885,3.259999990463257,3.2899999618530273,1022100,0.0,0.0
2022-01-14 00:00:00-05:00,3.2200000286102295,3.2799999713897705,3.180000066757202,3.259999990463257,974800,0.0,0.0
2022-01-18 00:00:00-05:00,3.200000047683716,3.240000009536743,3.1600000858306885,3.180000066757202,1493600,0.0,0.0
2022-01-19 00:00:00-05:00,3.2100000381469727,3.2200000286102295,3.109999895095825,3.119999885559082,1543600,0.0,0.0
2022-01-20 00:00:00-05:00,3.119999885559082,3.2699999809265137,3.0799999237060547,3.0899999141693115,1121000,0.0,0.0
2022-01-21 00:00:00-05:00,3.069999933242798,3.119999885559082,2.9700000286102295,3.0799999237060547,2602200,0.0,0.0
2022-01-24 00:00:00-05:00,3.0199999809265137,3.109999895095825,2.809999942779541,3.0899999141693115,2572500,0.0,0.0
2022-01-25 00:00:00-05:00,3.0299999713897705,3.0999999046325684,2.930000066757202,2.9700000286102295,2493900,0.0,0.0
2022-01-26 00:00:00-05:00,3.0199999809265137,3.059999942779541,2.869999885559082,2.9000000953674316,1724700,0.0,0.0
2022-01-27 00:00:00-05:00,2.950000047683716,3.0199999809265137,2.7200000286102295,2.75,2242300,0.0,0.0
2022-01-28 00:00:00-05:00,2.759999990463257,2.990000009536743,2.7100000381469727,2.990000009536743,3192600,0.0,0.0
2022-01-31 00:00:00-05:00,2.940000057220459,3.109999895095825,2.9200000762939453,3.059999942779541,2168000,0.0,0.0
2022-02-01 00:00:00-05:00,3.0199999809265137,3.1500000953674316,3.0199999809265137,3.0799999237060547,2632900,0.0,0.0
2022-02-02 00:00:00-05:00,3.0999999046325684,3.109999895095825,2.9200000762939453,2.940000057220459,1744700,0.0,0.0
2022-02-03 00:00:00-05:00,2.869999885559082,2.950000047683716,2.759999990463257,2.8499999046325684,1508400,0.0,0.0
2022-02-04 00:00:00-05:00,2.799999952316284,2.950000047683716,2.799999952316284,2.9200000762939453,1543800,0.0,0.0
2022-02-07 00:00:00-05:00,2.880000114440918,2.9700000286102295,2.880000114440918,2.940000057220459,3101400,0.0,0.0
2022-02-08 00:00:00-05:00,2.940000057220459,3.109999895095825,2.930000066757202,3.0999999046325684,1207200,0.0,0.0
2022-02-09 00:00:00-05:00,3.140000104904175,3.319999933242798,3.109999895095825,3.319999933242798,2145200,0.0,0.0
2022-02-10 00:00:00-05:00,3.2200000286102295,3.440000057220459,3.2100000381469727,3.390000104904175,3422100,0.0,0.0
2022-02-11 00:00:00-05:00,3.369999885559082,3.440000057220459,3.309999942779541,3.359999895095825,2692400,0.0,0.0
2022-02-14 00:00:00-05:00,3.3499999046325684,3.4000000953674316,3.190000057220459,3.240000009536743,988200,0.0,0.0
2022-02-15 00:00:00-05:00,3.299999952316284,3.5199999809265137,3.2899999618530273,3.5,4962200,0.0,0.0
2022-02-16 00:00:00-05:00,3.4700000286102295,3.6700000762939453,3.4600000381469727,3.6600000858306885,5488600,0.0,0.0
2022-02-17 00:00:00-05:00,3.5899999141693115,3.740000009536743,3.559999942779541,3.630000114440918,2905400,0.0,0.0
2022-02-18 00:00:00-05:00,3.5899999141693115,3.75,3.559999942779541,3.75,4925700,0.0,0.0
2022-02-22 00:00:00-05:00,3.7100000381469727,3.7799999713897705,3.680000066757202,3.7300000190734863,5960800,0.0,0.0
2022-02-23 00:00:00-05:00,3.7899999618530273,3.7899999618530273,3.630000114440918,3.6500000953674316,3060000,0.0,0.0
2022-02-24 00:00:00-05:00,3.299999952316284,4.010000228881836,3.259999990463257,4.010000228881836,8389700,0.0,0.0
2022-02-25 00:00:00-05:00,4.019999980926514,4.099999904632568,3.690000057220459,3.7200000286102295,8895500,0.0,0.0
2022-02-28 00:00:00-05:00,3.7300000190734863,3.9000000953674316,3.700000047683716,3.740000009536743,9026500,0.0,0.0
2022-03-01 00:00:00-05:00,3.740000009536743,3.8399999141693115,3.5999999046325684,3.7699999809265137,7685800,0.0,0.0
2022-03-02 00:00:00-05:00,3.8399999141693115,3.9700000286102295,3.7699999809265137,3.7699999809265137,6283800,0.0,0.0
2022-03-03 00:00:00-05:00,3.799999952316284,3.799999952316284,3.5999999046325684,3.6600000858306885,2700900,0.0,0.0
2022-03-04 00:00:00-05:00,3.619999885559082,3.6700000762939453,3.4600000381469727,3.5199999809265137,2611700,0.0,0.0
2022-03-07 00:00:00-05:00,3.5399999618530273,3.549999952316284,3.359999895095825,3.359999895095825,1661500,0.0,0.0
2022-03-08 00:00:00-05:00,3.3499999046325684,3.549999952316284,3.2699999809265137,3.430000066757202,3952500,0.0,0.0
2022-03-09 00:00:00-05:00,3.509999990463257,3.640000104904175,3.450000047683716,3.549999952316284,1790400,0.0,0.0
2022-03-10 00:00:00-05:00,3.4800000190734863,3.7200000286102295,3.4700000286102295,3.690000057220459,3788500,0.0,0.0
2022-03-11 00:00:00-05:00,3.700000047683716,3.7699999809265137,3.630000114440918,3.640000104904175,2008400,0.0,0.0
2022-03-14 00:00:00-04:00,3.619999885559082,3.6600000858306885,3.4700000286102295,3.5,1939400,0.0,0.0
2022-03-15 00:00:00-04:00,3.509999990463257,3.609999895095825,3.4800000190734863,3.559999942779541,1522000,0.0,0.0
2022-03-16 00:00:00-04:00,3.619999885559082,3.7699999809265137,3.5799999237060547,3.690000057220459,3700000,0.0,0.0
2022-03-17 00:00:00-04:00,3.640000104904175,3.809999942779541,3.640000104904175,3.6500000953674316,1595300,0.0,0.0
2022-03-18 00:00:00-04:00,3.5999999046325684,3.7100000381469727,3.549999952316284,3.7100000381469727,8302800,0.0,0.0
2022-03-21 00:00:00-04:00,3.690000057220459,3.700000047683716,3.509999990463257,3.559999942779541,1966500,0.0,0.0
2022-03-22 00:00:00-04:00,3.559999942779541,3.7799999713897705,3.549999952316284,3.75,2657800,0.0,0.0
2022-03-23 00:00:00-04:00,3.700000047683716,3.7799999713897705,3.690000057220459,3.740000009536743,2820000,0.0,0.0
2022-03-24 00:00:00-04:00,3.740000009536743,3.7799999713897705,3.6600000858306885,3.700000047683716,1196800,0.0,0.0
2022-03-25 00:00:00-04:00,3.6700000762939453,3.700000047683716,3.619999885559082,3.6700000762939453,1556100,0.0,0.0
2022-03-28 00:00:00-04:00,3.640000104904175,3.680000066757202,3.5999999046325684,3.680000066757202,1426200,0.0,0.0
2022-03-29 00:00:00-04:00,3.75,3.7899999618530273,3.680000066757202,3.7300000190734863,1398000,0.0,0.0
2022-03-30 00:00:00-04:00,3.700000047683716,3.740000009536743,3.5299999713897705,3.5299999713897705,2001200,0.0,0.0
2022-03-31 00:00:00-04:00,3.5,3.5199999809265137,3.430000066757202,3.4600000381469727,1983700,0.0,0.0
2022-04-01 00:00:00-04:00,3.490000009536743,3.5199999809265137,3.440000057220459,3.4800000190734863,1086500,0.0,0.0
2022-04-04 00:00:00-04:00,3.490000009536743,3.5199999809265137,3.4000000953674316,3.4700000286102295,1308800,0.0,0.0
2022-04-05 00:00:00-04:00,3.490000009536743,3.5399999618530273,3.359999895095825,3.359999895095825,2128400,0.0,0.0
2022-04-06 00:00:00-04:00,3.309999942779541,3.3299999237060547,3.200000047683716,3.200000047683716,1816200,0.0,0.0
2022-04-07 00:00:00-04:00,3.200000047683716,3.259999990463257,3.069999933242798,3.25,5411300,0.0,0.0
2022-04-08 00:00:00-04:00,3.2300000190734863,3.3399999141693115,3.180000066757202,3.180000066757202,2087900,0.0,0.0
2022-04-11 00:00:00-04:00,3.140000104904175,3.140000104904175,3.069999933242798,3.0999999046325684,1533600,0.0,0.0
2022-04-12 00:00:00-04:00,3.0999999046325684,3.180000066757202,3.049999952316284,3.0799999237060547,1272600,0.0,0.0
2022-04-13 00:00:00-04:00,3.0999999046325684,3.2200000286102295,3.069999933242798,3.2100000381469727,1320800,0.0,0.0
2022-04-14 00:00:00-04:00,3.2200000286102295,3.259999990463257,3.190000057220459,3.200000047683716,1417100,0.0,0.0
2022-04-18 00:00:00-04:00,3.180000066757202,3.2200000286102295,3.140000104904175,3.200000047683716,3164500,0.0,0.0
2022-04-19 00:00:00-04:00,3.200000047683716,3.319999933242798,3.180000066757202,3.240000009536743,1429200,0.0,0.0
2022-04-20 00:00:00-04:00,3.240000009536743,3.2799999713897705,3.190000057220459,3.2200000286102295,3587300,0.0,0.0
2022-04-21 00:00:00-04:00,3.25,3.2799999713897705,3.119999885559082,3.1500000953674316,2205700,0.0,0.0
2022-04-22 00:00:00-04:00,3.1700000762939453,3.200000047683716,2.9700000286102295,2.9800000190734863,3539600,0.0,0.0
2022-04-25 00:00:00-04:00,2.950000047683716,3.009999990463257,2.869999885559082,2.9800000190734863,1797300,0.0,0.0
2022-04-26 00:00:00-04:00,2.930000066757202,2.950000047683716,2.8299999237060547,2.8399999141693115,2199400,0.0,0.0
2022-04-27 00:00:00-04:00,2.809999942779541,2.880000114440918,2.7699999809265137,2.8399999141693115,2127400,0.0,0.0
2022-04-28 00:00:00-04:00,2.869999885559082,2.869999885559082,2.7100000381469727,2.75,2245400,0.0,0.0
2022-04-29 00:00:00-04:00,2.7300000190734863,2.759999990463257,2.4200000762939453,2.4600000381469727,4094600,0.0,0.0
2022-05-02 00:00:00-04:00,2.4600000381469727,2.5299999713897705,2.309999942779541,2.390000104904175,6589400,0.0,0.0
2022-05-03 00:00:00-04:00,2.390000104904175,2.559999942779541,2.369999885559082,2.5399999618530273,6038600,0.0,0.0
2022-05-04 00:00:00-04:00,2.5399999618530273,2.5899999141693115,2.4600000381469727,2.5899999141693115,3252400,0.0,0.0
2022-05-05 00:00:00-04:00,2.5299999713897705,2.559999942779541,2.440000057220459,2.4800000190734863,4018700,0.0,0.0
2022-05-06 00:00:00-04:00,2.4700000286102295,2.5,2.390000104904175,2.440000057220459,2553000,0.0,0.0
2022-05-09 00:00:00-04:00,2.390000104904175,2.390000104904175,2.0899999141693115,2.140000104904175,5736500,0.0,0.0
2022-05-10 00:00:00-04:00,2.390000104904175,2.390000104904175,1.7999999523162842,1.940000057220459,5289400,0.0,0.0
2022-05-11 00:00:00-04:00,1.9199999570846558,1.9500000476837158,1.8200000524520874,1.8300000429153442,4467500,0.0,0.0
2022-05-12 00:00:00-04:00,1.7999999523162842,1.8600000143051147,1.690000057220459,1.75,10053400,0.0,0.0
2022-05-13 00:00:00-04:00,1.7899999618530273,1.9500000476837158,1.7899999618530273,1.8799999952316284,5629800,0.0,0.0
2022-05-16 00:00:00-04:00,1.840000033378601,1.909999966621399,1.7999999523162842,1.8300000429153442,2405000,0.0,0.0
2022-05-17 00:00:00-04:00,1.8799999952316284,1.9800000190734863,1.840000033378601,1.9800000190734863,3131800,0.0,0.0
2022-05-18 00:00:00-04:00,1.9299999475479126,2.0199999809265137,1.850000023841858,1.8600000143051147,3030800,0.0,0.0
2022-05-19 00:00:00-04:00,1.8799999952316284,1.8899999856948853,1.7200000286102295,1.7300000190734863,4087700,0.0,0.0
2022-05-20 00:00:00-04:00,1.7699999809265137,1.7799999713897705,1.649999976158142,1.7000000476837158,3047600,0.0,0.0
2022-05-23 00:00:00-04:00,1.75,1.75,1.6399999856948853,1.690000057220459,2122900,0.0,0.0
2022-05-24 00:00:00-04:00,1.659999966621399,1.6799999475479126,1.4199999570846558,1.4500000476837158,5159100,0.0,0.0
2022-05-25 00:00:00-04:00,1.4199999570846558,1.5299999713897705,1.4199999570846558,1.5,3440200,0.0,0.0
2022-05-26 00:00:00-04:00,1.5,1.6100000143051147,1.5,1.5700000524520874,2865700,0.0,0.0
2022-05-27 00:00:00-04:00,1.5700000524520874,1.6699999570846558,1.559999942779541,1.649999976158142,2273500,0.0,0.0
2022-05-31 00:00:00-04:00,1.6399999856948853,1.6699999570846558,1.559999942779541,1.5800000429153442,2916700,0.0,0.0
2022-06-01 00:00:00-04:00,1.600000023841858,1.649999976158142,1.5099999904632568,1.5499999523162842,2179100,0.0,0.0
2022-06-02 00:00:00-04:00,1.559999942779541,1.600000023841858,1.5499999523162842,1.590000033378601,1581600,0.0,0.0
2022-06-03 00:00:00-04:00,1.5099999904632568,1.5299999713897705,1.4299999475479126,1.4700000286102295,2092400,0.0,0.0
2022-06-06 00:00:00-04:00,1.5099999904632568,1.5399999618530273,1.440000057220459,1.5299999713897705,2456200,0.0,0.0
2022-06-07 00:00:00-04:00,1.4800000190734863,1.5199999809265137,1.440000057220459,1.4900000095367432,2063700,0.0,0.0
2022-06-08 00:00:00-04:00,1.4700000286102295,1.5199999809265137,1.440000057220459,1.4600000381469727,1766600,0.0,0.0
2022-06-09 00:00:00-04:00,1.4700000286102295,1.4700000286102295,1.409999966621399,1.4500000476837158,1867100,0.0,0.0
2022-06-10 00:00:00-04:00,1.409999966621399,1.4299999475479126,1.309999942779541,1.3200000524520874,3317600,0.0,0.0
2022-06-13 00:00:00-04:00,1.2400000095367432,1.2599999904632568,1.1399999856948853,1.159999966621399,2095400,0.0,0.0
2022-06-14 00:00:00-04:00,1.2100000381469727,1.2100000381469727,1.1200000047683716,1.1699999570846558,1978800,0.0,0.0
2022-06-15 00:00:00-04:00,1.190000057220459,1.2200000286102295,1.159999966621399,1.2100000381469727,1939600,0.0,0.0
2022-06-16 00:00:00-04:00,1.1699999570846558,1.2000000476837158,1.0800000429153442,1.090000033378601,3160800,0.0,0.0
2022-06-17 00:00:00-04:00,1.1200000047683716,1.3899999856948853,1.1100000143051147,1.3799999952316284,11278200,0.0,0.0
2022-06-21 00:00:00-04:00,1.399999976158142,1.4199999570846558,1.2300000190734863,1.2400000095367432,2486200,0.0,0.0
2022-06-22 00:00:00-04:00,1.2200000286102295,1.25,1.1799999475479126,1.190000057220459,3064900,0.0,0.0
2022-06-23 00:00:00-04:00,1.1699999570846558,1.190000057220459,1.1200000047683716,1.159999966621399,3679500,0.0,0.0
2022-06-24 00:00:00-04:00,1.1799999475479126,1.2899999618530273,1.159999966621399,1.2400000095367432,4821900,0.0,0.0
2022-06-27 00:00:00-04:00,1.25,1.2599999904632568,1.159999966621399,1.1699999570846558,2198300,0.0,0.0
2022-06-28 00:00:00-04:00,1.1699999570846558,1.2100000381469727,1.100000023841858,1.1299999952316284,2349400,0.0,0.0
2022-06-29 00:00:00-04:00,1.1200000047683716,1.1200000047683716,1.0399999618530273,1.1100000143051147,1258100,0.0,0.0
2022-06-30 00:00:00-04:00,1.1200000047683716,1.1200000047683716,1.0099999904632568,1.0700000524520874,2092700,0.0,0.0
2022-07-01 00:00:00-04:00,1.059999942779541,1.1200000047683716,1.0299999713897705,1.100000023841858,1848400,0.0,0.0
2022-07-05 00:00:00-04:00,1.0700000524520874,1.1399999856948853,1.0199999809265137,1.1299999952316284,1356300,0.0,0.0
2022-07-06 00:00:00-04:00,1.1200000047683716,1.159999966621399,1.090000033378601,1.149999976158142,2132600,0.0,0.0
2022-07-07 00:00:00-04:00,1.159999966621399,1.2999999523162842,1.149999976158142,1.2699999809265137,3196200,0.0,0.0
2022-07-08 00:00:00-04:00,1.190000057220459,1.2100000381469727,1.100000023841858,1.1100000143051147,4141600,0.0,0.0
2022-07-11 00:00:00-04:00,1.159999966621399,1.159999966621399,1.0,1.0099999904632568,2487700,0.0,0.0
2022-07-12 00:00:00-04:00,1.0,1.0800000429153442,0.9100000262260437,1.0700000524520874,9849700,0.0,0.0
2022-07-13 00:00:00-04:00,1.0,1.1200000047683716,0.9900000095367432,1.090000033378601,2631500,0.0,0.0
2022-07-14 00:00:00-04:00,1.0399999618530273,1.059999942779541,1.0,1.0,2068400,0.0,0.0
2022-07-15 00:00:00-04:00,1.059999942779541,1.0800000429153442,1.0,1.059999942779541,1831600,0.0,0.0
2022-07-18 00:00:00-04:00,1.100000023841858,1.25,1.100000023841858,1.2300000190734863,3470200,0.0,0.0
2022-07-19 00:00:00-04:00,1.25,1.3300000429153442,1.2400000095367432,1.2699999809265137,1954300,0.0,0.0
2022-07-20 00:00:00-04:00,1.2599999904632568,1.4500000476837158,1.2599999904632568,1.440000057220459,2661100,0.0,0.0
2022-07-21 00:00:00-04:00,1.4299999475479126,1.440000057220459,1.3300000429153442,1.350000023841858,957800,0.0,0.0
2022-07-22 00:00:00-04:00,1.3300000429153442,1.3700000047683716,1.2300000190734863,1.2899999618530273,1148100,0.0,0.0
2022-07-25 00:00:00-04:00,1.2999999523162842,1.399999976158142,1.2599999904632568,1.3899999856948853,1434300,0.0,0.0
2022-07-26 00:00:00-04:00,1.350000023841858,1.4199999570846558,1.2400000095367432,1.3200000524520874,3566300,0.0,0.0
2022-07-27 00:00:00-04:00,1.3300000429153442,1.4299999475479126,1.2899999618530273,1.4299999475479126,888300,0.0,0.0
2022-07-28 00:00:00-04:00,1.4299999475479126,1.4700000286102295,1.3600000143051147,1.4500000476837158,999200,0.0,0.0
2022-07-29 00:00:00-04:00,1.4600000381469727,1.5800000429153442,1.409999966621399,1.5499999523162842,4377900,0.0,0.0
2022-08-01 00:00:00-04:00,1.5399999618530273,1.5499999523162842,1.3899999856948853,1.4500000476837158,1635200,0.0,0.0
2022-08-02 00:00:00-04:00,1.3899999856948853,1.5199999809265137,1.3899999856948853,1.4700000286102295,1178900,0.0,0.0
2022-08-03 00:00:00-04:00,1.4600000381469727,1.6100000143051147,1.4500000476837158,1.559999942779541,2531400,0.0,0.0
2022-08-04 00:00:00-04:00,1.5,1.5299999713897705,1.4299999475479126,1.4700000286102295,3731200,0.0,0.0
2022-08-05 00:00:00-04:00,1.4700000286102295,1.5700000524520874,1.3799999952316284,1.5199999809265137,4191400,0.0,0.0
2022-08-08 00:00:00-04:00,1.5199999809265137,1.690000057220459,1.5099999904632568,1.649999976158142,2951000,0.0,0.0
2022-08-09 00:00:00-04:00,1.5499999523162842,1.5499999523162842,1.2799999713897705,1.5,3859100,0.0,0.0
2022-08-10 00:00:00-04:00,1.5199999809265137,1.7000000476837158,1.4900000095367432,1.600000023841858,3311100,0.0,0.0
2022-08-11 00:00:00-04:00,1.6399999856948853,1.7100000381469727,1.6200000047683716,1.7000000476837158,1739200,0.0,0.0
2022-08-12 00:00:00-04:00,1.7100000381469727,1.8300000429153442,1.590000033378601,1.8300000429153442,3043100,0.0,0.0
2022-08-15 00:00:00-04:00,1.809999942779541,1.850000023841858,1.7400000095367432,1.7899999618530273,1660700,0.0,0.0
2022-08-16 00:00:00-04:00,1.7899999618530273,2.049999952316284,1.7699999809265137,1.9900000095367432,3345200,0.0,0.0
2022-08-17 00:00:00-04:00,1.899999976158142,1.9600000381469727,1.7599999904632568,1.850000023841858,4081000,0.0,0.0
2022-08-18 00:00:00-04:00,1.8899999856948853,1.909999966621399,1.8300000429153442,1.8799999952316284,1614800,0.0,0.0
2022-08-19 00:00:00-04:00,1.850000023841858,1.850000023841858,1.75,1.7999999523162842,1750900,0.0,0.0
2022-08-22 00:00:00-04:00,1.75,1.7699999809265137,1.6399999856948853,1.6399999856948853,1876900,0.0,0.0
2022-08-23 00:00:00-04:00,1.659999966621399,1.7200000286102295,1.6399999856948853,1.649999976158142,1692100,0.0,0.0
2022-08-24 00:00:00-04:00,1.649999976158142,1.7799999713897705,1.6399999856948853,1.7300000190734863,2312300,0.0,0.0
2022-08-25 00:00:00-04:00,1.7400000095367432,1.8300000429153442,1.7300000190734863,1.7699999809265137,1894600,0.0,0.0
2022-08-26 00:00:00-04:00,1.75,1.8300000429153442,1.690000057220459,1.7000000476837158,1808200,0.0,0.0
2022-08-29 00:00:00-04:00,1.6699999570846558,1.7400000095367432,1.6200000047683716,1.7200000286102295,1392200,0.0,0.0
2022-08-30 00:00:00-04:00,1.7599999904632568,1.840000033378601,1.649999976158142,1.690000057220459,3511900,0.0,0.0
2022-08-31 00:00:00-04:00,1.6799999475479126,1.75,1.600000023841858,1.600000023841858,1585700,0.0,0.0
2022-09-01 00:00:00-04:00,1.590000033378601,1.6100000143051147,1.5199999809265137,1.5700000524520874,1609400,0.0,0.0
2022-09-02 00:00:00-04:00,1.600000023841858,1.6299999952316284,1.5199999809265137,1.5700000524520874,1635500,0.0,0.0
2022-09-06 00:00:00-04:00,1.600000023841858,1.6399999856948853,1.5199999809265137,1.5399999618530273,2693600,0.0,0.0
2022-09-07 00:00:00-04:00,1.5199999809265137,1.649999976158142,1.5099999904632568,1.6100000143051147,4557600,0.0,0.0
2022-09-08 00:00:00-04:00,1.590000033378601,1.7599999904632568,1.590000033378601,1.649999976158142,2119300,0.0,0.0
2022-09-09 00:00:00-04:00,1.649999976158142,1.7599999904632568,1.649999976158142,1.7400000095367432,1462000,0.0,0.0
2022-09-12 00:00:00-04:00,1.7699999809265137,1.940000057220459,1.7599999904632568,1.9199999570846558,2394000,0.0,0.0
2022-09-13 00:00:00-04:00,1.850000023841858,1.909999966621399,1.809999942779541,1.8300000429153442,1649300,0.0,0.0
2022-09-14 00:00:00-04:00,1.840000033378601,1.8899999856948853,1.7599999904632568,1.8300000429153442,1563200,0.0,0.0
2022-09-15 00:00:00-04:00,1.7999999523162842,1.9900000095367432,1.7999999523162842,1.8700000047683716,2306800,0.0,0.0
2022-09-16 00:00:00-04:00,1.8300000429153442,1.899999976158142,1.7400000095367432,1.809999942779541,7639400,0.0,0.0
2022-09-19 00:00:00-04:00,1.7599999904632568,1.8200000524520874,1.649999976158142,1.7200000286102295,1357000,0.0,0.0
2022-09-20 00:00:00-04:00,1.6699999570846558,1.7300000190734863,1.6399999856948853,1.659999966621399,2122300,0.0,0.0
2022-09-21 00:00:00-04:00,1.6799999475479126,1.6799999475479126,1.5499999523162842,1.5700000524520874,2121200,0.0,0.0
2022-09-22 00:00:00-04:00,1.559999942779541,1.590000033378601,1.409999966621399,1.4199999570846558,1767700,0.0,0.0
2022-09-23 00:00:00-04:00,1.3899999856948853,1.3899999856948853,1.309999942779541,1.3600000143051147,2425200,0.0,0.0
2022-09-26 00:00:00-04:00,1.350000023841858,1.4299999475479126,1.2999999523162842,1.2999999523162842,1521400,0.0,0.0
2022-09-27 00:00:00-04:00,1.3200000524520874,1.4600000381469727,1.3200000524520874,1.3600000143051147,2511200,0.0,0.0
2022-09-28 00:00:00-04:00,1.399999976158142,1.4299999475479126,1.3600000143051147,1.3899999856948853,1972400,0.0,0.0
2022-09-29 00:00:00-04:00,1.3600000143051147,1.4199999570846558,1.3200000524520874,1.3899999856948853,1314500,0.0,0.0
2022-09-30 00:00:00-04:00,1.409999966621399,1.4700000286102295,1.3700000047683716,1.3700000047683716,1607300,0.0,0.0
2022-10-03 00:00:00-04:00,1.4500000476837158,1.5199999809265137,1.3700000047683716,1.4800000190734863,1668700,0.0,0.0
2022-10-04 00:00:00-04:00,1.5099999904632568,1.6200000047683716,1.5099999904632568,1.6100000143051147,1974300,0.0,0.0
2022-10-05 00:00:00-04:00,1.5700000524520874,1.649999976158142,1.4900000095367432,1.6299999952316284,2508000,0.0,0.0
2022-10-06 00:00:00-04:00,1.600000023841858,1.7000000476837158,1.5800000429153442,1.600000023841858,1081200,0.0,0.0
2022-10-07 00:00:00-04:00,1.5700000524520874,1.6399999856948853,1.5299999713897705,1.559999942779541,2863600,0.0,0.0
2022-10-10 00:00:00-04:00,1.6100000143051147,1.6399999856948853,1.5199999809265137,1.600000023841858,1809800,0.0,0.0
2022-10-11 00:00:00-04:00,1.600000023841858,1.649999976158142,1.5099999904632568,1.6100000143051147,1870400,0.0,0.0
2022-10-12 00:00:00-04:00,1.6100000143051147,1.7000000476837158,1.5800000429153442,1.6200000047683716,1919400,0.0,0.0
2022-10-13 00:00:00-04:00,1.690000057220459,1.7000000476837158,1.5399999618530273,1.5800000429153442,2559500,0.0,0.0
2022-10-14 00:00:00-04:00,1.6100000143051147,1.6399999856948853,1.4299999475479126,1.4600000381469727,1768600,0.0,0.0
2022-10-17 00:00:00-04:00,1.5,1.600000023841858,1.4900000095367432,1.590000033378601,1854500,0.0,0.0
2022-10-18 00:00:00-04:00,1.6399999856948853,1.7200000286102295,1.590000033378601,1.7200000286102295,1540900,0.0,0.0
2022-10-19 00:00:00-04:00,1.7100000381469727,1.7400000095367432,1.590000033378601,1.6200000047683716,1315200,0.0,0.0
2022-10-20 00:00:00-04:00,1.6299999952316284,1.690000057220459,1.6200000047683716,1.649999976158142,1014700,0.0,0.0
2022-10-21 00:00:00-04:00,1.6699999570846558,1.6699999570846558,1.590000033378601,1.6699999570846558,1038600,0.0,0.0
2022-10-24 00:00:00-04:00,1.6699999570846558,1.6799999475479126,1.5800000429153442,1.6200000047683716,801900,0.0,0.0
2022-10-25 00:00:00-04:00,1.5800000429153442,1.6699999570846558,1.5800000429153442,1.6200000047683716,1842400,0.0,0.0
2022-10-26 00:00:00-04:00,1.6299999952316284,1.649999976158142,1.5199999809265137,1.5299999713897705,1892900,0.0,0.0
2022-10-27 00:00:00-04:00,1.5800000429153442,1.600000023841858,1.5,1.5499999523162842,2456600,0.0,0.0
2022-10-28 00:00:00-04:00,1.5399999618530273,1.559999942779541,1.4700000286102295,1.5499999523162842,2106100,0.0,0.0
2022-10-31 00:00:00-04:00,1.5199999809265137,1.590000033378601,1.399999976158142,1.4299999475479126,6244000,0.0,0.0
2022-11-01 00:00:00-04:00,1.4700000286102295,1.5,1.3600000143051147,1.3899999856948853,2881300,0.0,0.0
2022-11-02 00:00:00-04:00,1.3799999952316284,1.4199999570846558,1.2999999523162842,1.309999942779541,3627400,0.0,0.0
2022-11-03 00:00:00-04:00,1.309999942779541,1.399999976158142,1.2999999523162842,1.350000023841858,765300,0.0,0.0
2022-11-04 00:00:00-04:00,1.340000033378601,1.3799999952316284,1.2300000190734863,1.2699999809265137,1592400,0.0,0.0
2022-11-07 00:00:00-05:00,1.2899999618530273,1.2999999523162842,1.190000057220459,1.2100000381469727,1828900,0.0,0.0
2022-11-08 00:00:00-05:00,1.2300000190734863,1.25,1.0499999523162842,1.0800000429153442,2845500,0.0,0.0
2022-11-09 00:00:00-05:00,1.090000033378601,1.090000033378601,0.949999988079071,0.9599999785423279,3063800,0.0,0.0
2022-11-10 00:00:00-05:00,1.0199999809265137,1.1799999475479126,1.0099999904632568,1.149999976158142,3704200,0.0,0.0
2022-11-11 00:00:00-05:00,1.149999976158142,1.2200000286102295,1.0800000429153442,1.1299999952316284,2692900,0.0,0.0
2022-11-14 00:00:00-05:00,1.1100000143051147,1.1799999475479126,1.100000023841858,1.1100000143051147,2827100,0.0,0.0
2022-11-15 00:00:00-05:00,1.1699999570846558,1.340000033378601,1.159999966621399,1.3300000429153442,2753400,0.0,0.0
2022-11-16 00:00:00-05:00,1.2899999618530273,1.2899999618530273,1.2000000476837158,1.2100000381469727,923300,0.0,0.0
2022-11-17 00:00:00-05:00,1.2000000476837158,1.2300000190734863,1.0700000524520874,1.090000033378601,1684900,0.0,0.0
2022-11-18 00:00:00-05:00,1.1299999952316284,1.1399999856948853,1.0399999618530273,1.059999942779541,3368000,0.0,0.0
2022-11-21 00:00:00-05:00,1.0399999618530273,1.1299999952316284,1.0399999618530273,1.090000033378601,1164400,0.0,0.0
2022-11-22 00:00:00-05:00,1.0800000429153442,1.100000023841858,1.0,1.059999942779541,2465500,0.0,0.0
2022-11-23 00:00:00-05:00,1.0499999523162842,1.1200000047683716,1.0299999713897705,1.090000033378601,1083800,0.0,0.0
2022-11-25 00:00:00-05:00,1.090000033378601,1.100000023841858,1.0499999523162842,1.0499999523162842,499000,0.0,0.0
2022-11-28 00:00:00-05:00,1.0499999523162842,1.0800000429153442,1.0,1.0,924000,0.0,0.0
2022-11-29 00:00:00-05:00,1.0,1.0299999713897705,1.0,1.0199999809265137,1226600,0.0,0.0
2022-11-30 00:00:00-05:00,1.0299999713897705,1.1299999952316284,1.0299999713897705,1.1299999952316284,4474600,0.0,0.0
2022-12-01 00:00:00-05:00,1.1200000047683716,1.149999976158142,1.0499999523162842,1.0700000524520874,2711100,0.0,0.0
2022-12-02 00:00:00-05:00,1.0499999523162842,1.100000023841858,1.0199999809265137,1.090000033378601,1526700,0.0,0.0
2022-12-05 00:00:00-05:00,1.0800000429153442,1.100000023841858,1.0,1.0199999809265137,1833800,0.0,0.0
2022-12-06 00:00:00-05:00,1.0,1.0299999713897705,0.9900000095367432,1.0099999904632568,1697900,0.0,0.0
2022-12-07 00:00:00-05:00,1.0,1.0399999618530273,0.9800000190734863,1.0199999809265137,1121500,0.0,0.0
2022-12-08 00:00:00-05:00,1.0,1.0399999618530273,1.0,1.0099999904632568,2813900,0.0,0.0
2022-12-09 00:00:00-05:00,1.0,1.0399999618530273,0.9900000095367432,1.0199999809265137,1109400,0.0,0.0
2022-12-12 00:00:00-05:00,1.0299999713897705,1.0800000429153442,1.0199999809265137,1.059999942779541,976400,0.0,0.0
2022-12-13 00:00:00-05:00,1.100000023841858,1.2300000190734863,1.090000033378601,1.1100000143051147,1626000,0.0,0.0
2022-12-14 00:00:00-05:00,1.090000033378601,1.1799999475479126,1.0800000429153442,1.1200000047683716,1366300,0.0,0.0
2022-12-15 00:00:00-05:00,1.100000023841858,1.1200000047683716,1.059999942779541,1.0700000524520874,2835000,0.0,0.0
2022-12-16 00:00:00-05:00,1.0499999523162842,1.0499999523162842,0.9700000286102295,1.0199999809265137,7099800,0.0,0.0
2022-12-19 00:00:00-05:00,1.0,1.0199999809265137,0.949999988079071,1.0,1587100,0.0,0.0
2022-12-20 00:00:00-05:00,1.0099999904632568,1.100000023841858,1.0,1.090000033378601,1567000,0.0,0.0
2022-12-21 00:00:00-05:00,1.1100000143051147,1.1100000143051147,1.0299999713897705,1.0399999618530273,1036800,0.0,0.0
2022-12-22 00:00:00-05:00,1.090000033378601,1.100000023841858,0.9900000095367432,1.0299999713897705,1747900,0.0,0.0
2022-12-23 00:00:00-05:00,1.0099999904632568,1.059999942779541,1.0099999904632568,1.0299999713897705,620600,0.0,0.0
2022-12-27 00:00:00-05:00,1.0399999618530273,1.0399999618530273,0.9900000095367432,1.0,1023200,0.0,0.0
2022-12-28 00:00:00-05:00,1.0,1.0399999618530273,1.0,1.0099999904632568,1265700,0.0,0.0
2022-12-29 00:00:00-05:00,1.0099999904632568,1.059999942779541,1.0099999904632568,1.059999942779541,1334400,0.0,0.0
2022-12-30 00:00:00-05:00,1.0,1.0499999523162842,1.0,1.0499999523162842,1408000,0.0,0.0
2023-01-03 00:00:00-05:00,1.0499999523162842,1.100000023841858,1.0,1.0299999713897705,947200,0.0,0.0
2023-01-04 00:00:00-05:00,1.0499999523162842,1.0700000524520874,1.0199999809265137,1.059999942779541,1144900,0.0,0.0
2023-01-05 00:00:00-05:00,1.0499999523162842,1.1299999952316284,1.0199999809265137,1.0399999618530273,792600,0.0,0.0
2023-01-06 00:00:00-05:00,1.059999942779541,1.190000057220459,1.0499999523162842,1.159999966621399,3261600,0.0,0.0
2023-01-09 00:00:00-05:00,1.159999966621399,1.2200000286102295,1.149999976158142,1.1799999475479126,2564900,0.0,0.0
2023-01-10 00:00:00-05:00,1.159999966621399,1.25,1.159999966621399,1.2400000095367432,1934900,0.0,0.0
2023-01-11 00:00:00-05:00,1.2400000095367432,1.3799999952316284,1.2300000190734863,1.3799999952316284,1938100,0.0,0.0
2023-01-12 00:00:00-05:00,1.409999966621399,1.409999966621399,1.2899999618530273,1.3300000429153442,4229800,0.0,0.0
2023-01-13 00:00:00-05:00,1.3200000524520874,1.440000057220459,1.309999942779541,1.409999966621399,2611900,0.0,0.0
2023-01-17 00:00:00-05:00,1.4299999475479126,1.4299999475479126,1.3300000429153442,1.3300000429153442,1519100,0.0,0.0
2023-01-18 00:00:00-05:00,1.3799999952316284,1.4600000381469727,1.3200000524520874,1.3300000429153442,4785500,0.0,0.0
2023-01-19 00:00:00-05:00,1.309999942779541,1.3600000143051147,1.2799999713897705,1.3300000429153442,1563900,0.0,0.0
2023-01-20 00:00:00-05:00,1.399999976158142,1.5199999809265137,1.3700000047683716,1.5099999904632568,4375300,0.0,0.0
2023-01-23 00:00:00-05:00,1.5299999713897705,1.7300000190734863,1.4800000190734863,1.690000057220459,6133200,0.0,0.0
2023-01-24 00:00:00-05:00,1.690000057220459,1.7999999523162842,1.590000033378601,1.6200000047683716,4822500,0.0,0.0
2023-01-25 00:00:00-05:00,1.600000023841858,1.659999966621399,1.5,1.6299999952316284,10006100,0.0,0.0
2023-01-26 00:00:00-05:00,1.659999966621399,1.7899999618530273,1.6200000047683716,1.7699999809265137,3375000,0.0,0.0
2023-01-27 00:00:00-05:00,1.7699999809265137,1.8600000143051147,1.7200000286102295,1.7899999618530273,2925200,0.0,0.0
2023-01-30 00:00:00-05:00,1.7400000095367432,1.850000023841858,1.7000000476837158,1.8200000524520874,3083800,0.0,0.0
2023-01-31 00:00:00-05:00,1.8799999952316284,1.940000057220459,1.8600000143051147,1.909999966621399,2905600,0.0,0.0
2023-02-01 00:00:00-05:00,1.899999976158142,1.940000057220459,1.8300000429153442,1.9299999475479126,2012800,0.0,0.0
2023-02-02 00:00:00-05:00,1.940000057220459,2.0999999046325684,1.940000057220459,2.059999942779541,3917700,0.0,0.0
2023-02-03 00:00:00-05:00,2.0299999713897705,2.140000104904175,1.9700000286102295,2.0399999618530273,3359500,0.0,0.0
2023-02-06 00:00:00-05:00,2.0,2.0399999618530273,1.9700000286102295,2.0199999809265137,1960500,0.0,0.0
2023-02-07 00:00:00-05:00,1.9800000190734863,1.9800000190734863,1.8600000143051147,1.899999976158142,3059000,0.0,0.0
2023-02-08 00:00:00-05:00,1.899999976158142,1.9800000190734863,1.8300000429153442,1.8700000047683716,1691200,0.0,0.0
2023-02-09 00:00:00-05:00,1.8700000047683716,1.940000057220459,1.809999942779541,1.8300000429153442,2549800,0.0,0.0
2023-02-10 00:00:00-05:00,1.8200000524520874,1.8700000047683716,1.7400000095367432,1.7899999618530273,4375800,0.0,0.0
2023-02-13 00:00:00-05:00,1.7899999618530273,1.7999999523162842,1.7100000381469727,1.7400000095367432,1415600,0.0,0.0
2023-02-14 00:00:00-05:00,1.7100000381469727,1.7899999618530273,1.6699999570846558,1.7400000095367432,1676000,0.0,0.0
2023-02-15 00:00:00-05:00,1.7300000190734863,1.8300000429153442,1.7300000190734863,1.7999999523162842,1654300,0.0,0.0
2023-02-16 00:00:00-05:00,1.7699999809265137,1.840000033378601,1.7400000095367432,1.75,1699400,0.0,0.0
2023-02-17 00:00:00-05:00,1.7799999713897705,1.8700000047683716,1.75,1.850000023841858,1866000,0.0,0.0
2023-02-21 00:00:00-05:00,1.8200000524520874,1.8300000429153442,1.6699999570846558,1.690000057220459,2631600,0.0,0.0
2023-02-22 00:00:00-05:00,1.7400000095367432,1.7999999523162842,1.7100000381469727,1.7300000190734863,2962300,0.0,0.0
2023-02-23 00:00:00-05:00,1.7699999809265137,1.7699999809265137,1.559999942779541,1.6399999856948853,6132100,0.0,0.0
2023-02-24 00:00:00-05:00,1.559999942779541,1.6399999856948853,1.5399999618530273,1.5700000524520874,2162600,0.0,0.0
2023-02-27 00:00:00-05:00,1.5700000524520874,1.6100000143051147,1.5399999618530273,1.5499999523162842,3756200,0.0,0.0
2023-02-28 00:00:00-05:00,1.6799999475479126,1.850000023841858,1.6399999856948853,1.7699999809265137,4386800,0.0,0.0
2023-03-01 00:00:00-05:00,1.7899999618530273,1.7999999523162842,1.6299999952316284,1.6299999952316284,2508000,0.0,0.0
2023-03-02 00:00:00-05:00,1.5700000524520874,1.600000023841858,1.5199999809265137,1.5800000429153442,1734900,0.0,0.0
2023-03-03 00:00:00-05:00,1.5800000429153442,1.6200000047683716,1.5499999523162842,1.590000033378601,1605600,0.0,0.0
2023-03-06 00:00:00-05:00,1.5700000524520874,1.6299999952316284,1.5499999523162842,1.5700000524520874,1688200,0.0,0.0
2023-03-07 00:00:00-05:00,1.559999942779541,1.559999942779541,1.4700000286102295,1.4900000095367432,1587500,0.0,0.0
2023-03-08 00:00:00-05:00,1.5,1.5299999713897705,1.4600000381469727,1.4800000190734863,1247700,0.0,0.0
2023-03-09 00:00:00-05:00,1.4700000286102295,1.4800000190734863,1.3600000143051147,1.3600000143051147,1722100,0.0,0.0
2023-03-10 00:00:00-05:00,1.350000023841858,1.3700000047683716,1.1799999475479126,1.2400000095367432,3888600,0.0,0.0
2023-03-13 00:00:00-04:00,1.2400000095367432,1.25,1.1399999856948853,1.1799999475479126,3949700,0.0,0.0
2023-03-14 00:00:00-04:00,1.2300000190734863,1.2899999618530273,1.1399999856948853,1.159999966621399,2598700,0.0,0.0
2023-03-15 00:00:00-04:00,1.1200000047683716,1.1399999856948853,1.090000033378601,1.1100000143051147,3443300,0.0,0.0
2023-03-16 00:00:00-04:00,1.1100000143051147,1.1299999952316284,1.0700000524520874,1.090000033378601,2446600,0.0,0.0
2023-03-17 00:00:00-04:00,1.0800000429153442,1.1200000047683716,1.0299999713897705,1.090000033378601,6153700,0.0,0.0
2023-03-20 00:00:00-04:00,1.100000023841858,1.100000023841858,1.0199999809265137,1.0700000524520874,2261000,0.0,0.0
2023-03-21 00:00:00-04:00,1.1100000143051147,1.1799999475479126,1.090000033378601,1.1200000047683716,3035600,0.0,0.0
2023-03-22 00:00:00-04:00,1.1100000143051147,1.1399999856948853,1.0700000524520874,1.0700000524520874,1563000,0.0,0.0
2023-03-23 00:00:00-04:00,1.0800000429153442,1.1399999856948853,1.0399999618530273,1.0800000429153442,2203900,0.0,0.0
2023-03-24 00:00:00-04:00,1.0800000429153442,1.100000023841858,1.0399999618530273,1.100000023841858,1333400,0.0,0.0
2023-03-27 00:00:00-04:00,1.0700000524520874,1.090000033378601,1.0499999523162842,1.0800000429153442,1296400,0.0,0.0
2023-03-28 00:00:00-04:00,1.059999942779541,1.0800000429153442,1.0499999523162842,1.0700000524520874,1793200,0.0,0.0
2023-03-29 00:00:00-04:00,1.100000023841858,1.100000023841858,1.0399999618530273,1.0800000429153442,1159900,0.0,0.0
2023-03-30 00:00:00-04:00,1.090000033378601,1.1299999952316284,1.0700000524520874,1.1200000047683716,990100,0.0,0.0
2023-03-31 00:00:00-04:00,1.159999966621399,1.2100000381469727,1.1299999952316284,1.2000000476837158,1979600,0.0,0.0
2023-04-03 00:00:00-04:00,1.2000000476837158,1.2100000381469727,1.100000023841858,1.1799999475479126,1930700,0.0,0.0
2023-04-04 00:00:00-04:00,1.1799999475479126,1.190000057220459,1.090000033378601,1.100000023841858,1323100,0.0,0.0
2023-04-05 00:00:00-04:00,1.090000033378601,1.100000023841858,1.0499999523162842,1.0700000524520874,2287700,0.0,0.0
2023-04-06 00:00:00-04:00,1.090000033378601,1.090000033378601,1.0299999713897705,1.0399999618530273,1437300,0.0,0.0
2023-04-10 00:00:00-04:00,1.0299999713897705,1.159999966621399,1.0199999809265137,1.149999976158142,3619800,0.0,0.0
2023-04-11 00:00:00-04:00,1.159999966621399,1.2100000381469727,1.1399999856948853,1.2000000476837158,2250900,0.0,0.0
2023-04-12 00:00:00-04:00,1.2200000286102295,1.2300000190734863,1.149999976158142,1.1699999570846558,1601400,0.0,0.0
2023-04-13 00:00:00-04:00,1.159999966621399,1.2300000190734863,1.159999966621399,1.2100000381469727,1639400,0.0,0.0
2023-04-14 00:00:00-04:00,1.2100000381469727,1.2200000286102295,1.090000033378601,1.2100000381469727,2239100,0.0,0.0
2023-04-17 00:00:00-04:00,1.2000000476837158,1.2300000190734863,1.159999966621399,1.2300000190734863,1105500,0.0,0.0
2023-04-18 00:00:00-04:00,1.25,1.25,1.159999966621399,1.2100000381469727,1630300,0.0,0.0
2023-04-19 00:00:00-04:00,1.159999966621399,1.2200000286102295,1.149999976158142,1.2000000476837158,1276800,0.0,0.0
2023-04-20 00:00:00-04:00,1.1799999475479126,1.2100000381469727,1.149999976158142,1.190000057220459,1465000,0.0,0.0
2023-04-21 00:00:00-04:00,1.1799999475479126,1.2699999809265137,1.1799999475479126,1.2599999904632568,938600,0.0,0.0
2023-04-24 00:00:00-04:00,1.25,1.3300000429153442,1.2000000476837158,1.2400000095367432,1269900,0.0,0.0
2023-04-25 00:00:00-04:00,1.2000000476837158,1.2300000190734863,1.159999966621399,1.2000000476837158,1784000,0.0,0.0
2023-04-26 00:00:00-04:00,1.2000000476837158,1.2300000190734863,1.1699999570846558,1.2000000476837158,1409500,0.0,0.0
2023-04-27 00:00:00-04:00,1.2000000476837158,1.2799999713897705,1.1799999475479126,1.2699999809265137,1375700,0.0,0.0
2023-04-28 00:00:00-04:00,1.2699999809265137,1.2999999523162842,1.25,1.2699999809265137,1377900,0.0,0.0
2023-05-01 00:00:00-04:00,1.2599999904632568,1.309999942779541,1.2100000381469727,1.2999999523162842,2507300,0.0,0.0
2023-05-02 00:00:00-04:00,1.2899999618530273,1.3200000524520874,1.2899999618530273,1.2999999523162842,3905600,0.0,0.0
2023-05-03 00:00:00-04:00,1.2999999523162842,1.3899999856948853,1.2999999523162842,1.3200000524520874,1258600,0.0,0.0
2023-05-04 00:00:00-04:00,1.2999999523162842,1.2999999523162842,1.1799999475479126,1.25,2169300,0.0,0.0
2023-05-05 00:00:00-04:00,1.2799999713897705,1.309999942779541,1.2300000190734863,1.2999999523162842,1011400,0.0,0.0
2023-05-08 00:00:00-04:00,1.2899999618530273,1.309999942779541,1.1699999570846558,1.2599999904632568,3022000,0.0,0.0
2023-05-09 00:00:00-04:00,1.1299999952316284,1.159999966621399,1.0099999904632568,1.100000023841858,12594200,0.0,0.0
2023-05-10 00:00:00-04:00,1.1100000143051147,1.1200000047683716,1.0099999904632568,1.0499999523162842,4156800,0.0,0.0
2023-05-11 00:00:00-04:00,1.0199999809265137,1.090000033378601,0.9900000095367432,1.0499999523162842,3812400,0.0,0.0
2023-05-12 00:00:00-04:00,1.0399999618530273,1.1100000143051147,1.0199999809265137,1.0800000429153442,3022000,0.0,0.0
2023-05-15 00:00:00-04:00,1.100000023841858,1.1299999952316284,1.059999942779541,1.1100000143051147,2161400,0.0,0.0
2023-05-16 00:00:00-04:00,1.090000033378601,1.1399999856948853,1.0499999523162842,1.0700000524520874,4218600,0.0,0.0
2023-05-17 00:00:00-04:00,1.100000023841858,1.309999942779541,1.0800000429153442,1.2400000095367432,6113800,0.0,0.0
2023-05-18 00:00:00-04:00,1.2400000095367432,1.2799999713897705,1.1799999475479126,1.2100000381469727,1193000,0.0,0.0
2023-05-19 00:00:00-04:00,1.2400000095367432,1.2699999809265137,1.2000000476837158,1.25,1544300,0.0,0.0
2023-05-22 00:00:00-04:00,1.2599999904632568,1.309999942779541,1.2300000190734863,1.309999942779541,1692100,0.0,0.0
2023-05-23 00:00:00-04:00,1.2799999713897705,1.3300000429153442,1.2699999809265137,1.2999999523162842,1306300,0.0,0.0
2023-05-24 00:00:00-04:00,1.2999999523162842,1.3200000524520874,1.25,1.2799999713897705,1541600,0.0,0.0
2023-05-25 00:00:00-04:00,1.2999999523162842,1.3200000524520874,1.2300000190734863,1.2799999713897705,1140600,0.0,0.0
2023-05-26 00:00:00-04:00,1.25,1.309999942779541,1.25,1.2699999809265137,1098900,0.0,0.0
2023-05-30 00:00:00-04:00,1.2599999904632568,1.3200000524520874,1.25,1.2799999713897705,2840500,0.0,0.0
2023-05-31 00:00:00-04:00,1.2999999523162842,1.3300000429153442,1.1799999475479126,1.2300000190734863,3270800,0.0,0.0
2023-06-01 00:00:00-04:00,1.2400000095367432,1.2699999809265137,1.2000000476837158,1.25,1583600,0.0,0.0
2023-06-02 00:00:00-04:00,1.309999942779541,1.3700000047683716,1.2400000095367432,1.3600000143051147,1928300,0.0,0.0
2023-06-05 00:00:00-04:00,1.3200000524520874,1.399999976158142,1.309999942779541,1.350000023841858,782000,0.0,0.0
2023-06-06 00:00:00-04:00,1.350000023841858,1.4700000286102295,1.340000033378601,1.399999976158142,2115900,0.0,0.0
2023-06-07 00:00:00-04:00,1.440000057220459,1.4800000190734863,1.3899999856948853,1.3899999856948853,2383100,0.0,0.0
2023-06-08 00:00:00-04:00,1.3700000047683716,1.3899999856948853,1.3300000429153442,1.340000033378601,1719200,0.0,0.0
2023-06-09 00:00:00-04:00,1.3799999952316284,1.409999966621399,1.3300000429153442,1.340000033378601,1974700,0.0,0.0
2023-06-12 00:00:00-04:00,1.3300000429153442,1.3799999952316284,1.309999942779541,1.3200000524520874,1293600,0.0,0.0
2023-06-13 00:00:00-04:00,1.3200000524520874,1.3600000143051147,1.2599999904632568,1.2799999713897705,4806500,0.0,0.0
2023-06-14 00:00:00-04:00,1.309999942779541,1.350000023841858,1.2400000095367432,1.25,2112000,0.0,0.0
2023-06-15 00:00:00-04:00,1.2599999904632568,1.2799999713897705,1.2200000286102295,1.2699999809265137,1659700,0.0,0.0
2023-06-16 00:00:00-04:00,1.2699999809265137,1.2899999618530273,1.2400000095367432,1.2599999904632568,4069000,0.0,0.0
2023-06-20 00:00:00-04:00,1.2799999713897705,1.340000033378601,1.2599999904632568,1.2899999618530273,2370300,0.0,0.0
2023-06-21 00:00:00-04:00,1.2699999809265137,1.309999942779541,1.2599999904632568,1.2899999618530273,1778300,0.0,0.0
2023-06-22 00:00:00-04:00,1.2699999809265137,1.309999942779541,1.25,1.2799999713897705,2465200,0.0,0.0
2023-06-23 00:00:00-04:00,1.2599999904632568,1.2799999713897705,1.190000057220459,1.2699999809265137,4256300,0.0,0.0
2023-06-26 00:00:00-04:00,1.25,1.340000033378601,1.2400000095367432,1.3300000429153442,2054700,0.0,0.0
2023-06-27 00:00:00-04:00,1.340000033378601,1.3799999952316284,1.3300000429153442,1.3700000047683716,2010200,0.0,0.0
2023-06-28 00:00:00-04:00,1.350000023841858,1.409999966621399,1.340000033378601,1.3899999856948853,1786600,0.0,0.0
2023-06-29 00:00:00-04:00,1.3799999952316284,1.399999976158142,1.309999942779541,1.3200000524520874,1634000,0.0,0.0
2023-06-30 00:00:00-04:00,1.3300000429153442,1.3899999856948853,1.2999999523162842,1.3700000047683716,1714200,0.0,0.0
2023-07-03 00:00:00-04:00,1.3700000047683716,1.4900000095367432,1.350000023841858,1.4900000095367432,773600,0.0,0.0
2023-07-05 00:00:00-04:00,1.4600000381469727,1.4900000095367432,1.399999976158142,1.409999966621399,1154800,0.0,0.0
2023-07-06 00:00:00-04:00,1.399999976158142,1.4199999570846558,1.3600000143051147,1.3799999952316284,1067600,0.0,0.0
2023-07-07 00:00:00-04:00,1.3899999856948853,1.5399999618530273,1.3899999856948853,1.5199999809265137,3582700,0.0,0.0
2023-07-10 00:00:00-04:00,1.5099999904632568,1.5800000429153442,1.5,1.5299999713897705,2062100,0.0,0.0
2023-07-11 00:00:00-04:00,1.5299999713897705,1.590000033378601,1.5299999713897705,1.5800000429153442,1668000,0.0,0.0
2023-07-12 00:00:00-04:00,1.600000023841858,1.6399999856948853,1.5499999523162842,1.600000023841858,1817800,0.0,0.0
2023-07-13 00:00:00-04:00,1.6399999856948853,1.690000057220459,1.590000033378601,1.6799999475479126,2628500,0.0,0.0
2023-07-14 00:00:00-04:00,1.6799999475479126,1.7100000381469727,1.649999976158142,1.690000057220459,2787600,0.0,0.0
2023-07-17 00:00:00-04:00,1.7000000476837158,1.7599999904632568,1.6799999475479126,1.690000057220459,2646900,0.0,0.0
2023-07-18 00:00:00-04:00,1.690000057220459,1.7100000381469727,1.5700000524520874,1.5700000524520874,2355600,0.0,0.0
2023-07-19 00:00:00-04:00,1.5700000524520874,1.6299999952316284,1.5700000524520874,1.600000023841858,1318700,0.0,0.0
2023-07-20 00:00:00-04:00,1.600000023841858,1.6799999475479126,1.559999942779541,1.659999966621399,1747400,0.0,0.0
2023-07-21 00:00:00-04:00,1.6799999475479126,1.690000057220459,1.5299999713897705,1.5299999713897705,2481700,0.0,0.0
2023-07-24 00:00:00-04:00,1.590000033378601,1.590000033378601,1.4600000381469727,1.5,1504100,0.0,0.0
2023-07-25 00:00:00-04:00,1.4800000190734863,1.5,1.4199999570846558,1.4199999570846558,1059600,0.0,0.0
2023-07-26 00:00:00-04:00,1.399999976158142,1.4600000381469727,1.3799999952316284,1.4299999475479126,2267200,0.0,0.0
2023-07-27 00:00:00-04:00,1.5499999523162842,1.6299999952316284,1.440000057220459,1.5700000524520874,3276400,0.0,0.0
2023-07-28 00:00:00-04:00,1.6100000143051147,1.7000000476837158,1.600000023841858,1.6799999475479126,2184200,0.0,0.0
2023-07-31 00:00:00-04:00,1.6799999475479126,1.8200000524520874,1.6799999475479126,1.7999999523162842,3985200,0.0,0.0
2023-08-01 00:00:00-04:00,1.7999999523162842,1.8799999952316284,1.75,1.7999999523162842,5215200,0.0,0.0
2023-08-02 00:00:00-04:00,1.809999942779541,1.8200000524520874,1.690000057220459,1.690000057220459,2878000,0.0,0.0
2023-08-03 00:00:00-04:00,1.7000000476837158,1.7000000476837158,1.590000033378601,1.659999966621399,5290700,0.0,0.0
2023-08-04 00:00:00-04:00,1.7100000381469727,1.7300000190734863,1.6299999952316284,1.6799999475479126,5228000,0.0,0.0
2023-08-07 00:00:00-04:00,1.5499999523162842,1.6399999856948853,1.5399999618530273,1.6200000047683716,4622800,0.0,0.0
2023-08-08 00:00:00-04:00,1.5800000429153442,1.6299999952316284,1.5399999618530273,1.559999942779541,5087600,0.0,0.0
2023-08-09 00:00:00-04:00,1.5399999618530273,1.590000033378601,1.5,1.5299999713897705,5034500,0.0,0.0
2023-08-10 00:00:00-04:00,1.5199999809265137,1.5299999713897705,1.4900000095367432,1.5,5267900,0.0,0.0
2023-08-11 00:00:00-04:00,1.5,1.5499999523162842,1.4700000286102295,1.5299999713897705,2028300,0.0,0.0
2023-08-14 00:00:00-04:00,1.5,1.5199999809265137,1.4800000190734863,1.5,1370000,0.0,0.0
2023-08-15 00:00:00-04:00,1.4900000095367432,1.5099999904632568,1.4500000476837158,1.4700000286102295,2641700,0.0,0.0
2023-08-16 00:00:00-04:00,1.4600000381469727,1.5,1.4199999570846558,1.4299999475479126,2022400,0.0,0.0
2023-08-17 00:00:00-04:00,1.4700000286102295,1.5,1.4199999570846558,1.4299999475479126,3464400,0.0,0.0
2023-08-18 00:00:00-04:00,1.409999966621399,1.4800000190734863,1.399999976158142,1.4700000286102295,3514000,0.0,0.0
2023-08-21 00:00:00-04:00,1.4600000381469727,1.4600000381469727,1.3300000429153442,1.3799999952316284,2734800,0.0,0.0
2023-08-22 00:00:00-04:00,1.3700000047683716,1.409999966621399,1.350000023841858,1.3799999952316284,3187800,0.0,0.0
2023-08-23 00:00:00-04:00,1.3700000047683716,1.399999976158142,1.3600000143051147,1.399999976158142,1827600,0.0,0.0
2023-08-24 00:00:00-04:00,1.350000023841858,1.409999966621399,1.350000023841858,1.3799999952316284,2613200,0.0,0.0
2023-08-25 00:00:00-04:00,1.3799999952316284,1.4199999570846558,1.3799999952316284,1.3899999856948853,2041800,0.0,0.0
2023-08-28 00:00:00-04:00,1.3899999856948853,1.4700000286102295,1.3700000047683716,1.4600000381469727,2313900,0.0,0.0
2023-08-29 00:00:00-04:00,1.4199999570846558,1.5,1.399999976158142,1.4700000286102295,2633000,0.0,0.0
2023-08-30 00:00:00-04:00,1.4600000381469727,1.4900000095367432,1.440000057220459,1.4700000286102295,1565600,0.0,0.0
2023-08-31 00:00:00-04:00,1.4800000190734863,1.4800000190734863,1.409999966621399,1.4500000476837158,3093600,0.0,0.0
2023-09-01 00:00:00-04:00,1.4600000381469727,1.5399999618530273,1.4500000476837158,1.5199999809265137,2284800,0.0,0.0
2023-09-05 00:00:00-04:00,1.4800000190734863,1.5,1.340000033378601,1.3899999856948853,4006200,0.0,0.0
2023-09-06 00:00:00-04:00,1.3799999952316284,1.4600000381469727,1.350000023841858,1.4600000381469727,2789900,0.0,0.0
2023-09-07 00:00:00-04:00,1.4199999570846558,1.4299999475479126,1.3700000047683716,1.399999976158142,5376100,0.0,0.0
2023-09-08 00:00:00-04:00,1.3700000047683716,1.4500000476837158,1.309999942779541,1.4299999475479126,4082000,0.0,0.0
2023-09-11 00:00:00-04:00,1.4600000381469727,1.4600000381469727,1.399999976158142,1.4199999570846558,2418400,0.0,0.0
2023-09-12 00:00:00-04:00,1.3899999856948853,1.440000057220459,1.3899999856948853,1.4199999570846558,1865400,0.0,0.0
2023-09-13 00:00:00-04:00,1.4299999475479126,1.4299999475479126,1.3799999952316284,1.4199999570846558,3263900,0.0,0.0
2023-09-14 00:00:00-04:00,1.4299999475479126,1.5299999713897705,1.4199999570846558,1.5099999904632568,2771900,0.0,0.0
2023-09-15 00:00:00-04:00,1.5,1.5499999523162842,1.4800000190734863,1.5099999904632568,14026400,0.0,0.0
2023-09-18 00:00:00-04:00,1.5199999809265137,1.5299999713897705,1.4299999475479126,1.4299999475479126,5014500,0.0,0.0
2023-09-19 00:00:00-04:00,1.4199999570846558,1.4800000190734863,1.3700000047683716,1.4600000381469727,2689900,0.0,0.0
2023-09-20 00:00:00-04:00,1.4800000190734863,1.5099999904632568,1.440000057220459,1.4800000190734863,2262900,0.0,0.0
2023-09-21 00:00:00-04:00,1.4500000476837158,1.5499999523162842,1.4199999570846558,1.5,4819400,0.0,0.0
2023-09-22 00:00:00-04:00,1.5199999809265137,1.5399999618530273,1.4700000286102295,1.5,1316600,0.0,0.0
2023-09-25 00:00:00-04:00,1.4800000190734863,1.5499999523162842,1.4500000476837158,1.5299999713897705,2114000,0.0,0.0
2023-09-26 00:00:00-04:00,1.5199999809265137,1.5299999713897705,1.4500000476837158,1.4500000476837158,2271900,0.0,0.0
2023-09-27 00:00:00-04:00,1.4600000381469727,1.5499999523162842,1.4500000476837158,1.5299999713897705,3049200,0.0,0.0
2023-09-28 00:00:00-04:00,1.5299999713897705,1.7100000381469727,1.5099999904632568,1.6299999952316284,7849100,0.0,0.0
2023-09-29 00:00:00-04:00,1.6399999856948853,1.6399999856948853,1.5700000524520874,1.5800000429153442,1995800,0.0,0.0
2023-10-02 00:00:00-04:00,1.559999942779541,1.590000033378601,1.4299999475479126,1.4299999475479126,3756800,0.0,0.0
2023-10-03 00:00:00-04:00,1.4199999570846558,1.4500000476837158,1.2799999713897705,1.409999966621399,7850000,0.0,0.0
2023-10-04 00:00:00-04:00,1.3799999952316284,1.399999976158142,1.340000033378601,1.350000023841858,4902200,0.0,0.0
2023-10-05 00:00:00-04:00,1.340000033378601,1.340000033378601,1.2000000476837158,1.2200000286102295,5281200,0.0,0.0
2023-10-06 00:00:00-04:00,1.2200000286102295,1.2200000286102295,1.1299999952316284,1.159999966621399,4536000,0.0,0.0
2023-10-09 00:00:00-04:00,1.1399999856948853,1.159999966621399,1.059999942779541,1.100000023841858,4112600,0.0,0.0
2023-10-10 00:00:00-04:00,1.1100000143051147,1.1799999475479126,1.1100000143051147,1.1200000047683716,3422400,0.0,0.0
2023-10-11 00:00:00-04:00,1.1299999952316284,1.1799999475479126,1.100000023841858,1.159999966621399,3776500,0.0,0.0
2023-10-12 00:00:00-04:00,1.159999966621399,1.159999966621399,1.0800000429153442,1.0800000429153442,5590400,0.0,0.0
2023-10-13 00:00:00-04:00,1.100000023841858,1.149999976158142,1.0499999523162842,1.1100000143051147,7912800,0.0,0.0
2023-10-16 00:00:00-04:00,1.1299999952316284,1.149999976158142,1.090000033378601,1.100000023841858,3652200,0.0,0.0
2023-10-17 00:00:00-04:00,1.090000033378601,1.2300000190734863,1.090000033378601,1.190000057220459,6672100,0.0,0.0
2023-10-18 00:00:00-04:00,1.2799999713897705,1.2799999713897705,1.149999976158142,1.149999976158142,4050100,0.0,0.0
2023-10-19 00:00:00-04:00,1.1100000143051147,1.2200000286102295,1.100000023841858,1.2200000286102295,5511400,0.0,0.0
2023-10-20 00:00:00-04:00,1.2000000476837158,1.2100000381469727,1.090000033378601,1.100000023841858,4663800,0.0,0.0
2023-10-23 00:00:00-04:00,1.1100000143051147,1.149999976158142,1.0800000429153442,1.1200000047683716,1489100,0.0,0.0
2023-10-24 00:00:00-04:00,1.1100000143051147,1.149999976158142,1.0800000429153442,1.1399999856948853,2662400,0.0,0.0
2023-10-25 00:00:00-04:00,1.1399999856948853,1.1799999475479126,1.1399999856948853,1.1699999570846558,2737900,0.0,0.0
2023-10-26 00:00:00-04:00,1.1699999570846558,1.2100000381469727,1.1399999856948853,1.190000057220459,1881800,0.0,0.0
2023-10-27 00:00:00-04:00,1.2300000190734863,1.25,1.1699999570846558,1.2000000476837158,2287900,0.0,0.0
2023-10-30 00:00:00-04:00,1.2000000476837158,1.2599999904632568,1.1799999475479126,1.2000000476837158,1875700,0.0,0.0
2023-10-31 00:00:00-04:00,1.1699999570846558,1.2100000381469727,1.0800000429153442,1.100000023841858,7139200,0.0,0.0
2023-11-01 00:00:00-04:00,1.1100000143051147,1.1200000047683716,1.0399999618530273,1.090000033378601,3353100,0.0,0.0
2023-11-02 00:00:00-04:00,1.1100000143051147,1.1699999570846558,1.0399999618530273,1.0700000524520874,9663500,0.0,0.0
2023-11-03 00:00:00-04:00,1.100000023841858,1.1699999570846558,1.0800000429153442,1.1299999952316284,3213900,0.0,0.0
2023-11-06 00:00:00-05:00,1.1299999952316284,1.149999976158142,1.090000033378601,1.1200000047683716,3413900,0.0,0.0
2023-11-07 00:00:00-05:00,1.1200000047683716,1.149999976158142,1.100000023841858,1.1299999952316284,5117600,0.0,0.0
2023-11-08 00:00:00-05:00,1.1299999952316284,1.309999942779541,1.1100000143051147,1.2999999523162842,9615200,0.0,0.0
2023-11-09 00:00:00-05:00,1.2999999523162842,1.340000033378601,1.25,1.2899999618530273,6603800,0.0,0.0
2023-11-10 00:00:00-05:00,1.309999942779541,1.340000033378601,1.2899999618530273,1.3200000524520874,4438700,0.0,0.0
2023-11-13 00:00:00-05:00,1.309999942779541,1.340000033378601,1.309999942779541,1.3200000524520874,1354400,0.0,0.0
2023-11-14 00:00:00-05:00,1.340000033378601,1.4199999570846558,1.340000033378601,1.409999966621399,3509100,0.0,0.0
2023-11-15 00:00:00-05:00,1.4299999475479126,1.4900000095367432,1.399999976158142,1.409999966621399,3011800,0.0,0.0
2023-11-16 00:00:00-05:00,1.409999966621399,1.4299999475479126,1.3300000429153442,1.3600000143051147,2746500,0.0,0.0
2023-11-17 00:00:00-05:00,1.3799999952316284,1.399999976158142,1.3300000429153442,1.350000023841858,2960300,0.0,0.0
2023-11-20 00:00:00-05:00,1.350000023841858,1.4299999475479126,1.340000033378601,1.3899999856948853,6536600,0.0,0.0
2023-11-21 00:00:00-05:00,1.3600000143051147,1.3799999952316284,1.3300000429153442,1.350000023841858,3133100,0.0,0.0
2023-11-22 00:00:00-05:00,1.3799999952316284,1.399999976158142,1.3200000524520874,1.340000033378601,2440900,0.0,0.0
2023-11-24 00:00:00-05:00,1.3200000524520874,1.350000023841858,1.309999942779541,1.340000033378601,768200,0.0,0.0
2023-11-27 00:00:00-05:00,1.3300000429153442,1.340000033378601,1.309999942779541,1.3200000524520874,2025900,0.0,0.0
2023-11-28 00:00:00-05:00,1.309999942779541,1.3899999856948853,1.2599999904632568,1.3600000143051147,5894900,0.0,0.0
2023-11-29 00:00:00-05:00,1.3899999856948853,1.440000057220459,1.3700000047683716,1.4199999570846558,3588400,0.0,0.0
2023-11-30 00:00:00-05:00,1.440000057220459,1.4700000286102295,1.399999976158142,1.4500000476837158,8709500,0.0,0.0
2023-12-01 00:00:00-05:00,1.440000057220459,1.600000023841858,1.4199999570846558,1.5800000429153442,3380400,0.0,0.0
2023-12-04 00:00:00-05:00,1.5800000429153442,1.600000023841858,1.5199999809265137,1.5399999618530273,2135900,0.0,0.0
2023-12-05 00:00:00-05:00,1.5499999523162842,1.5499999523162842,1.4900000095367432,1.5,1540500,0.0,0.0
2023-12-06 00:00:00-05:00,1.5399999618530273,1.5700000524520874,1.4900000095367432,1.4900000095367432,1626900,0.0,0.0
2023-12-07 00:00:00-05:00,1.4800000190734863,1.559999942779541,1.4600000381469727,1.5299999713897705,2529800,0.0,0.0
2023-12-08 00:00:00-05:00,1.5,1.7000000476837158,1.5,1.649999976158142,5246800,0.0,0.0
2023-12-11 00:00:00-05:00,1.6699999570846558,1.7000000476837158,1.6200000047683716,1.659999966621399,3533900,0.0,0.0
2023-12-12 00:00:00-05:00,1.6799999475479126,1.7000000476837158,1.590000033378601,1.600000023841858,2552400,0.0,0.0
2023-12-13 00:00:00-05:00,1.600000023841858,1.7100000381469727,1.5700000524520874,1.690000057220459,2450600,0.0,0.0
2023-12-14 00:00:00-05:00,1.75,1.809999942779541,1.7300000190734863,1.75,4147800,0.0,0.0
2023-12-15 00:00:00-05:00,1.7799999713897705,1.7899999618530273,1.649999976158142,1.659999966621399,8964200,0.0,0.0
2023-12-18 00:00:00-05:00,1.6799999475479126,1.7000000476837158,1.6100000143051147,1.6799999475479126,3770600,0.0,0.0
2023-12-19 00:00:00-05:00,1.7200000286102295,1.7200000286102295,1.6399999856948853,1.6799999475479126,1803900,0.0,0.0
2023-12-20 00:00:00-05:00,1.850000023841858,1.9500000476837158,1.7699999809265137,1.7999999523162842,5251200,0.0,0.0
2023-12-21 00:00:00-05:00,1.840000033378601,1.8899999856948853,1.7999999523162842,1.840000033378601,2081800,0.0,0.0
2023-12-22 00:00:00-05:00,1.8600000143051147,1.8700000047683716,1.809999942779541,1.8300000429153442,1431800,0.0,0.0
2023-12-26 00:00:00-05:00,1.840000033378601,1.8600000143051147,1.7999999523162842,1.8300000429153442,1230500,0.0,0.0
2023-12-27 00:00:00-05:00,1.850000023841858,1.909999966621399,1.8300000429153442,1.8700000047683716,1101700,0.0,0.0
2023-12-28 00:00:00-05:00,1.850000023841858,1.899999976158142,1.840000033378601,1.8799999952316284,1519700,0.0,0.0
2023-12-29 00:00:00-05:00,1.8600000143051147,1.8899999856948853,1.8200000524520874,1.8200000524520874,1479700,0.0,0.0
2024-01-02 00:00:00-05:00,1.8300000429153442,1.8799999952316284,1.75,1.7699999809265137,2380800,0.0,0.0
2024-01-03 00:00:00-05:00,1.75,1.75,1.6100000143051147,1.6399999856948853,3419000,0.0,0.0
2024-01-04 00:00:00-05:00,1.6299999952316284,1.7000000476837158,1.6299999952316284,1.649999976158142,1229100,0.0,0.0
2024-01-05 00:00:00-05:00,1.659999966621399,1.7599999904632568,1.649999976158142,1.7000000476837158,2683200,0.0,0.0
2024-01-08 00:00:00-05:00,1.7400000095367432,1.7400000095367432,1.649999976158142,1.6699999570846558,1032500,0.0,0.0
2024-01-09 00:00:00-05:00,1.659999966621399,1.809999942779541,1.6100000143051147,1.75,4216200,0.0,0.0
2024-01-10 00:00:00-05:00,1.7100000381469727,1.7699999809265137,1.7000000476837158,1.75,1778700,0.0,0.0
2024-01-11 00:00:00-05:00,1.7100000381469727,1.7400000095367432,1.6699999570846558,1.690000057220459,1362900,0.0,0.0
2024-01-12 00:00:00-05:00,1.7200000286102295,1.7599999904632568,1.649999976158142,1.6699999570846558,1519700,0.0,0.0
2024-01-16 00:00:00-05:00,1.6399999856948853,1.649999976158142,1.5700000524520874,1.600000023841858,1470700,0.0,0.0
2024-01-17 00:00:00-05:00,1.5700000524520874,1.5800000429153442,1.5,1.5299999713897705,1214700,0.0,0.0
2024-01-18 00:00:00-05:00,1.5099999904632568,1.5399999618530273,1.4500000476837158,1.5,1238300,0.0,0.0
2024-01-19 00:00:00-05:00,1.5299999713897705,1.690000057220459,1.5099999904632568,1.659999966621399,7214800,0.0,0.0
2024-01-22 00:00:00-05:00,1.6799999475479126,1.7899999618530273,1.6799999475479126,1.75,1667500,0.0,0.0
2024-01-23 00:00:00-05:00,1.7300000190734863,1.809999942779541,1.7300000190734863,1.7699999809265137,1325700,0.0,0.0
2024-01-24 00:00:00-05:00,1.7899999618530273,1.8600000143051147,1.75,1.7599999904632568,1486200,0.0,0.0
2024-01-25 00:00:00-05:00,1.7799999713897705,1.8300000429153442,1.7699999809265137,1.809999942779541,1251700,0.0,0.0
2024-01-26 00:00:00-05:00,1.850000023841858,1.9199999570846558,1.7999999523162842,1.909999966621399,3895800,0.0,0.0
2024-01-29 00:00:00-05:00,1.940000057220459,1.940000057220459,1.7699999809265137,1.8200000524520874,2306800,0.0,0.0
2024-01-30 00:00:00-05:00,1.7899999618530273,1.8200000524520874,1.7899999618530273,1.7999999523162842,967700,0.0,0.0
2024-01-31 00:00:00-05:00,1.7799999713897705,1.840000033378601,1.7200000286102295,1.7200000286102295,1568900,0.0,0.0
2024-02-01 00:00:00-05:00,1.75,1.7799999713897705,1.7100000381469727,1.75,1656200,0.0,0.0
2024-02-02 00:00:00-05:00,1.7400000095367432,1.75,1.659999966621399,1.690000057220459,964400,0.0,0.0
2024-02-05 00:00:00-05:00,1.6299999952316284,1.659999966621399,1.5700000524520874,1.649999976158142,1697900,0.0,0.0
2024-02-06 00:00:00-05:00,1.6399999856948853,1.690000057220459,1.6200000047683716,1.649999976158142,1687500,0.0,0.0
2024-02-07 00:00:00-05:00,1.6799999475479126,1.690000057220459,1.590000033378601,1.6399999856948853,3038300,0.0,0.0
2024-02-08 00:00:00-05:00,1.649999976158142,1.6799999475479126,1.6100000143051147,1.659999966621399,677100,0.0,0.0
2024-02-09 00:00:00-05:00,1.649999976158142,1.7000000476837158,1.600000023841858,1.6799999475479126,1519300,0.0,0.0
2024-02-12 00:00:00-05:00,1.690000057220459,1.8300000429153442,1.6799999475479126,1.809999942779541,1783000,0.0,0.0
2024-02-13 00:00:00-05:00,1.7400000095367432,1.7699999809265137,1.690000057220459,1.7300000190734863,2053000,0.0,0.0
2024-02-14 00:00:00-05:00,1.7699999809265137,1.809999942779541,1.75,1.7899999618530273,1055300,0.0,0.0
2024-02-15 00:00:00-05:00,1.809999942779541,1.8700000047683716,1.7999999523162842,1.8700000047683716,2073200,0.0,0.0
2024-02-16 00:00:00-05:00,1.8600000143051147,1.8700000047683716,1.7899999618530273,1.7999999523162842,976300,0.0,0.0
2024-02-20 00:00:00-05:00,1.7899999618530273,1.7899999618530273,1.690000057220459,1.7000000476837158,1300100,0.0,0.0
2024-02-21 00:00:00-05:00,1.690000057220459,1.7200000286102295,1.5800000429153442,1.6100000143051147,4824200,0.0,0.0
2024-02-22 00:00:00-05:00,1.600000023841858,1.909999966621399,1.5800000429153442,1.8200000524520874,11285400,0.0,0.0
2024-02-23 00:00:00-05:00,1.8300000429153442,1.9299999475479126,1.7400000095367432,1.8799999952316284,6022700,0.0,0.0
2024-02-26 00:00:00-05:00,1.9900000095367432,2.059999942779541,1.8899999856948853,1.9800000190734863,3505000,0.0,0.0
2024-02-27 00:00:00-05:00,1.9800000190734863,2.0299999713897705,1.9199999570846558,1.940000057220459,1403200,0.0,0.0
2024-02-28 00:00:00-05:00,1.9199999570846558,1.9199999570846558,1.649999976158142,1.7000000476837158,2942800,0.0,0.0
2024-02-29 00:00:00-05:00,1.7200000286102295,1.7300000190734863,1.649999976158142,1.7200000286102295,2452500,0.0,0.0
2024-03-01 00:00:00-05:00,1.7100000381469727,1.8200000524520874,1.6699999570846558,1.7899999618530273,2468400,0.0,0.0
2024-03-04 00:00:00-05:00,1.809999942779541,1.8200000524520874,1.75,1.7599999904632568,1648100,0.0,0.0
2024-03-05 00:00:00-05:00,1.75,1.7699999809265137,1.7000000476837158,1.7200000286102295,1788300,0.0,0.0
2024-03-06 00:00:00-05:00,1.7400000095367432,1.8200000524520874,1.690000057220459,1.7599999904632568,2247700,0.0,0.0
2024-03-07 00:00:00-05:00,1.7899999618530273,1.809999942779541,1.7300000190734863,1.7400000095367432,1003200,0.0,0.0
2024-03-08 00:00:00-05:00,1.7599999904632568,1.8200000524520874,1.75,1.7899999618530273,1469500,0.0,0.0
2024-03-11 00:00:00-04:00,1.7799999713897705,1.809999942779541,1.7300000190734863,1.75,599600,0.0,0.0
2024-03-12 00:00:00-04:00,1.7300000190734863,1.7400000095367432,1.7000000476837158,1.7200000286102295,623700,0.0,0.0
2024-03-13 00:00:00-04:00,1.7300000190734863,1.7899999618530273,1.7000000476837158,1.7000000476837158,1396900,0.0,0.0
2024-03-14 00:00:00-04:00,1.7000000476837158,1.7100000381469727,1.600000023841858,1.6299999952316284,2430600,0.0,0.0
2024-03-15 00:00:00-04:00,1.6100000143051147,1.649999976158142,1.5399999618530273,1.559999942779541,4034600,0.0,0.0
2024-03-18 00:00:00-04:00,1.5499999523162842,1.659999966621399,1.5299999713897705,1.5499999523162842,4472400,0.0,0.0
2024-03-19 00:00:00-04:00,1.5499999523162842,1.6299999952316284,1.5299999713897705,1.559999942779541,4597400,0.0,0.0
2024-03-20 00:00:00-04:00,1.5700000524520874,1.6299999952316284,1.5499999523162842,1.6299999952316284,1674900,0.0,0.0
2024-03-21 00:00:00-04:00,1.6100000143051147,1.6399999856948853,1.5299999713897705,1.5800000429153442,4899600,0.0,0.0
2024-03-22 00:00:00-04:00,1.600000023841858,1.6399999856948853,1.5299999713897705,1.5800000429153442,3408200,0.0,0.0
2024-03-25 00:00:00-04:00,1.600000023841858,1.659999966621399,1.559999942779541,1.559999942779541,1309500,0.0,0.0
2024-03-26 00:00:00-04:00,1.559999942779541,1.5800000429153442,1.5199999809265137,1.5399999618530273,3256700,0.0,0.0
2024-03-27 00:00:00-04:00,1.590000033378601,1.649999976158142,1.5700000524520874,1.649999976158142,4086600,0.0,0.0
2024-03-28 00:00:00-04:00,1.659999966621399,1.7000000476837158,1.6299999952316284,1.649999976158142,1174400,0.0,0.0
2024-04-01 00:00:00-04:00,1.6399999856948853,1.649999976158142,1.6100000143051147,1.6100000143051147,1202600,0.0,0.0
2024-04-02 00:00:00-04:00,1.5499999523162842,1.5800000429153442,1.5399999618530273,1.5700000524520874,1364100,0.0,0.0
2024-04-03 00:00:00-04:00,1.5399999618530273,1.6299999952316284,1.5399999618530273,1.6200000047683716,1811100,0.0,0.0
2024-04-04 00:00:00-04:00,1.649999976158142,1.7100000381469727,1.649999976158142,1.6799999475479126,5510800,0.0,0.0
2024-04-05 00:00:00-04:00,1.659999966621399,1.6799999475479126,1.6100000143051147,1.6100000143051147,2196900,0.0,0.0
2024-04-08 00:00:00-04:00,1.600000023841858,1.690000057220459,1.600000023841858,1.649999976158142,1422400,0.0,0.0
2024-04-09 00:00:00-04:00,1.659999966621399,1.7200000286102295,1.6200000047683716,1.6399999856948853,1421700,0.0,0.0
2024-04-10 00:00:00-04:00,1.600000023841858,1.600000023841858,1.5,1.5399999618530273,6061400,0.0,0.0
2024-04-11 00:00:00-04:00,1.559999942779541,1.600000023841858,1.5,1.5700000524520874,4903100,0.0,0.0
2024-04-12 00:00:00-04:00,1.5700000524520874,1.5800000429153442,1.5099999904632568,1.5199999809265137,1643000,0.0,0.0
2024-04-15 00:00:00-04:00,1.5399999618530273,1.5700000524520874,1.4600000381469727,1.4700000286102295,2201900,0.0,0.0
2024-04-16 00:00:00-04:00,1.5,1.5,1.399999976158142,1.4600000381469727,1380400,0.0,0.0
2024-04-17 00:00:00-04:00,1.4700000286102295,1.4900000095367432,1.4199999570846558,1.4299999475479126,1198100,0.0,0.0
2024-04-18 00:00:00-04:00,1.4199999570846558,1.4800000190734863,1.409999966621399,1.440000057220459,1311900,0.0,0.0
2024-04-19 00:00:00-04:00,1.4299999475479126,1.5199999809265137,1.4299999475479126,1.4900000095367432,1777400,0.0,0.0
2024-04-22 00:00:00-04:00,1.5,1.5099999904632568,1.4500000476837158,1.4700000286102295,1383800,0.0,0.0
2024-04-23 00:00:00-04:00,1.4700000286102295,1.5299999713897705,1.4700000286102295,1.5,1135200,0.0,0.0
2024-04-24 00:00:00-04:00,1.5,1.5299999713897705,1.4299999475479126,1.440000057220459,1315100,0.0,0.0
2024-04-25 00:00:00-04:00,1.440000057220459,1.4600000381469727,1.3300000429153442,1.440000057220459,1568000,0.0,0.0
2024-04-26 00:00:00-04:00,1.440000057220459,1.4800000190734863,1.4299999475479126,1.440000057220459,552500,0.0,0.0
2024-04-29 00:00:00-04:00,1.4500000476837158,1.4700000286102295,1.409999966621399,1.440000057220459,616400,0.0,0.0
2024-04-30 00:00:00-04:00,1.440000057220459,1.440000057220459,1.3799999952316284,1.3899999856948853,4162600,0.0,0.0
2024-05-01 00:00:00-04:00,1.409999966621399,1.5099999904632568,1.3899999856948853,1.4500000476837158,996400,0.0,0.0
2024-05-02 00:00:00-04:00,1.4900000095367432,1.5700000524520874,1.4700000286102295,1.5499999523162842,2465100,0.0,0.0
2024-05-03 00:00:00-04:00,1.600000023841858,1.600000023841858,1.5,1.5,1472100,0.0,0.0
2024-05-06 00:00:00-04:00,1.5199999809265137,1.5399999618530273,1.5099999904632568,1.5299999713897705,845300,0.0,0.0
2024-05-07 00:00:00-04:00,1.5199999809265137,1.5700000524520874,1.5199999809265137,1.559999942779541,1480800,0.0,0.0
2024-05-08 00:00:00-04:00,1.5499999523162842,1.5800000429153442,1.5199999809265137,1.5399999618530273,1305300,0.0,0.0
2024-05-09 00:00:00-04:00,1.5399999618530273,1.6200000047683716,1.4600000381469727,1.6100000143051147,1667700,0.0,0.0
2024-05-10 00:00:00-04:00,1.590000033378601,1.6299999952316284,1.5700000524520874,1.5700000524520874,1643400,0.0,0.0
2024-05-13 00:00:00-04:00,1.600000023841858,1.6200000047683716,1.5299999713897705,1.5399999618530273,1273200,0.0,0.0
2024-05-14 00:00:00-04:00,1.5399999618530273,1.590000033378601,1.5299999713897705,1.559999942779541,1247100,0.0,0.0
2024-05-15 00:00:00-04:00,1.5499999523162842,1.5800000429153442,1.5499999523162842,1.559999942779541,769900,0.0,0.0
2024-05-16 00:00:00-04:00,1.5099999904632568,1.5800000429153442,1.4800000190734863,1.5700000524520874,1218500,0.0,0.0
2024-05-17 00:00:00-04:00,1.5700000524520874,1.5800000429153442,1.5499999523162842,1.5499999523162842,878100,0.0,0.0
2024-05-20 00:00:00-04:00,1.5499999523162842,1.5800000429153442,1.5499999523162842,1.5499999523162842,1381500,0.0,0.0
2024-05-21 00:00:00-04:00,1.559999942779541,1.559999942779541,1.4600000381469727,1.5399999618530273,3491400,0.0,0.0
2024-05-22 00:00:00-04:00,1.5299999713897705,1.5399999618530273,1.5,1.5099999904632568,1360800,0.0,0.0
2024-05-23 00:00:00-04:00,1.5199999809265137,1.5399999618530273,1.4700000286102295,1.4700000286102295,1590600,0.0,0.0
2024-05-24 00:00:00-04:00,1.5,1.5199999809265137,1.4299999475479126,1.4299999475479126,895900,0.0,0.0
2024-05-28 00:00:00-04:00,1.4500000476837158,1.4700000286102295,1.4199999570846558,1.440000057220459,1498100,0.0,0.0
2024-05-29 00:00:00-04:00,1.3899999856948853,1.4299999475479126,1.340000033378601,1.4199999570846558,1658800,0.0,0.0
2024-05-30 00:00:00-04:00,1.440000057220459,1.4700000286102295,1.4299999475479126,1.4299999475479126,885900,0.0,0.0
2024-05-31 00:00:00-04:00,1.440000057220459,1.4800000190734863,1.4299999475479126,1.440000057220459,2018600,0.0,0.0
2024-06-03 00:00:00-04:00,1.4700000286102295,1.4900000095367432,1.4299999475479126,1.440000057220459,1390800,0.0,0.0
2024-06-04 00:00:00-04:00,1.409999966621399,1.440000057220459,1.3600000143051147,1.399999976158142,1616200,0.0,0.0
2024-06-05 00:00:00-04:00,1.399999976158142,1.440000057220459,1.3899999856948853,1.440000057220459,1410000,0.0,0.0
2024-06-06 00:00:00-04:00,1.4199999570846558,1.4199999570846558,1.3600000143051147,1.3700000047683716,6137000,0.0,0.0
2024-06-07 00:00:00-04:00,1.350000023841858,1.409999966621399,1.3300000429153442,1.3799999952316284,1821900,0.0,0.0
2024-06-10 00:00:00-04:00,1.350000023841858,1.399999976158142,1.350000023841858,1.3799999952316284,696500,0.0,0.0
2024-06-11 00:00:00-04:00,1.350000023841858,1.399999976158142,1.350000023841858,1.3899999856948853,903000,0.0,0.0
2024-06-12 00:00:00-04:00,1.440000057220459,1.4700000286102295,1.399999976158142,1.399999976158142,1033200,0.0,0.0
2024-06-13 00:00:00-04:00,1.399999976158142,1.4299999475479126,1.3700000047683716,1.3899999856948853,999800,0.0,0.0
2024-06-14 00:00:00-04:00,1.3700000047683716,1.3899999856948853,1.350000023841858,1.3700000047683716,1528800,0.0,0.0
2024-06-17 00:00:00-04:00,1.3600000143051147,1.3899999856948853,1.3600000143051147,1.3799999952316284,860500,0.0,0.0
2024-06-18 00:00:00-04:00,1.3700000047683716,1.3899999856948853,1.3600000143051147,1.3799999952316284,1102500,0.0,0.0
2024-06-20 00:00:00-04:00,1.3600000143051147,1.3899999856948853,1.3600000143051147,1.3799999952316284,1534000,0.0,0.0
2024-06-21 00:00:00-04:00,1.3799999952316284,1.3799999952316284,1.3300000429153442,1.3300000429153442,4994500,0.0,0.0
2024-06-24 00:00:00-04:00,1.340000033378601,1.3600000143051147,1.309999942779541,1.3300000429153442,1186900,0.0,0.0
2024-06-25 00:00:00-04:00,1.340000033378601,1.340000033378601,1.309999942779541,1.3200000524520874,843500,0.0,0.0
2024-06-26 00:00:00-04:00,1.3200000524520874,1.350000023841858,1.2899999618530273,1.3300000429153442,1311600,0.0,0.0
2024-06-27 00:00:00-04:00,1.3300000429153442,1.3899999856948853,1.3200000524520874,1.3700000047683716,3430300,0.0,0.0
2024-06-28 00:00:00-04:00,1.399999976158142,1.4299999475479126,1.3899999856948853,1.409999966621399,7031000,0.0,0.0
2024-07-01 00:00:00-04:00,1.409999966621399,1.440000057220459,1.3899999856948853,1.4299999475479126,1238700,0.0,0.0
2024-07-02 00:00:00-04:00,1.4500000476837158,1.5700000524520874,1.4500000476837158,1.559999942779541,2170000,0.0,0.0
2024-07-03 00:00:00-04:00,1.5800000429153442,1.6100000143051147,1.5499999523162842,1.5800000429153442,744600,0.0,0.0
2024-07-05 00:00:00-04:00,1.5700000524520874,1.590000033378601,1.5299999713897705,1.5700000524520874,1125600,0.0,0.0
2024-07-08 00:00:00-04:00,1.600000023841858,1.600000023841858,1.559999942779541,1.5700000524520874,774400,0.0,0.0
2024-07-09 00:00:00-04:00,1.559999942779541,1.5700000524520874,1.5399999618530273,1.559999942779541,776000,0.0,0.0
2024-07-10 00:00:00-04:00,1.5800000429153442,1.5800000429153442,1.5299999713897705,1.5700000524520874,980600,0.0,0.0
2024-07-11 00:00:00-04:00,1.5800000429153442,1.7000000476837158,1.5800000429153442,1.6799999475479126,2954800,0.0,0.0
2024-07-12 00:00:00-04:00,1.7000000476837158,1.7200000286102295,1.690000057220459,1.7200000286102295,1948200,0.0,0.0
2024-07-15 00:00:00-04:00,1.75,1.8200000524520874,1.7300000190734863,1.7999999523162842,2295400,0.0,0.0
2024-07-16 00:00:00-04:00,1.8300000429153442,1.8799999952316284,1.7799999713897705,1.840000033378601,2811700,0.0,0.0
2024-07-17 00:00:00-04:00,1.8200000524520874,1.8300000429153442,1.7400000095367432,1.75,3155100,0.0,0.0
2024-07-18 00:00:00-04:00,1.7400000095367432,1.7599999904632568,1.6399999856948853,1.6699999570846558,4281700,0.0,0.0
2024-07-19 00:00:00-04:00,1.6699999570846558,1.7100000381469727,1.659999966621399,1.6799999475479126,2090200,0.0,0.0
2024-07-22 00:00:00-04:00,1.7100000381469727,1.7400000095367432,1.659999966621399,1.690000057220459,2738300,0.0,0.0
2024-07-23 00:00:00-04:00,1.690000057220459,1.7300000190734863,1.6699999570846558,1.6699999570846558,2905700,0.0,0.0
2024-07-24 00:00:00-04:00,1.6799999475479126,1.7100000381469727,1.6699999570846558,1.6799999475479126,1664400,0.0,0.0
2024-07-25 00:00:00-04:00,1.6799999475479126,1.7100000381469727,1.6299999952316284,1.6399999856948853,1845300,0.0,0.0
2024-07-26 00:00:00-04:00,1.6699999570846558,1.6699999570846558,1.6200000047683716,1.649999976158142,1323500,0.0,0.0
2024-07-29 00:00:00-04:00,1.659999966621399,1.7000000476837158,1.6299999952316284,1.659999966621399,1234500,0.0,0.0
2024-07-30 00:00:00-04:00,1.6799999475479126,1.7000000476837158,1.6299999952316284,1.6799999475479126,2587800,0.0,0.0
2024-07-31 00:00:00-04:00,1.6799999475479126,1.7400000095367432,1.649999976158142,1.659999966621399,2843900,0.0,0.0
2024-08-01 00:00:00-04:00,1.6399999856948853,1.6699999570846558,1.5199999809265137,1.5299999713897705,3185500,0.0,0.0
2024-08-02 00:00:00-04:00,1.4900000095367432,1.5099999904632568,1.4299999475479126,1.4500000476837158,1825500,0.0,0.0
2024-08-05 00:00:00-04:00,1.3899999856948853,1.409999966621399,1.350000023841858,1.3899999856948853,4739200,0.0,0.0
2024-08-06 00:00:00-04:00,1.3899999856948853,1.440000057220459,1.3799999952316284,1.4199999570846558,1848400,0.0,0.0
2024-08-07 00:00:00-04:00,1.309999942779541,1.4900000095367432,1.309999942779541,1.3899999856948853,3765500,0.0,0.0
2024-08-08 00:00:00-04:00,1.3899999856948853,1.4500000476837158,1.3200000524520874,1.350000023841858,1606300,0.0,0.0
2024-08-09 00:00:00-04:00,1.340000033378601,1.350000023841858,1.3300000429153442,1.340000033378601,1671800,0.0,0.0
2024-08-12 00:00:00-04:00,1.350000023841858,1.3799999952316284,1.2999999523162842,1.3200000524520874,1667700,0.0,0.0
2024-08-13 00:00:00-04:00,1.340000033378601,1.4299999475479126,1.340000033378601,1.409999966621399,1929700,0.0,0.0
2024-08-14 00:00:00-04:00,1.4199999570846558,1.4700000286102295,1.3799999952316284,1.399999976158142,1970900,0.0,0.0
2024-08-15 00:00:00-04:00,1.4500000476837158,1.4800000190734863,1.4199999570846558,1.4500000476837158,1091800,0.0,0.0
2024-08-16 00:00:00-04:00,1.4700000286102295,1.4800000190734863,1.3899999856948853,1.440000057220459,937000,0.0,0.0
2024-08-19 00:00:00-04:00,1.4299999475479126,1.4700000286102295,1.4299999475479126,1.4600000381469727,544800,0.0,0.0
2024-08-20 00:00:00-04:00,1.4700000286102295,1.4900000095367432,1.4500000476837158,1.4500000476837158,2031800,0.0,0.0
2024-08-21 00:00:00-04:00,1.4600000381469727,1.4700000286102295,1.409999966621399,1.4500000476837158,1137000,0.0,0.0
2024-08-22 00:00:00-04:00,1.4500000476837158,1.4600000381469727,1.3799999952316284,1.3899999856948853,1038600,0.0,0.0
2024-08-23 00:00:00-04:00,1.4199999570846558,1.4900000095367432,1.399999976158142,1.4800000190734863,2054500,0.0,0.0
2024-08-26 00:00:00-04:00,1.4700000286102295,1.5499999523162842,1.4500000476837158,1.5499999523162842,1929300,0.0,0.0
2024-08-27 00:00:00-04:00,1.5299999713897705,1.5299999713897705,1.4700000286102295,1.5,935100,0.0,0.0
2024-08-28 00:00:00-04:00,1.5,1.5099999904632568,1.4600000381469727,1.4600000381469727,1468600,0.0,0.0
2024-08-29 00:00:00-04:00,1.4900000095367432,1.5099999904632568,1.4700000286102295,1.5,580300,0.0,0.0
2024-08-30 00:00:00-04:00,1.4900000095367432,1.5,1.4800000190734863,1.5,722200,0.0,0.0
2024-09-03 00:00:00-04:00,1.4900000095367432,1.5,1.4299999475479126,1.4900000095367432,1343900,0.0,0.0
2024-09-04 00:00:00-04:00,1.5,1.5199999809265137,1.4299999475479126,1.4500000476837158,968600,0.0,0.0
2024-09-05 00:00:00-04:00,1.4500000476837158,1.559999942779541,1.4500000476837158,1.5499999523162842,2481100,0.0,0.0
2024-09-06 00:00:00-04:00,1.5700000524520874,1.5800000429153442,1.4800000190734863,1.5,1497100,0.0,0.0
2024-09-09 00:00:00-04:00,1.4900000095367432,1.559999942779541,1.4800000190734863,1.5499999523162842,1085600,0.0,0.0
2024-09-10 00:00:00-04:00,1.5199999809265137,1.559999942779541,1.4900000095367432,1.5499999523162842,565100,0.0,0.0
2024-09-11 00:00:00-04:00,1.5299999713897705,1.5499999523162842,1.5,1.5399999618530273,1558300,0.0,0.0
2024-09-12 00:00:00-04:00,1.559999942779541,1.6399999856948853,1.5299999713897705,1.6299999952316284,2515200,0.0,0.0
2024-09-13 00:00:00-04:00,1.6299999952316284,1.7200000286102295,1.6100000143051147,1.690000057220459,1795300,0.0,0.0
2024-09-16 00:00:00-04:00,1.7100000381469727,1.7200000286102295,1.659999966621399,1.7000000476837158,1250100,0.0,0.0
2024-09-17 00:00:00-04:00,1.7200000286102295,1.7300000190734863,1.659999966621399,1.7100000381469727,1622700,0.0,0.0
2024-09-18 00:00:00-04:00,1.7200000286102295,1.7699999809265137,1.659999966621399,1.7100000381469727,1480800,0.0,0.0
2024-09-19 00:00:00-04:00,1.7000000476837158,1.7300000190734863,1.6399999856948853,1.7100000381469727,1940600,0.0,0.0
2024-09-20 00:00:00-04:00,1.6799999475479126,1.7300000190734863,1.649999976158142,1.649999976158142,7458300,0.0,0.0
2024-09-23 00:00:00-04:00,1.6699999570846558,1.7100000381469727,1.659999966621399,1.659999966621399,1707300,0.0,0.0
2024-09-24 00:00:00-04:00,1.659999966621399,1.6799999475479126,1.6200000047683716,1.6399999856948853,1383600,0.0,0.0
2024-09-25 00:00:00-04:00,1.649999976158142,1.649999976158142,1.5800000429153442,1.5800000429153442,1117100,0.0,0.0
2024-09-26 00:00:00-04:00,1.6100000143051147,1.6200000047683716,1.559999942779541,1.590000033378601,1619300,0.0,0.0
2024-09-27 00:00:00-04:00,1.600000023841858,1.6200000047683716,1.5800000429153442,1.600000023841858,1173000,0.0,0.0
2024-09-30 00:00:00-04:00,1.600000023841858,1.6100000143051147,1.590000033378601,1.600000023841858,1847300,0.0,0.0
2024-10-01 00:00:00-04:00,1.600000023841858,1.600000023841858,1.5199999809265137,1.5299999713897705,1311300,0.0,0.0
2024-10-02 00:00:00-04:00,1.5099999904632568,1.6200000047683716,1.5,1.559999942779541,1778000,0.0,0.0
2024-10-03 00:00:00-04:00,1.5299999713897705,1.5700000524520874,1.5,1.5,883400,0.0,0.0
2024-10-04 00:00:00-04:00,1.5399999618530273,1.6200000047683716,1.5399999618530273,1.6100000143051147,2732800,0.0,0.0
2024-10-07 00:00:00-04:00,1.6100000143051147,1.6299999952316284,1.4700000286102295,1.5,1266300,0.0,0.0
2024-10-08 00:00:00-04:00,1.5,1.5399999618530273,1.5,1.5199999809265137,895200,0.0,0.0
2024-10-09 00:00:00-04:00,1.5199999809265137,1.5399999618530273,1.5099999904632568,1.5199999809265137,665700,0.0,0.0
2024-10-10 00:00:00-04:00,1.4900000095367432,1.5099999904632568,1.4800000190734863,1.5,821400,0.0,0.0
2024-10-11 00:00:00-04:00,1.5,1.6100000143051147,1.5,1.590000033378601,3919800,0.0,0.0
2024-10-14 00:00:00-04:00,1.6100000143051147,1.6100000143051147,1.5499999523162842,1.5499999523162842,531700,0.0,0.0
2024-10-15 00:00:00-04:00,1.5299999713897705,1.600000023841858,1.5299999713897705,1.5700000524520874,752300,0.0,0.0
2024-10-16 00:00:00-04:00,1.590000033378601,1.600000023841858,1.559999942779541,1.590000033378601,649800,0.0,0.0
2024-10-17 00:00:00-04:00,1.600000023841858,1.600000023841858,1.5499999523162842,1.5800000429153442,438800,0.0,0.0
2024-10-18 00:00:00-04:00,1.600000023841858,1.6100000143051147,1.5499999523162842,1.5800000429153442,701200,0.0,0.0
2024-10-21 00:00:00-04:00,1.5700000524520874,1.590000033378601,1.5399999618530273,1.5499999523162842,1199600,0.0,0.0
2024-10-22 00:00:00-04:00,1.559999942779541,1.559999942779541,1.5199999809265137,1.5299999713897705,881700,0.0,0.0
2024-10-23 00:00:00-04:00,1.5199999809265137,1.6200000047683716,1.5199999809265137,1.590000033378601,1591200,0.0,0.0
2024-10-24 00:00:00-04:00,1.600000023841858,1.6200000047683716,1.5700000524520874,1.6100000143051147,692900,0.0,0.0
2024-10-25 00:00:00-04:00,1.6200000047683716,1.649999976158142,1.600000023841858,1.6200000047683716,781900,0.0,0.0
2024-10-28 00:00:00-04:00,1.6399999856948853,1.649999976158142,1.559999942779541,1.5700000524520874,657600,0.0,0.0
2024-10-29 00:00:00-04:00,1.559999942779541,1.5800000429153442,1.5099999904632568,1.5399999618530273,706000,0.0,0.0
2024-10-30 00:00:00-04:00,1.5299999713897705,1.5499999523162842,1.4900000095367432,1.5,947600,0.0,0.0
2024-10-31 00:00:00-04:00,1.4800000190734863,1.5099999904632568,1.350000023841858,1.4700000286102295,3245400,0.0,0.0
2024-11-01 00:00:00-04:00,1.4800000190734863,1.5099999904632568,1.3700000047683716,1.4500000476837158,2537300,0.0,0.0
2024-11-04 00:00:00-05:00,1.4299999475479126,1.4700000286102295,1.399999976158142,1.409999966621399,1428300,0.0,0.0
2024-11-05 00:00:00-05:00,1.4900000095367432,1.4900000095367432,1.4299999475479126,1.4600000381469727,2289300,0.0,0.0
2024-11-06 00:00:00-05:00,1.5800000429153442,1.649999976158142,1.5199999809265137,1.6299999952316284,6547200,0.0,0.0
2024-11-07 00:00:00-05:00,1.6399999856948853,1.690000057220459,1.590000033378601,1.600000023841858,1755200,0.0,0.0
2024-11-08 00:00:00-05:00,1.600000023841858,1.600000023841858,1.5299999713897705,1.5800000429153442,925800,0.0,0.0
2024-11-11 00:00:00-05:00,1.600000023841858,1.6299999952316284,1.5700000524520874,1.6200000047683716,798800,0.0,0.0
2024-11-12 00:00:00-05:00,1.600000023841858,1.649999976158142,1.590000033378601,1.6299999952316284,2416600,0.0,0.0
2024-11-13 00:00:00-05:00,1.6399999856948853,1.6799999475479126,1.6100000143051147,1.6399999856948853,945000,0.0,0.0
2024-11-14 00:00:00-05:00,1.6200000047683716,1.649999976158142,1.6100000143051147,1.6399999856948853,1327900,0.0,0.0
2024-11-15 00:00:00-05:00,1.649999976158142,1.649999976158142,1.559999942779541,1.5700000524520874,1118000,0.0,0.0
2024-11-18 00:00:00-05:00,1.559999942779541,1.559999942779541,1.5199999809265137,1.5399999618530273,759600,0.0,0.0
2024-11-19 00:00:00-05:00,1.5199999809265137,1.5700000524520874,1.5199999809265137,1.559999942779541,604000,0.0,0.0
2024-11-20 00:00:00-05:00,1.559999942779541,1.5700000524520874,1.5299999713897705,1.559999942779541,550600,0.0,0.0
2024-11-21 00:00:00-05:00,1.559999942779541,1.6299999952316284,1.559999942779541,1.590000033378601,1592800,0.0,0.0
2024-11-22 00:00:00-05:00,1.590000033378601,1.600000023841858,1.5499999523162842,1.5800000429153442,737800,0.0,0.0
2024-11-25 00:00:00-05:00,1.590000033378601,1.6200000047683716,1.5800000429153442,1.590000033378601,1261500,0.0,0.0
2024-11-26 00:00:00-05:00,1.5700000524520874,1.590000033378601,1.5499999523162842,1.5700000524520874,1588400,0.0,0.0
2024-11-27 00:00:00-05:00,1.590000033378601,1.590000033378601,1.559999942779541,1.559999942779541,1351400,0.0,0.0
2024-11-29 00:00:00-05:00,1.559999942779541,1.5700000524520874,1.5099999904632568,1.5099999904632568,481500,0.0,0.0
2024-12-02 00:00:00-05:00,1.5,1.5800000429153442,1.4900000095367432,1.5700000524520874,1100000,0.0,0.0
2024-12-03 00:00:00-05:00,1.590000033378601,1.590000033378601,1.5499999523162842,1.559999942779541,662000,0.0,0.0
2024-12-04 00:00:00-05:00,1.5499999523162842,1.590000033378601,1.5499999523162842,1.5700000524520874,1086300,0.0,0.0
2024-12-05 00:00:00-05:00,1.5700000524520874,1.5700000524520874,1.5499999523162842,1.5499999523162842,628300,0.0,0.0
2024-12-06 00:00:00-05:00,1.5700000524520874,1.5700000524520874,1.5299999713897705,1.559999942779541,916200,0.0,0.0
2024-12-09 00:00:00-05:00,1.5499999523162842,1.5800000429153442,1.5399999618530273,1.5499999523162842,1163600,0.0,0.0
2024-12-10 00:00:00-05:00,1.5499999523162842,1.559999942779541,1.5299999713897705,1.5499999523162842,984300,0.0,0.0
2024-12-11 00:00:00-05:00,1.5499999523162842,1.5800000429153442,1.5199999809265137,1.5399999618530273,1107100,0.0,0.0
2024-12-12 00:00:00-05:00,1.5199999809265137,1.5299999713897705,1.5,1.5,770400,0.0,0.0
2024-12-13 00:00:00-05:00,1.5,1.5199999809265137,1.4800000190734863,1.5,727800,0.0,0.0
2024-12-16 00:00:00-05:00,1.5,1.5199999809265137,1.4700000286102295,1.4900000095367432,1872000,0.0,0.0
2024-12-17 00:00:00-05:00,1.4800000190734863,1.5,1.440000057220459,1.4500000476837158,1481500,0.0,0.0
2024-12-18 00:00:00-05:00,1.4600000381469727,1.4900000095367432,1.3700000047683716,1.3799999952316284,2165500,0.0,0.0
2024-12-19 00:00:00-05:00,1.4199999570846558,1.4299999475479126,1.3799999952316284,1.399999976158142,2579500,0.0,0.0
2024-12-20 00:00:00-05:00,1.3899999856948853,1.4600000381469727,1.3700000047683716,1.3799999952316284,6664600,0.0,0.0
2024-12-23 00:00:00-05:00,1.3899999856948853,1.4199999570846558,1.3600000143051147,1.3799999952316284,1141400,0.0,0.0
2024-12-24 00:00:00-05:00,1.3600000143051147,1.399999976158142,1.3600000143051147,1.3899999856948853,451900,0.0,0.0
2024-12-26 00:00:00-05:00,1.3899999856948853,1.3899999856948853,1.3700000047683716,1.3799999952316284,811100,0.0,0.0
2024-12-27 00:00:00-05:00,1.3799999952316284,1.3899999856948853,1.340000033378601,1.350000023841858,1052900,0.0,0.0
2024-12-30 00:00:00-05:00,1.340000033378601,1.4299999475479126,1.3300000429153442,1.399999976158142,1173100,0.0,0.0
2024-12-31 00:00:00-05:00,1.399999976158142,1.4299999475479126,1.350000023841858,1.3700000047683716,970500,0.0,0.0
2025-01-02 00:00:00-05:00,1.3799999952316284,1.440000057220459,1.3799999952316284,1.399999976158142,1283300,0.0,0.0
2025-01-03 00:00:00-05:00,1.409999966621399,1.4800000190734863,1.399999976158142,1.4700000286102295,1057700,0.0,0.0
2025-01-06 00:00:00-05:00,1.4700000286102295,1.5099999904632568,1.4700000286102295,1.4700000286102295,833600,0.0,0.0
2025-01-07 00:00:00-05:00,1.4700000286102295,1.4900000095367432,1.4299999475479126,1.440000057220459,1211000,0.0,0.0
2025-01-08 00:00:00-05:00,1.4299999475479126,1.4500000476837158,1.3700000047683716,1.3899999856948853,1077500,0.0,0.0
2025-01-10 00:00:00-05:00,1.440000057220459,1.4600000381469727,1.3799999952316284,1.4299999475479126,2136600,0.0,0.0
2025-01-13 00:00:00-05:00,1.409999966621399,1.4700000286102295,1.399999976158142,1.4500000476837158,774100,0.0,0.0
2025-01-14 00:00:00-05:00,1.4500000476837158,1.4800000190734863,1.4299999475479126,1.440000057220459,854200,0.0,0.0
2025-01-15 00:00:00-05:00,1.4800000190734863,1.5399999618530273,1.4700000286102295,1.5199999809265137,2714500,0.0,0.0
2025-01-16 00:00:00-05:00,1.5099999904632568,1.5199999809265137,1.4500000476837158,1.4600000381469727,748900,0.0,0.0
2025-01-17 00:00:00-05:00,1.4900000095367432,1.5099999904632568,1.4800000190734863,1.4900000095367432,886500,0.0,0.0
2025-01-21 00:00:00-05:00,1.4900000095367432,1.5,1.4500000476837158,1.4500000476837158,453200,0.0,0.0
2025-01-22 00:00:00-05:00,1.4500000476837158,1.4800000190734863,1.3899999856948853,1.399999976158142,826300,0.0,0.0
2025-01-23 00:00:00-05:00,1.340000033378601,1.440000057220459,1.340000033378601,1.4199999570846558,975700,0.0,0.0
2025-01-24 00:00:00-05:00,1.4199999570846558,1.4600000381469727,1.4199999570846558,1.4299999475479126,1094300,0.0,0.0
2025-01-27 00:00:00-05:00,1.399999976158142,1.4600000381469727,1.399999976158142,1.440000057220459,1286400,0.0,0.0
2025-01-28 00:00:00-05:00,1.4500000476837158,1.4700000286102295,1.409999966621399,1.4199999570846558,632700,0.0,0.0
2025-01-29 00:00:00-05:00,1.440000057220459,1.440000057220459,1.3799999952316284,1.399999976158142,944600,0.0,0.0
2025-01-30 00:00:00-05:00,1.409999966621399,1.4199999570846558,1.3700000047683716,1.399999976158142,699900,0.0,0.0
2025-01-31 00:00:00-05:00,1.409999966621399,1.409999966621399,1.350000023841858,1.3600000143051147,923600,0.0,0.0
2025-02-03 00:00:00-05:00,1.350000023841858,1.409999966621399,1.3200000524520874,1.350000023841858,1376700,0.0,0.0
2025-02-04 00:00:00-05:00,1.3300000429153442,1.3899999856948853,1.3200000524520874,1.3799999952316284,712500,0.0,0.0
2025-02-05 00:00:00-05:00,1.3799999952316284,1.3799999952316284,1.350000023841858,1.3600000143051147,827500,0.0,0.0
2025-02-06 00:00:00-05:00,1.3799999952316284,1.3899999856948853,1.340000033378601,1.3600000143051147,755900,0.0,0.0
2025-02-07 00:00:00-05:00,1.3600000143051147,1.3700000047683716,1.350000023841858,1.3600000143051147,707200,0.0,0.0
2025-02-10 00:00:00-05:00,1.3700000047683716,1.399999976158142,1.3700000047683716,1.3700000047683716,567800,0.0,0.0
2025-02-11 00:00:00-05:00,1.3700000047683716,1.3899999856948853,1.340000033378601,1.3700000047683716,590700,0.0,0.0
2025-02-12 00:00:00-05:00,1.350000023841858,1.3600000143051147,1.3300000429153442,1.340000033378601,852800,0.0,0.0
2025-02-13 00:00:00-05:00,1.350000023841858,1.4700000286102295,1.3300000429153442,1.4500000476837158,1799100,0.0,0.0
2025-02-14 00:00:00-05:00,1.440000057220459,1.4500000476837158,1.3700000047683716,1.3899999856948853,921100,0.0,0.0
2025-02-18 00:00:00-05:00,1.3899999856948853,1.5199999809265137,1.3799999952316284,1.4199999570846558,2530700,0.0,0.0
2025-02-19 00:00:00-05:00,1.440000057220459,1.4500000476837158,1.399999976158142,1.4299999475479126,694200,0.0,0.0
2025-02-20 00:00:00-05:00,1.440000057220459,1.4500000476837158,1.3899999856948853,1.399999976158142,1113600,0.0,0.0
2025-02-21 00:00:00-05:00,1.4299999475479126,1.4299999475479126,1.350000023841858,1.350000023841858,1337800,0.0,0.0
2025-02-24 00:00:00-05:00,1.340000033378601,1.409999966621399,1.3200000524520874,1.3200000524520874,2166600,0.0,0.0
2025-02-25 00:00:00-05:00,1.3300000429153442,1.3700000047683716,1.309999942779541,1.3200000524520874,961400,0.0,0.0
2025-02-26 00:00:00-05:00,1.3300000429153442,1.340000033378601,1.2699999809265137,1.2899999618530273,1537200,0.0,0.0
2025-02-27 00:00:00-05:00,1.2799999713897705,1.2799999713897705,1.190000057220459,1.2000000476837158,1223700,0.0,0.0
2025-02-28 00:00:00-05:00,1.2100000381469727,1.2699999809265137,1.190000057220459,1.25,2882400,0.0,0.0
2025-03-03 00:00:00-05:00,1.2599999904632568,1.2699999809265137,1.2100000381469727,1.2400000095367432,1606600,0.0,0.0
2025-03-04 00:00:00-05:00,1.340000033378601,1.340000033378601,1.2000000476837158,1.2999999523162842,3714900,0.0,0.0
2025-03-05 00:00:00-05:00,1.309999942779541,1.309999942779541,1.25,1.2899999618530273,954100,0.0,0.0
2025-03-06 00:00:00-05:00,1.2599999904632568,1.2999999523162842,1.25,1.2699999809265137,1468900,0.0,0.0
2025-03-07 00:00:00-05:00,1.2599999904632568,1.3200000524520874,1.25,1.2799999713897705,1398100,0.0,0.0
2025-03-10 00:00:00-04:00,1.2899999618530273,1.309999942779541,1.2400000095367432,1.2400000095367432,1093300,0.0,0.0
2025-03-11 00:00:00-04:00,1.2400000095367432,1.2599999904632568,1.190000057220459,1.2200000286102295,3009200,0.0,0.0
2025-03-12 00:00:00-04:00,1.2200000286102295,1.2400000095367432,1.1799999475479126,1.190000057220459,1880800,0.0,0.0
2025-03-13 00:00:00-04:00,1.2000000476837158,1.2000000476837158,1.090000033378601,1.100000023841858,3620400,0.0,0.0
2025-03-14 00:00:00-04:00,1.1100000143051147,1.149999976158142,1.090000033378601,1.149999976158142,1207200,0.0,0.0
2025-03-17 00:00:00-04:00,1.1299999952316284,1.159999966621399,1.1100000143051147,1.1200000047683716,1404700,0.0,0.0
2025-03-18 00:00:00-04:00,1.100000023841858,1.1399999856948853,1.100000023841858,1.1399999856948853,1643200,0.0,0.0
2025-03-19 00:00:00-04:00,1.1299999952316284,1.1699999570846558,1.100000023841858,1.149999976158142,1934000,0.0,0.0
2025-03-20 00:00:00-04:00,1.1399999856948853,1.159999966621399,1.1100000143051147,1.1200000047683716,1296800,0.0,0.0
2025-03-21 00:00:00-04:00,1.1100000143051147,1.1799999475479126,1.100000023841858,1.1799999475479126,5911100,0.0,0.0
2025-03-24 00:00:00-04:00,1.1699999570846558,1.1799999475479126,1.149999976158142,1.159999966621399,926700,0.0,0.0
2025-03-25 00:00:00-04:00,1.159999966621399,1.190000057220459,1.1399999856948853,1.1699999570846558,908600,0.0,0.0
2025-03-26 00:00:00-04:00,1.149999976158142,1.1699999570846558,1.1299999952316284,1.1399999856948853,657800,0.0,0.0
2025-03-27 00:00:00-04:00,1.1399999856948853,1.1399999856948853,1.1100000143051147,1.1200000047683716,1076700,0.0,0.0
2025-03-28 00:00:00-04:00,1.1299999952316284,1.1299999952316284,1.090000033378601,1.100000023841858,1128800,0.0,0.0
2025-03-31 00:00:00-04:00,1.090000033378601,1.1299999952316284,1.0800000429153442,1.1100000143051147,1630600,0.0,0.0
2025-04-01 00:00:00-04:00,1.100000023841858,1.149999976158142,1.100000023841858,1.100000023841858,929900,0.0,0.0
2025-04-02 00:00:00-04:00,1.0700000524520874,1.1200000047683716,1.0700000524520874,1.1100000143051147,1298800,0.0,0.0
2025-04-03 00:00:00-04:00,1.059999942779541,1.0800000429153442,1.0199999809265137,1.0399999618530273,1322900,0.0,0.0
2025-04-04 00:00:00-04:00,1.0199999809265137,1.0499999523162842,0.9200000166893005,0.9300000071525574,7256600,0.0,0.0
2025-04-07 00:00:00-04:00,0.9100000262260437,0.9900000095367432,0.8100000023841858,0.8999999761581421,7683400,0.0,0.0
2025-04-08 00:00:00-04:00,0.9599999785423279,0.9900000095367432,0.8199999928474426,0.8500000238418579,5254900,0.0,0.0
2025-04-09 00:00:00-04:00,0.8799999952316284,1.059999942779541,0.8600000143051147,1.0399999618530273,4211100,0.0,0.0
2025-04-10 00:00:00-04:00,0.9800000190734863,1.0299999713897705,0.9300000071525574,1.0199999809265137,2119900,0.0,0.0
2025-04-11 00:00:00-04:00,1.0,1.0399999618530273,0.9800000190734863,1.0299999713897705,1264900,0.0,0.0
2025-04-14 00:00:00-04:00,1.0299999713897705,1.0299999713897705,0.9300000071525574,0.9599999785423279,3480300,0.0,0.0
2025-04-15 00:00:00-04:00,0.9700000286102295,1.0099999904632568,0.949999988079071,0.9599999785423279,1440200,0.0,0.0
2025-04-16 00:00:00-04:00,0.9599999785423279,0.9700000286102295,0.8899999856948853,0.9399999976158142,4234800,0.0,0.0
2025-04-17 00:00:00-04:00,0.9300000071525574,0.9700000286102295,0.9200000166893005,0.9599999785423279,1801100,0.0,0.0
2025-04-21 00:00:00-04:00,0.9599999785423279,0.9800000190734863,0.9200000166893005,0.949999988079071,1235100,0.0,0.0
2025-04-22 00:00:00-04:00,0.9800000190734863,0.9900000095367432,0.8999999761581421,0.9800000190734863,1401200,0.0,0.0
2025-04-23 00:00:00-04:00,0.9700000286102295,1.0499999523162842,0.9700000286102295,1.0,1737400,0.0,0.0
2025-04-24 00:00:00-04:00,1.0199999809265137,1.0299999713897705,0.9900000095367432,1.0299999713897705,1534800,0.0,0.0
2025-04-25 00:00:00-04:00,1.0299999713897705,1.0399999618530273,0.9700000286102295,1.0199999809265137,1600500,0.0,0.0
2025-04-28 00:00:00-04:00,1.0199999809265137,1.0499999523162842,0.9900000095367432,1.0199999809265137,1381000,0.0,0.0
2025-04-29 00:00:00-04:00,1.0199999809265137,1.0800000429153442,1.0199999809265137,1.0399999618530273,1440700,0.0,0.0
2025-04-30 00:00:00-04:00,1.0199999809265137,1.0299999713897705,0.9700000286102295,0.9800000190734863,1948200,0.0,0.0
2025-05-01 00:00:00-04:00,1.0800000429153442,1.1699999570846558,1.0,1.0399999618530273,1824400,0.0,0.0
2025-05-02 00:00:00-04:00,1.0399999618530273,1.090000033378601,1.0399999618530273,1.0800000429153442,2053800,0.0,0.0
2025-05-05 00:00:00-04:00,1.059999942779541,1.1200000047683716,1.0499999523162842,1.0800000429153442,864100,0.0,0.0
2025-05-06 00:00:00-04:00,1.0800000429153442,1.100000023841858,1.0499999523162842,1.090000033378601,1012600,0.0,0.0
2025-05-07 00:00:00-04:00,1.1100000143051147,1.1399999856948853,1.0800000429153442,1.100000023841858,2013200,0.0,0.0
2025-05-08 00:00:00-04:00,1.100000023841858,1.1200000047683716,1.0700000524520874,1.0800000429153442,2187900,0.0,0.0
2025-05-09 00:00:00-04:00,1.090000033378601,1.1299999952316284,1.0700000524520874,1.1200000047683716,1842300,0.0,0.0
2025-05-12 00:00:00-04:00,1.159999966621399,1.1799999475479126,1.1299999952316284,1.149999976158142,2370100,0.0,0.0
2025-05-13 00:00:00-04:00,1.1699999570846558,1.2100000381469727,1.149999976158142,1.1699999570846558,2021600,0.0,0.0
2025-05-14 00:00:00-04:00,1.1699999570846558,1.190000057220459,1.1399999856948853,1.1799999475479126,2254400,0.0,0.0
2025-05-15 00:00:00-04:00,1.1799999475479126,1.2200000286102295,1.159999966621399,1.2000000476837158,2664200,0.0,0.0
2025-05-16 00:00:00-04:00,1.2000000476837158,1.2200000286102295,1.159999966621399,1.1799999475479126,1550400,0.0,0.0
2025-05-19 00:00:00-04:00,1.159999966621399,1.1799999475479126,1.1299999952316284,1.159999966621399,1468300,0.0,0.0
2025-05-20 00:00:00-04:00,1.149999976158142,1.2000000476837158,1.1299999952316284,1.1699999570846558,1569200,0.0,0.0
2025-05-21 00:00:00-04:00,1.159999966621399,1.1699999570846558,1.1100000143051147,1.1200000047683716,1689700,0.0,0.0
2025-05-22 00:00:00-04:00,1.1200000047683716,1.1399999856948853,1.0800000429153442,1.1100000143051147,1277600,0.0,0.0
2025-05-23 00:00:00-04:00,1.0800000429153442,1.1100000143051147,1.0499999523162842,1.0800000429153442,1437100,0.0,0.0
2025-05-27 00:00:00-04:00,1.090000033378601,1.100000023841858,1.0399999618530273,1.0800000429153442,2195600,0.0,0.0
2025-05-28 00:00:00-04:00,1.0800000429153442,1.090000033378601,1.0399999618530273,1.059999942779541,1590400,0.0,0.0
2025-05-29 00:00:00-04:00,1.090000033378601,1.100000023841858,1.0499999523162842,1.0700000524520874,1845300,0.0,0.0
2025-05-30 00:00:00-04:00,1.0499999523162842,1.0800000429153442,1.0299999713897705,1.0700000524520874,1779200,0.0,0.0
2025-06-02 00:00:00-04:00,1.059999942779541,1.0700000524520874,1.0299999713897705,1.0499999523162842,1477900,0.0,0.0
2025-06-03 00:00:00-04:00,1.059999942779541,1.1100000143051147,1.0399999618530273,1.100000023841858,1604800,0.0,0.0
2025-06-04 00:00:00-04:00,1.1299999952316284,1.159999966621399,1.0800000429153442,1.090000033378601,2987700,0.0,0.0
2025-06-05 00:00:00-04:00,1.0800000429153442,1.100000023841858,1.0499999523162842,1.090000033378601,1535200,0.0,0.0
2025-06-06 00:00:00-04:00,1.1100000143051147,1.1699999570846558,1.090000033378601,1.1399999856948853,1493300,0.0,0.0
2025-06-09 00:00:00-04:00,1.149999976158142,1.159999966621399,1.1200000047683716,1.1399999856948853,1400100,0.0,0.0
2025-06-10 00:00:00-04:00,1.149999976158142,1.190000057220459,1.1299999952316284,1.1799999475479126,1965500,0.0,0.0
2025-06-11 00:00:00-04:00,1.1799999475479126,1.190000057220459,1.1399999856948853,1.149999976158142,1791400,0.0,0.0
2025-06-12 00:00:00-04:00,1.1200000047683716,1.159999966621399,1.1200000047683716,1.159999966621399,1366800,0.0,0.0
2025-06-13 00:00:00-04:00,1.1200000047683716,1.1399999856948853,1.0800000429153442,1.100000023841858,3572700,0.0,0.0
2025-06-16 00:00:00-04:00,1.1100000143051147,1.149999976158142,1.1100000143051147,1.149999976158142,1591900,0.0,0.0
2025-06-17 00:00:00-04:00,1.1299999952316284,1.149999976158142,1.100000023841858,1.100000023841858,3252200,0.0,0.0
2025-06-18 00:00:00-04:00,1.100000023841858,1.1299999952316284,1.0800000429153442,1.100000023841858,3163300,0.0,0.0
2025-06-20 00:00:00-04:00,1.1200000047683716,1.1699999570846558,1.100000023841858,1.1200000047683716,6474100,0.0,0.0
2025-06-23 00:00:00-04:00,1.1200000047683716,1.190000057220459,1.090000033378601,1.159999966621399,4658300,0.0,0.0
2025-06-24 00:00:00-04:00,1.190000057220459,1.2000000476837158,1.159999966621399,1.159999966621399,5547400,0.0,0.0
2025-06-25 00:00:00-04:00,1.159999966621399,1.190000057220459,1.149999976158142,1.159999966621399,2535600,0.0,0.0
2025-06-26 00:00:00-04:00,1.159999966621399,1.2200000286102295,1.149999976158142,1.190000057220459,3011000,0.0,0.0
2025-06-27 00:00:00-04:00,1.190000057220459,1.2200000286102295,1.1699999570846558,1.2000000476837158,52268500,0.0,0.0
2025-06-30 00:00:00-04:00,1.2200000286102295,1.2200000286102295,1.149999976158142,1.1699999570846558,1696500,0.0,0.0
2025-07-01 00:00:00-04:00,1.1699999570846558,1.190000057220459,1.1699999570846558,1.1799999475479126,1656100,0.0,0.0
2025-07-02 00:00:00-04:00,1.190000057220459,1.2400000095367432,1.1699999570846558,1.2300000190734863,2205000,0.0,0.0
2025-07-03 00:00:00-04:00,1.2400000095367432,1.2400000095367432,1.2100000381469727,1.2400000095367432,618700,0.0,0.0
2025-07-07 00:00:00-04:00,1.2300000190734863,1.2400000095367432,1.1799999475479126,1.1799999475479126,1438900,0.0,0.0
2025-07-08 00:00:00-04:00,1.190000057220459,1.2200000286102295,1.190000057220459,1.190000057220459,1540500,0.0,0.0
2025-07-09 00:00:00-04:00,1.190000057220459,1.2799999713897705,1.190000057220459,1.2300000190734863,1643200,0.0,0.0
2025-07-10 00:00:00-04:00,1.2400000095367432,1.2699999809265137,1.2200000286102295,1.25,1106100,0.0,0.0
2025-07-11 00:00:00-04:00,1.2300000190734863,1.2799999713897705,1.2100000381469727,1.2200000286102295,1027200,0.0,0.0
2025-07-14 00:00:00-04:00,1.2100000381469727,1.25,1.2100000381469727,1.25,1289000,0.0,0.0
2025-07-15 00:00:00-04:00,1.2400000095367432,1.2599999904632568,1.190000057220459,1.190000057220459,1048300,0.0,0.0
2025-07-16 00:00:00-04:00,1.2100000381469727,1.2400000095367432,1.2000000476837158,1.2300000190734863,731000,0.0,0.0
2025-07-17 00:00:00-04:00,1.2100000381469727,1.25,1.2000000476837158,1.2100000381469727,1367600,0.0,0.0
2025-07-18 00:00:00-04:00,1.2100000381469727,1.2200000286102295,1.1699999570846558,1.1799999475479126,1603000,0.0,0.0
2025-07-21 00:00:00-04:00,1.1699999570846558,1.2000000476837158,1.1399999856948853,1.149999976158142,1995000,0.0,0.0
2025-07-22 00:00:00-04:00,1.149999976158142,1.1699999570846558,1.1200000047683716,1.1299999952316284,3887100,0.0,0.0
2025-07-23 00:00:00-04:00,1.1399999856948853,1.2200000286102295,1.1399999856948853,1.190000057220459,4133600,0.0,0.0
2025-07-24 00:00:00-04:00,1.1699999570846558,1.190000057220459,1.1399999856948853,1.149999976158142,853100,0.0,0.0
2025-07-25 00:00:00-04:00,1.1399999856948853,1.149999976158142,1.1100000143051147,1.1200000047683716,792200,0.0,0.0
2025-07-28 00:00:00-04:00,1.1200000047683716,1.1299999952316284,1.1100000143051147,1.1100000143051147,1296500,0.0,0.0
2025-07-29 00:00:00-04:00,1.1200000047683716,1.1399999856948853,1.059999942779541,1.1200000047683716,3716700,0.0,0.0
2025-07-30 00:00:00-04:00,1.1299999952316284,1.1299999952316284,1.059999942779541,1.0800000429153442,4438300,0.0,0.0
2025-07-31 00:00:00-04:00,1.059999942779541,1.100000023841858,1.0399999618530273,1.059999942779541,3890200,0.0,0.0
2025-08-01 00:00:00-04:00,1.100000023841858,1.1100000143051147,1.0,1.0199999809265137,7041900,0.0,0.0
2025-08-04 00:00:00-04:00,1.059999942779541,1.1200000047683716,1.0299999713897705,1.100000023841858,9368700,0.0,0.0
2025-08-05 00:00:00-04:00,1.1299999952316284,1.25,1.100000023841858,1.1799999475479126,5989600,0.0,0.0
2025-08-06 00:00:00-04:00,1.149999976158142,1.1699999570846558,1.100000023841858,1.100000023841858,1493000,0.0,0.0
2025-08-07 00:00:00-04:00,1.1100000143051147,1.1399999856948853,1.090000033378601,1.1100000143051147,1531700,0.0,0.0
2025-08-08 00:00:00-04:00,1.1200000047683716,1.1299999952316284,1.0499999523162842,1.0700000524520874,2195800,0.0,0.0
2025-08-11 00:00:00-04:00,1.0700000524520874,1.0800000429153442,1.0199999809265137,1.0199999809265137,2753800,0.0,0.0
2025-08-12 00:00:00-04:00,1.059999942779541,1.1200000047683716,1.0499999523162842,1.1100000143051147,3016100,0.0,0.0
2025-08-13 00:00:00-04:00,1.1100000143051147,1.1699999570846558,1.1100000143051147,1.1699999570846558,4333700,0.0,0.0
2025-08-14 00:00:00-04:00,1.1399999856948853,1.2000000476837158,1.1200000047683716,1.149999976158142,9469800,0.0,0.0
2025-08-15 00:00:00-04:00,1.1399999856948853,1.2200000286102295,1.1399999856948853,1.1799999475479126,5143400,0.0,0.0
2025-08-18 00:00:00-04:00,1.1699999570846558,1.190000057220459,1.159999966621399,1.1699999570846558,1622900,0.0,0.0
2025-08-19 00:00:00-04:00,1.159999966621399,1.2200000286102295,1.159999966621399,1.2100000381469727,3010300,0.0,0.0
2025-08-20 00:00:00-04:00,1.2200000286102295,1.2200000286102295,1.190000057220459,1.2100000381469727,4576600,0.0,0.0
2025-08-21 00:00:00-04:00,1.190000057220459,1.2300000190734863,1.190000057220459,1.2000000476837158,1335100,0.0,0.0
2025-08-22 00:00:00-04:00,1.2000000476837158,1.2799999713897705,1.2000000476837158,1.2799999713897705,2995700,0.0,0.0
2025-08-25 00:00:00-04:00,1.2599999904632568,1.3200000524520874,1.2599999904632568,1.2599999904632568,2557300,0.0,0.0
2025-08-26 00:00:00-04:00,1.2599999904632568,1.2899999618530273,1.2400000095367432,1.2599999904632568,1897000,0.0,0.0
2025-08-27 00:00:00-04:00,1.25,1.2799999713897705,1.2300000190734863,1.2699999809265137,2413600,0.0,0.0
2025-08-28 00:00:00-04:00,1.2699999809265137,1.2699999809265137,1.2300000190734863,1.2599999904632568,1078700,0.0,0.0
2025-08-29 00:00:00-04:00,1.2400000095367432,1.2599999904632568,1.2200000286102295,1.2400000095367432,1763800,0.0,0.0
2025-09-02 00:00:00-04:00,1.2300000190734863,1.2799999713897705,1.2300000190734863,1.2599999904632568,2159300,0.0,0.0
2025-09-03 00:00:00-04:00,1.2599999904632568,1.2899999618530273,1.2400000095367432,1.2799999713897705,1642200,0.0,0.0
2025-09-04 00:00:00-04:00,1.2799999713897705,1.309999942779541,1.2699999809265137,1.2899999618530273,900200,0.0,0.0
2025-09-05 00:00:00-04:00,1.2899999618530273,1.350000023841858,1.2699999809265137,1.3200000524520874,2729400,0.0,0.0
2025-09-08 00:00:00-04:00,1.350000023841858,1.3799999952316284,1.3200000524520874,1.3700000047683716,3736800,0.0,0.0
2025-09-09 00:00:00-04:00,1.350000023841858,1.4299999475479126,1.3200000524520874,1.340000033378601,4814000,0.0,0.0
2025-09-10 00:00:00-04:00,1.350000023841858,1.350000023841858,1.2400000095367432,1.2699999809265137,4980800,0.0,0.0
2025-09-11 00:00:00-04:00,1.2699999809265137,1.350000023841858,1.2599999904632568,1.3300000429153442,6588000,0.0,0.0
2025-09-12 00:00:00-04:00,1.309999942779541,1.3200000524520874,1.2899999618530273,1.309999942779541,5133900,0.0,0.0
2025-09-15 00:00:00-04:00,1.3300000429153442,1.340000033378601,1.2999999523162842,1.340000033378601,2173400,0.0,0.0
2025-09-16 00:00:00-04:00,1.340000033378601,1.350000023841858,1.2799999713897705,1.2899999618530273,8987400,0.0,0.0
2025-09-17 00:00:00-04:00,1.309999942779541,1.4299999475479126,1.2999999523162842,1.3899999856948853,7459500,0.0,0.0
2025-09-18 00:00:00-04:00,1.3899999856948853,1.4800000190734863,1.3700000047683716,1.4600000381469727,6302000,0.0,0.0
2025-09-19 00:00:00-04:00,1.4600000381469727,1.5099999904632568,1.3799999952316284,1.399999976158142,7073700,0.0,0.0
2025-09-22 00:00:00-04:00,1.4299999475479126,1.5700000524520874,1.4199999570846558,1.5099999904632568,8250200,0.0,0.0
2025-09-23 00:00:00-04:00,1.5099999904632568,1.6100000143051147,1.5099999904632568,1.5199999809265137,3371400,0.0,0.0
2025-09-24 00:00:00-04:00,1.5299999713897705,1.5499999523162842,1.5,1.5199999809265137,1708500,0.0,0.0
2025-09-25 00:00:00-04:00,1.5199999809265137,1.559999942779541,1.4700000286102295,1.4900000095367432,2966200,0.0,0.0
2025-09-26 00:00:00-04:00,1.4800000190734863,1.5099999904632568,1.4600000381469727,1.4800000190734863,1981900,0.0,0.0
2025-09-29 00:00:00-04:00,1.5099999904632568,1.5800000429153442,1.5,1.5700000524520874,3913600,0.0,0.0
2025-09-30 00:00:00-04:00,1.5700000524520874,1.590000033378601,1.5099999904632568,1.5800000429153442,2153900,0.0,0.0
2025-10-01 00:00:00-04:00,1.5800000429153442,1.5800000429153442,1.5099999904632568,1.559999942779541,1642800,0.0,0.0
2025-10-02 00:00:00-04:00,1.5700000524520874,1.5700000524520874,1.5099999904632568,1.5099999904632568,1990800,0.0,0.0
2025-10-03 00:00:00-04:00,1.5199999809265137,1.5499999523162842,1.4800000190734863,1.4800000190734863,2717200,0.0,0.0
2025-10-06 00:00:00-04:00,1.4900000095367432,1.5099999904632568,1.4700000286102295,1.4800000190734863,1004000,0.0,0.0
2025-10-07 00:00:00-04:00,1.4800000190734863,1.5,1.409999966621399,1.4299999475479126,1819300,0.0,0.0
2025-10-08 00:00:00-04:00,1.4299999475479126,1.4800000190734863,1.4299999475479126,1.4299999475479126,1212700,0.0,0.0
2025-10-09 00:00:00-04:00,1.440000057220459,1.4500000476837158,1.340000033378601,1.3600000143051147,3000100,0.0,0.0
2025-10-10 00:00:00-04:00,1.3600000143051147,1.3899999856948853,1.2899999618530273,1.2999999523162842,2265800,0.0,0.0
2025-10-13 00:00:00-04:00,1.3200000524520874,1.350000023841858,1.2899999618530273,1.2999999523162842,1454600,0.0,0.0
2025-10-14 00:00:00-04:00,1.2699999809265137,1.3600000143051147,1.2699999809265137,1.350000023841858,1879600,0.0,0.0
2025-10-15 00:00:00-04:00,1.3600000143051147,1.4199999570846558,1.3600000143051147,1.3600000143051147,1601900,0.0,0.0
2025-10-16 00:00:00-04:00,1.3799999952316284,1.4299999475479126,1.3700000047683716,1.4199999570846558,2428800,0.0,0.0
2025-10-17 00:00:00-04:00,1.399999976158142,1.9199999570846558,1.3899999856948853,1.7000000476837158,20857100,0.0,0.0
2025-10-20 00:00:00-04:00,1.809999942779541,1.9500000476837158,1.7899999618530273,1.8799999952316284,15844600,0.0,0.0
2025-10-21 00:00:00-04:00,1.8600000143051147,1.899999976158142,1.850000023841858,1.850000023841858,3534600,0.0,0.0
2025-10-22 00:00:00-04:00,1.8700000047683716,1.940000057220459,1.850000023841858,1.9199999570846558,4439300,0.0,0.0
2025-10-23 00:00:00-04:00,1.9199999570846558,1.9500000476837158,1.850000023841858,1.8600000143051147,2681000,0.0,0.0
2025-10-24 00:00:00-04:00,1.8899999856948853,2.0299999713897705,1.8899999856948853,1.9900000095367432,6774800,0.0,0.0
2025-10-27 00:00:00-04:00,2.0,2.0199999809265137,1.9800000190734863,2.0,4436000,0.0,0.0
2025-10-28 00:00:00-04:00,2.0,2.0299999713897705,1.9500000476837158,1.9800000190734863,2586600,0.0,0.0
2025-10-29 00:00:00-04:00,1.9900000095367432,2.0299999713897705,1.9299999475479126,1.940000057220459,3616000,0.0,0.0
2025-10-30 00:00:00-04:00,1.9199999570846558,1.940000057220459,1.75,1.8200000524520874,3831600,0.0,0.0
2025-10-31 00:00:00-04:00,1.8200000524520874,1.840000033378601,1.7799999713897705,1.809999942779541,2365400,0.0,0.0
2025-11-03 00:00:00-05:00,1.7999999523162842,1.8200000524520874,1.7400000095367432,1.7999999523162842,1905600,0.0,0.0
2025-11-04 00:00:00-05:00,1.7799999713897705,1.8200000524520874,1.7400000095367432,1.7400000095367432,1454000,0.0,0.0
2025-11-05 00:00:00-05:00,1.7599999904632568,1.809999942779541,1.75,1.809999942779541,1999300,0.0,0.0
2025-11-06 00:00:00-05:00,1.8700000047683716,2.0199999809265137,1.7599999904632568,1.7799999713897705,3045400,0.0,0.0
2025-11-07 00:00:00-05:00,1.7400000095367432,1.8899999856948853,1.7000000476837158,1.8799999952316284,2589200,0.0,0.0
2025-11-10 00:00:00-05:00,1.909999966621399,1.9700000286102295,1.8600000143051147,1.9500000476837158,2776900,0.0,0.0
2025-11-11 00:00:00-05:00,1.9500000476837158,1.9800000190734863,1.909999966621399,1.9600000381469727,3019800,0.0,0.0
2025-11-12 00:00:00-05:00,1.9700000286102295,1.9800000190734863,1.909999966621399,1.940000057220459,3978300,0.0,0.0
2025-11-13 00:00:00-05:00,1.940000057220459,1.940000057220459,1.850000023841858,1.899999976158142,2396800,0.0,0.0
2025-11-14 00:00:00-05:00,1.8799999952316284,1.899999976158142,1.8200000524520874,1.899999976158142,2620600,0.0,0.0
2025-11-17 00:00:00-05:00,1.899999976158142,1.899999976158142,1.7699999809265137,1.7899999618530273,4033000,0.0,0.0
2025-11-18 00:00:00-05:00,1.75,1.8200000524520874,1.7400000095367432,1.7899999618530273,3353100,0.0,0.0
2025-11-19 00:00:00-05:00,1.7699999809265137,1.7999999523162842,1.75,1.7699999809265137,1866300,0.0,0.0
2025-11-20 00:00:00-05:00,1.7899999618530273,1.850000023841858,1.7200000286102295,1.7200000286102295,2603900,0.0,0.0
2025-11-21 00:00:00-05:00,1.75,1.8300000429153442,1.7300000190734863,1.8300000429153442,1662000,0.0,0.0
2025-11-24 00:00:00-05:00,1.8200000524520874,1.8899999856948853,1.809999942779541,1.8700000047683716,2970000,0.0,0.0
2025-11-25 00:00:00-05:00,1.8700000047683716,1.9199999570846558,1.8300000429153442,1.9199999570846558,1165800,0.0,0.0
2025-11-26 00:00:00-05:00,1.9199999570846558,1.9900000095367432,1.9199999570846558,1.9500000476837158,1933300,0.0,0.0
2025-11-28 00:00:00-05:00,1.9700000286102295,2.0,1.9500000476837158,1.9900000095367432,981600,0.0,0.0
2025-12-01 00:00:00-05:00,1.9299999475479126,2.0399999618530273,1.9299999475479126,2.0,1980100,0.0,0.0
2025-12-02 00:00:00-05:00,2.0299999713897705,2.069999933242798,1.9800000190734863,1.9800000190734863,3077400,0.0,0.0
2025-12-03 00:00:00-05:00,1.9800000190734863,2.0,1.9600000381469727,1.9900000095367432,953900,0.0,0.0
2025-12-04 00:00:00-05:00,1.9600000381469727,2.0199999809265137,1.9600000381469727,2.0,610000,0.0,0.0
2025-12-05 00:00:00-05:00,2.0,2.009999990463257,1.9700000286102295,1.9900000095367432,1029500,0.0,0.0
2025-12-08 00:00:00-05:00,2.0,2.0799999237060547,1.9900000095367432,2.0399999618530273,1926300,0.0,0.0
2025-12-09 00:00:00-05:00,2.049999952316284,2.0799999237060547,2.049999952316284,2.059999942779541,2281700,0.0,0.0
2025-12-10 00:00:00-05:00,2.059999942779541,2.069999933242798,2.0,2.0399999618530273,7848400,0.0,0.0
2025-12-11 00:00:00-05:00,2.0399999618530273,2.0899999141693115,2.0199999809265137,2.049999952316284,3192400,0.0,0.0
2025-12-12 00:00:00-05:00,2.049999952316284,2.0799999237060547,2.0299999713897705,2.0399999618530273,1153900,0.0,0.0
2025-12-15 00:00:00-05:00,2.049999952316284,2.069999933242798,1.9600000381469727,2.0,1428200,0.0,0.0
2025-12-16 00:00:00-05:00,1.9900000095367432,2.0,1.9600000381469727,1.9900000095367432,1777100,0.0,0.0
2025-12-17 00:00:00-05:00,1.9700000286102295,2.059999942779541,1.9700000286102295,2.009999990463257,3374900,0.0,0.0
2025-12-18 00:00:00-05:00,2.049999952316284,2.0799999237060547,2.0199999809265137,2.059999942779541,1455200,0.0,0.0
2025-12-19 00:00:00-05:00,2.0899999141693115,2.109999895095825,2.0399999618530273,2.0399999618530273,4095300,0.0,0.0
2025-12-22 00:00:00-05:00,2.0399999618530273,2.1700000762939453,2.0399999618530273,2.1600000858306885,4244600,0.0,0.0
2025-12-23 00:00:00-05:00,2.1500000953674316,2.25,2.1500000953674316,2.240000009536743,4167400,0.0,0.0
2025-12-24 00:00:00-05:00,2.25,2.25,2.2300000190734863,2.25,814600,0.0,0.0
2025-12-26 00:00:00-05:00,2.240000009536743,2.259999990463257,2.2100000381469727,2.25,1406000,0.0,0.0
2025-12-29 00:00:00-05:00,2.240000009536743,2.240000009536743,2.140000104904175,2.1500000953674316,1088300,0.0,0.0
2025-12-30 00:00:00-05:00,2.1500000953674316,2.1600000858306885,2.0299999713897705,2.1500000953674316,3744900,0.0,0.0
2025-12-31 00:00:00-05:00,2.1600000858306885,2.2200000286102295,2.119999885559082,2.2100000381469727,2085300,0.0,0.0
2026-01-02 00:00:00-05:00,2.240000009536743,2.259999990463257,2.109999895095825,2.119999885559082,1774600,0.0,0.0
2026-01-05 00:00:00-05:00,2.140000104904175,2.1600000858306885,2.0999999046325684,2.119999885559082,1317100,0.0,0.0
2026-01-06 00:00:00-05:00,2.119999885559082,2.1700000762939453,2.0999999046325684,2.1500000953674316,2273800,0.0,0.0
2026-01-07 00:00:00-05:00,2.1500000953674316,2.1600000858306885,2.0399999618530273,2.0899999141693115,2929900,0.0,0.0
2026-01-08 00:00:00-05:00,2.0799999237060547,2.109999895095825,2.069999933242798,2.0799999237060547,1304000,0.0,0.0
2026-01-09 00:00:00-05:00,2.0899999141693115,2.0999999046325684,2.059999942779541,2.059999942779541,760200,0.0,0.0
2026-01-12 00:00:00-05:00,2.049999952316284,2.0799999237060547,2.009999990463257,2.049999952316284,1214100,0.0,0.0
2026-01-13 00:00:00-05:00,2.049999952316284,2.109999895095825,2.049999952316284,2.059999942779541,1065200,0.0,0.0
2026-01-14 00:00:00-05:00,2.0799999237060547,2.0799999237060547,1.9600000381469727,2.0,5026800,0.0,0.0
2026-01-15 00:00:00-05:00,2.009999990463257,2.0999999046325684,1.9900000095367432,2.0899999141693115,1527900,0.0,0.0
2026-01-16 00:00:00-05:00,2.0899999141693115,2.1700000762939453,2.069999933242798,2.140000104904175,1653500,0.0,0.0
2026-01-20 00:00:00-05:00,2.0899999141693115,2.1500000953674316,2.069999933242798,2.109999895095825,1061100,0.0,0.0
2026-01-21 00:00:00-05:00,2.119999885559082,2.140000104904175,2.049999952316284,2.0799999237060547,2669700,0.0,0.0
2026-01-22 00:00:00-05:00,2.0999999046325684,2.130000114440918,2.069999933242798,2.109999895095825,1581700,0.0,0.0
2026-01-23 00:00:00-05:00,2.0999999046325684,2.130000114440918,2.0399999618530273,2.049999952316284,1112300,0.0,0.0
2026-01-26 00:00:00-05:00,2.059999942779541,2.069999933242798,1.9800000190734863,1.9800000190734863,2160700,0.0,0.0
2026-01-27 00:00:00-05:00,2.0299999713897705,2.0399999618530273,1.9500000476837158,2.0299999713897705,1304100,0.0,0.0
2026-01-28 00:00:00-05:00,2.0399999618530273,2.2799999713897705,2.0299999713897705,2.240000009536743,4829400,0.0,0.0
2026-01-29 00:00:00-05:00,2.240000009536743,2.299999952316284,2.2200000286102295,2.240000009536743,2626100,0.0,0.0
2026-01-30 00:00:00-05:00,2.2100000381469727,2.2799999713897705,2.059999942779541,2.0899999141693115,5092200,0.0,0.0
2026-02-02 00:00:00-05:00,2.0799999237060547,2.2699999809265137,2.0799999237060547,2.190000057220459,2903100,0.0,0.0
2026-02-03 00:00:00-05:00,2.2100000381469727,2.240000009536743,2.0999999046325684,2.1600000858306885,1929100,0.0,0.0
2026-02-04 00:00:00-05:00,2.180000066757202,2.190000057220459,2.0899999141693115,2.140000104904175,1541500,0.0,0.0
2026-02-05 00:00:00-05:00,2.109999895095825,2.140000104904175,2.059999942779541,2.069999933242798,2503500,0.0,0.0
2026-02-06 00:00:00-05:00,2.0999999046325684,2.190000057220459,2.059999942779541,2.1700000762939453,2415200,0.0,0.0
2026-02-09 00:00:00-05:00,2.1700000762939453,2.240000009536743,2.1600000858306885,2.190000057220459,2186200,0.0,0.0
2026-02-10 00:00:00-05:00,2.369999885559082,2.380000114440918,2.359999895095825,2.359999895095825,64356700,0.0,0.0
2026-02-11 00:00:00-05:00,2.369999885559082,2.390000104904175,2.359999895095825,2.369999885559082,14763600,0.0,0.0
2026-02-12 00:00:00-05:00,2.390000104904175,2.390000104904175,2.369999885559082,2.380000114440918,10953700,0.0,0.0
2026-02-13 00:00:00-05:00,2.380000114440918,2.390000104904175,2.369999885559082,2.390000104904175,8977000,0.0,0.0
2026-02-17 00:00:00-05:00,2.380000114440918,2.390000104904175,2.380000114440918,2.380000114440918,5861300,0.0,0.0
2026-02-18 00:00:00-05:00,2.380000114440918,2.4100000858306885,2.380000114440918,2.390000104904175,16546700,0.0,0.0
2026-02-19 00:00:00-05:00,2.4000000953674316,2.4200000762939453,2.390000104904175,2.4100000858306885,13384700,0.0,0.0
2026-02-20 00:00:00-05:00,2.4000000953674316,2.430000066757202,2.390000104904175,2.4000000953674316,7413700,0.0,0.0
2026-02-23 00:00:00-05:00,2.4200000762939453,2.430000066757202,2.380000114440918,2.380000114440918,7694000,0.0,0.0
2026-02-24 00:00:00-05:00,2.390000104904175,2.4000000953674316,2.359999895095825,2.369999885559082,9460800,0.0,0.0
2026-02-25 00:00:00-05:00,2.390000104904175,2.4000000953674316,2.380000114440918,2.4000000953674316,6822200,0.0,0.0
2026-02-26 00:00:00-05:00,2.4000000953674316,2.4100000858306885,2.380000114440918,2.380000114440918,4531500,0.0,0.0
2026-02-27 00:00:00-05:00,2.380000114440918,2.4000000953674316,2.380000114440918,2.4000000953674316,5353300,0.0,0.0
2026-03-02 00:00:00-05:00,2.390000104904175,2.4000000953674316,2.380000114440918,2.390000104904175,5032800,0.0,0.0
2026-03-03 00:00:00-05:00,2.380000114440918,2.4000000953674316,2.380000114440918,2.390000104904175,8165100,0.0,0.0
2026-03-04 00:00:00-05:00,2.4000000953674316,2.4100000858306885,2.380000114440918,2.390000104904175,16677900,0.0,0.0
2026-03-05 00:00:00-05:00,2.390000104904175,2.4000000953674316,2.380000114440918,2.390000104904175,7352300,0.0,0.0
2026-03-06 00:00:00-05:00,2.369999885559082,2.390000104904175,2.359999895095825,2.369999885559082,11535100,0.0,0.0
2026-03-09 00:00:00-04:00,2.369999885559082,2.380000114440918,2.359999895095825,2.369999885559082,13377300,0.0,0.0
2026-03-10 00:00:00-04:00,2.369999885559082,2.380000114440918,2.369999885559082,2.369999885559082,7427500,0.0,0.0
2026-03-11 00:00:00-04:00,2.369999885559082,2.380000114440918,2.359999895095825,2.359999895095825,20157900,0.0,0.0
2026-03-12 00:00:00-04:00,2.369999885559082,2.380000114440918,2.359999895095825,2.369999885559082,17393300,0.0,0.0
2026-03-13 00:00:00-04:00,2.380000114440918,2.390000104904175,2.369999885559082,2.380000114440918,11448200,0.0,0.0
2026-03-16 00:00:00-04:00,2.390000104904175,2.390000104904175,2.380000114440918,2.380000114440918,2792800,0.0,0.0
2026-03-17 00:00:00-04:00,2.380000114440918,2.390000104904175,2.380000114440918,2.390000104904175,4587600,0.0,0.0
2026-03-18 00:00:00-04:00,2.390000104904175,2.4200000762939453,2.380000114440918,2.380000114440918,9685700,0.0,0.0
2026-03-19 00:00:00-04:00,2.380000114440918,2.4000000953674316,2.359999895095825,2.359999895095825,8651800,0.0,0.0
2026-03-20 00:00:00-04:00,2.369999885559082,2.390000104904175,2.359999895095825,2.390000104904175,8249200,0.0,0.0
2026-03-23 00:00:00-04:00,2.390000104904175,2.390000104904175,2.369999885559082,2.380000114440918,10920900,0.0,0.0
2026-03-24 00:00:00-04:00,2.380000114440918,2.4000000953674316,2.380000114440918,2.4000000953674316,4682300,0.0,0.0
2026-03-25 00:00:00-04:00,2.4000000953674316,2.4000000953674316,2.369999885559082,2.380000114440918,10478800,0.0,0.0
2026-03-26 00:00:00-04:00,2.380000114440918,2.380000114440918,2.369999885559082,2.369999885559082,11953700,0.0,0.0
2026-03-27 00:00:00-04:00,2.3499999046325684,2.359999895095825,2.3299999237060547,2.3499999046325684,19423400,0.0,0.0
2026-03-30 00:00:00-04:00,2.359999895095825,2.380000114440918,2.359999895095825,2.359999895095825,5386800,0.0,0.0
2026-03-31 00:00:00-04:00,2.369999885559082,2.369999885559082,2.359999895095825,2.369999885559082,9354000,0.0,0.0
2026-04-01 00:00:00-04:00,2.380000114440918,2.390000104904175,2.369999885559082,2.369999885559082,7892700,0.0,0.0
2026-04-02 00:00:00-04:00,2.369999885559082,2.380000114440918,2.359999895095825,2.380000114440918,6096100,0.0,0.0
2026-04-06 00:00:00-04:00,2.369999885559082,2.380000114440918,2.369999885559082,2.380000114440918,5250700,0.0,0.0
2026-04-07 00:00:00-04:00,2.380000114440918,2.380000114440918,2.369999885559082,2.369999885559082,6272700,0.0,0.0
2026-04-08 00:00:00-04:00,2.380000114440918,2.390000104904175,2.369999885559082,2.380000114440918,7157900,0.0,0.0
2026-04-09 00:00:00-04:00,2.380000114440918,2.380000114440918,2.369999885559082,2.369999885559082,4951300,0.0,0.0
2026-04-10 00:00:00-04:00,2.380000114440918,2.4000000953674316,2.369999885559082,2.369999885559082,3100100,0.0,0.0
2026-04-13 00:00:00-04:00,2.369999885559082,2.390000104904175,2.369999885559082,2.380000114440918,5520200,0.0,0.0
2026-04-14 00:00:00-04:00,2.390000104904175,2.390000104904175,2.380000114440918,2.380000114440918,5300300,0.0,0.0
2026-04-15 00:00:00-04:00,2.380000114440918,2.4100000858306885,2.380000114440918,2.4100000858306885,4115300,0.0,0.0
2026-04-16 00:00:00-04:00,2.4000000953674316,2.4000000953674316,2.390000104904175,2.390000104904175,4964500,0.0,0.0
2026-04-17 00:00:00-04:00,2.4000000953674316,2.4100000858306885,2.380000114440918,2.380000114440918,4450400,0.0,0.0
2026-04-20 00:00:00-04:00,2.380000114440918,2.390000104904175,2.380000114440918,2.390000104904175,4056300,0.0,0.0
2026-04-21 00:00:00-04:00,2.390000104904175,2.390000104904175,2.380000114440918,2.390000104904175,3016500,0.0,0.0
2026-04-22 00:00:00-04:00,2.390000104904175,2.390000104904175,2.380000114440918,2.380000114440918,1769100,0.0,0.0
2026-04-23 00:00:00-04:00,2.390000104904175,2.390000104904175,2.380000114440918,2.390000104904175,1919300,0.0,0.0
2026-04-24 00:00:00-04:00,2.380000114440918,2.390000104904175,2.380000114440918,2.390000104904175,2478800,0.0,0.0
2026-04-27 00:00:00-04:00,2.380000114440918,2.390000104904175,2.380000114440918,2.380000114440918,4044800,0.0,0.0
2026-04-28 00:00:00-04:00,2.380000114440918,2.390000104904175,2.380000114440918,2.390000104904175,5202400,0.0,0.0
2026-04-29 00:00:00-04:00,2.390000104904175,2.4000000953674316,2.380000114440918,2.4000000953674316,11640000,0.0,0.0
2026-04-30 00:00:00-04:00,2.390000104904175,2.4000000953674316,2.390000104904175,2.4000000953674316,4112200,0.0,0.0
2026-05-01 00:00:00-04:00,2.4000000953674316,2.4000000953674316,2.380000114440918,2.4000000953674316,3972300,0.0,0.0
2026-05-04 00:00:00-04:00,2.390000104904175,2.4000000953674316,2.390000104904175,2.390000104904175,3725700,0.0,0.0
2026-05-05 00:00:00-04:00,2.390000104904175,2.4000000953674316,2.380000114440918,2.390000104904175,5607300,0.0,0.0
2026-05-06 00:00:00-04:00,2.380000114440918,2.390000104904175,2.380000114440918,2.380000114440918,5819100,0.0,0.0
2026-05-07 00:00:00-04:00,2.380000114440918,2.390000104904175,2.380000114440918,2.390000104904175,4041700,0.0,0.0
2026-05-08 00:00:00-04:00,2.380000114440918,2.4000000953674316,2.380000114440918,2.390000104904175,7360500,0.0,0.0
2026-05-11 00:00:00-04:00,2.380000114440918,2.390000104904175,2.380000114440918,2.380000114440918,4075200,0.0,0.0
2026-05-12 00:00:00-04:00,2.380000114440918,2.4000000953674316,2.380000114440918,2.390000104904175,5131000,0.0,0.0
2026-05-13 00:00:00-04:00,2.390000104904175,2.390000104904175,2.380000114440918,2.390000104904175,6774400,0.0,0.0
2026-05-14 00:00:00-04:00,2.390000104904175,2.4000000953674316,2.380000114440918,2.390000104904175,4927300,0.0,0.0
2026-05-15 00:00:00-04:00,2.390000104904175,2.390000104904175,2.380000114440918,2.390000104904175,4791000,0.0,0.0
2026-05-18 00:00:00-04:00,2.380000114440918,2.4000000953674316,2.380000114440918,2.390000104904175,4821200,0.0,0.0
2026-05-19 00:00:00-04:00,2.390000104904175,2.4000000953674316,2.390000104904175,2.390000104904175,4915200,0.0,0.0
2026-05-20 00:00:00-04:00,2.4000000953674316,2.4000000953674316,2.390000104904175,2.4000000953674316,4479400,0.0,0.0
2026-05-21 00:00:00-04:00,2.390000104904175,2.4000000953674316,2.390000104904175,2.4000000953674316,8347500,0.0,0.0
2026-05-22 00:00:00-04:00,2.390000104904175,2.4000000953674316,2.390000104904175,2.4000000953674316,5276300,0.0,0.0
2026-05-26 00:00:00-04:00,2.390000104904175,2.4000000953674316,2.390000104904175,2.390000104904175,6813800,0.0,0.0
2026-05-27 00:00:00-04:00,2.390000104904175,2.4000000953674316,2.390000104904175,2.4000000953674316,4030800,0.0,0.0
2026-05-28 00:00:00-04:00,2.390000104904175,2.4000000953674316,2.390000104904175,2.4000000953674316,4449000,0.0,0.0
2026-05-29 00:00:00-04:00,2.4000000953674316,2.4200000762939453,2.390000104904175,2.4100000858306885,6437700,0.0,0.0
2026-06-01 00:00:00-04:00,2.4100000858306885,2.4100000858306885,2.4000000953674316,2.4100000858306885,4215500,0.0,0.0
2026-06-02 00:00:00-04:00,2.4000000953674316,2.4100000858306885,2.4000000953674316,2.4100000858306885,3885700,0.0,0.0
2026-06-03 00:00:00-04:00,2.4100000858306885,2.4100000858306885,2.4000000953674316,2.4100000858306885,6185100,0.0,0.0
2026-06-04 00:00:00-04:00,2.4100000858306885,2.4100000858306885,2.4000000953674316,2.4100000858306885,4123200,0.0,0.0
2026-06-05 00:00:00-04:00,2.4000000953674316,2.4100000858306885,2.4000000953674316,2.4000000953674316,4069700,0.0,0.0
2026-06-08 00:00:00-04:00,2.4100000858306885,2.4100000858306885,2.4000000953674316,2.4000000953674316,4731300,0.0,0.0
2026-06-09 00:00:00-04:00,2.4100000858306885,2.4100000858306885,2.390000104904175,2.4000000953674316,53782200,0.0,0.0
2026-06-10 00:00:00-04:00,2.390000104904175,2.4100000858306885,2.390000104904175,2.4100000858306885,5381600,0.0,0.0
2026-06-11 00:00:00-04:00,2.4100000858306885,2.4100000858306885,2.4000000953674316,2.4000000953674316,5594200,0.0,0.0
2026-06-12 00:00:00-04:00,2.4000000953674316,2.4100000858306885,2.390000104904175,2.4100000858306885,6476600,0.0,0.0
2026-06-15 00:00:00-04:00,2.390000104904175,2.4000000953674316,2.390000104904175,2.4000000953674316,11416900,0.0,0.0
2026-06-16 00:00:00-04:00,2.390000104904175,2.4100000858306885,2.390000104904175,2.4100000858306885,5613000,0.0,0.0
2026-06-17 00:00:00-04:00,2.4000000953674316,2.4200000762939453,2.4000000953674316,2.4000000953674316,6784800,0.0,0.0
2026-06-18 00:00:00-04:00,2.4000000953674316,2.4100000858306885,2.4000000953674316,2.4100000858306885,5356400,0.0,0.0
2026-06-22 00:00:00-04:00,2.4000000953674316,2.4200000762939453,2.4000000953674316,2.4100000858306885,5948700,0.0,0.0
2026-06-23 00:00:00-04:00,2.4000000953674316,2.4100000858306885,2.4000000953674316,2.4000000953674316,4666700,0.0,0.0
2026-06-24 00:00:00-04:00,2.4100000858306885,2.4100000858306885,2.390000104904175,2.390000104904175,7490300,0.0,0.0
2026-06-25 00:00:00-04:00,2.4100000858306885,2.4100000858306885,2.4000000953674316,2.4000000953674316,5632400,0.0,0.0
2026-06-26 00:00:00-04:00,2.4000000953674316,2.430000066757202,2.4000000953674316,2.430000066757202,60217900,0.0,0.0
2026-06-29 00:00:00-04:00,2.4100000858306885,2.4100000858306885,2.4000000953674316,2.4000000953674316,5550300,0.0,0.0
2026-06-30 00:00:00-04:00,2.4100000858306885,2.4200000762939453,2.4000000953674316,2.4200000762939453,6762600,0.0,0.0
2026-07-01 00:00:00-04:00,2.4200000762939453,2.4200000762939453,2.4000000953674316,2.4100000858306885,7855500,0.0,0.0
2026-07-02 00:00:00-04:00,2.4100000858306885,2.4200000762939453,2.4000000953674316,2.4100000858306885,7980600,0.0,0.0
2026-07-06 00:00:00-04:00,2.4100000858306885,2.4200000762939453,2.4000000953674316,2.4100000858306885,10532200,0.0,0.0
2026-07-07 00:00:00-04:00,2.4100000858306885,2.4100000858306885,2.4000000953674316,2.4100000858306885,6924400,0.0,0.0
2026-07-08 00:00:00-04:00,2.4100000858306885,2.4200000762939453,2.4000000953674316,2.4100000858306885,7607300,0.0,0.0
2026-07-09 00:00:00-04:00,2.4100000858306885,2.4200000762939453,2.4000000953674316,2.4100000858306885,8622100,0.0,0.0
2026-07-10 00:00:00-04:00,2.4000000953674316,2.4200000762939453,2.4000000953674316,2.4000000953674316,5814700,0.0,0.0
2026-07-13 00:00:00-04:00,2.4100000858306885,2.4200000762939453,2.4100000858306885,2.4100000858306885,4325500,0.0,0.0
2026-07-14 00:00:00-04:00,2.4100000858306885,2.4200000762939453,2.4000000953674316,2.4100000858306885,3713700,0.0,0.0
2026-07-15 00:00:00-04:00,2.4000000953674316,2.4100000858306885,2.4000000953674316,2.4000000953674316,2490900,0.0,0.0
2026-07-16 00:00:00-04:00,2.4000000953674316,2.4100000858306885,2.4000000953674316,2.4100000858306885,3848000,0.0,0.0
2026-07-17 00:00:00-04:00,2.4000000953674316,2.4200000762939453,2.4000000953674316,2.4200000762939453,2248600,0.0,0.0
2026-07-20 00:00:00-04:00,2.4200000762939453,2.4200000762939453,2.4100000858306885,2.4100000858306885,2253100,0.0,0.0
2026-07-21 00:00:00-04:00,2.4100000858306885,2.4200000762939453,2.4000000953674316,2.4000000953674316,3631600,0.0,0.0
2026-07-22 00:00:00-04:00,2.4100000858306885,2.4200000762939453,2.4100000858306885,2.4100000858306885,2242700,0.0,0.0
2026-07-23 00:00:00-04:00,2.4100000858306885,2.4200000762939453,2.4000000953674316,2.4100000858306885,2081600,0.0,0.0
2026-07-24 00:00:00-04:00,2.4200000762939453,2.4200000762939453,2.4100000858306885,2.4100000858306885,1279800,0.0,0.0
2026-07-27 00:00:00-04:00,2.4200000762939453,2.4200000762939453,2.4100000858306885,2.4100000858306885,1938400,0.0,0.0
2026-07-28 00:00:00-04:00,2.4200000762939453,2.4200000762939453,2.4000000953674316,2.4200000762939453,13519700,0.0,0.0
2026-07-29 00:00:00-04:00,2.4200000762939453,2.4200000762939453,2.4000000953674316,2.4000000953674316,14078200,0.0,0.0
2026-07-30 00:00:00-04:00,2.4100000858306885,2.4100000858306885,2.4000000953674316,2.4100000858306885,5630800,0.0,0.0
2026-07-31 00:00:00-04:00,2.4100000858306885,2.440000057220459,2.4000000953674316,2.4200000762939453,13987500,0.0,0.0
2026-08-03 00:00:00-04:00,2.4200000762939453,2.440000057220459,2.4000000953674316,2.4200000762939453,18755000,0.0,0.0
2026-08-04 00:00:00-04:00,2.4200000762939453,2.430000066757202,2.4100000858306885,2.430000066757202,5774700,0.0,0.0
2026-08-05 00:00:00-04:00,2.430000066757202,2.430000066757202,2.4100000858306885,2.4200000762939453,5299500,0.0,0.0
2026-08-06 00:00:00-04:00,2.4200000762939453,2.4200000762939453,2.4100000858306885,2.4100000858306885,3551000,0.0,0.0
2026-08-07 00:00:00-04:00,2.4100000858306885,2.4200000762939453,2.4000000953674316,2.4200000762939453,4326500,0.0,0.0
2026-08-10 00:00:00-04:00,2.4100000858306885,2.4200000762939453,2.4100000858306885,2.4100000858306885,2205990,0.0,0.0
