Date,Open,High,Low,Close,Volume,Dividends,Stock Splits
2022-01-03 00:00:00-05:00,19.68501961144344,19.68501961144344,19.6074275970459,19.6074275970459,400,0.0,0.0
2022-01-04 00:00:00-05:00,19.6074275970459,19.61518694648011,19.6074275970459,19.6074275970459,5500,0.0,0.0
2022-01-05 00:00:00-05:00,19.630707616203765,19.630707616203765,19.560874938964844,19.560874938964844,1800,0.0,0.0
2022-01-06 00:00:00-05:00,19.591911059865904,19.59967041015625,19.591911059865904,19.59967041015625,2300,0.0,0.0
2022-01-07 00:00:00-05:00,19.58414891687358,19.58414891687358,19.56863021850586,19.56863021850586,700,0.0,0.0
2022-01-10 00:00:00-05:00,19.57638715140765,19.58414649963379,19.57638715140765,19.58414649963379,2300,0.0,0.0
2022-01-11 00:00:00-05:00,19.61518389253834,19.61518389253834,19.58414649963379,19.58414649963379,2800,0.0,0.0
2022-01-12 00:00:00-05:00,19.60743001670148,19.60743001670148,19.59191131591797,19.59191131591797,1500,0.0,0.0
2022-01-13 00:00:00-05:00,19.615186436290067,19.62294578552246,19.599667737825285,19.62294578552246,5600,0.0,0.0
2022-01-14 00:00:00-05:00,19.615186436290067,19.62294578552246,19.607427087057676,19.62294578552246,5500,0.0,0.0
2022-01-18 00:00:00-05:00,19.62294578552246,19.62294578552246,19.607427087057676,19.62294578552246,7000,0.0,0.0
2022-01-19 00:00:00-05:00,19.622946295914325,19.622946295914325,19.6074275970459,19.6074275970459,1100,0.0,0.0
2022-01-20 00:00:00-05:00,19.630706331372892,19.630706331372892,19.59967041015625,19.59967041015625,1300,0.0,0.0
2022-01-21 00:00:00-05:00,19.607429248545046,19.630705818863646,19.607429248545046,19.615188598632812,7700,0.0,0.0
2022-01-24 00:00:00-05:00,19.59191054836951,19.615188598632812,19.545355927787604,19.615188598632812,4400,0.0,0.0
2022-01-25 00:00:00-05:00,19.630706787109375,19.630706787109375,19.630706787109375,19.630706787109375,1500,0.0,0.0
2022-01-26 00:00:00-05:00,19.63070358203788,19.65398162964876,19.522075653076172,19.522075653076172,11200,0.0,0.0
2022-01-27 00:00:00-05:00,19.56087206250937,19.56087206250937,19.537595493482478,19.54535484313965,6200,0.0,0.0
2022-01-28 00:00:00-05:00,19.54535484313965,19.584150111480884,19.529836143825307,19.54535484313965,4200,0.0,0.0
2022-01-31 00:00:00-05:00,19.59191131591797,19.622948717484988,19.568633264742704,19.59191131591797,8200,0.0,0.0
2022-02-01 00:00:00-05:00,19.64622548805034,19.64622548805034,19.59967086517222,19.630706787109375,1400,0.0,0.0
2022-02-02 00:00:00-05:00,19.615189110736942,19.638465681663238,19.58415170957556,19.59967041015625,6400,0.0,0.0
2022-02-03 00:00:00-05:00,19.576390199309053,19.630704165403955,19.576390199309053,19.6074275970459,10600,0.0,0.0
2022-02-04 00:00:00-05:00,19.622948717484988,19.63070658793198,19.52983799272869,19.59191131591797,2000,0.0,0.0
2022-02-07 00:00:00-05:00,19.54535123844745,19.599665196086065,19.54535123844745,19.58414649963379,2700,0.0,0.0
2022-02-08 00:00:00-05:00,19.58414866182695,19.607426709075384,19.545353396357413,19.57638931274414,2700,0.0,0.0
2022-02-09 00:00:00-05:00,19.568634974269536,19.568634974269536,19.553117752075195,19.553117752075195,10700,0.0,0.0
2022-02-10 00:00:00-05:00,19.560871481829547,19.560871481829547,19.312578219949323,19.460002899169922,13400,0.0,0.0
2022-02-11 00:00:00-05:00,19.41344498350748,19.491036984645508,19.41344498350748,19.444480895996094,13000,0.0,0.0
2022-02-14 00:00:00-05:00,19.498800847810013,19.514319548797783,19.43672752380371,19.43672752380371,1700,0.0,0.0
2022-02-15 00:00:00-05:00,19.506560198303898,19.514319548797783,19.43672752380371,19.43672752380371,1400,0.0,0.0
2022-02-16 00:00:00-05:00,19.3513770624708,19.506559627976984,19.3513770624708,19.49880027770996,1900,0.0,0.0
2022-02-17 00:00:00-05:00,19.529836654663086,19.537596004523216,19.522077304802956,19.529836654663086,1200,0.0,0.0
2022-02-18 00:00:00-05:00,19.59191131591797,19.59191131591797,19.59191131591797,19.59191131591797,2500,0.0,0.0
2022-02-22 00:00:00-05:00,19.59191131591797,19.59191131591797,19.59191131591797,19.59191131591797,0,0.0,0.0
2022-02-23 00:00:00-05:00,19.483280387002573,19.59190831596428,19.483280387002573,19.522075653076172,1700,0.0,0.0
2022-02-24 00:00:00-05:00,19.51431872211342,19.522078072278596,19.506559371948242,19.506559371948242,700,0.0,0.0
2022-02-25 00:00:00-05:00,19.589818961654274,19.63694721548098,19.589818961654274,19.61338233947754,3200,0.306,0.0
2022-02-28 00:00:00-05:00,19.676223754882812,19.715498554697565,19.676223754882812,19.676223754882812,5400,0.0,0.0
2022-03-01 00:00:00-05:00,19.715494724491144,19.715494724491144,19.636946638301907,19.65265655517578,40300,0.0,0.0
2022-03-02 00:00:00-05:00,19.65266037317439,19.731208474623465,19.55840235179941,19.676223754882812,5300,0.0,0.0
2022-03-03 00:00:00-05:00,19.676223754882812,19.676223754882812,19.676223754882812,19.676223754882812,0,0.0,0.0
2022-03-04 00:00:00-05:00,19.699788634771664,19.699788634771664,19.676223754882812,19.676223754882812,600,0.0,0.0
2022-03-07 00:00:00-05:00,19.636950453248485,19.684078714845764,19.636950453248485,19.676223754882812,9700,0.0,0.0
2022-03-08 00:00:00-05:00,19.676223754882812,19.676223754882812,19.676223754882812,19.676223754882812,0,0.0,0.0
2022-03-09 00:00:00-05:00,19.691933091390368,19.770481190512278,19.67622317192991,19.715497970581055,2800,0.0,0.0
2022-03-10 00:00:00-05:00,19.676218451657775,19.699783325195312,19.676218451657775,19.699783325195312,1300,0.0,0.0
2022-03-11 00:00:00-05:00,19.69193275818543,19.699787717782748,19.63694953918457,19.63694953918457,3200,0.0,0.0
2022-03-14 00:00:00-04:00,19.6683699582468,19.6683699582468,19.487708878535543,19.574111938476562,7800,0.0,0.0
2022-03-15 00:00:00-04:00,19.605525970458984,19.605525970458984,19.605525970458984,19.605525970458984,400,0.0,0.0
2022-03-16 00:00:00-04:00,19.644804498781888,19.699787717782748,19.63694953918457,19.63694953918457,3800,0.0,0.0
2022-03-17 00:00:00-04:00,19.691933091390368,19.715497970581055,19.691933091390368,19.715497970581055,900,0.0,0.0
2022-03-18 00:00:00-04:00,19.715497970581055,19.715497970581055,19.715497970581055,19.715497970581055,1300,0.0,0.0
2022-03-21 00:00:00-04:00,19.668368227305915,19.778334658876453,19.668368227305915,19.762624740600586,2000,0.0,0.0
2022-03-22 00:00:00-04:00,19.70763828304116,19.70763828304116,19.699783325195312,19.699783325195312,600,0.0,0.0
2022-03-23 00:00:00-04:00,19.707643594734616,19.707643594734616,19.676223754882812,19.676223754882812,600,0.0,0.0
2022-03-24 00:00:00-04:00,19.754772186279297,19.754772186279297,19.754772186279297,19.754772186279297,100,0.0,0.0
2022-03-25 00:00:00-04:00,19.69978480761727,19.78618785224344,19.65265655517578,19.65265655517578,3300,0.0,0.0
2022-03-28 00:00:00-04:00,19.69192886352539,19.69192886352539,19.69192886352539,19.69192886352539,500,0.0,0.0
2022-03-29 00:00:00-04:00,19.676223754882812,19.676223754882812,19.676223754882812,19.676223754882812,300,0.0,0.0
2022-03-30 00:00:00-04:00,19.644803012369465,19.6840763092041,19.644803012369465,19.6840763092041,300,0.0,0.0
2022-03-31 00:00:00-04:00,19.762624401053618,19.762624401053618,19.6840763092041,19.6840763092041,400,0.0,0.0
2022-04-01 00:00:00-04:00,19.6840763092041,19.6840763092041,19.6840763092041,19.6840763092041,200,0.0,0.0
2022-04-04 00:00:00-04:00,19.691928854456016,19.691928854456016,19.668365478515625,19.668365478515625,1400,0.0,0.0
2022-04-05 00:00:00-04:00,19.754772186279297,19.754772186279297,19.754772186279297,19.754772186279297,200,0.0,0.0
2022-04-06 00:00:00-04:00,19.668369791305516,19.668369791305516,19.66051483154297,19.66051483154297,1100,0.0,0.0
2022-04-07 00:00:00-04:00,19.707639694213867,19.707639694213867,19.707639694213867,19.707639694213867,100,0.0,0.0
2022-04-08 00:00:00-04:00,19.636946638301907,19.65265655517578,19.636946638301907,19.65265655517578,400,0.0,0.0
2022-04-11 00:00:00-04:00,19.6526582775191,19.6526582775191,19.44843383480108,19.464143753051758,3800,0.0,0.0
2022-04-12 00:00:00-04:00,19.574111440517093,19.581966400146484,19.574111440517093,19.581966400146484,600,0.0,0.0
2022-04-13 00:00:00-04:00,19.58196756682579,19.644805749424417,19.479854583740234,19.479854583740234,700,0.0,0.0
2022-04-14 00:00:00-04:00,19.58196723197802,19.58196723197802,18.84361747543443,19.079261779785156,12300,0.0,0.0
2022-04-18 00:00:00-04:00,18.992861114105676,19.071409225463867,18.992861114105676,19.071409225463867,1900,0.0,0.0
2022-04-19 00:00:00-04:00,19.126390044688193,19.13424500465262,19.008568641582684,19.102825164794922,2700,0.0,0.0
2022-04-20 00:00:00-04:00,19.16566276550293,19.16566276550293,19.079261204873568,19.16566276550293,4300,0.0,0.0
2022-04-21 00:00:00-04:00,19.16566334301804,19.16566334301804,19.06355185985902,19.079261779785156,2100,0.0,0.0
2022-04-22 00:00:00-04:00,19.142097666767395,19.354175567626953,18.937873226749094,19.354175567626953,3000,0.0,0.0
2022-04-25 00:00:00-04:00,19.055692524222934,19.1420955657959,19.055692524222934,19.1420955657959,600,0.0,0.0
2022-04-26 00:00:00-04:00,19.1420955657959,19.204933732890762,19.1420955657959,19.1420955657959,700,0.0,0.0
2022-04-27 00:00:00-04:00,19.087115241567798,19.087115241567798,18.914310616921608,19.079261779785156,2200,0.0,0.0
2022-04-28 00:00:00-04:00,18.953581190881536,19.00856590270996,18.615826950159594,19.00856590270996,1600,0.0,0.0
2022-04-29 00:00:00-04:00,19.00856590270996,19.00856590270996,19.00856590270996,19.00856590270996,0,0.0,0.0
2022-05-02 00:00:00-04:00,18.969289431468265,18.969289431468265,18.8907413482666,18.8907413482666,600,0.0,0.0
2022-05-03 00:00:00-04:00,18.717938154202393,18.87503433227539,18.717938154202393,18.87503433227539,1300,0.0,0.0
2022-05-04 00:00:00-04:00,18.788633678907573,18.8671817779541,18.77292375946219,18.8671817779541,3000,0.0,0.0
2022-05-05 00:00:00-04:00,18.75721442074335,18.82790756225586,18.75721442074335,18.82790756225586,1300,0.0,0.0
2022-05-06 00:00:00-04:00,18.875035825294617,18.875035825294617,18.835761028579633,18.851470947265625,800,0.0,0.0
2022-05-09 00:00:00-04:00,18.72579952198646,18.72579952198646,18.498010135635806,18.5058650970459,700,0.0,0.0
2022-05-10 00:00:00-04:00,18.592258873285978,18.61582374572754,18.592258873285978,18.61582374572754,500,0.0,0.0
2022-05-11 00:00:00-04:00,18.61582913954604,18.812198638916016,18.61582913954604,18.812198638916016,800,0.0,0.0
2022-05-12 00:00:00-04:00,18.403747224455817,18.930017471313477,18.403747224455817,18.930017471313477,3500,0.0,0.0
2022-05-13 00:00:00-04:00,18.63153648376465,18.63153648376465,18.63153648376465,18.63153648376465,200,0.0,0.0
2022-05-16 00:00:00-04:00,18.678667068481445,18.678667068481445,18.678667068481445,18.678667068481445,300,0.0,0.0
2022-05-17 00:00:00-04:00,19.071407328900253,19.157808894439476,18.678668309345984,18.796489715576172,6900,0.0,0.0
2022-05-18 00:00:00-04:00,18.930019952498625,18.930019952498625,18.59226417541504,18.59226417541504,1300,0.0,0.0
2022-05-19 00:00:00-04:00,18.3644732607401,18.49800456816045,18.3644732607401,18.395893096923828,6100,0.0,0.0
2022-05-20 00:00:00-04:00,18.395896014144224,18.395896014144224,18.01101194894013,18.08170509338379,6100,0.0,0.0
2022-05-23 00:00:00-04:00,18.011011838376444,18.6865234375,18.011011838376444,18.6865234375,500,0.0,0.0
2022-05-24 00:00:00-04:00,18.011009018465735,18.450876235961914,18.011009018465735,18.450876235961914,2700,0.0,0.0
2022-05-25 00:00:00-04:00,18.61582374572754,18.61582374572754,18.61582374572754,18.61582374572754,400,0.0,0.0
2022-05-26 00:00:00-04:00,18.6629581451416,18.6629581451416,18.61582988290142,18.6629581451416,2000,0.0,0.0
2022-05-27 00:00:00-04:00,18.784736377158925,19.142918993076762,18.784736377158925,19.031484603881836,3300,0.313,0.0
2022-05-31 00:00:00-04:00,18.808618454154626,18.975771592979896,18.808618454154626,18.90413475036621,1600,0.0,0.0
2022-06-01 00:00:00-04:00,18.928011210742685,18.983728408813477,18.83249492963577,18.983728408813477,3100,0.0,0.0
2022-06-02 00:00:00-04:00,19.07924461364746,19.07924461364746,19.07924461364746,19.07924461364746,400,0.0,0.0
2022-06-03 00:00:00-04:00,18.920052378743552,19.302114486694336,18.920052378743552,19.302114486694336,500,0.0,0.0
2022-06-06 00:00:00-04:00,19.302114486694336,19.302114486694336,19.302114486694336,19.302114486694336,500,0.0,0.0
2022-06-07 00:00:00-04:00,19.270275115966797,19.302114383883037,19.270275115966797,19.270275115966797,1200,0.0,0.0
2022-06-08 00:00:00-04:00,19.731933473909578,19.731933473909578,19.38170915176881,19.397628784179688,1800,0.0,0.0
2022-06-09 00:00:00-04:00,19.333955764770508,19.333955764770508,19.333955764770508,19.333955764770508,200,0.0,0.0
2022-06-10 00:00:00-04:00,19.333955764770508,19.333955764770508,19.333955764770508,19.333955764770508,0,0.0,0.0
2022-06-13 00:00:00-04:00,19.127003817986175,19.127003817986175,18.108169971922262,18.617586135864258,4300,0.0,0.0
2022-06-14 00:00:00-04:00,18.426552552668127,18.760857244049646,18.307158345356097,18.386754989624023,3800,0.0,0.0
2022-06-15 00:00:00-04:00,18.386754989624023,18.386754989624023,18.386754989624023,18.386754989624023,0,0.0,0.0
2022-06-16 00:00:00-04:00,18.896175216794436,19.039448904177366,18.74494171142578,18.74494171142578,800,0.0,0.0
2022-06-17 00:00:00-04:00,18.744940907975487,18.792699813842773,18.73698260851092,18.792699813842773,1500,0.0,0.0
2022-06-21 00:00:00-04:00,19.071285840502043,19.071285840502043,18.792699813842773,18.792699813842773,2200,0.0,0.0
2022-06-22 00:00:00-04:00,18.84045572239137,18.87229347229004,18.8245360883521,18.87229347229004,500,0.0,0.0
2022-06-23 00:00:00-04:00,19.05536622738188,19.05536622738188,18.8245360883521,18.87229347229004,3200,0.0,0.0
2022-06-24 00:00:00-04:00,18.87229347229004,18.87229347229004,18.87229347229004,18.87229347229004,0,0.0,0.0
2022-06-27 00:00:00-04:00,18.91209502063424,18.91209502063424,18.896175384521484,18.896175384521484,700,0.0,0.0
2022-06-28 00:00:00-04:00,18.904135034780158,18.904135034780158,18.74494171142578,18.74494171142578,1100,0.0,0.0
2022-06-29 00:00:00-04:00,18.721059799194336,18.721059799194336,18.721059799194336,18.721059799194336,800,0.0,0.0
2022-06-30 00:00:00-04:00,19.174759995481917,19.174759995481917,18.912092112729283,19.095163345336914,2100,0.0,0.0
2022-07-01 00:00:00-04:00,19.294155306837812,19.294155306837812,19.230478286743164,19.230478286743164,400,0.0,0.0
2022-07-05 00:00:00-04:00,19.063325881958008,19.063325881958008,19.063325881958008,19.063325881958008,400,0.0,0.0
2022-07-06 00:00:00-04:00,19.023527145385742,19.023527145385742,19.023527145385742,19.023527145385742,400,0.0,0.0
2022-07-07 00:00:00-04:00,18.983728408813477,18.983728408813477,18.983728408813477,18.983728408813477,300,0.0,0.0
2022-07-08 00:00:00-04:00,18.983730667360977,19.055367507169056,18.943931579589844,18.943931579589844,400,0.0,0.0
2022-07-11 00:00:00-04:00,19.0872017984793,19.0872017984793,19.031484603881836,19.031484603881836,3900,0.0,0.0
2022-07-12 00:00:00-04:00,19.031484603881836,19.031484603881836,19.031484603881836,19.031484603881836,0,0.0,0.0
2022-07-13 00:00:00-04:00,18.943927314974975,19.007604322893997,18.943927314974975,18.951887130737305,1300,0.0,0.0
2022-07-14 00:00:00-04:00,19.190679086061976,19.222516834311094,18.959848958991802,18.983728408813477,2700,0.0,0.0
2022-07-15 00:00:00-04:00,19.10312443192417,19.21455883862615,18.95985075577595,19.16680145263672,2800,0.0,0.0
2022-07-18 00:00:00-04:00,19.214559303713695,19.38171243599253,18.943931579589844,18.943931579589844,7900,0.0,0.0
2022-07-19 00:00:00-04:00,19.19864334368551,19.214561462402344,19.19864334368551,19.214561462402344,600,0.0,0.0
2022-07-20 00:00:00-04:00,19.254356384277344,19.254356384277344,19.238436750828463,19.254356384277344,1700,0.0,0.0
2022-07-21 00:00:00-04:00,19.254356384277344,19.254356384277344,19.254356384277344,19.254356384277344,0,0.0,0.0
2022-07-22 00:00:00-04:00,19.270274048480424,19.34191087914375,19.26231575012207,19.26231575012207,600,0.0,0.0
2022-07-25 00:00:00-04:00,19.26231575012207,19.26231575012207,19.26231575012207,19.26231575012207,0,0.0,0.0
2022-07-26 00:00:00-04:00,19.26231575012207,19.26231575012207,19.26231575012207,19.26231575012207,100,0.0,0.0
2022-07-27 00:00:00-04:00,19.333955764770508,19.333955764770508,19.302116493374612,19.333955764770508,2300,0.0,0.0
2022-07-28 00:00:00-04:00,19.36579132080078,19.36579132080078,19.36579132080078,19.36579132080078,500,0.0,0.0
2022-07-29 00:00:00-04:00,19.30211105748542,19.389667510986328,19.30211105748542,19.389667510986328,1900,0.0,0.0
2022-08-01 00:00:00-04:00,19.731937192330932,19.883169174194336,19.731937192330932,19.883169174194336,1400,0.0,0.0
2022-08-02 00:00:00-04:00,19.771733894330083,19.771733894330083,19.596622467041016,19.596622467041016,1900,0.0,0.0
2022-08-03 00:00:00-04:00,19.731937408447266,19.731937408447266,19.731937408447266,19.731937408447266,100,0.0,0.0
2022-08-04 00:00:00-04:00,19.71601777286202,19.731937408447266,19.684178501691534,19.731937408447266,3200,0.0,0.0
2022-08-05 00:00:00-04:00,19.819493536411144,19.819493536411144,19.77173614501953,19.77173614501953,2000,0.0,0.0
2022-08-08 00:00:00-04:00,19.80356916460414,19.875205993652344,19.78765105006656,19.875205993652344,2600,0.0,0.0
2022-08-09 00:00:00-04:00,19.819490719703342,19.843370171095497,19.779693152229633,19.78765296936035,2300,0.0,0.0
2022-08-10 00:00:00-04:00,19.78765296936035,19.78765296936035,19.78765296936035,19.78765296936035,0,0.0,0.0
2022-08-11 00:00:00-04:00,19.835412719243415,19.835412719243415,19.779695510864258,19.779695510864258,1400,0.0,0.0
2022-08-12 00:00:00-04:00,19.89112628614928,19.930925369262695,19.811529638102233,19.930925369262695,4100,0.0,0.0
2022-08-15 00:00:00-04:00,19.90704500881479,20.034399032592773,19.851327813184387,20.034399032592773,3600,0.0,0.0
2022-08-16 00:00:00-04:00,20.018482208251953,20.018482208251953,20.018482208251953,20.018482208251953,900,0.0,0.0
2022-08-17 00:00:00-04:00,19.79561331677236,19.94684529176753,19.692137209481007,19.89908790588379,2600,0.0,0.0
2022-08-18 00:00:00-04:00,19.731937408447266,19.731937408447266,19.731937408447266,19.731937408447266,300,0.0,0.0
2022-08-19 00:00:00-04:00,19.73989250893683,19.83540878878855,19.73193421061397,19.747852325439453,1700,0.0,0.0
2022-08-22 00:00:00-04:00,19.60457867824212,19.684175325143364,19.60457867824212,19.660297393798828,2100,0.0,0.0
2022-08-23 00:00:00-04:00,19.628457538662456,19.628457538662456,19.11108162660189,19.119041442871094,5300,0.0,0.0
2022-08-24 00:00:00-04:00,19.158842063152374,19.58866310119629,19.158842063152374,19.58866310119629,1600,0.0,0.0
2022-08-25 00:00:00-04:00,19.58866310119629,19.58866310119629,19.58866310119629,19.58866310119629,0,0.0,0.0
2022-08-26 00:00:00-04:00,19.58866310119629,19.58866310119629,19.58866310119629,19.58866310119629,0,0.0,0.0
2022-08-29 00:00:00-04:00,19.509066079597687,19.58070291793366,19.50110626220703,19.50110626220703,900,0.0,0.0
2022-08-30 00:00:00-04:00,19.390644073486328,19.398706896149637,19.374519965985897,19.390644073486328,2000,0.313,0.0
2022-08-31 00:00:00-04:00,19.672841329974474,19.753468037693633,19.471275329589844,19.471275329589844,9500,0.0,0.0
2022-09-01 00:00:00-04:00,19.592210026590454,19.592210026590454,19.390644073486328,19.390644073486328,2300,0.0,0.0
2022-09-02 00:00:00-04:00,19.390644073486328,19.390644073486328,19.390644073486328,19.390644073486328,0,0.0,0.0
2022-09-06 00:00:00-04:00,19.79377727925128,19.79377727925128,19.495460510253906,19.495460510253906,1600,0.0,0.0
2022-09-07 00:00:00-04:00,19.705091260533784,19.705091260533784,19.61640173441567,19.648653030395508,2600,0.0,0.0
2022-09-08 00:00:00-04:00,19.67283821105957,19.67283821105957,19.67283821105957,19.67283821105957,800,0.0,0.0
2022-09-09 00:00:00-04:00,19.67283821105957,19.67283821105957,19.67283821105957,19.67283821105957,0,0.0,0.0
2022-09-12 00:00:00-04:00,19.487398147583008,19.487398147583008,19.487398147583008,19.487398147583008,100,0.0,0.0
2022-09-13 00:00:00-04:00,19.430959701538086,19.430959701538086,19.430959701538086,19.430959701538086,500,0.0,0.0
2022-09-14 00:00:00-04:00,19.35033416748047,19.35033416748047,19.35033416748047,19.35033416748047,500,0.0,0.0
2022-09-15 00:00:00-04:00,19.551902770996094,19.551902770996094,19.551902770996094,19.551902770996094,800,0.0,0.0
2022-09-16 00:00:00-04:00,19.358396530151367,19.382585000902065,19.358396530151367,19.358396530151367,1200,0.0,0.0
2022-09-19 00:00:00-04:00,19.358396530151367,19.358396530151367,19.358396530151367,19.358396530151367,0,0.0,0.0
2022-09-20 00:00:00-04:00,19.358396530151367,19.366459353734932,19.358396530151367,19.358396530151367,700,0.0,0.0
2022-09-21 00:00:00-04:00,19.374521255493164,19.374521255493164,19.35839560909328,19.374521255493164,2200,0.0,0.0
2022-09-22 00:00:00-04:00,19.31001993656376,19.31001993656376,19.09232832670103,19.164892196655273,1900,0.0,0.0
2022-09-23 00:00:00-04:00,19.03589171889723,19.076204299926758,18.858512671583956,19.076204299926758,800,0.0,0.0
2022-09-26 00:00:00-04:00,19.076204299926758,19.076204299926758,19.076204299926758,19.076204299926758,0,0.0,0.0
2022-09-27 00:00:00-04:00,19.076204299926758,19.076204299926758,19.076204299926758,19.076204299926758,400,0.0,0.0
2022-09-28 00:00:00-04:00,18.906889614211064,19.076204299926758,18.906889614211064,19.076204299926758,800,0.0,0.0
2022-09-29 00:00:00-04:00,18.616634368896484,18.616634368896484,18.616634368896484,18.616634368896484,300,0.0,0.0
2022-09-30 00:00:00-04:00,19.052013397216797,19.052013397216797,19.052013397216797,19.052013397216797,500,0.0,0.0
2022-10-03 00:00:00-04:00,18.729510275587458,18.729510275587458,18.7133846282959,18.7133846282959,1600,0.0,0.0
2022-10-04 00:00:00-04:00,18.7133846282959,18.7133846282959,18.7133846282959,18.7133846282959,0,0.0,0.0
2022-10-05 00:00:00-04:00,18.705322265625,18.705322265625,18.52794323128218,18.705322265625,1400,0.0,0.0
2022-10-06 00:00:00-04:00,18.705322265625,18.705322265625,18.705322265625,18.705322265625,0,0.0,0.0
2022-10-07 00:00:00-04:00,18.63275856864744,19.285831874187615,18.608570098876953,18.608570098876953,1700,0.0,0.0
2022-10-10 00:00:00-04:00,18.632760199799325,18.785949241610684,18.519882202148438,18.519882202148438,2900,0.0,0.0
2022-10-11 00:00:00-04:00,18.52794766273952,18.60051155090332,18.519884837629473,18.60051155090332,1100,0.0,0.0
2022-10-12 00:00:00-04:00,18.794013493631326,18.794013493631326,18.624698791029303,18.64888572692871,2000,0.0,0.0
2022-10-13 00:00:00-04:00,18.560198951754916,18.560198951754916,18.44732093811035,18.44732093811035,1000,0.0,0.0
2022-10-14 00:00:00-04:00,18.46343994140625,18.471502763608687,18.46343994140625,18.46343994140625,600,0.0,0.0
2022-10-17 00:00:00-04:00,18.302194595336914,18.358632832924055,18.302194595336914,18.302194595336914,900,0.0,0.0
2022-10-18 00:00:00-04:00,18.302194595336914,18.302194595336914,18.302194595336914,18.302194595336914,0,0.0,0.0
2022-10-19 00:00:00-04:00,18.737573162655057,18.761761633674265,18.737573162655057,18.745635986328125,1400,0.0,0.0
2022-10-20 00:00:00-04:00,18.35862480188517,18.479564049213305,18.181245803833008,18.181245803833008,1400,0.0,0.0
2022-10-21 00:00:00-04:00,18.189313660134168,18.189313660134168,17.826495817722446,17.858745574951172,3400,0.0,0.0
2022-10-24 00:00:00-04:00,17.85874533690146,18.608571020847766,17.79424428547739,18.592445373535156,4900,0.0,0.0
2022-10-25 00:00:00-04:00,18.616634368896484,18.616634368896484,18.616634368896484,18.616634368896484,300,0.0,0.0
2022-10-26 00:00:00-04:00,18.374756321719943,18.390880432114937,18.09256362915039,18.09256362915039,1000,0.0,0.0
2022-10-27 00:00:00-04:00,18.10869109429623,18.36669690015729,18.100629806518555,18.100629806518555,700,0.0,0.0
2022-10-28 00:00:00-04:00,18.439256814886495,18.439256814886495,18.189313888549805,18.189313888549805,1900,0.0,0.0
2022-10-31 00:00:00-04:00,17.87487030029297,17.87487030029297,17.87487030029297,17.87487030029297,700,0.0,0.0
2022-11-01 00:00:00-04:00,17.90712051757422,17.90712051757422,17.86680793762207,17.86680793762207,1600,0.0,0.0
2022-11-02 00:00:00-04:00,17.778116293856105,17.82649322941472,17.76199218649607,17.810367584228516,1000,0.0,0.0
2022-11-03 00:00:00-04:00,18.463440968561137,18.463440968561137,17.254045251784298,17.318546295166016,1700,0.0,0.0
2022-11-04 00:00:00-04:00,17.44755104235962,18.342504501342773,17.44755104235962,18.342504501342773,300,0.0,0.0
2022-11-07 00:00:00-05:00,18.100627200614106,18.30219319822528,17.89906120300293,17.89906120300293,1300,0.0,0.0
2022-11-08 00:00:00-05:00,17.89906120300293,17.89906120300293,17.89906120300293,17.89906120300293,0,0.0,0.0
2022-11-09 00:00:00-05:00,18.2699401164148,18.592445373535156,18.2699401164148,18.592445373535156,1400,0.0,0.0
2022-11-10 00:00:00-05:00,18.592445373535156,18.592445373535156,18.592445373535156,18.592445373535156,1100,0.0,0.0
2022-11-11 00:00:00-05:00,18.23769067687981,18.23769067687981,18.01193622405514,18.16512680053711,600,0.0,0.0
2022-11-14 00:00:00-05:00,18.16512491738578,18.56019401550293,17.86680661914462,18.56019401550293,600,0.0,0.0
2022-11-15 00:00:00-05:00,18.826264361609557,18.826264361609557,18.536008834838867,18.536008834838867,400,0.0,0.0
2022-11-16 00:00:00-05:00,18.32638168334961,18.32638168334961,18.32638168334961,18.32638168334961,900,0.0,0.0
2022-11-17 00:00:00-05:00,18.32638168334961,18.32638168334961,18.32638168334961,18.32638168334961,0,0.0,0.0
2022-11-18 00:00:00-05:00,18.640823364257812,18.640823364257812,18.640823364257812,18.640823364257812,300,0.0,0.0
2022-11-21 00:00:00-05:00,18.640823364257812,18.640823364257812,18.640823364257812,18.640823364257812,0,0.0,0.0
2022-11-22 00:00:00-05:00,18.769824947028606,18.802074704735865,18.503757910181452,18.616634368896484,1600,0.0,0.0
2022-11-23 00:00:00-05:00,18.729509353637695,18.729509353637695,18.729509353637695,18.729509353637695,300,0.0,0.0
2022-11-25 00:00:00-05:00,18.382818743580838,18.407007217407227,18.382818743580838,18.407007217407227,400,0.0,0.0
2022-11-28 00:00:00-05:00,18.18931669725067,18.62470002623347,18.18931669725067,18.60051155090332,1400,0.0,0.0
2022-11-29 00:00:00-05:00,18.635656106009932,18.635656106009932,18.578441619873047,18.578441619873047,1400,0.313,0.0
2022-11-30 00:00:00-05:00,18.455832696205796,18.54574203491211,18.455832696205796,18.54574203491211,1300,0.0,0.0
2022-12-01 00:00:00-05:00,18.856341111852633,18.856341111852633,18.570267133977705,18.668350219726562,2200,0.0,0.0
2022-12-02 00:00:00-05:00,18.553917766000062,19.044328425665903,18.553917766000062,18.98711395263672,4100,0.0,0.0
2022-12-05 00:00:00-05:00,18.93807601928711,18.93807601928711,18.93807601928711,18.93807601928711,100,0.0,0.0
2022-12-06 00:00:00-05:00,18.954423233011923,19.224149756372714,18.717390030585154,18.79912567138672,1200,0.0,0.0
2022-12-07 00:00:00-05:00,18.83998982593128,18.83998982593128,18.16158676147461,18.16158676147461,600,0.0,0.0
2022-12-08 00:00:00-05:00,18.431312561035156,18.431312561035156,18.431312561035156,18.431312561035156,700,0.0,0.0
2022-12-09 00:00:00-05:00,18.431312561035156,18.431312561035156,18.431312561035156,18.431312561035156,0,0.0,0.0
2022-12-12 00:00:00-05:00,18.758258158134684,18.864513397216797,18.758258158134684,18.864513397216797,900,0.0,0.0
2022-12-13 00:00:00-05:00,18.218803002611182,18.464008331298828,18.218803002611182,18.464008331298828,1600,0.0,0.0
2022-12-14 00:00:00-05:00,18.537572860717773,18.537572860717773,18.537572860717773,18.537572860717773,100,0.0,0.0
2022-12-15 00:00:00-05:00,19.109719428307887,19.207802510054094,18.66017573783387,18.758258819580078,2200,0.0,0.0
2022-12-16 00:00:00-05:00,18.938076529866443,18.938076529866443,18.790952682495117,18.790952682495117,800,0.0,0.0
2022-12-19 00:00:00-05:00,18.790952682495117,18.790952682495117,18.790952682495117,18.790952682495117,0,0.0,0.0
2022-12-20 00:00:00-05:00,18.790952682495117,18.790952682495117,18.790952682495117,18.790952682495117,0,0.0,0.0
2022-12-21 00:00:00-05:00,18.88086223879798,18.88086223879798,18.43131697181603,18.750085830688477,6300,0.0,0.0
2022-12-22 00:00:00-05:00,18.635656356811523,18.66017751933355,18.635656356811523,18.635656356811523,900,0.0,0.0
2022-12-23 00:00:00-05:00,18.635656356811523,18.635656356811523,18.635656356811523,18.635656356811523,0,0.0,0.0
2022-12-27 00:00:00-05:00,18.627481087369006,18.70921516418457,18.627481087369006,18.70921516418457,300,0.0,0.0
2022-12-28 00:00:00-05:00,18.047162026411076,18.112550232489536,17.99812126159668,17.99812126159668,1200,0.0,0.0
2022-12-29 00:00:00-05:00,17.981771184837488,18.00629234313965,17.77743287591888,18.00629234313965,7700,0.0,0.0
2022-12-30 00:00:00-05:00,18.030811309814453,18.030811309814453,18.030811309814453,18.030811309814453,500,0.0,0.0
2023-01-03 00:00:00-05:00,18.030811309814453,18.030811309814453,18.030811309814453,18.030811309814453,0,0.0,0.0
2023-01-04 00:00:00-05:00,18.063507878843005,18.341408119977334,18.063507878843005,18.15341567993164,2100,0.0,0.0
2023-01-05 00:00:00-05:00,18.235150347357422,19.158760381558082,18.235150347357422,18.70921516418457,3600,0.0,0.0
2023-01-06 00:00:00-05:00,18.627481745845888,18.70921582555073,18.537572387397393,18.60296058654785,2300,0.0,0.0
2023-01-09 00:00:00-05:00,18.701039454816787,18.701039454816787,18.61113166809082,18.61113166809082,500,0.0,0.0
2023-01-10 00:00:00-05:00,18.61113166809082,18.61113166809082,18.61113166809082,18.61113166809082,0,0.0,0.0
2023-01-11 00:00:00-05:00,18.652000166072156,18.652000166072156,18.594785690307617,18.594785690307617,1100,0.0,0.0
2023-01-12 00:00:00-05:00,18.594785690307617,18.594785690307617,18.594785690307617,18.594785690307617,0,0.0,0.0
2023-01-13 00:00:00-05:00,18.594785690307617,18.594785690307617,18.594785690307617,18.594785690307617,0,0.0,0.0
2023-01-17 00:00:00-05:00,19.077026873577427,19.191455841064453,19.077026873577427,19.191455841064453,600,0.0,0.0
2023-01-18 00:00:00-05:00,19.1914562850406,19.29771309357478,19.1914562850406,19.20780372619629,1300,0.0,0.0
2023-01-19 00:00:00-05:00,19.20780372619629,19.20780372619629,19.20780372619629,19.20780372619629,0,0.0,0.0
2023-01-20 00:00:00-05:00,19.559260525485534,19.60012755813372,18.71738624572754,18.71738624572754,1000,0.0,0.0
2023-01-23 00:00:00-05:00,18.84816551208496,18.84816551208496,18.84816551208496,18.84816551208496,900,0.0,0.0
2023-01-24 00:00:00-05:00,18.84816551208496,18.84816551208496,18.84816551208496,18.84816551208496,0,0.0,0.0
2023-01-25 00:00:00-05:00,18.84816551208496,18.84816551208496,18.84816551208496,18.84816551208496,0,0.0,0.0
2023-01-26 00:00:00-05:00,19.28954100618292,19.444838592354944,19.28954100618292,19.41214370727539,5000,0.0,0.0
2023-01-27 00:00:00-05:00,19.199631631192076,19.41214370727539,19.199631631192076,19.41214370727539,400,0.0,0.0
2023-01-30 00:00:00-05:00,19.502049036028186,19.53474235534668,19.49387531645416,19.53474235534668,1800,0.0,0.0
2023-01-31 00:00:00-05:00,19.828994352202233,19.828994352202233,19.714565371144527,19.730911254882812,8400,0.0,0.0
2023-02-01 00:00:00-05:00,19.730906187611424,20.5155660877174,19.58378235890546,19.624650955200195,4700,0.0,0.0
2023-02-02 00:00:00-05:00,19.77177504925188,20.245839859790177,19.77177504925188,20.02515411376953,10700,0.0,0.0
2023-02-03 00:00:00-05:00,19.976112139435106,19.984285858305743,19.75542640686035,19.75542640686035,2000,0.0,0.0
2023-02-06 00:00:00-05:00,19.35492515563965,19.35492515563965,19.35492515563965,19.35492515563965,300,0.0,0.0
2023-02-07 00:00:00-05:00,19.35492007258797,19.35492007258797,19.085193634033203,19.085193634033203,800,0.0,0.0
2023-02-08 00:00:00-05:00,19.232324830016772,20.098718941948036,19.191456227250615,19.812644958496094,1100,0.0,0.0
2023-02-09 00:00:00-05:00,19.812644958496094,19.812644958496094,19.812644958496094,19.812644958496094,0,0.0,0.0
2023-02-10 00:00:00-05:00,19.3385777625029,19.53474235534668,19.3385777625029,19.53474235534668,5400,0.0,0.0
2023-02-13 00:00:00-05:00,19.616477966308594,19.616477966308594,19.616477966308594,19.616477966308594,700,0.0,0.0
2023-02-14 00:00:00-05:00,19.616477966308594,19.616477966308594,19.616477966308594,19.616477966308594,400,0.0,0.0
2023-02-15 00:00:00-05:00,19.616477966308594,19.616477966308594,19.616477966308594,19.616477966308594,600,0.0,0.0
2023-02-16 00:00:00-05:00,20.016984939575195,20.016984939575195,20.016984939575195,20.016984939575195,700,0.0,0.0
2023-02-17 00:00:00-05:00,20.016984939575195,20.016984939575195,20.016984939575195,20.016984939575195,0,0.0,0.0
2023-02-21 00:00:00-05:00,19.845341017850515,19.93524883131343,19.338581226335855,19.820819854736328,8900,0.0,0.0
2023-02-22 00:00:00-05:00,19.575611696045737,19.788122177124023,19.575611696045737,19.788122177124023,3200,0.0,0.0
2023-02-23 00:00:00-05:00,19.918900517635176,19.918900517635176,19.706388473510742,19.706388473510742,1800,0.0,0.0
2023-02-24 00:00:00-05:00,20.115063655123603,20.254013767729052,19.98428726196289,19.98428726196289,1800,0.0,0.0
2023-02-27 00:00:00-05:00,20.19375991821289,20.210319346357252,19.812902546056456,20.19375991821289,3700,0.313,0.0
2023-02-28 00:00:00-05:00,19.95365333557129,19.95365333557129,19.95365333557129,19.95365333557129,100,0.0,0.0
2023-03-01 00:00:00-05:00,20.202038426131068,20.202038426131068,19.95365333557129,19.95365333557129,2700,0.0,0.0
2023-03-02 00:00:00-05:00,20.135800658957994,20.135800658957994,19.854296736982942,20.011608123779297,2900,0.0,0.0
2023-03-03 00:00:00-05:00,20.16064521865298,20.16064521865298,19.97849464416504,19.97849464416504,900,0.0,0.0
2023-03-06 00:00:00-05:00,19.95365333557129,19.95365333557129,19.95365333557129,19.95365333557129,200,0.0,0.0
2023-03-07 00:00:00-05:00,19.63074863814107,19.87913528025225,19.33268687847886,19.589351654052734,1400,0.0,0.0
2023-03-08 00:00:00-05:00,19.589351654052734,19.589351654052734,19.589351654052734,19.589351654052734,600,0.0,0.0
2023-03-09 00:00:00-05:00,19.66387058826203,19.66387058826203,19.37408691638569,19.45688247680664,5300,0.0,0.0
2023-03-10 00:00:00-05:00,19.45688247680664,19.45688247680664,19.45688247680664,19.45688247680664,0,0.0,0.0
2023-03-13 00:00:00-04:00,19.133979879315827,19.133979879315827,18.620648712299893,18.83591651916504,1400,0.0,0.0
2023-03-14 00:00:00-04:00,19.233334404944245,19.63075118892937,19.233334404944245,19.374086380004883,2000,0.0,0.0
2023-03-15 00:00:00-04:00,19.374086380004883,19.374086380004883,19.374086380004883,19.374086380004883,0,0.0,0.0
2023-03-16 00:00:00-04:00,19.374086380004883,19.374086380004883,19.374086380004883,19.374086380004883,0,0.0,0.0
2023-03-17 00:00:00-04:00,18.471617203036768,18.910432534072857,18.430220215608053,18.852476119995117,1200,0.0,0.0
2023-03-20 00:00:00-04:00,18.869033813476562,18.869033813476562,18.869033813476562,18.869033813476562,200,0.0,0.0
2023-03-21 00:00:00-04:00,19.688707913151617,19.688707913151617,18.488176345825195,18.488176345825195,28300,0.0,0.0
2023-03-22 00:00:00-04:00,18.529577851637697,18.637212570260036,18.455063573076192,18.587535858154297,11800,0.0,0.0
2023-03-23 00:00:00-04:00,18.513017568132764,18.844198237317052,18.49645813987505,18.504737854003906,1600,0.0,0.0
2023-03-24 00:00:00-04:00,18.504737854003906,18.504737854003906,18.504737854003906,18.504737854003906,0,0.0,0.0
2023-03-27 00:00:00-04:00,18.744836807250977,18.744836807250977,18.744836807250977,18.744836807250977,100,0.0,0.0
2023-03-28 00:00:00-04:00,18.703448419327867,18.72828756458809,18.12388099680935,18.214956283569336,1500,0.0,0.0
2023-03-29 00:00:00-04:00,18.835918418020654,19.175378799438477,18.5709738841525,19.175378799438477,3300,0.0,0.0
2023-03-30 00:00:00-04:00,19.21677551305013,19.21677551305013,19.117422103881836,19.117422103881836,300,0.0,0.0
2023-03-31 00:00:00-04:00,19.200215043410086,19.357524849652116,19.009784806643093,19.32440757751465,2500,0.0,0.0
2023-04-03 00:00:00-04:00,19.117421196985003,19.324409298659425,18.87731424102961,18.9683895111084,10100,0.0,0.0
2023-04-04 00:00:00-04:00,18.885597229003906,18.885597229003906,18.885597229003906,18.885597229003906,300,0.0,0.0
2023-04-05 00:00:00-04:00,19.150541305541992,19.150541305541992,19.150541305541992,19.150541305541992,400,0.0,0.0
2023-04-06 00:00:00-04:00,19.15053867530376,19.40720506112347,19.15053867530376,19.357526779174805,1200,0.0,0.0
2023-04-10 00:00:00-04:00,19.084305408174213,19.142263412475586,19.084305408174213,19.142263412475586,300,0.0,0.0
2023-04-11 00:00:00-04:00,19.167098999023438,19.167098999023438,19.167098999023438,19.167098999023438,200,0.0,0.0
2023-04-12 00:00:00-04:00,19.374086380004883,19.374086380004883,19.374086380004883,19.374086380004883,300,0.0,0.0
2023-04-13 00:00:00-04:00,19.365805383271454,19.365805383271454,19.142259444086132,19.158817291259766,1800,0.0,0.0
2023-04-14 00:00:00-04:00,19.158817291259766,19.158817291259766,19.158817291259766,19.158817291259766,0,0.0,0.0
2023-04-17 00:00:00-04:00,19.854301392735355,19.854301392735355,19.09258499804121,19.47344398498535,3000,0.0,0.0
2023-04-18 00:00:00-04:00,19.57279387350843,19.57279387350843,19.349247929774876,19.56451416015625,3800,0.0,0.0
2023-04-19 00:00:00-04:00,19.56451549500587,19.56451549500587,19.142261139591852,19.415485382080078,2400,0.0,0.0
2023-04-20 00:00:00-04:00,19.639028614406755,19.639028614406755,19.59763162976276,19.61419105529785,2700,0.0,0.0
2023-04-21 00:00:00-04:00,19.61419105529785,19.61419105529785,19.61419105529785,19.61419105529785,0,0.0,0.0
2023-04-24 00:00:00-04:00,19.531395506816118,19.74666330119113,19.531395506816118,19.61419105529785,7700,0.0,0.0
2023-04-25 00:00:00-04:00,19.746665954589844,19.746665954589844,19.746665954589844,19.746665954589844,3100,0.0,0.0
2023-04-26 00:00:00-04:00,19.77150335936825,19.77150335936825,19.001508924985853,19.423763275146484,1800,0.0,0.0
2023-04-27 00:00:00-04:00,19.62247477204563,19.73010790159889,19.39892721928803,19.66387176513672,2800,0.0,0.0
2023-04-28 00:00:00-04:00,19.66387176513672,19.66387176513672,19.66387176513672,19.66387176513672,0,0.0,0.0
2023-05-01 00:00:00-04:00,19.854297463524176,19.854297463524176,19.837738037109375,19.837738037109375,600,0.0,0.0
2023-05-02 00:00:00-04:00,19.514837632773702,19.812900999327454,19.514837632773702,19.581073760986328,1000,0.0,0.0
2023-05-03 00:00:00-04:00,19.895695371733616,19.895695371733616,19.713544845581055,19.713544845581055,700,0.0,0.0
2023-05-04 00:00:00-04:00,19.696991461656072,19.696991461656072,19.076027063684986,19.465164184570312,3700,0.0,0.0
2023-05-05 00:00:00-04:00,20.359350676509838,20.47526351305571,19.788063049316406,19.788063049316406,1600,0.0,0.0
2023-05-08 00:00:00-04:00,20.177202515263936,20.177202515263936,19.870859404597685,19.89569854736328,1100,0.0,0.0
2023-05-09 00:00:00-04:00,19.62247085571289,19.62247085571289,19.62247085571289,19.62247085571289,200,0.0,0.0
2023-05-10 00:00:00-04:00,19.63075303450384,19.647312463525196,19.142262511926493,19.365808486938477,2900,0.0,0.0
2023-05-11 00:00:00-04:00,19.663871030012768,19.870859146118164,19.663871030012768,19.870859146118164,1100,0.0,0.0
2023-05-12 00:00:00-04:00,19.928814005819603,19.928814005819603,19.597633361816406,19.597633361816406,400,0.0,0.0
2023-05-15 00:00:00-04:00,19.597633361816406,19.597633361816406,19.597633361816406,19.597633361816406,0,0.0,0.0
2023-05-16 00:00:00-04:00,19.597633361816406,19.597633361816406,19.597633361816406,19.597633361816406,0,0.0,0.0
2023-05-17 00:00:00-04:00,19.597633361816406,19.597633361816406,19.597633361816406,19.597633361816406,0,0.0,0.0
2023-05-18 00:00:00-04:00,20.028170015525948,20.11096557557041,19.788063049316406,19.788063049316406,3000,0.0,0.0
2023-05-19 00:00:00-04:00,19.62247116169854,19.713544845581055,19.62247116169854,19.713544845581055,300,0.0,0.0
2023-05-22 00:00:00-04:00,19.713544845581055,19.713544845581055,19.713544845581055,19.713544845581055,0,0.0,0.0
2023-05-23 00:00:00-04:00,19.854297810707273,19.854297810707273,19.56451416015625,19.56451416015625,2400,0.0,0.0
2023-05-24 00:00:00-04:00,19.5893533002128,19.5893533002128,19.56451416015625,19.56451416015625,600,0.0,0.0
2023-05-25 00:00:00-04:00,19.564512755397985,19.564512755397985,19.30784797668457,19.30784797668457,600,0.0,0.0
2023-05-26 00:00:00-04:00,19.5396785736084,19.5396785736084,19.5396785736084,19.5396785736084,1000,0.0,0.0
2023-05-30 00:00:00-04:00,19.85265056274592,19.85265056274592,19.44989218388912,19.550580978393555,1700,0.313,0.0
2023-05-31 00:00:00-04:00,19.466674940591282,19.57575473895214,19.466674940591282,19.567363739013672,1000,0.0,0.0
2023-06-01 00:00:00-04:00,19.668060302734375,19.668060302734375,19.668060302734375,19.668060302734375,300,0.0,0.0
2023-06-02 00:00:00-04:00,19.726792178881993,20.00368881225586,19.726792178881993,20.00368881225586,300,0.0,0.0
2023-06-05 00:00:00-04:00,19.777136607475498,19.79391860961914,19.777136607475498,19.79391860961914,200,0.0,0.0
2023-06-06 00:00:00-04:00,19.79391860961914,19.79391860961914,19.79391860961914,19.79391860961914,0,0.0,0.0
2023-06-07 00:00:00-04:00,19.79391860961914,19.79391860961914,19.79391860961914,19.79391860961914,0,0.0,0.0
2023-06-08 00:00:00-04:00,19.79391860961914,19.79391860961914,19.79391860961914,19.79391860961914,0,0.0,0.0
2023-06-09 00:00:00-04:00,19.79391860961914,19.79391860961914,19.79391860961914,19.79391860961914,0,0.0,0.0
2023-06-12 00:00:00-04:00,19.919783613482256,19.919783613482256,19.491852092837846,19.617713928222656,3400,0.0,0.0
2023-06-13 00:00:00-04:00,19.475069046020508,19.475069046020508,19.475069046020508,19.475069046020508,300,0.0,0.0
2023-06-14 00:00:00-04:00,19.475065489203075,19.617709295734244,19.34081268310547,19.34081268310547,1800,0.0,0.0
2023-06-15 00:00:00-04:00,19.67644895064751,19.67644895064751,19.063918639801727,19.307252883911133,2700,0.0,0.0
2023-06-16 00:00:00-04:00,19.34920310974121,19.34920310974121,19.34920310974121,19.34920310974121,700,0.0,0.0
2023-06-20 00:00:00-04:00,19.466676712036133,19.466676712036133,19.466676712036133,19.466676712036133,100,0.0,0.0
2023-06-21 00:00:00-04:00,19.15621566772461,19.15621566772461,19.15621566772461,19.15621566772461,1100,0.0,0.0
2023-06-22 00:00:00-04:00,19.15621566772461,19.15621566772461,19.15621566772461,19.15621566772461,0,0.0,0.0
2023-06-23 00:00:00-04:00,19.122652440564707,19.122652440564707,19.089088439941406,19.089088439941406,1500,0.0,0.0
2023-06-26 00:00:00-04:00,19.089088439941406,19.089088439941406,19.089088439941406,19.089088439941406,0,0.0,0.0
2023-06-27 00:00:00-04:00,19.147823840612546,19.147823840612546,18.963226638443302,19.089088439941406,5900,0.0,0.0
2023-06-28 00:00:00-04:00,18.938054022323456,19.055524826049805,18.938054022323456,19.055524826049805,1600,0.0,0.0
2023-06-29 00:00:00-04:00,18.929665280874087,19.105873107910156,18.929665280874087,19.105873107910156,1300,0.0,0.0
2023-06-30 00:00:00-04:00,19.105873107910156,19.105873107910156,19.105873107910156,19.105873107910156,0,0.0,0.0
2023-07-03 00:00:00-04:00,19.063917000627715,19.441504036462458,19.063917000627715,19.382768630981445,1400,0.0,0.0
2023-07-05 00:00:00-04:00,19.42472337022534,19.508631784003956,19.39116096496582,19.39116096496582,1200,0.0,0.0
2023-07-06 00:00:00-04:00,19.172996520996094,19.172996520996094,19.172996520996094,19.172996520996094,300,0.0,0.0
2023-07-07 00:00:00-04:00,18.896100997924805,18.896100997924805,18.896100997924805,18.896100997924805,200,0.0,0.0
2023-07-10 00:00:00-04:00,19.214950561523438,19.214950561523438,19.214950561523438,19.214950561523438,300,0.0,0.0
2023-07-11 00:00:00-04:00,19.214950561523438,19.214950561523438,19.214950561523438,19.214950561523438,0,0.0,0.0
2023-07-12 00:00:00-04:00,19.214950561523438,19.214950561523438,19.214950561523438,19.214950561523438,0,0.0,0.0
2023-07-13 00:00:00-04:00,19.055524826049805,19.097479827680406,19.055524826049805,19.055524826049805,600,0.0,0.0
2023-07-14 00:00:00-04:00,19.055524826049805,19.055524826049805,19.055524826049805,19.055524826049805,400,0.0,0.0
2023-07-17 00:00:00-04:00,18.887711573617484,19.298861029588778,18.887711573617484,18.980010986328125,700,0.0,0.0
2023-07-18 00:00:00-04:00,18.980010986328125,18.980010986328125,18.980010986328125,18.980010986328125,0,0.0,0.0
2023-07-19 00:00:00-04:00,19.03035638424602,19.198171615600586,19.03035638424602,19.198171615600586,600,0.0,0.0
2023-07-20 00:00:00-04:00,19.198171615600586,19.198171615600586,19.198171615600586,19.198171615600586,0,0.0,0.0
2023-07-21 00:00:00-04:00,18.996789289863884,19.16460609436035,18.996789289863884,19.16460609436035,800,0.0,0.0
2023-07-24 00:00:00-04:00,19.1142635345459,19.1142635345459,19.1142635345459,19.1142635345459,300,0.0,0.0
2023-07-25 00:00:00-04:00,18.996788972146064,19.0890883731174,18.904491171594362,19.03874397277832,1100,0.0,0.0
2023-07-26 00:00:00-04:00,19.089088439941406,19.089088439941406,19.089088439941406,19.089088439941406,600,0.0,0.0
2023-07-27 00:00:00-04:00,19.08070182800293,19.08070182800293,19.08070182800293,19.08070182800293,300,0.0,0.0
2023-07-28 00:00:00-04:00,19.072307522881566,19.072307522881566,18.929663712970058,19.021963119506836,2700,0.0,0.0
2023-07-31 00:00:00-04:00,19.00518446435966,19.131046295166016,18.92966704579185,19.131046295166016,1200,0.0,0.0
2023-08-01 00:00:00-04:00,19.131046295166016,19.131046295166016,19.131046295166016,19.131046295166016,0,0.0,0.0
2023-08-02 00:00:00-04:00,18.904489327880338,18.94644272400134,18.879316329956055,18.879316329956055,2000,0.0,0.0
2023-08-03 00:00:00-04:00,18.86253584696486,19.038743645754398,18.686329648594928,18.70311164855957,8900,0.0,0.0
2023-08-04 00:00:00-04:00,18.753458413342283,18.753458413342283,18.719894409179688,18.719894409179688,600,0.0,0.0
2023-08-07 00:00:00-04:00,18.76184844970703,18.76184844970703,18.76184844970703,18.76184844970703,300,0.0,0.0
2023-08-08 00:00:00-04:00,18.719894776459736,18.770240783691406,18.719894776459736,18.770240783691406,200,0.0,0.0
2023-08-09 00:00:00-04:00,18.70311164855957,18.70311164855957,18.69472064857725,18.70311164855957,600,0.0,0.0
2023-08-10 00:00:00-04:00,18.711502446051774,18.770239450316243,18.711502446051774,18.76184844970703,1400,0.0,0.0
2023-08-11 00:00:00-04:00,18.76184844970703,18.76184844970703,18.76184844970703,18.76184844970703,0,0.0,0.0
2023-08-14 00:00:00-04:00,18.76184844970703,18.76184844970703,18.76184844970703,18.76184844970703,0,0.0,0.0
2023-08-15 00:00:00-04:00,18.78701934197862,18.82058334350586,18.78701934197862,18.82058334350586,300,0.0,0.0
2023-08-16 00:00:00-04:00,18.619204900762618,18.627595901489258,18.619204900762618,18.627595901489258,200,0.0,0.0
2023-08-17 00:00:00-04:00,18.468169471193658,18.501731872558594,18.442996469855185,18.501731872558594,1800,0.0,0.0
2023-08-18 00:00:00-04:00,18.828975448473546,18.828975448473546,18.459779412113736,18.54368782043457,1100,0.0,0.0
2023-08-21 00:00:00-04:00,18.459776672872632,18.459776672872632,18.250006483408168,18.266788482666016,3300,0.0,0.0
2023-08-22 00:00:00-04:00,18.065412521362305,18.124147928842035,18.065412521362305,18.065412521362305,1200,0.0,0.0
2023-08-23 00:00:00-04:00,18.317132880020015,18.317132880020015,18.266788482666016,18.266788482666016,900,0.0,0.0
2023-08-24 00:00:00-04:00,18.149316787719727,18.41782398493439,18.14092738818703,18.149316787719727,2000,0.0,0.0
2023-08-25 00:00:00-04:00,18.098971363697913,18.258397152925962,18.098971363697913,18.140926361083984,3400,0.0,0.0
2023-08-28 00:00:00-04:00,18.14931849103727,18.26679090097462,18.14931849103727,18.20805549621582,1500,0.0,0.0
2023-08-29 00:00:00-04:00,18.275177839159866,18.392648622563826,18.224831845912977,18.342304229736328,3100,0.0,0.0
2023-08-30 00:00:00-04:00,18.421475552060667,18.438501335522552,18.23419680498415,18.327836990356445,2300,0.313,0.0
2023-08-31 00:00:00-04:00,18.30229872956483,18.438501753007678,18.30229872956483,18.429988861083984,2800,0.0,0.0
2023-09-01 00:00:00-04:00,18.38742671833784,18.540655531404784,18.344862257114702,18.532142639160156,4000,0.0,0.0
2023-09-05 00:00:00-04:00,18.37040100253627,18.489578247070312,18.2171721888964,18.489578247070312,3600,0.0,0.0
2023-09-06 00:00:00-04:00,18.404453348677404,18.523630598243106,18.353375992862176,18.361888885498047,5800,0.0,0.0
2023-09-07 00:00:00-04:00,18.370400241286255,18.429988861083984,18.09799419440056,18.429988861083984,3000,0.0,0.0
2023-09-08 00:00:00-04:00,18.498088442582766,18.583215729268787,18.498088442582766,18.506601333618164,2300,0.0,0.0
2023-09-11 00:00:00-04:00,18.557678572902784,18.557678572902784,18.51511573791504,18.51511573791504,700,0.0,0.0
2023-09-12 00:00:00-04:00,18.515117615464895,18.591732025146484,18.498091830276042,18.591732025146484,700,0.0,0.0
2023-09-13 00:00:00-04:00,18.43850209791076,18.583218015984297,18.43850209791076,18.574705123901367,6200,0.0,0.0
2023-09-14 00:00:00-04:00,18.608755945522777,18.608755945522777,18.412962682808217,18.438501358032227,9100,0.0,0.0
2023-09-15 00:00:00-04:00,18.464042371533775,18.4810665335043,18.353376388549805,18.353376388549805,3000,0.0,0.0
2023-09-18 00:00:00-04:00,18.566190757830352,18.642805156826093,18.4044506920998,18.412961959838867,2700,0.0,0.0
2023-09-19 00:00:00-04:00,18.583218048924024,18.591730941022046,18.30229910436194,18.31081199645996,6200,0.0,0.0
2023-09-20 00:00:00-04:00,18.472553300531114,18.600243431910837,18.319324493408203,18.319324493408203,4600,0.0,0.0
2023-09-21 00:00:00-04:00,18.310813214033164,18.310813214033164,18.149071500752093,18.208660125732422,1100,0.0,0.0
2023-09-22 00:00:00-04:00,18.23419761657715,18.23419761657715,18.23419761657715,18.23419761657715,200,0.0,0.0
2023-09-25 00:00:00-04:00,18.21717304896503,18.327839030115555,18.097995798804398,18.13204574584961,1700,0.0,0.0
2023-09-26 00:00:00-04:00,18.07245482289815,18.07245482289815,17.953277587890625,17.953277587890625,1200,0.0,0.0
2023-09-27 00:00:00-04:00,18.217173018396505,18.395940517005744,17.944766947818863,18.208660125732422,4100,0.0,0.0
2023-09-28 00:00:00-04:00,18.123532114279328,18.387425258234934,18.123532114279328,18.370399475097656,9700,0.0,0.0
2023-09-29 00:00:00-04:00,18.566191864253252,18.59173053999644,18.27676003383622,18.319324493408203,6800,0.0,0.0
2023-10-02 00:00:00-04:00,18.293785157962265,18.293785157962265,18.01286622959001,18.063941955566406,5400,0.0,0.0
2023-10-03 00:00:00-04:00,17.80856180522096,17.817074696877704,17.425489799007874,17.49359130859375,5400,0.0,0.0
2023-10-04 00:00:00-04:00,17.58723297097015,17.58723297097015,17.38292842504522,17.468055725097656,1600,0.0,0.0
2023-10-05 00:00:00-04:00,17.536155788383425,17.56169283971691,17.331851259375245,17.416976928710938,2500,0.0,0.0
2023-10-06 00:00:00-04:00,17.306312561035156,17.476567146813075,17.067956465679686,17.306312561035156,3400,0.0,0.0
2023-10-09 00:00:00-04:00,17.16159439086914,17.16159439086914,17.16159439086914,17.16159439086914,200,0.0,0.0
2023-10-10 00:00:00-04:00,17.39143945747016,17.3999523489318,17.255236441419925,17.3148250579834,1300,0.0,0.0
2023-10-11 00:00:00-04:00,17.365902326113776,17.544669815356418,17.24672508239746,17.24672508239746,3200,0.0,0.0
2023-10-12 00:00:00-04:00,17.306311854991822,17.306311854991822,17.161595950084966,17.204158782958984,2100,0.0,0.0
2023-10-13 00:00:00-04:00,17.238213869985415,17.31482828374548,16.86365469423267,16.872167587280273,3300,0.0,0.0
2023-10-16 00:00:00-04:00,16.829602775181126,17.008368637244555,16.829602775181126,16.914730072021484,2000,0.0,0.0
2023-10-17 00:00:00-04:00,16.880677473510886,16.94026609056172,16.659347164702037,16.77852439880371,6700,0.0,0.0
2023-10-18 00:00:00-04:00,16.838115012965012,16.838115012965012,16.548683189154925,16.659347534179688,1800,0.0,0.0
2023-10-19 00:00:00-04:00,16.59124755859375,16.59124755859375,16.59124755859375,16.59124755859375,300,0.0,0.0
2023-10-20 00:00:00-04:00,16.45504335068466,16.616785049438477,16.45504335068466,16.616785049438477,1600,0.0,0.0
2023-10-23 00:00:00-04:00,16.676373317619827,16.744474827712313,16.59975891580727,16.659347534179688,3400,0.0,0.0
2023-10-24 00:00:00-04:00,16.74447633107466,16.880679363488294,16.565708836239132,16.855140686035156,5900,0.0,0.0
2023-10-25 00:00:00-04:00,16.64232063293457,16.64232063293457,16.64232063293457,16.64232063293457,200,0.0,0.0
2023-10-26 00:00:00-04:00,16.752986530282964,16.78703647107826,16.642320569445346,16.684885025024414,900,0.0,0.0
2023-10-27 00:00:00-04:00,16.60827182949086,16.625297612953517,16.582733154296875,16.582733154296875,1400,0.0,0.0
2023-10-30 00:00:00-04:00,16.591247517077026,16.591247517077026,16.438018699663374,16.55719757080078,2300,0.0,0.0
2023-10-31 00:00:00-04:00,16.75298921083729,16.75298921083729,16.744476318359375,16.744476318359375,300,0.0,0.0
2023-11-01 00:00:00-04:00,16.999858422783756,17.084985733032227,16.897706949420304,17.084985733032227,2500,0.0,0.0
2023-11-02 00:00:00-04:00,17.5191317936838,17.774512075100336,17.468056062134142,17.61277198791504,3900,0.0,0.0
2023-11-03 00:00:00-04:00,17.510615131522453,17.868148422738003,17.510615131522453,17.800046920776367,4500,0.0,0.0
2023-11-06 00:00:00-05:00,17.73194623660189,17.73194623660189,17.629793167114258,17.629793167114258,1600,0.0,0.0
2023-11-07 00:00:00-05:00,17.59574469181289,17.604257583618164,17.561693124591798,17.604257583618164,2100,0.0,0.0
2023-11-08 00:00:00-05:00,17.604259399173042,17.834102630615234,17.604259399173042,17.834102630615234,2200,0.0,0.0
2023-11-09 00:00:00-05:00,17.987327996138706,17.987327996138706,17.510617420102758,17.52764320373535,2000,0.0,0.0
2023-11-10 00:00:00-05:00,17.493589365478726,17.55317960045689,17.24672202952645,17.382925033569336,9900,0.0,0.0
2023-11-13 00:00:00-05:00,17.451033741413585,17.595749695923267,17.442520847187303,17.578723907470703,2100,0.0,0.0
2023-11-14 00:00:00-05:00,17.71492308216526,17.842613220214844,17.71492308216526,17.842613220214844,3000,0.0,0.0
2023-11-15 00:00:00-05:00,17.79153742038812,17.885177612304688,17.70641012079744,17.885177612304688,1400,0.0,0.0
2023-11-16 00:00:00-05:00,17.757482574003536,17.910711346244707,17.757482574003536,17.868146896362305,2600,0.0,0.0
2023-11-17 00:00:00-05:00,17.995839696049025,18.004352587301494,17.910714030860316,17.927738189697266,1900,0.0,0.0
2023-11-20 00:00:00-05:00,17.76599884033203,17.808561674635577,17.714921490766113,17.76599884033203,2900,0.0,0.0
2023-11-21 00:00:00-05:00,17.76599925777634,17.76599925777634,17.646820396323594,17.680871963500977,1200,0.0,0.0
2023-11-22 00:00:00-05:00,17.587233041388227,17.604258826200525,17.408467171863723,17.425491333007812,7700,0.0,0.0
2023-11-24 00:00:00-05:00,17.459540514588365,17.553180694580078,17.459540514588365,17.553180694580078,300,0.0,0.0
2023-11-27 00:00:00-05:00,17.55317957473234,17.56169084176315,17.53615379333496,17.53615379333496,3600,0.0,0.0
2023-11-28 00:00:00-05:00,17.53615718507942,17.62128448486328,17.53615718507942,17.62128448486328,300,0.0,0.0
2023-11-29 00:00:00-05:00,17.788100209217077,17.8399600982666,17.736240320167553,17.8399600982666,4500,0.313,0.0
2023-11-30 00:00:00-05:00,17.831314755795336,17.917748994778602,17.805385638117546,17.87453269958496,1700,0.0,0.0
2023-12-01 00:00:00-05:00,17.92639406624093,18.202982334987404,17.874534177999998,18.00418472290039,18300,0.0,0.0
2023-12-04 00:00:00-05:00,18.17705280371965,18.26348539929939,17.917750071192167,17.960968017578125,3600,0.0,0.0
2023-12-05 00:00:00-05:00,17.917750071192167,18.021471493922377,17.917750071192167,17.960968017578125,1900,0.0,0.0
2023-12-06 00:00:00-05:00,18.038758001692024,18.038758001692024,17.917749404907227,17.917749404907227,4800,0.0,0.0
2023-12-07 00:00:00-05:00,17.95232861019364,17.995544918050502,17.935041427612305,17.935041427612305,1400,0.0,0.0
2023-12-08 00:00:00-05:00,17.917749464224105,17.986896527503177,17.788098926650353,17.814029693603516,8000,0.0,0.0
2023-12-11 00:00:00-05:00,17.96096688962635,17.96096688962635,17.80538558959961,17.80538558959961,2200,0.0,0.0
2023-12-12 00:00:00-05:00,17.762166203738804,17.762166203738804,17.73623708823697,17.74488067626953,1600,0.0,0.0
2023-12-13 00:00:00-05:00,17.736237302080802,18.021469116210938,17.693019361396924,18.021469116210938,5100,0.0,0.0
2023-12-14 00:00:00-05:00,18.116548993686347,18.4622859954834,18.07333269275982,18.4622859954834,4900,0.0,0.0
2023-12-15 00:00:00-05:00,18.462284879187308,18.462284879187308,18.306703567504883,18.306703567504883,800,0.0,0.0
2023-12-18 00:00:00-05:00,18.18569781084239,18.31534836291628,18.16841063094022,18.194339752197266,5100,0.0,0.0
2023-12-19 00:00:00-05:00,18.289417416042983,18.410424376994577,18.280773826175558,18.323991775512695,7700,0.0,0.0
2023-12-20 00:00:00-05:00,18.453642326331718,18.453642326331718,18.323991775512695,18.323991775512695,800,0.0,0.0
2023-12-21 00:00:00-05:00,18.28941535949707,18.28941535949707,18.28941535949707,18.28941535949707,400,0.0,0.0
2023-12-22 00:00:00-05:00,18.56600713495669,18.626510620117188,18.56600713495669,18.626510620117188,900,0.0,0.0
2023-12-26 00:00:00-05:00,18.626507273729086,18.6524380406805,18.444996850857258,18.566003799438477,2700,0.0,0.0
2023-12-27 00:00:00-05:00,18.600577888368335,18.730228424072266,18.566003532929418,18.730228424072266,3000,0.0,0.0
2023-12-28 00:00:00-05:00,18.747516117173518,18.91173936423497,18.738872528076172,18.738872528076172,3000,0.0,0.0
2023-12-29 00:00:00-05:00,18.738872528076172,18.738872528076172,18.738872528076172,18.738872528076172,0,0.0,0.0
2024-01-02 00:00:00-05:00,18.730227393438167,18.73887098182228,18.54007339477539,18.54007339477539,1300,0.0,0.0
2024-01-03 00:00:00-05:00,18.540075622529372,18.540075622529372,18.410423429784714,18.444997787475586,1100,0.0,0.0
2024-01-04 00:00:00-05:00,18.427708394377817,18.54007339477539,18.427708394377817,18.54007339477539,600,0.0,0.0
2024-01-05 00:00:00-05:00,18.566003799438477,18.566003799438477,18.566003799438477,18.566003799438477,200,0.0,0.0
2024-01-08 00:00:00-05:00,18.531429806391277,18.54007339477539,18.531429806391277,18.54007339477539,400,0.0,0.0
2024-01-09 00:00:00-05:00,18.77344462343642,18.88580962944028,18.548716260024694,18.591934204101562,1700,0.0,0.0
2024-01-10 00:00:00-05:00,18.695655052127492,18.877167130538332,18.652438754151436,18.678369522094727,3400,0.0,0.0
2024-01-11 00:00:00-05:00,18.764802932739258,18.764802932739258,18.764802932739258,18.764802932739258,200,0.0,0.0
2024-01-12 00:00:00-05:00,18.73887299869964,18.73887299869964,18.60922245617538,18.678369522094727,500,0.0,0.0
2024-01-16 00:00:00-05:00,18.51414680480957,18.51414680480957,18.51414680480957,18.51414680480957,200,0.0,0.0
2024-01-17 00:00:00-05:00,18.42771117782179,18.77344652242896,18.42771117782179,18.764802932739258,1400,0.0,0.0
2024-01-18 00:00:00-05:00,18.764802932739258,18.764802932739258,18.764802932739258,18.764802932739258,0,0.0,0.0
2024-01-19 00:00:00-05:00,18.505500882712152,18.712942078785527,18.479570114979452,18.643795013427734,2200,0.0,0.0
2024-01-22 00:00:00-05:00,18.66108298236343,18.894454956054688,18.66108298236343,18.894454956054688,400,0.0,0.0
2024-01-23 00:00:00-05:00,19.01546298873129,19.222904205322266,18.903099614634773,19.222904205322266,2500,0.0,0.0
2024-01-24 00:00:00-05:00,19.20561691062523,19.20561691062523,18.842594371606207,19.01546287536621,1400,0.0,0.0
2024-01-25 00:00:00-05:00,19.257475573973093,19.257475573973093,19.13646697998047,19.13646697998047,700,0.0,0.0
2024-01-26 00:00:00-05:00,19.058677951974158,19.413056878167154,19.058677951974158,19.30069351196289,2100,0.0,0.0
2024-01-29 00:00:00-05:00,19.30069351196289,19.30069351196289,19.30069351196289,19.30069351196289,0,0.0,0.0
2024-01-30 00:00:00-05:00,19.525422413237152,19.525422413237152,19.30069402624444,19.309337615966797,1800,0.0,0.0
2024-01-31 00:00:00-05:00,19.447634739005608,19.447634739005608,19.395774841308594,19.395774841308594,3100,0.0,0.0
2024-02-01 00:00:00-05:00,19.45627649044212,19.534067153930664,19.447632900210476,19.534067153930664,1100,0.0,0.0
2024-02-02 00:00:00-05:00,19.5167798996416,19.681004816229123,19.5167798996416,19.637786865234375,1500,0.0,0.0
2024-02-05 00:00:00-05:00,19.404417037963867,19.404417037963867,19.404417037963867,19.404417037963867,700,0.0,0.0
2024-02-06 00:00:00-05:00,19.387128356223307,19.4476318359375,19.387128356223307,19.4476318359375,1800,0.0,0.0
2024-02-07 00:00:00-05:00,19.4476318359375,19.4476318359375,19.4476318359375,19.4476318359375,0,0.0,0.0
2024-02-08 00:00:00-05:00,19.447629701994412,19.85386848449707,19.447629701994412,19.85386848449707,1500,0.0,0.0
2024-02-09 00:00:00-05:00,19.85386848449707,19.85386848449707,19.85386848449707,19.85386848449707,0,0.0,0.0
2024-02-12 00:00:00-05:00,19.85386848449707,19.85386848449707,19.85386848449707,19.85386848449707,0,0.0,0.0
2024-02-13 00:00:00-05:00,19.52542035269007,19.85386848449707,19.37848264010894,19.85386848449707,1200,0.0,0.0
2024-02-14 00:00:00-05:00,19.57728130419058,19.57728130419058,19.361196517944336,19.361196517944336,600,0.0,0.0
2024-02-15 00:00:00-05:00,19.853869877258333,19.853869877258333,19.836584347021372,19.845226287841797,500,0.0,0.0
2024-02-16 00:00:00-05:00,19.87115510037588,19.87115510037588,19.60321044921875,19.60321044921875,500,0.0,0.0
2024-02-20 00:00:00-05:00,19.60321044921875,19.60321044921875,19.60321044921875,19.60321044921875,0,0.0,0.0
2024-02-21 00:00:00-05:00,19.84522663410768,19.84522663410768,19.577281951904297,19.577281951904297,400,0.0,0.0
2024-02-22 00:00:00-05:00,19.577281951904297,19.577281951904297,19.577281951904297,19.577281951904297,0,0.0,0.0
2024-02-23 00:00:00-05:00,19.585927333218855,20.087244033813477,19.456276775040234,20.087244033813477,2100,0.0,0.0
2024-02-26 00:00:00-05:00,20.087241341756815,20.087241341756815,19.663715362548828,19.663715362548828,600,0.0,0.0
2024-02-27 00:00:00-05:00,19.706932067871094,20.044025459252,19.706932067871094,19.706932067871094,1100,0.0,0.0
2024-02-28 00:00:00-05:00,19.911126281614997,19.93741798400879,19.911126281614997,19.93741798400879,1000,0.313,0.0
2024-02-29 00:00:00-05:00,19.93741798400879,19.93741798400879,19.93741798400879,19.93741798400879,0,0.0,0.0
2024-03-01 00:00:00-05:00,19.639455436123345,19.779674530029297,19.639455436123345,19.779674530029297,800,0.0,0.0
2024-03-04 00:00:00-05:00,19.87607192993164,19.87607192993164,19.87607192993164,19.87607192993164,700,0.0,0.0
2024-03-05 00:00:00-05:00,19.788434982299805,19.788434982299805,19.648215912840538,19.788434982299805,1400,0.0,0.0
2024-03-06 00:00:00-05:00,19.788434982299805,19.788434982299805,19.788434982299805,19.788434982299805,0,0.0,0.0
2024-03-07 00:00:00-05:00,19.73585366685865,19.849781036376953,19.73585366685865,19.849781036376953,1800,0.0,0.0
2024-03-08 00:00:00-05:00,19.849781036376953,19.849781036376953,19.849781036376953,19.849781036376953,0,0.0,0.0
2024-03-11 00:00:00-04:00,19.849781036376953,19.849781036376953,19.849781036376953,19.849781036376953,0,0.0,0.0
2024-03-12 00:00:00-04:00,20.051345037894865,20.051345037894865,19.84978033732239,19.98123550415039,1700,0.0,0.0
2024-03-13 00:00:00-04:00,19.98123550415039,19.98123550415039,19.98123550415039,19.98123550415039,0,0.0,0.0
2024-03-14 00:00:00-04:00,20.033823013305664,20.033823013305664,20.033823013305664,20.033823013305664,400,0.0,0.0
2024-03-15 00:00:00-04:00,20.235383987426758,20.235383987426758,20.235383987426758,20.235383987426758,1900,0.0,0.0
2024-03-18 00:00:00-04:00,20.235383987426758,20.235383987426758,20.235383987426758,20.235383987426758,0,0.0,0.0
2024-03-19 00:00:00-04:00,19.946182226689753,20.042583465576172,19.946182226689753,20.042583465576172,500,0.0,0.0
2024-03-20 00:00:00-04:00,19.963712692260742,19.963712692260742,19.963712692260742,19.963712692260742,600,0.0,0.0
2024-03-21 00:00:00-04:00,19.963712692260742,19.963712692260742,19.963712692260742,19.963712692260742,0,0.0,0.0
2024-03-22 00:00:00-04:00,20.086399868364783,20.182801100386197,20.04258203828763,20.156509399414062,3300,0.0,0.0
2024-03-25 00:00:00-04:00,20.03382264863515,20.156513937709917,20.02505874633789,20.02505874633789,4300,0.0,0.0
2024-03-26 00:00:00-04:00,20.02505414130772,20.156509302449866,19.954944610595703,19.954944610595703,2500,0.0,0.0
2024-03-27 00:00:00-04:00,19.946184888025787,20.06887617458364,19.902365377438404,19.963712692260742,1200,0.0,0.0
2024-03-28 00:00:00-04:00,19.98123550415039,19.98123550415039,19.972473275032574,19.98123550415039,400,0.0,0.0
2024-04-01 00:00:00-04:00,19.911125512629436,19.911125512629436,19.578105652885412,19.770906448364258,800,0.0,0.0
2024-04-02 00:00:00-04:00,19.96370965489547,19.96370965489547,19.6043980804632,19.788434982299805,6700,0.0,0.0
2024-04-03 00:00:00-04:00,19.630688025667702,19.744617063821018,19.586870193481445,19.586870193481445,700,0.0,0.0
2024-04-04 00:00:00-04:00,19.911126250190875,19.911126250190875,19.639452012056438,19.788434982299805,800,0.0,0.0
2024-04-05 00:00:00-04:00,19.753382986549592,19.77967301993517,19.586872198419872,19.692035675048828,3600,0.0,0.0
2024-04-08 00:00:00-04:00,19.735853979004382,19.735853979004382,19.560579299926758,19.560579299926758,800,0.0,0.0
2024-04-09 00:00:00-04:00,19.621924124921822,19.709561460837488,19.578106292735562,19.586870193481445,3700,0.0,0.0
2024-04-10 00:00:00-04:00,19.543052557154603,19.595635966654413,19.28890609741211,19.28890609741211,6000,0.0,0.0
2024-04-11 00:00:00-04:00,19.17497671441406,19.192504517275392,19.17497671441406,19.183740615844727,800,0.0,0.0
2024-04-12 00:00:00-04:00,19.05228578269298,19.201268766627265,18.98217624152057,19.043521881103516,6000,0.0,0.0
2024-04-15 00:00:00-04:00,18.79813928712262,18.79813928712262,18.526463352994345,18.745555877685547,1000,0.0,0.0
2024-04-16 00:00:00-04:00,18.631626938109747,18.649154739785775,18.605335235595703,18.605335235595703,900,0.0,0.0
2024-04-17 00:00:00-04:00,18.622862594858532,18.78060946310894,18.622862594858532,18.640390396118164,1300,0.0,0.0
2024-04-18 00:00:00-04:00,18.640391623356628,18.80690073165628,18.640391623356628,18.675445556640625,7700,0.0,0.0
2024-04-19 00:00:00-04:00,18.675445556640625,18.675445556640625,18.675445556640625,18.675445556640625,100,0.0,0.0
2024-04-22 00:00:00-04:00,18.780611038208008,18.780611038208008,18.780611038208008,18.780611038208008,200,0.0,0.0
2024-04-23 00:00:00-04:00,18.86824845193766,19.131158807707465,18.86824845193766,18.982175827026367,1700,0.0,0.0
2024-04-24 00:00:00-04:00,18.990938186645508,18.990938186645508,18.990938186645508,18.990938186645508,800,0.0,0.0
2024-04-25 00:00:00-04:00,18.990937747017604,18.990937747017604,18.675444015776044,18.684207916259766,1900,0.0,0.0
2024-04-26 00:00:00-04:00,18.71926498413086,18.71926498413086,18.71926498413086,18.71926498413086,600,0.0,0.0
2024-04-29 00:00:00-04:00,18.72802734375,18.72802734375,18.72802734375,18.72802734375,200,0.0,0.0
2024-04-30 00:00:00-04:00,18.85071903080402,18.85071903080402,18.78937339782715,18.78937339782715,1000,0.0,0.0
2024-05-01 00:00:00-04:00,18.473878217376548,18.78060802983901,18.473878217376548,18.754316329956055,1600,0.0,0.0
2024-05-02 00:00:00-04:00,18.824427383594138,18.94712032144771,18.7893734524525,18.841955184936523,2500,0.0,0.0
2024-05-03 00:00:00-04:00,18.841955184936523,18.841955184936523,18.841955184936523,18.841955184936523,0,0.0,0.0
2024-05-06 00:00:00-04:00,18.94712188488868,19.22756004333496,18.94712188488868,19.22756004333496,1800,0.0,0.0
2024-05-07 00:00:00-04:00,19.21003266821673,19.253850504620743,19.03475797951405,19.043521881103516,5700,0.0,0.0
2024-05-08 00:00:00-04:00,18.912065505981445,18.990938943762174,18.912065505981445,18.912065505981445,400,0.0,0.0
2024-05-09 00:00:00-04:00,18.82442892392907,18.833192825317383,18.82442892392907,18.833192825317383,500,0.0,0.0
2024-05-10 00:00:00-04:00,18.833192825317383,18.833192825317383,18.833192825317383,18.833192825317383,0,0.0,0.0
2024-05-13 00:00:00-04:00,18.833192825317383,18.833192825317383,18.833192825317383,18.833192825317383,0,0.0,0.0
2024-05-14 00:00:00-04:00,18.833192825317383,18.833192825317383,18.833192825317383,18.833192825317383,0,0.0,0.0
2024-05-15 00:00:00-04:00,18.982173553058185,19.008465254102866,18.894536221119,18.97340965270996,2700,0.0,0.0
2024-05-16 00:00:00-04:00,18.885772320770776,18.97340965270996,18.885772320770776,18.97340965270996,500,0.0,0.0
2024-05-17 00:00:00-04:00,18.850718390920946,18.97340965270996,18.850718390920946,18.97340965270996,700,0.0,0.0
2024-05-20 00:00:00-04:00,18.97340965270996,18.97340965270996,18.97340965270996,18.97340965270996,0,0.0,0.0
2024-05-21 00:00:00-04:00,18.86824719978374,18.86824719978374,18.684208625723613,18.798137664794922,2200,0.0,0.0
2024-05-22 00:00:00-04:00,18.763080596923828,18.763080596923828,18.75431669679142,18.763080596923828,500,0.0,0.0
2024-05-23 00:00:00-04:00,18.763080596923828,18.763080596923828,18.763080596923828,18.763080596923828,100,0.0,0.0
2024-05-24 00:00:00-04:00,18.692971816743487,18.692971816743487,18.684207916259766,18.684207916259766,500,0.0,0.0
2024-05-28 00:00:00-04:00,18.684207916259766,18.684207916259766,18.684207916259766,18.684207916259766,100,0.0,0.0
2024-05-29 00:00:00-04:00,18.403773455214107,18.57904815673828,18.403773455214107,18.57904815673828,1200,0.0,0.0
2024-05-30 00:00:00-04:00,18.649158477783203,18.649158477783203,18.64039457518857,18.649158477783203,1000,0.0,0.0
2024-05-31 00:00:00-04:00,18.90976333618164,18.90976333618164,18.90976333618164,18.90976333618164,100,0.313,0.0
2024-06-03 00:00:00-04:00,18.72297744594873,18.77634582597583,18.72297744594873,18.758556365966797,2500,0.0,0.0
2024-06-04 00:00:00-04:00,18.829712582515384,19.123231887817383,18.829712582515384,19.123231887817383,3000,0.0,0.0
2024-06-05 00:00:00-04:00,19.052075578171532,19.052075578171532,19.016496658325195,19.016496658325195,800,0.0,0.0
2024-06-06 00:00:00-04:00,18.794137708763014,18.92755699157715,18.794137708763014,18.92755699157715,1000,0.0,0.0
2024-06-07 00:00:00-04:00,18.749659521827407,18.838605115347153,18.749659521827407,18.80302619934082,1200,0.0,0.0
2024-06-10 00:00:00-04:00,18.776343533594204,18.963127751395948,18.731869889001352,18.740764617919922,5800,0.0,0.0
2024-06-11 00:00:00-04:00,18.88307919303747,18.88307919303747,18.678505492422428,18.758556365966797,1700,0.0,0.0
2024-06-12 00:00:00-04:00,18.8563956822754,18.9631290435791,18.8563956822754,18.9631290435791,200,0.0,0.0
2024-06-13 00:00:00-04:00,18.963134222896706,18.963134222896706,18.820821904625173,18.92755699157715,1000,0.0,0.0
2024-06-14 00:00:00-04:00,18.856396985721943,19.034286499023438,18.856396985721943,19.034286499023438,2500,0.0,0.0
2024-06-17 00:00:00-04:00,19.016496658325195,19.016496658325195,19.016496658325195,19.016496658325195,100,0.0,0.0
2024-06-18 00:00:00-04:00,19.016496658325195,19.016496658325195,19.016496658325195,19.016496658325195,0,0.0,0.0
2024-06-20 00:00:00-04:00,18.989813232600625,19.016495724679086,18.936446551947515,19.00760269165039,700,0.0,0.0
2024-06-21 00:00:00-04:00,18.883078595905726,18.883078595905726,18.8297119140625,18.8297119140625,500,0.0,0.0
2024-06-24 00:00:00-04:00,18.838607024857573,18.847501754760742,18.838607024857573,18.847501754760742,2300,0.0,0.0
2024-06-25 00:00:00-04:00,18.847501754760742,18.847501754760742,18.847501754760742,18.847501754760742,200,0.0,0.0
2024-06-26 00:00:00-04:00,18.829713492138254,18.829713492138254,18.696295928100646,18.705190658569336,5100,0.0,0.0
2024-06-27 00:00:00-04:00,18.731872343045396,18.820817947387695,18.731872343045396,18.820817947387695,300,0.0,0.0
2024-06-28 00:00:00-04:00,18.803031997835976,18.803031997835976,18.651824951171875,18.651824951171875,2500,0.0,0.0
2024-07-01 00:00:00-04:00,18.607347250794252,18.80302619934082,18.48282443776426,18.80302619934082,4600,0.0,0.0
2024-07-02 00:00:00-04:00,18.85639762878418,18.85639762878418,18.85639762878418,18.85639762878418,300,0.0,0.0
2024-07-03 00:00:00-04:00,18.8919734954834,18.8919734954834,18.83860681316036,18.8919734954834,3000,0.0,0.0
2024-07-05 00:00:00-04:00,18.8919734954834,18.8919734954834,18.8919734954834,18.8919734954834,200,0.0,0.0
2024-07-08 00:00:00-04:00,18.900868394104602,18.963129806786956,18.865289474573967,18.954235076904297,1300,0.0,0.0
2024-07-09 00:00:00-04:00,18.918659045387827,18.954236270662896,18.85639762878418,18.85639762878418,900,0.0,0.0
2024-07-10 00:00:00-04:00,18.785238262512774,18.785238262512774,18.740764617919922,18.740764617919922,2100,0.0,0.0
2024-07-11 00:00:00-04:00,18.78523971165702,19.043180084209467,18.78523971165702,19.025390625,1200,0.0,0.0
2024-07-12 00:00:00-04:00,19.052075956679836,19.158811021843086,19.034286496403244,19.078760147094727,4200,0.0,0.0
2024-07-15 00:00:00-04:00,19.078760147094727,19.078760147094727,19.078760147094727,19.078760147094727,500,0.0,0.0
2024-07-16 00:00:00-04:00,18.989815088616055,19.1943887981943,18.963130897433363,19.114337921142578,6000,0.0,0.0
2024-07-17 00:00:00-04:00,19.141021731530724,19.141021731530724,19.069865586288827,19.096548080444336,1900,0.0,0.0
2024-07-18 00:00:00-04:00,19.096549440651998,19.096549440651998,19.034288021192623,19.060972213745117,3700,0.0,0.0
2024-07-19 00:00:00-04:00,18.989814544822142,19.034286499023438,18.954235624264058,19.034286499023438,3400,0.0,0.0
2024-07-22 00:00:00-04:00,19.034286499023438,19.034286499023438,19.034286499023438,19.034286499023438,0,0.0,0.0
2024-07-23 00:00:00-04:00,19.052075959302478,19.052075959302478,19.034286499023438,19.034286499023438,800,0.0,0.0
2024-07-24 00:00:00-04:00,18.94533920288086,18.94533920288086,18.94533920288086,18.94533920288086,2000,0.0,0.0
2024-07-25 00:00:00-04:00,19.034284799839618,19.034284799839618,18.94533920288086,18.94533920288086,400,0.0,0.0
2024-07-26 00:00:00-04:00,19.05207633972168,19.05207633972168,19.05207633972168,19.05207633972168,300,0.0,0.0
2024-07-29 00:00:00-04:00,19.034286665419714,19.096548080444336,19.034286665419714,19.096548080444336,3200,0.0,0.0
2024-07-30 00:00:00-04:00,19.212178040229478,19.238860534612,19.203283309936523,19.203283309936523,6800,0.0,0.0
2024-07-31 00:00:00-04:00,19.203283309936523,19.203283309936523,19.203283309936523,19.203283309936523,600,0.0,0.0
2024-08-01 00:00:00-04:00,19.21217706349401,19.301122665405273,19.21217706349401,19.301122665405273,700,0.0,0.0
2024-08-02 00:00:00-04:00,19.425646645016318,19.425646645016318,19.265544891357422,19.265544891357422,1700,0.0,0.0
2024-08-05 00:00:00-04:00,19.22107293600611,19.265544891357422,18.83860801259794,19.265544891357422,4200,0.0,0.0
2024-08-06 00:00:00-04:00,19.21217853326404,19.39006805419922,19.21217853326404,19.39006805419922,1700,0.0,0.0
2024-08-07 00:00:00-04:00,19.505697854478647,19.505697854478647,19.21217853326404,19.39006805419922,1300,0.0,0.0
2024-08-08 00:00:00-04:00,19.416749954223633,19.416749954223633,19.416749954223633,19.416749954223633,100,0.0,0.0
2024-08-09 00:00:00-04:00,19.416749954223633,19.416749954223633,19.416749954223633,19.416749954223633,0,0.0,0.0
2024-08-12 00:00:00-04:00,19.212177938242213,19.50569725036621,19.212177938242213,19.50569725036621,700,0.0,0.0
2024-08-13 00:00:00-04:00,19.719166728949478,19.772533416748047,19.62132638757176,19.772533416748047,6900,0.0,0.0
2024-08-14 00:00:00-04:00,19.923739457367464,19.950423648190966,19.870372772216797,19.870372772216797,3400,0.0,0.0
2024-08-15 00:00:00-04:00,19.763634490180003,19.763634490180003,19.75473976135254,19.75473976135254,500,0.0,0.0
2024-08-16 00:00:00-04:00,19.754742924371445,20.235048178982,19.665799014847707,20.02157974243164,4600,0.0,0.0
2024-08-19 00:00:00-04:00,20.02157974243164,20.02157974243164,20.02157974243164,20.02157974243164,300,0.0,0.0
2024-08-20 00:00:00-04:00,19.86147896863275,20.252838636489034,19.86147896863275,19.92374038696289,1900,0.0,0.0
2024-08-21 00:00:00-04:00,20.20836431764163,20.20836431764163,20.190576553344727,20.190576553344727,300,0.0,0.0
2024-08-22 00:00:00-04:00,20.012684796010713,20.163891815662648,20.012684796010713,20.110525131225586,3000,0.0,0.0
2024-08-23 00:00:00-04:00,20.128313064575195,20.128313064575195,20.128313064575195,20.128313064575195,600,0.0,0.0
2024-08-26 00:00:00-04:00,20.23504872895893,20.23504872895893,20.10163116455078,20.10163116455078,2600,0.0,0.0
2024-08-27 00:00:00-04:00,20.172786402674916,20.679774142470265,20.172786402674916,20.519672393798828,16000,0.0,0.0
2024-08-28 00:00:00-04:00,20.501882979787453,20.510777709899934,20.404044341542793,20.412939071655273,2900,0.0,0.0
2024-08-29 00:00:00-04:00,20.492991486232718,20.492991486232718,20.350677490234375,20.350677490234375,3400,0.0,0.0
2024-08-30 00:00:00-04:00,20.72311752042119,20.72311752042119,20.416509023493678,20.55177879333496,1700,0.313,0.0
2024-09-03 00:00:00-04:00,20.55177559297478,20.55177559297478,20.515703201293945,20.515703201293945,2800,0.0,0.0
2024-09-04 00:00:00-04:00,20.470612626099467,21.39043617248535,20.470612626099467,21.39043617248535,1700,0.0,0.0
2024-09-05 00:00:00-04:00,20.416507944619372,20.993654230704596,20.416507944619372,20.89445686340332,1500,0.0,0.0
2024-09-06 00:00:00-04:00,20.885435991131686,20.885435991131686,20.470613819368747,20.641952514648438,2700,0.0,0.0
2024-09-09 00:00:00-04:00,20.515703201293945,20.515703201293945,20.515703201293945,20.515703201293945,600,0.0,0.0
2024-09-10 00:00:00-04:00,20.777222725427375,20.777222725427375,20.524721145629883,20.524721145629883,1500,0.0,0.0
2024-09-11 00:00:00-04:00,20.64195258114269,20.840347290039062,20.605881910450968,20.840347290039062,2800,0.0,0.0
2024-09-12 00:00:00-04:00,20.840347290039062,20.840347290039062,20.840347290039062,20.840347290039062,0,0.0,0.0
2024-09-13 00:00:00-04:00,20.65097159760909,20.732132760309245,20.65097159760909,20.696062088012695,5200,0.0,0.0
2024-09-16 00:00:00-04:00,20.705078125,21.020704672520697,20.705078125,20.705078125,600,0.0,0.0
2024-09-17 00:00:00-04:00,20.840347290039062,20.840347290039062,20.840347290039062,20.840347290039062,200,0.0,0.0
2024-09-18 00:00:00-04:00,20.750168798325745,20.795257568359375,20.750168798325745,20.795257568359375,600,0.0,0.0
2024-09-19 00:00:00-04:00,21.192045547711448,21.27320671081543,21.12892058085865,21.27320671081543,5900,0.0,0.0
2024-09-20 00:00:00-04:00,20.912490448986347,21.228116989135742,20.840347387240165,21.228116989135742,2500,0.0,0.0
2024-09-23 00:00:00-04:00,21.192045211791992,21.192045211791992,21.192045211791992,21.192045211791992,1100,0.0,0.0
2024-09-24 00:00:00-04:00,21.14695644190509,21.192045211791992,20.966597922304842,21.192045211791992,3800,0.0,0.0
2024-09-25 00:00:00-04:00,21.291243061051933,21.35436802836127,21.264188766479492,21.264188766479492,2800,0.0,0.0
2024-09-26 00:00:00-04:00,21.119902482733057,21.27320671081543,21.119902482733057,21.27320671081543,900,0.0,0.0
2024-09-27 00:00:00-04:00,21.146956902452448,21.16499137878418,21.146956902452448,21.16499137878418,800,0.0,0.0
2024-09-30 00:00:00-04:00,21.26418936648231,21.26418936648231,21.029723966984413,21.038742065429688,2200,0.0,0.0
2024-10-01 00:00:00-04:00,21.19204499927991,21.417492286506295,20.912490844726562,20.912490844726562,6000,0.0,0.0
2024-10-02 00:00:00-04:00,22.174995777891148,22.174995777891148,20.83133012402466,21.570796966552734,5700,0.0,0.0
2024-10-03 00:00:00-04:00,21.570797875245248,21.570797875245248,21.18302824148036,21.327314376831055,500,0.0,0.0
2024-10-04 00:00:00-04:00,20.89445599479914,21.498654832284647,20.89445599479914,21.426511764526367,3800,0.0,0.0
2024-10-07 00:00:00-04:00,21.083830220928576,21.345349908112855,20.840348450133643,21.074813842773438,6200,0.0,0.0
2024-10-08 00:00:00-04:00,21.273207506081146,21.327314376831055,21.273207506081146,21.327314376831055,500,0.0,0.0
2024-10-09 00:00:00-04:00,21.264188766479492,21.264188766479492,21.264188766479492,21.264188766479492,500,0.0,0.0
2024-10-10 00:00:00-04:00,21.264188766479492,21.264188766479492,21.264188766479492,21.264188766479492,0,0.0,0.0
2024-10-11 00:00:00-04:00,21.318296432495117,21.318296432495117,21.318296432495117,21.318296432495117,200,0.0,0.0
2024-10-14 00:00:00-04:00,21.264188766479492,21.264188766479492,21.264188766479492,21.264188766479492,100,0.0,0.0
2024-10-15 00:00:00-04:00,21.11088423205595,21.282224655151367,21.10186613399553,21.282224655151367,2000,0.0,0.0
2024-10-16 00:00:00-04:00,21.3092783339672,21.462582568888966,21.3092783339672,21.318296432495117,2600,0.0,0.0
2024-10-17 00:00:00-04:00,21.55276107788086,21.55276107788086,21.55276107788086,21.55276107788086,400,0.0,0.0
2024-10-18 00:00:00-04:00,21.53472630335711,21.53472630335711,21.480619430541992,21.480619430541992,700,0.0,0.0
2024-10-21 00:00:00-04:00,21.19204524156517,21.291242599487305,21.19204524156517,21.291242599487305,400,0.0,0.0
2024-10-22 00:00:00-04:00,21.561779022216797,21.561779022216797,21.561779022216797,21.561779022216797,100,0.0,0.0
2024-10-23 00:00:00-04:00,21.19204583384773,21.19204583384773,21.0657958984375,21.0657958984375,1800,0.0,0.0
2024-10-24 00:00:00-04:00,21.12891987898214,21.12891987898214,20.894454495584434,20.9215087890625,1600,0.0,0.0
2024-10-25 00:00:00-04:00,21.047762393003627,21.309280395507812,21.047762393003627,21.309280395507812,1200,0.0,0.0
2024-10-28 00:00:00-04:00,21.309280395507812,21.309280395507812,21.309280395507812,21.309280395507812,0,0.0,0.0
2024-10-29 00:00:00-04:00,21.309280395507812,21.309280395507812,21.309280395507812,21.309280395507812,0,0.0,0.0
2024-10-30 00:00:00-04:00,21.15597549437471,21.15597549437471,20.957582473754883,20.957582473754883,1000,0.0,0.0
2024-10-31 00:00:00-04:00,21.03874364583266,21.03874364583266,20.885439400799807,20.957582473754883,1200,0.0,0.0
2024-11-01 00:00:00-04:00,20.930526733398438,20.930526733398438,20.930526733398438,20.930526733398438,1100,0.0,0.0
2024-11-04 00:00:00-05:00,21.101867367278164,21.300262096149883,20.96659932851881,21.119903564453125,3500,0.0,0.0
2024-11-05 00:00:00-05:00,21.10186767578125,21.10186767578125,21.10186767578125,21.10186767578125,300,0.0,0.0
2024-11-06 00:00:00-05:00,20.641953675365787,20.876419067382812,20.641953675365787,20.876419067382812,600,0.0,0.0
2024-11-07 00:00:00-05:00,20.876419067382812,20.876419067382812,20.876419067382812,20.876419067382812,0,0.0,0.0
2024-11-08 00:00:00-05:00,21.06579633579213,21.14695750167697,20.822312838137606,20.939544677734375,1100,0.0,0.0
2024-11-11 00:00:00-05:00,20.741151809692383,20.741151809692383,20.741151809692383,20.741151809692383,300,0.0,0.0
2024-11-12 00:00:00-05:00,20.741150272294412,21.002669949166393,20.236148834228516,20.236148834228516,3500,0.0,0.0
2024-11-13 00:00:00-05:00,20.236148834228516,20.236148834228516,20.236148834228516,20.236148834228516,0,0.0,0.0
2024-11-14 00:00:00-05:00,20.51570374121291,20.966598328931877,20.51570374121291,20.876419067382812,3400,0.0,0.0
2024-11-15 00:00:00-05:00,20.87641829993239,20.9215087890625,20.83132953082857,20.9215087890625,1500,0.0,0.0
2024-11-18 00:00:00-05:00,20.696062729867826,21.074814260872806,20.696062729867826,20.759187698364258,1000,0.0,0.0
2024-11-19 00:00:00-05:00,20.7952573567152,20.7952573567152,20.515703201293945,20.515703201293945,6600,0.0,0.0
2024-11-20 00:00:00-05:00,20.497667287769765,20.497667287769765,20.308292388916016,20.308292388916016,1200,0.0,0.0
2024-11-21 00:00:00-05:00,20.308293553129378,20.732133865356445,20.308293553129378,20.732133865356445,2800,0.0,0.0
2024-11-22 00:00:00-05:00,20.732133865356445,20.732133865356445,20.732133865356445,20.732133865356445,0,0.0,0.0
2024-11-25 00:00:00-05:00,20.669007271220938,20.669007271220938,20.524721145629883,20.524721145629883,1800,0.0,0.0
2024-11-26 00:00:00-05:00,20.416506796916707,20.723115260406207,20.416506796916707,20.47061538696289,1300,0.0,0.0
2024-11-27 00:00:00-05:00,20.786239624023438,20.786239624023438,20.786239624023438,20.786239624023438,300,0.0,0.0
2024-11-29 00:00:00-05:00,20.642709732055664,20.642709732055664,20.642709732055664,20.642709732055664,300,0.313,0.0
2024-12-02 00:00:00-05:00,20.788981658555517,20.788981658555517,20.350164517829775,20.551288604736328,500,0.0,0.0
2024-12-03 00:00:00-05:00,20.185608270277534,20.871260727479495,20.185608270277534,20.587858200073242,2800,0.0,0.0
2024-12-04 00:00:00-05:00,20.231319427490234,20.231319427490234,20.231319427490234,20.231319427490234,200,0.0,0.0
2024-12-05 00:00:00-05:00,20.423301376746874,20.432443618774414,20.423301376746874,20.432443618774414,600,0.0,0.0
2024-12-06 00:00:00-05:00,20.44158801349539,20.670138857139285,20.149043212623933,20.222179412841797,7600,0.0,0.0
2024-12-09 00:00:00-05:00,20.295313475770097,20.432443618774414,20.295313475770097,20.432443618774414,300,0.0,0.0
2024-12-10 00:00:00-05:00,20.295312881469727,20.295312881469727,20.295312881469727,20.295312881469727,100,0.0,0.0
2024-12-11 00:00:00-05:00,20.295312881469727,20.295312881469727,20.295312881469727,20.295312881469727,100,0.0,0.0
2024-12-12 00:00:00-05:00,20.17646795577002,20.267888640871426,20.021053314208984,20.021053314208984,2400,0.0,0.0
2024-12-13 00:00:00-05:00,19.93877487198817,20.432445525313057,19.88392315840914,20.021053314208984,3900,0.0,0.0
2024-12-16 00:00:00-05:00,19.920490264892578,19.920490264892578,19.920490264892578,19.920490264892578,200,0.0,0.0
2024-12-17 00:00:00-05:00,19.637087632223576,19.92963242661205,19.637087632223576,19.7193660736084,7000,0.0,0.0
2024-12-18 00:00:00-05:00,19.701079228779307,19.902205058614445,19.62794303894043,19.62794303894043,4400,0.0,0.0
2024-12-19 00:00:00-05:00,19.62794303894043,19.62794303894043,19.62794303894043,19.62794303894043,0,0.0,0.0
2024-12-20 00:00:00-05:00,19.353685499209494,19.47253117061104,19.024571726552043,19.454248428344727,3300,0.0,0.0
2024-12-23 00:00:00-05:00,19.344541184275094,19.509098052978516,19.30797395995454,19.509098052978516,2400,0.0,0.0
2024-12-24 00:00:00-05:00,19.49081456730468,19.49081456730468,19.38111114501953,19.38111114501953,1500,0.0,0.0
2024-12-26 00:00:00-05:00,19.381111396494514,19.381111396494514,18.896583001285585,19.115991592407227,4700,0.0,0.0
2024-12-27 00:00:00-05:00,19.04285527069064,19.04285527069064,18.978861316662197,19.01542854309082,1500,0.0,0.0
2024-12-30 00:00:00-05:00,19.115992555577314,19.179986513249105,19.088565826416016,19.088565826416016,1300,0.0,0.0
2024-12-31 00:00:00-05:00,19.24398008684061,19.253122329711914,19.24398008684061,19.253122329711914,500,0.0,0.0
2025-01-02 00:00:00-05:00,19.25312177353086,19.472530364990234,19.25312177353086,19.472530364990234,1000,0.0,0.0
2025-01-03 00:00:00-05:00,19.472530364990234,19.472530364990234,19.472530364990234,19.472530364990234,0,0.0,0.0
2025-01-06 00:00:00-05:00,19.472530364990234,19.472530364990234,19.472530364990234,19.472530364990234,0,0.0,0.0
2025-01-07 00:00:00-05:00,19.070280075073242,19.070280075073242,19.070280075073242,19.070280075073242,1300,0.0,0.0
2025-01-08 00:00:00-05:00,19.0611375504965,19.179983202270375,18.924007415771484,18.924007415771484,3200,0.0,0.0
2025-01-10 00:00:00-05:00,18.786875228887073,18.8782958984375,18.75945024861491,18.8782958984375,5300,0.0,0.0
2025-01-13 00:00:00-05:00,18.87829707735802,18.87829707735802,18.64060401916504,18.64060401916504,3100,0.0,0.0
2025-01-14 00:00:00-05:00,18.72288244046323,18.72288244046323,18.604036783295495,18.695457458496094,1700,0.0,0.0
2025-01-15 00:00:00-05:00,19.015429606825894,19.408537339224985,19.015429606825894,19.14341926574707,3500,0.0,0.0
2025-01-16 00:00:00-05:00,19.317115783691406,19.317115783691406,19.317115783691406,19.317115783691406,100,0.0,0.0
2025-01-17 00:00:00-05:00,19.353683426281325,19.737648872021182,19.317114458256402,19.509098052978516,2400,0.0,0.0
2025-01-21 00:00:00-05:00,19.509098196301277,19.554807662963867,19.509098196301277,19.554807662963867,600,0.0,0.0
2025-01-22 00:00:00-05:00,19.55480916823168,20.03019533041562,19.36282730102539,19.36282730102539,400,0.0,0.0
2025-01-23 00:00:00-05:00,19.317115783691406,19.317115783691406,19.317115783691406,19.317115783691406,100,0.0,0.0
2025-01-24 00:00:00-05:00,19.326256341307495,19.682796798110843,19.326256341307495,19.673654556274414,7100,0.0,0.0
2025-01-27 00:00:00-05:00,19.46338947810652,19.810785971732777,19.46338947810652,19.691940307617188,5300,0.0,0.0
2025-01-28 00:00:00-05:00,19.563949584960938,19.563949584960938,19.563949584960938,19.563949584960938,700,0.0,0.0
2025-01-29 00:00:00-05:00,19.673658120141223,19.728509837391798,19.399396046479044,19.527385711669922,6900,0.0,0.0
2025-01-30 00:00:00-05:00,19.39939303512493,19.563949905037262,19.39939303512493,19.554807662963867,2400,0.0,0.0
2025-01-31 00:00:00-05:00,19.582235919201867,19.7193660736084,19.435963522007633,19.7193660736084,4100,0.0,0.0
2025-02-03 00:00:00-05:00,19.49995868103957,19.49995868103957,19.481674194335938,19.481674194335938,1000,0.0,0.0
2025-02-04 00:00:00-05:00,19.371966786642286,19.62794257315166,19.344540062214453,19.59137535095215,4500,0.0,0.0
2025-02-05 00:00:00-05:00,19.600519449534048,19.74679183959961,19.42682033244203,19.74679183959961,2800,0.0,0.0
2025-02-06 00:00:00-05:00,19.847352981567383,19.847352981567383,19.563950444297983,19.847352981567383,2200,0.0,0.0
2025-02-07 00:00:00-05:00,19.39939504615126,19.655372619628906,19.39939504615126,19.655372619628906,200,0.0,0.0
2025-02-10 00:00:00-05:00,19.536525291903537,19.536525291903537,19.39025115966797,19.39025115966797,600,0.0,0.0
2025-02-11 00:00:00-05:00,19.417679475002057,19.454248446978823,19.390252746019478,19.399394989013672,3500,0.0,0.0
2025-02-12 00:00:00-05:00,19.317114600168765,19.554807662963867,18.83258797620955,19.554807662963867,2000,0.0,0.0
2025-02-13 00:00:00-05:00,19.509097094298784,19.536523818969727,19.37196695835265,19.536523818969727,2900,0.0,0.0
2025-02-14 00:00:00-05:00,19.563950921579618,19.838212966918945,19.563950921579618,19.838212966918945,1200,0.0,0.0
2025-02-18 00:00:00-05:00,19.490815914076492,19.664515045685405,19.490815914076492,19.600521087646484,1400,0.0,0.0
2025-02-19 00:00:00-05:00,19.42681863653695,19.664511685569682,19.42681863653695,19.6370849609375,2300,0.0,0.0
2025-02-20 00:00:00-05:00,19.627943621733554,19.819927215576172,19.627943621733554,19.819927215576172,2200,0.0,0.0
2025-02-21 00:00:00-05:00,19.499955142648474,19.62794303894043,19.499955142648474,19.62794303894043,1100,0.0,0.0
2025-02-24 00:00:00-05:00,19.527385711669922,19.527385711669922,19.527385711669922,19.527385711669922,800,0.0,0.0
2025-02-25 00:00:00-05:00,19.609663905124535,19.746794068325165,19.609663905124535,19.737651824951172,6100,0.0,0.0
2025-02-26 00:00:00-05:00,19.682799348692264,19.682799348692264,19.600520905206753,19.655372619628906,3300,0.0,0.0
2025-02-27 00:00:00-05:00,19.655372619628906,19.655372619628906,19.655372619628906,19.655372619628906,0,0.0,0.0
2025-02-28 00:00:00-05:00,19.52827501042536,19.880805444219614,19.52827501042536,19.66743278503418,1400,0.313,0.0
2025-03-03 00:00:00-05:00,19.667432957301784,19.85297370929769,19.667432957301784,19.769479751586914,1300,0.0,0.0
2025-03-04 00:00:00-05:00,19.834416522811445,19.843693824623962,19.481887901257778,19.500442504882812,5300,0.0,0.0
2025-03-05 00:00:00-05:00,19.509721971112423,19.667432580492903,19.509721971112423,19.62104606628418,1300,0.0,0.0
2025-03-06 00:00:00-05:00,19.565384222178274,19.66743278503418,19.565384222178274,19.66743278503418,6100,0.0,0.0
2025-03-07 00:00:00-05:00,19.667432580492903,19.667432580492903,19.500444668270678,19.62104606628418,3300,0.0,0.0
2025-03-10 00:00:00-04:00,19.621043635610885,19.621043635610885,19.36128626607938,19.444778442382812,8300,0.0,0.0
2025-03-11 00:00:00-04:00,19.389116652597007,19.500442504882812,19.389116652597007,19.500442504882812,600,0.0,0.0
2025-03-12 00:00:00-04:00,19.509721632774017,19.509721632774017,19.481889724731445,19.481889724731445,700,0.0,0.0
2025-03-13 00:00:00-04:00,19.481889724731445,19.481889724731445,19.481889724731445,19.481889724731445,0,0.0,0.0
2025-03-14 00:00:00-04:00,19.59321403503418,19.59321403503418,19.59321403503418,19.59321403503418,100,0.0,0.0
2025-03-17 00:00:00-04:00,19.565383911132812,19.565383911132812,19.565383911132812,19.565383911132812,300,0.0,0.0
2025-03-18 00:00:00-04:00,19.66743285105331,19.74164950534366,19.66743285105331,19.713817596435547,500,0.0,0.0
2025-03-19 00:00:00-04:00,19.602491730267715,19.713817596435547,19.59321619676296,19.713817596435547,1900,0.0,0.0
2025-03-20 00:00:00-04:00,19.676706003207723,19.676706003207723,19.500442576515603,19.54682731628418,900,0.0,0.0
2025-03-21 00:00:00-04:00,19.54682731628418,19.54682731628418,19.54682731628418,19.54682731628418,0,0.0,0.0
2025-03-24 00:00:00-04:00,19.65815544128418,19.65815544128418,19.65815544128418,19.65815544128418,500,0.0,0.0
2025-03-25 00:00:00-04:00,19.750928393870407,19.806590446690432,19.565385858517313,19.574663162231445,1300,0.0,0.0
2025-03-26 00:00:00-04:00,19.33345633917667,19.463335037231445,19.203577641121893,19.463335037231445,2000,0.0,0.0
2025-03-27 00:00:00-04:00,19.68598488191331,19.713816789682447,19.407672882080078,19.407672882080078,900,0.0,0.0
2025-03-28 00:00:00-04:00,19.389117891522776,19.630322445667517,19.259239196777344,19.259239196777344,2000,0.0,0.0
2025-03-31 00:00:00-04:00,19.13863599386714,19.40767245465,19.13863599386714,19.249961853027344,1200,0.0,0.0
2025-04-01 00:00:00-04:00,19.29634666442871,19.29634666442871,19.29634666442871,19.29634666442871,100,0.0,0.0
2025-04-02 00:00:00-04:00,19.110808453857242,19.611770464511338,19.110808453857242,19.509723663330078,6000,0.0,0.0
2025-04-03 00:00:00-04:00,19.40767089050684,19.602488916505386,19.389116287231445,19.389116287231445,2300,0.0,0.0
2025-04-04 00:00:00-04:00,19.379842717853073,19.500445892905084,19.37056541442871,19.37056541442871,1400,0.0,0.0
2025-04-07 00:00:00-04:00,19.23140896754866,19.23140896754866,19.17574691772461,19.17574691772461,400,0.0,0.0
2025-04-08 00:00:00-04:00,19.082975493372125,19.379842115871572,19.082975493372125,19.13863754272461,1000,0.0,0.0
2025-04-09 00:00:00-04:00,18.971649940778214,19.630322487788533,18.609842224052517,19.268516540527344,5600,0.0,0.0
2025-04-10 00:00:00-04:00,18.572734832763672,18.572734832763672,18.572734832763672,18.572734832763672,1000,0.0,0.0
2025-04-11 00:00:00-04:00,18.786109924316406,18.786109924316406,18.786109924316406,18.786109924316406,700,0.0,0.0
2025-04-14 00:00:00-04:00,18.990201164132294,19.389116287231445,18.990201164132294,19.389116287231445,2100,0.0,0.0
2025-04-15 00:00:00-04:00,19.389116287231445,19.389116287231445,19.389116287231445,19.389116287231445,0,0.0,0.0
2025-04-16 00:00:00-04:00,19.314903259277344,19.314903259277344,19.314903259277344,19.314903259277344,400,0.0,0.0
2025-04-17 00:00:00-04:00,19.21285450677063,19.240686416625977,19.21285450677063,19.240686416625977,2800,0.0,0.0
2025-04-21 00:00:00-04:00,19.59321403503418,19.59321403503418,19.59321403503418,19.59321403503418,200,0.0,0.0
2025-04-22 00:00:00-04:00,19.57465992042799,19.59321452478338,18.888155484458704,19.09225082397461,2000,0.0,0.0
2025-04-23 00:00:00-04:00,19.296348320587494,19.537552895777917,19.17574691772461,19.17574691772461,2100,0.0,0.0
2025-04-24 00:00:00-04:00,19.09225082397461,19.09225082397461,19.09225082397461,19.09225082397461,500,0.0,0.0
2025-04-25 00:00:00-04:00,19.379842280055897,19.379842280055897,19.17574691772461,19.17574691772461,600,0.0,0.0
2025-04-28 00:00:00-04:00,19.17574691772461,19.17574691772461,19.17574691772461,19.17574691772461,0,0.0,0.0
2025-04-29 00:00:00-04:00,18.888157491875223,19.120084762573242,18.70261496753095,19.120084762573242,3000,0.0,0.0
2025-04-30 00:00:00-04:00,19.07369887881709,19.361289978027344,19.07369887881709,19.361289978027344,1100,0.0,0.0
2025-05-01 00:00:00-04:00,18.943818409539002,19.416950225830078,18.943818409539002,19.416950225830078,1400,0.0,0.0
2025-05-02 00:00:00-04:00,19.203577041625977,19.203577041625977,19.203577041625977,19.203577041625977,200,0.0,0.0
2025-05-05 00:00:00-04:00,19.157190322875977,19.157190322875977,19.157190322875977,19.157190322875977,100,0.0,0.0
2025-05-06 00:00:00-04:00,19.194300209309908,19.194300209309908,18.693336486816406,18.693336486816406,700,0.0,0.0
2025-05-07 00:00:00-04:00,18.79538431391853,19.268516110252648,18.79538431391853,19.11080551147461,2400,0.0,0.0
2025-05-08 00:00:00-04:00,19.11080551147461,19.11080551147461,19.11080551147461,19.11080551147461,0,0.0,0.0
2025-05-09 00:00:00-04:00,19.11080551147461,19.11080551147461,19.11080551147461,19.11080551147461,0,0.0,0.0
2025-05-12 00:00:00-04:00,19.129361332661862,19.129361332661862,18.86032485961914,18.86032485961914,800,0.0,0.0
2025-05-13 00:00:00-04:00,19.29634504031884,19.444778327593266,19.203575562870594,19.389116287231445,2200,0.0,0.0
2025-05-14 00:00:00-04:00,18.953096389770508,18.962373692711576,18.953096389770508,18.953096389770508,800,0.0,0.0
2025-05-15 00:00:00-04:00,19.398395538330078,19.398395538330078,19.398395538330078,19.398395538330078,500,0.0,0.0
2025-05-16 00:00:00-04:00,19.398395538330078,19.398395538330078,19.398395538330078,19.398395538330078,0,0.0,0.0
2025-05-19 00:00:00-04:00,19.120084534182993,19.120084534182993,18.79538600519138,19.036590576171875,1600,0.0,0.0
2025-05-20 00:00:00-04:00,19.036590576171875,19.036590576171875,19.036590576171875,19.036590576171875,0,0.0,0.0
2025-05-21 00:00:00-04:00,19.120084762573242,19.120084762573242,19.120084762573242,19.120084762573242,1100,0.0,0.0
2025-05-22 00:00:00-04:00,19.231407165527344,19.231407165527344,19.231407165527344,19.231407165527344,100,0.0,0.0
2025-05-23 00:00:00-04:00,18.767553329467773,18.767553329467773,18.767553329467773,18.767553329467773,500,0.0,0.0
2025-05-27 00:00:00-04:00,18.80466268959077,19.01803534439295,18.795385386843122,18.83249282836914,1500,0.0,0.0
2025-05-28 00:00:00-04:00,18.86032485961914,18.86032485961914,18.86032485961914,18.86032485961914,300,0.0,0.0
2025-05-29 00:00:00-04:00,19.185022354125977,19.185022354125977,19.185022354125977,19.185022354125977,200,0.0,0.0
2025-05-30 00:00:00-04:00,19.140751756639414,19.140751756639414,19.121912002563477,19.121912002563477,300,0.313,0.0
2025-06-02 00:00:00-04:00,19.121912002563477,19.121912002563477,19.121912002563477,19.121912002563477,200,0.0,0.0
2025-06-03 00:00:00-04:00,19.121909167393586,19.121909167393586,19.103071212768555,19.103071212768555,1100,0.0,0.0
2025-06-04 00:00:00-04:00,19.1124930518405,19.140750885009766,19.1124930518405,19.140750885009766,2900,0.0,0.0
2025-06-05 00:00:00-04:00,19.0088763701385,19.178430557250977,19.0088763701385,19.178430557250977,2700,0.0,0.0
2025-06-06 00:00:00-04:00,19.046554291627626,19.046554291627626,18.792224804794046,18.93351936340332,7300,0.0,0.0
2025-06-09 00:00:00-04:00,18.942937907972368,19.027714996507257,18.895838527309838,18.980615615844727,1800,0.0,0.0
2025-06-10 00:00:00-04:00,18.914680343329177,19.01829719543457,18.914680343329177,19.01829719543457,700,0.0,0.0
2025-06-11 00:00:00-04:00,19.01829586203444,19.084233200875687,19.01829586203444,19.065393447875977,1800,0.0,0.0
2025-06-12 00:00:00-04:00,19.065393447875977,19.065393447875977,19.065393447875977,19.065393447875977,500,0.0,0.0
2025-06-13 00:00:00-04:00,18.999454498291016,18.999454498291016,18.999454498291016,18.999454498291016,100,0.0,0.0
2025-06-16 00:00:00-04:00,18.99945583100193,18.99945583100193,18.707446850410562,18.95235824584961,3300,0.0,0.0
2025-06-17 00:00:00-04:00,18.942940490240478,19.02771759033203,18.886421225740836,19.02771759033203,3800,0.0,0.0
2025-06-18 00:00:00-04:00,18.877001437632384,18.961776733398438,18.80164242511545,18.961776733398438,700,0.0,0.0
2025-06-20 00:00:00-04:00,18.9711971282959,18.9711971282959,18.9711971282959,18.9711971282959,100,0.0,0.0
2025-06-23 00:00:00-04:00,19.159589767456055,19.159589767456055,19.159589767456055,19.159589767456055,400,0.0,0.0
2025-06-24 00:00:00-04:00,19.15958866702821,19.28204345703125,19.15958866702821,19.28204345703125,800,0.0,0.0
2025-06-25 00:00:00-04:00,19.263206481933594,19.263206481933594,19.263206481933594,19.263206481933594,100,0.0,0.0
2025-06-26 00:00:00-04:00,18.839322878055775,19.121912002563477,18.839322878055775,19.121912002563477,300,0.0,0.0
2025-06-27 00:00:00-04:00,19.121912219197625,19.282046537341593,19.121912219197625,19.197269439697266,1200,0.0,0.0
2025-06-30 00:00:00-04:00,19.197269439697266,19.197269439697266,19.197269439697266,19.197269439697266,0,0.0,0.0
2025-07-01 00:00:00-04:00,19.300884765323868,19.310304641723633,19.272625136124567,19.310304641723633,2000,0.0,0.0
2025-07-02 00:00:00-04:00,19.07481575012207,19.07481575012207,19.07481575012207,19.07481575012207,400,0.0,0.0
2025-07-03 00:00:00-04:00,19.093654248441116,19.300886154174805,19.093654248441116,19.300886154174805,1300,0.0,0.0
2025-07-07 00:00:00-04:00,19.46101951599121,19.46101951599121,19.46101951599121,19.46101951599121,1100,0.0,0.0
2025-07-08 00:00:00-04:00,19.319725988121245,19.479860305786133,19.319725988121245,19.479860305786133,700,0.0,0.0
2025-07-09 00:00:00-04:00,19.479860574172783,19.5928955078125,19.479860574172783,19.5928955078125,1200,0.0,0.0
2025-07-10 00:00:00-04:00,19.583474944882845,19.583474944882845,19.498697857070205,19.545795440673828,1200,0.0,0.0
2025-07-11 00:00:00-04:00,19.630572921326543,19.668250629631906,19.602313292604258,19.658832550048828,1200,0.0,0.0
2025-07-14 00:00:00-04:00,19.583477157409842,19.583477157409842,19.479860305786133,19.479860305786133,1500,0.0,0.0
2025-07-15 00:00:00-04:00,19.357402465387388,19.705930709838867,19.357402465387388,19.705930709838867,1500,0.0,0.0
2025-07-16 00:00:00-04:00,19.555217006024876,19.696511565699286,19.470439910888672,19.470439910888672,1000,0.0,0.0
2025-07-17 00:00:00-04:00,19.470439910888672,19.470439910888672,19.470439910888672,19.470439910888672,100,0.0,0.0
2025-07-18 00:00:00-04:00,19.470439910888672,19.470439910888672,19.470439910888672,19.470439910888672,0,0.0,0.0
2025-07-21 00:00:00-04:00,19.6965111308931,19.771868347499773,19.63999366760254,19.63999366760254,4300,0.0,0.0
2025-07-22 00:00:00-04:00,19.225528346026497,19.753028869628906,19.16901088194783,19.753028869628906,1500,0.0,0.0
2025-07-23 00:00:00-04:00,19.32914390346423,19.621152877807617,19.32914390346423,19.621152877807617,1400,0.0,0.0
2025-07-24 00:00:00-04:00,19.621152877807617,19.621152877807617,19.621152877807617,19.621152877807617,0,0.0,0.0
2025-07-25 00:00:00-04:00,19.555213928222656,19.555213928222656,19.555213928222656,19.555213928222656,300,0.0,0.0
2025-07-28 00:00:00-04:00,19.385660748648668,19.432758331298828,19.357401121064008,19.432758331298828,1600,0.0,0.0
2025-07-29 00:00:00-04:00,19.432758331298828,19.432758331298828,19.432758331298828,19.432758331298828,0,0.0,0.0
2025-07-30 00:00:00-04:00,19.395082473754883,19.395082473754883,19.395082473754883,19.395082473754883,300,0.0,0.0
2025-07-31 00:00:00-04:00,19.470437360679302,19.75302644301501,19.470437360679302,19.743606567382812,5500,0.0,0.0
2025-08-01 00:00:00-04:00,19.743608494981167,19.743608494981167,19.56463623046875,19.56463623046875,900,0.0,0.0
2025-08-04 00:00:00-04:00,19.771867695915397,19.781287572263018,19.44217921037947,19.734189987182617,1400,0.0,0.0
2025-08-05 00:00:00-04:00,19.734189987182617,19.734189987182617,19.734189987182617,19.734189987182617,0,0.0,0.0
2025-08-06 00:00:00-04:00,19.696510503196293,20.063876697864213,19.696510503196293,20.054458618164062,4600,0.0,0.0
2025-08-07 00:00:00-04:00,20.24285125732422,20.24285125732422,20.24285125732422,20.24285125732422,100,0.0,0.0
2025-08-08 00:00:00-04:00,20.24285125732422,20.24285125732422,20.24285125732422,20.24285125732422,0,0.0,0.0
2025-08-11 00:00:00-04:00,20.402985191836464,20.478342406528117,19.875484688994867,19.950841903686523,2400,0.0,0.0
2025-08-12 00:00:00-04:00,20.252269744873047,20.252269744873047,20.252269744873047,20.252269744873047,1800,0.0,0.0
2025-08-13 00:00:00-04:00,20.28995012052764,20.308788076570224,20.233430862426758,20.233430862426758,1700,0.0,0.0
2025-08-14 00:00:00-04:00,20.71383285522461,20.71383285522461,20.71383285522461,20.71383285522461,1600,0.0,0.0
2025-08-15 00:00:00-04:00,20.713833725432313,20.713833725432313,20.101556137439147,20.69499397277832,3400,0.0,0.0
2025-08-18 00:00:00-04:00,20.69499397277832,20.69499397277832,20.69499397277832,20.69499397277832,600,0.0,0.0
2025-08-19 00:00:00-04:00,20.704413182205816,20.704413182205816,20.11097536598157,20.289949417114258,6100,0.0,0.0
2025-08-20 00:00:00-04:00,20.280529022216797,20.280529022216797,20.280529022216797,20.280529022216797,400,0.0,0.0
2025-08-21 00:00:00-04:00,20.252270320255796,20.299367904663086,20.252270320255796,20.299367904663086,2800,0.0,0.0
2025-08-22 00:00:00-04:00,20.21459197998047,20.21459197998047,20.21459197998047,20.21459197998047,200,0.0,0.0
2025-08-25 00:00:00-04:00,20.252269744873047,20.252269744873047,20.252269744873047,20.252269744873047,700,0.0,0.0
2025-08-26 00:00:00-04:00,20.242851993606624,20.431245938972456,20.242851993606624,20.32762908935547,2600,0.0,0.0
2025-08-27 00:00:00-04:00,20.393565167063837,20.393565167063837,20.233430862426758,20.233430862426758,400,0.0,0.0
2025-08-28 00:00:00-04:00,20.393565911351725,20.393565911351725,20.214591847482478,20.318208694458008,3100,0.0,0.0
2025-08-29 00:00:00-04:00,20.61738395690918,20.61738395690918,20.61738395690918,20.61738395690918,0,0.313,0.0
2025-09-02 00:00:00-04:00,20.684292937888138,20.684292937888138,20.58871078491211,20.58871078491211,400,0.0,0.0
2025-09-03 00:00:00-04:00,20.120349106985575,20.340192794799805,19.94830014098827,20.340192794799805,2100,0.0,0.0
2025-09-04 00:00:00-04:00,20.540918350219727,20.540918350219727,20.540918350219727,20.540918350219727,300,0.0,0.0
2025-09-05 00:00:00-04:00,20.646060422676058,21.018835923661513,20.646060422676058,21.00927734375,1700,0.0,0.0
2025-09-08 00:00:00-04:00,21.00927734375,21.00927734375,21.00927734375,21.00927734375,0,0.0,0.0
2025-09-09 00:00:00-04:00,21.00927734375,21.00927734375,21.00927734375,21.00927734375,0,0.0,0.0
2025-09-10 00:00:00-04:00,20.789435137968116,20.789435137968116,20.397542483515203,20.65561866760254,1300,0.0,0.0
2025-09-11 00:00:00-04:00,20.74164390563965,20.74164390563965,20.74164390563965,20.74164390563965,300,0.0,0.0
2025-09-12 00:00:00-04:00,20.74164390563965,20.74164390563965,20.74164390563965,20.74164390563965,0,0.0,0.0
2025-09-15 00:00:00-04:00,20.88502019235813,20.98060417175293,20.818111953715604,20.98060417175293,4500,0.0,0.0
2025-09-16 00:00:00-04:00,20.885019656603898,21.02839471046177,20.818111419677734,20.818111419677734,4300,0.0,0.0
2025-09-17 00:00:00-04:00,21.028395575511993,21.028395575511993,20.80855369567871,20.80855369567871,2800,0.0,0.0
2025-09-18 00:00:00-04:00,20.779877632712576,20.98060417175293,20.779877632712576,20.98060417175293,2900,0.0,0.0
2025-09-19 00:00:00-04:00,20.961485062165554,20.961485062165554,20.875459671020508,20.875459671020508,1000,0.0,0.0
2025-09-22 00:00:00-04:00,20.875459671020508,20.875459671020508,20.875459671020508,20.875459671020508,0,0.0,0.0
2025-09-23 00:00:00-04:00,20.71296835590827,20.971044540405273,20.71296835590827,20.971044540405273,700,0.0,0.0
2025-09-24 00:00:00-04:00,20.932811737060547,20.932811737060547,20.932811737060547,20.932811737060547,100,0.0,0.0
2025-09-25 00:00:00-04:00,20.827669143676758,20.827669143676758,20.827669143676758,20.827669143676758,600,0.0,0.0
2025-09-26 00:00:00-04:00,20.74164390563965,20.74164390563965,20.74164390563965,20.74164390563965,300,0.0,0.0
2025-09-29 00:00:00-04:00,20.846784635941628,20.846784635941628,20.646059931909306,20.74164390563965,3700,0.0,0.0
2025-09-30 00:00:00-04:00,20.646060048488813,20.818110837552393,20.502684998640053,20.55047607421875,4200,0.0,0.0
2025-10-01 00:00:00-04:00,20.789434079074258,20.789434079074258,20.63650045698525,20.646059036254883,2300,0.0,0.0
2025-10-02 00:00:00-04:00,20.923251947659093,21.00927734375,20.760759735388795,21.00927734375,2900,0.0,0.0
2025-10-03 00:00:00-04:00,20.913692474365234,20.913692474365234,20.913692474365234,20.913692474365234,1200,0.0,0.0
2025-10-06 00:00:00-04:00,20.932809591047327,20.932809591047327,20.588709845191257,20.5982666015625,1500,0.0,0.0
2025-10-07 00:00:00-04:00,20.798992156982422,20.798992156982422,20.798992156982422,20.798992156982422,500,0.0,0.0
2025-10-08 00:00:00-04:00,20.751200269036207,20.913692474365234,20.751200269036207,20.913692474365234,1800,0.0,0.0
2025-10-09 00:00:00-04:00,20.626942381719953,20.913692474365234,20.626942381719953,20.913692474365234,5200,0.0,0.0
2025-10-10 00:00:00-04:00,20.923252142205126,21.02839469909668,20.741644591535906,21.02839469909668,6300,0.0,0.0
2025-10-13 00:00:00-04:00,20.932810527570606,21.00927734375,20.932810527570606,21.00927734375,400,0.0,0.0
2025-10-14 00:00:00-04:00,20.865902803168456,20.865902803168456,20.85634422302246,20.85634422302246,400,0.0,0.0
2025-10-15 00:00:00-04:00,20.85634235995664,20.961484909057617,20.85634235995664,20.961484909057617,200,0.0,0.0
2025-10-16 00:00:00-04:00,20.961484909057617,20.961484909057617,20.961484909057617,20.961484909057617,0,0.0,0.0
2025-10-17 00:00:00-04:00,20.85634422302246,20.85634422302246,20.85634422302246,20.85634422302246,100,0.0,0.0
2025-10-20 00:00:00-04:00,20.85634422302246,20.85634422302246,20.85634422302246,20.85634422302246,0,0.0,0.0
2025-10-21 00:00:00-04:00,20.865901246566647,20.999717712402344,20.865901246566647,20.999717712402344,500,0.0,0.0
2025-10-22 00:00:00-04:00,20.980602614240563,21.123977661132812,20.980602614240563,21.123977661132812,3800,0.0,0.0
2025-10-23 00:00:00-04:00,21.34381866455078,21.34381866455078,21.34381866455078,21.34381866455078,600,0.0,0.0
2025-10-24 00:00:00-04:00,21.678363800048828,21.80262169523749,21.582779822073764,21.678363800048828,2800,0.0,0.0
2025-10-27 00:00:00-04:00,21.506311767737152,21.515870347296328,21.439403533935547,21.439403533935547,3400,0.0,0.0
2025-10-28 00:00:00-04:00,21.439403533935547,21.439403533935547,21.439403533935547,21.439403533935547,0,0.0,0.0
2025-10-29 00:00:00-04:00,21.439403533935547,21.439403533935547,21.439403533935547,21.439403533935547,0,0.0,0.0
2025-10-30 00:00:00-04:00,21.458519745090868,21.468076501115224,21.238676071166992,21.238676071166992,2000,0.0,0.0
2025-10-31 00:00:00-04:00,21.219560079419466,21.267351150512695,21.21000150057832,21.267351150512695,2000,0.0,0.0
2025-11-03 00:00:00-05:00,21.257793931601856,21.458520453882056,21.104860306584857,21.315143585205078,3400,0.0,0.0
2025-11-04 00:00:00-05:00,20.980602614240563,21.448962073081983,20.980602614240563,21.123977661132812,4200,0.0,0.0
2025-11-05 00:00:00-05:00,21.18132848067978,21.18132848067978,21.152652740478516,21.152652740478516,300,0.0,0.0
2025-11-06 00:00:00-05:00,21.095302814341782,21.219562530517578,21.095302814341782,21.219562530517578,200,0.0,0.0
2025-11-07 00:00:00-05:00,21.018836155390467,21.210004109502897,21.018836155390467,21.13353729248047,2000,0.0,0.0
2025-11-10 00:00:00-05:00,21.190884342896027,21.267351150512695,21.171767185213735,21.267351150512695,600,0.0,0.0
2025-11-11 00:00:00-05:00,21.028394577837606,21.219562530517578,20.94236918144289,21.219562530517578,1000,0.0,0.0
2025-11-12 00:00:00-05:00,20.98060417175293,20.98060417175293,20.98060417175293,20.98060417175293,400,0.0,0.0
2025-11-13 00:00:00-05:00,20.961487478451957,20.961487478451957,20.932811737060547,20.932811737060547,400,0.0,0.0
2025-11-14 00:00:00-05:00,20.493127974402448,20.932811737060547,20.493127974402448,20.932811737060547,900,0.0,0.0
2025-11-17 00:00:00-05:00,21.01883416637535,21.01883416637535,20.923250198364258,20.923250198364258,1000,0.0,0.0
2025-11-18 00:00:00-05:00,20.712968283544054,20.712968283544054,20.110792344934197,20.55047607421875,3600,0.0,0.0
2025-11-19 00:00:00-05:00,20.407100677490234,20.407100677490234,20.407100677490234,20.407100677490234,300,0.0,0.0
2025-11-20 00:00:00-05:00,20.215932846069336,20.263725744217524,20.215932846069336,20.215932846069336,4500,0.0,0.0
2025-11-21 00:00:00-05:00,20.45489194872708,20.5504759222905,20.397542293834093,20.426218032836914,2200,0.0,0.0
2025-11-24 00:00:00-05:00,20.426218032836914,20.426218032836914,20.426218032836914,20.426218032836914,0,0.0,0.0
2025-11-25 00:00:00-05:00,20.149024457429054,20.41665921567081,19.77624897029199,20.301958084106445,9900,0.0,0.0
2025-11-26 00:00:00-05:00,20.16814319030701,20.55047728683487,20.072559210396847,20.474010467529297,5800,0.0,0.0
2025-11-28 00:00:00-05:00,20.65152297198368,20.680622100830078,20.65152297198368,20.680622100830078,1500,0.313,0.0
2025-12-01 00:00:00-05:00,20.53511938694761,20.53511938694761,20.43811798095703,20.43811798095703,600,0.0,0.0
2025-12-02 00:00:00-05:00,20.63212165231604,20.94252468429658,20.418718180218413,20.874624252319336,7100,0.0,0.0
2025-12-03 00:00:00-05:00,20.87462326058058,21.805832312281105,20.87462326058058,21.146224975585938,4000,0.0,0.0
2025-12-04 00:00:00-05:00,21.621532829063018,21.621532829063018,21.233527186701586,21.379030227661133,5700,0.0,0.0
2025-12-05 00:00:00-05:00,21.07832516598728,21.28202830837278,21.07832516598728,21.243227005004883,4400,0.0,0.0
2025-12-08 00:00:00-05:00,21.243227005004883,21.243227005004883,21.243227005004883,21.243227005004883,200,0.0,0.0
2025-12-09 00:00:00-05:00,20.98132331374766,21.2335262298584,20.98132331374766,21.2335262298584,2200,0.0,0.0
2025-12-10 00:00:00-05:00,20.95222372354534,20.991023175086056,20.95222372354534,20.97162437438965,900,0.0,0.0
2025-12-11 00:00:00-05:00,20.9813232421875,20.9813232421875,20.9813232421875,20.9813232421875,700,0.0,0.0
2025-12-12 00:00:00-05:00,20.95222310959014,21.11712493663889,20.9037214839006,21.000722885131836,3600,0.0,0.0
2025-12-15 00:00:00-05:00,20.9037214839006,21.000722885131836,20.884322683772623,21.000722885131836,2000,0.0,0.0
2025-12-16 00:00:00-05:00,20.758223194650615,20.855224609375,20.758223194650615,20.855224609375,800,0.0,0.0
2025-12-17 00:00:00-05:00,20.176215311674458,20.952224731445312,20.176215311674458,20.952224731445312,4800,0.0,0.0
2025-12-18 00:00:00-05:00,20.28291653522417,20.66121998461452,20.27321620957981,20.564220428466797,20500,0.0,0.0
2025-12-19 00:00:00-05:00,20.506018410106055,20.56422036378916,20.43811798095703,20.43811798095703,1900,0.0,0.0
2025-12-22 00:00:00-05:00,20.341116912863956,20.48661994934082,20.273216482587,20.48661994934082,2400,0.0,0.0
2025-12-23 00:00:00-05:00,20.253816321148935,20.603020656906885,20.07921600341797,20.07921600341797,18100,0.0,0.0
2025-12-24 00:00:00-05:00,20.302317845411295,20.37021827697754,20.273216867533762,20.37021827697754,1500,0.0,0.0
2025-12-26 00:00:00-05:00,20.36051823034935,20.670921264709538,20.292617797851562,20.292617797851562,3300,0.0,0.0
2025-12-29 00:00:00-05:00,20.185915614078077,20.282917022705078,20.17621528820058,20.282917022705078,1000,0.0,0.0
2025-12-30 00:00:00-05:00,20.098613181426533,20.350816086858597,20.098613181426533,20.127714157104492,1400,0.0,0.0
2025-12-31 00:00:00-05:00,20.21501743060848,20.21501743060848,20.16651764935629,20.17621612548828,4200,0.0,0.0
2026-01-02 00:00:00-05:00,20.39931834571108,20.39931834571108,20.224716186523438,20.224716186523438,800,0.0,0.0
2026-01-05 00:00:00-05:00,20.341116292526074,20.409018570880196,20.292616515278183,20.389617919921875,3000,0.0,0.0
2026-01-06 00:00:00-05:00,20.30231756429266,20.506018856170822,20.28291691264294,20.321718215942383,3000,0.0,0.0
2026-01-07 00:00:00-05:00,20.46721985729016,20.46721985729016,20.33141714287593,20.45751953125,1100,0.0,0.0
2026-01-08 00:00:00-05:00,20.34111785888672,20.34111785888672,20.34111785888672,20.34111785888672,1100,0.0,0.0
2026-01-09 00:00:00-05:00,20.34111785888672,20.34111785888672,20.34111785888672,20.34111785888672,500,0.0,0.0
2026-01-12 00:00:00-05:00,20.457518624654238,20.457518624654238,20.28291646396506,20.3120174407959,1100,0.0,0.0
2026-01-13 00:00:00-05:00,20.341117299100006,20.389618928895896,20.341117299100006,20.37021827697754,900,0.0,0.0
2026-01-14 00:00:00-05:00,20.48661994934082,20.48661994934082,20.48661994934082,20.48661994934082,400,0.0,0.0
2026-01-15 00:00:00-05:00,20.447818756103516,20.573919291559957,20.447818756103516,20.447818756103516,2900,0.0,0.0
2026-01-16 00:00:00-05:00,20.40902031069507,20.515720199765898,20.40902031069507,20.42841911315918,3700,0.0,0.0
2026-01-20 00:00:00-05:00,20.409019193288874,20.48661994934082,20.399318867513887,20.48661994934082,900,0.0,0.0
2026-01-21 00:00:00-05:00,20.48661994934082,20.48661994934082,20.48661994934082,20.48661994934082,0,0.0,0.0
2026-01-22 00:00:00-05:00,20.45751953125,20.45751953125,20.45751953125,20.45751953125,200,0.0,0.0
2026-01-23 00:00:00-05:00,20.399317971752495,20.506017850296107,20.399317971752495,20.46721839904785,5200,0.0,0.0
2026-01-26 00:00:00-05:00,20.476919283412435,20.515718735719908,20.43811798095703,20.43811798095703,2900,0.0,0.0
2026-01-27 00:00:00-05:00,20.51571918674529,20.806723411114568,20.447818756103516,20.447818756103516,700,0.0,0.0
2026-01-28 00:00:00-05:00,20.447818756103516,20.447818756103516,20.447818756103516,20.447818756103516,0,0.0,0.0
2026-01-29 00:00:00-05:00,20.457518632184733,20.457518632184733,20.428417655343182,20.43811798095703,700,0.0,0.0
2026-01-30 00:00:00-05:00,20.43811798095703,20.43811798095703,20.43811798095703,20.43811798095703,0,0.0,0.0
2026-02-02 00:00:00-05:00,20.506017850296107,20.506017850296107,20.428417097651714,20.46721839904785,1500,0.0,0.0
2026-02-03 00:00:00-05:00,20.5836181640625,20.5836181640625,20.5836181640625,20.5836181640625,300,0.0,0.0
2026-02-04 00:00:00-05:00,20.506017684936523,20.506017684936523,20.506017684936523,20.506017684936523,200,0.0,0.0
2026-02-05 00:00:00-05:00,20.20531578021723,20.583619229607578,20.20531578021723,20.564220428466797,5200,0.0,0.0
2026-02-06 00:00:00-05:00,20.564220428466797,20.564220428466797,20.564220428466797,20.564220428466797,0,0.0,0.0
2026-02-09 00:00:00-05:00,20.564220428466797,20.564220428466797,20.564220428466797,20.564220428466797,0,0.0,0.0
2026-02-10 00:00:00-05:00,20.612721832843565,20.777623681512235,20.544821398123773,20.76792335510254,2600,0.0,0.0
2026-02-11 00:00:00-05:00,20.76792335510254,20.76792335510254,20.76792335510254,20.76792335510254,0,0.0,0.0
2026-02-12 00:00:00-05:00,20.76792335510254,20.76792335510254,20.76792335510254,20.76792335510254,0,0.0,0.0
2026-02-13 00:00:00-05:00,20.76792335510254,20.76792335510254,20.76792335510254,20.76792335510254,0,0.0,0.0
2026-02-17 00:00:00-05:00,20.719422222906722,20.748521350091323,20.399318872840375,20.612720489501953,3100,0.0,0.0
2026-02-18 00:00:00-05:00,20.612720489501953,20.612720489501953,20.612720489501953,20.612720489501953,0,0.0,0.0
2026-02-19 00:00:00-05:00,20.593320846557617,20.593320846557617,20.593320846557617,20.593320846557617,400,0.0,0.0
2026-02-20 00:00:00-05:00,20.680621030239248,20.738821135067223,20.57391929626465,20.57391929626465,2000,0.0,0.0
2026-02-23 00:00:00-05:00,20.632122039794922,20.632122039794922,20.632122039794922,20.632122039794922,700,0.0,0.0
2026-02-24 00:00:00-05:00,20.506018761386418,20.767922007003158,20.506018761386418,20.738821029663086,600,0.0,0.0
2026-02-25 00:00:00-05:00,20.62242215925326,20.76792335510254,20.62242215925326,20.76792335510254,6000,0.0,0.0
2026-02-26 00:00:00-05:00,20.79702377319336,20.79702377319336,20.79702377319336,20.79702377319336,100,0.0,0.0
2026-02-27 00:00:00-05:00,20.799974495286197,20.799974495286197,20.711381912231445,20.711381912231445,700,0.313,0.0
2026-03-02 00:00:00-05:00,20.583411696137677,20.780288696289062,20.583411696137677,20.780288696289062,400,0.0,0.0
2026-03-03 00:00:00-05:00,20.79013358193759,20.79013358193759,20.74091339111328,20.74091339111328,700,0.0,0.0
2026-03-04 00:00:00-05:00,20.642474887022967,20.86888400969818,20.622788688251543,20.74091339111328,5500,0.0,0.0
2026-03-05 00:00:00-05:00,20.711381858702534,20.86888270437221,20.711381858702534,20.79997444152832,2200,0.0,0.0
2026-03-06 00:00:00-05:00,20.721223831176758,20.721223831176758,20.721223831176758,20.721223831176758,500,0.0,0.0
2026-03-09 00:00:00-04:00,20.691695166616192,20.691695166616192,20.475130081176758,20.475130081176758,1200,0.0,0.0
2026-03-10 00:00:00-04:00,20.642474648150344,20.839351654052734,20.42591144370434,20.839351654052734,300,0.0,0.0
2026-03-11 00:00:00-04:00,20.61294315151288,20.809818267822266,20.61294315151288,20.809818267822266,300,0.0,0.0
2026-03-12 00:00:00-04:00,20.455443404236057,20.672006607055664,20.455443404236057,20.672006607055664,1100,0.0,0.0
2026-03-13 00:00:00-04:00,20.672007334346915,20.672007334346915,20.179816683529133,20.465288162231445,1700,0.0,0.0
2026-03-16 00:00:00-04:00,20.662162569078646,20.672006607055664,20.662162569078646,20.672006607055664,300,0.0,0.0
2026-03-17 00:00:00-04:00,20.82950782775879,20.82950782775879,20.82950782775879,20.82950782775879,200,0.0,0.0
2026-03-18 00:00:00-04:00,20.82950782775879,20.82950782775879,20.82950782775879,20.82950782775879,0,0.0,0.0
2026-03-19 00:00:00-04:00,20.12075424194336,20.12075424194336,20.12075424194336,20.12075424194336,500,0.0,0.0
2026-03-20 00:00:00-04:00,20.12075424194336,20.12075424194336,20.12075424194336,20.12075424194336,0,0.0,0.0
2026-03-23 00:00:00-04:00,20.12075424194336,20.12075424194336,20.12075424194336,20.12075424194336,0,0.0,0.0
2026-03-24 00:00:00-04:00,20.32747231491394,20.32747231491394,20.14043935282084,20.169971466064453,1000,0.0,0.0
2026-03-25 00:00:00-04:00,20.169971466064453,20.169971466064453,20.169971466064453,20.169971466064453,0,0.0,0.0
2026-03-26 00:00:00-04:00,20.425911161327946,20.425911161327946,20.416067123413086,20.416067123413086,500,0.0,0.0
2026-03-27 00:00:00-04:00,20.475130081176758,20.475130081176758,20.475130081176758,20.475130081176758,400,0.0,0.0
2026-03-30 00:00:00-04:00,20.278254029510183,20.278254029510183,19.756531293559163,20.081377029418945,4300,0.0,0.0
2026-03-31 00:00:00-04:00,19.805752224207424,19.835282461036442,19.78606414794922,19.78606414794922,900,0.0,0.0
2026-04-01 00:00:00-04:00,19.756531822148112,19.795907974243164,19.756531822148112,19.795907974243164,700,0.0,0.0
2026-04-02 00:00:00-04:00,19.963252568283362,19.982938766479492,19.85497002919254,19.982938766479492,1500,0.0,0.0
2026-04-06 00:00:00-04:00,19.96325283740957,19.96325283740957,19.884502410888672,19.884502410888672,700,0.0,0.0
2026-04-07 00:00:00-04:00,19.786063483644863,19.884501984072596,19.786063483644863,19.815593719482422,2000,0.0,0.0
2026-04-08 00:00:00-04:00,20.84919466280086,20.84919466280086,20.00262620779637,20.012470245361328,2800,0.0,0.0
2026-04-09 00:00:00-04:00,19.74668686378203,20.022314282926285,19.69746855351543,20.012470245361328,8100,0.0,0.0
2026-04-10 00:00:00-04:00,19.943564945039146,19.963253021240234,19.815594327290356,19.963253021240234,1900,0.0,0.0
2026-04-13 00:00:00-04:00,19.92387562067689,19.933719658160737,19.845125198364258,19.845125198364258,800,0.0,0.0
2026-04-14 00:00:00-04:00,19.854970212179683,20.13059764260644,19.854970212179683,20.061689376831055,1800,0.0,0.0
2026-04-15 00:00:00-04:00,20.061689532194176,20.26841057600471,19.894344640560227,20.229034423828125,2200,0.0,0.0
2026-04-16 00:00:00-04:00,20.22903466548626,20.22903466548626,20.219192504882812,20.219192504882812,600,0.0,0.0
2026-04-17 00:00:00-04:00,20.130598341418803,20.130598341418803,19.943565368652344,19.943565368652344,500,0.0,0.0
2026-04-20 00:00:00-04:00,20.120753904788863,20.120753904788863,19.874658584594727,19.874658584594727,2900,0.0,0.0
2026-04-21 00:00:00-04:00,19.874659008656437,19.874659008656437,19.854970932006836,19.854970932006836,1100,0.0,0.0
2026-04-22 00:00:00-04:00,19.963253021240234,19.963253021240234,19.963253021240234,19.963253021240234,400,0.0,0.0
2026-04-23 00:00:00-04:00,19.963253021240234,19.963253021240234,19.963253021240234,19.963253021240234,0,0.0,0.0
2026-04-24 00:00:00-04:00,20.022314071655273,20.110908531246878,20.022314071655273,20.022314071655273,1000,0.0,0.0
2026-04-27 00:00:00-04:00,20.11090850830078,20.11090850830078,20.11090850830078,20.11090850830078,200,0.0,0.0
2026-04-28 00:00:00-04:00,20.130598097747814,20.130598097747814,19.904188974483375,20.042003631591797,3000,0.0,0.0
2026-04-29 00:00:00-04:00,20.01247022158566,20.101064682006836,20.002626184032398,20.101064682006836,4600,0.0,0.0
2026-04-30 00:00:00-04:00,20.11090850830078,20.11090850830078,20.11090850830078,20.11090850830078,100,0.0,0.0
2026-05-01 00:00:00-04:00,20.179816040952474,20.179816040952474,19.884502410888672,19.884502410888672,400,0.0,0.0
2026-05-04 00:00:00-04:00,20.03215914048558,20.061689376831055,20.03215914048558,20.061689376831055,300,0.0,0.0
2026-05-05 00:00:00-04:00,20.002626419067383,20.002626419067383,19.854969609149816,20.002626419067383,1800,0.0,0.0
2026-05-06 00:00:00-04:00,19.933720454651798,19.982938766479492,19.904188341020234,19.982938766479492,2200,0.0,0.0
2026-05-07 00:00:00-04:00,19.982939191280565,20.051847457885742,19.982939191280565,20.051847457885742,500,0.0,0.0
2026-05-08 00:00:00-04:00,20.03215980529785,20.03215980529785,20.03215980529785,20.03215980529785,500,0.0,0.0
2026-05-11 00:00:00-04:00,20.03215980529785,20.03215980529785,20.03215980529785,20.03215980529785,0,0.0,0.0
2026-05-12 00:00:00-04:00,19.914031771139065,20.012470269348444,19.90418773356231,19.92387580871582,2100,0.0,0.0
2026-05-13 00:00:00-04:00,19.92387732272211,19.92387732272211,19.854970932006836,19.854970932006836,300,0.0,0.0
2026-05-14 00:00:00-04:00,19.86481406706973,19.982938766479492,19.85497002919254,19.982938766479492,1000,0.0,0.0
2026-05-15 00:00:00-04:00,19.963253079156495,19.963253079156495,19.78606414794922,19.78606414794922,900,0.0,0.0
2026-05-18 00:00:00-04:00,19.78606414794922,19.78606414794922,19.78606414794922,19.78606414794922,0,0.0,0.0
2026-05-19 00:00:00-04:00,19.79590760385682,19.79590760385682,19.63840675354004,19.63840675354004,4800,0.0,0.0
2026-05-20 00:00:00-04:00,19.569498198418007,19.825437545776367,19.569498198418007,19.825437545776367,500,0.0,0.0
2026-05-21 00:00:00-04:00,19.58918571472168,19.58918571472168,19.58918571472168,19.58918571472168,100,0.0,0.0
2026-05-22 00:00:00-04:00,19.638407389132738,19.638407389132738,19.608875274658203,19.608875274658203,1900,0.0,0.0
2026-05-26 00:00:00-04:00,19.83528288618369,19.83528288618369,19.766376495361328,19.766376495361328,500,0.0,0.0
2026-05-27 00:00:00-04:00,19.86481475830078,19.86481475830078,19.86481475830078,19.86481475830078,200,0.0,0.0
2026-05-28 00:00:00-04:00,19.707313114532692,19.81559377550693,19.618718651653072,19.727001190185547,5800,0.0,0.0
2026-05-29 00:00:00-04:00,19.719999313354492,19.81999969482422,19.719999313354492,19.81999969482422,5500,0.313,0.0
2026-06-01 00:00:00-04:00,19.850000381469727,19.969999313354492,19.81999969482422,19.81999969482422,5300,0.0,0.0
2026-06-02 00:00:00-04:00,19.81999969482422,19.81999969482422,19.81999969482422,19.81999969482422,0,0.0,0.0
2026-06-03 00:00:00-04:00,19.81999969482422,19.81999969482422,19.81999969482422,19.81999969482422,1000,0.0,0.0
2026-06-04 00:00:00-04:00,19.860000610351562,20.0,19.860000610351562,20.0,1900,0.0,0.0
2026-06-05 00:00:00-04:00,20.0,20.0,20.0,20.0,0,0.0,0.0
2026-06-08 00:00:00-04:00,20.0,20.0,20.0,20.0,0,0.0,0.0
2026-06-09 00:00:00-04:00,20.010000228881836,20.040000915527344,19.989999771118164,20.040000915527344,2500,0.0,0.0
2026-06-10 00:00:00-04:00,20.040000915527344,20.040000915527344,20.040000915527344,20.040000915527344,0,0.0,0.0
2026-06-11 00:00:00-04:00,19.989999771118164,20.0,19.989999771118164,20.0,300,0.0,0.0
2026-06-12 00:00:00-04:00,20.0,20.0,20.0,20.0,0,0.0,0.0
2026-06-15 00:00:00-04:00,20.0,20.0,20.0,20.0,0,0.0,0.0
2026-06-16 00:00:00-04:00,20.059999465942383,20.059999465942383,20.059999465942383,20.059999465942383,300,0.0,0.0
2026-06-17 00:00:00-04:00,20.059999465942383,20.059999465942383,20.059999465942383,20.059999465942383,0,0.0,0.0
2026-06-18 00:00:00-04:00,19.850000381469727,20.059999465942383,19.81999969482422,20.010000228881836,2700,0.0,0.0
2026-06-22 00:00:00-04:00,19.81999969482422,20.1200008392334,19.81999969482422,20.1200008392334,1000,0.0,0.0
2026-06-23 00:00:00-04:00,20.110000610351562,20.239999771118164,19.829999923706055,20.239999771118164,21600,0.0,0.0
2026-06-24 00:00:00-04:00,20.299999237060547,20.459999084472656,20.25,20.459999084472656,7300,0.0,0.0
2026-06-25 00:00:00-04:00,20.3799991607666,20.479999542236328,20.309999465942383,20.479999542236328,1100,0.0,0.0
2026-06-26 00:00:00-04:00,20.40999984741211,20.420000076293945,20.40999984741211,20.420000076293945,600,0.0,0.0
2026-06-29 00:00:00-04:00,20.420000076293945,20.420000076293945,20.420000076293945,20.420000076293945,0,0.0,0.0
2026-06-30 00:00:00-04:00,20.200000762939453,20.200000762939453,20.059999465942383,20.059999465942383,2000,0.0,0.0
2026-07-01 00:00:00-04:00,20.079999923706055,20.079999923706055,19.8700008392334,20.010000228881836,700,0.0,0.0
2026-07-02 00:00:00-04:00,20.010000228881836,20.010000228881836,20.010000228881836,20.010000228881836,0,0.0,0.0
2026-07-06 00:00:00-04:00,20.0,20.0,20.0,20.0,600,0.0,0.0
2026-07-07 00:00:00-04:00,20.299999237060547,20.299999237060547,20.079999923706055,20.079999923706055,1300,0.0,0.0
2026-07-08 00:00:00-04:00,20.260000228881836,20.260000228881836,20.15999984741211,20.15999984741211,200,0.0,0.0
2026-07-09 00:00:00-04:00,20.190000534057617,20.200000762939453,20.190000534057617,20.200000762939453,500,0.0,0.0
2026-07-10 00:00:00-04:00,20.200000762939453,20.200000762939453,20.200000762939453,20.200000762939453,0,0.0,0.0
2026-07-13 00:00:00-04:00,20.31999969482422,20.31999969482422,20.079999923706055,20.079999923706055,600,0.0,0.0
2026-07-14 00:00:00-04:00,20.079999923706055,20.079999923706055,19.950000762939453,20.0,900,0.0,0.0
2026-07-15 00:00:00-04:00,20.290000915527344,20.290000915527344,20.290000915527344,20.290000915527344,200,0.0,0.0
2026-07-16 00:00:00-04:00,20.290000915527344,20.290000915527344,20.290000915527344,20.290000915527344,0,0.0,0.0
2026-07-17 00:00:00-04:00,20.1200008392334,20.219999313354492,20.100000381469727,20.219999313354492,800,0.0,0.0
2026-07-20 00:00:00-04:00,20.020000457763672,20.149999618530273,20.020000457763672,20.149999618530273,1200,0.0,0.0
2026-07-21 00:00:00-04:00,20.139999389648438,20.149999618530273,19.8799991607666,20.1299991607666,6100,0.0,0.0
2026-07-22 00:00:00-04:00,20.049999237060547,20.1299991607666,20.049999237060547,20.1200008392334,2100,0.0,0.0
2026-07-23 00:00:00-04:00,19.860000610351562,19.860000610351562,19.860000610351562,19.860000610351562,400,0.0,0.0
2026-07-24 00:00:00-04:00,19.860000610351562,19.860000610351562,19.860000610351562,19.860000610351562,0,0.0,0.0
2026-07-27 00:00:00-04:00,19.899999618530273,19.899999618530273,19.899999618530273,19.899999618530273,1000,0.0,0.0
2026-07-28 00:00:00-04:00,19.889999389648438,19.899999618530273,19.889999389648438,19.899999618530273,900,0.0,0.0
2026-07-29 00:00:00-04:00,19.81999969482422,19.81999969482422,19.709999084472656,19.709999084472656,600,0.0,0.0
2026-07-30 00:00:00-04:00,19.829999923706055,19.829999923706055,19.579999923706055,19.579999923706055,600,0.0,0.0
2026-07-31 00:00:00-04:00,19.760000228881836,19.829999923706055,19.709999084472656,19.709999084472656,1600,0.0,0.0
2026-08-03 00:00:00-04:00,19.809999465942383,19.84000015258789,19.799999237060547,19.829999923706055,2700,0.0,0.0
2026-08-04 00:00:00-04:00,19.829999923706055,19.829999923706055,19.829999923706055,19.829999923706055,0,0.0,0.0
2026-08-05 00:00:00-04:00,19.75,19.760000228881836,19.75,19.75,1200,0.0,0.0
2026-08-06 00:00:00-04:00,19.8799991607666,20.149999618530273,19.829999923706055,20.149999618530273,15600,0.0,0.0
2026-08-07 00:00:00-04:00,20.149999618530273,20.149999618530273,20.149999618530273,20.149999618530273,0,0.0,0.0
