Date,Open,High,Low,Close,Volume,Dividends,Stock Splits
2022-01-03 00:00:00-05:00,66.02486477939203,67.59530484468138,65.53291448101768,66.3181381225586,489500,0.0,0.0
2022-01-04 00:00:00-05:00,66.80063357543261,67.16959273273827,65.69375610351562,65.69375610351562,462500,0.0,0.0
2022-01-05 00:00:00-05:00,66.37490732858005,66.43166804955692,64.08545960601413,64.56794738769531,704700,0.0,0.0
2022-01-06 00:00:00-05:00,65.1828725840871,65.84510496254912,64.65307946352587,64.80445098876953,455300,0.0,0.0
2022-01-07 00:00:00-05:00,64.82334872698011,65.20177020499688,63.70700933661483,64.13273620605469,826600,0.0,0.0
2022-01-10 00:00:00-05:00,64.53955831849179,64.95582279693332,62.287953786330654,63.58404541015625,763200,0.0,0.0
2022-01-11 00:00:00-05:00,63.62188656439253,64.33142433276865,63.15832391003506,64.08544921875,484700,0.0,0.0
2022-01-12 00:00:00-05:00,64.47333219391413,65.77887906631618,64.17059637345317,65.21125030517578,417400,0.0,0.0
2022-01-13 00:00:00-05:00,65.83563896099355,66.63978751524813,65.3910013691027,65.80725860595703,394700,0.0,0.0
2022-01-14 00:00:00-05:00,65.47613458540184,65.93024186492468,64.20843076045905,65.182861328125,587400,0.0,0.0
2022-01-18 00:00:00-05:00,64.22736408630828,65.36262173235507,63.95300859132536,64.58686065673828,712700,0.0,0.0
2022-01-19 00:00:00-05:00,64.73823725535135,65.29640359660245,63.7732689025235,63.79218673706055,436600,0.0,0.0
2022-01-20 00:00:00-05:00,63.92462882986111,64.5395630679596,61.90954396308114,62.032527923583984,774000,0.0,0.0
2022-01-21 00:00:00-05:00,61.94738280064954,62.37310258963503,61.14323419377878,61.47435760498047,590200,0.0,0.0
2022-01-24 00:00:00-05:00,61.02025344638058,62.07983253873837,59.51603310078838,61.871700286865234,1352300,0.0,0.0
2022-01-25 00:00:00-05:00,61.540587567813866,62.45825048473408,61.029719434536936,62.07037353515625,726000,0.0,0.0
2022-01-26 00:00:00-05:00,62.732597838502556,63.28130878636525,60.66075243255241,61.1337776184082,792500,0.0,0.0
2022-01-27 00:00:00-05:00,61.37974674722316,61.502737917394846,57.292812957205605,58.096954345703125,920600,0.0,0.0
2022-01-28 00:00:00-05:00,57.803687846593675,58.54160973838991,56.81979800569284,58.38077926635742,560500,0.0,0.0
2022-01-31 00:00:00-05:00,57.78475930947852,59.3741206377834,57.67123066475288,59.317359924316406,933500,0.0,0.0
2022-02-01 00:00:00-05:00,59.118685387229924,59.35519796443954,57.188741891064524,57.690147399902344,920700,0.0,0.0
2022-02-02 00:00:00-05:00,57.44417896833453,58.56051868095785,55.61830148627585,56.44136428833008,1001700,0.0,0.0
2022-02-03 00:00:00-05:00,56.545432515276275,56.99953627159241,55.17365872140069,55.54261779785156,1017400,0.0,0.0
2022-02-04 00:00:00-05:00,55.18311703954792,56.41298173692638,53.84918262038341,56.00617980957031,1093700,0.0,0.0
2022-02-07 00:00:00-05:00,55.34395232511193,56.19539918905672,55.13582006750406,55.58992385864258,929900,0.0,0.0
2022-02-08 00:00:00-05:00,55.61829913023152,57.80367305782469,55.60883660605829,57.605003356933594,1083300,0.0,0.0
2022-02-09 00:00:00-05:00,57.94559162353488,59.14707616047,56.80087141433155,57.037384033203125,777100,0.0,0.0
2022-02-10 00:00:00-05:00,58.12533565238469,58.39023222014556,56.52651176525612,56.791404724121094,699700,0.0,0.0
2022-02-11 00:00:00-05:00,56.79140898055843,58.56998488784366,56.79140898055843,57.79422378540039,670100,0.0,0.0
2022-02-14 00:00:00-05:00,58.040998712167216,58.38269246574975,57.38607753778092,57.518959045410156,438600,0.2,0.0
2022-02-15 00:00:00-05:00,57.61387384876144,58.40167286701673,57.46200875965505,58.20235061645508,393500,0.0,0.0
2022-02-16 00:00:00-05:00,58.05998231805114,58.667446366442626,57.661337770192404,58.126426696777344,364100,0.0,0.0
2022-02-17 00:00:00-05:00,57.319639304515135,57.471504408590825,56.75014606941874,57.16777420043945,372300,0.0,0.0
2022-02-18 00:00:00-05:00,56.87352887485702,57.57590718116238,56.21861135117653,56.342002868652344,496000,0.0,0.0
2022-02-22 00:00:00-05:00,55.65861702825825,56.09522878034726,54.633528409407965,55.09861373901367,859800,0.0,0.0
2022-02-23 00:00:00-05:00,55.003701060765316,55.57319435279263,53.845727263459715,54.19691467285156,716900,0.0,0.0
2022-02-24 00:00:00-05:00,53.23825148924998,54.320290605644864,52.9535049250538,54.158935546875,970200,0.0,0.0
2022-02-25 00:00:00-05:00,54.14945143590527,56.19014214177075,54.14945143590527,55.66810607910156,655000,0.0,0.0
2022-02-28 00:00:00-05:00,55.003694127253574,55.05115129214861,54.06402633103363,54.81386184692383,528200,0.0,0.0
2022-03-01 00:00:00-05:00,54.48165658584777,55.0511497905537,53.59893958402893,55.003692626953125,623600,0.0,0.0
2022-03-02 00:00:00-05:00,55.20302021358653,56.79760568553915,54.766408473129225,56.17116165161133,657500,0.0,0.0
2022-03-03 00:00:00-05:00,56.43692353708099,56.503364295325895,55.335900602344374,55.92437744140625,351700,0.0,0.0
2022-03-04 00:00:00-05:00,55.47827326132435,56.114207239359516,55.098608698997644,56.10471725463867,491900,0.0,0.0
2022-03-07 00:00:00-05:00,55.53522858471995,56.18065626321842,54.718955810854375,54.785396575927734,724500,0.0,0.0
2022-03-08 00:00:00-05:00,54.984706710558385,55.09860462252982,52.97249336889945,53.15283203125,1332200,0.0,0.0
2022-03-09 00:00:00-05:00,54.016569773507435,54.49114866929322,53.22877068929285,53.42809295654297,550400,0.0,0.0
2022-03-10 00:00:00-05:00,52.84910134584825,53.00096643393835,52.03282513958292,52.64028549194336,1063000,0.0,0.0
2022-03-11 00:00:00-05:00,53.12436197335838,53.38063500781213,52.393510050082774,52.573848724365234,483500,0.0,0.0
2022-03-14 00:00:00-04:00,52.8016521844725,53.02944804074543,51.16909952460048,51.38740539550781,525300,0.0,0.0
2022-03-15 00:00:00-04:00,51.387407687706,51.966394581080046,51.13113462240519,51.577239990234375,539800,0.0,0.0
2022-03-16 00:00:00-04:00,52.03282988198978,53.71283960877853,52.03282988198978,52.953514099121094,741600,0.0,0.0
2022-03-17 00:00:00-04:00,52.55486182577117,52.55486182577117,52.00435223218451,52.3745231628418,624200,0.0,0.0
2022-03-18 00:00:00-04:00,52.2891065823245,52.611820399123054,51.3684223007154,52.545379638671875,847300,0.0,0.0
2022-03-21 00:00:00-04:00,52.54537924237658,52.868093056741245,51.596221390804025,51.7955436706543,638100,0.0,0.0
2022-03-22 00:00:00-04:00,52.165708778511984,53.20029086504076,52.051810862960494,52.659271240234375,382400,0.0,0.0
2022-03-23 00:00:00-04:00,52.583347141976546,52.66877149461215,52.0708010261629,52.64978790283203,408000,0.0,0.0
2022-03-24 00:00:00-04:00,52.611816598456215,52.97249757252847,52.09927052278769,52.30808639526367,410700,0.0,0.0
2022-03-25 00:00:00-04:00,52.421985778925624,52.50741012725385,50.82740035729863,50.99824905395508,322000,0.0,0.0
2022-03-28 00:00:00-04:00,50.7040136327049,51.6626651459927,50.13452033704389,51.65317153930664,461300,0.0,0.0
2022-03-29 00:00:00-04:00,52.061302997959395,52.47893474014988,51.44435261088193,52.44096755981445,640000,0.0,0.0
2022-03-30 00:00:00-04:00,52.58333647588316,53.34266188931576,51.2734978747437,51.53926086425781,415700,0.0,0.0
2022-03-31 00:00:00-04:00,51.662660992922355,51.83350969203645,50.485703690219694,50.49519729614258,361800,0.0,0.0
2022-04-01 00:00:00-04:00,50.685027090224914,50.922316536114074,49.67891853618501,50.371803283691406,372500,0.0,0.0
2022-04-04 00:00:00-04:00,50.03010461958028,50.21993689557446,49.02399971208528,49.7833251953125,445900,0.0,0.0
2022-04-05 00:00:00-04:00,49.57451504777641,49.9731632354209,47.96094594683429,48.10332107543945,965500,0.0,0.0
2022-04-06 00:00:00-04:00,47.84703627497427,48.084325683919936,45.76838235607988,45.79685592651367,1232600,0.0,0.0
2022-04-07 00:00:00-04:00,45.70194558958617,46.56567896850636,44.57244558740251,44.7812614440918,1108400,0.0,0.0
2022-04-08 00:00:00-04:00,44.401602829399685,45.65449089510978,43.56634653275952,44.80025100708008,1048100,0.0,0.0
2022-04-11 00:00:00-04:00,44.70532460307488,46.40431769354004,44.63888385614041,44.89515686035156,1233600,0.0,0.0
2022-04-12 00:00:00-04:00,44.50601036600903,45.360253867002406,44.031431447846,44.0504150390625,850400,0.0,0.0
2022-04-13 00:00:00-04:00,44.08838102334452,46.28093324839279,44.050413841943325,46.17652893066406,725400,0.0,0.0
2022-04-14 00:00:00-04:00,46.32838494640565,46.79347015470178,45.20837866005111,45.28430938720703,571100,0.0,0.0
2022-04-18 00:00:00-04:00,45.141946892368196,45.77788088915522,44.74329872809522,44.990081787109375,358200,0.0,0.0
2022-04-19 00:00:00-04:00,45.056519176716456,46.14804840769607,44.87617688843545,45.91075897216797,472500,0.0,0.0
2022-04-20 00:00:00-04:00,46.167029222591566,47.9039895242333,46.167029222591566,47.41042709350586,552600,0.0,0.0
2022-04-21 00:00:00-04:00,47.970439128552854,48.369083691918995,47.182636366543726,47.59077453613281,465300,0.0,0.0
2022-04-22 00:00:00-04:00,47.24905898037624,47.45787478808332,45.607016947198375,45.93922424316406,498900,0.0,0.0
2022-04-25 00:00:00-04:00,45.085000451328135,47.40094443420002,44.94262531739234,47.37247085571289,548500,0.0,0.0
2022-04-26 00:00:00-04:00,46.821959108412734,47.230093658314,44.52499519771896,44.638893127441406,790900,0.0,0.0
2022-04-27 00:00:00-04:00,44.45854271853522,45.59753257779274,43.73718452609653,44.77176284790039,749000,0.0,0.0
2022-04-28 00:00:00-04:00,45.407704412261175,47.17313830967098,44.98058272405731,47.07822036743164,568600,0.0,0.0
2022-04-29 00:00:00-04:00,46.88839139079094,47.95144699106193,45.977197255523706,46.09109878540039,581500,0.0,0.0
2022-05-02 00:00:00-04:00,46.034157838322514,46.77449983666996,45.0185591818587,45.872802734375,832400,0.0,0.0
2022-05-03 00:00:00-04:00,46.07212102734813,47.88501230201718,46.07212102734813,47.2300910949707,644200,0.0,0.0
2022-05-04 00:00:00-04:00,47.448405885261224,48.29315585245045,45.84432668753103,48.226715087890625,847300,0.0,0.0
2022-05-05 00:00:00-04:00,47.6572093624848,48.35958768477775,45.47414727977612,45.91075897216797,1096800,0.0,0.0
2022-05-06 00:00:00-04:00,46.16704016828185,46.85043502219888,44.5060138255947,45.948734283447266,920000,0.0,0.0
2022-05-09 00:00:00-04:00,44.7527908203427,45.768389356304915,44.192787584749084,45.113468170166016,979600,0.0,0.0
2022-05-10 00:00:00-04:00,45.37923642112202,45.7588973745258,42.379897871708536,44.27821350097656,1249800,0.0,0.0
2022-05-11 00:00:00-04:00,44.02194336352757,44.86669329501501,42.45583141766325,42.607696533203125,821700,0.0,0.0
2022-05-12 00:00:00-04:00,42.474815147573004,43.45244660573749,42.00023620737666,42.77854537963867,891100,0.0,0.0
2022-05-13 00:00:00-04:00,42.882949100505265,43.81312329714918,42.51277814294539,43.623291015625,629900,0.0,0.0
2022-05-16 00:00:00-04:00,42.99411097249827,43.78535691571528,42.75578440693769,43.423099517822266,548400,0.2,0.0
2022-05-17 00:00:00-04:00,44.05227708335587,45.12951406979474,43.9474128231838,44.99605178833008,706700,0.0,0.0
2022-05-18 00:00:00-04:00,44.71006932571479,45.587109423258894,43.96648789891095,44.3192138671875,512700,0.0,0.0
2022-05-19 00:00:00-04:00,43.73768719690997,44.881655304660825,43.73768719690997,44.26200485229492,657100,0.0,0.0
2022-05-20 00:00:00-04:00,44.872125633787824,45.57757387047067,43.642359678305795,45.425045013427734,781100,0.0,0.0
2022-05-23 00:00:00-04:00,46.21627925164609,47.38884531724323,45.749161299531565,47.09332275390625,677300,0.0,0.0
2022-05-24 00:00:00-04:00,46.85499805365325,47.70343993310616,46.21628105131526,47.245853424072266,553000,0.0,0.0
2022-05-25 00:00:00-04:00,46.46414303416738,46.80733019110408,44.7386576052699,45.97795486450195,558500,0.0,0.0
2022-05-26 00:00:00-04:00,46.15907673542024,48.189619619924436,46.15907673542024,47.875030517578125,415300,0.0,0.0
2022-05-27 00:00:00-04:00,47.884569668784245,48.09429819508292,47.34118542935089,47.92270278930664,334600,0.0,0.0
2022-05-31 00:00:00-04:00,47.70344425569064,47.98943539517975,46.673871789640295,46.73107147216797,476500,0.0,0.0
2022-06-01 00:00:00-04:00,46.54040850370527,47.03612816527259,45.44410491646943,46.65480422973633,469800,0.0,0.0
2022-06-02 00:00:00-04:00,46.85500641985752,48.32309536809413,46.47368244262141,48.122901916503906,405500,0.0,0.0
2022-06-03 00:00:00-04:00,47.827377357421945,48.03710591603638,46.426019509755285,46.5308837890625,384000,0.0,0.0
2022-06-06 00:00:00-04:00,47.01706384527837,48.103832385796096,46.4736795750195,46.99799728393555,377000,0.0,0.0
2022-06-07 00:00:00-04:00,46.330676081128274,47.655774645618216,46.330676081128274,47.26491928100586,298700,0.0,0.0
2022-06-08 00:00:00-04:00,46.75013925962833,47.6176477995657,46.2925526971248,46.99799728393555,225700,0.0,0.0
2022-06-09 00:00:00-04:00,47.08379352263377,47.59857975310397,46.44508010216397,46.98846435546875,544500,0.0,0.0
2022-06-10 00:00:00-04:00,46.1304807208656,47.10285336078356,44.09040628747018,44.19527053833008,522300,0.0,0.0
2022-06-13 00:00:00-04:00,43.01317492631944,43.47076146806411,41.201895319818604,41.28769302368164,722300,0.0,0.0
2022-06-14 00:00:00-04:00,41.40209563366367,41.640422224400126,39.74334096204483,40.05793380737305,591700,0.0,0.0
2022-06-15 00:00:00-04:00,40.305786193080934,41.64041636813413,39.276217356916035,39.905399322509766,1056600,0.0,0.0
2022-06-16 00:00:00-04:00,39.14275798054257,39.304818305959174,37.550734568793025,37.87485885620117,772400,0.0,0.0
2022-06-17 00:00:00-04:00,38.05598154438162,39.33341199065914,36.73088651568713,39.1904182434082,914800,0.0,0.0
2022-06-21 00:00:00-04:00,39.57173880168454,40.420184375260014,39.12368736010485,40.13418960571289,579800,0.0,0.0
2022-06-22 00:00:00-04:00,39.78146768213193,41.59275093463356,39.53360966777914,40.27718734741211,568500,0.0,0.0
2022-06-23 00:00:00-04:00,40.06746324642118,41.22096665109972,39.867269793095765,41.01123809814453,428100,0.0,0.0
2022-06-24 00:00:00-04:00,41.25909623169771,42.46979569054882,41.25909623169771,41.907344818115234,552700,0.0,0.0
2022-06-27 00:00:00-04:00,42.19333372409019,43.289637384386864,41.65948454265164,42.317264556884766,382800,0.0,0.0
2022-06-28 00:00:00-04:00,42.29819665118766,43.28963600889247,41.61181863449369,41.64994812011719,320500,0.0,0.0
2022-06-29 00:00:00-04:00,41.63087463378906,41.869201153020484,41.03982588433588,41.63087463378906,323700,0.0,0.0
2022-06-30 00:00:00-04:00,40.81103682538667,42.35539174118642,40.725239128032555,41.669010162353516,489800,0.0,0.0
2022-07-01 00:00:00-04:00,41.62134558871695,43.48982473515562,41.36395249661964,43.48029327392578,782600,0.0,0.0
2022-07-05 00:00:00-04:00,42.73672219174965,44.21434619545409,42.16473624295851,44.204811096191406,407600,0.0,0.0
2022-07-06 00:00:00-04:00,44.1762078668048,44.97698519150661,43.28963284172158,43.53749084472656,313700,0.0,0.0
2022-07-07 00:00:00-04:00,43.85208375488058,45.08184958513227,43.85208375488058,44.64332962036133,324900,0.0,0.0
2022-07-08 00:00:00-04:00,44.271542315481675,45.339247966968166,44.271542315481675,45.053253173828125,353900,0.0,0.0
2022-07-11 00:00:00-04:00,44.26200977700827,45.1485848864149,44.26200977700827,44.4336051940918,221600,0.0,0.0
2022-07-12 00:00:00-04:00,44.5765856178835,46.311605831296816,44.5765856178835,45.644290924072266,394400,0.0,0.0
2022-07-13 00:00:00-04:00,45.05325716218307,46.3688209627335,44.59567054385579,45.901702880859375,380900,0.0,0.0
2022-07-14 00:00:00-04:00,44.824449933638675,45.42503375033252,44.10947041167063,45.167640686035156,313700,0.0,0.0
2022-07-15 00:00:00-04:00,46.05421888543279,46.4355391425383,44.9102508409679,45.68242645263672,358400,0.0,0.0
2022-07-18 00:00:00-04:00,46.23535350606931,46.702475172512194,45.653836106924516,46.035160064697266,272400,0.0,0.0
2022-07-19 00:00:00-04:00,46.368818891097106,48.018038390731995,46.368818891097106,47.655784606933594,282600,0.0,0.0
2022-07-20 00:00:00-04:00,47.65578169521781,48.866477449239,47.49371773946255,48.58048629760742,279000,0.0,0.0
2022-07-21 00:00:00-04:00,48.58049120338511,49.69586153492835,48.27543345929597,49.600528717041016,279200,0.0,0.0
2022-07-22 00:00:00-04:00,49.371719948629426,50.24875974680409,49.11432688527628,49.657711029052734,347800,0.0,0.0
2022-07-25 00:00:00-04:00,49.80072272788584,50.21064109136689,49.35266760303977,49.93418502807617,212200,0.0,0.0
2022-07-26 00:00:00-04:00,49.73398184427321,49.915112346533625,49.12386646872642,49.5433235168457,221300,0.0,0.0
2022-07-27 00:00:00-04:00,50.22017751000964,51.535741257224366,50.086715206313585,51.44994354248047,317500,0.0,0.0
2022-07-28 00:00:00-04:00,51.48807108687592,52.679703948544336,51.1830133652148,52.45091247558594,405900,0.0,0.0
2022-07-29 00:00:00-04:00,52.65110090965123,52.87036089892929,51.55480096326088,52.23164749145508,377800,0.0,0.0
2022-08-01 00:00:00-04:00,51.936122776736546,52.59390276377115,50.97328508818665,52.28884506225586,401100,0.0,0.0
2022-08-02 00:00:00-04:00,52.22211373338044,52.39370914445017,50.19157409667969,50.19157409667969,571800,0.0,0.0
2022-08-03 00:00:00-04:00,53.9094570800365,56.102060295372596,53.60439943111535,54.44330978393555,1019700,0.0,0.0
2022-08-04 00:00:00-04:00,54.557720357599166,54.557720357599166,53.03243169742258,53.40422058105469,451800,0.0,0.0
2022-08-05 00:00:00-04:00,53.21354824154466,53.28027938016499,51.9265864120677,52.82269287109375,335300,0.0,0.0
2022-08-08 00:00:00-04:00,52.87990281147072,54.34799178262162,52.76550343456934,54.20499801635742,479800,0.0,0.0
2022-08-09 00:00:00-04:00,53.976195883329524,54.195455872362004,53.01335822396301,54.09059524536133,307900,0.0,0.0
2022-08-10 00:00:00-04:00,54.900907697399326,56.36900021160776,54.900907697399326,55.59682083129883,562500,0.0,0.0
2022-08-11 00:00:00-04:00,55.930477413474875,56.216472205259194,55.129703633518275,55.225032806396484,417600,0.0,0.0
2022-08-12 00:00:00-04:00,55.54915664843634,55.96861009700582,55.24409893373584,55.78748321533203,440800,0.0,0.0
2022-08-15 00:00:00-04:00,55.52920713864081,56.63883457454636,55.079619134235436,56.60057067871094,288700,0.2,0.0
2022-08-16 00:00:00-04:00,56.33272594665379,57.55714131757425,56.246634012820586,57.078853607177734,388800,0.0,0.0
2022-08-17 00:00:00-04:00,56.33273156554518,56.33273156554518,55.05092022786682,55.605735778808594,458900,0.0,0.0
2022-08-18 00:00:00-04:00,55.357020722766336,55.596164587223306,55.00308882510284,55.423980712890625,221700,0.0,0.0
2022-08-19 00:00:00-04:00,54.77351147154581,55.40485115497452,53.912595711804435,53.94129180908203,418900,0.0,0.0
2022-08-22 00:00:00-04:00,52.98470814236744,53.338640000734024,51.69333287729901,52.0950927734375,290100,0.0,0.0
2022-08-23 00:00:00-04:00,52.45859590925016,52.86992362966057,52.22901620404957,52.50642395019531,240400,0.0,0.0
2022-08-24 00:00:00-04:00,52.63078408458913,52.812532114678035,52.114232442383724,52.152496337890625,213100,0.0,0.0
2022-08-25 00:00:00-04:00,52.11422512204376,53.60648399578619,51.980305155626894,53.59691619873047,174700,0.0,0.0
2022-08-26 00:00:00-04:00,53.81693289829445,53.81693289829445,51.84638981814903,52.075965881347656,308900,0.0,0.0
2022-08-29 00:00:00-04:00,51.66463343205009,52.27684472580003,51.56897735595703,51.56897735595703,283000,0.0,0.0
2022-08-30 00:00:00-04:00,51.76985905706886,52.20988650950547,51.358531347667665,51.42549133300781,187900,0.0,0.0
2022-08-31 00:00:00-04:00,51.40636522164029,51.645509079176854,50.81328582763672,50.81328582763672,323700,0.0,0.0
2022-09-01 00:00:00-04:00,50.53588396974225,50.708064197690604,48.9097049364892,49.27320098876953,397700,0.0,0.0
2022-09-02 00:00:00-04:00,49.79932247518967,50.91851407284071,49.091454990632585,49.301902770996094,242500,0.0,0.0
2022-09-06 00:00:00-04:00,49.426254745480634,49.61757057688465,48.69925896500053,48.95753479003906,254600,0.0,0.0
2022-09-07 00:00:00-04:00,49.091439578700395,49.90452704912981,48.708808034354284,49.8280029296875,237000,0.0,0.0
2022-09-08 00:00:00-04:00,49.38798647602518,50.53587762894391,49.206234823643776,50.3541259765625,278200,0.0,0.0
2022-09-09 00:00:00-04:00,50.8132862274797,52.611649072038546,50.78459013204413,52.4872932434082,203600,0.0,0.0
2022-09-12 00:00:00-04:00,52.8890513039855,53.252547305045475,52.5255516538802,52.8603515625,250000,0.0,0.0
2022-09-13 00:00:00-04:00,51.32984192398752,51.9420496689655,50.564582242765056,50.86111831665039,373300,0.0,0.0
2022-09-14 00:00:00-04:00,51.26288145525934,52.26728500562858,51.08113342297884,52.20032501220703,362800,0.0,0.0
2022-09-15 00:00:00-04:00,51.75073384438376,53.64475657313988,51.65507775260844,51.84639358520508,477000,0.0,0.0
2022-09-16 00:00:00-04:00,51.31070461353557,51.61680845403478,50.83241690662484,51.348968505859375,747800,0.0,0.0
2022-09-19 00:00:00-04:00,50.80372664215953,52.54469380318498,50.80372664215953,51.72203826904297,280600,0.0,0.0
2022-09-20 00:00:00-04:00,50.94720180373844,51.14808540157089,48.67055508606092,49.541038513183594,560200,0.0,0.0
2022-09-21 00:00:00-04:00,50.15325324283964,51.57854867976426,49.40712552818235,49.49321746826172,402300,0.0,0.0
2022-09-22 00:00:00-04:00,49.49321144273948,49.49321144273948,46.891325258479924,47.37917709350586,833600,0.0,0.0
2022-09-23 00:00:00-04:00,46.67131834586058,46.96785440800613,44.93991542079062,46.20259475708008,684500,0.0,0.0
2022-09-26 00:00:00-04:00,45.839092088915834,46.86263113905303,43.409393310546875,43.409393310546875,721900,0.0,0.0
2022-09-27 00:00:00-04:00,43.466782649017276,43.62940235624038,41.917131601658184,43.04589080810547,899600,0.0,0.0
2022-09-28 00:00:00-04:00,43.3711301457916,44.251177789923325,43.3711301457916,43.514617919921875,494700,0.0,0.0
2022-09-29 00:00:00-04:00,42.864149358837004,43.42852904835288,41.448418060349674,42.42412185668945,577500,0.0,0.0
2022-09-30 00:00:00-04:00,42.625009443674344,43.11286138715837,40.88404216834867,41.03709411621094,619400,0.0,0.0
2022-10-03 00:00:00-04:00,41.53450415522906,43.21807898533486,41.11361227222548,42.8067512512207,517700,0.0,0.0
2022-10-04 00:00:00-04:00,43.533742973216555,45.437329542800164,43.533742973216555,45.303409576416016,594700,0.0,0.0
2022-10-05 00:00:00-04:00,44.31814861730267,45.360812502167285,43.61984522889168,45.08340835571289,459600,0.0,0.0
2022-10-06 00:00:00-04:00,44.576418991398505,45.51386623779507,43.76333123678167,44.069435119628906,662700,0.0,0.0
2022-10-07 00:00:00-04:00,43.705927160356744,44.040730727895294,42.69195960775165,43.90681076049805,568100,0.0,0.0
2022-10-10 00:00:00-04:00,44.212911662066126,44.480751579149334,41.75451342585181,41.80234146118164,768100,0.0,0.0
2022-10-11 00:00:00-04:00,40.22399253704507,43.55287430055446,39.956152608075634,42.70152282714844,1888100,0.0,0.0
2022-10-12 00:00:00-04:00,42.68239812662475,43.83028946553366,41.41971874853874,43.22764587402344,723600,0.0,0.0
2022-10-13 00:00:00-04:00,42.45282395938264,43.69637144541263,41.95540423516142,43.198951721191406,620200,0.0,0.0
2022-10-14 00:00:00-04:00,43.51462224812335,43.91638221717629,42.21367894996826,42.29020309448242,648700,0.0,0.0
2022-10-17 00:00:00-04:00,43.19895748571049,44.32771707801892,42.62501353835386,43.17026138305664,656100,0.0,0.0
2022-10-18 00:00:00-04:00,44.241618001155764,45.21732547387759,43.51462220823054,44.66250991821289,509400,0.0,0.0
2022-10-19 00:00:00-04:00,44.174657324927175,44.452065098480176,43.26590986100466,43.28504180908203,476300,0.0,0.0
2022-10-20 00:00:00-04:00,43.256343902046005,43.89724771512177,42.24237259063602,42.44325256347656,500900,0.0,0.0
2022-10-21 00:00:00-04:00,42.80675185157002,43.87811534545192,41.8788724873162,43.7824592590332,612700,0.0,0.0
2022-10-24 00:00:00-04:00,43.96420350156548,44.805990856023534,43.141548092554814,44.71033477783203,421900,0.0,0.0
2022-10-25 00:00:00-04:00,44.892082720885874,46.83392956791098,44.892082720885874,46.56608963012695,629700,0.0,0.0
2022-10-26 00:00:00-04:00,46.62348639018175,47.780941743162735,45.12165966186936,45.1599235534668,723300,0.0,0.0
2022-10-27 00:00:00-04:00,45.59994296685578,47.04437371862359,44.67206740380027,45.16948699951172,692100,0.0,0.0
2022-10-28 00:00:00-04:00,49.72279044245788,53.587356057678385,49.56017437080515,52.78383255004883,1496400,0.0,0.0
2022-10-31 00:00:00-04:00,52.42033169258519,52.755135275221264,51.004600524902344,51.004600524902344,1053800,0.0,0.0
2022-11-01 00:00:00-04:00,51.415929043284144,51.5307170724387,49.88540982440465,50.12455368041992,491700,0.0,0.0
2022-11-02 00:00:00-04:00,50.00976523518767,50.57414491783086,48.86187757134369,49.14884948730469,547600,0.0,0.0
2022-11-03 00:00:00-04:00,47.780944239726296,48.498375823959286,47.11134069796636,47.96269226074219,396200,0.0,0.0
2022-11-04 00:00:00-04:00,48.15399893829531,49.39754605175276,47.61831547677047,49.26362609863281,356800,0.0,0.0
2022-11-07 00:00:00-05:00,49.27320045142425,49.65583209591544,48.804480518420625,49.28276824951172,258000,0.0,0.0
2022-11-08 00:00:00-05:00,49.44538773172264,49.98107134109237,49.00536386458647,49.57931137084961,294100,0.0,0.0
2022-11-09 00:00:00-05:00,48.98623585874623,50.08629926417017,48.50794805622213,48.7662239074707,334000,0.0,0.0
2022-11-10 00:00:00-05:00,51.570413776275295,54.326596836833296,50.66768911770351,54.00008010864258,794900,0.2,0.0
2022-11-11 00:00:00-05:00,53.7792043648609,55.45020268381567,53.75039524910192,54.99884033203125,602700,0.0,0.0
2022-11-14 00:00:00-05:00,54.34581361312184,55.45020959141665,53.58714172067299,54.124935150146484,331200,0.0,0.0
2022-11-15 00:00:00-05:00,55.094882221938114,55.24853697028776,54.019298983490586,54.220970153808594,371800,0.0,0.0
2022-11-16 00:00:00-05:00,54.06731048284642,54.21136339905422,52.71322699148087,53.82722473144531,194800,0.0,0.0
2022-11-17 00:00:00-05:00,52.492346075564924,53.1741886983149,51.992967296483656,52.58837890625,247200,0.0,0.0
2022-11-18 00:00:00-05:00,53.759991147707446,53.85602762869329,52.069789379945426,52.56916809082031,272900,0.0,0.0
2022-11-21 00:00:00-05:00,52.405917374551436,52.962918074667314,52.405917374551436,52.684417724609375,157700,0.0,0.0
2022-11-22 00:00:00-05:00,53.11657163879471,54.374618600284975,53.11657163879471,54.14413833618164,214800,0.0,0.0
2022-11-23 00:00:00-05:00,53.82722261302469,55.21972064903163,53.79841349628407,55.11408233642578,202100,0.0,0.0
2022-11-25 00:00:00-05:00,55.325356516736875,55.79592249865456,55.13328719897928,55.49821853637695,101200,0.0,0.0
2022-11-28 00:00:00-05:00,54.98924016210856,55.479017157820046,54.59549966723163,54.902809143066406,377100,0.0,0.0
2022-11-29 00:00:00-05:00,54.88360660219365,55.53664016723633,54.41303689725307,55.53664016723633,210000,0.0,0.0
2022-11-30 00:00:00-05:00,55.54623589265434,57.31326705186145,54.201754308951124,57.29405975341797,449900,0.0,0.0
2022-12-01 00:00:00-05:00,57.11160144781473,58.100753601295104,56.46816970956686,56.72746276855469,497600,0.0,0.0
2022-12-02 00:00:00-05:00,56.170456248552576,56.86190062592575,55.767110336952335,56.84269332885742,253300,0.0,0.0
2022-12-05 00:00:00-05:00,55.90156036765192,56.38173182656681,54.75875361426477,54.82597732543945,294700,0.0,0.0
2022-12-06 00:00:00-05:00,54.8451913135222,57.29406532002277,54.28819059479656,56.26649856567383,588200,0.0,0.0
2022-12-07 00:00:00-05:00,56.05522103124478,56.85230749599531,55.66148053972478,56.324119567871094,285400,0.0,0.0
2022-12-08 00:00:00-05:00,56.53538883247329,57.84145583966977,55.98799364025383,57.2364387512207,300100,0.0,0.0
2022-12-09 00:00:00-05:00,56.81389138460061,57.39970119715032,56.06482502149391,56.1800651550293,208500,0.0,0.0
2022-12-12 00:00:00-05:00,56.28570634306189,56.28570634306189,55.05646842016965,55.546241760253906,302400,0.0,0.0
2022-12-13 00:00:00-05:00,57.84145947737842,58.052736113423386,56.25689569729481,56.564205169677734,365700,0.0,0.0
2022-12-14 00:00:00-05:00,56.448954296572765,57.06357316432313,55.469404102314094,56.0648193359375,360100,0.0,0.0
2022-12-15 00:00:00-05:00,54.662723419417176,55.13329311524851,53.12617603930697,53.51991653442383,529700,0.0,0.0
2022-12-16 00:00:00-05:00,52.71322032011085,54.13452734891507,52.26185799230734,53.77920150756836,699900,0.0,0.0
2022-12-19 00:00:00-05:00,53.33744998052653,53.6831740394222,52.76124199456116,52.99172592163086,269300,0.0,0.0
2022-12-20 00:00:00-05:00,52.89569102136882,53.65435916160342,52.425121367728785,53.347049713134766,266500,0.0,0.0
2022-12-21 00:00:00-05:00,54.06730017383247,55.41178159069351,54.06730017383247,54.92200469970703,311600,0.0,0.0
2022-12-22 00:00:00-05:00,54.211361285344125,54.268979518846436,52.434724596196574,53.72158432006836,265400,0.0,0.0
2022-12-23 00:00:00-05:00,53.67356285196627,54.518665610153604,53.54871725210036,54.49945831298828,185600,0.0,0.0
2022-12-27 00:00:00-05:00,54.441838056090006,54.81637486693306,54.16334139737447,54.40342712402344,165500,0.0,0.0
2022-12-28 00:00:00-05:00,54.3938226603308,54.78756311285935,53.14537759110009,53.17418670654297,259700,0.0,0.0
2022-12-29 00:00:00-05:00,53.57753723511761,55.41179223179229,53.57753723511761,54.979637145996094,255200,0.0,0.0
2022-12-30 00:00:00-05:00,54.41302490234375,54.67231790748854,53.76959696112375,54.41302490234375,220300,0.0,0.0
2023-01-03 00:00:00-05:00,55.27733331409052,55.978383123899164,54.35540143476758,55.4501953125,238100,0.0,0.0
2023-01-04 00:00:00-05:00,56.189668243149995,56.97715288645879,55.77672411669606,56.33372116088867,228800,0.0,0.0
2023-01-05 00:00:00-05:00,55.824738456329314,56.372133661887,55.507823514470786,56.22808074951172,209800,0.0,0.0
2023-01-06 00:00:00-05:00,55.66148356647957,56.669843059261524,54.76836421656518,56.36253356933594,298700,0.0,0.0
2023-01-09 00:00:00-05:00,56.372132424135124,57.98550888827564,56.372132424135124,56.99635314941406,284400,0.0,0.0
2023-01-10 00:00:00-05:00,56.7082499309089,57.94709320396544,56.496976975022015,57.76462936401367,262100,0.0,0.0
2023-01-11 00:00:00-05:00,58.2447954169259,61.14502760505126,58.2447954169259,60.18468475341797,645500,0.0,0.0
2023-01-12 00:00:00-05:00,60.74169115761948,61.28908634217205,59.95421023726604,61.00098419189453,364800,0.0,0.0
2023-01-13 00:00:00-05:00,60.40557174567682,61.29869096340346,60.05024222401437,60.588035583496094,209800,0.0,0.0
2023-01-17 00:00:00-05:00,60.50161383260641,62.23983245686036,60.50161383260641,61.64442443847656,308800,0.0,0.0
2023-01-18 00:00:00-05:00,61.433144895699485,62.66238280369274,60.94336789813359,61.12583541870117,300100,0.0,0.0
2023-01-19 00:00:00-05:00,60.42477947790534,61.02979659042166,59.41642006598999,60.10786819458008,354000,0.0,0.0
2023-01-20 00:00:00-05:00,60.43437756909453,62.79682016832681,59.82936053056327,62.19180679321289,529600,0.0,0.0
2023-01-23 00:00:00-05:00,62.22062576535526,63.401843588703876,61.92292177077462,62.97929763793945,231700,0.0,0.0
2023-01-24 00:00:00-05:00,63.065713009717,63.315404201473086,61.5675805128494,61.6156005859375,233500,0.0,0.0
2023-01-25 00:00:00-05:00,61.15463117986757,61.87488829615362,60.83771629026148,61.711631774902344,265100,0.0,0.0
2023-01-26 00:00:00-05:00,62.18221056874501,63.248191907498935,61.31790038504781,63.23858642578125,256100,0.0,0.0
2023-01-27 00:00:00-05:00,63.22896773035264,63.824382916209885,62.73919816764037,63.353816986083984,272600,0.0,0.0
2023-01-30 00:00:00-05:00,63.03690596498861,63.680333935208566,62.527925411625525,63.344215393066406,385700,0.0,0.0
2023-01-31 00:00:00-05:00,63.78598715800189,64.89998867462853,63.641934227150315,64.74633026123047,298800,0.0,0.0
2023-02-01 00:00:00-05:00,64.3141771971203,66.84948234048726,64.1989333899359,66.22525787353516,465600,0.0,0.0
2023-02-02 00:00:00-05:00,66.93589888469374,70.86370525454896,66.76303686526772,69.67288208007812,922000,0.0,0.0
2023-02-03 00:00:00-05:00,66.9935239049698,67.00312205881339,63.22897410398422,63.6611328125,1241500,0.0,0.0
2023-02-06 00:00:00-05:00,62.230219273923176,63.23857486486492,61.6636131855359,62.08616638183594,509200,0.0,0.0
2023-02-07 00:00:00-05:00,61.59639407670682,63.98764588722148,61.34670653032642,63.6611328125,526200,0.0,0.0
2023-02-08 00:00:00-05:00,63.26739376221795,64.36218418845516,62.91207154386456,64.2757568359375,375100,0.0,0.0
2023-02-09 00:00:00-05:00,65.07283151251775,65.19767344141484,63.113731281165876,63.353816986083984,341600,0.0,0.0
2023-02-10 00:00:00-05:00,63.07532290755533,64.07408041769912,62.07656539741155,62.96968460083008,548500,0.0,0.0
2023-02-13 00:00:00-05:00,63.08527713220735,63.77884069954887,62.63253383967878,63.64398193359375,249400,0.2,0.0
2023-02-14 00:00:00-05:00,63.297208240094236,64.1448930700499,62.58438219333032,63.798118591308594,196800,0.0,0.0
2023-02-15 00:00:00-05:00,63.008209349172816,64.49165551851137,62.98893961493449,64.13524627685547,184600,0.0,0.0
2023-02-16 00:00:00-05:00,63.02747382468295,64.18340804281334,62.5361984748148,62.84444808959961,289300,0.0,0.0
2023-02-17 00:00:00-05:00,62.82519430329137,62.902258554848515,61.77521408626692,62.06420135498047,208400,0.0,0.0
2023-02-21 00:00:00-05:00,60.99496363052821,61.22615272907371,59.338118835725936,59.4440803527832,323500,0.0,0.0
2023-02-22 00:00:00-05:00,59.61745988048499,60.1857958115445,58.114743887912645,58.73124313354492,447300,0.0,0.0
2023-02-23 00:00:00-05:00,59.24179060935236,59.72343118341214,58.76015003529258,59.540409088134766,339800,0.0,0.0
2023-02-24 00:00:00-05:00,58.500054463301645,58.702342590610954,57.79685977697022,58.50968933105469,305100,0.0,0.0
2023-02-27 00:00:00-05:00,59.26104719512848,59.26104719512848,58.00878263778395,58.47115707397461,322100,0.0,0.0
2023-02-28 00:00:00-05:00,56.872122320369684,58.769783765285254,56.872122320369684,58.24961471557617,749400,0.0,0.0
2023-03-01 00:00:00-05:00,58.14365059374108,59.25142170749882,57.970259693391874,59.16472625732422,432500,0.0,0.0
2023-03-02 00:00:00-05:00,58.056956005597016,59.742698037090676,58.056956005597016,59.51150894165039,275200,0.0,0.0
2023-03-03 00:00:00-05:00,59.89682195456996,60.94679855073566,59.56930621793223,60.66744613647461,304800,0.0,0.0
2023-03-06 00:00:00-05:00,60.68671028926546,61.486235379119044,59.60783646857376,59.896820068359375,404600,0.0,0.0
2023-03-07 00:00:00-05:00,59.81012380040951,60.416991923871606,58.36520214667885,58.42300033569336,300100,0.0,0.0
2023-03-08 00:00:00-05:00,58.74087787280393,59.675261665350995,57.94135651367778,59.36701202392578,308500,0.0,0.0
2023-03-09 00:00:00-05:00,59.10692313894289,59.84864995480459,57.1514638718873,57.31521987915039,435800,0.0,0.0
2023-03-10 00:00:00-05:00,56.89138099502822,57.478979357716526,55.186373069824434,55.6969108581543,620500,0.0,0.0
2023-03-13 00:00:00-04:00,54.261624773101595,56.56386595672517,52.017178102275665,55.59095001220703,861500,0.0,0.0
2023-03-14 00:00:00-04:00,57.41154563071198,58.51932024092532,55.05151014094285,55.542781829833984,568000,0.0,0.0
2023-03-15 00:00:00-04:00,53.972639131589744,54.974452362594505,53.298345297861346,54.32905578613281,502400,0.0,0.0
2023-03-16 00:00:00-04:00,53.68365278010495,57.093668598360914,53.124951678740615,55.84140396118164,512000,0.0,0.0
2023-03-17 00:00:00-04:00,55.00334562283288,55.00334562283288,53.712548889084374,54.66619873046875,870900,0.0,0.0
2023-03-20 00:00:00-04:00,55.311595260030245,56.57349473861198,54.608400545509674,54.66619873046875,465200,0.0,0.0
2023-03-21 00:00:00-04:00,55.773974055403414,56.97807536338168,55.49462167004232,55.648746490478516,468500,0.0,0.0
2023-03-22 00:00:00-04:00,55.61985725433967,56.19782449565138,53.79925272749298,53.885948181152344,346600,0.0,0.0
2023-03-23 00:00:00-04:00,53.953377326117504,55.292341254272884,53.047894338924415,53.770355224609375,394000,0.0,0.0
2023-03-24 00:00:00-04:00,52.99972550895173,55.83177056376569,52.54698222507517,55.292335510253906,471100,0.0,0.0
2023-03-27 00:00:00-04:00,55.812501447165204,55.918462948199924,54.92628466510302,55.22490310668945,314300,0.0,0.0
2023-03-28 00:00:00-04:00,55.186370974495865,55.4560884864482,54.752893776982816,54.887752532958984,358600,0.0,0.0
2023-03-29 00:00:00-04:00,55.48499070510453,56.39047730416467,54.483181139105696,56.06296157836914,304600,0.0,0.0
2023-03-30 00:00:00-04:00,56.32304725377164,57.10330259524001,55.79323970755758,56.168922424316406,302900,0.0,0.0
2023-03-31 00:00:00-04:00,56.467534674136694,57.50787998212749,56.02442626871497,57.42118453979492,344700,0.0,0.0
2023-04-03 00:00:00-04:00,57.16110474068526,58.59639529996449,56.8913871891265,58.538597106933594,333200,0.0,0.0
2023-04-04 00:00:00-04:00,58.67345304540795,58.67345304540795,57.0262432072559,57.79686737060547,286800,0.0,0.0
2023-04-05 00:00:00-04:00,57.34412689130079,58.606026547242045,56.92028449923992,58.16291809082031,249700,0.0,0.0
2023-04-06 00:00:00-04:00,58.220710836229664,58.6927202121312,57.34412514494905,57.46935272216797,345600,0.0,0.0
2023-04-10 00:00:00-04:00,57.10330815680936,57.91246450891349,56.83359059765003,57.27669906616211,584600,0.0,0.0
2023-04-11 00:00:00-04:00,57.62347149029013,60.01240802735187,56.8624785871569,59.55003356933594,365500,0.0,0.0
2023-04-12 00:00:00-04:00,60.272502750184344,60.4362624605345,59.23216099329472,59.4440803527832,255300,0.0,0.0
2023-04-13 00:00:00-04:00,59.70416226717377,60.783036072630026,59.26105384211818,60.715606689453125,253900,0.0,0.0
2023-04-14 00:00:00-04:00,61.07202781326807,61.6114629181685,60.378464193109174,60.946800231933594,470600,0.0,0.0
2023-04-17 00:00:00-04:00,60.62891616289053,61.052762233966966,59.62710652813279,60.34956741333008,436400,0.0,0.0
2023-04-18 00:00:00-04:00,60.45551682192207,60.831199516496575,59.858283602378265,60.416988372802734,278400,0.0,0.0
2023-04-19 00:00:00-04:00,60.156903730304776,61.20688024662469,59.87755133728717,61.072021484375,217800,0.0,0.0
2023-04-20 00:00:00-04:00,60.71560183359244,61.07201845859464,60.33992282175948,61.00458908081055,181100,0.0,0.0
2023-04-21 00:00:00-04:00,61.12018518333969,61.81374506131382,60.6867079629648,61.26467514038086,341800,0.0,0.0
2023-04-24 00:00:00-04:00,61.139450319997,62.31465439418857,60.93715850380169,61.63072204589844,453200,0.0,0.0
2023-04-25 00:00:00-04:00,60.927525231910955,61.775209893755,60.927525231910955,61.534393310546875,340300,0.0,0.0
2023-04-26 00:00:00-04:00,61.206875135404076,62.179790995461026,61.206875135404076,61.65961837768555,421700,0.0,0.0
2023-04-27 00:00:00-04:00,62.07382944921302,63.50911606887789,61.73667522275924,63.499481201171875,463400,0.0,0.0
2023-04-28 00:00:00-04:00,59.05877012004662,63.171981175321825,56.99734532032912,60.19544219970703,650500,0.0,0.0
2023-05-01 00:00:00-04:00,60.26286045031942,60.26286045031942,58.15327271669977,58.50968933105469,500000,0.0,0.0
2023-05-02 00:00:00-04:00,58.288139667572246,58.288139667572246,56.22671863348905,57.652374267578125,563300,0.0,0.0
2023-05-03 00:00:00-04:00,57.777593102989826,57.90282066007286,56.76614880255074,56.85284423828125,564200,0.0,0.0
2023-05-04 00:00:00-04:00,56.236357784980854,56.51570654175562,55.012990213497645,55.09968566894531,439700,0.0,0.0
2023-05-05 00:00:00-04:00,55.80287586471512,56.621663351107365,55.63911616266115,56.332679748535156,391100,0.0,0.0
2023-05-08 00:00:00-04:00,55.34050117528371,56.10149414331895,54.097867646409846,55.50425720214844,383600,0.0,0.0
2023-05-09 00:00:00-04:00,55.19600602731499,55.31159872985903,54.38684976025524,54.51207733154297,347600,0.0,0.0
2023-05-10 00:00:00-04:00,55.282697616617114,55.764338130683655,54.521704722481864,55.22490310668945,303500,0.0,0.0
2023-05-11 00:00:00-04:00,54.78179513230715,56.583133435175895,54.78179513230715,56.50606918334961,253900,0.0,0.0
2023-05-12 00:00:00-04:00,56.97808071022204,57.50788460052432,56.92028251915008,57.353759765625,254800,0.0,0.0
2023-05-15 00:00:00-04:00,57.59539371579412,59.16116777288676,57.59539371579412,58.81321716308594,370600,0.2,0.0
2023-05-16 00:00:00-04:00,58.552257519708,59.567111000487365,58.552257519708,59.04518508911133,333400,0.0,0.0
2023-05-17 00:00:00-04:00,59.62509577619399,61.25853003902475,59.6057647786859,60.494972229003906,509100,0.0,0.0
2023-05-18 00:00:00-04:00,60.18568661022406,62.53434577458496,60.18568661022406,62.515018463134766,597700,0.0,0.0
2023-05-19 00:00:00-04:00,62.80497550309887,62.930621454077645,60.25333918405669,61.113548278808594,376600,0.0,0.0
2023-05-22 00:00:00-04:00,61.10388296127682,61.50982282941432,59.89572332466195,59.91505432128906,290100,0.0,0.0
2023-05-23 00:00:00-04:00,59.19982336090205,60.89124688549926,59.161161366885835,59.219154357910156,277100,0.0,0.0
2023-05-24 00:00:00-04:00,58.83254570082428,59.112839645549585,57.74037194987823,58.61024475097656,230700,0.0,0.0
2023-05-25 00:00:00-04:00,58.54258919072614,58.6585714956304,56.70618487585561,56.96714782714844,336800,0.0,0.0
2023-05-26 00:00:00-04:00,57.083125779039996,58.43626231103288,56.686849580004946,58.378273010253906,217300,0.0,0.0
2023-05-30 00:00:00-04:00,58.90020091736842,59.12250186180404,58.61024332406157,58.89053726196289,329400,0.0,0.0
2023-05-31 00:00:00-04:00,58.90986523253283,59.683086670620526,58.3492773855376,58.99685287475586,343400,0.0,0.0
2023-06-01 00:00:00-04:00,58.94853068331364,60.12769206292204,58.94853068331364,59.72175216674805,302800,0.0,0.0
2023-06-02 00:00:00-04:00,60.27267205611108,61.6548070559573,60.27267205611108,61.62580871582031,213100,0.0,0.0
2023-06-05 00:00:00-04:00,61.28751921168436,61.635469761695916,60.340322540547604,60.85258102416992,231800,0.0,0.0
2023-06-06 00:00:00-04:00,60.572292144990165,62.147737092240924,60.572292144990165,61.79011917114258,257400,0.0,0.0
2023-06-07 00:00:00-04:00,62.30238225910067,63.27857741993952,62.09941230221732,62.92095947265625,644200,0.0,0.0
2023-06-08 00:00:00-04:00,62.87262765814785,63.24957285817745,61.857770658670674,63.13358688354492,196500,0.0,0.0
2023-06-09 00:00:00-04:00,63.143267173219336,63.62653110558926,62.292717932873934,63.3848991394043,190200,0.0,0.0
2023-06-12 00:00:00-04:00,63.0755984189463,64.40940396179835,62.68898587240308,64.30308532714844,254000,0.0,0.0
2023-06-13 00:00:00-04:00,65.21163208571515,67.74393021165584,64.90234348353836,67.10602569580078,542300,0.0,0.0
2023-06-14 00:00:00-04:00,67.12534364782148,67.89856873246144,66.29412926274085,67.04802703857422,364500,0.0,0.0
2023-06-15 00:00:00-04:00,66.45844358879366,67.92756237907882,66.20714433389539,67.58927917480469,387200,0.0,0.0
2023-06-16 00:00:00-04:00,68.04356163740272,68.04356163740272,65.92686330106659,66.09117126464844,405300,0.0,0.0
2023-06-20 00:00:00-04:00,65.9462024938385,67.24134635272499,65.59825185658066,66.80641174316406,299200,0.0,0.0
2023-06-21 00:00:00-04:00,66.66142762265017,67.46364751547671,66.16849634977788,67.06736755371094,175600,0.0,0.0
2023-06-22 00:00:00-04:00,66.33279646098,66.62275773398491,65.4339253634906,65.70455932617188,205600,0.0,0.0
2023-06-23 00:00:00-04:00,65.09564063940827,65.97518440646535,64.65103877191461,65.41459655761719,504500,0.0,0.0
2023-06-26 00:00:00-04:00,65.26961764324977,66.29413469645314,65.26961764324977,65.47258758544922,177700,0.0,0.0
2023-06-27 00:00:00-04:00,65.64655754766672,68.5558078978088,65.58856824717901,68.1112060546875,477500,0.0,0.0
2023-06-28 00:00:00-04:00,68.0532228754929,69.58999846881557,67.67627026635364,69.49334716796875,255400,0.0,0.0
2023-06-29 00:00:00-04:00,69.58033333137352,69.85095993192881,68.38184094004791,68.71045684814453,303300,0.0,0.0
2023-06-30 00:00:00-04:00,69.11640361742892,69.31937356636071,67.77293059305536,67.9565658569336,309300,0.0,0.0
2023-07-03 00:00:00-04:00,67.65694673169925,68.44949924130971,67.28966881837509,67.85991668701172,119800,0.0,0.0
2023-07-05 00:00:00-04:00,67.40563187416491,67.94689233739143,66.2747963667789,66.34245300292969,187400,0.0,0.0
2023-07-06 00:00:00-04:00,64.48674243304573,64.689712406424,62.66966526828725,64.23544311523438,608600,0.0,0.0
2023-07-07 00:00:00-04:00,64.11944788952533,65.337274928635,64.11944788952533,65.08597564697266,227200,0.0,0.0
2023-07-10 00:00:00-04:00,65.4339124734142,67.63760149129104,65.24060991217134,67.12533569335938,240500,0.0,0.0
2023-07-11 00:00:00-04:00,68.01456010286402,68.49782397559541,67.79225547683812,68.36251068115234,279300,0.0,0.0
2023-07-12 00:00:00-04:00,69.53201399177365,70.04427255845508,68.92309674351135,69.97661590576172,193300,0.0,0.0
2023-07-13 00:00:00-04:00,69.52234156070264,71.26209446552237,69.40635557570748,71.16543579101562,272600,0.0,0.0
2023-07-14 00:00:00-04:00,70.9721377701568,71.33941568531107,70.01527729776676,71.27175903320312,178300,0.0,0.0
2023-07-17 00:00:00-04:00,71.47471666487608,73.92969777722026,71.27174674355112,73.52375793457031,767800,0.0,0.0
2023-07-18 00:00:00-04:00,73.93937698067548,76.34602914708503,73.84272567511296,75.98841857910156,398800,0.0,0.0
2023-07-19 00:00:00-04:00,76.35568946304016,79.19728330400973,76.07539554088822,78.79133605957031,498900,0.0,0.0
2023-07-20 00:00:00-04:00,78.2210973178164,78.56904792538586,77.14825084014757,78.09545135498047,295900,0.0,0.0
2023-07-21 00:00:00-04:00,78.71402783988272,78.9556597943283,77.00326947295558,77.341552734375,300000,0.0,0.0
2023-07-24 00:00:00-04:00,77.48654488844022,78.16311888577096,77.07093757011609,77.8344955444336,248800,0.0,0.0
2023-07-25 00:00:00-04:00,78.10510654701761,79.50657623457529,77.47686939723906,77.53485870361328,306500,0.0,0.0
2023-07-26 00:00:00-04:00,77.834480151576,78.99431790018748,77.39954560461024,78.97498321533203,432700,0.0,0.0
2023-07-27 00:00:00-04:00,79.67089387593818,80.14449047498329,77.29323616311126,77.51553344726562,475100,0.0,0.0
2023-07-28 00:00:00-04:00,76.75196899792196,76.75196899792196,72.35426496739568,73.5527572631836,713300,0.0,0.0
2023-07-31 00:00:00-04:00,73.71706588354289,75.07020616494682,72.26727430504324,72.71188354492188,494200,0.0,0.0
2023-08-01 00:00:00-04:00,72.8858509304168,73.05981882192282,71.29107889209375,72.25760650634766,315800,0.0,0.0
2023-08-02 00:00:00-04:00,71.76468830467476,72.13196620970066,70.74017120842969,71.82267761230469,216200,0.0,0.0
2023-08-03 00:00:00-04:00,71.310419230193,71.60038051706131,70.4018807470927,71.29109191894531,181800,0.0,0.0
2023-08-04 00:00:00-04:00,71.79369895807766,73.46579564958665,71.55206695707496,72.95353698730469,162500,0.0,0.0
2023-08-07 00:00:00-04:00,73.16613553428856,74.63526159895159,72.93417097766503,74.55793762207031,157100,0.0,0.0
2023-08-08 00:00:00-04:00,73.40777627953378,73.90070747404064,72.78919913796565,73.25313568115234,153200,0.0,0.0
2023-08-09 00:00:00-04:00,73.00183530338767,73.34978586198356,72.37359082958834,72.80853271484375,138500,0.0,0.0
2023-08-10 00:00:00-04:00,73.20481156878007,73.83305609694828,71.83234389888885,71.98699188232422,135400,0.0,0.0
2023-08-11 00:00:00-04:00,71.78401355929006,72.23828278676801,71.29108971051414,71.4650650024414,117800,0.0,0.0
2023-08-14 00:00:00-04:00,71.23247018663723,71.25184991835235,70.50560824595726,70.951416015625,195500,0.2,0.0
2023-08-15 00:00:00-04:00,70.13733038501492,70.81573186855893,69.35231450374644,70.34085083007812,188300,0.0,0.0
2023-08-16 00:00:00-04:00,70.25362948310399,70.51530393027357,69.05188644201826,69.0712661743164,134000,0.0,0.0
2023-08-17 00:00:00-04:00,69.65277429121474,69.65277429121474,67.74354867363846,67.9083023071289,154800,0.0,0.0
2023-08-18 00:00:00-04:00,67.15233845475368,68.27654750607124,66.76467735656745,67.18141174316406,231400,0.0,0.0
2023-08-21 00:00:00-04:00,67.30741073757146,67.49155145646023,65.71800659964619,66.55147552490234,305800,0.0,0.0
2023-08-22 00:00:00-04:00,66.91976124626441,67.02636825939013,65.1365227127251,65.16559600830078,217400,0.0,0.0
2023-08-23 00:00:00-04:00,65.16557524362193,67.29770743272104,65.10742867099866,67.2783203125,276000,0.0,0.0
2023-08-24 00:00:00-04:00,67.4043337224971,67.67569433117418,66.28011703623827,66.89067840576172,157200,0.0,0.0
2023-08-25 00:00:00-04:00,66.98760563157087,67.15235924625387,66.06690931406295,66.84223175048828,142300,0.0,0.0
2023-08-28 00:00:00-04:00,67.44309426479352,68.18934334461422,66.5224054143376,66.87129974365234,252200,0.0,0.0
2023-08-29 00:00:00-04:00,66.84221910223611,68.4316231415318,66.3867178115804,67.40432739257812,239300,0.0,0.0
2023-08-30 00:00:00-04:00,67.02636614698463,68.89681711427954,67.02636614698463,68.5770034790039,162300,0.0,0.0
2023-08-31 00:00:00-04:00,68.4413237983546,70.25362819284807,68.4413237983546,69.55583953857422,372500,0.0,0.0
2023-09-01 00:00:00-04:00,70.04040407474997,70.9901734714921,69.77873706412875,70.52497863769531,203200,0.0,0.0
2023-09-05 00:00:00-04:00,70.13732248993466,70.67035005442654,68.69328501833517,68.80958557128906,260300,0.0,0.0
2023-09-06 00:00:00-04:00,69.16816802897374,69.38137460181024,67.49153697561705,67.8404312133789,136900,0.0,0.0
2023-09-07 00:00:00-04:00,67.85011992651566,68.24746715034472,67.65628570048469,67.93733978271484,184100,0.0,0.0
2023-09-08 00:00:00-04:00,67.91798359833184,67.98582375245199,66.97790760979379,67.16204833984375,120500,0.0,0.0
2023-09-11 00:00:00-04:00,67.70476871154759,69.54615380655656,67.70476871154759,69.09065246582031,219000,0.0,0.0
2023-09-12 00:00:00-04:00,68.28626215142145,68.90651714242547,67.0457521694134,67.53032684326172,274200,0.0,0.0
2023-09-13 00:00:00-04:00,67.84045531297792,68.01490249382934,65.70832967503632,66.13475036621094,385400,0.0,0.0
2023-09-14 00:00:00-04:00,66.87129741964691,67.96643339670048,66.57086352196448,67.37525177001953,274700,0.0,0.0
2023-09-15 00:00:00-04:00,66.97789821792477,67.5884595193912,65.77615534458496,66.5805435180664,489100,0.0,0.0
2023-09-18 00:00:00-04:00,66.94883647434264,67.2492703959933,65.8827737063354,66.12506103515625,223700,0.0,0.0
2023-09-19 00:00:00-04:00,66.30918141416633,67.22987752010972,66.03782084197958,66.15412139892578,165800,0.0,0.0
2023-09-20 00:00:00-04:00,66.46425035246587,67.46247279198354,66.46425035246587,66.5805435180664,242400,0.0,0.0
2023-09-21 00:00:00-04:00,65.86337761305003,65.94091132228304,64.93299528431851,65.078369140625,186000,0.0,0.0
2023-09-22 00:00:00-04:00,64.72947016731412,65.3884918601467,64.36119616609216,64.86515045166016,136600,0.0,0.0
2023-09-25 00:00:00-04:00,64.54532797518875,65.26249623212954,64.54532797518875,64.81668853759766,95000,0.0,0.0
2023-09-26 00:00:00-04:00,64.05106585792777,64.94268872438806,63.673098268654314,63.702178955078125,186800,0.0,0.0
2023-09-27 00:00:00-04:00,64.01231234426432,64.85546747834888,63.353290543841425,63.88631820678711,191300,0.0,0.0
2023-09-28 00:00:00-04:00,64.16736203218208,65.28188499350227,63.673093913088245,64.39995574951172,111400,0.0,0.0
2023-09-29 00:00:00-04:00,64.7391757868829,65.6114042361313,64.41935474534658,64.54534149169922,164000,0.0,0.0
2023-10-02 00:00:00-04:00,65.88277731231575,65.9699972063343,63.1110095273755,63.760337829589844,187500,0.0,0.0
2023-10-03 00:00:00-04:00,63.4211268918202,63.4211268918202,60.513675554570966,61.66696548461914,454800,0.0,0.0
2023-10-04 00:00:00-04:00,61.69604434604691,63.86694040669974,61.4246837248445,63.23699188232422,232100,0.0,0.0
2023-10-05 00:00:00-04:00,63.08192275883183,64.54534023436658,63.08192275883183,64.49688720703125,234000,0.0,0.0
2023-10-06 00:00:00-04:00,63.799083405294844,65.13650642551353,63.333888610337674,64.34180450439453,197500,0.0,0.0
2023-10-09 00:00:00-04:00,63.87662001802058,66.03781834627544,63.87662001802058,65.2818832397461,169700,0.0,0.0
2023-10-10 00:00:00-04:00,65.3109648614481,67.33649056116514,65.3109648614481,66.4157943725586,313800,0.0,0.0
2023-10-11 00:00:00-04:00,66.46425481143955,67.61753734713675,65.87307319990478,66.57086181640625,159100,0.0,0.0
2023-10-12 00:00:00-04:00,66.71622399000766,66.71622399000766,64.21582480047229,64.58409881591797,183700,0.0,0.0
2023-10-13 00:00:00-04:00,64.85546813118496,64.94269541139508,63.498657658536374,64.56472778320312,167400,0.0,0.0
2023-10-16 00:00:00-04:00,65.15589861434319,65.69861975565115,64.8166905070047,65.08805847167969,171600,0.0,0.0
2023-10-17 00:00:00-04:00,64.39997471452669,65.9021592431188,64.39997471452669,65.32067108154297,266100,0.0,0.0
2023-10-18 00:00:00-04:00,64.58410040255927,64.58410040255927,62.80086947046043,63.479270935058594,206600,0.0,0.0
2023-10-19 00:00:00-04:00,63.09160903423158,63.45989044835536,61.07578069758166,61.42467498779297,310000,0.0,0.0
2023-10-20 00:00:00-04:00,61.52159786284933,61.89956550288915,60.746279152894424,61.54098129272461,231000,0.0,0.0
2023-10-23 00:00:00-04:00,61.095169607340246,62.70395351745033,60.98856259831838,61.696041107177734,205800,0.0,0.0
2023-10-24 00:00:00-04:00,61.94801666358145,62.36475112593185,60.969177573393154,61.192081451416016,154100,0.0,0.0
2023-10-25 00:00:00-04:00,60.358607912938744,61.38590734344094,60.23262118521546,61.056396484375,224500,0.0,0.0
2023-10-26 00:00:00-04:00,61.056393478218425,63.09160511535487,60.81410620251121,62.112762451171875,260900,0.0,0.0
2023-10-27 00:00:00-04:00,64.39996857744754,67.68538414098731,63.333905817146494,67.43341064453125,654700,0.0,0.0
2023-10-30 00:00:00-04:00,67.84045795681324,68.35410595544256,64.91363002404663,65.85369873046875,475000,0.0,0.0
2023-10-31 00:00:00-04:00,65.73738445388585,66.9682005430309,64.89422208496173,65.12681579589844,308900,0.0,0.0
2023-11-01 00:00:00-04:00,64.83608321338126,67.19111607438909,64.5356419322669,66.6580810546875,407200,0.0,0.0
2023-11-02 00:00:00-04:00,67.8404475511774,69.313551158919,67.66600039028492,69.04219055175781,490400,0.0,0.0
2023-11-03 00:00:00-04:00,69.77874334530877,70.92233971256219,69.7690497828514,70.32146453857422,330600,0.0,0.0
2023-11-06 00:00:00-05:00,70.47654115189151,70.47654115189151,69.4395516543814,69.68183898925781,237700,0.0,0.0
2023-11-07 00:00:00-05:00,69.58490441296206,69.85626496261376,68.79988865830343,68.9549560546875,129600,0.0,0.0
2023-11-08 00:00:00-05:00,69.1585089242394,70.20519215899762,68.83868781461486,70.1373519897461,221700,0.0,0.0
2023-11-09 00:00:00-05:00,70.37961693679293,70.37961693679293,68.12149754641086,69.0518798828125,769900,0.0,0.0
2023-11-10 00:00:00-05:00,69.43091301946797,70.53885248979266,68.7603153451217,69.94600677490234,290700,0.2,0.0
2023-11-13 00:00:00-05:00,69.58641576185455,70.26673434583101,69.3920432606245,69.46979522705078,165800,0.0,0.0
2023-11-14 00:00:00-05:00,71.46214735559565,74.62074905233713,70.96648778241432,74.4944076538086,455000,0.0,0.0
2023-11-15 00:00:00-05:00,74.01817422550423,75.35936214859551,74.01817422550423,74.70820617675781,342200,0.0,0.0
2023-11-16 00:00:00-05:00,74.24172482028956,74.72766359115928,72.58953596526737,73.24069213867188,214200,0.0,0.0
2023-11-17 00:00:00-05:00,73.60998737380048,74.29030595809884,72.85192423787467,73.52252197265625,271900,0.0,0.0
2023-11-20 00:00:00-05:00,73.76547745505631,76.17572864412966,73.13375582213085,76.02995300292969,321500,0.0,0.0
2023-11-21 00:00:00-05:00,75.80642700195312,76.03967547042069,75.14555016226576,75.80642700195312,176800,0.0,0.0
2023-11-22 00:00:00-05:00,76.54506307814653,76.95324979047061,75.56346486674602,76.02024841308594,228200,0.0,0.0
2023-11-24 00:00:00-05:00,75.61206787085929,76.02025461649224,74.8831597901563,75.12612915039062,82200,0.0,0.0
2023-11-27 00:00:00-05:00,74.64017945912441,75.63149104064705,74.4263652671713,75.08724212646484,173200,0.0,0.0
2023-11-28 00:00:00-05:00,75.17470470100093,75.67036418056553,74.8539834251159,75.60233306884766,143500,0.0,0.0
2023-11-29 00:00:00-05:00,76.45759260632929,77.63356336021144,75.94249877523107,76.48674774169922,212000,0.0,0.0
2023-11-30 00:00:00-05:00,76.37983042921842,76.5256135014239,75.35936375345021,75.60233306884766,263100,0.0,0.0
2023-12-01 00:00:00-05:00,75.48572249557017,77.73076452846068,74.9123183384265,77.53638458251953,232900,0.0,0.0
2023-12-04 00:00:00-05:00,77.25453344337896,78.57628731756428,77.25453344337896,78.56656646728516,170500,0.0,0.0
2023-12-05 00:00:00-05:00,78.51795895873495,78.82895936250134,76.49645262683619,77.9639892578125,277100,0.0,0.0
2023-12-06 00:00:00-05:00,77.78905908680171,78.72206039428711,77.13790308285388,77.75018310546875,443600,0.0,0.0
2023-12-07 00:00:00-05:00,77.75018249044999,78.30415224410103,77.0504296616623,78.24584197998047,160500,0.0,0.0
2023-12-08 00:00:00-05:00,77.9154151218656,78.64432322559605,76.88522737467432,77.89598083496094,453700,0.0,0.0
2023-12-11 00:00:00-05:00,77.75017495573158,78.99417656864976,77.4683296817369,78.94558715820312,241800,0.0,0.0
2023-12-12 00:00:00-05:00,79.23714951143747,81.05456260399532,79.23714951143747,80.52002716064453,305400,0.0,0.0
2023-12-13 00:00:00-05:00,80.95739228261294,84.45614952161498,80.90879544553997,84.07711791992188,576600,0.0,0.0
2023-12-14 00:00:00-05:00,85.5640721507714,90.36514803589128,85.03925755720958,90.3165512084961,569400,0.0,0.0
2023-12-15 00:00:00-05:00,90.27768598714913,90.87053176080757,86.83723929594362,87.00245666503906,750000,0.0,0.0
2023-12-18 00:00:00-05:00,87.13851624700601,87.13851624700601,85.53491733001037,85.83619689941406,305500,0.0,0.0
2023-12-19 00:00:00-05:00,86.26382042985084,87.1482248064698,85.76816099271944,86.0208511352539,209500,0.0,0.0
2023-12-20 00:00:00-05:00,86.31240889213873,86.924696253294,83.99934390231428,84.3492202758789,213400,0.0,0.0
2023-12-21 00:00:00-05:00,85.11701484510534,85.79732598222994,84.42698285892604,84.95179748535156,171600,0.0,0.0
2023-12-22 00:00:00-05:00,85.49605215511845,86.06945623577855,85.06842374592394,85.80705261230469,164000,0.0,0.0
2023-12-26 00:00:00-05:00,86.05001549064059,86.84695456577414,85.73901505680396,86.2152328491211,125900,0.0,0.0
2023-12-27 00:00:00-05:00,86.86638138620059,86.86638138620059,86.24438057196348,86.63313293457031,171200,0.0,0.0
2023-12-28 00:00:00-05:00,86.3513002707395,87.39120872908661,86.15692776846059,86.51651763916016,135600,0.0,0.0
2023-12-29 00:00:00-05:00,86.18609103277173,86.9927510815141,85.5154932314273,85.88481140136719,108200,0.0,0.0
2024-01-02 00:00:00-05:00,85.92366384096317,86.55537806725877,84.3589410098648,85.33081817626953,247100,0.0,0.0
2024-01-03 00:00:00-05:00,83.97020759775249,83.97020759775249,82.34717414338152,82.63873291015625,290400,0.0,0.0
2024-01-04 00:00:00-05:00,82.86225387752346,83.18296772494259,82.11390426559771,82.27912902832031,142300,0.0,0.0
2024-01-05 00:00:00-05:00,81.59880930470561,83.02746998352669,81.41415026286667,81.93896484375,170700,0.0,0.0
2024-01-08 00:00:00-05:00,82.55125060023384,84.89347076416016,82.5026537749714,84.89347076416016,326700,0.0,0.0
2024-01-09 00:00:00-05:00,83.49398678577148,84.05767001409144,83.18297891520082,83.85357666015625,236100,0.0,0.0
2024-01-10 00:00:00-05:00,83.52313016431764,84.9712251373778,83.47453333767189,84.94207000732422,208400,0.0,0.0
2024-01-11 00:00:00-05:00,84.20344201874441,84.41725619420644,82.75534703243534,84.16456604003906,229300,0.0,0.0
2024-01-12 00:00:00-05:00,85.04898357323634,85.45717025475203,82.94000422240138,83.83413696289062,288800,0.0,0.0
2024-01-16 00:00:00-05:00,82.39575520697157,82.60956939648908,80.98653610673028,81.31697082519531,256900,0.0,0.0
2024-01-17 00:00:00-05:00,80.12157347676516,81.6571340999123,79.86888328213651,80.96710205078125,166200,0.0,0.0
2024-01-18 00:00:00-05:00,81.61825742905563,81.61825742905563,79.6259060344316,81.180908203125,177100,0.0,0.0
2024-01-19 00:00:00-05:00,81.57938315111136,83.22185075037946,80.05353608265794,83.19269561767578,165300,0.0,0.0
2024-01-22 00:00:00-05:00,83.58145329716747,84.84489683619852,83.20242171842531,84.61164093017578,163100,0.0,0.0
2024-01-23 00:00:00-05:00,85.05870814634807,85.14618096946235,83.84386137691142,84.222900390625,145000,0.0,0.0
2024-01-24 00:00:00-05:00,85.52520260808849,85.83620304825176,83.26072671401839,83.54257202148438,133400,0.0,0.0
2024-01-25 00:00:00-05:00,84.87403729842835,85.32109991876706,84.2325947900068,85.16559600830078,343300,0.0,0.0
2024-01-26 00:00:00-05:00,85.75844169099298,86.59425667266281,85.03925464217285,85.16559600830078,141200,0.0,0.0
2024-01-29 00:00:00-05:00,85.01984564023243,88.01322265840103,84.92265195987456,86.74978637695312,250300,0.0,0.0
2024-01-30 00:00:00-05:00,86.57484813308044,87.63419103248299,86.38046818720144,86.74978637695312,187300,0.0,0.0
2024-01-31 00:00:00-05:00,86.5262388718833,87.15796062934069,84.6602361483342,84.76714324951172,176600,0.0,0.0
2024-02-01 00:00:00-05:00,84.75742202457826,86.70117670671009,83.63976159938532,86.51651763916016,318900,0.0,0.0
2024-02-02 00:00:00-05:00,85.93339501532446,92.11453566297264,84.32008244173002,90.61784362792969,547800,0.0,0.0
2024-02-05 00:00:00-05:00,89.45159109658817,89.45159109658817,86.32214488124966,87.14823913574219,239900,0.0,0.0
2024-02-06 00:00:00-05:00,86.87610087052948,87.63416388755343,86.27353434720648,87.20654296875,290800,0.0,0.0
2024-02-07 00:00:00-05:00,87.8188306144308,87.8188306144308,86.41932497441273,86.85667419433594,146300,0.0,0.0
2024-02-08 00:00:00-05:00,86.81780176111879,88.41167995411527,86.53595645183051,87.73136138916016,270100,0.0,0.0
2024-02-09 00:00:00-05:00,87.78968617640727,89.13087430157144,87.34262346801921,88.64493560791016,202100,0.0,0.0
2024-02-12 00:00:00-05:00,88.9176476960721,90.88515068713491,88.51829879897574,89.69685363769531,255600,0.2,0.0
2024-02-13 00:00:00-05:00,85.91769211489627,87.1839120798505,82.83007246280435,83.50214385986328,433400,0.0,0.0
2024-02-14 00:00:00-05:00,84.83653978354207,86.21963660630583,83.89174588466828,86.093017578125,220000,0.0,0.0
2024-02-15 00:00:00-05:00,86.20015371306995,89.01505079350355,85.97612744502251,88.49882507324219,239900,0.0,0.0
2024-02-16 00:00:00-05:00,87.42741379005177,88.21636198567045,86.13197464502294,86.16119384765625,170600,0.0,0.0
2024-02-20 00:00:00-05:00,84.68070008987934,85.57679034568767,84.50537743712292,84.79757690429688,236000,0.0,0.0
2024-02-21 00:00:00-05:00,83.95992473191626,85.13848710103562,83.95992473191626,84.787841796875,185700,0.0,0.0
2024-02-22 00:00:00-05:00,84.77810153028528,86.15145614381304,84.33005639383005,84.5151138305664,192000,0.0,0.0
2024-02-23 00:00:00-05:00,84.51511221757097,85.86899724399174,84.13524770845375,84.79757690429688,226800,0.0,0.0
2024-02-26 00:00:00-05:00,84.29109099419799,85.04107777972264,82.73267158645656,83.63850402832031,282700,0.0,0.0
2024-02-27 00:00:00-05:00,83.99889202364784,84.14499548245807,82.48917609895693,83.32682800292969,230900,0.0,0.0
2024-02-28 00:00:00-05:00,82.59631559259101,83.92097403098933,81.42749538928817,81.69048309326172,217600,0.0,0.0
2024-02-29 00:00:00-05:00,82.79111152633256,83.35604089433639,81.65151800997072,82.72293090820312,266500,0.0,0.0
2024-03-01 00:00:00-05:00,82.43073836590487,83.28787477864304,81.47620954588635,83.18073272705078,243100,0.0,0.0
2024-03-04 00:00:00-05:00,82.94695548933268,83.36577396989877,82.0216386266356,82.52812957763672,183000,0.0,0.0
2024-03-05 00:00:00-05:00,82.33331547744213,85.15795458738295,82.0703352442414,83.8040771484375,277000,0.0,0.0
2024-03-06 00:00:00-05:00,84.27160305425102,85.35275809880591,83.21967464238728,83.72615814208984,191100,0.0,0.0
2024-03-07 00:00:00-05:00,84.74887978067063,86.4436604513382,84.37875005605436,86.0443115234375,359700,0.0,0.0
2024-03-08 00:00:00-05:00,86.56054479077441,88.0800028122759,84.37875014882403,84.62225341796875,310200,0.0,0.0
2024-03-11 00:00:00-04:00,83.8819999698041,84.3690064566515,83.17096722931002,83.8040771484375,217500,0.0,0.0
2024-03-12 00:00:00-04:00,83.4339749832944,83.81383954001075,82.89826474631953,83.58981323242188,132500,0.0,0.0
2024-03-13 00:00:00-04:00,83.3852541234481,84.88523504595803,83.3852541234481,84.4956283569336,104700,0.0,0.0
2024-03-14 00:00:00-04:00,84.32030203936783,84.61250890116898,82.55734095158735,82.83980560302734,225900,0.0,0.0
2024-03-15 00:00:00-04:00,82.34306039073742,84.06706014106923,82.34306039073742,82.44046020507812,401400,0.0,0.0
2024-03-18 00:00:00-04:00,82.65473347777363,83.30732032300654,81.6320169827268,82.84953308105469,421900,0.0,0.0
2024-03-19 00:00:00-04:00,82.47942420745142,85.41120552730003,82.47942420745142,84.86575317382812,244000,0.0,0.0
2024-03-20 00:00:00-04:00,84.71966679163761,87.3300223227159,84.46642129271336,87.12547302246094,278400,0.0,0.0
2024-03-21 00:00:00-04:00,87.66118331087993,91.1286677394374,87.31053798314598,89.50206756591797,255700,0.0,0.0
2024-03-22 00:00:00-04:00,89.40465352656855,90.17412468283744,87.77805361159565,87.78778839111328,163100,0.0,0.0
2024-03-25 00:00:00-04:00,87.11572499650472,88.39167964705729,87.11572499650472,87.95337677001953,146800,0.0,0.0
2024-03-26 00:00:00-04:00,88.75208004404615,88.75208004404615,86.36574339096863,86.63846588134766,170900,0.0,0.0
2024-03-27 00:00:00-04:00,86.97936885004904,89.38517485557816,86.97936885004904,89.32673645019531,164000,0.0,0.0
2024-03-28 00:00:00-04:00,89.60921015117408,90.64166171625843,88.58649336721386,88.72285461425781,398000,0.0,0.0
2024-04-01 00:00:00-04:00,88.50855990429348,88.5475213142326,86.92091403157309,87.39818572998047,184800,0.0,0.0
2024-04-02 00:00:00-04:00,85.81054115294916,86.40468965901607,85.27483847823797,85.84950256347656,228900,0.0,0.0
2024-04-03 00:00:00-04:00,85.21639486058302,87.81701520515838,85.21639486058302,86.05404663085938,217000,0.0,0.0
2024-04-04 00:00:00-04:00,87.25209635082507,87.48585741697356,85.1482244620977,85.6352310180664,160000,0.0,0.0
2024-04-05 00:00:00-04:00,85.6936793501459,87.40793712659699,85.65471793279966,86.7943115234375,331100,0.0,0.0
2024-04-08 00:00:00-04:00,87.2033855503962,87.88519913135218,86.36573374853552,87.70013427734375,190400,0.0,0.0
2024-04-09 00:00:00-04:00,90.08647451582789,90.08647451582789,87.24235789015329,88.72285461425781,217100,0.0,0.0
2024-04-10 00:00:00-04:00,85.59625453886088,86.61897109887245,84.36900358420178,85.32353210449219,269200,0.0,0.0
2024-04-11 00:00:00-04:00,85.7034111946354,87.13521165074623,85.08004340071548,86.89170837402344,212100,0.0,0.0
2024-04-12 00:00:00-04:00,85.71314674042299,86.3170374949372,84.90471414110468,85.64496612548828,175900,0.0,0.0
2024-04-15 00:00:00-04:00,85.7034118241374,86.58976732486126,84.17421153233134,84.84628295898438,214800,0.0,0.0
2024-04-16 00:00:00-04:00,84.33005879011013,84.8268001372405,83.39500707470357,83.93070983886719,164900,0.0,0.0
2024-04-17 00:00:00-04:00,84.72939345564157,85.08978096069603,84.08654870442507,84.10602569580078,112600,0.0,0.0
2024-04-18 00:00:00-04:00,84.7780971561034,86.11249771598598,84.40797487059716,84.7391357421875,138000,0.0,0.0
2024-04-19 00:00:00-04:00,84.45667791899126,86.2683429418977,84.4079817209917,85.6741943359375,175100,0.0,0.0
2024-04-22 00:00:00-04:00,85.89820111213618,88.25531057638841,85.37223324776829,88.10920715332031,188400,0.0,0.0
2024-04-23 00:00:00-04:00,88.16766293483099,90.60269569567191,87.96312107465597,90.36893463134766,147800,0.0,0.0
2024-04-24 00:00:00-04:00,89.45334953580678,90.40788553678304,87.91441465752497,89.67737579345703,381300,0.0,0.0
2024-04-25 00:00:00-04:00,83.10278642151852,84.81705133187634,80.87229582530611,83.95991516113281,1084900,0.0,0.0
2024-04-26 00:00:00-04:00,83.7651226876796,85.07029661377786,83.15149713854638,84.7391357421875,487900,0.0,0.0
2024-04-29 00:00:00-04:00,85.2358804287132,85.29431883124404,83.64823446941658,85.12873840332031,273400,0.0,0.0
2024-04-30 00:00:00-04:00,84.66121770808178,85.09952806610647,83.30734008014632,83.41448211669922,248700,0.0,0.0
2024-05-01 00:00:00-04:00,83.5605666386475,85.67417282429656,82.72291495962119,83.96965026855469,259100,0.0,0.0
2024-05-02 00:00:00-04:00,84.8949864034078,85.66445022244369,83.95019249584766,85.6352310180664,184200,0.0,0.0
2024-05-03 00:00:00-04:00,88.05078651433656,88.89817316299788,87.35923809888239,88.4793472290039,282800,0.0,0.0
2024-05-06 00:00:00-04:00,89.75530662176378,91.77151339593,89.35595769285096,90.47607421875,262100,0.0,0.0
2024-05-07 00:00:00-04:00,90.10596060066706,91.11893519103802,89.50206975896589,89.70661163330078,269200,0.0,0.0
2024-05-08 00:00:00-04:00,89.00531277771736,89.74556480091816,88.56700986317207,89.37544250488281,128300,0.0,0.0
2024-05-09 00:00:00-04:00,89.73582204526991,91.86891306035129,89.73582204526991,91.26502227783203,196900,0.0,0.0
2024-05-10 00:00:00-04:00,91.63514892915686,91.63514892915686,88.90790943451191,90.8851547241211,208400,0.0,0.0
2024-05-13 00:00:00-04:00,91.6367660967711,91.6367660967711,87.8494800809033,88.27896881103516,285800,0.2,0.0
2024-05-14 00:00:00-04:00,89.14768947115779,89.64549775995548,87.88851287278574,89.17697143554688,224300,0.0,0.0
2024-05-15 00:00:00-04:00,89.80168173380028,91.67580200007318,89.32339225322991,91.63675689697266,203600,0.0,0.0
2024-05-16 00:00:00-04:00,91.45128544555118,91.8807666078877,90.75825174666964,91.05107879638672,128700,0.0,0.0
2024-05-17 00:00:00-04:00,91.3146381255448,91.7246004938989,90.39709691791224,91.1389389038086,135900,0.0,0.0
2024-05-20 00:00:00-04:00,91.18774024779836,92.48596186925442,91.00228533551264,91.78316497802734,169400,0.0,0.0
2024-05-21 00:00:00-04:00,91.53914237966869,92.53477383136459,91.17798823003261,91.67579650878906,136700,0.0,0.0
2024-05-22 00:00:00-04:00,91.72460707484647,91.79293414114107,88.3570396578054,88.9036636352539,248000,0.0,0.0
2024-05-23 00:00:00-04:00,89.22578547535994,89.53813886097086,87.68353737580323,87.94708251953125,223400,0.0,0.0
2024-05-24 00:00:00-04:00,88.66939077984475,89.64549595767885,88.29847349322074,89.108642578125,178000,0.0,0.0
2024-05-28 00:00:00-04:00,89.34291294414218,89.83096557243715,88.00565350875291,88.67916107177734,203100,0.0,0.0
2024-05-29 00:00:00-04:00,87.17595847649524,87.7030562110842,86.30722538997605,87.02954864501953,229300,0.0,0.0
2024-05-30 00:00:00-04:00,87.98612558311022,89.05983985580372,87.72258044549413,88.36680603027344,144700,0.0,0.0
2024-05-31 00:00:00-04:00,88.67915054442344,88.67915054442344,87.28331989531917,88.48393249511719,183400,0.0,0.0
2024-06-03 00:00:00-04:00,89.6455078629825,89.6455078629825,87.74210549226272,88.72797393798828,169600,0.0,0.0
2024-06-04 00:00:00-04:00,88.04468439168424,88.96222564535542,87.98612046386405,88.3765640258789,153900,0.0,0.0
2024-06-05 00:00:00-04:00,88.86462126490358,90.07498966807849,88.1325423404919,90.04570770263672,113900,0.0,0.0
2024-06-06 00:00:00-04:00,89.77240212754866,89.87001116431922,88.01540967730999,88.40585327148438,107800,0.0,0.0
2024-06-07 00:00:00-04:00,87.25404658299618,87.82995254560001,86.45364058614234,87.20523834228516,152800,0.0,0.0
2024-06-10 00:00:00-04:00,86.25842368260179,87.32237483122717,85.8777432306081,86.87336730957031,127700,0.0,0.0
2024-06-11 00:00:00-04:00,86.2779381461873,86.79527271133591,85.62394944862552,86.33650207519531,161100,0.0,0.0
2024-06-12 00:00:00-04:00,89.66501911254983,92.29074433265522,89.4698010626104,90.56303405761719,286400,0.0,0.0
2024-06-13 00:00:00-04:00,90.49471780400896,90.96325160575243,89.24530426214919,90.51424407958984,192000,0.0,0.0
2024-06-14 00:00:00-04:00,89.0696035384904,90.2116448869695,88.83534036505438,89.25506591796875,128300,0.0,0.0
2024-06-17 00:00:00-04:00,88.71821271558451,89.96762634458584,88.59132170382718,89.92858123779297,105600,0.0,0.0
2024-06-18 00:00:00-04:00,90.21164177344538,91.22679208608771,90.02618684745975,90.4654312133789,173500,0.0,0.0
2024-06-20 00:00:00-04:00,89.78215626900321,90.48494573158564,88.90366013191093,89.68453979492188,117200,0.0,0.0
2024-06-21 00:00:00-04:00,89.67479694342363,90.54353006806114,88.67916536314961,90.13356018066406,319000,0.0,0.0
2024-06-24 00:00:00-04:00,90.78754644090998,91.72460653620098,89.89928713720472,91.04132843017578,208700,0.0,0.0
2024-06-25 00:00:00-04:00,91.16822106547299,91.54890147221813,90.3775708423867,90.65088653564453,173300,0.0,0.0
2024-06-26 00:00:00-04:00,89.7723886785302,90.3873322204415,89.15743768952788,89.63573455810547,111900,0.0,0.0
2024-06-27 00:00:00-04:00,90.01642882688672,90.60209049709972,89.50884991816787,90.45567321777344,118000,0.0,0.0
2024-06-28 00:00:00-04:00,91.55866654761411,92.63238072904505,90.65088845528523,92.33954620361328,1394500,0.0,0.0
2024-07-01 00:00:00-04:00,92.33955825072255,92.90570110197059,89.31363336387847,90.09452056884766,236500,0.0,0.0
2024-07-02 00:00:00-04:00,90.38733806551753,91.07061615891773,90.19212000859832,90.72897338867188,165800,0.0,0.0
2024-07-03 00:00:00-04:00,91.0218102970103,92.29075004138171,90.33853963286676,91.68556213378906,69900,0.0,0.0
2024-07-05 00:00:00-04:00,91.21702568339022,91.86125867390713,89.89928518571374,90.29949188232422,130100,0.0,0.0
2024-07-08 00:00:00-04:00,91.10965496826718,91.45129774284645,89.57717011602969,89.69430541992188,157500,0.0,0.0
2024-07-09 00:00:00-04:00,89.2160155527282,90.348293696799,88.10325623567087,88.8060531616211,223700,0.0,0.0
2024-07-10 00:00:00-04:00,90.07499046438141,90.49471601597168,88.87438518810384,90.44591522216797,153800,0.0,0.0
2024-07-11 00:00:00-04:00,92.82760106515035,96.50752176160702,91.83197705895095,96.10731506347656,310600,0.0,0.0
2024-07-12 00:00:00-04:00,96.61488664917445,98.51828862665536,96.25372507907431,97.72764587402344,297500,0.0,0.0
2024-07-15 00:00:00-04:00,98.37189004492156,100.11911940963095,98.04001782055391,98.35237121582031,448300,0.0,0.0
2024-07-16 00:00:00-04:00,99.82628346984808,101.24164059071441,98.83065936335268,100.79263305664062,465500,0.0,0.0
2024-07-17 00:00:00-04:00,99.75794193571588,102.34462203593219,99.68961487406901,100.03125762939453,547900,0.0,0.0
2024-07-18 00:00:00-04:00,99.60178638176372,103.40859856702345,98.74281639288617,99.36752319335938,355300,0.0,0.0
2024-07-19 00:00:00-04:00,99.19181099469141,99.91412674213879,98.53781486481522,98.67446899414062,195900,0.0,0.0
2024-07-22 00:00:00-04:00,97.60075696881863,98.36211783411088,95.25810299685594,96.84915924072266,494500,0.0,0.0
2024-07-23 00:00:00-04:00,97.09319074953822,98.83065690909675,96.7808373663265,98.00096893310547,562100,0.0,0.0
2024-07-24 00:00:00-04:00,96.96628989771688,99.56273338208919,93.71586514415029,94.26248168945312,462000,0.0,0.0
2024-07-25 00:00:00-04:00,94.98480640187441,99.47489683607446,94.38938156030682,96.92726135253906,397100,0.0,0.0
2024-07-26 00:00:00-04:00,98.82088882280006,99.28942259770129,96.97605058198015,97.52267456054688,257400,0.0,0.0
2024-07-29 00:00:00-04:00,97.92287757005018,98.03024974242712,96.527046776242,96.71250915527344,205500,0.0,0.0
2024-07-30 00:00:00-04:00,97.21030942055269,98.17665889195948,95.1702532084322,96.03898620605469,174800,0.0,0.0
2024-07-31 00:00:00-04:00,96.80034230211416,98.17665408651997,95.61925600862992,95.77543640136719,206400,0.0,0.0
2024-08-01 00:00:00-04:00,95.60950485798094,95.81449351091885,92.58358011672924,93.04235076904297,346700,0.0,0.0
2024-08-02 00:00:00-04:00,90.49470294467662,96.67345001616152,90.27995863110095,95.6485366821289,717600,0.0,0.0
2024-08-05 00:00:00-04:00,91.34393197068192,94.47722896000425,89.84072897741123,92.83737182617188,499900,0.0,0.0
2024-08-06 00:00:00-04:00,92.61285176376943,94.35032514529145,91.95886311601687,92.81783294677734,258300,0.0,0.0
2024-08-07 00:00:00-04:00,94.12583019771795,94.40890161580073,90.96325125132162,91.4610595703125,221900,0.0,0.0
2024-08-08 00:00:00-04:00,92.69095485283579,94.47722927088844,92.14433828879037,93.5108871459961,310300,0.0,0.0
2024-08-09 00:00:00-04:00,93.62801401532073,95.11169816922009,93.21805159664804,94.76029968261719,148600,0.0,0.0
2024-08-12 00:00:00-04:00,94.9457458142188,95.09216307791117,92.68118213666318,93.2278060913086,190800,0.0,0.0
2024-08-13 00:00:00-04:00,94.33428788693912,96.03806809616088,93.45303102006447,95.82264709472656,251400,0.3,0.0
2024-08-14 00:00:00-04:00,96.58639788720916,97.48724247106041,95.21554321103373,97.44807434082031,216700,0.0,0.0
2024-08-15 00:00:00-04:00,98.82872586466321,98.82872586466321,95.8618090131427,95.99889373779297,252400,0.0,0.0
2024-08-16 00:00:00-04:00,96.0674333754591,97.69286969473616,95.5484687224938,95.71492767333984,191300,0.0,0.0
2024-08-19 00:00:00-04:00,96.17515384862907,97.45787849914073,95.3918061024883,97.01725006103516,162300,0.0,0.0
2024-08-20 00:00:00-04:00,97.12495988141252,97.12495988141252,95.68556270354918,96.60599517822266,133300,0.0,0.0
2024-08-21 00:00:00-04:00,96.77244674695906,97.98662892863209,95.95972483552042,97.38932800292969,217500,0.0,0.0
2024-08-22 00:00:00-04:00,97.2718270263969,98.51539095298914,96.93890910624302,97.43829345703125,163100,0.0,0.0
2024-08-23 00:00:00-04:00,98.17267868068423,100.3660417949844,98.0355939529503,100.25833129882812,210000,0.0,0.0
2024-08-26 00:00:00-04:00,100.93395877792781,101.44312950749325,100.20935960625842,100.89479064941406,291800,0.0,0.0
2024-08-27 00:00:00-04:00,100.29748883290888,101.29624995379885,99.77852420838865,100.99270629882812,235200,0.0,0.0
2024-08-28 00:00:00-04:00,100.64999638434783,101.41375622107108,100.36603305290208,100.796875,172700,0.0,0.0
2024-08-29 00:00:00-04:00,101.28647703474782,103.46025987843278,101.28647703474782,103.05879211425781,309900,0.0,0.0
2024-08-30 00:00:00-04:00,102.94127430735345,106.1040315628138,102.02084943986739,105.75152587890625,376500,0.0,0.0
2024-09-03 00:00:00-04:00,105.44798617136541,106.16278399509633,103.29378385898455,103.7637939453125,272600,0.0,0.0
2024-09-04 00:00:00-04:00,103.73442226136672,106.02570187823338,103.65608599996348,105.13465118408203,200600,0.0,0.0
2024-09-05 00:00:00-04:00,106.11382571030481,107.06362480857491,104.85068158511267,105.88861083984375,300800,0.0,0.0
2024-09-06 00:00:00-04:00,105.7906979976188,106.86779541882831,104.1065057711007,104.41004943847656,274900,0.0,0.0
2024-09-09 00:00:00-04:00,104.00860247766961,106.23133996365188,103.09796388857603,105.1836166381836,429100,0.0,0.0
2024-09-10 00:00:00-04:00,105.29131855873382,106.76008987493427,104.33172548232824,105.28152465820312,257000,0.0,0.0
2024-09-11 00:00:00-04:00,104.2240232607562,105.35986928408384,102.03065254233414,105.0465316772461,253600,0.0,0.0
2024-09-12 00:00:00-04:00,105.84945778389354,109.11013209667712,105.43820358333282,108.84575653076172,333000,0.0,0.0
2024-09-13 00:00:00-04:00,110.04034707637149,113.24227280939489,109.76617761910313,112.84080505371094,424400,0.0,0.0
2024-09-16 00:00:00-04:00,113.58498162414088,115.22021189424434,113.38914843714973,114.15290832519531,402400,0.0,0.0
2024-09-17 00:00:00-04:00,114.42707327954173,115.2006270377123,113.70248155147392,114.13331604003906,228200,0.0,0.0
2024-09-18 00:00:00-04:00,113.8395721201681,116.64981648731302,112.4687173829827,113.7514419555664,336500,0.0,0.0
2024-09-19 00:00:00-04:00,115.64125682093835,115.64125682093835,111.28390502929688,111.28390502929688,370100,0.0,0.0
2024-09-20 00:00:00-04:00,111.34265899837304,112.79185001424041,109.22763214370087,109.47242736816406,658000,0.0,0.0
2024-09-23 00:00:00-04:00,109.90326622917442,111.01953189922278,109.5409740637994,110.06973266601562,251200,0.0,0.0
2024-09-24 00:00:00-04:00,109.75636873255777,110.46138008102074,108.53239277218637,109.3744888305664,227900,0.0,0.0
2024-09-25 00:00:00-04:00,109.2765810073328,112.09662662723622,108.45407268189896,110.56909942626953,258300,0.0,0.0
2024-09-26 00:00:00-04:00,110.66702142172599,111.32307829873798,109.89347508907493,109.91305541992188,269400,0.0,0.0
2024-09-27 00:00:00-04:00,110.6082627432209,112.94850426755632,110.0109618550292,111.43077850341797,256800,0.0,0.0
2024-09-30 00:00:00-04:00,110.3830620831204,112.67434171895808,110.26555769004264,111.59724426269531,229900,0.0,0.0
2024-10-01 00:00:00-04:00,112.1064094197174,112.1064094197174,109.22762290354146,109.80533599853516,272300,0.0,0.0
2024-10-02 00:00:00-04:00,108.76740957865816,109.53116943912045,107.82739686804635,109.00241088867188,182600,0.0,0.0
2024-10-03 00:00:00-04:00,107.96448540449437,108.78699375389536,106.87759403524504,108.10157012939453,171300,0.0,0.0
2024-10-04 00:00:00-04:00,109.50180130137932,109.50180130137932,104.22401687398124,104.43943786621094,434000,0.0,0.0
2024-10-07 00:00:00-04:00,103.86171077641832,104.43943135323944,103.02940856152665,103.90087890625,264200,0.0,0.0
2024-10-08 00:00:00-04:00,105.45777882293554,105.8298723421446,104.44922370192486,104.74298095703125,299200,0.0,0.0
2024-10-09 00:00:00-04:00,105.15422608490552,106.05507063285977,103.98899853600506,104.05754089355469,255000,0.0,0.0
2024-10-10 00:00:00-04:00,103.16650097110266,104.1554757790432,102.80420134607006,103.96942901611328,275800,0.0,0.0
2024-10-11 00:00:00-04:00,104.19463307921063,105.3304789286841,102.94127537314255,104.05754089355469,281600,0.0,0.0
2024-10-14 00:00:00-04:00,104.08692616693767,105.94736378446727,103.74420689686512,105.908203125,196800,0.0,0.0
2024-10-15 00:00:00-04:00,106.17258428974013,107.87635694799972,105.78091043930323,106.68175506591797,169700,0.0,0.0
2024-10-16 00:00:00-04:00,107.31821571679556,108.91428522471993,107.1321764421202,108.58135986328125,144600,0.0,0.0
2024-10-17 00:00:00-04:00,108.40511872289674,108.86533495044232,107.41614390224932,108.4638671875,149400,0.0,0.0
2024-10-18 00:00:00-04:00,108.76742029460647,108.76742029460647,106.61321775048143,107.04405975341797,240200,0.0,0.0
2024-10-21 00:00:00-04:00,106.88738580063972,106.88738580063972,102.55940074055671,102.75524139404297,364300,0.0,0.0
2024-10-22 00:00:00-04:00,102.37335793866478,102.5104426561141,101.25709239911656,101.4822998046875,359900,0.0,0.0
2024-10-23 00:00:00-04:00,98.43705218476843,102.45169227882208,96.69411142226885,97.93766784667969,750400,0.0,0.0
2024-10-24 00:00:00-04:00,98.3489260557248,99.71977325661103,97.44807400442633,98.97560119628906,297700,0.0,0.0
2024-10-25 00:00:00-04:00,100.45416839753975,100.45416839753975,97.83975709762149,98.77976989746094,295600,0.0,0.0
2024-10-28 00:00:00-04:00,99.62186433561314,100.95355097946594,99.39665690836956,100.1995849609375,196400,0.0,0.0
2024-10-29 00:00:00-04:00,98.82871642457947,100.36602995036276,98.82871642457947,100.30728149414062,232600,0.0,0.0
2024-10-30 00:00:00-04:00,99.75894940906166,101.95232004797849,98.56435496230287,98.603515625,251900,0.0,0.0
2024-10-31 00:00:00-04:00,98.3978780272498,98.73080338910582,97.44807144122099,97.60474395751953,262800,0.0,0.0
2024-11-01 00:00:00-04:00,97.63412310027044,100.06249493121197,97.17390689867835,97.32078552246094,269500,0.0,0.0
2024-11-04 00:00:00-05:00,97.00744567252956,99.90582006702064,97.00744567252956,98.46642303466797,204600,0.0,0.0
2024-11-05 00:00:00-05:00,97.82996789854752,100.49333368744192,97.82996789854752,100.22895812988281,179100,0.0,0.0
2024-11-06 00:00:00-05:00,101.99149453393616,102.569207726672,95.1470141001517,99.6512451171875,579600,0.0,0.0
2024-11-07 00:00:00-05:00,99.65123426807064,101.90335326667739,98.85810015064419,101.4725112915039,545300,0.0,0.0
2024-11-08 00:00:00-05:00,101.90335505928202,103.76380024687286,101.29626021727232,103.078369140625,281500,0.0,0.0
2024-11-11 00:00:00-05:00,103.17628495370408,104.47858975735195,102.83356569271369,103.89108276367188,232500,0.0,0.0
2024-11-12 00:00:00-05:00,103.6071314192426,104.93881807662974,102.19711596537675,102.6181640625,283200,0.0,0.0
2024-11-13 00:00:00-05:00,102.96086331785666,103.20565851952985,99.39664577913949,100.59124755859375,343900,0.0,0.0
2024-11-14 00:00:00-05:00,100.92416586010984,100.92416586010984,98.64267277824335,99.13226318359375,275100,0.0,0.0
2024-11-15 00:00:00-05:00,97.9376721890268,100.7675119166273,97.9376721890268,100.336669921875,282400,0.0,0.0
2024-11-18 00:00:00-05:00,100.97500110698846,100.97500110698846,99.48227923214124,100.64110565185547,170000,0.3,0.0
2024-11-19 00:00:00-05:00,99.83582120709325,103.22391156792511,99.83582120709325,102.98822021484375,217700,0.0,0.0
2024-11-20 00:00:00-05:00,102.82125180368377,103.0373053048335,100.00275610911791,100.87678527832031,233300,0.0,0.0
2024-11-21 00:00:00-05:00,101.75081375343005,102.45789520964506,101.28924627548457,102.08470916748047,152700,0.0,0.0
2024-11-22 00:00:00-05:00,101.71154407766709,103.97027597364993,101.71154407766709,103.72476196289062,166500,0.0,0.0
2024-11-25 00:00:00-05:00,105.03088117613957,107.00481573956341,104.4220112804759,105.8558120727539,633900,0.0,0.0
2024-11-26 00:00:00-05:00,104.69699869879362,104.72645918222885,103.11588781949524,104.45148468017578,232000,0.0,0.0
2024-11-27 00:00:00-05:00,105.22729838559566,106.3566642463915,104.62824364619506,104.95232391357422,202800,0.0,0.0
2024-11-29 00:00:00-05:00,106.1897051623325,106.53343073230764,104.85410849626248,105.20764923095703,107100,0.0,0.0
2024-12-02 00:00:00-05:00,105.20766190349782,105.71833524512063,103.84260459386053,104.7853775024414,172600,0.0,0.0
2024-12-03 00:00:00-05:00,104.51039106422488,105.03087951226962,103.54798044132878,104.2452392578125,148100,0.0,0.0
2024-12-04 00:00:00-05:00,104.07829532195719,104.29434134233746,102.14364385622346,103.74439239501953,174200,0.0,0.0
2024-12-05 00:00:00-05:00,103.71492699145927,104.79518701205247,103.16497807024646,103.92115783691406,149200,0.0,0.0
2024-12-06 00:00:00-05:00,104.50058956838637,105.71833699219927,104.2059697516203,105.14874267578125,165700,0.0,0.0
2024-12-09 00:00:00-05:00,105.73797120161453,105.9049189289105,102.81144842109923,103.40068054199219,320600,0.0,0.0
2024-12-10 00:00:00-05:00,102.55610418151551,103.64618689629185,101.1714016818025,102.15345764160156,244600,0.0,0.0
2024-12-11 00:00:00-05:00,102.39896731000843,104.20595409587447,101.96686780082754,103.86223602294922,258400,0.0,0.0
2024-12-12 00:00:00-05:00,103.14534820561526,105.08982252793108,103.08642723880041,103.18463134765625,150500,0.0,0.0
2024-12-13 00:00:00-05:00,103.06677262137107,103.361392413847,101.80974215945992,102.57574462890625,160400,0.0,0.0
2024-12-16 00:00:00-05:00,102.24185024853297,104.39255527538431,102.24185024853297,103.14533996582031,181900,0.0,0.0
2024-12-17 00:00:00-05:00,102.5364653328756,103.30246777505427,101.56422454780979,101.82938385009766,203600,0.0,0.0
2024-12-18 00:00:00-05:00,102.05526417621054,105.27640686113047,97.36103739812651,97.81278228759766,425300,0.0,0.0
2024-12-19 00:00:00-05:00,98.1663152518873,99.61976140476109,97.49851688313326,98.30380249023438,449400,0.0,0.0
2024-12-20 00:00:00-05:00,97.68511041636188,100.84733189947308,96.9780289055429,99.8358154296875,617200,0.0,0.0
2024-12-23 00:00:00-05:00,99.00106355138274,99.85545497376309,98.30380468633372,99.19747924804688,339500,0.0,0.0
2024-12-24 00:00:00-05:00,99.24657591752474,100.72948255981049,99.24657591752474,100.34648132324219,183000,0.0,0.0
2024-12-26 00:00:00-05:00,100.24828515258903,101.87849432828223,99.77689494356731,101.122314453125,258000,0.0,0.0
2024-12-27 00:00:00-05:00,100.19918121294634,100.89644013460907,99.14838150107529,100.23846435546875,231200,0.0,0.0
2024-12-30 00:00:00-05:00,99.64921809388194,100.2089896837082,98.048462105832,99.56082916259766,135700,0.0,0.0
2024-12-31 00:00:00-05:00,100.51342842826857,100.72948194347077,99.58047824079632,100.30719757080078,157000,0.0,0.0
2025-01-02 00:00:00-05:00,101.161600696058,101.161600696058,95.33800773848924,98.04847717285156,547600,0.0,0.0
2025-01-03 00:00:00-05:00,98.27434031463808,99.24657362403704,98.05828680310667,98.942138671875,199400,0.0,0.0
2025-01-06 00:00:00-05:00,98.42164834579793,99.25639440342549,97.94044302898783,98.06810760498047,214000,0.0,0.0
2025-01-07 00:00:00-05:00,98.28416128051175,99.16801313406698,97.57707979766757,98.33325958251953,362300,0.0,0.0
2025-01-08 00:00:00-05:00,98.07793273792429,98.21541997476888,96.73251335738217,97.73420715332031,233700,0.0,0.0
2025-01-10 00:00:00-05:00,95.80938255681147,95.88794883631718,94.1104298443343,94.4934310913086,297000,0.0,0.0
2025-01-13 00:00:00-05:00,93.58993256376662,96.02542705974008,93.58993256376662,95.90758514404297,243400,0.0,0.0
2025-01-14 00:00:00-05:00,96.70306932272186,99.73761919949355,96.70306932272186,99.59031677246094,308400,0.0,0.0
2025-01-15 00:00:00-05:00,102.04542718291422,103.60689239127782,101.15175276115276,101.91775512695312,246000,0.0,0.0
2025-01-16 00:00:00-05:00,101.65261945447341,105.42371092762814,101.65261945447341,104.73627471923828,357100,0.0,0.0
2025-01-17 00:00:00-05:00,106.00313092283412,106.7593107738529,105.18802261476044,105.68887329101562,186700,0.0,0.0
2025-01-21 00:00:00-05:00,106.93608286334107,107.24051784175073,106.36648855519334,106.80841827392578,216800,0.0,0.0
2025-01-22 00:00:00-05:00,106.65128387980833,108.33059880020186,106.65128387980833,107.69226837158203,333800,0.0,0.0
2025-01-23 00:00:00-05:00,106.86733107367166,107.5154916146226,105.62993844526055,107.27979278564453,260300,0.0,0.0
2025-01-24 00:00:00-05:00,106.84769508423501,108.2422127967342,106.45487118835695,107.39764404296875,202600,0.0,0.0
2025-01-27 00:00:00-05:00,107.66279160762775,111.8561747296483,107.34853400184923,111.6204833984375,411000,0.0,0.0
2025-01-28 00:00:00-05:00,110.79555699318037,111.76779032977943,109.27336720479913,109.66619110107422,566700,0.0,0.0
2025-01-29 00:00:00-05:00,108.9296441386796,111.60083752056805,108.9296441386796,110.08847045898438,431700,0.0,0.0
2025-01-30 00:00:00-05:00,111.73832733255206,113.3881816657609,110.96250221531474,112.7596664428711,398800,0.0,0.0
2025-01-31 00:00:00-05:00,104.75590609389982,110.72680805131758,102.73287324018281,102.81143951416016,1030000,0.0,0.0
2025-02-03 00:00:00-05:00,100.61163634545609,101.24997425754758,98.99124990494525,99.80635070800781,488700,0.0,0.0
2025-02-04 00:00:00-05:00,98.80465109217631,103.57744367442926,98.79482843464295,102.92928314208984,522800,0.0,0.0
2025-02-05 00:00:00-05:00,103.793492536029,104.48092868272508,102.2025592490426,103.37120819091797,457000,0.0,0.0
2025-02-06 00:00:00-05:00,104.21578333457879,104.45147467197063,102.4971853689244,103.29264831542969,341100,0.0,0.0
2025-02-07 00:00:00-05:00,102.91946579093461,103.1256966398005,100.97499172771134,102.2811279296875,282500,0.0,0.0
2025-02-10 00:00:00-05:00,102.55611541234684,103.02750562136856,100.60182593623203,101.122314453125,352800,0.0,0.0
2025-02-11 00:00:00-05:00,100.45451467464643,102.51683088979186,100.45451467464643,100.77859497070312,269300,0.0,0.0
2025-02-12 00:00:00-05:00,99.00105775894792,99.00105775894792,96.88964346391712,98.06810760498047,407100,0.0,0.0
2025-02-13 00:00:00-05:00,98.99401832957716,100.02828719874954,98.35375700652133,99.51607513427734,206000,0.3,0.0
2025-02-14 00:00:00-05:00,100.5306456101145,101.13150546361392,99.49638419307651,100.23514556884766,248000,0.0,0.0
2025-02-18 00:00:00-05:00,99.93963949973717,100.66854863045903,98.65912427171982,100.28439331054688,217600,0.0,0.0
2025-02-19 00:00:00-05:00,99.31908559821504,101.27926376525657,98.48182417129335,100.52080535888672,199300,0.0,0.0
2025-02-20 00:00:00-05:00,100.3730405815111,100.60944210220684,98.71821490650329,99.40772247314453,253900,0.0,0.0
2025-02-21 00:00:00-05:00,100.68825402359168,100.68825402359168,97.82185621062915,99.7327880859375,343300,0.0,0.0
2025-02-24 00:00:00-05:00,99.73277430899071,99.74262656375892,97.5755889339299,97.86124420166016,329800,0.0,0.0
2025-02-25 00:00:00-05:00,98.4325687320711,102.06727720626309,97.41800428368254,101.23986053466797,404000,0.0,0.0
2025-02-26 00:00:00-05:00,100.5405054658456,102.93409280487761,100.5405054658456,101.63387298583984,512500,0.0,0.0
2025-02-27 00:00:00-05:00,101.2497033748412,101.81116168314621,99.73277921387864,100.56018829345703,287200,0.0,0.0
2025-02-28 00:00:00-05:00,101.4073095127375,102.54007846982209,100.73749889146681,102.0968246459961,311600,0.0,0.0
2025-03-03 00:00:00-05:00,102.4415790652129,104.49041245013383,100.78675325663362,102.06727600097656,291100,0.0,0.0
2025-03-04 00:00:00-05:00,101.21030786731554,102.54992908846803,99.87068664616305,100.26469421386719,322800,0.0,0.0
2025-03-05 00:00:00-05:00,100.89510550746442,102.2347267577116,99.53578726018544,101.29895782470703,296400,0.0,0.0
2025-03-06 00:00:00-05:00,100.44199732117102,101.38761097534984,99.1319253514472,99.49638366699219,287300,0.0,0.0
2025-03-07 00:00:00-05:00,99.82143678973512,100.87541026850779,98.56061853578036,100.19574737548828,256900,0.0,0.0
2025-03-10 00:00:00-04:00,99.52593862696351,101.6929691026789,93.57644580255085,94.37430572509766,516400,0.0,0.0
2025-03-11 00:00:00-04:00,94.50235641094115,96.04882990426798,93.67493977259502,95.19186401367188,337500,0.0,0.0
2025-03-12 00:00:00-04:00,95.88136934192995,96.17687688755845,93.58628979581566,94.54175567626953,531700,0.0,0.0
2025-03-13 00:00:00-04:00,94.58115321060843,95.2706683378761,92.37472133650442,93.21198272705078,278200,0.0,0.0
2025-03-14 00:00:00-04:00,93.66508650068005,95.7040750646404,93.03467740928842,95.4972152709961,219300,0.0,0.0
2025-03-17 00:00:00-04:00,95.28052055388892,96.66938803361239,94.97516074141235,96.53148651123047,180300,0.0,0.0
2025-03-18 00:00:00-04:00,96.25567870106673,97.98930741598635,96.25567870106673,97.53619384765625,195300,0.0,0.0
2025-03-19 00:00:00-04:00,97.8612538317545,98.68867046713156,95.42826520431194,98.01885986328125,310300,0.0,0.0
2025-03-20 00:00:00-04:00,97.65440657051529,102.11652423524048,97.44755427980739,100.05784606933594,402600,0.0,0.0
2025-03-21 00:00:00-04:00,100.03813749731825,100.75720187256397,98.98417157406034,99.49638366699219,352600,0.0,0.0
2025-03-24 00:00:00-04:00,100.7178017671369,101.8308662108255,100.34349870560334,101.46641540527344,227600,0.0,0.0
2025-03-25 00:00:00-04:00,101.36791504284776,102.36277495655295,100.688252168775,100.97390747070312,259700,0.0,0.0
2025-03-26 00:00:00-04:00,100.35334584634985,101.33836104611207,99.70323972234297,100.57990264892578,260600,0.0,0.0
2025-03-27 00:00:00-04:00,100.89510418750896,101.39746402854692,99.3387784149251,99.71308898925781,203900,0.0,0.0
2025-03-28 00:00:00-04:00,100.12679811521299,100.39274891665211,97.36875250697993,98.84627532958984,239600,0.0,0.0
2025-03-31 00:00:00-04:00,99.4668368282283,102.23472709716016,98.09765880528316,98.60987091064453,527900,0.0,0.0
2025-04-01 00:00:00-04:00,98.23556475674482,99.27967841666869,97.52635264243078,98.51136779785156,390700,0.0,0.0
2025-04-02 00:00:00-04:00,98.30452090944286,103.00304015190329,98.30452090944286,102.05742645263672,419900,0.0,0.0
2025-04-03 00:00:00-04:00,98.67881811669298,102.99318177216321,98.67881811669298,101.3383560180664,676300,0.0,0.0
2025-04-04 00:00:00-04:00,99.40772667794482,102.78632892753447,96.9944425775533,102.13622283935547,1187300,0.0,0.0
2025-04-07 00:00:00-04:00,99.14179170325069,103.4266067662677,94.05910913493176,94.482666015625,1006000,0.0,0.0
2025-04-08 00:00:00-04:00,98.39316238332829,100.01843887807784,90.10918890904463,91.02525329589844,776100,0.0,0.0
2025-04-09 00:00:00-04:00,89.64623555189414,94.94561462812483,85.48947020104671,93.06423950195312,877600,0.0,0.0
2025-04-10 00:00:00-04:00,91.89206690051557,91.89206690051557,86.28732813024536,87.94215393066406,539100,0.0,0.0
2025-04-11 00:00:00-04:00,87.56785292122609,92.14817511146933,84.45520127707985,91.9117660522461,730800,0.0,0.0
2025-04-14 00:00:00-04:00,92.82782724371656,96.81714167651785,92.41412267714927,95.90107727050781,615900,0.0,0.0
2025-04-15 00:00:00-04:00,95.57602559705417,97.53620378069341,94.79786267142248,95.00471496582031,261700,0.0,0.0
2025-04-16 00:00:00-04:00,95.15246574834683,95.34947329517603,92.70963228822079,94.13790130615234,394500,0.0,0.0
2025-04-17 00:00:00-04:00,94.08864370125708,95.81242021155653,93.82269291772704,95.6055679321289,345500,0.0,0.0
2025-04-21 00:00:00-04:00,94.53189709316179,94.53189709316179,92.05950717310655,92.80812072753906,355000,0.0,0.0
2025-04-22 00:00:00-04:00,94.62055814672912,96.18673622984085,93.44839516353126,94.9554672241211,646000,0.0,0.0
2025-04-23 00:00:00-04:00,94.55160364164101,99.4077287086475,91.38970586187612,92.33531951904297,899000,0.0,0.0
2025-04-24 00:00:00-04:00,93.11348097403675,94.6107082112304,91.69505675249944,93.6847915649414,349900,0.0,0.0
2025-04-25 00:00:00-04:00,93.28094111362832,93.43854716076838,91.26166436136833,92.19742584228516,312200,0.0,0.0
2025-04-28 00:00:00-04:00,92.06936615552546,93.89164265789584,92.06936615552546,93.35973358154297,313700,0.0,0.0
2025-04-29 00:00:00-04:00,93.34988282704035,95.57601917903958,93.08393204212189,94.56145477294922,268500,0.0,0.0
2025-04-30 00:00:00-04:00,93.97044942300171,96.37388134550892,92.48307440097115,95.9798812866211,323000,0.0,0.0
2025-05-01 00:00:00-04:00,95.77302472217758,97.68394897062814,94.8766573435966,95.55632019042969,338300,0.0,0.0
2025-05-02 00:00:00-04:00,96.24583160036089,97.44755131318696,95.97988081042416,96.63983917236328,224600,0.0,0.0
2025-05-05 00:00:00-04:00,95.2805226751577,97.06339776498069,95.04411361860883,96.16703033447266,243600,0.0,0.0
2025-05-06 00:00:00-04:00,95.13276892259822,95.64497351513796,93.88179542195483,94.3841552734375,263700,0.0,0.0
2025-05-07 00:00:00-04:00,94.72890312755133,97.04368717708245,94.72890312755133,96.21627807617188,281200,0.0,0.0
2025-05-08 00:00:00-04:00,97.31950432992711,98.50151955860252,96.5511861647116,96.90579223632812,178800,0.0,0.0
2025-05-09 00:00:00-04:00,96.68909258671717,97.75290325767932,96.0980774733201,96.14733123779297,230400,0.0,0.0
2025-05-12 00:00:00-04:00,97.81201426431487,98.16662034440245,96.9353513205066,97.555908203125,238100,0.0,0.0
2025-05-13 00:00:00-04:00,98.69852377537714,98.69852377537714,97.13235315524108,98.09766387939453,324300,0.0,0.0
2025-05-14 00:00:00-04:00,98.08778384120741,98.69045919119588,97.51474702682883,97.59378814697266,266900,0.3,0.0
2025-05-15 00:00:00-04:00,97.7716232334593,99.79700851901106,97.13930937156306,99.55001068115234,301000,0.0,0.0
2025-05-16 00:00:00-04:00,100.06376840167657,102.25711052921702,99.28325428634069,100.54788208007812,306900,0.0,0.0
2025-05-19 00:00:00-04:00,98.1174279846742,99.68833830176894,98.05815091006643,99.31289672851562,232100,0.0,0.0
2025-05-20 00:00:00-04:00,98.60154075225033,100.2712410251175,98.60154075225033,99.92544555664062,218400,0.0,0.0
2025-05-21 00:00:00-04:00,98.84852632275239,102.09901086074626,94.59027896362277,95.04475402832031,349200,0.0,0.0
2025-05-22 00:00:00-04:00,94.41244858715447,94.75825158105992,92.6143046775037,94.20497131347656,646800,0.0,0.0
2025-05-23 00:00:00-04:00,92.6637120963016,94.18521972047778,92.6637120963016,93.57266235351562,399500,0.0,0.0
2025-05-27 00:00:00-04:00,94.78788682806265,96.08215300660333,93.75049295786836,95.62767791748047,335100,0.0,0.0
2025-05-28 00:00:00-04:00,95.0842860370725,96.03275683476035,94.55076980004013,94.79776763916016,220700,0.0,0.0
2025-05-29 00:00:00-04:00,95.04476565317285,96.30940092352623,94.78789332721395,95.51900482177734,174000,0.0,0.0
2025-05-30 00:00:00-04:00,95.39057389011941,95.9734852053504,94.74837796445172,94.84717559814453,259800,0.0,0.0
2025-06-02 00:00:00-04:00,94.36306051021528,94.36306051021528,92.24875952204037,92.57479095458984,246500,0.0,0.0
2025-06-03 00:00:00-04:00,92.44635026219153,94.8768080771915,92.12031130782212,94.15557861328125,239500,0.0,0.0
2025-06-04 00:00:00-04:00,93.9876150518743,95.07441157449509,93.43434230419525,93.80977630615234,189500,0.0,0.0
2025-06-05 00:00:00-04:00,93.47386256904777,95.22260394833451,92.84154870575279,93.84929656982422,247900,0.0,0.0
2025-06-06 00:00:00-04:00,94.93609172099231,94.93609172099231,93.95798232791962,94.54090118408203,221300,0.0,0.0
2025-06-09 00:00:00-04:00,95.1139263317468,95.69684516250007,94.47173796837208,94.8274154663086,203900,0.0,0.0
2025-06-10 00:00:00-04:00,95.87467447739553,96.71446555575281,95.4794764588229,95.78575134277344,346900,0.0,0.0
2025-06-11 00:00:00-04:00,96.11179723116109,98.34465979062898,95.83516085946655,96.13156127929688,524400,0.0,0.0
2025-06-12 00:00:00-04:00,95.1929669697711,97.55426574049899,95.1929669697711,97.33690643310547,356200,0.0,0.0
2025-06-13 00:00:00-04:00,95.69684200972395,96.2501147492747,94.451970807959,94.72860717773438,218900,0.0,0.0
2025-06-16 00:00:00-04:00,95.66720526144506,96.65519662210167,93.91845633192838,94.2642593383789,301900,0.0,0.0
2025-06-17 00:00:00-04:00,93.33554741021912,93.66158637655624,91.40895968549843,91.74488067626953,439600,0.0,0.0
2025-06-18 00:00:00-04:00,91.8239157464897,94.49148929693665,91.8239157464897,93.52326202392578,268200,0.0,0.0
2025-06-20 00:00:00-04:00,93.92834030760413,94.71873642766134,93.39482405723192,94.25437927246094,334000,0.0,0.0
2025-06-23 00:00:00-04:00,94.55076755373739,95.95372097531799,92.81190823484212,95.83515930175781,268200,0.0,0.0
2025-06-24 00:00:00-04:00,96.54652027419749,97.88030714918429,95.65732651161424,97.5147476196289,224100,0.0,0.0
2025-06-25 00:00:00-04:00,97.49499048223423,97.49499048223423,96.31927831827052,96.3785629272461,194000,0.0,0.0
2025-06-26 00:00:00-04:00,96.61567067689656,98.71021495831872,96.61567067689656,98.66081237792969,195500,0.0,0.0
2025-06-27 00:00:00-04:00,98.87817718171296,99.13504950828019,97.949462890625,97.949462890625,1479400,0.0,0.0
2025-06-30 00:00:00-04:00,98.3742918393703,99.07576474642737,97.15905924351563,98.44345092773438,275300,0.0,0.0
2025-07-01 00:00:00-04:00,96.55640203718099,100.85416308395334,95.87468556475102,100.2514877319336,391200,0.0,0.0
2025-07-02 00:00:00-04:00,100.34039388708725,102.51397926696188,99.69820557313207,101.4765853881836,480500,0.0,0.0
2025-07-03 00:00:00-04:00,101.19007315582263,102.4053058437271,100.72571601115813,101.1801986694336,147400,0.0,0.0
2025-07-07 00:00:00-04:00,100.05387601154403,101.61490408049463,98.85840743857062,98.92756652832031,403600,0.0,0.0
2025-07-08 00:00:00-04:00,98.8880502657089,101.180197426147,98.8880502657089,99.36228942871094,395100,0.0,0.0
2025-07-09 00:00:00-04:00,99.79701013415836,101.12091494837516,99.55001229230214,101.06163787841797,641500,0.0,0.0
2025-07-10 00:00:00-04:00,100.75536329895891,101.05175618749848,99.44133296688318,100.03412628173828,642300,0.0,0.0
2025-07-11 00:00:00-04:00,98.81889313710539,99.62904575593085,98.45334115576429,98.85841369628906,280200,0.0,0.0
2025-07-14 00:00:00-04:00,98.62129514127886,99.79700724658409,98.08777891377336,99.70808410644531,371500,0.0,0.0
2025-07-15 00:00:00-04:00,99.66857417515558,99.66857417515558,97.35667781390997,97.37643432617188,492800,0.0,0.0
2025-07-16 00:00:00-04:00,97.64318690233445,98.59165769353685,96.4971133185217,98.33477783203125,383300,0.0,0.0
2025-07-17 00:00:00-04:00,97.97910291166497,99.73772635423332,97.78150765165037,99.72785186767578,280400,0.0,0.0
2025-07-18 00:00:00-04:00,99.92544968521166,100.73560233244841,99.08565850199176,99.63893127441406,223100,0.0,0.0
2025-07-21 00:00:00-04:00,100.37004018914037,101.62479345680774,100.37004018914037,100.7158432006836,367200,0.0,0.0
2025-07-22 00:00:00-04:00,101.34815650259655,103.73909380796144,100.94307642292824,102.99810028076172,533400,0.0,0.0
2025-07-23 00:00:00-04:00,96.32916603193728,99.42157654582452,94.96574054939248,95.40045166015625,1239300,0.0,0.0
2025-07-24 00:00:00-04:00,95.66721243344385,96.57616274432408,92.08079870121682,92.14008331298828,559800,0.0,0.0
2025-07-25 00:00:00-04:00,91.77451567251953,92.96010227449017,90.67784467369758,92.94034576416016,460400,0.0,0.0
2025-07-28 00:00:00-04:00,92.66371833646977,93.82954854063235,92.00176587877638,92.28828430175781,401500,0.0,0.0
2025-07-29 00:00:00-04:00,92.69334491762139,94.03701370970781,92.69334491762139,93.82953643798828,310600,0.0,0.0
2025-07-30 00:00:00-04:00,93.48374599022564,94.94596899428151,92.13019510193831,92.93046569824219,567000,0.0,0.0
2025-07-31 00:00:00-04:00,92.24874857432079,92.98974203469929,91.83378650779962,92.0215072631836,361600,0.0,0.0
2025-08-01 00:00:00-04:00,92.62419416757653,96.96147583010816,92.62419416757653,94.698974609375,527900,0.0,0.0
2025-08-04 00:00:00-04:00,95.00525482668004,96.53663694475121,94.66933383745554,96.45759582519531,405900,0.0,0.0
2025-08-05 00:00:00-04:00,96.28963258700283,98.4533359774048,96.2797505632827,98.04825592041016,341000,0.0,0.0
2025-08-06 00:00:00-04:00,98.49286362960291,98.49286362960291,97.28751293328521,97.63330841064453,212500,0.0,0.0
2025-08-07 00:00:00-04:00,98.92756417318132,99.01648730804278,96.83302748332599,97.00098419189453,286400,0.0,0.0
2025-08-08 00:00:00-04:00,97.15906318533267,97.79138456745471,96.50699283112722,96.94171142578125,231400,0.0,0.0
2025-08-11 00:00:00-04:00,96.91207258761948,98.48298282969294,96.91207258761948,98.46322631835938,242700,0.0,0.0
2025-08-12 00:00:00-04:00,99.28324349895551,101.90142194814918,98.87817098611879,101.4765853881836,281700,0.0,0.0
2025-08-13 00:00:00-04:00,102.10085051169808,107.56063214438271,102.01166687886042,107.34263610839844,875700,0.3,0.0
2025-08-14 00:00:00-04:00,105.72749960176206,107.76872925426439,105.32124040189902,107.42192077636719,581400,0.0,0.0
2025-08-15 00:00:00-04:00,107.97680279719842,107.97680279719842,105.48967787613516,106.03466796875,433000,0.0,0.0
2025-08-18 00:00:00-04:00,106.19320597827502,107.7885323696284,104.14207312651453,104.54833984375,371200,0.0,0.0
2025-08-19 00:00:00-04:00,104.69696801842383,106.08420170312961,104.59787341821063,105.99502563476562,303500,0.0,0.0
2025-08-20 00:00:00-04:00,105.7175864981029,106.01484764054352,104.00335109325249,104.3303451538086,304200,0.0,0.0
2025-08-21 00:00:00-04:00,103.57727134126469,103.84481468880682,102.18012656583073,102.44766235351562,454600,0.0,0.0
2025-08-22 00:00:00-04:00,103.11155450299832,109.39377322257738,102.88365504545463,108.719970703125,562600,0.0,0.0
2025-08-25 00:00:00-04:00,108.75960676173375,108.99741719157352,107.42191269908135,108.54161071777344,238300,0.0,0.0
2025-08-26 00:00:00-04:00,108.422699268352,109.36404511324616,107.92725647415205,108.0461654663086,434700,0.0,0.0
2025-08-27 00:00:00-04:00,107.85790121455088,108.45243109105813,107.15437331203391,107.52100372314453,265700,0.0,0.0
2025-08-28 00:00:00-04:00,108.12543785003929,108.12543785003929,106.50038609402577,107.86780548095703,293300,0.0,0.0
2025-08-29 00:00:00-04:00,108.00653155177383,109.57213263083501,106.75801356569971,109.09650421142578,316300,0.0,0.0
2025-09-02 00:00:00-04:00,107.53090411870399,108.86860575312511,107.21382102280845,108.33352661132812,336500,0.0,0.0
2025-09-03 00:00:00-04:00,108.23444133552988,111.87098980491156,108.23444133552988,111.80162811279297,467100,0.0,0.0
2025-09-04 00:00:00-04:00,112.52496182037491,114.35810615500864,112.3168767598728,114.22928619384766,443400,0.0,0.0
2025-09-05 00:00:00-04:00,115.56698905404309,118.50992060378583,114.80401044033745,116.41915130615234,681800,0.0,0.0
2025-09-08 00:00:00-04:00,116.07233484956473,120.77904129832841,115.94352244725232,119.94670104980469,744100,0.0,0.0
2025-09-09 00:00:00-04:00,119.03508989110468,119.8178904583558,116.97405349363196,119.71880340576172,424300,0.0,0.0
2025-09-10 00:00:00-04:00,120.22414620506774,122.93917050906546,119.12426263420585,119.2431640625,413300,0.0,0.0
2025-09-11 00:00:00-04:00,119.9566045664053,126.39736076503522,119.9566045664053,123.27607727050781,748300,0.0,0.0
2025-09-12 00:00:00-04:00,122.62209267591005,123.97960866587073,121.90865383621853,123.37516784667969,349700,0.0,0.0
2025-09-15 00:00:00-04:00,124.16787873765179,124.16787873765179,122.58246320508663,123.20671844482422,344700,0.0,0.0
2025-09-16 00:00:00-04:00,123.51388829918479,124.00933108613711,121.58165689415655,122.8896255493164,332500,0.0,0.0
2025-09-17 00:00:00-04:00,123.90033723429956,128.8349508846054,123.29589640910518,125.0101318359375,604700,0.0,0.0
2025-09-18 00:00:00-04:00,124.23723316789703,127.17025362163903,124.2273297550451,125.97128295898438,506600,0.0,0.0
2025-09-19 00:00:00-04:00,125.01012490754769,126.04063922927104,122.69144878402811,123.88050842285156,667700,0.0,0.0
2025-09-22 00:00:00-04:00,123.53370966110774,123.53370966110774,120.5808747176253,120.68987274169922,354100,0.0,0.0
2025-09-23 00:00:00-04:00,120.55114832234283,123.10762747993786,120.55114832234283,122.00774383544922,286200,0.0,0.0
2025-09-24 00:00:00-04:00,121.51230090707233,122.9292676466266,121.01685809687653,122.19601440429688,284100,0.0,0.0
2025-09-25 00:00:00-04:00,121.32404470513251,121.76994023581771,120.39260974964333,121.47267150878906,216500,0.0,0.0
2025-09-26 00:00:00-04:00,121.1754044947082,122.97881603734864,121.1754044947082,122.90945434570312,226200,0.0,0.0
2025-09-29 00:00:00-04:00,122.8004593985065,123.99943013262349,120.5115159569975,123.57334899902344,226300,0.0,0.0
2025-09-30 00:00:00-04:00,123.80125179597113,124.09851294609038,121.28440141370328,122.75090789794922,263400,0.0,0.0
2025-10-01 00:00:00-04:00,123.11753371366747,124.84167251169045,122.582454591552,124.71286010742188,387000,0.0,0.0
2025-10-02 00:00:00-04:00,124.2174126759688,124.87139320533291,121.60147543879886,122.04737091064453,349400,0.0,0.0
2025-10-03 00:00:00-04:00,122.32482615103488,123.41480637544947,121.21503910051426,122.0275650024414,301000,0.0,0.0
2025-10-06 00:00:00-04:00,121.50238760460586,122.03746670324887,115.23008032367888,117.2514877319336,537000,0.0,0.0
2025-10-07 00:00:00-04:00,115.55708514734926,116.35970009026741,114.19956910970261,115.50753784179688,558700,0.0,0.0
2025-10-08 00:00:00-04:00,116.64705793850837,117.34067485773777,115.63635035922275,116.42906188964844,319800,0.0,0.0
2025-10-09 00:00:00-04:00,116.42905961602376,116.76595709596843,113.50595007939417,113.52576446533203,374200,0.0,0.0
2025-10-10 00:00:00-04:00,115.41836256677769,117.41003725823803,113.58521808658732,116.04261779785156,470100,0.0,0.0
2025-10-13 00:00:00-04:00,116.09216810006752,116.6569726265283,114.5562922959045,115.78498840332031,264400,0.0,0.0
2025-10-14 00:00:00-04:00,115.50753200908031,119.35216534628206,114.1302016546774,118.60900115966797,399600,0.0,0.0
2025-10-15 00:00:00-04:00,118.90627412270467,120.02597214914483,117.72711781850018,117.76675415039062,242100,0.0,0.0
2025-10-16 00:00:00-04:00,117.43975710170938,117.59830242524748,115.66607854373395,116.35969543457031,291400,0.0,0.0
2025-10-17 00:00:00-04:00,116.1516117288979,118.95581980302885,115.09136443484385,118.91618347167969,333600,0.0,0.0
2025-10-20 00:00:00-04:00,119.98633837766467,120.83850063185041,118.86664032733106,120.29351806640625,238600,0.0,0.0
2025-10-21 00:00:00-04:00,119.1242623187349,121.85910856011031,116.04260764599194,119.80797576904297,418600,0.0,0.0
2025-10-22 00:00:00-04:00,129.0826702348154,133.33356276956385,123.93006062323724,128.38905334472656,1127800,0.0,0.0
2025-10-23 00:00:00-04:00,128.0224112404786,128.91421731569676,125.25784718264384,127.37834167480469,640500,0.0,0.0
2025-10-24 00:00:00-04:00,128.8151372434187,132.85795259588568,127.44771017898731,131.46080017089844,618500,0.0,0.0
2025-10-27 00:00:00-04:00,130.8563475905489,132.77866803952918,129.74656057658672,131.74815368652344,352700,0.0,0.0
2025-10-28 00:00:00-04:00,130.72753403116204,131.36171534988364,127.5071557306388,129.00340270996094,368400,0.0,0.0
2025-10-29 00:00:00-04:00,127.47742159507261,128.7358504932373,123.7120609926794,124.96057891845703,328300,0.0,0.0
2025-10-30 00:00:00-04:00,124.76240742438247,126.93244927100457,123.61297651900146,124.15796661376953,198200,0.0,0.0
2025-10-31 00:00:00-04:00,123.45444073411534,124.97050214399248,123.13735762535217,124.66332244873047,196700,0.0,0.0
2025-11-03 00:00:00-05:00,123.1769825365503,125.77310544620873,121.99783385135575,125.68392181396484,248700,0.0,0.0
2025-11-04 00:00:00-05:00,125.39657848668922,125.90192471080648,123.42471065583322,125.70375061035156,288500,0.0,0.0
2025-11-05 00:00:00-05:00,125.6740164132265,125.6740164132265,123.7814213795924,123.88050842285156,283500,0.0,0.0
2025-11-06 00:00:00-05:00,124.71286432338438,124.71286432338438,120.8880452381113,123.31571197509766,271700,0.0,0.0
2025-11-07 00:00:00-05:00,123.81115248600587,125.18848286288059,122.02756294494611,124.8515853881836,261600,0.0,0.0
2025-11-10 00:00:00-05:00,125.33712671299229,127.58643386529776,124.80204754216744,126.10011291503906,196800,0.0,0.0
2025-11-11 00:00:00-05:00,127.48734660342005,129.3601198072912,125.57493706784412,128.31968688964844,243800,0.0,0.0
2025-11-12 00:00:00-05:00,127.69543833885557,129.09259083760998,127.46753885598946,127.97288513183594,177500,0.0,0.0
2025-11-13 00:00:00-05:00,127.5170733874767,128.0917888638335,125.02003738116792,125.88211059570312,225900,0.0,0.0
2025-11-14 00:00:00-05:00,126.18928350106101,126.82344969963592,124.33633221079205,125.86228942871094,345600,0.0,0.0
2025-11-17 00:00:00-05:00,126.91511131913543,126.91511131913543,123.09117181694828,123.62751770019531,267800,0.3,0.0
2025-11-18 00:00:00-05:00,123.19049418094517,124.56115841668623,122.56476110229458,124.08440399169922,242900,0.0,0.0
2025-11-19 00:00:00-05:00,123.98508336612508,124.76973711870242,123.23022534452146,123.6871109008789,221600,0.0,0.0
2025-11-20 00:00:00-05:00,124.73000366045127,126.18012062569483,123.0713090061406,123.10110473632812,337400,0.0,0.0
2025-11-21 00:00:00-05:00,124.89885298345517,127.50111449406329,124.21352086824702,125.40540313720703,609700,0.0,0.0
2025-11-24 00:00:00-05:00,126.49796212737394,127.96794047688483,125.53452637759398,126.8157958984375,465000,0.0,0.0
2025-11-25 00:00:00-05:00,129.55710181658426,133.34131089647445,128.29569373811822,132.77516174316406,578500,0.0,0.0
2025-11-26 00:00:00-05:00,132.02032245808843,135.55622399367363,131.02709100851916,135.13906860351562,352500,0.0,0.0
2025-11-28 00:00:00-05:00,133.85780768898763,135.69527679093378,133.1724755588501,133.65916442871094,165400,0.0,0.0
2025-12-01 00:00:00-05:00,132.88443109371718,134.06637896248048,131.65283377608904,133.18240356445312,340100,0.0,0.0
2025-12-02 00:00:00-05:00,134.27496536832052,134.27496536832052,130.87811554657512,130.9277801513672,387800,0.0,0.0
2025-12-03 00:00:00-05:00,131.93093703902616,134.910631427802,130.74898917326357,132.95396423339844,318600,0.0,0.0
2025-12-04 00:00:00-05:00,132.54673899074857,134.7318452323935,131.35486423671585,131.68263244628906,387600,0.0,0.0
2025-12-05 00:00:00-05:00,130.8781207476752,132.67586736181977,129.3584777448066,130.02394104003906,383200,0.0,0.0
2025-12-08 00:00:00-05:00,130.26229917508266,130.26229917508266,127.7394979494716,128.1665802001953,228800,0.0,0.0
2025-12-09 00:00:00-05:00,129.11016469160683,129.11016469160683,126.97470793035288,127.60044860839844,300600,0.0,0.0
2025-12-10 00:00:00-05:00,128.2162446996632,131.15621647055437,127.11376475777232,130.1033935546875,366600,0.0,0.0
2025-12-11 00:00:00-05:00,130.5006827367669,132.60632861146638,130.39142666842818,130.9277801513672,345100,0.0,0.0
2025-12-12 00:00:00-05:00,131.28532266919834,131.42438961818522,129.08036284561996,129.59683227539062,382700,0.0,0.0
2025-12-15 00:00:00-05:00,130.3020332565708,130.3020332565708,128.2063143406099,129.59683227539062,287400,0.0,0.0
2025-12-16 00:00:00-05:00,129.93454645080087,130.09345196569885,127.65011106910156,129.55711364746094,324000,0.0,0.0
2025-12-17 00:00:00-05:00,128.98103916961813,131.61309650024512,125.77289819055949,129.30880737304688,310000,0.0,0.0
2025-12-18 00:00:00-05:00,132.04019013759813,132.55667473025014,130.40134916731074,131.51377868652344,419500,0.0,0.0
2025-12-19 00:00:00-05:00,134.28489260340166,136.59912376250952,132.8745057253099,133.7088165283203,606700,0.0,0.0
2025-12-22 00:00:00-05:00,132.98376069472414,133.8180714908382,132.12958102569988,133.7982177734375,257600,0.0,0.0
2025-12-23 00:00:00-05:00,133.87765829889898,133.87765829889898,132.07991182852962,132.21896362304688,187800,0.0,0.0
2025-12-24 00:00:00-05:00,132.03023940114832,133.59954679227414,131.20587069676387,133.07313537597656,90300,0.0,0.0
2025-12-26 00:00:00-05:00,133.4605115238897,133.4605115238897,132.0799203480205,132.9837646484375,168100,0.0,0.0
2025-12-29 00:00:00-05:00,133.1228145734571,133.3413267123539,131.6528362208413,132.61627197265625,234500,0.0,0.0
2025-12-30 00:00:00-05:00,132.25870291653158,133.99685794610966,131.84154752809394,132.35801696777344,128200,0.0,0.0
2025-12-31 00:00:00-05:00,132.0997685719398,132.60631110070662,130.79863793795454,130.94761657714844,242200,0.0,0.0
2026-01-02 00:00:00-05:00,130.66952238988344,131.69254953377606,129.16974841085369,130.61985778808594,261500,0.0,0.0
2026-01-05 00:00:00-05:00,130.14310889280816,133.92731809504272,128.4943411344855,133.3512420654297,276800,0.0,0.0
2026-01-06 00:00:00-05:00,132.715585001746,134.63252963170103,130.8483201322131,134.09617614746094,258600,0.0,0.0
2026-01-07 00:00:00-05:00,134.45374540524034,136.092586499143,132.01040436416392,135.3575897216797,437700,0.0,0.0
2026-01-08 00:00:00-05:00,134.36434879190733,137.9101923284938,133.29165701165033,136.46006774902344,285900,0.0,0.0
2026-01-09 00:00:00-05:00,137.36391980009236,145.6871894836741,136.36074628323638,145.2005157470703,703100,0.0,0.0
2026-01-12 00:00:00-05:00,143.3232999053541,147.32602139841052,143.0253274420813,145.36935424804688,286200,0.0,0.0
2026-01-13 00:00:00-05:00,145.47861703932378,145.47861703932378,143.11472125170323,144.6045684814453,310300,0.0,0.0
2026-01-14 00:00:00-05:00,143.61133061993914,146.63076269193377,143.363022759338,146.3725128173828,328000,0.0,0.0
2026-01-15 00:00:00-05:00,147.8623620335002,151.96441279733503,145.1409175430608,149.6799774169922,457200,0.0,0.0
2026-01-16 00:00:00-05:00,149.90841343214208,159.2745937589419,149.7495079204933,158.3806915283203,1002800,0.0,0.0
2026-01-20 00:00:00-05:00,155.4208524134286,156.33462352501044,148.72648216747908,149.54092407226562,844900,0.0,0.0
2026-01-21 00:00:00-05:00,146.9783827291589,151.58697595692516,146.9783827291589,151.26914978027344,362200,0.0,0.0
2026-01-22 00:00:00-05:00,152.6497491996049,153.01723999891882,150.3752406141779,150.64341735839844,270700,0.0,0.0
2026-01-23 00:00:00-05:00,149.27275316709347,150.45470105876768,148.20007650046634,149.8686981201172,221500,0.0,0.0
2026-01-26 00:00:00-05:00,149.80910113343145,152.12333222613228,148.1702601507845,150.93145751953125,363700,0.0,0.0
2026-01-27 00:00:00-05:00,151.0804368027698,151.0804368027698,145.01179202351074,148.44837951660156,663500,0.0,0.0
2026-01-28 00:00:00-05:00,148.49802753572467,149.7594357114421,145.93548859500748,145.9851531982422,999400,0.0,0.0
2026-01-29 00:00:00-05:00,146.6605667304798,148.9946516590411,145.50841455470376,148.68675231933594,763500,0.0,0.0
2026-01-30 00:00:00-05:00,111.24192037789021,111.24192037789021,92.86713888689941,99.24368286132812,5227400,0.0,0.0
2026-02-02 00:00:00-05:00,97.61479107776375,98.42924060857672,90.2946797372664,92.44005584716797,3254900,0.0,0.0
2026-02-03 00:00:00-05:00,92.45990932369624,93.2942276575892,88.1393541588257,92.5195083618164,2828000,0.0,0.0
2026-02-04 00:00:00-05:00,93.08565303413334,95.75744806892043,91.3375635542082,95.42967987060547,1533600,0.0,0.0
2026-02-05 00:00:00-05:00,96.6116240723389,97.33668639705978,93.00619647766406,96.85993194580078,1076000,0.0,0.0
2026-02-06 00:00:00-05:00,97.47573546875775,99.24368626582852,94.33712797657422,94.95292663574219,1037100,0.0,0.0
2026-02-09 00:00:00-05:00,94.9529200091114,96.00575044248781,93.11544344076448,94.16826629638672,780600,0.0,0.0
2026-02-10 00:00:00-05:00,95.00259710108386,96.85000834806843,92.87708223889821,93.81071472167969,1233500,0.0,0.0
2026-02-11 00:00:00-05:00,92.86714004639583,94.31725704581115,89.06306179588772,89.78812408447266,1251600,0.0,0.0
2026-02-12 00:00:00-05:00,92.76781849546974,92.76781849546974,87.79172683334093,90.87074279785156,1687800,0.0,0.0
2026-02-13 00:00:00-05:00,91.02021374160147,93.71076556569706,90.2230191143273,91.68787384033203,818000,0.3,0.0
2026-02-17 00:00:00-05:00,92.97335929780712,94.10936754417628,92.08647580025021,93.55132293701172,1289400,0.0,0.0
2026-02-18 00:00:00-05:00,92.99328864964734,96.55078986252352,92.99328864964734,95.72369384765625,967200,0.0,0.0
2026-02-19 00:00:00-05:00,95.33506091788405,96.03261480446348,92.75413206478777,93.999755859375,736200,0.0,0.0
2026-02-20 00:00:00-05:00,93.66093722728395,94.36845059246785,91.86724362056933,91.9071044921875,849000,0.0,0.0
2026-02-23 00:00:00-05:00,91.90710540423058,91.90710540423058,88.84785380200289,90.01375579833984,1016300,0.0,0.0
2026-02-24 00:00:00-05:00,90.01375751301887,91.30920166606452,89.18666150901733,90.88070678710938,903800,0.0,0.0
2026-02-25 00:00:00-05:00,91.17965710831461,92.75412732892747,89.7446961373577,92.41531372070312,785100,0.0,0.0
2026-02-26 00:00:00-05:00,92.42528228061838,93.64101227745057,91.76758929111217,92.60465240478516,790900,0.0,0.0
2026-02-27 00:00:00-05:00,93.36199468329293,93.53139769035516,91.22948741002693,91.608154296875,1188700,0.0,0.0
2026-03-02 00:00:00-05:00,89.02721588540643,91.02021386021491,88.2001275039007,90.0635757446289,929000,0.0,0.0
2026-03-03 00:00:00-05:00,87.54243820950023,89.9041436460703,86.37653616978311,89.44575500488281,577200,0.0,0.0
2026-03-04 00:00:00-05:00,89.58526107057502,91.39888893533383,89.06707733625308,90.3525619506836,645700,0.0,0.0
2026-03-05 00:00:00-05:00,89.26638161010071,91.14976409849811,87.51254125381624,88.22005462646484,849000,0.0,0.0
2026-03-06 00:00:00-05:00,87.84138618134644,87.84138618134644,84.37356640259077,85.89820861816406,1241800,0.0,0.0
2026-03-09 00:00:00-04:00,84.69245098940492,86.81499880301878,83.85539544797388,86.70538330078125,1044400,0.0,0.0
2026-03-10 00:00:00-04:00,87.19366497938302,90.18316206439043,86.27688769795829,89.2763442993164,932900,0.0,0.0
2026-03-11 00:00:00-04:00,88.78806017023274,89.01725828745501,85.10101687846857,87.3431396484375,751500,0.0,0.0
2026-03-12 00:00:00-04:00,86.79506214130923,87.73177364239012,83.93511485192374,84.31378173828125,731700,0.0,0.0
2026-03-13 00:00:00-04:00,85.0711256289766,85.78859855023316,83.36711318595917,83.84542846679688,542200,0.0,0.0
2026-03-16 00:00:00-04:00,85.599267208986,87.93107126296852,85.26045358930301,86.17723846435547,732100,0.0,0.0
2026-03-17 00:00:00-04:00,86.79506469361252,88.00082761733081,86.38650404140789,87.044189453125,644000,0.0,0.0
2026-03-18 00:00:00-04:00,85.73877631968898,88.06062085352849,85.5095782006389,86.90467834472656,491200,0.0,0.0
2026-03-19 00:00:00-04:00,86.1672733156735,88.33964152976529,85.89821431702542,87.72180938720703,472300,0.0,0.0
2026-03-20 00:00:00-04:00,87.30327541820257,87.30327541820257,83.26745154639681,84.15433502197266,735300,0.0,0.0
2026-03-23 00:00:00-04:00,86.3566108762793,87.55240668902958,85.20066833496094,85.20066833496094,537400,0.0,0.0
2026-03-24 00:00:00-04:00,83.77566944176955,84.7024138027779,83.01832808372264,84.00486755371094,689000,0.0,0.0
2026-03-25 00:00:00-04:00,84.82199960099652,86.147337523957,83.98493646802149,86.12741088867188,563400,0.0,0.0
2026-03-26 00:00:00-04:00,85.10101501902186,86.8249540092048,85.10101501902186,86.13737487792969,395800,0.0,0.0
2026-03-27 00:00:00-04:00,82.38056856252243,86.88474819380053,82.36064192817334,85.17076873779297,476700,0.0,0.0
2026-03-30 00:00:00-04:00,85.61919359505922,86.24699284060031,84.2539948094154,84.60276794433594,652400,0.0,0.0
2026-03-31 00:00:00-04:00,85.65905598803302,87.6420869354995,84.86186132302325,87.0940170288086,556300,0.0,0.0
2026-04-01 00:00:00-04:00,88.38945859855554,88.44925370861043,87.3032783336703,87.39295959472656,366400,0.0,0.0
2026-04-02 00:00:00-04:00,85.44979189365387,90.29277779170134,85.03126412534958,89.78456115722656,565100,0.0,0.0
2026-04-06 00:00:00-04:00,89.72476973819975,90.76112959742224,88.99732213221374,90.0635757446289,436700,0.0,0.0
2026-04-07 00:00:00-04:00,89.7347395936292,89.7347395936292,87.9908663124857,88.14033508300781,443900,0.0,0.0
2026-04-08 00:00:00-04:00,91.80745226992687,92.87370592063743,90.08351321730385,91.28927612304688,620200,0.0,0.0
2026-04-09 00:00:00-04:00,90.4920694769931,92.5647891694105,89.48561098628555,91.4487075805664,1234600,0.0,0.0
2026-04-10 00:00:00-04:00,90.53193644575258,91.55832924258976,89.81445591907841,91.08998107910156,424800,0.0,0.0
2026-04-13 00:00:00-04:00,90.6913753098917,92.74416079872438,90.12337118906498,92.70429992675781,429100,0.0,0.0
2026-04-14 00:00:00-04:00,93.15272750588572,93.41181176539136,91.95692417456164,92.3455581665039,479000,0.0,0.0
2026-04-15 00:00:00-04:00,92.61461896762172,92.94345785771696,90.97039410640967,91.41881561279297,476000,0.0,0.0
2026-04-16 00:00:00-04:00,91.36899837945735,92.08647889659085,90.80099423717405,91.40885925292969,404700,0.0,0.0
2026-04-17 00:00:00-04:00,93.16268615300031,95.45463681465385,92.56478829425531,94.23890686035156,621100,0.0,0.0
2026-04-20 00:00:00-04:00,93.41181166710277,94.22894052144005,92.8836684274643,93.96985626220703,449800,0.0,0.0
2026-04-21 00:00:00-04:00,94.69730004432294,95.4347071856225,89.95396261091832,90.32266998291016,504100,0.0,0.0
2026-04-22 00:00:00-04:00,90.88070239201525,91.47860785201152,89.20658382992995,90.14329528808594,485800,0.0,0.0
2026-04-23 00:00:00-04:00,90.11340213528095,90.42231438303325,88.54889905693842,89.53543090820312,378000,0.0,0.0
2026-04-24 00:00:00-04:00,88.98736615400692,91.20955472675954,88.44925576709373,91.0700454711914,334200,0.0,0.0
2026-04-27 00:00:00-04:00,90.77108935948674,92.17615658482478,90.18315860461236,90.57179260253906,388500,0.0,0.0
2026-04-28 00:00:00-04:00,91.17965818337909,91.17965818337909,90.352562191607,90.86077880859375,374000,0.0,0.0
2026-04-29 00:00:00-04:00,90.14330011742373,90.641549625658,88.52896897377838,88.86778259277344,604200,0.0,0.0
2026-04-30 00:00:00-04:00,89.0471478729344,90.59172430546175,89.0471478729344,89.97389221191406,421900,0.0,0.0
2026-05-01 00:00:00-04:00,90.55186608558732,92.17615670460495,90.0237152338902,91.80744934082031,506100,0.0,0.0
2026-05-04 00:00:00-04:00,91.52843162215079,91.52843162215079,89.24644800001101,89.5752944946289,491100,0.0,0.0
2026-05-05 00:00:00-04:00,89.55536859336883,89.75466535391175,87.16376945343325,87.17373657226562,1022300,0.0,0.0
2026-05-06 00:00:00-04:00,84.97146600330801,88.23998909488733,84.97146600330801,86.76516723632812,1300900,0.0,0.0
2026-05-07 00:00:00-04:00,87.07407668618075,89.38595397719472,86.69540981704944,88.34960174560547,747700,0.0,0.0
2026-05-08 00:00:00-04:00,89.02721907164486,90.35256459697008,87.60223276723384,90.2230224609375,502000,0.0,0.0
2026-05-11 00:00:00-04:00,90.04365273510604,90.18316199074438,87.82145655855082,88.04068756103516,519600,0.0,0.0
2026-05-12 00:00:00-04:00,87.69191052595652,88.68840950920601,86.10748079187806,88.3197021484375,436300,0.0,0.0
2026-05-13 00:00:00-04:00,87.20363266066059,88.63858610089068,85.9480417481105,87.43282318115234,364100,0.0,0.0
2026-05-14 00:00:00-04:00,88.03071886445379,88.59873059853916,86.49611707993282,87.51254272460938,324800,0.0,0.0
2026-05-15 00:00:00-04:00,86.48614673890359,87.552400335412,85.21062927048423,85.38999938964844,634900,0.0,0.0
2026-05-18 00:00:00-04:00,86.05000305175781,86.98999786376953,85.5,86.47000122070312,376500,0.3,0.0
2026-05-19 00:00:00-04:00,86.05000305175781,86.05000305175781,84.16999816894531,84.44000244140625,542500,0.0,0.0
2026-05-20 00:00:00-04:00,85.06999969482422,87.1500015258789,83.87000274658203,87.08999633789062,464200,0.0,0.0
2026-05-21 00:00:00-04:00,86.01000213623047,87.52999877929688,84.68000030517578,87.0199966430664,555700,0.0,0.0
2026-05-22 00:00:00-04:00,86.87999725341797,87.08000183105469,85.62999725341797,85.87999725341797,445000,0.0,0.0
2026-05-26 00:00:00-04:00,86.5,87.0,85.47000122070312,86.12000274658203,410700,0.0,0.0
2026-05-27 00:00:00-04:00,86.83999633789062,87.41999816894531,86.2699966430664,87.38999938964844,534500,0.0,0.0
2026-05-28 00:00:00-04:00,86.58999633789062,87.3499984741211,85.23999786376953,86.37999725341797,449500,0.0,0.0
2026-05-29 00:00:00-04:00,86.18000030517578,86.37000274658203,83.83999633789062,83.87000274658203,965900,0.0,0.0
2026-06-01 00:00:00-04:00,83.5,83.7300033569336,82.23999786376953,82.48999786376953,670700,0.0,0.0
2026-06-02 00:00:00-04:00,81.9800033569336,84.37999725341797,81.7699966430664,84.04000091552734,764700,0.0,0.0
2026-06-03 00:00:00-04:00,83.18000030517578,84.26000213623047,80.37000274658203,80.5999984741211,827000,0.0,0.0
2026-06-04 00:00:00-04:00,81.1500015258789,82.12999725341797,81.05000305175781,81.52999877929688,637500,0.0,0.0
2026-06-05 00:00:00-04:00,81.37999725341797,82.70999908447266,80.70999908447266,81.23999786376953,396400,0.0,0.0
2026-06-08 00:00:00-04:00,81.25,81.38999938964844,78.80999755859375,79.55999755859375,430200,0.0,0.0
2026-06-09 00:00:00-04:00,80.22000122070312,83.04000091552734,80.22000122070312,81.76000213623047,434600,0.0,0.0
2026-06-10 00:00:00-04:00,81.54000091552734,82.38999938964844,79.93000030517578,80.08000183105469,305600,0.0,0.0
2026-06-11 00:00:00-04:00,80.41000366210938,81.06999969482422,77.66999816894531,80.68000030517578,585100,0.0,0.0
2026-06-12 00:00:00-04:00,80.7699966430664,82.19999694824219,80.0199966430664,81.66000366210938,306700,0.0,0.0
2026-06-15 00:00:00-04:00,82.8499984741211,84.5999984741211,82.18000030517578,82.41000366210938,540300,0.0,0.0
2026-06-16 00:00:00-04:00,82.29000091552734,83.79000091552734,82.0,83.5999984741211,627500,0.0,0.0
2026-06-17 00:00:00-04:00,83.91000366210938,85.79000091552734,80.69999694824219,81.19999694824219,690000,0.0,0.0
2026-06-18 00:00:00-04:00,81.77999877929688,83.2300033569336,81.77999877929688,82.37999725341797,520200,0.0,0.0
2026-06-22 00:00:00-04:00,81.70999908447266,83.23999786376953,79.33000183105469,79.80999755859375,464400,0.0,0.0
2026-06-23 00:00:00-04:00,80.04000091552734,81.12999725341797,79.69000244140625,80.23999786376953,619100,0.0,0.0
2026-06-24 00:00:00-04:00,80.70999908447266,83.7300033569336,80.70999908447266,83.3499984741211,680100,0.0,0.0
2026-06-25 00:00:00-04:00,84.0,85.2300033569336,83.0199966430664,84.30000305175781,404200,0.0,0.0
2026-06-26 00:00:00-04:00,84.56999969482422,86.3499984741211,83.31999969482422,86.08000183105469,1270700,0.0,0.0
2026-06-29 00:00:00-04:00,85.97000122070312,87.11000061035156,84.41000366210938,86.1500015258789,646000,0.0,0.0
2026-06-30 00:00:00-04:00,86.12999725341797,87.5,85.76000213623047,87.0999984741211,837400,0.0,0.0
2026-07-01 00:00:00-04:00,86.88999938964844,87.76000213623047,84.62999725341797,84.83000183105469,525700,0.0,0.0
2026-07-02 00:00:00-04:00,84.5,86.75,82.12000274658203,83.47000122070312,548200,0.0,0.0
2026-07-06 00:00:00-04:00,83.58999633789062,83.75,81.80999755859375,83.75,537800,0.0,0.0
2026-07-07 00:00:00-04:00,82.25,82.87999725341797,80.19999694824219,81.11000061035156,602500,0.0,0.0
2026-07-08 00:00:00-04:00,80.30000305175781,81.80000305175781,79.6500015258789,80.91999816894531,514200,0.0,0.0
2026-07-09 00:00:00-04:00,81.19999694824219,82.18000030517578,80.52999877929688,81.94000244140625,394500,0.0,0.0
2026-07-10 00:00:00-04:00,82.5199966430664,82.94000244140625,81.27999877929688,82.3499984741211,248900,0.0,0.0
2026-07-13 00:00:00-04:00,82.4000015258789,83.12999725341797,81.41000366210938,81.4800033569336,448000,0.0,0.0
2026-07-14 00:00:00-04:00,82.5999984741211,83.5,81.80000305175781,82.91000366210938,268600,0.0,0.0
2026-07-15 00:00:00-04:00,83.76000213623047,85.87000274658203,83.30999755859375,84.9800033569336,584500,0.0,0.0
2026-07-16 00:00:00-04:00,85.81999969482422,87.38999938964844,85.18000030517578,86.81999969482422,403300,0.0,0.0
2026-07-17 00:00:00-04:00,86.2300033569336,87.36000061035156,84.83999633789062,85.29000091552734,359800,0.0,0.0
2026-07-20 00:00:00-04:00,85.41999816894531,85.41999816894531,82.77999877929688,83.58000183105469,539400,0.0,0.0
2026-07-21 00:00:00-04:00,84.36000061035156,84.36000061035156,82.08000183105469,83.98999786376953,347000,0.0,0.0
2026-07-22 00:00:00-04:00,84.16000366210938,85.04000091552734,83.58000183105469,84.69000244140625,296600,0.0,0.0
2026-07-23 00:00:00-04:00,85.05999755859375,85.05999755859375,81.87000274658203,82.61000061035156,597500,0.0,0.0
2026-07-24 00:00:00-04:00,83.05000305175781,85.56999969482422,82.41999816894531,84.3499984741211,319400,0.0,0.0
2026-07-27 00:00:00-04:00,85.30999755859375,86.2300033569336,83.62999725341797,84.47000122070312,548000,0.0,0.0
2026-07-28 00:00:00-04:00,85.11000061035156,86.4000015258789,84.83999633789062,85.69999694824219,456800,0.0,0.0
2026-07-29 00:00:00-04:00,84.41000366210938,87.70999908447266,84.0999984741211,86.04000091552734,619600,0.0,0.0
2026-07-30 00:00:00-04:00,77.72000122070312,77.77999877929688,71.68000030517578,75.87000274658203,2427000,0.0,0.0
2026-07-31 00:00:00-04:00,75.70999908447266,76.11000061035156,74.45999908447266,75.41000366210938,1066400,0.0,0.0
2026-08-03 00:00:00-04:00,76.02999877929688,76.68000030517578,75.81999969482422,76.4000015258789,831400,0.0,0.0
2026-08-04 00:00:00-04:00,76.08999633789062,78.0199966430664,76.08999633789062,76.98999786376953,779000,0.0,0.0
2026-08-05 00:00:00-04:00,77.5,77.5999984741211,74.69999694824219,75.88999938964844,625600,0.0,0.0
2026-08-06 00:00:00-04:00,75.12999725341797,77.22000122070312,73.91000366210938,77.0199966430664,522900,0.0,0.0
2026-08-07 00:00:00-04:00,76.91999816894531,77.98999786376953,76.54000091552734,77.41000366210938,1251300,0.0,0.0
2026-08-10 00:00:00-04:00,76.83999633789062,77.05000305175781,74.57499694824219,75.8499984741211,769779,0.0,0.0
