Date,Open,High,Low,Close,Volume,Change
2022-01-03,22900,23300,22700,22900,817368,0.0
2022-01-04,22950,23250,22450,23200,911070,0.013100436681222627
2022-01-05,23100,23400,22850,23150,1029158,-0.0021551724137931494
2022-01-06,23000,24900,22600,24400,4070927,0.05399568034557234
2022-01-07,24600,24750,24150,24600,1490401,0.008196721311475308
2022-01-10,24550,25200,24050,24350,1551728,-0.010162601626016232
2022-01-11,24350,24900,24100,24250,1177811,-0.004106776180698102
2022-01-12,24450,25000,24250,24350,1253957,0.004123711340206171
2022-01-13,24400,24700,23900,24350,1026000,0.0
2022-01-14,24150,24200,23350,23550,1001048,-0.03285420944558526
2022-01-17,23550,23750,22700,22950,1139083,-0.02547770700636942
2022-01-18,23000,23250,22550,23050,1310981,0.004357298474945592
2022-01-19,22700,23700,22700,23300,1281726,0.010845986984815648
2022-01-20,23250,24300,23250,23700,1368987,0.01716738197424883
2022-01-21,23500,23700,23150,23350,901154,-0.014767932489451518
2022-01-24,23200,23800,22700,22700,970025,-0.027837259100642386
2022-01-25,22650,22750,21800,21800,1336621,-0.03964757709251099
2022-01-26,21850,22300,21500,21550,904120,-0.011467889908256867
2022-01-27,21800,21900,20450,20700,1542298,-0.03944315545243615
2022-01-28,20900,21600,20550,21550,1343040,0.04106280193236711
2022-02-03,21950,23050,21700,22850,1521147,0.06032482598607891
2022-02-04,22750,23550,22600,23100,857234,0.010940919037199182
2022-02-07,23100,23100,22750,22950,572590,-0.00649350649350644
2022-02-08,23150,23300,22600,22850,868957,-0.004357298474945481
2022-02-09,23600,24400,23450,24250,2152038,0.06126914660831506
2022-02-10,24300,24650,23950,24400,1235675,0.006185567010309256
2022-02-11,24000,24250,23300,23550,1236628,-0.0348360655737705
2022-02-14,23000,23500,22850,23000,1121629,-0.023354564755838636
2022-02-15,23150,23350,22250,22550,865482,-0.019565217391304346
2022-02-16,23000,23300,22750,23100,697941,0.024390243902439046
2022-02-17,23200,23850,22800,23350,1070852,0.010822510822510845
2022-02-18,23000,23600,22800,23600,652542,0.010706638115631772
2022-02-21,23100,23450,22950,23250,680921,-0.014830508474576232
2022-02-22,22650,22850,22050,22250,1451321,-0.043010752688172005
2022-02-23,22400,22800,22200,22800,655251,0.024719101123595433
2022-02-24,22450,22500,21950,22200,1017681,-0.02631578947368418
2022-02-25,22450,23100,22350,22850,1061139,0.029279279279279313
2022-02-28,22700,23250,22500,23200,1073760,0.015317286652078765
2022-03-02,23000,23750,22900,23350,980134,0.006465517241379226
2022-03-03,23500,24200,23500,24200,1102375,0.036402569593147804
2022-03-04,24200,25550,24100,25450,3911714,0.051652892561983466
2022-03-07,25450,27350,25400,26750,5663812,0.05108055009823187
2022-03-08,26750,27600,26300,26600,3804753,-0.005607476635513975
2022-03-10,26150,26250,25000,26000,4546967,-0.022556390977443663
2022-03-11,26400,26950,25750,26600,2764005,0.023076923076922995
2022-03-14,26600,27900,26350,27850,4255756,0.046992481203007586
2022-03-15,27550,27900,26200,26350,2833918,-0.05385996409335725
2022-03-16,26500,26650,25650,26550,2203281,0.007590132827324458
2022-03-17,26600,26700,25300,26000,3048382,-0.020715630885122405
2022-03-18,26200,26700,26050,26200,1635589,0.007692307692307665
2022-03-21,26350,26700,26050,26300,1053971,0.003816793893129722
2022-03-22,26550,27500,26400,27100,1796057,0.03041825095057038
2022-03-23,27100,27100,26450,26600,1302785,-0.01845018450184499
2022-03-24,26500,27000,26400,26700,1006589,0.003759398496240518
2022-03-25,26700,27050,26000,26500,1224357,-0.0074906367041198685
2022-03-28,26500,28300,26350,27750,3141650,0.04716981132075482
2022-03-29,27700,27800,26500,26600,2091691,-0.04144144144144146
2022-03-30,26650,26950,26400,26650,916645,0.001879699248120259
2022-03-31,26750,26950,26100,26200,1265945,-0.016885553470919357
2022-04-01,25800,26200,25300,25800,1888023,-0.01526717557251911
2022-04-04,25600,25850,25250,25450,1162187,-0.013565891472868241
2022-04-05,25450,25950,24900,25100,1202880,-0.013752455795677854
2022-04-06,25000,25350,24600,25200,1251413,0.003984063745019917
2022-04-07,24850,24950,24050,24100,1735570,-0.04365079365079361
2022-04-08,24400,24750,24100,24300,904397,0.008298755186721962
2022-04-11,24200,24600,23900,24350,660485,0.002057613168724215
2022-04-12,24000,24200,23550,23750,1135674,-0.024640657084188944
2022-04-13,23850,24500,23850,24300,917241,0.023157894736842044
2022-04-14,24300,24550,23850,24400,839050,0.004115226337448652
2022-04-15,24200,24900,24050,24400,976875,0.0
2022-04-18,24250,25000,24250,24350,709078,-0.002049180327868827
2022-04-19,24500,24900,24450,24800,704939,0.01848049281314168
2022-04-20,24850,24850,24150,24250,849145,-0.022177419354838745
2022-04-21,24250,24800,24250,24400,622572,0.006185567010309256
2022-04-22,24050,24350,23800,24200,597053,-0.008196721311475419
2022-04-25,23700,24000,23550,23600,672564,-0.024793388429752095
2022-04-26,23700,24700,23200,24550,2188599,0.0402542372881356
2022-04-27,24150,25950,24050,25400,3046412,0.03462321792260692
2022-04-28,25700,26850,25400,26400,2408864,0.03937007874015741
2022-04-29,26450,26650,25900,26000,1028889,-0.015151515151515138
2022-05-02,25700,26250,25150,26100,756947,0.0038461538461538325
2022-05-03,26050,26600,25850,26050,831967,-0.0019157088122605526
2022-05-04,26100,26850,25850,26450,1127546,0.015355086372360827
2022-05-06,26000,26950,25750,26800,1283252,0.013232514177693666
2022-05-09,26750,27050,26150,26650,1180199,-0.005597014925373123
2022-05-10,26050,26650,25450,26500,1797064,-0.0056285178236398226
2022-05-11,26400,26850,25400,25450,1151354,-0.03962264150943395
2022-05-12,25200,25950,25150,25200,951524,-0.00982318271119842
2022-05-13,25600,26600,25500,26250,1017041,0.04166666666666674
2022-05-16,26450,26550,25750,25850,600860,-0.015238095238095273
2022-05-17,26050,27300,26050,26450,1935029,0.023210831721470093
2022-05-18,26450,26500,25200,25350,1529598,-0.041587901701323204
2022-05-19,24650,24950,24200,24550,1509468,-0.0315581854043393
2022-05-20,24500,24550,23950,24050,1465401,-0.020366598778004064
2022-05-23,24250,24350,23400,23550,1668724,-0.02079002079002079
2022-05-24,23650,23750,23000,23150,1725927,-0.01698513800424628
2022-05-25,23300,23550,23000,23350,1095713,0.008639308855291628
2022-05-26,23500,24400,23250,24200,2219883,0.036402569593147804
2022-05-27,24450,24500,23950,24150,922941,-0.0020661157024793875
2022-05-30,24250,24750,24150,24300,945254,0.006211180124223503
2022-05-31,24400,24550,23950,24550,2139254,0.010288065843621297
2022-06-02,24500,24500,23600,24050,1144025,-0.020366598778004064
2022-06-03,24100,24100,23550,23950,905287,-0.004158004158004158
2022-06-07,23900,24000,23400,23450,726236,-0.02087682672233826
2022-06-08,23450,23900,23400,23700,951262,0.010660980810234477
2022-06-09,23550,24200,23350,24200,1431211,0.021097046413502074
2022-06-10,23850,24600,23700,24450,1297245,0.010330578512396604
2022-06-13,24000,24200,23800,23850,1063807,-0.024539877300613466
2022-06-14,23350,23550,22100,22950,2095987,-0.037735849056603765
2022-06-15,22900,23250,22450,22600,1097913,-0.015250544662309351
2022-06-16,22850,23250,22050,22200,1107239,-0.017699115044247815
2022-06-17,21550,22150,21400,21800,1231050,-0.018018018018018056
2022-06-20,21800,21850,20350,21150,1495669,-0.029816513761467878
2022-06-21,21200,21700,20950,21350,876066,0.009456264775413725
2022-06-22,21650,22200,20650,20650,1134614,-0.032786885245901676
2022-06-23,20500,21050,19750,20000,1569281,-0.03147699757869249
2022-06-24,20000,20450,19500,20100,917419,0.004999999999999893
2022-06-27,20500,21300,20300,21100,990853,0.04975124378109452
2022-06-28,21050,21600,20950,21400,500861,0.014218009478673022
2022-06-29,21000,21800,20900,21400,689763,0.0
2022-06-30,21400,22250,21000,21550,1216525,0.007009345794392496
2022-07-01,22050,22850,21700,22450,1688751,0.0417633410672853
2022-07-04,22600,22700,21600,21950,967773,-0.022271714922049046
2022-07-05,22300,22700,21850,22050,1045015,0.004555808656036442
2022-07-06,21700,21750,20000,20000,2435331,-0.09297052154195007
2022-07-07,20150,20350,19200,20250,1647556,0.012499999999999956
2022-07-08,20500,21200,20450,20550,1241192,0.014814814814814836
2022-07-11,20550,20750,20000,20350,732566,-0.009732360097323589
2022-07-12,20300,20400,19600,20000,930017,-0.017199017199017175
2022-07-13,19700,19800,18600,19300,2320541,-0.03500000000000003
2022-07-14,19150,19300,18550,19000,1825324,-0.015544041450777257
2022-07-15,19000,19150,18450,18600,948687,-0.021052631578947323
2022-07-18,18950,19650,18750,19550,1184430,0.051075268817204256
2022-07-19,19550,19650,19300,19350,460849,-0.010230179028132946
2022-07-20,19800,19800,19300,19400,867218,0.0025839793281654533
2022-07-21,19350,19600,19250,19550,587017,0.0077319587628865705
2022-07-22,19500,19700,19200,19350,550264,-0.010230179028132946
2022-07-25,19200,19500,19150,19450,474679,0.0051679586563306845
2022-07-26,19500,19850,19350,19650,644237,0.010282776349614497
2022-07-27,19600,19850,19550,19850,728937,0.010178117048346147
2022-07-28,20000,20050,19050,19250,1849565,-0.030226700251889116
2022-07-29,19350,19700,19200,19600,1265378,0.018181818181818077
2022-08-01,19700,19900,19500,19800,822938,0.010204081632652962
2022-08-02,19800,19850,19400,19500,549908,-0.015151515151515138
2022-08-03,19450,19850,19300,19800,821368,0.01538461538461533
2022-08-04,19900,20050,19500,19600,1049335,-0.010101010101010055
2022-08-05,19600,20100,19550,19800,989760,0.010204081632652962
2022-08-08,19750,20100,19500,20000,902460,0.010101010101010166
2022-08-09,20050,20600,19850,20450,1201671,0.022499999999999964
2022-08-10,20500,21500,20450,21100,2399592,0.0317848410757946
2022-08-11,21500,21950,21300,21400,1934196,0.014218009478673022
2022-08-12,21400,22450,21400,22200,1849048,0.03738317757009346
2022-08-16,22200,22450,21850,22150,852384,-0.0022522522522522292
2022-08-17,22350,23000,22250,22250,1462892,0.004514672686230181
2022-08-18,22100,22700,21950,22400,858885,0.006741573033707926
2022-08-19,22550,22950,22400,22450,846626,0.0022321428571427937
2022-08-22,22250,23200,22100,22850,1324669,0.017817371937639104
2022-08-23,22650,23250,22400,22600,1130578,-0.01094091903719907
2022-08-24,22800,23350,22650,23200,1158974,0.026548672566371723
2022-08-25,23700,23950,23350,23600,1414688,0.01724137931034475
2022-08-26,23700,24200,23350,23950,1503947,0.014830508474576343
2022-08-29,23250,24000,23200,23500,1006482,-0.018789144050104345
2022-08-30,23650,24400,23500,23900,1087951,0.017021276595744705
2022-08-31,23750,23800,22650,23450,2166550,-0.01882845188284521
2022-09-01,23000,23350,22450,22450,1206554,-0.04264392324093813
2022-09-02,22650,22900,22150,22400,928335,-0.00222717149220486
2022-09-05,22400,23350,22400,23200,1083375,0.03571428571428581
2022-09-06,23300,23600,23050,23150,739280,-0.0021551724137931494
2022-09-07,23050,23600,22900,23350,1157745,0.008639308855291628
2022-09-08,23550,23650,22400,22650,1440560,-0.02997858672376874
2022-09-13,22950,23100,22550,22600,1766016,-0.002207505518763808
2022-09-14,21950,22400,21700,22300,1129552,-0.013274336283185861
2022-09-15,22350,22650,22000,22400,841814,0.004484304932735439
2022-09-16,22400,22800,21850,22050,932949,-0.015625
2022-09-19,22150,22150,21550,21750,886099,-0.013605442176870763
2022-09-20,22250,23250,22200,22950,1462845,0.05517241379310356
2022-09-21,22750,23900,22700,23250,1179956,0.013071895424836555
2022-09-22,23000,23600,22800,23550,957335,0.012903225806451646
2022-09-23,23550,23850,23350,23750,1368128,0.00849256900212314
2022-09-26,23750,23800,21650,21800,2289241,-0.08210526315789479
2022-09-27,21700,22500,21200,22500,1321230,0.032110091743119185
2022-09-28,22400,23100,21550,21900,1246694,-0.026666666666666616
2022-09-29,22350,22700,21950,21950,766758,0.0022831050228311334
2022-09-30,22100,23050,22000,22750,1700439,0.036446469248291535
2022-10-04,22900,23750,22700,23450,1302106,0.03076923076923066
2022-10-05,23850,24100,23500,23850,1324694,0.017057569296375252
2022-10-06,24000,24050,23450,23500,884496,-0.014675052410901501
2022-10-07,23200,23750,23200,23600,963788,0.004255319148936065
2022-10-11,23100,23300,22850,23100,821682,-0.021186440677966156
2022-10-12,22950,23800,22650,23500,781448,0.017316017316017396
2022-10-13,23550,24000,23250,23650,1105357,0.006382978723404209
2022-10-14,24000,25250,23850,24700,2796332,0.044397463002114224
2022-10-17,24300,24650,22950,23200,2270035,-0.06072874493927127
2022-10-18,23400,24250,23200,24250,1424945,0.04525862068965525
2022-10-19,24300,24650,23600,23600,1009085,-0.026804123711340222
2022-10-20,23650,24400,23650,24200,1008413,0.025423728813559254
2022-10-21,24200,24350,23100,23250,1102966,-0.039256198347107474
2022-10-24,23600,24100,23350,23550,754428,0.012903225806451646
2022-10-25,23600,23650,23050,23300,554781,-0.010615711252653925
2022-10-26,23300,23550,22400,22850,1143410,-0.01931330472102999
2022-10-27,22850,24050,22850,23900,1258629,0.045951859956236296
2022-10-28,23900,24200,23750,24000,895938,0.004184100418409997
2022-10-31,24350,24500,23550,23850,739819,-0.006249999999999978
2022-11-01,23950,24350,23500,24150,792072,0.012578616352201255
2022-11-02,24400,25000,24200,24350,1463825,0.008281573498964745
2022-11-03,23900,26200,23850,25750,4006117,0.05749486652977409
2022-11-04,25900,26350,25250,25850,1874951,0.003883495145631022
2022-11-07,26050,26300,25500,26100,1278449,0.009671179883945946
2022-11-08,26300,27100,25250,25850,2047228,-0.009578544061302652
2022-11-09,25850,26250,25700,25950,909101,0.003868471953578423
2022-11-10,25800,26400,25500,25550,1175395,-0.015414258188824692
2022-11-11,26200,27000,25900,26900,2199253,0.052837573385518644
2022-11-14,27250,27450,26150,26350,1496906,-0.020446096654275103
2022-11-15,26500,26650,25800,26050,1026913,-0.011385199240986688
2022-11-16,26250,26550,25600,26500,1410737,0.017274472168905985
2022-11-17,26600,26750,25200,25200,1597801,-0.049056603773584895
2022-11-18,25200,25750,25100,25550,1118544,0.01388888888888884
2022-11-21,25650,25900,25350,25750,898244,0.007827788649706457
2022-11-22,25750,25950,25400,25650,838949,-0.003883495145631022
2022-11-23,25650,26000,25450,25850,751893,0.007797270955165692
2022-11-24,26000,26150,25700,25950,685566,0.003868471953578423
2022-11-25,26000,26250,24900,25100,1312425,-0.032755298651252374
2022-11-28,24950,25000,24200,24650,1196075,-0.017928286852589626
2022-11-29,24800,24850,24450,24550,757414,-0.0040567951318458695
2022-11-30,24600,24700,24150,24550,1154151,0.0
2022-12-01,24850,25250,24450,24600,891140,0.0020366598778003286
2022-12-02,24600,24600,23600,23700,1338254,-0.03658536585365857
2022-12-05,23750,23950,23450,23750,768022,0.0021097046413502962
2022-12-06,23400,24200,23400,23800,746667,0.002105263157894832
2022-12-07,23700,23750,23050,23350,652772,-0.018907563025210128
2022-12-08,23400,23450,22850,23150,959675,-0.008565310492505307
2022-12-09,23300,23600,22750,22850,748429,-0.01295896328293733
2022-12-12,22800,23050,22350,23050,913535,0.00875273522975939
2022-12-13,23150,23250,22700,22800,485074,-0.010845986984815648
2022-12-14,23000,23250,22800,23200,886938,0.01754385964912286
2022-12-15,23100,23200,22850,22900,503433,-0.012931034482758674
2022-12-16,22400,22700,22250,22550,649520,-0.015283842794759805
2022-12-19,22800,23400,22750,23050,750584,0.022172949002217335
2022-12-20,23250,23650,22950,23100,804294,0.002169197396963085
2022-12-21,23200,23250,22550,23050,537903,-0.0021645021645021467
2022-12-22,23200,23300,22950,23000,627575,-0.002169197396963085
2022-12-23,22650,22800,22150,22200,913013,-0.034782608695652195
2022-12-26,22200,22300,21950,22150,827477,-0.0022522522522522292
2022-12-27,22300,22700,22150,22650,901081,0.02257336343115135
2022-12-28,22750,23300,22650,23100,784875,0.019867549668874274
2022-12-29,22800,23350,22250,22250,677042,-0.03679653679653683
2023-01-02,22700,23250,22600,23000,808240,0.03370786516853941
2023-01-03,23000,23000,22050,22400,608881,-0.02608695652173909
2023-01-04,22400,22800,21950,22650,434160,0.01116071428571419
2023-01-05,22700,23000,22300,22900,645877,0.011037527593819041
2023-01-06,22650,24050,22600,23600,1258257,0.03056768558951961
2023-01-09,23900,24050,23600,23900,929819,0.012711864406779627
2023-01-10,24100,24450,24050,24350,996749,0.01882845188284521
2023-01-11,24400,24700,23850,23900,804324,-0.01848049281314168
2023-01-12,24050,24250,23750,23850,658359,-0.0020920502092049986
2023-01-13,24000,24700,23850,24450,1066321,0.02515723270440251
2023-01-16,24750,24800,24250,24300,572761,-0.006134969325153339
2023-01-17,24350,24400,24000,24200,625430,-0.004115226337448541
2023-01-18,24400,24600,23700,24050,653698,-0.006198347107438051
2023-01-19,23800,24200,23700,23950,467513,-0.004158004158004158
2023-01-20,23850,24400,23850,24350,528649,0.016701461377870652
2023-01-25,24450,24550,24050,24200,419527,-0.006160164271047264
2023-01-26,24300,24650,24150,24350,549125,0.006198347107438051
2023-01-27,24250,25050,24200,24600,992209,0.010266940451745477
2023-01-30,24800,24800,24100,24250,666085,-0.014227642276422814
2023-01-31,24050,26000,23950,25850,2810868,0.06597938144329896
2023-02-01,26100,26900,25600,26450,2500313,0.023210831721470093
2023-02-02,26500,26750,25700,25700,1342190,-0.02835538752362954
2023-02-03,25750,26200,25750,25950,675596,0.009727626459143934
2023-02-06,25800,26200,25300,25700,714223,-0.009633911368015391
2023-02-07,25650,26250,25600,25950,728586,0.009727626459143934
2023-02-08,26100,26100,25800,25900,585838,-0.0019267822736031004
2023-02-09,25750,26100,25650,25900,718167,0.0
2023-02-10,26050,26550,25900,26350,950570,0.01737451737451745
2023-02-13,26550,27150,26300,27100,1825613,0.028462998102466885
2023-02-14,27250,27250,26900,27200,1058553,0.0036900369003689537
2023-02-15,27250,27450,26650,26750,1096194,-0.016544117647058876
2023-02-16,26900,27900,26900,27600,1303088,0.031775700934579376
2023-02-17,27200,28750,27200,28150,1922717,0.019927536231884035
2023-02-20,28250,28250,27250,27750,1116925,-0.014209591474245165
2023-02-21,27850,28300,27650,27800,880333,0.0018018018018017834
2023-02-22,27250,27750,27150,27250,915015,-0.01978417266187049
2023-02-23,27350,27400,26550,26900,985896,-0.012844036697247652
2023-02-24,26950,27200,26600,26800,547291,-0.0037174721189591198
2023-02-27,26700,27200,26400,27200,832580,0.014925373134328401
2023-02-28,27200,27400,26000,26250,1644251,-0.03492647058823528
2023-03-02,26200,27250,26150,27050,979371,0.030476190476190546
2023-03-03,27150,27250,26800,27050,696231,0.0
2023-03-06,27300,27550,26850,26950,725302,-0.003696857670979714
2023-03-07,27050,27800,26950,27100,947116,0.005565862708719838
2023-03-08,26700,27350,26600,27100,834093,0.0
2023-03-09,27450,29450,27300,28650,3992979,0.05719557195571956
2023-03-10,28650,29750,28400,28750,2430495,0.003490401396160525
2023-03-13,28500,29550,28100,29450,1924833,0.024347826086956514
2023-03-14,29550,29850,28400,28900,2159395,-0.018675721561969394
2023-03-15,29450,30500,29350,30200,2583084,0.04498269896193774
2023-03-16,29750,30200,29050,29500,1993922,-0.023178807947019875
2023-03-17,29900,30400,29250,29900,1665505,0.013559322033898313
2023-03-20,29950,30950,29950,30250,1616822,0.0117056856187292
2023-03-21,30400,30400,29350,29950,1285532,-0.00991735537190086
2023-03-22,30250,30300,29350,29450,1378011,-0.016694490818030094
2023-03-23,29350,29550,28850,29200,1166242,-0.008488964346349714
2023-03-24,29100,29550,28900,29250,675831,0.001712328767123239
2023-03-27,29300,29600,28650,29150,584135,-0.0034188034188034067
2023-03-28,29200,30100,29200,29900,1273091,0.02572898799313883
2023-03-29,29900,30200,29600,30000,896073,0.0033444816053511683
2023-03-30,30150,30700,29850,30350,1201433,0.011666666666666714
2023-03-31,30550,32200,30500,31700,2785796,0.04448105436573302
2023-04-03,31900,32150,30900,31100,1464002,-0.018927444794952675
2023-04-04,31200,31550,30750,31450,795136,0.0112540192926045
2023-04-05,31650,32400,31100,31600,1321007,0.004769475357710551
2023-04-06,31200,31300,29900,29950,1763930,-0.05221518987341767
2023-04-07,30050,30050,29250,29700,1145315,-0.008347245409014992
2023-04-10,29700,29750,28850,29300,1049311,-0.013468013468013518
2023-04-11,29250,30000,29250,29650,922368,0.011945392491467643
2023-04-12,29650,29900,29300,29800,898592,0.005059021922428242
2023-04-13,30000,30250,29450,29950,1022634,0.005033557046979942
2023-04-14,30550,30800,30250,30350,1245060,0.013355592654423987
2023-04-17,30600,30850,30100,30750,729561,0.01317957166392092
2023-04-18,30550,30600,29500,29700,1118909,-0.034146341463414664
2023-04-19,29700,30400,29600,30100,701024,0.013468013468013407
2023-04-20,30050,30300,29650,29900,550291,-0.006644518272425293
2023-04-21,29750,29850,29300,29800,596123,-0.0033444816053511683
2023-04-24,29600,30300,29300,29850,696328,0.001677852348993314
2023-04-25,29900,30050,29600,29800,547343,-0.0016750418760469454
2023-04-26,29500,30050,28850,29250,821226,-0.01845637583892612
2023-04-27,29300,30250,28750,29900,1243765,0.022222222222222143
2023-04-28,29800,29900,28400,29100,1224844,-0.026755852842809347
2023-05-02,28900,29350,28800,29150,441828,0.0017182130584192379
2023-05-03,29050,29250,28350,28650,615141,-0.01715265866209259
2023-05-04,28500,28850,28300,28500,625619,-0.005235602094240788
2023-05-08,28550,29500,28550,29250,755861,0.026315789473684292
2023-05-09,29250,29850,28850,29850,734049,0.02051282051282044
2023-05-10,29900,29950,29150,29200,522146,-0.021775544388609736
2023-05-11,29200,29650,29150,29200,514863,0.0
2023-05-12,29250,29450,29050,29400,662790,0.006849315068493178
2023-05-15,29200,29400,28900,29250,466160,-0.005102040816326481
2023-05-16,29250,29550,29150,29200,512916,-0.0017094017094017033
2023-05-17,29050,29200,28800,29000,524010,-0.006849315068493178
2023-05-18,29150,29300,28750,28900,612461,-0.0034482758620689724
2023-05-19,29250,30800,29100,30150,1883739,0.04325259515570945
2023-05-22,30200,30900,30150,30400,1015515,0.008291873963515828
2023-05-23,30600,30750,30000,30200,875394,-0.006578947368421018
2023-05-24,29900,30450,29850,30250,543093,0.0016556291390728006
2023-05-25,30100,30350,29550,29650,707698,-0.01983471074380161
2023-05-26,29650,29950,28950,29050,1039493,-0.0202360876897133
2023-05-30,29300,29300,28550,28700,729982,-0.012048192771084376
2023-05-31,28750,29100,28250,28300,1591515,-0.013937282229965153
2023-06-01,28350,28800,28050,28250,785210,-0.0017667844522968323
2023-06-02,28450,28500,27950,28400,862080,0.005309734513274433
2023-06-05,28900,29450,28800,29350,681689,0.03345070422535201
2023-06-07,29450,29500,28850,28950,633080,-0.013628620102214661
2023-06-08,29100,29100,28500,28600,619216,-0.012089810017271163
2023-06-09,28850,29000,28600,28650,364335,0.0017482517482516613
2023-06-12,28850,28850,28250,28300,395621,-0.012216404886561949
2023-06-13,28400,28450,27900,28150,683523,-0.005300353356890497
2023-06-14,28100,28300,27600,27650,868690,-0.017761989342806372
2023-06-15,27500,27600,27050,27300,930059,-0.012658227848101222
2023-06-16,27400,27850,27350,27550,777253,0.009157509157509125
2023-06-19,27700,28300,27650,28000,588327,0.016333938294010864
2023-06-20,27900,28150,27400,27600,644422,-0.014285714285714235
2023-06-21,27700,28200,27550,28050,575951,0.016304347826086918
2023-06-22,28150,29300,28100,29100,1373248,0.03743315508021383
2023-06-23,29100,29100,28000,28000,893254,-0.037800687285223344
2023-06-26,28150,29000,27950,28500,711994,0.017857142857142794
2023-06-27,28450,28600,28050,28350,436880,-0.0052631578947368585
2023-06-28,28450,28850,28150,28250,457839,-0.003527336860670194
2023-06-29,28150,28550,28000,28100,374915,-0.005309734513274322
2023-06-30,28100,28500,27650,28300,522834,0.007117437722419906
2023-07-03,28550,29850,28450,29500,1310882,0.042402826855123754
2023-07-04,29350,29750,29200,29400,643840,-0.003389830508474523
2023-07-05,29300,29550,28900,29200,546406,-0.006802721088435382
2023-07-06,29050,29100,28600,29100,827364,-0.003424657534246589
2023-07-07,28850,29100,28600,28700,758922,-0.013745704467353903
2023-07-10,28800,30350,28800,29850,1571729,0.04006968641114983
2023-07-11,30050,30200,29650,30150,681635,0.01005025125628145
2023-07-12,30300,33900,30250,32050,5526702,0.06301824212271967
2023-07-13,31800,31950,31200,31850,1824933,-0.006240249609984372
2023-07-14,32100,32850,31900,32400,1560120,0.017268445839874413
2023-07-17,32700,33050,32450,32650,1593888,0.007716049382715973
2023-07-18,32550,32750,31900,32500,1176094,-0.004594180704441064
2023-07-19,32400,32950,32100,32450,643391,-0.0015384615384614886
2023-07-20,32250,32600,32000,32300,583097,-0.0046224961479198745
2023-07-21,32450,33800,32100,33450,2188527,0.035603715170278605
2023-07-24,33500,33500,32200,33200,1094438,-0.007473841554558991
2023-07-25,33200,33650,32400,33300,1044444,0.003012048192771122
2023-07-26,33300,33500,32350,32600,1165814,-0.02102102102102099
2023-07-27,32600,34500,31550,33800,2860673,0.036809815950920255
2023-07-28,32700,35850,32550,35750,2250836,0.05769230769230771
2023-07-31,35950,37250,35800,37000,1970462,0.034965034965035
2023-08-01,36900,37100,36150,36800,842774,-0.00540540540540535
2023-08-02,36500,37800,36450,36900,1195811,0.0027173913043478937
2023-08-03,36850,37250,35550,36400,979179,-0.013550135501354976
2023-08-04,36700,36750,35500,35800,940064,-0.016483516483516536
2023-08-07,35400,36150,35300,35650,519723,-0.0041899441340782495
2023-08-08,36050,36550,35500,36250,618607,0.016830294530154388
2023-08-09,36300,36350,35450,35900,553158,-0.0096551724137931
2023-08-10,35750,37500,35500,37200,1240823,0.0362116991643453
2023-08-11,37500,37600,36400,37200,899064,0.0
2023-08-14,37000,37650,36750,37300,668627,0.0026881720430107503
2023-08-16,36950,37300,36100,36350,774682,-0.025469168900804307
2023-08-17,35950,36650,35500,36400,725530,0.0013755158184318717
2023-08-18,36000,36350,35150,35500,752750,-0.02472527472527475
2023-08-21,35400,35750,34750,35000,604384,-0.014084507042253502
2023-08-22,34900,35700,34650,35550,691632,0.01571428571428579
2023-08-23,35350,36450,35150,35850,1069051,0.00843881856540074
2023-08-24,35800,36350,35700,36000,577921,0.004184100418409997
2023-08-25,35600,35650,33000,33150,1402009,-0.07916666666666672
2023-08-28,33700,35100,33600,34650,800342,0.045248868778280604
2023-08-29,35000,35300,34550,34950,587862,0.008658008658008587
2023-08-30,35250,35950,35150,35350,600044,0.011444921316166035
2023-08-31,35150,35250,33650,34000,2492008,-0.038189533239038176
2023-09-01,34000,34650,33150,33250,931718,-0.022058823529411797
2023-09-04,33150,33550,33000,33450,475327,0.006015037593984918
2023-09-05,33200,33300,32550,33000,502619,-0.013452914798206317
2023-09-06,32850,33450,32650,33000,400967,0.0
2023-09-07,32650,33000,32450,32750,660879,-0.007575757575757569
2023-09-08,32850,33200,32700,33050,391324,0.009160305343511421
2023-09-11,33200,33200,32600,32850,474672,-0.006051437216338829
2023-09-12,33000,33150,32000,32050,522521,-0.0243531202435312
2023-09-13,31850,32000,31450,31500,802280,-0.01716068642745705
2023-09-14,31600,31950,31150,31800,947332,0.00952380952380949
2023-09-15,31800,32800,31800,32450,1056514,0.020440251572326984
2023-09-18,32050,32600,31850,32300,500764,-0.0046224961479198745
2023-09-19,32500,33050,32350,32450,496773,0.004643962848297267
2023-09-20,32400,32600,32050,32050,438493,-0.012326656394452962
2023-09-21,31900,32250,31650,31950,391884,-0.0031201248049922414
2023-09-22,31400,31650,30300,30550,802293,-0.04381846635367759
2023-09-25,30450,30650,29900,30000,636981,-0.018003273322422242
2023-09-26,29850,30050,29150,29550,585508,-0.015000000000000013
2023-09-27,29300,30750,29300,30250,704422,0.02368866328257191
2023-10-04,30500,30750,29250,29300,837329,-0.031404958677686
2023-10-05,29550,29750,28750,28800,498789,-0.017064846416382284
2023-10-06,28650,29400,28650,28950,402034,0.005208333333333259
2023-10-10,29400,29600,28150,28300,775825,-0.022452504317789335
2023-10-11,28500,28800,28200,28550,838662,0.008833922261484162
2023-10-12,28900,29650,28850,29500,733470,0.03327495621716281
2023-10-13,29350,29400,28800,28900,457688,-0.02033898305084747
2023-10-16,28550,29300,28400,28750,491980,-0.00519031141868509
2023-10-17,29050,29550,28900,28950,404311,0.006956521739130528
2023-10-18,29050,29600,29050,29150,516432,0.006908462867012188
2023-10-19,28750,28850,27750,27950,721635,-0.04116638078902235
2023-10-20,27750,28150,27450,27750,472653,-0.007155635062611854
2023-10-23,27750,28100,27350,27500,383646,-0.009009009009009028
2023-10-24,27750,28100,27350,27850,462378,0.012727272727272698
2023-10-25,28050,28150,27600,27850,323360,0.0
2023-10-26,27750,28150,26650,26850,708608,-0.03590664272890487
2023-10-27,26950,27000,26350,26550,637323,-0.011173184357541888
2023-10-30,26000,26300,23200,23300,3182154,-0.12241054613935964
2023-10-31,23300,24150,22900,23750,2021798,0.0193133047210301
2023-11-01,23800,24450,23600,24350,980223,0.025263157894736876
2023-11-02,24650,25300,24600,24750,901902,0.01642710472279263
2023-11-03,25000,25050,24150,24400,870524,-0.014141414141414121
2023-11-06,25100,26250,24800,26200,1075108,0.07377049180327866
2023-11-07,25850,26100,24950,25450,1000836,-0.028625954198473247
2023-11-08,25650,25900,24850,24850,645811,-0.023575638506876273
2023-11-09,24800,25150,24450,24600,649365,-0.010060362173038184
2023-11-10,24400,25200,24050,24650,548107,0.00203252032520318
2023-11-13,24950,25100,24300,24450,575364,-0.008113590263691739
2023-11-14,24900,25450,24750,25450,775120,0.04089979550102241
2023-11-15,26000,26450,25700,25900,886206,0.017681728880157177
2023-11-16,25500,25650,25000,25500,798278,-0.015444015444015413
2023-11-17,25300,25450,25150,25250,329413,-0.009803921568627416
2023-11-20,25250,26000,25150,25900,473457,0.025742574257425765
2023-11-21,26200,26200,25750,25800,667200,-0.0038610038610038533
2023-11-22,25500,26400,25400,26150,470153,0.013565891472868241
2023-11-23,26200,26300,25750,26050,400590,-0.003824091778202643
2023-11-24,26050,26250,25700,25750,365798,-0.01151631477927062
2023-11-27,25850,26000,25700,25900,340370,0.005825242718446644
2023-11-28,26000,26100,25700,26050,595993,0.005791505791505891
2023-11-29,26050,26150,24950,25000,1064579,-0.040307101727447225
2023-11-30,24950,25250,24850,25250,1439429,0.010000000000000009
2023-12-01,25200,25200,24750,24750,412881,-0.01980198019801982
2023-12-04,24950,25250,24700,25250,497582,0.02020202020202011
2023-12-05,25000,25350,25000,25300,640892,0.001980198019801982
2023-12-06,25550,25750,25250,25400,521251,0.0039525691699604515
2023-12-07,25200,25600,24650,25100,662121,-0.011811023622047223
2023-12-08,25300,25350,24900,25300,375761,0.007968127490039834
2023-12-11,25300,25450,25000,25250,737904,-0.0019762845849802257
2023-12-12,25450,25600,25200,25550,559011,0.011881188118811892
2023-12-13,25550,25600,25100,25100,487304,-0.017612524461839585
2023-12-14,25500,25800,25300,25750,1126922,0.02589641434262946
2023-12-15,25950,27000,25750,26700,1295240,0.03689320388349504
2023-12-18,26700,26750,26250,26250,629535,-0.016853932584269704
2023-12-19,26100,27350,26100,27200,580338,0.036190476190476106
2023-12-20,27400,28250,27350,28000,717824,0.02941176470588225
2023-12-21,27600,27900,27350,27600,441640,-0.014285714285714235
2023-12-22,27900,28750,27850,28350,787827,0.02717391304347827
2023-12-26,28600,28750,27850,27950,553948,-0.014109347442680775
2023-12-27,27700,28350,27500,28000,314368,0.0017889087656528524
2023-12-28,28200,29000,28000,29000,544410,0.03571428571428581
2024-01-02,28800,28950,26750,26800,1487496,-0.07586206896551728
2024-01-03,26300,26500,24850,25300,2791964,-0.05597014925373134
2024-01-04,25100,25500,24900,25050,1273431,-0.00988142292490124
2024-01-05,24900,25250,24300,24350,2036989,-0.027944111776447067
2024-01-08,24450,25100,24300,24800,916685,0.01848049281314168
2024-01-09,25150,25500,25000,25300,822537,0.02016129032258074
2024-01-10,25150,25700,25150,25350,486104,0.0019762845849802257
2024-01-11,25400,25500,25000,25000,595330,-0.013806706114398382
2024-01-12,25050,25250,24800,25050,481719,0.0020000000000000018
2024-01-15,24950,25050,24600,24700,599247,-0.013972055888223589
2024-01-16,24650,24900,24400,24400,469017,-0.012145748987854255
2024-01-17,24400,24750,23650,23850,965573,-0.02254098360655743
2024-01-18,23600,24150,23600,23800,626198,-0.002096436058700246
2024-01-19,24050,24600,23800,24050,584400,0.010504201680672232
2024-01-22,24250,24250,23400,23400,703163,-0.027027027027026973
2024-01-23,23300,24150,23300,24100,494088,0.029914529914529808
2024-01-24,24350,24600,24100,24250,510595,0.006224066390041472
2024-01-25,24200,24550,23850,24450,354891,0.008247422680412342
2024-01-26,24250,24500,24200,24250,397484,-0.008179959100204526
2024-01-29,24200,24550,24150,24400,582033,0.006185567010309256
2024-01-30,24600,24700,24050,24050,605505,-0.014344262295082011
2024-01-31,24500,24600,22250,22300,3158972,-0.07276507276507271
2024-02-01,22350,23300,22350,23250,1922702,0.04260089686098656
2024-02-02,23300,23400,22900,23050,1497949,-0.008602150537634357
2024-02-05,23050,23400,22700,23250,724679,0.008676789587852562
2024-02-06,23100,23600,22850,22950,670873,-0.012903225806451646
2024-02-07,23250,23600,23100,23400,801911,0.019607843137254832
2024-02-08,23550,23750,23400,23550,750634,0.0064102564102563875
2024-02-13,23750,23900,23450,23650,801281,0.00424628450106157
2024-02-14,23450,23750,23350,23550,901088,-0.0042283298097252064
2024-02-15,23950,24250,23750,23900,790926,0.014861995753715496
2024-02-16,24150,24500,23950,24450,1304012,0.023012552301255207
2024-02-19,24500,24600,24050,24250,596184,-0.008179959100204526
2024-02-20,24250,24300,23650,23700,648519,-0.02268041237113405
2024-02-21,23900,24000,23400,23800,512016,0.00421940928270037
2024-02-22,23900,24200,23750,24050,809997,0.010504201680672232
2024-02-23,24200,24300,23750,23800,705220,-0.01039501039501034
2024-02-26,24000,24000,23350,23650,1141401,-0.006302521008403339
2024-02-27,23800,24400,23700,23950,922978,0.012684989429175397
2024-02-28,24100,26350,23900,26000,2623894,0.08559498956158662
2024-02-29,25650,25850,24550,24600,2060354,-0.05384615384615388
2024-03-04,25000,25600,24900,24950,1160747,0.014227642276422703
2024-03-05,24750,26300,24700,25550,1777903,0.024048096192384794
2024-03-06,25500,26500,25400,26350,1782268,0.03131115459882583
2024-03-07,26350,26450,25650,25800,1206967,-0.020872865275142316
2024-03-08,25850,26600,25700,26450,1464464,0.025193798449612448
2024-03-11,26700,27550,26500,26750,2248766,0.011342155009451904
2024-03-12,26950,27050,26450,26850,1173569,0.0037383177570093906
2024-03-13,27000,27350,25600,25700,1547550,-0.04283054003724396
2024-03-14,26000,26650,25950,26150,1416357,0.017509727626459082
2024-03-15,26450,28150,25700,25700,3456770,-0.017208413001912004
2024-03-18,25900,26250,25200,25750,1068627,0.0019455252918287869
2024-03-19,25500,25850,25150,25150,981165,-0.023300970873786353
2024-03-20,25350,25800,25150,25200,611147,0.001988071570576455
2024-03-21,25250,25600,25200,25500,713022,0.011904761904761862
2024-03-22,25500,25650,24500,24650,1424470,-0.033333333333333326
2024-03-25,24550,24600,23950,24200,1547428,-0.018255578093306246
2024-03-26,24350,24500,24200,24300,1041605,0.004132231404958775
2024-03-27,24300,24950,24150,24900,854939,0.024691358024691468
2024-03-28,24800,25300,24550,25200,1131611,0.012048192771084265
2024-03-29,25200,25350,24900,25000,798342,-0.007936507936507908
2024-04-01,25500,25500,25000,25200,683880,0.008000000000000007
2024-04-02,24950,25200,24600,24650,1943137,-0.02182539682539686
2024-04-03,25000,26750,25000,25300,5117106,0.026369168356997985
2024-04-04,25800,26900,25650,26050,2823297,0.029644268774703608
2024-04-05,25650,26700,25200,26100,1171981,0.0019193857965451588
2024-04-08,26500,26500,25600,26100,746682,0.0
2024-04-09,26200,26400,25350,25400,759844,-0.026819923371647514
2024-04-11,24800,25400,24600,25000,919367,-0.015748031496062964
2024-04-12,25000,25350,24800,24950,524565,-0.0020000000000000018
2024-04-15,24700,26150,24550,25800,1038753,0.03406813627254501
2024-04-16,25800,26500,25650,26150,1527395,0.013565891472868241
2024-04-17,26300,26400,24800,24800,1273477,-0.05162523900573612
2024-04-18,25200,25900,24750,25700,1134432,0.03629032258064524
2024-04-19,25450,25500,23950,24750,1715848,-0.03696498054474706
2024-04-22,25050,26350,24800,26300,1415444,0.06262626262626259
2024-04-23,26150,26950,26000,26200,1411221,-0.0038022813688213253
2024-04-24,26400,26600,26000,26200,557894,0.0
2024-04-25,25850,26550,25600,25850,664846,-0.013358778625954248
2024-04-26,26200,26800,26000,26600,1151702,0.029013539651837617
2024-04-29,26700,26750,26250,26550,655421,-0.001879699248120259
2024-04-30,26450,27000,26350,26450,972266,-0.0037664783427495685
2024-05-02,26050,26400,25650,25900,711078,-0.020793950850661602
2024-05-03,26050,26150,25700,25800,503560,-0.0038610038610038533
2024-05-07,26150,26200,25600,25900,825205,0.003875968992248069
2024-05-08,25900,25900,25550,25900,725506,0.0
2024-05-09,25900,26000,25550,25550,664926,-0.013513513513513487
2024-05-10,25800,26000,25500,25500,539538,-0.00195694716242667
2024-05-13,25600,25700,25200,25500,486010,0.0
2024-05-14,25650,25750,25100,25200,670372,-0.0117647058823529
2024-05-16,25400,25500,24750,24900,1086399,-0.011904761904761862
2024-05-17,24800,24900,24350,24450,834660,-0.01807228915662651
2024-05-20,24650,24700,24050,24150,687543,-0.012269938650306789
2024-05-21,23950,24150,23800,24050,709711,-0.0041407867494823725
2024-05-22,24150,24150,23650,23750,756321,-0.012474012474012475
2024-05-23,23650,24350,23600,24250,576447,0.021052631578947434
2024-05-24,24000,24000,23700,23750,456009,-0.020618556701030966
2024-05-27,23950,24350,23850,24300,639121,0.023157894736842044
2024-05-28,24150,24350,23800,24000,545825,-0.012345679012345734
2024-05-29,23900,24100,23650,23800,749227,-0.008333333333333304
2024-05-30,23600,24050,23600,23750,518972,-0.0021008403361344463
2024-05-31,24000,24150,23400,23400,1554866,-0.01473684210526316
2024-06-03,23500,24450,23200,23950,1470501,0.02350427350427342
2024-06-04,23800,23900,23500,23650,648782,-0.012526096033402934
2024-06-05,23650,23700,23200,23250,854700,-0.016913319238900604
2024-06-07,23250,23500,23000,23100,837170,-0.006451612903225823
2024-06-10,22800,23150,22450,22900,822334,-0.008658008658008698
2024-06-11,23050,23100,22300,22300,1256825,-0.026200873362445365
2024-06-12,22350,23000,22350,23000,583678,0.03139013452914807
2024-06-13,23200,23400,22650,22650,1028759,-0.01521739130434785
2024-06-14,22750,23050,22600,22950,584938,0.013245033112582849
2024-06-17,22950,23050,22000,22200,1312295,-0.0326797385620915
2024-06-18,22200,22300,21600,21950,1674457,-0.011261261261261257
2024-06-19,21950,22600,21800,22250,1108758,0.013667425968109326
2024-06-20,22300,22650,22100,22350,595683,0.004494382022471877
2024-06-21,22300,22350,22050,22250,453805,-0.004474272930648726
2024-06-24,22250,22550,21900,22300,597475,0.0022471910112360494
2024-06-25,22500,22900,22400,22800,828126,0.022421524663677195
2024-06-26,22750,22750,22200,22600,845484,-0.00877192982456143
2024-06-27,22650,23100,22400,23050,984859,0.019911504424778848
2024-06-28,23400,24200,23200,24150,2085285,0.04772234273318876
2024-07-01,24350,24350,23800,24050,674338,-0.0041407867494823725
2024-07-02,23800,24000,23500,23800,577074,-0.01039501039501034
2024-07-03,23800,23950,23400,23500,336986,-0.012605042016806678
2024-07-04,23400,23950,23250,23750,453914,0.010638297872340496
2024-07-05,23850,24050,23700,23750,441924,0.0
2024-07-08,23650,23950,23600,23800,312017,0.002105263157894832
2024-07-09,24000,24250,23750,24000,492726,0.008403361344537785
2024-07-10,23800,23850,23250,23350,759014,-0.027083333333333348
2024-07-11,23500,23550,23000,23250,713356,-0.004282655246252709
2024-07-12,23350,23600,23200,23450,560138,0.008602150537634357
2024-07-15,23600,23850,23500,23650,636835,0.008528784648187626
2024-07-16,23800,23850,23250,23550,901415,-0.0042283298097252064
2024-07-17,23700,25600,23650,25400,3668561,0.07855626326963905
2024-07-18,25350,25700,25000,25450,1343809,0.0019685039370078705
2024-07-19,25150,25200,24600,25000,706086,-0.017681728880157177
2024-07-22,24850,25850,24850,25200,930055,0.008000000000000007
2024-07-23,25050,25750,25000,25100,688249,-0.003968253968253954
2024-07-24,25000,25350,24900,25050,514436,-0.0019920318725099584
2024-07-25,24700,26200,24400,25700,1753958,0.02594810379241519
2024-07-26,26050,28550,26000,27900,6403200,0.08560311284046684
2024-07-29,28000,28900,27800,28500,2012694,0.021505376344086002
2024-07-30,28550,29300,27750,28300,1879667,-0.007017543859649145
2024-07-31,28650,28850,28200,28550,1014647,0.008833922261484162
2024-08-01,28350,29300,28250,28400,1130300,-0.005253940455341555
2024-08-02,27750,28250,27200,27600,1339851,-0.028169014084507005
2024-08-05,27000,27050,23450,24600,2664997,-0.10869565217391308
2024-08-06,25900,26500,25250,25900,1601490,0.05284552845528445
2024-08-07,25850,26600,25000,26350,1089597,0.01737451737451745
2024-08-08,25950,27700,25900,27100,1695597,0.028462998102466885
2024-08-09,27600,27950,26850,27000,937439,-0.0036900369003689537
2024-08-12,27150,27400,26700,27300,440732,0.011111111111111072
2024-08-13,27000,27350,26300,26400,608239,-0.03296703296703296
2024-08-14,26700,26900,25400,26200,778875,-0.007575757575757569
2024-08-16,26550,26550,26000,26250,566837,0.001908396946564972
2024-08-19,26300,26900,26250,26600,550062,0.01333333333333342
2024-08-20,26850,27800,26850,27400,1049200,0.03007518796992481
2024-08-21,27400,27900,27050,27200,626884,-0.007299270072992692
2024-08-22,27350,27350,26400,26700,600952,-0.018382352941176516
2024-08-23,26600,26650,26200,26450,349179,-0.009363295880149836
2024-08-26,26600,26600,26000,26300,405286,-0.005671077504725952
2024-08-27,26300,26550,25850,26450,535047,0.005703422053231932
2024-08-28,26300,26450,25950,26200,236068,-0.009451795841209809
2024-08-29,26100,26150,25500,25550,440164,-0.024809160305343525
2024-08-30,25750,25750,25300,25350,542014,-0.007827788649706457
2024-09-02,25300,25500,24900,25000,444857,-0.013806706114398382
2024-09-03,25050,26100,25000,25850,516274,0.03400000000000003
2024-09-04,25200,25600,24750,24900,618934,-0.03675048355899424
2024-09-05,25000,25100,23800,24000,830806,-0.03614457831325302
2024-09-06,24000,24200,23750,23900,407996,-0.004166666666666652
2024-09-09,23350,23600,23200,23500,457890,-0.01673640167364021
2024-09-10,23650,24350,23600,24050,455022,0.023404255319148914
2024-09-11,23900,24050,23100,23500,455654,-0.022869022869022815
2024-09-12,23600,23900,23350,23900,556114,0.017021276595744705
2024-09-13,24000,24300,23900,24150,292255,0.010460251046025215
2024-09-19,24350,24650,24050,24350,707660,0.008281573498964745
2024-09-20,24550,24600,23800,23850,711594,-0.02053388090349073
2024-09-23,24100,24450,23850,24100,322804,0.01048218029350112
2024-09-24,24400,24400,23900,24400,267520,0.012448132780082943
2024-09-25,24600,24800,23900,24150,786092,-0.010245901639344246
2024-09-26,24200,24350,23900,24350,654598,0.008281573498964745
2024-09-27,24300,24350,22350,22350,3558915,-0.08213552361396304
2024-09-30,22500,22650,21800,22000,1487328,-0.015659955257270708
2024-10-02,21600,22300,21100,21650,1510313,-0.015909090909090873
2024-10-04,21850,22250,21650,22150,595001,0.023094688221708903
2024-10-07,22200,22450,21850,22400,868017,0.011286681715575675
2024-10-08,22300,22900,22150,22400,1122253,0.0
2024-10-10,22600,22750,22150,22350,609619,-0.0022321428571429047
2024-10-11,22600,22750,22200,22250,370989,-0.004474272930648726
2024-10-14,22050,22250,21600,21750,628450,-0.022471910112359605
2024-10-15,21850,21900,21400,21700,722017,-0.0022988505747126853
2024-10-16,21400,21450,20350,20750,1766425,-0.04377880184331795
2024-10-17,20550,21000,20400,20550,949029,-0.009638554216867434
2024-10-18,20450,20700,20300,20650,572180,0.0048661800486617945
2024-10-21,20650,20800,19990,20100,1144889,-0.0266343825665859
2024-10-22,20000,20150,19650,19850,1093651,-0.01243781094527363
2024-10-23,19800,20200,19700,20100,505665,0.012594458438287104
2024-10-24,20000,20300,19710,19820,799095,-0.013930348258706426
2024-10-25,19750,19900,18180,18420,2889389,-0.070635721493441
2024-10-28,18490,18930,18290,18880,768655,0.02497285559174811
2024-10-29,18550,18850,18230,18360,969624,-0.02754237288135597
2024-10-30,18360,18430,18100,18230,2101883,-0.007080610021786504
2024-10-31,18160,18190,17740,17860,1427354,-0.020296215030170095
2024-11-01,17700,17960,17550,17800,860534,-0.0033594624860022737
2024-11-04,17790,18000,17670,18000,675895,0.011235955056179803
2024-11-05,17840,18300,17660,18090,689128,0.004999999999999893
2024-11-06,18160,18820,18090,18740,1443987,0.03593145384190155
2024-11-07,18740,18740,18220,18470,938422,-0.014407684098185713
2024-11-08,18580,18670,18300,18360,470853,-0.005955603681645938
2024-11-11,18310,18400,17780,17860,608984,-0.027233115468409563
2024-11-12,17760,17940,17480,17600,774947,-0.014557670772676334
2024-11-13,17370,17550,16960,16990,905374,-0.03465909090909092
2024-11-14,16990,17150,16530,16530,1083408,-0.02707474985285463
2024-11-15,16620,17040,16610,16850,933566,0.019358741681790637
2024-11-18,16860,17960,16860,17710,1403895,0.05103857566765568
2024-11-19,17610,17710,17330,17700,650273,-0.0005646527385657629
2024-11-20,17700,17940,17640,17860,456778,0.009039548022598876
2024-11-21,17860,18430,17740,18260,920975,0.022396416573348343
2024-11-22,18330,18420,18170,18260,572570,0.0
2024-11-25,18500,18930,18480,18800,1369992,0.02957283680175249
2024-11-26,18600,18840,18240,18670,802537,-0.006914893617021245
2024-11-27,18750,19080,18150,18260,719841,-0.021960364220674933
2024-11-28,18380,18570,18150,18330,515524,0.00383351588170866
2024-11-29,18330,18380,17600,17950,699516,-0.020731042007637757
2024-12-02,18130,18440,17860,17920,610395,-0.0016713091922005985
2024-12-03,18090,18400,18000,18310,594096,0.021763392857142794
2024-12-04,17800,18030,17410,17770,785771,-0.029492080830147427
2024-12-05,17770,18040,17600,17640,501873,-0.007315700619020871
2024-12-06,17510,17800,17000,17320,550888,-0.01814058956916098
2024-12-09,16950,16950,16300,16310,730815,-0.05831408775981528
2024-12-10,16470,17100,16330,17040,595646,0.04475781729000605
2024-12-11,17090,17490,16960,17490,480931,0.02640845070422526
2024-12-12,17690,17700,17110,17400,925673,-0.005145797598627766
2024-12-13,17350,17840,17310,17660,494361,0.014942528735632177
2024-12-16,17800,17800,17480,17700,473094,0.0022650056625141968
2024-12-17,17680,17880,17430,17430,576129,-0.015254237288135575
2024-12-18,17520,17630,17220,17510,562209,0.004589787722317773
2024-12-19,17200,17340,16930,17200,496742,-0.017704169046259266
2024-12-20,17070,17200,16860,16990,630887,-0.012209302325581373
2024-12-23,17080,17240,16950,17040,541314,0.00294290759270166
2024-12-24,17090,17250,16970,17090,492747,0.002934272300469498
2024-12-26,17100,17120,16570,16620,742683,-0.02750146284376831
2024-12-27,16500,16630,16360,16500,443827,-0.0072202166064981865
2024-12-30,16500,16880,16420,16550,363035,0.003030303030302939
2025-01-02,16520,16900,16510,16800,400263,0.015105740181268867
2025-01-03,16740,17130,16740,16900,563204,0.005952380952380931
2025-01-06,16950,17210,16850,17180,488611,0.016568047337278013
2025-01-07,17190,17730,17150,17570,787010,0.022700814901047695
2025-01-08,17400,17790,17380,17510,805879,-0.0034149117814455954
2025-01-09,17410,17670,17220,17670,840655,0.00913763563677894
2025-01-10,17510,18130,17500,17870,991721,0.011318619128466434
2025-01-13,17920,17930,17440,17520,690460,-0.019585898153329562
2025-01-14,17520,17950,17380,17670,560161,0.008561643835616417
2025-01-15,17820,17990,17410,17470,578387,-0.011318619128466323
2025-01-16,17620,17780,17500,17730,464619,0.014882655981682813
2025-01-17,18170,19200,17800,18600,5003875,0.04906937394247035
2025-01-20,18510,18530,18120,18220,912367,-0.02043010752688168
2025-01-21,18310,18900,18310,18810,1415032,0.03238199780461026
2025-01-22,18720,18850,18430,18520,1050916,-0.015417331206804885
2025-01-23,18500,18580,17400,17440,1839171,-0.05831533477321815
2025-01-24,17640,18020,17610,17840,1345457,0.022935779816513735
2025-01-31,18000,18250,17770,18010,1234195,0.009529147982062725
2025-02-03,17750,18530,17490,18330,1620062,0.017767906718489712
2025-02-04,18440,18470,18060,18070,1406457,-0.014184397163120588
2025-02-05,18080,18150,17730,17730,1456226,-0.018815716657443304
2025-02-06,17840,18160,17730,18040,1452550,0.017484489565707806
2025-02-07,17970,18080,17660,17660,1139444,-0.02106430155210648
2025-02-10,17610,17940,17460,17830,691292,0.00962627406568517
2025-02-11,17890,18910,17890,18790,3160308,0.05384183959618616
2025-02-12,18750,18760,18210,18210,1711955,-0.030867482703565763
2025-02-13,18270,19190,18180,18910,2616550,0.038440417353102774
2025-02-14,19080,19250,18410,18540,2113500,-0.019566367001586427
2025-02-17,18560,19020,18440,18730,1285447,0.01024811218985966
2025-02-18,18780,19120,18480,18510,1425265,-0.01174586225306995
2025-02-19,18540,18870,18360,18720,1112739,0.011345218800648205
2025-02-20,18640,18700,18250,18620,1090157,-0.005341880341880323
2025-02-21,18560,18740,18420,18470,503131,-0.008055853920515554
2025-02-24,18270,18350,17660,17920,1757135,-0.02977801840822958
2025-02-25,17770,18180,17670,17680,1887794,-0.013392857142857095
2025-02-26,17650,18230,17620,18010,1619123,0.018665158371040658
2025-02-27,18120,18390,17590,17850,1984394,-0.008883953359244856
2025-02-28,17580,17600,16380,16380,18276555,-0.08235294117647063
2025-03-04,16380,17240,16380,16870,2381924,0.029914529914529808
2025-03-05,16800,17840,16800,17700,2290404,0.049199762892709
2025-03-06,17890,18840,17580,18720,3613044,0.057627118644067776
2025-03-07,18460,18840,18260,18440,1983036,-0.014957264957264904
2025-03-10,18440,18440,17960,18070,1020065,-0.02006507592190887
2025-03-11,17650,18380,17620,18350,2156573,0.015495296070835662
2025-03-12,18350,18800,18020,18550,1603864,0.01089918256130784
2025-03-13,18780,19650,18720,19300,4118117,0.040431266846361114
2025-03-14,19330,19570,18740,18740,1658343,-0.02901554404145079
2025-03-17,18800,19420,18800,19420,1658310,0.036286019210245435
2025-03-18,19580,20750,19570,20600,4186740,0.0607621009268795
2025-03-19,20500,20650,19900,20050,1827389,-0.02669902912621358
2025-03-20,20150,20550,19960,20250,1422672,0.009975062344139696
2025-03-21,20350,20500,20000,20500,1430652,0.012345679012345734
2025-03-24,20600,20650,20050,20100,526279,-0.019512195121951237
2025-03-25,20100,20550,20000,20100,759743,0.0
2025-03-26,20200,20650,20050,20450,1142366,0.017412935323383172
2025-03-27,20150,20400,19860,19880,793407,-0.027872860635696828
2025-03-28,19810,19870,19410,19870,805573,-0.0005030181086519425
2025-03-31,19540,19780,19220,19780,1210914,-0.00452944136889788
2025-04-01,19820,20350,19360,20350,1099239,0.028816986855409565
2025-04-02,20250,20300,19680,19770,738641,-0.028501228501228493
2025-04-03,19280,20150,19140,20150,936385,0.01922104198280228
2025-04-04,19970,20000,18650,19200,1197188,-0.04714640198511166
2025-04-07,18500,18510,17800,17950,1285594,-0.06510416666666663
2025-04-08,18320,18520,18080,18330,841678,0.02116991643454047
2025-04-09,18000,18310,18000,18240,557935,-0.004909983633387904
2025-04-10,19000,19290,18700,19290,723098,0.05756578947368429
2025-04-11,18990,19380,18880,19330,694351,0.0020736132711249855
2025-04-14,19410,19450,19040,19140,624954,-0.009829280910501836
2025-04-15,19200,19630,19160,19370,715438,0.012016718913270719
2025-04-16,19240,19350,18920,19140,601672,-0.011874032008260205
2025-04-17,19120,19210,18980,19020,392905,-0.006269592476489061
2025-04-18,19030,19340,19010,19300,411276,0.014721345951629772
2025-04-21,19250,19390,18980,19110,427356,-0.00984455958549224
2025-04-22,18940,19200,18800,18850,674611,-0.013605442176870763
2025-04-23,19100,19720,19040,19690,1183477,0.04456233421750655
2025-04-24,19610,19800,18700,19140,1359322,-0.027932960893854775
2025-04-25,19270,19270,18710,18940,1119043,-0.010449320794148398
2025-04-28,18900,19260,18860,19130,651976,0.010031678986272441
2025-04-29,19130,19130,18830,18960,774668,-0.008886565603763774
2025-04-30,18900,19240,18900,19240,693997,0.014767932489451407
2025-05-02,19150,19220,18840,19060,397573,-0.009355509355509328
2025-05-07,19250,19560,19220,19480,645204,0.022035676810073346
2025-05-08,19520,20200,19520,20000,1064549,0.026694045174537884
2025-05-09,20100,20300,19810,19820,531006,-0.009000000000000008
2025-05-12,20000,20400,20000,20400,624561,0.029263370332996974
2025-05-13,20250,20500,20200,20350,584756,-0.002450980392156854
2025-05-14,20400,20450,20100,20300,618302,-0.002457002457002422
2025-05-15,20200,20600,20150,20500,472268,0.009852216748768461
2025-05-16,20600,20600,20000,20150,487769,-0.017073170731707332
2025-05-19,19990,20250,19700,19790,389290,-0.017866004962779125
2025-05-20,19990,20500,19820,20450,979747,0.03335017685699859
2025-05-21,20500,21200,20500,20700,1030420,0.012224938875305513
2025-05-22,20800,21200,20400,20500,1007793,-0.009661835748792313
2025-05-23,20700,21400,20650,20950,1111157,0.02195121951219514
2025-05-26,21250,21250,20700,21000,738582,0.0023866348448686736
2025-05-27,20900,22050,20750,21750,1542957,0.03571428571428581
2025-05-28,22000,22200,21450,21550,1208604,-0.00919540229885063
2025-05-29,21750,22000,21450,21850,736050,0.0139211136890951
2025-05-30,21850,22000,21250,21750,1095951,-0.004576659038901587
2025-06-02,21500,21550,21100,21450,509136,-0.01379310344827589
2025-06-04,21550,22050,21400,21850,853163,0.018648018648018683
2025-06-05,22050,22450,21800,22300,1048682,0.020594965675057253
2025-06-09,22500,22900,21850,21950,1050139,-0.015695067264574036
2025-06-10,22100,22950,22100,22900,1286531,0.04328018223234631
2025-06-11,23200,23300,22800,23200,1112894,0.013100436681222627
2025-06-12,23200,23750,23100,23400,1456374,0.008620689655172376
2025-06-13,23300,23500,22650,23100,1335612,-0.012820512820512775
2025-06-16,22850,23600,22850,23550,1305863,0.01948051948051943
2025-06-17,23900,24000,22900,23250,910490,-0.01273885350318471
2025-06-18,22950,23200,22600,22900,680088,-0.01505376344086018
2025-06-19,23000,23050,22350,22650,614942,-0.01091703056768556
2025-06-20,22800,22850,22350,22400,1259075,-0.01103752759381893
2025-06-23,22200,22750,22050,22600,696011,0.008928571428571397
2025-06-24,23300,23700,22900,23250,1291006,0.028761061946902755
2025-06-25,23100,23450,22850,23000,869069,-0.010752688172043001
2025-06-26,22900,23000,22300,22650,701191,-0.01521739130434785
2025-06-27,22750,22750,21750,22000,649955,-0.028697571743929395
2025-06-30,22200,22250,21750,22100,827132,0.00454545454545463
2025-07-01,22500,23150,22400,22900,1358612,0.03619909502262453
2025-07-02,22700,23100,22250,22900,742546,0.0
2025-07-03,22950,23400,22900,23200,1553366,0.013100436681222627
2025-07-04,23250,24900,23200,23900,2388893,0.030172413793103425
2025-07-07,23950,24250,23350,23750,842019,-0.006276150627615107
2025-07-08,23800,24200,23550,23700,828135,-0.002105263157894721
2025-07-09,23750,25200,23750,25000,2031173,0.05485232067510548
2025-07-10,24950,25200,24500,24700,873038,-0.01200000000000001
2025-07-11,24700,25100,24600,24800,836414,0.004048582995951344
2025-07-14,24800,25500,24550,25350,863418,0.022177419354838745
2025-07-15,25600,26200,25150,25350,968934,0.0
2025-07-16,25400,25400,24900,25100,583942,-0.009861932938856066
2025-07-17,25050,25450,24700,25400,772381,0.01195219123505975
2025-07-18,25400,25800,25250,25600,845727,0.007874015748031482
2025-07-21,25650,26100,25400,25800,552205,0.0078125
2025-07-22,25650,25750,25100,25300,468186,-0.019379844961240345
2025-07-23,25300,25500,24650,24950,734950,-0.013833992094861691
2025-07-24,25000,25750,25000,25500,1087087,0.022044088176352616
2025-07-25,25300,25350,24100,24250,1637743,-0.0490196078431373
2025-07-28,24400,25400,24350,25200,1668046,0.039175257731958846
2025-07-29,25050,26700,24700,26700,2155143,0.059523809523809534
2025-07-30,26350,26700,26100,26400,905421,-0.011235955056179803
2025-07-31,26400,26900,26150,26500,928846,0.0037878787878788955
2025-08-01,26050,26500,25550,25800,912864,-0.026415094339622636
2025-08-04,25550,25650,25000,25350,477960,-0.01744186046511631
2025-08-05,25600,26050,25600,25750,586514,0.015779092702169706
2025-08-06,25550,27150,25550,26550,1063743,0.03106796116504862
2025-08-07,26700,26800,26300,26700,525570,0.005649717514124353
2025-08-08,26650,27000,26300,26850,516140,0.00561797752808979
2025-08-11,27500,27550,26600,27150,890690,0.011173184357541999
2025-08-12,27200,28150,27150,27500,940988,0.012891344383057168
2025-08-13,27700,27950,27250,27350,629171,-0.00545454545454549
2025-08-14,27550,28400,27500,28150,1122144,0.02925045703839113
2025-08-18,28000,28450,27950,28250,533186,0.003552397868561208
2025-08-19,28500,29050,28350,28700,828854,0.015929203539823078
2025-08-20,28400,28500,27550,28350,692172,-0.012195121951219523
2025-08-21,28650,28950,28500,28500,545041,0.005291005291005346
2025-08-22,28400,28800,28300,28550,492282,0.0017543859649122862
2025-08-25,28800,29250,28700,28900,657669,0.012259194395796813
2025-08-26,28700,29050,28450,28800,713283,-0.0034602076124568004
2025-08-27,28950,30200,28850,30000,1287520,0.04166666666666674
2025-08-28,30000,30000,28750,28800,989414,-0.040000000000000036
2025-08-29,28650,29650,28650,29100,583189,0.01041666666666674
2025-09-01,28950,29500,28700,29200,492329,0.0034364261168384758
2025-09-02,29300,29350,28400,28850,569632,-0.011986301369863006
2025-09-03,28650,28950,28400,28650,542808,-0.006932409012131768
2025-09-04,28350,28400,27400,27750,1525474,-0.03141361256544506
2025-09-05,27700,28350,27700,28250,593196,0.018018018018018056
2025-09-08,28450,28600,27800,28000,681785,-0.008849557522123908
2025-09-09,28150,28200,27500,28000,656717,0.0
2025-09-10,27850,28700,27850,28650,1024788,0.023214285714285632
2025-09-11,28650,28950,28500,28900,1118622,0.008726003490401313
2025-09-12,28950,28950,28200,28400,668540,-0.01730103806228378
2025-09-15,28250,28850,28250,28500,554679,0.0035211267605634866
2025-09-16,28450,28600,28100,28250,745834,-0.00877192982456143
2025-09-17,28150,28400,27850,28050,537438,-0.0070796460176991705
2025-09-18,28000,28150,27200,28150,1104800,0.0035650623885918886
2025-09-19,27850,28250,27750,28250,777233,0.003552397868561208
2025-09-22,28300,28300,27600,27750,490160,-0.017699115044247815
2025-09-23,27550,28500,27550,28300,577198,0.01981981981981984
2025-09-24,28300,28300,27750,27900,366487,-0.014134275618374548
2025-09-25,27900,28200,27800,27850,404232,-0.0017921146953404632
2025-09-26,27600,27650,27050,27150,472101,-0.025134649910233398
2025-09-29,27500,27650,27050,27150,443407,0.0
2025-09-30,27000,27200,26700,26800,512055,-0.012891344383057057
2025-10-01,26850,27300,26850,27100,745295,0.011194029850746245
2025-10-02,27400,27500,27050,27150,738075,0.0018450184501845879
2025-10-10,26900,28200,26850,27700,1008125,0.0202578268876612
2025-10-13,27650,27650,27000,27400,565673,-0.010830324909747335
2025-10-14,27350,28500,27350,28100,1014522,0.025547445255474477
2025-10-15,27900,28450,27800,28300,750234,0.007117437722419906
2025-10-16,28050,28450,27850,28300,674855,0.0
2025-10-17,28050,28350,27300,27850,838846,-0.01590106007067138
2025-10-20,27800,27950,27200,27500,760899,-0.012567324955116699
2025-10-21,27750,28300,27700,27950,618544,0.016363636363636358
2025-10-22,27950,28400,27400,28400,597411,0.01610017889087656
2025-10-23,28050,30650,28000,30300,2478566,0.06690140845070425
2025-10-24,30550,30600,28950,29300,1380051,-0.03300330033003296
2025-10-27,29450,29550,28100,28400,1384403,-0.030716723549488067
2025-10-28,28650,28750,27100,27300,1248089,-0.03873239436619713
2025-10-29,27650,27900,27250,27500,714284,0.0073260073260073
2025-10-30,27650,28250,27300,27400,843355,-0.0036363636363636598
2025-10-31,27500,27550,25750,25950,1889045,-0.0529197080291971
2025-11-03,26150,26700,26050,26500,681008,0.021194605009633882
2025-11-04,26400,26700,26000,26400,719837,-0.0037735849056603765
2025-11-05,26650,26750,25200,25850,909389,-0.02083333333333337
2025-11-06,26400,26750,26050,26350,867725,0.01934235976789167
2025-11-07,25900,26300,25250,25550,566931,-0.030360531309297945
2025-11-10,25850,25950,25350,25950,434970,0.015655577299412915
2025-11-11,26000,26400,25700,25900,651276,-0.0019267822736031004
2025-11-12,25750,26400,25700,26300,636307,0.015444015444015413
2025-11-13,26300,26550,26200,26300,530472,0.0
2025-11-14,26100,26350,25800,26050,475574,-0.009505703422053258
2025-11-17,26100,26400,25950,26300,373931,0.009596928982725572
2025-11-18,26050,26200,25250,25300,614345,-0.03802281368821292
2025-11-19,25500,26150,25250,25600,478335,0.011857707509881354
2025-11-20,25850,26200,25650,25700,760817,0.00390625
2025-11-21,25350,25450,24900,25250,498726,-0.017509727626459193
2025-11-24,25600,26150,25200,25350,751543,0.003960396039603964
2025-11-25,25600,25800,24950,25100,505292,-0.009861932938856066
2025-11-26,25300,25600,25000,25600,613534,0.019920318725099584
2025-11-27,25550,25800,25500,25800,300014,0.0078125
2025-11-28,25850,25900,25400,25550,401678,-0.009689922480620172
2025-12-01,25650,25950,25150,25500,701256,-0.00195694716242667
2025-12-02,25350,25750,25250,25650,452690,0.00588235294117645
2025-12-03,25650,26000,25400,26000,438433,0.013645224171539905
2025-12-04,25850,26000,25500,25750,640694,-0.009615384615384581
2025-12-05,25500,26050,25450,25950,711444,0.007766990291262044
2025-12-08,26000,26150,25300,25450,776831,-0.019267822736030782
2025-12-09,25400,25500,24200,24600,1657691,-0.03339882121807469
2025-12-10,24750,24850,24350,24700,549552,0.004065040650406582
2025-12-11,24750,25100,24700,24750,945946,0.002024291497975783
2025-12-12,24850,25400,24700,25400,799074,0.02626262626262621
2025-12-15,25250,25400,24800,25200,462217,-0.007874015748031482
2025-12-16,25200,25400,24750,24900,2044088,-0.011904761904761862
2025-12-17,25150,25400,24900,25200,487864,0.012048192771084265
2025-12-18,25000,25050,24600,24850,619929,-0.01388888888888884
2025-12-19,25050,25050,24700,24950,901039,0.004024144869215318
2025-12-22,25200,25400,24950,25300,540509,0.014028056112224352
2025-12-23,25350,25400,24700,24850,557795,-0.017786561264822143
2025-12-24,24850,24900,24550,24750,315062,-0.004024144869215318
2025-12-26,24750,24800,24200,24400,372758,-0.014141414141414121
2025-12-29,24050,24300,23950,24300,377941,-0.004098360655737654
2025-12-30,24000,24200,23650,24050,716849,-0.010288065843621408
2026-01-02,24050,24100,23150,23250,707001,-0.033264033264033266
2026-01-05,23550,24650,23450,24350,747251,0.047311827956989294
2026-01-06,24400,24500,23950,24300,529535,-0.002053388090349051
2026-01-07,24100,24950,24000,24150,754533,-0.006172839506172867
2026-01-08,24000,24200,23650,24000,777021,-0.006211180124223614
2026-01-09,24200,24850,24100,24600,651705,0.02499999999999991
2026-01-12,25150,25400,24900,25100,720693,0.020325203252032464
2026-01-13,25500,25550,25000,25500,671912,0.015936254980079667
2026-01-14,25500,25700,25300,25650,738675,0.00588235294117645
2026-01-15,25550,26150,25300,25900,955004,0.00974658869395717
2026-01-16,26200,26200,25250,25600,907996,-0.01158301158301156
2026-01-19,25300,25700,24900,25050,716950,-0.021484375
2026-01-20,25000,25800,24850,25700,646897,0.02594810379241519
2026-01-21,25400,25550,24800,24900,693286,-0.0311284046692607
2026-01-22,25100,25350,24800,24850,721649,-0.002008032128514081
2026-01-23,25000,28500,24950,27000,3099137,0.08651911468812878
2026-01-26,27800,30600,27700,28850,3843100,0.06851851851851842
2026-01-27,29100,30500,28800,30200,2532145,0.04679376083188913
2026-01-28,30450,32350,30300,32150,2084496,0.064569536423841
2026-01-29,31900,31950,30650,31450,1928912,-0.021772939346811793
2026-01-30,31100,31550,30750,30800,1091945,-0.020667726550079535
2026-02-02,30450,32100,30050,30800,1426002,0.0
2026-02-03,31650,32100,31100,31650,1247967,0.02759740259740262
2026-02-04,31950,32400,31550,32100,895786,0.014218009478673022
2026-02-05,31800,32600,31600,31650,935079,-0.014018691588784993
2026-02-06,31250,32200,30750,31850,949006,0.006319115323854652
2026-02-09,32600,34200,32300,33300,1288070,0.04552590266875978
2026-02-10,33650,34150,32900,32950,978595,-0.010510510510510551
2026-02-11,33350,33800,33050,33250,763940,0.009104704097116834
2026-02-12,33650,34350,33350,33800,1121071,0.016541353383458635
2026-02-13,33700,34250,33450,33900,628532,0.002958579881656709
2026-02-19,35000,36200,34700,34950,922815,0.030973451327433565
2026-02-20,35900,36000,35200,35600,782866,0.01859799713876975
2026-02-23,36250,37450,35250,35700,979984,0.002808988764045006
2026-02-24,35550,36600,35000,36500,788509,0.022408963585434094
2026-02-25,37100,38700,36600,37650,1287750,0.03150684931506853
2026-02-26,38850,39800,37800,38950,947349,0.03452855245683928
2026-02-27,38800,38800,36250,36400,1319197,-0.06546854942233638
