Date,Open,High,Low,Close,Volume,Change
2024-02-19,43700,47750,40150,47750,5091865,
2024-02-20,49900,59200,47500,48600,7746861,0.017801047120418856
2024-02-21,45150,52500,40550,41950,5376763,-0.13683127572016462
2024-02-22,42800,44400,40500,41400,1340702,-0.013110846245530383
2024-02-23,41700,43500,37050,37900,787879,-0.08454106280193241
2024-02-26,38650,45350,37650,42500,4406568,0.12137203166226906
2024-02-27,41050,42100,37550,38100,665025,-0.10352941176470587
2024-02-28,37350,37450,33700,35550,572983,-0.06692913385826771
2024-02-29,34400,34700,32900,33050,360779,-0.07032348804500699
2024-03-04,33100,35400,32650,32750,433460,-0.009077155824508298
2024-03-05,33600,42550,33350,38800,3633819,0.18473282442748085
2024-03-06,37950,39600,35500,36000,846065,-0.07216494845360821
2024-03-07,36700,46800,33500,46800,4303156,0.30000000000000004
2024-03-08,51100,53500,43050,43500,2657483,-0.07051282051282048
2024-03-11,42500,51400,41000,47700,3689519,0.096551724137931
2024-03-12,46850,49400,44600,46250,1375112,-0.03039832285115307
2024-03-13,46950,49800,43250,45150,1047246,-0.023783783783783763
2024-03-14,44300,45900,42650,43700,310202,-0.032115171650055396
2024-03-15,42800,43300,39650,41600,347349,-0.048054919908466776
2024-03-18,41000,42300,39700,40750,261337,-0.02043269230769229
2024-03-19,39500,39500,36800,37250,746687,-0.08588957055214719
2024-03-20,37250,38800,37000,37500,296966,0.006711409395973256
2024-03-21,39800,39900,37250,37600,498617,0.002666666666666595
2024-03-22,37500,37500,34900,35050,411140,-0.06781914893617025
2024-03-25,34800,35500,33800,34350,225961,-0.0199714693295292
2024-03-26,34100,36200,33950,35000,293510,0.018922852983988436
2024-03-27,35050,35200,33500,33950,268965,-0.030000000000000027
2024-03-28,33900,33950,32100,32250,370882,-0.050073637702503726
2024-03-29,32200,34500,31550,32000,438017,-0.007751937984496138
2024-04-01,32350,32650,31700,32150,139030,0.004687499999999956
2024-04-02,32150,32700,31000,31000,208384,-0.03576982892690517
2024-04-03,30200,30350,27900,28150,390662,-0.09193548387096773
2024-04-04,28400,28550,26100,26300,356861,-0.06571936056838368
2024-04-05,26300,26300,23900,25150,379518,-0.04372623574144485
2024-04-08,25550,25550,23550,23750,188180,-0.055666003976143186
2024-04-09,23750,28600,23600,25500,1642962,0.0736842105263158
2024-04-11,24500,29750,24000,28050,1655640,0.10000000000000009
2024-04-12,28800,28900,26800,26900,374988,-0.04099821746880572
2024-04-15,26050,26100,25000,25850,200533,-0.03903345724907059
2024-04-16,25250,29300,25200,26600,1077718,0.029013539651837617
2024-04-17,26900,30100,26900,27400,1208665,0.03007518796992481
2024-04-18,26850,28500,26400,27550,331591,0.005474452554744547
2024-04-19,27100,28450,25100,25400,395564,-0.07803992740471866
2024-04-22,24800,26000,24050,24400,184643,-0.03937007874015752
2024-04-23,25100,31550,25050,29000,5320879,0.18852459016393452
2024-04-24,28800,29900,28650,29500,1514100,0.01724137931034475
2024-04-25,29650,31700,29500,29850,2395545,0.011864406779660941
2024-04-26,30300,30350,28600,29100,584485,-0.025125628140703515
2024-04-29,29450,31700,28050,31200,1374425,0.07216494845360821
2024-04-30,30350,31450,29750,29850,753690,-0.043269230769230727
2024-05-02,29000,29800,28450,28900,314969,-0.031825795644891075
2024-05-03,29450,29650,27300,27400,394231,-0.05190311418685123
2024-05-07,27700,29000,27550,27800,296328,0.014598540145985384
2024-05-08,27250,27600,25650,25700,400422,-0.07553956834532372
2024-05-09,25700,26200,25000,25550,224332,-0.005836575875486361
2024-05-10,25550,25850,24650,24800,205919,-0.02935420743639927
2024-05-13,25050,25350,24200,24250,145287,-0.022177419354838745
2024-05-14,24500,25600,24100,24950,206125,0.028865979381443196
2024-05-16,25400,26000,25250,25300,184676,0.014028056112224352
2024-05-17,25000,25050,24050,24250,164577,-0.04150197628458496
2024-05-20,24700,25300,24050,24900,148542,0.02680412371134011
2024-05-21,25000,25100,24050,24050,139991,-0.034136546184738936
2024-05-22,24150,24200,22100,23150,277478,-0.037422037422037424
2024-05-23,23150,23500,22250,22350,144981,-0.03455723542116629
2024-05-24,22300,22300,21300,21400,161114,-0.04250559284116329
2024-05-27,21100,22700,20700,22500,218979,0.051401869158878455
2024-05-28,22700,24700,22100,23450,359588,0.04222222222222216
2024-05-29,23050,23800,23000,23550,112838,0.004264392324093924
2024-05-30,23200,23450,22000,22950,142829,-0.02547770700636942
2024-05-31,23100,24700,22650,24350,252123,0.061002178649237404
2024-06-03,24500,25500,24200,24400,175858,0.002053388090349051
2024-06-04,24000,24600,23300,23700,102345,-0.02868852459016391
2024-06-05,24400,25150,23350,23500,177735,-0.008438818565400852
2024-06-07,23500,24200,23250,24000,83659,0.02127659574468077
2024-06-10,24300,25400,23950,24950,264889,0.039583333333333304
2024-06-11,24800,25500,24400,24400,133028,-0.022044088176352727
2024-06-12,24400,24850,23800,24000,80689,-0.016393442622950838
2024-06-13,24350,27000,24350,25950,1067951,0.08125000000000004
2024-06-14,26350,27650,26000,26800,569655,0.032755298651252485
2024-06-17,26300,26400,24450,24900,352668,-0.07089552238805974
2024-06-18,25900,30950,25500,28450,3965326,0.142570281124498
2024-06-19,28700,29100,27700,29050,857426,0.02108963093145877
2024-06-20,28800,29450,27550,27900,494369,-0.03958691910499135
2024-06-21,27500,29600,25600,26750,822803,-0.04121863799283154
2024-06-24,27400,28250,25300,25950,404445,-0.029906542056074792
2024-06-25,25250,25450,23900,24500,291157,-0.055876685934489356
2024-06-26,24950,26450,24850,25650,264375,0.04693877551020398
2024-06-27,25450,25550,23200,23250,278937,-0.0935672514619883
2024-06-28,23400,23650,22800,23050,106620,-0.008602150537634357
2024-07-01,22750,23650,22750,23000,91838,-0.002169197396963085
2024-07-02,23600,23600,22500,22950,98139,-0.0021739130434782483
2024-07-03,23000,23150,21900,21950,134652,-0.04357298474945537
2024-07-04,21800,22700,21250,21450,155896,-0.02277904328018221
2024-07-05,21450,22450,21450,22200,104124,0.034965034965035
2024-07-08,22300,22850,21650,21900,97927,-0.013513513513513487
2024-07-09,22000,22550,22000,22100,76167,0.009132420091324311
2024-07-10,22400,22400,21400,21650,82713,-0.020361990950226283
2024-07-11,21850,24250,21850,22500,530423,0.03926096997690531
2024-07-12,22500,22500,21900,22500,90341,0.0
2024-07-15,22600,22600,21850,21950,64147,-0.02444444444444449
2024-07-16,21900,22200,21250,21600,79094,-0.015945330296127547
2024-07-17,21600,21600,20800,21000,88888,-0.02777777777777779
2024-07-18,20200,20700,19780,19790,148537,-0.05761904761904757
2024-07-19,19790,19790,19010,19490,77057,-0.015159171298635643
2024-07-22,19190,20700,18600,19520,179487,0.001539250897896416
2024-07-23,19520,20150,19120,19200,52768,-0.016393442622950838
2024-07-24,19060,19140,18270,18390,67147,-0.042187500000000044
2024-07-25,17900,17970,17060,17600,78203,-0.04295812941816202
2024-07-26,17780,17870,17020,17070,59504,-0.030113636363636398
2024-07-29,17370,19100,17110,17620,193070,0.03222026947861756
2024-07-30,17700,17700,16990,16990,42288,-0.03575482406356412
2024-07-31,16750,16990,16450,16690,58899,-0.017657445556209517
2024-08-01,17000,17370,16800,16930,50960,0.014379868184541733
2024-08-02,16400,16500,15500,15510,90414,-0.0838747784997047
2024-08-05,15000,15140,12000,12700,160394,-0.18117343649258544
2024-08-06,12700,13850,12700,13690,91220,0.07795275590551176
2024-08-07,13690,14600,13380,14030,56667,0.0248356464572681
2024-08-08,13640,13990,13320,13560,35162,-0.03349964362081259
2024-08-09,13910,15000,13910,14300,80642,0.054572271386430726
2024-08-12,14400,15690,14370,15250,69134,0.06643356643356646
2024-08-13,16240,16240,14910,15060,71378,-0.012459016393442601
2024-08-14,15450,15710,15370,15600,37082,0.03585657370517925
2024-08-16,15990,15990,15500,15630,39133,0.0019230769230769162
2024-08-19,15960,15960,14800,14900,55659,-0.04670505438259753
2024-08-20,15110,15700,15100,15520,60317,0.041610738255033475
2024-08-21,15520,15520,14790,14960,38165,-0.03608247422680411
2024-08-22,14990,15230,14180,14420,52981,-0.03609625668449201
2024-08-23,14010,14350,13750,13850,52503,-0.03952843273231621
2024-08-26,14000,15200,13130,13240,315788,-0.04404332129963895
2024-08-27,13360,13380,12850,13190,94712,-0.003776435045317217
2024-08-28,13150,13250,12700,12720,93452,-0.03563305534495831
2024-08-29,12450,12490,12130,12250,93983,-0.036949685534591215
2024-08-30,12450,13380,11980,13230,172334,0.08000000000000007
2024-09-02,13280,13290,12520,12680,63336,-0.04157218442932731
2024-09-03,12700,12980,12450,12460,64493,-0.017350157728706628
2024-09-04,11820,12000,11660,11760,61793,-0.0561797752808989
2024-09-05,11900,12180,11540,11630,63382,-0.011054421768707523
2024-09-06,11740,12050,11300,11430,62596,-0.017196904557179704
2024-09-09,11240,11640,10900,11630,36591,0.017497812773403343
2024-09-10,11640,11880,11040,11180,41143,-0.038693035253654307
2024-09-11,11210,11860,11190,11550,52349,0.033094812164579546
2024-09-12,12040,13900,11950,12560,392739,0.08744588744588744
2024-09-13,12550,12600,12270,12520,47114,-0.0031847133757961776
2024-09-19,12520,12520,11870,12200,46530,-0.025559105431309903
2024-09-20,12430,13400,12400,12920,143882,0.05901639344262288
2024-09-23,12700,13850,12700,13610,111993,0.05340557275541791
2024-09-24,13610,13790,13330,13710,39439,0.0073475385745775945
2024-09-25,13830,14240,13500,13710,54560,0.0
2024-09-26,14490,15400,14100,14440,314173,0.053245805981035677
2024-09-27,15080,18350,14880,16350,1932421,0.13227146814404422
2024-09-30,16120,16160,15110,15110,278915,-0.07584097859327221
2024-10-02,14830,15280,14300,14580,132539,-0.0350761085373924
2024-10-04,14650,14830,14160,14350,76057,-0.01577503429355276
2024-10-07,14350,14600,13960,14560,71766,0.014634146341463428
2024-10-08,14230,14520,14000,14160,55995,-0.027472527472527486
2024-10-10,14250,14360,13510,13510,99013,-0.04590395480225984
2024-10-11,13510,14190,13510,13600,82080,0.006661732050333047
2024-10-14,13490,13950,13310,13600,74509,0.0
2024-10-15,13850,14300,13500,13580,167595,-0.0014705882352941124
2024-10-16,13400,13490,13030,13030,60179,-0.040500736377025004
2024-10-17,13060,13420,12690,12850,68396,-0.013814274750575617
2024-10-18,12720,12800,12350,12430,36522,-0.03268482490272373
2024-10-21,12400,12580,12230,12440,18985,0.0008045052292839916
2024-10-22,12440,12520,11750,11780,56063,-0.05305466237942125
2024-10-23,11950,12140,11540,12000,40977,0.018675721561969505
2024-10-24,11970,11970,11550,11620,33053,-0.03166666666666662
2024-10-25,11650,11900,11490,11600,25405,-0.0017211703958691649
2024-10-28,11520,11990,11520,11890,26330,0.02499999999999991
2024-10-29,11760,11850,11580,11830,31105,-0.005046257359125339
2024-10-30,11850,12230,11790,11810,56165,-0.0016906170752324368
2024-10-31,11680,11980,11460,11600,45561,-0.017781541066892448
2024-11-01,11600,11600,10910,10930,205415,-0.057758620689655205
2024-11-04,10930,11380,10930,11140,49947,0.01921317474839901
2024-11-05,11030,11300,11010,11190,30363,0.004488330341113178
2024-11-06,11350,11570,11100,11290,49313,0.008936550491510209
2024-11-07,11180,11300,10810,10920,43529,-0.03277236492471214
2024-11-08,10900,11480,10900,11180,42258,0.023809523809523725
2024-11-11,11200,11210,10470,10480,51777,-0.06261180679785328
2024-11-12,10410,10410,9950,10070,83443,-0.03912213740458015
2024-11-13,9840,10150,9790,9900,73943,-0.01688182720953324
2024-11-14,9820,10080,9650,9660,53140,-0.024242424242424288
2024-11-15,9500,9930,9470,9930,56023,0.02795031055900621
2024-11-18,9950,10120,9800,9950,41617,0.002014098690835908
2024-11-19,9870,10320,9870,10210,49935,0.026130653266331683
2024-11-20,10100,10290,9940,10130,31898,-0.007835455435847183
2024-11-21,9990,10140,9930,9970,36598,-0.015794669299111552
2024-11-22,9960,11130,9960,10760,135288,0.07923771313941819
2024-11-25,10650,10970,10620,10810,34268,0.004646840148698983
2024-11-26,10800,11180,10660,11140,38710,0.030527289546715908
2024-11-27,11080,11360,10770,11270,50409,0.011669658886894085
2024-11-28,11270,11380,11010,11210,26232,-0.0053238686779059075
2024-11-29,11210,11300,10620,10750,37802,-0.041034790365744866
2024-12-02,10750,11040,10650,10660,26599,-0.008372093023255811
2024-12-03,10630,11400,10630,11370,53102,0.06660412757973733
2024-12-04,11100,11450,10750,10930,52966,-0.038698328935795945
2024-12-05,11000,11050,10630,10810,24916,-0.010978956999085132
2024-12-06,10900,10900,9930,10300,55289,-0.04717853839037933
2024-12-09,9910,10120,9270,9280,59674,-0.09902912621359228
2024-12-10,9270,10270,9270,10180,41739,0.09698275862068972
2024-12-11,10010,11210,10010,11190,60789,0.09921414538310414
2024-12-12,11170,11270,10980,11100,28866,-0.008042895442359255
2024-12-13,11300,12800,11270,11780,330591,0.0612612612612613
2024-12-16,12070,12690,11900,12640,143899,0.07300509337860772
2024-12-17,12750,14130,12380,13950,356694,0.10363924050632911
2024-12-18,14130,14550,13500,14400,272584,0.032258064516129004
2024-12-19,13790,14570,13650,14390,144603,-0.000694444444444442
2024-12-20,14310,14900,13940,14470,168667,0.005559416261292638
2024-12-23,14510,15400,14290,15100,169111,0.04353835521769178
2024-12-24,15300,15670,14690,14690,157138,-0.027152317880794752
2024-12-26,14660,14880,13960,14270,139929,-0.028590878148400223
2024-12-27,14270,14390,13850,14250,101799,-0.0014015416958654825
2024-12-30,13970,14220,13800,14170,49558,-0.0056140350877192935
2025-01-02,14100,14660,13990,14480,58482,0.021877205363443952
2025-01-03,14590,15250,14420,15230,111105,0.05179558011049723
2025-01-06,15320,16320,15320,15710,193514,0.0315167432698622
2025-01-07,15840,16200,15450,15630,89073,-0.005092297899427112
2025-01-08,15350,15740,15000,15260,89442,-0.023672424824056293
2025-01-09,15310,15400,15000,15000,58314,-0.017038007863695914
2025-01-10,15000,15370,14510,14550,52699,-0.030000000000000027
2025-01-13,14330,14760,14330,14620,55430,0.004810996563573866
2025-01-14,14950,14950,13890,14230,67564,-0.026675786593707285
2025-01-15,14230,14540,13970,14020,45969,-0.014757554462403344
2025-01-16,14180,14660,14180,14540,38375,0.03708987161198296
2025-01-17,14450,14530,13800,13850,53936,-0.047455295735901015
2025-01-20,13960,15350,13800,14880,130174,0.07436823104693135
2025-01-21,14810,15490,14540,15390,114266,0.03427419354838701
2025-01-22,15490,15500,15100,15440,62264,0.0032488628979856493
2025-01-23,15250,15360,14830,15000,65881,-0.02849740932642486
2025-01-24,14800,15270,14770,14950,40007,-0.0033333333333332993
2025-01-31,14950,14950,14110,14250,55636,-0.04682274247491636
2025-02-03,14010,14010,12560,12640,105674,-0.11298245614035085
2025-02-04,12970,13340,12910,13050,42457,0.032436708860759556
2025-02-05,13050,13700,13050,13600,37610,0.04214559386973171
2025-02-06,13780,13870,13230,13600,54828,0.0
2025-02-07,13530,16070,13500,14750,414811,0.08455882352941169
2025-02-10,14740,17840,14300,17680,1027667,0.19864406779661015
2025-02-11,18250,18250,17300,17310,617155,-0.020927601809954788
2025-02-12,18220,19530,16950,17030,1020176,-0.016175621028307385
2025-02-13,17580,20300,17030,18220,1557282,0.06987668819729898
2025-02-14,19050,20750,18760,18950,872265,0.04006586169045012
2025-02-17,18950,19330,18300,19010,191875,0.0031662269129286713
2025-02-18,18910,19340,18550,18790,205399,-0.011572856391372954
2025-02-19,18730,19320,18340,18700,257573,-0.0047897817988291624
2025-02-20,18700,18720,16850,16940,240371,-0.09411764705882353
2025-02-21,16510,17550,16420,17000,108568,0.0035419126328217754
2025-02-24,16850,18150,16540,17580,156307,0.034117647058823586
2025-02-25,17310,18590,17110,17820,146738,0.013651877133105783
2025-02-26,17500,18270,17170,17170,133649,-0.03647586980920314
2025-02-27,17420,18140,17310,17360,76330,0.01106581246359939
2025-02-28,16510,17900,16510,17500,112971,0.008064516129032251
2025-03-04,17050,17810,16730,17780,76947,0.016000000000000014
2025-03-05,17910,19080,17660,18580,211653,0.044994375703037104
2025-03-06,18890,19230,18400,19150,146302,0.030678148546824602
2025-03-07,19020,19220,18580,18600,111036,-0.02872062663185382
2025-03-10,18260,18740,18160,18640,59979,0.0021505376344086446
2025-03-11,18020,18720,17720,18720,49635,0.0042918454935623185
2025-03-12,18900,20300,18610,20050,303541,0.07104700854700852
2025-03-13,20600,21450,19970,19970,278302,-0.003990024937655878
2025-03-14,20100,20550,19500,19660,117052,-0.015523284927391079
2025-03-17,19050,22000,18980,20500,928404,0.042726347914547214
2025-03-18,20600,20800,19850,20150,178091,-0.017073170731707332
2025-03-19,20000,20250,18660,18720,193220,-0.07096774193548383
2025-03-20,18500,19180,18130,18230,107063,-0.026175213675213693
2025-03-21,18160,19130,17680,17780,125706,-0.024684585847504104
2025-03-24,17800,18290,17600,17700,62236,-0.004499437570303688
2025-03-25,17710,18080,16870,17250,131502,-0.025423728813559365
2025-03-26,17260,17980,16960,17500,71291,0.01449275362318847
2025-03-27,17200,17350,16600,16970,79508,-0.03028571428571425
2025-03-28,16810,17100,16250,16570,75256,-0.023571007660577514
2025-03-31,16560,16560,15190,15330,98269,-0.07483403741701866
2025-04-01,15390,15780,15180,15540,56701,0.013698630136986356
2025-04-02,15750,15850,15140,15720,61680,0.01158301158301156
2025-04-03,15240,15750,14700,15230,82499,-0.03117048346055984
2025-04-04,14830,15800,14690,15330,131025,0.006565988181221227
2025-04-07,14970,14970,13440,13470,133245,-0.12133072407045009
2025-04-08,13700,14100,13530,13600,41269,0.009651076466221209
2025-04-09,13300,13690,12660,12860,84204,-0.05441176470588238
2025-04-10,13900,14200,13200,13610,106734,0.058320373250388746
2025-04-11,13280,15110,13210,15110,138928,0.11021307861866281
2025-04-14,15560,15900,15010,15790,112134,0.045003309066843133
2025-04-15,15780,15780,15170,15210,54827,-0.036732108929702356
2025-04-16,15210,15210,14500,14610,63267,-0.03944773175542404
2025-04-17,14320,15150,14320,15000,53958,0.026694045174537884
2025-04-18,15010,16440,14900,16150,133170,0.07666666666666666
2025-04-21,16160,16550,15970,16290,82736,0.008668730650154721
2025-04-22,16020,16700,15950,16290,40284,0.0
2025-04-23,16610,17590,16290,17500,150036,0.07427869858809077
2025-04-24,17640,17900,16780,17560,141612,0.0034285714285713365
2025-04-25,18000,18780,17620,18500,156564,0.05353075170842825
2025-04-28,18590,19290,18230,19030,146800,0.028648648648648578
2025-04-29,19060,19480,18660,19210,75200,0.009458749343142392
2025-04-30,19210,19430,17600,17980,94992,-0.06402915148360233
2025-05-02,17980,18490,17800,17970,39480,-0.0005561735261401246
2025-05-07,18200,19350,18200,19110,106958,0.06343906510851416
2025-05-08,19110,19880,19020,19790,80416,0.03558346415489266
2025-05-09,19810,19900,19330,19520,68309,-0.013643254168772101
2025-05-12,19410,19890,19400,19750,56478,0.01178278688524581
2025-05-13,20000,20000,19600,19910,40245,0.008101265822784809
2025-05-14,20000,20150,18620,19080,92529,-0.04168759417378198
2025-05-15,19200,19700,18620,19300,61634,0.011530398322851187
2025-05-16,19290,19550,18960,19400,20503,0.005181347150259086
2025-05-19,19490,19730,19200,19690,50134,0.01494845360824737
2025-05-20,19680,21600,19470,21000,250722,0.06653123412899942
2025-05-21,21000,21700,20400,20900,121651,-0.004761904761904745
2025-05-22,21100,21100,18090,19470,298076,-0.06842105263157894
2025-05-23,20250,23500,19740,22450,928717,0.15305598356445804
2025-05-26,22950,23100,22000,22750,216034,0.013363028953229383
2025-05-27,22750,22900,21250,22100,153913,-0.02857142857142858
2025-05-28,23000,23700,21800,21950,331146,-0.006787330316742057
2025-05-29,23000,23900,22300,22900,310099,0.04328018223234631
2025-05-30,22900,23150,21350,21400,169835,-0.06550218340611358
2025-06-02,21600,21950,20900,21600,103266,0.009345794392523255
2025-06-04,21700,22400,21450,21750,77597,0.00694444444444442
2025-06-05,22000,22200,21300,22050,83896,0.01379310344827589
2025-06-09,22100,22450,21000,21650,90897,-0.01814058956916098
2025-06-10,21650,22200,21400,21900,70846,0.011547344110854452
2025-06-11,22100,23150,21700,23000,137717,0.05022831050228316
2025-06-12,23100,23400,22350,22450,126248,-0.023913043478260843
2025-06-13,22650,23050,21750,22000,97708,-0.020044543429844075
2025-06-16,21900,22700,21450,22600,86846,0.027272727272727337
2025-06-17,22650,23550,21800,22700,134842,0.004424778761061843
2025-06-18,22700,23600,22200,23050,86438,0.01541850220264318
2025-06-19,23100,23550,22600,23300,71219,0.010845986984815648
2025-06-20,23050,24700,22850,23850,153195,0.023605150214592197
2025-06-23,23850,24550,23100,23850,96909,0.0
2025-06-24,24000,26750,23850,26300,304562,0.10272536687631018
2025-06-25,26450,28200,26000,27500,290764,0.04562737642585546
2025-06-26,27550,28450,25650,27150,213570,-0.012727272727272698
2025-06-27,27800,28275,26450,27500,175606,0.012891344383057168
2025-06-30,27650,29000,26850,28750,247723,0.045454545454545414
2025-07-01,28600,28700,26800,26800,141247,-0.0678260869565217
2025-07-02,26700,27050,25350,26000,109985,-0.02985074626865669
2025-07-03,26200,26500,25450,25800,43330,-0.007692307692307665
2025-07-04,25900,26250,24700,24700,64228,-0.04263565891472865
2025-07-07,24750,26700,24700,26550,150923,0.07489878542510131
2025-07-08,26100,27400,25950,26950,70878,0.015065913370998052
2025-07-09,27750,27750,26100,26800,45217,-0.005565862708719838
2025-07-10,27500,27500,26150,26700,29449,-0.003731343283582045
2025-07-11,26700,27550,26550,26900,38682,0.0074906367041198685
2025-07-14,26900,27000,26000,26100,25368,-0.029739776951672847
2025-07-15,26100,28300,25900,27600,69937,0.05747126436781613
2025-07-16,27800,29450,27600,28600,105761,0.03623188405797095
2025-07-17,28600,29150,27500,28000,58490,-0.020979020979020935
2025-07-18,28650,28650,27400,27550,46213,-0.016071428571428625
2025-07-21,28100,30100,27050,29750,132574,0.07985480943738654
2025-07-22,29450,30100,28850,29250,105347,-0.01680672268907568
2025-07-23,29550,32400,29150,31050,228402,0.06153846153846154
2025-07-24,31500,31500,29150,29450,91798,-0.05152979066022545
2025-07-25,29500,30150,29450,29650,36561,0.00679117147707986
2025-07-28,29500,30200,28500,29800,75832,0.005059021922428242
2025-07-29,30050,30050,27800,28050,113693,-0.0587248322147651
2025-07-30,27600,28350,26600,27250,90926,-0.028520499108734443
2025-07-31,28250,28250,27000,27600,45541,0.012844036697247763
2025-08-01,27400,28000,25450,26500,103309,-0.03985507246376807
2025-08-04,26450,26850,25300,25950,29473,-0.02075471698113207
2025-08-05,26950,27200,25750,26250,32864,0.011560693641618602
2025-08-06,26000,26550,25650,26450,19373,0.007619047619047636
2025-08-07,27100,27200,26000,26200,49161,-0.009451795841209809
2025-08-08,26800,27300,26300,26600,33911,0.01526717557251911
2025-08-11,27200,27200,25650,25850,43089,-0.02819548872180455
2025-08-12,26100,27300,26050,26600,32594,0.029013539651837617
2025-08-13,27150,27150,25850,26250,25434,-0.013157894736842146
2025-08-14,26600,26800,26000,26300,23236,0.0019047619047618536
2025-08-18,26300,26400,24550,24550,55524,-0.06653992395437258
2025-08-19,25200,25200,23800,24050,39007,-0.020366598778004064
2025-08-20,23200,24450,23050,24450,40915,0.016632016632016633
2025-08-21,25050,25950,24500,24650,53096,0.008179959100204526
2025-08-22,25550,27250,24850,26800,85607,0.0872210953346857
2025-08-25,27400,28300,26600,27450,77341,0.02425373134328357
2025-08-26,27400,27900,26850,27850,41897,0.014571948998178597
2025-08-27,28500,28500,27650,28000,21396,0.0053859964093356805
2025-08-28,27500,30200,27500,29800,125406,0.06428571428571428
2025-08-29,29500,30750,29500,30000,76626,0.006711409395973256
2025-09-01,29800,30300,29100,29550,49585,-0.015000000000000013
2025-09-02,29900,29950,29100,29500,40797,-0.0016920473773265332
2025-09-03,29300,29300,28050,29100,35535,-0.013559322033898313
2025-09-04,29750,29850,28950,29250,21509,0.005154639175257714
2025-09-05,29400,29700,28400,28450,24384,-0.027350427350427364
2025-09-08,28700,30750,28700,29750,67333,0.04569420035149374
2025-09-09,30300,31000,29450,30100,85807,0.0117647058823529
2025-09-10,30400,31250,30300,30950,84391,0.028239202657807327
2025-09-11,31400,31750,30400,30700,56783,-0.008077544426494332
2025-09-12,31900,33600,31750,33150,193369,0.07980456026058635
2025-09-15,33150,33650,32200,32850,96152,-0.009049773755656076
2025-09-16,32900,32950,31400,32150,65948,-0.0213089802130898
2025-09-17,32750,33500,32050,32850,65107,0.021772939346811793
2025-09-18,33200,33500,32300,32900,61638,0.0015220700152207556
2025-09-19,33800,33800,28750,28800,269956,-0.12462006079027355
2025-09-22,28950,29250,28200,29000,84835,0.00694444444444442
2025-09-23,29500,29800,28250,28850,71634,-0.005172413793103403
2025-09-24,28450,28750,27150,28350,57529,-0.017331022530329254
2025-09-25,28550,28550,27100,27550,67509,-0.02821869488536155
2025-09-26,27250,27500,26400,27100,73782,-0.016333938294010864
2025-09-29,27500,28000,26550,26750,51086,-0.01291512915129156
2025-09-30,28200,28200,26650,26700,63646,-0.0018691588785046953
2025-10-01,27100,28000,26650,27000,81885,0.011235955056179803
2025-10-02,27950,28450,27400,28250,72946,0.04629629629629628
2025-10-10,29150,29250,27800,28200,53879,-0.001769911504424737
2025-10-13,27600,31700,27500,31550,211403,0.11879432624113484
2025-10-14,32200,32400,29700,30400,115934,-0.03645007923930266
2025-10-15,30600,30850,29800,30800,41718,0.013157894736842035
2025-10-16,30550,32450,30250,30950,50011,0.004870129870129913
2025-10-17,30600,30700,29150,29200,69703,-0.056542810985460434
2025-10-20,30100,30500,29350,30000,30720,0.027397260273972712
2025-10-21,29850,30050,28400,28900,42986,-0.036666666666666625
2025-10-22,29500,30000,28700,29350,48792,0.015570934256055269
2025-10-23,28900,29100,28400,28850,27133,-0.017035775127768327
2025-10-24,29200,30100,28800,29300,52558,0.015597920277296451
2025-10-27,29300,31350,28500,30600,79691,0.04436860068259385
2025-10-28,30600,33150,30600,32450,177122,0.06045751633986929
2025-10-29,31900,32600,31000,32350,70244,-0.0030816640986132127
2025-10-30,31900,32250,30500,30500,57237,-0.057187017001545604
2025-10-31,30600,30750,29800,29950,29659,-0.0180327868852459
2025-11-03,30000,30450,29150,30100,47634,0.005008347245408995
2025-11-04,30000,31050,29450,30900,42294,0.02657807308970095
2025-11-05,29800,30150,27550,29400,97347,-0.04854368932038833
2025-11-06,29450,30000,28150,29500,35959,0.00340136054421758
2025-11-07,29250,29350,27050,27450,86050,-0.06949152542372883
2025-11-10,28150,30150,27300,29600,58497,0.07832422586520948
2025-11-11,29700,30800,28850,29000,107951,-0.020270270270270285
2025-11-12,29200,29200,27900,28250,72368,-0.025862068965517238
2025-11-13,28250,29250,27750,28350,43407,0.003539823008849474
2025-11-14,27000,27400,25750,26200,151863,-0.07583774250440922
2025-11-17,26300,26500,24450,26300,31797,0.003816793893129722
2025-11-18,25950,26300,24500,25100,77610,-0.04562737642585546
2025-11-19,25150,25700,24000,25100,33303,0.0
2025-11-20,25650,25950,25200,25850,19915,0.029880478087649376
2025-11-21,24600,25500,24250,25000,39068,-0.03288201160541582
2025-11-24,25000,25700,24550,25200,36144,0.008000000000000007
2025-11-25,25600,26800,25400,26300,41849,0.04365079365079372
2025-11-26,26350,30450,25750,29700,203527,0.12927756653992395
2025-11-27,29700,32200,29500,31350,213967,0.05555555555555558
2025-11-28,31500,32950,30950,32500,136657,0.03668261562998398
2025-12-01,32950,34450,32550,33000,99073,0.01538461538461533
2025-12-02,31650,33350,31600,32900,58290,-0.00303030303030305
2025-12-03,32950,34400,32700,33900,63015,0.03039513677811545
2025-12-04,33950,34400,33400,33900,74915,0.0
2025-12-05,34950,35000,31500,31650,79292,-0.0663716814159292
2025-12-08,31500,32450,31300,32100,58425,0.014218009478673022
2025-12-09,33850,33850,31350,32900,70479,0.024922118380062308
2025-12-10,34100,35850,33550,34800,207008,0.05775075987841949
2025-12-11,34400,34450,32150,33800,93646,-0.028735632183908066
2025-12-12,33800,35950,33650,35650,103355,0.05473372781065078
2025-12-15,35100,35300,34300,35050,54992,-0.016830294530154277
2025-12-16,34900,34900,32650,33000,67292,-0.05848787446504988
2025-12-17,33600,33600,32350,32900,34120,-0.00303030303030305
2025-12-18,32100,35250,31300,32600,140081,-0.00911854103343468
2025-12-19,33200,33200,32100,32900,35337,0.009202453987730008
2025-12-22,33300,34000,32700,33500,42162,0.01823708206686936
2025-12-23,33550,35300,32650,32950,86194,-0.016417910447761197
2025-12-24,33000,33950,32500,33100,51778,0.004552352048558417
2025-12-26,34650,37000,34650,36000,170434,0.08761329305135956
2025-12-29,36950,37350,33450,36200,119489,0.005555555555555536
2025-12-30,35600,38100,35300,38100,85817,0.05248618784530379
2026-01-02,38100,38400,34650,35550,185061,-0.06692913385826771
2026-01-05,35850,36450,34650,35600,84732,0.0014064697609001975
2026-01-06,35050,38550,34200,38400,152007,0.0786516853932584
2026-01-07,38750,38850,36850,37600,84262,-0.02083333333333337
2026-01-08,37200,38400,37200,37400,56951,-0.005319148936170248
2026-01-09,37050,37150,35450,35500,53753,-0.050802139037433136
2026-01-12,35500,35950,33500,33900,77837,-0.04507042253521132
2026-01-13,33900,34100,32350,33200,77213,-0.020648967551622377
2026-01-14,33550,34400,33150,33900,72072,0.02108433734939763
2026-01-15,33200,34150,32500,33850,33389,-0.001474926253687281
2026-01-16,33500,33500,30500,31150,159550,-0.07976366322008865
2026-01-19,31300,32100,30100,31000,81596,-0.0048154093097912964
2026-01-20,31000,31400,29850,30500,55016,-0.016129032258064502
2026-01-21,30150,31600,29550,31050,70315,0.0180327868852459
2026-01-22,32100,34150,31150,33500,119714,0.07890499194847012
2026-01-23,33600,36950,33600,36300,185033,0.08358208955223878
2026-01-26,35400,37800,34500,36750,95964,0.012396694214876103
2026-01-27,36700,38400,36600,37450,87283,0.01904761904761898
2026-01-28,37100,40000,36950,39950,140209,0.06675567423230966
2026-01-29,40400,40450,37950,39700,132220,-0.006257822277847325
2026-01-30,39900,40400,38500,38800,80089,-0.02267002518891692
2026-02-02,37050,39350,36200,37750,70404,-0.027061855670103108
2026-02-03,38250,40300,38000,39950,118368,0.05827814569536427
2026-02-04,39000,39950,38700,39700,55902,-0.006257822277847325
2026-02-05,38950,40100,37400,38450,58742,-0.03148614609571787
2026-02-06,36600,37450,35200,36550,98460,-0.04941482444733425
2026-02-09,38200,38950,36850,38800,65971,0.061559507523939905
2026-02-10,38400,38900,36200,36950,59715,-0.04768041237113407
2026-02-11,36300,37100,35550,36250,35781,-0.018944519621109657
2026-02-12,37500,37550,35000,35050,63340,-0.03310344827586209
2026-02-13,35250,35400,33650,34150,50890,-0.025677603423680417
2026-02-19,34900,35350,33700,34700,79371,0.016105417276720324
2026-02-20,34500,35000,33900,34500,91679,-0.0057636887608069065
2026-02-23,34550,35200,33150,34050,72351,-0.013043478260869601
2026-02-24,33600,34900,33000,34600,76129,0.01615271659324513
2026-02-25,35200,36800,34600,36150,125835,0.044797687861271696
2026-02-26,36150,36350,35250,35750,77771,-0.011065006915629283
2026-02-27,35700,35700,34000,34150,84496,-0.04475524475524473
