Date,Open,High,Low,Close,Volume,Dividends,Stock Splits
2022-01-03 00:00:00-05:00,57.181317681106236,58.0220950550373,57.140892963845026,57.74722671508789,3285500,0.0,0.0
2022-01-04 00:00:00-05:00,57.714900228423176,58.17571372888921,57.69064786017978,57.81999588012695,2650300,0.0,0.0
2022-01-05 00:00:00-05:00,58.01401847716173,58.19187737491705,57.14898252094415,57.15706253051758,1554100,0.0,0.0
2022-01-06 00:00:00-05:00,57.593624499452616,58.18379210870735,57.31066996129473,57.973594665527344,2459800,0.0,0.0
2022-01-07 00:00:00-05:00,58.143362039808515,58.65268632958625,58.005927872195315,58.547584533691406,2353300,0.0,0.0
2022-01-10 00:00:00-05:00,58.393979519961576,58.63650929616824,57.69871639253431,57.99783706665039,1426400,0.0,0.0
2022-01-11 00:00:00-05:00,58.11911543698931,59.01648995578003,58.03827216378984,59.00840377807617,1380100,0.0,0.0
2022-01-12 00:00:00-05:00,59.21860430733298,59.81685196170622,59.145847208047606,59.323699951171875,2830000,0.0,0.0
2022-01-13 00:00:00-05:00,59.566231146419646,60.01895839775603,59.509640240002604,59.52580642700195,2012700,0.0,0.0
2022-01-14 00:00:00-05:00,59.299448807727444,59.727923737991574,59.03266043561878,59.444969177246094,2133800,0.0,0.0
2022-01-18 00:00:00-05:00,59.77643598853216,59.84110691248542,59.307536324175956,59.62282943725586,1714800,0.0,0.0
2022-01-19 00:00:00-05:00,59.970462388140014,59.970462388140014,58.7012037300044,58.87906265258789,1736800,0.0,0.0
2022-01-20 00:00:00-05:00,58.814388275146484,59.606667284708536,58.75779735788829,58.814388275146484,1708900,0.0,0.0
2022-01-21 00:00:00-05:00,58.23229397635092,58.57183940545041,57.45618749500377,57.771480560302734,2984700,0.0,0.0
2022-01-24 00:00:00-05:00,56.38904303778696,56.971124468919406,55.57251179867361,56.89836120605469,2401300,0.0,0.0
2022-01-25 00:00:00-05:00,56.63965540334525,57.81190436812619,55.92013983817961,57.375343322753906,1691900,0.0,0.0
2022-01-26 00:00:00-05:00,58.191880633539384,58.53951227099699,57.37534936082332,57.7391471862793,2893000,0.0,0.0
2022-01-27 00:00:00-05:00,58.18379682156301,58.61227175232923,57.286422236470905,57.50469970703125,1697200,0.0,0.0
2022-01-28 00:00:00-05:00,57.44808988041195,57.44808988041195,56.45370615488589,57.173221588134766,1833400,0.0,0.0
2022-01-31 00:00:00-05:00,57.02771820679169,58.32122913575724,56.938788752180315,58.17570877075195,1513700,0.0,0.0
2022-02-01 00:00:00-05:00,58.34548138272869,58.97606757381439,58.102951553513144,58.773956298828125,1703300,0.0,0.0
2022-02-02 00:00:00-05:00,59.008402812433644,59.57431805146174,58.822463903912315,59.420711517333984,1325200,0.0,0.0
2022-02-03 00:00:00-05:00,59.18625529422001,59.566225415583254,59.08115966896989,59.121578216552734,1462000,0.0,0.0
2022-02-04 00:00:00-05:00,59.113501651070855,59.3236929138144,58.67694060330616,59.16200637817383,1095100,0.0,0.0
2022-02-07 00:00:00-05:00,59.32370251317753,59.78451599905946,59.15392977289966,59.62282943725586,1142700,0.0,0.0
2022-02-08 00:00:00-05:00,59.752176620858265,60.277660969130935,59.687499536535206,60.11597442626953,1239200,0.0,0.0
2022-02-09 00:00:00-05:00,60.35042013843082,60.52019284730635,59.84109584385842,60.00278854370117,1238500,0.0,0.0
2022-02-10 00:00:00-05:00,59.719830705436955,59.986612851425605,59.105410816119246,59.210506439208984,1352300,0.0,0.0
2022-02-11 00:00:00-05:00,59.12966240697446,59.849177910002666,58.790117012545615,59.08115768432617,1563700,0.0,0.0
2022-02-14 00:00:00-05:00,58.93564801847063,59.06499602493242,58.41015747884329,58.74162292480469,1418600,0.0,0.0
2022-02-15 00:00:00-05:00,59.11350669154489,59.21860233187793,58.70928415003037,59.073081970214844,1233400,0.0,0.0
2022-02-16 00:00:00-05:00,59.0245707272571,59.59047975576652,58.911388921555215,59.137752532958984,1150600,0.0,0.0
2022-02-17 00:00:00-05:00,58.91138847895347,59.00839793000007,58.410150366078206,58.547584533691406,1469500,0.0,0.0
2022-02-18 00:00:00-05:00,58.80628489425554,58.83862343293597,58.15144644782715,58.199951171875,1227300,0.0,0.0
2022-02-22 00:00:00-05:00,57.80382831588923,58.36973745460025,57.39151956171576,58.062530517578125,1794800,0.0,0.0
2022-02-23 00:00:00-05:00,58.40207191725117,58.52333991505203,57.55320826853836,57.7391471862793,1837400,0.0,0.0
2022-02-24 00:00:00-05:00,55.3623186515943,56.17076368573125,55.15212121569378,56.049495697021484,3158800,0.0,0.0
2022-02-25 00:00:00-05:00,56.7285903416918,58.46674851439038,56.50222670393506,58.3778190612793,3551600,0.0,0.0
2022-02-28 00:00:00-05:00,57.50469241601362,58.685021412528904,57.367258242051015,58.48291015625,3385700,0.0,0.0
2022-03-01 00:00:00-05:00,58.59610292869263,59.469218939618095,57.32684438212642,57.6259651184082,2625300,0.0,0.0
2022-03-02 00:00:00-05:00,58.15954904927642,59.80069180112229,58.15954904927642,59.66325759887695,2176400,0.0,0.0
2022-03-03 00:00:00-05:00,59.69557130000966,60.180643197480464,59.3398597212619,59.833011627197266,1828400,0.0,0.0
2022-03-04 00:00:00-05:00,59.016487135681054,59.242850757001335,58.466744269069196,59.2266845703125,1754100,0.0,0.0
2022-03-07 00:00:00-05:00,58.77394721297159,59.32369004266744,58.09485639461266,58.15144729614258,2339000,0.0,0.0
2022-03-08 00:00:00-05:00,58.32931303731055,58.579929035281545,56.53456399494001,56.73667526245117,2115900,0.0,0.0
2022-03-09 00:00:00-05:00,57.811908750213945,58.79012654590233,57.391513859273196,58.46674728393555,1610600,0.0,0.0
2022-03-10 00:00:00-05:00,57.90084161572949,58.733539101032356,57.811912159246006,58.29697799682617,1261900,0.0,0.0
2022-03-11 00:00:00-05:00,58.63652185389924,59.39646221824361,58.175708395677916,58.21613311767578,1486300,0.0,0.0
2022-03-14 00:00:00-04:00,58.55567351008121,59.20243199839302,58.10294626903058,58.305057525634766,2261300,0.0,0.0
2022-03-15 00:00:00-04:00,58.57993268722466,58.57993268722466,57.7229828332969,58.14337158203125,1485100,0.0,0.0
2022-03-16 00:00:00-04:00,58.88714081060128,59.45305610719385,58.09486803049736,59.129676818847656,1835000,0.0,0.0
2022-03-17 00:00:00-04:00,58.91947385844959,59.44496438198523,58.90330767111686,59.4368782043457,1471400,0.0,0.0
2022-03-18 00:00:00-04:00,59.21859268447003,59.881517297837746,59.09732470818236,59.63090133666992,2436700,0.0,0.0
2022-03-21 00:00:00-04:00,59.87344212871002,60.12406430389888,59.39646248035265,59.63899230957031,1450300,0.0,0.0
2022-03-22 00:00:00-04:00,59.96236924759519,60.487859775685436,59.84110125373646,60.2938346862793,1495400,0.0,0.0
2022-03-23 00:00:00-04:00,59.88960804835418,59.95428512970662,58.48290928469548,58.50716781616211,2031800,0.0,0.0
2022-03-24 00:00:00-04:00,58.846720669143004,59.04074576974475,58.17570974329298,58.8386344909668,1966600,0.0,0.0
2022-03-25 00:00:00-04:00,58.99224660963587,59.719848515563115,58.89523096619646,59.66325759887695,1732700,0.0,0.0
2022-03-28 00:00:00-04:00,59.46114425052314,59.469224261237294,59.00033075398465,59.38029479980469,1187800,0.0,0.0
2022-03-29 00:00:00-04:00,59.82494022365,60.002799140916146,59.28328346139178,59.60666275024414,1147900,0.0,0.0
2022-03-30 00:00:00-04:00,59.671324273621615,59.824930799416876,58.95180870744268,59.2590217590332,2197200,0.0,0.0
2022-03-31 00:00:00-04:00,58.870954680709346,59.218586218539386,57.88465096091507,57.981666564941406,1648000,0.0,0.0
2022-04-01 00:00:00-04:00,58.38590871546183,58.44249962827042,57.278336658554416,57.5532112121582,3245100,0.0,0.0
2022-04-04 00:00:00-04:00,57.96936798095703,58.092012458590865,57.31526825888143,57.96936798095703,3419200,0.799,0.0
2022-04-05 00:00:00-04:00,58.01024875131102,58.852404220707605,57.85490489253258,58.38636016845703,1520400,0.0,0.0
2022-04-06 00:00:00-04:00,57.98571838628874,58.27188467901297,57.27439163551098,57.397029876708984,1728800,0.0,0.0
2022-04-07 00:00:00-04:00,57.34798066562034,57.42156985610528,56.27689832578599,56.8410530090332,2009600,0.0,0.0
2022-04-08 00:00:00-04:00,56.84105093326365,57.35615653397316,56.74294033347728,56.94734573364258,989500,0.0,0.0
2022-04-11 00:00:00-04:00,56.89828385516954,57.18445640405399,56.21966267153124,56.26054000854492,1560800,0.0,0.0
2022-04-12 00:00:00-04:00,56.325946659868514,56.53035204221321,55.287570062258624,55.46744155883789,1195400,0.0,0.0
2022-04-13 00:00:00-04:00,55.18945323306857,55.53285277829793,54.756114820570964,55.46744155883789,1201500,0.0,0.0
2022-04-14 00:00:00-04:00,55.30392039032635,55.753614731889364,55.164926225827706,55.1976318359375,945400,0.0,0.0
2022-04-18 00:00:00-04:00,55.1404053522161,55.27122157076988,54.66618330429773,54.85423278808594,1201300,0.0,0.0
2022-04-19 00:00:00-04:00,55.074994660935225,55.68821089640767,54.91964455180227,55.630977630615234,1276900,0.0,0.0
2022-04-20 00:00:00-04:00,56.186953497674104,56.955519745124654,56.17877553560664,56.3504753112793,1377100,0.0,0.0
2022-04-21 00:00:00-04:00,56.82469907296145,57.25803750666766,56.02342719025291,56.195133209228516,1489300,0.0,0.0
2022-04-22 00:00:00-04:00,55.76178733108239,55.86808212509674,54.64982152172731,54.698883056640625,1302400,0.0,0.0
2022-04-25 00:00:00-04:00,54.2900810795941,54.72341957415572,53.53787062722457,54.56806945800781,1712800,0.0,0.0
2022-04-26 00:00:00-04:00,53.86490835132477,54.22466384872618,53.25169215600385,53.27622604370117,1415200,0.0,0.0
2022-04-27 00:00:00-04:00,53.14540857860642,53.3988693002962,52.188792721301496,52.27872848510742,2485500,0.0,0.0
2022-04-28 00:00:00-04:00,52.34413110394385,53.1454030015923,52.12337602079245,52.499481201171875,3209600,0.0,0.0
2022-04-29 00:00:00-04:00,52.761122411601,53.05546669534991,51.71456773069731,51.77180099487305,1581600,0.0,0.0
2022-05-02 00:00:00-04:00,51.79632893719333,51.95985388675009,51.10952664423813,51.86991500854492,1752100,0.0,0.0
2022-05-03 00:00:00-04:00,52.15608151239317,52.990052782100264,51.91079566136292,52.74477005004883,1489100,0.0,0.0
2022-05-04 00:00:00-04:00,52.8183530561898,53.57874137850248,52.39319257739323,53.54603576660156,1611000,0.0,0.0
2022-05-05 00:00:00-04:00,53.16175978781576,53.366165211272076,51.89444990516172,52.56489944458008,1964700,0.0,0.0
2022-05-06 00:00:00-04:00,52.19696779250646,52.45043163427696,51.632809960283424,52.098854064941406,1581500,0.0,0.0
2022-05-09 00:00:00-04:00,51.452925040782965,51.79632459900976,51.0195866118838,51.1585807800293,1732400,0.0,0.0
2022-05-10 00:00:00-04:00,51.526514732984744,51.943500385752074,50.39819602699822,50.8070068359375,1917900,0.0,0.0
2022-05-11 00:00:00-04:00,50.888773548778,51.845389394958836,50.414551488327284,50.68436813354492,1924300,0.0,0.0
2022-05-12 00:00:00-04:00,50.3000918614335,50.569905424719565,49.80134208074585,50.41455841064453,1951900,0.0,0.0
2022-05-13 00:00:00-04:00,50.700718026056535,51.46928438657187,50.700718026056535,51.30575942993164,1661900,0.0,0.0
2022-05-16 00:00:00-04:00,51.2975769519812,52.00890682068628,51.02776034582971,51.82902908325195,1266100,0.0,0.0
2022-05-17 00:00:00-04:00,52.17244038609489,52.82653710457471,52.07432353908853,52.72842025756836,1716500,0.0,0.0
2022-05-18 00:00:00-04:00,52.499480408133444,52.499480408133444,50.97870378463897,51.1667594909668,1550200,0.0,0.0
2022-05-19 00:00:00-04:00,51.01959168843784,51.845388174184095,50.7416002055074,51.35481643676758,1445600,0.0,0.0
2022-05-20 00:00:00-04:00,51.69821393084355,51.95167775230932,50.43090106147252,51.14223098754883,1421800,0.0,0.0
2022-05-23 00:00:00-04:00,51.976212339054605,52.54037332035342,51.74727925619673,52.26237869262695,1261000,0.0,0.0
2022-05-24 00:00:00-04:00,52.26237486551651,52.26237486551651,51.03594237890919,51.99256134033203,2080300,0.0,0.0
2022-05-25 00:00:00-04:00,52.72842136574434,53.8730929863756,52.55672155834342,53.439754486083984,1766200,0.0,0.0
2022-05-26 00:00:00-04:00,53.78315253490795,54.404546751664974,53.63598038456966,54.00391387939453,1624600,0.0,0.0
2022-05-27 00:00:00-04:00,54.216488064706574,54.93599908842104,54.18378245108701,54.82970428466797,1445900,0.0,0.0
2022-05-31 00:00:00-04:00,54.80517731578656,55.52468834845262,54.63347752061617,55.36116027832031,1339200,0.0,0.0
2022-06-01 00:00:00-04:00,55.73726812624527,55.74544608962927,54.81335787852034,55.2303466796875,1126300,0.0,0.0
2022-06-02 00:00:00-04:00,55.09951257773422,56.08065588596623,54.93599077234789,55.92531204223633,1080300,0.0,0.0
2022-06-03 00:00:00-04:00,55.77814895444609,55.98255436325719,55.19763834197753,55.344810485839844,1128400,0.0,0.0
2022-06-06 00:00:00-04:00,55.80266800291657,55.96618980957379,54.976868531996345,55.00139617919922,871900,0.0,0.0
2022-06-07 00:00:00-04:00,54.756127308881716,55.65550994873047,54.64166076769871,55.65550994873047,827600,0.0,0.0
2022-06-08 00:00:00-04:00,55.614620676177765,55.614620676177765,54.625299249795006,54.99323272705078,896200,0.0,0.0
2022-06-09 00:00:00-04:00,54.764297430963644,54.83788038063409,53.6441535949707,53.6441535949707,1109300,0.0,0.0
2022-06-10 00:00:00-04:00,52.63847971071601,52.78565185759608,52.041619398005544,52.417724609375,1547400,0.0,0.0
2022-06-13 00:00:00-04:00,51.248518843027796,51.73091568077626,50.90511617123428,51.403865814208984,2013200,0.0,0.0
2022-06-14 00:00:00-04:00,51.346638081490525,51.56739629733532,50.602602518004296,50.92147445678711,1366500,0.0,0.0
2022-06-15 00:00:00-04:00,51.215819135812836,51.878093788406275,50.406375457177674,51.35481643676758,1572100,0.0,0.0
2022-06-16 00:00:00-04:00,50.49630566888558,50.78247508341452,49.49063153440783,50.185611724853516,1814400,0.0,0.0
2022-06-17 00:00:00-04:00,50.00573429910373,50.4636034938354,49.38434328816241,49.76044845581055,1474800,0.0,0.0
2022-06-21 00:00:00-04:00,50.93781987807267,51.12587245267854,50.659828437573,50.7497673034668,1501000,0.0,0.0
2022-06-22 00:00:00-04:00,50.07114941503481,50.185615942875636,49.204469374415886,49.23717498779297,1836800,0.0,0.0
2022-06-23 00:00:00-04:00,49.24534274469553,49.327106766371486,47.36481391184773,47.601924896240234,2044200,0.0,0.0
2022-06-24 00:00:00-04:00,47.855394803128995,48.32143890021387,47.773633884649904,47.896278381347656,2018300,0.0,0.0
2022-06-27 00:00:00-04:00,48.11703819898566,49.04095163941345,48.035277272496586,48.7956657409668,1550300,0.0,0.0
2022-06-28 00:00:00-04:00,49.30259150466926,49.564230218353366,48.47679489941244,48.648494720458984,1294500,0.0,0.0
2022-06-29 00:00:00-04:00,48.86106900160804,48.9837134981303,48.3704972534772,48.689369201660156,3985700,0.0,0.0
2022-06-30 00:00:00-04:00,48.0189151532093,48.525839660910755,47.54469625735408,48.411373138427734,3959000,0.0,0.0
2022-07-01 00:00:00-04:00,47.36482278206979,48.17426647488955,46.94783399087734,48.06797790527344,4154200,0.0,0.0
2022-07-05 00:00:00-04:00,47.59550459998412,47.918778718729804,46.7085805835962,47.545772552490234,1768000,0.8,0.0
2022-07-06 00:00:00-04:00,47.595502609136126,47.78615265657837,46.965539125176356,47.520904541015625,1454300,0.0,0.0
2022-07-07 00:00:00-04:00,47.92706179355551,48.47413639814927,47.87732658877179,48.125999450683594,1132800,0.0,0.0
2022-07-08 00:00:00-04:00,48.399535968155575,48.598473628556214,47.91877496203153,48.34980392456055,1837100,0.0,0.0
2022-07-11 00:00:00-04:00,47.951923194062864,48.16743923201735,47.67838749912861,48.07625961303711,930000,0.0,0.0
2022-07-12 00:00:00-04:00,47.711549568810085,48.21717659553528,47.504324288969535,47.7198371887207,1357500,0.0,0.0
2022-07-13 00:00:00-04:00,47.42143587758233,47.529193916636686,46.774893967270394,47.355125427246094,1382100,0.0,0.0
2022-07-14 00:00:00-04:00,46.26096808708849,46.26096808708849,44.951302928776165,45.38233184814453,1824900,0.0,0.0
2022-07-15 00:00:00-04:00,45.87967209600255,46.28583500393937,45.5315351709195,46.09518814086914,1433000,0.0,0.0
2022-07-18 00:00:00-04:00,46.774891335621085,47.595501689154425,46.68371170478251,46.84120178222656,1361400,0.0,0.0
2022-07-19 00:00:00-04:00,47.413146487115704,48.31664886851973,47.31367923432091,48.184024810791016,1349900,0.0,0.0
2022-07-20 00:00:00-04:00,47.943641173042266,48.26691210571314,47.811017119587376,48.225467681884766,1272000,0.0,0.0
2022-07-21 00:00:00-04:00,48.07626393007267,48.48242686145454,47.70325780166213,48.457557678222656,741000,0.0,0.0
2022-07-22 00:00:00-04:00,48.39953771884757,48.797409892033706,47.9270643155636,48.184024810791016,705200,0.0,0.0
2022-07-25 00:00:00-04:00,48.623335778452514,49.12896592811733,48.53215615644652,48.872005462646484,1126700,0.0,0.0
2022-07-26 00:00:00-04:00,48.57359959092397,48.963184090858064,48.548733571611244,48.77253723144531,780300,0.0,0.0
2022-07-27 00:00:00-04:00,48.87200812740416,49.89984688332408,48.87200812740416,49.55999755859375,1357000,0.0,0.0
2022-07-28 00:00:00-04:00,49.70090538663954,50.05733308527341,49.12896480981163,49.90813064575195,1048300,0.0,0.0
2022-07-29 00:00:00-04:00,50.015896123126105,50.75361764963811,49.908138086959305,50.52152633666992,959100,0.0,0.0
2022-08-01 00:00:00-04:00,50.30600721991002,50.43034365119379,49.99102707480292,50.25627517700195,722100,0.0,0.0
2022-08-02 00:00:00-04:00,50.0822027658341,50.27285280072091,49.53512816826315,49.858402252197266,907000,0.0,0.0
2022-08-03 00:00:00-04:00,50.272852466680355,50.52152216174089,49.866689540542986,50.36402893066406,768900,0.0,0.0
2022-08-04 00:00:00-04:00,50.256276430164654,50.4883677348744,50.140230777809776,50.37232208251953,610100,0.0,0.0
2022-08-05 00:00:00-04:00,50.107076418183794,50.42205974851843,49.81695911113634,50.289432525634766,810300,0.0,0.0
2022-08-08 00:00:00-04:00,50.67901797938727,50.894534058357564,50.422060635547346,50.48008346557617,891600,0.0,0.0
2022-08-09 00:00:00-04:00,50.504947651673994,50.504947651673994,49.758935347008375,50.01589584350586,753400,0.0,0.0
2022-08-10 00:00:00-04:00,50.64585587764219,51.83118470202166,50.49665342688067,51.49962615966797,944100,0.0,0.0
2022-08-11 00:00:00-04:00,51.90579055609594,52.1047282288538,51.62396403085974,51.72343444824219,780900,0.0,0.0
2022-08-12 00:00:00-04:00,51.938943296296,52.237348201071214,51.740005639110265,52.19590377807617,936000,0.0,0.0
2022-08-15 00:00:00-04:00,51.565933845285,52.12958681534621,51.342130181113056,52.08814239501953,835500,0.0,0.0
2022-08-16 00:00:00-04:00,52.08814551723458,52.84244539561724,51.97209986856137,52.66837692260742,855500,0.0,0.0
2022-08-17 00:00:00-04:00,52.13788553868964,52.59378055574193,51.996970693705734,52.41971206665039,665900,0.0,0.0
2022-08-18 00:00:00-04:00,52.46944411381536,52.56891137015237,52.204195988911955,52.41971206665039,965900,0.0,0.0
2022-08-19 00:00:00-04:00,52.14616212152595,52.23734173803799,51.54106476704454,51.82289123535156,741100,0.0,0.0
2022-08-22 00:00:00-04:00,51.22608620932975,51.47475590140284,51.002282537861966,51.25924301147461,1017800,0.0,0.0
2022-08-23 00:00:00-04:00,50.886238771335485,50.89452955318118,48.8720088157567,48.979766845703125,1846500,0.0,0.0
2022-08-24 00:00:00-04:00,48.43268988020146,48.44926828107893,47.54576598629997,47.9602165222168,2471100,0.0,0.0
2022-08-25 00:00:00-04:00,48.0265242267117,48.82227161344782,47.85245577042831,48.54873275756836,1799300,0.0,0.0
2022-08-26 00:00:00-04:00,48.70623231611577,48.82228113828471,47.36341327966043,47.545772552490234,1590600,0.0,0.0
2022-08-29 00:00:00-04:00,47.28881181490278,47.46288030429337,47.0401420926295,47.355125427246094,1115200,0.0,0.0
2022-08-30 00:00:00-04:00,47.562346796486665,47.61207883963164,46.26925992060139,46.55108642578125,1308500,0.0,0.0
2022-08-31 00:00:00-04:00,46.45990808325375,46.51793090986672,45.8299446105957,45.8299446105957,1664400,0.0,0.0
2022-09-01 00:00:00-04:00,45.51496425432775,45.597853108593945,44.48712538658857,44.97617721557617,2126400,0.0,0.0
2022-09-02 00:00:00-04:00,45.45693655179369,45.97914513131947,44.90986195105465,45.05077362060547,1588500,0.0,0.0
2022-09-06 00:00:00-04:00,45.365756881629174,45.52324695250833,44.37936570968898,44.56172180175781,1737300,0.0,0.0
2022-09-07 00:00:00-04:00,44.10582761362713,44.87670590429549,43.97320356157702,44.785526275634766,1732300,0.0,0.0
2022-09-08 00:00:00-04:00,44.78552517593382,46.08689964284758,44.53685547969677,45.96256637573242,1678800,0.0,0.0
2022-09-09 00:00:00-04:00,46.5925323741891,46.7914700393013,46.44332991585668,46.683712005615234,1614900,0.0,0.0
2022-09-12 00:00:00-04:00,47.139602949445326,47.45458624129966,46.75830921625709,46.982112884521484,1377500,0.0,0.0
2022-09-13 00:00:00-04:00,46.136634989736564,46.26925903894071,45.117087018603414,45.349178314208984,1792800,0.0,0.0
2022-09-14 00:00:00-04:00,45.49010112052008,45.60614678866819,44.959604830695966,45.19169616699219,1347800,0.0,0.0
2022-09-15 00:00:00-04:00,45.02590909817018,45.43207204287835,44.61145853345064,44.6943473815918,1836800,0.0,0.0
2022-09-16 00:00:00-04:00,44.16385454805932,44.51199469333828,43.97320765312372,44.45397186279297,1477800,0.0,0.0
2022-09-19 00:00:00-04:00,44.05609012747552,44.8020991423395,43.8571524929746,44.7772331237793,1273500,0.0,0.0
2022-09-20 00:00:00-04:00,44.387648267169716,44.4373834658837,43.69966207599486,44.0975341796875,1356100,0.0,0.0
2022-09-21 00:00:00-04:00,44.13070458125254,44.19701503797034,43.276934131206445,43.28522491455078,1822500,0.0,0.0
2022-09-22 00:00:00-04:00,43.34323977624152,43.550465053624194,42.87076639676957,42.95365524291992,1271500,0.0,0.0
2022-09-23 00:00:00-04:00,42.34027673462425,42.365142759910064,41.668865593841616,42.22422790527344,2142900,0.0,0.0
2022-09-26 00:00:00-04:00,41.74346391327064,41.768329936817985,40.2597300428092,40.63273620605469,3078400,0.0,0.0
2022-09-27 00:00:00-04:00,40.79851703968829,41.113497211043644,40.12710594641745,40.317752838134766,2188900,0.0,0.0
2022-09-28 00:00:00-04:00,40.218276365728315,41.030598955507706,40.03591713630625,40.79850769042969,3958800,0.0,0.0
2022-09-29 00:00:00-04:00,40.40063923080283,40.43379287022152,39.50542456435928,39.994476318359375,2255400,0.0,0.0
2022-09-30 00:00:00-04:00,40.12709355212449,40.34260640080127,39.39765985459233,39.430816650390625,4562200,0.0,0.0
2022-10-03 00:00:00-04:00,39.99081151370192,40.70658594124682,39.872916345068106,40.48764419555664,3059100,0.745,0.0
2022-10-04 00:00:00-04:00,40.92552639117909,42.003402555499946,40.82447660500722,41.81814193725586,2281500,0.0,0.0
2022-10-05 00:00:00-04:00,41.05184299660898,41.270784745838995,40.521325972281545,41.169734954833984,1926800,0.0,0.0
2022-10-06 00:00:00-04:00,40.799221707425765,40.87500986266444,39.85608271847863,40.024497985839844,2235800,0.0,0.0
2022-10-07 00:00:00-04:00,39.94028913580866,40.150811425914206,39.451875880852505,39.729766845703125,1804100,0.0,0.0
2022-10-10 00:00:00-04:00,40.01608158877587,40.041343238362224,39.493987152659315,39.510826110839844,1056100,0.0,0.0
2022-10-11 00:00:00-04:00,39.35082770709785,39.69608414864495,38.76978731883039,39.089778900146484,1675200,0.0,0.0
2022-10-12 00:00:00-04:00,39.081354509294115,39.54450286598611,38.84557059221054,38.98030471801758,1506400,0.0,0.0
2022-10-13 00:00:00-04:00,38.36557867370738,40.613954918695335,38.11294938622641,40.33606719970703,2484500,0.0,0.0
2022-10-14 00:00:00-04:00,40.630798825089464,40.75711347423852,39.653975603590276,39.70450210571289,1666800,0.0,0.0
2022-10-17 00:00:00-04:00,40.58870343796004,40.832910097104474,40.40344277070349,40.571861267089844,1828100,0.0,0.0
2022-10-18 00:00:00-04:00,41.262365701694755,41.346573326364066,40.43711877313866,40.77395248413086,2870700,0.0,0.0
2022-10-19 00:00:00-04:00,40.235020072684634,40.29396605841694,39.35082707438468,39.68766403198242,4822100,0.0,0.0
2022-10-20 00:00:00-04:00,39.68766483324823,40.13397108060784,39.03083307390319,39.098201751708984,2775300,0.0,0.0
2022-10-21 00:00:00-04:00,39.07293552203105,40.14238585211463,38.904517059580535,40.04133605957031,4047300,0.0,0.0
2022-10-24 00:00:00-04:00,40.12555079193337,40.12555079193337,39.4266152292284,39.68766403198242,2337500,0.0,0.0
2022-10-25 00:00:00-04:00,39.58661048403568,40.47922616102441,39.48556068304374,40.4371223449707,3678100,0.0,0.0
2022-10-26 00:00:00-04:00,40.428700899597914,40.91711417534702,40.29396675668701,40.555015563964844,6107900,0.0,0.0
2022-10-27 00:00:00-04:00,40.86658959814859,41.1023767686205,40.698174320788596,40.824485778808594,3210400,0.0,0.0
2022-10-28 00:00:00-04:00,40.80764456320829,41.20342754135682,40.748698572290294,40.95922088623047,2601800,0.0,0.0
2022-10-31 00:00:00-04:00,40.832903680432,41.05184544270778,40.63080087406462,40.68974685668945,3502700,0.0,0.0
2022-11-01 00:00:00-04:00,41.270793349327214,41.35500420298213,40.403442436733044,40.765541076660156,2007100,0.0,0.0
2022-11-02 00:00:00-04:00,40.79922097932291,41.3128958876274,40.20133843884059,40.260284423828125,1931400,0.0,0.0
2022-11-03 00:00:00-04:00,39.8139743153819,40.00765443601584,39.47714057996795,39.721343994140625,1762500,0.0,0.0
2022-11-04 00:00:00-04:00,40.5634303339969,41.27920799513141,40.53816868898197,41.136051177978516,1665900,0.0,0.0
2022-11-07 00:00:00-05:00,41.30447403773725,41.43078870089029,40.92553326059345,41.312896728515625,1171800,0.0,0.0
2022-11-08 00:00:00-05:00,41.36341994963024,42.03709065650071,41.2371084990194,41.66657257080078,1423400,0.0,0.0
2022-11-09 00:00:00-05:00,41.43078602346696,41.63288561667295,41.00131876635277,41.068687438964844,1604100,0.0,0.0
2022-11-10 00:00:00-05:00,42.23918717092933,43.88126148232915,42.104453049663,43.62863540649414,4941600,0.0,0.0
2022-11-11 00:00:00-05:00,43.92336512973333,43.97389162963855,43.182325859364184,43.62021255493164,1479700,0.0,0.0
2022-11-14 00:00:00-05:00,43.50232683986787,43.6623226273753,43.18233205253773,43.31706619262695,1300700,0.0,0.0
2022-11-15 00:00:00-05:00,43.88126299662937,44.091785269142605,43.30021946861127,44.0833625793457,3086800,0.0,0.0
2022-11-16 00:00:00-05:00,44.083364044470734,44.10020621230934,43.24969761650751,43.4686393737793,1347000,0.0,0.0
2022-11-17 00:00:00-05:00,43.0475952514698,43.561270132655785,42.97180710158474,43.46022033691406,1143600,0.0,0.0
2022-11-18 00:00:00-05:00,43.56126714631241,43.763369936255785,43.24127240069993,43.409690856933594,985400,0.0,0.0
2022-11-21 00:00:00-05:00,43.28337692982183,43.96546698040669,43.081274151524475,43.91494369506836,1701600,0.0,0.0
2022-11-22 00:00:00-05:00,44.243359322389416,44.63913899030265,43.9065224184956,44.394935607910156,1286500,0.0,0.0
2022-11-23 00:00:00-05:00,44.36125531826345,44.731773376464844,44.15073303722094,44.731773376464844,1277300,0.0,0.0
2022-11-25 00:00:00-05:00,44.849661390509766,45.05176417593246,44.740192126874156,44.93387222290039,477200,0.0,0.0
2022-11-28 00:00:00-05:00,44.63914364342409,44.89177295383557,44.29388722648554,44.5212516784668,2187100,0.0,0.0
2022-11-29 00:00:00-05:00,44.209680601267685,44.25178441652014,42.946546869802894,43.19917297363281,2081400,0.0,0.0
2022-11-30 00:00:00-05:00,43.47706358113508,44.04126176800028,42.50024029861167,43.957054138183594,2306300,0.0,0.0
2022-12-01 00:00:00-05:00,44.09178755029535,44.159153010581065,43.38443254956224,43.98231506347656,1378700,0.0,0.0
2022-12-02 00:00:00-05:00,43.60338081856918,43.64548785138661,43.047602035924356,43.123390197753906,1183900,0.0,0.0
2022-12-05 00:00:00-05:00,43.12338570374809,43.232858195496924,41.93604010036544,42.07919692993164,1223000,0.0,0.0
2022-12-06 00:00:00-05:00,42.08761103877057,42.289713827575646,41.69182815069783,42.15497970581055,1299200,0.0,0.0
2022-12-07 00:00:00-05:00,42.03708494547343,42.34866021507757,41.78445886625741,41.93603515625,1055200,0.0,0.0
2022-12-08 00:00:00-05:00,42.2307732038891,42.39918846821023,41.85183243453606,42.25603485107422,1635400,0.0,0.0
2022-12-09 00:00:00-05:00,42.10446385566702,42.55077014459608,42.05393734260659,42.35708999633789,915700,0.0,0.0
2022-12-12 00:00:00-05:00,42.33182868600624,42.33182868600624,41.573947045590096,42.16341018676758,1372100,0.0,0.0
2022-12-13 00:00:00-05:00,42.94654860849917,43.03917893319383,41.80972948908267,42.02867126464844,1915200,0.0,0.0
2022-12-14 00:00:00-05:00,41.97814198034168,42.20550643164943,41.28762914851005,41.42236328125,1693700,0.0,0.0
2022-12-15 00:00:00-05:00,41.051847909067035,41.09395172599788,40.07502457962082,40.3865966796875,1837200,0.0,0.0
2022-12-16 00:00:00-05:00,40.01608047170091,40.48765159548054,39.948711791597184,40.117130279541016,1387500,0.0,0.0
2022-12-19 00:00:00-05:00,40.2771216531691,40.48764392011065,39.46029422949511,39.76344680786133,6041300,0.0,0.0
2022-12-20 00:00:00-05:00,40.02450173117642,40.81606769603317,39.79713724418452,40.411865234375,2158600,0.0,0.0
2022-12-21 00:00:00-05:00,40.748698905929174,41.093955375125304,40.64764909385888,40.765541076660156,1058700,0.0,0.0
2022-12-22 00:00:00-05:00,40.46238367931303,40.64764432329534,39.98239311291818,40.630802154541016,1273100,0.0,0.0
2022-12-23 00:00:00-05:00,40.68974963075346,41.12763639747352,40.65606529200991,41.11921691894531,851500,0.0,0.0
2022-12-27 00:00:00-05:00,41.13605768064143,41.304476169432334,40.925535372731666,41.203426361083984,686900,0.0,0.0
2022-12-28 00:00:00-05:00,41.42237117135496,41.582370192926795,40.462389891186845,40.504493713378906,1664800,0.0,0.0
2022-12-29 00:00:00-05:00,40.68132688274917,41.456047337695935,40.63921985654612,41.439205169677734,1849800,0.0,0.0
2022-12-30 00:00:00-05:00,41.32974384579089,41.456055311750724,40.87501485877777,41.24553298950195,5015000,0.0,0.0
2023-01-03 00:00:00-05:00,41.30455410739099,41.45851625697731,40.73147204773575,40.77423858642578,3153000,0.759,0.0
2023-01-04 00:00:00-05:00,41.38153033910561,42.33951439773145,41.37297507464222,42.11712646484375,1790000,0.0,0.0
2023-01-05 00:00:00-05:00,41.98881627550474,42.02303080163448,41.535485224354495,41.877620697021484,1149500,0.0,0.0
2023-01-06 00:00:00-05:00,42.151335071545084,43.04944853658401,42.02303547859464,42.75007629394531,1946400,0.0,0.0
2023-01-09 00:00:00-05:00,43.040892411555475,43.32315738357816,42.86127102729218,42.98957061767578,1134700,0.0,0.0
2023-01-10 00:00:00-05:00,43.006680125418576,43.211964048767335,42.86127326282437,43.0494499206543,938400,0.0,0.0
2023-01-11 00:00:00-05:00,43.26328264910126,43.52843708786086,42.97246568252068,43.143531799316406,1472600,0.0,0.0
2023-01-12 00:00:00-05:00,43.51988419830007,44.041644327350625,43.27183376598473,43.870574951171875,1132500,0.0,0.0
2023-01-13 00:00:00-05:00,43.408694281972075,44.229823479387775,43.25473214959696,44.178504943847656,1138000,0.0,0.0
2023-01-17 00:00:00-05:00,44.443660771910906,44.61473017566039,44.19561029961803,44.486427307128906,1266400,0.0,0.0
2023-01-18 00:00:00-05:00,44.60617594283096,44.94831147034085,43.84491729736328,43.84491729736328,1220700,0.0,0.0
2023-01-19 00:00:00-05:00,43.67385438315018,43.87058306011169,43.38303736875543,43.793601989746094,1141000,0.0,0.0
2023-01-20 00:00:00-05:00,43.887692824974344,44.212721129125256,43.48568018319884,44.195613861083984,1082300,0.0,0.0
2023-01-23 00:00:00-05:00,44.18705345571811,44.63183255157698,43.92189574581846,44.5120849609375,1051100,0.0,0.0
2023-01-24 00:00:00-05:00,44.477874683008956,44.6147295515185,44.09296934567666,44.39234161376953,735900,0.0,0.0
2023-01-25 00:00:00-05:00,44.25548170766396,44.99962976654849,44.22981917951134,44.79434585571289,1447400,0.0,0.0
2023-01-26 00:00:00-05:00,45.05950818436871,45.68390871886817,45.00818638567437,45.66680145263672,1053500,0.0,0.0
2023-01-27 00:00:00-05:00,45.62402886289142,45.86352403258904,45.30755263680857,45.59836959838867,1176400,0.0,0.0
2023-01-30 00:00:00-05:00,45.29900422511935,45.60692849723555,45.29900422511935,45.38454055786133,1140800,0.0,0.0
2023-01-31 00:00:00-05:00,45.46151866737905,46.30830709771447,45.26478674631401,46.29975509643555,1419900,0.0,0.0
2023-02-01 00:00:00-05:00,46.299752631042736,46.80440551443585,45.88918807109399,46.56490707397461,1537200,0.0,0.0
2023-02-02 00:00:00-05:00,46.70175981453931,47.257734466353064,46.37673159191542,47.155094146728516,1202400,0.0,0.0
2023-02-03 00:00:00-05:00,46.830066130708914,47.15509764029022,46.48792735610995,46.82151412963867,1418300,0.0,0.0
2023-02-06 00:00:00-05:00,46.52214523247948,46.573467031224055,46.137239899088726,46.325416564941406,1069100,0.0,0.0
2023-02-07 00:00:00-05:00,46.12868909263086,47.1978687892654,45.95761968859384,47.078121185302734,2573200,0.0,0.0
2023-02-08 00:00:00-05:00,46.958369298341296,47.29195281120525,46.47937566330138,46.58201599121094,1231100,0.0,0.0
2023-02-09 00:00:00-05:00,46.93269949810374,47.12087612251544,46.29974710069896,46.46226119995117,1268600,0.0,0.0
2023-02-10 00:00:00-05:00,46.616225668414636,47.206411571048804,46.52213735142726,47.14653778076172,1048300,0.0,0.0
2023-02-13 00:00:00-05:00,47.095224520116396,47.66830322348622,47.061009989589984,47.53144836425781,685400,0.0,0.0
2023-02-14 00:00:00-05:00,47.54855661435496,47.822266338480894,47.086670231313455,47.42025375366211,897200,0.0,0.0
2023-02-15 00:00:00-05:00,46.92415520660766,47.2577387225891,46.830066878945765,47.03535079956055,864900,0.0,0.0
2023-02-16 00:00:00-05:00,46.693213866779594,47.03535266038091,46.351075073178286,46.684661865234375,815200,0.0,0.0
2023-02-17 00:00:00-05:00,46.58201737216298,46.58201737216298,46.137238254199566,46.30830764770508,1346600,0.0,0.0
2023-02-21 00:00:00-05:00,45.983276899572495,46.043153961752,45.20491424576714,45.367431640625,1101300,0.0,0.0
2023-02-22 00:00:00-05:00,45.32466053513142,45.41874559391732,44.85421892681686,45.15359115600586,1157300,0.0,0.0
2023-02-23 00:00:00-05:00,45.28189611114212,45.37598444395874,44.82856497616462,45.05095291137695,1308800,0.0,0.0
2023-02-24 00:00:00-05:00,44.47786751724816,44.871324792964124,44.1442840329291,44.854217529296875,1295600,0.0,0.0
2023-02-27 00:00:00-05:00,45.11938473132335,45.42730901647906,44.94831532147267,45.07661819458008,1153100,0.0,0.0
2023-02-28 00:00:00-05:00,44.16139308692297,44.2212668807472,42.2197626308139,42.32240295410156,3817000,0.0,0.0
2023-03-01 00:00:00-05:00,42.2539800198534,43.066553923295864,41.95460776758968,43.0494499206543,2472400,0.0,0.0
2023-03-02 00:00:00-05:00,43.006681412683015,43.28039114342246,42.61322408260473,43.2718391418457,1351200,0.0,0.0
2023-03-03 00:00:00-05:00,43.417244001647056,44.22982115472383,43.417244001647056,44.0330924987793,982600,0.0,0.0
2023-03-06 00:00:00-05:00,44.0502020792426,44.57196227641634,43.98177301468593,44.178504943847656,1118800,0.0,0.0
2023-03-07 00:00:00-05:00,43.94756562480634,44.00743943014016,42.68165718465495,42.94681167602539,1179000,0.0,0.0
2023-03-08 00:00:00-05:00,42.895489024383096,43.03234388958241,42.41649536474685,42.613224029541016,1031300,0.0,0.0
2023-03-09 00:00:00-05:00,42.53624705996719,42.56190633001374,41.501281838305566,41.629581451416016,1537600,0.0,0.0
2023-03-10 00:00:00-05:00,41.56115316432714,41.62957896799522,40.432099669345156,40.65448760986328,3161400,0.0,0.0
2023-03-13 00:00:00-04:00,40.36366065899245,41.2190042028286,39.65372721430432,40.95384979248047,4258500,0.0,0.0
2023-03-14 00:00:00-04:00,41.96316024972808,42.108567102682144,40.94529922754139,41.295989990234375,2783700,0.0,0.0
2023-03-15 00:00:00-04:00,40.23537252854635,40.611722620236954,39.65373849228421,40.543296813964844,2633800,0.0,0.0
2023-03-16 00:00:00-04:00,40.2439211594965,41.39008186871885,39.978766695947506,41.00517654418945,1996000,0.0,0.0
2023-03-17 00:00:00-04:00,40.799894235891394,41.07360395277864,40.56039578645715,40.988067626953125,2328900,0.0,0.0
2023-03-20 00:00:00-04:00,41.32165022424132,41.47561233227889,40.91108569043339,41.18479537963867,1743300,0.0,0.0
2023-03-21 00:00:00-04:00,41.757873865900486,41.86906944637411,41.347309333625006,41.55259323120117,2116100,0.0,0.0
2023-03-22 00:00:00-04:00,41.91183583886132,41.980264892126065,41.43284225463867,41.43284225463867,2108200,0.0,0.0
2023-03-23 00:00:00-04:00,41.73221926043818,42.00592897917335,41.16769255768724,41.27888488769531,2088000,0.0,0.0
2023-03-24 00:00:00-04:00,40.74857524937978,41.107821316857,40.192603776135705,41.099266052246094,2428000,0.0,0.0
2023-03-27 00:00:00-04:00,41.61246876174961,41.843408669724774,41.33875906211972,41.655235290527344,1386300,0.0,0.0
2023-03-28 00:00:00-04:00,41.484168889248515,42.04869559310258,41.484168889248515,41.9375,1360600,0.0,0.0
2023-03-29 00:00:00-04:00,42.21976630528503,42.809952294150506,42.18555177358569,42.77573776245117,2986200,0.0,0.0
2023-03-30 00:00:00-04:00,43.02378119455113,43.31459814073266,42.73296424836959,42.86126708984375,1339100,0.0,0.0
2023-03-31 00:00:00-04:00,43.06655231058521,43.143533371098634,42.724416801652225,43.07510757446289,1273800,0.0,0.0
2023-04-03 00:00:00-04:00,43.094218396561764,43.68478837422743,43.0421114245957,43.606624603271484,1304200,0.762,0.0
2023-04-04 00:00:00-04:00,43.80637400869765,44.023495218062145,43.16369708426253,43.33739471435547,1464800,0.0,0.0
2023-04-05 00:00:00-04:00,43.155004495881236,43.55450998451946,43.03341716529815,43.537139892578125,1241300,0.0,0.0
2023-04-06 00:00:00-04:00,43.59793480916739,43.63267499404714,43.10289877015327,43.45029067993164,1043200,0.0,0.0
2023-04-10 00:00:00-04:00,43.215801428596784,43.597936854185846,43.14632436858474,43.4676628112793,1261500,0.0,0.0
2023-04-11 00:00:00-04:00,43.641362054564446,43.97138721266869,43.57188167896075,43.88453674316406,1153100,0.0,0.0
2023-04-12 00:00:00-04:00,44.1190247346443,44.362202718024655,43.84110987907224,43.95401382446289,870400,0.0,0.0
2023-04-13 00:00:00-04:00,44.145079322315574,44.614058547010394,43.97138171801819,44.58800506591797,1225300,0.0,0.0
2023-04-14 00:00:00-04:00,44.87461069889083,44.987514657258245,44.25798724928079,44.483795166015625,1077800,0.0,0.0
2023-04-17 00:00:00-04:00,44.48378960016321,44.596690231397616,44.110340895602974,44.57063674926758,1613700,0.0,0.0
2023-04-18 00:00:00-04:00,44.70091363505903,44.86592455407727,44.49247582571431,44.7617073059082,993100,0.0,0.0
2023-04-19 00:00:00-04:00,44.527217864990234,44.71828558875361,44.34483684485614,44.527217864990234,1043100,0.0,0.0
2023-04-20 00:00:00-04:00,44.29272664643776,44.50984785548892,44.22324626929815,44.310096740722656,911400,0.0,0.0
2023-04-21 00:00:00-04:00,44.1016585527991,44.2666727906197,43.6326792630631,43.73689651489258,1816400,0.0,0.0
2023-04-24 00:00:00-04:00,43.632680610245366,43.736897865292605,43.24186176255971,43.432926177978516,1569600,0.0,0.0
2023-04-25 00:00:00-04:00,42.92920351558219,43.05947755953014,42.27783992185558,42.31258010864258,1331600,0.0,0.0
2023-04-26 00:00:00-04:00,42.26915260362993,42.7207650862701,42.182305450932645,42.390743255615234,1087800,0.0,0.0
2023-04-27 00:00:00-04:00,42.59049503726723,43.224488538498576,42.59049503726723,43.06816101074219,1050600,0.0,0.0
2023-04-28 00:00:00-04:00,42.72944978164008,43.389496724943086,42.67733950466628,43.346073150634766,917000,0.0,0.0
2023-05-01 00:00:00-04:00,43.328708632613186,43.67610389778538,43.25054486359978,43.25923156738281,970800,0.0,0.0
2023-05-02 00:00:00-04:00,43.04210817341264,43.04210817341264,41.81754472960463,42.017295837402344,1824100,0.0,0.0
2023-05-03 00:00:00-04:00,42.052030343572035,42.71208061417367,41.956499803227715,42.18230438232422,1362800,0.0,0.0
2023-05-04 00:00:00-04:00,42.08677431782261,42.26047194746045,41.556998038280206,42.112831115722656,1854200,0.0,0.0
2023-05-05 00:00:00-04:00,42.68602649061539,43.48503086481139,42.60786273113914,43.45029067993164,1963600,0.0,0.0
2023-05-08 00:00:00-04:00,43.78899940179049,44.11034114389949,43.57187821480104,43.702152252197266,1038800,0.0,0.0
2023-05-09 00:00:00-04:00,42.98130981204906,42.98130981204906,42.39073994343325,42.74681854248047,1493900,0.0,0.0
2023-05-10 00:00:00-04:00,43.01604522359828,43.12026577076467,42.53837931127385,42.93788146972656,905700,0.0,0.0
2023-05-11 00:00:00-04:00,42.55575871228067,42.92052076814264,42.34732088535465,42.851043701171875,696900,0.0,0.0
2023-05-12 00:00:00-04:00,43.007368638948115,43.12027259307182,42.329951540219255,42.62523651123047,714500,0.0,0.0
2023-05-15 00:00:00-04:00,42.7207656954087,43.293965525200704,42.694712211829334,43.285282135009766,877200,0.0,0.0
2023-05-16 00:00:00-04:00,43.11158358555013,43.45897881982308,42.573123954132896,42.642601013183594,973200,0.0,0.0
2023-05-17 00:00:00-04:00,42.95526051585808,43.250545501708984,42.59049846375175,43.250545501708984,1293500,0.0,0.0
2023-05-18 00:00:00-04:00,43.07684174932056,43.1984323957627,42.80761360042886,43.12895202636719,891900,0.0,0.0
2023-05-19 00:00:00-04:00,43.267911662068556,43.31133523865543,42.573124497658874,42.781558990478516,829900,0.0,0.0
2023-05-22 00:00:00-04:00,42.92919747495867,43.12026516239519,42.599172372933616,43.01604461669922,474300,0.0,0.0
2023-05-23 00:00:00-04:00,42.816294190628305,43.16368938887928,42.59048963086948,42.720760345458984,1691200,0.0,0.0
2023-05-24 00:00:00-04:00,42.19968131183601,42.43417263177625,41.55700102981384,41.93913650512695,2061900,0.0,0.0
2023-05-25 00:00:00-04:00,41.800170753354664,42.651285386527306,41.77411395875323,42.52101135253906,1558300,0.0,0.0
2023-05-26 00:00:00-04:00,42.62523447299483,42.92920281993899,42.538384007434715,42.60786437988281,1086900,0.0,0.0
2023-05-30 00:00:00-04:00,42.85104003664358,43.02473765872655,42.33863387365245,42.41679763793945,899600,0.0,0.0
2023-05-31 00:00:00-04:00,42.14756923832622,42.41680073788136,41.921764632220516,41.956504821777344,1080400,0.0,0.0
2023-06-01 00:00:00-04:00,42.19100012953351,42.703403065518074,41.817551338929036,42.34732437133789,1281000,0.0,0.0
2023-06-02 00:00:00-04:00,42.69470991710381,43.21579943872336,42.52969900829244,43.163692474365234,1482000,0.0,0.0
2023-06-05 00:00:00-04:00,43.25054578015254,43.259232484119664,42.56444193905147,42.59918212890625,887900,0.0,0.0
2023-06-06 00:00:00-04:00,42.59917667076158,43.09421271724026,42.5383830028085,43.08552932739258,845600,0.0,0.0
2023-06-07 00:00:00-04:00,43.068164839895275,43.311339543356084,42.90315390726213,43.13764190673828,805100,0.0,0.0
2023-06-08 00:00:00-04:00,43.16369221106495,43.24185597013171,42.79892689775124,43.12895202636719,612100,0.0,0.0
2023-06-09 00:00:00-04:00,43.05079179592317,43.38081695158936,42.95525793667717,43.02473831176758,722700,0.0,0.0
2023-06-12 00:00:00-04:00,42.92051870996508,43.19843690354166,42.703397502456944,42.76419448852539,759900,0.0,0.0
2023-06-13 00:00:00-04:00,42.85972603442728,43.39818902694456,42.85972603442728,43.32870864868164,1224200,0.0,0.0
2023-06-14 00:00:00-04:00,43.52845332875778,43.70215093571817,43.102897670361415,43.1723747253418,961600,0.0,0.0
2023-06-15 00:00:00-04:00,43.18106502052554,43.858482099725535,43.18106502052554,43.8237419128418,959600,0.0,0.0
2023-06-16 00:00:00-04:00,43.96269645879626,44.040860217645616,43.52845409030122,43.563194274902344,1147800,0.0,0.0
2023-06-20 00:00:00-04:00,43.580562209001,43.62398578109881,42.851034933536816,42.859718322753906,2520000,0.0,0.0
2023-06-21 00:00:00-04:00,42.877092918973396,42.95525668216401,42.329949889645626,42.56443786621094,2003700,0.0,0.0
2023-06-22 00:00:00-04:00,42.494960330810294,42.54707061002332,42.1041415192289,42.20835876464844,1245400,0.0,0.0
2023-06-23 00:00:00-04:00,41.913076858191985,41.913076858191985,41.56568491051393,41.6785888671875,1173600,0.0,0.0
2023-06-26 00:00:00-04:00,41.722018087371595,42.37338180446542,41.60043072359523,42.269161224365234,1438600,0.0,0.0
2023-06-27 00:00:00-04:00,42.547072485144405,42.60786615706896,42.19967723442698,42.59049606323242,1864900,0.0,0.0
2023-06-28 00:00:00-04:00,42.41679915568247,42.5036463133282,42.217048042691935,42.364688873291016,770700,0.0,0.0
2023-06-29 00:00:00-04:00,42.5991743657603,42.97262305612588,42.4428468529093,42.96393966674805,1948100,0.0,0.0
2023-06-30 00:00:00-04:00,43.198428197011886,43.6066137320139,43.17237140451803,43.4589729309082,1333700,0.0,0.0
2023-07-03 00:00:00-04:00,42.79024440077436,43.46766145148112,42.74682082549944,43.155006408691406,1230400,0.0,0.0
2023-07-05 00:00:00-04:00,43.322724611078065,43.37568422011071,42.96081599085754,43.066741943359375,1793200,0.8,0.0
2023-07-06 00:00:00-04:00,42.63421450254316,42.643043347848945,41.78682718295398,41.804481506347656,2250800,0.0,0.0
2023-07-07 00:00:00-04:00,41.83979376398237,42.79310373898805,41.76035098546372,42.50181579589844,1779000,0.0,0.0
2023-07-10 00:00:00-04:00,42.440024635219544,42.7136582359379,42.14873334349204,42.22817611694336,900100,0.0,0.0
2023-07-11 00:00:00-04:00,42.237002407107234,42.59890763373801,42.042811576107475,42.54594802856445,797400,0.0,0.0
2023-07-12 00:00:00-04:00,42.96964515566488,43.33155041134956,42.9166821790214,43.296241760253906,1277500,0.0,0.0
2023-07-13 00:00:00-04:00,43.49043424285007,44.125976468399756,43.428645789501424,44.10832214355469,1461200,0.0,0.0
2023-07-14 00:00:00-04:00,44.25837744638671,44.38195434915396,43.51691266256518,43.59635543823242,1007700,0.0,0.0
2023-07-17 00:00:00-04:00,43.52574202926846,43.887647263369004,43.508087704773544,43.86116409301758,621300,0.0,0.0
2023-07-18 00:00:00-04:00,43.799373536286744,44.43491571869285,43.658142314331826,44.426090240478516,1144500,0.0,0.0
2023-07-19 00:00:00-04:00,44.48788514275402,44.98219280768829,44.48788514275402,44.94688415527344,1547500,0.0,0.0
2023-07-20 00:00:00-04:00,44.9645329606026,45.04397573517259,44.80564741146261,45.02632141113281,2255100,0.0,0.0
2023-07-21 00:00:00-04:00,45.02632501887221,45.04397934432654,44.8233053269748,44.902748107910156,1292200,0.0,0.0
2023-07-24 00:00:00-04:00,44.9380533207868,45.33526719507433,44.73503364442163,44.97336196899414,1589400,0.0,0.0
2023-07-25 00:00:00-04:00,45.017498943885435,45.017498943885435,43.702280336301776,43.79937744140625,2494100,0.0,0.0
2023-07-26 00:00:00-04:00,43.64048667355105,44.16127742014495,43.53456410208624,43.93177795410156,1538500,0.0,0.0
2023-07-27 00:00:00-04:00,44.12597578311164,44.4437435237333,43.808204675271874,43.8964729309082,2194300,0.0,0.0
2023-07-28 00:00:00-04:00,44.26721124932483,44.41726797171231,43.98474876359204,44.055362701416016,794300,0.0,0.0
2023-07-31 00:00:00-04:00,44.178931100742126,44.68206751690488,44.134796977208474,44.45256805419922,1069900,0.0,0.0
2023-08-01 00:00:00-04:00,44.09067035045386,44.11715015563288,43.34920550047607,43.5257453918457,1887800,0.0,0.0
2023-08-02 00:00:00-04:00,43.110877304268314,43.1550114354618,42.59891195421242,42.810760498046875,1920100,0.0,0.0
2023-08-03 00:00:00-04:00,42.53712079584414,42.59890924903491,42.184044401499435,42.4488525390625,905600,0.0,0.0
2023-08-04 00:00:00-04:00,42.51946820424459,42.89902778487011,42.37823696730613,42.457679748535156,1243900,0.0,0.0
2023-08-07 00:00:00-04:00,42.598904171024756,42.95198389049869,42.563598892851566,42.77544403076172,484000,0.0,0.0
2023-08-08 00:00:00-04:00,42.08694619081088,42.16638896671036,41.672077986978245,41.98984909057617,1300000,0.0,0.0
2023-08-09 00:00:00-04:00,41.91923506596263,42.078117250185386,41.707386541635515,41.97219467163086,952600,0.0,0.0
2023-08-10 00:00:00-04:00,42.122255243239096,42.58125757870047,42.09577207287337,42.14873504638672,1084000,0.0,0.0
2023-08-11 00:00:00-04:00,41.98102443745486,42.4400267775415,41.95454126682227,42.39588928222656,876700,0.0,0.0
2023-08-14 00:00:00-04:00,42.25465734180336,42.25465734180336,41.92806075871444,42.09577178955078,1007000,0.0,0.0
2023-08-15 00:00:00-04:00,41.85744206257942,41.919233879473495,41.248383044107236,41.33665466308594,1611500,0.0,0.0
2023-08-16 00:00:00-04:00,41.23956652904105,41.460240573623295,41.12481508303704,41.18660354614258,962400,0.0,0.0
2023-08-17 00:00:00-04:00,41.37196625423795,41.55733499875993,40.90413838755239,40.9129638671875,861900,0.0,0.0
2023-08-18 00:00:00-04:00,40.71876705724555,40.80703530956587,40.55988150929459,40.656978607177734,1110700,0.0,0.0
2023-08-21 00:00:00-04:00,40.736424525361016,40.79821298019793,40.348036103851015,40.445133209228516,1178600,0.0,0.0
2023-08-22 00:00:00-04:00,40.55105104235572,40.57753421076732,39.99495501398007,40.109703063964844,1234200,0.0,0.0
2023-08-23 00:00:00-04:00,40.136189917334356,40.860000398972,40.030263968398486,40.73642349243164,1019800,0.0,0.0
2023-08-24 00:00:00-04:00,40.59518413085509,40.842337894437,40.50691252442049,40.55987548828125,1802200,0.0,0.0
2023-08-25 00:00:00-04:00,40.66580517321349,40.83351620399507,39.94199470972954,40.295074462890625,1163900,0.0,0.0
2023-08-28 00:00:00-04:00,40.54222523560137,40.859996316220816,40.39216517321205,40.771724700927734,1034000,0.0,0.0
2023-08-29 00:00:00-04:00,40.62166567088806,42.04280660685244,40.62166567088806,41.99867248535156,1932600,0.0,0.0
2023-08-30 00:00:00-04:00,42.09577195355725,42.369408931773464,41.89275227315867,42.04281234741211,1097700,0.0,0.0
2023-08-31 00:00:00-04:00,42.02515543243505,42.2987890265658,41.716209824354095,41.87509536743164,1167100,0.0,0.0
2023-09-01 00:00:00-04:00,42.148733871532656,42.554773222162744,42.0957708994956,42.492984771728516,1657300,0.0,0.0
2023-09-05 00:00:00-04:00,42.48416351555166,42.60774042870161,41.725044343666696,41.742698669433594,1905400,0.0,0.0
2023-09-06 00:00:00-04:00,41.57498024305267,41.83096289112306,41.327826440622246,41.619117736816406,1976000,0.0,0.0
2023-09-07 00:00:00-04:00,41.53084488558102,41.79565300422473,41.07184257523022,41.142459869384766,1213800,0.0,0.0
2023-09-08 00:00:00-04:00,41.15128705296146,41.30134712564979,40.939441896154236,41.063018798828125,1016700,0.0,0.0
2023-09-11 00:00:00-04:00,41.389614513147535,41.7250399328234,41.045363615130356,41.548500061035156,1932800,0.0,0.0
2023-09-12 00:00:00-04:00,41.54850445321604,41.91923855988424,41.46023619159988,41.742698669433594,1138600,0.0,0.0
2023-09-13 00:00:00-04:00,41.910407091402924,42.32527530292432,41.866272963355954,42.21935272216797,835100,0.0,0.0
2023-09-14 00:00:00-04:00,42.66070128142083,42.81075799213886,42.43119842509915,42.57242965698242,1566000,0.0,0.0
2023-09-15 00:00:00-04:00,42.55476995210212,42.80192710206461,42.37823009276256,42.757789611816406,1412400,0.0,0.0
2023-09-18 00:00:00-04:00,42.89902092241227,42.97846369093302,42.48415612433082,42.77544403076172,784000,0.0,0.0
2023-09-19 00:00:00-04:00,42.97846728023825,43.013775928577964,42.52829379917005,42.563602447509766,888000,0.0,0.0
2023-09-20 00:00:00-04:00,42.71365467060037,42.79309743742055,42.25465239199685,42.28113555908203,2202200,0.0,0.0
2023-09-21 00:00:00-04:00,41.97219739768053,42.34293149752725,41.504369558729906,41.5131950378418,1553300,0.0,0.0
2023-09-22 00:00:00-04:00,41.65443027447577,41.936892774238686,41.42493075612538,41.46023941040039,776700,0.0,0.0
2023-09-25 00:00:00-04:00,41.38079355780353,41.48671614556682,40.91296234134717,41.027713775634766,2405200,0.0,0.0
2023-09-26 00:00:00-04:00,40.7364209708934,41.16894011701219,40.471609482163416,40.49809265136719,1353700,0.0,0.0
2023-09-27 00:00:00-04:00,40.648150370816175,40.68345901916068,40.12735959299796,40.20680236816406,1326200,0.0,0.0
2023-09-28 00:00:00-04:00,40.277413082125506,40.824683573150075,40.277413082125506,40.55987548828125,1531000,0.0,0.0
2023-09-29 00:00:00-04:00,41.436386397220275,41.52619423282709,40.78978368412579,40.94245529174805,2838600,0.786,0.0
2023-10-02 00:00:00-04:00,40.11624409954777,40.17911130328411,39.03857737763905,39.11042022705078,3000900,0.0,0.0
2023-10-03 00:00:00-04:00,38.79609827053502,38.88590268165516,37.68250507322432,38.086631774902344,3941800,0.0,0.0
2023-10-04 00:00:00-04:00,38.167454744806776,38.64342426065657,37.60167739759576,38.63444519042969,2593200,0.0,0.0
2023-10-05 00:00:00-04:00,38.55361705908353,39.155314069383586,38.55361705908353,39.10143280029297,3194700,0.0,0.0
2023-10-06 00:00:00-04:00,38.96672683565549,39.14633907824621,38.2303197242703,39.02959060668945,2704200,0.0,0.0
2023-10-09 00:00:00-04:00,38.688327083446524,39.22716032926204,38.56259612865922,39.10143280029297,800300,0.0,0.0
2023-10-10 00:00:00-04:00,39.2002240406826,39.82886175522241,39.2002240406826,39.79294204711914,1292100,0.0,0.0
2023-10-11 00:00:00-04:00,39.86478727078853,40.34075683332416,39.62231124105752,39.97255325317383,2075700,0.0,0.0
2023-10-12 00:00:00-04:00,40.01746154513349,40.01746154513349,39.11940363867392,39.272071838378906,1182100,0.0,0.0
2023-10-13 00:00:00-04:00,39.48760126103578,39.66721007446226,38.96672610980712,39.02061080932617,1039800,0.0,0.0
2023-10-16 00:00:00-04:00,39.34391026620365,39.685169735987536,38.92182203811189,39.64925003051758,1848300,0.0,0.0
2023-10-17 00:00:00-04:00,39.22716733368534,39.667213763652015,39.22716733368534,39.47862243652344,1643700,0.0,0.0
2023-10-18 00:00:00-04:00,39.155316211707586,39.191239343612295,38.39196850073382,38.40094757080078,1396100,0.0,0.0
2023-10-19 00:00:00-04:00,38.28420929004274,38.66139196417979,38.05969481472716,38.12255859375,1755600,0.0,0.0
2023-10-20 00:00:00-04:00,38.21235789968611,38.239301962675064,37.05386253989962,37.116729736328125,2953100,0.0,0.0
2023-10-23 00:00:00-04:00,37.00896361978941,37.6914895124268,36.87425699616649,37.152652740478516,2231800,0.0,0.0
2023-10-24 00:00:00-04:00,37.26940201566329,37.26940201566329,36.57789703704548,36.73954772949219,1581800,0.0,0.0
2023-10-25 00:00:00-04:00,36.55094986602844,36.784443365720584,36.20968697341531,36.44318389892578,1986900,0.0,0.0
2023-10-26 00:00:00-04:00,36.35337607149163,36.72157959942584,36.182746338094226,36.44318389892578,2637000,0.0,0.0
2023-10-27 00:00:00-04:00,36.541973772938825,36.6407606875158,35.742702810734436,35.85945129394531,1694000,0.0,0.0
2023-10-30 00:00:00-04:00,36.209695860512184,36.62280169064459,36.20071678847416,36.497074127197266,1407600,0.0,0.0
2023-10-31 00:00:00-04:00,36.55095137141329,36.56891293763988,36.15580376606515,36.344398498535156,1881800,0.0,0.0
2023-11-01 00:00:00-04:00,36.47012889173528,36.69464334841839,36.11090439071481,36.604835510253906,1636200,0.0,0.0
2023-11-02 00:00:00-04:00,37.30532539403526,38.571586875834775,37.23347911878643,38.49974060058594,2243400,0.0,0.0
2023-11-03 00:00:00-04:00,39.04754925375024,39.290025249243776,38.8140557539148,38.88589859008789,1739600,0.0,0.0
2023-11-06 00:00:00-05:00,39.06551478265792,39.18226325732958,38.661388082501176,38.849979400634766,973800,0.0,0.0
2023-11-07 00:00:00-05:00,38.53566603399543,38.69731673711678,38.382997828724804,38.59852981567383,846800,0.0,0.0
2023-11-08 00:00:00-05:00,38.33808277156099,38.769150065366304,38.11356834192375,38.15847396850586,942300,0.0,0.0
2023-11-09 00:00:00-05:00,38.36502923736231,38.84099876176477,38.32910610417232,38.33808517456055,1116700,0.0,0.0
2023-11-10 00:00:00-05:00,38.41890840894646,38.436869974558554,38.0417258085476,38.3919677734375,1104100,0.0,0.0
2023-11-13 00:00:00-05:00,38.17644045220791,38.7691585389652,38.16746138041997,38.472801208496094,814300,0.0,0.0
2023-11-14 00:00:00-05:00,39.17328262915482,39.65823469247301,39.155321060977975,39.47862243652344,2141500,0.0,0.0
2023-11-15 00:00:00-05:00,39.7031364440918,40.07134002294184,39.469642912111766,39.7031364440918,1695000,0.0,0.0
2023-11-16 00:00:00-05:00,39.586389737060806,39.65823258012271,39.19124210985507,39.53250503540039,1074600,0.0,0.0
2023-11-17 00:00:00-05:00,39.94561175701496,40.098283369119194,39.819884209293086,39.99949645996094,977600,0.0,0.0
2023-11-20 00:00:00-05:00,39.92765551642556,40.00848086871869,39.69416195747827,39.90071487426758,942400,0.0,0.0
2023-11-21 00:00:00-05:00,39.89172398334462,40.11623842294242,39.568426068011306,39.586387634277344,1401800,0.0,0.0
2023-11-22 00:00:00-05:00,39.433715692242075,39.640268563784105,39.23614189084602,39.46963882446289,1246800,0.0,0.0
2023-11-24 00:00:00-05:00,39.469640229063266,39.83784378288374,39.38881489159933,39.71211624145508,758700,0.0,0.0
2023-11-27 00:00:00-05:00,39.5325039997776,39.765997515885324,39.209202649921856,39.71211624145508,1639400,0.0,0.0
2023-11-28 00:00:00-05:00,37.94294573881237,38.58954851393704,37.538819004359446,38.07765579223633,4050400,0.0,0.0
2023-11-29 00:00:00-05:00,38.230317088094736,39.62230587700549,38.095607058986,39.460655212402344,2586600,0.0,0.0
2023-11-30 00:00:00-05:00,39.62231189246608,40.32279935403384,39.397797427077954,40.206050872802734,2773300,0.0,0.0
2023-12-01 00:00:00-05:00,40.197069554350676,40.61017878639997,40.02643978894744,40.6011962890625,1765100,0.0,0.0
2023-12-04 00:00:00-05:00,40.1431844790167,40.547311175527945,40.053376643226066,40.29585266113281,1543300,0.0,0.0
2023-12-05 00:00:00-05:00,39.99950061240115,40.05338189512193,39.58639479105273,39.810909271240234,1775900,0.0,0.0
2023-12-06 00:00:00-05:00,40.0623615461851,40.25095287394579,39.39779722468986,39.44269943237305,2075900,0.0,0.0
2023-12-07 00:00:00-05:00,39.51454426570572,39.900709404186074,39.361876079981215,39.730079650878906,1627900,0.0,0.0
2023-12-08 00:00:00-05:00,39.730078123027475,40.28687299340301,39.730078123027475,40.25094985961914,1329400,0.0,0.0
2023-12-11 00:00:00-05:00,40.27789477358342,40.3677026175785,39.936635243858994,40.33177947998047,2474800,0.0,0.0
2023-12-12 00:00:00-05:00,40.25993347167969,40.304835677244576,39.91867054291289,40.25993347167969,2262600,0.0,0.0
2023-12-13 00:00:00-05:00,40.232994213725966,41.34658754418064,39.83784996140675,41.30168533325195,3947800,0.0,0.0
2023-12-14 00:00:00-05:00,41.75968390310248,42.4422062616856,41.723760772172234,42.31647872924805,2677600,0.0,0.0
2023-12-15 00:00:00-05:00,42.594886211656544,42.67571155919707,41.580079831607534,41.63396453857422,2285200,0.0,0.0
2023-12-18 00:00:00-05:00,41.84051329450283,41.966240839139516,41.57109663802155,41.82255172729492,1626700,0.0,0.0
2023-12-19 00:00:00-05:00,42.18177370896593,42.603858522862026,42.020123039535605,42.406288146972656,2737700,0.0,0.0
2023-12-20 00:00:00-05:00,42.487121617955104,42.77449987957106,41.76867253809609,41.876441955566406,2400200,0.0,0.0
2023-12-21 00:00:00-05:00,42.25361944072127,42.79245618432154,42.2266788025778,42.54998016357422,1623400,0.0,0.0
2023-12-22 00:00:00-05:00,42.73857025987638,43.05288911528955,42.720608693021546,42.882259368896484,1309300,0.0,0.0
2023-12-26 00:00:00-05:00,43.09779340358389,43.27740221490337,42.954104299037226,43.25046157836914,800700,0.0,0.0
2023-12-27 00:00:00-05:00,43.15167620500736,43.62764916415383,43.13371463807555,43.45701599121094,1207200,0.0,0.0
2023-12-28 00:00:00-05:00,43.46600249698297,43.735419174174496,43.385177151243624,43.60969161987305,1521700,0.0,0.0
2023-12-29 00:00:00-05:00,43.573768420931714,43.915031371994,43.448040866808476,43.726436614990234,4883000,0.0,0.0
2024-01-02 00:00:00-05:00,43.370342750015084,43.70817391828838,43.1238161732599,43.36121368408203,4636300,0.8,0.0
2024-01-03 00:00:00-05:00,43.023385907354275,43.11469399650917,42.72207792076178,42.877296447753906,1445100,0.0,0.0
2024-01-04 00:00:00-05:00,42.95946242514531,43.40686325480933,42.84989622559263,43.1329460144043,1285300,0.0,0.0
2024-01-05 00:00:00-05:00,43.205992519246244,43.726436363484936,43.069032146321554,43.33382034301758,1581100,0.0,0.0
2024-01-08 00:00:00-05:00,43.24251358177662,43.963831674661954,43.17859967309532,43.890785217285156,1188300,0.0,0.0
2024-01-09 00:00:00-05:00,43.717302785539026,43.7629550774534,43.0416370228479,43.35207748413086,1839100,0.0,0.0
2024-01-10 00:00:00-05:00,43.3612143657013,43.55295610073157,43.3064295201011,43.443389892578125,1252800,0.0,0.0
2024-01-11 00:00:00-05:00,43.31555826246923,43.40686633778721,42.31119381530009,42.74946212768555,3194800,0.0,0.0
2024-01-12 00:00:00-05:00,42.94120072080595,43.361210870457576,42.69467416004739,42.831634521484375,2871900,0.0,0.0
2024-01-16 00:00:00-05:00,42.42075960256818,42.475544447216464,42.11945166461988,42.3659782409668,2993600,0.0,0.0
2024-01-17 00:00:00-05:00,41.900311668110085,42.15596728535282,41.68117927705818,41.872920989990234,3441600,0.0,0.0
2024-01-18 00:00:00-05:00,42.07379444732582,42.07379444732582,41.32508225690135,41.48943328857422,2181400,0.0,0.0
2024-01-19 00:00:00-05:00,41.617273163815696,42.22902164332663,41.4072663154268,42.16510772705078,3039400,0.0,0.0
2024-01-22 00:00:00-05:00,42.17423674844291,42.30206806390439,41.55335571981881,41.86379623413086,3059800,0.0,0.0
2024-01-23 00:00:00-05:00,41.88205041790111,42.01901077578016,41.18812652949553,41.46204376220703,1516800,0.0,0.0
2024-01-24 00:00:00-05:00,41.827274779898985,41.97336422285521,41.4529203646332,41.617271423339844,1244400,0.0,0.0
2024-01-25 00:00:00-05:00,41.66292295621756,41.96423090294936,41.425525438868135,41.92770767211914,1085800,0.0,0.0
2024-01-26 00:00:00-05:00,42.092061454309984,42.40250197038154,41.99162778759182,42.356849670410156,1272300,0.0,0.0
2024-01-29 00:00:00-05:00,42.32032024632985,42.73119785206102,42.00075071023156,42.722068786621094,1502300,0.0,0.0
2024-01-30 00:00:00-05:00,42.76772327128432,43.087292823757,42.44815371881164,42.85902786254883,1833900,0.0,0.0
2024-01-31 00:00:00-05:00,42.70381230581894,43.07816672869547,42.53946124377099,42.685550689697266,2830700,0.0,0.0
2024-02-01 00:00:00-05:00,42.74946126222028,43.32468993441369,42.34771618809536,43.26990509033203,2571400,0.0,0.0
2024-02-02 00:00:00-05:00,42.93207614048022,42.93207614048022,42.512069429998135,42.813377380371094,1673400,0.0,0.0
2024-02-05 00:00:00-05:00,42.502933752169376,42.58510927495828,42.028142229727614,42.20162582397461,2432000,0.0,0.0
2024-02-06 00:00:00-05:00,42.238147985458546,42.71293953505755,42.155972457969355,42.63076400756836,1702500,0.0,0.0
2024-02-07 00:00:00-05:00,42.83163875022843,42.83163875022843,42.35684719556345,42.42076110839844,2274600,0.0,0.0
2024-02-08 00:00:00-05:00,42.32031832016502,42.38423222447571,41.745093181368865,41.872920989990234,1898500,0.0,0.0
2024-02-09 00:00:00-05:00,41.90031379162324,42.92293979546756,41.891184726136146,42.91381072998047,1700600,0.0,0.0
2024-02-12 00:00:00-05:00,42.86816001620711,43.44338868840052,42.85902746733674,43.26990509033203,1782600,0.0,0.0
2024-02-13 00:00:00-05:00,42.63076627226851,42.795117335977814,41.863795802640794,42.27467346191406,2695600,0.0,0.0
2024-02-14 00:00:00-05:00,42.7494594659876,42.904681442840136,42.48467128862232,42.722068786621094,3237200,0.0,0.0
2024-02-15 00:00:00-05:00,42.904684368518204,43.35208174956392,42.74946238108105,43.1420783996582,2059100,0.0,0.0
2024-02-16 00:00:00-05:00,43.12381680680992,43.46164798004644,42.95033668715808,43.242515563964844,1471800,0.0,0.0
2024-02-20 00:00:00-05:00,43.22425528731331,43.47078187532454,43.096427460132766,43.30643081665039,3899400,0.0,0.0
2024-02-21 00:00:00-05:00,43.178602311028136,43.37034404878622,43.04164193660264,43.2242546081543,1224200,0.0,0.0
2024-02-22 00:00:00-05:00,43.38860434104916,43.607736753790796,43.21512422404146,43.26077651977539,1545300,0.0,0.0
2024-02-23 00:00:00-05:00,43.37033912971197,43.61686568588856,43.36121006454096,43.4525146484375,1876200,0.0,0.0
2024-02-26 00:00:00-05:00,43.361212974373544,43.56208376903504,42.922941189728625,43.1786003112793,1237100,0.0,0.0
2024-02-27 00:00:00-05:00,43.735567848357356,45.01384953801136,43.680783003911245,44.45688247680664,3556700,0.0,0.0
2024-02-28 00:00:00-05:00,44.14644400536815,44.35645084380374,43.65339431504364,43.80861282348633,1749200,0.0,0.0
2024-02-29 00:00:00-05:00,44.02774700080936,44.33818748856176,43.7994820387281,44.256011962890625,2520700,0.0,0.0
2024-03-01 00:00:00-05:00,44.46601618101911,44.74906251039403,44.2377512144667,44.42949295043945,1854200,0.0,0.0
2024-03-04 00:00:00-05:00,44.36557437048212,45.00471690619027,44.28339885184755,44.84949493408203,3497600,0.0,0.0
2024-03-05 00:00:00-05:00,44.78558063441926,45.315156968299895,44.68514350330076,45.159934997558594,1387300,0.0,0.0
2024-03-06 00:00:00-05:00,45.488640300662155,45.75342848641272,45.26037534392136,45.37907409667969,1811000,0.0,0.0
2024-03-07 00:00:00-05:00,45.5890808476338,45.88125973546463,45.32429264208489,45.789955139160156,1672600,0.0,0.0
2024-03-08 00:00:00-05:00,45.91778362937174,46.04561145926021,45.67125703613806,45.77169418334961,3550500,0.0,0.0
2024-03-11 00:00:00-04:00,45.61646385882812,45.73516260050065,45.39733147132891,45.589073181152344,2834700,0.0,0.0
2024-03-12 00:00:00-04:00,45.652992743986665,45.698645040121264,45.406466165203504,45.643863677978516,1962600,0.0,0.0
2024-03-13 00:00:00-04:00,45.671255902588896,46.04561031641966,45.63473267122808,45.89952087402344,1123900,0.0,0.0
2024-03-14 00:00:00-04:00,45.899517700378155,45.972560675002306,44.87689167431234,45.18733215332031,1862000,0.0,0.0
2024-03-15 00:00:00-04:00,45.00472367021159,45.71690928338531,45.00472367021159,45.47038269042969,1509700,0.0,0.0
2024-03-18 00:00:00-04:00,45.543425308324025,45.56168692289472,45.17819998300367,45.36994171142578,1303700,0.0,0.0
2024-03-19 00:00:00-04:00,45.26950968064759,45.54342694294573,45.20559228583262,45.23298645019531,1283000,0.0,0.0
2024-03-20 00:00:00-04:00,45.03211508422465,45.990827305924455,44.831240786765704,45.954307556152344,1485300,0.0,0.0
2024-03-21 00:00:00-04:00,45.9999575632429,46.44735495231805,45.9908250139696,46.10952377319336,1299300,0.0,0.0
2024-03-22 00:00:00-04:00,46.09126060454945,46.22822097465761,45.74429688784315,45.85386657714844,1067600,0.0,0.0
2024-03-25 00:00:00-04:00,45.92690842451652,46.237348903822145,45.89038519564602,45.981693267822266,1017100,0.0,0.0
2024-03-26 00:00:00-04:00,46.27387080812521,46.3560463292082,45.99995356553084,46.01821517944336,933700,0.0,0.0
2024-03-27 00:00:00-04:00,46.100394501537615,46.71214294433594,46.04560965528301,46.71214294433594,1385600,0.0,0.0
2024-03-28 00:00:00-04:00,46.72126934138834,47.46084904986274,46.64822636693539,47.278236389160156,5002600,0.0,0.0
2024-04-01 00:00:00-04:00,47.281020623907516,47.29956262500579,46.483732259307416,46.68769073486328,5141200,0.783,0.0
2024-04-02 00:00:00-04:00,46.41883731931203,46.520816557739344,46.09436113933886,46.224151611328125,1781900,0.0,0.0
2024-04-03 00:00:00-04:00,46.224150172083476,46.74331204387582,46.1314401688884,46.613521575927734,1243600,0.0,0.0
2024-04-04 00:00:00-04:00,47.1326893434613,47.216126582250794,46.24269448739021,46.298316955566406,1430300,0.0,0.0
2024-04-05 00:00:00-04:00,46.09435945088165,46.60425208781552,45.99238021618988,46.316856384277344,1332700,0.0,0.0
2024-04-08 00:00:00-04:00,46.502277212381635,46.76185817118547,46.40029796813003,46.734046936035156,3286300,0.0,0.0
2024-04-09 00:00:00-04:00,46.7989413244478,46.96581580536486,46.251964645114164,46.780399322509766,1521700,0.0,0.0
2024-04-10 00:00:00-04:00,46.10362916431372,46.22415040080115,45.24144558122104,45.445404052734375,2447600,0.0,0.0
2024-04-11 00:00:00-04:00,45.501030903919236,45.64936337600799,45.000407484422794,45.399051666259766,3855900,0.0,0.0
2024-04-12 00:00:00-04:00,45.009675143159185,45.25071761220474,44.54613574202155,44.675926208496094,3309700,0.0,0.0
2024-04-15 00:00:00-04:00,45.03749288166861,45.259989828431316,43.86937153332623,44.017704010009766,2014100,0.0,0.0
2024-04-16 00:00:00-04:00,43.6746881723305,43.8137478874132,42.933025748979894,42.997920989990234,2765900,0.0,0.0
2024-04-17 00:00:00-04:00,43.14625255022174,43.59124999469772,42.87739882235334,43.22041702270508,1308900,0.0,0.0
2024-04-18 00:00:00-04:00,43.33166606159469,43.5356209993168,42.960833115058904,43.1740608215332,1219200,0.0,0.0
2024-04-19 00:00:00-04:00,43.17406360354266,43.665414283317446,43.10916836419601,43.331668853759766,1868800,0.0,0.0
2024-04-22 00:00:00-04:00,43.535625751914154,43.66541623641282,43.266772013152355,43.65614700317383,1884900,0.0,0.0
2024-04-23 00:00:00-04:00,43.7303083536989,43.88791359970302,43.461458170674575,43.84156036376953,1807500,0.0,0.0
2024-04-24 00:00:00-04:00,43.767389306494636,43.785931306880705,43.16479020830965,43.38728713989258,1745700,0.0,0.0
2024-04-25 00:00:00-04:00,43.07208391920454,43.07208391920454,42.3118795204706,42.858856201171875,1892000,0.0,0.0
2024-04-26 00:00:00-04:00,42.87739539999632,43.22041357296927,42.793958164783966,43.164791107177734,1145200,0.0,0.0
2024-04-29 00:00:00-04:00,43.34093882462471,43.36875006009678,42.81250413150318,43.05354309082031,1592000,0.0,0.0
2024-04-30 00:00:00-04:00,42.654896999579854,42.84958624888404,42.49729529014693,42.552921295166016,1341800,0.0,0.0
2024-05-01 00:00:00-04:00,42.627081846473054,43.22968446760881,42.46948015152902,42.90520477294922,2188500,0.0,0.0
2024-05-02 00:00:00-04:00,43.15552538847905,43.18334016244371,42.63636342814676,42.92375564575195,1796500,0.0,0.0
2024-05-03 00:00:00-04:00,43.600521648772705,43.600521648772705,43.146254946207094,43.43364715576172,1572900,0.0,0.0
2024-05-06 00:00:00-04:00,43.6746859096189,43.98989286527824,43.51708066352663,43.96207809448242,1092500,0.0,0.0
2024-05-07 00:00:00-04:00,44.04551249989868,44.175306503369306,43.56343463310772,43.68395233154297,1304800,0.0,0.0
2024-05-08 00:00:00-04:00,43.50781157638932,44.33291120341095,43.461458340274945,44.314369201660156,1248600,0.0,0.0
2024-05-09 00:00:00-04:00,44.29582417936223,44.62030388308692,44.29582417936223,44.444156646728516,1038200,0.0,0.0
2024-05-10 00:00:00-04:00,44.62957427494878,44.814990748106695,44.38853533541104,44.51832580566406,839700,0.0,0.0
2024-05-13 00:00:00-04:00,44.666658672380464,44.83353314604765,44.52759543214945,44.583221435546875,818500,0.0,0.0
2024-05-14 00:00:00-04:00,44.7686367492082,44.97259168332537,44.462699043244925,44.50905227661133,1023900,0.0,0.0
2024-05-15 00:00:00-04:00,44.796452256214195,45.09311722189572,44.675931008741905,44.981868743896484,759600,0.0,0.0
2024-05-16 00:00:00-04:00,45.11165813787887,45.20436461122466,44.7315559387207,44.7315559387207,927600,0.0,0.0
2024-05-17 00:00:00-04:00,44.89843120308157,44.972595675746724,44.65738870973782,44.86134719848633,1023300,0.0,0.0
2024-05-20 00:00:00-04:00,44.67592923870551,44.96332496005286,44.53686953084727,44.546138763427734,776100,0.0,0.0
2024-05-21 00:00:00-04:00,44.52759900234901,45.046764466109444,44.52759900234901,44.99113845825195,1240400,0.0,0.0
2024-05-22 00:00:00-04:00,44.78718147156141,44.78718147156141,44.05478831567994,44.13822555541992,1503000,0.0,0.0
2024-05-23 00:00:00-04:00,44.37926300885234,44.55541025154375,43.61905864420291,43.82301712036133,1707300,0.0,0.0
2024-05-24 00:00:00-04:00,43.96207700914342,44.41634719799117,43.96207700914342,44.29582595825195,1906300,0.0,0.0
2024-05-28 00:00:00-04:00,44.268011841646604,44.91696769636839,44.091868146211,44.193843841552734,2726200,0.0,0.0
2024-05-29 00:00:00-04:00,43.67468389614464,43.67468389614464,42.91447954457617,42.933021545410156,2105200,0.0,0.0
2024-05-30 00:00:00-04:00,43.09062590559169,43.600518582139614,43.08135667286549,43.44291687011719,3705200,0.0,0.0
2024-05-31 00:00:00-04:00,43.66541179131848,43.89718150047946,43.19260314070113,43.87864303588867,2331900,0.0,0.0
2024-06-03 00:00:00-04:00,43.8786444568239,44.14749464039781,43.2574997771647,43.78593444824219,1918000,0.0,0.0
2024-06-04 00:00:00-04:00,43.57270929485227,43.83229026109091,43.22969108424757,43.76739501953125,1604200,0.0,0.0
2024-06-05 00:00:00-04:00,43.934266770842456,44.03624601166086,43.65614381912648,44.017704010009766,1346700,0.0,0.0
2024-06-06 00:00:00-04:00,44.017702739470195,44.07332874281787,43.71176856237076,43.87864303588867,1572600,0.0,0.0
2024-06-07 00:00:00-04:00,43.572701827626695,43.80447151819918,43.47072259793083,43.53561782836914,1504100,0.0,0.0
2024-06-10 00:00:00-04:00,43.396558760552644,43.461453991925,42.97009983600233,43.016456604003906,1657800,0.0,0.0
2024-06-11 00:00:00-04:00,42.821770021253855,43.05353972949375,42.608542314056166,42.942291259765625,1127400,0.0,0.0
2024-06-12 00:00:00-04:00,43.554167585230566,44.082602290930915,43.48927234323406,43.887916564941406,1676400,0.0,0.0
2024-06-13 00:00:00-04:00,43.73030468331138,43.80447268380004,43.41510129080933,43.60978698730469,1229300,0.0,0.0
2024-06-14 00:00:00-04:00,43.2296887060126,43.238957938643146,42.71052326557122,42.9701042175293,1292000,0.0,0.0
2024-06-17 00:00:00-04:00,42.831046502670674,43.03500145876372,42.71979802329943,42.997920989990234,1954900,0.0,0.0
2024-06-18 00:00:00-04:00,43.04426627165852,43.24822472657543,42.71979012658593,42.87739181518555,2907300,0.0,0.0
2024-06-20 00:00:00-04:00,42.729062884642694,42.76614688614742,41.97812776853475,41.99666976928711,1824000,0.0,0.0
2024-06-21 00:00:00-04:00,41.95031707558132,42.30260802136018,41.80198460417839,41.829795837402344,1409800,0.0,0.0
2024-06-24 00:00:00-04:00,42.27478981962834,42.691975966744856,42.08010412981556,42.65489196777344,1725500,0.0,0.0
2024-06-25 00:00:00-04:00,42.45094299316406,42.54364946705449,42.13573603080121,42.45094299316406,1284800,0.0,0.0
2024-06-26 00:00:00-04:00,42.200632280449966,42.24698551850525,41.968862553648194,42.172821044921875,931600,0.0,0.0
2024-06-27 00:00:00-04:00,42.22844057322783,42.35823104534813,42.05229686628245,42.24698257446289,1161100,0.0,0.0
2024-06-28 00:00:00-04:00,42.40458554882739,42.69197771128778,42.25625308340511,42.386043548583984,2912300,0.0,0.0
2024-07-01 00:00:00-04:00,42.56219046820751,42.849586188949644,42.13573503989999,42.14500427246094,1080000,0.0,0.0
2024-07-02 00:00:00-04:00,42.1635477438751,42.55292271898675,41.89469401540816,42.46021270751953,6451900,0.0,0.0
2024-07-03 00:00:00-04:00,42.568661233264834,43.14391399545462,42.55923245240522,42.83271026611328,844400,0.775,0.0
2024-07-05 00:00:00-04:00,42.99302505882252,43.13448194277489,42.59694794219466,42.63467025756836,1164500,0.0,0.0
2024-07-08 00:00:00-04:00,42.672397759873505,42.87043454356027,42.5309408587267,42.644107818603516,922200,0.0,0.0
2024-07-09 00:00:00-04:00,42.68182643746949,43.228789283349954,42.57809545393207,43.10619354248047,1496000,0.0,0.0
2024-07-10 00:00:00-04:00,43.17219936505597,43.72859090922649,43.17219936505597,43.69087219238281,2125000,0.0,0.0
2024-07-11 00:00:00-04:00,43.870053901747966,44.303849783777075,43.794609262752445,44.20011520385742,2209900,0.0,0.0
2024-07-12 00:00:00-04:00,44.33213683942141,44.567895924840876,44.28498574181715,44.37929153442383,2075200,0.0,0.0
2024-07-15 00:00:00-04:00,44.5018834533487,44.57732808706893,44.25669558855422,44.46416473388672,1159500,0.0,0.0
2024-07-16 00:00:00-04:00,44.605618390070795,45.26574455091798,44.37929168185917,45.246883392333984,1584000,0.0,0.0
2024-07-17 00:00:00-04:00,45.095999170538825,45.275174786748615,44.596191042891654,44.709354400634766,2358200,0.0,0.0
2024-07-18 00:00:00-04:00,44.61505378764923,45.020559731154734,44.42644578644228,44.633914947509766,2744200,0.0,0.0
2024-07-19 00:00:00-04:00,44.49245699273418,44.652771451651496,44.05866111841853,44.07752227783203,992000,0.0,0.0
2024-07-22 00:00:00-04:00,44.26612312891456,44.26612312891456,43.57770705379568,43.93606185913086,1184500,0.0,0.0
2024-07-23 00:00:00-04:00,43.89834330253096,43.89834330253096,43.294800587586515,43.50226974487305,1526300,0.0,0.0
2024-07-24 00:00:00-04:00,43.323091556949755,43.55885066041086,43.09676483217021,43.13448715209961,1222900,0.0,0.0
2024-07-25 00:00:00-04:00,43.10618885781155,43.20992342747379,42.78555636858193,42.95530319213867,2091100,0.0,0.0
2024-07-26 00:00:00-04:00,43.1816353704412,43.26650878591686,42.97416622207888,43.22878646850586,1490300,0.0,0.0
2024-07-29 00:00:00-04:00,43.28536843482997,43.40796056604243,43.021315819561295,43.33251953125,1337000,0.0,0.0
2024-07-30 00:00:00-04:00,43.37967214010438,44.124671720668694,43.34194982269394,43.71916580200195,1201800,0.0,0.0
2024-07-31 00:00:00-04:00,43.96435783911552,44.36986379623273,43.70030878700145,44.01150894165039,1275900,0.0,0.0
2024-08-01 00:00:00-04:00,44.039800350446455,44.1152413913727,43.10619273687047,43.389102935791016,2048100,0.0,0.0
2024-08-02 00:00:00-04:00,43.021315090902014,43.18163313289245,42.55922931745487,43.06846618652344,2578900,0.0,0.0
2024-08-05 00:00:00-04:00,41.493599652846335,42.40834606908787,41.19182830679931,42.16315460205078,1956300,0.0,0.0
2024-08-06 00:00:00-04:00,42.18201660779781,42.98359968471571,42.01226977256335,42.804420471191406,1798000,0.0,0.0
2024-08-07 00:00:00-04:00,43.323090919055055,43.33252329759774,42.68182587929103,42.89872741699219,1345400,0.0,0.0
2024-08-08 00:00:00-04:00,43.04961178597304,43.360811917834475,42.898726110470896,43.323089599609375,1004000,0.0,0.0
2024-08-09 00:00:00-04:00,43.3796694976487,43.80403654917051,43.266506149708874,43.72859191894531,916400,0.0,0.0
2024-08-12 00:00:00-04:00,43.71916349181389,43.77574336754159,41.64448291004554,42.172584533691406,3303100,0.0,0.0
2024-08-13 00:00:00-04:00,42.446057736653664,42.93643699185047,42.33289440003828,42.91757583618164,1659900,0.0,0.0
2024-08-14 00:00:00-04:00,42.93644490285736,43.43625662667731,42.93644490285736,43.351383209228516,1023600,0.0,0.0
2024-08-15 00:00:00-04:00,43.75688653647921,44.03036433431618,43.54941739562531,43.79460525512695,1118300,0.0,0.0
2024-08-16 00:00:00-04:00,43.92664064246072,44.45473876504609,43.72860024909255,44.426448822021484,906800,0.0,0.0
2024-08-19 00:00:00-04:00,44.50188217330445,44.94511039016652,44.4924533930597,44.888526916503906,1213100,0.0,0.0
2024-08-20 00:00:00-04:00,44.718779155431854,44.97339938547873,44.49245246032216,44.79422378540039,950300,0.0,0.0
2024-08-21 00:00:00-04:00,44.91681915715602,45.02055372384797,44.756501118432666,44.907386779785156,1096600,0.0,0.0
2024-08-22 00:00:00-04:00,44.907387132955236,45.058272795494354,44.59618702782992,44.79422378540039,867000,0.0,0.0
2024-08-23 00:00:00-04:00,45.06770536802737,45.81270490390079,45.06770536802737,45.66181564331055,1600900,0.0,0.0
2024-08-26 00:00:00-04:00,45.812707144743875,46.03903385190363,45.74669129130762,45.82213592529297,1263200,0.0,0.0
2024-08-27 00:00:00-04:00,45.91643721997183,47.189538413023485,45.727832833503214,47.11409378051758,2433600,0.0,0.0
2024-08-28 00:00:00-04:00,46.99150044651492,47.05751269956963,45.99188067577535,46.123905181884766,1842500,0.0,0.0
2024-08-29 00:00:00-04:00,46.34080368999488,46.63314624110883,46.171056866431684,46.4162483215332,1611700,0.0,0.0
2024-08-30 00:00:00-04:00,46.491691515523755,47.18954000008084,46.491691515523755,47.03865432739258,1582200,0.0,0.0
2024-09-03 00:00:00-04:00,46.793458576303635,47.208396836251595,46.51998079280815,47.18010330200195,1575500,0.0,0.0
2024-09-04 00:00:00-04:00,47.12352795160991,48.06656430943345,47.04808331623288,47.934539794921875,1695900,0.0,0.0
2024-09-05 00:00:00-04:00,47.95339909271738,48.2834639883459,47.5667543159056,47.745933532714844,1503300,0.0,0.0
2024-09-06 00:00:00-04:00,47.87795704415202,48.198589554568294,47.19896970505914,47.62333679199219,1289600,0.0,0.0
2024-09-09 00:00:00-04:00,47.95339742351868,48.44377676196141,47.79308296921533,48.36833572387695,1263000,0.0,0.0
2024-09-10 00:00:00-04:00,48.406058901685036,48.585234518042604,47.97225943474846,48.519222259521484,1390500,0.0,0.0
2024-09-11 00:00:00-04:00,48.519222608177905,48.8398551221838,48.085426735522375,48.811561584472656,1376500,0.0,0.0
2024-09-12 00:00:00-04:00,48.76441063015324,48.95301862673029,48.41548817479461,48.78327178955078,1368300,0.0,0.0
2024-09-13 00:00:00-04:00,48.811558497819384,49.13219099154972,48.717256304474375,49.07561111450195,1273300,0.0,0.0
2024-09-16 00:00:00-04:00,49.16048675215928,49.716878351828925,49.12276443415497,49.64143371582031,967500,0.0,0.0
2024-09-17 00:00:00-04:00,49.70744373805501,49.98092513518914,49.5188357539143,49.56599044799805,1137300,0.0,0.0
2024-09-18 00:00:00-04:00,49.5659932582246,49.88662577022317,49.29251184558499,49.443397521972656,1368300,0.0,0.0
2024-09-19 00:00:00-04:00,49.98092514885799,50.28269648460642,49.78288838428523,50.05636978149414,1043300,0.0,0.0
2024-09-20 00:00:00-04:00,50.26383655697748,51.13143186654274,50.131812044030156,50.98997497558594,2746300,0.0,0.0
2024-09-23 00:00:00-04:00,51.27288298306739,51.31060529870728,50.65991154221026,50.857948303222656,3454500,0.0,0.0
2024-09-24 00:00:00-04:00,51.008835704215535,51.197443691435296,50.820227716995774,51.15972137451172,2732400,0.0,0.0
2024-09-25 00:00:00-04:00,51.08427745957505,51.19744441193839,50.83908959091752,50.84851837158203,1812900,0.0,0.0
2024-09-26 00:00:00-04:00,51.21630471274672,51.98016184271395,51.169150018019444,51.67839050292969,1326700,0.0,0.0
2024-09-27 00:00:00-04:00,51.70668490415299,51.80098710038868,51.23516672817814,51.338897705078125,882900,0.0,0.0
2024-09-30 00:00:00-04:00,51.43320227497451,51.52750446896649,50.989974048936354,51.386051177978516,8702600,0.0,0.0
2024-10-01 00:00:00-04:00,51.386051177978516,51.61237788251852,51.0465575237704,51.386051177978516,4667000,0.0,0.0
2024-10-02 00:00:00-04:00,51.25783781439758,51.25783781439758,50.75071458076327,50.90380859375,1547300,0.786,0.0
2024-10-03 00:00:00-04:00,50.63588923976594,50.65502644685413,50.291430462325565,50.473228454589844,1175800,0.0,0.0
2024-10-04 00:00:00-04:00,50.741140235245076,51.01862425300574,50.5019306302891,50.76984786987305,1008400,0.0,0.0
2024-10-07 00:00:00-04:00,50.645456325122076,50.74113870419781,50.147899923820894,50.482791900634766,1122200,0.0,0.0
2024-10-08 00:00:00-04:00,50.38711078637286,50.51150080233278,49.92782878519263,50.10962677001953,886500,0.0,0.0
2024-10-09 00:00:00-04:00,49.83214977552671,49.98524378627898,49.57380294799805,49.57380294799805,950900,0.0,0.0
2024-10-10 00:00:00-04:00,49.353728509028755,49.8130105224258,49.12408567730574,49.80344009399414,1343300,0.0,0.0
2024-10-11 00:00:00-04:00,49.927829486372595,50.38711149400292,49.89912550153599,50.18617630004883,1077300,0.0,0.0
2024-10-14 00:00:00-04:00,50.023512294174196,50.46366074901874,49.975671102357104,50.12876510620117,694500,0.0,0.0
2024-10-15 00:00:00-04:00,50.234019538354495,50.57848197062535,49.92783152079131,50.54977798461914,1478700,0.0,0.0
2024-10-16 00:00:00-04:00,50.71243675890409,51.38222438950318,50.69329955230995,51.37265396118164,1368700,0.0,0.0
2024-10-17 00:00:00-04:00,51.372651580957076,51.592723971519746,51.018622400490926,51.20042037963867,794700,0.0,0.0
2024-10-18 00:00:00-04:00,51.190859190363646,51.32481599489131,51.02819839916553,51.22913360595703,804100,0.0,0.0
2024-10-21 00:00:00-04:00,51.04733082995677,51.20042483890131,50.54020760971217,50.616756439208984,834200,0.0,0.0
2024-10-22 00:00:00-04:00,50.425386020598104,50.48279399040047,50.09049037987223,50.320133209228516,1210100,0.0,0.0
2024-10-23 00:00:00-04:00,50.04265110906439,50.2244527538802,49.79387471359154,50.157470703125,2948800,0.0,0.0
2024-10-24 00:00:00-04:00,50.224450065451904,50.43495203495371,49.79387204821135,50.176605224609375,2563800,0.0,0.0
2024-10-25 00:00:00-04:00,50.272292798931595,50.377545611936796,49.53552675794421,49.54509353637695,1159500,0.0,0.0
2024-10-28 00:00:00-04:00,49.55466364994544,49.87998886532638,49.516389236359686,49.7364616394043,1223000,0.0,0.0
2024-10-29 00:00:00-04:00,49.669485173038794,50.1287672037892,49.62164397921984,49.96610641479492,1690800,0.0,0.0
2024-10-30 00:00:00-04:00,49.78430257343941,50.214880598925944,49.487684994808994,49.994808197021484,2768600,0.0,0.0
2024-10-31 00:00:00-04:00,49.985241281094396,49.994808059390444,49.16235964577411,49.26761245727539,1264300,0.0,0.0
2024-11-01 00:00:00-04:00,49.478114286534776,49.72689432209694,49.22933790102156,49.659915924072266,1164800,0.0,0.0
2024-11-04 00:00:00-05:00,49.975669116869895,51.51617952250034,49.85127910304819,50.750709533691406,1857200,0.0,0.0
2024-11-05 00:00:00-05:00,50.79855191161513,50.97078311938115,50.62632070384911,50.83682632446289,1128800,0.0,0.0
2024-11-06 00:00:00-05:00,50.865528813274295,51.26740283626009,50.454088012382336,50.94207763671875,1731000,0.0,0.0
2024-11-07 00:00:00-05:00,51.286538214595915,51.81280226935592,51.15258141885661,51.764957427978516,1290500,0.0,0.0
2024-11-08 00:00:00-05:00,51.57359475062289,51.75539274505076,51.34395191288061,51.602298736572266,862600,0.0,0.0
2024-11-11 00:00:00-05:00,51.43963392739565,52.080717592671704,51.43963392739565,51.726688385009766,1074500,0.0,0.0
2024-11-12 00:00:00-05:00,51.659711970390276,51.70755316514833,51.35352029383052,51.631004333496094,1256700,0.0,0.0
2024-11-13 00:00:00-05:00,51.61186075102899,51.784091950925145,51.209990384637116,51.25783157348633,773700,0.0,0.0
2024-11-14 00:00:00-05:00,51.535317539546284,51.62143314277064,51.07603553903269,51.48747634887695,987800,0.0,0.0
2024-11-15 00:00:00-05:00,51.468341935409725,51.927623960845196,51.43963429941127,51.602298736572266,927800,0.0,0.0
2024-11-18 00:00:00-05:00,51.5735912495586,53.03755283438147,51.5735912495586,52.85575485229492,1725500,0.0,0.0
2024-11-19 00:00:00-05:00,53.04712317838396,53.75518524840947,52.93230358461328,53.70734405517578,1918800,0.0,0.0
2024-11-20 00:00:00-05:00,53.755183157277955,54.003959542444946,53.39158353275795,53.87000274658203,1232200,0.0,0.0
2024-11-21 00:00:00-05:00,53.994396051976835,54.26230966001626,53.63079640531679,53.793460845947266,1108500,0.0,0.0
2024-11-22 00:00:00-05:00,53.669072098760005,54.04223853314356,53.602093695155226,54.01353454589844,754600,0.0,0.0
2024-11-25 00:00:00-05:00,54.33885713749247,54.33885713749247,53.89871232094779,54.099647521972656,1122600,0.0,0.0
2024-11-26 00:00:00-05:00,53.439427978124705,54.01353325970096,52.951441956331585,53.793460845947266,1217400,0.0,0.0
2024-11-27 00:00:00-05:00,53.77432086380936,54.35799289410932,53.77432086380936,54.27187728881836,926100,0.0,0.0
2024-11-29 00:00:00-05:00,54.31014939965824,54.58763342915218,54.271878635284196,54.558929443359375,502300,0.0,0.0
2024-12-02 00:00:00-05:00,54.539789805277074,54.606768202507716,54.013529405586816,54.31971740722656,964700,0.0,0.0
2024-12-03 00:00:00-05:00,53.10452841761507,53.525535977539015,51.80322767778826,52.41560363769531,2322300,0.0,0.0
2024-12-04 00:00:00-05:00,52.55913369226054,53.11409806716704,52.55913369226054,52.922733306884766,1150500,0.0,0.0
2024-12-05 00:00:00-05:00,52.8270465632855,53.4681301817298,52.76963859599562,53.37244415283203,1341600,0.0,0.0
2024-12-06 00:00:00-05:00,53.133234074862,53.94654888791388,53.114096869255626,53.362876892089844,1283500,0.0,0.0
2024-12-09 00:00:00-05:00,53.52554375467111,53.736049390243366,53.29590456136427,53.40115737915039,1072500,0.0,0.0
2024-12-10 00:00:00-05:00,53.33417248641501,53.56381165177585,53.05668848239265,53.4202880859375,669200,0.0,0.0
2024-12-11 00:00:00-05:00,53.68820214758279,53.68820214758279,53.21934973482187,53.42985534667969,640400,0.0,0.0
2024-12-12 00:00:00-05:00,53.28632969910524,53.36287852387156,52.7887732882708,52.86532211303711,758800,0.0,0.0
2024-12-13 00:00:00-05:00,53.06625521532078,53.13323360933191,52.72179281752143,53.02798080444336,862400,0.0,0.0
2024-12-16 00:00:00-05:00,53.027984711980466,53.03755514042941,52.53999871250505,52.568702697753906,762900,0.0,0.0
2024-12-17 00:00:00-05:00,52.04244276157215,52.520861987032525,52.04244276157215,52.37733840942383,821000,0.0,0.0
2024-12-18 00:00:00-05:00,52.42517935001006,52.42517935001006,50.96121404510363,51.123878479003906,1743200,0.0,0.0
2024-12-19 00:00:00-05:00,51.38222464717701,51.583159842349716,51.10474062524388,51.11430740356445,1181700,0.0,0.0
2024-12-20 00:00:00-05:00,50.99949081446935,51.56402566987549,50.48279715357915,51.296112060546875,1254000,0.0,0.0
2024-12-23 00:00:00-05:00,51.08560423041894,51.37265503523454,50.66459662669267,51.32481384277344,681100,0.0,0.0
2024-12-24 00:00:00-05:00,51.44920542447012,51.44920542447012,51.16215461094379,51.28654098510742,397000,0.0,0.0
2024-12-26 00:00:00-05:00,51.04733099237634,51.4683422558502,51.04733099237634,51.41093063354492,439100,0.0,0.0
2024-12-27 00:00:00-05:00,51.04732880528283,51.458769622386654,51.04732880528283,51.439632415771484,567800,0.0,0.0
2024-12-30 00:00:00-05:00,51.37265429413215,51.73625392167942,50.942079918144735,51.57359313964844,805600,0.0,0.0
2024-12-31 00:00:00-05:00,51.61186535251645,51.64057298842442,51.2291321575512,51.401363372802734,609700,0.0,0.0
2025-01-02 00:00:00-05:00,51.420499877744646,51.631001854583275,51.13344542288004,51.32481384277344,2164500,0.0,0.0
2025-01-03 00:00:00-05:00,51.20999182117695,51.81280103772347,51.018623410363105,51.085601806640625,7451600,0.0,0.0
2025-01-06 00:00:00-05:00,51.81280306528964,51.90848544941644,51.296109430887384,51.382225036621094,7678400,0.0,0.0
2025-01-07 00:00:00-05:00,51.479247056466185,51.479247056466185,50.44112460613533,50.46052551269531,1321200,0.74,0.0
2025-01-08 00:00:00-05:00,50.20826874952538,50.35380144371218,49.829888185899875,50.150054931640625,1335400,0.0,0.0
2025-01-10 00:00:00-05:00,50.256779603341684,50.256779603341684,49.69406082133839,49.78137969970703,1783900,0.0,0.0
2025-01-13 00:00:00-05:00,49.65525145570599,49.674656062067115,48.82087188742863,49.082828521728516,1671400,0.0,0.0
2025-01-14 00:00:00-05:00,49.01491666475886,49.7716778448743,49.01491666475886,49.74257278442383,967100,0.0,0.0
2025-01-15 00:00:00-05:00,50.499334251044615,50.72248168488184,49.91721083243015,50.2470817565918,1416500,0.0,0.0
2025-01-16 00:00:00-05:00,50.082144905757154,50.19857255139389,49.781382740488425,50.15976333618164,1091100,0.0,0.0
2025-01-17 00:00:00-05:00,49.97542144792163,50.23737809920404,49.27687407888568,49.364192962646484,2219200,0.0,0.0
2025-01-21 00:00:00-05:00,49.86870223515902,50.2858920511757,49.63585064208323,50.276187896728516,1661900,0.0,0.0
2025-01-22 00:00:00-05:00,50.227675934470334,50.256780994382055,49.79108153054276,49.91720962524414,3002300,0.0,0.0
2025-01-23 00:00:00-05:00,49.888099811694545,50.34409881295893,49.87839935894542,50.188865661621094,853100,0.0,0.0
2025-01-24 00:00:00-05:00,50.16946046280914,50.38290743127272,50.1500558564897,50.37320327758789,973600,0.0,0.0
2025-01-27 00:00:00-05:00,49.96571792447397,50.596354679668984,49.96571792447397,50.57695007324219,1307400,0.0,0.0
2025-01-28 00:00:00-05:00,50.57695147564604,50.81950351113114,50.363504500083046,50.61575698852539,1066900,0.0,0.0
2025-01-29 00:00:00-05:00,50.35380662071924,50.59635866860122,50.25678358093613,50.382911682128906,800400,0.0,0.0
2025-01-30 00:00:00-05:00,50.75158921591114,50.829203942687506,50.0433377167189,50.31499481201172,1979200,0.0,0.0
2025-01-31 00:00:00-05:00,50.09184449160922,50.34409696538195,49.28657000412488,49.645545959472656,1677800,0.0,0.0
2025-02-03 00:00:00-05:00,47.72453595726993,48.122321137318096,45.88114275504317,47.99619674682617,4798200,0.0,0.0
2025-02-04 00:00:00-05:00,48.966404575569996,49.17984784340253,48.5977244568771,48.68504333496094,2264600,0.0,0.0
2025-02-05 00:00:00-05:00,48.84027619368507,49.102232826375335,48.71414810363786,48.976104736328125,2063800,0.0,0.0
2025-02-06 00:00:00-05:00,49.19925367886105,49.42240110597216,49.03432007227688,49.41270065307617,1596200,0.0,0.0
2025-02-07 00:00:00-05:00,49.49031429666191,49.49031429666191,48.96640472758268,49.38359451293945,1056200,0.0,0.0
2025-02-10 00:00:00-05:00,49.34478591840493,49.46120985732021,48.849977701176954,49.10223388671875,944900,0.0,0.0
2025-02-11 00:00:00-05:00,48.94699891705871,49.46120802080451,48.94699891705871,49.451507568359375,1060100,0.0,0.0
2025-02-12 00:00:00-05:00,49.1022346414796,49.616443772222226,48.85968260606509,49.51942443847656,1350500,0.0,0.0
2025-02-13 00:00:00-05:00,49.57763168957038,49.82018371094998,49.4321026973727,49.645545959472656,1018900,0.0,0.0
2025-02-14 00:00:00-05:00,49.917209027373744,50.062738026239664,49.66495284099233,49.70376205444336,943600,0.0,0.0
2025-02-18 00:00:00-05:00,49.4806147889754,49.5291244554212,49.13133926888517,49.50971984863281,1155900,0.0,0.0
2025-02-19 00:00:00-05:00,49.189550959122066,49.364188711604584,48.84027545415703,49.35448455810547,1058800,0.0,0.0
2025-02-20 00:00:00-05:00,49.432105098925,49.62614746566583,49.20895767254064,49.60674285888672,964700,0.0,0.0
2025-02-21 00:00:00-05:00,49.664956239123576,49.781383887442786,48.83058029913924,48.995513916015625,1511800,0.0,0.0
2025-02-24 00:00:00-05:00,49.034320370911935,49.50001983481274,48.859682609317844,49.121639251708984,1613800,0.0,0.0
2025-02-25 00:00:00-05:00,48.99551302551548,49.3738936230494,47.79245325543665,48.37458038330078,2195800,0.0,0.0
2025-02-26 00:00:00-05:00,48.29695802400026,49.23806106514802,48.21934330056189,48.869380950927734,1216300,0.0,0.0
2025-02-27 00:00:00-05:00,48.869382325437726,48.888786932105646,48.170834990644146,48.20964050292969,1288000,0.0,0.0
2025-02-28 00:00:00-05:00,48.432785754086346,48.432785754086346,47.69542923905383,48.15142822265625,2557800,0.0,0.0
2025-03-03 00:00:00-05:00,48.423086241287784,48.88878568629978,47.4431776863553,47.87976837158203,1370200,0.0,0.0
2025-03-04 00:00:00-05:00,47.43347549802845,47.43347549802845,46.44386274848207,47.03569030761719,3241200,0.0,0.0
2025-03-05 00:00:00-05:00,47.27823849207448,47.72453331304989,46.95807175565301,47.13270950317383,1958200,0.0,0.0
2025-03-06 00:00:00-05:00,46.92896603720495,47.22002773491199,46.521480400625165,46.71552276611328,1230900,0.0,0.0
2025-03-07 00:00:00-05:00,46.521479809761665,46.98717926038819,46.25952317483733,46.89986038208008,1311400,0.0,0.0
2025-03-10 00:00:00-04:00,46.42445614600211,46.744626595791864,46.055779732429286,46.385650634765625,1352200,0.0,0.0
2025-03-11 00:00:00-04:00,46.36624696761318,46.69611787662993,45.628886723434434,46.113990783691406,1685400,0.0,0.0
2025-03-12 00:00:00-04:00,46.191611164026284,46.405058143905556,45.87144069420737,46.162506103515625,1341400,0.0,0.0
2025-03-13 00:00:00-04:00,46.211013348369114,46.259523013693475,45.63859041502111,45.803524017333984,886400,0.0,0.0
2025-03-14 00:00:00-04:00,46.0169718887221,46.599095286134215,46.0169718887221,46.521480560302734,1072800,0.0,0.0
2025-03-17 00:00:00-04:00,46.71552249916024,47.35585971087666,46.71552249916024,47.30734634399414,1169600,0.0,0.0
2025-03-18 00:00:00-04:00,47.32675094522761,47.37526431210468,46.79313721903216,46.90956115722656,1512800,0.0,0.0
2025-03-19 00:00:00-04:00,46.880455474426704,47.0259881710218,46.53117996343864,46.79313659667969,2712800,0.0,0.0
2025-03-20 00:00:00-04:00,46.51177810261202,46.734925536459436,46.337140336809625,46.66701126098633,2619300,0.0,0.0
2025-03-21 00:00:00-04:00,46.30803541593559,46.59909712613444,46.133397649606195,46.56999206542969,2008300,0.0,0.0
2025-03-24 00:00:00-04:00,46.6670088062417,46.97747510665938,46.6670088062417,46.89986038208008,2841400,0.0,0.0
2025-03-25 00:00:00-04:00,47.18122163143379,47.42377365999198,47.074498146700144,47.297645568847656,1212800,0.0,0.0
2025-03-26 00:00:00-04:00,47.443181770097695,47.676029662121316,47.16182050793951,47.28794860839844,1124000,0.0,0.0
2025-03-27 00:00:00-04:00,47.152112863275605,47.17151746968299,46.579689927933586,46.89986038208008,1218600,0.0,0.0
2025-03-28 00:00:00-04:00,46.86105132021802,46.98717941174719,46.24981917009228,46.30803298950195,3683900,0.0,0.0
2025-03-31 00:00:00-04:00,45.80352461665444,46.14309968046862,45.201996616451126,46.016971588134766,7678300,0.0,0.0
2025-04-01 00:00:00-04:00,45.92531870249471,46.349093417172746,45.560676654795344,46.191410064697266,1999700,0.737,0.0
2025-04-02 00:00:00-04:00,45.88590061891056,46.841854297170514,45.767635285120896,46.832000732421875,1782200,0.0,0.0
2025-04-03 00:00:00-04:00,46.743300025006114,47.92592695588121,46.743300025006114,47.6696891784668,3809400,0.0,0.0
2025-04-04 00:00:00-04:00,46.61518344133311,46.8517103429909,45.511400005687754,46.053436279296875,3802200,0.0,0.0
2025-04-07 00:00:00-04:00,44.34848422717754,45.905610589031774,43.865576855871424,43.91485595703125,5061800,0.0,0.0
2025-04-08 00:00:00-04:00,44.979216855224735,45.52125312351542,43.62905296668955,43.95427322387695,2457700,0.0,0.0
2025-04-09 00:00:00-04:00,43.66847561733138,46.22097742294729,43.45165960188778,45.81691360473633,3383600,0.0,0.0
2025-04-10 00:00:00-04:00,45.728215258354176,45.915463056096044,44.358336731460774,44.821533203125,2658200,0.0,0.0
2025-04-11 00:00:00-04:00,45.048203973798564,45.88589982266793,45.00878219655275,45.39313888549805,2434400,0.0,0.0
2025-04-14 00:00:00-04:00,45.974597804710776,46.280107185431454,45.63952021076692,46.191410064697266,2269700,0.0,0.0
2025-04-15 00:00:00-04:00,46.52648730804328,46.61518442810909,46.12242348540293,46.21112060546875,1354300,0.0,0.0
2025-04-16 00:00:00-04:00,46.299817656391866,46.68417058961386,45.98445095428829,46.42793655395508,1686800,0.0,0.0
2025-04-17 00:00:00-04:00,46.42793401282963,46.91083760422802,46.42793401282963,46.78272247314453,1308900,0.0,0.0
2025-04-21 00:00:00-04:00,46.68416818005482,46.99953486588104,46.37865881786111,46.772865295410156,2384000,0.0,0.0
2025-04-22 00:00:00-04:00,47.14736662608104,47.57114133287005,47.00939416516696,47.51200866699219,3667000,0.0,0.0
2025-04-23 00:00:00-04:00,47.98505794951028,48.261006626400395,47.55142968506515,47.768245697021484,3388400,0.0,0.0
2025-04-24 00:00:00-04:00,47.77809767252153,47.876652110800286,47.443020101308605,47.85694122314453,1868600,0.0,0.0
2025-04-25 00:00:00-04:00,47.85694076702518,48.13288567264085,47.521863199005836,48.09346389770508,1934000,0.0,0.0
2025-04-28 00:00:00-04:00,48.152596796675994,48.51723881795491,48.142739473159935,48.50738525390625,1212600,0.0,0.0
2025-04-29 00:00:00-04:00,48.379268806394784,48.891740630542266,48.379268806394784,48.79318618774414,1371900,0.0,0.0
2025-04-30 00:00:00-04:00,48.65521305391348,49.36478999436918,48.349703684136465,49.25638198852539,1970800,0.0,0.0
2025-05-01 00:00:00-04:00,49.22681640763097,49.37464242719295,48.842463493515375,49.10855484008789,1691900,0.0,0.0
2025-05-02 00:00:00-04:00,49.54218529008163,49.76885487103141,49.394355504499444,49.62102508544922,1192000,0.0,0.0
2025-05-05 00:00:00-04:00,49.611169149813286,49.72943071694651,49.46333937129617,49.54218292236328,960000,0.0,0.0
2025-05-06 00:00:00-04:00,49.48305121564772,49.512619427603205,49.12826274792199,49.276092529296875,1536700,0.0,0.0
2025-05-07 00:00:00-04:00,49.394352506955165,49.699865624199774,49.207104714786304,49.36478805541992,1466000,0.0,0.0
2025-05-08 00:00:00-04:00,49.483049621028286,49.52247139605353,49.28594450536942,49.36478805541992,943600,0.0,0.0
2025-05-09 00:00:00-04:00,49.58160504530646,49.69000928958215,49.394353489943754,49.5224723815918,878400,0.0,0.0
2025-05-12 00:00:00-04:00,49.985671168397026,50.08422185302749,49.59146091093988,49.81813049316406,1148400,0.0,0.0
2025-05-13 00:00:00-04:00,49.9363899230957,50.0053799107368,49.50276166608044,49.9363899230957,1589200,0.0,0.0
2025-05-14 00:00:00-04:00,49.81812946724978,50.40944484125843,49.81812946724978,50.3010368347168,1482800,0.0,0.0
2025-05-15 00:00:00-04:00,50.4784323279304,50.66568013332195,50.37002431868932,50.655826568603516,1341600,0.0,0.0
2025-05-16 00:00:00-04:00,50.63611423474943,50.852926487577,50.379876445770186,50.73466491699219,3482000,0.0,0.0
2025-05-19 00:00:00-04:00,50.478430136158195,51.10916351584609,50.478430136158195,50.990901947021484,836500,0.0,0.0
2025-05-20 00:00:00-04:00,51.05988977074699,51.247137573858524,50.87263820816786,50.90220642089844,964000,0.0,0.0
2025-05-21 00:00:00-04:00,50.82336099147905,51.06974145149571,50.645966759509655,50.79379653930664,1921300,0.0,0.0
2025-05-22 00:00:00-04:00,50.62625823089392,50.99090403552864,50.596693777343724,50.87263870239258,1662200,0.0,0.0
2025-05-23 00:00:00-04:00,50.852925357303285,51.592066736098204,50.774085565154905,51.434383392333984,1542600,0.0,0.0
2025-05-27 00:00:00-04:00,50.26161560135234,52.262223803631436,50.26161560135234,51.96656799316406,2197100,0.0,0.0
2025-05-28 00:00:00-04:00,52.045409638954354,52.16367120691065,51.23728203222931,51.434383392333984,1731000,0.0,0.0
2025-05-29 00:00:00-04:00,51.799029320383006,52.50860248952012,51.68076399263726,52.4888916015625,2621400,0.0,0.0
2025-05-30 00:00:00-04:00,52.508601738948755,53.149192430278624,52.45932639949279,52.7451286315918,2438400,0.0,0.0
2025-06-02 00:00:00-04:00,52.617010087623456,52.93237677357751,52.439615856840874,52.72541809082031,1822800,0.0,0.0
2025-06-03 00:00:00-04:00,52.63672033819445,52.87324722953026,52.498747884693316,52.54802322387695,1299800,0.0,0.0
2025-06-04 00:00:00-04:00,52.59730044065706,52.86339179310838,52.41005264128799,52.65643310546875,1321200,0.0,0.0
2025-06-05 00:00:00-04:00,52.64657606496249,53.030932749105936,52.64657606496249,52.853538513183594,1268800,0.0,0.0
2025-06-06 00:00:00-04:00,52.74512955280252,53.19846869886303,52.74512955280252,53.11962890625,1312500,0.0,0.0
2025-06-09 00:00:00-04:00,53.02107524249232,53.4645608307701,53.02107524249232,53.287166595458984,1493000,0.0,0.0
2025-06-10 00:00:00-04:00,53.21817967245068,53.4941245862412,53.18861522010669,53.32658767700195,4314300,0.0,0.0
2025-06-11 00:00:00-04:00,53.46456089468361,53.51383623578059,52.94223551201401,53.070350646972656,3809600,0.0,0.0
2025-06-12 00:00:00-04:00,53.25760173379331,53.5236930847168,53.16890461681881,53.5236930847168,1006900,0.0,0.0
2025-06-13 00:00:00-04:00,53.20832639313359,53.80949156433017,53.11962927615909,53.5236930847168,2201300,0.0,0.0
2025-06-16 00:00:00-04:00,53.8193503774196,54.440230213421934,53.76021771131113,54.075584411621094,4790300,0.0,0.0
2025-06-17 00:00:00-04:00,53.94746618063762,54.08543863417775,53.48426972135226,53.612388610839844,2325400,0.0,0.0
2025-06-18 00:00:00-04:00,53.651808364993265,53.848913487637695,53.48427145439939,53.51383590698242,1642600,0.0,0.0
2025-06-20 00:00:00-04:00,53.82920105800281,54.00659528735628,53.32658658114626,53.38571548461914,1818600,0.0,0.0
2025-06-23 00:00:00-04:00,53.17875720422345,53.40542677466805,52.96194495741022,53.36600875854492,1581900,0.0,0.0
2025-06-24 00:00:00-04:00,53.68137567885086,54.075582158076365,53.55325678735554,53.5631103515625,1815900,0.0,0.0
2025-06-25 00:00:00-04:00,53.44485037247224,53.523693926341565,53.25760257123396,53.47441482543945,2712400,0.0,0.0
2025-06-26 00:00:00-04:00,53.63209854844314,54.32196461174958,53.63209854844314,54.30225372314453,1821000,0.0,0.0
2025-06-27 00:00:00-04:00,54.30225071183637,54.59791026504889,53.7996362384164,54.046016693115234,4053800,0.0,0.0
2025-06-30 00:00:00-04:00,54.05587029325984,54.597910301533396,54.01645227767689,54.469791412353516,1545700,0.0,0.0
2025-07-01 00:00:00-04:00,54.469791937186514,55.011828191215365,54.42051659763251,54.86399841308594,6969900,0.0,0.0
2025-07-02 00:00:00-04:00,54.61000061035156,55.130001068115234,54.290000915527344,55.130001068115234,2625000,0.806,0.0
2025-07-03 00:00:00-04:00,55.119998931884766,55.369998931884766,55.09000015258789,55.349998474121094,1156500,0.0,0.0
2025-07-07 00:00:00-04:00,54.9900016784668,55.29999923706055,54.650001525878906,54.84000015258789,2698700,0.0,0.0
2025-07-08 00:00:00-04:00,54.63999938964844,54.93000030517578,54.5,54.849998474121094,2589800,0.0,0.0
2025-07-09 00:00:00-04:00,55.040000915527344,55.11000061035156,54.7400016784668,54.790000915527344,1714200,0.0,0.0
2025-07-10 00:00:00-04:00,54.68000030517578,55.34000015258789,54.61000061035156,55.11000061035156,3502100,0.0,0.0
2025-07-11 00:00:00-04:00,54.849998474121094,54.869998931884766,54.40999984741211,54.54999923706055,3296800,0.0,0.0
2025-07-14 00:00:00-04:00,54.52000045776367,54.599998474121094,54.31999969482422,54.58000183105469,1992200,0.0,0.0
2025-07-15 00:00:00-04:00,54.599998474121094,54.720001220703125,54.33000183105469,54.5,1360400,0.0,0.0
2025-07-16 00:00:00-04:00,54.5,55.06999969482422,54.400001525878906,55.06999969482422,3643500,0.0,0.0
2025-07-17 00:00:00-04:00,54.630001068115234,55.11000061035156,54.56999969482422,55.04999923706055,1739600,0.0,0.0
2025-07-18 00:00:00-04:00,55.29999923706055,55.29999923706055,54.9900016784668,55.189998626708984,939700,0.0,0.0
2025-07-21 00:00:00-04:00,55.29999923706055,55.65999984741211,55.29999923706055,55.560001373291016,1546600,0.0,0.0
2025-07-22 00:00:00-04:00,55.72999954223633,56.45000076293945,55.72999954223633,56.380001068115234,2296500,0.0,0.0
2025-07-23 00:00:00-04:00,56.5,56.84000015258789,56.5,56.83000183105469,1398000,0.0,0.0
2025-07-24 00:00:00-04:00,56.83000183105469,56.97999954223633,56.650001525878906,56.709999084472656,1464900,0.0,0.0
2025-07-25 00:00:00-04:00,56.560001373291016,56.68000030517578,56.33000183105469,56.619998931884766,872100,0.0,0.0
2025-07-28 00:00:00-04:00,56.369998931884766,56.689998626708984,56.2400016784668,56.25,1600700,0.0,0.0
2025-07-29 00:00:00-04:00,56.22999954223633,56.400001525878906,55.880001068115234,55.95000076293945,1213900,0.0,0.0
2025-07-30 00:00:00-04:00,55.880001068115234,56.459999084472656,55.84000015258789,56.0,1613500,0.0,0.0
2025-07-31 00:00:00-04:00,55.810001373291016,56.0099983215332,55.560001373291016,55.61000061035156,2191900,0.0,0.0
2025-08-01 00:00:00-04:00,55.380001068115234,55.689998626708984,55.209999084472656,55.439998626708984,1626300,0.0,0.0
2025-08-04 00:00:00-04:00,55.77000045776367,56.0,55.65999984741211,55.9900016784668,709700,0.0,0.0
2025-08-05 00:00:00-04:00,55.9900016784668,56.16999816894531,55.540000915527344,55.630001068115234,1762200,0.0,0.0
2025-08-06 00:00:00-04:00,55.95000076293945,56.029998779296875,55.56999969482422,55.58000183105469,1514300,0.0,0.0
2025-08-07 00:00:00-04:00,55.58000183105469,55.900001525878906,55.5099983215332,55.7599983215332,1293300,0.0,0.0
2025-08-08 00:00:00-04:00,55.84000015258789,56.189998626708984,55.84000015258789,56.0,907600,0.0,0.0
2025-08-11 00:00:00-04:00,56.0,56.18000030517578,55.91999816894531,56.060001373291016,967100,0.0,0.0
2025-08-12 00:00:00-04:00,56.209999084472656,56.619998931884766,56.13999938964844,56.40999984741211,1162700,0.0,0.0
2025-08-13 00:00:00-04:00,56.7599983215332,56.7599983215332,56.52000045776367,56.65999984741211,1711900,0.0,0.0
2025-08-14 00:00:00-04:00,56.58000183105469,56.63999938964844,56.349998474121094,56.63999938964844,1015900,0.0,0.0
2025-08-15 00:00:00-04:00,56.689998626708984,56.97999954223633,56.689998626708984,56.790000915527344,1151000,0.0,0.0
2025-08-18 00:00:00-04:00,56.709999084472656,56.90999984741211,56.63999938964844,56.86000061035156,1428000,0.0,0.0
2025-08-19 00:00:00-04:00,56.79999923706055,56.97999954223633,56.630001068115234,56.65999984741211,1090900,0.0,0.0
2025-08-20 00:00:00-04:00,56.869998931884766,56.91999816894531,56.630001068115234,56.709999084472656,1582400,0.0,0.0
2025-08-21 00:00:00-04:00,56.65999984741211,56.79999923706055,56.540000915527344,56.61000061035156,1308900,0.0,0.0
2025-08-22 00:00:00-04:00,56.61000061035156,57.70000076293945,56.54999923706055,57.630001068115234,2135100,0.0,0.0
2025-08-25 00:00:00-04:00,57.54999923706055,57.65999984741211,57.22999954223633,57.31999969482422,2425500,0.0,0.0
2025-08-26 00:00:00-04:00,58.849998474121094,61.470001220703125,58.77000045776367,61.40999984741211,4831700,0.0,0.0
2025-08-27 00:00:00-04:00,61.18000030517578,62.34000015258789,61.060001373291016,61.72999954223633,3339600,0.0,0.0
2025-08-28 00:00:00-04:00,62.290000915527344,62.45000076293945,61.90999984741211,62.38999938964844,1988400,0.0,0.0
2025-08-29 00:00:00-04:00,62.0099983215332,62.689998626708984,61.9900016784668,62.459999084472656,2088000,0.0,0.0
2025-09-02 00:00:00-04:00,61.939998626708984,62.20000076293945,61.689998626708984,62.11000061035156,1822600,0.0,0.0
2025-09-03 00:00:00-04:00,61.970001220703125,62.880001068115234,61.970001220703125,62.849998474121094,2066700,0.0,0.0
2025-09-04 00:00:00-04:00,62.93000030517578,63.599998474121094,62.790000915527344,63.54999923706055,2446400,0.0,0.0
2025-09-05 00:00:00-04:00,63.959999084472656,64.04000091552734,63.22999954223633,63.439998626708984,2039000,0.0,0.0
2025-09-08 00:00:00-04:00,63.47999954223633,64.0,63.189998626708984,63.95000076293945,1896900,0.0,0.0
2025-09-09 00:00:00-04:00,64.0,64.19999694824219,63.7599983215332,63.790000915527344,2005000,0.0,0.0
2025-09-10 00:00:00-04:00,63.900001525878906,64.11000061035156,63.66999816894531,63.880001068115234,1595900,0.0,0.0
2025-09-11 00:00:00-04:00,63.88999938964844,64.37999725341797,63.779998779296875,64.27999877929688,1572100,0.0,0.0
2025-09-12 00:00:00-04:00,64.19000244140625,64.19000244140625,63.29999923706055,63.380001068115234,1335600,0.0,0.0
2025-09-15 00:00:00-04:00,63.38999938964844,64.0199966430664,63.20000076293945,64.0,1214200,0.0,0.0
2025-09-16 00:00:00-04:00,63.9900016784668,64.86000061035156,63.939998626708984,64.80000305175781,2181200,0.0,0.0
2025-09-17 00:00:00-04:00,64.88999938964844,65.19000244140625,64.47000122070312,64.63999938964844,1645800,0.0,0.0
2025-09-18 00:00:00-04:00,64.30000305175781,64.80000305175781,64.25,64.63999938964844,1216100,0.0,0.0
2025-09-19 00:00:00-04:00,65.01000213623047,65.12999725341797,64.38999938964844,64.93000030517578,1520700,0.0,0.0
2025-09-22 00:00:00-04:00,64.87999725341797,64.95999908447266,64.41000366210938,64.44000244140625,2562500,0.0,0.0
2025-09-23 00:00:00-04:00,64.5199966430664,64.69999694824219,64.36000061035156,64.37000274658203,1358700,0.0,0.0
2025-09-24 00:00:00-04:00,64.22000122070312,64.51000213623047,63.9900016784668,64.08000183105469,2154600,0.0,0.0
2025-09-25 00:00:00-04:00,63.970001220703125,64.4000015258789,63.810001373291016,64.37000274658203,2172000,0.0,0.0
2025-09-26 00:00:00-04:00,64.55000305175781,64.83999633789062,64.33000183105469,64.38999938964844,1193500,0.0,0.0
2025-09-29 00:00:00-04:00,64.11000061035156,64.9000015258789,64.04000091552734,64.7699966430664,1348100,0.0,0.0
2025-09-30 00:00:00-04:00,64.80999755859375,64.83999633789062,63.91999816894531,64.6500015258789,1784700,0.0,0.0
2025-10-01 00:00:00-04:00,64.7300033569336,64.87000274658203,64.52999877929688,64.58999633789062,1352800,0.0,0.0
2025-10-02 00:00:00-04:00,64.5999984741211,65.08000183105469,64.27999877929688,65.05999755859375,1758200,0.0,0.0
2025-10-03 00:00:00-04:00,64.98999786376953,65.5199966430664,64.87000274658203,65.25,2080400,0.0,0.0
2025-10-06 00:00:00-04:00,65.25,65.44000244140625,64.61000061035156,65.37000274658203,3072300,0.0,0.0
2025-10-07 00:00:00-04:00,64.5199966430664,64.58999633789062,64.0999984741211,64.18000030517578,1515000,0.0,0.0
2025-10-08 00:00:00-04:00,64.37999725341797,64.37999725341797,63.209999084472656,63.310001373291016,1699400,0.0,0.0
2025-10-09 00:00:00-04:00,63.349998474121094,63.68000030517578,63.34000015258789,63.54999923706055,1796500,0.0,0.0
2025-10-10 00:00:00-04:00,63.849998474121094,64.16999816894531,63.38999938964844,63.43000030517578,1955300,0.0,0.0
2025-10-13 00:00:00-04:00,63.779998779296875,64.0999984741211,63.70000076293945,63.88999938964844,914100,0.0,0.0
2025-10-14 00:00:00-04:00,63.20000076293945,64.20999908447266,62.97999954223633,64.13999938964844,1514100,0.0,0.0
2025-10-15 00:00:00-04:00,64.3499984741211,64.63999938964844,64.19000244140625,64.51000213623047,1429400,0.0,0.0
2025-10-16 00:00:00-04:00,64.54000091552734,64.7699966430664,63.869998931884766,63.97999954223633,1710800,0.0,0.0
2025-10-17 00:00:00-04:00,64.13999938964844,64.13999938964844,63.68000030517578,63.75,1407500,0.0,0.0
2025-10-20 00:00:00-04:00,63.88999938964844,64.16999816894531,63.7400016784668,64.05999755859375,866900,0.0,0.0
2025-10-21 00:00:00-04:00,63.9900016784668,64.47000122070312,63.9900016784668,64.33999633789062,1016300,0.0,0.0
2025-10-22 00:00:00-04:00,64.3499984741211,64.58000183105469,64.06999969482422,64.18000030517578,2163000,0.0,0.0
2025-10-23 00:00:00-04:00,64.12000274658203,64.58999633789062,64.12000274658203,64.47000122070312,984700,0.0,0.0
2025-10-24 00:00:00-04:00,64.48999786376953,64.88999938964844,64.48999786376953,64.77999877929688,926800,0.0,0.0
2025-10-27 00:00:00-04:00,64.95999908447266,65.29000091552734,64.73999786376953,65.2300033569336,953500,0.0,0.0
2025-10-28 00:00:00-04:00,65.30000305175781,66.0999984741211,65.16000366210938,65.93000030517578,1352700,0.0,0.0
2025-10-29 00:00:00-04:00,65.9000015258789,66.01000213623047,64.8499984741211,65.29000091552734,1747800,0.0,0.0
2025-10-30 00:00:00-04:00,64.9000015258789,65.73999786376953,64.9000015258789,65.66000366210938,1401200,0.0,0.0
2025-10-31 00:00:00-04:00,65.20999908447266,65.66000366210938,65.08999633789062,65.5999984741211,1083500,0.0,0.0
2025-11-03 00:00:00-05:00,65.37999725341797,65.7300033569336,65.08999633789062,65.69000244140625,1519000,0.0,0.0
2025-11-04 00:00:00-05:00,65.3499984741211,65.7699966430664,64.80000305175781,65.75,1067600,0.0,0.0
2025-11-05 00:00:00-05:00,65.54000091552734,66.02999877929688,65.27999877929688,65.5,1870400,0.0,0.0
2025-11-06 00:00:00-05:00,65.5199966430664,65.87999725341797,65.23999786376953,65.86000061035156,1265700,0.0,0.0
2025-11-07 00:00:00-05:00,65.83999633789062,66.69999694824219,65.55000305175781,66.69999694824219,1437000,0.0,0.0
2025-11-10 00:00:00-05:00,66.77999877929688,67.23999786376953,66.66999816894531,67.2300033569336,1148100,0.0,0.0
2025-11-11 00:00:00-05:00,67.30999755859375,67.33000183105469,66.73999786376953,66.76000213623047,815400,0.0,0.0
2025-11-12 00:00:00-05:00,66.9800033569336,67.95999908447266,66.9000015258789,67.83000183105469,1187700,0.0,0.0
2025-11-13 00:00:00-05:00,67.75,68.0999984741211,66.8499984741211,67.2699966430664,1740500,0.0,0.0
2025-11-14 00:00:00-05:00,66.94999694824219,67.58999633789062,66.55000305175781,67.44999694824219,2269400,0.0,0.0
2025-11-17 00:00:00-05:00,67.5199966430664,67.91000366210938,66.98999786376953,67.33999633789062,1487100,0.0,0.0
2025-11-18 00:00:00-05:00,67.0199966430664,68.08999633789062,66.87000274658203,67.80000305175781,2048600,0.0,0.0
2025-11-19 00:00:00-05:00,67.52999877929688,67.61000061035156,66.48999786376953,66.8499984741211,1745800,0.0,0.0
2025-11-20 00:00:00-05:00,67.26000213623047,67.29000091552734,66.01000213623047,66.37000274658203,2199800,0.0,0.0
2025-11-21 00:00:00-05:00,66.7300033569336,66.7300033569336,65.98999786376953,66.68000030517578,1859000,0.0,0.0
2025-11-24 00:00:00-05:00,66.62999725341797,66.91999816894531,66.36000061035156,66.58999633789062,2054100,0.0,0.0
2025-11-25 00:00:00-05:00,67.16000366210938,67.87999725341797,66.95999908447266,67.8499984741211,1693800,0.0,0.0
2025-11-26 00:00:00-05:00,68.01000213623047,68.97000122070312,67.98999786376953,68.97000122070312,1333400,0.0,0.0
2025-11-28 00:00:00-05:00,69.06999969482422,69.43000030517578,68.97000122070312,69.29000091552734,688200,0.0,0.0
2025-12-01 00:00:00-05:00,69.29000091552734,69.29000091552734,68.37000274658203,68.56999969482422,1526100,0.0,0.0
2025-12-02 00:00:00-05:00,70.0,71.0,68.7699966430664,70.55000305175781,3257700,0.0,0.0
2025-12-03 00:00:00-05:00,70.66000366210938,71.08999633789062,69.69000244140625,70.30999755859375,2395000,0.0,0.0
2025-12-04 00:00:00-05:00,70.22000122070312,70.91000366210938,70.16000366210938,70.48999786376953,2066700,0.0,0.0
2025-12-05 00:00:00-05:00,70.83000183105469,71.73999786376953,70.6500015258789,71.69999694824219,1584300,0.0,0.0
2025-12-08 00:00:00-05:00,71.73999786376953,72.41999816894531,71.26000213623047,71.69999694824219,2799900,0.0,0.0
2025-12-09 00:00:00-05:00,71.87000274658203,72.41000366210938,71.8499984741211,72.12999725341797,1455600,0.0,0.0
2025-12-10 00:00:00-05:00,72.30000305175781,73.04000091552734,72.22000122070312,72.6500015258789,1366900,0.0,0.0
2025-12-11 00:00:00-05:00,72.88999938964844,73.04000091552734,72.27999877929688,72.91999816894531,1532500,0.0,0.0
2025-12-12 00:00:00-05:00,73.04000091552734,73.37999725341797,72.62000274658203,72.7699966430664,1461600,0.0,0.0
2025-12-15 00:00:00-05:00,72.88999938964844,73.26000213623047,72.73999786376953,73.01000213623047,1126900,0.0,0.0
2025-12-16 00:00:00-05:00,72.83000183105469,73.25,72.77999877929688,72.83000183105469,2168900,0.0,0.0
2025-12-17 00:00:00-05:00,72.94000244140625,72.97000122070312,71.36000061035156,71.4800033569336,3767800,0.0,0.0
2025-12-18 00:00:00-05:00,71.81999969482422,72.3499984741211,71.70999908447266,72.04000091552734,2175100,0.0,0.0
2025-12-19 00:00:00-05:00,72.05000305175781,72.9000015258789,72.05000305175781,72.54000091552734,1680300,0.0,0.0
2025-12-22 00:00:00-05:00,72.69000244140625,73.36000061035156,72.38999938964844,73.01000213623047,2674300,0.0,0.0
2025-12-23 00:00:00-05:00,72.98999786376953,73.88999938964844,72.98999786376953,73.72000122070312,1649800,0.0,0.0
2025-12-24 00:00:00-05:00,73.88999938964844,74.41000366210938,73.8499984741211,74.08000183105469,1093400,0.0,0.0
2025-12-26 00:00:00-05:00,74.0999984741211,74.2300033569336,73.83000183105469,74.16999816894531,1150300,0.0,0.0
2025-12-29 00:00:00-05:00,74.0199966430664,74.52999877929688,73.9000015258789,73.91999816894531,1337800,0.0,0.0
2025-12-30 00:00:00-05:00,73.94000244140625,74.26000213623047,73.79000091552734,73.97000122070312,2247700,0.0,0.0
2025-12-31 00:00:00-05:00,73.97000122070312,74.12999725341797,73.66999816894531,73.69000244140625,3070200,0.0,0.0
2026-01-02 00:00:00-05:00,73.94999694824219,74.52999877929688,73.47000122070312,74.52999877929688,1765500,0.0,0.0
2026-01-05 00:00:00-05:00,74.5,74.97000122070312,73.86000061035156,74.72000122070312,7958000,0.0,0.0
2026-01-06 00:00:00-05:00,73.68000030517578,73.98999786376953,72.19999694824219,72.22000122070312,4600500,0.0,0.0
2026-01-07 00:00:00-05:00,72.08999633789062,72.69000244140625,71.73999786376953,72.02999877929688,1652900,0.0,0.0
2026-01-08 00:00:00-05:00,71.80000305175781,73.02999877929688,71.62999725341797,72.9000015258789,1550500,0.0,0.0
2026-01-09 00:00:00-05:00,72.75,72.9800033569336,72.22000122070312,72.29000091552734,1018400,0.0,0.0
2026-01-12 00:00:00-05:00,72.0999984741211,72.55000305175781,71.7699966430664,72.36000061035156,1065600,0.0,0.0
2026-01-13 00:00:00-05:00,72.23999786376953,72.91000366210938,72.23999786376953,72.66999816894531,1275200,0.0,0.0
2026-01-14 00:00:00-05:00,72.66999816894531,73.19999694824219,72.29000091552734,73.0,1842200,0.0,0.0
2026-01-15 00:00:00-05:00,72.80000305175781,73.55000305175781,72.80000305175781,73.55000305175781,2137400,0.0,0.0
2026-01-16 00:00:00-05:00,73.55000305175781,73.76000213623047,73.27999877929688,73.47000122070312,4786600,0.0,0.0
2026-01-20 00:00:00-05:00,73.43000030517578,73.86000061035156,72.93000030517578,73.27999877929688,1399200,0.0,0.0
2026-01-21 00:00:00-05:00,73.38999938964844,74.2699966430664,73.26000213623047,73.80000305175781,2650100,0.0,0.0
2026-01-22 00:00:00-05:00,74.11000061035156,74.61000061035156,73.88999938964844,74.4000015258789,1161800,0.0,0.0
2026-01-23 00:00:00-05:00,74.30999755859375,74.9800033569336,73.93000030517578,74.87000274658203,1228000,0.0,0.0
2026-01-26 00:00:00-05:00,75.0,75.47000122070312,74.73999786376953,75.08999633789062,1278400,0.0,0.0
2026-01-27 00:00:00-05:00,75.33999633789062,76.5,75.33999633789062,76.23999786376953,1313000,0.0,0.0
2026-01-28 00:00:00-05:00,76.19000244140625,76.5199966430664,74.70999908447266,75.26000213623047,1952800,0.0,0.0
2026-01-29 00:00:00-05:00,75.58000183105469,76.55999755859375,75.45999908447266,76.41999816894531,1611800,0.0,0.0
2026-01-30 00:00:00-05:00,76.27999877929688,76.41999816894531,74.23999786376953,74.72000122070312,1807800,0.0,0.0
2026-02-02 00:00:00-05:00,74.44999694824219,75.45999908447266,74.2300033569336,75.19999694824219,1624600,0.0,0.0
2026-02-03 00:00:00-05:00,75.43000030517578,75.80999755859375,75.02999877929688,75.36000061035156,2174500,0.0,0.0
2026-02-04 00:00:00-05:00,75.55999755859375,75.91999816894531,74.61000061035156,74.69999694824219,2168200,0.0,0.0
2026-02-05 00:00:00-05:00,74.55999755859375,75.5,73.72000122070312,75.30000305175781,2111800,0.0,0.0
2026-02-06 00:00:00-05:00,75.5999984741211,76.5,75.55999755859375,76.33999633789062,1702100,0.0,0.0
2026-02-09 00:00:00-05:00,76.5,77.72000122070312,76.45999908447266,77.62999725341797,1587500,0.0,0.0
2026-02-10 00:00:00-05:00,77.7699966430664,78.20999908447266,77.45999908447266,77.77999877929688,1415700,0.0,0.0
2026-02-11 00:00:00-05:00,78.08000183105469,78.27999877929688,76.9800033569336,77.19000244140625,1378300,0.0,0.0
2026-02-12 00:00:00-05:00,77.25,77.69000244140625,75.62000274658203,75.83999633789062,1550600,0.0,0.0
2026-02-13 00:00:00-05:00,75.5999984741211,76.01000213623047,75.01000213623047,75.69999694824219,1441600,0.0,0.0
2026-02-17 00:00:00-05:00,75.55999755859375,76.5,75.54000091552734,76.22000122070312,1083400,0.0,0.0
2026-02-18 00:00:00-05:00,76.68000030517578,76.79000091552734,75.80999755859375,75.94999694824219,1104900,0.0,0.0
2026-02-19 00:00:00-05:00,75.94000244140625,76.23999786376953,75.38999938964844,76.19999694824219,2359500,0.0,0.0
2026-02-20 00:00:00-05:00,76.27999877929688,77.33000183105469,76.1500015258789,77.29000091552734,1223400,0.0,0.0
2026-02-23 00:00:00-05:00,77.4000015258789,77.80000305175781,75.73999786376953,75.88999938964844,2827300,0.0,0.0
2026-02-24 00:00:00-05:00,76.80999755859375,76.94999694824219,74.9000015258789,75.37999725341797,2490200,0.0,0.0
2026-02-25 00:00:00-05:00,75.95999908447266,75.95999908447266,74.91000366210938,75.91999816894531,2105100,0.0,0.0
2026-02-26 00:00:00-05:00,76.05000305175781,76.88999938964844,75.16000366210938,76.7699966430664,2371000,0.0,0.0
2026-02-27 00:00:00-05:00,76.52999877929688,76.83000183105469,75.36000061035156,75.75,2962032,0.0,0.0
