Date,Open,High,Low,Close,Volume,Dividends,Stock Splits
2022-01-03 00:00:00-05:00,16.83968302592723,17.38028313029716,16.803642216993065,17.362262725830078,2111900,0.0,0.0
2022-01-04 00:00:00-05:00,17.380282933278032,17.506422326076994,17.128002429159764,17.16404151916504,1036800,0.0,0.0
2022-01-05 00:00:00-05:00,17.263151269658863,17.299192076609426,16.686512106611968,16.69552230834961,1336900,0.0,0.0
2022-01-06 00:00:00-05:00,16.722553861674104,16.83968478442124,16.560373641575325,16.587404251098633,1872600,0.0,0.0
2022-01-07 00:00:00-05:00,16.578390727632144,16.713540311140086,16.497300633823343,16.641460418701172,1070400,0.0,0.0
2022-01-10 00:00:00-05:00,16.686510585887994,16.884729850490597,16.479281120368892,16.56036949157715,989100,0.0,0.0
2022-01-11 00:00:00-05:00,16.66849403480911,16.66849403480911,16.163934696562794,16.362154006958008,1027100,0.0,0.0
2022-01-12 00:00:00-05:00,16.398194029047676,17.09196244127229,16.362153218791633,17.046913146972656,1911800,0.0,0.0
2022-01-13 00:00:00-05:00,17.019879598551185,17.50642014181977,17.019879598551185,17.32621955871582,1220400,0.0,0.0
2022-01-14 00:00:00-05:00,17.200085579036305,17.515435839164958,17.11899546304549,17.488405227661133,1117100,0.0,0.0
2022-01-18 00:00:00-05:00,17.29919411164985,17.443353919370228,17.118993492739147,17.281173706054688,1567300,0.0,0.0
2022-01-19 00:00:00-05:00,18.155142279963002,18.36237178332175,17.731673070683776,18.19118309020996,4373800,0.0,0.0
2022-01-20 00:00:00-05:00,18.1281125673909,18.470491656583498,17.983951051471536,18.110092163085938,2481900,0.0,0.0
2022-01-21 00:00:00-05:00,18.038010230393404,18.11009012096508,17.64156997298911,17.722660064697266,2552000,0.0,0.0
2022-01-24 00:00:00-05:00,17.52444208485236,17.758700457558913,17.146022201873677,17.659591674804688,3080600,0.0,0.0
2022-01-25 00:00:00-05:00,17.407310358607923,17.758699619607587,17.263150573658308,17.578500747680664,2084600,0.0,0.0
2022-01-26 00:00:00-05:00,17.67761304461802,17.884842541772922,17.128002734448582,17.371273040771484,2186800,0.0,0.0
2022-01-27 00:00:00-05:00,17.39830256900022,17.542462373933382,17.046913259290687,17.055923461914062,2425200,0.0,0.0
2022-01-28 00:00:00-05:00,17.03790126284326,17.47038063210945,16.704532393479,17.44335174560547,1341600,0.0,0.0
2022-01-31 00:00:00-05:00,17.308200439004565,17.461370430434705,17.173050850923914,17.44335174560547,2357800,0.0,0.0
2022-02-01 00:00:00-05:00,17.497412047292883,17.983950930614842,17.44335255326163,17.902862548828125,1896800,0.0,0.0
2022-02-02 00:00:00-05:00,17.794741505232615,18.092071294553918,17.569491612761315,17.875831604003906,1302800,0.0,0.0
2022-02-03 00:00:00-05:00,17.704641539846303,18.038012143166426,17.66860244999891,17.902862548828125,1047900,0.0,0.0
2022-02-04 00:00:00-05:00,17.6595903477672,19.713868085121653,17.443350676388842,19.22732925415039,6457700,0.0,0.0
2022-02-07 00:00:00-05:00,19.10119155743198,19.281390440187952,18.776831162542816,18.830890655517578,3319800,0.0,0.0
2022-02-08 00:00:00-05:00,18.884949523734242,19.1192096102354,18.794850944597073,18.948020935058594,1581000,0.0,0.0
2022-02-09 00:00:00-05:00,19.01109482432757,19.20030394450549,18.96604380629429,18.993074417114258,1714000,0.0,0.0
2022-02-10 00:00:00-05:00,18.839895662331177,19.317425921070086,18.830885462899897,19.06514549255371,2149200,0.0,0.0
2022-02-11 00:00:00-05:00,19.04713057436525,19.065150978413055,18.776831387729505,18.84891128540039,1447400,0.0,0.0
2022-02-14 00:00:00-05:00,18.848912369985793,19.02010278124974,18.66871175617949,18.767822265625,1121900,0.0,0.0
2022-02-15 00:00:00-05:00,18.902973491826824,19.146243825823397,18.902973491826824,19.128223419189453,1246900,0.0,0.0
2022-02-16 00:00:00-05:00,19.029114841627,19.39852458932745,18.98406382451683,19.146244049072266,1103200,0.0,0.0
2022-02-17 00:00:00-05:00,18.93901158711908,19.101191786508657,18.785841589753403,18.84891128540039,954300,0.0,0.0
2022-02-18 00:00:00-05:00,18.87594223022461,18.966040815039914,18.659700814810904,18.87594223022461,2265900,0.0,0.0
2022-02-22 00:00:00-05:00,20.191400866154318,20.353581068857622,19.90308126957971,20.21843147277832,28635900,0.0,0.0
2022-02-23 00:00:00-05:00,20.227444116557745,20.281503617810696,20.09229278564453,20.09229278564453,10403600,0.0,0.0
2022-02-24 00:00:00-05:00,20.029219596276622,20.31753917748931,19.98417030615724,20.29952049255371,3923200,0.0,0.0
2022-02-25 00:00:00-05:00,20.27248945541037,20.497739338248262,20.200409561643053,20.461698532104492,5867800,0.0,0.0
2022-02-28 00:00:00-05:00,20.40764290654111,20.74101355242926,20.389622500056227,20.65091323852539,4453000,0.0,0.0
2022-03-01 00:00:00-05:00,20.632888300707226,20.75902939987813,20.506748920056495,20.578828811645508,4198900,0.0,0.0
2022-03-02 00:00:00-05:00,20.63289294359333,20.74101366456664,20.596853848949262,20.659923553466797,2751500,0.0,0.0
2022-03-03 00:00:00-05:00,20.718732965043998,20.773017372625365,20.63730549083684,20.67349624633789,5984700,0.095,0.0
2022-03-04 00:00:00-05:00,20.67349245290479,20.67349245290479,20.257307469360622,20.28445053100586,5300600,0.0,0.0
2022-03-07 00:00:00-05:00,20.284448913538206,20.30254428652545,19.949691415953186,19.96778678894043,7883100,0.0,0.0
2022-03-08 00:00:00-05:00,20.130640553842905,20.193972630039987,19.97683334350586,19.97683334350586,4735800,0.0,0.0
2022-03-09 00:00:00-05:00,20.175883242856145,20.212073997515265,20.04017136422477,20.139694213867188,4106900,0.0,0.0
2022-03-10 00:00:00-05:00,20.103503538001004,20.13969429280197,19.99493472493845,20.049219131469727,4187000,0.0,0.0
2022-03-11 00:00:00-05:00,20.13969331210895,20.22112078077588,20.049218155182352,20.17588233947754,3733000,0.0,0.0
2022-03-14 00:00:00-04:00,20.184930081216027,20.32968964241408,20.157788742035198,20.221120834350586,5126500,0.0,0.0
2022-03-15 00:00:00-04:00,20.284448203794813,20.38397102607265,20.193973067694028,20.257305145263672,3959900,0.0,0.0
2022-03-16 00:00:00-04:00,20.266355156575703,20.365877990271674,20.20302307174004,20.28445053100586,2801300,0.0,0.0
2022-03-17 00:00:00-04:00,20.248261327400645,20.356831856597307,20.212072301448437,20.302547454833984,2555400,0.0,0.0
2022-03-18 00:00:00-04:00,20.257309861815056,20.37492808383228,20.20302545778331,20.221120834350586,5267000,0.0,0.0
2022-03-21 00:00:00-04:00,20.257309861815056,20.302548303233255,20.175882392932387,20.221120834350586,2609400,0.0,0.0
2022-03-22 00:00:00-04:00,20.257307533645037,20.266355220888826,20.1939754486084,20.1939754486084,2708000,0.0,0.0
2022-03-23 00:00:00-04:00,20.221120548006702,20.23016823616222,20.139693080277098,20.148740768432617,1539700,0.0,0.0
2022-03-24 00:00:00-04:00,20.175883655440344,20.21207441083954,20.121599248011744,20.166837692260742,1149900,0.0,0.0
2022-03-25 00:00:00-04:00,20.16683096221508,20.257304369180027,20.157783276384663,20.24825668334961,1491700,0.0,0.0
2022-03-28 00:00:00-04:00,20.266353550265357,20.365876376073157,20.212069156947354,20.356828689575195,3008300,0.0,0.0
2022-03-29 00:00:00-04:00,20.374924481284857,20.42920887571843,20.31159240016739,20.38397216796875,1464700,0.0,0.0
2022-03-30 00:00:00-04:00,20.33873492862644,20.39302105191691,20.266355156575703,20.28445053100586,1505400,0.0,0.0
2022-03-31 00:00:00-04:00,20.293496666747835,20.38397180631175,20.257305920654368,20.266353607177734,2256200,0.0,0.0
2022-04-01 00:00:00-04:00,20.329687241411364,20.4020670134621,20.27540284379078,20.28445053100586,2082900,0.0,0.0
2022-04-04 00:00:00-04:00,20.302543103004837,20.356827493132357,20.275400045106256,20.320636749267578,1306300,0.0,0.0
2022-04-05 00:00:00-04:00,20.338733673095703,20.411113440678367,20.31159233879582,20.338733673095703,2758900,0.0,0.0
2022-04-06 00:00:00-04:00,20.31159346987937,20.483494348917155,20.31159346987937,20.329687118530273,2159100,0.0,0.0
2022-04-07 00:00:00-04:00,20.356829464646815,20.438256920558988,20.311592756104414,20.365877151489258,3475200,0.0,0.0
2022-04-08 00:00:00-04:00,20.365877151489258,20.429209233716545,20.356829464646815,20.365877151489258,2793200,0.0,0.0
2022-04-11 00:00:00-04:00,20.383974920313975,20.42921163417174,20.26635670321176,20.302547454833984,3873400,0.0,0.0
2022-04-12 00:00:00-04:00,20.374927232408417,20.374927232408417,20.302547454833984,20.302547454833984,2541700,0.0,0.0
2022-04-13 00:00:00-04:00,20.266353669295288,20.356828809136516,20.257305982744192,20.31159210205078,2003800,0.0,0.0
2022-04-14 00:00:00-04:00,20.338736480786192,20.34778416869175,20.28445207902287,20.302547454833984,1849900,0.0,0.0
2022-04-18 00:00:00-04:00,20.302543103004837,20.347779807166162,20.26635235914006,20.320636749267578,1735300,0.0,0.0
2022-04-19 00:00:00-04:00,20.32063794358336,20.365876376073157,20.293496609759234,20.356828689575195,2317300,0.0,0.0
2022-04-20 00:00:00-04:00,20.347786868916923,20.564926230455406,20.32064380159827,20.474451065063477,2194900,0.0,0.0
2022-04-21 00:00:00-04:00,20.528734440198214,20.57397115397827,20.40206853540803,20.555875778198242,2962700,0.0,0.0
2022-04-22 00:00:00-04:00,20.537779750156048,20.537779750156048,20.365877151489258,20.365877151489258,3070600,0.0,0.0
2022-04-25 00:00:00-04:00,20.383974793755925,20.393022481605307,20.275404265233348,20.3477840423584,2577600,0.0,0.0
2022-04-26 00:00:00-04:00,20.320643225696745,20.347786292246145,20.13064693686154,20.166837692260742,2589000,0.0,0.0
2022-04-27 00:00:00-04:00,20.175883655440344,20.311597262517143,20.112551559161943,20.166837692260742,2413400,0.0,0.0
2022-04-28 00:00:00-04:00,20.257310299801556,20.26635798828082,20.112550735473633,20.112550735473633,1582800,0.0,0.0
2022-04-29 00:00:00-04:00,20.130642054227526,20.166832800848752,19.949691772460938,19.949691772460938,2515300,0.0,0.0
2022-05-02 00:00:00-04:00,19.994929848421297,20.085404987687767,19.859218002356464,19.96778678894043,1903000,0.0,0.0
2022-05-03 00:00:00-04:00,19.985882639655756,20.049214720955206,19.904455184936523,19.904455184936523,866000,0.0,0.0
2022-05-04 00:00:00-04:00,19.92255204299075,20.031120840260446,19.87731360607011,20.01302719116211,1703500,0.0,0.0
2022-05-05 00:00:00-04:00,19.90445500632774,19.940645752842556,19.497317736384947,19.78683853149414,4357800,0.0,0.0
2022-05-06 00:00:00-04:00,19.786836914016664,19.786836914016664,19.50636382846348,19.72350311279297,3390100,0.0,0.0
2022-05-09 00:00:00-04:00,19.542559506260844,19.687319065697068,19.008757983713497,19.162565231323242,3773700,0.0,0.0
2022-05-10 00:00:00-04:00,19.189703823187873,19.452081565650722,19.13541942758756,19.243989944458008,4702600,0.0,0.0
2022-05-11 00:00:00-04:00,19.262082566019544,19.759693193541004,19.144464379076204,19.669218063354492,1875200,0.0,0.0
2022-05-12 00:00:00-04:00,19.669222791278838,19.69636585456009,19.461131149799222,19.4973201751709,2183200,0.0,0.0
2022-05-13 00:00:00-04:00,19.605886206314395,19.605886206314395,18.96351432800293,18.96351432800293,3102300,0.0,0.0
2022-05-16 00:00:00-04:00,19.026853020178464,19.352561160256712,19.01780533216656,19.044946670532227,3093900,0.0,0.0
2022-05-17 00:00:00-04:00,19.144465870945925,19.343509792331478,19.144465870945925,19.29827308654785,1924600,0.0,0.0
2022-05-18 00:00:00-04:00,19.280179212279105,19.29827458626668,18.999707818151098,19.017803192138672,1438000,0.0,0.0
2022-05-19 00:00:00-04:00,18.89113933683849,19.026852930708806,18.836854934692383,18.836854934692383,2376900,0.0,0.0
2022-05-20 00:00:00-04:00,18.963516653360358,19.162562311508978,18.854947863160934,18.990659713745117,1758100,0.0,0.0
2022-05-23 00:00:00-04:00,19.180657681933912,19.379701614379883,18.99970739740499,19.379701614379883,880600,0.0,0.0
2022-05-24 00:00:00-04:00,19.289232111949886,19.325422869705136,19.144472532269496,19.171615600585938,1496600,0.0,0.0
2022-05-25 00:00:00-04:00,19.117323465342437,19.596840501115388,19.117323465342437,19.488271713256836,762400,0.0,0.0
2022-05-26 00:00:00-04:00,19.587793471542106,19.660173241098875,19.515413701985338,19.542556762695312,882500,0.0,0.0
2022-05-27 00:00:00-04:00,19.66017602344644,19.82303095941418,19.623986996381426,19.75969886779785,676000,0.0,0.0
2022-05-31 00:00:00-04:00,19.660174771894976,19.958741560272614,19.596842684310317,19.813982009887695,1877100,0.0,0.0
2022-06-01 00:00:00-04:00,19.77778976707764,19.886358549366097,19.605887181839623,19.70541000366211,1032400,0.0,0.0
2022-06-02 00:00:00-04:00,19.773567367173506,20.064354842197663,19.773567367173506,19.98257064819336,987300,0.095,0.0
2022-06-03 00:00:00-04:00,19.90987103576139,20.00074254249143,19.600908952817168,19.828086853027344,1625100,0.0,0.0
2022-06-06 00:00:00-04:00,19.837175246847984,19.95530699870703,19.673606872558594,19.673606872558594,1211600,0.0,0.0
2022-06-07 00:00:00-04:00,19.61908567314145,19.673607889646632,19.391907748934834,19.473691940307617,2487400,0.0,0.0
2022-06-08 00:00:00-04:00,19.55547619944996,19.55547619944996,19.2374267578125,19.2374267578125,813700,0.0,0.0
2022-06-09 00:00:00-04:00,19.264685902482064,19.273771492904586,19.01933336355969,19.037508010864258,1036300,0.0,0.0
2022-06-10 00:00:00-04:00,18.9102874486642,19.08294313375009,18.90120012489865,19.01024627685547,992000,0.0,0.0
2022-06-13 00:00:00-04:00,18.864852635766614,18.901200197739104,18.510455673693315,18.537715911865234,1280800,0.0,0.0
2022-06-14 00:00:00-04:00,18.501367737948993,18.601324829989547,18.08335952309757,18.42867088317871,2764100,0.0,0.0
2022-06-15 00:00:00-04:00,18.5195453609764,18.828507505622216,18.374151614464274,18.628591537475586,1343800,0.0,0.0
2022-06-16 00:00:00-04:00,18.410493602577503,18.50136509134872,18.301447469406142,18.36505699157715,1077800,0.0,0.0
2022-06-17 00:00:00-04:00,18.51954058997819,18.87393927237783,18.428670821740585,18.828502655029297,2155200,0.0,0.0
2022-06-21 00:00:00-04:00,18.95572294657983,19.173813504367295,18.728545065564173,19.046592712402344,1682000,0.0,0.0
2022-06-22 00:00:00-04:00,18.90119917337641,19.15563902631348,18.84667696675764,18.973896026611328,1110900,0.0,0.0
2022-06-23 00:00:00-04:00,18.91937497085274,19.219249725341797,18.910287646991883,19.219249725341797,746800,0.0,0.0
2022-06-24 00:00:00-04:00,19.219252041233407,19.473691940307617,19.092032958311307,19.473691940307617,2568400,0.0,0.0
2022-06-27 00:00:00-04:00,19.591819307401916,19.664516157526187,19.373728757029106,19.410078048706055,579500,0.0,0.0
2022-06-28 00:00:00-04:00,19.455512622957205,19.510034826382338,19.046591764194694,19.08294105529785,853500,0.0,0.0
2022-06-29 00:00:00-04:00,19.13746270459912,19.15563734962445,18.946634131521773,19.019330978393555,730100,0.0,0.0
2022-06-30 00:00:00-04:00,18.982988171634894,19.146556566267577,18.91029129993483,19.05568504333496,859200,0.0,0.0
2022-07-01 00:00:00-04:00,19.03750879089112,19.182902508825375,18.93754995985013,19.073856353759766,837800,0.0,0.0
2022-07-05 00:00:00-04:00,19.037513451258715,19.073861023025216,18.783073515972163,18.94664192199707,888800,0.0,0.0
2022-07-06 00:00:00-04:00,18.946630777460452,18.946630777460452,18.346881463632574,18.374141693115234,1842400,0.0,0.0
2022-07-07 00:00:00-04:00,18.310539961484576,18.41049880067868,18.210582855520446,18.30145263671875,1936300,0.0,0.0
2022-07-08 00:00:00-04:00,18.283278704518644,18.365061156406934,18.183319870878684,18.219667434692383,961000,0.0,0.0
2022-07-11 00:00:00-04:00,18.183319438471873,18.246928973555594,18.019751072125253,18.037925720214844,737900,0.0,0.0
2022-07-12 00:00:00-04:00,17.956141340503486,18.03792552278163,17.828922271728516,17.828922271728516,1384700,0.0,0.0
2022-07-13 00:00:00-04:00,17.75622398316526,17.82892083564248,17.629003191407865,17.774396896362305,966300,0.0,0.0
2022-07-14 00:00:00-04:00,17.556306877922676,17.94705312194507,17.492697346705956,17.8380069732666,1573900,0.0,0.0
2022-07-15 00:00:00-04:00,18.137880013152518,18.455929372613358,18.001573640020606,18.355972290039062,970900,0.0,0.0
2022-07-18 00:00:00-04:00,18.374148385124645,18.8285041964275,18.374148385124645,18.692197799682617,1038300,0.0,0.0
2022-07-19 00:00:00-04:00,18.77398011352272,18.99207067322748,18.755805466906565,18.973896026611328,691900,0.0,0.0
2022-07-20 00:00:00-04:00,18.81941635066746,18.992072039482068,18.783068788050073,18.910287857055664,1002300,0.0,0.0
2022-07-21 00:00:00-04:00,18.792157707792608,18.93755143706826,18.783070383059133,18.89211654663086,639700,0.0,0.0
2022-07-22 00:00:00-04:00,18.883027921031704,19.073856527598434,18.82850397638705,19.00115966796875,721500,0.0,0.0
2022-07-25 00:00:00-04:00,19.055680111382156,19.16472625732422,19.019332551554594,19.16472625732422,432500,0.0,0.0
2022-07-26 00:00:00-04:00,19.08294105529785,19.146550581498776,19.010244206321136,19.08294105529785,352500,0.0,0.0
2022-07-27 00:00:00-04:00,19.082943505183607,19.210162573917955,18.982984675046723,19.14655303955078,654900,0.0,0.0
2022-07-28 00:00:00-04:00,19.137467381973433,19.219251571346692,19.08294516680125,19.173816680908203,390800,0.0,0.0
2022-07-29 00:00:00-04:00,19.10111826069676,19.182902443409617,19.02842140197754,19.02842140197754,802600,0.0,0.0
2022-08-01 00:00:00-04:00,19.00116079778303,19.10111963567862,18.901201959887437,18.964813232421875,641300,0.0,0.0
2022-08-02 00:00:00-04:00,18.937549183918897,19.164727075536707,18.901199889309762,19.037508010864258,1322300,0.0,0.0
2022-08-03 00:00:00-04:00,19.10111679600416,19.255597825590478,19.04659285622332,19.210161209106445,1237300,0.0,0.0
2022-08-04 00:00:00-04:00,19.255599218389456,19.464602469644575,19.210162598618894,19.428253173828125,1229500,0.0,0.0
2022-08-05 00:00:00-04:00,19.264686584472656,19.391905653648795,19.182902401936616,19.264686584472656,1452000,0.0,0.0
2022-08-08 00:00:00-04:00,19.291950168566782,19.491867864202373,19.210165971848607,19.24651527404785,840300,0.0,0.0
2022-08-09 00:00:00-04:00,19.310127926472656,19.38282480933722,19.137472179707917,19.255605697631836,870400,0.0,0.0
2022-08-10 00:00:00-04:00,19.446428775272864,19.61908447240736,19.346471673335973,19.464603424072266,1289500,0.0,0.0
2022-08-11 00:00:00-04:00,19.573651258796364,19.628173476630792,19.419170197240426,19.491867065429688,555100,0.0,0.0
2022-08-12 00:00:00-04:00,19.54638702163336,19.646345853789043,19.50095040100357,19.637258529663086,592700,0.0,0.0
2022-08-15 00:00:00-04:00,19.619083062635237,19.800826071109892,19.564560853384755,19.764476776123047,581600,0.0,0.0
2022-08-16 00:00:00-04:00,19.719044089444456,19.90078538495488,19.591823276034184,19.855350494384766,2727400,0.0,0.0
2022-08-17 00:00:00-04:00,19.76447493927544,19.90078131634866,19.628168562202227,19.80990982055664,552000,0.0,0.0
2022-08-18 00:00:00-04:00,19.8553488250153,19.91895835975738,19.719042431535165,19.828086853027344,508200,0.0,0.0
2022-08-19 00:00:00-04:00,19.83717339509101,19.9371322218769,19.709954330621517,19.791738510131836,1012900,0.0,0.0
2022-08-22 00:00:00-04:00,19.79174029454424,19.873524481428177,19.619084596319272,19.628171920776367,536300,0.0,0.0
2022-08-23 00:00:00-04:00,19.628173536031007,19.855351466463702,19.519127366802085,19.537302017211914,615000,0.0,0.0
2022-08-24 00:00:00-04:00,19.555475412939355,19.746304030308796,19.464603899950596,19.482778549194336,938300,0.0,0.0
2022-08-25 00:00:00-04:00,19.537300883000043,19.65543263734584,19.51912623364532,19.646347045898438,816200,0.0,0.0
2022-08-26 00:00:00-04:00,19.673607889646632,19.71904451442596,19.455517290395886,19.473691940307617,742600,0.0,0.0
2022-08-29 00:00:00-04:00,19.39190354291142,19.55547189017969,19.273770077337833,19.500947952270508,504700,0.0,0.0
2022-08-30 00:00:00-04:00,19.510038789830002,19.53730076369561,19.382819711583707,19.482778549194336,702300,0.0,0.0
2022-08-31 00:00:00-04:00,19.491864919835766,19.573649104199934,19.37373143876314,19.446428298950195,1130500,0.0,0.0
2022-09-01 00:00:00-04:00,19.446430498392825,19.63726086123592,19.41917025600814,19.537302017211914,713600,0.0,0.0
2022-09-02 00:00:00-04:00,19.537299807491475,19.691780852042697,19.446428298950195,19.446428298950195,539400,0.0,0.0
2022-09-06 00:00:00-04:00,19.537302816712867,19.64634899040415,19.22834068002272,19.291950225830078,577500,0.0,0.0
2022-09-07 00:00:00-04:00,19.264684512172973,19.3464686859115,19.09202884169946,19.33738136291504,1192300,0.0,0.0
2022-09-08 00:00:00-04:00,19.25979755089172,19.65229606628418,19.241541401105497,19.65229606628418,877100,0.095,0.0
2022-09-09 00:00:00-04:00,19.624909833229438,19.85310645919722,19.624909833229438,19.834850311279297,533800,0.0,0.0
2022-09-12 00:00:00-04:00,19.944386014606202,20.136070350089717,19.917001791964786,20.02653694152832,1355200,0.0,0.0
2022-09-13 00:00:00-04:00,19.8165952030149,19.999153209767645,19.478865153825154,19.561016082763672,1430200,0.0,0.0
2022-09-14 00:00:00-04:00,19.579272637969954,19.634039344731484,19.478865558071966,19.60665512084961,737700,0.0,0.0
2022-09-15 00:00:00-04:00,19.61578045538252,19.770954220366086,19.55188568291905,19.661420822143555,1243800,0.0,0.0
2022-09-16 00:00:00-04:00,19.597523317150603,19.81659184351397,19.506246070250615,19.789209365844727,1578100,0.0,0.0
2022-09-19 00:00:00-04:00,19.670550412990732,19.944387435913086,19.670550412990732,19.944387435913086,473900,0.0,0.0
2022-09-20 00:00:00-04:00,19.834850390176143,19.962641685107837,19.798339835197158,19.871362686157227,1012000,0.0,0.0
2022-09-21 00:00:00-04:00,19.971772730524126,20.026541187418598,19.716193562359962,19.743576049804688,890600,0.0,0.0
2022-09-22 00:00:00-04:00,19.707062160165293,19.92613072776251,19.670549861731317,19.82572364807129,578800,0.0,0.0
2022-09-23 00:00:00-04:00,19.716187852880264,19.807466846935665,19.606652711813386,19.670547485351562,822000,0.0,0.0
2022-09-26 00:00:00-04:00,19.542762303228827,19.74357474220136,19.360204274342966,19.387588500976562,998900,0.0,0.0
2022-09-27 00:00:00-04:00,19.46973603652513,19.734444958037727,19.195900782065696,19.28717803955078,741000,0.0,0.0
2022-09-28 00:00:00-04:00,19.469737572960682,19.716190366024012,19.332819934926242,19.570144653320312,775000,0.0,0.0
2022-09-29 00:00:00-04:00,19.487993619222923,19.707062187119774,19.278053125947054,19.679677963256836,1522800,0.0,0.0
2022-09-30 00:00:00-04:00,19.64316557615227,19.64316557615227,18.849040568116422,18.87642478942871,2624800,0.0,0.0
2022-10-03 00:00:00-04:00,19.031597541600856,19.360199474727878,18.730378087316613,19.29630470275879,2128400,0.0,0.0
2022-10-04 00:00:00-04:00,19.369333387673667,19.442356254940012,19.077241918608284,19.25979995727539,1511000,0.0,0.0
2022-10-05 00:00:00-04:00,19.122881736195062,19.241543239136007,19.03160271954687,19.21415901184082,1519300,0.0,0.0
2022-10-06 00:00:00-04:00,19.03159850069013,19.03159850069013,18.51131048443419,18.6208438873291,3331400,0.0,0.0
2022-10-07 00:00:00-04:00,18.57520629577396,18.94944863504441,18.547822073021678,18.894681930541992,1152800,0.0,0.0
2022-10-10 00:00:00-04:00,18.90380974147958,19.16851869243719,18.502184889064445,18.593463897705078,1470800,0.0,0.0
2022-10-11 00:00:00-04:00,18.56607726540228,18.684738742547015,18.438287714476868,18.65735626220703,1320700,0.0,0.0
2022-10-12 00:00:00-04:00,18.702997298935298,18.7942763074962,18.547823506682448,18.666486740112305,1333800,0.0,0.0
2022-10-13 00:00:00-04:00,18.60258771418053,18.922063330687,18.575205233995604,18.912935256958008,940200,0.0,0.0
2022-10-14 00:00:00-04:00,19.004213758324273,19.159387525671864,18.83078384399414,18.83078384399414,1050500,0.0,0.0
2022-10-17 00:00:00-04:00,18.93119338981199,19.077239102788184,18.867298608010184,18.94944953918457,819900,0.0,0.0
2022-10-18 00:00:00-04:00,19.13200530901492,19.195901830146106,18.86729811405162,18.94032096862793,852500,0.0,0.0
2022-10-19 00:00:00-04:00,18.858168581604133,18.903807209310006,18.57520525962323,18.6208438873291,1103600,0.0,0.0
2022-10-20 00:00:00-04:00,18.69386770183315,18.903808185727254,18.63910099755689,18.858169555664062,1551500,0.0,0.0
2022-10-21 00:00:00-04:00,18.958576185236197,19.487992290130997,18.72125148428307,19.10462188720703,2080400,0.0,0.0
2022-10-24 00:00:00-04:00,19.195900886189328,19.314562366164843,19.08636573921015,19.10462188720703,741300,0.0,0.0
2022-10-25 00:00:00-04:00,19.104622394038504,19.168517172720563,18.967704762433787,19.040727615356445,895200,0.0,0.0
2022-10-26 00:00:00-04:00,19.132001030227723,19.132001030227723,18.766886839002346,18.8216552734375,1333800,0.0,0.0
2022-10-27 00:00:00-04:00,18.867300571852788,18.940323435941625,18.72125484367512,18.730382919311523,813800,0.0,0.0
2022-10-28 00:00:00-04:00,18.75776397528341,18.858171058627267,18.648230558001273,18.812532424926758,1284600,0.0,0.0
2022-10-31 00:00:00-04:00,18.803401841541177,19.086365162940975,18.803401841541177,19.05898094177246,1318500,0.0,0.0
2022-11-01 00:00:00-04:00,19.068106773299704,19.195898049390568,18.876422470666164,18.976829528808594,1312800,0.0,0.0
2022-11-02 00:00:00-04:00,18.894683374637896,19.004216792014226,18.721253432622717,18.73950958251953,1117500,0.0,0.0
2022-11-03 00:00:00-04:00,18.64823164905895,18.803405450122675,17.817595931895003,18.13707160949707,2939800,0.0,0.0
2022-11-04 00:00:00-04:00,18.22834985567745,18.22834985567745,17.33381930342342,17.71718978881836,2243900,0.0,0.0
2022-11-07 00:00:00-05:00,17.945380163534157,17.945380163534157,17.52549926273008,17.635032653808594,1571500,0.0,0.0
2022-11-08 00:00:00-05:00,17.6898027681463,17.808465995916837,17.352072715881047,17.589397430419922,2006900,0.0,0.0
2022-11-09 00:00:00-05:00,17.397712286799386,17.61678086412398,17.13300507540803,17.42509651184082,1509400,0.0,0.0
2022-11-10 00:00:00-05:00,17.662419349628433,17.799336978183266,17.479861350887248,17.753698348999023,2164000,0.0,0.0
2022-11-11 00:00:00-05:00,17.817594030844006,17.844976513343898,17.078235665307425,17.333816528320312,2675500,0.0,0.0
2022-11-14 00:00:00-05:00,17.30643081665039,17.379455406376618,17.169513192917798,17.30643081665039,1598200,0.0,0.0
2022-11-15 00:00:00-05:00,17.44334834892026,18.66648224230881,17.28817459405748,17.635032653808594,4872800,0.0,0.0
2022-11-16 00:00:00-05:00,17.607651153424825,18.11881106915509,17.415965096899754,18.091426849365234,2265300,0.0,0.0
2022-11-17 00:00:00-05:00,17.954513957045492,18.26486156565552,17.844978790064488,18.255733489990234,1422900,0.0,0.0
2022-11-18 00:00:00-05:00,18.511312894167844,18.86729911142033,18.06404766861921,18.155324935913086,2386800,0.0,0.0
2022-11-21 00:00:00-05:00,18.12794068863024,18.246602169170192,17.55288421100788,17.680675506591797,1522300,0.0,0.0
2022-11-22 00:00:00-05:00,17.65328978943916,17.899742544691364,17.65328978943916,17.799335479736328,1500700,0.0,0.0
2022-11-23 00:00:00-05:00,17.753701020659907,18.036664394388513,17.753701020659907,17.991024017333984,1492300,0.0,0.0
2022-11-25 00:00:00-05:00,18.027533500177,18.027533500177,17.85410357649218,17.936254501342773,233000,0.0,0.0
2022-11-28 00:00:00-05:00,17.835851521052476,17.91800071573174,17.71718828462248,17.762826919555664,1306800,0.0,0.0
2022-11-29 00:00:00-05:00,17.76282359750476,17.899742958701932,17.62590597730959,17.844974517822266,620800,0.0,0.0
2022-11-30 00:00:00-05:00,17.79933735577125,18.01840591430664,17.580268797235863,18.01840591430664,2813700,0.0,0.0
2022-12-01 00:00:00-05:00,18.100555424644245,18.100555424644245,17.771951742060047,18.02753257751465,1487900,0.0,0.0
2022-12-02 00:00:00-05:00,17.98189729916823,18.28311681729023,17.95451307351993,18.200965881347656,1144800,0.0,0.0
2022-12-05 00:00:00-05:00,18.091427894941916,18.51131058430996,18.009276971826473,18.43828773498535,1716800,0.0,0.0
2022-12-06 00:00:00-05:00,18.420034964578303,18.46567360089791,18.210094451904297,18.210094451904297,1290100,0.0,0.0
2022-12-07 00:00:00-05:00,18.200961070160144,18.27398391158398,18.036659241706047,18.109682083129883,805400,0.0,0.0
2022-12-08 00:00:00-05:00,18.16929824579723,18.462794967178827,18.123440039098274,18.453624725341797,2402100,0.095,0.0
2022-12-09 00:00:00-05:00,18.352737098623045,18.517829464478936,18.30687713623047,18.30687713623047,569800,0.0,0.0
2022-12-12 00:00:00-05:00,18.288537618873274,18.288537618873274,18.12344522847974,18.160131454467773,956700,0.0,0.0
2022-12-13 00:00:00-05:00,18.371083814070044,18.45363000926681,18.160131454467773,18.160131454467773,1291700,0.0,0.0
2022-12-14 00:00:00-05:00,18.05923911163588,18.31604788609691,18.05923911163588,18.196815490722656,1399000,0.0,0.0
2022-12-15 00:00:00-05:00,18.141788114616652,18.169302345092312,17.967523740962484,18.013381958007812,1082400,0.0,0.0
2022-12-16 00:00:00-05:00,17.958348066000536,18.27018877623844,17.903317866952225,18.178470611572266,3056400,0.0,0.0
2022-12-19 00:00:00-05:00,18.26102240633121,18.481145019665778,18.150961974353443,18.215164184570312,1764400,0.0,0.0
2022-12-20 00:00:00-05:00,18.215161431688244,18.39859604038815,18.12344325264891,18.27936363220215,2210300,0.0,0.0
2022-12-21 00:00:00-05:00,18.334395831135918,18.55451843511013,18.32522383729796,18.4444580078125,1182900,0.0,0.0
2022-12-22 00:00:00-05:00,18.44445190328206,18.572856275757825,18.361905735439535,18.517826080322266,1078200,0.0,0.0
2022-12-23 00:00:00-05:00,18.471969196334484,19.18736885340901,18.471969196334484,18.994760513305664,2206500,0.0,0.0
2022-12-27 00:00:00-05:00,18.985588310478747,19.26074105436108,18.985588310478747,19.11399269104004,1209400,0.0,0.0
2022-12-28 00:00:00-05:00,19.20571481117215,19.26074502140724,19.077308654785156,19.077308654785156,598300,0.0,0.0
2022-12-29 00:00:00-05:00,19.214886022098803,19.51755479013676,19.11399584962656,19.50838279724121,1142800,0.0,0.0
2022-12-30 00:00:00-05:00,19.444180995769504,19.499211204894433,19.334118828140838,19.435009002685547,972900,0.0,0.0
2023-01-03 00:00:00-05:00,19.499210029794746,19.554240235603338,19.334117662990277,19.453350067138672,1016300,0.0,0.0
2023-01-04 00:00:00-05:00,19.499212756709884,19.499212756709884,19.242402178057656,19.306604385375977,1514000,0.0,0.0
2023-01-05 00:00:00-05:00,19.260742407322464,19.297430375419093,19.104822041668996,19.141510009765625,868300,0.0,0.0
2023-01-06 00:00:00-05:00,19.169026267755964,19.260744448338095,19.049793857564346,19.10482406616211,742900,0.0,0.0
2023-01-09 00:00:00-05:00,19.169022650905124,19.169022650905124,18.98558807373047,18.98558807373047,699900,0.0,0.0
2023-01-10 00:00:00-05:00,18.985589644112157,19.196540212531968,18.985589644112157,19.141510009765625,919600,0.0,0.0
2023-01-11 00:00:00-05:00,19.178197394892003,19.379975983559728,19.16902540231001,19.370805740356445,1255400,0.0,0.0
2023-01-12 00:00:00-05:00,19.07730623978588,19.104822216109593,18.435282536640162,18.737951278686523,3854700,0.0,0.0
2023-01-13 00:00:00-05:00,18.7287815500532,18.79298375318909,18.57286116413224,18.582033157348633,1139600,0.0,0.0
2023-01-17 00:00:00-05:00,18.609551189478545,18.7287836156843,17.98586957700776,18.215164184570312,1713200,0.0,0.0
2023-01-18 00:00:00-05:00,18.215162928928397,18.426113533493332,18.215162928928397,18.352739334106445,2104200,0.0,0.0
2023-01-19 00:00:00-05:00,18.371083321297895,18.426113533493332,18.242677160336665,18.352739334106445,950700,0.0,0.0
2023-01-20 00:00:00-05:00,18.444455154413298,18.444455154413298,18.215160592073516,18.343564987182617,996100,0.0,0.0
2023-01-23 00:00:00-05:00,18.37108260813415,18.37108260813415,17.279639903917374,17.848289489746094,3604800,0.0,0.0
2023-01-24 00:00:00-05:00,17.75656902236356,17.958347579661893,17.527274491596998,17.719881057739258,1223500,0.0,0.0
2023-01-25 00:00:00-05:00,17.747404098510742,17.866636532263126,17.591483685524313,17.747404098510742,1110000,0.0,0.0
2023-01-26 00:00:00-05:00,17.820774167452413,18.270191312385453,17.820774167452413,18.233503341674805,1273000,0.0,0.0
2023-01-27 00:00:00-05:00,17.967523740962484,18.196818324946815,17.95835174767765,18.013381958007812,1130200,0.0,0.0
2023-01-30 00:00:00-05:00,17.95835090464037,18.18764547786069,17.86663272547649,18.07758331298828,870100,0.0,0.0
2023-01-31 00:00:00-05:00,18.077583288439865,18.352737825557863,18.077583288439865,18.27936363220215,1044800,0.0,0.0
2023-02-01 00:00:00-05:00,18.196819422324403,18.45363000165046,18.114273227161704,18.4444580078125,1447000,0.0,0.0
2023-02-02 00:00:00-05:00,18.416937500145213,19.16902331623562,18.325219333685244,18.673748016357422,1763600,0.0,0.0
2023-02-03 00:00:00-05:00,18.710435762291088,18.820497920912796,18.38942302813798,18.54534339904785,1339600,0.0,0.0
2023-02-06 00:00:00-05:00,18.5453435722653,18.5453435722653,18.19681660723545,18.343564987182617,1674900,0.0,0.0
2023-02-07 00:00:00-05:00,18.297708134912895,18.71960932128496,18.270192155609962,18.701265335083008,1006800,0.0,0.0
2023-02-08 00:00:00-05:00,18.536172745789596,18.747125085939103,18.499486523184547,18.572860717773438,1182700,0.0,0.0
2023-02-09 00:00:00-05:00,18.673750626253533,18.75629681266654,18.306877909138493,18.361909866333008,691800,0.0,0.0
2023-02-10 00:00:00-05:00,18.343565832716052,18.48114222658567,18.242675660834912,18.27936363220215,856500,0.0,0.0
2023-02-13 00:00:00-05:00,18.233505648297296,18.45363000165046,18.178475434648483,18.4444580078125,1126500,0.0,0.0
2023-02-14 00:00:00-05:00,18.41693672800544,18.6370592686535,18.306874582992187,18.618715286254883,1182200,0.0,0.0
2023-02-15 00:00:00-05:00,18.54534455514655,18.792983115448948,18.54534455514655,18.774639129638672,855500,0.0,0.0
2023-02-16 00:00:00-05:00,18.554517033919293,19.01310619491213,18.554517033919293,18.866357803344727,1134700,0.0,0.0
2023-02-17 00:00:00-05:00,18.89387211020105,19.09565069339908,18.481141202092964,18.54534339904785,2345300,0.0,0.0
2023-02-21 00:00:00-05:00,18.48114218837934,18.747124732105657,18.35273778761698,18.72878074645996,2179000,0.0,0.0
2023-02-22 00:00:00-05:00,19.590928014917917,20.141233566401397,19.581756022476036,19.856908798217773,5195500,0.0,0.0
2023-02-23 00:00:00-05:00,19.811050585387047,19.957798965699798,19.73767639523067,19.856908798217773,2327600,0.0,0.0
2023-02-24 00:00:00-05:00,19.85690934362975,20.443904630382505,19.728504944673862,20.031173706054688,10568100,0.0,0.0
2023-02-27 00:00:00-05:00,15.381082460617172,16.380807074296484,15.206818071700678,16.243228912353516,21581200,0.0,0.0
2023-02-28 00:00:00-05:00,16.188191133900226,16.38079942100424,15.821320288676127,15.95889663696289,6468900,0.0,0.0
2023-03-01 00:00:00-05:00,15.83967073052449,15.95890314784975,15.57368816586053,15.913044929504395,3855000,0.0,0.0
2023-03-02 00:00:00-05:00,15.913044241558108,15.913044241558108,15.500313296777355,15.592031478881836,1838300,0.0,0.0
2023-03-03 00:00:00-05:00,15.573687371372328,15.692921531993777,15.537001148443363,15.628719329833984,1667200,0.0,0.0
2023-03-06 00:00:00-05:00,15.637888283637315,15.711262472821764,15.555342102132476,15.683748245239258,1961900,0.0,0.0
2023-03-07 00:00:00-05:00,15.665405674689655,15.784638086860307,15.500313296777355,15.592031478881836,2951400,0.0,0.0
2023-03-08 00:00:00-05:00,15.555341040702807,15.665403191658642,15.454452630820045,15.518654823303223,1549500,0.0,0.0
2023-03-09 00:00:00-05:00,15.495598871769722,15.550941565489723,15.089763006695902,15.117432594299316,1963000,0.095,0.0
2023-03-10 00:00:00-05:00,15.117430168379693,15.117430168379693,14.21352076041726,14.324203491210938,2670100,0.0,0.0
2023-03-13 00:00:00-04:00,14.213521071950511,14.351875148196179,13.918367116698164,14.3426513671875,2044300,0.0,0.0
2023-03-14 00:00:00-04:00,14.554792489103958,14.591686732082076,14.250414764627443,14.305756568908691,1194000,0.0,0.0
2023-03-15 00:00:00-04:00,14.250415007015311,14.28730925062097,14.029049545381353,14.195074081420898,2414700,0.0,0.0
2023-03-16 00:00:00-04:00,14.029049473363871,14.158179765134872,13.964484767292445,14.130508422851562,1999100,0.0,0.0
2023-03-17 00:00:00-04:00,14.047496467457385,14.158180079794223,13.918367052444689,14.148956298828125,2706600,0.0,0.0
2023-03-20 00:00:00-04:00,14.268864374317054,14.397993803463754,14.25041681036566,14.379547119140625,1217200,0.0,0.0
2023-03-21 00:00:00-04:00,14.554794163082953,14.600912192016771,14.425664737622146,14.481005668640137,1993700,0.0,0.0
2023-03-22 00:00:00-04:00,14.434887639706318,14.674700686459586,14.2965344325331,14.481005668640137,2285900,0.0,0.0
2023-03-23 00:00:00-04:00,14.481003203954655,14.702368649606415,14.3887680414138,14.444108963012695,2063800,0.0,0.0
2023-03-24 00:00:00-04:00,14.397991096719533,14.462556678783168,14.25041413136511,14.388768196105957,1107100,0.0,0.0
2023-03-27 00:00:00-04:00,14.508675840635647,14.951406798335999,14.388770199312967,14.905289649963379,1947000,0.0,0.0
2023-03-28 00:00:00-04:00,14.739264334449368,14.886841312674274,14.545570210250307,14.665475845336914,1106900,0.0,0.0
2023-03-29 00:00:00-04:00,14.757712026742789,15.006748839415602,14.582464583461618,14.988301277160645,1140600,0.0,0.0
2023-03-30 00:00:00-04:00,15.080537773448413,15.440256451735465,15.034418866452368,15.338796615600586,1352000,0.0,0.0
2023-03-31 00:00:00-04:00,15.338795801159206,15.726185803074705,15.338795801159206,15.59705638885498,1942200,0.0,0.0
2023-04-03 00:00:00-04:00,15.587833724216036,15.643174654379498,15.35724446273575,15.541716575622559,1071200,0.0,0.0
2023-04-04 00:00:00-04:00,15.63395039365133,15.652396194893845,15.145100595972616,15.209665298461914,1093400,0.0,0.0
2023-04-05 00:00:00-04:00,15.237339784845412,15.615506056857658,15.237339784845412,15.421810150146484,1027500,0.0,0.0
2023-04-06 00:00:00-04:00,15.449476884768092,15.606277616058367,15.403359747023437,15.550936698913574,708700,0.0,0.0
2023-04-10 00:00:00-04:00,15.523267900835663,15.624727731583345,15.495596558107296,15.59705638885498,841800,0.0,0.0
2023-04-11 00:00:00-04:00,15.633950554818297,15.670843916939852,15.495595608907875,15.532490730285645,932100,0.0,0.0
2023-04-12 00:00:00-04:00,15.633950880403024,15.633950880403024,15.421807446575285,15.431031227111816,717100,0.0,0.0
2023-04-13 00:00:00-04:00,15.477149335387674,15.532490256510092,15.449477995198384,15.5048189163208,653000,0.0,0.0
2023-04-14 00:00:00-04:00,15.495596406681534,15.753856991853539,15.329573629702717,15.39413833618164,1635600,0.0,0.0
2023-04-17 00:00:00-04:00,15.495599847040026,15.689295768737793,15.34802283967825,15.689295768737793,1193100,0.0,0.0
2023-04-18 00:00:00-04:00,15.689293371254031,15.799975230233699,15.606281097391065,15.781529426574707,873700,0.0,0.0
2023-04-19 00:00:00-04:00,15.735408465113565,15.781527366381544,15.615502840329219,15.652396202087402,691800,0.0,0.0
2023-04-20 00:00:00-04:00,15.670843922141893,15.726184844970703,15.615502999313083,15.726184844970703,1257600,0.0,0.0
2023-04-21 00:00:00-04:00,15.772306366203233,15.79075392996205,15.098986122315035,15.255786895751953,1871900,0.0,0.0
2023-04-24 00:00:00-04:00,15.255786682751523,15.652398742489535,15.255786682751523,15.62472915649414,1365700,0.0,0.0
2023-04-25 00:00:00-04:00,15.504819389252317,15.615502994129413,15.45870224678632,15.532490730285645,946500,0.0,0.0
2023-04-26 00:00:00-04:00,15.449478788184882,15.504819712147823,15.366466522612344,15.431031227111816,852500,0.0,0.0
2023-04-27 00:00:00-04:00,15.440255464315191,15.716963610826427,15.431031683505852,15.70773983001709,1115900,0.0,0.0
2023-04-28 00:00:00-04:00,15.615502835487678,15.772303581237793,15.615502835487678,15.772303581237793,1639200,0.0,0.0
2023-05-01 00:00:00-04:00,15.698514473888515,15.929103693213825,15.698514473888515,15.919879913330078,1236300,0.0,0.0
2023-05-02 00:00:00-04:00,15.873762136919249,15.873762136919249,15.357242741680503,15.366466522216797,1074900,0.0,0.0
2023-05-03 00:00:00-04:00,15.384917002842894,15.523270218629722,15.108208812012649,15.117432594299316,1084700,0.0,0.0
2023-05-04 00:00:00-04:00,15.062089387402844,15.145101656202112,14.5271224102833,14.647028923034668,2059400,0.0,0.0
2023-05-05 00:00:00-04:00,14.813054815865659,15.145103941159316,14.702372067310536,15.117432594299316,1180800,0.0,0.0
2023-05-08 00:00:00-04:00,15.135876813302795,15.218889076277533,14.831499102147491,14.896063804626465,1481500,0.0,0.0
2023-05-09 00:00:00-04:00,14.960629556813446,14.960629556813446,14.610134679082567,14.647028923034668,1631800,0.0,0.0
2023-05-10 00:00:00-04:00,15.034418046897287,15.172773001087005,14.388769217455996,14.582464218139648,1595300,0.0,0.0
2023-05-11 00:00:00-04:00,14.517900274622537,14.766937109242322,14.508676492682191,14.693148612976074,1115100,0.0,0.0
2023-05-12 00:00:00-04:00,14.702367863245922,14.803826800502728,14.693144963224787,14.76693344116211,738900,0.0,0.0
2023-05-15 00:00:00-04:00,14.757711878291731,14.979077345355346,14.711593852746434,14.849947929382324,925200,0.0,0.0
2023-05-16 00:00:00-04:00,14.720819079168852,14.886842755953783,14.527124056562883,14.693148612976074,1450600,0.0,0.0
2023-05-17 00:00:00-04:00,14.776158175177438,15.071312105990199,14.757710614687591,15.015971183776855,1975000,0.0,0.0
2023-05-18 00:00:00-04:00,14.979079216498228,15.357245489878373,14.969855434311325,15.098986625671387,1130500,0.0,0.0
2023-05-19 00:00:00-04:00,15.2557846810193,15.265006702303406,14.84072335298431,14.923735618591309,1346000,0.0,0.0
2023-05-22 00:00:00-04:00,14.923734978130094,15.015971020319085,14.508673667907715,14.508673667907715,1622300,0.0,0.0
2023-05-23 00:00:00-04:00,14.932959724017683,15.126653841810578,14.859171237345683,14.8868408203125,5921900,0.0,0.0
2023-05-24 00:00:00-04:00,14.979076224373571,15.200441674870968,14.81305169668647,14.840723037719727,2804800,0.0,0.0
2023-05-25 00:00:00-04:00,14.610134048010874,14.757711017444823,14.13973179821907,14.351874351501465,4254100,0.0,0.0
2023-05-26 00:00:00-04:00,14.388769729139172,14.527122928992586,14.112062449804151,14.176627159118652,2786900,0.0,0.0
2023-05-30 00:00:00-04:00,14.213520763409651,14.32420349422663,14.093614251784219,14.195074081420898,1816600,0.0,0.0
2023-05-31 00:00:00-04:00,14.213521157350014,14.379545697991075,14.010602372080736,14.287309646606445,4245800,0.0,0.0
2023-06-01 00:00:00-04:00,14.333427411705742,14.62858136336534,14.13973241102209,14.582464218139648,2437600,0.0,0.0
2023-06-02 00:00:00-04:00,14.868394062081416,15.23733647171923,14.859170281933448,15.006747245788574,3299100,0.0,0.0
2023-06-05 00:00:00-04:00,14.914512152363633,15.11743005075917,14.914512152363633,14.942183494567871,2089100,0.0,0.0
2023-06-06 00:00:00-04:00,14.905290891214577,15.200444887594019,14.905290891214577,15.052867889404297,2116300,0.0,0.0
2023-06-07 00:00:00-04:00,15.117430046813196,15.357243068085118,15.062089121675456,15.20044231414795,2636800,0.0,0.0
2023-06-08 00:00:00-04:00,15.140140701933328,15.307127834146115,14.954600820162927,15.158695220947266,2054800,0.095,0.0
2023-06-09 00:00:00-04:00,15.11231215019774,15.288574789458748,15.038094066984902,15.093757629394531,1504700,0.0,0.0
2023-06-12 00:00:00-04:00,15.047370571429795,15.270019501513287,15.000986041208554,15.251466751098633,1724500,0.0,0.0
2023-06-13 00:00:00-04:00,15.214358475702404,15.344238351868377,15.019541315638188,15.093757629394531,1783100,0.0,0.0
2023-06-14 00:00:00-04:00,15.065925401543002,15.297851596337917,14.982431829860316,15.028818130493164,2576200,0.0,0.0
2023-06-15 00:00:00-04:00,14.954601823412846,15.093757186440156,14.843276471317132,14.908215522766113,1871200,0.0,0.0
2023-06-16 00:00:00-04:00,15.251467675410872,15.288574947945463,14.787614382532887,14.852554321289062,4193500,0.0,0.0
2023-06-20 00:00:00-04:00,14.806168533410029,14.91749300241573,14.444363345595324,14.667013168334961,1868600,0.0,0.0
2023-06-21 00:00:00-04:00,14.629904341679422,14.787613335331999,14.55568714768124,14.713397026062012,2395700,0.0,0.0
2023-06-22 00:00:00-04:00,14.602072687777177,14.648458102652016,14.342315603097557,14.46291732788086,1941900,0.0,0.0
2023-06-23 00:00:00-04:00,14.314484582009896,14.54641076961354,14.166051963500076,14.184605598449707,3528500,0.0,0.0
2023-06-26 00:00:00-04:00,14.17532931653507,14.50002635547157,14.17532931653507,14.453640937805176,1607800,0.0,0.0
2023-06-27 00:00:00-04:00,14.490748762196425,14.731952220739561,14.472195126392926,14.667013168334961,1184700,0.0,0.0
2023-06-28 00:00:00-04:00,14.611350596291276,14.815445899963379,14.425809813284019,14.815445899963379,1561700,0.0,0.0
2023-06-29 00:00:00-04:00,14.843276906920686,15.103034889796136,14.806168750042513,15.093757629394531,2182900,0.0,0.0
2023-06-30 00:00:00-04:00,15.121588347371574,15.260745490438255,15.056649290983964,15.065926551818848,1621300,0.0,0.0
2023-07-03 00:00:00-04:00,14.98243297376147,15.167974651545993,14.98243297376147,15.065926551818848,654400,0.0,0.0
2023-07-05 00:00:00-04:00,15.000987675376477,15.205082107822417,14.861832300097126,14.963878631591797,3186100,0.0,0.0
2023-07-06 00:00:00-04:00,14.889661593823655,14.963877908349351,14.629905377711976,14.852554321289062,2325300,0.0,0.0
2023-07-07 00:00:00-04:00,14.871109091885575,15.019541723428302,14.852554570578599,14.880386352539062,1338700,0.0,0.0
2023-07-10 00:00:00-04:00,14.880385507380932,15.205080764528661,14.852553727001224,15.028818130493164,2150500,0.0,0.0
2023-07-11 00:00:00-04:00,15.03809245432547,15.270018631124739,15.028816964375048,15.260743141174316,1989000,0.0,0.0
2023-07-12 00:00:00-04:00,15.307128712628435,15.464838594385288,15.140141570832187,15.149418830871582,2883400,0.0,0.0
2023-07-13 00:00:00-04:00,15.214358246284661,15.390622652344268,15.177250974694278,15.20508098602295,2136600,0.0,0.0
2023-07-14 00:00:00-04:00,15.195804665187447,15.362791821308722,15.112312856583387,15.325684547424316,1772200,0.0,0.0
2023-07-17 00:00:00-04:00,15.362790442716078,15.44628401328435,15.29785139215329,15.39989948272705,1465600,0.0,0.0
2023-07-18 00:00:00-04:00,15.427731084732757,15.67821182227602,15.270021187330325,15.501947402954102,1312000,0.0,0.0
2023-07-19 00:00:00-04:00,15.576167807766764,15.808094057892248,15.529781496067548,15.687491416931152,1818600,0.0,0.0
2023-07-20 00:00:00-04:00,15.74314894205383,15.761703461689843,15.557609054062862,15.62254810333252,1669600,0.0,0.0
2023-07-21 00:00:00-04:00,15.631825363150526,15.770980721507849,15.511222754972833,15.62254810333252,1308300,0.0,0.0
2023-07-24 00:00:00-04:00,15.566889000635328,15.724598905848474,15.45556363306153,15.603996276855469,1638500,0.0,0.0
2023-07-25 00:00:00-04:00,15.576166152954102,15.715321534354144,15.548334368891423,15.576166152954102,1666100,0.0,0.0
2023-07-26 00:00:00-04:00,15.603996687289328,15.74315207332428,15.501948578450554,15.650382995605469,1308200,0.0,0.0
2023-07-27 00:00:00-04:00,15.724598378561284,15.743151131320888,15.474117637012034,15.529779434204102,1423100,0.0,0.0
2023-07-28 00:00:00-04:00,15.631826678621142,15.761704788090137,15.603994896824988,15.678211212158203,1157600,0.0,0.0
2023-07-31 00:00:00-04:00,15.678211212158203,15.752427527491419,15.603994896824988,15.678211212158203,1863800,0.0,0.0
2023-08-01 00:00:00-04:00,15.678212405952229,15.68748966725735,15.409178905930368,15.566888809204102,2134400,0.0,0.0
2023-08-02 00:00:00-04:00,15.863750784541903,15.863750784541903,15.501944746928359,15.65965461730957,3360200,0.0,0.0
2023-08-03 00:00:00-04:00,15.826644527057164,16.049293482682582,15.372069354806527,15.631827354431152,3102100,0.0,0.0
2023-08-04 00:00:00-04:00,15.63182906585252,16.021465223219735,15.622551803837014,15.873032569885254,2555700,0.0,0.0
2023-08-07 00:00:00-04:00,15.937966591608328,16.11423097521755,15.733870430758836,15.845195770263672,2804100,0.0,0.0
2023-08-08 00:00:00-04:00,15.817366931821564,15.965799565768656,15.752427875651783,15.854475975036621,2371100,0.0,0.0
2023-08-09 00:00:00-04:00,15.863755307869749,16.03074248523524,15.845200783838738,15.873032569885254,2570700,0.0,0.0
2023-08-10 00:00:00-04:00,15.937970345672316,16.06784846447286,15.706044122410393,15.835922241210938,2057400,0.0,0.0
2023-08-11 00:00:00-04:00,15.761702207999106,15.882304806584031,15.7153176820549,15.845195770263672,2290300,0.0,0.0
2023-08-14 00:00:00-04:00,15.752428302893415,15.845199143990646,15.668934722851569,15.78026008605957,2350100,0.0,0.0
2023-08-15 00:00:00-04:00,15.641100303762613,15.743146607716854,15.548329488794659,15.696762084960938,1376800,0.0,0.0
2023-08-16 00:00:00-04:00,15.668935144647106,15.826645047920842,15.548334286593859,15.566888809204102,1785100,0.0,0.0
2023-08-17 00:00:00-04:00,15.557609905909887,15.622548958735242,15.353513717651367,15.353513717651367,2074800,0.0,0.0
2023-08-18 00:00:00-04:00,15.372066715142434,15.539053845550916,15.232911362954134,15.260743141174316,2019100,0.0,0.0
2023-08-21 00:00:00-04:00,15.232912401769704,15.270019672470857,15.056647999934063,15.149418830871582,2366700,0.0,0.0
2023-08-22 00:00:00-04:00,15.084477472112834,15.307126370623529,15.084477472112834,15.2236328125,1965900,0.0,0.0
2023-08-23 00:00:00-04:00,15.270020198378733,15.34423828125,15.21435840568177,15.34423828125,1453300,0.0,0.0
2023-08-24 00:00:00-04:00,15.242189937797447,15.474116134612485,15.242189937797447,15.31640625,1308800,0.0,0.0
2023-08-25 00:00:00-04:00,15.409175752769343,15.501944807924005,15.186526835376803,15.260743141174316,1405400,0.0,0.0
2023-08-28 00:00:00-04:00,15.260746020052565,15.362792353864585,15.140143394470215,15.140143394470215,1896400,0.0,0.0
2023-08-29 00:00:00-04:00,15.205081596174926,15.325684214960285,15.140142541193521,15.288575172424316,1761000,0.0,0.0
2023-08-30 00:00:00-04:00,15.30713046586444,15.47411762678693,15.297853204762452,15.390624046325684,1528300,0.0,0.0
2023-08-31 00:00:00-04:00,15.381344513026868,15.455560821422582,15.307128204631153,15.334959983825684,2481900,0.0,0.0
2023-09-01 00:00:00-04:00,15.37206793764842,15.455561509492718,14.481471312522961,14.509303092956543,2632300,0.0,0.0
2023-09-05 00:00:00-04:00,14.462917438556492,14.787613575708662,14.323761192867096,14.611350059509277,3442900,0.0,0.0
2023-09-06 00:00:00-04:00,14.694843798237642,14.833999160792198,14.527856655389598,14.629904747009277,2108300,0.0,0.0
2023-09-07 00:00:00-04:00,14.652330907751315,14.652330907751315,14.203789710998535,14.203789710998535,3220000,0.114,0.0
2023-09-08 00:00:00-04:00,14.259859931959241,14.315927033368022,13.932798572782819,13.979521751403809,2308000,0.0,0.0
2023-09-11 00:00:00-04:00,14.044931986615428,14.428060401368063,14.035588064945424,14.381338119506836,3487000,0.0,0.0
2023-09-12 00:00:00-04:00,14.390682580968514,14.895290908062982,14.390682580968514,14.876602172851562,2986100,0.0,0.0
2023-09-13 00:00:00-04:00,14.932667248144805,14.951356871996552,14.708397108945732,14.755120277404785,3361700,0.0,0.0
2023-09-14 00:00:00-04:00,14.92332379035914,15.241039385162571,14.885945432666364,15.203661918640137,3088500,0.0,0.0
2023-09-15 00:00:00-04:00,15.18497430733119,15.362522198287751,14.857912965782026,14.895291328430176,12253900,0.0,0.0
2023-09-18 00:00:00-04:00,14.970048096037296,14.998080752470772,14.381338249333202,14.428060531616211,2680100,0.0,0.0
2023-09-19 00:00:00-04:00,14.474782652308471,14.614952162474102,14.129032619772474,14.147722244262695,2909200,0.0,0.0
2023-09-20 00:00:00-04:00,14.21313675333825,14.315927033368022,13.923453758824518,13.979521751403809,4472800,0.0,0.0
2023-09-21 00:00:00-04:00,13.979519749001707,14.343959420639115,13.960830123762177,14.250513076782227,2481600,0.0,0.0
2023-09-22 00:00:00-04:00,14.241168163173924,14.371992865411773,13.914107744334864,13.932796478271484,2045200,0.0,0.0
2023-09-25 00:00:00-04:00,13.904762397229591,13.904762397229591,13.530977929992732,13.596390724182129,2655900,0.0,0.0
2023-09-26 00:00:00-04:00,13.46556607310298,13.79262737165936,13.446877339820803,13.559012413024902,2084600,0.0,0.0
2023-09-27 00:00:00-04:00,13.559012834740077,13.64311436505148,13.493600038292112,13.577701568603516,1296400,0.0,0.0
2023-09-28 00:00:00-04:00,13.61508050624001,13.839351560327016,13.596391771582164,13.71787166595459,1956000,0.0,0.0
2023-09-29 00:00:00-04:00,13.773938127309622,13.830006111044085,13.559012787196648,13.615079879760742,1473400,0.0,0.0
2023-10-02 00:00:00-04:00,13.559012930616582,13.615080023773723,13.446877853131921,13.502944946289062,1859500,0.0,0.0
2023-10-03 00:00:00-04:00,13.46556819704487,13.484257824445331,13.147851660600901,13.213264465332031,2581700,0.0,0.0
2023-10-04 00:00:00-04:00,13.175885583300817,13.250642307620415,12.87685779485197,13.03571605682373,2125200,0.0,0.0
2023-10-05 00:00:00-04:00,13.035715443370215,13.054405069155816,12.867513267151843,12.970303535461426,1887800,0.0,0.0
2023-10-06 00:00:00-04:00,12.960958480834961,13.03571520024227,12.76472186959818,12.960958480834961,1997300,0.0,0.0
2023-10-09 00:00:00-04:00,12.98899230933507,13.41884390082861,12.98899230933507,13.325398445129395,1675500,0.0,0.0
2023-10-10 00:00:00-04:00,13.418842949365413,13.577701193077685,13.334742312550398,13.521634101867676,1799800,0.0,0.0
2023-10-11 00:00:00-04:00,13.559012203942856,13.596390561101176,13.288018891752456,13.316052436828613,1163700,0.0,0.0
2023-10-12 00:00:00-04:00,13.316053146374193,13.372121130684418,12.97964791402397,13.110471725463867,1303200,0.0,0.0
2023-10-13 00:00:00-04:00,13.0917822356298,13.241295663597855,13.0917822356298,13.157194137573242,1109000,0.0,0.0
2023-10-16 00:00:00-04:00,13.26933059327859,13.652459015220916,13.175885136632163,13.60573673248291,1764000,0.0,0.0
2023-10-17 00:00:00-04:00,13.549668022223171,13.699181457812168,13.512289663325923,13.577701568603516,1448100,0.0,0.0
2023-10-18 00:00:00-04:00,13.540323110198713,13.596391093717731,13.372120941982393,13.456221580505371,1688900,0.0,0.0
2023-10-19 00:00:00-04:00,13.437532460830687,13.437532460830687,13.13850560043879,13.203917503356934,2191100,0.0,0.0
2023-10-20 00:00:00-04:00,13.21326283327265,13.316053097767414,13.11047167760751,13.147850036621094,1896700,0.0,0.0
2023-10-23 00:00:00-04:00,13.063748418063788,13.073093230546842,12.830133453009683,12.867512702941895,1762300,0.0,0.0
2023-10-24 00:00:00-04:00,12.970303769009146,13.203918748513264,12.932925407935302,13.175885200500488,2040400,0.0,0.0
2023-10-25 00:00:00-04:00,13.157194706710944,13.334742578480899,13.026370005994682,13.259984970092773,1588100,0.0,0.0
2023-10-26 00:00:00-04:00,13.241296379740243,13.269329926207838,12.988991788020765,13.147850036621094,2136700,0.0,0.0
2023-10-27 00:00:00-04:00,13.147850134230628,13.30670838401032,13.063748603033101,13.269330024719238,3283500,0.0,0.0
2023-10-30 00:00:00-04:00,13.306709378085186,13.605737165923024,13.231952653918338,13.428189277648926,2098100,0.0,0.0
2023-10-31 00:00:00-04:00,13.409498982086102,13.633769128494302,13.400154169859842,13.559012413024902,2787700,0.0,0.0
2023-11-01 00:00:00-04:00,13.530978397189362,13.708526270329074,13.437532945531425,13.577701568603516,2311200,0.0,0.0
2023-11-02 00:00:00-04:00,13.624425482558577,14.138378613784342,13.624425482558577,14.119688987731934,1847000,0.0,0.0
2023-11-03 00:00:00-04:00,14.259857558201842,14.633641142607118,14.25051274579912,14.512161254882812,1810600,0.0,0.0
2023-11-06 00:00:00-05:00,14.418715946400683,14.512161397837321,14.325269603793673,14.400026321411133,2369800,0.0,0.0
2023-11-07 00:00:00-05:00,14.465438178789789,14.764465939443035,13.79262772245331,14.43740463256836,2112900,0.0,0.0
2023-11-08 00:00:00-05:00,14.110345892420792,14.110345892420792,13.773939733135071,14.072967529296875,2873300,0.0,0.0
2023-11-09 00:00:00-05:00,14.269202606095767,14.773810898955851,14.231823355867991,14.32526969909668,3549700,0.0,0.0
2023-11-10 00:00:00-05:00,14.297237929548194,14.671021566578407,14.297237929548194,14.596264839172363,2229300,0.0,0.0
2023-11-13 00:00:00-05:00,14.521505973142995,14.65233067242189,14.456094069088726,14.586917877197266,2626900,0.0,0.0
2023-11-14 00:00:00-05:00,14.792501208510794,14.895291484074674,14.699054855328743,14.783156394958496,2623700,0.0,0.0
2023-11-15 00:00:00-05:00,14.58691910371249,14.998081078464566,14.484128832817078,14.951358795166016,2084800,0.0,0.0
2023-11-16 00:00:00-05:00,14.942014713237638,15.035461066748471,14.699054907045854,14.74577808380127,1482300,0.0,0.0
2023-11-17 00:00:00-05:00,14.81118945795063,14.942013270832343,14.699053488094323,14.764466285705566,2508000,0.0,0.0
2023-11-20 00:00:00-05:00,14.727090031861612,15.016772137093815,14.717745217842376,14.932670593261719,1921600,0.0,0.0
2023-11-21 00:00:00-05:00,14.885946551698847,14.979392898540674,14.801845017775287,14.820533752441406,1645700,0.0,0.0
2023-11-22 00:00:00-05:00,14.848567526063976,14.97004741504857,14.75512118340802,14.792499542236328,1570900,0.0,0.0
2023-11-24 00:00:00-05:00,14.867257410191966,14.923325398357667,14.699054336865304,14.839223861694336,644200,0.0,0.0
2023-11-27 00:00:00-05:00,14.773809901256532,14.923323327389246,14.69905229701986,14.755120277404785,1890300,0.0,0.0
2023-11-28 00:00:00-05:00,14.699052607312947,14.839222115649044,14.28789067676846,14.297235488891602,2670400,0.0,0.0
2023-11-29 00:00:00-05:00,14.343959662008329,14.512161836142571,14.241168503801983,14.456094741821289,2653300,0.0,0.0
2023-11-30 00:00:00-05:00,14.465438322769334,14.484127947883222,14.25051298098188,14.32526969909668,3037800,0.0,0.0
2023-12-01 00:00:00-05:00,14.362647681808687,14.699052904510436,14.28789096565274,14.624296188354492,1941500,0.0,0.0
2023-12-04 00:00:00-05:00,14.540196320962336,14.81118965416936,14.512161882541665,14.61495304107666,2610100,0.0,0.0
2023-12-05 00:00:00-05:00,14.558884516465623,14.577574141387553,14.175756117269744,14.241168022155762,1994400,0.0,0.0
2023-12-06 00:00:00-05:00,14.241167636427036,14.325269163957055,13.988863945007324,13.988863945007324,2328900,0.0,0.0
2023-12-07 00:00:00-05:00,14.086794898434611,14.378700802073233,13.99263147196822,14.303369522094727,2738800,0.114,0.0
2023-12-08 00:00:00-05:00,14.303368563738255,14.595274447818555,14.265703375277146,14.491695404052734,1970200,0.0,0.0
2023-12-11 00:00:00-05:00,14.491695589326426,14.538776401998037,14.293953122875264,14.341033935546875,2480200,0.0,0.0
2023-12-12 00:00:00-05:00,14.322202160268338,14.322202160268338,13.964382407060041,14.01146411895752,2240800,0.0,0.0
2023-12-13 00:00:00-05:00,13.992630478775114,14.303368506845521,13.889051435421287,14.284536361694336,3218700,0.0,0.0
2023-12-14 00:00:00-05:00,14.444613456726074,14.830681856613637,14.19978928674555,14.444613456726074,2767000,0.0,0.0
2023-12-15 00:00:00-05:00,14.47286321070349,14.614108349233646,14.25628858883649,14.275120735168457,5146000,0.0,0.0
2023-12-18 00:00:00-05:00,14.341034713079486,14.463446808282198,14.171541802652564,14.303369522094727,1829000,0.0,0.0
2023-12-19 00:00:00-05:00,14.388114756619919,14.604690253156159,14.331617425703602,14.548192024230957,2760300,0.0,0.0
2023-12-20 00:00:00-05:00,14.529360896573769,14.717686842820468,14.341034052318122,14.359867095947266,2058900,0.0,0.0
2023-12-21 00:00:00-05:00,14.45403009857871,14.519943953349813,14.331618012568859,14.472862243652344,1632700,0.0,0.0
2023-12-22 00:00:00-05:00,14.482278345867709,14.604690428333189,14.322201076336613,14.388114929199219,1510500,0.0,0.0
2023-12-26 00:00:00-05:00,14.444614291486248,14.501111627510504,14.30336915540768,14.416365623474121,1507600,0.0,0.0
2023-12-27 00:00:00-05:00,14.388115704843166,14.463446083035361,14.293953181107396,14.35045051574707,1350600,0.0,0.0
2023-12-28 00:00:00-05:00,14.303368270609186,14.454029919374939,14.303368270609186,14.435196876525879,1414600,0.0,0.0
2023-12-29 00:00:00-05:00,14.39753061520296,14.529359211289103,14.293951581283817,14.406947135925293,1374200,0.0,0.0
2024-01-02 00:00:00-05:00,14.369282790149768,14.727102516414014,14.341033226333112,14.585857391357422,1524200,0.0,0.0
2024-01-03 00:00:00-05:00,14.519944374759197,14.576441709628734,14.359867095947266,14.359867095947266,1753000,0.0,0.0
2024-01-04 00:00:00-05:00,14.472862184955236,14.472862184955236,14.303368389935327,14.463445663452148,1632300,0.0,0.0
2024-01-05 00:00:00-05:00,14.39753180894837,14.604690791971711,14.33161795444459,14.463445663452148,1244800,0.0,0.0
2024-01-08 00:00:00-05:00,14.463446835741102,14.755352739933908,14.435198166951151,14.708271026611328,1276300,0.0,0.0
2024-01-09 00:00:00-05:00,14.595274387819394,14.73651861946569,14.519944011206848,14.680021286010742,2913300,0.0,0.0
2024-01-10 00:00:00-05:00,14.680021047805182,14.680021047805182,14.45402992163459,14.632939338684082,1630200,0.0,0.0
2024-01-11 00:00:00-05:00,14.595274092328324,14.651772322648354,14.463445486920863,14.623522758483887,1955600,0.0,0.0
2024-01-12 00:00:00-05:00,14.727103775234633,14.774184589602237,14.623523828404375,14.642356872558594,1259700,0.0,0.0
2024-01-16 00:00:00-05:00,14.538775977327797,14.614107251021654,14.359866559578284,14.444613456726074,1513300,0.0,0.0
2024-01-17 00:00:00-05:00,14.331618721428773,14.510528149517533,14.293953531409613,14.416365623474121,2559500,0.0,0.0
2024-01-18 00:00:00-05:00,14.46344644002576,14.48227948404312,14.284537011905647,14.42578125,1332500,0.0,0.0
2024-01-19 00:00:00-05:00,14.46344542556141,14.632939217793533,14.359866384757838,14.604690551757812,1184700,0.0,0.0
2024-01-22 00:00:00-05:00,14.661189313288748,14.830683122046441,14.595275453442529,14.708271026611328,1228000,0.0,0.0
2024-01-23 00:00:00-05:00,14.92484413970687,15.028423173890902,14.783599022537178,14.811847686767578,1747700,0.0,0.0
2024-01-24 00:00:00-05:00,14.934260963149356,14.962510527659846,14.642355980612274,14.661188125610352,1624800,0.0,0.0
2024-01-25 00:00:00-05:00,14.764768241397325,14.89659595197549,14.717686531329868,14.88718032836914,1823800,0.0,0.0
2024-01-26 00:00:00-05:00,14.953094304050845,15.000176014497374,14.887180448231067,14.91542911529541,1525300,0.0,0.0
2024-01-29 00:00:00-05:00,14.934260001616769,15.066088600151282,14.821264444876698,14.84951400756836,1926000,0.0,0.0
2024-01-30 00:00:00-05:00,14.802434204811222,14.915429776083494,14.7459359701706,14.858931541442871,1263800,0.0,0.0
2024-01-31 00:00:00-05:00,14.830682039235837,14.943677604154658,14.680021286010742,14.680021286010742,1921500,0.0,0.0
2024-02-01 00:00:00-05:00,14.736518382585755,14.877763509970551,14.557608965509038,14.830681800842285,1728800,0.0,0.0
2024-02-02 00:00:00-05:00,14.774184171699117,14.802433737131377,14.510527847060649,14.557609558105469,1798300,0.0,0.0
2024-02-05 00:00:00-05:00,14.435198020030578,14.482279732873964,14.22803902232507,14.275120735168457,2336400,0.0,0.0
2024-02-06 00:00:00-05:00,14.293952940129675,14.567025780974955,14.265703375277146,14.491695404052734,1682800,0.0,0.0
2024-02-07 00:00:00-05:00,14.359866485599987,14.482278569959613,13.380570708731884,13.437068939208984,6130600,0.0,0.0
2024-02-08 00:00:00-05:00,13.531232002439019,13.531232002439019,13.295824345685364,13.352322578430176,3131600,0.0,0.0
2024-02-09 00:00:00-05:00,13.314657150833096,13.578313470233168,13.286407585962106,13.502983093261719,2164800,0.0,0.0
2024-02-12 00:00:00-05:00,13.502983324394217,13.841970026568223,13.502983324394217,13.747807502746582,3119000,0.0,0.0
2024-02-13 00:00:00-05:00,13.550064090320689,13.672476170959786,13.446484153928978,13.559479713439941,3626300,0.0,0.0
2024-02-14 00:00:00-05:00,13.653642190657191,13.776054262886209,13.559478781862923,13.757221221923828,1515900,0.0,0.0
2024-02-15 00:00:00-05:00,13.757222180519426,14.020879384311332,13.757222180519426,13.945549011230469,2453700,0.0,0.0
2024-02-16 00:00:00-05:00,13.851385768965946,13.954964808744267,13.738390207932623,13.78547191619873,3696100,0.0,0.0
2024-02-20 00:00:00-05:00,13.653643608093262,13.823137402315202,13.578313232441047,13.653643608093262,2559100,0.0,0.0
2024-02-21 00:00:00-05:00,13.634810444533525,13.69130867477724,13.531231403430434,13.625394821166992,1903700,0.0,0.0
2024-02-22 00:00:00-05:00,13.578312343059109,13.66305923461914,13.437068122464954,13.66305923461914,2361600,0.0,0.0
2024-02-23 00:00:00-05:00,13.634810138004477,13.653643180331958,13.30523997935352,13.371153831481934,3130900,0.0,0.0
2024-02-26 00:00:00-05:00,13.314656111936706,13.380569962141463,12.890921652023673,12.900338172912598,2547500,0.0,0.0
2024-02-27 00:00:00-05:00,12.975668544006279,13.135745807082568,12.843840843596766,12.900338172912598,1993600,0.0,0.0
2024-02-28 00:00:00-05:00,12.806176785572267,12.96625406274259,12.740262031555176,12.740262031555176,2166200,0.0,0.0
2024-02-29 00:00:00-05:00,12.655515407892285,13.531232190553148,12.617850218208428,13.192245483398438,3775000,0.0,0.0
2024-03-01 00:00:00-05:00,13.182828244578275,13.192244765989397,12.730845992951295,12.853257179260254,2761500,0.0,0.0
2024-03-04 00:00:00-05:00,12.881507039912615,13.060416460796322,12.787343619652393,12.90975570678711,3911600,0.0,0.0
2024-03-05 00:00:00-05:00,12.881506570321408,13.305240150027476,12.872090049036878,13.201661109924316,2801100,0.0,0.0
2024-03-06 00:00:00-05:00,13.276990831124094,13.54064712806018,13.192243939749567,13.267574310302734,3014800,0.0,0.0
2024-03-07 00:00:00-05:00,13.34731811278855,13.869438636241439,13.337824781913515,13.840959548950195,3099200,0.114,0.0
2024-03-08 00:00:00-05:00,13.935889621707215,14.135245023024114,13.850451463238006,13.869437217712402,2545500,0.0,0.0
2024-03-11 00:00:00-04:00,13.85994712255534,14.70483370867419,13.821974701890829,14.382067680358887,3356100,0.0,0.0
2024-03-12 00:00:00-04:00,14.334602253969084,14.47699859937032,14.163725915220493,14.239670753479004,2327900,0.0,0.0
2024-03-13 00:00:00-04:00,14.239670361117087,14.476998200469039,14.239670361117087,14.325108528137207,2383200,0.0,0.0
2024-03-14 00:00:00-04:00,14.296629740328939,14.353587915979345,13.983356152916187,14.125753402709961,2318700,0.0,0.0
2024-03-15 00:00:00-04:00,14.078287581493239,14.296629667937898,13.992849413116367,14.068794250488281,4295800,0.0,0.0
2024-03-18 00:00:00-04:00,14.049808574385759,14.049808574385759,13.58464621648168,13.603631973266602,2454600,0.0,0.0
2024-03-19 00:00:00-04:00,13.603630985482415,13.802986396584876,13.48022040667291,13.565658569335938,4940300,0.0,0.0
2024-03-20 00:00:00-04:00,13.518193350672163,13.746027856447414,13.461235176895274,13.61312484741211,3074600,0.0,0.0
2024-03-21 00:00:00-04:00,13.63211109244173,13.765015011577155,13.518193835468745,13.64160442352295,1951300,0.0,0.0
2024-03-22 00:00:00-04:00,13.660589852757209,13.717548023436036,13.261879036670216,13.337823867797852,1677600,0.0,0.0
2024-03-25 00:00:00-04:00,13.385289818973622,13.57515189970601,13.337824072457073,13.565658569335938,1445500,0.0,0.0
2024-03-26 00:00:00-04:00,13.660590693189663,13.755521285272668,13.546673439489744,13.727042198181152,1627900,0.0,0.0
2024-03-27 00:00:00-04:00,13.784001155371037,14.097273826599121,13.784001155371037,14.097273826599121,2053800,0.0,0.0
2024-03-28 00:00:00-04:00,14.078287675507076,14.220684020196858,14.078287675507076,14.182711601257324,2011400,0.0,0.0
2024-04-01 00:00:00-04:00,14.16372566213264,14.23017716808796,13.888425402031334,13.935891151428223,1403700,0.0,0.0
2024-04-02 00:00:00-04:00,13.888424670518178,14.011835250316416,13.603631094471002,13.660590171813965,1538300,0.0,0.0
2024-04-03 00:00:00-04:00,13.641603503674451,13.698562580987154,13.537179584823951,13.67957592010498,1216100,0.0,0.0
2024-04-04 00:00:00-04:00,13.802986827592441,13.888424992923333,13.499207488934907,13.518193244934082,2163000,0.0,0.0
2024-04-05 00:00:00-04:00,13.451740301878994,13.527685128418856,13.366302145688213,13.489712715148926,1796500,0.0,0.0
2024-04-08 00:00:00-04:00,13.508700815501692,13.613125649132312,13.404276887204974,13.423263549804688,1401600,0.0,0.0
2024-04-09 00:00:00-04:00,13.394782734850143,13.584645727873708,13.385290309466042,13.575152397155762,1197000,0.0,0.0
2024-04-10 00:00:00-04:00,13.413769420285684,13.432755176421702,13.043537669627934,13.09100341796875,1705900,0.0,0.0
2024-04-11 00:00:00-04:00,13.109991559632833,13.25238791539881,13.005566720426096,13.138470649719238,1523000,0.0,0.0
2024-04-12 00:00:00-04:00,13.053031337877405,13.10049708744555,12.863169244938689,12.910634994506836,1524300,0.0,0.0
2024-04-15 00:00:00-04:00,12.958098198644501,13.07201634532307,12.682797972394438,12.711277961730957,1376900,0.0,0.0
2024-04-16 00:00:00-04:00,12.65431896058296,12.88215344457235,12.511922634423035,12.787222862243652,1857400,0.0,0.0
2024-04-17 00:00:00-04:00,12.91063422566281,12.939113311574184,12.578374903806102,12.59736156463623,1313200,0.0,0.0
2024-04-18 00:00:00-04:00,12.63533466295659,12.872662504140091,12.606854670174185,12.853675842285156,1323000,0.0,0.0
2024-04-19 00:00:00-04:00,12.834690304082155,13.157455413101506,12.834690304082155,13.11948299407959,1752200,0.0,0.0
2024-04-22 00:00:00-04:00,13.185934988007565,13.280865579883475,13.043537742192918,13.14796257019043,1794600,0.0,0.0
2024-04-23 00:00:00-04:00,13.100497183005334,13.214414439599517,13.015059014226228,13.024552345275879,1559300,0.0,0.0
2024-04-24 00:00:00-04:00,12.910634700553942,13.109990119934082,12.910634700553942,13.109990119934082,1300600,0.0,0.0
2024-04-25 00:00:00-04:00,13.005565113068059,13.119482364668595,12.882154530834018,12.958099365234375,1244800,0.0,0.0
2024-04-26 00:00:00-04:00,12.910634922516097,12.996072184861712,12.825196754836618,12.853675842285156,997100,0.0,0.0
2024-04-29 00:00:00-04:00,12.939115114129601,13.091004800595195,12.939115114129601,13.043539047241211,1472300,0.0,0.0
2024-04-30 00:00:00-04:00,12.948607444763184,12.996072289113544,12.853675945394714,12.948607444763184,1443200,0.0,0.0
2024-05-01 00:00:00-04:00,13.005564415742203,13.290357982140543,13.005564415742203,13.185934066772461,1775900,0.0,0.0
2024-05-02 00:00:00-04:00,13.290358183907504,13.489713592879468,13.290358183907504,13.432754516601562,1099300,0.0,0.0
2024-05-03 00:00:00-04:00,13.527686050282124,13.603630881997356,13.394782142113568,13.451741218566895,1053700,0.0,0.0
2024-05-06 00:00:00-04:00,13.575150417187038,14.011833607849011,13.575150417187038,13.964367866516113,2909600,0.0,0.0
2024-05-07 00:00:00-04:00,13.98335449673032,14.087779315277807,13.75552001044561,13.90740966796875,2886000,0.0,0.0
2024-05-08 00:00:00-04:00,14.315615335935584,14.391560172837057,12.948607366375212,13.935891151428223,4737900,0.0,0.0
2024-05-09 00:00:00-04:00,14.040314868574352,14.334601786223763,13.926397614903763,14.268149375915527,2467400,0.0,0.0
2024-05-10 00:00:00-04:00,14.287136237060025,14.571929827880817,14.220683825823725,14.476998329162598,2808600,0.0,0.0
2024-05-13 00:00:00-04:00,14.609902022501831,14.809257442489203,14.476998107398964,14.733312606811523,3230800,0.0,0.0
2024-05-14 00:00:00-04:00,14.894695817258691,15.037093073801355,14.799765218230839,14.923175811767578,2713100,0.0,0.0
2024-05-15 00:00:00-04:00,15.01810500219699,15.01810500219699,14.410546328335142,14.467504501342773,1374100,0.0,0.0
2024-05-16 00:00:00-04:00,14.439026211719995,14.514971050144075,14.201698365311271,14.277643203735352,1531900,0.0,0.0
2024-05-17 00:00:00-04:00,14.334602325018148,14.353588082009935,14.24916415522038,14.296629905700684,926100,0.0,0.0
2024-05-20 00:00:00-04:00,14.325108592692358,14.363081010946436,13.869438668309558,13.878931999206543,1778600,0.0,0.0
2024-05-21 00:00:00-04:00,13.888424765315659,13.897918095826588,13.698562681766216,13.793493270874023,1472100,0.0,0.0
2024-05-22 00:00:00-04:00,13.717548834949005,13.793493670569443,13.632110668542548,13.689069747924805,1410800,0.0,0.0
2024-05-23 00:00:00-04:00,13.622617903342418,13.698562737068793,13.309345237887666,13.328330993652344,1851000,0.0,0.0
2024-05-24 00:00:00-04:00,13.394782767043774,13.63211060355979,13.366303680155328,13.61312484741211,1295300,0.0,0.0
2024-05-28 00:00:00-04:00,13.613124912304366,13.9074109240001,13.613124912304366,13.689069747924805,1494700,0.0,0.0
2024-05-29 00:00:00-04:00,13.518191835728398,13.613123321829654,13.442247008980893,13.527685165405273,1460200,0.0,0.0
2024-05-30 00:00:00-04:00,13.641602802397323,14.078286021566637,13.565657973440379,13.945382118225098,2147600,0.0,0.0
2024-05-31 00:00:00-04:00,13.983354750984766,14.220682571513363,13.954875666014795,14.154231071472168,2521900,0.0,0.0
2024-06-03 00:00:00-04:00,14.211191603002721,14.334602190963842,14.068794352893484,14.163725852966309,1270200,0.0,0.0
2024-06-04 00:00:00-04:00,14.021328325045065,14.239669489321095,13.812479585708223,13.897917747497559,1733100,0.0,0.0
2024-06-05 00:00:00-04:00,13.935890444375639,13.964369530435308,13.651096867777495,13.717548370361328,1313800,0.0,0.0
2024-06-06 00:00:00-04:00,13.632110463635525,13.727041959401065,13.442248377438286,13.480220794677734,1447600,0.0,0.0
2024-06-07 00:00:00-04:00,13.398813991830778,13.753178518257684,13.360504337983928,13.561630249023438,1702600,0.125,0.0
2024-06-10 00:00:00-04:00,13.379658632687317,13.379658632687317,13.149799813221176,13.283884048461914,2009100,0.0,0.0
2024-06-11 00:00:00-04:00,13.197688023653994,13.30304025630737,12.996562113485227,13.006139755249023,1774700,0.0,0.0
2024-06-12 00:00:00-04:00,13.149799358294258,13.293461229662274,12.929519100920366,12.967828750610352,2070000,0.0,0.0
2024-06-13 00:00:00-04:00,12.891209658775749,12.900787299695967,12.623042106628418,12.623042106628418,1885600,0.0,0.0
2024-06-14 00:00:00-04:00,12.469804081618728,12.613465048563988,12.192057962342695,12.316564559936523,2383100,0.0,0.0
2024-06-17 00:00:00-04:00,12.09628386954378,12.211212821791037,11.828116314300182,12.182480812072754,2687600,0.0,0.0
2024-06-18 00:00:00-04:00,12.153748310265682,12.345297484024897,12.12501629955146,12.316564559936523,3783800,0.0,0.0
2024-06-20 00:00:00-04:00,12.345297585860228,12.833745425527768,12.220790987239354,12.690084457397461,2744200,0.0,0.0
2024-06-21 00:00:00-04:00,12.718816158320296,12.967829349492206,12.690084148069424,12.84332275390625,10110000,0.0,0.0
2024-06-24 00:00:00-04:00,12.881632342009073,13.22642011682028,12.852900331899516,13.111490249633789,3450000,0.0,0.0
2024-06-25 00:00:00-04:00,13.130644395268867,13.168954043223282,12.910363234500442,13.092334747314453,2463300,0.0,0.0
2024-06-26 00:00:00-04:00,12.958251098639531,13.188109909954782,12.833744508911213,13.149799346923828,2309900,0.0,0.0
2024-06-27 00:00:00-04:00,13.14980038838245,13.14980038838245,12.80501351416374,13.063604354858398,1632100,0.0,0.0
2024-06-28 00:00:00-04:00,13.188111059033789,13.532897935986776,13.188111059033789,13.350926399230957,5143500,0.0,0.0
2024-07-01 00:00:00-04:00,13.389233662254288,13.657402098723967,13.283882363667349,13.303037643432617,2783900,0.0,0.0
2024-07-02 00:00:00-04:00,13.32219428217889,13.32219428217889,13.034871430309547,13.063604354858398,2275800,0.0,0.0
2024-07-03 00:00:00-04:00,13.149798292021972,13.427544371470503,13.092334278833603,13.4083890914917,941100,0.0,0.0
2024-07-05 00:00:00-04:00,13.341348135021006,13.465854721263108,13.245573556873524,13.293460845947266,1211500,0.0,0.0
2024-07-08 00:00:00-04:00,13.389235110120023,13.4945873334734,13.159377208324837,13.168954849243164,1562900,0.0,0.0
2024-07-09 00:00:00-04:00,13.14979897872604,13.370080143115624,13.121066970631423,13.293460845947266,1612900,0.0,0.0
2024-07-10 00:00:00-04:00,13.389235149034441,13.724445275157255,13.389235149034441,13.628670692443848,1352800,0.0,0.0
2024-07-11 00:00:00-04:00,13.791486904038766,14.117119388483628,13.753177253714318,14.07880973815918,2018300,0.0,0.0
2024-07-12 00:00:00-04:00,14.203316931912969,14.4523301262607,14.155429638634692,14.318245887756348,2089000,0.0,0.0
2024-07-15 00:00:00-04:00,14.43317436185615,14.864159073601307,14.385287983550349,14.816271781921387,2204400,0.0,0.0
2024-07-16 00:00:00-04:00,14.845004532631734,15.352608571054347,14.777962868957646,15.34303092956543,2219300,0.0,0.0
2024-07-17 00:00:00-04:00,15.295142345007719,15.611196267108275,15.285564704326891,15.582465171813965,2148300,0.0,0.0
2024-07-18 00:00:00-04:00,15.553732724854884,15.860209929009939,15.074861636675552,15.084439277648926,2245500,0.0,0.0
2024-07-19 00:00:00-04:00,15.007819587752948,15.0365515965545,14.624723092485278,14.864158630371094,2271500,0.0,0.0
2024-07-22 00:00:00-04:00,14.845004018667602,15.161058869866078,14.730075064902167,15.113171577453613,1891500,0.0,0.0
2024-07-23 00:00:00-04:00,14.988663819758255,15.285564278983637,14.883312515322958,15.18021297454834,1638900,0.0,0.0
2024-07-24 00:00:00-04:00,15.17063671245771,15.323875319512977,14.950355529785156,14.950355529785156,1156100,0.0,0.0
2024-07-25 00:00:00-04:00,14.988665501468827,15.41007259323952,14.940779120772573,15.34303092956543,1498100,0.0,0.0
2024-07-26 00:00:00-04:00,15.50584554269941,15.668661777307673,15.390915683726698,15.553731918334961,1266000,0.0,0.0
2024-07-29 00:00:00-04:00,15.630351599156404,15.70697089810332,15.065283584392327,15.228099822998047,1694900,0.0,0.0
2024-07-30 00:00:00-04:00,15.256834099448817,15.352608688321205,15.151481869014358,15.266410827636719,1746000,0.0,0.0
2024-07-31 00:00:00-04:00,15.256834983825684,15.55373458246664,15.122750734306855,15.256834983825684,2192200,0.0,0.0
2024-08-01 00:00:00-04:00,15.29514387775212,15.457959218771686,14.835427126118553,14.912046432495117,1424300,0.0,0.0
2024-08-02 00:00:00-04:00,14.624722667203109,14.797115628373383,14.414019144246033,14.461906433105469,1360400,0.0,0.0
2024-08-05 00:00:00-04:00,14.002189862721954,14.02134514378491,13.590360453609108,13.75317668914795,1935700,0.0,0.0
2024-08-06 00:00:00-04:00,13.666981347988397,14.117119514990941,13.61909405631018,13.906416893005371,1995500,0.0,0.0
2024-08-07 00:00:00-04:00,14.050078397827871,14.222472289184385,13.465855974215685,13.686136245727539,1617300,0.0,0.0
2024-08-08 00:00:00-04:00,13.676557183704219,13.734022112645313,13.178531757502325,13.188109397888184,1692500,0.0,0.0
2024-08-09 00:00:00-04:00,13.24557363408704,13.370080221054936,13.073179757766246,13.12106704711914,1447400,0.0,0.0
2024-08-12 00:00:00-04:00,13.10191324680871,13.121067615354944,12.843322421128695,12.900787353515625,1748800,0.0,0.0
2024-08-13 00:00:00-04:00,13.034871120381178,13.312616324130326,12.958251816821008,13.216842651367188,1795900,0.0,0.0
2024-08-14 00:00:00-04:00,13.2359957400364,13.274305388110166,12.805011970863001,12.824167251586914,1838800,0.0,0.0
2024-08-15 00:00:00-04:00,13.140222854294786,13.226419795906182,12.92951932073072,12.986984252929688,1960500,0.0,0.0
2024-08-16 00:00:00-04:00,12.977407252779555,13.274306829240762,12.977407252779555,13.140223503112793,2428500,0.0,0.0
2024-08-19 00:00:00-04:00,13.178532870481781,13.51374209193006,13.178532870481781,13.389235496520996,1268700,0.0,0.0
2024-08-20 00:00:00-04:00,13.255152349012754,13.379658946072382,13.121068110631427,13.130645751953125,1627500,0.0,0.0
2024-08-21 00:00:00-04:00,13.188110843678002,13.245574865544718,12.958252016088657,13.05402660369873,3215100,0.0,0.0
2024-08-22 00:00:00-04:00,13.140222924998405,13.2264198670736,12.939097031280985,12.996561050415039,1672200,0.0,0.0
2024-08-23 00:00:00-04:00,13.073180211967957,13.456277626727003,13.063603484463913,13.437122344970703,1988500,0.0,0.0
2024-08-26 00:00:00-04:00,13.532896940044113,13.858529423222139,13.456277639693296,13.801064491271973,1608300,0.0,0.0
2024-08-27 00:00:00-04:00,13.743601448889995,13.810643113115335,13.532897901272134,13.619094848632812,1415800,0.0,0.0
2024-08-28 00:00:00-04:00,13.523320626626193,13.609517576325612,13.312617073291415,13.379659652709961,1606200,0.0,0.0
2024-08-29 00:00:00-04:00,13.485009805360162,13.485009805360162,13.13064530878472,13.178532600402832,2442600,0.0,0.0
2024-08-30 00:00:00-04:00,13.207263908289343,13.303038486436828,13.044447673463063,13.293460845947266,3993600,0.0,0.0
2024-09-03 00:00:00-04:00,13.073180036337162,13.427545437075164,13.054025668212295,13.417967796325684,1910800,0.0,0.0
2024-09-04 00:00:00-04:00,13.379658572088307,13.609516477139252,13.32219363913851,13.552051544189453,3164300,0.0,0.0
2024-09-05 00:00:00-04:00,13.657403346594837,13.67655771473622,13.140222619540184,13.149799346923828,2135900,0.0,0.0
2024-09-06 00:00:00-04:00,13.125635594385711,13.289947749392201,12.999985068688636,13.038646697998047,1587800,0.125,0.0
2024-09-09 00:00:00-04:00,13.212625270983866,13.66690013351902,13.096640376206677,13.579911231994629,4546700,0.0,0.0
2024-09-10 00:00:00-04:00,13.560580593428492,13.734558404664057,13.202960253928977,13.715227127075195,2234300,0.0,0.0
2024-09-11 00:00:00-04:00,13.628239421786896,13.695897051198749,13.173964528589714,13.40593433380127,1551500,0.0,0.0
2024-09-12 00:00:00-04:00,13.415599045454265,13.53158394004271,13.14496762474789,13.463926315307617,2060300,0.0,0.0
2024-09-13 00:00:00-04:00,13.599241630052852,13.831212342109184,13.560579998337797,13.811881065368652,1468400,0.0,0.0
2024-09-16 00:00:00-04:00,13.831212067605968,14.053516215114033,13.782884798479783,13.947196960449219,1878300,0.0,0.0
2024-09-17 00:00:00-04:00,14.014854972694563,14.48846019537557,13.99552369580178,14.333813667297363,2281100,0.0,0.0
2024-09-18 00:00:00-04:00,14.362809580657377,14.942734979477905,14.21782869183525,14.633441925048828,2914000,0.0,0.0
2024-09-19 00:00:00-04:00,14.807418801924111,14.855746072102669,14.585114649575155,14.691433906555176,2621300,0.0,0.0
2024-09-20 00:00:00-04:00,14.652771949768066,14.788088118913524,14.440132518758343,14.652771949768066,40361400,0.0,0.0
2024-09-23 00:00:00-04:00,14.50779017480974,14.643105413893668,13.985857728340179,14.295150756835938,3174000,0.0,0.0
2024-09-24 00:00:00-04:00,14.469129887020513,14.546453151309564,14.391806622731462,14.507791519165039,2329200,0.0,0.0
2024-09-25 00:00:00-04:00,14.469129733043646,14.662437891709137,14.372475192827897,14.575448989868164,3008900,0.0,0.0
2024-09-26 00:00:00-04:00,14.749425914705359,14.981395691282026,14.710764285275916,14.923402786254883,2071900,0.0,0.0
2024-09-27 00:00:00-04:00,15.097381612261952,15.41634030731378,15.010392709653996,15.213366508483887,1916900,0.0,0.0
2024-09-30 00:00:00-04:00,15.223031519178432,15.271358787719496,14.962064822116275,15.25202751159668,2407600,0.0,0.0
2024-10-01 00:00:00-04:00,15.18437082702525,15.261694092762793,15.058720289760233,15.078051567077637,2396000,0.0,0.0
2024-10-02 00:00:00-04:00,15.155373668032604,15.155373668032604,14.768756447292732,14.913738250732422,1629100,0.0,0.0
2024-10-03 00:00:00-04:00,14.923403724220151,14.981396632892263,14.672103578017031,14.74942684173584,1779400,0.0,0.0
2024-10-04 00:00:00-04:00,14.962064596779685,15.078050408237823,14.788087723124411,14.913738250732422,2127800,0.0,0.0
2024-10-07 00:00:00-04:00,14.836416567288802,14.933070191418626,14.701100387387774,14.875078201293945,991600,0.0,0.0
2024-10-08 00:00:00-04:00,14.846079650233927,14.846079650233927,14.585113879867407,14.739760398864746,1185500,0.0,0.0
2024-10-09 00:00:00-04:00,14.69143350868241,15.068385099747367,14.69143350868241,14.952400207519531,1093200,0.0,0.0
2024-10-10 00:00:00-04:00,14.95240119479571,15.184370994567871,14.884742645204296,15.184370994567871,1630100,0.0,0.0
2024-10-11 00:00:00-04:00,15.203700466171925,15.657976244064896,15.145708480484391,15.53232479095459,1479200,0.0,0.0
2024-10-14 00:00:00-04:00,15.532325296665379,15.57098785073719,15.300355502830648,15.561322212219238,1295500,0.0,0.0
2024-10-15 00:00:00-04:00,15.561321756364151,15.841617891045574,15.493664132252498,15.706302642822266,1168900,0.0,0.0
2024-10-16 00:00:00-04:00,15.85128233190596,16.073586463918122,15.81262162541908,16.015594482421875,1361700,0.0,0.0
2024-10-17 00:00:00-04:00,16.015593745782652,16.12191390991211,15.928604855773418,16.12191390991211,1282400,0.0,0.0
2024-10-18 00:00:00-04:00,16.189575536267753,16.305561366189224,16.054260270969557,16.286230087280273,1369100,0.0,0.0
2024-10-21 00:00:00-04:00,16.23789958837858,16.295893416885132,15.899611473083496,15.899611473083496,1523400,0.0,0.0
2024-10-22 00:00:00-04:00,15.889945116538563,15.967268374185851,15.744964238891384,15.764293670654297,944400,0.0,0.0
2024-10-23 00:00:00-04:00,15.677307492974942,15.764296403348897,15.503331515759228,15.657978057861328,971400,0.0,0.0
2024-10-24 00:00:00-04:00,15.686969905217818,15.715966817221373,15.4839970517884,15.6773042678833,842400,0.0,0.0
2024-10-25 00:00:00-04:00,15.85128353370757,16.054258249631214,15.6193137466034,15.648310661315918,921800,0.0,0.0
2024-10-28 00:00:00-04:00,15.71596817984755,16.044592503586692,15.71596817984755,15.947937965393066,1061800,0.0,0.0
2024-10-29 00:00:00-04:00,15.851283570864183,16.160576621061416,15.831952294343857,15.996264457702637,1243400,0.0,0.0
2024-10-30 00:00:00-04:00,15.99626247166243,16.50853017465772,15.99626247166243,16.12191390991211,1052000,0.0,0.0
2024-10-31 00:00:00-04:00,16.208904821594682,16.4215433328434,15.880280494689941,15.880280494689941,1451200,0.0,0.0
2024-11-01 00:00:00-04:00,15.976934377865676,16.102583983096704,15.696636410265194,15.744964599609375,1573600,0.0,0.0
2024-11-04 00:00:00-05:00,15.831952861885702,15.947938681633508,15.599983065922153,15.609648704528809,1347200,0.0,0.0
2024-11-05 00:00:00-05:00,15.561321854941959,15.841617991399001,15.43567132239149,15.522659301757812,2306200,0.0,0.0
2024-11-06 00:00:00-05:00,16.43120928667077,17.397751009416112,16.421543648219473,17.330093383789062,5655500,0.0,0.0
2024-11-07 00:00:00-05:00,17.28176352189986,18.963547579303743,17.011133045537928,18.673583984375,4617200,0.0,0.0
2024-11-08 00:00:00-05:00,18.55760101527995,18.77990515949423,17.97767563789021,18.199979782104492,3444800,0.0,0.0
2024-11-11 00:00:00-05:00,18.199978764404186,18.257970745840797,17.86168882621556,18.0260009765625,2292800,0.0,0.0
2024-11-12 00:00:00-05:00,18.026003800817733,18.074331995863357,17.832696551231663,17.852025985717773,2007700,0.0,0.0
2024-11-13 00:00:00-05:00,17.98734157864708,18.1516537409473,17.629720339452962,18.064664840698242,1890100,0.0,0.0
2024-11-14 00:00:00-05:00,18.093661420303164,18.161320893329467,17.417083281829374,17.504072189331055,1745800,0.0,0.0
2024-11-15 00:00:00-05:00,17.765035793938235,17.774701432248634,17.001468802736852,17.049795150756836,1814100,0.0,0.0
2024-11-18 00:00:00-05:00,17.165780667033644,17.272100843058418,17.01113414383323,17.06912612915039,1374600,0.0,0.0
2024-11-19 00:00:00-05:00,16.788830333754728,17.310761899136754,16.77916469541943,17.28176498413086,1413200,0.0,0.0
2024-11-20 00:00:00-05:00,17.31076309632018,17.54273290181395,17.301097457316423,17.504072189331055,1051500,0.0,0.0
2024-11-21 00:00:00-05:00,17.591061307677137,17.919685663615194,17.5523987511987,17.900354385375977,1290800,0.0,0.0
2024-11-22 00:00:00-05:00,17.900350432273736,18.383621220335996,17.8326928169101,18.08399200439453,2253300,0.0,0.0
2024-11-25 00:00:00-05:00,18.30630111694336,18.55760219118707,18.190315296703158,18.30630111694336,2168200,0.0,0.0
2024-11-26 00:00:00-05:00,18.180649155406144,18.306300610820088,17.98734191839303,18.27730369567871,1552800,0.0,0.0
2024-11-27 00:00:00-05:00,18.4802767211562,18.557599977582303,18.016335339067755,18.0260009765625,1071400,0.0,0.0
2024-11-29 00:00:00-05:00,18.19031319103606,18.354625341962258,18.00666976505223,18.141986846923828,966500,0.0,0.0
2024-12-02 00:00:00-05:00,18.19031319103606,18.286967722792387,17.832693820129077,18.141986846923828,1659000,0.0,0.0
2024-12-03 00:00:00-05:00,18.151653986437495,18.219311611205793,17.890687282160908,17.92934799194336,1215100,0.0,0.0
2024-12-04 00:00:00-05:00,17.958344361819762,18.28696868088955,17.842358548929035,18.199979782104492,1056700,0.0,0.0
2024-12-05 00:00:00-05:00,18.267636597789366,18.35462549273142,18.026001188179634,18.074329376220703,925600,0.0,0.0
2024-12-06 00:00:00-05:00,18.244612959646112,18.332187250327454,18.08892574419884,18.264074325561523,1332900,0.125,0.0
2024-12-09 00:00:00-05:00,18.478145877141554,18.54625880962745,18.157040726895048,18.205692291259766,1146500,0.0,0.0
2024-12-10 00:00:00-05:00,18.137577097636697,18.468412890699852,17.913776959958085,18.32245635986328,1262800,0.0,0.0
2024-12-11 00:00:00-05:00,18.244611331774507,18.322454932552567,17.95269829284125,18.176498413085938,1256000,0.0,0.0
2024-12-12 00:00:00-05:00,18.186231692772036,18.312726866127395,18.079196030437277,18.157039642333984,1103800,0.0,0.0
2024-12-13 00:00:00-05:00,18.06946523818801,18.157039533036908,17.904047331910988,18.001352310180664,1174300,0.0,0.0
2024-12-16 00:00:00-05:00,17.92350829995003,18.12784707942548,17.74835971414933,17.933238983154297,954100,0.0,0.0
2024-12-17 00:00:00-05:00,17.79701228636235,17.894315401915488,17.485636006403226,17.612133026123047,1443400,0.0,0.0
2024-12-18 00:00:00-05:00,17.787281604242576,17.826202479277605,16.8920792071814,17.028305053710938,1789400,0.0,0.0
2024-12-19 00:00:00-05:00,18.08892521281518,18.18623018359578,17.446715003976365,17.64132308959961,2159200,0.0,0.0
2024-12-20 00:00:00-05:00,17.524559645383004,18.1473085256921,17.524559645383004,17.9040470123291,6197100,0.0,0.0
2024-12-23 00:00:00-05:00,17.797011919075857,17.981889319561777,17.709437632134975,17.913776397705078,1049300,0.0,0.0
2024-12-24 00:00:00-05:00,17.865125243471276,17.99162040749279,17.777550954557164,17.981889724731445,450000,0.0,0.0
2024-12-26 00:00:00-05:00,17.816472228077277,18.059733734736753,17.816472228077277,18.050003051757812,3577200,0.0,0.0
2024-12-27 00:00:00-05:00,17.87485560023394,18.098655731849277,17.69970702560005,17.884584426879883,727800,0.0,0.0
2024-12-30 00:00:00-05:00,17.777552050437162,17.894316538895165,17.524559850860708,17.845664978027344,788100,0.0,0.0
2024-12-31 00:00:00-05:00,17.845661974432232,17.991618488407905,17.74835701313586,17.79701042175293,872300,0.0,0.0
2025-01-02 00:00:00-05:00,17.923510314657904,18.341920459782877,17.865128064807845,18.273807525634766,1045300,0.0,0.0
2025-01-03 00:00:00-05:00,18.293265738679366,18.35164984031989,17.933239724920135,18.283536911010742,979700,0.0,0.0
2025-01-06 00:00:00-05:00,18.088925216454246,18.419761003612066,18.088925216454246,18.22515106201172,1157100,0.0,0.0
2025-01-07 00:00:00-05:00,18.273804770932287,18.43922266718658,17.86512537171214,17.952699661254883,1101900,0.0,0.0
2025-01-08 00:00:00-05:00,17.738626331412444,17.806739247538573,17.349408342164725,17.79701042175293,1887200,0.0,0.0
2025-01-10 00:00:00-05:00,17.466176047599056,17.660784129637687,17.252104744637272,17.359140396118164,1184000,0.0,0.0
2025-01-13 00:00:00-05:00,17.32994854765235,17.52455848786374,17.300758355777198,17.48563575744629,1089000,0.0,0.0
2025-01-14 00:00:00-05:00,17.680245385556347,17.865124639899783,17.65105333825857,17.787281036376953,1265600,0.0,0.0
2025-01-15 00:00:00-05:00,18.195961613585396,18.195961613585396,17.787282204272568,17.80674171447754,1075100,0.0,0.0
2025-01-16 00:00:00-05:00,17.79701429527875,17.865127226229678,17.563481594963882,17.582942962646484,1218300,0.0,0.0
2025-01-17 00:00:00-05:00,17.806740859638527,17.85539427266034,17.38833264327853,17.48563575744629,976300,0.0,0.0
2025-01-21 00:00:00-05:00,17.680246194998592,17.70943824363285,17.22291523535654,17.339679718017578,1011500,0.0,0.0
2025-01-22 00:00:00-05:00,17.222915363922514,17.514828428692184,17.16453126621818,17.310489654541016,961900,0.0,0.0
2025-01-23 00:00:00-05:00,17.213183320132345,17.748357848546256,17.213183320132345,17.719165802001953,1043300,0.0,0.0
2025-01-24 00:00:00-05:00,17.660784780578975,17.806741311472095,17.602402539409326,17.738628387451172,845700,0.0,0.0
2025-01-27 00:00:00-05:00,17.728896484183387,18.127845173932926,17.68024492921407,17.719165802001953,994500,0.0,0.0
2025-01-28 00:00:00-05:00,17.7191666176336,17.855394318506534,17.621863503216005,17.670515060424805,621500,0.0,0.0
2025-01-29 00:00:00-05:00,17.699706826642696,17.952699003165847,17.56347912793767,17.758089065551758,986300,0.0,0.0
2025-01-30 00:00:00-05:00,17.93323727924432,18.02081156382388,17.660783743225927,17.874855041503906,890400,0.0,0.0
2025-01-31 00:00:00-05:00,17.826202063954018,17.9624279073097,17.563479203821267,17.728897094726562,948800,0.0,0.0
2025-02-03 00:00:00-05:00,17.3396791540387,17.7288971768127,17.320217788915517,17.514827728271484,1069000,0.0,0.0
2025-02-04 00:00:00-05:00,17.592670823205797,18.011080881544167,17.56347877636665,17.874855041503906,1177800,0.0,0.0
2025-02-05 00:00:00-05:00,17.904047222256345,17.904047222256345,17.709439122846977,17.845664978027344,886700,0.0,0.0
2025-02-06 00:00:00-05:00,17.894315271253983,17.894315271253983,17.573210166834578,17.64132308959961,823200,0.0,0.0
2025-02-07 00:00:00-05:00,17.670515060424805,17.865125001135883,17.534289215489814,17.670515060424805,1038800,0.0,0.0
2025-02-10 00:00:00-05:00,17.738626331412444,17.855392656155644,17.46617466690793,17.79701042175293,1441500,0.0,0.0
2025-02-11 00:00:00-05:00,17.59267129756783,17.97215863701969,17.544019740795306,17.913776397705078,1064800,0.0,0.0
2025-02-12 00:00:00-05:00,17.709437307194115,17.7678195454375,17.592670974769447,17.631593704223633,1031400,0.0,0.0
2025-02-13 00:00:00-05:00,17.534291792833493,17.709440394030747,17.514830424714194,17.65105628967285,809000,0.0,0.0
2025-02-14 00:00:00-05:00,17.797012078668388,17.884584510456637,17.621863503216005,17.670515060424805,644300,0.0,0.0
2025-02-18 00:00:00-05:00,17.63159316894636,17.660783359212925,17.32994759264775,17.592670440673828,1355600,0.0,0.0
2025-02-19 00:00:00-05:00,17.44671351485472,17.69970567491557,17.398060105648142,17.52455711364746,1209500,0.0,0.0
2025-02-20 00:00:00-05:00,17.446714325063436,17.758088734694315,17.427252960477034,17.660783767700195,1475400,0.0,0.0
2025-02-21 00:00:00-05:00,17.82620335290007,17.933239012383407,17.261836717699104,17.349411010742188,1502400,0.0,0.0
2025-02-24 00:00:00-05:00,17.320219513799387,17.329950197330035,16.931001452263985,16.989383697509766,1775300,0.0,0.0
2025-02-25 00:00:00-05:00,16.979655382718946,17.086689192912385,16.064991518533446,16.473670959472656,2822200,0.0,0.0
2025-02-26 00:00:00-05:00,16.317980852147986,16.551511654934163,16.026065956711886,16.181753158569336,2812800,0.0,0.0
2025-02-27 00:00:00-05:00,16.1428349915446,17.524560531554204,16.1428349915446,17.45644760131836,2448900,0.0,0.0
2025-02-28 00:00:00-05:00,17.56348182770773,18.341919841883744,17.505099579824442,17.709440231323242,2310400,0.0,0.0
2025-03-03 00:00:00-05:00,17.544020556757545,17.845664305839893,17.242374951737187,17.28129768371582,2125500,0.0,0.0
2025-03-04 00:00:00-05:00,17.222916280343497,17.222916280343497,16.785044803952115,16.833696365356445,2292800,0.0,0.0
2025-03-05 00:00:00-05:00,16.911537499140135,16.95046022731078,16.532050179165463,16.823965072631836,1407000,0.0,0.0
2025-03-06 00:00:00-05:00,16.71692955853363,17.242373401435188,16.629355275393728,17.16452980041504,1751800,0.0,0.0
2025-03-07 00:00:00-05:00,17.257631750329463,17.943623917095053,17.169432463730786,17.443828582763672,1807800,0.125,0.0
2025-03-10 00:00:00-04:00,17.336030960083008,17.659427722179146,17.14983225791148,17.336030960083008,2257500,0.0,0.0
2025-03-11 00:00:00-04:00,17.4046303182931,17.54182838080524,17.06163329282934,17.424230575561523,2305400,0.0,0.0
2025-03-12 00:00:00-04:00,17.424228159027013,17.502627308044257,17.07143105385783,17.345829010009766,2310600,0.0,0.0
2025-03-13 00:00:00-04:00,17.345830781831122,17.541827739803125,17.01263389717704,17.0322322845459,1584800,0.0,0.0
2025-03-14 00:00:00-04:00,17.149830876712915,17.316429308568313,16.924433548080092,17.306629180908203,1190100,0.0,0.0
2025-03-17 00:00:00-04:00,17.306630014708055,17.502628838986624,17.287029758443538,17.473228454589844,1039600,0.0,0.0
2025-03-18 00:00:00-04:00,17.404629192508267,17.816225222604803,17.25763101087021,17.806425094604492,1553900,0.0,0.0
2025-03-19 00:00:00-04:00,17.80642594775064,18.512018374929816,17.80642594775064,18.50221824645996,1690800,0.0,0.0
2025-03-20 00:00:00-04:00,18.26702065254776,18.619817798446476,18.21802187969888,18.404220581054688,1272600,0.0,0.0
2025-03-21 00:00:00-04:00,18.35521979316194,18.482619592250032,17.904425105147723,18.198421478271484,9653400,0.0,0.0
2025-03-24 00:00:00-04:00,18.414020550658698,18.45321919476308,18.139622565194617,18.30622100830078,1948500,0.0,0.0
2025-03-25 00:00:00-04:00,18.345418745492623,18.600216461716816,18.30622010332604,18.570817947387695,2214700,0.0,0.0
2025-03-26 00:00:00-04:00,18.619816385904947,18.74721430715736,18.29641964975919,18.374818801879883,1347800,0.0,0.0
2025-03-27 00:00:00-04:00,18.32582047998127,18.414019761917412,17.894624198202706,17.92402458190918,1801100,0.0,0.0
2025-03-28 00:00:00-04:00,17.85542143736606,17.943620708191837,17.541824860733534,17.728023529052734,1450100,0.0,0.0
2025-03-31 00:00:00-04:00,17.620227403146625,17.93382404025972,17.541828243868352,17.855424880981445,1096100,0.0,0.0
2025-04-01 00:00:00-04:00,17.86522530251612,18.208222330927246,17.649628078261077,18.159223556518555,2237600,0.0,0.0
2025-04-02 00:00:00-04:00,18.041623575993633,18.619818076319273,18.041623575993633,18.600217819213867,2574300,0.0,0.0
2025-04-03 00:00:00-04:00,17.90442435677804,18.0906211796882,16.738235302989256,16.748035430908203,3248600,0.0,0.0
2025-04-04 00:00:00-04:00,16.14044123725716,16.375638709278117,15.503447850219146,15.699446678161621,2434000,0.0,0.0
2025-04-07 00:00:00-04:00,15.10165130098401,16.424638661076354,15.013452019032302,15.415247917175293,2086600,0.0,0.0
2025-04-08 00:00:00-04:00,16.003242582885864,16.07184160935455,15.12125162837666,15.572047233581543,4028900,0.0,0.0
2025-04-09 00:00:00-04:00,15.287849715648893,16.89503327908539,15.199650435296086,16.55203628540039,3361000,0.0,0.0
2025-04-10 00:00:00-04:00,16.238440402548928,16.287441043375814,15.248650822637357,15.552447319030762,2157600,0.0,0.0
2025-04-11 00:00:00-04:00,15.317250124860475,15.464248311606427,14.837055051259238,15.111452102661133,1718200,0.0,0.0
2025-04-14 00:00:00-04:00,15.376049277137676,15.748445748853754,15.248651344990314,15.523048400878906,2032400,0.0,0.0
2025-04-15 00:00:00-04:00,15.562248237309927,15.866045683719149,15.483849077189813,15.826845169067383,1960000,0.0,0.0
2025-04-16 00:00:00-04:00,15.787646727243692,15.94444504950646,15.287851374087332,15.444649696350098,1781500,0.0,0.0
2025-04-17 00:00:00-04:00,15.464247995206337,15.86604483763505,15.425048417236665,15.768045425415039,1765300,0.0,0.0
2025-04-21 00:00:00-04:00,15.67984651107615,15.768045797235622,15.18985130760502,15.268250465393066,1727500,0.0,0.0
2025-04-22 00:00:00-04:00,15.523047646094126,15.67984595612067,15.297649374487234,15.405448913574219,2203600,0.0,0.0
2025-04-23 00:00:00-04:00,15.826844873878585,16.150241636990263,15.621046848753728,15.630846977233887,1282000,0.0,0.0
2025-04-24 00:00:00-04:00,15.503447909589623,15.80724441179883,15.434848880302063,15.748445510864258,881000,0.0,0.0
2025-04-25 00:00:00-04:00,15.699446119500893,15.866044556568628,15.591646581050215,15.836644172668457,805800,0.0,0.0
2025-04-28 00:00:00-04:00,15.895443124587816,16.05224143421462,15.836644225773586,15.99344253540039,1057800,0.0,0.0
2025-04-29 00:00:00-04:00,15.905243082908672,16.150240672734807,15.856244312616754,16.00324249267578,860500,0.0,0.0
2025-04-30 00:00:00-04:00,15.82684471572175,15.964044643889546,15.591647242098428,15.905243873596191,1134700,0.0,0.0
2025-05-01 00:00:00-04:00,15.87584452085083,15.944443546727335,15.660245446172363,15.73864459991455,922700,0.0,0.0
2025-05-02 00:00:00-04:00,15.817044453296779,16.258040880842856,15.758245552685086,16.179641723632812,1458000,0.0,0.0
2025-05-05 00:00:00-04:00,15.875846440389564,16.37563993768619,15.699447855845582,16.11104393005371,1023000,0.0,0.0
2025-05-06 00:00:00-04:00,15.91504331766168,16.326639346100485,15.91504331766168,16.31683921813965,1474300,0.0,0.0
2025-05-07 00:00:00-04:00,16.44423866882376,16.581436719042006,16.20904121022824,16.33643913269043,1787800,0.0,0.0
2025-05-08 00:00:00-04:00,16.454040233130005,17.355629635202806,16.454040233130005,16.787235260009766,2433200,0.0,0.0
2025-05-09 00:00:00-04:00,16.79703420131966,16.934234123001637,16.45403907007291,16.748035430908203,1228600,0.0,0.0
2025-05-12 00:00:00-04:00,17.336030013641288,17.522226836464228,16.826434577194433,16.8558349609375,1171100,0.0,0.0
2025-05-13 00:00:00-04:00,17.09103264536074,17.453628036985986,17.00283336216902,17.375228881835938,1251400,0.0,0.0
2025-05-14 00:00:00-04:00,17.26743301521881,17.394830954699817,17.15963346468477,17.16943359375,1854200,0.0,0.0
2025-05-15 00:00:00-04:00,17.1498314390217,17.277229364413788,17.022433513629615,17.06163215637207,1172100,0.0,0.0
2025-05-16 00:00:00-04:00,17.07143229299625,17.120431063744945,16.836234828872588,16.953832626342773,1149900,0.0,0.0
2025-05-19 00:00:00-04:00,16.7578358807457,16.95383283533991,16.69903698128577,16.944034576416016,1175700,0.0,0.0
2025-05-20 00:00:00-04:00,16.865633004394873,17.159631230523118,16.797033979053257,16.973432540893555,2044800,0.0,0.0
2025-05-21 00:00:00-04:00,16.757837919003784,16.83623708421383,16.3756403530692,16.405040740966797,912300,0.0,0.0
2025-05-22 00:00:00-04:00,16.405039347191725,16.503038762674123,16.287441543959556,16.375638961791992,1220500,0.0,0.0
2025-05-23 00:00:00-04:00,16.11104230714584,16.37563828812487,16.06204166682876,16.307039260864258,1008700,0.0,0.0
2025-05-27 00:00:00-04:00,16.46383683099643,16.728434669257595,16.346239037891394,16.669635772705078,1054100,0.0,0.0
2025-05-28 00:00:00-04:00,16.650038191407514,16.689238708193496,16.297241017067762,16.414840698242188,1098900,0.0,0.0
2025-05-29 00:00:00-04:00,16.43443849105214,16.561836413126617,16.28744031352521,16.55203628540039,979100,0.0,0.0
2025-05-30 00:00:00-04:00,16.51283871861847,16.51283871861847,16.228640603607094,16.385438919067383,1418700,0.0,0.0
2025-06-02 00:00:00-04:00,16.316838717078767,16.336438972398554,16.022842364014842,16.130640029907227,886600,0.0,0.0
2025-06-03 00:00:00-04:00,16.101241842222,16.405038329098847,15.944443534854383,16.32663917541504,1036800,0.0,0.0
2025-06-04 00:00:00-04:00,16.375638657042348,16.40503904189494,15.76804565688884,15.807244300842285,1528700,0.0,0.0
2025-06-05 00:00:00-04:00,15.82684455741068,15.944444227637712,15.670046243230205,15.807244300842285,1813700,0.0,0.0
2025-06-06 00:00:00-04:00,16.177610638645646,16.246747312763812,15.910948145031158,16.217117309570312,1394100,0.125,0.0
2025-06-09 00:00:00-04:00,16.315881947243245,16.56279298681854,16.256621941422324,16.35538673400879,1017000,0.0,0.0
2025-06-10 00:00:00-04:00,16.40477106129731,16.829458376377872,16.315882930988273,16.691186904907227,1397100,0.0,0.0
2025-06-11 00:00:00-04:00,16.7701981497131,16.89859295128797,16.641805231920053,16.651681900024414,1097200,0.0,0.0
2025-06-12 00:00:00-04:00,16.592421392895552,16.671432851574796,16.37514035247307,16.483781814575195,1857600,0.0,0.0
2025-06-13 00:00:00-04:00,16.27637650911714,16.53316423577281,16.187488377437024,16.23687171936035,1104900,0.0,0.0
2025-06-16 00:00:00-04:00,16.365264137633115,16.61217518831263,16.197364547819774,16.562793731689453,1030300,0.0,0.0
2025-06-17 00:00:00-04:00,16.454151215736488,16.56279267390727,16.039340601735496,16.138105392456055,1859900,0.0,0.0
2025-06-18 00:00:00-04:00,16.068971276392833,16.45415190415865,16.068971276392833,16.256622314453125,1648000,0.0,0.0
2025-06-20 00:00:00-04:00,16.394893863252236,16.720816369259015,16.30600573581568,16.434398651123047,2766400,0.0,0.0
2025-06-23 00:00:00-04:00,16.424522853307522,16.64180579134391,16.276376594325733,16.5035343170166,1028700,0.0,0.0
2025-06-24 00:00:00-04:00,16.661558151245117,16.799827733682925,16.543040020740012,16.661558151245117,1217300,0.0,0.0
2025-06-25 00:00:00-04:00,16.68130977974364,16.68130977974364,16.464028735929844,16.61217498779297,999200,0.0,0.0
2025-06-26 00:00:00-04:00,16.661559506084934,16.928222024787054,16.661559506084934,16.89859390258789,852800,0.0,0.0
2025-06-27 00:00:00-04:00,16.918345643412554,16.957852318724864,16.464030180012763,16.533164978027344,2681200,0.0,0.0
2025-06-30 00:00:00-04:00,16.681310401191478,16.760321864047437,16.49365935427225,16.55291748046875,1135100,0.0,0.0
2025-07-01 00:00:00-04:00,16.503532741278864,17.086242936915063,16.503532741278864,16.720815658569336,1151400,0.0,0.0
2025-07-02 00:00:00-04:00,16.79982824733373,16.98748117479518,16.740570122160264,16.918344497680664,1268900,0.0,0.0
2025-07-03 00:00:00-04:00,16.878838920551164,17.165254748664942,16.878838920551164,17.02698516845703,625200,0.0,0.0
2025-07-07 00:00:00-04:00,16.859087088640514,17.026986686915503,16.52328789209054,16.543041229248047,1366600,0.0,0.0
2025-07-08 00:00:00-04:00,16.562793689746396,17.017109117630934,16.55291702169041,16.967727661132812,1467100,0.0,0.0
2025-07-09 00:00:00-04:00,16.947974165724396,17.135627089460755,16.928220829798086,17.10599708557129,1213600,0.0,0.0
2025-07-10 00:00:00-04:00,17.10599819285096,17.45167405880998,17.056616733620498,17.21463966369629,1314300,0.0,0.0
2025-07-11 00:00:00-04:00,17.185010183373883,17.185010183373883,16.789952846104296,16.888717651367188,984100,0.0,0.0
2025-07-14 00:00:00-04:00,16.898592082731696,17.07636833190918,16.799827290546236,17.07636833190918,1159900,0.0,0.0
2025-07-15 00:00:00-04:00,17.07636916921048,17.18500875053783,16.552917063608454,16.562793731689453,1570000,0.0,0.0
2025-07-16 00:00:00-04:00,16.64180477395635,16.750444352551035,16.375140393822374,16.572669982910156,1410200,0.0,0.0
2025-07-17 00:00:00-04:00,16.51340945266118,16.868961948240237,16.51340945266118,16.809703826904297,1992000,0.0,0.0
2025-07-18 00:00:00-04:00,16.88871642420965,16.88871642420965,16.473905779271806,16.513410568237305,1186800,0.0,0.0
2025-07-21 00:00:00-04:00,16.592420683751094,16.612174018522108,16.29612819731263,16.365262985229492,1074800,0.0,0.0
2025-07-22 00:00:00-04:00,16.37513969804289,16.5134092742602,16.345509695804168,16.454151153564453,1223200,0.0,0.0
2025-07-23 00:00:00-04:00,16.543040392054564,17.0664924975467,16.523287055896713,17.056615829467773,1739600,0.0,0.0
2025-07-24 00:00:00-04:00,16.888715920026325,17.017108835058544,16.789951124888272,16.839332580566406,974200,0.0,0.0
2025-07-25 00:00:00-04:00,16.849207779626052,16.849207779626052,16.58254530491597,16.829456329345703,886100,0.0,0.0
2025-07-28 00:00:00-04:00,16.809703167289697,16.859084619168293,16.66155692787227,16.780073165893555,1138700,0.0,0.0
2025-07-29 00:00:00-04:00,16.829457737254646,17.007232107339636,16.552916688597254,16.661558151245117,1226700,0.0,0.0
2025-07-30 00:00:00-04:00,16.681309098055923,17.056614930139414,16.345509936205104,16.4936580657959,1722000,0.0,0.0
2025-07-31 00:00:00-04:00,16.424521392888725,16.552916187363184,16.345509936205104,16.4936580657959,1563000,0.0,0.0
2025-08-01 00:00:00-04:00,16.217117684582888,16.335635816315804,15.851688505206369,15.871441841125488,1558700,0.0,0.0
2025-08-04 00:00:00-04:00,15.901070568240756,16.118351594559275,15.851687232408153,16.059093475341797,1020800,0.0,0.0
2025-08-05 00:00:00-04:00,16.138106466031566,16.226994595215118,15.930700203342674,16.157859802246094,1491800,0.0,0.0
2025-08-06 00:00:00-04:00,16.315882724398666,16.315882724398666,15.989960211986256,16.157859802246094,2121400,0.0,0.0
2025-08-07 00:00:00-04:00,16.572670534437542,16.622051991461984,14.854168891906738,14.854168891906738,3257700,0.0,0.0
2025-08-08 00:00:00-04:00,14.972685254698423,15.27885535749942,14.686268487125622,15.120832443237305,2839500,0.0,0.0
2025-08-11 00:00:00-04:00,19.081287161747397,19.792392247982235,19.081287161747397,19.624492645263672,13381900,0.0,0.0
2025-08-12 00:00:00-04:00,19.65411903641103,20.28621260001718,19.49609611645494,20.06892967224121,6776800,0.0,0.0
2025-08-13 00:00:00-04:00,19.841771962178075,20.622009894063293,19.841771962178075,20.56275177001953,3544500,0.0,0.0
2025-08-14 00:00:00-04:00,20.414605597507034,20.799786230963946,20.2664593449299,20.740528106689453,3655100,0.0,0.0
2025-08-15 00:00:00-04:00,20.631885793760336,20.671392464172925,20.138063716293356,20.26645851135254,4043600,0.0,0.0
2025-08-18 00:00:00-04:00,20.256582758294435,20.256582758294435,19.851648787192072,19.930660247802734,2733100,0.0,0.0
2025-08-19 00:00:00-04:00,20.79978603070726,20.888674158154103,20.72077457117471,20.78990936279297,29632400,0.0,0.0
2025-08-20 00:00:00-04:00,20.829416234992095,20.92818103130412,20.740528106689453,20.740528106689453,10310000,0.0,0.0
2025-08-21 00:00:00-04:00,20.77015749464614,20.859045620312237,20.750404159213286,20.799785614013672,7141200,0.0,0.0
2025-08-22 00:00:00-04:00,20.809663355577616,20.849170028482,20.780035234681172,20.81954002380371,3646600,0.0,0.0
2025-08-25 00:00:00-04:00,20.799787824969233,21.086205567845738,20.780036371218607,21.017070770263672,2907900,0.0,0.0
2025-08-26 00:00:00-04:00,20.938057497725566,20.987438953515237,20.780034578660462,20.78990936279297,4126600,0.0,0.0
2025-08-27 00:00:00-04:00,20.809662522752653,20.908427317279095,20.72077439605703,20.839292526245117,2808200,0.0,0.0
2025-08-28 00:00:00-04:00,20.878796698489822,20.947931487486404,20.78990857441373,20.898550033569336,2463900,0.0,0.0
2025-08-29 00:00:00-04:00,20.93805694580078,20.957808397326932,20.88867360753106,20.93805694580078,1909700,0.0,0.0
2025-09-02 00:00:00-04:00,20.839291497170038,20.947931070380747,20.82941482982694,20.90842628479004,2186700,0.0,0.0
2025-09-03 00:00:00-04:00,20.85904483185623,20.987437739753137,20.85904483185623,20.90842628479004,2082200,0.0,0.0
2025-09-04 00:00:00-04:00,20.898550033569336,20.95780815502616,20.730650452956905,20.898550033569336,2359300,0.0,0.0
2025-09-05 00:00:00-04:00,20.88364782031093,20.96312880013707,20.83397102355957,20.83397102355957,4513800,0.125,0.0
2025-09-08 00:00:00-04:00,20.873712520022917,20.90351859815807,20.69487984116408,20.86377716064453,2956800,0.0,0.0
2025-09-09 00:00:00-04:00,20.764425403083703,20.91345200338571,20.67500906390729,20.83397102355957,2125400,0.0,0.0
2025-09-10 00:00:00-04:00,20.784296094839387,20.87371243389988,20.73462119312846,20.814102172851562,2195600,0.0,0.0
2025-09-11 00:00:00-04:00,20.863777180285116,20.953193519798706,20.824035742734168,20.87371253967285,2058600,0.0,0.0
2025-09-12 00:00:00-04:00,20.883647965156005,20.933322867275866,20.843906527479277,20.9134521484375,4084600,0.0,0.0
2025-09-15 00:00:00-04:00,20.903518683994367,20.97306430495259,20.903518683994367,20.9134521484375,1615400,0.0,0.0
2025-09-16 00:00:00-04:00,20.91345212156628,20.99293310184156,20.883647938323076,20.893583297729492,2572100,0.0,0.0
2025-09-17 00:00:00-04:00,20.893583152574664,20.94325805428559,20.764425376164603,20.814102172851562,2155500,0.0,0.0
2025-09-18 00:00:00-04:00,20.824035801431876,20.923387500613252,20.77436089932921,20.903518676757812,3744700,0.0,0.0
2025-09-19 00:00:00-04:00,20.873712598510586,20.943258219444736,20.873712598510586,20.903518676757812,4238000,0.0,0.0
2025-09-22 00:00:00-04:00,20.923387441635494,20.953193519798706,20.824035742734168,20.87371253967285,2914600,0.0,0.0
2025-09-23 00:00:00-04:00,20.86377690861039,20.893582986385486,20.694879591170217,20.724685668945312,2248200,0.0,0.0
2025-09-24 00:00:00-04:00,20.72468741828446,20.784297683890244,20.615400352193706,20.635271072387695,2960600,0.0,0.0
2025-09-25 00:00:00-04:00,20.466373264350363,20.496177448971494,20.208059592769132,20.367021560668945,6818400,0.0,0.0
2025-09-26 00:00:00-04:00,20.36702115246763,20.43656677515793,20.108707486063594,20.138513565063477,4082300,0.0,0.0
2025-09-29 00:00:00-04:00,20.138513402458806,20.198123665001166,19.989486798614866,20.049097061157227,3123500,0.0,0.0
2025-09-30 00:00:00-04:00,20.049097326071696,20.367021257133207,20.049097326071696,20.198123931884766,3536100,0.0,0.0
2025-10-01 00:00:00-04:00,20.198123873867246,20.27760485640432,20.14844897039761,20.168317794799805,2404300,0.0,0.0
2025-10-02 00:00:00-04:00,20.158384330086758,20.327279759873957,20.158384330086758,20.168317794799805,3041800,0.0,0.0
2025-10-03 00:00:00-04:00,20.188188200099265,20.24779846233066,19.959680615732207,19.989486694335938,2571700,0.0,0.0
2025-10-06 00:00:00-04:00,19.999420204957346,20.09877190555587,19.96961602126104,20.019290924072266,2389800,0.0,0.0
2025-10-07 00:00:00-04:00,20.00935580360144,20.1881884878204,19.989486979225187,20.148448944091797,2346900,0.0,0.0
2025-10-08 00:00:00-04:00,20.188188533526795,20.247798796742707,20.128578270310882,20.178253173828125,879100,0.0,0.0
2025-10-09 00:00:00-04:00,20.178252984923922,20.23786514255786,19.969616118133388,20.068967819213867,1775600,0.0,0.0
2025-10-10 00:00:00-04:00,20.108707159880847,20.13851323839725,19.850393497666907,19.959680557250977,2556300,0.0,0.0
2025-10-13 00:00:00-04:00,20.059032237699775,20.06896759719552,19.910005635215743,19.949745178222656,996100,0.0,0.0
2025-10-14 00:00:00-04:00,19.880199432373047,19.979551131732954,19.701366752520425,19.880199432373047,2271200,0.0,0.0
2025-10-15 00:00:00-04:00,19.91000521913935,19.92987404273956,19.721237182617188,19.721237182617188,1881400,0.0,0.0
2025-10-16 00:00:00-04:00,19.701366298166192,19.76097655841698,19.60201460109754,19.631820678710938,1828900,0.0,0.0
2025-10-17 00:00:00-04:00,19.62188566788654,19.840457889337447,19.62188566788654,19.820589065551758,783000,0.0,0.0
2025-10-20 00:00:00-04:00,19.85039341268043,19.919939033944882,19.790783150878905,19.910005569458008,993300,0.0,0.0
2025-10-21 00:00:00-04:00,19.880199432373047,19.949745053432167,19.840457994638665,19.880199432373047,760400,0.0,0.0
2025-10-22 00:00:00-04:00,19.870263888534968,20.029225848045165,19.741108007048943,19.780847549438477,1778500,0.0,0.0
2025-10-23 00:00:00-04:00,19.78084763528494,19.880199334153993,19.721237373953922,19.830522537231445,1379500,0.0,0.0
2025-10-24 00:00:00-04:00,19.919938994755466,19.979551151415766,19.80071847138697,19.890134811401367,891000,0.0,0.0
2025-10-27 00:00:00-04:00,19.98948617844946,20.019290361307938,19.7013664443107,19.711301803588867,855900,0.0,0.0
2025-10-28 00:00:00-04:00,19.721237182617188,19.770912084081747,19.55233986467126,19.721237182617188,1299000,0.0,0.0
2025-10-29 00:00:00-04:00,19.64175784509221,19.79078445691866,19.47286051302859,19.57221221923828,1194900,0.0,0.0
2025-10-30 00:00:00-04:00,19.49273109436035,19.741109410626546,19.472860374264776,19.49273109436035,1202100,0.0,0.0
2025-10-31 00:00:00-04:00,19.522535361973826,19.641757788074607,19.403314830849226,19.54240608215332,999300,0.0,0.0
2025-11-03 00:00:00-05:00,19.472860538320756,19.61195179020927,19.313898566169254,19.59208106994629,1461500,0.0,0.0
2025-11-04 00:00:00-05:00,19.542404407330153,19.71130172442865,19.492729506114838,19.671560287475586,1217700,0.0,0.0
2025-11-05 00:00:00-05:00,19.681495890137377,19.870263928047116,19.641756347668824,19.800718307495117,1257200,0.0,0.0
2025-11-06 00:00:00-05:00,19.760976705003678,19.870263762087486,19.711301803588867,19.711301803588867,773400,0.0,0.0
2025-11-07 00:00:00-05:00,19.72123736671915,19.870263967480042,19.661627105410002,19.820589065551758,1523000,0.0,0.0
2025-11-10 00:00:00-05:00,19.870263928047116,19.870263928047116,19.73117268694312,19.800718307495117,1063000,0.0,0.0
2025-11-11 00:00:00-05:00,19.810654135212882,20.078901264401537,19.790783416020812,20.059032440185547,1938600,0.0,0.0
2025-11-12 00:00:00-05:00,20.019290904591738,20.059032342782906,19.910005739518166,20.009355545043945,1527300,0.0,0.0
2025-11-13 00:00:00-05:00,19.98948639240756,20.088836196300573,19.79078299466945,19.830522537231445,1127800,0.0,0.0
2025-11-14 00:00:00-05:00,19.810653647169346,19.919938810081298,19.641756328149746,19.790782928466797,1049600,0.0,0.0
2025-11-17 00:00:00-05:00,19.810653560853705,19.810653560853705,19.562275263082135,19.741107940673828,1396100,0.0,0.0
2025-11-18 00:00:00-05:00,19.770912170410156,19.96961556708806,19.661627007715737,19.770912170410156,1225800,0.0,0.0
2025-11-19 00:00:00-05:00,19.751041412353516,19.90006990705272,19.73117258870618,19.751041412353516,1522000,0.0,0.0
2025-11-20 00:00:00-05:00,19.770913660119188,19.900071446184484,19.462925077540383,19.532470703125,2140000,0.0,0.0
2025-11-21 00:00:00-05:00,19.631821053906616,19.939809615227187,19.611950335117925,19.840457916259766,1824700,0.0,0.0
2025-11-24 00:00:00-05:00,18.87675143001654,19.264220984556104,18.707854104580505,19.145000457763672,6854200,0.0,0.0
2025-11-25 00:00:00-05:00,19.254286224407863,19.49273107537014,19.234417399307812,19.48279571533203,2830500,0.0,0.0
2025-11-26 00:00:00-05:00,19.413249950420756,19.582145384925404,19.4033145904541,19.4033145904541,2413000,0.0,0.0
2025-11-28 00:00:00-05:00,19.383443851468893,19.502664380999246,19.363573131555118,19.39337921142578,447100,0.0,0.0
2025-12-01 00:00:00-05:00,19.31389799058326,19.482795317832835,19.23441700687617,19.26422119140625,942200,0.0,0.0
2025-12-02 00:00:00-05:00,19.353637470116915,19.353637470116915,19.145000599200763,19.2244815826416,904800,0.0,0.0
2025-12-03 00:00:00-05:00,19.303962649970458,19.32383336966105,19.204610946493634,19.27415657043457,883900,0.0,0.0
2025-12-04 00:00:00-05:00,19.21454608088861,19.24435216007477,19.11519437857751,19.145000457763672,876100,0.0,0.0
2025-12-05 00:00:00-05:00,19.100000381469727,19.280000686645508,19.079999923706055,19.15999984741211,1637300,0.125,0.0
2025-12-08 00:00:00-05:00,19.239999771118164,19.549999237060547,19.229999542236328,19.420000076293945,2018500,0.0,0.0
2025-12-09 00:00:00-05:00,19.440000534057617,19.56999969482422,19.40999984741211,19.549999237060547,658400,0.0,0.0
2025-12-10 00:00:00-05:00,19.559999465942383,19.75,19.559999465942383,19.610000610351562,1486700,0.0,0.0
2025-12-11 00:00:00-05:00,19.649999618530273,19.760000228881836,19.649999618530273,19.760000228881836,1598300,0.0,0.0
2025-12-12 00:00:00-05:00,19.75,19.799999237060547,19.65999984741211,19.670000076293945,1030700,0.0,0.0
2025-12-15 00:00:00-05:00,19.700000762939453,19.760000228881836,19.579999923706055,19.579999923706055,1864700,0.0,0.0
2025-12-16 00:00:00-05:00,19.639999389648438,19.770000457763672,19.6200008392334,19.68000030517578,1232200,0.0,0.0
2025-12-17 00:00:00-05:00,19.639999389648438,19.799999237060547,19.600000381469727,19.649999618530273,1007200,0.0,0.0
2025-12-18 00:00:00-05:00,19.670000076293945,19.700000762939453,19.399999618530273,19.549999237060547,1505600,0.0,0.0
2025-12-19 00:00:00-05:00,19.510000228881836,19.610000610351562,19.280000686645508,19.309999465942383,2377500,0.0,0.0
2025-12-22 00:00:00-05:00,19.299999237060547,19.43000030517578,19.260000228881836,19.360000610351562,969900,0.0,0.0
2025-12-23 00:00:00-05:00,19.31999969482422,19.420000076293945,19.309999465942383,19.360000610351562,665100,0.0,0.0
2025-12-24 00:00:00-05:00,19.31999969482422,19.40999984741211,19.280000686645508,19.3799991607666,317100,0.0,0.0
2025-12-26 00:00:00-05:00,19.420000076293945,19.43000030517578,19.3700008392334,19.399999618530273,614600,0.0,0.0
2025-12-29 00:00:00-05:00,19.450000762939453,19.459999084472656,19.31999969482422,19.329999923706055,529600,0.0,0.0
2025-12-30 00:00:00-05:00,19.309999465942383,19.479999542236328,19.309999465942383,19.450000762939453,744600,0.0,0.0
2025-12-31 00:00:00-05:00,19.479999542236328,19.479999542236328,19.3799991607666,19.40999984741211,428500,0.0,0.0
2026-01-02 00:00:00-05:00,19.3799991607666,19.440000534057617,19.239999771118164,19.290000915527344,899600,0.0,0.0
2026-01-05 00:00:00-05:00,19.239999771118164,19.389999389648438,19.239999771118164,19.31999969482422,1290500,0.0,0.0
2026-01-06 00:00:00-05:00,19.270000457763672,19.3700008392334,19.25,19.329999923706055,622700,0.0,0.0
2026-01-07 00:00:00-05:00,19.360000610351562,19.399999618530273,19.200000762939453,19.200000762939453,901800,0.0,0.0
2026-01-08 00:00:00-05:00,19.1200008392334,19.239999771118164,19.030000686645508,19.079999923706055,1057600,0.0,0.0
2026-01-09 00:00:00-05:00,19.079999923706055,19.170000076293945,18.899999618530273,18.950000762939453,1107300,0.0,0.0
2026-01-12 00:00:00-05:00,18.90999984741211,18.920000076293945,18.68000030517578,18.729999542236328,999100,0.0,0.0
2026-01-13 00:00:00-05:00,18.729999542236328,19.040000915527344,18.690000534057617,18.950000762939453,1617100,0.0,0.0
2026-01-14 00:00:00-05:00,19.010000228881836,19.610000610351562,18.799999237060547,18.90999984741211,3457300,0.0,0.0
2026-01-15 00:00:00-05:00,18.90999984741211,19.010000228881836,18.829999923706055,19.0,1294400,0.0,0.0
2026-01-16 00:00:00-05:00,18.969999313354492,19.030000686645508,18.84000015258789,18.850000381469727,1152700,0.0,0.0
2026-01-20 00:00:00-05:00,18.850000381469727,18.93000030517578,18.799999237060547,18.8700008392334,1075400,0.0,0.0
2026-01-21 00:00:00-05:00,18.850000381469727,18.959999084472656,18.850000381469727,18.959999084472656,1333700,0.0,0.0
2026-01-22 00:00:00-05:00,19.010000228881836,19.100000381469727,18.899999618530273,18.959999084472656,985500,0.0,0.0
2026-01-23 00:00:00-05:00,18.889999389648438,19.010000228881836,18.889999389648438,18.959999084472656,620700,0.0,0.0
2026-01-26 00:00:00-05:00,18.979999542236328,19.020000457763672,18.850000381469727,18.920000076293945,920800,0.0,0.0
2026-01-27 00:00:00-05:00,18.920000076293945,18.979999542236328,18.850000381469727,18.920000076293945,744500,0.0,0.0
2026-01-28 00:00:00-05:00,18.8799991607666,18.989999771118164,18.81999969482422,18.850000381469727,798800,0.0,0.0
2026-01-29 00:00:00-05:00,18.850000381469727,19.0,18.809999465942383,18.8799991607666,945800,0.0,0.0
2026-01-30 00:00:00-05:00,18.850000381469727,19.170000076293945,18.770000457763672,19.15999984741211,1558300,0.0,0.0
2026-02-02 00:00:00-05:00,19.06999969482422,19.270000457763672,19.059999465942383,19.200000762939453,1483300,0.0,0.0
2026-02-03 00:00:00-05:00,19.1200008392334,19.209999084472656,18.729999542236328,18.809999465942383,2433300,0.0,0.0
2026-02-04 00:00:00-05:00,18.81999969482422,18.93000030517578,18.780000686645508,18.920000076293945,1174000,0.0,0.0
2026-02-05 00:00:00-05:00,18.950000762939453,19.06999969482422,18.899999618530273,19.010000228881836,1658100,0.0,0.0
2026-02-06 00:00:00-05:00,18.969999313354492,19.1200008392334,18.90999984741211,19.06999969482422,1354600,0.0,0.0
2026-02-09 00:00:00-05:00,20.780000686645508,20.81999969482422,20.6200008392334,20.739999771118164,7422000,0.0,0.0
2026-02-10 00:00:00-05:00,20.799999237060547,20.90999984741211,20.6299991607666,20.889999389648438,2490800,0.0,0.0
2026-02-11 00:00:00-05:00,20.850000381469727,20.920000076293945,20.690000534057617,20.790000915527344,2258400,0.0,0.0
2026-02-12 00:00:00-05:00,20.84000015258789,20.850000381469727,20.719999313354492,20.790000915527344,1967200,0.0,0.0
2026-02-13 00:00:00-05:00,20.799999237060547,20.989999771118164,20.770000457763672,20.950000762939453,2039900,0.0,0.0
2026-02-17 00:00:00-05:00,20.940000534057617,20.950000762939453,20.829999923706055,20.8799991607666,980700,0.0,0.0
2026-02-18 00:00:00-05:00,20.860000610351562,21.100000381469727,20.860000610351562,20.950000762939453,1721500,0.0,0.0
2026-02-19 00:00:00-05:00,20.920000076293945,20.989999771118164,20.850000381469727,20.8700008392334,1392700,0.0,0.0
2026-02-20 00:00:00-05:00,20.8799991607666,20.920000076293945,20.780000686645508,20.829999923706055,1373600,0.0,0.0
2026-02-23 00:00:00-05:00,20.829999923706055,20.860000610351562,20.75,20.81999969482422,1284000,0.0,0.0
2026-02-24 00:00:00-05:00,20.889999389648438,20.959999084472656,20.829999923706055,20.899999618530273,1074900,0.0,0.0
2026-02-25 00:00:00-05:00,20.940000534057617,21.06999969482422,20.889999389648438,21.010000228881836,1678800,0.0,0.0
2026-02-26 00:00:00-05:00,21.0,21.149999618530273,20.989999771118164,21.049999237060547,1978000,0.0,0.0
2026-02-27 00:00:00-05:00,20.989999771118164,21.084999084472656,20.950000762939453,20.950000762939453,2263333,0.0,0.0
