Date,Open,High,Low,Close,Volume,Dividends,Stock Splits
2022-01-03 00:00:00-05:00,191.6505041622921,192.82446334309478,190.2362127677506,191.345458984375,2055600,0.0,0.0
2022-01-04 00:00:00-05:00,192.5286399864792,202.3639800284996,192.2143561718157,201.58750915527344,5242300,0.0,0.0
2022-01-05 00:00:00-05:00,201.67995135637003,206.4682169322251,201.67995135637003,203.1312255859375,5378200,0.0,0.0
2022-01-06 00:00:00-05:00,204.739640915842,205.86737853672238,201.5690301639086,205.2018280029297,3913200,0.0,0.0
2022-01-07 00:00:00-05:00,205.67324854368036,208.8808279751974,205.4236635736232,207.23544311523438,3673400,0.0,0.0
2022-01-10 00:00:00-05:00,207.93801868536153,208.67752102713322,203.92623717015508,204.8783416748047,3734900,0.0,0.0
2022-01-11 00:00:00-05:00,205.21108639319058,205.29427669170383,200.2102182450257,203.3161163330078,2944300,0.0,0.0
2022-01-12 00:00:00-05:00,205.32203262541373,206.7733071712974,203.42707643163405,205.5808563232422,2506900,0.0,0.0
2022-01-13 00:00:00-05:00,206.03379815503635,210.64643123586734,205.80270456770714,209.83297729492188,5002300,0.0,0.0
2022-01-14 00:00:00-05:00,207.72537562921335,212.27329509427008,206.67158958371036,211.62623596191406,3970600,0.0,0.0
2022-01-18 00:00:00-05:00,210.48926325104392,213.00354819371617,209.7035395093872,212.48590087890625,5411900,0.0,0.0
2022-01-19 00:00:00-05:00,213.3218985065335,213.46122177681227,205.21294401776518,205.89102172851562,4991700,1.11,0.0
2022-01-20 00:00:00-05:00,205.3522479934062,206.08604071940337,200.67078844919743,201.2188262939453,3545600,0.0,0.0
2022-01-21 00:00:00-05:00,202.03622538723357,202.03622538723357,197.30833391873398,198.85952758789062,3754700,0.0,0.0
2022-01-24 00:00:00-05:00,196.13797557951537,199.67692800964156,191.95810782614976,199.08245849609375,5107300,0.0,0.0
2022-01-25 00:00:00-05:00,196.9925659150126,201.4046494684714,192.3668486001136,199.0639190673828,4554300,0.0,0.0
2022-01-26 00:00:00-05:00,199.704769231547,203.30874820707885,197.14112241262603,199.04527282714844,3558500,0.0,0.0
2022-01-27 00:00:00-05:00,199.8998515483488,202.3984716017698,195.19981075344097,197.07611083984375,3678100,0.0,0.0
2022-01-28 00:00:00-05:00,190.96426806103528,193.2028234069031,182.79959728887863,186.84942626953125,10747300,0.0,0.0
2022-01-31 00:00:00-05:00,185.26105285311277,187.2581095883563,180.83038839008307,187.220947265625,6179000,0.0,0.0
2022-02-01 00:00:00-05:00,186.51503372599254,191.1500346359125,186.27352112904236,190.74134826660156,4026400,0.0,0.0
2022-02-02 00:00:00-05:00,188.74426808352635,191.15930871537122,187.07231796711628,190.36048889160156,3492300,0.0,0.0
2022-02-03 00:00:00-05:00,190.4162205821967,191.22432390970798,185.85551648276444,186.3199462890625,2748200,0.0,0.0
2022-02-04 00:00:00-05:00,185.96697872904485,186.71005503836807,182.51162003225798,184.29502868652344,3930800,0.0,0.0
2022-02-07 00:00:00-05:00,184.69439814265175,187.1930321753819,183.94202430269618,185.6046905517578,2402000,0.0,0.0
2022-02-08 00:00:00-05:00,186.0134159181297,187.91758090744335,185.05669167672374,187.1652069091797,2407100,0.0,0.0
2022-02-09 00:00:00-05:00,188.22410278513118,189.5802439941997,187.71322718673989,189.11581420898438,2743700,0.0,0.0
2022-02-10 00:00:00-05:00,188.15907489071427,192.0417007804697,187.2209177289464,188.62350463867188,3538500,0.0,0.0
2022-02-11 00:00:00-05:00,188.94859770179144,190.09109091774695,185.89265618444458,186.92369079589844,3826700,0.0,0.0
2022-02-14 00:00:00-05:00,186.65431230571497,187.35095692554714,184.0163547468688,185.6697235107422,2730500,0.0,0.0
2022-02-15 00:00:00-05:00,186.4221304056801,189.905354120933,185.78121497434978,188.93934631347656,2752600,0.0,0.0
2022-02-16 00:00:00-05:00,188.66067490365427,190.80633832308453,188.5584997801922,189.15296936035156,2253900,0.0,0.0
2022-02-17 00:00:00-05:00,186.70076390319406,187.4066920374652,180.60744770721126,180.8861083984375,4699600,0.0,0.0
2022-02-18 00:00:00-05:00,179.60426616605196,181.7034834481078,177.57934516848906,178.29457092285156,4385200,0.0,0.0
2022-02-22 00:00:00-05:00,178.29458575781118,181.03471856445805,176.9941880719261,177.60723876953125,3488000,0.0,0.0
2022-02-23 00:00:00-05:00,178.08092529971455,178.6382466090157,173.1115218404666,173.3901824951172,3550400,0.0,0.0
2022-02-24 00:00:00-05:00,169.08027130438205,172.08978078900319,166.88816260717465,171.55104064941406,5919500,0.0,0.0
2022-02-25 00:00:00-05:00,171.78327905070793,174.56055989860488,171.0216074537557,173.75245666503906,3594600,0.0,0.0
2022-02-28 00:00:00-05:00,171.22596363087317,175.340818749449,170.60362944194165,174.2354736328125,5168500,0.0,0.0
2022-03-01 00:00:00-05:00,174.4119632619432,174.82994722859914,167.78919007462346,169.82339477539062,5110600,0.0,0.0
2022-03-02 00:00:00-05:00,172.024815224032,179.79008295603114,171.83904611693885,178.9076690673828,5849900,0.0,0.0
2022-03-03 00:00:00-05:00,179.56709705516425,182.59517344576025,178.65680468381143,180.98825073242188,4429700,0.0,0.0
2022-03-04 00:00:00-05:00,177.50506437189526,182.06575395724528,176.77125739574714,181.74066162109375,4334700,0.0,0.0
2022-03-07 00:00:00-05:00,180.93257017270932,189.0229441923163,179.84580605185596,182.70669555664062,6912300,0.0,0.0
2022-03-08 00:00:00-05:00,189.3665728367865,199.60260801461214,188.55846964518227,195.06048583984375,9318600,0.0,0.0
2022-03-09 00:00:00-05:00,197.4476660170478,198.404390145407,192.6918958524557,194.85614013671875,4798300,0.0,0.0
2022-03-10 00:00:00-05:00,194.4939176033342,202.04555094017738,193.36999121338076,196.72317504882812,4886300,0.0,0.0
2022-03-11 00:00:00-05:00,197.19687683205993,202.27773948625045,197.19687683205993,199.54689025878906,4045500,0.0,0.0
2022-03-14 00:00:00-04:00,200.9123146176633,202.93722154397508,197.7820484347221,200.11349487304688,3530700,0.0,0.0
2022-03-15 00:00:00-04:00,200.7451358209468,201.91550800885545,195.53423280445372,201.0609588623047,4364200,0.0,0.0
2022-03-16 00:00:00-04:00,202.02692546348536,203.87536082642504,197.21544043262807,200.70794677734375,4378700,0.0,0.0
2022-03-17 00:00:00-04:00,200.0020324463329,206.00245682239245,199.09173994021094,205.9281463623047,3600400,0.0,0.0
2022-03-18 00:00:00-04:00,203.8660899293636,205.9281592628485,202.49138176479764,205.19436645507812,4105100,0.0,0.0
2022-03-21 00:00:00-04:00,205.27796559580042,210.8975688460865,205.26868210245013,207.79518127441406,2902200,0.0,0.0
2022-03-22 00:00:00-04:00,208.49182197042063,209.78293618505668,205.59377052073322,206.86631774902344,2461500,0.0,0.0
2022-03-23 00:00:00-04:00,205.9188517541943,208.78902402545526,205.9188517541943,206.3647003173828,2001700,0.0,0.0
2022-03-24 00:00:00-04:00,206.70838188262982,208.99338243347498,205.7516577546849,206.40187072753906,2110900,0.0,0.0
2022-03-25 00:00:00-04:00,206.29040670091365,207.87876271100725,205.40799299453786,207.47006225585938,1581100,0.0,0.0
2022-03-28 00:00:00-04:00,206.5226370091893,206.83844586693493,203.45739753985117,206.0675048828125,3072500,0.0,0.0
2022-03-29 00:00:00-04:00,205.0922072734409,205.6773791971933,201.1352562147326,205.31512451171875,3667800,0.0,0.0
2022-03-30 00:00:00-04:00,206.20680624888035,209.81078559624444,204.99928608033633,207.20997619628906,2507400,0.0,0.0
2022-03-31 00:00:00-04:00,207.3307605416673,209.1698986076688,206.60623700380978,206.968505859375,3152100,0.0,0.0
2022-04-01 00:00:00-04:00,208.38963039766935,209.47639429051262,202.64927143041552,204.1354522705078,2618300,0.0,0.0
2022-04-04 00:00:00-04:00,203.56884324434915,205.60304773535978,201.19096528759044,205.10145568847656,2181300,0.0,0.0
2022-04-05 00:00:00-04:00,204.34910938952342,206.55050207795426,199.83485122426032,200.65225219726562,3582100,0.0,0.0
2022-04-06 00:00:00-04:00,199.81628282294858,201.68329978520828,198.3579805465619,200.82875061035156,2783300,0.0,0.0
2022-04-07 00:00:00-04:00,200.1320699596015,200.9215920142803,198.36722844220546,200.54075622558594,2253600,0.0,0.0
2022-04-08 00:00:00-04:00,200.43857174416758,202.37989873986263,198.8037842368525,201.59036254882812,2450200,0.0,0.0
2022-04-11 00:00:00-04:00,201.59034718039368,203.1972699159453,200.40140832511892,200.68006896972656,2494700,0.0,0.0
2022-04-12 00:00:00-04:00,200.12281517080106,203.86611854639372,199.6862499874494,201.2838897705078,2508200,0.0,0.0
2022-04-13 00:00:00-04:00,201.49752003777698,204.05188411288236,201.0052255498913,202.74220275878906,1898900,0.0,0.0
2022-04-14 00:00:00-04:00,204.26551529407715,212.91319578620573,203.0579949956409,211.60350036621094,5337900,0.0,0.0
2022-04-18 00:00:00-04:00,211.7799915144886,217.70612037389398,211.7799915144886,213.5634002685547,3644000,0.0,0.0
2022-04-19 00:00:00-04:00,213.86988750718214,216.36852168541276,211.38055099430738,215.64401245117188,2689400,0.0,0.0
2022-04-20 00:00:00-04:00,216.93513882500824,219.55451524207402,216.03414397712112,218.35629272460938,2907700,0.0,0.0
2022-04-21 00:00:00-04:00,220.36265977861268,220.9756963517504,215.17032376817906,216.02488708496094,3571400,0.0,0.0
2022-04-22 00:00:00-04:00,213.16889888118982,214.4662046922888,201.2224918039792,201.8758087158203,5053700,1.11,0.0
2022-04-25 00:00:00-04:00,200.9518699100641,202.52917312219543,195.5946557354215,202.24917602539062,4145500,0.0,0.0
2022-04-26 00:00:00-04:00,201.71719371415614,203.6491466175739,195.38932485630497,196.27597045898438,4176700,0.0,0.0
2022-04-27 00:00:00-04:00,197.03192854853842,201.17584518565292,193.47600431678916,199.69187927246094,3358300,0.0,0.0
2022-04-28 00:00:00-04:00,193.59732662907504,198.75856642947394,188.52943817145064,198.2732391357422,6092800,0.0,0.0
2022-04-29 00:00:00-04:00,198.5159007835159,202.7251563736011,196.14528930060442,196.49993896484375,3404000,0.0,0.0
2022-05-02 00:00:00-04:00,195.9959354507268,198.5812191582672,193.81198415931655,197.9279022216797,2639500,0.0,0.0
2022-05-03 00:00:00-04:00,197.76924093559788,200.99851380555307,196.73326177339686,199.37454223632812,2121100,0.0,0.0
2022-05-04 00:00:00-04:00,200.61586445889554,208.399700693668,199.5705572162143,207.7463836669922,3023700,0.0,0.0
2022-05-05 00:00:00-04:00,207.56904555206242,208.2690311115787,199.51455473127348,201.53050231933594,3005600,0.0,0.0
2022-05-06 00:00:00-04:00,202.5384367207803,202.5384367207803,196.32257720310022,200.3358154296875,2268400,0.0,0.0
2022-05-09 00:00:00-04:00,197.8905523037809,197.90922257000986,191.74001689608838,192.5333251953125,2929900,0.0,0.0
2022-05-10 00:00:00-04:00,194.35331344104887,195.54795422761478,187.96010681316403,189.4534149169922,3040400,0.0,0.0
2022-05-11 00:00:00-04:00,191.85201144204234,195.7252728421119,190.0133818388899,191.52536010742188,2552400,0.0,0.0
2022-05-12 00:00:00-04:00,190.03207703960928,191.64670638192257,186.00949570450774,189.49075317382812,3282000,0.0,0.0
2022-05-13 00:00:00-04:00,191.4693505585505,192.69200379194143,189.38806444398355,190.70404052734375,2323800,0.0,0.0
2022-05-16 00:00:00-04:00,191.34806214813895,195.25865053391215,190.09741042178382,193.37335205078125,2540800,0.0,0.0
2022-05-17 00:00:00-04:00,198.60924324854457,199.51455906448072,195.19331022601713,198.87989807128906,2275900,0.0,0.0
2022-05-18 00:00:00-04:00,199.57988116302,203.36913408175806,193.68134353221762,194.07333374023438,4723300,0.0,0.0
2022-05-19 00:00:00-04:00,192.13200801484075,195.3239399766514,188.25876086523988,192.97198486328125,2887700,0.0,0.0
2022-05-20 00:00:00-04:00,192.68267951826306,192.85068344987005,181.10024893558702,184.62818908691406,5404500,0.0,0.0
2022-05-23 00:00:00-04:00,186.59748505421078,191.7867235206737,185.87884343597423,190.53607177734375,3246600,0.0,0.0
2022-05-24 00:00:00-04:00,188.53875748066758,191.98268844607247,187.86677025613778,191.93601989746094,2467800,0.0,0.0
2022-05-25 00:00:00-04:00,191.32939294352985,196.07995835530255,191.16140323918103,195.3519744873047,3080200,0.0,0.0
2022-05-26 00:00:00-04:00,197.44261589019675,199.39323909133705,196.36929604789304,198.78659057617188,2016000,0.0,0.0
2022-05-27 00:00:00-04:00,200.662528977399,203.11714958673883,199.87854856115302,202.65982055664062,2020400,0.0,0.0
2022-05-31 00:00:00-04:00,200.46653140408026,203.54647081507272,199.25323445417567,201.4558563232422,3773500,0.0,0.0
2022-06-01 00:00:00-04:00,203.89180621267775,204.39578956463535,200.00921610715892,203.0611572265625,2314000,0.0,0.0
2022-06-02 00:00:00-04:00,204.94643936441705,206.11308198693123,202.76248779296876,205.3291015625,1784100,0.0,0.0
2022-06-03 00:00:00-04:00,203.69581567231705,209.15570921157777,203.69581567231705,208.0357208251953,2222500,0.0,0.0
2022-06-06 00:00:00-04:00,208.03569624599476,209.77166095029241,207.42904780941572,208.71702575683594,1565400,0.0,0.0
2022-06-07 00:00:00-04:00,207.19569023543687,212.1142585812758,206.86902466694798,211.95559692382812,1799000,0.0,0.0
2022-06-08 00:00:00-04:00,210.26634513433117,216.8555552011415,209.6410263433101,214.47560119628906,4171300,0.0,0.0
2022-06-09 00:00:00-04:00,212.26360440392878,212.99160245406202,208.7076802048273,208.7543487548828,3045700,0.0,0.0
2022-06-10 00:00:00-04:00,204.8624443661894,205.53443165557383,200.67185894228413,200.8305206298828,2604100,0.0,0.0
2022-06-13 00:00:00-04:00,195.60397543297282,195.87463026225456,191.23605793577883,193.0840301513672,3559400,0.0,0.0
2022-06-14 00:00:00-04:00,194.18534361730426,195.74397656973227,191.58140335336623,192.90670776367188,2359000,0.0,0.0
2022-06-15 00:00:00-04:00,193.64401149464143,194.7359873166068,189.58410357829473,192.26271057128906,2343100,0.0,0.0
2022-06-16 00:00:00-04:00,187.66144133826955,187.82943101219928,180.3629194688572,181.8002166748047,4789900,0.0,0.0
2022-06-17 00:00:00-04:00,182.6308624328022,184.55350108541398,178.1416247217136,179.79359436035156,7226100,0.0,0.0
2022-06-21 00:00:00-04:00,183.95620132292692,185.1881684391802,180.94158674719634,183.27487182617188,2755400,0.0,0.0
2022-06-22 00:00:00-04:00,177.329672133851,179.93361210588034,175.19238919375283,175.30438232421875,4008700,0.0,0.0
2022-06-23 00:00:00-04:00,174.1377519449365,174.74440043245346,164.2819570186259,166.75523376464844,6667900,0.0,0.0
2022-06-24 00:00:00-04:00,169.24716064299466,173.22308747493324,167.40853088783584,173.12042236328125,4868900,0.0,0.0
2022-06-27 00:00:00-04:00,175.53769702413703,177.40432500494506,173.42841253267082,175.0803680419922,3061100,0.0,0.0
2022-06-28 00:00:00-04:00,177.301651800953,180.22292901473253,174.93102639847183,174.94036865234375,3327200,0.0,0.0
2022-06-29 00:00:00-04:00,174.82841347904213,175.0617420166292,169.9845107601354,171.24447631835938,2436900,0.0,0.0
2022-06-30 00:00:00-04:00,168.2392046324268,169.99383980289144,165.30859875225894,166.8392333984375,4197100,0.0,0.0
2022-07-01 00:00:00-04:00,167.35255815212182,169.22852871019498,162.13533546546546,166.40057373046875,3423100,0.0,0.0
2022-07-05 00:00:00-04:00,162.1819954536555,162.78864392331454,159.22339145996577,162.1726531982422,3724900,0.0,0.0
2022-07-06 00:00:00-04:00,161.9113423528748,163.0219885220959,158.00075360225372,160.81936645507812,3190600,0.0,0.0
2022-07-07 00:00:00-04:00,170.3298166372263,170.3298166372263,164.57127057274147,168.2578582763672,4677600,0.0,0.0
2022-07-08 00:00:00-04:00,168.21122109807015,169.1538775926838,164.62729784266944,167.15658569335938,2491100,0.0,0.0
2022-07-11 00:00:00-04:00,165.57923740700227,167.78185898005808,162.97528341516855,163.34861755371094,2773300,0.0,0.0
2022-07-12 00:00:00-04:00,163.08730190070955,165.42058702108645,161.09001040731664,162.85397338867188,2718400,0.0,0.0
2022-07-13 00:00:00-04:00,160.76335008052837,163.56329231705425,160.3993581594297,162.2753143310547,2389000,0.0,0.0
2022-07-14 00:00:00-04:00,158.43007465169845,159.3167202330174,155.93812761649428,158.60740661621094,2531200,0.0,0.0
2022-07-15 00:00:00-04:00,160.76334373937306,161.8179931640625,157.91673306293836,161.8179931640625,2282100,0.0,0.0
2022-07-18 00:00:00-04:00,164.38458724661186,164.9165687819093,161.19265531110602,161.92063903808594,2476400,0.0,0.0
2022-07-19 00:00:00-04:00,163.43372793527053,168.88465464058703,162.4751275165917,168.6873016357422,2671400,1.2,0.0
2022-07-20 00:00:00-04:00,168.02003095413065,169.91846021189875,166.4129562300268,169.13841247558594,2175900,0.0,0.0
2022-07-21 00:00:00-04:00,167.68173058794454,170.17224805117974,165.85848784577274,170.09706115722656,2214500,0.0,0.0
2022-07-22 00:00:00-04:00,170.56696776647684,171.79812267632246,166.66672832411936,167.86968994140625,1961500,0.0,0.0
2022-07-25 00:00:00-04:00,168.38661113090728,171.6101832588135,167.07087618508967,170.8677215576172,1845600,0.0,0.0
2022-07-26 00:00:00-04:00,170.2567759926202,172.5969046136623,169.71168193306514,170.3225555419922,1767700,0.0,0.0
2022-07-27 00:00:00-04:00,171.91090746410694,174.97469829948926,169.467397787803,174.10067749023438,1856500,0.0,0.0
2022-07-28 00:00:00-04:00,175.60436748434438,178.11367079890914,173.11385013706794,176.53477478027344,2229200,0.0,0.0
2022-07-29 00:00:00-04:00,177.8034905267675,187.48358181809294,177.73769663465956,186.31820678710938,5188100,0.0,0.0
2022-08-01 00:00:00-04:00,183.33905408318063,185.32206368122138,181.76015792424423,183.13229370117188,3185100,0.0,0.0
2022-08-02 00:00:00-04:00,176.685135032097,178.06666356495487,172.1364360612722,172.46536254882812,8193100,0.0,0.0
2022-08-03 00:00:00-04:00,172.28683494095702,174.27923748425684,170.67035253549088,171.86390686035156,4155900,0.0,0.0
2022-08-04 00:00:00-04:00,171.85450068084597,174.73972408529514,170.21921809191704,172.58755493164062,2478900,0.0,0.0
2022-08-05 00:00:00-04:00,172.53119164384546,174.89952880333294,172.2022507487596,174.2322540283203,1908500,0.0,0.0
2022-08-08 00:00:00-04:00,175.52918147452306,176.685149447609,173.07626473038306,174.626953125,2655000,0.0,0.0
2022-08-09 00:00:00-04:00,174.7584923231356,176.57234165011934,174.01604522501387,174.83367919921875,2460000,0.0,0.0
2022-08-10 00:00:00-04:00,177.3712187215542,179.99330968249905,176.1682570907292,179.241455078125,2304300,0.0,0.0
2022-08-11 00:00:00-04:00,181.22446943058023,183.80895984286954,180.35984163168462,182.3240509033203,2538900,0.0,0.0
2022-08-12 00:00:00-04:00,183.1604976346919,185.11531405241558,182.136102990055,184.99313354492188,1864800,0.0,0.0
2022-08-15 00:00:00-04:00,181.76010184705308,184.6735322652726,181.44997571015534,184.15663146972656,1752400,0.0,0.0
2022-08-16 00:00:00-04:00,183.5645825145685,186.45919867311662,183.2168413838842,185.63217163085938,1959300,0.0,0.0
2022-08-17 00:00:00-04:00,183.26382729975265,185.04946911162904,182.20183232697505,184.13784790039062,1576200,0.0,0.0
2022-08-18 00:00:00-04:00,185.19043439760654,185.73552848225984,183.49876557289463,185.47238159179688,1750900,0.0,0.0
2022-08-19 00:00:00-04:00,183.51758775494415,185.3502232250166,182.1454522278661,183.82772827148438,2003600,0.0,0.0
2022-08-22 00:00:00-04:00,181.48759699200318,182.2582375027845,180.02148851845067,180.21884155273438,2008900,0.0,0.0
2022-08-23 00:00:00-04:00,181.1492563265246,186.21485622813412,180.89550238016255,185.34083557128906,2444900,0.0,0.0
2022-08-24 00:00:00-04:00,185.66975947321157,186.72234717613307,181.80712111428772,182.47439575195312,2503200,0.0,0.0
2022-08-25 00:00:00-04:00,183.7243683137475,186.93853264730788,182.85974056966984,186.91033935546875,1888700,0.0,0.0
2022-08-26 00:00:00-04:00,187.39901028181927,188.3106315170049,180.19063460619162,180.36920166015625,2560400,0.0,0.0
2022-08-29 00:00:00-04:00,178.56477156292553,181.54398208341297,177.62495697575224,180.23764038085938,1996600,0.0,0.0
2022-08-30 00:00:00-04:00,179.9744863810371,180.4068073839618,173.4803643968114,175.68893432617188,2691200,0.0,0.0
2022-08-31 00:00:00-04:00,175.3975971542545,176.74152510109084,173.39578753844953,173.59315490722656,2656600,0.0,0.0
2022-09-01 00:00:00-04:00,171.3000110709637,172.1834390889876,169.26061511084376,171.45977783203125,2686200,0.0,0.0
2022-09-02 00:00:00-04:00,173.7247603175867,174.5611948620513,169.02568662049683,169.9467010498047,2185400,0.0,0.0
2022-09-06 00:00:00-04:00,171.89208656083284,172.6063548428418,168.78130249388553,169.7869110107422,2141700,0.0,0.0
2022-09-07 00:00:00-04:00,168.33022345014126,170.8959137481068,167.4655955855633,169.9748992919922,2166900,0.0,0.0
2022-09-08 00:00:00-04:00,168.86587177709836,172.24920989961254,167.36217709853915,172.1270294189453,2245700,0.0,0.0
2022-09-09 00:00:00-04:00,176.26225215879762,178.33923464232373,175.9521115828885,178.0854949951172,2279600,0.0,0.0
2022-09-12 00:00:00-04:00,179.3636114293826,181.1022597312405,179.1380507763038,180.8203125,1937200,0.0,0.0
2022-09-13 00:00:00-04:00,176.54419133938043,178.61178074346324,172.45599179232616,173.2172393798828,2207500,0.0,0.0
2022-09-14 00:00:00-04:00,172.8506673900861,173.99724213625126,170.92404495002629,173.53672790527344,2295000,0.0,0.0
2022-09-15 00:00:00-04:00,173.55554844631425,175.31299703771182,170.7454978242915,171.5067596435547,1933100,0.0,0.0
2022-09-16 00:00:00-04:00,169.1666339334313,169.48616746693494,167.070851317244,168.6685333251953,5088300,0.0,0.0
2022-09-19 00:00:00-04:00,166.58214326621203,171.7323234263426,166.15922955054808,171.14964294433594,2923700,0.0,0.0
2022-09-20 00:00:00-04:00,169.72109698451214,169.84327745835742,165.69869207479883,167.277587890625,2512400,0.0,0.0
2022-09-21 00:00:00-04:00,168.48997874523937,169.6271608452463,161.53535568174604,161.60113525390625,4061900,0.0,0.0
2022-09-22 00:00:00-04:00,162.30598081382203,164.11042315011693,160.04102415455355,160.28538513183594,2508400,0.0,0.0
2022-09-23 00:00:00-04:00,158.50914261432354,159.242196895493,151.99621962032282,154.35516357421875,4047200,0.0,0.0
2022-09-26 00:00:00-04:00,154.12957491575858,155.8682374421392,152.45670628646835,152.83262634277344,3213400,0.0,0.0
2022-09-27 00:00:00-04:00,154.56191213289125,154.66529231030609,150.93422728056078,152.66348266601562,2753500,0.0,0.0
2022-09-28 00:00:00-04:00,154.59949402050276,158.33995192737999,153.6972657395292,157.6632843017578,3694800,0.0,0.0
2022-09-29 00:00:00-04:00,155.72724689282282,156.56368115497634,153.69724429913674,155.9152069091797,3518100,0.0,0.0
2022-09-30 00:00:00-04:00,155.90583498875344,157.68208391307385,154.02620589040671,154.20477294921875,2963000,0.0,0.0
2022-10-03 00:00:00-04:00,157.3531403829365,162.9356410036439,156.05620607883935,160.9244384765625,3444700,0.0,0.0
2022-10-04 00:00:00-04:00,163.80968012385236,169.3451872899738,163.72510025544122,168.8188934326172,4008200,0.0,0.0
2022-10-05 00:00:00-04:00,166.48813707387384,169.41096081508493,166.05583042377816,167.6441192626953,3067400,0.0,0.0
2022-10-06 00:00:00-04:00,166.7325135718469,170.08764427594357,166.2438059588273,168.04824829101562,2415000,0.0,0.0
2022-10-07 00:00:00-04:00,166.08401172929686,168.1892012722492,164.59910316870065,166.8640594482422,2759200,0.0,0.0
2022-10-10 00:00:00-04:00,168.9880751723888,170.25683072548168,165.47317745006046,167.91668701171875,2633900,0.0,0.0
2022-10-11 00:00:00-04:00,166.17805132039814,172.06128650494904,166.037070503347,168.93170166015625,2542400,0.0,0.0
2022-10-12 00:00:00-04:00,168.67790074467342,170.21919593552235,168.02003346938992,168.6967010498047,2260800,0.0,0.0
2022-10-13 00:00:00-04:00,163.29277226719663,173.81869198554256,162.3153714796749,172.1176300048828,3745900,0.0,0.0
2022-10-14 00:00:00-04:00,172.69094337489918,173.23603759728832,166.84529505600804,167.465576171875,2830200,0.0,0.0
2022-10-17 00:00:00-04:00,171.32820949031657,173.21723172935515,168.4147784084005,169.91848754882812,2940000,0.0,0.0
2022-10-18 00:00:00-04:00,173.77171658994956,174.36380438638113,170.0218654537043,172.5029754638672,2674000,0.0,0.0
2022-10-19 00:00:00-04:00,171.92968961713893,174.52357281694538,171.04626157606796,173.31121826171875,2088700,0.0,0.0
2022-10-20 00:00:00-04:00,173.43337636373323,174.56116533260152,169.5989454951379,169.6741180419922,2953900,0.0,0.0
2022-10-21 00:00:00-04:00,170.04308681314316,180.14747428075458,169.55112365120257,179.96771240234375,3483800,1.2,0.0
2022-10-24 00:00:00-04:00,178.48236555050295,181.78427096453638,178.29314779497665,180.9895477294922,2919500,0.0,0.0
2022-10-25 00:00:00-04:00,180.0339428394478,185.1239818626338,178.7377862819814,184.33871459960938,2545000,0.0,0.0
2022-10-26 00:00:00-04:00,187.61225717573245,188.82326805051994,184.08329647512778,186.344482421875,3546000,0.0,0.0
2022-10-27 00:00:00-04:00,198.82357880803985,205.42738944200443,196.19341310527972,200.70632934570312,7872200,0.0,0.0
2022-10-28 00:00:00-04:00,201.0468930199839,207.66961420181866,199.8264264684844,207.5182342529297,5161000,0.0,0.0
2022-10-31 00:00:00-04:00,203.73385741834065,207.07360052328488,203.42164163335292,204.7935028076172,3786100,0.0,0.0
2022-11-01 00:00:00-04:00,206.8465545585537,207.64127780995557,205.03003808261096,206.7235565185547,2717500,0.0,0.0
2022-11-02 00:00:00-04:00,205.8720469338847,209.7510611063958,202.39983574156014,202.97695922851562,3150000,0.0,0.0
2022-11-03 00:00:00-04:00,200.13866336214502,209.83622110332922,199.96837171664464,207.4425811767578,3570400,0.0,0.0
2022-11-04 00:00:00-04:00,211.94604876594306,217.34829010292296,211.54868714332375,215.5696258544922,4973800,0.0,0.0
2022-11-07 00:00:00-05:00,215.71154220829607,216.78064350642933,210.6688101251827,216.28866577148438,3405600,0.0,0.0
2022-11-08 00:00:00-05:00,216.28862936732017,220.09196785566266,214.45318705114525,217.4239501953125,3676600,0.0,0.0
2022-11-09 00:00:00-05:00,213.88555747483286,216.79008679355863,212.92998400300158,213.3841094970703,6248300,0.0,0.0
2022-11-10 00:00:00-05:00,219.704046463767,220.05409996471704,214.1315002025817,219.92164611816406,4590800,0.0,0.0
2022-11-11 00:00:00-05:00,220.4420370240968,225.5509883307865,219.49593386090325,223.7439422607422,3585400,0.0,0.0
2022-11-14 00:00:00-05:00,223.28032066554903,226.92282319672398,221.86116608504767,223.7533721923828,3217700,0.0,0.0
2022-11-15 00:00:00-05:00,224.32109383245097,226.4971198309268,220.20553878310847,221.9463653564453,3371000,0.0,0.0
2022-11-16 00:00:00-05:00,221.38814001714957,222.01257156911066,218.3984505590223,219.89329528808594,3062000,0.0,0.0
2022-11-17 00:00:00-05:00,215.47499966229898,218.10516535288156,213.3557233378947,218.02001953125,3256900,0.0,0.0
2022-11-18 00:00:00-05:00,218.4079074249544,219.34454025902082,215.36145427388016,218.95663452148438,2868700,0.0,0.0
2022-11-21 00:00:00-05:00,219.07018945960897,221.07592353801405,215.96697225150018,219.65676879882812,2522600,0.0,0.0
2022-11-22 00:00:00-05:00,221.38813630730738,224.68057121532988,220.78263087093094,224.47242736816406,2523300,0.0,0.0
2022-11-23 00:00:00-05:00,224.82248112074151,226.71468729421372,222.91134884334613,224.15074157714844,2311300,0.0,0.0
2022-11-25 00:00:00-05:00,224.22642735550681,224.69002305642138,222.51398311041962,222.99649047851562,1034800,0.0,0.0
2022-11-28 00:00:00-05:00,221.33134779014958,222.29637693445778,219.08908820192644,219.7797393798828,2862100,0.0,0.0
2022-11-29 00:00:00-05:00,220.7258689300075,223.02489266699553,219.07018840889828,222.44776916503906,2277900,0.0,0.0
2022-11-30 00:00:00-05:00,223.18572157481483,223.99937084036048,218.35113402510294,223.66824340820312,3850000,0.0,0.0
2022-12-01 00:00:00-05:00,224.13182197185208,224.22643805782403,219.43915860995583,222.98704528808594,2504700,0.0,0.0
2022-12-02 00:00:00-05:00,221.2840442597195,225.6171980095055,221.0002104542705,223.4033203125,2218300,0.0,0.0
2022-12-05 00:00:00-05:00,222.14503867985442,223.1952138302647,219.74192841952598,220.0352325439453,2064500,0.0,0.0
2022-12-06 00:00:00-05:00,220.05413212507486,220.48934593386093,213.40302801666272,215.9858856201172,3633800,0.0,0.0
2022-12-07 00:00:00-05:00,214.7653918822681,217.45232107368346,213.61114500887095,216.638671875,3044000,0.0,0.0
2022-12-08 00:00:00-05:00,218.46469577632436,219.968996416114,217.16852456134274,218.47415161132812,2189400,0.0,0.0
2022-12-09 00:00:00-05:00,219.49591629839986,220.2622574894473,214.94516275738005,215.03976440429688,2257000,0.0,0.0
2022-12-12 00:00:00-05:00,215.28577147365615,220.82046615715532,214.7843379665115,220.49879455566406,2709200,0.0,0.0
2022-12-13 00:00:00-05:00,225.0022737884392,225.09687544821813,219.61894417886268,222.7978515625,2945200,0.0,0.0
2022-12-14 00:00:00-05:00,223.3370992945959,225.38068549026835,220.5555538232175,221.84225463867188,3513800,0.0,0.0
2022-12-15 00:00:00-05:00,219.64728873793106,220.3757776961634,215.44658886344254,218.22813415527344,2953200,0.0,0.0
2022-12-16 00:00:00-05:00,216.30755065270628,220.65016030213928,215.75880913685043,220.17710876464844,7610700,0.0,0.0
2022-12-19 00:00:00-05:00,221.29352083721628,224.16021222456115,218.4835933290048,219.77029418945312,2622400,0.0,0.0
2022-12-20 00:00:00-05:00,219.91218432509942,223.0154010199997,219.36344285099815,222.46665954589844,2649900,0.0,0.0
2022-12-21 00:00:00-05:00,224.8508753025806,228.8718136401673,224.8508753025806,228.70150756835938,4143600,0.0,0.0
2022-12-22 00:00:00-05:00,227.20666499640922,227.82164070384343,220.47987104322368,224.73733520507812,3129900,0.0,0.0
2022-12-23 00:00:00-05:00,224.1791377458727,227.5756445781347,223.75339421709248,226.94175720214844,1959900,0.0,0.0
2022-12-27 00:00:00-05:00,227.71755749396644,231.84256758823972,226.79983633187348,230.03550720214844,3381500,0.0,0.0
2022-12-28 00:00:00-05:00,230.03549163290037,230.6788492044058,225.43743029973902,226.4781494140625,2270000,0.0,0.0
2022-12-29 00:00:00-05:00,228.2095560017419,228.5879915018428,225.42801032319446,227.2539825439453,1652500,0.0,0.0
2022-12-30 00:00:00-05:00,226.48760171872607,227.2161050874027,224.8886853027154,226.6484375,1521100,0.0,0.0
2023-01-03 00:00:00-05:00,227.708085714275,227.708085714275,223.4695478957191,226.00511169433594,2651900,0.0,0.0
2023-01-04 00:00:00-05:00,227.06475483363047,229.0799591524232,225.69290816045495,228.35145568847656,2387900,0.0,0.0
2023-01-05 00:00:00-05:00,227.5661613783732,228.52172024462837,224.75623421538074,227.3296356201172,2355900,0.0,0.0
2023-01-06 00:00:00-05:00,229.79898314341668,236.4406309985268,229.18402189825682,235.4472198486328,3945100,0.0,0.0
2023-01-09 00:00:00-05:00,235.58914313266223,237.44351168187947,232.7413778126239,233.3279571533203,3417100,0.0,0.0
2023-01-10 00:00:00-05:00,233.6401607516809,237.32050128196195,233.16710919541654,237.00828552246094,3011900,0.0,0.0
2023-01-11 00:00:00-05:00,237.93546296777757,238.3138984159683,233.8104530623959,237.21641540527344,2402400,0.0,0.0
2023-01-12 00:00:00-05:00,238.41799664853423,243.50803627599254,237.4813493217437,241.32254028320312,3881500,0.0,0.0
2023-01-13 00:00:00-05:00,242.95923547455357,244.6432976362397,241.47386129211617,244.52976989746094,3067800,0.0,0.0
2023-01-17 00:00:00-05:00,244.90820896201478,246.45983174247195,242.1456043680493,242.4483642578125,4100100,0.0,0.0
2023-01-18 00:00:00-05:00,243.41338272801323,244.95553526327086,238.48419410051912,239.1937713623047,3361400,0.0,0.0
2023-01-19 00:00:00-05:00,238.11006811772882,238.84204581213143,232.23527371459417,233.61366271972656,4885200,1.2,0.0
2023-01-20 00:00:00-05:00,234.67835477364974,237.57773384926952,232.67255624971958,237.37811279296875,2964100,0.0,0.0
2023-01-23 00:00:00-05:00,238.36673195681382,241.152027186259,236.95982569606196,240.22042846679688,2610200,0.0,0.0
2023-01-24 00:00:00-05:00,240.39156362195408,246.25684284788787,237.41613356265646,244.88795471191406,3505100,0.0,0.0
2023-01-25 00:00:00-05:00,241.96006287288458,246.38993276829737,241.7604418226463,245.67697143554688,2424900,0.0,0.0
2023-01-26 00:00:00-05:00,247.15997791631955,249.3083777769447,244.20357825934929,249.17527770996094,2677200,0.0,0.0
2023-01-27 00:00:00-05:00,249.4984427783654,252.901661242574,249.1752371103938,251.47573852539062,2783000,0.0,0.0
2023-01-30 00:00:00-05:00,250.335020329456,251.91304515014414,248.40527250249843,248.5858917236328,3426900,0.0,0.0
2023-01-31 00:00:00-05:00,244.30807664679435,244.67883045466922,234.24106638606807,239.83067321777344,10992100,0.0,0.0
2023-02-01 00:00:00-05:00,239.31734211197815,240.2204235207877,233.19537878537636,237.2164764404297,6022000,0.0,0.0
2023-02-02 00:00:00-05:00,237.0168504703853,237.2069705779854,229.85872035524528,232.8056182861328,6130300,0.0,0.0
2023-02-03 00:00:00-05:00,231.95012120009122,238.55689429224302,231.1230905735538,235.52442932128906,4134700,0.0,0.0
2023-02-06 00:00:00-05:00,235.85712824636303,239.68810618591834,235.75255999841235,239.003662109375,3528800,0.0,0.0
2023-02-07 00:00:00-05:00,238.17664388092496,239.5550330350395,233.2334476875985,237.33059692382812,3467900,0.0,0.0
2023-02-08 00:00:00-05:00,235.847657038666,239.13677778827815,234.87802539049517,236.57962036132812,2300300,0.0,0.0
2023-02-09 00:00:00-05:00,237.65376662478783,239.52647946620993,233.35698246274592,234.1174774169922,2464900,0.0,0.0
2023-02-10 00:00:00-05:00,234.11750352266225,236.35145498012972,232.55849521997317,235.43885803222656,2820300,0.0,0.0
2023-02-13 00:00:00-05:00,231.47478699492422,236.11379352791482,230.66675832241637,235.8951416015625,3068100,0.0,0.0
2023-02-14 00:00:00-05:00,234.81143690227648,235.09662434094253,229.71613924994242,232.2923126220703,2512900,0.0,0.0
2023-02-15 00:00:00-05:00,232.14021584998622,236.48453403155037,231.21811799755875,236.41798400878906,2398200,0.0,0.0
2023-02-16 00:00:00-05:00,234.32662572608766,236.25637324811893,232.44441186082884,234.34564208984375,1934900,0.0,0.0
2023-02-17 00:00:00-05:00,235.61948276540804,238.4713283498331,233.4996149424517,235.5529327392578,3759300,0.0,0.0
2023-02-21 00:00:00-05:00,232.42541120473433,235.75256433036446,227.90998910566483,228.8225860595703,3105900,0.0,0.0
2023-02-22 00:00:00-05:00,229.2788787136137,230.26751212337595,224.74444022122765,226.141845703125,3145200,0.0,0.0
2023-02-23 00:00:00-05:00,228.7845575509739,228.93665946363743,223.96494604849642,226.19888305664062,3219000,0.0,0.0
2023-02-24 00:00:00-05:00,223.6131943537701,225.0010988344722,221.51234302638684,224.50677490234375,2105500,0.0,0.0
2023-02-27 00:00:00-05:00,227.2920544710061,229.33587093841552,226.93081612588423,228.1285858154297,1720900,0.0,0.0
2023-02-28 00:00:00-05:00,229.04121838038344,229.19332028684775,226.92135064051817,227.71986389160156,2647700,0.0,0.0
2023-03-01 00:00:00-05:00,230.05836501278085,237.36859776667748,229.64010653520944,236.38946533203125,4117700,0.0,0.0
2023-03-02 00:00:00-05:00,234.33614878624257,240.02083815163337,233.97492487217562,239.72613525390625,2676500,0.0,0.0
2023-03-03 00:00:00-05:00,239.9257588276938,242.78710522757586,237.5682373004615,242.70155334472656,2314700,0.0,0.0
2023-03-06 00:00:00-05:00,243.02475085962772,243.07228451691614,239.15575484430917,241.43722534179688,2317100,0.0,0.0
2023-03-07 00:00:00-05:00,241.5038061111461,242.16923388219885,233.80381681760534,233.98443603515625,3018400,0.0,0.0
2023-03-08 00:00:00-05:00,235.743097118053,238.70901225828737,234.56432890592055,236.43704223632812,2068600,0.0,0.0
2023-03-09 00:00:00-05:00,236.65560046100342,237.77733369951613,228.72747487200644,229.06019592285156,2518800,0.0,0.0
2023-03-10 00:00:00-05:00,224.6398568232142,226.36998330518128,214.64889712781243,215.79913330078125,5767500,0.0,0.0
2023-03-13 00:00:00-04:00,211.58794130495778,217.0539789206236,210.59929333501748,213.60324096679688,4885100,0.0,0.0
2023-03-14 00:00:00-04:00,217.6813635205275,218.25172389454744,211.22667867438582,214.5253143310547,3754900,0.0,0.0
2023-03-15 00:00:00-04:00,208.56495546343422,210.25704924856066,202.07226683586512,206.5306396484375,5471700,0.0,0.0
2023-03-16 00:00:00-04:00,205.01911908775458,208.9546642961552,202.78518271764938,207.90899658203125,3555000,0.0,0.0
2023-03-17 00:00:00-04:00,206.66372373389328,206.66372373389328,200.98855023985047,204.39175415039062,7203000,0.0,0.0
2023-03-20 00:00:00-04:00,206.61622550164822,210.91299588622792,205.78918039015218,209.43003845214844,3464200,0.0,0.0
2023-03-21 00:00:00-04:00,212.99481784260885,214.83901346487065,212.56704394693384,213.81234741210938,3074600,0.0,0.0
2023-03-22 00:00:00-04:00,214.050011309296,215.3998830799298,209.00224719013244,209.08779907226562,2930200,0.0,0.0
2023-03-23 00:00:00-04:00,209.62013218996208,214.17358667905756,206.8538532503635,208.6029815673828,2957400,0.0,0.0
2023-03-24 00:00:00-04:00,206.14088136452486,206.69222533418724,202.61409311301884,206.29296875,2976800,0.0,0.0
2023-03-27 00:00:00-04:00,204.3157049019932,208.1466972577159,203.35558883330376,207.23410034179688,3209500,0.0,0.0
2023-03-28 00:00:00-04:00,207.37668412124168,209.66767005821788,206.95842564982362,209.2874298095703,1802000,0.0,0.0
2023-03-29 00:00:00-04:00,211.7400431362129,212.19633438856022,210.56127502030856,211.98719787597656,1857300,0.0,0.0
2023-03-30 00:00:00-04:00,213.93593383025464,215.16222094227976,212.92828413249663,213.45111083984375,1921100,0.0,0.0
2023-03-31 00:00:00-04:00,215.20028247646417,217.747924354825,213.7933614787773,217.53878784179688,2746700,0.0,0.0
2023-04-03 00:00:00-04:00,218.65098409955132,222.30135727732534,217.55778248579574,218.5178985595703,2242500,0.0,0.0
2023-04-04 00:00:00-04:00,217.59581437730145,218.15668837159973,205.5705378496917,206.71127319335938,4282100,0.0,0.0
2023-04-05 00:00:00-04:00,205.52300413444564,207.12004521935026,201.10264923943103,202.98486328125,4265300,0.0,0.0
2023-04-06 00:00:00-04:00,202.1673326400126,202.48103739632546,198.6215420090456,198.84017944335938,4180100,0.0,0.0
2023-04-10 00:00:00-04:00,199.83832874247327,205.4184353314447,198.9827808635488,204.88609313964844,3839000,0.0,0.0
2023-04-11 00:00:00-04:00,205.49447116160297,211.89210693282428,205.49447116160297,209.70570373535156,3882000,0.0,0.0
2023-04-12 00:00:00-04:00,211.179135308696,212.19630041205306,209.03075043870402,209.61062622070312,2385100,0.0,0.0
2023-04-13 00:00:00-04:00,209.07829449701697,211.2076631097952,205.96027802381818,210.7228546142578,2909100,0.0,0.0
2023-04-14 00:00:00-04:00,211.97769363805742,214.6774373880751,210.50423714247628,212.63360595703125,2246900,0.0,0.0
2023-04-17 00:00:00-04:00,213.89789471788367,215.71357300863727,213.2229661315258,214.11654663085938,1751800,0.0,0.0
2023-04-18 00:00:00-04:00,214.42077431765748,216.26497023079327,212.9948514370149,214.07855224609375,2567100,0.0,0.0
2023-04-19 00:00:00-04:00,213.69831082932842,214.03101746326283,211.42634096492674,213.5557098388672,2078400,0.0,0.0
2023-04-20 00:00:00-04:00,211.4357993471552,213.14690935169108,210.0193776896049,211.293212890625,2826800,0.0,0.0
2023-04-21 00:00:00-04:00,210.91089919456624,211.2167542408338,207.8810937393384,210.52859497070312,2712500,1.2,0.0
2023-04-24 00:00:00-04:00,210.77711623123886,213.79736954310755,210.77711623123886,213.54885864257812,2790700,0.0,0.0
2023-04-25 00:00:00-04:00,212.52618878257758,213.3577085973275,208.61707144384465,208.96115112304688,2505600,0.0,0.0
2023-04-26 00:00:00-04:00,208.1009309755509,210.64329651702656,206.56213231454956,206.62904357910156,3254700,0.0,0.0
2023-04-27 00:00:00-04:00,201.17154771318144,206.52389433953638,195.0163534680646,204.85128784179688,7711100,0.0,0.0
2023-04-28 00:00:00-04:00,203.8094889334026,210.80575512839488,203.58009765764342,209.12359619140625,4669500,0.0,0.0
2023-05-01 00:00:00-04:00,209.63973251514602,212.143873499814,206.95400648985546,207.66128540039062,2876400,0.0,0.0
2023-05-02 00:00:00-04:00,207.50835080218758,207.50835080218758,201.27669251837716,205.63502502441406,2858000,0.0,0.0
2023-05-03 00:00:00-04:00,206.10336303710938,209.47724831808335,205.35785954966295,206.10336303710938,2635100,0.0,0.0
2023-05-04 00:00:00-04:00,206.49521666676299,207.33628885149096,200.07240672244853,201.0759735107422,3211000,0.0,0.0
2023-05-05 00:00:00-04:00,204.14400455510295,206.14157105745699,203.00662982789564,205.57766723632812,2716600,0.0,0.0
2023-05-08 00:00:00-04:00,206.8680078407797,208.46415083842632,204.18228158672872,205.2909698486328,2414100,0.0,0.0
2023-05-09 00:00:00-04:00,204.28740572485438,205.86442904249165,202.57655987255976,204.0484619140625,4111900,0.0,0.0
2023-05-10 00:00:00-04:00,205.90264620872398,206.43789257612957,200.8943934489077,203.7425994873047,2446100,0.0,0.0
2023-05-11 00:00:00-04:00,199.75699264907487,200.98038359044727,199.20264135002014,200.74143981933594,3263300,0.0,0.0
2023-05-12 00:00:00-04:00,202.34719279344313,203.15004053582058,198.73434878479762,200.2731475830078,2172600,0.0,0.0
2023-05-15 00:00:00-04:00,201.00908411433423,203.87640977332958,199.9003813593693,201.94573974609375,1925600,0.0,0.0
2023-05-16 00:00:00-04:00,200.76057081402482,200.97084251127046,197.89324539773494,198.03660583496094,2771500,0.0,0.0
2023-05-17 00:00:00-04:00,200.02466198527154,204.3829952021657,199.42251885420944,202.71995544433594,2897400,0.0,0.0
2023-05-18 00:00:00-04:00,201.66859000461204,206.12250644041262,200.93263893387874,205.2240753173828,2643600,0.0,0.0
2023-05-19 00:00:00-04:00,209.75442265352677,210.16539897128172,203.53231703936882,205.28138732910156,4402100,0.0,0.0
2023-05-22 00:00:00-04:00,204.77484080858054,207.55615019789596,202.5192107068634,204.78439331054688,2540600,0.0,0.0
2023-05-23 00:00:00-04:00,203.7712532155767,205.74014763463987,202.00307798920093,203.3029327392578,2298300,0.0,0.0
2023-05-24 00:00:00-04:00,202.44272674505092,203.08309432825698,199.96727267326082,200.42604064941406,2964000,0.0,0.0
2023-05-25 00:00:00-04:00,200.41649617058644,202.42361526157893,199.3747047435495,200.69366455078125,2243600,0.0,0.0
2023-05-26 00:00:00-04:00,202.37586809547597,203.84775564651503,200.9135330472452,202.43321228027344,1973900,0.0,0.0
2023-05-30 00:00:00-04:00,201.84059381216778,203.47497577315042,199.0401795586597,200.61720275878906,2885900,0.0,0.0
2023-05-31 00:00:00-04:00,199.88125081490702,201.45827389225582,196.50736588731698,196.65072631835938,5937000,0.0,0.0
2023-06-01 00:00:00-04:00,198.49538729928378,201.25759163852297,196.92791654861279,199.8239288330078,2989100,0.0,0.0
2023-06-02 00:00:00-04:00,205.44386881081056,217.70646592848504,204.54543782222763,216.60733032226562,8358200,0.0,0.0
2023-06-05 00:00:00-04:00,216.95139413542216,216.95139413542216,210.98735229043703,212.63128662109375,3438400,0.0,0.0
2023-06-06 00:00:00-04:00,212.04826198336016,218.17478380846578,211.6563906964318,216.65509033203125,3230100,0.0,0.0
2023-06-07 00:00:00-04:00,217.735123233344,225.90700325648098,216.27278849682136,225.13282775878906,5586400,0.0,0.0
2023-06-08 00:00:00-04:00,224.1674981972987,225.83055221545197,221.49133943333453,224.08148193359375,3546800,0.0,0.0
2023-06-09 00:00:00-04:00,225.27621664694294,225.38135250459973,221.195052370231,224.63584899902344,2488500,0.0,0.0
2023-06-12 00:00:00-04:00,224.82700339335864,228.32514423724098,223.00148378687123,227.37892150878906,3644200,0.0,0.0
2023-06-13 00:00:00-04:00,229.46249396090744,235.7706010410458,229.0801751601902,234.58544921875,4335100,0.0,0.0
2023-06-14 00:00:00-04:00,235.88531283977292,237.33809516916392,230.88661282726724,232.55921936035156,3122400,0.0,0.0
2023-06-15 00:00:00-04:00,233.2091494082945,237.395449462085,232.71214221948594,236.7168426513672,2743900,0.0,0.0
2023-06-16 00:00:00-04:00,238.3703150601023,239.79442527477306,234.13623817284218,234.4229736328125,5261200,0.0,0.0
2023-06-20 00:00:00-04:00,231.6129907023713,232.46362999095376,229.91171212520632,230.48516845703125,2979800,0.0,0.0
2023-06-21 00:00:00-04:00,228.2773370321339,234.413411844682,227.5031614814999,230.8005828857422,2892500,0.0,0.0
2023-06-22 00:00:00-04:00,229.6058478994172,230.32267922351159,225.51513164330282,226.84365844726562,2421600,0.0,0.0
2023-06-23 00:00:00-04:00,224.07199096679688,225.4291903080838,221.05173715064967,224.07199096679688,3354000,0.0,0.0
2023-06-26 00:00:00-04:00,225.04683628450638,229.02285005522347,224.73142871664203,226.47093200683594,1748300,0.0,0.0
2023-06-27 00:00:00-04:00,226.97747240226903,230.1888774028092,224.91300921789897,230.04551696777344,2283000,0.0,0.0
2023-06-28 00:00:00-04:00,228.70743811088343,231.34538696109846,227.3406865935971,231.17333984375,2200100,0.0,0.0
2023-06-29 00:00:00-04:00,231.24026685950702,235.94267935043328,230.69546796542525,233.4385528564453,2070000,0.0,0.0
2023-06-30 00:00:00-04:00,235.66549472930697,236.00955979582469,233.10400964589007,235.16848754882812,2377900,0.0,0.0
2023-07-03 00:00:00-04:00,235.07287146258702,237.40496492627508,234.42295142659262,236.391845703125,1045700,0.0,0.0
2023-07-05 00:00:00-04:00,234.16492143839594,236.5543594122571,233.32383460472573,234.00244140625,1820600,0.0,0.0
2023-07-06 00:00:00-04:00,232.0144142056547,233.08487769083473,228.2773299246814,229.9403839111328,3079700,0.0,0.0
2023-07-07 00:00:00-04:00,229.56763590914525,236.84108539342068,229.4911721469697,234.33694458007812,2903900,0.0,0.0
2023-07-10 00:00:00-04:00,233.69659069364639,238.33210628277823,233.29516685664512,237.80642700195312,2771900,0.0,0.0
2023-07-11 00:00:00-04:00,238.79086256057133,243.21610621984198,238.79086256057133,241.66775512695312,3293300,0.0,0.0
2023-07-12 00:00:00-04:00,244.19101233208897,246.24593777285548,240.3201198357355,242.3845977783203,2986200,0.0,0.0
2023-07-13 00:00:00-04:00,243.30213651987472,245.11810359570313,241.5626332113616,244.54464721679688,1949400,0.0,0.0
2023-07-14 00:00:00-04:00,245.13724371340436,245.13724371340436,241.72511911106136,244.3152618408203,1936800,0.0,0.0
2023-07-17 00:00:00-04:00,243.02495724745583,247.40240928852575,240.86489602339844,246.07386779785156,2674500,0.0,0.0
2023-07-18 00:00:00-04:00,246.23636745934803,252.47757829835504,245.56731315755977,252.14305114746094,3832400,0.0,0.0
2023-07-19 00:00:00-04:00,249.8667134118154,252.53692606330046,249.44408729612175,252.37362670898438,2771900,1.3,0.0
2023-07-20 00:00:00-04:00,253.73749581028326,254.91890228404097,250.15478922396343,250.77911376953125,2102300,0.0,0.0
2023-07-21 00:00:00-04:00,251.41309676731606,251.42271123216304,247.3405501576221,247.47500610351562,2249900,0.0,0.0
2023-07-24 00:00:00-04:00,248.09929371392028,252.07581233097065,247.9072096324111,249.12704467773438,2195300,0.0,0.0
2023-07-25 00:00:00-04:00,249.8282121296789,253.45893229393857,249.19427314069554,251.71080017089844,2016600,0.0,0.0
2023-07-26 00:00:00-04:00,250.24126096241162,252.1718922933658,247.0907944735919,248.11854553222656,2622800,0.0,0.0
2023-07-27 00:00:00-04:00,248.742888311563,250.78877611389956,246.67780089161903,248.09933471679688,2284400,0.0,0.0
2023-07-28 00:00:00-04:00,249.66493319367115,252.59450130508174,248.76205298227396,250.1451873779297,2101200,0.0,0.0
2023-07-31 00:00:00-04:00,252.37355507037503,254.73639727384148,251.32660454399198,254.697998046875,3568700,0.0,0.0
2023-08-01 00:00:00-04:00,261.97862651442097,277.37557266741106,259.8174829409748,277.2507019042969,11823200,0.0,0.0
2023-08-02 00:00:00-04:00,276.3862939019817,282.27421512235213,274.7918464300994,276.2134094238281,6288300,0.0,0.0
2023-08-03 00:00:00-04:00,274.2635276251909,276.5687415098685,269.950825749134,270.3350524902344,4743500,0.0,0.0
2023-08-04 00:00:00-04:00,272.0159642357002,272.30410500281175,264.4855533147957,265.5229187011719,3888200,0.0,0.0
2023-08-07 00:00:00-04:00,266.1760891834551,270.8249464279032,264.99468258446365,270.5271911621094,2438200,0.0,0.0
2023-08-08 00:00:00-04:00,267.02136111692454,272.7363983765785,263.92852259624,271.71826171875,2519500,0.0,0.0
2023-08-09 00:00:00-04:00,273.41832781467247,275.78117029845265,272.669132426528,273.29345703125,3088600,0.0,0.0
2023-08-10 00:00:00-04:00,273.2550660570076,276.29989103620466,270.0853995896141,272.6115417480469,2647100,0.0,0.0
2023-08-11 00:00:00-04:00,272.7267273141197,274.7438005937809,271.44923486830004,273.9561767578125,1874100,0.0,0.0
2023-08-14 00:00:00-04:00,272.8420459470849,274.3212372650592,270.1622189874676,273.3031005859375,2194000,0.0,0.0
2023-08-15 00:00:00-04:00,271.36277983049354,271.47806544272447,266.1087985383791,266.4161682128906,2593600,0.0,0.0
2023-08-16 00:00:00-04:00,266.06084616321874,270.5848328489935,263.25614853364846,263.669189453125,2831300,0.0,0.0
2023-08-17 00:00:00-04:00,266.0800176172694,268.51010261641994,263.81323193817076,264.3031005859375,2534700,0.0,0.0
2023-08-18 00:00:00-04:00,262.22840210220187,264.80255752463137,260.40341273099705,262.9871826171875,2533000,0.0,0.0
2023-08-21 00:00:00-04:00,263.8996850283839,265.3308331759614,258.1846482773353,261.9786682128906,2207400,0.0,0.0
2023-08-22 00:00:00-04:00,263.1217115009648,263.3042104683541,259.02035059217246,259.5294189453125,1668800,0.0,0.0
2023-08-23 00:00:00-04:00,259.6253908085302,262.9487707472116,258.4823835467251,262.2475891113281,1677800,0.0,0.0
2023-08-24 00:00:00-04:00,260.8741348195938,263.84210279870973,258.5689201021868,258.6649475097656,1433600,0.0,0.0
2023-08-25 00:00:00-04:00,260.7971753273171,262.81424840527535,258.2134059301144,261.7961120605469,1291700,0.0,0.0
2023-08-28 00:00:00-04:00,262.69907668753183,266.06085646232657,262.25725098174325,263.9381408691406,1550700,0.0,0.0
2023-08-29 00:00:00-04:00,264.1398348718175,269.06724811777286,262.6318295068478,268.97119140625,2065800,0.0,0.0
2023-08-30 00:00:00-04:00,268.97114046688426,272.60186070065544,268.75982746651084,271.1802978515625,1431000,0.0,0.0
2023-08-31 00:00:00-04:00,272.4385952354347,273.56237356018033,269.7491543393595,270.0277099609375,2579000,0.0,0.0
2023-09-01 00:00:00-04:00,273.55274687220697,275.73311943134627,272.4481682108544,274.94549560546875,2336600,0.0,0.0
2023-09-05 00:00:00-04:00,275.03198213297753,277.9807500673959,270.2678684963935,270.50799560546875,2515600,0.0,0.0
2023-09-06 00:00:00-04:00,269.3458019580928,273.23584959300877,268.0202955603014,271.72784423828125,1688900,0.0,0.0
2023-09-07 00:00:00-04:00,269.8356027603205,272.28491663144706,266.68513655614373,270.31585693359375,1593200,0.0,0.0
2023-09-08 00:00:00-04:00,270.45034098558443,272.1984732036031,268.097083821914,271.1322937011719,1240100,0.0,0.0
2023-09-11 00:00:00-04:00,273.3222623677714,273.74488840011713,268.8943328042989,270.911376953125,1515300,0.0,0.0
2023-09-12 00:00:00-04:00,269.19210134745606,273.4663462636086,268.76947529424496,270.6808776855469,1587300,0.0,0.0
2023-09-13 00:00:00-04:00,269.14402759715216,271.5741124693578,262.24758490842805,265.0234680175781,2119300,0.0,0.0
2023-09-14 00:00:00-04:00,267.9818376343001,271.99675562194807,266.8580299338662,271.4012451171875,2660500,0.0,0.0
2023-09-15 00:00:00-04:00,270.73843793287085,270.73843793287085,266.37772255717783,268.1258544921875,4940900,0.0,0.0
2023-09-18 00:00:00-04:00,268.0394544781871,271.5837325906745,267.8377559346601,269.84521484375,1363200,0.0,0.0
2023-09-19 00:00:00-04:00,269.01911825240165,272.3040691266159,266.6850904091456,268.6253356933594,2313500,0.0,0.0
2023-09-20 00:00:00-04:00,270.3830913593002,275.28168964072063,267.09814001620555,267.6072082519531,2380300,0.0,0.0
2023-09-21 00:00:00-04:00,265.30202761329934,265.30202761329934,260.87409778138357,261.287109375,2277600,0.0,0.0
2023-09-22 00:00:00-04:00,261.26793650144975,264.23590436297565,260.88370963677534,262.2764587402344,1707800,0.0,0.0
2023-09-25 00:00:00-04:00,260.0576802500512,263.9765420909921,259.4045414952933,263.43865966796875,1257400,0.0,0.0
2023-09-26 00:00:00-04:00,260.4418541291813,262.6222270184904,258.5208372751031,258.876220703125,1756400,0.0,0.0
2023-09-27 00:00:00-04:00,260.29775504268554,263.40020747259115,258.56885178949733,261.9402160644531,1991600,0.0,0.0
2023-09-28 00:00:00-04:00,262.68947307839136,267.26150314102165,261.46963777644515,265.33087158203125,1994700,0.0,0.0
2023-09-29 00:00:00-04:00,268.05865840967607,268.5100985083374,260.643532747819,262.2187805175781,2257800,0.0,0.0
2023-10-02 00:00:00-04:00,261.8730300101371,265.8783337113609,259.56778634948336,260.9893493652344,1778200,0.0,0.0
2023-10-03 00:00:00-04:00,260.49946022254665,262.7758603118099,256.97441100886374,258.3479309082031,2187900,0.0,0.0
2023-10-04 00:00:00-04:00,256.9360098960182,257.2433796344192,252.40240884797413,254.5635528564453,2970100,0.0,0.0
2023-10-05 00:00:00-04:00,253.4781617464345,255.43760709646602,250.14519641477662,250.50057983398438,2639300,0.0,0.0
2023-10-06 00:00:00-04:00,251.24015719787883,257.81964476168235,248.0704622944796,255.53363037109375,2293400,0.0,0.0
2023-10-09 00:00:00-04:00,255.53365292885005,260.88366222976134,254.1985322352275,260.5859069824219,1640800,0.0,0.0
2023-10-10 00:00:00-04:00,261.88264978460245,264.2359074524737,261.09502574016284,262.4205322265625,2009000,0.0,0.0
2023-10-11 00:00:00-04:00,262.72787912472273,263.5731312634736,259.2412287085713,262.0555114746094,1538200,0.0,0.0
2023-10-12 00:00:00-04:00,262.98720987471154,262.98720987471154,255.67775441809505,258.9626770019531,1910500,0.0,0.0
2023-10-13 00:00:00-04:00,259.80789665108983,263.121662214661,255.59128019743855,257.3586120605469,1918300,0.0,0.0
2023-10-16 00:00:00-04:00,261.373532568701,263.1504789130566,258.9338331050324,260.0960693359375,1678600,0.0,0.0
2023-10-17 00:00:00-04:00,257.973292749002,264.6776508828601,257.973292749002,261.882568359375,2110100,0.0,0.0
2023-10-18 00:00:00-04:00,257.8965031520036,258.3767573478174,248.53154633363476,248.9829864501953,4257100,0.0,0.0
2023-10-19 00:00:00-04:00,247.72472564539794,249.73218468945325,241.81759017537266,242.90296936035156,3850000,0.0,0.0
2023-10-20 00:00:00-04:00,242.63263491091712,244.73737039470214,239.59140564633478,240.59548950195312,3103500,1.3,0.0
2023-10-23 00:00:00-04:00,239.07970456486115,242.92227688625553,238.04664302178395,238.78041076660156,3193200,0.0,0.0
2023-10-24 00:00:00-04:00,241.60925303535555,243.0284973785929,238.7128384135531,240.9334259033203,2304600,0.0,0.0
2023-10-25 00:00:00-04:00,241.24235710821165,242.11129029058637,236.0577799078866,236.4825897216797,2542400,0.0,0.0
2023-10-26 00:00:00-04:00,237.05221743609914,238.21078029567482,232.10900804488222,234.0592498779297,3859200,0.0,0.0
2023-10-27 00:00:00-04:00,234.65784826411925,235.49780374503334,229.64704888088878,230.3228759765625,3229900,0.0,0.0
2023-10-30 00:00:00-04:00,232.6206923837857,235.18884996390264,230.92145321165412,233.79856872558594,4478300,0.0,0.0
2023-10-31 00:00:00-04:00,219.78958813974356,222.57980027506113,216.0339044734244,218.24484252929688,12093300,0.0,0.0
2023-11-01 00:00:00-04:00,217.33730160023518,224.6169506182657,216.18838809656282,223.8252716064453,4932800,0.0,0.0
2023-11-02 00:00:00-04:00,227.65819797301043,231.31732872230654,224.8390227710463,230.86355590820312,7749900,0.0,0.0
2023-11-03 00:00:00-04:00,233.17102417832498,235.80677206528122,229.95600221185003,232.43727111816406,3929500,0.0,0.0
2023-11-06 00:00:00-05:00,233.1710201360613,234.53233850700894,228.19884772973975,230.05255126953125,2891500,0.0,0.0
2023-11-07 00:00:00-05:00,226.4802912210601,228.95189574007225,225.5051703742088,226.8085479736328,4074000,0.0,0.0
2023-11-08 00:00:00-05:00,227.85128548893235,229.57947307902523,226.35480164209005,226.7120361328125,2532500,0.0,0.0
2023-11-09 00:00:00-05:00,229.24154917021397,231.01801314691755,225.74654714814542,226.0651397705078,2708800,0.0,0.0
2023-11-10 00:00:00-05:00,227.2140924536337,231.85800868966072,226.51895169357059,231.40423583984375,2525200,0.0,0.0
2023-11-13 00:00:00-05:00,230.63184142932434,234.9088731919244,230.63184142932434,233.32550048828125,3035700,0.0,0.0
2023-11-14 00:00:00-05:00,238.23011427839367,240.9334376704914,236.241245164728,239.30178833007812,3441800,0.0,0.0
2023-11-15 00:00:00-05:00,240.90444450858382,244.19669101394052,240.0162125270042,242.42022705078125,3739900,0.0,0.0
2023-11-16 00:00:00-05:00,241.85060212922224,244.1870413081086,238.08526930620812,239.63967895507812,2625000,0.0,0.0
2023-11-17 00:00:00-05:00,241.45474791677788,245.4807620374537,241.36785902319153,244.3318634033203,2792500,0.0,0.0
2023-11-20 00:00:00-05:00,243.88775965162398,244.1677399085341,240.0741501191039,241.80233764648438,2661400,0.0,0.0
2023-11-21 00:00:00-05:00,240.82719599658944,241.223042818782,239.74587270857555,240.79823303222656,1765500,0.0,0.0
2023-11-22 00:00:00-05:00,233.48961084016318,239.079698759393,233.46064787535266,237.515625,3593700,0.0,0.0
2023-11-24 00:00:00-05:00,238.23009255760832,240.30585038925074,238.18181603623677,238.81903076171875,982200,0.0,0.0
2023-11-27 00:00:00-05:00,238.43283104063596,239.64931973999293,237.81492991417966,238.8479766845703,1743300,0.0,0.0
2023-11-28 00:00:00-05:00,239.1859115756879,240.2768843386661,237.51563529561304,238.95419311523438,2149900,0.0,0.0
2023-11-29 00:00:00-05:00,241.05892261131763,242.89332734280367,239.7362313400117,240.8368682861328,2224700,0.0,0.0
2023-11-30 00:00:00-05:00,242.37196202223453,242.81608540004356,239.28245612853968,242.06301879882812,3210500,0.0,0.0
2023-12-01 00:00:00-05:00,243.21192757641953,248.55098375940483,242.34299439270967,247.89447021484375,3731500,0.0,0.0
2023-12-04 00:00:00-05:00,244.81459296845316,246.7069086857575,243.70429200569663,245.95384216308594,3028700,0.0,0.0
2023-12-05 00:00:00-05:00,245.01735900133446,248.31928453464383,245.01735900133446,246.37867736816406,2682200,0.0,0.0
2023-12-06 00:00:00-05:00,247.93307277653713,251.99772906062898,246.7455616722992,247.13174438476562,3632600,0.0,0.0
2023-12-07 00:00:00-05:00,248.3289275970535,250.4240138117529,246.9772733281442,248.52203369140625,2162500,0.0,0.0
2023-12-08 00:00:00-05:00,248.4930762114337,252.605994508381,248.1261923023731,250.5398712158203,3258200,0.0,0.0
2023-12-11 00:00:00-05:00,250.86816273717508,253.18528892204668,250.53990589517193,251.910888671875,2898300,0.0,0.0
2023-12-12 00:00:00-05:00,251.01291697427556,253.42659563886562,250.17296151321435,252.4031982421875,2375700,0.0,0.0
2023-12-13 00:00:00-05:00,252.37422243000697,258.9684087057556,250.32742774083997,258.7173767089844,3708300,0.0,0.0
2023-12-14 00:00:00-05:00,263.0427475118034,275.60351291150295,261.2083279125313,275.32354736328125,6464100,0.0,0.0
2023-12-15 00:00:00-05:00,270.42856601712185,276.945498472814,270.31271415434793,275.8738098144531,7321200,0.0,0.0
2023-12-18 00:00:00-05:00,276.83934433504595,278.90546790454385,274.74428725711664,275.84490966796875,2691700,0.0,0.0
2023-12-19 00:00:00-05:00,276.89723503839986,282.91213353839,276.27934855358126,282.84454345703125,3659600,0.0,0.0
2023-12-20 00:00:00-05:00,281.85007387594595,287.9711593452018,279.52328414125355,279.70672607421875,3818400,0.0,0.0
2023-12-21 00:00:00-05:00,279.8902086718788,280.691566593123,276.70416420332157,280.0543518066406,3209300,0.0,0.0
2023-12-22 00:00:00-05:00,280.2860582738265,282.71903610261404,278.93440392450003,280.3343200683594,2833800,0.0,0.0
2023-12-26 00:00:00-05:00,281.5217897103564,286.83188217873015,280.9521651448653,285.42230224609375,2019000,0.0,0.0
2023-12-27 00:00:00-05:00,285.42231014366683,288.82075881047524,284.5533917902961,287.8263244628906,1876500,0.0,0.0
2023-12-28 00:00:00-05:00,286.84158581473713,288.8690818382248,285.81818839157836,286.6291809082031,2267400,0.0,0.0
2023-12-29 00:00:00-05:00,286.6001560241359,287.9421457852426,283.0761917367484,285.4609069824219,2300600,0.0,0.0
2024-01-02 00:00:00-05:00,283.29832065271364,286.39750566041886,281.29015271619966,282.6031799316406,2433100,0.0,0.0
2024-01-03 00:00:00-05:00,278.4323556095674,278.9536890347694,273.5374077593068,274.4835510253906,3043400,0.0,0.0
2024-01-04 00:00:00-05:00,274.5897558195472,278.26819991721067,273.99116819729153,276.2214050292969,2995400,0.0,0.0
2024-01-05 00:00:00-05:00,276.3661875249402,280.95217666290864,275.6131210134698,278.9536437988281,2684800,0.0,0.0
2024-01-08 00:00:00-05:00,277.63096370880703,282.57417274566035,275.3910629065298,282.1590270996094,2369100,0.0,0.0
2024-01-09 00:00:00-05:00,279.243322031924,282.2652229634429,278.0557815246761,282.1976623535156,1974500,0.0,0.0
2024-01-10 00:00:00-05:00,282.0624917548222,284.379617453201,281.39631406525865,283.2210693359375,2048000,0.0,0.0
2024-01-11 00:00:00-05:00,284.4278916408749,285.39336307925953,279.4170925185508,281.9755859375,1941400,0.0,0.0
2024-01-12 00:00:00-05:00,285.0747454809506,285.6154071378272,278.9536600011437,280.382568359375,1955600,0.0,0.0
2024-01-16 00:00:00-05:00,278.90546133092573,280.18952569063157,275.73871542521385,277.31243896484375,3140100,0.0,0.0
2024-01-17 00:00:00-05:00,269.20241500749944,272.2822715597423,267.3776891284508,269.00933837890625,3789200,0.0,0.0
2024-01-18 00:00:00-05:00,270.35135151737325,272.7746947038677,268.0728526444768,272.16644287109375,2479300,0.0,0.0
2024-01-19 00:00:00-05:00,273.8347524495082,277.4817238291235,270.56604405219184,276.7057800292969,3116000,1.3,0.0
2024-01-22 00:00:00-05:00,277.5010714821684,281.85611193796177,277.5010714821684,279.99383544921875,2072200,0.0,0.0
2024-01-23 00:00:00-05:00,281.7688681383389,284.0773407097461,278.8784229656797,280.1490478515625,1866300,0.0,0.0
2024-01-24 00:00:00-05:00,282.0987066634504,283.8154980877814,279.6738449678833,281.9435119628906,2765900,0.0,0.0
2024-01-25 00:00:00-05:00,285.1636507089196,294.1938306133404,284.31980382553144,291.73016357421875,4647100,0.0,0.0
2024-01-26 00:00:00-05:00,291.9532702822196,293.8737708890409,289.68360389253326,290.4304504394531,2920500,0.0,0.0
2024-01-29 00:00:00-05:00,290.0327750085304,294.5721374717276,288.50998473811745,294.1356506347656,2101400,0.0,0.0
2024-01-30 00:00:00-05:00,291.4780168393509,296.5411280644851,291.4780168393509,295.60028076171875,2150200,0.0,0.0
2024-01-31 00:00:00-05:00,296.38591353134234,296.5604964169715,290.91541297880065,291.28399658203125,2813000,0.0,0.0
2024-02-01 00:00:00-05:00,294.1259051397661,298.8107527658751,292.86498936812905,298.4421691894531,3196300,0.0,0.0
2024-02-02 00:00:00-05:00,297.77293474619387,307.8312535714337,296.80299033333984,305.6197814941406,4661500,0.0,0.0
2024-02-05 00:00:00-05:00,324.80526405649096,324.80526405649096,306.41512722467246,311.7401123046875,6557500,0.0,0.0
2024-02-06 00:00:00-05:00,313.47635237510656,317.5889074131261,309.48018593622254,313.0204772949219,2825700,0.0,0.0
2024-02-07 00:00:00-05:00,313.2338304233203,317.96716358233397,311.4491363732639,313.8642883300781,3203000,0.0,0.0
2024-02-08 00:00:00-05:00,314.9119085145316,316.61899078584145,311.7595887426287,312.3221435546875,1986100,0.0,0.0
2024-02-09 00:00:00-05:00,312.3221217125599,312.64219036593465,306.08538582716795,307.6275939941406,2823000,0.0,0.0
2024-02-12 00:00:00-05:00,307.67608908653244,313.3793675294804,306.9971456911646,311.9632568359375,2483600,0.0,0.0
2024-02-13 00:00:00-05:00,306.29875632307414,306.50243636293754,301.44903422872386,303.4374084472656,2923200,0.0,0.0
2024-02-14 00:00:00-05:00,306.5121272635502,308.2968213373306,304.5334324772566,307.1910705566406,1887100,0.0,0.0
2024-02-15 00:00:00-05:00,306.45392536734255,313.49570113151486,305.9786325135822,313.35992431640625,2362900,0.0,0.0
2024-02-16 00:00:00-05:00,313.9904299137479,318.43276263153524,311.7789576716415,312.2348327636719,2513200,0.0,0.0
2024-02-20 00:00:00-05:00,307.72461805454435,309.41231210299134,303.3404497350624,304.3103942871094,2701600,0.0,0.0
2024-02-21 00:00:00-05:00,303.4956003822119,308.2677399100662,303.4956003822119,307.6081848144531,1779700,0.0,0.0
2024-02-22 00:00:00-05:00,311.3521270351409,313.6508903398113,310.7119602312507,312.40936279296875,1875800,0.0,0.0
2024-02-23 00:00:00-05:00,313.2920435507731,315.30951489375536,312.37058452371735,314.1455993652344,1575000,0.0,0.0
2024-02-26 00:00:00-05:00,313.9224800188464,317.4045766507087,312.56456386162813,315.6004943847656,1650000,0.0,0.0
2024-02-27 00:00:00-05:00,317.1524095335255,318.0932567231395,314.0388669037711,317.7828674316406,1640900,0.0,0.0
2024-02-28 00:00:00-05:00,317.5500836033417,321.711123403845,317.1620821969294,319.65484619140625,1471000,0.0,0.0
2024-02-29 00:00:00-05:00,321.05164092298037,324.82473937039816,320.17869676199257,323.92266845703125,2699800,0.0,0.0
2024-03-01 00:00:00-05:00,323.9614905701865,327.61817099025353,323.57351865724024,326.5803527832031,1815500,0.0,0.0
2024-03-04 00:00:00-05:00,325.51336097662164,330.0333056328464,324.72770834585447,328.4716796875,1551000,0.0,0.0
2024-03-05 00:00:00-05:00,325.33876332141233,328.80144232941024,321.76934543699144,323.50555419921875,2030000,0.0,0.0
2024-03-06 00:00:00-05:00,326.14381075464786,327.57933915030526,324.11663047181395,325.5424499511719,1542300,0.0,0.0
2024-03-07 00:00:00-05:00,328.33594045423774,332.0508150719857,328.2583283137151,329.9945373535156,1732500,0.0,0.0
2024-03-08 00:00:00-05:00,331.7888975693822,334.14585542519023,327.93821700644776,328.9954528808594,2307400,0.0,0.0
2024-03-11 00:00:00-04:00,326.87129940088175,328.04492396819734,321.5657017547819,324.9023132324219,1868000,0.0,0.0
2024-03-12 00:00:00-04:00,325.2029820604558,328.21952476679724,322.73931480838274,327.10406494140625,1645900,0.0,0.0
2024-03-13 00:00:00-04:00,327.9770748270114,332.78799166066335,327.24961639126246,331.2554626464844,1818800,0.0,0.0
2024-03-14 00:00:00-04:00,334.19436175829753,336.41554292563245,328.7529873845873,331.6434326171875,2110200,0.0,0.0
2024-03-15 00:00:00-04:00,332.661848188367,336.85201530370347,330.8965421906527,336.5416259765625,4406000,0.0,0.0
2024-03-18 00:00:00-04:00,337.6182608013435,342.7201782265779,337.4048718322178,341.3234558105469,2528200,0.0,0.0
2024-03-19 00:00:00-04:00,341.0325060979256,343.3603670732659,339.11200525308175,343.26336669921875,2207600,0.0,0.0
2024-03-20 00:00:00-04:00,340.56690415230173,347.4147098748172,337.6764885200681,345.7367248535156,2563900,0.0,0.0
2024-03-21 00:00:00-04:00,346.92003412176757,354.2237144286948,345.99857508157334,353.6029357910156,2616300,0.0,0.0
2024-03-22 00:00:00-04:00,353.6417615292349,354.53409387009634,347.1043156390459,347.3468017578125,2052000,0.0,0.0
2024-03-25 00:00:00-04:00,346.23136327015305,348.08396072536766,344.35937758202795,345.2517395019531,1774800,0.0,0.0
2024-03-26 00:00:00-04:00,345.7464014494382,348.78233241137895,345.3002352762261,345.67852783203125,1637200,0.0,0.0
2024-03-27 00:00:00-04:00,347.9384529330568,353.8454107189706,347.12370319710527,353.6902160644531,2262800,0.0,0.0
2024-03-28 00:00:00-04:00,353.66112054250596,356.1829818893889,352.60388470407713,355.4167175292969,2028600,0.0,0.0
2024-04-01 00:00:00-04:00,356.4351990606898,356.87165630532576,351.7406714494635,352.8075866699219,1953800,0.0,0.0
2024-04-02 00:00:00-04:00,351.42055786456206,354.0200017870105,350.6155170260229,353.86480712890625,1968900,0.0,0.0
2024-04-03 00:00:00-04:00,354.50500674494214,364.7670361575438,353.6417715299069,364.4954528808594,2623700,0.0,0.0
2024-04-04 00:00:00-04:00,366.02791631701143,369.57791640045343,357.79309776956694,358.6757507324219,2492200,0.0,0.0
2024-04-05 00:00:00-04:00,361.3042622349102,369.54878902416317,360.61561005002403,367.8998718261719,2068300,0.0,0.0
2024-04-08 00:00:00-04:00,367.71564988029485,370.5285126464834,361.682623429633,362.24517822265625,2690000,0.0,0.0
2024-04-09 00:00:00-04:00,363.7582820737664,365.824268580186,354.5244211553166,360.72235107421875,2042700,0.0,0.0
2024-04-10 00:00:00-04:00,355.1936383440999,361.42066459192034,353.4380414112757,360.88720703125,2148500,0.0,0.0
2024-04-11 00:00:00-04:00,361.43047640729105,362.14822596970487,355.8726829567639,360.8000183105469,2535700,0.0,0.0
2024-04-12 00:00:00-04:00,357.5603197194794,361.63406846086065,351.77942975258196,354.6407775878906,2072900,0.0,0.0
2024-04-15 00:00:00-04:00,361.76019839225677,363.20540621333043,351.22658581616497,352.9725036621094,2171000,0.0,0.0
2024-04-16 00:00:00-04:00,352.1092086847647,352.5359865927357,346.44473688847705,349.0635986328125,2513900,0.0,0.0
2024-04-17 00:00:00-04:00,351.7503530864553,352.0025481185904,342.2740063525551,347.5505065917969,2313800,0.0,0.0
2024-04-18 00:00:00-04:00,350.2954945978903,352.555482145176,345.46518932066346,347.1722717285156,2380700,0.0,0.0
2024-04-19 00:00:00-04:00,348.78819308001897,351.3776537090252,342.801296411258,345.25445556640625,2929600,1.3,0.0
2024-04-22 00:00:00-04:00,346.6562858844819,352.39981280343915,343.87211721901224,348.126220703125,2085400,0.0,0.0
2024-04-23 00:00:00-04:00,350.4528884205093,355.826488681317,349.5183557030339,353.61669921875,1810700,0.0,0.0
2024-04-24 00:00:00-04:00,354.2980745643872,358.4061615461345,349.3819825079762,353.87945556640625,3032700,0.0,0.0
2024-04-25 00:00:00-04:00,321.67677796158677,332.8717995062746,321.55996509878923,329.0362854003906,6459600,0.0,0.0
2024-04-26 00:00:00-04:00,329.46459618128455,336.3373630761661,329.3574979256455,334.2735900878906,3324600,0.0,0.0
2024-04-29 00:00:00-04:00,334.8577440397297,341.6429025087536,334.8577440397297,340.52337646484375,2171400,0.0,0.0
2024-04-30 00:00:00-04:00,337.8170441896013,338.5471542442478,324.2856771184703,325.6972351074219,4201700,0.0,0.0
2024-05-01 00:00:00-04:00,324.5387755439789,329.52298851952094,321.96877401757285,322.2900390625,3520600,0.0,0.0
2024-05-02 00:00:00-04:00,324.6750944616648,327.2450963613905,320.5183448453551,326.544189453125,2492000,0.0,0.0
2024-05-03 00:00:00-04:00,329.12391791343913,332.5505575293422,326.0964087453279,327.8194580078125,1977100,0.0,0.0
2024-05-06 00:00:00-04:00,331.8301357140668,333.4655750475038,330.6911807065226,333.02752685546875,1653900,0.0,0.0
2024-05-07 00:00:00-04:00,335.33470368882564,339.2967749729483,334.29307281316085,335.85064697265625,1965600,0.0,0.0
2024-05-08 00:00:00-04:00,330.98323118877,337.0869406689559,329.75663676654654,335.3638916015625,2260300,0.0,0.0
2024-05-09 00:00:00-04:00,336.7462269165903,343.5216396446512,336.2692014976331,342.4508056640625,3208900,0.0,0.0
2024-05-10 00:00:00-04:00,345.5854039293263,348.028848263749,344.144642817974,345.3809814453125,2210600,0.0,0.0
2024-05-13 00:00:00-04:00,345.3907084729025,349.0412586457767,344.9721191830604,347.2208557128906,2051200,0.0,0.0
2024-05-14 00:00:00-04:00,348.2333292641449,351.04667152058977,347.5616255669758,348.6811218261719,1563400,0.0,0.0
2024-05-15 00:00:00-04:00,351.8838908520818,353.6750908640994,348.6227262240286,350.4918212890625,1913900,0.0,0.0
2024-05-16 00:00:00-04:00,347.28906022879653,349.2554795314752,340.3383973632725,341.4189758300781,2821700,0.0,0.0
2024-05-17 00:00:00-04:00,343.6092743582241,346.9580483010359,342.236663843154,346.8217468261719,2104300,0.0,0.0
2024-05-20 00:00:00-04:00,346.94836859665116,354.76541411859733,345.36159097436916,353.1299743652344,2247900,0.0,0.0
2024-05-21 00:00:00-04:00,352.65295063551855,353.60694222872104,348.0191753259347,349.54754638671875,1841100,0.0,0.0
2024-05-22 00:00:00-04:00,348.99265628448273,349.6741043167377,343.21018144386164,346.50054931640625,2104200,0.0,0.0
2024-05-23 00:00:00-04:00,350.8422453870858,351.75731911848834,339.54015493582096,341.3995056152344,2749200,0.0,0.0
2024-05-24 00:00:00-04:00,343.2880527423761,344.5243618320926,337.4860896857029,339.647216796875,2635200,0.0,0.0
2024-05-28 00:00:00-04:00,338.7711007247429,339.96849203434607,335.26656615490447,337.28167724609375,2264900,0.0,0.0
2024-05-29 00:00:00-04:00,335.8506954661298,336.15247197525014,328.76376023998654,329.1434020996094,3040000,0.0,0.0
2024-05-30 00:00:00-04:00,329.49382997630613,335.4125762600987,329.49382997630613,330.2531433105469,2745800,0.0,0.0
2024-05-31 00:00:00-04:00,330.34071070790975,331.8496225834391,326.17421735658047,329.5424499511719,8319400,0.0,0.0
2024-06-03 00:00:00-04:00,331.8301939867049,332.34613730898633,317.11117798446196,322.5723876953125,3878600,0.0,0.0
2024-06-04 00:00:00-04:00,319.99265599001313,321.5696891004001,315.8943128230096,318.8829040527344,3706600,0.0,0.0
2024-06-05 00:00:00-04:00,320.74224642868813,322.48475448503285,318.0359728345134,320.7130432128906,2616300,0.0,0.0
2024-06-06 00:00:00-04:00,321.462610796761,322.2511273280492,318.4156132263048,319.58380126953125,2452100,0.0,0.0
2024-06-07 00:00:00-04:00,317.5492267148414,324.05206678006135,315.1349853246449,320.216552734375,2499100,0.0,0.0
2024-06-10 00:00:00-04:00,319.9926786647052,323.10782728965233,319.7298496971022,320.8688049316406,2640500,0.0,0.0
2024-06-11 00:00:00-04:00,319.0678386589238,319.9245058776277,315.1447151478285,318.6297607421875,3247000,0.0,0.0
2024-06-12 00:00:00-04:00,324.314911697653,326.28136064829727,317.3545344451846,320.01214599609375,4817300,0.0,0.0
2024-06-13 00:00:00-04:00,318.8147376456916,319.1944091504842,312.9251948335543,317.7049560546875,3183900,0.0,0.0
2024-06-14 00:00:00-04:00,312.86680628884454,314.1225743189724,307.4737178254129,312.9446716308594,4195300,0.0,0.0
2024-06-17 00:00:00-04:00,312.94464623074293,315.2517892944829,310.4233363585236,313.8499755859375,3198900,0.0,0.0
2024-06-18 00:00:00-04:00,314.4827344320437,316.96512651207837,312.48711211028,316.517333984375,3275300,0.0,0.0
2024-06-20 00:00:00-04:00,316.43947865854653,322.31930751907475,315.9721974569073,320.40155029296875,4463300,0.0,0.0
2024-06-21 00:00:00-04:00,321.76438535519003,321.78384426276796,317.5297408589014,319.1457214355469,8265100,0.0,0.0
2024-06-24 00:00:00-04:00,320.6253716005972,324.8210979031004,317.42264366007663,321.2484130859375,2447300,0.0,0.0
2024-06-25 00:00:00-04:00,319.3112455888229,320.7325183432829,315.7677634487972,318.7174072265625,2990400,0.0,0.0
2024-06-26 00:00:00-04:00,317.59793484465064,319.01920770602584,315.1934374139715,318.0652160644531,2198600,0.0,0.0
2024-06-27 00:00:00-04:00,317.38371793121354,320.4988661552896,316.0597992463471,318.7757873535156,1995100,0.0,0.0
2024-06-28 00:00:00-04:00,319.7979350488822,325.3272945046369,319.612971466009,324.2662048339844,8891500,0.0,0.0
2024-07-01 00:00:00-04:00,326.22286637585233,326.3981153529612,316.7411807453952,320.352783203125,2950200,0.0,0.0
2024-07-02 00:00:00-04:00,319.30149682868966,321.3360668258084,316.9456617377716,319.06787109375,2119800,0.0,0.0
2024-07-03 00:00:00-04:00,319.5546000776044,322.62105657517367,319.5546000776044,321.8422546386719,1352200,0.0,0.0
2024-07-05 00:00:00-04:00,322.7768191728394,324.5972222927281,317.9678248744377,319.6422119140625,2280900,0.0,0.0
2024-07-08 00:00:00-04:00,321.59891696632735,324.4220334213844,318.4643391218396,320.3334045410156,1913400,0.0,0.0
2024-07-09 00:00:00-04:00,319.8271748015011,321.3652603572605,317.1890222215357,317.4129333496094,1896100,0.0,0.0
2024-07-10 00:00:00-04:00,317.45182022220024,319.7687072753906,313.1101079281484,319.7687072753906,2904400,0.0,0.0
2024-07-11 00:00:00-04:00,321.2484125108705,325.5609219488387,320.56696460103103,322.34844970703125,3016400,0.0,0.0
2024-07-12 00:00:00-04:00,326.0671737266806,329.2601872893469,324.58746495074035,326.690185546875,2451300,0.0,0.0
2024-07-15 00:00:00-04:00,330.1071237828245,338.67373719295256,328.88052929098666,336.6002197265625,3394300,0.0,0.0
2024-07-16 00:00:00-04:00,337.63210412034033,352.67238417714566,336.1037628777478,351.0174560546875,4637000,0.0,0.0
2024-07-17 00:00:00-04:00,349.4501419803031,353.07148902969726,346.75361288088015,348.3111572265625,3061000,0.0,0.0
2024-07-18 00:00:00-04:00,347.0457021798772,359.4381162093521,346.31559200698825,346.5881652832031,3876300,0.0,0.0
2024-07-19 00:00:00-04:00,345.9261561601541,347.035908015222,337.49581500998767,338.410888671875,3462700,0.0,0.0
2024-07-22 00:00:00-04:00,340.1507847527731,340.86433018345605,333.6801050568799,340.0237121582031,2659600,1.41,0.0
2024-07-23 00:00:00-04:00,337.93194626244303,340.7958518997833,333.68005611087426,336.4071350097656,2027800,0.0,0.0
2024-07-24 00:00:00-04:00,335.2146875453081,337.04250444750096,327.8838519509006,328.4605407714844,2835800,0.0,0.0
2024-07-25 00:00:00-04:00,327.94246272617954,340.3462376703105,326.4176514647527,336.5341796875,3291300,0.0,0.0
2024-07-26 00:00:00-04:00,340.77633443355995,344.9793347107214,339.0560222166684,342.5748291015625,1894900,0.0,0.0
2024-07-29 00:00:00-04:00,342.2815279514325,343.4544733520092,335.3905557534564,336.75897216796875,2190300,0.0,0.0
2024-07-30 00:00:00-04:00,335.90863516191604,337.92216877353894,330.98230572733434,334.01239013671875,1970800,0.0,0.0
2024-07-31 00:00:00-04:00,337.5605234847187,343.07329592430494,333.1620224601497,338.391357421875,2568100,0.0,0.0
2024-08-01 00:00:00-04:00,338.48911302329844,341.93949187948215,320.68006806264356,324.04248046875,3747900,0.0,0.0
2024-08-02 00:00:00-04:00,315.4702606258467,316.10559368217247,310.4950709394053,313.6326599121094,4246700,0.0,0.0
2024-08-05 00:00:00-04:00,302.03042298251154,313.34921988397815,300.1243938183992,309.65447998046875,4681300,0.0,0.0
2024-08-06 00:00:00-04:00,306.9665024820705,324.67782587067785,303.49658565666357,319.0770568847656,5071700,0.0,0.0
2024-08-07 00:00:00-04:00,325.98756606048613,327.61988187801444,317.1319201543394,318.4514465332031,3011700,0.0,0.0
2024-08-08 00:00:00-04:00,322.55672682637254,328.84168861733485,320.2206198504117,328.5777893066406,2268300,0.0,0.0
2024-08-09 00:00:00-04:00,328.4214280198021,330.8650398354256,324.9808333219326,330.6304626464844,1668100,0.0,0.0
2024-08-12 00:00:00-04:00,330.63045707020876,332.1845905792245,326.075561143198,328.45074462890625,2127600,0.0,0.0
2024-08-13 00:00:00-04:00,329.5747780910825,331.8619949798254,326.2026119649235,331.1582336425781,1503800,0.0,0.0
2024-08-14 00:00:00-04:00,331.94022882851345,334.08083512553986,327.0530052881326,329.9755554199219,1610900,0.0,0.0
2024-08-15 00:00:00-04:00,336.72972330224127,339.7989141984193,333.1034115573294,337.8440246582031,3232600,0.0,0.0
2024-08-16 00:00:00-04:00,337.4628241615196,338.0395130259064,333.07410646434414,335.7327575683594,2483800,0.0,0.0
2024-08-19 00:00:00-04:00,335.9282201287164,338.29364965848634,335.5567863337796,336.8763427734375,2252600,0.0,0.0
2024-08-20 00:00:00-04:00,337.21839999345735,338.3620233443891,334.11013320470994,335.5567321777344,1479500,0.0,0.0
2024-08-21 00:00:00-04:00,336.80783279789154,337.80484533814183,334.13942824425845,335.2341613769531,1433200,0.0,0.0
2024-08-22 00:00:00-04:00,335.2635489281409,337.35529500917113,334.06128114826635,334.6379699707031,2021400,0.0,0.0
2024-08-23 00:00:00-04:00,337.1891014961558,341.6560309625772,335.3319625201963,340.551513671875,2183900,0.0,0.0
2024-08-26 00:00:00-04:00,341.91991517465976,346.4161665902687,341.06954309053634,343.2394714355469,1718100,0.0,0.0
2024-08-27 00:00:00-04:00,342.4477567372192,343.7868512040342,339.27106146104694,343.20037841796875,1210800,0.0,0.0
2024-08-28 00:00:00-04:00,342.6822990084902,346.4356826959823,338.0394371547779,340.3462219238281,1514500,0.0,0.0
2024-08-29 00:00:00-04:00,343.2981088065952,348.4199091920339,339.6522295486266,343.7086486816406,1664500,0.0,0.0
2024-08-30 00:00:00-04:00,344.6372138498754,348.20488094230177,341.9394570056571,348.06805419921875,2974100,0.0,0.0
2024-09-03 00:00:00-04:00,344.2658108794108,344.6763508038515,330.7673011179172,332.5657958984375,3107200,0.0,0.0
2024-09-04 00:00:00-04:00,330.9530052090093,333.1620398285345,327.72744955453516,329.1545104980469,2782500,0.0,0.0
2024-09-05 00:00:00-04:00,328.44094349663254,328.9003436794176,323.1041040120135,326.03643798828125,2525500,0.0,0.0
2024-09-06 00:00:00-04:00,326.66204161758674,330.98233063197506,320.71916093807374,321.9311828613281,2676600,0.0,0.0
2024-09-09 00:00:00-04:00,326.3785731644553,328.7732948538717,325.459772732505,326.5056457519531,2355800,0.0,0.0
2024-09-10 00:00:00-04:00,327.55147937291713,328.17705829947795,321.9605243203162,326.6229248046875,1869200,0.0,0.0
2024-09-11 00:00:00-04:00,325.489050019677,327.9131233529452,318.7544424444771,327.4439392089844,1934700,0.0,0.0
2024-09-12 00:00:00-04:00,327.71768419788924,333.3477756683633,326.1537665861746,331.9206848144531,1747000,0.0,0.0
2024-09-13 00:00:00-04:00,334.6966236984384,339.3883462762701,332.673306032185,337.52142333984375,2518600,0.0,0.0
2024-09-16 00:00:00-04:00,340.4928815854909,343.53272041278666,336.52445832229495,340.1116638183594,1648200,0.0,0.0
2024-09-17 00:00:00-04:00,342.10562918118603,346.5823125753183,341.36276169817745,345.71240234375,2088400,0.0,0.0
2024-09-18 00:00:00-04:00,346.9928493546038,353.4733121307222,344.37330486215643,347.1101379394531,1990700,0.0,0.0
2024-09-19 00:00:00-04:00,354.81246939535936,366.23880171897684,353.1214791194911,364.8899230957031,4066600,0.0,0.0
2024-09-20 00:00:00-04:00,362.0454785133131,363.07181325400944,357.5883334665397,360.5011291503906,5440500,0.0,0.0
2024-09-23 00:00:00-04:00,360.66727431711195,364.55751457343797,358.7026309500478,362.7981262207031,2442700,0.0,0.0
2024-09-24 00:00:00-04:00,371.42897990962314,380.64627612046695,370.94025756763676,377.2252197265625,4024300,0.0,0.0
2024-09-25 00:00:00-04:00,378.27105442609366,379.87407786366134,369.3958707184304,369.7184143066406,2661500,0.0,0.0
2024-09-26 00:00:00-04:00,381.21323006866464,388.26059824521354,377.4891680202621,382.14178466796875,3906800,0.0,0.0
2024-09-27 00:00:00-04:00,382.1808202461679,386.6379650217789,380.3627876955132,382.2590026855469,2683700,0.0,0.0
2024-09-30 00:00:00-04:00,380.5974429299521,383.9012109698039,378.0951867470725,382.2981872558594,2251300,0.0,0.0
2024-10-01 00:00:00-04:00,382.4447876303417,386.56960557183527,377.90945960784757,383.53955078125,2091400,0.0,0.0
2024-10-02 00:00:00-04:00,383.1387606059013,386.735749720958,379.87409908883154,385.16204833984375,1767900,0.0,0.0
2024-10-03 00:00:00-04:00,383.4906351734065,385.11319689210586,379.9522902690565,382.2688293457031,1866100,0.0,0.0
2024-10-04 00:00:00-04:00,387.7718646360559,388.4951641725379,383.0117136944609,388.1335144042969,1675100,0.0,0.0
2024-10-07 00:00:00-04:00,387.5080062957751,392.1215469854728,387.20500079145313,389.26739501953125,2224500,0.0,0.0
2024-10-08 00:00:00-04:00,385.36733070905007,386.0906301924072,376.16957312926104,379.20941162109375,2438800,0.0,0.0
2024-10-09 00:00:00-04:00,379.4147190102564,387.654570600275,378.75981794210816,387.2538146972656,1757900,0.0,0.0
2024-10-10 00:00:00-04:00,386.26657386905697,388.0064241719902,381.6921400158497,387.69366455078125,1331700,0.0,0.0
2024-10-11 00:00:00-04:00,387.6936435741632,394.49664969258515,387.6936435741632,392.9522705078125,2110400,0.0,0.0
2024-10-14 00:00:00-04:00,384.51696443808527,387.351547951756,378.1440062416914,385.0643310546875,3006100,0.0,0.0
2024-10-15 00:00:00-04:00,381.8192686500412,383.6177635103193,378.84782809298474,379.2388000488281,2715100,0.0,0.0
2024-10-16 00:00:00-04:00,378.66208334315195,385.69969734770734,378.20268312578173,384.7417907714844,1551600,0.0,0.0
2024-10-17 00:00:00-04:00,386.2373107577124,388.1628782268419,384.2922051309097,385.5921936035156,1561500,0.0,0.0
2024-10-18 00:00:00-04:00,387.31248669224027,387.5079875762127,380.9297735936743,384.97637939453125,3024100,0.0,0.0
2024-10-21 00:00:00-04:00,384.81944371088804,385.6630519532068,381.8275083467268,383.0439147949219,2375900,1.41,0.0
2024-10-22 00:00:00-04:00,382.30818130616,383.8384710263657,378.3843553699575,381.0623474121094,1523900,0.0,0.0
2024-10-23 00:00:00-04:00,379.581137047265,382.6024699541248,375.40225269616894,378.3843688964844,1500900,0.0,0.0
2024-10-24 00:00:00-04:00,379.5811350318564,380.9642573724218,374.94119994395425,379.68902587890625,1844100,0.0,0.0
2024-10-25 00:00:00-04:00,382.190416781744,384.5643444923714,376.99135972548015,378.6197509765625,1606800,0.0,0.0
2024-10-28 00:00:00-04:00,380.99366178233186,384.1130958776795,379.9930671180942,383.1713562011719,3213900,0.0,0.0
2024-10-29 00:00:00-04:00,382.08258717485245,382.18068881994753,378.2077967167401,380.1304931640625,2186400,0.0,0.0
2024-10-30 00:00:00-04:00,366.877711609684,380.86616014001623,360.2072197368012,372.0179138183594,4037500,0.0,0.0
2024-10-31 00:00:00-04:00,370.1639215644051,371.69421122805903,365.65151591724464,369.03582763671875,2394500,0.0,0.0
2024-11-01 00:00:00-04:00,370.8701925917051,375.9711478996648,369.7617070720938,372.4004821777344,1633300,0.0,0.0
2024-11-04 00:00:00-05:00,370.89965948324095,374.225086458889,368.1529633151262,369.3497314453125,1793600,0.0,0.0
2024-11-05 00:00:00-05:00,369.9481161451964,378.7178693303332,368.49628980102517,376.06927490234375,1724100,0.0,0.0
2024-11-06 00:00:00-05:00,397.454169550745,410.3341036144922,396.3162563860983,408.941162109375,4720000,0.0,0.0
2024-11-07 00:00:00-05:00,407.01845749992515,410.5302683679439,399.77899421414793,400.43621826171875,3211100,0.0,0.0
2024-11-08 00:00:00-05:00,393.32433240179984,395.3843471571561,384.92734667542686,385.8788757324219,3345900,0.0,0.0
2024-11-11 00:00:00-05:00,390.3324004743346,394.4229722726762,387.4876326410109,388.9884948730469,1858900,0.0,0.0
2024-11-12 00:00:00-05:00,390.21469722342175,391.13679873473006,383.70113164876875,385.5257263183594,1737100,0.0,0.0
2024-11-13 00:00:00-05:00,381.5430249457389,383.7501769683257,378.3254889724912,379.6988220214844,2001900,0.0,0.0
2024-11-14 00:00:00-05:00,381.1016116978381,382.74961148260206,378.8552128631623,379.9833068847656,1372500,0.0,0.0
2024-11-15 00:00:00-05:00,378.6393705472994,381.09176167224405,374.9215671561022,376.7559509277344,2165500,0.0,0.0
2024-11-18 00:00:00-05:00,378.6492006459763,378.9434756149172,375.6278678646584,377.1385192871094,1626200,0.0,0.0
2024-11-19 00:00:00-05:00,370.8309714387321,375.951565385867,370.8309714387321,375.049072265625,1793200,0.0,0.0
2024-11-20 00:00:00-05:00,376.6971041214302,378.84540118847826,371.26259688826264,374.2348937988281,1859600,0.0,0.0
2024-11-21 00:00:00-05:00,376.60886091195397,384.55458520905097,371.78254139777385,382.1708679199219,1833500,0.0,0.0
2024-11-22 00:00:00-05:00,382.9261551826231,390.57763364889524,380.5032214285152,389.9203796386719,1893000,0.0,0.0
2024-11-25 00:00:00-05:00,392.38255960820743,399.3963918739214,392.38255960820743,397.9249572753906,4398000,0.0,0.0
2024-11-26 00:00:00-05:00,395.96305536896733,400.63241753639585,394.10906329075647,400.0634460449219,1796600,0.0,0.0
2024-11-27 00:00:00-05:00,400.62262352570093,404.2717828568214,395.5608844576038,396.01214599609375,1371900,0.0,0.0
2024-11-29 00:00:00-05:00,399.5730194123733,403.3595272724779,397.28740381676016,398.3762512207031,1962100,0.0,0.0
2024-12-02 00:00:00-05:00,399.70050403045366,400.3773663712873,393.1575413176154,394.84478759765625,1548500,0.0,0.0
2024-12-03 00:00:00-05:00,395.8355621608629,397.8072943356921,389.0473598413677,391.6567077636719,1716200,0.0,0.0
2024-12-04 00:00:00-05:00,390.979875947929,393.8246440766429,388.5863394692104,391.9019775390625,1193800,0.0,0.0
2024-12-05 00:00:00-05:00,392.8730597660999,393.7853420834388,386.7028352892001,387.45819091796875,1291400,0.0,0.0
2024-12-06 00:00:00-05:00,390.5678428174028,392.12756013323167,385.26086431097167,387.50726318359375,1331000,0.0,0.0
2024-12-09 00:00:00-05:00,394.87424393545723,401.9076853837056,390.8523162366213,391.6567077636719,1739800,0.0,0.0
2024-12-10 00:00:00-05:00,383.27929817507004,387.93884122544796,378.2665952423595,380.9936828613281,2251000,0.0,0.0
2024-12-11 00:00:00-05:00,383.04386341754997,383.89729069030625,380.0519284546946,381.4645080566406,1651600,0.0,0.0
2024-12-12 00:00:00-05:00,381.64109401635403,382.44548548823553,372.9105876188043,373.5285949707031,1804600,0.0,0.0
2024-12-13 00:00:00-05:00,373.3520764442221,375.59847537120754,371.67464909210156,373.2637939453125,2034800,0.0,0.0
2024-12-16 00:00:00-05:00,374.49974253082024,375.0392865536996,370.5661274244382,371.70404052734375,1311100,0.0,0.0
2024-12-17 00:00:00-05:00,368.86906338433477,371.67461447956384,366.7109471572355,368.6434326171875,2138700,0.0,0.0
2024-12-18 00:00:00-05:00,371.48819735578303,373.9013416961587,356.1165975322595,356.9602355957031,2820700,0.0,0.0
2024-12-19 00:00:00-05:00,361.4236199436092,362.5321055928161,353.15416372607075,353.5072937011719,2616700,0.0,0.0
2024-12-20 00:00:00-05:00,351.6729452221824,364.4155620258925,350.43693031204003,359.0693664550781,5142000,0.0,0.0
2024-12-23 00:00:00-05:00,357.9216156067286,359.3734420940564,354.6157967861289,358.4317321777344,1804900,0.0,0.0
2024-12-24 00:00:00-05:00,357.50964117649454,360.5702209472656,355.75372049831293,360.5702209472656,886000,0.0,0.0
2024-12-26 00:00:00-05:00,358.09819682179653,360.49173333385335,356.94067521218113,360.1287841796875,1097900,0.0,0.0
2024-12-27 00:00:00-05:00,356.46979636777166,360.40341157008584,354.8610133407139,357.9117736816406,1245800,0.0,0.0
2024-12-30 00:00:00-05:00,353.5661612414165,357.87257485455297,351.9083422811778,356.0970458984375,1422200,0.0,0.0
2024-12-31 00:00:00-05:00,356.57764374623537,358.80440394933015,354.91000592746497,355.85174560546875,1168100,0.0,0.0
2025-01-02 00:00:00-05:00,358.54941171010705,361.8258027529474,351.2707014742336,352.918701171875,1802600,0.0,0.0
2025-01-03 00:00:00-05:00,354.7040359545651,357.5390144388998,352.64402144091645,356.8621520996094,1390800,0.0,0.0
2025-01-06 00:00:00-05:00,360.01100928716403,363.77787838052376,355.67516870083847,357.26434326171875,1590700,0.0,0.0
2025-01-07 00:00:00-05:00,357.19567429084464,359.11834053645174,354.21355832266795,356.0871887207031,1607400,0.0,0.0
2025-01-08 00:00:00-05:00,355.54772511711496,355.9695292626304,350.8881813526589,354.1940002441406,1828800,0.0,0.0
2025-01-10 00:00:00-05:00,351.0156235402938,352.99717467332636,343.13854466397265,344.3157043457031,2773900,0.0,0.0
2025-01-13 00:00:00-05:00,346.2384070811652,356.28342226551524,345.10049391848264,355.59674072265625,2746000,0.0,0.0
2025-01-14 00:00:00-05:00,358.52978619396146,364.91582267034596,358.22569206998287,364.4940185546875,2331700,0.0,0.0
2025-01-15 00:00:00-05:00,371.91988940932833,372.70464269306086,367.201460752294,367.7508239746094,1984500,0.0,0.0
2025-01-16 00:00:00-05:00,369.14373259750283,374.1564358044468,367.584015378207,373.302978515625,1974700,0.0,0.0
2025-01-17 00:00:00-05:00,377.3739225672765,379.48297274785034,374.7253284284269,378.66876220703125,2605900,0.0,0.0
2025-01-21 00:00:00-05:00,384.96009709303127,396.36120388381227,384.76317453896854,392.2063903808594,3144500,1.41,0.0
2025-01-22 00:00:00-05:00,392.52146566718096,394.29367856590596,389.0066052952322,391.4679870605469,1994800,0.0,0.0
2025-01-23 00:00:00-05:00,391.23171296283294,403.2629485083695,391.13325168073834,400.1222229003906,2587400,0.0,0.0
2025-01-24 00:00:00-05:00,399.4625773169836,403.0758688958747,399.01951658404,401.3332214355469,1938200,0.0,0.0
2025-01-27 00:00:00-05:00,391.0544539314068,393.3681585762797,383.89676726670234,388.87860107421875,2964400,0.0,0.0
2025-01-28 00:00:00-05:00,387.9531504692033,390.74927650390276,380.50993453479504,384.2610778808594,1788900,0.0,0.0
2025-01-29 00:00:00-05:00,385.88555834892406,393.1909220025184,385.0782179851304,387.1556396484375,2675800,0.0,0.0
2025-01-30 00:00:00-05:00,367.73044270344815,374.9275207178599,367.39569838256443,369.1875915527344,4234600,0.0,0.0
2025-01-31 00:00:00-05:00,371.6292361472078,372.1609029929804,365.5447079601476,365.7022399902344,2858000,0.0,0.0
2025-02-03 00:00:00-05:00,358.51504486208324,362.85689595273755,354.1337732032107,355.96502685546875,3079300,0.0,0.0
2025-02-04 00:00:00-05:00,363.9497489863361,363.9497489863361,353.8580839694201,356.3588562011719,2709800,0.0,0.0
2025-02-05 00:00:00-05:00,357.2646231005538,357.39261975523516,351.68222627898865,353.3067321777344,2134200,0.0,0.0
2025-02-06 00:00:00-05:00,358.2787044129063,361.8624904919387,356.92001694439756,359.8047790527344,3007000,0.0,0.0
2025-02-07 00:00:00-05:00,363.5460762754935,363.82174982342934,356.97909669429464,358.259033203125,1804800,0.0,0.0
2025-02-10 00:00:00-05:00,359.68664482090765,360.58259143363966,355.96503660826374,357.6092529296875,1944400,0.0,0.0
2025-02-11 00:00:00-05:00,356.15210072501833,358.79072491939695,355.4038610694471,356.6345520019531,1516900,0.0,0.0
2025-02-12 00:00:00-05:00,351.4853015179816,353.3854809509633,346.01119110251506,346.6019287109375,2833100,0.0,0.0
2025-02-13 00:00:00-05:00,347.12374826309616,352.0661919380141,345.00696599408104,348.2362976074219,3547200,0.0,0.0
2025-02-14 00:00:00-05:00,351.0914836138117,353.3362624706821,347.3501654882526,347.8621520996094,2045300,0.0,0.0
2025-02-18 00:00:00-05:00,349.9789403616924,351.41637885335325,345.6862750774155,348.5316467285156,3120200,0.0,0.0
2025-02-19 00:00:00-05:00,346.4345393110035,348.3839643924199,344.18976045035555,347.5470886230469,2211000,0.0,0.0
2025-02-20 00:00:00-05:00,349.51620045088924,351.3376289131758,342.08283975553985,343.7565612792969,2174100,0.0,0.0
2025-02-21 00:00:00-05:00,345.1152716528832,346.5625653863147,332.38501190247126,334.7873229980469,3225200,0.0,0.0
2025-02-24 00:00:00-05:00,338.0855524232136,340.1137284996224,331.03615177032975,333.6846008300781,2513300,0.0,0.0
2025-02-25 00:00:00-05:00,335.73249482192375,338.9126110880298,331.1838658284972,337.07147216796875,3323500,0.0,0.0
2025-02-26 00:00:00-05:00,340.1137161736142,343.39226319309654,334.866033858845,337.28802490234375,2397800,0.0,0.0
2025-02-27 00:00:00-05:00,338.34150537831215,341.5610117087935,333.2316748235895,334.7478942871094,1971000,0.0,0.0
2025-02-28 00:00:00-05:00,336.6973318995042,339.57220886148275,333.50736082682283,338.63690185546875,3210300,0.0,0.0
2025-03-03 00:00:00-05:00,342.26006174154617,342.77201833166924,324.93192811950314,326.910888671875,2569700,0.0,0.0
2025-03-04 00:00:00-05:00,322.3327037964555,326.7927260616226,313.7572286537953,321.70257568359375,3500200,0.0,0.0
2025-03-05 00:00:00-05:00,324.0359765695788,334.2654934422316,323.5732356033692,333.26123046875,3189100,0.0,0.0
2025-03-06 00:00:00-05:00,330.0910169225963,336.62846214437633,327.3834966366094,335.74237060546875,2234100,0.0,0.0
2025-03-07 00:00:00-05:00,334.15717567534114,346.68068704521295,334.15717567534114,344.8887939453125,3063800,0.0,0.0
2025-03-10 00:00:00-04:00,339.6706632457086,346.9662019661777,336.56932841661074,339.8774108886719,2809100,0.0,0.0
2025-03-11 00:00:00-04:00,338.60737152356427,339.8183520925572,331.17398074874615,334.5214538574219,3190900,0.0,0.0
2025-03-12 00:00:00-04:00,337.7311323529218,339.58209635070847,330.26823564598305,332.9068298339844,1816700,0.0,0.0
2025-03-13 00:00:00-04:00,330.8392086363301,335.3878368362722,326.54657372689655,328.1612243652344,2490300,0.0,0.0
2025-03-14 00:00:00-04:00,332.5031392468886,336.70716846181153,331.7450444840493,334.39349365234375,1936100,0.0,0.0
2025-03-17 00:00:00-04:00,334.4919107035712,339.04053918008094,333.76335135079285,337.3471374511719,1683800,0.0,0.0
2025-03-18 00:00:00-04:00,336.7170201733604,336.7170201733604,330.1697507903334,331.50872802734375,3310000,0.0,0.0
2025-03-19 00:00:00-04:00,331.7253551362737,336.7170448544057,331.46939184935616,333.3892517089844,2407200,0.0,0.0
2025-03-20 00:00:00-04:00,329.40180583408994,334.53131701594504,328.4566136037328,331.05584716796875,2782900,0.0,0.0
2025-03-21 00:00:00-04:00,326.09366591421883,330.76046577953485,324.12456066783653,330.59307861328125,6766100,0.0,0.0
2025-03-24 00:00:00-04:00,335.28942656154965,337.84926971748087,334.0489105295423,336.39215087890625,2277200,0.0,0.0
2025-03-25 00:00:00-04:00,338.2726158269496,339.48362650889334,335.5650958028505,337.32745361328125,1678000,0.0,0.0
2025-03-26 00:00:00-04:00,338.0560028668717,341.90560755465776,333.55661983344856,335.84075927734375,1703200,0.0,0.0
2025-03-27 00:00:00-04:00,335.8112184073048,336.717020102747,331.4299769629058,334.0587158203125,1481100,0.0,0.0
2025-03-28 00:00:00-04:00,331.7942766836967,333.02496762095075,322.9825175544914,324.5971984863281,1965200,0.0,0.0
2025-03-31 00:00:00-04:00,320.5999068392945,326.8518226169843,317.0259756603336,324.7054748535156,2837500,0.0,0.0
2025-04-01 00:00:00-04:00,321.9585873287523,327.07824332971575,318.88678771894143,325.4635925292969,1955300,0.0,0.0
2025-04-02 00:00:00-04:00,321.09215422569986,331.1542833123014,321.06261884862823,329.4903869628906,1747600,0.0,0.0
2025-04-03 00:00:00-04:00,314.7319979008407,319.684297143024,300.2885955127504,301.036865234375,4638700,0.0,0.0
2025-04-04 00:00:00-04:00,280.59753458890305,289.7440380766747,277.15159995360074,283.62994384765625,7216800,0.0,0.0
2025-04-07 00:00:00-04:00,271.7365742160352,289.8031241994144,263.17095279293244,275.7338562011719,7824700,0.0,0.0
2025-04-08 00:00:00-04:00,285.4120018969625,287.2727909103276,264.12594689101314,269.7083740234375,4989000,0.0,0.0
2025-04-09 00:00:00-04:00,266.5775091463791,297.19707528315416,264.9726833749045,296.3602294921875,6457300,0.0,0.0
2025-04-10 00:00:00-04:00,292.0970934522842,293.6625286699032,275.4778387487216,284.6932678222656,4116800,0.0,0.0
2025-04-11 00:00:00-04:00,284.48650518541905,290.8467070021474,279.7508092602211,288.9169921875,3197900,0.0,0.0
2025-04-14 00:00:00-04:00,294.05635352877937,297.8074967258339,291.1420560482425,293.51483154296875,2758400,0.0,0.0
2025-04-15 00:00:00-04:00,292.2447508438483,297.0690828817027,287.8733647058884,288.89727783203125,3611300,0.0,0.0
2025-04-16 00:00:00-04:00,288.188388970435,291.16175711220467,283.1671645994962,285.6581115722656,3017200,0.0,0.0
2025-04-17 00:00:00-04:00,287.65676404773467,293.10133905862614,287.39091559984706,289.7046203613281,2717600,0.0,0.0
2025-04-21 00:00:00-04:00,286.23216651724283,287.8842993196404,279.4357275803326,281.6913146972656,2978300,1.41,0.0
2025-04-22 00:00:00-04:00,284.42177121009314,290.0904316406488,283.9271246514669,288.052490234375,2231200,0.0,0.0
2025-04-23 00:00:00-04:00,298.11361137560755,302.0905591990628,292.0195615975646,292.6032409667969,2458300,0.0,0.0
2025-04-24 00:00:00-04:00,294.245465884091,304.91004525118194,293.8893348277405,303.5744934082031,2874400,0.0,0.0
2025-04-25 00:00:00-04:00,301.83336292980124,304.69240459345525,300.65610160040467,303.1689147949219,2162400,0.0,0.0
2025-04-28 00:00:00-04:00,303.1689454777274,308.0956068158599,300.59677684584636,303.77239990234375,2189600,0.0,0.0
2025-04-29 00:00:00-04:00,301.73446668644914,305.36518650398864,299.6668472425473,304.1087646484375,2651000,0.0,0.0
2025-04-30 00:00:00-04:00,311.8351450861934,312.6661478684619,298.94465408031414,305.958740234375,5124800,0.0,0.0
2025-05-01 00:00:00-04:00,308.04614735548125,315.4757495734319,307.68998607429256,310.5985107421875,2961000,0.0,0.0
2025-05-02 00:00:00-04:00,315.0701700205907,321.1938985258797,315.0701700205907,320.2144775390625,3765200,0.0,0.0
2025-05-05 00:00:00-04:00,315.9604985313184,322.9745843953571,315.9604985313184,319.6505432128906,1829100,0.0,0.0
2025-05-06 00:00:00-04:00,318.1072527217754,320.6299687844505,316.4254722041614,317.454345703125,1724200,0.0,0.0
2025-05-07 00:00:00-04:00,319.284467924679,319.34382309959386,314.70403571848135,316.8607177734375,1555500,0.0,0.0
2025-05-08 00:00:00-04:00,321.4015798594461,325.3488500689946,319.44276845344876,320.7783203125,2553400,0.0,0.0
2025-05-09 00:00:00-04:00,322.1633445824003,324.23096387611923,319.8484019732964,322.1336669921875,1646200,0.0,0.0
2025-05-12 00:00:00-04:00,339.43638704971806,347.24192515812035,336.09260127886597,338.88238525390625,4592000,0.0,0.0
2025-05-13 00:00:00-04:00,345.19407765407607,351.5255482540867,344.34329997242094,348.76544189453125,4132500,0.0,0.0
2025-05-14 00:00:00-04:00,347.9542013177954,348.6565910278965,345.04567692958483,345.916259765625,2052200,0.0,0.0
2025-05-15 00:00:00-04:00,345.6986330788506,347.5782842014577,344.76869501562214,346.0646667480469,1580400,0.0,0.0
2025-05-16 00:00:00-04:00,347.77614458852395,350.42744315384664,344.5114588707762,349.7942810058594,2561700,0.0,0.0
2025-05-19 00:00:00-04:00,345.95586864328686,349.1809441741663,344.80828482702765,348.7951354980469,2277700,0.0,0.0
2025-05-20 00:00:00-04:00,347.0836599116447,348.6863102370965,343.7695212978284,345.74810791015625,2266000,0.0,0.0
2025-05-21 00:00:00-04:00,342.92862035037615,344.6895610952833,337.99202659410554,338.84283447265625,2093400,0.0,0.0
2025-05-22 00:00:00-04:00,338.33829273075344,343.65079267204493,336.9433856202792,341.494140625,2174100,0.0,0.0
2025-05-23 00:00:00-04:00,334.0151008863819,341.2468324762931,332.63996871116973,339.71343994140625,1936600,0.0,0.0
2025-05-27 00:00:00-04:00,346.2031953771393,349.5568838967642,342.9088318482066,347.7464904785156,2240100,0.0,0.0
2025-05-28 00:00:00-04:00,348.715987828648,349.0226663382919,345.1248482967393,345.74810791015625,1924400,0.0,0.0
2025-05-29 00:00:00-04:00,348.4290818579979,349.30953711874685,345.00610560201625,348.0234680175781,2290300,0.0,0.0
2025-05-30 00:00:00-04:00,348.06304386921414,349.45795102673617,343.3045455741754,344.3037414550781,4867100,0.0,0.0
2025-06-02 00:00:00-04:00,342.760452198753,342.760452198753,335.86507666316015,340.979736328125,2552700,0.0,0.0
2025-06-03 00:00:00-04:00,342.2954363642541,347.0836116777792,341.2270130260426,345.6590270996094,2614300,0.0,0.0
2025-06-04 00:00:00-04:00,346.54942893557785,347.96414129153777,345.5898132324219,345.5898132324219,1616300,0.0,0.0
2025-06-05 00:00:00-04:00,347.24195220854097,347.7465014582875,342.14709769436064,345.2237854003906,1753300,0.0,0.0
2025-06-06 00:00:00-04:00,349.7844181814137,353.61297819043347,348.4884464520254,349.5667724609375,1608000,0.0,0.0
2025-06-09 00:00:00-04:00,351.4167750836939,356.60066243042587,350.14057824475185,354.23626708984375,2147100,0.0,0.0
2025-06-10 00:00:00-04:00,355.5915763127079,356.50170921661737,352.277437811386,354.73089599609375,1894300,0.0,0.0
2025-06-11 00:00:00-04:00,357.07549597240563,360.3896342857881,353.9196481965603,359.251953125,2551700,0.0,0.0
2025-06-12 00:00:00-04:00,355.9971748851093,358.1241492916305,354.0383634208363,357.09527587890625,1571800,0.0,0.0
2025-06-13 00:00:00-04:00,353.40523806376507,356.52150575866784,351.8916206010503,353.2271423339844,1609600,0.0,0.0
2025-06-16 00:00:00-04:00,357.1348635457411,360.7061976895981,356.3434410214193,358.5594482421875,1579800,0.0,0.0
2025-06-17 00:00:00-04:00,356.85786276901604,358.5099957824339,353.20736825693876,353.85040283203125,1560100,0.0,0.0
2025-06-18 00:00:00-04:00,353.30629684797265,360.3302848347962,353.13810371453104,355.94769287109375,2000500,0.0,0.0
2025-06-20 00:00:00-04:00,359.0639785625257,360.3500476445672,355.29477389055603,356.65997314453125,6268300,0.0,0.0
2025-06-23 00:00:00-04:00,356.0664305780659,363.16954868282056,353.89987600155763,362.3088684082031,2927400,0.0,0.0
2025-06-24 00:00:00-04:00,365.92969108314776,370.1044795732944,363.980782192459,369.0261535644531,3841800,0.0,0.0
2025-06-25 00:00:00-04:00,369.0063721605564,370.1836335111342,365.5537484735256,367.6015625,1737700,0.0,0.0
2025-06-26 00:00:00-04:00,369.99568496091086,378.2364846601638,369.04597187005993,377.79132080078125,2575100,0.0,0.0
2025-06-27 00:00:00-04:00,378.91906500180426,383.34120674815915,378.6519667104468,380.5909729003906,4455000,0.0,0.0
2025-06-30 00:00:00-04:00,382.17384630885715,384.98343531979157,380.6899065374658,384.0534973144531,2791400,0.0,0.0
2025-07-01 00:00:00-04:00,382.4508709415988,389.6727297253374,380.13592837737315,386.7345275878906,2393600,0.0,0.0
2025-07-02 00:00:00-04:00,388.4954922301423,394.3718968662231,385.2506114033869,394.16412353515625,2713700,0.0,0.0
2025-07-03 00:00:00-04:00,394.6488984051406,398.1114249716805,393.33312140298744,393.6002197265625,1737800,0.0,0.0
2025-07-07 00:00:00-04:00,393.79806544504976,393.79806544504976,383.9348106159338,387.3182067871094,3012900,0.0,0.0
2025-07-08 00:00:00-04:00,388.22834975080076,391.71068137481814,387.32808925440236,390.0684509277344,2003600,0.0,0.0
2025-07-09 00:00:00-04:00,395.44027906647665,399.43703204745333,392.63069000169736,397.8739318847656,3101000,0.0,0.0
2025-07-10 00:00:00-04:00,400.3274100457096,407.5888188755932,399.12047107344466,403.9580993652344,3382800,0.0,0.0
2025-07-11 00:00:00-04:00,401.1089445573215,402.5236266035374,397.39909501532196,401.57391357421875,2072600,0.0,0.0
2025-07-14 00:00:00-04:00,399.6744380435687,402.4345744230945,397.92340001291876,401.42547607421875,2497500,0.0,0.0
2025-07-15 00:00:00-04:00,401.9102673499664,404.37359777073266,398.70493683420096,400.3076171875,2167000,0.0,0.0
2025-07-16 00:00:00-04:00,400.66380572998423,408.6474102899603,399.00180015201624,408.4594421386719,3242100,0.0,0.0
2025-07-17 00:00:00-04:00,410.4181884422973,415.40423493937664,408.4594071044277,413.5938415527344,2444700,0.0,0.0
2025-07-18 00:00:00-04:00,414.2170498419005,415.4041834955384,407.7470642521249,409.28045654296875,2526600,0.0,0.0
2025-07-21 00:00:00-04:00,414.2649717825061,414.47347593848616,406.9372370008847,407.1656188964844,1833300,1.51,0.0
2025-07-22 00:00:00-04:00,407.47337408714793,415.5557045110297,407.47337408714793,414.2351379394531,2185000,0.0,0.0
2025-07-23 00:00:00-04:00,417.0252844335513,425.1274935958608,416.4791920149852,424.5615234375,3254900,0.0,0.0
2025-07-24 00:00:00-04:00,424.0153982908385,427.1132953164297,421.49337994762305,426.4778137207031,2511400,0.0,0.0
2025-07-25 00:00:00-04:00,426.64661484137395,431.78991891516733,425.5841861133617,430.6778564453125,2218400,0.0,0.0
2025-07-28 00:00:00-04:00,428.1955940149908,433.30911214989794,428.06650991523253,429.8736267089844,2550300,0.0,0.0
2025-07-29 00:00:00-04:00,431.472217379285,432.12754645894995,421.7912733276831,427.00408935546875,2383700,0.0,0.0
2025-07-30 00:00:00-04:00,426.95441287333983,433.7360242847223,423.4096910569088,431.04522705078125,3172600,0.0,0.0
2025-07-31 00:00:00-04:00,431.05517019683543,438.02543837695134,430.6083453141718,434.9176025390625,4116400,0.0,0.0
2025-08-01 00:00:00-04:00,423.945898083872,427.80833059944524,418.3061351282559,425.6537170410156,4027300,0.0,0.0
2025-08-04 00:00:00-04:00,427.8083231332557,433.79564339887656,426.94448995108075,430.62823486328125,4059500,0.0,0.0
2025-08-05 00:00:00-04:00,424.6210673308223,436.62543357024634,423.54873000458963,431.15447998046875,4329900,0.0,0.0
2025-08-06 00:00:00-04:00,430.2708034864133,431.63109541613653,422.5260602288627,424.69061279296875,2630800,0.0,0.0
2025-08-07 00:00:00-04:00,423.8168065511041,424.30332632000045,407.05635808006286,414.1656494140625,4261100,0.0,0.0
2025-08-08 00:00:00-04:00,417.5415850952143,418.9118158601303,412.81531920494956,413.5699157714844,2965200,0.0,0.0
2025-08-11 00:00:00-04:00,414.0266785338209,415.3273978100017,403.9187571009107,405.6464538574219,3416000,0.0,0.0
2025-08-12 00:00:00-04:00,408.0890156311732,415.22809353555084,406.73866263021955,409.7868957519531,2765100,0.0,0.0
2025-08-13 00:00:00-04:00,412.2393956660485,412.5968616493398,407.63227516951906,410.7698974609375,4403000,0.0,0.0
2025-08-14 00:00:00-04:00,406.4010348479905,416.2706351388714,404.1173372005988,414.54296875,3676000,0.0,0.0
2025-08-15 00:00:00-04:00,412.77559102061275,413.6096379363489,404.21664853854804,404.9017639160156,3107400,0.0,0.0
2025-08-18 00:00:00-04:00,404.1173391370768,410.21386587415105,402.5882380181033,409.7174072265625,3185200,0.0,0.0
2025-08-19 00:00:00-04:00,416.3401391658903,418.8919438289143,411.12732348453875,413.1429443359375,3543600,0.0,0.0
2025-08-20 00:00:00-04:00,411.8620843272812,418.93168096348427,409.13156174957726,417.611083984375,4060200,0.0,0.0
2025-08-21 00:00:00-04:00,416.9557663488554,417.6011565518838,411.226644273792,414.93023681640625,2504300,0.0,0.0
2025-08-22 00:00:00-04:00,418.6238445604498,434.7389031036899,417.07489601043176,432.58428955078125,3785100,0.0,0.0
2025-08-25 00:00:00-04:00,431.9190174426706,433.80555421719157,429.1090748687191,429.2381286621094,1857900,0.0,0.0
2025-08-26 00:00:00-04:00,428.3444980301422,429.1289111465116,424.2139586104375,428.20550537109375,2792200,0.0,0.0
2025-08-27 00:00:00-04:00,426.6863808890154,431.9786169967222,425.9119065732185,429.6055603027344,1970900,0.0,0.0
2025-08-28 00:00:00-04:00,431.8296813964844,432.89211021628284,429.56583108686243,431.8296813964844,1651700,0.0,0.0
2025-08-29 00:00:00-04:00,422.39693002220184,425.0678798428946,411.43511512210426,416.0720520019531,3673800,0.0,0.0
2025-09-02 00:00:00-04:00,410.9784136479329,414.2550287000276,407.61240937132345,413.1032409667969,2329500,0.0,0.0
2025-09-03 00:00:00-04:00,415.1685002298647,415.1685002298647,408.4563698322379,412.1798095703125,1496700,0.0,0.0
2025-09-04 00:00:00-04:00,412.8649444039695,417.80968351816506,411.355721000711,417.24371337890625,1634600,0.0,0.0
2025-09-05 00:00:00-04:00,417.8593100183675,421.8905518044931,414.9500696217446,420.08343505859375,1843200,0.0,0.0
2025-09-08 00:00:00-04:00,419.65646888802195,420.90755431720123,413.8280494893642,419.7855529785156,1876700,0.0,0.0
2025-09-09 00:00:00-04:00,420.1628820885599,420.5501040730873,413.49047671920977,415.1287841796875,1710700,0.0,0.0
2025-09-10 00:00:00-04:00,416.84653163477435,423.47921166351506,416.52879083902593,419.9146423339844,2221000,0.0,0.0
2025-09-11 00:00:00-04:00,420.9174918327981,432.7034146827129,420.3217354255125,428.32464599609375,2737900,0.0,0.0
2025-09-12 00:00:00-04:00,426.02105519754707,429.54589916833095,424.72033607809084,428.463623046875,2341800,0.0,0.0
2025-09-15 00:00:00-04:00,430.7572847661579,435.64245105419843,427.5600899532015,432.85235595703125,2255800,0.0,0.0
2025-09-16 00:00:00-04:00,433.04100583542566,437.67791243209905,431.2041028594808,437.5488586425781,2366300,0.0,0.0
2025-09-17 00:00:00-04:00,441.84816350422454,449.1361722728194,439.86232906150894,447.46807861328125,4512200,0.0,0.0
2025-09-18 00:00:00-04:00,447.76597229702736,464.3973368927541,445.6907787985681,463.65264892578125,4331900,0.0,0.0
2025-09-19 00:00:00-04:00,466.92931039494016,468.7761220725536,459.4327664192578,463.23565673828125,5069300,0.0,0.0
2025-09-22 00:00:00-04:00,464.0001436181062,469.8881354599067,456.35466890412755,468.7562255859375,3180000,0.0,0.0
2025-09-23 00:00:00-04:00,469.9080759158328,481.9025042007699,464.8739776665793,467.9222412109375,3856600,0.0,0.0
2025-09-24 00:00:00-04:00,469.3520088785465,473.14492984695335,465.31082828950133,466.4626159667969,2776700,0.0,0.0
2025-09-25 00:00:00-04:00,461.41855575015927,464.68526190909125,456.32488553100404,460.4355773925781,2979200,0.0,0.0
2025-09-26 00:00:00-04:00,462.18316600249256,465.13213166120516,459.10511624367706,462.461181640625,2329000,0.0,0.0
2025-09-29 00:00:00-04:00,464.76471749068804,469.1434864296517,464.14911361154043,468.26971435546875,2892100,0.0,0.0
2025-09-30 00:00:00-04:00,468.2796459114551,474.0584317924693,466.9094152075619,473.7704772949219,2315300,0.0,0.0
2025-10-01 00:00:00-04:00,470.65272555141894,480.50244791571475,467.80305783049585,477.41448974609375,2964700,0.0,0.0
2025-10-02 00:00:00-04:00,483.4116836079354,492.46711449011406,480.7606114873317,487.0954284667969,2648600,0.0,0.0
2025-10-03 00:00:00-04:00,489.7564574238261,500.9069295931007,489.0415557569383,494.3238830566406,2996500,0.0,0.0
2025-10-06 00:00:00-04:00,496.875679997982,502.0090453813247,489.54794560259205,491.8713684082031,2629200,0.0,0.0
2025-10-07 00:00:00-04:00,494.40328933719013,494.8501142295862,480.1251341360099,483.26275634765625,2135400,0.0,0.0
2025-10-08 00:00:00-04:00,487.51245476817644,505.8715162252059,485.8741472856886,498.5636291503906,3959400,0.0,0.0
2025-10-09 00:00:00-04:00,500.48987657535594,502.9423834437411,493.6189060373594,496.8160705566406,3113900,0.0,0.0
2025-10-10 00:00:00-04:00,499.55654108113106,507.87719280264673,487.82025146484375,487.82025146484375,3889100,0.0,0.0
2025-10-13 00:00:00-04:00,498.59340666292456,502.7934576706514,491.94087906016154,501.1849365234375,2618400,0.0,0.0
2025-10-14 00:00:00-04:00,497.0345388393733,527.7951283293116,495.47568167566504,523.7340698242188,5459800,0.0,0.0
2025-10-15 00:00:00-04:00,530.4164789386709,534.6363778229407,523.4759961172366,530.2675170898438,3447100,0.0,0.0
2025-10-16 00:00:00-04:00,534.2490557586478,541.1299650629068,530.9128683267998,537.1285400390625,3463100,0.0,0.0
2025-10-17 00:00:00-04:00,533.5739609992166,538.3697690436262,523.2376568551791,523.346923828125,2814700,0.0,0.0
2025-10-20 00:00:00-04:00,527.319962918215,531.9403503410458,524.7110503598445,528.93310546875,2170800,1.51,0.0
2025-10-21 00:00:00-04:00,522.8489314563171,531.123777254608,519.8317193549713,522.4307250976562,2259100,0.0,0.0
2025-10-22 00:00:00-04:00,523.5061851866695,523.5758963855709,508.05184447084775,511.7361755371094,4149000,0.0,0.0
2025-10-23 00:00:00-04:00,516.1374749519597,520.6781836666389,510.83997132200443,518.2982788085938,2619400,0.0,0.0
2025-10-24 00:00:00-04:00,520.6483148322071,524.9998250975391,518.8161319715309,520.5188598632812,2392000,0.0,0.0
2025-10-27 00:00:00-04:00,524.8205802875564,527.2303267340226,519.2243576010392,524.8405151367188,2493800,0.0,0.0
2025-10-28 00:00:00-04:00,523.7352132024248,528.0468535604762,519.4633209878451,522.25146484375,2775400,0.0,0.0
2025-10-29 00:00:00-04:00,555.8188904711803,593.6880526871995,555.639659164687,583.0133666992188,6948500,0.0,0.0
2025-10-30 00:00:00-04:00,575.4455287512561,591.2583609074264,573.334501254264,580.6832885742188,2574800,0.0,0.0
2025-10-31 00:00:00-04:00,581.5595583407443,584.5667422886486,568.9331417766034,574.8181762695312,2974800,0.0,0.0
2025-11-03 00:00:00-05:00,573.4938306037104,573.7825820349732,562.9984362845208,568.1764526367188,2439400,0.0,0.0
2025-11-04 00:00:00-05:00,562.6100286338449,564.1036835771206,542.8937955380007,545.2637329101562,3440700,0.0,0.0
2025-11-05 00:00:00-05:00,549.6053291061492,571.581981613937,548.0319953944853,566.7425537109375,2701300,0.0,0.0
2025-11-06 00:00:00-05:00,570.7753895089952,581.5197261806529,561.8433007959958,567.369873046875,2245800,0.0,0.0
2025-11-07 00:00:00-05:00,561.1661872814028,563.1876296117598,548.0021366805005,560.7180786132812,2320100,0.0,0.0
2025-11-10 00:00:00-05:00,567.588922511597,571.7512339834444,559.1348446006095,568.435302734375,1829900,0.0,0.0
2025-11-11 00:00:00-05:00,566.3142853462349,568.0370087749421,557.8901100417276,565.5276489257812,1517400,0.0,0.0
2025-11-12 00:00:00-05:00,568.08677058613,578.8112326626548,568.08677058613,570.5961303710938,2645100,0.0,0.0
2025-11-13 00:00:00-05:00,570.347164802721,574.3800208818428,542.3261842608654,551.2084350585938,3458700,0.0,0.0
2025-11-14 00:00:00-05:00,546.6379013909452,555.9483262448119,538.711550596724,551.6864624023438,2764500,0.0,0.0
2025-11-17 00:00:00-05:00,550.2525373792113,559.2144668309496,545.2537528363878,549.7147827148438,1941100,0.0,0.0
2025-11-18 00:00:00-05:00,541.0516140949732,549.2368752337318,535.7740451634994,544.5667114257812,1918600,0.0,0.0
2025-11-19 00:00:00-05:00,547.6734946239051,558.537318475393,545.3234920334479,550.7703247070312,1880900,0.0,0.0
2025-11-20 00:00:00-05:00,563.5559910704209,566.4636221815583,538.7115197332438,543.81982421875,3195000,0.0,0.0
2025-11-21 00:00:00-05:00,543.5111993666397,552.6423934284032,534.8081791200474,548.1016845703125,2921600,0.0,0.0
2025-11-24 00:00:00-05:00,549.7944766419045,563.3468913038362,548.3406306106376,557.2328491210938,4653500,0.0,0.0
2025-11-25 00:00:00-05:00,562.2018426511921,564.741044138561,545.2338819999173,564.2132568359375,3105100,0.0,0.0
2025-11-26 00:00:00-05:00,564.2132230737277,572.4482603925884,563.625752810959,571.3031005859375,1995100,0.0,0.0
2025-11-28 00:00:00-05:00,571.3628254936019,574.9177315566375,569.9787514347978,573.3245239257812,1019500,0.0,0.0
2025-12-01 00:00:00-05:00,567.9971396843886,573.1552817747241,564.601590721917,565.6571044921875,1764500,0.0,0.0
2025-12-02 00:00:00-05:00,568.9132722735536,583.0830594555778,566.6528549997921,580.006103515625,2749500,0.0,0.0
2025-12-03 00:00:00-05:00,578.9406910055246,590.7305735401902,559.8318626475932,588.9879760742188,2545700,0.0,0.0
2025-12-04 00:00:00-05:00,587.6835724911125,600.170507286474,584.5170309624414,596.6156616210938,2313600,0.0,0.0
2025-12-05 00:00:00-05:00,601.4450974501275,604.4324075368003,595.2115673449534,600.6185913085938,2177300,0.0,0.0
2025-12-08 00:00:00-05:00,602.1022631211982,602.2914618527999,589.4261304348183,593.976806640625,1822500,0.0,0.0
2025-12-09 00:00:00-05:00,590.5413689647821,597.4520149924787,589.7248302955759,591.8458251953125,1755300,0.0,0.0
2025-12-10 00:00:00-05:00,597.5914199385314,614.6190616297847,596.157508791491,612.7470092773438,2797900,0.0,0.0
2025-12-11 00:00:00-05:00,607.8678369219276,624.1586202929926,601.7040179042241,622.9636840820312,2779500,0.0,0.0
2025-12-12 00:00:00-05:00,623.3520430632218,624.8456981184851,593.2599017228006,595.3609619140625,4581100,0.0,0.0
2025-12-15 00:00:00-05:00,599.9813220624196,601.5944645862521,585.4032348025482,587.2653198242188,3968600,0.0,0.0
2025-12-16 00:00:00-05:00,588.2013751941017,596.127665820769,583.800088631783,586.4388427734375,2319400,0.0,0.0
2025-12-17 00:00:00-05:00,585.1045469159837,588.5000960242694,555.1019906270719,559.5132446289062,3753300,0.0,0.0
2025-12-18 00:00:00-05:00,566.0952121657389,572.2291282680936,559.5330615044821,563.4365234375,2193000,0.0,0.0
2025-12-19 00:00:00-05:00,570.2675560780841,579.2692955089734,567.9175533312607,573.7825927734375,5355600,0.0,0.0
2025-12-22 00:00:00-05:00,582.0176298652748,583.3121187816959,573.2548655345233,579.9464111328125,2387700,0.0,0.0
2025-12-23 00:00:00-05:00,578.0444984363945,586.2197922061376,578.0444984363945,579.9563598632812,1731000,0.0,0.0
2025-12-24 00:00:00-05:00,580.195326972621,584.6464505189552,578.5423754987806,581.2907104492188,947000,0.0,0.0
2025-12-26 00:00:00-05:00,580.74306913579,581.3604417007998,576.2023601670514,580.533935546875,954400,0.0,0.0
2025-12-29 00:00:00-05:00,577.6362565410699,581.4997882964747,572.2092977870332,576.1624755859375,2585700,0.0,0.0
2025-12-30 00:00:00-05:00,577.556544269184,578.5224119575116,573.0755794488327,574.9476318359375,1216700,0.0,0.0
2025-12-31 00:00:00-05:00,574.8580313230038,576.4911087733359,569.6302386185839,570.44677734375,1163900,0.0,0.0
2026-01-02 00:00:00-05:00,575.1468443867755,597.0736593484286,572.8764595216726,595.8787231445312,2761600,0.0,0.0
2026-01-05 00:00:00-05:00,605.3086959398505,619.1200215133827,603.6556836406288,613.493896484375,3444800,0.0,0.0
2026-01-06 00:00:00-05:00,613.3943097788975,624.1187719488267,606.3243672074964,620.454345703125,2706800,0.0,0.0
2026-01-07 00:00:00-05:00,620.3647364106434,622.3562764954288,593.259905029665,593.9967651367188,3312400,0.0,0.0
2026-01-08 00:00:00-05:00,593.99674203149,607.0014958482016,591.656646056704,605.5576171875,2075400,0.0,0.0
2026-01-09 00:00:00-05:00,607.3898419586903,616.5310647081172,605.6273702586875,615.0075073242188,1822000,0.0,0.0
2026-01-12 00:00:00-05:00,612.0500418817664,628.3109218788456,610.3671881862361,627.1060791015625,1856800,0.0,0.0
2026-01-13 00:00:00-05:00,630.5215932068347,641.863428400031,630.3224270460531,633.8375244140625,1959100,0.0,0.0
2026-01-14 00:00:00-05:00,631.4177408326162,637.0239308670776,620.4344291949926,636.048095703125,2105700,0.0,0.0
2026-01-15 00:00:00-05:00,642.211867870051,649.6004638111567,641.3156506127934,644.4423828125,2052800,0.0,0.0
2026-01-16 00:00:00-05:00,649.2120929802034,652.9064213052842,638.2984934296871,644.1536254882812,2554900,0.0,0.0
2026-01-20 00:00:00-05:00,640.7800454047223,642.8760305313668,623.9321165959363,627.8047485351562,2659000,1.51,0.0
2026-01-21 00:00:00-05:00,632.4659153407424,645.9702355620277,626.128005656419,644.1536865234375,2490700,0.0,0.0
2026-01-22 00:00:00-05:00,647.8765384804376,654.533907925249,639.6821782128686,647.1778564453125,1565700,0.0,0.0
2026-01-23 00:00:00-05:00,642.8960686125528,645.2715511220819,622.3851289393759,625.4293212890625,2267800,0.0,0.0
2026-01-26 00:00:00-05:00,626.8066755140387,637.7857733335521,618.0832929936029,634.7116088867188,2532900,0.0,0.0
2026-01-27 00:00:00-05:00,638.7838784489842,642.9060355381346,632.0267232406292,637.6959228515625,1827500,0.0,0.0
2026-01-28 00:00:00-05:00,636.7577097226922,646.0500774825832,627.7848021330749,642.0576782226562,2720700,0.0,0.0
2026-01-29 00:00:00-05:00,653.9250189697414,678.6978629395247,641.5086552096884,663.9758911132812,4441900,0.0,0.0
2026-01-30 00:00:00-05:00,654.4041891286149,676.5420364273238,649.0743091405816,656.1109008789062,3300100,0.0,0.0
2026-02-02 00:00:00-05:00,658.5662182249329,690.0662455181919,656.1807450791478,689.5971069335938,4450000,0.0,0.0
2026-02-03 00:00:00-05:00,693.0405617977318,708.680829509524,690.0862253810304,701.5543823242188,3524700,0.0,0.0
2026-02-04 00:00:00-05:00,705.656580247396,721.7858467057549,673.7173856675988,690.5054321289062,7146700,0.0,0.0
2026-02-05 00:00:00-05:00,680.2448999136648,685.1954967372362,663.806225831836,677.0210571289062,2792800,0.0,0.0
2026-02-06 00:00:00-05:00,691.2539680724791,726.0178002725005,689.2078757187766,724.820068359375,3359700,0.0,0.0
2026-02-09 00:00:00-05:00,723.123324785955,742.0872215022189,720.2388016648257,740.7098388671875,2496800,0.0,0.0
2026-02-10 00:00:00-05:00,741.3386333870208,750.5710566234125,736.2682692982056,740.9593505859375,4008700,0.0,0.0
2026-02-11 00:00:00-05:00,757.2383477300212,774.0662957102252,754.663233192813,773.52734375,3926300,0.0,0.0
2026-02-12 00:00:00-05:00,775.2141203737337,788.3091846105693,754.5734242387266,756.8490600585938,4893400,0.0,0.0
2026-02-13 00:00:00-05:00,763.5463514387212,782.510247748964,745.999739795348,772.7288818359375,3232800,0.0,0.0
2026-02-17 00:00:00-05:00,763.5463579388321,772.9484411321599,748.5748607243452,763.3068237304688,3450300,0.0,0.0
2026-02-18 00:00:00-05:00,763.6561226404459,771.2317269197716,748.9541320943854,750.5410766601562,2563700,0.0,0.0
2026-02-19 00:00:00-05:00,750.5710790332733,760.5520774246734,742.7360196636963,759.0848999023438,2908000,0.0,0.0
2026-02-20 00:00:00-05:00,753.5653424199725,770.5030666368694,750.6808194025572,758.2963256835938,2095100,0.0,0.0
2026-02-23 00:00:00-05:00,757.5078606846106,766.5206702635879,751.3496019329682,755.0325317382812,2289600,0.0,0.0
2026-02-24 00:00:00-05:00,753.5653615568204,772.4693745205891,750.2616536005371,766.7702026367188,2615300,0.0,0.0
2026-02-25 00:00:00-05:00,771.0320816140714,776.1223661347269,755.3020193022942,765.1532592773438,2606500,0.0,0.0
2026-02-26 00:00:00-05:00,769.1456645551114,769.1456645551114,727.0159114072754,751.499267578125,3350900,0.0,0.0
2026-02-27 00:00:00-05:00,743.803930375333,750.0620358397822,729.6508820143395,741.4185180664062,3441900,0.0,0.0
2026-03-02 00:00:00-05:00,732.0962057771593,754.2939353765836,723.6822318513574,750.8904418945312,2473100,0.0,0.0
2026-03-03 00:00:00-05:00,726.8861941225689,730.2796970464432,705.2573266044255,720.8077392578125,3332700,0.0,0.0
2026-03-04 00:00:00-05:00,735.689428725424,744.592462130189,729.4513048029638,730.5791015625,2823700,0.0,0.0
2026-03-05 00:00:00-05:00,718.6318748073958,726.6865477144968,692.2620944586389,704.7383422851562,3713200,0.0,0.0
2026-03-06 00:00:00-05:00,681.1731643019936,695.0068742964228,673.7872620837095,679.606201171875,3564400,0.0,0.0
2026-03-09 00:00:00-04:00,663.9559240037976,707.2834707164229,661.5904323360513,703.480712890625,3584400,0.0,0.0
2026-03-10 00:00:00-04:00,711.4256234981032,729.4013501993434,708.9303739321189,715.3181762695312,3089100,0.0,0.0
2026-03-11 00:00:00-04:00,712.1442265716278,719.0510603171668,702.2929861525735,706.2454833984375,1947500,0.0,0.0
2026-03-12 00:00:00-04:00,691.6831913122745,702.4327461172825,678.4683591358591,699.3585815429688,3231800,0.0,0.0
2026-03-13 00:00:00-04:00,703.0016340433469,705.5866783889378,685.8742075041827,692.6712646484375,2042200,0.0,0.0
2026-03-16 00:00:00-04:00,704.0296612307346,708.6508682450784,693.28010673519,698.4503173828125,2145500,0.0,0.0
2026-03-17 00:00:00-04:00,706.0158770978132,707.6527754302717,693.5895221014149,700.6660766601562,1824900,0.0,0.0
2026-03-18 00:00:00-04:00,699.9773921129927,710.4874126057266,691.3837671632582,692.302001953125,1796200,0.0,0.0
2026-03-19 00:00:00-04:00,675.2045033516707,692.1721994339167,667.7287458248552,687.3414306640625,2240200,0.0,0.0
2026-03-20 00:00:00-04:00,685.3252553634701,692.7411294028627,669.166017522727,679.586181640625,5131100,0.0,0.0
2026-03-23 00:00:00-04:00,697.6717565538422,710.647053886031,693.2401910282354,700.3666381835938,2981000,0.0,0.0
2026-03-24 00:00:00-04:00,692.4816144993522,719.7796800070197,691.7131190945474,715.2682495117188,2098300,0.0,0.0
2026-03-25 00:00:00-04:00,725.8680661572424,727.9640513308992,715.6375433960025,717.6736450195312,1591500,0.0,0.0
2026-03-26 00:00:00-04:00,708.720752494015,716.6057045872205,695.1066562134266,701.8538208007812,2428700,0.0,0.0
2026-03-27 00:00:00-04:00,693.1503268744318,707.0139474772166,691.014439637954,694.07861328125,2059800,0.0,0.0
2026-03-30 00:00:00-04:00,700.8756834993125,701.6541696664626,663.3071923525498,666.1617431640625,2610000,0.0,0.0
2026-03-31 00:00:00-04:00,678.7078873502261,707.5430061848704,670.7230886755175,707.1138305664062,3002200,0.0,0.0
2026-04-01 00:00:00-04:00,720.6280533561188,738.6038404452144,718.3723380680742,728.9322509765625,2435800,0.0,0.0
2026-04-02 00:00:00-04:00,704.2292904607782,734.0125546852682,704.109523357077,715.8571166992188,1764300,0.0,0.0
2026-04-06 00:00:00-04:00,715.3780576309246,721.1969966583447,702.9317820751278,719.8695068359375,1246500,0.0,0.0
2026-04-07 00:00:00-04:00,718.2226559053267,724.3509423277178,707.582878011192,723.0634155273438,1549100,0.0,0.0
2026-04-08 00:00:00-04:00,763.1670947842849,772.928540460653,751.6689651333924,770.1138916015625,3014000,0.0,0.0
2026-04-09 00:00:00-04:00,771.5311306280439,794.0083571878253,771.5211398831668,785.5744018554688,2801900,0.0,0.0
2026-04-10 00:00:00-04:00,789.1675835189072,796.3339330605637,784.7460085375411,789.1575927734375,1872000,0.0,0.0
2026-04-13 00:00:00-04:00,786.9218170439946,797.0225820153474,783.8377228167669,790.2255249023438,1820100,0.0,0.0
2026-04-14 00:00:00-04:00,794.4874583800558,796.4836580242269,780.553962932838,792.7407836914062,1866300,0.0,0.0
2026-04-15 00:00:00-04:00,785.6043037102696,788.4688451733938,755.2122144835043,768.7064819335938,2764700,0.0,0.0
2026-04-16 00:00:00-04:00,766.5406541503489,771.3415118001224,753.0164139074433,771.1917724609375,2005100,0.0,0.0
2026-04-17 00:00:00-04:00,779.0268691367888,800.2464802094331,774.5254293813317,793.1400146484375,2818800,0.0,0.0
2026-04-20 00:00:00-04:00,790.9000244140625,799.6300048828125,786.8300170898438,798.4000244140625,1454100,1.51,0.0
2026-04-21 00:00:00-04:00,804.8800048828125,820.2000122070312,797.7899780273438,800.4500122070312,2293500,0.0,0.0
2026-04-22 00:00:00-04:00,812.5,817.8499755859375,805.47998046875,808.8699951171875,1628400,0.0,0.0
2026-04-23 00:00:00-04:00,817.1099853515625,845.27001953125,815.4600219726562,835.239990234375,2601800,0.0,0.0
2026-04-24 00:00:00-04:00,839.260009765625,839.5,826.6500244140625,830.7899780273438,2176892,0.0,0.0
