Date,Open,High,Low,Close,Volume,Dividends,Stock Splits
2022-01-03 00:00:00-05:00,20.200000762939453,21.399999618530273,20.0,21.200000762939453,4360,0.0,0.0
2022-01-04 00:00:00-05:00,21.600000381469727,21.799999237060547,20.799999237060547,21.799999237060547,9090,0.0,0.0
2022-01-05 00:00:00-05:00,22.0,22.0,19.799999237060547,20.399999618530273,9150,0.0,0.0
2022-01-06 00:00:00-05:00,20.399999618530273,20.399999618530273,18.0,18.600000381469727,16540,0.0,0.0
2022-01-07 00:00:00-05:00,18.799999237060547,19.399999618530273,18.600000381469727,19.200000762939453,5915,0.0,0.0
2022-01-10 00:00:00-05:00,19.0,19.600000381469727,18.0,18.600000381469727,7395,0.0,0.0
2022-01-11 00:00:00-05:00,18.600000381469727,19.0,18.0,18.600000381469727,6300,0.0,0.0
2022-01-12 00:00:00-05:00,18.200000762939453,18.799999237060547,17.0,18.0,13080,0.0,0.0
2022-01-13 00:00:00-05:00,17.399999618530273,19.399999618530273,17.399999618530273,18.399999618530273,11825,0.0,0.0
2022-01-14 00:00:00-05:00,18.0,18.399999618530273,17.600000381469727,18.0,4580,0.0,0.0
2022-01-18 00:00:00-05:00,17.600000381469727,17.600000381469727,17.0,17.0,5960,0.0,0.0
2022-01-19 00:00:00-05:00,17.399999618530273,17.600000381469727,16.0,16.799999237060547,13385,0.0,0.0
2022-01-20 00:00:00-05:00,17.0,17.399999618530273,14.800000190734863,14.800000190734863,19855,0.0,0.0
2022-01-21 00:00:00-05:00,14.800000190734863,15.199999809265137,14.199999809265137,15.0,7775,0.0,0.0
2022-01-24 00:00:00-05:00,14.399999618530273,15.600000381469727,13.600000381469727,14.0,12065,0.0,0.0
2022-01-25 00:00:00-05:00,14.199999809265137,15.399999618530273,13.800000190734863,14.800000190734863,5050,0.0,0.0
2022-01-26 00:00:00-05:00,15.0,15.399999618530273,14.199999809265137,14.600000381469727,4810,0.0,0.0
2022-01-27 00:00:00-05:00,14.600000381469727,15.399999618530273,13.800000190734863,13.800000190734863,4360,0.0,0.0
2022-01-28 00:00:00-05:00,15.199999809265137,15.199999809265137,13.0,14.399999618530273,9305,0.0,0.0
2022-01-31 00:00:00-05:00,14.399999618530273,16.799999237060547,14.399999618530273,15.800000190734863,26225,0.0,0.0
2022-02-01 00:00:00-05:00,16.0,17.600000381469727,15.600000381469727,16.799999237060547,19795,0.0,0.0
2022-02-02 00:00:00-05:00,17.600000381469727,17.600000381469727,16.0,16.0,19175,0.0,0.0
2022-02-03 00:00:00-05:00,15.199999809265137,15.600000381469727,14.399999618530273,15.399999618530273,6450,0.0,0.0
2022-02-04 00:00:00-05:00,15.0,16.600000381469727,14.199999809265137,15.600000381469727,20785,0.0,0.0
2022-02-07 00:00:00-05:00,16.0,16.200000762939453,14.399999618530273,15.600000381469727,4900,0.0,0.0
2022-02-08 00:00:00-05:00,15.600000381469727,16.200000762939453,14.600000381469727,15.600000381469727,2925,0.0,0.0
2022-02-09 00:00:00-05:00,15.199999809265137,16.0,14.600000381469727,15.600000381469727,6865,0.0,0.0
2022-02-10 00:00:00-05:00,16.0,16.0,15.0,15.800000190734863,8280,0.0,0.0
2022-02-11 00:00:00-05:00,15.199999809265137,15.800000190734863,15.0,15.199999809265137,1760,0.0,0.0
2022-02-14 00:00:00-05:00,15.399999618530273,15.399999618530273,14.800000190734863,15.199999809265137,2455,0.0,0.0
2022-02-15 00:00:00-05:00,14.800000190734863,15.0,13.800000190734863,14.600000381469727,6815,0.0,0.0
2022-02-16 00:00:00-05:00,14.600000381469727,15.800000190734863,14.0,15.0,4175,0.0,0.0
2022-02-17 00:00:00-05:00,14.399999618530273,14.800000190734863,14.199999809265137,14.600000381469727,2060,0.0,0.0
2022-02-18 00:00:00-05:00,14.399999618530273,14.399999618530273,13.0,13.800000190734863,8605,0.0,0.0
2022-02-22 00:00:00-05:00,13.399999618530273,13.399999618530273,11.600000381469727,12.600000381469727,24840,0.0,0.0
2022-02-23 00:00:00-05:00,12.199999809265137,13.800000190734863,12.199999809265137,12.600000381469727,3945,0.0,0.0
2022-02-24 00:00:00-05:00,11.199999809265137,13.199999809265137,11.199999809265137,13.199999809265137,11405,0.0,0.0
2022-02-25 00:00:00-05:00,13.600000381469727,14.0,13.199999809265137,13.399999618530273,9945,0.0,0.0
2022-02-28 00:00:00-05:00,13.0,14.600000381469727,13.0,14.199999809265137,20670,0.0,0.0
2022-03-01 00:00:00-05:00,14.0,15.0,13.600000381469727,14.199999809265137,4250,0.0,0.0
2022-03-02 00:00:00-05:00,13.600000381469727,14.399999618530273,13.600000381469727,14.199999809265137,875,0.0,0.0
2022-03-03 00:00:00-05:00,14.199999809265137,14.199999809265137,13.0,14.0,1320,0.0,0.0
2022-03-04 00:00:00-05:00,14.0,14.0,13.0,13.199999809265137,1775,0.0,0.0
2022-03-07 00:00:00-05:00,13.0,14.0,12.399999618530273,13.0,4710,0.0,0.0
2022-03-08 00:00:00-05:00,12.600000381469727,13.0,12.199999809265137,12.800000190734863,3690,0.0,0.0
2022-03-09 00:00:00-05:00,12.600000381469727,15.0,12.600000381469727,14.800000190734863,1520,0.0,0.0
2022-03-10 00:00:00-05:00,14.399999618530273,14.399999618530273,13.199999809265137,13.399999618530273,3155,0.0,0.0
2022-03-11 00:00:00-05:00,12.800000190734863,13.600000381469727,12.399999618530273,13.0,4255,0.0,0.0
2022-03-14 00:00:00-04:00,12.800000190734863,13.800000190734863,11.800000190734863,13.600000381469727,3495,0.0,0.0
2022-03-15 00:00:00-04:00,12.600000381469727,13.800000190734863,12.199999809265137,12.800000190734863,20810,0.0,0.0
2022-03-16 00:00:00-04:00,14.800000190734863,14.800000190734863,12.399999618530273,14.600000381469727,14965,0.0,0.0
2022-03-17 00:00:00-04:00,14.199999809265137,14.399999618530273,13.199999809265137,14.0,7210,0.0,0.0
2022-03-18 00:00:00-04:00,14.0,19.200000762939453,13.600000381469727,17.0,55605,0.0,0.0
2022-03-21 00:00:00-04:00,18.0,18.0,15.399999618530273,16.200000762939453,27070,0.0,0.0
2022-03-22 00:00:00-04:00,16.399999618530273,17.399999618530273,15.199999809265137,16.0,8330,0.0,0.0
2022-03-23 00:00:00-04:00,15.0,16.0,13.199999809265137,15.0,10660,0.0,0.0
2022-03-24 00:00:00-04:00,14.600000381469727,15.399999618530273,13.199999809265137,14.199999809265137,8915,0.0,0.0
2022-03-25 00:00:00-04:00,14.0,15.0,14.0,14.199999809265137,3365,0.0,0.0
2022-03-28 00:00:00-04:00,14.399999618530273,16.600000381469727,13.399999618530273,15.800000190734863,51740,0.0,0.0
2022-03-29 00:00:00-04:00,15.600000381469727,15.800000190734863,14.0,14.399999618530273,15970,0.0,0.0
2022-03-30 00:00:00-04:00,14.600000381469727,14.600000381469727,13.800000190734863,14.199999809265137,7275,0.0,0.0
2022-03-31 00:00:00-04:00,14.199999809265137,15.199999809265137,13.600000381469727,14.600000381469727,20625,0.0,0.0
2022-04-01 00:00:00-04:00,14.800000190734863,15.0,13.800000190734863,14.0,8160,0.0,0.0
2022-04-04 00:00:00-04:00,13.800000190734863,15.0,13.399999618530273,14.600000381469727,18990,0.0,0.0
2022-04-05 00:00:00-04:00,15.199999809265137,15.600000381469727,13.600000381469727,13.800000190734863,12845,0.0,0.0
2022-04-06 00:00:00-04:00,13.800000190734863,13.800000190734863,13.0,13.399999618530273,9660,0.0,0.0
2022-04-07 00:00:00-04:00,13.199999809265137,13.800000190734863,12.199999809265137,12.600000381469727,8670,0.0,0.0
2022-04-08 00:00:00-04:00,12.800000190734863,13.399999618530273,12.399999618530273,12.399999618530273,2845,0.0,0.0
2022-04-11 00:00:00-04:00,12.399999618530273,13.600000381469727,12.199999809265137,12.199999809265137,4835,0.0,0.0
2022-04-12 00:00:00-04:00,12.199999809265137,12.800000190734863,12.199999809265137,12.600000381469727,710,0.0,0.0
2022-04-13 00:00:00-04:00,12.800000190734863,13.600000381469727,12.199999809265137,13.199999809265137,3340,0.0,0.0
2022-04-14 00:00:00-04:00,12.199999809265137,13.0,12.0,12.0,4635,0.0,0.0
2022-04-18 00:00:00-04:00,11.600000381469727,12.600000381469727,11.600000381469727,12.399999618530273,4275,0.0,0.0
2022-04-19 00:00:00-04:00,12.199999809265137,12.600000381469727,12.0,12.0,1445,0.0,0.0
2022-04-20 00:00:00-04:00,12.0,12.600000381469727,12.0,12.199999809265137,4030,0.0,0.0
2022-04-21 00:00:00-04:00,12.199999809265137,12.399999618530273,12.0,12.199999809265137,980,0.0,0.0
2022-04-22 00:00:00-04:00,12.199999809265137,12.399999618530273,10.399999618530273,11.600000381469727,6925,0.0,0.0
2022-04-25 00:00:00-04:00,11.399999618530273,11.399999618530273,10.399999618530273,10.800000190734863,3625,0.0,0.0
2022-04-26 00:00:00-04:00,11.199999809265137,11.199999809265137,10.399999618530273,10.399999618530273,6480,0.0,0.0
2022-04-27 00:00:00-04:00,10.399999618530273,10.399999618530273,9.199999809265137,10.0,7630,0.0,0.0
2022-04-28 00:00:00-04:00,9.600000381469727,10.0,9.399999618530273,9.800000190734863,1315,0.0,0.0
2022-04-29 00:00:00-04:00,10.0,10.399999618530273,9.600000381469727,10.199999809265137,5860,0.0,0.0
2022-05-02 00:00:00-04:00,10.0,10.199999809265137,9.600000381469727,9.600000381469727,5525,0.0,0.0
2022-05-03 00:00:00-04:00,9.800000190734863,10.0,9.600000381469727,10.0,2240,0.0,0.0
2022-05-04 00:00:00-04:00,9.600000381469727,9.800000190734863,9.199999809265137,9.199999809265137,4890,0.0,0.0
2022-05-05 00:00:00-04:00,9.199999809265137,9.600000381469727,8.399999618530273,8.800000190734863,5510,0.0,0.0
2022-05-06 00:00:00-04:00,8.800000190734863,8.800000190734863,7.599999904632568,8.199999809265137,6210,0.0,0.0
2022-05-09 00:00:00-04:00,8.0,8.0,6.400000095367432,6.599999904632568,10450,0.0,0.0
2022-05-10 00:00:00-04:00,6.400000095367432,6.599999904632568,6.0,6.0,11090,0.0,0.0
2022-05-11 00:00:00-04:00,6.199999809265137,6.400000095367432,5.599999904632568,6.199999809265137,7100,0.0,0.0
2022-05-12 00:00:00-04:00,6.0,6.0,5.599999904632568,5.800000190734863,9720,0.0,0.0
2022-05-13 00:00:00-04:00,6.0,6.599999904632568,5.800000190734863,6.199999809265137,9935,0.0,0.0
2022-05-16 00:00:00-04:00,6.199999809265137,6.199999809265137,6.0,6.199999809265137,2980,0.0,0.0
2022-05-17 00:00:00-04:00,6.0,6.199999809265137,5.599999904632568,6.0,7525,0.0,0.0
2022-05-18 00:00:00-04:00,5.800000190734863,6.599999904632568,5.599999904632568,6.400000095367432,40905,0.0,0.0
2022-05-19 00:00:00-04:00,6.599999904632568,7.199999809265137,6.599999904632568,6.800000190734863,11850,0.0,0.0
2022-05-20 00:00:00-04:00,6.599999904632568,6.800000190734863,6.0,6.199999809265137,5705,0.0,0.0
2022-05-23 00:00:00-04:00,6.400000095367432,6.800000190734863,5.599999904632568,6.599999904632568,15260,0.0,0.0
2022-05-24 00:00:00-04:00,6.400000095367432,6.599999904632568,6.0,6.599999904632568,835,0.0,0.0
2022-05-25 00:00:00-04:00,6.400000095367432,7.0,6.0,6.400000095367432,2645,0.0,0.0
2022-05-26 00:00:00-04:00,6.800000190734863,7.0,6.0,6.599999904632568,1340,0.0,0.0
2022-05-27 00:00:00-04:00,6.800000190734863,7.199999809265137,6.400000095367432,7.0,3750,0.0,0.0
2022-05-31 00:00:00-04:00,7.400000095367432,7.400000095367432,6.400000095367432,7.0,3770,0.0,0.0
2022-06-01 00:00:00-04:00,7.0,7.0,6.400000095367432,6.400000095367432,1055,0.0,0.0
2022-06-02 00:00:00-04:00,6.400000095367432,7.0,6.400000095367432,6.599999904632568,1945,0.0,0.0
2022-06-03 00:00:00-04:00,6.400000095367432,7.199999809265137,6.400000095367432,6.800000190734863,1525,0.0,0.0
2022-06-06 00:00:00-04:00,7.0,7.0,6.400000095367432,6.400000095367432,2930,0.0,0.0
2022-06-07 00:00:00-04:00,6.400000095367432,6.599999904632568,5.800000190734863,6.599999904632568,1835,0.0,0.0
2022-06-08 00:00:00-04:00,7.0,7.0,6.599999904632568,6.800000190734863,5150,0.0,0.0
2022-06-09 00:00:00-04:00,6.599999904632568,7.800000190734863,6.199999809265137,7.599999904632568,29205,0.0,0.0
2022-06-10 00:00:00-04:00,8.0,8.399999618530273,7.599999904632568,7.800000190734863,23720,0.0,0.0
2022-06-13 00:00:00-04:00,7.800000190734863,7.800000190734863,6.800000190734863,6.800000190734863,2865,0.0,0.0
2022-06-14 00:00:00-04:00,7.199999809265137,8.399999618530273,6.0,7.0,37170,0.0,0.0
2022-06-15 00:00:00-04:00,7.599999904632568,8.0,6.599999904632568,7.199999809265137,12300,0.0,0.0
2022-06-16 00:00:00-04:00,7.199999809265137,7.599999904632568,6.599999904632568,6.800000190734863,8550,0.0,0.0
2022-06-17 00:00:00-04:00,6.800000190734863,8.0,6.800000190734863,7.199999809265137,10495,0.0,0.0
2022-06-21 00:00:00-04:00,7.400000095367432,8.0,7.0,7.0,4025,0.0,0.0
2022-06-22 00:00:00-04:00,7.0,7.0,6.599999904632568,6.800000190734863,4480,0.0,0.0
2022-06-23 00:00:00-04:00,7.199999809265137,7.199999809265137,6.599999904632568,7.0,8110,0.0,0.0
2022-06-24 00:00:00-04:00,6.800000190734863,7.400000095367432,6.599999904632568,7.0,9665,0.0,0.0
2022-06-27 00:00:00-04:00,6.800000190734863,7.199999809265137,6.599999904632568,6.800000190734863,10790,0.0,0.0
2022-06-28 00:00:00-04:00,6.800000190734863,7.199999809265137,6.800000190734863,7.0,6045,0.0,0.0
2022-06-29 00:00:00-04:00,7.0,7.199999809265137,6.599999904632568,7.0,5545,0.0,0.0
2022-06-30 00:00:00-04:00,7.0,7.0,6.599999904632568,6.800000190734863,1120,0.0,0.0
2022-07-01 00:00:00-04:00,6.800000190734863,6.800000190734863,6.599999904632568,6.800000190734863,615,0.0,0.0
2022-07-05 00:00:00-04:00,7.0,11.600000381469727,7.0,9.600000381469727,582225,0.0,0.0
2022-07-06 00:00:00-04:00,10.399999618530273,10.800000190734863,9.0,9.600000381469727,104825,0.0,0.0
2022-07-07 00:00:00-04:00,9.600000381469727,10.399999618530273,9.0,10.0,19075,0.0,0.0
2022-07-08 00:00:00-04:00,10.199999809265137,10.600000381469727,9.600000381469727,10.399999618530273,19040,0.0,0.0
2022-07-11 00:00:00-04:00,11.600000381469727,11.600000381469727,9.800000190734863,10.0,34160,0.0,0.0
2022-07-12 00:00:00-04:00,10.0,10.399999618530273,9.600000381469727,10.199999809265137,4710,0.0,0.0
2022-07-13 00:00:00-04:00,10.199999809265137,12.199999809265137,10.199999809265137,11.399999618530273,42860,0.0,0.0
2022-07-14 00:00:00-04:00,11.399999618530273,11.800000190734863,10.399999618530273,11.600000381469727,23385,0.0,0.0
2022-07-15 00:00:00-04:00,11.600000381469727,12.0,10.0,10.600000381469727,15190,0.0,0.0
2022-07-18 00:00:00-04:00,10.199999809265137,10.800000190734863,9.600000381469727,10.399999618530273,4265,0.0,0.0
2022-07-19 00:00:00-04:00,10.399999618530273,11.0,10.199999809265137,10.600000381469727,4975,0.0,0.0
2022-07-20 00:00:00-04:00,10.600000381469727,11.399999618530273,10.199999809265137,11.199999809265137,9735,0.0,0.0
2022-07-21 00:00:00-04:00,10.800000190734863,11.0,10.600000381469727,11.0,4130,0.0,0.0
2022-07-22 00:00:00-04:00,10.399999618530273,10.800000190734863,10.399999618530273,10.600000381469727,2065,0.0,0.0
2022-07-25 00:00:00-04:00,10.600000381469727,12.600000381469727,10.399999618530273,12.0,20660,0.0,0.0
2022-07-26 00:00:00-04:00,13.0,14.600000381469727,12.0,12.800000190734863,87410,0.0,0.0
2022-07-27 00:00:00-04:00,12.600000381469727,14.0,12.399999618530273,13.0,9755,0.0,0.0
2022-07-28 00:00:00-04:00,12.600000381469727,13.0,11.600000381469727,12.600000381469727,10105,0.0,0.0
2022-07-29 00:00:00-04:00,12.399999618530273,13.0,12.199999809265137,12.600000381469727,890,0.0,0.0
2022-08-01 00:00:00-04:00,13.0,13.0,11.800000190734863,12.0,3655,0.0,0.0
2022-08-02 00:00:00-04:00,12.0,12.600000381469727,11.199999809265137,12.0,3260,0.0,0.0
2022-08-03 00:00:00-04:00,12.0,12.199999809265137,11.399999618530273,11.399999618530273,920,0.0,0.0
2022-08-04 00:00:00-04:00,12.800000190734863,19.0,12.800000190734863,16.600000381469727,210295,0.0,0.0
2022-08-05 00:00:00-04:00,16.399999618530273,23.799999237060547,15.0,19.799999237060547,185910,0.0,0.0
2022-08-08 00:00:00-04:00,18.600000381469727,22.399999618530273,18.600000381469727,22.399999618530273,29525,0.0,0.0
2022-08-09 00:00:00-04:00,23.0,23.0,19.799999237060547,22.600000381469727,25215,0.0,0.0
2022-08-10 00:00:00-04:00,24.0,24.399999618530273,19.0,20.600000381469727,82615,0.0,0.0
2022-08-11 00:00:00-04:00,20.399999618530273,23.0,19.799999237060547,20.600000381469727,16505,0.0,0.0
2022-08-12 00:00:00-04:00,20.799999237060547,21.399999618530273,20.0,20.799999237060547,11720,0.0,0.0
2022-08-15 00:00:00-04:00,21.799999237060547,21.799999237060547,20.200000762939453,20.799999237060547,3840,0.0,0.0
2022-08-16 00:00:00-04:00,21.0,21.0,19.0,20.200000762939453,22170,0.0,0.0
2022-08-17 00:00:00-04:00,19.600000381469727,20.399999618530273,17.799999237060547,20.200000762939453,14745,0.0,0.0
2022-08-18 00:00:00-04:00,19.600000381469727,21.399999618530273,19.0,20.799999237060547,5870,0.0,0.0
2022-08-19 00:00:00-04:00,21.0,21.399999618530273,20.200000762939453,20.399999618530273,5780,0.0,0.0
2022-08-22 00:00:00-04:00,18.600000381469727,20.399999618530273,14.600000381469727,15.399999618530273,21530,0.0,0.0
2022-08-23 00:00:00-04:00,15.800000190734863,17.200000762939453,15.399999618530273,16.600000381469727,7275,0.0,0.0
2022-08-24 00:00:00-04:00,16.799999237060547,17.200000762939453,16.600000381469727,17.0,1580,0.0,0.0
2022-08-25 00:00:00-04:00,16.799999237060547,17.0,13.600000381469727,14.800000190734863,22420,0.0,0.0
2022-08-26 00:00:00-04:00,14.399999618530273,14.600000381469727,13.199999809265137,14.199999809265137,12555,0.0,0.0
2022-08-29 00:00:00-04:00,13.600000381469727,14.199999809265137,12.800000190734863,13.399999618530273,5665,0.0,0.0
2022-08-30 00:00:00-04:00,14.199999809265137,15.0,13.800000190734863,14.399999618530273,5330,0.0,0.0
2022-08-31 00:00:00-04:00,14.0,14.600000381469727,13.800000190734863,14.0,2335,0.0,0.0
2022-09-01 00:00:00-04:00,14.0,14.600000381469727,13.600000381469727,14.199999809265137,3440,0.0,0.0
2022-09-02 00:00:00-04:00,14.0,16.0,12.600000381469727,13.0,23575,0.0,0.0
2022-09-06 00:00:00-04:00,13.199999809265137,14.399999618530273,12.800000190734863,13.399999618530273,8020,0.0,0.0
2022-09-07 00:00:00-04:00,13.600000381469727,15.399999618530273,13.399999618530273,14.0,1550,0.0,0.0
2022-09-08 00:00:00-04:00,13.399999618530273,14.399999618530273,13.399999618530273,14.0,555,0.0,0.0
2022-09-09 00:00:00-04:00,13.800000190734863,14.800000190734863,13.199999809265137,13.600000381469727,5010,0.0,0.0
2022-09-12 00:00:00-04:00,13.199999809265137,14.0,13.199999809265137,14.0,3450,0.0,0.0
2022-09-13 00:00:00-04:00,13.600000381469727,13.600000381469727,13.199999809265137,13.600000381469727,2740,0.0,0.0
2022-09-14 00:00:00-04:00,13.399999618530273,13.600000381469727,13.0,13.199999809265137,2290,0.0,0.0
2022-09-15 00:00:00-04:00,15.399999618530273,20.200000762939453,15.399999618530273,18.200000762939453,367315,0.0,0.0
2022-09-16 00:00:00-04:00,17.600000381469727,21.399999618530273,17.200000762939453,20.200000762939453,87660,0.0,0.0
2022-09-19 00:00:00-04:00,20.0,22.399999618530273,19.600000381469727,19.799999237060547,38585,0.0,0.0
2022-09-20 00:00:00-04:00,19.799999237060547,21.600000381469727,18.0,19.399999618530273,27860,0.0,0.0
2022-09-21 00:00:00-04:00,19.799999237060547,20.399999618530273,19.0,19.200000762939453,3570,0.0,0.0
2022-09-22 00:00:00-04:00,19.0,23.0,18.799999237060547,21.200000762939453,69260,0.0,0.0
2022-09-23 00:00:00-04:00,21.200000762939453,21.799999237060547,20.0,20.600000381469727,11140,0.0,0.0
2022-09-26 00:00:00-04:00,21.0,21.0,19.399999618530273,20.0,5230,0.0,0.0
2022-09-27 00:00:00-04:00,20.0,20.200000762939453,18.399999618530273,19.399999618530273,20150,0.0,0.0
2022-09-28 00:00:00-04:00,19.600000381469727,20.0,18.799999237060547,19.399999618530273,3175,0.0,0.0
2022-09-29 00:00:00-04:00,19.399999618530273,19.399999618530273,18.0,18.399999618530273,5405,0.0,0.0
2022-09-30 00:00:00-04:00,18.0,19.0,18.0,18.399999618530273,2465,0.0,0.0
2022-10-03 00:00:00-04:00,18.200000762939453,18.600000381469727,18.0,18.399999618530273,1640,0.0,0.0
2022-10-04 00:00:00-04:00,18.200000762939453,20.600000381469727,18.200000762939453,19.799999237060547,5450,0.0,0.0
2022-10-05 00:00:00-04:00,19.399999618530273,20.600000381469727,19.0,19.200000762939453,2845,0.0,0.0
2022-10-06 00:00:00-04:00,19.799999237060547,19.799999237060547,18.799999237060547,19.200000762939453,2350,0.0,0.0
2022-10-07 00:00:00-04:00,19.600000381469727,20.600000381469727,18.399999618530273,19.0,2250,0.0,0.0
2022-10-10 00:00:00-04:00,18.799999237060547,19.600000381469727,18.600000381469727,19.600000381469727,1240,0.0,0.0
2022-10-11 00:00:00-04:00,20.0,20.799999237060547,19.0,20.399999618530273,5995,0.0,0.0
2022-10-12 00:00:00-04:00,20.0,21.399999618530273,19.799999237060547,20.200000762939453,14935,0.0,0.0
2022-10-13 00:00:00-04:00,19.399999618530273,21.799999237060547,18.0,18.399999618530273,24180,0.0,0.0
2022-10-14 00:00:00-04:00,18.600000381469727,19.399999618530273,18.200000762939453,18.600000381469727,2910,0.0,0.0
2022-10-17 00:00:00-04:00,19.0,20.0,18.0,18.600000381469727,3780,0.0,0.0
2022-10-18 00:00:00-04:00,19.600000381469727,19.600000381469727,16.600000381469727,17.600000381469727,4025,0.0,0.0
2022-10-19 00:00:00-04:00,18.0,18.0,17.0,17.399999618530273,2690,0.0,0.0
2022-10-20 00:00:00-04:00,17.399999618530273,17.799999237060547,17.399999618530273,17.399999618530273,1800,0.0,0.0
2022-10-21 00:00:00-04:00,17.0,17.600000381469727,16.799999237060547,17.0,2505,0.0,0.0
2022-10-24 00:00:00-04:00,16.799999237060547,17.0,16.200000762939453,16.200000762939453,4420,0.0,0.0
2022-10-25 00:00:00-04:00,16.399999618530273,18.600000381469727,16.399999618530273,17.600000381469727,5355,0.0,0.0
2022-10-26 00:00:00-04:00,17.600000381469727,18.0,17.600000381469727,17.799999237060547,1475,0.0,0.0
2022-10-27 00:00:00-04:00,17.0,17.799999237060547,16.799999237060547,17.600000381469727,1365,0.0,0.0
2022-10-28 00:00:00-04:00,16.799999237060547,17.600000381469727,16.0,16.600000381469727,2140,0.0,0.0
2022-10-31 00:00:00-04:00,15.800000190734863,16.799999237060547,15.800000190734863,16.799999237060547,1620,0.0,0.0
2022-11-01 00:00:00-04:00,16.200000762939453,16.799999237060547,16.0,16.399999618530273,1700,0.0,0.0
2022-11-02 00:00:00-04:00,16.799999237060547,18.0,15.600000381469727,17.600000381469727,6765,0.0,0.0
2022-11-03 00:00:00-04:00,16.399999618530273,17.0,16.399999618530273,16.799999237060547,510,0.0,0.0
2022-11-04 00:00:00-04:00,21.0,25.200000762939453,13.199999809265137,15.0,577510,0.0,0.0
2022-11-07 00:00:00-05:00,15.0,15.600000381469727,13.800000190734863,14.0,11360,0.0,0.0
2022-11-08 00:00:00-05:00,14.0,15.0,13.0,14.800000190734863,14295,0.0,0.0
2022-11-09 00:00:00-05:00,14.399999618530273,14.399999618530273,13.199999809265137,14.0,4610,0.0,0.0
2022-11-10 00:00:00-05:00,14.399999618530273,15.0,13.600000381469727,14.399999618530273,7575,0.0,0.0
2022-11-11 00:00:00-05:00,14.399999618530273,15.0,13.800000190734863,14.600000381469727,4395,0.0,0.0
2022-11-14 00:00:00-05:00,14.399999618530273,15.0,14.399999618530273,14.600000381469727,3210,0.0,0.0
2022-11-15 00:00:00-05:00,14.600000381469727,16.0,14.600000381469727,16.0,6500,0.0,0.0
2022-11-16 00:00:00-05:00,15.800000190734863,16.0,14.800000190734863,15.800000190734863,2575,0.0,0.0
2022-11-17 00:00:00-05:00,15.600000381469727,15.800000190734863,14.800000190734863,15.399999618530273,2270,0.0,0.0
2022-11-18 00:00:00-05:00,15.600000381469727,15.800000190734863,15.0,15.399999618530273,2845,0.0,0.0
2022-11-21 00:00:00-05:00,15.0,15.600000381469727,14.399999618530273,14.600000381469727,3095,0.0,0.0
2022-11-22 00:00:00-05:00,14.600000381469727,15.199999809265137,14.399999618530273,15.0,1085,0.0,0.0
2022-11-23 00:00:00-05:00,15.399999618530273,15.399999618530273,14.399999618530273,14.800000190734863,630,0.0,0.0
2022-11-25 00:00:00-05:00,15.0,15.800000190734863,13.199999809265137,13.199999809265137,4410,0.0,0.0
2022-11-28 00:00:00-05:00,13.399999618530273,14.0,13.199999809265137,13.600000381469727,420,0.0,0.0
2022-11-29 00:00:00-05:00,13.600000381469727,13.800000190734863,11.199999809265137,11.199999809265137,11845,0.0,0.0
2022-11-30 00:00:00-05:00,11.0,12.0,10.800000190734863,11.0,13830,0.0,0.0
2022-12-01 00:00:00-05:00,10.600000381469727,11.199999809265137,10.199999809265137,11.199999809265137,11085,0.0,0.0
2022-12-02 00:00:00-05:00,11.199999809265137,12.399999618530273,10.600000381469727,12.199999809265137,7445,0.0,0.0
2022-12-05 00:00:00-05:00,13.399999618530273,13.399999618530273,12.199999809265137,13.399999618530273,3775,0.0,0.0
2022-12-06 00:00:00-05:00,13.199999809265137,14.199999809265137,12.199999809265137,13.399999618530273,2520,0.0,0.0
2022-12-07 00:00:00-05:00,16.399999618530273,17.0,12.600000381469727,13.0,116070,0.0,0.0
2022-12-08 00:00:00-05:00,12.600000381469727,17.0,7.599999904632568,14.800000190734863,302690,0.0,0.0
2022-12-09 00:00:00-05:00,12.399999618530273,14.600000381469727,12.399999618530273,14.600000381469727,17670,0.0,0.0
2022-12-12 00:00:00-05:00,13.800000190734863,14.399999618530273,13.199999809265137,14.0,2975,0.0,0.0
2022-12-13 00:00:00-05:00,13.399999618530273,14.399999618530273,12.0,13.600000381469727,19115,0.0,0.0
2022-12-14 00:00:00-05:00,13.600000381469727,13.600000381469727,12.399999618530273,12.800000190734863,1880,0.0,0.0
2022-12-15 00:00:00-05:00,12.800000190734863,12.800000190734863,9.199999809265137,10.600000381469727,39015,0.0,0.0
2022-12-16 00:00:00-05:00,10.399999618530273,10.600000381469727,10.0,10.399999618530273,4120,0.0,0.0
2022-12-19 00:00:00-05:00,10.199999809265137,10.199999809265137,9.399999618530273,10.0,3775,0.0,0.0
2022-12-20 00:00:00-05:00,9.600000381469727,11.0,9.600000381469727,10.399999618530273,6340,0.0,0.0
2022-12-21 00:00:00-05:00,10.399999618530273,10.600000381469727,9.800000190734863,10.399999618530273,2445,0.0,0.0
2022-12-22 00:00:00-05:00,9.399999618530273,11.800000190734863,9.0,10.0,211190,0.0,0.0
2022-12-23 00:00:00-05:00,10.199999809265137,11.0,9.800000190734863,10.0,84010,0.0,0.0
2022-12-27 00:00:00-05:00,9.800000190734863,10.0,8.800000190734863,9.199999809265137,19225,0.0,0.0
2022-12-28 00:00:00-05:00,9.0,9.800000190734863,8.800000190734863,9.0,4650,0.0,0.0
2022-12-29 00:00:00-05:00,9.0,9.399999618530273,8.600000381469727,9.0,6385,0.0,0.0
2022-12-30 00:00:00-05:00,8.800000190734863,9.199999809265137,8.800000190734863,9.199999809265137,3185,0.0,0.0
2023-01-03 00:00:00-05:00,9.199999809265137,9.800000190734863,9.199999809265137,9.399999618530273,4205,0.0,0.0
2023-01-04 00:00:00-05:00,9.0,10.0,9.0,9.0,3150,0.0,0.0
2023-01-05 00:00:00-05:00,9.199999809265137,10.399999618530273,9.199999809265137,10.0,30945,0.0,0.0
2023-01-06 00:00:00-05:00,10.399999618530273,11.0,10.199999809265137,10.800000190734863,24305,0.0,0.0
2023-01-09 00:00:00-05:00,10.199999809265137,11.0,9.199999809265137,9.800000190734863,20930,0.0,0.0
2023-01-10 00:00:00-05:00,10.0,10.199999809265137,9.399999618530273,9.600000381469727,2255,0.0,0.0
2023-01-11 00:00:00-05:00,9.600000381469727,10.600000381469727,9.600000381469727,10.600000381469727,7300,0.0,0.0
2023-01-12 00:00:00-05:00,10.600000381469727,11.0,10.199999809265137,11.0,11715,0.0,0.0
2023-01-13 00:00:00-05:00,10.800000190734863,11.600000381469727,10.600000381469727,11.399999618530273,7710,0.0,0.0
2023-01-17 00:00:00-05:00,10.600000381469727,10.800000190734863,7.800000190734863,8.600000381469727,161925,0.0,0.0
2023-01-18 00:00:00-05:00,8.0,8.800000190734863,8.0,8.399999618530273,38895,0.0,0.0
2023-01-19 00:00:00-05:00,8.199999809265137,8.800000190734863,8.199999809265137,8.600000381469727,10595,0.0,0.0
2023-01-20 00:00:00-05:00,8.479999542236328,8.800000190734863,7.0,7.800000190734863,137725,0.0,0.2
2023-01-23 00:00:00-05:00,7.71999979019165,7.880000114440918,7.639999866485596,7.880000114440918,38950,0.0,0.0
2023-01-24 00:00:00-05:00,7.599999904632568,7.800000190734863,7.400000095367432,7.400000095367432,8525,0.0,0.0
2023-01-25 00:00:00-05:00,7.800000190734863,7.800000190734863,7.440000057220459,7.559999942779541,10575,0.0,0.0
2023-01-26 00:00:00-05:00,7.639999866485596,7.920000076293945,7.519999980926514,7.519999980926514,8175,0.0,0.0
2023-01-27 00:00:00-05:00,7.480000019073486,7.639999866485596,7.440000057220459,7.440000057220459,6900,0.0,0.0
2023-01-30 00:00:00-05:00,7.440000057220459,7.599999904632568,7.039999961853027,7.199999809265137,20175,0.0,0.0
2023-01-31 00:00:00-05:00,7.440000057220459,7.559999942779541,6.360000133514404,6.800000190734863,207500,0.0,0.0
2023-02-01 00:00:00-05:00,7.119999885559082,7.159999847412109,6.840000152587891,7.0,29700,0.0,0.0
2023-02-02 00:00:00-05:00,7.119999885559082,7.519999980926514,6.920000076293945,7.079999923706055,31200,0.0,0.0
2023-02-03 00:00:00-05:00,7.079999923706055,8.5600004196167,7.0,8.399999618530273,150825,0.0,0.0
2023-02-06 00:00:00-05:00,8.520000457763672,8.520000457763672,7.519999980926514,7.599999904632568,43000,0.0,0.0
2023-02-07 00:00:00-05:00,7.679999828338623,7.679999828338623,7.0,7.28000020980835,76150,0.0,0.0
2023-02-08 00:00:00-05:00,7.320000171661377,7.400000095367432,6.920000076293945,7.039999961853027,24650,0.0,0.0
2023-02-09 00:00:00-05:00,7.119999885559082,7.119999885559082,6.400000095367432,6.440000057220459,26925,0.0,0.0
2023-02-10 00:00:00-05:00,6.559999942779541,6.559999942779541,6.400000095367432,6.400000095367432,9375,0.0,0.0
2023-02-13 00:00:00-05:00,6.480000019073486,6.559999942779541,6.320000171661377,6.480000019073486,6600,0.0,0.0
2023-02-14 00:00:00-05:00,6.639999866485596,7.0,6.440000057220459,6.840000152587891,14600,0.0,0.0
2023-02-15 00:00:00-05:00,7.119999885559082,7.480000019073486,7.039999961853027,7.159999847412109,21350,0.0,0.0
2023-02-16 00:00:00-05:00,7.440000057220459,7.440000057220459,7.079999923706055,7.239999771118164,31750,0.0,0.0
2023-02-17 00:00:00-05:00,7.079999923706055,7.480000019073486,6.840000152587891,7.239999771118164,12200,0.0,0.0
2023-02-21 00:00:00-05:00,7.119999885559082,7.119999885559082,6.639999866485596,6.880000114440918,7850,0.0,0.0
2023-02-22 00:00:00-05:00,6.800000190734863,7.039999961853027,6.71999979019165,6.800000190734863,5150,0.0,0.0
2023-02-23 00:00:00-05:00,6.760000228881836,6.960000038146973,6.400000095367432,6.599999904632568,31900,0.0,0.0
2023-02-24 00:00:00-05:00,6.440000057220459,6.920000076293945,6.239999771118164,6.360000133514404,27025,0.0,0.0
2023-02-27 00:00:00-05:00,6.320000171661377,6.360000133514404,5.920000076293945,6.039999961853027,20600,0.0,0.0
2023-02-28 00:00:00-05:00,6.159999847412109,6.199999809265137,5.920000076293945,6.079999923706055,12100,0.0,0.0
2023-03-01 00:00:00-05:00,6.199999809265137,6.199999809265137,5.800000190734863,5.880000114440918,9700,0.0,0.0
2023-03-02 00:00:00-05:00,5.71999979019165,5.880000114440918,5.599999904632568,5.599999904632568,9175,0.0,0.0
2023-03-03 00:00:00-05:00,5.679999828338623,5.760000228881836,5.519999980926514,5.679999828338623,6100,0.0,0.0
2023-03-06 00:00:00-05:00,5.559999942779541,6.0,5.519999980926514,5.519999980926514,23000,0.0,0.0
2023-03-07 00:00:00-05:00,5.840000152587891,5.840000152587891,5.0,5.199999809265137,10875,0.0,0.0
2023-03-08 00:00:00-05:00,5.119999885559082,5.199999809265137,5.0,5.039999961853027,16950,0.0,0.0
2023-03-09 00:00:00-05:00,5.039999961853027,5.440000057220459,5.039999961853027,5.360000133514404,47500,0.0,0.0
2023-03-10 00:00:00-05:00,5.28000020980835,5.400000095367432,5.0,5.039999961853027,8075,0.0,0.0
2023-03-13 00:00:00-04:00,4.920000076293945,5.960000038146973,4.920000076293945,5.679999828338623,34650,0.0,0.0
2023-03-14 00:00:00-04:00,5.880000114440918,6.960000038146973,5.639999866485596,6.440000057220459,55475,0.0,0.0
2023-03-15 00:00:00-04:00,6.480000019073486,6.480000019073486,6.0,6.079999923706055,13975,0.0,0.0
2023-03-16 00:00:00-04:00,5.880000114440918,7.159999847412109,5.880000114440918,6.920000076293945,25625,0.0,0.0
2023-03-17 00:00:00-04:00,7.119999885559082,7.119999885559082,6.800000190734863,6.920000076293945,7350,0.0,0.0
2023-03-20 00:00:00-04:00,6.880000114440918,7.159999847412109,6.480000019073486,7.159999847412109,16000,0.0,0.0
2023-03-21 00:00:00-04:00,7.480000019073486,7.960000038146973,7.239999771118164,7.519999980926514,40825,0.0,0.0
2023-03-22 00:00:00-04:00,7.519999980926514,7.880000114440918,7.239999771118164,7.840000152587891,25000,0.0,0.0
2023-03-23 00:00:00-04:00,7.599999904632568,8.279999732971191,7.400000095367432,8.0,22300,0.0,0.0
2023-03-24 00:00:00-04:00,7.920000076293945,8.119999885559082,7.440000057220459,8.079999923706055,22500,0.0,0.0
2023-03-27 00:00:00-04:00,7.840000152587891,8.079999923706055,6.880000114440918,6.960000038146973,14350,0.0,0.0
2023-03-28 00:00:00-04:00,7.760000228881836,8.760000228881836,7.28000020980835,8.199999809265137,182875,0.0,0.0
2023-03-29 00:00:00-04:00,8.119999885559082,8.119999885559082,6.400000095367432,6.679999828338623,85175,0.0,0.0
2023-03-30 00:00:00-04:00,6.639999866485596,7.440000057220459,6.199999809265137,6.920000076293945,41050,0.0,0.0
2023-03-31 00:00:00-04:00,6.880000114440918,7.360000133514404,6.679999828338623,6.800000190734863,5175,0.0,0.0
2023-04-03 00:00:00-04:00,6.800000190734863,6.880000114440918,6.480000019073486,6.519999980926514,5400,0.0,0.0
2023-04-04 00:00:00-04:00,6.679999828338623,6.760000228881836,6.480000019073486,6.480000019073486,2925,0.0,0.0
2023-04-05 00:00:00-04:00,6.480000019073486,6.639999866485596,6.480000019073486,6.480000019073486,9450,0.0,0.0
2023-04-06 00:00:00-04:00,6.480000019073486,6.679999828338623,6.440000057220459,6.440000057220459,7300,0.0,0.0
2023-04-10 00:00:00-04:00,6.239999771118164,6.400000095367432,6.0,6.0,11600,0.0,0.0
2023-04-11 00:00:00-04:00,6.400000095367432,6.760000228881836,6.119999885559082,6.559999942779541,10550,0.0,0.0
2023-04-12 00:00:00-04:00,6.440000057220459,6.599999904632568,6.239999771118164,6.320000171661377,10200,0.0,0.0
2023-04-13 00:00:00-04:00,6.400000095367432,6.760000228881836,6.159999847412109,6.71999979019165,17500,0.0,0.0
2023-04-14 00:00:00-04:00,6.519999980926514,7.639999866485596,6.519999980926514,7.079999923706055,191600,0.0,0.0
2023-04-17 00:00:00-04:00,6.920000076293945,7.159999847412109,6.71999979019165,6.800000190734863,42575,0.0,0.0
2023-04-18 00:00:00-04:00,6.599999904632568,6.800000190734863,6.400000095367432,6.400000095367432,25350,0.0,0.0
2023-04-19 00:00:00-04:00,6.159999847412109,6.71999979019165,6.159999847412109,6.28000020980835,5500,0.0,0.0
2023-04-20 00:00:00-04:00,6.079999923706055,6.360000133514404,6.079999923706055,6.239999771118164,10625,0.0,0.0
2023-04-21 00:00:00-04:00,6.199999809265137,6.400000095367432,6.119999885559082,6.320000171661377,4800,0.0,0.0
2023-04-24 00:00:00-04:00,6.239999771118164,6.440000057220459,6.239999771118164,6.28000020980835,1575,0.0,0.0
2023-04-25 00:00:00-04:00,6.159999847412109,6.28000020980835,6.119999885559082,6.239999771118164,4025,0.0,0.0
2023-04-26 00:00:00-04:00,6.159999847412109,6.480000019073486,6.159999847412109,6.159999847412109,4825,0.0,0.0
2023-04-27 00:00:00-04:00,6.119999885559082,6.28000020980835,6.119999885559082,6.239999771118164,7250,0.0,0.0
2023-04-28 00:00:00-04:00,6.360000133514404,6.599999904632568,6.119999885559082,6.599999904632568,27125,0.0,0.0
2023-05-01 00:00:00-04:00,6.440000057220459,7.28000020980835,6.199999809265137,6.28000020980835,198825,0.0,0.0
2023-05-02 00:00:00-04:00,6.880000114440918,7.599999904632568,6.079999923706055,6.559999942779541,114750,0.0,0.0
2023-05-03 00:00:00-04:00,6.28000020980835,7.400000095367432,6.079999923706055,7.039999961853027,90700,0.0,0.0
2023-05-04 00:00:00-04:00,6.880000114440918,6.880000114440918,6.239999771118164,6.639999866485596,38075,0.0,0.0
2023-05-05 00:00:00-04:00,6.599999904632568,6.760000228881836,6.320000171661377,6.400000095367432,12550,0.0,0.0
2023-05-08 00:00:00-04:00,6.28000020980835,6.440000057220459,6.28000020980835,6.360000133514404,8375,0.0,0.0
2023-05-09 00:00:00-04:00,6.559999942779541,6.559999942779541,6.119999885559082,6.28000020980835,18425,0.0,0.0
2023-05-10 00:00:00-04:00,6.400000095367432,6.440000057220459,5.920000076293945,6.119999885559082,13000,0.0,0.0
2023-05-11 00:00:00-04:00,6.0,6.159999847412109,5.960000038146973,5.960000038146973,4975,0.0,0.0
2023-05-12 00:00:00-04:00,5.960000038146973,6.0,5.840000152587891,5.920000076293945,5425,0.0,0.0
2023-05-15 00:00:00-04:00,5.920000076293945,5.960000038146973,5.679999828338623,5.880000114440918,13375,0.0,0.0
2023-05-16 00:00:00-04:00,5.840000152587891,6.039999961853027,5.679999828338623,5.679999828338623,12800,0.0,0.0
2023-05-17 00:00:00-04:00,5.760000228881836,5.800000190734863,5.679999828338623,5.760000228881836,1675,0.0,0.0
2023-05-18 00:00:00-04:00,5.800000190734863,5.920000076293945,5.679999828338623,5.840000152587891,5025,0.0,0.0
2023-05-19 00:00:00-04:00,5.800000190734863,5.800000190734863,5.679999828338623,5.71999979019165,1475,0.0,0.0
2023-05-22 00:00:00-04:00,5.599999904632568,5.800000190734863,5.599999904632568,5.71999979019165,3675,0.0,0.0
2023-05-23 00:00:00-04:00,5.679999828338623,5.800000190734863,5.599999904632568,5.679999828338623,3825,0.0,0.0
2023-05-24 00:00:00-04:00,5.599999904632568,5.760000228881836,5.480000019073486,5.519999980926514,3675,0.0,0.0
2023-05-25 00:00:00-04:00,5.480000019073486,5.71999979019165,5.480000019073486,5.519999980926514,450,0.0,0.0
2023-05-26 00:00:00-04:00,5.480000019073486,5.519999980926514,5.440000057220459,5.440000057220459,1350,0.0,0.0
2023-05-30 00:00:00-04:00,5.440000057220459,5.440000057220459,5.039999961853027,5.199999809265137,24325,0.0,0.0
2023-05-31 00:00:00-04:00,5.480000019073486,5.559999942779541,5.360000133514404,5.400000095367432,4200,0.0,0.0
2023-06-01 00:00:00-04:00,5.28000020980835,5.320000171661377,5.159999847412109,5.28000020980835,8900,0.0,0.0
2023-06-02 00:00:00-04:00,5.119999885559082,5.400000095367432,5.119999885559082,5.360000133514404,8750,0.0,0.0
2023-06-05 00:00:00-04:00,5.400000095367432,5.400000095367432,5.159999847412109,5.159999847412109,6900,0.0,0.0
2023-06-06 00:00:00-04:00,5.119999885559082,5.360000133514404,5.119999885559082,5.28000020980835,5550,0.0,0.0
2023-06-07 00:00:00-04:00,5.199999809265137,5.28000020980835,5.079999923706055,5.28000020980835,6225,0.0,0.0
2023-06-08 00:00:00-04:00,5.360000133514404,5.480000019073486,5.320000171661377,5.440000057220459,2425,0.0,0.0
2023-06-09 00:00:00-04:00,5.360000133514404,5.400000095367432,5.159999847412109,5.28000020980835,7275,0.0,0.0
2023-06-12 00:00:00-04:00,5.28000020980835,5.400000095367432,5.199999809265137,5.400000095367432,3650,0.0,0.0
2023-06-13 00:00:00-04:00,5.199999809265137,5.480000019073486,5.199999809265137,5.28000020980835,10200,0.0,0.0
2023-06-14 00:00:00-04:00,5.400000095367432,5.400000095367432,5.159999847412109,5.159999847412109,5575,0.0,0.0
2023-06-15 00:00:00-04:00,5.159999847412109,5.360000133514404,5.079999923706055,5.199999809265137,6800,0.0,0.0
2023-06-16 00:00:00-04:00,5.159999847412109,5.199999809265137,5.079999923706055,5.159999847412109,4225,0.0,0.0
2023-06-20 00:00:00-04:00,5.320000171661377,5.320000171661377,5.039999961853027,5.159999847412109,2925,0.0,0.0
2023-06-21 00:00:00-04:00,5.079999923706055,5.199999809265137,5.039999961853027,5.119999885559082,6850,0.0,0.0
2023-06-22 00:00:00-04:00,5.159999847412109,5.199999809265137,5.039999961853027,5.119999885559082,4225,0.0,0.0
2023-06-23 00:00:00-04:00,5.039999961853027,5.320000171661377,5.0,5.320000171661377,8825,0.0,0.0
2023-06-26 00:00:00-04:00,5.400000095367432,5.400000095367432,5.320000171661377,5.360000133514404,4975,0.0,0.0
2023-06-27 00:00:00-04:00,5.320000171661377,5.320000171661377,5.039999961853027,5.199999809265137,3025,0.0,0.0
2023-06-28 00:00:00-04:00,5.239999771118164,5.239999771118164,5.0,5.0,2275,0.0,0.0
2023-06-29 00:00:00-04:00,5.079999923706055,5.119999885559082,4.920000076293945,4.960000038146973,7650,0.0,0.0
2023-06-30 00:00:00-04:00,4.960000038146973,5.159999847412109,4.960000038146973,5.079999923706055,12850,0.0,0.0
2023-07-03 00:00:00-04:00,4.960000038146973,5.28000020980835,4.960000038146973,5.239999771118164,2775,0.0,0.0
2023-07-05 00:00:00-04:00,5.0,5.199999809265137,5.0,5.079999923706055,4700,0.0,0.0
2023-07-06 00:00:00-04:00,5.119999885559082,5.199999809265137,4.960000038146973,4.960000038146973,10300,0.0,0.0
2023-07-07 00:00:00-04:00,4.960000038146973,5.199999809265137,4.960000038146973,4.960000038146973,7300,0.0,0.0
2023-07-10 00:00:00-04:00,4.920000076293945,5.159999847412109,4.920000076293945,5.0,1600,0.0,0.0
2023-07-11 00:00:00-04:00,4.960000038146973,5.360000133514404,4.960000038146973,5.28000020980835,5725,0.0,0.0
2023-07-12 00:00:00-04:00,5.28000020980835,5.559999942779541,5.119999885559082,5.480000019073486,26225,0.0,0.0
2023-07-13 00:00:00-04:00,5.480000019073486,5.760000228881836,5.360000133514404,5.599999904632568,12850,0.0,0.0
2023-07-14 00:00:00-04:00,5.480000019073486,5.800000190734863,5.320000171661377,5.360000133514404,19575,0.0,0.0
2023-07-17 00:00:00-04:00,5.440000057220459,5.519999980926514,5.320000171661377,5.360000133514404,7750,0.0,0.0
2023-07-18 00:00:00-04:00,5.400000095367432,5.519999980926514,5.239999771118164,5.360000133514404,11175,0.0,0.0
2023-07-19 00:00:00-04:00,5.480000019073486,5.760000228881836,5.440000057220459,5.519999980926514,15025,0.0,0.0
2023-07-20 00:00:00-04:00,5.360000133514404,5.400000095367432,5.320000171661377,5.320000171661377,2475,0.0,0.0
2023-07-21 00:00:00-04:00,5.28000020980835,5.519999980926514,5.28000020980835,5.400000095367432,2050,0.0,0.0
2023-07-24 00:00:00-04:00,5.400000095367432,5.679999828338623,5.400000095367432,5.519999980926514,2275,0.0,0.0
2023-07-25 00:00:00-04:00,5.559999942779541,5.679999828338623,5.559999942779541,5.559999942779541,1500,0.0,0.0
2023-07-26 00:00:00-04:00,5.440000057220459,5.679999828338623,5.440000057220459,5.559999942779541,775,0.0,0.0
2023-07-27 00:00:00-04:00,5.400000095367432,5.679999828338623,5.400000095367432,5.679999828338623,3800,0.0,0.0
2023-07-28 00:00:00-04:00,5.679999828338623,5.679999828338623,5.480000019073486,5.519999980926514,2675,0.0,0.0
2023-07-31 00:00:00-04:00,5.559999942779541,5.559999942779541,5.28000020980835,5.360000133514404,4700,0.0,0.0
2023-08-01 00:00:00-04:00,5.28000020980835,5.400000095367432,5.28000020980835,5.400000095367432,3600,0.0,0.0
2023-08-02 00:00:00-04:00,5.360000133514404,5.360000133514404,5.28000020980835,5.320000171661377,1250,0.0,0.0
2023-08-03 00:00:00-04:00,5.320000171661377,5.320000171661377,5.119999885559082,5.119999885559082,4400,0.0,0.0
2023-08-04 00:00:00-04:00,5.199999809265137,5.28000020980835,5.159999847412109,5.239999771118164,1750,0.0,0.0
2023-08-07 00:00:00-04:00,5.119999885559082,5.28000020980835,5.039999961853027,5.28000020980835,1550,0.0,0.0
2023-08-08 00:00:00-04:00,5.239999771118164,5.28000020980835,5.039999961853027,5.039999961853027,1150,0.0,0.0
2023-08-09 00:00:00-04:00,5.199999809265137,5.199999809265137,5.039999961853027,5.079999923706055,625,0.0,0.0
2023-08-10 00:00:00-04:00,5.199999809265137,5.199999809265137,4.960000038146973,4.960000038146973,7900,0.0,0.0
2023-08-11 00:00:00-04:00,5.039999961853027,5.159999847412109,4.960000038146973,5.039999961853027,1575,0.0,0.0
2023-08-14 00:00:00-04:00,4.960000038146973,5.039999961853027,4.71999979019165,4.760000228881836,11225,0.0,0.0
2023-08-15 00:00:00-04:00,4.800000190734863,4.880000114440918,4.559999942779541,4.639999866485596,7300,0.0,0.0
2023-08-16 00:00:00-04:00,4.840000152587891,4.840000152587891,4.239999771118164,4.28000020980835,12525,0.0,0.0
2023-08-17 00:00:00-04:00,4.239999771118164,4.239999771118164,4.039999961853027,4.079999923706055,5225,0.0,0.0
2023-08-18 00:00:00-04:00,4.159999847412109,4.519999980926514,4.079999923706055,4.519999980926514,4025,0.0,0.0
2023-08-21 00:00:00-04:00,4.760000228881836,4.840000152587891,4.239999771118164,4.28000020980835,1750,0.0,0.0
2023-08-22 00:00:00-04:00,4.28000020980835,4.519999980926514,4.28000020980835,4.440000057220459,1500,0.0,0.0
2023-08-23 00:00:00-04:00,4.480000019073486,4.71999979019165,4.480000019073486,4.480000019073486,6125,0.0,0.0
2023-08-24 00:00:00-04:00,4.71999979019165,4.920000076293945,4.199999809265137,4.559999942779541,5750,0.0,0.0
2023-08-25 00:00:00-04:00,4.480000019073486,4.599999904632568,4.159999847412109,4.199999809265137,3200,0.0,0.0
2023-08-28 00:00:00-04:00,4.28000020980835,4.559999942779541,4.239999771118164,4.28000020980835,2500,0.0,0.0
2023-08-29 00:00:00-04:00,4.159999847412109,4.440000057220459,4.159999847412109,4.28000020980835,3075,0.0,0.0
2023-08-30 00:00:00-04:00,4.199999809265137,4.28000020980835,4.199999809265137,4.28000020980835,250,0.0,0.0
2023-08-31 00:00:00-04:00,4.400000095367432,4.400000095367432,4.119999885559082,4.199999809265137,1100,0.0,0.0
2023-09-01 00:00:00-04:00,4.119999885559082,4.400000095367432,4.119999885559082,4.400000095367432,575,0.0,0.0
2023-09-05 00:00:00-04:00,4.320000171661377,4.360000133514404,4.199999809265137,4.320000171661377,4075,0.0,0.0
2023-09-06 00:00:00-04:00,4.360000133514404,4.480000019073486,4.119999885559082,4.320000171661377,5000,0.0,0.0
2023-09-07 00:00:00-04:00,4.239999771118164,4.239999771118164,4.039999961853027,4.159999847412109,3900,0.0,0.0
2023-09-08 00:00:00-04:00,4.119999885559082,4.159999847412109,4.079999923706055,4.159999847412109,525,0.0,0.0
2023-09-11 00:00:00-04:00,4.28000020980835,4.28000020980835,4.079999923706055,4.119999885559082,825,0.0,0.0
2023-09-12 00:00:00-04:00,4.28000020980835,4.28000020980835,4.159999847412109,4.28000020980835,350,0.0,0.0
2023-09-13 00:00:00-04:00,4.199999809265137,4.320000171661377,4.039999961853027,4.28000020980835,2200,0.0,0.0
2023-09-14 00:00:00-04:00,4.199999809265137,4.199999809265137,4.039999961853027,4.159999847412109,3825,0.0,0.0
2023-09-15 00:00:00-04:00,4.199999809265137,4.199999809265137,4.079999923706055,4.079999923706055,1150,0.0,0.0
2023-09-18 00:00:00-04:00,4.039999961853027,4.079999923706055,4.039999961853027,4.039999961853027,1175,0.0,0.0
2023-09-19 00:00:00-04:00,4.079999923706055,4.28000020980835,4.079999923706055,4.199999809265137,825,0.0,0.0
2023-09-20 00:00:00-04:00,4.079999923706055,4.079999923706055,3.559999942779541,3.7200000286102295,5975,0.0,0.0
2023-09-21 00:00:00-04:00,3.640000104904175,4.079999923706055,3.5199999809265137,3.7200000286102295,3825,0.0,0.0
2023-09-22 00:00:00-04:00,3.5199999809265137,3.640000104904175,3.0,3.4800000190734863,2975,0.0,0.0
2023-09-25 00:00:00-04:00,3.359999895095825,3.680000066757202,3.359999895095825,3.680000066757202,1525,0.0,0.0
2023-09-26 00:00:00-04:00,3.4800000190734863,3.5999999046325684,3.440000057220459,3.4800000190734863,425,0.0,0.0
2023-09-27 00:00:00-04:00,3.7200000286102295,3.7200000286102295,3.7200000286102295,3.7200000286102295,150,0.0,0.0
2023-09-28 00:00:00-04:00,3.440000057220459,3.440000057220459,3.440000057220459,3.440000057220459,250,0.0,0.0
2023-09-29 00:00:00-04:00,3.4800000190734863,3.680000066757202,3.4800000190734863,3.640000104904175,700,0.0,0.0
2023-10-02 00:00:00-04:00,3.759999990463257,3.799999952316284,3.5999999046325684,3.5999999046325684,350,0.0,0.0
2023-10-03 00:00:00-04:00,3.440000057220459,3.880000114440918,3.440000057220459,3.5199999809265137,675,0.0,0.0
2023-10-04 00:00:00-04:00,3.440000057220459,3.440000057220459,3.200000047683716,3.440000057220459,600,0.0,0.0
2023-10-05 00:00:00-04:00,3.5999999046325684,3.5999999046325684,3.319999933242798,3.359999895095825,325,0.0,0.0
2023-10-06 00:00:00-04:00,3.9600000381469727,3.9600000381469727,3.319999933242798,3.5999999046325684,3250,0.0,0.0
2023-10-09 00:00:00-04:00,3.640000104904175,3.9200000762939453,3.5999999046325684,3.5999999046325684,375,0.0,0.0
2023-10-10 00:00:00-04:00,3.9200000762939453,3.9200000762939453,3.440000057220459,3.4800000190734863,925,0.0,0.0
2023-10-11 00:00:00-04:00,3.9200000762939453,3.9200000762939453,3.640000104904175,3.640000104904175,1625,0.0,0.0
2023-10-12 00:00:00-04:00,3.9200000762939453,3.9600000381469727,3.440000057220459,3.8399999141693115,1525,0.0,0.0
2023-10-13 00:00:00-04:00,3.880000114440918,3.9600000381469727,3.240000009536743,3.7200000286102295,1800,0.0,0.0
2023-10-16 00:00:00-04:00,3.5199999809265137,3.880000114440918,3.2799999713897705,3.359999895095825,10850,0.0,0.0
2023-10-17 00:00:00-04:00,2.9200000762939453,3.4800000190734863,2.759999990463257,3.240000009536743,89050,0.0,0.0
2023-10-18 00:00:00-04:00,3.359999895095825,3.359999895095825,3.0,3.240000009536743,2100,0.0,0.0
2023-10-19 00:00:00-04:00,3.0399999618530273,3.4800000190734863,3.0,3.2799999713897705,4175,0.0,0.0
2023-10-20 00:00:00-04:00,3.0799999237060547,3.5999999046325684,3.0799999237060547,3.240000009536743,1550,0.0,0.0
2023-10-23 00:00:00-04:00,3.200000047683716,3.4000000953674316,3.0799999237060547,3.240000009536743,1425,0.0,0.0
2023-10-24 00:00:00-04:00,3.319999933242798,3.5999999046325684,3.240000009536743,3.2799999713897705,4800,0.0,0.0
2023-10-25 00:00:00-04:00,3.5999999046325684,3.5999999046325684,3.240000009536743,3.2799999713897705,1800,0.0,0.0
2023-10-26 00:00:00-04:00,3.5999999046325684,3.5999999046325684,3.2799999713897705,3.440000057220459,1425,0.0,0.0
2023-10-27 00:00:00-04:00,3.2799999713897705,3.5199999809265137,3.2799999713897705,3.5199999809265137,950,0.0,0.0
2023-10-30 00:00:00-04:00,3.5199999809265137,3.9600000381469727,3.440000057220459,3.680000066757202,9525,0.0,0.0
2023-10-31 00:00:00-04:00,3.5999999046325684,3.880000114440918,3.5999999046325684,3.7200000286102295,300,0.0,0.0
2023-11-01 00:00:00-04:00,3.880000114440918,4.0,3.799999952316284,3.9600000381469727,2825,0.0,0.0
2023-11-02 00:00:00-04:00,4.0,4.28000020980835,4.0,4.28000020980835,6875,0.0,0.0
2023-11-03 00:00:00-04:00,4.440000057220459,4.440000057220459,4.119999885559082,4.28000020980835,2775,0.0,0.0
2023-11-06 00:00:00-05:00,4.28000020980835,4.28000020980835,4.239999771118164,4.239999771118164,575,0.0,0.0
2023-11-07 00:00:00-05:00,4.159999847412109,4.320000171661377,3.799999952316284,4.320000171661377,6350,0.0,0.0
2023-11-08 00:00:00-05:00,4.320000171661377,4.320000171661377,3.9200000762939453,4.039999961853027,4350,0.0,0.0
2023-11-09 00:00:00-05:00,4.079999923706055,4.079999923706055,3.559999942779541,3.759999990463257,3300,0.0,0.0
2023-11-10 00:00:00-05:00,3.799999952316284,4.159999847412109,3.440000057220459,3.7200000286102295,3100,0.0,0.0
2023-11-13 00:00:00-05:00,3.440000057220459,3.7200000286102295,3.440000057220459,3.7200000286102295,375,0.0,0.0
2023-11-14 00:00:00-05:00,3.559999942779541,3.880000114440918,3.440000057220459,3.759999990463257,2775,0.0,0.0
2023-11-15 00:00:00-05:00,3.640000104904175,3.9600000381469727,3.5999999046325684,3.799999952316284,2225,0.0,0.0
2023-11-16 00:00:00-05:00,3.559999942779541,4.0,3.440000057220459,3.799999952316284,3825,0.0,0.0
2023-11-17 00:00:00-05:00,3.640000104904175,4.0,3.640000104904175,3.7200000286102295,2050,0.0,0.0
2023-11-20 00:00:00-05:00,3.7200000286102295,3.9600000381469727,3.5199999809265137,3.5199999809265137,425,0.0,0.0
2023-11-21 00:00:00-05:00,3.7200000286102295,3.759999990463257,3.5999999046325684,3.5999999046325684,1525,0.0,0.0
2023-11-22 00:00:00-05:00,3.5999999046325684,3.5999999046325684,3.5199999809265137,3.5199999809265137,900,0.0,0.0
2023-11-24 00:00:00-05:00,3.559999942779541,3.5999999046325684,3.440000057220459,3.440000057220459,975,0.0,0.0
2023-11-27 00:00:00-05:00,3.4800000190734863,3.559999942779541,3.4000000953674316,3.440000057220459,1950,0.0,0.0
2023-11-28 00:00:00-05:00,3.4000000953674316,3.680000066757202,3.4000000953674316,3.680000066757202,475,0.0,0.0
2023-11-29 00:00:00-05:00,3.5199999809265137,3.680000066757202,3.5199999809265137,3.559999942779541,3825,0.0,0.0
2023-11-30 00:00:00-05:00,3.5199999809265137,3.559999942779541,3.359999895095825,3.359999895095825,3300,0.0,0.0
2023-12-01 00:00:00-05:00,3.319999933242798,3.640000104904175,3.0,3.1600000858306885,7450,0.0,0.0
2023-12-04 00:00:00-05:00,3.200000047683716,3.200000047683716,2.759999990463257,2.799999952316284,20100,0.0,0.0
2023-12-05 00:00:00-05:00,3.0799999237060547,5.039999961853027,3.0399999618530273,4.28000020980835,959200,0.0,0.0
2023-12-06 00:00:00-05:00,3.9200000762939453,4.28000020980835,3.680000066757202,3.799999952316284,88475,0.0,0.0
2023-12-07 00:00:00-05:00,3.640000104904175,4.119999885559082,3.5199999809265137,3.799999952316284,15775,0.0,0.0
2023-12-08 00:00:00-05:00,3.7200000286102295,4.0,3.640000104904175,3.8399999141693115,6000,0.0,0.0
2023-12-11 00:00:00-05:00,3.880000114440918,3.880000114440918,3.799999952316284,3.880000114440918,17900,0.0,0.0
2023-12-12 00:00:00-05:00,3.880000114440918,3.880000114440918,3.680000066757202,3.799999952316284,11925,0.0,0.0
2023-12-13 00:00:00-05:00,3.759999990463257,3.880000114440918,3.759999990463257,3.880000114440918,3075,0.0,0.0
2023-12-14 00:00:00-05:00,3.799999952316284,3.880000114440918,3.640000104904175,3.799999952316284,3050,0.0,0.0
2023-12-15 00:00:00-05:00,3.7200000286102295,3.880000114440918,3.680000066757202,3.880000114440918,2275,0.0,0.0
2023-12-18 00:00:00-05:00,3.7200000286102295,4.159999847412109,3.7200000286102295,4.119999885559082,6025,0.0,0.0
2023-12-19 00:00:00-05:00,4.039999961853027,4.320000171661377,4.039999961853027,4.199999809265137,6025,0.0,0.0
2023-12-20 00:00:00-05:00,4.239999771118164,4.239999771118164,3.799999952316284,3.9600000381469727,16100,0.0,0.0
2023-12-21 00:00:00-05:00,4.039999961853027,4.199999809265137,4.0,4.119999885559082,12575,0.0,0.0
2023-12-22 00:00:00-05:00,4.159999847412109,4.28000020980835,3.9600000381469727,4.039999961853027,16425,0.0,0.0
2023-12-26 00:00:00-05:00,3.9600000381469727,4.0,3.5999999046325684,3.799999952316284,7025,0.0,0.0
2023-12-27 00:00:00-05:00,3.799999952316284,3.799999952316284,3.2799999713897705,3.559999942779541,16550,0.0,0.0
2023-12-28 00:00:00-05:00,3.319999933242798,3.5999999046325684,3.319999933242798,3.4000000953674316,9625,0.0,0.0
2023-12-29 00:00:00-05:00,3.559999942779541,3.5999999046325684,3.319999933242798,3.319999933242798,5775,0.0,0.0
2024-01-02 00:00:00-05:00,3.359999895095825,3.5199999809265137,3.319999933242798,3.440000057220459,1200,0.0,0.0
2024-01-03 00:00:00-05:00,3.559999942779541,3.559999942779541,3.319999933242798,3.5199999809265137,2700,0.0,0.0
2024-01-04 00:00:00-05:00,3.440000057220459,3.440000057220459,3.319999933242798,3.440000057220459,1550,0.0,0.0
2024-01-05 00:00:00-05:00,3.319999933242798,3.440000057220459,3.319999933242798,3.359999895095825,875,0.0,0.0
2024-01-08 00:00:00-05:00,3.359999895095825,3.440000057220459,3.359999895095825,3.359999895095825,5200,0.0,0.0
2024-01-09 00:00:00-05:00,3.4000000953674316,3.5199999809265137,3.1600000858306885,3.1600000858306885,11975,0.0,0.0
2024-01-10 00:00:00-05:00,3.1600000858306885,3.4000000953674316,3.1600000858306885,3.2799999713897705,2325,0.0,0.0
2024-01-11 00:00:00-05:00,3.2799999713897705,3.2799999713897705,3.240000009536743,3.2799999713897705,1425,0.0,0.0
2024-01-12 00:00:00-05:00,3.2799999713897705,3.2799999713897705,3.1600000858306885,3.1600000858306885,4825,0.0,0.0
2024-01-16 00:00:00-05:00,3.200000047683716,3.4000000953674316,3.200000047683716,3.359999895095825,5000,0.0,0.0
2024-01-17 00:00:00-05:00,3.240000009536743,3.4000000953674316,3.200000047683716,3.240000009536743,2175,0.0,0.0
2024-01-18 00:00:00-05:00,3.240000009536743,3.359999895095825,3.200000047683716,3.240000009536743,1450,0.0,0.0
2024-01-19 00:00:00-05:00,3.2799999713897705,3.2799999713897705,3.200000047683716,3.240000009536743,1650,0.0,0.0
2024-01-22 00:00:00-05:00,3.240000009536743,3.359999895095825,3.119999885559082,3.359999895095825,1950,0.0,0.0
2024-01-23 00:00:00-05:00,3.200000047683716,3.5199999809265137,3.1600000858306885,3.4000000953674316,9900,0.0,0.0
2024-01-24 00:00:00-05:00,3.2799999713897705,3.440000057220459,3.1600000858306885,3.359999895095825,4600,0.0,0.0
2024-01-25 00:00:00-05:00,3.359999895095825,3.680000066757202,3.2799999713897705,3.4000000953674316,14025,0.0,0.0
2024-01-26 00:00:00-05:00,3.559999942779541,4.400000095367432,3.4000000953674316,4.119999885559082,57600,0.0,0.0
2024-01-29 00:00:00-05:00,4.199999809265137,4.199999809265137,3.880000114440918,3.880000114440918,5300,0.0,0.0
2024-01-30 00:00:00-05:00,3.8399999141693115,3.880000114440918,3.799999952316284,3.880000114440918,3650,0.0,0.0
2024-01-31 00:00:00-05:00,3.8399999141693115,3.8399999141693115,3.640000104904175,3.680000066757202,975,0.0,0.0
2024-02-01 00:00:00-05:00,3.680000066757202,4.0,3.5999999046325684,3.8399999141693115,750,0.0,0.0
2024-02-02 00:00:00-05:00,3.7200000286102295,3.799999952316284,3.5199999809265137,3.799999952316284,950,0.0,0.0
2024-02-05 00:00:00-05:00,3.5999999046325684,3.799999952316284,3.5999999046325684,3.680000066757202,450,0.0,0.0
2024-02-06 00:00:00-05:00,3.4800000190734863,3.5999999046325684,3.4800000190734863,3.5199999809265137,1850,0.0,0.0
2024-02-07 00:00:00-05:00,3.5999999046325684,3.5999999046325684,3.2799999713897705,3.2799999713897705,5400,0.0,0.0
2024-02-08 00:00:00-05:00,3.799999952316284,3.8399999141693115,3.200000047683716,3.4000000953674316,11375,0.0,0.0
2024-02-09 00:00:00-05:00,3.559999942779541,3.5999999046325684,3.440000057220459,3.5999999046325684,675,0.0,0.0
2024-02-12 00:00:00-05:00,3.5999999046325684,3.640000104904175,3.359999895095825,3.359999895095825,3050,0.0,0.0
2024-02-13 00:00:00-05:00,3.4000000953674316,3.4000000953674316,3.359999895095825,3.359999895095825,700,0.0,0.0
2024-02-14 00:00:00-05:00,3.319999933242798,3.5999999046325684,3.2799999713897705,3.440000057220459,1975,0.0,0.0
2024-02-15 00:00:00-05:00,3.799999952316284,4.960000038146973,3.440000057220459,4.28000020980835,83575,0.0,0.0
2024-02-16 00:00:00-05:00,4.0,4.71999979019165,3.680000066757202,4.400000095367432,28100,0.0,0.0
2024-02-20 00:00:00-05:00,4.079999923706055,4.360000133514404,3.7200000286102295,3.7200000286102295,13700,0.0,0.0
2024-02-21 00:00:00-05:00,3.640000104904175,4.0,3.640000104904175,3.799999952316284,5250,0.0,0.0
2024-02-22 00:00:00-05:00,3.880000114440918,3.880000114440918,3.640000104904175,3.7200000286102295,1475,0.0,0.0
2024-02-23 00:00:00-05:00,3.680000066757202,4.0,3.5999999046325684,3.880000114440918,2875,0.0,0.0
2024-02-26 00:00:00-05:00,3.680000066757202,3.880000114440918,3.5999999046325684,3.680000066757202,10950,0.0,0.0
2024-02-27 00:00:00-05:00,3.680000066757202,3.880000114440918,3.640000104904175,3.759999990463257,1475,0.0,0.0
2024-02-28 00:00:00-05:00,3.759999990463257,3.880000114440918,3.640000104904175,3.8399999141693115,4925,0.0,0.0
2024-02-29 00:00:00-05:00,3.799999952316284,3.880000114440918,3.640000104904175,3.880000114440918,5650,0.0,0.0
2024-03-01 00:00:00-05:00,3.880000114440918,3.880000114440918,3.640000104904175,3.799999952316284,1275,0.0,0.0
2024-03-04 00:00:00-05:00,3.7200000286102295,3.759999990463257,3.680000066757202,3.7200000286102295,4075,0.0,0.0
2024-03-05 00:00:00-05:00,3.759999990463257,3.759999990463257,3.4000000953674316,3.5999999046325684,7400,0.0,0.0
2024-03-06 00:00:00-05:00,3.440000057220459,3.5999999046325684,3.440000057220459,3.5999999046325684,1400,0.0,0.0
2024-03-07 00:00:00-05:00,3.5199999809265137,3.799999952316284,3.440000057220459,3.799999952316284,2725,0.0,0.0
2024-03-08 00:00:00-05:00,3.799999952316284,3.799999952316284,3.5999999046325684,3.640000104904175,2200,0.0,0.0
2024-03-11 00:00:00-04:00,3.5199999809265137,3.880000114440918,3.5199999809265137,3.8399999141693115,1400,0.0,0.0
2024-03-12 00:00:00-04:00,3.680000066757202,3.680000066757202,3.5999999046325684,3.680000066757202,1350,0.0,0.0
2024-03-13 00:00:00-04:00,3.559999942779541,3.8399999141693115,3.559999942779541,3.8399999141693115,1275,0.0,0.0
2024-03-14 00:00:00-04:00,3.680000066757202,3.9600000381469727,3.5999999046325684,3.799999952316284,4625,0.0,0.0
2024-03-15 00:00:00-04:00,3.640000104904175,3.9600000381469727,3.640000104904175,3.880000114440918,2975,0.0,0.0
2024-03-18 00:00:00-04:00,3.640000104904175,3.759999990463257,3.640000104904175,3.7200000286102295,1000,0.0,0.0
2024-03-19 00:00:00-04:00,3.559999942779541,3.799999952316284,3.4800000190734863,3.759999990463257,6300,0.0,0.0
2024-03-20 00:00:00-04:00,3.640000104904175,3.640000104904175,3.559999942779541,3.640000104904175,6800,0.0,0.0
2024-03-21 00:00:00-04:00,3.5199999809265137,3.799999952316284,3.4800000190734863,3.7200000286102295,1700,0.0,0.0
2024-03-22 00:00:00-04:00,3.640000104904175,3.640000104904175,3.4800000190734863,3.559999942779541,2450,0.0,0.0
2024-03-25 00:00:00-04:00,3.4800000190734863,3.680000066757202,3.4800000190734863,3.5999999046325684,2225,0.0,0.0
2024-03-26 00:00:00-04:00,3.640000104904175,3.640000104904175,3.4800000190734863,3.5999999046325684,1525,0.0,0.0
2024-03-27 00:00:00-04:00,3.4800000190734863,4.239999771118164,3.4000000953674316,4.079999923706055,16525,0.0,0.0
2024-03-28 00:00:00-04:00,4.0,4.119999885559082,3.559999942779541,4.079999923706055,20650,0.0,0.0
2024-04-01 00:00:00-04:00,3.9600000381469727,4.28000020980835,3.9200000762939453,4.28000020980835,4875,0.0,0.0
2024-04-02 00:00:00-04:00,4.0,4.199999809265137,4.0,4.159999847412109,1025,0.0,0.0
2024-04-03 00:00:00-04:00,4.199999809265137,4.199999809265137,4.039999961853027,4.119999885559082,1275,0.0,0.0
2024-04-04 00:00:00-04:00,3.9600000381469727,4.239999771118164,3.9600000381469727,4.159999847412109,2775,0.0,0.0
2024-04-05 00:00:00-04:00,4.0,4.199999809265137,4.0,4.199999809265137,13625,0.0,0.0
2024-04-08 00:00:00-04:00,4.199999809265137,4.199999809265137,4.0,4.199999809265137,5850,0.0,0.0
2024-04-09 00:00:00-04:00,4.039999961853027,4.159999847412109,4.039999961853027,4.079999923706055,1100,0.0,0.0
2024-04-10 00:00:00-04:00,4.039999961853027,4.239999771118164,3.8399999141693115,4.239999771118164,8400,0.0,0.0
2024-04-11 00:00:00-04:00,4.239999771118164,4.239999771118164,3.9600000381469727,4.119999885559082,2075,0.0,0.0
2024-04-12 00:00:00-04:00,3.9600000381469727,4.159999847412109,3.799999952316284,4.0,3375,0.0,0.0
2024-04-15 00:00:00-04:00,4.079999923706055,4.159999847412109,3.799999952316284,4.039999961853027,7550,0.0,0.0
2024-04-16 00:00:00-04:00,4.079999923706055,4.079999923706055,3.8399999141693115,4.0,800,0.0,0.0
2024-04-17 00:00:00-04:00,3.880000114440918,4.119999885559082,3.680000066757202,4.119999885559082,975,0.0,0.0
2024-04-18 00:00:00-04:00,3.8399999141693115,4.039999961853027,3.640000104904175,4.0,1450,0.0,0.0
2024-04-19 00:00:00-04:00,3.880000114440918,4.0,3.759999990463257,3.9600000381469727,1775,0.0,0.0
2024-04-22 00:00:00-04:00,3.9200000762939453,4.039999961853027,3.759999990463257,3.9600000381469727,37800,0.0,0.0
2024-04-23 00:00:00-04:00,3.8399999141693115,3.880000114440918,3.680000066757202,3.799999952316284,3400,0.0,0.0
2024-04-24 00:00:00-04:00,3.680000066757202,4.0,3.680000066757202,3.7200000286102295,1050,0.0,0.0
2024-04-25 00:00:00-04:00,3.799999952316284,4.0,3.7200000286102295,3.9200000762939453,1600,0.0,0.0
2024-04-26 00:00:00-04:00,3.880000114440918,4.0,3.880000114440918,3.9600000381469727,3500,0.0,0.0
2024-04-29 00:00:00-04:00,3.880000114440918,4.0,3.759999990463257,3.759999990463257,3075,0.0,0.0
2024-04-30 00:00:00-04:00,3.5999999046325684,3.8399999141693115,3.5999999046325684,3.8399999141693115,225,0.0,0.0
2024-05-01 00:00:00-04:00,3.9200000762939453,3.9200000762939453,3.5999999046325684,3.7200000286102295,23575,0.0,0.0
2024-05-02 00:00:00-04:00,3.7200000286102295,3.7200000286102295,3.7200000286102295,3.7200000286102295,375,0.0,0.0
2024-05-03 00:00:00-04:00,3.680000066757202,3.9200000762939453,3.0399999618530273,3.4000000953674316,22950,0.0,0.0
2024-05-06 00:00:00-04:00,3.5199999809265137,3.5199999809265137,3.200000047683716,3.4800000190734863,3650,0.0,0.0
2024-05-07 00:00:00-04:00,3.319999933242798,3.4000000953674316,3.200000047683716,3.359999895095825,2075,0.0,0.0
2024-05-08 00:00:00-04:00,3.2799999713897705,3.319999933242798,3.2799999713897705,3.2799999713897705,625,0.0,0.0
2024-05-09 00:00:00-04:00,3.240000009536743,3.240000009536743,3.200000047683716,3.240000009536743,1200,0.0,0.0
2024-05-10 00:00:00-04:00,3.319999933242798,3.559999942779541,3.200000047683716,3.240000009536743,1375,0.0,0.0
2024-05-13 00:00:00-04:00,3.2799999713897705,3.4800000190734863,3.2799999713897705,3.319999933242798,1650,0.0,0.0
2024-05-14 00:00:00-04:00,3.440000057220459,3.4800000190734863,3.200000047683716,3.240000009536743,8575,0.0,0.0
2024-05-15 00:00:00-04:00,3.200000047683716,3.4000000953674316,3.200000047683716,3.240000009536743,2400,0.0,0.0
2024-05-16 00:00:00-04:00,3.200000047683716,3.5999999046325684,2.5999999046325684,2.799999952316284,28400,0.0,0.0
2024-05-17 00:00:00-04:00,2.8399999141693115,3.4000000953674316,2.8399999141693115,3.0399999618530273,4650,0.0,0.0
2024-05-20 00:00:00-04:00,3.119999885559082,3.1600000858306885,2.9200000762939453,3.1600000858306885,2775,0.0,0.0
2024-05-21 00:00:00-04:00,3.0399999618530273,3.359999895095825,3.0399999618530273,3.359999895095825,1225,0.0,0.0
2024-05-22 00:00:00-04:00,3.1600000858306885,3.359999895095825,3.0,3.319999933242798,7850,0.0,0.0
2024-05-23 00:00:00-04:00,3.1600000858306885,3.200000047683716,3.0399999618530273,3.0799999237060547,3000,0.0,0.0
2024-05-24 00:00:00-04:00,3.0,3.319999933242798,3.0,3.319999933242798,1100,0.0,0.0
2024-05-28 00:00:00-04:00,3.0,3.1600000858306885,3.0,3.1600000858306885,1450,0.0,0.0
2024-05-29 00:00:00-04:00,3.0799999237060547,3.2799999713897705,3.0,3.2799999713897705,1150,0.0,0.0
2024-05-30 00:00:00-04:00,3.200000047683716,3.2799999713897705,3.119999885559082,3.200000047683716,2400,0.0,0.0
2024-05-31 00:00:00-04:00,3.119999885559082,3.240000009536743,3.119999885559082,3.240000009536743,475,0.0,0.0
2024-06-03 00:00:00-04:00,3.240000009536743,3.319999933242798,3.0799999237060547,3.319999933242798,1900,0.0,0.0
2024-06-04 00:00:00-04:00,3.119999885559082,3.2799999713897705,3.0799999237060547,3.2799999713897705,3025,0.0,0.0
2024-06-05 00:00:00-04:00,3.240000009536743,3.4000000953674316,3.0799999237060547,3.4000000953674316,9050,0.0,0.0
2024-06-06 00:00:00-04:00,3.440000057220459,3.5999999046325684,3.1600000858306885,3.5999999046325684,4825,0.0,0.0
2024-06-07 00:00:00-04:00,3.319999933242798,3.4000000953674316,3.240000009536743,3.4000000953674316,1950,0.0,0.0
2024-06-10 00:00:00-04:00,3.4800000190734863,3.4800000190734863,3.4800000190734863,3.4800000190734863,450,0.0,0.0
2024-06-11 00:00:00-04:00,3.2799999713897705,3.4800000190734863,3.240000009536743,3.4800000190734863,1450,0.0,0.0
2024-06-12 00:00:00-04:00,3.240000009536743,3.440000057220459,3.240000009536743,3.440000057220459,850,0.0,0.0
2024-06-13 00:00:00-04:00,3.359999895095825,3.359999895095825,3.2799999713897705,3.319999933242798,2525,0.0,0.0
2024-06-14 00:00:00-04:00,3.2799999713897705,3.319999933242798,2.799999952316284,3.2799999713897705,5525,0.0,0.0
2024-06-17 00:00:00-04:00,3.1600000858306885,3.319999933242798,2.880000114440918,3.319999933242798,10425,0.0,0.0
2024-06-18 00:00:00-04:00,3.119999885559082,3.200000047683716,3.119999885559082,3.200000047683716,1750,0.0,0.0
2024-06-20 00:00:00-04:00,3.119999885559082,3.319999933242798,3.119999885559082,3.319999933242798,1300,0.0,0.0
2024-06-21 00:00:00-04:00,2.9600000381469727,3.640000104904175,2.9600000381469727,3.640000104904175,4600,0.0,0.0
2024-06-24 00:00:00-04:00,3.119999885559082,3.559999942779541,3.119999885559082,3.559999942779541,875,0.0,0.0
2024-06-25 00:00:00-04:00,3.0399999618530273,3.0399999618530273,2.880000114440918,2.9600000381469727,14125,0.0,0.0
2024-06-26 00:00:00-04:00,2.9600000381469727,3.0399999618530273,2.880000114440918,3.0,750,0.0,0.0
2024-06-27 00:00:00-04:00,2.880000114440918,3.119999885559082,2.8399999141693115,3.0399999618530273,1200,0.0,0.0
2024-06-28 00:00:00-04:00,2.880000114440918,3.0399999618530273,2.880000114440918,3.0399999618530273,875,0.0,0.0
2024-07-01 00:00:00-04:00,3.0,3.0799999237060547,2.880000114440918,3.0799999237060547,1075,0.0,0.0
2024-07-02 00:00:00-04:00,2.9200000762939453,3.0799999237060547,2.9200000762939453,3.0799999237060547,1050,0.0,0.0
2024-07-03 00:00:00-04:00,2.880000114440918,3.0,2.880000114440918,2.9200000762939453,925,0.0,0.0
2024-07-05 00:00:00-04:00,2.9200000762939453,3.319999933242798,2.9200000762939453,3.200000047683716,2700,0.0,0.0
2024-07-08 00:00:00-04:00,3.240000009536743,3.240000009536743,2.9200000762939453,3.0,1900,0.0,0.0
2024-07-09 00:00:00-04:00,2.880000114440918,3.200000047683716,2.880000114440918,3.200000047683716,475,0.0,0.0
2024-07-10 00:00:00-04:00,2.9600000381469727,3.119999885559082,2.9600000381469727,3.119999885559082,2400,0.0,0.0
2024-07-11 00:00:00-04:00,3.0,3.119999885559082,3.0,3.119999885559082,1325,0.0,0.0
2024-07-12 00:00:00-04:00,3.0,3.2799999713897705,3.0,3.240000009536743,4700,0.0,0.0
2024-07-15 00:00:00-04:00,3.200000047683716,3.240000009536743,3.0399999618530273,3.240000009536743,900,0.0,0.0
2024-07-16 00:00:00-04:00,3.0,3.200000047683716,3.0,3.0399999618530273,700,0.0,0.0
2024-07-17 00:00:00-04:00,3.200000047683716,3.200000047683716,3.0399999618530273,3.1600000858306885,3925,0.0,0.0
2024-07-18 00:00:00-04:00,3.0799999237060547,3.200000047683716,3.0799999237060547,3.200000047683716,500,0.0,0.0
2024-07-19 00:00:00-04:00,3.200000047683716,3.200000047683716,3.0399999618530273,3.200000047683716,1225,0.0,0.0
2024-07-22 00:00:00-04:00,3.119999885559082,3.240000009536743,3.0399999618530273,3.0799999237060547,1675,0.0,0.0
2024-07-23 00:00:00-04:00,3.0799999237060547,3.240000009536743,3.0799999237060547,3.1600000858306885,2375,0.0,0.0
2024-07-24 00:00:00-04:00,3.0399999618530273,3.240000009536743,3.0399999618530273,3.240000009536743,725,0.0,0.0
2024-07-25 00:00:00-04:00,3.0399999618530273,3.200000047683716,3.0399999618530273,3.200000047683716,200,0.0,0.0
2024-07-26 00:00:00-04:00,3.0,3.1600000858306885,3.0,3.1600000858306885,450,0.0,0.0
2024-07-29 00:00:00-04:00,3.1600000858306885,3.200000047683716,3.0399999618530273,3.200000047683716,325,0.0,0.0
2024-07-30 00:00:00-04:00,2.9600000381469727,3.200000047683716,2.9600000381469727,3.119999885559082,525,0.0,0.0
2024-07-31 00:00:00-04:00,2.9600000381469727,3.200000047683716,2.9600000381469727,2.9600000381469727,875,0.0,0.0
2024-08-01 00:00:00-04:00,3.1600000858306885,3.200000047683716,2.9600000381469727,3.0799999237060547,900,0.0,0.0
2024-08-02 00:00:00-04:00,2.9600000381469727,3.0799999237060547,2.9600000381469727,3.0799999237060547,225,0.0,0.0
2024-08-05 00:00:00-04:00,2.8399999141693115,2.9200000762939453,2.799999952316284,2.880000114440918,2775,0.0,0.0
2024-08-06 00:00:00-04:00,3.0399999618530273,3.0399999618530273,2.799999952316284,2.880000114440918,375,0.0,0.0
2024-08-07 00:00:00-04:00,3.119999885559082,3.1600000858306885,3.119999885559082,3.1600000858306885,3975,0.0,0.0
2024-08-08 00:00:00-04:00,2.8399999141693115,3.4000000953674316,2.8399999141693115,3.200000047683716,3275,0.0,0.0
2024-08-09 00:00:00-04:00,3.240000009536743,3.240000009536743,2.880000114440918,3.200000047683716,1675,0.0,0.0
2024-08-12 00:00:00-04:00,2.9200000762939453,3.200000047683716,2.880000114440918,3.200000047683716,5925,0.0,0.0
2024-08-13 00:00:00-04:00,2.880000114440918,3.200000047683716,2.8399999141693115,2.8399999141693115,2600,0.0,0.0
2024-08-14 00:00:00-04:00,3.0,3.0,2.880000114440918,2.9200000762939453,725,0.0,0.0
2024-08-15 00:00:00-04:00,2.8399999141693115,3.0,2.640000104904175,2.799999952316284,9450,0.0,0.0
2024-08-16 00:00:00-04:00,2.880000114440918,2.880000114440918,2.319999933242798,2.559999942779541,16950,0.0,0.0
2024-08-19 00:00:00-04:00,2.440000057220459,2.680000066757202,2.440000057220459,2.440000057220459,2050,0.0,0.0
2024-08-20 00:00:00-04:00,2.559999942779541,2.759999990463257,2.559999942779541,2.5999999046325684,1675,0.0,0.0
2024-08-21 00:00:00-04:00,2.640000104904175,2.640000104904175,2.559999942779541,2.5999999046325684,1150,0.0,0.0
2024-08-22 00:00:00-04:00,2.559999942779541,2.680000066757202,2.559999942779541,2.559999942779541,475,0.0,0.0
2024-08-23 00:00:00-04:00,2.440000057220459,2.7200000286102295,2.4000000953674316,2.7200000286102295,2100,0.0,0.0
2024-08-26 00:00:00-04:00,2.7200000286102295,2.7200000286102295,2.4800000190734863,2.680000066757202,2075,0.0,0.0
2024-08-27 00:00:00-04:00,2.7200000286102295,2.7200000286102295,2.4000000953674316,2.440000057220459,16000,0.0,0.0
2024-08-28 00:00:00-04:00,2.559999942779541,2.559999942779541,2.440000057220459,2.440000057220459,1475,0.0,0.0
2024-08-29 00:00:00-04:00,2.440000057220459,2.440000057220459,2.4000000953674316,2.440000057220459,3700,0.0,0.0
2024-08-30 00:00:00-04:00,2.440000057220459,2.5199999809265137,2.440000057220459,2.5199999809265137,275,0.0,0.0
2024-09-03 00:00:00-04:00,2.4000000953674316,2.4000000953674316,1.8799999952316284,2.119999885559082,17500,0.0,0.0
2024-09-04 00:00:00-04:00,1.9600000381469727,2.0,1.600000023841858,1.840000033378601,283500,0.0,0.0
2024-09-05 00:00:00-04:00,1.6799999475479126,2.0399999618530273,1.6799999475479126,1.9600000381469727,12775,0.0,0.0
2024-09-06 00:00:00-04:00,1.7200000286102295,2.0,1.7200000286102295,2.0,1025,0.0,0.0
2024-09-09 00:00:00-04:00,1.840000033378601,1.9199999570846558,1.7599999904632568,1.7999999523162842,5075,0.0,0.0
2024-09-10 00:00:00-04:00,1.7200000286102295,1.7599999904632568,1.600000023841858,1.7599999904632568,8475,0.0,0.0
2024-09-11 00:00:00-04:00,1.9600000381469727,2.759999990463257,1.8799999952316284,2.5199999809265137,563550,0.0,0.0
2024-09-12 00:00:00-04:00,2.319999933242798,2.359999895095825,2.0799999237060547,2.359999895095825,42050,0.0,0.0
2024-09-13 00:00:00-04:00,2.119999885559082,2.359999895095825,2.119999885559082,2.2799999713897705,5775,0.0,0.0
2024-09-16 00:00:00-04:00,2.1600000858306885,2.2799999713897705,2.1600000858306885,2.240000009536743,6575,0.0,0.0
2024-09-17 00:00:00-04:00,2.1600000858306885,2.2799999713897705,2.0399999618530273,2.240000009536743,3575,0.0,0.0
2024-09-18 00:00:00-04:00,2.1600000858306885,2.200000047683716,2.0799999237060547,2.200000047683716,950,0.0,0.0
2024-09-19 00:00:00-04:00,2.0799999237060547,2.2799999713897705,2.0,2.0799999237060547,2675,0.0,0.0
2024-09-20 00:00:00-04:00,2.0799999237060547,2.0799999237060547,2.0399999618530273,2.0399999618530273,3375,0.0,0.0
2024-09-23 00:00:00-04:00,2.0799999237060547,2.200000047683716,2.0399999618530273,2.200000047683716,3025,0.0,0.0
2024-09-24 00:00:00-04:00,2.0399999618530273,2.240000009536743,2.0,2.240000009536743,3525,0.0,0.0
2024-09-25 00:00:00-04:00,2.0399999618530273,2.200000047683716,2.0399999618530273,2.200000047683716,7050,0.0,0.0
2024-09-26 00:00:00-04:00,2.1600000858306885,3.5199999809265137,2.0799999237060547,2.559999942779541,1102850,0.0,0.0
2024-09-27 00:00:00-04:00,2.680000066757202,4.199999809265137,2.5999999046325684,3.240000009536743,7711125,0.0,0.0
2024-09-30 00:00:00-04:00,3.309999942779541,4.53000020980835,3.0,4.400000095367432,2492800,0.0,0.25
2024-10-01 00:00:00-04:00,3.9800000190734863,3.9800000190734863,2.9000000953674316,3.299999952316284,273500,0.0,0.0
2024-10-02 00:00:00-04:00,3.069999933242798,3.069999933242798,2.309999942779541,2.7200000286102295,250400,0.0,0.0
2024-10-03 00:00:00-04:00,2.549999952316284,2.6700000762939453,2.3299999237060547,2.5,147000,0.0,0.0
2024-10-04 00:00:00-04:00,2.4200000762939453,2.6500000953674316,2.2300000190734863,2.4600000381469727,98800,0.0,0.0
2024-10-07 00:00:00-04:00,2.4700000286102295,2.5,2.309999942779541,2.359999895095825,40200,0.0,0.0
2024-10-08 00:00:00-04:00,2.200000047683716,2.369999885559082,2.049999952316284,2.259999990463257,80900,0.0,0.0
2024-10-09 00:00:00-04:00,2.049999952316284,2.3399999141693115,1.850000023841858,2.1700000762939453,47800,0.0,0.0
2024-10-10 00:00:00-04:00,2.1700000762939453,2.3299999237060547,2.1700000762939453,2.2799999713897705,22800,0.0,0.0
2024-10-11 00:00:00-04:00,2.069999933242798,2.1600000858306885,1.899999976158142,2.0199999809265137,91700,0.0,0.0
2024-10-14 00:00:00-04:00,1.940000057220459,2.049999952316284,1.7699999809265137,1.8600000143051147,48600,0.0,0.0
2024-10-15 00:00:00-04:00,1.8700000047683716,2.0,1.8600000143051147,1.9800000190734863,36800,0.0,0.0
2024-10-16 00:00:00-04:00,1.9800000190734863,2.0199999809265137,1.9500000476837158,1.9800000190734863,44600,0.0,0.0
2024-10-17 00:00:00-04:00,2.0299999713897705,2.130000114440918,2.0299999713897705,2.0899999141693115,34700,0.0,0.0
2024-10-18 00:00:00-04:00,2.1500000953674316,2.4000000953674316,2.119999885559082,2.2100000381469727,67700,0.0,0.0
2024-10-21 00:00:00-04:00,2.240000009536743,2.4200000762939453,2.0399999618530273,2.0399999618530273,80300,0.0,0.0
2024-10-22 00:00:00-04:00,2.0399999618530273,2.049999952316284,1.899999976158142,1.940000057220459,24400,0.0,0.0
2024-10-23 00:00:00-04:00,1.940000057220459,1.9500000476837158,1.8300000429153442,1.840000033378601,32800,0.0,0.0
2024-10-24 00:00:00-04:00,1.840000033378601,1.840000033378601,1.75,1.7999999523162842,25500,0.0,0.0
2024-10-25 00:00:00-04:00,1.7999999523162842,2.069999933242798,1.7599999904632568,1.840000033378601,42900,0.0,0.0
2024-10-28 00:00:00-04:00,1.8899999856948853,2.0,1.8899999856948853,1.940000057220459,43700,0.0,0.0
2024-10-29 00:00:00-04:00,1.940000057220459,2.390000104904175,1.940000057220459,2.2100000381469727,342400,0.0,0.0
2024-10-30 00:00:00-04:00,2.0899999141693115,2.1700000762939453,1.7599999904632568,1.9500000476837158,107500,0.0,0.0
2024-10-31 00:00:00-04:00,1.9500000476837158,2.009999990463257,1.7799999713897705,1.7899999618530273,52700,0.0,0.0
2024-11-01 00:00:00-04:00,1.7899999618530273,1.850000023841858,1.690000057220459,1.7999999523162842,32000,0.0,0.0
2024-11-04 00:00:00-05:00,1.7999999523162842,1.9299999475479126,1.75,1.850000023841858,39900,0.0,0.0
2024-11-05 00:00:00-05:00,1.809999942779541,1.9500000476837158,1.7599999904632568,1.7599999904632568,50900,0.0,0.0
2024-11-06 00:00:00-05:00,1.7999999523162842,1.8300000429153442,1.690000057220459,1.7899999618530273,31400,0.0,0.0
2024-11-07 00:00:00-05:00,1.7899999618530273,2.049999952316284,1.7200000286102295,1.9299999475479126,118700,0.0,0.0
2024-11-08 00:00:00-05:00,1.9199999570846558,2.0899999141693115,1.600000023841858,1.8200000524520874,47700,0.0,0.0
2024-11-11 00:00:00-05:00,1.8200000524520874,2.0999999046325684,1.8200000524520874,2.009999990463257,153200,0.0,0.0
2024-11-12 00:00:00-05:00,1.9700000286102295,2.180000066757202,1.8200000524520874,1.9299999475479126,131400,0.0,0.0
2024-11-13 00:00:00-05:00,1.8799999952316284,2.0,1.8200000524520874,1.8300000429153442,47900,0.0,0.0
2024-11-14 00:00:00-05:00,1.850000023841858,1.9299999475479126,1.7300000190734863,1.7699999809265137,46100,0.0,0.0
2024-11-15 00:00:00-05:00,1.7699999809265137,1.850000023841858,1.6399999856948853,1.6399999856948853,47700,0.0,0.0
2024-11-18 00:00:00-05:00,1.649999976158142,1.690000057220459,1.5800000429153442,1.6100000143051147,28700,0.0,0.0
2024-11-19 00:00:00-05:00,1.6100000143051147,1.6200000047683716,1.5399999618530273,1.5800000429153442,21500,0.0,0.0
2024-11-20 00:00:00-05:00,1.5800000429153442,1.6399999856948853,1.5399999618530273,1.5499999523162842,20100,0.0,0.0
2024-11-21 00:00:00-05:00,1.559999942779541,1.6100000143051147,1.4700000286102295,1.590000033378601,20800,0.0,0.0
2024-11-22 00:00:00-05:00,1.590000033378601,1.7200000286102295,1.590000033378601,1.659999966621399,29900,0.0,0.0
2024-11-25 00:00:00-05:00,1.6699999570846558,1.75,1.649999976158142,1.7000000476837158,39500,0.0,0.0
2024-11-26 00:00:00-05:00,1.7000000476837158,1.7599999904632568,1.6799999475479126,1.690000057220459,16200,0.0,0.0
2024-11-27 00:00:00-05:00,1.7300000190734863,1.7799999713897705,1.5099999904632568,1.6699999570846558,17200,0.0,0.0
2024-11-29 00:00:00-05:00,1.6799999475479126,1.690000057220459,1.600000023841858,1.600000023841858,21800,0.0,0.0
2024-12-02 00:00:00-05:00,1.600000023841858,1.690000057220459,1.600000023841858,1.6799999475479126,12100,0.0,0.0
2024-12-03 00:00:00-05:00,1.7000000476837158,1.7300000190734863,1.659999966621399,1.7300000190734863,8100,0.0,0.0
2024-12-04 00:00:00-05:00,1.7300000190734863,1.809999942779541,1.7200000286102295,1.7200000286102295,27900,0.0,0.0
2024-12-05 00:00:00-05:00,1.7899999618530273,1.7899999618530273,1.7000000476837158,1.7000000476837158,5800,0.0,0.0
2024-12-06 00:00:00-05:00,1.6200000047683716,1.8799999952316284,1.6200000047683716,1.8300000429153442,56200,0.0,0.0
2024-12-09 00:00:00-05:00,1.7699999809265137,1.850000023841858,1.75,1.8200000524520874,10000,0.0,0.0
2024-12-10 00:00:00-05:00,1.7599999904632568,1.840000033378601,1.7599999904632568,1.7799999713897705,13800,0.0,0.0
2024-12-11 00:00:00-05:00,1.7799999713897705,1.7999999523162842,1.7000000476837158,1.7599999904632568,11800,0.0,0.0
2024-12-12 00:00:00-05:00,1.7400000095367432,1.850000023841858,1.659999966621399,1.690000057220459,5800,0.0,0.0
2024-12-13 00:00:00-05:00,1.6399999856948853,1.8200000524520874,1.6399999856948853,1.690000057220459,1500,0.0,0.0
2024-12-16 00:00:00-05:00,1.6699999570846558,1.7200000286102295,1.6299999952316284,1.690000057220459,11000,0.0,0.0
2024-12-17 00:00:00-05:00,1.6299999952316284,1.690000057220459,1.6299999952316284,1.659999966621399,9300,0.0,0.0
2024-12-18 00:00:00-05:00,1.659999966621399,1.7799999713897705,1.659999966621399,1.7400000095367432,19300,0.0,0.0
2024-12-19 00:00:00-05:00,1.7300000190734863,1.7799999713897705,1.649999976158142,1.7200000286102295,26900,0.0,0.0
2024-12-20 00:00:00-05:00,1.690000057220459,1.690000057220459,1.6299999952316284,1.6299999952316284,7800,0.0,0.0
2024-12-23 00:00:00-05:00,1.6299999952316284,1.909999966621399,1.5700000524520874,1.8700000047683716,104200,0.0,0.0
2024-12-24 00:00:00-05:00,1.809999942779541,2.0,1.690000057220459,1.8200000524520874,101000,0.0,0.0
2024-12-26 00:00:00-05:00,1.9299999475479126,2.1700000762939453,1.7799999713897705,1.9299999475479126,113200,0.0,0.0
2024-12-27 00:00:00-05:00,1.8799999952316284,1.9800000190734863,1.8799999952316284,1.9299999475479126,10600,0.0,0.0
2024-12-30 00:00:00-05:00,1.9199999570846558,1.9600000381469727,1.840000033378601,1.8799999952316284,15600,0.0,0.0
2024-12-31 00:00:00-05:00,1.8200000524520874,2.0899999141693115,1.7899999618530273,1.7999999523162842,16700,0.0,0.0
2025-01-02 00:00:00-05:00,1.8799999952316284,1.9900000095367432,1.8300000429153442,1.9299999475479126,16800,0.0,0.0
2025-01-03 00:00:00-05:00,1.9199999570846558,2.0199999809265137,1.909999966621399,1.9199999570846558,7400,0.0,0.0
2025-01-06 00:00:00-05:00,1.9500000476837158,2.0,1.9299999475479126,1.9299999475479126,8400,0.0,0.0
2025-01-07 00:00:00-05:00,1.9800000190734863,1.9800000190734863,1.8799999952316284,1.8799999952316284,12200,0.0,0.0
2025-01-08 00:00:00-05:00,1.8899999856948853,1.8899999856948853,1.7899999618530273,1.7899999618530273,9300,0.0,0.0
2025-01-10 00:00:00-05:00,1.7899999618530273,1.7899999618530273,1.659999966621399,1.659999966621399,12000,0.0,0.0
2025-01-13 00:00:00-05:00,1.6699999570846558,1.75,1.649999976158142,1.6799999475479126,27100,0.0,0.0
2025-01-14 00:00:00-05:00,1.690000057220459,1.7400000095367432,1.4299999475479126,1.4600000381469727,48400,0.0,0.0
2025-01-15 00:00:00-05:00,1.4700000286102295,1.659999966621399,1.4700000286102295,1.659999966621399,11400,0.0,0.0
2025-01-16 00:00:00-05:00,1.690000057220459,1.7200000286102295,1.659999966621399,1.7000000476837158,26100,0.0,0.0
2025-01-17 00:00:00-05:00,1.7000000476837158,1.7000000476837158,1.6299999952316284,1.6299999952316284,8100,0.0,0.0
2025-01-21 00:00:00-05:00,1.6399999856948853,1.7400000095367432,1.6399999856948853,1.7200000286102295,1243500,0.0,0.0
2025-01-22 00:00:00-05:00,1.7200000286102295,2.0,1.659999966621399,1.8300000429153442,260300,0.0,0.0
2025-01-23 00:00:00-05:00,1.75,1.75,1.6200000047683716,1.7300000190734863,35900,0.0,0.0
2025-01-24 00:00:00-05:00,1.7300000190734863,1.7899999618530273,1.659999966621399,1.7899999618530273,15500,0.0,0.0
2025-01-27 00:00:00-05:00,1.7300000190734863,1.7899999618530273,1.7100000381469727,1.7699999809265137,13900,0.0,0.0
2025-01-28 00:00:00-05:00,1.7899999618530273,1.8200000524520874,1.6699999570846558,1.7000000476837158,18800,0.0,0.0
2025-01-29 00:00:00-05:00,1.6699999570846558,1.7699999809265137,1.5199999809265137,1.6399999856948853,35000,0.0,0.0
2025-01-30 00:00:00-05:00,1.649999976158142,1.7000000476837158,1.6399999856948853,1.649999976158142,5900,0.0,0.0
2025-01-31 00:00:00-05:00,1.649999976158142,1.7999999523162842,1.649999976158142,1.7000000476837158,36600,0.0,0.0
2025-02-03 00:00:00-05:00,1.7100000381469727,1.7200000286102295,1.6699999570846558,1.6799999475479126,3200,0.0,0.0
2025-02-04 00:00:00-05:00,1.6699999570846558,1.6699999570846558,1.6200000047683716,1.6399999856948853,10300,0.0,0.0
2025-02-05 00:00:00-05:00,1.6299999952316284,1.6299999952316284,1.6100000143051147,1.6200000047683716,1800,0.0,0.0
2025-02-06 00:00:00-05:00,1.6399999856948853,1.6399999856948853,1.6399999856948853,1.6399999856948853,1100,0.0,0.0
2025-02-07 00:00:00-05:00,1.6399999856948853,1.6399999856948853,1.600000023841858,1.600000023841858,4100,0.0,0.0
2025-02-10 00:00:00-05:00,1.6100000143051147,1.690000057220459,1.600000023841858,1.690000057220459,7900,0.0,0.0
2025-02-11 00:00:00-05:00,1.6799999475479126,1.690000057220459,1.6299999952316284,1.6299999952316284,3300,0.0,0.0
2025-02-12 00:00:00-05:00,1.6299999952316284,1.649999976158142,1.600000023841858,1.6100000143051147,2200,0.0,0.0
2025-02-13 00:00:00-05:00,1.6100000143051147,1.6699999570846558,1.6100000143051147,1.659999966621399,2300,0.0,0.0
2025-02-14 00:00:00-05:00,1.659999966621399,1.659999966621399,1.6200000047683716,1.6299999952316284,900,0.0,0.0
2025-02-18 00:00:00-05:00,1.6299999952316284,1.649999976158142,1.6200000047683716,1.6200000047683716,2100,0.0,0.0
2025-02-19 00:00:00-05:00,1.6100000143051147,1.6200000047683716,1.559999942779541,1.6200000047683716,11600,0.0,0.0
2025-02-20 00:00:00-05:00,1.6399999856948853,1.6399999856948853,1.6200000047683716,1.6200000047683716,3100,0.0,0.0
2025-02-21 00:00:00-05:00,1.600000023841858,1.6200000047683716,1.559999942779541,1.6200000047683716,10500,0.0,0.0
2025-02-24 00:00:00-05:00,1.590000033378601,1.6200000047683716,1.5,1.5,22900,0.0,0.0
2025-02-25 00:00:00-05:00,1.6299999952316284,1.7200000286102295,1.5399999618530273,1.6799999475479126,37700,0.0,0.0
2025-02-26 00:00:00-05:00,1.6799999475479126,1.6799999475479126,1.600000023841858,1.6799999475479126,9300,0.0,0.0
2025-02-27 00:00:00-05:00,1.6100000143051147,1.649999976158142,1.6100000143051147,1.6399999856948853,3700,0.0,0.0
2025-02-28 00:00:00-05:00,1.6200000047683716,1.6200000047683716,1.5299999713897705,1.5499999523162842,5300,0.0,0.0
2025-03-03 00:00:00-05:00,1.5800000429153442,1.5800000429153442,1.5399999618530273,1.5499999523162842,7400,0.0,0.0
2025-03-04 00:00:00-05:00,1.5199999809265137,1.5700000524520874,1.4500000476837158,1.5,12200,0.0,0.0
2025-03-05 00:00:00-05:00,1.5,1.5499999523162842,1.4800000190734863,1.5,4400,0.0,0.0
2025-03-06 00:00:00-05:00,1.5,1.5499999523162842,1.5,1.5499999523162842,9200,0.0,0.0
2025-03-07 00:00:00-05:00,1.5,1.5099999904632568,1.399999976158142,1.4900000095367432,2200,0.0,0.0
2025-03-10 00:00:00-04:00,1.4900000095367432,1.5499999523162842,1.4900000095367432,1.5099999904632568,1700,0.0,0.0
2025-03-11 00:00:00-04:00,1.350000023841858,1.590000033378601,1.350000023841858,1.4800000190734863,10800,0.0,0.0
2025-03-12 00:00:00-04:00,1.4600000381469727,1.4700000286102295,1.4600000381469727,1.4700000286102295,700,0.0,0.0
2025-03-13 00:00:00-04:00,1.4700000286102295,1.4700000286102295,1.4500000476837158,1.4600000381469727,1500,0.0,0.0
2025-03-14 00:00:00-04:00,1.4600000381469727,1.4600000381469727,1.399999976158142,1.4500000476837158,1600,0.0,0.0
2025-03-17 00:00:00-04:00,1.5099999904632568,1.5099999904632568,1.4600000381469727,1.4600000381469727,1300,0.0,0.0
2025-03-18 00:00:00-04:00,1.5399999618530273,1.5399999618530273,1.5,1.5299999713897705,8200,0.0,0.0
2025-03-19 00:00:00-04:00,1.5499999523162842,1.5499999523162842,1.399999976158142,1.4600000381469727,14300,0.0,0.0
2025-03-20 00:00:00-04:00,1.4600000381469727,1.5,1.4600000381469727,1.4900000095367432,9900,0.0,0.0
2025-03-21 00:00:00-04:00,1.5700000524520874,1.600000023841858,1.4900000095367432,1.4900000095367432,3200,0.0,0.0
2025-03-24 00:00:00-04:00,1.6299999952316284,1.6399999856948853,1.600000023841858,1.600000023841858,1600,0.0,0.0
2025-03-25 00:00:00-04:00,1.5499999523162842,1.6100000143051147,1.5199999809265137,1.559999942779541,2900,0.0,0.0
2025-03-26 00:00:00-04:00,1.600000023841858,1.600000023841858,1.600000023841858,1.600000023841858,1200,0.0,0.0
2025-03-27 00:00:00-04:00,1.5700000524520874,1.649999976158142,1.4700000286102295,1.5199999809265137,98600,0.0,0.0
2025-03-28 00:00:00-04:00,1.5,1.6100000143051147,1.4700000286102295,1.5099999904632568,136400,0.0,0.0
2025-03-31 00:00:00-04:00,1.5,1.559999942779541,1.4700000286102295,1.4800000190734863,6800,0.0,0.0
2025-04-01 00:00:00-04:00,1.5099999904632568,1.5099999904632568,1.4600000381469727,1.4800000190734863,800,0.0,0.0
2025-04-02 00:00:00-04:00,1.4800000190734863,1.600000023841858,1.4600000381469727,1.4600000381469727,94400,0.0,0.0
2025-04-03 00:00:00-04:00,1.5,1.5800000429153442,1.4700000286102295,1.5700000524520874,10800,0.0,0.0
2025-04-04 00:00:00-04:00,1.4900000095367432,1.5800000429153442,1.4800000190734863,1.4800000190734863,4500,0.0,0.0
2025-04-07 00:00:00-04:00,1.5099999904632568,1.5399999618530273,1.4700000286102295,1.5099999904632568,22000,0.0,0.0
2025-04-08 00:00:00-04:00,1.4700000286102295,1.5099999904632568,1.4700000286102295,1.5099999904632568,1900,0.0,0.0
2025-04-09 00:00:00-04:00,1.4700000286102295,1.559999942779541,1.4700000286102295,1.5499999523162842,1700,0.0,0.0
2025-04-10 00:00:00-04:00,1.5199999809265137,1.5700000524520874,1.4900000095367432,1.5099999904632568,4700,0.0,0.0
2025-04-11 00:00:00-04:00,1.4600000381469727,1.5,1.4600000381469727,1.4800000190734863,3600,0.0,0.0
2025-04-14 00:00:00-04:00,1.5199999809265137,1.5499999523162842,1.4700000286102295,1.5,3700,0.0,0.0
2025-04-15 00:00:00-04:00,1.4800000190734863,1.559999942779541,1.4800000190734863,1.5,1900,0.0,0.0
2025-04-16 00:00:00-04:00,1.5199999809265137,1.5199999809265137,1.4800000190734863,1.5199999809265137,1200,0.0,0.0
2025-04-17 00:00:00-04:00,1.4900000095367432,1.4900000095367432,1.4700000286102295,1.4900000095367432,1700,0.0,0.0
2025-04-21 00:00:00-04:00,1.5399999618530273,1.559999942779541,1.5399999618530273,1.5499999523162842,1100,0.0,0.0
2025-04-22 00:00:00-04:00,1.5499999523162842,1.6100000143051147,1.5299999713897705,1.600000023841858,11900,0.0,0.0
2025-04-23 00:00:00-04:00,1.590000033378601,1.600000023841858,1.559999942779541,1.590000033378601,2900,0.0,0.0
2025-04-24 00:00:00-04:00,1.5800000429153442,1.600000023841858,1.5700000524520874,1.5700000524520874,15100,0.0,0.0
2025-04-25 00:00:00-04:00,1.5099999904632568,1.590000033378601,1.5099999904632568,1.5800000429153442,7000,0.0,0.0
2025-04-28 00:00:00-04:00,1.5800000429153442,1.6100000143051147,1.5800000429153442,1.6100000143051147,5300,0.0,0.0
2025-04-29 00:00:00-04:00,1.6200000047683716,1.6200000047683716,1.6200000047683716,1.6200000047683716,1100,0.0,0.0
2025-04-30 00:00:00-04:00,1.6100000143051147,1.6200000047683716,1.5299999713897705,1.6200000047683716,2700,0.0,0.0
2025-05-01 00:00:00-04:00,1.590000033378601,1.6200000047683716,1.5700000524520874,1.6100000143051147,1400,0.0,0.0
2025-05-02 00:00:00-04:00,1.559999942779541,1.6100000143051147,1.559999942779541,1.600000023841858,3200,0.0,0.0
2025-05-05 00:00:00-04:00,1.600000023841858,1.600000023841858,1.5700000524520874,1.600000023841858,2400,0.0,0.0
2025-05-06 00:00:00-04:00,1.600000023841858,1.6100000143051147,1.5700000524520874,1.6100000143051147,6500,0.0,0.0
2025-05-07 00:00:00-04:00,1.600000023841858,1.6100000143051147,1.5099999904632568,1.559999942779541,2400,0.0,0.0
2025-05-08 00:00:00-04:00,1.5499999523162842,1.5499999523162842,1.5299999713897705,1.5399999618530273,1300,0.0,0.0
2025-05-09 00:00:00-04:00,1.5399999618530273,1.559999942779541,1.5099999904632568,1.5499999523162842,3700,0.0,0.0
2025-05-12 00:00:00-04:00,1.5800000429153442,1.8799999952316284,1.5399999618530273,1.6299999952316284,111000,0.0,0.0
2025-05-13 00:00:00-04:00,1.6399999856948853,1.690000057220459,1.600000023841858,1.6200000047683716,17400,0.0,0.0
2025-05-14 00:00:00-04:00,1.559999942779541,1.559999942779541,1.4500000476837158,1.5199999809265137,21000,0.0,0.0
2025-05-15 00:00:00-04:00,1.5199999809265137,1.590000033378601,1.4800000190734863,1.4800000190734863,11300,0.0,0.0
2025-05-16 00:00:00-04:00,1.4800000190734863,1.5499999523162842,1.4800000190734863,1.5399999618530273,4200,0.0,0.0
2025-05-19 00:00:00-04:00,1.5499999523162842,1.5499999523162842,1.5299999713897705,1.5299999713897705,7500,0.0,0.0
2025-05-20 00:00:00-04:00,1.4900000095367432,1.5,1.4600000381469727,1.4600000381469727,5100,0.0,0.0
2025-05-21 00:00:00-04:00,1.4600000381469727,1.4600000381469727,1.399999976158142,1.409999966621399,9900,0.0,0.0
2025-05-22 00:00:00-04:00,1.409999966621399,1.4299999475479126,1.399999976158142,1.4199999570846558,7100,0.0,0.0
2025-05-23 00:00:00-04:00,1.4199999570846558,1.440000057220459,1.4199999570846558,1.440000057220459,2900,0.0,0.0
2025-05-27 00:00:00-04:00,1.440000057220459,1.440000057220459,1.4199999570846558,1.4199999570846558,2000,0.0,0.0
2025-05-28 00:00:00-04:00,1.409999966621399,1.4299999475479126,1.2999999523162842,1.3300000429153442,19500,0.0,0.0
2025-05-29 00:00:00-04:00,1.350000023841858,1.3899999856948853,1.3200000524520874,1.3600000143051147,7300,0.0,0.0
2025-05-30 00:00:00-04:00,1.3600000143051147,1.3600000143051147,1.1100000143051147,1.190000057220459,40300,0.0,0.0
2025-06-02 00:00:00-04:00,1.2200000286102295,1.2300000190734863,1.1699999570846558,1.2100000381469727,33900,0.0,0.0
2025-06-03 00:00:00-04:00,1.2200000286102295,1.3899999856948853,1.2100000381469727,1.3300000429153442,47100,0.0,0.0
2025-06-04 00:00:00-04:00,1.340000033378601,1.4199999570846558,1.2100000381469727,1.399999976158142,53200,0.0,0.0
2025-06-05 00:00:00-04:00,1.350000023841858,1.3600000143051147,1.2699999809265137,1.3200000524520874,14300,0.0,0.0
2025-06-06 00:00:00-04:00,1.3200000524520874,1.3300000429153442,1.2000000476837158,1.2599999904632568,28300,0.0,0.0
2025-06-09 00:00:00-04:00,1.2599999904632568,1.2599999904632568,1.25,1.2599999904632568,3300,0.0,0.0
2025-06-10 00:00:00-04:00,1.2599999904632568,1.2699999809265137,1.25,1.2599999904632568,3686100,0.0,0.0
2025-06-11 00:00:00-04:00,1.6100000143051147,1.7899999618530273,1.4199999570846558,1.7599999904632568,9004100,0.0,0.0
2025-06-12 00:00:00-04:00,1.7400000095367432,1.7599999904632568,1.4700000286102295,1.5700000524520874,427600,0.0,0.0
2025-06-13 00:00:00-04:00,1.3799999952316284,1.5,1.2100000381469727,1.2100000381469727,173200,0.0,0.0
2025-06-16 00:00:00-04:00,1.2200000286102295,1.2599999904632568,1.1399999856948853,1.2300000190734863,101600,0.0,0.0
2025-06-17 00:00:00-04:00,1.2799999713897705,1.350000023841858,1.1799999475479126,1.2200000286102295,71000,0.0,0.0
2025-06-18 00:00:00-04:00,1.2200000286102295,1.4900000095367432,1.1799999475479126,1.2300000190734863,233300,0.0,0.0
2025-06-20 00:00:00-04:00,1.2699999809265137,1.399999976158142,1.25,1.350000023841858,46500,0.0,0.0
2025-06-23 00:00:00-04:00,1.2699999809265137,1.4299999475479126,1.2699999809265137,1.350000023841858,60300,0.0,0.0
2025-06-24 00:00:00-04:00,1.2999999523162842,1.350000023841858,1.2899999618530273,1.3300000429153442,16200,0.0,0.0
2025-06-25 00:00:00-04:00,1.350000023841858,1.3600000143051147,1.2899999618530273,1.2899999618530273,3100,0.0,0.0
2025-06-26 00:00:00-04:00,1.3899999856948853,1.4299999475479126,1.2899999618530273,1.409999966621399,23400,0.0,0.0
2025-06-27 00:00:00-04:00,1.3799999952316284,1.5099999904632568,1.3600000143051147,1.3799999952316284,46400,0.0,0.0
2025-06-30 00:00:00-04:00,1.3799999952316284,1.5700000524520874,1.3799999952316284,1.5099999904632568,44100,0.0,0.0
2025-07-01 00:00:00-04:00,1.4900000095367432,1.5499999523162842,1.409999966621399,1.409999966621399,13500,0.0,0.0
2025-07-02 00:00:00-04:00,1.409999966621399,1.590000033378601,1.409999966621399,1.4600000381469727,8100,0.0,0.0
2025-07-03 00:00:00-04:00,1.5,1.559999942779541,1.5,1.5,9500,0.0,0.0
2025-07-07 00:00:00-04:00,1.4700000286102295,1.5,1.4199999570846558,1.440000057220459,38400,0.0,0.0
2025-07-08 00:00:00-04:00,1.440000057220459,1.4800000190734863,1.4299999475479126,1.4700000286102295,36100,0.0,0.0
2025-07-09 00:00:00-04:00,1.4800000190734863,1.5499999523162842,1.4600000381469727,1.4900000095367432,6000,0.0,0.0
2025-07-10 00:00:00-04:00,1.5099999904632568,1.5499999523162842,1.4800000190734863,1.5299999713897705,36300,0.0,0.0
2025-07-11 00:00:00-04:00,1.5,1.7100000381469727,1.5,1.7100000381469727,69000,0.0,0.0
2025-07-14 00:00:00-04:00,1.7100000381469727,1.840000033378601,1.690000057220459,1.7899999618530273,148200,0.0,0.0
2025-07-15 00:00:00-04:00,1.7599999904632568,1.7699999809265137,1.659999966621399,1.659999966621399,55100,0.0,0.0
2025-07-16 00:00:00-04:00,1.649999976158142,1.7200000286102295,1.6299999952316284,1.6799999475479126,19900,0.0,0.0
2025-07-17 00:00:00-04:00,1.6699999570846558,1.7799999713897705,1.6699999570846558,1.7699999809265137,60500,0.0,0.0
2025-07-18 00:00:00-04:00,1.809999942779541,1.809999942779541,1.690000057220459,1.7200000286102295,25000,0.0,0.0
2025-07-21 00:00:00-04:00,1.7000000476837158,1.7699999809265137,1.5700000524520874,1.6200000047683716,63000,0.0,0.0
2025-07-22 00:00:00-04:00,1.6200000047683716,1.7599999904632568,1.5499999523162842,1.6299999952316284,35900,0.0,0.0
2025-07-23 00:00:00-04:00,1.6100000143051147,1.6299999952316284,1.5099999904632568,1.6299999952316284,19200,0.0,0.0
2025-07-24 00:00:00-04:00,1.6100000143051147,1.690000057220459,1.600000023841858,1.6100000143051147,5000,0.0,0.0
2025-07-25 00:00:00-04:00,1.5399999618530273,1.6399999856948853,1.5399999618530273,1.559999942779541,12400,0.0,0.0
2025-07-28 00:00:00-04:00,1.5800000429153442,1.5800000429153442,1.5499999523162842,1.5499999523162842,7000,0.0,0.0
2025-07-29 00:00:00-04:00,1.5700000524520874,1.600000023841858,1.4600000381469727,1.4600000381469727,39400,0.0,0.0
2025-07-30 00:00:00-04:00,1.4600000381469727,1.5099999904632568,1.4600000381469727,1.4600000381469727,6100,0.0,0.0
2025-07-31 00:00:00-04:00,1.4600000381469727,1.4700000286102295,1.4199999570846558,1.4500000476837158,8900,0.0,0.0
2025-08-01 00:00:00-04:00,1.3899999856948853,1.4500000476837158,0.9599999785423279,1.2300000190734863,92100,0.0,0.0
2025-08-04 00:00:00-04:00,1.25,1.2899999618530273,1.2200000286102295,1.2799999713897705,16300,0.0,0.0
2025-08-05 00:00:00-04:00,1.2899999618530273,1.3300000429153442,1.2799999713897705,1.2799999713897705,3800,0.0,0.0
2025-08-06 00:00:00-04:00,1.2999999523162842,1.3200000524520874,1.2999999523162842,1.2999999523162842,3400,0.0,0.0
2025-08-07 00:00:00-04:00,1.309999942779541,1.350000023841858,1.2999999523162842,1.2999999523162842,9400,0.0,0.0
2025-08-08 00:00:00-04:00,1.2999999523162842,1.3300000429153442,1.2999999523162842,1.3200000524520874,1600,0.0,0.0
2025-08-11 00:00:00-04:00,1.3200000524520874,1.409999966621399,1.3200000524520874,1.3300000429153442,2400,0.0,0.0
2025-08-12 00:00:00-04:00,1.3300000429153442,1.3700000047683716,1.2799999713897705,1.340000033378601,8000,0.0,0.0
2025-08-13 00:00:00-04:00,1.309999942779541,1.340000033378601,1.2999999523162842,1.3200000524520874,4000,0.0,0.0
2025-08-14 00:00:00-04:00,1.3200000524520874,1.3200000524520874,1.2799999713897705,1.2999999523162842,12800,0.0,0.0
2025-08-15 00:00:00-04:00,1.2799999713897705,1.309999942779541,1.2000000476837158,1.2799999713897705,2100,0.0,0.0
2025-08-18 00:00:00-04:00,1.340000033378601,1.3700000047683716,1.2899999618530273,1.3600000143051147,6500,0.0,0.0
2025-08-19 00:00:00-04:00,1.3600000143051147,1.3899999856948853,1.340000033378601,1.3600000143051147,4600,0.0,0.0
2025-08-20 00:00:00-04:00,1.3600000143051147,1.3899999856948853,1.340000033378601,1.3799999952316284,3400,0.0,0.0
2025-08-21 00:00:00-04:00,1.350000023841858,1.3899999856948853,1.350000023841858,1.3799999952316284,7900,0.0,0.0
2025-08-22 00:00:00-04:00,1.3600000143051147,1.5399999618530273,1.350000023841858,1.5199999809265137,11500,0.0,0.0
2025-08-25 00:00:00-04:00,1.399999976158142,1.5199999809265137,1.399999976158142,1.4800000190734863,11500,0.0,0.0
2025-08-26 00:00:00-04:00,1.4800000190734863,1.4800000190734863,1.409999966621399,1.409999966621399,6100,0.0,0.0
2025-08-27 00:00:00-04:00,1.5399999618530273,1.5399999618530273,1.4299999475479126,1.5099999904632568,31600,0.0,0.0
2025-08-28 00:00:00-04:00,1.4900000095367432,1.5199999809265137,1.4800000190734863,1.5199999809265137,4400,0.0,0.0
2025-08-29 00:00:00-04:00,1.5099999904632568,1.590000033378601,1.5099999904632568,1.590000033378601,8900,0.0,0.0
2025-09-02 00:00:00-04:00,1.5299999713897705,1.590000033378601,1.5299999713897705,1.5499999523162842,5700,0.0,0.0
2025-09-03 00:00:00-04:00,1.5,1.600000023841858,1.5,1.5499999523162842,6600,0.0,0.0
2025-09-04 00:00:00-04:00,1.4800000190734863,1.5800000429153442,1.4800000190734863,1.5800000429153442,3200,0.0,0.0
2025-09-05 00:00:00-04:00,1.5399999618530273,1.5499999523162842,1.3899999856948853,1.5199999809265137,15300,0.0,0.0
2025-09-08 00:00:00-04:00,1.4800000190734863,1.4900000095367432,1.4600000381469727,1.4700000286102295,6300,0.0,0.0
2025-09-09 00:00:00-04:00,1.4700000286102295,1.659999966621399,1.4600000381469727,1.649999976158142,57600,0.0,0.0
2025-09-10 00:00:00-04:00,1.6100000143051147,1.7000000476837158,1.600000023841858,1.6399999856948853,33600,0.0,0.0
2025-09-11 00:00:00-04:00,1.6399999856948853,1.8600000143051147,1.6299999952316284,1.6699999570846558,81100,0.0,0.0
2025-09-12 00:00:00-04:00,1.809999942779541,2.7799999713897705,1.6799999475479126,1.9500000476837158,8498400,0.0,0.0
2025-09-15 00:00:00-04:00,1.8200000524520874,2.069999933242798,1.809999942779541,1.8899999856948853,194600,0.0,0.0
2025-09-16 00:00:00-04:00,1.8600000143051147,2.0199999809265137,1.690000057220459,1.9700000286102295,146300,0.0,0.0
2025-09-17 00:00:00-04:00,2.3499999046325684,2.3499999046325684,1.9700000286102295,2.049999952316284,120000,0.0,0.0
2025-09-18 00:00:00-04:00,1.9800000190734863,2.1500000953674316,1.75,2.0799999237060547,30500,0.0,0.0
2025-09-19 00:00:00-04:00,2.0999999046325684,2.130000114440918,2.0199999809265137,2.0899999141693115,151700,0.0,0.0
2025-09-22 00:00:00-04:00,2.0199999809265137,2.180000066757202,1.940000057220459,2.180000066757202,47800,0.0,0.0
2025-09-23 00:00:00-04:00,2.190000057220459,2.200000047683716,2.0899999141693115,2.1700000762939453,38500,0.0,0.0
2025-09-24 00:00:00-04:00,2.140000104904175,2.299999952316284,2.0999999046325684,2.2300000190734863,78900,0.0,0.0
2025-09-25 00:00:00-04:00,2.2300000190734863,2.390000104904175,2.180000066757202,2.299999952316284,22000,0.0,0.0
2025-09-26 00:00:00-04:00,2.299999952316284,2.3299999237060547,2.259999990463257,2.259999990463257,4400,0.0,0.0
2025-09-29 00:00:00-04:00,2.119999885559082,2.3499999046325684,2.119999885559082,2.309999942779541,20900,0.0,0.0
2025-09-30 00:00:00-04:00,2.309999942779541,2.390000104904175,2.309999942779541,2.3399999141693115,23900,0.0,0.0
2025-10-01 00:00:00-04:00,2.240000009536743,2.359999895095825,2.2100000381469727,2.309999942779541,25300,0.0,0.0
2025-10-02 00:00:00-04:00,2.2799999713897705,2.2899999618530273,2.1700000762939453,2.2699999809265137,14600,0.0,0.0
2025-10-03 00:00:00-04:00,2.299999952316284,2.5799999237060547,2.2699999809265137,2.549999952316284,58000,0.0,0.0
2025-10-06 00:00:00-04:00,2.509999990463257,2.5999999046325684,2.440000057220459,2.4800000190734863,16600,0.0,0.0
2025-10-07 00:00:00-04:00,2.440000057220459,2.5,2.2699999809265137,2.4100000858306885,13400,0.0,0.0
2025-10-08 00:00:00-04:00,2.369999885559082,2.509999990463257,2.369999885559082,2.4100000858306885,15800,0.0,0.0
2025-10-09 00:00:00-04:00,2.430000066757202,2.450000047683716,2.309999942779541,2.4100000858306885,7600,0.0,0.0
2025-10-10 00:00:00-04:00,2.359999895095825,2.4200000762939453,2.25,2.2699999809265137,16400,0.0,0.0
2025-10-13 00:00:00-04:00,2.4600000381469727,2.4600000381469727,2.2100000381469727,2.240000009536743,8300,0.0,0.0
2025-10-14 00:00:00-04:00,2.1700000762939453,2.2300000190734863,2.049999952316284,2.0799999237060547,16900,0.0,0.0
2025-10-15 00:00:00-04:00,2.0199999809265137,2.2100000381469727,2.0199999809265137,2.069999933242798,25800,0.0,0.0
2025-10-16 00:00:00-04:00,2.140000104904175,2.140000104904175,2.009999990463257,2.009999990463257,10100,0.0,0.0
2025-10-17 00:00:00-04:00,2.0299999713897705,2.0399999618530273,1.9299999475479126,1.940000057220459,11800,0.0,0.0
2025-10-20 00:00:00-04:00,1.940000057220459,2.190000057220459,1.899999976158142,2.190000057220459,10900,0.0,0.0
2025-10-21 00:00:00-04:00,2.109999895095825,2.1500000953674316,2.0899999141693115,2.0999999046325684,10000,0.0,0.0
2025-10-22 00:00:00-04:00,2.059999942779541,2.059999942779541,2.0,2.009999990463257,6300,0.0,0.0
2025-10-23 00:00:00-04:00,2.049999952316284,2.0799999237060547,2.009999990463257,2.0799999237060547,1600,0.0,0.0
2025-10-24 00:00:00-04:00,2.069999933242798,2.069999933242798,1.9600000381469727,1.9800000190734863,4900,0.0,0.0
2025-10-27 00:00:00-04:00,1.9700000286102295,2.009999990463257,1.8799999952316284,1.8799999952316284,5200,0.0,0.0
2025-10-28 00:00:00-04:00,1.899999976158142,1.9900000095367432,1.7999999523162842,1.8899999856948853,14000,0.0,0.0
2025-10-29 00:00:00-04:00,1.8799999952316284,1.940000057220459,1.850000023841858,1.850000023841858,8500,0.0,0.0
2025-10-30 00:00:00-04:00,1.8300000429153442,1.8300000429153442,1.8300000429153442,1.8300000429153442,700,0.0,0.0
2025-10-31 00:00:00-04:00,1.9600000381469727,2.0899999141693115,1.850000023841858,1.9600000381469727,15700,0.0,0.0
2025-11-03 00:00:00-05:00,2.0,2.1700000762939453,1.9700000286102295,2.1700000762939453,5100,0.0,0.0
2025-11-04 00:00:00-05:00,2.0399999618530273,2.1600000858306885,2.0199999809265137,2.0199999809265137,3500,0.0,0.0
2025-11-05 00:00:00-05:00,2.0199999809265137,2.0199999809265137,1.840000033378601,1.9500000476837158,15800,0.0,0.0
2025-11-06 00:00:00-05:00,1.8600000143051147,1.9500000476837158,1.8600000143051147,1.8899999856948853,1500,0.0,0.0
2025-11-07 00:00:00-05:00,1.8899999856948853,1.909999966621399,1.8700000047683716,1.909999966621399,5500,0.0,0.0
2025-11-10 00:00:00-05:00,1.909999966621399,1.909999966621399,1.909999966621399,1.909999966621399,0,0.0,0.0
2025-11-11 00:00:00-05:00,1.8600000143051147,1.8700000047683716,1.850000023841858,1.8600000143051147,1400,0.0,0.0
2025-11-12 00:00:00-05:00,1.8600000143051147,1.8799999952316284,1.850000023841858,1.850000023841858,2300,0.0,0.0
2025-11-13 00:00:00-05:00,1.8799999952316284,1.8799999952316284,1.850000023841858,1.8600000143051147,1600,0.0,0.0
2025-11-14 00:00:00-05:00,1.850000023841858,1.9299999475479126,1.850000023841858,1.9299999475479126,1400,0.0,0.0
2025-11-17 00:00:00-05:00,1.909999966621399,1.909999966621399,1.909999966621399,1.909999966621399,5400,0.0,0.0
2025-11-18 00:00:00-05:00,1.8799999952316284,1.8899999856948853,1.8799999952316284,1.8899999856948853,800,0.0,0.0
2025-11-19 00:00:00-05:00,1.850000023841858,1.850000023841858,1.5499999523162842,1.6699999570846558,18200,0.0,0.0
2025-11-20 00:00:00-05:00,1.6699999570846558,1.6699999570846558,1.5499999523162842,1.5700000524520874,2100,0.0,0.0
2025-11-21 00:00:00-05:00,1.5499999523162842,1.5499999523162842,1.2300000190734863,1.2300000190734863,14100,0.0,0.0
2025-11-24 00:00:00-05:00,1.2699999809265137,1.3300000429153442,1.2599999904632568,1.2999999523162842,5400,0.0,0.0
2025-11-25 00:00:00-05:00,1.3300000429153442,1.5,1.3200000524520874,1.4900000095367432,12000,0.0,0.0
2025-11-26 00:00:00-05:00,1.4800000190734863,1.590000033378601,1.4800000190734863,1.5499999523162842,6300,0.0,0.0
2025-11-28 00:00:00-05:00,1.5499999523162842,1.5499999523162842,1.5,1.5099999904632568,3800,0.0,0.0
2025-12-01 00:00:00-05:00,1.5299999713897705,1.5299999713897705,1.5199999809265137,1.5299999713897705,2500,0.0,0.0
2025-12-02 00:00:00-05:00,1.5299999713897705,1.5299999713897705,1.440000057220459,1.440000057220459,1500,0.0,0.0
2025-12-03 00:00:00-05:00,1.440000057220459,1.4900000095367432,1.440000057220459,1.4500000476837158,2100,0.0,0.0
2025-12-04 00:00:00-05:00,1.4500000476837158,1.4600000381469727,1.2400000095367432,1.4600000381469727,4800,0.0,0.0
2025-12-05 00:00:00-05:00,1.3799999952316284,1.5299999713897705,1.3799999952316284,1.5199999809265137,1300,0.0,0.0
2025-12-08 00:00:00-05:00,1.5499999523162842,1.600000023841858,1.5499999523162842,1.559999942779541,5200,0.0,0.0
2025-12-09 00:00:00-05:00,1.590000033378601,1.590000033378601,1.590000033378601,1.590000033378601,700,0.0,0.0
2025-12-10 00:00:00-05:00,1.5700000524520874,1.600000023841858,1.4299999475479126,1.4299999475479126,6000,0.0,0.0
2025-12-11 00:00:00-05:00,1.5,1.5099999904632568,1.5,1.5099999904632568,700,0.0,0.0
2025-12-12 00:00:00-05:00,1.5099999904632568,1.5099999904632568,1.3700000047683716,1.4199999570846558,55200,0.0,0.0
2025-12-15 00:00:00-05:00,1.3200000524520874,1.4199999570846558,1.2699999809265137,1.2999999523162842,15500,0.0,0.0
2025-12-16 00:00:00-05:00,1.2300000190734863,1.309999942779541,1.2000000476837158,1.2799999713897705,11800,0.0,0.0
2025-12-17 00:00:00-05:00,1.2799999713897705,1.340000033378601,1.2100000381469727,1.2400000095367432,18000,0.0,0.0
2025-12-18 00:00:00-05:00,1.2200000286102295,1.2200000286102295,1.1200000047683716,1.1799999475479126,19600,0.0,0.0
2025-12-19 00:00:00-05:00,1.2000000476837158,1.2400000095367432,1.190000057220459,1.2400000095367432,8900,0.0,0.0
2025-12-22 00:00:00-05:00,1.2400000095367432,1.2799999713897705,1.2400000095367432,1.2799999713897705,5900,0.0,0.0
2025-12-23 00:00:00-05:00,1.2699999809265137,1.2799999713897705,1.2200000286102295,1.2699999809265137,10000,0.0,0.0
2025-12-24 00:00:00-05:00,1.2400000095367432,1.2400000095367432,1.190000057220459,1.190000057220459,11800,0.0,0.0
2025-12-26 00:00:00-05:00,1.190000057220459,1.2100000381469727,1.190000057220459,1.2100000381469727,4000,0.0,0.0
2025-12-29 00:00:00-05:00,1.2200000286102295,1.2300000190734863,1.159999966621399,1.2300000190734863,10800,0.0,0.0
2025-12-30 00:00:00-05:00,1.2899999618530273,1.2899999618530273,1.2300000190734863,1.2699999809265137,23300,0.0,0.0
2025-12-31 00:00:00-05:00,1.3700000047683716,1.3899999856948853,1.2999999523162842,1.3600000143051147,53600,0.0,0.0
2026-01-02 00:00:00-05:00,1.25,1.309999942779541,1.25,1.2599999904632568,6400,0.0,0.0
2026-01-05 00:00:00-05:00,1.2799999713897705,1.309999942779541,1.2000000476837158,1.309999942779541,13400,0.0,0.0
2026-01-06 00:00:00-05:00,1.399999976158142,1.409999966621399,1.350000023841858,1.3799999952316284,20500,0.0,0.0
2026-01-07 00:00:00-05:00,1.3200000524520874,1.4199999570846558,1.309999942779541,1.309999942779541,36000,0.0,0.0
2026-01-08 00:00:00-05:00,1.2899999618530273,1.2999999523162842,1.2599999904632568,1.2899999618530273,8500,0.0,0.0
2026-01-09 00:00:00-05:00,1.2200000286102295,1.2599999904632568,1.2200000286102295,1.2400000095367432,9700,0.0,0.0
2026-01-12 00:00:00-05:00,1.2799999713897705,1.2999999523162842,1.25,1.25,3400,0.0,0.0
2026-01-13 00:00:00-05:00,1.25,1.2699999809265137,1.25,1.25,6800,0.0,0.0
2026-01-14 00:00:00-05:00,1.2699999809265137,1.350000023841858,1.2699999809265137,1.2799999713897705,13600,0.0,0.0
2026-01-15 00:00:00-05:00,1.2799999713897705,1.340000033378601,1.2599999904632568,1.2899999618530273,6100,0.0,0.0
2026-01-16 00:00:00-05:00,1.3300000429153442,1.3300000429153442,1.2599999904632568,1.2999999523162842,3100,0.0,0.0
2026-01-20 00:00:00-05:00,1.3700000047683716,1.3700000047683716,1.2599999904632568,1.2899999618530273,7800,0.0,0.0
2026-01-21 00:00:00-05:00,1.2599999904632568,1.2899999618530273,1.25,1.25,18100,0.0,0.0
2026-01-22 00:00:00-05:00,1.2599999904632568,1.2699999809265137,1.2599999904632568,1.2699999809265137,2400,0.0,0.0
2026-01-23 00:00:00-05:00,1.2699999809265137,1.2699999809265137,1.25,1.25,6600,0.0,0.0
2026-01-26 00:00:00-05:00,1.2999999523162842,1.2999999523162842,1.25,1.2799999713897705,11400,0.0,0.0
2026-01-27 00:00:00-05:00,1.2999999523162842,1.2999999523162842,1.2200000286102295,1.2400000095367432,2900,0.0,0.0
2026-01-28 00:00:00-05:00,1.2400000095367432,1.2899999618530273,1.2300000190734863,1.2300000190734863,6400,0.0,0.0
2026-01-29 00:00:00-05:00,1.2200000286102295,1.2300000190734863,1.2100000381469727,1.2100000381469727,4700,0.0,0.0
2026-01-30 00:00:00-05:00,1.2100000381469727,1.2200000286102295,1.1799999475479126,1.1799999475479126,11300,0.0,0.0
2026-02-02 00:00:00-05:00,1.149999976158142,1.159999966621399,1.100000023841858,1.1100000143051147,4700,0.0,0.0
2026-02-03 00:00:00-05:00,1.1299999952316284,1.1299999952316284,1.0700000524520874,1.0800000429153442,5400,0.0,0.0
2026-02-04 00:00:00-05:00,1.0800000429153442,1.090000033378601,1.0,1.0,7600,0.0,0.0
2026-02-05 00:00:00-05:00,1.0299999713897705,1.0800000429153442,1.0,1.0299999713897705,17800,0.0,0.0
2026-02-06 00:00:00-05:00,0.8899999856948853,0.9900000095367432,0.8299999833106995,0.9200000166893005,11700,0.0,0.0
2026-02-09 00:00:00-05:00,0.8399999737739563,0.8999999761581421,0.6000000238418579,0.6899999976158142,126000,0.0,0.0
2026-02-10 00:00:00-05:00,0.699999988079071,1.0800000429153442,0.6100000143051147,1.0399999618530273,22324500,0.0,0.0
2026-02-11 00:00:00-05:00,0.8999999761581421,0.8999999761581421,0.7300000190734863,0.8100000023841858,635400,0.0,0.0
2026-02-12 00:00:00-05:00,0.75,0.800000011920929,0.699999988079071,0.7400000095367432,97500,0.0,0.0
2026-02-13 00:00:00-05:00,0.7200000286102295,0.8500000238418579,0.7099999785423279,0.8500000238418579,116800,0.0,0.0
2026-02-17 00:00:00-05:00,0.8199999928474426,0.8600000143051147,0.7099999785423279,0.8600000143051147,95300,0.0,0.0
2026-02-18 00:00:00-05:00,0.8500000238418579,0.8600000143051147,0.7799999713897705,0.8600000143051147,50300,0.0,0.0
2026-02-19 00:00:00-05:00,0.8600000143051147,0.8600000143051147,0.7799999713897705,0.8500000238418579,32000,0.0,0.0
2026-02-20 00:00:00-05:00,0.8100000023841858,0.8500000238418579,0.8100000023841858,0.8500000238418579,11000,0.0,0.0
2026-02-23 00:00:00-05:00,0.8199999928474426,0.8399999737739563,0.7799999713897705,0.8199999928474426,18000,0.0,0.0
2026-02-24 00:00:00-05:00,0.75,0.8199999928474426,0.75,0.8100000023841858,9300,0.0,0.0
2026-02-25 00:00:00-05:00,0.8100000023841858,0.8399999737739563,0.7799999713897705,0.8199999928474426,10400,0.0,0.0
2026-02-26 00:00:00-05:00,0.8199999928474426,0.8799999952316284,0.800000011920929,0.8399999737739563,123800,0.0,0.0
2026-02-27 00:00:00-05:00,0.8199999928474426,0.8399999737739563,0.75,0.8199999928474426,29100,0.0,0.0
2026-03-02 00:00:00-05:00,0.800000011920929,0.8100000023841858,0.75,0.7799999713897705,7600,0.0,0.0
2026-03-03 00:00:00-05:00,0.7699999809265137,0.7699999809265137,0.75,0.7699999809265137,5200,0.0,0.0
2026-03-04 00:00:00-05:00,0.7699999809265137,0.7699999809265137,0.699999988079071,0.7400000095367432,26000,0.0,0.0
2026-03-05 00:00:00-05:00,0.7300000190734863,0.7400000095367432,0.699999988079071,0.7400000095367432,6500,0.0,0.0
2026-03-06 00:00:00-05:00,0.6899999976158142,0.8100000023841858,0.6899999976158142,0.7099999785423279,16200,0.0,0.0
2026-03-09 00:00:00-04:00,0.7200000286102295,0.7699999809265137,0.7200000286102295,0.7699999809265137,16400,0.0,0.0
2026-03-10 00:00:00-04:00,0.7699999809265137,0.7699999809265137,0.7699999809265137,0.7699999809265137,2900,0.0,0.0
2026-03-11 00:00:00-04:00,0.699999988079071,0.7699999809265137,0.699999988079071,0.7400000095367432,9200,0.0,0.0
2026-03-12 00:00:00-04:00,0.8299999833106995,0.8299999833106995,0.6800000071525574,0.800000011920929,25500,0.0,0.0
2026-03-13 00:00:00-04:00,0.6800000071525574,0.800000011920929,0.6800000071525574,0.75,4400,0.0,0.0
2026-03-16 00:00:00-04:00,0.6800000071525574,0.7599999904632568,0.6800000071525574,0.7200000286102295,18900,0.0,0.0
2026-03-17 00:00:00-04:00,0.7400000095367432,0.7799999713897705,0.7300000190734863,0.7799999713897705,4400,0.0,0.0
2026-03-18 00:00:00-04:00,0.75,0.75,0.7200000286102295,0.7200000286102295,2700,0.0,0.0
2026-03-19 00:00:00-04:00,0.7200000286102295,0.7400000095367432,0.6800000071525574,0.7200000286102295,6300,0.0,0.0
2026-03-20 00:00:00-04:00,0.7200000286102295,0.7200000286102295,0.6800000071525574,0.6899999976158142,1100,0.0,0.0
2026-03-23 00:00:00-04:00,0.699999988079071,0.75,0.6800000071525574,0.6800000071525574,10000,0.0,0.0
2026-03-24 00:00:00-04:00,0.6800000071525574,0.7799999713897705,0.6499999761581421,0.7300000190734863,15900,0.0,0.0
2026-03-25 00:00:00-04:00,0.7400000095367432,0.75,0.7300000190734863,0.75,2300,0.0,0.0
2026-03-26 00:00:00-04:00,0.7099999785423279,0.75,0.6499999761581421,0.6800000071525574,6300,0.0,0.0
2026-03-27 00:00:00-04:00,0.6600000262260437,0.7400000095367432,0.6499999761581421,0.6800000071525574,8800,0.0,0.0
2026-03-30 00:00:00-04:00,0.6800000071525574,0.6800000071525574,0.6800000071525574,0.6800000071525574,600,0.0,0.0
2026-03-31 00:00:00-04:00,0.7300000190734863,0.7300000190734863,0.6700000166893005,0.6899999976158142,4300,0.0,0.0
2026-04-01 00:00:00-04:00,0.5699999928474426,0.8299999833106995,0.5699999928474426,0.7900000214576721,33000,0.0,0.0
2026-04-02 00:00:00-04:00,0.8100000023841858,0.8100000023841858,0.7200000286102295,0.7300000190734863,6400,0.0,0.0
2026-04-06 00:00:00-04:00,0.7200000286102295,0.7400000095367432,0.6499999761581421,0.7400000095367432,2600,0.0,0.0
2026-04-07 00:00:00-04:00,0.7200000286102295,0.7400000095367432,0.6700000166893005,0.7099999785423279,4500,0.0,0.0
2026-04-08 00:00:00-04:00,0.6700000166893005,0.699999988079071,0.6700000166893005,0.6700000166893005,2800,0.0,0.0
2026-04-09 00:00:00-04:00,0.699999988079071,0.7200000286102295,0.699999988079071,0.7200000286102295,2000,0.0,0.0
2026-04-10 00:00:00-04:00,0.7300000190734863,0.75,0.7200000286102295,0.7400000095367432,12200,0.0,0.0
2026-04-13 00:00:00-04:00,0.6800000071525574,0.7400000095367432,0.6700000166893005,0.6899999976158142,6000,0.0,0.0
2026-04-14 00:00:00-04:00,0.6800000071525574,0.7300000190734863,0.6800000071525574,0.699999988079071,9600,0.0,0.0
2026-04-15 00:00:00-04:00,0.699999988079071,0.800000011920929,0.699999988079071,0.7300000190734863,36400,0.0,0.0
2026-04-16 00:00:00-04:00,0.7300000190734863,0.7900000214576721,0.6700000166893005,0.7799999713897705,46700,0.0,0.0
2026-04-17 00:00:00-04:00,0.7200000286102295,0.75,0.7200000286102295,0.75,14800,0.0,0.0
2026-04-20 00:00:00-04:00,0.7699999809265137,0.7699999809265137,0.7400000095367432,0.7400000095367432,1100,0.0,0.0
2026-04-21 00:00:00-04:00,0.7699999809265137,0.7699999809265137,0.699999988079071,0.7300000190734863,5000,0.0,0.0
2026-04-22 00:00:00-04:00,0.7799999713897705,0.7799999713897705,0.7099999785423279,0.7699999809265137,4200,0.0,0.0
2026-04-23 00:00:00-04:00,0.7699999809265137,0.7699999809265137,0.7099999785423279,0.7099999785423279,1000,0.0,0.0
2026-04-24 00:00:00-04:00,0.7081000208854675,0.75,0.7080000042915344,0.7498000264167786,4645,0.0,0.0
