Date,Open,High,Low,Close,Volume,Dividends,Stock Splits
2022-01-03 00:00:00-05:00,20.14447006531549,21.330428262120428,20.043536736015117,21.288372039794922,1017300,0.0,0.0
2022-01-04 00:00:00-05:00,21.616400311773113,22.819179179282,21.574344096928396,22.415449142456055,1481000,0.0,0.0
2022-01-05 00:00:00-05:00,22.73507007766981,23.071511776793404,22.314517552695175,22.550025939941406,1571900,0.0,0.0
2022-01-06 00:00:00-05:00,23.18925786904233,23.97148554890182,23.096735832501526,23.391122817993164,1464100,0.0,0.0
2022-01-07 00:00:00-05:00,23.38271328737729,23.8284994182425,23.130382483811395,23.36589241027832,793400,0.0,0.0
2022-01-10 00:00:00-05:00,23.492057456616763,23.727565775240226,23.012627974527458,23.60140037536621,967200,0.0,0.0
2022-01-11 00:00:00-05:00,24.055600098018584,25.249969102174788,23.685513498402226,24.736894607543945,1514200,0.0,0.0
2022-01-12 00:00:00-05:00,24.720070530025538,24.821003815875034,23.828499856188973,24.021953582763672,2083300,0.0,0.0
2022-01-13 00:00:00-05:00,24.20699797679696,24.770538286190597,24.064010089211106,24.291107177734375,898500,0.0,0.0
2022-01-14 00:00:00-05:00,24.156531270319203,25.763041442443804,24.139710392185084,25.56958770751953,1117400,0.0,0.0
2022-01-18 00:00:00-05:00,26.166772293248613,26.27611521743233,24.190175582719945,24.66119384765625,1782200,0.0,0.0
2022-01-19 00:00:00-05:00,25.064923667082248,25.064923667082248,23.97148801344423,24.2742862701416,957300,0.0,0.0
2022-01-20 00:00:00-05:00,24.021954589336165,24.610728638855477,23.27337176992237,23.340660095214844,1171000,0.0,0.0
2022-01-21 00:00:00-05:00,23.079915377345394,23.60139943723761,22.4659076749458,22.684595108032227,1829600,0.0,0.0
2022-01-24 00:00:00-05:00,21.877136321760503,23.67710010353075,21.498638515182595,23.609811782836914,1533500,0.0,0.0
2022-01-25 00:00:00-05:00,23.273371502439467,24.896704136278537,22.7434761473864,24.551851272583008,1410100,0.0,0.0
2022-01-26 00:00:00-05:00,24.81259277830726,25.123802274969304,23.43318135417102,23.778034210205078,1375900,0.0,0.0
2022-01-27 00:00:00-05:00,24.543437395353184,24.66119154954401,22.911693695674423,23.281780242919922,1517900,0.0,0.0
2022-01-28 00:00:00-05:00,23.130383405906247,24.005133221129558,22.72665346239404,23.921022415161133,1907800,0.0,0.0
2022-01-31 00:00:00-05:00,23.584580408370677,24.6443710916212,23.307014271947732,24.13970947265625,1770100,0.0,0.0
2022-02-01 00:00:00-05:00,24.871475975948616,25.9060347984336,24.686433443202862,25.552770614624023,2519600,0.0,0.0
2022-02-02 00:00:00-05:00,25.687342149097542,25.796685070564497,24.577082431484644,25.106979370117188,1674900,0.0,0.0
2022-02-03 00:00:00-05:00,24.98081766805358,25.51071308091079,24.635964766739445,25.4854793548584,1526000,0.0,0.0
2022-02-04 00:00:00-05:00,25.74622085007544,27.579829742304824,25.392956736854362,27.3190860748291,2163600,0.0,0.0
2022-02-07 00:00:00-05:00,26.873303585056576,27.74805349630296,26.53686032425082,27.20133399963379,1506200,0.0,0.0
2022-02-08 00:00:00-05:00,27.411603927612305,27.63028975082014,26.797597845211854,27.411603927612305,1427500,0.0,0.0
2022-02-09 00:00:00-05:00,27.436840057373047,27.899447095785835,27.125632152776877,27.436840057373047,1345400,0.0,0.0
2022-02-10 00:00:00-05:00,27.27579575863336,28.46243824836343,27.233416362573145,27.665691375732422,1488200,0.25,0.0
2022-02-11 00:00:00-05:00,27.80131169450054,29.047286178606242,27.73350529695705,28.826908111572266,1507500,0.0,0.0
2022-02-14 00:00:00-05:00,28.589584225712592,28.903195722009748,27.979310409487596,28.42854118347168,1077300,0.0,0.0
2022-02-15 00:00:00-05:00,27.67417029389783,29.115089217208492,27.453792252288366,29.03880500793457,1221300,0.0,0.0
2022-02-16 00:00:00-05:00,29.242228640274366,29.962688052568083,29.17441902185866,29.76774024963379,1804400,0.0,0.0
2022-02-17 00:00:00-05:00,29.45413192350693,30.055927799755185,28.83538364088453,29.293088912963867,1116600,0.0,0.0
2022-02-18 00:00:00-05:00,28.67433867203767,29.19985030038307,28.140349224413733,28.487865447998047,1020600,0.0,0.0
2022-02-22 00:00:00-05:00,29.259190762247922,29.293095582716017,27.792841227089962,28.072547912597656,1039800,0.0,0.0
2022-02-23 00:00:00-05:00,28.411586605044977,28.843861702980192,27.987786094647543,28.479393005371094,1148800,0.0,0.0
2022-02-24 00:00:00-05:00,28.99643057700368,29.08119262034963,27.580938403210407,28.547203063964844,1521000,0.0,0.0
2022-02-25 00:00:00-05:00,28.657389204642495,29.072711858328624,28.343774525999972,29.01338005065918,1491200,0.0,0.0
2022-02-28 00:00:00-05:00,28.54720015607161,30.750961325123903,28.487868348443815,30.708581924438477,2394500,0.0,0.0
2022-03-01 00:00:00-05:00,30.818769848422072,31.96302979262609,30.420396382905594,30.971338272094727,2634600,0.0,0.0
2022-03-02 00:00:00-05:00,31.386667104512696,32.6665465519694,30.962866562530763,32.23426818847656,2288700,0.0,0.0
2022-03-03 00:00:00-05:00,31.827410190589266,32.751295215065646,31.259519192367357,32.725868225097656,1680100,0.0,0.0
2022-03-04 00:00:00-05:00,32.63264466893423,33.870141586871,32.39531737873864,33.471771240234375,1765700,0.0,0.0
2022-03-07 00:00:00-05:00,33.90404299881089,36.82826735412662,33.81928418465046,35.65857696533203,3271200,0.0,0.0
2022-03-08 00:00:00-05:00,36.34513308205246,38.48108806625974,35.48057964320609,35.61619567871094,2965300,0.0,0.0
2022-03-09 00:00:00-05:00,34.234598309473725,36.879112094399325,33.20900204213709,35.18391036987305,2859800,0.0,0.0
2022-03-10 00:00:00-05:00,35.44667449897111,36.472270960098385,34.96354217485855,36.28580093383789,1594500,0.0,0.0
2022-03-11 00:00:00-05:00,35.60771386975684,36.31969878475196,35.065249788492174,35.497528076171875,1387100,0.0,0.0
2022-03-14 00:00:00-04:00,35.09067955494001,35.21781775356445,33.17509965559218,34.62449645996094,1917600,0.0,0.0
2022-03-15 00:00:00-04:00,33.463292502775396,34.056613945379496,32.65807077590853,33.132728576660156,1735900,0.0,0.0
2022-03-16 00:00:00-04:00,33.20900976358877,33.302246397450745,31.386666192672276,32.71739959716797,1951500,0.0,0.0
2022-03-17 00:00:00-04:00,33.46327613405206,34.7770566071708,32.55634361970517,34.268497467041016,1954800,0.0,0.0
2022-03-18 00:00:00-04:00,34.27697760726483,34.38716662437729,33.42090216151287,34.107460021972656,3705800,0.0,0.0
2022-03-21 00:00:00-04:00,34.912673351508964,35.531421504326865,34.53973018953852,35.24324035644531,1088100,0.0,0.0
2022-03-22 00:00:00-04:00,35.04828750577318,35.70094043005728,34.260018599387195,34.61601257324219,843500,0.0,0.0
2022-03-23 00:00:00-04:00,35.20934103149569,35.836563866685864,34.76011037024787,35.2517204284668,974800,0.0,0.0
2022-03-24 00:00:00-04:00,35.480574335505906,35.5738109522193,34.83639583821749,35.107627868652344,1100900,0.0,0.0
2022-03-25 00:00:00-04:00,35.1076330485945,37.6334869588741,34.95506783813796,37.51482009887695,1765800,0.0,0.0
2022-03-28 00:00:00-04:00,36.44683998265286,36.61636081528688,35.845044098476,36.35360336303711,1040400,0.0,0.0
2022-03-29 00:00:00-04:00,35.1754389243702,36.60788334548035,34.71773364188258,36.5909309387207,1561400,0.0,0.0
2022-03-30 00:00:00-04:00,36.972358234633724,37.6250114547708,36.59941492313033,36.80283737182617,1050200,0.0,0.0
2022-03-31 00:00:00-04:00,36.056953512276074,38.24376278673494,36.04000110136191,36.2603759765625,1753000,0.0,0.0
2022-04-01 00:00:00-04:00,36.319699334923506,37.523294362634914,36.25189294040878,37.46396255493164,1272400,0.0,0.0
2022-04-04 00:00:00-04:00,37.97252106491209,38.77774259608923,37.24358374686416,37.964046478271484,1260500,0.0,0.0
2022-04-05 00:00:00-04:00,37.59957218304812,38.72687957103928,37.18424636641529,37.319862365722656,1739200,0.0,0.0
2022-04-06 00:00:00-04:00,37.76062054979966,38.10813679960299,37.26053587487868,37.82843017578125,1639900,0.0,0.0
2022-04-07 00:00:00-04:00,38.09118650681408,38.82012385986078,36.90454708635716,37.90471649169922,1549600,0.0,0.0
2022-04-08 00:00:00-04:00,38.184422249196544,38.70145934736301,37.650432743985476,38.387847900390625,1191500,0.0,0.0
2022-04-11 00:00:00-04:00,38.00641768120953,38.33698145569559,37.4215743289142,37.879276275634766,1672200,0.0,0.0
2022-04-12 00:00:00-04:00,38.565835578965185,40.08304175466682,38.565835578965185,39.24391555786133,1690900,0.0,0.0
2022-04-13 00:00:00-04:00,40.1254268650684,40.89674355722861,39.43039438348847,40.86283874511719,1018800,0.0,0.0
2022-04-14 00:00:00-04:00,40.786555773362814,41.67653610160387,40.60008576776795,41.42225646972656,825000,0.0,0.0
2022-04-18 00:00:00-04:00,41.88843572848036,42.50718724267412,41.108644437544996,41.85453414916992,1201800,0.0,0.0
2022-04-19 00:00:00-04:00,41.64263338014513,42.346140450163304,41.227307513903874,41.769771575927734,1035700,0.0,0.0
2022-04-20 00:00:00-04:00,42.049483994096015,42.668232304704965,41.71892013820065,42.100337982177734,1838400,0.0,0.0
2022-04-21 00:00:00-04:00,42.55803710857025,42.80384212648646,40.1338982054585,40.24408721923828,2720100,0.0,0.0
2022-04-22 00:00:00-04:00,39.8626668580828,40.989977538246194,38.35393838288367,38.769264221191406,1868000,0.0,0.0
2022-04-25 00:00:00-04:00,37.29444580582743,37.29444580582743,35.32801164927839,36.879119873046875,2019200,0.0,0.0
2022-04-26 00:00:00-04:00,36.87911180854145,38.023374903731685,35.62466293011639,35.75180435180664,1564700,0.0,0.0
2022-04-27 00:00:00-04:00,36.014564649648605,37.05711339718979,35.463622756229014,36.217987060546875,1458400,0.0,0.0
2022-04-28 00:00:00-04:00,36.45531550292117,40.41361362793465,36.082372248247815,40.08304977416992,2208900,0.0,0.0
2022-04-29 00:00:00-04:00,40.252571750506995,41.15950453565494,38.79469703792923,39.015071868896484,1454100,0.0,0.0
2022-05-02 00:00:00-04:00,38.88793750873113,39.269358632111015,37.38768324566455,38.1081428527832,1130000,0.0,0.0
2022-05-03 00:00:00-04:00,38.14204162788364,40.718749216080276,38.11661463480082,40.413612365722656,1112400,0.0,0.0
2022-05-04 00:00:00-04:00,41.42225952291313,43.02422487849423,40.795036600273285,42.82927703857422,1055700,0.0,0.0
2022-05-05 00:00:00-04:00,42.7190833452604,43.13440594342783,39.76942959633545,41.03235626220703,1117700,0.0,0.0
2022-05-06 00:00:00-04:00,41.693476779211124,42.08337555396931,40.49835993558414,41.30358123779297,1187700,0.0,0.0
2022-05-09 00:00:00-04:00,40.015236843435886,40.18475766642024,37.37072299823867,37.87080764770508,1815100,0.0,0.0
2022-05-10 00:00:00-04:00,38.582787504335265,39.557526451496805,37.15881794963461,38.303077697753906,1446700,0.0,0.0
2022-05-11 00:00:00-04:00,38.97268399330891,40.09999459766425,37.60804620207473,37.83689880371094,971700,0.0,0.0
2022-05-12 00:00:00-04:00,37.83689959892233,37.93066130441726,36.06396251415125,37.60675811767578,1377100,0.25,0.0
2022-05-13 00:00:00-04:00,38.390952781879534,39.32004122636526,38.135241052073134,38.46766662597656,1322000,0.0,0.0
2022-05-16 00:00:00-04:00,38.84270242961518,40.88840235773971,38.59551306508631,40.47073745727539,1474900,0.0,0.0
2022-05-17 00:00:00-04:00,41.237881536993704,41.84306668561813,40.504838905566544,40.9736442565918,997500,0.0,0.0
2022-05-18 00:00:00-04:00,41.40836141852692,41.74930932233299,39.34561310656276,39.908180236816406,1167700,0.0,0.0
2022-05-19 00:00:00-04:00,39.12399181280043,40.48778974572018,38.40799708512988,39.34560775756836,1081600,0.0,0.0
2022-05-20 00:00:00-04:00,39.70360482286659,40.180932450478515,38.10966220480365,38.876800537109375,1054100,0.0,0.0
2022-05-23 00:00:00-04:00,39.37969403688829,41.05886922781611,39.13250470495552,40.98215866088867,773000,0.0,0.0
2022-05-24 00:00:00-04:00,40.359931135254236,41.29754503295258,39.609843918956365,40.65826416015625,1234700,0.0,0.0
2022-05-25 00:00:00-04:00,40.81169626148194,42.72953908812892,40.7690781823111,42.388587951660156,1354800,0.0,0.0
2022-05-26 00:00:00-04:00,43.19833864970972,44.502470555860455,43.155720576273204,43.8802375793457,985300,0.0,0.0
2022-05-27 00:00:00-04:00,43.32620656932643,44.40019723604326,43.087539447738294,44.05924606323242,677900,0.0,0.0
2022-05-31 00:00:00-04:00,44.48541446780718,45.36336222604484,42.37152655021112,42.91704559326172,1160700,0.0,0.0
2022-06-01 00:00:00-04:00,43.35177230831097,44.246764980404734,43.18981905469283,43.33472442626953,1334700,0.0,0.0
2022-06-02 00:00:00-04:00,43.130149054426425,43.82909589491775,42.21810858569871,42.40563201904297,1066300,0.0,0.0
2022-06-03 00:00:00-04:00,42.6272471261353,43.675670617871525,41.73225455539648,43.62452697753906,833200,0.0,0.0
2022-06-06 00:00:00-04:00,43.641576948593766,45.039470669150035,43.385865237781175,44.98832702636719,1406000,0.0,0.0
2022-06-07 00:00:00-04:00,44.80080145687475,45.72988972072834,44.468372696050636,45.51679611206055,962300,0.0,0.0
2022-06-08 00:00:00-04:00,45.88332720188423,46.5311304802351,45.14175894384764,45.908897399902344,882300,0.0,0.0
2022-06-09 00:00:00-04:00,45.34632043982257,45.38041619748002,43.47109603881836,43.47109603881836,1087600,0.0,0.0
2022-06-10 00:00:00-04:00,42.48234640526607,43.44553052779862,40.85431119452474,42.23515701293945,981200,0.0,0.0
2022-06-13 00:00:00-04:00,40.538938611638244,40.931030161436205,38.28866685501039,39.93375015258789,1514600,0.0,0.0
2022-06-14 00:00:00-04:00,40.83726350856312,40.90545503155107,37.555622876211046,38.29718780517578,1086900,0.0,0.0
2022-06-15 00:00:00-04:00,38.35685381477559,38.783041079384205,36.73734090864253,37.32548141479492,1550900,0.0,0.0
2022-06-16 00:00:00-04:00,36.54129670627192,36.899295714526886,34.70869334169237,34.99850082397461,1646500,0.0,0.0
2022-06-17 00:00:00-04:00,34.93030488179223,35.33944423124867,32.424325147040115,33.12327194213867,3466900,0.0,0.0
2022-06-21 00:00:00-04:00,33.85631533721095,35.13487705536483,33.41308021806486,34.836544036865234,1377600,0.0,0.0
2022-06-22 00:00:00-04:00,32.79084562053087,33.694360442445706,32.24532650128785,33.302268981933594,1207800,0.0,0.0
2022-06-23 00:00:00-04:00,33.64321890816702,33.71993273491235,31.827660509561177,32.671512603759766,1471800,0.0,0.0
2022-06-24 00:00:00-04:00,33.370463375591676,37.964761465409865,33.11474842128619,37.45333480834961,4276900,0.0,0.0
2022-06-27 00:00:00-04:00,38.271613477015315,38.28013579069312,36.65210074799535,37.402191162109375,1751600,0.0,0.0
2022-06-28 00:00:00-04:00,38.26308707121995,39.03874766087805,37.17204885760426,37.512996673583984,1327900,0.0,0.0
2022-06-29 00:00:00-04:00,37.99886167026764,38.28014360072941,36.899297643119134,37.316959381103516,922000,0.0,0.0
2022-06-30 00:00:00-04:00,36.362292191083746,37.419237889891086,35.987248621339376,36.703243255615234,1151100,0.0,0.0
2022-07-01 00:00:00-04:00,36.75438932934111,37.32548196311251,35.29682964334003,37.086814880371094,1101400,0.0,0.0
2022-07-05 00:00:00-04:00,35.927583869624016,36.063963649669724,33.285221160356585,34.30807113647461,1838600,0.0,0.0
2022-07-06 00:00:00-04:00,34.094985394750786,34.350697134901175,32.415806323562926,34.18022155761719,1322600,0.0,0.0
2022-07-07 00:00:00-04:00,35.56958416916383,36.21739054946424,35.10077888830586,35.54401397705078,641600,0.0,0.0
2022-07-08 00:00:00-04:00,36.13216198266184,37.05272819316216,35.27978730696215,36.63506317138672,769000,0.0,0.0
2022-07-11 00:00:00-04:00,35.79973333763296,36.46458448769266,35.109308738420225,35.49287796020508,548300,0.0,0.0
2022-07-12 00:00:00-04:00,34.512649984320284,34.76836172141661,33.00394650843548,33.39603805541992,1229000,0.0,0.0
2022-07-13 00:00:00-04:00,32.756750138167995,34.01826392491416,32.756750138167995,33.29374694824219,923600,0.0,0.0
2022-07-14 00:00:00-04:00,32.091897742795204,32.71413067008029,31.62308921743287,32.65446472167969,1084400,0.0,0.0
2022-07-15 00:00:00-04:00,33.68583866919717,33.68583866919717,32.31351528383755,33.13179397583008,703100,0.0,0.0
2022-07-18 00:00:00-04:00,34.09498021074536,35.72301538574643,33.95007810559403,35.637779235839844,1158200,0.0,0.0
2022-07-19 00:00:00-04:00,35.62072867019972,36.609482891709845,35.37353930193457,36.3537712097168,672300,0.0,0.0
2022-07-20 00:00:00-04:00,35.919057625136226,36.592434198931514,35.18601510192114,36.53276824951172,777700,0.0,0.0
2022-07-21 00:00:00-04:00,34.862121405579686,35.007023522533096,32.87608708579965,33.915985107421875,1283500,0.0,0.0
2022-07-22 00:00:00-04:00,34.009748248717514,34.73426536679087,33.12327787370813,33.583560943603516,678000,0.0,0.0
2022-07-25 00:00:00-04:00,34.197266294244294,36.03839520610912,33.83074497484775,35.9616813659668,643200,0.0,0.0
2022-07-26 00:00:00-04:00,36.26853729348208,36.92486610239252,35.458780801888636,35.927589416503906,578700,0.0,0.0
2022-07-27 00:00:00-04:00,36.45605609313714,38.62961031873363,36.05543905590525,38.06704330444336,1084700,0.0,0.0
2022-07-28 00:00:00-04:00,38.876797171162565,39.4649343406424,37.03566858458403,37.78575897216797,1238700,0.0,0.0
2022-07-29 00:00:00-04:00,38.987607704812916,40.36845336552204,38.288657683548614,39.464935302734375,1041000,0.0,0.0
2022-08-01 00:00:00-04:00,38.32275690444789,39.149561213500064,37.87099945800117,38.58699417114258,1030300,0.0,0.0
2022-08-02 00:00:00-04:00,38.83418162825361,39.541650740342135,37.9391858426282,38.118186950683594,770700,0.0,0.0
2022-08-03 00:00:00-04:00,38.47618833426464,38.697807547737845,36.404917827874144,36.618011474609375,1002400,0.0,0.0
2022-08-04 00:00:00-04:00,36.41343697652639,36.66914865722775,33.25965091040844,33.302268981933594,1113900,0.0,0.0
2022-08-05 00:00:00-04:00,32.731186466127255,35.10078685167541,32.731186466127255,34.393314361572266,934600,0.0,0.0
2022-08-08 00:00:00-04:00,34.33364324291229,35.27977944227119,34.026787907817436,34.845069885253906,536000,0.0,0.0
2022-08-09 00:00:00-04:00,35.4928749769838,36.21739527980302,34.92178560153353,35.31387710571289,539200,0.0,0.0
2022-08-10 00:00:00-04:00,35.49287061070473,35.85939187434244,34.3336408700413,35.48434829711914,516800,0.0,0.0
2022-08-11 00:00:00-04:00,35.92758823490908,37.478909640749556,35.92758823490908,37.086814880371094,491800,0.0,0.0
2022-08-12 00:00:00-04:00,36.89076296033922,37.78575868082337,36.60095553452203,37.74313735961914,418500,0.0,0.0
2022-08-15 00:00:00-04:00,35.80825452223289,36.03839604803642,34.41036073724941,35.74858856201172,816300,0.0,0.0
2022-08-16 00:00:00-04:00,36.0144056956169,36.657520083038634,34.573829206108314,34.97684860229492,677000,0.25,0.0
2022-08-17 00:00:00-04:00,34.86537602987546,35.27696886305406,34.025040253254694,34.92539978027344,971100,0.0,0.0
2022-08-18 00:00:00-04:00,35.89435490492906,37.90087174033033,35.688556880584656,37.729373931884766,688300,0.0,0.0
2022-08-19 00:00:00-04:00,37.111980687191355,37.46354969939262,36.6060639846531,37.06910705566406,544400,0.0,0.0
2022-08-22 00:00:00-04:00,36.520326229530504,37.26633807968177,36.08300984042094,36.70039749145508,590900,0.0,0.0
2022-08-23 00:00:00-04:00,37.523575563179634,39.3414477365516,37.40352807968402,38.363914489746094,584600,0.0,0.0
2022-08-24 00:00:00-04:00,38.29531847191641,39.62442090400924,37.96947292841302,39.41004943847656,649700,0.0,0.0
2022-08-25 00:00:00-04:00,39.615844320032814,40.67912487234988,39.615844320032814,40.164634704589844,515100,0.0,0.0
2022-08-26 00:00:00-04:00,39.66729994674771,40.02744575885043,38.20099970780311,38.835540771484375,557100,0.0,0.0
2022-08-29 00:00:00-04:00,38.312464767864505,39.66729059421924,38.09809332367146,38.94700241088867,807100,0.0,0.0
2022-08-30 00:00:00-04:00,37.92660290418794,38.158124501554745,35.43131893841139,36.426002502441406,832500,0.0,0.0
2022-08-31 00:00:00-04:00,35.47418151551153,37.45497460550239,35.36271073273826,36.65751266479492,558100,0.0,0.0
2022-09-01 00:00:00-04:00,35.72286813786097,36.24593514331986,34.925405862497364,35.12262725830078,1204800,0.0,0.0
2022-09-02 00:00:00-04:00,36.54604517920805,38.56971226251111,35.78288331344775,38.1152458190918,848100,0.0,0.0
2022-09-06 00:00:00-04:00,38.569710762255674,38.569710762255674,36.28879867273927,37.11198425292969,761900,0.0,0.0
2022-09-07 00:00:00-04:00,36.228777300481205,36.648946807843,34.83965113408427,36.19447708129883,626600,0.0,0.0
2022-09-08 00:00:00-04:00,36.24593099105994,36.95764261864007,35.26839754512741,36.70039749145508,775600,0.0,0.0
2022-09-09 00:00:00-04:00,37.98662019705245,38.8955563205067,37.70365158465882,38.54398727416992,603300,0.0,0.0
2022-09-12 00:00:00-04:00,39.2128229769783,40.21608300598652,38.81838031680861,40.15605926513672,865300,0.0,0.0
2022-09-13 00:00:00-04:00,39.08420266176835,40.036009111361516,37.9094448108788,38.363914489746094,885600,0.0,0.0
2022-09-14 00:00:00-04:00,38.672616557421954,40.84205832055108,38.604019379669936,39.77877426147461,908200,0.0,0.0
2022-09-15 00:00:00-04:00,38.04664379508989,38.76693199348257,37.643627695892484,37.849422454833984,785500,0.0,0.0
2022-09-16 00:00:00-04:00,37.497853184002764,37.497853184002764,35.808605131875886,36.63179397583008,1495100,0.0,0.0
2022-09-19 00:00:00-04:00,35.27696388938035,36.96621189511235,34.94254496401279,36.803287506103516,871100,0.0,0.0
2022-09-20 00:00:00-04:00,36.41742366939413,36.41742366939413,35.39701345440268,35.86863327026367,618400,0.0,0.0
2022-09-21 00:00:00-04:00,36.70897226077057,37.034814544989516,35.0197240046471,35.028297424316406,471600,0.0,0.0
2022-09-22 00:00:00-04:00,35.705711227035806,36.00583324520415,34.14508719991726,34.256561279296875,537000,0.0,0.0
2022-09-23 00:00:00-04:00,32.3100708970192,32.378668072157076,29.789063378527803,30.423601150512695,1258800,0.0,0.0
2022-09-26 00:00:00-04:00,30.7665941901878,32.18144392495485,30.08917956214015,30.72372055053711,1251200,0.0,0.0
2022-09-27 00:00:00-04:00,31.752702694020282,32.318643272573375,30.65512175889895,31.143888473510742,1130000,0.0,0.0
2022-09-28 00:00:00-04:00,31.486881953435184,33.28760095830723,31.289660597362452,33.08180618286133,804000,0.0,0.0
2022-09-29 00:00:00-04:00,32.30149358290303,32.52444175766331,31.409710697009643,32.18144607543945,784000,0.0,0.0
2022-09-30 00:00:00-04:00,31.70982921835641,32.567315146179084,31.04956466140705,31.701255798339844,894700,0.0,0.0
2022-10-03 00:00:00-04:00,33.133252252614184,34.076488636920025,32.78168318992217,33.33905029296875,973100,0.0,0.0
2022-10-04 00:00:00-04:00,34.29942815439988,35.551356496983864,33.79351145828054,35.53420639038086,1393200,0.0,0.0
2022-10-05 00:00:00-04:00,35.354148718421676,37.34351605162974,35.208377663037716,37.034820556640625,851600,0.0,0.0
2022-10-06 00:00:00-04:00,36.5374740983382,37.59218134479878,36.400276487523385,36.966217041015625,756100,0.0,0.0
2022-10-07 00:00:00-04:00,36.91476747077834,37.780830064615515,36.52889816020975,37.1291389465332,644300,0.0,0.0
2022-10-10 00:00:00-04:00,36.871892212603875,37.60933058022379,35.817184990676196,36.25450134277344,482900,0.0,0.0
2022-10-11 00:00:00-04:00,35.61996662973727,36.648950408974144,35.07974957320429,35.86006164550781,667800,0.0,0.0
2022-10-12 00:00:00-04:00,35.7057151948419,35.76573895093592,34.57383397842698,35.32842254638672,951900,0.0,0.0
2022-10-13 00:00:00-04:00,34.76247353968115,37.08625916718613,34.16223285270773,36.93191146850586,1168500,0.0,0.0
2022-10-14 00:00:00-04:00,36.374548919595526,36.60607049628498,34.61670354589672,34.676727294921875,648900,0.0,0.0
2022-10-17 00:00:00-04:00,35.71428734973106,36.34882505385169,35.43989213642771,36.15160369873047,751300,0.0,0.0
2022-10-18 00:00:00-04:00,36.8633165788317,37.377806758752314,35.92865691083851,36.897613525390625,496900,0.0,0.0
2022-10-19 00:00:00-04:00,37.46355764872594,37.57503173118914,35.31126948730038,36.79471969604492,1455800,0.0,0.0
2022-10-20 00:00:00-04:00,37.206316104622566,38.338197335193684,36.906197320398945,37.909454345703125,1194800,0.0,0.0
2022-10-21 00:00:00-04:00,38.37249172611612,39.13565360802747,37.45498212976776,38.50968933105469,1032900,0.0,0.0
2022-10-24 00:00:00-04:00,38.278174073372504,38.981312323546234,37.99520539759501,38.895565032958984,609400,0.0,0.0
2022-10-25 00:00:00-04:00,38.74977930354013,39.09277490699045,37.45497727905977,37.92659378051758,970300,0.0,0.0
2022-10-26 00:00:00-04:00,38.638313264800296,43.81752527074332,38.638313264800296,42.1711540222168,1957900,0.0,0.0
2022-10-27 00:00:00-04:00,42.99434227130851,44.86366178493489,42.55702590392303,42.702796936035156,1585900,0.0,0.0
2022-10-28 00:00:00-04:00,42.85714539331724,44.22054812118783,42.025383013803044,42.25690460205078,1168100,0.0,0.0
2022-10-31 00:00:00-04:00,41.52804513334299,43.25159046657839,41.185049442336776,42.45412826538086,1153000,0.0,0.0
2022-11-01 00:00:00-04:00,43.08866515336877,43.44023423074336,41.948207371245736,42.11970520019531,662000,0.0,0.0
2022-11-02 00:00:00-04:00,41.99966489326254,42.70280316841701,40.584814922010075,40.756309509277344,1287700,0.0,0.0
2022-11-03 00:00:00-04:00,40.121767273074205,43.01149392855541,40.06174351992246,42.737098693847656,851800,0.0,0.0
2022-11-04 00:00:00-04:00,43.56028109683425,44.031897666307025,42.41982660232915,43.40593338012695,1048900,0.0,0.0
2022-11-07 00:00:00-05:00,43.731782577579736,45.060885119355156,43.26016596869804,44.83794021606445,865400,0.0,0.0
2022-11-08 00:00:00-05:00,44.58069458478702,45.00086085535198,43.517410600796545,44.777915954589844,777400,0.0,0.0
2022-11-09 00:00:00-05:00,43.59457571970129,43.714623201495606,41.18503958137057,41.416561126708984,1181900,0.0,0.0
2022-11-10 00:00:00-05:00,42.8657173451966,43.27731014400599,42.06825527530066,43.06293869018555,1306800,0.0,0.0
2022-11-11 00:00:00-05:00,44.31487023391503,45.63539926504334,43.84325365738321,44.76933670043945,1004500,0.0,0.0
2022-11-14 00:00:00-05:00,44.60056113279244,46.48740839038567,44.3841795968457,44.5745964050293,1070400,0.485,0.0
2022-11-15 00:00:00-05:00,44.84290202263453,46.245053179818846,44.5486230586112,45.81229019165039,845800,0.0,0.0
2022-11-16 00:00:00-05:00,45.24105164335157,45.98540465053525,44.47073390857038,44.80828857421875,1016000,0.0,0.0
2022-11-17 00:00:00-05:00,43.11185803313196,46.26237264065328,42.85219755089346,45.05929183959961,1290100,0.0,0.0
2022-11-18 00:00:00-05:00,44.31493689061192,46.57396053531289,43.79561925063144,46.47875213623047,1161300,0.0,0.0
2022-11-21 00:00:00-05:00,44.92946069875645,44.99870437309214,41.129801565168385,44.34955978393555,1745900,0.0,0.0
2022-11-22 00:00:00-05:00,45.63918606738731,47.12789185971196,44.9986986695637,46.64319610595703,1301000,0.0,0.0
2022-11-23 00:00:00-05:00,45.38817967371182,45.769013205184244,43.80426890055893,44.816932678222656,834300,0.0,0.0
2022-11-25 00:00:00-05:00,44.66114142837079,44.782317844932976,43.64847756714203,43.674442291259766,485500,0.0,0.0
2022-11-28 00:00:00-05:00,42.003979643227595,43.293614956331986,41.77028720521324,42.14246368408203,1182000,0.0,0.0
2022-11-29 00:00:00-05:00,42.97337342301949,43.76100206462886,42.41943392962508,43.59654998779297,1146600,0.0,0.0
2022-11-30 00:00:00-05:00,44.61786985144974,44.920805967867366,43.42344290744774,44.21107482910156,1165700,0.0,0.0
2022-12-01 00:00:00-05:00,44.79962537261692,45.56994630438033,43.04260860738385,43.051265716552734,768300,0.0,0.0
2022-12-02 00:00:00-05:00,42.65312679657528,44.228384095195146,42.41078053577843,43.89948654174805,864200,0.0,0.0
2022-12-05 00:00:00-05:00,44.600564981002265,44.600564981002265,40.697043188477636,40.844181060791016,1102800,0.0,0.0
2022-12-06 00:00:00-05:00,40.5066139080999,41.32886422314511,39.90940218962006,40.68837356567383,1105800,0.0,0.0
2022-12-07 00:00:00-05:00,40.80090389401114,41.23366698716225,39.4420280456543,39.4420280456543,1139100,0.0,0.0
2022-12-08 00:00:00-05:00,40.229652320086196,41.27693809795554,39.62378339594261,39.96133804321289,1022300,0.0,0.0
2022-12-09 00:00:00-05:00,40.03923866640858,40.558556342890355,38.56784683734421,38.64574432373047,862000,0.0,0.0
2022-12-12 00:00:00-05:00,39.23430172208789,41.89146672204458,38.84481429664859,41.45004653930664,1008600,0.0,0.0
2022-12-13 00:00:00-05:00,42.24632752710569,42.7483309172862,41.39811239756496,41.88280487060547,990100,0.0,0.0
2022-12-14 00:00:00-05:00,41.874149031117426,42.36749858965001,41.285591083794394,41.588523864746094,852000,0.0,0.0
2022-12-15 00:00:00-05:00,40.93938862709319,41.40677356781933,40.1690708368522,40.9740104675293,1025200,0.0,0.0
2022-12-16 00:00:00-05:00,39.5805082651029,40.723002456091656,39.18236705042623,40.532588958740234,3813700,0.0,0.0
2022-12-19 00:00:00-05:00,41.06055692740772,41.770288064095205,39.857476178674546,40.51527786254883,1007700,0.0,0.0
2022-12-20 00:00:00-05:00,40.4806544629654,42.177084758233775,40.4806544629654,41.9693603515625,697300,0.0,0.0
2022-12-21 00:00:00-05:00,42.73967503580192,43.28495404151498,41.49331547595565,41.588523864746094,780500,0.0,0.0
2022-12-22 00:00:00-05:00,41.58852313695022,41.727007163207496,39.589160214218325,40.342166900634766,934000,0.0,0.0
2022-12-23 00:00:00-05:00,40.645103531453934,42.43674223559581,40.53258751938005,42.35884475708008,483600,0.0,0.0
2022-12-27 00:00:00-05:00,42.82622670648047,42.92143509613993,41.90876794452168,42.4973258972168,530000,0.0,0.0
2022-12-28 00:00:00-05:00,42.280944676797155,42.3328774265186,40.61047919720111,41.08652114868164,562900,0.0,0.0
2022-12-29 00:00:00-05:00,40.88745344090264,43.00798969391611,40.88745344090264,42.96471405029297,580200,0.0,0.0
2022-12-30 00:00:00-05:00,42.627164727201816,43.09454966078606,42.410783180363225,42.90413284301758,673800,0.0,0.0
2023-01-03 00:00:00-05:00,42.32422753231105,42.748333471562454,39.14774503429891,39.94403076171875,1316900,0.0,0.0
2023-01-04 00:00:00-05:00,39.26027155070036,40.965359333753995,38.75826473675173,40.22966003417969,1529300,0.0,0.0
2023-01-05 00:00:00-05:00,39.91806868960719,41.17308237988254,39.47665176631944,40.30755615234375,976400,0.0,0.0
2023-01-06 00:00:00-05:00,41.164418011767474,41.164418011767474,39.537228196883966,39.641090393066406,1791700,0.0,0.0
2023-01-09 00:00:00-05:00,41.45004362046693,42.28960497821339,40.1171326591449,41.01728057861328,1448600,0.0,0.0
2023-01-10 00:00:00-05:00,41.19038588106405,42.58388338466772,40.38544637030814,42.35884475708008,1325000,0.0,0.0
2023-01-11 00:00:00-05:00,42.930097747676754,43.21572297549772,41.16442682755957,42.08188247680664,1017200,0.0,0.0
2023-01-12 00:00:00-05:00,42.523295976324135,44.26300189287746,42.0126354721693,43.36285400390625,974100,0.0,0.0
2023-01-13 00:00:00-05:00,43.475372796294515,43.899482010634465,42.38481143355152,43.830238342285156,680600,0.0,0.0
2023-01-17 00:00:00-05:00,44.159142083190815,44.35821269027736,42.912785685975905,43.12051010131836,972200,0.0,0.0
2023-01-18 00:00:00-05:00,43.4147893779547,43.89948518630305,41.08652533966078,41.17307662963867,1313500,0.0,0.0
2023-01-19 00:00:00-05:00,41.06055940756013,41.40677118858701,40.099828153565014,40.593177795410156,1631500,0.0,0.0
2023-01-20 00:00:00-05:00,41.10382643326836,41.65776248085193,39.92671068129363,40.6104736328125,1353900,0.0,0.0
2023-01-23 00:00:00-05:00,40.8009033203125,41.26828824675672,40.48065956036531,40.8009033203125,734400,0.0,0.0
2023-01-24 00:00:00-05:00,40.826866725257894,41.79625838609394,39.892100204397686,41.718360900878906,1270400,0.0,0.0
2023-01-25 00:00:00-05:00,41.67507873205127,43.241678698173246,40.89610400180519,42.6963996887207,1258600,0.0,0.0
2023-01-26 00:00:00-05:00,43.28495493633751,43.57923391608261,40.939380207565584,42.85219192504883,1284900,0.0,0.0
2023-01-27 00:00:00-05:00,42.84353625936158,43.18974797406446,42.03859682913903,42.57522201538086,940200,0.0,0.0
2023-01-30 00:00:00-05:00,41.6923933073567,42.73102535384605,41.242322612207566,42.07322692871094,1091300,0.0,0.0
2023-01-31 00:00:00-05:00,42.41077841010438,43.08588770375564,40.11713295091073,41.926082611083984,2327200,0.0,0.0
2023-02-01 00:00:00-05:00,41.59718296351151,41.926080483785896,38.870774597652726,40.4373779296875,1921200,0.0,0.0
2023-02-02 00:00:00-05:00,40.54123742888184,40.80955167390594,39.09580731135404,39.82284927368164,1863100,0.0,0.0
2023-02-03 00:00:00-05:00,40.09982054525939,41.13844908783623,39.06118870096294,39.25160217285156,1546100,0.0,0.0
2023-02-06 00:00:00-05:00,39.11312348408177,39.554543646456764,38.63708478682486,39.19102096557617,1453400,0.0,0.0
2023-02-07 00:00:00-05:00,39.63243393982021,39.90074487052181,38.93135673352485,39.54587936401367,761500,0.0,0.0
2023-02-08 00:00:00-05:00,39.34682285572291,40.437387788642724,38.97464630102876,40.22966003417969,1158300,0.0,0.0
2023-02-09 00:00:00-05:00,39.995963398867346,40.004620509503795,36.983932732843634,37.26955795288086,2519700,0.0,0.0
2023-02-10 00:00:00-05:00,37.624421601694294,39.597820104447464,37.53786700841206,39.580509185791016,1651900,0.0,0.0
2023-02-13 00:00:00-05:00,39.2349615969534,40.485931696530486,38.44763992834883,40.214744567871094,1208800,0.485,0.0
2023-02-14 00:00:00-05:00,39.777339637723315,40.97582020411675,39.3574341108945,40.36345672607422,971800,0.0,0.0
2023-02-15 00:00:00-05:00,39.71610765846143,39.899815719403676,38.56136650809183,38.87629318237305,1356000,0.0,0.0
2023-02-16 00:00:00-05:00,38.342666436738,39.4536647398768,38.25518402188773,38.79756164550781,928400,0.0,0.0
2023-02-17 00:00:00-05:00,38.31641417915266,38.31641417915266,36.54056314340882,37.10043716430664,1158000,0.0,0.0
2023-02-21 00:00:00-05:00,36.680527087362535,37.35412647783989,36.31310772114217,36.50556564331055,1129100,0.0,0.0
2023-02-22 00:00:00-05:00,35.97194187661325,36.67178445454101,35.14087735533726,35.63951873779297,1941900,0.0,0.0
2023-02-23 00:00:00-05:00,36.01567959415697,36.57555696535237,34.67723052285794,35.578277587890625,1771100,0.0,0.0
2023-02-24 00:00:00-05:00,34.99216202571449,36.10316357048444,34.49352398381707,35.99818801879883,2215600,0.0,0.0
2023-02-27 00:00:00-05:00,36.269372036625796,36.776759944415815,35.77948394591801,36.59305191040039,1442600,0.0,0.0
2023-02-28 00:00:00-05:00,37.10044358069604,37.1179400640141,36.34811148358429,36.81175994873047,1865500,0.0,0.0
2023-03-01 00:00:00-05:00,36.97795818168391,37.65155752918126,36.87298265679563,37.51158905029297,1603600,0.0,0.0
2023-03-02 00:00:00-05:00,37.100439552565156,39.95229928151271,36.96921761048343,39.33993911743164,1749900,0.0,0.0
2023-03-03 00:00:00-05:00,38.648844278447655,39.65487029896953,38.24643520508399,39.21746826171875,1437600,0.0,0.0
2023-03-06 00:00:00-05:00,38.89378778366289,39.462411758633245,38.64009380485379,39.121238708496094,1053400,0.0,0.0
2023-03-07 00:00:00-05:00,38.981262293690925,39.26119926975486,38.08896193107013,38.22018051147461,883000,0.0,0.0
2023-03-08 00:00:00-05:00,37.97524292403897,38.68383539184948,36.89048445521811,37.38912582397461,994200,0.0,0.0
2023-03-09 00:00:00-05:00,37.66906410100652,37.966497615491484,35.14962746872876,35.19336700439453,1798600,0.0,0.0
2023-03-10 00:00:00-05:00,35.64826285929445,35.98943588400983,34.31856038408936,34.44103240966797,1475000,0.0,0.0
2023-03-13 00:00:00-04:00,33.06759197375818,33.67120889581749,32.192787935631706,32.56020736694336,1986000,0.0,0.0
2023-03-14 00:00:00-04:00,32.962617145164735,33.70619925900509,32.227781603567585,32.840145111083984,1251200,0.0,0.0
2023-03-15 00:00:00-04:00,31.134276397836366,31.781632865761885,30.29446530737566,31.055543899536133,2668900,0.0,0.0
2023-03-16 00:00:00-04:00,30.320709558244356,31.169270591526583,29.34092991402265,30.61814308166504,2341700,0.0,0.0
2023-03-17 00:00:00-04:00,30.618142587295953,30.661882123569548,29.419661940413356,29.892053604125977,3641900,0.0,0.0
2023-03-20 00:00:00-04:00,30.15450217297368,31.352983005741347,30.067019749745207,30.941823959350586,1560500,0.0,0.0
2023-03-21 00:00:00-04:00,31.93909253429597,32.23652602743241,31.53668349567384,31.842866897583008,1862800,0.0,0.0
2023-03-22 00:00:00-04:00,31.930344459020272,31.930344459020272,30.320705043218048,30.33820152282715,1357400,0.0,0.0
2023-03-23 00:00:00-04:00,30.32945580825483,30.801850811683874,29.095982190709712,29.437158584594727,1429400,0.0,0.0
2023-03-24 00:00:00-04:00,28.807297428716907,29.7258410072657,28.59734298987964,29.559629440307617,1310300,0.0,0.0
2023-03-27 00:00:00-04:00,30.20698105024442,31.22175355669678,29.50713851771045,30.8980770111084,1068700,0.0,0.0
2023-03-28 00:00:00-04:00,30.74936589290356,32.49022420820389,30.74936589290356,32.14030456542969,1630500,0.0,0.0
2023-03-29 00:00:00-04:00,32.682684811410766,32.98886494062107,32.14030715233261,32.175296783447266,1394900,0.0,0.0
2023-03-30 00:00:00-04:00,32.700177010985435,32.71767349280685,30.836843410913172,31.06429100036621,1594500,0.0,0.0
2023-03-31 00:00:00-04:00,31.36172146460292,31.43170738507671,30.91557290147578,31.274242401123047,1872300,0.0,0.0
2023-04-03 00:00:00-04:00,33.23379710200461,34.30105544537952,33.198804149864685,33.618709564208984,2302200,0.0,0.0
2023-04-04 00:00:00-04:00,33.68870174496096,33.68870174496096,32.25402366893282,32.83139419555664,1454900,0.0,0.0
2023-04-05 00:00:00-04:00,32.577703231822724,33.207559858120995,32.17529084569222,33.09383773803711,1190800,0.0,0.0
2023-04-06 00:00:00-04:00,33.24255810846832,33.35628358375736,32.481479423008196,32.52521896362305,1132700,0.0,0.0
2023-04-10 00:00:00-04:00,32.4552252052021,33.23380352375756,32.350249665609546,32.56895065307617,1302400,0.0,0.0
2023-04-11 00:00:00-04:00,32.95386591060845,33.34752838797494,32.55145686135049,32.778907775878906,984000,0.0,0.0
2023-04-12 00:00:00-04:00,33.207558162745144,33.338780094127166,32.48147259720501,32.577701568603516,999600,0.0,0.0
2023-04-13 00:00:00-04:00,32.51646222007619,33.032596699939894,32.437733065781785,32.577701568603516,1114700,0.0,0.0
2023-04-14 00:00:00-04:00,32.81389814592029,32.93637351497049,32.026576510415914,32.74391555786133,1212600,0.0,0.0
2023-04-17 00:00:00-04:00,32.840140533079165,32.945116070926986,31.886604110088342,32.24527359008789,710700,0.0,0.0
2023-04-18 00:00:00-04:00,31.615410873946807,32.18403471612762,31.344223813891986,32.16653823852539,1603500,0.0,0.0
2023-04-19 00:00:00-04:00,31.667907740858393,32.53396189424937,31.457953297456317,32.39399337768555,1743800,0.0,0.0
2023-04-20 00:00:00-04:00,31.904103282885448,32.23652640365511,31.484197758929714,31.82537078857422,1291700,0.0,0.0
2023-04-21 00:00:00-04:00,32.000335990380975,32.000335990380975,30.98556001773302,31.484201431274414,3478900,0.0,0.0
2023-04-24 00:00:00-04:00,31.484194543199372,32.542706485293095,31.256743655259424,32.46397399902344,1473400,0.0,0.0
2023-04-25 00:00:00-04:00,31.729142771119736,31.99158331437271,30.25072515234169,30.39069366455078,1308400,0.0,0.0
2023-04-26 00:00:00-04:00,30.18074055465895,31.046798056296144,30.00577907242679,30.294466018676758,1545000,0.0,0.0
2023-04-27 00:00:00-04:00,29.577126923667322,30.04077201470349,28.159941922006897,29.16596794128418,2974800,0.0,0.0
2023-04-28 00:00:00-04:00,29.008501052856445,29.94454108351666,28.676074592204102,29.008501052856445,1995700,0.0,0.0
2023-05-01 00:00:00-04:00,28.36114576368234,29.104731210140905,28.282416602631415,28.886030197143555,1595200,0.0,0.0
2023-05-02 00:00:00-04:00,28.38738741286997,28.536102475053898,27.276386051962948,27.320125579833984,2720900,0.0,0.0
2023-05-03 00:00:00-04:00,26.882729668412914,27.73129071568376,26.812745406957667,27.18891143798828,1753500,0.0,0.0
2023-05-04 00:00:00-04:00,27.08393397105816,27.617565002764255,26.63778535108991,27.39011573791504,1877000,0.0,0.0
2023-05-05 00:00:00-04:00,28.41363687652009,28.693573922624697,28.01997436258773,28.203685760498047,1273200,0.0,0.0
2023-05-08 00:00:00-04:00,28.8947735751997,29.3409254611781,27.626308841169596,27.81001853942871,1011000,0.0,0.0
2023-05-09 00:00:00-04:00,27.521332549045006,28.142442577078466,27.258892021140536,27.84501075744629,1088400,0.0,0.0
2023-05-10 00:00:00-04:00,28.107455527488156,28.14244515386341,26.900224984056045,27.311382293701172,1611900,0.0,0.0
2023-05-11 00:00:00-04:00,26.803995690091387,27.127673924350518,26.602791158053822,27.057689666748047,1223800,0.0,0.0
2023-05-12 00:00:00-04:00,27.416358189913975,27.635059195469413,26.88272720242071,27.250144958496094,1161200,0.0,0.0
2023-05-15 00:00:00-04:00,27.495092331996027,28.04621983339258,27.118926312944232,27.766281127929688,1092300,0.0,0.0
2023-05-16 00:00:00-04:00,27.60006780694781,27.96748558396694,26.873980493857182,27.110177993774414,1700000,0.0,0.0
2023-05-17 00:00:00-04:00,27.434557012441697,28.465461734042496,27.27458848311384,28.216623306274414,1738000,0.485,0.0
2023-05-18 00:00:00-04:00,27.905571228632553,29.11421903559302,27.7367153846505,29.08755874633789,1800900,0.0,0.0
2023-05-19 00:00:00-04:00,29.416387786482048,29.416387786482048,28.438805213341347,28.883161544799805,1531400,0.0,0.0
2023-05-22 00:00:00-04:00,28.847610310094804,29.611903691906175,28.634321183645305,29.30085563659668,1633900,0.0,0.0
2023-05-23 00:00:00-04:00,29.549694924123376,29.88740667250371,29.016468702613064,29.6918888092041,2018200,0.0,0.0
2023-05-24 00:00:00-04:00,29.88740515195067,30.038484663963395,29.43415983557356,29.77187156677246,2074200,0.0,0.0
2023-05-25 00:00:00-04:00,28.892046293190848,29.32751697633225,28.68764279381253,29.158662796020508,1028600,0.0,0.0
2023-05-26 00:00:00-04:00,29.514141470249065,29.514141470249065,28.732076906960597,29.09644889831543,672400,0.0,0.0
2023-05-30 00:00:00-04:00,28.4387977737107,28.90981427698374,28.261054609591234,28.865379333496094,1537600,0.0,0.0
2023-05-31 00:00:00-04:00,28.172187068495656,28.76762281918321,27.434555757621332,27.44344139099121,1466400,0.0,0.0
2023-06-01 00:00:00-04:00,27.416781537802397,28.438800595174563,27.416781537802397,28.189960479736328,1082100,0.0,0.0
2023-06-02 00:00:00-04:00,29.01646791143927,30.154018961068186,28.616546561126125,29.780757904052734,2033300,0.0,0.0
2023-06-05 00:00:00-04:00,30.1806787156273,30.39397122871013,28.376593244403388,29.069787979125977,1045600,0.0,0.0
2023-06-06 00:00:00-04:00,28.545448340823967,29.65633911332052,28.367706834275396,29.1942081451416,964500,0.0,0.0
2023-06-07 00:00:00-04:00,29.523035834053854,31.04273367848449,29.203098732032718,30.98052406311035,1994800,0.0,0.0
2023-06-08 00:00:00-04:00,31.104937229007295,31.611503078380455,30.385078889817958,31.1315975189209,1906900,0.0,0.0
2023-06-09 00:00:00-04:00,30.909421844611934,31.469311708337905,30.56282448759994,30.927196502685547,1085200,0.0,0.0
2023-06-12 00:00:00-04:00,30.234005403574933,30.73168571863284,29.842973049710015,29.89629364013672,1362900,0.0,0.0
2023-06-13 00:00:00-04:00,30.456180696497167,31.851459183812718,30.456180696497167,31.33600425720215,2369300,0.0,0.0
2023-06-14 00:00:00-04:00,31.691491027926237,31.691491027926237,29.887405543459895,30.26955223083496,1576300,0.0,0.0
2023-06-15 00:00:00-04:00,30.46506750177929,31.380443804884365,30.429521573539652,31.327119827270508,1996800,0.0,0.0
2023-06-16 00:00:00-04:00,31.664824084961428,31.664824084961428,30.429514378759677,30.758337020874023,2770400,0.0,0.0
2023-06-20 00:00:00-04:00,30.50950624784186,30.50950624784186,29.683003229843514,30.09181022644043,1187000,0.0,0.0
2023-06-21 00:00:00-04:00,29.86962962158783,30.589484623974652,29.834080305621494,30.29621124267578,1081700,0.0,0.0
2023-06-22 00:00:00-04:00,29.851855834946686,29.949614761622904,29.167546738382626,29.77187156677246,1061900,0.0,0.0
2023-06-23 00:00:00-04:00,29.17643311009269,29.940723015174783,28.89204199008621,29.86073875427246,2087500,0.0,0.0
2023-06-26 00:00:00-04:00,30.047368431171716,30.802772639407756,30.01181912038749,30.51838493347168,1189000,0.0,0.0
2023-06-27 00:00:00-04:00,30.393971587796962,30.96274710917827,30.10958382710631,30.48284149169922,851700,0.0,0.0
2023-06-28 00:00:00-04:00,30.260662948285887,30.58060002244502,29.798531995630416,30.402856826782227,855800,0.0,0.0
2023-06-29 00:00:00-04:00,30.625035195514158,31.2382490554814,30.482841315988473,31.184925079345703,1093700,0.0,0.0
2023-06-30 00:00:00-04:00,31.58484801215186,31.81591180667903,30.971634121369192,31.504863739013672,1025100,0.0,0.0
2023-07-03 00:00:00-04:00,31.682607384031243,32.2336082787483,31.531524470378503,31.984769821166992,593600,0.0,0.0
2023-07-05 00:00:00-04:00,32.21583244648386,32.22471808100136,31.220475262212396,31.327119827270508,1010600,0.0,0.0
2023-07-06 00:00:00-04:00,31.0338463185239,31.478202675136234,29.94961911370537,30.465070724487305,1138500,0.0,0.0
2023-07-07 00:00:00-04:00,30.34064777281668,32.36691142606307,30.34064777281668,32.18028259277344,1784900,0.0,0.0
2023-07-10 00:00:00-04:00,31.424881049440316,32.34025402912849,31.2915727907691,32.05586624145508,1434200,0.0,0.0
2023-07-11 00:00:00-04:00,32.26915653091416,33.362272649344625,31.842574879100045,33.273399353027344,1590900,0.0,0.0
2023-07-12 00:00:00-04:00,33.76218778719769,33.81550836499497,33.1311993651883,33.19340896606445,1146500,0.0,0.0
2023-07-13 00:00:00-04:00,33.13120497580431,34.12656553872042,32.96235080056993,34.04658126831055,1352600,0.0,0.0
2023-07-14 00:00:00-04:00,33.95771002662303,34.02880866691737,33.228965914454875,33.362274169921875,1474300,0.0,0.0
2023-07-17 00:00:00-04:00,33.024557614236215,34.22431817857454,32.82015413832069,34.002140045166016,1460300,0.0,0.0
2023-07-18 00:00:00-04:00,34.14433596608758,35.42408426110711,34.07324072201398,35.05082321166992,1083600,0.0,0.0
2023-07-19 00:00:00-04:00,35.619598588017766,36.33945354251602,35.19301360513914,36.25058364868164,2232200,0.0,0.0
2023-07-20 00:00:00-04:00,36.366107289692344,37.26370865070243,36.06394834895181,36.60606002807617,2185400,0.0,0.0
2023-07-21 00:00:00-04:00,36.614959243633564,36.97933126850969,36.348346145704355,36.55274963378906,1505400,0.0,0.0
2023-07-24 00:00:00-04:00,36.6416224400217,37.82361190107227,36.614962145166935,37.5569953918457,1191100,0.0,0.0
2023-07-25 00:00:00-04:00,37.3525861474883,38.01912053778706,37.05931277864484,37.743621826171875,891400,0.0,0.0
2023-07-26 00:00:00-04:00,37.31704163340821,38.19686516335625,37.09486349491254,37.93025207519531,1400200,0.0,0.0
2023-07-27 00:00:00-04:00,38.82784918905503,40.24090224640889,38.07244489513215,39.67212677001953,2660500,0.0,0.0
2023-07-28 00:00:00-04:00,39.529937118823725,39.82321391210025,38.78341837886575,39.50327682495117,1812100,0.0,0.0
2023-07-31 00:00:00-04:00,39.96540953139663,40.40087683767821,39.30776066924292,39.78766632080078,1452100,0.0,0.0
2023-08-01 00:00:00-04:00,39.4144024802365,39.94763207469408,38.952274911277264,39.47661209106445,1151000,0.0,0.0
2023-08-02 00:00:00-04:00,39.26332271925045,39.832098237636906,38.86340137345701,39.77877426147461,1516100,0.0,0.0
2023-08-03 00:00:00-04:00,40.072049525433805,40.356437273842005,39.281095888287915,39.85875701904297,1916200,0.0,0.0
2023-08-04 00:00:00-04:00,40.04539004219161,40.214244211791176,39.130013780232304,39.35219192504883,1009400,0.0,0.0
2023-08-07 00:00:00-04:00,39.22776918307208,39.67212543279454,38.31239639349793,38.78341293334961,1136600,0.0,0.0
2023-08-08 00:00:00-04:00,37.99246075298386,39.130011709388626,37.60142845926204,38.97004318237305,1356500,0.0,0.0
2023-08-09 00:00:00-04:00,39.30775455904442,39.90319371345694,38.34794679529589,38.37460708618164,1110000,0.0,0.0
2023-08-10 00:00:00-04:00,38.27684606457121,38.92560576513711,37.52144181614807,37.99245834350586,1378800,0.0,0.0
2023-08-11 00:00:00-04:00,38.18797698677277,38.69454283760005,37.99245915306079,38.152427673339844,1029100,0.0,0.0
2023-08-14 00:00:00-04:00,37.59254450995088,37.66364314940821,36.854914771514615,37.192623138427734,1103600,0.0,0.0
2023-08-15 00:00:00-04:00,36.88156207366543,37.04153056592131,36.215027819322074,36.60606002807617,1274100,0.0,0.0
2023-08-16 00:00:00-04:00,36.71848285138943,37.41094200559297,36.60157269277609,36.70948791503906,847000,0.485,0.0
2023-08-17 00:00:00-04:00,37.38396594859986,37.6357692901377,36.75445416419201,36.88035583496094,1066300,0.0,0.0
2023-08-18 00:00:00-04:00,36.43070793879083,37.5728214336296,36.421716431835854,37.33900451660156,1140600,0.0,0.0
2023-08-21 00:00:00-04:00,37.35699569524462,37.68074487566801,36.5296362974333,36.907344818115234,898700,0.0,0.0
2023-08-22 00:00:00-04:00,37.03324074006089,37.07820513464954,36.268835740363635,36.349769592285156,741700,0.0,0.0
2023-08-23 00:00:00-04:00,35.79220020718644,36.79941696020905,35.46845110750269,36.700496673583984,988100,0.0,0.0
2023-08-24 00:00:00-04:00,36.25984009426209,36.79941967990442,36.02602318863397,36.06199264526367,952600,0.0,0.0
2023-08-25 00:00:00-04:00,36.44869429278123,36.66452819536351,35.819185890590205,36.277828216552734,1441200,0.0,0.0
2023-08-28 00:00:00-04:00,36.47566647299445,36.95229512314675,36.15191741607491,36.42170715332031,879800,0.0,0.0
2023-08-29 00:00:00-04:00,36.511640769872336,36.988272913869814,36.16990865825222,36.67351531982422,822200,0.0,0.0
2023-08-30 00:00:00-04:00,36.790429012914245,36.88035780238562,36.25984092168093,36.3587646484375,915000,0.0,0.0
2023-08-31 00:00:00-04:00,36.35875749973794,36.51163709789344,35.80119156740207,35.96306610107422,1325600,0.0,0.0
2023-09-01 00:00:00-04:00,36.74546821823018,37.82463095043221,36.59258514447438,37.42893600463867,1220800,0.0,0.0
2023-09-05 00:00:00-04:00,37.81563100344413,38.84982919952178,37.66275138050156,38.27427673339844,1308100,0.0,0.0
2023-09-06 00:00:00-04:00,38.121396939481414,38.56205626372775,37.339005453356435,37.9685173034668,1060100,0.0,0.0
2023-09-07 00:00:00-04:00,37.67174274349628,38.36420537371574,37.29403772550201,38.29226303100586,1335500,0.0,0.0
2023-09-08 00:00:00-04:00,38.66997360510658,40.66642450296458,38.18434985742807,39.54229736328125,1779000,0.0,0.0
2023-09-11 00:00:00-04:00,39.56028028627173,40.13583278164543,39.20954976825012,39.50632095336914,1514500,0.0,0.0
2023-09-12 00:00:00-04:00,39.991938512536834,41.02613317169333,39.86603685234064,40.810302734375,1502500,0.0,0.0
2023-09-13 00:00:00-04:00,40.93621335257492,41.358886244780315,40.22576419392951,40.6754150390625,1886600,0.0,0.0
2023-09-14 00:00:00-04:00,41.34089267206329,41.86248577860085,40.801309692590564,41.3318977355957,1291200,0.0,0.0
2023-09-15 00:00:00-04:00,41.05311358541588,41.60168460188209,40.41460693281317,40.88224411010742,5468300,0.0,0.0
2023-09-18 00:00:00-04:00,41.26895329857734,41.47579227206807,40.3876380691354,40.738365173339844,1089800,0.0,0.0
2023-09-19 00:00:00-04:00,41.44880824600852,41.58370484965746,40.00992714971441,40.22575759887695,1152300,0.0,0.0
2023-09-20 00:00:00-04:00,40.02791369606493,40.90023736740954,39.86604256018167,39.88402557373047,1195800,0.0,0.0
2023-09-21 00:00:00-04:00,40.18978519826321,40.18978519826321,38.301253307793054,38.37319564819336,1018900,0.0,0.0
2023-09-22 00:00:00-04:00,38.66996935235491,39.15559304662668,38.3462202228404,38.508094787597656,933100,0.0,0.0
2023-09-25 00:00:00-04:00,38.20232972979064,39.1286092357228,38.040455175085164,38.73291778564453,605900,0.0,0.0
2023-09-26 00:00:00-04:00,38.202332513145244,38.71493416353876,38.03146643986855,38.13039016723633,901100,0.0,0.0
2023-09-27 00:00:00-04:00,38.858827446367265,40.50455128080826,38.75091219789103,40.11785125732422,1407200,0.0,0.0
2023-09-28 00:00:00-04:00,39.84805552895382,40.41461307260625,39.20954877934909,39.60524368286133,1221600,0.0,0.0
2023-09-29 00:00:00-04:00,39.326461763337754,39.326461763337754,37.60879570448757,37.91455841064453,1152900,0.0,0.0
2023-10-02 00:00:00-04:00,37.99548993572211,38.01347637812849,36.05299875315387,36.28681564331055,1234800,0.0,0.0
2023-10-03 00:00:00-04:00,36.026023606592254,36.79942010683531,35.97206427517668,36.73646926879883,936800,0.0,0.0
2023-10-04 00:00:00-04:00,35.97206021120613,36.178899145753,34.740018109529956,34.97383499145508,1180500,0.0,0.0
2023-10-05 00:00:00-04:00,34.569155223872215,35.162694193383736,34.191450166257454,34.37131118774414,1016500,0.0,0.0
2023-10-06 00:00:00-04:00,34.65009293079829,35.234640400054026,33.76877768848183,34.6680793762207,878900,0.0,0.0
2023-10-09 00:00:00-04:00,35.90011698753588,37.07820327791966,35.90011698753588,36.88035583496094,1031000,0.0,0.0
2023-10-10 00:00:00-04:00,37.03324548835994,37.49188786087145,36.691509870655686,37.330013275146484,980700,0.0,0.0
2023-10-11 00:00:00-04:00,36.86236839201242,38.49909677641755,36.63754302678575,38.391178131103516,1687800,0.0,0.0
2023-10-12 00:00:00-04:00,39.146599018553395,39.146599018553395,37.276053404284816,37.69872283935547,997200,0.0,0.0
2023-10-13 00:00:00-04:00,38.52607742612681,39.308468791464264,37.833614840965865,38.885799407958984,889600,0.0,0.0
2023-10-16 00:00:00-04:00,39.27249720046602,39.461353133956884,38.6250024146335,38.75090408325195,694700,0.0,0.0
2023-10-17 00:00:00-04:00,38.69694840028582,40.0009364620015,38.598024671177505,39.4703483581543,765500,0.0,0.0
2023-10-18 00:00:00-04:00,39.65020950946693,40.28871285157269,39.56927222451244,39.8030891418457,797200,0.0,0.0
2023-10-19 00:00:00-04:00,38.27427687924632,38.74191411739434,37.17712784241585,38.256290435791016,3356000,0.0,0.0
2023-10-20 00:00:00-04:00,38.112405609404824,38.73292252465451,37.11418021010832,37.92354965209961,1432300,0.0,0.0
2023-10-23 00:00:00-04:00,37.401952660244696,37.743688219473924,36.448691755263475,36.87136459350586,1206900,0.0,0.0
2023-10-24 00:00:00-04:00,37.08720105426923,37.34799592201667,36.511645124373636,36.62855529785156,797700,0.0,0.0
2023-10-25 00:00:00-04:00,36.52962960204849,37.096190563946486,36.02602290752876,36.448692321777344,813200,0.0,0.0
2023-10-26 00:00:00-04:00,35.92709787828091,36.10695887574358,35.207657318993434,35.504425048828125,732700,0.0,0.0
2023-10-27 00:00:00-04:00,35.59436150131944,35.783214027389846,35.045786937489,35.47745132446289,655800,0.0,0.0
2023-10-30 00:00:00-04:00,35.4504673893955,35.90911312604608,34.7490132398868,35.36953353881836,971600,0.0,0.0
2023-10-31 00:00:00-04:00,35.45046487818,36.169908850937944,35.03678699523835,35.58536148071289,724300,0.0,0.0
2023-11-01 00:00:00-04:00,35.78321162634843,35.96307263315984,34.91988291032972,35.32456588745117,1060600,0.0,0.0
2023-11-02 00:00:00-04:00,35.66630295320212,36.99726897052665,35.369535195495544,36.96129608154297,940400,0.0,0.0
2023-11-03 00:00:00-04:00,37.186119198769184,37.78865304511836,36.817405685831915,37.19511413574219,1419400,0.0,0.0
2023-11-06 00:00:00-05:00,37.44692560548033,37.716715453620914,35.54040679064764,35.74724578857422,1977900,0.0,0.0
2023-11-07 00:00:00-05:00,35.18967844598283,35.288602187395334,34.27239024910858,34.470237731933594,1539300,0.0,0.0
2023-11-08 00:00:00-05:00,34.128493156822394,35.57636914386381,34.128493156822394,34.218421936035156,1713300,0.0,0.0
2023-11-09 00:00:00-05:00,35.06377207678544,35.90911437431137,33.310133211490694,33.44502639770508,3016100,0.0,0.0
2023-11-10 00:00:00-05:00,33.89467463608103,34.54217285848795,33.606898410692,34.06554412841797,1643900,0.0,0.0
2023-11-13 00:00:00-05:00,33.93064572587869,34.53317952440587,33.66984746337345,34.218421936035156,1070600,0.0,0.0
2023-11-14 00:00:00-05:00,34.847935583904786,35.50442531355979,34.44324919423712,35.49543380737305,1562600,0.0,0.0
2023-11-15 00:00:00-05:00,35.42349290279085,36.142933566293365,34.87491832481903,35.01880645751953,1156900,0.0,0.0
2023-11-16 00:00:00-05:00,34.45225252771862,34.72204237639607,32.779550663128795,33.292152404785156,1271100,0.0,0.0
2023-11-17 00:00:00-05:00,33.67418273526442,34.756630890721105,33.492257771592435,34.61109161376953,1216600,0.42,0.0
2023-11-20 00:00:00-05:00,35.12048819055983,35.2933150338665,34.72935065103298,34.97494888305664,1010800,0.0,0.0
2023-11-21 00:00:00-05:00,34.72934819614133,34.92036787312475,34.25634461270817,34.58380889892578,1036200,0.0,0.0
2023-11-22 00:00:00-05:00,33.819729699370505,34.40188693949993,33.428592153046516,34.13809585571289,1419400,0.0,0.0
2023-11-24 00:00:00-05:00,34.13809363550312,34.84760076195675,34.13809363550312,34.21086502075195,364800,0.0,0.0
2023-11-27 00:00:00-05:00,34.01074451106374,34.29272840186847,33.46497304426853,33.59231948852539,1069800,0.0,0.0
2023-11-28 00:00:00-05:00,33.79243861669157,33.86520652910558,33.02835645172681,33.08293151855469,1285100,0.0,0.0
2023-11-29 00:00:00-05:00,33.33762893504353,33.59232184139643,32.84643249856528,33.17389678955078,1401900,0.0,0.0
2023-11-30 00:00:00-05:00,33.65599442883621,34.31092299836971,32.60992834915692,32.95558547973633,1860800,0.0,0.0
2023-12-01 00:00:00-05:00,32.76456810179339,33.61961109538004,32.45529664114617,33.237571716308594,1654400,0.0,0.0
2023-12-04 00:00:00-05:00,32.946487978199556,33.62870402322624,32.5826380328799,33.51045227050781,1393200,0.0,0.0
2023-12-05 00:00:00-05:00,33.50135774339062,33.64689702822773,32.42800421649312,32.455291748046875,1043000,0.0,0.0
2023-12-06 00:00:00-05:00,32.24608101154555,33.02835601167381,31.800364975450226,32.05506134033203,1632400,0.0,0.0
2023-12-07 00:00:00-05:00,32.37342342639378,32.67359666234787,32.246076994781134,32.40980911254883,1688400,0.0,0.0
2023-12-08 00:00:00-05:00,32.82823996162714,33.67418823133109,32.56444889474513,32.691795349121094,1316500,0.0,0.0
2023-12-11 00:00:00-05:00,32.61903002375045,33.25576581611904,32.537163943732615,32.737281799316406,1383700,0.0,0.0
2023-12-12 00:00:00-05:00,32.12783543523924,32.391626538598075,31.654831775057207,32.09144973754883,1273700,0.0,0.0
2023-12-13 00:00:00-05:00,32.18240695263762,32.96468193246495,31.582056951596005,32.891910552978516,1639900,0.0,0.0
2023-12-14 00:00:00-05:00,33.7378624182848,34.410983871903085,33.4467838085933,34.18357849121094,1765800,0.0,0.0
2023-12-15 00:00:00-05:00,34.24725162607034,34.556523081758755,33.40130333462645,33.82882308959961,4130800,0.0,0.0
2023-12-18 00:00:00-05:00,34.52923643091922,34.86579893421091,33.774252278253044,33.819732666015625,1149900,0.0,0.0
2023-12-19 00:00:00-05:00,34.128997432670594,34.50194209069305,33.83791884445455,34.374595642089844,1240500,0.0,0.0
2023-12-20 00:00:00-05:00,34.48374425849507,34.720244275996414,33.55593009150368,33.58321762084961,1195600,0.0,0.0
2023-12-21 00:00:00-05:00,33.583219673389095,33.95616777020387,33.31943211041965,33.64689636230469,1715800,0.0,0.0
2023-12-22 00:00:00-05:00,33.90159286439571,34.35640360289858,33.15570353084544,33.30124282836914,942700,0.0,0.0
2023-12-26 00:00:00-05:00,33.91978369152608,34.27453549125569,33.47406766755147,34.05622482299805,766100,0.0,0.0
2023-12-27 00:00:00-05:00,33.94706698117995,34.1107990944276,33.55592954063612,33.601409912109375,786300,0.0,0.0
2023-12-28 00:00:00-05:00,33.364915873746845,33.701474846838494,32.89191229186992,33.07383728027344,1132500,0.0,0.0
2023-12-29 00:00:00-05:00,33.07383386450916,33.10112139547582,32.56444464357358,32.94648742675781,1276700,0.0,0.0
2024-01-02 00:00:00-05:00,33.001064791449146,33.683280872661115,32.891911190035756,33.11022186279297,801800,0.0,0.0
2024-01-03 00:00:00-05:00,33.04655033637433,33.883400440065635,32.764566425818906,33.17389678955078,1214900,0.0,0.0
2024-01-04 00:00:00-05:00,33.52864769375445,33.71966736827169,31.927711975121976,32.036869049072266,1135900,0.0,0.0
2024-01-05 00:00:00-05:00,32.22789436892233,32.509878321126365,31.854949642423367,32.09144973754883,1029700,0.0,0.0
2024-01-08 00:00:00-05:00,31.12724706104606,31.55476678205484,29.853775645869447,31.063573837280273,1588600,0.0,0.0
2024-01-09 00:00:00-05:00,30.963510201161697,30.963510201161697,30.1721371637261,30.790679931640625,1202500,0.0,0.0
2024-01-10 00:00:00-05:00,30.37226122127165,30.636052288112314,30.217627232390967,30.599666595458984,1464200,0.0,0.0
2024-01-11 00:00:00-05:00,30.82706929544651,30.82706929544651,30.19943176631106,30.390451431274414,1024300,0.0,0.0
2024-01-12 00:00:00-05:00,31.08176393551068,31.20001569808157,30.454126370967693,30.86345672607422,1050800,0.0,0.0
2024-01-16 00:00:00-05:00,30.545090612090146,30.663338904777923,30.11756741103739,30.163047790527344,863700,0.0,0.0
2024-01-17 00:00:00-05:00,29.71733162622317,30.199433362716498,29.262520893260366,29.762815475463867,1199800,0.0,0.0
2024-01-18 00:00:00-05:00,29.826491121305974,30.09937688924591,29.553605353366034,30.035703659057617,910600,0.0,0.0
2024-01-19 00:00:00-05:00,30.163043283267267,30.381353930099667,29.826484361416917,30.363161087036133,1179300,0.0,0.0
2024-01-22 00:00:00-05:00,30.363163934633587,30.9817067770835,30.181238956866494,30.799781799316406,1212400,0.0,0.0
2024-01-23 00:00:00-05:00,30.790682839561747,31.26368638145759,30.72700961949214,31.054473876953125,1061200,0.0,0.0
2024-01-24 00:00:00-05:00,31.381944871280794,32.05506637499964,31.10905908812542,32.00958251953125,1196400,0.0,0.0
2024-01-25 00:00:00-05:00,32.42800150720804,32.60082830915961,31.60024624324213,32.41890335083008,1137200,0.0,0.0
2024-01-26 00:00:00-05:00,32.46438777496048,33.228469919369175,32.44619492986379,32.764564514160156,1333700,0.0,0.0
2024-01-29 00:00:00-05:00,32.609927356299075,33.14660414667565,32.28246655143289,32.982872009277344,2074900,0.0,0.0
2024-01-30 00:00:00-05:00,35.184154039762205,38.68619484373294,34.865787955739435,36.94881820678711,6797300,0.0,0.0
2024-01-31 00:00:00-05:00,37.11255723118988,37.321769763886195,35.075006974537494,36.621360778808594,3718800,0.0,0.0
2024-02-01 00:00:00-05:00,37.02159461819244,37.176228602923445,35.47523742122965,35.74812316894531,2249900,0.0,0.0
2024-02-02 00:00:00-05:00,35.675353452055184,35.79360173913158,34.31092131252137,34.410980224609375,1454200,0.0,0.0
2024-02-05 00:00:00-05:00,34.35640340251975,34.483749853368934,33.128412333765745,33.77424621582031,1591600,0.0,0.0
2024-02-06 00:00:00-05:00,34.119900352721565,35.22963967405587,34.10171097657267,35.03861999511719,1257900,0.0,0.0
2024-02-07 00:00:00-05:00,35.30240912261578,35.839085907775534,35.18415736454861,35.32969665527344,1559800,0.0,0.0
2024-02-08 00:00:00-05:00,35.220547513302215,35.58439405120863,34.72025288504328,34.72935104370117,1209200,0.0,0.0
2024-02-09 00:00:00-05:00,34.5383236068373,34.865787846480295,34.17447368058284,34.62018966674805,949400,0.0,0.0
2024-02-12 00:00:00-05:00,34.767355063184816,35.162857009985565,34.13271411789133,34.66617965698242,1533100,0.42,0.0
2024-02-13 00:00:00-05:00,34.473031124112104,34.491426972868894,32.835839179901065,33.544063568115234,1965200,0.0,0.0
2024-02-14 00:00:00-05:00,33.67282891199059,34.29827369632668,33.406094384537134,33.96715545654297,1564800,0.0,0.0
2024-02-15 00:00:00-05:00,34.01313914707661,36.08262438310304,34.01313914707661,35.861881256103516,1765100,0.0,0.0
2024-02-16 00:00:00-05:00,35.98144817146605,37.121965997245404,35.61354179859914,36.468929290771484,1419600,0.0,0.0
2024-02-20 00:00:00-05:00,36.18380673352405,36.50572531754808,35.47558234002179,35.7699089050293,1217100,0.0,0.0
2024-02-21 00:00:00-05:00,35.99065237117583,36.23899104611006,35.254836024323915,35.7147216796875,1489300,0.0,0.0
2024-02-22 00:00:00-05:00,35.28242080523509,36.25737594912876,35.208837431315665,35.65952682495117,1329500,0.0,0.0
2024-02-23 00:00:00-05:00,34.813346111816415,35.16286022649202,34.28907669412773,34.77655792236328,913900,0.0,0.0
2024-02-26 00:00:00-05:00,34.491430035452886,35.44799320384537,34.33507057011069,34.94211959838867,1093400,0.0,0.0
2024-02-27 00:00:00-05:00,35.20884242689959,35.83428715936197,34.99729545983862,35.49397277832031,946300,0.0,0.0
2024-02-28 00:00:00-05:00,35.3192181242388,36.27577757718671,35.09847147592839,35.41119384765625,911600,0.0,0.0
2024-02-29 00:00:00-05:00,36.110216612365214,36.76325684620473,35.04328213576878,35.31001663208008,1765500,0.0,0.0
2024-03-01 00:00:00-05:00,35.8526815791001,36.24818348267706,35.54915890231357,35.861881256103516,937300,0.0,0.0
2024-03-04 00:00:00-05:00,35.81589859185623,35.98145773166208,35.30082883125989,35.37440872192383,896600,0.0,0.0
2024-03-05 00:00:00-05:00,35.172060120666615,35.8158972981561,34.942117269091945,35.070884704589844,1209200,0.0,0.0
2024-03-06 00:00:00-05:00,35.67793081326652,36.25738422624638,35.03409017908416,35.42959213256836,906900,0.0,0.0
2024-03-07 00:00:00-05:00,35.42959293745631,36.634494672961225,35.42959293745631,36.45973587036133,1057000,0.0,0.0
2024-03-08 00:00:00-05:00,36.606897396393386,37.01159901788796,35.87108105092475,36.03664016723633,736200,0.0,0.0
2024-03-11 00:00:00-04:00,35.825095625197385,36.79085486363802,35.392801957781856,36.55171585083008,981300,0.0,0.0
2024-03-12 00:00:00-04:00,36.4413379607069,36.58850122851088,35.91706859986467,36.091827392578125,692000,0.0,0.0
2024-03-13 00:00:00-04:00,36.38615539184852,37.27833120376465,36.38615539184852,37.03919219970703,1457100,0.0,0.0
2024-03-14 00:00:00-04:00,37.21394737238721,37.25993523740782,36.560910566606644,36.89202880859375,1172600,0.0,0.0
2024-03-15 00:00:00-04:00,36.7724561802466,37.56346006021736,36.7724561802466,36.910423278808594,3822200,0.0,0.0
2024-03-18 00:00:00-04:00,37.02079178405322,37.351909986238496,36.77245313241426,36.97480392456055,1104400,0.0,0.0
2024-03-19 00:00:00-04:00,36.99320543706489,38.06933625037039,36.91962204368538,38.041744232177734,1061000,0.0,0.0
2024-03-20 00:00:00-04:00,37.68302882272927,38.280878023494935,37.23233937135773,38.03253936767578,1373000,0.0,0.0
2024-03-21 00:00:00-04:00,38.21649795124247,38.57520820753992,38.032542984035025,38.234893798828125,946000,0.0,0.0
2024-03-22 00:00:00-04:00,38.29008463407788,38.52002748569724,37.91297849776811,37.968162536621094,745700,0.0,0.0
2024-03-25 00:00:00-04:00,38.078535443882636,39.09947869915033,37.90377664115676,38.74076843261719,769500,0.0,0.0
2024-03-26 00:00:00-04:00,38.87873073290944,39.06268568262535,37.88537610963282,38.03253936767578,878400,0.0,0.0
2024-03-27 00:00:00-04:00,38.18890504827566,38.906325544227734,38.18890504827566,38.841941833496094,812600,0.0,0.0
2024-03-28 00:00:00-04:00,39.05348761320499,39.320222125842015,38.602801651927656,38.68558120727539,670700,0.0,0.0
2024-04-01 00:00:00-04:00,38.92472139138665,38.92472139138665,38.11532165964002,38.841941833496094,817600,0.0,0.0
2024-04-02 00:00:00-04:00,39.12707151026199,39.33861848587862,38.40964751833493,39.246639251708984,1084800,0.0,0.0
2024-04-03 00:00:00-04:00,39.36621068457448,40.11122669588689,39.35701451543934,39.890480041503906,795700,0.0,0.0
2024-04-04 00:00:00-04:00,40.01924999500034,40.056041691168375,39.40300487310739,39.559364318847656,807500,0.0,0.0
2024-04-05 00:00:00-04:00,39.550163313198034,40.42394669277753,39.237440951305864,40.36875915527344,946800,0.0,0.0
2024-04-08 00:00:00-04:00,40.46993509635374,40.57111049547844,39.66973508937025,39.789302825927734,1274800,0.0,0.0
2024-04-09 00:00:00-04:00,39.954864570469375,40.17561122937766,39.191456205236854,39.6329460144043,863200,0.0,0.0
2024-04-10 00:00:00-04:00,39.32022425185802,39.88128532303448,38.80515104532817,39.550167083740234,1183100,0.0,0.0
2024-04-11 00:00:00-04:00,39.55936213822454,39.55936213822454,38.43724353614783,39.01669692993164,987600,0.0,0.0
2024-04-12 00:00:00-04:00,39.448991466729694,39.92727297554141,38.06933448276676,38.4372444152832,1012600,0.0,0.0
2024-04-15 00:00:00-04:00,38.84193854289113,39.06268518144779,38.087726416516446,38.290077209472656,858500,0.0,0.0
2024-04-16 00:00:00-04:00,38.01414444715687,38.17050386316792,37.27832469829741,37.89457321166992,811500,0.0,0.0
2024-04-17 00:00:00-04:00,37.811797217561086,38.363658572401356,37.397899447106425,37.572654724121094,857800,0.0,0.0
2024-04-18 00:00:00-04:00,37.76580961390049,38.418846373604055,37.397899702396224,37.866981506347656,1193600,0.0,0.0
2024-04-19 00:00:00-04:00,37.71982155642323,38.7959558614687,37.64624167284919,38.593605041503906,862700,0.0,0.0
2024-04-22 00:00:00-04:00,38.2900863435603,38.777564087989234,37.63704594923236,37.922176361083984,1772400,0.0,0.0
2024-04-23 00:00:00-04:00,37.71981910953525,39.255838990386785,37.397900561064375,38.924720764160156,1333300,0.0,0.0
2024-04-24 00:00:00-04:00,38.46483690464948,39.1638650832869,38.142918341230406,39.02589797973633,1888700,0.0,0.0
2024-04-25 00:00:00-04:00,36.70807135938383,37.71062218714411,35.88027581035279,37.19554901123047,2511000,0.0,0.0
2024-04-26 00:00:00-04:00,37.17715485236393,37.894578863640724,36.82764427903968,37.14956283569336,1246500,0.0,0.0
2024-04-29 00:00:00-04:00,37.26912855243985,37.59104706127041,36.54250847976677,37.54505920410156,891500,0.0,0.0
2024-04-30 00:00:00-04:00,37.17715365559027,37.31512075180002,36.06423124281478,36.17460632324219,1158800,0.0,0.0
2024-05-01 00:00:00-04:00,36.147009577886244,36.147009577886244,34.79494822048414,35.14445877075195,1106400,0.0,0.0
2024-05-02 00:00:00-04:00,35.31002211100553,35.53996495206042,34.68457730264427,34.794952392578125,1370500,0.0,0.0
2024-05-03 00:00:00-04:00,35.162859282988386,35.40200180558894,34.73976529210969,35.38360595703125,1091800,0.0,0.0
2024-05-06 00:00:00-04:00,35.53077062163881,36.15621546237911,35.31922361795451,35.365211486816406,806100,0.0,0.0
2024-05-07 00:00:00-04:00,35.43878524005049,36.027438280333,35.25483379644887,35.49397277832031,963100,0.0,0.0
2024-05-08 00:00:00-04:00,35.30081878249038,35.65952898040902,35.006492286318746,35.35600280761719,1137000,0.0,0.0
2024-05-09 00:00:00-04:00,35.512374982284115,36.31257513288953,35.43879158475053,36.12862014770508,1007400,0.0,0.0
2024-05-10 00:00:00-04:00,36.32177233021413,36.58850335642515,35.40200097578495,35.64113998413086,732200,0.0,0.0
2024-05-13 00:00:00-04:00,35.93546407867876,36.42294174041239,35.34681101349498,35.62274169921875,908300,0.0,0.0
2024-05-14 00:00:00-04:00,35.67793464735138,36.10102866349737,35.42959593996581,35.898677825927734,752900,0.0,0.0
2024-05-15 00:00:00-04:00,35.99065072940324,36.036638591111966,34.822540797027095,35.41119384765625,1185600,0.0,0.0
2024-05-16 00:00:00-04:00,35.39259636344325,35.69016913345599,35.10432119052901,35.532081604003906,874300,0.42,0.0
2024-05-17 00:00:00-04:00,35.65297260362626,35.94124778424816,35.3368010836158,35.79246139526367,950500,0.0,0.0
2024-05-20 00:00:00-04:00,35.801759132698976,36.40620583569647,35.73666530897276,36.024940490722656,725100,0.0,0.0
2024-05-21 00:00:00-04:00,35.848256628668935,36.6293861133394,35.82965788530207,36.136531829833984,1037000,0.0,0.0
2024-05-22 00:00:00-04:00,35.95984277986131,36.15512779654202,34.75095293263658,34.825347900390625,1028700,0.0,0.0
2024-05-23 00:00:00-04:00,34.918340787590495,35.18801724572215,34.4161853581069,34.4998779296875,749400,0.0,0.0
2024-05-24 00:00:00-04:00,34.73235560693216,34.83464691809131,34.304595166946136,34.5463752746582,616000,0.0,0.0
2024-05-28 00:00:00-04:00,35.03922690153767,35.392595891470705,34.70445665290082,35.00202941894531,711100,0.0,0.0
2024-05-29 00:00:00-04:00,34.63006795177714,34.77885434647162,34.02562122794788,34.044219970703125,742700,0.0,0.0
2024-05-30 00:00:00-04:00,34.06281522752154,34.639362004541276,34.05351408342205,34.34178924560547,842700,0.0,0.0
2024-05-31 00:00:00-04:00,34.397587560152665,35.44838987708805,34.33249018953846,35.39259719848633,1028100,0.0,0.0
2024-06-03 00:00:00-04:00,35.33680092000531,35.33680092000531,33.421173066770514,33.588558197021484,985500,0.0,0.0
2024-06-04 00:00:00-04:00,33.15150027791822,33.15150027791822,32.43546467351524,32.454063415527344,1017200,0.0,0.0
2024-06-05 00:00:00-04:00,32.649347986327705,32.88182696253642,32.342474035005324,32.82603073120117,821900,0.0,0.0
2024-06-06 00:00:00-04:00,32.87252372058585,33.13290256953081,32.36107071501323,32.844627380371094,996800,0.0,0.0
2024-06-07 00:00:00-04:00,32.56565153317003,32.9097193837098,32.21228253817536,32.2587776184082,798900,0.0,0.0
2024-06-10 00:00:00-04:00,32.398270383209194,33.337483889647416,32.32387540782717,33.058509826660156,982500,0.0,0.0
2024-06-11 00:00:00-04:00,32.853929831301436,33.19799771456754,32.36107200138235,33.06781005859375,754400,0.0,0.0
2024-06-12 00:00:00-04:00,33.793140018929186,33.858233840573234,32.7330365837579,32.76093292236328,891700,0.0,0.0
2024-06-13 00:00:00-04:00,32.64934715772648,32.6958422423187,31.617139961980335,31.765926361083984,1114100,0.0,0.0
2024-06-14 00:00:00-04:00,31.561340393437927,31.579939134776918,30.203664201816427,30.42684555053711,1476000,0.0,0.0
2024-06-17 00:00:00-04:00,30.44545182864246,31.02199876348646,30.315260607040717,30.67793083190918,1314400,0.0,0.0
2024-06-18 00:00:00-04:00,30.76161734547981,31.3474617640298,30.76161734547981,31.012691497802734,1464400,0.0,0.0
2024-06-20 00:00:00-04:00,31.059187799477662,31.979802415260693,31.04988665536432,31.46834945678711,1312600,0.0,0.0
2024-06-21 00:00:00-04:00,31.49624994512117,31.598541259765625,31.040593149238248,31.598541259765625,2221000,0.0,0.0
2024-06-24 00:00:00-04:00,31.700828302308373,32.528452758574694,31.626433339011715,32.305274963378906,906500,0.0,0.0
2024-06-25 00:00:00-04:00,32.100696974832005,32.66794623577326,31.951910574203776,32.6307487487793,933200,0.0,0.0
2024-06-26 00:00:00-04:00,32.212278175382096,32.7516309656061,31.998397997400883,32.7330322265625,1899800,0.0,0.0
2024-06-27 00:00:00-04:00,32.88182291887177,33.105000722072,32.52845392523297,33.095703125,1040100,0.0,0.0
2024-06-28 00:00:00-04:00,33.42117098556667,34.081413868151856,33.42117098556667,33.607154846191406,1798100,0.0,0.0
2024-07-01 00:00:00-04:00,33.765246928487905,33.89543458429984,33.00271618957719,33.23519515991211,1217600,0.0,0.0
2024-07-02 00:00:00-04:00,33.653648037362395,34.323188479127744,33.16079384958895,33.188690185546875,1384900,0.0,0.0
2024-07-03 00:00:00-04:00,33.328187701366254,33.84894190902822,33.18869889029763,33.5141716003418,598300,0.0,0.0
2024-07-05 00:00:00-04:00,33.23518671340425,33.46766562465614,32.62144252959309,32.87251663208008,925300,0.0,0.0
2024-07-08 00:00:00-04:00,32.79813035583487,33.16079694654567,32.62144763268908,33.095703125,731800,0.0,0.0
2024-07-09 00:00:00-04:00,32.77952971775303,33.43976903942818,32.388966811076585,33.17939376831055,1628700,0.0,0.0
2024-07-10 00:00:00-04:00,33.10500320764184,33.951226498618404,32.84462790190982,33.77454376220703,1192500,0.0,0.0
2024-07-11 00:00:00-04:00,34.04421923415472,34.788151191532094,33.72804770885091,34.58356857299805,1088300,0.0,0.0
2024-07-12 00:00:00-04:00,34.974133450328196,35.23450873653233,34.49987441063098,34.9648323059082,956200,0.0,0.0
2024-07-15 00:00:00-04:00,35.0113322194619,37.26172681254568,34.899739766406,36.8897590637207,1687400,0.0,0.0
2024-07-16 00:00:00-04:00,36.36900774741382,38.27533444062062,36.313211521997786,38.0335578918457,1718800,0.0,0.0
2024-07-17 00:00:00-04:00,38.15444218402301,39.19595038075183,38.15444218402301,38.284629821777344,1717900,0.0,0.0
2024-07-18 00:00:00-04:00,38.27533232555599,38.53570760174812,36.424798412676985,36.480594635009766,2124700,0.0,0.0
2024-07-19 00:00:00-04:00,35.987741903468724,35.987741903468724,34.86254464514887,35.532081604003906,1945300,0.0,0.0
2024-07-22 00:00:00-04:00,35.411191137085005,35.44838506865851,34.713754370389395,35.1322135925293,1144300,0.0,0.0
2024-07-23 00:00:00-04:00,35.02062914161724,35.40189448050507,34.63006620549437,35.09502410888672,1099100,0.0,0.0
2024-07-24 00:00:00-04:00,35.31820072881247,35.85755358134444,34.79744661747268,35.10432052612305,1234600,0.0,0.0
2024-07-25 00:00:00-04:00,35.6436764814934,39.61441406698477,34.26739789224154,38.18234634399414,5645000,0.0,0.0
2024-07-26 00:00:00-04:00,38.84258974112295,38.94488106341966,36.471304772968026,37.280330657958984,3217400,0.0,0.0
2024-07-29 00:00:00-04:00,37.577897106052276,37.71738589413722,36.331809799786996,36.43410110473633,2730700,0.0,0.0
2024-07-30 00:00:00-04:00,36.36900608556387,36.75956900358783,35.15081515808258,36.610782623291016,2806000,0.0,0.0
2024-07-31 00:00:00-04:00,37.1222422000804,37.884776525772146,36.80607418952837,37.58720016479492,2118200,0.0,0.0
2024-08-01 00:00:00-04:00,37.47560732227055,37.97776272294259,35.19731282427097,35.82035827636719,1501800,0.0,0.0
2024-08-02 00:00:00-04:00,35.16012012913465,35.16012012913465,33.68155376204047,33.839637756347656,1470900,0.0,0.0
2024-08-05 00:00:00-04:00,32.351774675085586,32.547056160686274,31.496250211383934,31.979806900024414,1810500,0.0,0.0
2024-08-06 00:00:00-04:00,31.73802853548547,32.23088279433902,31.310264554138858,31.477649688720703,1598300,0.0,0.0
2024-08-07 00:00:00-04:00,32.109994095916214,32.77023706453453,31.552045988685517,31.61713981628418,1289400,0.0,0.0
2024-08-08 00:00:00-04:00,31.831018002865264,32.519157268551275,31.533445225094912,32.286678314208984,1009200,0.0,0.0
2024-08-09 00:00:00-04:00,32.19368531241764,32.44476301431343,31.831018703239522,32.379669189453125,1422300,0.0,0.0
2024-08-12 00:00:00-04:00,32.5935472781035,32.83532736666553,32.24017828954592,32.565650939941406,780700,0.0,0.0
2024-08-13 00:00:00-04:00,32.454062968363246,32.54705312979518,31.77522130999049,31.84031867980957,717200,0.0,0.0
2024-08-14 00:00:00-04:00,32.05419679989559,32.175083292409056,31.65433274657374,31.691530227661133,1194200,0.0,0.0
2024-08-15 00:00:00-04:00,32.50055982066589,32.78883146522677,31.84961801311807,32.24018096923828,1233600,0.0,0.0
2024-08-16 00:00:00-04:00,31.95778118989606,32.49433273970883,31.929539177747397,32.08956527709961,895300,0.42,0.0
2024-08-19 00:00:00-04:00,32.28724964397224,32.823801330652536,32.17429233910481,32.466102600097656,1127100,0.0,0.0
2024-08-20 00:00:00-04:00,32.46609801396396,32.61670892946136,30.828201165938175,30.8564395904541,1247500,0.0,0.0
2024-08-21 00:00:00-04:00,31.345927231938607,31.477711339475515,30.583461012375746,30.894094467163086,906500,0.0,0.0
2024-08-22 00:00:00-04:00,30.91292027306045,31.20473049512372,30.395195471400942,30.498741149902344,1026600,0.0,0.0
2024-08-23 00:00:00-04:00,30.67759409266888,31.957788830159057,30.67759409266888,31.48712921142578,1249300,0.0,0.0
2024-08-26 00:00:00-04:00,32.0895767319935,32.59789004195534,31.61891705777292,31.84483528137207,996100,0.0,0.0
2024-08-27 00:00:00-04:00,31.7789319301469,31.863650794631237,31.223553505382355,31.45888328552246,936100,0.0,0.0
2024-08-28 00:00:00-04:00,30.875271282000504,30.903513301826106,30.23517389229011,30.73407554626465,1529100,0.0,0.0
2024-08-29 00:00:00-04:00,31.129424754272623,31.458885028382273,30.743484037095172,31.242382049560547,1065100,0.0,0.0
2024-08-30 00:00:00-04:00,30.884682024299252,31.11059660518272,30.103385420862416,30.71524429321289,1925300,0.0,0.0
2024-09-03 00:00:00-04:00,30.15045099287829,30.498741661102187,29.378569583099623,29.886882781982422,2166400,0.0,0.0
2024-09-04 00:00:00-04:00,30.037493884196138,30.253996857443624,29.03969608953154,29.143239974975586,1669100,0.0,0.0
2024-09-05 00:00:00-04:00,29.359745371509135,29.651553811058015,28.587863940520833,28.8608455657959,1647400,0.0,0.0
2024-09-06 00:00:00-04:00,28.832605343528673,29.4068106108963,28.409012794923296,28.55962371826172,2237100,0.0,0.0
2024-09-09 00:00:00-04:00,28.57844819148861,29.25619729099268,28.267812963121287,29.086759567260742,2370400,0.0,0.0
2024-09-10 00:00:00-04:00,28.98321741135511,29.020869243632177,27.872460530112928,28.56903648376465,1856300,0.0,0.0
2024-09-11 00:00:00-04:00,28.5219699112648,29.06793495380666,27.73126167097331,28.973804473876953,1727600,0.0,0.0
2024-09-12 00:00:00-04:00,29.143242027107455,29.303266365433288,28.465492838834226,28.81378173828125,1815100,0.0,0.0
2024-09-13 00:00:00-04:00,28.785539782280146,29.27502617538364,27.938352899092592,28.098377227783203,2048600,0.0,0.0
2024-09-16 00:00:00-04:00,28.587864103169068,29.133829152249245,28.17368316390774,29.077348709106445,1974400,0.0,0.0
2024-09-17 00:00:00-04:00,29.237371755101833,30.112798835665615,29.133827871406595,30.056320190429688,1508900,0.0,0.0
2024-09-18 00:00:00-04:00,29.96219033428033,30.58346266367083,29.4068118576399,29.500944137573242,2173400,0.0,0.0
2024-09-19 00:00:00-04:00,30.37636960542801,30.574045766452304,29.623313203115746,30.34813117980957,1110100,0.0,0.0
2024-09-20 00:00:00-04:00,30.169276118934178,30.875265436495106,29.79274884198642,30.705827713012695,4507600,0.0,0.0
2024-09-23 00:00:00-04:00,30.743489632365065,31.458890753854117,30.583467067487273,31.054126739501953,934500,0.0,0.0
2024-09-24 00:00:00-04:00,31.788349668287342,31.788349668287342,30.705831156941027,30.93174934387207,1712200,0.0,0.0
2024-09-25 00:00:00-04:00,30.715245805218096,30.771722657795365,29.209134760272182,29.322092056274414,1620300,0.0,0.0
2024-09-26 00:00:00-04:00,28.63492855589162,28.851431529044383,27.8065684955827,27.910112380981445,2369800,0.0,0.0
2024-09-27 00:00:00-04:00,28.239574432373047,28.606688325458283,28.079550105439314,28.239574432373047,1400000,0.0,0.0
2024-09-30 00:00:00-04:00,28.004243866372484,28.992628225839663,27.957178628464042,28.63492774963379,2269500,0.0,0.0
2024-10-01 00:00:00-04:00,28.42783852589028,29.886882463415056,28.15485511560214,29.726858139038086,2454500,0.0,0.0
2024-10-02 00:00:00-04:00,30.66817983659312,30.677591448183392,29.60448818451139,30.34813117980957,1540300,0.0,0.0
2024-10-03 00:00:00-04:00,30.329300865142606,31.581253331309114,30.03749066765853,31.46829605102539,1498100,0.0,0.0
2024-10-04 00:00:00-04:00,31.82600306622231,32.522577255063716,31.524781213072337,32.277835845947266,1355600,0.0,0.0
2024-10-07 00:00:00-04:00,32.40020626837213,33.56744369698129,32.3907946560175,33.3509407043457,1859800,0.0,0.0
2024-10-08 00:00:00-04:00,32.531992124152,32.72025308730397,31.562430927850386,32.44727325439453,2255500,0.0,0.0
2024-10-09 00:00:00-04:00,32.3154870847618,33.012061222074074,32.033088476332395,32.53199005126953,1725100,0.0,0.0
2024-10-10 00:00:00-04:00,32.54140622186729,33.67099004130857,32.456687345637995,33.068546295166016,1583200,0.0,0.0
2024-10-11 00:00:00-04:00,32.99323769695201,34.348739661792905,32.88028039683121,34.292259216308594,1975400,0.0,0.0
2024-10-14 00:00:00-04:00,33.79336339703629,34.41463397468538,33.51096474195647,33.878082275390625,1051000,0.0,0.0
2024-10-15 00:00:00-04:00,32.43785822176204,32.74849527611696,31.778934074733076,32.06133270263672,1786800,0.0,0.0
2024-10-16 00:00:00-04:00,32.29666428514451,32.80497394362318,31.92954676673225,32.635536193847656,956300,0.0,0.0
2024-10-17 00:00:00-04:00,32.53198997274096,32.82379660083733,31.89189268598172,32.804969787597656,1188700,0.0,0.0
2024-10-18 00:00:00-04:00,32.46610068451095,32.89910665332759,31.995441086010835,32.7673225402832,1582200,0.0,0.0
2024-10-21 00:00:00-04:00,33.39800698725773,33.4921410679733,32.43786090904698,32.842628479003906,1292300,0.0,0.0
2024-10-22 00:00:00-04:00,33.0967800864334,33.38859030608163,32.494336424699284,32.53199005126953,1363500,0.0,0.0
2024-10-23 00:00:00-04:00,32.371968655231356,32.654363714000695,31.571848723576895,31.75069808959961,1341300,0.0,0.0
2024-10-24 00:00:00-04:00,32.13663333182534,32.13663333182534,31.10118376356566,31.995437622070312,1212500,0.0,0.0
2024-10-25 00:00:00-04:00,32.55082147646023,32.93676222636795,32.30607645992481,32.466102600097656,950800,0.0,0.0
2024-10-28 00:00:00-04:00,31.637736360402865,31.882477752888327,31.03529269504096,31.73186683654785,1270800,0.0,0.0
2024-10-29 00:00:00-04:00,31.628326543324565,31.79776430191204,31.176493717373997,31.3553466796875,695500,0.0,0.0
2024-10-30 00:00:00-04:00,31.534188354511354,32.40020016183455,31.41181587187752,31.929540634155273,760000,0.0,0.0
2024-10-31 00:00:00-04:00,32.390796326590205,32.60729933039205,31.505957494854638,31.628326416015625,901900,0.0,0.0
2024-11-01 00:00:00-04:00,32.20252800038347,32.23077001730942,30.83761448331972,30.99764060974121,1228100,0.0,0.0
2024-11-04 00:00:00-05:00,31.345927499909873,32.080158890938584,31.298862259794,31.741283416748047,886400,0.0,0.0
2024-11-05 00:00:00-05:00,31.703626696713194,32.93675597624642,31.581254211667048,32.66377258300781,1425700,0.0,0.0
2024-11-06 00:00:00-05:00,34.640548216247915,35.261818787198656,33.906320338991954,34.593482971191406,2085000,0.0,0.0
2024-11-07 00:00:00-05:00,34.5181744626102,34.72526584241422,33.5674436196741,34.009864807128906,1289900,0.0,0.0
2024-11-08 00:00:00-05:00,33.82159697574718,34.649958824097425,33.55802876570973,34.00044631958008,1371600,0.0,0.0
2024-11-11 00:00:00-05:00,33.98162023172095,34.99824664789027,33.887489752082,34.649959564208984,1477800,0.0,0.0
2024-11-12 00:00:00-05:00,34.828810255225335,34.979421182965375,33.9157294859495,33.97220993041992,1355200,0.0,0.0
2024-11-13 00:00:00-05:00,34.235778614869574,34.32991269024795,33.473312353967664,34.07575607299805,1771100,0.0,0.0
2024-11-14 00:00:00-05:00,32.466098374042296,33.84983505338173,31.054119679026233,31.9483699798584,3332000,0.0,0.0
2024-11-15 00:00:00-05:00,32.306072418048004,33.303871993609604,31.56242943977608,31.863651275634766,2032700,0.0,0.0
2024-11-18 00:00:00-05:00,32.18608464584642,32.318852918329924,31.46536068304935,31.901588439941406,1323700,0.25,0.0
2024-11-19 00:00:00-05:00,31.436911388195323,32.37574920675558,31.294661479896888,31.673992156982422,1053000,0.0,0.0
2024-11-20 00:00:00-05:00,31.36104162058082,32.062802239022226,31.29465929935105,31.986934661865234,1033800,0.0,0.0
2024-11-21 00:00:00-05:00,32.35678300342269,33.43787075341142,31.986937575012398,32.65076446533203,1298700,0.0,0.0
2024-11-22 00:00:00-05:00,32.840427181021155,34.613790214720055,32.840427181021155,34.196529388427734,2230500,0.0,0.0
2024-11-25 00:00:00-05:00,34.21550021417588,34.47154427542407,33.352522694340934,33.447357177734375,1521300,0.0,0.0
2024-11-26 00:00:00-05:00,33.25768916187055,33.371486915252596,32.41368222395345,32.622314453125,1285400,0.0,0.0
2024-11-27 00:00:00-05:00,32.698176591478884,33.62753269696141,32.62231263264621,33.05854034423828,1071900,0.0,0.0
2024-11-29 00:00:00-05:00,33.371485977925225,33.43786830033067,32.77404507627619,32.84042739868164,627900,0.0,0.0
2024-12-02 00:00:00-05:00,33.07751093297453,33.80772015832217,32.71714713996382,33.36200714111328,1622800,0.0,0.0
2024-12-03 00:00:00-05:00,33.87410739948312,33.94997137779302,32.8499165605539,33.42839431762695,1512400,0.0,0.0
2024-12-04 00:00:00-05:00,33.58960206369017,33.968932746177934,32.96370896988121,33.2576904296875,1524900,0.0,0.0
2024-12-05 00:00:00-05:00,33.475800105215974,33.95944684557511,32.878355621416766,32.992156982421875,1040900,0.0,0.0
2024-12-06 00:00:00-05:00,32.85939605953547,32.97319381583796,30.877400684237053,31.522260665893555,1314900,0.0,0.0
2024-12-09 00:00:00-05:00,31.986936449230853,32.68869710688523,31.77830421795637,32.29988479614258,919900,0.0,0.0
2024-12-10 00:00:00-05:00,32.480064942154826,32.66024502199214,31.86365350352573,32.138668060302734,970300,0.0,0.0
2024-12-11 00:00:00-05:00,32.51800338757693,33.02061352582231,31.873143322342973,32.669734954833984,1298700,0.0,0.0
2024-12-12 00:00:00-05:00,32.31884878004665,32.470580311605154,31.598121291969964,32.08176803588867,1340400,0.0,0.0
2024-12-13 00:00:00-05:00,32.13866602323692,32.195566705794164,31.560188412049722,31.854169845581055,936800,0.0,0.0
2024-12-16 00:00:00-05:00,31.67399338896973,31.920555806369777,30.82998278050417,31.27569580078125,1329600,0.0,0.0
2024-12-17 00:00:00-05:00,30.79204915455414,31.190343080540842,30.156670859562986,30.953262329101562,1797100,0.0,0.0
2024-12-18 00:00:00-05:00,31.123964784867315,31.199832371571276,28.686774634270115,29.02817153930664,2097900,0.0,0.0
2024-12-19 00:00:00-05:00,29.61612881765878,29.891143374091325,28.544524552540256,28.734188079833984,1747400,0.0,0.0
2024-12-20 00:00:00-05:00,28.402276606922406,29.293698988418715,28.364342815990966,28.87643814086914,5879700,0.0,0.0
2024-12-23 00:00:00-05:00,28.753154482743533,29.05661756824225,28.591939492474506,28.923852920532227,1081300,0.0,0.0
2024-12-24 00:00:00-05:00,28.91436866815356,29.208348297949406,28.45917405257626,29.132482528686523,403700,0.0,0.0
2024-12-26 00:00:00-05:00,29.07558539096289,29.407498829610592,28.69625652198668,29.293699264526367,697800,0.0,0.0
2024-12-27 00:00:00-05:00,29.19886812884329,29.673029662793073,28.876438141054823,29.17041778564453,826000,0.0,0.0
2024-12-30 00:00:00-05:00,29.407498335065718,30.15667261259705,28.77212181192215,29.77734375,841500,0.0,0.0
2024-12-31 00:00:00-05:00,29.900626862539603,30.782565792784126,29.900626862539603,30.365304946899414,786800,0.0,0.0
2025-01-02 00:00:00-05:00,31.086030612634712,31.89210743249431,31.019648283860647,31.40846061706543,809600,0.0,0.0
2025-01-03 00:00:00-05:00,31.636057823908263,31.68347325334048,30.96274932030083,31.417943954467773,781700,0.0,0.0
2025-01-06 00:00:00-05:00,31.560191118805893,32.08177170973432,31.16189715944107,31.3515625,931200,0.0,0.0
2025-01-07 00:00:00-05:00,31.636061312076077,31.86365684547137,31.152414472870973,31.730892181396484,997200,0.0,0.0
2025-01-08 00:00:00-05:00,31.436907324521513,31.47483749327469,30.991194379195655,31.095510482788086,883200,0.0,0.0
2025-01-10 00:00:00-05:00,31.816239198464864,32.745595399931915,31.72140833573853,32.48954772949219,1602700,0.0,0.0
2025-01-13 00:00:00-05:00,32.80250112191445,33.71289056702971,32.66973644669757,33.42839431762695,1343500,0.0,0.0
2025-01-14 00:00:00-05:00,33.27665467659866,34.09221304672943,33.11543788322701,33.60856628417969,1452100,0.0,0.0
2025-01-15 00:00:00-05:00,33.229239503319484,34.87931953299324,33.00164038669281,34.784488677978516,1055900,0.0,0.0
2025-01-16 00:00:00-05:00,34.38619468015822,35.03105469005114,33.921518377996485,34.80345916748047,946000,0.0,0.0
2025-01-17 00:00:00-05:00,35.09743714741201,35.37245172096012,34.462062392213554,34.499996185302734,1009300,0.0,0.0
2025-01-21 00:00:00-05:00,34.65172774009383,34.69914317267249,33.51373927037781,34.499996185302734,1134400,0.0,0.0
2025-01-22 00:00:00-05:00,34.31981341009115,34.56637945430949,33.77926950535227,33.8361701965332,1703500,0.0,0.0
2025-01-23 00:00:00-05:00,33.86462146110455,34.11118752518356,33.3335627709024,33.485294342041016,860700,0.0,0.0
2025-01-24 00:00:00-05:00,33.36200130460685,33.836162774407896,32.793008987871566,32.92577362060547,830200,0.0,0.0
2025-01-27 00:00:00-05:00,32.82146182400692,33.03957569462011,31.95848798046542,32.138668060302734,1365400,0.0,0.0
2025-01-28 00:00:00-05:00,32.26195142127091,32.290399955878506,31.000679996040944,31.218793869018555,1084100,0.0,0.0
2025-01-29 00:00:00-05:00,30.99119671824289,31.43690969720874,30.82997992300546,31.057579040527344,1094200,0.0,0.0
2025-01-30 00:00:00-05:00,31.20931240776146,31.20931240776146,30.09029088432682,30.175640106201172,2075100,0.0,0.0
2025-01-31 00:00:00-05:00,30.118742161540005,30.782567252628656,29.398016381582753,29.95752716064453,1612600,0.0,0.0
2025-02-03 00:00:00-05:00,29.79631124306842,30.042875460898493,29.075585485284225,29.58768081665039,1609300,0.0,0.0
2025-02-04 00:00:00-05:00,29.09455251078456,30.943783248368376,28.9048871704437,30.90584945678711,1303400,0.0,0.0
2025-02-05 00:00:00-05:00,30.829980212313984,31.62657170476793,30.611866348823238,31.47484016418457,2563500,0.0,0.0
2025-02-06 00:00:00-05:00,28.297959351798774,28.772120866662984,26.13578219285622,26.287513732910156,8001200,0.0,0.0
2025-02-07 00:00:00-05:00,26.32544771295529,26.515111235004877,25.367641228939544,25.386608123779297,2920400,0.0,0.0
2025-02-10 00:00:00-05:00,25.59523823526136,26.439245148950388,25.234876281519202,26.00301742553711,2536400,0.0,0.0
2025-02-11 00:00:00-05:00,26.003017695370566,26.363379652852203,25.652137376511412,25.832319259643555,1781100,0.0,0.0
2025-02-12 00:00:00-05:00,26.145267504458435,26.145267504458435,24.988313976856585,25.557308197021484,2030400,0.0,0.0
2025-02-13 00:00:00-05:00,25.386609415769634,25.908186388928705,25.244361314797406,25.879737854003906,1692100,0.0,0.0
2025-02-14 00:00:00-05:00,26.18600590633994,26.34871142178599,25.190630558786246,25.40119171142578,1896000,0.25,0.0
2025-02-18 00:00:00-05:00,25.16192065273968,25.391622249820426,24.587665747284802,25.142778396606445,1889400,0.0,0.0
2025-02-19 00:00:00-05:00,24.788653580862746,25.21934520974019,24.6068058013916,24.6068058013916,1658400,0.0,0.0
2025-02-20 00:00:00-05:00,24.8269372592207,26.013729698896228,24.587664545765815,25.918020248413086,1938400,0.0,0.0
2025-02-21 00:00:00-05:00,26.042442637899825,26.042442637899825,24.932217334605298,25.12363624572754,1382600,0.0,0.0
2025-02-24 00:00:00-05:00,25.171489030564754,26.549700387923327,24.989643080497643,26.453990936279297,2394900,0.0,0.0
2025-02-25 00:00:00-05:00,26.4061378798608,26.932537140727668,25.50647192943709,25.75531578063965,2014200,0.0,0.0
2025-02-26 00:00:00-05:00,25.726601784133432,25.898878432826145,24.759941611812696,24.970500946044922,2341600,0.0,0.0
2025-02-27 00:00:00-05:00,25.09492215161827,25.592609846054586,24.87479168790812,25.238487243652344,1465200,0.0,0.0
2025-02-28 00:00:00-05:00,24.97050025774016,25.487328364066116,24.836508123786377,25.372478485107422,1656300,0.0,0.0
2025-03-03 00:00:00-05:00,25.602179885452475,25.7457431458772,23.45829662999305,23.630573272705078,1962900,0.0,0.0
2025-03-04 00:00:00-05:00,23.496579101670964,24.73122714626884,22.778760980534305,24.252681732177734,2035200,0.0,0.0
2025-03-05 00:00:00-05:00,23.841132925556785,24.300536095398698,23.43915469556863,24.16654396057129,1540500,0.0,0.0
2025-03-06 00:00:00-05:00,24.04212209432117,24.233539162163343,23.621001624259012,24.00383758544922,1449900,0.0,0.0
2025-03-07 00:00:00-05:00,24.185686128844203,24.788652558908318,24.185686128844203,24.47281265258789,1967000,0.0,0.0
2025-03-10 00:00:00-04:00,24.511098114730704,24.75037083564606,23.94641434732999,24.32925033569336,2083100,0.0,0.0
2025-03-11 00:00:00-04:00,24.587666171416142,24.817367772459185,24.080407328171468,24.204830169677734,1620500,0.0,0.0
2025-03-12 00:00:00-04:00,24.15697458122788,24.54938171205421,23.68800024988681,24.19525909423828,1354600,0.0,0.0
2025-03-13 00:00:00-04:00,24.5015248690004,24.989641396537216,23.57314562377111,23.764564514160156,1122000,0.0,0.0
2025-03-14 00:00:00-04:00,24.061261589383562,24.85564686258619,23.77413508601135,24.750368118286133,1156000,0.0,0.0
2025-03-17 00:00:00-04:00,24.874790458650462,25.19063035960655,23.582717472737045,24.24311065673828,1946100,0.0,0.0
2025-03-18 00:00:00-04:00,24.35796392979562,24.50152719848377,23.812420587971044,24.290966033935547,1357200,0.0,0.0
2025-03-19 00:00:00-04:00,24.41538836901638,24.74079941160664,24.281396231069557,24.36753273010254,1206900,0.0,0.0
2025-03-20 00:00:00-04:00,24.156972335976995,24.549379430331353,24.032551331269516,24.24311065673828,1217700,0.0,0.0
2025-03-21 00:00:00-04:00,23.955985485915317,24.14740256742941,23.592289927678365,23.73585319519043,2764200,0.0,0.0
2025-03-24 00:00:00-04:00,23.99426800628682,24.511097956367685,23.92727193694433,24.35796356201172,1178100,0.0,0.0
2025-03-25 00:00:00-04:00,24.616375757468905,24.817365783212406,24.36753191990861,24.50152587890625,1266100,0.0,0.0
2025-03-26 00:00:00-04:00,24.922647581184552,25.27677018719722,24.70251528972409,24.903505325317383,1375200,0.0,0.0
2025-03-27 00:00:00-04:00,24.491953864603392,24.71208431179928,24.204827353087524,24.635517120361328,1384100,0.0,0.0
2025-03-28 00:00:00-04:00,24.501526070323703,24.549379882514348,23.83156174661916,24.176115036010742,871900,0.0,0.0
2025-03-31 00:00:00-04:00,23.917700473696758,25.161919692273027,23.726283396189146,24.99921417236328,1773100,0.0,0.0
2025-04-01 00:00:00-04:00,24.84607934525713,25.67874924681204,24.64509112879915,25.3629093170166,1484300,0.0,0.0
2025-04-02 00:00:00-04:00,24.903504439743028,25.63089370727539,24.807794989316623,25.63089370727539,998900,0.0,0.0
2025-04-03 00:00:00-04:00,23.821991147300864,24.013410051319745,21.59196949535894,21.735532760620117,2418000,0.0,0.0
2025-04-04 00:00:00-04:00,20.472171928307105,20.864579016025974,18.691984255523348,18.969539642333984,3109500,0.0,0.0
2025-04-07 00:00:00-04:00,18.05073373153348,20.290326431383576,17.792318767972493,19.199241638183594,2783600,0.0,0.0
2025-04-08 00:00:00-04:00,20.08933535331374,20.08933535331374,17.811460088777782,18.16558265686035,2270200,0.0,0.0
2025-04-09 00:00:00-04:00,17.22763446940212,21.7451024064188,17.055357832627166,20.778440475463867,3468800,0.0,0.0
2025-04-10 00:00:00-04:00,19.706503266709287,19.811783857829663,17.227637502284523,17.629615783691406,2907500,0.0,0.0
2025-04-11 00:00:00-04:00,17.581758976623902,18.519707531966482,17.41905346596196,18.385713577270508,2071000,0.0,0.0
2025-04-14 00:00:00-04:00,18.902545343420957,19.02696635764867,18.002879383022776,18.404857635498047,2019100,0.0,0.0
2025-04-15 00:00:00-04:00,18.25172229152627,19.352376408394058,18.25172229152627,18.854690551757812,2027700,0.0,0.0
2025-04-16 00:00:00-04:00,19.227955667251894,19.859635493535933,18.70155642051718,18.806835174560547,1976300,0.0,0.0
2025-04-17 00:00:00-04:00,19.160959507476104,19.98405640797247,19.122674996729046,19.706501007080078,1349700,0.0,0.0
2025-04-21 00:00:00-04:00,19.37152010456753,19.543796763162984,18.462284821044747,18.931259155273438,1495100,0.0,0.0
2025-04-22 00:00:00-04:00,19.0748201640183,19.20881229345759,18.462282628860557,18.979110717773438,1081600,0.0,0.0
2025-04-23 00:00:00-04:00,19.553367697919114,19.802211555037495,18.6824151107578,18.95039939880371,1576800,0.0,0.0
2025-04-24 00:00:00-04:00,19.237527106677625,19.553367024937,18.835548862937877,19.342805862426758,1584700,0.0,0.0
2025-04-25 00:00:00-04:00,18.95040023804683,19.227957492107564,18.711127498548734,19.11310577392578,1018500,0.0,0.0
2025-04-28 00:00:00-04:00,19.14181628094341,19.44808504935757,18.711124684419843,18.969539642333984,1246400,0.0,0.0
2025-04-29 00:00:00-04:00,18.873830041559923,19.093962314375936,18.519707465540222,18.998252868652344,1324300,0.0,0.0
2025-04-30 00:00:00-04:00,18.663270865728304,18.663270865728304,17.935881628311012,18.079444885253906,1785000,0.0,0.0
2025-05-01 00:00:00-04:00,18.136874553648006,19.13224820999871,17.926313372598056,18.797266006469727,2690800,0.0,0.0
2025-05-02 00:00:00-04:00,19.141817549606625,19.486370849661455,18.66327211086646,19.361948013305664,1471800,0.0,0.0
2025-05-05 00:00:00-04:00,19.06524951596659,19.2088127761888,18.60584635305315,18.61541748046875,1386800,0.0,0.0
2025-05-06 00:00:00-04:00,18.883401236413615,19.026964492761014,18.366573148461807,18.385713577270508,1265100,0.0,0.0
2025-05-07 00:00:00-04:00,18.653701027100492,18.711125968743303,18.041163448227866,18.18472671508789,1728500,0.0,0.0
2025-05-08 00:00:00-04:00,17.237207257489118,18.089017570839758,16.84480013613617,17.55304718017578,3359600,0.0,0.0
2025-05-09 00:00:00-04:00,17.77317611418431,17.868885560633164,17.352055645112852,17.495620727539062,1713800,0.0,0.0
2025-05-12 00:00:00-04:00,18.912114299687996,19.2853791250122,18.203867331518722,18.443140029907227,1952100,0.0,0.0
2025-05-13 00:00:00-04:00,18.730267496862158,18.730267496862158,18.21343939114162,18.299577713012695,2133200,0.0,0.0
2025-05-14 00:00:00-04:00,18.175157055396056,18.299579902096518,17.90717093023871,17.964597702026367,2004100,0.0,0.0
2025-05-15 00:00:00-04:00,17.60569089793519,17.634791880133967,16.965484090748333,17.625091552734375,2484200,0.25,0.0
2025-05-16 00:00:00-04:00,17.59599141466125,17.770593615933475,17.23708853440022,17.26618766784668,2038200,0.0,0.0
2025-05-19 00:00:00-04:00,16.858783894123945,16.96548565521062,16.179777564872822,16.31557846069336,2345400,0.0,0.0
2025-05-20 00:00:00-04:00,16.247677291067784,16.34467871955159,15.510469024798546,15.626871109008789,3184400,0.0,0.0
2025-05-21 00:00:00-04:00,15.52986909712916,15.636570849467821,14.753860473632812,14.753860473632812,3681400,0.0,0.0
2025-05-22 00:00:00-04:00,14.588959474393409,15.267966713446219,14.210655005100435,15.151565551757812,3320600,0.0,0.0
2025-05-23 00:00:00-04:00,14.753860994248933,15.200065899123901,14.744160666407826,14.996363639831543,2405200,0.0,0.0
2025-05-27 00:00:00-04:00,15.141865065748501,15.170966049672723,14.782961256350816,14.938162803649902,2616600,0.0,0.0
2025-05-28 00:00:00-04:00,15.170964844734446,15.238865285016326,14.608358817922568,14.744159698486328,2202700,0.0,0.0
2025-05-29 00:00:00-04:00,14.685960100419797,14.938162141057115,14.579258347578863,14.86056137084961,1547900,0.0,0.0
2025-05-30 00:00:00-04:00,14.656858904769281,14.967262906162164,14.58895846309309,14.7926607131958,2083000,0.0,0.0
2025-06-02 00:00:00-04:00,15.345565777774393,15.607469056192103,15.00606265861978,15.219464302062988,2786400,0.0,0.0
2025-06-03 00:00:00-04:00,15.229164780951564,16.59688037342863,14.909061387519982,16.35437774658203,2451700,0.0,0.0
2025-06-04 00:00:00-04:00,16.305877700420492,16.4610792487176,15.636571717194867,15.927574157714844,1412200,0.0,0.0
2025-06-05 00:00:00-04:00,16.043976783075237,16.053675261289822,15.617171585843721,15.791773796081543,1642700,0.0,0.0
2025-06-06 00:00:00-04:00,15.985773554623453,16.558079931956243,15.985773554623453,16.247676849365234,2717400,0.0,0.0
2025-06-09 00:00:00-04:00,16.567780036540135,17.275887290437723,16.44167947974057,17.081886291503906,3217300,0.0,0.0
2025-06-10 00:00:00-04:00,17.26618755385057,18.663003304657853,17.217687764994434,18.313798904418945,3452200,0.0,0.0
2025-06-11 00:00:00-04:00,18.33319957184362,18.53690275549713,17.09158721490164,17.557191848754883,4273300,0.0,0.0
2025-06-12 00:00:00-04:00,17.207988294873886,17.673592951633523,16.926686175220603,17.450490951538086,1934300,0.0,0.0
2025-06-13 00:00:00-04:00,18.100396079922238,18.274998268819914,17.411689501657204,17.741493225097656,2650000,0.0,0.0
2025-06-16 00:00:00-04:00,17.78999491893593,17.799695247153807,16.86848408987013,17.48929214477539,2786200,0.0,0.0
2025-06-17 00:00:00-04:00,17.760890798935833,18.236195696815322,17.39228764246843,17.547489166259766,2242200,0.0,0.0
2025-06-18 00:00:00-04:00,17.508690909802763,17.85789532422978,16.849085243877234,16.858783721923828,1679600,0.0,0.0
2025-06-20 00:00:00-04:00,16.926683671396503,17.140085311640824,16.548378324858984,16.596879959106445,2044400,0.0,0.0
2025-06-23 00:00:00-04:00,16.73268266012483,16.742382988032563,15.743271415316624,15.859673500061035,2389000,0.0,0.0
2025-06-24 00:00:00-04:00,15.714172322825508,15.908173331042239,15.316467203236392,15.461968421936035,2667400,0.0,0.0
2025-06-25 00:00:00-04:00,15.335867624144363,15.413468396271822,14.986663224496626,15.015763282775879,2346800,0.0,0.0
2025-06-26 00:00:00-04:00,15.064263343811035,15.37466734394362,14.976962247682312,15.064263343811035,2348500,0.0,0.0
2025-06-27 00:00:00-04:00,15.15156539372324,15.287367210147037,14.85086262709981,14.938162803649902,3022400,0.0,0.0
2025-06-30 00:00:00-04:00,14.889661977315622,15.10306362745788,14.70535945892334,14.70535945892334,1863300,0.0,0.0
2025-07-01 00:00:00-04:00,14.899361517484863,15.917872766499503,14.627758826105671,15.442567825317383,3364900,0.0,0.0
2025-07-02 00:00:00-04:00,15.714171039346027,16.16037498693364,15.297066223032601,16.063373565673828,2076400,0.0,0.0
2025-07-03 00:00:00-04:00,16.014875259900517,16.170076808197624,15.85967371160341,15.927574157714844,1033200,0.0,0.0
2025-07-07 00:00:00-04:00,15.76267121277194,16.111875597840793,15.219464905483795,15.568668365478516,2163600,0.0,0.0
2025-07-08 00:00:00-04:00,15.646269527580962,17.03338492518895,15.636571050105996,16.75208282470703,2815900,0.0,0.0
2025-07-09 00:00:00-04:00,16.752083985682773,16.878184553228003,16.373778582750194,16.567781448364258,1652500,0.0,0.0
2025-07-10 00:00:00-04:00,16.490179203275414,16.9654841465285,16.10217535675741,16.703580856323242,1540400,0.0,0.0
2025-07-11 00:00:00-04:00,16.548380940574685,16.84908556999524,16.441681028661115,16.65508270263672,1718000,0.0,0.0
2025-07-14 00:00:00-04:00,16.49017755945757,16.519278538851104,15.81116950812655,15.97607135772705,1956200,0.0,0.0
2025-07-15 00:00:00-04:00,15.937273625920874,16.09247516584471,14.996363133789934,15.006063461303711,1861100,0.0,0.0
2025-07-16 00:00:00-04:00,15.03516403320426,15.267966351055426,14.899362218587324,15.122465133666992,1793400,0.0,0.0
2025-07-17 00:00:00-04:00,14.9963640722084,15.597770539584191,14.957563684799453,15.510469436645508,1739600,0.0,0.0
2025-07-18 00:00:00-04:00,15.752971419690702,15.772372075107716,14.957563049076445,15.054564476013184,1671300,0.0,0.0
2025-07-21 00:00:00-04:00,15.29706725938848,15.326167317708268,14.870262087018771,14.889662742614746,1391300,0.0,0.0
2025-07-22 00:00:00-04:00,14.91876260456127,15.539569699348275,14.870261891283914,15.452268600463867,1714600,0.0,0.0
2025-07-23 00:00:00-04:00,15.617170633770378,16.567780553614647,15.617170633770378,16.54837989807129,2003800,0.0,0.0
2025-07-24 00:00:00-04:00,16.296177804105156,16.655082550393143,16.034276340758186,16.31557846069336,2462800,0.0,0.0
2025-07-25 00:00:00-04:00,16.29617618806339,16.44167924789738,16.09247486453302,16.23797607421875,1193100,0.0,0.0
2025-07-28 00:00:00-04:00,16.48047976935008,17.02368518392572,16.393178667881873,16.97518539428711,1537500,0.0,0.0
2025-07-29 00:00:00-04:00,16.684182498544043,16.926685140382485,16.189476887175825,16.713281631469727,2140300,0.0,0.0
2025-07-30 00:00:00-04:00,16.674482581315463,16.674482581315463,15.791773091306434,15.966373443603516,2170900,0.0,0.0
2025-07-31 00:00:00-04:00,15.675370489501507,16.07307467078299,15.423167522078172,15.723870277404785,2310900,0.0,0.0
2025-08-01 00:00:00-04:00,15.520169542102346,15.626871299751784,14.792661594816298,15.1903657913208,2577900,0.0,0.0
2025-08-04 00:00:00-04:00,15.044864501546549,15.258266165699215,14.773260869776301,14.957563400268555,1760300,0.0,0.0
2025-08-05 00:00:00-04:00,15.170964804472689,15.326166339033168,14.715059602895694,15.141863822937012,2591700,0.0,0.0
2025-08-06 00:00:00-04:00,15.394067221969728,15.66566991526365,14.821760853009069,15.025463104248047,3162400,0.0,0.0
2025-08-07 00:00:00-04:00,15.898472852239921,16.199177464867123,15.044864353860238,15.500768661499023,5210500,0.0,0.0
2025-08-08 00:00:00-04:00,15.597770572021505,16.839384821838312,15.461968753270671,16.771484375,3927300,0.0,0.0
2025-08-11 00:00:00-04:00,17.110985716062338,17.751192538762066,16.897584058545203,17.00428581237793,3645100,0.0,0.0
2025-08-12 00:00:00-04:00,17.17888496443346,17.6250907538483,16.98488397567986,17.062484741210938,1855900,0.0,0.0
2025-08-13 00:00:00-04:00,17.062487244453585,17.498992770948373,16.907285690621762,17.411691665649414,2158000,0.0,0.0
2025-08-14 00:00:00-04:00,17.53779264657477,17.87729674736792,17.12068776704162,17.79969596862793,2242600,0.0,0.0
2025-08-15 00:00:00-04:00,17.799693129210645,17.917701091551276,17.30798890948495,17.396495819091797,2532700,0.25,0.0
2025-08-18 00:00:00-04:00,17.327657759763003,17.60301092603554,17.012965479347184,17.298154830932617,1769400,0.0,0.0
2025-08-19 00:00:00-04:00,17.514505407193457,17.84886445769959,17.08180700417616,17.504671096801758,1678200,0.0,0.0
2025-08-20 00:00:00-04:00,17.4456653396542,17.6521820855154,17.10147201368736,17.45549964904785,1946900,0.0,0.0
2025-08-21 00:00:00-04:00,17.239150058412385,17.70135133467596,17.062136244953198,17.63251304626465,1845300,0.0,0.0
2025-08-22 00:00:00-04:00,17.68168413586358,18.871609379810756,17.68168413586358,18.606088638305664,1944400,0.0,0.0
2025-08-25 00:00:00-04:00,18.576586080080087,18.635591940952395,18.37007119413562,18.45857810974121,1246300,0.0,0.0
2025-08-26 00:00:00-04:00,18.21272555906872,18.64542394117154,18.173388319403283,18.635591506958008,2149900,0.0,0.0
2025-08-27 00:00:00-04:00,18.54708451796714,19.481321447786975,18.47824622453548,19.441986083984375,2474900,0.0,0.0
2025-08-28 00:00:00-04:00,19.54032809597158,19.97302649378414,19.156797498120273,19.884519577026367,1989000,0.0,0.0
2025-08-29 00:00:00-04:00,20.10086904541558,20.730249846997943,19.914020916557284,20.54340171813965,2134000,0.0,0.0
2025-09-02 00:00:00-04:00,20.572903853914376,20.936765788123548,20.150037940756008,20.87775993347168,1914900,0.0,0.0
2025-09-03 00:00:00-04:00,20.563070382879996,20.848259731545937,19.599330559386413,19.73700714111328,1997900,0.0,0.0
2025-09-04 00:00:00-04:00,19.550159150926376,20.49423223782029,19.176464765422235,20.46472930908203,1817000,0.0,0.0
2025-09-05 00:00:00-04:00,20.100870725594937,20.553237745618755,19.796012733106295,19.864852905273438,1403700,0.0,0.0
2025-09-08 00:00:00-04:00,19.874685738666994,19.943525912215417,19.294476424382346,19.707508087158203,1696300,0.0,0.0
2025-09-09 00:00:00-04:00,19.82551418335403,20.513900847989657,19.687837600708008,19.687837600708008,1511000,0.0,0.0
2025-09-10 00:00:00-04:00,19.78618057252251,20.651579259019766,19.579663804566792,20.51390266418457,1598400,0.0,0.0
2025-09-11 00:00:00-04:00,20.258214226160558,20.55323600769043,20.19921024499513,20.55323600769043,1998800,0.0,0.0
2025-09-12 00:00:00-04:00,20.799089607831725,21.17278589196195,20.563071790556098,20.73025131225586,1690600,0.0,0.0
2025-09-15 00:00:00-04:00,20.867926387953684,21.172784354368897,20.543401678304214,20.56307029724121,1533100,0.0,0.0
2025-09-16 00:00:00-04:00,20.87776057841529,21.50714325089238,20.56307018002811,21.408802032470703,1343500,0.0,0.0
2025-09-17 00:00:00-04:00,21.20228755729729,21.4579740023004,20.21887901914821,20.494234085083008,1545400,0.0,0.0
2025-09-18 00:00:00-04:00,20.759751975573288,20.926931479014904,20.435227277798692,20.87775993347168,1551700,0.0,0.0
2025-09-19 00:00:00-04:00,20.789254709242865,20.789254709242865,19.98286005411579,20.19921112060547,2990000,0.0,0.0
2025-09-22 00:00:00-04:00,20.779420596101925,21.10394532320659,20.228712366164302,20.887596130371094,2341900,0.0,0.0
2025-09-23 00:00:00-04:00,21.25145674284136,22.726569385780955,21.133446906096992,21.438302993774414,1891000,0.0,0.0
2025-09-24 00:00:00-04:00,21.7824973046816,22.156193574864446,21.60548347940581,21.831668853759766,1333400,0.0,0.0
2025-09-25 00:00:00-04:00,21.575983109214597,21.821835235285903,21.339965293270488,21.546480178833008,1403100,0.0,0.0
2025-09-26 00:00:00-04:00,21.634987191290566,22.352874952469243,21.585817516136963,22.274202346801758,2071100,0.0,0.0
2025-09-29 00:00:00-04:00,22.087353138306746,22.136524686788622,21.349796792403673,21.930007934570312,2517500,0.0,0.0
2025-09-30 00:00:00-04:00,21.68415633632631,22.018515371164693,21.30062762753639,21.723493576049805,1710700,0.0,0.0
2025-10-01 00:00:00-04:00,21.703824429821523,23.041260536739216,21.703824429821523,22.72657012939453,1915000,0.0,0.0
2025-10-02 00:00:00-04:00,22.71673631021408,23.19860624132827,22.15619377556498,22.52005386352539,1476300,0.0,0.0
2025-10-03 00:00:00-04:00,22.815077162559046,22.883915455069854,22.421712275578226,22.667564392089844,1263300,0.0,0.0
2025-10-06 00:00:00-04:00,23.001923849268913,23.65097329889913,22.77574034803171,23.277278900146484,1705400,0.0,0.0
2025-10-07 00:00:00-04:00,23.464126882621496,23.690310382366953,22.9527540239513,23.33628273010254,1433400,0.0,0.0
2025-10-08 00:00:00-04:00,23.33628260853533,23.532965053369374,22.736404715626833,23.395288467407227,1261900,0.0,0.0
2025-10-09 00:00:00-04:00,23.532964452959792,23.867323475225295,22.687232587734965,22.84457778930664,1372400,0.0,0.0
2025-10-10 00:00:00-04:00,22.510220225350626,22.73640560850309,21.36946650220163,21.487476348876953,1756900,0.0,0.0
2025-10-13 00:00:00-04:00,21.96934580916716,22.47088436398053,21.398968960189706,22.451215744018555,1104600,0.0,0.0
2025-10-14 00:00:00-04:00,21.821835161255446,22.4807189319194,21.821835161255446,22.343040466308594,1122200,0.0,0.0
2025-10-15 00:00:00-04:00,22.618394486996127,23.2674439178711,22.333205134431452,22.765905380249023,1150600,0.0,0.0
2025-10-16 00:00:00-04:00,23.001923277592937,23.001923277592937,22.244700188979134,22.736404418945312,1117600,0.0,0.0
2025-10-17 00:00:00-04:00,22.62822890817362,23.218274359796297,22.421712156039433,22.72657012939453,1056500,0.0,0.0
2025-10-20 00:00:00-04:00,22.726570884849373,23.306782046066502,22.726570884849373,23.188772201538086,839500,0.0,0.0
2025-10-21 00:00:00-04:00,23.31661317874208,23.572299597861022,22.91341586897449,22.93308448791504,1162900,0.0,0.0
2025-10-22 00:00:00-04:00,23.11993221417939,23.572299187724852,22.815076128716026,23.100263595581055,1502900,0.0,0.0
2025-10-23 00:00:00-04:00,23.739481007819172,25.39160761702501,23.700145642491975,25.263765335083008,2008600,0.0,0.0
2025-10-24 00:00:00-04:00,25.116252635846088,25.52928238289711,25.008077106454955,25.21459197998047,1552500,0.0,0.0
2025-10-27 00:00:00-04:00,25.32276809230967,25.568620209710733,24.919570769828148,24.978574752807617,1137900,0.0,0.0
2025-10-28 00:00:00-04:00,24.56554331143022,24.909736653606796,24.201683225242867,24.89990234375,1395200,0.0,0.0
2025-10-29 00:00:00-04:00,25.00807862411416,26.257007877722966,24.968741383510952,26.13899803161621,2509300,0.0,0.0
2025-10-30 00:00:00-04:00,25.73580046084442,27.03389937774677,25.73580046084442,26.23733901977539,1992200,0.0,0.0
2025-10-31 00:00:00-04:00,26.158665515831487,26.42418625126281,25.647292664416227,25.82430648803711,1204900,0.0,0.0
2025-11-03 00:00:00-05:00,25.657127326321547,26.74871133649871,25.322768293937603,26.45368766784668,1496200,0.0,0.0
2025-11-04 00:00:00-05:00,25.66696164960883,26.207835562199637,25.450610584010253,25.676795959472656,1231700,0.0,0.0
2025-11-05 00:00:00-05:00,25.83414058520605,26.089827008809976,25.657126763041582,25.912813186645508,1196400,0.0,0.0
2025-11-06 00:00:00-05:00,25.70629641562839,26.355345845926536,25.568619832141746,25.92264747619629,894500,0.0,0.0
2025-11-07 00:00:00-05:00,26.2373382940085,26.2373382940085,25.22442689410358,25.755468368530273,1857700,0.0,0.0
2025-11-10 00:00:00-05:00,26.089827753447274,26.994563633674737,25.598123511491107,26.384849548339844,1002100,0.0,0.0
2025-11-11 00:00:00-05:00,26.453687368985673,27.692782261638744,26.453687368985673,27.358423233032227,1530500,0.0,0.0
2025-11-12 00:00:00-05:00,27.220745695087285,27.397759512941608,26.050489135930256,26.178333282470703,1522600,0.0,0.0
2025-11-13 00:00:00-05:00,26.207835356753236,27.014230002237518,26.020987222210866,26.532360076904297,1926300,0.0,0.0
2025-11-14 00:00:00-05:00,26.42418629594562,27.57477427572418,26.04065571888424,27.368257522583008,2439400,0.0,0.0
2025-11-17 00:00:00-05:00,27.397760995792837,27.87963092841949,26.601198772335973,27.15190887451172,2902700,0.0,0.0
2025-11-18 00:00:00-05:00,25.00833720654833,26.963353303114953,24.264041478887272,26.35799217224121,3596200,0.25,0.0
2025-11-19 00:00:00-05:00,26.109891849964402,27.032818793387804,25.822098505462645,26.99312400817871,2231200,0.0,0.0
2025-11-20 00:00:00-05:00,26.844264598316663,27.74734324442952,25.75263240127783,25.901491165161133,2332200,0.0,0.0
2025-11-21 00:00:00-05:00,26.000731070520413,26.854188870010447,25.613696011547486,26.536623001098633,1628500,0.0,0.0
2025-11-24 00:00:00-05:00,26.149589603410483,26.923655928818132,25.921339373756528,26.546546936035156,1930700,0.0,0.0
2025-11-25 00:00:00-05:00,26.64578618234811,27.658028778896643,26.169437393210625,27.3702335357666,1656200,0.0,0.0
2025-11-26 00:00:00-05:00,27.648104874469883,28.203845133795983,27.38015796819339,27.519092559814453,1512000,0.0,0.0
2025-11-28 00:00:00-05:00,27.568713202620096,27.91604967907445,27.419852549463275,27.68779945373535,446300,0.0,0.0
2025-12-01 00:00:00-05:00,27.439700973505282,28.44201940555026,27.439700973505282,28.164148330688477,1355500,0.0,0.0
2025-12-02 00:00:00-05:00,27.95574608417819,28.858824699797445,27.568712932581885,28.739736557006836,1444400,0.0,0.0
2025-12-03 00:00:00-05:00,29.047380628138352,30.228328442158947,29.027532288530818,30.079469680786133,1388000,0.0,0.0
2025-12-04 00:00:00-05:00,29.71228482072462,29.970307556736365,29.41456540555329,29.84129524230957,1199500,0.0,0.0
2025-12-05 00:00:00-05:00,29.652740478515625,29.990154687702834,29.52373005398729,29.652740478515625,1112900,0.0,0.0
2025-12-08 00:00:00-05:00,29.325250827362233,29.70236172160445,29.037457464448668,29.077152252197266,1356600,0.0,0.0
2025-12-09 00:00:00-05:00,29.20616346303454,29.771827890091583,28.858825092415103,29.52372932434082,968000,0.0,0.0
2025-12-10 00:00:00-05:00,30.099318764610857,30.694755717666368,29.374871386600233,30.20848274230957,1653900,0.0,0.0
2025-12-11 00:00:00-05:00,29.85122002087792,30.80391951887671,29.583273109611838,30.61536407470703,1331100,0.0,0.0
2025-12-12 00:00:00-05:00,30.36726525617963,30.36726525617963,28.908444457503037,29.186315536499023,1710100,0.0,0.0
2025-12-15 00:00:00-05:00,29.325249809745852,29.325249809745852,28.332855543523088,28.719890594482422,1811500,0.0,0.0
2025-12-16 00:00:00-05:00,28.362627746991365,28.531334846143103,26.834341577771365,27.13205909729004,2108200,0.0,0.0
2025-12-17 00:00:00-05:00,27.509167501441638,27.876354201090724,27.092361847199715,27.79696273803711,1470700,0.0,0.0
2025-12-18 00:00:00-05:00,28.501561911170874,28.501561911170874,26.864111792602046,27.469472885131836,1552900,0.0,0.0
2025-12-19 00:00:00-05:00,27.61833312279455,28.13437860989099,27.320615591769165,27.727497100830078,2760300,0.0,0.0
2025-12-22 00:00:00-05:00,28.283237185511815,28.74966181907788,27.93589880641961,28.05498695373535,1230900,0.0,0.0
2025-12-23 00:00:00-05:00,28.09468026784504,28.34277882663911,27.73741963031399,27.876354217529297,764500,0.0,0.0
2025-12-24 00:00:00-05:00,27.78703927270437,28.11452930270471,27.51909236829268,27.76719093322754,524900,0.0,0.0
2025-12-26 00:00:00-05:00,27.777116282957543,27.856507751395633,27.380158940767103,27.638181686401367,837700,0.0,0.0
2025-12-29 00:00:00-05:00,27.330538466336332,28.44201896279753,27.330538466336332,28.3427791595459,1051800,0.0,0.0
2025-12-30 00:00:00-05:00,28.551183727078655,29.00768418471152,28.481716430729467,28.7099666595459,970400,0.0,0.0
2025-12-31 00:00:00-05:00,28.99776021367408,28.99776021367408,28.451944116180325,28.461868286132812,992800,0.0,0.0
2026-01-02 00:00:00-05:00,28.56110692067629,30.109241405733925,28.273311682390776,29.712284088134766,1339500,0.0,0.0
2026-01-05 00:00:00-05:00,31.558137560456924,31.558137560456924,28.918368909217634,30.93292999267578,2399100,0.0,0.0
2026-01-06 00:00:00-05:00,31.16117899664292,31.478744853026054,30.506198944642257,30.82376480102539,1722400,0.0,0.0
2026-01-07 00:00:00-05:00,30.823765634831474,31.00239690708955,29.712285107424126,30.148937225341797,1315200,0.0,0.0
2026-01-08 00:00:00-05:00,30.317644737858775,31.677225745116534,29.990154698569228,31.171104431152344,1322600,0.0,0.0
2026-01-09 00:00:00-05:00,31.270343614665766,31.826083874800602,30.38711332177481,30.397035598754883,1269200,0.0,0.0
2026-01-12 00:00:00-05:00,30.16878465719006,30.42680738792638,29.732130659571535,30.347415924072266,1452000,0.0,0.0
2026-01-13 00:00:00-05:00,30.863462240074732,31.448975012025837,30.585591162470898,31.032169342041016,1458300,0.0,0.0
2026-01-14 00:00:00-05:00,31.310037765749154,32.71923956639649,31.28026714972935,32.02456283569336,1535500,0.0,0.0
2026-01-15 00:00:00-05:00,31.57798466697823,32.42151826346399,31.161179007124716,32.02456283569336,2241700,0.0,0.0
2026-01-16 00:00:00-05:00,32.19326926164145,32.38182659874085,31.945170690244343,32.13372802734375,945500,0.0,0.0
2026-01-20 00:00:00-05:00,32.05433459030428,32.45129381785879,31.55813744870303,31.73676872253418,1417600,0.0,0.0
2026-01-21 00:00:00-05:00,32.500913169928076,33.44368850756656,32.391749191739514,32.758934020996094,1792000,0.0,0.0
2026-01-22 00:00:00-05:00,32.500911275911385,33.245206953985694,32.213116038491926,32.679542541503906,1492200,0.0,0.0
2026-01-23 00:00:00-05:00,33.22535822234159,33.840641582287674,31.98486544020959,32.0543327331543,1611000,0.0,0.0
2026-01-26 00:00:00-05:00,32.42151757119469,32.987185763278035,31.577983992720196,32.21311569213867,2572400,0.0,0.0
2026-01-27 00:00:00-05:00,32.64977412076278,33.18566416788331,32.28258550253543,33.06657791137695,1882800,0.0,0.0
2026-01-28 00:00:00-05:00,33.52307590793381,33.662010494548575,32.08410730169495,32.84824752807617,1907800,0.0,0.0
2026-01-29 00:00:00-05:00,33.741404960894826,34.436081702520575,32.53068274793805,33.443687438964844,2176800,0.0,0.0
2026-01-30 00:00:00-05:00,32.83832590134242,33.721556178601446,32.33220649927481,33.622318267822266,1757600,0.0,0.0
2026-02-02 00:00:00-05:00,32.5604556426134,34.436080108185976,32.53068124182033,33.989501953125,1887000,0.0,0.0
2026-02-03 00:00:00-05:00,34.148286089726646,35.368930566471036,34.05897045554127,35.22007369995117,1695400,0.0,0.0
2026-02-04 00:00:00-05:00,35.42847668132601,36.45064158200566,34.505549694731926,36.13307571411133,3077000,0.0,0.0
2026-02-05 00:00:00-05:00,33.84064230235947,35.1704507445284,32.84824805553739,34.267372131347656,3977200,0.0,0.0
2026-02-06 00:00:00-05:00,33.92003595123655,35.99414009637712,33.42383882355396,35.6964225769043,2139500,0.0,0.0
2026-02-09 00:00:00-05:00,35.72619552999937,36.36132728926772,35.07121543004341,35.43840026855469,1977300,0.0,0.0
2026-02-10 00:00:00-05:00,35.32923312014696,35.378855860259,33.80094888105839,33.96965408325195,2800500,0.0,0.0
2026-02-11 00:00:00-05:00,34.73379981864627,35.03151734566934,33.91011074867588,34.0589714050293,2558500,0.0,0.0
2026-02-12 00:00:00-05:00,33.88034012208658,34.01927471561243,31.697073841237778,32.619998931884766,2587200,0.0,0.0
2026-02-13 00:00:00-05:00,32.34000015258789,33.79999923706055,32.189998626708984,33.20000076293945,2207300,0.25,0.0
2026-02-17 00:00:00-05:00,33.619998931884766,33.779998779296875,32.56999969482422,33.310001373291016,1407900,0.0,0.0
2026-02-18 00:00:00-05:00,34.15999984741211,35.02000045776367,33.88999938964844,34.790000915527344,1700300,0.0,0.0
2026-02-19 00:00:00-05:00,34.9900016784668,36.119998931884766,34.7599983215332,35.959999084472656,1970600,0.0,0.0
2026-02-20 00:00:00-05:00,35.54999923706055,35.70000076293945,34.77000045776367,35.630001068115234,1644000,0.0,0.0
2026-02-23 00:00:00-05:00,35.31999969482422,35.84000015258789,34.88999938964844,35.130001068115234,1586300,0.0,0.0
2026-02-24 00:00:00-05:00,35.279998779296875,35.36000061035156,34.40999984741211,34.7400016784668,1256700,0.0,0.0
2026-02-25 00:00:00-05:00,35.13999938964844,35.13999938964844,33.5,34.2599983215332,1122800,0.0,0.0
2026-02-26 00:00:00-05:00,33.709999084472656,35.0099983215332,33.38999938964844,34.59000015258789,1177400,0.0,0.0
2026-02-27 00:00:00-05:00,34.72999954223633,35.279998779296875,34.25,35.220001220703125,1661100,0.0,0.0
2026-03-02 00:00:00-05:00,36.0099983215332,36.33000183105469,34.380001068115234,35.09000015258789,1545100,0.0,0.0
2026-03-03 00:00:00-05:00,34.9900016784668,34.9900016784668,33.560001373291016,33.959999084472656,1535800,0.0,0.0
2026-03-04 00:00:00-05:00,33.619998931884766,34.81999969482422,33.58000183105469,34.31999969482422,1188900,0.0,0.0
2026-03-05 00:00:00-05:00,34.34000015258789,34.439998626708984,33.11000061035156,34.130001068115234,1485600,0.0,0.0
2026-03-06 00:00:00-05:00,34.150001525878906,34.470001220703125,33.459999084472656,34.09000015258789,1291100,0.0,0.0
2026-03-09 00:00:00-04:00,33.970001220703125,34.630001068115234,33.060001373291016,34.369998931884766,1614500,0.0,0.0
2026-03-10 00:00:00-04:00,34.11000061035156,35.560001373291016,33.93000030517578,34.959999084472656,1838100,0.0,0.0
2026-03-11 00:00:00-04:00,34.52000045776367,35.040000915527344,33.95000076293945,34.7400016784668,1158300,0.0,0.0
2026-03-12 00:00:00-04:00,34.630001068115234,34.66999816894531,33.47999954223633,33.849998474121094,1153800,0.0,0.0
2026-03-13 00:00:00-04:00,33.65999984741211,35.93000030517578,33.5099983215332,35.650001525878906,1507600,0.0,0.0
2026-03-16 00:00:00-04:00,34.79999923706055,36.0099983215332,33.95000076293945,34.650001525878906,1671000,0.0,0.0
2026-03-17 00:00:00-04:00,35.119998931884766,35.90999984741211,34.81999969482422,35.61000061035156,1164000,0.0,0.0
2026-03-18 00:00:00-04:00,35.599998474121094,36.529998779296875,35.279998779296875,36.16999816894531,1540700,0.0,0.0
2026-03-19 00:00:00-04:00,35.880001068115234,36.959999084472656,35.720001220703125,35.95000076293945,2051800,0.0,0.0
2026-03-20 00:00:00-04:00,36.83000183105469,37.0,35.90999984741211,36.47999954223633,2380600,0.0,0.0
2026-03-23 00:00:00-04:00,36.060001373291016,37.650001525878906,36.060001373291016,37.130001068115234,1547000,0.0,0.0
2026-03-24 00:00:00-04:00,37.119998931884766,37.869998931884766,36.72999954223633,37.279998779296875,1568000,0.0,0.0
2026-03-25 00:00:00-04:00,36.869998931884766,37.529998779296875,36.02000045776367,36.36000061035156,1777000,0.0,0.0
2026-03-26 00:00:00-04:00,36.36000061035156,37.13999938964844,36.220001220703125,36.95000076293945,1171500,0.0,0.0
2026-03-27 00:00:00-04:00,36.81999969482422,37.380001068115234,35.93000030517578,36.150001525878906,1817100,0.0,0.0
2026-03-30 00:00:00-04:00,36.75,36.810001373291016,35.56999969482422,35.84000015258789,927300,0.0,0.0
2026-03-31 00:00:00-04:00,35.88999938964844,36.599998474121094,35.18000030517578,36.029998779296875,1527700,0.0,0.0
2026-04-01 00:00:00-04:00,35.470001220703125,35.849998474121094,34.22999954223633,34.540000915527344,1292000,0.0,0.0
2026-04-02 00:00:00-04:00,35.18000030517578,35.7400016784668,34.349998474121094,34.810001373291016,735000,0.0,0.0
2026-04-06 00:00:00-04:00,34.5,35.220001220703125,34.470001220703125,34.91999816894531,654700,0.0,0.0
2026-04-07 00:00:00-04:00,35.15999984741211,36.029998779296875,35.130001068115234,35.880001068115234,1013100,0.0,0.0
2026-04-08 00:00:00-04:00,34.11000061035156,35.41999816894531,33.7400016784668,35.36000061035156,1710400,0.0,0.0
2026-04-09 00:00:00-04:00,35.41999816894531,36.220001220703125,35.13999938964844,35.220001220703125,1389100,0.0,0.0
2026-04-10 00:00:00-04:00,34.88999938964844,35.380001068115234,34.56999969482422,34.68000030517578,580700,0.0,0.0
2026-04-13 00:00:00-04:00,35.04999923706055,36.20000076293945,35.04999923706055,35.7400016784668,1000600,0.0,0.0
2026-04-14 00:00:00-04:00,35.540000915527344,35.869998931884766,34.04999923706055,34.11000061035156,1242900,0.0,0.0
2026-04-15 00:00:00-04:00,34.08000183105469,35.18000030517578,34.040000915527344,34.5099983215332,809700,0.0,0.0
2026-04-16 00:00:00-04:00,34.5,35.47999954223633,34.5,34.939998626708984,992100,0.0,0.0
2026-04-17 00:00:00-04:00,33.83000183105469,33.880001068115234,32.7400016784668,33.63999938964844,1409000,0.0,0.0
2026-04-20 00:00:00-04:00,33.68000030517578,33.95000076293945,33.0,33.66999816894531,801800,0.0,0.0
2026-04-21 00:00:00-04:00,33.86000061035156,35.650001525878906,33.790000915527344,35.630001068115234,1660700,0.0,0.0
2026-04-22 00:00:00-04:00,35.84000015258789,36.720001220703125,35.66999816894531,36.40999984741211,892600,0.0,0.0
2026-04-23 00:00:00-04:00,36.36000061035156,37.65999984741211,36.060001373291016,37.58000183105469,919700,0.0,0.0
2026-04-24 00:00:00-04:00,38.43000030517578,38.790000915527344,37.76750183105469,38.36000061035156,1300510,0.0,0.0
