Date,Open,High,Low,Close,Volume,Dividends,Stock Splits
2022-01-03 00:00:00-05:00,3.0181119346420484,3.104684068100471,3.002227149935635,3.057823896408081,102700,0.0,0.0
2022-01-04 00:00:00-05:00,3.073708611923681,3.1999927043054144,3.0300255496451594,3.1610751152038574,228200,0.0,0.0
2022-01-05 00:00:00-05:00,3.1690178168289407,3.2087297815788602,3.0895938873291016,3.0895938873291016,121600,0.0,0.0
2022-01-06 00:00:00-05:00,3.1134209632873535,3.1610753194123857,3.097536177912343,3.1134209632873535,115600,0.0,0.0
2022-01-07 00:00:00-05:00,3.1531323918743337,3.2166717119580888,3.1213628265132294,3.1451900005340576,84700,0.0,0.0
2022-01-10 00:00:00-05:00,3.1531322070936083,3.1531322070936083,2.9942842002353958,3.0022265911102295,165200,0.0,0.0
2022-01-11 00:00:00-05:00,3.01811219281353,3.1769602428272075,2.978400227650507,3.1372482776641846,203900,0.0,0.0
2022-01-12 00:00:00-05:00,3.176959565895162,3.176959565895162,3.0975356524924016,3.1451900005340576,159900,0.0,0.0
2022-01-13 00:00:00-05:00,3.145190670696789,3.161869639256783,3.097536312501162,3.1372482776641846,74800,0.0,0.0
2022-01-14 00:00:00-05:00,3.10547864865105,3.1769601846351714,3.073708887740968,3.169017791748047,100800,0.0,0.0
2022-01-18 00:00:00-05:00,3.16107506913692,3.184902434674503,3.1054783247262083,3.153132677078247,100000,0.0,0.0
2022-01-19 00:00:00-05:00,3.1690174272865415,3.1769598192602295,3.04193896634597,3.0737085342407227,123200,0.0,0.0
2022-01-20 00:00:00-05:00,3.105478660784108,3.1578984919162503,3.0578241139135915,3.129305839538574,181200,0.0,0.0
2022-01-21 00:00:00-05:00,3.1054785073629345,3.113420899888709,2.9784000375889716,2.986342430114746,217800,0.0,0.0
2022-01-24 00:00:00-05:00,3.0022268242798607,3.05782356472165,2.8552924870029286,3.0419387817382812,305300,0.0,0.0
2022-01-25 00:00:00-05:00,3.0419393402676134,3.137248245029005,2.9545730178177902,3.0895938873291016,77300,0.0,0.0
2022-01-26 00:00:00-05:00,3.1293054276117376,3.1769597788476784,3.002226968287669,3.0260541439056396,102000,0.0,0.0
2022-01-27 00:00:00-05:00,3.026054182398594,3.1102435751920003,3.0220830810925308,3.0737085342407227,47400,0.0,0.0
2022-01-28 00:00:00-05:00,3.0737088104882484,3.1372481413498696,3.0411450572779497,3.1134209632873535,90500,0.0,0.0
2022-01-31 00:00:00-05:00,3.0895934431470806,3.2007871178224434,3.0498812947448783,3.176959753036499,130300,0.0,0.0
2022-02-01 00:00:00-05:00,3.2484423132879945,3.486714129484132,3.2325575255415853,3.478771924972534,280700,0.0,0.0
2022-02-02 00:00:00-05:00,3.4470016956329346,3.5740799734992814,3.3556638993741417,3.4470016956329346,148900,0.0,0.0
2022-02-03 00:00:00-05:00,3.454943670934346,3.494655819511857,3.351692387611312,3.3755197525024414,96300,0.0,0.0
2022-02-04 00:00:00-05:00,3.383462283428939,3.4470014172302714,3.311980568540885,3.3993470668792725,72400,0.0,0.0
2022-02-07 00:00:00-05:00,3.423174310487456,3.5820225356765247,3.423174310487456,3.52642560005188,115200,0.0,0.0
2022-02-08 00:00:00-05:00,3.5502522513730184,3.5899643985894545,3.494655699737733,3.5184826850891113,91000,0.0,0.0
2022-02-09 00:00:00-05:00,3.5581949920274383,3.709100628011471,3.542310208172441,3.701158046722412,164800,0.0,0.0
2022-02-10 00:00:00-05:00,3.709100200220221,3.772639328311887,3.6042605631243574,3.6693880558013916,243100,0.0,0.0
2022-02-11 00:00:00-05:00,3.6535037227915597,3.701158074716996,3.518482869641262,3.5502524375915527,137800,0.0,0.0
2022-02-14 00:00:00-05:00,3.5025978933726067,3.645561320023311,3.4390587609603394,3.5899643898010254,122200,0.0,0.0
2022-02-15 00:00:00-05:00,3.6376185925598863,3.6932155205423136,3.5899642451705573,3.605849027633667,116700,0.0,0.0
2022-02-16 00:00:00-05:00,3.5899646489748136,3.724985504460124,3.574079864724961,3.717042922973633,114900,0.0,0.0
2022-02-17 00:00:00-05:00,3.7249857253370955,3.804409651295883,3.677331369761823,3.788524866104126,210600,0.0,0.0
2022-02-18 00:00:00-05:00,3.8282369620283934,4.042681748318425,3.7964673921130663,3.8202943801879883,277500,0.0,0.0
2022-02-22 00:00:00-05:00,3.8123520362914016,4.050623801857657,3.8123520362914016,4.034739017486572,669000,0.0,0.0
2022-02-23 00:00:00-05:00,4.558936965280982,4.645509280288392,3.939430038914163,3.98708438873291,1371400,0.0,0.0
2022-02-24 00:00:00-05:00,3.6455622821257885,4.002970185630073,3.5820231329448675,3.9632580280303955,423500,0.0,0.0
2022-02-25 00:00:00-05:00,3.963257577906895,4.064126325562571,3.661446653575429,3.8758914470672607,589100,0.0,0.0
2022-02-28 00:00:00-05:00,3.97218739938989,4.277123101311264,3.97218739938989,4.076507568359375,816800,0.05,0.0
2022-03-01 00:00:00-05:00,4.108605376915512,4.204900725754851,3.932063904043389,4.012310028076172,478800,0.0,0.0
2022-03-02 00:00:00-05:00,4.0283583646246015,4.164776936721716,3.99866713308976,4.084530830383301,640300,0.0,0.0
2022-03-03 00:00:00-05:00,4.140703363353441,4.245023504248757,4.028358802274301,4.156752586364746,713900,0.0,0.0
2022-03-04 00:00:00-05:00,4.2049003074641575,4.2049003074641575,4.036383655080689,4.180826663970947,355900,0.0,0.0
2022-03-07 00:00:00-05:00,4.156752941774455,4.349344017020658,3.9962606979390287,4.068482398986816,687800,0.0,0.0
2022-03-08 00:00:00-05:00,4.164777587391575,4.164777587391575,4.036383797190944,4.10058069229126,212000,0.0,0.0
2022-03-09 00:00:00-05:00,4.1005804590210335,4.32526957909022,4.1005804590210335,4.285146713256836,362100,0.0,0.0
2022-03-10 00:00:00-05:00,4.277121730401612,4.493786421238201,4.245023286029054,4.389466285705566,430400,0.0,0.0
2022-03-11 00:00:00-05:00,4.445638721968978,4.7987219901128215,4.445638721968978,4.517860412597656,1002300,0.0,0.0
2022-03-14 00:00:00-04:00,4.686377249244896,4.69440166863802,3.964161519613596,4.004284381866455,832900,0.0,0.0
2022-03-15 00:00:00-04:00,4.132678459319634,4.413540020456313,4.028358330638018,4.333293914794922,828400,0.0,0.0
2022-03-16 00:00:00-04:00,4.493786937449946,4.734525680541992,4.405516013963705,4.734525680541992,1318200,0.0,0.0
2022-03-17 00:00:00-04:00,4.590082345478529,4.678353270192642,4.020334693170225,4.188851356506348,1799800,0.0,0.0
2022-03-18 00:00:00-04:00,4.228974979977128,4.4376152962407165,4.1888517244976,4.2931718826293945,802600,0.0,0.0
2022-03-21 00:00:00-04:00,4.309220143067534,4.533909634665847,4.3011957233552565,4.517860412597656,776100,0.0,0.0
2022-03-22 00:00:00-04:00,4.509835730944288,4.646254313496879,4.493786508446552,4.5579833984375,505300,0.0,0.0
2022-03-23 00:00:00-04:00,4.590081957791127,4.678352875049704,4.477737397507993,4.6542792320251465,657200,0.0,0.0
2022-03-24 00:00:00-04:00,4.686377885321422,4.702427108929632,4.517860846113379,4.541934490203857,556300,0.0,0.0
2022-03-25 00:00:00-04:00,4.517860400295883,4.549958844344864,4.389466241456324,4.469712734222412,659900,0.0,0.0
2022-03-28 00:00:00-04:00,4.501811190529465,4.6133533412999395,4.453663524324892,4.517860412597656,573000,0.0,0.0
2022-03-29 00:00:00-04:00,4.549958978510455,4.574032620935237,4.413540395957865,4.5579833984375,356000,0.0,0.0
2022-03-30 00:00:00-04:00,4.533910120236015,4.638230266173497,4.4937868694466205,4.566008567810059,235600,0.0,0.0
2022-03-31 00:00:00-04:00,4.566007690749017,4.590081330483528,4.4616875648498535,4.4616875648498535,217400,0.0,0.0
2022-04-01 00:00:00-04:00,4.4697124541389215,4.497798495260929,4.196875314175613,4.236998558044434,515500,0.0,0.0
2022-04-04 00:00:00-04:00,4.236998666564973,4.236998666564973,3.8999646338941245,4.004284381866455,803600,0.0,0.0
2022-04-05 00:00:00-04:00,4.028358700348583,4.028358700348583,3.8518172516910805,3.891940116882324,497700,0.0,0.0
2022-04-06 00:00:00-04:00,3.883916213535501,3.883916213535501,3.683300712962695,3.8197193145751953,477900,0.0,0.0
2022-04-07 00:00:00-04:00,3.7795954623910513,3.8437923511770635,3.7234229933814706,3.8116939067840576,294600,0.0,0.0
2022-04-08 00:00:00-04:00,3.7876199559161265,3.9802110086677382,3.7795955359834514,3.932063341140747,228600,0.0,0.0
2022-04-11 00:00:00-04:00,3.8839167660537517,3.8839167660537517,3.7474981450346108,3.787621021270752,487900,0.0,0.0
2022-04-12 00:00:00-04:00,3.819718287130016,3.867865948399269,3.7675582250940933,3.8357675075531006,258500,0.0,0.0
2022-04-13 00:00:00-04:00,3.851817188022003,4.00428460892961,3.851817188022003,3.95613694190979,153300,0.0,0.0
2022-04-14 00:00:00-04:00,3.9962608183068378,4.204900741577148,3.9962608183068378,4.204900741577148,291500,0.0,0.0
2022-04-18 00:00:00-04:00,4.204900374879923,4.38144221566434,4.068482166729364,4.301196098327637,361300,0.0,0.0
2022-04-19 00:00:00-04:00,4.269097191179638,4.393478563982162,4.245023167251998,4.349343299865723,209200,0.0,0.0
2022-04-20 00:00:00-04:00,4.381442651802391,4.381442651802391,4.212925597298937,4.277122497558594,292300,0.0,0.0
2022-04-21 00:00:00-04:00,4.285146330854577,4.334898802494081,3.9842231420618366,4.004284381866455,301800,0.0,0.0
2022-04-22 00:00:00-04:00,4.012309917108384,4.1246544876471845,3.988235889242509,4.020334720611572,267600,0.0,0.0
2022-04-25 00:00:00-04:00,4.004284850217931,4.004284850217931,3.7073740277161082,3.771570920944214,439400,0.0,0.0
2022-04-26 00:00:00-04:00,3.779596599081026,3.8437935071738556,3.723424113177922,3.787621021270752,161800,0.0,0.0
2022-04-27 00:00:00-04:00,3.827743090254831,3.9962601129350266,3.8237306890853895,3.9721860885620117,260300,0.0,0.0
2022-04-28 00:00:00-04:00,4.012309334969158,4.04440777903742,3.907989200425487,3.9721860885620117,163400,0.0,0.0
2022-04-29 00:00:00-04:00,3.9882349102506014,3.9962597117839422,3.8116934855966753,3.8357675075531006,244200,0.0,0.0
2022-05-02 00:00:00-04:00,3.80366942671227,3.8758911240389016,3.779595782699175,3.843792676925659,279600,0.0,0.0
2022-05-03 00:00:00-04:00,3.8999646338941245,4.052432428799681,3.8999646338941245,4.004284381866455,177400,0.0,0.0
2022-05-04 00:00:00-04:00,4.020335869845831,4.07650797985048,3.940089342449816,3.9962618350982666,195800,0.0,0.0
2022-05-05 00:00:00-04:00,3.964162098881251,4.116629916066339,3.924038848121715,4.10058069229126,175600,0.0,0.0
2022-05-06 00:00:00-04:00,4.124653692230699,4.1623693430775734,4.000272323067061,4.084530830383301,147100,0.0,0.0
2022-05-09 00:00:00-04:00,4.004284965238272,4.036383795418008,3.731448161181772,3.8678667545318604,386600,0.0,0.0
2022-05-10 00:00:00-04:00,3.924038958909249,4.004285080050234,3.7876203616477286,3.85984206199646,185600,0.0,0.0
2022-05-11 00:00:00-04:00,4.012310089648101,4.301196523243002,3.9962608645952566,4.22897481918335,430300,0.0,0.0
2022-05-12 00:00:00-04:00,4.204900411087999,4.243418853856231,3.9400880302747656,4.124654293060303,279900,0.0,0.0
2022-05-13 00:00:00-04:00,4.164776802062988,4.236998486754244,4.156752000366802,4.164776802062988,337100,0.0,0.0
2022-05-16 00:00:00-04:00,4.236998811757213,4.598106497625386,4.236998811757213,4.421565055847168,624700,0.0,0.0
2022-05-17 00:00:00-04:00,4.590082075043983,4.814771583993563,4.590082075043983,4.69440221786499,574900,0.0,0.0
2022-05-18 00:00:00-04:00,4.71045133054388,4.895017585568029,4.606131190172914,4.702426910400391,463800,0.0,0.0
2022-05-19 00:00:00-04:00,4.62218121559367,4.798722683866458,4.50181184135856,4.678353309631348,334200,0.0,0.0
2022-05-20 00:00:00-04:00,4.734525214727498,4.854894574430772,4.670328324924057,4.782672882080078,376100,0.0,0.0
2022-05-23 00:00:00-04:00,4.878968313470038,5.320322513580322,4.83884544786961,5.320322513580322,1534600,0.0,0.0
2022-05-24 00:00:00-04:00,5.3042737410747955,5.3604458342124,4.975264072418213,4.975264072418213,668600,0.0,0.0
2022-05-25 00:00:00-04:00,4.975263897333639,5.336372001545004,4.814771661668814,5.2801995277404785,735300,0.0,0.0
2022-05-26 00:00:00-04:00,5.272175312042236,5.344396629574535,5.1036582667273915,5.272175312042236,398900,0.0,0.0
2022-05-27 00:00:00-04:00,5.328346524445848,5.328346524445848,5.023411315254596,5.167854309082031,465000,0.0,0.0
2022-05-31 00:00:00-04:00,5.318059431191293,5.545396099480981,5.285582764292766,5.4479660987854,708100,0.075,0.0
2022-06-01 00:00:00-04:00,5.553516387939453,5.667184741081657,5.350536992323566,5.553516387939453,768000,0.0,0.0
2022-06-02 00:00:00-04:00,5.504801174544943,5.569754516779876,5.374894102922621,5.480443477630615,477300,0.0,0.0
2022-06-03 00:00:00-04:00,5.537276742724231,5.724017758030026,5.407369696977342,5.602230072021484,471600,0.0,0.0
2022-06-06 00:00:00-04:00,5.6671848326429615,5.699661505494012,5.326179380554455,5.3424177169799805,547700,0.0,0.0
2022-06-07 00:00:00-04:00,5.342417408414919,5.59411180204954,5.14755738256326,5.5210394859313965,625900,0.0,0.0
2022-06-08 00:00:00-04:00,5.521039617448873,5.521039617448873,4.985985618007813,5.115080833435059,696500,0.0,0.0
2022-06-09 00:00:00-04:00,5.123198908003277,5.188152240093272,4.725359555375864,4.774074554443359,624300,0.0,0.0
2022-06-10 00:00:00-04:00,4.741597417853654,4.977053416889996,4.6847630643388145,4.903980731964111,445900,0.0,0.0
2022-06-13 00:00:00-04:00,4.676645079166369,4.782194062036992,4.522380704629377,4.6279296875,640900,0.0,0.0
2022-06-14 00:00:00-04:00,4.757836122202684,4.855266118305906,4.664465418906137,4.684763431549072,372100,0.0,0.0
2022-06-15 00:00:00-04:00,4.684763929301771,4.684763929301771,4.514261224429151,4.55485725402832,331400,0.0,0.0
2022-06-16 00:00:00-04:00,4.453367254287667,4.5304992405238504,4.234149561589817,4.303162574768066,508100,0.0,0.0
2022-06-17 00:00:00-04:00,4.295043568703663,4.359996907132444,4.230090230274883,4.319401264190674,380500,0.0,0.0
2022-06-21 00:00:00-04:00,4.35999677509032,4.522380503396929,4.286924465147148,4.400592803955078,327400,0.0,0.0
2022-06-22 00:00:00-04:00,4.303162599720326,4.343758239550198,4.189493879030913,4.19761323928833,303900,0.0,0.0
2022-06-23 00:00:00-04:00,4.165137316890766,4.213852325683628,4.06770729930504,4.124541282653809,394000,0.0,0.0
2022-06-24 00:00:00-04:00,4.132660025208483,4.245516503410034,4.076637521840854,4.181375026702881,298500,0.0,0.0
2022-06-27 00:00:00-04:00,4.189493861087951,4.416830914340722,4.189493861087951,4.392473220825195,331500,0.0,0.0
2022-06-28 00:00:00-04:00,4.465545914219373,4.493962900693817,4.345382325282516,4.392473220825195,310900,0.0,0.0
2022-06-29 00:00:00-04:00,4.384354393172415,4.384354393172415,4.15052207627737,4.181375026702881,190700,0.0,0.0
2022-06-30 00:00:00-04:00,4.100183971833615,4.197613989419341,4.092064610125234,4.124541282653809,176000,0.0,0.0
2022-07-01 00:00:00-04:00,4.177315602826154,4.177315602826154,3.9459192347384553,4.083945274353027,268800,0.0,0.0
2022-07-05 00:00:00-04:00,4.002753257751465,4.002753257751465,3.8574201013449714,4.002753257751465,410200,0.0,0.0
2022-07-06 00:00:00-04:00,3.945919647102499,3.9783963201525214,3.8403702661136867,3.897204637527466,412800,0.0,0.0
2022-07-07 00:00:00-04:00,4.0108728494214025,4.17325620885042,3.986515151930816,4.0352301597595215,218200,0.0,0.0
2022-07-08 00:00:00-04:00,4.010872020781905,4.075825351134261,3.9621570230176375,4.018990993499756,145700,0.0,0.0
2022-07-11 00:00:00-04:00,3.986513968929534,4.0027523000536975,3.8647266790744825,3.905322313308716,202500,0.0,0.0
2022-07-12 00:00:00-04:00,3.7997737132172476,3.805457110868583,3.6130326750610244,3.6698670387268066,538600,0.0,0.0
2022-07-13 00:00:00-04:00,3.661748199623044,3.710463204345991,3.5318411332094097,3.5886754989624023,335800,0.0,0.0
2022-07-14 00:00:00-04:00,3.556199312210083,3.564318287190542,3.4344115902832315,3.556199312210083,239900,0.0,0.0
2022-07-15 00:00:00-04:00,3.564317887651881,3.702343931220254,3.5156028817722995,3.6779866218566895,156200,0.0,0.0
2022-07-18 00:00:00-04:00,3.6779862623177326,3.7835352378294003,3.669866901888612,3.6942245960235596,207400,0.0,0.0
2022-07-19 00:00:00-04:00,3.734819769977504,3.7672964333306016,3.7023431066244066,3.7510581016540527,271900,0.0,0.0
2022-07-20 00:00:00-04:00,3.7916548310264755,3.7916548310264755,3.702343796585457,3.7591781616210938,318500,0.0,0.0
2022-07-21 00:00:00-04:00,3.726701841624013,3.840370195200172,3.6576888158789407,3.8322508335113525,252700,0.0,0.0
2022-07-22 00:00:00-04:00,3.8484891787109725,3.9215618854708563,3.7429401865774987,3.799774169921875,118200,0.0,0.0
2022-07-25 00:00:00-04:00,3.7997742405264616,3.8931449661382,3.6130331764554664,3.8647279739379883,366000,0.0,0.0
2022-07-26 00:00:00-04:00,3.856607906769745,3.9783956023087454,3.8078929059846267,3.9215612411499023,168000,0.0,0.0
2022-07-27 00:00:00-04:00,3.970276299741405,4.205732333873871,3.937799632078473,4.181375026702881,317400,0.0,0.0
2022-07-28 00:00:00-04:00,4.197612761326007,4.225217886183632,4.092063412912417,4.132659435272217,113600,0.0,0.0
2022-07-29 00:00:00-04:00,4.181375653155053,4.213852325683628,4.079074095974794,4.124541282653809,106900,0.0,0.0
2022-08-01 00:00:00-04:00,4.124540545581194,4.318588687335089,4.079885225622614,4.19761323928833,389500,0.0,0.0
2022-08-02 00:00:00-04:00,4.213853202270168,4.238210518157291,4.059588782092352,4.075827121734619,183000,0.0,0.0
2022-08-03 00:00:00-04:00,4.230090717924613,4.230090717924613,3.944295531308259,3.9865152835845947,233900,0.0,0.0
2022-08-04 00:00:00-04:00,3.9865148536801356,3.9865148536801356,3.726701498031616,3.726701498031616,260000,0.0,0.0
2022-08-05 00:00:00-04:00,3.7429402469636206,3.945919647102499,3.7429402469636206,3.897204637527466,186600,0.0,0.0
2022-08-08 00:00:00-04:00,3.9378002142994117,4.100183963775635,3.9378002142994117,4.100183963775635,165900,0.0,0.0
2022-08-09 00:00:00-04:00,4.092064059482539,4.092064059482539,3.9377996921539307,3.9377996921539307,176300,0.0,0.0
2022-08-10 00:00:00-04:00,4.27880462339182,4.701001650072047,4.230089626523222,4.506141662597656,542300,0.0,0.0
2022-08-11 00:00:00-04:00,4.5954524367746235,4.619810129528019,4.392473083388431,4.449307441711426,223800,0.0,0.0
2022-08-12 00:00:00-04:00,4.481784447372837,4.619810480093677,4.416831111304776,4.595452785491943,234700,0.0,0.0
2022-08-15 00:00:00-04:00,4.489903467249621,4.559728336939499,4.262566421110034,4.449307441711426,310200,0.0,0.0
2022-08-16 00:00:00-04:00,4.465546749864742,4.465546749864742,4.343759033801572,4.384355068206787,124300,0.0,0.0
2022-08-17 00:00:00-04:00,4.270685702977626,4.29504300813319,4.197613013206162,4.254446983337402,135700,0.0,0.0
2022-08-18 00:00:00-04:00,4.254446983337402,4.29504300813319,4.193553333296107,4.254446983337402,243800,0.0,0.0
2022-08-19 00:00:00-04:00,4.157018080327768,4.21385245253999,4.092064733315223,4.108303070068359,216400,0.0,0.0
2022-08-22 00:00:00-04:00,4.12454115065716,4.12454115065716,3.970276767507075,4.116422176361084,330900,0.0,0.0
2022-08-23 00:00:00-04:00,4.148898733751909,4.303163112659587,4.1326603984538615,4.157017707824707,142300,0.0,0.0
2022-08-24 00:00:00-04:00,4.116421572476182,4.221970545755772,4.090440161665813,4.19761323928833,219000,0.0,0.0
2022-08-25 00:00:00-04:00,4.266626623808281,4.266626623808281,4.1286005846514096,4.238209247589111,111100,0.0,0.0
2022-08-26 00:00:00-04:00,4.230090263445467,4.254447571971041,4.118045637631484,4.2138519287109375,135900,0.0,0.0
2022-08-29 00:00:00-04:00,4.205732212393342,4.303162599720326,4.157017212306053,4.19761323928833,134300,0.0,0.0
2022-08-30 00:00:00-04:00,4.197613021806137,4.197613021806137,3.986514311879364,4.059587001800537,236000,0.0,0.0
2022-08-31 00:00:00-04:00,4.121409016619059,4.170865877652705,4.055466535240865,4.12965202331543,234500,0.075,0.0
2022-09-01 00:00:00-04:00,4.0966789909558505,4.206308741519673,3.956551462391373,3.997765302658081,197500,0.0,0.0
2022-09-02 00:00:00-04:00,3.981280545256188,4.051344521149777,3.9565523143808883,4.030737400054932,177900,0.0,0.0
2022-09-06 00:00:00-04:00,3.997765302658081,4.0801933762395555,3.956551462391373,3.997765302658081,241000,0.0,0.0
2022-09-07 00:00:00-04:00,3.956552391079661,4.067830218271946,3.9524308881711665,4.038980484008789,188600,0.0,0.0
2022-09-08 00:00:00-04:00,4.038980674009065,4.038980674009065,3.9483095709976315,3.9730381965637207,125900,0.0,0.0
2022-09-09 00:00:00-04:00,4.022494753755382,4.137894080652586,3.9936446272449757,4.121408462524414,144000,0.0,0.0
2022-09-12 00:00:00-04:00,4.162623335011751,4.245051438140576,4.137894707549004,4.146137714385986,94400,0.0,0.0
2022-09-13 00:00:00-04:00,4.080193519592285,4.220321446128049,4.040628121492706,4.080193519592285,105700,0.0,0.0
2022-09-14 00:00:00-04:00,4.071951788148599,4.179108507242862,4.055466169291647,4.063708782196045,140600,0.0,0.0
2022-09-15 00:00:00-04:00,4.04722298442357,4.146137086240742,4.030737366295398,4.121408462524414,138500,0.0,0.0
2022-09-16 00:00:00-04:00,4.146136846245006,4.146136846245006,3.8576379561293073,3.8741235733032227,662300,0.0,0.0
2022-09-19 00:00:00-04:00,3.9235811899574435,3.9977662777511878,3.78345323416637,3.9483094215393066,157400,0.0,0.0
2022-09-20 00:00:00-04:00,3.9730380461693247,3.9895236649066184,3.9235811899574435,3.9483094215393066,117800,0.0,0.0
2022-09-21 00:00:00-04:00,3.9977658986316484,3.9977658986316484,3.86752940504328,3.8741235733032227,93400,0.0,0.0
2022-09-22 00:00:00-04:00,3.8906091904771385,3.923580817873087,3.8329097268924923,3.8741235733032227,124600,0.0,0.0
2022-09-23 00:00:00-04:00,3.8081810685683855,3.8741235366399933,3.6433248983893654,3.750481605529785,305700,0.0,0.0
2022-09-26 00:00:00-04:00,3.7257532543445686,3.7752101089938335,3.633433713722979,3.659810781478882,112800,0.0,0.0
2022-09-27 00:00:00-04:00,3.668053610196946,3.750482099184157,3.651567991009137,3.7092678546905518,75800,0.0,0.0
2022-09-28 00:00:00-04:00,3.7587247671990167,3.816424631723888,3.6804181731742784,3.7669677734375,114900,0.0,0.0
2022-09-29 00:00:00-04:00,3.701023976618192,3.7422382114018,3.63673035206691,3.7175099849700928,150200,0.0,0.0
2022-09-30 00:00:00-04:00,3.7092671136550686,3.870002163410766,3.7092671136550686,3.808180809020996,169900,0.0,0.0
2022-10-03 00:00:00-04:00,3.882366910988642,3.926053819894267,3.809005652799111,3.8411526679992676,174800,0.0,0.0
2022-10-04 00:00:00-04:00,3.8741241103448667,3.956552600689024,3.8741241103448667,3.92358136177063,97500,0.0,0.0
2022-10-05 00:00:00-04:00,3.8988524073085316,3.964794879585085,3.865881171170255,3.956552267074585,95700,0.0,0.0
2022-10-06 00:00:00-04:00,3.9153383322749593,3.989523815925057,3.9070953260702064,3.9730381965637207,71700,0.0,0.0
2022-10-07 00:00:00-04:00,3.956553104467736,3.9977669618393077,3.845274864163227,3.8823676109313965,96200,0.0,0.0
2022-10-10 00:00:00-04:00,3.874124023099218,3.9483095055190267,3.7092678322198243,3.7587246894836426,124800,0.0,0.0
2022-10-11 00:00:00-04:00,3.725753160806489,3.7752100142140996,3.626839453991269,3.692781925201416,107900,0.0,0.0
2022-10-12 00:00:00-04:00,3.7916958389164512,3.820545966431242,3.6227181489578846,3.7834532260894775,107800,0.0,0.0
2022-10-13 00:00:00-04:00,3.7834528753707457,3.923580817873087,3.7422386359118978,3.8741235733032227,71600,0.0,0.0
2022-10-14 00:00:00-04:00,3.8906091904771385,3.956552052220918,3.8411523389553914,3.8741235733032227,114300,0.0,0.0
2022-10-17 00:00:00-04:00,3.8741239619803487,3.948309443229794,3.8246671054967707,3.898852586746216,89200,0.0,0.0
2022-10-18 00:00:00-04:00,3.8823667839577296,4.014251728331417,3.8823667839577296,3.964794874191284,119000,0.0,0.0
2022-10-19 00:00:00-04:00,3.956551772639778,4.0274399607832665,3.9400661566307824,4.014251232147217,92500,0.0,0.0
2022-10-20 00:00:00-04:00,4.014251781788683,4.055466023978375,3.988699328957293,4.030737400054932,88300,0.0,0.0
2022-10-21 00:00:00-04:00,4.0389811629489,4.1131662625313234,4.010131030787975,4.096680641174316,157700,0.0,0.0
2022-10-24 00:00:00-04:00,4.104922219163342,4.12140783478054,4.043101258860865,4.088436603546143,94600,0.0,0.0
2022-10-25 00:00:00-04:00,4.104923345327937,4.2368083064474895,4.104923345327937,4.228565692901611,75700,0.0,0.0
2022-10-26 00:00:00-04:00,4.327478999953057,4.3851788614497655,4.2285652885714,4.24505090713501,125200,0.0,0.0
2022-10-27 00:00:00-04:00,4.2945067605994485,4.327477990032039,3.997765302658081,3.997765302658081,117100,0.0,0.0
2022-10-28 00:00:00-04:00,3.9812804783597415,4.030737332327474,3.898852388413521,4.006009101867676,154900,0.0,0.0
2022-10-31 00:00:00-04:00,4.038980184133788,4.063708413652498,3.9153378573958726,3.9812803268432617,228900,0.0,0.0
2022-11-01 00:00:00-04:00,4.030737332327474,4.030737332327474,3.9647948603704974,4.006009101867676,97000,0.0,0.0
2022-11-02 00:00:00-04:00,4.014252237050785,4.063709097458501,3.898852896099446,3.9153385162353516,129900,0.0,0.0
2022-11-03 00:00:00-04:00,3.89060991528587,3.9235815488243326,3.7669679599714434,3.8658816814422607,144200,0.0,0.0
2022-11-04 00:00:00-04:00,3.923580686158675,4.0554656191226295,3.923580686158675,4.04722261428833,78400,0.0,0.0
2022-11-07 00:00:00-05:00,4.088438044715826,4.26153726623773,4.063709416049174,4.2038373947143555,85400,0.0,0.0
2022-11-08 00:00:00-05:00,4.203837059788455,4.319236400592949,4.203837059788455,4.2368083000183105,109700,0.0,0.0
2022-11-09 00:00:00-05:00,4.23680742072101,4.319235504188714,4.228564808898293,4.253293037414551,85000,0.0,0.0
2022-11-10 00:00:00-05:00,4.170865432695394,4.203836669867045,3.8576382865165564,4.038980484008789,406900,0.0,0.0
2022-11-11 00:00:00-05:00,4.03073719302901,4.203836372457997,4.022494580843313,4.179108142852783,124700,0.0,0.0
2022-11-14 00:00:00-05:00,4.228565398736016,4.286264868687788,4.162622922763614,4.170865535736084,273100,0.0,0.0
2022-11-15 00:00:00-05:00,4.154379520199447,4.306871579592007,4.13789390277993,4.179108142852783,142600,0.0,0.0
2022-11-16 00:00:00-05:00,4.137894233542261,4.159325577205559,3.9235811899574435,3.9483094215393066,153400,0.0,0.0
2022-11-17 00:00:00-05:00,3.9730384549133184,3.9895240753466434,3.841153098398522,3.931824207305908,99500,0.0,0.0
2022-11-18 00:00:00-05:00,3.9235808626008573,4.038980184133788,3.9235808626008573,3.9812803268432617,113300,0.0,0.0
2022-11-21 00:00:00-05:00,3.989523550913384,4.047223018321179,3.935945193286043,4.030737400054932,103700,0.0,0.0
2022-11-22 00:00:00-05:00,4.0554656191226295,4.096679464149813,3.9977657644268474,4.04722261428833,84400,0.0,0.0
2022-11-23 00:00:00-05:00,4.047223163339093,4.076073291124876,4.0142519256251905,4.063708782196045,166800,0.0,0.0
2022-11-25 00:00:00-05:00,4.0801944347499495,4.2368080117084865,4.0801944347499495,4.170865535736084,74100,0.0,0.0
2022-11-28 00:00:00-05:00,4.162623206025229,4.302750780478021,4.137894579328743,4.2368083000183105,140300,0.0,0.0
2022-11-29 00:00:00-05:00,4.269778733344087,4.409906674363646,4.222794941072057,4.261536121368408,126800,0.0,0.0
2022-11-30 00:00:00-05:00,4.269942129824715,4.345590840257239,4.22791538020712,4.31196928024292,117700,0.1,0.0
2022-12-01 00:00:00-05:00,4.29515850023576,4.446455520300199,4.22791538020712,4.31196928024292,122200,0.0,0.0
2022-12-02 00:00:00-05:00,4.303563344450243,4.320374123108229,4.217828493534687,4.261536598205566,82700,0.0,0.0
2022-12-05 00:00:00-05:00,4.227915060355044,4.328779732767345,4.169917613197594,4.269941806793213,114800,0.0,0.0
2022-12-06 00:00:00-05:00,4.236320841067576,4.2573344176222045,4.160672125791164,4.211104869842529,39400,0.0,0.0
2022-12-07 00:00:00-05:00,4.202698976422162,4.202698976422162,4.042996367222047,4.101834297180176,107400,0.0,0.0
2022-12-08 00:00:00-05:00,4.118644354605862,4.202698239230362,4.093427988818243,4.135455131530762,77900,0.0,0.0
2022-12-09 00:00:00-05:00,4.118644714355469,4.177482238331608,4.068212379175676,4.118644714355469,91000,0.0,0.0
2022-12-12 00:00:00-05:00,4.118645391487774,4.236320859587242,4.118645391487774,4.219510078430176,103000,0.0,0.0
2022-12-13 00:00:00-05:00,4.244725854976605,4.362401306564698,4.177482338982827,4.202698707580566,90200,0.0,0.0
2022-12-14 00:00:00-05:00,4.211104297380007,4.253131043975464,4.14386078138623,4.202698707580566,68200,0.0,0.0
2022-12-15 00:00:00-05:00,4.143859981739403,4.2026978965797,4.118644018808207,4.160670757293701,87000,0.0,0.0
2022-12-16 00:00:00-05:00,4.118645373482542,4.219510059984,4.118645373482542,4.211104869842529,141400,0.0,0.0
2022-12-19 00:00:00-05:00,4.20269860632179,4.311968866278294,4.068212379175676,4.118644714355469,144100,0.0,0.0
2022-12-20 00:00:00-05:00,4.110239097002658,4.269941691060505,4.101833908263071,4.253130912780762,125000,0.0,0.0
2022-12-21 00:00:00-05:00,4.2867512751207,4.404426690296437,4.278346088722662,4.353994369506836,84100,0.0,0.0
2022-12-22 00:00:00-05:00,4.2867523522297715,4.2867523522297715,4.152266129665875,4.2363200187683105,127900,0.0,0.0
2022-12-23 00:00:00-05:00,4.202699008041649,4.4128339584437315,4.202699008041649,4.387617588043213,71100,0.0,0.0
2022-12-27 00:00:00-05:00,4.387617091266518,4.412833458811978,4.296838969703993,4.379211902618408,84200,0.0,0.0
2022-12-28 00:00:00-05:00,4.396022728558865,4.406109275686824,4.227914945761431,4.253130912780762,66700,0.0,0.0
2022-12-29 00:00:00-05:00,4.269941416793446,4.3792116689934115,4.269941416793446,4.345590114593506,49500,0.0,0.0
2022-12-30 00:00:00-05:00,4.3371853640800095,4.379212515605066,4.23632068138062,4.328780174255371,114000,0.0,0.0
2023-01-03 00:00:00-05:00,4.396023340332775,4.656590640331008,4.396023340332775,4.547320365905762,212800,0.0,0.0
2023-01-04 00:00:00-05:00,4.589347033175203,4.589347033175203,4.446455212602257,4.4716715812683105,150900,0.0,0.0
2023-01-05 00:00:00-05:00,4.429644433758415,4.505293138955994,4.353995728560836,4.4716715812683105,101000,0.0,0.0
2023-01-06 00:00:00-05:00,4.513697734268458,4.62296798278086,4.513697734268458,4.597751617431641,136200,0.0,0.0
2023-01-09 00:00:00-05:00,4.58934705321844,4.62296861105296,4.438050042963099,4.480076789855957,212800,0.0,0.0
2023-01-10 00:00:00-05:00,4.48007699888388,4.681806756103735,4.48007699888388,4.580941677093506,264700,0.0,0.0
2023-01-11 00:00:00-05:00,4.622967716585764,4.732237958806276,4.605316462257952,4.690210819244385,227500,0.0,0.0
2023-01-12 00:00:00-05:00,4.707021687497925,4.908751400242394,4.690210911502596,4.765859603881836,253500,0.0,0.0
2023-01-13 00:00:00-05:00,4.757454511558399,4.7826708785810395,4.673400622817193,4.774265289306641,89200,0.0,0.0
2023-01-17 00:00:00-05:00,4.8331030535388,4.980197654618895,4.8331030535388,4.883535385131836,194000,0.0,0.0
2023-01-18 00:00:00-05:00,4.849913860860249,4.984400079276997,4.816292306256062,4.824697494506836,134700,0.0,0.0
2023-01-19 00:00:00-05:00,4.807887382138929,4.85411732671373,4.68180673533646,4.8415093421936035,136600,0.0,0.0
2023-01-20 00:00:00-05:00,4.8667245695169115,5.034832340166677,4.858319381384693,5.009616374969482,166600,0.0,0.0
2023-01-23 00:00:00-05:00,5.043238068317981,5.043238068317981,4.891941070556641,4.891941070556641,186200,0.0,0.0
2023-01-24 00:00:00-05:00,4.89194096466671,5.009616404822798,4.8415086331712445,4.950778484344482,135900,0.0,0.0
2023-01-25 00:00:00-05:00,4.900346851225472,4.992806339211028,4.866725292103561,4.90875244140625,178800,0.0,0.0
2023-01-26 00:00:00-05:00,4.942373804872599,4.975995362663522,4.725514636880974,4.816292762756348,234400,0.0,0.0
2023-01-27 00:00:00-05:00,4.816292727280332,4.90034662113851,4.774265579950952,4.875130653381348,181000,0.0,0.0
2023-01-30 00:00:00-05:00,4.975994110107422,5.127291082082134,4.967588522375252,4.975994110107422,291600,0.0,0.0
2023-01-31 00:00:00-05:00,4.992806264544156,5.127292499020575,4.992806264544156,5.102076530456543,220700,0.0,0.0
2023-02-01 00:00:00-05:00,5.144102582322203,5.244967244532316,5.034832331194312,5.076859474182129,301100,0.0,0.0
2023-02-02 00:00:00-05:00,5.102075241388302,5.152507566574946,5.051642916201659,5.0600481033325195,228100,0.0,0.0
2023-02-03 00:00:00-05:00,5.043237328270305,5.118886016450517,5.02642655320809,5.0600481033325195,170300,0.0,0.0
2023-02-06 00:00:00-05:00,5.110481371594421,5.110481371594421,4.975995146278958,5.0516438484191895,205400,0.0,0.0
2023-02-07 00:00:00-05:00,5.043237328270305,5.118886016450517,5.001210190214522,5.0600481033325195,245100,0.0,0.0
2023-02-08 00:00:00-05:00,5.060048688365555,5.295399967247912,5.043237911359711,5.144102573394775,310100,0.0,0.0
2023-02-09 00:00:00-05:00,5.1945354504308305,5.497129869143481,5.160913892885046,5.286994934082031,354400,0.0,0.0
2023-02-10 00:00:00-05:00,5.253372556742652,5.286994109041763,5.127291535220724,5.169318675994873,208100,0.0,0.0
2023-02-13 00:00:00-05:00,5.169320331464864,5.219752676064443,5.144103958764752,5.20294189453125,211000,0.0,0.0
2023-02-14 00:00:00-05:00,5.169319161258194,5.320616160807011,5.148305588898497,5.244967460632324,282400,0.0,0.0
2023-02-15 00:00:00-05:00,5.228157060005133,5.286994986696079,5.135697976234397,5.160913944244385,107800,0.0,0.0
2023-02-16 00:00:00-05:00,5.152509456436387,5.286995706261598,5.118887893980084,5.194536209106445,188200,0.0,0.0
2023-02-17 00:00:00-05:00,5.211345415968503,5.278588921367245,5.14410231137028,5.169318675994873,216100,0.0,0.0
2023-02-21 00:00:00-05:00,5.1272930915319375,5.169320245062784,5.060049966523095,5.118887901306152,249100,0.0,0.0
2023-02-22 00:00:00-05:00,5.118887238803236,5.295400619506836,5.118887238803236,5.295400619506836,268600,0.0,0.0
2023-02-23 00:00:00-05:00,5.354238864188601,5.623211766298158,5.353398385242108,5.614806175231934,284800,0.0,0.0
2023-02-24 00:00:00-05:00,5.547562407551588,5.547562407551588,5.404670582376373,5.455102920532227,176900,0.0,0.0
2023-02-27 00:00:00-05:00,5.51394148724109,5.833346733346068,5.488725515643701,5.614806175231934,412900,0.0,0.0
2023-02-28 00:00:00-05:00,5.614805395745717,5.759868823818649,5.55763343932553,5.666004180908203,302400,0.1,0.0
2023-03-01 00:00:00-05:00,5.666004531659983,5.71720331999191,5.555074027053374,5.5806732177734375,146700,0.0,0.0
2023-03-02 00:00:00-05:00,5.461208969277608,5.6745374414611724,5.367344327587143,5.657471179962158,268600,0.0,0.0
2023-03-03 00:00:00-05:00,5.6574714800506065,5.79826824660868,5.563606833381294,5.794001579284668,304200,0.0,0.0
2023-03-06 00:00:00-05:00,5.836667037217904,6.075594694440901,5.742802397005845,5.9817304611206055,519400,0.0,0.0
2023-03-07 00:00:00-05:00,5.9646641256376824,5.990263722356531,5.88786614926471,5.9731974601745605,205500,0.0,0.0
2023-03-08 00:00:00-05:00,5.96466450514282,5.96466450514282,5.862266925535895,5.930531978607178,229400,0.0,0.0
2023-03-09 00:00:00-05:00,5.930532388696886,5.9817315889325275,5.683071350755924,5.700137615203857,244500,0.0,0.0
2023-03-10 00:00:00-05:00,5.657471529595971,5.657471529595971,5.538007284828167,5.572140216827393,221900,0.0,0.0
2023-03-13 00:00:00-04:00,5.401475711367965,5.410009043763605,5.051617220980419,5.060150146484375,484700,0.0,0.0
2023-03-14 00:00:00-04:00,5.043085854611808,5.392091229196488,5.037112682362916,5.290546894073486,315600,0.0,0.0
2023-03-15 00:00:00-04:00,5.154015684946691,5.273479511488808,5.077217307295166,5.162549018859863,211900,0.0,0.0
2023-03-16 00:00:00-04:00,4.898021221160889,5.0277252887504,4.326301293083372,4.898021221160889,583000,0.0,0.0
2023-03-17 00:00:00-04:00,4.778557526799656,4.778557526799656,4.556696135146533,4.718825817108154,555700,0.0,0.0
2023-03-20 00:00:00-04:00,4.659094049222191,4.6846932390368075,4.377500519910705,4.454298496246338,388700,0.0,0.0
2023-03-21 00:00:00-04:00,4.326301515714601,4.718825932851236,4.317768181611221,4.693226337432861,265400,0.0,0.0
2023-03-22 00:00:00-04:00,4.693226480851917,4.799890719053097,4.624961433505846,4.7017598152160645,155300,0.0,0.0
2023-03-23 00:00:00-04:00,4.718826348364261,4.898021904504761,4.718826348364261,4.799890995025635,154800,0.0,0.0
2023-03-24 00:00:00-04:00,4.7700255385770225,4.927888584660334,4.710293410237998,4.906555652618408,136400,0.0,0.0
2023-03-27 00:00:00-04:00,4.949221516702259,4.949221516702259,4.799891399300617,4.906555652618408,166700,0.0,0.0
2023-03-28 00:00:00-04:00,4.915088411021834,4.957753863203721,4.855356289697046,4.863889217376709,133900,0.0,0.0
2023-03-29 00:00:00-04:00,4.9065547404878505,4.957753523735494,4.821223435075109,4.872422218322754,108100,0.0,0.0
2023-03-30 00:00:00-04:00,4.872423124108062,4.940688181128755,4.829757260024211,4.906555652618408,253600,0.0,0.0
2023-03-31 00:00:00-04:00,4.949220903597582,5.034552214302688,4.906555044799137,5.008952617645264,202500,0.0,0.0
2023-04-03 00:00:00-04:00,4.9833526704606665,4.9833526704606665,4.735891703581518,4.838289260864258,289800,0.0,0.0
2023-04-04 00:00:00-04:00,4.838290300857617,4.842556968384451,4.462832103224221,4.659094333648682,357300,0.0,0.0
2023-04-05 00:00:00-04:00,4.659093700524897,4.723092077163436,4.616427844838034,4.718825817108154,168600,0.0,0.0
2023-04-06 00:00:00-04:00,4.718826077052582,4.760638276139928,4.676160219015399,4.7017598152160645,103300,0.0,0.0
2023-04-10 00:00:00-04:00,4.718826424545904,4.9620207753480035,4.69322682646009,4.915088653564453,176700,0.0,0.0
2023-04-11 00:00:00-04:00,4.92362080479365,5.017485440442163,4.919354137970593,4.966286659240723,136400,0.0,0.0
2023-04-12 00:00:00-04:00,5.0174847784681615,5.1625481761794045,4.96628600402155,5.136948585510254,163400,0.0,0.0
2023-04-13 00:00:00-04:00,5.136949280618462,5.209480989288739,5.128416353835236,5.15401554107666,112700,0.0,0.0
2023-04-14 00:00:00-04:00,5.136950442963185,5.290546821841425,5.136950442963185,5.282013893127441,114300,0.0,0.0
2023-04-17 00:00:00-04:00,5.290546292642742,5.546540638725241,5.282013364782283,5.503874778747559,196300,0.0,0.0
2023-04-18 00:00:00-04:00,5.520940837265519,5.529474171702319,5.384410741410972,5.41001033782959,110500,0.0,0.0
2023-04-19 00:00:00-04:00,5.410011149437671,5.427077413979765,5.316146491010234,5.401477813720703,93300,0.0,0.0
2023-04-20 00:00:00-04:00,5.392944163363212,5.452675877822998,5.299079517494106,5.341745376586914,130600,0.0,0.0
2023-04-21 00:00:00-04:00,5.307612943063606,5.307612943063606,5.222281623765187,5.273480415344238,146200,0.0,0.0
2023-04-24 00:00:00-04:00,5.2820140054493985,5.503875446324737,5.256414404979398,5.478276252746582,135300,0.0,0.0
2023-04-25 00:00:00-04:00,5.401477597737781,5.401477597737781,5.196682431421574,5.273480415344238,201800,0.0,0.0
2023-04-26 00:00:00-04:00,5.239347209925916,5.299079329154494,5.166815496181133,5.179615497589111,116900,0.0,0.0
2023-04-27 00:00:00-04:00,5.17961616756189,5.307612943063606,5.17961616756189,5.273480415344238,144700,0.0,0.0
2023-04-28 00:00:00-04:00,5.290547035905596,5.37161209987357,5.2734807708952625,5.2990803718566895,90300,0.0,0.0
2023-05-01 00:00:00-04:00,5.333211502857777,5.418542805525152,5.183881418021061,5.264946460723877,144600,0.0,0.0
2023-05-02 00:00:00-04:00,5.264946437500818,5.282012697959016,5.128416353835236,5.15401554107666,107300,0.0,0.0
2023-05-03 00:00:00-04:00,5.205214128989024,5.3673438007619,5.154015349517336,5.247879981994629,191000,0.0,0.0
2023-05-04 00:00:00-04:00,5.2308139415066846,5.247880202046195,4.880954990109108,4.932154178619385,170500,0.0,0.0
2023-05-05 00:00:00-04:00,5.136949465328572,5.1881482485441275,5.068684421041163,5.128416538238525,146000,0.0,0.0
2023-05-08 00:00:00-04:00,5.179616047086856,5.226548169886415,5.12841725669866,5.1881489753723145,136800,0.0,0.0
2023-05-09 00:00:00-04:00,5.162549018859863,5.213747801663628,5.128416496990687,5.162549018859863,134300,0.0,0.0
2023-05-10 00:00:00-04:00,5.162548800342834,5.179615060555052,5.055884572293533,5.145482540130615,103900,0.0,0.0
2023-05-11 00:00:00-04:00,5.247880096057452,5.3758772509645585,5.1881479819296725,5.222280502319336,118200,0.0,0.0
2023-05-12 00:00:00-04:00,5.247880096057452,5.316145136836779,5.171081721734841,5.222280502319336,87200,0.0,0.0
2023-05-15 00:00:00-04:00,5.1966820051819305,5.256413720345626,5.14548321780228,5.239347457885742,126900,0.0,0.0
2023-05-16 00:00:00-04:00,5.179615421213826,5.2478804668160235,4.991886138916016,4.991886138916016,143200,0.0,0.0
2023-05-17 00:00:00-04:00,4.983353285142954,5.196681759241309,4.983353285142954,5.179615497589111,160000,0.0,0.0
2023-05-18 00:00:00-04:00,5.179615996421428,5.179615996421428,5.004686289024764,5.1113505363464355,139700,0.0,0.0
2023-05-19 00:00:00-04:00,5.136949640012731,5.196681759241309,5.102817116708336,5.179615497589111,120000,0.0,0.0
2023-05-22 00:00:00-04:00,5.196681761056002,5.239347211755509,5.136949641806566,5.183881759643555,126500,0.0,0.0
2023-05-23 00:00:00-04:00,5.188147802573595,5.282012433846106,5.16254861661219,5.17108154296875,89100,0.0,0.0
2023-05-24 00:00:00-04:00,5.11988330286602,5.11988330286602,4.970553210442387,4.991886138916016,233000,0.0,0.0
2023-05-25 00:00:00-04:00,5.034552140480774,5.077217591761829,4.957753758526385,5.000419616699219,161000,0.0,0.0
2023-05-26 00:00:00-04:00,5.0942837073193115,5.107083708538549,4.983353211661624,4.991886138916016,123600,0.0,0.0
2023-05-30 00:00:00-04:00,5.000419616699219,5.060151329871052,4.898021638462773,5.000419616699219,184300,0.0,0.0
2023-05-31 00:00:00-04:00,5.052507644671945,5.087232748982606,4.957013400839679,4.983057022094727,224500,0.1,0.0
2023-06-01 00:00:00-04:00,4.974376423137531,5.187067810631374,4.974376423137531,5.156683444976807,172100,0.0,0.0
2023-06-02 00:00:00-04:00,5.182727244676548,5.373715756877102,5.182727244676548,5.321628093719482,130700,0.0,0.0
2023-06-05 00:00:00-04:00,5.347671016215754,5.469209294915855,5.304264842927914,5.425802707672119,155100,0.0,0.0
2023-06-06 00:00:00-04:00,5.425801616023454,5.503933291760052,5.330307391673814,5.373713970184326,239800,0.0,0.0
2023-06-07 00:00:00-04:00,5.399758773592147,5.451846844841825,5.346803050770195,5.382396221160889,172400,0.0,0.0
2023-06-08 00:00:00-04:00,5.399759187728589,5.460528332876655,5.360693752229047,5.4431657791137695,159900,0.0,0.0
2023-06-09 00:00:00-04:00,5.460526806118308,5.525636261035601,5.395417351201016,5.4084391593933105,124600,0.0,0.0
2023-06-12 00:00:00-04:00,5.417120226869567,5.443164257209975,5.330307482327905,5.4084391593933105,168900,0.0,0.0
2023-06-13 00:00:00-04:00,5.460527121974184,5.608109003209569,5.447505313028663,5.529977321624756,239600,0.0,0.0
2023-06-14 00:00:00-04:00,5.547341266086589,5.635022517050139,5.495253603254314,5.512616157531738,144200,0.0,0.0
2023-06-15 00:00:00-04:00,5.5212968061795245,5.6167906332775,5.451846599578857,5.451846599578857,264800,0.0,0.0
2023-06-16 00:00:00-04:00,5.503934246340986,5.8425042099934785,5.412780746824251,5.833822727203369,632400,0.0,0.0
2023-06-20 00:00:00-04:00,5.842503984180647,6.037832785893937,5.694922094099891,6.016129493713379,466900,0.0,0.0
2023-06-21 00:00:00-04:00,5.9466792695767925,6.285249218986451,5.9466792695767925,6.172392845153809,535400,0.0,0.0
2023-06-22 00:00:00-04:00,6.076899035887746,6.215799452813579,5.972723723193371,6.155030727386475,380400,0.0,0.0
2023-06-23 00:00:00-04:00,6.128986554519801,6.150689847665775,5.703603830264617,5.73832893371582,4595000,0.0,0.0
2023-06-26 00:00:00-04:00,5.755691059727154,5.85118488017691,5.55602152267316,5.6775593757629395,400600,0.0,0.0
2023-06-27 00:00:00-04:00,5.720966660086981,5.79041687036537,5.603769119775271,5.725306987762451,273400,0.0,0.0
2023-06-28 00:00:00-04:00,5.773054224111122,5.773054224111122,5.642834874974379,5.729647636413574,176900,0.0,0.0
2023-06-29 00:00:00-04:00,5.712284262086474,5.911953791640674,5.712284262086474,5.859866142272949,254200,0.0,0.0
2023-06-30 00:00:00-04:00,5.894592243290744,5.946679901507704,5.747010338031403,5.877229690551758,635100,0.0,0.0
2023-07-03 00:00:00-04:00,5.894591541854116,6.120305114557694,5.885910473495596,6.059535980224609,160700,0.0,0.0
2023-07-05 00:00:00-04:00,5.998767261098992,6.18107426276085,5.977064381722586,6.12030553817749,203700,0.0,0.0
2023-07-06 00:00:00-04:00,6.085580186736062,6.085580186736062,5.8425040564285124,5.937998294830322,242500,0.0,0.0
2023-07-07 00:00:00-04:00,5.964041735522632,6.150689465440834,5.964041735522632,6.137667655944824,386100,0.0,0.0
2023-07-10 00:00:00-04:00,6.076900033951358,6.146350253820706,5.955362149180001,5.998768329620361,145200,0.0,0.0
2023-07-11 00:00:00-04:00,5.990085815718346,6.020470176100651,5.842503927079956,5.885910511016846,160900,0.0,0.0
2023-07-12 00:00:00-04:00,5.9379982512664276,6.007448455428817,5.894591666686999,5.92063570022583,121100,0.0,0.0
2023-07-13 00:00:00-04:00,5.937998294830322,5.990085948334253,5.903273192494368,5.937998294830322,90500,0.0,0.0
2023-07-14 00:00:00-04:00,5.937998633834801,5.937998633834801,5.699263231178643,5.712285041809082,127500,0.0,0.0
2023-07-17 00:00:00-04:00,5.755691280210084,5.799097450998406,5.6688785246775675,5.7643723487854,141600,0.0,0.0
2023-07-18 00:00:00-04:00,5.773053517784341,6.016129220074041,5.773053517784341,5.990085601806641,150600,0.0,0.0
2023-07-19 00:00:00-04:00,6.007449150085449,6.0942619153268165,5.937998937892356,6.007449150085449,182100,0.0,0.0
2023-07-20 00:00:00-04:00,6.007448758623512,6.042173862457275,5.946679619936481,6.042173862457275,125800,0.0,0.0
2023-07-21 00:00:00-04:00,6.042173805034356,6.042173805034356,5.842504252909868,5.851185321807861,124500,0.0,0.0
2023-07-24 00:00:00-04:00,5.859867179431647,5.955361427152263,5.838163884864791,5.89459228515625,142600,0.0,0.0
2023-07-25 00:00:00-04:00,5.894592099323082,6.024811448663,5.7574278118483715,5.903273582458496,149300,0.0,0.0
2023-07-26 00:00:00-04:00,5.946679634776849,5.990086221655323,5.894591978896217,5.9640421867370605,124600,0.0,0.0
2023-07-27 00:00:00-04:00,5.972723484039307,6.050854758453682,5.916295088433665,5.972723484039307,155800,0.0,0.0
2023-07-28 00:00:00-04:00,5.998767261098992,6.19670068363481,5.998767261098992,6.12030553817749,167700,0.0,0.0
2023-07-31 00:00:00-04:00,6.163711472724884,6.198436575132448,6.020470321804713,6.050854682922363,170100,0.0,0.0
2023-08-01 00:00:00-04:00,6.050854714155414,6.15503043587171,5.99008599160644,6.14634895324707,124700,0.0,0.0
2023-08-02 00:00:00-04:00,6.102942750489583,6.111623819113538,6.007448511890845,6.050854682922363,110700,0.0,0.0
2023-08-03 00:00:00-04:00,6.0421736142984095,6.168052214014798,6.033492131718582,6.050854682922363,154100,0.0,0.0
2023-08-04 00:00:00-04:00,6.059535980224609,6.1376676652305955,6.017865941400818,6.059535980224609,163500,0.0,0.0
2023-08-07 00:00:00-04:00,6.1029432737045255,6.107283601410669,6.029152321273268,6.068217754364014,116100,0.0,0.0
2023-08-08 00:00:00-04:00,6.024810922433842,6.0812393160176725,5.80777883047566,6.076898574829102,169500,0.0,0.0
2023-08-09 00:00:00-04:00,6.076898716705974,6.172392955304712,6.016129580514799,6.050854682922363,286700,0.0,0.0
2023-08-10 00:00:00-04:00,5.694922146850218,5.799097453534801,5.017782239444555,5.343330383300781,799700,0.0,0.0
2023-08-11 00:00:00-04:00,5.356352465223603,5.417121190231758,5.143661099783275,5.217452049255371,315700,0.0,0.0
2023-08-14 00:00:00-04:00,5.18272590637207,5.272143266045377,5.108066900395972,5.18272590637207,274300,0.0,0.0
2023-08-15 00:00:00-04:00,5.174044377831965,5.226132022902727,5.069869087690442,5.087231636047363,188000,0.0,0.0
2023-08-16 00:00:00-04:00,5.104595477276531,5.29558355757538,5.104595477276531,5.226133346557617,188200,0.0,0.0
2023-08-17 00:00:00-04:00,5.269539754221524,5.356352515008556,5.2365507809356835,5.347671031951904,160000,0.0,0.0
2023-08-18 00:00:00-04:00,5.286901619742584,5.3650328873256665,5.18272590637207,5.18272590637207,239600,0.0,0.0
2023-08-21 00:00:00-04:00,5.165364181584788,5.2174522535685135,5.078551418205094,5.13063907623291,118300,0.0,0.0
2023-08-22 00:00:00-04:00,5.130638588523349,5.221792084896114,5.035144764861116,5.208770275115967,213300,0.0,0.0
2023-08-23 00:00:00-04:00,5.191408217576651,5.213111511910552,5.078551418205094,5.13063907623291,195100,0.0,0.0
2023-08-24 00:00:00-04:00,5.095913584304171,5.095913584304171,4.948331690776323,4.9743757247924805,167700,0.0,0.0
2023-08-25 00:00:00-04:00,4.974377016690188,4.974377016690188,4.852839125613838,4.865860939025879,153500,0.0,0.0
2023-08-28 00:00:00-04:00,4.896244049072266,4.9917382887649815,4.878881497669579,4.896244049072266,239200,0.0,0.0
2023-08-29 00:00:00-04:00,4.922288296529017,5.043826161616332,4.922288296529017,4.983057022094727,148800,0.0,0.0
2023-08-30 00:00:00-04:00,4.991738319396973,5.009100870906205,4.904925561850811,4.991738319396973,113300,0.0,0.0
2023-08-31 00:00:00-04:00,5.009408472269049,5.049165749236669,4.956398910073073,4.982903480529785,129800,0.1,0.0
2023-09-01 00:00:00-04:00,5.00940824863716,5.123378654821705,5.000573111357643,5.080087661743164,234000,0.0,0.0
2023-09-05 00:00:00-04:00,5.044748720551754,5.044748720551754,4.912224590230895,4.956399440765381,205400,0.0,0.0
2023-09-06 00:00:00-04:00,4.9563985314735,4.99615580540422,4.868049267895523,4.8768839836120605,166500,0.0,0.0
2023-09-07 00:00:00-04:00,4.876883767592275,4.912223471458106,4.701952107071659,4.72668981552124,350900,0.0,0.0
2023-09-08 00:00:00-04:00,4.753195462443172,4.830059307933904,4.664846190541034,4.735525608062744,131100,0.0,0.0
2023-09-11 00:00:00-04:00,4.726690195097242,4.903389149898678,4.726690195097242,4.8592143058776855,165400,0.0,0.0
2023-09-12 00:00:00-04:00,4.823874303432149,4.876883860237912,4.797369314388011,4.868049144744873,105600,0.0,0.0
2023-09-13 00:00:00-04:00,4.894554313749625,4.903389451610475,4.828292464923495,4.850379467010498,109100,0.0,0.0
2023-09-14 00:00:00-04:00,4.885719198117924,4.991738316093379,4.869816204036848,4.965233325958252,95900,0.0,0.0
2023-09-15 00:00:00-04:00,4.965233555513115,4.991738546873632,4.912223994074627,4.9210591316223145,205200,0.0,0.0
2023-09-18 00:00:00-04:00,4.921058826042309,4.9298935417588465,4.788534720034083,4.8768839836120605,161400,0.0,0.0
2023-09-19 00:00:00-04:00,4.903389099973245,4.991738365833139,4.89455396274599,4.912223815917969,126300,0.0,0.0
2023-09-20 00:00:00-04:00,4.9210591316223145,5.0138259694603065,4.9210591316223145,4.9210591316223145,103900,0.0,0.0
2023-09-21 00:00:00-04:00,4.9033892248105415,4.987320924193658,4.869816376544278,4.947563648223877,83200,0.0,0.0
2023-09-22 00:00:00-04:00,4.974068941538611,5.040330791326172,4.904272952298919,4.991738796234131,128300,0.0,0.0
2023-09-25 00:00:00-04:00,4.991739391769977,5.035913823137694,4.947564539119643,5.027079105377197,107600,0.0,0.0
2023-09-26 00:00:00-04:00,5.035912173445861,5.177271402850125,5.035912173445861,5.097756862640381,163300,0.0,0.0
2023-09-27 00:00:00-04:00,5.133098063993563,5.133098063993563,4.947564363500082,5.044748783111572,146200,0.0,0.0
2023-09-28 00:00:00-04:00,5.0447478583259535,5.1861066818237305,4.991738299514287,5.1861066818237305,141000,0.0,0.0
2023-09-29 00:00:00-04:00,5.2126113726137095,5.239115939856648,5.1198445446984255,5.194941520690918,531000,0.0,0.0
2023-10-02 00:00:00-04:00,5.194941174667979,5.239115590891354,5.106591920938755,5.230280876159668,197200,0.0,0.0
2023-10-03 00:00:00-04:00,5.177272390214571,5.283291516524957,5.159602535829507,5.265621662139893,175400,0.0,0.0
2023-10-04 00:00:00-04:00,5.292125143128888,5.292125143128888,5.212611025413823,5.230280876159668,189800,0.0,0.0
2023-10-05 00:00:00-04:00,5.1861071067658235,5.283291516524957,5.1861071067658235,5.265621662139893,119300,0.0,0.0
2023-10-06 00:00:00-04:00,5.274456030112934,5.3451358642646625,5.239116323678336,5.327466011047363,92300,0.0,0.0
2023-10-09 00:00:00-04:00,5.309795886031557,5.482076840760852,5.292125612436235,5.424649715423584,91600,0.0,0.0
2023-10-10 00:00:00-04:00,5.45998995416257,5.539504507989845,5.393728106828208,5.39814567565918,93900,0.0,0.0
2023-10-11 00:00:00-04:00,5.3716405571630546,5.415815401864955,5.265621435417543,5.336300849914551,98400,0.0,0.0
2023-10-12 00:00:00-04:00,5.362805894716794,5.388427035279742,5.2435340655963225,5.309796333312988,169500,0.0,0.0
2023-10-13 00:00:00-04:00,5.345135811768311,5.380475517855826,5.324815249062599,5.353970527648926,57500,0.0,0.0
2023-10-16 00:00:00-04:00,5.406980086780199,5.41139765536177,5.336300674605169,5.353970527648926,69500,0.0,0.0
2023-10-17 00:00:00-04:00,5.309795886031557,5.5041642614724955,5.26562104460827,5.424649715423584,104000,0.0,0.0
2023-10-18 00:00:00-04:00,5.433485561785817,5.433485561785817,5.327466434063792,5.380475997924805,78300,0.0,0.0
2023-10-19 00:00:00-04:00,5.380474818140583,5.380474818140583,5.194941174667979,5.230280876159668,90200,0.0,0.0
2023-10-20 00:00:00-04:00,5.2391166699210165,5.309796508743833,5.230281953369764,5.265621662139893,93900,0.0,0.0
2023-10-23 00:00:00-04:00,5.239116293602284,5.247951430801479,5.150767028022972,5.159602165222168,61700,0.0,0.0
2023-10-24 00:00:00-04:00,5.194941770573444,5.292125750182209,5.190524202059631,5.239116191864014,124200,0.0,0.0
2023-10-25 00:00:00-04:00,5.23028130196309,5.283290858516194,5.1728541770432654,5.256785869598389,114600,0.0,0.0
2023-10-26 00:00:00-04:00,5.256786170972532,5.300961014607272,5.203776611380363,5.274456024169922,61900,0.0,0.0
2023-10-27 00:00:00-04:00,5.247951201055127,5.274455768927331,5.190524075622004,5.2037763595581055,64500,0.0,0.0
2023-10-30 00:00:00-04:00,5.212611671870826,5.283291083619715,5.133097123012064,5.1861066818237305,72200,0.0,0.0
2023-10-31 00:00:00-04:00,5.168437055181713,5.203776762603474,5.066835501664788,5.115427494049072,100400,0.0,0.0
2023-11-01 00:00:00-04:00,5.133096904307811,5.256785869598389,5.133096904307811,5.256785869598389,77100,0.0,0.0
2023-11-02 00:00:00-04:00,5.2656212624301375,5.371640380692684,5.256786125266995,5.353970527648926,82600,0.0,0.0
2023-11-03 00:00:00-04:00,5.362806143304467,5.415815707165479,5.327466434063792,5.380475997924805,81900,0.0,0.0
2023-11-06 00:00:00-05:00,5.389310286666645,5.389310286666645,5.283291167362849,5.327466011047363,53700,0.0,0.0
2023-11-07 00:00:00-05:00,5.3274661337436955,5.398145548240703,5.283291289041795,5.336300849914551,65300,0.0,0.0
2023-11-08 00:00:00-05:00,5.345135783019107,5.367222783243113,5.177271969365013,5.212611675262451,73200,0.0,0.0
2023-11-09 00:00:00-05:00,5.398146392828346,5.636689664719217,5.300961972048331,5.610184669494629,149100,0.0,0.0
2023-11-10 00:00:00-05:00,5.610184017352121,5.784232272127708,5.592514163017254,5.654358863830566,170200,0.0,0.0
2023-11-13 00:00:00-05:00,5.663192714852344,5.769212245941162,5.504164050142856,5.769212245941162,191300,0.0,0.0
2023-11-14 00:00:00-05:00,5.884067482218246,6.113776029843419,5.800135772144491,6.104940891265869,139900,0.0,0.0
2023-11-15 00:00:00-05:00,6.096105422435082,6.3169788042531465,6.034260723864309,6.255134105682373,266600,0.0,0.0
2023-11-16 00:00:00-05:00,6.246299567189851,6.272804137843876,6.131445304268932,6.263969421386719,145700,0.0,0.0
2023-11-17 00:00:00-05:00,6.184454739761508,6.272804008930163,6.149115032094046,6.175619602203369,259700,0.0,0.0
2023-11-20 00:00:00-05:00,6.237464904785156,6.272804615872006,6.122610633111602,6.237464904785156,272500,0.0,0.0
2023-11-21 00:00:00-05:00,6.237464303321215,6.263969294721832,6.140279896562348,6.20212459564209,139400,0.0,0.0
2023-11-22 00:00:00-05:00,6.193289704008836,6.255133980054993,6.166784713358672,6.219794273376465,104200,0.0,0.0
2023-11-24 00:00:00-05:00,6.263969340151636,6.5378522872924805,6.210959778248493,6.5378522872924805,333700,0.0,0.0
2023-11-27 00:00:00-05:00,6.511346914536136,6.573191610444123,6.290473542227997,6.405327796936035,208300,0.0,0.0
2023-11-28 00:00:00-05:00,6.396493011684001,6.396493011684001,6.272804034346713,6.369988441467285,154000,0.0,0.0
2023-11-29 00:00:00-05:00,6.431833063906351,6.431833063906351,6.246299389476572,6.255134105682373,140800,0.0,0.0
2023-11-30 00:00:00-05:00,6.29994122301816,6.362671514605706,6.201364501114508,6.273056507110596,169200,0.1,0.0
2023-12-01 00:00:00-05:00,6.2999422793210575,6.461249319858392,6.228249833986331,6.326826572418213,377000,0.0,0.0
2023-12-04 00:00:00-05:00,6.362671955522001,6.4522869692271945,6.273056941816808,6.416440963745117,235800,0.0,0.0
2023-12-05 00:00:00-05:00,6.39851751760375,6.39851751760375,6.201364501114508,6.273056507110596,140100,0.0,0.0
2023-12-06 00:00:00-05:00,6.335787544564702,6.358190977076324,6.246172105245875,6.299941539764404,156900,0.0,0.0
2023-12-07 00:00:00-05:00,6.326826512058762,6.353711232217565,6.102788744235216,6.264095783233643,142800,0.0,0.0
2023-12-08 00:00:00-05:00,6.273057499059287,6.317865223551248,6.192403765901008,6.264095783233643,153600,0.0,0.0
2023-12-11 00:00:00-05:00,6.264095783233643,6.308903507725604,6.210326770234167,6.264095783233643,175500,0.0,0.0
2023-12-12 00:00:00-05:00,6.290980175312923,7.016862453927709,6.290980175312923,6.936208724975586,845600,0.0,0.0
2023-12-13 00:00:00-05:00,7.025824193537957,7.079593203918939,6.703209703933961,6.864516735076904,358000,0.0,0.0
2023-12-14 00:00:00-05:00,6.900362491607666,6.969366244719171,6.69424774563403,6.900362491607666,284800,0.0,0.0
2023-12-15 00:00:00-05:00,6.9451700965256356,7.124400121637772,6.927247094014422,7.061669826507568,555600,0.0,0.0
2023-12-18 00:00:00-05:00,7.160246546212819,7.178169977092337,6.989978226038509,6.998939514160156,331400,0.0,0.0
2023-12-19 00:00:00-05:00,6.936207806617285,7.097515243164326,6.748016509509157,7.007900238037109,462300,0.0,0.0
2023-12-20 00:00:00-05:00,7.061670240284136,7.173689119372458,6.8555554856689005,6.998939514160156,331300,0.0,0.0
2023-12-21 00:00:00-05:00,7.0437469482421875,7.084073811433273,6.882439495477849,7.0437469482421875,337100,0.0,0.0
2023-12-22 00:00:00-05:00,7.115438981936973,7.357399734526601,7.052708258184812,7.249861717224121,397600,0.0,0.0
2023-12-26 00:00:00-05:00,7.258823432325043,7.312592013658187,7.088554263952306,7.249861717224121,267000,0.0,0.0
2023-12-27 00:00:00-05:00,7.249861067854857,7.29466878470985,7.142322632866487,7.2677836418151855,158400,0.0,0.0
2023-12-28 00:00:00-05:00,7.258823635529604,7.4380536693844626,7.258823635529604,7.357399940490723,190400,0.0,0.0
2023-12-29 00:00:00-05:00,7.357400203925595,7.420130504361827,7.267784756471339,7.384284496307373,684700,0.0,0.0
2024-01-02 00:00:00-05:00,7.366361937427751,7.375322798485869,7.052708725214936,7.106477737426758,299000,0.0,0.0
2024-01-03 00:00:00-05:00,7.079592752810058,7.285707493129323,6.819709005535952,7.214015483856201,360700,0.0,0.0
2024-01-04 00:00:00-05:00,7.24090024207336,7.500784006158806,7.214015950515892,7.348438262939453,391600,0.0,0.0
2024-01-05 00:00:00-05:00,7.321553782353306,7.393245794413083,7.178169758233754,7.303630352020264,260300,0.0,0.0
2024-01-08 00:00:00-05:00,7.214015816659621,7.214015816659621,6.918285623787982,7.025824069976807,377100,0.0,0.0
2024-01-09 00:00:00-05:00,6.945170746280512,6.945170746280512,6.622556243578407,6.756978988647461,422800,0.0,0.0
2024-01-10 00:00:00-05:00,6.783864042713059,7.420130936384029,6.756979321447848,7.330516338348389,1014600,0.0,0.0
2024-01-11 00:00:00-05:00,7.339477011648141,7.339477011648141,6.981016919427529,7.079593658447266,418200,0.0,0.0
2024-01-12 00:00:00-05:00,7.088554759941557,7.267784801319828,6.972055446704744,7.034785747528076,317000,0.0,0.0
2024-01-16 00:00:00-05:00,7.079593453219615,7.312592506408691,7.079593453219615,7.312592506408691,354000,0.0,0.0
2024-01-17 00:00:00-05:00,7.2050535616188505,7.438053012366987,7.178169272574417,7.375321865081787,275300,0.0,0.0
2024-01-18 00:00:00-05:00,7.518707466657784,7.792032950283647,7.464938028694208,7.76066780090332,564200,0.0,0.0
2024-01-19 00:00:00-05:00,7.868204596555587,7.893296712151222,7.491821153348874,7.662090301513672,492700,0.0,0.0
2024-01-22 00:00:00-05:00,7.796513640819993,8.098516436429337,7.762459806612647,8.065359115600586,488500,0.0,0.0
2024-01-23 00:00:00-05:00,8.110166414238133,8.146012418697154,7.913012962395434,7.984704971313477,616100,0.0,0.0
2024-01-24 00:00:00-05:00,8.06535833972511,8.222184922813655,7.96678204546414,8.18185806274414,363200,0.0,0.0
2024-01-25 00:00:00-05:00,8.262511782883172,8.312696015987946,8.07432005410414,8.18185806274414,393900,0.0,0.0
2024-01-26 00:00:00-05:00,8.235627800468777,8.298358955327146,8.065359476450327,8.289397239685059,226500,0.0,0.0
2024-01-29 00:00:00-05:00,8.343164722957319,8.361087295403541,8.083281012716759,8.298357009887695,348000,0.0,0.0
2024-01-30 00:00:00-05:00,8.271474084397349,8.535838722206357,8.271474084397349,8.53135871887207,219800,0.0,0.0
2024-01-31 00:00:00-05:00,8.495511098945864,8.513434529232779,8.31269672505477,8.352127075195312,336700,0.0,0.0
2024-02-01 00:00:00-05:00,8.405895725263093,8.504472018713255,8.083281701996654,8.334203720092773,247700,0.0,0.0
2024-02-02 00:00:00-05:00,8.370050296902063,8.370050296902063,8.137050836795627,8.244588851928711,236300,0.0,0.0
2024-02-05 00:00:00-05:00,7.913014435841024,8.002629890993536,7.348439119507371,7.5635151863098145,598800,0.0,0.0
2024-02-06 00:00:00-05:00,7.50974572449748,7.671053183177897,7.4604571444259715,7.635207176208496,424900,0.0,0.0
2024-02-07 00:00:00-05:00,7.635207024441461,7.66209131547507,7.482861284190665,7.581437587738037,271700,0.0,0.0
2024-02-08 00:00:00-05:00,7.554553049034867,7.6531293493504995,7.49182189916476,7.617283344268799,276000,0.0,0.0
2024-02-09 00:00:00-05:00,7.545591089046975,7.697936819355508,7.541110231727766,7.6531291007995605,233600,0.0,0.0
2024-02-12 00:00:00-05:00,7.644168050687234,7.769629502623325,7.593983811767286,7.697937488555908,220000,0.0,0.0
2024-02-13 00:00:00-05:00,7.581437995098827,7.590399710803623,7.303630790703895,7.312592506408691,286700,0.0,0.0
2024-02-14 00:00:00-05:00,7.393246582324047,7.5007846118742245,7.330516278745516,7.473900318145752,207000,0.0,0.0
2024-02-15 00:00:00-05:00,7.473899287310484,7.66657188416885,7.438053282404474,7.626245021820068,219700,0.0,0.0
2024-02-16 00:00:00-05:00,7.653130367396047,7.653130367396047,7.473900318145752,7.473900318145752,162800,0.0,0.0
2024-02-20 00:00:00-05:00,7.473899423185326,7.563514009761451,7.348437976415329,7.393245697021484,179300,0.0,0.0
2024-02-21 00:00:00-05:00,7.429091697707626,7.599360010335941,7.352918829117967,7.527667999267578,201200,0.0,0.0
2024-02-22 00:00:00-05:00,7.536629582236959,7.644167596954987,7.473899287310484,7.626245021820068,235500,0.0,0.0
2024-02-23 00:00:00-05:00,7.617283759071007,7.70689920397339,7.5366300295861075,7.697937488555908,141900,0.0,0.0
2024-02-26 00:00:00-05:00,7.680013427339733,7.693455999362581,7.527667696292067,7.644167423248291,131900,0.0,0.0
2024-02-27 00:00:00-05:00,7.671052042338452,7.733782331546597,7.510640266272897,7.518706321716309,132800,0.0,0.0
2024-02-28 00:00:00-05:00,7.491822494134498,7.539318903323712,7.393246185990341,7.455976486206055,231400,0.0,0.0
2024-02-29 00:00:00-05:00,7.564823597700679,7.655528395938428,7.483188673763385,7.601105690002441,189900,0.1,0.0
2024-03-01 00:00:00-05:00,7.5738936485010475,7.764374832027219,7.5738936485010475,7.700880527496338,210000,0.0,0.0
2024-03-04 00:00:00-05:00,7.782515441538905,7.782515441538905,7.510399341583252,7.510399341583252,166200,0.0,0.0
2024-03-05 00:00:00-05:00,7.455976693663853,7.555752222843127,7.419694604413823,7.437835216522217,138400,0.0,0.0
2024-03-06 00:00:00-05:00,7.51947026959522,7.51947026959522,7.347130558798835,7.446906089782715,131400,0.0,0.0
2024-03-07 00:00:00-05:00,7.46504633387466,7.51946989856527,7.3825048645465525,7.492258548736572,168000,0.0,0.0
2024-03-08 00:00:00-05:00,7.528540246171154,7.741697394662063,7.501328897754545,7.573893070220947,165100,0.0,0.0
2024-03-11 00:00:00-04:00,7.5466818639032365,7.5466818639032365,7.424230347170315,7.5013298988342285,137800,0.0,0.0
2024-03-12 00:00:00-04:00,7.52854029263801,7.601104465552285,7.419694033266597,7.582962989807129,154600,0.0,0.0
2024-03-13 00:00:00-04:00,7.537611692181411,7.592034394127894,7.419694684586364,7.51947021484375,237800,0.0,0.0
2024-03-14 00:00:00-04:00,6.485429479045479,6.539852610857127,5.750716550813325,6.349371433258057,1841800,0.0,0.0
2024-03-15 00:00:00-04:00,6.068185135125413,6.217848858182061,5.678152467843939,6.204243183135986,817400,0.0,0.0
2024-03-18 00:00:00-04:00,6.14981900914137,6.304017642759896,6.063648739234581,6.122607231140137,480400,0.0,0.0
2024-03-19 00:00:00-04:00,6.104467235908069,6.3403008114211135,6.031903058827132,6.322159767150879,391200,0.0,0.0
2024-03-20 00:00:00-04:00,6.240525310015421,6.326695162526438,6.10900263038285,6.285877704620361,356600,0.0,0.0
2024-03-21 00:00:00-04:00,6.240524811340482,6.4219352402971195,6.231454073634359,6.394723892211914,316100,0.0,0.0
2024-03-22 00:00:00-04:00,6.349371280487775,6.367512323988505,6.145284432975415,6.222383975982666,493600,0.0,0.0
2024-03-25 00:00:00-04:00,6.208777893530317,6.304018480415049,6.095396263073092,6.186101913452148,311200,0.0,0.0
2024-03-26 00:00:00-04:00,6.231454705105823,6.24959574983983,6.095396653342458,6.104467391967773,324100,0.0,0.0
2024-03-27 00:00:00-04:00,6.12260826782632,6.204243183135986,6.1044672235926845,6.204243183135986,261000,0.0,0.0
2024-03-28 00:00:00-04:00,6.2223842399228975,6.322159767150879,6.186102151382428,6.322159767150879,985600,0.0,0.0
2024-04-01 00:00:00-04:00,6.304018572907431,6.367512442601031,6.186102004214461,6.195172309875488,287200,0.0,0.0
2024-04-02 00:00:00-04:00,6.167961155162729,6.1770314611102,6.031903105817727,6.059114456176758,382200,0.0,0.0
2024-04-03 00:00:00-04:00,6.06818497851696,6.3040185474678045,6.06818497851696,6.231454372406006,215800,0.0,0.0
2024-04-04 00:00:00-04:00,6.276807398706019,6.340300837656258,6.25866635436072,6.285877704620361,281500,0.0,0.0
2024-04-05 00:00:00-04:00,6.267736660275062,6.385653664777812,6.267736660275062,6.285877704620361,176300,0.0,0.0
2024-04-08 00:00:00-04:00,6.304018710162677,6.317624817725362,6.195172444760863,6.204243183135986,137400,0.0,0.0
2024-04-09 00:00:00-04:00,6.204243960766264,6.204243960766264,6.0636505259463656,6.077256202697754,174600,0.0,0.0
2024-04-10 00:00:00-04:00,6.040972959863581,6.09086115265089,5.968408787645587,6.022831916809082,217000,0.0,0.0
2024-04-11 00:00:00-04:00,6.050043066492234,6.1851936717681655,6.050043066492234,6.122607231140137,144800,0.0,0.0
2024-04-12 00:00:00-04:00,6.095397249205161,6.177032174746822,6.022833063175535,6.077256202697754,133300,0.0,0.0
2024-04-15 00:00:00-04:00,6.077256233365137,6.1407501127197985,5.995621739928193,6.040974140167236,121300,0.0,0.0
2024-04-16 00:00:00-04:00,6.013761198586987,6.013761198586987,5.913985252380371,5.913985252380371,180000,0.0,0.0
2024-04-17 00:00:00-04:00,5.977480411529541,6.0863266859918435,5.959339365785824,5.977480411529541,282300,0.0,0.0
2024-04-18 00:00:00-04:00,5.986550270461476,6.186102191236274,5.943011850435741,6.131679058074951,296100,0.0,0.0
2024-04-19 00:00:00-04:00,6.122607417316957,6.285876792739451,6.122607417316957,6.21331262588501,201300,0.0,0.0
2024-04-22 00:00:00-04:00,6.231454983473145,6.313089904681228,6.167961540326096,6.240525722503662,143100,0.0,0.0
2024-04-23 00:00:00-04:00,6.267736459936905,6.349371373139728,6.213313328640557,6.231454372406006,134100,0.0,0.0
2024-04-24 00:00:00-04:00,6.222383975982666,6.248688337677916,6.163425476476145,6.222383975982666,144000,0.0,0.0
2024-04-25 00:00:00-04:00,6.1679610436947465,6.313089396364447,6.004691214424727,6.2768073081970215,193700,0.0,0.0
2024-04-26 00:00:00-04:00,6.294948301446409,6.394724259359399,6.294948301446409,6.349371433258057,158500,0.0,0.0
2024-04-29 00:00:00-04:00,6.3765836884614115,6.539853096008301,6.3675129495616,6.539853096008301,137700,0.0,0.0
2024-04-30 00:00:00-04:00,6.5307817459106445,6.54801580219409,6.440076527984557,6.5307817459106445,172300,0.0,0.0
2024-05-01 00:00:00-04:00,6.576134342829056,6.594275385784473,6.458217347360556,6.512640476226807,175900,0.0,0.0
2024-05-02 00:00:00-04:00,6.476359487704877,6.721263825359194,6.476359487704877,6.6759114265441895,158600,0.0,0.0
2024-05-03 00:00:00-04:00,6.739403884200142,6.802897752260547,6.576134493851861,6.712192535400391,285700,0.0,0.0
2024-05-06 00:00:00-04:00,6.739404735942656,6.802898612027572,6.630558461954209,6.666840553283691,158900,0.0,0.0
2024-05-07 00:00:00-04:00,6.675910177600255,6.816503149895977,6.675910177600255,6.766615390777588,112500,0.0,0.0
2024-05-08 00:00:00-04:00,6.73940409377721,6.997914510513361,6.73940409377721,6.957097053527832,150500,0.0,0.0
2024-05-09 00:00:00-04:00,6.966167914639779,7.0568735740690505,6.948026869257252,7.038732528686523,122000,0.0,0.0
2024-05-10 00:00:00-04:00,7.075014133914082,7.419694405044328,6.821039083471635,6.848250865936279,248100,0.0,0.0
2024-05-13 00:00:00-04:00,7.256423926966421,7.392481529583785,6.948025771665045,7.065942764282227,387600,0.0,0.0
2024-05-14 00:00:00-04:00,7.120366681544556,7.242819056501126,7.074106866615409,7.165719509124756,147000,0.0,0.0
2024-05-15 00:00:00-04:00,7.211072504005655,7.211072504005655,7.029662043628359,7.138508319854736,125700,0.0,0.0
2024-05-16 00:00:00-04:00,7.084084959235036,7.152114204127259,7.029661822831243,7.120367050170898,138800,0.0,0.0
2024-05-17 00:00:00-04:00,7.147577785684508,7.301776865790674,7.038731528850712,7.111295700073242,109500,0.0,0.0
2024-05-20 00:00:00-04:00,7.093155057693776,7.2836358016477405,7.093155057693776,7.220142364501953,122900,0.0,0.0
2024-05-21 00:00:00-04:00,7.192930196334901,7.328988234011751,7.183859891165286,7.301776885986328,123400,0.0,0.0
2024-05-22 00:00:00-04:00,7.283636028916956,7.292706767373159,7.19293080693801,7.238283634185791,99500,0.0,0.0
2024-05-23 00:00:00-04:00,7.238282884449667,7.292706011999927,7.0115196367319665,7.065942764282227,150400,0.0,0.0
2024-05-24 00:00:00-04:00,7.111295700073242,7.2364690251870805,7.016055117214527,7.111295700073242,82300,0.0,0.0
2024-05-28 00:00:00-04:00,7.14757790106906,7.156648206360011,7.011519861572118,7.0840840339660645,159300,0.0,0.0
2024-05-29 00:00:00-04:00,7.211072490485339,7.537612183585539,7.165720091734376,7.328989505767822,279800,0.0,0.0
2024-05-30 00:00:00-04:00,7.347357385853032,7.567777897219042,7.347357385853032,7.531041145324707,183100,0.1,0.0
2024-05-31 00:00:00-04:00,7.576962853637869,7.613699608196332,7.471344793766453,7.59533166885376,166600,0.0,0.0
2024-06-03 00:00:00-04:00,7.6320678699390685,7.641251401007712,7.420830889641702,7.531041145324707,295700,0.0,0.0
2024-06-04 00:00:00-04:00,7.503488378674565,7.549409534930018,7.301435816674495,7.3198041915893555,166300,0.0,0.0
2024-06-05 00:00:00-04:00,7.347357178727287,7.466751837986393,7.333581006639426,7.4300150871276855,134200,0.0,0.0
2024-06-06 00:00:00-04:00,7.420830520484414,7.512672833588083,7.154488863531627,7.182041645050049,195700,0.0,0.0
2024-06-07 00:00:00-04:00,7.126937124532835,7.24633135341001,7.126937124532835,7.1636738777160645,77100,0.0,0.0
2024-06-10 00:00:00-04:00,7.154489757964024,7.26470002194265,7.090200218341495,7.255516052246094,116100,0.0,0.0
2024-06-11 00:00:00-04:00,7.200410463744183,7.200410463744183,7.081015799702072,7.117752552032471,82600,0.0,0.0
2024-06-12 00:00:00-04:00,7.2555157076952845,7.301436429870693,7.200410578322811,7.237147331237793,155700,0.0,0.0
2024-06-13 00:00:00-04:00,7.237147350629973,7.237147350629973,7.090199900639653,7.099384307861328,136500,0.0,0.0
2024-06-14 00:00:00-04:00,7.0810159716005705,7.154489478045007,6.810082088134227,6.823858261108398,167800,0.0,0.0
2024-06-17 00:00:00-04:00,6.814674486298042,6.9432531262461215,6.814674486298042,6.9340691566467285,137900,0.0,0.0
2024-06-18 00:00:00-04:00,6.924884058617664,7.034175957366332,6.87896290138962,6.897331714630127,106300,0.0,0.0
2024-06-20 00:00:00-04:00,6.814674349404446,7.09938440825282,6.814674349404446,7.016726493835449,97300,0.0,0.0
2024-06-21 00:00:00-04:00,7.02591047285472,7.02591047285472,6.906515812183296,6.9432525634765625,183400,0.0,0.0
2024-06-24 00:00:00-04:00,6.970805644989014,7.053463119976874,6.970805644989014,6.970805644989014,76700,0.0,0.0
2024-06-25 00:00:00-04:00,6.989173277818701,7.154488648142522,6.9799888716101925,7.1453046798706055,97000,0.0,0.0
2024-06-26 00:00:00-04:00,7.117752785019275,7.154489538552184,7.007542524420545,7.016726493835449,237500,0.0,0.0
2024-06-27 00:00:00-04:00,7.06264746978295,7.1820421346068555,6.989173964641051,7.10856819152832,111300,0.0,0.0
2024-06-28 00:00:00-04:00,7.191225528717041,7.2187783099102445,6.979988999357817,7.191225528717041,712700,0.0,0.0
2024-07-01 00:00:00-04:00,7.209594647346912,7.287660357855653,7.08101601036525,7.154489517211914,167300,0.0,0.0
2024-07-02 00:00:00-04:00,7.1820421170312665,7.255515621993364,7.1269369883096925,7.246331214904785,100900,0.0,0.0
2024-07-03 00:00:00-04:00,7.283067834982522,7.319804586795712,7.227962707262738,7.264699459075928,46900,0.0,0.0
2024-07-05 00:00:00-04:00,7.218777914159815,7.347356530827047,6.869778373840751,6.906515121459961,189300,0.0,0.0
2024-07-08 00:00:00-04:00,6.906515645589651,6.966212974485391,6.805489363001738,6.833042144775391,163200,0.0,0.0
2024-07-09 00:00:00-04:00,6.8330421925819715,6.878962911943859,6.759568691253662,6.759568691253662,82500,0.0,0.0
2024-07-10 00:00:00-04:00,6.777936935424805,6.823857653898073,6.732015779014932,6.777936935424805,79900,0.0,0.0
2024-07-11 00:00:00-04:00,6.86059460842239,6.961620892774574,6.787121106325024,6.952436923980713,130200,0.0,0.0
2024-07-12 00:00:00-04:00,7.02591047285472,7.02591047285472,6.906515812183296,6.9432525634765625,92900,0.0,0.0
2024-07-15 00:00:00-04:00,6.998357690416461,7.108567944296259,6.9340685946215554,6.9432525634765625,140200,0.0,0.0
2024-07-16 00:00:00-04:00,7.016726053239001,7.117752338079152,6.952436957561593,7.081015586853027,130700,0.0,0.0
2024-07-17 00:00:00-04:00,7.025910509072618,7.11775238777922,6.961620975009687,7.007542133331299,154400,0.0,0.0
2024-07-18 00:00:00-04:00,6.970805226540858,6.982744692403539,6.73201590928724,6.759568691253662,92000,0.0,0.0
2024-07-19 00:00:00-04:00,6.759568481916715,6.759568481916715,6.502410797294931,6.585068702697754,131500,0.0,0.0
2024-07-22 00:00:00-04:00,6.64017339704136,6.860593879928035,6.5666999027458015,6.851409912109375,184100,0.0,0.0
2024-07-23 00:00:00-04:00,6.805490102902233,6.823858480102829,6.713648216899255,6.796306133270264,101500,0.0,0.0
2024-07-24 00:00:00-04:00,6.787120646062869,6.805489020341576,6.658542026111918,6.676910400390625,86200,0.0,0.0
2024-07-25 00:00:00-04:00,6.732016437534281,6.8146743519829265,6.612621769538825,6.686095714569092,128800,0.0,0.0
2024-07-26 00:00:00-04:00,6.759569568726932,6.759569568726932,6.585069761451722,6.704464435577393,100600,0.0,0.0
2024-07-29 00:00:00-04:00,6.722831468136044,6.722831468136044,6.4656737936223525,6.484042167663574,110300,0.0,0.0
2024-07-30 00:00:00-04:00,6.474859072247584,6.575884924121575,6.387608955340381,6.428937911987305,189900,0.0,0.0
2024-07-31 00:00:00-04:00,6.511595580079126,6.750384465805431,6.4473060457229625,6.667726993560791,147000,0.0,0.0
2024-08-01 00:00:00-04:00,6.686095077433563,6.722831827479631,6.346279482602521,6.438121795654297,159400,0.0,0.0
2024-08-02 00:00:00-04:00,6.245254192725429,6.3370960759844355,6.079938364922574,6.089122772216797,153200,0.0,0.0
2024-08-05 00:00:00-04:00,5.8778855968655,6.052385375474588,5.795227691751565,5.978911876678467,147100,0.0,0.0
2024-08-06 00:00:00-04:00,6.015649265609592,6.135043494877978,5.914622975056363,6.089122772216797,116100,0.0,0.0
2024-08-07 00:00:00-04:00,6.1625957184021125,6.1809640933835075,5.942174780688771,5.960543155670166,102100,0.0,0.0
2024-08-08 00:00:00-04:00,6.070754496509552,6.070754496509552,5.951359827319226,6.006464958190918,100300,0.0,0.0
2024-08-09 00:00:00-04:00,6.070754064168514,6.070754064168514,5.620728203860887,5.932991027832031,181900,0.0,0.0
2024-08-12 00:00:00-04:00,5.91462186933641,5.951358615772193,5.721753731580267,5.841148376464844,176600,0.0,0.0
2024-08-13 00:00:00-04:00,5.896254407603482,6.061569792120135,5.749307399144235,5.914622783660889,108200,0.0,0.0
2024-08-14 00:00:00-04:00,5.914623365834794,5.9238073357991565,5.758491935010578,5.831965446472168,120500,0.0,0.0
2024-08-15 00:00:00-04:00,5.969727779130211,6.02483290607748,5.905438245390087,5.932991027832031,115800,0.0,0.0
2024-08-16 00:00:00-04:00,5.932991450361995,6.04320171210538,5.914623073404765,6.006464958190918,293300,0.0,0.0
2024-08-19 00:00:00-04:00,6.006465665925356,6.190149457140898,6.006465665925356,6.107491970062256,127500,0.0,0.0
2024-08-20 00:00:00-04:00,6.125859706692491,6.125859706692491,6.006465035956368,6.061570167541504,121100,0.0,0.0
2024-08-21 00:00:00-04:00,6.061570803290019,6.180965486548473,6.061570803290019,6.107491970062256,74000,0.0,0.0
2024-08-22 00:00:00-04:00,6.107490237804291,6.125858611716052,5.923806060750104,5.942174434661865,79700,0.0,0.0
2024-08-23 00:00:00-04:00,5.988095756547228,6.1396349550584155,5.8824777130731345,6.125858783721924,296700,0.0,0.0
2024-08-26 00:00:00-04:00,6.135043226036003,6.225966752168581,6.116674850189117,6.19014835357666,143900,0.0,0.0
2024-08-27 00:00:00-04:00,6.171780143105177,6.245254086398109,6.153411766766102,6.236069679260254,75400,0.0,0.0
2024-08-28 00:00:00-04:00,6.25443696975708,6.318726494750756,6.135042325313064,6.25443696975708,163300,0.0,0.0
2024-08-29 00:00:00-04:00,6.26362289420594,6.272806864039795,6.217701731226664,6.2452545166015625,106700,0.0,0.0
2024-08-30 00:00:00-04:00,6.310502634283391,6.310502634283391,6.226611024003938,6.291860103607178,96500,0.1,0.0
2024-09-03 00:00:00-04:00,6.273217738874109,6.310502801212823,6.105434958349898,6.133398532867432,215500,0.0,0.0
2024-09-04 00:00:00-04:00,6.105434903623973,6.1333984778908555,6.012221804139699,6.058828353881836,73600,0.0,0.0
2024-09-05 00:00:00-04:00,6.040186370248694,6.040186370248694,5.891046108715381,5.919009685516357,129400,0.0,0.0
2024-09-06 00:00:00-04:00,5.8817234442307615,5.900365973195322,5.732583212514277,5.788510799407959,79500,0.0,0.0
2024-09-09 00:00:00-04:00,5.8444384910657945,5.8444384910657945,5.719533589211558,5.76986837387085,151800,0.0,0.0
2024-09-10 00:00:00-04:00,5.760546479380101,5.802492278452495,5.676655325708239,5.7978315353393555,103400,0.0,0.0
2024-09-11 00:00:00-04:00,5.7978328353170765,5.919009516591098,5.77919030315746,5.909688472747803,100000,0.0,0.0
2024-09-12 00:00:00-04:00,5.9376520487507145,5.956294580910331,5.8724034084285694,5.909688472747803,138600,0.0,0.0
2024-09-13 00:00:00-04:00,5.984258183598048,5.984258183598048,5.807153918209631,5.937651634216309,138800,0.0,0.0
2024-09-16 00:00:00-04:00,5.9842579656124295,6.026203769633458,5.900366357570374,6.021543025970459,104800,0.0,0.0
2024-09-17 00:00:00-04:00,6.049506599002491,6.096113146686518,5.956293948107418,6.021543025970459,158800,0.0,0.0
2024-09-18 00:00:00-04:00,6.0495069717721055,6.198647666867227,6.030864440444341,6.040185928344727,134700,0.0,0.0
2024-09-19 00:00:00-04:00,6.152041896293894,6.198648452758789,6.086793250610715,6.198648452758789,83700,0.0,0.0
2024-09-20 00:00:00-04:00,6.38320926478148,6.38320926478148,6.0122222900390625,6.0122222900390625,346500,0.0,0.0
2024-09-23 00:00:00-04:00,6.021543605005285,6.22661145669388,6.021543605005285,6.170683860778809,133500,0.0,0.0
2024-09-24 00:00:00-04:00,6.375752024109531,6.729960124192161,6.34778800449808,6.618104934692383,175500,0.0,0.0
2024-09-25 00:00:00-04:00,6.65538961703121,6.916385488735938,6.65538961703121,6.860457897186279,204600,0.0,0.0
2024-09-26 00:00:00-04:00,6.944348746062619,6.986294548933103,6.897742644129944,6.916385173797607,161100,0.0,0.0
2024-09-27 00:00:00-04:00,6.94434923833571,6.949942042079771,6.636747254777401,6.655389785766602,148900,0.0,0.0
2024-09-30 00:00:00-04:00,6.63674703818981,6.753262964188113,6.63674703818981,6.739281177520752,103600,0.0,0.0
2024-10-01 00:00:00-04:00,6.720638280109772,6.767244825752992,6.627425633296293,6.674031734466553,203900,0.0,0.0
2024-10-02 00:00:00-04:00,6.655389944910146,6.753263346062046,6.646068901429161,6.711317539215088,83000,0.0,0.0
2024-10-03 00:00:00-04:00,6.674032044207952,6.674032044207952,6.399054389991774,6.403715133666992,139800,0.0,0.0
2024-10-04 00:00:00-04:00,6.450322098540339,6.562177287140077,6.375751972807181,6.543534755706787,230100,0.0,0.0
2024-10-07 00:00:00-04:00,6.524891802384796,6.6087834106468115,6.394394090789535,6.403715133666992,100200,0.0,0.0
2024-10-08 00:00:00-04:00,6.403714485996007,6.403714485996007,6.329144372626442,6.394393444061279,103700,0.0,0.0
2024-10-09 00:00:00-04:00,6.366430720808373,6.366430720808373,6.207968975515956,6.245254039764404,138400,0.0,0.0
2024-10-10 00:00:00-04:00,6.217290135828883,6.226611179162761,6.152041054599723,6.180005073547363,100700,0.0,0.0
2024-10-11 00:00:00-04:00,6.170683535395931,6.273217678070068,6.144584080906404,6.273217678070068,80800,0.0,0.0
2024-10-14 00:00:00-04:00,6.263895985884523,6.2825385162646885,6.027135894503715,6.049506664276123,134000,0.0,0.0
2024-10-15 00:00:00-04:00,6.021543196811029,6.021543196811029,5.726990944941903,5.816474914550781,285800,0.0,0.0
2024-10-16 00:00:00-04:00,5.825796449067727,5.993579226790599,5.816474961402181,5.937651634216309,216500,0.0,0.0
2024-10-17 00:00:00-04:00,5.984258069929361,6.021543130937339,5.909687947913404,6.00290060043335,150600,0.0,0.0
2024-10-18 00:00:00-04:00,6.012221804139699,6.082131628752904,6.007561504743885,6.058828353881836,127700,0.0,0.0
2024-10-21 00:00:00-04:00,6.096112704038773,6.096112704038773,5.917144338420794,5.928329944610596,211500,0.0,0.0
2024-10-22 00:00:00-04:00,5.928329944610596,5.993578573262858,5.91434771463687,5.928329944610596,106100,0.0,0.0
2024-10-23 00:00:00-04:00,5.9190097594850135,5.946973781108491,5.760548007389085,5.779190540313721,158500,0.0,0.0
2024-10-24 00:00:00-04:00,5.8444390296936035,5.882656151607187,5.779189948898144,5.8444390296936035,125200,0.0,0.0
2024-10-25 00:00:00-04:00,5.8444390296936035,5.909688110489063,5.839778285821143,5.8444390296936035,104900,0.0,0.0
2024-10-28 00:00:00-04:00,5.844438077524889,5.877062390371005,5.769867965606378,5.7978315353393555,242900,0.0,0.0
2024-10-29 00:00:00-04:00,5.760547108940654,5.900366306304932,5.7512260661686225,5.900366306304932,154000,0.0,0.0
2024-10-30 00:00:00-04:00,5.82579581383468,5.974936044437505,5.82579581383468,5.928329944610596,190100,0.0,0.0
2024-10-31 00:00:00-04:00,5.919009094751283,6.016882492732221,5.919009094751283,5.98425817489624,121600,0.0,0.0
2024-11-01 00:00:00-04:00,5.984257967805431,5.988918711470138,5.751226118245861,5.760547161102295,151500,0.0,0.0
2024-11-04 00:00:00-05:00,5.7512269631632895,5.844439627786469,5.7437700388880435,5.779190540313721,152400,0.0,0.0
2024-11-05 00:00:00-05:00,5.7791892695348235,5.928329944610596,5.7791892695348235,5.928329944610596,92000,0.0,0.0
2024-11-06 00:00:00-05:00,6.105434645748427,6.198647296822674,6.0122215502011995,6.18932580947876,208400,0.0,0.0
2024-11-07 00:00:00-05:00,6.17068327926391,6.310502478111771,6.142719706178126,6.18932580947876,148800,0.0,0.0
2024-11-08 00:00:00-05:00,6.189326963676585,6.212630241909033,6.124078317993407,6.198648452758789,156000,0.0,0.0
2024-11-11 00:00:00-05:00,6.2452538278553025,6.315163654303786,6.1632267781865995,6.282538890838623,140000,0.0,0.0
2024-11-12 00:00:00-05:00,6.301181486197974,6.338466546929194,6.235932407681847,6.310502529144287,269800,0.0,0.0
2024-11-13 00:00:00-05:00,6.198647665222226,6.212629452596087,5.779190043749334,5.872403144836426,332200,0.0,0.0
2024-11-14 00:00:00-05:00,5.89104485148099,6.049506123305682,5.89104485148099,5.974936008453369,167900,0.0,0.0
2024-11-15 00:00:00-05:00,6.01222190752105,6.01222190752105,5.8351180821907915,5.872403144836426,127600,0.0,0.0
2024-11-18 00:00:00-05:00,5.891045795295288,5.891045795295288,5.639371395111084,5.639371395111084,224200,0.0,0.0
2024-11-19 00:00:00-05:00,5.602086331711425,5.658013926810913,5.378375506840457,5.639371395111084,236600,0.0,0.0
2024-11-20 00:00:00-05:00,5.620728296381549,5.630049339054632,5.518194160139818,5.564800262451172,119400,0.0,0.0
2024-11-21 00:00:00-05:00,5.546157732632036,5.620728296381549,5.5275152028129,5.564800262451172,191500,0.0,0.0
2024-11-22 00:00:00-05:00,5.56480030778348,5.602085812198459,5.462266615179453,5.471587657928467,238700,0.0,0.0
2024-11-25 00:00:00-05:00,5.471588081435855,5.494891356821554,5.322447830124203,5.397017955780029,291000,0.0,0.0
2024-11-26 00:00:00-05:00,5.39701780377708,5.39701780377708,5.275841130762708,5.294483661651611,235500,0.0,0.0
2024-11-27 00:00:00-05:00,5.303805414070338,5.448284924552742,5.247877818612018,5.331768989562988,273100,0.0,0.0
2024-11-29 00:00:00-05:00,5.407666138114109,5.445614637495964,5.170487790786617,5.217923641204834,168300,0.1,0.0
2024-12-02 00:00:00-05:00,5.2274107812051644,5.50728083975225,5.1515133331237175,5.4645891189575195,356800,0.0,0.0
2024-12-03 00:00:00-05:00,5.49305020936015,5.559460306101621,5.417153214445197,5.530998706817627,316500,0.0,0.0
2024-12-04 00:00:00-05:00,5.549972848584375,5.549972848584375,5.222666951226206,5.255871772766113,166600,0.0,0.0
2024-12-05 00:00:00-05:00,5.255871883637919,5.417153224316989,5.255871883637919,5.293820381164551,206300,0.0,0.0
2024-12-06 00:00:00-05:00,5.341255944497175,5.341255944497175,5.170487262350013,5.198948860168457,195900,0.0,0.0
2024-12-09 00:00:00-05:00,5.265358924865723,5.341255915459966,5.255871574850569,5.265358924865723,212700,0.0,0.0
2024-12-10 00:00:00-05:00,5.303307619864638,5.308050842669078,5.189461677304533,5.255871772766113,211200,0.0,0.0
2024-12-11 00:00:00-05:00,5.265359420158158,5.265359420158158,5.018693725142211,5.028181076049805,156300,0.0,0.0
2024-12-12 00:00:00-05:00,5.009206187335482,5.104077422394884,4.980744590626795,5.056641578674316,173800,0.0,0.0
2024-12-13 00:00:00-05:00,5.0566421107024615,5.0851037104057,4.961770865661303,5.075616359710693,138200,0.0,0.0
2024-12-16 00:00:00-05:00,5.0756157938800825,5.142025884196374,4.952282962884853,4.971257209777832,217500,0.0,0.0
2024-12-17 00:00:00-05:00,4.933309222914477,4.942796573526705,4.772028333942587,4.819463729858398,208800,0.0,0.0
2024-12-18 00:00:00-05:00,4.819463618266646,5.0139497774963475,4.781515121459961,4.781515121459961,299600,0.0,0.0
2024-12-19 00:00:00-05:00,4.781515209029906,4.857412204033274,4.677156614709388,4.734079360961914,238600,0.0,0.0
2024-12-20 00:00:00-05:00,4.68664379664558,4.781515036986227,4.591772556304932,4.591772556304932,358300,0.0,0.0
2024-12-23 00:00:00-05:00,4.572798364786323,4.757797172642935,4.572798364786323,4.696130752563477,242100,0.0,0.0
2024-12-24 00:00:00-05:00,4.743566791272491,4.791002640137928,4.696130942407054,4.753054141998291,83000,0.0,0.0
2024-12-26 00:00:00-05:00,4.743566712679829,4.743566712679829,4.60125962082308,4.648695468902588,186300,0.0,0.0
2024-12-27 00:00:00-05:00,4.667669437582088,4.734079078050467,4.620233592348891,4.63920783996582,188800,0.0,0.0
2024-12-30 00:00:00-05:00,4.819463879900651,5.085103824349995,4.7815153810338575,5.028181076049805,594400,0.0,0.0
2024-12-31 00:00:00-05:00,5.056641913218614,5.113564658020229,4.933309073290901,5.085103511810303,327100,0.0,0.0
2025-01-02 00:00:00-05:00,5.170487698717255,5.4835634916154055,5.170487698717255,5.350743293762207,365800,0.0,0.0
2025-01-03 00:00:00-05:00,5.398179516381138,5.398179516381138,5.208436557356428,5.312795162200928,248800,0.0,0.0
2025-01-06 00:00:00-05:00,5.312795101521674,5.39817945472668,5.113565245631203,5.123052597045898,304500,0.0,0.0
2025-01-07 00:00:00-05:00,5.113564463371057,5.265358896112365,5.113564463371057,5.179974555969238,310500,0.0,0.0
2025-01-08 00:00:00-05:00,5.142026201828763,5.170487347735463,5.075616107410197,5.15151309967041,210500,0.0,0.0
2025-01-10 00:00:00-05:00,5.142026201828763,5.217923194088976,5.09459035547525,5.15151309967041,212300,0.0,0.0
2025-01-13 00:00:00-05:00,5.151513235109059,5.28433342743817,5.137282661781572,5.274846076965332,184900,0.0,0.0
2025-01-14 00:00:00-05:00,5.293820238892428,5.331768735399188,5.179974749372147,5.322281837463379,177000,0.0,0.0
2025-01-15 00:00:00-05:00,5.3602303350703995,5.407665729522705,5.293820239979056,5.407665729522705,155100,0.0,0.0
2025-01-16 00:00:00-05:00,5.398179423373723,5.578435027769681,5.274846569989886,5.360230922698975,344700,0.0,0.0
2025-01-17 00:00:00-05:00,5.331769152942748,5.483563603238936,5.331769152942748,5.3886919021606445,236200,0.0,0.0
2025-01-21 00:00:00-05:00,5.341256173129888,5.388691568348769,5.203692757946127,5.274846076965332,180400,0.0,0.0
2025-01-22 00:00:00-05:00,5.29382062027206,5.29382062027206,5.11830869818855,5.13253927230835,137600,0.0,0.0
2025-01-23 00:00:00-05:00,5.085103893368341,5.303307991004906,5.047155393986486,5.217923641204834,188900,0.0,0.0
2025-01-24 00:00:00-05:00,5.255871488453307,5.255871488453307,5.092692870881704,5.1610002517700195,134300,0.0,0.0
2025-01-27 00:00:00-05:00,5.1799744991066765,5.331768477799938,5.123051757096704,5.1610002517700195,250200,0.0,0.0
2025-01-28 00:00:00-05:00,5.170487028344978,5.208435522130936,4.971257209777832,4.971257209777832,207200,0.0,0.0
2025-01-29 00:00:00-05:00,4.9807453339610195,5.0945908330227825,4.9807453339610195,5.066129684448242,222500,0.0,0.0
2025-01-30 00:00:00-05:00,5.066129263543098,5.161000504879122,5.056641913218614,5.085103511810303,159500,0.0,0.0
2025-01-31 00:00:00-05:00,5.113564574413431,5.113564574413431,4.933308992631282,4.9807448387146,209900,0.0,0.0
2025-02-03 00:00:00-05:00,4.952283414650214,4.952283414650214,4.791002527538126,4.80048942565918,192500,0.0,0.0
2025-02-04 00:00:00-05:00,4.8668997635257,5.003514541349066,4.857412412552119,4.961771011352539,146300,0.0,0.0
2025-02-05 00:00:00-05:00,4.9807448947434,5.066129237701164,4.97125754446731,4.999719142913818,179300,0.0,0.0
2025-02-06 00:00:00-05:00,4.990232577183011,5.113564972309194,4.990232577183011,5.028181076049805,179500,0.0,0.0
2025-02-07 00:00:00-05:00,5.075616657145642,5.075616657145642,4.881130480318785,4.933309555053711,158900,0.0,0.0
2025-02-10 00:00:00-05:00,4.952283679670813,5.061385954383037,4.952283679670813,5.047155380249023,153800,0.0,0.0
2025-02-11 00:00:00-05:00,5.0186937600486425,5.047155360587591,4.904848262656436,4.961771011352539,185600,0.0,0.0
2025-02-12 00:00:00-05:00,4.942796484357972,5.009206580300191,4.838437891414989,4.866899490356445,179200,0.0,0.0
2025-02-13 00:00:00-05:00,4.876385975312936,4.980744559415187,4.866899078057312,4.971257209777832,165200,0.0,0.0
2025-02-14 00:00:00-05:00,5.009207007916066,5.066129758276477,4.9001047304389225,4.933309555053711,162600,0.0,0.0
2025-02-18 00:00:00-05:00,4.942796727408624,5.056642224009004,4.942796727408624,5.028181076049805,170700,0.0,0.0
2025-02-19 00:00:00-05:00,5.037667612664963,5.051898185622226,4.8479251319622705,4.914334774017334,179100,0.0,0.0
2025-02-20 00:00:00-05:00,4.857412554573163,4.96177115642482,4.857412554573163,4.933309555053711,139500,0.0,0.0
2025-02-21 00:00:00-05:00,4.980745406544957,5.019642551433967,4.914335304933574,4.933309555053711,325200,0.0,0.0
2025-02-24 00:00:00-05:00,4.9997190866715755,5.066129180711869,4.942796342800648,4.9807448387146,222100,0.0,0.0
2025-02-25 00:00:00-05:00,5.009207025048583,5.066129775603682,4.99023277486355,5.018693923950195,167800,0.0,0.0
2025-02-26 00:00:00-05:00,5.056641578674316,5.132538566721838,5.0386159761557705,5.056641578674316,218700,0.0,0.0
2025-02-27 00:00:00-05:00,5.066129210961246,5.085103459031515,4.914334774017334,4.914334774017334,200300,0.0,0.0
2025-02-28 00:00:00-05:00,4.982052453448875,5.059443484282834,4.929813553764646,4.953030586242676,212800,0.1,0.0
2025-03-03 00:00:00-05:00,4.9820524259905845,5.03042158935176,4.827269903888811,4.856291770935059,249600,0.0,0.0
2025-03-04 00:00:00-05:00,4.8369435010003885,4.856291256552915,4.730530614818054,4.759552478790283,235900,0.0,0.0
2025-03-05 00:00:00-05:00,4.759552515017996,4.8756390492167565,4.730530650824865,4.749878406524658,231800,0.0,0.0
2025-03-06 00:00:00-05:00,4.730530441581066,4.817595569022458,4.730530441581066,4.798247814178467,168600,0.0,0.0
2025-03-07 00:00:00-05:00,4.7982481142955296,4.904661003236742,4.7982481142955296,4.836943626403809,148000,0.0,0.0
2025-03-10 00:00:00-04:00,4.817595782117376,4.856291293516962,4.711182895125071,4.749878406524658,241000,0.0,0.0
2025-03-11 00:00:00-04:00,4.7789010029252355,4.798248761589428,4.537053788979344,4.595097064971924,278800,0.0,0.0
2025-03-12 00:00:00-04:00,4.67248752207696,4.769226303440344,4.624118362038716,4.7208571434021,283400,0.0,0.0
2025-03-13 00:00:00-04:00,4.7305309698822855,4.807921997901208,4.672487698868094,4.682161808013916,217700,0.0,0.0
2025-03-14 00:00:00-04:00,4.933682421122383,5.417376785179222,4.92400877371043,5.252920627593994,488300,0.0,0.0
2025-03-17 00:00:00-04:00,5.252920977647217,5.3883557407350295,5.251953658970249,5.281942844390869,347600,0.0,0.0
2025-03-18 00:00:00-04:00,5.2819431253270075,5.5044425779062385,5.16585657475183,5.427051544189453,362200,0.0,0.0
2025-03-19 00:00:00-04:00,5.427051072534968,5.427051072534968,5.252920800518578,5.320638179779053,202700,0.0,0.0
2025-03-20 00:00:00-04:00,5.262594997939495,5.339986026230427,5.233573131686937,5.301290512084961,206700,0.0,0.0
2025-03-21 00:00:00-04:00,5.243247338476293,5.310964258848037,5.161019254064671,5.175529956817627,888700,0.0,0.0
2025-03-24 00:00:00-04:00,5.185204075333793,5.209388887489375,5.030421554310223,5.069117069244385,231100,0.0,0.0
2025-03-25 00:00:00-04:00,5.030421186945205,5.045899668560651,4.836943626403809,4.836943626403809,230800,0.0,0.0
2025-03-26 00:00:00-04:00,4.846618033404991,4.87563943862915,4.798248409648834,4.87563943862915,217600,0.0,0.0
2025-03-27 00:00:00-04:00,4.875639013499114,4.890149714845937,4.809856736859097,4.865965366363525,160300,0.0,0.0
2025-03-28 00:00:00-04:00,4.846618372684803,4.8611290763126815,4.672488084002458,4.701509952545166,172400,0.0,0.0
2025-03-31 00:00:00-04:00,4.653139821012521,4.696672388464271,4.517705525496893,4.604770660400391,298300,0.0,0.0
2025-04-01 00:00:00-04:00,4.604770520296054,4.701509299863851,4.585422303095607,4.633791923522949,186200,0.0,0.0
2025-04-02 00:00:00-04:00,4.648303270431359,4.725694766116264,4.5950970496045045,4.701509952545166,230200,0.0,0.0
2025-04-03 00:00:00-04:00,4.585422226854194,4.585422226854194,4.208140762169364,4.2274885177612305,410600,0.0,0.0
2025-04-04 00:00:00-04:00,4.225554045499593,4.225554045499593,3.801837812471769,3.980804443359375,385600,0.0,0.0
2025-04-07 00:00:00-04:00,3.840533593575655,4.121076541500183,3.822153154568428,4.024337291717529,369100,0.0,0.0
2025-04-08 00:00:00-04:00,4.1017281220637445,4.1597718536115265,3.8298922088683502,3.8598811626434326,510200,0.0,0.0
2025-04-09 00:00:00-04:00,3.8985765590612673,4.382270896045764,3.859880818362024,4.256510257720947,479000,0.0,0.0
2025-04-10 00:00:00-04:00,4.1307499164918875,4.145260618484753,4.0243370255414455,4.082380294799805,315400,0.0,0.0
2025-04-11 00:00:00-04:00,4.092054538900803,4.198467433368332,4.074641419161699,4.159771919250488,183800,0.0,0.0
2025-04-14 00:00:00-04:00,4.304879812387455,4.3532494350696584,4.111402244232456,4.169445514678955,262800,0.0,0.0
2025-04-15 00:00:00-04:00,4.1307500600445675,4.205239132427227,4.04852197708256,4.053359031677246,206200,0.0,0.0
2025-04-16 00:00:00-04:00,4.063032590394316,4.111402212705615,4.014663429369922,4.072706699371338,189700,0.0,0.0
2025-04-17 00:00:00-04:00,4.08238013441955,4.150097509870743,4.08238013441955,4.1210761070251465,208000,0.0,0.0
2025-04-21 00:00:00-04:00,4.072706704237967,4.121076326607064,3.937272407406162,3.9662938117980957,161600,0.0,0.0
2025-04-22 00:00:00-04:00,4.004989316844395,4.004989316844395,3.8985768859128704,3.917924642562866,329100,0.0,0.0
2025-04-23 00:00:00-04:00,4.004989147052476,4.154934600698171,4.000152554060204,4.1114020347595215,253000,0.0,0.0
2025-04-24 00:00:00-04:00,4.111402384698162,4.145260844960331,4.082380517839929,4.1404242515563965,189600,0.0,0.0
2025-04-25 00:00:00-04:00,4.140424025345063,4.140424025345063,4.0436847819608985,4.082380294799805,175100,0.0,0.0
2025-04-28 00:00:00-04:00,4.063032760181622,4.092054627038557,3.9275984578520813,3.9324355125427246,160600,0.0,0.0
2025-04-29 00:00:00-04:00,3.9275986242273526,3.980804844217501,3.8985772174279787,3.946946382522583,211600,0.0,0.0
2025-04-30 00:00:00-04:00,3.9082506227710487,3.9372724890517024,3.811511837313729,3.8985769748687744,256700,0.0,0.0
2025-05-01 00:00:00-04:00,3.9179246145290483,3.9953156405752783,3.8889027491182615,3.9759678840637207,232300,0.0,0.0
2025-05-02 00:00:00-04:00,3.9953153766787772,4.063032289352975,3.9372721109779483,4.034010887145996,211000,0.0,0.0
2025-05-05 00:00:00-04:00,4.024336903016671,4.072706523236095,3.985641391355887,4.004989147186279,158000,0.0,0.0
2025-05-06 00:00:00-04:00,3.9856415356763364,3.9856415356763364,3.816348550708568,3.8695549964904785,280100,0.0,0.0
2025-05-07 00:00:00-04:00,3.869555020294424,3.9459787282549437,3.849239945004964,3.917924642562866,252100,0.0,0.0
2025-05-08 00:00:00-04:00,3.9469461967243036,3.990478766161059,3.8453703551341816,3.937272548675537,207200,0.0,0.0
2025-05-09 00:00:00-04:00,3.93727257978669,3.9546852386694438,3.8695551977625517,3.8792293071746826,183600,0.0,0.0
2025-05-12 00:00:00-04:00,4.09205493843993,4.387108377718582,4.072707179491936,4.2758588790893555,366100,0.0,0.0
2025-05-13 00:00:00-04:00,4.082380342431693,4.285532017849708,4.082380342431693,4.17911958694458,276100,0.0,0.0
2025-05-14 00:00:00-04:00,4.208140938776901,4.232325749603444,4.116239211180319,4.188793182373047,247100,0.0,0.0
2025-05-15 00:00:00-04:00,4.1597716549773285,4.198467166636821,4.0775435773791875,4.1114020347595215,341700,0.0,0.0
2025-05-16 00:00:00-04:00,4.111402411794382,4.275858582072066,4.092054654190355,4.237163066864014,352100,0.0,0.0
2025-05-19 00:00:00-04:00,4.1791200843493845,4.285532527919873,4.130750456335919,4.2758588790893555,289500,0.0,0.0
2025-05-20 00:00:00-04:00,4.314553639795297,4.788573881475633,4.227488509165489,4.759552478790283,1297300,0.0,0.0
2025-05-21 00:00:00-04:00,4.836943910107301,4.846618019345237,4.517705685846126,4.566074848175049,604000,0.0,0.0
2025-05-22 00:00:00-04:00,4.566075206411373,4.595097075115202,4.285532474517822,4.285532474517822,359300,0.0,0.0
2025-05-23 00:00:00-04:00,4.353249111450219,4.527378909844953,4.314553600695834,4.449987888336182,346400,0.0,0.0
2025-05-27 00:00:00-04:00,4.449988187208253,4.532216268405679,4.372597160501712,4.488683700561523,285200,0.0,0.0
2025-05-28 00:00:00-04:00,4.508031608471356,4.508031608471356,4.353249549865723,4.353249549865723,210000,0.0,0.0
2025-05-29 00:00:00-04:00,4.3822712898254395,4.420966803358329,4.3435753150056415,4.3822712898254395,184400,0.0,0.0
2025-05-30 00:00:00-04:00,4.391945064517131,4.401619173823443,4.314554035214314,4.353249549865723,187400,0.0,0.0
2025-06-02 00:00:00-04:00,4.392380007776308,4.490206221301536,4.265206769839434,4.284771919250488,236600,0.05,0.0
2025-06-03 00:00:00-04:00,4.294553498641425,4.421727180480957,4.177162623006414,4.421727180480957,287100,0.0,0.0
2025-06-04 00:00:00-04:00,4.4217276412319055,4.548901336323136,4.38259734527613,4.4315104484558105,240500,0.0,0.0
2025-06-05 00:00:00-04:00,4.441292326420125,4.4628138470122485,4.38259688860262,4.421727180480957,160300,0.0,0.0
2025-06-06 00:00:00-04:00,4.490206111129359,4.573358110703602,4.441293005566882,4.548901557922363,244900,0.0,0.0
2025-06-09 00:00:00-04:00,4.558684241834882,4.646727651877696,4.529336749467265,4.607597351074219,221800,0.0,0.0
2025-06-10 00:00:00-04:00,4.636944193605494,4.715205250714671,4.558683602966232,4.68585729598999,227700,0.0,0.0
2025-06-11 00:00:00-04:00,4.695640347758932,4.832596388514835,4.695640347758932,4.793466091156006,275300,0.0,0.0
2025-06-12 00:00:00-04:00,4.754335615989708,4.788574508280698,4.597813965938206,4.656509876251221,242400,0.0,0.0
2025-06-13 00:00:00-04:00,4.588031828681006,4.646727275127272,4.548901531050161,4.5586838722229,194700,0.0,0.0
2025-06-16 00:00:00-04:00,4.548901557922363,4.636944494876898,4.470640962198357,4.548901557922363,248100,0.0,0.0
2025-06-17 00:00:00-04:00,4.53911857956105,4.720096316985938,4.53911857956105,4.627161979675293,224500,0.0,0.0
2025-06-18 00:00:00-04:00,4.617379030283963,4.754335529908042,4.59781388269051,4.6956400871276855,214700,0.0,0.0
2025-06-20 00:00:00-04:00,4.793465629814294,4.822813116773931,4.705422235995596,4.783682823181152,386600,0.0,0.0
2025-06-23 00:00:00-04:00,4.77390102931485,4.852161625456086,4.746509913959407,4.754335880279541,228800,0.0,0.0
2025-06-24 00:00:00-04:00,4.764117554315535,4.901074044850969,4.6956397755177015,4.84237813949585,252700,0.0,0.0
2025-06-25 00:00:00-04:00,4.822813034057617,4.901074086370809,4.705422155292659,4.822813034057617,244600,0.0,0.0
2025-06-26 00:00:00-04:00,4.842379062181672,4.959770428790235,4.578249303634852,4.646727561950684,225900,0.0,0.0
2025-06-27 00:00:00-04:00,4.636944110735806,4.724987506866455,4.617378963425651,4.724987506866455,825400,0.0,0.0
2025-06-30 00:00:00-04:00,4.71520544024683,4.71520544024683,4.480423192421834,4.597814083099365,338100,0.0,0.0
2025-07-01 00:00:00-04:00,4.558683587503606,4.783683018063264,4.499988144723249,4.6956400871276855,226800,0.0,0.0
2025-07-02 00:00:00-04:00,4.7249874923301025,4.969552066189589,4.7249874923301025,4.9597697257995605,201200,0.0,0.0
2025-07-03 00:00:00-04:00,4.949987239188878,5.052704385514148,4.920639749650192,5.028247833251953,108300,0.0,0.0
2025-07-07 00:00:00-04:00,4.940204636197724,5.1260733040063515,4.920639488719452,4.930421829223633,304600,0.0,0.0
2025-07-08 00:00:00-04:00,4.9499872817616,5.086943322549882,4.93042213307756,5.008682727813721,333700,0.0,0.0
2025-07-09 00:00:00-04:00,5.038030754952835,5.038030754952835,4.891291904523152,4.979335308074951,175200,0.0,0.0
2025-07-10 00:00:00-04:00,4.979335136684459,5.160312874946104,4.969552329306567,5.057595729827881,158300,0.0,0.0
2025-07-11 00:00:00-04:00,5.057595146331121,5.145638536694834,5.028247194053257,5.106507778167725,166900,0.0,0.0
2025-07-14 00:00:00-04:00,5.096726174305434,5.096726174305434,4.964661069690963,4.989117622375488,163200,0.0,0.0
2025-07-15 00:00:00-04:00,4.998900634593228,5.003791572154316,4.8961834822909704,4.9010748863220215,153200,0.0,0.0
2025-07-16 00:00:00-04:00,4.940205010156362,5.008682798278921,4.861943947849237,4.979335308074951,144900,0.0,0.0
2025-07-17 00:00:00-04:00,4.969552261454326,5.145639060092737,4.949987113435605,5.08694314956665,204900,0.0,0.0
2025-07-18 00:00:00-04:00,5.126073845623166,5.126073845623166,4.896183455080916,4.910857200622559,188200,0.0,0.0
2025-07-21 00:00:00-04:00,4.930422439445448,5.008683039044588,4.842379031661432,4.871726989746094,145500,0.0,0.0
2025-07-22 00:00:00-04:00,4.901074798590455,4.9989005451105335,4.793466244183391,4.940205097198486,193400,0.0,0.0
2025-07-23 00:00:00-04:00,4.979335195197499,5.08694327879926,4.935313494419535,5.028247833251953,150800,0.0,0.0
2025-07-24 00:00:00-04:00,5.0184656227336255,5.02824796401093,4.940205026635392,4.969552516937256,137600,0.0,0.0
2025-07-25 00:00:00-04:00,4.989117709892695,5.003791455172834,4.90107477174191,4.949987411499023,143400,0.0,0.0
2025-07-28 00:00:00-04:00,4.959770246502502,4.969552587919533,4.901074798590455,4.940205097198486,126400,0.0,0.0
2025-07-29 00:00:00-04:00,4.949987606701116,4.9695527566695015,4.852161856859191,4.861944198608398,144800,0.0,0.0
2025-07-30 00:00:00-04:00,4.871726774491394,4.905965668685698,4.739661668650598,4.754335880279541,150900,0.0,0.0
2025-07-31 00:00:00-04:00,4.734770230528513,4.832595965359701,4.724987423810445,4.76411771774292,173100,0.0,0.0
2025-08-01 00:00:00-04:00,4.558683547511903,4.5831400984066475,4.36303207329376,4.490205764770508,491700,0.0,0.0
2025-08-04 00:00:00-04:00,4.509771064669222,4.685857397419089,4.509771064669222,4.63694429397583,348900,0.0,0.0
2025-08-05 00:00:00-04:00,4.646727448523196,4.930422350168068,4.641836044519328,4.910857200622559,329500,0.0,0.0
2025-08-06 00:00:00-04:00,4.910856895349607,4.930422043678891,4.832596302032471,4.832596302032471,173700,0.0,0.0
2025-08-07 00:00:00-04:00,4.861943538037537,4.861943538037537,4.7152051664463315,4.724987506866455,238200,0.0,0.0
2025-08-08 00:00:00-04:00,4.666291902223914,5.135855887763989,4.602705059065688,4.803247928619385,379100,0.0,0.0
2025-08-11 00:00:00-04:00,4.881509115774075,4.92063988031464,4.734770731244232,4.754335880279541,179800,0.0,0.0
2025-08-12 00:00:00-04:00,4.7543355272372185,5.062486951513418,4.7543355272372185,4.920639514923096,282100,0.0,0.0
2025-08-13 00:00:00-04:00,4.949987265546624,5.028247860026422,4.934335333238639,5.018465518951416,221100,0.0,0.0
2025-08-14 00:00:00-04:00,4.9597697257995605,5.008682360689514,4.915748027869668,4.9597697257995605,183300,0.0,0.0
2025-08-15 00:00:00-04:00,4.9597697257995605,4.9989000202994855,4.910856624439701,4.9597697257995605,269300,0.0,0.0
2025-08-18 00:00:00-04:00,4.9499872817616,5.074225952581759,4.915748388182014,5.008682727813721,179100,0.0,0.0
2025-08-19 00:00:00-04:00,5.038030400417863,5.038030400417863,4.857052668662618,4.920639514923096,194100,0.0,0.0
2025-08-20 00:00:00-04:00,4.949987527222643,5.005748413648714,4.871726928605678,4.9010748863220215,150000,0.0,0.0
2025-08-21 00:00:00-04:00,4.881508727292998,4.95487838018895,4.871726386788817,4.930421829223633,115800,0.0,0.0
2025-08-22 00:00:00-04:00,4.969552540334394,5.174986839294434,4.9499873912177215,5.174986839294434,219800,0.0,0.0
2025-08-25 00:00:00-04:00,5.184769269994069,5.184769269994069,5.106508212749436,5.126073360443115,134100,0.0,0.0
2025-08-26 00:00:00-04:00,5.126073546878283,5.282595200590322,5.096726057505355,5.263030052185059,230400,0.0,0.0
2025-08-27 00:00:00-04:00,5.233681985399956,5.355964276958225,5.146617240106587,5.3119425773620605,365400,0.0,0.0
2025-08-28 00:00:00-04:00,5.360855926989188,5.360855926989188,5.160313034250705,5.204334735870361,136400,0.0,0.0
2025-08-29 00:00:00-04:00,5.22389985780031,5.228790795145073,5.116291306226499,5.214117050170898,115500,0.0,0.0
2025-09-02 00:00:00-04:00,5.204241543191148,5.213129068966928,5.095613978359242,5.125239849090576,162500,0.05,0.0
2025-09-03 00:00:00-04:00,5.1252398270553785,5.1548652267721025,5.046238133294463,5.095613956451416,178600,0.0,0.0
2025-09-04 00:00:00-04:00,5.115364909724555,5.194367082555497,5.115364909724555,5.1844916343688965,260800,0.0,0.0
2025-09-05 00:00:00-04:00,5.214117403783592,5.288181380153016,5.194366978692594,5.283243656158447,129800,0.0,0.0
2025-09-08 00:00:00-04:00,5.2733683739353525,5.322744198362286,5.214117102090683,5.3029937744140625,125500,0.0,0.0
2025-09-09 00:00:00-04:00,5.3227441443597865,5.520248852725462,5.302993720611943,5.460997581481934,236500,0.0,0.0
2025-09-10 00:00:00-04:00,5.431372113504523,5.441247561554971,5.283243688958761,5.342494964599609,181100,0.0,0.0
2025-09-11 00:00:00-04:00,5.3424946041074834,5.53506159011198,5.312869203729714,5.520248889923096,153500,0.0,0.0
2025-09-12 00:00:00-04:00,5.530123807189739,5.570612105078908,5.421496241564455,5.431371688842773,174100,0.0,0.0
2025-09-15 00:00:00-04:00,5.441247477111299,5.619001301275251,5.436309753162703,5.47087287902832,203300,0.0,0.0
2025-09-16 00:00:00-04:00,5.500498580105405,5.510373556807021,5.37212058677358,5.451122283935547,152600,0.0,0.0
2025-09-17 00:00:00-04:00,5.441247342357404,5.6782524353731825,5.4313718947047835,5.510373592376709,216000,0.0,0.0
2025-09-18 00:00:00-04:00,5.520249074904607,5.614063473760894,5.436309652876066,5.569624900817871,208300,0.0,0.0
2025-09-19 00:00:00-04:00,5.569624437194605,5.594312583539795,5.3424943384158725,5.352369785308838,441800,0.0,0.0
2025-09-22 00:00:00-04:00,5.332619401574957,5.431371516793761,5.28324310852194,5.41162109375,146000,0.0,0.0
2025-09-23 00:00:00-04:00,5.362245007114026,5.559749716041713,5.362245007114026,5.4906229972839355,157800,0.0,0.0
2025-09-24 00:00:00-04:00,5.490623289924449,5.619001286936678,5.42149656748234,5.441247463226318,187900,0.0,0.0
2025-09-25 00:00:00-04:00,5.401746347661088,5.406684071784505,5.1894293901143405,5.243742942810059,154700,0.0,0.0
2025-09-26 00:00:00-04:00,5.253617934721228,5.302993759004686,5.2042416395505215,5.2733683586120605,177200,0.0,0.0
2025-09-29 00:00:00-04:00,5.2733683996073575,5.2733683996073575,5.031425116454723,5.0857391357421875,192600,0.0,0.0
2025-09-30 00:00:00-04:00,5.056113378737962,5.065988826427424,4.917860407296332,5.016612529754639,161900,0.0,0.0
2025-10-01 00:00:00-04:00,4.97711181640625,5.0610512405051225,4.97711181640625,4.97711181640625,137700,0.0,0.0
2025-10-02 00:00:00-04:00,5.00673753838684,5.026487962821044,4.937610817423497,4.986987113952637,135300,0.0,0.0
2025-10-03 00:00:00-04:00,5.026488304138184,5.095614558908193,5.001800154197197,5.026488304138184,111300,0.0,0.0
2025-10-06 00:00:00-04:00,5.036362631604234,5.095613901283434,4.996861785151435,5.006737232208252,154500,0.0,0.0
2025-10-07 00:00:00-04:00,5.006737344507201,5.08475158863439,4.922797926190469,4.937610626220703,150200,0.0,0.0
2025-10-08 00:00:00-04:00,4.967236771140657,4.967236771140657,4.809232902183429,4.858609199523926,178100,0.0,0.0
2025-10-09 00:00:00-04:00,4.828983272046269,4.927735394717379,4.759857021620125,4.7697319984436035,142100,0.0,0.0
2025-10-10 00:00:00-04:00,4.740106428929915,4.828983100737368,4.483350448206222,4.503100872039795,228700,0.0,0.0
2025-10-13 00:00:00-04:00,4.572227851850142,4.700605849538863,4.560377502696219,4.670979976654053,151000,0.0,0.0
2025-10-14 00:00:00-04:00,4.60185331833596,4.804295294742723,4.569265093149629,4.789482593536377,165600,0.0,0.0
2025-10-15 00:00:00-04:00,4.789482138850913,4.947485996638674,4.789482138850913,4.819108009338379,159600,0.0,0.0
2025-10-16 00:00:00-04:00,4.888234601218408,4.9869871958994025,4.819108350006436,4.858609199523926,171000,0.0,0.0
2025-10-17 00:00:00-04:00,4.848733522476027,4.89810981748225,4.740106426881934,4.74998140335083,144500,0.0,0.0
2025-10-20 00:00:00-04:00,4.759857041846467,4.8832973134317115,4.749981594093759,4.799357891082764,131100,0.0,0.0
2025-10-21 00:00:00-04:00,4.799357856063714,4.799357856063714,4.6462917132244765,4.740106582641602,186000,0.0,0.0
2025-10-22 00:00:00-04:00,4.740106733089305,4.789482560397921,4.702580784131407,4.730231285095215,102000,0.0,0.0
2025-10-23 00:00:00-04:00,4.759857177734375,4.828983430427729,4.720356327370379,4.759857177734375,90600,0.0,0.0
2025-10-24 00:00:00-04:00,4.799357870688568,4.8684841211147125,4.730231149375159,4.7697319984436035,108700,0.0,0.0
2025-10-27 00:00:00-04:00,4.789482235265738,4.789482235265738,4.720355987548828,4.720355987548828,106200,0.0,0.0
2025-10-28 00:00:00-04:00,4.700605733693527,4.799357856063714,4.690730286012877,4.740106582641602,117300,0.0,0.0
2025-10-29 00:00:00-04:00,4.749981292125781,4.962298696438789,4.749981292125781,4.819108009338379,219600,0.0,0.0
2025-10-30 00:00:00-04:00,4.819108009338379,4.893171979226191,4.789482138850913,4.819108009338379,119300,0.0,0.0
2025-10-31 00:00:00-04:00,4.819108363914457,4.90304778710319,4.749981641615714,4.888234615325928,113400,0.0,0.0
2025-11-03 00:00:00-05:00,4.888234407699394,4.932672979369121,4.799357735247193,4.809232711791992,140700,0.0,0.0
2025-11-04 00:00:00-05:00,4.730231251536399,4.754919400459195,4.646291827731257,4.670979976654053,122200,0.0,0.0
2025-11-05 00:00:00-05:00,4.700605834109602,4.917860507965088,4.690730386217989,4.917860507965088,125900,0.0,0.0
2025-11-06 00:00:00-05:00,4.917860315989198,4.917860315989198,4.779607347114433,4.868484020233154,127900,0.0,0.0
2025-11-07 00:00:00-05:00,5.154865613540954,5.757254279995929,5.125240211601441,5.747379302978516,733700,0.0,0.0
2025-11-10 00:00:00-05:00,6.01401011418114,6.458394898498444,6.004134666540317,6.280641078948975,1113700,0.0,0.0
2025-11-11 00:00:00-05:00,6.211513996124268,6.4485195459317115,6.142387279328923,6.211513996124268,482500,0.0,0.0
2025-11-12 00:00:00-05:00,6.211513941790277,6.4781448886868285,6.142387225599604,6.3695173263549805,295100,0.0,0.0
2025-11-13 00:00:00-05:00,6.369517632118055,6.43370662790061,6.13251254389378,6.349767208099365,289800,0.0,0.0
2025-11-14 00:00:00-05:00,6.251015275797461,6.409018672693679,6.181889025098999,6.399143695831299,254900,0.0,0.0
2025-11-17 00:00:00-05:00,6.41889390846634,6.912654978348367,6.399143484506549,6.567022323608398,652500,0.0,0.0
2025-11-18 00:00:00-05:00,6.537396378093683,6.56702224914105,6.310266269688023,6.448519706726074,404300,0.0,0.0
2025-11-19 00:00:00-05:00,6.379393325182951,6.517646298636632,6.344830199541348,6.488020896911621,281700,0.0,0.0
2025-11-20 00:00:00-05:00,6.517646416606986,6.64108669143245,6.369517992638976,6.418894290924072,285600,0.0,0.0
2025-11-21 00:00:00-05:00,6.418893998681966,6.804027506754451,6.379393150207211,6.715150833129883,388600,0.0,0.0
2025-11-24 00:00:00-05:00,6.665774660370874,6.963018950894862,6.660836936498397,6.922530651092529,425000,0.0,0.0
2025-11-25 00:00:00-05:00,6.836615772486643,7.134847509932831,6.836615772486643,7.050908088684082,455400,0.0,0.0
2025-11-26 00:00:00-05:00,7.031157956954733,7.100284680532825,6.902779957832825,7.001532554626465,361700,0.0,0.0
2025-11-28 00:00:00-05:00,7.00153219179761,7.00153219179761,6.9027796001214625,6.932405471801758,128900,0.0,0.0
2025-12-01 00:00:00-05:00,6.882675459258501,7.151219132991872,6.872729168918452,7.021920204162598,340000,0.05,0.0
2025-12-02 00:00:00-05:00,7.0517585842745225,7.161164932165486,6.86278333664664,6.932405471801758,237000,0.0,0.0
2025-12-03 00:00:00-05:00,6.962243776225197,7.191003233557491,6.962243776225197,7.002027988433838,401000,0.0,0.0
2025-12-04 00:00:00-05:00,7.002027860945167,7.156192036145636,6.962243649460892,7.151218891143799,343500,0.0,0.0
2025-12-05 00:00:00-05:00,7.141272912578891,7.176084454844709,7.061704486140277,7.121380805969238,204700,0.0,0.0
2025-12-08 00:00:00-05:00,7.121380548806951,7.210895262450516,7.021920019350333,7.1611647605896,317500,0.0,0.0
2025-12-09 00:00:00-05:00,7.121380752621142,7.200949178463689,7.0796074713333725,7.1114349365234375,225500,0.0,0.0
2025-12-10 00:00:00-05:00,7.121380622292054,7.3352211185293035,7.101488516195465,7.260625839233398,388600,0.0,0.0
2025-12-11 00:00:00-05:00,7.270571829323058,7.270571829323058,7.002028153453254,7.031866550445557,259500,0.0,0.0
2025-12-12 00:00:00-05:00,7.0915428300628,7.2506796817478945,7.041812326778595,7.1114349365234375,297300,0.0,0.0
2025-12-15 00:00:00-05:00,7.151219033379235,7.360086384958583,7.1412727431777325,7.35014009475708,322600,0.0,0.0
2025-12-16 00:00:00-05:00,7.350140244033296,7.375005495776828,7.210895498240841,7.290463924407959,271800,0.0,0.0
2025-12-17 00:00:00-05:00,7.35014034172043,7.356108021188801,7.011974526015785,7.220841884613037,217300,0.0,0.0
2025-12-18 00:00:00-05:00,7.250679382862329,7.290463594143628,7.181056775987451,7.23078727722168,201600,0.0,0.0
2025-12-19 00:00:00-05:00,7.181056869211631,7.181056869211631,6.8578100297883955,6.902567386627197,410700,0.0,0.0
2025-12-22 00:00:00-05:00,6.95229755582788,7.1711111994370835,6.947324884950799,7.1014885902404785,286800,0.0,0.0
2025-12-23 00:00:00-05:00,7.091542537092323,7.111434642731164,6.962243613307253,6.972189903259277,197800,0.0,0.0
2025-12-24 00:00:00-05:00,6.912513312116101,7.041812239642902,6.872729099687119,6.922459602355957,197800,0.0,0.0
2025-12-26 00:00:00-05:00,6.872729301452637,6.9224598055814335,6.813052981057222,6.872729301452637,245800,0.0,0.0
2025-12-29 00:00:00-05:00,6.872729116607325,7.0517585472437245,6.872729116607325,7.011974334716797,281900,0.0,0.0
2025-12-30 00:00:00-05:00,7.002028121473544,7.002028121473544,6.822999163133081,6.852837085723877,180900,0.0,0.0
2025-12-31 00:00:00-05:00,6.8528370323090755,6.8528370323090755,6.7732686070001815,6.842891216278076,114900,0.0,0.0
2026-01-02 00:00:00-05:00,6.84289106908626,7.002027916280987,6.544509006330933,6.643969535827637,253800,0.0,0.0
2026-01-05 00:00:00-05:00,6.6439698506203655,6.808079850631798,6.604185636936699,6.614131927490234,353000,0.0,0.0
2026-01-06 00:00:00-05:00,6.56440102310757,6.852836791864624,6.544508917478298,6.713592052459717,421900,0.0,0.0
2026-01-07 00:00:00-05:00,6.753376608330409,6.902567645295495,6.653916075108763,6.862783432006836,484300,0.0,0.0
2026-01-08 00:00:00-05:00,6.892621077643712,6.912513183488051,6.724532949251875,6.813052654266357,290300,0.0,0.0
2026-01-09 00:00:00-05:00,6.813052968940982,6.882675579744435,6.64396982432205,6.783215045928955,269400,0.0,0.0
2026-01-12 00:00:00-05:00,6.723538415099441,6.902567367698488,6.594239489978633,6.813052654266357,270600,0.0,0.0
2026-01-13 00:00:00-05:00,6.822999149528022,6.962243894626284,6.753376539846277,6.763322830200195,202000,0.0,0.0
2026-01-14 00:00:00-05:00,6.793160862177886,6.952297716282652,6.753376648651694,6.783215045928955,404800,0.0,0.0
2026-01-15 00:00:00-05:00,6.7931604782445,6.9871088639221055,6.743430451280002,6.972189903259277,284400,0.0,0.0
2026-01-16 00:00:00-05:00,6.972190109475669,6.972190109475669,6.624077539102018,6.6638617515563965,379800,0.0,0.0
2026-01-20 00:00:00-05:00,6.614131861820105,6.882675538651165,6.544509251432336,6.862783432006836,293500,0.0,0.0
2026-01-21 00:00:00-05:00,6.942351739808493,7.148235016341612,6.902567527200497,7.1014885902404785,413200,0.0,0.0
2026-01-22 00:00:00-05:00,7.151219276099341,9.120539747641756,7.086569810390964,8.265178680419922,4951200,0.0,0.0
2026-01-23 00:00:00-05:00,8.235339459856117,8.330822327336843,7.966796266392661,8.115986824035645,1187900,0.0,0.0
2026-01-26 00:00:00-05:00,8.086149172146117,8.106040804515006,7.691290167774248,7.817605495452881,762100,0.0,0.0
2026-01-27 00:00:00-05:00,7.817605021995974,8.228377022826267,7.817605021995974,8.076202392578125,809800,0.0,0.0
2026-01-28 00:00:00-05:00,8.312919287676227,8.742589370157763,8.21544829487116,8.374585151672363,1043300,0.0,0.0
2026-01-29 00:00:00-05:00,8.285069813378879,8.513829739331394,8.096095047183685,8.434260368347168,743900,0.0,0.0
2026-01-30 00:00:00-05:00,8.434260368347168,8.553613950558299,8.165717179698165,8.434260368347168,708200,0.0,0.0
2026-02-02 00:00:00-05:00,8.344746470664118,8.752534866333008,8.215447549117572,8.752534866333008,863200,0.0,0.0
2026-02-03 00:00:00-05:00,8.7525354751061,8.76248176557773,8.384531264429983,8.603343963623047,541600,0.0,0.0
2026-02-04 00:00:00-05:00,8.603343598559654,8.6729666803763,8.245285693548542,8.364638328552246,591600,0.0,0.0
2026-02-05 00:00:00-05:00,8.314907864713676,8.394476288411957,8.001607314968004,8.026472091674805,783100,0.0,0.0
2026-02-06 00:00:00-05:00,7.956849686365972,8.677939568605048,7.946903396610719,8.663020133972168,755100,0.0,0.0
2026-02-09 00:00:00-05:00,8.722696854953588,8.97134840568503,8.464099014545594,8.82215690612793,721600,0.0,0.0
2026-02-10 00:00:00-05:00,8.712751291863617,8.827130787091289,8.493937643383807,8.782373428344727,637100,0.0,0.0
2026-02-11 00:00:00-05:00,8.76248182493856,9.090701824482124,8.742589243860538,8.961402893066406,731200,0.0,0.0
2026-02-12 00:00:00-05:00,8.88183426104011,8.951456396147066,8.30496270250418,8.404422760009766,873100,0.0,0.0
2026-02-13 00:00:00-05:00,8.344746604484444,8.563559291967213,8.143835531537722,8.434260368347168,608000,0.0,0.0
2026-02-17 00:00:00-05:00,8.374584545390226,8.588425036934686,8.190581975203239,8.523775100708008,548300,0.0,0.0
2026-02-18 00:00:00-05:00,8.593398258381468,8.891779371672076,8.593398258381468,8.881834030151367,554000,0.0,0.0
2026-02-19 00:00:00-05:00,8.712751423938315,8.99124092261479,8.533721986238197,8.981294631958008,503600,0.0,0.0
2026-02-20 00:00:00-05:00,8.94151045704263,9.319460966882104,8.782373599958746,9.249838829040527,726200,0.0,0.0
2026-02-23 00:00:00-05:00,9.060862871057381,9.170270168937748,8.77242708774358,9.120539665222168,822000,0.0,0.0
2026-02-24 00:00:00-05:00,9.180215106982281,9.339352901577122,9.045943985946943,9.220000267028809,530400,0.0,0.0
2026-02-25 00:00:00-05:00,9.15037768538605,9.229946112765283,8.901726112693328,9.050917625427246,355400,0.0,0.0
2026-02-26 00:00:00-05:00,9.021078260917864,9.244865043527465,8.762481360328398,9.220000267028809,547500,0.0,0.0
2026-02-27 00:00:00-05:00,9.140000343322754,9.390000343322754,9.09000015258789,9.350000381469727,653600,0.05,0.0
2026-03-02 00:00:00-05:00,9.170000076293945,9.34000015258789,8.949999809265137,9.319999694824219,477100,0.0,0.0
2026-03-03 00:00:00-05:00,9.1899995803833,9.210000038146973,8.760000228881836,9.109999656677246,595000,0.0,0.0
2026-03-04 00:00:00-05:00,9.130000114440918,9.234999656677246,8.854999542236328,9.199999809265137,474500,0.0,0.0
2026-03-05 00:00:00-05:00,9.130000114440918,9.180000305175781,8.604999542236328,8.6899995803833,816300,0.0,0.0
2026-03-06 00:00:00-05:00,8.418999671936035,8.529000282287598,8.25,8.359999656677246,616000,0.0,0.0
2026-03-09 00:00:00-04:00,8.229999542236328,8.34000015258789,7.940000057220459,8.239999771118164,691000,0.0,0.0
2026-03-10 00:00:00-04:00,8.239999771118164,8.579999923706055,8.140000343322754,8.350000381469727,801900,0.0,0.0
2026-03-11 00:00:00-04:00,7.664999961853027,8.055999755859375,7.130000114440918,7.215000152587891,1452900,0.0,0.0
2026-03-12 00:00:00-04:00,7.110000133514404,7.244999885559082,7.0,7.034999847412109,906800,0.0,0.0
2026-03-13 00:00:00-04:00,7.039999961853027,7.171000003814697,6.5929999351501465,6.829999923706055,2102600,0.0,0.0
2026-03-16 00:00:00-04:00,6.880000114440918,7.017000198364258,6.840000152587891,6.960000038146973,873100,0.0,0.0
2026-03-17 00:00:00-04:00,6.960000038146973,7.045000076293945,6.849999904632568,6.940000057220459,557600,0.0,0.0
2026-03-18 00:00:00-04:00,6.940000057220459,7.09499979019165,6.932000160217285,6.989999771118164,564300,0.0,0.0
2026-03-19 00:00:00-04:00,6.855000019073486,7.135000228881836,6.739999771118164,7.070000171661377,694900,0.0,0.0
2026-03-20 00:00:00-04:00,7.130000114440918,7.170000076293945,6.699999809265137,6.789999961853027,873800,0.0,0.0
2026-03-23 00:00:00-04:00,6.820000171661377,7.0,6.760000228881836,6.940000057220459,661000,0.0,0.0
2026-03-24 00:00:00-04:00,6.849999904632568,7.184999942779541,6.829999923706055,7.119999885559082,721000,0.0,0.0
2026-03-25 00:00:00-04:00,7.230000019073486,7.289999961853027,6.909999847412109,6.960000038146973,475300,0.0,0.0
2026-03-26 00:00:00-04:00,6.889999866485596,7.039999961853027,6.820000171661377,6.840000152587891,440900,0.0,0.0
2026-03-27 00:00:00-04:00,6.75,6.829999923706055,6.699999809265137,6.769999980926514,458400,0.0,0.0
2026-03-30 00:00:00-04:00,6.840000152587891,6.96999979019165,6.730000019073486,6.880000114440918,541500,0.0,0.0
2026-03-31 00:00:00-04:00,6.920000076293945,7.099999904632568,6.769999980926514,7.079999923706055,448500,0.0,0.0
2026-04-01 00:00:00-04:00,7.139999866485596,7.235000133514404,7.050000190734863,7.139999866485596,555000,0.0,0.0
2026-04-02 00:00:00-04:00,6.989999771118164,7.315000057220459,6.940000057220459,7.289999961853027,618300,0.0,0.0
2026-04-06 00:00:00-04:00,7.25,7.25,7.090000152587891,7.190000057220459,319200,0.0,0.0
2026-04-07 00:00:00-04:00,7.190000057220459,7.269999980926514,7.085000038146973,7.239999771118164,576900,0.0,0.0
2026-04-08 00:00:00-04:00,7.429999828338623,7.579999923706055,7.380000114440918,7.539999961853027,548000,0.0,0.0
2026-04-09 00:00:00-04:00,7.539999961853027,7.570000171661377,7.400000095367432,7.449999809265137,343000,0.0,0.0
2026-04-10 00:00:00-04:00,7.46999979019165,7.46999979019165,7.25,7.289999961853027,380000,0.0,0.0
2026-04-13 00:00:00-04:00,7.320000171661377,7.539999961853027,7.304999828338623,7.519999980926514,479600,0.0,0.0
2026-04-14 00:00:00-04:00,7.480000019073486,7.65500020980835,7.400000095367432,7.539999961853027,612200,0.0,0.0
2026-04-15 00:00:00-04:00,7.510000228881836,7.684999942779541,7.480000019073486,7.659999847412109,442200,0.0,0.0
2026-04-16 00:00:00-04:00,7.670000076293945,7.78000020980835,7.590000152587891,7.760000228881836,496100,0.0,0.0
2026-04-17 00:00:00-04:00,7.849999904632568,7.925000190734863,7.75,7.900000095367432,404500,0.0,0.0
2026-04-20 00:00:00-04:00,7.840000152587891,7.840000152587891,7.630000114440918,7.789999961853027,499200,0.0,0.0
2026-04-21 00:00:00-04:00,7.849999904632568,7.889999866485596,7.260000228881836,7.289999961853027,447700,0.0,0.0
2026-04-22 00:00:00-04:00,7.340000152587891,7.340000152587891,7.09499979019165,7.320000171661377,369700,0.0,0.0
2026-04-23 00:00:00-04:00,7.329999923706055,7.385000228881836,7.224999904632568,7.25,295500,0.0,0.0
2026-04-24 00:00:00-04:00,7.28000020980835,7.329999923706055,7.150000095367432,7.170000076293945,364775,0.0,0.0
