Date,Open,High,Low,Close,Volume,Dividends,Stock Splits
2023-03-03 00:00:00-05:00,12.631666908700065,17.666666860165805,7.712179830853094,7.814102649688721,5100,0.0,0.0
2023-03-06 00:00:00-05:00,13.25000038103425,13.25000038103425,8.89448753895015,8.928462028503418,6700,0.0,0.0
2023-03-07 00:00:00-05:00,7.00619220411346,8.29314095551282,5.528987224319882,5.544615268707275,11100,0.0,0.0
2023-03-08 00:00:00-05:00,3.118846104472936,3.920640820278706,2.2762818747744977,2.616025447845459,680200,0.0,0.0
2023-03-09 00:00:00-05:00,3.050897152577565,4.471025401900201,2.9421793120951625,3.3566665649414062,10574600,0.0,0.0
2023-03-10 00:00:00-05:00,3.057692218711707,3.193589521052559,2.486923062873039,2.520897388458252,946800,0.0,0.0
2023-03-13 00:00:00-04:00,2.2966667313566083,2.764153721556416,2.2898717040781364,2.685333251953125,438700,0.0,0.0
2023-03-14 00:00:00-04:00,2.2491025546089425,2.459743544121651,1.5628205008399718,1.6375641822814941,1433900,0.0,0.0
2023-03-15 00:00:00-04:00,1.460897497476915,1.4676923627767087,1.2570512954795583,1.3861538171768188,632500,0.0,0.0
2023-03-16 00:00:00-04:00,1.460897537024885,1.5424359228297335,1.2720000173731905,1.3521795272827148,631100,0.0,0.0
2023-03-17 00:00:00-04:00,1.3114102242399301,1.3114102242399301,1.0667949102582974,1.1551282405853271,729900,0.0,0.0
2023-03-20 00:00:00-04:00,1.100769262144338,1.2570513303810629,1.100769262144338,1.1958974599838257,383200,0.0,0.0
2023-03-21 00:00:00-04:00,1.2706409603620086,1.2706409603620086,1.0735897148570552,1.0769871473312378,488500,0.0,0.0
2023-03-22 00:00:00-04:00,1.0532051053438591,1.0701923497858445,0.998846182333297,1.0124359130859375,222200,0.0,0.0
2023-03-23 00:00:00-04:00,0.998846173286438,1.0667949074353928,0.9784615773421068,0.998846173286438,262500,0.0,0.0
2023-03-24 00:00:00-04:00,0.9988461997174579,1.0464102581795163,0.964871791243373,1.0396153926849365,92700,0.0,0.0
2023-03-27 00:00:00-04:00,1.0532050484266051,1.0667948594460104,0.9920512633445924,1.0192307233810425,166900,0.0,0.0
2023-03-28 00:00:00-04:00,1.0056410316628106,1.1211538222182262,1.0015640801015997,1.107564091682434,314900,0.0,0.0
2023-03-29 00:00:00-04:00,1.1279487082787358,1.956923177256387,1.1007692467061252,1.3250000476837158,24972600,0.0,0.0
2023-03-30 00:00:00-04:00,1.229871699965568,1.8006410084154507,1.229871699965568,1.610384464263916,10269900,0.0,0.0
2023-03-31 00:00:00-04:00,1.7394871289708942,2.242307644908052,1.6987179373549435,1.8278205394744873,10354200,0.0,0.0
2023-04-03 00:00:00-04:00,1.9569230659703174,2.1403845831547397,1.6375640866486743,1.7530767917633057,2769300,0.0,0.0
2023-04-04 00:00:00-04:00,1.7598717491171636,1.8889743530221426,1.6783333647576204,1.7123076915740967,452000,0.0,0.0
2023-04-05 00:00:00-04:00,1.6919230307921964,1.7462819516201022,1.4405126979584064,1.4744871854782104,425600,0.0,0.0
2023-04-06 00:00:00-04:00,1.426923038381517,1.4948718547821045,1.3114102449033633,1.4948718547821045,330600,0.0,0.0
2023-04-10 00:00:00-04:00,1.528846124178683,1.7598717024003883,1.5057436149572219,1.7326922416687012,351000,0.0,0.0
2023-04-11 00:00:00-04:00,1.7530767812922612,1.7938461330915665,1.6239743469352665,1.6681408882141113,365800,0.0,0.0
2023-04-12 00:00:00-04:00,1.651153903945732,1.6987179615072723,1.589999953649954,1.6239744424819946,131100,0.0,0.0
2023-04-13 00:00:00-04:00,1.6035896817589508,1.6647436319547038,1.4826409812417252,1.5560256242752075,252700,0.0,0.0
2023-04-14 00:00:00-04:00,1.542435810133652,1.6307692169706434,1.508461485197255,1.522051215171814,134200,0.0,0.0
2023-04-17 00:00:00-04:00,1.5288461874973298,2.4665385935901636,1.365769254350853,2.2219231128692627,5636800,0.0,0.0
2023-04-18 00:00:00-04:00,2.357820404764943,2.9897434928783224,2.3517049777116164,2.656794786453247,6247300,0.0,0.0
2023-04-19 00:00:00-04:00,2.656794777402164,3.057692131935017,2.3782049915050134,2.4461536407470703,1900100,0.0,0.0
2023-04-20 00:00:00-04:00,2.5073075890902055,2.7587177534910152,2.386358896140346,2.58884596824646,558100,0.0,0.0
2023-04-21 00:00:00-04:00,2.649999968331001,2.7723075395445336,2.317051256022771,2.3510255813598633,578900,0.0,0.0
2023-04-24 00:00:00-04:00,2.330641112661177,2.377525732771897,1.9093589696076063,2.052051305770874,389200,0.0,0.0
2023-04-25 00:00:00-04:00,2.038461465101976,2.303461526846272,1.950128057186423,2.2083332538604736,489300,0.0,0.0
2023-04-26 00:00:00-04:00,2.2083332286062944,2.3782050154221634,2.1539743086659717,2.255897283554077,201500,0.0,0.0
2023-04-27 00:00:00-04:00,2.2151282533990657,2.378205186986829,2.2151282533990657,2.2260000705718994,260700,0.0,0.0
2023-04-28 00:00:00-04:00,2.221923007942368,2.40538452881817,2.2185256563718196,2.3034615516662598,239200,0.0,0.0
2023-05-01 00:00:00-04:00,2.3442307912586813,2.3965512377507245,2.052051260011343,2.0724358558654785,304200,0.0,0.0
2023-05-02 00:00:00-04:00,2.1403847547283488,2.1743590824854517,1.9773078194918805,2.106410264968872,172800,0.0,0.0
2023-05-03 00:00:00-04:00,2.0860255018258727,2.147179448910246,2.0044871217165223,2.038461446762085,265400,0.0,0.0
2023-05-04 00:00:00-04:00,2.0384614506508436,2.500512758159029,1.9976922605183933,2.483525514602661,557200,0.0,0.0
2023-05-05 00:00:00-04:00,2.4733333346782564,2.534487120782062,2.344230735345637,2.3782050609588623,213200,0.0,0.0
2023-05-08 00:00:00-04:00,2.439358780836171,2.439358780836171,2.310256347010935,2.3714101314544678,107800,0.0,0.0
2023-05-09 00:00:00-04:00,2.3985895862776303,2.5412819116883085,2.3510255318081903,2.4461536407470703,164200,0.0,0.0
2023-05-10 00:00:00-04:00,2.58205130570302,2.6703847187150673,2.446153834454994,2.534487247467041,322600,0.0,0.0
2023-05-11 00:00:00-04:00,2.5073076358378334,2.60923061168346,2.364615307651595,2.4916794300079346,139700,0.0,0.0
2023-05-12 00:00:00-04:00,2.4529486648065806,2.5854487824280885,2.418974337981464,2.480128288269043,219000,0.0,0.0
2023-05-15 00:00:00-04:00,2.4529486648065806,2.5684615380143456,2.4529486648065806,2.480128288269043,114800,0.0,0.0
2023-05-16 00:00:00-04:00,2.4597434022462545,2.5276922143650022,2.4325639421997,2.466538429260254,81300,0.0,0.0
2023-05-17 00:00:00-04:00,2.4597435335202955,2.894615565483298,2.4597435335202955,2.7926924228668213,927100,0.0,0.0
2023-05-18 00:00:00-04:00,2.887820538106655,3.044102603717322,2.6024358683824156,2.7926924228668213,522600,0.0,0.0
2023-05-19 00:00:00-04:00,2.7655128936125664,2.7926923544437443,2.6500000230776948,2.7179486751556396,379700,0.0,0.0
2023-05-22 00:00:00-04:00,2.8946154518575034,3.0508971873287187,2.7247436621664685,2.8062820434570312,746700,0.0,0.0
2023-05-23 00:00:00-04:00,2.91499999960375,2.9829486533464884,2.7315384724959872,2.7926924228668213,433300,0.0,0.0
2023-05-24 00:00:00-04:00,2.7858972900252765,2.7858972900252765,2.486923062873039,2.520897388458252,349600,0.0,0.0
2023-05-25 00:00:00-04:00,2.588846200019405,2.6092307966334505,2.4189743995666504,2.4189743995666504,235900,0.0,0.0
2023-05-26 00:00:00-04:00,2.4189742256031117,2.5276922283951384,2.4053844955044035,2.425769090652466,172100,0.0,0.0
2023-05-30 00:00:00-04:00,2.4189742330404442,2.439358828251181,2.2083332538604736,2.2083332538604736,287400,0.0,0.0
2023-05-31 00:00:00-04:00,2.1471796023180425,2.2083333917692607,2.0384615924023946,2.079230785369873,202800,0.0,0.0
2023-06-01 00:00:00-04:00,2.0588460987841577,2.1947435647307985,2.0384615031925164,2.119999885559082,148100,0.0,0.0
2023-06-02 00:00:00-04:00,2.160769192235806,2.303461520308316,2.119999839927688,2.283076763153076,130900,0.0,0.0
2023-06-05 00:00:00-04:00,2.289871607808448,2.2966666348012463,2.109807604560648,2.1132049560546875,125500,0.0,0.0
2023-06-06 00:00:00-04:00,2.0792306862945944,2.2083332865422474,1.8482051084848723,1.8753845691680908,412300,0.0,0.0
2023-06-07 00:00:00-04:00,1.8821793484730172,2.0860254562999687,1.8821793484730172,2.0588459968566895,178200,0.0,0.0
2023-06-08 00:00:00-04:00,2.0384614660672318,2.1539743343184643,2.024871735920306,2.065640926361084,142500,0.0,0.0
2023-06-09 00:00:00-04:00,2.024871826171875,2.0520512876771564,1.9161538181483813,2.024871826171875,269400,0.0,0.0
2023-06-12 00:00:00-04:00,2.018077007142008,2.0520513348038523,1.9637180828830578,2.0044872760772705,91100,0.0,0.0
2023-06-13 00:00:00-04:00,2.004487247717242,2.08602563295204,2.004487247717242,2.052051305770874,86800,0.0,0.0
2023-06-14 00:00:00-04:00,2.1064102008089307,2.1607692855669254,2.060884619201331,2.0996153354644775,146900,0.0,0.0
2023-06-15 00:00:00-04:00,2.1064101632769208,2.140384651396198,2.0452563762664795,2.0452563762664795,123400,0.0,0.0
2023-06-16 00:00:00-04:00,2.045256459095847,2.14717960357666,2.038461593597284,2.14717960357666,80400,0.0,0.0
2023-06-20 00:00:00-04:00,2.1199999076119576,2.2355127791685563,2.1125256044179817,2.215128183364868,114800,0.0,0.0
2023-06-21 00:00:00-04:00,2.269487059104286,2.276281924233249,2.1539743519119194,2.2355127334594727,130400,0.0,0.0
2023-06-22 00:00:00-04:00,2.2015383695623028,2.3442306967935647,2.1947435045514028,2.3238461017608643,126600,0.0,0.0
2023-06-23 00:00:00-04:00,2.37820503586887,2.37820503586887,2.2491024378982787,2.283076763153076,67600,0.0,0.0
2023-06-26 00:00:00-04:00,2.2219229456760234,2.308217876381804,2.20561530218919,2.2966666221618652,69000,0.0,0.0
2023-06-27 00:00:00-04:00,2.2694870196713035,2.3646152918262646,2.235512694616803,2.3238461017608643,68700,0.0,0.0
2023-06-28 00:00:00-04:00,2.3238460721113676,2.4733332624462516,2.3102563422629565,2.4461536407470703,113500,0.0,0.0
2023-06-29 00:00:00-04:00,2.4869231352439294,2.6432051994861703,2.439358916038122,2.629615306854248,164000,0.0,0.0
2023-06-30 00:00:00-04:00,2.6839744199705837,2.7845385249021413,2.527692354063274,2.5820512771606445,200000,0.0,0.0
2023-07-03 00:00:00-04:00,2.55487175200226,2.6160255389642306,2.55487175200226,2.57525634765625,57500,0.0,0.0
2023-07-05 00:00:00-04:00,2.5141024605564493,2.690769111190018,2.4597433789752565,2.656794786453247,103100,0.0,0.0
2023-07-06 00:00:00-04:00,2.6364103436339965,2.650000074312327,2.507307740187489,2.5548717975616455,118300,0.0,0.0
2023-07-07 00:00:00-04:00,2.4529486377688854,2.6771795163478016,2.4529486377688854,2.5276923179626465,91400,0.0,0.0
2023-07-10 00:00:00-04:00,2.507307638165311,2.677179426734738,2.4937179080399456,2.6364102363586426,86900,0.0,0.0
2023-07-11 00:00:00-04:00,2.656794850845601,2.696884603607349,2.601076892125925,2.6635897159576416,117300,0.0,0.0
2023-07-12 00:00:00-04:00,2.670384511334474,2.751923052552,2.622820294789934,2.7315382957458496,112600,0.0,0.0
2023-07-13 00:00:00-04:00,2.779102655140142,2.8538460112602664,2.6771795138798327,2.6873717308044434,158200,0.0,0.0
2023-07-14 00:00:00-04:00,2.6635897717036454,2.7858973462801355,2.5820512266502855,2.7451281547546387,179500,0.0,0.0
2023-07-17 00:00:00-04:00,2.7111537767734806,2.8538459443911472,2.6839743162748775,2.8402562141418457,200300,0.0,0.0
2023-07-18 00:00:00-04:00,2.8810255292244857,2.8810255292244857,2.6907692975234863,2.8198719024658203,109400,0.0,0.0
2023-07-19 00:00:00-04:00,2.7994871079144414,2.833461596565797,2.677179531978087,2.7655129432678223,111600,0.0,0.0
2023-07-20 00:00:00-04:00,2.738333522822253,2.881025534875518,2.7261026678446334,2.8538460731506348,111000,0.0,0.0
2023-07-21 00:00:00-04:00,2.8878204416382904,3.010128014289504,2.8470512507545522,2.97615385055542,197400,0.0,0.0
2023-07-24 00:00:00-04:00,3.016923088219257,3.3634613781067806,2.9360641431120102,3.3430769443511963,352000,0.0,0.0
2023-07-25 00:00:00-04:00,3.36346135066576,3.5197434122040425,2.9965383060114856,3.179999828338623,364300,0.0,0.0
2023-07-26 00:00:00-04:00,3.1596154090536896,3.57410267396731,3.091666756773932,3.3498716354370117,252900,0.0,0.0
2023-07-27 00:00:00-04:00,3.397435711558629,3.404230738504011,2.999935707385892,3.016922950744629,191900,0.0,0.0
2023-07-28 00:00:00-04:00,3.1052565324856687,3.3974359035491943,3.0373075552108957,3.3974359035491943,107900,0.0,0.0
2023-07-31 00:00:00-04:00,3.4450000284223035,3.7303843643348316,3.4178205678592053,3.580897331237793,464900,0.0,0.0
2023-08-01 00:00:00-04:00,3.4993589712543756,3.723589684293159,3.383846101142341,3.4653844833374023,178600,0.0,0.0
2023-08-02 00:00:00-04:00,3.40423096128698,3.533333241650892,3.356666741570717,3.417820692062378,143200,0.0,0.0
2023-08-03 00:00:00-04:00,3.404230942254539,3.567307710647583,3.39743591490246,3.567307710647583,133700,0.0,0.0
2023-08-04 00:00:00-04:00,3.5605126111021224,3.723589700193333,3.4857692557731843,3.635256290435791,135800,0.0,0.0
2023-08-07 00:00:00-04:00,3.6352562801619057,3.7847436384067654,3.608076819390973,3.743974447250366,270900,0.0,0.0
2023-08-08 00:00:00-04:00,3.757564227759817,3.968205213546753,3.73717946990733,3.968205213546753,211400,0.0,0.0
2023-08-09 00:00:00-04:00,3.9682050735059153,3.9682050735059153,3.5605125228818215,3.676025390625,197800,0.0,0.0
2023-08-10 00:00:00-04:00,3.7779487228554993,4.287564113377451,3.710000068920187,4.219615459442139,286000,0.0,0.0
2023-08-11 00:00:00-04:00,4.178846206711617,4.362307731688969,3.941025759371306,4.280769348144531,236800,0.0,0.0
2023-08-14 00:00:00-04:00,4.280769168402172,4.416666468603467,4.0769228940955085,4.362307548522949,190000,0.0,0.0
2023-08-15 00:00:00-04:00,4.307948524977673,4.925602274166051,3.9682049586293955,4.0837178230285645,492700,0.0,0.0
2023-08-16 00:00:00-04:00,4.144871603874193,4.151666630984454,3.655640992100846,4.015769004821777,144600,0.0,0.0
2023-08-17 00:00:00-04:00,3.9342305847363606,4.314743351031575,3.907051124572754,4.246794700622559,168800,0.0,0.0
2023-08-18 00:00:00-04:00,4.083718151571514,4.307948871560415,4.076923124175613,4.219615459442139,111500,0.0,0.0
2023-08-21 00:00:00-04:00,4.158461570739746,4.209423304952653,3.908410261335415,4.158461570739746,105800,0.0,0.0
2023-08-22 00:00:00-04:00,4.083718125235031,4.120410365722992,3.4517948377001417,3.567307710647583,267200,0.0,0.0
2023-08-23 00:00:00-04:00,3.5265384399323527,3.968205163824563,3.510910071773816,3.9206409454345703,194700,0.0,0.0
2023-08-24 00:00:00-04:00,3.900256204153493,3.9206409618358316,3.60128213418056,3.7711539268493652,105300,0.0,0.0
2023-08-25 00:00:00-04:00,3.710000056264562,3.839102660303628,3.6896152981511356,3.7371795177459717,53900,0.0,0.0
2023-08-28 00:00:00-04:00,3.7371794267062257,3.791538348344832,3.648846017041125,3.7779486179351807,58900,0.0,0.0
2023-08-29 00:00:00-04:00,3.723589693340752,3.7371794237396156,3.536730657352825,3.6012821197509766,155000,0.0,0.0
2023-08-30 00:00:00-04:00,3.540128185138276,3.8119231182093105,3.5333331579092526,3.7711539268493652,84800,0.0,0.0
2023-08-31 00:00:00-04:00,3.737179528111997,3.941025813792729,3.6760255776068296,3.9070513248443604,89700,0.0,0.0
2023-09-01 00:00:00-04:00,3.907051263994027,4.076923058080724,3.8662820722937883,3.968205213546753,63100,0.0,0.0
2023-09-05 00:00:00-04:00,3.974999866424461,4.2739742591065975,3.974999866424461,4.239999771118164,122600,0.0,0.0
2023-09-06 00:00:00-04:00,4.457435979118825,4.477820737616886,4.217576886814579,4.29435920715332,120400,0.0,0.0
2023-09-07 00:00:00-04:00,4.280769240606535,4.280769240606535,3.995384581365469,4.151666641235352,53900,0.0,0.0
2023-09-08 00:00:00-04:00,4.172051056816566,4.226409977582167,3.9546153737541627,3.981794834136963,67000,0.0,0.0
2023-09-11 00:00:00-04:00,3.839102574934563,3.9410257152257824,3.805128086835913,3.913846254348755,87400,0.0,0.0
2023-09-12 00:00:00-04:00,3.8051280244745915,4.0497434923636275,3.8051280244745915,4.015769004821777,51400,0.0,0.0
2023-09-13 00:00:00-04:00,4.008974429857676,4.097307841086164,3.9410257766068146,4.029358863830566,36100,0.0,0.0
2023-09-14 00:00:00-04:00,4.0429487228393555,4.0558590159676156,3.981795094974396,4.0429487228393555,30200,0.0,0.0
2023-09-15 00:00:00-04:00,4.008974243433045,4.07692289352417,3.9410255933419194,4.07692289352417,38800,0.0,0.0
2023-09-18 00:00:00-04:00,4.042948335148392,4.070127794705328,3.954615253590709,4.002179145812988,39800,0.0,0.0
2023-09-19 00:00:00-04:00,3.8866663987924364,4.036153754902564,3.8866663987924364,3.981794834136963,37100,0.0,0.0
2023-09-20 00:00:00-04:00,3.9546154777335274,4.2943590654561925,3.9546154777335274,4.110897541046143,83000,0.0,0.0
2023-09-21 00:00:00-04:00,4.049743503074352,4.056538206197857,3.9070511734287496,3.958012580871582,70000,0.0,0.0
2023-09-22 00:00:00-04:00,3.9478202266991174,4.042948335148392,3.907051037363714,4.002179145812988,37400,0.0,0.0
2023-09-25 00:00:00-04:00,3.900256206416997,4.036153835033748,3.852692311805156,3.9478204250335693,61800,0.0,0.0
2023-09-26 00:00:00-04:00,3.9002560982421293,3.9749997757080657,3.866281935033775,3.9614100456237793,35800,0.0,0.0
2023-09-27 00:00:00-04:00,3.9002561569213867,4.03615378381355,3.8866664266326434,3.9002561569213867,45600,0.0,0.0
2023-09-28 00:00:00-04:00,3.873076638073557,4.008974262921143,3.873076638073557,3.9614100456237793,34800,0.0,0.0
2023-09-29 00:00:00-04:00,4.022564135813739,4.025961649456609,3.9063718260664,3.968205213546753,48000,0.0,0.0
2023-10-02 00:00:00-04:00,3.9546154644508262,3.9614101676999964,3.9138462729416097,3.941025733947754,37100,0.0,0.0
2023-10-03 00:00:00-04:00,3.8662819862365723,3.9342306375578766,3.737179386723731,3.8662819862365723,54300,0.0,0.0
2023-10-04 00:00:00-04:00,3.8526923534305313,3.9308332234255112,3.8119231616064457,3.8594870567321777,74700,0.0,0.0
2023-10-05 00:00:00-04:00,3.825512764494277,3.9206408755744886,3.784743574031329,3.8458971977233887,51400,0.0,0.0
2023-10-06 00:00:00-04:00,3.7847435271691703,3.813961300837053,3.451794656503868,3.6148717403411865,73300,0.0,0.0
2023-10-09 00:00:00-04:00,3.7303842817782713,3.7303842817782713,3.2275639484840712,3.3294870853424072,94700,0.0,0.0
2023-10-10 00:00:00-04:00,3.411025664672309,3.458589884388572,3.3634614449560463,3.417820692062378,37700,0.0,0.0
2023-10-11 00:00:00-04:00,3.3974358540352076,3.425294752869199,3.2887180103875955,3.3498716354370117,43200,0.0,0.0
2023-10-12 00:00:00-04:00,3.3294872575133603,3.343756426130361,3.05769231983793,3.0780770778656006,68900,0.0,0.0
2023-10-13 00:00:00-04:00,3.016922989696607,3.1596153173447705,2.962564069450587,3.071281909942627,47900,0.0,0.0
2023-10-16 00:00:00-04:00,3.0508972620760284,3.1120512115445917,2.9809102955557343,3.057692289352417,34800,0.0,0.0
2023-10-17 00:00:00-04:00,2.976153978684566,3.139230749240286,2.9353847860456357,2.989743709564209,54500,0.0,0.0
2023-10-18 00:00:00-04:00,2.9557690346456185,2.9761537916866376,2.7349358407256377,2.751923084259033,48700,0.0,0.0
2023-10-19 00:00:00-04:00,2.7383335055067017,2.9116024919059975,2.7383335055067017,2.8266665935516357,41200,0.0,0.0
2023-10-20 00:00:00-04:00,2.8130767010048414,2.908205134974632,2.649999941064721,2.683974266052246,37600,0.0,0.0
2023-10-23 00:00:00-04:00,2.683974252872838,2.8130766871914874,2.6499999280521402,2.724743604660034,36100,0.0,0.0
2023-10-24 00:00:00-04:00,2.724743803772597,2.9285897675929675,2.6975641799275096,2.8470513820648193,34100,0.0,0.0
2023-10-25 00:00:00-04:00,2.813076746562215,2.8266664767773086,2.6839743095188244,2.8062820434570312,29100,0.0,0.0
2023-10-26 00:00:00-04:00,2.8334615456905112,2.8334615456905112,2.683974349116667,2.7179486751556396,22900,0.0,0.0
2023-10-27 00:00:00-04:00,2.6975641507449266,2.7994871315524965,2.5609872430611245,2.5820512771606445,53700,0.0,0.0
2023-10-30 00:00:00-04:00,2.5820511419971397,2.7858972549438477,2.5820511419971397,2.7858972549438477,25000,0.0,0.0
2023-10-31 00:00:00-04:00,2.717948623443642,2.853845925013934,2.683974298051069,2.8130767345428467,48200,0.0,0.0
2023-11-01 00:00:00-04:00,2.833461596565797,2.8742307885445815,2.724743751289038,2.7655129432678223,13600,0.0,0.0
2023-11-02 00:00:00-04:00,2.7519231820112546,2.7858973462801355,2.683974367466394,2.7451281547546387,16400,0.0,0.0
2023-11-03 00:00:00-04:00,2.677179425945479,2.8402561874017853,2.677179425945479,2.7791025638580322,35200,0.0,0.0
2023-11-06 00:00:00-05:00,2.7451280572437864,2.819871734387895,2.7451280572437864,2.751923084259033,27800,0.0,0.0
2023-11-07 00:00:00-05:00,2.7519231949823824,2.9149999618530273,2.7519231949823824,2.9149999618530273,36300,0.0,0.0
2023-11-08 00:00:00-05:00,2.894615471440031,2.921794932054092,2.776384526164611,2.8334615230560303,25200,0.0,0.0
2023-11-09 00:00:00-05:00,2.792692404587012,2.9149999805233664,2.7655129432678223,2.7655129432678223,40100,0.0,0.0
2023-11-10 00:00:00-05:00,2.7655129067292443,2.789294854068139,2.4801282426435813,2.5005128383636475,41300,0.0,0.0
2023-11-13 00:00:00-05:00,2.548076868057251,2.616025519737832,2.548076868057251,2.548076868057251,58300,0.0,0.0
2023-11-14 00:00:00-05:00,2.5480769138330266,2.588846105573787,2.4835256125756393,2.5276923179626465,24200,0.0,0.0
2023-11-15 00:00:00-05:00,2.5276923733081538,2.6771795749664307,2.5276923733081538,2.6771795749664307,30800,0.0,0.0
2023-11-16 00:00:00-05:00,2.670384511334474,2.758717755484239,2.596999872839408,2.7315382957458496,16100,0.0,0.0
2023-11-17 00:00:00-05:00,2.7179485878471223,2.8742306446085206,2.677179397909982,2.8096795082092285,35500,0.0,0.0
2023-11-20 00:00:00-05:00,2.7723075247256297,2.9326665338623683,2.7723075247256297,2.9285895824432373,46900,0.0,0.0
2023-11-21 00:00:00-05:00,2.8606410515614047,2.9353847320263204,2.582051249650809,2.629615306854248,80800,0.0,0.0
2023-11-22 00:00:00-05:00,2.622820306193223,2.731538307621814,2.622820306193223,2.724743604660034,18700,0.0,0.0
2023-11-24 00:00:00-05:00,2.765513001704603,2.9082053386478837,2.760076850122107,2.881025552749634,30700,0.0,0.0
2023-11-27 00:00:00-05:00,2.8334615784177046,2.9149999618530273,2.7791026561274896,2.9149999618530273,46100,0.0,0.0
2023-11-28 00:00:00-05:00,2.867435821802881,2.904128386963383,2.840256359909374,2.881025552749634,24500,0.0,0.0
2023-11-29 00:00:00-05:00,2.8538460122741682,2.9149999618530273,2.8402562817016146,2.9149999618530273,35400,0.0,0.0
2023-11-30 00:00:00-05:00,2.8878204416382904,2.989743580849999,2.8878204416382904,2.97615385055542,47100,0.0,0.0
2023-12-01 00:00:00-05:00,2.989743620351518,3.2207690384117535,2.9591666457835393,3.207179307937622,57000,0.0,0.0
2023-12-04 00:00:00-05:00,3.159615504317939,3.268333351243458,3.1188463117208696,3.166410207748413,44200,0.0,0.0
2023-12-05 00:00:00-05:00,3.1596154863342956,3.2887180908259044,3.1392307281494145,3.139230728149414,37500,0.0,0.0
2023-12-06 00:00:00-05:00,3.1256409001032224,3.2275640398466954,3.1256409001032224,3.1460256576538086,25000,0.0,0.0
2023-12-07 00:00:00-05:00,3.166410197947731,3.166410197947731,2.825987165411848,2.9965384006500244,51000,0.0,0.0
2023-12-08 00:00:00-05:00,3.0033334404438525,3.051577098468246,2.8198719115662967,2.989743709564209,39300,0.0,0.0
2023-12-11 00:00:00-05:00,2.935384601838929,2.9863460084383813,2.881025357726866,2.894615411758423,25300,0.0,0.0
2023-12-12 00:00:00-05:00,2.8606411124445823,3.166410220119619,2.8606411124445823,3.1596155166625977,66200,0.0,0.0
2023-12-13 00:00:00-05:00,3.125640954919833,3.261538584962708,3.125640954919833,3.2275640964508057,50700,0.0,0.0
2023-12-14 00:00:00-05:00,3.2139742757486194,3.4450000135417738,3.2071792486348323,3.2683331966400146,47000,0.0,0.0
2023-12-15 00:00:00-05:00,3.268333215635351,3.357346062514001,3.2615385124867995,3.2955126762390137,35400,0.0,0.0
2023-12-18 00:00:00-05:00,3.329487154602037,3.4585897541075443,3.3226921274679286,3.404230833053589,37600,0.0,0.0
2023-12-19 00:00:00-05:00,3.397435735930015,3.6651537082098287,3.397435735930015,3.472179412841797,64100,0.0,0.0
2023-12-20 00:00:00-05:00,3.5061537297527297,3.5333331909132366,3.356666693369942,3.3702564239501953,58300,0.0,0.0
2023-12-21 00:00:00-05:00,3.383846013405237,3.5673075305896593,3.370256283391751,3.5061535835266113,49100,0.0,0.0
2023-12-22 00:00:00-05:00,3.4925638464620175,3.682820390271436,3.4925638464620175,3.6148717403411865,78000,0.0,0.0
2023-12-26 00:00:00-05:00,3.580897292579143,3.5876923196489234,3.4585897213656103,3.526538372039795,42100,0.0,0.0
2023-12-27 00:00:00-05:00,3.6624356933088262,3.6624356933088262,3.46538444327953,3.553717851638794,51800,0.0,0.0
2023-12-28 00:00:00-05:00,3.512948662758066,3.516346176313124,3.356666603277378,3.4110255241394043,53300,0.0,0.0
2023-12-29 00:00:00-05:00,3.3974358663723976,3.4314103546380146,3.3430769443511963,3.3430769443511963,38300,0.0,0.0
2024-01-02 00:00:00-05:00,3.3362818577314175,3.497999745068353,3.3226921274679286,3.404230833053589,50600,0.0,0.0
2024-01-03 00:00:00-05:00,3.404230901981579,3.7623206094795085,3.404230901981579,3.6556410789489746,77200,0.0,0.0
2024-01-04 00:00:00-05:00,3.6760253071250464,4.056538064926859,3.577499685229976,4.002179145812988,165000,0.0,0.0
2024-01-05 00:00:00-05:00,4.002179524619799,4.05653844887875,3.84725665528274,4.008974552154541,95100,0.0,0.0
2024-01-08 00:00:00-05:00,4.008974467684727,4.022564198463126,3.866282132509162,3.9070513248443604,41400,0.0,0.0
2024-01-09 00:00:00-05:00,3.8391024946485928,3.907051145420173,3.8051280072604405,3.8458971977233887,41700,0.0,0.0
2024-01-10 00:00:00-05:00,3.8119230868757876,3.8119230868757876,3.7032049201381847,3.7507691383361816,55700,0.0,0.0
2024-01-11 00:00:00-05:00,3.7167947596325455,3.7371795177459717,3.682820594783152,3.7371795177459717,45200,0.0,0.0
2024-01-12 00:00:00-05:00,3.689615132733974,3.7643588104592234,3.6352562122082372,3.6692306995391846,61900,0.0,0.0
2024-01-16 00:00:00-05:00,3.6692306995391846,3.703204862865408,3.601282048882014,3.6692306995391846,37600,0.0,0.0
2024-01-17 00:00:00-05:00,3.6352561927876788,3.791538250466631,3.6352561927876788,3.784743547439575,46700,0.0,0.0
2024-01-18 00:00:00-05:00,3.791538270722092,3.791538270722092,3.6692306995391846,3.6692306995391846,36400,0.0,0.0
2024-01-19 00:00:00-05:00,3.6556409579292004,3.723589608373015,3.4789741427705585,3.5333330631256104,93600,0.0,0.0
2024-01-22 00:00:00-05:00,3.533333180096389,3.7303844349091837,3.4653845274031383,3.6556410789489746,64400,0.0,0.0
2024-01-23 00:00:00-05:00,3.6420513727726083,3.77794867906815,3.5876924502543917,3.716794729232788,46800,0.0,0.0
2024-01-24 00:00:00-05:00,3.7099999261952092,3.9070511770293552,3.699807709498195,3.8662819862365723,74100,0.0,0.0
2024-01-25 00:00:00-05:00,3.866281993201892,4.008974323236062,3.818717775188926,3.9002561569213867,58800,0.0,0.0
2024-01-26 00:00:00-05:00,3.8798718028605346,3.9885896473945057,3.7895000783914345,3.968205213546753,56500,0.0,0.0
2024-01-29 00:00:00-05:00,3.9682053028170845,4.104102611541748,3.839102697526283,4.104102611541748,78000,0.0,0.0
2024-01-30 00:00:00-05:00,4.117692133131599,4.267179489135742,4.097307699861314,4.267179489135742,88500,0.0,0.0
2024-01-31 00:00:00-05:00,4.260384317792952,4.267179344656129,4.0973075611332765,4.117691993713379,62200,0.0,0.0
2024-02-01 00:00:00-05:00,4.097307702766227,4.185640787007967,3.9206408862732998,3.981794834136963,91100,0.0,0.0
2024-02-02 00:00:00-05:00,3.927435825123851,4.076922853870355,3.920640798178469,4.022563934326172,46400,0.0,0.0
2024-02-05 00:00:00-05:00,3.9410257454806388,3.9410257454806388,3.8323075771331787,3.8323075771331787,43100,0.0,0.0
2024-02-06 00:00:00-05:00,3.811923046244064,3.907051157621347,3.811923046244064,3.8391025066375732,28900,0.0,0.0
2024-02-07 00:00:00-05:00,3.7983334863626186,3.825512947974841,3.757564293944285,3.7643589973449707,38900,0.0,0.0
2024-02-08 00:00:00-05:00,3.7643588355463766,3.893461434657753,3.757564132437739,3.8730766773223877,29200,0.0,0.0
2024-02-09 00:00:00-05:00,3.8594870317868657,3.8594870317868657,3.7983334064483643,3.7983334064483643,31600,0.0,0.0
2024-02-12 00:00:00-05:00,3.798333357143956,4.076922991194035,3.798333357143956,4.070127964019775,65900,0.0,0.0
2024-02-13 00:00:00-05:00,4.070127942603389,4.271256145036028,4.056538212331105,4.185640811920166,68100,0.0,0.0
2024-02-14 00:00:00-05:00,4.199230664915385,4.233205153591366,4.117692280898714,4.165256500244141,39200,0.0,0.0
2024-02-15 00:00:00-05:00,4.1516669019773325,4.24679501969722,4.1108977086688085,4.212820529937744,34400,0.0,0.0
2024-02-16 00:00:00-05:00,4.178846118152575,4.38269207269372,4.151666657547089,4.32153844833374,96800,0.0,0.0
2024-02-20 00:00:00-05:00,4.246794661247777,4.335807505859946,4.1924357414245605,4.1924357414245605,56500,0.0,0.0
2024-02-21 00:00:00-05:00,4.144871576293077,4.169333284921568,3.954615354537964,3.954615354537964,53900,0.0,0.0
2024-02-22 00:00:00-05:00,4.008974281399834,4.17884607023877,4.008974281399834,4.131281852722168,47400,0.0,0.0
2024-02-23 00:00:00-05:00,4.158461605526379,4.24679501969722,4.036154025600808,4.212820529937744,53500,0.0,0.0
2024-02-26 00:00:00-05:00,4.1720512964544865,4.239999951314381,4.124487400054932,4.124487400054932,35500,0.0,0.0
2024-02-27 00:00:00-05:00,4.151666794990923,4.151666794990923,4.04974365234375,4.04974365234375,28100,0.0,0.0
2024-02-28 00:00:00-05:00,4.036154020839068,4.212820524967578,4.035474582885439,4.17884635925293,59400,0.0,0.0
2024-02-29 00:00:00-05:00,4.17884635925293,4.219615552513355,4.17884635925293,4.17884635925293,35900,0.0,0.0
2024-03-01 00:00:00-05:00,4.165256592970868,4.185641027426465,4.104102641594591,4.124487400054932,38100,0.0,0.0
2024-03-04 00:00:00-05:00,4.110897413865592,4.110897413865592,3.811923027038574,3.811923027038574,94000,0.0,0.0
2024-03-05 00:00:00-05:00,3.8323074675690725,3.8921025394518423,3.8187177374147567,3.8458971977233887,34300,0.0,0.0
2024-03-06 00:00:00-05:00,3.8458971585895263,3.873076618621594,3.7915382385253906,3.7915382385253906,36200,0.0,0.0
2024-03-07 00:00:00-05:00,3.8051280719825997,3.852692290334097,3.743974447250366,3.743974447250366,40800,0.0,0.0
2024-03-08 00:00:00-05:00,3.737179420055268,3.8051280719825997,3.7106793972028993,3.743974447250366,52000,0.0,0.0
2024-03-11 00:00:00-04:00,3.7099999164823374,3.791538297854433,3.63525623822222,3.730384349822998,53500,0.0,0.0
2024-03-12 00:00:00-04:00,3.7032050391636284,3.941025813792729,3.7032050391636284,3.9070513248443604,33600,0.0,0.0
2024-03-13 00:00:00-04:00,3.8730766755535666,4.104102413226808,3.8730766755535666,4.015769004821777,52600,0.0,0.0
2024-03-14 00:00:00-04:00,3.9682050147819883,4.093910097229092,3.9186024844976854,4.022563934326172,54200,0.0,0.0
2024-03-15 00:00:00-04:00,4.02256403376913,4.117692145323139,3.8730766773223877,3.8730766773223877,65100,0.0,0.0
2024-03-18 00:00:00-04:00,3.8730766755535666,4.104102413226808,3.8526922422322367,4.015769004821777,52900,0.0,0.0
2024-03-19 00:00:00-04:00,4.002179228380919,4.002179228380919,3.784743547439575,3.784743547439575,49700,0.0,0.0
2024-03-20 00:00:00-04:00,3.777948500820782,3.845897150762668,3.7167945538707245,3.757564067840576,30200,0.0,0.0
2024-03-21 00:00:00-04:00,3.791538379185901,3.845897301266673,3.7643589181455153,3.7983334064483643,29500,0.0,0.0
2024-03-22 00:00:00-04:00,3.811923099177698,3.811923099177698,3.7235896896698017,3.743974447250366,24600,0.0,0.0
2024-03-25 00:00:00-04:00,3.709999850243536,3.722910142330991,3.6012820103551366,3.6148717403411865,38100,0.0,0.0
2024-03-26 00:00:00-04:00,3.58769237423687,3.832307520385837,3.58769237423687,3.7507691383361816,51200,0.0,0.0
2024-03-27 00:00:00-04:00,3.6624356916295135,3.7840638255428014,3.6148717979230467,3.6964101791381836,44100,0.0,0.0
2024-03-28 00:00:00-04:00,3.6760253710556205,3.7779485081690547,3.648845911026001,3.648845911026001,37000,0.0,0.0
2024-04-01 00:00:00-04:00,3.608076732918969,3.614871759951216,3.492563865408549,3.499358892440796,39000,0.0,0.0
2024-04-02 00:00:00-04:00,3.4993588728088594,3.5401280627594534,3.4653843858476714,3.472179412841797,35900,0.0,0.0
2024-04-03 00:00:00-04:00,3.4925639629364014,3.52653845103691,3.4382050411793728,3.4925639629364014,22700,0.0,0.0
2024-04-04 00:00:00-04:00,3.4925638655444096,3.499358892576921,3.3226920777882945,3.3566665649414062,65300,0.0,0.0
2024-04-05 00:00:00-04:00,3.3566666437891817,3.4178205924993947,3.281922964699447,3.3226921558380127,15500,0.0,0.0
2024-04-08 00:00:00-04:00,3.288717894679008,3.3634612475546435,3.1867947578430176,3.1867947578430176,45800,0.0,0.0
2024-04-09 00:00:00-04:00,3.1867948742287906,3.4110255890543266,3.1867948742287906,3.207179307937622,43300,0.0,0.0
2024-04-10 00:00:00-04:00,3.1596152873081245,3.3498715063605378,3.146025557375809,3.3362817764282227,48400,0.0,0.0
2024-04-11 00:00:00-04:00,3.2955126692341996,3.3485127145001052,3.20717926045769,3.261538505554199,29700,0.0,0.0
2024-04-12 00:00:00-04:00,3.2139743961319485,3.2683333190594235,2.996538380417312,3.2479488849639893,39800,0.0,0.0
2024-04-15 00:00:00-04:00,3.2139743526572855,3.234359110481718,2.8810254682231164,3.057692289352417,48100,0.0,0.0
2024-04-16 00:00:00-04:00,3.0305127220760593,3.0916666694019677,2.979551315307617,2.979551315307617,22900,0.0,0.0
2024-04-17 00:00:00-04:00,2.989743510445393,3.050897133328547,2.989743510445393,3.044102430343628,14900,0.0,0.0
2024-04-18 00:00:00-04:00,3.0169231346529766,3.023717838007838,2.935384750366211,2.935384750366211,19500,0.0,0.0
2024-04-19 00:00:00-04:00,2.9217949514448844,3.044102525019865,2.806282081066149,2.8606410026550293,30900,0.0,0.0
2024-04-22 00:00:00-04:00,2.847051314653734,2.887820506452495,2.7247437392574505,2.7723076343536377,92200,0.0,0.0
2024-04-23 00:00:00-04:00,2.765512969053396,2.8606410845575323,2.6500000953674316,2.6500000953674316,61800,0.0,0.0
2024-04-24 00:00:00-04:00,2.6500001406901523,2.6500001406901523,2.5141026685004877,2.56166672706604,70900,0.0,0.0
2024-04-25 00:00:00-04:00,2.527692227389326,2.79269228821341,2.527692227389326,2.711153745651245,36800,0.0,0.0
2024-04-26 00:00:00-04:00,2.7179486534439077,2.8334615230560303,2.663589732215786,2.8334615230560303,38500,0.0,0.0
2024-04-29 00:00:00-04:00,2.806282081066149,2.8878204634494695,2.751923159477269,2.8606410026550293,31800,0.0,0.0
2024-04-30 00:00:00-04:00,2.826666495900151,3.023717747354456,2.826666495900151,2.8334615230560303,17400,0.0,0.0
2024-05-01 00:00:00-04:00,2.887820392418382,2.9251920690903317,2.724743631662905,2.7858972549438477,21500,0.0,0.0
2024-05-02 00:00:00-04:00,2.7858973832637304,2.8606410640550846,2.7858973832637304,2.7994871139526367,13700,0.0,0.0
2024-05-03 00:00:00-04:00,2.8198717995538223,2.976153860464171,2.785897311701896,2.8674356937408447,20000,0.0,0.0
2024-05-06 00:00:00-04:00,2.853846036708263,2.8769488704836674,2.7994871139526367,2.7994871139526367,12400,0.0,0.0
2024-05-07 00:00:00-04:00,2.7858973594113996,2.942179422998135,2.7858973594113996,2.9149999618530273,17500,0.0,0.0
2024-05-08 00:00:00-04:00,2.9761538574277,3.0508972122181133,2.9299485151156546,3.0101280212402344,21900,0.0,0.0
2024-05-09 00:00:00-04:00,3.0101281132754294,3.037307574758365,2.9693589210510254,2.9693589210510254,10900,0.0,0.0
2024-05-10 00:00:00-04:00,3.050897310406564,3.230282210089078,3.0237178488799157,3.1052565574645996,38600,0.0,0.0
2024-05-13 00:00:00-04:00,3.1052564913840017,3.241153796125317,3.1052564913840017,3.207179307937622,25300,0.0,0.0
2024-05-14 00:00:00-04:00,3.207179325380897,3.207179325380897,3.0379872934594108,3.057692289352417,28600,0.0,0.0
2024-05-15 00:00:00-04:00,3.057692149657073,3.193589448928833,3.057692149657073,3.193589448928833,18800,0.0,0.0
2024-05-16 00:00:00-04:00,3.1596152861132523,3.23435896271508,3.1188460963317244,3.193589448928833,22500,0.0,0.0
2024-05-17 00:00:00-04:00,3.2071792415646936,3.2955126498208447,3.2071792415646936,3.2343590259552,25700,0.0,0.0
2024-05-20 00:00:00-04:00,3.2003847094189535,3.241153902175309,3.1596155166625977,3.1596155166625977,12800,0.0,0.0
2024-05-21 00:00:00-04:00,3.159615297887383,3.261538434723373,3.159615297887383,3.1867947578430176,5800,0.0,0.0
2024-05-22 00:00:00-04:00,3.1596155166625977,3.1786410751479486,3.1324360548250274,3.1596155166625977,14600,0.0,0.0
2024-05-23 00:00:00-04:00,3.152820489200834,3.1867949785001684,3.127000227258462,3.1596155166625977,21300,0.0,0.0
2024-05-24 00:00:00-04:00,3.1596153947493466,3.186794855538202,3.1596153947493466,3.179999828338623,9700,0.0,0.0
2024-05-28 00:00:00-04:00,3.1596155166625977,3.2275641712565237,3.1596155166625977,3.1596155166625977,22200,0.0,0.0
2024-05-29 00:00:00-04:00,3.1596154132805276,3.2275640656511855,3.152820386041096,3.207179307937622,20700,0.0,0.0
2024-05-30 00:00:00-04:00,3.1799999510384045,3.2071794128759747,3.1596155166625977,3.1596155166625977,10100,0.0,0.0
2024-05-31 00:00:00-04:00,3.139230560250152,3.1901922909843377,2.9557690424174736,3.071281909942627,29800,0.0,0.0
2024-06-03 00:00:00-04:00,2.9965383349612873,3.2003846168518066,2.952371629751517,3.2003846168518066,30800,0.0,0.0
2024-06-04 00:00:00-04:00,2.9897437149906225,3.1867949751054714,2.9897437149906225,3.0237178802490234,18200,0.0,0.0
2024-06-05 00:00:00-04:00,2.996538302961756,3.044102521296209,2.9795513829895577,3.003333330154419,17700,0.0,0.0
2024-06-06 00:00:00-04:00,2.9421794414520264,3.0196408738009617,2.9421794414520264,2.9421794414520264,40800,0.0,0.0
2024-06-07 00:00:00-04:00,2.921794879414501,2.9965382327542143,2.887820392256651,2.9285895824432373,30800,0.0,0.0
2024-06-10 00:00:00-04:00,2.9014102176047425,2.953730825864593,2.7451281547546387,2.7451281547546387,31800,0.0,0.0
2024-06-11 00:00:00-04:00,2.7247437392574505,2.826666556751986,2.7247437392574505,2.7723076343536377,22500,0.0,0.0
2024-06-12 00:00:00-04:00,2.745128037550093,2.831422806394428,2.724743604660034,2.724743604660034,11000,0.0,0.0
2024-06-13 00:00:00-04:00,2.72474368336101,2.7723075774814534,2.6635897349150364,2.6907691955566406,29600,0.0,0.0
2024-06-14 00:00:00-04:00,2.6703845163479554,2.694166462662516,2.6533972729783906,2.656794786453247,14300,0.0,0.0
2024-06-17 00:00:00-04:00,2.636410285201911,2.7247436946556496,2.6160255276338447,2.6330127716064453,23500,0.0,0.0
2024-06-18 00:00:00-04:00,2.6364102047917934,2.744448606595566,2.582051122938835,2.616025447845459,37900,0.0,0.0
2024-06-20 00:00:00-04:00,2.616025493047049,2.636410250345606,2.5956408977508545,2.5956408977508545,10800,0.0,0.0
2024-06-21 00:00:00-04:00,2.5820511768468557,2.6432051249579103,2.561666581477292,2.6017563343048096,16800,0.0,0.0
2024-06-24 00:00:00-04:00,2.5752562887921373,2.697564021922786,2.5616665586667717,2.6364102363586426,22900,0.0,0.0
2024-06-25 00:00:00-04:00,2.643205076067216,2.683974266052246,2.6364102110697107,2.683974266052246,15400,0.0,0.0
2024-06-26 00:00:00-04:00,2.6635897717036454,2.7519231820112546,2.6635897717036454,2.7451281547546387,25400,0.0,0.0
2024-06-27 00:00:00-04:00,2.7247435928136112,2.751923052552,2.684653679096421,2.7315382957458496,7300,0.0,0.0
2024-06-28 00:00:00-04:00,2.7383334327813884,2.7723075968179955,2.686692262799312,2.7179486751556396,15600,0.0,0.0
2024-07-01 00:00:00-04:00,2.711153786282495,2.749884501428611,2.6228203773498535,2.6228203773498535,13200,0.0,0.0
2024-07-02 00:00:00-04:00,2.60923073870933,2.656794958421899,2.5616666809991306,2.5820512771606445,23300,0.0,0.0
2024-07-03 00:00:00-04:00,2.582051249650809,2.650000064800947,2.582051249650809,2.629615306854248,7400,0.0,0.0
2024-07-05 00:00:00-04:00,2.6364102047917934,2.643884507670543,2.616025447845459,2.616025447845459,15200,0.0,0.0
2024-07-08 00:00:00-04:00,2.6024356981058356,2.6228202928948994,2.582051103316772,2.58884596824646,24300,0.0,0.0
2024-07-09 00:00:00-04:00,2.582051212874247,2.6302948693236794,2.5616666172202565,2.57525634765625,29500,0.0,0.0
2024-07-10 00:00:00-04:00,2.5684613734573962,2.6364101847566337,2.5684613734573962,2.58884596824646,23400,0.0,0.0
2024-07-11 00:00:00-04:00,2.6024358913254666,2.636410380498724,2.5616666987204026,2.6092307567596436,40200,0.0,0.0
2024-07-12 00:00:00-04:00,2.5888460132956364,2.5888460132956364,2.548076823008074,2.5684614181518555,31700,0.0,0.0
2024-07-15 00:00:00-04:00,2.5888461149655857,2.6350512963074904,2.5888461149655857,2.629615306854248,29500,0.0,0.0
2024-07-16 00:00:00-04:00,2.609230692522141,2.6500000461258617,2.5997179135489654,2.602435827255249,40100,0.0,0.0
2024-07-17 00:00:00-04:00,2.5820511482477095,2.602435743391491,2.548076823008074,2.5684614181518555,25500,0.0,0.0
2024-07-18 00:00:00-04:00,2.5548716486119947,2.5548716486119947,2.4869229991817656,2.5141024589538574,28900,0.0,0.0
2024-07-19 00:00:00-04:00,2.4937178572188685,2.514102451991486,2.405384451201836,2.4461536407470703,30400,0.0,0.0
2024-07-22 00:00:00-04:00,2.4393588263375707,2.493717908859253,2.4393588263375707,2.493717908859253,24000,0.0,0.0
2024-07-23 00:00:00-04:00,2.5141026685004877,2.582051323594134,2.480128340953665,2.56166672706604,19900,0.0,0.0
2024-07-24 00:00:00-04:00,2.5616665910135077,2.7519231391757564,2.5616665910135077,2.6228203773498535,47900,0.0,0.0
2024-07-25 00:00:00-04:00,2.6092305630355237,2.6330126712906106,2.5480767786683325,2.58884596824646,13600,0.0,0.0
2024-07-26 00:00:00-04:00,2.5888460132956364,2.616025473487345,2.548076823008074,2.5684614181518555,10800,0.0,0.0
2024-07-29 00:00:00-04:00,2.5616666444132803,2.6330128109607944,2.5141025873823932,2.5276923179626465,20300,0.0,0.0
2024-07-30 00:00:00-04:00,2.4733334258071387,2.5195384455425835,2.467897436307318,2.49711537361145,17300,0.0,0.0
2024-07-31 00:00:00-04:00,2.5005128383636475,2.5168204825392277,2.4801282426435813,2.5005128383636475,20400,0.0,0.0
2024-08-01 00:00:00-04:00,2.493718034931103,2.541282092790146,2.389756415979444,2.439358949661255,24900,0.0,0.0
2024-08-02 00:00:00-04:00,2.391794775476325,2.479448583582766,2.242307581758759,2.3680126667022705,57400,0.0,0.0
2024-08-05 00:00:00-04:00,2.19474353249596,2.3102564011543882,2.0384614732530384,2.293269157409668,165500,0.0,0.0
2024-08-06 00:00:00-04:00,2.310256496838267,2.3985897467631676,2.215128219532158,2.269487142562866,28300,0.0,0.0
2024-08-07 00:00:00-04:00,2.262692103931559,2.310256319943845,2.249102374214436,2.2762818336486816,25700,0.0,0.0
2024-08-08 00:00:00-04:00,2.276281962173039,2.3612178587019192,2.2423076359619603,2.2898716926574707,75700,0.0,0.0
2024-08-09 00:00:00-04:00,2.2966667534772682,2.385000002917426,2.2558973994255958,2.3272435665130615,28600,0.0,0.0
2024-08-12 00:00:00-04:00,2.3306409370355734,2.4801281273704574,2.3102563422629565,2.4461536407470703,54500,0.0,0.0
2024-08-13 00:00:00-04:00,2.439358820751174,2.4597434158992364,2.3782050353069875,2.425769090652466,35300,0.0,0.0
2024-08-14 00:00:00-04:00,2.418974342899683,2.436641025285137,2.187948758016804,2.269487142562866,237800,0.0,0.0
2024-08-15 00:00:00-04:00,2.2423075965035975,2.3782050609588623,2.2423075965035975,2.3782050609588623,38900,0.0,0.0
2024-08-16 00:00:00-04:00,2.371410195836217,2.4121793865720873,2.344230735345637,2.3782050609588623,24100,0.0,0.0
2024-08-19 00:00:00-04:00,2.330640961109545,2.4325639360254274,2.330640961109545,2.398589611053467,37400,0.0,0.0
2024-08-20 00:00:00-04:00,2.3917948403636045,2.4230512529706694,2.3646153793143947,2.374807596206665,20300,0.0,0.0
2024-08-21 00:00:00-04:00,2.3442308525207523,2.5480769783916064,2.3442308525207523,2.534487247467041,31700,0.0,0.0
2024-08-22 00:00:00-04:00,2.5412819187259488,2.548076783668972,2.4937178641247884,2.5141024589538574,16000,0.0,0.0
2024-08-23 00:00:00-04:00,2.500512787975514,2.58205116921269,2.452948570251465,2.452948570251465,43800,0.0,0.0
2024-08-26 00:00:00-04:00,2.4529486011958346,2.514102549897547,2.4529486011958346,2.4733333587646484,15800,0.0,0.0
2024-08-27 00:00:00-04:00,2.480128285642909,2.5208974777898794,2.3714102779152855,2.412179470062256,54100,0.0,0.0
2024-08-28 00:00:00-04:00,2.3985895964575237,2.4325639212227435,2.2762818653003745,2.2966666221618652,24600,0.0,0.0
2024-08-29 00:00:00-04:00,2.269487078244741,2.3782050832274173,2.2626922130584717,2.2626922130584717,51200,0.0,0.0
2024-08-30 00:00:00-04:00,2.2355128624213507,2.323846276195993,2.2355128624213507,2.317051410675049,21100,0.0,0.0
2024-09-03 00:00:00-04:00,2.3714101366453484,2.466538407990322,2.247743529699006,2.2966666221618652,40600,0.0,0.0
2024-09-04 00:00:00-04:00,2.255897396506227,2.3102564811706543,2.2504615690409686,2.3102564811706543,17400,0.0,0.0
2024-09-05 00:00:00-04:00,2.2762820545400126,2.334038492443671,2.208333399360635,2.2491025924682617,67700,0.0,0.0
2024-09-06 00:00:00-04:00,2.249102398753167,2.2898715883493455,2.2151280740896855,2.228717803955078,24500,0.0,0.0
2024-09-09 00:00:00-04:00,2.181153725628823,2.29055116325331,2.181153725628823,2.2762818336486816,27700,0.0,0.0
2024-09-10 00:00:00-04:00,2.249102528287907,2.2817179790447177,2.174359009723471,2.242307662963867,79400,0.0,0.0
2024-09-11 00:00:00-04:00,2.228717810629067,2.3102563520679533,2.204935702292234,2.2966666221618652,34600,0.0,0.0
2024-09-12 00:00:00-04:00,2.2966667859911967,2.4393589601838537,2.215128238735879,2.3646154403686523,34600,0.0,0.0
2024-09-13 00:00:00-04:00,2.3510255417862167,2.3612177582146026,2.2694870003473304,2.2966666221618652,44000,0.0,0.0
2024-09-16 00:00:00-04:00,2.276281841046663,2.354422868175257,2.276281841046663,2.3442306518554688,14300,0.0,0.0
2024-09-17 00:00:00-04:00,2.3374358067636165,2.439358780836171,2.2891921523009557,2.3714101314544678,35200,0.0,0.0
2024-09-18 00:00:00-04:00,2.3646152665162976,2.3917947262689787,2.339474282445303,2.3714101314544678,13100,0.0,0.0
2024-09-19 00:00:00-04:00,2.3782050798513668,2.4461537316176027,2.3306410236150015,2.4053845405578613,15400,0.0,0.0
2024-09-20 00:00:00-04:00,2.3917947985312487,2.3917947985312487,2.3034615516662598,2.3034615516662598,7300,0.0,0.0
2024-09-23 00:00:00-04:00,2.2966668141122177,2.334038493476222,2.272884703787728,2.317051410675049,20100,0.0,0.0
2024-09-24 00:00:00-04:00,2.262692231688608,2.3082179746135827,2.262692231688608,2.2898716926574707,29500,0.0,0.0
2024-09-25 00:00:00-04:00,2.255897302949238,2.2864742766797366,2.2368717456074965,2.283076763153076,22700,0.0,0.0
2024-09-26 00:00:00-04:00,2.26948719002607,2.3374360072378804,2.26948719002607,2.317051410675049,21300,0.0,0.0
2024-09-27 00:00:00-04:00,2.3102564811706543,2.3605384522325847,2.3102564811706543,2.3102564811706543,20700,0.0,0.0
2024-09-30 00:00:00-04:00,2.3238462299979297,2.3714102876989624,2.3102564992262056,2.3374359607696533,15600,0.0,0.0
2024-10-01 00:00:00-04:00,2.2966666221618652,2.3714101366453484,2.268807562452734,2.2966666221618652,19800,0.0,0.0
2024-10-02 00:00:00-04:00,2.2762818975196355,2.2932691411438677,2.2389102207501024,2.2681281566619873,37500,0.0,0.0
2024-10-03 00:00:00-04:00,2.255897411805189,2.323846227595944,2.255897411805189,2.269487142562866,21800,0.0,0.0
2024-10-04 00:00:00-04:00,2.262692335372167,2.262692335372167,2.174359083175659,2.174359083175659,16100,0.0,0.0
2024-10-07 00:00:00-04:00,2.174358884493507,2.2355126688877744,2.140384559830025,2.228717803955078,47600,0.0,0.0
2024-10-08 00:00:00-04:00,2.2083333180969724,2.2525000233394796,2.1750384296835716,2.215128183364868,20400,0.0,0.0
2024-10-09 00:00:00-04:00,2.194743651011912,2.2864744157816568,2.1743590546188987,2.2219231128692627,52400,0.0,0.0
2024-10-10 00:00:00-04:00,2.2219229456760234,2.3442306768331727,2.174358891004716,2.2966666221618652,47900,0.0,0.0
2024-10-11 00:00:00-04:00,2.289871786588901,2.3917949314054305,2.2423077279422947,2.317051410675049,37300,0.0,0.0
2024-10-14 00:00:00-04:00,2.3102564540924484,2.391794837129836,2.295987123659249,2.357820510864258,36500,0.0,0.0
2024-10-15 00:00:00-04:00,2.3510256891112977,2.3510256891112977,2.2491025464263505,2.269487142562866,23200,0.0,0.0
2024-10-16 00:00:00-04:00,2.2694871242600256,2.329961474244689,2.242307662963867,2.242307662963867,14900,0.0,0.0
2024-10-17 00:00:00-04:00,2.2491024378982787,2.3374358455631135,2.208333247592522,2.283076763153076,29100,0.0,0.0
2024-10-18 00:00:00-04:00,2.289871786588901,2.374128248650502,2.2368719003264887,2.317051410675049,32300,0.0,0.0
2024-10-21 00:00:00-04:00,2.289871563365804,2.310256319943845,2.242307509355875,2.2762818336486816,12200,0.0,0.0
2024-10-22 00:00:00-04:00,2.262692258935986,2.2762819895840654,2.2287179323157877,2.242307662963867,20200,0.0,0.0
2024-10-23 00:00:00-04:00,2.242307579211701,2.242307579211701,2.1403846031580196,2.2083332538604736,28400,0.0,0.0
2024-10-24 00:00:00-04:00,2.208333364089084,2.2355128257267243,2.147179575404393,2.1947436332702637,17600,0.0,0.0
2024-10-25 00:00:00-04:00,2.1403847554077715,2.2355128731578566,2.1403847554077715,2.174359083175659,15600,0.0,0.0
2024-10-28 00:00:00-04:00,2.2083332538604736,2.2287178490712103,2.1403846031580196,2.2083332538604736,28100,0.0,0.0
2024-10-29 00:00:00-04:00,2.2015384986796738,2.228717960317314,2.1845512541549637,2.1947436332702637,10800,0.0,0.0
2024-10-30 00:00:00-04:00,2.140384584201086,2.2355126943419927,2.140384584201086,2.1811537742614746,45400,0.0,0.0
2024-10-31 00:00:00-04:00,2.160769159610841,2.2083332142493983,2.1539742946624756,2.1539742946624756,14400,0.0,0.0
2024-11-01 00:00:00-04:00,2.167564189154561,2.2287179783336004,2.147179592761548,2.2219231128692627,27700,0.0,0.0
2024-11-04 00:00:00-05:00,2.194743523719983,2.2966666617760265,2.192025610092357,2.2083332538604736,32000,0.0,0.0
2024-11-05 00:00:00-05:00,2.201538533842697,2.3238462751679503,2.201538533842697,2.2491025924682617,54400,0.0,0.0
2024-11-06 00:00:00-05:00,2.2287179895594127,2.303461672045975,2.14717960357666,2.14717960357666,45700,0.0,0.0
2024-11-07 00:00:00-05:00,2.153974469075223,2.1811539310694736,2.1403847380780974,2.14717960357666,28400,0.0,0.0
2024-11-08 00:00:00-05:00,2.1471795359996744,2.1675641318538097,1.973910228235975,2.0724358558654785,99900,0.0,0.0
2024-11-11 00:00:00-05:00,2.0452563117711975,2.0724357718076476,1.9705127966709597,2.038461446762085,39600,0.0,0.0
2024-11-12 00:00:00-05:00,1.9908974015785583,2.024871726792726,1.8957691289765277,1.9093588590621948,64800,0.0,0.0
2024-11-13 00:00:00-05:00,1.9025639944527968,1.9161537245415596,1.7666665315628052,1.7666665315628052,103200,0.0,0.0
2024-11-14 00:00:00-05:00,1.7802562481961335,1.841410195135718,1.7191024632589091,1.8074358701705933,70600,0.0,0.0
2024-11-15 00:00:00-05:00,1.7870513819671041,1.7870513819671041,1.7007564455974764,1.7258974313735962,45300,0.0,0.0
2024-11-18 00:00:00-05:00,1.712307684990546,1.860435846542275,1.705512819653376,1.8550000190734863,44000,0.0,0.0
2024-11-19 00:00:00-05:00,1.80064104314201,1.8889742899137385,1.80064104314201,1.8617948293685913,37200,0.0,0.0
2024-11-20 00:00:00-05:00,1.841410297391576,1.8957692203543959,1.8074359705398138,1.8685897588729858,27000,0.0,0.0
2024-11-21 00:00:00-05:00,1.8685896848728758,1.8821794150753988,1.8087947747803579,1.8482050895690918,20900,0.0,0.0
2024-11-22 00:00:00-05:00,1.814230754572441,1.8380127013012697,1.807435889506724,1.8346153497695923,15800,0.0,0.0
2024-11-25 00:00:00-05:00,1.793846203971067,1.8346153953789088,1.7666665810301398,1.8142307996749878,27300,0.0,0.0
2024-11-26 00:00:00-05:00,1.821025641056085,1.821025641056085,1.7191025018692017,1.7191025018692017,35600,0.0,0.0
2024-11-27 00:00:00-05:00,1.712307664477321,1.7666665865234688,1.6919230687100155,1.7598717212677002,43200,0.0,0.0
2024-11-29 00:00:00-05:00,1.7462819428243097,1.7598716729628363,1.6919230222702026,1.6919230222702026,22000,0.0,0.0
2024-12-02 00:00:00-05:00,1.6919230125310034,1.7326922027119045,1.6579486873802525,1.6783332824707031,45100,0.0,0.0
2024-12-03 00:00:00-05:00,1.664743561993149,1.719102482547256,1.6579486969238857,1.6919230222702026,37200,0.0,0.0
2024-12-04 00:00:00-05:00,1.6783333838432533,1.697358942275887,1.6239744603187336,1.6511539220809937,71600,0.0,0.0
2024-12-05 00:00:00-05:00,1.630769227259652,1.759871662832505,1.630769227259652,1.6783332824707031,55400,0.0,0.0
2024-12-06 00:00:00-05:00,1.6579487856378716,1.6817307336516436,1.528846180411447,1.5832051038742065,61800,0.0,0.0
2024-12-09 00:00:00-05:00,1.5628204302036752,1.6511538384598263,1.55602556510723,1.6171795129776,65100,0.0,0.0
2024-12-10 00:00:00-05:00,1.6239743622295018,1.6919230125310034,1.6239743622295018,1.6783332824707031,23100,0.0,0.0
2024-12-11 00:00:00-05:00,1.65794868130298,1.65794868130298,1.6035895992586728,1.610384464263916,11600,0.0,0.0
2024-12-12 00:00:00-05:00,1.6579486979485822,2.146499869336002,1.6307692376547305,2.065640926361084,571300,0.0,0.0
2024-12-13 00:00:00-05:00,2.16756401757573,2.1709613690377876,1.9297434211444378,2.0860254764556885,123700,0.0,0.0
2024-12-16 00:00:00-05:00,2.0656410658685895,2.0860256624656963,1.9779872519003203,2.0044872760772705,33100,0.0,0.0
2024-12-17 00:00:00-05:00,1.990897545012533,2.0724359314009586,1.9773078139477953,2.0044872760772705,65700,0.0,0.0
2024-12-18 00:00:00-05:00,2.0452563847407745,2.072435845746919,1.93653837871383,1.970512866973877,77000,0.0,0.0
2024-12-19 00:00:00-05:00,1.970512901430642,1.970512901430642,1.8685897588729858,1.8685897588729858,39500,0.0,0.0
2024-12-20 00:00:00-05:00,1.8685897588729858,1.9317820230175007,1.7870513744287564,1.8685897588729858,40400,0.0,0.0
2024-12-23 00:00:00-05:00,1.8685897678663739,1.9025640948816522,1.8346154408510957,1.8821794986724854,18400,0.0,0.0
2024-12-24 00:00:00-05:00,1.8278205432851296,2.001089689015335,1.8074359474346564,1.991576910018921,34100,0.0,0.0
2024-12-26 00:00:00-05:00,1.9841025880514052,2.0248717793669466,1.9297435042949842,1.9569231271743774,20800,0.0,0.0
2024-12-27 00:00:00-05:00,1.9501281242781316,1.9773077474965561,1.8821794712379891,1.9297435283660889,35000,0.0,0.0
2024-12-30 00:00:00-05:00,1.929743469204818,1.9908974170684817,1.912756387466749,1.9908974170684814,31100,0.0,0.0
2024-12-31 00:00:00-05:00,1.9705128064500577,1.9908974015785583,1.889653701837269,1.9093588590621948,23400,0.0,0.0
2025-01-02 00:00:00-05:00,1.9161537297024764,1.990897407394347,1.8685896742636983,1.977307677268982,23300,0.0,0.0
2025-01-03 00:00:00-05:00,1.990897372334017,2.0248716970491314,1.9297434258444521,2.011281967163086,22500,0.0,0.0
2025-01-06 00:00:00-05:00,1.9841025892560382,2.0996152980535383,1.9705128588092733,2.0452563762664795,35600,0.0,0.0
2025-01-07 00:00:00-05:00,2.065640869095319,2.136987031389931,1.977307625589163,2.1267948150634766,109100,0.0,0.0
2025-01-08 00:00:00-05:00,2.133589744567871,2.235512720931111,2.0554487150215395,2.133589744567871,73100,0.0,0.0
2025-01-10 00:00:00-05:00,2.1064101551646544,2.1845511859337954,2.0724358291785854,2.119999885559082,40500,0.0,0.0
2025-01-13 00:00:00-05:00,2.0724358291785854,2.1675641039419435,2.0724358291785854,2.119999885559082,20800,0.0,0.0
2025-01-14 00:00:00-05:00,2.126794940145539,2.133589805430251,2.0724358558654785,2.0724358558654785,10200,0.0,0.0
2025-01-15 00:00:00-05:00,2.1064101340068166,2.2355127334594727,2.090781928009966,2.2355127334594727,52500,0.0,0.0
2025-01-16 00:00:00-05:00,2.228717895028014,2.371410226447887,2.174358973345154,2.187948703765869,75200,0.0,0.0
2025-01-17 00:00:00-05:00,2.2694870394926827,2.289871634703419,2.1879486586497374,2.2083332538604736,17300,0.0,0.0
2025-01-21 00:00:00-05:00,2.1879487311398544,2.283756445206226,2.0996153202976795,2.1403846740722656,30000,0.0,0.0
2025-01-22 00:00:00-05:00,2.1607692855669254,2.1947436122891917,2.0724358740866644,2.0996153354644775,16400,0.0,0.0
2025-01-23 00:00:00-05:00,2.072435949221041,2.099615411584222,1.963718099768317,2.0316667556762695,51400,0.0,0.0
2025-01-24 00:00:00-05:00,2.0384614269351773,2.058846021764246,1.9705127775049485,2.011281967163086,19800,0.0,0.0
2025-01-27 00:00:00-05:00,1.9569230862498463,2.018076871944268,1.8889742734759043,1.9229485988616943,25300,0.0,0.0
2025-01-28 00:00:00-05:00,1.9161537142867462,1.9976922563853101,1.8414101991985596,1.8957691192626953,26000,0.0,0.0
2025-01-29 00:00:00-05:00,1.868589722575285,1.9161537792438115,1.8543205541754368,1.9025640487670898,16000,0.0,0.0
2025-01-30 00:00:00-05:00,1.9229486390757273,1.9569231271743774,1.8944103023562675,1.9569231271743774,16300,0.0,0.0
2025-01-31 00:00:00-05:00,1.936538369514241,1.9637179923936343,1.9297435042949842,1.9569231271743774,10500,0.0,0.0
2025-02-03 00:00:00-05:00,1.9229485947651592,1.9976922724570296,1.9229485947651592,1.977307677268982,58700,0.0,0.0
2025-02-04 00:00:00-05:00,1.9501280159238585,2.0860254764556885,1.9093588263650172,2.0860254764556885,53900,0.0,0.0
2025-02-05 00:00:00-05:00,2.052051156821223,2.079230616593315,2.011281967163086,2.011281967163086,16000,0.0,0.0
2025-02-06 00:00:00-05:00,2.0044871316642254,2.024871726792726,1.8414102086338595,1.9093588590621948,47900,0.0,0.0
2025-02-07 00:00:00-05:00,1.8617947942226105,1.92974344430278,1.8291793449827127,1.8957691192626953,42900,0.0,0.0
2025-02-10 00:00:00-05:00,1.8278205666508711,1.956923170689937,1.8278205666508711,1.8685897588729858,24400,0.0,0.0
2025-02-11 00:00:00-05:00,1.8414102883991461,1.9025640764336769,1.827820557724806,1.8550000190734863,27900,0.0,0.0
2025-02-12 00:00:00-05:00,1.8346153497695923,1.8617948100324606,1.807435889506724,1.8346153497695923,15900,0.0,0.0
2025-02-13 00:00:00-05:00,1.8006410692057073,1.86179485631747,1.7870513387364266,1.8142307996749878,16000,0.0,0.0
2025-02-14 00:00:00-05:00,1.7938461401845436,1.9025639800729424,1.7938461401845436,1.8074358701705933,19100,0.0,0.0
2025-02-18 00:00:00-05:00,1.814230799674988,1.8685897215521103,1.814230799674988,1.8142307996749878,19400,0.0,0.0
2025-02-19 00:00:00-05:00,1.8142307351636182,1.848205060128743,1.7666665182100836,1.8074358701705933,32900,0.0,0.0
2025-02-20 00:00:00-05:00,1.8006410963761257,1.8550000190734863,1.7870513657017855,1.8550000190734863,24400,0.0,0.0
2025-02-21 00:00:00-05:00,1.8482051258481895,1.8482051258481895,1.770064094648643,1.8142307996749878,18000,0.0,0.0
2025-02-24 00:00:00-05:00,1.7938461946760562,1.8611154087511421,1.766666571875963,1.8006410598754883,18100,0.0,0.0
2025-02-25 00:00:00-05:00,1.807435943666512,1.8414102700131374,1.7938462131278619,1.8278205394744873,19200,0.0,0.0
2025-02-26 00:00:00-05:00,1.8414102792739868,1.8482051445774847,1.7938462221495013,1.8414102792739868,7800,0.0,0.0
2025-02-27 00:00:00-05:00,1.827820545400403,1.8284999833288282,1.7666665957758452,1.7734614610671997,16400,0.0,0.0
2025-02-28 00:00:00-05:00,1.7598716532170586,1.8142307351636182,1.7598716532170586,1.8074358701705933,16200,0.0,0.0
2025-03-03 00:00:00-05:00,1.8006410286090029,1.8475256462716845,1.767346141109212,1.7802562713623047,43700,0.0,0.0
2025-03-04 00:00:00-05:00,1.7666665625825602,1.793846185239677,1.7123076412730551,1.7870513200759888,26700,0.0,0.0
2025-03-05 00:00:00-05:00,1.7666665344119061,1.7734613994672457,1.739487074190548,1.761230707168579,17300,0.0,0.0
2025-03-06 00:00:00-05:00,1.7530768837538682,1.7802563452070492,1.6715384993943252,1.7123076915740967,37300,0.0,0.0
2025-03-07 00:00:00-05:00,1.7191025659745809,1.7258974313735962,1.70551283517655,1.7258974313735962,13900,0.0,0.0
2025-03-10 00:00:00-04:00,1.7123076271774553,1.7123076271774553,1.657948706315429,1.7055127620697021,24200,0.0,0.0
2025-03-11 00:00:00-04:00,1.698717887339466,1.698717887339466,1.6545511833880728,1.6919230222702026,19600,0.0,0.0
2025-03-12 00:00:00-04:00,1.6375641732138633,1.6647436346776006,1.610384549747757,1.6239744424819946,38500,0.0,0.0
2025-03-13 00:00:00-04:00,1.610384549747757,1.651153903945732,1.610384549747757,1.6239744424819946,25400,0.0,0.0
2025-03-14 00:00:00-04:00,1.5764102384413616,1.6239744584736469,1.528846180411447,1.5832051038742065,39000,0.0,0.0
2025-03-17 00:00:00-04:00,1.5492307229860287,1.6171795369605317,1.5492307229860287,1.5899999141693115,12600,0.0,0.0
2025-03-18 00:00:00-04:00,1.5764102384413616,1.5899999693070517,1.556025642142827,1.5832051038742065,9900,0.0,0.0
2025-03-19 00:00:00-04:00,1.5696153092131373,1.6097050622382274,1.568935871298179,1.576410174369812,14800,0.0,0.0
2025-03-20 00:00:00-04:00,1.5424358349143394,1.6205768645246412,1.5424358349143394,1.6171795129776,16200,0.0,0.0
2025-03-21 00:00:00-04:00,1.589999953649954,1.630769307847929,1.569615357552151,1.6239744424819946,43800,0.0,0.0
2025-03-24 00:00:00-04:00,1.6239743530753337,1.6783332730101195,1.6239743530753337,1.672217845916748,21000,0.0,0.0
2025-03-25 00:00:00-04:00,1.6715384904665824,1.7367692300062911,1.6545512461478893,1.6987179517745972,31700,0.0,0.0
2025-03-26 00:00:00-04:00,1.6851281761410284,1.7258973670148363,1.6783333109953937,1.7191025018692017,14500,0.0,0.0
2025-03-27 00:00:00-04:00,1.7258973476165194,1.7598716729628363,1.6919230222702026,1.6919230222702026,14100,0.0,0.0
2025-03-28 00:00:00-04:00,1.6783333736709884,1.719102566067279,1.6783333736709884,1.7184231281280518,12900,0.0,0.0
2025-03-31 00:00:00-04:00,1.7123076172034628,1.7123076172034628,1.674935778327325,1.6844487190246582,34000,0.0,0.0
2025-04-01 00:00:00-04:00,1.6647436031047689,1.7258973902383605,1.5899999234946796,1.603589653968811,32200,0.0,0.0
2025-04-02 00:00:00-04:00,1.5899998657744612,1.6647435426712034,1.5899998657744612,1.6647435426712036,9100,0.0,0.0
2025-04-03 00:00:00-04:00,1.6239743725812674,1.6239743725812674,1.5227306723835987,1.549230694770813,23800,0.0,0.0
2025-04-04 00:00:00-04:00,1.4948718037360749,1.4948718037360749,1.2638461436675144,1.3589743375778198,53800,0.0,0.0
2025-04-07 00:00:00-04:00,1.3182051085188038,1.4873972959403778,1.304615297491851,1.3759615421295166,21900,0.0,0.0
2025-04-08 00:00:00-04:00,1.3929486636167923,1.4425511958339285,1.3324743146667117,1.3589743375778198,21400,0.0,0.0
2025-04-09 00:00:00-04:00,1.331794869321737,1.4405127120403347,1.3086922791433255,1.4337178468704224,24800,0.0,0.0
2025-04-10 00:00:00-04:00,1.3861537788751441,1.4269229695473864,1.3216025603107604,1.3317948579788208,28600,0.0,0.0
2025-04-11 00:00:00-04:00,1.3182051202707104,1.6647435630220453,1.3182051202707104,1.549230694770813,181700,0.0,0.0
2025-04-14 00:00:00-04:00,1.5628204625464166,1.7598717164236892,1.467692349227496,1.603589653968811,424900,0.0,0.0
2025-04-15 00:00:00-04:00,1.17551279609708,1.3725640459626545,1.1551282008008854,1.2978204488754272,206200,0.0,0.0
2025-04-16 00:00:00-04:00,1.2774358319185193,1.4140128124900027,1.2298716960327343,1.3793588876724243,22200,0.0,0.0
2025-04-17 00:00:00-04:00,1.3657692400426316,1.4133332977946997,1.3250000476837158,1.3250000476837158,28000,0.0,0.0
2025-04-21 00:00:00-04:00,1.324999970569927,1.3861537555492058,1.2944229970791072,1.3100512027740479,14600,0.0,0.0
2025-04-22 00:00:00-04:00,1.3453846331736592,1.3453846331736592,1.223076895066317,1.2774358987808228,42100,0.0,0.0
2025-04-23 00:00:00-04:00,1.3385897581739008,1.3691667329806545,1.2570512936911966,1.2638461589813232,28900,0.0,0.0
2025-04-24 00:00:00-04:00,1.2910255741238548,1.3046153042197088,1.2162819775954763,1.2842307090759277,57600,0.0,0.0
2025-04-25 00:00:00-04:00,1.284230796619219,1.3521795327315917,1.2624872431838767,1.322282075881958,20700,0.0,0.0
2025-04-28 00:00:00-04:00,1.3385897302700402,1.352179460567006,1.2638461326355466,1.3114101886749268,8600,0.0,0.0
2025-04-29 00:00:00-04:00,1.3046153783798218,1.3385897865518936,1.2910256475114672,1.3046153783798218,8600,0.0,0.0
2025-04-30 00:00:00-04:00,1.2910256294591533,1.3521794985128244,1.2706410334416576,1.2774358987808228,32600,0.0,0.0
2025-05-01 00:00:00-04:00,1.2706410512089354,1.3317949211177165,1.2706410512089354,1.3046153783798218,10200,0.0,0.0
2025-05-02 00:00:00-04:00,1.3046153165294778,1.3793589137631037,1.3046153165294778,1.3317948579788208,45100,0.0,0.0
2025-05-05 00:00:00-04:00,1.291025639716768,1.3453846438631736,1.291025639716768,1.3250000476837158,6900,0.0,0.0
2025-05-06 00:00:00-04:00,1.3182051811301922,1.3324743498425413,1.2774359078059796,1.2910256385803223,14100,0.0,0.0
2025-05-07 00:00:00-04:00,1.2910255741238548,1.3202435100301773,1.2774358440280007,1.2842307090759277,20900,0.0,0.0
2025-05-08 00:00:00-04:00,1.2910256475114672,1.3385897865518936,1.2910256475114672,1.3046153783798218,20300,0.0,0.0
2025-05-09 00:00:00-04:00,1.2774358987808228,1.3521794985128244,1.2570513027633272,1.2774358987808228,20800,0.0,0.0
2025-05-12 00:00:00-04:00,1.2978204175257726,1.4541025540250483,1.2638460928527862,1.3657691478729248,45200,0.0,0.0
2025-05-13 00:00:00-04:00,1.3657692492388345,1.4031410901539965,1.3250000566054057,1.3385897874832153,98800,0.0,0.0
2025-05-14 00:00:00-04:00,1.352179468593386,1.352179468593386,1.2366666793823242,1.2366666793823242,37400,0.0,0.0
2025-05-15 00:00:00-04:00,1.2366666346478599,1.297820419135066,1.202692228931566,1.2570512294769287,72800,0.0,0.0
2025-05-16 00:00:00-04:00,1.2570513166411112,1.3114102399545526,1.2366667203985706,1.253653883934021,37400,0.0,0.0
2025-05-19 00:00:00-04:00,1.2434614995908828,1.2706409593629744,1.2434614995908828,1.2570512294769287,6700,0.0,0.0
2025-05-20 00:00:00-04:00,1.2502564462572943,1.3114102347418362,1.2502564462572943,1.2910256385803223,52400,0.0,0.0
2025-05-21 00:00:00-04:00,1.2713204782577485,1.2774358243059973,1.2570512294769287,1.2570512294769287,24600,0.0,0.0
2025-05-22 00:00:00-04:00,1.27064102427145,1.3046153507220835,1.2434615631109431,1.2638461589813232,35800,0.0,0.0
2025-05-23 00:00:00-04:00,1.2312307877350768,1.297820483689133,1.2230768845969275,1.2298717498779297,26800,0.0,0.0
2025-05-27 00:00:00-04:00,1.257051284421846,1.2842307453819346,1.2298717424605743,1.2502564191818237,53000,0.0,0.0
2025-05-28 00:00:00-04:00,1.229871707672157,1.2842307090559069,1.229871707672157,1.244820475578308,21700,0.0,0.0
2025-05-29 00:00:00-04:00,1.2570512294769287,1.2774358243059973,1.2366666346478599,1.2570512294769287,39500,0.0,0.0
2025-05-30 00:00:00-04:00,1.2434615631109431,1.2774358895615767,1.2366666978208165,1.2638461589813232,24400,0.0,0.0
2025-06-02 00:00:00-04:00,1.2706409692764282,1.2835512613696045,1.2563717203842806,1.2706409692764282,10100,0.0,0.0
2025-06-03 00:00:00-04:00,1.2842306969020343,1.3929486176394543,1.2448204637974114,1.3793588876724243,41500,0.0,0.0
2025-06-04 00:00:00-04:00,1.3861537771305006,1.488076915685187,1.3589743167165478,1.4744871854782104,26400,0.0,0.0
2025-06-05 00:00:00-04:00,1.4608974776971024,1.4608974776971024,1.3521794723700253,1.3589743375778198,18700,0.0,0.0
2025-06-06 00:00:00-04:00,1.3657692027856143,1.385474360488928,1.3453846071622309,1.3589743375778198,16200,0.0,0.0
2025-06-09 00:00:00-04:00,1.3725640560124548,1.3793589211609376,1.3114101886749268,1.3114101886749268,12900,0.0,0.0
2025-06-10 00:00:00-04:00,1.3250000205975732,1.3827564562598766,1.3250000205975732,1.3725640773773193,12600,0.0,0.0
2025-06-11 00:00:00-04:00,1.3725640926217186,1.4201281499297354,1.3725640926217186,1.3902307748794556,31700,0.0,0.0
2025-06-12 00:00:00-04:00,1.3861537984089978,1.3861537984089978,1.3589743375778198,1.3589743375778198,27000,0.0,0.0
2025-06-13 00:00:00-04:00,1.4676923525937275,1.6851282026808985,1.40653840331751,1.6715384721755981,6762300,0.0,0.0
2025-06-16 00:00:00-04:00,1.5899999125510875,1.712307647978822,1.4608974739354197,1.5016666650772095,952300,0.0,0.0
2025-06-17 00:00:00-04:00,1.4608974895360995,1.6647436094242523,1.4269230012194352,1.6001923084259033,298000,0.0,0.0
2025-06-18 00:00:00-04:00,1.596794825651389,1.6647436415954635,1.5084615755271729,1.569615364074707,188300,0.0,0.0
2025-06-20 00:00:00-04:00,1.5560256057722959,1.651153881610968,1.5288461446762085,1.5288461446762085,112500,0.0,0.0
2025-06-23 00:00:00-04:00,1.5356409651671674,1.7123076191420676,1.413333231799202,1.4778845310211182,385500,0.0,0.0
2025-06-24 00:00:00-04:00,1.413333268902816,1.454102622430679,1.3250000205975732,1.3725640773773193,147200,0.0,0.0
2025-06-25 00:00:00-04:00,1.3861538288939708,1.488076971254797,1.3664486707572916,1.4676923751831055,93400,0.0,0.0
2025-06-26 00:00:00-04:00,1.4744871900704926,1.488076920319794,1.4065383768216213,1.4201281070709229,47000,0.0,0.0
2025-06-27 00:00:00-04:00,1.4473077948713502,1.4676923911650124,1.4269230365753174,1.4269230365753174,50400,0.0,0.0
2025-06-30 00:00:00-04:00,1.4473077879880802,1.481282114982605,1.4269230297889954,1.481282114982605,51400,0.0,0.0
2025-07-01 00:00:00-04:00,1.4541026621431745,1.508461585661748,1.426923038381517,1.4948718547821045,51200,0.0,0.0
2025-07-02 00:00:00-04:00,1.4948718547821045,1.5220513165413914,1.4744872584626396,1.4948718547821045,49400,0.0,0.0
2025-07-03 00:00:00-04:00,1.4676922952735791,1.5560255401082106,1.4608974302862998,1.522051215171814,40200,0.0,0.0
2025-07-07 00:00:00-04:00,1.4744871854782104,1.5424358365130928,1.4405126979584064,1.4744871854782104,109400,0.0,0.0
2025-07-08 00:00:00-04:00,1.481282114982605,1.5288461727749394,1.467692384184795,1.481282114982605,65100,0.0,0.0
2025-07-09 00:00:00-04:00,1.4948718183060996,1.5356410099502305,1.4676923572100122,1.5288461446762085,124600,0.0,0.0
2025-07-10 00:00:00-04:00,1.7530767753234977,2.2898715918293835,1.7191024506083832,2.011281967163086,5133000,0.0,0.0
2025-07-11 00:00:00-04:00,1.9908973916982973,2.0724357718076476,1.8685896595319111,2.038461446762085,370500,0.0,0.0
2025-07-14 00:00:00-04:00,1.9908974627284854,2.1675641212707917,1.9229486482107578,1.970512866973877,174000,0.0,0.0
2025-07-15 00:00:00-04:00,1.9365384028294363,1.9637180261764136,1.902564076148675,1.9433332681655884,159800,0.0,0.0
2025-07-16 00:00:00-04:00,1.9365384587512096,2.031666738206746,1.9365384587512096,2.0044872760772705,37600,0.0,0.0
2025-07-17 00:00:00-04:00,1.9705129205360759,2.0982564879386825,1.9569231896636095,2.052051305770874,147700,0.0,0.0
2025-07-18 00:00:00-04:00,2.079230742078532,2.1675641536712646,2.0534103185376806,2.1675641536712646,77700,0.0,0.0
2025-07-21 00:00:00-04:00,2.1403847487270196,2.153294879836859,1.9983718484974267,2.0044872760772705,102300,0.0,0.0
2025-07-22 00:00:00-04:00,2.0044871772064474,2.126794912758661,1.9637179860231648,2.119999885559082,56300,0.0,0.0
2025-07-23 00:00:00-04:00,2.1335896799485656,2.1335896799485656,2.0860254637505853,2.1267948150634766,23200,0.0,0.0
2025-07-24 00:00:00-04:00,2.0928204983882734,2.1064102292607396,2.0248718440259412,2.052051305770874,131400,0.0,0.0
2025-07-25 00:00:00-04:00,2.0316666846067974,2.2015384804367892,2.0248718192536925,2.1675641536712646,114000,0.0,0.0
2025-07-28 00:00:00-04:00,2.1471796023180425,2.1614487712559485,2.058846188886134,2.079230785369873,35200,0.0,0.0
2025-07-29 00:00:00-04:00,2.0452563500070897,2.113205001368509,2.0316666197348057,2.092820405960083,71200,0.0,0.0
2025-07-30 00:00:00-04:00,2.0656410087422112,2.113205066153384,2.039140985298133,2.0996153354644775,53100,0.0,0.0
2025-07-31 00:00:00-04:00,2.0860256804026314,2.1023334874224395,1.990897562131498,2.0316667556762695,77200,0.0,0.0
2025-08-01 00:00:00-04:00,2.0044871472598818,2.0201153531802283,1.936538334300518,1.9908974170684814,54000,0.0,0.0
2025-08-04 00:00:00-04:00,1.9705128122062991,2.004487137519712,1.9664358607682173,1.977307677268982,27900,0.0,0.0
2025-08-05 00:00:00-04:00,1.9501281011367606,2.0534102793354845,1.9501281011367606,2.0452563762664795,47300,0.0,0.0
2025-08-06 00:00:00-04:00,2.0588460680254825,2.0588460680254825,1.9779871247859426,1.9908974170684814,45600,0.0,0.0
2025-08-07 00:00:00-04:00,1.9773077474965561,2.004487208712613,1.9229486630620747,1.9297435283660889,53500,0.0,0.0
2025-08-08 00:00:00-04:00,1.9229486721571318,1.969153853644388,1.8889743454763708,1.9433332681655884,46000,0.0,0.0
2025-08-11 00:00:00-04:00,1.9433332306061968,1.9501280958110225,1.8821794437627646,1.8889743089675903,30400,0.0,0.0
2025-08-12 00:00:00-04:00,1.8753846002370385,1.997692337340123,1.8753846002370385,1.9841026067733765,34400,0.0,0.0
2025-08-13 00:00:00-04:00,1.9841025365357248,1.9908974015785583,1.8685896688051935,1.9093588590621948,54500,0.0,0.0
2025-08-14 00:00:00-04:00,1.8821794616290881,1.9406153353457574,1.8210256742051623,1.8278205394744873,54100,0.0,0.0
2025-08-15 00:00:00-04:00,1.8346154053095445,1.9501281149236913,1.827820540038124,1.9161537885665894,32300,0.0,0.0
2025-08-18 00:00:00-04:00,1.8685897588729858,1.9025640857247483,1.8407308594552516,1.8685897588729858,50700,0.0,0.0
2025-08-19 00:00:00-04:00,1.8414102244678303,1.9093588754804443,1.8414102244678303,1.8482050895690918,39200,0.0,0.0
2025-08-20 00:00:00-04:00,1.8346153593665688,1.8617948197716145,1.8135511641510047,1.8482050895690918,22700,0.0,0.0
2025-08-21 00:00:00-04:00,1.8278205250050283,1.8957691771603817,1.821025659789493,1.8835384845733643,11500,0.0,0.0
2025-08-22 00:00:00-04:00,1.882179489613691,1.913435902717786,1.8617948935026334,1.8685897588729858,20100,0.0,0.0
2025-08-25 00:00:00-04:00,1.8685896588967148,1.8957691189239259,1.8536408910808047,1.8882948160171509,14600,0.0,0.0
2025-08-26 00:00:00-04:00,1.8685897678663739,1.9161538256877635,1.8468461337756479,1.8821794986724854,12400,0.0,0.0
2025-08-27 00:00:00-04:00,1.868589703997286,1.8991666782670893,1.868589703997286,1.8753845691680908,6100,0.0,0.0
2025-08-28 00:00:00-04:00,1.868589694504878,1.9181922262000084,1.8414102339597307,1.8617948293685913,20400,0.0,0.0
2025-08-29 00:00:00-04:00,1.8346154320212236,1.8889743549840434,1.8278205666508711,1.8685897588729858,36400,0.0,0.0
2025-09-02 00:00:00-04:00,1.854999954670353,1.8685896848728758,1.8414102244678303,1.8482050895690918,10400,0.0,0.0
2025-09-03 00:00:00-04:00,1.8346154320212236,1.8753846242433385,1.8346154320212236,1.8685897588729858,9000,0.0,0.0
2025-09-04 00:00:00-04:00,1.8482050990960177,1.868589694504878,1.8414102339597307,1.8617948293685913,6000,0.0,0.0
2025-09-05 00:00:00-04:00,1.8414102792739868,1.8482051445774847,1.7938462221495013,1.8414102792739868,74700,0.0,0.0
2025-09-08 00:00:00-04:00,1.814230754572441,1.8549999449667434,1.7938461593752897,1.8346153497695923,23500,0.0,0.0
2025-09-09 00:00:00-04:00,1.8414102050590195,1.8685896651775884,1.7945255877537796,1.8210256099700928,16400,0.0,0.0
2025-09-10 00:00:00-04:00,1.8549999573291855,1.9637179611075597,1.845487178574257,1.9365383386611938,37800,0.0,0.0
2025-09-11 00:00:00-04:00,1.9705128762066302,1.9908974720567496,1.9297435225040238,1.9841026067733765,29600,0.0,0.0
2025-09-12 00:00:00-04:00,1.9569231364708048,1.9976923279800216,1.9569231364708048,1.970512866973877,39800,0.0,0.0
2025-09-15 00:00:00-04:00,1.9161538490751333,2.0656410517692745,1.9093589835891438,2.062243700027466,42100,0.0,0.0
2025-09-16 00:00:00-04:00,2.0724358558654785,2.133589805430251,2.052051260011343,2.0724358558654785,75700,0.0,0.0
2025-09-17 00:00:00-04:00,2.0860255408239414,2.113205001368509,2.0724358105516574,2.092820405960083,28500,0.0,0.0
2025-09-18 00:00:00-04:00,2.1064100712351093,2.1064100712351093,2.0520511518233207,2.0860254764556885,24100,0.0,0.0
2025-09-19 00:00:00-04:00,2.072435726578329,2.0928203211607888,2.0384614022742302,2.0588459968566895,14500,0.0,0.0
2025-09-22 00:00:00-04:00,2.0588460167497944,2.1193203631961164,2.0479742004669648,2.0860254764556885,35100,0.0,0.0
2025-09-23 00:00:00-04:00,2.072435837160009,2.0996152980535383,2.004487184926185,2.0452563762664795,41300,0.0,0.0
2025-09-24 00:00:00-04:00,2.0248716725525906,2.072435726578329,2.0180768076917706,2.0588459968566895,60100,0.0,0.0
2025-09-25 00:00:00-04:00,2.0452564065643495,2.262692258935986,2.0371025033745545,2.242307662963867,93000,0.0,0.0
2025-09-26 00:00:00-04:00,2.242307579211701,2.276281904562928,2.181153793579492,2.2083332538604736,33300,0.0,0.0
2025-09-29 00:00:00-04:00,2.208333189227454,2.2491023784557025,2.17435886487058,2.201538324356079,202900,0.0,0.0
2025-09-30 00:00:00-04:00,2.18115380020405,2.221922990749346,2.106410122201978,2.133589744567871,39600,0.0,0.0
2025-10-01 00:00:00-04:00,2.1675641785902298,3.0441026292295565,2.1675641785902298,2.8538460731506348,1450700,0.0,0.0
2025-10-02 00:00:00-04:00,2.887820538106655,3.3566667349386567,2.418974341274653,2.7926924228668213,863800,0.0,0.0
2025-10-03 00:00:00-04:00,2.7926924228668213,2.921795026980393,2.7587179339930827,2.7926924228668213,168100,0.0,0.0
2025-10-06 00:00:00-04:00,2.881025357726866,3.0250768848169867,2.8538458976731955,2.894615411758423,349800,0.0,0.0
2025-10-07 00:00:00-04:00,2.8878205659645135,3.0502178985769626,2.7994871532444607,2.989743709564209,133400,0.0,0.0
2025-10-08 00:00:00-04:00,3.0033334099070648,3.0169231406485326,2.8538460477461784,2.9693589210510254,112100,0.0,0.0
2025-10-09 00:00:00-04:00,2.982948664159555,3.025077056436083,2.942179471766125,2.96256422996521,45600,0.0,0.0
2025-10-10 00:00:00-04:00,2.9353847637684414,2.9829486594838506,2.7655129670597183,2.8266665935516357,84800,0.0,0.0
2025-10-13 00:00:00-04:00,2.8674357608318073,2.9829486334253996,2.8198718655319066,2.9421794414520264,86300,0.0,0.0
2025-10-14 00:00:00-04:00,2.8878204247475936,2.9014101549626874,2.7926923132419375,2.8062820434570312,40000,0.0,0.0
2025-10-15 00:00:00-04:00,2.772307487157592,2.921794839820733,2.772307487157592,2.8742306232452393,58400,0.0,0.0
2025-10-16 00:00:00-04:00,2.8674357983887,2.894615584065012,2.8130768750455575,2.8198719024658203,36700,0.0,0.0
2025-10-17 00:00:00-04:00,2.8266664572804263,2.8334614843434673,2.656794830763441,2.7791025638580322,52700,0.0,0.0
2025-10-20 00:00:00-04:00,2.779102544310578,2.8470511944394397,2.7451280572437864,2.751923084259033,26800,0.0,0.0
2025-10-21 00:00:00-04:00,2.7111537009420577,2.7994869450918225,2.6839742412036687,2.7315382957458496,24400,0.0,0.0
2025-10-22 00:00:00-04:00,2.690769131049751,2.7247436180396365,2.6092305890773306,2.683974266052246,74200,0.0,0.0
2025-10-23 00:00:00-04:00,2.683974266052246,2.7519230780296566,2.683974266052246,2.683974266052246,18800,0.0,0.0
2025-10-24 00:00:00-04:00,2.683974394416082,2.7519232096432145,2.663589798448653,2.697564125061035,38100,0.0,0.0
2025-10-27 00:00:00-04:00,2.6975641507449266,2.6975641507449266,2.5616666809991306,2.5820512771606445,54000,0.0,0.0
2025-10-28 00:00:00-04:00,2.582051249650809,2.6771795260600557,2.5548717883917003,2.629615306854248,22200,0.0,0.0
2025-10-29 00:00:00-04:00,2.629615269400224,2.643205161838583,2.57525634765625,2.57525634765625,27000,0.0,0.0
2025-10-30 00:00:00-04:00,2.548076783668972,2.557589562188732,2.4937178641247884,2.5141024589538574,24400,0.0,0.0
2025-10-31 00:00:00-04:00,2.507307633247076,2.5406025205896197,2.425769090652466,2.425769090652466,24800,0.0,0.0
2025-11-03 00:00:00-05:00,2.4189743080698474,2.4862435229524773,2.4189743080698474,2.4597434997558594,51300,0.0,0.0
2025-11-04 00:00:00-05:00,2.3850000718765743,2.4801283514111607,2.3850000718765743,2.4189743995666504,19500,0.0,0.0
2025-11-05 00:00:00-05:00,2.425769182299669,2.439358912911806,2.384999990463257,2.384999990463257,15500,0.0,0.0
2025-11-06 00:00:00-05:00,2.3782051530848243,2.41829490746212,2.2423076833652176,2.3374359607696533,56900,0.0,0.0
2025-11-07 00:00:00-05:00,2.29666680312935,2.4529487093637026,2.269487179173177,2.3917949199676514,31600,0.0,0.0
2025-11-10 00:00:00-05:00,2.385000045294449,2.595641036627586,2.351025717983035,2.534487247467041,139800,0.0,0.0
2025-11-11 00:00:00-05:00,2.4597435174198323,2.8742307885445815,2.4597435174198323,2.7655129432678223,213500,0.0,0.0
2025-11-12 00:00:00-05:00,2.7383334820622727,2.8130768386907783,2.697564128079428,2.7145512104034424,38600,0.0,0.0
2025-11-13 00:00:00-05:00,2.58205115385482,2.765512834551974,2.4325639604734404,2.6364102363586426,100800,0.0,0.0
2025-11-14 00:00:00-05:00,2.5820511675533915,2.63708968825477,2.5616665722571974,2.5956408977508545,21200,0.0,0.0
2025-11-17 00:00:00-05:00,2.5752563935791413,2.5834102967870867,2.527692336204985,2.5548717975616455,14400,0.0,0.0
2025-11-18 00:00:00-05:00,2.5208973381069115,2.616025447845459,2.478089672524329,2.616025447845459,21300,0.0,0.0
2025-11-19 00:00:00-05:00,2.5752562831997823,2.5752562831997823,2.4529485503347335,2.5684614181518555,21600,0.0,0.0
2025-11-20 00:00:00-05:00,2.582051236816262,2.582051236816262,2.4325640386318512,2.4597434997558594,12900,0.0,0.0
2025-11-21 00:00:00-05:00,2.4848846133854,2.5412820106528127,2.459743466384651,2.4733333587646484,11700,0.0,0.0
2025-11-24 00:00:00-05:00,2.4869231441699937,2.6364103436339965,2.452948655471799,2.5548717975616455,82400,0.0,0.0
2025-11-25 00:00:00-05:00,2.5616665279948605,2.616025447845459,2.486923013200287,2.616025447845459,34300,0.0,0.0
2025-11-26 00:00:00-05:00,2.5888459749773456,2.656794786453247,2.473333270872324,2.656794786453247,21000,0.0,0.0
2025-11-28 00:00:00-05:00,2.636410280641719,2.709794759750366,2.5494359091770793,2.709794759750366,8800,0.0,0.0
2025-12-01 00:00:00-05:00,2.60923073870933,2.7179487469064405,2.5820512771606445,2.5820512771606445,28100,0.0,0.0
2025-12-02 00:00:00-05:00,2.4869231177180797,2.643205180858969,2.4604230945764898,2.602435827255249,26800,0.0,0.0
2025-12-03 00:00:00-05:00,2.6228203321860093,2.955769042733164,2.6194229806714504,2.7858972549438477,118400,0.0,0.0
2025-12-04 00:00:00-05:00,2.75871782570184,2.914999885177781,2.75871782570184,2.8062820434570312,46800,0.0,0.0
2025-12-05 00:00:00-05:00,3.4721795455846616,4.04294855071843,3.3430769438031085,3.941025733947754,15494000,0.0,0.0
2025-12-08 00:00:00-05:00,3.947820406924372,4.042948519716419,3.533333143751926,3.6012821197509766,1607000,0.0,0.0
2025-12-09 00:00:00-05:00,3.5333330751048515,3.7167945939275127,3.4721794515004474,3.526538372039795,236800,0.0,0.0
2025-12-10 00:00:00-05:00,3.5265384220037963,3.679422969187962,3.4721795006942915,3.5741026401519775,220700,0.0,0.0
2025-12-11 00:00:00-05:00,3.560512646402342,3.6012821620828968,3.4178206375393367,3.512948751449585,180600,0.0,0.0
2025-12-12 00:00:00-05:00,3.519743529315274,3.574102776706391,3.404230979121595,3.445000171661377,265600,0.0,0.0
2025-12-15 00:00:00-05:00,3.4517946752292334,3.526538352560339,3.3634612678383564,3.499358892440796,211400,0.0,0.0
2025-12-16 00:00:00-05:00,3.4450000986565503,3.716794709828688,3.43820507137488,3.512948751449585,199900,0.0,0.0
2025-12-17 00:00:00-05:00,3.458589889524754,3.571384687528538,3.383846208146697,3.5027565956115723,239700,0.0,0.0
2025-12-18 00:00:00-05:00,3.499358918993963,3.6012820572180058,3.4864486267385084,3.5605125427246094,58900,0.0,0.0
2025-12-19 00:00:00-05:00,3.5673077386539864,3.8594871129877495,3.5673077386539864,3.7643589973449707,287000,0.0,0.0
2025-12-22 00:00:00-05:00,3.7711538055037,3.892102499847818,3.7127179340342824,3.7915382385253906,197700,0.0,0.0
2025-12-23 00:00:00-05:00,3.730384303199517,3.886666360878469,3.730384303199517,3.784743547439575,101700,0.0,0.0
2025-12-24 00:00:00-05:00,3.7847436451423717,3.866282027600281,3.7439744539134168,3.7779486179351807,59000,0.0,0.0
2025-12-26 00:00:00-05:00,3.757564233116761,3.879871808391845,3.6488460644230623,3.8255128860473633,77600,0.0,0.0
2025-12-29 00:00:00-05:00,3.818717758311798,3.852692245885868,3.6284615351102416,3.730384349822998,238300,0.0,0.0
2025-12-30 00:00:00-05:00,3.689615205341227,3.7303843965378185,3.5768204106301833,3.6012821197509766,141100,0.0,0.0
2025-12-31 00:00:00-05:00,3.608076933380605,3.6828206148644047,3.567307740936189,3.5876924991607666,63700,0.0,0.0
2026-01-02 00:00:00-05:00,3.594487129522682,3.6964102705649253,3.5876924262557237,3.6556410789489746,40900,0.0,0.0
2026-01-05 00:00:00-05:00,3.648846105929021,3.798333468081513,3.5944871829662013,3.7371795177459717,98800,0.0,0.0
2026-01-06 00:00:00-05:00,3.6828205878725275,3.90705130667577,3.6828205878725275,3.8798718452453613,86800,0.0,0.0
2026-01-07 00:00:00-05:00,3.8662819354265854,4.056538156625924,3.8119230150839174,3.8187177181243896,161000,0.0,0.0
2026-01-08 00:00:00-05:00,3.805128266908466,4.063333481464173,3.805128266908466,4.0429487228393555,86800,0.0,0.0
2026-01-09 00:00:00-05:00,4.008974405246992,4.178846199333689,3.8832693165034047,3.968205213546753,85100,0.0,0.0
2026-01-12 00:00:00-05:00,4.002179377961252,4.107500032857087,3.93423072512752,3.968205213546753,71700,0.0,0.0
2026-01-13 00:00:00-05:00,3.988589538801876,4.00217926899863,3.7575641254570447,3.8391025066375732,46100,0.0,0.0
2026-01-14 00:00:00-05:00,3.8662819276737306,4.008974255289462,3.8105638076309183,3.927435874938965,91600,0.0,0.0
2026-01-15 00:00:00-05:00,3.9138461450008593,3.944422794629694,3.743974357263073,3.784743547439575,124900,0.0,0.0
2026-01-16 00:00:00-05:00,3.7847437188582123,3.9070512949272738,3.630499967899951,3.7100000381469727,132300,0.0,0.0
2026-01-20 00:00:00-05:00,3.7100000381469727,4.400000095367432,3.609999895095825,4.320000171661377,429100,1.75,0.0
2026-01-21 00:00:00-05:00,4.269999980926514,4.579999923706055,4.190000057220459,4.199999809265137,143300,0.0,0.0
2026-01-22 00:00:00-05:00,4.110000133514404,4.349999904632568,4.099999904632568,4.130000114440918,100700,0.0,0.0
2026-01-23 00:00:00-05:00,4.090000152587891,4.130000114440918,3.9200000762939453,3.940000057220459,98200,0.0,0.0
2026-01-26 00:00:00-05:00,3.940000057220459,4.010000228881836,3.8399999141693115,3.859999895095825,103100,0.0,0.0
2026-01-27 00:00:00-05:00,3.809999942779541,3.950000047683716,3.759999990463257,3.7699999809265137,104500,0.0,0.0
2026-01-28 00:00:00-05:00,3.7699999809265137,3.9700000286102295,3.740000009536743,3.8399999141693115,66300,0.0,0.0
2026-01-29 00:00:00-05:00,3.8299999237060547,3.880000114440918,3.75,3.809999942779541,45100,0.0,0.0
2026-01-30 00:00:00-05:00,3.799999952316284,3.8299999237060547,3.7260000705718994,3.759999990463257,28100,0.0,0.0
2026-02-02 00:00:00-05:00,3.7100000381469727,3.759999990463257,3.6600000858306885,3.7300000190734863,43200,0.0,0.0
2026-02-03 00:00:00-05:00,3.75,3.822999954223633,3.5899999141693115,3.700000047683716,45700,0.0,0.0
2026-02-04 00:00:00-05:00,3.7100000381469727,3.740999937057495,3.5899999141693115,3.5899999141693115,36500,0.0,0.0
2026-02-05 00:00:00-05:00,3.549999952316284,3.615000009536743,3.440000057220459,3.440000057220459,61000,0.0,0.0
2026-02-06 00:00:00-05:00,3.440000057220459,3.559000015258789,3.380000114440918,3.4600000381469727,24400,0.0,0.0
2026-02-09 00:00:00-05:00,3.4600000381469727,3.5799999237060547,3.380000114440918,3.5199999809265137,101300,0.0,0.0
2026-02-10 00:00:00-05:00,3.5179998874664307,3.7100000381469727,3.5179998874664307,3.549999952316284,55000,0.0,0.0
2026-02-11 00:00:00-05:00,3.559999942779541,3.6500000953674316,3.509999990463257,3.619999885559082,24100,0.0,0.0
2026-02-12 00:00:00-05:00,3.640000104904175,3.6500000953674316,3.5,3.5399999618530273,23600,0.0,0.0
2026-02-13 00:00:00-05:00,3.5199999809265137,3.628000020980835,3.5,3.549999952316284,35600,0.0,0.0
2026-02-17 00:00:00-05:00,3.509999990463257,3.5799999237060547,3.369999885559082,3.5199999809265137,55600,0.0,0.0
2026-02-18 00:00:00-05:00,3.4700000286102295,3.630000114440918,3.4700000286102295,3.549999952316284,32300,0.0,0.0
2026-02-19 00:00:00-05:00,3.559999942779541,3.680000066757202,3.5,3.5399999618530273,19600,0.0,0.0
2026-02-20 00:00:00-05:00,3.5199999809265137,3.700000047683716,3.4700000286102295,3.5999999046325684,69500,0.0,0.0
2026-02-23 00:00:00-05:00,3.5799999237060547,3.6700000762939453,3.4800000190734863,3.5199999809265137,24800,0.0,0.0
2026-02-24 00:00:00-05:00,3.490000009536743,3.680000066757202,3.484999895095825,3.5799999237060547,46200,0.0,0.0
2026-02-25 00:00:00-05:00,3.569999933242798,3.6600000858306885,3.559999942779541,3.569999933242798,134400,0.0,0.0
2026-02-26 00:00:00-05:00,3.569999933242798,3.9100000858306885,3.569999933242798,3.9100000858306885,57000,0.0,0.0
2026-02-27 00:00:00-05:00,3.880000114440918,4.079999923706055,3.7799999713897705,4.019999980926514,46500,0.0,0.0
2026-03-02 00:00:00-05:00,4.050000190734863,4.079999923706055,3.799999952316284,4.019999980926514,48500,0.0,0.0
2026-03-03 00:00:00-05:00,3.859999895095825,3.990000009536743,3.7100000381469727,3.9200000762939453,86500,0.0,0.0
2026-03-04 00:00:00-05:00,3.9800000190734863,3.996000051498413,3.799999952316284,3.9000000953674316,35700,0.0,0.0
2026-03-05 00:00:00-05:00,3.930000066757202,3.930000066757202,3.6500000953674316,3.7300000190734863,28000,0.0,0.0
2026-03-06 00:00:00-05:00,3.6600000858306885,3.7890000343322754,3.569999933242798,3.7799999713897705,45800,0.0,0.0
2026-03-09 00:00:00-04:00,3.7300000190734863,3.799999952316284,3.6600000858306885,3.740000009536743,65100,0.0,0.0
2026-03-10 00:00:00-04:00,3.7100000381469727,4.090000152587891,3.569999933242798,3.799999952316284,81400,0.0,0.0
2026-03-11 00:00:00-04:00,3.759999990463257,3.859999895095825,3.6700000762939453,3.7699999809265137,52500,0.0,0.0
2026-03-12 00:00:00-04:00,3.7899999618530273,3.7899999618530273,3.509999990463257,3.680000066757202,55600,0.0,0.0
2026-03-13 00:00:00-04:00,3.700000047683716,3.755000114440918,3.631999969482422,3.700000047683716,43400,0.0,0.0
2026-03-16 00:00:00-04:00,3.690000057220459,3.799999952316284,3.680000066757202,3.680000066757202,8500,0.0,0.0
2026-03-17 00:00:00-04:00,3.690000057220459,3.819999933242798,3.690000057220459,3.7300000190734863,15500,0.0,0.0
2026-03-18 00:00:00-04:00,3.740000009536743,3.75,3.625,3.6600000858306885,20100,0.0,0.0
2026-03-19 00:00:00-04:00,3.6600000858306885,3.6600000858306885,3.5299999713897705,3.619999885559082,77400,0.0,0.0
2026-03-20 00:00:00-04:00,3.5399999618530273,3.549999952316284,3.369999885559082,3.450000047683716,95900,0.0,0.0
2026-03-23 00:00:00-04:00,3.4000000953674316,3.549999952316284,3.369999885559082,3.440000057220459,59300,0.0,0.0
2026-03-24 00:00:00-04:00,3.450000047683716,3.740000009536743,3.450000047683716,3.6700000762939453,37700,0.0,0.0
2026-03-25 00:00:00-04:00,3.7100000381469727,3.8469998836517334,3.6019999980926514,3.819999933242798,16300,0.0,0.0
2026-03-26 00:00:00-04:00,3.819999933242798,3.8510000705718994,3.7100000381469727,3.740000009536743,21300,0.0,0.0
2026-03-27 00:00:00-04:00,3.680000066757202,3.819999933242798,3.5999999046325684,3.5999999046325684,16800,0.0,0.0
2026-03-30 00:00:00-04:00,3.5799999237060547,3.6449999809265137,3.5399999618530273,3.5399999618530273,15900,0.0,0.0
2026-03-31 00:00:00-04:00,3.5399999618530273,3.680000066757202,3.5399999618530273,3.625,12300,0.0,0.0
2026-04-01 00:00:00-04:00,3.569999933242798,3.700000047683716,3.561000108718872,3.630000114440918,6500,0.0,0.0
2026-04-02 00:00:00-04:00,3.5799999237060547,4.050000190734863,3.5799999237060547,3.869999885559082,43300,0.0,0.0
2026-04-06 00:00:00-04:00,3.9000000953674316,3.990000009536743,3.8499999046325684,3.890000104904175,40900,0.0,0.0
2026-04-07 00:00:00-04:00,3.890000104904175,3.890000104904175,3.75,3.759999990463257,9900,0.0,0.0
2026-04-08 00:00:00-04:00,3.7899999618530273,3.930000066757202,3.7200000286102295,3.9100000858306885,54400,0.0,0.0
2026-04-09 00:00:00-04:00,3.9200000762939453,4.010000228881836,3.7699999809265137,3.950000047683716,55500,0.0,0.0
2026-04-10 00:00:00-04:00,3.950000047683716,4.099999904632568,3.7699999809265137,3.869999885559082,21200,0.0,0.0
2026-04-13 00:00:00-04:00,3.9000000953674316,4.025000095367432,3.809999942779541,3.9100000858306885,69500,0.0,0.0
2026-04-14 00:00:00-04:00,3.869999885559082,3.984999895095825,3.7200000286102295,3.9000000953674316,52500,0.0,0.0
2026-04-15 00:00:00-04:00,3.8499999046325684,4.010000228881836,3.8450000286102295,3.890000104904175,31300,0.0,0.0
2026-04-16 00:00:00-04:00,3.86299991607666,4.03000020980835,3.8499999046325684,3.859999895095825,182400,0.0,0.0
2026-04-17 00:00:00-04:00,3.9100000858306885,4.045000076293945,3.809999942779541,3.9100000858306885,305100,0.0,0.0
2026-04-20 00:00:00-04:00,3.9100000858306885,4.090000152587891,3.9100000858306885,3.9800000190734863,83000,0.0,0.0
2026-04-21 00:00:00-04:00,3.9800000190734863,4.0,3.859999895095825,3.9100000858306885,64100,0.0,0.0
2026-04-22 00:00:00-04:00,4.269999980926514,7.699999809265137,4.269999980926514,6.755000114440918,21918700,0.0,0.0
2026-04-23 00:00:00-04:00,6.309999942779541,6.789999961853027,6.099999904632568,6.670000076293945,985400,0.0,0.0
2026-04-24 00:00:00-04:00,6.739999771118164,7.128300189971924,6.230000019073486,6.900000095367432,409754,0.0,0.0
