Date,Open,High,Low,Close,Volume,Dividends,Stock Splits
2022-01-03 00:00:00-05:00,28.71581050513637,29.254691991667904,28.71581050513637,29.213869094848633,17716,0.0,0.0
2022-01-04 00:00:00-05:00,29.189372935052635,29.466978265161135,28.952593710949486,29.07506561279297,12257,0.0,0.0
2022-01-05 00:00:00-05:00,29.099554323800376,29.671094044435883,28.944424130424625,29.115886688232422,19261,0.0,0.0
2022-01-06 00:00:00-05:00,29.13222076891076,30.112002396163412,28.96892276167323,29.58128547668457,18643,0.0,0.0
2022-01-07 00:00:00-05:00,29.66293422558307,30.201812453621052,29.262853833747275,29.7854061126709,17716,0.0,0.0
2022-01-10 00:00:00-05:00,29.932371265304223,29.932371265304223,29.001577238653887,29.393489837646484,37080,0.0,0.0
2022-01-11 00:00:00-05:00,29.39348816063379,29.39348816063379,28.593333851356793,29.189367294311523,31518,0.0,0.0
2022-01-12 00:00:00-05:00,29.222029149556153,29.466972908717764,28.59333417928138,29.09955406188965,37595,0.0,0.0
2022-01-13 00:00:00-05:00,29.222031513222834,29.589450389770164,28.99341368368279,29.34450340270996,44393,0.0,0.0
2022-01-14 00:00:00-05:00,29.02607496640774,29.94053665273626,28.862776976386748,29.622108459472656,41303,0.0,0.0
2022-01-18 00:00:00-05:00,29.47514161628217,30.005855249779316,29.47514161628217,29.51596450805664,22660,0.0,0.0
2022-01-19 00:00:00-05:00,29.613941750516567,29.79356888500109,29.10771865948357,29.246522903442383,31415,0.0,0.0
2022-01-20 00:00:00-05:00,29.262852920371838,29.2873498634935,27.270628434319473,27.515575408935547,103618,0.0,0.0
2022-01-21 00:00:00-05:00,27.32778351515679,28.634160955206745,27.19714384630033,28.266738891601562,83945,0.0,0.0
2022-01-24 00:00:00-05:00,27.964638721830585,29.850723599797142,27.52373547170075,29.760910034179688,52839,0.0,0.0
2022-01-25 00:00:00-05:00,29.54862035156871,29.556784929241147,28.699475400865733,29.30367660522461,26677,0.0,0.0
2022-01-26 00:00:00-05:00,29.442481900137317,29.826229938691306,28.75663481967065,29.254690170288086,29973,0.0,0.0
2022-01-27 00:00:00-05:00,29.213864806697522,29.59761281281507,28.846445956910813,28.89543342590332,29149,0.0,0.0
2022-01-28 00:00:00-05:00,28.658656983743665,28.838284136733193,27.874828532129534,28.544349670410156,21733,0.0,0.0
2022-01-31 00:00:00-05:00,28.495361137138687,28.88727378845215,28.372889235624797,28.88727378845215,25750,0.0,0.0
2022-02-01 00:00:00-05:00,28.87094028212068,28.91176317378303,28.405543276740982,28.74846839904785,43054,0.0,0.0
2022-02-02 00:00:00-05:00,28.7729621263206,28.911763166021107,28.495356838833803,28.674983978271484,20497,0.0,0.0
2022-02-03 00:00:00-05:00,28.67499123675162,29.026081026167812,28.58517764429833,28.838289260864258,23896,0.0,0.0
2022-02-04 00:00:00-05:00,28.666822689964135,29.23019790792524,28.658658110696827,29.083229064941406,24205,0.0,0.0
2022-02-07 00:00:00-05:00,28.993416608868554,29.262857359393237,28.879109286608884,29.07506561279297,17510,0.0,0.0
2022-02-08 00:00:00-05:00,29.04240436432921,29.385329504596307,28.9525907898824,29.34450340270996,20291,0.0,0.0
2022-02-09 00:00:00-05:00,29.434315435575808,29.434315435575808,28.57700583789442,28.74846839904785,20085,0.0,0.0
2022-02-10 00:00:00-05:00,28.77296368936347,28.88727100028269,28.421873969746024,28.617830276489258,23690,0.0,0.0
2022-02-11 00:00:00-05:00,28.634159972919775,28.887268307485527,28.364716066157246,28.75663185119629,13905,0.0,0.0
2022-02-14 00:00:00-05:00,28.78112615585451,28.78112615585451,28.217751013293025,28.462697982788086,8858,0.0,0.0
2022-02-15 00:00:00-05:00,28.73213590106619,28.985244216109855,28.59333166938445,28.9199275970459,13081,0.0,0.0
2022-02-16 00:00:00-05:00,28.789290844716415,29.189368009152716,28.45453030592801,28.650489807128906,15244,0.0,0.0
2022-02-17 00:00:00-05:00,28.405542727480185,28.642321910714923,28.193257278769238,28.462697982788086,22557,0.0,0.0
2022-02-18 00:00:00-05:00,28.38105064428408,28.838283089093775,28.38105064428408,28.59333610534668,21836,0.0,0.0
2022-02-22 00:00:00-05:00,28.528014700178947,28.772961670463882,28.34838756358714,28.503520965576172,17098,0.0,0.0
2022-02-23 00:00:00-05:00,28.413706828029675,28.544346492798653,27.989132729659005,28.14426612854004,15141,0.0,0.0
2022-02-24 00:00:00-05:00,27.768685167943026,27.98097383998883,26.95220162714794,27.7768497467041,31312,0.0,0.0
2022-02-25 00:00:00-05:00,28.193259260182565,28.691314604264726,27.97280600971791,28.577007293701172,18025,0.0,0.0
2022-02-28 00:00:00-05:00,28.790946605078418,28.790946605078418,27.926968714255437,28.264331817626953,28428,0.262136,0.0
2022-03-01 00:00:00-05:00,28.21495937529397,28.21495937529397,26.914881935658407,27.4661808013916,55311,0.0,0.0
2022-03-02 00:00:00-05:00,27.811770642174615,28.626376920784804,26.988937927740565,28.47003746032715,26677,0.0,0.0
2022-03-03 00:00:00-05:00,28.560548720456854,28.88145568754512,28.42889665256577,28.708660125732422,17098,0.0,0.0
2022-03-04 00:00:00-05:00,28.445350845409724,28.749798454654776,28.305470734739473,28.6016902923584,15450,0.0,0.0
2022-03-07 00:00:00-05:00,28.667519419422288,28.667519419422288,27.86936927321861,27.968109130859375,19158,0.0,0.0
2022-03-08 00:00:00-05:00,27.902280592412083,28.165587948740182,27.638973236083984,27.638973236083984,24514,0.0,0.0
2022-03-09 00:00:00-05:00,28.00924998714751,28.3136975834581,27.9681064977387,28.050390243530273,12772,0.0,0.0
2022-03-10 00:00:00-05:00,27.902277926113083,28.28900925534761,27.40035064981366,27.976333618164062,12875,0.0,0.0
2022-03-11 00:00:00-05:00,28.305472702698044,28.64283254190277,27.877597823260494,27.98456573486328,16171,0.0,0.0
2022-03-14 00:00:00-04:00,28.16558689951608,28.59346174173833,28.017475506778265,28.223186492919922,14214,0.0,0.0
2022-03-15 00:00:00-04:00,28.544090759076802,28.618146456896667,28.03393539203384,28.09153175354004,20806,0.0,0.0
2022-03-16 00:00:00-04:00,28.31369783646283,28.31369783646283,27.836454693028,28.058618545532227,18849,0.0,0.0
2022-03-17 00:00:00-04:00,27.92696132678898,28.08330075768205,27.89404912366448,27.951648712158203,14523,0.0,0.0
2022-03-18 00:00:00-04:00,28.41243380944331,28.41243380944331,27.34274848355527,27.80353546142578,55105,0.0,0.0
2022-03-21 00:00:00-04:00,27.943423968304803,27.943423968304803,27.40858120608133,27.4661808013916,15450,0.0,0.0
2022-03-22 00:00:00-04:00,27.762397836810692,27.852909630902353,27.449722199505835,27.721254348754883,22763,0.0,0.0
2022-03-23 00:00:00-04:00,27.507324527480527,27.64720789099804,27.01362519482651,27.153505325317383,18746,0.0,0.0
2022-03-24 00:00:00-04:00,27.276929253916926,27.276929253916926,26.881968219488062,27.169958114624023,14008,0.0,0.0
2022-03-25 00:00:00-04:00,27.07944544493225,27.76239792837517,27.07944544493225,27.449722290039062,15656,0.0,0.0
2022-03-28 00:00:00-04:00,27.36744027682869,27.36744027682869,26.849053630814964,27.038305282592773,10712,0.0,0.0
2022-03-29 00:00:00-04:00,27.3180649562945,27.540232016585072,26.91487755384133,27.25223731994629,15965,0.0,0.0
2022-03-30 00:00:00-04:00,27.35920937157269,27.58960451733739,26.618660473813712,26.635116577148438,21424,0.0,0.0
2022-03-31 00:00:00-04:00,26.643342070948055,26.9148774325064,26.437634345441165,26.676254272460938,22866,0.0,0.0
2022-04-01 00:00:00-04:00,26.643343189487947,26.90665051172223,26.44586188955578,26.54460334777832,14729,0.0,0.0
2022-04-04 00:00:00-04:00,26.47054980809746,26.47054980809746,25.82873916834605,26.190786361694336,18025,0.0,0.0
2022-04-05 00:00:00-04:00,26.305986081263974,26.388268218422752,25.828741279874553,26.09204864501953,24411,0.0,0.0
2022-04-06 00:00:00-04:00,26.042674986833088,26.14141483049471,25.820509530337965,25.935707092285156,17819,0.0,0.0
2022-04-07 00:00:00-04:00,25.89456689911242,25.976849029819736,25.606575400354195,25.672401428222656,14317,0.0,0.0
2022-04-08 00:00:00-04:00,25.705315162365032,26.412951829707588,25.64771718611329,25.828739166259766,23484,0.0,0.0
2022-04-11 00:00:00-04:00,25.779371084042946,26.174330486391455,25.672401565479344,25.729999542236328,15656,0.0,0.0
2022-04-12 00:00:00-04:00,25.812282200172376,26.149643611521423,25.72177202138282,25.853424072265625,13905,0.0,0.0
2022-04-13 00:00:00-04:00,25.730001769848286,26.281300663783455,25.730001769848286,25.943939208984375,8446,0.0,0.0
2022-04-14 00:00:00-04:00,25.878108184609907,25.927478104657016,25.72177037387954,25.861650466918945,14523,0.0,0.0
2022-04-18 00:00:00-04:00,25.721776302513764,26.124963806410715,25.713546633514976,25.762916564941406,14317,0.0,0.0
2022-04-19 00:00:00-04:00,25.861653326631707,26.24838629569634,25.836969172135085,26.04267692565918,11845,0.0,0.0
2022-04-20 00:00:00-04:00,26.24838638305664,26.74208563976283,26.050905063861094,26.24838638305664,11845,0.0,0.0
2022-04-21 00:00:00-04:00,26.33066749572754,26.69271468097475,26.305983342104142,26.33066749572754,22248,0.0,0.0
2022-04-22 00:00:00-04:00,26.38826444698976,26.38826444698976,25.672399771987376,25.680627822875977,17716,0.0,0.0
2022-04-25 00:00:00-04:00,25.631262130194916,25.90279755339979,25.096420952544612,25.738231658935547,28634,0.0,0.0
2022-04-26 00:00:00-04:00,25.771138933534246,25.77936860071796,25.499605178833008,25.499605178833008,26883,0.0,0.0
2022-04-27 00:00:00-04:00,25.557206451536505,25.927481711658547,25.392638950809772,25.598346710205078,23072,0.0,0.0
2022-04-28 00:00:00-04:00,25.82051440787777,26.396499093392332,25.606578578369056,26.388269424438477,22454,0.0,0.0
2022-04-29 00:00:00-04:00,26.388269312859233,26.412955086589918,25.66417645344902,25.754688262939453,29458,0.0,0.0
2022-05-02 00:00:00-04:00,25.95216586685969,26.314213075248016,25.50783652462111,25.598346710205078,26677,0.0,0.0
2022-05-03 00:00:00-04:00,25.573663131465167,25.82874082352563,25.507837099598543,25.820512771606445,13390,0.0,0.0
2022-05-04 00:00:00-04:00,25.63125901267307,26.733856675876428,25.590118756445797,26.64334487915039,19467,0.0,0.0
2022-05-05 00:00:00-04:00,26.478778315110496,26.577518166538493,26.026220932151013,26.35535430908203,23381,0.0,0.0
2022-05-06 00:00:00-04:00,26.338897319668302,26.445865225595153,25.976850110053597,26.2730712890625,26883,0.0,0.0
2022-05-09 00:00:00-04:00,26.100273494927514,26.684484481811523,25.60657268055672,26.684484481811523,22866,0.0,0.0
2022-05-10 00:00:00-04:00,26.610429482590526,27.359206349302244,26.05913230013301,26.240154266357422,13081,0.0,0.0
2022-05-11 00:00:00-04:00,26.29775325501446,26.92310776801678,26.133187383943785,26.157873153686523,18128,0.0,0.0
2022-05-12 00:00:00-04:00,26.330667075833787,26.330667075833787,25.7217718980106,26.157873153686523,16068,0.0,0.0
2022-05-13 00:00:00-04:00,26.256615532777374,26.256615532777374,25.51606500023117,25.655946731567383,18025,0.0,0.0
2022-05-16 00:00:00-04:00,25.631261226799424,25.89456858847758,25.499609162473504,25.771142959594727,22763,0.0,0.0
2022-05-17 00:00:00-04:00,26.017993716056015,26.305985228053938,25.919252244944353,26.22370147705078,10506,0.0,0.0
2022-05-18 00:00:00-04:00,26.124961373111837,26.651574464782346,26.02622151945569,26.215473175048828,30076,0.0,0.0
2022-05-19 00:00:00-04:00,26.083818687267744,26.281298388441996,25.66417351401593,25.729999542236328,32445,0.0,0.0
2022-05-20 00:00:00-04:00,25.845198446406805,26.092048085617137,25.59834719068333,25.976850509643555,20909,0.0,0.0
2022-05-23 00:00:00-04:00,26.248389051605812,26.74208835850407,26.075593485934807,26.380041122436523,24308,0.0,0.0
2022-05-24 00:00:00-04:00,26.330668086964724,26.64334535547309,26.116732284706142,26.552833557128906,13905,0.0,0.0
2022-05-25 00:00:00-04:00,26.857280564919918,26.865510232643864,26.503463047258478,26.69271469116211,20188,0.0,0.0
2022-05-26 00:00:00-04:00,26.931341299508283,27.186420633867932,26.70094773991483,26.98893928527832,21733,0.0,0.0
2022-05-27 00:00:00-04:00,27.211102796336583,27.400354461781358,27.120590989687933,27.359210968017578,17201,0.0,0.0
2022-05-31 00:00:00-04:00,27.37579951319,27.87354381158891,27.002494548884865,27.483646392822266,69628,0.262136,0.0
2022-06-01 00:00:00-04:00,27.48364705654495,27.508533294217678,27.085452586057748,27.30113983154297,9476,0.0,0.0
2022-06-02 00:00:00-04:00,27.20988664634096,27.69103849504457,27.118633850013293,27.624671936035156,14523,0.0,0.0
2022-06-03 00:00:00-04:00,27.624672329517864,27.63296774207544,27.176703753938142,27.30113983154297,16892,0.0,0.0
2022-06-06 00:00:00-04:00,27.367505470606254,27.682744193935747,27.27625430036233,27.284549713134766,18643,0.0,0.0
2022-06-07 00:00:00-04:00,27.035676456382387,27.5665991177794,27.035676456382387,27.201589584350586,17819,0.0,0.0
2022-06-08 00:00:00-04:00,28.01456834234728,28.01456834234728,26.65407511872199,26.819988250732422,19467,0.0,0.0
2022-06-09 00:00:00-04:00,26.69555393125354,26.878059529264444,26.255882391339046,26.355430603027344,14317,0.0,0.0
2022-06-10 00:00:00-04:00,26.02360354331936,26.521346247877144,25.724958898432977,25.816211700439453,16480,0.0,0.0
2022-06-13 00:00:00-04:00,25.60052476443021,26.32225019274124,25.376542078581895,25.86598777770996,33166,0.0,0.0
2022-06-14 00:00:00-04:00,25.71666249338407,25.973828433824135,25.608818869626663,25.890871047973633,19261,0.0,0.0
2022-06-15 00:00:00-04:00,26.21440273338277,27.226478897877147,25.948941388566382,26.172924041748047,27398,0.0,0.0
2022-06-16 00:00:00-04:00,26.089970846570786,26.546233239799122,25.384836279130067,26.413501739501953,53251,0.0,0.0
2022-06-17 00:00:00-04:00,26.421796774132186,26.919537825229533,25.92405409328778,26.056785583496094,94039,0.0,0.0
2022-06-21 00:00:00-04:00,26.413500565221433,26.73703307351631,26.07337723128219,26.70384979248047,16686,0.0,0.0
2022-06-22 00:00:00-04:00,26.761920222165006,26.919537950789827,26.139743090517786,26.77851104736328,20394,0.0,0.0
2022-06-23 00:00:00-04:00,26.89464959694032,26.994199435571137,26.571118732941578,26.687257766723633,27501,0.0,0.0
2022-06-24 00:00:00-04:00,26.961017608642578,27.334324226943398,26.41350080053548,26.961017608642578,56238,0.0,0.0
2022-06-27 00:00:00-04:00,27.176702023397766,27.583190250811388,26.40520262871725,26.828283309936523,28943,0.0,0.0
2022-06-28 00:00:00-04:00,26.80339836436489,27.16011250703037,26.521344563305192,26.637483596801758,10918,0.0,0.0
2022-06-29 00:00:00-04:00,26.654073437602435,26.654073437602435,26.280766876940337,26.39690589904785,10609,0.0,0.0
2022-06-30 00:00:00-04:00,26.106557062676625,26.51304527522831,26.00700886247022,26.38861083984375,14935,0.0,0.0
2022-07-01 00:00:00-04:00,26.222699946653094,26.87806038594517,26.222699946653094,26.80340003967285,22969,0.0,0.0
2022-07-05 00:00:00-04:00,26.521343015475143,26.67066531971904,26.0401911954711,26.629186630249023,20600,0.0,0.0
2022-07-06 00:00:00-04:00,26.62918599895626,27.367502090728024,26.297358120809637,26.438385009765625,16377,0.0,0.0
2022-07-07 00:00:00-04:00,26.272480799460283,26.654082907313946,26.181227979778107,26.24759292602539,12463,0.0,0.0
2022-07-08 00:00:00-04:00,26.372023639870022,26.372023639870022,26.040194087259884,26.23929214477539,23072,0.0,0.0
2022-07-11 00:00:00-04:00,26.2890653491891,26.2890653491891,25.973828262880136,26.10655975341797,9785,0.0,0.0
2022-07-12 00:00:00-04:00,26.25587887160323,26.338836246804977,26.181218537719154,26.2973575592041,12154,0.0,0.0
2022-07-13 00:00:00-04:00,26.048492016410812,26.139744820534883,25.79962147323024,26.00701332092285,9270,0.0,0.0
2022-07-14 00:00:00-04:00,25.716664673241986,25.716664673241986,25.318470165255093,25.525863647460938,9270,0.0,0.0
2022-07-15 00:00:00-04:00,25.932353563077495,26.902949518446636,25.509271185420157,26.869766235351562,54487,0.0,0.0
2022-07-18 00:00:00-04:00,26.853173244186497,27.375802201227188,26.20610983007485,26.363727569580078,17304,0.0,0.0
2022-07-19 00:00:00-04:00,26.654075036317916,27.37579870659164,26.33054255568878,27.027379989624023,28737,0.0,0.0
2022-07-20 00:00:00-04:00,26.728738661424753,27.36750665936085,26.430094010162207,26.99420166015625,28016,0.0,0.0
2022-07-21 00:00:00-04:00,26.9444262039148,27.135227215413646,26.720441911797476,27.07715606689453,15656,0.0,0.0
2022-07-22 00:00:00-04:00,26.77851164006275,27.160113666045785,26.430092894957795,26.60430145263672,18643,0.0,0.0
2022-07-25 00:00:00-04:00,26.737032440604548,27.34261874900101,26.67896292247677,27.193296432495117,20909,0.0,0.0
2022-07-26 00:00:00-04:00,27.276253914796076,27.657854305163816,27.085452904738663,27.550010681152344,13184,0.0,0.0
2022-07-27 00:00:00-04:00,27.60808052968555,28.00627335636729,27.292843455397836,27.79888153076172,22248,0.0,0.0
2022-07-28 00:00:00-04:00,27.865243270415746,27.95649931921167,27.500235372701198,27.790584564208984,12360,0.0,0.0
2022-07-29 00:00:00-04:00,27.96479353301714,28.039455504221635,27.757401703722262,27.832063674926758,14832,0.0,0.0
2022-08-01 00:00:00-04:00,27.87354600288252,28.221963127759896,27.85695191736943,28.04775619506836,14214,0.0,0.0
2022-08-02 00:00:00-04:00,28.022864046167903,28.03945487061754,27.6246712214006,27.69933319091797,7725,0.0,0.0
2022-08-03 00:00:00-04:00,27.566599349995915,28.49571808963479,27.417278674389543,28.230255126953125,44805,0.0,0.0
2022-08-04 00:00:00-04:00,27.98138463710907,28.495716449359943,27.525120705559413,27.85694694519043,15244,0.0,0.0
2022-08-05 00:00:00-04:00,27.69933533705208,28.280033794745695,27.69933533705208,27.95650291442871,11948,0.0,0.0
2022-08-08 00:00:00-04:00,28.296618266807563,28.462533005892748,27.525118967403028,28.014564514160156,17407,0.0,0.0
2022-08-09 00:00:00-04:00,27.989687447771107,28.329809188842773,27.915025464781614,28.329809188842773,11948,0.0,0.0
2022-08-10 00:00:00-04:00,28.44594859539451,28.45424400826914,27.989684589818395,28.263442993164062,12154,0.0,0.0
2022-08-11 00:00:00-04:00,28.38787724391695,28.827550420617364,28.172189991721684,28.678226470947266,13081,0.0,0.0
2022-08-12 00:00:00-04:00,28.844144439571426,29.350180974820095,27.997982903249238,29.217451095581055,31003,0.0,0.0
2022-08-15 00:00:00-04:00,29.126198627055857,29.516096115112305,28.810963122977043,29.516096115112305,15038,0.0,0.0
2022-08-16 00:00:00-04:00,29.657116147863906,29.83132632640449,29.532681702975225,29.607343673706055,11227,0.0,0.0
2022-08-17 00:00:00-04:00,29.623938807133005,29.823035251710458,29.15108393638792,29.333589553833008,9167,0.0,0.0
2022-08-18 00:00:00-04:00,28.910503786774594,29.632230758666992,28.910503786774594,29.632230758666992,9064,0.0,0.0
2022-08-19 00:00:00-04:00,29.333583352800254,29.333583352800254,28.429354129786915,28.727998733520508,25235,0.0,0.0
2022-08-22 00:00:00-04:00,28.586978694218242,28.91880830313515,28.230262842481007,28.387882232666016,24720,0.0,0.0
2022-08-23 00:00:00-04:00,28.752888418324687,28.860732044319334,27.931613214911895,27.948204040527344,11948,0.0,0.0
2022-08-24 00:00:00-04:00,27.798879976009736,28.056044260820684,27.674445539504635,27.790584564208984,7519,0.0,0.0
2022-08-25 00:00:00-04:00,29.507796290003963,29.507796290003963,27.40898519552884,28.080936431884766,10094,0.0,0.0
2022-08-26 00:00:00-04:00,27.48364949933796,27.87354696217527,27.400692106894684,27.500240325927734,10403,0.0,0.0
2022-08-29 00:00:00-04:00,27.666152779857367,27.666152779857367,27.019089334425672,27.209890365600586,13596,0.0,0.0
2022-08-30 00:00:00-04:00,27.184998777183893,27.184998777183893,26.75362268850515,26.8863525390625,9373,0.0,0.0
2022-08-31 00:00:00-04:00,26.777605169238907,27.062028444603406,26.417894346535686,26.86125946044922,26265,0.262136,0.0
2022-09-01 00:00:00-04:00,26.760874767083134,26.970008850097656,26.50991353877807,26.970008850097656,10300,0.0,0.0
2022-09-02 00:00:00-04:00,26.995104810961323,26.995104810961323,26.18366216614496,26.317508697509766,14523,0.0,0.0
2022-09-06 00:00:00-04:00,27.13731598620149,27.13731598620149,26.150201326285895,26.560104370117188,16171,0.0,0.0
2022-09-07 00:00:00-04:00,27.095489253768886,27.756355165995075,26.73577680403635,27.22933578491211,25235,0.0,0.0
2022-09-08 00:00:00-04:00,26.953278397480727,27.17914432256368,26.35933655546938,27.10385513305664,8755,0.0,0.0
2022-09-09 00:00:00-04:00,27.388279697763988,27.388279697763988,26.752510680811863,27.28789520263672,14523,0.0,0.0
2022-09-12 00:00:00-04:00,27.38827154453501,27.563945180430476,27.062021210773892,27.08711814880371,14729,0.0,0.0
2022-09-13 00:00:00-04:00,27.003470895017724,27.405008860305827,26.727412722163063,26.970008850097656,18540,0.0,0.0
2022-09-14 00:00:00-04:00,27.128953520093575,27.35481945718811,26.794337986539475,27.346452713012695,26162,0.0,0.0
2022-09-15 00:00:00-04:00,27.446836512346163,28.442317987013666,27.028568338594653,27.279529571533203,38728,0.0,0.0
2022-09-16 00:00:00-04:00,27.39998869559879,28.330555949438125,26.52112236159184,28.123762130737305,66600,0.0,1.03
2022-09-19 00:00:00-04:00,27.641246991824183,27.89111859511061,26.848541237106442,27.624013900756836,21300,0.0,0.0
2022-09-20 00:00:00-04:00,27.150118506894405,27.54646981015616,26.848545934208374,27.356910705566406,15800,0.0,0.0
2022-09-21 00:00:00-04:00,27.382759292759783,28.08068314184531,27.115651275080605,27.36552619934082,19300,0.0,0.0
2022-09-22 00:00:00-04:00,27.296593705261877,27.296593705261877,26.727914806688766,26.908857345581055,13500,0.0,0.0
2022-09-23 00:00:00-04:00,26.693448626738345,26.788228990996455,26.391876085093738,26.667600631713867,14900,0.0,0.0
2022-09-26 00:00:00-04:00,26.581438665787562,26.857161588181754,26.288482649884173,26.469425201416016,30000,0.0,0.0
2022-09-27 00:00:00-04:00,26.590054783585177,26.624519326609335,25.857664755641792,26.00414276123047,12200,0.0,0.0
2022-09-28 00:00:00-04:00,26.133390236931852,26.443579371765896,25.762886913310826,26.090309143066406,28900,0.0,0.0
2022-09-29 00:00:00-04:00,25.986904519032908,25.986904519032908,25.51300605313952,25.831809997558594,13000,0.0,0.0
2022-09-30 00:00:00-04:00,25.693950271729648,25.96967315335024,24.71168709509678,24.83231544494629,44800,0.0,0.0
2022-10-03 00:00:00-04:00,25.176972325486528,25.693953617564816,25.176972325486528,25.625022888183594,18400,0.0,0.0
2022-10-04 00:00:00-04:00,25.737035778695294,26.538354873657227,25.737035778695294,26.538354873657227,22900,0.0,0.0
2022-10-05 00:00:00-04:00,26.60728861935124,26.60728861935124,25.831817432228757,26.22817039489746,13200,0.0,0.0
2022-10-06 00:00:00-04:00,26.210933833104338,26.366028378701582,25.616405289460946,25.633638381958008,14400,0.0,0.0
2022-10-07 00:00:00-04:00,25.452695122818398,25.452695122818398,24.78923587134669,24.92709732055664,20000,0.0,0.0
2022-10-10 00:00:00-04:00,24.987411498759766,25.36653130580017,24.556594059125974,25.10803985595703,22500,0.0,0.0
2022-10-11 00:00:00-04:00,24.978794952754516,25.400995846383054,24.95294531473877,25.10803985595703,13400,0.0,0.0
2022-10-12 00:00:00-04:00,25.237288984833526,25.38376535159564,24.99603060231574,25.073577880859375,10800,0.0,0.0
2022-10-13 00:00:00-04:00,24.97879933305505,26.322949520260963,24.944334786428435,26.254018783569336,25800,0.0,0.0
2022-10-14 00:00:00-04:00,26.210935399461043,26.53835595928098,25.840432105823837,26.16785430908203,19600,0.0,0.0
2022-10-17 00:00:00-04:00,26.39187562883685,26.710681257278424,26.305713455660634,26.684831619262695,25700,0.0,0.0
2022-10-18 00:00:00-04:00,26.727915610822034,26.960557433629763,26.081689420870465,26.47804069519043,17400,0.0,0.0
2022-10-19 00:00:00-04:00,26.219554059843723,26.779616497110066,26.04722639755944,26.529743194580078,18900,0.0,0.0
2022-10-20 00:00:00-04:00,26.19370013428655,26.75376247997173,25.693951967506806,25.926593780517578,16000,0.0,0.0
2022-10-21 00:00:00-04:00,26.08168612520085,26.633131878378872,25.719799438818274,26.58143424987793,22300,0.0,0.0
2022-10-24 00:00:00-04:00,26.641749678661558,26.727913492513867,26.47803859668598,26.67621421813965,13500,0.0,0.0
2022-10-25 00:00:00-04:00,26.469427540227073,27.13288690800958,26.06445966760785,27.012258529663086,26300,0.0,0.0
2022-10-26 00:00:00-04:00,27.21043439729287,27.21043439729287,26.52112702520578,26.61590576171875,19900,0.0,0.0
2022-10-27 00:00:00-04:00,26.93470806420084,27.692946078226537,26.693449692564474,27.5809326171875,22600,0.0,0.0
2022-10-28 00:00:00-04:00,27.856664361563862,29.59716437116596,27.632637394905768,29.519617080688477,40900,0.0,0.0
2022-10-31 00:00:00-04:00,29.519609970652933,30.372629960448535,28.115147462437008,30.002126693725586,38400,0.0,0.0
2022-11-01 00:00:00-04:00,30.157220106266887,30.329547735677927,29.605774321652476,29.691936492919922,21200,0.0,0.0
2022-11-02 00:00:00-04:00,29.59716099904159,30.07106287956436,29.106029310933163,29.123262405395508,21100,0.0,0.0
2022-11-03 00:00:00-04:00,28.80445362802483,29.27835214357186,28.778605634029436,29.14910888671875,7000,0.0,0.0
2022-11-04 00:00:00-04:00,28.580425973328275,29.75224987786574,28.580425973328275,29.640239715576172,17600,0.0,0.0
2022-11-07 00:00:00-05:00,29.67470471980988,29.67470471980988,29.166339998241323,29.562694549560547,13500,0.0,0.0
2022-11-08 00:00:00-05:00,29.700556200373363,29.950427824572085,29.192191475406634,29.545461654663086,17300,0.0,0.0
2022-11-09 00:00:00-05:00,29.536845975823326,29.614393255270564,28.838923747674773,29.43345069885254,17000,0.0,0.0
2022-11-10 00:00:00-05:00,29.95904835648041,30.932696794698355,29.855653080215497,30.691436767578125,39400,0.0,0.0
2022-11-11 00:00:00-05:00,30.66558495048517,30.72589912803327,29.890112257900785,30.148605346679688,13700,0.0,0.0
2022-11-14 00:00:00-05:00,29.545461058894,30.191687224030563,29.545461058894,29.95904541015625,12700,0.0,0.0
2022-11-15 00:00:00-05:00,30.07106602893058,30.656978154506596,30.07106602893058,30.355403900146484,17400,0.0,0.0
2022-11-16 00:00:00-05:00,30.019360295383283,30.665586475719998,29.85565084630679,30.544958114624023,18200,0.0,0.0
2022-11-17 00:00:00-05:00,30.303690166773855,30.889602013068856,30.208913112796385,30.63973045349121,25200,0.0,0.0
2022-11-18 00:00:00-05:00,31.06193794026179,31.311812853753295,30.174455032129732,30.648353576660156,23700,0.0,0.0
2022-11-21 00:00:00-05:00,30.398484152554705,30.794838781930483,30.398484152554705,30.60527801513672,14000,0.0,0.0
2022-11-22 00:00:00-05:00,30.562193493966127,30.691436767578125,30.157224005520067,30.691436767578125,32800,0.0,0.0
2022-11-23 00:00:00-05:00,30.458792653866094,31.458289014713397,29.872880654037367,30.484643936157227,10000,0.0,0.0
2022-11-25 00:00:00-05:00,30.9326931469219,30.9326931469219,30.493257522583008,30.493257522583008,3800,0.0,0.0
2022-11-28 00:00:00-05:00,30.157220841250922,30.40709574564301,29.623008135245534,29.97627830505371,14300,0.0,0.0
2022-11-29 00:00:00-05:00,30.286467189625586,30.46740972463657,30.02797409746566,30.23476791381836,16700,0.0,0.0
2022-11-30 00:00:00-05:00,30.434485908208575,30.651564985032266,29.783248677737504,30.53868293762207,46000,0.27,0.0
2022-12-01 00:00:00-05:00,30.304234921039882,30.46053209282828,30.165304469712773,30.451847076416016,11100,0.0,0.0
2022-12-02 00:00:00-05:00,30.278189662417205,30.75576298401191,29.75720118656188,30.590784072875977,12700,0.0,0.0
2022-12-05 00:00:00-05:00,30.365017472154225,30.365017472154225,29.566164874711802,29.809295654296875,26400,0.0,0.0
2022-12-06 00:00:00-05:00,29.600898973980136,30.06110549354827,29.201474322567666,30.035057067871094,32400,0.0,0.0
2022-12-07 00:00:00-05:00,30.191355956137592,30.295552977109455,29.453285167314334,29.600900650024414,14600,0.0,0.0
2022-12-08 00:00:00-05:00,29.6269498496821,30.156623298008988,28.949664227159797,29.218843460083008,15500,0.0,0.0
2022-12-09 00:00:00-05:00,29.053859476655642,29.08859291988542,28.888880589859376,29.02781105041504,8900,0.0,0.0
2022-12-12 00:00:00-05:00,28.810727295106314,29.583528062801676,28.697845279220488,29.38381576538086,18900,0.0,0.0
2022-12-13 00:00:00-05:00,29.98295461614496,30.747073730544635,29.010441487503734,30.095836639404297,67600,0.0,0.0
2022-12-14 00:00:00-05:00,29.870073958167534,30.26949855306329,29.5401129260366,29.687725067138672,37100,0.0,0.0
2022-12-15 00:00:00-05:00,29.626945776371944,30.130570727625845,28.862829957892046,29.045175552368164,21400,0.0,0.0
2022-12-16 00:00:00-05:00,28.576282776753168,30.02637238913771,28.150806429446167,29.870075225830078,103000,0.0,0.0
2022-12-19 00:00:00-05:00,29.739829396066416,29.739829396066416,29.132007402871213,29.366453170776367,31000,0.0,0.0
2022-12-20 00:00:00-05:00,29.34040407813014,29.357770798953872,29.132006740608627,29.14069175720215,14000,0.0,0.0
2022-12-21 00:00:00-05:00,29.791930525098657,30.06110643179986,29.592218193159102,29.98295783996582,18600,0.0,0.0
2022-12-22 00:00:00-05:00,29.661676186614578,29.661676186614578,28.94097558630145,29.488012313842773,21300,0.0,0.0
2022-12-23 00:00:00-05:00,29.722461238987187,29.948225291558337,29.670361077848483,29.826658248901367,9200,0.0,0.0
2022-12-27 00:00:00-05:00,30.087156569314224,30.338965740832016,29.79192893947235,29.96558952331543,23300,0.0,0.0
2022-12-28 00:00:00-05:00,30.217403874193444,30.226088891340193,29.383821095735417,29.444602966308594,21000,0.0,0.0
2022-12-29 00:00:00-05:00,29.58352806680998,29.687725067138672,29.41854920692597,29.687725067138672,18400,0.0,0.0
2022-12-30 00:00:00-05:00,29.69641683894895,29.765880417517444,29.305673858364685,29.435922622680664,17300,0.0,0.0
2023-01-03 00:00:00-05:00,29.453280472130796,29.69641123212547,29.140689459045724,29.505380630493164,20300,0.0,0.0
2023-01-04 00:00:00-05:00,29.505379484475018,29.94822253244707,29.236200311935868,29.38381576538086,12900,0.0,0.0
2023-01-05 00:00:00-05:00,29.21015183500285,29.253566975688685,28.81072724091254,28.975706100463867,11100,0.0,0.0
2023-01-06 00:00:00-05:00,29.166739057213064,29.279621082031507,29.036490312240765,29.1754207611084,20500,0.0,0.0
2023-01-09 00:00:00-05:00,29.10595574387642,29.357768205026538,28.880191705478726,29.07122230529785,12600,0.0,0.0
2023-01-10 00:00:00-05:00,29.11464260212116,29.409870257583385,28.80204822429485,28.958345413208008,15700,0.0,0.0
2023-01-11 00:00:00-05:00,28.86283034221689,29.071224363717853,28.80204516421892,28.984394073486328,11500,0.0,0.0
2023-01-12 00:00:00-05:00,29.17541937587501,29.505380418405455,28.71521290691943,29.331716537475586,16100,0.0,0.0
2023-01-13 00:00:00-05:00,29.470647052760267,29.47933206862794,28.94965872104294,29.288301467895508,19700,0.0,0.0
2023-01-17 00:00:00-05:00,29.088590568207188,29.236202721454802,28.741262788716153,28.828096389770508,15400,0.0,0.0
2023-01-18 00:00:00-05:00,28.906245586516548,28.906245586516548,28.34183876098527,28.38525390625,24600,0.0,0.0
2023-01-19 00:00:00-05:00,28.29842458277394,28.940980016685344,28.237642714853543,28.8454647064209,35700,0.0,0.0
2023-01-20 00:00:00-05:00,29.04517259478679,29.053854297865012,28.67179642752885,29.036487579345703,19900,0.0,0.0
2023-01-23 00:00:00-05:00,29.114639196405122,29.270936367035247,28.775996430827586,29.001760482788086,12500,0.0,0.0
2023-01-24 00:00:00-05:00,29.062539837264847,29.088588259331992,28.74994552300739,28.88887596130371,10600,0.0,0.0
2023-01-25 00:00:00-05:00,28.59364984180367,28.59364984180367,28.26368879168213,28.541549682617188,9300,0.0,0.0
2023-01-26 00:00:00-05:00,28.776000485499804,28.776000485499804,28.116081581691688,28.61970329284668,12300,0.0,0.0
2023-01-27 00:00:00-05:00,28.654429239572735,28.654429239572735,28.281053078431704,28.532865524291992,11100,0.0,0.0
2023-01-30 00:00:00-05:00,28.515504995534215,28.593653588372046,28.150810458169836,28.428674697875977,17900,0.0,0.0
2023-01-31 00:00:00-05:00,28.393936916574333,28.78467982107586,28.367885181365544,28.576282501220703,22000,0.0,0.0
2023-02-01 00:00:00-05:00,28.619705119061088,28.619705119061088,28.09871665188234,28.142131805419922,22000,0.0,0.0
2023-02-02 00:00:00-05:00,28.142130130250383,28.515506390703234,27.86426918931296,28.16817855834961,33400,0.0,0.0
2023-02-03 00:00:00-05:00,27.794803952391494,28.437359486784914,27.794803952391494,28.142131805419922,20800,0.0,0.0
2023-02-06 00:00:00-05:00,28.09002901868837,28.09002901868837,27.291179668402084,27.42142677307129,19700,0.0,0.0
2023-02-07 00:00:00-05:00,27.569035506627458,27.569035506627458,27.048045528021824,27.21302604675293,40400,0.0,0.0
2023-02-08 00:00:00-05:00,27.22171149922616,27.2564432838401,26.883067076195996,26.97858238220215,19900,0.0,0.0
2023-02-09 00:00:00-05:00,27.07409678299341,27.07409678299341,26.683353868015914,26.883066177368164,24600,0.0,0.0
2023-02-10 00:00:00-05:00,26.77887037516457,27.074098000606824,26.570474696531498,26.96121597290039,45600,0.0,0.0
2023-02-13 00:00:00-05:00,27.01331429658063,27.08277951806491,26.822283695362724,26.91779899597168,39100,0.0,0.0
2023-02-14 00:00:00-05:00,26.96989889485045,27.160929505962113,26.7267714351543,26.761503219604492,45800,0.0,0.0
2023-02-15 00:00:00-05:00,26.492325194143554,27.178294072239765,26.483641834144667,27.013315200805664,21600,0.0,0.0
2023-02-16 00:00:00-05:00,26.7875525307371,27.004631559906475,26.7094039477416,26.883066177368164,30200,0.0,0.0
2023-02-17 00:00:00-05:00,26.995947027015703,27.25644118822778,26.796234726341016,27.21302604675293,60800,0.0,0.0
2023-02-21 00:00:00-05:00,27.213031079149264,27.395376694481858,26.60520904901036,26.752822875976562,61600,0.0,0.0
2023-02-22 00:00:00-05:00,26.88306855199842,26.995950584599242,26.67467286432964,26.778871536254883,55500,0.0,0.0
2023-02-23 00:00:00-05:00,26.865702011979835,27.074097688208298,26.78755342637146,26.97858238220215,29000,0.0,0.0
2023-02-24 00:00:00-05:00,26.830969032000123,27.01331628694531,26.8222856716521,26.874385833740234,25100,0.0,0.0
2023-02-27 00:00:00-05:00,27.004635144933694,27.091467099365218,26.639942261266718,26.726774215698242,22600,0.0,0.0
2023-02-28 00:00:00-05:00,26.657304862932452,26.76150186719898,26.43154247877961,26.46627426147461,71900,0.0,0.0
2023-03-01 00:00:00-05:00,26.483641932238694,26.587840596429693,26.014750427651574,26.110265731811523,26300,0.0,0.0
2023-03-02 00:00:00-05:00,26.040169337061112,26.048931371364908,25.73350649236411,25.882457733154297,17200,0.27,0.0
2023-03-03 00:00:00-05:00,25.794843273301684,26.101507839260613,25.65465404392402,25.89998435974121,27500,0.0,0.0
2023-03-06 00:00:00-05:00,26.0401723564127,26.0401723564127,25.567034147457658,25.75103187561035,46300,0.0,0.0
2023-03-07 00:00:00-05:00,25.672170690027535,25.672170690027535,25.31293566136803,25.55826759338379,32900,0.0,0.0
2023-03-08 00:00:00-05:00,25.751031493119896,25.751031493119896,25.269131256002964,25.567033767700195,37300,0.0,0.0
2023-03-09 00:00:00-05:00,25.531984796000234,25.531984796000234,24.594468786659423,24.63827896118164,47900,0.0,0.0
2023-03-10 00:00:00-05:00,24.515612514550494,24.533136584624465,23.648191100136607,23.805904388427734,83600,0.0,0.0
2023-03-13 00:00:00-04:00,23.481714623190445,23.674476042159462,22.316390759518722,22.70191192626953,97400,0.0,0.0
2023-03-14 00:00:00-04:00,23.66571400072403,24.85732396787147,23.280192834084467,23.543048858642578,105000,0.0,0.0
2023-03-15 00:00:00-04:00,23.3940989903128,24.068758982675423,22.807056006774992,23.58685874938965,73700,0.0,0.0
2023-03-16 00:00:00-04:00,23.288955107235232,24.23523312872519,23.104957392228382,23.832189559936523,66800,0.0,0.0
2023-03-17 00:00:00-04:00,23.709521754681166,23.709521754681166,22.807053944370594,22.964765548706055,92800,0.0,0.0
2023-03-20 00:00:00-04:00,23.23638499685206,23.613144139663586,23.175052424057117,23.39409828186035,74700,0.0,0.0
2023-03-21 00:00:00-04:00,23.656951808231213,23.954854298029844,23.09619496681601,23.26266860961914,81300,0.0,0.0
2023-03-22 00:00:00-04:00,23.262667073419433,23.4641905122838,22.368961334228516,22.368961334228516,46100,0.0,0.0
2023-03-23 00:00:00-04:00,22.561726609562538,22.561726609562538,21.904588941322853,22.027254104614258,50300,0.0,0.0
2023-03-24 00:00:00-04:00,21.913347676523497,22.298868851750278,21.45773189409069,22.149917602539062,86300,0.0,0.0
2023-03-27 00:00:00-04:00,22.46534017552302,22.710672110960232,22.29010451122823,22.421531677246094,67400,0.0,0.0
2023-03-28 00:00:00-04:00,22.316392221474647,22.474105512349443,21.904586595113944,21.957157135009766,28200,0.0,0.0
2023-03-29 00:00:00-04:00,22.053535518698663,22.23753322447038,21.624205867377512,21.939632415771484,53300,0.0,0.0
2023-03-30 00:00:00-04:00,22.02725032083341,22.02725032083341,21.27373372709643,21.405160903930664,37700,0.0,0.0
2023-03-31 00:00:00-04:00,21.48402024057367,21.930874034841253,21.33506897581781,21.82573127746582,90600,0.0,0.0
2023-04-03 00:00:00-04:00,21.711828555555673,21.834493715430646,21.343831404743288,21.720590591430664,82000,0.0,0.0
2023-04-04 00:00:00-04:00,21.545352551709332,21.685541779009956,20.634120903067842,20.800596237182617,48800,0.0,0.0
2023-04-05 00:00:00-04:00,20.8005952357578,20.932022421126277,20.266122787913694,20.432598114013672,44300,0.0,0.0
2023-04-06 00:00:00-04:00,20.502691136627583,20.634118311818764,20.178504215901818,20.44135856628418,49200,0.0,0.0
2023-04-10 00:00:00-04:00,20.51145380067732,20.870688870446358,20.51145380067732,20.62535858154297,45500,0.0,0.0
2023-04-11 00:00:00-04:00,20.721738301715316,20.853165485253452,20.42383579439564,20.476408004760742,34700,0.0,0.0
2023-04-12 00:00:00-04:00,20.564020026198463,20.739257342545624,20.257357229371294,20.66916275024414,47500,0.0,0.0
2023-04-13 00:00:00-04:00,20.712974951170914,20.712974951170914,20.406312099453892,20.44135856628418,25100,0.0,0.0
2023-04-14 00:00:00-04:00,20.61660045649769,20.634122858179982,19.819273523982247,19.898128509521484,60100,0.0,0.0
2023-04-17 00:00:00-04:00,19.933174316579866,20.388790130615234,19.626509762087316,20.388790130615234,80800,0.0,0.0
2023-04-18 00:00:00-04:00,20.467644829819584,20.48516722777812,19.81926931211165,19.88060188293457,57400,0.0,0.0
2023-04-19 00:00:00-04:00,19.94193399484451,20.371263651912244,19.92440992610203,20.26612091064453,44500,0.0,0.0
2023-04-20 00:00:00-04:00,20.327456835845112,20.327456835845112,19.801746428313592,19.97698211669922,43100,0.0,0.0
2023-04-21 00:00:00-04:00,19.92441167511264,19.92441167511264,19.608985094807814,19.696603775024414,34800,0.0,0.0
2023-04-24 00:00:00-04:00,19.66155687822144,19.79298406009554,19.42498694813569,19.460033416748047,59100,0.0,0.0
2023-04-25 00:00:00-04:00,19.39870193724753,19.407463972691563,18.408615328695042,18.697755813598633,64000,0.0,0.0
2023-04-26 00:00:00-04:00,18.706518222690068,19.0131827846071,18.627661573306046,18.88175392150879,42700,0.0,0.0
2023-04-27 00:00:00-04:00,18.91680174125982,19.468796606343385,18.91680174125982,19.092039108276367,53300,0.0,0.0
2023-04-28 00:00:00-04:00,19.030704569628426,19.28479858080684,18.750326123629737,18.91680145263672,52400,0.0,0.0
2023-05-01 00:00:00-04:00,18.855468034400293,19.33736825804078,18.785373426030997,18.951847076416016,53300,0.0,0.0
2023-05-02 00:00:00-04:00,18.820417781564757,18.820417781564757,17.681380105652046,17.760236740112305,54500,0.0,0.0
2023-05-03 00:00:00-04:00,17.961756865286983,18.504991222876455,17.78651954446794,17.88290023803711,80400,0.0,0.0
2023-05-04 00:00:00-04:00,17.64633489986046,17.93547538382882,16.73510494206429,17.453575134277344,66300,0.0,0.0
2023-05-05 00:00:00-04:00,17.865376779224714,18.908035364060723,17.66385502326099,18.180803298950195,60800,0.0,0.0
2023-05-08 00:00:00-04:00,18.461182068203225,18.60137126406189,17.444809562634397,17.576236724853516,46200,0.0,0.0
2023-05-09 00:00:00-04:00,17.479861206296032,17.646334865306084,17.138148510502642,17.62005043029785,35600,0.0,0.0
2023-05-10 00:00:00-04:00,17.97051974131944,18.005566204414865,17.444809425391824,17.681379318237305,39500,0.0,0.0
2023-05-11 00:00:00-04:00,17.707667476582934,17.707667476582934,17.15567261489329,17.453575134277344,35000,0.0,0.0
2023-05-12 00:00:00-04:00,17.558717665760526,17.558717665760526,16.94538856392663,17.1644344329834,40800,0.0,0.0
2023-05-15 00:00:00-04:00,16.997958582512574,17.383479768144504,16.06044255913334,16.700056076049805,120800,0.0,0.0
2023-05-16 00:00:00-04:00,16.498534819092527,16.813961405860713,15.534732659335456,15.639875411987305,144100,0.0,0.0
2023-05-17 00:00:00-04:00,15.455876536351939,17.243291693686814,15.455876536351939,17.12938690185547,130600,0.0,0.0
2023-05-18 00:00:00-04:00,17.304622193218197,17.45357343843769,16.866530492124067,17.234527587890625,60900,0.0,0.0
2023-05-19 00:00:00-04:00,17.51490480096712,17.51490480096712,16.603674994568205,16.80519676208496,37000,0.0,0.0
2023-05-22 00:00:00-04:00,17.050529544216467,17.47109888041677,16.89281792322712,17.444812774658203,60600,0.0,0.0
2023-05-23 00:00:00-04:00,17.26081453302717,17.97052265546464,17.26081453302717,17.48862075805664,57700,0.0,0.0
2023-05-24 00:00:00-04:00,17.48861971007459,17.53242988240676,17.12062428960755,17.287097930908203,26300,0.0,0.0
2023-05-25 00:00:00-04:00,17.225766452014227,17.506144887952182,16.708818084058386,16.866531372070312,39700,0.0,0.0
2023-05-26 00:00:00-04:00,16.82272521289448,17.015484996671773,16.73510652165479,16.936628341674805,33500,0.0,0.0
2023-05-30 00:00:00-04:00,16.945388955460597,17.006721532823644,16.53358331374629,16.840246200561523,41300,0.0,0.0
2023-05-31 00:00:00-04:00,16.84024485971411,16.84024485971411,15.823872218426981,15.981585502624512,116100,0.0,0.0
2023-06-01 00:00:00-04:00,16.195030142463605,16.461835624108193,15.679208246840584,16.186138153076172,57700,0.27,0.0
2023-06-02 00:00:00-04:00,16.372899372367982,17.875898226942287,16.310645273022377,17.804750442504883,68600,0.0,0.0
2023-06-05 00:00:00-04:00,17.769175399345116,17.902577280854917,16.89761463076433,17.199993133544922,60100,0.0,0.0
2023-06-06 00:00:00-04:00,17.084378714643034,18.774141711703894,17.084378714643034,18.525123596191406,73300,0.0,0.0
2023-06-07 00:00:00-04:00,18.800819282175787,20.268245081561275,18.800819282175787,20.054800033569336,94400,0.0,0.0
2023-06-08 00:00:00-04:00,19.894719656566398,19.894719656566398,19.20992114660081,19.352216720581055,39800,0.0,0.0
2023-06-09 00:00:00-04:00,19.485618760220163,19.832464012448934,19.129879822511544,19.289962768554688,24600,0.0,0.0
2023-06-12 00:00:00-04:00,19.52119027339047,19.6723795089475,18.631842228066017,18.783031463623047,44500,0.0,0.0
2023-06-13 00:00:00-04:00,18.774138475466046,19.619018132061154,18.76524479112755,19.538976669311523,52900,0.0,0.0
2023-06-14 00:00:00-04:00,19.47672589109577,19.805785482454244,19.032051776247478,19.120986938476562,52700,0.0,0.0
2023-06-15 00:00:00-04:00,19.254386396663097,19.610125304256783,18.925328543250277,19.4322566986084,48300,0.0,0.0
2023-06-16 00:00:00-04:00,19.60123268758528,19.610124675730326,18.83639278855014,18.952007293701172,69800,0.0,0.0
2023-06-20 00:00:00-04:00,18.960900845235866,18.960900845235866,18.24052937345972,18.480653762817383,45000,0.0,0.0
2023-06-21 00:00:00-04:00,18.480652775498402,18.880858373416892,18.071551797378728,18.516225814819336,40400,0.0,0.0
2023-06-22 00:00:00-04:00,18.373931183741842,18.373931183741842,17.840321996870305,18.018192291259766,35900,0.0,0.0
2023-06-23 00:00:00-04:00,17.76917467316722,19.20102566038905,17.64466648168598,18.827499389648438,250100,0.0,0.0
2023-06-26 00:00:00-04:00,18.51622736276832,19.005369840623153,18.365038116347286,18.63184356689453,78200,0.0,0.0
2023-06-27 00:00:00-04:00,18.685201927900362,19.32553188560709,18.42729019030526,18.694095611572266,40200,0.0,0.0
2023-06-28 00:00:00-04:00,18.658520876884648,18.79192273936979,18.098232375928347,18.694095611572266,57700,0.0,0.0
2023-06-29 00:00:00-04:00,18.765242059121103,18.98757904632326,18.320568084716797,18.320568084716797,36700,0.0,0.0
2023-06-30 00:00:00-04:00,18.51622740011182,18.51622740011182,17.884791055507307,17.911470413208008,32700,0.0,0.0
2023-07-03 00:00:00-04:00,17.964835530553934,18.365041229776402,17.78696520003471,18.0804500579834,29500,0.0,0.0
2023-07-05 00:00:00-04:00,18.080448147438304,18.080448147438304,17.43122439335127,17.48458480834961,53700,0.0,0.0
2023-07-06 00:00:00-04:00,17.520160975313825,17.520160975313825,16.70196052811923,17.066593170166016,58600,0.0,0.0
2023-07-07 00:00:00-04:00,17.084378654361156,17.94704752159081,17.084378654361156,17.72471046447754,69100,0.0,0.0
2023-07-10 00:00:00-04:00,17.724706373402636,18.382823707000888,17.626877548037783,17.849214553833008,32400,0.0,0.0
2023-07-11 00:00:00-04:00,17.893684383201666,18.0893403530568,17.6713473598812,18.02708625793457,32200,0.0,0.0
2023-07-12 00:00:00-04:00,18.41840056630056,18.50733572632542,18.009301205002124,18.10713005065918,44300,0.0,0.0
2023-07-13 00:00:00-04:00,18.11602112280365,18.391718552440157,17.813642640119678,18.018192291259766,30900,0.0,0.0
2023-07-14 00:00:00-04:00,18.098235213261674,18.098235213261674,17.34228894560415,17.609092712402344,41100,0.0,0.0
2023-07-17 00:00:00-04:00,17.715816764659944,18.40061530713984,17.60909423095904,18.187171936035156,41600,0.0,0.0
2023-07-18 00:00:00-04:00,18.160488170775583,19.17434445642939,18.160488170775583,19.023155212402344,55900,0.0,0.0
2023-07-19 00:00:00-04:00,19.005367608475098,19.787993106309134,18.72966850566031,19.681270599365234,48000,0.0,0.0
2023-07-20 00:00:00-04:00,19.690167998402625,19.690167998402625,19.156560451884207,19.34332275390625,35900,0.0,0.0
2023-07-21 00:00:00-04:00,19.39668177421828,19.39668177421828,18.89864730834961,18.89864730834961,35800,0.0,0.0
2023-07-24 00:00:00-04:00,18.86307704270448,19.654598200555583,18.52512542765934,18.791929244995117,62300,0.0,0.0
2023-07-25 00:00:00-04:00,18.587376365129852,18.68520520638905,17.79585703871492,17.813644409179688,37300,0.0,0.0
2023-07-26 00:00:00-04:00,18.080447361549734,18.37393217572946,17.973724839894864,18.24942398071289,36300,0.0,0.0
2023-07-27 00:00:00-04:00,18.453975041871967,18.783034620314606,17.84032431250437,17.964834213256836,36200,0.0,0.0
2023-07-28 00:00:00-04:00,18.09823318638527,18.66741539650202,17.893683541661662,18.000404357910156,40200,0.0,0.0
2023-07-31 00:00:00-04:00,18.08044859987179,18.489549648554856,17.884792609117223,17.893686294555664,37900,0.0,0.0
2023-08-01 00:00:00-04:00,17.929261063967868,18.17827919129697,17.804752848451923,18.089344024658203,31000,0.0,0.0
2023-08-02 00:00:00-04:00,17.973724839894864,18.311678078221178,17.83142927521966,18.24942398071289,37900,0.0,0.0
2023-08-03 00:00:00-04:00,18.267213642262934,18.75635449516677,18.035982896580183,18.46286964416504,30600,0.0,0.0
2023-08-04 00:00:00-04:00,18.48065068060132,18.74745438230312,18.080443431752062,18.178272247314453,32200,0.0,0.0
2023-08-07 00:00:00-04:00,18.22274398803711,18.28499808917285,17.982619572544657,18.22274398803711,31700,0.0,0.0
2023-08-08 00:00:00-04:00,17.849214840941293,18.13380594152941,17.78696074972474,17.99151039123535,43800,0.0,0.0
2023-08-09 00:00:00-04:00,17.911470079898095,17.911470079898095,17.22667333633848,17.306713104248047,36100,0.0,0.0
2023-08-10 00:00:00-04:00,17.377861653990326,17.537942877573816,17.03990844617714,17.137737274169922,28200,0.0,0.0
2023-08-11 00:00:00-04:00,17.155524083040515,17.34228635261548,17.1021619806219,17.25335121154785,42700,0.0,0.0
2023-08-14 00:00:00-04:00,17.244461121140127,17.244461121140127,16.764213973377792,16.844255447387695,38100,0.0,0.0
2023-08-15 00:00:00-04:00,16.710852335808024,16.710852335808024,16.186136798415312,16.337326049804688,43600,0.0,0.0
2023-08-16 00:00:00-04:00,16.212814613635892,16.586340864083144,16.14166683718388,16.221708297729492,41700,0.0,0.0
2023-08-17 00:00:00-04:00,16.230602264404297,16.426258228979574,16.132773433968246,16.230602264404297,44000,0.0,0.0
2023-08-18 00:00:00-04:00,16.07941260925982,16.639701132058505,16.07941260925982,16.4173641204834,44900,0.0,0.0
2023-08-21 00:00:00-04:00,16.426260462697417,16.764213724907385,16.106096267700195,16.106096267700195,57500,0.0,0.0
2023-08-22 00:00:00-04:00,16.034945157356184,16.114986613592478,15.225638607675153,15.305678367614746,70600,0.0,0.0
2023-08-23 00:00:00-04:00,15.225642989631643,15.430192682751041,15.012197914040662,15.190068244934082,64600,0.0,0.0
2023-08-24 00:00:00-04:00,15.11002391156571,15.492443863344144,15.11002391156571,15.456869125366211,54100,0.0,0.0
2023-08-25 00:00:00-04:00,15.528018184948206,15.563592925858446,15.190066627785964,15.430191040039062,35900,0.0,0.0
2023-08-28 00:00:00-04:00,15.465763827935923,15.750354965305881,15.43019078391317,15.519125938415527,49600,0.0,0.0
2023-08-29 00:00:00-04:00,15.536911694240212,15.76814241864736,15.430190865311985,15.759248733520508,35700,0.0,0.0
2023-08-30 00:00:00-04:00,15.705889371720543,16.381794219989814,15.705889371720543,16.195030212402344,82600,0.0,0.0
2023-08-31 00:00:00-04:00,16.24919048704216,16.24919048704216,15.806851619291821,15.897125244140625,64800,0.27,0.0
2023-09-01 00:00:00-04:00,16.113781594133712,16.30335466471321,15.996425360304853,16.26724624633789,43800,0.0,0.0
2023-09-05 00:00:00-04:00,16.095729045441715,16.167947615331705,15.698526050133514,15.752691268920898,66500,0.0,0.0
2023-09-06 00:00:00-04:00,15.77074344176017,16.095727842898157,15.418678155078279,15.536032676696777,37500,0.0,0.0
2023-09-07 00:00:00-04:00,15.490897742829334,15.951291767577507,15.436734246337346,15.87004566192627,97200,0.0,0.0
2023-09-08 00:00:00-04:00,15.969344354707806,16.195027563760892,15.725606075692173,15.933234214782715,42600,0.0,0.0
2023-09-11 00:00:00-04:00,15.870049783561212,16.167951674375466,15.815886273002334,15.942268371582031,50900,0.0,0.0
2023-09-12 00:00:00-04:00,16.0144810945564,16.492930141111902,15.833935551539728,16.18600082397461,64800,0.0,0.0
2023-09-13 00:00:00-04:00,16.249195323979535,16.35752405040981,15.987401906171941,16.213085174560547,73300,0.0,0.0
2023-09-14 00:00:00-04:00,16.411687624141106,16.899162590632276,16.38460501195899,16.8811092376709,48900,0.0,0.0
2023-09-15 00:00:00-04:00,16.953325489091796,17.169981191344622,16.438766259186558,16.474876403808594,99600,0.0,0.0
2023-09-18 00:00:00-04:00,16.44779277052647,16.510985519677675,15.779770633079545,15.81588077545166,40500,0.0,0.0
2023-09-19 00:00:00-04:00,15.490898233358338,15.779772519565006,15.400624588462113,15.599226951599121,48600,0.0,0.0
2023-09-20 00:00:00-04:00,15.617278106362049,15.824907976965735,15.346458931593862,15.391594886779785,36400,0.0,0.0
2023-09-21 00:00:00-04:00,15.33743387078232,15.409652443827568,15.093695541069634,15.32840633392334,36600,0.0,0.0
2023-09-22 00:00:00-04:00,15.319377405817963,15.490897146908644,15.075640820067086,15.27424144744873,43200,0.0,0.0
2023-09-25 00:00:00-04:00,15.129803590582776,15.364514350891113,15.030502420729846,15.364514350891113,30300,0.0,0.0
2023-09-26 00:00:00-04:00,15.22910659584866,15.698526451213485,15.22910659584866,15.373543739318848,38800,0.0,0.0
2023-09-27 00:00:00-04:00,15.409653122713742,15.779773541104952,15.373544695513628,15.590200424194336,59100,0.0,0.0
2023-09-28 00:00:00-04:00,15.581170246034754,15.734634909734034,15.40965051088229,15.55408763885498,51000,0.0,0.0
2023-09-29 00:00:00-04:00,15.617278460587507,15.707552094833229,15.238130574216557,15.364514350891113,124900,0.0,0.0
2023-10-02 00:00:00-04:00,15.301324055566136,15.445761188539413,15.23813130329219,15.27424144744873,50200,0.0,0.0
2023-10-03 00:00:00-04:00,15.265213636597657,15.337432201784182,15.129804042101227,15.192995071411133,63400,0.0,0.0
2023-10-04 00:00:00-04:00,15.220081313254774,15.499928104945385,15.075644148393373,15.436737060546875,61000,0.0,0.0
2023-10-05 00:00:00-04:00,15.436734955718137,15.734636782853636,15.35548884633331,15.563117027282715,40200,0.0,0.0
2023-10-06 00:00:00-04:00,15.409652331808449,15.6533906597493,15.265215186767925,15.346461296081543,44100,0.0,0.0
2023-10-09 00:00:00-04:00,15.211049890376438,15.644361274294507,15.211049890376438,15.55408763885498,40400,0.0,0.0
2023-10-10 00:00:00-04:00,15.65339401949875,16.11378816381659,15.65339401949875,15.942268371582031,29800,0.0,0.0
2023-10-11 00:00:00-04:00,16.149890012509033,16.411683363491676,16.059618105657606,16.26724624633789,36800,0.0,0.0
2023-10-12 00:00:00-04:00,16.276273889510776,16.429738542734412,16.12280923628714,16.249191284179688,61700,0.0,0.0
2023-10-13 00:00:00-04:00,16.258220011394293,16.429739747415027,16.09572781114585,16.11378288269043,44500,0.0,0.0
2023-10-16 00:00:00-04:00,16.285301984021114,16.619312185446457,16.285301984021114,16.411684036254883,50100,0.0,0.0
2023-10-17 00:00:00-04:00,16.393627746028553,17.169978516178475,16.393627746028553,16.781803131103516,61900,0.0,0.0
2023-10-18 00:00:00-04:00,16.664448811927887,16.808887662646562,16.339466132833454,16.556121826171875,33700,0.0,0.0
2023-10-19 00:00:00-04:00,16.574177413740404,16.763750505628565,16.48390377491566,16.5019588470459,39200,0.0,0.0
2023-10-20 00:00:00-04:00,16.565148015695854,16.592228899020782,16.258218711287498,16.26724624633789,50500,0.0,0.0
2023-10-23 00:00:00-04:00,16.249196494588567,16.294332462787253,16.032540747946605,16.08670425415039,47000,0.0,0.0
2023-10-24 00:00:00-04:00,16.258221212430463,16.429740961121794,16.032537966930583,16.420713424682617,57600,0.0,0.0
2023-10-25 00:00:00-04:00,16.375577317263897,18.18104345488776,16.375577317263897,17.991470336914062,76200,0.0,0.0
2023-10-26 00:00:00-04:00,18.13590536998101,19.24626650157336,17.99146823360281,18.686573028564453,67100,0.0,0.0
2023-10-27 00:00:00-04:00,18.903227639093323,18.9483635959143,18.343532476650708,18.803926467895508,71000,0.0,0.0
2023-10-30 00:00:00-04:00,19.038638833437304,19.580278969998663,19.038638833437304,19.517087936401367,64200,0.0,0.0
2023-10-31 00:00:00-04:00,19.435842200542126,19.562224270147308,19.137940378025224,19.237239837646484,42300,0.0,0.0
2023-11-01 00:00:00-04:00,19.083773947157034,19.652496667946977,18.96641942165952,19.598331451416016,66500,0.0,0.0
2023-11-02 00:00:00-04:00,19.652496263261693,20.194136364632673,19.607358583748702,19.88720703125,73600,0.0,0.0
2023-11-03 00:00:00-04:00,20.510093480431152,21.105897132570174,20.302465300224707,20.762859344482422,70200,0.0,0.0
2023-11-06 00:00:00-05:00,20.925349365977993,21.539208027213544,20.60939249953894,21.476016998291016,63600,0.0,0.0
2023-11-07 00:00:00-05:00,21.340604782104492,21.56628800263208,21.08784067708244,21.340604782104492,45700,0.0,0.0
2023-11-08 00:00:00-05:00,21.394773060063326,21.394773060063326,20.997570052914483,21.21422576904297,41600,0.0,0.0
2023-11-09 00:00:00-05:00,21.38574539472202,21.394772931401405,20.771886675136262,21.015625,46100,0.0,0.0
2023-11-10 00:00:00-05:00,21.21422263601183,21.27741366198859,20.853129829125827,20.90729331970215,74800,0.0,0.0
2023-11-13 00:00:00-05:00,20.717725109064244,21.412828279938104,20.717725109064244,21.223255157470703,29500,0.0,0.0
2023-11-14 00:00:00-05:00,22.0086281044844,22.839142470040024,21.746836449792895,22.766923904418945,59800,0.0,0.0
2023-11-15 00:00:00-05:00,22.613459659138897,22.893308112739753,22.017656051192642,22.062793731689453,93800,0.0,0.0
2023-11-16 00:00:00-05:00,21.999599671896476,22.08084404195203,20.979510616859226,21.963489532470703,54800,0.0,0.0
2023-11-17 00:00:00-05:00,22.306530324588678,22.559296169954024,22.207230871124022,22.5051326751709,60200,0.0,0.0
2023-11-20 00:00:00-05:00,22.631514183982897,22.72178782096675,22.089874083906203,22.342639923095703,45700,0.0,0.0
2023-11-21 00:00:00-05:00,22.153069979104085,22.45999763348702,21.927386715528012,21.981550216674805,42600,0.0,0.0
2023-11-22 00:00:00-05:00,22.12598619417431,22.30653176236401,21.66559215427674,21.89127540588379,42300,0.0,0.0
2023-11-24 00:00:00-05:00,21.74683749789812,22.252367481610072,21.74683749789812,22.207231521606445,27600,0.0,0.0
2023-11-27 00:00:00-05:00,22.25236674471345,22.38777634206669,21.72878170560818,22.297504425048828,47800,0.0,0.0
2023-11-28 00:00:00-05:00,22.35166925599572,22.514161471265343,22.071822508490566,22.36069679260254,52600,0.0,0.0
2023-11-29 00:00:00-05:00,22.523191508556383,22.95650298283365,22.279453158590393,22.514163970947266,64000,0.0,0.0
2023-11-30 00:00:00-05:00,22.678430099554422,23.180366480279265,22.286006288125115,22.495906829833984,502400,0.27,0.0
2023-12-01 00:00:00-05:00,22.359016532398414,24.184242371777877,22.359016532398414,24.129486083984375,102100,0.0,0.0
2023-12-04 00:00:00-05:00,24.019972254507014,24.40326975817132,23.773566343436165,23.919584274291992,45300,0.0,0.0
2023-12-05 00:00:00-05:00,24.28463010747907,25.178990342083875,24.21162114425972,25.151611328125,79300,0.0,0.0
2023-12-06 00:00:00-05:00,25.2702520231513,25.991215318553238,24.458025347735205,24.521909713745117,65700,0.0,0.0
2023-12-07 00:00:00-05:00,24.503656191320918,24.877827333099145,24.503656191320918,24.667926788330078,36200,0.0,0.0
2023-12-08 00:00:00-05:00,24.66792760063255,25.46189985809402,24.66792760063255,25.379764556884766,51900,0.0,0.0
2023-12-11 00:00:00-05:00,25.37063834181754,25.38889101787936,24.987340847874293,25.09685516357422,40500,0.0,0.0
2023-12-12 00:00:00-05:00,25.07860195896787,25.288502507242054,24.72268348661852,25.023845672607422,48200,0.0,0.0
2023-12-13 00:00:00-05:00,25.051224273509863,26.44752086706442,24.868701001086727,25.982088088989258,73500,0.0,0.0
2023-12-14 00:00:00-05:00,26.56616442838527,27.06810087156216,26.237623198279017,26.465776443481445,80500,0.0,0.0
2023-12-15 00:00:00-05:00,26.46577419922192,26.59353944868621,25.39801703259199,25.544034957885742,226800,0.0,0.0
2023-12-18 00:00:00-05:00,25.607916873380695,26.611791387475158,25.206368460279652,26.091602325439453,72200,0.0,0.0
2023-12-19 00:00:00-05:00,26.100730317350546,26.630045750595926,25.899954357404035,26.429269790649414,49300,0.0,0.0
2023-12-20 00:00:00-05:00,26.46577494924934,26.93120775206494,25.89082956969538,25.909080505371094,63900,0.0,0.0
2023-12-21 00:00:00-05:00,26.082480048498724,26.082480048498724,25.233749661178987,25.699182510375977,55600,0.0,0.0
2023-12-22 00:00:00-05:00,25.89995291867511,26.255873127595,25.79956668494929,26.155485153198242,48200,0.0,0.0
2023-12-26 00:00:00-05:00,26.301502962438192,26.602665143661877,26.301502962438192,26.43839454650879,22300,0.0,0.0
2023-12-27 00:00:00-05:00,26.328884521542015,26.693929361254003,26.210243860716183,26.456649780273438,32900,0.0,0.0
2023-12-28 00:00:00-05:00,26.401890392447452,26.52965563619155,25.75393435487904,26.137231826782227,46800,0.0,0.0
2023-12-29 00:00:00-05:00,26.100731796523824,26.164614427155858,25.425398394501972,25.4984073638916,37600,0.0,0.0
2024-01-02 00:00:00-05:00,25.443645744497125,26.118980791986587,25.443645744497125,25.79043960571289,49000,0.0,0.0
2024-01-03 00:00:00-05:00,25.73568435797708,25.73568435797708,24.795692448656105,25.023845672607422,65000,0.0,0.0
2024-01-04 00:00:00-05:00,25.096853238726975,25.370636395972014,24.850447352803922,24.86870002746582,38900,0.0,0.0
2024-01-05 00:00:00-05:00,24.704429524199103,25.4162681724923,24.531032595639697,24.98733901977539,106600,0.0,0.0
2024-01-08 00:00:00-05:00,24.877829784082834,25.032974058690762,24.531035880525767,24.740938186645508,35700,0.0,0.0
2024-01-09 00:00:00-05:00,24.41239669604426,24.41239669604426,23.499783735444478,23.591045379638672,52500,0.0,0.0
2024-01-10 00:00:00-05:00,23.445026076312722,23.919583465206625,23.299008150395984,23.8922061920166,34900,0.0,0.0
2024-01-11 00:00:00-05:00,23.764440536499023,23.8739531087324,23.26250240163803,23.764440536499023,44100,0.0,0.0
2024-01-12 00:00:00-05:00,23.98346795413294,24.04735057946593,23.545412433460587,23.83745002746582,36500,0.0,0.0
2024-01-16 00:00:00-05:00,23.60017046070578,23.846574624029262,23.49978248337374,23.609296798706055,37400,0.0,0.0
2024-01-17 00:00:00-05:00,23.29900738858554,23.91045808612082,23.29900738858554,23.7005558013916,27200,0.0,0.0
2024-01-18 00:00:00-05:00,23.700556653196944,23.700556653196944,23.326385499237922,23.55453872680664,28800,0.0,0.0
2024-01-19 00:00:00-05:00,23.77356614742536,23.77356614742536,23.17124175244342,23.627548217773438,27100,0.0,0.0
2024-01-22 00:00:00-05:00,23.709683191550084,24.540160807664886,23.709683191550084,24.531034469604492,40200,0.0,0.0
2024-01-23 00:00:00-05:00,24.640549579985034,24.640549579985034,23.937837192720703,24.038225173950195,28600,0.0,0.0
2024-01-24 00:00:00-05:00,24.34851158717144,24.48540316918342,24.12035837026117,24.20249366760254,26600,0.0,0.0
2024-01-25 00:00:00-05:00,24.521909669755967,24.594918632965335,24.038224200574547,24.467151641845703,35500,0.0,0.0
2024-01-26 00:00:00-05:00,24.594920806661705,24.777442360480862,24.165991586810847,24.357641220092773,27200,0.0,0.0
2024-01-29 00:00:00-05:00,24.375891358161397,25.042100142748282,24.284631454578147,24.85045051574707,38200,0.0,0.0
2024-01-30 00:00:00-05:00,24.44890062445082,24.686178448581277,24.08385406895877,24.120359420776367,31300,0.0,0.0
2024-01-31 00:00:00-05:00,23.992596490871303,24.010847427874012,22.915712877509907,22.98872184753418,53500,0.0,0.0
2024-02-01 00:00:00-05:00,22.824452057721672,23.289884911260714,22.076109652660506,22.787946701049805,60700,0.0,0.0
2024-02-02 00:00:00-05:00,21.993971399031217,22.50503413938203,21.930088774071237,22.066980361938477,76100,0.0,0.0
2024-02-05 00:00:00-05:00,21.884456016776166,22.003096663632345,21.692808151245117,21.692808151245117,40700,0.0,0.0
2024-02-06 00:00:00-05:00,21.665427769356377,21.920959981250867,21.22737404096936,21.76581573486328,53100,0.0,0.0
2024-02-07 00:00:00-05:00,21.72018470088886,22.076104888952226,21.090483100220666,21.784069061279297,57000,0.0,0.0
2024-02-08 00:00:00-05:00,21.9027099609375,22.267754778818926,21.86620460881386,22.130863189697266,49600,0.0,0.0
2024-02-09 00:00:00-05:00,22.24160899895254,22.61999307162591,21.770935741665465,22.426185607910156,53500,0.27,0.0
2024-02-12 00:00:00-05:00,22.31543936122634,23.090665673547086,22.31543936122634,22.89685821533203,51700,0.0,0.0
2024-02-13 00:00:00-05:00,22.315442647777477,22.416960938949515,21.411012403624756,21.632505416870117,67100,0.0,0.0
2024-02-14 00:00:00-05:00,21.85399716681023,22.204693977441963,21.724793356620104,22.158550262451172,45500,0.0,0.0
2024-02-15 00:00:00-05:00,21.91859691063429,22.943003476901822,21.91859691063429,22.859943389892578,58700,0.0,0.0
2024-02-16 00:00:00-05:00,22.712281048232015,22.943003117359865,22.564619064811765,22.629220962524414,37500,0.0,0.0
2024-02-20 00:00:00-05:00,22.444644833374575,23.05375101557567,22.444644833374575,22.79534339904785,38100,0.0,0.0
2024-02-21 00:00:00-05:00,22.786113391104603,22.9430044778256,22.43541483948365,22.619993209838867,45000,0.0,0.0
2024-02-22 00:00:00-05:00,22.518477500168938,22.555393882561198,22.19546619531666,22.343128204345703,37200,0.0,0.0
2024-02-23 00:00:00-05:00,22.41695861599639,23.01683568474084,22.177007436444647,22.65690803527832,56300,0.0,0.0
2024-02-26 00:00:00-05:00,22.48156039352677,23.016835557169323,22.195463742414343,22.26929473876953,25400,0.0,0.0
2024-02-27 00:00:00-05:00,22.361585977666987,22.518477079362246,22.29698406995776,22.333900451660156,19800,0.0,0.0
2024-02-28 00:00:00-05:00,22.195468139226637,22.30621553583283,21.40178521125118,21.56790542602539,151200,0.0,0.0
2024-02-29 00:00:00-05:00,21.90936829887061,22.27852327133398,21.641731603935828,22.130861282348633,45700,0.0,0.0
2024-03-01 00:00:00-05:00,21.97397097013096,22.167778437643943,21.69710517113507,22.112403869628906,39200,0.0,0.0
2024-03-04 00:00:00-05:00,22.260068776617484,22.66613840146707,21.93705748755129,22.001659393310547,26900,0.0,0.0
2024-03-05 00:00:00-05:00,21.807853288976094,22.749199930009027,21.807853288976094,22.573850631713867,25200,0.0,0.0
2024-03-06 00:00:00-05:00,22.573848518112097,22.989148985644764,22.11240433652907,22.53693389892578,26300,0.0,0.0
2024-03-07 00:00:00-05:00,22.776884296559864,22.906088099646638,22.481560312207353,22.619993209838867,21700,0.0,0.0
2024-03-08 00:00:00-05:00,22.933773816942747,23.127579508336307,22.74919545919392,22.979917526245117,33200,0.0,0.0
2024-03-11 00:00:00-04:00,23.0537524617258,23.36753466742429,22.693826538829875,23.173728942871094,36200,0.0,0.0
2024-03-12 00:00:00-04:00,23.413679466652507,23.413679466652507,22.77688597820845,22.841487884521484,33800,0.0,0.0
2024-03-13 00:00:00-04:00,22.64768084359081,23.229099726739427,22.55539165698647,22.721511840820312,41600,0.0,0.0
2024-03-14 00:00:00-04:00,22.546166111410894,23.644403908315322,21.697108629482027,21.81708335876465,49000,0.0,0.0
2024-03-15 00:00:00-04:00,21.66941866809402,22.14009195156597,21.558673048612317,21.9001407623291,98100,0.0,0.0
2024-03-18 00:00:00-04:00,21.84476640456061,22.12163219391468,21.632502515371172,21.937055587768555,36100,0.0,0.0
2024-03-19 00:00:00-04:00,21.872455244153972,22.269295767730636,21.734020579355494,21.835538864135742,32100,0.0,0.0
2024-03-20 00:00:00-04:00,21.632507053396285,22.804574117120904,21.632507053396285,22.50002098083496,26900,0.0,0.0
2024-03-21 00:00:00-04:00,22.739969160708444,23.201413351536264,22.444645160221825,23.026065826416016,40400,0.0,0.0
2024-03-22 00:00:00-04:00,22.90609048445897,22.90609048445897,22.2600696414964,22.43541717529297,26700,0.0,0.0
2024-03-25 00:00:00-04:00,22.333900645271267,22.8230303851785,22.2600696414964,22.43541717529297,15200,0.0,0.0
2024-03-26 00:00:00-04:00,22.6569099902063,22.758428279617927,22.306213165383358,22.333900451660156,23500,0.0,0.0
2024-03-27 00:00:00-04:00,22.33389940380671,22.970691115866614,22.33389940380671,22.961462020874023,37200,0.0,0.0
2024-03-28 00:00:00-04:00,22.95223292354253,23.099894911544588,22.869172835257658,23.090665817260742,38800,0.0,0.0
2024-04-01 00:00:00-04:00,22.638451969629045,22.859944963477123,22.555391876902288,22.564620971679688,26600,0.0,0.0
2024-04-02 00:00:00-04:00,22.296982242472716,22.407729618232963,22.04780196721452,22.112403869628906,26600,0.0,0.0
2024-04-03 00:00:00-04:00,21.9185970424555,22.121631833993774,21.853995143341944,21.964740753173828,19300,0.0,0.0
2024-04-04 00:00:00-04:00,22.407730778430047,22.435416303601205,21.927828392404265,22.001659393310547,35000,0.0,0.0
2024-04-05 00:00:00-04:00,22.001658708838146,22.001658708838146,21.26334872274419,21.669418334960938,23600,0.0,0.0
2024-04-08 00:00:00-04:00,21.863225380128075,22.0293455638272,21.72479248046875,21.72479248046875,14500,0.0,0.0
2024-04-09 00:00:00-04:00,21.909367804520475,22.038571601899935,21.47561094169677,21.57712745666504,15600,0.0,0.0
2024-04-10 00:00:00-04:00,20.94956790036846,21.134144528755026,20.368147208289344,20.663471221923828,41500,0.0,0.0
2024-04-11 00:00:00-04:00,20.598867416381836,20.728071220377018,20.220483338736116,20.598867416381836,43000,0.0,0.0
2024-04-12 00:00:00-04:00,20.340463305212793,20.478896227616232,20.063595700135803,20.23894500732422,47700,0.0,0.0
2024-04-15 00:00:00-04:00,20.220484900536658,20.405063286446172,19.842100793665104,20.303544998168945,42800,0.0,0.0
2024-04-16 00:00:00-04:00,20.312771831103788,20.312771831103788,20.045133377370917,20.202024459838867,24700,0.0,0.0
2024-04-17 00:00:00-04:00,20.30354431251632,20.589639216771662,19.96207483819616,20.035905838012695,23500,0.0,0.0
2024-04-18 00:00:00-04:00,20.322001494237934,20.497349009933455,20.045133938460616,20.211254119873047,34200,0.0,0.0
2024-04-19 00:00:00-04:00,20.02667862683716,21.03262710571289,19.915931246294097,21.03262710571289,78600,0.0,0.0
2024-04-22 00:00:00-04:00,21.15259989937967,21.40178016276158,20.958792441103828,21.226430892944336,25600,0.0,0.0
2024-04-23 00:00:00-04:00,21.327953539850267,21.752481399776496,21.235664338914532,21.3648681640625,17900,0.0,0.0
2024-04-24 00:00:00-04:00,21.106458296568068,21.327951299384296,20.894192628633014,21.198745727539062,39000,0.0,0.0
2024-04-25 00:00:00-04:00,20.968020616202697,21.069538888005226,20.626552946035442,20.921876907348633,50200,0.0,0.0
2024-04-26 00:00:00-04:00,20.99571224521194,21.235663453532478,20.811133851036132,21.189517974853516,35200,0.0,0.0
2024-04-29 00:00:00-04:00,21.134144050638856,21.134144050638856,20.801905422951254,21.041854858398438,29100,0.0,0.0
2024-04-30 00:00:00-04:00,21.041852604940644,21.041852604940644,20.515806553857587,20.552722930908203,23500,0.0,0.0
2024-05-01 00:00:00-04:00,20.377377340043974,21.64173531801946,20.377377340043974,21.484844207763672,68600,0.0,0.0
2024-05-02 00:00:00-04:00,21.586358811490943,21.6878770973607,21.37409490491772,21.614046096801758,29400,0.0,0.0
2024-05-03 00:00:00-04:00,21.85399705414486,21.918598958906873,21.549443960074,21.835538864135742,26000,0.0,0.0
2024-05-06 00:00:00-04:00,21.90014191130263,22.121634922156375,21.632505183288927,21.789396286010742,28700,0.0,0.0
2024-05-07 00:00:00-04:00,21.78939438295845,22.250838555336085,21.72479248046875,21.72479248046875,32600,0.0,0.0
2024-05-08 00:00:00-04:00,21.75247589543695,22.15854722063809,21.604813915412837,22.07548713684082,19500,0.0,0.0
2024-05-09 00:00:00-04:00,22.195464657400084,22.509246844912433,21.900140659804904,22.315441131591797,44900,0.0,0.0
2024-05-10 00:00:00-04:00,22.33410772720323,22.352774353721852,21.97944894393935,22.15677833557129,41000,0.27,0.0
2024-05-13 00:00:00-04:00,22.16611058469006,22.35277328062009,22.026114452816234,22.11944580078125,46700,0.0,0.0
2024-05-14 00:00:00-04:00,22.278109720511445,22.399439233092465,22.072780388247036,22.28744125366211,56600,0.0,0.0
2024-05-15 00:00:00-04:00,22.492772513114385,23.062090431901197,22.474105884918714,22.95009422302246,72700,0.0,0.0
2024-05-16 00:00:00-04:00,22.73543175428246,23.295416319933786,22.73543175428246,23.2114200592041,34500,0.0,0.0
2024-05-17 00:00:00-04:00,23.183420923773962,23.519413098948178,22.78209733234867,23.304750442504883,29900,0.0,0.0
2024-05-20 00:00:00-04:00,23.379413088593736,23.46341112490009,22.819428553414603,22.856760025024414,28900,0.0,0.0
2024-05-21 00:00:00-04:00,22.875427840313893,23.0060906679632,22.716765072390803,22.894094467163086,20600,0.0,0.0
2024-05-22 00:00:00-04:00,22.987424850463867,23.276752236370527,22.87542864572055,22.987424850463867,39000,0.0,0.0
2024-05-23 00:00:00-04:00,22.94075928873713,22.968759229053145,22.50210423800467,22.70743179321289,55300,0.0,0.0
2024-05-24 00:00:00-04:00,22.89409427784939,23.304749384250744,22.520768864542703,22.92209243774414,84200,0.0,0.0
2024-05-28 00:00:00-04:00,23.09942039622327,23.96739890199585,22.968757577770585,23.818069458007812,97000,0.0,0.0
2024-05-29 00:00:00-04:00,23.472746763877897,23.967401717794687,23.108756423912247,23.594078063964844,58700,0.0,0.0
2024-05-30 00:00:00-04:00,23.780736791425955,23.780736791425955,23.27675035061608,23.491411209106445,31900,0.0,0.0
2024-05-31 00:00:00-04:00,23.687407621465464,23.87407033828991,23.40741532637639,23.435415267944336,34800,0.0,0.0
2024-06-03 00:00:00-04:00,23.687404074573667,23.687404074573667,23.16475103793259,23.35141372680664,28200,0.0,0.0
2024-06-04 00:00:00-04:00,23.18341726715269,23.48207614013577,23.08075261200952,23.118085861206055,55400,0.0,0.0
2024-06-05 00:00:00-04:00,23.706071995242834,23.706071995242834,22.99675623095715,23.17408561706543,33000,0.0,0.0
2024-06-06 00:00:00-04:00,23.183420860795596,23.584744451130682,22.95009335759125,23.33275032043457,37300,0.0,0.0
2024-06-07 00:00:00-04:00,23.23941833592627,23.556743874131847,22.931426111214687,23.50074577331543,19800,0.0,0.0
2024-06-10 00:00:00-04:00,23.3140810705704,23.398079104687653,22.59543201429938,22.838092803955078,53100,0.0,0.0
2024-06-11 00:00:00-04:00,22.77276349756599,22.819430065354506,22.427439796668683,22.464771270751953,36900,0.0,0.0
2024-06-12 00:00:00-04:00,23.11808973956839,23.584744751928763,23.024758381066796,23.090089797973633,54100,0.0,0.0
2024-06-13 00:00:00-04:00,23.00609173265777,23.00609173265777,22.763430912830778,22.931427001953125,22900,0.0,0.0
2024-06-14 00:00:00-04:00,22.623434129625647,23.07142250126634,22.436773198182465,22.595434188842773,29100,0.0,0.0
2024-06-17 00:00:00-04:00,22.5954348440185,23.108756425703472,22.427440534892746,23.090089797973633,29100,0.0,0.0
2024-06-18 00:00:00-04:00,23.015424773664854,23.575411137384798,22.968759985083015,23.33275032043457,41000,0.0,0.0
2024-06-20 00:00:00-04:00,23.17408837313937,23.379415942425403,23.07142369842253,23.136756896972656,15700,0.0,0.0
2024-06-21 00:00:00-04:00,23.118089462861178,23.202087506492454,22.987424850463867,22.987424850463867,61500,0.0,0.0
2024-06-24 00:00:00-04:00,23.043423448471835,23.491411802768017,22.726097919141836,23.164752960205078,27700,0.0,0.0
2024-06-25 00:00:00-04:00,23.136755366641466,23.25808488134276,23.006090758331393,23.024757385253906,27300,0.0,0.0
2024-06-26 00:00:00-04:00,22.89409641823938,23.454081030257885,22.88476310401938,23.370084762573242,34600,0.0,0.0
2024-06-27 00:00:00-04:00,23.47274496018032,23.734072387854035,23.40741354829876,23.72473907470703,28700,0.0,0.0
2024-06-28 00:00:00-04:00,23.818070032209924,24.396721196576742,23.575409234842493,24.31272315979004,326100,0.0,0.0
2024-07-01 00:00:00-04:00,24.45272296958751,24.639383903464832,23.96740133724084,24.154062271118164,42300,0.0,0.0
2024-07-02 00:00:00-04:00,24.154058387641225,24.36872100830078,24.13539354335772,24.36872100830078,20300,0.0,0.0
2024-07-03 00:00:00-04:00,24.443389826469335,24.462054673884037,23.883403460633907,23.9674015045166,22400,0.0,0.0
2024-07-05 00:00:00-04:00,23.94873523958979,24.1727294332862,23.603411525196513,23.696741104125977,60500,0.0,0.0
2024-07-08 00:00:00-04:00,23.808739751475695,24.107398684688704,23.49141418989996,23.687408447265625,41300,0.0,0.0
2024-07-09 00:00:00-04:00,23.594077356191672,24.107397142290733,23.594077356191672,24.079397201538086,23100,0.0,0.0
2024-07-10 00:00:00-04:00,24.154061298145372,24.62071628426226,23.939400431767,24.59271812438965,28800,0.0,0.0
2024-07-11 00:00:00-04:00,24.732714336851576,26.21667733947447,24.732714336851576,26.048681259155273,70400,0.0,0.0
2024-07-12 00:00:00-04:00,26.33800381055189,26.375337059709206,25.526025223000563,25.6660213470459,58900,0.0,0.0
2024-07-15 00:00:00-04:00,26.011347699872896,26.9259909747644,25.862016478116608,26.608665466308594,75000,0.0,0.0
2024-07-16 00:00:00-04:00,26.972657441773357,27.999298752044485,26.804661364437496,27.989965438842773,72900,0.0,0.0
2024-07-17 00:00:00-04:00,27.49530996995443,28.4099550638012,27.09398819119468,28.129961013793945,68200,0.0,0.0
2024-07-18 00:00:00-04:00,27.868635515628643,28.241959137442173,27.4393120154325,27.59797477722168,34600,0.0,0.0
2024-07-19 00:00:00-04:00,27.59797505643141,28.06463003345635,27.271316216484458,27.355314254760742,31800,0.0,0.0
2024-07-22 00:00:00-04:00,27.439314889386452,28.40995818791285,26.86999697404658,28.16729736328125,38800,0.0,0.0
2024-07-23 00:00:00-04:00,28.363288235536846,29.249933382111273,28.232625414834374,28.717947006225586,60800,0.0,0.0
2024-07-24 00:00:00-04:00,28.40995640322189,29.88458610631143,28.40995640322189,28.960609436035156,63600,0.0,0.0
2024-07-25 00:00:00-04:00,28.932611977725745,30.603237846394343,28.932611977725745,30.248579025268555,62700,0.0,0.0
2024-07-26 00:00:00-04:00,30.724562478768558,30.724562478768558,29.21260132546615,30.024580001831055,56300,0.0,0.0
2024-07-29 00:00:00-04:00,30.080581406193208,30.080581406193208,28.923277199288066,29.18460464477539,28900,0.0,0.0
2024-07-30 00:00:00-04:00,29.24993405916637,29.707255722358177,29.193935960447316,29.688589096069336,36900,0.0,0.0
2024-07-31 00:00:00-04:00,29.753920980829243,30.37923873026422,28.96994224585982,29.417930603027344,48300,0.0,0.0
2024-08-01 00:00:00-04:00,29.389933020332936,29.389933020332936,27.79397370236634,28.16729736328125,50300,0.0,0.0
2024-08-02 00:00:00-04:00,27.10332436113168,27.29931861466353,26.729998921770317,27.056657791137695,38200,0.0,0.0
2024-08-05 00:00:00-04:00,25.862018837369245,26.356673770415615,25.367365684470403,25.806020736694336,80400,0.0,0.0
2024-08-06 00:00:00-04:00,25.86201817957228,26.123345609654248,25.442029764971508,25.815353393554688,35900,0.0,0.0
2024-08-07 00:00:00-04:00,26.07668145911758,26.49666988395334,25.432697071525713,25.647357940673828,41500,0.0,0.0
2024-08-08 00:00:00-04:00,26.00201738117144,26.26334304400287,25.806021353900302,25.98335075378418,31700,0.0,0.0
2024-08-09 00:00:00-04:00,25.936687923005714,25.936687923005714,25.39536636880483,25.796689987182617,37100,0.0,0.0
2024-08-12 00:00:00-04:00,26.022892860995412,26.390473886287744,25.523358243829954,25.9097900390625,35000,0.27,0.0
2024-08-13 00:00:00-04:00,26.249095599702912,26.25852098427536,25.758986388185278,26.145418167114258,41500,0.0,0.0
2024-08-14 00:00:00-04:00,26.022892441389185,26.173695003062544,25.75898705960664,26.00404167175293,31100,0.0,0.0
2024-08-15 00:00:00-04:00,26.61667604019753,26.96540807108616,26.164268376645992,26.58839988708496,35700,0.0,0.0
2024-08-16 00:00:00-04:00,26.56955309055707,27.50264464713879,26.56955309055707,27.116212844848633,98000,0.0,0.0
2024-08-19 00:00:00-04:00,27.078508499209597,27.64401896520428,27.078508499209597,27.38011360168457,23100,0.0,0.0
2024-08-20 00:00:00-04:00,27.304710545134945,27.304710545134945,26.67322422887565,26.682649612426758,14400,0.0,0.0
2024-08-21 00:00:00-04:00,26.786329587803472,26.918281374684092,26.578976523032743,26.89000701904297,14600,0.0,0.0
2024-08-22 00:00:00-04:00,26.918282779178796,27.35184149794958,26.72035508853074,27.059659957885742,34100,0.0,0.0
2024-08-23 00:00:00-04:00,27.37069109086904,29.500777660235958,27.15391084195121,28.79388999938965,71500,0.0,0.0
2024-08-26 00:00:00-04:00,29.010671602099187,29.010671602099187,28.096429034207922,28.43573570251465,38900,0.0,0.0
2024-08-27 00:00:00-04:00,28.162401684734025,28.22837937196085,27.860796591101195,27.99275016784668,36700,0.0,0.0
2024-08-28 00:00:00-04:00,27.992751609922095,28.511135166595068,27.898499563879305,28.237804412841797,15100,0.0,0.0
2024-08-29 00:00:00-04:00,28.643084492544105,28.85986471913778,28.162400716944717,28.45458221435547,22000,0.0,0.0
2024-08-30 00:00:00-04:00,28.56768759240269,28.84101836450003,28.275507847998387,28.737340927124023,19100,0.0,0.0
2024-09-03 00:00:00-04:00,28.36975856736608,28.963543413282387,27.587469625570286,27.794822692871094,27100,0.0,0.0
2024-09-04 00:00:00-04:00,27.521495195867605,27.738273659268973,27.11621262655559,27.31414031982422,21800,0.0,0.0
2024-09-05 00:00:00-04:00,27.57804226946136,27.672294310663062,26.93713054653958,27.219884872436523,19600,0.0,0.0
2024-09-06 00:00:00-04:00,27.27644045914897,27.370692511696138,26.70150455654876,26.9371337890625,38400,0.0,0.0
2024-09-09 00:00:00-04:00,26.93713371749265,27.191613719381365,26.616677818308716,26.71092987060547,30400,0.0,0.0
2024-09-10 00:00:00-04:00,26.607251856358783,27.2575890256253,26.45644929503732,27.153911590576172,24500,0.0,0.0
2024-09-11 00:00:00-04:00,26.85230633872006,26.85230633872006,25.824962771093453,26.27737045288086,27100,0.0,0.0
2024-09-12 00:00:00-04:00,26.51299887102293,26.663803224734032,25.890937878084184,26.541275024414062,24000,0.0,0.0
2024-09-13 00:00:00-04:00,26.974834285507683,27.351840683401605,26.880582236607125,27.323564529418945,24400,0.0,0.0
2024-09-16 00:00:00-04:00,27.33298952671403,27.66287079433672,26.955983134163077,27.49321746826172,28000,0.0,0.0
2024-09-17 00:00:00-04:00,27.823098735884408,28.313207945054785,27.361265680295958,27.49321746826172,47700,0.0,0.0
2024-09-18 00:00:00-04:00,27.512069818689163,28.501711880732817,27.078511094053734,27.889076232910156,33100,0.0,0.0
2024-09-19 00:00:00-04:00,28.5111347806992,28.699638870233397,27.889073802027877,28.40745735168457,28800,0.0,0.0
2024-09-20 00:00:00-04:00,28.152979253257847,28.152979253257847,27.21988598471137,27.48379135131836,280600,0.0,0.0
2024-09-23 00:00:00-04:00,27.502642060199488,27.766545628525662,27.144484649316492,27.332988739013672,16200,0.0,0.0
2024-09-24 00:00:00-04:00,27.398966176357344,27.427242330719125,26.908856953669808,27.078510284423828,22200,0.0,0.0
2024-09-25 00:00:00-04:00,26.92770751524908,26.92770751524908,26.315071890475952,26.475299835205078,24200,0.0,0.0
2024-09-26 00:00:00-04:00,26.83345501725,26.993682959300667,26.428174267553178,26.494150161743164,24400,0.0,0.0
2024-09-27 00:00:00-04:00,26.880580254666373,27.10678407672442,26.531848238759274,26.67322540283203,42400,0.0,0.0
2024-09-30 00:00:00-04:00,26.805182017596177,27.16333766033903,26.531851244740846,27.012535095214844,14700,0.0,0.0
2024-10-01 00:00:00-04:00,26.824030000945385,27.1350623024681,26.117142328848267,26.249095916748047,32500,0.0,0.0
2024-10-02 00:00:00-04:00,26.21139361800911,26.578976419283283,26.154843109239337,26.164268493652344,12500,0.0,0.0
2024-10-03 00:00:00-04:00,26.173692085166827,26.475297174890006,25.730708036641293,26.041738510131836,27000,0.0,0.0
2024-10-04 00:00:00-04:00,26.701502643462614,26.861730582000423,26.183119088156435,26.437597274780273,19900,0.0,0.0
2024-10-07 00:00:00-04:00,26.381046325484753,26.51299810876651,26.17369326636939,26.45644760131836,15500,0.0,0.0
2024-10-08 00:00:00-04:00,26.399898656932653,26.484725321981333,26.107718920491827,26.27737045288086,22300,0.0,0.0
2024-10-09 00:00:00-04:00,26.13599131727157,26.531848458579937,26.107716962847668,26.12656593322754,28600,0.0,0.0
2024-10-10 00:00:00-04:00,25.862662689160647,26.34334649507365,25.58933194164399,26.230243682861328,20400,0.0,0.0
2024-10-11 00:00:00-04:00,26.34334883266143,27.559194733864373,26.32449806266861,27.210464477539062,25300,0.0,0.0
2024-10-14 00:00:00-04:00,27.370689864728043,27.62516804497441,27.003107075113153,27.4272403717041,29200,0.0,0.0
2024-10-15 00:00:00-04:00,27.617577088806243,28.43601541071546,27.617577088806243,27.779361724853516,36800,0.28,0.0
2024-10-16 00:00:00-04:00,28.17906310270465,28.40746460745197,28.131478321398664,28.350364685058594,27700,0.0,0.0
2024-10-17 00:00:00-04:00,28.264714158570545,28.483598709106445,27.950661859705264,28.483598709106445,24100,0.0,0.0
2024-10-18 00:00:00-04:00,28.483600573667474,28.55021745730669,27.79839419298079,27.836462020874023,20500,0.0,0.0
2024-10-21 00:00:00-04:00,27.655641060995524,27.960176396932418,26.64686730691112,26.770584106445312,30400,0.0,0.0
2024-10-22 00:00:00-04:00,26.656385598237243,27.255939343997092,26.656385598237243,27.22739028930664,17700,0.0,0.0
2024-10-23 00:00:00-04:00,26.9038205958089,27.550959114355347,26.9038205958089,27.531925201416016,25000,0.0,0.0
2024-10-24 00:00:00-04:00,27.63660796482848,27.63660796482848,26.80865096190328,27.351104736328125,24800,0.0,0.0
2024-10-25 00:00:00-04:00,27.59854137950887,27.68419217038332,26.751552242165765,26.799135208129883,23000,0.0,0.0
2024-10-28 00:00:00-04:00,27.160771626906914,27.88404213096515,27.08463597892841,27.798391342163086,30800,0.0,0.0
2024-10-29 00:00:00-04:00,27.550958104593988,28.331330354766877,26.656384196144536,27.93162727355957,59900,0.0,0.0
2024-10-30 00:00:00-04:00,27.78887964843712,28.550218070925546,27.78887964843712,27.9221134185791,30400,0.0,0.0
2024-10-31 00:00:00-04:00,28.083895296941737,28.083895296941737,27.141738411125534,27.1607723236084,22100,0.0,0.0
2024-11-01 00:00:00-04:00,27.370140448317525,27.67467579327771,27.189321906557225,27.4272403717041,31200,0.0,0.0
2024-11-04 00:00:00-05:00,27.170289039149612,27.760327654093587,26.932370564848217,27.389175415039062,35400,0.0,0.0
2024-11-05 00:00:00-05:00,27.446274940827553,28.036311732002872,27.389175016075658,27.979211807250977,43600,0.0,0.0
2024-11-06 00:00:00-05:00,30.00627699661142,31.871558677342005,30.00627699661142,31.814456939697266,190400,0.0,0.0
2024-11-07 00:00:00-05:00,31.357654237882297,31.357654237882297,30.386946470463673,30.50114631652832,52700,0.0,0.0
2024-11-08 00:00:00-05:00,30.60582915610002,31.452818254291987,29.987241551291046,31.405235290527344,51300,0.0,0.0
2024-11-11 00:00:00-05:00,31.88108010585227,32.95647277965168,31.490893897531894,32.5472526550293,69800,0.0,0.0
2024-11-12 00:00:00-05:00,32.4711125686316,32.68999713077942,31.833492795898547,32.09996032714844,57700,0.0,0.0
2024-11-13 00:00:00-05:00,32.35690810904064,32.84226013332343,31.96672200941022,31.985755920410156,58800,0.0,0.0
2024-11-14 00:00:00-05:00,32.27126070492807,32.45207743284592,31.538471391238296,31.92865753173828,50000,0.0,0.0
2024-11-15 00:00:00-05:00,32.12850767343793,32.34739585428965,31.41475228383209,32.023826599121094,55200,0.0,0.0
2024-11-18 00:00:00-05:00,31.833492565975398,31.91914336187964,31.138771057128906,31.138771057128906,27700,0.0,0.0
2024-11-19 00:00:00-05:00,30.60583238676807,31.072154193719093,30.548730646014533,31.06263542175293,35000,0.0,0.0
2024-11-20 00:00:00-05:00,30.881814486279875,31.129248068515796,30.510662297752333,30.8247127532959,29200,0.0,0.0
2024-11-21 00:00:00-05:00,31.167320594616797,31.43378812806556,30.796168350070914,31.11973762512207,41500,0.0,0.0
2024-11-22 00:00:00-05:00,31.395723161864684,31.862041333980894,31.357655335061956,31.833492279052734,32600,0.0,0.0
2024-11-25 00:00:00-05:00,32.11899229476871,32.804198625435006,31.73832130432129,31.73832130432129,77400,0.0,0.0
2024-11-26 00:00:00-05:00,31.557504853792057,31.92865707600074,31.310071249102155,31.481372833251953,38500,0.0,0.0
2024-11-27 00:00:00-05:00,31.83348922510402,32.18560751337932,31.252967628272017,31.405235290527344,25300,0.0,0.0
2024-11-29 00:00:00-05:00,31.738322080922995,31.93817635248929,31.2815190594172,31.38620376586914,20400,0.0,0.0
2024-12-02 00:00:00-05:00,31.433783526714482,31.84300353909271,30.786645071341816,31.471851348876953,48300,0.0,0.0
2024-12-03 00:00:00-05:00,31.595572880141944,31.662189759918498,30.82471574656622,30.891332626342773,38600,0.0,0.0
2024-12-04 00:00:00-05:00,30.92940296060361,31.252972244482308,30.634382733131048,30.976985931396484,39300,0.0,0.0
2024-12-05 00:00:00-05:00,30.881815983792425,31.243453049532704,30.662931442260742,30.662931442260742,32100,0.0,0.0
2024-12-06 00:00:00-05:00,30.91036598576858,30.938915039348053,30.234678428505166,30.444046020507812,22800,0.0,0.0
2024-12-09 00:00:00-05:00,30.444045222019863,30.444045222019863,29.844491515316523,29.96820831298828,37100,0.0,0.0
2024-12-10 00:00:00-05:00,29.863524090769133,30.4440457099473,29.359138120823054,29.949174880981445,42900,0.0,0.0
2024-12-11 00:00:00-05:00,30.386945865462405,30.70099634347438,29.825458157164555,30.415494918823242,112700,0.0,0.0
2024-12-12 00:00:00-05:00,30.42501397014908,30.767618970635958,29.844494124692456,29.97772789001465,32500,0.0,0.0
2024-12-13 00:00:00-05:00,30.09192832677894,30.09192832677894,29.273488224286115,29.625606536865234,17000,0.0,0.0
2024-12-16 00:00:00-05:00,29.673191258814143,30.900851410059687,29.092669623092714,30.24419593811035,83500,0.0,0.0
2024-12-17 00:00:00-05:00,29.930144139993367,30.101443913005866,29.16880394973995,29.32107162475586,28400,0.0,0.0
2024-12-18 00:00:00-05:00,29.539958432939418,29.539958432939418,27.294007470463022,27.64612579345703,46600,0.0,0.0
2024-12-19 00:00:00-05:00,28.064861419512475,28.407464583936758,27.208355323625568,27.26545524597168,43500,0.0,0.0
2024-12-20 00:00:00-05:00,27.00850454900288,27.77936171680267,26.998989407332783,27.598543167114258,87700,0.0,0.0
2024-12-23 00:00:00-05:00,27.474824404155434,27.67467503814221,27.065604364841032,27.313039779663086,40200,0.0,0.0
2024-12-24 00:00:00-05:00,27.474825153837777,27.56047413133072,27.01802032122366,27.4272403717041,20000,0.0,0.0
2024-12-26 00:00:00-05:00,27.208356309381163,27.655642378449475,27.037054720962786,27.589025497436523,24500,0.0,0.0
2024-12-27 00:00:00-05:00,27.313042163871703,27.427242017497505,26.932371144655164,27.113189697265625,32800,0.0,0.0
2024-12-30 00:00:00-05:00,26.979954402278185,27.569991181348062,26.789618903445025,27.1702880859375,30100,0.0,0.0
2024-12-31 00:00:00-05:00,27.313042307466933,27.85549615297626,27.284491436323407,27.32255744934082,39400,0.0,0.0
2025-01-02 00:00:00-05:00,27.370141310852418,28.426499910249962,26.44701829045408,26.456533432006836,42800,0.0,0.0
2025-01-03 00:00:00-05:00,26.45653411871012,26.494601946604806,26.12344970050133,26.36136817932129,38300,0.0,0.0
2025-01-06 00:00:00-05:00,26.3137809075359,26.523150310821276,25.666642415878872,25.733261108398438,77000,0.0,0.0
2025-01-07 00:00:00-05:00,25.7998786650194,26.085380094067876,25.181289210124667,25.381141662597656,53000,0.0,0.0
2025-01-08 00:00:00-05:00,25.133705873234266,25.45727512281289,24.914821326511603,25.32404136657715,30100,0.0,0.0
2025-01-10 00:00:00-05:00,24.867237750855107,24.867237750855107,23.953631694945674,24.41043472290039,53800,0.0,0.0
2025-01-13 00:00:00-05:00,24.077347056372854,25.14322253948945,23.92507938952388,25.00998878479004,59100,0.0,0.0
2025-01-14 00:00:00-05:00,25.14322359866481,25.79987907409668,24.971922012450076,25.79987907409668,40600,0.0,0.0
2025-01-15 00:00:00-05:00,26.45653315825402,26.761070324834016,25.895045423408785,26.142480850219727,37800,0.0,0.0
2025-01-16 00:00:00-05:00,26.1424790101673,26.16151292208394,25.676159059252125,25.96166229248047,31000,0.0,0.0
2025-01-17 00:00:00-05:00,26.18054878703778,26.30426559337756,25.83794560767548,26.066347122192383,27700,0.0,0.0
2025-01-21 00:00:00-05:00,26.3518507599856,26.665903073910716,26.2661999638993,26.30426597595215,37300,0.0,0.0
2025-01-22 00:00:00-05:00,26.10441407637301,26.123447989073384,25.619060193556454,25.847461700439453,30100,0.0,0.0
2025-01-23 00:00:00-05:00,25.609542635059253,26.094896506463876,25.53340880122169,25.761810302734375,34600,0.0,0.0
2025-01-24 00:00:00-05:00,25.714227604025904,26.056828952262062,25.714227604025904,25.895044326782227,41500,0.0,0.0
2025-01-27 00:00:00-05:00,25.86649652851091,26.77058563168689,25.695194938493135,26.53266716003418,32500,0.0,0.0
2025-01-28 00:00:00-05:00,26.132962984630748,26.618316864742802,26.132962984630748,26.466049194335938,25300,0.0,0.0
2025-01-29 00:00:00-05:00,26.256681815206992,26.485083322677845,25.92359560278848,26.31378173828125,15900,0.0,0.0
2025-01-30 00:00:00-05:00,26.342333141379093,26.342333141379093,24.924339285937045,25.752294540405273,55900,0.0,0.0
2025-01-31 00:00:00-05:00,25.75229350383795,25.971179865734403,25.095639863669962,25.32404136657715,44500,0.0,0.0
2025-02-03 00:00:00-05:00,24.829172477526186,25.685678634195543,23.944115450070747,24.78158950805664,59500,0.0,0.0
2025-02-04 00:00:00-05:00,24.54367053068611,25.657127241066092,24.54367053068611,25.628578186035156,38900,0.0,0.0
2025-02-05 00:00:00-05:00,25.790362271447,26.01876378270433,25.63809459727545,26.009246826171875,43000,0.0,0.0
2025-02-06 00:00:00-05:00,26.018763087849997,26.285232418120838,25.895044471405967,26.1805477142334,31900,0.0,0.0
2025-02-07 00:00:00-05:00,26.65638493238957,26.65638493238957,25.419207830113574,25.59050941467285,43800,0.0,0.0
2025-02-10 00:00:00-05:00,25.773232482269844,25.830935071341052,25.47510977583096,25.523195266723633,52600,0.28,0.0
2025-02-11 00:00:00-05:00,25.340472224313775,26.225225015288608,25.330855126835658,26.167522430419922,42800,0.0,0.0
2025-02-12 00:00:00-05:00,25.677062553285765,25.92709974336045,25.552042123974687,25.619359970092773,34000,0.0,0.0
2025-02-13 00:00:00-05:00,25.850165437261442,26.196373607858632,25.52319329580983,26.100204467773438,24300,0.0,0.0
2025-02-14 00:00:00-05:00,26.254074871555435,26.686835093263834,25.782848093625073,25.936717987060547,18400,0.0,0.0
2025-02-18 00:00:00-05:00,25.840551220732326,26.15790811187589,25.811699927256054,26.061738967895508,26100,0.0,0.0
2025-02-19 00:00:00-05:00,25.74438082080462,26.02326930704083,25.53280834751463,25.82131576538086,26200,0.0,0.0
2025-02-20 00:00:00-05:00,25.753997496602683,25.821315342720773,25.436640626136175,25.619359970092773,23600,0.0,0.0
2025-02-21 00:00:00-05:00,25.946335105763026,26.34062693729597,25.157751442697144,25.215452194213867,66200,0.0,0.0
2025-02-24 00:00:00-05:00,25.359703676002766,26.090584662539047,25.0327297342122,25.263534545898438,66100,0.0,0.0
2025-02-25 00:00:00-05:00,25.484723546372567,26.061736521824418,25.013496802797764,25.648210525512695,51800,0.0,0.0
2025-02-26 00:00:00-05:00,25.63859569356827,26.177140328905338,25.321238804174694,25.705913543701172,26100,0.0,0.0
2025-02-27 00:00:00-05:00,25.60012840271572,25.898251088016387,25.33085517563118,25.734764099121094,17000,0.0,0.0
2025-02-28 00:00:00-05:00,25.744380076686323,26.129054788448848,25.455872667159145,25.99441909790039,28500,0.0,0.0
2025-03-03 00:00:00-05:00,25.90786841474098,26.225225297842844,25.7828479804523,25.869400024414062,31800,0.0,0.0
2025-03-04 00:00:00-05:00,25.628976725293636,25.782846609874206,25.186601265692925,25.27315330505371,43300,0.0,0.0
2025-03-05 00:00:00-05:00,25.571276487291648,25.667445625641506,24.984646394203878,25.10966682434082,44200,0.0,0.0
2025-03-06 00:00:00-05:00,24.97502715558545,25.47510516470909,24.67690450310826,25.263534545898438,36300,0.0,0.0
2025-03-07 00:00:00-05:00,25.157750693268174,25.50395886060289,24.946180054493496,25.3885555267334,23200,0.0,0.0
2025-03-10 00:00:00-04:00,25.167367158948164,25.388554889516616,24.65767201808399,24.763458251953125,49200,0.0,0.0
2025-03-11 00:00:00-04:00,24.94618041834644,24.965412779043735,24.5999722459621,24.724990844726562,48400,0.0,0.0
2025-03-12 00:00:00-04:00,24.850011203334347,25.100050234388146,24.138362499999896,24.94618034362793,36400,0.0,0.0
2025-03-13 00:00:00-04:00,25.484726470499144,25.484726470499144,24.85962977298319,24.888479232788086,39300,0.0,0.0
2025-03-14 00:00:00-04:00,25.33085348874315,25.40778842931905,24.898093301582634,25.29238510131836,23500,0.0,0.0
2025-03-17 00:00:00-04:00,24.975031145215283,25.705914082779863,24.763460492607333,24.96541404724121,38400,0.0,0.0
2025-03-18 00:00:00-04:00,24.79231116587015,25.061582565307617,24.55188922535879,25.061582565307617,23900,0.0,0.0
2025-03-19 00:00:00-04:00,25.12890055867637,25.532809494413108,25.071199806220793,25.417407989501953,29300,0.0,0.0
2025-03-20 00:00:00-04:00,25.205835229263577,25.590511799463485,24.926946733569853,25.138517379760742,23400,0.0,0.0
2025-03-21 00:00:00-04:00,25.100048945219257,25.513574943250816,24.27299694915614,24.70575714111328,109000,0.0,0.0
2025-03-24 00:00:00-04:00,25.109667196397194,25.7828475062734,24.80192741653678,25.744380950927734,25200,0.0,0.0
2025-03-25 00:00:00-04:00,25.561659507886617,25.667445743986587,25.051964356273928,25.176984786987305,49900,0.0,0.0
2025-03-26 00:00:00-04:00,25.36931924658101,25.86939726178408,25.36931924658101,25.830930709838867,29900,0.0,0.0
2025-03-27 00:00:00-04:00,25.83093337481417,26.254074661235038,25.792464984626562,26.23484230041504,32700,0.0,0.0
2025-03-28 00:00:00-04:00,26.21560885650171,26.41756240795201,25.47510883263624,25.628978729248047,19600,0.0,0.0
2025-03-31 00:00:00-04:00,25.30200251654107,25.75399690310127,24.926944905798514,25.28277015686035,55100,0.0,0.0
2025-04-01 00:00:00-04:00,25.071199938380282,25.60012931387844,24.773077242468798,25.340473175048828,29400,0.0,0.0
2025-04-02 00:00:00-04:00,24.96541230103003,25.39817250822438,24.590354677644097,25.321237564086914,23500,0.0,0.0
2025-04-03 00:00:00-04:00,24.272997824718782,24.282614922028475,23.55173203495556,23.590200424194336,40500,0.0,0.0
2025-04-04 00:00:00-04:00,22.763145772177264,23.369008158601254,21.849541810167633,23.186288833618164,55700,0.0,0.0
2025-04-07 00:00:00-04:00,22.551576228213698,24.465334440257084,21.87839413645934,23.215139389038086,42600,0.0,0.0
2025-04-08 00:00:00-04:00,23.955640784770548,25.00388053871231,22.92663522531503,23.234375,38600,0.0,0.0
2025-04-09 00:00:00-04:00,23.138205669054575,25.378937948367636,22.64774471938428,24.39801788330078,61700,0.0,0.0
2025-04-10 00:00:00-04:00,23.88832295179157,24.04219283922068,22.782382448042167,23.09012222290039,37900,0.0,0.0
2025-04-11 00:00:00-04:00,23.6575188579799,23.6575188579799,22.590044875681027,23.205524444580078,26500,0.0,0.0
2025-04-14 00:00:00-04:00,23.340161993771545,23.89794081207989,22.311156400881472,23.06127166748047,33800,0.0,0.0
2025-04-15 00:00:00-04:00,23.1382080266131,23.66713741882813,23.1382080266131,23.513267517089844,30800,0.0,0.0
2025-04-16 00:00:00-04:00,23.349777585181627,23.580582408806936,23.05165308300946,23.40747833251953,22400,0.0,0.0
2025-04-17 00:00:00-04:00,23.282457616445484,23.59019921171727,22.44579037051605,22.8400821685791,74600,0.0,0.0
2025-04-21 00:00:00-04:00,22.72467957330536,23.320926755156815,22.45540819089234,22.81123161315918,121300,0.0,0.0
2025-04-22 00:00:00-04:00,23.11897353491641,23.782536737183605,22.897783966553597,23.66713523864746,105000,0.0,0.0
2025-04-23 00:00:00-04:00,24.253763092408043,24.5038021140956,23.90755676830304,24.042192459106445,93800,0.0,0.0
2025-04-24 00:00:00-04:00,23.99411104368209,24.33070030205418,23.436332200027632,24.24414825439453,100400,0.0,0.0
2025-04-25 00:00:00-04:00,23.91717474471078,24.1383624832408,23.494031628277074,23.79215431213379,31100,0.0,0.0
2025-04-28 00:00:00-04:00,23.772920117233667,23.955641300237236,23.4363308778505,23.79215431213379,51600,0.0,0.0
2025-04-29 00:00:00-04:00,23.5805835831975,24.455719270880735,23.5805835831975,24.157596588134766,37000,0.0,0.0
2025-04-30 00:00:00-04:00,23.744070312601924,24.03257589479771,23.436330535786748,23.590200424194336,48500,0.0,0.0
2025-05-01 00:00:00-04:00,22.840082807073166,23.724835561812846,22.465025192156187,23.465179443359375,37800,0.0,0.0
2025-05-02 00:00:00-04:00,23.628667094338706,24.532654068845137,23.474797205181073,24.3787841796875,52100,0.0,0.0
2025-05-05 00:00:00-04:00,24.080663226071405,24.465337976558796,24.080663226071405,24.167213439941406,34200,0.0,0.0
2025-05-06 00:00:00-04:00,23.88832331799212,24.830776851511395,23.792154178306248,24.590354919433594,40200,0.0,0.0
2025-05-07 00:00:00-04:00,24.888475052478377,25.061579119328478,24.446099623215748,24.542268753051758,61100,0.0,0.0
2025-05-08 00:00:00-04:00,24.82116151294488,25.5328102622098,24.63844215229536,25.244304656982422,36900,0.0,0.0
2025-05-09 00:00:00-04:00,25.273155160327452,25.590512049855903,24.830777833978612,25.1289005279541,32700,0.0,0.0
2025-05-12 00:00:00-04:00,26.273307773666012,26.36947691089832,25.590510384436715,25.6962947845459,72000,0.0,0.0
2025-05-13 00:00:00-04:00,25.754608624831054,26.07532631846402,25.59910924935439,25.842077255249023,32000,0.28,0.0
2025-05-14 00:00:00-04:00,25.735171045721128,25.948984079820004,25.521359865321052,25.618547439575195,32500,0.0,0.0
2025-05-15 00:00:00-04:00,25.783764589193986,25.997575759887695,25.764326704485818,25.997575759887695,33500,0.0,0.0
2025-05-16 00:00:00-04:00,25.939264696554694,25.978138613376963,25.686577749264274,25.69629669189453,46100,0.0,0.0
2025-05-19 00:00:00-04:00,25.492202492715784,25.978138499913715,25.404733863124253,25.880950927734375,35700,0.0,0.0
2025-05-20 00:00:00-04:00,26.1433562426363,26.1433562426363,25.667139188479617,25.81291961669922,37200,0.0,0.0
2025-05-21 00:00:00-04:00,25.443608858311897,25.71573182768505,25.317264462218333,25.336702346801758,57600,0.0,0.0
2025-05-22 00:00:00-04:00,25.26867328464178,25.589390986798893,25.093736019156292,25.21036148071289,65800,0.0,0.0
2025-05-23 00:00:00-04:00,24.889643621210404,25.385298585719614,24.724425299707335,24.899362564086914,63800,0.0,0.0
2025-05-27 00:00:00-04:00,25.064580215220193,25.79348422817419,24.773017497819335,25.531078338623047,46200,0.0,0.0
2025-05-28 00:00:00-04:00,25.375578319187433,25.657420233109413,25.122891378675373,25.132610321044922,37000,0.0,0.0
2025-05-29 00:00:00-04:00,25.220080274099743,25.36586070990692,25.045143009651607,25.22979736328125,27800,0.0,0.0
2025-05-30 00:00:00-04:00,25.122890998702612,25.297828251311163,25.00626554573068,25.02570343017578,28100,0.0,0.0
2025-06-02 00:00:00-04:00,25.054862104945514,25.220080427518383,24.636956827043615,24.695268630981445,37800,0.0,0.0
2025-06-03 00:00:00-04:00,24.598080431288633,24.996547813203435,24.530049686137147,24.811893463134766,55300,0.0,0.0
2025-06-04 00:00:00-04:00,24.704984658188764,24.84104613588506,24.35511016845703,24.35511016845703,32100,0.0,0.0
2025-06-05 00:00:00-04:00,24.403707757593473,24.831330124735988,24.35511304289626,24.695268630981445,44600,0.0,0.0
2025-06-06 00:00:00-04:00,25.09373378585028,25.288108919912563,24.918796535933954,25.2686710357666,32600,0.0,0.0
2025-06-09 00:00:00-04:00,25.356141767026596,25.521360088594413,25.2006423883391,25.22979736328125,60900,0.0,0.0
2025-06-10 00:00:00-04:00,25.25895341222686,25.628265815483804,25.200641610443725,25.55051612854004,41100,0.0,0.0
2025-06-11 00:00:00-04:00,25.540797185959725,25.676858674686624,25.501921415638463,25.55051612854004,37000,0.0,0.0
2025-06-12 00:00:00-04:00,25.19092149131019,25.55051493519185,25.19092149131019,25.414451599121094,25000,0.0,0.0
2025-06-13 00:00:00-04:00,24.957674054397096,25.02570479997999,24.491175924372556,24.607799530029297,44400,0.0,0.0
2025-06-16 00:00:00-04:00,24.734140995848094,24.811890674955535,24.141298534092257,24.267641067504883,60800,0.0,0.0
2025-06-17 00:00:00-04:00,23.937205880638416,24.30651826846936,23.878894081290937,24.180173873901367,54100,0.0,0.0
2025-06-18 00:00:00-04:00,24.151021517597204,24.471739229302887,24.112145744687968,24.228771209716797,36600,0.0,0.0
2025-06-20 00:00:00-04:00,24.413426542985636,24.627237725177107,24.160739589287278,24.38426971435547,81300,0.0,0.0
2025-06-23 00:00:00-04:00,24.35511183656929,25.258953094482422,24.199612464637863,25.258953094482422,56700,0.0,0.0
2025-06-24 00:00:00-04:00,25.51164035821878,25.83235804857415,25.51164035821878,25.55051612854004,57900,0.0,0.0
2025-06-25 00:00:00-04:00,25.6088288726748,25.64770279072778,25.21036148071289,25.21036148071289,52000,0.0,0.0
2025-06-26 00:00:00-04:00,25.190922687288715,25.880950927734375,25.190922687288715,25.880950927734375,30400,0.0,0.0
2025-06-27 00:00:00-04:00,25.871234213259516,26.143357194861373,25.76432769694519,25.987857818603516,93600,0.0,0.0
2025-06-30 00:00:00-04:00,26.007295537838242,26.201668830068865,25.628266042344578,25.67685890197754,31200,0.0,0.0
2025-07-01 00:00:00-04:00,25.482482689382923,26.920854630914658,25.482482689382923,26.386323928833008,28900,0.0,0.0
2025-07-02 00:00:00-04:00,26.60013707658693,26.901416873258174,26.279419395304966,26.88197898864746,76400,0.0,0.0
2025-07-03 00:00:00-04:00,25.81292122997985,27.39707371575057,25.81292122997985,27.231855392456055,31400,0.0,0.0
2025-07-07 00:00:00-04:00,26.87226154766431,27.270728935952334,26.40576341313669,26.60985565185547,44000,0.0,0.0
2025-07-08 00:00:00-04:00,26.66816881244424,27.18325979792493,26.66816881244424,26.87226104736328,39700,0.0,0.0
2025-07-09 00:00:00-04:00,26.872262019753457,26.872262019753457,26.541825371899947,26.697324752807617,23900,0.0,0.0
2025-07-10 00:00:00-04:00,26.639011327515774,27.095790499426535,26.639011327515774,26.823667526245117,26100,0.0,0.0
2025-07-11 00:00:00-04:00,26.493230875079792,26.891698245770716,26.2891367916754,26.308574676513672,23300,0.0,0.0
2025-07-14 00:00:00-04:00,26.211387036485263,26.872260289643446,26.211387036485263,26.84310531616211,35300,0.0,0.0
2025-07-15 00:00:00-04:00,26.541824828555395,26.629293460237722,25.89067048919741,25.948984146118164,41300,0.0,0.0
2025-07-16 00:00:00-04:00,26.094763033788713,26.64872976579796,25.628264928275524,26.221105575561523,33200,0.0,0.0
2025-07-17 00:00:00-04:00,26.075323687784444,26.51266679575175,26.05588580438621,26.493228912353516,41500,0.0,0.0
2025-07-18 00:00:00-04:00,26.677886895083866,26.677886895083866,25.948982901815988,25.997575759887695,34000,0.0,0.0
2025-07-21 00:00:00-04:00,26.094764369126555,26.541824613029274,26.094764369126555,26.153076171875,24500,0.0,0.0
2025-07-22 00:00:00-04:00,26.28913762839077,26.512669603747877,25.987857818603516,25.987857818603516,33300,0.0,0.0
2025-07-23 00:00:00-04:00,26.09476342494655,26.09476342494655,25.637982401131428,25.978137969970703,20500,0.0,0.0
2025-07-24 00:00:00-04:00,26.06560677124565,26.67788716997084,26.055887828791423,26.28913688659668,29200,0.0,0.0
2025-07-25 00:00:00-04:00,26.328013777207417,26.464075269961324,26.00729607735977,26.094764709472656,27700,0.0,0.0
2025-07-28 00:00:00-04:00,26.007292949589214,26.561259650548745,26.007292949589214,26.493228912353516,24600,0.0,0.0
2025-07-29 00:00:00-04:00,26.697323865686048,26.745918579166723,26.250263623856508,26.522388458251953,30800,0.0,0.0
2025-07-30 00:00:00-04:00,26.396042689773477,26.852821850641238,25.997575328363613,26.07532501220703,40100,0.0,0.0
2025-07-31 00:00:00-04:00,25.96841959389266,26.16279473852504,25.85179599007224,26.04616928100586,33600,0.0,0.0
2025-08-01 00:00:00-04:00,25.72545124961946,25.72545124961946,25.11317270341543,25.424171447753906,55900,0.0,0.0
2025-08-04 00:00:00-04:00,25.433891025203533,25.851796293478714,25.395015254341292,25.82263946533203,34000,0.0,0.0
2025-08-05 00:00:00-04:00,25.948983467528763,26.094763898620748,25.560233179685127,26.06560707092285,32600,0.0,0.0
2025-08-06 00:00:00-04:00,26.046169014564136,26.289137016019765,25.735170269292727,25.754608154296875,41000,0.0,0.0
2025-08-07 00:00:00-04:00,26.007293843364646,26.114200352030323,25.297827758234675,25.803199768066406,50300,0.0,0.0
2025-08-08 00:00:00-04:00,26.12392009057352,26.852824133715288,25.939265734307437,26.697324752807617,36500,0.0,0.0
2025-08-11 00:00:00-04:00,26.962531333008307,27.080399270019036,26.5401671661862,27.021465301513672,32400,0.29,0.0
2025-08-12 00:00:00-04:00,27.10004245212301,28.27873297181802,27.10004245212301,28.219797134399414,49800,0.0,0.0
2025-08-13 00:00:00-04:00,28.445714574277737,28.691274963379488,28.259090027463913,28.426071166992188,36700,0.0,0.0
2025-08-14 00:00:00-04:00,28.111753557343818,28.357313941105296,27.70903280437611,28.023351669311523,27200,0.0,0.0
2025-08-15 00:00:00-04:00,28.18051012526118,28.18051012526118,27.237557278740113,27.27684783935547,100600,0.0,0.0
2025-08-18 00:00:00-04:00,27.20809201599038,27.679567516102008,27.20809201599038,27.316137313842773,21300,0.0,0.0
2025-08-19 00:00:00-04:00,27.492941820115753,27.600988994295914,27.286671985928695,27.443830490112305,24900,0.0,0.0
2025-08-20 00:00:00-04:00,27.57151975754541,27.718855614007648,27.3161367320549,27.659921646118164,27100,0.0,0.0
2025-08-21 00:00:00-04:00,27.46347266592488,27.82690286146801,27.31613680904736,27.3848934173584,28100,0.0,0.0
2025-08-22 00:00:00-04:00,27.600987424395086,29.025236521734644,27.600987424395086,28.85825538635254,71600,0.0,0.0
2025-08-25 00:00:00-04:00,28.799322333305618,29.123461974222963,28.121575130123137,28.809144973754883,41400,0.0,0.0
2025-08-26 00:00:00-04:00,28.622517661883254,29.251153516743095,28.622517661883254,29.04488182067871,23500,0.0,0.0
2025-08-27 00:00:00-04:00,28.87789958130333,29.408310887927357,28.602873161700032,28.897544860839844,75100,0.0,0.0
2025-08-28 00:00:00-04:00,28.92701242411906,29.359197327741306,27.473293605417567,29.25115203857422,70500,0.0,0.0
2025-08-29 00:00:00-04:00,29.447602020154253,29.68333977374758,28.101932109207695,29.202041625976562,87900,0.0,0.0
2025-09-02 00:00:00-04:00,28.946656712023586,29.192217090259717,28.602873681274605,29.01541519165039,47300,0.0,0.0
2025-09-03 00:00:00-04:00,28.720743287499577,28.936835758489323,28.534116864590136,28.818967819213867,32000,0.0,0.0
2025-09-04 00:00:00-04:00,28.995770511836742,29.280619582277687,28.710919567918754,29.231508255004883,31200,0.0,0.0
2025-09-05 00:00:00-04:00,29.45742362607678,29.45742362607678,28.612695300263056,28.77967643737793,34700,0.0,0.0
2025-09-08 00:00:00-04:00,28.9466572741123,28.9466572741123,28.56358367613802,28.85825538635254,21900,0.0,0.0
2025-09-09 00:00:00-04:00,28.494826746536855,28.95647958691478,28.200153166176396,28.376956939697266,25000,0.0,0.0
2025-09-10 00:00:00-04:00,28.347489633732458,28.858253778074126,27.993882102400047,28.593050003051758,65000,0.0,0.0
2025-09-11 00:00:00-04:00,28.730564811520125,29.035059161872066,28.45553650810341,28.85825538635254,31600,0.0,0.0
2025-09-12 00:00:00-04:00,28.740387448159616,28.93683463045304,28.386779897163596,28.485004425048828,48800,0.0,0.0
2025-09-15 00:00:00-04:00,28.73056492060809,28.927013977148366,28.367134728051692,28.583229064941406,30100,0.0,0.0
2025-09-16 00:00:00-04:00,28.543938260096528,28.563583540277932,28.09210805678642,28.200153350830078,28200,0.0,0.0
2025-09-17 00:00:00-04:00,28.376956939697266,29.172573920541186,28.288555052936832,28.376956939697266,54100,0.0,0.0
2025-09-18 00:00:00-04:00,28.445712815886576,29.437776951349775,28.445712815886576,29.270795822143555,46200,0.0,0.0
2025-09-19 00:00:00-04:00,29.28062109891267,29.28062109891267,28.681455006546145,28.838613510131836,110800,0.0,0.0
2025-09-22 00:00:00-04:00,28.8582557806077,28.966302950118425,28.534116145552588,28.691274642944336,35100,0.0,0.0
2025-09-23 00:00:00-04:00,28.612694906421982,29.359198693043943,28.455536411709677,28.573406219482422,37000,0.0,0.0
2025-09-24 00:00:00-04:00,28.73056531755871,28.946657783956976,28.03317471681175,28.416248321533203,23600,0.0,0.0
2025-09-25 00:00:00-04:00,28.30820042538056,28.593051366644318,27.96441551724317,28.288555145263672,51700,0.0,0.0
2025-09-26 00:00:00-04:00,28.249266366308316,28.50464938656324,28.20997580620278,28.376956939697266,32000,0.0,0.0
2025-09-29 00:00:00-04:00,28.43589296069596,28.43589296069596,27.669743895058804,27.826902389526367,36100,0.0,0.0
2025-09-30 00:00:00-04:00,27.659922539820464,27.826903682133437,27.473296116417227,27.797435760498047,29600,0.0,0.0
2025-10-01 00:00:00-04:00,27.571519248923217,27.797434349562913,27.09022112750416,27.355426788330078,34600,0.0,0.0
2025-10-02 00:00:00-04:00,27.325959450332448,27.325959450332448,26.6285688534633,27.011642456054688,35600,0.0,0.0
2025-10-03 00:00:00-04:00,26.933061422664693,27.60098592798094,26.933061422664693,27.109865188598633,31500,0.0,0.0
2025-10-06 00:00:00-04:00,27.286669072192133,27.63045209246058,26.96252945774121,27.20808982849121,41900,0.0,0.0
2025-10-07 00:00:00-04:00,27.306314681427963,27.56169771243273,26.933063712099212,26.942886352539062,28400,0.0,0.0
2025-10-08 00:00:00-04:00,26.962529194622242,27.11968768049043,26.628566943783117,26.825014114379883,28100,0.0,0.0
2025-10-09 00:00:00-04:00,26.716971030200146,26.883952169394284,26.225850252979384,26.373186111450195,21500,0.0,0.0
2025-10-10 00:00:00-04:00,26.314252118356464,26.933063472750888,25.62668228149414,25.62668228149414,44900,0.0,0.0
2025-10-13 00:00:00-04:00,25.950820740358512,26.196381117586178,25.665969803505465,26.12762451171875,30000,0.0,0.0
2025-10-14 00:00:00-04:00,26.10798073130246,26.874129826704877,25.56774861976656,26.667858123779297,41800,0.0,0.0
2025-10-15 00:00:00-04:00,26.83483877485148,26.83483877485148,26.078512333729137,26.549989700317383,36400,0.0,0.0
2025-10-16 00:00:00-04:00,26.461587128235003,26.461587128235003,25.42040976597293,25.587390899658203,43700,0.0,0.0
2025-10-17 00:00:00-04:00,25.724907805100084,26.353541824126413,25.587392708330206,25.67579460144043,42100,0.0,0.0
2025-10-20 00:00:00-04:00,25.734728874690397,26.38300813560222,25.734728874690397,26.343717575073242,30800,0.0,0.0
2025-10-21 00:00:00-04:00,26.353539917376217,26.608922937497297,26.11780217729761,26.42229652404785,30700,0.0,0.0
2025-10-22 00:00:00-04:00,26.92323863641673,26.991995239799447,26.461585818363552,26.825014114379883,32100,0.0,0.0
2025-10-23 00:00:00-04:00,26.579456124317012,26.805373107259562,26.549990076503228,26.56963348388672,17800,0.0,0.0
2025-10-24 00:00:00-04:00,26.844662506015098,27.119690824911334,26.58927946849941,27.07057762145996,20200,0.0,0.0
2025-10-27 00:00:00-04:00,27.09022187984656,27.306314346440963,26.62856902569971,26.648212432861328,22200,0.0,0.0
2025-10-28 00:00:00-04:00,26.491054043830122,26.864306883594534,26.44194271550816,26.746437072753906,20500,0.0,0.0
2025-10-29 00:00:00-04:00,26.58927795419733,26.834838337037684,25.70526095066746,25.97046661376953,35600,0.0,0.0
2025-10-30 00:00:00-04:00,26.157091489582815,27.19826887501456,25.990110352181652,26.638391494750977,25100,0.0,0.0
2025-10-31 00:00:00-04:00,27.355427574978382,27.767969101411857,26.57945585027945,27.394716262817383,73800,0.0,0.0
2025-11-03 00:00:00-05:00,27.502763197782222,29.044882120187253,27.502763197782222,28.9663028717041,74100,0.0,0.0
2025-11-04 00:00:00-05:00,28.89754569588553,29.781562692327167,28.89754569588553,29.683338165283203,73400,0.0,0.0
2025-11-05 00:00:00-05:00,29.683338411701154,30.891496919460586,29.585115757318814,30.439664840698242,64800,0.0,0.0
2025-11-06 00:00:00-05:00,30.164634856920163,30.528065027710127,28.927012244661658,29.614580154418945,72900,0.0,0.0
2025-11-07 00:00:00-05:00,29.48689137480587,29.70298383838004,29.054704574180484,29.516357421875,31800,0.0,0.0
2025-11-10 00:00:00-05:00,29.702984376169947,30.125348544260426,29.388667378561337,29.82085418701172,47300,0.0,0.0
2025-11-11 00:00:00-05:00,29.78156273860946,30.714692936761733,29.34937594303058,30.429841995239258,67000,0.0,0.0
2025-11-12 00:00:00-05:00,30.380264719480223,31.00492528097365,29.93408049530785,30.340604782104492,53500,0.29,0.0
2025-11-13 00:00:00-05:00,30.003486330167632,31.08424655590078,29.973739959220648,30.82645034790039,51200,0.0,0.0
2025-11-14 00:00:00-05:00,30.56865417411554,30.69755133266999,29.94399551297007,30.469501495361328,35200,0.0,0.0
2025-11-17 00:00:00-05:00,30.271199255509323,30.9355197715443,29.24001438057379,29.29950523376465,32400,0.0,0.0
2025-11-18 00:00:00-05:00,29.19043905047079,29.487895208274626,28.754168380002387,28.94255828857422,48900,0.0,0.0
2025-11-19 00:00:00-05:00,28.873151716467795,29.35899777844551,28.674846352273576,29.230098724365234,50100,0.0,0.0
2025-11-20 00:00:00-05:00,29.61679338531419,29.884503162927366,28.873151121675214,29.021879196166992,41600,0.0,0.0
2025-11-21 00:00:00-05:00,29.051624773867747,30.261284112107493,28.73433769865081,30.062978744506836,83300,0.0,0.0
2025-11-24 00:00:00-05:00,30.082809699386704,30.142300553273714,29.547386340863152,29.79526710510254,53700,0.0,0.0
2025-11-25 00:00:00-05:00,29.95390990181489,30.697552176134188,29.557301067080616,30.568655014038086,112300,0.0,0.0
2025-11-26 00:00:00-05:00,30.32077408895567,30.68763844105212,29.745690808962923,30.231536865234375,55800,0.0,0.0
2025-11-28 00:00:00-05:00,30.181961300397877,30.320773918213728,29.368912725453466,29.894418716430664,23200,0.0,0.0
2025-12-01 00:00:00-05:00,29.51764059264109,30.647976223882143,28.863235554429945,29.914249420166016,38900,0.0,0.0
2025-12-02 00:00:00-05:00,30.15221451363102,30.499247944570875,29.63662209573067,29.8448429107666,93800,0.0,0.0
2025-12-03 00:00:00-05:00,29.66636834930707,31.203228248723182,29.547384756731997,30.915687561035156,70800,0.0,0.0
2025-12-04 00:00:00-05:00,30.89585752792743,31.223060052862486,30.29102787318865,30.65789222717285,56200,0.0,0.0
2025-12-05 00:00:00-05:00,30.59840035026549,30.737212964929494,29.884502580724806,30.31085777282715,50000,0.0,0.0
2025-12-08 00:00:00-05:00,30.241452184092434,31.451109590631305,30.122468589281688,31.30238151550293,68500,0.0,0.0
2025-12-09 00:00:00-05:00,31.322213384978077,31.72873768527627,30.568655638011148,30.687639236450195,52700,0.0,0.0
2025-12-10 00:00:00-05:00,30.618230296100403,31.51060253493171,30.28111420620647,31.371788024902344,83100,0.0,0.0
2025-12-11 00:00:00-05:00,31.3717887794402,32.05594210645249,30.73721463094669,31.917125701904297,85600,0.0,0.0
2025-12-12 00:00:00-05:00,31.976617401985088,32.075768191062686,31.232975136822645,31.92704200744629,100800,0.0,0.0
2025-12-15 00:00:00-05:00,32.046022604334695,32.71034497176954,31.748566465012235,32.29390335083008,127700,0.0,0.0
2025-12-16 00:00:00-05:00,32.373229053467334,32.97805493600046,31.996449235895014,32.80949783325195,83600,0.0,0.0
2025-12-17 00:00:00-05:00,32.71034493053169,33.275512729239864,32.64093484182927,32.82932662963867,77200,0.0,0.0
2025-12-18 00:00:00-05:00,32.8590711224829,33.15652726155399,32.611190376196994,32.65085220336914,55300,0.0,0.0
2025-12-19 00:00:00-05:00,32.52195433738529,32.65085338919618,31.520517750258033,31.659330368041992,145300,0.0,0.0
2025-12-22 00:00:00-05:00,31.75848078038904,31.927041658812506,30.707466919966635,31.252805709838867,71200,0.0,0.0
2025-12-23 00:00:00-05:00,31.3122975862063,31.60975374229144,31.19331398906417,31.510602951049805,65000,0.0,0.0
2025-12-24 00:00:00-05:00,31.342042696618307,31.907210505137417,30.965262896818874,31.36187171936035,29200,0.0,0.0
2025-12-26 00:00:00-05:00,31.232976276691744,31.79814411625258,31.14373905032107,31.203229904174805,33600,0.0,0.0
2025-12-29 00:00:00-05:00,31.242890453624465,31.50068666466438,31.0445850939999,31.32221221923828,62900,0.0,0.0
2025-12-30 00:00:00-05:00,31.163568278097337,31.609752494613584,30.876025699541945,31.27263641357422,66300,0.0,0.0
2025-12-31 00:00:00-05:00,31.32221330382405,31.32221330382405,31.054501626414925,31.13382339477539,36200,0.0,0.0
2026-01-02 00:00:00-05:00,31.153653471026445,31.322212460652466,30.499248426873674,31.034669876098633,89600,0.0,0.0
2026-01-05 00:00:00-05:00,31.034669384670583,32.234411316226286,31.034669384670583,31.78822898864746,110700,0.0,0.0
2026-01-06 00:00:00-05:00,31.540347589894008,31.95678734520667,31.401534968516494,31.758481979370117,75700,0.0,0.0
2026-01-07 00:00:00-05:00,31.798143637773112,31.927042692226777,31.262722178785918,31.59984016418457,67200,0.0,0.0
2026-01-08 00:00:00-05:00,31.401534657746314,32.75000470207711,31.401534657746314,32.58144760131836,64200,0.0,0.0
2026-01-09 00:00:00-05:00,32.48229397395685,32.62111038036258,32.026194271419,32.05594253540039,53500,0.0,0.0
2026-01-12 00:00:00-05:00,31.75848219058634,32.1055175286984,31.570094172086836,31.738651275634766,98300,0.0,0.0
2026-01-13 00:00:00-05:00,31.738649848132543,31.857635332490382,31.40153376501894,31.4312801361084,36800,0.0,0.0
2026-01-14 00:00:00-05:00,31.461026018215644,32.05594211943954,31.272637999792895,31.82788848876953,65700,0.0,0.0
2026-01-15 00:00:00-05:00,31.78823075320664,32.71034750414693,31.58000992661682,32.50212478637695,51700,0.0,0.0
2026-01-16 00:00:00-05:00,32.50212309857384,33.21602087703246,32.10551616348803,32.3930549621582,70500,0.0,0.0
2026-01-20 00:00:00-05:00,32.026193396200824,32.393055861489465,31.19331389232917,32.13526153564453,76400,0.0,0.0
2026-01-21 00:00:00-05:00,32.46246532554184,33.71178266598396,32.46246532554184,33.691951751708984,65200,0.0,0.0
2026-01-22 00:00:00-05:00,33.72169753325553,34.276951807301494,33.315173230831256,33.57297134399414,106700,0.0,0.0
2026-01-23 00:00:00-05:00,33.38457972126149,33.513478778533944,32.3434812614094,32.41288757324219,71400,0.0,0.0
2026-01-26 00:00:00-05:00,32.353398201310284,32.83924237800012,32.085686523755356,32.363311767578125,76700,0.0,0.0
2026-01-27 00:00:00-05:00,32.29390462622669,32.779752572783856,32.17492292227072,32.353397369384766,62400,0.0,0.0
2026-01-28 00:00:00-05:00,32.264158464289906,32.680596297612055,31.867547761960253,32.15509033203125,94200,0.0,0.0
2026-01-29 00:00:00-05:00,32.35339772273802,33.206108138849224,32.35339772273802,32.849159240722656,163100,0.0,0.0
2026-01-30 00:00:00-05:00,32.75992233922224,33.73161447017033,32.472379748189375,33.52339553833008,97900,0.0,0.0
2026-02-02 00:00:00-05:00,33.68203978208775,34.62398366945076,33.36475270337088,34.33644485473633,100400,0.0,0.0
2026-02-03 00:00:00-05:00,34.336444698682634,35.32796776075661,34.336444698682634,35.13957595825195,132000,0.0,0.0
2026-02-04 00:00:00-05:00,35.37754015661022,36.09143791110487,35.37754015661022,35.59567642211914,118600,0.0,0.0
2026-02-05 00:00:00-05:00,35.50644046210605,36.10135275704454,34.5248310148614,35.47669219970703,95600,0.0,0.0
2026-02-06 00:00:00-05:00,35.93279563217023,36.13109720875417,35.41720321185974,35.74440383911133,76200,0.0,0.0
2026-02-09 00:00:00-05:00,35.863386038899556,36.06169140059378,35.32796647939339,35.34779739379883,66100,0.0,0.0
2026-02-10 00:00:00-05:00,35.26847460426961,35.77415347815459,34.861950304852414,35.09000015258789,114200,0.0,0.0
2026-02-11 00:00:00-05:00,35.349998474121094,35.849998474121094,34.709999084472656,34.970001220703125,72400,0.3,0.0
2026-02-12 00:00:00-05:00,35.189998626708984,35.189998626708984,34.29999923706055,34.709999084472656,92900,0.0,0.0
2026-02-13 00:00:00-05:00,34.630001068115234,35.08000183105469,34.439998626708984,34.66999816894531,41304,0.0,0.0
