Date,Open,High,Low,Close,Volume,Dividends,Stock Splits
2022-01-03 00:00:00-05:00,79.19999694824219,87.0999984741211,78.63999938964844,85.0,12590,0.0,0.0
2022-01-04 00:00:00-05:00,86.5,86.5,79.0,80.30000305175781,11300,0.0,0.0
2022-01-05 00:00:00-05:00,82.4000015258789,84.2699966430664,76.5999984741211,77.9000015258789,14500,0.0,0.0
2022-01-06 00:00:00-05:00,78.0,79.69999694824219,74.9000015258789,76.69999694824219,14190,0.0,0.0
2022-01-07 00:00:00-05:00,76.4000015258789,78.9000015258789,73.19999694824219,73.69999694824219,9130,0.0,0.0
2022-01-10 00:00:00-05:00,73.80000305175781,78.0,68.0999984741211,76.5,17540,0.0,0.0
2022-01-11 00:00:00-05:00,75.4000015258789,78.69999694824219,75.4000015258789,76.69999694824219,8770,0.0,0.0
2022-01-12 00:00:00-05:00,77.69999694824219,78.08000183105469,74.69999694824219,75.5999984741211,3890,0.0,0.0
2022-01-13 00:00:00-05:00,76.30000305175781,76.30000305175781,70.66000366210938,71.19999694824219,9380,0.0,0.0
2022-01-14 00:00:00-05:00,70.0999984741211,72.19999694824219,65.69999694824219,67.5,15620,0.0,0.0
2022-01-18 00:00:00-05:00,67.0999984741211,67.0999984741211,58.29999923706055,58.70000076293945,16770,0.0,0.0
2022-01-19 00:00:00-05:00,58.099998474121094,58.40999984741211,55.0,57.400001525878906,9130,0.0,0.0
2022-01-20 00:00:00-05:00,57.900001525878906,60.29999923706055,55.66999816894531,58.20000076293945,7450,0.0,0.0
2022-01-21 00:00:00-05:00,59.20000076293945,59.20000076293945,54.099998474121094,54.79999923706055,8110,0.0,0.0
2022-01-24 00:00:00-05:00,54.099998474121094,61.70000076293945,49.0,60.900001525878906,19260,0.0,0.0
2022-01-25 00:00:00-05:00,58.29999923706055,60.29999923706055,56.0,59.599998474121094,9930,0.0,0.0
2022-01-26 00:00:00-05:00,60.20000076293945,60.20000076293945,51.79999923706055,52.5,6650,0.0,0.0
2022-01-27 00:00:00-05:00,52.400001525878906,52.400001525878906,46.599998474121094,47.79999923706055,9210,0.0,0.0
2022-01-28 00:00:00-05:00,48.0,52.0,46.4900016784668,51.79999923706055,6370,0.0,0.0
2022-01-31 00:00:00-05:00,54.29999923706055,58.599998474121094,52.599998474121094,58.099998474121094,8870,0.0,0.0
2022-02-01 00:00:00-05:00,58.70000076293945,60.0,56.5,58.400001525878906,4510,0.0,0.0
2022-02-02 00:00:00-05:00,58.79999923706055,58.79999923706055,53.29999923706055,54.70000076293945,4330,0.0,0.0
2022-02-03 00:00:00-05:00,53.599998474121094,54.0,51.400001525878906,52.29999923706055,4770,0.0,0.0
2022-02-04 00:00:00-05:00,51.599998474121094,56.79999923706055,51.0,56.79999923706055,6630,0.0,0.0
2022-02-07 00:00:00-05:00,57.099998474121094,58.900001525878906,52.20000076293945,53.70000076293945,8700,0.0,0.0
2022-02-08 00:00:00-05:00,54.29999923706055,54.599998474121094,49.5,51.0,8440,0.0,0.0
2022-02-09 00:00:00-05:00,52.29999923706055,53.0,50.0,53.0,5710,0.0,0.0
2022-02-10 00:00:00-05:00,52.79999923706055,55.7400016784668,52.79999923706055,55.5,3380,0.0,0.0
2022-02-11 00:00:00-05:00,55.599998474121094,58.400001525878906,55.20000076293945,56.20000076293945,4600,0.0,0.0
2022-02-14 00:00:00-05:00,56.599998474121094,57.0,51.20000076293945,51.20000076293945,4070,0.0,0.0
2022-02-15 00:00:00-05:00,52.20000076293945,54.72999954223633,52.099998474121094,53.900001525878906,3080,0.0,0.0
2022-02-16 00:00:00-05:00,54.0,54.5,51.29999923706055,53.900001525878906,6360,0.0,0.0
2022-02-17 00:00:00-05:00,52.79999923706055,54.20000076293945,51.29999923706055,52.099998474121094,5590,0.0,0.0
2022-02-18 00:00:00-05:00,52.900001525878906,53.400001525878906,48.5,49.900001525878906,6600,0.0,0.0
2022-02-22 00:00:00-05:00,50.0,52.849998474121094,50.0,52.099998474121094,6560,0.0,0.0
2022-02-23 00:00:00-05:00,51.5,52.099998474121094,48.599998474121094,49.900001525878906,4830,0.0,0.0
2022-02-24 00:00:00-05:00,50.0,51.0,46.400001525878906,50.900001525878906,7070,0.0,0.0
2022-02-25 00:00:00-05:00,52.0,53.0,47.70000076293945,49.70000076293945,6260,0.0,0.0
2022-02-28 00:00:00-05:00,50.5,50.66999816894531,49.0,49.599998474121094,3830,0.0,0.0
2022-03-01 00:00:00-05:00,48.20000076293945,49.099998474121094,45.900001525878906,45.900001525878906,4270,0.0,0.0
2022-03-02 00:00:00-05:00,41.29999923706055,41.29999923706055,21.5,27.600000381469727,67120,0.0,0.0
2022-03-03 00:00:00-05:00,29.299999237060547,32.599998474121094,25.200000762939453,27.0,16040,0.0,0.0
2022-03-04 00:00:00-05:00,26.0,26.899999618530273,24.0,25.200000762939453,10470,0.0,0.0
2022-03-07 00:00:00-05:00,25.100000381469727,25.100000381469727,22.700000762939453,23.100000381469727,8690,0.0,0.0
2022-03-08 00:00:00-05:00,24.0,24.0,20.299999237060547,22.899999618530273,18160,0.0,0.0
2022-03-09 00:00:00-05:00,23.0,24.5,22.5,22.799999237060547,6110,0.0,0.0
2022-03-10 00:00:00-05:00,22.700000762939453,22.700000762939453,20.5,21.399999618530273,7340,0.0,0.0
2022-03-11 00:00:00-05:00,20.899999618530273,21.8700008392334,19.5,19.600000381469727,11820,0.0,0.0
2022-03-14 00:00:00-04:00,19.100000381469727,20.100000381469727,17.200000762939453,17.899999618530273,10820,0.0,0.0
2022-03-15 00:00:00-04:00,18.700000762939453,19.399999618530273,18.0,18.200000762939453,13210,0.0,0.0
2022-03-16 00:00:00-04:00,19.600000381469727,19.600000381469727,17.350000381469727,17.799999237060547,6480,0.0,0.0
2022-03-17 00:00:00-04:00,18.0,18.399999618530273,17.299999237060547,18.399999618530273,15050,0.0,0.0
2022-03-18 00:00:00-04:00,18.200000762939453,20.0,18.200000762939453,20.0,11560,0.0,0.0
2022-03-21 00:00:00-04:00,20.600000381469727,20.600000381469727,18.0,18.799999237060547,5790,0.0,0.0
2022-03-22 00:00:00-04:00,19.799999237060547,20.899999618530273,18.5,20.899999618530273,7200,0.0,0.0
2022-03-23 00:00:00-04:00,20.899999618530273,22.200000762939453,20.0,22.100000381469727,7490,0.0,0.0
2022-03-24 00:00:00-04:00,21.899999618530273,21.899999618530273,19.5,20.399999618530273,5580,0.0,0.0
2022-03-25 00:00:00-04:00,20.100000381469727,20.6299991607666,19.350000381469727,19.5,2630,0.0,0.0
2022-03-28 00:00:00-04:00,19.799999237060547,21.5,19.200000762939453,21.0,3650,0.0,0.0
2022-03-29 00:00:00-04:00,21.200000762939453,22.799999237060547,19.899999618530273,22.5,7370,0.0,0.0
2022-03-30 00:00:00-04:00,23.0,26.299999237060547,21.5,26.0,9110,0.0,0.0
2022-03-31 00:00:00-04:00,26.0,44.0,25.0,37.599998474121094,804460,0.0,0.0
2022-04-01 00:00:00-04:00,36.0,36.900001525878906,32.5,34.599998474121094,57960,0.0,0.0
2022-04-04 00:00:00-04:00,33.900001525878906,35.5,30.399999618530273,32.599998474121094,34440,0.0,0.0
2022-04-05 00:00:00-04:00,32.099998474121094,33.900001525878906,25.700000762939453,28.100000381469727,31960,0.0,0.0
2022-04-06 00:00:00-04:00,28.0,28.049999237060547,26.0,26.5,10990,0.0,0.0
2022-04-07 00:00:00-04:00,25.899999618530273,29.600000381469727,25.0,29.0,14000,0.0,0.0
2022-04-08 00:00:00-04:00,29.5,31.899999618530273,27.5,29.200000762939453,19270,0.0,0.0
2022-04-11 00:00:00-04:00,29.100000381469727,29.100000381469727,25.100000381469727,26.299999237060547,14030,0.0,0.0
2022-04-12 00:00:00-04:00,27.0,27.600000381469727,24.899999618530273,26.100000381469727,21970,0.0,0.0
2022-04-13 00:00:00-04:00,25.700000762939453,26.600000381469727,24.299999237060547,26.399999618530273,12880,0.0,0.0
2022-04-14 00:00:00-04:00,25.899999618530273,29.399999618530273,25.59000015258789,28.799999237060547,11820,0.0,0.0
2022-04-18 00:00:00-04:00,28.200000762939453,28.200000762939453,25.799999237060547,26.100000381469727,3560,0.0,0.0
2022-04-19 00:00:00-04:00,25.200000762939453,29.0,24.5,26.700000762939453,21670,0.0,0.0
2022-04-20 00:00:00-04:00,27.700000762939453,30.0,26.700000762939453,27.600000381469727,16130,0.0,0.0
2022-04-21 00:00:00-04:00,27.0,29.799999237060547,26.5,26.5,15360,0.0,0.0
2022-04-22 00:00:00-04:00,26.600000381469727,27.700000762939453,25.299999237060547,25.299999237060547,3630,0.0,0.0
2022-04-25 00:00:00-04:00,25.399999618530273,29.799999237060547,25.399999618530273,26.600000381469727,3690,0.0,0.0
2022-04-26 00:00:00-04:00,27.600000381469727,27.600000381469727,26.420000076293945,26.799999237060547,2650,0.0,0.0
2022-04-27 00:00:00-04:00,25.399999618530273,26.5,25.299999237060547,25.399999618530273,3980,0.0,0.0
2022-04-28 00:00:00-04:00,25.100000381469727,27.25,23.100000381469727,24.399999618530273,5880,0.0,0.0
2022-04-29 00:00:00-04:00,24.399999618530273,25.200000762939453,23.200000762939453,25.0,5460,0.0,0.0
2022-05-02 00:00:00-04:00,25.100000381469727,25.299999237060547,22.5,24.0,4160,0.0,0.0
2022-05-03 00:00:00-04:00,23.700000762939453,25.399999618530273,23.700000762939453,24.600000381469727,2100,0.0,0.0
2022-05-04 00:00:00-04:00,25.0,25.0,23.899999618530273,24.0,2000,0.0,0.0
2022-05-05 00:00:00-04:00,23.5,24.600000381469727,23.399999618530273,24.0,1280,0.0,0.0
2022-05-06 00:00:00-04:00,23.399999618530273,24.81999969482422,22.5,23.200000762939453,6910,0.0,0.0
2022-05-09 00:00:00-04:00,23.0,23.950000762939453,20.0,20.100000381469727,5560,0.0,0.0
2022-05-10 00:00:00-04:00,20.0,21.600000381469727,19.5,20.0,3780,0.0,0.0
2022-05-11 00:00:00-04:00,19.5,20.700000762939453,16.100000381469727,18.0,5900,0.0,0.0
2022-05-12 00:00:00-04:00,17.5,18.899999618530273,16.200000762939453,17.899999618530273,3350,0.0,0.0
2022-05-13 00:00:00-04:00,18.5,20.799999237060547,18.0,19.899999618530273,3630,0.0,0.0
2022-05-16 00:00:00-04:00,19.399999618530273,20.899999618530273,19.299999237060547,19.399999618530273,2160,0.0,0.0
2022-05-17 00:00:00-04:00,19.200000762939453,22.899999618530273,18.299999237060547,20.0,8500,0.0,0.0
2022-05-18 00:00:00-04:00,19.399999618530273,22.299999237060547,17.700000762939453,20.100000381469727,2510,0.0,0.0
2022-05-19 00:00:00-04:00,23.100000381469727,23.100000381469727,20.299999237060547,20.399999618530273,2660,0.0,0.0
2022-05-20 00:00:00-04:00,20.200000762939453,20.889999389648438,19.0,19.200000762939453,3450,0.0,0.0
2022-05-23 00:00:00-04:00,19.200000762939453,21.010000228881836,17.780000686645508,18.100000381469727,4740,0.0,0.0
2022-05-24 00:00:00-04:00,18.200000762939453,19.200000762939453,17.5,18.299999237060547,640,0.0,0.0
2022-05-25 00:00:00-04:00,17.899999618530273,19.399999618530273,17.200000762939453,19.0,880,0.0,0.0
2022-05-26 00:00:00-04:00,19.200000762939453,19.649999618530273,18.600000381469727,19.399999618530273,3080,0.0,0.0
2022-05-27 00:00:00-04:00,19.399999618530273,20.0,18.700000762939453,19.799999237060547,3760,0.0,0.0
2022-05-31 00:00:00-04:00,19.200000762939453,20.299999237060547,18.899999618530273,19.600000381469727,1860,0.0,0.0
2022-06-01 00:00:00-04:00,21.399999618530273,21.399999618530273,19.100000381469727,19.399999618530273,2260,0.0,0.0
2022-06-02 00:00:00-04:00,19.100000381469727,21.0,18.799999237060547,19.5,5220,0.0,0.0
2022-06-03 00:00:00-04:00,19.93000030517578,21.899999618530273,18.68000030517578,21.299999237060547,5490,0.0,0.0
2022-06-06 00:00:00-04:00,20.0,20.799999237060547,18.899999618530273,18.899999618530273,7020,0.0,0.0
2022-06-07 00:00:00-04:00,18.100000381469727,19.299999237060547,18.0,18.0,3770,0.0,0.0
2022-06-08 00:00:00-04:00,17.100000381469727,18.75,17.0,17.5,3450,0.0,0.0
2022-06-09 00:00:00-04:00,17.700000762939453,18.100000381469727,17.0,17.200000762939453,13240,0.0,0.0
2022-06-10 00:00:00-04:00,16.200000762939453,17.299999237060547,15.0,15.5,9500,0.0,0.0
2022-06-13 00:00:00-04:00,15.5,16.899999618530273,15.100000381469727,15.899999618530273,1730,0.0,0.0
2022-06-14 00:00:00-04:00,16.299999237060547,16.299999237060547,15.0,15.0,4910,0.0,0.0
2022-06-15 00:00:00-04:00,14.800000190734863,15.0,13.199999809265137,13.300000190734863,10470,0.0,0.0
2022-06-16 00:00:00-04:00,13.5,15.0,13.399999618530273,14.0,2760,0.0,0.0
2022-06-17 00:00:00-04:00,13.699999809265137,14.0,11.600000381469727,11.600000381469727,18320,0.0,0.0
2022-06-21 00:00:00-04:00,14.0,14.270000457763672,12.899999618530273,12.899999618530273,3070,0.0,0.0
2022-06-22 00:00:00-04:00,12.5,13.699999809265137,11.100000381469727,11.100000381469727,6900,0.0,0.0
2022-06-23 00:00:00-04:00,12.300000190734863,13.0,12.0,12.300000190734863,3540,0.0,0.0
2022-06-24 00:00:00-04:00,13.100000381469727,16.299999237060547,12.699999809265137,15.0,14660,0.0,0.0
2022-06-27 00:00:00-04:00,14.0,14.899999618530273,13.800000190734863,13.800000190734863,1810,0.0,0.0
2022-06-28 00:00:00-04:00,14.399999618530273,14.399999618530273,13.899999618530273,14.100000381469727,3040,0.0,0.0
2022-06-29 00:00:00-04:00,14.100000381469727,14.899999618530273,13.5,13.899999618530273,1630,0.0,0.0
2022-06-30 00:00:00-04:00,14.800000190734863,14.800000190734863,13.039999961853027,14.5,1460,0.0,0.0
2022-07-01 00:00:00-04:00,14.899999618530273,15.899999618530273,13.899999618530273,13.899999618530273,3800,0.0,0.0
2022-07-05 00:00:00-04:00,13.800000190734863,14.539999961853027,12.0,13.699999809265137,9910,0.0,0.0
2022-07-06 00:00:00-04:00,13.899999618530273,13.960000038146973,11.399999618530273,11.899999618530273,7670,0.0,0.0
2022-07-07 00:00:00-04:00,12.300000190734863,12.600000381469727,11.600000381469727,12.199999809265137,10600,0.0,0.0
2022-07-08 00:00:00-04:00,12.600000381469727,12.699999809265137,12.199999809265137,12.300000190734863,3750,0.0,0.0
2022-07-11 00:00:00-04:00,12.199999809265137,12.199999809265137,11.199999809265137,11.199999809265137,10580,0.0,0.0
2022-07-12 00:00:00-04:00,11.399999618530273,11.600000381469727,11.100000381469727,11.5,2150,0.0,0.0
2022-07-13 00:00:00-04:00,11.600000381469727,12.699999809265137,11.5,12.300000190734863,5500,0.0,0.0
2022-07-14 00:00:00-04:00,12.399999618530273,12.699999809265137,11.600000381469727,11.600000381469727,4630,0.0,0.0
2022-07-15 00:00:00-04:00,11.899999618530273,12.0,11.369999885559082,11.899999618530273,2100,0.0,0.0
2022-07-18 00:00:00-04:00,12.399999618530273,12.600000381469727,12.15999984741211,12.300000190734863,3590,0.0,0.0
2022-07-19 00:00:00-04:00,12.300000190734863,12.5,11.899999618530273,12.300000190734863,2300,0.0,0.0
2022-07-20 00:00:00-04:00,12.399999618530273,12.5,12.199999809265137,12.199999809265137,4890,0.0,0.0
2022-07-21 00:00:00-04:00,11.899999618530273,12.600000381469727,11.899999618530273,12.5,700,0.0,0.0
2022-07-22 00:00:00-04:00,12.5,12.600000381469727,12.199999809265137,12.300000190734863,3610,0.0,0.0
2022-07-25 00:00:00-04:00,12.5,12.5,11.800000190734863,11.800000190734863,1180,0.0,0.0
2022-07-26 00:00:00-04:00,11.800000190734863,12.5,11.800000190734863,11.800000190734863,3240,0.0,0.0
2022-07-27 00:00:00-04:00,11.859999656677246,12.199999809265137,11.4399995803833,12.0,3250,0.0,0.0
2022-07-28 00:00:00-04:00,12.100000381469727,12.399999618530273,11.199999809265137,11.199999809265137,2370,0.0,0.0
2022-07-29 00:00:00-04:00,11.699999809265137,11.899999618530273,10.699999809265137,10.800000190734863,4090,0.0,0.0
2022-08-01 00:00:00-04:00,11.600000381469727,11.600000381469727,10.0,10.899999618530273,3290,0.0,0.0
2022-08-02 00:00:00-04:00,11.399999618530273,11.399999618530273,10.600000381469727,11.300000190734863,3000,0.0,0.0
2022-08-03 00:00:00-04:00,11.800000190734863,11.800000190734863,11.100000381469727,11.5,3790,0.0,0.0
2022-08-04 00:00:00-04:00,11.100000381469727,12.5,11.100000381469727,12.0,10600,0.0,0.0
2022-08-05 00:00:00-04:00,12.5,12.5,11.600000381469727,11.899999618530273,4730,0.0,0.0
2022-08-08 00:00:00-04:00,12.5,12.5,11.800000190734863,12.399999618530273,8770,0.0,0.0
2022-08-09 00:00:00-04:00,12.399999618530273,12.5,11.5,11.5,3620,0.0,0.0
2022-08-10 00:00:00-04:00,11.699999809265137,11.699999809265137,10.100000381469727,11.199999809265137,5460,0.0,0.0
2022-08-11 00:00:00-04:00,12.300000190734863,12.300000190734863,10.899999618530273,11.199999809265137,4270,0.0,0.0
2022-08-12 00:00:00-04:00,11.199999809265137,11.5,11.100000381469727,11.199999809265137,2180,0.0,0.0
2022-08-15 00:00:00-04:00,12.100000381469727,12.5,11.199999809265137,12.0,3570,0.0,0.0
2022-08-16 00:00:00-04:00,11.5,11.760000228881836,10.699999809265137,11.600000381469727,7180,0.0,0.0
2022-08-17 00:00:00-04:00,11.600000381469727,11.800000190734863,11.100000381469727,11.100000381469727,1700,0.0,0.0
2022-08-18 00:00:00-04:00,11.300000190734863,11.899999618530273,10.890000343322754,11.300000190734863,1570,0.0,0.0
2022-08-19 00:00:00-04:00,11.0,11.369999885559082,10.600000381469727,10.699999809265137,2510,0.0,0.0
2022-08-22 00:00:00-04:00,10.800000190734863,10.800000190734863,10.0,10.149999618530273,5550,0.0,0.0
2022-08-23 00:00:00-04:00,9.5,9.5,9.300000190734863,9.449999809265137,6050,0.0,0.0
2022-08-24 00:00:00-04:00,9.449999809265137,9.5,7.5,9.199999809265137,11350,0.0,0.0
2022-08-25 00:00:00-04:00,8.920000076293945,9.600000381469727,8.550000190734863,9.600000381469727,4590,0.0,0.0
2022-08-26 00:00:00-04:00,8.699999809265137,9.59000015258789,8.600000381469727,8.789999961853027,5620,0.0,0.0
2022-08-29 00:00:00-04:00,8.9399995803833,9.199999809265137,8.0,8.5,5380,0.0,0.0
2022-08-30 00:00:00-04:00,9.0,9.1899995803833,7.760000228881836,7.900000095367432,3980,0.0,0.0
2022-08-31 00:00:00-04:00,8.199999809265137,8.199999809265137,6.599999904632568,7.0,17350,0.0,0.0
2022-09-01 00:00:00-04:00,7.559999942779541,7.559999942779541,6.5,7.130000114440918,3090,0.0,0.0
2022-09-02 00:00:00-04:00,7.079999923706055,7.559999942779541,6.699999809265137,6.989999771118164,4820,0.0,0.0
2022-09-06 00:00:00-04:00,7.25,7.25,6.429999828338623,6.699999809265137,3650,0.0,0.0
2022-09-07 00:00:00-04:00,6.5,7.369999885559082,6.429999828338623,6.809999942779541,5150,0.0,0.0
2022-09-08 00:00:00-04:00,6.800000190734863,7.090000152587891,6.429999828338623,6.550000190734863,8370,0.0,0.0
2022-09-09 00:00:00-04:00,6.710000038146973,7.210000038146973,6.210000038146973,6.800000190734863,10860,0.0,0.0
2022-09-12 00:00:00-04:00,7.139999866485596,7.570000171661377,6.610000133514404,7.03000020980835,17220,0.0,0.0
2022-09-13 00:00:00-04:00,7.099999904632568,7.400000095367432,6.800000190734863,7.110000133514404,5620,0.0,0.0
2022-09-14 00:00:00-04:00,7.75,7.75,6.789999961853027,7.0,4230,0.0,0.0
2022-09-15 00:00:00-04:00,7.199999809265137,8.710000038146973,6.800000190734863,8.260000228881836,13120,0.0,0.0
2022-09-16 00:00:00-04:00,8.8100004196167,8.8100004196167,8.0600004196167,8.600000381469727,13940,0.0,0.0
2022-09-19 00:00:00-04:00,8.34000015258789,8.75,8.069999694824219,8.600000381469727,4050,0.0,0.0
2022-09-20 00:00:00-04:00,8.34000015258789,9.0,6.53000020980835,7.570000171661377,6240,0.0,0.0
2022-09-21 00:00:00-04:00,7.980000019073486,8.0,6.699999809265137,6.880000114440918,4620,0.0,0.0
2022-09-22 00:00:00-04:00,6.949999809265137,7.210000038146973,6.489999771118164,6.579999923706055,4880,0.0,0.0
2022-09-23 00:00:00-04:00,6.929999828338623,7.0,6.400000095367432,6.800000190734863,6310,0.0,0.0
2022-09-26 00:00:00-04:00,7.0,8.600000381469727,6.800000190734863,7.829999923706055,4780,0.0,0.0
2022-09-27 00:00:00-04:00,7.650000095367432,7.800000190734863,7.090000152587891,7.099999904632568,4200,0.0,0.0
2022-09-28 00:00:00-04:00,7.199999809265137,7.570000171661377,6.829999923706055,7.070000171661377,9350,0.0,0.0
2022-09-29 00:00:00-04:00,6.900000095367432,7.5,6.590000152587891,6.71999979019165,12340,0.0,0.0
2022-09-30 00:00:00-04:00,7.300000190734863,8.0,6.860000133514404,7.010000228881836,2640,0.0,0.0
2022-10-03 00:00:00-04:00,7.5,7.699999809265137,7.099999904632568,7.5,4480,0.0,0.0
2022-10-04 00:00:00-04:00,7.940000057220459,8.0,7.650000095367432,7.699999809265137,41680,0.0,0.0
2022-10-05 00:00:00-04:00,8.0,9.5,7.929999828338623,8.539999961853027,37130,0.0,0.0
2022-10-06 00:00:00-04:00,8.699999809265137,9.300000190734863,8.449999809265137,8.800000190734863,7570,0.0,0.0
2022-10-07 00:00:00-04:00,8.699999809265137,10.899999618530273,8.5,9.800000190734863,15330,0.0,0.0
2022-10-10 00:00:00-04:00,9.300000190734863,9.5,7.75,7.800000190734863,10610,0.0,0.0
2022-10-11 00:00:00-04:00,8.0,8.449999809265137,7.579999923706055,8.300000190734863,4710,0.0,0.0
2022-10-12 00:00:00-04:00,8.359999656677246,8.359999656677246,7.699999809265137,8.0,680,0.0,0.0
2022-10-13 00:00:00-04:00,8.180000305175781,8.619999885559082,7.599999904632568,7.699999809265137,4220,0.0,0.0
2022-10-14 00:00:00-04:00,7.599999904632568,8.319999694824219,7.519999980926514,7.949999809265137,2110,0.0,0.0
2022-10-17 00:00:00-04:00,7.519999980926514,8.770000457763672,7.519999980926514,8.220000267028809,6240,0.0,0.0
2022-10-18 00:00:00-04:00,8.789999961853027,9.050000190734863,8.199999809265137,8.229999542236328,1930,0.0,0.0
2022-10-19 00:00:00-04:00,8.199999809265137,8.199999809265137,7.610000133514404,7.889999866485596,6070,0.0,0.0
2022-10-20 00:00:00-04:00,7.639999866485596,8.5,7.579999923706055,7.989999771118164,2680,0.0,0.0
2022-10-21 00:00:00-04:00,7.699999809265137,8.0,7.599999904632568,7.599999904632568,4150,0.0,0.0
2022-10-24 00:00:00-04:00,7.599999904632568,8.550000190734863,7.400000095367432,7.550000190734863,3490,0.0,0.0
2022-10-25 00:00:00-04:00,7.599999904632568,7.980000019073486,7.199999809265137,7.619999885559082,9480,0.0,0.0
2022-10-26 00:00:00-04:00,7.599999904632568,8.5,7.599999904632568,7.900000095367432,1890,0.0,0.0
2022-10-27 00:00:00-04:00,8.5,8.899999618530273,7.900000095367432,8.399999618530273,7730,0.0,0.0
2022-10-28 00:00:00-04:00,8.800000190734863,8.800000190734863,8.430000305175781,8.670000076293945,2230,0.0,0.0
2022-10-31 00:00:00-04:00,9.130000114440918,9.699999809265137,8.5,9.0,3440,0.0,0.0
2022-11-01 00:00:00-04:00,9.300000190734863,11.100000381469727,9.199999809265137,9.600000381469727,9000,0.0,0.0
2022-11-02 00:00:00-04:00,10.0,10.0,9.0,9.5,3280,0.0,0.0
2022-11-03 00:00:00-04:00,10.0,10.5,9.619999885559082,9.899999618530273,14400,0.0,0.0
2022-11-04 00:00:00-04:00,10.0,10.0,9.5,9.600000381469727,3790,0.0,0.0
2022-11-07 00:00:00-05:00,10.399999618530273,11.0,10.0,10.399999618530273,11170,0.0,0.0
2022-11-08 00:00:00-05:00,10.5,11.800000190734863,10.399999618530273,11.300000190734863,6400,0.0,0.0
2022-11-09 00:00:00-05:00,11.300000190734863,11.5,10.600000381469727,10.699999809265137,4340,0.0,0.0
2022-11-10 00:00:00-05:00,11.5,11.5,10.399999618530273,10.699999809265137,3920,0.0,0.0
2022-11-11 00:00:00-05:00,11.5,11.5,10.710000038146973,11.300000190734863,3310,0.0,0.0
2022-11-14 00:00:00-05:00,11.5,13.399999618530273,11.300000190734863,12.5,29920,0.0,0.0
2022-11-15 00:00:00-05:00,12.399999618530273,12.399999618530273,10.130000114440918,10.600000381469727,11260,0.0,0.0
2022-11-16 00:00:00-05:00,11.5,11.5,10.300000190734863,10.5,9990,0.0,0.0
2022-11-17 00:00:00-05:00,10.399999618530273,11.199999809265137,10.399999618530273,11.0,4940,0.0,0.0
2022-11-18 00:00:00-05:00,11.199999809265137,12.300000190734863,11.199999809265137,12.0,4340,0.0,0.0
2022-11-21 00:00:00-05:00,12.100000381469727,12.399999618530273,10.5,10.899999618530273,5250,0.0,0.0
2022-11-22 00:00:00-05:00,11.0,11.899999618530273,10.399999618530273,10.800000190734863,5990,0.0,0.0
2022-11-23 00:00:00-05:00,11.0,11.300000190734863,10.300000190734863,10.350000381469727,5280,0.0,0.0
2022-11-25 00:00:00-05:00,10.600000381469727,10.699999809265137,10.350000381469727,10.5,450,0.0,0.0
2022-11-28 00:00:00-05:00,10.5,10.899999618530273,10.449999809265137,10.5,3890,0.0,0.0
2022-11-29 00:00:00-05:00,11.300000190734863,11.300000190734863,10.300000190734863,10.699999809265137,6150,0.0,0.0
2022-11-30 00:00:00-05:00,11.399999618530273,11.399999618530273,10.699999809265137,10.800000190734863,4480,0.0,0.0
2022-12-01 00:00:00-05:00,11.0,11.0,10.399999618530273,10.399999618530273,5140,0.0,0.0
2022-12-02 00:00:00-05:00,10.5,11.5,10.399999618530273,11.300000190734863,3750,0.0,0.0
2022-12-05 00:00:00-05:00,11.5,11.5,10.5,10.699999809265137,6450,0.0,0.0
2022-12-06 00:00:00-05:00,10.699999809265137,10.739999771118164,10.0,10.5,6380,0.0,0.0
2022-12-07 00:00:00-05:00,10.199999809265137,10.25,9.5,9.819999694824219,4530,0.0,0.0
2022-12-08 00:00:00-05:00,10.0,10.550000190734863,9.510000228881836,9.960000038146973,5500,0.0,0.0
2022-12-09 00:00:00-05:00,10.100000381469727,10.600000381469727,9.5,9.609999656677246,5250,0.0,0.0
2022-12-12 00:00:00-05:00,9.600000381469727,10.100000381469727,9.5,9.609999656677246,2670,0.0,0.0
2022-12-13 00:00:00-05:00,10.0,10.300000190734863,9.279999732971191,10.0,3740,0.0,0.0
2022-12-14 00:00:00-05:00,10.010000228881836,10.010000228881836,9.600000381469727,9.800000190734863,2430,0.0,0.0
2022-12-15 00:00:00-05:00,9.800000190734863,10.0,9.199999809265137,9.199999809265137,7560,0.0,0.0
2022-12-16 00:00:00-05:00,8.789999961853027,9.5,8.039999961853027,8.630000114440918,17040,0.0,0.0
2022-12-19 00:00:00-05:00,9.100000381469727,9.5,8.0,8.100000381469727,5900,0.0,0.0
2022-12-20 00:00:00-05:00,8.600000381469727,8.600000381469727,8.0,8.100000381469727,3600,0.0,0.0
2022-12-21 00:00:00-05:00,7.900000095367432,8.600000381469727,7.199999809265137,7.269999980926514,8380,0.0,0.0
2022-12-22 00:00:00-05:00,7.800000190734863,7.800000190734863,6.900000095367432,6.900000095367432,2440,0.0,0.0
2022-12-23 00:00:00-05:00,7.0,7.400000095367432,5.800000190734863,6.900000095367432,10820,0.0,0.0
2022-12-27 00:00:00-05:00,6.690000057220459,6.900000095367432,6.5,6.5,5130,0.0,0.0
2022-12-28 00:00:00-05:00,6.369999885559082,6.5,5.400000095367432,5.429999828338623,24220,0.0,0.0
2022-12-29 00:00:00-05:00,5.5,6.460000038146973,5.0,5.800000190734863,26030,0.0,0.0
2022-12-30 00:00:00-05:00,5.409999847412109,6.170000076293945,5.409999847412109,5.900000095367432,9690,0.0,0.0
2023-01-03 00:00:00-05:00,6.630000114440918,7.670000076293945,6.300000190734863,6.5,13040,0.0,0.0
2023-01-04 00:00:00-05:00,7.110000133514404,7.110000133514404,5.900000095367432,6.0,5170,0.0,0.0
2023-01-05 00:00:00-05:00,6.099999904632568,7.0,6.0,6.150000095367432,9010,0.0,0.0
2023-01-06 00:00:00-05:00,6.0,6.150000095367432,6.0,6.099999904632568,2640,0.0,0.0
2023-01-09 00:00:00-05:00,6.610000133514404,6.800000190734863,6.28000020980835,6.800000190734863,9300,0.0,0.0
2023-01-10 00:00:00-05:00,7.199999809265137,7.46999979019165,6.139999866485596,6.659999847412109,6910,0.0,0.0
2023-01-11 00:00:00-05:00,7.179999828338623,7.5,6.940000057220459,7.349999904632568,7890,0.0,0.0
2023-01-12 00:00:00-05:00,8.289999961853027,8.5,7.360000133514404,7.400000095367432,5190,0.0,0.0
2023-01-13 00:00:00-05:00,7.599999904632568,7.699999809265137,7.199999809265137,7.440000057220459,4060,0.0,0.0
2023-01-17 00:00:00-05:00,7.699999809265137,8.300000190734863,7.25,7.289999961853027,6960,0.0,0.0
2023-01-18 00:00:00-05:00,7.690000057220459,8.0,7.210000038146973,7.289999961853027,12840,0.0,0.0
2023-01-19 00:00:00-05:00,7.289999961853027,7.369999885559082,6.550000190734863,7.03000020980835,5850,0.0,0.0
2023-01-20 00:00:00-05:00,7.75,7.75,6.949999809265137,7.300000190734863,3310,0.0,0.0
2023-01-23 00:00:00-05:00,6.989999771118164,7.400000095367432,6.989999771118164,7.019999980926514,2050,0.0,0.0
2023-01-24 00:00:00-05:00,7.239999771118164,7.599999904632568,7.0,7.28000020980835,3570,0.0,0.0
2023-01-25 00:00:00-05:00,7.0,7.300000190734863,6.550000190734863,7.0,3700,0.0,0.0
2023-01-26 00:00:00-05:00,7.0,7.0,6.5,6.699999809265137,1260,0.0,0.0
2023-01-27 00:00:00-05:00,7.0,7.0,6.449999809265137,6.71999979019165,3500,0.0,0.0
2023-01-30 00:00:00-05:00,6.599999904632568,7.0,6.599999904632568,6.800000190734863,2160,0.0,0.0
2023-01-31 00:00:00-05:00,7.019999980926514,7.5,6.789999961853027,6.789999961853027,7020,0.0,0.0
2023-02-01 00:00:00-05:00,6.900000095367432,7.179999828338623,6.699999809265137,7.010000228881836,2550,0.0,0.0
2023-02-02 00:00:00-05:00,7.5,7.5,6.800000190734863,7.369999885559082,3590,0.0,0.0
2023-02-03 00:00:00-05:00,7.400000095367432,7.699999809265137,6.880000114440918,6.900000095367432,3790,0.0,0.0
2023-02-06 00:00:00-05:00,6.989999771118164,7.389999866485596,6.900000095367432,7.300000190734863,1520,0.0,0.0
2023-02-07 00:00:00-05:00,7.010000228881836,7.389999866485596,6.909999847412109,7.170000076293945,3410,0.0,0.0
2023-02-08 00:00:00-05:00,7.199999809265137,7.25,6.75,7.210000038146973,4070,0.0,0.0
2023-02-09 00:00:00-05:00,7.5,7.5,6.800000190734863,7.139999866485596,2390,0.0,0.0
2023-02-10 00:00:00-05:00,7.139999866485596,7.5,6.900000095367432,7.5,1760,0.0,0.0
2023-02-13 00:00:00-05:00,6.900000095367432,7.400000095367432,6.800000190734863,7.0,1180,0.0,0.0
2023-02-14 00:00:00-05:00,7.5,7.5,6.300000190734863,6.429999828338623,7140,0.0,0.0
2023-02-15 00:00:00-05:00,7.0,7.0,6.630000114440918,6.630000114440918,3400,0.0,0.0
2023-02-16 00:00:00-05:00,7.070000171661377,7.070000171661377,6.599999904632568,6.599999904632568,2840,0.0,0.0
2023-02-17 00:00:00-05:00,6.300000190734863,6.929999828338623,6.300000190734863,6.929999828338623,1550,0.0,0.0
2023-02-21 00:00:00-05:00,6.300000190734863,7.0,6.300000190734863,6.5,950,0.0,0.0
2023-02-22 00:00:00-05:00,6.5,6.989999771118164,6.380000114440918,6.699999809265137,2410,0.0,0.0
2023-02-23 00:00:00-05:00,7.289999961853027,7.289999961853027,6.420000076293945,6.900000095367432,4370,0.0,0.0
2023-02-24 00:00:00-05:00,6.409999847412109,6.900000095367432,6.400000095367432,6.400000095367432,630,0.0,0.0
2023-02-27 00:00:00-05:00,6.480000019073486,6.900000095367432,6.300000190734863,6.900000095367432,390,0.0,0.0
2023-02-28 00:00:00-05:00,6.5,6.840000152587891,6.400000095367432,6.5,1090,0.0,0.0
2023-03-01 00:00:00-05:00,6.5,6.75,6.5,6.539999961853027,610,0.0,0.0
2023-03-02 00:00:00-05:00,6.800000190734863,6.800000190734863,6.510000228881836,6.800000190734863,1590,0.0,0.0
2023-03-03 00:00:00-05:00,6.400000095367432,6.699999809265137,6.400000095367432,6.699999809265137,1440,0.0,0.0
2023-03-06 00:00:00-05:00,6.400000095367432,6.559999942779541,6.0,6.199999809265137,3500,0.0,0.0
2023-03-07 00:00:00-05:00,6.699999809265137,6.699999809265137,6.119999885559082,6.139999866485596,1600,0.0,0.0
2023-03-08 00:00:00-05:00,6.0,6.300000190734863,5.599999904632568,5.989999771118164,6800,0.0,0.0
2023-03-09 00:00:00-05:00,5.699999809265137,6.079999923706055,5.699999809265137,5.800000190734863,2040,0.0,0.0
2023-03-10 00:00:00-05:00,5.800000190734863,6.0,5.5,5.570000171661377,2800,0.0,0.0
2023-03-13 00:00:00-04:00,5.5,5.900000095367432,5.349999904632568,5.670000076293945,1320,0.0,0.0
2023-03-14 00:00:00-04:00,5.820000171661377,6.0,5.349999904632568,5.349999904632568,1910,0.0,0.0
2023-03-15 00:00:00-04:00,5.5,5.519999980926514,5.099999904632568,5.099999904632568,3510,0.0,0.0
2023-03-16 00:00:00-04:00,5.099999904632568,6.0,5.099999904632568,5.099999904632568,1580,0.0,0.0
2023-03-17 00:00:00-04:00,5.130000114440918,6.0,5.099999904632568,5.110000133514404,6470,0.0,0.0
2023-03-20 00:00:00-04:00,5.25,6.0,5.199999809265137,5.199999809265137,660,0.0,0.0
2023-03-21 00:00:00-04:00,6.0,6.0,5.199999809265137,5.199999809265137,1520,0.0,0.0
2023-03-22 00:00:00-04:00,5.099999904632568,5.960000038146973,5.099999904632568,5.099999904632568,2010,0.0,0.0
2023-03-23 00:00:00-04:00,5.360000133514404,5.400000095367432,5.0,5.0,5090,0.0,0.0
2023-03-24 00:00:00-04:00,5.099999904632568,5.199999809265137,4.699999809265137,4.980000019073486,1890,0.0,0.0
2023-03-27 00:00:00-04:00,4.96999979019165,4.96999979019165,4.610000133514404,4.690000057220459,4590,0.0,0.0
2023-03-28 00:00:00-04:00,4.699999809265137,4.699999809265137,4.369999885559082,4.5,15370,0.0,0.0
2023-03-29 00:00:00-04:00,4.5,4.570000171661377,4.0,4.179999828338623,8140,0.0,0.0
2023-03-30 00:00:00-04:00,4.269999980926514,4.269999980926514,4.0,4.190000057220459,5010,0.0,0.0
2023-03-31 00:00:00-04:00,4.300000190734863,4.489999771118164,4.0,4.400000095367432,10650,0.0,0.0
2023-04-03 00:00:00-04:00,5.0,5.0,4.400000095367432,4.650000095367432,7680,0.0,0.0
2023-04-04 00:00:00-04:00,4.400000095367432,4.840000152587891,4.400000095367432,4.840000152587891,5640,0.0,0.0
2023-04-05 00:00:00-04:00,4.539999961853027,4.849999904632568,4.199999809265137,4.400000095367432,4480,0.0,0.0
2023-04-06 00:00:00-04:00,4.400000095367432,4.400000095367432,4.099999904632568,4.110000133514404,1890,0.0,0.0
2023-04-10 00:00:00-04:00,4.110000133514404,4.110000133514404,3.6600000858306885,4.110000133514404,4290,0.0,0.0
2023-04-11 00:00:00-04:00,4.110000133514404,4.159999847412109,3.799999952316284,4.110000133514404,12410,0.0,0.0
2023-04-12 00:00:00-04:00,4.199999809265137,4.199999809265137,3.799999952316284,3.799999952316284,930,0.0,0.0
2023-04-13 00:00:00-04:00,6.900000095367432,8.199999809265137,6.300000190734863,7.590000152587891,2621000,0.0,0.0
2023-04-14 00:00:00-04:00,6.300000190734863,7.800000190734863,6.0,7.260000228881836,216540,0.0,0.0
2023-04-17 00:00:00-04:00,7.199999809265137,7.929999828338623,6.5,7.699999809265137,97350,0.0,0.0
2023-04-18 00:00:00-04:00,8.800000190734863,14.5,8.600000381469727,10.899999618530273,3712920,0.0,0.0
2023-04-19 00:00:00-04:00,9.279999732971191,9.899999618530273,8.399999618530273,9.699999809265137,163330,0.0,0.0
2023-04-20 00:00:00-04:00,9.5,9.600000381469727,8.699999809265137,9.3100004196167,55230,0.0,0.0
2023-04-21 00:00:00-04:00,9.0,9.0,7.599999904632568,7.900000095367432,52150,0.0,0.0
2023-04-24 00:00:00-04:00,8.100000381469727,8.100000381469727,7.03000020980835,7.369999885559082,33510,0.0,0.0
2023-04-25 00:00:00-04:00,7.400000095367432,8.100000381469727,6.5,7.75,38730,0.0,0.0
2023-04-26 00:00:00-04:00,8.0,8.0,6.599999904632568,7.21999979019165,62310,0.0,0.0
2023-04-27 00:00:00-04:00,7.5,9.800000190734863,7.260000228881836,9.0,88990,0.0,0.0
2023-04-28 00:00:00-04:00,8.90999984741211,9.699999809265137,8.5,8.979999542236328,48970,0.0,0.0
2023-05-01 00:00:00-04:00,8.989999771118164,9.199999809265137,8.569999694824219,8.800000190734863,18700,0.0,0.0
2023-05-02 00:00:00-04:00,8.539999961853027,8.539999961853027,8.199999809265137,8.369999885559082,11130,0.0,0.0
2023-05-03 00:00:00-04:00,8.25,8.770000457763672,8.0,8.699999809265137,16560,0.0,0.0
2023-05-04 00:00:00-04:00,9.699999809265137,11.899999618530273,8.199999809265137,9.0,913290,0.0,0.0
2023-05-05 00:00:00-04:00,8.40999984741211,9.0,8.1899995803833,8.6899995803833,54350,0.0,0.0
2023-05-08 00:00:00-04:00,8.680000305175781,10.0,8.5,9.800000190734863,43800,0.0,0.0
2023-05-09 00:00:00-04:00,9.489999771118164,10.0,8.800000190734863,9.1899995803833,23410,0.0,0.0
2023-05-10 00:00:00-04:00,9.100000381469727,9.699999809265137,9.100000381469727,9.479999542236328,19000,0.0,0.0
2023-05-11 00:00:00-04:00,9.399999618530273,9.699999809265137,9.100000381469727,9.460000038146973,6170,0.0,0.0
2023-05-12 00:00:00-04:00,9.699999809265137,9.800000190734863,8.800000190734863,9.260000228881836,25370,0.0,0.0
2023-05-15 00:00:00-04:00,9.0,9.300000190734863,8.5,8.800000190734863,11200,0.0,0.0
2023-05-16 00:00:00-04:00,8.699999809265137,8.699999809265137,7.5,7.800000190734863,23140,0.0,0.0
2023-05-17 00:00:00-04:00,8.510000228881836,8.510000228881836,7.949999809265137,8.510000228881836,13120,0.0,0.0
2023-05-18 00:00:00-04:00,8.350000381469727,8.899999618530273,8.350000381469727,8.550000190734863,4840,0.0,0.0
2023-05-19 00:00:00-04:00,8.199999809265137,8.899999618530273,8.09000015258789,8.539999961853027,10730,0.0,0.0
2023-05-22 00:00:00-04:00,8.710000038146973,9.399999618530273,8.220000267028809,9.0,8630,0.0,0.0
2023-05-23 00:00:00-04:00,9.100000381469727,9.100000381469727,8.010000228881836,8.869999885559082,3820,0.0,0.0
2023-05-24 00:00:00-04:00,8.979999542236328,9.0,8.5,9.0,2830,0.0,0.0
2023-05-25 00:00:00-04:00,9.100000381469727,9.100000381469727,8.300000190734863,8.5,4970,0.0,0.0
2023-05-26 00:00:00-04:00,8.600000381469727,8.869999885559082,8.40999984741211,8.800000190734863,4480,0.0,0.0
2023-05-30 00:00:00-04:00,8.699999809265137,9.100000381469727,8.199999809265137,9.050000190734863,6520,0.0,0.0
2023-05-31 00:00:00-04:00,8.779999732971191,9.300000190734863,8.600000381469727,8.899999618530273,5330,0.0,0.0
2023-06-01 00:00:00-04:00,9.0,9.300000190734863,8.84000015258789,9.100000381469727,7310,0.0,0.0
2023-06-02 00:00:00-04:00,9.100000381469727,9.199999809265137,8.800000190734863,9.170000076293945,3580,0.0,0.0
2023-06-05 00:00:00-04:00,9.199999809265137,9.399999618530273,8.84000015258789,9.399999618530273,4790,0.0,0.0
2023-06-06 00:00:00-04:00,9.199999809265137,9.5,9.0,9.5,10700,0.0,0.0
2023-06-07 00:00:00-04:00,9.5,9.800000190734863,9.199999809265137,9.600000381469727,9060,0.0,0.0
2023-06-08 00:00:00-04:00,9.199999809265137,9.5,8.859999656677246,9.210000038146973,6230,0.0,0.0
2023-06-09 00:00:00-04:00,9.199999809265137,9.5,9.0,9.100000381469727,3320,0.0,0.0
2023-06-12 00:00:00-04:00,9.100000381469727,9.300000190734863,8.800000190734863,9.050000190734863,7360,0.0,0.0
2023-06-13 00:00:00-04:00,9.0,9.199999809265137,8.539999961853027,8.75,10970,0.0,0.0
2023-06-14 00:00:00-04:00,8.75,9.100000381469727,8.699999809265137,8.770000457763672,4350,0.0,0.0
2023-06-15 00:00:00-04:00,9.0,9.100000381469727,8.699999809265137,9.050000190734863,4170,0.0,0.0
2023-06-16 00:00:00-04:00,9.0,9.130000114440918,8.699999809265137,8.699999809265137,7040,0.0,0.0
2023-06-20 00:00:00-04:00,9.140000343322754,9.140000343322754,8.800000190734863,8.800000190734863,7520,0.0,0.0
2023-06-21 00:00:00-04:00,8.699999809265137,8.800000190734863,8.199999809265137,8.59000015258789,32460,0.0,0.0
2023-06-22 00:00:00-04:00,8.399999618530273,9.300000190734863,8.0,8.579999923706055,41010,0.0,0.0
2023-06-23 00:00:00-04:00,8.319999694824219,9.399999618530273,8.100000381469727,8.100000381469727,27190,0.0,0.0
2023-06-26 00:00:00-04:00,8.199999809265137,8.399999618530273,7.5,7.5,15430,0.0,0.0
2023-06-27 00:00:00-04:00,7.320000171661377,7.699999809265137,7.0,7.550000190734863,12630,0.0,0.0
2023-06-28 00:00:00-04:00,7.329999923706055,7.849999904632568,7.099999904632568,7.5,5540,0.0,0.0
2023-06-29 00:00:00-04:00,7.769999980926514,8.300000190734863,7.599999904632568,7.730000019073486,3240,0.0,0.0
2023-06-30 00:00:00-04:00,7.880000114440918,8.300000190734863,7.800000190734863,8.300000190734863,3560,0.0,0.0
2023-07-03 00:00:00-04:00,7.900000095367432,8.300000190734863,7.599999904632568,8.300000190734863,1360,0.0,0.0
2023-07-05 00:00:00-04:00,7.980000019073486,8.399999618530273,7.570000171661377,8.0,4890,0.0,0.0
2023-07-06 00:00:00-04:00,8.0,8.09000015258789,7.699999809265137,7.699999809265137,1240,0.0,0.0
2023-07-07 00:00:00-04:00,7.320000171661377,8.600000381469727,7.320000171661377,8.5600004196167,12810,0.0,0.0
2023-07-10 00:00:00-04:00,8.800000190734863,9.0,8.199999809265137,8.829999923706055,3670,0.0,0.0
2023-07-11 00:00:00-04:00,8.40999984741211,9.0,8.350000381469727,8.5,2600,0.0,0.0
2023-07-12 00:00:00-04:00,8.4399995803833,9.0,8.40999984741211,8.899999618530273,4960,0.0,0.0
2023-07-13 00:00:00-04:00,8.510000228881836,9.199999809265137,8.510000228881836,8.979999542236328,3510,0.0,0.0
2023-07-14 00:00:00-04:00,9.149999618530273,9.149999618530273,8.670000076293945,8.670000076293945,1710,0.0,0.0
2023-07-17 00:00:00-04:00,8.670000076293945,9.0,8.399999618530273,8.5,7680,0.0,0.0
2023-07-18 00:00:00-04:00,9.0,9.0,8.5,8.890000343322754,3180,0.0,0.0
2023-07-19 00:00:00-04:00,8.5,9.0,8.5,8.600000381469727,1340,0.0,0.0
2023-07-20 00:00:00-04:00,9.0,9.0,8.5,8.5,1930,0.0,0.0
2023-07-21 00:00:00-04:00,8.5,8.899999618530273,8.5,8.5,2750,0.0,0.0
2023-07-24 00:00:00-04:00,8.5,8.65999984741211,7.0,8.09000015258789,9240,0.0,0.0
2023-07-25 00:00:00-04:00,8.40999984741211,8.600000381469727,7.710000038146973,7.710000038146973,3110,0.0,0.0
2023-07-26 00:00:00-04:00,7.960000038146973,8.5,7.440000057220459,8.390000343322754,960,0.0,0.0
2023-07-27 00:00:00-04:00,8.390000343322754,8.670000076293945,7.599999904632568,8.479999542236328,1750,0.0,0.0
2023-07-28 00:00:00-04:00,7.800000190734863,8.40999984741211,7.800000190734863,8.40999984741211,4150,0.0,0.0
2023-07-31 00:00:00-04:00,8.319999694824219,8.5,7.869999885559082,8.100000381469727,1830,0.0,0.0
2023-08-01 00:00:00-04:00,8.0,8.5,8.0,8.5,1820,0.0,0.0
2023-08-02 00:00:00-04:00,8.199999809265137,8.489999771118164,7.860000133514404,8.4399995803833,1460,0.0,0.0
2023-08-03 00:00:00-04:00,8.25,8.399999618530273,7.809999942779541,7.809999942779541,1860,0.0,0.0
2023-08-04 00:00:00-04:00,7.949999809265137,8.220000267028809,7.849999904632568,7.900000095367432,1300,0.0,0.0
2023-08-07 00:00:00-04:00,7.800000190734863,8.199999809265137,7.5,7.5,2800,0.0,0.0
2023-08-08 00:00:00-04:00,7.829999923706055,8.199999809265137,7.5,7.510000228881836,2080,0.0,0.0
2023-08-09 00:00:00-04:00,7.659999847412109,8.109999656677246,7.5,7.550000190734863,3130,0.0,0.0
2023-08-10 00:00:00-04:00,7.699999809265137,8.0,7.599999904632568,8.0,670,0.0,0.0
2023-08-11 00:00:00-04:00,7.559999942779541,8.100000381469727,7.550000190734863,7.690000057220459,3410,0.0,0.0
2023-08-14 00:00:00-04:00,7.78000020980835,7.849999904632568,7.5,7.78000020980835,2410,0.0,0.0
2023-08-15 00:00:00-04:00,7.570000171661377,8.0,7.5,7.900000095367432,2260,0.0,0.0
2023-08-16 00:00:00-04:00,7.599999904632568,8.0,7.5,7.889999866485596,2730,0.0,0.0
2023-08-17 00:00:00-04:00,7.949999809265137,8.199999809265137,7.789999961853027,8.100000381469727,2170,0.0,0.0
2023-08-18 00:00:00-04:00,7.619999885559082,8.09000015258789,7.5,7.610000133514404,1150,0.0,0.0
2023-08-21 00:00:00-04:00,8.300000190734863,8.300000190734863,7.300000190734863,7.900000095367432,6320,0.0,0.0
2023-08-22 00:00:00-04:00,7.510000228881836,8.0,7.300000190734863,7.579999923706055,4150,0.0,0.0
2023-08-23 00:00:00-04:00,7.889999866485596,7.900000095367432,7.369999885559082,7.599999904632568,3440,0.0,0.0
2023-08-24 00:00:00-04:00,7.409999847412109,7.409999847412109,7.0,7.199999809265137,5280,0.0,0.0
2023-08-25 00:00:00-04:00,7.0,7.409999847412109,6.699999809265137,6.699999809265137,4020,0.0,0.0
2023-08-28 00:00:00-04:00,6.679999828338623,6.699999809265137,5.599999904632568,6.079999923706055,9410,0.0,0.0
2023-08-29 00:00:00-04:00,5.980000019073486,6.900000095367432,5.789999961853027,6.829999923706055,3100,0.0,0.0
2023-08-30 00:00:00-04:00,6.829999923706055,7.199999809265137,6.429999828338623,7.199999809265137,3220,0.0,0.0
2023-08-31 00:00:00-04:00,6.96999979019165,7.550000190734863,6.96999979019165,7.199999809265137,5110,0.0,0.0
2023-09-01 00:00:00-04:00,7.550000190734863,7.690000057220459,6.889999866485596,7.329999923706055,960,0.0,0.0
2023-09-05 00:00:00-04:00,7.400000095367432,7.869999885559082,6.900000095367432,6.900000095367432,3620,0.0,0.0
2023-09-06 00:00:00-04:00,7.150000095367432,7.389999866485596,6.650000095367432,6.650000095367432,1180,0.0,0.0
2023-09-07 00:00:00-04:00,6.900000095367432,7.190000057220459,6.599999904632568,6.900000095367432,1550,0.0,0.0
2023-09-08 00:00:00-04:00,6.699999809265137,7.099999904632568,6.099999904632568,6.099999904632568,1290,0.0,0.0
2023-09-11 00:00:00-04:00,6.199999809265137,6.699999809265137,6.099999904632568,6.110000133514404,2210,0.0,0.0
2023-09-12 00:00:00-04:00,6.079999923706055,6.5,6.079999923706055,6.110000133514404,780,0.0,0.0
2023-09-13 00:00:00-04:00,6.099999904632568,6.300000190734863,6.019999980926514,6.019999980926514,1310,0.0,0.0
2023-09-14 00:00:00-04:00,6.300000190734863,6.300000190734863,5.699999809265137,5.96999979019165,2320,0.0,0.0
2023-09-15 00:00:00-04:00,6.0,6.5,5.590000152587891,6.5,13720,0.0,0.0
2023-09-18 00:00:00-04:00,5.679999828338623,6.110000133514404,5.679999828338623,5.96999979019165,1730,0.0,0.0
2023-09-19 00:00:00-04:00,6.099999904632568,6.099999904632568,5.699999809265137,5.920000076293945,1770,0.0,0.0
2023-09-20 00:00:00-04:00,5.550000190734863,5.900000095367432,5.550000190734863,5.800000190734863,1480,0.0,0.0
2023-09-21 00:00:00-04:00,5.610000133514404,5.699999809265137,5.099999904632568,5.639999866485596,5700,0.0,0.0
2023-09-22 00:00:00-04:00,5.730000019073486,5.800000190734863,5.400000095367432,5.46999979019165,520,0.0,0.0
2023-09-25 00:00:00-04:00,5.599999904632568,5.800000190734863,5.300000190734863,5.309999942779541,1410,0.0,0.0
2023-09-26 00:00:00-04:00,5.599999904632568,5.800000190734863,5.090000152587891,5.110000133514404,2860,0.0,0.0
2023-09-27 00:00:00-04:00,5.300000190734863,5.309999942779541,4.099999904632568,4.679999828338623,5730,0.0,0.0
2023-09-28 00:00:00-04:00,4.5,5.699999809265137,4.199999809265137,5.25,11160,0.0,0.0
2023-09-29 00:00:00-04:00,6.0,6.380000114440918,5.599999904632568,6.300000190734863,2780,0.0,0.0
2023-10-02 00:00:00-04:00,6.400000095367432,7.199999809265137,6.300000190734863,6.599999904632568,29880,0.0,0.0
2023-10-03 00:00:00-04:00,6.5,7.0,6.300000190734863,6.699999809265137,9100,0.0,0.0
2023-10-04 00:00:00-04:00,6.880000114440918,7.289999961853027,6.0,7.090000152587891,8220,0.0,0.0
2023-10-05 00:00:00-04:00,6.96999979019165,7.25,6.28000020980835,6.820000171661377,1160,0.0,0.0
2023-10-06 00:00:00-04:00,6.5,6.619999885559082,5.880000114440918,6.599999904632568,2760,0.0,0.0
2023-10-09 00:00:00-04:00,6.699999809265137,7.300000190734863,6.599999904632568,7.090000152587891,1000,0.0,0.0
2023-10-10 00:00:00-04:00,7.300000190734863,7.5,6.550000190734863,7.5,1190,0.0,0.0
2023-10-11 00:00:00-04:00,7.0,7.489999771118164,6.699999809265137,6.929999828338623,2660,0.0,0.0
2023-10-12 00:00:00-04:00,6.929999828338623,7.199999809265137,6.829999923706055,7.199999809265137,1410,0.0,0.0
2023-10-13 00:00:00-04:00,7.050000190734863,7.5,6.849999904632568,7.019999980926514,810,0.0,0.0
2023-10-16 00:00:00-04:00,7.0,7.699999809265137,6.829999923706055,7.0,9740,0.0,0.0
2023-10-17 00:00:00-04:00,7.239999771118164,7.690000057220459,6.909999847412109,6.909999847412109,3230,0.0,0.0
2023-10-18 00:00:00-04:00,7.0,7.059999942779541,6.199999809265137,6.210000038146973,4930,0.0,0.0
2023-10-19 00:00:00-04:00,6.900000095367432,8.0,6.900000095367432,7.980000019073486,14300,0.0,0.0
2023-10-20 00:00:00-04:00,7.900000095367432,9.699999809265137,7.019999980926514,9.59000015258789,15740,0.0,0.0
2023-10-23 00:00:00-04:00,9.300000190734863,9.699999809265137,8.770000457763672,9.699999809265137,5420,0.0,0.0
2023-10-24 00:00:00-04:00,9.699999809265137,9.899999618530273,9.5,9.800000190734863,10210,0.0,0.0
2023-10-25 00:00:00-04:00,9.5,9.850000381469727,9.5,9.5,3850,0.0,0.0
2023-10-26 00:00:00-04:00,9.5,9.739999771118164,9.5,9.5,2890,0.0,0.0
2023-10-27 00:00:00-04:00,9.600000381469727,9.899999618530273,9.5,9.800000190734863,9510,0.0,0.0
2023-10-30 00:00:00-04:00,9.800000190734863,10.5,9.800000190734863,10.050000190734863,6620,0.0,0.0
2023-10-31 00:00:00-04:00,9.680000305175781,10.300000190734863,9.680000305175781,10.0,16430,0.0,0.0
2023-11-01 00:00:00-04:00,10.0,10.0,9.800000190734863,10.0,3280,0.0,0.0
2023-11-02 00:00:00-04:00,9.989999771118164,10.0,9.800000190734863,10.0,15290,0.0,0.0
2023-11-03 00:00:00-04:00,10.0,10.0,9.800000190734863,9.899999618530273,3140,0.0,0.0
2023-11-06 00:00:00-05:00,9.800000190734863,10.0,9.75,9.979999542236328,4570,0.0,0.0
2023-11-07 00:00:00-05:00,9.979999542236328,9.979999542236328,8.180000305175781,9.899999618530273,9500,0.0,0.0
2023-11-08 00:00:00-05:00,9.300000190734863,9.699999809265137,9.199999809265137,9.649999618530273,1580,0.0,0.0
2023-11-09 00:00:00-05:00,9.600000381469727,9.600000381469727,9.300000190734863,9.600000381469727,660,0.0,0.0
2023-11-10 00:00:00-05:00,9.600000381469727,9.699999809265137,9.199999809265137,9.699999809265137,2460,0.0,0.0
2023-11-13 00:00:00-05:00,9.699999809265137,9.699999809265137,9.199999809265137,9.300000190734863,950,0.0,0.0
2023-11-14 00:00:00-05:00,9.300000190734863,9.399999618530273,9.100000381469727,9.100000381469727,1830,0.0,0.0
2023-11-15 00:00:00-05:00,9.100000381469727,9.4399995803833,9.100000381469727,9.100000381469727,2680,0.0,0.0
2023-11-16 00:00:00-05:00,6.300000190734863,9.199999809265137,6.300000190734863,9.0,16270,0.0,0.0
2023-11-17 00:00:00-05:00,8.800000190734863,8.800000190734863,6.300000190734863,8.489999771118164,8700,0.0,0.0
2023-11-20 00:00:00-05:00,8.239999771118164,8.5,7.5,8.34000015258789,1380,0.0,0.0
2023-11-21 00:00:00-05:00,7.860000133514404,9.479999542236328,7.860000133514404,8.819999694824219,7260,0.0,0.0
2023-11-22 00:00:00-05:00,8.600000381469727,9.569999694824219,8.600000381469727,9.399999618530273,2290,0.0,0.0
2023-11-24 00:00:00-05:00,9.100000381469727,9.609999656677246,9.0,9.0,2990,0.0,0.0
2023-11-27 00:00:00-05:00,9.699999809265137,9.699999809265137,8.800000190734863,8.800000190734863,3180,0.0,0.0
2023-11-28 00:00:00-05:00,9.050000190734863,9.199999809265137,8.899999618530273,9.199999809265137,3810,0.0,0.0
2023-11-29 00:00:00-05:00,9.0,9.199999809265137,8.550000190734863,8.699999809265137,7170,0.0,0.0
2023-11-30 00:00:00-05:00,9.0,9.720000267028809,8.920000076293945,9.720000267028809,10810,0.0,0.0
2023-12-01 00:00:00-05:00,9.699999809265137,9.699999809265137,9.0,9.399999618530273,24930,0.0,0.0
2023-12-04 00:00:00-05:00,9.680000305175781,9.680000305175781,8.800000190734863,9.100000381469727,19750,0.0,0.0
2023-12-05 00:00:00-05:00,9.09000015258789,9.09000015258789,8.5,8.75,15120,0.0,0.0
2023-12-06 00:00:00-05:00,8.8100004196167,8.8100004196167,8.550000190734863,8.699999809265137,1910,0.0,0.0
2023-12-07 00:00:00-05:00,8.970000267028809,9.0,8.5,8.880000114440918,4110,0.0,0.0
2023-12-08 00:00:00-05:00,8.899999618530273,8.899999618530273,8.279999732971191,8.40999984741211,3280,0.0,0.0
2023-12-11 00:00:00-05:00,8.449999809265137,8.5,7.829999923706055,8.020000457763672,7350,0.0,0.0
2023-12-12 00:00:00-05:00,8.1899995803833,8.199999809265137,7.900000095367432,7.900000095367432,7880,0.0,0.0
2023-12-13 00:00:00-05:00,7.900000095367432,8.199999809265137,7.900000095367432,8.0,6420,0.0,0.0
2023-12-14 00:00:00-05:00,8.0,8.399999618530273,7.800000190734863,7.800000190734863,7910,0.0,0.0
2023-12-15 00:00:00-05:00,7.920000076293945,7.989999771118164,7.380000114440918,7.380000114440918,5410,0.0,0.0
2023-12-18 00:00:00-05:00,7.699999809265137,7.949999809265137,7.46999979019165,7.46999979019165,4330,0.0,0.0
2023-12-19 00:00:00-05:00,7.699999809265137,7.800000190734863,7.230000019073486,7.420000076293945,6390,0.0,0.0
2023-12-20 00:00:00-05:00,7.599999904632568,7.699999809265137,7.400000095367432,7.5,3780,0.0,0.0
2023-12-21 00:00:00-05:00,7.699999809265137,7.699999809265137,7.010000228881836,7.349999904632568,5180,0.0,0.0
2023-12-22 00:00:00-05:00,7.400000095367432,7.699999809265137,7.0,7.010000228881836,16210,0.0,0.0
2023-12-26 00:00:00-05:00,7.099999904632568,7.519999980926514,6.900000095367432,7.099999904632568,10890,0.0,0.0
2023-12-27 00:00:00-05:00,7.190000057220459,7.199999809265137,6.559999942779541,6.900000095367432,12400,0.0,0.0
2023-12-28 00:00:00-05:00,7.070000171661377,7.070000171661377,6.800000190734863,6.909999847412109,7660,0.0,0.0
2023-12-29 00:00:00-05:00,7.0,7.0,6.849999904632568,6.880000114440918,3940,0.0,0.0
2024-01-02 00:00:00-05:00,7.0,7.0,6.75,7.0,9850,0.0,0.0
2024-01-03 00:00:00-05:00,6.900000095367432,7.0,6.599999904632568,6.889999866485596,5020,0.0,0.0
2024-01-04 00:00:00-05:00,6.900000095367432,7.0,6.199999809265137,6.489999771118164,9040,0.0,0.0
2024-01-05 00:00:00-05:00,6.130000114440918,6.239999771118164,5.585999965667725,5.820000171661377,24100,0.0,0.1
2024-01-08 00:00:00-05:00,6.000999927520752,6.099999904632568,5.610000133514404,6.059999942779541,14700,0.0,0.0
2024-01-09 00:00:00-05:00,5.400000095367432,6.0,5.400000095367432,5.940000057220459,4900,0.0,0.0
2024-01-10 00:00:00-05:00,5.900000095367432,5.900000095367432,5.741000175476074,5.900000095367432,4600,0.0,0.0
2024-01-11 00:00:00-05:00,5.869999885559082,6.389999866485596,5.664999961853027,6.21999979019165,22900,0.0,0.0
2024-01-12 00:00:00-05:00,6.0,6.300000190734863,5.824999809265137,5.980000019073486,40000,0.0,0.0
2024-01-16 00:00:00-05:00,5.880000114440918,6.199999809265137,5.300000190734863,6.025000095367432,21600,0.0,0.0
2024-01-17 00:00:00-05:00,6.050000190734863,6.150000095367432,6.010000228881836,6.150000095367432,29400,0.0,0.0
2024-01-18 00:00:00-05:00,6.150000095367432,6.190000057220459,5.809999942779541,6.130000114440918,78100,0.0,0.0
2024-01-19 00:00:00-05:00,6.019999980926514,6.019999980926514,5.920000076293945,6.0,3100,0.0,0.0
2024-01-22 00:00:00-05:00,5.900000095367432,5.920000076293945,5.690000057220459,5.809999942779541,5700,0.0,0.0
2024-01-23 00:00:00-05:00,5.875,6.099999904632568,5.875,6.079999923706055,9800,0.0,0.0
2024-01-24 00:00:00-05:00,6.0,6.0,5.880000114440918,6.0,12900,0.0,0.0
2024-01-25 00:00:00-05:00,5.900000095367432,6.0,5.900000095367432,6.0,11500,0.0,0.0
2024-01-26 00:00:00-05:00,5.880000114440918,6.0,5.869999885559082,5.974999904632568,6000,0.0,0.0
2024-01-29 00:00:00-05:00,5.380000114440918,6.0,4.800000190734863,5.989999771118164,33000,0.0,0.0
2024-01-30 00:00:00-05:00,5.829999923706055,5.980000019073486,5.829999923706055,5.869999885559082,1900,0.0,0.0
2024-01-31 00:00:00-05:00,5.882999897003174,6.0,5.882999897003174,6.0,24900,0.0,0.0
2024-02-01 00:00:00-05:00,5.817999839782715,5.900000095367432,5.75,5.900000095367432,5000,0.0,0.0
2024-02-02 00:00:00-05:00,5.908999919891357,5.960000038146973,5.820000171661377,5.960000038146973,2700,0.0,0.0
2024-02-05 00:00:00-05:00,5.769999980926514,5.820000171661377,5.389999866485596,5.53000020980835,10900,0.0,0.0
2024-02-06 00:00:00-05:00,5.559999942779541,5.590000152587891,5.53000020980835,5.53000020980835,1700,0.0,0.0
2024-02-07 00:00:00-05:00,5.309999942779541,5.539999961853027,5.193999767303467,5.539999961853027,13100,0.0,0.0
2024-02-08 00:00:00-05:00,5.550000190734863,5.610000133514404,5.432000160217285,5.432000160217285,1300,0.0,0.0
2024-02-09 00:00:00-05:00,5.565000057220459,5.96999979019165,5.53000020980835,5.96999979019165,13900,0.0,0.0
2024-02-12 00:00:00-05:00,5.831999778747559,6.050000190734863,5.730000019073486,5.849999904632568,49300,0.0,0.0
2024-02-13 00:00:00-05:00,5.900000095367432,5.900000095367432,5.480000019073486,5.769999980926514,2200,0.0,0.0
2024-02-14 00:00:00-05:00,5.409999847412109,5.960000038146973,5.400000095367432,5.960000038146973,15100,0.0,0.0
2024-02-15 00:00:00-05:00,5.699999809265137,5.900000095367432,5.409999847412109,5.550000190734863,55500,0.0,0.0
2024-02-16 00:00:00-05:00,5.409999847412109,5.599999904632568,5.400000095367432,5.489999771118164,10900,0.0,0.0
2024-02-20 00:00:00-05:00,5.489999771118164,5.5,5.150000095367432,5.239999771118164,11500,0.0,0.0
2024-02-21 00:00:00-05:00,5.25,5.25,5.099999904632568,5.170000076293945,8200,0.0,0.0
2024-02-22 00:00:00-05:00,5.099999904632568,5.099999904632568,4.900000095367432,4.909999847412109,8300,0.0,0.0
2024-02-23 00:00:00-05:00,4.880000114440918,5.03000020980835,4.710000038146973,4.960000038146973,10600,0.0,0.0
2024-02-26 00:00:00-05:00,4.900000095367432,5.0,4.889999866485596,4.989999771118164,4900,0.0,0.0
2024-02-27 00:00:00-05:00,4.906000137329102,5.03000020980835,4.840000152587891,5.0,4700,0.0,0.0
2024-02-28 00:00:00-05:00,4.800000190734863,4.800000190734863,4.21999979019165,4.21999979019165,13400,0.0,0.0
2024-02-29 00:00:00-05:00,4.5,4.960000038146973,4.400000095367432,4.460000038146973,71000,0.0,0.0
2024-03-01 00:00:00-05:00,4.5,4.579999923706055,4.400000095367432,4.409999847412109,20000,0.0,0.0
2024-03-04 00:00:00-05:00,4.360000133514404,4.433000087738037,4.0,4.349999904632568,38200,0.0,0.0
2024-03-05 00:00:00-05:00,4.340000152587891,5.0,4.335000038146973,4.989999771118164,24600,0.0,0.0
2024-03-06 00:00:00-05:00,4.989999771118164,5.300000190734863,4.960000038146973,5.289999961853027,34300,0.0,0.0
2024-03-07 00:00:00-05:00,5.2820000648498535,5.340000152587891,5.159999847412109,5.320000171661377,22000,0.0,0.0
2024-03-08 00:00:00-05:00,5.085999965667725,5.360000133514404,5.085999965667725,5.360000133514404,13500,0.0,0.0
2024-03-11 00:00:00-04:00,5.389999866485596,5.5,5.360000133514404,5.489999771118164,16500,0.0,0.0
2024-03-12 00:00:00-04:00,5.119999885559082,5.880000114440918,5.119999885559082,5.860000133514404,20200,0.0,0.0
2024-03-13 00:00:00-04:00,6.0,6.150000095367432,5.789999961853027,5.789999961853027,29900,0.0,0.0
2024-03-14 00:00:00-04:00,5.920000076293945,6.090000152587891,5.7870001792907715,6.0,12800,0.0,0.0
2024-03-15 00:00:00-04:00,6.019999980926514,6.300000190734863,5.519999980926514,5.519999980926514,98400,0.0,0.0
2024-03-18 00:00:00-04:00,5.5,5.889999866485596,5.400000095367432,5.400000095367432,10800,0.0,0.0
2024-03-19 00:00:00-04:00,5.449999809265137,5.514999866485596,4.800000190734863,4.800000190734863,31100,0.0,0.0
2024-03-20 00:00:00-04:00,4.909999847412109,4.909999847412109,4.650000095367432,4.789999961853027,2800,0.0,0.0
2024-03-21 00:00:00-04:00,4.800000190734863,4.800000190734863,4.690000057220459,4.690000057220459,5700,0.0,0.0
2024-03-22 00:00:00-04:00,4.793000221252441,4.880000114440918,4.793000221252441,4.880000114440918,1400,0.0,0.0
2024-03-25 00:00:00-04:00,4.949999809265137,4.949999809265137,4.110000133514404,4.25,24000,0.0,0.0
2024-03-26 00:00:00-04:00,4.409999847412109,4.429999828338623,4.0,4.170000076293945,20400,0.0,0.0
2024-03-27 00:00:00-04:00,4.170000076293945,4.429999828338623,4.170000076293945,4.21999979019165,2300,0.0,0.0
2024-03-28 00:00:00-04:00,4.349999904632568,4.670000076293945,4.349999904632568,4.539999961853027,4800,0.0,0.0
2024-04-01 00:00:00-04:00,4.510000228881836,4.510000228881836,4.260000228881836,4.289999961853027,5400,0.0,0.0
2024-04-02 00:00:00-04:00,4.71999979019165,4.71999979019165,4.468999862670898,4.5,8500,0.0,0.0
2024-04-03 00:00:00-04:00,4.834000110626221,4.85699987411499,4.460000038146973,4.460000038146973,4300,0.0,0.0
2024-04-04 00:00:00-04:00,4.546000003814697,4.546000003814697,4.25,4.420000076293945,9000,0.0,0.0
2024-04-05 00:00:00-04:00,4.449999809265137,4.619999885559082,4.25,4.340000152587891,4100,0.0,0.0
2024-04-08 00:00:00-04:00,4.25,4.460000038146973,4.25,4.460000038146973,1000,0.0,0.0
2024-04-09 00:00:00-04:00,4.492000102996826,4.492000102996826,4.460000038146973,4.460000038146973,1600,0.0,0.0
2024-04-10 00:00:00-04:00,4.489999771118164,4.550000190734863,4.489999771118164,4.550000190734863,2600,0.0,0.0
2024-04-11 00:00:00-04:00,4.5,4.5,4.5,4.5,700,0.0,0.0
2024-04-12 00:00:00-04:00,4.610000133514404,4.675000190734863,4.539999961853027,4.675000190734863,3500,0.0,0.0
2024-04-15 00:00:00-04:00,4.78000020980835,4.78000020980835,4.599999904632568,4.610000133514404,3100,0.0,0.0
2024-04-16 00:00:00-04:00,4.940000057220459,4.940000057220459,4.53000020980835,4.880000114440918,6900,0.0,0.0
2024-04-17 00:00:00-04:00,4.369999885559082,4.849999904632568,4.340000152587891,4.599999904632568,3600,0.0,0.0
2024-04-18 00:00:00-04:00,4.340000152587891,4.705999851226807,4.340000152587891,4.460000038146973,2900,0.0,0.0
2024-04-19 00:00:00-04:00,4.309999942779541,4.309999942779541,4.289999961853027,4.289999961853027,900,0.0,0.0
2024-04-22 00:00:00-04:00,4.505000114440918,4.650000095367432,4.360000133514404,4.389999866485596,1700,0.0,0.0
2024-04-23 00:00:00-04:00,4.380000114440918,4.389999866485596,4.360000133514404,4.360000133514404,900,0.0,0.0
2024-04-24 00:00:00-04:00,4.400000095367432,4.400000095367432,4.400000095367432,4.400000095367432,700,0.0,0.0
2024-04-25 00:00:00-04:00,4.010000228881836,4.010000228881836,4.010000228881836,4.010000228881836,700,0.0,0.0
2024-04-26 00:00:00-04:00,4.099999904632568,4.394999980926514,4.099999904632568,4.25,4900,0.0,0.0
2024-04-29 00:00:00-04:00,4.269999980926514,4.269999980926514,4.179999828338623,4.190000057220459,2700,0.0,0.0
2024-04-30 00:00:00-04:00,4.130000114440918,4.300000190734863,4.119999885559082,4.289999961853027,800,0.0,0.0
2024-05-01 00:00:00-04:00,4.099999904632568,4.099999904632568,4.099999904632568,4.099999904632568,300,0.0,0.0
2024-05-02 00:00:00-04:00,4.25,4.300000190734863,4.019999980926514,4.019999980926514,12200,0.0,0.0
2024-05-03 00:00:00-04:00,4.0,4.099999904632568,4.0,4.03000020980835,2500,0.0,0.0
2024-05-06 00:00:00-04:00,4.099999904632568,4.25,3.940000057220459,3.940000057220459,13200,0.0,0.0
2024-05-07 00:00:00-04:00,4.25,4.5,4.010000228881836,4.090000152587891,14500,0.0,0.0
2024-05-08 00:00:00-04:00,4.099999904632568,4.3480000495910645,4.099999904632568,4.099999904632568,9000,0.0,0.0
2024-05-09 00:00:00-04:00,4.139999866485596,4.139999866485596,4.0,4.0,4000,0.0,0.0
2024-05-10 00:00:00-04:00,4.065000057220459,4.204999923706055,4.0,4.010000228881836,4800,0.0,0.0
2024-05-13 00:00:00-04:00,4.010000228881836,4.199999809265137,3.9100000858306885,4.090000152587891,12200,0.0,0.0
2024-05-14 00:00:00-04:00,4.0,4.179999828338623,3.7200000286102295,4.045000076293945,11000,0.0,0.0
2024-05-15 00:00:00-04:00,4.0,4.000999927520752,4.0,4.0,1800,0.0,0.0
2024-05-16 00:00:00-04:00,3.9000000953674316,3.9600000381469727,3.8359999656677246,3.869999885559082,16000,0.0,0.0
2024-05-17 00:00:00-04:00,3.75,3.7899999618530273,3.5199999809265137,3.630000114440918,12200,0.0,0.0
2024-05-20 00:00:00-04:00,3.5,3.5,3.380000114440918,3.450000047683716,31200,0.0,0.0
2024-05-21 00:00:00-04:00,3.0,3.3299999237060547,2.5,2.9100000858306885,355100,0.0,0.0
2024-05-22 00:00:00-04:00,2.990000009536743,2.990000009536743,2.6500000953674316,2.8399999141693115,57300,0.0,0.0
2024-05-23 00:00:00-04:00,2.8399999141693115,2.931999921798706,2.359999895095825,2.5899999141693115,48000,0.0,0.0
2024-05-24 00:00:00-04:00,2.6080000400543213,2.799999952316284,2.509999990463257,2.7200000286102295,14500,0.0,0.0
2024-05-28 00:00:00-04:00,2.7100000381469727,2.819999933242798,2.621999979019165,2.7200000286102295,3500,0.0,0.0
2024-05-29 00:00:00-04:00,2.7200000286102295,2.819999933242798,2.7200000286102295,2.819999933242798,3400,0.0,0.0
2024-05-30 00:00:00-04:00,2.7920000553131104,2.819000005722046,2.640000104904175,2.640000104904175,10200,0.0,0.0
2024-05-31 00:00:00-04:00,2.634999990463257,2.640000104904175,2.4700000286102295,2.640000104904175,4200,0.0,0.0
2024-06-03 00:00:00-04:00,2.640000104904175,2.6700000762939453,2.4800000190734863,2.6700000762939453,11100,0.0,0.0
2024-06-04 00:00:00-04:00,2.5160000324249268,2.690000057220459,2.509999990463257,2.690000057220459,1600,0.0,0.0
2024-06-05 00:00:00-04:00,2.640000104904175,2.7309999465942383,2.4800000190734863,2.7309999465942383,10900,0.0,0.0
2024-06-06 00:00:00-04:00,2.7320001125335693,3.069999933242798,2.640000104904175,2.8399999141693115,61100,0.0,0.0
2024-06-07 00:00:00-04:00,2.9100000858306885,3.2200000286102295,2.9100000858306885,2.944000005722046,9300,0.0,0.0
2024-06-10 00:00:00-04:00,3.0899999141693115,3.319999933242798,2.9179999828338623,3.319999933242798,22800,0.0,0.0
2024-06-11 00:00:00-04:00,3.319999933242798,3.4000000953674316,3.200000047683716,3.390000104904175,18400,0.0,0.0
2024-06-12 00:00:00-04:00,3.4000000953674316,3.5,3.25,3.299999952316284,30700,0.0,0.0
2024-06-13 00:00:00-04:00,3.25,3.434999942779541,3.2049999237060547,3.2300000190734863,8800,0.0,0.0
2024-06-14 00:00:00-04:00,3.180000066757202,3.369999885559082,3.0999999046325684,3.1500000953674316,10100,0.0,0.0
2024-06-17 00:00:00-04:00,3.2100000381469727,3.25,3.127000093460083,3.25,2900,0.0,0.0
2024-06-18 00:00:00-04:00,3.180000066757202,3.180000066757202,2.5199999809265137,2.5799999237060547,13800,0.0,0.0
2024-06-20 00:00:00-04:00,3.0799999237060547,3.0799999237060547,2.700000047683716,2.7699999809265137,18000,0.0,0.0
2024-06-21 00:00:00-04:00,2.7100000381469727,3.180000066757202,2.7100000381469727,2.8399999141693115,17800,0.0,0.0
2024-06-24 00:00:00-04:00,2.700000047683716,3.2249999046325684,2.700000047683716,2.9600000381469727,22800,0.0,0.0
2024-06-25 00:00:00-04:00,2.950000047683716,3.119999885559082,2.8499999046325684,2.940000057220459,6400,0.0,0.0
2024-06-26 00:00:00-04:00,2.819999933242798,2.930000066757202,2.740000009536743,2.8299999237060547,3000,0.0,0.0
2024-06-27 00:00:00-04:00,2.8299999237060547,2.944000005722046,2.7799999713897705,2.9200000762939453,5600,0.0,0.0
2024-06-28 00:00:00-04:00,3.0360000133514404,3.1700000762939453,2.884999990463257,3.0999999046325684,12700,0.0,0.0
2024-07-01 00:00:00-04:00,2.8299999237060547,3.055000066757202,2.8299999237060547,3.0399999618530273,1300,0.0,0.0
2024-07-02 00:00:00-04:00,2.9800000190734863,3.0299999713897705,2.8399999141693115,2.859999895095825,7300,0.0,0.0
2024-07-03 00:00:00-04:00,2.819999933242798,2.9570000171661377,2.819999933242798,2.930000066757202,900,0.0,0.0
2024-07-05 00:00:00-04:00,2.799999952316284,2.9000000953674316,2.799999952316284,2.869999885559082,2000,0.0,0.0
2024-07-08 00:00:00-04:00,2.7899999618530273,2.950000047683716,2.7899999618530273,2.8499999046325684,15100,0.0,0.0
2024-07-09 00:00:00-04:00,2.803999900817871,2.869999885559082,2.803999900817871,2.869999885559082,38900,0.0,0.0
2024-07-10 00:00:00-04:00,3.0399999618530273,3.200000047683716,2.881999969482422,3.200000047683716,2500,0.0,0.0
2024-07-11 00:00:00-04:00,2.9200000762939453,3.25,2.9200000762939453,2.9200000762939453,11200,0.0,0.0
2024-07-12 00:00:00-04:00,3.0399999618530273,3.0399999618530273,2.990000009536743,2.990000009536743,2600,0.0,0.0
2024-07-15 00:00:00-04:00,3.059999942779541,3.1059999465942383,2.9000000953674316,2.9000000953674316,9200,0.0,0.0
2024-07-16 00:00:00-04:00,2.9100000858306885,3.0850000381469727,2.9100000858306885,3.0850000381469727,2000,0.0,0.0
2024-07-17 00:00:00-04:00,3.069999933242798,3.069999933242798,2.9200000762939453,2.9200000762939453,3800,0.0,0.0
2024-07-18 00:00:00-04:00,3.010999917984009,3.015000104904175,2.8499999046325684,2.8499999046325684,2300,0.0,0.0
2024-07-19 00:00:00-04:00,2.9600000381469727,3.069999933242798,2.7750000953674316,2.8399999141693115,4600,0.0,0.0
2024-07-22 00:00:00-04:00,2.7899999618530273,2.9700000286102295,2.7699999809265137,2.8450000286102295,6700,0.0,0.0
2024-07-23 00:00:00-04:00,2.869999885559082,2.869999885559082,2.700000047683716,2.700000047683716,14800,0.0,0.0
2024-07-24 00:00:00-04:00,2.6700000762939453,2.9100000858306885,2.6700000762939453,2.9100000858306885,6600,0.0,0.0
2024-07-25 00:00:00-04:00,2.7799999713897705,2.9100000858306885,2.7049999237060547,2.859999895095825,2500,0.0,0.0
2024-07-26 00:00:00-04:00,2.9200000762939453,2.9200000762939453,2.6500000953674316,2.799999952316284,2900,0.0,0.0
2024-07-29 00:00:00-04:00,2.759999990463257,2.880000114440918,2.759999990463257,2.7699999809265137,10200,0.0,0.0
2024-07-30 00:00:00-04:00,2.869999885559082,3.0,2.6600000858306885,2.700000047683716,2500,0.0,0.0
2024-07-31 00:00:00-04:00,2.7290000915527344,2.880000114440918,2.7290000915527344,2.7750000953674316,1900,0.0,0.0
2024-08-01 00:00:00-04:00,2.8299999237060547,2.8299999237060547,2.6500000953674316,2.7699999809265137,13000,0.0,0.0
2024-08-02 00:00:00-04:00,2.7300000190734863,2.7300000190734863,2.5999999046325684,2.5999999046325684,7800,0.0,0.0
2024-08-05 00:00:00-04:00,2.5999999046325684,2.5999999046325684,2.5999999046325684,2.5999999046325684,1300,0.0,0.0
2024-08-06 00:00:00-04:00,2.6600000858306885,2.7300000190734863,2.6600000858306885,2.700000047683716,13300,0.0,0.0
2024-08-07 00:00:00-04:00,2.619999885559082,2.859999895095825,2.5999999046325684,2.6549999713897705,7300,0.0,0.0
2024-08-08 00:00:00-04:00,2.6600000858306885,2.799999952316284,2.6600000858306885,2.7100000381469727,2000,0.0,0.0
2024-08-09 00:00:00-04:00,2.5999999046325684,2.5999999046325684,2.299999952316284,2.359999895095825,12100,0.0,0.0
2024-08-12 00:00:00-04:00,2.424999952316284,2.609999895095825,2.3499999046325684,2.3499999046325684,9900,0.0,0.0
2024-08-13 00:00:00-04:00,2.390000104904175,2.390000104904175,2.299999952316284,2.299999952316284,2000,0.0,0.0
2024-08-14 00:00:00-04:00,2.4200000762939453,2.4200000762939453,2.1600000858306885,2.2100000381469727,9900,0.0,0.0
2024-08-15 00:00:00-04:00,2.315000057220459,2.315000057220459,2.2200000286102295,2.25,2300,0.0,0.0
2024-08-16 00:00:00-04:00,2.365000009536743,2.6559998989105225,2.2899999618530273,2.424999952316284,7000,0.0,0.0
2024-08-19 00:00:00-04:00,2.609999895095825,2.880000114440918,2.5799999237060547,2.75,7300,0.0,0.0
2024-08-20 00:00:00-04:00,2.8299999237060547,2.9200000762939453,2.6500000953674316,2.740999937057495,9500,0.0,0.0
2024-08-21 00:00:00-04:00,2.619999885559082,2.7200000286102295,2.619999885559082,2.700000047683716,2600,0.0,0.0
2024-08-22 00:00:00-04:00,2.5799999237060547,2.8299999237060547,2.5799999237060547,2.700000047683716,1200,0.0,0.0
2024-08-23 00:00:00-04:00,2.7100000381469727,2.869999885559082,2.6570000648498535,2.6600000858306885,1800,0.0,0.0
2024-08-26 00:00:00-04:00,2.5999999046325684,2.9200000762939453,2.5999999046325684,2.809999942779541,8800,0.0,0.0
2024-08-27 00:00:00-04:00,2.75,2.806999921798706,2.4600000381469727,2.5169999599456787,18600,0.0,0.0
2024-08-28 00:00:00-04:00,2.9100000858306885,3.0,2.7720000743865967,2.950000047683716,40000,0.0,0.0
2024-08-29 00:00:00-04:00,2.950000047683716,2.990000009536743,2.7760000228881836,2.9000000953674316,19200,0.0,0.0
2024-08-30 00:00:00-04:00,2.940000057220459,2.940000057220459,2.75,2.940000057220459,5500,0.0,0.0
2024-09-03 00:00:00-04:00,2.9600000381469727,2.9600000381469727,2.7100000381469727,2.928999900817871,5700,0.0,0.0
2024-09-04 00:00:00-04:00,2.9000000953674316,2.950000047683716,2.740000009536743,2.819999933242798,19000,0.0,0.0
2024-09-05 00:00:00-04:00,2.9000000953674316,2.9000000953674316,2.819999933242798,2.9000000953674316,2500,0.0,0.0
2024-09-06 00:00:00-04:00,2.924999952316284,2.950000047683716,2.700000047683716,2.8399999141693115,7300,0.0,0.0
2024-09-09 00:00:00-04:00,2.805000066757202,2.9070000648498535,2.799999952316284,2.9070000648498535,4200,0.0,0.0
2024-09-10 00:00:00-04:00,2.6600000858306885,2.809999942779541,2.6600000858306885,2.75,17000,0.0,0.0
2024-09-11 00:00:00-04:00,2.7100000381469727,2.799999952316284,2.7100000381469727,2.799999952316284,1800,0.0,0.0
2024-09-12 00:00:00-04:00,2.819999933242798,2.819999933242798,2.7230000495910645,2.765000104904175,2200,0.0,0.0
2024-09-13 00:00:00-04:00,2.799999952316284,2.799999952316284,2.7200000286102295,2.7899999618530273,1800,0.0,0.0
2024-09-16 00:00:00-04:00,2.819999933242798,2.8310000896453857,2.680000066757202,2.700000047683716,9700,0.0,0.0
2024-09-17 00:00:00-04:00,2.6540000438690186,2.9189999103546143,2.6429998874664307,2.7699999809265137,25400,0.0,0.0
2024-09-18 00:00:00-04:00,2.75,2.930000066757202,2.559999942779541,2.559999942779541,16500,0.0,0.0
2024-09-19 00:00:00-04:00,2.5999999046325684,2.799999952316284,2.5,2.740000009536743,271500,0.0,0.0
2024-09-20 00:00:00-04:00,2.8399999141693115,3.390000104904175,2.799999952316284,3.390000104904175,126300,0.0,0.0
2024-09-23 00:00:00-04:00,3.390000104904175,3.390000104904175,2.6500000953674316,3.0,84200,0.0,0.0
2024-09-24 00:00:00-04:00,3.119999885559082,3.140000104904175,2.7200000286102295,2.8299999237060547,16900,0.0,0.0
2024-09-25 00:00:00-04:00,2.799999952316284,2.8949999809265137,2.619999885559082,2.7100000381469727,28500,0.0,0.0
2024-09-26 00:00:00-04:00,2.6700000762939453,2.7799999713897705,2.5999999046325684,2.6700000762939453,20400,0.0,0.0
2024-09-27 00:00:00-04:00,2.7100000381469727,2.755000114440918,2.450000047683716,2.569999933242798,94700,0.0,0.0
2024-09-30 00:00:00-04:00,2.619999885559082,2.75,2.5299999713897705,2.700000047683716,19800,0.0,0.0
2024-10-01 00:00:00-04:00,2.700000047683716,2.76200008392334,2.5,2.5999999046325684,33100,0.0,0.0
2024-10-02 00:00:00-04:00,2.509999990463257,2.5899999141693115,2.509999990463257,2.5899999141693115,5200,0.0,0.0
2024-10-03 00:00:00-04:00,2.569999933242798,2.5899999141693115,2.4600000381469727,2.4600000381469727,11500,0.0,0.0
2024-10-04 00:00:00-04:00,2.5,2.6600000858306885,2.5,2.619999885559082,22300,0.0,0.0
2024-10-07 00:00:00-04:00,2.5399999618530273,2.7899999618530273,2.5399999618530273,2.740000009536743,13300,0.0,0.0
2024-10-08 00:00:00-04:00,2.740000009536743,2.7899999618530273,2.5999999046325684,2.6700000762939453,12700,0.0,0.0
2024-10-09 00:00:00-04:00,2.799999952316284,2.809999942779541,2.700000047683716,2.700000047683716,23400,0.0,0.0
2024-10-10 00:00:00-04:00,2.609999895095825,2.740000009536743,2.4260001182556152,2.5199999809265137,50100,0.0,0.0
2024-10-11 00:00:00-04:00,2.5799999237060547,2.5989999771118164,2.4000000953674316,2.4000000953674316,52200,0.0,0.0
2024-10-14 00:00:00-04:00,2.5,2.5399999618530273,2.4700000286102295,2.4700000286102295,22000,0.0,0.0
2024-10-15 00:00:00-04:00,2.4000000953674316,2.4709999561309814,2.359999895095825,2.4200000762939453,189600,0.0,0.0
2024-10-16 00:00:00-04:00,2.430000066757202,3.2100000381469727,2.430000066757202,3.109999895095825,1268000,0.0,0.0
2024-10-17 00:00:00-04:00,3.009999990463257,3.059999942779541,2.619999885559082,2.759999990463257,167000,0.0,0.0
2024-10-18 00:00:00-04:00,2.7799999713897705,3.200000047683716,2.75,3.009999990463257,111600,0.0,0.0
2024-10-21 00:00:00-04:00,3.009999990463257,3.1500000953674316,2.7200000286102295,3.049999952316284,114300,0.0,0.0
2024-10-22 00:00:00-04:00,3.059999942779541,3.059999942779541,2.8499999046325684,2.8499999046325684,37700,0.0,0.0
2024-10-23 00:00:00-04:00,2.819999933242798,2.8499999046325684,2.690000057220459,2.75,51900,0.0,0.0
2024-10-24 00:00:00-04:00,2.75,2.7950000762939453,2.611999988555908,2.690000057220459,26400,0.0,0.0
2024-10-25 00:00:00-04:00,2.740000009536743,2.799999952316284,2.5999999046325684,2.7699999809265137,20500,0.0,0.0
2024-10-28 00:00:00-04:00,2.7699999809265137,2.9200000762939453,2.7019999027252197,2.9200000762939453,43800,0.0,0.0
2024-10-29 00:00:00-04:00,2.990000009536743,2.990000009536743,2.8299999237060547,2.890000104904175,84500,0.0,0.0
2024-10-30 00:00:00-04:00,2.880000114440918,3.2200000286102295,2.8359999656677246,3.109999895095825,106400,0.0,0.0
2024-10-31 00:00:00-04:00,3.259999990463257,3.3299999237060547,2.9739999771118164,3.259999990463257,106300,0.0,0.0
2024-11-01 00:00:00-04:00,3.259999990463257,3.9800000190734863,3.259999990463257,3.880000114440918,206800,0.0,0.0
2024-11-04 00:00:00-05:00,3.880000114440918,4.369999885559082,3.799999952316284,4.039999961853027,83000,0.0,0.0
2024-11-05 00:00:00-05:00,4.050000190734863,4.320000171661377,3.7320001125335693,4.139999866485596,60700,0.0,0.0
2024-11-06 00:00:00-05:00,3.940000057220459,4.159999847412109,3.8399999141693115,3.950000047683716,72900,0.0,0.0
2024-11-07 00:00:00-05:00,3.950000047683716,4.050000190734863,3.25,3.2699999809265137,112100,0.0,0.0
2024-11-08 00:00:00-05:00,3.299999952316284,4.0,3.299999952316284,3.509999990463257,86500,0.0,0.0
2024-11-11 00:00:00-05:00,3.5,3.559999942779541,3.190000057220459,3.190000057220459,45000,0.0,0.0
2024-11-12 00:00:00-05:00,3.180000066757202,3.4630000591278076,3.180000066757202,3.4200000762939453,21600,0.0,0.0
2024-11-13 00:00:00-05:00,3.5,3.5199999809265137,3.1700000762939453,3.259999990463257,49600,0.0,0.0
2024-11-14 00:00:00-05:00,3.259999990463257,3.740000009536743,3.259999990463257,3.700000047683716,146700,0.0,0.0
2024-11-15 00:00:00-05:00,3.680000066757202,3.697999954223633,3.0999999046325684,3.0999999046325684,84900,0.0,0.0
2024-11-18 00:00:00-05:00,3.0999999046325684,3.559999942779541,3.0999999046325684,3.2100000381469727,201900,0.0,0.0
2024-11-19 00:00:00-05:00,3.2200000286102295,3.359999895095825,3.1500000953674316,3.240000009536743,34100,0.0,0.0
2024-11-20 00:00:00-05:00,3.299999952316284,3.319999933242798,3.0,3.059999942779541,69500,0.0,0.0
2024-11-21 00:00:00-05:00,3.25,3.25,2.950000047683716,3.069999933242798,27200,0.0,0.0
2024-11-22 00:00:00-05:00,3.2200000286102295,3.2200000286102295,3.0,3.130000114440918,28400,0.0,0.0
2024-11-25 00:00:00-05:00,3.130000114440918,3.2799999713897705,3.0299999713897705,3.0299999713897705,41100,0.0,0.0
2024-11-26 00:00:00-05:00,3.009999990463257,3.0899999141693115,2.9600000381469727,2.9700000286102295,51100,0.0,0.0
2024-11-27 00:00:00-05:00,3.0250000953674316,3.130000114440918,2.8499999046325684,2.950000047683716,89500,0.0,0.0
2024-11-29 00:00:00-05:00,2.859999895095825,3.0250000953674316,2.859999895095825,2.9200000762939453,56900,0.0,0.0
2024-12-02 00:00:00-05:00,3.0,3.005000114440918,2.756999969482422,2.809999942779541,65200,0.0,0.0
2024-12-03 00:00:00-05:00,2.75,3.049999952316284,2.75,2.930000066757202,49600,0.0,0.0
2024-12-04 00:00:00-05:00,2.940000057220459,3.069999933242798,2.809999942779541,2.890000104904175,23600,0.0,0.0
2024-12-05 00:00:00-05:00,2.9100000858306885,3.069999933242798,2.75,2.9700000286102295,154800,0.0,0.0
2024-12-06 00:00:00-05:00,2.880000114440918,3.140000104904175,2.869999885559082,3.069999933242798,152900,0.0,0.0
2024-12-09 00:00:00-05:00,3.1600000858306885,5.010000228881836,3.1570000648498535,4.559999942779541,492100,0.0,0.0
2024-12-10 00:00:00-05:00,4.550000190734863,4.599999904632568,3.7699999809265137,4.25,77900,0.0,0.0
2024-12-11 00:00:00-05:00,4.239999771118164,4.269999980926514,3.809999942779541,3.8499999046325684,32700,0.0,0.0
2024-12-12 00:00:00-05:00,3.8399999141693115,4.059999942779541,3.700000047683716,3.869999885559082,28500,0.0,0.0
2024-12-13 00:00:00-05:00,3.8499999046325684,4.110000133514404,3.700000047683716,4.079999923706055,31100,0.0,0.0
2024-12-16 00:00:00-05:00,4.28000020980835,4.300000190734863,3.799999952316284,3.9600000381469727,37700,0.0,0.0
2024-12-17 00:00:00-05:00,3.869999885559082,4.1479997634887695,3.799999952316284,4.03000020980835,41200,0.0,0.0
2024-12-18 00:00:00-05:00,4.050000190734863,4.190000057220459,3.319999933242798,3.3399999141693115,117800,0.0,0.0
2024-12-19 00:00:00-05:00,3.450000047683716,4.5,3.450000047683716,3.9000000953674316,209900,0.0,0.0
2024-12-20 00:00:00-05:00,3.990000009536743,4.699999809265137,3.8499999046325684,4.650000095367432,116600,0.0,0.0
2024-12-23 00:00:00-05:00,4.670000076293945,4.993000030517578,4.150000095367432,4.28000020980835,76100,0.0,0.0
2024-12-24 00:00:00-05:00,4.21999979019165,4.320000171661377,4.0,4.099999904632568,25100,0.0,0.0
2024-12-26 00:00:00-05:00,4.090000152587891,4.442999839782715,4.090000152587891,4.179999828338623,18100,0.0,0.0
2024-12-27 00:00:00-05:00,4.130000114440918,4.400000095367432,3.630000114440918,4.179999828338623,36300,0.0,0.0
2024-12-30 00:00:00-05:00,4.25,4.25,3.5,4.150000095367432,101300,0.0,0.0
2024-12-31 00:00:00-05:00,4.050000190734863,4.050000190734863,3.75,3.7939999103546143,48800,0.0,0.0
2025-01-02 00:00:00-05:00,3.7799999713897705,4.010000228881836,3.674999952316284,3.7100000381469727,67000,0.0,0.0
2025-01-03 00:00:00-05:00,3.75,3.9200000762939453,3.5,3.6600000858306885,68800,0.0,0.0
2025-01-06 00:00:00-05:00,3.6600000858306885,3.8399999141693115,3.5199999809265137,3.5199999809265137,39200,0.0,0.0
2025-01-07 00:00:00-05:00,3.549999952316284,3.799999952316284,3.549999952316284,3.799999952316284,62500,0.0,0.0
2025-01-08 00:00:00-05:00,4.039999961853027,4.349999904632568,3.6510000228881836,4.03000020980835,88300,0.0,0.0
2025-01-10 00:00:00-05:00,3.9700000286102295,4.090000152587891,3.6600000858306885,3.8399999141693115,51700,0.0,0.0
2025-01-13 00:00:00-05:00,3.8399999141693115,3.8399999141693115,3.5999999046325684,3.6600000858306885,57900,0.0,0.0
2025-01-14 00:00:00-05:00,3.700000047683716,3.7899999618530273,3.51200008392334,3.549999952316284,66400,0.0,0.0
2025-01-15 00:00:00-05:00,3.549999952316284,3.690000057220459,3.4200000762939453,3.4800000190734863,43600,0.0,0.0
2025-01-16 00:00:00-05:00,3.559999942779541,3.6570000648498535,3.3399999141693115,3.559999942779541,18400,0.0,0.0
2025-01-17 00:00:00-05:00,3.569999933242798,3.640000104904175,3.322999954223633,3.5299999713897705,77800,0.0,0.0
2025-01-21 00:00:00-05:00,3.569999933242798,3.700000047683716,3.4600000381469727,3.6700000762939453,38400,0.0,0.0
2025-01-22 00:00:00-05:00,3.809999942779541,3.809999942779541,3.502000093460083,3.7200000286102295,46500,0.0,0.0
2025-01-23 00:00:00-05:00,3.7049999237060547,3.7899999618530273,3.5,3.6700000762939453,73700,0.0,0.0
2025-01-24 00:00:00-05:00,3.609999895095825,4.164999961853027,3.36299991607666,4.099999904632568,121400,0.0,0.0
2025-01-27 00:00:00-05:00,4.0,4.599999904632568,3.869999885559082,4.360000133514404,154200,0.0,0.0
2025-01-28 00:00:00-05:00,2.5399999618530273,2.619999885559082,2.006999969482422,2.069999933242798,1596500,0.0,0.0
2025-01-29 00:00:00-05:00,2.0799999237060547,2.6500000953674316,2.0799999237060547,2.2300000190734863,756100,0.0,0.0
2025-01-30 00:00:00-05:00,2.25,2.259999990463257,2.0,2.1700000762939453,257600,0.0,0.0
2025-01-31 00:00:00-05:00,2.1500000953674316,2.240000009536743,2.0199999809265137,2.190000057220459,230400,0.0,0.0
2025-02-03 00:00:00-05:00,2.1500000953674316,2.25,2.059999942779541,2.1500000953674316,102900,0.0,0.0
2025-02-04 00:00:00-05:00,2.0999999046325684,2.2799999713897705,2.0999999046325684,2.2300000190734863,71900,0.0,0.0
2025-02-05 00:00:00-05:00,2.200000047683716,2.309999942779541,2.130000114440918,2.180000066757202,65500,0.0,0.0
2025-02-06 00:00:00-05:00,2.140000104904175,2.1510000228881836,2.0199999809265137,2.119999885559082,115400,0.0,0.0
2025-02-07 00:00:00-05:00,2.130000114440918,2.1700000762939453,2.0199999809265137,2.059999942779541,76100,0.0,0.0
2025-02-10 00:00:00-05:00,2.0399999618530273,2.069999933242798,1.600000023841858,1.6799999475479126,436900,0.0,0.0
2025-02-11 00:00:00-05:00,1.7000000476837158,1.8200000524520874,1.600000023841858,1.649999976158142,117200,0.0,0.0
2025-02-12 00:00:00-05:00,1.649999976158142,1.75,1.6200000047683716,1.7100000381469727,143000,0.0,0.0
2025-02-13 00:00:00-05:00,1.6799999475479126,1.7899999618530273,1.6699999570846558,1.75,81800,0.0,0.0
2025-02-14 00:00:00-05:00,1.7799999713897705,2.0,1.7200000286102295,1.9800000190734863,117200,0.0,0.0
2025-02-18 00:00:00-05:00,2.009999990463257,2.0399999618530273,1.8300000429153442,1.9199999570846558,133300,0.0,0.0
2025-02-19 00:00:00-05:00,2.0399999618530273,2.1500000953674316,1.899999976158142,2.059999942779541,220900,0.0,0.0
2025-02-20 00:00:00-05:00,2.0399999618530273,2.0920000076293945,1.9500000476837158,1.9500000476837158,52300,0.0,0.0
2025-02-21 00:00:00-05:00,1.9700000286102295,2.0299999713897705,1.8200000524520874,1.8200000524520874,70900,0.0,0.0
2025-02-24 00:00:00-05:00,1.7899999618530273,1.8969999551773071,1.6699999570846558,1.7000000476837158,114300,0.0,0.0
2025-02-25 00:00:00-05:00,1.6699999570846558,1.8600000143051147,1.659999966621399,1.7350000143051147,82600,0.0,0.0
2025-02-26 00:00:00-05:00,1.659999966621399,1.7899999618530273,1.649999976158142,1.75,60500,0.0,0.0
2025-02-27 00:00:00-05:00,1.7599999904632568,1.8200000524520874,1.690000057220459,1.690000057220459,30100,0.0,0.0
2025-02-28 00:00:00-05:00,1.7000000476837158,1.7999999523162842,1.649999976158142,1.7100000381469727,54200,0.0,0.0
2025-03-03 00:00:00-05:00,1.690000057220459,1.7200000286102295,1.534000039100647,1.559999942779541,31800,0.0,0.0
2025-03-04 00:00:00-05:00,1.590000033378601,1.590000033378601,1.4800000190734863,1.559999942779541,23500,0.0,0.0
2025-03-05 00:00:00-05:00,1.524999976158142,1.7000000476837158,1.503000020980835,1.7000000476837158,43600,0.0,0.0
2025-03-06 00:00:00-05:00,1.7000000476837158,1.722000002861023,1.600000023841858,1.6299999952316284,10900,0.0,0.0
2025-03-07 00:00:00-05:00,1.6019999980926514,1.7000000476837158,1.600000023841858,1.6200000047683716,23400,0.0,0.0
2025-03-10 00:00:00-04:00,1.5499999523162842,1.6950000524520874,1.5199999809265137,1.559999942779541,32300,0.0,0.0
2025-03-11 00:00:00-04:00,1.559999942779541,1.7350000143051147,1.4500000476837158,1.5199999809265137,163400,0.0,0.0
2025-03-12 00:00:00-04:00,1.5299999713897705,1.659999966621399,1.5199999809265137,1.600000023841858,72500,0.0,0.0
2025-03-13 00:00:00-04:00,1.649999976158142,1.7599999904632568,1.5499999523162842,1.6299999952316284,109000,0.0,0.0
2025-03-14 00:00:00-04:00,1.6299999952316284,1.7000000476837158,1.5800000429153442,1.6100000143051147,87400,0.0,0.0
2025-03-17 00:00:00-04:00,1.600000023841858,1.8700000047683716,1.5299999713897705,1.6200000047683716,17000,0.0,0.0
2025-03-18 00:00:00-04:00,1.5399999618530273,1.6399999856948853,1.5399999618530273,1.5499999523162842,10200,0.0,0.0
2025-03-19 00:00:00-04:00,1.590000033378601,1.6299999952316284,1.5099999904632568,1.6200000047683716,17100,0.0,0.0
2025-03-20 00:00:00-04:00,1.5829999446868896,1.6299999952316284,1.559999942779541,1.590000033378601,9800,0.0,0.0
2025-03-21 00:00:00-04:00,1.6399999856948853,1.7999999523162842,1.5299999713897705,1.7200000286102295,42500,0.0,0.0
2025-03-24 00:00:00-04:00,1.690000057220459,1.7000000476837158,1.600000023841858,1.600000023841858,16300,0.0,0.0
2025-03-25 00:00:00-04:00,1.690000057220459,1.7999999523162842,1.5399999618530273,1.6200000047683716,3900,0.0,0.0
2025-03-26 00:00:00-04:00,1.5700000524520874,1.6330000162124634,1.5299999713897705,1.5299999713897705,14000,0.0,0.0
2025-03-27 00:00:00-04:00,1.5199999809265137,1.600000023841858,1.5199999809265137,1.5499999523162842,17600,0.0,0.0
2025-03-28 00:00:00-04:00,1.5199999809265137,1.5499999523162842,1.4500000476837158,1.4800000190734863,9200,0.0,0.0
2025-03-31 00:00:00-04:00,1.475000023841858,1.5199999809265137,1.3600000143051147,1.3600000143051147,43700,0.0,0.0
2025-04-01 00:00:00-04:00,1.3799999952316284,1.409999966621399,1.1100000143051147,1.2300000190734863,41800,0.0,0.0
2025-04-02 00:00:00-04:00,1.190000057220459,1.305999994277954,1.149999976158142,1.25,21200,0.0,0.0
2025-04-03 00:00:00-04:00,1.2799999713897705,1.2999999523162842,1.1799999475479126,1.1799999475479126,36800,0.0,0.0
2025-04-04 00:00:00-04:00,1.149999976158142,1.156000018119812,1.0,1.1299999952316284,43800,0.0,0.0
2025-04-07 00:00:00-04:00,1.0700000524520874,1.1100000143051147,1.0499999523162842,1.1100000143051147,18100,0.0,0.0
2025-04-08 00:00:00-04:00,1.1200000047683716,1.1699999570846558,1.0499999523162842,1.149999976158142,29100,0.0,0.0
2025-04-09 00:00:00-04:00,1.1200000047683716,1.350000023841858,1.090000033378601,1.2699999809265137,44400,0.0,0.0
2025-04-10 00:00:00-04:00,1.2300000190734863,1.2300000190734863,1.1399999856948853,1.1799999475479126,14500,0.0,0.0
2025-04-11 00:00:00-04:00,1.2300000190734863,1.2300000190734863,1.149999976158142,1.2300000190734863,20800,0.0,0.0
2025-04-14 00:00:00-04:00,1.2699999809265137,1.3899999856948853,1.2300000190734863,1.3899999856948853,7700,0.0,0.0
2025-04-15 00:00:00-04:00,1.309999942779541,1.409999966621399,1.309999942779541,1.3799999952316284,14000,0.0,0.0
2025-04-16 00:00:00-04:00,1.3350000381469727,1.4800000190734863,1.309999942779541,1.3899999856948853,28400,0.0,0.0
2025-04-17 00:00:00-04:00,1.3899999856948853,1.434999942779541,1.3899999856948853,1.434999942779541,900,0.0,0.0
2025-04-21 00:00:00-04:00,1.4700000286102295,1.4900000095367432,1.3300000429153442,1.4259999990463257,53700,0.0,0.0
2025-04-22 00:00:00-04:00,1.4500000476837158,1.4500000476837158,1.2999999523162842,1.2999999523162842,37100,0.0,0.0
2025-04-23 00:00:00-04:00,1.309999942779541,1.399999976158142,1.3020000457763672,1.3700000047683716,15400,0.0,0.0
2025-04-24 00:00:00-04:00,1.3799999952316284,1.5,1.3350000381469727,1.5,8100,0.0,0.0
2025-04-25 00:00:00-04:00,1.559999942779541,1.75,1.440000057220459,1.75,47100,0.0,0.0
2025-04-28 00:00:00-04:00,1.7100000381469727,1.809999942779541,1.6419999599456787,1.7899999618530273,32700,0.0,0.0
2025-04-29 00:00:00-04:00,1.6419999599456787,1.7799999713897705,1.6419999599456787,1.6549999713897705,11600,0.0,0.0
2025-04-30 00:00:00-04:00,1.6169999837875366,1.781000018119812,1.5800000429153442,1.7000000476837158,17600,0.0,0.0
2025-05-01 00:00:00-04:00,1.7000000476837158,1.7000000476837158,1.6399999856948853,1.7000000476837158,9100,0.0,0.0
2025-05-02 00:00:00-04:00,1.649999976158142,1.659999966621399,1.5299999713897705,1.600000023841858,46900,0.0,0.0
2025-05-05 00:00:00-04:00,1.7109999656677246,1.7899999618530273,1.590000033378601,1.7000000476837158,114400,0.0,0.0
2025-05-06 00:00:00-04:00,1.7200000286102295,1.8700000047683716,1.6100000143051147,1.6699999570846558,141300,0.0,0.0
2025-05-07 00:00:00-04:00,1.690000057220459,1.7999999523162842,1.6799999475479126,1.690000057220459,57800,0.0,0.0
2025-05-08 00:00:00-04:00,1.7419999837875366,1.850000023841858,1.7200000286102295,1.7200000286102295,6600,0.0,0.0
2025-05-09 00:00:00-04:00,1.6740000247955322,1.7970000505447388,1.6740000247955322,1.7899999618530273,17000,0.0,0.0
2025-05-12 00:00:00-04:00,1.7899999618530273,2.1500000953674316,1.781999945640564,1.9800000190734863,143600,0.0,0.0
2025-05-13 00:00:00-04:00,2.009999990463257,2.009999990463257,1.8609999418258667,1.8769999742507935,23200,0.0,0.0
2025-05-14 00:00:00-04:00,1.9299999475479126,2.0299999713897705,1.7610000371932983,1.850000023841858,47000,0.0,0.0
2025-05-15 00:00:00-04:00,1.9049999713897705,2.0999999046325684,1.8250000476837158,1.940000057220459,320800,0.0,0.0
2025-05-16 00:00:00-04:00,2.0999999046325684,2.0999999046325684,1.840000033378601,1.850000023841858,28500,0.0,0.0
2025-05-19 00:00:00-04:00,1.899999976158142,1.9299999475479126,1.7699999809265137,1.7999999523162842,35500,0.0,0.0
2025-05-20 00:00:00-04:00,1.8300000429153442,1.8600000143051147,1.7999999523162842,1.843000054359436,17500,0.0,0.0
2025-05-21 00:00:00-04:00,1.8600000143051147,1.8799999952316284,1.7100000381469727,1.7100000381469727,30000,0.0,0.0
2025-05-22 00:00:00-04:00,1.7100000381469727,1.9500000476837158,1.6549999713897705,1.8600000143051147,317800,0.0,0.0
2025-05-23 00:00:00-04:00,1.8799999952316284,1.9600000381469727,1.7200000286102295,1.809999942779541,217600,0.0,0.0
2025-05-27 00:00:00-04:00,1.850000023841858,1.8799999952316284,1.7120000123977661,1.7799999713897705,47500,0.0,0.0
2025-05-28 00:00:00-04:00,1.7999999523162842,1.8799999952316284,1.75,1.7599999904632568,42300,0.0,0.0
2025-05-29 00:00:00-04:00,1.7400000095367432,1.850000023841858,1.7300000190734863,1.809999942779541,38700,0.0,0.0
2025-05-30 00:00:00-04:00,1.9299999475479126,2.0,1.7999999523162842,1.9299999475479126,59300,0.0,0.0
2025-06-02 00:00:00-04:00,1.8899999856948853,1.9600000381469727,1.8209999799728394,1.9199999570846558,32900,0.0,0.0
2025-06-03 00:00:00-04:00,1.850000023841858,1.9199999570846558,1.840000033378601,1.8600000143051147,10400,0.0,0.0
2025-06-04 00:00:00-04:00,1.8600000143051147,1.8799999952316284,1.7599999904632568,1.8680000305175781,18300,0.0,0.0
2025-06-05 00:00:00-04:00,1.9190000295639038,1.9190000295639038,1.8279999494552612,1.8350000381469727,2900,0.0,0.0
2025-06-06 00:00:00-04:00,1.9199999570846558,1.9199999570846558,1.7999999523162842,1.809999942779541,2400,0.0,0.0
2025-06-09 00:00:00-04:00,1.8700000047683716,1.878999948501587,1.7899999618530273,1.8600000143051147,9300,0.0,0.0
2025-06-10 00:00:00-04:00,1.8480000495910645,1.8899999856948853,1.7899999618530273,1.8700000047683716,9800,0.0,0.0
2025-06-11 00:00:00-04:00,1.840000033378601,1.8799999952316284,1.8200000524520874,1.8799999952316284,13000,0.0,0.0
2025-06-12 00:00:00-04:00,1.8600000143051147,1.8899999856948853,1.7300000190734863,1.8309999704360962,55100,0.0,0.0
2025-06-13 00:00:00-04:00,1.850000023841858,1.850000023841858,1.600000023841858,1.7100000381469727,54600,0.0,0.0
2025-06-16 00:00:00-04:00,1.7400000095367432,1.7699999809265137,1.649999976158142,1.7000000476837158,12700,0.0,0.0
2025-06-17 00:00:00-04:00,1.7000000476837158,1.7899999618530273,1.6510000228881836,1.7799999713897705,7100,0.0,0.0
2025-06-18 00:00:00-04:00,1.7999999523162842,1.7999999523162842,1.6699999570846558,1.7799999713897705,8100,0.0,0.0
2025-06-20 00:00:00-04:00,1.7799999713897705,1.7949999570846558,1.7200000286102295,1.7899999618530273,11900,0.0,0.0
2025-06-23 00:00:00-04:00,1.8200000524520874,1.8200000524520874,1.7200000286102295,1.7599999904632568,8700,0.0,0.0
2025-06-24 00:00:00-04:00,1.7999999523162842,1.7999999523162842,1.722000002861023,1.7999999523162842,4600,0.0,0.0
2025-06-25 00:00:00-04:00,1.7929999828338623,1.850000023841858,1.7280000448226929,1.8200000524520874,2600,0.0,0.0
2025-06-26 00:00:00-04:00,1.8700000047683716,1.8700000047683716,1.7740000486373901,1.7799999713897705,9100,0.0,0.0
2025-06-27 00:00:00-04:00,1.7799999713897705,1.850000023841858,1.690000057220459,1.690000057220459,18800,0.0,0.0
2025-06-30 00:00:00-04:00,1.7569999694824219,1.7910000085830688,1.6699999570846558,1.7549999952316284,14700,0.0,0.0
2025-07-01 00:00:00-04:00,1.6990000009536743,1.7760000228881836,1.6990000009536743,1.7599999904632568,3100,0.0,0.0
2025-07-02 00:00:00-04:00,1.7799999713897705,1.7899999618530273,1.7309999465942383,1.75,5700,0.0,0.0
2025-07-03 00:00:00-04:00,1.75,1.819000005722046,1.715000033378601,1.7200000286102295,14100,0.0,0.0
2025-07-07 00:00:00-04:00,1.7799999713897705,2.0999999046325684,1.75,1.9600000381469727,90000,0.0,0.0
2025-07-08 00:00:00-04:00,1.9700000286102295,2.630000114440918,1.965000033378601,2.5799999237060547,190300,0.0,0.0
2025-07-09 00:00:00-04:00,2.4600000381469727,2.7200000286102295,2.444999933242798,2.549999952316284,76400,0.0,0.0
2025-07-10 00:00:00-04:00,2.549999952316284,2.6700000762939453,2.440000057220459,2.5,49400,0.0,0.0
2025-07-11 00:00:00-04:00,2.440000057220459,2.7300000190734863,2.424999952316284,2.5999999046325684,70700,0.0,0.0
2025-07-14 00:00:00-04:00,2.6649999618530273,2.7139999866485596,2.5799999237060547,2.690000057220459,55400,0.0,0.0
2025-07-15 00:00:00-04:00,2.5799999237060547,2.8399999141693115,2.309999942779541,2.5399999618530273,48000,0.0,0.0
2025-07-16 00:00:00-04:00,2.802999973297119,2.9800000190734863,2.5910000801086426,2.7899999618530273,37000,0.0,0.0
2025-07-17 00:00:00-04:00,2.640000104904175,2.8940000534057617,2.640000104904175,2.8399999141693115,29000,0.0,0.0
2025-07-18 00:00:00-04:00,2.809999942779541,2.8550000190734863,2.569999933242798,2.569999933242798,11300,0.0,0.0
2025-07-21 00:00:00-04:00,3.4700000286102295,6.599999904632568,2.5899999141693115,2.700000047683716,81713700,0.0,0.0
2025-07-22 00:00:00-04:00,2.569999933242798,2.690000057220459,2.244999885559082,2.609999895095825,1428800,0.0,0.0
2025-07-23 00:00:00-04:00,2.5,2.6500000953674316,2.4000000953674316,2.490000009536743,617100,0.0,0.0
2025-07-24 00:00:00-04:00,2.450000047683716,2.8499999046325684,2.430000066757202,2.5999999046325684,554000,0.0,0.0
2025-07-25 00:00:00-04:00,2.509999990463257,2.75,2.4800000190734863,2.549999952316284,212600,0.0,0.0
2025-07-28 00:00:00-04:00,2.4800000190734863,2.6700000762939453,2.4000000953674316,2.5299999713897705,193200,0.0,0.0
2025-07-29 00:00:00-04:00,2.5199999809265137,2.5199999809265137,2.200000047683716,2.265000104904175,218500,0.0,0.0
2025-07-30 00:00:00-04:00,2.1600000858306885,2.440000057220459,2.1600000858306885,2.259999990463257,142700,0.0,0.0
2025-07-31 00:00:00-04:00,2.259999990463257,2.259999990463257,1.8799999952316284,1.8799999952316284,457300,0.0,0.0
2025-08-01 00:00:00-04:00,1.850000023841858,2.309999942779541,1.850000023841858,2.2300000190734863,259300,0.0,0.0
2025-08-04 00:00:00-04:00,2.2100000381469727,2.3450000286102295,2.119999885559082,2.2799999713897705,123800,0.0,0.0
2025-08-05 00:00:00-04:00,2.259999990463257,2.3929998874664307,2.2200000286102295,2.299999952316284,118600,0.0,0.0
2025-08-06 00:00:00-04:00,2.25,2.2799999713897705,2.180000066757202,2.190000057220459,116600,0.0,0.0
2025-08-07 00:00:00-04:00,2.234999895095825,2.25,2.1500000953674316,2.2300000190734863,153500,0.0,0.0
2025-08-08 00:00:00-04:00,2.190000057220459,2.257999897003174,2.130000114440918,2.200000047683716,117800,0.0,0.0
2025-08-11 00:00:00-04:00,2.1700000762939453,2.2049999237060547,1.940000057220459,2.0169999599456787,124400,0.0,0.0
2025-08-12 00:00:00-04:00,2.0,2.1600000858306885,2.0,2.1600000858306885,140100,0.0,0.0
2025-08-13 00:00:00-04:00,2.180000066757202,2.2100000381469727,2.0899999141693115,2.1500000953674316,76300,0.0,0.0
2025-08-14 00:00:00-04:00,2.119999885559082,2.240000009536743,2.119999885559082,2.2100000381469727,146900,0.0,0.0
2025-08-15 00:00:00-04:00,2.2100000381469727,2.25,2.1700000762939453,2.2200000286102295,75900,0.0,0.0
2025-08-18 00:00:00-04:00,2.240000009536743,2.240000009536743,2.115000009536743,2.180000066757202,72900,0.0,0.0
2025-08-19 00:00:00-04:00,2.130000114440918,2.180000066757202,2.0,2.0,60700,0.0,0.0
2025-08-20 00:00:00-04:00,2.0,2.059000015258789,1.965000033378601,2.009999990463257,146000,0.0,0.0
2025-08-21 00:00:00-04:00,2.0,2.0799999237060547,1.9800000190734863,2.055000066757202,125600,0.0,0.0
2025-08-22 00:00:00-04:00,2.0899999141693115,2.200000047683716,2.069999933242798,2.194999933242798,73300,0.0,0.0
2025-08-25 00:00:00-04:00,2.109999895095825,2.2899999618530273,2.109999895095825,2.2149999141693115,43900,0.0,0.0
2025-08-26 00:00:00-04:00,2.2699999809265137,2.2799999713897705,2.1500000953674316,2.1649999618530273,40400,0.0,0.0
2025-08-27 00:00:00-04:00,2.130000114440918,2.184999942779541,2.119999885559082,2.119999885559082,55000,0.0,0.0
2025-08-28 00:00:00-04:00,2.1419999599456787,2.1500000953674316,2.0910000801086426,2.0999999046325684,16000,0.0,0.0
2025-08-29 00:00:00-04:00,2.0999999046325684,2.11899995803833,2.0299999713897705,2.0799999237060547,19000,0.0,0.0
2025-09-02 00:00:00-04:00,2.059999942779541,2.203000068664551,2.049999952316284,2.119999885559082,127500,0.0,0.0
2025-09-03 00:00:00-04:00,2.1549999713897705,2.3399999141693115,2.1549999713897705,2.319999933242798,106400,0.0,0.0
2025-09-04 00:00:00-04:00,2.2950000762939453,2.308000087738037,2.190000057220459,2.259999990463257,31600,0.0,0.0
2025-09-05 00:00:00-04:00,2.2249999046325684,2.299999952316284,2.200000047683716,2.2699999809265137,118500,0.0,0.0
2025-09-08 00:00:00-04:00,2.1700000762939453,2.240000009536743,2.0999999046325684,2.0999999046325684,154700,0.0,0.0
2025-09-09 00:00:00-04:00,2.109999895095825,2.2049999237060547,2.0999999046325684,2.130000114440918,268400,0.0,0.0
2025-09-10 00:00:00-04:00,2.1500000953674316,2.180000066757202,2.0999999046325684,2.130000114440918,36500,0.0,0.0
2025-09-11 00:00:00-04:00,2.130000114440918,2.1700000762939453,2.119999885559082,2.119999885559082,46000,0.0,0.0
2025-09-12 00:00:00-04:00,2.069999933242798,2.1659998893737793,2.069999933242798,2.119999885559082,60900,0.0,0.0
2025-09-15 00:00:00-04:00,2.0899999141693115,2.180000066757202,2.059999942779541,2.0999999046325684,135600,0.0,0.0
2025-09-16 00:00:00-04:00,2.130000114440918,2.1700000762939453,2.049999952316284,2.1500000953674316,70000,0.0,0.0
2025-09-17 00:00:00-04:00,2.2100000381469727,2.630000114440918,2.188999891281128,2.5799999237060547,1895700,0.0,0.0
2025-09-18 00:00:00-04:00,2.5999999046325684,2.9189999103546143,2.5399999618530273,2.7899999618530273,794600,0.0,0.0
2025-09-19 00:00:00-04:00,2.799999952316284,2.9000000953674316,2.3299999237060547,2.4700000286102295,822800,0.0,0.0
2025-09-22 00:00:00-04:00,2.450000047683716,2.549999952316284,2.359999895095825,2.4800000190734863,162000,0.0,0.0
2025-09-23 00:00:00-04:00,2.4700000286102295,2.493000030517578,2.200000047683716,2.259999990463257,203700,0.0,0.0
2025-09-24 00:00:00-04:00,2.2300000190734863,2.3499999046325684,2.140000104904175,2.1600000858306885,221500,0.0,0.0
2025-09-25 00:00:00-04:00,2.1500000953674316,2.184999942779541,2.0299999713897705,2.0999999046325684,156700,0.0,0.0
2025-09-26 00:00:00-04:00,2.059999942779541,2.1600000858306885,1.9800000190734863,2.009999990463257,199100,0.0,0.0
2025-09-29 00:00:00-04:00,2.0399999618530273,2.0999999046325684,1.8899999856948853,1.9500000476837158,208100,0.0,0.0
2025-09-30 00:00:00-04:00,1.9500000476837158,2.0250000953674316,1.850000023841858,2.009999990463257,106400,0.0,0.0
2025-10-01 00:00:00-04:00,1.9900000095367432,2.049999952316284,1.909000039100647,1.9800000190734863,64800,0.0,0.0
2025-10-02 00:00:00-04:00,1.9800000190734863,2.0399999618530273,1.940000057220459,2.009999990463257,46800,0.0,0.0
2025-10-03 00:00:00-04:00,1.9800000190734863,2.0829999446868896,1.965999960899353,2.059999942779541,2710100,0.0,0.0
2025-10-06 00:00:00-04:00,2.0899999141693115,2.490000009536743,2.055000066757202,2.2899999618530273,1131900,0.0,0.0
2025-10-07 00:00:00-04:00,2.299999952316284,2.4100000858306885,2.2300000190734863,2.3399999141693115,424000,0.0,0.0
2025-10-08 00:00:00-04:00,2.3499999046325684,2.4609999656677246,2.259999990463257,2.3399999141693115,280900,0.0,0.0
2025-10-09 00:00:00-04:00,2.4800000190734863,2.5999999046325684,2.4200000762939453,2.5,465900,0.0,0.0
2025-10-10 00:00:00-04:00,2.5399999618530273,2.5899999141693115,2.2699999809265137,2.2899999618530273,263700,0.0,0.0
2025-10-13 00:00:00-04:00,2.319999933242798,2.380000114440918,2.200000047683716,2.309999942779541,112300,0.0,0.0
2025-10-14 00:00:00-04:00,2.2899999618530273,2.319999933242798,2.200000047683716,2.299999952316284,115000,0.0,0.0
2025-10-15 00:00:00-04:00,2.309999942779541,2.427999973297119,2.2699999809265137,2.3499999046325684,193300,0.0,0.0
2025-10-16 00:00:00-04:00,2.309999942779541,2.4649999141693115,2.1700000762939453,2.1700000762939453,144800,0.0,0.0
2025-10-17 00:00:00-04:00,2.25,2.5399999618530273,2.0999999046325684,2.509999990463257,447500,0.0,0.0
2025-10-20 00:00:00-04:00,2.5999999046325684,3.049999952316284,2.569999933242798,3.0,871600,0.0,0.0
2025-10-21 00:00:00-04:00,2.940000057220459,3.069999933242798,2.759999990463257,3.0,514700,0.0,0.0
2025-10-22 00:00:00-04:00,2.990000009536743,3.0199999809265137,2.9000000953674316,3.0,410500,0.0,0.0
2025-10-23 00:00:00-04:00,3.0,3.0350000858306885,2.815000057220459,2.9200000762939453,221000,0.0,0.0
2025-10-24 00:00:00-04:00,3.0,3.069999933242798,2.9210000038146973,3.0299999713897705,201200,0.0,0.0
2025-10-27 00:00:00-04:00,2.950000047683716,3.190000057220459,2.950000047683716,3.0299999713897705,273900,0.0,0.0
2025-10-28 00:00:00-04:00,2.990000009536743,3.0299999713897705,2.9000000953674316,3.0199999809265137,94300,0.0,0.0
2025-10-29 00:00:00-04:00,3.0299999713897705,3.059999942779541,2.9100000858306885,3.0399999618530273,128800,0.0,0.0
2025-10-30 00:00:00-04:00,3.059999942779541,3.0850000381469727,2.9700000286102295,3.009999990463257,137900,0.0,0.0
2025-10-31 00:00:00-04:00,2.930000066757202,3.3299999237060547,2.930000066757202,3.25,226600,0.0,0.0
2025-11-03 00:00:00-05:00,3.25,3.2899999618530273,3.0899999141693115,3.25,207500,0.0,0.0
2025-11-04 00:00:00-05:00,3.140000104904175,3.3299999237060547,3.140000104904175,3.25,257300,0.0,0.0
2025-11-05 00:00:00-05:00,3.200000047683716,3.3399999141693115,3.134999990463257,3.180000066757202,79500,0.0,0.0
2025-11-06 00:00:00-05:00,3.1500000953674316,3.1500000953674316,2.8420000076293945,3.0999999046325684,376900,0.0,0.0
2025-11-07 00:00:00-05:00,2.9800000190734863,3.200000047683716,2.9639999866485596,3.200000047683716,140900,0.0,0.0
2025-11-10 00:00:00-05:00,3.119999885559082,3.390000104904175,3.0969998836517334,3.200000047683716,122600,0.0,0.0
2025-11-11 00:00:00-05:00,3.1500000953674316,3.3299999237060547,3.072000026702881,3.2699999809265137,86500,0.0,0.0
2025-11-12 00:00:00-05:00,3.2799999713897705,3.440000057220459,3.069999933242798,3.4100000858306885,155500,0.0,0.0
2025-11-13 00:00:00-05:00,3.3499999046325684,3.5899999141693115,3.0799999237060547,3.0999999046325684,196100,0.0,0.0
2025-11-14 00:00:00-05:00,3.0299999713897705,3.299999952316284,3.0,3.240000009536743,268200,0.0,0.0
2025-11-17 00:00:00-05:00,3.240000009536743,3.5,3.2300000190734863,3.5,151900,0.0,0.0
2025-11-18 00:00:00-05:00,3.440000057220459,3.9700000286102295,3.424999952316284,3.9100000858306885,325700,0.0,0.0
2025-11-19 00:00:00-05:00,3.9000000953674316,4.0,3.7100000381469727,3.8299999237060547,224600,0.0,0.0
2025-11-20 00:00:00-05:00,3.880000114440918,3.9700000286102295,3.700000047683716,3.799999952316284,223900,0.0,0.0
2025-11-21 00:00:00-05:00,3.8499999046325684,4.0,3.680000066757202,3.950000047683716,137600,0.0,0.0
2025-11-24 00:00:00-05:00,4.0,4.099999904632568,3.799999952316284,4.019999980926514,165200,0.0,0.0
2025-11-25 00:00:00-05:00,4.03000020980835,4.150000095367432,3.890000104904175,3.930000066757202,402700,0.0,0.0
2025-11-26 00:00:00-05:00,3.9700000286102295,4.110000133514404,3.9000000953674316,4.039999961853027,238300,0.0,0.0
2025-11-28 00:00:00-05:00,4.079999923706055,4.190000057220459,3.930000066757202,3.950000047683716,232900,0.0,0.0
2025-12-01 00:00:00-05:00,3.950000047683716,4.025000095367432,3.640000104904175,3.7899999618530273,367300,0.0,0.0
2025-12-02 00:00:00-05:00,3.809999942779541,3.865000009536743,3.609999895095825,3.640000104904175,150100,0.0,0.0
2025-12-03 00:00:00-05:00,3.6600000858306885,3.7829999923706055,3.5799999237060547,3.700000047683716,260300,0.0,0.0
2025-12-04 00:00:00-05:00,3.700000047683716,3.9200000762939453,3.6470000743865967,3.799999952316284,207600,0.0,0.0
2025-12-05 00:00:00-05:00,3.819999933242798,4.079999923706055,3.808000087738037,3.9800000190734863,505900,0.0,0.0
2025-12-08 00:00:00-05:00,4.0,4.010000228881836,3.299999952316284,3.549999952316284,448300,0.0,0.0
2025-12-09 00:00:00-05:00,3.5199999809265137,3.859999895095825,3.5199999809265137,3.759999990463257,355200,0.0,0.0
2025-12-10 00:00:00-05:00,3.799999952316284,3.799999952316284,3.506999969482422,3.7100000381469727,153000,0.0,0.0
2025-12-11 00:00:00-05:00,3.6600000858306885,3.75,3.5799999237060547,3.5899999141693115,112800,0.0,0.0
2025-12-12 00:00:00-05:00,3.5399999618530273,3.890000104904175,3.5399999618530273,3.809999942779541,150100,0.0,0.0
2025-12-15 00:00:00-05:00,3.809999942779541,4.039999961853027,3.755000114440918,4.0,583600,0.0,0.0
2025-12-16 00:00:00-05:00,4.010000228881836,4.014999866485596,3.8499999046325684,3.990000009536743,521200,0.0,0.0
2025-12-17 00:00:00-05:00,3.990000009536743,4.0289998054504395,3.9100000858306885,3.9600000381469727,631900,0.0,0.0
2025-12-18 00:00:00-05:00,3.9800000190734863,4.014999866485596,3.880000114440918,3.950000047683716,533300,0.0,0.0
2025-12-19 00:00:00-05:00,3.990000009536743,4.050000190734863,3.8399999141693115,3.990000009536743,824500,0.0,0.0
2025-12-22 00:00:00-05:00,3.940000057220459,3.9570000171661377,3.819999933242798,3.8399999141693115,127600,0.0,0.0
2025-12-23 00:00:00-05:00,3.7699999809265137,4.0,3.7699999809265137,3.8399999141693115,127400,0.0,0.0
2025-12-24 00:00:00-05:00,3.859999895095825,3.944999933242798,3.799999952316284,3.8399999141693115,55800,0.0,0.0
2025-12-26 00:00:00-05:00,3.8499999046325684,3.869999885559082,3.7300000190734863,3.7799999713897705,62900,0.0,0.0
2025-12-29 00:00:00-05:00,3.75,3.7699999809265137,3.5999999046325684,3.6500000953674316,112100,0.0,0.0
2025-12-30 00:00:00-05:00,3.5999999046325684,3.7699999809265137,3.4800000190734863,3.7699999809265137,212200,0.0,0.0
2025-12-31 00:00:00-05:00,3.759999990463257,3.799999952316284,3.680000066757202,3.740000009536743,69700,0.0,0.0
2026-01-02 00:00:00-05:00,3.7799999713897705,3.8299999237060547,3.700000047683716,3.7699999809265137,108300,0.0,0.0
2026-01-05 00:00:00-05:00,3.740000009536743,3.799999952316284,3.559999942779541,3.740000009536743,108000,0.0,0.0
2026-01-06 00:00:00-05:00,3.75,3.7799999713897705,3.5950000286102295,3.619999885559082,65200,0.0,0.0
2026-01-07 00:00:00-05:00,3.859999895095825,4.010000228881836,3.6500000953674316,3.9700000286102295,448800,0.0,0.0
2026-01-08 00:00:00-05:00,4.079999923706055,4.190000057220459,3.7799999713897705,3.859999895095825,1023200,0.0,0.0
2026-01-09 00:00:00-05:00,3.869999885559082,3.934999942779541,3.609999895095825,3.680000066757202,411900,0.0,0.0
2026-01-12 00:00:00-05:00,3.640000104904175,3.7899999618530273,3.4100000858306885,3.740000009536743,477800,0.0,0.0
2026-01-13 00:00:00-05:00,3.7200000286102295,4.005000114440918,3.680000066757202,3.940000057220459,554100,0.0,0.0
2026-01-14 00:00:00-05:00,3.930000066757202,4.005000114440918,3.819999933242798,4.0,779300,0.0,0.0
2026-01-15 00:00:00-05:00,4.0,4.0,3.799999952316284,4.0,311600,0.0,0.0
2026-01-16 00:00:00-05:00,3.990000009536743,4.14300012588501,3.9200000762939453,3.9800000190734863,733600,0.0,0.0
2026-01-20 00:00:00-05:00,3.819999933242798,4.130000114440918,3.819999933242798,4.010000228881836,527400,0.0,0.0
2026-01-21 00:00:00-05:00,4.039999961853027,4.204999923706055,3.9700000286102295,4.03000020980835,574900,0.0,0.0
2026-01-22 00:00:00-05:00,4.070000171661377,4.139999866485596,3.930000066757202,4.0,290100,0.0,0.0
2026-01-23 00:00:00-05:00,4.0,4.199999809265137,3.950000047683716,4.039999961853027,489000,0.0,0.0
2026-01-26 00:00:00-05:00,4.25,4.27400016784668,4.0,4.130000114440918,510200,0.0,0.0
2026-01-27 00:00:00-05:00,4.179999828338623,4.400000095367432,4.110000133514404,4.28000020980835,487100,0.0,0.0
2026-01-28 00:00:00-05:00,4.5,4.650000095367432,4.369999885559082,4.409999847412109,709700,0.0,0.0
2026-01-29 00:00:00-05:00,4.5,4.525000095367432,4.300000190734863,4.420000076293945,497300,0.0,0.0
2026-01-30 00:00:00-05:00,4.400000095367432,4.480000019073486,4.269999980926514,4.389999866485596,117000,0.0,0.0
2026-02-02 00:00:00-05:00,4.409999847412109,4.679999828338623,4.340000152587891,4.380000114440918,523000,0.0,0.0
2026-02-03 00:00:00-05:00,4.409999847412109,4.599999904632568,4.329999923706055,4.449999809265137,413500,0.0,0.0
2026-02-04 00:00:00-05:00,4.510000228881836,4.519999980926514,4.199999809265137,4.230000019073486,231500,0.0,0.0
2026-02-05 00:00:00-05:00,4.199999809265137,4.349999904632568,3.950000047683716,3.9800000190734863,290700,0.0,0.0
2026-02-06 00:00:00-05:00,3.940000057220459,4.28000020980835,3.75,4.170000076293945,383800,0.0,0.0
2026-02-09 00:00:00-05:00,4.21999979019165,4.295000076293945,4.039999961853027,4.230000019073486,246200,0.0,0.0
2026-02-10 00:00:00-05:00,4.210000038146973,4.239999771118164,4.034999847412109,4.179999828338623,250900,0.0,0.0
2026-02-11 00:00:00-05:00,4.199999809265137,4.300000190734863,3.940000057220459,4.179999828338623,339800,0.0,0.0
2026-02-12 00:00:00-05:00,4.170000076293945,4.264999866485596,4.059999942779541,4.119999885559082,307400,0.0,0.0
2026-02-13 00:00:00-05:00,4.150000095367432,4.150000095367432,3.819999933242798,3.8499999046325684,274344,0.0,0.0
