Date,Open,High,Low,Close,Volume,Dividends,Stock Splits
2022-01-03 00:00:00-05:00,10.538772583007812,10.588996627408536,10.496918680476014,10.538772583007812,998900,0.0,0.0
2022-01-04 00:00:00-05:00,10.496919376068863,10.513661257509723,10.321133612424058,10.404841423034668,1200400,0.0,0.0
2022-01-05 00:00:00-05:00,10.597367981966178,10.672704849809975,10.496919090940056,10.505290031433105,614000,0.0,0.0
2022-01-06 00:00:00-05:00,10.46343599748022,10.496918960740283,10.379728190181652,10.438323974609375,1268500,0.0,0.0
2022-01-07 00:00:00-05:00,10.429952755743853,10.547143523173531,10.429952755743853,10.538772583007812,828500,0.0,0.0
2022-01-10 00:00:00-05:00,10.63085174045844,10.739671580113539,10.622480799339536,10.714559555053711,900400,0.0,0.0
2022-01-11 00:00:00-05:00,10.756414001841485,10.78989696969956,10.714560092444657,10.748043060302734,657500,0.0,0.0
2022-01-12 00:00:00-05:00,10.8233777477049,10.974050673432707,10.79826492816963,10.932197570800781,992100,0.0,0.0
2022-01-13 00:00:00-05:00,11.00753348247169,11.107983162631754,10.965680380417872,10.974050521850586,1234900,0.0,0.0
2022-01-14 00:00:00-05:00,10.974049716121042,11.082869529724121,10.91545473891042,11.082869529724121,1709500,0.0,0.0
2022-01-18 00:00:00-05:00,11.04938793182373,11.116353856393218,11.02427590968437,11.04938793182373,416000,0.0,0.0
2022-01-19 00:00:00-05:00,11.166579502825977,11.233545432216193,11.074500751191794,11.216803550720215,1133200,0.0,0.0
2022-01-20 00:00:00-05:00,11.200062499807972,11.200062499807972,10.932198781474925,10.940568923950195,1309200,0.0,0.0
2022-01-21 00:00:00-05:00,11.057758610663962,11.099612512105043,10.990792687676942,10.999163627624512,5835600,0.0,0.0
2022-01-24 00:00:00-05:00,10.848491383766001,10.923828256992351,10.639222646269202,10.865232467651367,1404000,0.0,0.0
2022-01-25 00:00:00-05:00,10.647593214850845,10.689447120545308,10.597368368358119,10.622480392456055,713900,0.0,0.0
2022-01-26 00:00:00-05:00,10.932199363681105,10.965682330255907,10.697817799360594,10.73967170715332,980400,0.0,0.0
2022-01-27 00:00:00-05:00,10.756413467559168,10.756413467559168,10.547144729266554,10.630851745605469,764200,0.0,0.0
2022-01-28 00:00:00-05:00,10.664333628462005,10.697816591255576,10.597367702874866,10.689446449279785,539200,0.0,0.0
2022-01-31 00:00:00-05:00,10.689445895890929,10.865230842734242,10.689445895890929,10.848489761352539,928600,0.0,0.0
2022-02-01 00:00:00-05:00,10.840120029575303,10.948939864722316,10.789895981536283,10.940568923950195,397300,0.0,0.0
2022-02-02 00:00:00-05:00,10.907085957497156,11.024276733398438,10.907085957497156,11.024276733398438,330800,0.0,0.0
2022-02-03 00:00:00-05:00,10.974053257926554,11.09124404846707,10.948941230773926,10.948941230773926,373000,0.0,0.0
2022-02-04 00:00:00-05:00,10.948939991285462,11.041017945952598,10.907086085237903,11.007534980773926,259400,0.0,0.0
2022-02-07 00:00:00-05:00,11.032646849829755,11.074499953963091,10.97405106710886,11.04938793182373,531500,0.0,0.0
2022-02-08 00:00:00-05:00,11.074500087501958,11.166578833617903,11.066129945552436,11.158207893371582,496400,0.0,0.0
2022-02-09 00:00:00-05:00,11.250286231753218,11.359106063842773,11.216803267902343,11.359106063842773,305100,0.0,0.0
2022-02-10 00:00:00-05:00,11.174949903424627,11.325622838121303,11.174949903424627,11.183320045471191,1273100,0.0,0.0
2022-02-11 00:00:00-05:00,11.158208306205752,11.28376922135892,11.133096282834485,11.208433151245117,708000,0.0,0.0
2022-02-14 00:00:00-05:00,11.20843260601789,11.20843260601789,11.04938793637722,11.133095741271973,354700,0.0,0.0
2022-02-15 00:00:00-05:00,11.133097062406343,11.417702674865723,11.091243154992279,11.417702674865723,874600,0.0,0.0
2022-02-16 00:00:00-05:00,11.392589156437248,11.467926025527282,11.367477132839516,11.426072120666504,738700,0.0,0.0
2022-02-17 00:00:00-05:00,11.400960510026525,11.442814416403309,11.35073646101188,11.392589569091797,772500,0.0,0.0
2022-02-18 00:00:00-05:00,11.308881887901457,11.333993910928259,11.241915960965438,11.292140007019043,643400,0.0,0.0
2022-02-22 00:00:00-05:00,11.250286926486044,11.359106765295492,11.200062876756686,11.26702880859375,308500,0.0,0.0
2022-02-23 00:00:00-05:00,11.283770316276039,11.325624224820652,11.141468304499403,11.1498384475708,365500,0.0,0.0
2022-02-24 00:00:00-05:00,10.982422007254243,11.04938793182373,10.865231240109244,11.04938793182373,555100,0.0,0.0
2022-02-25 00:00:00-05:00,11.091242378111987,11.208433151003426,11.074500497000283,11.166579246520996,464300,0.0,0.0
2022-02-28 00:00:00-05:00,11.06613035401454,11.133096281863299,11.015905508979557,11.041017532348633,862300,0.0,0.0
2022-03-01 00:00:00-05:00,11.024275649170452,11.166578435092063,10.965680666131002,10.999163627624512,590400,0.0,0.0
2022-03-02 00:00:00-05:00,10.974050263611236,10.990792142676197,10.865230444579186,10.965680122375488,1191300,0.0,0.0
2022-03-03 00:00:00-05:00,10.94056771234911,10.999163492967975,10.915455691110601,10.932197570800781,464900,0.0,0.0
2022-03-04 00:00:00-05:00,11.01590662749728,11.0326485103078,10.881974758200776,10.915457725524902,1136600,0.0,0.0
2022-03-07 00:00:00-05:00,10.78989601523391,10.840120063429785,10.597368368358119,10.622480392456055,715000,0.0,0.0
2022-03-08 00:00:00-05:00,10.739670492649442,10.773153455437798,10.630850664013083,10.647592544555664,810100,0.0,0.0
2022-03-09 00:00:00-05:00,10.764782494429465,10.823378277918811,10.689446427023391,10.79826545715332,747300,0.0,0.0
2022-03-10 00:00:00-05:00,10.689447653397163,10.781525611877441,10.66433482975054,10.781525611877441,623400,0.0,0.0
2022-03-11 00:00:00-05:00,10.806636680027509,10.840119643627022,10.697816848754883,10.697816848754883,1418200,0.0,0.0
2022-03-14 00:00:00-04:00,10.940568921459885,11.149837650934156,10.940568921459885,11.066130638122559,794100,0.0,0.0
2022-03-15 00:00:00-04:00,11.066130638122559,11.183320615718166,11.024276732568334,11.066130638122559,975400,0.0,0.0
2022-03-16 00:00:00-04:00,11.149837214303227,11.375847816467285,11.149837214303227,11.375847816467285,781000,0.0,0.0
2022-03-17 00:00:00-04:00,11.342364852994478,11.4177017203825,11.24191596257606,11.375847816467285,907400,0.0,0.0
2022-03-18 00:00:00-04:00,11.342365801179783,11.434443758853217,11.325623918895403,11.417702674865723,882700,0.0,0.0
2022-03-21 00:00:00-04:00,11.426072120666504,11.467926025527282,11.384219014102563,11.426072120666504,856100,0.0,0.0
2022-03-22 00:00:00-04:00,11.484667347050406,11.69393606285812,11.484667347050406,11.6688232421875,983900,0.0,0.0
2022-03-23 00:00:00-04:00,11.710677972634887,11.727419854265163,11.643712042707492,11.685565948486328,263300,0.0,0.0
2022-03-24 00:00:00-04:00,11.760902661361417,11.819497649687149,11.735790637549938,11.811126708984375,549300,0.0,0.0
2022-03-25 00:00:00-04:00,11.878093304663665,11.919947212229717,11.811127371876736,11.911576271057129,734200,0.0,0.0
2022-03-28 00:00:00-04:00,12.162699584165779,12.171070525796747,12.037138652889002,12.053879737854004,1069000,0.0,0.0
2022-03-29 00:00:00-04:00,12.078990525274941,12.129214569995137,11.945058674958686,12.112473487854004,1556200,0.0,0.0
2022-03-30 00:00:00-04:00,11.98691234174572,11.98691234174572,11.811126580385624,11.827868461608887,831600,0.0,0.0
2022-03-31 00:00:00-04:00,12.145956315257648,12.162697397212465,12.003653526306152,12.003653526306152,1246400,0.0,0.0
2022-04-01 00:00:00-04:00,12.355225791911927,12.698426375304452,12.33011296998308,12.681684494018555,2388100,0.0,0.0
2022-04-04 00:00:00-04:00,12.66494287408759,12.807245665797312,12.597976948376758,12.773762702941895,2524600,0.0,0.0
2022-04-05 00:00:00-04:00,12.731910710266082,12.807247587569533,12.664944774506777,12.690056800842285,3913600,0.0,0.0
2022-04-06 00:00:00-04:00,12.673314507655816,12.74865057947908,12.623089661476794,12.63983154296875,958000,0.0,0.0
2022-04-07 00:00:00-04:00,12.522639830898365,12.522639830898365,12.296629237440442,12.321742057800293,1308800,0.0,0.0
2022-04-08 00:00:00-04:00,12.313372325679314,12.43056310396521,12.313372325679314,12.371967315673828,968100,0.0,0.0
2022-04-11 00:00:00-04:00,12.422191747998417,12.547752664733633,12.422191747998417,12.489157676696777,926000,0.0,0.0
2022-04-12 00:00:00-04:00,12.422192323501502,12.422192323501502,12.254777493999503,12.288260459899902,1526300,0.0,0.0
2022-04-13 00:00:00-04:00,12.296629494392713,12.371966360452939,12.25477638951197,12.33011245727539,895900,0.0,0.0
2022-04-14 00:00:00-04:00,12.129214025068773,12.171067925986442,12.06224810291921,12.07898998260498,1290100,0.0,0.0
2022-04-18 00:00:00-04:00,11.99528436599397,12.078992183078663,11.970172340187325,11.978543281555176,821400,0.0,0.0
2022-04-19 00:00:00-04:00,12.363596241492596,12.48078621265193,12.112473620256184,12.221293449401855,1412700,0.0,0.0
2022-04-20 00:00:00-04:00,12.229662768332975,12.33848259015484,12.212921687135555,12.246404647827148,1006900,0.0,0.0
2022-04-21 00:00:00-04:00,12.263146420311392,12.34685422590745,12.078990525274941,12.112473487854004,1448200,0.0,0.0
2022-04-22 00:00:00-04:00,12.095732979638166,12.112474861975409,11.95343017295915,11.995284080505371,937300,0.0,0.0
2022-04-25 00:00:00-04:00,11.953428417158793,11.978541236975918,11.744159708463382,11.869721412658691,1567900,0.0,0.0
2022-04-26 00:00:00-04:00,11.836239272448502,11.852980355191383,11.719048500061035,11.719048500061035,1012900,0.0,0.0
2022-04-27 00:00:00-04:00,11.719048655842567,11.77764364366679,11.560004775335312,11.593487739562988,3182400,0.0,0.0
2022-04-28 00:00:00-04:00,11.643712040620569,11.811126865409049,11.560005027374755,11.76927375793457,1159600,0.0,0.0
2022-04-29 00:00:00-04:00,11.802757560807992,11.861352554069594,11.652083808653117,11.660454750061035,682000,0.0,0.0
2022-05-02 00:00:00-04:00,11.610229077743796,11.693936889301465,11.551634088631538,11.685565948486328,828100,0.0,0.0
2022-05-03 00:00:00-04:00,11.652082292145861,11.819497107030783,11.643711351827413,11.777643203735352,812200,0.0,0.0
2022-05-04 00:00:00-04:00,11.744161184011904,11.945059776306152,11.710678218345675,11.945059776306152,603400,0.0,0.0
2022-05-05 00:00:00-04:00,11.769273888635267,11.827868878387735,11.576746239267807,11.710678100585938,1418400,0.0,0.0
2022-05-06 00:00:00-04:00,11.6771945949122,11.693936475950693,11.560004620830052,11.635340690612793,610200,0.0,0.0
2022-05-09 00:00:00-04:00,11.635341925837283,11.77764473658424,11.635341925837283,11.660454750061035,1205900,0.0,0.0
2022-05-10 00:00:00-04:00,11.777642118305634,11.869720856728952,11.66045215783484,11.752530097961426,1060600,0.0,0.0
2022-05-11 00:00:00-04:00,11.643711238115682,11.685565141002371,11.459554544392327,11.476296424865723,1182500,0.0,0.0
2022-05-12 00:00:00-04:00,11.861351010326215,11.869721950644664,11.66882337448595,11.777643203735352,2062000,0.0,0.0
2022-05-13 00:00:00-04:00,12.129214958507733,12.305000717252636,12.129214958507733,12.271517753601074,878400,0.0,0.0
2022-05-16 00:00:00-04:00,12.01202608964489,12.112474989838052,11.953430299142873,12.02039623260498,1500600,0.0,0.0
2022-05-17 00:00:00-04:00,12.028766757758213,12.112474570838643,12.028766757758213,12.095732688903809,358500,0.0,0.0
2022-05-18 00:00:00-04:00,11.945059104316117,11.945059104316117,11.710677559541182,11.719048500061035,573700,0.0,0.0
2022-05-19 00:00:00-04:00,11.81949588464121,11.945057581541732,11.77764198567437,11.919944763183594,739400,0.0,0.0
2022-05-20 00:00:00-04:00,11.886463032984752,11.886463032984752,11.685565255122846,11.777643203735352,2865100,0.0,0.0
2022-05-23 00:00:00-04:00,11.852980865085302,12.070620538182999,11.852980865085302,12.028766632080078,837100,0.0,0.0
2022-05-24 00:00:00-04:00,11.945058539630562,12.012024464030018,11.861350734982848,11.961799621582031,708200,0.0,0.0
2022-05-25 00:00:00-04:00,12.095731194771197,12.162697117644788,12.012024190327596,12.10410213470459,856800,0.0,0.0
2022-05-26 00:00:00-04:00,12.187809936165765,12.480785649132779,12.187809936165765,12.42219066619873,1109600,0.0,0.0
2022-05-27 00:00:00-04:00,12.556123193694352,12.698425987086633,12.52264023044304,12.606348037719727,1421400,0.0,0.0
2022-05-31 00:00:00-04:00,12.715168164721412,12.748651130856613,12.54775333404541,12.54775333404541,1237500,0.0,0.0
2022-06-01 00:00:00-04:00,12.581234674200097,12.648200597815919,12.489156728802536,12.572864532470703,575300,0.0,0.0
2022-06-02 00:00:00-04:00,12.581235216558632,12.656572083448289,12.480786326804695,12.606348037719727,1100200,0.0,0.0
2022-06-03 00:00:00-04:00,12.581234665436694,12.581234665436694,12.430561736554434,12.44730281829834,551400,0.0,0.0
2022-06-06 00:00:00-04:00,12.48915713280263,12.52264009569365,12.413820266723633,12.413820266723633,740600,0.0,0.0
2022-06-07 00:00:00-04:00,12.355226101939184,12.430562973022461,12.346855161086184,12.430562973022461,321800,0.0,0.0
2022-06-08 00:00:00-04:00,12.380337585042852,12.430562429668607,12.246405730436608,12.271517753601074,638900,0.0,0.0
2022-06-09 00:00:00-04:00,12.296629095790744,12.338482997611573,12.112473205053934,12.1292142868042,599600,0.0,0.0
2022-06-10 00:00:00-04:00,11.986912470773474,11.986912470773474,11.903205458646633,11.936688423156738,611600,0.0,0.0
2022-06-13 00:00:00-04:00,11.769273080874658,11.786014163242003,11.526521399322109,11.543262481689453,1086600,0.0,0.0
2022-06-14 00:00:00-04:00,11.844609572122145,11.852980512753273,11.57674585830073,11.593487739562988,849400,0.0,0.0
2022-06-15 00:00:00-04:00,11.601856649408541,11.71067647116255,11.518149646880133,11.652081489562988,1102300,0.0,0.0
2022-06-16 00:00:00-04:00,11.48466902576573,11.48466902576573,11.30051230541363,11.384220123291016,1312000,0.0,0.0
2022-06-17 00:00:00-04:00,11.66882339485374,11.677194335186801,11.501408579676598,11.585116386413574,1899600,0.0,0.0
2022-06-21 00:00:00-04:00,11.677194596592985,11.861351296558786,11.643711632808005,11.802756309509277,1178700,0.0,0.0
2022-06-22 00:00:00-04:00,11.626970421134043,11.760902274788808,11.509779650037713,11.693936347961426,564500,0.0,0.0
2022-06-23 00:00:00-04:00,11.693936889301465,11.794385784192558,11.635341101892354,11.685565948486328,548200,0.0,0.0
2022-06-24 00:00:00-04:00,11.88646276179559,12.062248512988415,11.88646276179559,12.045507431030273,666100,0.0,0.0
2022-06-27 00:00:00-04:00,12.104104048581064,12.171069982043173,12.01202608964489,12.02039623260498,802800,0.0,0.0
2022-06-28 00:00:00-04:00,12.037137317677653,12.078991222892938,11.84460967300607,11.852980613708496,822600,0.0,0.0
2022-06-29 00:00:00-04:00,11.836239273294257,11.844609415517883,11.769273345724299,11.802756309509277,511400,0.0,0.0
2022-06-30 00:00:00-04:00,11.685565948486328,11.802756725007695,11.610229077743796,11.685565948486328,1109700,0.0,0.0
2022-07-01 00:00:00-04:00,11.685565664398483,11.836239402220519,11.635340819025528,11.827868461608887,573600,0.0,0.0
2022-07-05 00:00:00-04:00,11.811126451312424,11.836239272872884,11.610228668609698,11.760902404785156,653600,0.0,0.0
2022-07-06 00:00:00-04:00,11.719048499637843,11.735790380676944,11.593487585031882,11.677194595336914,698700,0.0,0.0
2022-07-07 00:00:00-04:00,11.752531464683395,11.836239273294257,11.727419441418867,11.802756309509277,661600,0.0,0.0
2022-07-08 00:00:00-04:00,11.769273345724299,11.852980356038334,11.719048500898417,11.802756309509277,971400,0.0,0.0
2022-07-11 00:00:00-04:00,11.760902405203847,11.844609415517883,11.719048500898417,11.802756309509277,1181400,0.0,0.0
2022-07-12 00:00:00-04:00,11.827869254221913,11.986913145016645,11.827869254221913,11.911576271057129,1044200,0.0,0.0
2022-07-13 00:00:00-04:00,11.811126020652095,12.037136616674424,11.811126020652095,11.98691177368164,1105000,0.0,0.0
2022-07-14 00:00:00-04:00,11.744158462796392,11.744158462796392,11.518148696491833,11.61022663116455,590600,0.0,0.0
2022-07-15 00:00:00-04:00,11.55163327224513,11.710677145008402,11.467925466603326,11.6688232421875,971000,0.0,0.0
2022-07-18 00:00:00-04:00,11.760903491871225,11.844610509919505,11.685566616819944,11.70230770111084,722500,0.0,0.0
2022-07-19 00:00:00-04:00,11.852980071440504,11.886463034421537,11.7943850857979,11.819497108459473,406700,0.0,0.0
2022-07-20 00:00:00-04:00,11.811125353174692,11.819496292916558,11.618598528892274,11.652081489562988,897500,0.0,0.0
2022-07-21 00:00:00-04:00,11.836239273294257,11.836239273294257,11.702306619857513,11.802756309509277,905400,0.0,0.0
2022-07-22 00:00:00-04:00,11.811125078196822,11.819496017743802,11.710676198523256,11.752530097961426,470400,0.0,0.0
2022-07-25 00:00:00-04:00,11.869722780075001,11.936688710708403,11.827868873854909,11.8362398147583,721300,0.0,0.0
2022-07-26 00:00:00-04:00,11.85298089826822,11.87809292268153,11.819497932951519,11.8362398147583,471500,0.0,0.0
2022-07-27 00:00:00-04:00,11.953429223114336,12.053878114265249,11.894834236183842,12.037137031555176,775900,0.0,0.0
2022-07-28 00:00:00-04:00,11.995281770042704,12.070618629455566,11.953427870558142,12.070618629455566,707100,0.0,0.0
2022-07-29 00:00:00-04:00,12.08736270608094,12.08736270608094,11.978543658066098,12.053879737854004,583000,0.0,0.0
2022-08-01 00:00:00-04:00,12.112472943679764,12.162696986143557,12.028765141844426,12.07898998260498,790700,0.0,0.0
2022-08-02 00:00:00-04:00,11.961800577142764,11.995283542017258,11.861351682519286,11.878092765808105,590900,0.0,0.0
2022-08-03 00:00:00-04:00,11.93668664208902,11.93668664208902,11.827866824093924,11.919944763183594,396100,0.0,0.0
2022-08-04 00:00:00-04:00,11.928316120623661,11.99528204199851,11.90320409968228,11.970170021057129,576400,0.0,0.0
2022-08-05 00:00:00-04:00,12.028767170607107,12.070621078583823,11.995284203885113,12.062250137329102,859000,0.0,0.0
2022-08-08 00:00:00-04:00,12.062250137329102,12.120845129518367,12.003655145139835,12.062250137329102,772300,0.0,0.0
2022-08-09 00:00:00-04:00,12.137585510214102,12.22129331581016,12.087360667197109,12.112473487854004,1447600,0.0,0.0
2022-08-10 00:00:00-04:00,12.238034659037552,12.321742466419433,12.112473746261546,12.162697792053223,750900,0.0,0.0
2022-08-11 00:00:00-04:00,12.238034112219648,12.363595817682139,12.09573132500689,12.1292142868042,605100,0.0,0.0
2022-08-12 00:00:00-04:00,12.070621249460116,12.078992190833342,11.869723446284167,11.894835472106934,680700,0.0,0.0
2022-08-15 00:00:00-04:00,11.819498596341726,11.911576556556476,11.760903603322967,11.894835472106934,578000,0.0,0.0
2022-08-16 00:00:00-04:00,11.827868589898062,11.919946542734218,11.827868589898062,11.852980613708496,1026500,0.0,0.0
2022-08-17 00:00:00-04:00,11.9785427439175,12.012025709589166,11.894834930589898,11.903205871582031,1370500,0.0,0.0
2022-08-18 00:00:00-04:00,11.84461146827272,11.869724294186305,11.693938504276037,11.744162559509277,1331100,0.0,0.0
2022-08-19 00:00:00-04:00,11.827869130360423,11.919947087403987,11.777644282147737,11.844610214233398,1107300,0.0,0.0
2022-08-22 00:00:00-04:00,11.886462220190193,12.070618903119403,11.886462220190193,11.970170021057129,1089400,0.0,0.0
2022-08-23 00:00:00-04:00,12.0371359467316,12.171067789529138,11.936687064633448,12.01202392578125,1881300,0.0,0.0
2022-08-24 00:00:00-04:00,11.961799621582031,12.00365352390589,11.928316659382304,11.961799621582031,1091800,0.0,0.0
2022-08-25 00:00:00-04:00,11.978542583394063,12.037137572960035,11.911575854651275,12.028766632080078,752800,0.0,0.0
2022-08-26 00:00:00-04:00,11.936688584862484,11.986912633159603,11.685565948486328,11.685565948486328,719700,0.0,0.0
2022-08-29 00:00:00-04:00,11.635340154659453,11.760901861773982,11.626970012822582,11.727418899536133,1179300,0.0,0.0
2022-08-30 00:00:00-04:00,11.735788322041916,11.735788322041916,11.53488977629747,11.61022663116455,1381200,0.0,0.0
2022-08-31 00:00:00-04:00,11.610228692892747,11.610228692892747,11.45118481416132,11.484667778015137,1163600,0.0,0.0
2022-09-01 00:00:00-04:00,11.375848231744614,11.417702137187712,11.13309653813087,11.216803550720215,1100300,0.0,0.0
2022-09-02 00:00:00-04:00,11.233544630456283,11.283768674765934,11.133095743540192,11.174949645996094,1033800,0.0,0.0
2022-09-06 00:00:00-04:00,11.208431221556918,11.258655259652683,11.066128449791098,11.082869529724121,1064200,0.0,0.0
2022-09-07 00:00:00-04:00,11.082869529724121,11.12472342700172,10.94893769707316,11.082869529724121,1320800,0.0,0.0
2022-09-08 00:00:00-04:00,11.149837909684205,11.200062757174193,11.049389013001097,11.074501037597656,1414300,0.0,0.0
2022-09-09 00:00:00-04:00,11.174951678721628,11.208434647117551,11.133097768652494,11.200063705444336,572100,0.0,0.0
2022-09-12 00:00:00-04:00,11.283770721920758,11.325624631969994,11.233546668499223,11.241917610168457,805100,0.0,0.0
2022-09-13 00:00:00-04:00,11.06613038034646,11.09124240377529,10.840119774596483,10.890344619750977,1349300,0.0,0.0
2022-09-14 00:00:00-04:00,10.923827036917784,10.957309999245709,10.789895187606087,10.815007209777832,1107300,0.0,0.0
2022-09-15 00:00:00-04:00,10.72292927516965,10.731299417038574,10.522030702676377,10.538772583007812,1351200,0.0,0.0
2022-09-16 00:00:00-04:00,10.55551499184346,10.748042648371245,10.538773907704504,10.73967170715332,1420100,0.0,0.0
2022-09-19 00:00:00-04:00,10.59736660930181,10.756411264881589,10.59736660930181,10.731298446655273,803800,0.0,0.0
2022-09-20 00:00:00-04:00,10.77315343813993,10.915456229336156,10.748041415663184,10.881973266601562,1928100,0.0,0.0
2022-09-21 00:00:00-04:00,10.923828290631437,10.940569374568355,10.756413459777832,10.756413459777832,1270000,0.0,0.0
2022-09-22 00:00:00-04:00,10.722929670177136,10.773153716427995,10.622479981081772,10.697816848754883,920800,0.0,0.0
2022-09-23 00:00:00-04:00,10.597368779410527,10.664334711800413,10.555514872092626,10.630851745605469,998400,0.0,0.0
2022-09-26 00:00:00-04:00,10.681075503978139,10.74804142953375,10.547143652866922,10.563884735107422,1364500,0.0,0.0
2022-09-27 00:00:00-04:00,10.647592408047979,10.681075370407067,10.480177596252544,10.496918678283691,1112800,0.0,0.0
2022-09-28 00:00:00-04:00,10.346247240689264,10.488550061816206,10.270911157413503,10.463438034057617,868300,0.0,0.0
2022-09-29 00:00:00-04:00,10.379728342394502,10.404841163930426,10.195572440912013,10.229055404663086,906400,0.0,0.0
2022-09-30 00:00:00-04:00,10.446694269896648,10.446694269896648,10.22068446415111,10.229055404663086,1266800,0.0,0.0
2022-10-03 00:00:00-04:00,10.37136006674482,10.547145857648866,10.329506154949195,10.463438034057617,1304900,0.0,0.0
2022-10-04 00:00:00-04:00,10.555513517760275,10.681075223603695,10.555513517760275,10.66433334350586,544400,0.0,0.0
2022-10-05 00:00:00-04:00,10.55551283644669,10.588995796184395,10.480176775759398,10.522029876708984,912900,0.0,0.0
2022-10-06 00:00:00-04:00,10.455064377177342,10.480177196711864,10.337874412536621,10.337874412536621,680300,0.0,0.0
2022-10-07 00:00:00-04:00,10.270909724148142,10.296021748402444,10.16208988798369,10.195572853088379,1119200,0.0,0.0
2022-10-10 00:00:00-04:00,10.153718536189407,10.237425546414888,10.128606512951444,10.187201499938965,1389900,0.0,0.0
2022-10-11 00:00:00-04:00,10.03652807670804,10.03652807670804,9.81051826392909,9.852372169494629,1283600,0.0,0.0
2022-10-12 00:00:00-04:00,10.011415478448875,10.019786418741209,9.860741746374076,9.92770767211914,969200,0.0,0.0
2022-10-13 00:00:00-04:00,9.760293666306993,10.028157391477297,9.676586651339708,9.98630428314209,782500,0.0,0.0
2022-10-14 00:00:00-04:00,10.070009368610165,10.08675124737386,9.910965511838667,9.944448471069336,1266900,0.0,0.0
2022-10-17 00:00:00-04:00,10.195572569166282,10.312762544620805,10.153718664376736,10.170459747314453,1190600,0.0,0.0
2022-10-18 00:00:00-04:00,10.388098039363062,10.438322878125744,10.254166200391547,10.329503059387207,1300700,0.0,0.0
2022-10-19 00:00:00-04:00,10.212314727142656,10.32113457173208,10.203943785644181,10.279280662536621,1014100,0.0,0.0
2022-10-20 00:00:00-04:00,10.312762414892356,10.421582246657549,10.229055404663086,10.229055404663086,1664300,0.0,0.0
2022-10-21 00:00:00-04:00,10.304392375488701,10.530402183489237,10.304392375488701,10.488548278808594,849300,0.0,0.0
2022-10-24 00:00:00-04:00,10.429952899934733,10.429952899934733,10.270909026071319,10.287650108337402,881200,0.0,0.0
2022-10-25 00:00:00-04:00,10.37136006674482,10.496921003834723,10.37136006674482,10.463438034057617,1098500,0.0,0.0
2022-10-26 00:00:00-04:00,10.57225675433854,10.71455956024127,10.522031905897684,10.630851745605469,1529000,0.0,0.0
2022-10-27 00:00:00-04:00,10.67270565032959,10.714559557637317,10.639222684142783,10.67270565032959,571300,0.0,0.0
2022-10-28 00:00:00-04:00,10.697816162916363,10.84848988860287,10.697816162916363,10.831748008728027,762500,0.0,0.0
2022-10-31 00:00:00-04:00,10.748041015819616,10.748041015819616,10.61410916986371,10.63922119140625,1047800,0.0,0.0
2022-11-01 00:00:00-04:00,10.58062810942674,10.689447953392083,10.563886226525803,10.597369194030762,767100,0.0,0.0
2022-11-02 00:00:00-04:00,10.63922119140625,10.789894917255031,10.61410916986371,10.63922119140625,1323100,0.0,0.0
2022-11-03 00:00:00-04:00,10.505289878386497,10.614109708320322,10.4969189380154,10.588996887207031,1291300,0.0,0.0
2022-11-04 00:00:00-04:00,10.840118951988966,10.90708487491533,10.789894908942578,10.873601913452148,1219900,0.0,0.0
2022-11-07 00:00:00-05:00,10.915456229336156,10.999164035321042,10.873602326343713,10.881973266601562,1038800,0.0,0.0
2022-11-08 00:00:00-05:00,11.06613105258591,11.18332103457067,11.024277145464117,11.032648086547852,564000,0.0,0.0
2022-11-09 00:00:00-05:00,11.2251742338183,11.275399078856582,11.14146722315027,11.166579246520996,1096000,0.0,0.0
2022-11-10 00:00:00-05:00,11.292139729327802,11.434442520141602,11.267027706918544,11.434442520141602,1014500,0.0,0.0
2022-11-11 00:00:00-05:00,11.509777757440672,11.61022663116455,11.493035879338349,11.61022663116455,609300,0.0,0.0
2022-11-14 00:00:00-05:00,11.560004363711204,11.626970289782061,11.501408579676598,11.585116386413574,437800,0.0,0.0
2022-11-15 00:00:00-05:00,11.610228693227803,11.677194620937373,11.48466777834657,11.526521682739258,704300,0.0,0.0
2022-11-16 00:00:00-05:00,11.400959278371744,11.509779103876738,11.384218196607703,11.493037223815918,1107900,0.0,0.0
2022-11-17 00:00:00-05:00,11.31725282996408,11.400959839497686,11.208432999103254,11.375847816467285,714300,0.0,0.0
2022-11-18 00:00:00-05:00,11.451184683855304,11.509779670358512,11.325622972109667,11.375847816467285,1081000,0.0,0.0
2022-11-21 00:00:00-05:00,11.34236498106575,11.375847944916627,11.216803267902343,11.359106063842773,869100,0.0,0.0
2022-11-22 00:00:00-05:00,11.451184532927039,11.543262481689453,11.434442652262888,11.543262481689453,897900,0.0,0.0
2022-11-23 00:00:00-05:00,11.560005031548496,11.601858139038086,11.484668160792266,11.601858139038086,872000,0.0,0.0
2022-11-25 00:00:00-05:00,11.618599197439856,11.710677145008402,11.593487175066032,11.6688232421875,267200,0.0,0.0
2022-11-28 00:00:00-05:00,11.618600177904149,11.652083143327054,11.526522222565376,11.560005187988281,523700,0.0,0.0
2022-11-29 00:00:00-05:00,11.652083391868661,11.760903231388472,11.643712450760166,11.735791206359863,594800,0.0,0.0
2022-11-30 00:00:00-05:00,11.811126707521211,11.986912470773474,11.786014683712843,11.936688423156738,938500,0.0,0.0
2022-12-01 00:00:00-05:00,11.9115757306826,11.936688553061108,11.819497776851957,11.878092765808105,927000,0.0,0.0
2022-12-02 00:00:00-05:00,11.811126020652095,11.99528271389657,11.802755878733961,11.98691177368164,800300,0.0,0.0
2022-12-05 00:00:00-05:00,11.978542044624682,12.104102958989118,11.961800163617784,12.037137031555176,741100,0.0,0.0
2022-12-06 00:00:00-05:00,11.961800447949505,11.961800447949505,11.811126708493209,11.852980613708496,565300,0.0,0.0
2022-12-07 00:00:00-05:00,11.802756693563136,11.886463706600942,11.802756693563136,11.878092765808105,471900,0.0,0.0
2022-12-08 00:00:00-05:00,11.919947087403987,11.919947087403987,11.827869130360423,11.844610214233398,547400,0.0,0.0
2022-12-09 00:00:00-05:00,11.936688835315376,12.04550867330484,11.936688835315376,11.945059776306152,798300,0.0,0.0
2022-12-12 00:00:00-05:00,12.062248510593196,12.095731472799619,11.978541504225532,12.003653526306152,1451200,0.0,0.0
2022-12-13 00:00:00-05:00,12.129214982202642,12.204551850140033,12.037137031555176,12.037137031555176,776700,0.0,0.0
2022-12-14 00:00:00-05:00,11.886463294678634,12.012025007329314,11.827868307753079,11.953429222106934,1187200,0.0,0.0
2022-12-15 00:00:00-05:00,11.752531462991767,11.819497390552087,11.635340690612793,11.635340690612793,975700,0.0,0.0
2022-12-16 00:00:00-05:00,11.576745444720949,11.626970288416597,11.526521399322109,11.543262481689453,934000,0.0,0.0
2022-12-19 00:00:00-05:00,11.56837533062136,11.635341261467168,11.48466831621253,11.560005187988281,1171500,0.0,0.0
2022-12-20 00:00:00-05:00,11.560004903190306,11.660453796984312,11.551633962466594,11.618599891662598,611200,0.0,0.0
2022-12-21 00:00:00-05:00,11.626970012822582,11.786013883878171,11.618599072688923,11.727418899536133,697200,0.0,0.0
2022-12-22 00:00:00-05:00,11.660453922247845,11.777643900451354,11.626970957290148,11.76927375793457,594600,0.0,0.0
2022-12-23 00:00:00-05:00,11.769273884124898,11.844609957364828,11.727419977904805,11.8362398147583,410700,0.0,0.0
2022-12-27 00:00:00-05:00,11.87809128468696,12.01202392578125,11.87809128468696,12.01202392578125,500500,0.0,0.0
2022-12-28 00:00:00-05:00,11.760901311316996,11.911574235186833,11.62696946863414,11.652081489562988,1073900,0.0,0.0
2022-12-29 00:00:00-05:00,12.066367095502292,12.066367095502292,11.907366379264005,11.978034019470215,1022200,0.729,0.0
2022-12-30 00:00:00-05:00,11.969200528816415,12.00453392791786,11.880866609855461,11.925033569335938,760600,0.0,0.0
2023-01-03 00:00:00-05:00,11.898533509895202,11.898533509895202,11.607032762111961,11.748366355895996,1545900,0.0,0.0
2023-01-04 00:00:00-05:00,11.872032829249694,11.898533509895202,11.713032957449988,11.748366355895996,970100,0.0,0.0
2023-01-05 00:00:00-05:00,11.721865478687652,11.836698381647867,11.686531240958855,11.77486515045166,720100,0.0,0.0
2023-01-06 00:00:00-05:00,11.96920021142616,12.084033966064453,11.872032734662788,12.084033966064453,584700,0.0,0.0
2023-01-09 00:00:00-05:00,12.14586671944219,12.207699953168486,12.119366882475866,12.15470027923584,709900,0.0,0.0
2023-01-10 00:00:00-05:00,12.207699953168486,12.234200632549438,12.128199599854888,12.15470027923584,531200,0.0,0.0
2023-01-11 00:00:00-05:00,12.1723671718547,12.313700766040554,12.154700893788805,12.287200927734375,1075700,0.0,0.0
2023-01-12 00:00:00-05:00,12.207698435898685,12.296032338027095,12.137031651161767,12.25186538696289,727700,0.0,0.0
2023-01-13 00:00:00-05:00,12.30486717732513,12.419700925077326,12.278366498479894,12.402033805847168,765400,0.0,0.0
2023-01-17 00:00:00-05:00,12.455035604927655,12.508035283251859,12.402035084188755,12.410868644714355,821300,0.0,0.0
2023-01-18 00:00:00-05:00,12.481534157553657,12.55220094964507,12.39320024623209,12.402033805847168,937400,0.0,0.0
2023-01-19 00:00:00-05:00,12.7200339720029,13.038035368872453,12.658200741462526,13.011534690856934,1453300,0.0,0.0
2023-01-20 00:00:00-05:00,13.046870141792528,13.10870337808445,12.993869623246121,13.073369979858398,677800,0.0,0.0
2023-01-23 00:00:00-05:00,13.1352027331944,13.152869852865171,13.091035776432106,13.144036293029785,521200,0.0,0.0
2023-01-24 00:00:00-05:00,13.073369800912069,13.18820355417857,13.064536240872803,13.12636947631836,451000,0.0,0.0
2023-01-25 00:00:00-05:00,13.046870881673044,13.055703599919458,12.879036598770524,12.896703720092773,770000,0.0,0.0
2023-01-26 00:00:00-05:00,12.817202871993777,12.817202871993777,12.746536074219126,12.799535751342773,624800,0.0,0.0
2023-01-27 00:00:00-05:00,12.799535606439076,12.799535606439076,12.728868809464444,12.737702369689941,625000,0.0,0.0
2023-01-30 00:00:00-05:00,12.658202314752875,12.781869633618847,12.658202314752875,12.720035552978516,827100,0.0,0.0
2023-01-31 00:00:00-05:00,12.596368397228632,12.640535354614258,12.552201439843007,12.640535354614258,800700,0.0,0.0
2023-02-01 00:00:00-05:00,12.481534644991862,12.667035192079775,12.428534127646182,12.640535354614258,1544600,0.0,0.0
2023-02-02 00:00:00-05:00,12.675868819722892,12.675868819722892,12.569867784465538,12.58753490447998,730200,0.0,0.0
2023-02-03 00:00:00-05:00,12.402034549544958,12.402034549544958,12.048700567899953,12.084033966064453,1213100,0.0,0.0
2023-02-06 00:00:00-05:00,11.960366338180483,12.004533295333562,11.845532586548332,11.933866500854492,837600,0.0,0.0
2023-02-07 00:00:00-05:00,11.898533427691323,11.969200224095122,11.863200029489423,11.942700386047363,715600,0.0,0.0
2023-02-08 00:00:00-05:00,11.916199864485364,11.916199864485364,11.792533390336976,11.863200187683105,804600,0.0,0.0
2023-02-09 00:00:00-05:00,12.013366758966969,12.013366758966969,11.642365669717881,11.651198387145996,577900,0.0,0.0
2023-02-10 00:00:00-05:00,11.554032772225147,11.774866733227027,11.554032772225147,11.766033172607422,1355100,0.0,0.0
2023-02-13 00:00:00-05:00,11.69536630205602,11.827867183308113,11.63353306292053,11.8190336227417,1152200,0.0,0.0
2023-02-14 00:00:00-05:00,11.730699469385625,11.801366267686799,11.615865711542549,11.783699989318848,1339000,0.0,0.0
2023-02-15 00:00:00-05:00,11.50103203064733,11.50986474803609,11.368531160840393,11.421531677246094,1701400,0.0,0.0
2023-02-16 00:00:00-05:00,11.13886341028602,11.280197836722289,10.988696266659353,11.218363761901855,2062800,0.0,0.0
2023-02-17 00:00:00-05:00,11.12119768943076,11.289031118242693,11.041697333840762,11.262531280517578,2197200,0.0,0.0
2023-02-21 00:00:00-05:00,11.121197141635616,11.13003070124709,10.926863042256201,10.935696601867676,1884500,0.0,0.0
2023-02-22 00:00:00-05:00,10.988697773102698,11.03286473476798,10.944531653852144,10.953364372253418,687900,0.0,0.0
2023-02-23 00:00:00-05:00,10.891529800033684,10.918029636827727,10.776696050706663,10.856196403503418,1044500,0.0,0.0
2023-02-24 00:00:00-05:00,10.308529862074069,10.326196141747074,9.981695685183382,10.140695571899414,2212600,0.0,0.0
2023-02-27 00:00:00-05:00,10.140694708455632,10.158361829039093,10.061195193074088,10.114194869995117,1433300,0.0,0.0
2023-02-28 00:00:00-05:00,10.193694027574645,10.246694540670012,10.131860797642197,10.220193862915039,1278800,0.0,0.0
2023-03-01 00:00:00-05:00,10.282028501006167,10.396862250352434,10.20252814819609,10.264361381530762,1391800,0.0,0.0
2023-03-02 00:00:00-05:00,10.202528773168655,10.273195570569841,10.184861652611021,10.255528450012207,954500,0.0,0.0
2023-03-03 00:00:00-05:00,10.3085281838864,10.352695139500828,10.255527668666167,10.34386157989502,840800,0.0,0.0
2023-03-06 00:00:00-05:00,10.361527467015641,10.414527980242632,10.343861190883029,10.388028144836426,576500,0.0,0.0
2023-03-07 00:00:00-05:00,10.343862367971028,10.361528646113985,10.193695212889837,10.255528450012207,1499200,0.0,0.0
2023-03-08 00:00:00-05:00,10.158361044246112,10.220194276681891,10.131861207832864,10.20252799987793,1046600,0.0,0.0
2023-03-09 00:00:00-05:00,10.317361354169986,10.36152746570321,10.193694051599058,10.246694564819336,1221500,0.0,0.0
2023-03-10 00:00:00-05:00,10.15836255371418,10.220195795337988,10.070028629324685,10.078862190246582,1601800,0.0,0.0
2023-03-13 00:00:00-04:00,10.070027440371572,10.184861191553773,10.017027765927256,10.043527603149414,1461500,0.0,0.0
2023-03-14 00:00:00-04:00,9.972861433435689,10.052361792495015,9.937528034122066,10.03469467163086,1626300,0.0,0.0
2023-03-15 00:00:00-04:00,10.034693954590557,10.087694470981127,9.884526807634344,10.070027351379395,1712400,0.0,0.0
2023-03-16 00:00:00-04:00,9.981695014312992,10.070028091570638,9.937528054476823,10.061195373535156,1558000,0.0,0.0
2023-03-17 00:00:00-04:00,9.972861919321929,10.052362282254581,9.955195640011745,9.964028358459473,1635800,0.0,0.0
2023-03-20 00:00:00-04:00,10.131861355123712,10.335028174603137,10.131861355123712,10.264361381530762,1441400,0.0,0.0
2023-03-21 00:00:00-04:00,10.335028345320653,10.396862422091345,10.290861388317198,10.35269546508789,631400,0.0,0.0
2023-03-22 00:00:00-04:00,10.34386262441812,10.405695863073472,10.299695664343714,10.317362785339355,788600,0.0,0.0
2023-03-23 00:00:00-04:00,10.299695104361634,10.432195977380937,10.246695429085632,10.273195266723633,854200,0.0,0.0
2023-03-24 00:00:00-04:00,10.193695905650697,10.361529350280762,10.184862344771554,10.361529350280762,1065800,0.0,0.0
2023-03-27 00:00:00-04:00,10.405694726697547,10.405694726697547,10.220194188574776,10.22902774810791,1105900,0.0,0.0
2023-03-28 00:00:00-04:00,10.202527610871535,10.246694564819336,10.202527610871535,10.246694564819336,758600,0.0,0.0
2023-03-29 00:00:00-04:00,9.990527519894542,10.025860915549796,9.902193609549107,9.919859886169434,1952300,0.0,0.0
2023-03-30 00:00:00-04:00,9.94636089097674,9.964027168176544,9.884526814740848,9.928693771362305,1200100,0.0,0.0
2023-03-31 00:00:00-04:00,10.025862369392161,10.034695087775848,9.955195567834316,10.01702880859375,1654500,0.0,0.0
2023-04-03 00:00:00-04:00,10.070027351379395,10.087694470981127,10.02586123720432,10.070027351379395,890100,0.0,0.0
2023-04-04 00:00:00-04:00,10.290861690077895,10.379195606675037,10.28202897234991,10.335028648376465,1397300,0.0,0.0
2023-04-05 00:00:00-04:00,10.352695139500828,10.414528371912258,10.317361743492208,10.34386157989502,830700,0.0,0.0
2023-04-06 00:00:00-04:00,10.335028256693167,10.396862332933605,10.299694859876329,10.379195213317871,1674000,0.0,0.0
2023-04-10 00:00:00-04:00,10.317361808745773,10.326194525992832,10.255527733528652,10.290861129760742,868600,0.0,0.0
2023-04-11 00:00:00-04:00,10.379195213317871,10.414528610134708,10.361528093702137,10.379195213317871,616500,0.0,0.0
2023-04-12 00:00:00-04:00,10.326194704198116,10.396862340296465,10.237861633300781,10.237861633300781,1369600,0.0,0.0
2023-04-13 00:00:00-04:00,10.30852779620323,10.405694420969036,10.30852779620323,10.388028144836426,557400,0.0,0.0
2023-04-14 00:00:00-04:00,10.432194443064631,10.458694276805167,10.326193423273441,10.370360374450684,692700,0.0,0.0
2023-04-17 00:00:00-04:00,10.361527856692025,10.388028535509447,10.255527668666167,10.34386157989502,1500100,0.0,0.0
2023-04-18 00:00:00-04:00,10.229028611590431,10.299695408991617,10.229028611590431,10.255528450012207,765200,0.0,0.0
2023-04-19 00:00:00-04:00,10.193695158409543,10.20252871864115,10.140694639434578,10.167195320129395,811300,0.0,0.0
2023-04-20 00:00:00-04:00,10.131861844996182,10.184861521155671,10.043527928177483,10.052361488342285,1959000,0.0,0.0
2023-04-21 00:00:00-04:00,10.10536074816823,10.131861427570831,10.061194633993157,10.070027351379395,834400,0.0,0.0
2023-04-24 00:00:00-04:00,9.89336055241977,9.937527509835299,9.840360877452849,9.875694274902344,946600,0.0,0.0
2023-04-25 00:00:00-04:00,9.831528571003053,9.955195899051148,9.822695009910744,9.858028411865234,1591800,0.0,0.0
2023-04-26 00:00:00-04:00,9.93752772494975,9.964027563006843,9.87569448867831,9.884527206420898,1038600,0.0,0.0
2023-04-27 00:00:00-04:00,9.822694223599578,9.955195102133226,9.822694223599578,9.946361541748047,961400,0.0,0.0
2023-04-28 00:00:00-04:00,9.928694654030439,10.02586213571883,9.893361254075035,9.981695175170898,2014000,0.0,0.0
2023-05-01 00:00:00-04:00,9.964026360262594,9.981693478444523,9.83152634355636,9.84919261932373,1246300,0.0,0.0
2023-05-02 00:00:00-04:00,10.052360686617064,10.061194246077347,9.911027104910925,9.972860336303711,1877300,0.0,0.0
2023-05-03 00:00:00-04:00,9.964027013789448,10.070027202589753,9.955194296533719,10.008193969726562,1577900,0.0,0.0
2023-05-04 00:00:00-04:00,10.052361813084984,10.105361490956634,10.008194853248815,10.061195373535156,848800,0.0,0.0
2023-05-05 00:00:00-04:00,10.131861597504093,10.202528392267002,10.070027520275566,10.158361434936523,1003900,0.0,0.0
2023-05-08 00:00:00-04:00,10.22019442525687,10.290861218329248,10.20252814819609,10.264361381530762,704100,0.0,0.0
2023-05-09 00:00:00-04:00,10.335027782264666,10.396861855666616,10.299694387069806,10.308527946472168,1672900,0.0,0.0
2023-05-10 00:00:00-04:00,10.449862006951545,10.485195403768383,10.299694859876329,10.379195213317871,1925600,0.0,0.0
2023-05-11 00:00:00-04:00,10.26436226476713,10.3350290639203,10.220195304692723,10.317362785339355,1156500,0.0,0.0
2023-05-12 00:00:00-04:00,10.529362746770994,10.529362746770994,10.405695432166741,10.476362228393555,1326200,0.0,0.0
2023-05-15 00:00:00-04:00,10.51169562650696,10.529362746770994,10.432196112562792,10.476362228393555,1007300,0.0,0.0
2023-05-16 00:00:00-04:00,10.211363732749025,10.255529855366008,10.078862837653698,10.096529960632324,1323000,0.0,0.0
2023-05-17 00:00:00-04:00,10.158360656923733,10.26436084094971,10.158360656923733,10.246694564819336,1116500,0.0,0.0
2023-05-18 00:00:00-04:00,10.27319470335897,10.290860980010631,10.149527397138923,10.22902774810791,1628700,0.0,0.0
2023-05-19 00:00:00-04:00,10.343861190883029,10.423361539516227,10.32619407233584,10.388028144836426,2471900,0.0,0.0
2023-05-22 00:00:00-04:00,10.432195877452411,10.458695714836573,10.396862480135313,10.441028594970703,1473400,0.0,0.0
2023-05-23 00:00:00-04:00,10.388029636552687,10.4675299966021,10.379196076010597,10.405695915222168,1060000,0.0,0.0
2023-05-24 00:00:00-04:00,10.432196994899176,10.432196994899176,10.31736323071451,10.361529350280762,1405600,0.0,0.0
2023-05-25 00:00:00-04:00,10.326194852361578,10.352695532184185,10.229028220255945,10.299695014953613,1655400,0.0,0.0
2023-05-26 00:00:00-04:00,10.352694099428502,10.396861050605743,10.299693589532907,10.370360374450684,1847000,0.0,0.0
2023-05-30 00:00:00-04:00,10.591195602126525,10.706029352470642,10.573529324912231,10.688363075256348,2079800,0.0,0.0
2023-05-31 00:00:00-04:00,10.441028594970703,10.511695389604899,10.343861962952346,10.441028594970703,2223400,0.0,0.0
2023-06-01 00:00:00-04:00,10.22019395025191,10.22019395025191,10.10536020624278,10.193694114685059,1725000,0.0,0.0
2023-06-02 00:00:00-04:00,10.290861000252411,10.432195425816724,10.290861000252411,10.396862030029297,2135300,0.0,0.0
2023-06-05 00:00:00-04:00,10.414528543948693,10.529362293477284,10.370361587604677,10.432195663452148,492200,0.0,0.0
2023-06-06 00:00:00-04:00,10.388029637810696,10.600030036358335,10.388029637810696,10.573530197143555,1654200,0.0,0.0
2023-06-07 00:00:00-04:00,10.46752783552352,10.494027669264055,10.352694099428502,10.370360374450684,1284300,0.0,0.0
2023-06-08 00:00:00-04:00,10.26436019707402,10.38802749188739,10.26436019707402,10.370360374450684,676500,0.0,0.0
2023-06-09 00:00:00-04:00,10.335028345320653,10.379195302324108,10.317362067968054,10.35269546508789,615100,0.0,0.0
2023-06-12 00:00:00-04:00,10.432195100075731,10.5381952841282,10.414527981526364,10.529361724853516,703900,0.0,0.0
2023-06-13 00:00:00-04:00,10.72369724689992,10.767863364334028,10.697196565541828,10.741363525390625,1444400,0.0,0.0
2023-06-14 00:00:00-04:00,10.644197787982254,10.688364751566864,10.617697946797394,10.653031349182129,1232300,0.0,0.0
2023-06-15 00:00:00-04:00,10.644195643212273,10.767862105433084,10.63536208379233,10.759029388427734,664300,0.0,0.0
2023-06-16 00:00:00-04:00,10.723696866741525,10.723696866741525,10.600029552031875,10.644196510314941,1382100,0.0,0.0
2023-06-20 00:00:00-04:00,10.547029424984203,10.61769706630821,10.547029424984203,10.600029945373535,1449800,0.0,0.0
2023-06-21 00:00:00-04:00,10.555862842000606,10.591196240975094,10.502863164746216,10.538196563720703,1284300,0.0,0.0
2023-06-22 00:00:00-04:00,10.485195809997638,10.529362768333508,10.449862411811875,10.502862930297852,1137800,0.0,0.0
2023-06-23 00:00:00-04:00,10.396861678289877,10.396861678289877,10.202527586826301,10.220193862915039,959000,0.0,0.0
2023-06-26 00:00:00-04:00,10.220194124313654,10.30852803426036,10.220194124313654,10.282028198242188,887100,0.0,0.0
2023-06-27 00:00:00-04:00,10.352695442777339,10.379195279956448,10.282028648689955,10.326194763183594,776000,0.0,0.0
2023-06-28 00:00:00-04:00,10.237863058552556,10.237863058552556,10.096529451509529,10.140695571899414,1286300,0.0,0.0
2023-06-29 00:00:00-04:00,9.955194059797742,9.990527455224278,9.87569370948439,9.972860336303711,1267400,0.0,0.0
2023-06-30 00:00:00-04:00,9.999361453941248,9.999361453941248,9.928694654030439,9.981695175170898,857700,0.0,0.0
2023-07-03 00:00:00-04:00,9.999360257563703,10.123027563818747,9.999360257563703,10.08769416809082,287700,0.0,0.0
2023-07-05 00:00:00-04:00,9.919861488341121,9.946362171173678,9.840361967087665,9.937528610229492,1213500,0.0,0.0
2023-07-06 00:00:00-04:00,9.946360349541727,9.955193908868086,9.87569355976003,9.911026954650879,1493000,0.0,0.0
2023-07-07 00:00:00-04:00,9.875695534049855,9.928695215774216,9.858028411865234,9.858028411865234,1421800,0.0,0.0
2023-07-10 00:00:00-04:00,9.752026728766692,9.875694038081688,9.752026728766692,9.840360641479492,1005600,0.0,0.0
2023-07-11 00:00:00-04:00,9.893360374548065,9.964027168176544,9.884526814740848,9.928693771362305,781600,0.0,0.0
2023-07-12 00:00:00-04:00,10.096528045933344,10.237861633300781,10.070027366490976,10.237861633300781,646300,0.0,0.0
2023-07-13 00:00:00-04:00,10.343861427805155,10.441028054796528,10.299694472840132,10.423361778259277,443500,0.0,0.0
2023-07-14 00:00:00-04:00,10.432195425816724,10.432195425816724,10.388028470478789,10.396862030029297,493400,0.0,0.0
2023-07-17 00:00:00-04:00,10.290862103845894,10.34386262441812,10.220195304692723,10.317362785339355,858300,0.0,0.0
2023-07-18 00:00:00-04:00,10.26436226476713,10.388029584492527,10.26436226476713,10.317362785339355,635800,0.0,0.0
2023-07-19 00:00:00-04:00,10.335028323048176,10.361528160227286,10.246695251646264,10.326194763183594,989500,0.0,0.0
2023-07-20 00:00:00-04:00,10.299694956736278,10.317362076518156,10.193694765288923,10.2113618850708,795300,0.0,0.0
2023-07-21 00:00:00-04:00,10.335028323048176,10.361528160227286,10.282028648689955,10.326194763183594,536900,0.0,0.0
2023-07-24 00:00:00-04:00,10.37919458556283,10.405694420969036,10.32619407233584,10.388028144836426,323500,0.0,0.0
2023-07-25 00:00:00-04:00,10.282028589956765,10.290861307356256,10.211361796273044,10.237861633300781,382000,0.0,0.0
2023-07-26 00:00:00-04:00,10.158361368139806,10.229028162438041,10.123027970990687,10.2113618850708,757000,0.0,0.0
2023-07-27 00:00:00-04:00,10.299694387069806,10.396861855666616,10.299694387069806,10.308527946472168,625700,0.0,0.0
2023-07-28 00:00:00-04:00,10.335026981991795,10.370360374450684,10.317360706969614,10.370360374450684,369100,0.0,0.0
2023-07-31 00:00:00-04:00,10.290862548077078,10.405696312261746,10.273196268733523,10.361529350280762,1557700,0.0,0.0
2023-08-01 00:00:00-04:00,10.608864385597519,10.670697629167115,10.573530983212784,10.653031349182129,603700,0.0,0.0
2023-08-02 00:00:00-04:00,10.529362293477284,10.529362293477284,10.405694984196964,10.432195663452148,499300,0.0,0.0
2023-08-03 00:00:00-04:00,10.370362911159905,10.388030032918191,10.308529669835366,10.361529350280762,525500,0.0,0.0
2023-08-04 00:00:00-04:00,10.405696239597582,10.494030162942705,10.388029960377393,10.414529800415039,758000,0.0,0.0
2023-08-07 00:00:00-04:00,10.803195350524458,11.059363515654248,10.794362633641892,10.979863166809082,721800,0.0,0.0
2023-08-08 00:00:00-04:00,10.767863046483962,10.90036392211914,10.706029809969678,10.90036392211914,965100,0.0,0.0
2023-08-09 00:00:00-04:00,10.803196444837075,10.926863760280309,10.785530166867852,10.90036392211914,966300,0.0,0.0
2023-08-10 00:00:00-04:00,10.9091966776844,10.997529745844695,10.882695999063168,10.962196350097656,882300,0.0,0.0
2023-08-11 00:00:00-04:00,10.891530361927195,10.909197482311086,10.820863565220966,10.90036392211914,757300,0.0,0.0
2023-08-14 00:00:00-04:00,10.812030487775045,10.829697608947754,10.732530127327262,10.829697608947754,735100,0.0,0.0
2023-08-15 00:00:00-04:00,10.776697391310643,10.865031314832219,10.776697391310643,10.812030792236328,560900,0.0,0.0
2023-08-16 00:00:00-04:00,10.785529439138129,10.820862835107201,10.750196043169057,10.767862319946289,1026000,0.0,0.0
2023-08-17 00:00:00-04:00,10.82086325156706,10.82086325156706,10.73252933703739,10.75019645690918,1336800,0.0,0.0
2023-08-18 00:00:00-04:00,10.74136345556793,10.829697374691323,10.74136345556793,10.794363975524902,878000,0.0,0.0
2023-08-21 00:00:00-04:00,10.838529889166239,10.865029725380143,10.759029538109923,10.820862770080566,960500,0.0,0.0
2023-08-22 00:00:00-04:00,10.820863162038572,10.891529956111775,10.750196367965367,10.77669620513916,1229200,0.0,0.0
2023-08-23 00:00:00-04:00,10.829696091087621,10.94452983537134,10.820862531739353,10.926862716674805,489300,0.0,0.0
2023-08-24 00:00:00-04:00,11.006363477675958,11.085863829954924,10.96219652169713,11.050530433654785,733500,0.0,0.0
2023-08-25 00:00:00-04:00,11.077031369176535,11.12119832953696,11.024030848261084,11.112364768981934,541800,0.0,0.0
2023-08-28 00:00:00-04:00,11.138864055830481,11.236031532287598,11.138864055830481,11.236031532287598,451900,0.0,0.0
2023-08-29 00:00:00-04:00,11.200698210719782,11.359698081837312,11.174197530187973,11.350865364074707,935400,0.0,0.0
2023-08-30 00:00:00-04:00,11.191864496114237,11.191864496114237,11.085864302693615,11.121197700500488,801500,0.0,0.0
2023-08-31 00:00:00-04:00,11.094698256296528,11.112364534619292,11.050531296867597,11.077031135559082,742100,0.0,0.0
2023-09-01 00:00:00-04:00,11.085863351131108,11.094696910428256,10.971029607511936,10.979863166809082,455400,0.0,0.0
2023-09-05 00:00:00-04:00,10.820863420318998,10.856196818198963,10.776696462365377,10.838530540466309,567300,0.0,0.0
2023-09-06 00:00:00-04:00,10.723696472099565,10.759029868942784,10.679529515441885,10.688363075256348,682500,0.0,0.0
2023-09-07 00:00:00-04:00,10.626529154364723,10.653029834195637,10.573529479532182,10.60886287689209,602900,0.0,0.0
2023-09-08 00:00:00-04:00,10.723696057238906,10.767862169773329,10.688362661762607,10.706028938293457,399500,0.0,0.0
2023-09-11 00:00:00-04:00,10.476362318372564,10.494029438788337,10.388029243537707,10.449862480163574,767800,0.0,0.0
2023-09-12 00:00:00-04:00,10.388028920202379,10.467529274769507,10.361528240403574,10.441028594970703,938600,0.0,0.0
2023-09-13 00:00:00-04:00,10.476362462912045,10.547029260720768,10.441029064007683,10.511695861816406,878700,0.0,0.0
2023-09-14 00:00:00-04:00,10.723696530791575,10.79436332486478,10.714862970928767,10.77669620513916,598400,0.0,0.0
2023-09-15 00:00:00-04:00,10.953363924758177,10.988697324163926,10.891530686401792,10.909197807312012,976000,0.0,0.0
2023-09-18 00:00:00-04:00,10.847364120818225,10.873864803146796,10.78553088021434,10.865031242370605,431800,0.0,0.0
2023-09-19 00:00:00-04:00,10.820864048361399,10.856197448292114,10.75019724849997,10.829697608947754,706300,0.0,0.0
2023-09-20 00:00:00-04:00,10.997529355811938,11.103529539293707,10.988695796584814,11.006362915039062,702300,0.0,0.0
2023-09-21 00:00:00-04:00,10.81202921053773,10.87386328492298,10.803195650994894,10.820862770080566,748800,0.0,0.0
2023-09-22 00:00:00-04:00,10.918030504746778,10.944531186062092,10.847363706068652,10.882697105407715,1109800,0.0,0.0
2023-09-25 00:00:00-04:00,10.873863369416567,10.935696601867676,10.865029809805092,10.935696601867676,857500,0.0,0.0
2023-09-26 00:00:00-04:00,10.803196693505493,10.865030773857743,10.794363975524902,10.794363975524902,872600,0.0,0.0
2023-09-27 00:00:00-04:00,10.882696788532776,11.050531062317459,10.873864070766212,11.04169750213623,1014200,0.0,0.0
2023-09-28 00:00:00-04:00,11.04169779302071,11.342032107777223,11.032864232606768,11.333198547363281,1125600,0.0,0.0
2023-09-29 00:00:00-04:00,11.412697617833762,11.474530848921374,11.306697432077316,11.324363708496094,2465800,0.0,0.0
2023-10-02 00:00:00-04:00,11.244864807648508,11.244864807648508,11.077031369176535,11.112364768981934,744200,0.0,0.0
2023-10-03 00:00:00-04:00,11.059365181631735,11.059365181631735,10.900364459989612,10.918030738830566,1205300,0.0,0.0
2023-10-04 00:00:00-04:00,10.882696656005274,10.891530216078928,10.785530022439032,10.838530540466309,1130500,0.0,0.0
2023-10-05 00:00:00-04:00,10.76786264527635,10.820863162038572,10.688363133754974,10.77669620513916,1273500,0.0,0.0
2023-10-06 00:00:00-04:00,10.767862725173243,10.91802987429669,10.732529327874468,10.89153003692627,1277300,0.0,0.0
2023-10-09 00:00:00-04:00,10.820863176064822,10.96219676439443,10.812029616190562,10.944530487060547,1292700,0.0,0.0
2023-10-10 00:00:00-04:00,11.085864067077637,11.112363904265909,11.041697110154093,11.085864067077637,578200,0.0,0.0
2023-10-11 00:00:00-04:00,11.112364768981934,11.156531729342358,11.077031369176535,11.112364768981934,2120700,0.0,0.0
2023-10-12 00:00:00-04:00,11.068196386394355,11.068196386394355,10.759029388427734,10.759029388427734,1407000,0.0,0.0
2023-10-13 00:00:00-04:00,10.661863183815512,10.723697264672182,10.573530106386215,10.600029945373535,971600,0.0,0.0
2023-10-16 00:00:00-04:00,10.767862902291721,10.84736325812531,10.750196624559067,10.838530540466309,563700,0.0,0.0
2023-10-17 00:00:00-04:00,10.89152851569451,10.92686190805823,10.838528848356193,10.84736156463623,921000,0.0,0.0
2023-10-18 00:00:00-04:00,10.891531082284454,10.935698043750682,10.838531402456757,10.865031242370605,1086700,0.0,0.0
2023-10-19 00:00:00-04:00,10.803196042312953,10.83853028176419,10.73252924823975,10.77669620513916,814300,0.0,0.0
2023-10-20 00:00:00-04:00,10.714862912285103,10.759029868942784,10.679529515441885,10.688363075256348,463700,0.0,0.0
2023-10-23 00:00:00-04:00,10.661862135911102,10.706029091492136,10.617696022744681,10.6265287399292,733600,0.0,0.0
2023-10-24 00:00:00-04:00,10.635362470644283,10.767862497104609,10.635362470644283,10.714862823486328,1157500,0.0,0.0
2023-10-25 00:00:00-04:00,10.617696414688643,10.679529649335846,10.582362174987793,10.582362174987793,447200,0.0,0.0
2023-10-26 00:00:00-04:00,10.555862751678976,10.626529549023287,10.511695792735113,10.564696311950684,844100,0.0,0.0
2023-10-27 00:00:00-04:00,10.59119576653868,10.626529163930396,10.44986217697182,10.467529296875,769100,0.0,0.0
2023-10-30 00:00:00-04:00,10.617696022744681,10.697195531893007,10.57352906716365,10.6265287399292,650200,0.0,0.0
2023-10-31 00:00:00-04:00,10.69719609632595,10.723696776521633,10.661862698479695,10.670696258544922,844700,0.0,0.0
2023-11-01 00:00:00-04:00,10.803196534183815,10.882696891739489,10.750196857423148,10.87386417388916,649100,0.0,0.0
2023-11-02 00:00:00-04:00,10.997530777069942,11.085864695927805,10.962197378009732,11.077031135559082,493800,0.0,0.0
2023-11-03 00:00:00-04:00,11.271365470078925,11.297865309284077,11.218364949253921,11.253698348999023,572700,0.0,0.0
2023-11-06 00:00:00-05:00,11.403865109466498,11.430364947744348,11.2536979552009,11.29786491394043,560700,0.0,0.0
2023-11-07 00:00:00-05:00,10.96219760920531,11.156531729342358,10.882697249039486,11.112364768981934,830400,0.0,0.0
2023-11-08 00:00:00-05:00,11.077031531625828,11.156531892957558,11.015198291663244,11.032864570617676,870500,0.0,0.0
2023-11-09 00:00:00-05:00,11.112363749389399,11.32436412877013,11.112363749389399,11.165364265441895,832000,0.0,0.0
2023-11-10 00:00:00-05:00,11.138863978196598,11.191864496114237,11.015197507079867,11.121197700500488,579700,0.0,0.0
2023-11-13 00:00:00-05:00,11.068197827996105,11.068197827996105,10.909197949800832,10.971031188964844,985800,0.0,0.0
2023-11-14 00:00:00-05:00,11.183030690203468,11.227197647094727,11.112363896143306,11.227197647094727,819800,0.0,0.0
2023-11-15 00:00:00-05:00,11.280198400610756,11.306698238335871,11.262531280517578,11.262531280517578,587900,0.0,0.0
2023-11-16 00:00:00-05:00,11.289031285248484,11.368531642014581,11.289031285248484,11.350865364074707,422100,0.0,0.0
2023-11-17 00:00:00-05:00,11.368530599263337,11.395030434949849,11.315530927890318,11.377364158630371,796700,0.0,0.0
2023-11-20 00:00:00-05:00,11.448031964300833,11.492198922639492,11.359698047623516,11.4656982421875,639400,0.0,0.0
2023-11-21 00:00:00-05:00,11.474532073850364,11.474532073850364,11.359698316418502,11.386198997497559,730300,0.0,0.0
2023-11-22 00:00:00-05:00,11.262531515431741,11.32436475221828,11.209530996461371,11.29786491394043,576300,0.0,0.0
2023-11-24 00:00:00-05:00,11.24486353337413,11.306697607837531,11.24486353337413,11.271364212036133,490400,0.0,0.0
2023-11-27 00:00:00-05:00,11.333198547363281,11.359698386190418,11.280198869709006,11.333198547363281,848900,0.0,0.0
2023-11-28 00:00:00-05:00,11.474531666776027,11.571699142456055,11.465698106729723,11.571699142456055,932100,0.0,0.0
2023-11-29 00:00:00-05:00,11.492198618816053,11.527532016069927,11.448031661645052,11.483365058898926,565500,0.0,0.0
2023-11-30 00:00:00-05:00,11.518698389301482,11.536365509033203,11.448031595203867,11.536365509033203,933000,0.0,0.0
2023-12-01 00:00:00-05:00,11.289031339875939,11.43919849395752,11.262531501630562,11.43919849395752,714500,0.0,0.0
2023-12-04 00:00:00-05:00,11.492199897766113,11.536366859852391,11.386199694207889,11.492199897766113,1211300,0.0,0.0
2023-12-05 00:00:00-05:00,11.492199482056598,11.55403272129184,11.47453236089527,11.509865760803223,758200,0.0,0.0
2023-12-06 00:00:00-05:00,11.739533117280452,11.739533117280452,11.58053239871032,11.58936595916748,598700,0.0,0.0
2023-12-07 00:00:00-05:00,11.607032775878906,11.633532614141176,11.509865298226131,11.607032775878906,578900,0.0,0.0
2023-12-08 00:00:00-05:00,11.624698728205814,11.677699245660015,11.580531770729753,11.598198890686035,441800,0.0,0.0
2023-12-11 00:00:00-05:00,11.73953309962845,11.766032938545393,11.695366139823745,11.73069953918457,627500,0.0,0.0
2023-12-12 00:00:00-05:00,11.748366660072326,11.766032938545393,11.704199700267624,11.73069953918457,579500,0.0,0.0
2023-12-13 00:00:00-05:00,11.872032090148592,12.21653333536103,11.819032416986442,12.2076997756958,804300,0.0,0.0
2023-12-14 00:00:00-05:00,12.366701684501056,12.472701883564158,12.366701684501056,12.410868644714355,722000,0.0,0.0
2023-12-15 00:00:00-05:00,12.375534057617188,12.463867127153696,12.331367101641623,12.375534057617188,638700,0.0,0.0
2023-12-18 00:00:00-05:00,12.119366859968924,12.145866696886033,12.066366343720077,12.128199577331543,865100,0.0,0.0
2023-12-19 00:00:00-05:00,12.119366256482097,12.234200000624236,12.11053269714472,12.163533210754395,826000,0.0,0.0
2023-12-20 00:00:00-05:00,12.19003334941332,12.260700141040036,12.145866394042969,12.145866394042969,683700,0.0,0.0
2023-12-21 00:00:00-05:00,12.243033171942105,12.269533850937796,12.154700102533651,12.2076997756958,653800,0.0,0.0
2023-12-22 00:00:00-05:00,12.181199701766058,12.243032933388628,12.128199187221998,12.17236614227295,565600,0.0,0.0
2023-12-26 00:00:00-05:00,12.207700100988058,12.225367220789286,12.181200263700855,12.216533660888672,460100,0.0,0.0
2023-12-27 00:00:00-05:00,11.8631983555364,12.110532108049743,11.819031403412524,12.092864990234375,677500,0.0,0.0
2023-12-28 00:00:00-05:00,12.69942046940891,12.75532350972767,12.54102704090108,12.643516540527344,649300,0.711,0.0
2023-12-29 00:00:00-05:00,12.606247723136569,12.606247723136569,12.485123282706263,12.522392272949219,863400,0.0,0.0
2024-01-02 00:00:00-05:00,12.45717128378037,12.45717128378037,12.205605831441835,12.27082633972168,1464900,0.0,0.0
2024-01-03 00:00:00-05:00,12.0472133452746,12.084482336989424,11.991309413420938,12.065847396850586,758800,0.0,0.0
2024-01-04 00:00:00-05:00,12.047212772585878,12.047212772585878,11.91677086350339,11.926088333129883,836600,0.0,0.0
2024-01-05 00:00:00-05:00,11.916771463499801,12.009944387330277,11.907453993404182,11.963357925415039,738500,0.0,0.0
2024-01-08 00:00:00-05:00,11.991308141270629,12.047212067193477,11.916770165748668,12.000625610351562,671600,0.0,0.0
2024-01-09 00:00:00-05:00,11.944721778645768,11.954039247800196,11.83291481448092,11.888818740844727,831800,0.0,0.0
2024-01-10 00:00:00-05:00,11.907454065147824,11.972675467647266,11.88882001340717,11.95404052734375,515100,0.0,0.0
2024-01-11 00:00:00-05:00,11.916771463499801,12.02857843895866,11.898137411871419,11.963357925415039,705300,0.0,0.0
2024-01-12 00:00:00-05:00,12.028577271603076,12.08448119818854,11.972674233580381,11.981990814208984,601900,0.0,0.0
2024-01-16 00:00:00-05:00,11.572032045994703,11.646570023057249,11.534763057463431,11.562714576721191,685200,0.0,0.0
2024-01-17 00:00:00-05:00,11.478860148649574,11.590667124161541,11.478860148649574,11.553398132324219,562700,0.0,0.0
2024-01-18 00:00:00-05:00,11.730426716137567,11.786329760594628,11.693157723645237,11.739744186401367,877600,0.0,0.0
2024-01-19 00:00:00-05:00,11.721108757406329,11.795646739284681,11.683839766467154,11.78632926940918,902100,0.0,0.0
2024-01-22 00:00:00-05:00,11.758377075195312,11.823597583464382,11.749059605853223,11.758377075195312,506900,0.0,0.0
2024-01-23 00:00:00-05:00,11.758377748345506,11.804964209160184,11.702474706218158,11.78632926940918,813100,0.0,0.0
2024-01-24 00:00:00-05:00,11.860867251287532,11.898137130789541,11.77701268809651,11.78632926940918,683900,0.0,0.0
2024-01-25 00:00:00-05:00,11.944723057191993,11.963357997495507,11.860867602951897,11.95404052734375,662300,0.0,0.0
2024-01-26 00:00:00-05:00,12.131068693540147,12.252192249140474,12.131068693540147,12.177654266357422,627200,0.0,0.0
2024-01-29 00:00:00-05:00,12.177653914653105,12.224240374687755,12.159019863776937,12.214922904968262,780500,0.0,0.0
2024-01-30 00:00:00-05:00,12.205606323811587,12.280144304441897,12.159019863776937,12.214922904968262,1193600,0.0,0.0
2024-01-31 00:00:00-05:00,12.261508663194133,12.410584615922135,12.261508663194133,12.289460182189941,1120400,0.0,0.0
2024-02-01 00:00:00-05:00,12.876447510535844,13.04415840291339,12.83917852207003,12.99757194519043,1490300,0.0,0.0
2024-02-02 00:00:00-05:00,13.286408640814306,13.491387654209143,13.23050470807571,13.258456230163574,1532700,0.0,0.0
2024-02-05 00:00:00-05:00,13.16528355501095,13.183917605977932,13.090745574017372,13.12801456451416,1413100,0.0,0.0
2024-02-06 00:00:00-05:00,13.137333231910137,13.202553749084473,13.118698290681525,13.202553749084473,1394200,0.0,0.0
2024-02-07 00:00:00-05:00,13.267772674560547,13.370263061896617,13.249138624130314,13.267772674560547,578700,0.0,0.0
2024-02-08 00:00:00-05:00,13.249138211245079,13.249138211245079,12.997571874055566,13.006889343261719,636400,0.0,0.0
2024-02-09 00:00:00-05:00,13.006890578105827,13.034842099815169,12.94167006459641,12.978939056396484,418900,0.0,0.0
2024-02-12 00:00:00-05:00,13.02552421501683,13.221186637878418,13.016207633785575,13.221186637878418,850200,0.0,0.0
2024-02-13 00:00:00-05:00,13.230504066239625,13.24913900576943,13.090745574017372,13.12801456451416,858200,0.0,0.0
2024-02-14 00:00:00-05:00,13.183917647264916,13.221186637878418,13.128014605626078,13.221186637878418,584100,0.0,0.0
2024-02-15 00:00:00-05:00,13.3236763627076,13.426165859632652,13.314358893379108,13.398214340209961,497300,0.0,0.0
2024-02-16 00:00:00-05:00,13.603194450996247,13.65909749078014,13.510021533272695,13.575242042541504,795700,0.0,0.0
2024-02-20 00:00:00-05:00,14.264719919671707,14.301988909677736,13.929298121054638,13.957249641418457,2561700,0.0,0.0
2024-02-21 00:00:00-05:00,13.733636361476417,13.733636361476417,13.472753418895127,13.58456039428711,1419600,0.0,0.0
2024-02-22 00:00:00-05:00,13.715002521306495,13.817492028188534,13.547291611351458,13.565926551818848,1900100,0.0,0.0
2024-02-23 00:00:00-05:00,13.584558764753288,13.677731677351488,13.537972308454187,13.556607246398926,1409400,0.0,0.0
2024-02-26 00:00:00-05:00,13.463435525048126,13.52865692506277,13.379580074002748,13.426166534423828,878600,0.0,0.0
2024-02-27 00:00:00-05:00,13.286407965848316,13.323676956259781,13.211869985025386,13.230504035949707,457600,0.0,0.0
2024-02-28 00:00:00-05:00,13.249138274791882,13.37026270936451,13.249138274791882,13.305041313171387,605100,0.0,0.0
2024-02-29 00:00:00-05:00,13.528655777662069,13.556607296118944,13.332993371338434,13.342309951782227,1072000,0.0,0.0
2024-03-01 00:00:00-05:00,13.332994502144494,13.44480147401739,13.258455632333071,13.426166534423828,815200,0.0,0.0
2024-03-04 00:00:00-05:00,13.398215085222187,13.48207053671585,13.388897615375594,13.416849136352539,837400,0.0,0.0
2024-03-05 00:00:00-05:00,13.454117522363696,13.50070398093959,13.379579544067383,13.379579544067383,768300,0.0,0.0
2024-03-06 00:00:00-05:00,13.472752922920455,13.510021913345792,13.3795800025757,13.435483932495117,866700,0.0,0.0
2024-03-07 00:00:00-05:00,13.482068879761155,13.51933786600431,13.426164956115063,13.491385459899902,1290900,0.0,0.0
2024-03-08 00:00:00-05:00,13.537974141117763,13.593878073957065,13.519340089213241,13.565926551818848,965400,0.0,0.0
2024-03-11 00:00:00-04:00,13.444800979922578,13.528656427886279,13.435483510468213,13.482069969177246,856000,0.0,0.0
2024-03-12 00:00:00-04:00,13.407532411816819,13.444801402242158,13.323676961219105,13.435483932495117,1362800,0.0,0.0
2024-03-13 00:00:00-04:00,13.435484004220609,13.472752994844907,13.407532483393092,13.426166534423828,502900,0.0,0.0
2024-03-14 00:00:00-04:00,13.454118304037294,13.52865717522705,13.454118304037294,13.500704765319824,941800,0.0,0.0
2024-03-15 00:00:00-04:00,13.351629155206949,13.407533087945547,13.24913964850953,13.258456230163574,503000,0.0,0.0
2024-03-18 00:00:00-04:00,13.258455765808685,13.277090705589849,13.19323525370028,13.211870193481445,535800,0.0,0.0
2024-03-19 00:00:00-04:00,13.044158792618425,13.100062721268708,12.988254863968143,13.062793731689453,1065700,0.0,0.0
2024-03-20 00:00:00-04:00,12.988255006284037,13.044158935546875,12.792592586708322,13.044158935546875,1253300,0.0,0.0
2024-03-21 00:00:00-04:00,13.407532442078482,13.426166493051799,13.277090531013974,13.33299446105957,897900,0.0,0.0
2024-03-22 00:00:00-04:00,13.3609454937747,13.491386511511854,13.351628024346963,13.379579544067383,694200,0.0,0.0
2024-03-25 00:00:00-04:00,13.249139538863302,13.258456120440245,13.1466491444512,13.174601554870605,642100,0.0,0.0
2024-03-26 00:00:00-04:00,13.351628512032887,13.388897502542342,13.277090531013974,13.33299446105957,717600,0.0,0.0
2024-03-27 00:00:00-04:00,13.551938037923552,13.551938037923552,13.353755059304465,13.363192558288574,536800,0.182,0.0
2024-03-28 00:00:00-04:00,13.268820568949797,13.334881263315632,13.183884876188317,13.231071472167969,927600,0.0,0.0
2024-04-01 00:00:00-04:00,13.051763404471021,13.089512503615897,12.98570270596987,13.023451805114746,822000,0.0,0.0
2024-04-02 00:00:00-04:00,12.919640911342606,12.929078410987946,12.768644517055195,12.796957015991211,861700,0.0,0.0
2024-04-03 00:00:00-04:00,12.636523437716626,12.693146636984093,12.579899338439635,12.674272537231445,4305200,0.0,0.0
2024-04-04 00:00:00-04:00,12.75920823614217,12.815831435409635,12.645960037588187,12.674272537231445,1432000,0.0,0.0
2024-04-05 00:00:00-04:00,12.636522425156837,12.664834022521973,12.551586733051979,12.664834022521973,974600,0.0,0.0
2024-04-08 00:00:00-04:00,12.796956893030215,12.900766688102966,12.778081893920898,12.778081893920898,860000,0.0,0.0
2024-04-09 00:00:00-04:00,12.712021319202167,12.796957015991211,12.664834720984974,12.796957015991211,1943300,0.0,0.0
2024-04-10 00:00:00-04:00,12.598774081747402,12.712021377986654,12.428902687383772,12.438340187072754,1619300,0.0,0.0
2024-04-11 00:00:00-04:00,12.306216436113326,12.485524408951338,12.221280748976069,12.343965530395508,1433100,0.0,0.0
2024-04-12 00:00:00-04:00,11.928727024442345,11.966476123569937,11.692794929892525,11.72110652923584,1578600,0.0,0.0
2024-04-15 00:00:00-04:00,11.80604241938183,11.84379151912367,11.739980819826464,11.758855819702148,1249000,0.0,0.0
2024-04-16 00:00:00-04:00,11.673919415059459,11.692794413794905,11.598421220136624,11.61729621887207,537800,0.0,0.0
2024-04-17 00:00:00-04:00,11.532361482749293,11.588984683641227,11.419114180955873,11.43798828125,794600,0.0,0.0
2024-04-18 00:00:00-04:00,11.485174179077148,11.541797376503595,11.428550081641205,11.485174179077148,1074300,0.0,0.0
2024-04-19 00:00:00-04:00,11.485174309473642,11.570110006587123,11.475736809792254,11.5134859085083,451300,0.0,0.0
2024-04-22 00:00:00-04:00,11.758855251127327,11.853228445923472,11.730543652692278,11.83435344696045,842600,0.0,0.0
2024-04-23 00:00:00-04:00,11.862665747339713,12.004225547910387,11.862665747339713,11.975913047790527,625100,0.0,0.0
2024-04-24 00:00:00-04:00,11.957037801921086,11.985349399318409,11.89097710799085,11.938162803649902,436100,0.0,0.0
2024-04-25 00:00:00-04:00,11.692793480509799,11.843789858303374,11.692793480509799,11.80604076385498,343800,0.0,0.0
2024-04-26 00:00:00-04:00,11.862664346935912,11.947600037249632,11.853227748019503,11.881539344787598,346300,0.0,0.0
2024-04-29 00:00:00-04:00,11.88153960065313,11.97591189191554,11.88153960065313,11.928726196289062,381300,0.0,0.0
2024-04-30 00:00:00-04:00,11.862664602394975,11.97591189191554,11.853228003275353,11.928726196289062,765500,0.0,0.0
2024-05-01 00:00:00-04:00,11.909851835955559,11.994787532647738,11.834353638897957,11.872102737426758,463800,0.0,0.0
2024-05-02 00:00:00-04:00,11.900414152293884,12.041973944594945,11.872102553837466,12.023098945617676,329700,0.0,0.0
2024-05-03 00:00:00-04:00,12.108035148736217,12.126910148504994,12.032536949680162,12.117472648620605,319500,0.0,0.0
2024-05-06 00:00:00-04:00,12.145783362538447,12.202407457705965,12.117471764959419,12.136345863342285,258300,0.0,0.0
2024-05-07 00:00:00-04:00,12.315654692757322,12.45721358002659,12.268468096997747,12.306217193603516,522700,0.0,0.0
2024-05-08 00:00:00-04:00,12.230718185612398,12.362840464935664,12.230718185612398,12.334527969360352,513900,0.0,0.0
2024-05-09 00:00:00-04:00,12.353403224703943,12.391152319584245,12.334528227259083,12.381714820861816,560400,0.0,0.0
2024-05-10 00:00:00-04:00,12.504400505105504,12.504400505105504,12.343966615303392,12.372278213500977,400000,0.0,0.0
2024-05-13 00:00:00-04:00,12.41002768800581,12.476089285819171,12.41002768800581,12.438340187072754,247800,0.0,0.0
2024-05-14 00:00:00-04:00,12.608209866102793,12.674271459644206,12.579898268876159,12.655396461486816,355000,0.0,0.0
2024-05-15 00:00:00-04:00,12.74976986137934,12.900766249077332,12.74976986137934,12.881891250610352,740700,0.0,0.0
2024-05-16 00:00:00-04:00,13.165009995737211,13.231071590704348,13.023451106539502,13.070637702941895,1072900,0.0,0.0
2024-05-17 00:00:00-04:00,12.985702391698519,13.042325589040715,12.92907829434683,12.966827392578125,421500,0.0,0.0
2024-05-20 00:00:00-04:00,12.91964110450694,12.976265203216071,12.82526880667108,12.83470630645752,430300,0.0,0.0
2024-05-21 00:00:00-04:00,12.815830798733563,12.825268298145804,12.712021005227346,12.74033260345459,486200,0.0,0.0
2024-05-22 00:00:00-04:00,12.693145751953125,12.787518944164754,12.674271653516476,12.693145751953125,550500,0.0,0.0
2024-05-23 00:00:00-04:00,12.570462097653799,12.598774597880618,12.466652296850759,12.542150497436523,458300,0.0,0.0
2024-05-24 00:00:00-04:00,12.617648186037318,12.645959785105797,12.570461587583514,12.62708568572998,226000,0.0,0.0
2024-05-28 00:00:00-04:00,12.589337227212908,12.62708632789382,12.523276526023702,12.570462226867676,340900,0.0,0.0
2024-05-29 00:00:00-04:00,12.457213339731037,12.523274932523918,12.419464243853437,12.447775840759277,473900,0.0,0.0
2024-05-30 00:00:00-04:00,12.56102498790036,12.721457982628078,12.513838389446557,12.62708568572998,811100,0.0,0.0
2024-05-31 00:00:00-04:00,12.645959531503058,12.778081824522216,12.598773834005026,12.759207725524902,847100,0.0,0.0
2024-06-03 00:00:00-04:00,12.844141889817816,12.881890985966804,12.768643697519844,12.825267791748047,484000,0.0,0.0
2024-06-04 00:00:00-04:00,12.561025048876358,12.693146445176966,12.561025048876358,12.636523246765137,674500,0.0,0.0
2024-06-05 00:00:00-04:00,12.730895608825701,12.83470630645752,12.674272410126088,12.83470630645752,477700,0.0,0.0
2024-06-06 00:00:00-04:00,12.910203483085628,12.91964008211579,12.796956194638668,12.825267791748047,536700,0.0,0.0
2024-06-07 00:00:00-04:00,12.759207794821078,12.834705991239352,12.759207794821078,12.778081893920898,454300,0.0,0.0
2024-06-10 00:00:00-04:00,12.693145619887108,12.712020618136833,12.636522425156837,12.664834022521973,666500,0.0,0.0
2024-06-11 00:00:00-04:00,12.579899466983438,12.721458366608102,12.561025367037931,12.702584266662598,748500,0.0,0.0
2024-06-12 00:00:00-04:00,12.815831566364237,12.815831566364237,12.693146766685077,12.702584266662598,439500,0.0,0.0
2024-06-13 00:00:00-04:00,12.523276336381205,12.542150436431069,12.447777236153126,12.532712936401367,452300,0.0,0.0
2024-06-14 00:00:00-04:00,12.391153718221528,12.504401015645096,12.372278718646175,12.466651916503906,806200,0.0,0.0
2024-06-17 00:00:00-04:00,12.476088970795347,12.5798987647244,12.391153275758176,12.56102466583252,421500,0.0,0.0
2024-06-18 00:00:00-04:00,12.513837189061427,12.63652197326902,12.46665059513398,12.5798978805542,797000,0.0,0.0
2024-06-20 00:00:00-04:00,12.542149605392986,12.579898703001014,12.410027313760148,12.551587104797363,728900,0.0,0.0
2024-06-21 00:00:00-04:00,12.579899338439635,12.674272537231445,12.551587738805903,12.674272537231445,519300,0.0,0.0
2024-06-24 00:00:00-04:00,12.68370850699062,12.759207602279073,12.655396908763375,12.74033260345459,674100,0.0,0.0
2024-06-25 00:00:00-04:00,12.730895357365362,12.787519454956055,12.674272159784168,12.787519454956055,350000,0.0,0.0
2024-06-26 00:00:00-04:00,12.683709266707556,12.721458366608102,12.64596016680701,12.702584266662598,559900,0.0,0.0
2024-06-27 00:00:00-04:00,12.598774023486607,12.834706114563064,12.598774023486607,12.796957015991211,691800,0.0,0.0
2024-06-28 00:00:00-04:00,13.05518901170967,13.141267329361972,13.026496543197947,13.074317932128906,602300,0.18,0.0
2024-07-01 00:00:00-04:00,12.902163358758969,12.940420293594268,12.749135619417768,12.796957015991211,624300,0.0,0.0
2024-07-02 00:00:00-04:00,12.576978647500994,12.720442833695465,12.557850636612082,12.710878372192383,912800,0.0,0.0
2024-07-03 00:00:00-04:00,12.720442259333531,12.787391662597656,12.663056405023417,12.787391662597656,356700,0.0,0.0
2024-07-05 00:00:00-04:00,12.75869976759054,12.777827778479452,12.663056976794227,12.710878372192383,613800,0.0,0.0
2024-07-08 00:00:00-04:00,12.672620226413425,12.710877156649987,12.55784943570374,12.615234375,1170600,0.0,0.0
2024-07-09 00:00:00-04:00,12.567414283752441,12.615234763934602,12.538720901102513,12.567414283752441,1078300,0.0,0.0
2024-07-10 00:00:00-04:00,12.634363780376965,12.768263497395093,12.55784991697152,12.682185173034668,1075600,0.0,0.0
2024-07-11 00:00:00-04:00,12.672620926941478,12.80652064622985,12.672620926941478,12.777827262878418,863600,0.0,0.0
2024-07-12 00:00:00-04:00,12.835213784984496,12.84477824659906,12.787392389028946,12.816084861755371,826400,0.0,0.0
2024-07-15 00:00:00-04:00,12.73000630454666,12.73000630454666,12.586542129516602,12.586542129516602,383400,0.0,0.0
2024-07-16 00:00:00-04:00,12.663057699194992,12.77782850742765,12.643929687214866,12.739571571350098,434800,0.0,0.0
2024-07-17 00:00:00-04:00,12.739570645432613,12.949984234624857,12.691750162899263,12.863905906677246,629500,0.0,0.0
2024-07-18 00:00:00-04:00,13.045626032740829,13.055189581250534,12.940418790079562,12.997804641723633,453000,0.0,0.0
2024-07-19 00:00:00-04:00,12.949984081335122,12.949984081335122,12.739570494633558,12.758699417114258,291400,0.0,0.0
2024-07-22 00:00:00-04:00,12.873469486247997,13.11257553100586,12.873469486247997,13.11257553100586,858100,0.0,0.0
2024-07-23 00:00:00-04:00,13.093446225197772,13.112575146033038,12.997804357372887,13.03606128692627,434700,0.0,0.0
2024-07-24 00:00:00-04:00,13.103011070307423,13.208218313755875,13.103011070307423,13.11257553100586,399100,0.0,0.0
2024-07-25 00:00:00-04:00,13.141267976474332,13.294295698895205,13.141267976474332,13.246475219726562,436200,0.0,0.0
2024-07-26 00:00:00-04:00,13.370809692937232,13.504709407444302,13.332552761951952,13.485581398010254,353900,0.0,0.0
2024-07-29 00:00:00-04:00,13.51427443269912,13.581223836690482,13.466453038940768,13.533402442932129,316000,0.0,0.0
2024-07-30 00:00:00-04:00,13.504709971524006,13.562095826457472,13.437760567532644,13.533402442932129,252200,0.0,0.0
2024-07-31 00:00:00-04:00,13.896843623209216,14.030743342005293,13.829894219869784,13.935100555419922,641400,0.0,0.0
2024-08-01 00:00:00-04:00,13.609915958525155,13.676866272914104,13.523838546511701,13.581223487854004,555500,0.0,0.0
2024-08-02 00:00:00-04:00,13.600352891663992,13.667302296308206,13.495145641946248,13.648174285888672,695600,0.0,0.0
2024-08-05 00:00:00-04:00,13.141267676401968,13.198653527058013,12.988239957475384,13.026496887207031,647500,0.0,0.0
2024-08-06 00:00:00-04:00,12.634363273219563,12.825647924054797,12.60567080362357,12.749134063720703,688000,0.0,0.0
2024-08-07 00:00:00-04:00,13.34211744030978,13.456888235137292,13.16996170412711,13.198654174804688,781000,0.0,0.0
2024-08-08 00:00:00-04:00,13.581223487854004,13.648173802242953,13.495145163723354,13.581223487854004,590600,0.0,0.0
2024-08-09 00:00:00-04:00,13.437761430903473,13.466453904155076,13.236912293907693,13.418632507324219,421300,0.0,0.0
2024-08-12 00:00:00-04:00,13.370809841260742,13.437760155315553,13.265603507913456,13.332552909851074,400900,0.0,0.0
2024-08-13 00:00:00-04:00,13.590787948783454,13.609915958525155,13.485581614911101,13.581223487854004,641200,0.0,0.0
2024-08-14 00:00:00-04:00,13.552531468513884,13.552531468513884,13.485582064012561,13.523838996887207,425800,0.0,0.0
2024-08-15 00:00:00-04:00,13.542966904107244,13.562095826457472,13.466453038940768,13.533402442932129,790300,0.0,0.0
2024-08-16 00:00:00-04:00,13.42819610635753,13.533402442932129,13.380374712599178,13.533402442932129,519200,0.0,0.0
2024-08-19 00:00:00-04:00,13.715123108019657,13.944664696008283,13.715123108019657,13.849021911621094,417700,0.0,0.0
2024-08-20 00:00:00-04:00,13.887280299579405,13.944665242767986,13.858586915867889,13.906408309936523,554000,0.0,0.0
2024-08-21 00:00:00-04:00,13.982920569381246,14.135948283128803,13.982920569381246,14.126384735107422,396000,0.0,0.0
2024-08-22 00:00:00-04:00,14.126385549872653,14.126385549872653,13.992485836562068,14.011613845825195,372900,0.0,0.0
2024-08-23 00:00:00-04:00,14.202899398539245,14.4420054428775,14.202899398539245,14.403748512268066,593400,0.0,0.0
2024-08-26 00:00:00-04:00,14.461134699454238,14.48982717185686,14.35592835923312,14.365492820739746,260900,0.0,0.0
2024-08-27 00:00:00-04:00,14.39418382773698,14.480262148298863,14.365491358255404,14.432440757751465,269200,0.0,0.0
2024-08-28 00:00:00-04:00,14.145513662714324,14.222027524561442,13.963793468856714,14.002050399780273,483200,0.0,0.0
2024-08-29 00:00:00-04:00,14.088127810270395,14.116821192550951,13.992485939020089,14.002050399780273,259000,0.0,0.0
2024-08-30 00:00:00-04:00,13.906407514585062,14.011613845825195,13.89684305389491,14.011613845825195,624300,0.0,0.0
2024-09-03 00:00:00-04:00,14.2507201267956,14.365491832747123,14.183770725088204,14.241156578063965,477300,0.0,0.0
2024-09-04 00:00:00-04:00,14.2411560089706,14.403748188434495,14.212462627570746,14.317669868469238,743100,0.0,0.0
2024-09-05 00:00:00-04:00,14.776753080127168,14.901088330301718,14.738496150236319,14.82457447052002,742200,0.0,0.0
2024-09-06 00:00:00-04:00,14.862832491723879,14.881961414132435,14.642855356728822,14.681112289428711,793900,0.0,0.0
2024-09-09 00:00:00-04:00,14.786318050211664,14.834139442252589,14.70980418779306,14.757625579833984,605800,0.0,0.0
2024-09-10 00:00:00-04:00,14.690676188866602,14.73849758391124,14.556777377282314,14.633291244506836,889100,0.0,0.0
2024-09-11 00:00:00-04:00,14.623726434320266,14.690675838515766,14.489826713812043,14.681112289428711,843700,0.0,0.0
2024-09-12 00:00:00-04:00,14.776752695081623,14.786317155334398,14.661981908399717,14.74806022644043,1188800,0.0,0.0
2024-09-13 00:00:00-04:00,15.082809820355584,15.20714416161955,14.881960705219454,14.90108871459961,1081600,0.0,0.0
2024-09-16 00:00:00-04:00,14.958474724151142,15.0349885867101,14.920217792871663,15.006295204162598,1042700,0.0,0.0
2024-09-17 00:00:00-04:00,15.044551301194165,15.082809142469367,14.853266655403857,14.862831115722656,976600,0.0,0.0
2024-09-18 00:00:00-04:00,14.910653400571569,15.03498865583078,14.767189223526081,14.872396469116211,1045800,0.0,0.0
2024-09-19 00:00:00-04:00,14.939345382857526,14.958474304018594,14.795882122618172,14.805445671081543,920100,0.0,0.0
2024-09-20 00:00:00-04:00,14.738496658170739,14.80544605975772,14.671547256583757,14.757625579833984,1636500,0.0,0.0
2024-09-23 00:00:00-04:00,14.738496434003803,14.843703677317112,14.709803964062525,14.786317825317383,613400,0.0,0.0
2024-09-24 00:00:00-04:00,14.824574167396115,15.02542327324552,14.805445246783247,14.99673080444336,493600,0.0,0.0
2024-09-25 00:00:00-04:00,14.604598106626296,14.690675519242404,14.518519781892985,14.595033645629883,530900,0.0,0.0
2024-09-26 00:00:00-04:00,14.929781537351895,15.130630657231839,14.929781537351895,15.111502647399902,647900,0.0,0.0
2024-09-27 00:00:00-04:00,14.843704499167648,15.025424701679933,14.824575576736237,14.929781913757324,556000,0.0,0.0
2024-09-30 00:00:00-04:00,14.979130995380123,15.075895779483378,14.814632338912382,14.882367134094238,415000,0.181,0.0
2024-10-01 00:00:00-04:00,14.950102151308265,14.959778814425778,14.708191110274742,14.785602569580078,565500,0.0,0.0
2024-10-02 00:00:00-04:00,14.621103174151672,14.65013316387411,14.42757452342242,14.475956916809082,868200,0.0,0.0
2024-10-03 00:00:00-04:00,14.359840028376372,14.369516691820696,14.292105229900939,14.311457633972168,510400,0.0,0.0
2024-10-04 00:00:00-04:00,14.572721799624864,14.679162327523105,14.369516484315561,14.514662742614746,571600,0.0,0.0
2024-10-07 00:00:00-04:00,14.611427036818284,14.65013276591272,14.57272130772385,14.601750373840332,410300,0.0,0.0
2024-10-08 00:00:00-04:00,14.379191256852435,14.437250309954246,14.321133126567966,14.408221244812012,541400,0.0,0.0
2024-10-09 00:00:00-04:00,14.39854567907569,14.456603813783172,14.330810880977825,14.379192352294922,310800,0.0,0.0
2024-10-10 00:00:00-04:00,14.437251013089632,14.534015798699592,14.417897686840686,14.504985809326172,415000,0.0,0.0
2024-10-11 00:00:00-04:00,14.504985780822956,14.717867755056107,14.446927647824978,14.67916202545166,1369200,0.0,0.0
2024-10-14 00:00:00-04:00,14.592073980814966,14.708191170246431,14.572721577318417,14.611427307128906,335700,0.0,0.0
2024-10-15 00:00:00-04:00,14.601750962443111,14.688839087120492,14.543691905052388,14.55336856842041,732600,0.0,0.0
2024-10-16 00:00:00-04:00,15.143630395386383,15.201689449724476,15.095248926724896,15.192012786865234,879900,0.0,0.0
2024-10-17 00:00:00-04:00,15.162983990845648,15.230718786430584,15.075895869197941,15.201689720153809,829300,0.0,0.0
2024-10-18 00:00:00-04:00,15.23071888286682,15.259748872144783,15.172660749945662,15.240395545959473,497600,0.0,0.0
2024-10-21 00:00:00-04:00,15.104924472519105,15.172660188845366,15.046866341744995,15.114601135253906,965300,0.0,0.0
2024-10-22 00:00:00-04:00,15.288778226088997,15.462953550944974,15.288778226088997,15.356513023376465,735400,0.0,0.0
2024-10-23 00:00:00-04:00,14.959779245672125,15.095249764770372,14.950102582275662,15.046867370605469,465800,0.0,0.0
2024-10-24 00:00:00-04:00,15.37586596344922,15.39521836669461,15.172660653877031,15.201689720153809,685400,0.0,0.0
2024-10-25 00:00:00-04:00,15.327484035534662,15.395218833171972,15.279101641729122,15.288778305053711,499200,0.0,0.0
2024-10-28 00:00:00-04:00,15.327482783236741,15.327482783236741,15.172659873962402,15.172659873962402,412200,0.0,0.0
2024-10-29 00:00:00-04:00,15.143630298262389,15.2113660150253,15.114601232688203,15.15330696105957,332600,0.0,0.0
2024-10-30 00:00:00-04:00,15.31780764251556,15.47263056717144,15.259749507178315,15.298455238342285,696400,0.0,0.0
2024-10-31 00:00:00-04:00,15.240395959767431,15.395218882184125,15.211366892518654,15.22104263305664,693900,0.0,0.0
2024-11-01 00:00:00-04:00,15.356512910222424,15.385541977014952,15.192013327035767,15.211366653442383,834700,0.0,0.0
2024-11-04 00:00:00-05:00,15.269423928074318,15.337159643869732,15.19201247243728,15.25007152557373,550100,0.0,0.0
2024-11-05 00:00:00-05:00,14.911396600740188,15.172660971146502,14.833985140505147,15.143630981445312,881800,0.0,0.0
2024-11-06 00:00:00-05:00,15.066219616166576,15.230719200907162,14.95977908837689,15.182336807250977,1319000,0.0,0.0
2024-11-07 00:00:00-05:00,15.104924901606879,15.714540828956578,15.104924901606879,15.656482696533203,1668700,0.0,0.0
2024-11-08 00:00:00-05:00,14.79527914502738,14.79527914502738,14.466279983520508,14.466279983520508,1742300,0.0,0.0
2024-11-11 00:00:00-05:00,15.346835701343666,15.346835701343666,15.085572263865652,15.192012786865234,1205500,0.0,0.0
2024-11-12 00:00:00-05:00,15.085572364901617,15.09524902782567,14.804955599825682,14.950101852416992,700800,0.0,0.0
2024-11-13 00:00:00-05:00,14.775927194170267,14.86301439592634,14.669485742883825,14.833985328674316,1090500,0.0,0.0
2024-11-14 00:00:00-05:00,14.311457319399539,14.78560274394047,14.311457319399539,14.756573677062988,1535600,0.0,0.0
2024-11-15 00:00:00-05:00,14.582397067537956,14.737219984124357,14.504985609244756,14.70819091796875,1154700,0.0,0.0
2024-11-18 00:00:00-05:00,14.524339827325786,14.824309015931993,14.514663163740442,14.775927543640137,1808500,0.0,0.0
2024-11-19 00:00:00-05:00,14.543691482518392,14.88236730802043,14.524339079161997,14.853338241577148,2795500,0.0,0.0
2024-11-20 00:00:00-05:00,15.104925858162005,15.501660761327003,15.104925858162005,15.482307434082031,2384900,0.0,0.0
2024-11-21 00:00:00-05:00,15.579070679086263,15.869363176421691,15.559717353761316,15.811305046081543,2830700,0.0,0.0
2024-11-22 00:00:00-05:00,15.820983760142292,16.072571485084172,15.753248958356965,16.062894821166992,3408300,0.0,0.0
2024-11-25 00:00:00-05:00,16.04354134870588,16.46930532904902,15.96612988370121,16.411245346069336,3546500,0.0,0.0
2024-11-26 00:00:00-05:00,16.343508131162185,16.866036826998915,16.295126664792697,16.846683502197266,3420000,0.0,0.0
2024-11-27 00:00:00-05:00,17.330505874314706,17.74659313720113,17.146652976511124,17.698211669921875,2961800,0.0,0.0
2024-11-29 00:00:00-05:00,17.76594654989807,17.853034667937546,17.4659755452578,17.562740325927734,2525900,0.0,0.0
2024-12-02 00:00:00-05:00,17.43694828502599,17.524036407470703,17.330506836341392,17.524036407470703,2776300,0.0,0.0
2024-12-03 00:00:00-05:00,16.904742700923524,17.46597623625121,16.759596446993648,17.446624755859375,9306400,0.0,0.0
2024-12-04 00:00:00-05:00,17.29180253823535,17.311154019409795,16.817655259582214,16.982154846191406,8082200,0.0,0.0
2024-12-05 00:00:00-05:00,16.74991905725915,16.798302370226427,16.208038871468364,16.227392196655273,2610700,0.0,0.0
2024-12-06 00:00:00-05:00,15.82098143778646,15.850009579642041,15.598423737265279,15.801628112792969,1953900,0.0,0.0
2024-12-09 00:00:00-05:00,15.530688027714302,15.646806138978407,15.414571762084961,15.414571762084961,1619000,0.0,0.0
2024-12-10 00:00:00-05:00,15.317807180226586,15.366189573425732,15.172660923446545,15.211366653442383,2617100,0.0,0.0
2024-12-11 00:00:00-05:00,15.221042219774164,15.279101275512707,15.133955020392428,15.240395545959473,3018100,0.0,0.0
2024-12-12 00:00:00-05:00,15.17266158070197,15.511337424949488,15.162984917079484,15.482307434082031,2906700,0.0,0.0
2024-12-13 00:00:00-05:00,15.569394230900205,15.782275275503086,15.491982774168727,15.714540481567383,2792300,0.0,0.0
2024-12-16 00:00:00-05:00,15.86936492587667,16.033864518003934,15.762925316124836,15.946776390075684,1606800,0.0,0.0
2024-12-17 00:00:00-05:00,15.869362904635532,15.869362904635532,15.685510008466679,15.801628112792969,1895400,0.0,0.0
2024-12-18 00:00:00-05:00,15.782275132957588,15.946774707730555,15.617775558184622,15.743570327758789,1901100,0.0,0.0
2024-12-19 00:00:00-05:00,15.67583637166579,15.81130596554893,15.356512944956135,15.598424911499023,1745900,0.0,0.0
2024-12-20 00:00:00-05:00,15.579071187665573,15.724217441071591,15.443600674420546,15.550041198730469,760300,0.0,0.0
2024-12-23 00:00:00-05:00,15.511335852504953,15.714540231072922,15.39521774644134,15.53068733215332,937400,0.0,0.0
2024-12-24 00:00:00-05:00,15.579071110965055,15.675835894637581,15.491982990223255,15.617775917053223,311900,0.0,0.0
2024-12-26 00:00:00-05:00,15.530687852843482,15.627452636868233,15.433923991636101,15.44360065460205,400800,0.0,0.0
2024-12-27 00:00:00-05:00,15.32748463916829,15.375867034879246,15.250073175157738,15.346837043762207,846900,0.0,0.0
2024-12-30 00:00:00-05:00,15.056543004479797,15.201689254232422,14.988807288153536,15.114601135253906,554400,0.0,0.0
2024-12-31 00:00:00-05:00,15.095248981936413,15.153307113669495,14.988807535730157,15.017837524414062,530300,0.0,0.0
2025-01-02 00:00:00-05:00,15.07589540713205,15.172660188845366,15.037189679010194,15.114601135253906,794300,0.0,0.0
2025-01-03 00:00:00-05:00,15.172660480779705,15.279101004458473,15.133954751913118,15.230718612670898,548200,0.0,0.0
2025-01-06 00:00:00-05:00,15.24039631101492,15.288778706089564,15.085573385030001,15.162984848022461,1204700,0.0,0.0
2025-01-07 00:00:00-05:00,15.269424708611524,15.433924290953396,15.162984182373943,15.279101371765137,1335300,0.0,0.0
2025-01-08 00:00:00-05:00,15.192013517442634,15.33716069885925,15.133955383129912,15.288778305053711,1194700,0.0,0.0
2025-01-10 00:00:00-05:00,15.14363078908572,15.259748900780707,15.046866926429743,15.066219329833984,1295100,0.0,0.0
2025-01-13 00:00:00-05:00,15.075896124475006,15.501660076891527,15.046867057706688,15.491983413696289,1263900,0.0,0.0
2025-01-14 00:00:00-05:00,15.491983650855893,15.695188044162283,15.385542199713603,15.675836563110352,1539800,0.0,0.0
2025-01-15 00:00:00-05:00,15.56939434798407,15.937098308815086,15.56939434798407,15.859686851501465,1452900,0.0,0.0
2025-01-16 00:00:00-05:00,15.917746267048146,16.033862526104002,15.791951499830532,16.014509201049805,1549600,0.0,0.0
2025-01-17 00:00:00-05:00,16.062892764240708,16.217715675819946,16.024186113528554,16.198362350463867,1008900,0.0,0.0
2025-01-21 00:00:00-05:00,16.4015705278743,16.5080101387339,16.256422416059994,16.411245346069336,1286000,0.0,0.0
2025-01-22 00:00:00-05:00,16.295129071379783,16.45962866521907,16.179010951055325,16.411245346069336,1973200,0.0,0.0
2025-01-23 00:00:00-05:00,16.546716082212306,16.904743400343445,16.382216495449807,16.875715255737305,1761800,0.0,0.0
2025-01-24 00:00:00-05:00,17.078917774294894,17.18535921451703,16.95312485500615,17.088594436645508,845600,0.0,0.0
2025-01-27 00:00:00-05:00,17.04021461871601,17.407918595431862,16.982154638996555,17.35953712463379,1168200,0.0,0.0
2025-01-28 00:00:00-05:00,17.359537721386417,17.398242530228433,17.107950004191267,17.136978149414062,689900,0.0,0.0
2025-01-29 00:00:00-05:00,17.195037445194348,17.359537028889246,17.107949321730295,17.14665412902832,407400,0.0,0.0
2025-01-30 00:00:00-05:00,17.29180363495533,17.29180363495533,16.99183258729058,17.020862579345703,580800,0.0,0.0
2025-01-31 00:00:00-05:00,17.020861469096705,17.049891459258237,16.749920431160216,16.76927375793457,1197200,0.0,0.0
2025-02-03 00:00:00-05:00,16.34351013903333,16.759597445213753,16.295128666719968,16.71121597290039,1602400,0.0,0.0
2025-02-04 00:00:00-05:00,16.730568871888167,16.7692736796213,16.44027450853301,16.449951171875,1370500,0.0,0.0
2025-02-05 00:00:00-05:00,16.459627151489258,16.585420078440055,16.227392777832968,16.459627151489258,1594600,0.0,0.0
2025-02-06 00:00:00-05:00,16.459627691551354,16.478981018066406,16.188686657245047,16.478981018066406,1437300,0.0,0.0
2025-02-07 00:00:00-05:00,16.285452051782595,16.333833524240493,16.091922470681254,16.149982452392578,2005500,0.0,0.0
2025-02-10 00:00:00-05:00,16.362862904610903,16.604773949144636,16.14030518659222,16.478981018066406,1222700,0.0,0.0
2025-02-11 00:00:00-05:00,16.39189338684082,16.459628186043638,16.26609860634857,16.39189338684082,1371500,0.0,0.0
2025-02-12 00:00:00-05:00,16.082247634811033,16.333833506074146,16.082247634811033,16.25642204284668,1341700,0.0,0.0
2025-02-13 00:00:00-05:00,16.256423119007465,16.3338345873595,16.043542042448113,16.295129776000977,1447400,0.0,0.0
2025-02-14 00:00:00-05:00,16.604772913002353,16.653154380636163,16.362861883563934,16.546714782714844,1807000,0.0,0.0
2025-02-18 00:00:00-05:00,16.537039185161753,16.730568759431016,16.420921071473234,16.691862106323242,1843800,0.0,0.0
2025-02-19 00:00:00-05:00,16.798305119592193,16.837009930666127,16.57574553478591,16.749921798706055,2059200,0.0,0.0
2025-02-20 00:00:00-05:00,16.83700858639149,17.02086149980996,16.76927378819385,16.982154846191406,2683800,0.0,0.0
2025-02-21 00:00:00-05:00,16.885392603735003,16.91442074951803,16.64348154549029,16.866039276123047,1966400,0.0,0.0
2025-02-24 00:00:00-05:00,16.98215503533825,17.10794981536482,16.866038764458946,17.059566497802734,2494600,0.0,0.0
2025-02-25 00:00:00-05:00,17.020861387388873,17.262772434002546,17.020861387388873,17.22406578063965,1458500,0.0,0.0
2025-02-26 00:00:00-05:00,17.17568501108808,17.243419811604873,17.10795021057129,17.10795021057129,1465000,0.0,0.0
2025-02-27 00:00:00-05:00,17.049892112042247,17.166008385864433,16.633804798637144,16.653156280517578,1293400,0.0,0.0
2025-02-28 00:00:00-05:00,16.64826918659667,16.775354385375977,16.433199345377133,16.775354385375977,1982600,0.175,0.0
2025-03-03 00:00:00-05:00,16.87311332308407,17.04907887969736,16.687371695037267,16.794906616210938,1557300,0.0,0.0
2025-03-04 00:00:00-05:00,16.76557809188848,16.853560868568184,16.609164681034546,16.716699600219727,1368900,0.0,0.0
2025-03-05 00:00:00-05:00,16.912214962559435,17.58674894353584,16.81445798193247,17.55742073059082,3713200,0.0,0.0
2025-03-06 00:00:00-05:00,17.61607893873045,17.68450957793053,17.44011337244735,17.518320083618164,1255600,0.0,0.0
2025-03-07 00:00:00-05:00,17.48899005232466,17.537870407104492,17.283698156034006,17.537870407104492,1249900,0.0,0.0
2025-03-10 00:00:00-04:00,17.5085427708899,17.53787098472374,17.12728531402469,17.20549201965332,843600,0.0,0.0
2025-03-11 00:00:00-04:00,16.84378367947388,17.391232445726015,16.84378367947388,17.38145637512207,1710800,0.0,0.0
2025-03-12 00:00:00-04:00,17.596525014517518,17.645403504831,17.322800620815308,17.55742073059082,924600,0.0,0.0
2025-03-13 00:00:00-04:00,17.40100780695386,17.772491056186627,17.371681457789915,17.674732208251953,1144900,0.0,0.0
2025-03-14 00:00:00-04:00,17.840920582617773,17.870248794555664,17.567196198315255,17.870248794555664,1304000,0.0,0.0
2025-03-17 00:00:00-04:00,17.997336263429904,18.319939177230523,17.889801337298014,18.212404251098633,960800,0.0,0.0
2025-03-18 00:00:00-04:00,18.036438629934445,18.06576497786869,17.723609956741925,17.968006134033203,1153000,0.0,0.0
2025-03-19 00:00:00-04:00,18.1244214927541,18.17329998261666,17.80181674711967,17.987558364868164,1181600,0.0,0.0
2025-03-20 00:00:00-04:00,17.948457012390975,17.987559433685508,17.762715383605745,17.772491455078125,1037800,0.0,0.0
2025-03-21 00:00:00-04:00,17.518319601784203,17.616078454207674,17.205492765705113,17.40100860595703,2389600,0.0,0.0
2025-03-24 00:00:00-04:00,17.322800545610516,17.449887603225655,17.166387139772556,17.293474197387695,1114000,0.0,0.0
2025-03-25 00:00:00-04:00,17.440111668284217,17.45966381031515,17.244593977164683,17.332576751708984,1143500,0.0,0.0
2025-03-26 00:00:00-04:00,17.35212748440168,17.576971505710908,17.30324899788915,17.449886322021484,723900,0.0,0.0
2025-03-27 00:00:00-04:00,17.557421398916425,17.596525684331628,17.234818502620808,17.24459457397461,1910300,0.0,0.0
2025-03-28 00:00:00-04:00,17.381456336171833,17.528093665712806,17.029525253597647,17.137060165405273,1207800,0.0,0.0
2025-03-31 00:00:00-04:00,17.314159775727667,17.61097318847411,17.205327310410265,17.521928787231445,1158300,0.209,0.0
2025-04-01 00:00:00-04:00,17.432885617949395,17.561504255414352,17.383415459621656,17.50214195251465,1339300,0.0,0.0
2025-04-02 00:00:00-04:00,17.324053699429086,17.422992132090407,17.106390657249097,17.126176834106445,800400,0.0,0.0
2025-04-03 00:00:00-04:00,17.185540823961944,17.769273606905934,17.185540823961944,17.68023109436035,1473600,0.0,0.0
2025-04-04 00:00:00-04:00,17.235008680577554,17.521928049201478,17.047025853972762,17.136070251464844,1710500,0.0,0.0
2025-04-07 00:00:00-04:00,16.79968027167563,17.145963820684578,16.51276091078949,16.898618698120117,1283000,0.0,0.0
2025-04-08 00:00:00-04:00,17.1360696967364,17.19543199744492,16.44350448955429,16.532546997070312,1606000,0.0,0.0
2025-04-09 00:00:00-04:00,16.334672983785197,17.106390486320034,16.077433816273583,17.037132263183594,2090900,0.0,0.0
2025-04-10 00:00:00-04:00,16.96787491918969,17.086601407562906,16.631485403741344,16.839256286621094,1371500,0.0,0.0
2025-04-11 00:00:00-04:00,17.047027077526337,17.175647610732696,16.789787898207333,17.116283416748047,2061500,0.0,0.0
2025-04-14 00:00:00-04:00,17.185540234728016,17.185540234728016,16.918407044969495,17.047025680541992,931400,0.0,0.0
2025-04-15 00:00:00-04:00,17.195432179334947,17.353734794721355,17.10638967087705,17.264690399169922,1276800,0.0,0.0
2025-04-16 00:00:00-04:00,17.442778988354352,17.541717424869383,17.23500997005713,17.48235511779785,2435800,0.0,0.0
2025-04-17 00:00:00-04:00,17.6208677865078,17.95725733820882,17.541717414760132,17.818744659423828,1681200,0.0,0.0
2025-04-21 00:00:00-04:00,17.818742927549785,17.91768135439158,17.75938062628212,17.907787322998047,1010300,0.0,0.0
2025-04-22 00:00:00-04:00,17.937468823194706,18.333222559091723,17.897894581861205,18.254072189331055,1891600,0.0,0.0
2025-04-23 00:00:00-04:00,18.30354016810864,18.47173493702906,18.125451367240707,18.442052841186523,1641100,0.0,0.0
2025-04-24 00:00:00-04:00,18.41237212746949,18.679503434351542,18.29364563444912,18.511308670043945,1544600,0.0,0.0
2025-04-25 00:00:00-04:00,18.471734386316218,18.550884752442897,18.382689988537006,18.48162841796875,1363600,0.0,0.0
2025-04-28 00:00:00-04:00,18.471734940752373,18.90706291106244,18.422266668098484,18.7784423828125,1541400,0.0,0.0
2025-04-29 00:00:00-04:00,18.808123689029802,18.86748599114096,18.60035280100041,18.699291229248047,1196700,0.0,0.0
2025-04-30 00:00:00-04:00,18.78833542752239,19.332495833590283,18.73886715746783,19.25334358215332,1061900,0.0,0.0
2025-05-01 00:00:00-04:00,19.223663835794746,19.283026138701985,19.09504331121988,19.154407501220703,1085800,0.0,0.0
2025-05-02 00:00:00-04:00,19.500689804817135,19.83707934399424,19.451221531976707,19.817293167114258,1024800,0.0,0.0
2025-05-05 00:00:00-04:00,20.064637792998173,20.064637792998173,19.738142294147465,19.88654899597168,546800,0.0,0.0
2025-05-06 00:00:00-04:00,19.86676025390625,19.96569868077411,19.658991255867925,19.86676025390625,860300,0.0,0.0
2025-05-07 00:00:00-04:00,19.52047745739536,19.61941588808472,19.19398195708598,19.27313232421875,1887000,0.0,0.0
2025-05-08 00:00:00-04:00,19.085150576136787,19.213769209638503,18.808123359318476,18.85759162902832,1385000,0.0,0.0
2025-05-09 00:00:00-04:00,18.946637155451445,19.164302084195626,18.6498237452831,19.114831924438477,1424100,0.0,0.0
2025-05-12 00:00:00-04:00,18.798229611027953,19.035680705979182,18.798229611027953,19.005998611450195,1635500,0.0,0.0
2025-05-13 00:00:00-04:00,18.897169490697177,19.15440866842865,18.818019119633163,19.104938507080078,2869600,0.0,0.0
2025-05-14 00:00:00-04:00,19.15440783669463,19.461115275362946,18.93674291039989,18.99610710144043,1942000,0.0,0.0
2025-05-15 00:00:00-04:00,19.15440688722945,19.233557250933146,18.89716773341906,19.1643009185791,1096100,0.0,0.0
2025-05-16 00:00:00-04:00,19.13461937343035,19.40175256625344,19.09504324689645,19.124725341796875,818900,0.0,0.0
2025-05-19 00:00:00-04:00,19.114832030991654,19.223664495970414,18.897168988127774,19.1741943359375,2089900,0.0,0.0
2025-05-20 00:00:00-04:00,19.2236635046273,19.441326536266537,19.10493701376455,19.312707901000977,2041500,0.0,0.0
2025-05-21 00:00:00-04:00,19.154407545320737,19.401752676279553,19.005998957070574,19.1840877532959,2558900,0.0,0.0
2025-05-22 00:00:00-04:00,19.075257296086622,19.11483153599449,18.837806195358606,18.907062530517578,699200,0.0,0.0
2025-05-23 00:00:00-04:00,18.837807142340136,19.124726529149903,18.709186610213173,19.075258255004883,1911800,0.0,0.0
2025-05-27 00:00:00-04:00,19.45122146241254,19.50068973507605,18.966425219354303,19.114831924438477,3357000,0.0,0.0
2025-05-28 00:00:00-04:00,18.996106422347776,19.193981390794878,18.93674223342945,18.976318359375,756700,0.0,0.0
2025-05-29 00:00:00-04:00,18.98621368408203,19.085152118591417,18.936743523280498,18.98621368408203,921700,0.0,0.0
2025-05-30 00:00:00-04:00,18.82791157585116,18.847697751640624,18.23428289901582,18.610246658325195,2345700,0.0,0.0
2025-06-02 00:00:00-04:00,18.649823527978306,18.798230231333267,18.501416824623345,18.659717559814453,1613600,0.0,0.0
2025-06-03 00:00:00-04:00,18.659717773605706,18.818018510610525,18.53109724535577,18.7784423828125,910400,0.0,0.0
2025-06-04 00:00:00-04:00,18.86748661789825,19.134619816912675,18.82791237754072,19.025787353515625,1122800,0.0,0.0
2025-06-05 00:00:00-04:00,19.21377036046647,19.490797593877602,19.025787527541286,19.451221466064453,1624500,0.0,0.0
2025-06-06 00:00:00-04:00,19.401753299668453,19.629310374559637,19.352283139631034,19.510583877563477,960100,0.0,0.0
2025-06-09 00:00:00-04:00,19.480903333714316,19.678778309181133,19.391858934271482,19.66888427734375,1012300,0.0,0.0
2025-06-10 00:00:00-04:00,19.609521648742348,19.688672015037323,19.362176518183855,19.49079704284668,576400,0.0,0.0
2025-06-11 00:00:00-04:00,19.520478036053174,19.77771720863358,19.480903794860467,19.569948196411133,992600,0.0,0.0
2025-06-12 00:00:00-04:00,19.827186736430658,19.965699406826555,19.708460242453032,19.916229248046875,1187700,0.0,0.0
2025-06-13 00:00:00-04:00,19.757929525806947,19.876656025863742,19.61941684831877,19.77771759033203,800200,0.0,0.0
2025-06-16 00:00:00-04:00,20.015167742891414,20.242724812729065,19.936017375682944,19.945911407470703,1250700,0.0,0.0
2025-06-17 00:00:00-04:00,19.83707944980028,19.846973481839868,19.540266036987305,19.540266036987305,1317000,0.0,0.0
2025-06-18 00:00:00-04:00,19.589733013495092,19.718353534402986,19.52047668089555,19.530370712280273,1204500,0.0,0.0
2025-06-20 00:00:00-04:00,19.649097312421848,19.658991343862272,19.510582759349436,19.589733123779297,930500,0.0,0.0
2025-06-23 00:00:00-04:00,19.34238789015756,19.589733013495092,19.15440695512838,19.530370712280273,1242700,0.0,0.0
2025-06-24 00:00:00-04:00,19.718355173785067,20.08442492998724,19.639204803220245,20.054744720458984,2008800,0.0,0.0
2025-06-25 00:00:00-04:00,19.926122887187017,19.95580498186998,19.47100875794296,19.708459854125977,1723200,0.0,0.0
2025-06-26 00:00:00-04:00,19.82718736855976,20.163575023518252,19.787611240274252,19.90633773803711,1470700,0.0,0.0
2025-06-27 00:00:00-04:00,20.08442497253418,20.351558181416486,19.99538056957341,20.08442497253418,1663200,0.0,0.0
2025-06-30 00:00:00-04:00,20.579114255619473,20.707734781207247,20.43070755363586,20.559328079223633,2391800,0.0,0.0
2025-07-01 00:00:00-04:00,21.093592304318715,21.38051355983346,20.94518560430131,21.083698272705078,1608600,0.0,0.0
2025-07-02 00:00:00-04:00,20.91550458168895,21.123275482039503,20.856142276057508,20.974868774414062,958000,0.0,0.0
2025-07-03 00:00:00-04:00,21.0144430158038,21.17274375555009,20.91550458168895,20.974868774414062,556300,0.0,0.0
2025-07-07 00:00:00-04:00,20.99465523123456,21.04412539249782,20.767098150704655,20.78688621520996,1030500,0.0,0.0
2025-07-08 00:00:00-04:00,20.77699173751651,20.84624807470658,20.351557795241902,20.549434661865234,1690500,0.0,0.0
2025-07-09 00:00:00-04:00,20.509858980025328,20.559329141304527,20.391134367142644,20.450496673583984,786700,0.0,0.0
2025-07-10 00:00:00-04:00,20.598902641315206,20.885823905119313,20.598902641315206,20.737415313720703,1000600,0.0,0.0
2025-07-11 00:00:00-04:00,20.96497478501887,21.20242589512222,20.88582441498442,21.004549026489258,1130600,0.0,0.0
2025-07-14 00:00:00-04:00,21.024335925851464,21.182636657149214,21.024335925851464,21.054018020629883,763200,0.0,0.0
2025-07-15 00:00:00-04:00,21.16285004118054,21.261788476780907,20.974869089342906,21.152956008911133,1144900,0.0,0.0
2025-07-16 00:00:00-04:00,21.083699290077792,21.10348735425992,20.8363541490822,20.945186614990234,676700,0.0,0.0
2025-07-17 00:00:00-04:00,20.776992120231697,20.86603652314304,20.57911524996344,20.757204055786133,833200,0.0,0.0
2025-07-18 00:00:00-04:00,20.70773416268366,20.72752222558205,20.549433433683642,20.56922149658203,613900,0.0,0.0
2025-07-21 00:00:00-04:00,20.57911491394043,20.77699178097768,20.539540672789176,20.57911491394043,666400,0.0,0.0
2025-07-22 00:00:00-04:00,20.648372317428162,20.875929384508193,20.62858425409244,20.806673049926758,730400,0.0,0.0
2025-07-23 00:00:00-04:00,20.80667248086485,20.92539708344489,20.727522116780314,20.84624671936035,1008300,0.0,0.0
2025-07-24 00:00:00-04:00,20.776992077629725,20.90561072207478,20.70773573930595,20.727523803710938,1264400,0.0,0.0
2025-07-25 00:00:00-04:00,20.54943442755755,20.62858479588567,20.361451595118155,20.430707931518555,517800,0.0,0.0
2025-07-28 00:00:00-04:00,20.104211923141293,20.173468257808448,19.71835412308507,19.827186584472656,1119200,0.0,0.0
2025-07-29 00:00:00-04:00,19.75792891528876,20.124000549316406,19.718354674555133,20.124000549316406,1084000,0.0,0.0
2025-07-30 00:00:00-04:00,20.149999618530273,20.299999237060547,20.149999618530273,20.209999084472656,478800,0.216,0.0
2025-07-31 00:00:00-04:00,20.040000915527344,20.229999542236328,20.040000915527344,20.190000534057617,1213700,0.0,0.0
2025-08-01 00:00:00-04:00,19.940000534057617,20.479999542236328,19.31999969482422,20.3799991607666,1217500,0.0,0.0
2025-08-04 00:00:00-04:00,20.510000228881836,20.780000686645508,20.5,20.559999465942383,1269600,0.0,0.0
2025-08-05 00:00:00-04:00,20.610000610351562,20.75,20.489999771118164,20.75,1027100,0.0,0.0
2025-08-06 00:00:00-04:00,20.540000915527344,20.540000915527344,20.139999389648438,20.170000076293945,1341000,0.0,0.0
2025-08-07 00:00:00-04:00,20.0,20.360000610351562,19.709999084472656,20.149999618530273,1829500,0.0,0.0
2025-08-08 00:00:00-04:00,20.100000381469727,20.270000457763672,19.940000534057617,20.190000534057617,666700,0.0,0.0
2025-08-11 00:00:00-04:00,19.899999618530273,20.18000030517578,19.899999618530273,20.040000915527344,1499100,0.0,0.0
2025-08-12 00:00:00-04:00,20.200000762939453,20.200000762939453,19.889999389648438,20.100000381469727,2521400,0.0,0.0
2025-08-13 00:00:00-04:00,20.1200008392334,20.440000534057617,19.950000762939453,20.270000457763672,1719600,0.0,0.0
2025-08-14 00:00:00-04:00,20.270000457763672,20.75,20.270000457763672,20.700000762939453,2002000,0.0,0.0
2025-08-15 00:00:00-04:00,20.75,20.770000457763672,20.510000228881836,20.59000015258789,712300,0.0,0.0
2025-08-18 00:00:00-04:00,20.600000381469727,20.799999237060547,20.5,20.790000915527344,1821600,0.0,0.0
2025-08-19 00:00:00-04:00,20.690000534057617,20.780000686645508,20.559999465942383,20.75,2983500,0.0,0.0
2025-08-20 00:00:00-04:00,20.809999465942383,21.1200008392334,20.729999542236328,20.950000762939453,2247600,0.0,0.0
2025-08-21 00:00:00-04:00,20.790000915527344,20.8700008392334,20.459999084472656,20.479999542236328,929800,0.0,0.0
2025-08-22 00:00:00-04:00,20.440000534057617,20.690000534057617,20.3700008392334,20.690000534057617,1221000,0.0,0.0
2025-08-25 00:00:00-04:00,20.719999313354492,21.139999389648438,20.6299991607666,20.969999313354492,1068000,0.0,0.0
2025-08-26 00:00:00-04:00,20.850000381469727,20.850000381469727,20.40999984741211,20.40999984741211,1778600,0.0,0.0
2025-08-27 00:00:00-04:00,20.31999969482422,20.31999969482422,20.09000015258789,20.190000534057617,782900,0.0,0.0
2025-08-28 00:00:00-04:00,20.25,20.540000915527344,20.219999313354492,20.43000030517578,1420700,0.0,0.0
2025-08-29 00:00:00-04:00,20.270000457763672,20.309999465942383,20.1299991607666,20.25,997900,0.0,0.0
2025-09-02 00:00:00-04:00,19.8700008392334,19.979999542236328,19.610000610351562,19.780000686645508,1624900,0.0,0.0
2025-09-03 00:00:00-04:00,19.780000686645508,20.110000610351562,19.700000762939453,19.979999542236328,2442900,0.0,0.0
2025-09-04 00:00:00-04:00,20.010000228881836,20.139999389648438,19.93000030517578,20.139999389648438,978600,0.0,0.0
2025-09-05 00:00:00-04:00,20.399999618530273,20.420000076293945,20.219999313354492,20.280000686645508,1735100,0.0,0.0
2025-09-08 00:00:00-04:00,20.139999389648438,20.200000762939453,20.020000457763672,20.040000915527344,812300,0.0,0.0
2025-09-09 00:00:00-04:00,19.75,20.030000686645508,19.600000381469727,20.0,2944500,0.0,0.0
2025-09-10 00:00:00-04:00,19.670000076293945,19.860000610351562,19.56999969482422,19.739999771118164,2549100,0.0,0.0
2025-09-11 00:00:00-04:00,20.049999237060547,20.1299991607666,19.920000076293945,20.059999465942383,1352000,0.0,0.0
2025-09-12 00:00:00-04:00,19.75,19.760000228881836,19.579999923706055,19.739999771118164,1218200,0.0,0.0
2025-09-15 00:00:00-04:00,19.850000381469727,20.170000076293945,19.760000228881836,20.049999237060547,1407000,0.0,0.0
2025-09-16 00:00:00-04:00,20.010000228881836,20.18000030517578,19.8799991607666,20.010000228881836,1775200,0.0,0.0
2025-09-17 00:00:00-04:00,19.940000534057617,20.219999313354492,19.940000534057617,20.09000015258789,979800,0.0,0.0
2025-09-18 00:00:00-04:00,20.100000381469727,20.1200008392334,19.950000762939453,19.979999542236328,923900,0.0,0.0
2025-09-19 00:00:00-04:00,19.75,19.829999923706055,19.309999465942383,19.389999389648438,1293100,0.0,0.0
2025-09-22 00:00:00-04:00,19.309999465942383,19.450000762939453,19.170000076293945,19.420000076293945,1730800,0.0,0.0
2025-09-23 00:00:00-04:00,19.469999313354492,19.540000915527344,19.31999969482422,19.40999984741211,1415200,0.0,0.0
2025-09-24 00:00:00-04:00,19.40999984741211,19.59000015258789,19.3799991607666,19.489999771118164,2272900,0.0,0.0
2025-09-25 00:00:00-04:00,19.5,19.600000381469727,19.299999237060547,19.34000015258789,1113900,0.0,0.0
2025-09-26 00:00:00-04:00,19.329999923706055,19.360000610351562,19.200000762939453,19.31999969482422,912300,0.0,0.0
2025-09-29 00:00:00-04:00,19.299999237060547,19.520000457763672,19.25,19.479999542236328,1476900,0.0,0.0
2025-09-30 00:00:00-04:00,19.459999084472656,19.510000228881836,19.290000915527344,19.5,2575800,0.0,0.0
2025-10-01 00:00:00-04:00,19.600000381469727,19.920000076293945,19.520000457763672,19.760000228881836,1572300,0.0,0.0
2025-10-02 00:00:00-04:00,19.959999084472656,20.020000457763672,19.799999237060547,19.8799991607666,1230500,0.0,0.0
2025-10-03 00:00:00-04:00,19.889999389648438,19.899999618530273,19.65999984741211,19.670000076293945,724200,0.0,0.0
2025-10-06 00:00:00-04:00,19.540000915527344,19.639999389648438,19.40999984741211,19.520000457763672,589500,0.0,0.0
2025-10-07 00:00:00-04:00,19.510000228881836,19.510000228881836,19.25,19.34000015258789,634500,0.0,0.0
2025-10-08 00:00:00-04:00,19.459999084472656,19.459999084472656,19.260000228881836,19.3700008392334,812600,0.0,0.0
2025-10-09 00:00:00-04:00,19.389999389648438,19.43000030517578,18.860000610351562,18.90999984741211,961300,0.0,0.0
2025-10-10 00:00:00-04:00,18.969999313354492,18.969999313354492,18.559999465942383,18.56999969482422,1151000,0.0,0.0
2025-10-13 00:00:00-04:00,18.760000228881836,18.770000457763672,18.479999542236328,18.479999542236328,1614300,0.0,0.0
2025-10-14 00:00:00-04:00,18.270000457763672,18.270000457763672,18.040000915527344,18.200000762939453,1588900,0.0,0.0
2025-10-15 00:00:00-04:00,18.209999084472656,18.520000457763672,18.190000534057617,18.5,1469100,0.0,0.0
2025-10-16 00:00:00-04:00,18.700000762939453,19.270000457763672,18.510000228881836,19.219999313354492,3810400,0.0,0.0
2025-10-17 00:00:00-04:00,19.059999465942383,19.110000610351562,18.899999618530273,19.010000228881836,1040500,0.0,0.0
2025-10-20 00:00:00-04:00,19.1200008392334,19.260000228881836,19.079999923706055,19.25,956500,0.0,0.0
2025-10-21 00:00:00-04:00,19.030000686645508,19.110000610351562,18.8700008392334,18.93000030517578,892400,0.0,0.0
2025-10-22 00:00:00-04:00,18.899999618530273,19.059999465942383,18.8700008392334,19.020000457763672,679800,0.0,0.0
2025-10-23 00:00:00-04:00,18.889999389648438,18.979999542236328,18.709999084472656,18.729999542236328,667800,0.0,0.0
2025-10-24 00:00:00-04:00,18.75,18.75,18.5,18.610000610351562,1409800,0.0,0.0
2025-10-27 00:00:00-04:00,18.600000381469727,18.950000762939453,18.200000762939453,18.84000015258789,929600,0.0,0.0
2025-10-28 00:00:00-04:00,18.760000228881836,19.1299991607666,18.709999084472656,19.1299991607666,1207100,0.0,0.0
2025-10-29 00:00:00-04:00,19.219999313354492,19.219999313354492,18.889999389648438,18.899999618530273,773900,0.0,0.0
2025-10-30 00:00:00-04:00,18.639999389648438,18.75,18.399999618530273,18.399999618530273,792900,0.0,0.0
2025-10-31 00:00:00-04:00,18.399999618530273,18.559999465942383,18.200000762939453,18.549999237060547,1223600,0.0,0.0
2025-11-03 00:00:00-05:00,18.65999984741211,18.700000762939453,18.420000076293945,18.700000762939453,1229100,0.0,0.0
2025-11-04 00:00:00-05:00,18.469999313354492,18.610000610351562,18.440000534057617,18.489999771118164,1267300,0.0,0.0
2025-11-05 00:00:00-05:00,18.3799991607666,18.479999542236328,18.299999237060547,18.360000610351562,831000,0.0,0.0
2025-11-06 00:00:00-05:00,18.329999923706055,18.6200008392334,18.209999084472656,18.43000030517578,1875700,0.0,0.0
2025-11-07 00:00:00-05:00,18.040000915527344,18.469999313354492,18.040000915527344,18.209999084472656,919100,0.0,0.0
2025-11-10 00:00:00-05:00,18.100000381469727,18.260000228881836,17.809999465942383,18.100000381469727,1372100,0.0,0.0
2025-11-11 00:00:00-05:00,18.200000762939453,18.43000030517578,18.139999389648438,18.34000015258789,1920000,0.0,0.0
2025-11-12 00:00:00-05:00,18.299999237060547,18.3799991607666,18.0,18.020000457763672,1408700,0.0,0.0
2025-11-13 00:00:00-05:00,18.260000228881836,18.399999618530273,18.020000457763672,18.149999618530273,2097000,0.0,0.0
2025-11-14 00:00:00-05:00,18.200000762939453,18.200000762939453,18.040000915527344,18.100000381469727,1394300,0.0,0.0
2025-11-17 00:00:00-05:00,18.1299991607666,18.209999084472656,17.950000762939453,18.139999389648438,1814000,0.0,0.0
2025-11-18 00:00:00-05:00,18.200000762939453,18.200000762939453,17.770000457763672,17.8799991607666,2008900,0.0,0.0
2025-11-19 00:00:00-05:00,17.93000030517578,18.0,17.68000030517578,17.790000915527344,1380900,0.0,0.0
2025-11-20 00:00:00-05:00,17.780000686645508,17.889999389648438,17.540000915527344,17.670000076293945,1762100,0.0,0.0
2025-11-21 00:00:00-05:00,17.75,17.950000762939453,17.729999542236328,17.829999923706055,1270000,0.0,0.0
2025-11-24 00:00:00-05:00,17.770000457763672,17.940000534057617,17.719999313354492,17.829999923706055,1861400,0.0,0.0
2025-11-25 00:00:00-05:00,17.8700008392334,18.200000762939453,17.690000534057617,18.18000030517578,2716700,0.0,0.0
2025-11-26 00:00:00-05:00,18.149999618530273,18.40999984741211,18.149999618530273,18.350000381469727,1954900,0.0,0.0
2025-11-28 00:00:00-05:00,18.3799991607666,18.43000030517578,18.219999313354492,18.360000610351562,830600,0.0,0.0
2025-12-01 00:00:00-05:00,18.309999465942383,18.489999771118164,18.229999542236328,18.450000762939453,1556400,0.0,0.0
2025-12-02 00:00:00-05:00,18.440000534057617,18.5,18.229999542236328,18.3799991607666,2364100,0.0,0.0
2025-12-03 00:00:00-05:00,18.889999389648438,19.030000686645508,18.56999969482422,18.56999969482422,2058800,0.0,0.0
2025-12-04 00:00:00-05:00,18.739999771118164,18.81999969482422,18.530000686645508,18.559999465942383,1692300,0.0,0.0
2025-12-05 00:00:00-05:00,18.639999389648438,18.770000457763672,18.540000915527344,18.559999465942383,1471000,0.0,0.0
2025-12-08 00:00:00-05:00,18.520000457763672,18.530000686645508,18.3700008392334,18.489999771118164,1900800,0.0,0.0
2025-12-09 00:00:00-05:00,18.59000015258789,18.690000534057617,18.309999465942383,18.389999389648438,1672900,0.0,0.0
2025-12-10 00:00:00-05:00,18.350000381469727,18.639999389648438,18.350000381469727,18.6299991607666,1148400,0.0,0.0
2025-12-11 00:00:00-05:00,18.3799991607666,18.559999465942383,18.229999542236328,18.510000228881836,3032200,0.0,0.0
2025-12-12 00:00:00-05:00,18.68000030517578,18.75,18.6299991607666,18.700000762939453,2562500,0.0,0.0
2025-12-15 00:00:00-05:00,18.920000076293945,19.290000915527344,18.850000381469727,19.010000228881836,2392300,0.0,0.0
2025-12-16 00:00:00-05:00,18.950000762939453,19.030000686645508,18.649999618530273,18.709999084472656,2389900,0.0,0.0
2025-12-17 00:00:00-05:00,18.719999313354492,19.049999237060547,18.709999084472656,19.049999237060547,3113800,0.0,0.0
2025-12-18 00:00:00-05:00,19.040000915527344,19.100000381469727,18.760000228881836,18.809999465942383,2628900,0.0,0.0
2025-12-19 00:00:00-05:00,18.739999771118164,18.90999984741211,18.6200008392334,18.6200008392334,1709000,0.0,0.0
2025-12-22 00:00:00-05:00,18.520000457763672,18.700000762939453,18.469999313354492,18.6200008392334,966300,0.0,0.0
2025-12-23 00:00:00-05:00,18.6200008392334,18.760000228881836,18.540000915527344,18.600000381469727,762000,0.0,0.0
2025-12-24 00:00:00-05:00,18.780000686645508,19.059999465942383,18.780000686645508,19.030000686645508,633700,0.0,0.0
2025-12-26 00:00:00-05:00,19.100000381469727,19.15999984741211,18.920000076293945,19.149999618530273,665600,0.0,0.0
2025-12-29 00:00:00-05:00,19.010000228881836,19.139999389648438,18.899999618530273,19.059999465942383,929400,0.0,0.0
2025-12-30 00:00:00-05:00,19.040000915527344,19.079999923706055,18.920000076293945,19.049999237060547,993000,0.0,0.0
2025-12-31 00:00:00-05:00,18.989999771118164,19.079999923706055,18.940000534057617,18.969999313354492,601900,0.0,0.0
2026-01-02 00:00:00-05:00,18.850000381469727,19.139999389648438,18.760000228881836,19.040000915527344,2283600,0.0,0.0
2026-01-05 00:00:00-05:00,19.09000015258789,19.389999389648438,18.969999313354492,19.09000015258789,2187500,0.0,0.0
2026-01-06 00:00:00-05:00,19.110000610351562,19.329999923706055,19.030000686645508,19.209999084472656,3119900,0.0,0.0
2026-01-07 00:00:00-05:00,19.209999084472656,19.389999389648438,18.959999084472656,18.969999313354492,1672400,0.0,0.0
2026-01-08 00:00:00-05:00,18.780000686645508,19.010000228881836,18.780000686645508,18.969999313354492,1848700,0.0,0.0
2026-01-09 00:00:00-05:00,18.950000762939453,18.989999771118164,18.770000457763672,18.81999969482422,1443400,0.0,0.0
2026-01-12 00:00:00-05:00,18.799999237060547,19.110000610351562,18.670000076293945,19.049999237060547,2371400,0.0,0.0
2026-01-13 00:00:00-05:00,19.0,19.100000381469727,18.8700008392334,18.93000030517578,1233400,0.0,0.0
2026-01-14 00:00:00-05:00,18.950000762939453,19.229999542236328,18.8700008392334,19.170000076293945,2052100,0.0,0.0
2026-01-15 00:00:00-05:00,19.139999389648438,19.40999984741211,19.059999465942383,19.290000915527344,1241300,0.0,0.0
2026-01-16 00:00:00-05:00,19.280000686645508,19.5,19.15999984741211,19.489999771118164,1401000,0.0,0.0
2026-01-20 00:00:00-05:00,19.5,19.610000610351562,19.260000228881836,19.520000457763672,1761100,0.0,0.0
2026-01-21 00:00:00-05:00,19.790000915527344,19.799999237060547,19.489999771118164,19.6299991607666,2559000,0.0,0.0
2026-01-22 00:00:00-05:00,19.649999618530273,19.770000457763672,19.639999389648438,19.670000076293945,1779200,0.0,0.0
2026-01-23 00:00:00-05:00,19.68000030517578,19.950000762939453,19.56999969482422,19.90999984741211,1107300,0.0,0.0
2026-01-26 00:00:00-05:00,19.940000534057617,20.049999237060547,19.850000381469727,19.940000534057617,1180900,0.0,0.0
2026-01-27 00:00:00-05:00,20.139999389648438,20.739999771118164,20.139999389648438,20.65999984741211,1434300,0.0,0.0
2026-01-28 00:00:00-05:00,20.75,20.989999771118164,20.59000015258789,20.719999313354492,1468800,0.0,0.0
2026-01-29 00:00:00-05:00,20.950000762939453,21.440000534057617,20.90999984741211,21.079999923706055,1894200,0.0,0.0
2026-01-30 00:00:00-05:00,20.850000381469727,21.15999984741211,20.760000228881836,20.920000076293945,2529000,0.0,0.0
2026-02-02 00:00:00-05:00,20.649999618530273,20.81999969482422,20.31999969482422,20.690000534057617,1606100,0.0,0.0
2026-02-03 00:00:00-05:00,20.940000534057617,21.139999389648438,20.850000381469727,20.899999618530273,1535200,0.0,0.0
2026-02-04 00:00:00-05:00,20.899999618530273,21.25,20.68000030517578,21.170000076293945,1891900,0.0,0.0
2026-02-05 00:00:00-05:00,20.959999084472656,21.149999618530273,20.899999618530273,21.020000457763672,2416700,0.0,0.0
2026-02-06 00:00:00-05:00,21.040000915527344,21.290000915527344,20.969999313354492,21.270000457763672,1640900,0.0,0.0
2026-02-09 00:00:00-05:00,21.459999084472656,21.799999237060547,21.3700008392334,21.770000457763672,1590400,0.0,0.0
2026-02-10 00:00:00-05:00,21.8799991607666,23.239999771118164,21.8799991607666,22.65999984741211,2449600,0.0,0.0
2026-02-11 00:00:00-05:00,23.0,23.450000762939453,22.739999771118164,23.389999389648438,2359500,0.0,0.0
2026-02-12 00:00:00-05:00,23.649999618530273,23.969999313354492,23.290000915527344,23.520000457763672,2074700,0.0,0.0
2026-02-13 00:00:00-05:00,23.59000015258789,23.790000915527344,23.459999084472656,23.559999465942383,1008800,0.0,0.0
2026-02-17 00:00:00-05:00,23.760000228881836,23.799999237060547,23.239999771118164,23.75,3049700,0.0,0.0
2026-02-18 00:00:00-05:00,23.75,23.8700008392334,23.540000915527344,23.790000915527344,2307000,0.0,0.0
2026-02-19 00:00:00-05:00,24.0,24.34000015258789,23.799999237060547,24.149999618530273,2221300,0.0,0.0
2026-02-20 00:00:00-05:00,24.510000228881836,24.579999923706055,24.110000610351562,24.540000915527344,1429500,0.0,0.0
2026-02-23 00:00:00-05:00,24.25,24.43000030517578,23.780000686645508,23.90999984741211,4495700,0.0,0.0
2026-02-24 00:00:00-05:00,23.959999084472656,24.270000457763672,23.8700008392334,24.1299991607666,2101100,0.0,0.0
2026-02-25 00:00:00-05:00,24.239999771118164,24.40999984741211,24.010000228881836,24.329999923706055,1625600,0.0,0.0
2026-02-26 00:00:00-05:00,24.329999923706055,24.440000534057617,23.940000534057617,23.969999313354492,3919800,0.0,0.0
2026-02-27 00:00:00-05:00,23.799999237060547,24.0,23.6299991607666,23.799999237060547,1509100,0.0,0.0
2026-03-02 00:00:00-05:00,23.399999618530273,23.75,23.200000762939453,23.559999465942383,1493292,0.0,0.0
