Date,Open,High,Low,Close,Volume,Dividends,Stock Splits
2022-01-03 00:00:00-05:00,32.13376055807379,32.953775065357824,31.818371685072588,32.359039306640625,190000,0.0,0.0
2022-01-04 00:00:00-05:00,32.56629036532166,33.58455111570521,32.53925801961921,32.917724609375,213800,0.0,0.0
2022-01-05 00:00:00-05:00,32.989818685069984,33.359275675005335,32.50321578979492,32.50321578979492,165700,0.0,0.0
2022-01-06 00:00:00-05:00,32.91772414073703,34.24236406098461,32.80959132198631,34.00807571411133,230000,0.0,0.0
2022-01-07 00:00:00-05:00,34.07115822438207,34.575780407167635,33.71972049889537,34.38654708862305,248300,0.0,0.0
2022-01-10 00:00:00-05:00,34.728959509228154,34.78302418835522,34.15224668200877,34.53972625732422,401800,0.0,0.0
2022-01-11 00:00:00-05:00,34.63885824351477,34.83710463710441,33.77378869645586,34.143245697021484,190700,0.0,0.0
2022-01-12 00:00:00-05:00,34.26039481171278,34.32347259057923,33.84588271131007,33.97203826904297,319600,0.0,0.0
2022-01-13 00:00:00-05:00,33.96302260017825,34.69292697666085,33.86390283915744,34.47665786743164,273700,0.0,0.0
2022-01-14 00:00:00-05:00,33.45839955264493,35.34172996359997,33.45839955264493,35.27865219116211,483900,0.0,0.0
2022-01-18 00:00:00-05:00,34.801056240407895,35.422827717195084,33.728730754144955,34.84611129760742,529900,0.0,0.0
2022-01-19 00:00:00-05:00,34.647870391401966,34.647870391401966,33.602577190629916,33.683677673339844,343500,0.0,0.0
2022-01-20 00:00:00-05:00,33.656646138950684,34.476660706610424,33.20608860864354,33.404335021972656,475100,0.0,0.0
2022-01-21 00:00:00-05:00,33.14300257710734,34.04411741335261,33.04387939512351,33.476417541503906,629300,0.0,0.0
2022-01-24 00:00:00-05:00,32.9898196750747,34.10720031537078,32.91772882732356,33.98104476928711,507300,0.0,0.0
2022-01-25 00:00:00-05:00,33.836871358945146,34.18830569837855,32.81861033220327,33.99006271362305,488900,0.0,0.0
2022-01-26 00:00:00-05:00,34.233358655486654,34.9091948717869,33.350262974537934,33.80983352661133,309900,0.0,0.0
2022-01-27 00:00:00-05:00,33.88191756242682,34.638854186825824,32.827614819949865,33.043880462646484,278100,0.0,0.0
2022-01-28 00:00:00-05:00,33.29620439296171,34.20632915225664,32.070687278974624,33.061912536621094,325500,0.0,0.0
2022-01-31 00:00:00-05:00,32.68343765121703,33.05289462063468,32.29595797140333,32.89069366455078,310300,0.0,0.0
2022-02-01 00:00:00-05:00,32.79157253228058,32.99882855861015,32.26892764794532,32.953773498535156,246300,0.0,0.0
2022-02-02 00:00:00-05:00,32.908715005693196,33.05289324538214,32.45815757698023,32.67442321777344,326500,0.0,0.0
2022-02-03 00:00:00-05:00,32.67442855807069,32.98982087220561,32.09771550505717,32.24189376831055,319800,0.0,0.0
2022-02-04 00:00:00-05:00,32.25990816400567,32.58431003206228,31.953529003894445,32.3139762878418,331700,0.0,0.0
2022-02-07 00:00:00-05:00,32.35903304731286,32.845635875087254,31.917485273040498,32.656402587890625,223000,0.0,0.0
2022-02-08 00:00:00-05:00,33.49443537547397,34.25137194292717,32.656401776220925,34.07115173339844,579300,0.0,0.0
2022-02-09 00:00:00-05:00,33.96302421822147,34.21533876392296,33.32323337238759,33.719722747802734,371600,0.0,0.0
2022-02-10 00:00:00-05:00,33.710706559491136,34.13423164097605,33.40432737155149,33.5665283203125,285500,0.0,0.0
2022-02-11 00:00:00-05:00,33.485427877625476,34.25137412945937,33.061902795739705,33.32322692871094,370400,0.0,0.0
2022-02-14 00:00:00-05:00,33.49443610679423,33.69268246658055,33.04387869817458,33.350257873535156,308500,0.0,0.0
2022-02-15 00:00:00-05:00,33.656640440123326,34.1973114474328,33.48542984508964,33.954010009765625,324100,0.0,0.0
2022-02-16 00:00:00-05:00,33.89092497058994,34.2964272797096,33.36827678606242,34.161258697509766,162200,0.0,0.0
2022-02-17 00:00:00-05:00,33.85489018135945,33.88192253129078,32.98982060874764,33.13399887084961,175700,0.0,0.0
2022-02-18 00:00:00-05:00,32.83662812421506,33.62961025680582,32.83662812421506,33.530487060546875,253700,0.0,0.0
2022-02-22 00:00:00-05:00,33.53048813842715,33.83686737422157,33.21509926517447,33.45840072631836,231800,0.0,0.0
2022-02-23 00:00:00-05:00,33.61158668310206,33.89093355289768,32.584316198179884,32.82761764526367,246800,0.0,0.0
2022-02-24 00:00:00-05:00,31.845396882684614,32.11573063275383,31.115492663765615,31.998584747314453,289000,0.0,0.0
2022-02-25 00:00:00-05:00,32.313982991401154,33.48543175102785,32.313982991401154,33.16102981567383,562300,0.0,0.0
2022-02-28 00:00:00-05:00,32.74650921606197,33.16102116421317,32.60233099768417,33.025856018066406,574200,0.0,0.0
2022-03-01 00:00:00-05:00,32.7645437421843,32.85465387212086,30.619888962379196,31.178579330444336,658300,0.0,0.0
2022-03-02 00:00:00-05:00,31.304727680108325,32.62035437971651,31.304727680108325,32.4671630859375,361400,0.0,0.0
2022-03-03 00:00:00-05:00,32.52123678048916,32.782560925696934,32.05265662140367,32.404090881347656,535700,0.0,0.0
2022-03-04 00:00:00-05:00,31.80034795283918,31.80034795283918,30.079218506485148,30.412630081176758,375900,0.0,0.0
2022-03-07 00:00:00-05:00,30.142291939107967,30.48471653913945,29.322277576189634,29.34930992126465,368400,0.0,0.0
2022-03-08 00:00:00-05:00,29.81789360769742,30.1873505969066,29.19612553438852,29.22315788269043,487100,0.0,0.0
2022-03-09 00:00:00-05:00,30.08822490533924,30.574827759261808,29.76382300272419,30.19635772705078,631800,0.0,0.0
2022-03-10 00:00:00-05:00,29.853940049875618,31.268690283998435,29.853940049875618,31.250667572021484,436500,0.0,0.0
2022-03-11 00:00:00-05:00,31.51199443770244,32.09771715844255,31.475949010662124,31.48495864868164,384000,0.0,0.0
2022-03-14 00:00:00-04:00,32.127133827551646,32.71504382714655,31.801520436850325,32.317073822021484,725900,0.13,0.0
2022-03-15 00:00:00-04:00,32.45275172231329,32.77836515820593,31.51209145202751,31.85579490661621,649200,0.0,0.0
2022-03-16 00:00:00-04:00,32.33516457381048,33.17633136881896,31.70202779418978,33.11301803588867,396700,0.0,0.0
2022-03-17 00:00:00-04:00,32.95925603459084,32.95925603459084,32.28994264336712,32.48892593383789,344500,0.0,0.0
2022-03-18 00:00:00-04:00,32.416573295962294,32.7602767676324,31.85579648978782,32.39848327636719,1684500,0.0,0.0
2022-03-21 00:00:00-04:00,32.52509781415359,32.72408450505404,31.84673785915714,32.14521789550781,301600,0.0,0.0
2022-03-22 00:00:00-04:00,33.13110508270034,33.13110508270034,32.17235499091066,32.371341705322266,190300,0.0,0.0
2022-03-23 00:00:00-04:00,32.16331458379354,32.199491166660714,31.1141177736525,31.177431106567383,325900,0.0,0.0
2022-03-24 00:00:00-04:00,31.331184724415174,31.810557990883165,31.005571392354966,31.683931350708008,209600,0.0,0.0
2022-03-25 00:00:00-04:00,31.711073072440033,32.58841641006357,31.638713009372925,32.561283111572266,186800,0.0,0.0
2022-03-28 00:00:00-04:00,32.10905147680287,32.61556169996009,31.71108137666987,32.09096145629883,211700,0.0,0.0
2022-03-29 00:00:00-04:00,32.31707848957596,32.99543866807332,32.199495092547295,32.61555862426758,341500,0.0,0.0
2022-03-30 00:00:00-04:00,32.85976175870479,33.330088346794376,32.2266250358368,32.371341705322266,634300,0.0,0.0
2022-03-31 00:00:00-04:00,32.24471971833096,32.59746643561807,31.647762939002465,31.674896240234375,502600,0.0,0.0
2022-04-01 00:00:00-04:00,31.412595495215594,32.244719035321445,30.933222115242934,31.05984878540039,678800,0.0,0.0
2022-04-04 00:00:00-04:00,30.860861089211614,31.421641254398473,30.309127657508544,31.213607788085938,269400,0.0,0.0
2022-04-05 00:00:00-04:00,31.086973731455473,31.457810358819373,30.978437107677934,31.077930450439453,319500,0.0,0.0
2022-04-06 00:00:00-04:00,31.014625549316406,31.403552294578745,30.924175463024003,31.014625549316406,499800,0.0,0.0
2022-04-07 00:00:00-04:00,31.28597203648478,31.28597203648478,30.119191684007426,30.26390838623047,386800,0.0,0.0
2022-04-08 00:00:00-04:00,30.300084122482332,32.52510439713162,29.621724030187952,30.146324157714844,270700,0.0,0.0
2022-04-11 00:00:00-04:00,30.101104287231095,30.888004658794046,30.101104287231095,30.42671775817871,274300,0.0,0.0
2022-04-12 00:00:00-04:00,30.381485278940538,30.842768590270076,29.7393052659909,29.874975204467773,298200,0.0,0.0
2022-04-13 00:00:00-04:00,29.594590119875505,30.24581344882314,29.594590119875505,30.200590133666992,160500,0.0,0.0
2022-04-14 00:00:00-04:00,30.200590929719425,30.725191060248367,29.6307674828423,29.730260848999023,211200,0.0,0.0
2022-04-18 00:00:00-04:00,29.974471282496822,30.046831349837223,29.39560454504526,29.811664581298828,203100,0.0,0.0
2022-04-19 00:00:00-04:00,29.983519954871895,31.10507346862687,29.983519954871895,31.068893432617188,333100,0.0,0.0
2022-04-20 00:00:00-04:00,31.51208596816171,32.22662605587681,31.1955193218665,31.846742630004883,259500,0.0,0.0
2022-04-21 00:00:00-04:00,31.982421272680895,32.38943806354441,31.457821086608305,31.54827117919922,297200,0.0,0.0
2022-04-22 00:00:00-04:00,31.29500927376995,31.448772680974518,30.67996254558702,30.76136589050293,238000,0.0,0.0
2022-04-25 00:00:00-04:00,30.42670820498145,31.02366489751694,29.802618215159022,30.652828216552734,355200,0.0,0.0
2022-04-26 00:00:00-04:00,30.17345968182165,30.508116385936873,29.757399622616987,29.865936279296875,269600,0.0,0.0
2022-04-27 00:00:00-04:00,29.838802255401742,30.155368934020867,29.431785489807133,29.88402557373047,284600,0.0,0.0
2022-04-28 00:00:00-04:00,30.18249670439728,30.417663437124208,29.486046688732753,30.055870056152344,183100,0.0,0.0
2022-04-29 00:00:00-04:00,29.63981514358199,30.444801930844328,29.25993168367333,29.395605087280273,314000,0.0,0.0
2022-05-02 00:00:00-04:00,29.558408353083653,30.399575076834402,29.27801829506088,30.336261749267578,342900,0.0,0.0
2022-05-03 00:00:00-04:00,30.45384054537133,30.625693956968902,29.920200647135573,30.499067306518555,262600,0.0,0.0
2022-05-04 00:00:00-04:00,30.517163019523956,31.53017986260946,30.218682901739477,31.394506454467773,247300,0.0,0.0
2022-05-05 00:00:00-04:00,31.39450757734794,31.39450757734794,30.372447413978975,30.969404220581055,231200,0.0,0.0
2022-05-06 00:00:00-04:00,31.00557415416106,31.15933755258241,30.173454187279564,30.670917510986328,318300,0.0,0.0
2022-05-09 00:00:00-04:00,30.46288951701304,30.797546182134454,30.209636197496042,30.39957618713379,241600,0.0,0.0
2022-05-10 00:00:00-04:00,30.5262040623224,30.969400839441153,29.24184394755651,29.784530639648438,290700,0.0,0.0
2022-05-11 00:00:00-04:00,29.865935220746753,30.23677194738426,29.531278528492898,29.576501846313477,263500,0.0,0.0
2022-05-12 00:00:00-04:00,29.549362260014465,29.576499008357345,28.77151057215205,29.504138946533203,360600,0.0,0.0
2022-05-13 00:00:00-04:00,29.25993471125786,30.209641734138632,29.25993471125786,29.820714950561523,245100,0.0,0.0
2022-05-16 00:00:00-04:00,29.666947672484685,29.757397755975873,28.816737589574878,29.232797622680664,334300,0.0,0.0
2022-05-17 00:00:00-04:00,29.62172805950791,30.281998225116755,29.62172805950791,30.2729549407959,267900,0.0,0.0
2022-05-18 00:00:00-04:00,29.847843199285844,30.218679901021837,29.368469852005056,29.621723175048828,318200,0.0,0.0
2022-05-19 00:00:00-04:00,29.259931345503688,29.66694810130248,28.979544708422917,29.08808135986328,322000,0.0,0.0
2022-05-20 00:00:00-04:00,29.27801995846644,29.540320016327108,28.60870488948393,29.305156707763672,196200,0.0,0.0
2022-05-23 00:00:00-04:00,29.72122420467131,30.616657799458604,29.603640795647195,30.42671775817871,205300,0.0,0.0
2022-05-24 00:00:00-04:00,30.38148474673785,30.471931370804715,29.540318031709337,30.20963478088379,191100,0.0,0.0
2022-05-25 00:00:00-04:00,30.200593863706615,30.716147310861206,29.947340507298946,30.245817184448242,244800,0.0,0.0
2022-05-26 00:00:00-04:00,30.526205524458206,30.842772201621678,30.300085483536293,30.56238555908203,229500,0.0,0.0
2022-05-27 00:00:00-04:00,30.725196859736354,31.222660334100052,30.562390129898265,31.16839027404785,186800,0.0,0.0
2022-05-31 00:00:00-04:00,30.951314202160603,31.349284256455917,30.49002735823459,30.969404220581055,293300,0.0,0.0
2022-06-01 00:00:00-04:00,30.987483158820385,30.987483158820385,30.24580983779069,30.743276596069336,237200,0.0,0.0
2022-06-02 00:00:00-04:00,30.634739970100245,31.195520115398924,30.499070025515923,31.150293350219727,257800,0.0,0.0
2022-06-03 00:00:00-04:00,31.032711282687092,31.168381217920246,30.779454526347006,30.97844123840332,195800,0.0,0.0
2022-06-06 00:00:00-04:00,31.204565129504264,31.692985237868466,30.93322177496347,31.15934181213379,351200,0.0,0.0
2022-06-07 00:00:00-04:00,30.969393826661914,31.249780392280314,30.580467186948916,31.077930450439453,198600,0.0,0.0
2022-06-08 00:00:00-04:00,30.788498387707406,31.050798401808596,30.38148171932922,30.59855842590332,167500,0.0,0.0
2022-06-09 00:00:00-04:00,30.508112696981566,30.734232717075102,29.585542600961823,29.630765914916992,251200,0.0,0.0
2022-06-10 00:00:00-04:00,29.051900640767084,29.350380738085985,28.63584061146,28.880050659179688,253600,0.0,0.0
2022-06-13 00:00:00-04:00,28.346407958991126,29.024768069576126,28.228824573734038,28.454944610595703,258100,0.0,0.0
2022-06-14 00:00:00-04:00,28.827798696166226,29.164273600565615,28.027530777128963,29.082427978515625,399300,0.17,0.0
2022-06-15 00:00:00-04:00,29.264305383005663,29.955443442701153,29.018768534819973,29.30977439880371,415800,0.0,0.0
2022-06-16 00:00:00-04:00,28.991485902967927,29.055144953030794,28.345816863116102,28.773231506347656,340600,0.0,0.0
2022-06-17 00:00:00-04:00,29.064236337288865,29.80084685109505,28.873264397471356,29.66443634033203,1057200,0.0,0.0
2022-06-21 00:00:00-04:00,29.97363131031668,30.410140099993505,29.7008137504016,30.282825469970703,297400,0.0,0.0
2022-06-22 00:00:00-04:00,29.97362895549619,30.664770419983917,29.35524068477063,30.464702606201172,253800,0.0,0.0
2022-06-23 00:00:00-04:00,30.30101254845157,30.773897918806036,29.000578647242634,29.87359619140625,238000,0.0,0.0
2022-06-24 00:00:00-04:00,30.037290306749686,30.84665061639815,29.873599067824863,29.9918212890625,1180800,0.0,0.0
2022-06-27 00:00:00-04:00,30.337393272201542,30.819371123135,30.110044705676128,30.67386817932129,304500,0.0,0.0
2022-06-28 00:00:00-04:00,30.764808035920783,31.11037534076348,30.255546025377967,30.68296241760254,364600,0.0,0.0
2022-06-29 00:00:00-04:00,30.38286337086285,30.573835340952016,29.655348625953692,30.028200149536133,239300,0.0,0.0
2022-06-30 00:00:00-04:00,29.655346915466573,30.464707239311515,29.400717636701085,30.04638671875,336900,0.0,0.0
2022-07-01 00:00:00-04:00,29.800847970273363,30.773899474340123,29.646249154331716,30.564739227294922,277700,0.0,0.0
2022-07-05 00:00:00-04:00,30.055475007576884,30.52836036682129,29.528028221268727,30.52836036682129,461400,0.0,0.0
2022-07-06 00:00:00-04:00,30.301017745244074,30.719338289933848,29.39162344684164,30.028200149536133,388700,0.0,0.0
2022-07-07 00:00:00-04:00,30.1464231660114,30.49199051069213,30.073669955090804,30.12823486328125,231400,0.0,0.0
2022-07-08 00:00:00-04:00,30.200980474036843,30.64658515731249,29.88269389245678,30.36467170715332,234300,0.0,0.0
2022-07-11 00:00:00-04:00,30.264639747934275,30.46470759447602,29.900884126751937,30.082763671875,146000,0.0,0.0
2022-07-12 00:00:00-04:00,29.90088456743785,30.382862420413243,29.846319662377606,30.18279457092285,192800,0.0,0.0
2022-07-13 00:00:00-04:00,30.046386986006166,30.046386986006166,29.218838353593714,29.300683975219727,190400,0.0,0.0
2022-07-14 00:00:00-04:00,28.745953637907707,28.927831452505586,28.34581967054129,28.636825561523438,133700,0.0,0.0
2022-07-15 00:00:00-04:00,29.2370276349614,29.7644745160701,28.70048313379977,29.69172477722168,347600,0.0,0.0
2022-07-18 00:00:00-04:00,30.019101613608118,30.282826769436916,29.555312088757162,29.682626724243164,193000,0.0,0.0
2022-07-19 00:00:00-04:00,30.06457142524752,30.910308250384137,29.900880203023448,30.619298934936523,349100,0.0,0.0
2022-07-20 00:00:00-04:00,30.42833423366182,31.15584902260421,30.42833423366182,31.055818557739258,225600,0.0,0.0
2022-07-21 00:00:00-04:00,30.819371496732924,31.01034346235395,30.491989001917528,30.983062744140625,256600,0.0,0.0
2022-07-22 00:00:00-04:00,31.019435386964055,31.33772195569078,30.491985108430146,30.71933364868164,194200,0.0,0.0
2022-07-25 00:00:00-04:00,30.964867343173093,31.419564377490065,30.82846031431584,31.283157348632812,242700,0.0,0.0
2022-07-26 00:00:00-04:00,31.07400002039784,31.365009373463455,31.02853100147201,31.155845642089844,187600,0.0,0.0
2022-07-27 00:00:00-04:00,31.31044566370453,32.31077799448725,31.128566111999334,32.074337005615234,287100,0.0,0.0
2022-07-28 00:00:00-04:00,31.919744795066507,32.383537921593785,31.519612473548445,32.228939056396484,220300,0.0,0.0
2022-07-29 00:00:00-04:00,31.792424828802318,32.729103344265276,31.119474969721338,32.53812789916992,215500,0.0,0.0
2022-08-01 00:00:00-04:00,32.401714934788245,33.43842372350272,32.1652705102015,33.24745178222656,356100,0.0,0.0
2022-08-02 00:00:00-04:00,32.99281400755228,33.38385371453129,32.792749681678124,32.838218688964844,153100,0.0,0.0
2022-08-03 00:00:00-04:00,32.929159053890245,33.3383870868056,32.62906080912775,33.14741516113281,194500,0.0,0.0
2022-08-04 00:00:00-04:00,32.95644234547621,33.10194525668759,32.8655008578047,33.05647277832031,123000,0.0,0.0
2022-08-05 00:00:00-04:00,33.011006622932385,33.574830018988095,32.08342418286848,33.42023468017578,175200,0.0,0.0
2022-08-08 00:00:00-04:00,32.92006474138535,33.03828693720321,31.1831222743229,31.392282485961914,991500,0.0,0.0
2022-08-09 00:00:00-04:00,31.728758499588128,31.728758499588128,30.992151524195,31.283157348632812,756600,0.0,0.0
2022-08-10 00:00:00-04:00,31.574170430646554,31.692389189017085,31.12856570820236,31.219507217407227,625300,0.0,0.0
2022-08-11 00:00:00-04:00,31.610531016964607,31.78331808133137,31.228587237114375,31.59234619140625,515200,0.0,0.0
2022-08-12 00:00:00-04:00,31.919734200286012,32.08342542954397,31.40137979732364,32.05614471435547,756800,0.0,0.0
2022-08-15 00:00:00-04:00,31.86517308652351,32.38352749463628,31.59235552473734,32.37443161010742,431600,0.0,0.0
2022-08-16 00:00:00-04:00,32.43809250350173,32.64725624197434,32.20165151562436,32.601783752441406,517300,0.0,0.0
2022-08-17 00:00:00-04:00,32.29258679351683,32.43808972800647,31.801516557779074,31.956111907958984,369200,0.0,0.0
2022-08-18 00:00:00-04:00,31.965200350518437,32.27439444795474,31.9015430483165,32.21982955932617,215500,0.0,0.0
2022-08-19 00:00:00-04:00,32.01067827846868,32.04705488102655,31.628730889738613,31.8924560546875,257200,0.0,0.0
2022-08-22 00:00:00-04:00,31.474128273470665,31.474128273470665,30.810271040684338,30.919397354125977,218700,0.0,0.0
2022-08-23 00:00:00-04:00,31.064906151996727,31.201316671460987,30.637489762134752,30.701147079467773,213400,0.0,0.0
2022-08-24 00:00:00-04:00,30.710246596599443,30.710246596599443,30.301018458867766,30.410144805908203,141000,0.0,0.0
2022-08-25 00:00:00-04:00,30.46469961117787,30.96486562739956,30.401042307425815,30.810270309448242,227300,0.0,0.0
2022-08-26 00:00:00-04:00,30.92849866606453,30.92849866606453,30.19189150208767,30.29192543029785,208300,0.0,0.0
2022-08-29 00:00:00-04:00,29.919071163628857,30.091854816207913,29.600781105850213,29.682626724243164,348300,0.0,0.0
2022-08-30 00:00:00-04:00,29.83722279136591,29.846315206319865,29.418898853154182,29.828126907348633,212300,0.0,0.0
2022-08-31 00:00:00-04:00,29.900882643251656,30.073666294561004,29.327963318711113,29.391620635986328,248000,0.0,0.0
2022-09-01 00:00:00-04:00,29.364338460259823,29.491653088482384,28.909641377142997,29.455276489257812,277900,0.0,0.0
2022-09-02 00:00:00-04:00,29.64624954950439,29.973632016743725,29.173367618007095,29.355243682861328,219300,0.0,0.0
2022-09-06 00:00:00-04:00,29.418901316248892,29.427997201027722,28.282160287879833,28.600448608398438,314600,0.0,0.0
2022-09-07 00:00:00-04:00,28.473135182903192,28.764141082763672,28.427666161499484,28.764141082763672,324000,0.0,0.0
2022-09-08 00:00:00-04:00,28.5913511895984,29.036954093570557,28.400377525306556,28.691383361816406,379900,0.0,0.0
2022-09-09 00:00:00-04:00,28.918738021515225,29.282497128830464,28.791423374674075,28.982397079467773,397200,0.0,0.0
2022-09-12 00:00:00-04:00,29.073331127882646,29.509841649789912,28.94601649853105,29.464372634887695,362700,0.0,0.0
2022-09-13 00:00:00-04:00,28.93692018144121,29.237021901634254,28.473128979140508,28.67319679260254,338300,0.0,0.0
2022-09-14 00:00:00-04:00,28.581767486651955,28.901781224660972,28.353186494350453,28.61833953857422,354800,0.17,0.0
2022-09-15 00:00:00-04:00,28.508623983227576,29.27665632003313,28.499480533511473,29.112077713012695,360000,0.0,0.0
2022-09-16 00:00:00-04:00,28.929210142902633,29.230936986271587,28.453762999124145,29.157791137695312,624100,0.0,0.0
2022-09-19 00:00:00-04:00,28.98407137209153,30.02640016951984,28.92921067669611,29.944110870361328,260900,0.0,0.0
2022-09-20 00:00:00-04:00,29.825248190911715,30.081261285130775,29.678956489016233,30.053829193115234,255300,0.0,0.0
2022-09-21 00:00:00-04:00,30.172687477132182,30.26411846827903,29.441229084351214,29.541805267333984,304100,0.0,0.0
2022-09-22 00:00:00-04:00,29.587525082460054,29.587525082460054,28.920067239677508,29.121219635009766,271700,0.0,0.0
2022-09-23 00:00:00-04:00,28.947496161509008,28.947496161509008,28.408044890673843,28.74634552001953,235700,0.0,0.0
2022-09-26 00:00:00-04:00,28.590913368196404,28.920068839240354,28.316615107735934,28.43547821044922,291800,0.0,0.0
2022-09-27 00:00:00-04:00,28.590912096080928,28.755490696247552,27.640014292422485,27.822879791259766,263200,0.0,0.0
2022-09-28 00:00:00-04:00,27.859452076213593,28.398903383938993,27.713160373501758,28.069747924804688,401700,0.0,0.0
2022-09-29 00:00:00-04:00,27.90516624767238,28.051457934260522,27.612582874496095,27.850305557250977,394900,0.0,0.0
2022-09-30 00:00:00-04:00,27.914318679057725,28.225189049080942,27.53944589354767,27.6400203704834,489500,0.0,0.0
2022-10-03 00:00:00-04:00,27.932596240660388,28.197751025771492,27.557723557108837,28.124605178833008,310100,0.0,0.0
2022-10-04 00:00:00-04:00,28.380619199515422,29.368087354619092,28.344045400619507,29.25836944580078,273100,0.0,0.0
2022-10-05 00:00:00-04:00,28.883494635643608,29.2400804293886,28.85606428845761,29.203508377075195,163400,0.0,0.0
2022-10-06 00:00:00-04:00,29.020642605347305,29.203508096964107,28.700628866985195,28.810348510742188,257300,0.0,0.0
2022-10-07 00:00:00-04:00,28.737204849563994,28.837781051999773,28.042318370053007,28.188610076904297,253600,0.0,0.0
2022-10-10 00:00:00-04:00,28.307470282654844,28.581768529788334,28.09717618060675,28.20689582824707,185400,0.0,0.0
2022-10-11 00:00:00-04:00,28.051459124450712,28.280040112434914,27.722301943694408,28.024028778076172,276600,0.0,0.0
2022-10-12 00:00:00-04:00,28.005745268944068,28.10632147388501,27.630872542808408,27.722305297851562,216100,0.0,0.0
2022-10-13 00:00:00-04:00,27.347427794548356,28.92006427962358,26.926839636328662,28.7554874420166,313100,0.0,0.0
2022-10-14 00:00:00-04:00,28.910926628093595,29.313229690042856,28.554339070121316,28.764633178710938,233100,0.0,0.0
2022-10-17 00:00:00-04:00,29.157790113869442,29.660667587181823,29.07550081911876,29.614952087402344,286300,0.0,0.0
2022-10-18 00:00:00-04:00,29.88925203120564,30.0904044389453,29.432090004793302,29.65152931213379,218300,0.0,0.0
2022-10-19 00:00:00-04:00,29.377229486818454,29.752102166761773,28.97492646056177,29.23093605041504,359700,0.0,0.0
2022-10-20 00:00:00-04:00,29.075504504589745,29.166937259672807,27.722305309951626,27.91431427001953,320100,0.0,0.0
2022-10-21 00:00:00-04:00,28.08803423824347,28.408048005100763,27.74059186595552,28.00574493408203,703300,0.0,0.0
2022-10-24 00:00:00-04:00,28.170322915335213,28.33490151999458,27.667445395706874,27.841167449951172,411200,0.0,0.0
2022-10-25 00:00:00-04:00,27.804593451894437,28.362331665026193,27.246855238762677,27.740591049194336,715100,0.0,0.0
2022-10-26 00:00:00-04:00,27.87773829500788,28.106319292911127,27.20113875048642,27.52115249633789,699200,0.0,0.0
2022-10-27 00:00:00-04:00,27.841166689930425,28.24346799707702,27.685731539099127,27.822879791259766,488600,0.0,0.0
2022-10-28 00:00:00-04:00,27.56686984530977,28.398904593908693,26.56111303836341,28.344045639038086,879100,0.0,0.0
2022-10-31 00:00:00-04:00,28.216037202362408,28.38975749444238,27.49372045636264,28.252609252929688,644800,0.0,0.0
2022-11-01 00:00:00-04:00,28.298328928283766,28.5086230329402,27.95088482639216,28.069747924804688,468200,0.0,0.0
2022-11-02 00:00:00-04:00,27.896026584981126,28.280042750372658,27.548582474232514,27.74973487854004,674400,0.0,0.0
2022-11-03 00:00:00-04:00,27.438868162081626,27.86859988807446,27.009136436088788,27.795454025268555,483500,0.0,0.0
2022-11-04 00:00:00-04:00,28.088034470830994,28.472050645452708,27.932599311009476,28.444622039794922,436000,0.0,0.0
2022-11-07 00:00:00-05:00,28.206893291305153,29.075499969268364,28.206893291305153,28.673198699951172,484200,0.0,0.0
2022-11-08 00:00:00-05:00,28.718913648814308,29.04807081189716,28.380614781365328,28.7554874420166,501000,0.0,0.0
2022-11-09 00:00:00-05:00,28.590913749752264,29.01150197989594,28.40804824033821,28.444622039794922,447700,0.0,0.0
2022-11-10 00:00:00-05:00,29.029787084338,30.035542092112237,28.94749778458416,29.9532527923584,697800,0.0,0.0
2022-11-11 00:00:00-05:00,30.126981145618995,30.410419397112033,29.63324527235591,29.91668701171875,644100,0.0,0.0
2022-11-14 00:00:00-05:00,30.190976158085338,30.328122652914885,29.4960880279541,29.4960880279541,561500,0.0,0.0
2022-11-15 00:00:00-05:00,29.880113208987453,30.355562180884892,29.742963192679994,29.91668701171875,649300,0.0,0.0
2022-11-16 00:00:00-05:00,29.934967085962732,30.035539788731967,29.27665273841715,29.35894203186035,302500,0.0,0.0
2022-11-17 00:00:00-05:00,29.066359164044595,29.486947343325937,28.673199587104058,29.084644317626953,363500,0.0,0.0
2022-11-18 00:00:00-05:00,29.688101267587847,29.99897156575675,29.267509578628097,29.944110870361328,821000,0.0,0.0
2022-11-21 00:00:00-05:00,29.825250084701008,30.318985917899578,29.69724527339831,30.29155731201172,395200,0.0,0.0
2022-11-22 00:00:00-05:00,30.446981790226715,30.995578162007277,30.227546031809283,30.931575775146484,470600,0.0,0.0
2022-11-23 00:00:00-05:00,30.85843369916113,31.187590883344573,30.638994413749128,30.831005096435547,463200,0.0,0.0
2022-11-25 00:00:00-05:00,30.959008670544268,31.333881340424636,30.70299908756323,31.096155166625977,133700,0.0,0.0
2022-11-28 00:00:00-05:00,30.94072970632577,31.087021432375092,30.54757003859261,30.712148666381836,563200,0.0,0.0
2022-11-29 00:00:00-05:00,30.629857868452522,31.087019926190617,30.60242926110654,30.968156814575195,412900,0.0,0.0
2022-11-30 00:00:00-05:00,30.80357016414137,31.489313071972493,30.37384031365131,31.43445587158203,713600,0.0,0.0
2022-12-01 00:00:00-05:00,31.47102693893436,31.525887628523773,31.114441176275385,31.452743530273438,374900,0.0,0.0
2022-12-02 00:00:00-05:00,31.2241683412205,31.96476860463024,30.821863518756423,31.946481704711914,562600,0.0,0.0
2022-12-05 00:00:00-05:00,31.63560787451999,31.946478162927445,29.54180864011155,30.062973022460938,991000,0.0,0.0
2022-12-06 00:00:00-05:00,29.93496836776093,30.245838657649962,29.67895528393698,29.779531478881836,527600,0.0,0.0
2022-12-07 00:00:00-05:00,29.569240591034088,29.980687120493698,29.42294887921173,29.715532302856445,761400,0.0,0.0
2022-12-08 00:00:00-05:00,29.898396577930043,30.840149215841404,29.898396577930043,30.456134796142578,740500,0.0,0.0
2022-12-09 00:00:00-05:00,30.373846573797604,30.657284801882625,29.934971440876378,29.998973846435547,487700,0.0,0.0
2022-12-12 00:00:00-05:00,30.008115747569597,30.419562277318082,29.742960929746182,29.86182403564453,598700,0.0,0.0
2022-12-13 00:00:00-05:00,30.227553788084695,30.693857510274867,27.62172820118619,29.29494285583496,665500,0.0,0.0
2022-12-14 00:00:00-05:00,29.258175967021607,29.423630720714094,28.191902648182403,28.21028709411621,617900,0.17,0.0
2022-12-15 00:00:00-05:00,27.787447019042602,28.20108818834656,26.77632552437269,27.208351135253906,1110900,0.0,0.0
2022-12-16 00:00:00-05:00,27.539265555890115,28.13674770475274,27.006128960114474,27.64957046508789,3455400,0.0,0.0
2022-12-19 00:00:00-05:00,27.6311858980342,28.155130269601973,27.291082456563245,28.10917091369629,525200,0.0,0.0
2022-12-20 00:00:00-05:00,28.155131714401477,28.86291705238655,28.072405220173493,28.78938102722168,819500,0.0,0.0
2022-12-21 00:00:00-05:00,29.028369783212778,29.248977830101175,28.715841278478322,28.982410430908203,512000,0.0,0.0
2022-12-22 00:00:00-05:00,29.09271451061279,29.09271451061279,28.07240248019153,28.55957794189453,534300,0.0,0.0
2022-12-23 00:00:00-05:00,28.54119763047847,29.065143806872804,28.513622715514764,29.037567138671875,218500,0.0,0.0
2022-12-27 00:00:00-05:00,29.19382809266477,29.31332346811378,28.780186882962393,29.175443649291992,322500,0.0,0.0
2022-12-28 00:00:00-05:00,29.276558732029553,29.460397921100647,28.605542273107606,28.61473274230957,323200,0.0,0.0
2022-12-29 00:00:00-05:00,28.715846244785453,29.26736733400858,28.715846244785453,28.991607666015625,307600,0.0,0.0
2022-12-30 00:00:00-05:00,28.844532599318057,29.04675798338993,28.375741534802852,28.669885635375977,454800,0.0,0.0
2023-01-03 00:00:00-05:00,28.89048941443308,29.212210134055013,28.568768694811148,29.15705680847168,415800,0.0,0.0
2023-01-04 00:00:00-05:00,29.230596026513094,29.589083915912614,28.844531471299355,28.973220825195312,411900,0.0,0.0
2023-01-05 00:00:00-05:00,28.789380127707684,29.037564862348596,28.044827677022024,28.44008445739746,341800,0.0,0.0
2023-01-06 00:00:00-05:00,28.633114645077207,29.37766706417203,28.49523482720587,29.3225154876709,312600,0.0,0.0
2023-01-09 00:00:00-05:00,29.38685999613407,29.497164905039632,29.184636375250427,29.313323974609375,353400,0.0,0.0
2023-01-10 00:00:00-05:00,29.377672119777245,29.965960378993245,29.083527990169245,29.644241333007812,329500,0.0,0.0
2023-01-11 00:00:00-05:00,29.662624737065812,30.03949710903734,29.589086954010643,29.874040603637695,400000,0.0,0.0
2023-01-12 00:00:00-05:00,30.08545185370019,30.41636481372202,29.497163705427578,30.195755004882812,321400,0.0,0.0
2023-01-13 00:00:00-05:00,29.91999807138795,30.269295505846507,29.442013031201054,30.11302947998047,298900,0.0,0.0
2023-01-17 00:00:00-05:00,30.030304591058016,30.296873807864706,29.717779517322164,30.16818618774414,513600,0.0,0.0
2023-01-18 00:00:00-05:00,30.076265352311715,30.076265352311715,28.84453381124458,28.91806983947754,602800,0.0,0.0
2023-01-19 00:00:00-05:00,28.679080963134766,28.89049683915983,28.10917539163532,28.679080963134766,652700,0.0,0.0
2023-01-20 00:00:00-05:00,29.111102028848656,29.432822798995666,28.789381258701646,29.34090232849121,496300,0.0,0.0
2023-01-23 00:00:00-05:00,29.322516966758574,29.7545408854108,28.87210860393295,29.49716567993164,548700,0.0,0.0
2023-01-24 00:00:00-05:00,29.478781870464417,29.57989456235805,28.982414139755132,29.055950164794922,348500,0.0,0.0
2023-01-25 00:00:00-05:00,28.8629150390625,29.06514040908757,28.48604271722652,28.8629150390625,592700,0.0,0.0
2023-01-26 00:00:00-05:00,29.193827684017123,29.34089972246662,28.495234624763512,28.964027404785156,704900,0.0,0.0
2023-01-27 00:00:00-05:00,29.78212062630297,30.462327558527576,29.42362920872723,30.011920928955078,1363000,0.0,0.0
2023-01-30 00:00:00-05:00,29.846462197672672,30.19575610691119,29.635046355825963,29.772924423217773,900500,0.0,0.0
2023-01-31 00:00:00-05:00,29.81888325415678,29.81888325415678,29.18463573978039,29.515548706054688,4014100,0.0,0.0
2023-02-01 00:00:00-05:00,29.322513830331655,30.186563328451793,28.88129773678657,29.80049705505371,1017200,0.0,0.0
2023-02-02 00:00:00-05:00,29.864851390661652,30.664555529427307,29.828082497586887,30.62778663635254,925700,0.0,0.0
2023-02-03 00:00:00-05:00,30.572628562796556,30.940310423662144,30.131412433642307,30.66455078125,916900,0.0,0.0
2023-02-06 00:00:00-05:00,30.60021256013689,30.76566907704252,30.113033479703763,30.306068420410156,587400,0.0,0.0
2023-02-07 00:00:00-05:00,30.122217554142292,30.912730984714052,30.039489322885395,30.79323387145996,729200,0.0,0.0
2023-02-08 00:00:00-05:00,30.65536002019944,31.05981081085066,30.453138131348293,30.600210189819336,719100,0.0,0.0
2023-02-09 00:00:00-05:00,30.894352799139053,31.28041561885803,29.6810074993447,29.726966857910156,666400,0.0,0.0
2023-02-10 00:00:00-05:00,29.717778140894186,30.06707209176483,29.267367984859035,29.607471466064453,578600,0.0,0.0
2023-02-13 00:00:00-05:00,29.515549761176427,29.86484718322754,29.05594918191544,29.86484718322754,525200,0.0,0.0
2023-02-14 00:00:00-05:00,29.800500359072917,29.864847667168377,29.00998854213549,29.54312515258789,701700,0.0,0.0
2023-02-15 00:00:00-05:00,29.14787219039586,30.21414555114796,29.083528380335576,30.16818618774414,546500,0.0,0.0
2023-02-16 00:00:00-05:00,30.021110386969912,30.057879275709556,29.27655792236328,29.27655792236328,507400,0.0,0.0
2023-02-17 00:00:00-05:00,29.377666255811608,30.048682636695464,29.157058202640354,29.405242919921875,603200,0.0,0.0
2023-02-21 00:00:00-05:00,29.276560342309317,29.90161572341514,28.366551309628864,28.596351623535156,804600,0.0,0.0
2023-02-22 00:00:00-05:00,28.62392683405212,28.807767788366224,28.109174616504824,28.182710647583008,720300,0.0,0.0
2023-02-23 00:00:00-05:00,28.256239920957128,29.39604900669325,27.943711425309193,28.29300880432129,528600,0.0,0.0
2023-02-24 00:00:00-05:00,28.31139777283871,28.31139777283871,27.55765302904532,28.044830322265625,530000,0.0,0.0
2023-02-27 00:00:00-05:00,28.33897272869124,28.93645315388661,27.879372131889088,27.897756576538086,416400,0.0,0.0
2023-02-28 00:00:00-05:00,28.00806143074534,29.009990932588916,27.61280636632575,28.044830322265625,807800,0.0,0.0
2023-03-01 00:00:00-05:00,27.80583849323356,28.08159817368972,27.631189760551436,27.9161434173584,440900,0.0,0.0
2023-03-02 00:00:00-05:00,27.65876095336953,27.778256323710124,26.45460801572237,27.38300132751465,541300,0.0,0.0
2023-03-03 00:00:00-05:00,27.419768459451394,27.45653734462508,27.144008833596516,27.38300132751465,683300,0.0,0.0
2023-03-06 00:00:00-05:00,27.502498652872465,27.7231067198857,26.91421047417051,27.11643409729004,782400,0.0,0.0
2023-03-07 00:00:00-05:00,27.033705493926735,27.04289771575149,26.10531212847105,26.132888793945312,580000,0.0,0.0
2023-03-08 00:00:00-05:00,26.206426025941898,26.40864965571732,25.756017655144063,26.261577606201172,522500,0.0,0.0
2023-03-09 00:00:00-05:00,25.96743406439368,26.004202954180286,24.51509622932876,24.68974494934082,972300,0.0,0.0
2023-03-10 00:00:00-05:00,24.073876729856437,24.882772907278166,23.19144278306854,24.395597457885742,2020700,0.0,0.0
2023-03-13 00:00:00-04:00,23.19144543634272,23.255789238662604,18.990696308733956,19.588176727294922,3202500,0.0,0.0
2023-03-14 00:00:00-04:00,22.238231099761325,24.638107013997434,21.886126551642864,22.73859214782715,2038600,0.17,0.0
2023-03-15 00:00:00-04:00,21.747137814079764,23.294548247450475,21.5062234137982,23.016571044921875,1359300,0.0,0.0
2023-03-16 00:00:00-04:00,22.729329822727692,24.508388680133507,22.5532766354385,24.295270919799805,1743700,0.0,0.0
2023-03-17 00:00:00-04:00,23.813439915269626,23.89683342353393,22.74785659130036,23.350143432617188,3316300,0.0,0.0
2023-03-20 00:00:00-04:00,23.82270577504946,24.499120025072717,23.05363363658702,23.29454803466797,1213900,0.0,0.0
2023-03-21 00:00:00-04:00,24.332333407185263,24.804896068980106,24.0914190050544,24.369396209716797,1258500,0.0,0.0
2023-03-22 00:00:00-04:00,24.258206903982348,24.378663225695867,22.432817421329577,22.506946563720703,1023200,0.0,0.0
2023-03-23 00:00:00-04:00,22.553272558120998,22.840515877941897,21.774934338260156,22.062177658081055,987800,0.0,0.0
2023-03-24 00:00:00-04:00,21.617413257107884,22.479144975580503,21.163382927798438,22.414283752441406,1335800,0.0,0.0
2023-03-27 00:00:00-04:00,23.05363473570451,23.05363473570451,22.432817309949467,22.64593505859375,611000,0.0,0.0
2023-03-28 00:00:00-04:00,22.645935673112376,22.99804027059654,22.247500360606566,22.757125854492188,395200,0.0,0.0
2023-03-29 00:00:00-04:00,23.10922851573824,23.10922851573824,22.34942258451337,22.682994842529297,688200,0.0,0.0
2023-03-30 00:00:00-04:00,23.02583966397125,23.211157229811047,21.58035487414182,21.774938583374023,3092900,0.0,0.0
2023-03-31 00:00:00-04:00,22.24749993483071,22.321627310110614,21.73787268336234,21.960256576538086,1386400,0.0,0.0
2023-04-03 00:00:00-04:00,22.080710768221163,22.395752524598837,21.63594655945357,21.8953914642334,788000,0.0,0.0
2023-04-04 00:00:00-04:00,21.95099326859803,21.95099326859803,21.06146288302369,21.450632095336914,1229000,0.0,0.0
2023-04-05 00:00:00-04:00,21.144856806403897,21.311643867269378,20.903942359302235,21.033666610717773,769800,0.0,0.0
2023-04-06 00:00:00-04:00,21.26531219482422,21.580353987883544,21.0614605832352,21.26531219482422,781000,0.0,0.0
2023-04-10 00:00:00-04:00,21.135584722829186,21.589615056854317,20.894670343427645,21.31163787841797,773000,0.0,0.0
2023-04-11 00:00:00-04:00,21.40430160305023,21.72860955120811,21.135588747699487,21.30237579345703,811700,0.0,0.0
2023-04-12 00:00:00-04:00,21.487692714151983,21.50622323145041,20.848343032954,20.978065490722656,604200,0.0,0.0
2023-04-13 00:00:00-04:00,21.01512858317548,21.46915892079522,20.848341567858878,21.237510681152344,660700,0.0,0.0
2023-04-14 00:00:00-04:00,21.589616602635942,21.774935913085937,20.625960783369372,20.848342895507812,581300,0.0,0.0
2023-04-17 00:00:00-04:00,20.941004860663558,21.385769134000864,20.403580921880284,21.376502990722656,1312600,0.0,0.0
2023-04-18 00:00:00-04:00,21.52475836752682,21.543290654616204,20.653762082359865,20.950271606445312,924800,0.0,0.0
2023-04-19 00:00:00-04:00,21.10779088021933,21.6544809357391,20.839078040205596,21.348705291748047,1249400,0.0,0.0
2023-04-20 00:00:00-04:00,20.97806493545533,21.25604389560513,20.75568282773702,20.93173599243164,546200,0.0,0.0
2023-04-21 00:00:00-04:00,20.876141287424215,21.070724972469527,20.700088119524224,21.05219268798828,689000,0.0,0.0
2023-04-24 00:00:00-04:00,20.996597950063897,21.246778492701655,20.802014261791832,20.90393829345703,808600,0.0,0.0
2023-04-25 00:00:00-04:00,20.51476960297959,21.181917731425102,19.523315320246397,19.662303924560547,863700,0.0,0.0
2023-04-26 00:00:00-04:00,19.69936807680839,20.134866165704896,19.495518245963716,19.745697021484375,630300,0.0,0.0
2023-04-27 00:00:00-04:00,19.93101661189899,20.153398730639523,19.69936835062727,19.87542152404785,718200,0.0,0.0
2023-04-28 00:00:00-04:00,20.783482123121885,20.86687563792077,19.615974683273464,20.561100006103516,1678300,0.0,0.0
2023-05-01 00:00:00-04:00,20.15339947680215,20.34798317515342,19.050753217470145,19.236072540283203,1118200,0.0,0.0
2023-05-02 00:00:00-04:00,19.14341341865289,19.449189072780992,17.5589400565353,18.26314926147461,1936400,0.0,0.0
2023-05-03 00:00:00-04:00,18.35581004105034,18.856171196761338,17.679397457073204,17.81838607788086,876800,0.0,0.0
2023-05-04 00:00:00-04:00,17.188299598271808,17.697926813275153,16.613812922792434,17.44774627685547,997200,0.0,0.0
2023-05-05 00:00:00-04:00,18.318745325896536,18.91176432216545,17.809118079558925,18.837636947631836,1118300,0.0,0.0
2023-05-08 00:00:00-04:00,19.097083018190173,19.532581108428708,18.355807529738424,18.38360595703125,945000,0.0,0.0
2023-05-09 00:00:00-04:00,18.235352599404113,18.48553316205513,17.985172036753095,18.26314926147461,780600,0.0,0.0
2023-05-10 00:00:00-04:00,18.661582382987277,19.20827239228058,17.966637635648596,18.27241325378418,429900,0.0,0.0
2023-05-11 00:00:00-04:00,17.836917488215814,18.670850939392448,17.49407725756767,17.577470779418945,619300,0.0,0.0
2023-05-12 00:00:00-04:00,17.753525211047528,17.883247690872626,17.160506140605662,17.67013168334961,403400,0.0,0.0
2023-05-15 00:00:00-04:00,17.716463789666374,18.34654571766585,17.605271821586243,18.09636688232422,541000,0.0,0.0
2023-05-16 00:00:00-04:00,18.059300142496763,18.402140382987348,17.688663238815156,17.69792938232422,524800,0.0,0.0
2023-05-17 00:00:00-04:00,18.161224313241814,19.4677203852877,18.08709693920148,19.31946563720703,1376100,0.0,0.0
2023-05-18 00:00:00-04:00,19.31946307932408,19.57890797044693,19.022953622420385,19.41212272644043,795300,0.0,0.0
2023-05-19 00:00:00-04:00,19.764231758247575,19.801296332455376,18.643054898504307,18.846904754638672,794200,0.0,0.0
2023-05-22 00:00:00-04:00,19.106347201494316,19.995875575622797,18.735708611605006,19.47698402404785,408600,0.0,0.0
2023-05-23 00:00:00-04:00,19.514049751048738,20.598163724292334,19.365794999779187,19.847623825073242,670300,0.0,0.0
2023-05-24 00:00:00-04:00,19.615973699260334,20.190462131574538,19.236070714161023,19.64377212524414,520200,0.0,0.0
2023-05-25 00:00:00-04:00,19.430655046026242,20.2367917532474,19.36579381722352,19.55111312866211,521500,0.0,0.0
2023-05-26 00:00:00-04:00,19.430655249147,19.792027733496315,19.254603845509493,19.745697021484375,503900,0.0,0.0
2023-05-30 00:00:00-04:00,19.893953932503862,20.273856975708746,19.45845579616406,19.736433029174805,569000,0.0,0.0
2023-05-31 00:00:00-04:00,19.523318025116538,19.671572792569812,18.670852228592093,19.16194725036621,937600,0.0,0.0
2023-06-01 00:00:00-04:00,19.365790916800716,19.86615192234407,18.976621834934445,19.44918441772461,469100,0.0,0.0
2023-06-02 00:00:00-04:00,19.89395145116141,20.922470266220625,19.80129356327234,20.848342895507812,670100,0.0,0.0
2023-06-05 00:00:00-04:00,20.71862022639619,21.00586356404943,19.884685105248224,20.3109188079834,537000,0.0,0.0
2023-06-06 00:00:00-04:00,20.273854641609027,22.01585052108705,20.190462895175493,21.728607177734375,678300,0.0,0.0
2023-06-07 00:00:00-04:00,22.108512817636353,22.423554625649825,21.77493872271946,22.043651580810547,850000,0.0,0.0
2023-06-08 00:00:00-04:00,21.830534057631603,22.136309725576538,21.44136486503476,22.034385681152344,434100,0.0,0.0
2023-06-09 00:00:00-04:00,22.006587112607868,22.442085252911088,21.589619491960832,21.76567268371582,439100,0.0,0.0
2023-06-12 00:00:00-04:00,21.793468127248865,22.321625862789755,21.37650056375031,21.5988826751709,413200,0.0,0.0
2023-06-13 00:00:00-04:00,21.60814824314169,22.33089141155302,21.571085442557862,22.0992431640625,447400,0.0,0.0
2023-06-14 00:00:00-04:00,22.127250135220322,22.33265012169559,21.100246641293026,21.32431983947754,467200,0.18,0.0
2023-06-15 00:00:00-04:00,21.062904297887584,21.79114366863327,21.016223040347505,21.66043472290039,481500,0.0,0.0
2023-06-16 00:00:00-04:00,21.884503725326564,21.884503725326564,21.0909100354384,21.32431983947754,1096400,0.0,0.0
2023-06-20 00:00:00-04:00,21.305649500041064,21.39901379039851,20.913520905160368,21.380340576171875,464700,0.0,0.0
2023-06-21 00:00:00-04:00,21.24963113195856,21.342995420092016,20.922857013879305,20.941530227661133,366700,0.0,0.0
2023-06-22 00:00:00-04:00,20.773474599861245,20.792147813404583,20.091918332510385,20.362672805786133,412100,0.0,0.0
2023-06-23 00:00:00-04:00,20.073244096556003,20.88551103656254,19.429032508328444,19.597087860107422,2187500,0.0,0.0
2023-06-26 00:00:00-04:00,19.73713537447896,20.493384533406893,19.73713537447896,19.951873779296875,533000,0.0,0.0
2023-06-27 00:00:00-04:00,20.07324724827333,20.502720520673286,19.755809707466476,20.231966018676758,350600,0.0,0.0
2023-06-28 00:00:00-04:00,20.082582881008328,20.25997485832335,19.923864118310835,20.05457305908203,300500,0.0,0.0
2023-06-29 00:00:00-04:00,20.334665832729662,21.09091321314077,20.306656010945638,21.006885528564453,452900,0.0,0.0
2023-06-30 00:00:00-04:00,21.314984824898307,21.314984824898307,20.549400895419165,20.6334285736084,512600,0.0,0.0
2023-07-03 00:00:00-04:00,20.726792951616556,21.21228402905768,20.70811973842923,20.97887420654297,196900,0.0,0.0
2023-07-05 00:00:00-04:00,20.736126910872468,21.062901004892307,20.49338227268401,20.801483154296875,388800,0.0,0.0
2023-07-06 00:00:00-04:00,20.456039838112265,20.605422004956075,19.951875470208375,20.428030014038086,550400,0.0,0.0
2023-07-07 00:00:00-04:00,20.465376091271047,21.3243244261169,20.465376091271047,20.92285919189453,629500,0.0,0.0
2023-07-10 00:00:00-04:00,20.773473270718593,21.539057169254697,20.70811880827413,21.04422950744629,334400,0.0,0.0
2023-07-11 00:00:00-04:00,21.17494013902532,21.399013362941773,20.960203522035677,21.286975860595703,393400,0.0,0.0
2023-07-12 00:00:00-04:00,21.809813852108125,22.44468883874184,21.809813852108125,22.080568313598633,734500,0.0,0.0
2023-07-13 00:00:00-04:00,22.341988445534298,22.799471482936042,22.14592326906177,22.4073429107666,783400,0.0,0.0
2023-07-14 00:00:00-04:00,22.594073165292073,22.612744599053727,21.585742730356976,21.828487396240234,424600,0.0,0.0
2023-07-17 00:00:00-04:00,21.828489604005128,22.48203793270911,21.828489604005128,22.285974502563477,273500,0.0,0.0
2023-07-18 00:00:00-04:00,22.285970485822112,23.798465128206328,22.285970485822112,23.602401733398438,1063100,0.0,0.0
2023-07-19 00:00:00-04:00,23.873160275016218,24.573389857337506,23.6770968467387,24.40533447265625,741700,0.0,0.0
2023-07-20 00:00:00-04:00,24.330639823261105,24.461350537068938,23.891829990384746,24.274621963500977,900700,0.0,0.0
2023-07-21 00:00:00-04:00,24.517369346160503,24.517369346160503,23.770456803743283,24.218605041503906,634400,0.0,0.0
2023-07-24 00:00:00-04:00,24.134576765581546,24.750778573998463,23.994531223809645,24.610733032226562,438100,0.0,0.0
2023-07-25 00:00:00-04:00,24.592058759582784,24.7227676888385,23.99453019067026,24.19993019104004,515800,0.0,0.0
2023-07-26 00:00:00-04:00,24.741443571257122,25.413663283811992,24.741443571257122,25.217599868774414,461300,0.0,0.0
2023-07-27 00:00:00-04:00,25.21760119893486,25.628403046441647,24.788126135455975,24.900163650512695,698400,0.0,0.0
2023-07-28 00:00:00-04:00,24.76011637485839,24.76011637485839,23.527712698596115,23.593067169189453,1232900,0.0,0.0
2023-07-31 00:00:00-04:00,23.583729362149494,23.79846597768277,22.96752755536447,23.070226669311523,1220900,0.0,0.0
2023-08-01 00:00:00-04:00,23.032882754139397,23.032882754139397,22.500708611448687,22.6781005859375,1079900,0.0,0.0
2023-08-02 00:00:00-04:00,22.304644689875467,22.61274562055774,22.099244663012566,22.127254486083984,787800,0.0,0.0
2023-08-03 00:00:00-04:00,22.12725598029003,22.248628326910527,21.819155028802367,22.033891677856445,780300,0.0,0.0
2023-08-04 00:00:00-04:00,21.968535747999926,22.444692056233166,21.968535747999926,22.36066436767578,582400,0.0,0.0
2023-08-07 00:00:00-04:00,22.360664150694113,22.762127593402134,22.2859730705652,22.724782943725586,375600,0.0,0.0
2023-08-08 00:00:00-04:00,21.949862790822518,22.267300333379183,21.66043507170645,22.220617294311523,580900,0.0,0.0
2023-08-09 00:00:00-04:00,22.10858190989828,22.11791851785869,21.64176219653312,21.735126495361328,584000,0.0,0.0
2023-08-10 00:00:00-04:00,21.93118993763871,22.201946226378194,21.68844347280272,21.8471622467041,540800,0.0,0.0
2023-08-11 00:00:00-04:00,21.70711386188844,22.005878154848393,21.70711386188844,21.90317726135254,426900,0.0,0.0
2023-08-14 00:00:00-04:00,21.71644981026396,21.71644981026396,21.18427570696598,21.473703384399414,430500,0.0,0.0
2023-08-15 00:00:00-04:00,21.062901851022954,21.249630421042777,20.829492028885984,20.866838455200195,477700,0.0,0.0
2023-08-16 00:00:00-04:00,20.820154720690137,21.39901184362422,20.698782400810305,21.26830291748047,637200,0.0,0.0
2023-08-17 00:00:00-04:00,21.389676826904182,21.74446076819615,21.333658965933335,21.641759872436523,493400,0.0,0.0
2023-08-18 00:00:00-04:00,21.342993051186784,21.744458199058176,21.14692788979066,21.32431983947754,475400,0.0,0.0
2023-08-21 00:00:00-04:00,21.455030036726235,21.763130925162624,21.034893432917848,21.48303985595703,476400,0.0,0.0
2023-08-22 00:00:00-04:00,21.436355699956433,21.520383372467496,20.857500379075216,20.960201263427734,500900,0.0,0.0
2023-08-23 00:00:00-04:00,20.9135209232045,21.641760251690037,20.8201566327665,21.5017147064209,470400,0.0,0.0
2023-08-24 00:00:00-04:00,21.371001298080838,21.912511977544394,21.371001298080838,21.54839324951172,453700,0.0,0.0
2023-08-25 00:00:00-04:00,21.604415602679346,21.688443292917018,21.11892445780996,21.51105308532715,333600,0.0,0.0
2023-08-28 00:00:00-04:00,21.660434859064647,21.912516144451892,21.501716089344466,21.651098251342773,393000,0.0,0.0
2023-08-29 00:00:00-04:00,21.697777917357726,22.117916330140165,21.146930567609957,21.865833282470703,345900,0.0,0.0
2023-08-30 00:00:00-04:00,21.847162229334472,22.099245301937874,21.268306781996163,21.735126495361328,292400,0.0,0.0
2023-08-31 00:00:00-04:00,21.763131477625386,22.145923446285575,21.679103798575525,22.043224334716797,538100,0.0,0.0
2023-09-01 00:00:00-04:00,22.201942966946554,22.87416261496003,21.595076003561807,22.6407527923584,509900,0.0,0.0
2023-09-05 00:00:00-04:00,22.500708225740176,22.500708225740176,22.061896600620287,22.108579635620117,484100,0.0,0.0
2023-09-06 00:00:00-04:00,22.099243205475926,22.332653040015902,21.501714598901817,21.62308692932129,364300,0.0,0.0
2023-09-07 00:00:00-04:00,21.585743609791464,21.80048024339305,21.314987330295345,21.427024841308594,404600,0.0,0.0
2023-09-08 00:00:00-04:00,21.548395961252034,21.71645132788529,21.118922718323248,21.5017147064209,318600,0.0,0.0
2023-09-11 00:00:00-04:00,21.548396052152057,21.679104990851208,21.00688530225821,21.258968353271484,529300,0.0,0.0
2023-09-12 00:00:00-04:00,21.28697628581443,21.539059335546817,20.932194119387002,21.380340576171875,420900,0.0,0.0
2023-09-13 00:00:00-04:00,21.28697485431858,21.46436681599099,20.717456104910745,21.118921279907227,431600,0.0,0.0
2023-09-14 00:00:00-04:00,21.354205128650868,21.570664242304844,21.260091924217814,21.504785537719727,510000,0.18,0.0
2023-09-15 00:00:00-04:00,21.410672185961417,21.664777297664163,21.194213073796877,21.56125259399414,2240500,0.0,0.0
2023-09-18 00:00:00-04:00,21.476550073826672,21.476550073826672,21.00598586784428,21.053043365478516,431300,0.0,0.0
2023-09-19 00:00:00-04:00,21.10010035481539,21.542430089192152,20.72364932608409,21.034221649169922,327500,0.0,0.0
2023-09-20 00:00:00-04:00,21.175389633934707,21.37302574222262,20.817761621054665,20.827171325683594,277300,0.0,0.0
2023-09-21 00:00:00-04:00,20.657769527075903,20.695413730426573,20.32837422122253,20.337785720825195,378400,0.0,0.0
2023-09-22 00:00:00-04:00,20.38484031968721,20.601299413644632,20.253082922506156,20.57306671142578,457700,0.0,0.0
2023-09-25 00:00:00-04:00,20.488366295229802,20.92128451020325,20.35660709475352,20.855405807495117,340900,0.0,0.0
2023-09-26 00:00:00-04:00,20.591890788394597,20.987164830162857,20.39425466504055,20.422489166259766,400100,0.0,0.0
2023-09-27 00:00:00-04:00,20.526015011549205,20.591893728740803,20.177798422090625,20.243677139282227,329900,0.0,0.0
2023-09-28 00:00:00-04:00,20.290728733317636,20.638947047137368,20.140148326006415,20.35660743713379,489800,0.0,0.0
2023-09-29 00:00:00-04:00,20.63894449934427,20.893049578461245,20.488364110621582,20.667177200317383,431500,0.0,0.0
2023-10-02 00:00:00-04:00,20.582482556934224,20.6483612694364,20.13073948037877,20.318965911865234,520100,0.0,0.0
2023-10-03 00:00:00-04:00,20.130736479047552,20.206026681404918,19.678995264903378,19.951923370361328,411400,0.0,0.0
2023-10-04 00:00:00-04:00,19.98956805068656,20.083681254642517,19.660172734370743,20.02721405029297,355600,0.0,0.0
2023-10-05 00:00:00-04:00,19.951923841985522,20.33778636257054,19.78252043391209,20.3283748626709,728600,0.0,0.0
2023-10-06 00:00:00-04:00,20.04603696094813,20.667181646832592,19.820166329268346,20.41307830810547,363600,0.0,0.0
2023-10-09 00:00:00-04:00,20.093094924777027,20.667182120300765,20.093094924777027,20.48836898803711,252400,0.0,0.0
2023-10-10 00:00:00-04:00,20.648360112937844,20.874230741034587,20.516600900252936,20.55424690246582,270900,0.0,0.0
2023-10-11 00:00:00-04:00,20.573068636884148,20.99657536534258,20.450720932285435,20.54483413696289,270300,0.0,0.0
2023-10-12 00:00:00-04:00,20.554246138307278,20.554246138307278,19.763698071829296,20.017803192138672,372500,0.0,0.0
2023-10-13 00:00:00-04:00,20.234260886688986,20.526010192205845,19.42488987680223,19.434301376342773,334200,0.0,0.0
2023-10-16 00:00:00-04:00,19.650761256542648,19.92368936881549,19.59429405212967,19.697818756103516,487000,0.0,0.0
2023-10-17 00:00:00-04:00,19.575473998870574,20.35661065855963,19.35901485348862,20.064861297607422,451700,0.0,0.0
2023-10-18 00:00:00-04:00,19.876634965276093,20.56365834829111,19.387247708172172,19.406070709228516,322500,0.0,0.0
2023-10-19 00:00:00-04:00,19.443714154326795,19.80134398014197,19.10490732883034,19.142553329467773,404700,0.0,0.0
2023-10-20 00:00:00-04:00,19.189608412435337,19.189608412435337,18.643753986328193,18.822568893432617,710900,0.0,0.0
2023-10-23 00:00:00-04:00,18.756688117329936,19.434299876411284,18.540229029783657,18.57787322998047,979400,0.0,0.0
2023-10-24 00:00:00-04:00,18.813159511554694,18.879038222888692,18.27671652490899,18.436708450317383,501900,0.0,0.0
2023-10-25 00:00:00-04:00,18.276712108388452,18.559049887325173,17.91908413539795,18.446115493774414,609700,0.0,0.0
2023-10-26 00:00:00-04:00,18.530817532243702,19.142550594727798,18.511994534614075,18.935503005981445,392100,0.0,0.0
2023-10-27 00:00:00-04:00,19.217840805059737,19.217840805059737,18.700220935263328,18.907268524169922,535800,0.0,0.0
2023-10-30 00:00:00-04:00,19.02020567289435,19.02020567289435,18.76610234815828,18.784923553466797,407600,0.0,0.0
2023-10-31 00:00:00-04:00,18.794333938229304,19.0578505425704,18.728455235909035,19.020204544067383,467200,0.0,0.0
2023-11-01 00:00:00-04:00,18.96373903346934,19.17078845359052,18.756691408408326,19.161376953125,471400,0.0,0.0
2023-11-02 00:00:00-04:00,19.528417751151355,20.441311814260587,19.528417751151355,20.347200393676758,389900,0.0,0.0
2023-11-03 00:00:00-04:00,21.175390521753467,21.97535007825395,20.648359082495542,21.664777755737305,892800,0.0,0.0
2023-11-06 00:00:00-05:00,21.636543955307825,21.636543955307825,21.203625707822784,21.29773712158203,372000,0.0,0.0
2023-11-07 00:00:00-05:00,21.250682537722895,21.363618753286474,20.845996974955423,21.09069061279297,240900,0.0,0.0
2023-11-08 00:00:00-05:00,21.0718671919956,21.297737823570937,20.55424721901798,20.686004638671875,200700,0.0,0.0
2023-11-09 00:00:00-05:00,20.7989389199858,20.7989389199858,19.98015638590385,20.111915588378906,303500,0.0,0.0
2023-11-10 00:00:00-05:00,20.243671560842863,20.300138760723815,19.942510768064565,20.187204360961914,246000,0.0,0.0
2023-11-13 00:00:00-05:00,20.06485824660489,20.667179879579724,20.00839104227851,20.629535675048828,281700,0.0,0.0
2023-11-14 00:00:00-05:00,21.203628001495414,22.568263394283743,21.062457275465288,22.30474853515625,650400,0.0,0.0
2023-11-15 00:00:00-05:00,22.332978506822467,23.020001869706938,22.13534238670233,22.70001983642578,554300,0.0,0.0
2023-11-16 00:00:00-05:00,22.624728701324297,22.850599312935678,21.97534957102903,22.220043182373047,393200,0.0,0.0
2023-11-17 00:00:00-05:00,22.511792997264088,22.70942911365978,19.980156918999604,22.267099380493164,401000,0.0,0.0
2023-11-20 00:00:00-05:00,22.201220182640416,22.295333386243506,22.003582275567922,22.220043182373047,200100,0.0,0.0
2023-11-21 00:00:00-05:00,22.116519314885736,22.163575020935912,21.514197661154896,21.523609161376953,182600,0.0,0.0
2023-11-22 00:00:00-05:00,21.815360713170914,21.91888543111289,21.561255566437133,21.683603286743164,183800,0.0,0.0
2023-11-24 00:00:00-05:00,21.674192473851217,22.107110771610415,21.31656259781849,21.61772346496582,82900,0.0,0.0
2023-11-27 00:00:00-05:00,21.49537325037197,21.617719155111228,21.27891414464712,21.570663452148438,224300,0.0,0.0
2023-11-28 00:00:00-05:00,21.561255566437133,21.72124749641096,21.194215995639652,21.683603286743164,295200,0.0,0.0
2023-11-29 00:00:00-05:00,21.862414520670963,22.398857475921375,21.80594731355517,21.928293228149414,452900,0.0,0.0
2023-11-30 00:00:00-05:00,21.99417388237318,22.125931298238758,21.730657255581853,21.871826171875,494400,0.0,0.0
2023-12-01 00:00:00-05:00,21.843591077217482,23.45292170541079,21.711833664931053,23.387042999267578,505000,0.0,0.0
2023-12-04 00:00:00-05:00,23.179994053828043,23.989365134359467,23.15176134780216,23.735260009765625,389600,0.0,0.0
2023-12-05 00:00:00-05:00,23.70702443740707,23.8481933356487,23.26469294917406,23.58467674255371,441100,0.0,0.0
2023-12-06 00:00:00-05:00,23.716434492901776,24.6105053240458,23.65996550099471,23.688199996948242,547000,0.0,0.0
2023-12-07 00:00:00-05:00,23.829372051956078,24.328170776367188,23.697614643457317,24.328170776367188,546200,0.0,0.0
2023-12-08 00:00:00-05:00,24.506988682001175,24.930495459003698,23.942311184270867,24.695213317871094,482500,0.0,0.0
2023-12-11 00:00:00-05:00,24.6199197593354,24.939903571403494,24.497573852396442,24.798734664916992,358800,0.0,0.0
2023-12-12 00:00:00-05:00,24.76109158188605,24.81756058717892,24.535220945895304,24.59168815612793,364800,0.0,0.0
2023-12-13 00:00:00-05:00,24.648155707820376,26.238661566839234,24.346994877593378,26.229251861572266,750400,0.0,0.0
2023-12-14 00:00:00-05:00,26.99651977281446,28.398443874770226,26.882849420915555,27.73537254333496,1250700,0.18,0.0
2023-12-15 00:00:00-05:00,27.820625421060267,27.924821288462457,27.157552269418396,27.479616165161133,2314100,0.0,0.0
2023-12-18 00:00:00-05:00,27.94376710419304,28.01954673932508,27.25227770777204,27.271223068237305,622600,0.0,0.0
2023-12-19 00:00:00-05:00,27.337530133393194,27.93429453662373,27.15755282170534,27.631175994873047,426900,0.0,0.0
2023-12-20 00:00:00-05:00,27.63117472825939,28.00060020824244,26.551314521091125,26.560787200927734,843600,0.0,0.0
2023-12-21 00:00:00-05:00,26.920742158126114,27.59328621985317,26.352393969492677,26.693403244018555,699800,0.0,0.0
2023-12-22 00:00:00-05:00,27.024938138956113,27.21438631877105,26.617621932596986,26.82601547241211,299000,0.0,0.0
2023-12-26 00:00:00-05:00,27.02493859019764,27.489089077578377,26.721818245320318,27.204914093017578,254900,0.0,0.0
2023-12-27 00:00:00-05:00,27.26174869873897,27.34700100882101,27.03440980742983,27.11018943786621,241300,0.0,0.0
2023-12-28 00:00:00-05:00,26.996520100469176,27.394363626850513,26.750235840639874,27.23333168029785,246300,0.0,0.0
2023-12-29 00:00:00-05:00,27.053354602231593,27.384891178137632,26.513424484738696,26.958629608154297,476100,0.0,0.0
2024-01-02 00:00:00-05:00,26.551315873660386,27.328057592541466,26.44711819687862,26.589204788208008,434800,0.0,0.0
2024-01-03 00:00:00-05:00,26.428174937581247,26.428174937581247,25.623015113723298,25.660905838012695,435500,0.0,0.0
2024-01-04 00:00:00-05:00,25.727209992242127,25.992439613146832,25.68932107881516,25.78404426574707,420900,0.0,0.0
2024-01-05 00:00:00-05:00,25.319894882997836,26.08716573889163,25.244115246126366,25.613542556762695,403800,0.0,0.0
2024-01-08 00:00:00-05:00,25.613539788872668,26.05874488154096,25.5282874807638,26.03032684326172,252000,0.0,0.0
2024-01-09 00:00:00-05:00,25.60406954671736,26.01138396045257,25.49987186983701,25.774572372436523,310200,0.0,0.0
2024-01-10 00:00:00-05:00,25.5472351258533,25.840882814931344,24.836800315612038,25.755630493164062,320600,0.0,0.0
2024-01-11 00:00:00-05:00,25.4525084910101,26.11557980694427,24.846269639603346,25.547231674194336,574000,0.0,0.0
2024-01-12 00:00:00-05:00,25.91665985243625,26.011383038903524,24.912577453976628,25.13044548034668,254200,0.0,0.0
2024-01-16 00:00:00-05:00,24.524210637939152,24.950472274004426,24.476849036922687,24.562101364135742,296800,0.0,0.0
2024-01-17 00:00:00-05:00,23.984276938846467,24.533679741466543,23.936915344737272,24.287395477294922,267100,0.0,0.0
2024-01-18 00:00:00-05:00,24.438954286956832,24.58104268007052,24.15478111418739,24.42948341369629,194300,0.0,0.0
2024-01-19 00:00:00-05:00,24.618933715586444,24.922052274465386,24.23056283618166,24.855745315551758,379000,0.0,0.0
2024-01-22 00:00:00-05:00,25.092552676455377,25.594593833990977,24.978884139443164,25.585121154785156,459000,0.0,0.0
2024-01-23 00:00:00-05:00,25.83140536300373,25.83140536300373,25.026245698761723,25.291475296020508,249200,0.0,0.0
2024-01-24 00:00:00-05:00,25.43356525965209,25.84088148564761,25.177808307506663,25.206226348876953,328200,0.0,0.0
2024-01-25 00:00:00-05:00,25.528288551169336,25.71773672745463,24.590513122650727,24.931522369384766,517100,0.0,0.0
2024-01-26 00:00:00-05:00,25.594596888658778,25.594596888658778,24.42001162788468,24.779964447021484,617900,0.0,0.0
2024-01-29 00:00:00-05:00,24.770493089152453,25.09255701086743,24.552626849971475,25.035722732543945,485600,0.0,0.0
2024-01-30 00:00:00-05:00,25.04519305613087,25.19675232188149,24.74207452462963,24.950468063354492,310500,0.0,0.0
2024-01-31 00:00:00-05:00,24.26845240138559,24.533680224384195,23.26436996459961,23.26436996459961,486800,0.0,0.0
2024-02-01 00:00:00-05:00,23.539071469052615,23.78535572964294,22.08031126557045,22.68655014038086,947700,0.0,0.0
2024-02-02 00:00:00-05:00,22.22239730943982,22.904415801091698,21.881389870342815,22.828636169433594,567100,0.0,0.0
2024-02-05 00:00:00-05:00,22.553935093413006,22.9896693540241,22.317123505852138,22.904417037963867,543000,0.0,0.0
2024-02-06 00:00:00-05:00,22.8570553158836,23.22648264819873,22.705496033246835,22.951780319213867,494600,0.0,0.0
2024-02-07 00:00:00-05:00,22.942306286099875,23.131756281595152,22.231871513086176,22.923362731933594,445400,0.0,0.0
2024-02-08 00:00:00-05:00,22.894945363687484,23.226481962186654,22.74338608552714,23.027559280395508,377900,0.0,0.0
2024-02-09 00:00:00-05:00,23.093865881520383,23.53907283511765,22.67707877639109,23.415929794311523,318100,0.0,0.0
2024-02-12 00:00:00-05:00,23.330675695830923,24.334758079917307,23.330675695830923,24.00322151184082,432700,0.0,0.0
2024-02-13 00:00:00-05:00,23.037031961121667,23.50118247632886,22.43079484848029,23.027559280395508,664100,0.0,0.0
2024-02-14 00:00:00-05:00,23.406456779397573,23.719049813873134,22.75285808930065,23.217008590698242,421500,0.0,0.0
2024-02-15 00:00:00-05:00,23.472764850426486,24.353702425026093,23.292787540748954,24.107419967651367,420400,0.0,0.0
2024-02-16 00:00:00-05:00,23.794831793436888,23.97480731941152,23.586436416602123,23.709579467773438,298600,0.0,0.0
2024-02-20 00:00:00-05:00,23.321205813323857,23.67168594927268,23.21700813720063,23.245426177978516,253400,0.0,0.0
2024-02-21 00:00:00-05:00,23.065450684556023,23.141230325874403,22.84758444160682,22.951780319213867,412100,0.0,0.0
2024-02-22 00:00:00-05:00,22.838110879374824,23.14122943295229,22.50657428387606,22.781274795532227,325800,0.0,0.0
2024-02-23 00:00:00-05:00,22.77180268789251,23.15070085933644,22.63918697284039,22.705493927001953,365400,0.0,0.0
2024-02-26 00:00:00-05:00,22.714968965306507,22.85705556850772,22.402377715572168,22.61077308654785,246900,0.0,0.0
2024-02-27 00:00:00-05:00,22.875997763439358,22.97072275470144,22.572879236783844,22.7149658203125,234700,0.0,0.0
2024-02-28 00:00:00-05:00,22.421320634263488,22.6581322160336,22.31712296013136,22.34554100036621,262800,0.0,0.0
2024-02-29 00:00:00-05:00,22.894945599844654,23.235954882587432,22.525520081359396,22.866527557373047,304600,0.0,0.0
2024-03-01 00:00:00-05:00,22.733912967279565,22.809692604901333,22.269762461005097,22.762331008911133,272000,0.0,0.0
2024-03-04 00:00:00-05:00,22.70549199290326,23.084391938800735,22.326593853734625,22.411846160888672,273100,0.0,0.0
2024-03-05 00:00:00-05:00,22.307652409574185,23.558019198334573,22.25081813040799,23.472766876220703,413700,0.0,0.0
2024-03-06 00:00:00-05:00,23.58643083811389,24.10741735025169,23.11280772165888,23.66221046447754,415200,0.0,0.0
2024-03-07 00:00:00-05:00,24.069531072553456,24.26845375764841,23.652742147325714,23.81377410888672,410700,0.0,0.0
2024-03-08 00:00:00-05:00,24.19266886278646,24.37264434029555,23.681155046551154,23.78535270690918,301500,0.0,0.0
2024-03-11 00:00:00-04:00,23.813772199702978,23.842190240075126,23.520126342773438,23.520126342773438,209700,0.0,0.0
2024-03-12 00:00:00-04:00,23.425400097492677,23.58643203754543,22.970722316189228,23.150699615478516,324200,0.0,0.0
2024-03-13 00:00:00-04:00,22.999141468290382,23.42540123137163,22.999141468290382,23.160173416137695,209300,0.0,0.0
2024-03-14 00:00:00-04:00,22.988405433352543,23.045661225803002,22.24407285098126,22.53035545349121,628000,0.18,0.0
2024-03-15 00:00:00-04:00,22.377669608345514,22.90251825701738,22.377669608345514,22.883432388305664,1548100,0.0,0.0
2024-03-18 00:00:00-04:00,22.788007771633854,23.01703458513107,22.55898277826549,22.711666107177734,323300,0.0,0.0
2024-03-19 00:00:00-04:00,22.721208070272635,23.036117650191965,22.702124020072052,22.807092666625977,330000,0.0,0.0
2024-03-20 00:00:00-04:00,22.683038770758753,23.85679252621775,22.597154172054065,23.589595794677734,440700,0.0,0.0
2024-03-21 00:00:00-04:00,23.742276109114517,24.209870785019234,23.723192060812593,24.066728591918945,512300,0.0,0.0
2024-03-22 00:00:00-04:00,24.076271625697082,24.076271625697082,23.665934553387046,23.761362075805664,402600,0.0,0.0
2024-03-25 00:00:00-04:00,23.847246765153045,24.123986399328377,23.44645262539717,23.455995559692383,246100,0.0,0.0
2024-03-26 00:00:00-04:00,23.694565451215748,23.770907111875022,23.188800811767578,23.188800811767578,671000,0.0,0.0
2024-03-27 00:00:00-04:00,23.389198976390965,24.238500184835036,23.389198976390965,24.20987319946289,367200,0.0,0.0
2024-03-28 00:00:00-04:00,24.295753033135277,24.54386385704038,24.038101095347542,24.228954315185547,311700,0.0,0.0
2024-04-01 00:00:00-04:00,24.410266126350557,24.410266126350557,23.446451644403183,23.627763748168945,357700,0.0,0.0
2024-04-02 00:00:00-04:00,23.22697025180442,23.532336864198562,22.902517771103504,23.083829879760742,494300,0.0,0.0
2024-04-03 00:00:00-04:00,22.826179443189027,23.15063197115429,22.81663650764548,22.864349365234375,360500,0.0,0.0
2024-04-04 00:00:00-04:00,23.26514263375795,23.33194317991071,22.730751005437316,22.807092666625977,545700,0.0,0.0
2024-04-05 00:00:00-04:00,22.72120614451331,23.06474450080973,22.72120614451331,22.883432388305664,250800,0.0,0.0
2024-04-08 00:00:00-04:00,22.940693237292727,23.303315693431852,22.940693237292727,23.12200355529785,294300,0.0,0.0
2024-04-09 00:00:00-04:00,23.265140533447266,23.49416731646614,23.112457224853756,23.265140533447266,349600,0.0,0.0
2024-04-10 00:00:00-04:00,22.50172402227488,22.50172402227488,21.566538300786053,21.633337020874023,663300,0.0,0.0
2024-04-11 00:00:00-04:00,21.862364421021585,22.244072735592624,21.270716988468678,21.547454833984375,370300,0.0,0.0
2024-04-12 00:00:00-04:00,21.337513387986586,21.70013579223318,21.23254293038398,21.480653762817383,313400,0.0,0.0
2024-04-15 00:00:00-04:00,21.518826641724118,21.86236504470279,21.032149664342814,21.232545852661133,355000,0.0,0.0
2024-04-16 00:00:00-04:00,21.184831121069116,21.23254397498389,20.898548537194355,21.041688919067383,288300,0.0,0.0
2024-04-17 00:00:00-04:00,21.280256354190968,21.394769749212116,20.993975596831103,21.051231384277344,255600,0.0,0.0
2024-04-18 00:00:00-04:00,21.051232660473385,21.537911433592186,21.041689725299044,21.44248390197754,421700,0.0,0.0
2024-04-19 00:00:00-04:00,21.308886408905895,21.900535647678403,21.308886408905895,21.747852325439453,857300,0.0,0.0
2024-04-22 00:00:00-04:00,21.824194291910235,22.263158394456745,21.64288216166638,22.120018005371094,505600,0.0,0.0
2024-04-23 00:00:00-04:00,22.072301650932392,22.969317478539956,21.480654268989174,22.91206169128418,620400,0.0,0.0
2024-04-24 00:00:00-04:00,22.530352017007313,22.883431473414678,22.349039911752193,22.826175689697266,331200,0.0,0.0
2024-04-25 00:00:00-04:00,22.616238550549934,22.663951404402457,22.17727265056616,22.55898094177246,564100,0.0,0.0
2024-04-26 00:00:00-04:00,22.339499929973897,22.730751173982966,21.948248685964824,22.310871124267578,547100,0.0,0.0
2024-04-29 00:00:00-04:00,22.2154444186169,22.63532262942505,21.97687650878689,22.48263931274414,603000,0.0,0.0
2024-04-30 00:00:00-04:00,22.253616918206752,22.53035659936151,21.986421993096133,22.01504898071289,383200,0.0,0.0
2024-05-01 00:00:00-04:00,22.196357184184812,23.055201242738303,22.12001553053847,22.434925079345703,353600,0.0,0.0
2024-05-02 00:00:00-04:00,22.568524283050934,22.99794725597281,22.520811428339055,22.816635131835938,384800,0.0,0.0
2024-05-03 00:00:00-04:00,23.293770450808587,23.293770450808587,22.95023207997286,23.017032623291016,241400,0.0,0.0
2024-05-06 00:00:00-04:00,23.112457671427265,23.713649803242838,23.04565895014301,23.56096649169922,506000,0.0,0.0
2024-05-07 00:00:00-04:00,23.522797754256292,23.69456695668546,23.10291768388819,23.12200355529785,253800,0.0,0.0
2024-05-08 00:00:00-04:00,22.86434884847306,23.21743017508891,22.74983726479627,23.17926025390625,193600,0.0,0.0
2024-05-09 00:00:00-04:00,23.255602726039527,23.360571378042916,23.122003446926964,23.351028442382812,273000,0.0,0.0
2024-05-10 00:00:00-04:00,23.331943018116384,23.417827613874163,23.1029162160098,23.188800811767578,392000,0.0,0.0
2024-05-13 00:00:00-04:00,23.408283339988746,23.570509587127617,22.92160459857214,22.9884033203125,289600,0.0,0.0
2024-05-14 00:00:00-04:00,23.007491630438818,23.255602494747244,22.778466637260774,22.940692901611328,246500,0.0,0.0
2024-05-15 00:00:00-04:00,23.284229921536976,23.370114523118627,22.845265798012004,23.007492065429688,526800,0.0,0.0
2024-05-16 00:00:00-04:00,23.036115201467265,23.351024747911904,22.88343189532008,22.969316482543945,265200,0.0,0.0
2024-05-17 00:00:00-04:00,23.112457721030363,23.446453148297085,22.978860278175134,23.29376983642578,501100,0.0,0.0
2024-05-20 00:00:00-04:00,23.30331284959872,23.35102570217132,22.940690437712426,22.950231552124023,255400,0.0,0.0
2024-05-21 00:00:00-04:00,22.845261978847574,23.112456854540856,22.797547308096217,22.969316482543945,296700,0.0,0.0
2024-05-22 00:00:00-04:00,22.940689100088306,22.988401949878874,22.35858286797495,22.749834060668945,378800,0.0,0.0
2024-05-23 00:00:00-04:00,22.83572274234481,22.873892664997935,22.053220216602547,22.100933074951172,307500,0.0,0.0
2024-05-24 00:00:00-04:00,22.196356255416507,22.224985056884186,21.91007370112528,22.14864158630371,199100,0.0,0.0
2024-05-28 00:00:00-04:00,22.16773042640158,22.339499617983,21.8337349783409,21.938705444335938,501100,0.0,0.0
2024-05-29 00:00:00-04:00,21.471111352446776,21.595165861626526,21.270715186819032,21.31842803955078,347300,0.0,0.0
2024-05-30 00:00:00-04:00,21.661967729163948,21.91961969786169,21.509284406924998,21.747852325439453,328700,0.0,0.0
2024-05-31 00:00:00-04:00,22.29178654005229,22.70212364470494,21.976876965339816,22.587610244750977,550800,0.0,0.0
2024-06-03 00:00:00-04:00,22.873891691957564,22.873891691957564,21.96733468099589,22.120018005371094,268000,0.0,0.0
2024-06-04 00:00:00-04:00,21.881452146729497,21.995963740743846,21.623798330003762,21.70013999938965,202600,0.0,0.0
2024-06-05 00:00:00-04:00,21.805105701878247,21.871904420445407,21.537909007481034,21.719221115112305,178700,0.0,0.0
2024-06-06 00:00:00-04:00,21.633340193453268,21.957792727286797,21.556998527852958,21.910078048706055,202700,0.0,0.0
2024-06-07 00:00:00-04:00,21.528370788239158,21.84328040197207,21.5188278520498,21.70013999938965,465500,0.0,0.0
2024-06-10 00:00:00-04:00,21.327970059955145,21.37568291064181,20.993974644762748,21.261171340942383,362700,0.0,0.0
2024-06-11 00:00:00-04:00,21.041690708897775,21.452027839931915,21.022606657785776,21.385229110717773,384200,0.0,0.0
2024-06-12 00:00:00-04:00,22.1104736328125,22.635322298718908,21.910075645016214,22.1104736328125,498000,0.0,0.0
2024-06-13 00:00:00-04:00,22.100930364188482,22.100930364188482,21.509282984666257,21.73830795288086,272600,0.0,0.0
2024-06-14 00:00:00-04:00,21.507458094785022,22.142293455845294,21.286226144710824,21.48822021484375,481600,0.18,0.0
2024-06-17 00:00:00-04:00,21.536316498605583,21.815260298156097,21.20927982619315,21.796022415161133,452200,0.0,0.0
2024-06-18 00:00:00-04:00,21.738311570985548,21.978779615278253,21.50746246861962,21.55555534362793,415700,0.0,0.0
2024-06-20 00:00:00-04:00,21.392033618016356,21.75754601494362,21.33432181020558,21.728689193725586,318700,0.0,0.0
2024-06-21 00:00:00-04:00,21.728689535926964,21.80563922576163,21.324703205638638,21.613264083862305,1172000,0.0,0.0
2024-06-24 00:00:00-04:00,21.719072142120325,22.296195774293565,21.699834259635278,22.113439559936523,314000,0.0,0.0
2024-06-25 00:00:00-04:00,22.074961222981226,22.17114694695493,21.738305685197997,21.757543563842773,218200,0.0,0.0
2024-06-26 00:00:00-04:00,21.53631331588743,22.084580057840537,21.51707727036074,21.959537506103516,230700,0.0,0.0
2024-06-27 00:00:00-04:00,21.969158528750203,22.363525936122546,21.83449702417196,22.33466911315918,202500,0.0,0.0
2024-06-28 00:00:00-04:00,22.63285041044432,23.03683675220975,22.565517824628937,22.73865509033203,647700,0.0,0.0
2024-07-01 00:00:00-04:00,22.642468200768363,22.91179119184359,22.32504867335779,22.50780487060547,442100,0.0,0.0
2024-07-02 00:00:00-04:00,22.49818788004417,22.921412118644582,22.49818788004417,22.796369552612305,218000,0.0,0.0
2024-07-03 00:00:00-04:00,22.815602652365698,22.815602652365698,22.363523483276367,22.363523483276367,142300,0.0,0.0
2024-07-05 00:00:00-04:00,22.325046730118945,22.498183971954226,22.094197685880278,22.12305450439453,263600,0.0,0.0
2024-07-08 00:00:00-04:00,22.31543061823768,22.57513465792187,22.17114835387122,22.363523483276367,273500,0.0,0.0
2024-07-09 00:00:00-04:00,22.363525035703358,22.805985295574533,22.17114989294395,22.76751136779785,451900,0.0,0.0
2024-07-10 00:00:00-04:00,22.805983638040264,23.546625498821356,22.757890773158454,23.527387619018555,440400,0.0,0.0
2024-07-11 00:00:00-04:00,23.80633207022645,24.8066798337975,23.5754830097005,24.65277862548828,688000,0.0,0.0
2024-07-12 00:00:00-04:00,24.94134312891452,25.104861454594705,24.546975726031505,24.566213607788086,618300,0.0,0.0
2024-07-15 00:00:00-04:00,24.98943583109963,25.681984892689236,24.97019794947206,25.441516876220703,561000,0.0,0.0
2024-07-16 00:00:00-04:00,25.73007466420272,26.797753115853425,25.34532625110229,26.566904067993164,970100,0.0,0.0
2024-07-17 00:00:00-04:00,26.20139227110603,27.24021392644943,26.20139227110603,26.92279624938965,882400,0.0,0.0
2024-07-18 00:00:00-04:00,26.566907045974087,27.20174245740709,26.12444494534255,26.413005828857422,701100,0.0,0.0
2024-07-19 00:00:00-04:00,26.41300510359949,26.922797940744733,26.23025073855004,26.451480865478516,599600,0.0,0.0
2024-07-22 00:00:00-04:00,26.297580566506404,27.028603504986222,26.018636806525517,26.98050880432129,499200,0.0,0.0
2024-07-23 00:00:00-04:00,26.65347372714163,27.807720925420284,26.65347372714163,27.480684280395508,586300,0.0,0.0
2024-07-24 00:00:00-04:00,27.249832838357477,27.769244582808874,26.691947169108857,26.826608657836914,453200,0.0,0.0
2024-07-25 00:00:00-04:00,26.961274521789303,28.028951261617223,26.816992244984533,27.56725311279297,777100,0.0,0.0
2024-07-26 00:00:00-04:00,27.836575294452974,28.317511278916655,27.086314498224564,27.60572624206543,584300,0.0,0.0
2024-07-29 00:00:00-04:00,27.1151727280797,27.740389173476387,26.730424287422142,26.855466842651367,528200,0.0,0.0
2024-07-30 00:00:00-04:00,27.057458331278664,27.24021452347773,25.980162727487297,26.797754287719727,676000,0.0,0.0
2024-07-31 00:00:00-04:00,26.759280794975027,27.567253483598137,26.49957489478359,26.778518676757812,483500,0.0,0.0
2024-08-01 00:00:00-04:00,26.75928156676443,26.826612320320738,25.36456812054323,25.585798263549805,515200,0.0,0.0
2024-08-02 00:00:00-04:00,24.537356585565558,24.864393234265794,24.085277375715403,24.479644775390625,680700,0.0,0.0
2024-08-05 00:00:00-04:00,23.440822983474632,24.056420516738925,22.56551771825459,23.90252113342285,717700,0.0,0.0
2024-08-06 00:00:00-04:00,23.892900086238715,24.41231000048293,23.64281315174143,24.104511260986328,434700,0.0,0.0
2024-08-07 00:00:00-04:00,24.46040681997713,25.258760557718453,23.79671458377941,24.094894409179688,560600,0.0,0.0
2024-08-08 00:00:00-04:00,24.585445829230697,24.902863490320087,24.373834666712803,24.758583068847656,325200,0.0,0.0
2024-08-09 00:00:00-04:00,24.710493227967525,24.80668079891856,24.31612583823106,24.508499145507812,268900,0.0,0.0
2024-08-12 00:00:00-04:00,24.806679041645022,25.018290215046783,24.05641824292484,24.210317611694336,250500,0.0,0.0
2024-08-13 00:00:00-04:00,24.49887968420716,24.662398000960618,23.95061292645301,24.633543014526367,302700,0.0,0.0
2024-08-14 00:00:00-04:00,24.720113342452546,24.720113342452546,24.15260866497919,24.450788497924805,196300,0.0,0.0
2024-08-15 00:00:00-04:00,25.095239792135313,25.508845031919385,24.883628619638312,24.98943328857422,291100,0.0,0.0
2024-08-16 00:00:00-04:00,24.85477312933943,25.460751694357356,24.806680262217082,25.210664749145508,373800,0.0,0.0
2024-08-19 00:00:00-04:00,25.19142741153606,25.297232080705808,25.056764088172006,25.181808471679688,526300,0.0,0.0
2024-08-20 00:00:00-04:00,25.114479784682985,25.114479784682985,24.66239874752494,24.691255569458008,381100,0.0,0.0
2024-08-21 00:00:00-04:00,24.893248222027697,24.922105044427834,24.585449454927723,24.86439323425293,249000,0.0,0.0
2024-08-22 00:00:00-04:00,24.787442927445607,25.085622746347028,24.77782398688423,24.893247604370117,233600,0.0,0.0
2024-08-23 00:00:00-04:00,25.162574024730596,26.65347504798386,24.82591842233054,26.547670364379883,583900,0.0,0.0
2024-08-26 00:00:00-04:00,26.749660291967036,26.913178608320855,26.316818984883593,26.374530792236328,396100,0.0,0.0
2024-08-27 00:00:00-04:00,26.20139485368563,26.211013794499205,25.797408512642278,25.826265335083008,226300,0.0,0.0
2024-08-28 00:00:00-04:00,25.662744230450546,26.336053502832765,24.614303645478415,26.162918090820312,233100,0.0,0.0
2024-08-29 00:00:00-04:00,26.518812929324415,26.518812929324415,25.864739621945112,26.191776275634766,224100,0.0,0.0
2024-08-30 00:00:00-04:00,26.191773851196388,26.451479728844184,25.941686913605015,26.316818237304688,243500,0.0,0.0
2024-09-03 00:00:00-04:00,25.96092566550386,26.403387749831467,25.739695540652704,26.172536849975586,398200,0.0,0.0
2024-09-04 00:00:00-04:00,26.01864016617687,26.326440786301408,25.91283548030249,26.134065628051758,391200,0.0,0.0
2024-09-05 00:00:00-04:00,26.393770590798024,26.432244520287128,25.826265912486782,25.989784240722656,324600,0.0,0.0
2024-09-06 00:00:00-04:00,26.03787431810618,26.20139262880112,25.316470329974127,25.45113182067871,552000,0.0,0.0
2024-09-09 00:00:00-04:00,25.48960804058815,25.672364234574225,25.201047173978758,25.52808380126953,409100,0.0,0.0
2024-09-10 00:00:00-04:00,25.518465969575075,25.62427064679435,24.854773745993597,25.566558837890625,385400,0.0,0.0
2024-09-11 00:00:00-04:00,25.249141310481882,25.32609100109072,24.59506802299411,25.172191619873047,292300,0.0,0.0
2024-09-12 00:00:00-04:00,25.335707252249147,25.431894813955797,24.979813824322083,25.30685043334961,248700,0.0,0.0
2024-09-13 00:00:00-04:00,25.723306435449384,26.265666647011468,25.597402507889502,26.2559814453125,456200,0.18,0.0
2024-09-16 00:00:00-04:00,26.246293074122338,26.51747129989267,25.713618128584823,26.21723747253418,449600,0.0,0.0
2024-09-17 00:00:00-04:00,26.51747400730125,27.040463805706136,26.314090317208223,26.420625686645508,265100,0.0,0.0
2024-09-18 00:00:00-04:00,26.36251344201265,27.456917156161946,25.791099505725118,26.507789611816406,453800,0.0,0.0
2024-09-19 00:00:00-04:00,27.29227408083508,27.360068645633806,26.749915715181917,27.3406982421875,459400,0.0,0.0
2024-09-20 00:00:00-04:00,27.156684860234776,27.166368214662132,26.47873551999264,26.556215286254883,1515400,0.0,0.0
2024-09-23 00:00:00-04:00,26.60463952719797,26.749915705730597,26.362515025994725,26.498106002807617,318800,0.0,0.0
2024-09-24 00:00:00-04:00,26.488422072686483,26.662752017483808,25.907322872449875,25.936378479003906,289800,0.0,0.0
2024-09-25 00:00:00-04:00,25.887949568500197,25.93637557399963,25.258426275113404,25.30685043334961,319000,0.0,0.0
2024-09-26 00:00:00-04:00,25.4714973937317,25.645827334308088,25.239058088717645,25.316537857055664,504600,0.0,0.0
2024-09-27 00:00:00-04:00,25.66519531620122,25.742675077227524,25.364961473132187,25.48118019104004,386600,0.0,0.0
2024-09-30 00:00:00-04:00,25.45212736592784,26.00417091433529,25.335906796506823,25.810470581054688,345600,0.0,0.0
2024-10-01 00:00:00-04:00,25.665194105129082,26.265663610195805,24.812916774056422,25.084095001220703,314800,0.0,0.0
2024-10-02 00:00:00-04:00,25.084097556698612,25.44244262558235,24.79354889877593,24.803234100341797,244500,0.0,0.0
2024-10-03 00:00:00-04:00,24.677330992316428,24.948511123657227,24.435206468811135,24.948511123657227,317200,0.0,0.0
2024-10-04 00:00:00-04:00,25.345590275805545,25.58771475232365,25.103465799287445,25.335905075073242,390800,0.0,0.0
2024-10-07 00:00:00-04:00,25.180946517707316,25.345591241905932,24.82260146600566,25.006616592407227,289100,0.0,0.0
2024-10-08 00:00:00-04:00,25.132524541430794,25.132524541430794,24.754809054733506,24.774179458618164,196100,0.0,0.0
2024-10-09 00:00:00-04:00,24.677328715746597,25.12283875847351,24.561109989653207,24.996932983398438,399700,0.0,0.0
2024-10-10 00:00:00-04:00,24.74512155727166,24.95819228571029,24.58047683405236,24.822601318359375,322400,0.0,0.0
2024-10-11 00:00:00-04:00,25.00661487818104,25.849208843616484,24.977561124131505,25.79109764099121,601000,0.0,0.0
2024-10-14 00:00:00-04:00,25.81047078438131,26.362514337137583,25.558661088038164,26.236610412597656,330800,0.0,0.0
2024-10-15 00:00:00-04:00,26.323776610838525,27.147000301409115,26.178502276564508,26.575586318969727,377800,0.0,0.0
2024-10-16 00:00:00-04:00,26.962983692470605,27.26321754660376,26.7208591994328,27.01140785217285,271500,0.0,0.0
2024-10-17 00:00:00-04:00,26.9726665174296,27.55376561897509,26.875816359294834,27.534395217895508,455400,0.0,0.0
2024-10-18 00:00:00-04:00,27.49565886318758,27.49565886318758,26.895191110699354,26.95330047607422,588700,0.0,0.0
2024-10-21 00:00:00-04:00,26.895190676064693,26.895190676064693,25.8492128799034,25.917007446289062,335900,0.0,0.0
2024-10-22 00:00:00-04:00,25.868581900080414,26.120391613498914,25.684568601525815,26.052597045898438,204000,0.0,0.0
2024-10-23 00:00:00-04:00,25.95574687192772,26.25598259596329,25.781418775496533,26.052597045898438,187800,0.0,0.0
2024-10-24 00:00:00-04:00,26.0913335601784,26.294717229506148,25.703934775318555,26.21723747253418,334900,0.0,0.0
2024-10-25 00:00:00-04:00,26.711175672168558,26.846764805643556,25.132524691415636,25.500553131103516,367300,0.0,0.0
2024-10-28 00:00:00-04:00,25.791100536719906,26.430310906524358,25.53929268612408,26.36251449584961,328300,0.0,0.0
2024-10-29 00:00:00-04:00,26.12039064741952,26.333461391727226,25.820156781751717,26.08165168762207,367700,0.0,0.0
2024-10-30 00:00:00-04:00,26.091334267383854,27.146997139280113,25.975113705144185,26.47873306274414,247600,0.0,0.0
2024-10-31 00:00:00-04:00,26.430310199333658,26.546528919996963,25.849211054227343,25.858896255493164,256700,0.0,0.0
2024-11-01 00:00:00-04:00,26.013855311484935,26.2075537915139,25.80078458201088,25.965429306030273,226300,0.0,0.0
2024-11-04 00:00:00-05:00,25.75236234148247,25.907321875950075,25.374648707125605,25.665197372436523,376000,0.0,0.0
2024-11-05 00:00:00-05:00,25.713620616978055,26.323775378534258,25.63614085250811,26.236610412597656,303000,0.0,0.0
2024-11-06 00:00:00-05:00,28.38667589511226,29.810369138983063,28.376990693429622,29.50044822692871,1616100,0.0,0.0
2024-11-07 00:00:00-05:00,29.18084628035381,29.364861432426565,28.251089012064384,28.3091983795166,588400,0.0,0.0
2024-11-08 00:00:00-05:00,28.425415923796805,28.706279375852258,28.17360622873068,28.454469680786133,553400,0.0,0.0
2024-11-11 00:00:00-05:00,29.05493917476778,29.703832890228124,28.735334917735866,29.171159744262695,498200,0.0,0.0
2024-11-12 00:00:00-05:00,29.054938716544346,29.539187695153416,28.851555032214897,28.977458953857422,471000,0.0,0.0
2024-11-13 00:00:00-05:00,29.3067488217922,29.742571800349445,28.803129433569215,28.87092399597168,392400,0.0,0.0
2024-11-14 00:00:00-05:00,28.870921993607197,29.326117190618955,28.425413844567686,28.686908721923828,677500,0.0,0.0
2024-11-15 00:00:00-05:00,28.89029634037162,29.006516917489055,28.076757842339788,28.57069206237793,343500,0.0,0.0
2024-11-18 00:00:00-05:00,28.63848423932287,28.73533440429424,28.38667454930261,28.435100555419922,188000,0.0,0.0
2024-11-19 00:00:00-05:00,27.84431840787991,28.46415655696582,27.84431840787991,28.386676788330078,227100,0.0,0.0
2024-11-20 00:00:00-05:00,28.289825106538032,28.62879976895983,27.863687325406403,28.3382511138916,297800,0.0,0.0
2024-11-21 00:00:00-05:00,28.493210826760627,29.345488241786853,28.357621699822282,29.064624786376953,460600,0.0,0.0
2024-11-22 00:00:00-05:00,29.219582476842856,29.761940797715006,29.171158319488683,29.60698127746582,290700,0.0,0.0
2024-11-25 00:00:00-05:00,30.023436315140664,30.682015213744577,29.76194142647207,29.926586151123047,474000,0.0,0.0
2024-11-26 00:00:00-05:00,29.626353191157637,29.839422080557462,29.37454349608696,29.413284301757812,279900,0.0,0.0
2024-11-27 00:00:00-05:00,29.558559677067798,29.781313775787396,29.200214600953505,29.326120376586914,267600,0.0,0.0
2024-11-29 00:00:00-05:00,29.606985427589112,29.68446519857434,28.851558122299025,29.01620101928711,231300,0.0,0.0
2024-12-02 00:00:00-05:00,29.180844712652966,29.529504593161967,28.677227143017433,29.103364944458008,629700,0.0,0.0
2024-12-03 00:00:00-05:00,29.093680408711254,29.287378897703633,28.76439094543457,28.76439094543457,219600,0.0,0.0
2024-12-04 00:00:00-05:00,28.764391881783833,29.209900083505634,28.686912114212067,29.03557014465332,328100,0.0,0.0
2024-12-05 00:00:00-05:00,29.04525392629989,29.316434023173024,28.85155544047332,28.87092399597168,292100,0.0,0.0
2024-12-06 00:00:00-05:00,29.064625729906346,29.171161102966842,28.696595448750116,29.09368133544922,254200,0.0,0.0
2024-12-09 00:00:00-05:00,29.229269233851255,29.37454356091097,28.64817007834911,28.69659423828125,248300,0.0,0.0
2024-12-10 00:00:00-05:00,28.764392091921827,29.14210573068564,28.376991403969484,28.561006546020508,395700,0.0,0.0
2024-12-11 00:00:00-05:00,28.977460173797006,29.258323632637616,28.66754111000185,28.715965270996094,479500,0.0,0.0
2024-12-12 00:00:00-05:00,28.6869117961809,28.812815724365446,28.154236783674957,28.183292388916016,324300,0.0,0.0
2024-12-13 00:00:00-05:00,28.22227116213281,28.378197027189064,27.80322655693919,28.154054641723633,361400,0.18,0.0
2024-12-16 00:00:00-05:00,28.08583739252643,28.495138363121473,27.91042242530559,28.426921844482422,320300,0.0,0.0
2024-12-17 00:00:00-05:00,28.193037864398036,28.52437685764708,27.471888837550367,27.501123428344727,460900,0.0,0.0
2024-12-18 00:00:00-05:00,27.705775074440126,28.173547118417655,25.85417600629174,25.980863571166992,465600,0.0,0.0
2024-12-19 00:00:00-05:00,26.331691366550096,27.432904861800697,25.84442839614951,25.96137046813965,501000,0.0,0.0
2024-12-20 00:00:00-05:00,26.058828103756827,27.062590671811794,26.019848025695058,26.896921157836914,1544800,0.0,0.0
2024-12-23 00:00:00-05:00,26.67277658620054,26.9553881506212,26.526596203859373,26.877426147460938,349800,0.0,0.0
2024-12-24 00:00:00-05:00,26.86768259868553,27.04309758311287,26.35118498760603,26.96513557434082,128400,0.0,0.0
2024-12-26 00:00:00-05:00,26.809208862948953,27.111311384239617,26.575322860134175,27.062585830688477,176600,0.0,0.0
2024-12-27 00:00:00-05:00,26.838446404481868,27.15029442094828,26.312201482624204,26.56557846069336,271900,0.0,0.0
2024-12-30 00:00:00-05:00,26.39990960549188,26.809210601653028,26.23424011040854,26.62405014038086,277600,0.0,0.0
2024-12-31 00:00:00-05:00,26.740991630878355,26.926150216440234,26.555831186555803,26.828699111938477,415100,0.0,0.0
2025-01-02 00:00:00-05:00,27.06258916159308,27.140551172127022,25.893157144822997,25.990610122680664,493400,0.0,0.0
2025-01-03 00:00:00-05:00,26.049080787593184,26.273221332278066,25.464364787699676,26.214750289916992,350000,0.0,0.0
2025-01-06 00:00:00-05:00,26.21474834946696,26.80920978887798,26.019844269770125,26.12704086303711,329800,0.0,0.0
2025-01-07 00:00:00-05:00,26.156278957612017,26.282966524450156,25.483855472250294,25.844430923461914,450100,0.0,0.0
2025-01-08 00:00:00-05:00,25.649525805969922,25.980864817708277,25.454621707675045,25.834686279296875,324300,0.0,0.0
2025-01-10 00:00:00-05:00,25.23047758531375,25.318185074154076,24.58729057299193,24.996591567993164,368700,0.0,0.0
2025-01-13 00:00:00-05:00,24.70423390950652,25.298693492019797,24.684742943847514,25.025827407836914,388100,0.0,0.0
2025-01-14 00:00:00-05:00,25.2597155768896,26.019846573666246,25.152517115370074,25.990610122680664,294600,0.0,0.0
2025-01-15 00:00:00-05:00,26.965132730486317,27.13080221399985,26.13678531291865,26.205001831054688,273100,0.0,0.0
2025-01-16 00:00:00-05:00,26.029589157609735,26.253731555346903,25.737232094489432,26.068571090698242,292000,0.0,0.0
2025-01-17 00:00:00-05:00,26.29271045203534,26.487616391226375,25.96137147066706,26.39016342163086,343500,0.0,0.0
2025-01-21 00:00:00-05:00,26.67277772576172,26.916409228391487,25.62028970875156,26.46812629699707,358100,0.0,0.0
2025-01-22 00:00:00-05:00,26.234240819221007,26.45838136016595,25.990609311560622,26.088062286376953,364300,0.0,0.0
2025-01-23 00:00:00-05:00,25.99060885466197,26.214749391666665,25.785957425269228,26.04907989501953,373500,0.0,0.0
2025-01-24 00:00:00-05:00,25.902901364745205,26.35118429751545,25.756722834470878,26.04907989501953,273600,0.0,0.0
2025-01-27 00:00:00-05:00,26.166022324212328,26.731247305073328,26.019843802375316,26.50710678100586,406400,0.0,0.0
2025-01-28 00:00:00-05:00,27.267238293485903,28.212529746759827,26.838448171986084,27.666793823242188,659800,0.0,0.0
2025-01-29 00:00:00-05:00,27.63755772208931,27.754499800198566,27.189274799308315,27.530359268188477,466100,0.0,0.0
2025-01-30 00:00:00-05:00,27.58883178720296,27.97864183307926,27.3646912431692,27.579086303710938,333300,0.0,0.0
2025-01-31 00:00:00-05:00,27.530357665067445,27.910422184932205,27.44265018221239,27.725263595581055,506700,0.0,0.0
2025-02-03 00:00:00-05:00,26.955387612037605,27.47188703437988,26.731247089775398,27.082077026367188,366000,0.0,0.0
2025-02-04 00:00:00-05:00,26.994372242414702,27.87144531286538,26.994372242414702,27.842208862304688,332800,0.0,0.0
2025-02-05 00:00:00-05:00,27.48163315922155,28.417177200317383,26.458379773167096,28.417177200317383,459500,0.0,0.0
2025-02-06 00:00:00-05:00,28.485396296411352,28.65106580101247,28.261255748645414,28.563358306884766,331200,0.0,0.0
2025-02-07 00:00:00-05:00,28.485393918714912,28.485393918714912,27.754499434499618,28.348960876464844,357600,0.0,0.0
2025-02-10 00:00:00-05:00,28.407431109902248,28.592591561110464,27.998130135987672,28.446413040161133,376300,0.0,0.0
2025-02-11 00:00:00-05:00,28.134567347152544,29.294251986325282,28.134567347152544,29.255271911621094,470900,0.0,0.0
2025-02-12 00:00:00-05:00,28.69004557345517,29.08960107936473,27.949405600394307,28.368452072143555,596700,0.0,0.0
2025-02-13 00:00:00-05:00,27.735007527747914,28.621827848565246,26.94564203203219,28.602336883544922,379100,0.0,0.0
2025-02-14 00:00:00-05:00,28.72902716995808,29.060366171761416,28.290491567873126,28.504886627197266,200900,0.0,0.0
2025-02-18 00:00:00-05:00,28.495137408061925,28.865458295063075,28.368449857515635,28.6802978515625,326900,0.0,0.0
2025-02-19 00:00:00-05:00,28.49514282287813,28.71928337884675,27.900681309537774,28.485397338867188,330500,0.0,0.0
2025-02-20 00:00:00-05:00,27.9201703804632,28.543868303457877,27.9201703804632,28.397687911987305,318800,0.0,0.0
2025-02-21 00:00:00-05:00,28.41717884543916,28.64131938591584,27.43290733349617,27.4523983001709,371200,0.0,0.0
2025-02-24 00:00:00-05:00,27.754499905776232,28.280744835552166,27.16978393672325,27.199020385742188,569500,0.0,0.0
2025-02-25 00:00:00-05:00,27.43290512651968,27.647302025171662,26.47787014142132,27.257490158081055,278000,0.0,0.0
2025-02-26 00:00:00-05:00,27.228257876133135,27.49137849232359,26.6922674428514,27.12105941772461,453700,0.0,0.0
2025-02-27 00:00:00-05:00,26.994370818892097,27.72526531551812,26.994370818892097,27.199020385742188,259700,0.0,0.0
2025-02-28 00:00:00-05:00,27.510867694262892,28.007876162145443,27.34519820496871,27.559595108032227,754600,0.0,0.0
2025-03-03 00:00:00-05:00,27.13080538874484,28.0371149129153,27.082079829734766,27.42316246032715,435600,0.0,0.0
2025-03-04 00:00:00-05:00,27.218511566589218,27.24774615707808,26.27322015388483,26.53634262084961,627600,0.0,0.0
2025-03-05 00:00:00-05:00,26.585069792016995,27.32570977069058,26.039333896934885,26.34143829345703,497600,0.0,0.0
2025-03-06 00:00:00-05:00,26.07831694907449,26.13678799078741,25.659270456149954,25.844430923461914,411600,0.0,0.0
2025-03-07 00:00:00-05:00,25.785957325103194,25.863921190291567,25.152515790534487,25.610544204711914,680900,0.0,0.0
2025-03-10 00:00:00-04:00,25.17200583265052,25.347420805362358,24.645762773275795,24.762704849243164,680400,0.0,0.0
2025-03-11 00:00:00-04:00,24.840667663986935,25.25971414386911,24.480094082758676,24.665252685546875,511100,0.0,0.0
2025-03-12 00:00:00-04:00,25.28895282852953,25.824941435574797,24.450859794684714,24.86016082763672,473500,0.0,0.0
2025-03-13 00:00:00-04:00,24.97710012626406,25.81519306644177,24.743214113396956,24.782196044921875,385000,0.0,0.0
2025-03-14 00:00:00-04:00,25.047193118831302,25.508484786391865,24.958860393041427,25.469226837158203,299400,0.18,0.0
2025-03-17 00:00:00-04:00,25.380894535969166,25.842186211246744,25.341634714067407,25.70478057861328,325000,0.0,0.0
2025-03-18 00:00:00-04:00,26.087554217528183,26.293664536399422,25.528114865181188,25.694965362548828,591700,0.0,0.0
2025-03-19 00:00:00-04:00,25.64589035163892,26.175886705033083,25.5477445427982,25.83237075805664,533600,0.0,0.0
2025-03-20 00:00:00-04:00,25.46922634404831,26.06792363035227,25.253301075404114,25.596817016601562,379000,0.0,0.0
2025-03-21 00:00:00-04:00,25.420152285496886,25.7538532809862,25.10608120080373,25.479040145874023,1159200,0.0,0.0
2025-03-24 00:00:00-04:00,25.940335598243223,26.303479614635943,25.371081247347732,26.136629104614258,348500,0.0,0.0
2025-03-25 00:00:00-04:00,25.322004340869327,27.520505654939644,25.272931436399286,25.979591369628906,327600,0.0,0.0
2025-03-26 00:00:00-04:00,25.783298611690693,26.323108064230812,25.341634970876875,25.714595794677734,267300,0.0,0.0
2025-03-27 00:00:00-04:00,25.724407689154816,25.783297419882114,25.292560895888975,25.596817016601562,394600,0.0,0.0
2025-03-28 00:00:00-04:00,25.61644899298127,25.626263948894124,24.80182637232837,25.017749786376953,312900,0.0,0.0
2025-03-31 00:00:00-04:00,24.782196868330676,25.29256335212954,24.71349404782149,25.25330352783203,458600,0.0,0.0
2025-04-01 00:00:00-04:00,25.626262262293512,25.783297802541032,24.674232193530198,25.027563095092773,374500,0.0,0.0
2025-04-02 00:00:00-04:00,24.66441914788216,25.361266049693125,24.66441914788216,25.322006225585938,481700,0.0,0.0
2025-04-03 00:00:00-04:00,23.967572604886207,24.42886427695323,22.986099528309396,23.14313507080078,787800,0.0,0.0
2025-04-04 00:00:00-04:00,22.181291983119248,23.594613742528104,21.54333485550089,22.269624710083008,816300,0.0,0.0
2025-04-07 00:00:00-04:00,21.405927797910223,23.408133821511438,21.239077295943456,22.142032623291016,835800,0.0,0.0
2025-04-08 00:00:00-04:00,22.878138858083947,23.123507148326837,21.484446894623865,21.82796287536621,670700,0.0,0.0
2025-04-09 00:00:00-04:00,21.572778744112313,23.830168044971963,21.082042183753007,23.182395935058594,1094300,0.0,0.0
2025-04-10 00:00:00-04:00,22.64258536933142,22.64258536933142,20.964267174106766,21.602224349975586,621800,0.0,0.0
2025-04-11 00:00:00-04:00,21.53352040610835,22.36777291814296,21.131116583599546,21.631668090820312,537400,0.0,0.0
2025-04-14 00:00:00-04:00,22.161660557418468,22.613139116819013,21.248890355857792,21.84758949279785,525700,0.0,0.0
2025-04-15 00:00:00-04:00,21.710186947211984,22.47573480773002,21.710186947211984,22.112590789794922,445900,0.0,0.0
2025-04-16 00:00:00-04:00,22.112589447645853,22.456103532407052,21.97518194173001,22.426660537719727,463400,0.0,0.0
2025-04-17 00:00:00-04:00,22.4070293880451,22.730915415782494,22.308881709819257,22.52480697631836,564100,0.0,0.0
2025-04-21 00:00:00-04:00,22.034070331425756,23.172578899519674,21.798515156223825,22.08314323425293,388100,0.0,0.0
2025-04-22 00:00:00-04:00,22.083146608031225,22.917399187625822,22.03407369770688,22.79962158203125,435100,0.0,0.0
2025-04-23 00:00:00-04:00,23.45720708852378,23.869425871957752,23.074433172482028,23.2510986328125,417200,0.0,0.0
2025-04-24 00:00:00-04:00,23.23146762258714,23.516093839206103,22.809433903314,23.427762985229492,531700,0.0,0.0
2025-04-25 00:00:00-04:00,21.808332896521655,23.525910922996907,21.808332896521655,23.29035758972168,574300,0.0,0.0
2025-04-28 00:00:00-04:00,23.172578697236606,23.290354411798212,22.829062764411336,23.241281509399414,533100,0.0,0.0
2025-04-29 00:00:00-04:00,23.241283338488994,23.69276006652509,23.005730018816504,23.604427337646484,307200,0.0,0.0
2025-04-30 00:00:00-04:00,23.113691605582904,23.545540309615767,22.887953233570144,23.270727157592773,364400,0.0,0.0
2025-05-01 00:00:00-04:00,23.309985758569137,23.761462478906505,23.251097897658035,23.516094207763672,345400,0.0,0.0
2025-05-02 00:00:00-04:00,23.88905501486352,24.104978419424338,23.584798882979783,24.026460647583008,226400,0.0,0.0
2025-05-05 00:00:00-04:00,23.574983051868827,24.311087837544914,23.574983051868827,23.918498992919922,211400,0.0,0.0
2025-05-06 00:00:00-04:00,23.32961625994555,24.065721092002644,22.740732019897596,23.830167770385742,362700,0.0,0.0
2025-05-07 00:00:00-04:00,24.12460995755236,24.232572603120342,23.614243470154673,23.722206115722656,237500,0.0,0.0
2025-05-08 00:00:00-04:00,24.046090406028753,24.713492398452587,23.938127768427446,24.458309173583984,357500,0.0,0.0
2025-05-09 00:00:00-04:00,24.44849558872132,24.595716184241645,24.104979617832928,24.291460037231445,228000,0.0,0.0
2025-05-12 00:00:00-04:00,25.439782146546513,25.616447599343786,24.585899748696814,25.184598922729492,416900,0.0,0.0
2025-05-13 00:00:00-04:00,25.38089396808401,25.42996687235188,24.556456446706942,25.390708923339844,320200,0.0,0.0
2025-05-14 00:00:00-04:00,24.792012589236105,25.547747382174368,24.634977031224455,25.28274917602539,347500,0.0,0.0
2025-05-15 00:00:00-04:00,25.31219115330447,25.537929508154754,25.115895792210388,25.390708923339844,217500,0.0,0.0
2025-05-16 00:00:00-04:00,25.07663708348488,25.518300729531322,25.07663708348488,25.361265182495117,443000,0.0,0.0
2025-05-19 00:00:00-04:00,24.988303184428865,25.253301359650635,23.83016654725876,25.243486404418945,373500,0.0,0.0
2025-05-20 00:00:00-04:00,25.174785214906894,25.20423008250271,24.409237377529827,25.08645248413086,259300,0.0,0.0
2025-05-21 00:00:00-04:00,24.841085125517544,24.93923281580163,23.732021279738387,24.242387771606445,318400,0.0,0.0
2025-05-22 00:00:00-04:00,24.104977957906673,24.40923595597638,23.0449871223378,24.154052734375,277800,0.0,0.0
2025-05-23 00:00:00-04:00,23.59461423233766,24.193311550617885,23.59461423233766,24.11479377746582,279700,0.0,0.0
2025-05-27 00:00:00-04:00,24.389606405556787,24.752750396728516,24.09516335843263,24.752750396728516,304600,0.0,0.0
2025-05-28 00:00:00-04:00,24.664419282602747,24.821456707877804,24.409237912557995,24.448495864868164,362200,0.0,0.0
2025-05-29 00:00:00-04:00,24.487755444575225,24.59571621635834,24.24238716105047,24.585901260375977,414700,0.0,0.0
2025-05-30 00:00:00-04:00,24.654604967615906,25.626263106927237,24.546642328133082,25.351449966430664,1130200,0.0,0.0
2025-06-02 00:00:00-04:00,25.371080588189503,25.48885631454994,24.919601978444067,25.08645248413086,726600,0.0,0.0
2025-06-03 00:00:00-04:00,24.95886163366231,25.62626365191066,24.899973770879043,25.518301010131836,700200,0.0,0.0
2025-06-04 00:00:00-04:00,25.49867012649209,25.665520624693624,25.09626631412568,25.115896224975586,485600,0.0,0.0
2025-06-05 00:00:00-04:00,25.106081995030948,25.282747453762468,24.7920109004022,24.998119354248047,406200,0.0,0.0
2025-06-06 00:00:00-04:00,25.34163489184159,25.783298531277953,25.06682362464684,25.42015266418457,578200,0.0,0.0
2025-06-09 00:00:00-04:00,25.56737484844938,25.99922355928406,25.429969206279402,25.77348518371582,546200,0.0,0.0
2025-06-10 00:00:00-04:00,25.822555489013865,26.332921925634167,25.81274053384679,26.038480758666992,591800,0.0,0.0
2025-06-11 00:00:00-04:00,26.126815165596923,26.13662824938463,25.341635549770636,25.518301010131836,698000,0.0,0.0
2025-06-12 00:00:00-04:00,25.312191009521484,25.371078868710683,24.998118059152745,25.312191009521484,456100,0.0,0.0
2025-06-13 00:00:00-04:00,25.074984566092073,25.302309547605887,24.570914899364308,24.620332717895508,509900,0.18,0.0
2025-06-16 00:00:00-04:00,24.90696030487886,24.92672630036546,24.304053141069474,24.48196029663086,520800,0.0,0.0
2025-06-17 00:00:00-04:00,24.18544678089737,24.551145017810803,24.17556284096254,24.333703994750977,494800,0.0,0.0
2025-06-18 00:00:00-04:00,24.185447250069934,24.73893658614462,24.17556330994337,24.5610294342041,514900,0.0,0.0
2025-06-20 00:00:00-04:00,24.719167768487097,24.867423094425757,24.49184280970323,24.70928382873535,826400,0.0,0.0
2025-06-23 00:00:00-04:00,24.669749008189168,25.49009907227208,24.64009907297477,25.4703311920166,429800,0.0,0.0
2025-06-24 00:00:00-04:00,25.766842007569657,26.02381879690427,25.717424191807506,25.747074127197266,432900,0.0,0.0
2025-06-25 00:00:00-04:00,25.67788801630106,25.98428450161759,25.40114523623297,25.816261291503906,610000,0.0,0.0
2025-06-26 00:00:00-04:00,25.7964937366296,26.409282944649597,25.7964937366296,26.369749069213867,589300,0.0,0.0
2025-06-27 00:00:00-04:00,26.56742107230229,27.279049651179303,26.369747933301035,27.160444259643555,1922800,0.0,0.0
2025-06-30 00:00:00-04:00,27.170329252017705,27.466841799760367,27.06160779599518,27.298818588256836,1436300,0.0,0.0
2025-07-01 00:00:00-04:00,27.29881828400245,28.306955656618797,26.814514649937372,28.257537841796875,1027400,0.0,0.0
2025-07-02 00:00:00-04:00,28.455213744395753,29.09765478263411,28.27730658930876,29.02846908569336,864400,0.0,0.0
2025-07-03 00:00:00-04:00,29.05811788633011,29.641257145149893,28.662769715562998,29.20637321472168,413000,0.0,0.0
2025-07-07 00:00:00-04:00,29.018585358486288,29.41393354760009,28.445330012979053,28.69242286682129,545500,0.0,0.0
2025-07-08 00:00:00-04:00,28.741840481927614,29.077886911609543,28.63311902374556,28.72207260131836,565600,0.0,0.0
2025-07-09 00:00:00-04:00,28.899979898997433,29.038351293606958,28.22788703631884,28.702306747436523,458200,0.0,0.0
2025-07-10 00:00:00-04:00,28.405794127899142,29.384281598637063,28.168585215462876,29.315095901489258,611900,0.0,0.0
2025-07-11 00:00:00-04:00,28.880210462026163,29.186606940963447,28.811024768449602,28.949398040771484,492500,0.0,0.0
2025-07-14 00:00:00-04:00,29.156957686417783,29.25579520815129,28.82091124362522,29.14707374572754,540700,0.0,0.0
2025-07-15 00:00:00-04:00,29.087770586286585,29.18660810326143,28.049979485803952,28.158700942993164,661400,0.0,0.0
2025-07-16 00:00:00-04:00,28.32672462534697,28.899979971090705,27.743585339225202,28.38602638244629,540400,0.0,0.0
2025-07-17 00:00:00-04:00,28.376143263237324,29.008702269554693,28.08951652465528,28.86044692993164,499500,0.0,0.0
2025-07-18 00:00:00-04:00,28.29707192786593,29.17672374257963,28.29707192786593,28.830793380737305,587400,0.0,0.0
2025-07-21 00:00:00-04:00,28.662769000180294,29.17672255193437,28.633117181174537,28.712186813354492,538600,0.0,0.0
2025-07-22 00:00:00-04:00,28.188352787051603,28.969165212946933,28.188352787051603,28.761608123779297,677400,0.0,0.0
2025-07-23 00:00:00-04:00,28.939514417504455,28.939514417504455,28.395909032429003,28.593584060668945,617000,0.0,0.0
2025-07-24 00:00:00-04:00,28.56393489042568,28.59358671296276,28.277308146576402,28.4749813079834,829400,0.0,0.0
2025-07-25 00:00:00-04:00,29.413931338703875,29.641256294726798,28.19823504153567,28.425559997558594,891000,0.0,0.0
2025-07-28 00:00:00-04:00,28.54416451708857,29.008700270441633,28.40579312766534,28.87032699584961,735600,0.0,0.0
2025-07-29 00:00:00-04:00,29.176724339565265,29.176724339565265,28.346492208223815,28.43544578552246,602100,0.0,0.0
2025-07-30 00:00:00-04:00,28.474979252702195,28.583700708988513,27.58544537765354,27.8918399810791,707800,0.0,0.0
2025-07-31 00:00:00-04:00,27.63486339223935,27.872074186785525,27.25928309035077,27.86219024658203,873000,0.0,0.0
2025-08-01 00:00:00-04:00,27.51625947294565,27.51625947294565,26.943004145807983,27.318584442138672,1081000,0.0,0.0
2025-08-04 00:00:00-04:00,27.37788933335322,27.723817825317383,27.031958956220166,27.723817825317383,489800,0.0,0.0
2025-08-05 00:00:00-04:00,27.73370184795806,27.98079470590358,27.170330433469292,27.71393585205078,808500,0.0,0.0
2025-08-06 00:00:00-04:00,27.713935070819968,27.872074344633788,27.209865428600104,27.229631423950195,1182100,0.0,0.0
2025-08-07 00:00:00-04:00,27.565676685599097,27.565676685599097,26.94300355695297,27.111026763916016,405800,0.0,0.0
2025-08-08 00:00:00-04:00,27.36800452276756,27.881956216704413,27.012190216437645,27.2592830657959,798000,0.0,0.0
2025-08-11 00:00:00-04:00,27.37788947077878,27.8325394254532,26.903469749818594,27.101144790649414,678500,0.0,0.0
2025-08-12 00:00:00-04:00,27.338351145265037,28.44532787682199,27.061606491083616,28.425559997558594,567800,0.0,0.0
2025-08-13 00:00:00-04:00,28.593585868612326,29.048235823074954,28.455214471196552,28.90986442565918,525800,0.0,0.0
2025-08-14 00:00:00-04:00,28.603469809166153,29.038351882521127,28.366260891381014,28.90986442565918,543600,0.0,0.0
2025-08-15 00:00:00-04:00,28.969165303387896,28.969165303387896,28.36626002927905,28.445329666137695,686900,0.0,0.0
2025-08-18 00:00:00-04:00,28.42556254765331,28.64300358355145,27.63486427270126,28.62323570251465,543500,0.0,0.0
2025-08-19 00:00:00-04:00,28.623234817080576,29.068002700805664,28.346492031801713,29.068002700805664,543900,0.0,0.0
2025-08-20 00:00:00-04:00,29.14707189782728,29.305211168507423,28.90986299180707,29.137187957763672,610500,0.0,0.0
2025-08-21 00:00:00-04:00,28.96916477140671,29.137187982291906,28.494746958966914,28.830793380737305,409900,0.0,0.0
2025-08-22 00:00:00-04:00,29.03835070763504,30.67904895497884,28.751723983846528,30.609861373901367,1264900,0.0,0.0
2025-08-25 00:00:00-04:00,30.60986143345929,30.738350770541487,30.4418382208533,30.599977493286133,602500,0.0,0.0
2025-08-26 00:00:00-04:00,30.550559677589185,30.768000705892128,30.382536464983193,30.599977493286133,639300,0.0,0.0
2025-08-27 00:00:00-04:00,30.511024402382755,30.847068927009982,30.49125652294329,30.827302932739258,459300,0.0,0.0
2025-08-28 00:00:00-04:00,30.995327499229123,30.995327499229123,30.550559618146643,30.609861373901367,565900,0.0,0.0
2025-08-29 00:00:00-04:00,30.73835176202268,30.97556067832323,30.6691660637478,30.74823570251465,508500,0.0,0.0
2025-09-02 00:00:00-04:00,30.42207280436464,30.73835135524656,30.08602637276038,30.51102638244629,432600,0.0,0.0
2025-09-03 00:00:00-04:00,30.402304545079122,30.80753666899683,30.24416527160728,30.570327758789062,422500,0.0,0.0
2025-09-04 00:00:00-04:00,30.748234246534015,31.291837751669455,30.599977031343624,31.281953811645508,551000,0.0,0.0
2025-09-05 00:00:00-04:00,31.321489534978923,31.71683770962874,30.619744875452792,30.985443115234375,755900,0.0,0.0
2025-09-08 00:00:00-04:00,30.985444800005894,31.4598626353812,30.441839380782234,30.718584060668945,572200,0.0,0.0
2025-09-09 00:00:00-04:00,30.718582534094686,31.064512895469683,30.174979027054558,30.35288429260254,387900,0.0,0.0
2025-09-10 00:00:00-04:00,30.283699821462125,30.738351656690202,30.224398063882425,30.461606979370117,378100,0.0,0.0
2025-09-11 00:00:00-04:00,30.550559818747825,30.738350912567814,30.25404915285844,30.580211639404297,481400,0.0,0.0
2025-09-12 00:00:00-04:00,30.540674327798172,30.758117231233776,30.28369755066348,30.520906448364258,358500,0.0,0.0
2025-09-15 00:00:00-04:00,30.68991855973106,30.74956801464973,30.242542907286094,30.28230857849121,495100,0.18,0.0
2025-09-16 00:00:00-04:00,30.172951070735184,30.252484308076397,29.685809754992512,30.192834854125977,898300,0.0,0.0
2025-09-17 00:00:00-04:00,30.361842960022013,31.07764208995191,30.153067028653748,30.411550521850586,643300,0.0,0.0
2025-09-18 00:00:00-04:00,30.550733166949612,31.365949315557852,30.371782910675233,31.346067428588867,530200,0.0,0.0
2025-09-19 00:00:00-04:00,31.902801061676886,31.902801061676886,30.650151125605046,30.759510040283203,1680700,0.0,0.0
2025-09-22 00:00:00-04:00,30.610385206386404,30.69985844031811,30.182893339257014,30.451316833496094,459100,0.0,0.0
2025-09-23 00:00:00-04:00,30.53085022262448,31.017993443077014,30.351901857655246,30.401609420776367,375200,0.0,0.0
2025-09-24 00:00:00-04:00,30.4314345932917,30.610384851524525,30.123241639125414,30.3121337890625,331800,0.0,0.0
2025-09-25 00:00:00-04:00,30.20277598886247,30.48114327816784,29.8945849195679,30.32207679748535,436200,0.0,0.0
2025-09-26 00:00:00-04:00,30.501026769852086,30.650151357034296,29.765343829694103,30.421493530273438,599300,0.0,0.0
2025-09-29 00:00:00-04:00,30.37178436161537,30.491085170238247,29.844877355437884,30.32207679748535,758600,0.0,0.0
2025-09-30 00:00:00-04:00,30.302192839112763,30.45131742686741,29.8945847476798,30.252485275268555,622400,0.0,0.0
2025-10-01 00:00:00-04:00,30.033767616109575,30.381726253685777,29.437269261661253,30.32207679748535,544800,0.0,0.0
2025-10-02 00:00:00-04:00,30.22265959922882,30.461259318880654,30.013885555616724,30.252485275268555,360700,0.0,0.0
2025-10-03 00:00:00-04:00,30.18289326383809,31.107468342301253,30.103360025702656,30.739625930786133,566000,0.0,0.0
2025-10-06 00:00:00-04:00,30.978225943729193,32.14140264403015,30.779391898363457,31.28641700744629,749400,0.0,0.0
2025-10-07 00:00:00-04:00,31.326183849542836,31.773557596922277,31.097526030022994,31.534957885742188,615200,0.0,0.0
2025-10-08 00:00:00-04:00,31.73379240549072,31.73379240549072,31.31624243056761,31.50513458251953,560800,0.0,0.0
2025-10-09 00:00:00-04:00,31.574726299979336,31.60455197576072,30.918576602564826,31.117408752441406,433100,0.0,0.0
2025-10-10 00:00:00-04:00,31.266534700430647,31.41565928434337,29.705691826559725,29.735517501831055,631700,0.0,0.0
2025-10-13 00:00:00-04:00,30.053651572261725,30.42149399608408,29.8747013064142,30.39166831970215,400100,0.0,0.0
2025-10-14 00:00:00-04:00,30.13318368376377,31.564783860670175,30.113301796476293,31.435543060302734,485600,0.0,0.0
2025-10-15 00:00:00-04:00,31.554842668324653,31.68408536777871,30.262427051116145,30.421493530273438,547700,0.0,0.0
2025-10-16 00:00:00-04:00,30.272368461671427,30.312134132717357,28.41327640878034,28.63199234008789,1360400,0.0,0.0
2025-10-17 00:00:00-04:00,28.94018478400328,29.12907503650673,28.453043470951012,29.069425582885742,814000,0.0,0.0
2025-10-20 00:00:00-04:00,29.25831817315366,30.23260081396127,29.029660350637542,30.09341812133789,447500,0.0,0.0
2025-10-21 00:00:00-04:00,29.904526432102916,30.56067613064612,29.75540184538346,30.0635929107666,443900,0.0,0.0
2025-10-22 00:00:00-04:00,30.07353557309649,30.3519028659998,29.725576931022864,29.93435287475586,403800,0.0,0.0
2025-10-23 00:00:00-04:00,29.93435208389383,30.212717473220714,29.655984798344953,29.944293975830078,331700,0.0,0.0
2025-10-24 00:00:00-04:00,30.411551842877152,31.29635937616946,29.815051593913637,31.256593704223633,517500,0.0,0.0
2025-10-27 00:00:00-04:00,31.2963590501349,31.564784443805422,30.82910150636258,31.236709594726562,672400,0.0,0.0
2025-10-28 00:00:00-04:00,31.226766807621388,31.803383249964334,30.37178308764939,30.888750076293945,875700,0.0,0.0
2025-10-29 00:00:00-04:00,30.988167359286752,31.375891655945864,30.351901457851916,30.670034408569336,691900,0.0,0.0
2025-10-30 00:00:00-04:00,30.510968626781175,31.157176434643173,30.23260134046465,30.30219268798828,486700,0.0,0.0
2025-10-31 00:00:00-04:00,30.25248411957343,30.262426011206877,29.745459023599235,30.123241424560547,580700,0.0,0.0
2025-11-03 00:00:00-05:00,30.192835030290915,30.272368268096177,29.566509123380257,30.262426376342773,620600,0.0,0.0
2025-11-04 00:00:00-05:00,30.12324190048749,30.292250268482437,29.79516705628811,30.09341812133789,476300,0.0,0.0
2025-11-05 00:00:00-05:00,30.411551638298356,31.027933770977366,30.212717591240736,30.421493530273438,653800,0.0,0.0
2025-11-06 00:00:00-05:00,30.282308289881037,30.491084224439575,30.13318370589463,30.381725311279297,720700,0.0,0.0
2025-11-07 00:00:00-05:00,30.381726192832655,30.819159961944354,30.073535124155377,30.729684829711914,745900,0.0,0.0
2025-11-10 00:00:00-05:00,30.819159495461292,31.00805164911757,30.530850319026875,30.759510040283203,459000,0.0,0.0
2025-11-11 00:00:00-05:00,30.829101770995127,31.137292838842676,30.40160989508484,31.017993927001953,499300,0.0,0.0
2025-11-12 00:00:00-05:00,31.097526412959382,31.554842057630477,30.29225024456068,30.620325088500977,584800,0.0,0.0
2025-11-13 00:00:00-05:00,30.520910731507637,30.898693147650313,29.735518326901367,29.844877243041992,673800,0.0,0.0
2025-11-14 00:00:00-05:00,29.77528536734956,30.35190182148864,29.327909714904596,30.28230857849121,513000,0.0,0.0
2025-11-17 00:00:00-05:00,30.262427352443733,30.371784372814503,28.910360369921996,29.029661178588867,451900,0.0,0.0
2025-11-18 00:00:00-05:00,28.979951485708604,29.745460103272343,28.850710682226598,29.367677688598633,600800,0.0,0.0
2025-11-19 00:00:00-05:00,29.407443233331122,29.8249932141785,29.208609186747797,29.536684036254883,457800,0.0,0.0
2025-11-20 00:00:00-05:00,29.99400134494937,30.332018083703616,29.16884328180742,29.228492736816406,431500,0.0,0.0
2025-11-21 00:00:00-05:00,29.23843430575423,30.63026691666396,29.208608630468163,30.381725311279297,582500,0.0,0.0
2025-11-24 00:00:00-05:00,30.31213432601761,30.789333758943712,29.974117586972792,30.520910263061523,504700,0.0,0.0
2025-11-25 00:00:00-05:00,30.72968451774313,31.833209873258834,30.709800733844002,31.35601043701172,1000800,0.0,0.0
2025-11-26 00:00:00-05:00,31.196942547436752,31.75367712794267,31.087585526734042,31.445484161376953,1085800,0.0,0.0
2025-11-28 00:00:00-05:00,31.544901011552682,31.713909383945204,31.167118594792814,31.375892639160156,236200,0.0,0.0
2025-12-01 00:00:00-05:00,31.167118043931662,31.79344206218579,30.978225890779278,31.69402503967285,469200,0.0,0.0
2025-12-02 00:00:00-05:00,31.713909767011227,31.942569494460948,31.49519382795285,31.634376525878906,499900,0.0,0.0
2025-12-03 00:00:00-05:00,31.773557840190858,32.49929887094788,31.5548419106567,32.370059967041016,588600,0.0,0.0
2025-12-04 00:00:00-05:00,32.171226099583144,32.55895039829857,31.723850450125372,32.43965148925781,502200,0.0,0.0
2025-12-05 00:00:00-05:00,32.240818326417276,32.51918371926275,32.07180805758678,32.14140319824219,617000,0.0,0.0
2025-12-08 00:00:00-05:00,32.44959100919114,33.03614934267288,32.260700756608294,32.46947479248047,907200,0.0,0.0
2025-12-09 00:00:00-05:00,32.43965314254696,32.85720124169195,31.952509901100328,32.01216125488281,672900,0.0,0.0
2025-12-10 00:00:00-05:00,31.91274132407176,32.91685155592327,31.783500520735412,32.47941589355469,935600,0.0,0.0
2025-12-11 00:00:00-05:00,32.419769326968776,32.9765001252967,32.40982553845913,32.65836715698242,621400,0.0,0.0
2025-12-12 00:00:00-05:00,32.668310249647774,32.86714429872001,32.16128323489137,32.380001068115234,853600,0.0,0.0
2025-12-15 00:00:00-05:00,32.650001525878906,32.90999984741211,32.369998931884766,32.689998626708984,762400,0.19,0.0
2025-12-16 00:00:00-05:00,32.66999816894531,32.900001525878906,32.040000915527344,32.2599983215332,740200,0.0,0.0
2025-12-17 00:00:00-05:00,32.209999084472656,32.689998626708984,31.799999237060547,31.979999542236328,824200,0.0,0.0
2025-12-18 00:00:00-05:00,32.2400016784668,32.52000045776367,31.639999389648438,31.950000762939453,1021300,0.0,0.0
2025-12-19 00:00:00-05:00,31.8700008392334,31.969999313354492,31.479999542236328,31.81999969482422,4049800,0.0,0.0
2025-12-22 00:00:00-05:00,32.189998626708984,32.52000045776367,32.0099983215332,32.41999816894531,584700,0.0,0.0
2025-12-23 00:00:00-05:00,32.400001525878906,32.810001373291016,32.34000015258789,32.45000076293945,588300,0.0,0.0
2025-12-24 00:00:00-05:00,32.41999816894531,32.56999969482422,32.209999084472656,32.4900016784668,264000,0.0,0.0
2025-12-26 00:00:00-05:00,32.58000183105469,32.58000183105469,32.099998474121094,32.29999923706055,258500,0.0,0.0
2025-12-29 00:00:00-05:00,32.33000183105469,32.41999816894531,31.860000610351562,31.899999618530273,309900,0.0,0.0
2025-12-30 00:00:00-05:00,31.8700008392334,31.950000762939453,31.389999389648438,31.40999984741211,418800,0.0,0.0
2025-12-31 00:00:00-05:00,31.40999984741211,31.520000457763672,31.100000381469727,31.420000076293945,1077500,0.0,0.0
2026-01-02 00:00:00-05:00,31.459999084472656,31.690000534057617,30.790000915527344,31.610000610351562,550200,0.0,0.0
2026-01-05 00:00:00-05:00,31.510000228881836,32.81999969482422,31.510000228881836,32.529998779296875,680300,0.0,0.0
2026-01-06 00:00:00-05:00,32.33000183105469,32.95000076293945,32.20000076293945,32.540000915527344,559500,0.0,0.0
2026-01-07 00:00:00-05:00,32.560001373291016,32.56999969482422,31.6299991607666,32.36000061035156,533600,0.0,0.0
2026-01-08 00:00:00-05:00,32.16999816894531,33.56999969482422,32.16999816894531,33.029998779296875,661700,0.0,0.0
2026-01-09 00:00:00-05:00,32.97999954223633,33.290000915527344,32.619998931884766,32.709999084472656,458000,0.0,0.0
2026-01-12 00:00:00-05:00,32.41999816894531,32.619998931884766,32.11000061035156,32.33000183105469,430100,0.0,0.0
2026-01-13 00:00:00-05:00,32.45000076293945,32.4900016784668,32.0,32.34000015258789,612000,0.0,0.0
2026-01-14 00:00:00-05:00,32.20000076293945,32.90999984741211,32.099998474121094,32.810001373291016,554100,0.0,0.0
2026-01-15 00:00:00-05:00,32.790000915527344,34.06999969482422,32.439998626708984,34.02000045776367,758700,0.0,0.0
2026-01-16 00:00:00-05:00,33.880001068115234,34.13999938964844,33.130001068115234,33.83000183105469,600900,0.0,0.0
2026-01-20 00:00:00-05:00,33.16999816894531,33.63999938964844,33.11000061035156,33.150001525878906,515500,0.0,0.0
2026-01-21 00:00:00-05:00,33.310001373291016,34.91999816894531,33.029998779296875,34.720001220703125,887700,0.0,0.0
2026-01-22 00:00:00-05:00,34.7599983215332,35.459999084472656,34.7599983215332,34.779998779296875,881100,0.0,0.0
2026-01-23 00:00:00-05:00,34.599998474121094,34.790000915527344,33.20000076293945,33.369998931884766,806800,0.0,0.0
2026-01-26 00:00:00-05:00,33.29999923706055,33.7599983215332,32.81999969482422,33.400001525878906,574000,0.0,0.0
2026-01-27 00:00:00-05:00,33.459999084472656,33.81999969482422,33.25,33.63999938964844,507600,0.0,0.0
2026-01-28 00:00:00-05:00,33.70000076293945,34.09000015258789,33.45000076293945,33.560001373291016,586700,0.0,0.0
2026-01-29 00:00:00-05:00,33.65999984741211,34.18000030517578,33.41999816894531,34.119998931884766,1139300,0.0,0.0
2026-01-30 00:00:00-05:00,33.33000183105469,34.25,33.11000061035156,33.439998626708984,964000,0.0,0.0
2026-02-02 00:00:00-05:00,33.540000915527344,34.150001525878906,33.34000015258789,33.38999938964844,933600,0.0,0.0
2026-02-03 00:00:00-05:00,33.47999954223633,34.619998931884766,33.47999954223633,34.15999984741211,1328200,0.0,0.0
2026-02-04 00:00:00-05:00,34.4900016784668,35.2400016784668,34.349998474121094,34.4900016784668,954400,0.0,0.0
2026-02-05 00:00:00-05:00,34.5099983215332,35.040000915527344,34.290000915527344,34.650001525878906,1221700,0.0,0.0
2026-02-06 00:00:00-05:00,34.95000076293945,35.54999923706055,34.79999923706055,35.09000015258789,1031200,0.0,0.0
2026-02-09 00:00:00-05:00,34.97999954223633,35.310001373291016,34.7599983215332,34.7599983215332,818300,0.0,0.0
2026-02-10 00:00:00-05:00,34.63999938964844,35.11000061035156,34.060001373291016,34.349998474121094,493600,0.0,0.0
2026-02-11 00:00:00-05:00,34.619998931884766,34.869998931884766,33.61000061035156,33.939998626708984,554900,0.0,0.0
2026-02-12 00:00:00-05:00,34.40999984741211,34.59000015258789,33.029998779296875,33.349998474121094,528200,0.0,0.0
2026-02-13 00:00:00-05:00,33.36000061035156,33.47999954223633,32.86000061035156,33.22999954223633,995900,0.0,0.0
2026-02-17 00:00:00-05:00,33.400001525878906,33.86000061035156,33.11000061035156,33.630001068115234,554000,0.0,0.0
2026-02-18 00:00:00-05:00,33.77000045776367,34.5,33.459999084472656,33.619998931884766,634900,0.0,0.0
2026-02-19 00:00:00-05:00,33.349998474121094,33.630001068115234,33.189998626708984,33.4900016784668,407300,0.0,0.0
2026-02-20 00:00:00-05:00,33.4900016784668,33.91999816894531,33.130001068115234,33.75,720000,0.0,0.0
2026-02-23 00:00:00-05:00,33.79999923706055,33.939998626708984,31.8799991607666,32.13999938964844,780000,0.0,0.0
2026-02-24 00:00:00-05:00,32.099998474121094,32.47999954223633,31.93000030517578,32.369998931884766,812000,0.0,0.0
2026-02-25 00:00:00-05:00,32.83000183105469,33.119998931884766,32.560001373291016,32.88999938964844,584500,0.0,0.0
2026-02-26 00:00:00-05:00,33.0099983215332,33.779998779296875,32.45000076293945,32.900001525878906,599200,0.0,0.0
2026-02-27 00:00:00-05:00,32.150001525878906,32.41999816894531,30.739999771118164,31.1200008392334,1066300,0.0,0.0
2026-03-02 00:00:00-05:00,30.520000457763672,32.22999954223633,30.440000534057617,32.02000045776367,816342,0.0,0.0
