Date,Open,High,Low,Close,Volume,Dividends,Stock Splits
2022-01-03 00:00:00-05:00,24.817873247992555,24.89509304187975,24.285069925523675,24.64027214050293,232800,0.0,0.0
2022-01-04 00:00:00-05:00,24.709765714907885,24.895090253848483,24.524442648784092,24.578495025634766,162500,0.0,0.0
2022-01-05 00:00:00-05:00,24.593939443637826,24.67115775750755,24.146074990573634,24.22329330444336,215700,0.0,0.0
2022-01-06 00:00:00-05:00,24.300512500995108,24.30823448041227,24.068859009748124,24.231016159057617,162100,0.0,0.0
2022-01-07 00:00:00-05:00,24.14607717479814,24.51672334752081,24.037970936474636,24.2464599609375,131500,0.0,0.0
2022-01-10 00:00:00-05:00,24.246459618579912,24.37773032033445,23.976196235812697,24.33139991760254,229100,0.0,0.0
2022-01-11 00:00:00-05:00,24.447227164287256,24.485835588556093,23.968476222958955,24.231016159057617,269000,0.0,0.0
2022-01-12 00:00:00-05:00,24.323676419954236,24.40089473489841,24.122909390226113,24.13835334777832,284500,0.0,0.0
2022-01-13 00:00:00-05:00,24.246459745484888,24.555331553342494,24.23873776618633,24.37000846862793,151100,0.0,0.0
2022-01-14 00:00:00-05:00,24.285067586408548,24.462668676791804,24.07657858144551,24.38545036315918,232700,0.0,0.0
2022-01-18 00:00:00-05:00,24.24645735675063,24.447224380282965,24.13063062431727,24.169239044189453,274400,0.0,0.0
2022-01-19 00:00:00-05:00,24.277345466080728,24.339119822062948,23.42022498811274,23.4356689453125,192600,0.0,0.0
2022-01-20 00:00:00-05:00,23.188573988730838,23.43567143895176,22.64032523233831,22.671213150024414,248600,0.0,0.0
2022-01-21 00:00:00-05:00,22.70209544171366,22.97235878075649,22.40094566345215,22.40094566345215,279600,0.0,0.0
2022-01-24 00:00:00-05:00,22.223347449315796,22.609437562573294,21.81409139904876,22.501331329345703,312200,0.0,0.0
2022-01-25 00:00:00-05:00,22.177016806405756,22.756152008441443,21.891310931512326,22.61716079711914,235000,0.0,0.0
2022-01-26 00:00:00-05:00,22.89514186860375,23.09590889061743,22.207901984923044,22.308284759521484,377400,0.0,0.0
2022-01-27 00:00:00-05:00,22.40094694337013,22.671210297854937,21.96852645988451,22.161571502685547,164800,0.0,0.0
2022-01-28 00:00:00-05:00,22.16929495093685,22.65576934814453,21.868145115495803,22.65576934814453,317600,0.0,0.0
2022-01-31 00:00:00-05:00,22.547665012767773,22.92603317738535,22.300566083287602,22.91058921813965,351000,0.0,0.0
2022-02-01 00:00:00-05:00,22.941471675094714,22.941471675094714,22.47044278253241,22.6248779296875,226200,0.0,0.0
2022-02-02 00:00:00-05:00,22.671210096814765,23.057300178993124,22.609435742578896,22.949193954467773,300800,0.0,0.0
2022-02-03 00:00:00-05:00,22.895142927311802,22.91058688498473,22.169293117669703,22.30056381225586,464400,0.0,0.0
2022-02-04 00:00:00-05:00,22.169291797328427,22.169291797328427,21.520661814681564,21.98396873474121,425400,0.0,0.0
2022-02-07 00:00:00-05:00,21.976245059514095,22.06118534228104,21.79092201123622,21.806365966796875,189100,0.0,0.0
2022-02-08 00:00:00-05:00,21.8063710911436,22.19246123398853,21.744596727201092,22.068912506103516,452100,0.0,0.0
2022-02-09 00:00:00-05:00,22.122961765293333,22.200180077517626,21.8372559247253,22.146127700805664,473900,0.0,0.0
2022-02-10 00:00:00-05:00,21.87586357119309,21.999412277258216,21.42799914350282,21.566991806030273,529400,0.0,0.0
2022-02-11 00:00:00-05:00,21.74459279946753,21.968525748820667,21.52066132293114,21.783201217651367,348400,0.0,0.0
2022-02-14 00:00:00-05:00,21.875867281069645,21.945363624119093,21.482055161395106,21.582439422607422,349300,0.0,0.0
2022-02-15 00:00:00-05:00,21.829534920936084,22.007136016010293,21.582437489038597,21.636489868164062,389400,0.0,0.0
2022-02-16 00:00:00-05:00,21.71371025584501,21.736874721785302,21.512943205066094,21.621047973632812,268000,0.0,0.0
2022-02-17 00:00:00-05:00,21.474334109598818,21.783205940486503,21.42800370316993,21.736875534057617,260200,0.0,0.0
2022-02-18 00:00:00-05:00,21.644213912390114,21.829537003997498,21.57471756893522,21.621047973632812,265900,0.0,0.0
2022-02-22 00:00:00-05:00,21.574714865209334,21.66737566299234,21.31989546208082,21.4511661529541,161900,0.0,0.0
2022-02-23 00:00:00-05:00,21.62104602623968,21.68282038454483,21.065076801493305,21.119129180908203,419000,0.0,0.0
2022-02-24 00:00:00-05:00,21.621048451766256,21.621048451766256,20.686710993481395,21.31989860534668,421800,0.0,0.0
2022-02-25 00:00:00-05:00,21.381669639410205,21.690541417465425,21.381669639410205,21.520662307739258,271400,0.0,0.0
2022-02-28 00:00:00-05:00,21.296731230065948,21.49749827174722,21.034189827314822,21.2735652923584,658200,0.0,0.0
2022-03-01 00:00:00-05:00,21.204070202114035,21.404837255631296,20.926086297319937,21.142295837402344,298600,0.0,0.0
2022-03-02 00:00:00-05:00,21.157737317423695,21.551549398618413,21.04191058126451,21.404834747314453,307500,0.0,0.0
2022-03-03 00:00:00-05:00,21.466609381250375,21.729150772094727,21.366226601370773,21.729150772094727,221000,0.0,0.0
2022-03-04 00:00:00-05:00,21.582436819134756,21.636489196582474,21.25812108163162,21.505218505859375,618700,0.0,0.0
2022-03-07 00:00:00-05:00,21.636490682838552,21.705987022278563,20.93380678211573,20.949249267578125,232600,0.0,0.0
2022-03-08 00:00:00-05:00,20.97241751521956,21.381673617801674,20.895199188133887,21.003305435180664,438200,0.0,0.0
2022-03-09 00:00:00-05:00,21.335339653428257,21.543828674345374,21.250400827467793,21.2735652923584,413200,0.0,0.0
2022-03-10 00:00:00-05:00,21.08052118516519,21.675100357916175,21.072800678396433,21.621047973632812,219200,0.0,0.0
2022-03-11 00:00:00-05:00,21.76776383909719,21.821816226357758,21.52838687720455,21.597883224487305,150700,0.0,0.0
2022-03-14 00:00:00-04:00,21.783202870936783,21.84497870122633,21.258121568827352,21.404834747314453,191600,0.0,0.0
2022-03-15 00:00:00-04:00,21.55927260953814,21.76776163023014,21.512942206990008,21.574716567993164,157000,0.0,0.0
2022-03-16 00:00:00-04:00,21.806367575988425,21.868141929972996,21.188624036142716,21.482051849365234,316500,0.0,0.0
2022-03-17 00:00:00-04:00,21.366225739962612,21.814090187555504,21.265842964130073,21.72142791748047,173500,0.0,0.0
2022-03-18 00:00:00-04:00,21.744594212543856,21.891308862246852,21.474330849243653,21.883586883544922,645100,0.0,0.0
2022-03-21 00:00:00-04:00,21.90675148411775,22.007134255489383,21.497495474766545,21.566991806030273,213800,0.0,0.0
2022-03-22 00:00:00-04:00,21.682819677254656,22.030301351896888,21.628767299602938,21.953083038330078,219700,0.0,0.0
2022-03-23 00:00:00-04:00,21.79638792806816,21.92957943243016,21.48299659261868,21.537839889526367,253600,0.41,0.0
2022-03-24 00:00:00-04:00,21.584851681400355,21.765053035784426,21.467330098536312,21.733713150024414,139700,0.0,0.0
2022-03-25 00:00:00-04:00,21.718040730028566,21.968755304408667,21.710205759482204,21.960920333862305,111800,0.0,0.0
2022-03-28 00:00:00-04:00,21.94525076191244,22.156790487119057,21.812059249119518,22.0549373626709,282700,0.0,0.0
2022-03-29 00:00:00-04:00,22.329152660227493,22.72089218058236,22.219466072725787,22.681718826293945,298400,0.0,0.0
2022-03-30 00:00:00-04:00,22.619040501293977,22.68955223994782,22.32131762978811,22.39966583251953,131400,0.0,0.0
2022-03-31 00:00:00-04:00,22.50151488179467,22.611202950846444,22.352654957399587,22.423168182373047,358900,0.0,0.0
2022-04-01 00:00:00-04:00,22.51718984519668,22.94810426003194,22.415338216595085,22.901094436645508,298300,0.0,0.0
2022-04-04 00:00:00-04:00,22.901091578651798,22.901091578651798,22.30564733937735,22.67388343811035,276500,0.0,0.0
2022-04-05 00:00:00-04:00,22.572028079078958,22.901089297095613,22.431001629305033,22.509349822998047,260100,0.0,0.0
2022-04-06 00:00:00-04:00,22.438839893408186,22.822744455078713,22.383996598079214,22.658214569091797,285400,0.0,0.0
2022-04-07 00:00:00-04:00,22.626876564587764,22.736564658704413,22.258641912311173,22.376163482666016,278900,0.0,0.0
2022-04-08 00:00:00-04:00,22.30564647153974,22.423169516398996,22.133281630443136,22.28997802734375,247000,0.0,0.0
2022-04-11 00:00:00-04:00,22.336989383380747,22.40750262212923,22.125449667135307,22.19596290588379,303100,0.0,0.0
2022-04-12 00:00:00-04:00,22.235134083133065,22.52502198005026,22.211630668766567,22.3134822845459,312800,0.0,0.0
2022-04-13 00:00:00-04:00,22.33698501976826,22.517184819425992,22.242966888347812,22.423168182373047,145500,0.0,0.0
2022-04-14 00:00:00-04:00,22.431005708471154,22.626875481139624,22.360493965128857,22.39183235168457,146200,0.0,0.0
2022-04-18 00:00:00-04:00,22.368330895567464,22.548532249972347,22.203800978412406,22.305652618408203,167400,0.0,0.0
2022-04-19 00:00:00-04:00,22.454508246539383,22.642543029108545,22.383995016279993,22.462343215942383,232800,0.0,0.0
2022-04-20 00:00:00-04:00,22.493684203968108,22.760067217046963,22.431005935853545,22.72089385986328,401300,0.0,0.0
2022-04-21 00:00:00-04:00,22.86192454223663,22.901097906626376,22.478019892618455,22.525028228759766,251000,0.0,0.0
2022-04-22 00:00:00-04:00,22.51718897916403,22.556363830479352,22.211632610743404,22.22730255126953,269900,0.0,0.0
2022-04-25 00:00:00-04:00,22.195965524457524,22.42317520820058,21.631861042287134,22.086278915405273,258400,0.0,0.0
2022-04-26 00:00:00-04:00,21.906074425625466,22.109779166364465,21.569179675477486,21.694536209106445,254900,0.0,0.0
2022-04-27 00:00:00-04:00,21.725875925493852,21.725875925493852,21.279293060302734,21.279293060302734,355600,0.0,0.0
2022-04-28 00:00:00-04:00,21.577014510969352,22.054935732059285,21.3811447416005,21.937414169311523,198700,0.0,0.0
2022-04-29 00:00:00-04:00,21.765049157288704,21.8512308390353,21.05208332134576,21.08342170715332,271800,0.0,0.0
2022-05-02 00:00:00-04:00,21.083420739407842,21.318463852462973,20.16675020750456,20.495811462402344,230900,0.0,0.0
2022-05-03 00:00:00-04:00,20.47231008711574,20.981572743919475,20.33911856822934,20.895389556884766,196500,0.0,0.0
2022-05-04 00:00:00-04:00,20.82487673566525,21.318467966071385,20.76219846046498,21.185277938842773,178900,0.0,0.0
2022-05-05 00:00:00-04:00,21.036415309505024,21.16177185296122,20.47230936958427,20.71518898010254,263000,0.0,0.0
2022-05-06 00:00:00-04:00,20.605500752964833,20.88755372113427,20.38612755049337,20.589832305908203,343000,0.0,0.0
2022-05-09 00:00:00-04:00,20.50364555284067,20.50364555284067,20.002219469495994,20.111906051635742,210400,0.0,0.0
2022-05-10 00:00:00-04:00,20.29210637880691,20.456637750561978,19.32059257047374,19.516462326049805,305600,0.0,0.0
2022-05-11 00:00:00-04:00,19.657488288098843,20.072732697307973,19.398940277103467,19.66532325744629,210200,0.0,0.0
2022-05-12 00:00:00-04:00,19.837692117085837,20.393963098457746,19.735840483679436,20.36262321472168,335900,0.0,0.0
2022-05-13 00:00:00-04:00,20.48014140202734,20.785699240434827,20.307776553096502,20.738689422607422,351500,0.0,0.0
2022-05-16 00:00:00-04:00,20.629004771298394,21.083422592344892,20.589831413802308,21.02074432373047,213600,0.0,0.0
2022-05-17 00:00:00-04:00,21.16177024032472,21.671031346103163,21.00507382576162,21.616188049316406,170900,0.0,0.0
2022-05-18 00:00:00-04:00,21.396813412917997,21.6083531247139,21.044248720959253,21.169605255126953,273400,0.0,0.0
2022-05-19 00:00:00-04:00,20.965899526407863,21.2244475527519,20.61333335668068,20.668176651000977,162400,0.0,0.0
2022-05-20 00:00:00-04:00,20.82487446008598,20.879717758097375,20.49581317764981,20.817039489746094,190600,0.0,0.0
2022-05-23 00:00:00-04:00,21.06775008747395,21.20877654828422,20.77002872138264,21.044246673583984,154900,0.0,0.0
2022-05-24 00:00:00-04:00,21.036413115369005,21.561344146728516,20.66034352422516,21.561344146728516,221600,0.0,0.0
2022-05-25 00:00:00-04:00,21.50650067860282,22.000091826215424,21.50650067860282,21.882570266723633,216200,0.0,0.0
2022-05-26 00:00:00-04:00,21.87473698398475,22.007928493512892,21.51433581346303,21.553510665893555,287900,0.0,0.0
2022-05-27 00:00:00-04:00,21.812059349481668,21.984424222090595,21.72587616599327,21.89040756225586,113400,0.0,0.0
2022-05-31 00:00:00-04:00,21.694537777504312,21.945250862887434,21.561346264098546,21.89040756225586,242800,0.0,0.0
2022-06-01 00:00:00-04:00,22.023599129159635,22.133285730689224,21.43598977347762,21.81205940246582,214000,0.0,0.0
2022-06-02 00:00:00-04:00,21.859069704328462,21.89824456152848,21.537843347128337,21.733713150024414,167000,0.0,0.0
2022-06-03 00:00:00-04:00,21.5926849686414,21.64752827007572,21.334136908759685,21.412485122680664,95900,0.0,0.0
2022-06-06 00:00:00-04:00,21.624025217298634,21.631860188259893,21.381147094971222,21.498668670654297,140600,0.0,0.0
2022-06-07 00:00:00-04:00,21.428151283497687,21.804220850722203,21.334133144507746,21.780715942382812,116900,0.0,0.0
2022-06-08 00:00:00-04:00,21.68670165669264,21.71020507322095,21.38897876281324,21.70237159729004,272000,0.0,0.0
2022-06-09 00:00:00-04:00,21.537842014200038,21.663198560746054,21.17744231647222,21.216615676879883,132700,0.0,0.0
2022-06-10 00:00:00-04:00,21.01290861204172,21.357639824443133,20.856213693217622,21.208778381347656,132800,0.0,0.0
2022-06-13 00:00:00-04:00,20.785701165081427,20.86404787997961,19.947377268613582,20.002222061157227,233600,0.0,0.0
2022-06-14 00:00:00-04:00,20.017887682130105,20.017887682130105,19.52429657384665,19.704496383666992,202500,0.0,0.0
2022-06-15 00:00:00-04:00,19.923872287930507,20.487976660503122,19.8298541453179,20.174585342407227,187800,0.0,0.0
2022-06-16 00:00:00-04:00,19.704501925707614,19.908206700594047,19.50079715082118,19.657493591308594,280000,0.0,0.0
2022-06-17 00:00:00-04:00,20.00222187904811,20.315613218890977,19.790682164266258,19.96304702758789,539600,0.0,0.0
2022-06-21 00:00:00-04:00,20.119743069723846,20.527152551110618,20.049229832777375,20.23726463317871,230300,0.0,0.0
2022-06-22 00:00:00-04:00,20.05415954314866,20.72289700718687,20.05415954314866,20.5397891998291,237900,0.41,0.0
2022-06-23 00:00:00-04:00,20.523867766220263,21.057265462223338,20.523867766220263,20.96969223022461,233000,0.0,0.0
2022-06-24 00:00:00-04:00,21.097070965481745,21.30406127792558,21.00153639109592,21.06522560119629,325100,0.0,0.0
2022-06-27 00:00:00-04:00,21.240368807969332,21.39163122816923,21.06522236822093,21.31201934814453,111200,0.0,0.0
2022-06-28 00:00:00-04:00,21.4393961623569,21.6065797314145,21.184639379905207,21.2722110748291,101400,0.0,0.0
2022-06-29 00:00:00-04:00,21.256295388655733,21.256295388655733,21.00949836343957,21.16872215270996,107500,0.0,0.0
2022-06-30 00:00:00-04:00,20.97765361637721,21.415516740373278,20.9139644070965,21.097070693969727,187200,0.0,0.0
2022-07-01 00:00:00-04:00,21.128914369402672,21.63842800293237,21.041341144213355,21.606582641601562,145800,0.0,0.0
2022-07-05 00:00:00-04:00,21.37571166571036,21.614545822143555,21.144837331817136,21.614545822143555,197300,0.0,0.0
2022-07-06 00:00:00-04:00,21.55085661253,21.702119054788643,21.335904960657803,21.614545822143555,148300,0.0,0.0
2022-07-07 00:00:00-04:00,21.80561220663768,21.85338024997484,21.38367178645254,21.44736099243164,127300,0.0,0.0
2022-07-08 00:00:00-04:00,21.479203327422162,21.479203327422162,21.192602679883112,21.39959144592285,164600,0.0,0.0
2022-07-11 00:00:00-04:00,21.375709399745013,21.487165125136062,21.184641791158768,21.391632080078125,140700,0.0,0.0
2022-07-12 00:00:00-04:00,21.41551591704687,21.678234085038333,21.073185860897595,21.280176162719727,149700,0.0,0.0
2022-07-13 00:00:00-04:00,21.1289159899931,21.27221557156162,20.84231378991502,21.105031967163086,100100,0.0,0.0
2022-07-14 00:00:00-04:00,20.842313656202663,21.168721040432867,20.80250695174135,21.120954513549805,81400,0.0,0.0
2022-07-15 00:00:00-04:00,21.59066411424485,21.686197172954937,21.232411347905543,21.56678009033203,152100,0.0,0.0
2022-07-18 00:00:00-04:00,21.670272386085568,21.837457500299834,21.343865016658672,21.455322265625,132000,0.0,0.0
2022-07-19 00:00:00-04:00,21.62250695985232,21.74192403694612,21.391634146600374,21.638429641723633,166400,0.0,0.0
2022-07-20 00:00:00-04:00,21.670276297970666,21.861343949799323,21.41551942886579,21.7100830078125,160500,0.0,0.0
2022-07-21 00:00:00-04:00,21.765808902650438,21.765808902650438,21.447362845244733,21.718042373657227,98000,0.0,0.0
2022-07-22 00:00:00-04:00,21.91706697286181,21.91706697286181,21.646387498499617,21.869298934936523,141300,0.0,0.0
2022-07-25 00:00:00-04:00,22.084253378637733,22.283282340072972,21.940952283449086,22.076292037963867,277700,0.0,0.0
2022-07-26 00:00:00-04:00,22.116100720436958,22.17978993305677,21.96483827103842,22.06833267211914,208400,0.0,0.0
2022-07-27 00:00:00-04:00,22.163861569906242,22.163861569906242,21.89318210602684,22.060365676879883,129000,0.0,0.0
2022-07-28 00:00:00-04:00,22.17183020070395,23.06347924208929,22.100179641498077,22.888334274291992,228000,0.0,0.0
2022-07-29 00:00:00-04:00,22.864451080220086,23.557072671584567,22.808723202914933,23.358043670654297,288400,0.0,0.0
2022-08-01 00:00:00-04:00,23.26250794250897,23.56503285944668,23.143090851494904,23.445615768432617,203100,0.0,0.0
2022-08-02 00:00:00-04:00,23.557067700701165,23.557067700701165,23.30231087622313,23.310272216796875,218600,0.0,0.0
2022-08-03 00:00:00-04:00,23.373962857925235,23.453573231609344,23.039594125652147,23.05551528930664,160700,0.0,0.0
2022-08-04 00:00:00-04:00,23.031633364183904,23.03959470544677,22.665419258444906,22.7689151763916,230200,0.0,0.0
2022-08-05 00:00:00-04:00,22.74503108462866,22.808720296070682,22.498235580099653,22.77687644958496,150800,0.0,0.0
2022-08-08 00:00:00-04:00,22.888329455846783,23.246582176456894,22.888329455846783,23.095319747924805,129500,0.0,0.0
2022-08-09 00:00:00-04:00,23.10328477063688,23.381925651249386,22.97590634266613,23.373964309692383,305200,0.0,0.0
2022-08-10 00:00:00-04:00,23.533187491991892,23.620760734021868,23.397847717250432,23.445615768432617,217400,0.0,0.0
2022-08-11 00:00:00-04:00,23.6287204395905,23.803865393050916,23.469496650284235,23.67648696899414,118000,0.0,0.0
2022-08-12 00:00:00-04:00,23.835711837902775,24.154157912468243,23.811827812883866,24.122312545776367,148600,0.0,0.0
2022-08-15 00:00:00-04:00,24.130269601878474,24.178037643432617,23.907358148507374,24.178037643432617,123900,0.0,0.0
2022-08-16 00:00:00-04:00,24.098426027044745,24.241727116358458,24.0825033463498,24.14619255065918,123800,0.0,0.0
2022-08-17 00:00:00-04:00,24.002894040783048,24.074544593139727,23.740175854965404,23.97901153564453,144400,0.0,0.0
2022-08-18 00:00:00-04:00,23.979011562367216,24.066583278756973,23.716293376256793,23.843671798706055,86500,0.0,0.0
2022-08-19 00:00:00-04:00,23.787939863530784,23.81978522496908,23.509300543297734,23.74017333984375,186400,0.0,0.0
2022-08-22 00:00:00-04:00,23.64463937245707,23.803861618041992,23.501338288501397,23.803861618041992,143600,0.0,0.0
2022-08-23 00:00:00-04:00,23.748136497793894,23.907360280230932,23.565030210920668,23.88347625732422,420900,0.0,0.0
2022-08-24 00:00:00-04:00,24.217842175791674,24.305415397818418,23.97104670827217,24.074541091918945,196300,0.0,0.0
2022-08-25 00:00:00-04:00,24.16211521938552,24.377066853249612,24.12230851766787,24.281532287597656,169400,0.0,0.0
2022-08-26 00:00:00-04:00,24.40094943578172,24.432794797260208,24.074542072979252,24.13823127746582,290300,0.0,0.0
2022-08-29 00:00:00-04:00,23.963086266208492,24.456677219744098,23.851629019869478,24.281532287597656,204500,0.0,0.0
2022-08-30 00:00:00-04:00,24.329299538435187,24.48056197254295,24.241727828979492,24.241727828979492,309800,0.0,0.0
2022-08-31 00:00:00-04:00,24.30541920872424,24.49648684435572,23.90736125487434,23.947166442871094,275000,0.0,0.0
2022-09-01 00:00:00-04:00,23.931241989135742,24.090465766279806,23.772019730462155,23.931241989135742,227900,0.0,0.0
2022-09-02 00:00:00-04:00,24.08250244590354,24.281531391737456,23.676483214185915,23.803861618041992,139300,0.0,0.0
2022-09-06 00:00:00-04:00,23.95512492586496,24.30541630862825,23.835707857652825,24.281532287597656,266600,0.0,0.0
2022-09-07 00:00:00-04:00,24.337261971722935,24.337261971722935,24.010854585578134,24.026777267456055,238300,0.0,0.0
2022-09-08 00:00:00-04:00,23.87551498413086,24.050659930532365,23.724252542233334,23.87551498413086,264800,0.0,0.0
2022-09-09 00:00:00-04:00,23.963087333937718,24.233766843796843,23.75609703119424,24.06658172607422,200600,0.0,0.0
2022-09-12 00:00:00-04:00,24.217844009399414,24.36114510412191,24.138232121390196,24.217844009399414,180200,0.0,0.0
2022-09-13 00:00:00-04:00,23.955125723283174,24.082504136079013,23.42968939088272,23.56502914428711,227300,0.0,0.0
2022-09-14 00:00:00-04:00,23.636682507190887,23.636682507190887,23.23862454016463,23.373964309692383,180700,0.0,0.0
2022-09-15 00:00:00-04:00,23.43764966753543,23.87551275183546,23.397842966299727,23.779979705810547,203400,0.0,0.0
2022-09-16 00:00:00-04:00,23.724250446958823,24.018813963747153,23.54910551602574,23.899396896362305,775300,0.0,0.0
2022-09-19 00:00:00-04:00,23.74017333984375,23.883474429375266,23.549105726625196,23.74017333984375,284100,0.0,0.0
2022-09-20 00:00:00-04:00,23.604834549430652,23.604834549430652,23.135126078430464,23.405805587768555,234100,0.0,0.0
2022-09-21 00:00:00-04:00,23.486543035273563,23.825640656963273,23.30892105817738,23.333141326904297,242300,0.41,0.0
2022-09-22 00:00:00-04:00,23.29277308051765,23.29277308051765,22.61457784020157,22.90523338317871,209100,0.0,0.0
2022-09-23 00:00:00-04:00,22.735685273813925,22.776053417418296,22.20281777051719,22.38043975830078,279200,0.0,0.0
2022-09-26 00:00:00-04:00,22.25125771825831,22.25125771825831,21.403514464246967,21.694169998168945,368900,0.0,0.0
2022-09-27 00:00:00-04:00,21.839498688541553,21.88794230962323,21.290484842463155,21.492328643798828,247800,0.0,0.0
2022-09-28 00:00:00-04:00,21.702245637552487,22.251261043701575,21.427739474423994,22.06556510925293,363900,0.0,0.0
2022-09-29 00:00:00-04:00,21.86372033319529,21.86372033319529,20.579993643244773,20.87872314453125,307800,0.0,0.0
2022-09-30 00:00:00-04:00,21.08863805463053,21.879865274228585,21.040194440409262,21.710315704345703,321900,0.0,0.0
2022-10-03 00:00:00-04:00,21.86371804301826,22.009045810045887,21.33085059054751,21.76683235168457,226700,0.0,0.0
2022-10-04 00:00:00-04:00,22.033271340172526,22.695318799637462,22.033271340172526,22.396589279174805,241100,0.0,0.0
2022-10-05 00:00:00-04:00,22.097860489551167,22.13822863464688,21.64572925675985,21.992900848388672,147800,0.0,0.0
2022-10-06 00:00:00-04:00,21.96060462765966,22.073636655525338,21.653801209244417,21.734539031982422,159400,0.0,0.0
2022-10-07 00:00:00-04:00,21.661874905788725,21.791054804761593,21.37929329930588,21.4842529296875,235700,0.0,0.0
2022-10-10 00:00:00-04:00,21.63765413877692,21.815277663373895,21.322778312367287,21.347000122070312,123900,0.0,0.0
2022-10-11 00:00:00-04:00,21.403513844794507,22.01711909867894,21.25818608203954,21.976749420166016,182000,0.0,0.0
2022-10-12 00:00:00-04:00,21.94446208544348,22.081715955453355,21.66995434542373,21.928314208984375,156700,0.0,0.0
2022-10-13 00:00:00-04:00,21.60535872575019,22.23511188334244,21.31470318533133,22.19474220275879,169000,0.0,0.0
2022-10-14 00:00:00-04:00,22.28355721675233,22.372367447123924,21.734541800145056,21.871795654296875,247500,0.0,0.0
2022-10-17 00:00:00-04:00,22.122078047043228,22.509617736230517,22.122078047043228,22.477323532104492,192400,0.0,0.0
2022-10-18 00:00:00-04:00,22.76797917381912,22.977895351469567,22.58228172444243,22.832569122314453,203000,0.0,0.0
2022-10-19 00:00:00-04:00,22.606504181259382,22.784126159731613,22.404660393926708,22.622652053833008,185100,0.0,0.0
2022-10-20 00:00:00-04:00,22.606505848667325,22.800275714005238,22.404662046447083,22.541915893554688,170400,0.0,0.0
2022-10-21 00:00:00-04:00,22.67916540427999,23.228180687735644,22.4450258992992,23.107074737548828,232300,0.0,0.0
2022-10-24 00:00:00-04:00,23.389660377458718,23.543062105745772,23.220112314572553,23.45425033569336,199700,0.0,0.0
2022-10-25 00:00:00-04:00,23.63994604486802,24.2051077521621,23.559208218127164,24.16473960876465,220500,0.0,0.0
2022-10-26 00:00:00-04:00,24.318141420611155,24.495763408178405,24.132443956397704,24.423099517822266,305100,0.0,0.0
2022-10-27 00:00:00-04:00,24.511910208403627,25.32735930007385,24.318140355919496,24.92367172241211,325000,0.0,0.0
2022-10-28 00:00:00-04:00,25.044776272474905,25.464611699105795,25.03670233658441,25.42424201965332,256500,0.0,0.0
2022-10-31 00:00:00-04:00,25.39194781603715,25.618011861187775,25.109366219653054,25.42424201965332,927200,0.0,0.0
2022-11-01 00:00:00-04:00,25.722974668663934,25.722974668663934,25.222401361174125,25.63416290283203,1388300,0.0,0.0
2022-11-02 00:00:00-04:00,25.48883413931722,25.795637569522526,25.20625251884789,25.408096313476562,373100,0.0,0.0
2022-11-03 00:00:00-04:00,25.198175923287813,25.5372735240793,24.85907986244211,25.4565372467041,297700,0.0,0.0
2022-11-04 00:00:00-04:00,25.537275414306045,25.973257196196727,25.432317321981994,25.722972869873047,241100,0.0,0.0
2022-11-07 00:00:00-05:00,25.803710434372693,25.9974818358847,25.42424464796579,25.666458129882812,182700,0.0,0.0
2022-11-08 00:00:00-05:00,25.787563194295984,26.029776667697888,25.56149759377672,25.795637130737305,605500,0.0,0.0
2022-11-09 00:00:00-05:00,25.98940752264486,26.118587436138366,25.618015656337544,25.6906795501709,267000,0.0,0.0
2022-11-10 00:00:00-05:00,26.37694745935335,26.82907869989023,26.110515233243692,26.659530639648438,372300,0.0,0.0
2022-11-11 00:00:00-05:00,26.72411937023902,26.893670512360703,26.368875371297282,26.44961166381836,296800,0.0,0.0
2022-11-14 00:00:00-05:00,26.40117093894029,26.40117093894029,25.940967298968104,25.957115173339844,297300,0.0,0.0
2022-11-15 00:00:00-05:00,26.15895620681054,26.15895620681054,25.488833351020237,25.626087188720703,532500,0.0,0.0
2022-11-16 00:00:00-05:00,25.658382428712624,25.779488391370077,25.513054657545332,25.56149673461914,199700,0.0,0.0
2022-11-17 00:00:00-05:00,25.238547962771207,25.795637260456534,25.149736201415973,25.78756332397461,270000,0.0,0.0
2022-11-18 00:00:00-05:00,25.973256031223645,26.06206778686154,25.755265920028716,26.0378475189209,444200,0.0,0.0
2022-11-21 00:00:00-05:00,25.997481477540937,26.586864990840265,25.997481477540937,26.554569244384766,239200,0.0,0.0
2022-11-22 00:00:00-05:00,26.522273977295328,26.740265649972105,26.425389816069636,26.716045379638672,425200,0.0,0.0
2022-11-23 00:00:00-05:00,26.61916007158888,26.7079718321745,26.37694505912198,26.691823959350586,159100,0.0,0.0
2022-11-25 00:00:00-05:00,26.829077916469164,26.87752153793457,26.61108623971284,26.85329818725586,67500,0.0,0.0
2022-11-28 00:00:00-05:00,26.748338462253187,26.95825463731426,26.20739553285194,26.401166915893555,478900,0.0,0.0
2022-11-29 00:00:00-05:00,26.465757756673057,26.651453680884526,26.336577849400214,26.368873596191406,301900,0.0,0.0
2022-11-30 00:00:00-05:00,26.15088337903096,26.740266931222976,25.836007530041318,26.659530639648438,437300,0.0,0.0
2022-12-01 00:00:00-05:00,26.780638239828775,26.925966045739976,26.465762353651996,26.772565841674805,329100,0.0,0.0
2022-12-02 00:00:00-05:00,26.603009789002137,26.958253719273973,26.498050165100086,26.893665313720703,214500,0.0,0.0
2022-12-05 00:00:00-05:00,26.651452499879184,26.829076019467795,26.489979932862408,26.683748245239258,265600,0.0,0.0
2022-12-06 00:00:00-05:00,26.65145071792482,27.079361615605563,26.64337832207043,26.942106246948242,324500,0.0,0.0
2022-12-07 00:00:00-05:00,26.958259188392333,27.442686187831228,26.958259188392333,27.055143356323242,266300,0.0,0.0
2022-12-08 00:00:00-05:00,27.143953603236728,27.370020755575474,26.877521386409057,26.9582576751709,156900,0.0,0.0
2022-12-09 00:00:00-05:00,26.87752153793457,26.982478097938273,26.691825608821855,26.85329818725586,186600,0.0,0.0
2022-12-12 00:00:00-05:00,26.925960912532897,27.087436563860535,26.732192594853235,26.998624801635742,294500,0.0,0.0
2022-12-13 00:00:00-05:00,27.491126910907365,27.709118600090882,27.160103178419554,27.402315139770508,530500,0.0,0.0
2022-12-14 00:00:00-05:00,27.418461689454876,27.77370875683421,27.37809354449596,27.65260124206543,369000,0.0,0.0
2022-12-15 00:00:00-05:00,27.450760565680014,27.822152469453275,27.41039241612073,27.765636444091797,282400,0.0,0.0
2022-12-16 00:00:00-05:00,27.345793005202054,27.83021989950669,27.208540720411882,27.717187881469727,1236500,0.0,0.0
2022-12-19 00:00:00-05:00,27.6203035572986,27.91903458480887,27.49919913091417,27.846370697021484,463500,0.0,0.0
2022-12-20 00:00:00-05:00,27.773706809234096,27.96747512340591,27.563787542340837,27.846370697021484,415100,0.0,0.0
2022-12-21 00:00:00-05:00,28.28785368622228,28.96643667441902,28.222449863051615,28.361434936523438,588300,0.43,0.0
2022-12-22 00:00:00-05:00,28.26333002053056,28.394140796653307,27.772790389764,28.189748764038086,444200,0.0,0.0
2022-12-23 00:00:00-05:00,28.11616457951489,28.582178115844727,28.11616457951489,28.582178115844727,259100,0.0,0.0
2022-12-27 00:00:00-05:00,28.61488224268146,29.244410026273414,28.549475300543495,29.072721481323242,476800,0.0,0.0
2022-12-28 00:00:00-05:00,29.146298753206306,29.154473060470384,27.592918395996094,27.592918395996094,345300,0.0,0.0
2022-12-29 00:00:00-05:00,27.650150222215064,28.026230763389545,27.641975914265398,27.928123474121094,223100,0.0,0.0
2022-12-30 00:00:00-05:00,27.805489573101134,28.009881597104087,27.478464205961274,27.674678802490234,262700,0.0,0.0
2023-01-03 00:00:00-05:00,27.879075449113373,28.009886241413966,27.494820501041485,27.641983032226562,241500,0.0,0.0
2023-01-04 00:00:00-05:00,27.84636546377901,28.230620279016048,27.699202983467217,27.903594970703125,474800,0.0,0.0
2023-01-05 00:00:00-05:00,27.7646105745082,28.157042869131764,27.69920675145826,28.148868560791016,267300,0.0,0.0
2023-01-06 00:00:00-05:00,27.740087427307657,28.140694072102978,27.691032215816914,28.001708984375,330900,0.0,0.0
2023-01-09 00:00:00-05:00,28.0098819732666,28.132518436825247,27.895422937291766,28.0098819732666,247500,0.0,0.0
2023-01-10 00:00:00-05:00,28.13252122409676,28.426846270778352,27.99353612914997,28.157047271728516,216000,0.0,0.0
2023-01-11 00:00:00-05:00,28.279681459903657,29.072723536116246,28.279681459903657,29.00731658935547,281500,0.0,0.0
2023-01-12 00:00:00-05:00,29.07272264996058,29.09724869486086,28.639409437815296,28.860153198242188,575300,0.0,0.0
2023-01-13 00:00:00-05:00,28.614883088554176,28.86015289127255,28.47589801056451,28.492246627807617,257500,0.0,0.0
2023-01-17 00:00:00-05:00,28.623054953540034,28.79474660768234,28.54129939920521,28.696636199951172,215600,0.0,0.0
2023-01-18 00:00:00-05:00,28.64758844711645,28.81110269928817,28.189749164790634,28.279682159423828,139500,0.0,0.0
2023-01-19 00:00:00-05:00,28.402316613903878,28.737519403633996,28.116165913203947,28.557653427124023,262800,0.0,0.0
2023-01-20 00:00:00-05:00,28.623057958370993,29.015493392944336,28.263329115249377,29.015493392944336,277500,0.0,0.0
2023-01-23 00:00:00-05:00,29.015493023187627,29.252585400136855,28.606708976259945,28.909208297729492,188400,0.0,0.0
2023-01-24 00:00:00-05:00,29.26894089826212,29.367048208877755,28.90921201348801,29.170833587646484,116700,0.0,0.0
2023-01-25 00:00:00-05:00,29.12994621212831,29.54690448406708,28.860147298281817,29.203527450561523,266200,0.0,0.0
2023-01-26 00:00:00-05:00,29.26893660093105,29.57143591686781,29.097248052867595,29.342517852783203,173000,0.0,0.0
2023-01-27 00:00:00-05:00,29.383394581420617,29.677719578296134,29.203531731265826,29.506031036376953,166900,0.0,0.0
2023-01-30 00:00:00-05:00,29.36704540265619,29.824884673071438,29.219886010182407,29.252586364746094,214100,0.0,0.0
2023-01-31 00:00:00-05:00,29.252587479826232,29.816711500708234,29.097250653709086,29.784008026123047,1010700,0.0,0.0
2023-02-01 00:00:00-05:00,29.375219910704217,29.595963655636947,28.884680334481192,29.154476165771484,372900,0.0,0.0
2023-02-02 00:00:00-05:00,29.211706642072986,29.833060119132778,29.121773655753177,29.268936157226562,339000,0.0,0.0
2023-02-03 00:00:00-05:00,29.105428148845387,29.105428148845387,28.647591929638033,29.080902099609375,483200,0.0,0.0
2023-02-06 00:00:00-05:00,29.064545451263793,29.37522220380364,28.7620461262716,29.26076316833496,209500,0.0,0.0
2023-02-07 00:00:00-05:00,29.154484261734513,29.32617284921164,28.901036976333447,29.211713790893555,335600,0.0,0.0
2023-02-08 00:00:00-05:00,29.08907530979228,29.252586439352363,28.941912798168296,28.990964889526367,215500,0.0,0.0
2023-02-09 00:00:00-05:00,29.121772408861045,29.285286638916446,28.336907847124564,28.524948120117188,218900,0.0,0.0
2023-02-10 00:00:00-05:00,28.52495672103271,28.770226580682916,28.402323350595342,28.623064041137695,134600,0.0,0.0
2023-02-13 00:00:00-05:00,28.704818250867092,28.876506813893172,28.574007471593653,28.6475887298584,110400,0.0,0.0
2023-02-14 00:00:00-05:00,28.55765206596022,28.696637136620847,28.09981283792749,28.107990264892578,187000,0.0,0.0
2023-02-15 00:00:00-05:00,27.969002676359615,28.516774900129448,27.84636933821985,28.345083236694336,141700,0.0,0.0
2023-02-16 00:00:00-05:00,28.058935486179998,28.533126456580383,27.887246942596946,28.426841735839844,137100,0.0,0.0
2023-02-17 00:00:00-05:00,28.50859743712575,28.590356114557395,28.32055715719494,28.361434936523438,148400,0.0,0.0
2023-02-21 00:00:00-05:00,28.2061010207573,28.296034015769507,27.928127726526373,28.001708984375,160600,0.0,0.0
2023-02-22 00:00:00-05:00,28.091641208118215,28.263329765459563,27.740086665690754,27.805490493774414,243300,0.0,0.0
2023-02-23 00:00:00-05:00,28.328736928136212,28.63941057175646,27.977182383030488,28.43501853942871,244800,0.0,0.0
2023-02-24 00:00:00-05:00,28.222453711597375,28.26333149650016,27.805492196773784,28.116168975830078,225000,0.0,0.0
2023-02-27 00:00:00-05:00,28.312385231117183,28.312385231117183,27.830019909394267,28.189748764038086,298200,0.0,0.0
2023-02-28 00:00:00-05:00,28.23879858778497,28.549472172578,28.026229167900983,28.067110061645508,475000,0.0,0.0
2023-03-01 00:00:00-05:00,27.797317504882812,28.042587329700304,27.453940373893335,27.797317504882812,1509800,0.0,0.0
2023-03-02 00:00:00-05:00,27.77278719958069,27.92812400376618,27.60927296851596,27.723731994628906,630500,0.0,0.0
2023-03-03 00:00:00-05:00,27.928125628113857,28.72934197627914,27.658329782123634,28.557653427124023,704300,0.0,0.0
2023-03-06 00:00:00-05:00,28.557654784083805,28.753869387077447,28.443195745875034,28.53312873840332,618000,0.0,0.0
2023-03-07 00:00:00-05:00,28.53312935691685,28.753870010375977,28.16522306986005,28.753870010375977,377100,0.0,0.0
2023-03-08 00:00:00-05:00,28.78657234819333,29.0400195845557,28.672113312021562,28.95008659362793,244100,0.0,0.0
2023-03-09 00:00:00-05:00,28.999142280397812,29.179005146440193,28.8601540779186,29.00731658935547,306500,0.0,0.0
2023-03-10 00:00:00-05:00,29.007321341395233,29.121780398202635,27.960834971984255,28.23063087463379,595900,0.0,0.0
2023-03-13 00:00:00-04:00,27.895417996576697,29.154473406851093,27.895417996576697,28.729337692260742,655600,0.0,0.0
2023-03-14 00:00:00-04:00,29.25258755349723,29.800359838466168,29.11360246432265,29.751304626464844,527600,0.0,0.0
2023-03-15 00:00:00-04:00,29.367043523778577,29.710423734314567,28.68846364868016,29.23623275756836,395300,0.0,0.0
2023-03-16 00:00:00-04:00,28.95826233539435,29.375223837823846,28.74569598895332,28.892858505249023,413500,0.0,0.0
2023-03-17 00:00:00-04:00,28.721166212690214,28.819273504555223,28.2715044129698,28.385963439941406,922100,0.0,0.0
2023-03-20 00:00:00-04:00,28.598534053526194,29.285291437263318,28.598534053526194,28.901033401489258,359700,0.0,0.0
2023-03-21 00:00:00-04:00,29.35887019940972,29.595965695729827,28.63940940175118,28.87650489807129,293100,0.0,0.0
2023-03-22 00:00:00-04:00,28.719251455049566,28.719251455049566,27.800565981186637,27.841947555541992,308000,0.43,0.0
2023-03-23 00:00:00-04:00,27.841950788582604,28.39647405241386,27.72608110404798,28.03230857849121,355400,0.0,0.0
2023-03-24 00:00:00-04:00,28.07368737962762,29.166180536076094,28.03230580456189,28.967544555664062,355500,0.0,0.0
2023-03-27 00:00:00-04:00,29.166182937246486,29.166182937246486,28.81029567940075,28.843399047851562,258300,0.0,0.0
2023-03-28 00:00:00-04:00,28.78546351739743,29.174457291593175,28.6033839450349,29.133075714111328,180100,0.0,0.0
2023-03-29 00:00:00-04:00,29.306881088676448,29.55517371802165,29.191011405462827,29.447582244873047,308000,0.0,0.0
2023-03-30 00:00:00-04:00,29.704147546469898,29.770360592835164,29.265497164541387,29.538618087768555,288900,0.0,0.0
2023-03-31 00:00:00-04:00,29.753808875720246,29.886231818112837,29.488962990935065,29.820018768310547,448600,0.0,0.0
2023-04-03 00:00:00-04:00,29.77863500484247,29.877951415043437,29.282049796625873,29.298603057861328,393500,0.0,0.0
2023-04-04 00:00:00-04:00,29.364813667833854,29.373091877261068,28.528894476759987,28.73580551147461,520700,0.0,0.0
2023-04-05 00:00:00-04:00,28.735808000129193,28.785464632145626,28.50406547427479,28.54545021057129,272600,0.0,0.0
2023-04-06 00:00:00-04:00,28.603382371328095,28.73580530631153,28.346811553517522,28.644763946533203,259000,0.0,0.0
2023-04-10 00:00:00-04:00,28.578553836290265,28.710976784877417,28.446130887703116,28.58683204650879,279900,0.0,0.0
2023-04-11 00:00:00-04:00,28.586834444691966,28.710979193475243,28.297157049772856,28.46268653869629,324900,0.0,0.0
2023-04-12 00:00:00-04:00,28.63648873985336,28.68614852963367,28.355089578855885,28.537172317504883,226100,0.0,0.0
2023-04-13 00:00:00-04:00,28.50406663422681,28.62821453374421,28.11507598634928,28.38819694519043,216100,0.0,0.0
2023-04-14 00:00:00-04:00,28.404746800561,28.520616475693796,27.66814401674949,27.83367347717285,244500,0.0,0.0
2023-04-17 00:00:00-04:00,28.00747530532492,28.22266137320117,27.6019283240204,27.932987213134766,377200,0.0,0.0
2023-04-18 00:00:00-04:00,27.858503321806165,28.04886110672746,27.26259849442677,27.395021438598633,188900,0.0,0.0
2023-04-19 00:00:00-04:00,27.22949663111897,27.742635173491806,26.99775409810204,27.676422119140625,277400,0.0,0.0
2023-04-20 00:00:00-04:00,27.684698192811545,28.156455118410385,27.494340412062183,28.098520278930664,302300,0.0,0.0
2023-04-21 00:00:00-04:00,28.11507018329825,28.11507018329825,27.56054701237826,27.974369049072266,162200,0.0,0.0
2023-04-24 00:00:00-04:00,27.999207505339236,28.057142352357026,27.436409142412952,27.54400062561035,229500,0.0,0.0
2023-04-25 00:00:00-04:00,27.45295709283374,27.66814635674702,27.295705828598745,27.50261688232422,213200,0.0,0.0
2023-04-26 00:00:00-04:00,27.37019250414919,27.58538175681894,27.03085852005794,27.155006408691406,196400,0.0,0.0
2023-04-27 00:00:00-04:00,27.270879527944256,27.858506206222888,27.146731623648837,27.643320083618164,295000,0.0,0.0
2023-04-28 00:00:00-04:00,27.63503909250026,27.80056856250304,27.287430046985257,27.58538246154785,251300,0.0,0.0
2023-05-01 00:00:00-04:00,27.6433134116569,27.759183077186524,27.312254518248047,27.378467559814453,259500,0.0,0.0
2023-05-02 00:00:00-04:00,27.32053612773472,27.65159510060946,26.89843893667116,27.2294979095459,296900,0.0,0.0
2023-05-03 00:00:00-04:00,27.279152538729292,27.932992225592592,27.097072958533378,27.759187698364258,276500,0.0,0.0
2023-05-04 00:00:00-04:00,27.610211166229018,28.13162789906367,27.403300115111847,27.99092674255371,215600,0.0,0.0
2023-05-05 00:00:00-04:00,28.272321363570853,28.66131508758564,28.164726750228375,28.553720474243164,293100,0.0,0.0
2023-05-08 00:00:00-04:00,28.51234360781724,28.595106765763674,28.305432555739046,28.35508918762207,210800,0.0,0.0
2023-05-09 00:00:00-04:00,28.313705130683587,28.479234589301715,27.974371161261743,28.065412521362305,212700,0.0,0.0
2023-05-10 00:00:00-04:00,28.321983800675547,28.47096000013345,27.841948678597443,28.45440673828125,190900,0.0,0.0
2023-05-11 00:00:00-04:00,28.313708953778896,28.363368745233256,27.62676586999424,27.858505249023438,300900,0.0,0.0
2023-05-12 00:00:00-04:00,27.98264967583269,28.057137775162612,27.701250540276533,27.83367347717285,237700,0.0,0.0
2023-05-15 00:00:00-04:00,27.90816060027996,28.024030271359653,27.767459458817655,27.841947555541992,157600,0.0,0.0
2023-05-16 00:00:00-04:00,27.875059742043728,28.04058923031202,27.668148671011462,27.891613006591797,586600,0.0,0.0
2023-05-17 00:00:00-04:00,27.916440583025118,28.470963880407496,27.601934879393504,28.40475082397461,360300,0.0,0.0
2023-05-18 00:00:00-04:00,28.330259421554977,28.421300784963233,28.032307016659576,28.264049530029297,209300,0.0,0.0
2023-05-19 00:00:00-04:00,28.446132812477252,28.603387245148273,27.982654039667548,28.12335205078125,282100,0.0,0.0
2023-05-22 00:00:00-04:00,28.1730087398095,28.57855262133654,28.14817726742172,28.29715347290039,256400,0.0,0.0
2023-05-23 00:00:00-04:00,28.313710045247696,28.677875548860122,28.13163045065385,28.214393615722656,188700,0.0,0.0
2023-05-24 00:00:00-04:00,28.181287661325005,28.181287661325005,27.486066326051933,27.610214233398438,249500,0.0,0.0
2023-05-25 00:00:00-04:00,27.51916994856954,27.651592895717783,27.179835949176415,27.411575317382812,212100,0.0,0.0
2023-05-26 00:00:00-04:00,27.353637400840604,27.982648697004297,27.353637400840604,27.841947555541992,197900,0.0,0.0
2023-05-30 00:00:00-04:00,27.932994777554416,28.139905849980742,27.784018552830467,27.982654571533203,176900,0.0,0.0
2023-05-31 00:00:00-04:00,28.015752991359765,28.55372294745747,27.949543101637563,28.363365173339844,796400,0.0,0.0
2023-06-01 00:00:00-04:00,28.321985426642804,28.421301846245875,27.742633857402776,27.94954490661621,229900,0.0,0.0
2023-06-02 00:00:00-04:00,28.206111830260962,28.63648397455839,28.11507047608633,28.528892517089844,210700,0.0,0.0
2023-06-05 00:00:00-04:00,28.338539800218133,28.504066120307296,27.94126779181004,28.30543327331543,208300,0.0,0.0
2023-06-06 00:00:00-04:00,28.355089518572175,28.702701731871027,28.106796884622785,28.58683204650879,207100,0.0,0.0
2023-06-07 00:00:00-04:00,28.686140550337022,29.406189937196814,28.66131224095915,29.39791488647461,290200,0.0,0.0
2023-06-08 00:00:00-04:00,29.240669046302028,29.431026820057415,28.917885178930526,29.149627685546875,367500,0.0,0.0
2023-06-09 00:00:00-04:00,29.1330754106545,29.1330754106545,28.661318486408987,28.884782791137695,149200,0.0,0.0
2023-06-12 00:00:00-04:00,28.793740143041042,28.967544653229584,28.454406174820253,28.644763946533203,191300,0.0,0.0
2023-06-13 00:00:00-04:00,28.562000384295587,29.099970385307202,28.46268396281465,28.959272384643555,510800,0.0,0.0
2023-06-14 00:00:00-04:00,29.017208777145193,29.40619943089851,28.893060875752514,28.984102249145508,446300,0.0,0.0
2023-06-15 00:00:00-04:00,28.893056307675145,29.08341407775879,28.586828865124218,29.08341407775879,390600,0.0,0.0
2023-06-16 00:00:00-04:00,29.207565016951946,29.26549985925017,28.661319962988635,28.959272384643555,1091600,0.0,0.0
2023-06-20 00:00:00-04:00,28.876505637757315,28.926165426362104,28.46268353768693,28.57027816772461,488100,0.0,0.0
2023-06-21 00:00:00-04:00,28.50322919130124,28.50322919130124,27.581338272003432,28.059045791625977,440800,0.43,0.0
2023-06-22 00:00:00-04:00,28.134472093958266,28.134472093958266,27.623240479265114,27.757333755493164,284000,0.0,0.0
2023-06-23 00:00:00-04:00,27.57295788420544,27.975237718512123,27.363436937355964,27.65676498413086,969000,0.0,0.0
2023-06-26 00:00:00-04:00,27.656762282084852,28.06742470448421,27.413717240196164,27.975234985351562,299200,0.0,0.0
2023-06-27 00:00:00-04:00,28.059047136990245,28.276950730059454,27.924953847807725,28.092571258544922,408900,0.0,0.0
2023-06-28 00:00:00-04:00,27.991998804526173,28.243423292595462,27.78247786496246,28.23504066467285,275400,0.0,0.0
2023-06-29 00:00:00-04:00,28.134469785490044,28.721129019740093,28.100945669924755,28.687604904174805,221800,0.0,0.0
2023-06-30 00:00:00-04:00,28.830086224069863,28.93065539266224,27.958478237506007,28.343996047973633,784400,0.0,0.0
2023-07-03 00:00:00-04:00,28.285329534898995,28.69599202224972,28.235043353681725,28.57027816772461,175500,0.0,0.0
2023-07-05 00:00:00-04:00,28.49485021527807,28.80494033715658,28.302091318054345,28.3188533782959,301300,0.0,0.0
2023-07-06 00:00:00-04:00,28.050671232858907,28.050671232858907,27.51429800867288,27.748960494995117,345200,0.0,0.0
2023-07-07 00:00:00-04:00,27.631625065734028,27.75733572277479,27.296390252886432,27.313152313232422,374400,0.0,0.0
2023-07-10 00:00:00-04:00,27.220961176458747,27.31315090509076,26.944395187598662,27.187437057495117,368200,0.0,0.0
2023-07-11 00:00:00-04:00,27.26286426061999,27.857906172427114,27.0784880035436,27.849523544311523,311600,0.0,0.0
2023-07-12 00:00:00-04:00,28.167997360229492,28.553515145466992,28.008759390256948,28.167997360229492,289500,0.0,0.0
2023-07-13 00:00:00-04:00,28.126092946152596,28.201520614605244,27.581337207657278,27.740571975708008,243300,0.0,0.0
2023-07-14 00:00:00-04:00,27.64838673063217,27.765717954339834,27.371817534433184,27.681907653808594,247200,0.0,0.0
2023-07-17 00:00:00-04:00,27.572958163134327,27.765717052541486,27.46400637450038,27.640003204345703,237600,0.0,0.0
2023-07-18 00:00:00-04:00,27.64838555295269,27.891427421550773,27.57295788420544,27.65676498413086,219700,0.0,0.0
2023-07-19 00:00:00-04:00,27.690291347153796,27.941715864343394,27.6064810433998,27.732194900512695,201700,0.0,0.0
2023-07-20 00:00:00-04:00,27.807617750031174,28.226659604977954,27.497527672540535,28.218276977539062,282000,0.0,0.0
2023-07-21 00:00:00-04:00,28.343991085170188,28.411039317182986,28.025518377180727,28.142852783203125,236700,0.0,0.0
2023-07-24 00:00:00-04:00,28.26018782167898,28.46132615090195,28.100949847588357,28.411043167114258,235900,0.0,0.0
2023-07-25 00:00:00-04:00,28.32723202910983,28.528373549428277,28.193138747909533,28.519990921020508,218500,0.0,0.0
2023-07-26 00:00:00-04:00,28.5786601186712,28.70437398427822,28.427804758757336,28.62894630432129,198200,0.0,0.0
2023-07-27 00:00:00-04:00,28.067430765430466,28.813324912885655,27.313153988769987,27.42210578918457,331900,0.0,0.0
2023-07-28 00:00:00-04:00,27.72381445604031,28.02552194742622,26.852206511051484,26.96953773498535,233100,0.0,0.0
2023-07-31 00:00:00-04:00,26.927633514325667,27.24610305793996,26.73487302455607,27.086868286132812,644300,0.0,0.0
2023-08-01 00:00:00-04:00,27.170676062575957,27.29638991509714,26.692970136771212,26.96953773498535,240800,0.0,0.0
2023-08-02 00:00:00-04:00,26.84382264828734,27.23772305084334,26.65944479079425,26.852205276489258,299100,0.0,0.0
2023-08-03 00:00:00-04:00,26.85220619081811,26.85220619081811,26.07278798736851,26.164976119995117,359200,0.0,0.0
2023-08-04 00:00:00-04:00,26.064407014649518,26.66782678710461,25.94707419333918,26.257165908813477,369000,0.0,0.0
2023-08-07 00:00:00-04:00,26.240403160613074,26.701350206741076,26.173356520987653,26.567256927490234,238500,0.0,0.0
2023-08-08 00:00:00-04:00,26.458304878711868,26.567256666104978,26.24040290244361,26.391258239746094,172300,0.0,0.0
2023-08-09 00:00:00-04:00,26.257164420324997,26.441542274049045,26.14821423369668,26.23202133178711,340800,0.0,0.0
2023-08-10 00:00:00-04:00,26.215261870509938,26.475067401232554,25.9135511906269,25.921932220458984,416000,0.0,0.0
2023-08-11 00:00:00-04:00,25.93869584644087,26.123073718326456,25.804602558066247,26.11469268798828,437900,0.0,0.0
2023-08-14 00:00:00-04:00,26.064407292143066,26.10631084400987,25.779458663598298,25.972217559814453,368700,0.0,0.0
2023-08-15 00:00:00-04:00,25.771078646734313,25.888409875388774,25.636985357266898,25.662128448486328,153100,0.0,0.0
2023-08-16 00:00:00-04:00,25.712411201967893,25.82974242226967,25.55317483261692,25.561555862426758,144800,0.0,0.0
2023-08-17 00:00:00-04:00,25.561555225818417,25.737552051887896,25.217941004762622,25.234703063964844,415800,0.0,0.0
2023-08-18 00:00:00-04:00,25.075468203520533,25.49451011761779,25.075468203520533,25.33527374267578,496500,0.0,0.0
2023-08-21 00:00:00-04:00,25.251464899002897,25.318511540942964,24.991659361299906,25.075468063354492,246700,0.0,0.0
2023-08-22 00:00:00-04:00,25.184416021571202,25.393936958850556,25.117369385582528,25.268224716186523,206600,0.0,0.0
2023-08-23 00:00:00-04:00,25.41070058175071,25.72079229136116,25.217941691231832,25.653745651245117,268100,0.0,0.0
2023-08-24 00:00:00-04:00,25.63698468893322,25.79622106546891,25.150896127656225,25.243085861206055,357300,0.0,0.0
2023-08-25 00:00:00-04:00,25.39393831343379,25.55317468184522,25.15089484445443,25.30175018310547,208800,0.0,0.0
2023-08-28 00:00:00-04:00,25.377176744631758,25.65374432057957,25.1173696289551,25.176036834716797,256700,0.0,0.0
2023-08-29 00:00:00-04:00,25.150896353128786,25.192799905926332,24.958137452631153,25.13413429260254,145600,0.0,0.0
2023-08-30 00:00:00-04:00,25.16765732177001,25.368797243804423,25.05870553159429,25.276607513427734,145700,0.0,0.0
2023-08-31 00:00:00-04:00,25.26822715684115,25.35203585955154,25.016802647228022,25.159276962280273,442900,0.0,0.0
2023-09-01 00:00:00-04:00,25.192800433814757,25.385560936869553,25.192800433814757,25.293371200561523,166900,0.0,0.0
2023-09-05 00:00:00-04:00,25.117370944518456,25.293369373985946,24.966517203069454,25.192798614501953,216500,0.0,0.0
2023-09-06 00:00:00-04:00,25.268227353251962,25.318511935861842,25.050325363918404,25.243085861206055,137600,0.0,0.0
2023-09-07 00:00:00-04:00,25.226323269325892,25.57831853721483,25.167657657764074,25.352035522460938,198400,0.0,0.0
2023-09-08 00:00:00-04:00,25.30175113635511,25.360416748370096,24.983278387533712,25.16765785217285,219400,0.0,0.0
2023-09-11 00:00:00-04:00,25.19279881295056,25.326892094306835,24.941374310037048,25.276607513427734,240300,0.0,0.0
2023-09-12 00:00:00-04:00,25.201182659038523,25.293372399717256,24.949758128028755,25.05032730102539,171000,0.0,0.0
2023-09-13 00:00:00-04:00,25.016800131401464,25.20955900928784,24.974894985001455,25.100608825683594,313100,0.0,0.0
2023-09-14 00:00:00-04:00,25.251464233361443,25.54479388356117,25.192798623025098,25.46098518371582,316000,0.0,0.0
2023-09-15 00:00:00-04:00,25.410698004191346,25.44422212010781,24.706707555123852,24.865943908691406,886800,0.0,0.0
2023-09-18 00:00:00-04:00,24.924611765600133,25.058705044349075,24.62290108915602,24.941373825073242,294400,0.0,0.0
2023-09-19 00:00:00-04:00,24.89947100170565,25.13413506069013,24.756998278432864,24.91623306274414,157100,0.0,0.0
2023-09-20 00:00:00-04:00,25.025181555960188,25.22632146630362,24.79051752796723,24.807279586791992,367400,0.0,0.0
2023-09-21 00:00:00-04:00,24.723473217871824,24.723473217871824,24.23738465583405,24.245765686035156,216700,0.0,0.0
2023-09-22 00:00:00-04:00,24.195480710576344,24.346334456193244,24.03624433637635,24.078147888183594,413400,0.0,0.0
2023-09-25 00:00:00-04:00,24.044626517109027,24.128435223252257,23.71777272300223,24.027864456176758,229800,0.0,0.0
2023-09-26 00:00:00-04:00,23.86024672791189,23.96919852401069,23.340635634037604,23.41606330871582,259900,0.0,0.0
2023-09-27 00:00:00-04:00,23.492664954863056,23.67992474064215,23.211774464442566,23.279869079589844,241600,0.43,0.0
2023-09-28 00:00:00-04:00,23.27987146234556,23.594808480822472,23.194752778823418,23.51820182800293,515400,0.0,0.0
2023-09-29 00:00:00-04:00,23.765046415644967,23.841653070294743,23.450107766139904,23.603321075439453,428900,0.0,0.0
2023-10-02 00:00:00-04:00,23.543737654450382,23.705462988967206,22.845767379751447,23.02451515197754,533000,0.0,0.0
2023-10-03 00:00:00-04:00,22.956423648027467,23.04154234214796,22.854282513886115,22.896841049194336,424300,0.0,0.0
2023-10-04 00:00:00-04:00,22.956420822441427,23.262847434157138,22.82023157801308,23.254335403442383,239700,0.0,0.0
2023-10-05 00:00:00-04:00,23.16921431528571,23.4501048057062,23.16921431528571,23.279869079589844,243700,0.0,0.0
2023-10-06 00:00:00-04:00,23.101121270297455,23.416059901449476,22.794696293059157,23.31391716003418,298500,0.0,0.0
2023-10-09 00:00:00-04:00,23.18624417408211,23.87570252782736,23.18624417408211,23.69695472717285,203300,0.0,0.0
2023-10-10 00:00:00-04:00,23.50117981290922,23.671415559512347,23.288383912027403,23.560762405395508,170400,0.0,0.0
2023-10-11 00:00:00-04:00,23.72248835284539,23.850165571947098,23.552250978373824,23.611833572387695,291600,0.0,0.0
2023-10-12 00:00:00-04:00,23.569276879667125,23.569276879667125,23.04154227642851,23.160707473754883,301500,0.0,0.0
2023-10-13 00:00:00-04:00,23.27987101507348,23.33945360534307,22.89683775833492,23.01600456237793,260400,0.0,0.0
2023-10-16 00:00:00-04:00,23.211777205059565,23.492667728644825,23.058563897012352,23.45010757446289,401400,0.0,0.0
2023-10-17 00:00:00-04:00,23.32242766482621,23.918256766514872,23.32242766482621,23.654390335083008,351900,0.0,0.0
2023-10-18 00:00:00-04:00,23.509691181976535,23.577785803401728,23.31391772481326,23.399036407470703,205300,0.0,0.0
2023-10-19 00:00:00-04:00,23.14368068415987,23.364988597247716,22.5478515625,22.5478515625,519400,0.0,0.0
2023-10-20 00:00:00-04:00,22.667017816742753,22.84576721115354,22.32654471251247,22.60743522644043,505300,0.0,0.0
2023-10-23 00:00:00-04:00,22.530828009333916,22.88832516567543,22.43719892271137,22.522315979003906,316800,0.0,0.0
2023-10-24 00:00:00-04:00,22.65851076682369,22.718093365953862,22.38613061957937,22.598926544189453,172600,0.0,0.0
2023-10-25 00:00:00-04:00,22.820230032914658,22.854278153468364,22.539339532361574,22.5478515625,242200,0.0,0.0
2023-10-26 00:00:00-04:00,22.46273525627084,23.3479670020864,22.386128600440497,22.93088722229004,511900,0.0,0.0
2023-10-27 00:00:00-04:00,22.896837757149374,22.91386181822661,22.292498200441855,22.37761688232422,237600,0.0,0.0
2023-10-30 00:00:00-04:00,22.522316061365085,22.598922711111534,22.088213877473592,22.369104385375977,299400,0.0,0.0
2023-10-31 00:00:00-04:00,22.496786748567676,22.68404658890896,22.24143064973411,22.658512115478516,442600,0.0,0.0
2023-11-01 00:00:00-04:00,22.7010678023574,23.279872938812588,22.530830424516246,23.245824813842773,362500,0.0,0.0
2023-11-02 00:00:00-04:00,23.594808405954016,23.918259077611044,23.518201753377554,23.816116333007812,262100,0.0,0.0
2023-11-03 00:00:00-04:00,24.224688251887653,24.31831898200028,23.99486987793576,24.011892318725586,367700,0.0,0.0
2023-11-06 00:00:00-05:00,23.875698654744827,24.02891195816841,23.671414791347992,23.960817337036133,338100,0.0,0.0
2023-11-07 00:00:00-05:00,23.926775573544557,24.0884993160504,23.543742239179878,23.637372970581055,238700,0.0,0.0
2023-11-08 00:00:00-05:00,23.569274670710158,23.76504651182797,23.4671319229291,23.679927825927734,322900,0.0,0.0
2023-11-09 00:00:00-05:00,23.64588221360126,23.64588221360126,23.262848924418797,23.35647964477539,291000,0.0,0.0
2023-11-10 00:00:00-05:00,23.560759630202412,23.696948860844902,23.313915634973092,23.654390335083008,323400,0.0,0.0
2023-11-13 00:00:00-05:00,23.450104865615582,23.713972920551136,23.399034310000573,23.654390335083008,452000,0.0,0.0
2023-11-14 00:00:00-05:00,24.386408926046585,24.7353940594405,24.241707654382974,24.44599151611328,519100,0.0,0.0
2023-11-15 00:00:00-05:00,24.394921693200413,24.65027612219818,24.301290978266096,24.309803009033203,321600,0.0,0.0
2023-11-16 00:00:00-05:00,24.386409619734696,24.480040334505073,24.156589659936785,24.34385108947754,444300,0.0,0.0
2023-11-17 00:00:00-05:00,24.556646715263973,24.64176539833758,24.403433410432253,24.48855209350586,373900,0.0,0.0
2023-11-20 00:00:00-05:00,24.50557897864109,24.76944546542159,24.29278305818816,24.735397338867188,332300,0.0,0.0
2023-11-21 00:00:00-05:00,24.624737867124576,24.74390303253363,24.42045403063608,24.6843204498291,175300,0.0,0.0
2023-11-22 00:00:00-05:00,24.948189882280193,24.948189882280193,24.599204749857083,24.743906021118164,149400,0.0,0.0
2023-11-24 00:00:00-05:00,24.777955732396794,24.99926366872697,24.62474242082175,24.922657012939453,147200,0.0,0.0
2023-11-27 00:00:00-05:00,24.905634153723085,25.152476571568055,24.81200343134879,25.024799346923828,290600,0.0,0.0
2023-11-28 00:00:00-05:00,24.897120868651726,25.016286055852227,24.735395526376823,24.812002182006836,271500,0.0,0.0
2023-11-29 00:00:00-05:00,24.96521676095763,25.143966174338882,24.573673055414694,24.650278091430664,235700,0.0,0.0
2023-11-30 00:00:00-05:00,24.65879148706041,25.08438334193652,24.60772091905642,25.050336837768555,621200,0.0,0.0
2023-12-01 00:00:00-05:00,25.007774631304187,25.62062789120666,24.922657566099023,25.61211585998535,431600,0.0,0.0
2023-12-04 00:00:00-05:00,25.637653421443986,26.00366104389096,25.60360529460945,25.94407844543457,382600,0.0,0.0
2023-12-05 00:00:00-05:00,25.901516060693908,26.063241392112875,25.671696109230716,25.97812271118164,454800,0.0,0.0
2023-12-06 00:00:00-05:00,26.190922267684066,26.33562355846977,25.756818395326956,25.824913024902344,341700,0.0,0.0
2023-12-07 00:00:00-05:00,25.782351217717707,26.15687082109313,25.518483141039418,25.535507202148438,999200,0.0,0.0
2023-12-08 00:00:00-05:00,25.424854081480916,25.629137944514937,24.607717005840993,24.63325309753418,633800,0.0,0.0
2023-12-11 00:00:00-05:00,24.573674272510996,24.650279312321096,24.216177051546204,24.522602081298828,725300,0.0,0.0
2023-12-12 00:00:00-05:00,24.556647279235914,24.726883025788943,24.411946001738706,24.573671340942383,365600,0.0,0.0
2023-12-13 00:00:00-05:00,24.548135174303944,25.390806744184566,24.42896998972604,25.101404190063477,886000,0.0,0.0
2023-12-14 00:00:00-05:00,25.544018608477515,25.68020784701391,24.641764497297945,24.84604835510254,702300,0.0,0.0
2023-12-15 00:00:00-05:00,24.66730094485497,25.033310161614672,24.54813575744629,24.54813575744629,1706500,0.0,0.0
2023-12-18 00:00:00-05:00,24.769442071090364,24.837536691363653,24.454503437636514,24.7779541015625,427300,0.0,0.0
2023-12-19 00:00:00-05:00,24.905629995784604,25.16949643246463,24.82051131906416,25.0928897857666,412200,0.0,0.0
2023-12-20 00:00:00-05:00,25.13545264097177,25.595090947122774,25.033309893213826,25.067358016967773,616800,0.0,0.0
2023-12-21 00:00:00-05:00,25.220566585906294,25.288661201493312,24.99926030287627,25.195032119750977,311400,0.0,0.0
2023-12-22 00:00:00-05:00,25.36526870727539,25.60360068166525,25.263127592182418,25.36526870727539,426100,0.0,0.0
2023-12-26 00:00:00-05:00,25.399320456398613,25.671698966895544,25.314201765992326,25.586580276489258,340200,0.0,0.0
2023-12-27 00:00:00-05:00,25.69891353169344,25.69891353169344,25.42239555755942,25.526090621948242,260600,0.45,0.0
2023-12-28 00:00:00-05:00,25.41375710444793,25.569298894934082,25.41375710444793,25.560657501220703,330300,0.0,0.0
2023-12-29 00:00:00-05:00,25.448323426140657,25.534734069455702,25.206369339597362,25.249574661254883,277700,0.0,0.0
2024-01-02 00:00:00-05:00,25.19772175064253,25.508805264262822,25.145875047764804,25.41375160217285,248900,0.0,0.0
2024-01-03 00:00:00-05:00,25.431039210338525,25.431039210338525,24.886642958226492,24.912567138671875,254500,0.0,0.0
2024-01-04 00:00:00-05:00,24.895282296514047,25.24092976636496,24.83479419531228,25.016260147094727,272000,0.0,0.0
2024-01-05 00:00:00-05:00,24.826154340360382,25.13723790658435,24.808871553752994,25.076749801635742,206200,0.0,0.0
2024-01-08 00:00:00-05:00,25.16316327946928,25.733482079133605,25.102673523475637,25.560657501220703,247500,0.0,0.0
2024-01-09 00:00:00-05:00,25.310060800599864,25.621142698050775,25.206365735998133,25.29277801513672,203400,0.0,0.0
2024-01-10 00:00:00-05:00,25.310061757601375,25.690273163103942,25.128595799731205,25.197725296020508,314000,0.0,0.0
2024-01-11 00:00:00-05:00,25.05946485778154,25.08538903546093,24.653329296533663,24.8607177734375,322700,0.0,0.0
2024-01-12 00:00:00-05:00,25.14588012218001,25.14588012218001,24.757025651684174,24.89528465270996,205100,0.0,0.0
2024-01-16 00:00:00-05:00,24.782947802232368,24.83479451132545,24.385451970712978,24.402734756469727,219200,0.0,0.0
2024-01-17 00:00:00-05:00,24.16942530988649,24.368174076185355,23.65095485360043,23.884265899658203,282100,0.0,0.0
2024-01-18 00:00:00-05:00,23.927467431501544,24.057085016113227,23.46948354115145,23.650949478149414,218100,0.0,0.0
2024-01-19 00:00:00-05:00,23.763287770568283,24.19534754821498,23.434923064754784,24.074371337890625,294000,0.0,0.0
2024-01-22 00:00:00-05:00,24.203988072959003,24.67061175901989,24.203988072959003,24.299041748046875,305700,0.0,0.0
2024-01-23 00:00:00-05:00,24.471865542200504,24.48050693553471,23.970676266057428,24.074371337890625,139400,0.0,0.0
2024-01-24 00:00:00-05:00,24.35088647425769,24.38545039536112,23.6509501780984,23.746002197265625,220600,0.0,0.0
2024-01-25 00:00:00-05:00,24.108932900187522,24.264474668604393,23.936109994973183,24.005239486694336,217200,0.0,0.0
2024-01-26 00:00:00-05:00,24.195345176883237,24.23855049114255,23.987956701719774,24.005239486694336,258800,0.0,0.0
2024-01-29 00:00:00-05:00,23.979316394492383,24.471864251319555,23.875621328129057,24.402734756469727,379000,0.0,0.0
2024-01-30 00:00:00-05:00,24.29904094242095,24.36817043614457,23.9793160038385,24.100292205810547,225500,0.0,0.0
2024-01-31 00:00:00-05:00,24.091650262272186,24.3940924084648,23.84105647131975,23.90154457092285,620200,0.0,0.0
2024-02-01 00:00:00-05:00,23.858341831886474,24.18670654296875,23.676875865310976,24.18670654296875,270800,0.0,0.0
2024-02-02 00:00:00-05:00,23.884263003260802,23.884263003260802,23.400356533593417,23.61638641357422,250200,0.0,0.0
2024-02-05 00:00:00-05:00,23.33122765531277,23.54725754101011,23.080632196778787,23.365793228149414,280400,0.0,0.0
2024-02-06 00:00:00-05:00,23.331227898500586,23.668233996284428,23.288022580181668,23.39171600341797,223500,0.0,0.0
2024-02-07 00:00:00-05:00,23.32258788669067,23.32258788669067,23.080633804511994,23.192970275878906,287200,0.0,0.0
2024-02-08 00:00:00-05:00,23.270738492322522,23.694156851244603,23.12383811080448,23.547256469726562,671900,0.0,0.0
2024-02-09 00:00:00-05:00,23.49541152111912,23.607746339788413,23.184327949146795,23.460845947265625,264900,0.0,0.0
2024-02-12 00:00:00-05:00,23.547255665592207,23.68551464957271,23.486767566122875,23.53861427307129,242700,0.0,0.0
2024-02-13 00:00:00-05:00,23.115198506778302,23.47812879225107,22.838680507975674,23.417640686035156,446900,0.0,0.0
2024-02-14 00:00:00-05:00,23.495414091973636,23.564543599067452,23.002866147907998,23.210254669189453,507100,0.0,0.0
2024-02-15 00:00:00-05:00,23.6336716886848,24.195349106156534,23.06335287732244,23.771930694580078,411000,0.0,0.0
2024-02-16 00:00:00-05:00,23.35715227981059,23.720082560621737,23.35715227981059,23.43492317199707,244000,0.0,0.0
2024-02-20 00:00:00-05:00,23.42627822900656,23.694154790294306,23.42627822900656,23.650949478149414,319100,0.0,0.0
2024-02-21 00:00:00-05:00,23.78056918654334,23.83241589538291,23.434921713984284,23.504051208496094,261500,0.0,0.0
2024-02-22 00:00:00-05:00,23.4781267819522,23.512690704754373,23.063349819263255,23.09791374206543,309700,0.0,0.0
2024-02-23 00:00:00-05:00,23.097913143905078,23.322584404920956,23.028783651913816,23.132478713989258,217200,0.0,0.0
2024-02-26 00:00:00-05:00,23.054708645529566,23.12383813996776,22.544878005981445,22.544878005981445,287600,0.0,0.0
2024-02-27 00:00:00-05:00,22.683136338998068,22.82139532387684,22.57080153185048,22.622648239135742,196100,0.0,0.0
2024-02-28 00:00:00-05:00,22.501670595668212,22.804111075574774,22.380692755528585,22.691776275634766,188800,0.0,0.0
2024-02-29 00:00:00-05:00,22.873244552613205,22.97693962679175,22.639933520021735,22.7781925201416,407700,0.0,0.0
2024-03-01 00:00:00-05:00,22.700420857829144,22.942373275756836,22.45846679172422,22.942373275756836,175500,0.0,0.0
2024-03-04 00:00:00-05:00,22.933733695799358,23.4003573967172,22.890526729303193,23.39171600341797,152100,0.0,0.0
2024-03-05 00:00:00-05:00,23.417638983892978,23.469485692855603,23.158402142725528,23.27073860168457,190800,0.0,0.0
2024-03-06 00:00:00-05:00,23.486767619300338,23.573179896528075,23.270737750319544,23.49540901184082,168800,0.0,0.0
2024-03-07 00:00:00-05:00,23.659593052391376,23.728722551921084,23.288023022529995,23.460845947265625,180000,0.0,0.0
2024-03-08 00:00:00-05:00,23.616383542814464,23.806489220744922,23.469483176357343,23.521329879760742,238800,0.0,0.0
2024-03-11 00:00:00-04:00,23.547254421553863,23.754642886567957,23.521330245360723,23.650949478149414,175600,0.0,0.0
2024-03-12 00:00:00-04:00,23.59046339507657,23.61638757529329,23.37443350446899,23.56454086303711,154400,0.0,0.0
2024-03-13 00:00:00-04:00,23.486770185735814,23.702800078322525,23.365793973303983,23.417640686035156,551000,0.0,0.0
2024-03-14 00:00:00-04:00,23.339864990355633,23.339864990355633,22.717699621068693,22.916446685791016,413000,0.0,0.0
2024-03-15 00:00:00-04:00,22.7522681650418,23.5731824141122,22.7522681650418,23.460845947265625,782600,0.0,0.0
2024-03-18 00:00:00-04:00,23.322589302296286,23.44356552663982,23.115200782774185,23.16704750061035,208900,0.0,0.0
2024-03-19 00:00:00-04:00,23.192968458912954,23.391715556466053,23.037426678853237,23.322586059570312,203900,0.0,0.0
2024-03-20 00:00:00-04:00,23.167044722169656,23.460845501634584,23.167044722169656,23.39171600341797,220000,0.0,0.0
2024-03-21 00:00:00-04:00,23.443559660726724,23.642308384360902,23.391712955863348,23.6336669921875,211200,0.0,0.0
2024-03-22 00:00:00-04:00,23.789210284572576,23.789210284572576,22.89052521887879,22.925090789794922,255300,0.0,0.0
2024-03-25 00:00:00-04:00,23.054708630608424,23.244814328146134,22.91644964182152,23.14112091064453,288900,0.0,0.0
2024-03-26 00:00:00-04:00,23.192968668993142,23.262098166515052,22.968297390002633,23.17568588256836,296700,0.0,0.0
2024-03-27 00:00:00-04:00,23.27236039269406,23.667850578236177,23.27236039269406,23.57996368408203,336100,0.45,0.0
2024-03-28 00:00:00-04:00,23.676639199476565,24.08970541869315,23.58875230619772,24.03697395324707,452300,0.0,0.0
2024-04-01 00:00:00-04:00,24.063340346820958,24.063340346820958,23.659062959378492,24.019397735595703,330100,0.0,0.0
2024-04-02 00:00:00-04:00,23.799683313065806,23.83483874602244,23.37782817540605,23.553600311279297,246800,0.0,0.0
2024-04-03 00:00:00-04:00,23.439344120882115,23.562384760600747,23.289936911379638,23.518442153930664,174100,0.0,0.0
2024-04-04 00:00:00-04:00,23.68542829232762,23.76452632943605,23.47449907583644,23.57996368408203,223400,0.0,0.0
2024-04-05 00:00:00-04:00,23.45692273669512,23.597541095013984,23.263571236779384,23.46571159362793,273800,0.0,0.0
2024-04-08 00:00:00-04:00,23.53601988904046,23.755736275201507,23.465710712521044,23.7117919921875,169900,0.0,0.0
2024-04-09 00:00:00-04:00,23.764529272790487,24.20396212168407,23.746951556521957,24.195173263549805,247800,0.0,0.0
2024-04-10 00:00:00-04:00,23.62390532225947,23.62390532225947,22.95596897726204,23.25478172302246,257500,0.0,0.0
2024-04-11 00:00:00-04:00,23.386614727536358,23.448135052840758,23.21084093269252,23.342670440673828,209200,0.0,0.0
2024-04-12 00:00:00-04:00,23.325093195110785,23.456922696269647,23.184473160731205,23.28114891052246,188800,0.0,0.0
2024-04-15 00:00:00-04:00,23.28993619521157,23.483286005438607,23.08779752866018,23.386611938476562,389900,0.0,0.0
2024-04-16 00:00:00-04:00,23.30751646904,23.30751646904,22.92960398707989,22.947181701660156,191100,0.0,0.0
2024-04-17 00:00:00-04:00,23.043855959237423,23.105377960748896,22.868083840971202,22.964757919311523,172500,0.0,0.0
2024-04-18 00:00:00-04:00,23.07022157705055,23.36024715268135,23.061432720055304,23.28993797302246,212900,0.0,0.0
2024-04-19 00:00:00-04:00,23.307516722722735,23.73816067680772,23.307516722722735,23.720582962036133,207000,0.0,0.0
2024-04-22 00:00:00-04:00,23.72057749635989,23.96666041755043,23.60632572927667,23.92271614074707,183800,0.0,0.0
2024-04-23 00:00:00-04:00,23.869990423025115,24.1600160144359,23.861201565551678,24.107284545898438,175600,0.0,0.0
2024-04-24 00:00:00-04:00,23.922722768623014,24.107285429725355,23.869991298152296,24.06334114074707,313700,0.0,0.0
2024-04-25 00:00:00-04:00,23.949087336531623,24.01060765964633,23.755737510127815,23.7645263671875,184100,0.0,0.0
2024-04-26 00:00:00-04:00,23.88756860914042,24.0369758365295,23.412980354032793,23.6590633392334,228200,0.0,0.0
2024-04-29 00:00:00-04:00,23.852410471934675,24.12485999915983,23.799679008340746,23.808467864990234,165300,0.0,0.0
2024-04-30 00:00:00-04:00,23.711794221990594,24.001819811944404,23.641485038859464,23.817258834838867,354100,0.0,0.0
2024-05-01 00:00:00-04:00,23.78210491915689,24.239115476755384,23.78210491915689,23.98424530029297,211800,0.0,0.0
2024-05-02 00:00:00-04:00,24.177591834428334,24.53792658108169,24.08091608610079,24.30063247680664,285300,0.0,0.0
2024-05-03 00:00:00-04:00,24.49398397346173,24.546715437866286,24.133647550505344,24.30063247680664,183900,0.0,0.0
2024-05-06 00:00:00-04:00,24.49398601333677,24.49398601333677,24.291845643062704,24.397310256958008,146100,0.0,0.0
2024-05-07 00:00:00-04:00,24.53792944341993,24.801588472501447,24.48519797286427,24.625816345214844,206200,0.0,0.0
2024-05-08 00:00:00-04:00,24.564292907714844,24.59065780150402,24.38851912637293,24.564292907714844,180000,0.0,0.0
2024-05-09 00:00:00-04:00,24.625814532472276,24.801586646820034,24.476407313309977,24.731277465820312,137300,0.0,0.0
2024-05-10 00:00:00-04:00,24.810374190029904,24.871894510608666,24.555504051017447,24.564292907714844,196300,0.0,0.0
2024-05-13 00:00:00-04:00,24.740067320400627,24.740067320400627,24.51156205386336,24.590660095214844,196600,0.0,0.0
2024-05-14 00:00:00-04:00,24.827953923838148,24.87189653459802,24.546717191847424,24.669757843017578,141500,0.0,0.0
2024-05-15 00:00:00-04:00,24.933417948785255,25.003727130125693,24.775221871693496,24.827953338623047,137700,0.0,0.0
2024-05-16 00:00:00-04:00,24.60823882176098,25.03888279998541,24.60823882176098,25.021305084228516,180000,0.0,0.0
2024-05-17 00:00:00-04:00,25.047669568652278,25.047669568652278,24.810375454636514,25.003726959228516,160800,0.0,0.0
2024-05-20 00:00:00-04:00,24.915840064077887,25.197076787517418,24.915840064077887,25.003726959228516,193500,0.0,0.0
2024-05-21 00:00:00-04:00,25.003726923304505,25.082824961196117,24.819164276123047,24.819164276123047,344300,0.0,0.0
2024-05-22 00:00:00-04:00,24.775219039023103,24.92462624182697,24.61702298001866,24.687332153320312,188900,0.0,0.0
2024-05-23 00:00:00-04:00,24.590657899666645,24.590657899666645,23.9139310179928,24.01060676574707,233400,0.0,0.0
2024-05-24 00:00:00-04:00,24.151225120860726,24.239112011882515,23.922719874725285,24.01060676574707,167300,0.0,0.0
2024-05-28 00:00:00-04:00,24.133648600784248,24.195170600953823,23.65906204788352,23.685428619384766,201600,0.0,0.0
2024-05-29 00:00:00-04:00,23.483286005438607,23.483286005438607,23.316302764184645,23.386611938476562,150400,0.0,0.0
2024-05-30 00:00:00-04:00,23.57996353093674,23.96666485692162,23.56238581695946,23.949087142944336,174400,0.0,0.0
2024-05-31 00:00:00-04:00,24.001817465956908,24.36215220382198,23.878776826579465,24.265478134155273,644700,0.0,0.0
2024-06-03 00:00:00-04:00,24.327001043081978,24.33578990058766,23.966666266864767,24.019397735595703,333800,0.0,0.0
2024-06-04 00:00:00-04:00,23.905142787012878,24.379729295589225,23.905142787012878,24.239110946655273,223600,0.0,0.0
2024-06-05 00:00:00-04:00,24.265482136034713,24.265482136034713,24.045765714451793,24.08970832824707,148300,0.0,0.0
2024-06-06 00:00:00-04:00,23.96666399841613,24.274267276787704,23.834834500914887,24.18638038635254,151000,0.0,0.0
2024-06-07 00:00:00-04:00,24.0809172644139,24.116072693272493,23.817258253186882,23.975454330444336,175600,0.0,0.0
2024-06-10 00:00:00-04:00,23.7821044921875,23.966667154032436,23.448136276124927,23.7821044921875,184500,0.0,0.0
2024-06-11 00:00:00-04:00,23.60632839532639,23.623904431729976,23.245993666357172,23.298725128173828,310600,0.0,0.0
2024-06-12 00:00:00-04:00,23.773315020136188,24.036975719344984,23.325095016457286,23.369037628173828,232700,0.0,0.0
2024-06-13 00:00:00-04:00,23.298730127556937,23.623909500889255,23.298730127556937,23.553600311279297,197800,0.0,0.0
2024-06-14 00:00:00-04:00,23.386612862292136,23.54480892977373,23.325092541894406,23.527231216430664,202500,0.0,0.0
2024-06-17 00:00:00-04:00,23.41298185049104,23.641487135003146,23.34267266112603,23.448137283325195,171400,0.0,0.0
2024-06-18 00:00:00-04:00,23.456923910213266,23.632696028753962,23.307516687486945,23.342670440673828,277600,0.0,0.0
2024-06-20 00:00:00-04:00,23.281148293076182,23.483286967912324,23.070220761555465,23.25478172302246,276200,0.0,0.0
2024-06-21 00:00:00-04:00,23.325097729628776,23.404194104658387,23.114168475205208,23.219633102416992,709100,0.0,0.0
2024-06-24 00:00:00-04:00,23.245997579962737,23.72058416881808,23.22841986429689,23.588754653930664,254100,0.0,0.0
2024-06-25 00:00:00-04:00,23.544809381154153,23.588751989051243,23.27235984802246,23.27235984802246,161500,0.0,0.0
2024-06-26 00:00:00-04:00,23.131742769241704,23.26357227651974,22.947181794313085,23.052644729614258,286700,0.0,0.0
2024-06-27 00:00:00-04:00,23.07052951938293,23.544459629775503,22.98111022413776,23.526575088500977,329000,0.45,0.0
2024-06-28 00:00:00-04:00,23.6338809997832,23.84849038173887,23.401387076273622,23.839548110961914,788700,0.0,0.0
2024-07-01 00:00:00-04:00,23.768009805483267,23.857430800748382,23.419269800069298,23.75906753540039,260300,0.0,0.0
2024-07-02 00:00:00-04:00,23.86637436381657,23.92896855222417,23.607053634055127,23.76801109313965,205500,0.0,0.0
2024-07-03 00:00:00-04:00,23.73224288528537,24.009446440909556,23.69647380426875,23.88425636291504,133600,0.0,0.0
2024-07-05 00:00:00-04:00,23.79483790484164,23.911084011089507,23.705416904732047,23.76801109313965,156900,0.0,0.0
2024-07-08 00:00:00-04:00,23.8306056685936,24.322420324402334,23.8306056685936,23.973678588867188,233600,0.0,0.0
2024-07-09 00:00:00-04:00,23.902139506754175,24.036270141601562,23.678587880154012,24.036270141601562,268600,0.0,0.0
2024-07-10 00:00:00-04:00,24.22405740318801,24.402899408903682,24.116751858645852,24.393957138061523,278900,0.0,0.0
2024-07-11 00:00:00-04:00,24.885766718620125,25.484885139238806,24.832114806411095,25.28816032409668,370700,0.0,0.0
2024-07-12 00:00:00-04:00,25.529597478551178,25.91410658538652,25.440178183945143,25.80680274963379,319800,0.0,0.0
2024-07-15 00:00:00-04:00,25.931991283033046,26.405921392898318,25.806802905378106,26.227079391479492,269200,0.0,0.0
2024-07-16 00:00:00-04:00,26.486396486128324,26.665236757426825,26.030350980137374,26.64735221862793,463700,0.0,0.0
2024-07-17 00:00:00-04:00,26.629472163774413,27.318009923735545,26.629472163774413,27.219648361206055,291400,0.0,0.0
2024-07-18 00:00:00-04:00,27.07657462150152,27.800881440709688,27.07657462150152,27.335893630981445,344700,0.0,0.0
2024-07-19 00:00:00-04:00,27.3984892753839,27.487910275181903,26.87984952323193,27.21070671081543,388900,0.0,0.0
2024-07-22 00:00:00-04:00,27.210706211174486,27.765113329727452,26.826197112997995,27.61309814453125,365100,0.0,0.0
2024-07-23 00:00:00-04:00,27.622040792444263,28.113855436242943,27.407431417274616,27.926071166992188,313600,0.0,0.0
2024-07-24 00:00:00-04:00,27.926069016169837,28.16750518422704,27.416371576202565,27.478965759277344,264900,0.0,0.0
2024-07-25 00:00:00-04:00,28.185391533470238,28.9097000841458,27.73828824787165,28.40894317626953,527000,0.0,0.0
2024-07-26 00:00:00-04:00,28.59672387234449,28.784506421377316,27.99760544049701,28.328462600708008,318000,0.0,0.0
2024-07-29 00:00:00-04:00,28.40000046132134,28.40000046132134,27.943954912481995,28.176448822021484,215100,0.0,0.0
2024-07-30 00:00:00-04:00,26.96033045460202,27.058693732970465,26.271790917150597,26.915620803833008,3233200,0.0,0.0
2024-07-31 00:00:00-04:00,26.75466190568696,26.987155829530437,26.396979601913824,26.486400604248047,1061200,0.0,0.0
2024-08-01 00:00:00-04:00,26.60264667234264,27.273301630468925,26.459573751054133,27.148113250732422,821600,0.0,0.0
2024-08-02 00:00:00-04:00,26.933501545362123,27.83664864349879,26.92455927535753,27.577329635620117,674700,0.0,0.0
2024-08-05 00:00:00-04:00,26.87985111939666,27.31801216830544,26.46851688368941,26.817256927490234,536800,0.0,0.0
2024-08-06 00:00:00-04:00,26.790430901689003,27.720406653242637,26.611590591780594,27.25541877746582,557700,0.0,0.0
2024-08-07 00:00:00-04:00,27.34483898150697,27.4432022576821,26.656299459408682,26.817256927490234,476800,0.0,0.0
2024-08-08 00:00:00-04:00,26.861966359450456,26.987154734299544,26.54005144633716,26.924560546875,236500,0.0,0.0
2024-08-09 00:00:00-04:00,27.049749977760165,27.165996086720668,26.799371512723397,27.148113250732422,244300,0.0,0.0
2024-08-12 00:00:00-04:00,27.13917088741896,27.183880535582762,26.790429150599056,27.094459533691406,410300,0.0,0.0
2024-08-13 00:00:00-04:00,27.264357224233922,27.5236779397356,26.987153674144654,27.362720489501953,216600,0.0,0.0
2024-08-14 00:00:00-04:00,27.47002495273222,27.514736304141277,27.157054020687145,27.24647331237793,130700,0.0,0.0
2024-08-15 00:00:00-04:00,27.47002500075118,27.55944599816194,27.139169527564132,27.273300170898438,132200,0.0,0.0
2024-08-16 00:00:00-04:00,27.282242334841566,27.478967163927415,27.148111692030138,27.32695198059082,144400,0.0,0.0
2024-08-19 00:00:00-04:00,27.344837516101244,27.648867893837057,27.246474245197387,27.630983352661133,117100,0.0,0.0
2024-08-20 00:00:00-04:00,27.514735046735893,27.577329230284395,27.3269507905268,27.371662139892578,120500,0.0,0.0
2024-08-21 00:00:00-04:00,27.425316307064698,27.595216037487884,27.344837577157072,27.550504684448242,125300,0.0,0.0
2024-08-22 00:00:00-04:00,27.595214175629298,27.62203928007946,27.318008922177835,27.577329635620117,218100,0.0,0.0
2024-08-23 00:00:00-04:00,27.720404386938235,28.337407413753738,27.586273739081925,28.212217330932617,375100,0.0,0.0
2024-08-26 00:00:00-04:00,28.453651532812255,28.84710117829826,28.221157630172193,28.399999618530273,425100,0.0,0.0
2024-08-27 00:00:00-04:00,28.247985661429325,28.614610218407577,28.0423185598198,28.489421844482422,165300,0.0,0.0
2024-08-28 00:00:00-04:00,28.5341302644743,28.70402827733891,28.21221536757107,28.292694091796875,214400,0.0,0.0
2024-08-29 00:00:00-04:00,28.310576824438268,28.399997812932153,28.033373295114373,28.23904037475586,202500,0.0,0.0
2024-08-30 00:00:00-04:00,28.355288935368506,28.5162463875626,28.221158293727974,28.417884826660156,210100,0.0,0.0
2024-09-03 00:00:00-04:00,28.25692737446606,28.543073198116165,28.221158293727974,28.417884826660156,182400,0.0,0.0
2024-09-04 00:00:00-04:00,28.543073820836373,28.784508298831213,28.30163763727785,28.40894317626953,189100,0.0,0.0
2024-09-05 00:00:00-04:00,28.552016823501422,28.659320659681487,28.274813256878573,28.346349716186523,161800,0.0,0.0
2024-09-06 00:00:00-04:00,28.45365412878971,28.45365412878971,28.04231990582698,28.31058120727539,157800,0.0,0.0
2024-09-09 00:00:00-04:00,28.212217934147887,28.48942321195017,27.997608551876404,28.31058120727539,234600,0.0,0.0
2024-09-10 00:00:00-04:00,28.382117604718115,28.471538606856026,28.247986954293125,28.39105987548828,141300,0.0,0.0
2024-09-11 00:00:00-04:00,28.15856428154222,28.274812089093793,27.917128101763097,28.176448822021484,169700,0.0,0.0
2024-09-12 00:00:00-04:00,28.319521454908127,28.516246281545282,28.140679463009885,28.47153663635254,126300,0.0,0.0
2024-09-13 00:00:00-04:00,28.721915342857773,28.954410971565924,28.57884242177872,28.945466995239258,142500,0.0,0.0
2024-09-16 00:00:00-04:00,29.052772880827938,29.222670900657953,28.900755990557002,29.12430763244629,165400,0.0,0.0
2024-09-17 00:00:00-04:00,29.160075585619285,29.33891757443681,28.927579976818336,28.981233596801758,271400,0.0,0.0
2024-09-18 00:00:00-04:00,28.90969833354921,29.392567260299263,28.75768145186468,28.9365234375,190200,0.0,0.0
2024-09-19 00:00:00-04:00,29.04382966043725,29.04382966043725,28.391059258475316,28.847103118896484,346600,0.0,0.0
2024-09-20 00:00:00-04:00,28.668263626219442,28.95440945337381,28.578840923279124,28.596725463867188,1092000,0.0,0.0
2024-09-23 00:00:00-04:00,28.75768079370412,29.008057521187045,28.596723351428793,28.70402717590332,190100,0.0,0.0
2024-09-24 00:00:00-04:00,28.757682352426066,28.873930158398455,28.525188446044922,28.525188446044922,337600,0.0,0.0
2024-09-25 00:00:00-04:00,28.60566520690918,28.712970735393675,28.426824933519704,28.60566520690918,275500,0.0,0.0
2024-09-26 00:00:00-04:00,28.569385876620878,28.705430225291902,28.451481235745387,28.641942977905273,302300,0.45,0.0
2024-09-27 00:00:00-04:00,28.841477585301835,29.095430061159025,28.651015823255833,28.660085678100586,308200,0.0,0.0
2024-09-30 00:00:00-04:00,28.67822763203424,29.10450046370842,28.605670517496126,28.850549697875977,533100,0.0,0.0
2024-10-01 00:00:00-04:00,28.914034290192202,28.93217399962827,28.596598024550566,28.787059783935547,226400,0.0,0.0
2024-10-02 00:00:00-04:00,28.623806484180967,28.714503303444943,28.360787611203175,28.533109664916992,204300,0.0,0.0
2024-10-03 00:00:00-04:00,28.215675199034617,28.460554377860028,28.161256066052925,28.378929138183594,206600,0.0,0.0
2024-10-04 00:00:00-04:00,28.13404648215036,28.306368536195894,27.825678333998,28.215673446655273,262800,0.0,0.0
2024-10-07 00:00:00-04:00,28.06149183692555,28.25195361756465,27.925447460769323,28.161256790161133,250600,0.0,0.0
2024-10-08 00:00:00-04:00,28.306368682337137,28.306368682337137,27.961722842568765,28.052419662475586,191100,0.0,0.0
2024-10-09 00:00:00-04:00,28.07056012285067,28.188464780952927,27.96172359007335,28.115907669067383,186300,0.0,0.0
2024-10-10 00:00:00-04:00,27.970793182774536,28.079627984632374,27.771261559436507,27.96172332763672,283800,0.0,0.0
2024-10-11 00:00:00-04:00,28.061487692848672,28.242879590969935,27.9435813156669,28.088695526123047,153100,0.0,0.0
2024-10-14 00:00:00-04:00,28.079628099196963,28.35171856474766,27.998002862419547,28.27916145324707,142700,0.0,0.0
2024-10-15 00:00:00-04:00,28.33357870579769,28.73264368190695,28.279161304932153,28.442415237426758,319600,0.0,0.0
2024-10-16 00:00:00-04:00,28.560319199666253,29.02287142051852,28.47869223540421,28.895896911621094,156100,0.0,0.0
2024-10-17 00:00:00-04:00,28.777991498533762,28.88682803118731,28.632877274927697,28.71450424194336,152100,0.0,0.0
2024-10-18 00:00:00-04:00,28.759850560095373,28.923104487155936,28.61473634268552,28.859617233276367,231800,0.0,0.0
2024-10-21 00:00:00-04:00,29.467284609616268,29.60332723866636,29.06821792755952,29.158916473388672,386900,0.0,0.0
2024-10-22 00:00:00-04:00,29.113565375953073,29.46728451384349,29.113565375953073,29.195192337036133,391500,0.0,0.0
2024-10-23 00:00:00-04:00,29.748444062033595,29.748444062033595,29.240546000015396,29.258682250976562,256300,0.0,0.0
2024-10-24 00:00:00-04:00,29.684954583791306,30.138436939412554,29.204264393967442,29.585187911987305,281800,0.0,0.0
2024-10-25 00:00:00-04:00,29.657749067575462,29.657749067575462,29.21333480202201,29.2224063873291,153000,0.0,0.0
2024-10-28 00:00:00-04:00,29.304031721227002,29.548912613915324,29.304031721227002,29.49449348449707,222600,0.0,0.0
2024-10-29 00:00:00-04:00,29.313098785799006,29.585187503455412,29.077289486442325,29.11356544494629,141500,0.0,0.0
2024-10-30 00:00:00-04:00,29.05007892320598,29.376586776521133,28.886826726446326,28.94124412536621,148600,0.0,0.0
2024-10-31 00:00:00-04:00,28.93217386744417,28.986591265605842,28.442413824193306,28.469621658325195,212000,0.0,0.0
2024-11-01 00:00:00-04:00,28.614735873354924,28.750781963605956,28.406134405486924,28.469621658325195,164700,0.0,0.0
2024-11-04 00:00:00-05:00,28.469622998894557,28.85054826375897,28.469622998894557,28.5240421295166,179600,0.0,0.0
2024-11-05 00:00:00-05:00,28.424274713059447,28.651015895052648,28.3245080394151,28.578458786010742,146700,0.0,0.0
2024-11-06 00:00:00-05:00,29.013800745770187,29.195192649084078,28.406134323377966,28.4333438873291,430800,0.0,0.0
2024-11-07 00:00:00-05:00,28.53310898162343,28.641945508113437,28.26102026024526,28.38799476623535,307300,0.0,0.0
2024-11-08 00:00:00-05:00,28.524039643727058,29.0137996673584,28.496830080787273,29.0137996673584,375400,0.0,0.0
2024-11-11 00:00:00-05:00,29.05008053353261,29.61240118310008,29.05008053353261,29.26775360107422,270500,0.0,0.0
2024-11-12 00:00:00-05:00,29.022872254711054,29.494494344025625,28.977524708772265,28.995662689208984,192900,0.0,0.0
2024-11-13 00:00:00-05:00,29.149844642620728,29.349377981963244,28.723571860212573,28.759849548339844,305500,0.0,0.0
2024-11-14 00:00:00-05:00,28.81426928759849,28.89589624999152,28.3335773679393,28.38799476623535,365200,0.0,0.0
2024-11-15 00:00:00-05:00,28.569388107690607,28.75078174001605,28.378926350656986,28.59659767150879,202200,0.0,0.0
2024-11-18 00:00:00-05:00,28.64194583645996,29.031939213600044,28.533109308722267,28.94124412536621,161300,0.0,0.0
2024-11-19 00:00:00-05:00,28.759849800597127,29.78472088012428,28.69636254839415,29.75751304626465,248400,0.0,0.0
2024-11-20 00:00:00-05:00,29.612397819847853,29.820999278493623,29.35844535992616,29.657745361328125,316500,0.0,0.0
2024-11-21 00:00:00-05:00,29.802859569942385,30.01146102858816,29.63053406860345,29.657745361328125,209900,0.0,0.0
2024-11-22 00:00:00-05:00,29.85727780027594,29.911696930603775,29.476354267368915,29.52170181274414,154300,0.0,0.0
2024-11-25 00:00:00-05:00,29.58519041312803,29.95704583778239,29.58519041312803,29.811931610107422,324100,0.0,0.0
2024-11-26 00:00:00-05:00,29.65774790866576,29.811930254900712,29.503562102634863,29.52170181274414,159700,0.0,0.0
2024-11-27 00:00:00-05:00,29.68495354563334,30.365177055276074,29.68495354563334,30.210994720458984,464500,0.0,0.0
2024-11-29 00:00:00-05:00,30.37424814456862,30.700752517647942,29.802859437037466,29.820999145507812,194500,0.0,0.0
2024-12-02 00:00:00-05:00,29.866347885515964,29.902627303912784,29.521700330337733,29.630535125732422,206700,0.0,0.0
2024-12-03 00:00:00-05:00,29.612399515507793,29.65774705958475,29.149845570453653,29.304031372070312,128400,0.0,0.0
2024-12-04 00:00:00-05:00,29.39472688255665,29.485421972013636,29.158917574090953,29.412866592407227,118300,0.0,0.0
2024-12-05 00:00:00-05:00,29.240544333237168,29.358447256744334,28.90496662294923,29.05915069580078,145100,0.0,0.0
2024-12-06 00:00:00-05:00,29.304034263744505,29.440076909399842,28.95938666711786,29.12264060974121,174600,0.0,0.0
2024-12-09 00:00:00-05:00,29.313099496967368,29.530772552250937,29.23147253371051,29.304031372070312,254000,0.0,0.0
2024-12-10 00:00:00-05:00,29.294961596189474,29.503563079660207,29.10449982342872,29.340309143066406,228100,0.0,0.0
2024-12-11 00:00:00-05:00,29.358446190016675,29.603327072688767,29.186124143601084,29.276819229125977,275700,0.0,0.0
2024-12-12 00:00:00-05:00,29.14984456024986,29.56704748697281,29.08635730878314,29.20426368713379,188000,0.0,0.0
2024-12-13 00:00:00-05:00,29.059151778248534,29.167986580846097,28.859618423656343,29.07729148864746,235300,0.0,0.0
2024-12-16 00:00:00-05:00,28.995661711769493,29.313099712334203,28.941244312497748,29.05915069580078,211500,0.0,0.0
2024-12-17 00:00:00-05:00,29.16798674113826,29.421935768526808,29.08635977379251,29.14984703063965,313100,0.0,0.0
2024-12-18 00:00:00-05:00,29.29496058715196,29.476354228207807,28.224743640595936,28.288230895996094,276600,0.0,0.0
2024-12-19 00:00:00-05:00,28.315435044088687,28.569385762518706,27.40847041670714,27.44474983215332,313800,0.0,0.0
2024-12-20 00:00:00-05:00,27.390336921007876,28.179395307207773,27.381267065662147,27.707773208618164,1130900,0.0,0.0
2024-12-23 00:00:00-05:00,27.680562781146428,27.780327720813812,27.21801058120465,27.56265640258789,264900,0.0,0.0
2024-12-24 00:00:00-05:00,27.499170761588086,27.8891658782959,27.435683506291085,27.8891658782959,129900,0.0,0.0
2024-12-26 00:00:00-05:00,27.760218838399584,28.036532627026585,27.74179932455703,27.870744705200195,173300,0.47,0.0
2024-12-27 00:00:00-05:00,27.63127450368785,27.972060995536282,27.345751825706163,27.456275939941406,262200,0.0,0.0
2024-12-30 00:00:00-05:00,27.4194325211562,27.649693119909447,27.097067331551866,27.56679916381836,332000,0.0,0.0
2024-12-31 00:00:00-05:00,27.622061704653113,28.082582910312716,27.585220921709816,27.751007080078125,550300,0.0,0.0
2025-01-02 00:00:00-05:00,27.70495556066105,27.81548142258378,27.12469961662639,27.244434356689453,251500,0.0,0.0
2025-01-03 00:00:00-05:00,27.35496138439635,27.603641510009766,27.26285678832702,27.603641510009766,331400,0.0,0.0
2025-01-06 00:00:00-05:00,27.631273722809986,27.760219104690062,27.262857091189,27.299697875976562,319900,0.0,0.0
2025-01-07 00:00:00-05:00,27.30890566718215,27.576008795257174,26.9865404893067,27.17074966430664,416700,0.0,0.0
2025-01-08 00:00:00-05:00,27.06022741152123,27.235225975400542,26.783915368974203,27.207595825195312,282900,0.0,0.0
2025-01-10 00:00:00-05:00,26.71944172918255,26.866808380884596,26.433919061103463,26.811546325683594,375800,0.0,0.0
2025-01-13 00:00:00-05:00,26.774704712993667,27.54838053963686,26.737863927164963,27.456275939941406,401200,0.0,0.0
2025-01-14 00:00:00-05:00,27.54837780205192,27.861532355847643,27.502326385155058,27.833900451660156,231800,0.0,0.0
2025-01-15 00:00:00-05:00,28.48784201839119,28.54310407109374,27.852322263690457,28.036531448364258,304500,0.0,0.0
2025-01-16 00:00:00-05:00,28.14705748560206,28.7273152274254,28.008901465989062,28.552316665649414,311300,0.0,0.0
2025-01-17 00:00:00-05:00,28.727312863055406,29.114150740182996,28.30363244679711,28.358896255493164,363100,0.0,0.0
2025-01-21 00:00:00-05:00,28.60757875664539,28.865471281850013,28.598368121093532,28.819419860839844,223000,0.0,0.0
2025-01-22 00:00:00-05:00,28.653629483668453,28.653629483668453,27.990477834646892,28.091793060302734,286500,0.0,0.0
2025-01-23 00:00:00-05:00,27.953638125352,28.21152888164945,27.76942893649752,27.944427490234375,423500,0.0,0.0
2025-01-24 00:00:00-05:00,27.797059631857856,28.26679146191547,27.66811425932206,28.11942481994629,300500,0.0,0.0
2025-01-27 00:00:00-05:00,28.294422349803792,29.24309666946326,28.294422349803792,28.81020736694336,633600,0.0,0.0
2025-01-28 00:00:00-05:00,28.78257728392078,29.05888932314678,28.47863333807254,28.552316665649414,349900,0.0,0.0
2025-01-29 00:00:00-05:00,28.460210611326143,28.69968185288993,27.815481967191953,27.97205924987793,320100,0.0,0.0
2025-01-30 00:00:00-05:00,28.294422059119416,28.718102479077857,28.101003997240912,28.589157104492188,396000,0.0,0.0
2025-01-31 00:00:00-05:00,28.524684710097475,28.77336659902376,28.285213456696138,28.561527252197266,296800,0.0,0.0
2025-02-03 00:00:00-05:00,28.35889912980268,28.63521117429266,28.165479293260383,28.478633880615234,284500,0.0,0.0
2025-02-04 00:00:00-05:00,28.312843958501276,28.543104564953058,28.064162081913587,28.497053146362305,572600,0.0,0.0
2025-02-05 00:00:00-05:00,28.718101993821815,29.01283527746544,28.450998857551685,28.90230941772461,219900,0.0,0.0
2025-02-06 00:00:00-05:00,29.07730880259622,29.086519437569446,28.62599822940226,28.800996780395508,216800,0.0,0.0
2025-02-07 00:00:00-05:00,28.754944436479672,28.9023110868118,28.506264312012355,28.67205047607422,222700,0.0,0.0
2025-02-10 00:00:00-05:00,28.653630034296782,28.681260182371005,28.37731625631164,28.54310417175293,175900,0.0,0.0
2025-02-11 00:00:00-05:00,28.47862922235738,28.497050490776644,28.16547468622531,28.331262588500977,399600,0.0,0.0
2025-02-12 00:00:00-05:00,27.9075845604363,28.064161841753556,27.465484621451925,27.741798400878906,593400,0.0,0.0
2025-02-13 00:00:00-05:00,27.824690793033845,28.64441974519627,26.98654232751588,28.506263732910156,516800,0.0,0.0
2025-02-14 00:00:00-05:00,28.506266081878692,28.681262892044955,27.9075870513916,27.9075870513916,283300,0.0,0.0
2025-02-18 00:00:00-05:00,27.861533482515018,28.24837137303808,27.658904780526374,27.953638076782227,261100,0.0,0.0
2025-02-19 00:00:00-05:00,27.76942820484673,28.064161493849245,27.677323612846198,27.77863883972168,397300,0.0,0.0
2025-02-20 00:00:00-05:00,27.723376348408106,28.008898998016345,27.649693027323757,27.833900451660156,294000,0.0,0.0
2025-02-21 00:00:00-05:00,28.101004330118304,28.128636235034968,27.7786391330865,27.99968910217285,307000,0.0,0.0
2025-02-24 00:00:00-05:00,27.944426807484742,28.524682751725976,27.870743485093012,28.294422149658203,347200,0.0,0.0
2025-02-25 00:00:00-05:00,28.303632215729873,29.040467181587886,28.229948894818968,28.90230941772461,306100,0.0,0.0
2025-02-26 00:00:00-05:00,28.86546818902365,29.03125609769528,28.561524275375305,28.708890914916992,188000,0.0,0.0
2025-02-27 00:00:00-05:00,28.56152607623644,28.97599411729963,28.55231544109072,28.727313995361328,395500,0.0,0.0
2025-02-28 00:00:00-05:00,28.856259807928208,29.132571839459658,28.80099775297173,28.920732498168945,405500,0.0,0.0
2025-03-03 00:00:00-05:00,28.92073358468696,29.086521512533906,28.6352109071445,28.773366928100586,275500,0.0,0.0
2025-03-04 00:00:00-05:00,28.791785801233807,29.233885734169508,28.589157104492188,28.589157104492188,312200,0.0,0.0
2025-03-05 00:00:00-05:00,28.478632357946655,28.902311037744994,28.386527762458176,28.68126106262207,256800,0.0,0.0
2025-03-06 00:00:00-05:00,28.543107538971995,28.782578805443187,28.16548024558452,28.598369598388672,243800,0.0,0.0
2025-03-07 00:00:00-05:00,28.66284217711413,29.086520866198043,28.469422346674328,28.86547088623047,275500,0.0,0.0
2025-03-10 00:00:00-04:00,28.975993277251547,29.629932542897883,28.690470623008004,28.82862663269043,333100,0.0,0.0
2025-03-11 00:00:00-04:00,28.97599297519182,29.114150740182996,28.27600229919804,28.358896255493164,326000,0.0,0.0
2025-03-12 00:00:00-04:00,28.285214762094377,28.340478577794556,27.926008743789108,28.128639221191406,343700,0.0,0.0
2025-03-13 00:00:00-04:00,28.16547810626184,28.487843315747234,27.843112896776443,27.852323532104492,312900,0.0,0.0
2025-03-14 00:00:00-04:00,27.99968731098934,28.349684390547953,27.6312707194136,28.257579803466797,357300,0.0,0.0
2025-03-17 00:00:00-04:00,28.266793221123745,28.63520984897542,28.239161315253977,28.39573860168457,314100,0.0,0.0
2025-03-18 00:00:00-04:00,28.368105133526882,28.62599763719493,28.18389770812024,28.358896255493164,368000,0.0,0.0
2025-03-19 00:00:00-04:00,28.349686796631367,28.515472959349328,27.83390176790095,28.1931095123291,372400,0.0,0.0
2025-03-20 00:00:00-04:00,28.156267263562416,28.349687090528736,27.94442792282472,28.137845993041992,292300,0.0,0.0
2025-03-21 00:00:00-04:00,28.03653086424501,28.22073828833201,27.714165676156576,28.11942481994629,761200,0.0,0.0
2025-03-24 00:00:00-04:00,28.30363362080774,28.607577554247545,28.008900322532664,28.1931095123291,325700,0.0,0.0
2025-03-25 00:00:00-04:00,28.14705516046513,28.36810512493553,27.90758392643496,28.082582473754883,368600,0.0,0.0
2025-03-26 00:00:00-04:00,28.20232067621499,28.42337065406542,28.147056864190585,28.368106842041016,288500,0.0,0.0
2025-03-27 00:00:00-04:00,28.499048933486435,28.723524331427267,28.405518855656666,28.592580795288086,339300,0.47,0.0
2025-03-28 00:00:00-04:00,28.47099240050134,28.70482117761196,28.3494004373795,28.65805435180664,448700,0.0,0.0
2025-03-31 00:00:00-04:00,28.667406456563175,29.368892757053164,28.53646291800939,29.163124084472656,659800,0.0,0.0
2025-04-01 00:00:00-04:00,29.237950406932832,29.39695404619912,28.751586124003957,28.929296493530273,294500,0.0,0.0
2025-04-02 00:00:00-04:00,28.929294507760577,28.929294507760577,28.545815483612717,28.583227157592773,455300,0.0,0.0
2025-04-03 00:00:00-04:00,28.583229160978533,28.798352991336277,28.143631703063466,28.377460479736328,586900,0.0,0.0
2025-04-04 00:00:00-04:00,28.218455778696026,28.65805322007397,27.77885833731808,27.853683471679688,555900,0.0,0.0
2025-04-07 00:00:00-04:00,27.283143250525093,27.825625971209966,26.38523977051132,26.768720626831055,752300,0.0,0.0
2025-04-08 00:00:00-04:00,27.236376783837493,27.301848556091613,25.421864971212482,25.749225616455078,521800,0.0,0.0
2025-04-09 00:00:00-04:00,25.496690354902665,27.068020040066276,24.926147561511304,26.385238647460938,880000,0.0,0.0
2025-04-10 00:00:00-04:00,26.17011444412192,26.63777196507037,25.318977898713495,25.8895206451416,438100,0.0,0.0
2025-04-11 00:00:00-04:00,25.917579718814792,26.338472213666808,25.468628913620588,26.263647079467773,307200,0.0,0.0
2025-04-14 00:00:00-04:00,26.310413021558617,26.946427576045835,26.170116113121022,26.71259880065918,283100,0.0,0.0
2025-04-15 00:00:00-04:00,26.71259949353992,26.890309866955445,26.6003626774674,26.80613136291504,511400,0.0,0.0
2025-04-16 00:00:00-04:00,26.8809553181119,27.08672399450001,26.675186641723798,27.039958953857422,302300,0.0,0.0
2025-04-17 00:00:00-04:00,26.93707306049843,27.4795557248677,26.93707306049843,27.08672332763672,415600,0.0,0.0
2025-04-21 00:00:00-04:00,26.843545898799224,27.021254495356388,26.24494298121964,26.637775421142578,708500,0.0,0.0
2025-04-22 00:00:00-04:00,26.927722385532068,27.12413769876833,26.693893612266823,26.909015655517578,343400,0.0,0.0
2025-04-23 00:00:00-04:00,26.927723304100514,27.227023858654363,26.347827141673413,26.665834426879883,372600,0.0,0.0
2025-04-24 00:00:00-04:00,26.02981848630642,26.17011539087207,25.37509721970415,25.786636352539062,805000,0.0,0.0
2025-04-25 00:00:00-04:00,25.711810090412996,25.870813717674498,25.393802835889993,25.608924865722656,401000,0.0,0.0
2025-04-28 00:00:00-04:00,25.58086866304071,26.02981948852539,25.421865022685054,26.02981948852539,345900,0.0,0.0
2025-04-29 00:00:00-04:00,25.92693250926636,26.244939768560908,25.833402431568338,26.104642868041992,300300,0.0,0.0
2025-04-30 00:00:00-04:00,26.123349751163225,26.273000017128485,25.711810627772824,26.179468154907227,356700,0.0,0.0
2025-05-01 00:00:00-04:00,26.179470357430738,26.581656150038405,25.777284564823074,26.329120635986328,502800,0.0,0.0
2025-05-02 00:00:00-04:00,26.32911912240234,26.488122757223508,26.123350447210452,26.273000717163086,267100,0.0,0.0
2025-05-05 00:00:00-04:00,26.3104121193527,26.43200407740858,25.964346542671638,26.263647079467773,464200,0.0,0.0
2025-05-06 00:00:00-04:00,26.142055977441224,26.4039430458559,25.898873853933416,26.366531372070312,246300,0.0,0.0
2025-05-07 00:00:00-04:00,26.38524000719992,26.600363851448584,26.21688477566094,26.4320068359375,463300,0.0,0.0
2025-05-08 00:00:00-04:00,26.469417572021484,26.60971626926419,26.17947038006584,26.469417572021484,321900,0.0,0.0
2025-05-09 00:00:00-04:00,26.375885771693213,26.81548321376506,26.366532406886755,26.750011444091797,275700,0.0,0.0
2025-05-12 00:00:00-04:00,26.843545348119644,26.965135531899776,26.516184690904122,26.684541702270508,363400,0.0,0.0
2025-05-13 00:00:00-04:00,26.7125983161442,26.7125983161442,26.104643867960416,26.34782600402832,301400,0.0,0.0
2025-05-14 00:00:00-04:00,26.235588594629093,26.36653392548945,25.92693467412659,26.113998413085938,250500,0.0,0.0
2025-05-15 00:00:00-04:00,26.375887237652346,26.693894522858816,26.27300200303495,26.665834426879883,287200,0.0,0.0
2025-05-16 00:00:00-04:00,26.703245906585526,27.198963561379106,26.572302360930323,27.142845153808594,473200,0.0,0.0
2025-05-19 00:00:00-04:00,27.00254826776079,27.311202185640852,26.97448817196369,27.28314208984375,262300,0.0,0.0
2025-05-20 00:00:00-04:00,27.18025683086493,27.38602729857684,27.068020015723903,27.142845153808594,471600,0.0,0.0
2025-05-21 00:00:00-04:00,26.927723853802835,27.06802076861747,26.544243003483814,26.684541702270508,331400,0.0,0.0
2025-05-22 00:00:00-04:00,26.59100926409743,26.619067576078862,26.29170870981534,26.525537490844727,298600,0.0,0.0
2025-05-23 00:00:00-04:00,26.544241796945272,26.78742393742403,26.357179847019136,26.71259880065918,279800,0.0,0.0
2025-05-27 00:00:00-04:00,27.01189903905786,27.386026502578993,26.806130361298802,27.255081176757812,306500,0.0,0.0
2025-05-28 00:00:00-04:00,27.292492962532158,27.292492962532158,26.86224711946363,27.124135971069336,291700,0.0,0.0
2025-05-29 00:00:00-04:00,27.068019499714666,27.376673411426513,26.955780902741278,27.264434814453125,163500,0.0,0.0
2025-05-30 00:00:00-04:00,27.25508051393449,27.488909280962677,27.124136975269717,27.367319107055664,275800,0.0,0.0
2025-06-02 00:00:00-04:00,27.161551488771686,27.479556983021528,27.030606161051413,27.198963165283203,392800,0.0,0.0
2025-06-03 00:00:00-04:00,27.086725085966457,27.367320693044483,26.94642817441345,27.077373504638672,352700,0.0,0.0
2025-06-04 00:00:00-04:00,26.9931938829746,27.114784058892276,26.815483517582358,26.899662017822266,232600,0.0,0.0
2025-06-05 00:00:00-04:00,26.89031043405711,27.0960791238443,26.656481647674006,26.96513557434082,313700,0.0,0.0
2025-06-06 00:00:00-04:00,27.114783697911054,27.245727236997897,27.002546888400026,27.161550521850586,138800,0.0,0.0
2025-06-09 00:00:00-04:00,27.26443244686071,27.704031647529533,27.049310420645487,27.591793060302734,266600,0.0,0.0
2025-06-10 00:00:00-04:00,27.69468129189933,27.797564742064587,27.4608525117488,27.563735961914062,281600,0.0,0.0
2025-06-11 00:00:00-04:00,27.713386213491827,27.722739578766053,27.38602734875402,27.423439025878906,257900,0.0,0.0
2025-06-12 00:00:00-04:00,27.41408484433291,27.535676805305343,27.12413766535335,27.460851669311523,313900,0.0,0.0
2025-06-13 00:00:00-04:00,27.23637565316315,27.404730867411036,26.927721751084146,27.09607696533203,271500,0.0,0.0
2025-06-16 00:00:00-04:00,27.25508136351231,27.25508136351231,26.656480272131958,26.7780704498291,351100,0.0,0.0
2025-06-17 00:00:00-04:00,26.68453931642196,27.021251525077435,26.48812222606536,26.946426391601562,367500,0.0,0.0
2025-06-18 00:00:00-04:00,26.965134484616183,27.189609896395737,26.79677747978852,26.993194580078125,340800,0.0,0.0
2025-06-20 00:00:00-04:00,27.124138648407232,27.47020602990357,26.76871968554821,26.80613136291504,628500,0.0,0.0
2025-06-23 00:00:00-04:00,26.759364936359937,27.404731055332068,26.750011571508928,27.376672744750977,361800,0.0,0.0
2025-06-24 00:00:00-04:00,27.3579669012234,27.45149876879121,26.94642775430822,26.993194580078125,429400,0.0,0.0
2025-06-25 00:00:00-04:00,26.993196292983743,26.993196292983743,26.357181693929473,26.4320068359375,353800,0.0,0.0
2025-06-26 00:00:00-04:00,26.34640232630328,26.622230136168454,26.203730830219694,26.61271858215332,398000,0.47,0.0
2025-06-27 00:00:00-04:00,26.54614139201484,26.68881108402568,26.165688275271407,26.279823303222656,715100,0.0,0.0
2025-06-30 00:00:00-04:00,26.156177111539876,26.289335250854492,25.79474709876723,26.289335250854492,560000,0.0,0.0
2025-07-01 00:00:00-04:00,26.29884572190075,26.917082247139827,26.156176033636886,26.641254425048828,351800,0.0,0.0
2025-07-02 00:00:00-04:00,26.51760567379616,26.68881002306068,26.346403138675132,26.584186553955078,373200,0.0,0.0
2025-07-03 00:00:00-04:00,26.47004971639757,26.63174251135367,26.451026607780737,26.584186553955078,169200,0.0,0.0
2025-07-07 00:00:00-04:00,26.517605233837756,26.850502372535217,26.21324275759212,26.241777420043945,489800,0.0,0.0
2025-07-08 00:00:00-04:00,26.29884610244044,26.34640387531222,25.547451432501674,26.032529830932617,683800,0.0,0.0
2025-07-09 00:00:00-04:00,26.06106265773163,26.222755457067272,25.83279079057723,25.937416076660156,508800,0.0,0.0
2025-07-10 00:00:00-04:00,25.82327996175665,26.19422334368325,25.709144932043532,25.90888214111328,393000,0.0,0.0
2025-07-11 00:00:00-04:00,25.747189709020724,26.165689057013623,25.642564418486593,26.061063766479492,301100,0.0,0.0
2025-07-14 00:00:00-04:00,25.956439193712995,26.56516417297715,25.956439193712995,26.555652618408203,348600,0.0,0.0
2025-07-15 00:00:00-04:00,26.527117123936208,26.574674895291537,25.671097195118584,25.68060874938965,443200,0.0,0.0
2025-07-16 00:00:00-04:00,25.671097933751167,25.975460422608744,25.652074824661682,25.88985824584961,418200,0.0,0.0
2025-07-17 00:00:00-04:00,25.775724018218348,26.013507446773602,25.58549654971671,25.766212463378906,365400,0.0,0.0
2025-07-18 00:00:00-04:00,25.908882191380126,25.918393746231935,25.128952834967496,25.480873107910156,491900,0.0,0.0
2025-07-21 00:00:00-04:00,25.64256447412409,25.775724429859252,25.45233881672812,25.633054733276367,263400,0.0,0.0
2025-07-22 00:00:00-04:00,25.65207527070862,26.051551497816305,25.65207527070862,25.946928024291992,319200,0.0,0.0
2025-07-23 00:00:00-04:00,25.89936980039435,26.013506640787707,25.566472647902547,25.88985824584961,482100,0.0,0.0
2025-07-24 00:00:00-04:00,25.99448510450672,26.688812300991604,25.747190113811353,26.16568946838379,699700,0.0,0.0
2025-07-25 00:00:00-04:00,26.099110781007106,26.41298484802246,25.984973932027124,26.41298484802246,433300,0.0,0.0
2025-07-28 00:00:00-04:00,26.308359128766615,26.60321008049217,26.099110358855523,26.213245391845703,490300,0.0,0.0
2025-07-29 00:00:00-04:00,26.308356896299426,27.15486527336113,26.19422187299448,27.012195587158203,509800,0.0,0.0
2025-07-30 00:00:00-04:00,26.898060191449115,27.09779738653915,26.279821869556823,26.574674606323242,434200,0.0,0.0
2025-07-31 00:00:00-04:00,26.35591439708682,26.603209380920745,26.24177936709799,26.4320068359375,484000,0.0,0.0
2025-08-01 00:00:00-04:00,26.641253698064176,26.74587897986964,26.43200494859671,26.669788360595703,359200,0.0,0.0
2025-08-04 00:00:00-04:00,26.755388759344186,27.278513354999195,26.679298139958078,27.145355224609375,302200,0.0,0.0
2025-08-05 00:00:00-04:00,27.05024406955257,27.12633469617555,26.93610722254628,27.069265365600586,251900,0.0,0.0
2025-08-06 00:00:00-04:00,27.078774998753712,27.116821216436655,26.821970285967893,26.831480026245117,289300,0.0,0.0
2025-08-07 00:00:00-04:00,27.012198279275953,27.040732945017783,26.650768250597764,27.031221389770508,419200,0.0,0.0
2025-08-08 00:00:00-04:00,27.078774678505923,27.107309341430664,26.850502817538462,27.107309341430664,377000,0.0,0.0
2025-08-11 00:00:00-04:00,27.021708689851284,27.12633397899561,26.71734619140625,26.71734619140625,372100,0.0,0.0
2025-08-12 00:00:00-04:00,26.745880426688185,26.8790385640849,26.51760674237444,26.755390167236328,304600,0.0,0.0
2025-08-13 00:00:00-04:00,26.879037070118073,27.002683645950672,26.65076521263549,26.860013961791992,336400,0.0,0.0
2025-08-14 00:00:00-04:00,26.631744011950637,26.774413706328797,26.536630277650666,26.71734619140625,331100,0.0,0.0
2025-08-15 00:00:00-04:00,26.755390616570065,26.87903901549521,26.527118742566252,26.81245994567871,352400,0.0,0.0
2025-08-18 00:00:00-04:00,26.774414496717572,26.955130415807943,26.460540434162525,26.498586654663086,248000,0.0,0.0
2025-08-19 00:00:00-04:00,26.631743668929747,27.154866479626296,26.631743668929747,27.135845184326172,330000,0.0,0.0
2025-08-20 00:00:00-04:00,27.202422695611656,27.506785172708508,27.164376478902817,27.335580825805664,318900,0.0,0.0
2025-08-21 00:00:00-04:00,27.307048460876103,27.468741267206497,27.23095783519966,27.345094680786133,368300,0.0,0.0
2025-08-22 00:00:00-04:00,27.430694580078125,27.735057057470613,27.364115514916453,27.430694580078125,331000,0.0,0.0
2025-08-25 00:00:00-04:00,27.316558455182765,27.52580902444563,27.13584436336567,27.164377212524414,246700,0.0,0.0
2025-08-26 00:00:00-04:00,27.164376827660455,27.316558068162703,27.002684032858877,27.012195587158203,278600,0.0,0.0
2025-08-27 00:00:00-04:00,27.04073145125128,27.33558239105423,27.04073145125128,27.135845184326172,359100,0.0,0.0
2025-08-28 00:00:00-04:00,27.154867979697773,27.154867979697773,26.717347323185038,27.031221389770508,205000,0.0,0.0
2025-08-29 00:00:00-04:00,27.116822430790034,27.221447719959976,27.08828776624998,27.192913055419922,274200,0.0,0.0
2025-09-02 00:00:00-04:00,27.09779737343761,27.18339954676151,26.78392334263113,26.860013961791992,427200,0.0,0.0
2025-09-03 00:00:00-04:00,26.745879298090024,26.955128050047115,26.679298418057623,26.917081832885742,206400,0.0,0.0
2025-09-04 00:00:00-04:00,27.03121982505011,27.23095703125,26.79343640006344,27.23095703125,264100,0.0,0.0
2025-09-05 00:00:00-04:00,27.37362824575945,27.544830786044272,27.164377672949872,27.459230422973633,268600,0.0,0.0
2025-09-08 00:00:00-04:00,27.19291229193519,27.316558873183332,27.04073104694815,27.26900291442871,298100,0.0,0.0
2025-09-09 00:00:00-04:00,27.164377962516703,27.32607076407338,27.059754489140193,27.23095703125,246400,0.0,0.0
2025-09-10 00:00:00-04:00,27.17388872881756,27.230956241198463,26.821970285967893,26.831480026245117,337200,0.0,0.0
2025-09-11 00:00:00-04:00,26.86001587258617,27.09779930114746,26.650767108543928,27.09779930114746,272500,0.0,0.0
2025-09-12 00:00:00-04:00,26.983662351768054,27.09779737343761,26.85050240762895,26.860013961791992,248100,0.0,0.0
2025-09-15 00:00:00-04:00,26.993173592098213,27.002685146789915,26.68881109853797,26.755390167236328,290700,0.0,0.0
2025-09-16 00:00:00-04:00,26.641256335933612,26.755391369073806,26.33689382870157,26.403472900390625,227600,0.0,0.0
2025-09-17 00:00:00-04:00,26.44151657665024,26.821971514329253,26.365425951943156,26.4320068359375,304100,0.0,0.0
2025-09-18 00:00:00-04:00,26.327379254817092,26.61271861909347,26.270311744790504,26.42249298095703,367400,0.0,0.0
2025-09-19 00:00:00-04:00,26.441514560151052,26.536628287317182,26.042038357368064,26.051549911499023,630700,0.0,0.0
2025-09-22 00:00:00-04:00,26.137153654513945,26.137153654513945,25.832791160614953,25.85181427001953,330400,0.0,0.0
2025-09-23 00:00:00-04:00,25.927905606495244,26.118131263341414,25.8232803160365,25.96595001220703,263200,0.0,0.0
2025-09-24 00:00:00-04:00,25.927904511716353,26.023018243195168,25.690121090091086,25.69963264465332,334700,0.0,0.0
2025-09-25 00:00:00-04:00,25.786751090763815,25.94162632853801,25.506040414645007,25.641555786132812,332200,0.47,0.0
2025-09-26 00:00:00-04:00,25.689954328325282,25.8835474439472,25.670594462885575,25.844829559326172,267000,0.0,0.0
2025-09-29 00:00:00-04:00,25.91258706881705,25.91258706881705,25.506039128593898,25.60283660888672,348200,0.0,0.0
2025-09-30 00:00:00-04:00,25.68027438162338,26.08682232434396,25.622194785335882,25.970664978027344,297300,0.0,0.0
2025-10-01 00:00:00-04:00,25.728671232408246,26.319134182007662,25.728671232408246,26.16425895690918,344500,0.0,0.0
2025-10-02 00:00:00-04:00,26.096500410800157,26.096500410800157,25.79642988168161,25.970664978027344,298500,0.0,0.0
2025-10-03 00:00:00-04:00,25.941624993837145,26.377212731577554,25.854507446289062,25.854507446289062,346800,0.0,0.0
2025-10-06 00:00:00-04:00,25.72867247394075,25.96098532279869,25.351164325328902,25.447961807250977,320700,0.0,0.0
2025-10-07 00:00:00-04:00,25.42860221862793,25.612515405399133,25.254367118521795,25.42860221862793,261400,0.0,0.0
2025-10-08 00:00:00-04:00,25.370522314240425,25.476999728852686,25.08981164788774,25.1962890625,307400,0.0,0.0
2025-10-09 00:00:00-04:00,25.21564677120497,25.28340630001516,24.799420743206937,24.96397590637207,289600,0.0,0.0
2025-10-10 00:00:00-04:00,25.10917120416286,25.15756902134033,24.87685835844592,24.96397590637207,419600,0.0,0.0
2025-10-13 00:00:00-04:00,24.905895102862953,25.080130190268697,24.576784792487278,24.78973960876465,255900,0.0,0.0
2025-10-14 00:00:00-04:00,24.828459230000202,25.070452013618645,24.712303727768067,25.05109214782715,257200,0.0,0.0
2025-10-15 00:00:00-04:00,25.022052661848388,25.564115946979395,25.022052661848388,25.40924072265625,381300,0.0,0.0
2025-10-16 00:00:00-04:00,25.59315656087123,26.0868220465069,25.59315656087123,25.99002456665039,467000,0.0,0.0
2025-10-17 00:00:00-04:00,25.93194785461135,26.444971379734426,25.93194785461135,26.299776077270508,318200,0.0,0.0
2025-10-20 00:00:00-04:00,26.38689337792872,26.628886161828003,26.22233821102687,26.57080841064453,224700,0.0,0.0
2025-10-21 00:00:00-04:00,26.7256826100084,26.754720561346776,26.541767584412487,26.638565063476562,353200,0.0,0.0
2025-10-22 00:00:00-04:00,27.103190606893655,27.103190606893655,26.648244857788086,26.648244857788086,424400,0.0,0.0
2025-10-23 00:00:00-04:00,27.054792112530812,27.800128432379914,26.619204393050307,27.325822830200195,592500,0.0,0.0
2025-10-24 00:00:00-04:00,27.345183828336705,27.480699192789498,26.938635888719947,26.996713638305664,329400,0.0,0.0
2025-10-27 00:00:00-04:00,27.016073889526332,27.674294548428726,26.957996139110943,27.606536865234375,379200,0.0,0.0
2025-10-28 00:00:00-04:00,27.451662036017705,27.490379921443175,27.025754218786975,27.199989318847656,291000,0.0,0.0
2025-10-29 00:00:00-04:00,27.045113036443787,27.161268534476797,26.60952530317412,26.89023780822754,302000,0.0,0.0
2025-10-30 00:00:00-04:00,26.880557219356085,27.01607257917192,26.580484856537723,26.677282333374023,304700,0.0,0.0
2025-10-31 00:00:00-04:00,26.503049156981294,26.6772842586091,26.2707363035637,26.551448822021484,248200,0.0,0.0
2025-11-03 00:00:00-05:00,26.40625278461695,26.59016596787664,26.164260004925197,26.474010467529297,322500,0.0,0.0
2025-11-04 00:00:00-05:00,26.609525037676942,26.61920497012617,26.135219425214785,26.270734786987305,406600,0.0,0.0
2025-11-05 00:00:00-05:00,26.406251157105554,26.503046786009683,26.23201607106488,26.454648971557617,324800,0.0,0.0
2025-11-06 00:00:00-05:00,26.338493937162426,26.4352914207962,26.04810333251953,26.04810333251953,460100,0.0,0.0
2025-11-07 00:00:00-05:00,26.270736122795736,26.522408840497654,26.15458062001542,26.435291290283203,260200,0.0,0.0
2025-11-10 00:00:00-05:00,26.503048233334564,26.841838491775096,26.125540090469663,26.357852935791016,349700,0.0,0.0
2025-11-11 00:00:00-05:00,26.483689835477378,26.861197972943096,26.474009902945138,26.638565063476562,316400,0.0,0.0
2025-11-12 00:00:00-05:00,26.512727737426758,26.803120174078035,26.43529012357142,26.512727737426758,448600,0.0,0.0
2025-11-13 00:00:00-05:00,26.406252983457648,26.996714114896022,26.39657305064608,26.967676162719727,454200,0.0,0.0
2025-11-14 00:00:00-05:00,27.00639199388791,27.209666874955087,26.619203942162653,27.10318946838379,419300,0.0,0.0
2025-11-17 00:00:00-05:00,27.287106023465643,27.654934231774433,27.02575338147188,27.38390350341797,467300,0.0,0.0
2025-11-18 00:00:00-05:00,27.500060441014355,27.896928467948428,27.374225002874137,27.790451049804688,419400,0.0,0.0
2025-11-19 00:00:00-05:00,27.877566238194394,27.89692610280798,27.403260632711298,27.441980361938477,467900,0.0,0.0
2025-11-20 00:00:00-05:00,27.3935807955905,27.558135952861182,27.064470481049128,27.180627822875977,283900,0.0,0.0
2025-11-21 00:00:00-05:00,27.374223545328075,27.800129502708653,27.287105998077877,27.635574340820312,377400,0.0,0.0
2025-11-24 00:00:00-05:00,27.509739060472846,27.664614290599747,27.3742236956764,27.500059127807617,337900,0.0,0.0
2025-11-25 00:00:00-05:00,27.66461549232932,27.906608280696883,27.61621767315919,27.67429542541504,312700,0.0,0.0
2025-11-26 00:00:00-05:00,27.500059881993703,27.858210015395876,27.451662063598633,27.451662063598633,445700,0.0,0.0
2025-11-28 00:00:00-05:00,27.529098035529884,27.635573598887294,27.42262062591416,27.558135986328125,125900,0.0,0.0
2025-12-01 00:00:00-05:00,27.412940090946336,27.587175176938853,27.229025072814427,27.471017837524414,417900,0.0,0.0
2025-12-02 00:00:00-05:00,27.59685820292909,27.6549359560182,27.306465744966587,27.393583297729492,296500,0.0,0.0
2025-12-03 00:00:00-05:00,27.56781578941019,27.74205087841588,27.41294056501809,27.441980361938477,268600,0.0,0.0
2025-12-04 00:00:00-05:00,27.354863774324475,27.480699206197986,26.841838421668278,26.870878219604492,253900,0.0,0.0
2025-12-05 00:00:00-05:00,26.74504038104971,27.141910226161677,26.74504038104971,27.035432815551758,267200,0.0,0.0
2025-12-08 00:00:00-05:00,27.074150975919682,27.22902620406784,26.77408045216492,27.01607322692871,661000,0.0,0.0
2025-12-09 00:00:00-05:00,27.1225518227295,27.58717752745835,27.00639447341807,27.316144943237305,336700,0.0,0.0
2025-12-10 00:00:00-05:00,27.422620763324282,27.67429346696725,27.31614335317502,27.5484561920166,504400,0.0,0.0
2025-12-11 00:00:00-05:00,27.67429558386135,27.86789055416719,27.422622860967145,27.538780212402344,392700,0.0,0.0
2025-12-12 00:00:00-05:00,27.60653672681547,27.81948970810975,27.403261831993234,27.6162166595459,559500,0.0,0.0
2025-12-15 00:00:00-05:00,27.800129274299877,27.964684434836215,27.664613911361137,27.780771255493164,406200,0.0,0.0
2025-12-16 00:00:00-05:00,27.90660678785475,27.955004604435874,27.490378918726975,27.519418716430664,430800,0.0,0.0
2025-12-17 00:00:00-05:00,27.490380251499584,27.800130723655993,27.490380251499584,27.683975219726562,449600,0.0,0.0
2025-12-18 00:00:00-05:00,27.819489380815128,27.867889043897858,27.50973892211914,27.50973892211914,318600,0.0,0.0
2025-12-19 00:00:00-05:00,27.509739179747136,27.587176795146334,27.10319123733675,27.112871170043945,816800,0.0,0.0
2025-12-22 00:00:00-05:00,27.161268284623123,27.529098332946848,27.06447080631381,27.287105560302734,485500,0.0,0.0
2025-12-23 00:00:00-05:00,27.248386221256588,27.277426019043354,26.86119814872484,26.880558013916016,466600,0.0,0.0
2025-12-24 00:00:00-05:00,26.967675447512853,27.28710583678938,26.93863564984831,27.267745971679688,228000,0.0,0.0
2025-12-26 00:00:00-05:00,27.302218925645516,27.321917947651404,27.02644013197167,27.164329528808594,311200,0.485,0.0
2025-12-29 00:00:00-05:00,27.18402769526189,27.302218066373168,26.878700378188665,26.9180965423584,444800,0.0,0.0
2025-12-30 00:00:00-05:00,26.97719172791404,27.036288792071755,26.84915184610981,26.9180965423584,394900,0.0,0.0
2025-12-31 00:00:00-05:00,26.88854816048196,27.00674041085555,26.671864559832812,26.957494735717773,285600,0.0,0.0
2026-01-02 00:00:00-05:00,26.898398293539124,27.25297317426109,26.671865176901036,27.144630432128906,412800,0.0,0.0
2026-01-05 00:00:00-05:00,27.11508287822764,27.57799860712187,26.927945933099306,27.430259704589844,673900,0.0,0.0
2026-01-06 00:00:00-05:00,27.34161610879798,27.627244404481672,27.233273369778953,27.469655990600586,577600,0.0,0.0
2026-01-07 00:00:00-05:00,27.646943573898835,28.208352536181454,27.548450345045268,28.06061363220215,606500,0.0,0.0
2026-01-08 00:00:00-05:00,27.883327364150784,28.336395484417526,27.696192287951327,27.843931198120117,490300,0.0,0.0
2026-01-09 00:00:00-05:00,27.853780709278325,28.090163341268823,27.568150521496786,27.843931198120117,350200,0.0,0.0
2026-01-12 00:00:00-05:00,27.98182019486623,28.474284474084016,27.745437566273953,28.287147521972656,493300,0.0,0.0
2026-01-13 00:00:00-05:00,28.39549057615278,28.937200537795974,28.218203133112564,28.927352905273438,587400,0.0,0.0
2026-01-14 00:00:00-05:00,28.98644688749588,29.222829508847887,28.917502191093472,29.134185791015625,669500,0.0,0.0
2026-01-15 00:00:00-05:00,29.262225708625227,29.73499283050519,29.153884847833684,29.695594787597656,439500,0.0,0.0
2026-01-16 00:00:00-05:00,29.58725357055664,29.784238146916227,29.439512790034374,29.58725357055664,497400,0.0,0.0
2026-01-20 00:00:00-05:00,29.409967310469874,29.547856707284517,29.124337127237098,29.38041877746582,323100,0.0,0.0
2026-01-21 00:00:00-05:00,29.252378116496725,29.380417998917103,28.720515808130344,29.153884887695312,472300,0.0,0.0
2026-01-22 00:00:00-05:00,29.153885404353847,29.370569008675307,28.71066680619391,28.750064849853516,320900,0.0,0.0
2026-01-23 00:00:00-05:00,28.730365603165705,28.789460789590482,28.493982978864494,28.690967559814453,380700,0.0,0.0
2026-01-26 00:00:00-05:00,28.78946121058026,29.006146694976554,28.66142132502056,28.809160232543945,384300,0.0,0.0
2026-01-27 00:00:00-05:00,28.85840659500526,29.075092084553596,28.74021621761724,29.006147384643555,365000,0.0,0.0
2026-01-28 00:00:00-05:00,28.976598539966815,29.153885982748058,28.287147791062463,28.365942001342773,391400,0.0,0.0
2026-01-29 00:00:00-05:00,28.533379597846462,28.878104968249325,28.464434899486317,28.81900978088379,282800,0.0,0.0
2026-01-30 00:00:00-05:00,28.700817656504174,29.488761632194134,28.68112051302859,29.40996742248535,675300,0.0,0.0
2026-02-02 00:00:00-05:00,29.419816202311058,29.567555107017785,29.094789860515412,29.2031307220459,409900,0.0,0.0
2026-02-03 00:00:00-05:00,29.124337127237098,29.547856707284517,29.065241939831125,29.38041877746582,360000,0.0,0.0
2026-02-04 00:00:00-05:00,29.57740589965111,30.178211055310058,29.567556388430187,30.128965377807617,268000,0.0,0.0
2026-02-05 00:00:00-05:00,30.2865521196466,30.867660099222295,30.119114195385773,30.749467849731445,387200,0.0,0.0
2026-02-06 00:00:00-05:00,30.887359636416832,31.133591771583163,30.306251647136133,30.34564781188965,356000,0.0,0.0
2026-02-09 00:00:00-05:00,30.335798142086137,30.37519618523531,30.119114540571985,30.296401977539062,291100,0.0,0.0
2026-02-10 00:00:00-05:00,30.36534632643981,30.966153327364324,30.36534632643981,30.749467849731445,199200,0.0,0.0
2026-02-11 00:00:00-05:00,30.779017789724847,30.98585188754276,30.513086625157104,30.601730346679688,435700,0.0,0.0
2026-02-12 00:00:00-05:00,31.389675172515165,32.70947776247996,31.301031448611244,32.522342681884766,539000,0.0,0.0
2026-02-13 00:00:00-05:00,32.729173726895574,32.99510487375751,32.57158531659266,32.7390251159668,414700,0.0,0.0
2026-02-17 00:00:00-05:00,32.99510499832437,33.50726827304345,32.59128446057334,33.320133209228516,703800,0.0,0.0
2026-02-18 00:00:00-05:00,31.369974539374457,31.537412467197388,30.375196483320835,30.93660545349121,3778300,0.0,0.0
2026-02-19 00:00:00-05:00,30.93660487042936,31.36012443744659,30.93660487042936,31.32072639465332,1179200,0.0,0.0
2026-02-20 00:00:00-05:00,31.41921962303441,31.5177128514155,31.054797120207084,31.32072639465332,1051700,0.0,0.0
2026-02-23 00:00:00-05:00,31.429069012817763,31.951079927605704,31.27148059945513,31.832889556884766,788900,0.0,0.0
2026-02-24 00:00:00-05:00,32.00032846193986,32.13821785011402,31.616203192763805,32.1185188293457,876700,0.0,0.0
2026-02-25 00:00:00-05:00,32.04957460610637,32.27610771246397,31.803342478691054,32.25640869140625,470300,0.0,0.0
2026-02-26 00:00:00-05:00,32.30565643310547,32.45339722189214,32.03972526761206,32.30565643310547,434000,0.0,0.0
2026-02-27 00:00:00-05:00,32.30565650742133,32.50264297385526,32.03972534131618,32.325355529785156,628600,0.0,0.0
2026-03-02 00:00:00-05:00,32.34505371782449,32.71932761867431,31.941233162793235,32.63068389892578,598800,0.0,0.0
2026-03-03 00:00:00-05:00,32.24656260413109,32.827670602955216,32.059423773720646,32.709476470947266,776700,0.0,0.0
2026-03-04 00:00:00-05:00,32.71932869343095,33.024654149212964,32.27611008012956,32.94586181640625,494000,0.0,0.0
2026-03-05 00:00:00-05:00,32.748876047226645,32.876917817624026,32.54204194234165,32.60113525390625,585800,0.0,0.0
2026-03-06 00:00:00-05:00,32.6602301775148,32.72917487461476,32.207163951656675,32.532188415527344,517800,0.0,0.0
2026-03-09 00:00:00-04:00,32.28595553884552,33.054202335907156,31.990477735608334,32.857215881347656,751800,0.0,0.0
2026-03-10 00:00:00-04:00,32.65038331105511,33.16254285660825,32.56173959024701,32.74887466430664,361000,0.0,0.0
2026-03-11 00:00:00-04:00,32.739024888331954,32.83751623513494,32.423844312713506,32.679927825927734,452200,0.0,0.0
2026-03-12 00:00:00-04:00,32.48294274005654,32.8670642688147,32.28595628096912,32.532188415527344,555300,0.0,0.0
2026-03-13 00:00:00-04:00,32.74887252013063,33.11329501194653,32.522339416720534,32.679927825927734,282300,0.0,0.0
2026-03-16 00:00:00-04:00,33.03450447775293,33.428473643538005,32.729175274576,33.19209289550781,424400,0.0,0.0
2026-03-17 00:00:00-04:00,33.25118659458466,33.62546050010147,33.044352498327065,33.31028366088867,514500,0.0,0.0
2026-03-18 00:00:00-04:00,33.152693854815446,33.29058324655389,32.79811898622852,32.91630935668945,497800,0.0,0.0
2026-03-19 00:00:00-04:00,32.778421244140496,33.08375045005129,32.630684214599874,32.72917556762695,451000,0.0,0.0
2026-03-20 00:00:00-04:00,32.73902691007926,32.9163105938317,31.59650993347168,31.59650993347168,1181300,0.0,0.0
2026-03-23 00:00:00-04:00,31.970780398762656,32.1185211867668,31.635904535530333,31.69500160217285,489800,0.0,0.0
2026-03-24 00:00:00-04:00,31.626055459944524,32.12836735327062,31.419219493337835,31.823041915893555,499100,0.0,0.0
2026-03-25 00:00:00-04:00,32.04957648761935,32.07912314233845,31.66545494745375,31.69500160217285,414100,0.0,0.0
2026-03-26 00:00:00-04:00,31.6200008392334,31.979999542236328,31.59000015258789,31.90999984741211,341600,0.485,0.0
2026-03-27 00:00:00-04:00,31.8799991607666,32.150001525878906,31.700000762939453,31.75,304800,0.0,0.0
2026-03-30 00:00:00-04:00,32.04999923706055,32.25,31.780000686645508,31.829999923706055,450700,0.0,0.0
2026-03-31 00:00:00-04:00,32.13999938964844,32.25,31.68000030517578,31.799999237060547,482100,0.0,0.0
2026-04-01 00:00:00-04:00,31.809999465942383,32.369998931884766,31.559999465942383,32.09000015258789,471700,0.0,0.0
2026-04-02 00:00:00-04:00,32.31999969482422,32.58000183105469,32.06999969482422,32.4900016784668,318800,0.0,0.0
2026-04-06 00:00:00-04:00,32.47999954223633,32.70000076293945,32.2400016784668,32.56999969482422,486500,0.0,0.0
2026-04-07 00:00:00-04:00,32.61000061035156,33.11000061035156,32.61000061035156,32.9900016784668,470300,0.0,0.0
2026-04-08 00:00:00-04:00,33.0099983215332,33.22999954223633,32.90999984741211,33.150001525878906,630800,0.0,0.0
2026-04-09 00:00:00-04:00,33.04999923706055,34.0,33.0,33.880001068115234,337500,0.0,0.0
2026-04-10 00:00:00-04:00,33.91999816894531,34.02000045776367,33.68000030517578,33.86000061035156,272100,0.0,0.0
2026-04-13 00:00:00-04:00,33.95000076293945,33.95000076293945,33.400001525878906,33.529998779296875,401300,0.0,0.0
2026-04-14 00:00:00-04:00,33.36000061035156,33.779998779296875,33.2599983215332,33.70000076293945,271800,0.0,0.0
2026-04-15 00:00:00-04:00,33.5,34.099998474121094,33.400001525878906,34.0099983215332,410900,0.0,0.0
2026-04-16 00:00:00-04:00,33.93000030517578,34.34000015258789,33.93000030517578,34.04999923706055,338800,0.0,0.0
2026-04-17 00:00:00-04:00,34.09000015258789,34.720001220703125,33.95000076293945,34.61000061035156,447600,0.0,0.0
2026-04-20 00:00:00-04:00,34.599998474121094,34.65999984741211,34.06999969482422,34.130001068115234,402600,0.0,0.0
2026-04-21 00:00:00-04:00,34.150001525878906,34.22999954223633,33.84000015258789,34.040000915527344,284500,0.0,0.0
2026-04-22 00:00:00-04:00,34.0,34.20000076293945,33.119998931884766,33.209999084472656,577400,0.0,0.0
2026-04-23 00:00:00-04:00,34.75,34.75,33.0,33.7599983215332,472200,0.0,0.0
2026-04-24 00:00:00-04:00,33.7599983215332,34.25,33.380001068115234,33.45000076293945,436700,0.0,0.0
2026-04-27 00:00:00-04:00,33.5099983215332,33.790000915527344,33.15999984741211,33.29999923706055,508800,0.0,0.0
2026-04-28 00:00:00-04:00,33.599998474121094,33.599998474121094,33.11000061035156,33.13999938964844,419200,0.0,0.0
2026-04-29 00:00:00-04:00,33.0,33.099998474121094,32.560001373291016,32.79999923706055,411400,0.0,0.0
2026-04-30 00:00:00-04:00,32.900001525878906,33.349998474121094,32.900001525878906,33.119998931884766,419100,0.0,0.0
2026-05-01 00:00:00-04:00,33.16999816894531,33.459999084472656,32.90999984741211,33.11000061035156,412900,0.0,0.0
2026-05-04 00:00:00-04:00,32.93000030517578,33.29999923706055,32.7599983215332,32.9900016784668,441400,0.0,0.0
2026-05-05 00:00:00-04:00,32.95000076293945,33.290000915527344,32.81999969482422,32.970001220703125,454200,0.0,0.0
2026-05-06 00:00:00-04:00,33.08000183105469,33.31999969482422,32.86000061035156,33.08000183105469,404500,0.0,0.0
2026-05-07 00:00:00-04:00,33.040000915527344,33.349998474121094,32.83000183105469,33.0099983215332,263627,0.0,0.0
