Date,Open,High,Low,Close,Volume,Dividends,Stock Splits
2022-01-03 00:00:00-05:00,3.1477283002552685,3.2908069523921095,3.128651176959323,3.2335755825042725,47500,0.0,0.0
2022-01-04 00:00:00-05:00,3.1763436052144383,3.319422240234838,3.1763436052144383,3.2431137561798096,44400,0.0,0.0
2022-01-05 00:00:00-05:00,3.262190950247784,3.319422314570707,3.1000351905822754,3.1000351905822754,29800,0.0,0.0
2022-01-06 00:00:00-05:00,3.1381895543567717,3.2812681980931275,3.052342504565299,3.2144980430603027,87900,0.0,0.0
2022-01-07 00:00:00-05:00,3.233575493376637,3.243114054761697,3.147728213493857,3.224036931991577,19900,0.0,0.0
2022-01-10 00:00:00-05:00,3.224037048702349,3.2717298573541367,3.1095740805208085,3.2621912956237793,44600,0.0,0.0
2022-01-11 00:00:00-05:00,3.22403672697481,3.4529621856588544,3.1954208172220766,3.32896089553833,73500,0.0,0.0
2022-01-12 00:00:00-05:00,3.3480381662725014,3.4625011281318305,3.3003453602549633,3.395730972290039,121900,0.0,0.0
2022-01-13 00:00:00-05:00,3.41480806488785,3.41480806488785,3.2717296480842237,3.290806770324707,49600,0.0,0.0
2022-01-14 00:00:00-05:00,3.3289608842861753,3.5960408125987033,3.2621909590623503,3.529270887374878,158200,0.0,0.0
2022-01-18 00:00:00-05:00,3.57696389339807,3.729581101386594,3.3289610725524934,3.424346685409546,289700,0.0,0.0
2022-01-19 00:00:00-05:00,3.4720398491027558,3.519732657314899,3.367115443618792,3.462501287460327,94000,0.0,0.0
2022-01-20 00:00:00-05:00,3.367115088354144,3.863120923678554,3.1477279663085938,3.1477279663085938,1089600,0.0,0.0
2022-01-21 00:00:00-05:00,3.21449779245917,3.21449779245917,2.9855723441955253,3.0618808269500732,147000,0.0,0.0
2022-01-24 00:00:00-05:00,3.004649522237689,3.0618808853960475,2.775723842187035,3.0428037643432617,144100,0.0,0.0
2022-01-25 00:00:00-05:00,2.9951111082765025,3.052342474235467,2.909263831920823,3.0332653522491455,97700,0.0,0.0
2022-01-26 00:00:00-05:00,3.119112524863382,3.1763438930916252,2.9474181927614116,2.9951112270355225,85200,0.0,0.0
2022-01-27 00:00:00-05:00,3.0237268715177823,3.185882412705771,2.852032541666202,2.8901867866516113,424200,0.0,0.0
2022-01-28 00:00:00-05:00,2.8806483486242653,3.1858825489810934,2.8424941020068175,3.0046498775482178,784700,0.0,0.0
2022-01-31 00:00:00-05:00,3.004649583377404,3.138189433464224,2.918802309475793,3.1000351905822754,89800,0.0,0.0
2022-02-01 00:00:00-05:00,3.090496806530138,3.233575452933768,3.0141883164040637,3.195420980453491,61200,0.0,0.0
2022-02-02 00:00:00-05:00,3.1954211300717557,3.1954211300717557,3.0428041426736656,3.185882568359375,94800,0.0,0.0
2022-02-03 00:00:00-05:00,3.1191126363727104,3.309884098037573,3.1095740746603298,3.185882568359375,72400,0.0,0.0
2022-02-04 00:00:00-05:00,3.2144979361919774,3.3575765751715796,3.1858822538795026,3.252652406692505,82900,0.0,0.0
2022-02-07 00:00:00-05:00,3.2526524672411967,3.3194223938799055,3.1381895084433213,3.3098838329315186,43200,0.0,0.0
2022-02-08 00:00:00-05:00,3.3194225458421744,3.3194225458421744,3.1668053362639768,3.224036931991577,23500,0.0,0.0
2022-02-09 00:00:00-05:00,3.224036614084352,3.3957307020854732,3.1954207053336123,3.367115020751953,76000,0.0,0.0
2022-02-10 00:00:00-05:00,3.319422303797885,3.424346471382724,3.243113818281638,3.3003451824188232,55700,0.0,0.0
2022-02-11 00:00:00-05:00,3.290806980814852,3.386192598118427,3.224037048702349,3.2621912956237793,161300,0.0,0.0
2022-02-14 00:00:00-05:00,3.3384994251769466,3.4529621534513164,3.1954207874167584,3.3003451824188232,184200,0.0,0.0
2022-02-15 00:00:00-05:00,3.3289609850161406,3.3671152291556807,3.204959464145402,3.3384995460510254,31900,0.0,0.0
2022-02-16 00:00:00-05:00,3.3194223938799055,3.452962247157323,3.2908067110347448,3.3098838329315186,100500,0.0,0.0
2022-02-17 00:00:00-05:00,3.3861924495156086,3.519732535297467,3.2526525911509907,3.50065541267395,246700,0.0,0.0
2022-02-18 00:00:00-05:00,3.4625011873128346,3.5006554327789967,3.348038223497107,3.4529623985290527,114700,0.0,0.0
2022-02-22 00:00:00-05:00,3.500655558791004,3.88219848202139,3.386192590854989,3.7200427055358887,1818100,0.0,0.0
2022-02-23 00:00:00-05:00,3.79635093784516,3.9775838252729945,3.7200424494196445,3.9203524589538574,477900,0.0,0.0
2022-02-24 00:00:00-05:00,3.9966608870154063,4.292356502615446,3.68188792217989,3.939429521560669,1153800,0.0,0.0
2022-02-25 00:00:00-05:00,3.853582310489707,3.863121098975788,3.4052694854194563,3.56742525100708,404200,0.0,0.0
2022-02-28 00:00:00-05:00,3.681888171396881,3.796351137471273,3.5960411174040217,3.7391197681427,369000,0.0,0.0
2022-03-01 00:00:00-05:00,3.796351137471273,3.910813876128419,3.5769639942944975,3.7391197681427,327600,0.0,0.0
2022-03-02 00:00:00-05:00,3.805889666817095,3.9298909659795895,3.6914267017113938,3.7868125438690186,324300,0.0,0.0
2022-03-03 00:00:00-05:00,3.7963508644230215,3.98712208179726,3.691426467449961,3.7105038166046143,419800,0.0,0.0
2022-03-04 00:00:00-05:00,3.720042587777918,4.568975235337547,3.6055796234652284,4.3686652183532715,2401400,0.0,0.0
2022-03-07 00:00:00-05:00,4.769285516124527,6.848693837414397,4.597591401284468,6.028377056121826,13022600,0.0,0.0
2022-03-08 00:00:00-05:00,9.567186108087103,13.277690418745435,6.037915149209399,7.020388126373291,43506300,0.0,0.0
2022-03-09 00:00:00-05:00,5.627756403579168,7.325621612676928,5.456061852100331,6.74376916885376,7213600,0.0,0.0
2022-03-10 00:00:00-05:00,7.373314955897533,7.974244546931428,6.2954563888322514,7.45916223526001,4552400,0.0,0.0
2022-03-11 00:00:00-05:00,6.7342306213087975,6.905924724092466,6.104685122934202,6.390841960906982,1498700,0.0,0.0
2022-03-14 00:00:00-04:00,5.828066492309805,6.257301967369515,5.646833604776859,6.247763633728027,1398900,0.0,0.0
2022-03-15 00:00:00-04:00,5.627756461649511,6.247763610403473,5.4846778188856025,6.095146179199219,924800,0.0,0.0
2022-03-16 00:00:00-04:00,5.990222232627033,6.524382104511854,5.751757979740892,5.789912223815918,1034700,0.0,0.0
2022-03-17 00:00:00-04:00,6.009299436271757,6.686537960052159,6.009299436271757,6.457612037658691,1412300,0.0,0.0
2022-03-18 00:00:00-04:00,6.552997918239664,6.839155219273895,5.799450874328613,5.799450874328613,1395000,0.0,0.0
2022-03-21 00:00:00-04:00,5.999760829000179,6.2191479694573095,5.761296565670015,5.89483642578125,744200,0.0,0.0
2022-03-22 00:00:00-04:00,5.780373724169585,5.828066759063361,5.303445194569772,5.465600967407227,1010100,0.0,0.0
2022-03-23 00:00:00-04:00,5.522832197946253,5.656372055533294,5.0840579253257845,5.198520660400391,1615800,0.0,0.0
2022-03-24 00:00:00-04:00,5.1889820673202625,5.761296168935003,5.055442216404862,5.675448894500732,893900,0.0,0.0
2022-03-25 00:00:00-04:00,5.398830157084453,5.61821727238123,5.150827588177125,5.169904708862305,931300,0.0,0.0
2022-03-28 00:00:00-04:00,5.179443359375,5.303444878849268,4.94097910877116,5.179443359375,408800,0.0,0.0
2022-03-29 00:00:00-04:00,5.036365602032905,5.141289553758433,4.645283888430796,4.816978454589844,493300,0.0,0.0
2022-03-30 00:00:00-04:00,4.864670564836437,5.036365114370607,4.521281920602554,4.5403594970703125,802000,0.0,0.0
2022-03-31 00:00:00-04:00,4.435434957147196,4.492666320195196,4.082507990933975,4.149277687072754,465900,0.0,0.0
2022-04-01 00:00:00-04:00,4.168355206149907,4.282817943176638,4.149278083312119,4.216048240661621,212500,0.0,0.0
2022-04-04 00:00:00-04:00,4.196971141282444,4.292356756004536,3.987122334059353,4.092046737670898,387100,0.0,0.0
2022-04-05 00:00:00-04:00,4.130200926723104,4.196971083526973,3.9298909111459777,3.9585068225860596,187200,0.0,0.0
2022-04-06 00:00:00-04:00,3.9012750334231323,4.25420199235924,3.8631207921778468,4.0634307861328125,432200,0.0,0.0
2022-04-07 00:00:00-04:00,3.987121746289878,4.044353106686258,3.7200420644401024,3.8535819053649902,289600,0.0,0.0
2022-04-08 00:00:00-04:00,3.7963505449686097,3.9394291733767712,3.767734864770419,3.8535819053649902,192200,0.0,0.0
2022-04-11 00:00:00-04:00,3.8345054460546546,3.8345054460546546,3.6628111078592562,3.7200427055358887,128800,0.0,0.0
2022-04-12 00:00:00-04:00,3.834504801154587,4.1969705400044575,3.8154276809432477,4.006198883056641,349700,0.0,0.0
2022-04-13 00:00:00-04:00,4.047440796372822,4.172125107482091,3.8748012976100124,4.057032108306885,290100,0.023,0.0
2022-04-14 00:00:00-04:00,4.0378500723947,4.7571820265171905,3.941939236646155,4.594133377075195,1946200,0.0,0.0
2022-04-18 00:00:00-04:00,4.5461783445489345,4.977777849718632,4.469449665586944,4.795547008514404,983700,0.0,0.0
2022-04-19 00:00:00-04:00,4.699635342269557,4.805137486158781,4.335173723262365,4.3927202224731445,383200,0.0,0.0
2022-04-20 00:00:00-04:00,4.440676137049314,4.488631327303482,4.315991819178369,4.4023118019104,337500,0.0,0.0
2022-04-21 00:00:00-04:00,4.45026743069922,4.536587421937326,4.066623584166409,4.133761405944824,427400,0.0,0.0
2022-04-22 00:00:00-04:00,4.057032614280766,4.2008991098615835,3.8939839497784376,3.9515304565429688,297800,0.0,0.0
2022-04-25 00:00:00-04:00,3.798072495534856,3.8748011589050293,3.663797105967598,3.8748011589050293,270800,0.0,0.0
2022-04-26 00:00:00-04:00,3.8364370728232506,4.028258743528838,3.7021616746598704,3.7597084045410156,370000,0.0,0.0
2022-04-27 00:00:00-04:00,3.692570534518257,3.846028326069189,3.682979451130007,3.7309350967407227,272300,0.0,0.0
2022-04-28 00:00:00-04:00,3.8460284040118036,3.9515300947511585,3.5870686899421105,3.884392738342285,738500,0.0,0.0
2022-04-29 00:00:00-04:00,3.84602873252767,3.970712601082376,3.6446155027496054,3.692570924758911,199200,0.0,0.0
2022-05-02 00:00:00-04:00,3.6542062184420105,3.692570552178494,3.51993105036432,3.6254329681396484,346000,0.0,0.0
2022-05-03 00:00:00-04:00,3.577477780259634,3.8268461941989615,3.577477780259634,3.7405264377593994,181900,0.0,0.0
2022-05-04 00:00:00-04:00,3.7980728896754954,4.335174046342672,3.7980728896754954,4.3159918785095215,545900,0.0,0.0
2022-05-05 00:00:00-04:00,4.411903053456687,4.459858705358854,3.922757507813943,4.114579200744629,567600,0.0,0.0
2022-05-06 00:00:00-04:00,4.143352570046668,4.315992088963163,4.028259100096694,4.306400775909424,255300,0.0,0.0
2022-05-09 00:00:00-04:00,4.200898788850184,4.200898788850184,3.759708480029994,3.7980728149414062,211200,0.0,0.0
2022-05-10 00:00:00-04:00,3.7788907739547604,3.932348118736204,3.711752956943397,3.7405264377593994,129900,0.0,0.0
2022-05-11 00:00:00-04:00,3.7884816933732663,3.9803035946838374,3.740526275212991,3.778890609741211,157000,0.0,0.0
2022-05-12 00:00:00-04:00,3.7117528511181272,3.8460284813125396,3.6350241809150057,3.807663917541504,119900,0.0,0.0
2022-05-13 00:00:00-04:00,3.855619239893809,3.9707122423171617,3.721344070399898,3.7597084045410156,397200,0.0,0.0
2022-05-16 00:00:00-04:00,3.8172551069789487,4.172125445160712,3.7405264346519687,3.9803037643432617,800400,0.0,0.0
2022-05-17 00:00:00-04:00,3.999485801895795,4.162534453938771,3.7884817312135532,3.7980728149414062,513900,0.0,0.0
2022-05-18 00:00:00-04:00,3.8364371498528187,3.893983652219937,3.6637974140819893,3.7980728149414062,164200,0.0,0.0
2022-05-19 00:00:00-04:00,3.788481636566694,3.9419392010480183,3.740526219125489,3.86521053314209,196500,0.0,0.0
2022-05-20 00:00:00-04:00,3.8843925274206645,3.9131655479366874,3.663797159659731,3.6733882427215576,130100,0.0,0.0
2022-05-23 00:00:00-04:00,3.6829794033306302,3.7980726311653643,3.615841820484222,3.7117526531219482,167600,0.0,0.0
2022-05-24 00:00:00-04:00,3.730934969761977,3.730934969761977,3.5966595782269426,3.6733882427215576,66900,0.0,0.0
2022-05-25 00:00:00-04:00,3.6542066051139743,3.788482016069561,3.6446155206649675,3.702162027359009,134600,0.0,0.0
2022-05-26 00:00:00-04:00,3.70216157311493,3.98030344534794,3.70216157311493,3.82684588432312,216700,0.0,0.0
2022-05-27 00:00:00-04:00,3.798073139872239,4.047441338130242,3.77889097077547,3.970712661743164,407100,0.0,0.0
2022-05-31 00:00:00-04:00,4.16253442626798,4.3639474118834585,4.018667942637074,4.2584452629089355,849800,0.0,0.0
2022-06-01 00:00:00-04:00,4.229671358881799,4.306400020496332,4.114578366459998,4.172124862670898,199600,0.0,0.0
2022-06-02 00:00:00-04:00,4.124170266285157,4.268036298670367,3.9611216084203584,4.104988098144531,496400,0.0,0.0
2022-06-03 00:00:00-04:00,4.143352577654857,4.488631616121861,4.037850420564895,4.431085109710693,567000,0.0,0.0
2022-06-06 00:00:00-04:00,4.431084687935899,4.440676000094296,3.941939201331021,3.989894390106201,378700,0.0,0.0
2022-06-07 00:00:00-04:00,3.9419387526387464,4.699634948027609,3.8172544528054186,4.661270618438721,1150000,0.0,0.0
2022-06-08 00:00:00-04:00,4.709226436338237,5.064097218863712,4.42149392564873,4.73799991607666,1544700,0.0,0.0
2022-06-09 00:00:00-04:00,4.622906796759313,4.680453297465164,4.277627335185278,4.325582981109619,635100,0.0,0.0
2022-06-10 00:00:00-04:00,4.220080965615069,4.517404790503862,4.1721253182005436,4.277627468109131,375700,0.0,0.0
2022-06-13 00:00:00-04:00,4.009076735840154,4.057032384092508,3.740526386176043,3.836437225341797,424400,0.0,0.0
2022-06-14 00:00:00-04:00,4.066623118702862,4.200898746890574,3.7021617120153,3.778890609741211,605400,0.0,0.0
2022-06-15 00:00:00-04:00,3.7884815546246804,3.855619137590232,3.5007488275314245,3.5966596603393555,448200,0.0,0.0
2022-06-16 00:00:00-04:00,3.529522000721468,3.615841748373958,3.404837692109524,3.558295249938965,279800,0.0,0.0
2022-06-17 00:00:00-04:00,3.510340033161368,3.510340033161368,3.2609716304998155,3.4240200519561768,225100,0.0,0.0
2022-06-21 00:00:00-04:00,3.5295219209093642,3.6733881637436405,3.4911575894868907,3.635023832321167,75600,0.0,0.0
2022-06-22 00:00:00-04:00,3.4240201270548067,3.558295529280445,3.404837959403926,3.4623844623565674,119600,0.0,0.0
2022-06-23 00:00:00-04:00,3.4527934495561206,3.5774777705211127,3.308927189215146,3.3760647773742676,202100,0.0,0.0
2022-06-24 00:00:00-04:00,3.4144288934452054,3.529522122971054,3.356882393017014,3.500748872756958,246900,0.0,0.0
2022-06-27 00:00:00-04:00,3.500749077729111,3.625433169290563,3.4719755971608355,3.6062510013580322,169400,0.0,0.0
2022-06-28 00:00:00-04:00,3.702161836957332,3.702161836957332,3.433611257527169,3.481566905975342,143500,0.0,0.0
2022-06-29 00:00:00-04:00,3.519930957062945,3.567886372962414,3.2801536488961385,3.3472912311553955,141400,0.0,0.0
2022-06-30 00:00:00-04:00,3.308926840343592,3.539113061289306,3.2321979475820495,3.3185179233551025,65000,0.0,0.0
2022-07-01 00:00:00-04:00,3.2897446548455402,3.3664733184833984,3.2034246795834944,3.308926820755005,87300,0.0,0.0
2022-07-05 00:00:00-04:00,3.2130160331726074,3.2321982006977983,3.1266962793092494,3.2130160331726074,125800,0.0,0.0
2022-07-06 00:00:00-04:00,3.155469666825754,3.3472915790285183,3.136287498472426,3.28015398979187,52200,0.0,0.0
2022-07-07 00:00:00-04:00,3.337700262199125,3.4527932642965933,3.3089270116747582,3.4048378467559814,66500,0.0,0.0
2022-07-08 00:00:00-04:00,3.4623844245980644,3.510340071871768,3.328109252506219,3.443202257156372,54000,0.0,0.0
2022-07-11 00:00:00-04:00,3.4240199751555966,3.4432021419555014,3.308926974356165,3.385655641555786,24800,0.0,0.0
2022-07-12 00:00:00-04:00,3.4048382517889864,3.4336115057361645,3.3089274052983932,3.366473913192749,32500,0.0,0.0
2022-07-13 00:00:00-04:00,3.356882290227739,3.5007487655624256,3.356882290227739,3.4527931213378906,27300,0.0,0.0
2022-07-14 00:00:00-04:00,3.385655641555786,3.4240199751555966,3.241789390556497,3.385655641555786,46500,0.0,0.0
2022-07-15 00:00:00-04:00,3.385655679739737,3.4623843478047154,3.2897448446585136,3.4048378467559814,21800,0.0,0.0
2022-07-18 00:00:00-04:00,3.4527933408772182,3.5487044067551525,3.4144290059938336,3.443202257156372,47200,0.0,0.0
2022-07-19 00:00:00-04:00,3.4815667814806774,3.615841952059577,3.404837883908978,3.5391132831573486,121000,0.0,0.0
2022-07-20 00:00:00-04:00,3.539113413594173,3.6829796730881563,3.510340161695377,3.6062510013580322,68000,0.0,0.0
2022-07-21 00:00:00-04:00,3.519930931784456,3.567886347339532,3.404837705782815,3.4527931213378906,45400,0.0,0.0
2022-07-22 00:00:00-04:00,3.4623841685277634,3.4911576462317524,3.2609714252860384,3.3185179233551025,54400,0.0,0.0
2022-07-25 00:00:00-04:00,3.3377002994204563,3.452793302801417,3.318518132190296,3.4240200519561768,63000,0.0,0.0
2022-07-26 00:00:00-04:00,3.4144289001251287,3.5103399630292187,3.2705626487731934,3.2705626487731934,75400,0.0,0.0
2022-07-27 00:00:00-04:00,3.2897448630533104,3.4240200329178303,3.2897448630533104,3.414428949356079,34000,0.0,0.0
2022-07-28 00:00:00-04:00,3.452793675034283,3.462384759683342,3.318518489947453,3.366473913192749,51800,0.0,0.0
2022-07-29 00:00:00-04:00,3.433611058555549,3.567886454824351,3.3281091411560704,3.385655641555786,177100,0.0,0.0
2022-08-01 00:00:00-04:00,3.35688282854369,3.4336115057361645,3.2801541513512156,3.366473913192749,47500,0.0,0.0
2022-08-02 00:00:00-04:00,3.33770023273743,3.376064566431279,3.2705626487731934,3.2705626487731934,91800,0.0,0.0
2022-08-03 00:00:00-04:00,3.28015398979187,3.3472915790285183,3.1938340035324098,3.28015398979187,62000,0.0,0.0
2022-08-04 00:00:00-04:00,3.280153644458272,3.3664733929605304,3.2321979999542236,3.2321979999542236,140600,0.0,0.0
2022-08-05 00:00:00-04:00,3.2833805746778437,3.3509795201459056,3.2447523755980954,3.30269455909729,89300,0.023,0.0
2022-08-08 00:00:00-04:00,3.2833805084228516,3.3509794525268415,3.2447523101225775,3.2833805084228516,34200,0.0,0.0
2022-08-09 00:00:00-04:00,3.2640665749898727,3.360636496635373,3.186810407432618,3.196467399597168,44800,0.0,0.0
2022-08-10 00:00:00-04:00,3.293037443861981,3.293037443861981,3.1964672951316873,3.235095262527466,58400,0.0,0.0
2022-08-11 00:00:00-04:00,3.2640663033927,3.4282351565298512,3.2640663033927,3.3896071910858154,88300,0.0,0.0
2022-08-12 00:00:00-04:00,3.466863279103108,3.5344624519348145,3.350979377518776,3.5344624519348145,83400,0.0,0.0
2022-08-15 00:00:00-04:00,3.4765201523255334,3.6117182631367966,3.3316652802857916,3.6020612716674805,56500,0.0,0.0
2022-08-16 00:00:00-04:00,3.5924044327036677,3.6117184164622214,3.428235340515115,3.476520299911499,27400,0.0,0.0
2022-08-17 00:00:00-04:00,3.4475493902653023,3.5537765332115523,3.428235406137048,3.4958343505859375,45600,0.0,0.0
2022-08-18 00:00:00-04:00,3.495834247547067,3.766230477854467,3.495834247547067,3.6696603298187256,411900,0.0,0.0
2022-08-19 00:00:00-04:00,3.621375446476034,3.6793173983618463,3.505491542704409,3.553776502609253,101000,0.0,0.0
2022-08-22 00:00:00-04:00,3.5054914051152526,3.650346279144287,3.466863208466669,3.650346279144287,136900,0.0,0.0
2022-08-23 00:00:00-04:00,3.717945169299274,4.094568066843441,3.5151483484436357,3.6020612716674805,2043500,0.0,0.0
2022-08-24 00:00:00-04:00,3.6310323811877008,3.756573505201087,3.4861772735170002,3.6406893730163574,203000,0.0,0.0
2022-08-25 00:00:00-04:00,3.6503463525742283,3.6503463525742283,3.379950352039935,3.399264335632324,189400,0.0,0.0
2022-08-26 00:00:00-04:00,3.3799502347870116,3.4475491750153173,3.2350951326283757,3.331665277481079,141300,0.0,0.0
2022-08-29 00:00:00-04:00,3.312351330255682,3.6117182990195587,3.312351330255682,3.544119358062744,126800,0.0,0.0
2022-08-30 00:00:00-04:00,3.544119247375286,3.544119247375286,3.2544090489838546,3.3123512268066406,103600,0.0,0.0
2022-08-31 00:00:00-04:00,3.2737233949040196,3.399264286437704,3.2737233949040196,3.3509793281555176,92500,0.0,0.0
2022-09-01 00:00:00-04:00,3.2833802965723935,3.2833802965723935,3.206124135197424,3.225438117980957,58900,0.0,0.0
2022-09-02 00:00:00-04:00,3.283380317738606,3.515148342875929,3.283380317738606,3.4668631553649902,248700,0.0,0.0
2022-09-06 00:00:00-04:00,3.6020614625140968,3.8048585243552906,3.5344625186473153,3.553776502609253,603000,0.0,0.0
2022-09-07 00:00:00-04:00,3.4958342415735317,3.4958342415735317,3.264066439261817,3.2930374145507812,267400,0.0,0.0
2022-09-08 00:00:00-04:00,3.2640665902583974,3.370293504565352,3.19646741454948,3.30269455909729,195700,0.0,0.0
2022-09-09 00:00:00-04:00,3.360636356891698,3.379950340417674,3.264066439261817,3.2930374145507812,118400,0.0,0.0
2022-09-12 00:00:00-04:00,3.3220082444056653,3.418578157807816,3.22543810076268,3.254409074783325,122400,0.0,0.0
2022-09-13 00:00:00-04:00,3.2544091461994378,3.283380351096674,3.070926306708928,3.1385252475738525,196600,0.0,0.0
2022-09-14 00:00:00-04:00,3.206124334925904,3.22543831891262,3.0419554710388184,3.0419554710388184,346500,0.0,0.0
2022-09-15 00:00:00-04:00,3.148182101880648,3.1771530752740516,3.0516121905693026,3.0998971462249756,103900,0.0,0.0
2022-09-16 00:00:00-04:00,3.0709262925223912,3.0805832840299114,2.9743561472063482,3.0322983264923096,184600,0.0,0.0
2022-09-19 00:00:00-04:00,2.9550423147337717,3.0033272747312156,2.906757354736328,2.906757354736328,297000,0.0,0.0
2022-09-20 00:00:00-04:00,2.9453854730959783,2.955042465588456,2.810187578201294,2.810187578201294,192000,0.0,0.0
2022-09-21 00:00:00-04:00,2.916414124570755,2.964699080889973,2.8198442119323195,2.877786159515381,146300,0.0,0.0
2022-09-22 00:00:00-04:00,2.964699135031903,2.964699135031903,2.771559075987036,2.7908732891082764,71100,0.0,0.0
2022-09-23 00:00:00-04:00,2.781216471444655,2.8005304555318387,2.578419408288376,2.6363613605499268,111100,0.0,0.0
2022-09-26 00:00:00-04:00,2.6363612253951287,2.7232741493318064,2.57841927610401,2.59773325920105,28400,0.0,0.0
2022-09-27 00:00:00-04:00,2.6460184843257064,2.771559387142461,2.617047506752609,2.6749894618988037,97600,0.0,0.0
2022-09-28 00:00:00-04:00,2.655675002720729,2.8584720397670256,2.6460180119204684,2.839158058166504,45300,0.0,0.0
2022-09-29 00:00:00-04:00,2.7812166007238615,2.8488155481712036,2.7136174230356565,2.810187578201294,50500,0.0,0.0
2022-09-30 00:00:00-04:00,2.8005302631502293,2.926071151092928,2.7715590587687706,2.8198442459106445,44000,0.0,0.0
2022-10-03 00:00:00-04:00,2.897100535054349,3.032298661329532,2.868129557332709,2.8874435424804688,77300,0.0,0.0
2022-10-04 00:00:00-04:00,2.83915836358135,2.993670233006721,2.83915836358135,2.8584723472595215,236800,0.0,0.0
2022-10-05 00:00:00-04:00,2.858472339751349,3.1192113489626423,2.8005303888690274,2.9936702251434326,380200,0.0,0.0
2022-10-06 00:00:00-04:00,2.9646992194399884,3.0322983916868553,2.8971002774339656,2.916414260864258,157100,0.0,0.0
2022-10-07 00:00:00-04:00,2.89710039019632,3.0419555018024775,2.89710039019632,2.984013319015503,176900,0.0,0.0
2022-10-10 00:00:00-04:00,2.9840131668854584,2.9840131668854584,2.665332213887831,2.7039601802825928,115400,0.0,0.0
2022-10-11 00:00:00-04:00,2.7039603326861132,2.7812165000708737,2.6556753719711716,2.7136173248291016,61800,0.0,0.0
2022-10-12 00:00:00-04:00,2.8005302208599994,2.8005302208599994,2.694303087040994,2.7425880432128906,41100,0.0,0.0
2022-10-13 00:00:00-04:00,2.7522452249926332,2.8584723661660303,2.6846462816719208,2.8295013904571533,39400,0.0,0.0
2022-10-14 00:00:00-04:00,2.8005305857088163,2.8488155481712036,2.7329314080206117,2.810187578201294,49400,0.0,0.0
2022-10-17 00:00:00-04:00,2.8391582559110513,2.8391582559110513,2.7232741279958868,2.761902093887329,50200,0.0,0.0
2022-10-18 00:00:00-04:00,2.8005302208599994,2.819844203328758,2.713617069509753,2.7425880432128906,55800,0.0,0.0
2022-10-19 00:00:00-04:00,2.742588110941608,2.8391582559110513,2.7136171365230264,2.761902093887329,105400,0.0,0.0
2022-10-20 00:00:00-04:00,2.7812163829803467,2.848815325135317,2.7619021692666537,2.7812163829803467,41100,0.0,0.0
2022-10-21 00:00:00-04:00,2.781216312297829,2.9164141931718177,2.771559090565991,2.8971002101898193,57700,0.0,0.0
2022-10-24 00:00:00-04:00,2.897100142043068,2.9550420896261294,2.8198442119323195,2.877786159515381,180800,0.0,0.0
2022-10-25 00:00:00-04:00,2.916414124570755,2.916414124570755,2.829501203196163,2.877786159515381,47700,0.0,0.0
2022-10-26 00:00:00-04:00,2.877786227207821,2.984013133608812,2.8681292357168218,2.8971002101898193,149500,0.0,0.0
2022-10-27 00:00:00-04:00,2.8874433418749073,2.9550422851956197,2.8295013904571533,2.8295013904571533,63300,0.0,0.0
2022-10-28 00:00:00-04:00,2.87778621207009,2.9067571863906942,2.7619020845468345,2.7908732891082764,39300,0.0,0.0
2022-10-31 00:00:00-04:00,2.829501203196163,2.877786159515381,2.829501203196163,2.877786159515381,39300,0.0,0.0
2022-11-01 00:00:00-04:00,2.8488152527348234,2.9067572016808185,2.8488152527348234,2.8971002101898193,82400,0.0,0.0
2022-11-02 00:00:00-04:00,2.916414495618546,2.9260714881110235,2.7522453930055666,2.810187578201294,90100,0.0,0.0
2022-11-03 00:00:00-04:00,2.8295013416624686,2.839158333398893,2.7619021692666537,2.7812163829803467,29300,0.0,0.0
2022-11-04 00:00:00-04:00,2.858472211431475,2.858472211431475,2.7619020673885633,2.8198442459106445,51000,0.0,0.0
2022-11-07 00:00:00-05:00,2.9201010536717638,2.9882366799448463,2.822764444710218,2.8519654273986816,78400,0.023,0.0
2022-11-08 00:00:00-05:00,2.842231662282661,2.8714326439003743,2.774095806439225,2.7935631275177,48700,0.0,0.0
2022-11-09 00:00:00-05:00,2.7546284779227794,2.803297012556327,2.6280908912543635,2.6475582122802734,55400,0.0,0.0
2022-11-10 00:00:00-05:00,2.7254275572938016,2.8227643966674805,2.6280909499889,2.8227643966674805,95100,0.0,0.0
2022-11-11 00:00:00-05:00,2.7059602970303027,2.920101070012831,2.7059602970303027,2.861699104309082,182800,0.0,0.0
2022-11-14 00:00:00-05:00,2.88116641843598,2.88116641843598,2.715693950653076,2.715693950653076,75500,0.0,0.0
2022-11-15 00:00:00-05:00,2.7546285236412777,2.910367326502124,2.686492898919747,2.81303071975708,114300,0.0,0.0
2022-11-16 00:00:00-05:00,2.822764419417243,2.822764419417243,2.6670256144054627,2.6962265968322754,89900,0.0,0.0
2022-11-17 00:00:00-05:00,2.6767593872660376,2.6767593872660376,2.579422775102061,2.6183574199676514,88600,0.0,0.0
2022-11-18 00:00:00-05:00,2.5794226575636183,2.598889979109332,2.5112868000848425,2.5502214431762695,49000,0.0,0.0
2022-11-21 00:00:00-05:00,2.5696890354156494,2.5891563572539753,2.4236838895594217,2.5696890354156494,74100,0.0,0.0
2022-11-22 00:00:00-05:00,2.579422775102061,2.6572920648332423,2.5404878981676813,2.6183574199676514,70000,0.0,0.0
2022-11-23 00:00:00-05:00,2.647558276919479,2.696226580672474,2.5696889909146874,2.686492919921875,74200,0.0,0.0
2022-11-25 00:00:00-05:00,2.6767591938191386,2.696226514845049,2.6280908912543635,2.6475582122802734,17500,0.0,0.0
2022-11-28 00:00:00-05:00,2.637824434386363,2.637824434386363,2.540487601519447,2.5794224739074707,49600,0.0,0.0
2022-11-29 00:00:00-05:00,2.618357340011465,2.66702564460728,2.5502214815085416,2.5696890354156494,73600,0.0,0.0
2022-11-30 00:00:00-05:00,2.598890050275848,2.6280910333940413,2.550221513010074,2.58915638923645,40000,0.0,0.0
2022-12-01 00:00:00-05:00,2.657291943746473,2.657291943746473,2.521020460857699,2.5502214431762695,62400,0.0,0.0
2022-12-02 00:00:00-05:00,2.5502216509054794,2.6086238523685705,2.521020666208332,2.530754327774048,20900,0.0,0.0
2022-12-05 00:00:00-05:00,2.5599551500182405,2.5599551500182405,2.4236836770305965,2.4431509971618652,58100,0.0,0.0
2022-12-06 00:00:00-05:00,2.443151366382646,2.5210206586757034,2.3750157356262207,2.3750157356262207,98100,0.0,0.0
2022-12-07 00:00:00-05:00,2.4236840433093816,2.4236840433093816,2.3360810894796917,2.3750157356262207,37800,0.0,0.0
2022-12-08 00:00:00-05:00,2.384749091001006,2.384749091001006,2.3263471292790467,2.33608078956604,29900,0.0,0.0
2022-12-09 00:00:00-05:00,2.404216445508724,2.423683766357477,2.3166135016893343,2.355548143386841,33800,0.0,0.0
2022-12-12 00:00:00-05:00,2.404216462266122,2.4236837832505627,2.3360808388205805,2.365281820297241,44200,0.0,0.0
2022-12-13 00:00:00-05:00,2.413949977445903,2.413949977445903,2.238743867064041,2.287412166595459,47500,0.0,0.0
2022-12-14 00:00:00-05:00,2.2874122232345733,2.336080756039841,2.2679449029399716,2.3166134357452393,31900,0.0,0.0
2022-12-15 00:00:00-05:00,2.3166136359703864,2.3263472969589687,2.2290104550043637,2.2971460819244385,46600,0.0,0.0
2022-12-16 00:00:00-05:00,2.2387441484146335,2.306879776321455,2.151141198248721,2.1706085205078125,184300,0.0,0.0
2022-12-19 00:00:00-05:00,2.190075920632964,2.2290105665354316,2.160874936206113,2.2192769050598145,69800,0.0,0.0
2022-12-20 00:00:00-05:00,2.209543022547857,2.2290103435516357,2.1414073990346307,2.2290103435516357,77300,0.0,0.0
2022-12-21 00:00:00-05:00,2.2290104550043637,2.3360809579475506,2.2290104550043637,2.2971460819244385,50900,0.0,0.0
2022-12-22 00:00:00-05:00,2.287412535389133,2.287412535389133,2.151141274730496,2.2192769050598145,25400,0.0,0.0
2022-12-23 00:00:00-05:00,2.2192767154405733,2.3166135539488923,2.2192767154405733,2.2484776973724365,86200,0.0,0.0
2022-12-27 00:00:00-05:00,2.2874125669297767,2.2874125669297767,2.199809612441286,2.2387442588806152,121500,0.0,0.0
2022-12-28 00:00:00-05:00,2.199809192716134,2.209542852468777,2.131673574447632,2.131673574447632,105000,0.0,0.0
2022-12-29 00:00:00-05:00,2.1219402148600834,2.1900758427669045,2.1122065537305375,2.1706085205078125,108400,0.0,0.0
2022-12-30 00:00:00-05:00,2.1219403195626274,2.2387442588806152,2.1219403195626274,2.2387442588806152,60000,0.0,0.0
2023-01-03 00:00:00-05:00,2.238743919813404,2.316613432967195,2.160874638728377,2.180341958999634,20600,0.0,0.0
2023-01-04 00:00:00-05:00,2.248477889486665,2.248477889486665,2.190075920632964,2.2192769050598145,14600,0.0,0.0
2023-01-05 00:00:00-05:00,2.2192769356609507,2.2387442588806152,2.199809612441286,2.2387442588806152,17200,0.0,0.0
2023-01-06 00:00:00-05:00,2.2776786793043,2.3166135539488923,2.2290103760845277,2.2484776973724365,38900,0.0,0.0
2023-01-09 00:00:00-05:00,2.2874123727603983,2.316613587179918,2.2484777296260767,2.2679450511932373,41000,0.0,0.0
2023-01-10 00:00:00-05:00,2.2874123564250417,2.2971460171391103,2.219276731426564,2.258211374282837,28700,0.0,0.0
2023-01-11 00:00:00-05:00,2.258211186876608,2.306879486408026,2.2484775269703245,2.287412166595459,30500,0.0,0.0
2023-01-12 00:00:00-05:00,2.3360809337690953,2.4820858470866756,2.316613611993418,2.4236838817596436,60400,0.0,0.0
2023-01-13 00:00:00-05:00,2.423683929255095,2.5502215232766776,2.3750156238621787,2.4528849124908447,88300,0.0,0.0
2023-01-17 00:00:00-05:00,2.4528847723986926,2.530754056579993,2.4334174513533675,2.511286735534668,40200,0.0,0.0
2023-01-18 00:00:00-05:00,2.5112868130815595,2.5502214563744863,2.413950204849243,2.413950204849243,33200,0.0,0.0
2023-01-19 00:00:00-05:00,2.423683758951433,2.511286702503134,2.394482777767532,2.491819381713867,19100,0.0,0.0
2023-01-20 00:00:00-05:00,2.462618541525831,2.4918195243816172,2.433417558670044,2.433417558670044,29900,0.0,0.0
2023-01-23 00:00:00-05:00,2.4820858957265948,2.521020540040928,2.4431512514122615,2.4528849124908447,30100,0.0,0.0
2023-01-24 00:00:00-05:00,2.44315108720623,2.4820857289037366,2.345814482962464,2.355548143386841,36400,0.0,0.0
2023-01-25 00:00:00-05:00,2.365281820297241,2.3847491412816817,2.3360808388205805,2.365281820297241,18700,0.0,0.0
2023-01-26 00:00:00-05:00,2.3750157356262207,2.443151366382646,2.3652820740895883,2.3750157356262207,31100,0.0,0.0
2023-01-27 00:00:00-05:00,2.4139501227583424,2.433417443742783,2.355548159805021,2.365281820297241,34000,0.0,0.0
2023-01-30 00:00:00-05:00,2.394482801773902,2.4139501227583424,2.355548159805021,2.365281820297241,21600,0.0,0.0
2023-01-31 00:00:00-05:00,2.365281820297241,2.404216462266122,2.3360808388205805,2.365281820297241,51600,0.0,0.0
2023-02-01 00:00:00-05:00,2.355548412552956,2.4042167202361173,2.345814751016324,2.3750157356262207,42000,0.0,0.0
2023-02-02 00:00:00-05:00,2.3847491246599706,2.423683766357477,2.336080822538088,2.355548143386841,67200,0.0,0.0
2023-02-03 00:00:00-05:00,2.394482801773902,2.443151104235003,2.3458144993128007,2.365281820297241,48100,0.0,0.0
2023-02-06 00:00:00-05:00,2.3944827850843473,2.423683766357477,2.355548143386841,2.355548143386841,17800,0.0,0.0
2023-02-07 00:00:00-05:00,2.404216462266122,2.404216462266122,2.355548159805021,2.365281820297241,24900,0.0,0.0
2023-02-08 00:00:00-05:00,2.404216445508724,2.404216445508724,2.336080822538088,2.355548143386841,25100,0.0,0.0
2023-02-09 00:00:00-05:00,2.4272858413638176,2.4272858413638176,2.2798797265981228,2.2995338439941406,45700,0.023,0.0
2023-02-10 00:00:00-05:00,2.3879775239750223,2.417458699049337,2.3093608228146305,2.3486692905426025,52000,0.0,0.0
2023-02-13 00:00:00-05:00,2.3486692889117746,2.4076316390194625,2.299533762859815,2.319187879562378,70000,0.0,0.0
2023-02-14 00:00:00-05:00,2.358496347263056,2.358496347263056,2.240571412752127,2.319187879562378,30100,0.0,0.0
2023-02-15 00:00:00-05:00,2.3290150200881676,2.3290150200881676,2.260225609202105,2.2995338439941406,18700,0.0,0.0
2023-02-16 00:00:00-05:00,2.3093609026921498,2.348669371779746,2.270052667900114,2.2995338439941406,43000,0.0,0.0
2023-02-17 00:00:00-05:00,2.279879570007324,2.279879570007324,2.2602254539612257,2.279879570007324,50200,0.0,0.0
2023-02-21 00:00:00-05:00,2.3388421524411642,2.3388421524411642,2.2602254539612257,2.279879570007324,31200,0.0,0.0
2023-02-22 00:00:00-05:00,2.3093609137602775,2.3093609137602775,2.211090326309204,2.211090326309204,24000,0.0,0.0
2023-02-23 00:00:00-05:00,2.289706631138763,2.289706631138763,2.1914360507748634,2.220917224884033,21000,0.0,0.0
2023-02-24 00:00:00-05:00,2.2307444437994186,2.2307444437994186,2.181609150073882,2.211090326309204,20900,0.0,0.0
2023-02-27 00:00:00-05:00,2.2012631119625756,2.220917228063492,2.161954879760742,2.161954879760742,40200,0.0,0.0
2023-02-28 00:00:00-05:00,2.2110903377894426,2.2602256317700955,2.1226468086242676,2.1226468086242676,36800,0.0,0.0
2023-03-01 00:00:00-05:00,2.132473871319008,2.132473871319008,2.0735112841388657,2.093165636062622,37800,0.0,0.0
2023-03-02 00:00:00-05:00,2.093165475697165,2.093165475697165,1.876969846907276,2.044029951095581,204900,0.0,0.0
2023-03-03 00:00:00-05:00,1.994894661623434,2.1717819410946606,1.994894661623434,2.102992534637451,50600,0.0,0.0
2023-03-06 00:00:00-05:00,2.1128196716308594,2.15212790536055,2.093165554766014,2.1128196716308594,94300,0.0,0.0
2023-03-07 00:00:00-05:00,2.1128195901668545,2.1128195901668545,2.053857007550185,2.0735111236572266,18900,0.0,0.0
2023-03-08 00:00:00-05:00,2.093165474059813,2.161954880434458,2.053857007550185,2.0735111236572266,50300,0.0,0.0
2023-03-09 00:00:00-05:00,2.083338346679115,2.132473875133042,1.9948948171940613,2.034203052520752,18400,0.0,0.0
2023-03-10 00:00:00-05:00,2.014548821299092,2.0342029378545523,1.9457594133549807,1.9752405881881714,32500,0.0,0.0
2023-03-13 00:00:00-04:00,2.053857009156789,2.0735111252792042,1.9654134866059187,2.044029951095581,33700,0.0,0.0
2023-03-14 00:00:00-04:00,2.06368423306483,2.06368423306483,1.9850677622571988,2.0047218799591064,24800,0.0,0.0
2023-03-15 00:00:00-04:00,2.0440300981918114,2.0440300981918114,1.7688722183810337,1.808180570602417,107500,0.0,0.0
2023-03-16 00:00:00-04:00,1.7590451560292293,1.8376617431640625,1.7590451560292293,1.8376617431640625,24100,0.0,0.0
2023-03-17 00:00:00-04:00,1.8573158337766402,1.8671428923827775,1.700082778930664,1.700082778930664,82200,0.0,0.0
2023-03-20 00:00:00-04:00,1.7688721418380737,1.818007550701661,1.7295639084654246,1.7688721418380737,26800,0.0,0.0
2023-03-21 00:00:00-04:00,1.7393910437207076,1.8180076310900377,1.729563984943014,1.778699278831482,26300,0.0,0.0
2023-03-22 00:00:00-04:00,1.7590451272552083,1.7688721858428413,1.7295639514923096,1.7295639514923096,14300,0.0,0.0
2023-03-23 00:00:00-04:00,1.7786991652908362,1.7786991652908362,1.6312931758870952,1.6902556419372559,74300,0.0,0.0
2023-03-24 00:00:00-04:00,1.7295639514923096,1.7393910100799426,1.6706015999665116,1.7295639514923096,22000,0.0,0.0
2023-03-27 00:00:00-04:00,1.739391042075832,1.808180570602417,1.7295639833074314,1.808180570602417,29600,0.0,0.0
2023-03-28 00:00:00-04:00,1.768872182623704,1.8180075926202273,1.7492180654842062,1.759045124053955,51500,0.0,0.0
2023-03-29 00:00:00-04:00,1.729563958120787,1.7983534856456296,1.6706016063690186,1.6706016063690186,60500,0.0,0.0
2023-03-30 00:00:00-04:00,1.7492180719613506,1.7688721891736252,1.6902557203245268,1.700082778930664,13700,0.0,0.0
2023-03-31 00:00:00-04:00,1.7492180686675756,1.7590451272552083,1.7000827757294106,1.7295639514923096,19000,0.0,0.0
2023-04-03 00:00:00-04:00,2.063684083680463,2.6434812168035284,1.650947290373925,1.7197368144989014,15903200,0.0,0.0
2023-04-04 00:00:00-04:00,1.8278345751151164,1.8278345751151164,1.6214661194439306,1.6312931776046753,2085000,0.0,0.0
2023-04-05 00:00:00-04:00,1.5723308366311233,1.591984953052499,1.434751904533719,1.4838871955871582,792800,0.0,0.0
2023-04-06 00:00:00-04:00,1.4642330835200863,1.4642330835200863,1.3266541510135528,1.3954435586929321,607300,0.0,0.0
2023-04-10 00:00:00-04:00,1.3954435631995286,1.4052706214711763,1.3364812135696411,1.3364812135696411,269600,0.0,0.0
2023-04-11 00:00:00-04:00,1.3561353615955716,1.474060180740742,1.3266541860962235,1.444579005241394,325700,0.0,0.0
2023-04-12 00:00:00-04:00,1.42492493436173,1.4445790519974313,1.3463083466711427,1.3757895231246948,320000,0.0,0.0
2023-04-13 00:00:00-04:00,1.4052706610907044,1.4052706610907044,1.3364812512497535,1.356135368347168,253200,0.0,0.0
2023-04-14 00:00:00-04:00,1.326654157837117,1.3561353327084855,1.1989022829134108,1.2775187492370605,478100,0.0,0.0
2023-04-17 00:00:00-04:00,1.297173062269493,1.297173062269493,1.2283835328830195,1.2873458862304688,215200,0.0,0.0
2023-04-18 00:00:00-04:00,1.248037574365692,1.2971729829657483,1.2283834577847794,1.2775187492370605,135300,0.0,0.0
2023-04-19 00:00:00-04:00,1.2676917684479856,1.3070001211607345,1.238210591774261,1.2873458862304688,125000,0.0,0.0
2023-04-20 00:00:00-04:00,1.287345848661859,1.287345848661859,1.2480376142440248,1.267691731452942,52200,0.0,0.0
2023-04-21 00:00:00-04:00,1.238210518366772,1.267691693292701,1.238210518366772,1.248037576675415,64800,0.0,0.0
2023-04-24 00:00:00-04:00,1.2578646302486827,1.3364812135696411,1.238210513705387,1.3364812135696411,163400,0.0,0.0
2023-04-25 00:00:00-04:00,1.3168271843568091,1.3168271843568091,1.238210595822089,1.2578647136688232,66100,0.0,0.0
2023-04-26 00:00:00-04:00,1.267691731452942,1.267691731452942,1.2283834970351077,1.267691731452942,93700,0.0,0.0
2023-04-27 00:00:00-04:00,1.336481257605644,1.3757894919874107,1.297173023223877,1.297173023223877,205100,0.0,0.0
2023-04-28 00:00:00-04:00,1.3070000756036315,1.356135368347168,1.2971730170549243,1.356135368347168,103100,0.0,0.0
2023-05-01 00:00:00-04:00,1.3463082674933755,1.3954435586929321,1.3168270927736416,1.3954435586929321,167200,0.0,0.0
2023-05-02 00:00:00-04:00,1.385616507579854,1.385616507579854,1.2775187492370605,1.2775187492370605,125000,0.0,0.0
2023-05-03 00:00:00-04:00,1.2971730563317556,1.356135409409308,1.2578647037989386,1.3463083505630493,158500,0.0,0.0
2023-05-04 00:00:00-04:00,1.3463083162010856,1.3463083162010856,1.2775187888852144,1.297173023223877,53400,0.0,0.0
2023-05-05 00:00:00-04:00,1.3168270992965856,1.3364812158737656,1.2873458072830402,1.3070000410079956,49900,0.0,0.0
2023-05-08 00:00:00-04:00,1.2971729804830494,1.346308271841289,1.2971729804830494,1.3364812135696411,48300,0.0,0.0
2023-05-09 00:00:00-04:00,1.356135371500188,1.356135371500188,1.2971730200708567,1.3266541957855225,30600,0.0,0.0
2023-05-10 00:00:00-04:00,1.336481257605644,1.336481257605644,1.2775187888852144,1.297173023223877,35500,0.0,0.0
2023-05-11 00:00:00-04:00,1.2873458075275168,1.326654157837117,1.2775187492370605,1.2775187492370605,74600,0.0,0.0
2023-05-12 00:00:00-04:00,1.2873458075275168,1.326654157837117,1.2775187492370605,1.2775187492370605,65700,0.0,0.0
2023-05-15 00:00:00-04:00,1.2971729829657483,1.3070000412562046,1.2775187492370605,1.2775187492370605,25300,0.0,0.0
2023-05-16 00:00:00-04:00,1.297173023223877,1.3070000818193188,1.2873458474806563,1.297173023223877,34200,0.0,0.0
2023-05-17 00:00:00-04:00,1.2971729827194056,1.3266541575851756,1.2971729827194056,1.3070000410079956,38000,0.0,0.0
2023-05-18 00:00:00-04:00,1.2999999523162842,1.3899999856948853,1.2999999523162842,1.350000023841858,93000,0.023,0.0
2023-05-19 00:00:00-04:00,1.3899999856948853,1.399999976158142,1.3700000047683716,1.399999976158142,78300,0.0,0.0
2023-05-22 00:00:00-04:00,1.3899999856948853,1.4700000286102295,1.3799999952316284,1.4500000476837158,60700,0.0,0.0
2023-05-23 00:00:00-04:00,1.4700000286102295,1.4900000095367432,1.4199999570846558,1.4600000381469727,75500,0.0,0.0
2023-05-24 00:00:00-04:00,1.4800000190734863,1.4800000190734863,1.4299999475479126,1.4700000286102295,29200,0.0,0.0
2023-05-25 00:00:00-04:00,1.4800000190734863,1.4800000190734863,1.409999966621399,1.4199999570846558,45400,0.0,0.0
2023-05-26 00:00:00-04:00,1.409999966621399,1.4800000190734863,1.409999966621399,1.4299999475479126,67100,0.0,0.0
2023-05-30 00:00:00-04:00,1.4500000476837158,1.4600000381469727,1.3899999856948853,1.409999966621399,53300,0.0,0.0
2023-05-31 00:00:00-04:00,1.409999966621399,1.440000057220459,1.409999966621399,1.4199999570846558,39900,0.0,0.0
2023-06-01 00:00:00-04:00,1.4500000476837158,1.4800000190734863,1.4199999570846558,1.4600000381469727,46700,0.0,0.0
2023-06-02 00:00:00-04:00,1.4299999475479126,1.5299999713897705,1.4299999475479126,1.4800000190734863,103800,0.0,0.0
2023-06-05 00:00:00-04:00,1.5499999523162842,1.5499999523162842,1.4600000381469727,1.4700000286102295,103900,0.0,0.0
2023-06-06 00:00:00-04:00,1.4800000190734863,1.559999942779541,1.4500000476837158,1.5099999904632568,69200,0.0,0.0
2023-06-07 00:00:00-04:00,1.5399999618530273,1.600000023841858,1.5199999809265137,1.5800000429153442,89400,0.0,0.0
2023-06-08 00:00:00-04:00,1.5700000524520874,1.5800000429153442,1.5,1.5199999809265137,42800,0.0,0.0
2023-06-09 00:00:00-04:00,1.5,1.5700000524520874,1.4800000190734863,1.5,78400,0.0,0.0
2023-06-12 00:00:00-04:00,1.5299999713897705,1.5299999713897705,1.440000057220459,1.5,45600,0.0,0.0
2023-06-13 00:00:00-04:00,1.5199999809265137,1.5299999713897705,1.4700000286102295,1.4800000190734863,79300,0.0,0.0
2023-06-14 00:00:00-04:00,1.5,1.5199999809265137,1.4500000476837158,1.4700000286102295,59100,0.0,0.0
2023-06-15 00:00:00-04:00,1.4600000381469727,1.4900000095367432,1.4199999570846558,1.4800000190734863,98200,0.0,0.0
2023-06-16 00:00:00-04:00,1.4800000190734863,1.5199999809265137,1.4500000476837158,1.5,48900,0.0,0.0
2023-06-20 00:00:00-04:00,1.5,1.5199999809265137,1.440000057220459,1.4800000190734863,78700,0.0,0.0
2023-06-21 00:00:00-04:00,1.440000057220459,1.5099999904632568,1.4299999475479126,1.4299999475479126,77300,0.0,0.0
2023-06-22 00:00:00-04:00,1.440000057220459,1.4600000381469727,1.350000023841858,1.3600000143051147,45100,0.0,0.0
2023-06-23 00:00:00-04:00,1.3799999952316284,1.409999966621399,1.350000023841858,1.3799999952316284,39500,0.0,0.0
2023-06-26 00:00:00-04:00,1.3600000143051147,1.4199999570846558,1.350000023841858,1.4199999570846558,25900,0.0,0.0
2023-06-27 00:00:00-04:00,1.4299999475479126,1.4299999475479126,1.3700000047683716,1.399999976158142,11200,0.0,0.0
2023-06-28 00:00:00-04:00,1.409999966621399,1.4299999475479126,1.3600000143051147,1.3700000047683716,35600,0.0,0.0
2023-06-29 00:00:00-04:00,1.399999976158142,1.4199999570846558,1.3700000047683716,1.4199999570846558,31400,0.0,0.0
2023-06-30 00:00:00-04:00,1.409999966621399,1.4500000476837158,1.399999976158142,1.4199999570846558,38500,0.0,0.0
2023-07-03 00:00:00-04:00,1.440000057220459,1.440000057220459,1.399999976158142,1.440000057220459,19100,0.0,0.0
2023-07-05 00:00:00-04:00,1.440000057220459,1.4500000476837158,1.399999976158142,1.409999966621399,40200,0.0,0.0
2023-07-06 00:00:00-04:00,1.4199999570846558,1.4199999570846558,1.3700000047683716,1.399999976158142,24000,0.0,0.0
2023-07-07 00:00:00-04:00,1.399999976158142,1.4299999475479126,1.399999976158142,1.4199999570846558,24700,0.0,0.0
2023-07-10 00:00:00-04:00,1.4299999475479126,1.4299999475479126,1.3899999856948853,1.4199999570846558,26700,0.0,0.0
2023-07-11 00:00:00-04:00,1.399999976158142,1.4500000476837158,1.399999976158142,1.4299999475479126,51100,0.0,0.0
2023-07-12 00:00:00-04:00,1.440000057220459,1.4700000286102295,1.4199999570846558,1.4199999570846558,47400,0.0,0.0
2023-07-13 00:00:00-04:00,1.4199999570846558,1.4600000381469727,1.4199999570846558,1.4600000381469727,46200,0.0,0.0
2023-07-14 00:00:00-04:00,1.4500000476837158,1.4600000381469727,1.4199999570846558,1.4199999570846558,23100,0.0,0.0
2023-07-17 00:00:00-04:00,1.4299999475479126,1.440000057220459,1.409999966621399,1.409999966621399,34400,0.0,0.0
2023-07-18 00:00:00-04:00,1.4199999570846558,1.4500000476837158,1.409999966621399,1.440000057220459,26700,0.0,0.0
2023-07-19 00:00:00-04:00,1.4299999475479126,1.4700000286102295,1.4299999475479126,1.440000057220459,58200,0.0,0.0
2023-07-20 00:00:00-04:00,1.440000057220459,1.4700000286102295,1.409999966621399,1.440000057220459,29200,0.0,0.0
2023-07-21 00:00:00-04:00,1.4500000476837158,1.4600000381469727,1.4199999570846558,1.4199999570846558,22600,0.0,0.0
2023-07-24 00:00:00-04:00,1.4299999475479126,1.6399999856948853,1.4299999475479126,1.6399999856948853,160000,0.0,0.0
2023-07-25 00:00:00-04:00,1.6399999856948853,1.6399999856948853,1.5,1.5,117100,0.0,0.0
2023-07-26 00:00:00-04:00,1.5,1.5499999523162842,1.4700000286102295,1.4900000095367432,38000,0.0,0.0
2023-07-27 00:00:00-04:00,1.5,1.5299999713897705,1.4600000381469727,1.4900000095367432,28900,0.0,0.0
2023-07-28 00:00:00-04:00,1.4700000286102295,1.5499999523162842,1.4600000381469727,1.5199999809265137,54800,0.0,0.0
2023-07-31 00:00:00-04:00,1.5199999809265137,1.649999976158142,1.5,1.600000023841858,317900,0.0,0.0
2023-08-01 00:00:00-04:00,1.6299999952316284,1.6299999952316284,1.5499999523162842,1.5700000524520874,40300,0.0,0.0
2023-08-02 00:00:00-04:00,1.5499999523162842,1.600000023841858,1.5499999523162842,1.5499999523162842,40300,0.0,0.0
2023-08-03 00:00:00-04:00,1.559999942779541,1.6200000047683716,1.5499999523162842,1.590000033378601,47600,0.0,0.0
2023-08-04 00:00:00-04:00,1.590000033378601,1.6200000047683716,1.5800000429153442,1.600000023841858,29400,0.0,0.0
2023-08-07 00:00:00-04:00,1.6299999952316284,1.649999976158142,1.600000023841858,1.6200000047683716,46500,0.0,0.0
2023-08-08 00:00:00-04:00,1.6399999856948853,1.659999966621399,1.590000033378601,1.649999976158142,29600,0.0,0.0
2023-08-09 00:00:00-04:00,1.649999976158142,1.6799999475479126,1.6200000047683716,1.6299999952316284,101900,0.0,0.0
2023-08-10 00:00:00-04:00,1.6299999952316284,1.7599999904632568,1.600000023841858,1.649999976158142,60000,0.0,0.0
2023-08-11 00:00:00-04:00,1.649999976158142,1.6799999475479126,1.6100000143051147,1.6299999952316284,28600,0.0,0.0
2023-08-14 00:00:00-04:00,1.690000057220459,1.690000057220459,1.399999976158142,1.440000057220459,203800,0.0,0.0
2023-08-15 00:00:00-04:00,1.5,1.5199999809265137,1.399999976158142,1.4199999570846558,101500,0.0,0.0
2023-08-16 00:00:00-04:00,1.440000057220459,1.4700000286102295,1.399999976158142,1.4199999570846558,31700,0.0,0.0
2023-08-17 00:00:00-04:00,1.4299999475479126,1.5,1.4199999570846558,1.4700000286102295,20200,0.0,0.0
2023-08-18 00:00:00-04:00,1.4600000381469727,1.4600000381469727,1.4199999570846558,1.4199999570846558,28100,0.0,0.0
2023-08-21 00:00:00-04:00,1.4500000476837158,1.4500000476837158,1.4199999570846558,1.440000057220459,23300,0.0,0.0
2023-08-22 00:00:00-04:00,1.4199999570846558,1.4299999475479126,1.3899999856948853,1.409999966621399,17200,0.0,0.0
2023-08-23 00:00:00-04:00,1.409999966621399,1.409999966621399,1.3799999952316284,1.3799999952316284,15800,0.0,0.0
2023-08-24 00:00:00-04:00,1.399999976158142,1.399999976158142,1.350000023841858,1.350000023841858,29900,0.0,0.0
2023-08-25 00:00:00-04:00,1.3600000143051147,1.3600000143051147,1.340000033378601,1.350000023841858,14500,0.0,0.0
2023-08-28 00:00:00-04:00,1.3600000143051147,1.3600000143051147,1.309999942779541,1.3200000524520874,46400,0.0,0.0
2023-08-29 00:00:00-04:00,1.3200000524520874,1.3600000143051147,1.309999942779541,1.340000033378601,41300,0.0,0.0
2023-08-30 00:00:00-04:00,1.3300000429153442,1.350000023841858,1.3200000524520874,1.3200000524520874,34200,0.0,0.0
2023-08-31 00:00:00-04:00,1.350000023841858,1.3600000143051147,1.3300000429153442,1.3300000429153442,19900,0.0,0.0
2023-09-01 00:00:00-04:00,1.350000023841858,1.4199999570846558,1.3300000429153442,1.399999976158142,102600,0.0,0.0
2023-09-05 00:00:00-04:00,1.4199999570846558,1.4500000476837158,1.3899999856948853,1.4199999570846558,83700,0.0,0.0
2023-09-06 00:00:00-04:00,1.440000057220459,1.440000057220459,1.3700000047683716,1.3799999952316284,24300,0.0,0.0
2023-09-07 00:00:00-04:00,1.3899999856948853,1.4199999570846558,1.3799999952316284,1.409999966621399,21100,0.0,0.0
2023-09-08 00:00:00-04:00,1.4199999570846558,1.4299999475479126,1.399999976158142,1.399999976158142,26800,0.0,0.0
2023-09-11 00:00:00-04:00,1.399999976158142,1.4299999475479126,1.3799999952316284,1.3899999856948853,20400,0.0,0.0
2023-09-12 00:00:00-04:00,1.3899999856948853,1.4299999475479126,1.3899999856948853,1.3899999856948853,42900,0.0,0.0
2023-09-13 00:00:00-04:00,1.399999976158142,1.4199999570846558,1.3899999856948853,1.3899999856948853,15100,0.0,0.0
2023-09-14 00:00:00-04:00,1.409999966621399,1.4199999570846558,1.399999976158142,1.399999976158142,22700,0.0,0.0
2023-09-15 00:00:00-04:00,1.4199999570846558,1.4299999475479126,1.399999976158142,1.4299999475479126,29700,0.0,0.0
2023-09-18 00:00:00-04:00,1.409999966621399,1.4199999570846558,1.3700000047683716,1.3899999856948853,34100,0.0,0.0
2023-09-19 00:00:00-04:00,1.3899999856948853,1.409999966621399,1.3600000143051147,1.3700000047683716,14100,0.0,0.0
2023-09-20 00:00:00-04:00,1.3799999952316284,1.3799999952316284,1.350000023841858,1.350000023841858,18900,0.0,0.0
2023-09-21 00:00:00-04:00,1.340000033378601,1.350000023841858,1.3300000429153442,1.340000033378601,11300,0.0,0.0
2023-09-22 00:00:00-04:00,1.409999966621399,1.409999966621399,1.3200000524520874,1.3200000524520874,12100,0.0,0.0
2023-09-25 00:00:00-04:00,1.3600000143051147,1.3600000143051147,1.309999942779541,1.3300000429153442,17500,0.0,0.0
2023-09-26 00:00:00-04:00,1.340000033378601,1.3700000047683716,1.3200000524520874,1.3200000524520874,28400,0.0,0.0
2023-09-27 00:00:00-04:00,1.3200000524520874,1.440000057220459,1.3200000524520874,1.3899999856948853,80300,0.0,0.0
2023-09-28 00:00:00-04:00,1.3700000047683716,1.399999976158142,1.3300000429153442,1.3300000429153442,25500,0.0,0.0
2023-09-29 00:00:00-04:00,1.3200000524520874,1.3600000143051147,1.3200000524520874,1.350000023841858,6200,0.0,0.0
2023-10-02 00:00:00-04:00,1.340000033378601,1.3799999952316284,1.309999942779541,1.3300000429153442,21100,0.0,0.0
2023-10-03 00:00:00-04:00,1.3200000524520874,1.350000023841858,1.2300000190734863,1.2799999713897705,73200,0.0,0.0
2023-10-04 00:00:00-04:00,1.2799999713897705,1.2799999713897705,1.25,1.2699999809265137,18300,0.0,0.0
2023-10-05 00:00:00-04:00,1.2599999904632568,1.2799999713897705,1.25,1.2599999904632568,21400,0.0,0.0
2023-10-06 00:00:00-04:00,1.2799999713897705,1.2799999713897705,1.2300000190734863,1.2300000190734863,11300,0.0,0.0
2023-10-09 00:00:00-04:00,1.3600000143051147,1.4199999570846558,1.2899999618530273,1.3700000047683716,157300,0.0,0.0
2023-10-10 00:00:00-04:00,1.3300000429153442,1.3700000047683716,1.309999942779541,1.309999942779541,42600,0.0,0.0
2023-10-11 00:00:00-04:00,1.2999999523162842,1.3899999856948853,1.2999999523162842,1.3600000143051147,58100,0.0,0.0
2023-10-12 00:00:00-04:00,1.3899999856948853,1.3899999856948853,1.309999942779541,1.3200000524520874,23000,0.0,0.0
2023-10-13 00:00:00-04:00,1.3799999952316284,1.440000057220459,1.350000023841858,1.3899999856948853,104800,0.0,0.0
2023-10-16 00:00:00-04:00,1.3799999952316284,1.440000057220459,1.3799999952316284,1.399999976158142,93700,0.0,0.0
2023-10-17 00:00:00-04:00,1.409999966621399,1.4299999475479126,1.3799999952316284,1.3799999952316284,45900,0.0,0.0
2023-10-18 00:00:00-04:00,1.3799999952316284,1.5299999713897705,1.3799999952316284,1.4199999570846558,178500,0.0,0.0
2023-10-19 00:00:00-04:00,1.4199999570846558,1.4600000381469727,1.3799999952316284,1.4199999570846558,110700,0.0,0.0
2023-10-20 00:00:00-04:00,1.440000057220459,1.440000057220459,1.350000023841858,1.3799999952316284,56200,0.0,0.0
2023-10-23 00:00:00-04:00,1.399999976158142,1.399999976158142,1.3200000524520874,1.350000023841858,39700,0.0,0.0
2023-10-24 00:00:00-04:00,1.340000033378601,1.3799999952316284,1.3300000429153442,1.3300000429153442,27900,0.0,0.0
2023-10-25 00:00:00-04:00,1.340000033378601,1.399999976158142,1.2899999618530273,1.3799999952316284,136500,0.0,0.0
2023-10-26 00:00:00-04:00,1.350000023841858,1.440000057220459,1.3200000524520874,1.409999966621399,86200,0.0,0.0
2023-10-27 00:00:00-04:00,1.440000057220459,1.5499999523162842,1.3799999952316284,1.5399999618530273,263400,0.0,0.0
2023-10-30 00:00:00-04:00,1.5399999618530273,1.5499999523162842,1.4199999570846558,1.4299999475479126,131100,0.0,0.0
2023-10-31 00:00:00-04:00,1.399999976158142,1.4500000476837158,1.399999976158142,1.4500000476837158,87500,0.0,0.0
2023-11-01 00:00:00-04:00,1.4299999475479126,1.4700000286102295,1.399999976158142,1.440000057220459,47700,0.0,0.0
2023-11-02 00:00:00-04:00,1.4299999475479126,1.4500000476837158,1.3700000047683716,1.399999976158142,186600,0.0,0.0
2023-11-03 00:00:00-04:00,1.399999976158142,1.440000057220459,1.3799999952316284,1.399999976158142,81900,0.0,0.0
2023-11-06 00:00:00-05:00,1.3899999856948853,1.399999976158142,1.2999999523162842,1.309999942779541,79900,0.0,0.0
2023-11-07 00:00:00-05:00,1.309999942779541,1.3700000047683716,1.25,1.25,115800,0.0,0.0
2023-11-08 00:00:00-05:00,1.2599999904632568,1.2799999713897705,1.25,1.25,53600,0.0,0.0
2023-11-09 00:00:00-05:00,1.25,1.2599999904632568,1.1200000047683716,1.1799999475479126,73000,0.0,0.0
2023-11-10 00:00:00-05:00,1.25,1.25,1.1200000047683716,1.1799999475479126,87300,0.0,0.0
2023-11-13 00:00:00-05:00,1.2200000286102295,1.2200000286102295,1.1399999856948853,1.1399999856948853,25600,0.0,0.0
2023-11-14 00:00:00-05:00,1.1299999952316284,1.2100000381469727,1.1299999952316284,1.190000057220459,32400,0.0,0.0
2023-11-15 00:00:00-05:00,1.190000057220459,1.2200000286102295,1.1799999475479126,1.190000057220459,29800,0.0,0.0
2023-11-16 00:00:00-05:00,1.2000000476837158,1.2200000286102295,1.149999976158142,1.159999966621399,44900,0.0,0.0
2023-11-17 00:00:00-05:00,1.159999966621399,1.190000057220459,1.159999966621399,1.1799999475479126,15900,0.0,0.0
2023-11-20 00:00:00-05:00,1.2000000476837158,1.2300000190734863,1.1799999475479126,1.2000000476837158,16600,0.0,0.0
2023-11-21 00:00:00-05:00,1.2000000476837158,1.2100000381469727,1.190000057220459,1.190000057220459,15000,0.0,0.0
2023-11-22 00:00:00-05:00,1.2000000476837158,1.2100000381469727,1.1799999475479126,1.2000000476837158,16300,0.0,0.0
2023-11-24 00:00:00-05:00,1.190000057220459,1.190000057220459,1.149999976158142,1.159999966621399,19800,0.0,0.0
2023-11-27 00:00:00-05:00,1.149999976158142,1.2000000476837158,1.1200000047683716,1.1399999856948853,44200,0.0,0.0
2023-11-28 00:00:00-05:00,1.190000057220459,1.190000057220459,1.1299999952316284,1.1399999856948853,37400,0.0,0.0
2023-11-29 00:00:00-05:00,1.1799999475479126,1.1799999475479126,1.1299999952316284,1.1699999570846558,32800,0.0,0.0
2023-11-30 00:00:00-05:00,1.190000057220459,1.190000057220459,1.1200000047683716,1.1699999570846558,47200,0.0,0.0
2023-12-01 00:00:00-05:00,1.1699999570846558,1.1699999570846558,1.1299999952316284,1.149999976158142,49800,0.0,0.0
2023-12-04 00:00:00-05:00,1.100000023841858,1.149999976158142,1.100000023841858,1.1299999952316284,72300,0.0,0.0
2023-12-05 00:00:00-05:00,1.159999966621399,1.159999966621399,1.1100000143051147,1.1200000047683716,49100,0.0,0.0
2023-12-06 00:00:00-05:00,1.1299999952316284,1.1299999952316284,1.100000023841858,1.1100000143051147,46400,0.0,0.0
2023-12-07 00:00:00-05:00,1.1100000143051147,1.1200000047683716,1.0099999904632568,1.090000033378601,105700,0.0,0.0
2023-12-08 00:00:00-05:00,1.0700000524520874,1.100000023841858,1.0700000524520874,1.090000033378601,96700,0.0,0.0
2023-12-11 00:00:00-05:00,1.100000023841858,1.100000023841858,1.0399999618530273,1.0399999618530273,117500,0.0,0.0
2023-12-12 00:00:00-05:00,1.0499999523162842,1.0499999523162842,0.8299999833106995,0.9200000166893005,356000,0.0,0.0
2023-12-13 00:00:00-05:00,0.9300000071525574,0.9700000286102295,0.9200000166893005,0.9599999785423279,102700,0.0,0.0
2023-12-14 00:00:00-05:00,0.9900000095367432,0.9900000095367432,0.949999988079071,0.9800000190734863,92100,0.0,0.0
2023-12-15 00:00:00-05:00,0.9800000190734863,0.9800000190734863,0.949999988079071,0.9700000286102295,66000,0.0,0.0
2023-12-18 00:00:00-05:00,1.0,1.059999942779541,0.9700000286102295,1.0499999523162842,104300,0.0,0.0
2023-12-19 00:00:00-05:00,1.0399999618530273,1.0700000524520874,1.0199999809265137,1.059999942779541,52500,0.0,0.0
2023-12-20 00:00:00-05:00,1.090000033378601,1.090000033378601,1.0399999618530273,1.0800000429153442,95100,0.0,0.0
2023-12-21 00:00:00-05:00,1.0800000429153442,1.100000023841858,1.0399999618530273,1.100000023841858,60800,0.0,0.0
2023-12-22 00:00:00-05:00,1.100000023841858,1.100000023841858,1.0800000429153442,1.090000033378601,75700,0.0,0.0
2023-12-26 00:00:00-05:00,1.090000033378601,1.1200000047683716,1.090000033378601,1.1100000143051147,95100,0.0,0.0
2023-12-27 00:00:00-05:00,1.1399999856948853,1.1399999856948853,1.0700000524520874,1.0800000429153442,98100,0.0,0.0
2023-12-28 00:00:00-05:00,1.0499999523162842,1.090000033378601,1.0,1.0,142900,0.0,0.0
2023-12-29 00:00:00-05:00,1.0,1.0800000429153442,1.0,1.0,137700,0.0,0.0
2024-01-02 00:00:00-05:00,1.0399999618530273,1.1100000143051147,1.0299999713897705,1.090000033378601,100300,0.0,0.0
2024-01-03 00:00:00-05:00,1.100000023841858,1.1200000047683716,1.0700000524520874,1.0800000429153442,77400,0.0,0.0
2024-01-04 00:00:00-05:00,1.0800000429153442,1.0800000429153442,1.0499999523162842,1.059999942779541,35100,0.0,0.0
2024-01-05 00:00:00-05:00,1.0700000524520874,1.0800000429153442,1.0499999523162842,1.059999942779541,57000,0.0,0.0
2024-01-08 00:00:00-05:00,1.0700000524520874,1.0700000524520874,1.0199999809265137,1.059999942779541,65600,0.0,0.0
2024-01-09 00:00:00-05:00,1.0700000524520874,1.0700000524520874,1.0199999809265137,1.0399999618530273,38200,0.0,0.0
2024-01-10 00:00:00-05:00,1.059999942779541,1.0700000524520874,1.0399999618530273,1.059999942779541,62300,0.0,0.0
2024-01-11 00:00:00-05:00,1.0499999523162842,1.0800000429153442,1.0499999523162842,1.0800000429153442,32100,0.0,0.0
2024-01-12 00:00:00-05:00,1.100000023841858,1.1299999952316284,1.0800000429153442,1.1100000143051147,43000,0.0,0.0
2024-01-16 00:00:00-05:00,1.1299999952316284,1.1299999952316284,1.0800000429153442,1.090000033378601,16900,0.0,0.0
2024-01-17 00:00:00-05:00,1.0499999523162842,1.090000033378601,1.0499999523162842,1.0700000524520874,37900,0.0,0.0
2024-01-18 00:00:00-05:00,1.0499999523162842,1.0700000524520874,1.0499999523162842,1.059999942779541,24200,0.0,0.0
2024-01-19 00:00:00-05:00,1.0499999523162842,1.090000033378601,1.0299999713897705,1.0299999713897705,43500,0.0,0.0
2024-01-22 00:00:00-05:00,1.059999942779541,1.0700000524520874,1.0399999618530273,1.0499999523162842,27000,0.0,0.0
2024-01-23 00:00:00-05:00,1.0399999618530273,1.059999942779541,1.0399999618530273,1.059999942779541,28600,0.0,0.0
2024-01-24 00:00:00-05:00,1.059999942779541,1.0700000524520874,1.0399999618530273,1.0700000524520874,24000,0.0,0.0
2024-01-25 00:00:00-05:00,1.090000033378601,1.090000033378601,1.059999942779541,1.090000033378601,25700,0.0,0.0
2024-01-26 00:00:00-05:00,1.090000033378601,1.100000023841858,1.0700000524520874,1.090000033378601,27700,0.0,0.0
2024-01-29 00:00:00-05:00,1.0700000524520874,1.0800000429153442,1.0199999809265137,1.0399999618530273,93500,0.0,0.0
2024-01-30 00:00:00-05:00,1.0800000429153442,1.100000023841858,1.0199999809265137,1.0399999618530273,42500,0.0,0.0
2024-01-31 00:00:00-05:00,1.0700000524520874,1.0700000524520874,1.0399999618530273,1.0399999618530273,20000,0.0,0.0
2024-02-01 00:00:00-05:00,1.0700000524520874,1.0700000524520874,1.0299999713897705,1.0499999523162842,19500,0.0,0.0
2024-02-02 00:00:00-05:00,1.0399999618530273,1.0499999523162842,1.0299999713897705,1.0399999618530273,18500,0.0,0.0
2024-02-05 00:00:00-05:00,1.0299999713897705,1.0499999523162842,1.0199999809265137,1.0299999713897705,34700,0.0,0.0
2024-02-06 00:00:00-05:00,1.0199999809265137,1.0399999618530273,1.0099999904632568,1.0199999809265137,28500,0.0,0.0
2024-02-07 00:00:00-05:00,1.0299999713897705,1.0399999618530273,1.0099999904632568,1.0099999904632568,23900,0.0,0.0
2024-02-08 00:00:00-05:00,1.0099999904632568,1.0399999618530273,1.0099999904632568,1.0099999904632568,13600,0.0,0.0
2024-02-09 00:00:00-05:00,1.0099999904632568,1.0299999713897705,1.0099999904632568,1.0099999904632568,15400,0.0,0.0
2024-02-12 00:00:00-05:00,1.0,1.0299999713897705,1.0,1.0099999904632568,30200,0.0,0.0
2024-02-13 00:00:00-05:00,1.0,1.0199999809265137,1.0,1.0199999809265137,17300,0.0,0.0
2024-02-14 00:00:00-05:00,1.0099999904632568,1.0299999713897705,1.0099999904632568,1.0199999809265137,12800,0.0,0.0
2024-02-15 00:00:00-05:00,1.0199999809265137,1.0299999713897705,1.0099999904632568,1.0099999904632568,28500,0.0,0.0
2024-02-16 00:00:00-05:00,1.0099999904632568,1.0299999713897705,1.0,1.0099999904632568,13600,0.0,0.0
2024-02-20 00:00:00-05:00,1.0099999904632568,1.0099999904632568,1.0,1.0099999904632568,21600,0.0,0.0
2024-02-21 00:00:00-05:00,1.0099999904632568,1.0199999809265137,1.0,1.0,7800,0.0,0.0
2024-02-22 00:00:00-05:00,1.0,1.0299999713897705,1.0,1.0,29400,0.0,0.0
2024-02-23 00:00:00-05:00,1.0,1.0199999809265137,1.0,1.0,17700,0.0,0.0
2024-02-26 00:00:00-05:00,1.0,1.0299999713897705,1.0,1.0199999809265137,17500,0.0,0.0
2024-02-27 00:00:00-05:00,1.0199999809265137,1.0299999713897705,1.0099999904632568,1.0199999809265137,13300,0.0,0.0
2024-02-28 00:00:00-05:00,1.0199999809265137,1.0499999523162842,1.0099999904632568,1.0299999713897705,26700,0.0,0.0
2024-02-29 00:00:00-05:00,1.0399999618530273,1.0399999618530273,1.0199999809265137,1.0199999809265137,20100,0.0,0.0
2024-03-01 00:00:00-05:00,1.0299999713897705,1.0499999523162842,1.0199999809265137,1.0299999713897705,19600,0.0,0.0
2024-03-04 00:00:00-05:00,1.0299999713897705,1.0299999713897705,1.0099999904632568,1.0299999713897705,9600,0.0,0.0
2024-03-05 00:00:00-05:00,1.0299999713897705,1.0399999618530273,1.0099999904632568,1.0299999713897705,21900,0.0,0.0
2024-03-06 00:00:00-05:00,1.0399999618530273,1.0399999618530273,1.0099999904632568,1.0099999904632568,23700,0.0,0.0
2024-03-07 00:00:00-05:00,1.0199999809265137,1.0199999809265137,1.0,1.0099999904632568,15700,0.0,0.0
2024-03-08 00:00:00-05:00,1.0099999904632568,1.0199999809265137,1.0,1.0,15800,0.0,0.0
2024-03-11 00:00:00-04:00,1.0099999904632568,1.0199999809265137,1.0099999904632568,1.0199999809265137,10400,0.0,0.0
2024-03-12 00:00:00-04:00,1.0199999809265137,1.0199999809265137,1.0,1.0,28000,0.0,0.0
2024-03-13 00:00:00-04:00,1.0099999904632568,1.0199999809265137,1.0,1.0,22600,0.0,0.0
2024-03-14 00:00:00-04:00,1.0,1.0199999809265137,1.0,1.0099999904632568,43100,0.0,0.0
2024-03-15 00:00:00-04:00,1.0099999904632568,1.0199999809265137,1.0099999904632568,1.0099999904632568,15600,0.0,0.0
2024-03-18 00:00:00-04:00,1.0199999809265137,1.0199999809265137,1.0,1.0,31300,0.0,0.0
2024-03-19 00:00:00-04:00,1.0099999904632568,1.0199999809265137,1.0099999904632568,1.0099999904632568,20600,0.0,0.0
2024-03-20 00:00:00-04:00,1.0299999713897705,1.0299999713897705,1.0099999904632568,1.0199999809265137,21200,0.0,0.0
2024-03-21 00:00:00-04:00,1.0199999809265137,1.0399999618530273,1.0199999809265137,1.0299999713897705,70900,0.0,0.0
2024-03-22 00:00:00-04:00,1.0299999713897705,1.0399999618530273,1.0299999713897705,1.0399999618530273,29800,0.0,0.0
2024-03-25 00:00:00-04:00,1.0399999618530273,1.1299999952316284,1.0399999618530273,1.1200000047683716,111100,0.0,0.0
2024-03-26 00:00:00-04:00,1.149999976158142,1.190000057220459,1.090000033378601,1.1399999856948853,157800,0.0,0.0
2024-03-27 00:00:00-04:00,1.059999942779541,1.0800000429153442,1.0199999809265137,1.059999942779541,83300,0.0,0.0
2024-03-28 00:00:00-04:00,1.0499999523162842,1.1100000143051147,1.0399999618530273,1.0800000429153442,43100,0.0,0.0
2024-04-01 00:00:00-04:00,1.100000023841858,1.149999976158142,1.0800000429153442,1.149999976158142,82300,0.0,0.0
2024-04-02 00:00:00-04:00,1.1699999570846558,1.2699999809265137,1.1399999856948853,1.2400000095367432,231800,0.0,0.0
2024-04-03 00:00:00-04:00,1.2400000095367432,1.2699999809265137,1.1799999475479126,1.2400000095367432,105700,0.0,0.0
2024-04-04 00:00:00-04:00,1.2300000190734863,1.2699999809265137,1.2000000476837158,1.2400000095367432,111600,0.0,0.0
2024-04-05 00:00:00-04:00,1.25,1.340000033378601,1.2100000381469727,1.2999999523162842,118800,0.0,0.0
2024-04-08 00:00:00-04:00,1.3200000524520874,1.3799999952316284,1.309999942779541,1.340000033378601,78700,0.0,0.0
2024-04-09 00:00:00-04:00,1.3300000429153442,1.3600000143051147,1.2400000095367432,1.2599999904632568,60100,0.0,0.0
2024-04-10 00:00:00-04:00,1.1799999475479126,1.2799999713897705,1.159999966621399,1.2400000095367432,86700,0.0,0.0
2024-04-11 00:00:00-04:00,1.2599999904632568,1.2599999904632568,1.2200000286102295,1.2300000190734863,28200,0.0,0.0
2024-04-12 00:00:00-04:00,1.2400000095367432,1.4900000095367432,1.2400000095367432,1.2899999618530273,1035200,0.0,0.0
2024-04-15 00:00:00-04:00,1.350000023841858,1.399999976158142,1.2200000286102295,1.3799999952316284,497900,0.0,0.0
2024-04-16 00:00:00-04:00,1.4299999475479126,1.6699999570846558,1.25,1.2799999713897705,926500,0.0,0.0
2024-04-17 00:00:00-04:00,1.2599999904632568,1.340000033378601,1.2100000381469727,1.2699999809265137,193000,0.0,0.0
2024-04-18 00:00:00-04:00,1.2899999618530273,1.2999999523162842,1.2400000095367432,1.25,105300,0.0,0.0
2024-04-19 00:00:00-04:00,1.309999942779541,1.3700000047683716,1.2799999713897705,1.2899999618530273,221300,0.0,0.0
2024-04-22 00:00:00-04:00,1.2799999713897705,1.2899999618530273,1.2400000095367432,1.25,76600,0.0,0.0
2024-04-23 00:00:00-04:00,1.2400000095367432,1.2599999904632568,1.2100000381469727,1.2200000286102295,70300,0.0,0.0
2024-04-24 00:00:00-04:00,1.25,1.25,1.190000057220459,1.2100000381469727,52700,0.0,0.0
2024-04-25 00:00:00-04:00,1.190000057220459,1.2100000381469727,1.149999976158142,1.1799999475479126,29500,0.0,0.0
2024-04-26 00:00:00-04:00,1.2100000381469727,1.2100000381469727,1.0800000429153442,1.1699999570846558,89900,0.0,0.0
2024-04-29 00:00:00-04:00,1.159999966621399,1.2100000381469727,1.1399999856948853,1.1699999570846558,37500,0.0,0.0
2024-04-30 00:00:00-04:00,1.1699999570846558,1.2100000381469727,1.1299999952316284,1.190000057220459,52200,0.0,0.0
2024-05-01 00:00:00-04:00,1.2000000476837158,1.2100000381469727,1.149999976158142,1.159999966621399,21600,0.0,0.0
2024-05-02 00:00:00-04:00,1.1799999475479126,1.1799999475479126,1.149999976158142,1.159999966621399,20000,0.0,0.0
2024-05-03 00:00:00-04:00,1.1799999475479126,1.1799999475479126,1.149999976158142,1.149999976158142,6600,0.0,0.0
2024-05-06 00:00:00-04:00,1.1699999570846558,1.190000057220459,1.149999976158142,1.149999976158142,28300,0.0,0.0
2024-05-07 00:00:00-04:00,1.149999976158142,1.190000057220459,1.149999976158142,1.159999966621399,19900,0.0,0.0
2024-05-08 00:00:00-04:00,1.1299999952316284,1.1699999570846558,1.1299999952316284,1.1699999570846558,16800,0.0,0.0
2024-05-09 00:00:00-04:00,1.1799999475479126,1.1799999475479126,1.149999976158142,1.1799999475479126,21600,0.0,0.0
2024-05-10 00:00:00-04:00,1.159999966621399,1.1699999570846558,1.1399999856948853,1.149999976158142,29300,0.0,0.0
2024-05-13 00:00:00-04:00,1.159999966621399,1.159999966621399,1.1100000143051147,1.1100000143051147,42100,0.0,0.0
2024-05-14 00:00:00-04:00,1.1100000143051147,1.159999966621399,1.1100000143051147,1.149999976158142,44600,0.0,0.0
2024-05-15 00:00:00-04:00,1.149999976158142,1.149999976158142,1.1100000143051147,1.1100000143051147,18500,0.0,0.0
2024-05-16 00:00:00-04:00,1.1200000047683716,1.1299999952316284,1.1100000143051147,1.1100000143051147,23900,0.0,0.0
2024-05-17 00:00:00-04:00,1.1100000143051147,1.159999966621399,1.1100000143051147,1.1200000047683716,19400,0.0,0.0
2024-05-20 00:00:00-04:00,1.1100000143051147,1.1299999952316284,1.0800000429153442,1.1200000047683716,43700,0.0,0.0
2024-05-21 00:00:00-04:00,1.149999976158142,1.149999976158142,1.1200000047683716,1.1399999856948853,10200,0.0,0.0
2024-05-22 00:00:00-04:00,1.1200000047683716,1.1399999856948853,1.1100000143051147,1.1200000047683716,19400,0.0,0.0
2024-05-23 00:00:00-04:00,1.149999976158142,1.149999976158142,1.100000023841858,1.1100000143051147,27400,0.0,0.0
2024-05-24 00:00:00-04:00,1.1100000143051147,1.1399999856948853,1.100000023841858,1.1200000047683716,7700,0.0,0.0
2024-05-28 00:00:00-04:00,1.1399999856948853,1.1399999856948853,1.100000023841858,1.1100000143051147,18800,0.0,0.0
2024-05-29 00:00:00-04:00,1.100000023841858,1.1200000047683716,1.100000023841858,1.100000023841858,15900,0.0,0.0
2024-05-30 00:00:00-04:00,1.100000023841858,1.1200000047683716,1.100000023841858,1.100000023841858,9300,0.0,0.0
2024-05-31 00:00:00-04:00,1.100000023841858,1.1299999952316284,1.100000023841858,1.1100000143051147,23200,0.0,0.0
2024-06-03 00:00:00-04:00,1.1299999952316284,1.1299999952316284,1.059999942779541,1.0700000524520874,31300,0.0,0.0
2024-06-04 00:00:00-04:00,1.0800000429153442,1.090000033378601,1.0,1.0399999618530273,68900,0.0,0.0
2024-06-05 00:00:00-04:00,1.0399999618530273,1.0399999618530273,1.0099999904632568,1.0199999809265137,29000,0.0,0.0
2024-06-06 00:00:00-04:00,1.0299999713897705,1.0399999618530273,1.0199999809265137,1.0399999618530273,33200,0.0,0.0
2024-06-07 00:00:00-04:00,1.0299999713897705,1.0399999618530273,1.0099999904632568,1.0399999618530273,35700,0.0,0.0
2024-06-10 00:00:00-04:00,1.0299999713897705,1.0499999523162842,1.0199999809265137,1.0299999713897705,28500,0.0,0.0
2024-06-11 00:00:00-04:00,1.0299999713897705,1.059999942779541,1.0299999713897705,1.0399999618530273,15100,0.0,0.0
2024-06-12 00:00:00-04:00,1.0399999618530273,1.0399999618530273,1.0099999904632568,1.0199999809265137,24900,0.0,0.0
2024-06-13 00:00:00-04:00,1.0299999713897705,1.0299999713897705,1.0099999904632568,1.0199999809265137,19600,0.0,0.0
2024-06-14 00:00:00-04:00,1.0199999809265137,1.0299999713897705,1.0099999904632568,1.0099999904632568,15100,0.0,0.0
2024-06-17 00:00:00-04:00,1.0099999904632568,1.0199999809265137,1.0,1.0199999809265137,21300,0.0,0.0
2024-06-18 00:00:00-04:00,1.0199999809265137,1.0199999809265137,1.0099999904632568,1.0199999809265137,16300,0.0,0.0
2024-06-20 00:00:00-04:00,1.0199999809265137,1.0299999713897705,1.0,1.0199999809265137,21400,0.0,0.0
2024-06-21 00:00:00-04:00,1.0299999713897705,1.0299999713897705,0.9900000095367432,0.9900000095367432,75400,0.0,0.0
2024-06-24 00:00:00-04:00,1.0199999809265137,1.0399999618530273,1.0,1.0399999618530273,33100,0.0,0.0
2024-06-25 00:00:00-04:00,1.0399999618530273,1.059999942779541,1.0199999809265137,1.059999942779541,38500,0.0,0.0
2024-06-26 00:00:00-04:00,1.0700000524520874,1.0700000524520874,1.0099999904632568,1.0299999713897705,9400,0.0,0.0
2024-06-27 00:00:00-04:00,1.0299999713897705,1.0499999523162842,1.0099999904632568,1.0299999713897705,11500,0.0,0.0
2024-06-28 00:00:00-04:00,1.0299999713897705,1.0299999713897705,1.0,1.0199999809265137,19500,0.0,0.0
2024-07-01 00:00:00-04:00,1.0199999809265137,1.0199999809265137,1.0099999904632568,1.0199999809265137,325700,0.0,0.0
2024-07-02 00:00:00-04:00,1.100000023841858,1.2000000476837158,1.0499999523162842,1.1699999570846558,286300,0.0,0.0
2024-07-03 00:00:00-04:00,1.1799999475479126,1.1799999475479126,1.1200000047683716,1.1200000047683716,47300,0.0,0.0
2024-07-05 00:00:00-04:00,1.1399999856948853,1.149999976158142,1.1200000047683716,1.149999976158142,23600,0.0,0.0
2024-07-08 00:00:00-04:00,1.1699999570846558,1.1699999570846558,1.1100000143051147,1.1299999952316284,13200,0.0,0.0
2024-07-09 00:00:00-04:00,1.1200000047683716,1.1200000047683716,1.0700000524520874,1.1100000143051147,483600,0.0,0.0
2024-07-10 00:00:00-04:00,1.1100000143051147,1.1299999952316284,1.0700000524520874,1.100000023841858,102900,0.0,0.0
2024-07-11 00:00:00-04:00,1.100000023841858,1.159999966621399,1.090000033378601,1.100000023841858,15200,0.0,0.0
2024-07-12 00:00:00-04:00,1.1200000047683716,1.1200000047683716,1.0800000429153442,1.100000023841858,35800,0.0,0.0
2024-07-15 00:00:00-04:00,1.090000033378601,1.100000023841858,1.0700000524520874,1.100000023841858,15100,0.0,0.0
2024-07-16 00:00:00-04:00,1.0800000429153442,1.0800000429153442,1.0399999618530273,1.059999942779541,59500,0.0,0.0
2024-07-17 00:00:00-04:00,1.0700000524520874,1.0800000429153442,1.0499999523162842,1.0700000524520874,27400,0.0,0.0
2024-07-18 00:00:00-04:00,1.0700000524520874,1.0700000524520874,1.0399999618530273,1.0499999523162842,17100,0.0,0.0
2024-07-19 00:00:00-04:00,1.0499999523162842,1.0700000524520874,1.0499999523162842,1.0700000524520874,23900,0.0,0.0
2024-07-22 00:00:00-04:00,1.0800000429153442,1.0800000429153442,1.0399999618530273,1.0700000524520874,41300,0.0,0.0
2024-07-23 00:00:00-04:00,1.0800000429153442,1.0800000429153442,1.0399999618530273,1.0499999523162842,10700,0.0,0.0
2024-07-24 00:00:00-04:00,1.0499999523162842,1.059999942779541,1.0399999618530273,1.0499999523162842,5600,0.0,0.0
2024-07-25 00:00:00-04:00,1.0499999523162842,1.059999942779541,1.0399999618530273,1.0499999523162842,11100,0.0,0.0
2024-07-26 00:00:00-04:00,1.059999942779541,1.0700000524520874,1.0299999713897705,1.0499999523162842,18800,0.0,0.0
2024-07-29 00:00:00-04:00,1.0299999713897705,1.0499999523162842,1.0099999904632568,1.0099999904632568,19600,0.0,0.0
2024-07-30 00:00:00-04:00,1.0099999904632568,1.0299999713897705,1.0,1.0199999809265137,16500,0.0,0.0
2024-07-31 00:00:00-04:00,1.059999942779541,1.0800000429153442,1.0099999904632568,1.0800000429153442,306900,0.0,0.0
2024-08-01 00:00:00-04:00,1.0800000429153442,1.0800000429153442,1.0199999809265137,1.059999942779541,89200,0.0,0.0
2024-08-02 00:00:00-04:00,1.0499999523162842,1.0499999523162842,1.0,1.0099999904632568,77400,0.0,0.0
2024-08-05 00:00:00-04:00,1.0,1.0199999809265137,0.8100000023841858,0.9800000190734863,301000,0.0,0.0
2024-08-06 00:00:00-04:00,1.0199999809265137,1.0199999809265137,0.9700000286102295,0.9700000286102295,41100,0.0,0.0
2024-08-07 00:00:00-04:00,0.9800000190734863,0.9800000190734863,0.9100000262260437,0.9200000166893005,195400,0.0,0.0
2024-08-08 00:00:00-04:00,1.0199999809265137,1.0199999809265137,0.8999999761581421,0.9300000071525574,58600,0.0,0.0
2024-08-09 00:00:00-04:00,0.9599999785423279,0.9599999785423279,0.8999999761581421,0.9200000166893005,58100,0.0,0.0
2024-08-12 00:00:00-04:00,0.8999999761581421,0.9900000095367432,0.8999999761581421,0.9399999976158142,244100,0.0,0.0
2024-08-13 00:00:00-04:00,0.9200000166893005,0.9599999785423279,0.9100000262260437,0.9399999976158142,18900,0.0,0.0
2024-08-14 00:00:00-04:00,0.949999988079071,0.9599999785423279,0.9200000166893005,0.9399999976158142,13300,0.0,0.0
2024-08-15 00:00:00-04:00,0.9300000071525574,0.949999988079071,0.9100000262260437,0.9300000071525574,44600,0.0,0.0
2024-08-16 00:00:00-04:00,0.9200000166893005,0.9599999785423279,0.9200000166893005,0.9200000166893005,23300,0.0,0.0
2024-08-19 00:00:00-04:00,0.949999988079071,0.9599999785423279,0.9200000166893005,0.9200000166893005,33100,0.0,0.0
2024-08-20 00:00:00-04:00,0.9200000166893005,0.949999988079071,0.9200000166893005,0.9399999976158142,27000,0.0,0.0
2024-08-21 00:00:00-04:00,0.949999988079071,0.949999988079071,0.9300000071525574,0.9399999976158142,22600,0.0,0.0
2024-08-22 00:00:00-04:00,0.9399999976158142,0.949999988079071,0.9200000166893005,0.9300000071525574,20600,0.0,0.0
2024-08-23 00:00:00-04:00,0.9399999976158142,0.9399999976158142,0.9200000166893005,0.9300000071525574,33300,0.0,0.0
2024-08-26 00:00:00-04:00,0.9399999976158142,0.9399999976158142,0.9200000166893005,0.9399999976158142,25600,0.0,0.0
2024-08-27 00:00:00-04:00,0.9300000071525574,0.9399999976158142,0.9300000071525574,0.9399999976158142,3400,0.0,0.0
2024-08-28 00:00:00-04:00,0.9399999976158142,0.949999988079071,0.9300000071525574,0.9399999976158142,20500,0.0,0.0
2024-08-29 00:00:00-04:00,0.9399999976158142,0.9599999785423279,0.9300000071525574,0.9399999976158142,30500,0.0,0.0
2024-08-30 00:00:00-04:00,0.9300000071525574,0.9599999785423279,0.9300000071525574,0.9399999976158142,18000,0.0,0.0
2024-09-03 00:00:00-04:00,0.949999988079071,0.949999988079071,0.8799999952316284,0.8999999761581421,55600,0.0,0.0
2024-09-04 00:00:00-04:00,0.8999999761581421,0.9399999976158142,0.8999999761581421,0.8999999761581421,38800,0.0,0.0
2024-09-05 00:00:00-04:00,0.9100000262260437,0.9200000166893005,0.9100000262260437,0.9100000262260437,7500,0.0,0.0
2024-09-06 00:00:00-04:00,0.8999999761581421,0.9100000262260437,0.8700000047683716,0.8700000047683716,44800,0.0,0.0
2024-09-09 00:00:00-04:00,0.8999999761581421,0.8999999761581421,0.8899999856948853,0.8999999761581421,17300,0.0,0.0
2024-09-10 00:00:00-04:00,0.8799999952316284,0.8899999856948853,0.8700000047683716,0.8899999856948853,26600,0.0,0.0
2024-09-11 00:00:00-04:00,0.8899999856948853,0.8999999761581421,0.8700000047683716,0.8999999761581421,8100,0.0,0.0
2024-09-12 00:00:00-04:00,0.9200000166893005,0.949999988079071,0.9200000166893005,0.9399999976158142,43300,0.0,0.0
2024-09-13 00:00:00-04:00,0.949999988079071,0.949999988079071,0.9200000166893005,0.949999988079071,8700,0.0,0.0
2024-09-16 00:00:00-04:00,0.9399999976158142,0.949999988079071,0.9200000166893005,0.949999988079071,19500,0.0,0.0
2024-09-17 00:00:00-04:00,0.949999988079071,0.949999988079071,0.9200000166893005,0.9399999976158142,10100,0.0,0.0
2024-09-18 00:00:00-04:00,0.9399999976158142,0.949999988079071,0.9399999976158142,0.9399999976158142,10200,0.0,0.0
2024-09-19 00:00:00-04:00,0.9599999785423279,0.9599999785423279,0.9300000071525574,0.9399999976158142,18900,0.0,0.0
2024-09-20 00:00:00-04:00,0.9700000286102295,0.9900000095367432,0.9300000071525574,0.9399999976158142,63700,0.0,0.0
2024-09-23 00:00:00-04:00,0.9800000190734863,0.9900000095367432,0.9399999976158142,0.9700000286102295,29900,0.0,0.0
2024-09-24 00:00:00-04:00,0.9599999785423279,1.0,0.949999988079071,0.9800000190734863,40100,0.0,0.0
2024-09-25 00:00:00-04:00,1.0,1.0,0.9399999976158142,0.9700000286102295,70600,0.0,0.0
2024-09-26 00:00:00-04:00,0.9800000190734863,1.0399999618530273,0.9599999785423279,1.0399999618530273,101400,0.0,0.0
2024-09-27 00:00:00-04:00,1.0399999618530273,1.1699999570846558,1.0299999713897705,1.1699999570846558,124500,0.0,0.0
2024-09-30 00:00:00-04:00,1.149999976158142,1.1699999570846558,1.1299999952316284,1.149999976158142,36200,0.0,0.0
2024-10-01 00:00:00-04:00,1.159999966621399,1.4600000381469727,1.1399999856948853,1.2999999523162842,996200,0.0,0.0
2024-10-02 00:00:00-04:00,1.25,1.309999942779541,1.2300000190734863,1.2799999713897705,258900,0.0,0.0
2024-10-03 00:00:00-04:00,1.2999999523162842,1.5,1.2599999904632568,1.4900000095367432,796600,0.0,0.0
2024-10-04 00:00:00-04:00,1.5,1.5,1.25,1.340000033378601,365100,0.0,0.0
2024-10-07 00:00:00-04:00,1.350000023841858,1.4500000476837158,1.350000023841858,1.4299999475479126,448700,0.0,0.0
2024-10-08 00:00:00-04:00,1.409999966621399,1.409999966621399,1.25,1.25,265100,0.0,0.0
2024-10-09 00:00:00-04:00,1.25,1.3300000429153442,1.1699999570846558,1.2300000190734863,174300,0.0,0.0
2024-10-10 00:00:00-04:00,1.2300000190734863,1.3200000524520874,1.2300000190734863,1.2899999618530273,171800,0.0,0.0
2024-10-11 00:00:00-04:00,1.2999999523162842,1.440000057220459,1.2599999904632568,1.4199999570846558,262000,0.0,0.0
2024-10-14 00:00:00-04:00,1.4500000476837158,1.4500000476837158,1.350000023841858,1.3600000143051147,113400,0.0,0.0
2024-10-15 00:00:00-04:00,1.3200000524520874,1.399999976158142,1.3200000524520874,1.3899999856948853,113300,0.0,0.0
2024-10-16 00:00:00-04:00,1.3799999952316284,1.3799999952316284,1.25,1.309999942779541,164000,0.0,0.0
2024-10-17 00:00:00-04:00,1.309999942779541,1.3700000047683716,1.309999942779541,1.3700000047683716,78700,0.0,0.0
2024-10-18 00:00:00-04:00,1.3899999856948853,1.5099999904632568,1.3700000047683716,1.4500000476837158,275900,0.0,0.0
2024-10-21 00:00:00-04:00,1.4500000476837158,1.5,1.440000057220459,1.4600000381469727,42000,0.0,0.0
2024-10-22 00:00:00-04:00,1.4600000381469727,1.5499999523162842,1.4600000381469727,1.5499999523162842,99600,0.0,0.0
2024-10-23 00:00:00-04:00,1.5499999523162842,1.649999976158142,1.5399999618530273,1.559999942779541,235500,0.0,0.0
2024-10-24 00:00:00-04:00,1.5499999523162842,1.559999942779541,1.5,1.559999942779541,60300,0.0,0.0
2024-10-25 00:00:00-04:00,1.5800000429153442,1.590000033378601,1.5299999713897705,1.5499999523162842,158100,0.0,0.0
2024-10-28 00:00:00-04:00,1.4700000286102295,1.5099999904632568,1.4299999475479126,1.4800000190734863,109900,0.0,0.0
2024-10-29 00:00:00-04:00,1.4700000286102295,1.4700000286102295,1.399999976158142,1.409999966621399,80300,0.0,0.0
2024-10-30 00:00:00-04:00,1.399999976158142,1.440000057220459,1.340000033378601,1.350000023841858,127300,0.0,0.0
2024-10-31 00:00:00-04:00,1.350000023841858,1.4500000476837158,1.350000023841858,1.3700000047683716,80900,0.0,0.0
2024-11-01 00:00:00-04:00,1.3600000143051147,1.3899999856948853,1.309999942779541,1.3200000524520874,70900,0.0,0.0
2024-11-04 00:00:00-05:00,1.3600000143051147,1.4199999570846558,1.3200000524520874,1.4199999570846558,72100,0.0,0.0
2024-11-05 00:00:00-05:00,1.440000057220459,1.4700000286102295,1.4199999570846558,1.4299999475479126,43400,0.0,0.0
2024-11-06 00:00:00-05:00,1.4700000286102295,1.4700000286102295,1.4299999475479126,1.4500000476837158,67000,0.0,0.0
2024-11-07 00:00:00-05:00,1.4700000286102295,1.4700000286102295,1.409999966621399,1.440000057220459,42300,0.0,0.0
2024-11-08 00:00:00-05:00,1.4299999475479126,1.4299999475479126,1.309999942779541,1.3799999952316284,58100,0.0,0.0
2024-11-11 00:00:00-05:00,1.4299999475479126,1.4700000286102295,1.3700000047683716,1.4700000286102295,150400,0.0,0.0
2024-11-12 00:00:00-05:00,1.4700000286102295,1.4700000286102295,1.3600000143051147,1.4199999570846558,94300,0.0,0.0
2024-11-13 00:00:00-05:00,1.4199999570846558,1.5399999618530273,1.409999966621399,1.5399999618530273,79700,0.0,0.0
2024-11-14 00:00:00-05:00,1.559999942779541,1.600000023841858,1.4600000381469727,1.600000023841858,56800,0.0,0.0
2024-11-15 00:00:00-05:00,1.5800000429153442,1.7300000190734863,1.5800000429153442,1.6699999570846558,271700,0.0,0.0
2024-11-18 00:00:00-05:00,1.7200000286102295,1.909999966621399,1.7100000381469727,1.840000033378601,405700,0.0,0.0
2024-11-19 00:00:00-05:00,1.899999976158142,1.899999976158142,1.7300000190734863,1.75,195600,0.0,0.0
2024-11-20 00:00:00-05:00,1.7400000095367432,1.7899999618530273,1.7000000476837158,1.75,105300,0.0,0.0
2024-11-21 00:00:00-05:00,1.7400000095367432,1.8799999952316284,1.7300000190734863,1.850000023841858,112900,0.0,0.0
2024-11-22 00:00:00-05:00,1.850000023841858,1.909999966621399,1.8300000429153442,1.8600000143051147,74500,0.0,0.0
2024-11-25 00:00:00-05:00,1.8899999856948853,1.8899999856948853,1.7300000190734863,1.75,136400,0.0,0.0
2024-11-26 00:00:00-05:00,1.7999999523162842,1.8200000524520874,1.6699999570846558,1.7000000476837158,60500,0.0,0.0
2024-11-27 00:00:00-05:00,1.7200000286102295,1.7200000286102295,1.6799999475479126,1.7100000381469727,44400,0.0,0.0
2024-11-29 00:00:00-05:00,1.7200000286102295,1.8700000047683716,1.7200000286102295,1.850000023841858,71100,0.0,0.0
2024-12-02 00:00:00-05:00,1.7999999523162842,1.850000023841858,1.7699999809265137,1.7699999809265137,47000,0.0,0.0
2024-12-03 00:00:00-05:00,1.7599999904632568,1.809999942779541,1.7200000286102295,1.7200000286102295,51200,0.0,0.0
2024-12-04 00:00:00-05:00,1.75,1.75,1.7000000476837158,1.7200000286102295,49100,0.0,0.0
2024-12-05 00:00:00-05:00,1.7400000095367432,1.7699999809265137,1.7000000476837158,1.7000000476837158,50100,0.0,0.0
2024-12-06 00:00:00-05:00,1.7000000476837158,1.75,1.6699999570846558,1.7200000286102295,54800,0.0,0.0
2024-12-09 00:00:00-05:00,1.7200000286102295,1.7799999713897705,1.7100000381469727,1.7200000286102295,37100,0.0,0.0
2024-12-10 00:00:00-05:00,1.7300000190734863,1.7599999904632568,1.6799999475479126,1.7000000476837158,21300,0.0,0.0
2024-12-11 00:00:00-05:00,1.7100000381469727,1.7200000286102295,1.6799999475479126,1.690000057220459,29400,0.0,0.0
2024-12-12 00:00:00-05:00,1.6799999475479126,1.7000000476837158,1.559999942779541,1.5700000524520874,90700,0.0,0.0
2024-12-13 00:00:00-05:00,1.590000033378601,1.649999976158142,1.5499999523162842,1.6100000143051147,34300,0.0,0.0
2024-12-16 00:00:00-05:00,1.6399999856948853,1.6399999856948853,1.590000033378601,1.590000033378601,50100,0.0,0.0
2024-12-17 00:00:00-05:00,1.6299999952316284,1.7000000476837158,1.5099999904632568,1.5199999809265137,185800,0.0,0.0
2024-12-18 00:00:00-05:00,1.5199999809265137,1.6299999952316284,1.440000057220459,1.440000057220459,119100,0.0,0.0
2024-12-19 00:00:00-05:00,1.4500000476837158,1.6200000047683716,1.440000057220459,1.440000057220459,37000,0.0,0.0
2024-12-20 00:00:00-05:00,1.4299999475479126,1.5499999523162842,1.409999966621399,1.5499999523162842,85700,0.0,0.0
2024-12-23 00:00:00-05:00,1.5399999618530273,1.6100000143051147,1.4900000095367432,1.4900000095367432,38900,0.0,0.0
2024-12-24 00:00:00-05:00,1.5099999904632568,1.5800000429153442,1.5,1.5299999713897705,41100,0.0,0.0
2024-12-26 00:00:00-05:00,1.5,1.590000033378601,1.5,1.5399999618530273,29200,0.0,0.0
2024-12-27 00:00:00-05:00,1.5399999618530273,1.649999976158142,1.5399999618530273,1.6200000047683716,38500,0.0,0.0
2024-12-30 00:00:00-05:00,1.7000000476837158,1.7000000476837158,1.5700000524520874,1.6100000143051147,80500,0.0,0.0
2024-12-31 00:00:00-05:00,1.6200000047683716,1.690000057220459,1.5700000524520874,1.6299999952316284,56500,0.0,0.0
2025-01-02 00:00:00-05:00,1.649999976158142,1.6799999475479126,1.600000023841858,1.6100000143051147,36800,0.0,0.0
2025-01-03 00:00:00-05:00,1.6299999952316284,1.6699999570846558,1.6299999952316284,1.649999976158142,60900,0.0,0.0
2025-01-06 00:00:00-05:00,1.7000000476837158,1.9299999475479126,1.7000000476837158,1.9299999475479126,248300,0.0,0.0
2025-01-07 00:00:00-05:00,1.8799999952316284,1.899999976158142,1.7699999809265137,1.8799999952316284,65500,0.0,0.0
2025-01-08 00:00:00-05:00,1.899999976158142,1.9600000381469727,1.8200000524520874,1.8200000524520874,152400,0.0,0.0
2025-01-10 00:00:00-05:00,1.8600000143051147,1.9600000381469727,1.840000033378601,1.9299999475479126,198700,0.0,0.0
2025-01-13 00:00:00-05:00,1.9500000476837158,2.3499999046325684,1.9199999570846558,2.25,864900,0.0,0.0
2025-01-14 00:00:00-05:00,2.3499999046325684,2.430000066757202,1.9800000190734863,2.180000066757202,427800,0.0,0.0
2025-01-15 00:00:00-05:00,2.2200000286102295,2.2200000286102295,2.0,2.1500000953674316,183100,0.0,0.0
2025-01-16 00:00:00-05:00,2.2200000286102295,2.2899999618530273,2.109999895095825,2.2200000286102295,109900,0.0,0.0
2025-01-17 00:00:00-05:00,2.200000047683716,2.390000104904175,2.180000066757202,2.319999933242798,210900,0.0,0.0
2025-01-21 00:00:00-05:00,2.4000000953674316,6.400000095367432,2.380000114440918,3.7899999618530273,107801200,0.0,0.0
2025-01-22 00:00:00-05:00,3.559999942779541,3.890000104904175,2.869999885559082,3.1700000762939453,36575200,0.0,0.0
2025-01-23 00:00:00-05:00,3.119999885559082,3.119999885559082,2.7100000381469727,3.0199999809265137,6978100,0.0,0.0
2025-01-24 00:00:00-05:00,2.9600000381469727,3.0899999141693115,2.7300000190734863,2.7300000190734863,3517000,0.0,0.0
2025-01-27 00:00:00-05:00,2.5,2.5199999809265137,2.259999990463257,2.2899999618530273,2718600,0.0,0.0
2025-01-28 00:00:00-05:00,2.3399999141693115,2.4800000190734863,2.130000114440918,2.299999952316284,1821800,0.0,0.0
2025-01-29 00:00:00-05:00,2.3299999237060547,2.5899999141693115,2.309999942779541,2.3299999237060547,2073800,0.0,0.0
2025-01-30 00:00:00-05:00,2.369999885559082,2.380000114440918,2.190000057220459,2.190000057220459,1439600,0.0,0.0
2025-01-31 00:00:00-05:00,2.2799999713897705,2.369999885559082,2.190000057220459,2.240000009536743,1019900,0.0,0.0
2025-02-03 00:00:00-05:00,2.3499999046325684,3.559999942779541,2.2699999809265137,2.609999895095825,55832900,0.0,0.0
2025-02-04 00:00:00-05:00,2.390000104904175,2.5,2.3299999237060547,2.3499999046325684,3336200,0.0,0.0
2025-02-05 00:00:00-05:00,2.3299999237060547,2.5,2.2200000286102295,2.2899999618530273,1773700,0.0,0.0
2025-02-06 00:00:00-05:00,2.359999895095825,2.380000114440918,2.190000057220459,2.240000009536743,1669300,0.0,0.0
2025-02-07 00:00:00-05:00,2.259999990463257,2.309999942779541,2.130000114440918,2.130000114440918,1113700,0.0,0.0
2025-02-10 00:00:00-05:00,2.240000009536743,2.240000009536743,2.130000114440918,2.1500000953674316,1095300,0.0,0.0
2025-02-11 00:00:00-05:00,2.1600000858306885,2.1700000762939453,2.0299999713897705,2.0299999713897705,1096800,0.0,0.0
2025-02-12 00:00:00-05:00,2.0199999809265137,2.049999952316284,1.9600000381469727,1.9600000381469727,781300,0.0,0.0
2025-02-13 00:00:00-05:00,2.0,2.049999952316284,1.9600000381469727,2.0199999809265137,513700,0.0,0.0
2025-02-14 00:00:00-05:00,2.0899999141693115,2.0899999141693115,2.009999990463257,2.0299999713897705,710900,0.0,0.0
2025-02-18 00:00:00-05:00,2.069999933242798,2.200000047683716,2.049999952316284,2.0799999237060547,960800,0.0,0.0
2025-02-19 00:00:00-05:00,2.0799999237060547,2.1500000953674316,2.0299999713897705,2.140000104904175,799200,0.0,0.0
2025-02-20 00:00:00-05:00,2.1700000762939453,2.1700000762939453,2.049999952316284,2.049999952316284,797400,0.0,0.0
2025-02-21 00:00:00-05:00,2.0399999618530273,2.0799999237060547,1.9500000476837158,1.9500000476837158,453000,0.0,0.0
2025-02-24 00:00:00-05:00,2.0,2.0,1.8200000524520874,1.8200000524520874,703000,0.0,0.0
2025-02-25 00:00:00-05:00,1.7799999713897705,1.8700000047683716,1.6799999475479126,1.690000057220459,789400,0.0,0.0
2025-02-26 00:00:00-05:00,1.7000000476837158,1.7400000095367432,1.659999966621399,1.6799999475479126,347600,0.0,0.0
2025-02-27 00:00:00-05:00,1.6799999475479126,1.7000000476837158,1.600000023841858,1.600000023841858,320300,0.0,0.0
2025-02-28 00:00:00-05:00,1.6399999856948853,1.6699999570846558,1.5499999523162842,1.6399999856948853,421000,0.0,0.0
2025-03-03 00:00:00-05:00,1.659999966621399,1.659999966621399,1.4700000286102295,1.5099999904632568,579900,0.0,0.0
2025-03-04 00:00:00-05:00,1.409999966621399,1.5700000524520874,1.409999966621399,1.5099999904632568,568200,0.0,0.0
2025-03-05 00:00:00-05:00,1.5700000524520874,1.6100000143051147,1.4800000190734863,1.5199999809265137,269100,0.0,0.0
2025-03-06 00:00:00-05:00,1.5199999809265137,1.5499999523162842,1.4600000381469727,1.4600000381469727,251400,0.0,0.0
2025-03-07 00:00:00-05:00,1.4500000476837158,1.559999942779541,1.4199999570846558,1.4900000095367432,333600,0.0,0.0
2025-03-10 00:00:00-04:00,1.5,1.5199999809265137,1.340000033378601,1.340000033378601,435400,0.0,0.0
2025-03-11 00:00:00-04:00,1.3300000429153442,1.399999976158142,1.309999942779541,1.3600000143051147,221500,0.0,0.0
2025-03-12 00:00:00-04:00,1.399999976158142,1.4700000286102295,1.3799999952316284,1.4299999475479126,469700,0.0,0.0
2025-03-13 00:00:00-04:00,1.3700000047683716,1.4199999570846558,1.25,1.2599999904632568,433900,0.0,0.0
2025-03-14 00:00:00-04:00,1.2699999809265137,1.3799999952316284,1.2599999904632568,1.3600000143051147,220100,0.0,0.0
2025-03-17 00:00:00-04:00,1.3799999952316284,1.4800000190734863,1.3600000143051147,1.4500000476837158,473100,0.0,0.0
2025-03-18 00:00:00-04:00,1.4700000286102295,1.5199999809265137,1.409999966621399,1.440000057220459,352900,0.0,0.0
2025-03-19 00:00:00-04:00,1.4299999475479126,1.5299999713897705,1.4299999475479126,1.4700000286102295,285300,0.0,0.0
2025-03-20 00:00:00-04:00,1.4700000286102295,1.4700000286102295,1.399999976158142,1.409999966621399,177300,0.0,0.0
2025-03-21 00:00:00-04:00,1.3899999856948853,1.4500000476837158,1.3700000047683716,1.3700000047683716,354600,0.0,0.0
2025-03-24 00:00:00-04:00,1.399999976158142,1.4199999570846558,1.3799999952316284,1.399999976158142,196500,0.0,0.0
2025-03-25 00:00:00-04:00,1.399999976158142,1.409999966621399,1.309999942779541,1.3300000429153442,377500,0.0,0.0
2025-03-26 00:00:00-04:00,1.3200000524520874,1.3700000047683716,1.2799999713897705,1.2799999713897705,181500,0.0,0.0
2025-03-27 00:00:00-04:00,1.2699999809265137,1.2999999523162842,1.25,1.25,135900,0.0,0.0
2025-03-28 00:00:00-04:00,1.2699999809265137,1.2999999523162842,1.190000057220459,1.2100000381469727,163200,0.0,0.0
2025-03-31 00:00:00-04:00,1.190000057220459,1.25,1.1699999570846558,1.2000000476837158,282600,0.0,0.0
2025-04-01 00:00:00-04:00,1.190000057220459,1.2400000095367432,1.159999966621399,1.2000000476837158,208500,0.0,0.0
2025-04-02 00:00:00-04:00,1.190000057220459,1.2899999618530273,1.190000057220459,1.2300000190734863,217000,0.0,0.0
2025-04-03 00:00:00-04:00,1.190000057220459,1.2200000286102295,1.1399999856948853,1.149999976158142,217700,0.0,0.0
2025-04-04 00:00:00-04:00,1.1100000143051147,1.1399999856948853,1.0199999809265137,1.0399999618530273,351600,0.0,0.0
2025-04-07 00:00:00-04:00,1.0,1.1399999856948853,0.9800000190734863,1.0399999618530273,463900,0.0,0.0
2025-04-08 00:00:00-04:00,1.090000033378601,1.25,1.0499999523162842,1.090000033378601,680300,0.0,0.0
2025-04-09 00:00:00-04:00,1.0800000429153442,1.1399999856948853,1.0099999904632568,1.100000023841858,515100,0.0,0.0
2025-04-10 00:00:00-04:00,1.149999976158142,1.149999976158142,1.0299999713897705,1.0499999523162842,164800,0.0,0.0
2025-04-11 00:00:00-04:00,1.0399999618530273,1.149999976158142,1.0399999618530273,1.1200000047683716,198900,0.0,0.0
2025-04-14 00:00:00-04:00,1.1299999952316284,1.159999966621399,1.059999942779541,1.100000023841858,207800,0.0,0.0
2025-04-15 00:00:00-04:00,1.100000023841858,1.1699999570846558,1.100000023841858,1.100000023841858,160900,0.0,0.0
2025-04-16 00:00:00-04:00,1.100000023841858,1.149999976158142,1.100000023841858,1.1299999952316284,143600,0.0,0.0
2025-04-17 00:00:00-04:00,1.1399999856948853,1.190000057220459,1.1200000047683716,1.149999976158142,207400,0.0,0.0
2025-04-21 00:00:00-04:00,1.1299999952316284,1.149999976158142,1.0700000524520874,1.0800000429153442,129500,0.0,0.0
2025-04-22 00:00:00-04:00,1.0800000429153442,1.1299999952316284,1.0800000429153442,1.090000033378601,146900,0.0,0.0
2025-04-23 00:00:00-04:00,1.100000023841858,1.1399999856948853,1.0800000429153442,1.100000023841858,145000,0.0,0.0
2025-04-24 00:00:00-04:00,1.1299999952316284,1.1699999570846558,1.1100000143051147,1.149999976158142,110500,0.0,0.0
2025-04-25 00:00:00-04:00,1.149999976158142,1.1699999570846558,1.1399999856948853,1.159999966621399,69900,0.0,0.0
2025-04-28 00:00:00-04:00,1.1799999475479126,1.2200000286102295,1.149999976158142,1.1699999570846558,112200,0.0,0.0
2025-04-29 00:00:00-04:00,1.159999966621399,1.190000057220459,1.1200000047683716,1.1200000047683716,68700,0.0,0.0
2025-04-30 00:00:00-04:00,1.1200000047683716,1.1399999856948853,1.090000033378601,1.1200000047683716,102900,0.0,0.0
2025-05-01 00:00:00-04:00,1.1399999856948853,1.190000057220459,1.1200000047683716,1.159999966621399,242100,0.0,0.0
2025-05-02 00:00:00-04:00,1.149999976158142,1.1699999570846558,1.1100000143051147,1.1299999952316284,185300,0.0,0.0
2025-05-05 00:00:00-04:00,1.1100000143051147,1.1399999856948853,1.100000023841858,1.1200000047683716,150400,0.0,0.0
2025-05-06 00:00:00-04:00,1.1200000047683716,1.1399999856948853,1.100000023841858,1.1200000047683716,117700,0.0,0.0
2025-05-07 00:00:00-04:00,1.149999976158142,1.149999976158142,1.0800000429153442,1.100000023841858,150200,0.0,0.0
2025-05-08 00:00:00-04:00,1.1299999952316284,1.149999976158142,1.100000023841858,1.1399999856948853,135600,0.0,0.0
2025-05-09 00:00:00-04:00,1.1100000143051147,1.1699999570846558,1.1100000143051147,1.1299999952316284,111400,0.0,0.0
2025-05-12 00:00:00-04:00,1.149999976158142,1.190000057220459,1.0700000524520874,1.0700000524520874,305900,0.0,0.0
2025-05-13 00:00:00-04:00,1.0800000429153442,1.1200000047683716,1.0700000524520874,1.1100000143051147,289300,0.0,0.0
2025-05-14 00:00:00-04:00,1.1299999952316284,1.2400000095367432,1.1100000143051147,1.2200000286102295,501600,0.0,0.0
2025-05-15 00:00:00-04:00,1.2100000381469727,1.309999942779541,1.190000057220459,1.2000000476837158,253700,0.0,0.0
2025-05-16 00:00:00-04:00,1.2100000381469727,1.25,1.2100000381469727,1.2400000095367432,109700,0.0,0.0
2025-05-19 00:00:00-04:00,1.2400000095367432,1.2400000095367432,1.1799999475479126,1.190000057220459,139200,0.0,0.0
2025-05-20 00:00:00-04:00,1.1799999475479126,1.2200000286102295,1.1799999475479126,1.190000057220459,223400,0.0,0.0
2025-05-21 00:00:00-04:00,1.2300000190734863,1.2999999523162842,1.2000000476837158,1.25,325600,0.0,0.0
2025-05-22 00:00:00-04:00,1.2400000095367432,1.25,1.190000057220459,1.2200000286102295,170200,0.0,0.0
2025-05-23 00:00:00-04:00,1.25,1.4700000286102295,1.25,1.340000033378601,1216700,0.0,0.0
2025-05-27 00:00:00-04:00,1.3600000143051147,1.440000057220459,1.309999942779541,1.3799999952316284,441900,0.0,0.0
2025-05-28 00:00:00-04:00,1.409999966621399,1.409999966621399,1.3300000429153442,1.3600000143051147,226300,0.0,0.0
2025-05-29 00:00:00-04:00,1.340000033378601,1.3600000143051147,1.2899999618530273,1.2899999618530273,197500,0.0,0.0
2025-05-30 00:00:00-04:00,1.2899999618530273,1.2999999523162842,1.2200000286102295,1.2200000286102295,155200,0.0,0.0
2025-06-02 00:00:00-04:00,1.2400000095367432,1.3700000047683716,1.2300000190734863,1.3300000429153442,297600,0.0,0.0
2025-06-03 00:00:00-04:00,1.309999942779541,1.3600000143051147,1.2899999618530273,1.2899999618530273,200300,0.0,0.0
2025-06-04 00:00:00-04:00,1.3200000524520874,1.3600000143051147,1.2699999809265137,1.2799999713897705,188600,0.0,0.0
2025-06-05 00:00:00-04:00,1.2999999523162842,1.2999999523162842,1.2200000286102295,1.2300000190734863,166700,0.0,0.0
2025-06-06 00:00:00-04:00,1.2400000095367432,1.3300000429153442,1.2400000095367432,1.2999999523162842,169300,0.0,0.0
2025-06-09 00:00:00-04:00,1.309999942779541,1.3200000524520874,1.2799999713897705,1.2799999713897705,90200,0.0,0.0
2025-06-10 00:00:00-04:00,1.2799999713897705,1.309999942779541,1.2599999904632568,1.2699999809265137,185000,0.0,0.0
2025-06-11 00:00:00-04:00,1.2699999809265137,1.440000057220459,1.2699999809265137,1.3799999952316284,471000,0.0,0.0
2025-06-12 00:00:00-04:00,1.409999966621399,1.5199999809265137,1.3300000429153442,1.4199999570846558,1267600,0.0,0.0
2025-06-13 00:00:00-04:00,2.549999952316284,2.75,2.0999999046325684,2.2100000381469727,106880900,0.0,0.0
2025-06-16 00:00:00-04:00,2.190000057220459,2.2200000286102295,1.649999976158142,1.7200000286102295,17429000,0.0,0.0
2025-06-17 00:00:00-04:00,1.75,2.390000104904175,1.75,2.119999885559082,20248600,0.0,0.0
2025-06-18 00:00:00-04:00,2.140000104904175,2.430000066757202,1.899999976158142,1.9900000095367432,10845400,0.0,0.0
2025-06-20 00:00:00-04:00,1.9299999475479126,1.9500000476837158,1.7200000286102295,1.7599999904632568,3924100,0.0,0.0
2025-06-23 00:00:00-04:00,1.9900000095367432,2.140000104904175,1.7999999523162842,1.840000033378601,14559400,0.0,0.0
2025-06-24 00:00:00-04:00,1.5,1.649999976158142,1.440000057220459,1.5800000429153442,3474200,0.0,0.0
2025-06-25 00:00:00-04:00,1.5099999904632568,1.690000057220459,1.4500000476837158,1.5099999904632568,2147200,0.0,0.0
2025-06-26 00:00:00-04:00,1.5,1.659999966621399,1.5,1.5800000429153442,1520800,0.0,0.0
2025-06-27 00:00:00-04:00,1.600000023841858,1.6299999952316284,1.5,1.5,1010400,0.0,0.0
2025-06-30 00:00:00-04:00,1.4700000286102295,1.5199999809265137,1.399999976158142,1.399999976158142,973700,0.0,0.0
2025-07-01 00:00:00-04:00,1.4199999570846558,1.4800000190734863,1.340000033378601,1.3700000047683716,1199100,0.0,0.0
2025-07-02 00:00:00-04:00,1.3799999952316284,1.4199999570846558,1.3600000143051147,1.3700000047683716,507800,0.0,0.0
2025-07-03 00:00:00-04:00,1.3899999856948853,1.399999976158142,1.3600000143051147,1.3700000047683716,365500,0.0,0.0
2025-07-07 00:00:00-04:00,1.409999966621399,1.4199999570846558,1.309999942779541,1.3300000429153442,761400,0.0,0.0
2025-07-08 00:00:00-04:00,1.3200000524520874,1.4199999570846558,1.3200000524520874,1.399999976158142,736500,0.0,0.0
2025-07-09 00:00:00-04:00,1.399999976158142,1.409999966621399,1.2999999523162842,1.3300000429153442,708800,0.0,0.0
2025-07-10 00:00:00-04:00,1.3300000429153442,1.399999976158142,1.309999942779541,1.3700000047683716,628400,0.0,0.0
2025-07-11 00:00:00-04:00,1.3600000143051147,1.3899999856948853,1.3200000524520874,1.3600000143051147,423400,0.0,0.0
2025-07-14 00:00:00-04:00,1.3600000143051147,1.399999976158142,1.350000023841858,1.3600000143051147,392300,0.0,0.0
2025-07-15 00:00:00-04:00,1.3600000143051147,1.3799999952316284,1.3200000524520874,1.3200000524520874,263100,0.0,0.0
2025-07-16 00:00:00-04:00,1.3200000524520874,1.350000023841858,1.2899999618530273,1.2999999523162842,465600,0.0,0.0
2025-07-17 00:00:00-04:00,1.2899999618530273,1.2999999523162842,1.2200000286102295,1.2699999809265137,854500,0.0,0.0
2025-07-18 00:00:00-04:00,1.2799999713897705,1.3300000429153442,1.2799999713897705,1.2799999713897705,289000,0.0,0.0
2025-07-21 00:00:00-04:00,1.2799999713897705,1.2999999523162842,1.2200000286102295,1.2200000286102295,449600,0.0,0.0
2025-07-22 00:00:00-04:00,1.2400000095367432,1.2899999618530273,1.2000000476837158,1.2799999713897705,488200,0.0,0.0
2025-07-23 00:00:00-04:00,1.2699999809265137,1.2899999618530273,1.25,1.2599999904632568,201300,0.0,0.0
2025-07-24 00:00:00-04:00,1.2599999904632568,1.2599999904632568,1.2200000286102295,1.2200000286102295,303900,0.0,0.0
2025-07-25 00:00:00-04:00,1.2100000381469727,1.2200000286102295,1.190000057220459,1.190000057220459,327400,0.0,0.0
2025-07-28 00:00:00-04:00,1.25,1.399999976158142,1.25,1.3200000524520874,1694600,0.0,0.0
2025-07-29 00:00:00-04:00,1.3200000524520874,1.340000033378601,1.2400000095367432,1.3200000524520874,852400,0.0,0.0
2025-07-30 00:00:00-04:00,1.3200000524520874,1.3200000524520874,1.2400000095367432,1.2400000095367432,562400,0.0,0.0
2025-07-31 00:00:00-04:00,1.2400000095367432,1.2699999809265137,1.2000000476837158,1.2000000476837158,236900,0.0,0.0
2025-08-01 00:00:00-04:00,1.2000000476837158,1.25,1.1699999570846558,1.1799999475479126,301300,0.0,0.0
2025-08-04 00:00:00-04:00,1.1799999475479126,1.1799999475479126,1.149999976158142,1.1699999570846558,426500,0.0,0.0
2025-08-05 00:00:00-04:00,1.1699999570846558,1.190000057220459,1.159999966621399,1.1699999570846558,232500,0.0,0.0
2025-08-06 00:00:00-04:00,1.159999966621399,1.2100000381469727,1.149999976158142,1.159999966621399,359100,0.0,0.0
2025-08-07 00:00:00-04:00,1.1699999570846558,1.190000057220459,1.149999976158142,1.149999976158142,147700,0.0,0.0
2025-08-08 00:00:00-04:00,1.1399999856948853,1.1699999570846558,1.1299999952316284,1.1399999856948853,199700,0.0,0.0
2025-08-11 00:00:00-04:00,1.159999966621399,1.2000000476837158,1.159999966621399,1.190000057220459,223900,0.0,0.0
2025-08-12 00:00:00-04:00,1.149999976158142,1.1699999570846558,1.1299999952316284,1.159999966621399,271100,0.0,0.0
2025-08-13 00:00:00-04:00,1.1699999570846558,1.1799999475479126,1.149999976158142,1.1699999570846558,158300,0.0,0.0
2025-08-14 00:00:00-04:00,1.1699999570846558,1.2300000190734863,1.149999976158142,1.2100000381469727,268200,0.0,0.0
2025-08-15 00:00:00-04:00,1.2100000381469727,1.2400000095367432,1.190000057220459,1.2100000381469727,337600,0.0,0.0
2025-08-18 00:00:00-04:00,1.1799999475479126,1.2100000381469727,1.1699999570846558,1.2000000476837158,235100,0.0,0.0
2025-08-19 00:00:00-04:00,1.190000057220459,1.2100000381469727,1.1799999475479126,1.190000057220459,138700,0.0,0.0
2025-08-20 00:00:00-04:00,1.2100000381469727,1.2100000381469727,1.159999966621399,1.190000057220459,149100,0.0,0.0
2025-08-21 00:00:00-04:00,1.1799999475479126,1.2000000476837158,1.159999966621399,1.1799999475479126,142700,0.0,0.0
2025-08-22 00:00:00-04:00,1.190000057220459,1.2100000381469727,1.1699999570846558,1.1699999570846558,212200,0.0,0.0
2025-08-25 00:00:00-04:00,1.1799999475479126,1.2200000286102295,1.1799999475479126,1.2100000381469727,326400,0.0,0.0
2025-08-26 00:00:00-04:00,1.2000000476837158,1.2200000286102295,1.190000057220459,1.2100000381469727,203300,0.0,0.0
2025-08-27 00:00:00-04:00,1.2000000476837158,1.2400000095367432,1.1799999475479126,1.1799999475479126,270700,0.0,0.0
2025-08-28 00:00:00-04:00,1.1799999475479126,1.2200000286102295,1.1799999475479126,1.190000057220459,186800,0.0,0.0
2025-08-29 00:00:00-04:00,1.190000057220459,1.2200000286102295,1.1799999475479126,1.190000057220459,100700,0.0,0.0
2025-09-02 00:00:00-04:00,1.190000057220459,1.2000000476837158,1.1699999570846558,1.1699999570846558,151900,0.0,0.0
2025-09-03 00:00:00-04:00,1.1799999475479126,1.1799999475479126,1.159999966621399,1.159999966621399,133000,0.0,0.0
2025-09-04 00:00:00-04:00,1.159999966621399,1.1699999570846558,1.100000023841858,1.1200000047683716,404900,0.0,0.0
2025-09-05 00:00:00-04:00,1.1200000047683716,1.1299999952316284,1.100000023841858,1.1100000143051147,167400,0.0,0.0
2025-09-08 00:00:00-04:00,1.1200000047683716,1.1299999952316284,1.100000023841858,1.1100000143051147,244300,0.0,0.0
2025-09-09 00:00:00-04:00,1.1200000047683716,1.159999966621399,1.1200000047683716,1.1299999952316284,270200,0.0,0.0
2025-09-10 00:00:00-04:00,1.149999976158142,1.190000057220459,1.1399999856948853,1.1699999570846558,318700,0.0,0.0
2025-09-11 00:00:00-04:00,1.1200000047683716,1.1699999570846558,1.1200000047683716,1.1299999952316284,192000,0.0,0.0
2025-09-12 00:00:00-04:00,1.1399999856948853,1.159999966621399,1.1399999856948853,1.149999976158142,170000,0.0,0.0
2025-09-15 00:00:00-04:00,1.149999976158142,1.1799999475479126,1.1399999856948853,1.159999966621399,194700,0.0,0.0
2025-09-16 00:00:00-04:00,1.1699999570846558,1.2200000286102295,1.1699999570846558,1.2000000476837158,272600,0.0,0.0
2025-09-17 00:00:00-04:00,1.2100000381469727,1.2100000381469727,1.159999966621399,1.159999966621399,211100,0.0,0.0
2025-09-18 00:00:00-04:00,1.159999966621399,1.2000000476837158,1.159999966621399,1.1799999475479126,161900,0.0,0.0
2025-09-19 00:00:00-04:00,1.1699999570846558,1.2000000476837158,1.159999966621399,1.159999966621399,274700,0.0,0.0
2025-09-22 00:00:00-04:00,1.159999966621399,1.2000000476837158,1.159999966621399,1.1699999570846558,160500,0.0,0.0
2025-09-23 00:00:00-04:00,1.190000057220459,1.2599999904632568,1.1699999570846558,1.2000000476837158,642900,0.0,0.0
2025-09-24 00:00:00-04:00,1.2100000381469727,1.2799999713897705,1.2100000381469727,1.25,600700,0.0,0.0
2025-09-25 00:00:00-04:00,1.25,1.25,1.2000000476837158,1.2200000286102295,654200,0.0,0.0
2025-09-26 00:00:00-04:00,1.2300000190734863,1.3200000524520874,1.2000000476837158,1.2400000095367432,1108900,0.0,0.0
2025-09-29 00:00:00-04:00,1.2400000095367432,1.2400000095367432,1.1799999475479126,1.190000057220459,436500,0.0,0.0
2025-09-30 00:00:00-04:00,1.190000057220459,1.2000000476837158,1.1699999570846558,1.1799999475479126,141700,0.0,0.0
2025-10-01 00:00:00-04:00,1.1799999475479126,1.2200000286102295,1.1799999475479126,1.2100000381469727,176100,0.0,0.0
2025-10-02 00:00:00-04:00,1.2200000286102295,1.2200000286102295,1.190000057220459,1.2100000381469727,96800,0.0,0.0
2025-10-03 00:00:00-04:00,1.2100000381469727,1.2300000190734863,1.190000057220459,1.2100000381469727,233600,0.0,0.0
2025-10-06 00:00:00-04:00,1.2200000286102295,1.2599999904632568,1.190000057220459,1.2200000286102295,312300,0.0,0.0
2025-10-07 00:00:00-04:00,1.2300000190734863,1.25,1.2000000476837158,1.2200000286102295,245100,0.0,0.0
2025-10-08 00:00:00-04:00,1.2200000286102295,1.2400000095367432,1.2000000476837158,1.2100000381469727,216800,0.0,0.0
2025-10-09 00:00:00-04:00,1.2200000286102295,1.2300000190734863,1.2000000476837158,1.2000000476837158,247500,0.0,0.0
2025-10-10 00:00:00-04:00,1.190000057220459,1.2000000476837158,1.1100000143051147,1.1100000143051147,607000,0.0,0.0
2025-10-13 00:00:00-04:00,1.1200000047683716,1.149999976158142,1.100000023841858,1.1399999856948853,304500,0.0,0.0
2025-10-14 00:00:00-04:00,1.1200000047683716,1.159999966621399,1.1100000143051147,1.1399999856948853,522000,0.0,0.0
2025-10-15 00:00:00-04:00,1.159999966621399,1.2599999904632568,1.159999966621399,1.2200000286102295,987300,0.0,0.0
2025-10-16 00:00:00-04:00,1.2300000190734863,1.2300000190734863,1.1799999475479126,1.190000057220459,491300,0.0,0.0
2025-10-17 00:00:00-04:00,1.1799999475479126,1.1799999475479126,1.149999976158142,1.1699999570846558,246900,0.0,0.0
2025-10-20 00:00:00-04:00,1.1699999570846558,1.2200000286102295,1.1699999570846558,1.2000000476837158,277000,0.0,0.0
2025-10-21 00:00:00-04:00,1.2000000476837158,1.2100000381469727,1.1799999475479126,1.190000057220459,202700,0.0,0.0
2025-10-22 00:00:00-04:00,1.190000057220459,1.25,1.1699999570846558,1.2100000381469727,1708000,0.0,0.0
2025-10-23 00:00:00-04:00,1.2999999523162842,1.3700000047683716,1.2200000286102295,1.2300000190734863,2217500,0.0,0.0
2025-10-24 00:00:00-04:00,1.2300000190734863,1.2999999523162842,1.2300000190734863,1.2400000095367432,1634500,0.0,0.0
2025-10-27 00:00:00-04:00,1.2799999713897705,1.2799999713897705,1.2300000190734863,1.2400000095367432,1162600,0.0,0.0
2025-10-28 00:00:00-04:00,1.2400000095367432,1.25,1.1699999570846558,1.1699999570846558,1012800,0.0,0.0
2025-10-29 00:00:00-04:00,1.190000057220459,1.2300000190734863,1.1699999570846558,1.190000057220459,474200,0.0,0.0
2025-10-30 00:00:00-04:00,1.1699999570846558,1.2000000476837158,1.1399999856948853,1.159999966621399,568800,0.0,0.0
2025-10-31 00:00:00-04:00,1.1699999570846558,1.25,1.1699999570846558,1.2300000190734863,993100,0.0,0.0
2025-11-03 00:00:00-05:00,1.2300000190734863,1.25,1.149999976158142,1.1699999570846558,582800,0.0,0.0
2025-11-04 00:00:00-05:00,1.1399999856948853,1.1799999475479126,1.1100000143051147,1.1200000047683716,586200,0.0,0.0
2025-11-05 00:00:00-05:00,1.1200000047683716,1.149999976158142,1.1100000143051147,1.1299999952316284,233200,0.0,0.0
2025-11-06 00:00:00-05:00,1.149999976158142,1.149999976158142,1.059999942779541,1.090000033378601,496900,0.0,0.0
2025-11-07 00:00:00-05:00,1.0700000524520874,1.0800000429153442,1.0399999618530273,1.059999942779541,492400,0.0,0.0
2025-11-10 00:00:00-05:00,1.100000023841858,1.100000023841858,1.0499999523162842,1.0800000429153442,277900,0.0,0.0
2025-11-11 00:00:00-05:00,1.100000023841858,1.1399999856948853,1.0800000429153442,1.1299999952316284,226000,0.0,0.0
2025-11-12 00:00:00-05:00,1.100000023841858,1.100000023841858,1.0499999523162842,1.0499999523162842,296300,0.0,0.0
2025-11-13 00:00:00-05:00,1.059999942779541,1.100000023841858,1.0499999523162842,1.0499999523162842,230600,0.0,0.0
2025-11-14 00:00:00-05:00,1.0399999618530273,1.0700000524520874,1.0199999809265137,1.0499999523162842,265000,0.0,0.0
2025-11-17 00:00:00-05:00,1.0499999523162842,1.0700000524520874,1.0199999809265137,1.0299999713897705,263300,0.0,0.0
2025-11-18 00:00:00-05:00,1.0299999713897705,1.0700000524520874,1.0199999809265137,1.0700000524520874,175000,0.0,0.0
2025-11-19 00:00:00-05:00,1.0499999523162842,1.0499999523162842,0.9900000095367432,1.0,400800,0.0,0.0
2025-11-20 00:00:00-05:00,1.0199999809265137,1.0199999809265137,0.9399999976158142,0.9599999785423279,463300,0.0,0.0
2025-11-21 00:00:00-05:00,0.9700000286102295,1.0,0.9399999976158142,0.9800000190734863,237300,0.0,0.0
2025-11-24 00:00:00-05:00,0.9800000190734863,1.0299999713897705,0.9800000190734863,1.0199999809265137,172100,0.0,0.0
2025-11-25 00:00:00-05:00,1.0099999904632568,1.0199999809265137,0.9900000095367432,0.9900000095367432,218900,0.0,0.0
2025-11-26 00:00:00-05:00,1.0099999904632568,1.059999942779541,1.0,1.0,164200,0.0,0.0
2025-11-28 00:00:00-05:00,1.0,1.0299999713897705,0.9800000190734863,0.9800000190734863,260900,0.0,0.0
2025-12-01 00:00:00-05:00,0.9900000095367432,1.0499999523162842,0.9800000190734863,1.0199999809265137,277400,0.0,0.0
2025-12-02 00:00:00-05:00,1.0099999904632568,1.0299999713897705,0.9599999785423279,0.9700000286102295,277300,0.0,0.0
2025-12-03 00:00:00-05:00,0.9800000190734863,1.0,0.9700000286102295,0.9900000095367432,179400,0.0,0.0
2025-12-04 00:00:00-05:00,0.9800000190734863,1.0399999618530273,0.9800000190734863,1.0099999904632568,346800,0.0,0.0
2025-12-05 00:00:00-05:00,1.0299999713897705,1.0700000524520874,1.0099999904632568,1.059999942779541,495000,0.0,0.0
2025-12-08 00:00:00-05:00,1.0700000524520874,1.0700000524520874,1.0,1.0099999904632568,233300,0.0,0.0
2025-12-09 00:00:00-05:00,1.0,1.0399999618530273,0.9900000095367432,1.0399999618530273,177000,0.0,0.0
2025-12-10 00:00:00-05:00,1.0199999809265137,1.0399999618530273,1.0,1.0199999809265137,127400,0.0,0.0
2025-12-11 00:00:00-05:00,1.0199999809265137,1.0199999809265137,0.9900000095367432,0.9900000095367432,107900,0.0,0.0
2025-12-12 00:00:00-05:00,1.0199999809265137,1.0299999713897705,0.9700000286102295,0.9800000190734863,324200,0.0,0.0
2025-12-15 00:00:00-05:00,0.9800000190734863,0.9900000095367432,0.9399999976158142,0.949999988079071,260600,0.0,0.0
2025-12-16 00:00:00-05:00,0.9700000286102295,0.9700000286102295,0.9300000071525574,0.9399999976158142,280900,0.0,0.0
2025-12-17 00:00:00-05:00,0.9300000071525574,1.0099999904632568,0.9200000166893005,0.9900000095367432,1452700,0.0,0.0
2025-12-18 00:00:00-05:00,0.9700000286102295,0.9900000095367432,0.9300000071525574,0.9399999976158142,820200,0.0,0.0
2025-12-19 00:00:00-05:00,0.9200000166893005,0.949999988079071,0.9200000166893005,0.9200000166893005,400500,0.0,0.0
2025-12-22 00:00:00-05:00,0.9200000166893005,1.0199999809265137,0.9200000166893005,0.9900000095367432,774300,0.0,0.0
2025-12-23 00:00:00-05:00,0.9700000286102295,1.0199999809265137,0.9599999785423279,1.0099999904632568,277500,0.0,0.0
2025-12-24 00:00:00-05:00,1.0,1.0199999809265137,0.9700000286102295,0.9700000286102295,251000,0.0,0.0
2025-12-26 00:00:00-05:00,0.9700000286102295,0.9900000095367432,0.9399999976158142,0.9399999976158142,366300,0.0,0.0
2025-12-29 00:00:00-05:00,0.9300000071525574,0.9900000095367432,0.9300000071525574,0.9800000190734863,703400,0.0,0.0
2025-12-30 00:00:00-05:00,0.9800000190734863,1.0299999713897705,0.949999988079071,0.949999988079071,271800,0.0,0.0
2025-12-31 00:00:00-05:00,0.949999988079071,0.9700000286102295,0.9200000166893005,0.9200000166893005,259300,0.0,0.0
2026-01-02 00:00:00-05:00,0.9300000071525574,0.9599999785423279,0.9100000262260437,0.9599999785423279,184600,0.0,0.0
2026-01-05 00:00:00-05:00,1.0800000429153442,1.090000033378601,0.9599999785423279,0.9900000095367432,16548900,0.0,0.0
2026-01-06 00:00:00-05:00,0.9800000190734863,1.0099999904632568,0.949999988079071,0.9800000190734863,1545100,0.0,0.0
2026-01-07 00:00:00-05:00,0.9700000286102295,1.0199999809265137,0.9599999785423279,0.9700000286102295,926200,0.0,0.0
2026-01-08 00:00:00-05:00,0.9800000190734863,1.059999942779541,0.9700000286102295,1.0499999523162842,1778000,0.0,0.0
2026-01-09 00:00:00-05:00,1.0499999523162842,1.0700000524520874,1.0199999809265137,1.0299999713897705,630400,0.0,0.0
2026-01-12 00:00:00-05:00,1.0199999809265137,1.0700000524520874,0.9900000095367432,1.0099999904632568,1680800,0.0,0.0
2026-01-13 00:00:00-05:00,1.0,1.0499999523162842,0.9800000190734863,0.9900000095367432,3024700,0.0,0.0
2026-01-14 00:00:00-05:00,0.9900000095367432,1.1100000143051147,0.9900000095367432,1.059999942779541,2993400,0.0,0.0
2026-01-15 00:00:00-05:00,1.0099999904632568,1.0399999618530273,0.9900000095367432,1.0099999904632568,938700,0.0,0.0
2026-01-16 00:00:00-05:00,1.0,1.0399999618530273,1.0,1.0399999618530273,382900,0.0,0.0
2026-01-20 00:00:00-05:00,1.0299999713897705,1.0499999523162842,1.0099999904632568,1.0099999904632568,266000,0.0,0.0
2026-01-21 00:00:00-05:00,1.0099999904632568,1.0499999523162842,0.9800000190734863,0.9900000095367432,792500,0.0,0.0
2026-01-22 00:00:00-05:00,0.9900000095367432,1.0199999809265137,0.9700000286102295,1.0,827300,0.0,0.0
2026-01-23 00:00:00-05:00,1.0299999713897705,1.059999942779541,1.0,1.0,1341300,0.0,0.0
2026-01-26 00:00:00-05:00,1.0,1.0199999809265137,0.9599999785423279,0.9800000190734863,1038600,0.0,0.0
2026-01-27 00:00:00-05:00,0.9800000190734863,1.0299999713897705,0.9700000286102295,1.0,976000,0.0,0.0
2026-01-28 00:00:00-05:00,1.0099999904632568,1.149999976158142,1.0099999904632568,1.1299999952316284,1967300,0.0,0.0
2026-01-29 00:00:00-05:00,1.2100000381469727,1.25,1.090000033378601,1.149999976158142,2262900,0.0,0.0
2026-01-30 00:00:00-05:00,1.1399999856948853,1.1399999856948853,1.0299999713897705,1.0800000429153442,1433500,0.0,0.0
2026-02-02 00:00:00-05:00,1.0199999809265137,1.0499999523162842,0.9800000190734863,1.0,876700,0.0,0.0
2026-02-03 00:00:00-05:00,1.0099999904632568,1.090000033378601,1.0,1.0399999618530273,1255200,0.0,0.0
2026-02-04 00:00:00-05:00,1.0399999618530273,1.1100000143051147,0.9900000095367432,1.059999942779541,1766400,0.0,0.0
2026-02-05 00:00:00-05:00,1.0299999713897705,1.0700000524520874,1.0099999904632568,1.0099999904632568,436200,0.0,0.0
2026-02-06 00:00:00-05:00,1.0199999809265137,1.090000033378601,1.0199999809265137,1.0700000524520874,1114200,0.0,0.0
2026-02-09 00:00:00-05:00,1.059999942779541,1.090000033378601,1.0299999713897705,1.059999942779541,451000,0.0,0.0
2026-02-10 00:00:00-05:00,1.059999942779541,1.0700000524520874,1.0099999904632568,1.0199999809265137,1089900,0.0,0.0
2026-02-11 00:00:00-05:00,1.0399999618530273,1.0700000524520874,1.0099999904632568,1.0099999904632568,1228300,0.0,0.0
2026-02-12 00:00:00-05:00,1.0199999809265137,1.0199999809265137,0.9599999785423279,0.9599999785423279,870800,0.0,0.0
2026-02-13 00:00:00-05:00,0.9700000286102295,1.0199999809265137,0.9700000286102295,1.0,420900,0.0,0.0
2026-02-17 00:00:00-05:00,1.0,1.0199999809265137,0.9599999785423279,0.9700000286102295,715200,0.0,0.0
2026-02-18 00:00:00-05:00,1.0,1.0800000429153442,0.9900000095367432,1.0399999618530273,2617500,0.0,0.0
2026-02-19 00:00:00-05:00,1.059999942779541,1.0800000429153442,0.9900000095367432,1.0499999523162842,3407800,0.0,0.0
2026-02-20 00:00:00-05:00,1.0399999618530273,1.0700000524520874,1.0099999904632568,1.0199999809265137,1208300,0.0,0.0
2026-02-23 00:00:00-05:00,1.0299999713897705,1.0499999523162842,1.0,1.0099999904632568,1437200,0.0,0.0
2026-02-24 00:00:00-05:00,1.0099999904632568,1.0099999904632568,0.9800000190734863,0.9900000095367432,849000,0.0,0.0
2026-02-25 00:00:00-05:00,1.0099999904632568,1.0299999713897705,0.9700000286102295,1.0299999713897705,789500,0.0,0.0
2026-02-26 00:00:00-05:00,1.0099999904632568,1.0399999618530273,0.9900000095367432,1.0099999904632568,1860700,0.0,0.0
2026-02-27 00:00:00-05:00,1.0299999713897705,1.0800000429153442,0.9800000190734863,1.0700000524520874,3782300,0.0,0.0
2026-03-02 00:00:00-05:00,1.5,1.5199999809265137,1.0700000524520874,1.149999976158142,84516500,0.0,0.0
2026-03-03 00:00:00-05:00,1.25,1.4800000190734863,1.2300000190734863,1.4299999475479126,47508500,0.0,0.0
2026-03-04 00:00:00-05:00,1.1299999952316284,1.190000057220459,1.090000033378601,1.1100000143051147,13386200,0.0,0.0
2026-03-05 00:00:00-05:00,1.1100000143051147,1.2300000190734863,1.0,1.149999976158142,14073700,0.0,0.0
2026-03-06 00:00:00-05:00,1.3200000524520874,1.340000033378601,1.1399999856948853,1.149999976158142,23295200,0.0,0.0
2026-03-09 00:00:00-04:00,1.2100000381469727,1.4600000381469727,1.0199999809265137,1.0499999523162842,27039800,0.0,0.0
2026-03-10 00:00:00-04:00,1.090000033378601,1.100000023841858,1.0199999809265137,1.0800000429153442,9340700,0.0,0.0
2026-03-11 00:00:00-04:00,1.0700000524520874,1.0700000524520874,1.0,1.0499999523162842,8270800,0.0,0.0
2026-03-12 00:00:00-04:00,1.090000033378601,1.149999976158142,1.0499999523162842,1.0499999523162842,17181300,0.0,0.0
2026-03-13 00:00:00-04:00,1.0299999713897705,1.1200000047683716,1.0099999904632568,1.059999942779541,11229300,0.0,0.0
2026-03-16 00:00:00-04:00,1.0499999523162842,1.0499999523162842,1.0099999904632568,1.0499999523162842,5800400,0.0,0.0
2026-03-17 00:00:00-04:00,1.0299999713897705,1.0399999618530273,1.0,1.0099999904632568,3788900,0.0,0.0
2026-03-18 00:00:00-04:00,1.0399999618530273,1.059999942779541,1.0099999904632568,1.0199999809265137,6986700,0.0,0.0
2026-03-19 00:00:00-04:00,1.0199999809265137,1.0399999618530273,1.0099999904632568,1.0199999809265137,4362600,0.0,0.0
2026-03-20 00:00:00-04:00,1.0,1.0099999904632568,0.949999988079071,0.9900000095367432,5132300,0.0,0.0
2026-03-23 00:00:00-04:00,0.9599999785423279,0.9900000095367432,0.9200000166893005,0.9599999785423279,2924500,0.0,0.0
2026-03-24 00:00:00-04:00,0.9599999785423279,1.0299999713897705,0.9599999785423279,1.0,4215100,0.0,0.0
2026-03-25 00:00:00-04:00,0.9800000190734863,1.0199999809265137,0.9599999785423279,1.0199999809265137,2229100,0.0,0.0
2026-03-26 00:00:00-04:00,1.0199999809265137,1.059999942779541,1.0099999904632568,1.0099999904632568,3890400,0.0,0.0
2026-03-27 00:00:00-04:00,1.0499999523162842,1.0700000524520874,1.0,1.0299999713897705,5171300,0.0,0.0
2026-03-30 00:00:00-04:00,1.0,1.0099999904632568,0.9399999976158142,0.949999988079071,4252600,0.0,0.0
2026-03-31 00:00:00-04:00,0.9599999785423279,0.9599999785423279,0.8500000238418579,0.8799999952316284,4911700,0.0,0.0
2026-04-01 00:00:00-04:00,0.8899999856948853,0.8899999856948853,0.8199999928474426,0.8799999952316284,2714000,0.0,0.0
2026-04-02 00:00:00-04:00,0.9800000190734863,0.9900000095367432,0.8199999928474426,0.8500000238418579,10622900,0.0,0.0
2026-04-06 00:00:00-04:00,0.8299999833106995,0.8700000047683716,0.8199999928474426,0.8700000047683716,2796000,0.0,0.0
2026-04-07 00:00:00-04:00,0.8600000143051147,0.8899999856948853,0.8399999737739563,0.8799999952316284,2192000,0.0,0.0
2026-04-08 00:00:00-04:00,0.7900000214576721,0.8100000023841858,0.7099999785423279,0.7599999904632568,4778000,0.0,0.0
2026-04-09 00:00:00-04:00,0.75,0.7900000214576721,0.7200000286102295,0.7300000190734863,2880700,0.0,0.0
2026-04-10 00:00:00-04:00,0.7300000190734863,0.7300000190734863,0.6600000262260437,0.6899999976158142,3769900,0.0,0.0
2026-04-13 00:00:00-04:00,0.7200000286102295,0.7599999904632568,0.699999988079071,0.75,3083500,0.0,0.0
2026-04-14 00:00:00-04:00,0.7200000286102295,0.7300000190734863,0.6899999976158142,0.7300000190734863,1596800,0.0,0.0
2026-04-15 00:00:00-04:00,0.7200000286102295,0.7699999809265137,0.7099999785423279,0.75,2013300,0.0,0.0
2026-04-16 00:00:00-04:00,0.7400000095367432,0.7699999809265137,0.7400000095367432,0.7699999809265137,642800,0.0,0.0
2026-04-17 00:00:00-04:00,0.7200000286102295,0.75,0.6899999976158142,0.7099999785423279,2412400,0.0,0.0
2026-04-20 00:00:00-04:00,0.7300000190734863,0.7599999904632568,0.7200000286102295,0.7599999904632568,2226000,0.0,0.0
2026-04-21 00:00:00-04:00,0.7599999904632568,0.8199999928474426,0.75,0.8199999928474426,3038300,0.0,0.0
2026-04-22 00:00:00-04:00,0.8199999928474426,0.8500000238418579,0.8199999928474426,0.8299999833106995,952600,0.0,0.0
2026-04-23 00:00:00-04:00,0.8500000238418579,0.9100000262260437,0.8299999833106995,0.8999999761581421,1948900,0.0,0.0
2026-04-24 00:00:00-04:00,0.8999999761581421,0.9300000071525574,0.8600000143051147,0.9300000071525574,1545100,0.0,0.0
2026-04-27 00:00:00-04:00,1.3700000047683716,1.4900000095367432,1.0499999523162842,1.059999942779541,192053900,0.0,0.0
2026-04-28 00:00:00-04:00,1.059999942779541,1.149999976158142,1.0099999904632568,1.0299999713897705,15371700,0.0,0.0
2026-04-29 00:00:00-04:00,1.0199999809265137,1.1200000047683716,0.9800000190734863,1.100000023841858,9235300,0.0,0.0
2026-04-30 00:00:00-04:00,1.059999942779541,1.1100000143051147,1.0399999618530273,1.090000033378601,5967400,0.0,0.0
2026-05-01 00:00:00-04:00,1.059999942779541,1.1399999856948853,1.0199999809265137,1.1299999952316284,3890900,0.0,0.0
2026-05-04 00:00:00-04:00,1.1100000143051147,1.1399999856948853,1.0800000429153442,1.1299999952316284,3195200,0.0,0.0
2026-05-05 00:00:00-04:00,1.090000033378601,1.1200000047683716,1.0700000524520874,1.1100000143051147,2209400,0.0,0.0
2026-05-06 00:00:00-04:00,1.0499999523162842,1.0700000524520874,1.0,1.0099999904632568,3350300,0.0,0.0
2026-05-07 00:00:00-04:00,0.949999988079071,0.9675999879837036,0.8899999856948853,0.9675999879837036,4453083,0.0,0.0
