Date,Open,High,Low,Close,Volume,Dividends,Stock Splits
2022-01-03 00:00:00-05:00,9.6899995803833,9.6899995803833,9.6899995803833,9.6899995803833,0,0.0,0.0
2022-01-04 00:00:00-05:00,9.6899995803833,9.6899995803833,9.6899995803833,9.6899995803833,0,0.0,0.0
2022-01-05 00:00:00-05:00,9.680000305175781,9.729999542236328,9.649999618530273,9.720000267028809,232600,0.0,0.0
2022-01-06 00:00:00-05:00,9.6899995803833,9.6899995803833,9.6899995803833,9.6899995803833,600,0.0,0.0
2022-01-07 00:00:00-05:00,9.729999542236328,9.729999542236328,9.729999542236328,9.729999542236328,200,0.0,0.0
2022-01-10 00:00:00-05:00,9.699999809265137,9.710000038146973,9.699999809265137,9.710000038146973,400,0.0,0.0
2022-01-11 00:00:00-05:00,9.710000038146973,9.710000038146973,9.65999984741211,9.65999984741211,600,0.0,0.0
2022-01-12 00:00:00-05:00,9.670000076293945,9.6899995803833,9.670000076293945,9.6899995803833,600,0.0,0.0
2022-01-13 00:00:00-05:00,9.6899995803833,9.6899995803833,9.6899995803833,9.6899995803833,0,0.0,0.0
2022-01-14 00:00:00-05:00,9.6899995803833,9.6899995803833,9.6899995803833,9.6899995803833,0,0.0,0.0
2022-01-18 00:00:00-05:00,9.6899995803833,9.6899995803833,9.6899995803833,9.6899995803833,200,0.0,0.0
2022-01-19 00:00:00-05:00,9.6899995803833,9.6899995803833,9.6899995803833,9.6899995803833,0,0.0,0.0
2022-01-20 00:00:00-05:00,9.6899995803833,9.6899995803833,9.6899995803833,9.6899995803833,0,0.0,0.0
2022-01-21 00:00:00-05:00,9.6899995803833,9.6899995803833,9.6899995803833,9.6899995803833,0,0.0,0.0
2022-01-24 00:00:00-05:00,9.649999618530273,9.649999618530273,9.619999885559082,9.619999885559082,1500,0.0,0.0
2022-01-25 00:00:00-05:00,9.619999885559082,9.619999885559082,9.619999885559082,9.619999885559082,0,0.0,0.0
2022-01-26 00:00:00-05:00,9.619999885559082,9.619999885559082,9.619999885559082,9.619999885559082,0,0.0,0.0
2022-01-27 00:00:00-05:00,9.600000381469727,9.600000381469727,9.600000381469727,9.600000381469727,200,0.0,0.0
2022-01-28 00:00:00-05:00,9.640000343322754,9.65999984741211,9.635000228881836,9.65999984741211,15700,0.0,0.0
2022-01-31 00:00:00-05:00,9.65999984741211,9.65999984741211,9.65999984741211,9.65999984741211,0,0.0,0.0
2022-02-01 00:00:00-05:00,9.65999984741211,9.65999984741211,9.65999984741211,9.65999984741211,0,0.0,0.0
2022-02-02 00:00:00-05:00,9.65999984741211,9.65999984741211,9.65999984741211,9.65999984741211,0,0.0,0.0
2022-02-03 00:00:00-05:00,9.65999984741211,9.65999984741211,9.65999984741211,9.65999984741211,0,0.0,0.0
2022-02-04 00:00:00-05:00,9.600000381469727,9.640000343322754,9.600000381469727,9.640000343322754,12100,0.0,0.0
2022-02-07 00:00:00-05:00,9.640000343322754,9.640000343322754,9.640000343322754,9.640000343322754,0,0.0,0.0
2022-02-08 00:00:00-05:00,9.670000076293945,9.670000076293945,9.647000312805176,9.654999732971191,7000,0.0,0.0
2022-02-09 00:00:00-05:00,9.654999732971191,9.654999732971191,9.654999732971191,9.654999732971191,0,0.0,0.0
2022-02-10 00:00:00-05:00,9.654999732971191,9.654999732971191,9.654999732971191,9.654999732971191,0,0.0,0.0
2022-02-11 00:00:00-05:00,9.569999694824219,9.619999885559082,9.385000228881836,9.619999885559082,10000,0.0,0.0
2022-02-14 00:00:00-05:00,9.619999885559082,9.619999885559082,9.619999885559082,9.619999885559082,300,0.0,0.0
2022-02-15 00:00:00-05:00,9.640000343322754,9.640000343322754,9.609999656677246,9.609999656677246,4300,0.0,0.0
2022-02-16 00:00:00-05:00,9.609999656677246,9.609999656677246,9.609999656677246,9.609999656677246,0,0.0,0.0
2022-02-17 00:00:00-05:00,9.609999656677246,9.609999656677246,9.609999656677246,9.609999656677246,0,0.0,0.0
2022-02-18 00:00:00-05:00,9.619999885559082,9.619999885559082,9.600000381469727,9.609999656677246,55600,0.0,0.0
2022-02-22 00:00:00-05:00,9.604999542236328,9.619999885559082,9.604999542236328,9.609999656677246,20200,0.0,0.0
2022-02-23 00:00:00-05:00,9.600000381469727,9.630000114440918,9.600000381469727,9.625,67800,0.0,0.0
2022-02-24 00:00:00-05:00,9.609999656677246,9.649999618530273,9.609999656677246,9.630000114440918,10100,0.0,0.0
2022-02-25 00:00:00-05:00,9.640000343322754,9.649999618530273,9.630000114440918,9.645000457763672,9200,0.0,0.0
2022-02-28 00:00:00-05:00,9.645000457763672,9.645000457763672,9.645000457763672,9.645000457763672,0,0.0,0.0
2022-03-01 00:00:00-05:00,9.649999618530273,9.649999618530273,9.649999618530273,9.649999618530273,500,0.0,0.0
2022-03-02 00:00:00-05:00,9.649999618530273,9.649999618530273,9.649999618530273,9.649999618530273,0,0.0,0.0
2022-03-03 00:00:00-05:00,9.649999618530273,9.649999618530273,9.649999618530273,9.649999618530273,0,0.0,0.0
2022-03-04 00:00:00-05:00,9.649999618530273,9.649999618530273,9.649999618530273,9.649999618530273,0,0.0,0.0
2022-03-07 00:00:00-05:00,9.649999618530273,9.649999618530273,9.649999618530273,9.649999618530273,100,0.0,0.0
2022-03-08 00:00:00-05:00,9.640000343322754,9.640000343322754,9.630000114440918,9.640000343322754,44100,0.0,0.0
2022-03-09 00:00:00-05:00,9.640000343322754,9.649999618530273,9.640000343322754,9.640000343322754,6600,0.0,0.0
2022-03-10 00:00:00-05:00,9.649999618530273,9.649999618530273,9.649999618530273,9.649999618530273,500,0.0,0.0
2022-03-11 00:00:00-05:00,9.649999618530273,9.649999618530273,9.630000114440918,9.640000343322754,13000,0.0,0.0
2022-03-14 00:00:00-04:00,9.640000343322754,9.640000343322754,9.640000343322754,9.640000343322754,0,0.0,0.0
2022-03-15 00:00:00-04:00,9.619999885559082,9.630000114440918,9.619999885559082,9.630000114440918,2000,0.0,0.0
2022-03-16 00:00:00-04:00,9.647000312805176,9.65999984741211,9.640000343322754,9.649999618530273,6100,0.0,0.0
2022-03-17 00:00:00-04:00,9.670000076293945,9.680000305175781,9.654999732971191,9.680000305175781,12800,0.0,0.0
2022-03-18 00:00:00-04:00,9.680000305175781,9.680000305175781,9.680000305175781,9.680000305175781,0,0.0,0.0
2022-03-21 00:00:00-04:00,9.710000038146973,9.710000038146973,9.710000038146973,9.710000038146973,200,0.0,0.0
2022-03-22 00:00:00-04:00,9.680000305175781,9.680000305175781,9.680000305175781,9.680000305175781,400,0.0,0.0
2022-03-23 00:00:00-04:00,9.65999984741211,9.65999984741211,9.65999984741211,9.65999984741211,900,0.0,0.0
2022-03-24 00:00:00-04:00,9.65999984741211,9.65999984741211,9.65999984741211,9.65999984741211,0,0.0,0.0
2022-03-25 00:00:00-04:00,9.65999984741211,9.680000305175781,9.65999984741211,9.680000305175781,39500,0.0,0.0
2022-03-28 00:00:00-04:00,9.630000114440918,9.710000038146973,9.630000114440918,9.680000305175781,97700,0.0,0.0
2022-03-29 00:00:00-04:00,9.680000305175781,9.680000305175781,9.680000305175781,9.680000305175781,0,0.0,0.0
2022-03-30 00:00:00-04:00,9.649999618530273,9.649999618530273,9.649999618530273,9.649999618530273,100,0.0,0.0
2022-03-31 00:00:00-04:00,9.680000305175781,9.699999809265137,9.680000305175781,9.6899995803833,553800,0.0,0.0
2022-04-01 00:00:00-04:00,9.6899995803833,9.710000038146973,9.6899995803833,9.6899995803833,5100,0.0,0.0
2022-04-04 00:00:00-04:00,9.6899995803833,9.6899995803833,9.680000305175781,9.6899995803833,26100,0.0,0.0
2022-04-05 00:00:00-04:00,9.699999809265137,9.699999809265137,9.699999809265137,9.699999809265137,100,0.0,0.0
2022-04-06 00:00:00-04:00,9.649999618530273,9.6899995803833,9.649999618530273,9.6899995803833,100400,0.0,0.0
2022-04-07 00:00:00-04:00,9.699999809265137,9.699999809265137,9.699999809265137,9.699999809265137,6600,0.0,0.0
2022-04-08 00:00:00-04:00,9.670000076293945,9.6899995803833,9.670000076293945,9.680000305175781,300,0.0,0.0
2022-04-11 00:00:00-04:00,9.699999809265137,9.704999923706055,9.699999809265137,9.699999809265137,247000,0.0,0.0
2022-04-12 00:00:00-04:00,9.680000305175781,9.6899995803833,9.680000305175781,9.6899995803833,12000,0.0,0.0
2022-04-13 00:00:00-04:00,9.694999694824219,9.699999809265137,9.6899995803833,9.6899995803833,10800,0.0,0.0
2022-04-14 00:00:00-04:00,9.699999809265137,9.710000038146973,9.699999809265137,9.710000038146973,10400,0.0,0.0
2022-04-18 00:00:00-04:00,9.710000038146973,9.710000038146973,9.699999809265137,9.699999809265137,3900,0.0,0.0
2022-04-19 00:00:00-04:00,9.699999809265137,9.720000267028809,9.6899995803833,9.70199966430664,58800,0.0,0.0
2022-04-20 00:00:00-04:00,9.720000267028809,9.720000267028809,9.720000267028809,9.720000267028809,1600,0.0,0.0
2022-04-21 00:00:00-04:00,9.729999542236328,9.729999542236328,9.710000038146973,9.729999542236328,2300,0.0,0.0
2022-04-22 00:00:00-04:00,9.710000038146973,9.710000038146973,9.710000038146973,9.710000038146973,20000,0.0,0.0
2022-04-25 00:00:00-04:00,9.739999771118164,9.739999771118164,9.739999771118164,9.739999771118164,1700,0.0,0.0
2022-04-26 00:00:00-04:00,9.760000228881836,9.770000457763672,9.729999542236328,9.739999771118164,59000,0.0,0.0
2022-04-27 00:00:00-04:00,9.739999771118164,9.739999771118164,9.739999771118164,9.739999771118164,0,0.0,0.0
2022-04-28 00:00:00-04:00,9.739999771118164,9.739999771118164,9.739999771118164,9.739999771118164,0,0.0,0.0
2022-04-29 00:00:00-04:00,9.739999771118164,9.739999771118164,9.739999771118164,9.739999771118164,0,0.0,0.0
2022-05-02 00:00:00-04:00,9.739999771118164,9.739999771118164,9.739999771118164,9.739999771118164,0,0.0,0.0
2022-05-03 00:00:00-04:00,9.739999771118164,9.739999771118164,9.739999771118164,9.739999771118164,0,0.0,0.0
2022-05-04 00:00:00-04:00,9.739999771118164,9.739999771118164,9.739999771118164,9.739999771118164,0,0.0,0.0
2022-05-05 00:00:00-04:00,9.739999771118164,9.739999771118164,9.739999771118164,9.739999771118164,0,0.0,0.0
2022-05-06 00:00:00-04:00,9.739999771118164,9.739999771118164,9.739999771118164,9.739999771118164,0,0.0,0.0
2022-05-09 00:00:00-04:00,9.710000038146973,9.739999771118164,9.710000038146973,9.739999771118164,600,0.0,0.0
2022-05-10 00:00:00-04:00,9.739999771118164,9.739999771118164,9.739999771118164,9.739999771118164,0,0.0,0.0
2022-05-11 00:00:00-04:00,9.739999771118164,9.739999771118164,9.739999771118164,9.739999771118164,0,0.0,0.0
2022-05-12 00:00:00-04:00,9.739999771118164,9.739999771118164,9.739999771118164,9.739999771118164,0,0.0,0.0
2022-05-13 00:00:00-04:00,9.6899995803833,9.720000267028809,9.65999984741211,9.670000076293945,12600,0.0,0.0
2022-05-16 00:00:00-04:00,9.670000076293945,9.739999771118164,9.670000076293945,9.670000076293945,254300,0.0,0.0
2022-05-17 00:00:00-04:00,9.670000076293945,9.699999809265137,9.649999618530273,9.699999809265137,33800,0.0,0.0
2022-05-18 00:00:00-04:00,9.649999618530273,9.649999618530273,9.649999618530273,9.649999618530273,26200,0.0,0.0
2022-05-19 00:00:00-04:00,9.640000343322754,9.6899995803833,9.640000343322754,9.670000076293945,1000,0.0,0.0
2022-05-20 00:00:00-04:00,9.640000343322754,9.640000343322754,9.640000343322754,9.640000343322754,6200,0.0,0.0
2022-05-23 00:00:00-04:00,9.640000343322754,9.640000343322754,9.640000343322754,9.640000343322754,0,0.0,0.0
2022-05-24 00:00:00-04:00,9.65999984741211,9.739999771118164,9.65999984741211,9.6899995803833,600,0.0,0.0
2022-05-25 00:00:00-04:00,9.6899995803833,9.6899995803833,9.6899995803833,9.6899995803833,0,0.0,0.0
2022-05-26 00:00:00-04:00,9.6899995803833,9.6899995803833,9.6899995803833,9.6899995803833,0,0.0,0.0
2022-05-27 00:00:00-04:00,9.720000267028809,9.720000267028809,9.670000076293945,9.670000076293945,85400,0.0,0.0
2022-05-31 00:00:00-04:00,9.65999984741211,9.65999984741211,9.649999618530273,9.649999618530273,13500,0.0,0.0
2022-06-01 00:00:00-04:00,9.670000076293945,9.6899995803833,9.670000076293945,9.670000076293945,31900,0.0,0.0
2022-06-02 00:00:00-04:00,9.670000076293945,9.670000076293945,9.670000076293945,9.670000076293945,0,0.0,0.0
2022-06-03 00:00:00-04:00,9.670000076293945,9.670000076293945,9.670000076293945,9.670000076293945,0,0.0,0.0
2022-06-06 00:00:00-04:00,9.670000076293945,9.670000076293945,9.670000076293945,9.670000076293945,0,0.0,0.0
2022-06-07 00:00:00-04:00,9.680000305175781,9.680000305175781,9.680000305175781,9.680000305175781,300,0.0,0.0
2022-06-08 00:00:00-04:00,9.680000305175781,9.680000305175781,9.680000305175781,9.680000305175781,100,0.0,0.0
2022-06-09 00:00:00-04:00,9.699999809265137,9.710000038146973,9.699999809265137,9.710000038146973,2300,0.0,0.0
2022-06-10 00:00:00-04:00,9.710000038146973,9.710000038146973,9.710000038146973,9.710000038146973,0,0.0,0.0
2022-06-13 00:00:00-04:00,9.706000328063965,9.706000328063965,9.699999809265137,9.699999809265137,5600,0.0,0.0
2022-06-14 00:00:00-04:00,9.699999809265137,9.699999809265137,9.699999809265137,9.699999809265137,2900,0.0,0.0
2022-06-15 00:00:00-04:00,9.75,9.75,9.75,9.75,100,0.0,0.0
2022-06-16 00:00:00-04:00,9.6899995803833,9.6899995803833,9.6899995803833,9.6899995803833,700,0.0,0.0
2022-06-17 00:00:00-04:00,9.680000305175781,9.680000305175781,9.680000305175781,9.680000305175781,700,0.0,0.0
2022-06-21 00:00:00-04:00,9.680000305175781,9.680000305175781,9.680000305175781,9.680000305175781,0,0.0,0.0
2022-06-22 00:00:00-04:00,9.680000305175781,9.680000305175781,9.680000305175781,9.680000305175781,100,0.0,0.0
2022-06-23 00:00:00-04:00,9.680000305175781,9.680000305175781,9.680000305175781,9.680000305175781,0,0.0,0.0
2022-06-24 00:00:00-04:00,9.729999542236328,9.729999542236328,9.729999542236328,9.729999542236328,200,0.0,0.0
2022-06-27 00:00:00-04:00,9.800000190734863,9.800000190734863,9.800000190734863,9.800000190734863,100,0.0,0.0
2022-06-28 00:00:00-04:00,9.800000190734863,9.800000190734863,9.800000190734863,9.800000190734863,0,0.0,0.0
2022-06-29 00:00:00-04:00,9.720000267028809,9.720000267028809,9.680000305175781,9.6899995803833,7000,0.0,0.0
2022-06-30 00:00:00-04:00,9.6899995803833,9.6899995803833,9.6899995803833,9.6899995803833,100,0.0,0.0
2022-07-01 00:00:00-04:00,9.6899995803833,9.6899995803833,9.6899995803833,9.6899995803833,0,0.0,0.0
2022-07-05 00:00:00-04:00,9.6899995803833,9.6899995803833,9.6899995803833,9.6899995803833,53400,0.0,0.0
2022-07-06 00:00:00-04:00,9.6899995803833,9.6899995803833,9.6899995803833,9.6899995803833,0,0.0,0.0
2022-07-07 00:00:00-04:00,9.699999809265137,9.699999809265137,9.699999809265137,9.699999809265137,50600,0.0,0.0
2022-07-08 00:00:00-04:00,9.699999809265137,9.699999809265137,9.699999809265137,9.699999809265137,0,0.0,0.0
2022-07-11 00:00:00-04:00,9.710000038146973,9.710000038146973,9.710000038146973,9.710000038146973,400,0.0,0.0
2022-07-12 00:00:00-04:00,9.699999809265137,9.720000267028809,9.699999809265137,9.710000038146973,118900,0.0,0.0
2022-07-13 00:00:00-04:00,9.710000038146973,9.710000038146973,9.710000038146973,9.710000038146973,0,0.0,0.0
2022-07-14 00:00:00-04:00,9.710000038146973,9.710000038146973,9.710000038146973,9.710000038146973,31800,0.0,0.0
2022-07-15 00:00:00-04:00,9.710000038146973,9.710000038146973,9.710000038146973,9.710000038146973,0,0.0,0.0
2022-07-18 00:00:00-04:00,9.710000038146973,9.710000038146973,9.710000038146973,9.710000038146973,197500,0.0,0.0
2022-07-19 00:00:00-04:00,9.710000038146973,9.710000038146973,9.699999809265137,9.710000038146973,53700,0.0,0.0
2022-07-20 00:00:00-04:00,9.710000038146973,9.729999542236328,9.710000038146973,9.729999542236328,6200,0.0,0.0
2022-07-21 00:00:00-04:00,9.729999542236328,9.729999542236328,9.729999542236328,9.729999542236328,0,0.0,0.0
2022-07-22 00:00:00-04:00,9.720000267028809,9.729999542236328,9.720000267028809,9.729999542236328,132100,0.0,0.0
2022-07-25 00:00:00-04:00,9.75,9.75,9.729999542236328,9.729999542236328,101000,0.0,0.0
2022-07-26 00:00:00-04:00,9.729999542236328,9.729999542236328,9.729999542236328,9.729999542236328,0,0.0,0.0
2022-07-27 00:00:00-04:00,9.739999771118164,9.75,9.739999771118164,9.739999771118164,7000,0.0,0.0
2022-07-28 00:00:00-04:00,9.739999771118164,9.739999771118164,9.739999771118164,9.739999771118164,600,0.0,0.0
2022-07-29 00:00:00-04:00,9.739999771118164,9.739999771118164,9.739999771118164,9.739999771118164,0,0.0,0.0
2022-08-01 00:00:00-04:00,9.739999771118164,9.75,9.739999771118164,9.739999771118164,23200,0.0,0.0
2022-08-02 00:00:00-04:00,9.729999542236328,9.75,9.729999542236328,9.75,3000,0.0,0.0
2022-08-03 00:00:00-04:00,9.739999771118164,9.739999771118164,9.739999771118164,9.739999771118164,2600,0.0,0.0
2022-08-04 00:00:00-04:00,9.75,9.75,9.75,9.75,13200,0.0,0.0
2022-08-05 00:00:00-04:00,9.75,9.75,9.75,9.75,100,0.0,0.0
2022-08-08 00:00:00-04:00,9.75,9.75,9.75,9.75,0,0.0,0.0
2022-08-09 00:00:00-04:00,9.75,9.75,9.75,9.75,600,0.0,0.0
2022-08-10 00:00:00-04:00,9.75,9.75,9.75,9.75,0,0.0,0.0
2022-08-11 00:00:00-04:00,9.75,9.75,9.75,9.75,0,0.0,0.0
2022-08-12 00:00:00-04:00,9.75,9.75,9.75,9.75,0,0.0,0.0
2022-08-15 00:00:00-04:00,9.75,9.75,9.75,9.75,0,0.0,0.0
2022-08-16 00:00:00-04:00,9.75,9.75,9.75,9.75,0,0.0,0.0
2022-08-17 00:00:00-04:00,9.75,9.75,9.75,9.75,0,0.0,0.0
2022-08-18 00:00:00-04:00,9.770000457763672,9.789999961853027,9.75,9.75,700400,0.0,0.0
2022-08-19 00:00:00-04:00,9.75,9.75,9.75,9.75,100,0.0,0.0
2022-08-22 00:00:00-04:00,9.75,9.789999961853027,9.75,9.789999961853027,1300,0.0,0.0
2022-08-23 00:00:00-04:00,9.789999961853027,9.789999961853027,9.789999961853027,9.789999961853027,0,0.0,0.0
2022-08-24 00:00:00-04:00,9.789999961853027,9.789999961853027,9.789999961853027,9.789999961853027,0,0.0,0.0
2022-08-25 00:00:00-04:00,9.789999961853027,9.789999961853027,9.789999961853027,9.789999961853027,0,0.0,0.0
2022-08-26 00:00:00-04:00,9.789999961853027,9.789999961853027,9.789999961853027,9.789999961853027,0,0.0,0.0
2022-08-29 00:00:00-04:00,9.75,9.75,9.75,9.75,200,0.0,0.0
2022-08-30 00:00:00-04:00,9.739999771118164,9.760000228881836,9.739999771118164,9.739999771118164,400,0.0,0.0
2022-08-31 00:00:00-04:00,9.75,9.75,9.75,9.75,400,0.0,0.0
2022-09-01 00:00:00-04:00,9.75,9.75,9.75,9.75,0,0.0,0.0
2022-09-02 00:00:00-04:00,9.75,9.75,9.75,9.75,1100,0.0,0.0
2022-09-06 00:00:00-04:00,9.75,9.75,9.75,9.75,0,0.0,0.0
2022-09-07 00:00:00-04:00,9.75,9.75,9.75,9.75,0,0.0,0.0
2022-09-08 00:00:00-04:00,9.770000457763672,9.770000457763672,9.770000457763672,9.770000457763672,30600,0.0,0.0
2022-09-09 00:00:00-04:00,9.760000228881836,9.779999732971191,9.760000228881836,9.760000228881836,7900,0.0,0.0
2022-09-12 00:00:00-04:00,9.770000457763672,9.770000457763672,9.770000457763672,9.770000457763672,6800,0.0,0.0
2022-09-13 00:00:00-04:00,9.760000228881836,9.779999732971191,9.760000228881836,9.779999732971191,1500,0.0,0.0
2022-09-14 00:00:00-04:00,9.770000457763672,9.770000457763672,9.770000457763672,9.770000457763672,1100,0.0,0.0
2022-09-15 00:00:00-04:00,9.770000457763672,9.779999732971191,9.770000457763672,9.779999732971191,2700,0.0,0.0
2022-09-16 00:00:00-04:00,9.788999557495117,9.789999961853027,9.788999557495117,9.789999961853027,3100,0.0,0.0
2022-09-19 00:00:00-04:00,9.795000076293945,9.800000190734863,9.795000076293945,9.800000190734863,29200,0.0,0.0
2022-09-20 00:00:00-04:00,9.800000190734863,9.800000190734863,9.800000190734863,9.800000190734863,148200,0.0,0.0
2022-09-21 00:00:00-04:00,9.800000190734863,9.819999694824219,9.789999961853027,9.8100004196167,35100,0.0,0.0
2022-09-22 00:00:00-04:00,9.8100004196167,9.8100004196167,9.8100004196167,9.8100004196167,0,0.0,0.0
2022-09-23 00:00:00-04:00,9.8100004196167,9.8100004196167,9.8100004196167,9.8100004196167,262200,0.0,0.0
2022-09-26 00:00:00-04:00,9.8100004196167,9.8100004196167,9.8100004196167,9.8100004196167,0,0.0,0.0
2022-09-27 00:00:00-04:00,9.789999961853027,9.789999961853027,9.789999961853027,9.789999961853027,1100,0.0,0.0
2022-09-28 00:00:00-04:00,9.869999885559082,9.869999885559082,9.789999961853027,9.789999961853027,300,0.0,0.0
2022-09-29 00:00:00-04:00,9.789999961853027,9.789999961853027,9.789999961853027,9.789999961853027,0,0.0,0.0
2022-09-30 00:00:00-04:00,9.789999961853027,9.789999961853027,9.789999961853027,9.789999961853027,0,0.0,0.0
2022-10-03 00:00:00-04:00,9.789999961853027,9.789999961853027,9.789999961853027,9.789999961853027,1600,0.0,0.0
2022-10-04 00:00:00-04:00,9.789999961853027,9.789999961853027,9.789999961853027,9.789999961853027,0,0.0,0.0
2022-10-05 00:00:00-04:00,9.789999961853027,9.789999961853027,9.789999961853027,9.789999961853027,0,0.0,0.0
2022-10-06 00:00:00-04:00,9.789999961853027,9.789999961853027,9.789999961853027,9.789999961853027,0,0.0,0.0
2022-10-07 00:00:00-04:00,9.850000381469727,9.850000381469727,9.850000381469727,9.850000381469727,800,0.0,0.0
2022-10-10 00:00:00-04:00,9.850000381469727,9.850000381469727,9.850000381469727,9.850000381469727,0,0.0,0.0
2022-10-11 00:00:00-04:00,9.84000015258789,9.84000015258789,9.8100004196167,9.8100004196167,122600,0.0,0.0
2022-10-12 00:00:00-04:00,9.84000015258789,9.84000015258789,9.84000015258789,9.84000015258789,700,0.0,0.0
2022-10-13 00:00:00-04:00,9.84000015258789,9.84000015258789,9.84000015258789,9.84000015258789,682900,0.0,0.0
2022-10-14 00:00:00-04:00,9.850000381469727,9.850000381469727,9.850000381469727,9.850000381469727,205600,0.0,0.0
2022-10-17 00:00:00-04:00,9.850000381469727,9.850000381469727,9.850000381469727,9.850000381469727,100,0.0,0.0
2022-10-18 00:00:00-04:00,9.850000381469727,9.850000381469727,9.850000381469727,9.850000381469727,0,0.0,0.0
2022-10-19 00:00:00-04:00,9.859999656677246,9.859999656677246,9.859999656677246,9.859999656677246,231800,0.0,0.0
2022-10-20 00:00:00-04:00,9.84000015258789,9.84000015258789,9.84000015258789,9.84000015258789,25000,0.0,0.0
2022-10-21 00:00:00-04:00,9.84000015258789,9.84000015258789,9.84000015258789,9.84000015258789,0,0.0,0.0
2022-10-24 00:00:00-04:00,9.899999618530273,9.90999984741211,9.869999885559082,9.90999984741211,14800,0.0,0.0
2022-10-25 00:00:00-04:00,9.90999984741211,9.90999984741211,9.90999984741211,9.90999984741211,4800,0.0,0.0
2022-10-26 00:00:00-04:00,9.880000114440918,9.880000114440918,9.859999656677246,9.859999656677246,1900,0.0,0.0
2022-10-27 00:00:00-04:00,9.859999656677246,9.859999656677246,9.859999656677246,9.859999656677246,2100,0.0,0.0
2022-10-28 00:00:00-04:00,9.859999656677246,9.859999656677246,9.859999656677246,9.859999656677246,0,0.0,0.0
2022-10-31 00:00:00-04:00,9.880000114440918,9.880000114440918,9.880000114440918,9.880000114440918,200,0.0,0.0
2022-11-01 00:00:00-04:00,9.880000114440918,9.890000343322754,9.880000114440918,9.890000343322754,13800,0.0,0.0
2022-11-02 00:00:00-04:00,9.890000343322754,9.890000343322754,9.890000343322754,9.890000343322754,0,0.0,0.0
2022-11-03 00:00:00-04:00,9.899999618530273,9.899999618530273,9.899999618530273,9.899999618530273,500,0.0,0.0
2022-11-04 00:00:00-04:00,9.920000076293945,9.930000305175781,9.920000076293945,9.930000305175781,500,0.0,0.0
2022-11-07 00:00:00-05:00,9.930000305175781,9.930000305175781,9.930000305175781,9.930000305175781,0,0.0,0.0
2022-11-08 00:00:00-05:00,9.930000305175781,9.930000305175781,9.930000305175781,9.930000305175781,0,0.0,0.0
2022-11-09 00:00:00-05:00,9.9399995803833,9.9399995803833,9.9399995803833,9.9399995803833,100,0.0,0.0
2022-11-10 00:00:00-05:00,9.9399995803833,9.9399995803833,9.9399995803833,9.9399995803833,100,0.0,0.0
2022-11-11 00:00:00-05:00,9.9399995803833,9.9399995803833,9.9399995803833,9.9399995803833,0,0.0,0.0
2022-11-14 00:00:00-05:00,9.9399995803833,9.9399995803833,9.9399995803833,9.9399995803833,0,0.0,0.0
2022-11-15 00:00:00-05:00,9.920000076293945,9.920000076293945,9.920000076293945,9.920000076293945,200,0.0,0.0
2022-11-16 00:00:00-05:00,9.920000076293945,9.920000076293945,9.920000076293945,9.920000076293945,0,0.0,0.0
2022-11-17 00:00:00-05:00,9.935999870300293,9.9399995803833,9.9350004196167,9.9399995803833,28100,0.0,0.0
2022-11-18 00:00:00-05:00,9.9399995803833,9.944999694824219,9.9399995803833,9.944999694824219,7600,0.0,0.0
2022-11-21 00:00:00-05:00,9.944999694824219,9.944999694824219,9.944999694824219,9.944999694824219,0,0.0,0.0
2022-11-22 00:00:00-05:00,9.944999694824219,9.944999694824219,9.944999694824219,9.944999694824219,0,0.0,0.0
2022-11-23 00:00:00-05:00,9.944999694824219,9.944999694824219,9.944999694824219,9.944999694824219,200,0.0,0.0
2022-11-25 00:00:00-05:00,9.9399995803833,9.9399995803833,9.9399995803833,9.9399995803833,100,0.0,0.0
2022-11-28 00:00:00-05:00,9.984999656677246,9.984999656677246,9.984999656677246,9.984999656677246,1300,0.0,0.0
2022-11-29 00:00:00-05:00,9.984999656677246,9.984999656677246,9.984999656677246,9.984999656677246,0,0.0,0.0
2022-11-30 00:00:00-05:00,9.984999656677246,9.984999656677246,9.984999656677246,9.984999656677246,0,0.0,0.0
2022-12-01 00:00:00-05:00,9.984999656677246,9.984999656677246,9.984999656677246,9.984999656677246,0,0.0,0.0
2022-12-02 00:00:00-05:00,9.973999977111816,9.973999977111816,9.973999977111816,9.973999977111816,500,0.0,0.0
2022-12-05 00:00:00-05:00,9.970000267028809,9.989999771118164,9.970000267028809,9.989999771118164,56600,0.0,0.0
2022-12-06 00:00:00-05:00,9.979999542236328,9.979999542236328,9.979999542236328,9.979999542236328,6200,0.0,0.0
2022-12-07 00:00:00-05:00,9.960000038146973,9.970000267028809,9.960000038146973,9.970000267028809,11400,0.0,0.0
2022-12-08 00:00:00-05:00,9.970000267028809,9.970000267028809,9.970000267028809,9.970000267028809,24500,0.0,0.0
2022-12-09 00:00:00-05:00,9.970000267028809,9.970000267028809,9.970000267028809,9.970000267028809,14400,0.0,0.0
2022-12-12 00:00:00-05:00,9.970000267028809,9.970000267028809,9.970000267028809,9.970000267028809,0,0.0,0.0
2022-12-13 00:00:00-05:00,9.989999771118164,9.989999771118164,9.989999771118164,9.989999771118164,100,0.0,0.0
2022-12-14 00:00:00-05:00,10.0,10.005000114440918,9.989999771118164,10.005000114440918,82500,0.0,0.0
2022-12-15 00:00:00-05:00,10.0,10.015000343322754,10.0,10.010000228881836,12200,0.0,0.0
2022-12-16 00:00:00-05:00,9.989999771118164,9.989999771118164,9.989999771118164,9.989999771118164,100,0.0,0.0
2022-12-19 00:00:00-05:00,10.005999565124512,10.010000228881836,10.0,10.010000228881836,22100,0.0,0.0
2022-12-20 00:00:00-05:00,10.020000457763672,10.020000457763672,10.020000457763672,10.020000457763672,9700,0.0,0.0
2022-12-21 00:00:00-05:00,10.020000457763672,10.020000457763672,10.020000457763672,10.020000457763672,0,0.0,0.0
2022-12-22 00:00:00-05:00,10.020000457763672,10.020000457763672,10.020000457763672,10.020000457763672,0,0.0,0.0
2022-12-23 00:00:00-05:00,10.020000457763672,10.020000457763672,10.020000457763672,10.020000457763672,0,0.0,0.0
2022-12-27 00:00:00-05:00,10.020000457763672,10.020000457763672,10.020000457763672,10.020000457763672,0,0.0,0.0
2022-12-28 00:00:00-05:00,10.010000228881836,10.020000457763672,10.010000228881836,10.010000228881836,11800,0.0,0.0
2022-12-29 00:00:00-05:00,10.0,10.0,10.0,10.0,5200,0.0,0.0
2022-12-30 00:00:00-05:00,10.0,10.0,10.0,10.0,0,0.0,0.0
2023-01-03 00:00:00-05:00,10.010000228881836,10.050000190734863,10.010000228881836,10.050000190734863,44700,0.0,0.0
2023-01-04 00:00:00-05:00,10.020000457763672,10.050000190734863,10.020000457763672,10.029999732971191,100100,0.0,0.0
2023-01-05 00:00:00-05:00,10.029999732971191,10.039999961853027,10.029999732971191,10.039999961853027,34500,0.0,0.0
2023-01-06 00:00:00-05:00,10.03499984741211,10.069999694824219,10.029999732971191,10.069999694824219,471900,0.0,0.0
2023-01-09 00:00:00-05:00,10.09000015258789,10.09000015258789,10.09000015258789,10.09000015258789,100,0.0,0.0
2023-01-10 00:00:00-05:00,10.039999961853027,10.079999923706055,10.039999961853027,10.069999694824219,8400,0.0,0.0
2023-01-11 00:00:00-05:00,10.039999961853027,10.069999694824219,10.039999961853027,10.069999694824219,82000,0.0,0.0
2023-01-12 00:00:00-05:00,10.100000381469727,10.100000381469727,10.039999961853027,10.050000190734863,66300,0.0,0.0
2023-01-13 00:00:00-05:00,10.050000190734863,10.0600004196167,10.050000190734863,10.0600004196167,124100,0.0,0.0
2023-01-17 00:00:00-05:00,10.069999694824219,10.069999694824219,10.069999694824219,10.069999694824219,2000,0.0,0.0
2023-01-18 00:00:00-05:00,10.100000381469727,10.100000381469727,10.079999923706055,10.079999923706055,200,0.0,0.0
2023-01-19 00:00:00-05:00,10.109999656677246,10.109999656677246,10.09000015258789,10.09000015258789,200,0.0,0.0
2023-01-20 00:00:00-05:00,10.079999923706055,10.079999923706055,10.079999923706055,10.079999923706055,3900,0.0,0.0
2023-01-23 00:00:00-05:00,10.119999885559082,10.119999885559082,10.119999885559082,10.119999885559082,100,0.0,0.0
2023-01-24 00:00:00-05:00,10.119999885559082,10.119999885559082,10.119999885559082,10.119999885559082,0,0.0,0.0
2023-01-25 00:00:00-05:00,10.079999923706055,10.09000015258789,10.079999923706055,10.09000015258789,20200,0.0,0.0
2023-01-26 00:00:00-05:00,10.079999923706055,10.085000038146973,10.079999923706055,10.079999923706055,5300,0.0,0.0
2023-01-27 00:00:00-05:00,10.085000038146973,10.109999656677246,10.085000038146973,10.104999542236328,1025500,0.0,0.0
2023-01-30 00:00:00-05:00,10.100000381469727,10.130000114440918,10.100000381469727,10.119999885559082,311000,0.0,0.0
2023-01-31 00:00:00-05:00,10.130000114440918,10.130000114440918,10.109999656677246,10.119999885559082,112700,0.0,0.0
2023-02-01 00:00:00-05:00,10.119999885559082,10.130000114440918,10.119999885559082,10.119999885559082,600,0.0,0.0
2023-02-02 00:00:00-05:00,10.130000114440918,10.130000114440918,10.109999656677246,10.109999656677246,2300,0.0,0.0
2023-02-03 00:00:00-05:00,10.130000114440918,10.130000114440918,10.114999771118164,10.119999885559082,1300,0.0,0.0
2023-02-06 00:00:00-05:00,10.130000114440918,10.140000343322754,10.119999885559082,10.140000343322754,107600,0.0,0.0
2023-02-07 00:00:00-05:00,10.119999885559082,10.119999885559082,10.119999885559082,10.119999885559082,200,0.0,0.0
2023-02-08 00:00:00-05:00,10.119999885559082,10.121000289916992,10.109999656677246,10.119999885559082,112200,0.0,0.0
2023-02-09 00:00:00-05:00,10.119999885559082,10.119999885559082,10.119999885559082,10.119999885559082,2200,0.0,0.0
2023-02-10 00:00:00-05:00,10.119999885559082,10.140000343322754,10.119999885559082,10.130000114440918,101000,0.0,0.0
2023-02-13 00:00:00-05:00,10.130000114440918,10.130000114440918,10.130000114440918,10.130000114440918,0,0.0,0.0
2023-02-14 00:00:00-05:00,10.130000114440918,10.130000114440918,10.130000114440918,10.130000114440918,0,0.0,0.0
2023-02-15 00:00:00-05:00,10.130000114440918,10.135000228881836,10.130000114440918,10.135000228881836,13900,0.0,0.0
2023-02-16 00:00:00-05:00,10.140000343322754,10.164999961853027,10.135000228881836,10.149999618530273,29800,0.0,0.0
2023-02-17 00:00:00-05:00,10.149999618530273,10.149999618530273,10.149999618530273,10.149999618530273,200,0.0,0.0
2023-02-21 00:00:00-05:00,10.140000343322754,10.149999618530273,10.130000114440918,10.149999618530273,357300,0.0,0.0
2023-02-22 00:00:00-05:00,10.149999618530273,10.149999618530273,10.149999618530273,10.149999618530273,31500,0.0,0.0
2023-02-23 00:00:00-05:00,10.149999618530273,10.149999618530273,10.149999618530273,10.149999618530273,4400,0.0,0.0
2023-02-24 00:00:00-05:00,10.15999984741211,10.15999984741211,10.154999732971191,10.154999732971191,20100,0.0,0.0
2023-02-27 00:00:00-05:00,10.15999984741211,10.15999984741211,10.154999732971191,10.15999984741211,5900,0.0,0.0
2023-02-28 00:00:00-05:00,10.15999984741211,10.15999984741211,10.15999984741211,10.15999984741211,16000,0.0,0.0
2023-03-01 00:00:00-05:00,10.15999984741211,10.170000076293945,10.15999984741211,10.170000076293945,19100,0.0,0.0
2023-03-02 00:00:00-05:00,10.170000076293945,10.180000305175781,10.170000076293945,10.170000076293945,18800,0.0,0.0
2023-03-03 00:00:00-05:00,10.15999984741211,10.180000305175781,10.15999984741211,10.170000076293945,6400,0.0,0.0
2023-03-06 00:00:00-05:00,10.170000076293945,10.170000076293945,10.170000076293945,10.170000076293945,0,0.0,0.0
2023-03-07 00:00:00-05:00,10.170000076293945,10.170000076293945,10.170000076293945,10.170000076293945,0,0.0,0.0
2023-03-08 00:00:00-05:00,10.175000190734863,10.180000305175781,10.175000190734863,10.180000305175781,2800,0.0,0.0
2023-03-09 00:00:00-05:00,10.189000129699707,10.189000129699707,10.189000129699707,10.189000129699707,100,0.0,0.0
2023-03-10 00:00:00-05:00,10.1899995803833,10.1899995803833,10.1899995803833,10.1899995803833,25000,0.0,0.0
2023-03-13 00:00:00-04:00,10.180000305175781,10.1899995803833,10.149999618530273,10.15999984741211,404400,0.0,0.0
2023-03-14 00:00:00-04:00,10.180000305175781,10.1899995803833,10.180000305175781,10.1899995803833,63200,0.0,0.0
2023-03-15 00:00:00-04:00,10.180000305175781,10.180000305175781,10.180000305175781,10.180000305175781,100,0.0,0.0
2023-03-16 00:00:00-04:00,10.25,10.25,10.180000305175781,10.180000305175781,104100,0.0,0.0
2023-03-17 00:00:00-04:00,10.180000305175781,10.1850004196167,10.180000305175781,10.1850004196167,2000,0.0,0.0
2023-03-20 00:00:00-04:00,10.180000305175781,10.220000267028809,10.180000305175781,10.1899995803833,700,0.0,0.0
2023-03-21 00:00:00-04:00,10.1899995803833,10.359999656677246,10.1899995803833,10.1899995803833,254000,0.0,0.0
2023-03-22 00:00:00-04:00,10.1899995803833,10.1899995803833,10.1899995803833,10.1899995803833,100,0.0,0.0
2023-03-23 00:00:00-04:00,10.1899995803833,10.210000038146973,10.1899995803833,10.199999809265137,900,0.0,0.0
2023-03-24 00:00:00-04:00,10.199999809265137,10.199999809265137,10.199999809265137,10.199999809265137,200,0.0,0.0
2023-03-27 00:00:00-04:00,10.204999923706055,10.289999961853027,10.204999923706055,10.289999961853027,14800,0.0,0.0
2023-03-28 00:00:00-04:00,10.289999961853027,10.289999961853027,10.210000038146973,10.210000038146973,1400,0.0,0.0
2023-03-29 00:00:00-04:00,10.270000457763672,10.270000457763672,10.21399974822998,10.220000267028809,700,0.0,0.0
2023-03-30 00:00:00-04:00,10.210000038146973,10.270000457763672,10.210000038146973,10.270000457763672,400,0.0,0.0
2023-03-31 00:00:00-04:00,10.270000457763672,10.270000457763672,10.260000228881836,10.270000457763672,1500,0.0,0.0
2023-04-03 00:00:00-04:00,10.239999771118164,10.25,10.229999542236328,10.25,3700,0.0,0.0
2023-04-04 00:00:00-04:00,10.21500015258789,10.21500015258789,10.210000038146973,10.210000038146973,1800,0.0,0.0
2023-04-05 00:00:00-04:00,10.220000267028809,10.229999542236328,10.220000267028809,10.220000267028809,45300,0.0,0.0
2023-04-06 00:00:00-04:00,10.229999542236328,10.229999542236328,10.220000267028809,10.220000267028809,600,0.0,0.0
2023-04-10 00:00:00-04:00,10.220000267028809,10.220000267028809,10.220000267028809,10.220000267028809,5100,0.0,0.0
2023-04-11 00:00:00-04:00,10.220000267028809,10.220000267028809,10.220000267028809,10.220000267028809,6200,0.0,0.0
2023-04-12 00:00:00-04:00,10.229999542236328,10.232999801635742,10.229999542236328,10.229999542236328,23200,0.0,0.0
2023-04-13 00:00:00-04:00,10.229999542236328,10.239999771118164,10.229999542236328,10.239999771118164,5500,0.0,0.0
2023-04-14 00:00:00-04:00,10.239999771118164,10.239999771118164,10.239999771118164,10.239999771118164,0,0.0,0.0
2023-04-17 00:00:00-04:00,10.239999771118164,10.239999771118164,10.239999771118164,10.239999771118164,27000,0.0,0.0
2023-04-18 00:00:00-04:00,10.239999771118164,10.25,10.239999771118164,10.239999771118164,25200,0.0,0.0
2023-04-19 00:00:00-04:00,10.25,10.253000259399414,10.25,10.25,20700,0.0,0.0
2023-04-20 00:00:00-04:00,10.25,10.25,10.25,10.25,0,0.0,0.0
2023-04-21 00:00:00-04:00,10.25,10.25,10.25,10.25,0,0.0,0.0
2023-04-24 00:00:00-04:00,10.25,10.25,10.25,10.25,147500,0.0,0.0
2023-04-25 00:00:00-04:00,10.25,10.25,10.25,10.25,110500,0.0,0.0
2023-04-26 00:00:00-04:00,10.5,10.5,10.260000228881836,10.260000228881836,2800,0.0,0.0
2023-04-27 00:00:00-04:00,10.260000228881836,10.260000228881836,10.260000228881836,10.260000228881836,109400,0.0,0.0
2023-04-28 00:00:00-04:00,10.260000228881836,10.260000228881836,10.260000228881836,10.260000228881836,149500,0.0,0.0
2023-05-01 00:00:00-04:00,10.25,10.260000228881836,10.25,10.260000228881836,25100,0.0,0.0
2023-05-02 00:00:00-04:00,10.260000228881836,10.260000228881836,10.260000228881836,10.260000228881836,18200,0.0,0.0
2023-05-03 00:00:00-04:00,10.380000114440918,10.380000114440918,10.319999694824219,10.329999923706055,1100,0.0,0.0
2023-05-04 00:00:00-04:00,10.270000457763672,10.279999732971191,10.260000228881836,10.260000228881836,900,0.0,0.0
2023-05-05 00:00:00-04:00,10.260000228881836,10.260000228881836,10.260000228881836,10.260000228881836,5000,0.0,0.0
2023-05-08 00:00:00-04:00,10.260000228881836,10.265000343322754,10.260000228881836,10.265000343322754,7700,0.0,0.0
2023-05-09 00:00:00-04:00,10.260000228881836,10.270000457763672,10.260000228881836,10.270000457763672,7600,0.0,0.0
2023-05-10 00:00:00-04:00,10.270000457763672,10.279999732971191,10.270000457763672,10.279999732971191,15700,0.0,0.0
2023-05-11 00:00:00-04:00,10.279999732971191,10.282999992370605,10.279999732971191,10.279999732971191,7200,0.0,0.0
2023-05-12 00:00:00-04:00,10.380000114440918,10.430000305175781,10.359999656677246,10.359999656677246,983500,0.0,0.0
2023-05-15 00:00:00-04:00,10.390000343322754,10.390000343322754,10.326000213623047,10.359999656677246,209200,0.0,0.0
2023-05-16 00:00:00-04:00,10.300000190734863,10.329999923706055,10.300000190734863,10.305000305175781,144300,0.0,0.0
2023-05-17 00:00:00-04:00,10.300000190734863,10.3100004196167,10.300000190734863,10.300000190734863,168500,0.0,0.0
2023-05-18 00:00:00-04:00,10.3100004196167,10.3100004196167,10.279999732971191,10.300000190734863,537800,0.0,0.0
2023-05-19 00:00:00-04:00,10.300000190734863,10.3100004196167,10.300000190734863,10.3100004196167,112900,0.0,0.0
2023-05-22 00:00:00-04:00,10.3100004196167,10.3100004196167,10.300000190734863,10.300000190734863,105800,0.0,0.0
2023-05-23 00:00:00-04:00,10.305000305175781,10.3100004196167,10.300000190734863,10.300000190734863,653500,0.0,0.0
2023-05-24 00:00:00-04:00,10.3100004196167,10.3100004196167,10.300000190734863,10.300000190734863,3300,0.0,0.0
2023-05-25 00:00:00-04:00,10.300000190734863,10.3100004196167,10.300000190734863,10.300000190734863,66100,0.0,0.0
2023-05-26 00:00:00-04:00,10.319999694824219,10.319999694824219,10.300000190734863,10.300000190734863,39100,0.0,0.0
2023-05-30 00:00:00-04:00,10.300000190734863,10.3100004196167,10.300000190734863,10.3100004196167,181100,0.0,0.0
2023-05-31 00:00:00-04:00,10.380000114440918,10.390000343322754,10.3100004196167,10.350000381469727,17100,0.0,0.0
2023-06-01 00:00:00-04:00,10.329999923706055,10.359999656677246,10.300000190734863,10.319999694824219,29700,0.0,0.0
2023-06-02 00:00:00-04:00,10.319999694824219,10.329999923706055,10.3100004196167,10.319999694824219,197200,0.0,0.0
2023-06-05 00:00:00-04:00,10.329999923706055,10.329999923706055,10.3100004196167,10.319999694824219,505000,0.0,0.0
2023-06-06 00:00:00-04:00,10.329999923706055,10.329999923706055,10.310999870300293,10.329999923706055,17700,0.0,0.0
2023-06-07 00:00:00-04:00,10.329999923706055,10.34000015258789,10.321999549865723,10.34000015258789,800,0.0,0.0
2023-06-08 00:00:00-04:00,10.329999923706055,10.34000015258789,10.329999923706055,10.329999923706055,16000,0.0,0.0
2023-06-09 00:00:00-04:00,10.329999923706055,10.34000015258789,10.329999923706055,10.329999923706055,3100,0.0,0.0
2023-06-12 00:00:00-04:00,10.3100004196167,10.34000015258789,10.3100004196167,10.329999923706055,155000,0.0,0.0
2023-06-13 00:00:00-04:00,10.329999923706055,10.350000381469727,10.321000099182129,10.329999923706055,308800,0.0,0.0
2023-06-14 00:00:00-04:00,10.359999656677246,10.359999656677246,10.359999656677246,10.359999656677246,400,0.0,0.0
2023-06-15 00:00:00-04:00,10.359999656677246,10.359999656677246,10.329999923706055,10.350000381469727,3800,0.0,0.0
2023-06-16 00:00:00-04:00,10.359999656677246,10.359999656677246,10.329999923706055,10.329999923706055,25800,0.0,0.0
2023-06-20 00:00:00-04:00,10.329999923706055,10.350000381469727,10.329000473022461,10.329999923706055,51000,0.0,0.0
2023-06-21 00:00:00-04:00,10.34000015258789,10.350000381469727,10.329999923706055,10.34000015258789,193500,0.0,0.0
2023-06-22 00:00:00-04:00,10.34000015258789,10.350000381469727,10.329999923706055,10.329999923706055,132300,0.0,0.0
2023-06-23 00:00:00-04:00,10.329999923706055,10.350000381469727,10.329999923706055,10.331999778747559,5000,0.0,0.0
2023-06-26 00:00:00-04:00,10.319999694824219,10.329999923706055,10.319999694824219,10.319999694824219,24200,0.0,0.0
2023-06-27 00:00:00-04:00,10.34000015258789,10.34000015258789,10.329999923706055,10.329999923706055,1700,0.0,0.0
2023-06-28 00:00:00-04:00,10.329999923706055,10.335000038146973,10.329999923706055,10.335000038146973,250300,0.0,0.0
2023-06-29 00:00:00-04:00,10.34000015258789,10.34000015258789,10.34000015258789,10.34000015258789,900,0.0,0.0
2023-06-30 00:00:00-04:00,10.34000015258789,10.345000267028809,10.34000015258789,10.34000015258789,1304800,0.0,0.0
2023-07-03 00:00:00-04:00,10.34000015258789,10.350000381469727,10.34000015258789,10.342000007629395,13600,0.0,0.0
2023-07-05 00:00:00-04:00,10.350000381469727,10.359000205993652,10.350000381469727,10.359000205993652,2300,0.0,0.0
2023-07-06 00:00:00-04:00,10.350000381469727,10.359999656677246,10.350000381469727,10.359999656677246,2700,0.0,0.0
2023-07-07 00:00:00-04:00,10.354999542236328,10.380000114440918,10.350000381469727,10.350000381469727,132300,0.0,0.0
2023-07-10 00:00:00-04:00,10.109999656677246,10.390000343322754,10.039999961853027,10.25,115800,0.0,0.0
2023-07-11 00:00:00-04:00,10.25,10.390000343322754,10.201000213623047,10.300000190734863,87600,0.0,0.0
2023-07-12 00:00:00-04:00,10.140000343322754,10.34000015258789,10.140000343322754,10.260000228881836,7300,0.0,0.0
2023-07-13 00:00:00-04:00,10.289999961853027,10.3100004196167,10.260000228881836,10.300000190734863,5600,0.0,0.0
2023-07-14 00:00:00-04:00,10.300000190734863,10.369999885559082,10.279999732971191,10.279999732971191,2600,0.0,0.0
2023-07-17 00:00:00-04:00,10.289999961853027,10.289999961853027,10.270000457763672,10.279999732971191,4000,0.0,0.0
2023-07-18 00:00:00-04:00,10.3149995803833,10.319999694824219,10.288999557495117,10.319999694824219,1000,0.0,0.0
2023-07-19 00:00:00-04:00,10.289999961853027,10.300000190734863,10.279999732971191,10.279999732971191,9500,0.0,0.0
2023-07-20 00:00:00-04:00,10.279999732971191,10.279999732971191,10.270000457763672,10.270000457763672,14200,0.0,0.0
2023-07-21 00:00:00-04:00,10.199999809265137,10.279999732971191,10.199999809265137,10.265000343322754,46300,0.0,0.0
2023-07-24 00:00:00-04:00,10.239999771118164,10.319999694824219,10.239999771118164,10.260000228881836,2900,0.0,0.0
2023-07-25 00:00:00-04:00,10.199999809265137,10.260000228881836,10.199999809265137,10.229999542236328,48400,0.0,0.0
2023-07-26 00:00:00-04:00,10.3100004196167,10.390000343322754,10.239999771118164,10.239999771118164,7500,0.0,0.0
2023-07-27 00:00:00-04:00,10.234999656677246,10.279999732971191,10.229999542236328,10.279999732971191,20600,0.0,0.0
2023-07-28 00:00:00-04:00,10.300000190734863,11.359999656677246,10.270000457763672,11.149999618530273,301900,0.0,0.0
2023-07-31 00:00:00-04:00,11.869999885559082,12.90999984741211,11.149999618530273,12.1899995803833,192700,0.0,0.0
2023-08-01 00:00:00-04:00,12.210000038146973,12.300000190734863,11.0,11.010000228881836,203300,0.0,0.0
2023-08-02 00:00:00-04:00,11.109999656677246,11.678999900817871,10.640000343322754,10.8100004196167,79200,0.0,0.0
2023-08-03 00:00:00-04:00,10.699999809265137,11.069999694824219,10.350000381469727,10.619999885559082,104800,0.0,0.0
2023-08-04 00:00:00-04:00,10.420000076293945,10.670000076293945,10.279999732971191,10.59000015258789,29100,0.0,0.0
2023-08-07 00:00:00-04:00,10.25,10.890000343322754,10.25,10.520000457763672,40800,0.0,0.0
2023-08-08 00:00:00-04:00,10.529999732971191,10.859000205993652,10.329999923706055,10.609999656677246,41600,0.0,0.0
2023-08-09 00:00:00-04:00,10.699999809265137,10.779999732971191,10.350000381469727,10.6899995803833,25600,0.0,0.0
2023-08-10 00:00:00-04:00,10.899999618530273,22.799999237060547,10.350000381469727,18.5,4733700,0.0,0.0
2023-08-11 00:00:00-04:00,13.859999656677246,17.8700008392334,13.859999656677246,14.819999694824219,799000,0.0,0.0
2023-08-14 00:00:00-04:00,11.100000381469727,11.760000228881836,9.109999656677246,10.449999809265137,482300,0.0,0.0
2023-08-15 00:00:00-04:00,22.0,38.77799987792969,16.0,37.060001373291016,6891900,0.0,0.0
2023-08-16 00:00:00-04:00,26.5,30.549999237060547,24.163000106811523,29.020000457763672,3108600,0.0,0.0
2023-08-17 00:00:00-04:00,27.860000610351562,29.360000610351562,19.8799991607666,20.0,1831500,0.0,0.0
2023-08-18 00:00:00-04:00,19.639999389648438,19.677000045776367,11.609999656677246,15.399999618530273,2990300,0.0,0.0
2023-08-21 00:00:00-04:00,16.780000686645508,18.889999389648438,16.0,17.579999923706055,2126500,0.0,0.0
2023-08-22 00:00:00-04:00,19.0,46.97999954223633,18.799999237060547,36.720001220703125,19378700,0.0,0.0
2023-08-23 00:00:00-04:00,30.170000076293945,45.0,29.81999969482422,37.029998779296875,8267500,0.0,0.0
2023-08-24 00:00:00-04:00,38.70000076293945,57.79999923706055,37.369998931884766,49.0,12923500,0.0,0.0
2023-08-25 00:00:00-04:00,55.20000076293945,73.9000015258789,55.029998779296875,68.7699966430664,15278100,0.0,0.0
2023-08-28 00:00:00-04:00,84.0,93.0,75.91999816894531,82.3499984741211,12782400,0.0,0.0
2023-08-29 00:00:00-04:00,74.5199966430664,76.93000030517578,46.0,46.25,10794700,0.0,0.0
2023-08-30 00:00:00-04:00,53.400001525878906,57.5,37.5,41.27000045776367,10804800,0.0,0.0
2023-08-31 00:00:00-04:00,44.29999923706055,44.400001525878906,33.560001373291016,34.709999084472656,6503500,0.0,0.0
2023-09-01 00:00:00-04:00,32.52000045776367,34.34000015258789,26.261999130249023,29.4950008392334,7393200,0.0,0.0
2023-09-05 00:00:00-04:00,26.610000610351562,30.6200008392334,26.020000457763672,26.1299991607666,6312400,0.0,0.0
2023-09-06 00:00:00-04:00,26.700000762939453,27.200000762939453,24.469999313354492,24.5,5605300,0.0,0.0
2023-09-07 00:00:00-04:00,22.0,23.00200080871582,17.600000381469727,17.989999771118164,9917400,0.0,0.0
2023-09-08 00:00:00-04:00,19.479999542236328,19.489999771118164,16.329999923706055,17.149999618530273,8534000,0.0,0.0
2023-09-11 00:00:00-04:00,16.0,17.049999237060547,15.329999923706055,16.56999969482422,7693900,0.0,0.0
2023-09-12 00:00:00-04:00,16.489999771118164,18.329999923706055,15.449999809265137,17.209999084472656,7676600,0.0,0.0
2023-09-13 00:00:00-04:00,17.200000762939453,17.479999542236328,16.43000030517578,17.209999084472656,3039300,0.0,0.0
2023-09-14 00:00:00-04:00,16.989999771118164,17.239999771118164,16.525999069213867,16.850000381469727,2112700,0.0,0.0
2023-09-15 00:00:00-04:00,16.5,17.8799991607666,16.5,17.530000686645508,3831000,0.0,0.0
2023-09-18 00:00:00-04:00,17.1299991607666,18.450000762939453,16.889999389648438,17.31999969482422,2864000,0.0,0.0
2023-09-19 00:00:00-04:00,17.139999389648438,18.100000381469727,17.030000686645508,17.799999237060547,2472400,0.0,0.0
2023-09-20 00:00:00-04:00,17.649999618530273,17.84000015258789,17.190000534057617,17.190000534057617,1384200,0.0,0.0
2023-09-21 00:00:00-04:00,16.889999389648438,17.152999877929688,15.163999557495117,15.75,3275300,0.0,0.0
2023-09-22 00:00:00-04:00,16.3799991607666,16.399999618530273,15.010000228881836,15.630000114440918,2243800,0.0,0.0
2023-09-25 00:00:00-04:00,15.050000190734863,15.210000038146973,13.619999885559082,14.0,2352600,0.0,0.0
2023-09-26 00:00:00-04:00,13.899999618530273,13.979999542236328,12.800000190734863,12.880000114440918,2275500,0.0,0.0
2023-09-27 00:00:00-04:00,12.609999656677246,12.739999771118164,11.079999923706055,11.220000267028809,3063000,0.0,0.0
2023-09-28 00:00:00-04:00,11.109999656677246,12.890000343322754,10.640000343322754,12.5600004196167,5061100,0.0,0.0
2023-09-29 00:00:00-04:00,12.210000038146973,13.609999656677246,12.0,12.5,4667300,0.0,0.0
2023-10-02 00:00:00-04:00,11.109999656677246,11.793999671936035,9.720000267028809,9.800000190734863,6851900,0.0,0.0
2023-10-03 00:00:00-04:00,9.039999961853027,9.640000343322754,9.0,9.329999923706055,3263800,0.0,0.0
2023-10-04 00:00:00-04:00,9.369999885559082,9.369999885559082,7.980000019073486,8.050000190734863,5687600,0.0,0.0
2023-10-05 00:00:00-04:00,8.899999618530273,9.300000190734863,8.0600004196167,8.5,8881800,0.0,0.0
2023-10-06 00:00:00-04:00,8.079999923706055,8.279999732971191,7.650000095367432,8.029999732971191,3516900,0.0,0.0
2023-10-09 00:00:00-04:00,7.960000038146973,7.96999979019165,7.230000019073486,7.230000019073486,3682300,0.0,0.0
2023-10-10 00:00:00-04:00,7.28000020980835,7.610000133514404,7.010000228881836,7.489999771118164,3872600,0.0,0.0
2023-10-11 00:00:00-04:00,7.670000076293945,8.229999542236328,7.480000019073486,8.119999885559082,4343900,0.0,0.0
2023-10-12 00:00:00-04:00,8.020000457763672,8.039999961853027,7.619999885559082,7.980000019073486,3222800,0.0,0.0
2023-10-13 00:00:00-04:00,7.840000152587891,8.4399995803833,7.78000020980835,7.980000019073486,4139800,0.0,0.0
2023-10-16 00:00:00-04:00,7.980000019073486,8.079999923706055,6.300000190734863,6.53000020980835,9597400,0.0,0.0
2023-10-17 00:00:00-04:00,6.369999885559082,6.840000152587891,6.239999771118164,6.460000038146973,6427700,0.0,0.0
2023-10-18 00:00:00-04:00,6.289999961853027,6.329999923706055,5.809999942779541,5.96999979019165,5524000,0.0,0.0
2023-10-19 00:00:00-04:00,5.96999979019165,6.099999904632568,5.610000133514404,5.690000057220459,3688100,0.0,0.0
2023-10-20 00:00:00-04:00,5.570000171661377,5.659999847412109,5.25,5.380000114440918,4754900,0.0,0.0
2023-10-23 00:00:00-04:00,5.289999961853027,5.309999942779541,4.650000095367432,4.800000190734863,6504200,0.0,0.0
2023-10-24 00:00:00-04:00,4.820000171661377,4.929999828338623,4.639999866485596,4.929999828338623,3203300,0.0,0.0
2023-10-25 00:00:00-04:00,4.909999847412109,5.440000057220459,4.590000152587891,5.210000038146973,6229200,0.0,0.0
2023-10-26 00:00:00-04:00,5.199999809265137,5.639999866485596,4.949999809265137,5.510000228881836,3843900,0.0,0.0
2023-10-27 00:00:00-04:00,5.550000190734863,5.829999923706055,5.239999771118164,5.320000171661377,1865200,0.0,0.0
2023-10-30 00:00:00-04:00,5.369999885559082,5.489999771118164,5.199999809265137,5.329999923706055,1384600,0.0,0.0
2023-10-31 00:00:00-04:00,5.28000020980835,5.550000190734863,5.242000102996826,5.429999828338623,1351300,0.0,0.0
2023-11-01 00:00:00-04:00,5.320000171661377,5.449999809265137,5.005000114440918,5.329999923706055,2820400,0.0,0.0
2023-11-02 00:00:00-04:00,5.46999979019165,5.670000076293945,5.315000057220459,5.599999904632568,2384400,0.0,0.0
2023-11-03 00:00:00-04:00,5.699999809265137,5.96999979019165,5.610000133514404,5.940000057220459,3128600,0.0,0.0
2023-11-06 00:00:00-05:00,6.170000076293945,6.260000228881836,5.639999866485596,6.135000228881836,3407000,0.0,0.0
2023-11-07 00:00:00-05:00,6.070000171661377,6.309999942779541,5.78000020980835,6.159999847412109,2031300,0.0,0.0
2023-11-08 00:00:00-05:00,6.25,7.28000020980835,6.139999866485596,7.25,6562200,0.0,0.0
2023-11-09 00:00:00-05:00,7.329999923706055,7.340000152587891,6.260000228881836,6.489999771118164,4848200,0.0,0.0
2023-11-10 00:00:00-05:00,6.369999885559082,6.619999885559082,5.769999980926514,6.070000171661377,3540900,0.0,0.0
2023-11-13 00:00:00-05:00,6.070000171661377,6.070000171661377,5.75,5.900000095367432,2387200,0.0,0.0
2023-11-14 00:00:00-05:00,6.110000133514404,6.224999904632568,5.889999866485596,6.190000057220459,2452100,0.0,0.0
2023-11-15 00:00:00-05:00,6.199999809265137,6.360000133514404,5.980000019073486,6.170000076293945,2580700,0.0,0.0
2023-11-16 00:00:00-05:00,6.059999942779541,6.110000133514404,5.610000133514404,5.75,2813700,0.0,0.0
2023-11-17 00:00:00-05:00,5.690000057220459,5.708000183105469,5.300000190734863,5.409999847412109,3298600,0.0,0.0
2023-11-20 00:00:00-05:00,5.480000019073486,5.5,5.329999923706055,5.360000133514404,2653900,0.0,0.0
2023-11-21 00:00:00-05:00,5.710000038146973,6.340000152587891,5.539999961853027,5.989999771118164,8105500,0.0,0.0
2023-11-22 00:00:00-05:00,6.5,6.579999923706055,6.139999866485596,6.179999828338623,7008700,0.0,0.0
2023-11-24 00:00:00-05:00,6.179999828338623,6.730000019073486,6.179999828338623,6.559999942779541,4513300,0.0,0.0
2023-11-27 00:00:00-05:00,6.460000038146973,6.869999885559082,6.099999904632568,6.630000114440918,5164100,0.0,0.0
2023-11-28 00:00:00-05:00,6.650000095367432,7.135000228881836,6.551000118255615,6.989999771118164,5054400,0.0,0.0
2023-11-29 00:00:00-05:00,7.130000114440918,7.579999923706055,6.909999847412109,7.559999942779541,6546500,0.0,0.0
2023-11-30 00:00:00-05:00,8.680000305175781,9.300000190734863,8.270000457763672,8.449999809265137,19404500,0.0,0.0
2023-12-01 00:00:00-05:00,8.149999618530273,8.199999809265137,7.590000152587891,7.840000152587891,5529100,0.0,0.0
2023-12-04 00:00:00-05:00,7.909999847412109,7.920000076293945,6.960000038146973,7.059999942779541,6376900,0.0,0.0
2023-12-05 00:00:00-05:00,7.0,7.2789998054504395,6.78000020980835,6.849999904632568,3814800,0.0,0.0
2023-12-06 00:00:00-05:00,6.940000057220459,7.375,6.869999885559082,7.0,3925900,0.0,0.0
2023-12-07 00:00:00-05:00,6.96999979019165,7.010000228881836,6.75,6.820000171661377,2863700,0.0,0.0
2023-12-08 00:00:00-05:00,6.800000190734863,6.954999923706055,6.679999828338623,6.849999904632568,2676400,0.0,0.0
2023-12-11 00:00:00-05:00,7.090000152587891,7.099999904632568,6.599999904632568,6.71999979019165,2887600,0.0,0.0
2023-12-12 00:00:00-05:00,6.71999979019165,6.71999979019165,6.369999885559082,6.5,2522000,0.0,0.0
2023-12-13 00:00:00-05:00,6.400000095367432,6.849999904632568,6.400000095367432,6.789999961853027,2426400,0.0,0.0
2023-12-14 00:00:00-05:00,6.980000019073486,6.980000019073486,6.699999809265137,6.940000057220459,3231700,0.0,0.0
2023-12-15 00:00:00-05:00,7.039999961853027,7.980000019073486,6.802999973297119,7.880000114440918,6358900,0.0,0.0
2023-12-18 00:00:00-05:00,7.630000114440918,7.789999961853027,7.400000095367432,7.630000114440918,3408100,0.0,0.0
2023-12-19 00:00:00-05:00,7.75,8.050000190734863,7.510000228881836,8.0,4024900,0.0,0.0
2023-12-20 00:00:00-05:00,7.949999809265137,8.739999771118164,7.800000190734863,7.940000057220459,6434300,0.0,0.0
2023-12-21 00:00:00-05:00,8.279999732971191,8.329999923706055,7.71999979019165,8.109999656677246,3605400,0.0,0.0
2023-12-22 00:00:00-05:00,8.079999923706055,8.241999626159668,7.800000190734863,7.989999771118164,2699600,0.0,0.0
2023-12-26 00:00:00-05:00,8.0,8.520000457763672,7.980000019073486,8.380000114440918,3486000,0.0,0.0
2023-12-27 00:00:00-05:00,8.34000015258789,8.550000190734863,8.149999618530273,8.479999542236328,3420700,0.0,0.0
2023-12-28 00:00:00-05:00,8.40999984741211,8.779999732971191,8.399999618530273,8.640000343322754,2973600,0.0,0.0
2023-12-29 00:00:00-05:00,8.5600004196167,8.5600004196167,8.079999923706055,8.369999885559082,2816600,0.0,0.0
2024-01-02 00:00:00-05:00,8.039999961853027,8.050000190734863,7.0,7.050000190734863,6666200,0.0,0.0
2024-01-03 00:00:00-05:00,7.135000228881836,7.210000038146973,6.835000038146973,7.079999923706055,4709600,0.0,0.0
2024-01-04 00:00:00-05:00,7.070000171661377,7.130000114440918,6.900000095367432,7.070000171661377,3466600,0.0,0.0
2024-01-05 00:00:00-05:00,7.0,7.059999942779541,6.900000095367432,7.019999980926514,1939900,0.0,0.0
2024-01-08 00:00:00-05:00,7.050000190734863,7.190000057220459,6.75,6.789999961853027,3767900,0.0,0.0
2024-01-09 00:00:00-05:00,6.75,6.869999885559082,6.409999847412109,6.650000095367432,3327700,0.0,0.0
2024-01-10 00:00:00-05:00,6.610000133514404,6.739999771118164,6.429999828338623,6.71999979019165,2500800,0.0,0.0
2024-01-11 00:00:00-05:00,6.699999809265137,6.965000152587891,6.559999942779541,6.760000228881836,2216500,0.0,0.0
2024-01-12 00:00:00-05:00,6.730000019073486,6.949999809265137,6.53000020980835,6.590000152587891,1881900,0.0,0.0
2024-01-16 00:00:00-05:00,6.5,6.550000190734863,5.920000076293945,6.03000020980835,3761300,0.0,0.0
2024-01-17 00:00:00-05:00,5.909999847412109,5.929999828338623,5.570000171661377,5.769999980926514,2751800,0.0,0.0
2024-01-18 00:00:00-05:00,5.730000019073486,5.869999885559082,5.5,5.639999866485596,2295700,0.0,0.0
2024-01-19 00:00:00-05:00,5.599999904632568,6.230000019073486,5.53000020980835,6.0,3019900,0.0,0.0
2024-01-22 00:00:00-05:00,6.070000171661377,6.210000038146973,5.75,6.159999847412109,2482400,0.0,0.0
2024-01-23 00:00:00-05:00,6.190000057220459,6.349999904632568,6.090000152587891,6.139999866485596,1884500,0.0,0.0
2024-01-24 00:00:00-05:00,6.239999771118164,6.239999771118164,5.900000095367432,5.909999847412109,1626500,0.0,0.0
2024-01-25 00:00:00-05:00,5.900000095367432,6.159999847412109,5.900000095367432,6.119999885559082,1561200,0.0,0.0
2024-01-26 00:00:00-05:00,6.119999885559082,6.119999885559082,5.929999828338623,5.940000057220459,1069100,0.0,0.0
2024-01-29 00:00:00-05:00,6.0,6.110000133514404,5.800000190734863,6.110000133514404,1698500,0.0,0.0
2024-01-30 00:00:00-05:00,6.090000152587891,6.119999885559082,5.949999809265137,6.0,1298400,0.0,0.0
2024-01-31 00:00:00-05:00,5.960000038146973,6.25,5.920000076293945,5.949999809265137,1259400,0.0,0.0
2024-02-01 00:00:00-05:00,6.099999904632568,6.110000133514404,5.900000095367432,5.929999828338623,1135200,0.0,0.0
2024-02-02 00:00:00-05:00,5.900000095367432,5.940000057220459,5.550000190734863,5.71999979019165,2155000,0.0,0.0
2024-02-05 00:00:00-05:00,5.639999866485596,5.650000095367432,5.230000019073486,5.269999980926514,2752400,0.0,0.0
2024-02-06 00:00:00-05:00,5.25,5.389999866485596,5.239999771118164,5.389999866485596,2438100,0.0,0.0
2024-02-07 00:00:00-05:00,5.409999847412109,5.429999828338623,5.275000095367432,5.349999904632568,1303500,0.0,0.0
2024-02-08 00:00:00-05:00,5.300000190734863,5.389999866485596,5.269999980926514,5.309999942779541,1003900,0.0,0.0
2024-02-09 00:00:00-05:00,5.309999942779541,5.360000133514404,5.210000038146973,5.25,1206300,0.0,0.0
2024-02-12 00:00:00-05:00,5.210000038146973,5.440000057220459,5.198999881744385,5.360000133514404,1851700,0.0,0.0
2024-02-13 00:00:00-05:00,5.230000019073486,5.24399995803833,5.090000152587891,5.130000114440918,1569000,0.0,0.0
2024-02-14 00:00:00-05:00,5.210000038146973,5.230000019073486,4.900000095367432,5.21999979019165,1893100,0.0,0.0
2024-02-15 00:00:00-05:00,5.230000019073486,5.46999979019165,5.2210001945495605,5.429999828338623,1634700,0.0,0.0
2024-02-16 00:00:00-05:00,5.429999828338623,5.579999923706055,5.380000114440918,5.460000038146973,1469200,0.0,0.0
2024-02-20 00:00:00-05:00,5.449999809265137,5.449999809265137,5.150000095367432,5.210000038146973,1434600,0.0,0.0
2024-02-21 00:00:00-05:00,5.21999979019165,5.340000152587891,5.179999828338623,5.260000228881836,867400,0.0,0.0
2024-02-22 00:00:00-05:00,5.159999847412109,5.329999923706055,4.929999828338623,5.079999923706055,2246000,0.0,0.0
2024-02-23 00:00:00-05:00,5.090000152587891,5.150000095367432,4.909999847412109,5.059999942779541,1543800,0.0,0.0
2024-02-26 00:00:00-05:00,5.079999923706055,5.21999979019165,4.949999809265137,5.179999828338623,1880700,0.0,0.0
2024-02-27 00:00:00-05:00,5.269999980926514,5.679999828338623,5.199999809265137,5.579999923706055,2793100,0.0,0.0
2024-02-28 00:00:00-05:00,5.650000095367432,5.929999828338623,5.5,5.860000133514404,1913700,0.0,0.0
2024-02-29 00:00:00-05:00,5.869999885559082,6.179999828338623,5.869999885559082,5.96999979019165,1855800,0.0,0.0
2024-03-01 00:00:00-05:00,6.010000228881836,6.050000190734863,5.710000038146973,5.789999961853027,1724400,0.0,0.0
2024-03-04 00:00:00-05:00,5.789999961853027,5.800000190734863,5.199999809265137,5.28000020980835,2953400,0.0,0.0
2024-03-05 00:00:00-05:00,5.230000019073486,5.369999885559082,5.208000183105469,5.320000171661377,1450100,0.0,0.0
2024-03-06 00:00:00-05:00,5.320000171661377,5.320000171661377,5.170000076293945,5.199999809265137,1321900,0.0,0.0
2024-03-07 00:00:00-05:00,5.190000057220459,5.284999847412109,5.130000114440918,5.28000020980835,1461500,0.0,0.0
2024-03-08 00:00:00-05:00,5.329999923706055,5.449999809265137,5.239999771118164,5.25,1146700,0.0,0.0
2024-03-11 00:00:00-04:00,5.25,5.369999885559082,5.179999828338623,5.210000038146973,1288000,0.0,0.0
2024-03-12 00:00:00-04:00,5.21999979019165,5.239999771118164,5.03000020980835,5.059999942779541,1587700,0.0,0.0
2024-03-13 00:00:00-04:00,5.090000152587891,5.090000152587891,4.920000076293945,4.980000019073486,1667600,0.0,0.0
2024-03-14 00:00:00-04:00,4.949999809265137,4.960000038146973,4.809999942779541,4.889999866485596,2042100,0.0,0.0
2024-03-15 00:00:00-04:00,4.869999885559082,5.099999904632568,4.840000152587891,5.019999980926514,1839600,0.0,0.0
2024-03-18 00:00:00-04:00,5.090000152587891,5.090000152587891,4.769999980926514,4.929999828338623,1898500,0.0,0.0
2024-03-19 00:00:00-04:00,4.920000076293945,4.920000076293945,4.639999866485596,4.730000019073486,2131400,0.0,0.0
2024-03-20 00:00:00-04:00,4.78000020980835,4.885000228881836,4.679999828338623,4.869999885559082,1205400,0.0,0.0
2024-03-21 00:00:00-04:00,4.949999809265137,5.010000228881836,4.800000190734863,4.989999771118164,1211800,0.0,0.0
2024-03-22 00:00:00-04:00,4.940000057220459,4.980000019073486,4.860000133514404,4.960000038146973,950300,0.0,0.0
2024-03-25 00:00:00-04:00,4.960000038146973,5.105000019073486,4.820000171661377,4.829999923706055,1216600,0.0,0.0
2024-03-26 00:00:00-04:00,4.860000133514404,4.900000095367432,4.659999847412109,4.699999809265137,1301900,0.0,0.0
2024-03-27 00:00:00-04:00,4.75,4.75,4.599999904632568,4.730000019073486,1427700,0.0,0.0
2024-03-28 00:00:00-04:00,4.710000038146973,5.050000190734863,4.679999828338623,4.96999979019165,2263800,0.0,0.0
2024-04-01 00:00:00-04:00,5.0,5.03000020980835,4.755000114440918,4.829999923706055,1516200,0.0,0.0
2024-04-02 00:00:00-04:00,4.800000190734863,4.84499979019165,4.7170000076293945,4.840000152587891,682100,0.0,0.0
2024-04-03 00:00:00-04:00,4.800000190734863,4.809999942779541,4.340000152587891,4.440000057220459,3698000,0.0,0.0
2024-04-04 00:00:00-04:00,4.5,4.539999961853027,4.360000133514404,4.360000133514404,1406400,0.0,0.0
2024-04-05 00:00:00-04:00,4.360000133514404,4.360000133514404,3.9600000381469727,4.159999847412109,3051900,0.0,0.0
2024-04-08 00:00:00-04:00,4.150000095367432,4.239999771118164,4.079999923706055,4.179999828338623,1452100,0.0,0.0
2024-04-09 00:00:00-04:00,4.230000019073486,4.244999885559082,4.070000171661377,4.099999904632568,1305000,0.0,0.0
2024-04-10 00:00:00-04:00,4.03000020980835,4.050000190734863,3.9100000858306885,3.950000047683716,1790300,0.0,0.0
2024-04-11 00:00:00-04:00,3.950000047683716,4.170000076293945,3.8499999046325684,4.03000020980835,2216400,0.0,0.0
2024-04-12 00:00:00-04:00,4.010000228881836,4.010000228881836,3.5899999141693115,3.5999999046325684,3193100,0.0,0.0
2024-04-15 00:00:00-04:00,3.690000057220459,3.690000057220459,3.1600000858306885,3.259999990463257,4019900,0.0,0.0
2024-04-16 00:00:00-04:00,3.200000047683716,3.2899999618530273,3.0299999713897705,3.069999933242798,2703200,0.0,0.0
2024-04-17 00:00:00-04:00,3.0399999618530273,3.049999952316284,2.5899999141693115,2.7200000286102295,6603900,0.0,0.0
2024-04-18 00:00:00-04:00,2.7100000381469727,2.799999952316284,2.559999942779541,2.7100000381469727,2444300,0.0,0.0
2024-04-19 00:00:00-04:00,2.5999999046325684,2.6549999713897705,2.434999942779541,2.5199999809265137,5661100,0.0,0.0
2024-04-22 00:00:00-04:00,2.4800000190734863,2.506999969482422,2.255000114440918,2.430000066757202,5029900,0.0,0.0
2024-04-23 00:00:00-04:00,2.490000009536743,2.690000057220459,2.4100000858306885,2.4200000762939453,3783000,0.0,0.0
2024-04-24 00:00:00-04:00,2.5899999141693115,2.630000114440918,2.450000047683716,2.5,3134700,0.0,0.0
2024-04-25 00:00:00-04:00,2.4700000286102295,2.690000057220459,2.440000057220459,2.690000057220459,2597700,0.0,0.0
2024-04-26 00:00:00-04:00,2.6700000762939453,2.8299999237060547,2.5999999046325684,2.5999999046325684,4101300,0.0,0.0
2024-04-29 00:00:00-04:00,2.7200000286102295,2.825000047683716,2.6600000858306885,2.740000009536743,2545400,0.0,0.0
2024-04-30 00:00:00-04:00,2.680000066757202,2.700000047683716,2.549999952316284,2.559999942779541,2679600,0.0,0.0
2024-05-01 00:00:00-04:00,2.5899999141693115,2.765000104904175,2.549999952316284,2.6600000858306885,2365500,0.0,0.0
2024-05-02 00:00:00-04:00,2.759999990463257,2.950000047683716,2.6700000762939453,2.8499999046325684,2924600,0.0,0.0
2024-05-03 00:00:00-04:00,2.940000057220459,2.9800000190734863,2.7850000858306885,2.890000104904175,1911400,0.0,0.0
2024-05-06 00:00:00-04:00,2.890000104904175,3.190000057220459,2.890000104904175,3.0799999237060547,3406300,0.0,0.0
2024-05-07 00:00:00-04:00,3.140000104904175,3.180000066757202,2.9600000381469727,3.009999990463257,2210800,0.0,0.0
2024-05-08 00:00:00-04:00,2.9600000381469727,2.9800000190734863,2.8499999046325684,2.9000000953674316,1758800,0.0,0.0
2024-05-09 00:00:00-04:00,2.9200000762939453,3.200000047683716,2.9000000953674316,3.0399999618530273,2006400,0.0,0.0
2024-05-10 00:00:00-04:00,3.059999942779541,3.1050000190734863,2.9800000190734863,3.009999990463257,1115600,0.0,0.0
2024-05-13 00:00:00-04:00,3.200000047683716,4.639999866485596,3.0799999237060547,4.559999942779541,15396300,0.0,0.0
2024-05-14 00:00:00-04:00,4.650000095367432,4.989999771118164,4.0,4.110000133514404,8503000,0.0,0.0
2024-05-15 00:00:00-04:00,4.210000038146973,4.289999961853027,4.0,4.239999771118164,2090400,0.0,0.0
2024-05-16 00:00:00-04:00,4.230000019073486,4.869999885559082,4.230000019073486,4.420000076293945,5959300,0.0,0.0
2024-05-17 00:00:00-04:00,4.349999904632568,4.880000114440918,4.235000133514404,4.880000114440918,3213500,0.0,0.0
2024-05-20 00:00:00-04:00,4.880000114440918,6.420000076293945,4.760000228881836,6.320000171661377,10868800,0.0,0.0
2024-05-21 00:00:00-04:00,5.599999904632568,5.980000019073486,4.940000057220459,5.139999866485596,7428800,0.0,0.0
2024-05-22 00:00:00-04:00,5.050000190734863,5.059999942779541,4.329999923706055,4.670000076293945,4112800,0.0,0.0
2024-05-23 00:00:00-04:00,4.739999771118164,5.019999980926514,4.5,4.699999809265137,2290300,0.0,0.0
2024-05-24 00:00:00-04:00,4.760000228881836,5.199999809265137,4.710000038146973,4.900000095367432,2842900,0.0,0.0
2024-05-28 00:00:00-04:00,4.900000095367432,5.239999771118164,4.699999809265137,4.920000076293945,2762600,0.0,0.0
2024-05-29 00:00:00-04:00,4.78000020980835,4.909999847412109,4.639999866485596,4.809999942779541,1087600,0.0,0.0
2024-05-30 00:00:00-04:00,4.900000095367432,5.039999961853027,4.815000057220459,4.869999885559082,1651900,0.0,0.0
2024-05-31 00:00:00-04:00,4.800000190734863,5.179999828338623,4.730000019073486,4.889999866485596,1878300,0.0,0.0
2024-06-03 00:00:00-04:00,4.949999809265137,5.059999942779541,4.78000020980835,4.869999885559082,1525100,0.0,0.0
2024-06-04 00:00:00-04:00,4.869999885559082,4.900000095367432,4.559999942779541,4.599999904632568,2303900,0.0,0.0
2024-06-05 00:00:00-04:00,4.650000095367432,4.650000095367432,4.210000038146973,4.46999979019165,2172600,0.0,0.0
2024-06-06 00:00:00-04:00,4.380000114440918,4.590000152587891,4.289999961853027,4.539999961853027,1680400,0.0,0.0
2024-06-07 00:00:00-04:00,4.400000095367432,4.480000019073486,4.289999961853027,4.360000133514404,1090700,0.0,0.0
2024-06-10 00:00:00-04:00,4.349999904632568,4.349999904632568,3.9200000762939453,3.9700000286102295,2227300,0.0,0.0
2024-06-11 00:00:00-04:00,3.9800000190734863,4.025000095367432,3.799999952316284,3.9100000858306885,1346600,0.0,0.0
2024-06-12 00:00:00-04:00,3.9100000858306885,4.039999961853027,3.7200000286102295,3.759999990463257,1511500,0.0,0.0
2024-06-13 00:00:00-04:00,3.759999990463257,4.079999923706055,3.7200000286102295,3.930000066757202,1439400,0.0,0.0
2024-06-14 00:00:00-04:00,3.9000000953674316,4.449999809265137,3.9000000953674316,4.329999923706055,3137800,0.0,0.0
2024-06-17 00:00:00-04:00,4.300000190734863,4.409999847412109,4.050000190734863,4.139999866485596,1149200,0.0,0.0
2024-06-18 00:00:00-04:00,4.110000133514404,4.130000114440918,3.825000047683716,3.9200000762939453,1986400,0.0,0.0
2024-06-20 00:00:00-04:00,3.869999885559082,4.389999866485596,3.7799999713897705,4.309999942779541,3398200,0.0,0.0
2024-06-21 00:00:00-04:00,4.159999847412109,4.224999904632568,3.9000000953674316,3.9000000953674316,1817100,0.0,0.0
2024-06-24 00:00:00-04:00,3.940000057220459,4.050000190734863,3.7899999618530273,4.039999961853027,1962700,0.0,0.0
2024-06-25 00:00:00-04:00,4.050000190734863,4.050000190734863,3.890000104904175,4.019999980926514,964200,0.0,0.0
2024-06-26 00:00:00-04:00,4.090000152587891,4.260000228881836,4.039999961853027,4.070000171661377,1407800,0.0,0.0
2024-06-27 00:00:00-04:00,4.03000020980835,4.480000019073486,3.930000066757202,4.400000095367432,1968300,0.0,0.0
2024-06-28 00:00:00-04:00,4.349999904632568,4.400000095367432,4.269999980926514,4.300000190734863,628800,0.0,0.0
2024-07-01 00:00:00-04:00,4.360000133514404,4.360000133514404,4.059999942779541,4.159999847412109,1177200,0.0,0.0
2024-07-02 00:00:00-04:00,4.170000076293945,4.210000038146973,3.9549999237060547,4.050000190734863,1389100,0.0,0.0
2024-07-03 00:00:00-04:00,4.050000190734863,4.28000020980835,4.03000020980835,4.199999809265137,1103300,0.0,0.0
2024-07-05 00:00:00-04:00,4.150000095367432,4.34499979019165,4.090000152587891,4.320000171661377,1083700,0.0,0.0
2024-07-08 00:00:00-04:00,4.420000076293945,4.420000076293945,4.190000057220459,4.28000020980835,677100,0.0,0.0
2024-07-09 00:00:00-04:00,4.309999942779541,4.309999942779541,4.079999923706055,4.179999828338623,1002100,0.0,0.0
2024-07-10 00:00:00-04:00,4.119999885559082,4.25,4.105000019073486,4.170000076293945,942300,0.0,0.0
2024-07-11 00:00:00-04:00,4.170000076293945,5.039999961853027,4.170000076293945,4.900000095367432,5566100,0.0,0.0
2024-07-12 00:00:00-04:00,4.849999904632568,4.989999771118164,4.71999979019165,4.849999904632568,1561200,0.0,0.0
2024-07-15 00:00:00-04:00,4.849999904632568,4.860000133514404,4.460000038146973,4.639999866485596,1635400,0.0,0.0
2024-07-16 00:00:00-04:00,4.710000038146973,4.809999942779541,4.539999961853027,4.699999809265137,1161900,0.0,0.0
2024-07-17 00:00:00-04:00,4.650000095367432,4.760000228881836,4.409999847412109,4.510000228881836,1279500,0.0,0.0
2024-07-18 00:00:00-04:00,4.46999979019165,4.820000171661377,4.46999979019165,4.550000190734863,1409200,0.0,0.0
2024-07-19 00:00:00-04:00,4.550000190734863,4.635000228881836,4.482999801635742,4.539999961853027,627100,0.0,0.0
2024-07-22 00:00:00-04:00,4.539999961853027,4.559999942779541,4.329999923706055,4.510000228881836,912000,0.0,0.0
2024-07-23 00:00:00-04:00,4.46999979019165,4.488999843597412,4.335000038146973,4.389999866485596,814900,0.0,0.0
2024-07-24 00:00:00-04:00,4.320000171661377,4.355999946594238,4.010000228881836,4.059999942779541,1845500,0.0,0.0
2024-07-25 00:00:00-04:00,4.079999923706055,4.21999979019165,4.039999961853027,4.119999885559082,794100,0.0,0.0
2024-07-26 00:00:00-04:00,4.190000057220459,4.230000019073486,4.099999904632568,4.130000114440918,463300,0.0,0.0
2024-07-29 00:00:00-04:00,4.139999866485596,4.168000221252441,3.8499999046325684,4.0,2292700,0.0,0.0
2024-07-30 00:00:00-04:00,4.0,4.039999961853027,3.734999895095825,3.940000057220459,1488200,0.0,0.0
2024-07-31 00:00:00-04:00,3.950000047683716,4.085000038146973,3.930000066757202,3.940000057220459,794000,0.0,0.0
2024-08-01 00:00:00-04:00,4.010000228881836,4.010000228881836,3.859999895095825,3.9000000953674316,807300,0.0,0.0
2024-08-02 00:00:00-04:00,3.9000000953674316,3.9800000190734863,3.809999942779541,3.9100000858306885,698800,0.0,0.0
2024-08-05 00:00:00-04:00,3.5399999618530273,3.7799999713897705,3.5299999713897705,3.6700000762939453,958000,0.0,0.0
2024-08-06 00:00:00-04:00,3.740000009536743,3.7799999713897705,3.5399999618530273,3.7799999713897705,1459800,0.0,0.0
2024-08-07 00:00:00-04:00,3.819999933242798,3.869999885559082,3.5850000381469727,3.609999895095825,1155400,0.0,0.0
2024-08-08 00:00:00-04:00,3.609999895095825,3.7750000953674316,3.559999942779541,3.740000009536743,720600,0.0,0.0
2024-08-09 00:00:00-04:00,3.9000000953674316,3.9000000953674316,3.6649999618530273,3.7300000190734863,643300,0.0,0.0
2024-08-12 00:00:00-04:00,3.7300000190734863,3.7699999809265137,3.6500000953674316,3.690000057220459,537400,0.0,0.0
2024-08-13 00:00:00-04:00,3.690000057220459,3.869999885559082,3.690000057220459,3.8499999046325684,614300,0.0,0.0
2024-08-14 00:00:00-04:00,3.8299999237060547,3.890000104904175,3.6500000953674316,3.6700000762939453,915900,0.0,0.0
2024-08-15 00:00:00-04:00,3.7699999809265137,3.859999895095825,3.740000009536743,3.7799999713897705,662100,0.0,0.0
2024-08-16 00:00:00-04:00,3.809999942779541,3.8399999141693115,3.7100000381469727,3.799999952316284,788400,0.0,0.0
2024-08-19 00:00:00-04:00,3.8499999046325684,3.859999895095825,3.759999990463257,3.7799999713897705,610200,0.0,0.0
2024-08-20 00:00:00-04:00,3.799999952316284,3.8499999046325684,3.7200000286102295,3.8499999046325684,1055700,0.0,0.0
2024-08-21 00:00:00-04:00,3.819999933242798,3.869999885559082,3.819999933242798,3.8399999141693115,600500,0.0,0.0
2024-08-22 00:00:00-04:00,3.809999942779541,3.880000114440918,3.7300000190734863,3.740000009536743,552200,0.0,0.0
2024-08-23 00:00:00-04:00,3.7200000286102295,3.75,3.5999999046325684,3.6600000858306885,1239400,0.0,0.0
2024-08-26 00:00:00-04:00,3.6600000858306885,3.6700000762939453,3.5799999237060547,3.6500000953674316,836200,0.0,0.0
2024-08-27 00:00:00-04:00,3.640000104904175,3.674999952316284,3.5999999046325684,3.6600000858306885,970800,0.0,0.0
2024-08-28 00:00:00-04:00,3.680000066757202,3.680000066757202,3.559999942779541,3.5999999046325684,661900,0.0,0.0
2024-08-29 00:00:00-04:00,3.5899999141693115,3.631999969482422,3.5799999237060547,3.5899999141693115,559100,0.0,0.0
2024-08-30 00:00:00-04:00,3.5799999237060547,3.615000009536743,3.555000066757202,3.5999999046325684,471000,0.0,0.0
2024-09-03 00:00:00-04:00,3.5999999046325684,3.6500000953674316,3.5,3.509999990463257,784200,0.0,0.0
2024-09-04 00:00:00-04:00,3.559999942779541,3.559999942779541,3.490000009536743,3.509999990463257,872700,0.0,0.0
2024-09-05 00:00:00-04:00,3.5399999618530273,3.740000009536743,3.505000114440918,3.700000047683716,975200,0.0,0.0
2024-09-06 00:00:00-04:00,3.740000009536743,3.7799999713897705,3.619999885559082,3.740000009536743,1067000,0.0,0.0
2024-09-09 00:00:00-04:00,3.740000009536743,3.75,3.5850000381469727,3.690000057220459,723800,0.0,0.0
2024-09-10 00:00:00-04:00,3.700000047683716,3.950000047683716,3.619999885559082,3.930000066757202,923100,0.0,0.0
2024-09-11 00:00:00-04:00,3.9200000762939453,3.984999895095825,3.859999895095825,3.940000057220459,721300,0.0,0.0
2024-09-12 00:00:00-04:00,3.9800000190734863,3.990000009536743,3.859999895095825,3.9600000381469727,628500,0.0,0.0
2024-09-13 00:00:00-04:00,3.9700000286102295,4.070000171661377,3.8980000019073486,3.9600000381469727,929200,0.0,0.0
2024-09-16 00:00:00-04:00,3.950000047683716,3.990000009536743,3.8499999046325684,3.950000047683716,543600,0.0,0.0
2024-09-17 00:00:00-04:00,3.950000047683716,4.019999980926514,3.755000114440918,3.859999895095825,613800,0.0,0.0
2024-09-18 00:00:00-04:00,3.869999885559082,4.019999980926514,3.8519999980926514,3.880000114440918,685700,0.0,0.0
2024-09-19 00:00:00-04:00,3.9800000190734863,3.994999885559082,3.9100000858306885,3.9600000381469727,827600,0.0,0.0
2024-09-20 00:00:00-04:00,3.890000104904175,3.9100000858306885,3.6549999713897705,3.6600000858306885,1382700,0.0,0.0
2024-09-23 00:00:00-04:00,3.690000057220459,3.740000009536743,3.559999942779541,3.5999999046325684,1023100,0.0,0.0
2024-09-24 00:00:00-04:00,3.609999895095825,3.8299999237060547,3.609999895095825,3.690000057220459,964400,0.0,0.0
2024-09-25 00:00:00-04:00,3.6600000858306885,3.8399999141693115,3.6600000858306885,3.7899999618530273,682400,0.0,0.0
2024-09-26 00:00:00-04:00,3.8399999141693115,3.940000057220459,3.8299999237060547,3.9100000858306885,698400,0.0,0.0
2024-09-27 00:00:00-04:00,3.990000009536743,4.03000020980835,3.9000000953674316,3.9200000762939453,667200,0.0,0.0
2024-09-30 00:00:00-04:00,3.9200000762939453,3.9660000801086426,3.759999990463257,3.819999933242798,768600,0.0,0.0
2024-10-01 00:00:00-04:00,3.8299999237060547,3.8399999141693115,3.700000047683716,3.700000047683716,548900,0.0,0.0
2024-10-02 00:00:00-04:00,3.680000066757202,3.7899999618530273,3.680000066757202,3.7699999809265137,609900,0.0,0.0
2024-10-03 00:00:00-04:00,3.7699999809265137,3.869999885559082,3.690000057220459,3.869999885559082,720500,0.0,0.0
2024-10-04 00:00:00-04:00,3.7799999713897705,3.8499999046325684,3.7699999809265137,3.809999942779541,298600,0.0,0.0
2024-10-07 00:00:00-04:00,3.75,3.8299999237060547,3.690000057220459,3.740000009536743,534100,0.0,0.0
2024-10-08 00:00:00-04:00,3.75,3.7679998874664307,3.690000057220459,3.75,355400,0.0,0.0
2024-10-09 00:00:00-04:00,3.7100000381469727,3.75,3.684999942779541,3.7200000286102295,378200,0.0,0.0
2024-10-10 00:00:00-04:00,3.740000009536743,3.8499999046325684,3.677999973297119,3.8299999237060547,508600,0.0,0.0
2024-10-11 00:00:00-04:00,3.75,3.819999933242798,3.7100000381469727,3.7300000190734863,552200,0.0,0.0
2024-10-14 00:00:00-04:00,3.7300000190734863,3.8299999237060547,3.690000057220459,3.809999942779541,507600,0.0,0.0
2024-10-15 00:00:00-04:00,3.7100000381469727,3.8399999141693115,3.7100000381469727,3.8299999237060547,464900,0.0,0.0
2024-10-16 00:00:00-04:00,3.8399999141693115,3.859999895095825,3.7699999809265137,3.809999942779541,441300,0.0,0.0
2024-10-17 00:00:00-04:00,3.759999990463257,3.7899999618530273,3.7100000381469727,3.75,456700,0.0,0.0
2024-10-18 00:00:00-04:00,3.7300000190734863,3.8299999237060547,3.7300000190734863,3.8299999237060547,529400,0.0,0.0
2024-10-21 00:00:00-04:00,3.809999942779541,3.8399999141693115,3.759999990463257,3.7699999809265137,355500,0.0,0.0
2024-10-22 00:00:00-04:00,3.759999990463257,4.449999809265137,3.759999990463257,4.230000019073486,3369500,0.0,0.0
2024-10-23 00:00:00-04:00,4.210000038146973,4.23199987411499,3.930000066757202,3.9600000381469727,1164300,0.0,0.0
2024-10-24 00:00:00-04:00,4.019999980926514,4.25,3.9700000286102295,4.190000057220459,1430600,0.0,0.0
2024-10-25 00:00:00-04:00,4.190000057220459,4.28000020980835,3.950000047683716,3.9600000381469727,1333900,0.0,0.0
2024-10-28 00:00:00-04:00,3.9600000381469727,4.03000020980835,3.880000114440918,3.940000057220459,854800,0.0,0.0
2024-10-29 00:00:00-04:00,3.940000057220459,3.940000057220459,3.859999895095825,3.9000000953674316,780700,0.0,0.0
2024-10-30 00:00:00-04:00,3.9600000381469727,4.099999904632568,3.950000047683716,3.9600000381469727,1046100,0.0,0.0
2024-10-31 00:00:00-04:00,3.950000047683716,3.9549999237060547,3.765000104904175,3.799999952316284,723600,0.0,0.0
2024-11-01 00:00:00-04:00,3.809999942779541,3.8499999046325684,3.740000009536743,3.759999990463257,637400,0.0,0.0
2024-11-04 00:00:00-05:00,3.7699999809265137,3.7799999713897705,3.619999885559082,3.7100000381469727,1017100,0.0,0.0
2024-11-05 00:00:00-05:00,3.7100000381469727,3.799999952316284,3.680000066757202,3.759999990463257,593300,0.0,0.0
2024-11-06 00:00:00-05:00,3.7100000381469727,3.755000114440918,3.619999885559082,3.740000009536743,857000,0.0,0.0
2024-11-07 00:00:00-05:00,3.7799999713897705,3.7899999618530273,3.7019999027252197,3.7300000190734863,460600,0.0,0.0
2024-11-08 00:00:00-05:00,3.7200000286102295,3.759999990463257,3.619999885559082,3.75,752000,0.0,0.0
2024-11-11 00:00:00-05:00,3.740000009536743,3.9200000762939453,3.740000009536743,3.890000104904175,1102900,0.0,0.0
2024-11-12 00:00:00-05:00,3.819999933242798,4.010000228881836,3.819999933242798,3.9800000190734863,934600,0.0,0.0
2024-11-13 00:00:00-05:00,3.9700000286102295,4.159999847412109,3.9100000858306885,4.119999885559082,1252900,0.0,0.0
2024-11-14 00:00:00-05:00,4.099999904632568,4.170000076293945,3.9000000953674316,3.9000000953674316,736800,0.0,0.0
2024-11-15 00:00:00-05:00,3.9000000953674316,4.105000019073486,3.799999952316284,4.010000228881836,1141700,0.0,0.0
2024-11-18 00:00:00-05:00,3.9600000381469727,4.010000228881836,3.9000000953674316,4.0,465300,0.0,0.0
2024-11-19 00:00:00-05:00,3.950000047683716,4.168000221252441,3.950000047683716,4.050000190734863,851900,0.0,0.0
2024-11-20 00:00:00-05:00,4.050000190734863,4.059999942779541,3.9200000762939453,3.9800000190734863,454100,0.0,0.0
2024-11-21 00:00:00-05:00,4.010000228881836,4.03000020980835,3.9149999618530273,3.950000047683716,536300,0.0,0.0
2024-11-22 00:00:00-05:00,3.950000047683716,4.0,3.9100000858306885,3.930000066757202,348000,0.0,0.0
2024-11-25 00:00:00-05:00,3.950000047683716,4.09499979019165,3.924999952316284,3.930000066757202,712200,0.0,0.0
2024-11-26 00:00:00-05:00,4.090000152587891,4.090000152587891,3.890000104904175,3.950000047683716,807100,0.0,0.0
2024-11-27 00:00:00-05:00,4.03000020980835,4.320000171661377,3.9600000381469727,4.260000228881836,1484500,0.0,0.0
2024-11-29 00:00:00-05:00,4.179999828338623,4.2210001945495605,4.079999923706055,4.150000095367432,606600,0.0,0.0
2024-12-02 00:00:00-05:00,4.110000133514404,4.183000087738037,4.0,4.079999923706055,718400,0.0,0.0
2024-12-03 00:00:00-05:00,4.019999980926514,4.059999942779541,4.0,4.039999961853027,346600,0.0,0.0
2024-12-04 00:00:00-05:00,4.059999942779541,5.289999961853027,4.03000020980835,5.070000171661377,7716100,0.0,0.0
2024-12-05 00:00:00-05:00,5.070000171661377,5.349999904632568,4.769999980926514,4.800000190734863,2752500,0.0,0.0
2024-12-06 00:00:00-05:00,4.800000190734863,4.965000152587891,4.619999885559082,4.889999866485596,1241500,0.0,0.0
2024-12-09 00:00:00-05:00,4.989999771118164,5.380000114440918,4.900000095367432,4.96999979019165,1869000,0.0,0.0
2024-12-10 00:00:00-05:00,5.0,5.0,4.449999809265137,4.570000171661377,1267500,0.0,0.0
2024-12-11 00:00:00-05:00,4.71999979019165,4.71999979019165,4.25,4.360000133514404,1314700,0.0,0.0
2024-12-12 00:00:00-05:00,4.400000095367432,4.486000061035156,4.329999923706055,4.480000019073486,703800,0.0,0.0
2024-12-13 00:00:00-05:00,4.349999904632568,4.570000171661377,4.320000171661377,4.489999771118164,728800,0.0,0.0
2024-12-16 00:00:00-05:00,4.5,4.5,4.349999904632568,4.420000076293945,719800,0.0,0.0
2024-12-17 00:00:00-05:00,4.369999885559082,4.369999885559082,4.179999828338623,4.260000228881836,852100,0.0,0.0
2024-12-18 00:00:00-05:00,4.260000228881836,4.320000171661377,4.010000228881836,4.050000190734863,904400,0.0,0.0
2024-12-19 00:00:00-05:00,4.110000133514404,4.184999942779541,4.054999828338623,4.110000133514404,472100,0.0,0.0
2024-12-20 00:00:00-05:00,4.110000133514404,4.269999980926514,4.039999961853027,4.21999979019165,732100,0.0,0.0
2024-12-23 00:00:00-05:00,4.150000095367432,4.230000019073486,4.079999923706055,4.210000038146973,513700,0.0,0.0
2024-12-24 00:00:00-05:00,4.21999979019165,4.349999904632568,4.190000057220459,4.21999979019165,376000,0.0,0.0
2024-12-26 00:00:00-05:00,4.230000019073486,4.369999885559082,4.159999847412109,4.369999885559082,914200,0.0,0.0
2024-12-27 00:00:00-05:00,4.349999904632568,4.380000114440918,4.190000057220459,4.320000171661377,767300,0.0,0.0
2024-12-30 00:00:00-05:00,4.230000019073486,4.269999980926514,4.079999923706055,4.090000152587891,978600,0.0,0.0
2024-12-31 00:00:00-05:00,4.070000171661377,4.150000095367432,4.0,4.03000020980835,850500,0.0,0.0
2025-01-02 00:00:00-05:00,4.039999961853027,4.324999809265137,4.010000228881836,4.199999809265137,1185800,0.0,0.0
2025-01-03 00:00:00-05:00,4.21999979019165,4.579999923706055,4.199999809265137,4.550000190734863,928300,0.0,0.0
2025-01-06 00:00:00-05:00,4.539999961853027,4.6479997634887695,4.360000133514404,4.400000095367432,934300,0.0,0.0
2025-01-07 00:00:00-05:00,4.440000057220459,4.494999885559082,4.235000133514404,4.28000020980835,455500,0.0,0.0
2025-01-08 00:00:00-05:00,4.28000020980835,4.28000020980835,4.050000190734863,4.139999866485596,1391400,0.0,0.0
2025-01-10 00:00:00-05:00,4.070000171661377,4.244999885559082,4.03000020980835,4.239999771118164,569100,0.0,0.0
2025-01-13 00:00:00-05:00,4.199999809265137,4.275000095367432,4.079999923706055,4.269999980926514,434500,0.0,0.0
2025-01-14 00:00:00-05:00,4.309999942779541,4.360000133514404,4.139999866485596,4.179999828338623,527000,0.0,0.0
2025-01-15 00:00:00-05:00,4.179999828338623,4.25,4.150000095367432,4.179999828338623,930800,0.0,0.0
2025-01-16 00:00:00-05:00,4.179999828338623,4.190000057220459,4.110000133514404,4.119999885559082,443500,0.0,0.0
2025-01-17 00:00:00-05:00,4.119999885559082,4.179999828338623,4.090000152587891,4.119999885559082,747600,0.0,0.0
2025-01-21 00:00:00-05:00,4.110000133514404,4.130000114440918,4.03000020980835,4.079999923706055,579300,0.0,0.0
2025-01-22 00:00:00-05:00,4.099999904632568,4.130000114440918,4.070000171661377,4.119999885559082,480800,0.0,0.0
2025-01-23 00:00:00-05:00,4.090000152587891,4.125,4.039999961853027,4.119999885559082,372500,0.0,0.0
2025-01-24 00:00:00-05:00,4.119999885559082,4.179999828338623,4.0,4.010000228881836,716300,0.0,0.0
2025-01-27 00:00:00-05:00,4.010000228881836,4.039000034332275,3.880000114440918,3.940000057220459,763700,0.0,0.0
2025-01-28 00:00:00-05:00,3.9200000762939453,3.9800000190734863,3.884999990463257,3.940000057220459,331500,0.0,0.0
2025-01-29 00:00:00-05:00,3.930000066757202,3.9700000286102295,3.805000066757202,3.819999933242798,741100,0.0,0.0
2025-01-30 00:00:00-05:00,3.819999933242798,4.099999904632568,3.819999933242798,4.059999942779541,886100,0.0,0.0
2025-01-31 00:00:00-05:00,4.010000228881836,4.050000190734863,3.869999885559082,3.9000000953674316,722200,0.0,0.0
2025-02-03 00:00:00-05:00,3.802000045776367,3.8499999046325684,3.759999990463257,3.7899999618530273,697200,0.0,0.0
2025-02-04 00:00:00-05:00,3.7899999618530273,3.8450000286102295,3.7799999713897705,3.8299999237060547,489100,0.0,0.0
2025-02-05 00:00:00-05:00,3.8499999046325684,3.934999942779541,3.819999933242798,3.880000114440918,398600,0.0,0.0
2025-02-06 00:00:00-05:00,3.880000114440918,3.924999952316284,3.819999933242798,3.869999885559082,474200,0.0,0.0
2025-02-07 00:00:00-05:00,3.8499999046325684,3.944000005722046,3.7799999713897705,3.799999952316284,618900,0.0,0.0
2025-02-10 00:00:00-05:00,3.8399999141693115,3.880000114440918,3.759999990463257,3.7899999618530273,504600,0.0,0.0
2025-02-11 00:00:00-05:00,3.759999990463257,3.799999952316284,3.619999885559082,3.6500000953674316,1034000,0.0,0.0
2025-02-12 00:00:00-05:00,3.6500000953674316,3.759999990463257,3.6500000953674316,3.75,901200,0.0,0.0
2025-02-13 00:00:00-05:00,3.759999990463257,3.799999952316284,3.700000047683716,3.7200000286102295,521000,0.0,0.0
2025-02-14 00:00:00-05:00,3.740000009536743,3.8499999046325684,3.740000009536743,3.7699999809265137,394800,0.0,0.0
2025-02-18 00:00:00-05:00,3.799999952316284,3.8299999237060547,3.759999990463257,3.8299999237060547,447900,0.0,0.0
2025-02-19 00:00:00-05:00,3.8299999237060547,3.8499999046325684,3.7799999713897705,3.8299999237060547,723400,0.0,0.0
2025-02-20 00:00:00-05:00,3.8399999141693115,3.8399999141693115,3.7699999809265137,3.8299999237060547,209100,0.0,0.0
2025-02-21 00:00:00-05:00,3.8499999046325684,3.880000114440918,3.765000104904175,3.7899999618530273,584800,0.0,0.0
2025-02-24 00:00:00-05:00,3.759999990463257,3.7799999713897705,3.640000104904175,3.75,377100,0.0,0.0
2025-02-25 00:00:00-05:00,3.7100000381469727,3.759999990463257,3.549999952316284,3.559999942779541,620100,0.0,0.0
2025-02-26 00:00:00-05:00,3.5999999046325684,3.640000104904175,3.5350000858306885,3.569999933242798,460400,0.0,0.0
2025-02-27 00:00:00-05:00,3.5999999046325684,3.634999990463257,3.5,3.5399999618530273,379300,0.0,0.0
2025-02-28 00:00:00-05:00,3.5199999809265137,3.630000114440918,3.450000047683716,3.619999885559082,362800,0.0,0.0
2025-03-03 00:00:00-05:00,3.640000104904175,3.690000057220459,3.5399999618530273,3.549999952316284,392500,0.0,0.0
2025-03-04 00:00:00-05:00,3.549999952316284,3.5950000286102295,3.509999990463257,3.5399999618530273,539200,0.0,0.0
2025-03-05 00:00:00-05:00,3.549999952316284,3.565000057220459,3.2300000190734863,3.240000009536743,1986200,0.0,0.0
2025-03-06 00:00:00-05:00,3.2699999809265137,3.4100000858306885,3.200000047683716,3.390000104904175,700900,0.0,0.0
2025-03-07 00:00:00-05:00,3.3499999046325684,3.440000057220459,3.3299999237060547,3.4200000762939453,334200,0.0,0.0
2025-03-10 00:00:00-04:00,3.440000057220459,3.4489998817443848,3.1700000762939453,3.2100000381469727,419700,0.0,0.0
2025-03-11 00:00:00-04:00,3.2100000381469727,3.2300000190734863,2.9600000381469727,3.049999952316284,1159000,0.0,0.0
2025-03-12 00:00:00-04:00,3.0999999046325684,3.1519999504089355,3.0799999237060547,3.0999999046325684,967100,0.0,0.0
2025-03-13 00:00:00-04:00,3.069999933242798,3.119999885559082,3.0,3.069999933242798,454900,0.0,0.0
2025-03-14 00:00:00-04:00,3.069999933242798,3.2799999713897705,3.069999933242798,3.2799999713897705,370300,0.0,0.0
2025-03-17 00:00:00-04:00,3.2799999713897705,3.3329999446868896,3.240000009536743,3.309999942779541,285000,0.0,0.0
2025-03-18 00:00:00-04:00,3.319999933242798,3.3299999237060547,3.25,3.259999990463257,207100,0.0,0.0
2025-03-19 00:00:00-04:00,3.299999952316284,3.6700000762939453,3.2839999198913574,3.490000009536743,1073600,0.0,0.0
2025-03-20 00:00:00-04:00,3.490000009536743,3.505000114440918,3.305000066757202,3.319999933242798,302100,0.0,0.0
2025-03-21 00:00:00-04:00,3.309999942779541,3.4600000381469727,3.309999942779541,3.440000057220459,297900,0.0,0.0
2025-03-24 00:00:00-04:00,3.490000009536743,3.5199999809265137,3.3299999237060547,3.380000114440918,398800,0.0,0.0
2025-03-25 00:00:00-04:00,3.4000000953674316,3.444000005722046,3.299999952316284,3.309999942779541,292800,0.0,0.0
2025-03-26 00:00:00-04:00,3.299999952316284,3.390000104904175,3.25,3.299999952316284,863100,0.0,0.0
2025-03-27 00:00:00-04:00,3.259999990463257,3.3299999237060547,3.2200000286102295,3.25,171700,0.0,0.0
2025-03-28 00:00:00-04:00,3.240000009536743,3.4000000953674316,3.200000047683716,3.390000104904175,491900,0.0,0.0
2025-03-31 00:00:00-04:00,3.299999952316284,3.378000020980835,3.1500000953674316,3.180000066757202,478800,0.0,0.0
2025-04-01 00:00:00-04:00,3.180000066757202,3.299999952316284,3.1659998893737793,3.2200000286102295,268400,0.0,0.0
2025-04-02 00:00:00-04:00,3.180000066757202,3.2230000495910645,3.1500000953674316,3.180000066757202,359500,0.0,0.0
2025-04-03 00:00:00-04:00,3.0299999713897705,3.109999895095825,2.890000104904175,2.9200000762939453,672200,0.0,0.0
2025-04-04 00:00:00-04:00,2.890000104904175,2.9000000953674316,2.559999942779541,2.8299999237060547,1085300,0.0,0.0
2025-04-07 00:00:00-04:00,2.700000047683716,2.8289999961853027,2.5999999046325684,2.815000057220459,526600,0.0,0.0
2025-04-08 00:00:00-04:00,2.869999885559082,2.940000057220459,2.6500000953674316,2.680000066757202,570500,0.0,0.0
2025-04-09 00:00:00-04:00,2.680000066757202,2.940000057220459,2.6500000953674316,2.9200000762939453,588100,0.0,0.0
2025-04-10 00:00:00-04:00,2.940000057220459,2.9539999961853027,2.7799999713897705,2.9200000762939453,395600,0.0,0.0
2025-04-11 00:00:00-04:00,2.9700000286102295,3.0,2.880000114440918,2.9100000858306885,348700,0.0,0.0
2025-04-14 00:00:00-04:00,2.9200000762939453,3.0199999809265137,2.9000000953674316,3.0,336700,0.0,0.0
2025-04-15 00:00:00-04:00,3.0,3.309999942779541,2.9600000381469727,3.25,796000,0.0,0.0
2025-04-16 00:00:00-04:00,3.2300000190734863,3.2699999809265137,3.0799999237060547,3.140000104904175,486500,0.0,0.0
2025-04-17 00:00:00-04:00,3.2300000190734863,3.246999979019165,3.059999942779541,3.130000114440918,345100,0.0,0.0
2025-04-21 00:00:00-04:00,3.119999885559082,3.180000066757202,3.0199999809265137,3.1600000858306885,303500,0.0,0.0
2025-04-22 00:00:00-04:00,3.1600000858306885,3.240000009536743,3.0850000381469727,3.1500000953674316,461600,0.0,0.0
2025-04-23 00:00:00-04:00,3.1600000858306885,3.2799999713897705,3.1600000858306885,3.2300000190734863,460000,0.0,0.0
2025-04-24 00:00:00-04:00,3.25,3.369999885559082,3.2100000381469727,3.319999933242798,612800,0.0,0.0
2025-04-25 00:00:00-04:00,3.25,3.2980000972747803,3.0999999046325684,3.240000009536743,722700,0.0,0.0
2025-04-28 00:00:00-04:00,3.259999990463257,3.3910000324249268,3.240000009536743,3.3399999141693115,680300,0.0,0.0
2025-04-29 00:00:00-04:00,3.299999952316284,3.390000104904175,3.250999927520752,3.380000114440918,269800,0.0,0.0
2025-04-30 00:00:00-04:00,3.3399999141693115,3.5,3.299999952316284,3.4200000762939453,610000,0.0,0.0
2025-05-01 00:00:00-04:00,3.430000066757202,3.4649999141693115,3.380000114440918,3.430000066757202,375000,0.0,0.0
2025-05-02 00:00:00-04:00,3.450000047683716,3.5399999618530273,3.4149999618530273,3.5,470800,0.0,0.0
2025-05-05 00:00:00-04:00,3.490000009536743,3.5299999713897705,3.4000000953674316,3.490000009536743,189500,0.0,0.0
2025-05-06 00:00:00-04:00,3.5,3.75,3.4690001010894775,3.690000057220459,710700,0.0,0.0
2025-05-07 00:00:00-04:00,3.740000009536743,3.75,3.6549999713897705,3.7200000286102295,528200,0.0,0.0
2025-05-08 00:00:00-04:00,3.700000047683716,3.799999952316284,3.6700000762939453,3.6700000762939453,520100,0.0,0.0
2025-05-09 00:00:00-04:00,3.700000047683716,3.819999933242798,3.6700000762939453,3.7200000286102295,590400,0.0,0.0
2025-05-12 00:00:00-04:00,3.799999952316284,3.809999942779541,3.7200000286102295,3.75,625800,0.0,0.0
2025-05-13 00:00:00-04:00,3.75,3.7699999809265137,3.6649999618530273,3.7200000286102295,414400,0.0,0.0
2025-05-14 00:00:00-04:00,3.7200000286102295,3.7200000286102295,3.5999999046325684,3.619999885559082,403600,0.0,0.0
2025-05-15 00:00:00-04:00,3.5999999046325684,3.640000104904175,3.515000104904175,3.609999895095825,310600,0.0,0.0
2025-05-16 00:00:00-04:00,3.630000114440918,3.690000057220459,3.5840001106262207,3.5999999046325684,387700,0.0,0.0
2025-05-19 00:00:00-04:00,3.559999942779541,3.630000114440918,3.5299999713897705,3.569999933242798,400700,0.0,0.0
2025-05-20 00:00:00-04:00,3.559999942779541,3.575000047683716,3.450000047683716,3.5399999618530273,337200,0.0,0.0
2025-05-21 00:00:00-04:00,3.549999952316284,3.575000047683716,3.5,3.5299999713897705,241200,0.0,0.0
2025-05-22 00:00:00-04:00,3.5,3.5999999046325684,3.5,3.5399999618530273,303300,0.0,0.0
2025-05-23 00:00:00-04:00,3.5,3.559999942779541,3.5,3.5,186800,0.0,0.0
2025-05-27 00:00:00-04:00,3.549999952316284,3.7899999618530273,3.5199999809265137,3.6600000858306885,846800,0.0,0.0
2025-05-28 00:00:00-04:00,3.6600000858306885,3.6600000858306885,3.569999933242798,3.5999999046325684,411900,0.0,0.0
2025-05-29 00:00:00-04:00,3.640000104904175,3.6600000858306885,3.509999990463257,3.5299999713897705,412100,0.0,0.0
2025-05-30 00:00:00-04:00,3.5,3.5299999713897705,3.25,3.25,981700,0.0,0.0
2025-06-02 00:00:00-04:00,3.25,3.299999952316284,3.180000066757202,3.299999952316284,386300,0.0,0.0
2025-06-03 00:00:00-04:00,3.3299999237060547,3.4100000858306885,3.299999952316284,3.369999885559082,319900,0.0,0.0
2025-06-04 00:00:00-04:00,3.4000000953674316,3.4700000286102295,3.3550000190734863,3.4700000286102295,253700,0.0,0.0
2025-06-05 00:00:00-04:00,3.4700000286102295,3.6010000705718994,3.4100000858306885,3.430000066757202,621200,0.0,0.0
2025-06-06 00:00:00-04:00,3.440000057220459,3.4800000190734863,3.4010000228881836,3.4200000762939453,553800,0.0,0.0
2025-06-09 00:00:00-04:00,3.75,3.7699999809265137,3.4509999752044678,3.569999933242798,1892300,0.0,0.0
2025-06-10 00:00:00-04:00,3.549999952316284,3.559999942779541,3.450000047683716,3.509999990463257,671600,0.0,0.0
2025-06-11 00:00:00-04:00,3.509999990463257,3.5999999046325684,3.490000009536743,3.559999942779541,687300,0.0,0.0
2025-06-12 00:00:00-04:00,3.5399999618530273,3.559999942779541,3.490000009536743,3.5399999618530273,443700,0.0,0.0
2025-06-13 00:00:00-04:00,3.5,3.559999942779541,3.4800000190734863,3.5199999809265137,220000,0.0,0.0
2025-06-16 00:00:00-04:00,3.559999942779541,3.75,3.549999952316284,3.6700000762939453,808600,0.0,0.0
2025-06-17 00:00:00-04:00,3.6500000953674316,3.6500000953674316,3.4100000858306885,3.450000047683716,859900,0.0,0.0
2025-06-18 00:00:00-04:00,3.490000009536743,3.490000009536743,3.4100000858306885,3.440000057220459,506600,0.0,0.0
2025-06-20 00:00:00-04:00,3.4600000381469727,3.4800000190734863,3.359999895095825,3.380000114440918,445800,0.0,0.0
2025-06-23 00:00:00-04:00,3.380000114440918,3.430000066757202,3.3399999141693115,3.4200000762939453,454800,0.0,0.0
2025-06-24 00:00:00-04:00,3.4600000381469727,3.4800000190734863,3.4100000858306885,3.4649999141693115,285500,0.0,0.0
2025-06-25 00:00:00-04:00,3.4800000190734863,3.6600000858306885,3.440000057220459,3.509999990463257,819500,0.0,0.0
2025-06-26 00:00:00-04:00,3.509999990463257,3.569999933242798,3.4800000190734863,3.5199999809265137,182700,0.0,0.0
2025-06-27 00:00:00-04:00,3.5299999713897705,3.6700000762939453,3.4800000190734863,3.5899999141693115,681500,0.0,0.0
2025-06-30 00:00:00-04:00,3.640000104904175,3.6459999084472656,3.5299999713897705,3.569999933242798,293800,0.0,0.0
2025-07-01 00:00:00-04:00,3.5999999046325684,3.5999999046325684,3.5,3.559999942779541,195100,0.0,0.0
2025-07-02 00:00:00-04:00,3.5399999618530273,3.75,3.5199999809265137,3.75,1475100,0.0,0.0
2025-07-03 00:00:00-04:00,3.700000047683716,3.7009999752044678,3.5999999046325684,3.640000104904175,497900,0.0,0.0
2025-07-07 00:00:00-04:00,3.5899999141693115,3.640000104904175,3.505000114440918,3.509999990463257,528800,0.0,0.0
2025-07-08 00:00:00-04:00,3.509999990463257,3.549999952316284,3.4549999237060547,3.5,589800,0.0,0.0
2025-07-09 00:00:00-04:00,3.5199999809265137,3.549999952316284,3.444999933242798,3.5,357300,0.0,0.0
2025-07-10 00:00:00-04:00,3.5,3.5399999618530273,3.490000009536743,3.5299999713897705,303300,0.0,0.0
2025-07-11 00:00:00-04:00,3.509999990463257,3.549999952316284,3.4809999465942383,3.549999952316284,433800,0.0,0.0
2025-07-14 00:00:00-04:00,3.549999952316284,3.628999948501587,3.5199999809265137,3.5399999618530273,359900,0.0,0.0
2025-07-15 00:00:00-04:00,3.569999933242798,3.5940001010894775,3.490000009536743,3.509999990463257,413200,0.0,0.0
2025-07-16 00:00:00-04:00,3.5199999809265137,3.553999900817871,3.4800000190734863,3.5399999618530273,552400,0.0,0.0
2025-07-17 00:00:00-04:00,3.5399999618530273,3.5799999237060547,3.5299999713897705,3.569999933242798,668900,0.0,0.0
2025-07-18 00:00:00-04:00,3.5999999046325684,3.630000114440918,3.559999942779541,3.609999895095825,490200,0.0,0.0
2025-07-21 00:00:00-04:00,3.5999999046325684,3.625,3.5399999618530273,3.569999933242798,490600,0.0,0.0
2025-07-22 00:00:00-04:00,3.549999952316284,3.5950000286102295,3.5299999713897705,3.5799999237060547,515000,0.0,0.0
2025-07-23 00:00:00-04:00,3.5999999046325684,3.680000066757202,3.5999999046325684,3.6600000858306885,1029500,0.0,0.0
2025-07-24 00:00:00-04:00,3.6500000953674316,3.6500000953674316,3.5299999713897705,3.5399999618530273,618800,0.0,0.0
2025-07-25 00:00:00-04:00,3.549999952316284,3.569999933242798,3.490000009536743,3.549999952316284,405100,0.0,0.0
2025-07-28 00:00:00-04:00,3.559999942779541,3.575000047683716,3.4800000190734863,3.5,527200,0.0,0.0
2025-07-29 00:00:00-04:00,3.490000009536743,3.499000072479248,3.36299991607666,3.430000066757202,804900,0.0,0.0
2025-07-30 00:00:00-04:00,3.450000047683716,3.4600000381469727,3.3949999809265137,3.430000066757202,521000,0.0,0.0
2025-07-31 00:00:00-04:00,3.4000000953674316,3.444999933242798,3.384999990463257,3.4200000762939453,454000,0.0,0.0
2025-08-01 00:00:00-04:00,3.390000104904175,3.4000000953674316,3.299999952316284,3.390000104904175,454000,0.0,0.0
2025-08-04 00:00:00-04:00,3.4700000286102295,3.490000009536743,3.440999984741211,3.4700000286102295,303000,0.0,0.0
2025-08-05 00:00:00-04:00,3.4800000190734863,3.569999933242798,3.4700000286102295,3.559999942779541,568100,0.0,0.0
2025-08-06 00:00:00-04:00,3.569999933242798,3.569999933242798,3.503000020980835,3.5299999713897705,329900,0.0,0.0
2025-08-07 00:00:00-04:00,3.549999952316284,3.549999952316284,3.430000066757202,3.4800000190734863,490300,0.0,0.0
2025-08-08 00:00:00-04:00,3.5199999809265137,3.5199999809265137,3.440000057220459,3.4600000381469727,196400,0.0,0.0
2025-08-11 00:00:00-04:00,3.4600000381469727,3.509999990463257,3.440000057220459,3.4800000190734863,341400,0.0,0.0
2025-08-12 00:00:00-04:00,3.4800000190734863,3.509999990463257,3.4549999237060547,3.490000009536743,338600,0.0,0.0
2025-08-13 00:00:00-04:00,3.4600000381469727,3.5399999618530273,3.4600000381469727,3.5399999618530273,499200,0.0,0.0
2025-08-14 00:00:00-04:00,3.5399999618530273,3.5399999618530273,3.4600000381469727,3.4600000381469727,241500,0.0,0.0
2025-08-15 00:00:00-04:00,3.4700000286102295,3.5899999141693115,3.4600000381469727,3.569999933242798,819400,0.0,0.0
2025-08-18 00:00:00-04:00,3.569999933242798,3.578000068664551,3.509999990463257,3.509999990463257,309400,0.0,0.0
2025-08-19 00:00:00-04:00,3.509999990463257,3.5399999618530273,3.509999990463257,3.5299999713897705,344900,0.0,0.0
2025-08-20 00:00:00-04:00,3.5199999809265137,3.5199999809265137,3.4149999618530273,3.450000047683716,814500,0.0,0.0
2025-08-21 00:00:00-04:00,3.430000066757202,3.4600000381469727,3.380000114440918,3.440000057220459,351000,0.0,0.0
2025-08-22 00:00:00-04:00,3.490000009536743,3.5199999809265137,3.440000057220459,3.4700000286102295,292600,0.0,0.0
2025-08-25 00:00:00-04:00,3.4700000286102295,3.505000114440918,3.450000047683716,3.5,361400,0.0,0.0
2025-08-26 00:00:00-04:00,3.5299999713897705,3.5299999713897705,3.450000047683716,3.4600000381469727,366100,0.0,0.0
2025-08-27 00:00:00-04:00,3.450000047683716,3.490000009536743,3.447000026702881,3.4800000190734863,589000,0.0,0.0
2025-08-28 00:00:00-04:00,3.4600000381469727,3.4800000190734863,3.440000057220459,3.4600000381469727,308000,0.0,0.0
2025-08-29 00:00:00-04:00,3.440000057220459,3.4600000381469727,3.4000000953674316,3.4200000762939453,454600,0.0,0.0
2025-09-02 00:00:00-04:00,3.440000057220459,3.440000057220459,3.3499999046325684,3.359999895095825,656800,0.0,0.0
2025-09-03 00:00:00-04:00,3.369999885559082,3.424999952316284,3.369999885559082,3.4000000953674316,610400,0.0,0.0
2025-09-04 00:00:00-04:00,3.390000104904175,3.4200000762939453,3.299999952316284,3.3299999237060547,765300,0.0,0.0
2025-09-05 00:00:00-04:00,3.319999933242798,3.4000000953674316,3.299999952316284,3.3399999141693115,862900,0.0,0.0
2025-09-08 00:00:00-04:00,3.369999885559082,3.369999885559082,3.2200000286102295,3.2200000286102295,743400,0.0,0.0
2025-09-09 00:00:00-04:00,3.2300000190734863,3.319999933242798,3.2200000286102295,3.299999952316284,624500,0.0,0.0
2025-09-10 00:00:00-04:00,3.2899999618530273,3.2950000762939453,3.2300000190734863,3.2300000190734863,385600,0.0,0.0
2025-09-11 00:00:00-04:00,3.2300000190734863,3.2899999618530273,3.2300000190734863,3.2699999809265137,312700,0.0,0.0
2025-09-12 00:00:00-04:00,3.2699999809265137,3.2899999618530273,3.2300000190734863,3.2799999713897705,546700,0.0,0.0
2025-09-15 00:00:00-04:00,3.2899999618530273,3.2980000972747803,3.2100000381469727,3.240000009536743,620700,0.0,0.0
2025-09-16 00:00:00-04:00,3.25,3.265000104904175,3.180000066757202,3.190000057220459,762700,0.0,0.0
2025-09-17 00:00:00-04:00,3.200000047683716,3.2850000858306885,3.180000066757202,3.240000009536743,776700,0.0,0.0
2025-09-18 00:00:00-04:00,3.240000009536743,3.2950000762939453,3.240000009536743,3.2799999713897705,481700,0.0,0.0
2025-09-19 00:00:00-04:00,3.25,3.2799999713897705,3.2100000381469727,3.2300000190734863,667900,0.0,0.0
2025-09-22 00:00:00-04:00,3.2249999046325684,3.2699999809265137,3.2100000381469727,3.259999990463257,417200,0.0,0.0
2025-09-23 00:00:00-04:00,3.2799999713897705,3.3399999141693115,3.1700000762939453,3.1700000762939453,698500,0.0,0.0
2025-09-24 00:00:00-04:00,3.180000066757202,3.2200000286102295,3.140000104904175,3.2100000381469727,871900,0.0,0.0
2025-09-25 00:00:00-04:00,3.1600000858306885,3.2100000381469727,3.119999885559082,3.130000114440918,473000,0.0,0.0
2025-09-26 00:00:00-04:00,3.1500000953674316,3.194999933242798,3.130000114440918,3.180000066757202,553700,0.0,0.0
2025-09-29 00:00:00-04:00,3.180000066757202,3.319999933242798,3.180000066757202,3.25,676600,0.0,0.0
2025-09-30 00:00:00-04:00,3.240000009536743,3.2699999809265137,3.2100000381469727,3.2200000286102295,448100,0.0,0.0
2025-10-01 00:00:00-04:00,3.1600000858306885,3.25,3.1600000858306885,3.2049999237060547,765800,0.0,0.0
2025-10-02 00:00:00-04:00,3.2200000286102295,3.25,3.1500000953674316,3.2300000190734863,568900,0.0,0.0
2025-10-03 00:00:00-04:00,3.25,3.309999942779541,3.2100000381469727,3.2899999618530273,899900,0.0,0.0
2025-10-06 00:00:00-04:00,3.299999952316284,3.3499999046325684,3.25,3.2799999713897705,611800,0.0,0.0
2025-10-07 00:00:00-04:00,3.2799999713897705,3.5,3.2799999713897705,3.4100000858306885,891000,0.0,0.0
2025-10-08 00:00:00-04:00,3.430000066757202,3.430000066757202,3.3340001106262207,3.3499999046325684,426600,0.0,0.0
2025-10-09 00:00:00-04:00,3.369999885559082,3.380000114440918,3.2750000953674316,3.2799999713897705,438900,0.0,0.0
2025-10-10 00:00:00-04:00,3.2799999713897705,3.2899999618530273,3.1600000858306885,3.190000057220459,701500,0.0,0.0
2025-10-13 00:00:00-04:00,3.240000009536743,3.259999990463257,3.2100000381469727,3.240000009536743,299900,0.0,0.0
2025-10-14 00:00:00-04:00,3.2100000381469727,3.299999952316284,3.1700000762939453,3.2699999809265137,369000,0.0,0.0
2025-10-15 00:00:00-04:00,3.2899999618530273,3.299999952316284,3.2200000286102295,3.2200000286102295,250600,0.0,0.0
2025-10-16 00:00:00-04:00,3.2300000190734863,3.299999952316284,3.2300000190734863,3.2899999618530273,545000,0.0,0.0
2025-10-17 00:00:00-04:00,3.2799999713897705,3.2799999713897705,3.200000047683716,3.259999990463257,385200,0.0,0.0
2025-10-20 00:00:00-04:00,3.2699999809265137,3.299999952316284,3.255000114440918,3.2799999713897705,235300,0.0,0.0
2025-10-21 00:00:00-04:00,3.2799999713897705,3.4000000953674316,3.259999990463257,3.369999885559082,766500,0.0,0.0
2025-10-22 00:00:00-04:00,3.380000114440918,3.380000114440918,3.180000066757202,3.200000047683716,557600,0.0,0.0
2025-10-23 00:00:00-04:00,3.2899999618530273,3.299999952316284,3.200000047683716,3.240000009536743,543900,0.0,0.0
2025-10-24 00:00:00-04:00,3.25,3.2850000858306885,3.2100000381469727,3.2200000286102295,458400,0.0,0.0
2025-10-27 00:00:00-04:00,3.25,3.2799999713897705,3.2100000381469727,3.2699999809265137,388000,0.0,0.0
2025-10-28 00:00:00-04:00,3.259999990463257,3.2899999618530273,3.240000009536743,3.2799999713897705,208600,0.0,0.0
2025-10-29 00:00:00-04:00,3.2899999618530273,3.494999885559082,3.25,3.390000104904175,1373000,0.0,0.0
2025-10-30 00:00:00-04:00,3.3299999237060547,3.3469998836517334,3.2300000190734863,3.259999990463257,450600,0.0,0.0
2025-10-31 00:00:00-04:00,3.25,3.2899999618530273,3.200000047683716,3.200000047683716,575100,0.0,0.0
2025-11-03 00:00:00-05:00,3.200000047683716,3.2200000286102295,3.130000114440918,3.180000066757202,680700,0.0,0.0
2025-11-04 00:00:00-05:00,3.119999885559082,3.180000066757202,3.0999999046325684,3.140000104904175,641400,0.0,0.0
2025-11-05 00:00:00-05:00,3.1500000953674316,3.440000057220459,3.140000104904175,3.4000000953674316,1620000,0.0,0.0
2025-11-06 00:00:00-05:00,3.380000114440918,3.4549999237060547,3.2950000762939453,3.4000000953674316,549600,0.0,0.0
2025-11-07 00:00:00-05:00,3.390000104904175,3.450000047683716,3.321000099182129,3.430000066757202,417500,0.0,0.0
2025-11-10 00:00:00-05:00,3.450000047683716,3.630000114440918,3.4200000762939453,3.5299999713897705,780000,0.0,0.0
2025-11-11 00:00:00-05:00,3.5199999809265137,3.569999933242798,3.4600000381469727,3.484999895095825,277200,0.0,0.0
2025-11-12 00:00:00-05:00,3.4600000381469727,3.490000009536743,3.4000000953674316,3.4700000286102295,474600,0.0,0.0
2025-11-13 00:00:00-05:00,3.5,3.509999990463257,3.3299999237060547,3.359999895095825,338500,0.0,0.0
2025-11-14 00:00:00-05:00,3.3299999237060547,3.515000104904175,3.3299999237060547,3.4600000381469727,367200,0.0,0.0
2025-11-17 00:00:00-05:00,3.490000009536743,3.5999999046325684,3.434000015258789,3.5399999618530273,572900,0.0,0.0
2025-11-18 00:00:00-05:00,3.5399999618530273,3.5999999046325684,3.450000047683716,3.5799999237060547,552200,0.0,0.0
2025-11-19 00:00:00-05:00,3.5899999141693115,3.640000104904175,3.509999990463257,3.5799999237060547,557000,0.0,0.0
2025-11-20 00:00:00-05:00,3.619999885559082,3.694999933242798,3.450000047683716,3.4649999141693115,732200,0.0,0.0
2025-11-21 00:00:00-05:00,3.2820000648498535,3.299999952316284,3.0,3.2300000190734863,2144700,0.0,0.0
2025-11-24 00:00:00-05:00,3.2300000190734863,3.2300000190734863,3.130000114440918,3.1649999618530273,602000,0.0,0.0
2025-11-25 00:00:00-05:00,3.1700000762939453,3.2100000381469727,3.069999933242798,3.190000057220459,790900,0.0,0.0
2025-11-26 00:00:00-05:00,3.200000047683716,3.299999952316284,3.200000047683716,3.2300000190734863,823800,0.0,0.0
2025-11-28 00:00:00-05:00,3.240000009536743,3.2639999389648438,3.2200000286102295,3.240000009536743,188700,0.0,0.0
2025-12-01 00:00:00-05:00,3.2100000381469727,3.319999933242798,3.2100000381469727,3.319999933242798,504600,0.0,0.0
2025-12-02 00:00:00-05:00,3.299999952316284,3.375,3.299999952316284,3.3499999046325684,426200,0.0,0.0
2025-12-03 00:00:00-05:00,3.3499999046325684,3.430000066757202,3.3399999141693115,3.359999895095825,329100,0.0,0.0
2025-12-04 00:00:00-05:00,3.319999933242798,3.4000000953674316,3.319999933242798,3.390000104904175,278900,0.0,0.0
2025-12-05 00:00:00-05:00,3.4000000953674316,3.4100000858306885,3.3499999046325684,3.359999895095825,251500,0.0,0.0
2025-12-08 00:00:00-05:00,3.3499999046325684,3.440000057220459,3.3420000076293945,3.4200000762939453,484800,0.0,0.0
2025-12-09 00:00:00-05:00,3.380000114440918,3.390000104904175,3.2699999809265137,3.2699999809265137,544900,0.0,0.0
2025-12-10 00:00:00-05:00,3.2799999713897705,3.299999952316284,3.240000009536743,3.2799999713897705,251400,0.0,0.0
2025-12-11 00:00:00-05:00,3.25,3.2899999618530273,3.2330000400543213,3.2899999618530273,265300,0.0,0.0
2025-12-12 00:00:00-05:00,3.2699999809265137,3.315000057220459,3.255000114440918,3.299999952316284,293200,0.0,0.0
2025-12-15 00:00:00-05:00,3.309999942779541,3.6679999828338623,3.299999952316284,3.4700000286102295,1078600,0.0,0.0
2025-12-16 00:00:00-05:00,3.5399999618530273,3.5950000286102295,3.380000114440918,3.4200000762939453,376200,0.0,0.0
2025-12-17 00:00:00-05:00,3.450000047683716,3.450000047683716,3.359999895095825,3.4100000858306885,363700,0.0,0.0
2025-12-18 00:00:00-05:00,3.430000066757202,3.440000057220459,3.3350000381469727,3.365000009536743,315900,0.0,0.0
2025-12-19 00:00:00-05:00,3.390000104904175,3.4800000190734863,3.359999895095825,3.430000066757202,501200,0.0,0.0
2025-12-22 00:00:00-05:00,3.440000057220459,3.509999990463257,3.4200000762939453,3.4600000381469727,359800,0.0,0.0
2025-12-23 00:00:00-05:00,3.490000009536743,3.5,3.4200000762939453,3.4700000286102295,207500,0.0,0.0
2025-12-24 00:00:00-05:00,3.4600000381469727,3.494999885559082,3.430000066757202,3.4800000190734863,98200,0.0,0.0
2025-12-26 00:00:00-05:00,3.440000057220459,3.440000057220459,3.3499999046325684,3.390000104904175,306500,0.0,0.0
2025-12-29 00:00:00-05:00,3.369999885559082,3.390000104904175,3.309999942779541,3.369999885559082,420400,0.0,0.0
2025-12-30 00:00:00-05:00,3.3499999046325684,3.3559999465942383,3.299999952316284,3.319999933242798,371200,0.0,0.0
2025-12-31 00:00:00-05:00,3.3299999237060547,3.380000114440918,3.312000036239624,3.3399999141693115,434400,0.0,0.0
2026-01-02 00:00:00-05:00,3.3399999141693115,3.385999917984009,3.3299999237060547,3.380000114440918,248300,0.0,0.0
2026-01-05 00:00:00-05:00,3.390000104904175,3.4600000381469727,3.3450000286102295,3.450000047683716,364200,0.0,0.0
2026-01-06 00:00:00-05:00,3.430000066757202,3.5999999046325684,3.3929998874664307,3.549999952316284,654400,0.0,0.0
2026-01-07 00:00:00-05:00,3.5399999618530273,3.5399999618530273,3.4000000953674316,3.4200000762939453,244900,0.0,0.0
2026-01-08 00:00:00-05:00,3.4200000762939453,3.450000047683716,3.4000000953674316,3.450000047683716,161700,0.0,0.0
2026-01-09 00:00:00-05:00,3.450000047683716,3.450000047683716,3.4000000953674316,3.430000066757202,208400,0.0,0.0
2026-01-12 00:00:00-05:00,3.3949999809265137,3.430000066757202,3.359999895095825,3.430000066757202,251600,0.0,0.0
2026-01-13 00:00:00-05:00,3.430000066757202,3.5,3.384999990463257,3.490000009536743,346500,0.0,0.0
2026-01-14 00:00:00-05:00,3.4200000762939453,3.450000047683716,3.4000000953674316,3.430000066757202,204900,0.0,0.0
2026-01-15 00:00:00-05:00,3.430000066757202,3.494999885559082,3.424999952316284,3.4800000190734863,165100,0.0,0.0
2026-01-16 00:00:00-05:00,3.4700000286102295,3.494999885559082,3.4100000858306885,3.430000066757202,248500,0.0,0.0
2026-01-20 00:00:00-05:00,3.4000000953674316,3.4000000953674316,3.325000047683716,3.3399999141693115,444700,0.0,0.0
2026-01-21 00:00:00-05:00,3.3399999141693115,3.450000047683716,3.3399999141693115,3.450000047683716,243100,0.0,0.0
2026-01-22 00:00:00-05:00,3.4700000286102295,3.5160000324249268,3.4200000762939453,3.450000047683716,325500,0.0,0.0
2026-01-23 00:00:00-05:00,3.450000047683716,3.450000047683716,3.3299999237060547,3.359999895095825,248800,0.0,0.0
2026-01-26 00:00:00-05:00,3.3299999237060547,3.3499999046325684,3.2899999618530273,3.3499999046325684,280300,0.0,0.0
2026-01-27 00:00:00-05:00,3.3299999237060547,3.384000062942505,3.299999952316284,3.3399999141693115,263400,0.0,0.0
2026-01-28 00:00:00-05:00,3.3399999141693115,3.384999990463257,3.3399999141693115,3.369999885559082,144400,0.0,0.0
2026-01-29 00:00:00-05:00,3.390000104904175,3.390000104904175,3.2860000133514404,3.3499999046325684,323600,0.0,0.0
2026-01-30 00:00:00-05:00,3.3299999237060547,3.3499999046325684,3.2799999713897705,3.299999952316284,265900,0.0,0.0
2026-02-02 00:00:00-05:00,3.299999952316284,3.315000057220459,3.25,3.299999952316284,358800,0.0,0.0
2026-02-03 00:00:00-05:00,3.309999942779541,3.325000047683716,3.2300000190734863,3.2799999713897705,332600,0.0,0.0
2026-02-04 00:00:00-05:00,3.299999952316284,3.3399999141693115,3.25,3.3299999237060547,447300,0.0,0.0
2026-02-05 00:00:00-05:00,3.309999942779541,3.309999942779541,3.194999933242798,3.2100000381469727,437300,0.0,0.0
2026-02-06 00:00:00-05:00,3.2200000286102295,3.3399999141693115,3.2200000286102295,3.3299999237060547,318200,0.0,0.0
2026-02-09 00:00:00-05:00,3.309999942779541,3.365000009536743,3.299999952316284,3.359999895095825,260600,0.0,0.0
2026-02-10 00:00:00-05:00,3.3499999046325684,3.390000104904175,3.325000047683716,3.3399999141693115,261900,0.0,0.0
2026-02-11 00:00:00-05:00,3.3499999046325684,3.369999885559082,3.2699999809265137,3.3399999141693115,459300,0.0,0.0
2026-02-12 00:00:00-05:00,3.359999895095825,3.359999895095825,3.200000047683716,3.200000047683716,301100,0.0,0.0
2026-02-13 00:00:00-05:00,3.259999990463257,3.3499999046325684,3.234999895095825,3.2899999618530273,247200,0.0,0.0
2026-02-17 00:00:00-05:00,3.2799999713897705,3.2950000762939453,3.2109999656677246,3.2699999809265137,233900,0.0,0.0
2026-02-18 00:00:00-05:00,3.2200000286102295,3.2899999618530273,3.2200000286102295,3.2300000190734863,182200,0.0,0.0
2026-02-19 00:00:00-05:00,3.2200000286102295,3.265000104904175,3.200000047683716,3.259999990463257,154300,0.0,0.0
2026-02-20 00:00:00-05:00,3.2300000190734863,3.265000104904175,3.2200000286102295,3.25,137700,0.0,0.0
2026-02-23 00:00:00-05:00,3.240000009536743,3.2750000953674316,3.2300000190734863,3.25,249300,0.0,0.0
2026-02-24 00:00:00-05:00,3.240000009536743,3.2950000762939453,3.2300000190734863,3.2899999618530273,141000,0.0,0.0
2026-02-25 00:00:00-05:00,3.2899999618530273,3.309999942779541,3.2699999809265137,3.299999952316284,216600,0.0,0.0
2026-02-26 00:00:00-05:00,3.2799999713897705,3.2899999618530273,3.2300000190734863,3.2699999809265137,148700,0.0,0.0
2026-02-27 00:00:00-05:00,3.240000009536743,3.2750000953674316,3.2249999046325684,3.259999990463257,132900,0.0,0.0
2026-03-02 00:00:00-05:00,3.2100000381469727,3.2300000190734863,3.1500000953674316,3.2200000286102295,295500,0.0,0.0
2026-03-03 00:00:00-05:00,3.1700000762939453,3.203000068664551,3.130000114440918,3.1500000953674316,239000,0.0,0.0
2026-03-04 00:00:00-05:00,3.1600000858306885,3.2100000381469727,3.1600000858306885,3.190000057220459,202900,0.0,0.0
2026-03-05 00:00:00-05:00,3.190000057220459,3.190000057220459,3.119999885559082,3.190000057220459,288000,0.0,0.0
2026-03-06 00:00:00-05:00,3.1500000953674316,3.1619999408721924,3.119999885559082,3.119999885559082,195600,0.0,0.0
2026-03-09 00:00:00-04:00,3.140000104904175,3.1700000762939453,3.0999999046325684,3.1600000858306885,361800,0.0,0.0
2026-03-10 00:00:00-04:00,3.1500000953674316,3.2079999446868896,3.121000051498413,3.1500000953674316,258500,0.0,0.0
2026-03-11 00:00:00-04:00,3.180000066757202,3.194999933242798,3.0999999046325684,3.130000114440918,335500,0.0,0.0
2026-03-12 00:00:00-04:00,3.119999885559082,3.140000104904175,3.0899999141693115,3.119999885559082,175300,0.0,0.0
2026-03-13 00:00:00-04:00,3.119999885559082,3.1589999198913574,3.0899999141693115,3.0999999046325684,269700,0.0,0.0
2026-03-16 00:00:00-04:00,3.0899999141693115,3.1600000858306885,3.0,3.0199999809265137,1095800,0.0,0.0
2026-03-17 00:00:00-04:00,3.0299999713897705,3.061000108718872,2.9200000762939453,2.950000047683716,679000,0.0,0.0
2026-03-18 00:00:00-04:00,2.9200000762939453,2.940999984741211,2.7899999618530273,2.809999942779541,590800,0.0,0.0
2026-03-19 00:00:00-04:00,2.819999933242798,2.859999895095825,2.7799999713897705,2.859999895095825,386000,0.0,0.0
2026-03-20 00:00:00-04:00,2.869999885559082,2.875,2.819999933242798,2.859999895095825,331800,0.0,0.0
2026-03-23 00:00:00-04:00,2.8399999141693115,2.924999952316284,2.819999933242798,2.9100000858306885,350000,0.0,0.0
2026-03-24 00:00:00-04:00,2.9200000762939453,2.990000009536743,2.9200000762939453,2.9800000190734863,278400,0.0,0.0
2026-03-25 00:00:00-04:00,3.0,3.0999999046325684,2.984999895095825,3.0899999141693115,486700,0.0,0.0
2026-03-26 00:00:00-04:00,3.0899999141693115,3.2200000286102295,3.069999933242798,3.2200000286102295,457300,0.0,0.0
2026-03-27 00:00:00-04:00,3.200000047683716,3.4149999618530273,3.1700000762939453,3.390000104904175,902500,0.0,0.0
2026-03-30 00:00:00-04:00,3.4000000953674316,3.8299999237060547,3.381999969482422,3.609999895095825,1633800,0.0,0.0
2026-03-31 00:00:00-04:00,3.609999895095825,3.9200000762939453,3.609999895095825,3.8499999046325684,1143100,0.0,0.0
2026-04-01 00:00:00-04:00,3.8499999046325684,4.255000114440918,3.8499999046325684,4.099999904632568,1837300,0.0,0.0
2026-04-02 00:00:00-04:00,4.0,4.599999904632568,3.9200000762939453,4.539999961853027,2694100,0.0,0.0
2026-04-06 00:00:00-04:00,4.5,4.880000114440918,4.2779998779296875,4.349999904632568,2811400,0.0,0.0
2026-04-07 00:00:00-04:00,4.320000171661377,4.449999809265137,3.869999885559082,4.039999961853027,1941700,0.0,0.0
2026-04-08 00:00:00-04:00,4.199999809265137,4.228000164031982,3.8499999046325684,3.9800000190734863,869000,0.0,0.0
2026-04-09 00:00:00-04:00,3.930000066757202,4.090000152587891,3.819999933242798,4.059999942779541,840900,0.0,0.0
2026-04-10 00:00:00-04:00,4.090000152587891,4.355000019073486,4.070000171661377,4.190000057220459,927200,0.0,0.0
2026-04-13 00:00:00-04:00,4.119999885559082,4.195000171661377,4.03000020980835,4.139999866485596,893000,0.0,0.0
2026-04-14 00:00:00-04:00,4.159999847412109,4.300000190734863,4.045000076293945,4.139999866485596,722600,0.0,0.0
2026-04-15 00:00:00-04:00,4.150000095367432,4.360000133514404,4.130000114440918,4.269999980926514,688500,0.0,0.0
2026-04-16 00:00:00-04:00,4.300000190734863,4.420000076293945,4.059999942779541,4.21999979019165,1126500,0.0,0.0
2026-04-17 00:00:00-04:00,4.199999809265137,4.300000190734863,4.130000114440918,4.210000038146973,482900,0.0,0.0
2026-04-20 00:00:00-04:00,4.210000038146973,4.400000095367432,4.190000057220459,4.349999904632568,801300,0.0,0.0
2026-04-21 00:00:00-04:00,4.409999847412109,5.284999847412109,4.375,4.760000228881836,5725900,0.0,0.0
2026-04-22 00:00:00-04:00,4.880000114440918,5.119999885559082,4.579999923706055,4.690000057220459,1409000,0.0,0.0
2026-04-23 00:00:00-04:00,4.570000171661377,4.605000019073486,4.139999866485596,4.409999847412109,1333100,0.0,0.0
2026-04-24 00:00:00-04:00,4.409999847412109,4.449999809265137,4.335000038146973,4.360000133514404,457200,0.0,0.0
2026-04-27 00:00:00-04:00,4.230000019073486,4.340000152587891,4.1570000648498535,4.210000038146973,650700,0.0,0.0
2026-04-28 00:00:00-04:00,4.159999847412109,4.195000171661377,4.0,4.059999942779541,836900,0.0,0.0
2026-04-29 00:00:00-04:00,4.099999904632568,4.099999904632568,4.0,4.070000171661377,417700,0.0,0.0
2026-04-30 00:00:00-04:00,4.090000152587891,4.260000228881836,4.070000171661377,4.230000019073486,391100,0.0,0.0
2026-05-01 00:00:00-04:00,4.269999980926514,4.320000171661377,4.190000057220459,4.25,367500,0.0,0.0
2026-05-04 00:00:00-04:00,4.21999979019165,4.269999980926514,4.159999847412109,4.210000038146973,334600,0.0,0.0
2026-05-05 00:00:00-04:00,4.210000038146973,4.269999980926514,4.090000152587891,4.159999847412109,590700,0.0,0.0
2026-05-06 00:00:00-04:00,4.139999866485596,4.235000133514404,4.139999866485596,4.210000038146973,417500,0.0,0.0
2026-05-07 00:00:00-04:00,4.210000038146973,4.329999923706055,4.199999809265137,4.269999980926514,482974,0.0,0.0
