Date,Open,High,Low,Close,Volume,Dividends,Stock Splits
2022-01-03 00:00:00-05:00,12.730269324356925,12.730269324356925,12.539582252502441,12.539582252502441,1100,0.0,0.0
2022-01-04 00:00:00-05:00,12.509070514288167,12.774506568908691,12.509070514288167,12.774506568908691,1600,0.0,0.0
2022-01-05 00:00:00-05:00,12.585345087936417,12.966719181510248,12.585345087936417,12.943836212158203,40500,0.0,0.0
2022-01-06 00:00:00-05:00,12.943836212158203,12.943836212158203,12.943836212158203,12.943836212158203,0,0.0,0.0
2022-01-07 00:00:00-05:00,12.707384781890841,12.96748161315918,12.707384781890841,12.96748161315918,11300,0.0,0.0
2022-01-10 00:00:00-05:00,12.318382679408352,12.867562294006348,12.295501165351222,12.867562294006348,2500,0.0,0.0
2022-01-11 00:00:00-05:00,12.952990257976452,13.081131397495662,12.952990257976452,12.974347114562988,1000,0.0,0.0
2022-01-12 00:00:00-05:00,12.796627479623677,13.248173713684082,12.796627479623677,13.248173713684082,1500,0.0,0.0
2022-01-13 00:00:00-05:00,12.96672021087733,13.348094334726662,12.585346087027997,13.309957504272461,64400,0.0,0.0
2022-01-14 00:00:00-05:00,13.073504946770795,13.310720288396618,13.04299577233021,13.191731452941895,1500,0.0,0.0
2022-01-18 00:00:00-05:00,12.624247843999033,13.233683586120605,12.624247843999033,13.233683586120605,6600,0.0,0.0
2022-01-19 00:00:00-05:00,13.294702793197107,13.348094940185547,13.294702793197107,13.348094940185547,600,0.0,0.0
2022-01-20 00:00:00-05:00,13.257330242948855,14.446455001831056,13.257330242948855,14.446455001831055,5300,0.0,0.0
2022-01-21 00:00:00-05:00,14.225253499472291,15.178688740118245,13.561663386685671,14.797314643859863,22500,0.0,0.0
2022-01-24 00:00:00-05:00,13.3175836624581,14.06660270690918,13.3175836624581,14.06660270690918,2000,0.0,0.0
2022-01-25 00:00:00-05:00,14.06660270690918,14.06660270690918,14.06660270690918,14.06660270690918,0,0.0,0.0
2022-01-26 00:00:00-05:00,13.042996820387621,14.713416081507289,13.042996820387621,14.606630325317383,4800,0.0,0.0
2022-01-27 00:00:00-05:00,14.423569274810333,14.50747204776008,14.049822807312012,14.049822807312012,1300,0.0,0.0
2022-01-28 00:00:00-05:00,14.049822807312012,14.049822807312012,14.049822807312012,14.049822807312012,0,0.0,0.0
2022-01-31 00:00:00-05:00,14.133726034377869,14.225255012512207,14.133726034377869,14.225255012512207,1100,0.0,0.0
2022-02-01 00:00:00-05:00,12.966719165526323,14.286273178506768,12.966719165526323,14.25576400756836,1000,0.0,0.0
2022-02-02 00:00:00-05:00,14.255764007568361,14.255764007568361,14.255764007568361,14.25576400756836,0,0.0,0.0
2022-02-03 00:00:00-05:00,13.69895726693166,14.583746536312615,13.69895726693166,14.492216110229492,1500,0.0,0.0
2022-02-04 00:00:00-05:00,14.347293507844395,14.578407287597656,14.347293507844395,14.578407287597656,300,0.0,0.0
2022-02-07 00:00:00-05:00,14.578407287597656,14.578407287597656,14.578407287597656,14.578407287597656,0,0.0,0.0
2022-02-08 00:00:00-05:00,14.583747101181471,14.588322531542769,14.271018981933594,14.271018981933594,600,0.0,0.0
2022-02-09 00:00:00-05:00,14.263392448425295,14.263392448425295,14.263392448425295,14.263392448425293,100,0.0,0.0
2022-02-10 00:00:00-05:00,14.309155464172363,14.316783120249212,14.309155464172363,14.309155464172363,500,0.0,0.0
2022-02-11 00:00:00-05:00,14.301528714959602,14.530352592468262,14.301528714959602,14.530352592468262,200,0.0,0.0
2022-02-14 00:00:00-05:00,14.568490851714703,14.568490851714703,14.34729317629749,14.377803802490234,1900,0.0,0.0
2022-02-15 00:00:00-05:00,14.484590530395508,14.484590530395508,14.484590530395508,14.484590530395508,200,0.0,0.0
2022-02-16 00:00:00-05:00,14.583747863769531,14.583747863769531,14.583747863769531,14.583747863769531,100,0.0,0.0
2022-02-17 00:00:00-05:00,14.568491935729982,14.568491935729982,14.568491935729982,14.56849193572998,200,0.0,0.0
2022-02-18 00:00:00-05:00,14.377803802490234,14.377803802490234,14.377803802490234,14.377803802490234,600,0.0,0.0
2022-02-22 00:00:00-05:00,14.534165878755564,14.534165878755564,14.339664290516808,14.347291946411133,1700,0.0,0.0
2022-02-23 00:00:00-05:00,14.446451017894253,14.454078674316406,14.38466743732283,14.454078674316406,800,0.0,0.0
2022-02-24 00:00:00-05:00,14.377803695979882,14.644765853881836,14.332039211856516,14.644765853881836,1300,0.0,0.0
2022-02-25 00:00:00-05:00,14.644765853881836,14.644765853881836,14.644765853881836,14.644765853881836,1600,0.0,0.0
2022-02-28 00:00:00-05:00,14.492217429355032,14.660021528483565,14.492217429355032,14.583747863769531,1400,0.0,0.0
2022-03-01 00:00:00-05:00,14.492217404385856,14.492217404385856,14.301530333275517,14.476962089538574,2200,0.0,0.0
2022-03-02 00:00:00-05:00,14.309157193409417,14.354921680574423,14.309157193409417,14.339666366577148,700,0.0,0.0
2022-03-03 00:00:00-05:00,14.49221529752404,14.502131396215873,13.729467123970144,14.332038879394531,8800,0.0,0.0
2022-03-04 00:00:00-05:00,14.309155464172363,14.309155464172363,14.309155464172363,14.309155464172363,700,0.0,0.0
2022-03-07 00:00:00-05:00,14.274832388662412,14.274832388662412,14.110841412616143,14.126096725463867,7800,0.0,0.0
2022-03-08 00:00:00-05:00,13.9888031945471,14.187117916581165,13.9888031945471,14.171862602233887,14400,0.0,0.0
2022-03-09 00:00:00-05:00,14.110844612121582,14.110844612121582,14.110844612121582,14.110844612121582,400,0.0,0.0
2022-03-10 00:00:00-05:00,14.110844612121582,14.110844612121582,14.110844612121582,14.110844612121582,0,0.0,0.0
2022-03-11 00:00:00-05:00,14.118470191955566,14.139064720455314,14.118470191955566,14.118470191955566,1000,0.0,0.0
2022-03-14 00:00:00-04:00,14.116946156713459,14.118472270274946,14.110844612121582,14.110844612121582,1100,0.0,0.0
2022-03-15 00:00:00-04:00,14.110844612121582,14.110844612121582,14.110844612121582,14.110844612121582,400,0.0,0.0
2022-03-16 00:00:00-04:00,14.110843215420216,14.110843215420216,13.927783802339938,14.087960243225098,1900,0.0,0.0
2022-03-17 00:00:00-04:00,14.095589295814854,14.110844612121582,14.095589295814854,14.110844612121582,300,0.0,0.0
2022-03-18 00:00:00-04:00,14.110844612121582,14.110844612121582,14.110844612121582,14.110844612121582,0,0.0,0.0
2022-03-21 00:00:00-04:00,14.110844612121582,14.110844612121582,14.110844612121582,14.110844612121582,0,0.0,0.0
2022-03-22 00:00:00-04:00,14.023126661314182,14.118470191955566,14.023126661314182,14.118470191955566,2700,0.0,0.0
2022-03-23 00:00:00-04:00,14.782059960254406,14.782059960254406,13.988802562770871,14.026939392089844,2700,0.0,0.0
2022-03-24 00:00:00-04:00,14.019314509199402,14.095589637756348,13.988805330672868,14.095589637756348,1300,0.0,0.0
2022-03-25 00:00:00-04:00,14.095589637756348,14.095589637756348,14.095589637756348,14.095589637756348,100,0.0,0.0
2022-03-28 00:00:00-04:00,14.004058837890625,14.004058837890625,14.004058837890625,14.004058837890625,2300,0.0,0.0
2022-03-29 00:00:00-04:00,14.110842026480665,14.141352653503418,14.110842026480665,14.141352653503418,300,0.0,0.0
2022-03-30 00:00:00-04:00,14.118471244521452,14.14211654663086,14.118471244521452,14.14211654663086,600,0.0,0.0
2022-03-31 00:00:00-04:00,14.118470599860178,14.123809814453125,14.110842942609274,14.123809814453125,500,0.0,0.0
2022-04-01 00:00:00-04:00,14.141354720628616,14.156608581542969,14.141354720628616,14.156608581542969,300,0.0,0.0
2022-04-04 00:00:00-04:00,14.339666366577148,14.339666366577148,14.339666366577148,14.339666366577148,300,0.0,0.0
2022-04-05 00:00:00-04:00,14.248139472558188,14.850709915161133,14.240511814445869,14.850709915161133,7200,0.0,0.0
2022-04-06 00:00:00-04:00,14.34729192957526,14.56086192988591,14.34729192957526,14.522725105285645,1500,0.0,0.0
2022-04-07 00:00:00-04:00,14.332038879394531,14.332038879394531,14.332038879394531,14.332038879394531,100,0.0,0.0
2022-04-08 00:00:00-04:00,14.476962089538574,14.476962089538574,14.476962089538574,14.476962089538574,100,0.0,0.0
2022-04-11 00:00:00-04:00,14.385432614567605,14.652393341064455,14.385432614567605,14.652393341064453,1000,0.0,0.0
2022-04-12 00:00:00-04:00,14.660020194083987,14.873590218393426,14.492216110229492,14.492216110229492,6300,0.0,0.0
2022-04-13 00:00:00-04:00,14.377804781568546,15.155808344542118,14.33966649623053,15.117670059204102,6700,0.0,0.0
2022-04-14 00:00:00-04:00,14.537980249028783,14.545607905589302,14.530352592468262,14.530352592468262,1300,0.0,0.0
2022-04-18 00:00:00-04:00,14.530352592468262,14.530352592468262,14.530352592468262,14.530352592468262,0,0.0,0.0
2022-04-19 00:00:00-04:00,14.530352592468262,14.530352592468262,14.530352592468262,14.530352592468262,0,0.0,0.0
2022-04-20 00:00:00-04:00,15.155806094025575,15.155806094025575,15.125295470285748,15.132923126220703,600,0.0,0.0
2022-04-21 00:00:00-04:00,14.90410237606504,14.90410237606504,14.576120376586916,14.576120376586914,600,0.0,0.0
2022-04-22 00:00:00-04:00,14.576120376586916,14.576120376586916,14.576120376586916,14.576120376586914,0,0.0,0.0
2022-04-25 00:00:00-04:00,14.576120376586916,14.576120376586916,14.576120376586916,14.576120376586914,0,0.0,0.0
2022-04-26 00:00:00-04:00,14.917830733933265,14.949866020833893,14.917830733933265,14.919355392456055,400,0.0,0.0
2022-04-27 00:00:00-04:00,14.919355392456055,14.919355392456055,14.919355392456055,14.919355392456055,100,0.0,0.0
2022-04-28 00:00:00-04:00,14.553998221932432,14.820198059082031,14.553998221932432,14.820198059082031,600,0.0,0.0
2022-04-29 00:00:00-04:00,15.110042572021483,15.110042572021483,15.110042572021483,15.110042572021484,200,0.0,0.0
2022-05-02 00:00:00-04:00,14.980371964348754,14.980371964348754,14.72103749836163,14.77061653137207,600,0.0,0.0
2022-05-03 00:00:00-04:00,14.856047630310059,14.856047630310059,14.856047630310059,14.856047630310059,100,0.0,0.0
2022-05-04 00:00:00-04:00,14.721038818359375,14.721038818359375,14.721038818359375,14.721038818359375,400,0.0,0.0
2022-05-05 00:00:00-04:00,14.583745747235696,14.648578643798828,14.499842982434759,14.648578643798828,1600,0.0,0.0
2022-05-06 00:00:00-04:00,14.648578643798828,14.648578643798828,14.648578643798828,14.648578643798828,0,0.0,0.0
2022-05-09 00:00:00-04:00,14.507471423714474,14.507471423714474,14.492216110229492,14.492216110229492,1400,0.0,0.0
2022-05-10 00:00:00-04:00,14.492216110229492,14.492216110229492,14.492216110229492,14.492216110229492,0,0.0,0.0
2022-05-11 00:00:00-04:00,14.534169604568012,14.539508819580078,14.492218213808355,14.539508819580078,1400,0.0,0.0
2022-05-12 00:00:00-04:00,14.499842152212155,14.873588562011719,14.49221449631911,14.873588562011719,1900,0.0,0.0
2022-05-13 00:00:00-04:00,14.873588562011719,14.873588562011719,14.873588562011719,14.873588562011719,0,0.0,0.0
2022-05-16 00:00:00-04:00,14.499845943036034,14.782062010727925,14.492218285148821,14.675277709960938,1400,0.0,0.0
2022-05-17 00:00:00-04:00,14.530355594275164,14.534170150756836,14.530355594275164,14.534170150756836,1100,0.0,0.0
2022-05-18 00:00:00-04:00,14.530353650151248,14.568491935729982,14.530353650151248,14.56849193572998,1500,0.0,0.0
2022-05-19 00:00:00-04:00,14.566965109548429,14.566965109548429,14.492216110229492,14.492216110229492,1800,0.0,0.0
2022-05-20 00:00:00-04:00,14.663835949860827,14.798842430114748,14.663835949860827,14.798842430114746,300,0.0,0.0
2022-05-23 00:00:00-04:00,14.309919042116235,14.492216110229492,14.301529056147526,14.492216110229492,900,0.0,0.0
2022-05-24 00:00:00-04:00,14.310681245778687,14.364074842507641,14.301528930664062,14.301528930664062,1500,0.0,0.0
2022-05-25 00:00:00-04:00,14.301528930664062,14.301528930664062,14.301528930664062,14.301528930664062,0,0.0,0.0
2022-05-26 00:00:00-04:00,13.744725227355957,13.771421302464631,13.744725227355957,13.744725227355957,600,0.0,0.0
2022-05-27 00:00:00-04:00,13.920155355424386,13.927783012390137,13.920155355424386,13.927783012390137,1100,0.0,0.0
2022-05-31 00:00:00-04:00,14.072706299239256,14.072706299239256,13.99643118053779,14.004058837890625,700,0.0,0.0
2022-06-01 00:00:00-04:00,14.231355667114258,14.231355667114258,14.231355667114258,14.231355667114258,100,0.0,0.0
2022-06-02 00:00:00-04:00,14.034566996598794,14.034566996598794,13.752350969106207,13.76760482788086,3900,0.0,0.0
2022-06-03 00:00:00-04:00,13.477762988509737,13.637939438770404,13.226056098937988,13.226056098937988,1600,0.0,0.0
2022-06-06 00:00:00-04:00,13.279447168824426,13.6455659866333,13.233682680305032,13.6455659866333,2100,0.0,0.0
2022-06-07 00:00:00-04:00,13.6455659866333,13.6455659866333,13.6455659866333,13.6455659866333,0,0.0,0.0
2022-06-08 00:00:00-04:00,13.6455659866333,13.6455659866333,13.6455659866333,13.6455659866333,0,0.0,0.0
2022-06-09 00:00:00-04:00,13.6455659866333,13.6455659866333,13.6455659866333,13.6455659866333,0,0.0,0.0
2022-06-10 00:00:00-04:00,13.309957504272461,13.31758370650184,13.302329847216255,13.309957504272461,1300,0.0,0.0
2022-06-13 00:00:00-04:00,12.967481956603638,13.035367082970291,12.966719627380371,12.966719627380371,17900,0.0,0.0
2022-06-14 00:00:00-04:00,13.058249705187283,13.157406330160386,12.966719281897191,13.00485610961914,3000,0.0,0.0
2022-06-15 00:00:00-04:00,13.157408114847822,13.9277840689051,13.02392774488883,13.271820068359375,3100,0.0,0.0
2022-06-16 00:00:00-04:00,12.745522167594256,12.856121009604696,12.509070624710422,12.737895965576172,7700,0.0,0.0
2022-06-17 00:00:00-04:00,12.737895965576172,12.737895965576172,12.737895965576172,12.737895965576172,0,0.0,0.0
2022-06-21 00:00:00-04:00,12.69975835959347,12.707386016845703,12.69975835959347,12.707386016845703,400,0.0,0.0
2022-06-22 00:00:00-04:00,12.547210828429408,12.703574180603027,12.547210828429408,12.703574180603027,3800,0.0,0.0
2022-06-23 00:00:00-04:00,12.684503180830042,12.684503180830042,12.440423965454102,12.440423965454102,1300,0.0,0.0
2022-06-24 00:00:00-04:00,12.676876767452262,12.776033401489258,12.676876767452262,12.776033401489258,1700,0.0,0.0
2022-06-27 00:00:00-04:00,13.08875894199328,13.111641911637161,13.04299445753225,13.100199699401855,1000,0.0,0.0
2022-06-28 00:00:00-04:00,13.100199699401855,13.100199699401855,13.100199699401855,13.100199699401855,0,0.0,0.0
2022-06-29 00:00:00-04:00,13.111643499849107,13.668449401855469,13.081132869961516,13.668449401855469,1100,0.0,0.0
2022-06-30 00:00:00-04:00,13.65319323053427,13.775232832776055,13.44343775510788,13.72946834564209,3300,0.0,0.0
2022-07-01 00:00:00-04:00,13.72946834564209,13.72946834564209,13.72946834564209,13.72946834564209,0,0.0,0.0
2022-07-05 00:00:00-04:00,13.95448125704521,14.110844612121582,13.95448125704521,14.110844612121582,2000,0.0,0.0
2022-07-06 00:00:00-04:00,14.110840908965491,14.545607125820812,14.103213252813878,14.499842643737793,3500,0.0,0.0
2022-07-07 00:00:00-04:00,14.68290253328132,14.917065620422363,14.68290253328132,14.917065620422363,12100,0.0,0.0
2022-07-08 00:00:00-04:00,15.161908693093377,15.321322785207663,15.010122257445426,15.193943977355957,2300,0.0,0.0
2022-07-11 00:00:00-04:00,15.007069320723188,15.042919158935545,15.007069320723188,15.042919158935547,1200,0.0,0.0
2022-07-12 00:00:00-04:00,15.247337531110347,15.369377136230469,15.247337531110347,15.369377136230469,10400,0.0,0.0
2022-07-13 00:00:00-04:00,15.361747982690236,15.361747982690236,15.12148335185395,15.210723876953125,3700,0.0,0.0
2022-07-14 00:00:00-04:00,15.210723876953125,15.210723876953125,15.210723876953125,15.210723876953125,0,0.0,0.0
2022-07-15 00:00:00-04:00,15.254964828491211,15.335053044682354,15.178689713383392,15.254964828491211,3900,0.0,0.0
2022-07-18 00:00:00-04:00,14.911727905273438,14.911727905273438,14.911727905273438,14.911727905273438,100,0.0,0.0
2022-07-19 00:00:00-04:00,15.216827677658394,15.422768592834473,15.216827677658394,15.422768592834473,1100,0.0,0.0
2022-07-20 00:00:00-04:00,15.178688487725337,15.560062577642189,15.178688487725337,15.552434921264648,2300,0.0,0.0
2022-07-21 00:00:00-04:00,15.552434921264648,15.552434921264648,15.552434921264648,15.552434921264648,0,0.0,0.0
2022-07-22 00:00:00-04:00,15.407514572143555,15.407514572143555,15.407514572143555,15.407514572143555,200,0.0,0.0
2022-07-25 00:00:00-04:00,15.636337551197984,15.697357346863251,15.636337551197984,15.689729690551758,500,0.0,0.0
2022-07-26 00:00:00-04:00,15.697357522653473,15.704985179050386,15.445650680862121,15.659220695495605,1400,0.0,0.0
2022-07-27 00:00:00-04:00,15.659220695495605,15.659220695495605,15.659220695495605,15.659220695495605,0,0.0,0.0
2022-07-28 00:00:00-04:00,15.430395565796887,15.78126049041748,15.430395565796887,15.78126049041748,6400,0.0,0.0
2022-07-29 00:00:00-04:00,15.865161895751953,15.865161895751953,15.865161895751953,15.865161895751953,600,0.0,0.0
2022-08-01 00:00:00-04:00,15.407516530014098,15.788890687144873,15.407516530014098,15.65540885925293,1400,0.0,0.0
2022-08-02 00:00:00-04:00,15.697359217624797,16.01771354675293,15.535656667099309,16.01771354675293,2700,0.0,0.0
2022-08-03 00:00:00-04:00,15.83465211608546,15.83465211608546,15.827024459838867,15.827024459838867,1000,0.0,0.0
2022-08-04 00:00:00-04:00,15.598202924118375,15.979577064514162,15.598202924118375,15.97957706451416,500,0.0,0.0
2022-08-05 00:00:00-04:00,15.75074935219961,15.827024459838867,15.693544112590173,15.827024459838867,2100,0.0,0.0
2022-08-08 00:00:00-04:00,15.756088566089558,15.827024459838867,15.643965074400654,15.827024459838867,1900,0.0,0.0
2022-08-09 00:00:00-04:00,15.827027024009167,16.013900995259863,15.827027024009167,15.9605073928833,500,0.0,0.0
2022-08-10 00:00:00-04:00,15.9605073928833,15.9605073928833,15.9605073928833,15.9605073928833,0,0.0,0.0
2022-08-11 00:00:00-04:00,15.941438777578448,15.979577064514162,15.941438777578448,15.97957706451416,2300,0.0,0.0
2022-08-12 00:00:00-04:00,16.018478295902526,16.299933506999658,16.018478295902526,16.254167556762695,5700,0.0,0.0
2022-08-15 00:00:00-04:00,16.406713451817062,16.406713451817062,16.12068288561696,16.27704620361328,1900,0.0,0.0
2022-08-16 00:00:00-04:00,16.444852042516594,17.161835812710226,16.39908755436755,16.76825714111328,8300,0.0,0.0
2022-08-17 00:00:00-04:00,16.48299277303423,17.16183835809881,16.40671764492171,16.78046417236328,4200,0.0,0.0
2022-08-18 00:00:00-04:00,17.077932195760734,17.543209075927734,16.933011081304436,17.543209075927734,12600,0.0,0.0
2022-08-19 00:00:00-04:00,17.4593037985223,17.505069732666016,17.45167614283168,17.505069732666016,1300,0.0,0.0
2022-08-22 00:00:00-04:00,17.505069732666016,17.505069732666016,17.505069732666016,17.505069732666016,0,0.0,0.0
2022-08-23 00:00:00-04:00,16.971149126305317,17.489818186308522,16.971149126305317,17.32048797607422,20800,0.0,0.0
2022-08-24 00:00:00-04:00,17.3281161723835,17.36015146128081,17.3281161723835,17.352523803710938,1500,0.0,0.0
2022-08-25 00:00:00-04:00,17.527953762355455,17.543209075927734,17.42879713378921,17.543209075927734,1600,0.0,0.0
2022-08-26 00:00:00-04:00,17.314384757248188,17.428796696516216,17.314384757248188,17.356334686279297,2100,0.0,0.0
2022-08-29 00:00:00-04:00,17.352522020754606,17.543209075927734,17.352522020754606,17.543209075927734,1000,0.0,0.0
2022-08-30 00:00:00-04:00,17.54320767556306,17.54320767556306,16.8948714487617,17.52032470703125,2400,0.0,0.0
2022-08-31 00:00:00-04:00,17.23811366037731,17.23811366037731,16.90250396618762,17.16183853149414,4400,0.0,0.0
2022-09-01 00:00:00-04:00,17.16183853149414,17.16183853149414,17.16183853149414,17.16183853149414,0,0.0,0.0
2022-09-02 00:00:00-04:00,17.085563402610973,17.16183853149414,17.03827279360687,17.16183853149414,8900,0.0,0.0
2022-09-06 00:00:00-04:00,17.161834262913096,17.820848943019847,17.00928404308985,17.630924224853516,2300,0.0,0.0
2022-09-07 00:00:00-04:00,17.016910873877222,17.527952194213867,17.016910873877222,17.527952194213867,500,0.0,0.0
2022-09-08 00:00:00-04:00,17.221329368849577,17.543209806424496,17.221329368849577,17.418119430541992,700,0.0,0.0
2022-09-09 00:00:00-04:00,17.463882446289062,17.463882446289062,17.463882446289062,17.463882446289062,100,0.0,0.0
2022-09-12 00:00:00-04:00,17.463882446289062,17.463882446289062,17.463882446289062,17.463882446289062,0,0.0,0.0
2022-09-13 00:00:00-04:00,17.463882446289062,17.463882446289062,17.463882446289062,17.463882446289062,0,0.0,0.0
2022-09-14 00:00:00-04:00,17.161839119096552,17.45931053161621,17.161839119096552,17.45931053161621,900,0.0,0.0
2022-09-15 00:00:00-04:00,17.123699107203848,17.535582413217156,17.123699107203848,17.229721069335938,700,0.0,0.0
2022-09-16 00:00:00-04:00,17.12369788006519,17.415067672729492,16.551636723111923,17.415067672729492,6400,0.0,0.0
2022-09-19 00:00:00-04:00,17.047421498292138,17.527952194213867,17.03216618608468,17.527952194213867,1000,0.0,0.0
2022-09-20 00:00:00-04:00,17.032171164150363,17.48982048034668,17.001661985645043,17.48982048034668,1400,0.0,0.0
2022-09-21 00:00:00-04:00,17.245741318748333,17.245741318748333,17.108446377724047,17.16183853149414,2400,0.0,0.0
2022-09-22 00:00:00-04:00,17.222854855868484,17.222854855868484,16.794190144083675,17.14657974243164,1100,0.0,0.0
2022-09-23 00:00:00-04:00,15.636339432936746,17.146580648520484,15.636339432936746,16.734697341918945,3500,0.0,0.0
2022-09-26 00:00:00-04:00,16.56689300673662,16.56689300673662,15.979577905293455,16.364765167236328,4800,0.0,0.0
2022-09-27 00:00:00-04:00,16.017714010536586,16.322813034057617,15.827026938982579,16.322813034057617,2800,0.0,0.0
2022-09-28 00:00:00-04:00,16.223657608032227,16.223657608032227,16.223657608032227,16.223657608032227,600,0.0,0.0
2022-09-29 00:00:00-04:00,16.03678097855074,16.29993004462123,15.407514572143555,15.407514572143555,1500,0.0,0.0
2022-09-30 00:00:00-04:00,15.689731248731693,16.162635803222656,15.140553033204263,16.162635803222656,3600,0.0,0.0
2022-10-03 00:00:00-04:00,16.162635803222656,16.162635803222656,16.162635803222656,16.162635803222656,0,0.0,0.0
2022-10-04 00:00:00-04:00,16.093988365750576,16.29230308532715,16.093988365750576,16.29230308532715,300,0.0,0.0
2022-10-05 00:00:00-04:00,16.29230308532715,16.29230308532715,16.29230308532715,16.29230308532715,0,0.0,0.0
2022-10-06 00:00:00-04:00,15.865163183377296,16.28467559814453,15.865163183377296,16.28467559814453,300,0.0,0.0
2022-10-07 00:00:00-04:00,16.28467559814453,16.28467559814453,16.28467559814453,16.28467559814453,0,0.0,0.0
2022-10-10 00:00:00-04:00,16.28467559814453,16.28467559814453,16.28467559814453,16.28467559814453,0,0.0,0.0
2022-10-11 00:00:00-04:00,15.903303916154876,15.903303916154876,15.201575352677654,15.415143966674805,3300,0.0,0.0
2022-10-12 00:00:00-04:00,15.254962927257175,15.344204902648926,15.06427589066646,15.344204902648926,500,0.0,0.0
2022-10-13 00:00:00-04:00,15.25496518828371,15.369377136230469,15.203861485531709,15.369377136230469,1500,0.0,0.0
2022-10-14 00:00:00-04:00,15.369377136230469,15.369377136230469,15.369377136230469,15.369377136230469,0,0.0,0.0
2022-10-17 00:00:00-04:00,15.262592135927388,15.537181962095913,15.262592135927388,15.434210777282715,400,0.0,0.0
2022-10-18 00:00:00-04:00,15.521927756756977,15.598202875564082,15.483789469939982,15.590575218200684,2200,0.0,0.0
2022-10-19 00:00:00-04:00,15.598201890536174,15.941437721252441,15.560063606127613,15.941437721252441,2200,0.0,0.0
2022-10-20 00:00:00-04:00,15.941437721252441,15.941437721252441,15.941437721252441,15.941437721252441,0,0.0,0.0
2022-10-21 00:00:00-04:00,15.483789496720675,16.14356803894043,15.064278524796343,16.14356803894043,1500,0.0,0.0
2022-10-24 00:00:00-04:00,16.14356803894043,16.14356803894043,16.14356803894043,16.14356803894043,0,0.0,0.0
2022-10-25 00:00:00-04:00,16.78046417236328,16.78046417236328,16.78046417236328,16.78046417236328,100,0.0,0.0
2022-10-26 00:00:00-04:00,16.055853108666575,16.58977756629424,15.750754042090952,16.380022048950195,1900,0.0,0.0
2022-10-27 00:00:00-04:00,16.17026770049706,16.399091653262868,15.941442292904043,16.208404541015625,900,0.0,0.0
2022-10-28 00:00:00-04:00,16.032968616572692,16.21602802259192,15.445652112994225,16.0939884185791,1500,0.0,0.0
2022-10-31 00:00:00-04:00,16.055850600341515,16.39908790588379,16.040596740516097,16.39908790588379,3600,0.0,0.0
2022-11-01 00:00:00-04:00,16.39908790588379,16.39908790588379,16.39908790588379,16.39908790588379,0,0.0,0.0
2022-11-02 00:00:00-04:00,16.055851872467393,16.28467724590133,16.055851872467393,16.231285095214844,600,0.0,0.0
2022-11-03 00:00:00-04:00,15.97194755032667,16.380017716724282,15.97194755032667,16.37391471862793,300,0.0,0.0
2022-11-04 00:00:00-04:00,16.31518150252867,16.475359361109323,16.31518150252867,16.391456604003906,3300,0.0,0.0
2022-11-07 00:00:00-05:00,16.36095058654529,16.551637649536133,16.36095058654529,16.551637649536133,7400,0.0,0.0
2022-11-08 00:00:00-05:00,16.551640242852788,16.78046417236328,16.551640242852788,16.78046417236328,1600,0.0,0.0
2022-11-09 00:00:00-05:00,16.704183180546085,16.81859510513907,16.704183180546085,16.7880859375,600,0.0,0.0
2022-11-10 00:00:00-05:00,16.946741456399195,16.946741456399195,16.81859885026624,16.85673713684082,500,0.0,0.0
2022-11-11 00:00:00-05:00,16.551635805053373,16.66986083984375,16.551635805053373,16.66986083984375,1400,0.0,0.0
2022-11-14 00:00:00-05:00,16.437221714133454,16.75757598876953,16.345692752709784,16.75757598876953,1700,0.0,0.0
2022-11-15 00:00:00-05:00,17.009285436852696,17.009285436852696,16.551637649536133,16.551637649536133,800,0.0,0.0
2022-11-16 00:00:00-05:00,16.757579231667563,17.001659903960192,16.757579231667563,16.978776931762695,2700,0.0,0.0
2022-11-17 00:00:00-05:00,16.894874572753906,16.894874572753906,16.894874572753906,16.894874572753906,1200,0.0,0.0
2022-11-18 00:00:00-05:00,16.955892841556114,17.009284985002903,16.841480897766317,16.89716148376465,2700,0.0,0.0
2022-11-21 00:00:00-05:00,16.948265075683594,16.948265075683594,16.780460989525977,16.948265075683594,1900,0.0,0.0
2022-11-22 00:00:00-05:00,16.917756882048767,17.055051803588867,16.505872117428474,17.055051803588867,3300,0.0,0.0
2022-11-23 00:00:00-05:00,17.11607334504811,17.161837838599478,16.933013916015625,16.933013916015625,1500,0.0,0.0
2022-11-25 00:00:00-05:00,17.146577666362802,17.154205322265625,17.146577666362802,17.154205322265625,600,0.0,0.0
2022-11-28 00:00:00-05:00,17.154205322265625,17.154205322265625,17.154205322265625,17.154205322265625,0,0.0,0.0
2022-11-29 00:00:00-05:00,17.154205322265625,17.154205322265625,17.154205322265625,17.154205322265625,0,0.0,0.0
2022-11-30 00:00:00-05:00,17.154205322265625,17.154205322265625,17.154205322265625,17.154205322265625,0,0.0,0.0
2022-12-01 00:00:00-05:00,17.16183853149414,17.16183853149414,17.16183853149414,17.16183853149414,2200,0.0,0.0
2022-12-02 00:00:00-05:00,16.589774576440398,16.589774576440398,14.972747632773892,14.980375289916992,50700,0.0,0.0
2022-12-05 00:00:00-05:00,15.140551851109285,16.025339634459517,15.140551851109285,16.002456665039062,27800,0.0,0.0
2022-12-06 00:00:00-05:00,15.712614532065864,16.01771354675293,15.693546116427958,16.01771354675293,5100,0.0,0.0
2022-12-07 00:00:00-05:00,15.487603735954117,16.01771354675293,15.438024691434077,16.01771354675293,2200,0.0,0.0
2022-12-08 00:00:00-05:00,15.735495070999244,16.696557998657227,15.735495070999244,16.696557998657227,600,0.0,0.0
2022-12-09 00:00:00-05:00,16.170264432126398,16.444852828979492,15.788890284716123,16.444852828979492,2800,0.0,0.0
2022-12-12 00:00:00-05:00,15.82702514761115,16.58214569091797,15.82702514761115,16.58214569091797,1300,0.0,0.0
2022-12-13 00:00:00-05:00,15.994831148335624,16.067293167114258,15.994831148335624,16.067293167114258,400,0.0,0.0
2022-12-14 00:00:00-05:00,16.0634765625,16.0634765625,16.0634765625,16.0634765625,100,0.0,0.0
2022-12-15 00:00:00-05:00,15.544808179633534,15.727869033813477,15.544808179633534,15.727869033813477,800,0.0,0.0
2022-12-16 00:00:00-05:00,15.560062608831613,16.01771180861451,15.560062608831613,16.01008415222168,1000,0.0,0.0
2022-12-19 00:00:00-05:00,15.628708543892458,15.796512603759766,15.40751234928676,15.796512603759766,1800,0.0,0.0
2022-12-20 00:00:00-05:00,15.346494772949644,15.750750397049263,15.346494772949644,15.407514572143555,2100,0.0,0.0
2022-12-21 00:00:00-05:00,15.617272528503241,15.865928649902342,15.617272528503241,15.865928649902344,700,0.0,0.0
2022-12-22 00:00:00-05:00,15.865928649902342,15.865928649902342,15.865928649902342,15.865928649902344,100,0.0,0.0
2022-12-23 00:00:00-05:00,15.78888736179127,15.78888736179127,15.689729287118208,15.773632049560547,700,0.0,0.0
2022-12-27 00:00:00-05:00,15.293100257442987,15.560062408447266,15.293100257442987,15.560062408447266,400,0.0,0.0
2022-12-28 00:00:00-05:00,15.36861360430391,15.862874984741211,15.36861360430391,15.862874984741211,800,0.0,0.0
2022-12-29 00:00:00-05:00,15.483788955080389,15.69964743228899,15.483788955080389,15.63633918762207,900,0.0,0.0
2022-12-30 00:00:00-05:00,15.59820235690007,15.63633918762207,15.59820235690007,15.63633918762207,200,0.0,0.0
2023-01-03 00:00:00-05:00,15.63633918762207,15.63633918762207,15.63633918762207,15.63633918762207,0,0.0,0.0
2023-01-04 00:00:00-05:00,15.918556681376131,15.93381054076883,15.63633918762207,15.63633918762207,1500,0.0,0.0
2023-01-05 00:00:00-05:00,15.63633918762207,15.63633918762207,15.63633918762207,15.63633918762207,0,0.0,0.0
2023-01-06 00:00:00-05:00,15.674477406606753,15.979577898712366,15.674477406606753,15.68210506439209,2000,0.0,0.0
2023-01-09 00:00:00-05:00,15.827024459838867,15.827024459838867,15.827024459838867,15.827024459838867,300,0.0,0.0
2023-01-10 00:00:00-05:00,15.63634062176893,15.994831809847387,15.63634062176893,15.777448654174805,1200,0.0,0.0
2023-01-11 00:00:00-05:00,15.788886701072213,16.177886962890625,15.788886701072213,16.177886962890625,2800,0.0,0.0
2023-01-12 00:00:00-05:00,16.284675637636308,16.62791148164895,16.284675637636308,16.544010162353516,2400,0.0,0.0
2023-01-13 00:00:00-05:00,16.208404541015625,16.208404541015625,16.208404541015625,16.208404541015625,400,0.0,0.0
2023-01-17 00:00:00-05:00,16.208404541015625,16.208404541015625,16.208404541015625,16.208404541015625,0,0.0,0.0
2023-01-18 00:00:00-05:00,16.444854481564438,16.78046417236328,15.868980101227697,16.78046417236328,86600,0.0,0.0
2023-01-19 00:00:00-05:00,16.116868330031345,16.27704620361328,16.116868330031345,16.27704620361328,900,0.0,0.0
2023-01-20 00:00:00-05:00,16.56384332915959,16.66605220448701,16.02229268383354,16.261795043945312,1800,0.0,0.0
2023-01-23 00:00:00-05:00,16.391456604003906,16.391456604003906,16.391456604003906,16.391456604003906,300,0.0,0.0
2023-01-24 00:00:00-05:00,17.245738808117245,19.24413845593257,17.245738808117245,18.603429794311523,20300,0.0,0.0
2023-01-25 00:00:00-05:00,19.068708087453334,19.244139852699433,18.351724256013537,19.21363067626953,7200,0.0,0.0
2023-01-26 00:00:00-05:00,19.251766204833984,19.251766204833984,19.221257030473257,19.251766204833984,3100,0.0,0.0
2023-01-27 00:00:00-05:00,19.251766204833984,19.251766204833984,19.251766204833984,19.251766204833984,0,0.0,0.0
2023-01-30 00:00:00-05:00,19.144979035911696,19.213626486443054,19.099214553833008,19.099214553833008,900,0.0,0.0
2023-01-31 00:00:00-05:00,19.434825557034106,19.45008087158203,19.434825557034106,19.45008087158203,500,0.0,0.0
2023-02-01 00:00:00-05:00,19.45008087158203,19.45008087158203,19.45008087158203,19.45008087158203,0,0.0,0.0
2023-02-02 00:00:00-05:00,19.350923538208008,19.350923538208008,19.350923538208008,19.350923538208008,300,0.0,0.0
2023-02-03 00:00:00-05:00,19.640767532793088,19.640767532793088,19.07633399963379,19.07633399963379,400,0.0,0.0
2023-02-06 00:00:00-05:00,19.286855575536777,19.286855575536777,19.11447456454921,19.14498519897461,600,0.0,0.0
2023-02-07 00:00:00-05:00,19.14498519897461,19.14498519897461,19.14498519897461,19.14498519897461,1400,0.0,0.0
2023-02-08 00:00:00-05:00,19.14498519897461,19.14498519897461,19.14498519897461,19.14498519897461,0,0.0,0.0
2023-02-09 00:00:00-05:00,19.14498519897461,19.14498519897461,19.14498519897461,19.14498519897461,0,0.0,0.0
2023-02-10 00:00:00-05:00,19.14498519897461,19.14498519897461,19.14498519897461,19.14498519897461,500,0.0,0.0
2023-02-13 00:00:00-05:00,19.373802185058594,19.373802185058594,19.373802185058594,19.373802185058594,900,0.0,0.0
2023-02-14 00:00:00-05:00,19.373802185058594,19.373802185058594,19.373802185058594,19.373802185058594,0,0.0,0.0
2023-02-15 00:00:00-05:00,19.297529220581055,19.297529220581055,18.763606344000504,19.297529220581055,1700,0.0,0.0
2023-02-16 00:00:00-05:00,18.9924302261312,19.297529220581055,18.878018285065853,19.297529220581055,1300,0.0,0.0
2023-02-17 00:00:00-05:00,19.45008026602454,19.45008026602454,19.411943435668945,19.411943435668945,400,0.0,0.0
2023-02-21 00:00:00-05:00,19.06870460510254,19.06870460510254,17.849069548604746,19.06870460510254,2200,0.0,0.0
2023-02-22 00:00:00-05:00,18.973360713870477,19.35092169784812,18.973360713870477,19.28227424621582,1600,0.0,0.0
2023-02-23 00:00:00-05:00,19.06870473729502,19.25939178466797,19.06870473729502,19.25939178466797,900,0.0,0.0
2023-02-24 00:00:00-05:00,19.14497971448829,19.14497971448829,18.34409324817796,19.06870460510254,2100,0.0,0.0
2023-02-27 00:00:00-05:00,19.459293365478516,19.459293365478516,19.42038944989421,19.459293365478516,3600,0.492,0.0
2023-02-28 00:00:00-05:00,19.459291672881758,19.459291672881758,19.218093353369383,19.435949325561523,2000,0.0,0.0
2023-03-01 00:00:00-05:00,19.179191109402066,19.459293365478516,19.140288677850396,19.459293365478516,2000,0.0,0.0
2023-03-02 00:00:00-05:00,19.1480690855656,19.342584207575708,19.023579526201736,19.225873947143555,2100,0.0,0.0
2023-03-03 00:00:00-05:00,19.256996269226075,19.45151138305664,19.256996269226075,19.45151138305664,200,0.0,0.0
2023-03-06 00:00:00-05:00,19.45151138305664,19.45151138305664,19.45151138305664,19.45151138305664,100,0.0,0.0
2023-03-07 00:00:00-05:00,19.37370491027832,19.4515112520932,19.37370491027832,19.37370491027832,1200,0.0,0.0
2023-03-08 00:00:00-05:00,19.264777988876617,19.36592520001386,19.218094774815786,19.303680419921875,2800,0.0,0.0
2023-03-09 00:00:00-05:00,19.14806803588823,19.33480236469744,19.14806803588823,19.179189682006836,1100,0.0,0.0
2023-03-10 00:00:00-05:00,18.69679327564576,19.45151138305664,17.84170411103871,19.45151138305664,1800,0.0,0.0
2023-03-13 00:00:00-04:00,18.68123335526898,19.179191615630437,18.68123335526898,19.062482833862305,2500,0.0,0.0
2023-03-14 00:00:00-04:00,19.062482833862305,19.062482833862305,19.062482833862305,19.062482833862305,0,0.0,0.0
2023-03-15 00:00:00-04:00,18.157598361540888,19.062482833862305,18.157598361540888,19.062482833862305,1700,0.0,0.0
2023-03-16 00:00:00-04:00,19.054697743125608,19.06403527461456,18.31554130299585,18.930208206176758,1300,0.0,0.0
2023-03-17 00:00:00-04:00,18.40113104759627,18.673452527089523,18.40113104759627,18.634550094604492,700,0.0,0.0
2023-03-20 00:00:00-04:00,18.61120949641372,18.67345428466797,18.61120949641372,18.67345428466797,400,0.0,0.0
2023-03-21 00:00:00-04:00,18.634550094604492,18.634550094604492,18.634550094604492,18.634550094604492,300,0.0,0.0
2023-03-22 00:00:00-04:00,18.743478775024414,18.743478775024414,18.673453206776383,18.743478775024414,2400,0.0,0.0
2023-03-23 00:00:00-04:00,18.743478775024414,18.743478775024414,18.743478775024414,18.743478775024414,800,0.0,0.0
2023-03-24 00:00:00-04:00,18.743478775024414,18.743478775024414,18.743478775024414,18.743478775024414,0,0.0,0.0
2023-03-27 00:00:00-04:00,18.556745529174805,18.556745529174805,18.556745529174805,18.556745529174805,300,0.0,0.0
2023-03-28 00:00:00-04:00,18.440034568462018,18.517839431762695,18.40113065277904,18.517839431762695,2000,0.0,0.0
2023-03-29 00:00:00-04:00,18.517839431762695,18.517839431762695,18.517839431762695,18.517839431762695,700,0.0,0.0
2023-03-30 00:00:00-04:00,19.01580017144614,19.01580017144614,18.54896354675293,18.54896354675293,300,0.0,0.0
2023-03-31 00:00:00-04:00,18.704578399658203,18.704578399658203,18.704578399658203,18.704578399658203,500,0.0,0.0
2023-04-03 00:00:00-04:00,19.015798568725586,19.015798568725586,19.015798568725586,19.015798568725586,100,0.0,0.0
2023-04-04 00:00:00-04:00,19.00801873660332,19.00801873660332,18.86796760559082,18.86796760559082,300,0.0,0.0
2023-04-05 00:00:00-04:00,18.712355301118432,18.712355301118432,18.689014434814453,18.689014434814453,3000,0.0,0.0
2023-04-06 00:00:00-04:00,18.689014434814453,18.689014434814453,18.689014434814453,18.689014434814453,0,0.0,0.0
2023-04-10 00:00:00-04:00,18.689014434814453,18.689014434814453,18.689014434814453,18.689014434814453,0,0.0,0.0
2023-04-11 00:00:00-04:00,18.774599741970217,18.774599741970217,18.595646178086785,18.634550094604492,1100,0.0,0.0
2023-04-12 00:00:00-04:00,18.673452527089523,18.673452527089523,18.634550094604492,18.634550094604492,1000,0.0,0.0
2023-04-13 00:00:00-04:00,18.634550094604492,18.634550094604492,18.634550094604492,18.634550094604492,0,0.0,0.0
2023-04-14 00:00:00-04:00,18.47893714904785,18.47893714904785,18.47893714904785,18.47893714904785,300,0.0,0.0
2023-04-17 00:00:00-04:00,18.47893714904785,18.47893714904785,18.47893714904785,18.47893714904785,0,0.0,0.0
2023-04-18 00:00:00-04:00,18.47893714904785,18.47893714904785,18.47893714904785,18.47893714904785,0,0.0,0.0
2023-04-19 00:00:00-04:00,18.47893714904785,18.47893714904785,18.47893714904785,18.47893714904785,0,0.0,0.0
2023-04-20 00:00:00-04:00,18.67345428466797,18.67345428466797,18.63455184852137,18.67345428466797,800,0.0,0.0
2023-04-21 00:00:00-04:00,18.67345428466797,18.67345428466797,18.67345428466797,18.67345428466797,0,0.0,0.0
2023-04-24 00:00:00-04:00,18.67345428466797,18.67345428466797,18.67345428466797,18.67345428466797,0,0.0,0.0
2023-04-25 00:00:00-04:00,18.67345428466797,18.67345428466797,18.67345428466797,18.67345428466797,0,0.0,0.0
2023-04-26 00:00:00-04:00,18.67345428466797,18.67345428466797,18.67345428466797,18.67345428466797,0,0.0,0.0
2023-04-27 00:00:00-04:00,18.95899758294605,19.023576736450195,18.95899758294605,19.023576736450195,800,0.0,0.0
2023-04-28 00:00:00-04:00,18.984672827333753,19.023576736450195,18.984672827333753,19.023576736450195,600,0.0,0.0
2023-05-01 00:00:00-04:00,19.023576736450195,19.023576736450195,19.023576736450195,19.023576736450195,0,0.0,0.0
2023-05-02 00:00:00-04:00,19.023576736450195,19.023576736450195,19.023576736450195,19.023576736450195,300,0.0,0.0
2023-05-03 00:00:00-04:00,18.56452306873146,19.00023651123047,18.56452306873146,19.00023651123047,400,0.0,0.0
2023-05-04 00:00:00-04:00,18.611209533501704,18.611209533501704,18.44003673646962,18.556745529174805,1900,0.0,0.0
2023-05-05 00:00:00-04:00,18.556745529174805,18.556745529174805,18.556745529174805,18.556745529174805,0,0.0,0.0
2023-05-08 00:00:00-04:00,18.47893714904785,18.47893714904785,18.47893714904785,18.47893714904785,200,0.0,0.0
2023-05-09 00:00:00-04:00,18.47893714904785,18.47893714904785,18.47893714904785,18.47893714904785,0,0.0,0.0
2023-05-10 00:00:00-04:00,18.47893714904785,18.47893714904785,18.47893714904785,18.47893714904785,0,0.0,0.0
2023-05-11 00:00:00-04:00,18.494497928229197,18.53651237487793,18.494497928229197,18.53651237487793,200,0.0,0.0
2023-05-12 00:00:00-04:00,18.517839363799652,18.517839363799652,18.44003450078453,18.50227928161621,1700,0.0,0.0
2023-05-15 00:00:00-04:00,18.50227928161621,18.50227928161621,18.50227928161621,18.50227928161621,0,0.0,0.0
2023-05-16 00:00:00-04:00,18.50227928161621,18.50227928161621,18.50227928161621,18.50227928161621,0,0.0,0.0
2023-05-17 00:00:00-04:00,18.50227928161621,18.50227928161621,18.50227928161621,18.50227928161621,0,0.0,0.0
2023-05-18 00:00:00-04:00,18.50227928161621,18.50227928161621,18.50227928161621,18.50227928161621,0,0.0,0.0
2023-05-19 00:00:00-04:00,18.40113067626953,18.40113067626953,18.40113067626953,18.40113067626953,800,0.0,0.0
2023-05-22 00:00:00-04:00,18.40113067626953,18.40113067626953,18.40113067626953,18.40113067626953,0,0.0,0.0
2023-05-23 00:00:00-04:00,18.67345428466797,18.67345428466797,18.67345428466797,18.67345428466797,200,0.0,0.0
2023-05-24 00:00:00-04:00,18.40891145941606,18.40891145941606,18.40113067626953,18.40113067626953,700,0.0,0.0
2023-05-25 00:00:00-04:00,18.40113067626953,18.40113067626953,18.40113067626953,18.40113067626953,0,0.0,0.0
2023-05-26 00:00:00-04:00,18.40113067626953,18.40113067626953,18.40113067626953,18.40113067626953,0,0.0,0.0
2023-05-30 00:00:00-04:00,18.834976865520005,19.070175318590064,18.834976865520005,19.054283142089844,800,0.492,0.0
2023-05-31 00:00:00-04:00,18.259694860638213,18.861995697021484,18.243802682086752,18.861995697021484,700,0.0,0.0
2023-06-01 00:00:00-04:00,18.919204413606515,18.95098876953125,18.919204413606515,18.95098876953125,700,0.0,0.0
2023-06-02 00:00:00-04:00,19.07017707824707,19.125798185568783,19.07017707824707,19.07017707824707,1600,0.0,0.0
2023-06-05 00:00:00-04:00,19.062231830277817,19.062231830277817,19.022502899169922,19.022502899169922,500,0.0,0.0
2023-06-06 00:00:00-04:00,19.022502899169922,19.022502899169922,19.022502899169922,19.022502899169922,0,0.0,0.0
2023-06-07 00:00:00-04:00,19.268823296132712,19.666118621826172,19.268823296132712,19.666118621826172,6900,0.0,0.0
2023-06-08 00:00:00-04:00,19.666118621826172,19.666118621826172,19.666118621826172,19.666118621826172,0,0.0,0.0
2023-06-09 00:00:00-04:00,19.666118621826172,19.666118621826172,19.666118621826172,19.666118621826172,100,0.0,0.0
2023-06-12 00:00:00-04:00,19.666118621826172,19.666118621826172,19.666118621826172,19.666118621826172,0,0.0,0.0
2023-06-13 00:00:00-04:00,19.825038211860136,19.825038211860136,19.737632751464844,19.737632751464844,500,0.0,0.0
2023-06-14 00:00:00-04:00,19.05428345652351,19.666118621826172,19.05428345652351,19.666118621826172,1400,0.0,0.0
2023-06-15 00:00:00-04:00,19.666118621826172,19.666118621826172,19.666118621826172,19.666118621826172,0,0.0,0.0
2023-06-16 00:00:00-04:00,19.46747172384478,19.74557876586914,19.268824053193306,19.74557876586914,900,0.0,0.0
2023-06-20 00:00:00-04:00,19.65817337979289,19.819476101309945,19.65817337979289,19.737632751464844,2400,0.0,0.0
2023-06-21 00:00:00-04:00,19.737632751464844,19.737632751464844,19.737632751464844,19.737632751464844,0,0.0,0.0
2023-06-22 00:00:00-04:00,19.737632751464844,19.737632751464844,19.737632751464844,19.737632751464844,0,0.0,0.0
2023-06-23 00:00:00-04:00,19.268821570887116,19.658170773338725,19.268821570887116,19.650224685668945,2500,0.0,0.0
2023-06-26 00:00:00-04:00,19.205254191221766,19.626387740101332,19.189362016042633,19.4277400970459,3400,0.0,0.0
2023-06-27 00:00:00-04:00,19.5072026904637,19.5072026904637,19.49131202697754,19.49131202697754,1000,0.0,0.0
2023-06-28 00:00:00-04:00,19.626392364501953,19.626392364501953,19.626392364501953,19.626392364501953,400,0.0,0.0
2023-06-29 00:00:00-04:00,19.65233149091955,20.065808951854706,18.201108132449917,19.457754135131836,7200,0.492,0.0
2023-06-30 00:00:00-04:00,19.56315149196033,20.009059327975624,18.711875285765647,19.700977325439453,1200,0.0,0.0
2023-07-03 00:00:00-04:00,19.700977325439453,19.700977325439453,19.700977325439453,19.700977325439453,0,0.0,0.0
2023-07-05 00:00:00-04:00,19.700977325439453,19.700977325439453,19.700977325439453,19.700977325439453,0,0.0,0.0
2023-07-06 00:00:00-04:00,19.700977325439453,19.700977325439453,19.700977325439453,19.700977325439453,0,0.0,0.0
2023-07-07 00:00:00-04:00,19.700977325439453,19.700977325439453,19.700977325439453,19.700977325439453,200,0.0,0.0
2023-07-10 00:00:00-04:00,19.457758452092556,19.705034379839425,19.457758452092556,19.498294830322266,2200,0.0,0.0
2023-07-11 00:00:00-04:00,19.765836715698242,19.765836715698242,19.765836715698242,19.765836715698242,100,0.0,0.0
2023-07-12 00:00:00-04:00,18.752411215625603,19.417219161987305,18.647015720215617,19.417219161987305,4700,0.0,0.0
2023-07-13 00:00:00-04:00,19.182106750312148,19.668551020887204,19.173999165393464,19.498294830322266,5200,0.0,0.0
2023-07-14 00:00:00-04:00,19.101032498373073,19.636120733521967,19.101032498373073,19.465866088867188,1100,0.0,0.0
2023-07-17 00:00:00-04:00,19.56315040588379,19.56315040588379,19.522614035025338,19.56315040588379,1100,0.0,0.0
2023-07-18 00:00:00-04:00,19.56315040588379,19.56315040588379,19.531531912905123,19.56315040588379,3100,0.0,0.0
2023-07-19 00:00:00-04:00,19.85501866403293,19.85501866403293,19.70908524418,19.822589874267578,1100,0.0,0.0
2023-07-20 00:00:00-04:00,19.822589874267578,19.822589874267578,19.822589874267578,19.822589874267578,0,0.0,0.0
2023-07-21 00:00:00-04:00,19.822589874267578,19.822589874267578,19.822589874267578,19.822589874267578,0,0.0,0.0
2023-07-24 00:00:00-04:00,19.660442352294922,19.660442352294922,19.660442352294922,19.660442352294922,400,0.0,0.0
2023-07-25 00:00:00-04:00,19.498292391278426,19.761783455902535,19.498292391278426,19.57936668395996,1200,0.0,0.0
2023-07-26 00:00:00-04:00,19.85502052307129,19.85502052307129,19.85502052307129,19.85502052307129,200,0.0,0.0
2023-07-27 00:00:00-04:00,19.85502052307129,19.85502052307129,19.85502052307129,19.85502052307129,0,0.0,0.0
2023-07-28 00:00:00-04:00,19.8306941986084,19.8306941986084,19.8306941986084,19.8306941986084,100,0.0,0.0
2023-07-31 00:00:00-04:00,19.303714536511002,19.619904115467907,19.303714536511002,19.417219161987305,2300,0.0,0.0
2023-08-01 00:00:00-04:00,19.61990574661334,19.61990574661334,19.47397232055664,19.47397232055664,1500,0.0,0.0
2023-08-02 00:00:00-04:00,19.29560661315918,19.29560661315918,19.29560661315918,19.29560661315918,200,0.0,0.0
2023-08-03 00:00:00-04:00,19.271287080296798,19.619905471801758,19.271287080296798,19.619905471801758,4800,0.0,0.0
2023-08-04 00:00:00-04:00,19.384789071738663,19.814481735229492,19.376681487933535,19.814481735229492,1200,0.0,0.0
2023-08-07 00:00:00-04:00,19.653957986579055,19.653957986579055,19.498294830322266,19.498294830322266,300,0.0,0.0
2023-08-08 00:00:00-04:00,19.498290112740712,19.632062911987305,19.33614309268939,19.632062911987305,2600,0.0,0.0
2023-08-09 00:00:00-04:00,19.632062911987305,19.632062911987305,19.632062911987305,19.632062911987305,0,0.0,0.0
2023-08-10 00:00:00-04:00,19.782052993774414,19.782052993774414,19.782052993774414,19.782052993774414,200,0.0,0.0
2023-08-11 00:00:00-04:00,19.782052993774414,19.782052993774414,19.782052993774414,19.782052993774414,200,0.0,0.0
2023-08-14 00:00:00-04:00,19.782052993774414,19.782052993774414,19.782052993774414,19.782052993774414,0,0.0,0.0
2023-08-15 00:00:00-04:00,19.782052993774414,19.782052993774414,19.782052993774414,19.782052993774414,0,0.0,0.0
2023-08-16 00:00:00-04:00,19.725300944779033,19.757731281783464,19.725300944779033,19.74151611328125,400,0.0,0.0
2023-08-17 00:00:00-04:00,19.74151611328125,19.74151611328125,19.74151611328125,19.74151611328125,0,0.0,0.0
2023-08-18 00:00:00-04:00,19.376681725437884,19.57936668395996,19.376681725437884,19.57936668395996,800,0.0,0.0
2023-08-21 00:00:00-04:00,19.57936668395996,19.57936668395996,19.57936668395996,19.57936668395996,100,0.0,0.0
2023-08-22 00:00:00-04:00,19.733408529030143,19.74151611328125,19.700978192025712,19.74151611328125,1000,0.0,0.0
2023-08-23 00:00:00-04:00,19.741517477440016,19.741517477440016,19.384791477559066,19.433435440063477,1100,0.0,0.0
2023-08-24 00:00:00-04:00,19.433435440063477,19.433435440063477,19.433435440063477,19.433435440063477,0,0.0,0.0
2023-08-25 00:00:00-04:00,19.433435440063477,19.433435440063477,19.433435440063477,19.433435440063477,0,0.0,0.0
2023-08-28 00:00:00-04:00,19.222639083862305,19.222639083862305,19.222639083862305,19.222639083862305,400,0.0,0.0
2023-08-29 00:00:00-04:00,19.700977325439453,19.700977325439453,19.700977325439453,19.700977325439453,100,0.0,0.0
2023-08-30 00:00:00-04:00,20.23223114013672,20.23223114013672,20.23223114013672,20.23223114013672,100,0.492,0.0
2023-08-31 00:00:00-04:00,19.714218139648438,19.714218139648438,19.714218139648438,19.714218139648438,100,0.0,0.0
2023-09-01 00:00:00-04:00,19.611608505249023,19.797793393295162,19.611608505249023,19.611608505249023,3700,0.0,0.0
2023-09-05 00:00:00-04:00,19.611608505249023,19.611608505249023,19.611608505249023,19.611608505249023,0,0.0,0.0
2023-09-06 00:00:00-04:00,19.570234163751532,19.570234163751532,19.528860092163086,19.528860092163086,200,0.0,0.0
2023-09-07 00:00:00-04:00,19.363361358642578,19.38239431612964,19.363361358642578,19.363361358642578,5000,0.0,0.0
2023-09-08 00:00:00-04:00,19.36336082188111,19.578509468363304,18.82548999483546,19.222686767578125,5200,0.0,0.0
2023-09-11 00:00:00-04:00,19.446109771728516,19.446109771728516,19.446109771728516,19.446109771728516,1500,0.0,0.0
2023-09-12 00:00:00-04:00,19.446110394627635,19.818483352661133,19.446110394627635,19.818483352661133,1100,0.0,0.0
2023-09-13 00:00:00-04:00,19.818483352661133,19.818483352661133,19.818483352661133,19.818483352661133,1000,0.0,0.0
2023-09-14 00:00:00-04:00,19.85985565185547,19.85985565185547,19.85985565185547,19.85985565185547,1000,0.0,0.0
2023-09-15 00:00:00-04:00,19.084495544433594,19.084495544433594,19.084495544433594,19.084495544433594,600,0.0,0.0
2023-09-18 00:00:00-04:00,19.084495544433594,19.084495544433594,19.084495544433594,19.084495544433594,0,0.0,0.0
2023-09-19 00:00:00-04:00,19.084495544433594,19.084495544433594,19.084495544433594,19.084495544433594,100,0.0,0.0
2023-09-20 00:00:00-04:00,19.528860092163086,19.528860092163086,19.528860092163086,19.528860092163086,1200,0.0,0.0
2023-09-21 00:00:00-04:00,19.487483978271484,19.487483978271484,19.487483978271484,19.487483978271484,2000,0.0,0.0
2023-09-22 00:00:00-04:00,18.94961195214819,19.85985565185547,18.94961195214819,19.85985565185547,800,0.0,0.0
2023-09-25 00:00:00-04:00,19.85985565185547,19.85985565185547,19.85985565185547,19.85985565185547,0,0.0,0.0
2023-09-26 00:00:00-04:00,19.85985565185547,19.85985565185547,19.85985565185547,19.85985565185547,0,0.0,0.0
2023-09-27 00:00:00-04:00,19.048913014762256,19.446109771728516,18.825489247098883,19.446109771728516,800,0.0,0.0
2023-09-28 00:00:00-04:00,19.446109771728516,19.446109771728516,19.446109771728516,19.446109771728516,0,0.0,0.0
2023-09-29 00:00:00-04:00,18.842039903734193,18.908239364624023,18.825489643931824,18.908239364624023,600,0.0,0.0
2023-10-02 00:00:00-04:00,19.20530971648489,19.20530971648489,18.527591865875856,18.990989685058594,4500,0.0,0.0
2023-10-03 00:00:00-04:00,19.11511255952404,19.3881855284464,18.70219258073915,19.040637969970703,3800,0.0,0.0
2023-10-04 00:00:00-04:00,19.086147932426957,19.086147932426957,19.00091552734375,19.00091552734375,1300,0.0,0.0
2023-10-05 00:00:00-04:00,18.974438961047873,18.974438961047873,18.618616264353527,18.949613571166992,1900,0.0,0.0
2023-10-06 00:00:00-04:00,18.949613571166992,18.949613571166992,18.949613571166992,18.949613571166992,0,0.0,0.0
2023-10-09 00:00:00-04:00,18.411742750305155,18.949613571166992,18.411742750305155,18.949613571166992,300,0.0,0.0
2023-10-10 00:00:00-04:00,18.949613462693286,19.19786262512207,18.949613462693286,19.19786262512207,1500,0.0,0.0
2023-10-11 00:00:00-04:00,19.123388893661613,19.363361358642578,19.11511376337679,19.363361358642578,2000,0.0,0.0
2023-10-12 00:00:00-04:00,19.363359268315158,19.363359268315158,19.03236198425293,19.03236198425293,800,0.0,0.0
2023-10-13 00:00:00-04:00,19.131662368774414,19.131662368774414,19.131662368774414,19.131662368774414,200,0.0,0.0
2023-10-16 00:00:00-04:00,18.971956253051758,18.971956253051758,18.971956253051758,18.971956253051758,200,0.0,0.0
2023-10-17 00:00:00-04:00,18.97443962097168,18.97443962097168,18.97443962097168,18.97443962097168,300,0.0,0.0
2023-10-18 00:00:00-04:00,18.89996337890625,18.89996337890625,18.89996337890625,18.89996337890625,100,0.0,0.0
2023-10-19 00:00:00-04:00,18.403467327818333,18.70136568837513,18.403467327818333,18.577241897583008,2400,0.0,0.0
2023-10-20 00:00:00-04:00,18.577241897583008,18.577241897583008,18.577241897583008,18.577241897583008,0,0.0,0.0
2023-10-23 00:00:00-04:00,18.436569149922263,18.49449348449707,18.436569149922263,18.49449348449707,600,0.0,0.0
2023-10-24 00:00:00-04:00,18.49449348449707,18.49449348449707,18.49449348449707,18.49449348449707,0,0.0,0.0
2023-10-25 00:00:00-04:00,18.49449348449707,18.49449348449707,18.49449348449707,18.49449348449707,0,0.0,0.0
2023-10-26 00:00:00-04:00,18.49449348449707,18.49449348449707,18.49449348449707,18.49449348449707,0,0.0,0.0
2023-10-27 00:00:00-04:00,18.49449348449707,18.49449348449707,18.49449348449707,18.49449348449707,0,0.0,0.0
2023-10-30 00:00:00-04:00,18.49449348449707,18.49449348449707,18.49449348449707,18.49449348449707,0,0.0,0.0
2023-10-31 00:00:00-04:00,19.03236198425293,19.03236198425293,19.03236198425293,19.03236198425293,400,0.0,0.0
2023-11-01 00:00:00-04:00,19.02408816248998,19.404736249065206,18.237969756097957,18.949613571166992,1000,0.0,0.0
2023-11-02 00:00:00-04:00,18.709640502929688,18.709640502929688,18.709640502929688,18.709640502929688,100,0.0,0.0
2023-11-03 00:00:00-04:00,19.19786262512207,19.19786262512207,19.19786262512207,19.19786262512207,300,0.0,0.0
2023-11-06 00:00:00-05:00,19.19786262512207,19.19786262512207,19.19786262512207,19.19786262512207,100,0.0,0.0
2023-11-07 00:00:00-05:00,19.396460435516893,19.404735565185547,19.338536106155917,19.404735565185547,1700,0.0,0.0
2023-11-08 00:00:00-05:00,19.164760146982825,19.25578498840332,19.164760146982825,19.25578498840332,600,0.0,0.0
2023-11-09 00:00:00-05:00,18.866865158081055,18.866865158081055,18.759291617777578,18.866865158081055,800,0.0,0.0
2023-11-10 00:00:00-05:00,18.866865158081055,18.866865158081055,18.866865158081055,18.866865158081055,0,0.0,0.0
2023-11-13 00:00:00-05:00,17.62562370300293,17.62562370300293,17.62562370300293,17.62562370300293,500,0.0,0.0
2023-11-14 00:00:00-05:00,18.86686232711409,18.86686232711409,18.064193725585938,18.064193725585938,500,0.0,0.0
2023-11-15 00:00:00-05:00,18.163494110107422,18.163494110107422,18.163494110107422,18.163494110107422,400,0.0,0.0
2023-11-16 00:00:00-05:00,18.618616104125977,18.618616104125977,18.618616104125977,18.618616104125977,500,0.0,0.0
2023-11-17 00:00:00-05:00,18.618616104125977,18.618616104125977,18.618616104125977,18.618616104125977,0,0.0,0.0
2023-11-20 00:00:00-05:00,18.618616104125977,18.618616104125977,18.618616104125977,18.618616104125977,0,0.0,0.0
2023-11-21 00:00:00-05:00,18.618617274544455,18.618617274544455,18.12212049822599,18.204870223999023,3500,0.0,0.0
2023-11-22 00:00:00-05:00,18.12211819084021,18.24624197453592,18.105567932128906,18.105567932128906,1700,0.0,0.0
2023-11-24 00:00:00-05:00,18.204868502236618,18.204868502236618,18.008752822875977,18.008752822875977,800,0.0,0.0
2023-11-27 00:00:00-05:00,18.008752822875977,18.008752822875977,18.008752822875977,18.008752822875977,100,0.0,0.0
2023-11-28 00:00:00-05:00,17.675272010201116,17.955791473388672,17.675272010201116,17.955791473388672,300,0.0,0.0
2023-11-29 00:00:00-05:00,17.450320463068785,17.992202758789062,17.450320463068785,17.992202758789062,200,0.492,0.0
2023-11-30 00:00:00-05:00,19.008230837213375,19.008230837213375,17.99220006965813,18.00913429260254,600,0.0,0.0
2023-12-01 00:00:00-05:00,19.037015934157036,19.037015934157036,18.373210906982422,18.373210906982422,1000,0.0,0.0
2023-12-04 00:00:00-05:00,18.373210906982422,18.373210906982422,18.373210906982422,18.373210906982422,0,0.0,0.0
2023-12-05 00:00:00-05:00,18.373210906982422,18.373210906982422,18.373210906982422,18.373210906982422,0,0.0,0.0
2023-12-06 00:00:00-05:00,17.814394368673632,17.814394368673632,17.52651905783465,17.653522491455078,1900,0.0,0.0
2023-12-07 00:00:00-05:00,17.467250715889673,17.946478250589053,16.60362632739108,17.247112274169922,5800,0.0,0.0
2023-12-08 00:00:00-05:00,17.247112274169922,17.247112274169922,17.247112274169922,17.247112274169922,0,0.0,0.0
2023-12-11 00:00:00-05:00,16.93383754564081,17.035441281486754,16.93383754564081,16.976171493530273,800,0.0,0.0
2023-12-12 00:00:00-05:00,17.08115902629429,17.08115902629429,16.764495849609375,16.764495849609375,900,0.0,0.0
2023-12-13 00:00:00-05:00,16.67982607428655,17.035436630249023,16.67982607428655,17.035436630249023,1300,0.0,0.0
2023-12-14 00:00:00-05:00,17.01850668036302,17.441852609650972,16.639188766479492,16.639188766479492,7600,0.0,0.0
2023-12-15 00:00:00-05:00,17.026973724365234,17.026973724365234,17.026973724365234,17.026973724365234,200,0.0,0.0
2023-12-18 00:00:00-05:00,17.06083903944966,17.06083903944966,16.976169538485024,17.018505096435547,700,0.0,0.0
2023-12-19 00:00:00-05:00,17.230177243612523,17.399514622764976,16.696760542688278,16.95923614501953,2400,0.0,0.0
2023-12-20 00:00:00-05:00,16.891502380371094,16.891502380371094,16.891502380371094,16.891502380371094,100,0.0,0.0
2023-12-21 00:00:00-05:00,17.289445877075195,17.289445877075195,17.289445877075195,17.289445877075195,1400,0.0,0.0
2023-12-22 00:00:00-05:00,17.289445877075195,17.289445877075195,17.289445877075195,17.289445877075195,0,0.0,0.0
2023-12-26 00:00:00-05:00,17.209008353103556,17.209008353103556,17.026969519995614,17.035436630249023,1300,0.0,0.0
2023-12-27 00:00:00-05:00,17.39951515197754,18.415545917540538,17.060838768435335,17.39951515197754,3400,0.0,0.0
2023-12-28 00:00:00-05:00,17.78053092956543,17.78053092956543,17.78053092956543,17.78053092956543,200,0.0,0.0
2023-12-29 00:00:00-05:00,17.78053092956543,17.78053092956543,17.78053092956543,17.78053092956543,0,0.0,0.0
2024-01-02 00:00:00-05:00,17.890600172366767,17.890600172366767,17.78053092956543,17.78053092956543,500,0.0,0.0
2024-01-03 00:00:00-05:00,17.78053092956543,17.78053092956543,17.78053092956543,17.78053092956543,0,0.0,0.0
2024-01-04 00:00:00-05:00,17.915996850067064,17.915996850067064,17.492650985717773,17.492650985717773,3000,0.0,0.0
2024-01-05 00:00:00-05:00,16.93383565763148,17.357181549072266,16.93383565763148,17.357181549072266,600,0.0,0.0
2024-01-08 00:00:00-05:00,17.357181549072266,17.357181549072266,17.357181549072266,17.357181549072266,0,0.0,0.0
2024-01-09 00:00:00-05:00,16.97616915355934,17.103174209594727,16.97616915355934,17.103174209594727,400,0.0,0.0
2024-01-10 00:00:00-05:00,17.103174209594727,17.103174209594727,17.103174209594727,17.103174209594727,0,0.0,0.0
2024-01-11 00:00:00-05:00,17.0947072712072,17.0947072712072,16.6628942751512,16.697608947753906,1000,0.0,0.0
2024-01-12 00:00:00-05:00,16.849164962768555,16.849164962768555,16.849164962768555,16.849164962768555,200,0.0,0.0
2024-01-16 00:00:00-05:00,16.764499595518686,16.764499595518686,16.544361114501953,16.544361114501953,1200,0.0,0.0
2024-01-17 00:00:00-05:00,16.087145135011976,16.358932495117188,16.07867802272748,16.358932495117188,1600,0.0,0.0
2024-01-18 00:00:00-05:00,15.668031349708775,16.51049041748047,15.668031349708775,16.51049041748047,1500,0.0,0.0
2024-01-19 00:00:00-05:00,16.51049041748047,16.51049041748047,16.51049041748047,16.51049041748047,0,0.0,0.0
2024-01-22 00:00:00-05:00,15.816204520986249,16.618868381635767,15.816204520986249,16.370786666870117,2000,0.0,0.0
2024-01-23 00:00:00-05:00,16.370786666870117,16.370786666870117,16.370786666870117,16.370786666870117,0,0.0,0.0
2024-01-24 00:00:00-05:00,16.468158721923828,16.468158721923828,16.468158721923828,16.468158721923828,500,0.0,0.0
2024-01-25 00:00:00-05:00,16.468158721923828,16.468158721923828,16.468158721923828,16.468158721923828,0,0.0,0.0
2024-01-26 00:00:00-05:00,16.468158721923828,16.468158721923828,16.468158721923828,16.468158721923828,0,0.0,0.0
2024-01-29 00:00:00-05:00,16.46815686510616,16.51049081095451,16.42582130432129,16.42582130432129,10000,0.0,0.0
2024-01-30 00:00:00-05:00,16.42582130432129,16.42582130432129,16.42582130432129,16.42582130432129,0,0.0,0.0
2024-01-31 00:00:00-05:00,16.375022888183594,16.39195711522963,16.366555774660576,16.375022888183594,36600,0.0,0.0
2024-02-01 00:00:00-05:00,17.044751742384438,17.763592197954722,16.163345336914062,16.163345336914062,5100,0.0,0.0
2024-02-02 00:00:00-05:00,16.08714485168457,16.08714485168457,16.08714485168457,16.08714485168457,200,0.0,0.0
2024-02-05 00:00:00-05:00,16.095611963819945,16.303050558858796,16.08714485168457,16.08714485168457,4000,0.0,0.0
2024-02-06 00:00:00-05:00,16.50202254655842,16.510489658124186,15.949132919311523,15.949132919311523,2100,0.0,0.0
2024-02-07 00:00:00-05:00,16.264102935791016,16.264102935791016,16.264102935791016,16.264102935791016,100,0.0,0.0
2024-02-08 00:00:00-05:00,15.934739015271806,16.485088348388672,15.934739015271806,16.485088348388672,600,0.0,0.0
2024-02-09 00:00:00-05:00,16.24801905666495,16.493558883666992,16.24801905666495,16.493558883666992,400,0.0,0.0
2024-02-12 00:00:00-05:00,16.41735647857818,16.493558883666992,16.41735647857818,16.493558883666992,300,0.0,0.0
2024-02-13 00:00:00-05:00,16.290351091243775,16.290351091243775,16.087145239900572,16.15488052368164,2800,0.0,0.0
2024-02-14 00:00:00-05:00,16.493556143481413,16.493556143481413,16.17181396484375,16.17181396484375,2400,0.0,0.0
2024-02-15 00:00:00-05:00,16.493556193570093,17.13704216773607,16.386027263105813,16.51049041748047,4700,0.0,0.0
2024-02-16 00:00:00-05:00,16.51049041748047,16.51049041748047,16.51049041748047,16.51049041748047,0,0.0,0.0
2024-02-20 00:00:00-05:00,16.51049041748047,16.51049041748047,16.51049041748047,16.51049041748047,0,0.0,0.0
2024-02-21 00:00:00-05:00,16.25648346920202,16.42582086298209,16.17181396484375,16.17181396484375,1700,0.0,0.0
2024-02-22 00:00:00-05:00,16.25648346920202,16.25648346920202,16.17181396484375,16.17181396484375,600,0.0,0.0
2024-02-23 00:00:00-05:00,16.281882798243654,16.281882798243654,16.25648307800293,16.25648307800293,300,0.0,0.0
2024-02-26 00:00:00-05:00,16.08714641209185,16.129480361938477,16.08714641209185,16.129480361938477,1700,0.0,0.0
2024-02-27 00:00:00-05:00,16.25648307800293,16.25648307800293,16.25648307800293,16.25648307800293,100,0.0,0.0
2024-02-28 00:00:00-05:00,16.47545798237048,16.723981245594914,16.47545798237048,16.684009552001953,1200,0.492,0.0
2024-02-29 00:00:00-05:00,16.675319544433236,16.810007095336914,16.66662975769633,16.810007095336914,1600,0.0,0.0
2024-03-01 00:00:00-05:00,16.7187692152305,17.005525588989258,16.458082205416204,17.005525588989258,400,0.0,0.0
2024-03-04 00:00:00-05:00,16.579738137053553,16.579738137053553,16.510221481323242,16.510221481323242,1100,0.0,0.0
2024-03-05 00:00:00-05:00,17.01421356201172,17.01421356201172,17.01421356201172,17.01421356201172,100,0.0,0.0
2024-03-06 00:00:00-05:00,16.510221481323242,16.510221481323242,16.258222568420983,16.510221481323242,1500,0.0,0.0
2024-03-07 00:00:00-05:00,16.510221481323242,16.510221481323242,16.510221481323242,16.510221481323242,0,0.0,0.0
2024-03-08 00:00:00-05:00,16.510221481323242,16.510221481323242,16.510221481323242,16.510221481323242,0,0.0,0.0
2024-03-11 00:00:00-04:00,16.55366650955561,16.727458953857422,16.55366650955561,16.727458953857422,900,0.0,0.0
2024-03-12 00:00:00-04:00,16.727458953857422,16.727458953857422,16.727458953857422,16.727458953857422,0,0.0,0.0
2024-03-13 00:00:00-04:00,16.961207862968955,16.97945757758772,16.650120751410604,16.953388214111328,1300,0.0,0.0
2024-03-14 00:00:00-04:00,16.953388214111328,16.953388214111328,16.953388214111328,16.953388214111328,0,0.0,0.0
2024-03-15 00:00:00-04:00,16.953388214111328,16.953388214111328,16.953388214111328,16.953388214111328,0,0.0,0.0
2024-03-18 00:00:00-04:00,16.72745962458451,17.00552622069108,16.371186591147012,16.814355850219727,4200,0.0,0.0
2024-03-19 00:00:00-04:00,16.740492943981216,17.005525677875347,16.458082291440864,16.466772079467773,3400,0.0,0.0
2024-03-20 00:00:00-04:00,16.37118487700238,16.645775860517723,16.37118487700238,16.579734802246094,1100,0.0,0.0
2024-03-21 00:00:00-04:00,16.127876340595503,16.829127124327986,16.127876340595503,16.405942916870117,1300,0.0,0.0
2024-03-22 00:00:00-04:00,16.379872661660084,16.379872661660084,16.119184043923752,16.339900970458984,1000,0.0,0.0
2024-03-25 00:00:00-04:00,16.46763801574707,16.46763801574707,16.46763801574707,16.46763801574707,700,0.0,0.0
2024-03-26 00:00:00-04:00,16.379876150092013,16.944699122700502,16.119187476836657,16.39291000366211,1100,0.0,0.0
2024-03-27 00:00:00-04:00,16.51021694952602,16.51021694952602,16.397253036499023,16.397253036499023,1000,0.0,0.0
2024-03-28 00:00:00-04:00,16.501527162768966,16.70573300804135,16.397253036499023,16.397253036499023,1400,0.0,0.0
2024-04-01 00:00:00-04:00,16.38856774814715,16.510221481323242,16.38856774814715,16.510221481323242,800,0.0,0.0
2024-04-02 00:00:00-04:00,16.33642578125,16.33642578125,16.292978501542212,16.33642578125,1000,0.0,0.0
2024-04-03 00:00:00-04:00,16.33642578125,16.33642578125,16.33642578125,16.33642578125,200,0.0,0.0
2024-04-04 00:00:00-04:00,16.145254539183718,16.37379112931646,16.119185178353202,16.20608139038086,700,0.0,0.0
2024-04-05 00:00:00-04:00,16.249531221834424,16.51021821489611,16.249531221834424,16.33642578125,700,0.0,0.0
2024-04-08 00:00:00-04:00,16.538025950347702,16.54497877532348,16.240842819213867,16.240842819213867,1100,0.0,0.0
2024-04-09 00:00:00-04:00,16.510217997233074,16.510217997233074,16.249531007608166,16.292978286743164,4700,0.0,0.0
2024-04-10 00:00:00-04:00,16.500659035358325,16.523251155485525,16.20608139038086,16.20608139038086,2600,0.0,0.0
2024-04-11 00:00:00-04:00,16.20608139038086,16.20608139038086,16.20608139038086,16.20608139038086,0,0.0,0.0
2024-04-12 00:00:00-04:00,16.162633206666214,16.18174974242543,15.749877465737832,16.07573699951172,2600,0.0,0.0
2024-04-15 00:00:00-04:00,16.12787499496294,16.829994201660156,15.841118654929375,16.829994201660156,3000,0.0,0.0
2024-04-16 00:00:00-04:00,16.07573918313025,16.07573918313025,14.902644370717617,15.988842964172363,2700,0.0,0.0
2024-04-17 00:00:00-04:00,15.945395174191422,16.075738669762053,14.902643894811437,15.397950172424316,7600,0.0,0.0
2024-04-18 00:00:00-04:00,15.728156977904211,16.35467529296875,15.728156977904211,16.35467529296875,700,0.0,0.0
2024-04-19 00:00:00-04:00,16.33469095447881,16.33469095447881,15.927149318261492,15.94539737701416,4200,0.0,0.0
2024-04-22 00:00:00-04:00,15.64126200347377,16.188705444335938,15.64126200347377,16.188705444335938,2500,0.0,0.0
2024-04-23 00:00:00-04:00,16.831732076468455,16.831732076468455,16.119184494018555,16.119184494018555,800,0.0,0.0
2024-04-24 00:00:00-04:00,16.010567192871928,16.840422882468292,15.901947329535192,16.727458953857422,8700,0.0,0.0
2024-04-25 00:00:00-04:00,16.796974703076796,16.796974703076796,16.292978630405873,16.59711456298828,1200,0.0,0.0
2024-04-26 00:00:00-04:00,16.631872177124023,16.631872177124023,16.631872177124023,16.631872177124023,200,0.0,0.0
2024-04-29 00:00:00-04:00,16.64925193786621,16.68401108847497,16.64925193786621,16.64925193786621,1300,0.0,0.0
2024-04-30 00:00:00-04:00,16.657941818237305,16.666631605937862,16.657941818237305,16.657941818237305,1000,0.0,0.0
2024-05-01 00:00:00-04:00,16.405942552984058,16.605804350480064,16.405942552984058,16.59711456298828,2400,0.0,0.0
2024-05-02 00:00:00-04:00,16.736147020189033,16.744836807250977,16.432011102650694,16.744836807250977,3000,0.0,0.0
2024-05-03 00:00:00-04:00,16.697044329149506,16.840421676635742,16.697044329149506,16.840421676635742,2200,0.0,0.0
2024-05-06 00:00:00-04:00,17.014214241764538,17.101110458374023,16.979456749565227,17.101110458374023,1600,0.0,0.0
2024-05-07 00:00:00-04:00,16.840420144599136,17.309658673481966,16.744835807439802,16.875179290771484,2500,0.0,0.0
2024-05-08 00:00:00-04:00,16.823044963964175,16.823044963964175,16.727458953857422,16.727458953857422,1700,0.0,0.0
2024-05-09 00:00:00-04:00,16.727458953857422,16.727458953857422,16.727458953857422,16.727458953857422,0,0.0,0.0
2024-05-10 00:00:00-04:00,16.727458953857422,16.727458953857422,16.727458953857422,16.727458953857422,100,0.0,0.0
2024-05-13 00:00:00-04:00,17.057661056518555,17.057661056518555,17.057661056518555,17.057661056518555,500,0.0,0.0
2024-05-14 00:00:00-04:00,17.057661056518555,17.057661056518555,17.057661056518555,17.057661056518555,0,0.0,0.0
2024-05-15 00:00:00-04:00,16.770904588642505,17.03159322948497,16.770904588642505,17.022903442382812,2200,0.0,0.0
2024-05-16 00:00:00-04:00,16.901250374525667,16.901250374525667,16.85780143737793,16.85780143737793,1200,0.0,0.0
2024-05-17 00:00:00-04:00,16.85780143737793,16.85780143737793,16.85780143737793,16.85780143737793,0,0.0,0.0
2024-05-20 00:00:00-04:00,16.85780143737793,16.85780143737793,16.85780143737793,16.85780143737793,0,0.0,0.0
2024-05-21 00:00:00-04:00,16.944697015870815,17.022903442382812,16.944697015870815,17.022903442382812,400,0.0,0.0
2024-05-22 00:00:00-04:00,16.988144387005182,17.031593322753906,16.988144387005182,17.031593322753906,900,0.0,0.0
2024-05-23 00:00:00-04:00,16.85780112871518,16.96381388156261,16.510217924934885,16.8056640625,1700,0.0,0.0
2024-05-24 00:00:00-04:00,16.7795955158665,16.7795955158665,16.53194236755371,16.53194236755371,1100,0.0,0.0
2024-05-28 00:00:00-04:00,17.031593322753906,17.031593322753906,17.031593322753906,17.031593322753906,200,0.0,0.0
2024-05-29 00:00:00-04:00,17.031593322753906,17.031593322753906,17.031593322753906,17.031593322753906,100,0.0,0.0
2024-05-30 00:00:00-04:00,16.814355850219727,17.03159558560394,16.814355850219727,16.814355850219727,1300,0.0,0.0
2024-05-31 00:00:00-04:00,17.25303840637207,17.25303840637207,17.25303840637207,17.25303840637207,0,0.492,0.0
2024-06-03 00:00:00-04:00,17.039043426513672,17.039043426513672,17.039043426513672,17.039043426513672,1500,0.0,0.0
2024-06-04 00:00:00-04:00,17.039043426513672,17.039043426513672,17.039043426513672,17.039043426513672,0,0.0,0.0
2024-06-05 00:00:00-04:00,16.8161357607654,16.842883561878224,16.8161357607654,16.82505226135254,900,0.0,0.0
2024-06-06 00:00:00-04:00,16.807220458984375,16.807220458984375,16.74034755013528,16.807220458984375,1000,0.0,0.0
2024-06-07 00:00:00-04:00,16.58431215856285,16.83396737709188,16.579853057861328,16.579853057861328,2000,0.0,0.0
2024-06-10 00:00:00-04:00,16.686850243445235,16.825053461430628,16.686850243445235,16.807220458984375,1800,0.0,0.0
2024-06-11 00:00:00-04:00,16.81613540649414,16.81613540649414,16.81613540649414,16.81613540649414,400,0.0,0.0
2024-06-12 00:00:00-04:00,16.82505303921257,16.82505303921257,16.330198287963867,16.330198287963867,700,0.0,0.0
2024-06-13 00:00:00-04:00,16.3346575351423,16.5486484813777,16.3346575351423,16.539731979370117,1500,0.0,0.0
2024-06-14 00:00:00-04:00,16.334656098050946,16.833968262005037,16.334656098050946,16.807220458984375,1200,0.0,0.0
2024-06-17 00:00:00-04:00,16.61284434949108,16.619976870010717,16.578962326049805,16.578962326049805,1200,0.0,0.0
2024-06-18 00:00:00-04:00,16.495149612426758,16.495149612426758,16.495149612426758,16.495149612426758,300,0.0,0.0
2024-06-20 00:00:00-04:00,16.495149612426758,16.495149612426758,16.495149612426758,16.495149612426758,0,0.0,0.0
2024-06-21 00:00:00-04:00,16.55756341993755,16.55756341993755,16.495149612426758,16.495149612426758,1900,0.0,0.0
2024-06-24 00:00:00-04:00,16.495149612426758,16.495149612426758,16.495149612426758,16.495149612426758,0,0.0,0.0
2024-06-25 00:00:00-04:00,16.495149612426758,16.495149612426758,16.495149612426758,16.495149612426758,0,0.0,0.0
2024-06-26 00:00:00-04:00,16.495149612426758,16.495149612426758,16.495149612426758,16.495149612426758,0,0.0,0.0
2024-06-27 00:00:00-04:00,16.49514804643055,16.49514804643055,16.4505672454834,16.4505672454834,1900,0.0,0.0
2024-06-28 00:00:00-04:00,16.472857645956974,16.49514804643055,16.4505672454834,16.4505672454834,300,0.0,0.0
2024-07-01 00:00:00-04:00,16.4505672454834,16.4505672454834,16.4505672454834,16.4505672454834,0,0.0,0.0
2024-07-02 00:00:00-04:00,16.32574054005735,16.521900177001953,16.32574054005735,16.521900177001953,600,0.0,0.0
2024-07-03 00:00:00-04:00,16.521900177001953,16.521900177001953,16.521900177001953,16.521900177001953,0,0.0,0.0
2024-07-05 00:00:00-04:00,16.521900177001953,16.521900177001953,16.521900177001953,16.521900177001953,0,0.0,0.0
2024-07-08 00:00:00-04:00,16.2365779876709,16.2365779876709,16.2365779876709,16.2365779876709,600,0.0,0.0
2024-07-09 00:00:00-04:00,16.2365779876709,16.2365779876709,16.2365779876709,16.2365779876709,0,0.0,0.0
2024-07-10 00:00:00-04:00,16.2365779876709,16.2365779876709,16.2365779876709,16.2365779876709,0,0.0,0.0
2024-07-11 00:00:00-04:00,16.31682430853675,16.31682430853675,16.22766269097497,16.27224349975586,2300,0.0,0.0
2024-07-12 00:00:00-04:00,16.316824806444306,16.316824806444306,16.22766318616176,16.2365779876709,600,0.0,0.0
2024-07-15 00:00:00-04:00,16.2365779876709,16.2365779876709,16.2365779876709,16.2365779876709,0,0.0,0.0
2024-07-16 00:00:00-04:00,16.38726157224572,16.38726157224572,16.32573890686035,16.32573890686035,700,0.0,0.0
2024-07-17 00:00:00-04:00,16.495150099529393,16.495150099529393,16.405986785888672,16.405986785888672,600,0.0,0.0
2024-07-18 00:00:00-04:00,16.272243151523742,16.316823959350586,16.272243151523742,16.316823959350586,200,0.0,0.0
2024-07-19 00:00:00-04:00,16.330198287963867,16.330198287963867,16.330198287963867,16.330198287963867,500,0.0,0.0
2024-07-22 00:00:00-04:00,16.330198287963867,16.330198287963867,16.330198287963867,16.330198287963867,0,0.0,0.0
2024-07-23 00:00:00-04:00,16.330198287963867,16.330198287963867,16.330198287963867,16.330198287963867,0,0.0,0.0
2024-07-24 00:00:00-04:00,16.330198287963867,16.330198287963867,16.330198287963867,16.330198287963867,0,0.0,0.0
2024-07-25 00:00:00-04:00,16.4059876684439,16.554889678955078,16.4059876684439,16.554889678955078,600,0.0,0.0
2024-07-26 00:00:00-04:00,16.700223214465343,16.709139715191668,16.62889290930337,16.682390213012695,1000,0.0,0.0
2024-07-29 00:00:00-04:00,16.682390213012695,16.682390213012695,16.682390213012695,16.682390213012695,0,0.0,0.0
2024-07-30 00:00:00-04:00,16.718055725097656,16.718055725097656,16.70913922463311,16.718055725097656,1700,0.0,0.0
2024-07-31 00:00:00-04:00,16.718055725097656,16.718055725097656,16.718055725097656,16.718055725097656,0,0.0,0.0
2024-08-01 00:00:00-04:00,16.37032353400815,16.495151160746705,16.352490530002967,16.379240036010742,3800,0.0,0.0
2024-08-02 00:00:00-04:00,16.833969116210938,16.833969116210938,16.833969116210938,16.833969116210938,200,0.0,0.0
2024-08-05 00:00:00-04:00,16.45056857458403,16.62889349342869,16.33465576171875,16.33465576171875,3100,0.0,0.0
2024-08-06 00:00:00-04:00,16.47731590270996,16.47731590270996,16.47731590270996,16.47731590270996,100,0.0,0.0
2024-08-07 00:00:00-04:00,16.33465576171875,16.33465576171875,16.33465576171875,16.33465576171875,2700,0.0,0.0
2024-08-08 00:00:00-04:00,16.33465576171875,16.33465576171875,16.33465576171875,16.33465576171875,0,0.0,0.0
2024-08-09 00:00:00-04:00,16.33465576171875,16.33465576171875,16.33465576171875,16.33465576171875,0,0.0,0.0
2024-08-12 00:00:00-04:00,16.33465576171875,16.33465576171875,16.33465576171875,16.33465576171875,0,0.0,0.0
2024-08-13 00:00:00-04:00,16.33465576171875,16.33465576171875,16.33465576171875,16.33465576171875,0,0.0,0.0
2024-08-14 00:00:00-04:00,16.33465576171875,16.33465576171875,16.33465576171875,16.33465576171875,0,0.0,0.0
2024-08-15 00:00:00-04:00,16.361407177923052,16.405987987684735,16.361407177923052,16.388154983520508,1300,0.0,0.0
2024-08-16 00:00:00-04:00,16.388154983520508,16.388154983520508,16.388154983520508,16.388154983520508,0,0.0,0.0
2024-08-19 00:00:00-04:00,16.405986785888672,16.405986785888672,16.405986785888672,16.405986785888672,200,0.0,0.0
2024-08-20 00:00:00-04:00,16.405986785888672,16.405986785888672,16.405986785888672,16.405986785888672,0,0.0,0.0
2024-08-21 00:00:00-04:00,16.4059864245564,16.4059864245564,16.334656115344583,16.34357261657715,1600,0.0,0.0
2024-08-22 00:00:00-04:00,16.405986785888672,16.405986785888672,16.405986785888672,16.405986785888672,500,0.0,0.0
2024-08-23 00:00:00-04:00,16.47731590270996,16.47731590270996,16.468399401927112,16.47731590270996,1000,0.0,0.0
2024-08-26 00:00:00-04:00,16.432737350463867,16.432737350463867,16.432737350463867,16.432737350463867,200,0.0,0.0
2024-08-27 00:00:00-04:00,16.5219005299316,16.53081703186035,16.5219005299316,16.53081703186035,400,0.0,0.0
2024-08-28 00:00:00-04:00,16.512981047068827,16.512981047068827,16.4505672454834,16.4505672454834,1200,0.0,0.0
2024-08-29 00:00:00-04:00,16.4505672454834,16.4505672454834,16.4505672454834,16.4505672454834,0,0.0,0.0
2024-08-30 00:00:00-04:00,16.653932465957578,16.653932465957578,16.61728931223996,16.652099609375,3000,0.492,0.0
2024-09-03 00:00:00-04:00,16.652099609375,16.652099609375,16.652099609375,16.652099609375,0,0.0,0.0
2024-09-04 00:00:00-04:00,16.652099609375,16.652099609375,16.652099609375,16.652099609375,0,0.0,0.0
2024-09-05 00:00:00-04:00,16.784013748168945,16.784013748168945,16.784013748168945,16.784013748168945,400,0.0,0.0
2024-09-06 00:00:00-04:00,16.784013748168945,16.784013748168945,16.784013748168945,16.784013748168945,0,0.0,0.0
2024-09-09 00:00:00-04:00,16.784013748168945,16.784013748168945,16.784013748168945,16.784013748168945,0,0.0,0.0
2024-09-10 00:00:00-04:00,16.580649464258013,17.295173556495655,16.443241119384766,16.443241119384766,1800,0.0,0.0
2024-09-11 00:00:00-04:00,16.665842056274414,16.665842056274414,16.665842056274414,16.665842056274414,500,0.0,0.0
2024-09-12 00:00:00-04:00,16.672256469726562,16.983716332697245,16.672256469726562,16.672256469726562,3100,0.0,0.0
2024-09-13 00:00:00-04:00,17.276852478212565,17.276852478212565,17.038677215576172,17.038677215576172,500,0.0,0.0
2024-09-16 00:00:00-04:00,17.099136352539062,17.099136352539062,17.099136352539062,17.099136352539062,200,0.0,0.0
2024-09-17 00:00:00-04:00,17.24937048918375,17.24937048918375,16.49820327758789,16.49820327758789,1000,0.0,0.0
2024-09-18 00:00:00-04:00,16.53484639108259,16.53484639108259,16.443241987823665,16.489044189453125,3000,0.0,0.0
2024-09-19 00:00:00-04:00,16.956233978271484,16.956233978271484,16.956233978271484,16.956233978271484,200,0.0,0.0
2024-09-20 00:00:00-04:00,16.49820327758789,16.589809418640467,16.49820327758789,16.49820327758789,800,0.0,0.0
2024-09-23 00:00:00-04:00,16.628284349045558,16.628284349045558,16.62645149230957,16.62645149230957,1400,0.0,0.0
2024-09-24 00:00:00-04:00,16.62645149230957,16.62645149230957,16.62645149230957,16.62645149230957,0,0.0,0.0
2024-09-25 00:00:00-04:00,16.62645149230957,16.62645149230957,16.62645149230957,16.62645149230957,0,0.0,0.0
2024-09-26 00:00:00-04:00,16.62644939838136,16.892107009887695,16.489041072227796,16.892107009887695,3200,0.0,0.0
2024-09-27 00:00:00-04:00,16.892107009887695,16.892107009887695,16.892107009887695,16.892107009887695,0,0.0,0.0
2024-09-30 00:00:00-04:00,16.489043318595215,16.489043318595215,16.443241119384766,16.443241119384766,900,0.0,0.0
2024-10-01 00:00:00-04:00,16.507364897176153,16.507364897176153,16.443241119384766,16.443241119384766,500,0.0,0.0
2024-10-02 00:00:00-04:00,16.443241119384766,16.443241119384766,16.443241119384766,16.443241119384766,0,0.0,0.0
2024-10-03 00:00:00-04:00,16.809663772583008,16.809663772583008,16.809663772583008,16.809663772583008,500,0.0,0.0
2024-10-04 00:00:00-04:00,16.809663772583008,16.809663772583008,16.809663772583008,16.809663772583008,0,0.0,0.0
2024-10-07 00:00:00-04:00,16.809663772583008,16.809663772583008,16.809663772583008,16.809663772583008,0,0.0,0.0
2024-10-08 00:00:00-04:00,16.809663772583008,16.809663772583008,16.809663772583008,16.809663772583008,300,0.0,0.0
2024-10-09 00:00:00-04:00,16.678668847836395,16.678668847836395,16.672256469726562,16.672256469726562,300,0.0,0.0
2024-10-10 00:00:00-04:00,16.672256469726562,16.672256469726562,16.672256469726562,16.672256469726562,0,0.0,0.0
2024-10-11 00:00:00-04:00,16.672256469726562,16.672256469726562,16.672256469726562,16.672256469726562,0,0.0,0.0
2024-10-14 00:00:00-04:00,16.672256469726562,16.672256469726562,16.672256469726562,16.672256469726562,0,0.0,0.0
2024-10-15 00:00:00-04:00,16.672256469726562,16.672256469726562,16.672256469726562,16.672256469726562,0,0.0,0.0
2024-10-16 00:00:00-04:00,16.672256469726562,16.672256469726562,16.672256469726562,16.672256469726562,0,0.0,0.0
2024-10-17 00:00:00-04:00,16.672256469726562,16.672256469726562,16.672256469726562,16.672256469726562,0,0.0,0.0
2024-10-18 00:00:00-04:00,16.672256469726562,16.672256469726562,16.672256469726562,16.672256469726562,0,0.0,0.0
2024-10-21 00:00:00-04:00,16.04933738708496,16.04933738708496,16.04933738708496,16.04933738708496,600,0.0,0.0
2024-10-22 00:00:00-04:00,16.04933738708496,16.04933738708496,16.04933738708496,16.04933738708496,0,0.0,0.0
2024-10-23 00:00:00-04:00,16.672256469726562,16.672256469726562,16.672256469726562,16.672256469726562,1300,0.0,0.0
2024-10-24 00:00:00-04:00,16.672256469726562,16.672256469726562,16.672256469726562,16.672256469726562,400,0.0,0.0
2024-10-25 00:00:00-04:00,16.62645149230957,16.62645149230957,16.62645149230957,16.62645149230957,400,0.0,0.0
2024-10-28 00:00:00-04:00,16.62645046132514,16.855464935302734,16.62645046132514,16.855464935302734,300,0.0,0.0
2024-10-29 00:00:00-04:00,16.855464935302734,16.855464935302734,16.855464935302734,16.855464935302734,0,0.0,0.0
2024-10-30 00:00:00-04:00,16.763858954810974,16.763858954810974,16.489042282335433,16.58064842224121,1200,0.0,0.0
2024-10-31 00:00:00-04:00,16.580648586404276,16.580648586404276,16.03101348876953,16.03101348876953,1800,0.0,0.0
2024-11-01 00:00:00-04:00,16.443241119384766,16.443241119384766,16.443241119384766,16.443241119384766,500,0.0,0.0
2024-11-04 00:00:00-05:00,16.443241119384766,16.443241119384766,16.443241119384766,16.443241119384766,0,0.0,0.0
2024-11-05 00:00:00-05:00,16.443241119384766,16.443241119384766,16.443241119384766,16.443241119384766,0,0.0,0.0
2024-11-06 00:00:00-05:00,16.443241119384766,16.443241119384766,16.443241119384766,16.443241119384766,0,0.0,0.0
2024-11-07 00:00:00-05:00,16.855465727516474,16.855465727516474,16.498203690437332,16.516525268554688,500,0.0,0.0
2024-11-08 00:00:00-05:00,16.62645082579853,16.62645082579853,16.58980941772461,16.58980941772461,400,0.0,0.0
2024-11-11 00:00:00-05:00,16.58980941772461,16.58980941772461,16.58980941772461,16.58980941772461,0,0.0,0.0
2024-11-12 00:00:00-05:00,16.58980941772461,16.58980941772461,16.58980941772461,16.58980941772461,0,0.0,0.0
2024-11-13 00:00:00-05:00,16.53484535217285,16.53484535217285,16.53484535217285,16.53484535217285,400,0.0,0.0
2024-11-14 00:00:00-05:00,16.53484535217285,16.53484535217285,16.53484535217285,16.53484535217285,0,0.0,0.0
2024-11-15 00:00:00-05:00,16.53484447796487,16.53484447796487,16.03101332936719,16.305830001831055,2000,0.0,0.0
2024-11-18 00:00:00-05:00,16.305830001831055,16.305830001831055,16.305830001831055,16.305830001831055,0,0.0,0.0
2024-11-19 00:00:00-05:00,16.305830001831055,16.305830001831055,16.305830001831055,16.305830001831055,0,0.0,0.0
2024-11-20 00:00:00-05:00,16.16842269897461,16.16842269897461,16.16842269897461,16.16842269897461,700,0.0,0.0
2024-11-21 00:00:00-05:00,16.16842269897461,16.16842269897461,16.16842269897461,16.16842269897461,0,0.0,0.0
2024-11-22 00:00:00-05:00,16.16842269897461,16.16842269897461,16.16842269897461,16.16842269897461,0,0.0,0.0
2024-11-25 00:00:00-05:00,16.507362365722656,16.507362365722656,16.507362365722656,16.507362365722656,200,0.0,0.0
2024-11-26 00:00:00-05:00,16.342473319187828,16.342473319187828,16.03101348876953,16.03101348876953,500,0.0,0.0
2024-11-27 00:00:00-05:00,16.28751017164411,16.305830001831055,16.28751017164411,16.305830001831055,500,0.0,0.0
2024-11-29 00:00:00-05:00,16.27003288269043,16.27003288269043,16.27003288269043,16.27003288269043,100,0.492,0.0
2024-12-02 00:00:00-05:00,16.112703171153143,16.112703171153143,16.016608051058444,16.10987663269043,1100,0.0,0.0
2024-12-03 00:00:00-05:00,16.10987663269043,16.10987663269043,16.10987663269043,16.10987663269043,0,0.0,0.0
2024-12-04 00:00:00-05:00,16.345399856567383,16.345399856567383,16.345399856567383,16.345399856567383,500,0.0,0.0
2024-12-05 00:00:00-05:00,16.345399856567383,16.345399856567383,16.345399856567383,16.345399856567383,0,0.0,0.0
2024-12-06 00:00:00-05:00,16.345399856567383,16.345399856567383,16.345399856567383,16.345399856567383,0,0.0,0.0
2024-12-09 00:00:00-05:00,16.034505910861558,16.29829216003418,16.034505910861558,16.29829216003418,1300,0.0,0.0
2024-12-10 00:00:00-05:00,16.29829216003418,16.29829216003418,16.29829216003418,16.29829216003418,0,0.0,0.0
2024-12-11 00:00:00-05:00,16.015665677786522,16.25119017304809,15.874351340011442,16.145675659179688,3000,0.0,0.0
2024-12-12 00:00:00-05:00,16.109873617238154,16.109873617238154,16.063711023776474,16.100452423095703,400,0.0,0.0
2024-12-13 00:00:00-05:00,14.49888794683684,15.92145518547485,14.49888794683684,15.294960975646973,12500,0.0,0.0
2024-12-16 00:00:00-05:00,15.087698133656597,15.638826370239258,14.790937673951325,15.638826370239258,26100,0.0,0.0
2024-12-17 00:00:00-05:00,15.054725394554284,15.054725394554284,14.272784137555538,15.02269458770752,3000,0.0,0.0
2024-12-18 00:00:00-05:00,15.544616213179314,15.544616213179314,15.064146041870117,15.064146041870117,5200,0.0,0.0
2024-12-19 00:00:00-05:00,14.97935674517025,15.309091380438456,14.97935674517025,15.10183048248291,2100,0.0,0.0
2024-12-20 00:00:00-05:00,15.035882949829102,15.035882949829102,15.035882949829102,15.035882949829102,700,0.0,0.0
2024-12-23 00:00:00-05:00,15.271406815751106,16.01566505432129,15.261987417587507,16.01566505432129,3000,0.0,0.0
2024-12-24 00:00:00-05:00,16.015665539976617,16.015665539976617,15.921455383300781,15.921455383300781,500,0.0,0.0
2024-12-26 00:00:00-05:00,15.921455383300781,15.921455383300781,15.921455383300781,15.921455383300781,0,0.0,0.0
2024-12-27 00:00:00-05:00,16.298294030917525,16.298294030917525,16.034507751464844,16.034507751464844,1200,0.0,0.0
2024-12-30 00:00:00-05:00,16.251189078105597,16.251189078105597,16.204084900990697,16.24176788330078,500,0.0,0.0
2024-12-31 00:00:00-05:00,15.930876258782549,16.138137161780364,15.930876258782549,16.097627639770508,2200,0.0,0.0
2025-01-02 00:00:00-05:00,16.222924695174974,16.251188278198242,16.222924695174974,16.251188278198242,700,0.0,0.0
2025-01-03 00:00:00-05:00,16.260609472539333,16.36895051209823,16.251188278198242,16.251188278198242,1900,0.0,0.0
2025-01-06 00:00:00-05:00,16.486713409423828,16.557371471370736,16.486713409423828,16.486713409423828,4600,0.0,0.0
2025-01-07 00:00:00-05:00,16.486714533013505,16.628028869628906,16.47729333765124,16.628028869628906,4900,0.0,0.0
2025-01-08 00:00:00-05:00,16.628028869628906,16.628028869628906,16.628028869628906,16.628028869628906,0,0.0,0.0
2025-01-10 00:00:00-05:00,16.27003086572025,16.654405896225168,15.122555256442846,16.646869659423828,2600,0.0,0.0
2025-01-13 00:00:00-05:00,15.99211311340332,15.99211311340332,15.99211311340332,15.99211311340332,400,0.0,0.0
2025-01-14 00:00:00-05:00,15.968559348568403,16.29829216003418,15.742454282264651,16.29829216003418,2300,0.0,0.0
2025-01-15 00:00:00-05:00,16.29829216003418,16.29829216003418,16.28887276277149,16.29829216003418,400,0.0,0.0
2025-01-16 00:00:00-05:00,16.29829216003418,16.29829216003418,16.29829216003418,16.29829216003418,0,0.0,0.0
2025-01-17 00:00:00-05:00,16.29829216003418,16.29829216003418,16.29829216003418,16.29829216003418,0,0.0,0.0
2025-01-21 00:00:00-05:00,16.057117314262484,16.28887367248535,15.912033072205709,16.28887367248535,1100,0.0,0.0
2025-01-22 00:00:00-05:00,16.28887367248535,16.28887367248535,16.28887367248535,16.28887367248535,0,0.0,0.0
2025-01-23 00:00:00-05:00,16.28887367248535,16.28887367248535,16.28887367248535,16.28887367248535,0,0.0,0.0
2025-01-24 00:00:00-05:00,16.06277084350586,16.06277084350586,16.06277084350586,16.06277084350586,100,0.0,0.0
2025-01-27 00:00:00-05:00,16.179589884524198,16.21068000793457,16.179589884524198,16.21068000793457,1200,0.0,0.0
2025-01-28 00:00:00-05:00,16.156978298911365,16.156978298911365,16.13813591003418,16.13813591003418,800,0.0,0.0
2025-01-29 00:00:00-05:00,16.29829371886915,16.29829371886915,16.01566505432129,16.01566505432129,600,0.0,0.0
2025-01-30 00:00:00-05:00,16.109876183484225,16.18524395172061,16.062770205268148,16.180532455444336,1000,0.0,0.0
2025-01-31 00:00:00-05:00,16.06371307373047,16.06371307373047,16.06371307373047,16.06371307373047,200,0.0,0.0
2025-02-03 00:00:00-05:00,16.06371307373047,16.06371307373047,16.06371307373047,16.06371307373047,0,0.0,0.0
2025-02-04 00:00:00-05:00,16.109874087459403,16.16168975830078,16.02508513461153,16.16168975830078,700,0.0,0.0
2025-02-05 00:00:00-05:00,16.087265677122787,16.22010040283203,16.015666027744906,16.22010040283203,1000,0.0,0.0
2025-02-06 00:00:00-05:00,16.0627695620187,16.192779541015625,16.0627695620187,16.192779541015625,600,0.0,0.0
2025-02-07 00:00:00-05:00,16.109874583121066,16.159805297851562,16.062768609584523,16.159805297851562,1000,0.0,0.0
2025-02-10 00:00:00-05:00,16.081613044972684,16.251190977460382,16.081613044972684,16.10987663269043,700,0.0,0.0
2025-02-11 00:00:00-05:00,16.10987663269043,16.10987663269043,16.10987663269043,16.10987663269043,0,0.0,0.0
2025-02-12 00:00:00-05:00,16.122124367059058,16.122124367059058,16.10987663269043,16.10987663269043,200,0.0,0.0
2025-02-13 00:00:00-05:00,16.204084396362305,16.204084396362305,16.204084396362305,16.204084396362305,200,0.0,0.0
2025-02-14 00:00:00-05:00,16.18052992825096,16.29829216003418,16.18052992825096,16.29829216003418,200,0.0,0.0
2025-02-18 00:00:00-05:00,16.09103281799467,16.09103281799467,16.01566505432129,16.01566505432129,1300,0.0,0.0
2025-02-19 00:00:00-05:00,16.06276923277619,16.222925955195773,15.54461608213537,16.01566505432129,2200,0.0,0.0
2025-02-20 00:00:00-05:00,16.29829216003418,16.29829216003418,16.29829216003418,16.29829216003418,100,0.0,0.0
2025-02-21 00:00:00-05:00,16.15698100677202,16.15698100677202,16.06277084350586,16.06277084350586,200,0.0,0.0
2025-02-24 00:00:00-05:00,15.544617640906086,16.06277084350586,15.544617640906086,16.06277084350586,500,0.0,0.0
2025-02-25 00:00:00-05:00,16.06277084350586,16.06277084350586,16.06277084350586,16.06277084350586,0,0.0,0.0
2025-02-26 00:00:00-05:00,16.06277084350586,16.06277084350586,16.06277084350586,16.06277084350586,0,0.0,0.0
2025-02-27 00:00:00-05:00,16.06277084350586,16.06277084350586,16.06277084350586,16.06277084350586,0,0.0,0.0
2025-02-28 00:00:00-05:00,16.540054321289062,16.540054321289062,16.540054321289062,16.540054321289062,0,0.492,0.0
2025-03-03 00:00:00-05:00,16.0259063437993,16.0259063437993,15.521458498524755,15.67667293548584,2800,0.0,0.0
2025-03-04 00:00:00-05:00,15.67667293548584,15.67667293548584,15.67667293548584,15.67667293548584,0,0.0,0.0
2025-03-05 00:00:00-05:00,15.860990524291992,16.04530835915356,15.812484857064206,15.860990524291992,900,0.0,0.0
2025-03-06 00:00:00-05:00,15.860990524291992,15.860990524291992,15.860990524291992,15.860990524291992,0,0.0,0.0
2025-03-07 00:00:00-05:00,15.521459021935096,15.763981819152832,15.521459021935096,15.763981819152832,500,0.0,0.0
2025-03-10 00:00:00-04:00,15.763981819152832,15.763981819152832,15.763981819152832,15.763981819152832,0,0.0,0.0
2025-03-11 00:00:00-04:00,15.327440997879627,15.434150695800781,15.327440997879627,15.434150695800781,300,0.0,0.0
2025-03-12 00:00:00-04:00,15.434150695800781,15.434150695800781,15.434150695800781,15.434150695800781,0,0.0,0.0
2025-03-13 00:00:00-04:00,15.686373994562956,16.07926157704912,15.521458424787507,15.958000183105469,3400,0.0,0.0
2025-03-14 00:00:00-04:00,16.47020772949334,16.47020772949334,16.055978775024414,16.055978775024414,500,0.0,0.0
2025-03-17 00:00:00-04:00,16.103513446859054,16.185970306396484,16.103513446859054,16.185970306396484,800,0.0,0.0
2025-03-18 00:00:00-04:00,16.185970306396484,16.185970306396484,16.185970306396484,16.185970306396484,0,0.0,0.0
2025-03-19 00:00:00-04:00,16.103513717651367,16.103513717651367,16.103513717651367,16.103513717651367,100,0.0,0.0
2025-03-20 00:00:00-04:00,16.103513717651367,16.103513717651367,16.103513717651367,16.103513717651367,400,0.0,0.0
2025-03-21 00:00:00-04:00,16.103513717651367,16.103513717651367,16.103513717651367,16.103513717651367,0,0.0,0.0
2025-03-24 00:00:00-04:00,16.103513717651367,16.103513717651367,16.103513717651367,16.103513717651367,0,0.0,0.0
2025-03-25 00:00:00-04:00,16.55751609802246,16.55751609802246,16.55751609802246,16.55751609802246,500,0.0,0.0
2025-03-26 00:00:00-04:00,15.987101554870607,15.987101554870607,15.987101554870607,15.987101554870605,100,0.0,0.0
2025-03-27 00:00:00-04:00,15.987101554870607,15.987101554870607,15.987101554870607,15.987101554870605,0,0.0,0.0
2025-03-28 00:00:00-04:00,16.224775314331055,16.224775314331055,16.224775314331055,16.224775314331055,100,0.0,0.0
2025-03-31 00:00:00-04:00,16.297531127929688,16.297531127929688,16.297531127929688,16.297531127929688,200,0.0,0.0
2025-04-01 00:00:00-04:00,15.812485694885254,15.812485694885254,15.812485694885254,15.812485694885254,100,0.0,0.0
2025-04-02 00:00:00-04:00,15.812485694885254,15.812485694885254,15.812485694885254,15.812485694885254,0,0.0,0.0
2025-04-03 00:00:00-04:00,16.07441014364524,16.24902684760816,16.00650405883789,16.00650405883789,800,0.0,0.0
2025-04-04 00:00:00-04:00,15.52145838221388,15.958000139334455,15.37594507994103,15.614587783813477,2700,0.0,0.0
2025-04-07 00:00:00-04:00,13.38725853405128,15.327440903474626,13.38725853405128,15.1334228515625,3300,0.0,0.0
2025-04-08 00:00:00-04:00,16.12582483987746,16.81459053724046,15.288637161254883,15.288637161254883,800,0.0,0.0
2025-04-09 00:00:00-04:00,16.310142517089844,16.310142517089844,16.310142517089844,16.310142517089844,200,0.0,0.0
2025-04-10 00:00:00-04:00,15.278935432434082,15.308037907548817,15.278935432434082,15.278935432434082,3800,0.0,0.0
2025-04-11 00:00:00-04:00,15.278935432434082,15.278935432434082,15.278935432434082,15.278935432434082,0,0.0,0.0
2025-04-14 00:00:00-04:00,15.42444896697998,15.42444896697998,15.42444896697998,15.42444896697998,10900,0.0,0.0
2025-04-15 00:00:00-04:00,15.42444896697998,15.42444896697998,15.42444896697998,15.42444896697998,0,0.0,0.0
2025-04-16 00:00:00-04:00,14.658077133788417,15.521458601554242,14.658077133788417,14.939403533935547,2600,0.0,0.0
2025-04-17 00:00:00-04:00,15.649510383605957,15.649510383605957,15.649510383605957,15.649510383605957,700,0.0,0.0
2025-04-21 00:00:00-04:00,15.160585403442383,15.160585403442383,15.160585403442383,15.160585403442383,500,0.0,0.0
2025-04-22 00:00:00-04:00,15.160585403442383,15.160585403442383,15.160585403442383,15.160585403442383,0,0.0,0.0
2025-04-23 00:00:00-04:00,15.40504696230431,16.481847763061523,15.40504696230431,16.481847763061523,1500,0.0,0.0
2025-04-24 00:00:00-04:00,15.440940681579928,15.958000183105469,15.440940681579928,15.958000183105469,1900,0.0,0.0
2025-04-25 00:00:00-04:00,15.77368296125597,16.346036911010742,15.77368296125597,16.346036911010742,3000,0.0,0.0
2025-04-28 00:00:00-04:00,15.375945091247559,15.375945091247559,15.375945091247559,15.375945091247559,300,0.0,0.0
2025-04-29 00:00:00-04:00,15.472953796386719,15.76398132902978,15.472953796386719,15.472953796386719,2800,0.0,0.0
2025-04-30 00:00:00-04:00,15.618468009248245,15.757190704345703,15.618468009248245,15.757190704345703,700,0.0,0.0
2025-05-01 00:00:00-04:00,15.472953796386719,15.472953796386719,15.472953796386719,15.472953796386719,300,0.0,0.0
2025-05-02 00:00:00-04:00,15.472953796386719,15.472953796386719,15.472953796386719,15.472953796386719,200,0.0,0.0
2025-05-05 00:00:00-04:00,15.472953796386719,15.472953796386719,15.472953796386719,15.472953796386719,0,0.0,0.0
2025-05-06 00:00:00-04:00,15.472953651117122,15.472953651117122,15.278935606226982,15.375945091247559,1600,0.0,0.0
2025-05-07 00:00:00-04:00,15.42444896697998,15.42444896697998,15.42444896697998,15.42444896697998,100,0.0,0.0
2025-05-08 00:00:00-04:00,15.42444896697998,15.42444896697998,15.42444896697998,15.42444896697998,100,0.0,0.0
2025-05-09 00:00:00-04:00,15.42444896697998,15.42444896697998,15.42444896697998,15.42444896697998,0,0.0,0.0
2025-05-12 00:00:00-04:00,15.856139183044434,15.856139183044434,15.856139183044434,15.856139183044434,1300,0.0,0.0
2025-05-13 00:00:00-04:00,15.856139183044434,15.856139183044434,15.856139183044434,15.856139183044434,0,0.0,0.0
2025-05-14 00:00:00-04:00,15.71547794342041,15.71547794342041,15.71547794342041,15.71547794342041,1200,0.0,0.0
2025-05-15 00:00:00-04:00,15.71547794342041,15.71547794342041,15.71547794342041,15.71547794342041,0,0.0,0.0
2025-05-16 00:00:00-04:00,15.71547794342041,15.71547794342041,15.71547794342041,15.71547794342041,0,0.0,0.0
2025-05-19 00:00:00-04:00,15.71547794342041,15.71547794342041,15.71547794342041,15.71547794342041,0,0.0,0.0
2025-05-20 00:00:00-04:00,16.68556785583496,16.68556785583496,16.68556785583496,16.68556785583496,100,0.0,0.0
2025-05-21 00:00:00-04:00,16.68556785583496,16.68556785583496,16.68556785583496,16.68556785583496,0,0.0,0.0
2025-05-22 00:00:00-04:00,16.68556785583496,16.68556785583496,16.68556785583496,16.68556785583496,0,0.0,0.0
2025-05-23 00:00:00-04:00,16.68556785583496,16.68556785583496,16.68556785583496,16.68556785583496,0,0.0,0.0
2025-05-27 00:00:00-04:00,16.68556785583496,16.68556785583496,16.68556785583496,16.68556785583496,0,0.0,0.0
2025-05-28 00:00:00-04:00,16.00650405883789,16.00650405883789,16.00650405883789,16.00650405883789,200,0.0,0.0
2025-05-29 00:00:00-04:00,15.958000183105469,15.958000183105469,15.958000183105469,15.958000183105469,200,0.0,0.0
2025-05-30 00:00:00-04:00,16.389999389648438,16.389999389648438,15.960000038146973,15.960000038146973,1800,0.492,0.0
2025-06-02 00:00:00-04:00,15.960000038146973,15.960000038146973,15.960000038146973,15.960000038146973,0,0.0,0.0
2025-06-03 00:00:00-04:00,16.0,16.0,14.845000267028809,14.845000267028809,2600,0.0,0.0
2025-06-04 00:00:00-04:00,14.845000267028809,14.845000267028809,14.845000267028809,14.845000267028809,0,0.0,0.0
2025-06-05 00:00:00-04:00,15.975000381469727,15.989999771118164,15.975000381469727,15.989999771118164,500,0.0,0.0
2025-06-06 00:00:00-04:00,15.989999771118164,15.989999771118164,15.989999771118164,15.989999771118164,0,0.0,0.0
2025-06-09 00:00:00-04:00,15.989999771118164,15.989999771118164,15.989999771118164,15.989999771118164,0,0.0,0.0
2025-06-10 00:00:00-04:00,15.989999771118164,15.989999771118164,15.989999771118164,15.989999771118164,0,0.0,0.0
2025-06-11 00:00:00-04:00,16.479999542236328,16.517000198364258,15.960000038146973,16.424999237060547,900,0.0,0.0
2025-06-12 00:00:00-04:00,15.899999618530273,15.899999618530273,15.899999618530273,15.899999618530273,200,0.0,0.0
2025-06-13 00:00:00-04:00,15.079999923706055,16.75,15.079999923706055,16.75,800,0.0,0.0
2025-06-16 00:00:00-04:00,16.75,16.75,16.75,16.75,0,0.0,0.0
2025-06-17 00:00:00-04:00,16.75,16.75,16.75,16.75,0,0.0,0.0
2025-06-18 00:00:00-04:00,16.75,16.75,16.75,16.75,0,0.0,0.0
2025-06-20 00:00:00-04:00,16.75,16.75,16.75,16.75,0,0.0,0.0
2025-06-23 00:00:00-04:00,16.549999237060547,16.549999237060547,16.1200008392334,16.1200008392334,500,0.0,0.0
2025-06-24 00:00:00-04:00,16.010000228881836,16.010000228881836,16.0,16.0,500,0.0,0.0
2025-06-25 00:00:00-04:00,16.0,16.0,16.0,16.0,0,0.0,0.0
2025-06-26 00:00:00-04:00,16.0,16.0,16.0,16.0,0,0.0,0.0
2025-06-27 00:00:00-04:00,16.0,16.0,16.0,16.0,0,0.0,0.0
2025-06-30 00:00:00-04:00,16.0,16.0,16.0,16.0,0,0.0,0.0
2025-07-01 00:00:00-04:00,16.0,16.0,16.0,16.0,0,0.0,0.0
2025-07-02 00:00:00-04:00,16.110000610351562,16.110000610351562,16.110000610351562,16.110000610351562,700,0.0,0.0
2025-07-03 00:00:00-04:00,16.469999313354492,16.469999313354492,16.469999313354492,16.469999313354492,300,0.0,0.0
2025-07-07 00:00:00-04:00,16.469999313354492,16.469999313354492,16.469999313354492,16.469999313354492,0,0.0,0.0
2025-07-08 00:00:00-04:00,16.25,16.25,16.25,16.25,300,0.0,0.0
2025-07-09 00:00:00-04:00,16.25,16.25,16.25,16.25,0,0.0,0.0
2025-07-10 00:00:00-04:00,16.479999542236328,16.479999542236328,16.469999313354492,16.469999313354492,700,0.0,0.0
2025-07-11 00:00:00-04:00,16.469999313354492,16.469999313354492,16.469999313354492,16.469999313354492,0,0.0,0.0
2025-07-14 00:00:00-04:00,16.25,16.489999771118164,16.25,16.489999771118164,1100,0.0,0.0
2025-07-15 00:00:00-04:00,16.489999771118164,16.489999771118164,16.489999771118164,16.489999771118164,0,0.0,0.0
2025-07-16 00:00:00-04:00,16.709999084472656,16.709999084472656,16.709999084472656,16.709999084472656,100,0.0,0.0
2025-07-17 00:00:00-04:00,16.350000381469727,16.350000381469727,16.25,16.25,500,0.0,0.0
2025-07-18 00:00:00-04:00,16.38800048828125,16.399999618530273,16.100000381469727,16.100000381469727,1000,0.0,0.0
2025-07-21 00:00:00-04:00,16.0,16.190000534057617,15.225000381469727,16.190000534057617,1900,0.0,0.0
2025-07-22 00:00:00-04:00,15.263999938964844,16.200000762939453,15.263999938964844,16.200000762939453,700,0.0,0.0
2025-07-23 00:00:00-04:00,16.200000762939453,16.200000762939453,16.200000762939453,16.200000762939453,0,0.0,0.0
2025-07-24 00:00:00-04:00,16.075000762939453,16.075000762939453,16.075000762939453,16.075000762939453,200,0.0,0.0
2025-07-25 00:00:00-04:00,16.014999389648438,16.014999389648438,15.5,15.949999809265137,2000,0.0,0.0
2025-07-28 00:00:00-04:00,15.850000381469727,16.0,15.5,16.0,1200,0.0,0.0
2025-07-29 00:00:00-04:00,16.0,16.0,16.0,16.0,0,0.0,0.0
2025-07-30 00:00:00-04:00,16.0,16.0,16.0,16.0,0,0.0,0.0
2025-07-31 00:00:00-04:00,16.0,16.0,16.0,16.0,0,0.0,0.0
2025-08-01 00:00:00-04:00,15.869999885559082,15.880000114440918,15.869999885559082,15.880000114440918,1900,0.0,0.0
2025-08-04 00:00:00-04:00,15.906000137329102,15.906000137329102,15.906000137329102,15.906000137329102,3800,0.0,0.0
2025-08-05 00:00:00-04:00,15.75,15.75,15.75,15.75,600,0.0,0.0
2025-08-06 00:00:00-04:00,15.850000381469727,15.850000381469727,15.600000381469727,15.75,2900,0.0,0.0
2025-08-07 00:00:00-04:00,15.520000457763672,15.649999618530273,15.520000457763672,15.649999618530273,600,0.0,0.0
2025-08-08 00:00:00-04:00,15.460000038146973,15.460000038146973,15.300000190734863,15.300000190734863,2200,0.0,0.0
2025-08-11 00:00:00-04:00,15.300000190734863,15.300000190734863,15.300000190734863,15.300000190734863,0,0.0,0.0
2025-08-12 00:00:00-04:00,15.199999809265137,15.210000038146973,15.199999809265137,15.210000038146973,1200,0.0,0.0
2025-08-13 00:00:00-04:00,15.229999542236328,15.600000381469727,15.149999618530273,15.335000038146973,6400,0.0,0.0
2025-08-14 00:00:00-04:00,15.260000228881836,15.279999732971191,14.454000473022461,14.779999732971191,5600,0.0,0.0
2025-08-15 00:00:00-04:00,15.125,15.125,14.529999732971191,14.529999732971191,3600,0.0,0.0
2025-08-18 00:00:00-04:00,14.529999732971191,14.529999732971191,14.529999732971191,14.529999732971191,0,0.0,0.0
2025-08-19 00:00:00-04:00,14.529999732971191,14.529999732971191,14.529999732971191,14.529999732971191,0,0.0,0.0
2025-08-20 00:00:00-04:00,14.390000343322754,14.449999809265137,14.25,14.25,4700,0.0,0.0
2025-08-21 00:00:00-04:00,14.239999771118164,14.958000183105469,14.239999771118164,14.25,1100,0.0,0.0
2025-08-22 00:00:00-04:00,14.190999984741211,14.211999893188477,13.829999923706055,13.850000381469727,13000,0.0,0.0
2025-08-25 00:00:00-04:00,14.229999542236328,14.229999542236328,11.680000305175781,11.8100004196167,39300,0.0,0.0
2025-08-26 00:00:00-04:00,12.109999656677246,12.109999656677246,9.710000038146973,10.619999885559082,13300,0.0,0.0
2025-08-27 00:00:00-04:00,10.66100025177002,11.625,10.66100025177002,11.529999732971191,4200,0.0,0.0
2025-08-28 00:00:00-04:00,11.25,11.6899995803833,11.0600004196167,11.25,10000,0.0,0.0
2025-08-29 00:00:00-04:00,11.25,11.251999855041504,11.0,11.15999984741211,1600,0.0,0.0
2025-09-02 00:00:00-04:00,10.779999732971191,11.300000190734863,10.619999885559082,11.100000381469727,2500,0.0,0.0
2025-09-03 00:00:00-04:00,11.100000381469727,11.100000381469727,10.989999771118164,11.0,3700,0.0,0.0
2025-09-04 00:00:00-04:00,11.100000381469727,11.100000381469727,10.829999923706055,10.885000228881836,12200,0.0,0.0
2025-09-05 00:00:00-04:00,10.899999618530273,10.899999618530273,10.739999771118164,10.75,10100,0.0,0.0
2025-09-08 00:00:00-04:00,10.75,10.75,10.75,10.75,0,0.0,0.0
2025-09-09 00:00:00-04:00,10.699999809265137,10.699999809265137,10.345000267028809,10.449999809265137,1300,0.0,0.0
2025-09-10 00:00:00-04:00,10.380000114440918,10.470000267028809,10.317999839782715,10.350000381469727,1700,0.0,0.0
2025-09-11 00:00:00-04:00,10.869999885559082,10.880000114440918,10.680000305175781,10.680000305175781,1600,0.0,0.0
2025-09-12 00:00:00-04:00,10.710000038146973,10.710000038146973,10.649999618530273,10.699999809265137,4200,0.0,0.0
2025-09-15 00:00:00-04:00,10.699999809265137,10.800000190734863,10.600000381469727,10.600000381469727,14800,0.0,0.0
2025-09-16 00:00:00-04:00,10.758000373840332,10.758000373840332,10.545000076293945,10.600000381469727,6600,0.0,0.0
2025-09-17 00:00:00-04:00,10.899999618530273,10.899999618530273,10.569999694824219,10.609999656677246,7100,0.0,0.0
2025-09-18 00:00:00-04:00,10.9399995803833,11.199999809265137,10.913999557495117,10.989999771118164,27600,0.0,0.0
2025-09-19 00:00:00-04:00,11.300000190734863,11.670000076293945,10.979999542236328,11.180000305175781,32400,0.0,0.0
2025-09-22 00:00:00-04:00,11.213000297546387,11.550000190734863,10.899999618530273,11.109999656677246,16100,0.0,0.0
2025-09-23 00:00:00-04:00,11.039999961853027,11.255000114440918,11.020000457763672,11.149999618530273,32300,0.0,0.0
2025-09-24 00:00:00-04:00,11.279999732971191,11.293999671936035,11.279999732971191,11.279999732971191,600,0.0,0.0
2025-09-25 00:00:00-04:00,11.489999771118164,11.550000190734863,11.489999771118164,11.550000190734863,600,0.0,0.0
2025-09-26 00:00:00-04:00,11.550000190734863,11.550000190734863,11.550000190734863,11.550000190734863,0,0.0,0.0
2025-09-29 00:00:00-04:00,11.550000190734863,11.550000190734863,11.550000190734863,11.550000190734863,0,0.0,0.0
2025-09-30 00:00:00-04:00,11.550000190734863,11.550000190734863,11.550000190734863,11.550000190734863,0,0.0,0.0
2025-10-01 00:00:00-04:00,11.1850004196167,11.329999923706055,11.1850004196167,11.329999923706055,1000,0.0,0.0
2025-10-02 00:00:00-04:00,11.013999938964844,11.399999618530273,11.013999938964844,11.399999618530273,1600,0.0,0.0
2025-10-03 00:00:00-04:00,11.09000015258789,11.279999732971191,10.829999923706055,11.239999771118164,2300,0.0,0.0
2025-10-06 00:00:00-04:00,11.100000381469727,11.149999618530273,10.949999809265137,11.149999618530273,1300,0.0,0.0
2025-10-07 00:00:00-04:00,11.4399995803833,11.4399995803833,11.23799991607666,11.23799991607666,600,0.0,0.0
2025-10-08 00:00:00-04:00,11.23799991607666,11.23799991607666,11.23799991607666,11.23799991607666,0,0.0,0.0
2025-10-09 00:00:00-04:00,11.0,11.010000228881836,11.0,11.010000228881836,600,0.0,0.0
2025-10-10 00:00:00-04:00,10.829999923706055,10.958000183105469,10.371000289916992,10.729999542236328,10000,0.0,0.0
2025-10-13 00:00:00-04:00,11.0600004196167,11.149999618530273,10.760000228881836,10.760000228881836,1300,0.0,0.0
2025-10-14 00:00:00-04:00,10.850000381469727,11.079999923706055,10.850000381469727,11.079999923706055,900,0.0,0.0
2025-10-15 00:00:00-04:00,11.0,11.199999809265137,10.510000228881836,10.75,4100,0.0,0.0
2025-10-16 00:00:00-04:00,10.600000381469727,10.800000190734863,10.550000190734863,10.550000190734863,3700,0.0,0.0
2025-10-17 00:00:00-04:00,10.75,10.760000228881836,10.729999542236328,10.760000228881836,700,0.0,0.0
2025-10-20 00:00:00-04:00,10.847000122070312,11.149999618530273,10.800000190734863,10.949999809265137,1500,0.0,0.0
2025-10-21 00:00:00-04:00,10.800000190734863,11.149999618530273,10.800000190734863,10.869999885559082,1500,0.0,0.0
2025-10-22 00:00:00-04:00,11.100000381469727,11.100000381469727,11.100000381469727,11.100000381469727,300,0.0,0.0
2025-10-23 00:00:00-04:00,11.100000381469727,11.402000427246094,11.100000381469727,11.402000427246094,700,0.0,0.0
2025-10-24 00:00:00-04:00,11.199999809265137,11.39900016784668,11.199999809265137,11.222000122070312,2800,0.0,0.0
2025-10-27 00:00:00-04:00,17.299999237060547,18.450000762939453,17.0,18.049999237060547,149000,0.0,0.0
2025-10-28 00:00:00-04:00,17.68000030517578,17.68000030517578,17.170000076293945,17.280000686645508,125800,0.0,0.0
2025-10-29 00:00:00-04:00,17.1200008392334,17.299999237060547,16.549999237060547,17.18000030517578,30400,0.0,0.0
2025-10-30 00:00:00-04:00,17.059999465942383,17.13800048828125,16.93000030517578,16.93000030517578,25200,0.0,0.0
2025-10-31 00:00:00-04:00,16.920000076293945,16.957000732421875,16.75,16.8799991607666,9300,0.0,0.0
2025-11-03 00:00:00-05:00,16.670000076293945,16.799999237060547,16.299999237060547,16.799999237060547,25800,0.0,0.0
2025-11-04 00:00:00-05:00,16.540000915527344,16.760000228881836,16.540000915527344,16.760000228881836,5400,0.0,0.0
2025-11-05 00:00:00-05:00,16.520000457763672,16.850000381469727,16.489999771118164,16.790000915527344,9900,0.0,0.0
2025-11-06 00:00:00-05:00,16.81999969482422,17.6200008392334,16.799999237060547,17.59000015258789,143900,0.0,0.0
2025-11-07 00:00:00-05:00,17.523000717163086,17.6299991607666,17.5,17.5,10500,0.0,0.0
2025-11-10 00:00:00-05:00,17.5,17.59000015258789,17.469999313354492,17.579999923706055,5800,0.0,0.0
2025-11-11 00:00:00-05:00,17.399999618530273,17.559999465942383,17.399999618530273,17.559999465942383,3900,0.0,0.0
2025-11-12 00:00:00-05:00,17.520000457763672,17.520000457763672,17.479999542236328,17.479999542236328,4000,0.0,0.0
2025-11-13 00:00:00-05:00,17.5,17.59000015258789,17.5,17.5,7400,0.0,0.0
2025-11-14 00:00:00-05:00,17.549999237060547,17.559999465942383,17.459999084472656,17.459999084472656,18900,0.0,0.0
2025-11-17 00:00:00-05:00,17.530000686645508,17.643999099731445,17.475000381469727,17.540000915527344,15100,0.0,0.0
2025-11-18 00:00:00-05:00,17.579999923706055,17.6200008392334,17.450000762939453,17.450000762939453,31100,0.0,0.0
2025-11-19 00:00:00-05:00,17.479999542236328,17.56999969482422,17.41200065612793,17.440000534057617,54400,0.0,0.0
2025-11-20 00:00:00-05:00,17.420000076293945,17.469999313354492,17.420000076293945,17.450000762939453,1400,0.0,0.0
2025-11-21 00:00:00-05:00,17.440000534057617,17.450000762939453,17.440000534057617,17.450000762939453,800,0.0,0.0
2025-11-24 00:00:00-05:00,17.450000762939453,17.450000762939453,17.450000762939453,17.450000762939453,400,0.0,0.0
2025-11-25 00:00:00-05:00,17.479999542236328,17.600000381469727,17.479999542236328,17.549999237060547,2300,0.0,0.0
2025-11-26 00:00:00-05:00,17.559999465942383,17.559999465942383,17.549999237060547,17.549999237060547,400,0.0,0.0
2025-11-28 00:00:00-05:00,17.559999465942383,17.649999618530273,17.559999465942383,17.559999465942383,1100,0.0,0.0
2025-12-01 00:00:00-05:00,17.549999237060547,17.600000381469727,17.450000762939453,17.450000762939453,9900,0.0,0.0
2025-12-02 00:00:00-05:00,17.450000762939453,17.530000686645508,17.450000762939453,17.530000686645508,3100,0.0,0.0
2025-12-03 00:00:00-05:00,17.459999084472656,17.468000411987305,17.34000015258789,17.34000015258789,25700,0.0,0.0
2025-12-04 00:00:00-05:00,17.389999389648438,17.450000762939453,17.350000381469727,17.350000381469727,9900,0.0,0.0
2025-12-05 00:00:00-05:00,17.399999618530273,17.448999404907227,17.309999465942383,17.309999465942383,5400,0.0,0.0
2025-12-08 00:00:00-05:00,17.3799991607666,17.3799991607666,17.22800064086914,17.22800064086914,6500,0.0,0.0
2025-12-09 00:00:00-05:00,17.229999542236328,17.229999542236328,17.15999984741211,17.15999984741211,8300,0.0,0.0
2025-12-10 00:00:00-05:00,17.170000076293945,17.191999435424805,17.049999237060547,17.191999435424805,13200,0.0,0.0
2025-12-11 00:00:00-05:00,17.170000076293945,17.170000076293945,17.149999618530273,17.15999984741211,1700,0.0,0.0
2025-12-12 00:00:00-05:00,17.277999877929688,17.280000686645508,17.174999237060547,17.25,5200,0.0,0.0
2025-12-15 00:00:00-05:00,17.200000762939453,17.239999771118164,17.173999786376953,17.200000762939453,9900,0.0,0.0
2025-12-16 00:00:00-05:00,17.200000762939453,17.399999618530273,17.200000762939453,17.25,20100,0.0,0.0
2025-12-17 00:00:00-05:00,17.22100067138672,17.530000686645508,17.22100067138672,17.510000228881836,19500,0.0,0.0
2025-12-18 00:00:00-05:00,17.295000076293945,17.530000686645508,17.219999313354492,17.420000076293945,18800,0.0,0.0
2025-12-19 00:00:00-05:00,17.450000762939453,17.54800033569336,17.297000885009766,17.440000534057617,11600,0.0,0.0
2025-12-22 00:00:00-05:00,17.457000732421875,17.549999237060547,17.440000534057617,17.440000534057617,8200,0.0,0.0
2025-12-23 00:00:00-05:00,17.440000534057617,17.510000228881836,17.440000534057617,17.510000228881836,1200,0.0,0.0
2025-12-24 00:00:00-05:00,17.479999542236328,17.479999542236328,17.479999542236328,17.479999542236328,700,0.0,0.0
2025-12-26 00:00:00-05:00,17.440000534057617,17.445999145507812,17.309999465942383,17.309999465942383,6100,0.0,0.0
2025-12-29 00:00:00-05:00,17.270000457763672,17.360000610351562,17.25,17.34000015258789,7100,0.0,0.0
2025-12-30 00:00:00-05:00,17.30900001525879,17.34000015258789,17.304000854492188,17.329999923706055,3100,0.0,0.0
2025-12-31 00:00:00-05:00,17.329999923706055,17.329999923706055,17.329999923706055,17.329999923706055,0,0.0,0.0
2026-01-02 00:00:00-05:00,17.329999923706055,17.399999618530273,17.329999923706055,17.399999618530273,11300,0.0,0.0
2026-01-05 00:00:00-05:00,17.450000762939453,17.465999603271484,17.399999618530273,17.440000534057617,11200,0.0,0.0
2026-01-06 00:00:00-05:00,17.416000366210938,17.450000762939453,17.399999618530273,17.440000534057617,5600,0.0,0.0
2026-01-07 00:00:00-05:00,17.3700008392334,17.579999923706055,17.3700008392334,17.579999923706055,18700,0.0,0.0
2026-01-08 00:00:00-05:00,17.600000381469727,17.788000106811523,17.56999969482422,17.700000762939453,10200,0.0,0.0
2026-01-09 00:00:00-05:00,17.56999969482422,17.950000762939453,17.530000686645508,17.649999618530273,2600,0.0,0.0
2026-01-12 00:00:00-05:00,17.81999969482422,17.81999969482422,17.700000762939453,17.729999542236328,2600,0.0,0.0
2026-01-13 00:00:00-05:00,17.729999542236328,17.729999542236328,17.729999542236328,17.729999542236328,0,0.0,0.0
2026-01-14 00:00:00-05:00,17.825000762939453,17.825000762939453,17.790000915527344,17.790000915527344,1200,0.0,0.0
2026-01-15 00:00:00-05:00,17.78700065612793,17.832000732421875,17.78700065612793,17.832000732421875,4900,0.0,0.0
2026-01-16 00:00:00-05:00,17.889999389648438,17.920000076293945,17.801000595092773,17.808000564575195,3700,0.0,0.0
2026-01-20 00:00:00-05:00,17.639999389648438,17.809999465942383,17.639999389648438,17.797000885009766,2800,0.0,0.0
2026-01-21 00:00:00-05:00,17.797000885009766,17.797000885009766,17.797000885009766,17.797000885009766,0,0.0,0.0
2026-01-22 00:00:00-05:00,18.0,18.75,18.0,18.649999618530273,21500,0.0,0.0
2026-01-23 00:00:00-05:00,18.65999984741211,18.729999542236328,18.6299991607666,18.690000534057617,33000,0.0,0.0
2026-01-26 00:00:00-05:00,18.639999389648438,18.68000030517578,18.610000610351562,18.610000610351562,8800,0.0,0.0
2026-01-27 00:00:00-05:00,18.649999618530273,18.690000534057617,18.600000381469727,18.68000030517578,17800,0.0,0.0
2026-01-28 00:00:00-05:00,18.700000762939453,18.719999313354492,18.6299991607666,18.6299991607666,1300,0.0,0.0
2026-01-29 00:00:00-05:00,18.636999130249023,18.71500015258789,18.610000610351562,18.656999588012695,6800,0.0,0.0
2026-01-30 00:00:00-05:00,18.639999389648438,18.639999389648438,18.6299991607666,18.6299991607666,600,0.0,0.0
2026-02-02 00:00:00-05:00,18.6299991607666,18.6299991607666,18.6299991607666,18.6299991607666,0,0.0,0.0
2026-02-03 00:00:00-05:00,18.610000610351562,18.700000762939453,18.610000610351562,18.700000762939453,400,0.0,0.0
2026-02-04 00:00:00-05:00,18.649999618530273,18.649999618530273,18.59000015258789,18.600000381469727,9800,0.0,0.0
2026-02-05 00:00:00-05:00,18.600000381469727,18.600000381469727,18.530000686645508,18.530000686645508,1700,0.0,0.0
2026-02-06 00:00:00-05:00,18.530000686645508,18.530000686645508,18.530000686645508,18.530000686645508,0,0.0,0.0
2026-02-09 00:00:00-05:00,18.530000686645508,18.582000732421875,18.520000457763672,18.549999237060547,800,0.0,0.0
2026-02-10 00:00:00-05:00,18.549999237060547,18.618000030517578,18.549999237060547,18.549999237060547,1700,0.0,0.0
2026-02-11 00:00:00-05:00,18.469999313354492,18.479999542236328,18.469999313354492,18.472000122070312,1700,0.0,0.0
2026-02-12 00:00:00-05:00,18.68000030517578,18.84000015258789,18.600000381469727,18.809999465942383,29300,0.0,0.0
2026-02-13 00:00:00-05:00,18.81999969482422,18.81999969482422,18.780000686645508,18.78499984741211,2900,0.0,0.0
2026-02-17 00:00:00-05:00,18.795000076293945,18.795000076293945,18.739999771118164,18.75,4500,0.0,0.0
2026-02-18 00:00:00-05:00,18.829999923706055,18.90999984741211,18.780000686645508,18.90999984741211,16500,0.0,0.0
2026-02-19 00:00:00-05:00,18.822999954223633,18.940000534057617,18.822999954223633,18.90999984741211,500,0.0,0.0
2026-02-20 00:00:00-05:00,18.8799991607666,18.8799991607666,18.81800079345703,18.81999969482422,300,0.0,0.0
2026-02-23 00:00:00-05:00,18.860000610351562,18.860000610351562,18.84000015258789,18.850000381469727,5200,0.0,0.0
2026-02-24 00:00:00-05:00,18.790000915527344,18.8700008392334,18.790000915527344,18.790000915527344,9100,0.0,0.0
2026-02-25 00:00:00-05:00,18.799999237060547,18.81999969482422,18.790000915527344,18.790000915527344,9900,0.0,0.0
2026-02-26 00:00:00-05:00,18.799999237060547,18.850000381469727,18.790000915527344,18.825000762939453,7100,0.0,0.0
2026-02-27 00:00:00-05:00,18.850000381469727,19.049999237060547,18.825000762939453,19.014999389648438,33200,0.0,0.0
2026-03-02 00:00:00-05:00,19.0,19.020000457763672,18.979999542236328,19.0,9000,0.0,0.0
2026-03-03 00:00:00-05:00,19.0,19.0,18.989999771118164,19.0,2900,0.0,0.0
2026-03-04 00:00:00-05:00,19.020000457763672,19.040000915527344,19.0049991607666,19.040000915527344,16900,0.0,0.0
2026-03-05 00:00:00-05:00,19.040000915527344,19.079999923706055,19.0,19.079999923706055,10000,0.0,0.0
2026-03-06 00:00:00-05:00,19.010000228881836,19.079999923706055,19.010000228881836,19.079999923706055,9600,0.0,0.0
2026-03-09 00:00:00-04:00,19.049999237060547,19.1200008392334,19.049999237060547,19.110000610351562,14400,0.0,0.0
2026-03-10 00:00:00-04:00,19.065000534057617,19.065000534057617,19.059999465942383,19.059999465942383,1800,0.0,0.0
2026-03-11 00:00:00-04:00,19.059999465942383,19.079999923706055,19.059999465942383,19.06999969482422,2100,0.0,0.0
2026-03-12 00:00:00-04:00,19.084999084472656,19.110000610351562,19.06999969482422,19.06999969482422,800,0.0,0.0
2026-03-13 00:00:00-04:00,19.059999465942383,19.084999084472656,19.059999465942383,19.06999969482422,5300,0.0,0.0
2026-03-16 00:00:00-04:00,19.079999923706055,19.09000015258789,19.06999969482422,19.09000015258789,900,0.0,0.0
2026-03-17 00:00:00-04:00,19.06999969482422,19.104999542236328,19.06999969482422,19.079999923706055,23500,0.0,0.0
2026-03-18 00:00:00-04:00,19.079999923706055,19.100000381469727,19.079999923706055,19.100000381469727,3100,0.0,0.0
2026-03-19 00:00:00-04:00,19.100000381469727,19.100000381469727,19.100000381469727,19.100000381469727,0,0.0,0.0
2026-03-20 00:00:00-04:00,18.75,18.75,17.059999465942383,17.15999984741211,7200,0.0,0.0
2026-03-23 00:00:00-04:00,17.15999984741211,17.15999984741211,15.178000450134277,15.399999618530273,3000,0.0,0.0
2026-03-24 00:00:00-04:00,14.4399995803833,14.4399995803833,13.149999618530273,13.770000457763672,5900,0.0,0.0
2026-03-25 00:00:00-04:00,13.600000381469727,13.600000381469727,12.350000381469727,12.359999656677246,6000,0.0,0.0
2026-03-26 00:00:00-04:00,12.109999656677246,12.899999618530273,12.109999656677246,12.510000228881836,6500,0.0,0.0
2026-03-27 00:00:00-04:00,12.5,12.5,12.350000381469727,12.350000381469727,1400,0.0,0.0
2026-03-30 00:00:00-04:00,12.479999542236328,12.789999961853027,12.289999961853027,12.789999961853027,3200,0.0,0.0
2026-03-31 00:00:00-04:00,12.789999961853027,13.380000114440918,12.4399995803833,12.859999656677246,3700,0.0,0.0
2026-04-01 00:00:00-04:00,13.40999984741211,14.09000015258789,13.21500015258789,14.09000015258789,2400,0.0,0.0
2026-04-02 00:00:00-04:00,13.479999542236328,15.170000076293945,13.199999809265137,15.170000076293945,3100,0.0,0.0
2026-04-06 00:00:00-04:00,15.529999732971191,16.420000076293945,15.529999732971191,16.420000076293945,1500,0.0,0.0
2026-04-07 00:00:00-04:00,16.3700008392334,17.059999465942383,16.3700008392334,17.059999465942383,1600,0.0,0.0
2026-04-08 00:00:00-04:00,17.110000610351562,17.799999237060547,15.199999809265137,16.399999618530273,5200,0.0,0.0
2026-04-09 00:00:00-04:00,16.219999313354492,16.34000015258789,16.219999313354492,16.260000228881836,2100,0.0,0.0
2026-04-10 00:00:00-04:00,16.260000228881836,16.260000228881836,16.260000228881836,16.260000228881836,0,0.0,0.0
2026-04-13 00:00:00-04:00,16.959999084472656,16.959999084472656,15.100000381469727,15.100000381469727,3700,0.0,0.0
2026-04-14 00:00:00-04:00,15.0,15.899999618530273,15.0,15.899999618530273,4800,0.0,0.0
2026-04-15 00:00:00-04:00,15.899999618530273,15.899999618530273,15.899999618530273,15.899999618530273,0,0.0,0.0
2026-04-16 00:00:00-04:00,19.049999237060547,19.100000381469727,17.200000762939453,17.5,2800,0.0,0.0
2026-04-17 00:00:00-04:00,18.0,18.600000381469727,17.594999313354492,17.594999313354492,1500,0.0,0.0
2026-04-20 00:00:00-04:00,17.594999313354492,17.594999313354492,17.594999313354492,17.594999313354492,0,0.0,0.0
2026-04-21 00:00:00-04:00,17.594999313354492,17.594999313354492,17.594999313354492,17.594999313354492,0,0.0,0.0
2026-04-22 00:00:00-04:00,17.594999313354492,17.594999313354492,17.594999313354492,17.594999313354492,0,0.0,0.0
2026-04-23 00:00:00-04:00,17.594999313354492,17.594999313354492,17.594999313354492,17.594999313354492,0,0.0,0.0
2026-04-24 00:00:00-04:00,19.0,19.0,10.0,19.0,700,0.0,0.0
2026-04-27 00:00:00-04:00,9.779999732971191,9.779999732971191,9.779999732971191,9.779999732971191,400,0.0,0.0
2026-04-28 00:00:00-04:00,9.779999732971191,9.779999732971191,9.779999732971191,9.779999732971191,0,0.0,0.0
2026-04-29 00:00:00-04:00,10.670000076293945,11.0,10.619999885559082,11.0,1100,0.0,0.0
2026-04-30 00:00:00-04:00,11.0,11.0,11.0,11.0,0,0.0,0.0
2026-05-01 00:00:00-04:00,11.0,11.0,11.0,11.0,0,0.0,0.0
2026-05-04 00:00:00-04:00,11.0,11.0,11.0,11.0,0,0.0,0.0
2026-05-05 00:00:00-04:00,11.0,11.0,11.0,11.0,0,0.0,0.0
2026-05-06 00:00:00-04:00,11.0,11.0,11.0,11.0,0,0.0,0.0
2026-05-07 00:00:00-04:00,12.760000228881836,12.760000228881836,12.760000228881836,12.760000228881836,200,0.0,0.0
2026-05-08 00:00:00-04:00,12.699999809265137,12.699999809265137,12.699999809265137,12.699999809265137,200,0.0,0.0
2026-05-11 00:00:00-04:00,18.59000015258789,18.59000015258789,18.59000015258789,18.59000015258789,100,0.0,0.0
2026-05-12 00:00:00-04:00,15.5,15.5,15.5,15.5,400,0.0,0.0
2026-05-13 00:00:00-04:00,15.5,15.5,15.5,15.5,0,0.0,0.0
2026-05-14 00:00:00-04:00,15.0,15.489999771118164,15.0,15.489999771118164,500,0.0,0.0
2026-05-15 00:00:00-04:00,15.489999771118164,15.489999771118164,15.489999771118164,15.489999771118164,0,0.0,0.0
2026-05-18 00:00:00-04:00,15.489999771118164,15.489999771118164,15.489999771118164,15.489999771118164,0,0.0,0.0
2026-05-19 00:00:00-04:00,15.489999771118164,15.489999771118164,15.489999771118164,15.489999771118164,0,0.0,0.0
2026-05-20 00:00:00-04:00,15.489999771118164,15.489999771118164,15.489999771118164,15.489999771118164,0,0.0,0.0
2026-05-21 00:00:00-04:00,15.0,15.0,15.0,15.0,2000,0.0,0.0
2026-05-22 00:00:00-04:00,15.0,15.0,15.0,15.0,0,0.0,0.0
2026-05-26 00:00:00-04:00,15.0,15.0,15.0,15.0,0,0.0,0.0
2026-05-27 00:00:00-04:00,15.0,15.0,15.0,15.0,0,0.0,0.0
2026-05-28 00:00:00-04:00,15.0,15.0,15.0,15.0,0,0.0,0.0
2026-05-29 00:00:00-04:00,15.0,15.0,15.0,15.0,0,0.0,0.0
2026-06-01 00:00:00-04:00,15.0,15.0,15.0,15.0,1000,0.0,0.0
2026-06-02 00:00:00-04:00,10.0,10.0,10.0,10.0,500,0.0,0.0
2026-06-03 00:00:00-04:00,9.75,9.75,5.0,9.75,400,0.0,0.0
2026-06-04 00:00:00-04:00,9.75,9.75,9.75,9.75,0,0.0,0.0
2026-06-05 00:00:00-04:00,9.75,9.75,9.75,9.75,0,0.0,0.0
2026-06-08 00:00:00-04:00,9.75,9.75,9.75,9.75,0,0.0,0.0
2026-06-09 00:00:00-04:00,3.0,3.0,3.0,3.0,100,0.0,0.0
2026-06-10 00:00:00-04:00,3.0,3.0,3.0,3.0,0,0.0,0.0
2026-06-11 00:00:00-04:00,3.0,3.0,3.0,3.0,0,0.0,0.0
2026-06-12 00:00:00-04:00,3.0,3.0,3.0,3.0,0,0.0,0.0
2026-06-15 00:00:00-04:00,3.1600000858306885,3.1600000858306885,3.1600000858306885,3.1600000858306885,700,0.0,0.0
2026-06-16 00:00:00-04:00,3.1600000858306885,3.1600000858306885,3.1600000858306885,3.1600000858306885,0,0.0,0.0
2026-06-17 00:00:00-04:00,3.1600000858306885,3.1600000858306885,3.1600000858306885,3.1600000858306885,0,0.0,0.0
2026-06-18 00:00:00-04:00,3.1600000858306885,3.1600000858306885,3.1600000858306885,3.1600000858306885,0,0.0,0.0
2026-06-22 00:00:00-04:00,3.1600000858306885,3.1600000858306885,3.1600000858306885,3.1600000858306885,0,0.0,0.0
2026-06-23 00:00:00-04:00,3.1600000858306885,3.1600000858306885,3.1600000858306885,3.1600000858306885,0,0.0,0.0
