Date,Open,High,Low,Close,Volume,Dividends,Stock Splits
2022-01-03 00:00:00-05:00,7.202315398554946,7.282938253224571,7.148566828775196,7.209033489227295,295200,0.0,0.0
2022-01-04 00:00:00-05:00,7.222469734221038,7.235907194766963,7.148565623418609,7.18215799331665,204400,0.0,0.0
2022-01-05 00:00:00-05:00,7.188877279993654,7.215751562432131,7.088098881032724,7.108254432678223,253700,0.0,0.0
2022-01-06 00:00:00-05:00,7.121690343410257,7.162001437922915,7.067941790237849,7.128408432006836,224300,0.0,0.0
2022-01-07 00:00:00-05:00,7.14856840480289,7.202316986432461,7.108256648213895,7.175442695617676,277400,0.0,0.0
2022-01-10 00:00:00-05:00,7.1418486939220935,7.188878536224365,7.054507100551055,7.188878536224365,254600,0.0,0.0
2022-01-11 00:00:00-05:00,7.195595453862574,7.222469734221038,7.1418468931456465,7.18215799331665,311700,0.0,0.0
2022-01-12 00:00:00-05:00,7.222471361970547,7.2291900937577305,7.175441520927329,7.202315807342529,224000,0.0,0.0
2022-01-13 00:00:00-05:00,7.188877279993654,7.195596010786632,7.074661419446768,7.108254432678223,312500,0.0,0.0
2022-01-14 00:00:00-05:00,7.074659941967444,7.088097400747107,7.0141926589255625,7.05450439453125,409000,0.0,0.0
2022-01-18 00:00:00-05:00,7.014192793117759,7.067941988531413,6.953726149652359,6.987318515777588,395600,0.0,0.0
2022-01-19 00:00:00-05:00,6.994037245295958,7.054504529494671,6.973881697474158,6.987318515777588,218800,0.0,0.0
2022-01-20 00:00:00-05:00,7.007474555996039,7.074659927557606,6.913414266929885,6.940288543701172,178800,0.0,0.0
2022-01-21 00:00:00-05:00,6.9037410990672425,6.937583096929235,6.7751422817705755,6.808984279632568,303900,0.076,0.0
2022-01-24 00:00:00-05:00,6.693921060117359,6.802214923719759,6.287818426126016,6.795446395874023,1063400,0.0,0.0
2022-01-25 00:00:00-05:00,6.714227287321924,6.761605700374171,6.605933402926807,6.6871538162231445,244500,0.0,0.0
2022-01-26 00:00:00-05:00,6.775143061479558,6.890205480162698,6.66684917224425,6.7413010597229,283000,0.0,0.0
2022-01-27 00:00:00-05:00,6.7480707689171595,6.883438154127198,6.687155284201991,6.7006916999816895,240800,0.0,0.0
2022-01-28 00:00:00-05:00,6.734532478029384,6.8428263664245605,6.687154063227116,6.8428263664245605,192200,0.0,0.0
2022-01-31 00:00:00-05:00,6.856363333968914,6.937583749184395,6.795447861186683,6.93081521987915,361400,0.0,0.0
2022-02-01 00:00:00-05:00,6.957888561319696,7.00526762008667,6.924046560909706,7.00526762008667,297100,0.0,0.0
2022-02-02 00:00:00-05:00,7.052645031207423,7.052645031207423,6.998498096438575,7.045876502990723,174800,0.0,0.0
2022-02-03 00:00:00-05:00,7.005265875050244,7.0120337570603635,6.937581891090583,6.9511189460754395,168500,0.0,0.0
2022-02-04 00:00:00-05:00,6.951119857016271,7.012034675984052,6.883435864186656,6.991729736328125,249400,0.0,0.0
2022-02-07 00:00:00-05:00,6.978194104015992,7.005267575073526,6.903741574495923,6.924046516418457,163800,0.0,0.0
2022-02-08 00:00:00-05:00,6.924046042622819,6.98496150970459,6.910509630761548,6.98496150970459,144400,0.0,0.0
2022-02-09 00:00:00-05:00,7.00526645025379,7.039107799530029,6.984960866109211,7.039107799530029,264000,0.0,0.0
2022-02-10 00:00:00-05:00,7.012034281183403,7.025571337180102,6.930813881650277,6.964655876159668,223400,0.0,0.0
2022-02-11 00:00:00-05:00,6.978191149206811,7.0052646088005,6.808981865375709,6.8495917320251465,317800,0.0,0.0
2022-02-14 00:00:00-05:00,6.82929095960936,6.896974327090197,6.768375477038797,6.802217483520508,195800,0.0,0.0
2022-02-15 00:00:00-05:00,6.829289564274729,6.8834365053893345,6.82252103526479,6.8766679763793945,111700,0.0,0.0
2022-02-16 00:00:00-05:00,6.876667372794773,6.896972312559915,6.829288964848645,6.890204429626465,145200,0.0,0.0
2022-02-17 00:00:00-05:00,6.887476657170475,6.901114886117787,6.710175128492509,6.839741230010986,151700,0.076,0.0
2022-02-18 00:00:00-05:00,6.8465598107857835,6.894294581619619,6.785186162378009,6.853379249572754,165200,0.0,0.0
2022-02-22 00:00:00-05:00,6.819286376374929,6.819286376374929,6.648804216965556,6.710177898406982,298200,0.0,0.0
2022-02-23 00:00:00-05:00,6.737452519703481,6.751090749223611,6.553331543649841,6.587428092956543,182100,0.0,0.0
2022-02-24 00:00:00-05:00,6.464681608903896,6.716995716094971,6.430585705539718,6.716995716094971,284000,0.0,0.0
2022-02-25 00:00:00-05:00,6.7374495414736995,6.819280833434437,6.689714783747594,6.764726638793945,369800,0.0,0.0
2022-02-28 00:00:00-05:00,6.7374497296173415,6.792003925781262,6.662437872476279,6.757907390594482,214700,0.0,0.0
2022-03-01 00:00:00-05:00,6.757908885551054,6.79200542828053,6.628342803584001,6.662439346313477,242800,0.0,0.0
2022-03-02 00:00:00-05:00,6.703353007239068,6.853377367669069,6.682895346833208,6.764726638793945,354300,0.0,0.0
2022-03-03 00:00:00-05:00,6.80564707762543,6.819285961710991,6.71699693242044,6.730635166168213,138300,0.0,0.0
2022-03-04 00:00:00-05:00,6.703354548956434,6.723812214067392,6.648800341768916,6.696535110473633,211100,0.0,0.0
2022-03-07 00:00:00-05:00,6.696535791903144,6.7033552310798825,6.512415486493824,6.532873153686523,258300,0.0,0.0
2022-03-08 00:00:00-05:00,6.553332497727704,6.601067933841764,6.457862926174943,6.478320598602295,304700,0.0,0.0
2022-03-09 00:00:00-05:00,6.662442630364393,6.696538539562962,6.594249511291694,6.6078877449035645,321000,0.0,0.0
2022-03-10 00:00:00-05:00,6.587425960198643,6.587425960198643,6.410124481477333,6.444221019744873,632400,0.0,0.0
2022-03-11 00:00:00-05:00,6.478319538822732,6.51241608751563,6.34875343419481,6.35557222366333,256800,0.0,0.0
2022-03-14 00:00:00-04:00,6.369211651960903,6.4237658744341655,6.253283766620813,6.2669219970703125,246200,0.0,0.0
2022-03-15 00:00:00-04:00,6.348751734733567,6.36920939833808,6.294196881225864,6.34193229675293,212900,0.0,0.0
2022-03-16 00:00:00-04:00,6.410127761025244,6.5942487716674805,6.362392973231053,6.5942487716674805,477400,0.0,0.0
2022-03-17 00:00:00-04:00,6.594246921952668,6.676078242504831,6.553330936507823,6.655620574951172,193600,0.0,0.0
2022-03-18 00:00:00-04:00,6.655622049499178,6.730633947373108,6.614706054989426,6.716995716094971,225800,0.0,0.0
2022-03-21 00:00:00-04:00,6.730634882887354,6.798827999769448,6.676080649516782,6.723815441131592,166000,0.0,0.0
2022-03-22 00:00:00-04:00,6.751087953489662,6.826100460968041,6.751087953489662,6.757907390594482,202600,0.0,0.0
2022-03-23 00:00:00-04:00,6.748289585113525,6.782649643858497,6.713930181732164,6.748289585113525,134100,0.076,0.0
2022-03-24 00:00:00-04:00,6.775777569780832,6.810137628874406,6.727673880267998,6.762033939361572,130600,0.0,0.0
2022-03-25 00:00:00-04:00,6.782649643858497,6.796393929501931,6.693313753267014,6.748289585113525,251400,0.0,0.0
2022-03-28 00:00:00-04:00,6.775777374366082,6.796393802445815,6.720801543547324,6.782649517059326,170300,0.0,0.0
2022-03-29 00:00:00-04:00,6.80326373624568,6.837623786502163,6.755160059104673,6.817008018493652,228600,0.0,0.0
2022-03-30 00:00:00-04:00,6.817010912599128,6.823883056640625,6.741419294233829,6.823883056640625,158800,0.0,0.0
2022-03-31 00:00:00-04:00,6.858240673710068,6.858240673710068,6.76203330372793,6.789521217346191,229500,0.0,0.0
2022-04-01 00:00:00-04:00,6.8101358773696665,6.823880159617639,6.768904341352646,6.817008018493652,130600,0.0,0.0
2022-04-04 00:00:00-04:00,6.830752530614736,6.830752530614736,6.768905218574055,6.803264617919922,210100,0.0,0.0
2022-04-05 00:00:00-04:00,6.748286732910942,6.768903152662442,6.665823019994942,6.672695159912109,309400,0.0,0.0
2022-04-06 00:00:00-04:00,6.645210941074466,6.665826716896246,6.576490814516936,6.6245951652526855,249500,0.0,0.0
2022-04-07 00:00:00-04:00,6.624594017027625,6.65895341898726,6.562746044918549,6.645209789276123,164800,0.0,0.0
2022-04-08 00:00:00-04:00,6.645208286483096,6.67269619505265,6.583360328360742,6.631464004516602,116200,0.0,0.0
2022-04-11 00:00:00-04:00,6.631466023523685,6.645210309674746,6.562746558859284,6.5696187019348145,166500,0.0,0.0
2022-04-12 00:00:00-04:00,6.617720795131156,6.665824474319737,6.569617115942574,6.597105026245117,195000,0.0,0.0
2022-04-13 00:00:00-04:00,6.6039775894155435,6.6658255615246205,6.597106102241767,6.645209789276123,142000,0.0,0.0
2022-04-14 00:00:00-04:00,6.624592936547661,6.672696615736242,6.597105026245117,6.597105026245117,255800,0.0,0.0
2022-04-18 00:00:00-04:00,6.5971043239751825,6.63833585735811,6.576487901920311,6.6108479499816895,148900,0.0,0.0
2022-04-19 00:00:00-04:00,6.610847570715372,6.7345434744945,6.583359664915941,6.707055568695068,206400,0.0,0.0
2022-04-20 00:00:00-04:00,6.713931494599353,6.775778825997827,6.658954996638922,6.7001872062683105,307900,0.0,0.0
2022-04-21 00:00:00-04:00,6.773599142228445,6.780525271433513,6.614302133584087,6.635079860687256,181100,0.076,0.0
2022-04-22 00:00:00-04:00,6.648933032890225,6.648933032890225,6.524265332113494,6.538116931915283,204400,0.0,0.0
2022-04-25 00:00:00-04:00,6.531192142178182,6.600451469421387,6.461932154422781,6.600451469421387,246100,0.0,0.0
2022-04-26 00:00:00-04:00,6.538116578143291,6.5796726963243435,6.4757833916398475,6.489634990692139,157400,0.0,0.0
2022-04-27 00:00:00-04:00,6.503488378966672,6.572747707272579,6.427302259164308,6.455006122589111,306800,0.0,0.0
2022-04-28 00:00:00-04:00,6.517338613129987,6.545042470742711,6.461930897904539,6.531190872192383,309000,0.0,0.0
2022-04-29 00:00:00-04:00,6.5104149181262025,6.524267182368562,6.378821710385353,6.427303314208984,289800,0.0,0.0
2022-05-02 00:00:00-04:00,6.406521456226657,6.427299178708927,6.274928333156421,6.392669200897217,270900,0.0,0.0
2022-05-03 00:00:00-04:00,6.392671374193585,6.427301363778345,6.351115915101565,6.413449764251709,111800,0.0,0.0
2022-05-04 00:00:00-04:00,6.427303104183621,6.524266969174705,6.371895370049371,6.482710838317871,370800,0.0,0.0
2022-05-05 00:00:00-04:00,6.427301149722249,6.427301149722249,6.274930257443278,6.351115703582764,347500,0.0,0.0
2022-05-06 00:00:00-04:00,6.337264160695477,6.364968022471276,6.233374844164271,6.309560298919678,301200,0.0,0.0
2022-05-09 00:00:00-04:00,6.24030130370243,6.254152905064453,6.0740781242849495,6.087929725646973,353600,0.0,0.0
2022-05-10 00:00:00-04:00,6.198743985923466,6.3026339484546074,6.101780813508889,6.164113998413086,177700,0.0,0.0
2022-05-11 00:00:00-04:00,6.15026220827751,6.21259605175352,6.0740767665357485,6.081002235412598,127000,0.0,0.0
2022-05-12 00:00:00-04:00,6.053298639507197,6.129484745047665,5.894001619762731,6.0186686515808105,324200,0.0,0.0
2022-05-13 00:00:00-04:00,6.087929856206774,6.198745311528273,6.081003725121126,6.157189846038818,251500,0.0,0.0
2022-05-16 00:00:00-04:00,6.143337452119466,6.15718971399369,6.060225862410726,6.087929725646973,232600,0.0,0.0
2022-05-17 00:00:00-04:00,6.205670164609369,6.261077880859375,6.171040176825096,6.261077880859375,277500,0.0,0.0
2022-05-18 00:00:00-04:00,6.2333769770309795,6.2333769770309795,6.0740798824416915,6.136413097381592,221200,0.0,0.0
2022-05-19 00:00:00-04:00,6.136411219656788,6.233375069635506,6.0325218993677385,6.115633487701416,318600,0.0,0.0
2022-05-20 00:00:00-04:00,6.177967446292825,6.177967446292825,5.963262010827762,6.087929725646973,260300,0.0,0.0
2022-05-23 00:00:00-04:00,6.11307998036604,6.217875370663178,6.106093443340139,6.134038925170898,295500,0.076,0.0
2022-05-24 00:00:00-04:00,6.092121635017831,6.134039528752214,6.00129864356279,6.120067119598389,189200,0.0,0.0
2022-05-25 00:00:00-04:00,6.113081592985617,6.189931521724865,6.092122642651826,6.17595911026001,114500,0.0,0.0
2022-05-26 00:00:00-04:00,6.168971907511668,6.322672414722563,6.161985369394594,6.301713466644287,121500,0.0,0.0
2022-05-27 00:00:00-04:00,6.329658023317021,6.399521395409349,6.322671486225934,6.3785624504089355,203000,0.0,0.0
2022-05-31 00:00:00-04:00,6.399522191527496,6.406508729487728,6.3226722727837394,6.364590167999268,182900,0.0,0.0
2022-06-01 00:00:00-04:00,6.385548876717891,6.434453302961368,6.252807339381543,6.2947258949279785,213300,0.0,0.0
2022-06-02 00:00:00-04:00,6.308697978332967,6.40650749206543,6.301712107994994,6.40650749206543,136300,0.0,0.0
2022-06-03 00:00:00-04:00,6.385551163163986,6.385551163163986,6.294728148853477,6.3087005615234375,282100,0.0,0.0
2022-06-06 00:00:00-04:00,6.37157808422095,6.448428019588421,6.273768530438923,6.3087005615234375,277400,0.0,0.0
2022-06-07 00:00:00-04:00,6.30869922935712,6.399522224489137,6.3017133576338376,6.39253568649292,128900,0.0,0.0
2022-06-08 00:00:00-04:00,6.406507932500436,6.42746687750085,6.357603505408522,6.3785624504089355,114500,0.0,0.0
2022-06-09 00:00:00-04:00,6.378563387113262,6.406508873308611,6.294726928527213,6.301713466644287,164100,0.0,0.0
2022-06-10 00:00:00-04:00,6.259794759207756,6.2667812971629875,6.175958302563764,6.23883581161499,132100,0.0,0.0
2022-06-13 00:00:00-04:00,5.994311809539795,6.092121333873301,5.973352863708642,5.994311809539795,247800,0.0,0.0
2022-06-14 00:00:00-04:00,6.04321714816498,6.217876611016835,6.04321714816498,6.182945251464844,433500,0.0,0.0
2022-06-15 00:00:00-04:00,6.217876197749295,6.31568573030375,6.1619852266533,6.23883581161499,103400,0.0,0.0
2022-06-16 00:00:00-04:00,6.161985247442443,6.161985247442443,5.945407900283015,5.973353385925293,226700,0.0,0.0
2022-06-17 00:00:00-04:00,5.9803405109127885,6.161985852280788,5.9803405109127885,6.008285999298096,207400,0.0,0.0
2022-06-21 00:00:00-04:00,6.092122464454018,6.092122464454018,5.994312921968943,6.008285999298096,265900,0.0,0.0
2022-06-22 00:00:00-04:00,5.9702221834198514,6.012513816391454,5.8856382452632605,5.927929878234863,308600,0.076,0.0
2022-06-23 00:00:00-04:00,5.949076428963044,5.977271078495059,5.88563897167611,5.956125259399414,186600,0.0,0.0
2022-06-24 00:00:00-04:00,6.019563234355834,6.097098350524902,5.984319755292275,6.097098350524902,113100,0.0,0.0
2022-06-27 00:00:00-04:00,6.09709783081247,6.09709783081247,5.984319245193012,6.019562721252441,110800,0.0,0.0
2022-06-28 00:00:00-04:00,6.054805189375662,6.111194472798334,5.942026622530316,5.963172435760498,223900,0.0,0.0
2022-06-29 00:00:00-04:00,5.9702221834198514,6.012513816391454,5.906784061749062,5.927929878234863,214200,0.0,0.0
2022-06-30 00:00:00-04:00,5.942028972257906,5.984320615442159,5.850396182407293,5.906785488128662,349400,0.0,0.0
2022-07-01 00:00:00-04:00,5.899735741431999,5.991368517064481,5.899735741431999,5.984319686889648,144900,0.0,0.0
2022-07-05 00:00:00-04:00,5.956124594948039,6.033660376671473,5.88563831508802,5.998416900634766,191400,0.0,0.0
2022-07-06 00:00:00-04:00,6.012513887721412,6.026611547021452,5.949075765298018,5.998416900634766,173900,0.0,0.0
2022-07-07 00:00:00-04:00,6.026612064611236,6.125292999333059,6.026612064611236,6.097098350524902,125600,0.0,0.0
2022-07-08 00:00:00-04:00,6.097098121689489,6.139390429421141,6.019563008430457,6.061855316162109,188800,0.0,0.0
2022-07-11 00:00:00-04:00,6.061856046181266,6.125293507098272,6.026612564196147,6.09005069732666,172800,0.0,0.0
2022-07-12 00:00:00-04:00,6.097099556259589,6.146440705591433,6.0689049018757855,6.1041483879089355,141200,0.0,0.0
2022-07-13 00:00:00-04:00,6.047759079141329,6.111197219558283,6.026613256406873,6.1041483879089355,97200,0.0,0.0
2022-07-14 00:00:00-04:00,6.083000442885844,6.118243916622953,5.984318850864607,6.111195087432861,82500,0.0,0.0
2022-07-15 00:00:00-04:00,6.118243353990368,6.301508190586305,6.118243353990368,6.266265392303467,137800,0.0,0.0
2022-07-18 00:00:00-04:00,6.30855729468045,6.407238881937271,6.2803626514946895,6.336751937866211,265400,0.0,0.0
2022-07-19 00:00:00-04:00,6.393141561477279,6.46362850926654,6.371995746025842,6.435433864593506,101700,0.0,0.0
2022-07-20 00:00:00-04:00,6.456578550966564,6.794914900090583,6.414286927459334,6.752622604370117,463500,0.0,0.0
2022-07-21 00:00:00-04:00,6.678732518266702,6.763993533131796,6.650312405841313,6.671627998352051,230100,0.076,0.0
2022-07-22 00:00:00-04:00,6.692944190970359,6.721364308821206,6.586368918426951,6.628998756408691,121300,0.0,0.0
2022-07-25 00:00:00-04:00,6.628998756408691,6.685838992110384,6.586368918426951,6.628998756408691,143600,0.0,0.0
2022-07-26 00:00:00-04:00,6.614787148373497,6.7497825002391805,6.572156644969729,6.664522171020508,124500,0.0,0.0
2022-07-27 00:00:00-04:00,6.685835551268324,6.778201056145253,6.6574154480437855,6.707150459289551,189300,0.0,0.0
2022-07-28 00:00:00-04:00,6.700047322945922,6.7355719511087635,6.62899671144254,6.657416820526123,331500,0.0,0.0
2022-07-29 00:00:00-04:00,6.714257577235508,6.74978288583664,6.678732268634377,6.742677688598633,175900,0.0,0.0
2022-08-01 00:00:00-04:00,6.728466193298125,6.898986816406249,6.6858356987267324,6.89898681640625,178800,0.0,0.0
2022-08-02 00:00:00-04:00,6.898987889664609,6.898987889664609,6.799517171916095,6.835042476654053,191400,0.0,0.0
2022-08-03 00:00:00-04:00,6.842149454064636,6.948724718430186,6.820834536709327,6.934514999389648,170100,0.0,0.0
2022-08-04 00:00:00-04:00,6.934514809403258,6.934514809403258,6.863464183380144,6.877674579620361,96400,0.0,0.0
2022-08-05 00:00:00-04:00,6.842148073806004,6.884777899916956,6.692942327239934,6.71425724029541,183700,0.0,0.0
2022-08-08 00:00:00-04:00,6.685836840431418,6.792412756264939,6.685836840431418,6.73557186126709,89100,0.0,0.0
2022-08-09 00:00:00-04:00,6.74978334463985,6.763993740081787,6.700048315770967,6.763993740081787,73800,0.0,0.0
2022-08-10 00:00:00-04:00,6.849252144629319,6.927407264709473,6.842146948916008,6.927407264709473,127900,0.0,0.0
2022-08-11 00:00:00-04:00,6.927408527226616,6.962933834678887,6.870568306338534,6.884778022766113,115200,0.0,0.0
2022-08-12 00:00:00-04:00,6.934516011051512,7.0339860916137695,6.91320041299751,7.0339860916137695,197800,0.0,0.0
2022-08-15 00:00:00-04:00,7.012671144974502,7.0339860653598425,6.977145825939533,7.019776344299316,129500,0.0,0.0
2022-08-16 00:00:00-04:00,6.998457576020059,7.033982197933769,6.934512172433415,6.948721885681152,190700,0.0,0.0
2022-08-17 00:00:00-04:00,6.934513724234846,6.948723440662426,6.849253392902723,6.884778022766113,130500,0.0,0.0
2022-08-18 00:00:00-04:00,6.8989874281487475,6.9274075345201505,6.842147215405941,6.870567321777344,94500,0.0,0.0
2022-08-19 00:00:00-04:00,6.8421492009916625,6.8563589195066195,6.714258346412142,6.721363544464111,156100,0.0,0.0
2022-08-22 00:00:00-04:00,6.707149946870247,6.7213603361912115,6.650309744763702,6.6929402351379395,122800,0.0,0.0
2022-08-23 00:00:00-04:00,6.71156729185404,6.804684103665707,6.697241996321615,6.797521114349365,109800,0.076,0.0
2022-08-24 00:00:00-04:00,6.776031990313498,6.897800061209737,6.768869001884266,6.876311779022217,75600,0.0,0.0
2022-08-25 00:00:00-04:00,6.883472015268312,6.9837517738342285,6.883472015268312,6.9837517738342285,78300,0.0,0.0
2022-08-26 00:00:00-04:00,6.9909129233975245,6.9909129233975245,6.740213934398515,6.747376918792725,104600,0.0,0.0
2022-08-29 00:00:00-04:00,6.67574844105021,6.761702204481353,6.66858613975579,6.747376918792725,100000,0.0,0.0
2022-08-30 00:00:00-04:00,6.733054710478241,6.733054710478241,6.596961346477798,6.611286640167236,125600,0.0,0.0
2022-08-31 00:00:00-04:00,6.661425495811538,6.711565037987636,6.59695997981368,6.618448257446289,145900,0.0,0.0
2022-09-01 00:00:00-04:00,6.5969614902685825,6.661427021026611,6.52533297095962,6.661427021026611,149800,0.0,0.0
2022-09-02 00:00:00-04:00,6.675751418971194,6.733053953486819,6.56830933752942,6.604123592376709,94200,0.0,0.0
2022-09-06 00:00:00-04:00,6.596959518252421,6.632773767201019,6.496679757816343,6.525331020355225,105200,0.0,0.0
2022-09-07 00:00:00-04:00,6.49667893236423,6.6112839679583235,6.49667893236423,6.539656162261963,107600,0.0,0.0
2022-09-08 00:00:00-04:00,6.503845295694243,6.575473821691417,6.460868726576139,6.546822547912598,86000,0.0,0.0
2022-09-09 00:00:00-04:00,6.561146349939943,6.625611872045045,6.561146349939943,6.604123592376709,80500,0.0,0.0
2022-09-12 00:00:00-04:00,6.61128345250151,6.71872617731899,6.604121150660219,6.690074920654297,87100,0.0,0.0
2022-09-13 00:00:00-04:00,6.604122038091504,6.604122038091504,6.4966792988363675,6.58979606628418,183800,0.0,0.0
2022-09-14 00:00:00-04:00,6.568309659242165,6.690077721827035,6.568309659242165,6.682914733886719,75500,0.0,0.0
2022-09-15 00:00:00-04:00,6.589797647398992,6.668589145044152,6.582634659776687,6.639937877655029,95500,0.0,0.0
2022-09-16 00:00:00-04:00,6.553982319184167,6.61128484457922,6.50384278023849,6.561145305633545,116700,0.0,0.0
2022-09-19 00:00:00-04:00,6.489518077094946,6.596960151148486,6.453703824710417,6.5110063552856445,164800,0.0,0.0
2022-09-20 00:00:00-04:00,6.482353583712481,6.4895165691449535,6.403562110155051,6.439376354217529,157300,0.0,0.0
2022-09-21 00:00:00-04:00,6.4537043573739785,6.53965816033111,6.3892388343811035,6.3892388343811035,74200,0.0,0.0
2022-09-22 00:00:00-04:00,6.371901468120847,6.3863505554901145,6.292433554501095,6.328555583953857,191600,0.076,0.0
2022-09-23 00:00:00-04:00,6.277981571792509,6.335777205644433,6.104596737147006,6.169616222381592,214700,0.0,0.0
2022-09-26 00:00:00-04:00,6.147943876170739,6.234636301754973,6.061251450586506,6.09014892578125,180000,0.0,0.0
2022-09-27 00:00:00-04:00,6.104597586937455,6.184066163939967,6.075700110473865,6.111822128295898,194800,0.0,0.0
2022-09-28 00:00:00-04:00,6.111820530460154,6.292429883382771,6.068473982611924,6.277980804443359,151200,0.0,0.0
2022-09-29 00:00:00-04:00,6.169615414197495,6.169615414197495,5.967333133608888,5.996230602264404,197100,0.0,0.0
2022-09-30 00:00:00-04:00,5.974560260772705,6.082925642924616,5.967335718237165,5.974560260772705,201300,0.0,0.0
2022-10-03 00:00:00-04:00,5.996232204343125,6.184066145274615,5.996232204343125,6.104597568511963,211400,0.0,0.0
2022-10-04 00:00:00-04:00,6.162393025815021,6.292432024640808,6.162393025815021,6.2635345458984375,107300,0.0,0.0
2022-10-05 00:00:00-04:00,6.241861962800325,6.249085816167602,6.032355057803164,6.191290855407715,170900,0.0,0.0
2022-10-06 00:00:00-04:00,6.119046400975995,6.162392269283035,6.075699843698801,6.09014892578125,113600,0.0,0.0
2022-10-07 00:00:00-04:00,6.0034577071968895,6.061252669206101,5.931213660200228,5.960111141204834,145800,0.0,0.0
2022-10-10 00:00:00-04:00,5.952886477051076,5.981783957465099,5.844521097741057,5.887866973876953,134500,0.0,0.0
2022-10-11 00:00:00-04:00,5.87341833114624,5.938437831585943,5.8156233727487825,5.87341833114624,108800,0.0,0.0
2022-10-12 00:00:00-04:00,5.887866038787871,5.945660990437139,5.851744710734707,5.895090579986572,69600,0.0,0.0
2022-10-13 00:00:00-04:00,5.765054191314539,6.054029406955197,5.7361567041989945,6.0034589767456055,169300,0.0,0.0
2022-10-14 00:00:00-04:00,6.046802875912126,6.046802875912126,5.822847596602537,5.830071449279785,155500,0.0,0.0
2022-10-17 00:00:00-04:00,5.873416188235964,6.017903531513541,5.873416188235964,5.996230602264404,118700,0.0,0.0
2022-10-18 00:00:00-04:00,6.090149290397887,6.126270619826283,5.967334841224796,6.025129795074463,125000,0.0,0.0
2022-10-19 00:00:00-04:00,6.0179065508445175,6.0179065508445175,5.916765015320031,5.945662498474121,182500,0.0,0.0
2022-10-20 00:00:00-04:00,5.916763514612505,6.017905024483807,5.895090579986572,5.895090579986572,134900,0.0,0.0
2022-10-21 00:00:00-04:00,5.899467252428989,6.008851408264031,5.892174789920652,5.986974716186523,149800,0.076,0.0
2022-10-24 00:00:00-04:00,6.030728123036504,6.052604812673577,5.950512435288195,5.994266510009766,254200,0.0,0.0
2022-10-25 00:00:00-04:00,5.994265270574445,6.074480246289265,5.95051120489991,6.067187786102295,223500,0.0,0.0
2022-10-26 00:00:00-04:00,6.023436167593393,6.096358704328365,5.97238962688668,6.001558780670166,187000,0.0,0.0
2022-10-27 00:00:00-04:00,6.023434162139893,6.052603306211749,5.98697255818826,6.023434162139893,137500,0.0,0.0
2022-10-28 00:00:00-04:00,6.038021462517253,6.081775548639145,6.023437230775025,6.059898853302002,129100,0.0,0.0
2022-10-31 00:00:00-04:00,6.074479450190887,6.089064368653382,6.008848708004043,6.052602767944336,126500,0.0,0.0
2022-11-01 00:00:00-04:00,6.074479450190887,6.089064368653382,6.008848708004043,6.052602767944336,162700,0.0,0.0
2022-11-02 00:00:00-04:00,5.928636144719903,5.99426691349629,5.797374607167128,5.8994669914245605,399600,0.0,0.0
2022-11-03 00:00:00-04:00,5.870296823880641,5.965096729573187,5.870296823880641,5.928635120391846,172100,0.0,0.0
2022-11-04 00:00:00-04:00,5.979680699472367,6.016142307089647,5.877589032680768,5.965096473693848,297900,0.0,0.0
2022-11-07 00:00:00-05:00,5.965097524241519,5.9723892906913125,5.892174296164028,5.943220138549805,273600,0.0,0.0
2022-11-08 00:00:00-05:00,5.9650980450753766,6.030728816986084,5.928636427853038,6.030728816986084,179100,0.0,0.0
2022-11-09 00:00:00-05:00,6.023435026084392,6.023435026084392,5.921342659466107,5.928635120391846,156700,0.0,0.0
2022-11-10 00:00:00-05:00,6.05260428643,6.169280881613179,6.016142676573415,6.147404193878174,192400,0.0,0.0
2022-11-11 00:00:00-05:00,6.154696533412771,6.183865684928569,6.052604850831193,6.125527381896973,160300,0.0,0.0
2022-11-14 00:00:00-05:00,6.103651355983256,6.103651355983256,6.016143891918147,6.030728816986084,99100,0.0,0.0
2022-11-15 00:00:00-05:00,6.125526366428441,6.132818826960329,6.038018926387728,6.0744805335998535,129900,0.0,0.0
2022-11-16 00:00:00-05:00,6.045313494316389,6.125528501788173,6.0161443374677805,6.1109442710876465,197400,0.0,0.0
2022-11-17 00:00:00-05:00,6.074482413874584,6.1692823437912345,6.052605720954596,6.154697418212891,114100,0.0,0.0
2022-11-18 00:00:00-05:00,6.154696680549463,6.1984507565928775,6.103650838038352,6.191158294677734,127500,0.0,0.0
2022-11-21 00:00:00-05:00,6.191159440956977,6.191159440956977,6.154697820077919,6.18386697769165,68100,0.0,0.0
2022-11-22 00:00:00-05:00,6.204425202786706,6.226452552316259,6.1750551700016985,6.19708251953125,125400,0.058,0.0
2022-11-23 00:00:00-05:00,6.22645275593701,6.22645275593701,6.1310006714418215,6.167712688446045,94300,0.0,0.0
2022-11-25 00:00:00-05:00,6.123656882953892,6.167711575504182,6.101629536678747,6.130999565124512,78200,0.0,0.0
2022-11-28 00:00:00-05:00,6.1016293200306135,6.138341329106765,6.042888564988057,6.064916610717773,195300,0.0,0.0
2022-11-29 00:00:00-05:00,6.064918444139704,6.123658516702668,6.028205723728626,6.101631164550781,184800,0.0,0.0
2022-11-30 00:00:00-05:00,6.116315494310227,6.21911096572876,6.057575424995882,6.21911096572876,251400,0.0,0.0
2022-12-01 00:00:00-05:00,6.226452674329451,6.233795357728794,6.138342574247827,6.1897406578063965,202000,0.0,0.0
2022-12-02 00:00:00-05:00,6.123656482307436,6.160369190521853,6.050231065878601,6.108971118927002,275700,0.0,0.0
2022-12-05 00:00:00-05:00,6.057573843885619,6.079601189069843,5.976806444719015,6.006176471710205,164700,0.0,0.0
2022-12-06 00:00:00-05:00,5.976806089893985,6.0282034590180915,5.910723358027771,5.932750701904297,198000,0.0,0.0
2022-12-07 00:00:00-05:00,5.910724914831697,5.96212229749317,5.8960395482216645,5.940094947814941,179000,0.0,0.0
2022-12-08 00:00:00-05:00,5.940095231401652,5.998835300172456,5.932752547746087,5.984149932861328,189200,0.0,0.0
2022-12-09 00:00:00-05:00,5.932751522566192,5.954778869489703,5.9180668580294284,5.925408840179443,161900,0.0,0.0
2022-12-12 00:00:00-05:00,5.9327515099320225,5.998834250798561,5.881354133807706,5.91072416305542,294300,0.0,0.0
2022-12-13 00:00:00-05:00,6.035546412416577,6.064916438987891,5.910723624429329,5.947436332702637,284600,0.0,0.0
2022-12-14 00:00:00-05:00,5.9180663061313235,5.976806359273951,5.881353597858015,5.947436332702637,307800,0.0,0.0
2022-12-15 00:00:00-05:00,5.918066776938105,5.918066776938105,5.800586311188459,5.866668701171875,159300,0.0,0.0
2022-12-16 00:00:00-05:00,5.807929851355772,5.84464257018566,5.7491897813227,5.785902500152588,245700,0.0,0.0
2022-12-19 00:00:00-05:00,5.800587035030848,5.837299400687698,5.675764221537065,5.690449237823486,232600,0.0,0.0
2022-12-20 00:00:00-05:00,5.697792535787664,5.727162571529378,5.565627024831506,5.602339744567871,749800,0.0,0.0
2022-12-21 00:00:00-05:00,5.609682078444077,5.697792535787664,5.580312042702364,5.602339744567871,474500,0.0,0.0
2022-12-22 00:00:00-05:00,5.571263978298861,5.593460050942163,5.452883630600468,5.586061477661133,360800,0.058,0.0
2022-12-23 00:00:00-05:00,5.5860614096763435,5.65264997959605,5.563864984502968,5.6230549812316895,271000,0.0,0.0
2022-12-27 00:00:00-05:00,5.615656363092082,5.660048860283299,5.467681019654487,5.512073516845703,481600,0.0,0.0
2022-12-28 00:00:00-05:00,5.526872078018346,5.556467434633423,5.467682070388741,5.482479572296143,313900,0.0,0.0
2022-12-29 00:00:00-05:00,5.519471168518066,5.5638636554605565,5.519471168518066,5.519471168518066,333200,0.0,0.0
2022-12-30 00:00:00-05:00,5.504675945656345,5.563865952684864,5.460283440384956,5.549068450927734,552200,0.0,0.0
2023-01-03 00:00:00-05:00,5.58606267550833,5.600860178043704,5.497277307495794,5.534271240234375,340800,0.0,0.0
2023-01-04 00:00:00-05:00,5.563864896529087,5.615656319247916,5.534269898632672,5.578662395477295,324200,0.0,0.0
2023-01-05 00:00:00-05:00,5.563864266606077,5.563864266606077,5.4898767802416675,5.497275352478027,157500,0.0,0.0
2023-01-06 00:00:00-05:00,5.5268699946676785,5.600857829115284,5.50467392657351,5.571262836456299,249000,0.0,0.0
2023-01-09 00:00:00-05:00,5.6304540080256755,5.652650080796221,5.571264010237267,5.5934600830078125,167100,0.0,0.0
2023-01-10 00:00:00-05:00,5.593459982867329,5.6230549812316895,5.578662483685148,5.6230549812316895,100900,0.0,0.0
2023-01-11 00:00:00-05:00,5.637853125204918,5.711840629577637,5.637853125204918,5.711840629577637,179100,0.0,0.0
2023-01-12 00:00:00-05:00,5.756233027499961,5.756233027499961,5.689644102456834,5.741435527801514,253800,0.0,0.0
2023-01-13 00:00:00-05:00,5.719238184822287,5.763630676799672,5.719238184822287,5.748833179473877,150900,0.0,0.0
2023-01-17 00:00:00-05:00,5.756233246947538,5.785828247472699,5.7488343204161305,5.763631820678711,182300,0.0,0.0
2023-01-18 00:00:00-05:00,5.785826810405979,5.845016796754865,5.674845409601744,5.689642906188965,217000,0.0,0.0
2023-01-19 00:00:00-05:00,5.660048993679947,5.69704256581106,5.645251494267459,5.667447566986084,180300,0.0,0.0
2023-01-20 00:00:00-05:00,5.667446992547503,5.734035909554517,5.660048419991268,5.697041988372803,252600,0.0,0.0
2023-01-23 00:00:00-05:00,5.71046283612386,5.792466972796902,5.6955530254085724,5.785012245178223,309700,0.058,0.0
2023-01-24 00:00:00-05:00,5.747735914937412,5.837194753926223,5.703006495443007,5.762645721435547,194600,0.0,0.0
2023-01-25 00:00:00-05:00,5.747734754012236,5.755189478016688,5.710460067556712,5.740279674530029,234600,0.0,0.0
2023-01-26 00:00:00-05:00,5.777555527933682,5.8073751409299526,5.732826108439276,5.762645721435547,182800,0.0,0.0
2023-01-27 00:00:00-05:00,5.762645721435547,5.792465334431817,5.732826108439276,5.762645721435547,218600,0.0,0.0
2023-01-30 00:00:00-05:00,5.740280833949431,5.777555527933682,5.740280833949431,5.762645721435547,219800,0.0,0.0
2023-01-31 00:00:00-05:00,5.807376174551587,5.814831256866455,5.7551916647811785,5.814831256866455,282500,0.0,0.0
2023-02-01 00:00:00-05:00,5.814830936527602,5.9639290198322605,5.799921128197137,5.889379978179932,337600,0.0,0.0
2023-02-02 00:00:00-05:00,5.963928365673554,6.045932124757527,5.949018558978483,6.0012030601501465,454400,0.0,0.0
2023-02-03 00:00:00-05:00,5.963928099124245,6.008657872688155,5.94156321234229,5.993747711181641,274500,0.0,0.0
2023-02-06 00:00:00-05:00,5.963929863995774,5.971384946955171,5.911745349713759,5.956474781036377,146200,0.0,0.0
2023-02-07 00:00:00-05:00,5.956474022838472,6.053387956106956,5.949019296305906,6.0086588859558105,267200,0.0,0.0
2023-02-08 00:00:00-05:00,6.01611300210039,6.068297863006592,5.986293386277869,6.068297863006592,284300,0.0,0.0
2023-02-09 00:00:00-05:00,6.113025129235192,6.135389656770428,6.0161112286418215,6.038476467132568,192800,0.0,0.0
2023-02-10 00:00:00-05:00,6.045931607783437,6.068296849130389,6.0161119969431045,6.053386688232422,144000,0.0,0.0
2023-02-13 00:00:00-05:00,6.08320552220304,6.180119422796412,6.0161112286418215,6.038476467132568,281300,0.0,0.0
2023-02-14 00:00:00-05:00,6.045931999584095,6.165211161630798,6.008658016834877,6.031022548675537,138000,0.0,0.0
2023-02-15 00:00:00-05:00,6.031022280307399,6.090661503199103,5.986292507660812,6.023567199707031,216800,0.0,0.0
2023-02-16 00:00:00-05:00,6.0012029788583305,6.045932042859815,5.94156339740809,5.949018478393555,263400,0.0,0.0
2023-02-17 00:00:00-05:00,5.941564625248083,5.978839682400571,5.896835196525318,5.926654815673828,225900,0.0,0.0
2023-02-21 00:00:00-05:00,5.872584239666545,5.917642386803793,5.827526092529297,5.827526092529297,184500,0.058,0.0
2023-02-22 00:00:00-05:00,5.804997163157679,5.872584566672211,5.797487292504801,5.812506675720215,196700,0.0,0.0
2023-02-23 00:00:00-05:00,5.857563935680052,5.872583315696041,5.79748605752583,5.8425445556640625,85000,0.0,0.0
2023-02-24 00:00:00-05:00,5.820015907287598,5.83503528885376,5.782467274327041,5.820015907287598,196400,0.0,0.0
2023-02-27 00:00:00-05:00,5.850055055824474,5.895113203491414,5.8200162907131805,5.857564926147461,223200,0.0,0.0
2023-02-28 00:00:00-05:00,5.865076034898432,5.88009542154247,5.827527747333549,5.8500566482543945,155300,0.0,0.0
2023-03-01 00:00:00-05:00,5.850055183818094,5.880093949586607,5.827526288536877,5.835035800933838,129200,0.0,0.0
2023-03-02 00:00:00-05:00,5.8350366548798815,5.880094810126823,5.797488013128905,5.872585296630859,99800,0.0,0.0
2023-03-03 00:00:00-05:00,5.902622896135479,5.925151790245628,5.88760351403194,5.91013240814209,117900,0.0,0.0
2023-03-06 00:00:00-05:00,5.932662421472761,5.955191318473252,5.902623653411865,5.902623653411865,91100,0.0,0.0
2023-03-07 00:00:00-05:00,5.917642386803793,5.917642386803793,5.827526092529297,5.827526092529297,102300,0.0,0.0
2023-03-08 00:00:00-05:00,5.827526092529297,5.857564857287462,5.789977457536429,5.827526092529297,143500,0.0,0.0
2023-03-09 00:00:00-05:00,5.827526011788756,5.842545393959745,5.699861084290193,5.714880466461182,205300,0.0,0.0
2023-03-10 00:00:00-05:00,5.707370491728079,5.759938507408253,5.632273582249481,5.6698222160339355,221700,0.0,0.0
2023-03-13 00:00:00-04:00,5.6698222160339355,5.722389873623799,5.632273582249481,5.6698222160339355,219700,0.0,0.0
2023-03-14 00:00:00-04:00,5.767449119803347,5.835036530275658,5.692352195995435,5.72990083694458,195800,0.0,0.0
2023-03-15 00:00:00-04:00,5.677331924438477,5.684841794691421,5.587215629945086,5.677331924438477,295200,0.0,0.0
2023-03-16 00:00:00-04:00,5.66982264834046,5.797487225142952,5.654803265299559,5.782467842102051,208700,0.0,0.0
2023-03-17 00:00:00-04:00,5.782467507185473,5.782467507185473,5.699861084290193,5.714880466461182,132000,0.0,0.0
2023-03-20 00:00:00-04:00,5.71488123649377,5.804997541662124,5.71488123649377,5.767448902130127,93300,0.0,0.0
2023-03-21 00:00:00-04:00,5.79620133209663,5.841602344523803,5.758367335481573,5.765933990478516,184900,0.058,0.0
2023-03-22 00:00:00-04:00,5.7810680762348445,5.811335420025457,5.697833061218262,5.697833061218262,131500,0.0,0.0
2023-03-23 00:00:00-04:00,5.705399612001455,5.803768657922388,5.690265940384018,5.728100299835205,132600,0.0,0.0
2023-03-24 00:00:00-04:00,5.735666546934959,5.796201229095459,5.712966221532354,5.796201229095459,135100,0.0,0.0
2023-03-27 00:00:00-04:00,5.826470214198709,5.826470214198709,5.773502532770255,5.788636207580566,144600,0.0,0.0
2023-03-28 00:00:00-04:00,5.765936878925785,5.796204235706339,5.735669522145232,5.743236541748047,156900,0.0,0.0
2023-03-29 00:00:00-04:00,5.781069553222617,5.818903923034668,5.781069553222617,5.818903923034668,119400,0.0,0.0
2023-03-30 00:00:00-04:00,5.849171501979621,5.932406902313232,5.826470807046706,5.932406902313232,160800,0.0,0.0
2023-03-31 00:00:00-04:00,5.985371965680885,6.015639305114746,5.939970956530093,6.015639305114746,263300,0.0,0.0
2023-04-03 00:00:00-04:00,6.0080752840641045,6.023208960414279,5.902139549612884,5.932406902313232,165400,0.0,0.0
2023-04-04 00:00:00-04:00,5.962673310581293,5.970239967150239,5.8491705755251155,5.8794379234313965,225000,0.0,0.0
2023-04-05 00:00:00-04:00,5.864303969366794,5.917272006080364,5.796202259422951,5.8416032791137695,107600,0.0,0.0
2023-04-06 00:00:00-04:00,5.864304065704346,5.924838759619888,5.8340367187465745,5.864304065704346,172000,0.0,0.0
2023-04-10 00:00:00-04:00,5.856737414688418,5.909705455583407,5.856737414688418,5.894571781158447,173700,0.0,0.0
2023-04-11 00:00:00-04:00,5.932407198529167,5.970241210886071,5.887006167211687,5.91727352142334,132700,0.0,0.0
2023-04-12 00:00:00-04:00,5.939973560080667,5.970240912781016,5.909706207380318,5.932406902313232,56500,0.0,0.0
2023-04-13 00:00:00-04:00,5.962672320846174,6.008073335169549,5.9475386494050495,5.955105304718018,134000,0.0,0.0
2023-04-14 00:00:00-04:00,5.992940733828293,6.0156410646357585,5.91727236311132,5.924839019775391,81900,0.0,0.0
2023-04-17 00:00:00-04:00,5.924838251646743,6.008073629051947,5.924838251646743,5.939971923828125,127600,0.0,0.0
2023-04-18 00:00:00-04:00,5.97780761113392,5.992941286673386,5.93997324187761,5.970240592956543,113800,0.0,0.0
2023-04-19 00:00:00-04:00,5.955106624257511,6.000507648640897,5.939972949463049,5.9853739738464355,109100,0.0,0.0
2023-04-20 00:00:00-04:00,5.9702392681908885,6.015640284735035,5.932405268145037,5.939971923828125,100800,0.0,0.0
2023-04-21 00:00:00-04:00,5.946070671081543,5.98418628968406,5.938447329260472,5.946070671081543,124800,0.058,0.0
2023-04-24 00:00:00-04:00,5.94607128707017,5.991810252232127,5.94607128707017,5.976563930511475,100900,0.0,0.0
2023-04-25 00:00:00-04:00,5.946071565489926,5.991810532793571,5.885085912250732,5.892709255218506,117400,0.0,0.0
2023-04-26 00:00:00-04:00,5.885085921896615,5.9460715752357665,5.84697029749827,5.854593276977539,162900,0.0,0.0
2023-04-27 00:00:00-04:00,5.869840127444725,6.022303729255608,5.869840127444725,6.0146803855896,166000,0.0,0.0
2023-04-28 00:00:00-04:00,6.037548470561031,6.068041110230455,5.976563191222183,6.022302150726318,136700,0.0,0.0
2023-05-01 00:00:00-04:00,6.022302844167031,6.060418466392183,5.999433180031157,6.02992582321167,102500,0.0,0.0
2023-05-02 00:00:00-04:00,6.00705657395278,6.00705657395278,5.915578643628865,5.976563930511475,116900,0.0,0.0
2023-05-03 00:00:00-04:00,5.953693649401668,6.022302271787522,5.946070671081543,5.946070671081543,95500,0.0,0.0
2023-05-04 00:00:00-04:00,5.938448222522152,5.946071565489926,5.869839589816183,5.892709255218506,126700,0.0,0.0
2023-05-05 00:00:00-04:00,5.930825248191669,6.022303182878183,5.930825248191669,5.999433517456055,154400,0.0,0.0
2023-05-08 00:00:00-04:00,6.029925874783267,6.029925874783267,5.953694266180005,5.976563930511475,137600,0.0,0.0
2023-05-09 00:00:00-04:00,5.976562645323316,5.984185622793921,5.946070008439087,5.968939304351807,74400,0.0,0.0
2023-05-10 00:00:00-04:00,5.9918107986450195,6.052796091089078,5.953694809116975,5.9918107986450195,396400,0.0,0.0
2023-05-11 00:00:00-04:00,5.991811081593638,6.037550053086593,5.961318433931668,6.0146803855896,137000,0.0,0.0
2023-05-12 00:00:00-04:00,6.029925535811983,6.075664498402732,5.991809915403507,6.00705623626709,102900,0.0,0.0
2023-05-15 00:00:00-04:00,6.037548877994256,6.037548877994256,5.984186573221234,6.00705623626709,96400,0.0,0.0
2023-05-16 00:00:00-04:00,6.022303182878183,6.037549505325935,5.999433517456055,5.999433517456055,170200,0.0,0.0
2023-05-17 00:00:00-04:00,5.999434195668504,6.0527965120185385,5.984187871497215,6.045173168182373,114500,0.0,0.0
2023-05-18 00:00:00-04:00,6.022303241799567,6.060418866541366,6.014679898750606,6.052795886993408,199200,0.0,0.0
2023-05-19 00:00:00-04:00,6.081977889709098,6.08965696423592,6.0359023440205,6.0589399337768555,173400,0.058,0.0
2023-05-22 00:00:00-04:00,6.043580119135598,6.0666180701145205,6.028221607208252,6.028221607208252,158800,0.0,0.0
2023-05-23 00:00:00-04:00,6.028221735660347,6.05893876016957,5.974467125857113,5.997504711151123,122400,0.0,0.0
2023-05-24 00:00:00-04:00,5.989825224970935,6.005183736166213,5.936070252699568,5.9821457862854,101800,0.0,0.0
2023-05-25 00:00:00-04:00,6.012863095280906,6.051259558187175,5.989825510477791,6.028221607208252,137300,0.0,0.0
2023-05-26 00:00:00-04:00,6.051259558187175,6.081976582041866,5.99750458335356,6.028221607208252,213700,0.0,0.0
2023-05-30 00:00:00-04:00,6.051261152013216,6.0819781839583875,5.982147647048628,6.005185604095459,119300,0.0,0.0
2023-05-31 00:00:00-04:00,6.005183736166213,6.005183736166213,5.936070252699568,5.9821457862854,238300,0.0,0.0
2023-06-01 00:00:00-04:00,5.9898270881228735,6.0205441200680445,5.966789131076043,6.005185604095459,149000,0.0,0.0
2023-06-02 00:00:00-04:00,6.066618787940438,6.0973358154296875,6.035901760451188,6.0973358154296875,471800,0.0,0.0
2023-06-05 00:00:00-04:00,6.097334525325738,6.181806516136102,6.089655086990352,6.166447639465332,330900,0.0,0.0
2023-06-06 00:00:00-04:00,6.1741269533322845,6.227881555893207,6.151089371142108,6.197164535522461,337800,0.0,0.0
2023-06-07 00:00:00-04:00,6.227881398695688,6.2509197126558895,6.128051268098451,6.158768653869629,281000,0.0,0.0
2023-06-08 00:00:00-04:00,6.1741270015370855,6.212523460388184,6.166447563296558,6.212523460388184,160000,0.0,0.0
2023-06-09 00:00:00-04:00,6.243241310119629,6.258599456288752,6.22788243159887,6.243241310119629,133600,0.0,0.0
2023-06-12 00:00:00-04:00,6.258600754980426,6.273959636688232,6.250922046478312,6.273959636688232,140600,0.0,0.0
2023-06-13 00:00:00-04:00,6.29699648457399,6.358430539459457,6.289317044625381,6.335392951965332,247500,0.0,0.0
2023-06-14 00:00:00-04:00,6.358430808522222,6.481298923492432,6.3200343395060985,6.481298923492432,296000,0.0,0.0
2023-06-15 00:00:00-04:00,6.4352237119268745,6.450581860039643,6.404506683349609,6.404506683349609,161100,0.0,0.0
2023-06-16 00:00:00-04:00,6.458260162914252,6.496656624961805,6.419863700866699,6.419863700866699,139100,0.0,0.0
2023-06-20 00:00:00-04:00,6.419863747860333,6.450580771252905,6.4045056023398494,6.435222625732422,148800,0.0,0.0
2023-06-21 00:00:00-04:00,6.433677313126327,6.45687620064185,6.387281013007068,6.402746200561523,120900,0.058,0.0
2023-06-22 00:00:00-04:00,6.395014330099592,6.410479518511552,6.286755061392129,6.309953212738037,293400,0.0,0.0
2023-06-23 00:00:00-04:00,6.302218914031982,6.32541779791676,6.279020767602984,6.302218914031982,97200,0.0,0.0
2023-06-26 00:00:00-04:00,6.2712863182263305,6.325416296990805,6.263554096221924,6.263554096221924,91100,0.0,0.0
2023-06-27 00:00:00-04:00,6.271289135524234,6.309953212738037,6.255823947112273,6.309953212738037,74500,0.0,0.0
2023-06-28 00:00:00-04:00,6.3254170417785645,6.333149264693404,6.294485937752133,6.3254170417785645,102400,0.0,0.0
2023-06-29 00:00:00-04:00,6.325417025927379,6.3486151695251465,6.309951105225076,6.3486151695251465,89100,0.0,0.0
2023-06-30 00:00:00-04:00,6.402744324242591,6.480072451721604,6.356348037719727,6.356348037719727,275100,0.0,0.0
2023-07-03 00:00:00-04:00,6.402744109642347,6.418210029602051,6.36408004719874,6.418210029602051,76000,0.0,0.0
2023-07-05 00:00:00-04:00,6.425944289448233,6.4723405838012695,6.379547257639393,6.4723405838012695,130700,0.0,0.0
2023-07-06 00:00:00-04:00,6.4104791630666975,6.425945088077047,6.3563499004422646,6.402746200561523,104500,0.0,0.0
2023-07-07 00:00:00-04:00,6.410477562385461,6.449141627801113,6.395012378692627,6.395012378692627,93300,0.0,0.0
2023-07-10 00:00:00-04:00,6.402744552723887,6.4723397224473596,6.387279369149618,6.464606761932373,65200,0.0,0.0
2023-07-11 00:00:00-04:00,6.487805583268171,6.487805583268171,6.402744493304123,6.425943374633789,105200,0.0,0.0
2023-07-12 00:00:00-04:00,6.456874830023396,6.49553815943031,6.456874830023396,6.480072975158691,111700,0.0,0.0
2023-07-13 00:00:00-04:00,6.49553815943031,6.49553815943031,6.464607053431336,6.480072975158691,120700,0.0,0.0
2023-07-14 00:00:00-04:00,6.487806506889484,6.495538730977788,6.464607622257163,6.4723405838012695,59000,0.0,0.0
2023-07-17 00:00:00-04:00,6.487806432615788,6.487806432615788,6.425944215882748,6.456875324249268,80200,0.0,0.0
2023-07-18 00:00:00-04:00,6.456874830023396,6.487805936022369,6.44140890829604,6.480072975158691,149200,0.0,0.0
2023-07-19 00:00:00-04:00,6.511005379596389,6.541936491763711,6.495539454784786,6.53420352935791,132000,0.0,0.0
2023-07-20 00:00:00-04:00,6.534202801242521,6.541935762786628,6.456875398168858,6.4723405838012695,134000,0.0,0.0
2023-07-21 00:00:00-04:00,6.509717063143778,6.517503984586464,6.447423176805691,6.494143962860107,77100,0.058,0.0
2023-07-24 00:00:00-04:00,6.494143656304598,6.525290598003353,6.4629967146058425,6.486356735229492,128200,0.0,0.0
2023-07-25 00:00:00-04:00,6.501930577379703,6.509716755853142,6.4629967146058425,6.486356735229492,100300,0.0,0.0
2023-07-26 00:00:00-04:00,6.48635571518192,6.50192955488298,6.439635681281836,6.455208778381348,122500,0.0,0.0
2023-07-27 00:00:00-04:00,6.478569999093434,6.501930762985613,6.416276113917665,6.431849956512451,151000,0.0,0.0
2023-07-28 00:00:00-04:00,6.439636092740826,6.486356129626074,6.4084884113485305,6.424062252044678,241500,0.0,0.0
2023-07-31 00:00:00-04:00,6.462995292277182,6.4707822116386,6.416274518710182,6.439635276794434,140900,0.0,0.0
2023-08-01 00:00:00-04:00,6.424063035215058,6.447423056505549,6.416276113917665,6.431849956512451,72600,0.0,0.0
2023-08-02 00:00:00-04:00,6.377341173872286,6.455208888502862,6.353981156523738,6.3695549964904785,146200,0.0,0.0
2023-08-03 00:00:00-04:00,6.35398132550656,6.408488281636626,6.338408227727219,6.3617682456970215,87700,0.0,0.0
2023-08-04 00:00:00-04:00,6.369555100474081,6.416275135933885,6.330621242523193,6.330621242523193,108700,0.0,0.0
2023-08-07 00:00:00-04:00,6.3539807485284765,6.408487699708998,6.3539807485284765,6.400701522827148,93200,0.0,0.0
2023-08-08 00:00:00-04:00,6.377341343476362,6.385128263666823,6.322834387346295,6.3617682456970215,189700,0.0,0.0
2023-08-09 00:00:00-04:00,6.377342642288085,6.377342642288085,6.322835675057111,6.346195697784424,80100,0.0,0.0
2023-08-10 00:00:00-04:00,6.353981156523738,6.447421968519492,6.346194236540368,6.3695549964904785,127000,0.0,0.0
2023-08-11 00:00:00-04:00,6.33062259683346,6.377342642288085,6.322835675057111,6.346195697784424,124800,0.0,0.0
2023-08-14 00:00:00-04:00,6.353981156523738,6.3695549964904785,6.3228342191918205,6.3695549964904785,112900,0.0,0.0
2023-08-15 00:00:00-04:00,6.338409304382364,6.369556247833311,6.268328495967305,6.276115417480469,141000,0.0,0.0
2023-08-16 00:00:00-04:00,6.260539839982568,6.322833709626056,6.244966743872447,6.268326759338379,80500,0.0,0.0
2023-08-17 00:00:00-04:00,6.276113745390419,6.307260680543162,6.1982460362078085,6.21381950378418,152200,0.0,0.0
2023-08-18 00:00:00-04:00,6.182672669394017,6.276113847675864,6.182672669394017,6.260540008544922,143800,0.0,0.0
2023-08-21 00:00:00-04:00,6.258970854211315,6.282500984331851,6.204067466595882,6.243284225463867,137600,0.058,0.0
2023-08-22 00:00:00-04:00,6.274659409304911,6.274659409304911,6.227599508614985,6.235442638397217,78900,0.0,0.0
2023-08-23 00:00:00-04:00,6.235442148300101,6.31387568395072,6.235442148300101,6.306032180786133,103500,0.0,0.0
2023-08-24 00:00:00-04:00,6.3295619515210895,6.3295619515210895,6.180539131164551,6.180539131164551,142400,0.0,0.0
2023-08-25 00:00:00-04:00,6.188382384232048,6.266815547568553,6.188382384232048,6.21975564956665,133600,0.0,0.0
2023-08-28 00:00:00-04:00,6.258972418234315,6.266815547568553,6.204069016899349,6.21975564956665,110200,0.0,0.0
2023-08-29 00:00:00-04:00,6.219755745577978,6.2981889101252175,6.219755745577978,6.2825026512146,99700,0.0,0.0
2023-08-30 00:00:00-04:00,6.306031695802896,6.313875198364258,6.274658433555024,6.313875198364258,86900,0.0,0.0
2023-08-31 00:00:00-04:00,6.337405905925172,6.353092913394173,6.321719646453857,6.321719646453857,195600,0.0,0.0
2023-09-01 00:00:00-04:00,6.337405905925172,6.345249409659672,6.306032638984857,6.321719646453857,99000,0.0,0.0
2023-09-05 00:00:00-04:00,6.313875214696993,6.321718717278644,6.290345454949616,6.298188209533691,150500,0.0,0.0
2023-09-06 00:00:00-04:00,6.282501832445254,6.298188089311555,6.251128196716309,6.251128196716309,110000,0.0,0.0
2023-09-07 00:00:00-04:00,6.2040696144104,6.251129516944621,6.2040696144104,6.2040696144104,152500,0.0,0.0
2023-09-08 00:00:00-04:00,6.211910967968971,6.251127352838226,6.211910967968971,6.243284225463867,103000,0.0,0.0
2023-09-11 00:00:00-04:00,6.274659522356906,6.274659522356906,6.227599620819092,6.227599620819092,136800,0.0,0.0
2023-09-12 00:00:00-04:00,6.219755525048287,6.227599028224323,6.172695627988514,6.180539131164551,133700,0.0,0.0
2023-09-13 00:00:00-04:00,6.188383364532693,6.188383364532693,6.078576918467166,6.094263553619385,280300,0.0,0.0
2023-09-14 00:00:00-04:00,6.141322016451345,6.157008647918701,6.109948753516632,6.157008647918701,158800,0.0,0.0
2023-09-15 00:00:00-04:00,6.125635377696839,6.164852143317975,6.102105617523193,6.102105617523193,127600,0.0,0.0
2023-09-18 00:00:00-04:00,6.102105862812402,6.141322256011143,6.102105862812402,6.125635623931885,108200,0.0,0.0
2023-09-19 00:00:00-04:00,6.125635258088408,6.133478760659002,6.086418867231802,6.117792129516602,117200,0.0,0.0
2023-09-20 00:00:00-04:00,6.149166963651589,6.188383364532693,6.094263553619385,6.094263553619385,193800,0.0,0.0
2023-09-21 00:00:00-04:00,6.076876150051557,6.100582867924644,6.0294623374938965,6.0294623374938965,172100,0.058,0.0
2023-09-22 00:00:00-04:00,6.037365726692337,6.108486648960254,6.037365726692337,6.061072826385498,165400,0.0,0.0
2023-09-25 00:00:00-04:00,6.021560959711478,6.092681880096054,6.021560959711478,6.0452680587768555,188000,0.0,0.0
2023-09-26 00:00:00-04:00,6.029462990290236,6.029462990290236,5.903025766302581,5.9583420753479,289100,0.0,0.0
2023-09-27 00:00:00-04:00,5.9741466894989665,6.037365113174374,5.950439969026452,6.00575590133667,182200,0.0,0.0
2023-09-28 00:00:00-04:00,5.97414684991561,6.0531698816317805,5.97414684991561,6.0215606689453125,158300,0.0,0.0
2023-09-29 00:00:00-04:00,6.053169888572725,6.07687698652053,5.9978539547137455,6.068974494934082,295000,0.0,0.0
2023-10-02 00:00:00-04:00,6.061072540778229,6.084779262542725,6.037365442202184,6.084779262542725,132600,0.0,0.0
2023-10-03 00:00:00-04:00,6.068973659552871,6.084778263738757,6.005755242809323,6.0294623374938965,115000,0.0,0.0
2023-10-04 00:00:00-04:00,6.013657927155677,6.053169250488281,5.966244113069652,6.053169250488281,140200,0.0,0.0
2023-10-05 00:00:00-04:00,6.03736510483298,6.068974316627012,5.9109282576568525,5.9583420753479,166300,0.0,0.0
2023-10-06 00:00:00-04:00,5.958342408301281,6.09268175433859,5.950440293316965,6.084779262542725,175900,0.0,0.0
2023-10-09 00:00:00-04:00,6.092682044840516,6.11638876773536,6.053170337600354,6.108486652374268,133300,0.0,0.0
2023-10-10 00:00:00-04:00,6.108486336429451,6.163802648342279,6.100583844665526,6.124290943145752,152800,0.0,0.0
2023-10-11 00:00:00-04:00,6.1559001814593115,6.171704788239492,6.068974655762545,6.084779262542725,140400,0.0,0.0
2023-10-12 00:00:00-04:00,6.1163884761030864,6.1163884761030864,6.029463327217868,6.084779262542725,86900,0.0,0.0
2023-10-13 00:00:00-04:00,6.124291094308852,6.13219358626783,6.029463451670456,6.0452680587768555,100900,0.0,0.0
2023-10-16 00:00:00-04:00,6.061072700565061,6.108486522155564,6.053170208560865,6.100584030151367,121300,0.0,0.0
2023-10-17 00:00:00-04:00,6.084779549267092,6.092682041435335,6.037365726692337,6.061072826385498,116100,0.0,0.0
2023-10-18 00:00:00-04:00,6.05317065411321,6.234923838660788,6.005756829032745,6.187510013580322,940300,0.0,0.0
2023-10-19 00:00:00-04:00,6.179608086782649,6.1954126956261195,6.116389274597168,6.116389274597168,176900,0.0,0.0
2023-10-20 00:00:00-04:00,6.114797019870397,6.154607049054295,6.05110127690142,6.05906343460083,223800,0.058,0.0
2023-10-23 00:00:00-04:00,6.059063310151782,6.130720829691796,5.995367568491073,6.01129150390625,230800,0.0,0.0
2023-10-24 00:00:00-04:00,6.051099666937599,6.082947529948601,5.963517853829105,5.995366096496582,157000,0.0,0.0
2023-10-25 00:00:00-04:00,5.995366323185721,5.995366323185721,5.899822350883651,5.923708438873291,97800,0.0,0.0
2023-10-26 00:00:00-04:00,5.899821986160239,5.915745917283428,5.748544450661712,5.796316623687744,290100,0.0,0.0
2023-10-27 00:00:00-04:00,5.796316894324321,5.828164758057712,5.732620787201058,5.7405829429626465,97000,0.0,0.0
2023-10-30 00:00:00-04:00,5.78835516349134,5.875936985015869,5.78835516349134,5.875936985015869,103500,0.0,0.0
2023-10-31 00:00:00-04:00,5.915747193099848,5.931671127657264,5.860013611977167,5.907785415649414,112700,0.0,0.0
2023-11-01 00:00:00-04:00,5.923709790963467,6.082949148385908,5.891861919478978,6.05906343460083,160500,0.0,0.0
2023-11-02 00:00:00-04:00,6.106834540574617,6.154606342315674,6.067024515962138,6.154606342315674,106600,0.0,0.0
2023-11-03 00:00:00-04:00,6.178491748317774,6.2342253210110465,6.082947775767255,6.09887170791626,185100,0.0,0.0
2023-11-06 00:00:00-05:00,6.138682645370014,6.138682645370014,6.059062972728074,6.082948684692383,65700,0.0,0.0
2023-11-07 00:00:00-05:00,6.059062669749577,6.1705302058744484,6.051100513055251,6.146644115447998,122600,0.0,0.0
2023-11-08 00:00:00-05:00,6.1705295924150265,6.1705295924150265,6.082947775767255,6.09887170791626,112200,0.0,0.0
2023-11-09 00:00:00-05:00,6.130719919311617,6.130719919311617,6.043138477361816,6.051100254058838,51500,0.0,0.0
2023-11-10 00:00:00-05:00,6.098872314251624,6.146644115447998,6.0829483805194995,6.146644115447998,75000,0.0,0.0
2023-11-13 00:00:00-05:00,6.146643823635606,6.202377778880332,6.146643823635606,6.178492069244385,89600,0.0,0.0
2023-11-14 00:00:00-05:00,6.218303203582764,6.2899611089938405,6.202379266786591,6.218303203582764,179000,0.0,0.0
2023-11-15 00:00:00-05:00,6.21830271329958,6.242188806438836,6.1944169998168945,6.1944169998168945,122700,0.0,0.0
2023-11-16 00:00:00-05:00,6.178493659054317,6.2581133444222115,6.170531500689224,6.242189407348633,110100,0.0,0.0
2023-11-17 00:00:00-05:00,6.266074333769858,6.313846138972601,6.226264685929184,6.30588436126709,98100,0.0,0.0
2023-11-20 00:00:00-05:00,6.266075252762887,6.321809223501738,6.250151315359875,6.313847064971924,175200,0.0,0.0
2023-11-21 00:00:00-05:00,6.288179482084425,6.392447471618652,6.2801586615682226,6.392447471618652,251900,0.058,0.0
2023-11-22 00:00:00-05:00,6.408488730197285,6.42453037122969,6.37640621304002,6.392447471618652,113900,0.0,0.0
2023-11-24 00:00:00-05:00,6.400468349456787,6.416509608179084,6.38442709073449,6.400468349456787,31100,0.0,0.0
2023-11-27 00:00:00-05:00,6.4004687886103575,6.408489227294922,6.352345009141564,6.408489227294922,127100,0.0,0.0
2023-11-28 00:00:00-05:00,6.424530428767119,6.456612946211713,6.39244752886875,6.400468349456787,92700,0.0,0.0
2023-11-29 00:00:00-05:00,6.432551191745893,6.44057124735455,6.352344516398956,6.392447471618652,180500,0.0,0.0
2023-11-30 00:00:00-05:00,6.384427033556222,6.408488730197285,6.360364954461387,6.392447471618652,148400,0.0,0.0
2023-12-01 00:00:00-05:00,6.392448407380699,6.408489668307541,6.3443246246001745,6.376407146453857,196200,0.0,0.0
2023-12-04 00:00:00-05:00,6.352346286244986,6.360366726542015,6.232036622158521,6.2641191482543945,187600,0.0,0.0
2023-12-05 00:00:00-05:00,6.232034761290808,6.272138098162848,6.232034761290808,6.256096839904785,110500,0.0,0.0
2023-12-06 00:00:00-05:00,6.280160411302331,6.296201674350268,6.2400574449094295,6.2641191482543945,99700,0.0,0.0
2023-12-07 00:00:00-05:00,6.264119693874089,6.2962022227644265,6.240057988433292,6.288181781768799,110600,0.0,0.0
2023-12-08 00:00:00-05:00,6.256096839904785,6.272138098162848,6.199952244774682,6.256096839904785,221500,0.0,0.0
2023-12-11 00:00:00-05:00,6.2320352182789795,6.296200256016382,6.183911439975928,6.280158996582031,164600,0.0,0.0
2023-12-12 00:00:00-05:00,6.296200332218131,6.312241591846626,6.280159072589637,6.304221153259277,110100,0.0,0.0
2023-12-13 00:00:00-05:00,6.320262035930668,6.392447508726664,6.304220777258916,6.384427070617676,85400,0.0,0.0
2023-12-14 00:00:00-05:00,6.400468292134855,6.408488730197285,6.352344516398956,6.392447471618652,138200,0.0,0.0
2023-12-15 00:00:00-05:00,6.360365390064621,6.360365390064621,6.312241611032863,6.320262432098389,85300,0.0,0.0
2023-12-18 00:00:00-05:00,6.320262375253639,6.3603653328591845,6.296200294727277,6.312241554260254,155800,0.0,0.0
2023-12-19 00:00:00-05:00,6.352345870999616,6.376407572771696,6.296201262775005,6.328283786773682,174800,0.0,0.0
2023-12-20 00:00:00-05:00,6.296201674350268,6.360366726542015,6.256098707957366,6.2641191482543945,166500,0.0,0.0
2023-12-21 00:00:00-05:00,6.2625012180743775,6.343307608341317,6.2625012180743775,6.3029046058654785,187000,0.058,0.0
2023-12-22 00:00:00-05:00,6.319066713138612,6.351389273486917,6.286744152790306,6.294824600219727,206000,0.0,0.0
2023-12-26 00:00:00-05:00,6.294825362326085,6.343309208718418,6.286744913918375,6.319067478179932,129000,0.0,0.0
2023-12-27 00:00:00-05:00,6.327147322610759,6.327147322610759,6.27058303321023,6.310986042022705,217700,0.0,0.0
2023-12-28 00:00:00-05:00,6.294824600219727,6.310985880393879,6.278663320045574,6.294824600219727,154200,0.0,0.0
2023-12-29 00:00:00-05:00,6.310986803518069,6.33522891998291,6.262502955903755,6.33522891998291,347200,0.0,0.0
2024-01-02 00:00:00-05:00,6.302904919757897,6.310985366529376,6.262501529954658,6.286743640899658,128900,0.0,0.0
2024-01-03 00:00:00-05:00,6.29482558723337,6.29482558723337,6.230180456400557,6.254422187805176,119200,0.0,0.0
2024-01-04 00:00:00-05:00,6.222099113746852,6.262502509872164,6.108970144037457,6.246341228485107,213800,0.0,0.0
2024-01-05 00:00:00-05:00,6.254421676520964,6.270583343223363,6.214018665710994,6.246341228485107,114300,0.0,0.0
2024-01-08 00:00:00-05:00,6.230179328297318,6.327147006988525,6.21401804851545,6.327147006988525,109800,0.0,0.0
2024-01-09 00:00:00-05:00,6.302906196049153,6.3271479265876405,6.262502798064529,6.319067478179932,113800,0.0,0.0
2024-01-10 00:00:00-05:00,6.327146854970182,6.359469413757324,6.310985575576611,6.359469413757324,119500,0.0,0.0
2024-01-11 00:00:00-05:00,6.367550855664355,6.448357260367643,6.319067012842383,6.416034698486328,247700,0.0,0.0
2024-01-12 00:00:00-05:00,6.367550106083776,6.456436948136071,6.367550106083776,6.4402756690979,110700,0.0,0.0
2024-01-16 00:00:00-05:00,6.448357613223613,6.46451889504862,6.391792934178411,6.407954216003418,104800,0.0,0.0
2024-01-17 00:00:00-05:00,6.407953075534344,6.440275633431683,6.383711349768982,6.43219518661499,115700,0.0,0.0
2024-01-18 00:00:00-05:00,6.4564372376818255,6.480679735299191,6.448356790458007,6.464518070220947,161200,0.0,0.0
2024-01-19 00:00:00-05:00,6.464517943281322,6.488759669792062,6.456437110900879,6.456437110900879,162500,0.0,0.0
2024-01-22 00:00:00-05:00,6.47922762184248,6.503646603950938,6.422249350034871,6.487367153167725,301300,0.058,0.0
2024-01-23 00:00:00-05:00,6.462949987585404,6.48736897655725,6.43039107686772,6.4466705322265625,293200,0.0,0.0
2024-01-24 00:00:00-05:00,6.487368740892403,6.495508662342542,6.454809831357478,6.462949752807617,207900,0.0,0.0
2024-01-25 00:00:00-05:00,6.471088886260986,6.479228807208141,6.462949353446625,6.471088886260986,243300,0.0,0.0
2024-01-26 00:00:00-05:00,6.454809831357478,6.487368740892403,6.454809831357478,6.462949752807617,149000,0.0,0.0
2024-01-29 00:00:00-05:00,6.4629490555175835,6.511787414550781,6.4629490555175835,6.511787414550781,161900,0.0,0.0
2024-01-30 00:00:00-05:00,6.487369225585742,6.5117886036277985,6.471089769601986,6.495509147644043,155700,0.0,0.0
2024-01-31 00:00:00-05:00,6.47922762184248,6.511786523408906,6.471087702384511,6.487367153167725,221300,0.0,0.0
2024-02-01 00:00:00-05:00,6.471090795351137,6.544348552956735,6.471090795351137,6.536208629608154,215000,0.0,0.0
2024-02-02 00:00:00-05:00,6.536205459475103,6.552485298276361,6.471087656800952,6.544345378875732,181900,0.0,0.0
2024-02-05 00:00:00-05:00,6.536207218867468,6.568766128968632,6.519928151949711,6.560626983642578,189500,0.0,0.0
2024-02-06 00:00:00-05:00,6.568765200915968,6.6827217583027805,6.568765200915968,6.666441917419434,414300,0.0,0.0
2024-02-07 00:00:00-05:00,6.68272272212734,6.7397006209056896,6.650163811930333,6.699001789093018,238100,0.0,0.0
2024-02-08 00:00:00-05:00,6.690861381813861,6.7234202858701,6.666441621572554,6.7071404457092285,175700,0.0,0.0
2024-02-09 00:00:00-05:00,6.715280865719435,6.739699851513148,6.715280865719435,6.731560707092285,105800,0.0,0.0
2024-02-12 00:00:00-05:00,6.715282444052161,6.7804002723174674,6.715282444052161,6.7478413581848145,153100,0.0,0.0
2024-02-13 00:00:00-05:00,6.682723526071641,6.739701431704541,6.682723526071641,6.715282440185547,256000,0.0,0.0
2024-02-14 00:00:00-05:00,6.747839938390583,6.780398845672607,6.739700017503682,6.780398845672607,148600,0.0,0.0
2024-02-15 00:00:00-05:00,6.788539252366419,6.829238083447867,6.788539252366419,6.812958240509033,124000,0.0,0.0
2024-02-16 00:00:00-05:00,6.796678999162749,6.796678999162749,6.755980169127252,6.77225923538208,98500,0.0,0.0
2024-02-20 00:00:00-05:00,6.772260349717868,6.796680117516667,6.72342236665176,6.7478413581848145,217400,0.0,0.0
2024-02-21 00:00:00-05:00,6.738004615497795,6.811778511341221,6.738004615497795,6.7625956535339355,109700,0.058,0.0
2024-02-22 00:00:00-05:00,6.811778066155057,6.828171829862728,6.770792484283447,6.770792484283447,170900,0.0,0.0
2024-02-23 00:00:00-05:00,6.811776161193848,6.844564461174666,6.746198779497477,6.811776161193848,200100,0.0,0.0
2024-02-26 00:00:00-05:00,6.828170262783381,6.836367533623403,6.803579231998089,6.819972991943359,138300,0.0,0.0
2024-02-27 00:00:00-05:00,6.8035788907649595,6.828169920316889,6.787184349907183,6.811776161193848,139200,0.0,0.0
2024-02-28 00:00:00-05:00,6.811776161193848,6.819972649888001,6.7707905907841415,6.811776161193848,122100,0.0,0.0
2024-02-29 00:00:00-05:00,6.8691563519152705,6.885550113093604,6.8035797437322705,6.8281707763671875,137100,0.0,0.0
2024-03-01 00:00:00-05:00,6.828171698195824,6.877354551840359,6.819974425632578,6.860960006713867,143000,0.0,0.0
2024-03-04 00:00:00-05:00,6.860961365486129,6.910144228871035,6.860961365486129,6.885552406311035,159300,0.0,0.0
2024-03-05 00:00:00-05:00,6.8855505283589915,6.910142344211866,6.836368460123003,6.852762222290039,140600,0.0,0.0
2024-03-06 00:00:00-05:00,6.86915772268124,6.934734343950297,6.86915772268124,6.893748760223389,106500,0.0,0.0
2024-03-07 00:00:00-05:00,6.91833986683595,6.942931686358605,6.885551555874073,6.9101433753967285,178000,0.0,0.0
2024-03-08 00:00:00-05:00,6.92653669429773,6.92653669429773,6.828171767741738,6.877354621887207,188400,0.0,0.0
2024-03-11 00:00:00-04:00,6.869157349240471,6.885551112798996,6.84456631303521,6.877354621887207,146800,0.0,0.0
2024-03-12 00:00:00-04:00,6.877355064434852,6.9265371400101685,6.860960518086415,6.9101433753967285,89800,0.0,0.0
2024-03-13 00:00:00-04:00,6.91833986683595,6.9265371400101685,6.877355064434852,6.9101433753967285,147800,0.0,0.0
2024-03-14 00:00:00-04:00,6.926537995509275,6.934735269695941,6.877355913859462,6.885552406311035,168300,0.0,0.0
2024-03-15 00:00:00-04:00,6.869155945884729,6.893746977066089,6.803579341577912,6.844564914703369,140700,0.0,0.0
2024-03-18 00:00:00-04:00,6.852761403940631,6.852761403940631,6.787184799633815,6.844564914703369,357800,0.0,0.0
2024-03-19 00:00:00-04:00,6.828173050474557,6.893749680497702,6.81997577628789,6.885552406311035,164200,0.0,0.0
2024-03-20 00:00:00-04:00,6.908662982713574,6.9499335289001465,6.892155236541063,6.9499335289001465,164700,0.058,0.0
2024-03-21 00:00:00-04:00,6.982949354988319,6.982949354988319,6.892154789009623,6.9004082679748535,272700,0.0,0.0
2024-03-22 00:00:00-04:00,6.9169168002456045,6.92517106638098,6.859138511638265,6.9004082679748535,203800,0.0,0.0
2024-03-25 00:00:00-04:00,6.867391776960534,6.925170850940524,6.867391776960534,6.90866231918335,115200,0.0,0.0
2024-03-26 00:00:00-04:00,6.900406740229958,6.92516953315362,6.8838989987841535,6.892153263092041,120300,0.0,0.0
2024-03-27 00:00:00-04:00,6.892154574596295,6.916916585061936,6.842629766494892,6.90866231918335,291200,0.0,0.0
2024-03-28 00:00:00-04:00,6.908661004537845,6.941677274599425,6.8838989987841535,6.892153263092041,186000,0.0,0.0
2024-04-01 00:00:00-04:00,6.892153263092041,6.916915268845733,6.842628464414686,6.892153263092041,275800,0.0,0.0
2024-04-02 00:00:00-04:00,6.850885607803594,6.8591398755803334,6.784853039930283,6.8426313400268555,236600,0.0,0.0
2024-04-03 00:00:00-04:00,6.817867141979454,6.90866169695616,6.817867141979454,6.883899688720703,182600,0.0,0.0
2024-04-04 00:00:00-04:00,6.883900669000267,6.9251712133830585,6.834375858306885,6.834375858306885,292600,0.0,0.0
2024-04-05 00:00:00-04:00,6.826123039708182,6.892155602242339,6.817868772598852,6.875647068023682,188100,0.0,0.0
2024-04-08 00:00:00-04:00,6.867392296919968,6.933424854608032,6.8591388175865955,6.925171375274658,274100,0.0,0.0
2024-04-09 00:00:00-04:00,6.933424400959022,6.974694943606304,6.925170922165668,6.966440677642822,374300,0.0,0.0
2024-04-10 00:00:00-04:00,6.949933482879388,6.949933482879388,6.908662936966099,6.933424949645996,300300,0.0,0.0
2024-04-11 00:00:00-04:00,6.933424400959022,6.982949209569786,6.916916656202186,6.966440677642822,207800,0.0,0.0
2024-04-12 00:00:00-04:00,6.941678811481586,6.958187343752337,6.892154789009623,6.9004082679748535,185200,0.0,0.0
2024-04-15 00:00:00-04:00,6.94993281272923,6.94993281272923,6.793104910814968,6.801359176635742,192500,0.0,0.0
2024-04-16 00:00:00-04:00,6.842630507146571,6.842630507146571,6.809614227228634,6.826122760772705,199700,0.0,0.0
2024-04-17 00:00:00-04:00,6.867391776820163,6.867391776820163,6.801359224133056,6.817867755889893,150600,0.0,0.0
2024-04-18 00:00:00-04:00,6.834375858306885,6.867392136379086,6.817868112855865,6.834375858306885,153900,0.0,0.0
2024-04-19 00:00:00-04:00,6.850884104438972,6.850884104438972,6.784851551055908,6.784851551055908,167800,0.0,0.0
2024-04-22 00:00:00-04:00,6.805651610572822,6.905489921569824,6.805651610572822,6.905489921569824,171600,0.065,0.0
2024-04-23 00:00:00-04:00,6.880529031660762,6.947087891046727,6.880529031660762,6.922127723693848,161500,0.0,0.0
2024-04-24 00:00:00-04:00,6.947089825358971,6.947089825358971,6.8722108893398035,6.888850212097168,93600,0.0,0.0
2024-04-25 00:00:00-04:00,6.847250312880183,6.880530543329099,6.739092737698667,6.75573205947876,165100,0.0,0.0
2024-04-26 00:00:00-04:00,6.797330293427503,6.863889155092255,6.789010237358355,6.813969612121582,213600,0.0,0.0
2024-04-29 00:00:00-04:00,6.8139699741264765,6.822290030637644,6.772371278459162,6.80565071105957,188000,0.0,0.0
2024-04-30 00:00:00-04:00,6.805651100003215,6.830610477518886,6.789010986029896,6.822290420532227,125900,0.0,0.0
2024-05-01 00:00:00-04:00,6.797330293427503,6.863889155092255,6.789010237358355,6.813969612121582,183500,0.0,0.0
2024-05-02 00:00:00-04:00,6.8389309946661,6.863890373861175,6.79733150037807,6.855570316314697,112400,0.0,0.0
2024-05-03 00:00:00-04:00,6.930447779478141,6.938767835262434,6.863888920092176,6.922127723693848,120300,0.0,0.0
2024-05-06 00:00:00-04:00,6.9221289187348685,7.030287282270642,6.90548959773785,6.997007846832275,132200,0.0,0.0
2024-05-07 00:00:00-04:00,7.013648147044561,7.030287468482308,6.98036871072472,7.02196741104126,125300,0.0,0.0
2024-05-08 00:00:00-04:00,7.013648713355764,7.030288036137038,6.988688539017232,7.00532865524292,84400,0.0,0.0
2024-05-09 00:00:00-04:00,7.021966732303592,7.03028678894043,7.005327412474189,7.03028678894043,58200,0.0,0.0
2024-05-10 00:00:00-04:00,7.030287468482308,7.038607525923355,7.013648147044561,7.02196741104126,105400,0.0,0.0
2024-05-13 00:00:00-04:00,7.030288036137038,7.030288036137038,6.988688539017232,7.00532865524292,143300,0.0,0.0
2024-05-14 00:00:00-04:00,7.021968342924543,7.063567842206089,7.013649077823797,7.055247783660889,91300,0.0,0.0
2024-05-15 00:00:00-04:00,7.07188756314734,7.105167002294962,7.055247446851321,7.088527679443359,164900,0.0,0.0
2024-05-16 00:00:00-04:00,7.096847855488522,7.113487973921383,7.038609027862549,7.038609027862549,122000,0.0,0.0
2024-05-17 00:00:00-04:00,7.05524616540667,7.071886278680345,7.013647469111026,7.03028678894043,81900,0.0,0.0
2024-05-20 00:00:00-04:00,7.055246238529032,7.07188635197517,7.038606918527176,7.046926975250244,115500,0.0,0.0
2024-05-21 00:00:00-04:00,7.055246137257116,7.096845626831055,7.055246137257116,7.096845626831055,101100,0.0,0.0
2024-05-22 00:00:00-04:00,7.0718862504644,7.130125059801352,7.0718862504644,7.096845626831055,136100,0.0,0.0
2024-05-23 00:00:00-04:00,7.10942322831888,7.1513421595240425,7.084272189410627,7.092656135559082,89000,0.065,0.0
2024-05-24 00:00:00-04:00,7.126188151612675,7.201642036437988,7.117804208957246,7.201642036437988,88200,0.0,0.0
2024-05-28 00:00:00-04:00,7.218409957714952,7.22679390134079,7.109421089189659,7.151340007781982,92900,0.0,0.0
2024-05-29 00:00:00-04:00,7.134573936462402,7.184876006309754,7.101038956718507,7.134573936462402,211100,0.0,0.0
2024-05-30 00:00:00-04:00,7.126190185546875,7.159725166203262,7.109422295450178,7.126190185546875,170500,0.0,0.0
2024-05-31 00:00:00-04:00,7.1764916454978644,7.201642676161548,7.101037753969965,7.15972375869751,159800,0.0,0.0
2024-06-03 00:00:00-04:00,7.1764916454978644,7.201642676161548,7.1345727280338265,7.15972375869751,99700,0.0,0.0
2024-06-04 00:00:00-04:00,7.17649217780046,7.226794242858887,7.151340345734338,7.226794242858887,114800,0.0,0.0
2024-06-05 00:00:00-04:00,7.251946818283357,7.293865747775155,7.24356367201466,7.277098655700684,114300,0.0,0.0
2024-06-06 00:00:00-04:00,7.285480085560786,7.285480085560786,7.2435619654816845,7.268712997436523,186400,0.0,0.0
2024-06-07 00:00:00-04:00,7.268715313150181,7.293866353117798,7.260331366648593,7.285482406616211,90000,0.0,0.0
2024-06-10 00:00:00-04:00,7.310631313720724,7.335782343599898,7.201642451528535,7.218409538269043,392300,0.0,0.0
2024-06-11 00:00:00-04:00,7.226795241486914,7.293865203857422,7.210028150662796,7.293865203857422,185900,0.0,0.0
2024-06-12 00:00:00-04:00,7.31901606846659,7.352551848403527,7.293865033050887,7.335783958435059,188000,0.0,0.0
2024-06-13 00:00:00-04:00,7.369318265631529,7.377702209849871,7.327399344076743,7.344167232513428,71200,0.0,0.0
2024-06-14 00:00:00-04:00,7.344166186218728,7.360933272729745,7.319014357146983,7.327398300170898,86200,0.0,0.0
2024-06-17 00:00:00-04:00,7.319016156761765,7.360935082651639,7.319016156761765,7.3525519371032715,87300,0.0,0.0
2024-06-18 00:00:00-04:00,7.327400101847142,7.360935082651639,7.327400101847142,7.3525519371032715,73800,0.0,0.0
2024-06-20 00:00:00-04:00,7.352551848403527,7.360934993850762,7.2854810880666525,7.335783958435059,180600,0.0,0.0
2024-06-21 00:00:00-04:00,7.356900215148926,7.365346906961796,7.31466756160544,7.356900215148926,138800,0.065,0.0
2024-06-24 00:00:00-04:00,7.356900551163178,7.4075798988342285,7.306221203492127,7.4075798988342285,207800,0.0,0.0
2024-06-25 00:00:00-04:00,7.4244729529044635,7.4244729529044635,7.306221671117426,7.373793601989746,136100,0.0,0.0
2024-06-26 00:00:00-04:00,7.373793127601675,7.399133204189274,7.348453856534979,7.390686511993408,111100,0.0,0.0
2024-06-27 00:00:00-04:00,7.373793127601675,7.399133204189274,7.348453856534979,7.390686511993408,131500,0.0,0.0
2024-06-28 00:00:00-04:00,7.424471853231363,7.500490465583491,7.4075792757758,7.416025161743164,215600,0.0,0.0
2024-07-01 00:00:00-04:00,7.46670532024535,7.500491284365518,7.407580084415288,7.449811935424805,221900,0.0,0.0
2024-07-02 00:00:00-04:00,7.44981226664698,7.500491617840921,7.432919686596306,7.483598232269287,106600,0.0,0.0
2024-07-03 00:00:00-04:00,7.492044307354129,7.5511695409381945,7.475151728696208,7.534276962280273,102700,0.0,0.0
2024-07-05 00:00:00-04:00,7.525830270190865,7.534276962280273,7.492044307354129,7.534276962280273,98300,0.0,0.0
2024-07-08 00:00:00-04:00,7.551167622343247,7.551167622343247,7.492042403781672,7.51738166809082,84900,0.0,0.0
2024-07-09 00:00:00-04:00,7.508938310626738,7.551170163513902,7.4667056522186135,7.483598232269287,141900,0.0,0.0
2024-07-10 00:00:00-04:00,7.517382153722375,7.5511681101574135,7.50893626875417,7.542722225189209,99700,0.0,0.0
2024-07-11 00:00:00-04:00,7.551170163513902,7.576510241871353,7.432919686596306,7.483598232269287,220500,0.0,0.0
2024-07-12 00:00:00-04:00,7.508938789367675,7.5342780638197,7.475152821591305,7.508938789367676,113900,0.0,0.0
2024-07-15 00:00:00-04:00,7.517383241628542,7.54272331676256,7.458258010690881,7.492043972015381,157400,0.0,0.0
2024-07-16 00:00:00-04:00,7.50893769020493,7.559616231690625,7.483597613941189,7.525830268859863,144400,0.0,0.0
2024-07-17 00:00:00-04:00,7.458258100340769,7.475151483966511,7.3484535233360555,7.356900215148926,142700,0.0,0.0
2024-07-18 00:00:00-04:00,7.373792597622325,7.407579363977422,7.255542137462868,7.289328098297119,122200,0.0,0.0
2024-07-19 00:00:00-04:00,7.314667363858051,7.3400066330907645,7.255542133808105,7.272434711456299,60800,0.0,0.0
2024-07-22 00:00:00-04:00,7.331561933494545,7.458259105682373,7.314668547591648,7.458259105682373,142900,0.0,0.0
2024-07-23 00:00:00-04:00,7.479531006752271,7.61567706192725,7.454003824280588,7.590149879455566,410800,0.065,0.0
2024-07-24 00:00:00-04:00,7.556112938018204,7.581640119045159,7.496549245123826,7.547603607177734,306200,0.0,0.0
2024-07-25 00:00:00-04:00,7.581639938242525,7.641203629716462,7.53909409654924,7.5731306076049805,270800,0.0,0.0
2024-07-26 00:00:00-04:00,7.615677052105766,7.632695714727939,7.5731312070448285,7.607167720794678,132200,0.0,0.0
2024-07-29 00:00:00-04:00,7.658222290991549,7.658222290991549,7.49654906635039,7.5731306076049805,211000,0.0,0.0
2024-07-30 00:00:00-04:00,7.598660876253523,7.632697397507399,7.479532646117619,7.539096355438232,168200,0.0,0.0
2024-07-31 00:00:00-04:00,7.607169741703908,7.683752120859454,7.539096696120025,7.64120626449585,216900,0.0,0.0
2024-08-01 00:00:00-04:00,7.6582227069313245,7.6582227069313245,7.462512960604874,7.4795308113098145,173800,0.0,0.0
2024-08-02 00:00:00-04:00,7.3774221597288525,7.428476529477422,7.31785845785733,7.385931491851807,224700,0.0,0.0
2024-08-05 00:00:00-04:00,7.207239550550192,7.292330437010375,7.028547634040862,7.147675037384033,235900,0.0,0.0
2024-08-06 00:00:00-04:00,7.249784656729196,7.419967223707572,7.249784656729196,7.3774213790893555,188800,0.0,0.0
2024-08-07 00:00:00-04:00,7.454002333334601,7.479529510700351,7.300837646151428,7.334874153137207,239600,0.0,0.0
2024-08-08 00:00:00-04:00,7.402948502742523,7.462513009334967,7.394439171587248,7.436985015869141,144300,0.0,0.0
2024-08-09 00:00:00-04:00,7.454004764556885,7.496550615039585,7.4199682464696455,7.454004764556885,74400,0.0,0.0
2024-08-12 00:00:00-04:00,7.454004882284615,7.522077919534232,7.402949698600095,7.488041400909424,71900,0.0,0.0
2024-08-13 00:00:00-04:00,7.496550493960358,7.573132049798802,7.496550493960358,7.556114196777344,98400,0.0,0.0
2024-08-14 00:00:00-04:00,7.598659630177462,7.632696145849815,7.334876025095813,7.4965500831604,282200,0.0,0.0
2024-08-15 00:00:00-04:00,7.590149879455566,7.61567706192725,7.556113365661822,7.590149879455566,111800,0.0,0.0
2024-08-16 00:00:00-04:00,7.581640102015314,7.743314141643267,7.581640102015314,7.709277629852295,189500,0.0,0.0
2024-08-19 00:00:00-04:00,7.709277925169222,7.7348051071167,7.658222749779784,7.734805107116699,117500,0.0,0.0
2024-08-20 00:00:00-04:00,7.709278941593548,7.734806126906639,7.6752424240112305,7.6752424240112305,92200,0.0,0.0
2024-08-21 00:00:00-04:00,7.7177853655101,7.726294695467413,7.641203018883024,7.700767517089844,160500,0.0,0.0
2024-08-22 00:00:00-04:00,7.747908500053578,7.756479391500814,7.670772111758849,7.68791389465332,211300,0.065,0.0
2024-08-23 00:00:00-04:00,7.705051368865475,7.799329497335319,7.705051368865475,7.7907586097717285,185600,0.0,0.0
2024-08-26 00:00:00-04:00,7.833613985013994,7.84218405713252,7.747906724908662,7.765048503875732,203800,0.0,0.0
2024-08-27 00:00:00-04:00,7.765048740314315,7.782189702438302,7.670770587854765,7.705053329467773,106500,0.0,0.0
2024-08-28 00:00:00-04:00,7.6964830357804,7.739336670456736,7.610776583792825,7.636488437652588,88500,0.0,0.0
2024-08-29 00:00:00-04:00,7.679341793060303,7.73076631627481,7.6279172698457955,7.679341793060303,90300,0.0,0.0
2024-08-30 00:00:00-04:00,7.747906724908662,7.807901316563389,7.696482205372462,7.765048503875732,171700,0.0,0.0
2024-09-03 00:00:00-04:00,7.765050282948049,7.765050282948049,7.670772111758849,7.68791389465332,79000,0.0,0.0
2024-09-04 00:00:00-04:00,7.696482975637601,7.747907500320377,7.645059268319918,7.67077112197876,158100,0.0,0.0
2024-09-05 00:00:00-04:00,7.68791389465332,7.722196643077067,7.636489363335102,7.68791389465332,89500,0.0,0.0
2024-09-06 00:00:00-04:00,7.713623109608473,7.713623109608473,7.6107748995641495,7.627915859222412,81200,0.0,0.0
2024-09-09 00:00:00-04:00,7.670771181920637,7.705053926188687,7.593634802976252,7.636488437652588,162000,0.0,0.0
2024-09-10 00:00:00-04:00,7.679343123100814,7.696484088897705,7.627918590979724,7.696484088897705,69900,0.0,0.0
2024-09-11 00:00:00-04:00,7.713622778926812,7.756476402282715,7.670769155570909,7.756476402282715,114700,0.0,0.0
2024-09-12 00:00:00-04:00,7.773618575994258,7.773618575994258,7.670770354286866,7.765048503875732,156100,0.0,0.0
2024-09-13 00:00:00-04:00,7.7650484478799955,7.807901260258629,7.7650484478799955,7.799331188201904,122900,0.0,0.0
2024-09-16 00:00:00-04:00,7.807902593154432,7.833615265809056,7.765049773460345,7.816473484039307,77500,0.0,0.0
2024-09-17 00:00:00-04:00,7.902178871670997,7.919319831983542,7.79933065770088,7.833613395690918,137200,0.0,0.0
2024-09-18 00:00:00-04:00,7.842183467164718,7.859325244842211,7.782188880023386,7.833613395690918,130800,0.0,0.0
2024-09-19 00:00:00-04:00,7.9278912703305675,7.9278912703305675,7.8336139386645245,7.876466751098633,184700,0.0,0.0
2024-09-20 00:00:00-04:00,7.889415023397601,7.923941969581925,7.820361131028954,7.8807830810546875,75600,0.065,0.0
2024-09-23 00:00:00-04:00,7.880785571927833,7.915312529025062,7.872153626856628,7.906680583953857,92300,0.0,0.0
2024-09-24 00:00:00-04:00,7.932573807151908,7.932573807151908,7.846256845467458,7.872151851654053,152200,0.0,0.0
2024-09-25 00:00:00-04:00,7.898046383548586,7.898046383548586,7.854888316891784,7.889415264129639,65900,0.0,0.0
2024-09-26 00:00:00-04:00,7.906678800965313,7.91531074408998,7.863519908529386,7.872151851654053,67600,0.0,0.0
2024-09-27 00:00:00-04:00,7.915310268761191,7.932573330786441,7.846256374285481,7.889415264129639,104700,0.0,0.0
2024-09-30 00:00:00-04:00,7.915310735358175,7.949837684631348,7.854888779926975,7.949837684631348,183100,0.0,0.0
2024-10-01 00:00:00-04:00,7.91531229019165,7.9239442350023985,7.837626433270048,7.91531229019165,108300,0.0,0.0
2024-10-02 00:00:00-04:00,7.9066787922430315,7.967100747674231,7.898046849127888,7.949837684631348,88600,0.0,0.0
2024-10-03 00:00:00-04:00,7.941206932067871,7.967101942108098,7.906679977618392,7.941206932067871,104000,0.0,0.0
2024-10-04 00:00:00-04:00,8.010258203961996,8.036154028664754,7.975731260878906,8.027522087097168,124400,0.0,0.0
2024-10-07 00:00:00-04:00,8.062049269519106,8.0965762136272,7.898045667615199,7.958468437194824,148200,0.0,0.0
2024-10-08 00:00:00-04:00,8.062049030180257,8.139734857914021,7.975731260878906,8.027522087097168,312500,0.0,0.0
2024-10-09 00:00:00-04:00,8.07068109728456,8.286474700707277,8.07068109728456,8.208788871765137,254900,0.0,0.0
2024-10-10 00:00:00-04:00,8.208790072881415,8.234685078588683,8.096577283900071,8.13973617553711,162700,0.0,0.0
2024-10-11 00:00:00-04:00,8.148367532544292,8.156999475760484,8.06205056994459,8.131104469299316,172200,0.0,0.0
2024-10-14 00:00:00-04:00,8.148366456423753,8.165630340576172,8.07068144729978,8.165630340576172,113700,0.0,0.0
2024-10-15 00:00:00-04:00,8.191527275820734,8.191527275820734,8.036156397736871,8.105210304260254,132400,0.0,0.0
2024-10-16 00:00:00-04:00,8.087945588906422,8.12247253863715,8.027523632674503,8.070682525634766,93300,0.0,0.0
2024-10-17 00:00:00-04:00,8.079312090128173,8.113839033211264,8.018890145529582,8.027522087097168,100200,0.0,0.0
2024-10-18 00:00:00-04:00,8.053418764223299,8.070682650950431,8.010259870592897,8.036155700683594,105900,0.0,0.0
2024-10-21 00:00:00-04:00,8.06205058240523,8.070682525634766,8.018891689444967,8.070682525634766,108300,0.0,0.0
2024-10-22 00:00:00-04:00,8.070682762880253,8.105209713625932,8.027523868651292,8.062050819396973,211500,0.0,0.0
2024-10-23 00:00:00-04:00,8.066394680605113,8.066394680605113,7.953395514465209,7.98816442489624,98500,0.065,0.0
2024-10-24 00:00:00-04:00,8.022933335327272,8.022933335327272,7.953395514465209,7.98816442489624,114800,0.0,0.0
2024-10-25 00:00:00-04:00,8.031628951516295,8.075090314009259,7.988167589023332,7.996860027313232,119800,0.0,0.0
2024-10-28 00:00:00-04:00,8.031628951516295,8.057706266385997,7.96209110311017,7.996860027313232,188400,0.0,0.0
2024-10-29 00:00:00-04:00,7.962089843054,8.022935243541015,7.953397406139738,7.970782279968262,143700,0.0,0.0
2024-10-30 00:00:00-04:00,8.005550222747472,8.066395615817093,7.979473744139964,8.03162670135498,120700,0.0,0.0
2024-10-31 00:00:00-04:00,8.031625770174083,8.049010639867705,7.96208794931202,7.98816442489624,333200,0.0,0.0
2024-11-01 00:00:00-04:00,7.9881663248403765,7.9968587617546385,7.944705798181885,7.970782279968262,180200,0.0,0.0
2024-11-04 00:00:00-05:00,7.953395993334111,7.970780864074465,7.883858168285221,7.909935474395752,187700,0.0,0.0
2024-11-05 00:00:00-05:00,7.918628043919278,7.979474269954726,7.909936436448239,7.92732048034668,125500,0.0,0.0
2024-11-06 00:00:00-05:00,8.066397875719357,8.066397875719357,7.988167589023332,7.996860027313232,194500,0.0,0.0
2024-11-07 00:00:00-05:00,8.040319100233532,8.09247288616501,7.9707812716290976,8.057703971862793,197100,0.0,0.0
2024-11-08 00:00:00-05:00,8.066394952532612,8.109856299275584,8.022933605789637,8.101163864135742,105900,0.0,0.0
2024-11-11 00:00:00-05:00,8.10116668117903,8.127243995666504,8.083782633810578,8.127243995666504,119900,0.0,0.0
2024-11-12 00:00:00-05:00,8.092475150622949,8.118551636407329,8.022936473603712,8.040321350097656,167800,0.0,0.0
2024-11-13 00:00:00-05:00,8.040319280510257,8.092473067611106,8.005550365428466,8.06639575958252,149200,0.0,0.0
2024-11-14 00:00:00-05:00,8.066396086171602,8.109857439022568,7.953396900341632,8.014243125915527,132700,0.0,0.0
2024-11-15 00:00:00-05:00,8.005549294589862,8.031625770174083,7.918626604034178,7.98816442489624,122200,0.0,0.0
2024-11-18 00:00:00-05:00,8.005550830526772,8.083781101244826,8.005550830526772,8.049012184143066,123500,0.0,0.0
2024-11-19 00:00:00-05:00,8.005550689554063,8.0316271696821,7.944705292936525,8.014243125915527,141200,0.0,0.0
2024-11-20 00:00:00-05:00,8.031628911850685,8.066397835882034,7.9881675495723625,8.040321350097656,120500,0.0,0.0
2024-11-21 00:00:00-05:00,8.105974239913731,8.132235261151108,8.044697410596104,8.06220531463623,206000,0.065,0.0
2024-11-22 00:00:00-05:00,8.08846664428711,8.09722059664096,8.03594459980969,8.08846664428711,96900,0.0,0.0
2024-11-25 00:00:00-05:00,8.123480796813965,8.132234748281949,8.07095875765158,8.123480796813965,67300,0.0,0.0
2024-11-26 00:00:00-05:00,8.123479181494059,8.132233131221357,8.088464217407461,8.114726066589355,106400,0.0,0.0
2024-11-27 00:00:00-05:00,8.149741346306563,8.158494461550266,8.053449565222197,8.140987396240234,105400,0.0,0.0
2024-11-29 00:00:00-05:00,8.184757851335444,8.237279891967773,8.149742879306295,8.237279891967773,98500,0.0,0.0
2024-12-02 00:00:00-05:00,8.211018641848288,8.272294632478658,8.114727680168741,8.123480796813965,172600,0.0,0.0
2024-12-03 00:00:00-05:00,8.149740074338059,8.19350814819336,8.123478228237882,8.19350814819336,90600,0.0,0.0
2024-12-04 00:00:00-05:00,8.211019340328853,8.228526409931323,8.149743344485964,8.219773292541504,158600,0.0,0.0
2024-12-05 00:00:00-05:00,8.237277056871157,8.237277056871157,8.140986125638,8.19350814819336,112900,0.0,0.0
2024-12-06 00:00:00-05:00,8.176003765880012,8.219772688906174,8.176003765880012,8.202264785766602,107300,0.0,0.0
2024-12-09 00:00:00-05:00,8.2285235742977,8.2285235742977,8.149740536001785,8.17600154876709,89400,0.0,0.0
2024-12-10 00:00:00-05:00,8.19350814819336,8.228523108171098,8.167247136915678,8.19350814819336,77700,0.0,0.0
2024-12-11 00:00:00-05:00,8.202262848481015,8.246031761169434,8.176001834796992,8.246031761169434,85300,0.0,0.0
2024-12-12 00:00:00-05:00,8.237277523493649,8.272292485454903,8.15849365037519,8.17600154876709,136700,0.0,0.0
2024-12-13 00:00:00-05:00,8.176004234269048,8.219773159802655,8.158496330126477,8.184758186340332,111600,0.0,0.0
2024-12-16 00:00:00-05:00,8.211019340328853,8.219773292541504,8.176004366301084,8.219773292541504,120400,0.0,0.0
2024-12-17 00:00:00-05:00,8.211019207731368,8.219773159802655,8.140989260806725,8.184758186340332,117900,0.0,0.0
2024-12-18 00:00:00-05:00,8.176003711038724,8.184757662549792,8.070958797374196,8.0797119140625,184600,0.0,0.0
2024-12-19 00:00:00-05:00,8.114725809821795,8.114725809821795,7.922143096027946,8.000926971435547,252000,0.0,0.0
2024-12-20 00:00:00-05:00,7.974666161070053,8.176002850520264,7.965913045303009,8.15849494934082,177100,0.0,0.0
2024-12-23 00:00:00-05:00,8.154087052534955,8.242239681269101,8.118826169178451,8.206978797912598,91100,0.065,0.0
2024-12-24 00:00:00-05:00,8.242239491627245,8.286314964294434,8.198163178274303,8.286314964294434,37400,0.0,0.0
2024-12-26 00:00:00-05:00,8.286314285139737,8.321575164794922,8.259868835569769,8.321575164794922,67200,0.0,0.0
2024-12-27 00:00:00-05:00,8.31276172111757,8.31276172111757,8.198163636272097,8.242239952087402,38700,0.0,0.0
2024-12-30 00:00:00-05:00,8.224608819247964,8.224608819247964,8.136456190513817,8.206978797912598,80600,0.0,0.0
2024-12-31 00:00:00-05:00,8.2510542715939,8.330391469317476,8.136456190513817,8.206978797912598,127600,0.0,0.0
2025-01-02 00:00:00-05:00,8.224611049550495,8.277502809271018,8.110012937394359,8.136458396911621,88800,0.0,0.0
2025-01-03 00:00:00-05:00,8.162902213019375,8.180532233770466,8.12764133083145,8.171717643737793,96500,0.0,0.0
2025-01-06 00:00:00-05:00,8.198163445243356,8.198163445243356,8.110010815666827,8.127641677856445,191300,0.0,0.0
2025-01-07 00:00:00-05:00,8.127641677856445,8.154087130455093,8.039489048279917,8.127641677856445,128900,0.0,0.0
2025-01-08 00:00:00-05:00,8.162904407086899,8.180534432576678,8.101197216157743,8.154088973999023,117800,0.0,0.0
2025-01-10 00:00:00-05:00,8.13645526104233,8.198162430381396,8.07474893238894,8.101194381713867,154700,0.0,0.0
2025-01-13 00:00:00-05:00,8.074749611958818,8.0923804734497,8.039488729662805,8.065934181213379,122400,0.0,0.0
2025-01-14 00:00:00-05:00,8.074750967464572,8.101196423454535,8.013044623259361,8.04830551147461,190800,0.0,0.0
2025-01-15 00:00:00-05:00,8.088259084823079,8.203678914272151,8.052745356278294,8.150408744812012,100000,0.065,0.0
2025-01-16 00:00:00-05:00,8.150404891422822,8.185918603177257,8.141526251805793,8.159282684326172,140000,0.0,0.0
2025-01-17 00:00:00-05:00,8.212553841788832,8.256946194060161,8.185918769111515,8.194796562194824,113700,0.0,0.0
2025-01-21 00:00:00-05:00,8.221434658938016,8.27470481840064,8.177042294909883,8.230313301086426,87000,0.0,0.0
2025-01-22 00:00:00-05:00,8.230313301086426,8.27470481840064,8.221434658938016,8.230313301086426,168700,0.0,0.0
2025-01-23 00:00:00-05:00,8.239190007852566,8.319096083202197,8.194797649690125,8.212554931640625,174400,0.0,0.0
2025-01-24 00:00:00-05:00,8.212555951123266,8.230313235278102,8.185920871604923,8.221434593200684,67600,0.0,0.0
2025-01-27 00:00:00-05:00,8.123769827466218,8.168162183509253,8.088256111974541,8.132648468017578,172300,0.0,0.0
2025-01-28 00:00:00-05:00,8.150407879219244,8.203678043021966,8.061623143929394,8.177042961120605,158500,0.0,0.0
2025-01-29 00:00:00-05:00,8.168162981747791,8.177041623166822,8.097135543823242,8.097135543823242,145000,0.0,0.0
2025-01-30 00:00:00-05:00,8.106012704365865,8.194796562194824,8.106012704365865,8.194796562194824,154100,0.0,0.0
2025-01-31 00:00:00-05:00,8.230312119311634,8.301339552872387,8.15040604487734,8.185919761657715,224200,0.0,0.0
2025-02-03 00:00:00-05:00,8.088256111974541,8.194797258449569,8.061621037034227,8.132648468017578,193600,0.0,0.0
2025-02-04 00:00:00-05:00,8.150404891422822,8.177039963560228,8.123768972571737,8.159282684326172,175400,0.0,0.0
2025-02-05 00:00:00-05:00,8.15928370515837,8.177040986614092,8.13264862968857,8.16816234588623,166900,0.0,0.0
2025-02-06 00:00:00-05:00,8.203678043021966,8.221435328765532,8.150407879219244,8.177042961120605,204500,0.0,0.0
2025-02-07 00:00:00-05:00,8.185922473356797,8.203678914272151,8.123772813367864,8.150408744812012,185300,0.0,0.0
2025-02-10 00:00:00-05:00,8.1681613239432,8.203675035697636,8.150404891422822,8.159282684326172,121400,0.0,0.0
2025-02-11 00:00:00-05:00,8.141528597227772,8.248069763183594,8.123771312878175,8.248069763183594,124900,0.0,0.0
2025-02-12 00:00:00-05:00,8.230312440448916,8.274703953121145,8.177041439842881,8.25694751739502,206200,0.0,0.0
2025-02-13 00:00:00-05:00,8.256948339505827,8.301340703311853,8.212555975699802,8.239191055297852,214800,0.0,0.0
2025-02-14 00:00:00-05:00,8.252601540535387,8.324130835947841,8.109544655083074,8.154250144958496,610600,0.065,0.0
2025-02-18 00:00:00-05:00,8.17213134576745,8.22577724269734,8.17213134576745,8.216835975646973,208700,0.0,0.0
2025-02-19 00:00:00-05:00,8.18107176013166,8.234718509747708,8.136367130252138,8.216835975646973,184600,0.0,0.0
2025-02-20 00:00:00-05:00,8.234718509747708,8.243659776798076,8.190013027182028,8.216835975646973,123400,0.0,0.0
2025-02-21 00:00:00-05:00,8.24366112470934,8.24366112470934,8.118485923595419,8.154250144958496,104800,0.0,0.0
2025-02-24 00:00:00-05:00,8.172132112552795,8.181072527755878,8.082721139032067,8.091662406921387,131400,0.0,0.0
2025-02-25 00:00:00-05:00,8.091662023596676,8.100603291062423,8.002251054311596,8.011192321777344,185000,0.0,0.0
2025-02-26 00:00:00-05:00,8.046957405254116,8.100604163137776,7.912841789574395,7.984370231628418,249400,0.0,0.0
2025-02-27 00:00:00-05:00,8.029076501387925,8.038017771634767,7.930725086732054,7.966489315032959,178900,0.0,0.0
2025-02-28 00:00:00-05:00,7.966487405333409,8.020134161267977,7.903900233981628,8.002251625061035,173200,0.0,0.0
2025-03-03 00:00:00-05:00,8.020135040182948,8.029075456579928,7.877078145595048,7.903901100158691,194700,0.0,0.0
2025-03-04 00:00:00-05:00,7.859195908614404,7.903901403057948,7.778726189153301,7.805549144744873,188800,0.0,0.0
2025-03-05 00:00:00-05:00,7.832372747637294,7.912842464988268,7.823431478445772,7.894959926605225,170700,0.0,0.0
2025-03-06 00:00:00-05:00,7.841312596710579,7.841312596710579,7.7608428939332486,7.787665843963623,157900,0.0,0.0
2025-03-07 00:00:00-05:00,7.787668024862581,7.859196480098918,7.742962527168259,7.841314792633057,132200,0.0,0.0
2025-03-10 00:00:00-04:00,7.796608279602082,7.796608279602082,7.57308167292634,7.62672758102417,261100,0.0,0.0
2025-03-11 00:00:00-04:00,7.63566979470744,7.707198249479081,7.6088468373396845,7.662492752075195,189400,0.0,0.0
2025-03-12 00:00:00-04:00,7.707197475035909,7.769784653500531,7.66249198212417,7.7250800132751465,141200,0.0,0.0
2025-03-13 00:00:00-04:00,7.698256707239953,7.7340209333611005,7.608846568280288,7.617787837982178,174800,0.0,0.0
2025-03-14 00:00:00-04:00,7.640312379467683,7.766449928283691,7.622293220632113,7.766449928283691,189600,0.065,0.0
2025-03-17 00:00:00-04:00,7.775459418144655,7.793478575777062,7.667341894625121,7.748430252075195,161600,0.0,0.0
2025-03-18 00:00:00-04:00,7.757438138157893,7.766448145127881,7.676350653152666,7.739418983459473,213500,0.0,0.0
2025-03-19 00:00:00-04:00,7.748430252075195,7.802488584214114,7.7304102352010915,7.748430252075195,191700,0.0,0.0
2025-03-20 00:00:00-04:00,7.748429987617259,7.82050833417021,7.739419979487724,7.757439136505127,108800,0.0,0.0
2025-03-21 00:00:00-04:00,7.739420760409459,7.766449928283691,7.712391592535226,7.766449928283691,97800,0.0,0.0
2025-03-24 00:00:00-04:00,7.802488327026367,7.838527500344945,7.766449153707788,7.802488327026367,169700,0.0,0.0
2025-03-25 00:00:00-04:00,7.883575563321293,7.901595577044827,7.838526388254005,7.856546401977539,150400,0.0,0.0
2025-03-26 00:00:00-04:00,7.829516475434687,7.847536489374665,7.721398969519495,7.739418983459473,163700,0.0,0.0
2025-03-27 00:00:00-04:00,7.712389038811834,7.739418197736181,7.640309849611125,7.730408191680908,175700,0.0,0.0
2025-03-28 00:00:00-04:00,7.703381878102257,7.7394210563934225,7.559225164937595,7.640312671661377,193300,0.0,0.0
2025-03-31 00:00:00-04:00,7.586252395856829,7.685359896029024,7.514174057687675,7.622291564941406,273400,0.0,0.0
2025-04-01 00:00:00-04:00,7.622292222004302,7.685360558528587,7.532193861905344,7.658331394195557,200100,0.0,0.0
2025-04-02 00:00:00-04:00,7.6042731580296445,7.757439873823051,7.595264008285487,7.703381538391113,196000,0.0,0.0
2025-04-03 00:00:00-04:00,7.568232788274953,7.595262810971671,7.442096119323393,7.514174461364746,256200,0.0,0.0
2025-04-04 00:00:00-04:00,7.460115432414879,7.4961546041949845,6.937547011982534,7.036654949188232,578600,0.0,0.0
2025-04-07 00:00:00-04:00,6.910518207558641,7.243880778682123,6.667253570573825,7.153782844543457,639800,0.0,0.0
2025-04-08 00:00:00-04:00,7.333978801179486,7.53219381744044,7.198831261828868,7.234870433807373,413400,0.0,0.0
2025-04-09 00:00:00-04:00,7.270909876146087,7.99169420175932,7.225861553929116,7.802488327026367,553600,0.0,0.0
2025-04-10 00:00:00-04:00,7.685360970718394,7.71239099574277,7.397047577725213,7.505165100097656,250500,0.0,0.0
2025-04-11 00:00:00-04:00,7.55021333694458,7.712390029812436,7.415065806474174,7.55021333694458,140600,0.0,0.0
2025-04-14 00:00:00-04:00,7.595263637516825,7.667341987402015,7.433086920654294,7.496155261993408,292600,0.0,0.0
2025-04-15 00:00:00-04:00,7.518856820128701,7.555179766467203,7.400807028026732,7.437129974365234,224900,0.065,0.0
2025-04-16 00:00:00-04:00,7.355403427411497,7.428049314486555,7.3009185791015625,7.3009185791015625,196300,0.0,0.0
2025-04-17 00:00:00-04:00,7.346321843021105,7.47345170146183,7.30091795100347,7.4189677238464355,195000,0.0,0.0
2025-04-21 00:00:00-04:00,7.4008075485846865,7.4008075485846865,7.191950808949574,7.237354278564453,297100,0.0,0.0
2025-04-22 00:00:00-04:00,7.30999943690877,7.437129304641633,7.264595541572487,7.409887313842773,190400,0.0,0.0
2025-04-23 00:00:00-04:00,7.546099671024035,7.600583657467723,7.455291872274756,7.491614818572998,124700,0.0,0.0
2025-04-24 00:00:00-04:00,7.527937756647806,7.618745555297888,7.464372817197158,7.546099662780762,157300,0.0,0.0
2025-04-25 00:00:00-04:00,7.537018359255889,7.618745201039335,7.537018359255889,7.582422256469727,129600,0.0,0.0
2025-04-28 00:00:00-04:00,7.627825794137952,7.673229694366455,7.546099812935488,7.673229694366455,178200,0.0,0.0
2025-04-29 00:00:00-04:00,7.655068172344129,7.7549560537575815,7.655068172344129,7.7277140617370605,163100,0.0,0.0
2025-04-30 00:00:00-04:00,7.682310098993157,7.745875035169247,7.618745162817066,7.736794948577881,234500,0.0,0.0
2025-05-01 00:00:00-04:00,7.773118267877638,7.854844247185567,7.754956361804312,7.84576416015625,126000,0.0,0.0
2025-05-02 00:00:00-04:00,7.87300676602156,7.918410668731353,7.818521909568326,7.827602863311768,95100,0.0,0.0
2025-05-05 00:00:00-04:00,7.809441061043499,7.909328944468123,7.809441061043499,7.854844093322754,137000,0.0,0.0
2025-05-06 00:00:00-04:00,7.800359977367113,7.900247859116547,7.782198071954135,7.8730058670043945,110900,0.0,0.0
2025-05-07 00:00:00-04:00,7.891166906410057,7.954732709348165,7.863924914297906,7.8730058670043945,92600,0.0,0.0
2025-05-08 00:00:00-04:00,7.900248460969387,7.963814268750033,7.900248460969387,7.909329414367676,99800,0.0,0.0
2025-05-09 00:00:00-04:00,7.9002476394657295,7.918409544373752,7.854843743202966,7.891166687011719,45000,0.0,0.0
2025-05-12 00:00:00-04:00,8.018299325985994,8.0273802805948,7.963815330348154,8.000138282775879,106000,0.0,0.0
2025-05-13 00:00:00-04:00,8.009217195832928,8.036460055660804,7.991056155288382,8.018298149108887,69600,0.0,0.0
2025-05-14 00:00:00-04:00,8.036458751526112,8.072781692728187,8.009215896119134,8.054619789123535,80400,0.0,0.0
2025-05-15 00:00:00-04:00,8.031750172014355,8.068341255187988,8.013455066627658,8.068341255187988,62400,0.065,0.0
2025-05-16 00:00:00-04:00,8.10493468507795,8.10493468507795,8.02260537839969,8.059196472167969,145100,0.0,0.0
2025-05-19 00:00:00-04:00,7.995160198319143,8.086638355147652,7.995160198319143,8.040899276733398,60200,0.0,0.0
2025-05-20 00:00:00-04:00,8.040900489083585,8.086639574394056,8.004309395315305,8.059196472167969,60200,0.0,0.0
2025-05-21 00:00:00-04:00,8.050046210544652,8.077489305031895,7.958568065720183,7.995159149169922,92200,0.0,0.0
2025-05-22 00:00:00-04:00,7.99515785206022,8.040896917051889,7.958566774546904,8.004305839538574,64100,0.0,0.0
2025-05-23 00:00:00-04:00,7.949420420096829,7.986011505126953,7.848795154364058,7.986011505126953,71800,0.0,0.0
2025-05-27 00:00:00-04:00,8.004307483842156,8.040898568872281,7.986011505126953,7.986011505126953,127000,0.0,0.0
2025-05-28 00:00:00-04:00,8.013455901745251,8.013455901745251,7.940273727771349,7.976864814758301,66500,0.0,0.0
2025-05-29 00:00:00-04:00,8.031750172014355,8.077489244081455,7.995159088840723,8.068341255187988,105500,0.0,0.0
2025-05-30 00:00:00-04:00,8.068342125026422,8.104933212144898,8.031751037907949,8.095786094665527,109400,0.0,0.0
2025-06-02 00:00:00-04:00,8.050047017667351,8.132377181784001,8.013455930548878,8.095786094665527,177300,0.0,0.0
2025-06-03 00:00:00-04:00,8.095785161878116,8.141523361206055,8.095785161878116,8.141523361206055,62600,0.0,0.0
2025-06-04 00:00:00-04:00,8.141523523701691,8.178114607334498,8.104932440068884,8.114080429077148,71800,0.0,0.0
2025-06-05 00:00:00-04:00,8.132376918002839,8.15982001435147,8.059194746139621,8.077489852905273,145200,0.0,0.0
2025-06-06 00:00:00-04:00,8.095785323460868,8.15981950171822,8.077489345444341,8.114080429077148,157100,0.0,0.0
2025-06-09 00:00:00-04:00,8.086636543273926,8.114079635213496,8.059193451334353,8.086636543273926,76600,0.0,0.0
2025-06-10 00:00:00-04:00,8.114081729182526,8.123229719656557,8.068342649212761,8.104933738708496,77100,0.0,0.0
2025-06-11 00:00:00-04:00,8.1232291919043,8.159820279022775,8.095786094665527,8.095786094665527,90500,0.0,0.0
2025-06-12 00:00:00-04:00,8.12323059444678,8.178116798400879,8.114082602987601,8.178116798400879,67400,0.0,0.0
2025-06-13 00:00:00-04:00,8.123229634133999,8.159820723244497,8.068342564268063,8.132377624511719,145900,0.0,0.0
2025-06-16 00:00:00-04:00,8.146200313162185,8.183060912274078,8.100124344565819,8.109339714050293,100600,0.065,0.0
2025-06-17 00:00:00-04:00,8.072478280759798,8.118554244594852,8.035617685456938,8.081693649291992,122900,0.0,0.0
2025-06-18 00:00:00-04:00,8.072478438183301,8.146199630226679,8.026402473449707,8.026402473449707,235100,0.0,0.0
2025-06-20 00:00:00-04:00,8.035617013755514,8.054046870453426,7.989541053771973,7.989541053771973,137100,0.0,0.0
2025-06-23 00:00:00-04:00,7.989541877428017,8.05404770075949,7.9250360540965445,8.026402473449707,84200,0.0,0.0
2025-06-24 00:00:00-04:00,8.054046358594528,8.15541363988129,8.044830991418316,8.146198272705078,111100,0.0,0.0
2025-06-25 00:00:00-04:00,8.183060542910615,8.20149040222168,8.164629804773586,8.20149040222168,91500,0.0,0.0
2025-06-26 00:00:00-04:00,8.20149134069243,8.238351942358365,8.173846109149494,8.21070671081543,110600,0.0,0.0
2025-06-27 00:00:00-04:00,8.24756800770388,8.293643983376755,8.229138144730411,8.275213241577148,133900,0.0,0.0
2025-06-30 00:00:00-04:00,8.3305025100708,8.339717878671792,8.247565950313726,8.3305025100708,188200,0.0,0.0
2025-07-01 00:00:00-04:00,8.302855479957932,8.321285334331572,8.27520938015888,8.312070846557617,122700,0.0,0.0
2025-07-02 00:00:00-04:00,8.31207265169474,8.3305025100708,8.275211177290778,8.3305025100708,91400,0.0,0.0
2025-07-03 00:00:00-04:00,8.348933233576107,8.35814772333606,8.275211163715046,8.339717864990234,47900,0.0,0.0
2025-07-07 00:00:00-04:00,8.33050277153388,8.339718140424106,8.247566209173739,8.256781578063965,77300,0.0,0.0
2025-07-08 00:00:00-04:00,8.265996701106358,8.321287155151367,8.247565963874074,8.321287155151367,238000,0.0,0.0
2025-07-09 00:00:00-04:00,8.321289217250026,8.376580563822705,8.265998749503485,8.275213241577148,104100,0.0,0.0
2025-07-10 00:00:00-04:00,8.284425722707763,8.30285645807837,8.256780498477687,8.293641090393066,96800,0.0,0.0
2025-07-11 00:00:00-04:00,8.284425735473633,8.312071838572145,8.247565143501452,8.284425735473633,126100,0.0,0.0
2025-07-14 00:00:00-04:00,8.256783378603682,8.284428612476953,8.24756800770388,8.275213241577148,91100,0.0,0.0
2025-07-15 00:00:00-04:00,8.32626432657543,8.363393673902815,8.261287304827407,8.289134979248047,96100,0.065,0.0
2025-07-16 00:00:00-04:00,8.289135882133378,8.307700115202426,8.242723971610413,8.252006530761719,71200,0.0,0.0
2025-07-17 00:00:00-04:00,8.224158844531445,8.316982665478319,8.196312052340808,8.270570755004883,169200,0.0,0.0
2025-07-18 00:00:00-04:00,8.270570755004883,8.307700106336918,8.224158844531445,8.270570755004883,106100,0.0,0.0
2025-07-21 00:00:00-04:00,8.289136370579271,8.35411251800007,8.2612886914844,8.298418045043945,156900,0.0,0.0
2025-07-22 00:00:00-04:00,8.289135873287682,8.307700106336918,8.233441403672845,8.270570755004883,307000,0.0,0.0
2025-07-23 00:00:00-04:00,8.289136370579271,8.316983164440526,8.2612886914844,8.298418045043945,126800,0.0,0.0
2025-07-24 00:00:00-04:00,8.289135425766709,8.31698221645393,8.261287749845975,8.279852867126465,98700,0.0,0.0
2025-07-25 00:00:00-04:00,8.30769925811077,8.344828605651855,8.289135026956965,8.344828605651855,87300,0.0,0.0
2025-07-28 00:00:00-04:00,8.326265335083008,8.39124147946771,8.289135983258381,8.326265335083008,168800,0.0,0.0
2025-07-29 00:00:00-04:00,8.34482995830178,8.34482995830178,8.289136370579271,8.298418045043945,124400,0.0,0.0
2025-07-30 00:00:00-04:00,8.307700216553908,8.326265335083008,8.270570864729281,8.326265335083008,91100,0.0,0.0
2025-07-31 00:00:00-04:00,8.372677246172184,8.38195892020316,8.279853423993831,8.326265335083008,236900,0.0,0.0
2025-08-01 00:00:00-04:00,8.2798528140553,8.2798528140553,8.187028998714847,8.24272346496582,127600,0.0,0.0
2025-08-04 00:00:00-04:00,8.24272307378045,8.32626432657543,8.24272307378045,8.289134979248047,99000,0.0,0.0
2025-08-05 00:00:00-04:00,8.31698226928711,8.344829060151225,8.261287802325358,8.31698226928711,133900,0.0,0.0
2025-08-06 00:00:00-04:00,8.335548863268462,8.335548863268462,8.289137827089217,8.30770206451416,101800,0.0,0.0
2025-08-07 00:00:00-04:00,8.344829164764027,8.391241073608398,8.344829164764027,8.391241073608398,249600,0.0,0.0
2025-08-08 00:00:00-04:00,8.391240511386581,8.40052306958022,8.335546047458216,8.344828605651855,104100,0.0,0.0
2025-08-11 00:00:00-04:00,8.33554739860349,8.36339507769836,8.289136370579271,8.298418045043945,81300,0.0,0.0
2025-08-12 00:00:00-04:00,8.335546605948448,8.391241073608398,8.298417255919658,8.391241073608398,86800,0.0,0.0
2025-08-13 00:00:00-04:00,8.40052268375941,8.409805241526719,8.3541107801563,8.372675895690918,80200,0.0,0.0
2025-08-14 00:00:00-04:00,8.35411127935354,8.42836997546245,8.35411127935354,8.40052318572998,127100,0.0,0.0
2025-08-15 00:00:00-04:00,8.395847838056866,8.405197549005374,8.349101066589355,8.349101066589355,103700,0.065,0.0
2025-08-18 00:00:00-04:00,8.339752467637574,8.405198669728493,8.339752467637574,8.36780071258545,76500,0.0,0.0
2025-08-19 00:00:00-04:00,8.349101686196647,8.386499641128559,8.321052551269531,8.321052551269531,56100,0.0,0.0
2025-08-20 00:00:00-04:00,8.31170357040918,8.339751813155905,8.255606193278174,8.302353858947754,132300,0.0,0.0
2025-08-21 00:00:00-04:00,8.293004307979993,8.367800217843815,8.293004307979993,8.321052551269531,108700,0.0,0.0
2025-08-22 00:00:00-04:00,8.302353453161412,8.451945262682562,8.302353453161412,8.358449935913086,92500,0.0,0.0
2025-08-25 00:00:00-04:00,8.395847269911272,8.433246111174528,8.35844932028547,8.38649845123291,86600,0.0,0.0
2025-08-26 00:00:00-04:00,8.349100501607106,8.405196980227087,8.321051370659665,8.38649845123291,160700,0.0,0.0
2025-08-27 00:00:00-04:00,8.367799030601283,8.433246111174528,8.35844932028547,8.38649845123291,84900,0.0,0.0
2025-08-28 00:00:00-04:00,8.386499110787806,8.451945304870605,8.377149399736686,8.451945304870605,99800,0.0,0.0
2025-08-29 00:00:00-04:00,8.451944804404693,8.451944804404693,8.395847433057192,8.405197143554688,93100,0.0,0.0
2025-09-02 00:00:00-04:00,8.37715164610079,8.423899322254432,8.330403969947149,8.39585018157959,130200,0.0,0.0
2025-09-03 00:00:00-04:00,8.38649845123291,8.4145466905429,8.367799030601283,8.38649845123291,72500,0.0,0.0
2025-09-04 00:00:00-04:00,8.423897335347494,8.47999382019043,8.405197912641482,8.47999382019043,67600,0.0,0.0
2025-09-05 00:00:00-04:00,8.498693080930405,8.498693080930405,8.4238971748069,8.461295127868652,56600,0.0,0.0
2025-09-08 00:00:00-04:00,8.479993091413238,8.517391041973703,8.451944851402258,8.498692512512207,133700,0.0,0.0
2025-09-09 00:00:00-04:00,8.479993091413238,8.517391041973703,8.470644272501227,8.498692512512207,96300,0.0,0.0
2025-09-10 00:00:00-04:00,8.517391611642514,8.526741322817337,8.461295127868652,8.461295127868652,105700,0.0,0.0
2025-09-11 00:00:00-04:00,8.461295127868652,8.517391611642514,8.451945416693832,8.461295127868652,234800,0.0,0.0
2025-09-12 00:00:00-04:00,8.433247615201198,8.46129585951345,8.414548191234624,8.442596435546875,170600,0.0,0.0
2025-09-15 00:00:00-04:00,8.48497391874018,8.50380802154541,8.419052313666182,8.50380802154541,92500,0.065,0.0
2025-09-16 00:00:00-04:00,8.484973795253675,8.513225398101497,8.437887191772461,8.437887191772461,116000,0.0,0.0
2025-09-17 00:00:00-04:00,8.419054062836219,8.475558179195941,8.371968346989322,8.428471565246582,129800,0.0,0.0
2025-09-18 00:00:00-04:00,8.428471494646315,8.466140605869777,8.390802383422852,8.390802383422852,99500,0.0,0.0
2025-09-19 00:00:00-04:00,8.3908006992628,8.494391407911948,8.3908006992628,8.484973907470703,89800,0.0,0.0
2025-09-22 00:00:00-04:00,8.466138917832673,8.569729626619408,8.456721417378919,8.50380802154541,178300,0.0,0.0
2025-09-23 00:00:00-04:00,8.513225477110305,8.522642977514401,8.447304770486173,8.475556373596191,128300,0.0,0.0
2025-09-24 00:00:00-04:00,8.475556294936979,8.513225398101497,8.381383087974552,8.437887191772461,149800,0.0,0.0
2025-09-25 00:00:00-04:00,8.428470579006147,8.456722184828974,8.334298260229275,8.419053077697754,169000,0.0,0.0
2025-09-26 00:00:00-04:00,8.400217942505506,8.428469544861958,8.353131339843255,8.381382942199707,143300,0.0,0.0
2025-09-29 00:00:00-04:00,8.428470602063515,8.428470602063515,8.324880781694862,8.409636497497559,173000,0.0,0.0
2025-09-30 00:00:00-04:00,8.409635633725026,8.494391340822274,8.34371402925924,8.46613883972168,335800,0.0,0.0
2025-10-01 00:00:00-04:00,8.437889067656947,8.466140676785576,8.362550844578957,8.428471565246582,186400,0.0,0.0
2025-10-02 00:00:00-04:00,8.419052926963886,8.437887929243454,8.33429811101285,8.343714714050293,294600,0.0,0.0
2025-10-03 00:00:00-04:00,8.343713839690356,8.400217942505506,8.324879737486803,8.381382942199707,165800,0.0,0.0
2025-10-06 00:00:00-04:00,8.381382964074742,8.400217964429698,8.334297259391846,8.371966361999512,171300,0.0,0.0
2025-10-07 00:00:00-04:00,8.400219956117951,8.484975681606304,8.353133342168594,8.428471565246582,244700,0.0,0.0
2025-10-08 00:00:00-04:00,8.466140715649395,8.55089644152682,8.409637497132756,8.4567232131958,192600,0.0,0.0
2025-10-09 00:00:00-04:00,8.494391329315244,8.494391329315244,8.42846972493876,8.447304725646973,99300,0.0,0.0
2025-10-10 00:00:00-04:00,8.475558028762816,8.503809637390008,8.324881585281203,8.334299087524414,150600,0.0,0.0
2025-10-13 00:00:00-04:00,8.400218996163401,8.484974711966098,8.36254988892913,8.409636497497559,61000,0.0,0.0
2025-10-14 00:00:00-04:00,8.381383993495087,8.428470602063515,8.33429828302902,8.409636497497559,109700,0.0,0.0
2025-10-15 00:00:00-04:00,8.471297016866405,8.499755767117326,8.414378611677206,8.452323913574219,138300,0.065,0.0
2025-10-16 00:00:00-04:00,8.471296923879827,8.499755673818365,8.376433217834899,8.404891967773438,79700,0.0,0.0
2025-10-17 00:00:00-04:00,8.433351622399325,8.433351622399325,8.319515717957822,8.404891967773438,168900,0.0,0.0
2025-10-20 00:00:00-04:00,8.433351622399325,8.480782570734439,8.357461019438324,8.404891967773438,146500,0.0,0.0
2025-10-21 00:00:00-04:00,8.40489091199837,8.442836208712396,8.366945615284344,8.433350563049316,106300,0.0,0.0
2025-10-22 00:00:00-04:00,8.4523238207959,8.4523238207959,8.338487916354397,8.404891967773438,136300,0.0,0.0
2025-10-23 00:00:00-04:00,8.404890460827724,8.414377010668805,8.376431715991664,8.395404815673828,55800,0.0,0.0
2025-10-24 00:00:00-04:00,8.442837361928126,8.50924231876342,8.414378611677206,8.452323913574219,71400,0.0,0.0
2025-10-27 00:00:00-04:00,8.509242411124061,8.537701161683877,8.461810557066123,8.499755859375,83200,0.0,0.0
2025-10-28 00:00:00-04:00,8.518726296311216,8.518726296311216,8.452322257176451,8.471295356750488,97600,0.0,0.0
2025-10-29 00:00:00-04:00,8.461810465220312,8.490269215471233,8.414378611677206,8.452323913574219,106100,0.0,0.0
2025-10-30 00:00:00-04:00,8.414378766477721,8.499755923488538,8.39540656752386,8.42386531829834,78400,0.0,0.0
2025-10-31 00:00:00-04:00,8.480782156197126,8.509241809431918,8.442836856571377,8.49026870727539,155700,0.0,0.0
2025-11-03 00:00:00-05:00,8.509241809431918,8.509241809431918,8.471296509806168,8.49026870727539,82300,0.0,0.0
2025-11-04 00:00:00-05:00,8.433353020396194,8.46181177505234,8.423866467281645,8.442838668823242,122200,0.0,0.0
2025-11-05 00:00:00-05:00,8.442837361928126,8.490269215471233,8.423865163323299,8.452323913574219,99500,0.0,0.0
2025-11-06 00:00:00-05:00,8.47129540502811,8.47129540502811,8.376431715991664,8.395404815673828,140000,0.0,0.0
2025-11-07 00:00:00-05:00,8.357461081534119,8.357461081534119,8.281569573321896,8.329001426696777,169900,0.0,0.0
2025-11-10 00:00:00-05:00,8.38592115951095,8.442838668823242,8.347975851740255,8.442838668823242,130000,0.0,0.0
2025-11-11 00:00:00-05:00,8.461809958727905,8.49026870727539,8.442836856571377,8.49026870727539,63700,0.0,0.0
2025-11-12 00:00:00-05:00,8.51872857021456,8.51872857021456,8.414379208764938,8.461811065673828,183500,0.0,0.0
2025-11-13 00:00:00-05:00,8.442837582094297,8.46181068588125,8.329001673434727,8.34797477722168,227800,0.0,0.0
2025-11-14 00:00:00-05:00,8.314525224317755,8.390980557441914,8.285854702251061,8.371867179870605,206700,0.065,0.0
2025-11-17 00:00:00-05:00,8.37186719152285,8.410094858138136,8.257184191676991,8.276297569274902,187300,0.0,0.0
2025-11-18 00:00:00-05:00,8.276297788256423,8.314525455883171,8.142501407272553,8.19984245300293,228200,0.0,0.0
2025-11-19 00:00:00-05:00,8.238070691452242,8.285855507151597,8.180729641748659,8.257184982299805,207800,0.0,0.0
2025-11-20 00:00:00-05:00,8.34319641297578,8.390981227851082,8.132944685795719,8.142501831054688,212000,0.0,0.0
2025-11-21 00:00:00-05:00,8.152057640614624,8.276297788256423,8.152057640614624,8.19984245300293,161400,0.0,0.0
2025-11-24 00:00:00-05:00,8.276297935939162,8.324082749180144,8.247627412562377,8.314525604248047,142800,0.0,0.0
2025-11-25 00:00:00-05:00,8.333639141271098,8.390980182844617,8.29541147641561,8.381423950195312,129700,0.0,0.0
2025-11-26 00:00:00-05:00,8.419652725249694,8.476993774384093,8.390981289262953,8.448323249816895,94100,0.0,0.0
2025-11-28 00:00:00-05:00,8.496108226999603,8.50566446109114,8.448323410863674,8.467436790466309,116300,0.0,0.0
2025-12-01 00:00:00-05:00,8.4005377019373,8.476993035061458,8.371867179870605,8.371867179870605,105800,0.0,0.0
2025-12-02 00:00:00-05:00,8.43876573033126,8.457880020141602,8.38142468373924,8.457880020141602,109100,0.0,0.0
2025-12-03 00:00:00-05:00,8.457880190787149,8.467436424465623,8.410095376716695,8.429208755493164,118200,0.0,0.0
2025-12-04 00:00:00-05:00,8.457880770999422,8.467437005333455,8.429209333738571,8.438766479492188,76700,0.0,0.0
2025-12-05 00:00:00-05:00,8.448323249816895,8.496108065041922,8.448323249816895,8.448323249816895,77800,0.0,0.0
2025-12-08 00:00:00-05:00,8.457879444956662,8.467435677792452,8.371866969498479,8.400537490844727,140600,0.0,0.0
2025-12-09 00:00:00-05:00,8.371866391075253,8.41009405403553,8.371866391075253,8.390979766845703,97100,0.0,0.0
2025-12-10 00:00:00-05:00,8.419651985168457,8.448322507215538,8.362310029654832,8.419651985168457,91500,0.0,0.0
2025-12-11 00:00:00-05:00,8.410094840679609,8.429208218237843,8.324082363118903,8.419651985168457,161000,0.0,0.0
2025-12-12 00:00:00-05:00,8.419651783950554,8.429208016791558,8.333639308445425,8.352752685546875,106200,0.0,0.0
2025-12-15 00:00:00-05:00,8.415338439727732,8.415338439727732,8.309424897000666,8.338310241699219,139000,0.065,0.0
2025-12-16 00:00:00-05:00,8.347939951581644,8.376825299586628,8.31905460357666,8.31905460357666,197000,0.0,0.0
2025-12-17 00:00:00-05:00,8.357567212482234,8.376823801625836,8.290166854858398,8.290166854858398,168700,0.0,0.0
2025-12-18 00:00:00-05:00,8.30942440032959,8.415337936725992,8.290166892849246,8.30942440032959,244000,0.0,0.0
2025-12-19 00:00:00-05:00,8.34793865487974,8.44422435760498,8.34793865487974,8.44422435760498,119100,0.0,0.0
2025-12-22 00:00:00-05:00,8.482738455045375,8.482738455045375,8.357567408801968,8.44422435760498,130900,0.0,0.0
2025-12-23 00:00:00-05:00,8.40570885127657,8.453851699829102,8.40570885127657,8.453851699829102,147400,0.0,0.0
2025-12-24 00:00:00-05:00,8.463480986938176,8.482738494873047,8.43459564328439,8.482738494873047,79700,0.0,0.0
2025-12-26 00:00:00-05:00,8.482738494873047,8.501995084559399,8.45385223297074,8.482738494873047,105200,0.0,0.0
2025-12-29 00:00:00-05:00,8.482738457251317,8.501995046852265,8.44422435980091,8.463480949401855,89600,0.0,0.0
2025-12-30 00:00:00-05:00,8.492366828161778,8.53088092803955,8.473110237347178,8.53088092803955,146400,0.0,0.0
2025-12-31 00:00:00-05:00,8.530880890479686,8.607909089896092,8.492366790771484,8.492366790771484,203100,0.0,0.0
2026-01-02 00:00:00-05:00,8.550137936148056,8.550137936148056,8.45385223297074,8.482738494873047,96500,0.0,0.0
2026-01-05 00:00:00-05:00,8.482738990899822,8.540509681585528,8.473110236369347,8.511624336242676,113200,0.0,0.0
2026-01-06 00:00:00-05:00,8.521252177589083,8.617536957829714,8.501994670591873,8.550137519836426,153200,0.0,0.0
2026-01-07 00:00:00-05:00,8.550138399458072,8.588652499166274,8.492366790771484,8.492366790771484,143100,0.0,0.0
2026-01-08 00:00:00-05:00,8.530880509160582,8.579023361206055,8.482738575363635,8.579023361206055,124900,0.0,0.0
2026-01-09 00:00:00-05:00,8.569394646209197,8.656051596636352,8.569394646209197,8.617537498474121,289100,0.0,0.0
2026-01-12 00:00:00-05:00,8.617537535656838,8.636795043945312,8.607908781512602,8.636795043945312,116300,0.0,0.0
2026-01-13 00:00:00-05:00,8.646422879841014,8.646422879841014,8.607908781512602,8.636795043945312,231500,0.0,0.0
2026-01-14 00:00:00-05:00,8.636794046885147,8.636794046885147,8.569393693904946,8.59827995300293,118400,0.0,0.0
2026-01-15 00:00:00-05:00,8.612829293000344,8.700121628652782,8.554634094238281,8.554634094238281,120700,0.065,0.0
2026-01-16 00:00:00-05:00,8.593430161562285,8.622528221999882,8.486740048234871,8.52553653717041,195500,0.0,0.0
2026-01-20 00:00:00-05:00,8.486741065979004,8.496440420621365,8.399448724160486,8.486741065979004,258900,0.0,0.0
2026-01-21 00:00:00-05:00,8.467342821925318,8.535237383170891,8.447945036556169,8.496440887451172,128400,0.0,0.0
2026-01-22 00:00:00-05:00,8.53523589064961,8.574032379585146,8.457642912778534,8.52553653717041,168000,0.0,0.0
2026-01-23 00:00:00-05:00,8.544935244128808,8.564333026105947,8.515837183691211,8.52553653717041,120100,0.0,0.0
2026-01-26 00:00:00-05:00,8.544935646681195,8.64192641109865,8.525536938808923,8.5740327835083,244500,0.0,0.0
2026-01-27 00:00:00-05:00,8.612829161333115,8.641926297778678,8.583732024887555,8.632226943969727,113100,0.0,0.0
2026-01-28 00:00:00-05:00,8.661325542054373,8.67102397148295,8.58373255673767,8.603130340576172,123000,0.0,0.0
2026-01-29 00:00:00-05:00,8.612829226869513,8.612829226869513,8.515837538004565,8.593430519104004,156000,0.0,0.0
2026-01-30 00:00:00-05:00,8.612829161333115,8.632226943969727,8.544935534633044,8.632226943969727,192500,0.0,0.0
2026-02-02 00:00:00-05:00,8.583732470177674,8.680723238354805,8.583732470177674,8.661325454711914,221300,0.0,0.0
2026-02-03 00:00:00-05:00,8.661325137805177,8.661325137805177,8.544935665262358,8.554634094238281,225200,0.0,0.0
2026-02-04 00:00:00-05:00,8.554633719272614,8.554633719272614,8.46734138744636,8.506138801574707,160100,0.0,0.0
2026-02-05 00:00:00-05:00,8.506140313886728,8.525538099418382,8.438245752072367,8.45764446258545,149600,0.0,0.0
2026-02-06 00:00:00-05:00,8.515838068258295,8.56433391571045,8.486740929779543,8.56433391571045,246300,0.0,0.0
2026-02-09 00:00:00-05:00,8.583732604980469,8.583732604980469,8.535236757639634,8.583732604980469,171800,0.0,0.0
2026-02-10 00:00:00-05:00,8.593430585085887,8.593430585085887,8.53523631130513,8.554634094238281,111600,0.0,0.0
2026-02-11 00:00:00-05:00,8.5934310541892,8.5934310541892,8.525537422744996,8.56433391571045,131700,0.0,0.0
2026-02-12 00:00:00-05:00,8.574032509637311,8.574032509637311,8.438244333812644,8.447943687438965,194500,0.0,0.0
2026-02-13 00:00:00-05:00,8.438244333812644,8.486740176962973,8.418846551541277,8.447943687438965,140200,0.0,0.0
2026-02-17 00:00:00-05:00,8.452830351465835,8.501690831056763,8.403970803811042,8.47237491607666,209300,0.065,0.0
2026-02-18 00:00:00-05:00,8.501689986080704,8.55055046081543,8.472374074014287,8.55055046081543,121900,0.0,0.0
2026-02-19 00:00:00-05:00,8.52123542925084,8.52123542925084,8.472374949467348,8.501690864562988,92900,0.0,0.0
2026-02-20 00:00:00-05:00,8.501689966783367,8.560322722719159,8.501689966783367,8.540778160095215,125800,0.0,0.0
2026-02-23 00:00:00-05:00,8.5212353771252,8.540779009757362,8.452830333072297,8.462602615356445,81600,0.0,0.0
2026-02-24 00:00:00-05:00,8.48214731952243,8.560323715209961,8.48214731952243,8.560323715209961,116000,0.0,0.0
2026-02-25 00:00:00-05:00,8.589638710021973,8.618954622278853,8.55055051636745,8.589638710021973,113400,0.0,0.0
2026-02-26 00:00:00-05:00,8.599410974454907,8.599410974454907,8.501690024543356,8.57009506225586,156100,0.0,0.0
2026-02-27 00:00:00-05:00,8.540778218120767,8.57009506225586,8.491917743164992,8.57009506225586,219300,0.0,0.0
2026-03-02 00:00:00-05:00,8.501690024543356,8.57009506225586,8.482146393722672,8.57009506225586,160500,0.0,0.0
2026-03-03 00:00:00-05:00,8.48214629973468,8.540778123483094,8.364881720301819,8.511462211608887,238000,0.0,0.0
2026-03-04 00:00:00-05:00,8.491917685471394,8.599410916031008,8.491917685471394,8.540778160095215,224900,0.0,0.0
2026-03-05 00:00:00-05:00,8.550550404753174,8.570094967293336,8.452829455924439,8.511462211608887,219200,0.0,0.0
2026-03-06 00:00:00-05:00,8.46260254450522,8.46260254450522,8.394198432961149,8.413742065429688,238900,0.0,0.0
2026-03-09 00:00:00-04:00,8.34533785220111,8.40397061276456,8.228073263010327,8.325794219970703,244200,0.0,0.0
2026-03-10 00:00:00-04:00,8.325794269389059,8.403970662646937,8.286705140824003,8.374653816223145,221400,0.0,0.0
2026-03-11 00:00:00-04:00,8.403970662646937,8.403970662646937,8.286705140824003,8.374653816223145,118400,0.0,0.0
2026-03-12 00:00:00-04:00,8.316021774436651,8.345337688174117,8.218300819396973,8.218300819396973,126700,0.0,0.0
2026-03-13 00:00:00-04:00,8.25738903392174,8.335565425357942,8.208528556290089,8.228073120117188,132900,0.0,0.0
2026-03-16 00:00:00-04:00,8.27238903151834,8.321629632493662,8.25269335464002,8.292085647583008,113100,0.065,0.0
2026-03-17 00:00:00-04:00,8.331477940525996,8.34132624855833,8.282237339550674,8.292085647583008,90600,0.0,0.0
2026-03-18 00:00:00-04:00,8.30193370354894,8.311781072095938,8.154211905108157,8.183756828308105,135100,0.0,0.0
2026-03-19 00:00:00-04:00,8.134515579618704,8.16405956127445,8.085274984068294,8.095123291015625,175900,0.0,0.0
2026-03-20 00:00:00-04:00,8.08527510364093,8.1148190857336,7.927705946898336,7.967098236083984,212200,0.0,0.0
2026-03-23 00:00:00-04:00,8.055731198419316,8.22314866385245,8.006490601670817,8.03603458404541,357200,0.0,0.0
2026-03-24 00:00:00-04:00,8.02618751497296,8.104972106249312,7.9769478498150495,8.045884132385254,228800,0.0,0.0
2026-03-25 00:00:00-04:00,8.09512433903464,8.11482001629292,8.045883737109397,8.065579414367676,120700,0.0,0.0
2026-03-26 00:00:00-04:00,7.97694684879616,8.03603481524533,7.87846565246582,7.87846565246582,224100,0.0,0.0
2026-03-27 00:00:00-04:00,7.87846558645705,7.87846558645705,7.760288715362549,7.760288715362549,232300,0.0,0.0
2026-03-30 00:00:00-04:00,7.809528736924068,7.888313786171484,7.760288609436711,7.789832592010498,177500,0.0,0.0
2026-03-31 00:00:00-04:00,7.839074345488229,8.045884132385254,7.8292260367820825,8.045884132385254,218300,0.0,0.0
2026-04-01 00:00:00-04:00,8.045884132385254,8.134517032367752,7.937555554176874,8.045884132385254,303400,0.0,0.0
2026-04-02 00:00:00-04:00,7.937554918444352,8.026186872141752,7.878466010126417,7.957250595092773,162400,0.0,0.0
2026-04-06 00:00:00-04:00,7.957249719912875,8.045882603048303,7.957249719912875,8.026185989379883,138700,0.0,0.0
2026-04-07 00:00:00-04:00,7.967098236083984,8.026186200269327,7.888313657712688,7.967098236083984,135200,0.0,0.0
2026-04-08 00:00:00-04:00,8.124667834300471,8.173908433254706,8.075427235346238,8.114819526672363,257900,0.0,0.0
2026-04-09 00:00:00-04:00,8.134515552510415,8.193603515625,8.085274957124101,8.193603515625,174700,0.0,0.0
2026-04-10 00:00:00-04:00,8.223149967378468,8.252693954436346,8.173909362824396,8.213301658630371,235600,0.0,0.0
2026-04-13 00:00:00-04:00,8.193604056351093,8.321629237129866,8.183756687972958,8.31178092956543,223800,0.0,0.0
2026-04-14 00:00:00-04:00,8.370869995516173,8.449654579162598,8.341326011445345,8.449654579162598,169100,0.0,0.0
2026-04-15 00:00:00-04:00,8.434769630432129,8.494309597161084,8.385153149217278,8.434769630432129,131100,0.065,0.0
2026-04-16 00:00:00-04:00,8.434770135277976,8.434770135277976,8.365307625233047,8.424846649169922,105800,0.0,0.0
2026-04-17 00:00:00-04:00,8.454617107494082,8.494310105570573,8.405000623309538,8.424846649169922,126700,0.0,0.0
2026-04-20 00:00:00-04:00,8.385153503081495,8.414923014524451,8.315690994262695,8.315690994262695,194800,0.0,0.0
2026-04-21 00:00:00-04:00,8.33553656915981,8.405000020579173,8.29584357392974,8.305767059326172,101100,0.0,0.0
2026-04-22 00:00:00-04:00,8.345460442645011,8.414922950938934,8.3057674455691,8.33553695678711,192700,0.0,0.0
2026-04-23 00:00:00-04:00,8.355383602384492,8.38515311244057,8.23630461580452,8.285921096801758,147800,0.0,0.0
2026-04-24 00:00:00-04:00,8.325613975524902,8.355383485163332,8.246227985585326,8.325613975524902,134700,0.0,0.0
2026-04-27 00:00:00-04:00,8.355383307766083,8.385152816772461,8.325613798759706,8.385152816772461,116000,0.0,0.0
2026-04-28 00:00:00-04:00,8.325614092328415,8.345460116913912,8.285921096801758,8.285921096801758,87300,0.0,0.0
2026-04-29 00:00:00-04:00,8.315690813915598,8.375229835510254,8.295843842480256,8.375229835510254,121700,0.0,0.0
2026-04-30 00:00:00-04:00,8.434769575731362,8.494309542074193,8.385153094838282,8.45461654663086,227400,0.0,0.0
2026-05-01 00:00:00-04:00,8.474463013861195,8.50423252540987,8.434770016344391,8.464539527893066,151500,0.0,0.0
2026-05-04 00:00:00-04:00,8.464539591097388,8.464539591097388,8.395077081513236,8.444693565368652,153000,0.0,0.0
2026-05-05 00:00:00-04:00,8.464539140618774,8.464539140618774,8.414922659403922,8.434769630432129,88800,0.0,0.0
2026-05-06 00:00:00-04:00,8.484386563181841,8.484386563181841,8.414923107241972,8.444693565368652,161400,0.0,0.0
2026-05-07 00:00:00-04:00,8.464539647246413,8.464539647246413,8.355384139124993,8.424846649169922,192600,0.0,0.0
2026-05-08 00:00:00-04:00,8.444693621386028,8.444693621386028,8.405000623309538,8.424846649169922,79500,0.0,0.0
2026-05-11 00:00:00-04:00,8.404999787013798,8.434769296020175,8.375229331651791,8.385152816772461,114500,0.0,0.0
2026-05-12 00:00:00-04:00,8.385152994801759,8.385152994801759,8.285920980555115,8.325613975524902,91500,0.0,0.0
2026-05-13 00:00:00-04:00,8.36530717905093,8.42484619981216,8.31569069751279,8.414922714233398,86100,0.0,0.0
2026-05-14 00:00:00-04:00,8.424845756729294,8.434769241786157,8.365306739099363,8.404999732971191,114200,0.0,0.0
2026-05-15 00:00:00-04:00,8.390000343322754,8.390000343322754,8.270000457763672,8.270000457763672,100300,0.065,0.0
2026-05-18 00:00:00-04:00,8.319999694824219,8.390000343322754,8.220000267028809,8.260000228881836,150300,0.0,0.0
2026-05-19 00:00:00-04:00,8.210000038146973,8.300000190734863,8.210000038146973,8.279999732971191,112900,0.0,0.0
2026-05-20 00:00:00-04:00,8.329999923706055,8.399999618530273,8.289999961853027,8.399999618530273,110200,0.0,0.0
2026-05-21 00:00:00-04:00,8.390000343322754,8.420000076293945,8.34000015258789,8.420000076293945,109800,0.0,0.0
2026-05-22 00:00:00-04:00,8.470000267028809,8.470000267028809,8.399999618530273,8.420000076293945,93200,0.0,0.0
2026-05-26 00:00:00-04:00,8.430000305175781,8.460000038146973,8.399999618530273,8.399999618530273,153400,0.0,0.0
2026-05-27 00:00:00-04:00,8.40999984741211,8.449999809265137,8.399999618530273,8.449999809265137,86600,0.0,0.0
2026-05-28 00:00:00-04:00,8.449999809265137,8.539999961853027,8.4399995803833,8.520000457763672,208354,0.0,0.0
