Date,Open,High,Low,Close,Volume,Dividends,Stock Splits
2022-01-03 00:00:00-05:00,66.76342978861632,68.00048029539289,66.29837384737915,67.95397186279297,99600,0.0,0.0
2022-01-04 00:00:00-05:00,67.94468182654066,68.62365958657215,67.09827653290638,68.3353271484375,124500,0.0,0.0
2022-01-05 00:00:00-05:00,68.29813418434293,68.80039558751706,66.77275085449219,66.77275085449219,90600,0.0,0.0
2022-01-06 00:00:00-05:00,66.60530874109612,66.84713980392775,64.97761303793382,65.26594543457031,112200,0.0,0.0
2022-01-07 00:00:00-05:00,65.0892385914872,65.87052923781755,64.09401907036194,64.34514617919922,150400,0.0,0.0
2022-01-10 00:00:00-05:00,64.27074008526529,65.48919167436448,63.48014627615589,65.43338012695312,112700,0.0,0.0
2022-01-11 00:00:00-05:00,65.19969113172003,66.33075301813267,64.7977429297988,66.24662780761719,127700,0.35,0.0
2022-01-12 00:00:00-05:00,66.32140589458615,67.2000850508923,65.38664326248953,65.51750946044922,133700,0.0,0.0
2022-01-13 00:00:00-05:00,65.69510223668266,66.25595826661831,64.8070807835905,65.05946350097656,104300,0.0,0.0
2022-01-14 00:00:00-05:00,64.41449013168858,65.237078600471,63.984493086902454,65.09686279296875,80300,0.0,0.0
2022-01-18 00:00:00-05:00,64.27427709364828,64.49861811631497,63.67602961208872,63.74146270751953,150000,0.0,0.0
2022-01-19 00:00:00-05:00,63.67603303796992,65.02208637806267,63.67603303796992,64.32101440429688,185300,0.0,0.0
2022-01-20 00:00:00-05:00,64.36775619398985,66.09706565791654,64.36775619398985,64.4518814086914,199600,0.0,0.0
2022-01-21 00:00:00-05:00,64.07797889087438,65.4707731638372,63.18060052168842,63.31147384643555,131800,0.0,0.0
2022-01-24 00:00:00-05:00,62.25518145784582,64.31166324953963,61.41389377631981,64.1340560913086,276000,0.0,0.0
2022-01-25 00:00:00-05:00,63.199294131201654,63.33950993461194,61.806499982449424,62.47018051147461,132600,0.0,0.0
2022-01-26 00:00:00-05:00,63.274069868591205,63.507760471289004,60.7034732389154,61.460628509521484,307000,0.0,0.0
2022-01-27 00:00:00-05:00,61.675645942299425,62.97496552178169,61.18021572183149,61.451297760009766,111000,0.0,0.0
2022-01-28 00:00:00-05:00,61.3391160028307,62.75995182286303,60.890426878168455,62.657127380371094,143500,0.0,0.0
2022-01-31 00:00:00-05:00,62.45148312110763,64.73230600470828,62.34865867099958,64.52665710449219,284000,0.0,0.0
2022-02-01 00:00:00-05:00,64.5827574733964,64.59210709812686,62.78801463554859,62.98431396484375,200900,0.0,0.0
2022-02-02 00:00:00-05:00,63.27408343002163,64.25557989271219,62.89082733625241,64.11536407470703,240000,0.0,0.0
2022-02-03 00:00:00-05:00,63.28343334040677,64.1901543205777,62.638451912644626,62.86279296875,151500,0.0,0.0
2022-02-04 00:00:00-05:00,62.66647761287885,62.86277687818484,61.51671662274748,62.161705017089844,83800,0.0,0.0
2022-02-07 00:00:00-05:00,61.974757410881494,63.22733575401386,61.87193296400681,63.059078216552734,147700,0.0,0.0
2022-02-08 00:00:00-05:00,62.825381330618086,63.59188622899747,62.76929786760805,63.23667907714844,150100,0.0,0.0
2022-02-09 00:00:00-05:00,63.69471760814677,64.07797366494576,63.43298524334358,63.70406723022461,105800,0.0,0.0
2022-02-10 00:00:00-05:00,62.64778297129493,63.67602748176785,61.24563914611072,61.69432830810547,251200,0.0,0.0
2022-02-11 00:00:00-05:00,62.15236140075558,62.74126638524708,61.34846501849135,61.946712493896484,116900,0.0,0.0
2022-02-14 00:00:00-05:00,61.9467135010521,62.71321853710661,61.3952069979383,62.04019546508789,117300,0.0,0.0
2022-02-15 00:00:00-05:00,62.722559040183604,63.25537335202427,60.993249932046105,63.02168273925781,113700,0.0,0.0
2022-02-16 00:00:00-05:00,62.90017834206761,64.36775538855042,62.80670350523342,64.32101440429688,94900,0.0,0.0
2022-02-17 00:00:00-05:00,67.05052806142041,67.05052806142041,62.57301410951635,62.703880310058594,217200,0.0,0.0
2022-02-18 00:00:00-05:00,62.339322835043184,62.731921432816705,61.35781920893639,61.47933578491211,182300,0.0,0.0
2022-02-22 00:00:00-05:00,61.25499370383989,62.143022477009055,59.05830296039676,60.095890045166016,282400,0.0,0.0
2022-02-23 00:00:00-05:00,60.684782539251366,61.198904790225384,59.83415233416153,59.90892791748047,162100,0.0,0.0
2022-02-24 00:00:00-05:00,58.618961803433535,59.93698049293398,57.69354882609295,59.83415603637695,194700,0.0,0.0
2022-02-25 00:00:00-05:00,60.17067507587953,60.806313970836754,59.432211717644435,60.46044921875,147100,0.0,0.0
2022-02-28 00:00:00-05:00,60.123936198186094,60.94652480157718,59.553730384261264,60.217411041259766,219300,0.0,0.0
2022-03-01 00:00:00-05:00,59.946323413384555,60.48848743699063,58.908739915023084,59.33872985839844,129300,0.0,0.0
2022-03-02 00:00:00-05:00,59.50698815880783,61.95606522116182,59.24525576666147,61.797157287597656,104900,0.0,0.0
2022-03-03 00:00:00-05:00,61.76911064807285,61.76911064807285,60.68478267332194,61.05868911743164,255500,0.0,0.0
2022-03-04 00:00:00-05:00,61.236295796807326,61.69432744307711,59.95566855369298,60.3950080871582,86400,0.0,0.0
2022-03-07 00:00:00-05:00,60.245455723092405,60.245455723092405,57.86181501577868,58.24506759643555,149700,0.0,0.0
2022-03-08 00:00:00-05:00,58.058113346020114,59.65655674792467,57.81507304096238,58.10485076904297,103300,0.0,0.0
2022-03-09 00:00:00-05:00,58.86200279774645,59.824807146695946,58.86200279774645,59.376121520996094,104500,0.0,0.0
2022-03-10 00:00:00-05:00,58.516140635615564,59.31069102995227,58.263757857310075,59.17982482910156,66100,0.0,0.0
2022-03-11 00:00:00-05:00,59.20785894010569,59.68458626262362,57.89918996851611,58.04875183105469,124100,0.0,0.0
2022-03-14 00:00:00-04:00,58.04875545357832,58.628310827188926,57.357033133359124,57.43181228637695,117400,0.0,0.0
2022-03-15 00:00:00-04:00,57.48789629470147,58.460050193534485,57.48789629470147,58.13288116455078,93000,0.0,0.0
2022-03-16 00:00:00-04:00,58.75917632574763,59.76871805750754,57.90854252092252,59.65654754638672,132700,0.0,0.0
2022-03-17 00:00:00-04:00,59.16113322810019,60.57262692795776,58.92744254879738,60.45110321044922,110200,0.0,0.0
2022-03-18 00:00:00-04:00,60.45109889723228,61.5821608485552,60.44175640553172,61.55411911010742,255700,0.0,0.0
2022-03-21 00:00:00-04:00,61.39520995041866,61.75041718314975,60.33893074374019,60.75957107543945,171200,0.0,0.0
2022-03-22 00:00:00-04:00,61.01195185190317,61.32977484483053,60.47913745440298,61.07738494873047,135200,0.0,0.0
2022-03-23 00:00:00-04:00,60.63804960839576,61.01194892566306,59.787412258766274,59.974369049072266,119700,0.0,0.0
2022-03-24 00:00:00-04:00,60.123935085480156,60.796965353832356,59.871552300684705,60.64739990234375,127500,0.0,0.0
2022-03-25 00:00:00-04:00,60.60066976069664,60.871751809374814,59.96503081626904,60.619361877441406,95500,0.0,0.0
2022-03-28 00:00:00-04:00,60.385672338429636,60.787620606960495,59.87155710395683,60.18937301635742,132000,0.0,0.0
2022-03-29 00:00:00-04:00,60.93717170896335,61.85323499607204,60.61934873979247,61.49802780151367,194800,0.0,0.0
2022-03-30 00:00:00-04:00,61.16151796664684,61.19890932691426,59.105039507811895,59.376121520996094,118700,0.0,0.0
2022-03-31 00:00:00-04:00,59.34808519060112,60.18936947824463,59.254606781416264,59.63785934448242,138300,0.0,0.0
2022-04-01 00:00:00-04:00,59.66589435434083,60.50718206265029,59.33872532740445,60.413700103759766,236700,0.0,0.0
2022-04-04 00:00:00-04:00,60.50717770812839,60.58195328551838,59.72197352632431,60.27348709106445,65200,0.0,0.0
2022-04-05 00:00:00-04:00,60.09589425650758,60.647400820960556,58.899395587331966,58.974178314208984,160800,0.0,0.0
2022-04-06 00:00:00-04:00,58.590928662168096,58.955485559199474,58.188980399842,58.22637176513672,104400,0.0,0.0
2022-04-07 00:00:00-04:00,58.21701641700411,58.47875238249644,57.21682067164905,57.927242279052734,152300,0.0,0.0
2022-04-08 00:00:00-04:00,57.78702567689902,57.78702567689902,56.60922632848872,56.63726806640625,146100,0.0,0.0
2022-04-11 00:00:00-04:00,56.35683245749765,57.226161875117796,55.824018113257694,56.057708740234375,149100,0.0,0.0
2022-04-12 00:00:00-04:00,56.40560394411993,57.16720421428867,55.841451743390756,56.236358642578125,119300,0.35,0.0
2022-04-13 00:00:00-04:00,56.37739658183408,57.71255362321469,56.37739658183408,57.618526458740234,96500,0.0,0.0
2022-04-14 00:00:00-04:00,57.533914075592115,57.957027424341376,57.01677713235201,57.27064514160156,78000,0.0,0.0
2022-04-18 00:00:00-04:00,57.1107890950309,57.1107890950309,56.27396354526624,56.48081970214844,88300,0.0,0.0
2022-04-19 00:00:00-04:00,56.415010736946876,57.515101724667836,56.29277720938795,57.2142219543457,94200,0.0,0.0
2022-04-20 00:00:00-04:00,57.45868565928804,58.14506781948844,57.33645213885603,57.618526458740234,110600,0.0,0.0
2022-04-21 00:00:00-04:00,57.79718207564202,58.11686729338446,55.766241747269454,55.85086441040039,112300,0.0,0.0
2022-04-22 00:00:00-04:00,55.634603456194235,55.82265421640049,54.609734165948495,54.731964111328125,157600,0.0,0.0
2022-04-25 00:00:00-04:00,54.37466680479166,55.051644460200606,53.37800037455874,54.71315383911133,149900,0.0,0.0
2022-04-26 00:00:00-04:00,54.337049529115234,54.81657546124702,53.04890441894531,53.04890441894531,129500,0.0,0.0
2022-04-27 00:00:00-04:00,53.2463670487194,53.754099404250496,52.77624197327861,53.07712173461914,161000,0.0,0.0
2022-04-28 00:00:00-04:00,53.56604399972932,55.126858866514105,53.56604399972932,54.86358642578125,145900,0.0,0.0
2022-04-29 00:00:00-04:00,54.318252383087845,54.92001191392534,53.25576869389491,53.45322036743164,210700,0.0,0.0
2022-05-02 00:00:00-04:00,53.65067460921149,54.66614290152927,53.114732313060784,53.970359802246094,175500,0.0,0.0
2022-05-03 00:00:00-04:00,53.9797615216506,54.19601862795619,53.34039112615159,53.98916244506836,234900,0.0,0.0
2022-05-04 00:00:00-04:00,54.38406719110698,57.4116737312209,54.27123818078081,57.36465835571289,225600,0.0,0.0
2022-05-05 00:00:00-04:00,57.900602159544114,57.900602159544114,54.76016672113068,55.23969268798828,244300,0.0,0.0
2022-05-06 00:00:00-04:00,55.286710427195565,56.92274733516198,54.7789744640229,55.96369171142578,139000,0.0,0.0
2022-05-09 00:00:00-04:00,55.183276149227424,56.11412531074316,54.79777375818482,55.700416564941406,263500,0.0,0.0
2022-05-10 00:00:00-04:00,56.377397214931264,56.63126518170876,54.60972954419623,55.57818603515625,133400,0.0,0.0
2022-05-11 00:00:00-04:00,55.57817469389285,56.21754494195103,54.45927496640658,55.042232513427734,171500,0.0,0.0
2022-05-12 00:00:00-04:00,54.71315682584708,55.50296712258047,54.05498456754408,55.126869201660156,118300,0.0,0.0
2022-05-13 00:00:00-04:00,55.72862239360322,56.49962716840988,55.230291001458994,56.08591842651367,165700,0.0,0.0
2022-05-16 00:00:00-04:00,56.01069981669157,57.0825843883203,55.465356607779405,56.65007019042969,171500,0.0,0.0
2022-05-17 00:00:00-04:00,57.562113891833675,57.68434382580402,56.64066919828023,57.43988037109375,259400,0.0,0.0
2022-05-18 00:00:00-04:00,56.781704298290606,57.32705109074412,55.64400251140326,56.067115783691406,204800,0.0,0.0
2022-05-19 00:00:00-04:00,55.88847074578197,57.12019980230337,55.39954021006592,56.51844024658203,145400,0.0,0.0
2022-05-20 00:00:00-04:00,57.08258067928026,57.101386111023544,55.24909233215857,56.47142028808594,109800,0.0,0.0
2022-05-23 00:00:00-04:00,57.120192593060274,57.25182703091426,56.16113707713483,56.9227409362793,174200,0.0,0.0
2022-05-24 00:00:00-04:00,56.593651656159594,57.524500823936464,55.756829649494726,57.148399353027344,101000,0.0,0.0
2022-05-25 00:00:00-04:00,55.032832876495554,56.88512657556523,53.66947320814944,56.640663146972656,2751300,0.0,0.0
2022-05-26 00:00:00-04:00,56.7534997573061,59.5930556471939,56.7534997573061,59.414405822753906,460500,0.0,0.0
2022-05-27 00:00:00-04:00,59.696477286011536,61.33251395210355,59.56483926605183,60.90939712524414,177600,0.0,0.0
2022-05-31 00:00:00-04:00,60.81538568470835,62.028309352631474,59.69648919265332,61.388938903808594,406200,0.0,0.0
2022-06-01 00:00:00-04:00,61.5769747976051,62.17873426580424,60.091381558834655,61.285499572753906,766700,0.0,0.0
2022-06-02 00:00:00-04:00,61.661600955609046,62.159932342060586,60.157198700248635,62.000091552734375,266000,0.0,0.0
2022-06-03 00:00:00-04:00,61.42654078130768,62.57364705157175,60.768361406898656,62.084712982177734,155800,0.0,0.0
2022-06-06 00:00:00-04:00,62.836912394469714,62.94973780910215,62.09411399613906,62.592445373535156,297000,0.0,0.0
2022-06-07 00:00:00-04:00,62.1505341810062,63.12839520885578,61.97189152849886,62.846317291259766,116500,0.0,0.0
2022-06-08 00:00:00-04:00,62.45140073267209,62.51721794304768,61.43592905241614,61.76502227783203,210800,0.0,0.0
2022-06-09 00:00:00-04:00,61.59578773348904,62.159936374112284,61.20087722886752,61.46415328979492,131600,0.0,0.0
2022-06-10 00:00:00-04:00,60.758972474973895,61.67100917274914,60.03497578033524,60.80598068237305,137500,0.0,0.0
2022-06-13 00:00:00-04:00,59.508426904765564,60.28883617289091,58.013429172262306,58.25789260864258,252000,0.0,0.0
2022-06-14 00:00:00-04:00,58.35192063972055,58.47415056635557,57.56211043739179,58.022830963134766,172900,0.0,0.0
2022-06-15 00:00:00-04:00,58.78444383024665,60.64613882420521,58.060450734801115,59.668277740478516,267400,0.0,0.0
2022-06-16 00:00:00-04:00,58.56818414348359,58.972492004859966,55.5969937399452,56.55604934692383,367200,0.0,0.0
2022-06-17 00:00:00-04:00,57.110792075351995,57.92880864979446,56.7252896817164,57.148399353027344,359200,0.0,0.0
2022-06-21 00:00:00-04:00,57.62792868520505,58.85965400347484,56.92274112005111,58.474151611328125,227300,0.0,0.0
2022-06-22 00:00:00-04:00,58.107459203656575,59.43321178653894,57.96642383163828,58.52117156982422,205100,0.0,0.0
2022-06-23 00:00:00-04:00,58.61519543373126,59.329783981003295,57.562116253152034,58.060447692871094,142100,0.0,0.0
2022-06-24 00:00:00-04:00,58.568186505105366,60.23242622224884,57.25183477497289,59.771705627441406,317800,0.0,0.0
2022-06-27 00:00:00-04:00,60.09138821233029,61.257300001136315,59.07591989400094,60.655540466308594,747600,0.0,0.0
2022-06-28 00:00:00-04:00,61.172662272311236,62.075301405109926,58.14505973270283,58.18267059326172,797000,0.0,0.0
2022-06-29 00:00:00-04:00,58.60580199098483,59.19815708811371,56.47143341342993,58.163883209228516,975800,0.0,0.0
2022-06-30 00:00:00-04:00,57.28943168309251,58.15445994477603,56.78169583205094,57.167198181152344,355200,0.0,0.0
2022-07-01 00:00:00-04:00,56.96035029111259,57.6279269721222,56.42440445769956,56.9321403503418,234100,0.0,0.0
2022-07-05 00:00:00-04:00,56.04831219668717,58.389533069169495,55.728627001182275,58.11686325073242,329600,0.0,0.0
2022-07-06 00:00:00-04:00,58.24849234217864,58.48355485882443,57.496293006266015,57.69374465942383,170200,0.0,0.0
2022-07-07 00:00:00-04:00,57.57151487619744,59.1041235883122,57.364658700381945,58.916072845458984,183600,0.0,0.0
2022-07-08 00:00:00-04:00,58.92547215359832,59.72468689212819,58.61519148514846,59.64006423950195,220300,0.0,0.0
2022-07-11 00:00:00-04:00,59.16994155522729,59.16994155522729,58.40833765112971,58.859657287597656,168700,0.0,0.0
2022-07-12 00:00:00-04:00,58.8974719164174,58.954201800353694,57.762827347528216,57.904659271240234,139000,0.35,0.0
2022-07-13 00:00:00-04:00,57.06313282013474,58.05594914356341,57.06313282013474,57.734466552734375,169900,0.0,0.0
2022-07-14 00:00:00-04:00,57.09149945743223,57.677731124493256,56.675461055636326,57.630455017089844,222000,0.0,0.0
2022-07-15 00:00:00-04:00,58.85019998955399,58.85965376856944,57.68718678917987,58.48143768310547,230100,0.0,0.0
2022-07-18 00:00:00-04:00,58.906927951660876,59.474252061309166,57.33733738009144,57.630455017089844,187600,0.0,0.0
2022-07-19 00:00:00-04:00,58.23560109871616,58.90693123934559,58.14104887863223,58.50980758666992,255200,0.0,0.0
2022-07-20 00:00:00-04:00,58.33015445944845,59.82410409315341,58.26396718270821,59.7011833190918,232700,0.0,0.0
2022-07-21 00:00:00-04:00,59.70118284420112,60.28741455078125,59.36078907685265,60.28741455078125,105800,0.0,0.0
2022-07-22 00:00:00-04:00,60.20231462860301,60.429245003567246,58.89747669510048,59.4742546081543,117800,0.0,0.0
2022-07-25 00:00:00-04:00,57.129328163704216,58.103233459715995,54.02796880723684,54.28326416015625,443000,0.0,0.0
2022-07-26 00:00:00-04:00,54.2359814181882,55.71101624559441,53.952321151912855,55.559730529785156,283800,0.0,0.0
2022-07-27 00:00:00-04:00,55.78665795812406,57.242785150153246,55.493540321203135,56.79838180541992,197100,0.0,0.0
2022-07-28 00:00:00-04:00,56.7889266871862,57.56426637230309,56.63764098294231,57.47916793823242,256500,0.0,0.0
2022-07-29 00:00:00-04:00,57.61154375708967,58.159953094543134,56.883480162091416,58.04648971557617,194800,0.0,0.0
2022-08-01 00:00:00-04:00,57.47917090761634,58.41525012381601,57.034767550407594,58.02758026123047,115900,0.0,0.0
2022-08-02 00:00:00-04:00,57.526454014449286,58.528724233103866,57.08205060317869,57.95194625854492,108000,0.0,0.0
2022-08-03 00:00:00-04:00,58.027585940033674,59.814649715790985,57.90466876672474,59.29460525512695,245700,0.0,0.0
2022-08-04 00:00:00-04:00,60.51435110909501,60.51435110909501,57.951947419984,58.188331604003906,178900,0.0,0.0
2022-08-05 00:00:00-04:00,57.58317434929857,58.16940596993208,55.70155512539992,55.890663146972656,208500,0.0,0.0
2022-08-08 00:00:00-04:00,55.862313930494814,56.03250723018786,53.49847201279148,53.60247802734375,327600,0.0,0.0
2022-08-09 00:00:00-04:00,53.17697846633409,53.384994059731596,51.46555597026429,51.56010818481445,375500,0.0,0.0
2022-08-10 00:00:00-04:00,52.56238031541445,53.47009459571658,52.411094602030765,53.03514862060547,268200,0.0,0.0
2022-08-11 00:00:00-04:00,53.035151747749,53.186437470053036,51.81540858277111,52.2125358581543,256900,0.0,0.0
2022-08-12 00:00:00-04:00,52.47727921682271,53.11078698234529,52.21253013355187,52.94059371948242,230000,0.0,0.0
2022-08-15 00:00:00-04:00,52.56238288083765,52.83658937689631,51.81540805651347,52.467830657958984,214100,0.0,0.0
2022-08-16 00:00:00-04:00,52.47729320709745,52.95951539546188,51.91942634224003,52.4962043762207,187100,0.0,0.0
2022-08-17 00:00:00-04:00,51.89104777543072,52.638018921636515,51.53174287024662,52.3543586730957,207700,0.0,0.0
2022-08-18 00:00:00-04:00,52.11798027968715,53.280989951830215,52.11798027968715,52.6663932800293,184700,0.0,0.0
2022-08-19 00:00:00-04:00,52.307083415574645,52.307083415574645,51.484467599367136,51.92886734008789,127800,0.0,0.0
2022-08-22 00:00:00-04:00,51.437193239067426,51.58847895301438,50.9644249321162,51.162986755371094,138600,0.0,0.0
2022-08-23 00:00:00-04:00,51.15352608337232,51.66411668774519,50.25526924341553,50.283634185791016,160800,0.0,0.0
2022-08-24 00:00:00-04:00,50.23636115270846,50.80368167653789,50.103986604277324,50.416011810302734,171600,0.0,0.0
2022-08-25 00:00:00-04:00,50.39710505811784,51.011705351861906,50.11344477136528,50.576759338378906,149100,0.0,0.0
2022-08-26 00:00:00-04:00,50.42547180255208,50.42547180255208,48.572217207922364,48.68568420410156,199400,0.0,0.0
2022-08-29 00:00:00-04:00,48.24127749773541,49.158449148876805,48.18454400355261,48.22236633300781,225800,0.0,0.0
2022-08-30 00:00:00-04:00,48.468205703144356,48.56276152959661,47.5037615218832,47.74959945678711,331100,0.0,0.0
2022-08-31 00:00:00-04:00,48.0994537043308,49.29083203520371,47.39975852569818,47.428123474121094,285400,0.0,0.0
2022-09-01 00:00:00-04:00,47.04044256607691,47.04044256607691,44.714423558122384,45.3857536315918,493900,0.0,0.0
2022-09-02 00:00:00-04:00,45.67887522206877,46.16109730922564,44.723881219928224,45.0926399230957,260700,0.0,0.0
2022-09-06 00:00:00-04:00,44.827892173247754,45.404670103525426,43.83507941787054,44.08091735839844,296000,0.0,0.0
2022-09-07 00:00:00-04:00,44.0714578243253,44.3834830006729,42.7382514738897,43.97690200805664,302100,0.0,0.0
2022-09-08 00:00:00-04:00,43.65541445466202,44.32674804912863,43.00299562822185,44.24164962768555,295600,0.0,0.0
2022-09-09 00:00:00-04:00,44.77115849724045,45.42358108780434,44.66715249658306,45.20610809326172,226200,0.0,0.0
2022-09-12 00:00:00-04:00,45.650509588328575,46.690602096665984,45.62214464225245,46.5582275390625,248500,0.0,0.0
2022-09-13 00:00:00-04:00,45.58432216907304,45.85852867008462,44.043099988082794,44.23220443725586,211300,0.0,0.0
2022-09-14 00:00:00-04:00,44.23220490752886,44.23220490752886,43.2015697780589,43.43795394897461,307900,0.0,0.0
2022-09-15 00:00:00-04:00,43.201567986793975,43.655425143301535,42.62479366350081,42.91790771484375,256700,0.0,0.0
2022-09-16 00:00:00-04:00,42.728796723854806,43.36230810764854,42.29385076300287,43.324485778808594,868700,0.0,0.0
2022-09-19 00:00:00-04:00,43.220489118728885,43.60815908807209,42.73826690591148,43.18266677856445,179500,0.0,0.0
2022-09-20 00:00:00-04:00,42.9368104158988,42.9368104158988,42.37894376137025,42.719337463378906,552400,0.0,0.0
2022-09-21 00:00:00-04:00,43.09756356448505,43.29612540143034,41.735988438148915,41.82108688354492,242900,0.0,0.0
2022-09-22 00:00:00-04:00,41.58470235376145,41.81163274183161,40.58243218410051,40.62025451660156,245600,0.0,0.0
2022-09-23 00:00:00-04:00,40.29877414943845,40.56352688476021,39.7503647253635,40.2231330871582,285200,0.0,0.0
2022-09-26 00:00:00-04:00,40.090750471708304,40.61079484385688,39.31541080262811,39.35322952270508,291100,0.0,0.0
2022-09-27 00:00:00-04:00,39.59907720845069,40.25149621981447,39.14522003442333,39.49506759643555,315100,0.0,0.0
2022-09-28 00:00:00-04:00,39.61797844974113,40.12856538827371,39.353225792682636,39.56124496459961,215800,0.0,0.0
2022-09-29 00:00:00-04:00,39.12630212615841,39.95837166503407,38.03893368764593,38.44551467895508,215500,0.0,0.0
2022-09-30 00:00:00-04:00,38.50225366416211,39.627440982728764,38.152402505560104,38.218589782714844,369700,0.0,0.0
2022-10-03 00:00:00-04:00,41.60361219346682,45.395212535865014,41.48069142022585,45.20610809326172,889300,0.0,0.0
2022-10-04 00:00:00-04:00,45.7639752601805,46.51094647171386,44.59150822821988,45.36684799194336,727500,0.0,0.0
2022-10-05 00:00:00-04:00,45.00753832241333,45.31956711513977,44.27947835325635,44.62932586669922,331000,0.0,0.0
2022-10-06 00:00:00-04:00,44.63878386211357,45.05482229171812,44.421310867973034,44.790069580078125,195000,0.0,0.0
2022-10-07 00:00:00-04:00,44.676604079350874,44.676604079350874,44.20383578221488,44.64823913574219,294000,0.0,0.0
2022-10-10 00:00:00-04:00,44.56313859677586,44.80897651264325,44.05254799427933,44.62932586669922,360700,0.0,0.0
2022-10-11 00:00:00-04:00,44.49595799862794,45.59144976905865,44.46738115320369,45.18183135986328,340200,0.35,0.0
2022-10-12 00:00:00-04:00,45.191360161892334,45.896286033310254,44.38165130242709,44.55311965942383,251300,0.0,0.0
2022-10-13 00:00:00-04:00,43.70530064754659,46.058220802624106,43.49572742893698,45.543819427490234,261400,0.0,0.0
2022-10-14 00:00:00-04:00,45.77243969442143,45.93438362090978,44.71505287226097,44.81983947753906,163200,0.0,0.0
2022-10-17 00:00:00-04:00,45.562884384708994,46.19160057936402,45.2866293631787,45.667667388916016,215300,0.0,0.0
2022-10-18 00:00:00-04:00,46.305903821232455,46.791728403198775,45.90580978265846,46.07727813720703,197300,0.0,0.0
2022-10-19 00:00:00-04:00,45.6962430693922,45.99154687235114,44.54359380551696,45.13420867919922,209900,0.0,0.0
2022-10-20 00:00:00-04:00,45.14372717027599,45.77244321644045,44.838895368128476,45.07704544067383,245100,0.0,0.0
2022-10-21 00:00:00-04:00,45.24851596761577,46.124906532619974,44.91510730351242,46.067752838134766,141500,0.0,0.0
2022-10-24 00:00:00-04:00,46.26779943177489,46.99177774406174,45.82007609743649,46.71552276611328,193300,0.0,0.0
2022-10-25 00:00:00-04:00,46.677416744963345,47.372814558363295,46.677416744963345,47.1156120300293,196100,0.0,0.0
2022-10-26 00:00:00-04:00,47.010819558009906,47.420437944667164,46.53451944644392,47.020347595214844,165100,0.0,0.0
2022-10-27 00:00:00-04:00,47.28707973588968,47.86816651782568,46.696468549574575,46.8107795715332,206500,0.0,0.0
2022-10-28 00:00:00-04:00,47.02036146410241,47.89675218361648,46.61074295662615,47.75386428833008,164800,0.0,0.0
2022-10-31 00:00:00-04:00,47.64906749358023,47.86816512675129,47.03940388234219,47.50617599487305,178600,0.0,0.0
2022-11-01 00:00:00-04:00,47.982472221670285,48.03962954325553,47.00129515468643,47.020347595214844,180900,0.0,0.0
2022-11-02 00:00:00-04:00,47.02035282879801,47.20134558314109,45.0579948425293,45.0579948425293,389800,0.0,0.0
2022-11-03 00:00:00-04:00,44.12445068359375,45.02942179952367,41.8382082469163,44.12445068359375,446800,0.0,0.0
2022-11-04 00:00:00-04:00,44.63884851283987,46.93461498111498,44.42927529398171,46.02964401245117,337000,0.0,0.0
2022-11-07 00:00:00-05:00,46.058231299167396,46.60121327668949,44.86748071093781,46.42974853515625,310900,0.0,0.0
2022-11-08 00:00:00-05:00,46.64884206029021,47.5728619635719,45.629559938089415,46.27732849121094,402500,0.0,0.0
2022-11-09 00:00:00-05:00,45.63908303513301,46.020124632125494,45.01989134849073,45.219940185546875,177900,0.0,0.0
2022-11-10 00:00:00-05:00,46.99177586931664,48.17299823967558,46.67741601718252,48.115840911865234,279800,0.0,0.0
2022-11-11 00:00:00-05:00,48.315897944476006,48.639782255954245,47.639548835821536,47.896751403808594,174400,0.0,0.0
2022-11-14 00:00:00-05:00,47.68718058629225,48.6016761605642,46.953677792173366,48.182533264160156,159700,0.0,0.0
2022-11-15 00:00:00-05:00,48.76361921337691,49.039874235757935,47.8395991818594,48.0968017578125,162600,0.0,0.0
2022-11-16 00:00:00-05:00,47.76337918923544,47.76337918923544,46.65836296973308,46.915565490722656,157800,0.0,0.0
2022-11-17 00:00:00-05:00,46.29637738081198,46.54405551654593,45.5819270901582,45.86771011352539,307100,0.0,0.0
2022-11-18 00:00:00-05:00,46.801259748405265,46.801259748405265,46.096333837246334,46.66789627075195,287000,0.0,0.0
2022-11-21 00:00:00-05:00,46.48689364897391,46.87745962439851,46.210638691412626,46.458316802978516,305000,0.0,0.0
2022-11-22 00:00:00-05:00,46.55358687779463,47.03941518300819,46.239230592552886,46.98225784301758,111700,0.0,0.0
2022-11-23 00:00:00-05:00,47.09655787033616,47.60143850409064,46.50594669747738,47.172767639160156,109500,0.0,0.0
2022-11-25 00:00:00-05:00,47.268033729961836,47.41092525227974,46.62026512751676,46.686946868896484,90900,0.0,0.0
2022-11-28 00:00:00-05:00,46.391633126693016,47.087030876498666,45.57239632630013,46.02964401245117,276800,0.0,0.0
2022-11-29 00:00:00-05:00,45.93439442971702,46.496428835285,45.76292605961951,46.19159698486328,131900,0.0,0.0
2022-11-30 00:00:00-05:00,46.20112070137512,47.839594598369295,45.620033859586144,47.791961669921875,307500,0.0,0.0
2022-12-01 00:00:00-05:00,48.1729950103341,48.84934032494844,48.14441816528554,48.34446334838867,177200,0.0,0.0
2022-12-02 00:00:00-05:00,47.639543718430964,48.18252928177611,47.30613503678946,47.69670104980469,134300,0.0,0.0
2022-12-05 00:00:00-05:00,47.22992693800513,47.27755622856814,46.29637540033693,47.19182205200195,208300,0.0,0.0
2022-12-06 00:00:00-05:00,47.10609059444533,47.24897847438197,46.13443774857113,46.248748779296875,148400,0.0,0.0
2022-12-07 00:00:00-05:00,46.05822734998234,47.29661076266394,45.49619297517337,45.94391632080078,123400,0.0,0.0
2022-12-08 00:00:00-05:00,46.14396375097636,47.02035804056294,45.84865994188926,46.039180755615234,133200,0.0,0.0
2022-12-09 00:00:00-05:00,46.677414846152644,47.42044191963699,46.37258303990872,47.05845642089844,199300,0.0,0.0
2022-12-12 00:00:00-05:00,47.18230308216074,47.18230308216074,46.65837351750275,46.98225784301758,138800,0.0,0.0
2022-12-13 00:00:00-05:00,48.28730825409763,48.8112413300581,47.10608590838005,47.172767639160156,195600,0.0,0.0
2022-12-14 00:00:00-05:00,46.972727033252916,47.65859685022847,46.372587763752435,46.65836715698242,149800,0.0,0.0
2022-12-15 00:00:00-05:00,45.96297107726888,46.00107596687401,45.33425493431334,45.62956237792969,168600,0.0,0.0
2022-12-16 00:00:00-05:00,45.00083991494331,46.71551973365518,44.87700085806004,45.79149627685547,1180700,0.0,0.0
2022-12-19 00:00:00-05:00,46.048696735618776,46.048696735618776,45.31519409900473,45.69623565673828,275300,0.0,0.0
2022-12-20 00:00:00-05:00,45.677188873291016,46.16301346739068,45.467615627190504,45.677188873291016,225800,0.0,0.0
2022-12-21 00:00:00-05:00,45.81055156984157,47.172770378685115,45.81055156984157,47.16324234008789,200200,0.0,0.0
2022-12-22 00:00:00-05:00,46.80125043190906,47.63001161655021,46.11537710178866,47.620487213134766,270600,0.0,0.0
2022-12-23 00:00:00-05:00,47.36329084905616,47.525231165264586,46.839357746306625,47.38234329223633,96800,0.0,0.0
2022-12-27 00:00:00-05:00,47.2680295186116,47.87769317626953,46.848886662442276,47.87769317626953,206000,0.0,0.0
2022-12-28 00:00:00-05:00,47.74433547098839,48.30636990461585,47.1632485915231,47.896751403808594,161600,0.0,0.0
2022-12-29 00:00:00-05:00,48.18252876358252,48.96366078121204,47.91579818725586,47.91579818725586,166000,0.0,0.0
2022-12-30 00:00:00-05:00,47.649071521038074,47.74433010563993,47.00130297087567,47.134666442871094,178900,0.0,0.0
2023-01-03 00:00:00-05:00,50.24967393227834,53.88860737467303,49.65906266847606,53.555198669433594,752800,0.0,0.0
2023-01-04 00:00:00-05:00,54.021963084245286,55.984321044711066,53.99338623758842,54.860252380371094,552200,0.0,0.0
2023-01-05 00:00:00-05:00,54.57447679574478,55.74617483037267,54.12675345304393,55.3460807800293,318200,0.0,0.0
2023-01-06 00:00:00-05:00,55.889068845440974,56.02243596612381,55.11746477641533,55.517555236816406,202800,0.0,0.0
2023-01-09 00:00:00-05:00,55.898594721068804,57.089345284087685,55.06030530721646,55.38418960571289,319400,0.0,0.0
2023-01-10 00:00:00-05:00,55.08709554947835,56.89841388272774,55.08709554947835,56.59173583984375,230200,0.35,0.0
2023-01-11 00:00:00-05:00,56.74507060422272,57.14758779024243,56.2850535744076,56.582149505615234,181300,0.0,0.0
2023-01-12 00:00:00-05:00,56.76423881368982,57.0900846689549,56.09337926980403,56.73548889160156,207300,0.0,0.0
2023-01-13 00:00:00-05:00,56.51507054844416,57.15717658543673,56.23714241785448,56.78341293334961,106300,0.0,0.0
2023-01-17 00:00:00-05:00,56.54382077614172,56.869666669222916,55.911296825559496,56.49590301513672,163100,0.0,0.0
2023-01-18 00:00:00-05:00,56.64923718177466,57.31051100102566,56.352141239617566,56.840911865234375,209000,0.0,0.0
2023-01-19 00:00:00-05:00,60.4060393376554,60.837306421814446,58.460550070759254,59.51475524902344,520600,0.0,0.0
2023-01-20 00:00:00-05:00,59.95560721156184,60.77980204774457,59.38058322235538,60.30061721801758,395700,0.0,0.0
2023-01-23 00:00:00-05:00,64.210770236674,66.76961559426336,63.97117781041775,66.48210906982422,907700,0.0,0.0
2023-01-24 00:00:00-05:00,66.28084355018888,66.34792912820406,64.9870387699566,65.22663116455078,421700,0.0,0.0
2023-01-25 00:00:00-05:00,64.7187228622381,65.42791459227898,64.41204476450831,65.37041473388672,285400,0.0,0.0
2023-01-26 00:00:00-05:00,65.40871803711,65.90706695735285,65.1595399210991,65.77289581298828,493900,0.0,0.0
2023-01-27 00:00:00-05:00,66.12751978592907,66.9517184435658,65.878341577118,66.60670471191406,440500,0.0,0.0
2023-01-30 00:00:00-05:00,66.42459230871252,66.79835585467346,65.8687435171421,66.15625,244500,0.0,0.0
2023-01-31 00:00:00-05:00,66.10834378944361,67.08587764653836,66.05083663659305,67.03795623779297,418800,0.0,0.0
2023-02-01 00:00:00-05:00,67.08588362263335,68.40843126752408,66.27127078385757,68.10175323486328,408500,0.0,0.0
2023-02-02 00:00:00-05:00,68.67677347939915,69.5872217334654,67.70881807360999,68.32217407226562,302300,0.0,0.0
2023-02-03 00:00:00-05:00,67.16254765881418,68.86844448706142,67.16254765881418,68.32217407226562,256300,0.0,0.0
2023-02-06 00:00:00-05:00,67.6129898612307,67.82382506768379,66.76004135512426,66.93254089355469,410800,0.0,0.0
2023-02-07 00:00:00-05:00,69.72139623218567,71.49437872899853,69.21346145701133,70.43058776855469,579800,0.0,0.0
2023-02-08 00:00:00-05:00,69.98974708104849,70.65102459941838,69.3188911289207,69.78849029541016,342100,0.0,0.0
2023-02-09 00:00:00-05:00,70.3730781501465,70.3730781501465,69.46262997905563,69.73097229003906,292200,0.0,0.0
2023-02-10 00:00:00-05:00,69.24221210792072,69.91306798563812,69.24221210792072,69.3476333618164,290000,0.0,0.0
2023-02-13 00:00:00-05:00,69.3476333618164,69.90348955294264,69.04095534460549,69.3476333618164,773300,0.0,0.0
2023-02-14 00:00:00-05:00,69.24221828456406,70.19100234247938,68.97387590954004,69.90349578857422,1168200,0.0,0.0
2023-02-15 00:00:00-05:00,69.9035025049902,71.45605705588096,69.86516683176325,71.42730712890625,868900,0.0,0.0
2023-02-16 00:00:00-05:00,71.1110234997101,71.6285439764389,70.96727390487987,71.26436614990234,949400,0.0,0.0
2023-02-17 00:00:00-05:00,71.34105749217845,71.44647876582016,71.02479367125329,71.2068862915039,693900,0.0,0.0
2023-02-21 00:00:00-05:00,69.433881278743,69.94182335753068,68.29342631697718,68.80136108398438,1027700,0.0,0.0
2023-02-22 00:00:00-05:00,69.11762764142755,69.49139125162627,68.504271598446,69.14637756347656,1267500,0.0,0.0
2023-02-23 00:00:00-05:00,69.5201434679508,71.26437614370093,69.48180780002673,71.23562622070312,354100,0.0,0.0
2023-02-24 00:00:00-05:00,69.8939113594247,71.3123019121233,69.79807583965162,70.73727416992188,511600,0.0,0.0
2023-02-27 00:00:00-05:00,71.24520867436864,71.57105821422122,70.52643131173724,70.80435943603516,336700,0.0,0.0
2023-02-28 00:00:00-05:00,70.24850799085428,71.1493706145071,69.5105591636384,69.95140838623047,338500,0.0,0.0
2023-03-01 00:00:00-05:00,69.95140215859689,70.82352209279415,69.56805281732096,70.12390899658203,282300,0.0,0.0
2023-03-02 00:00:00-05:00,69.807646521673,70.42100986602975,69.50096850538496,69.8555679321289,233000,0.0,0.0
2023-03-03 00:00:00-05:00,69.9705720571144,70.51684247969037,69.69264397379955,70.45933532714844,192300,0.0,0.0
2023-03-06 00:00:00-05:00,70.19099673114108,70.21016822027092,69.52972659177675,69.94182586669922,200200,0.0,0.0
2023-03-07 00:00:00-05:00,70.11433618410518,70.4880998110686,69.35722318513847,69.42430877685547,256900,0.0,0.0
2023-03-08 00:00:00-05:00,69.43388682352064,71.01519840436664,69.34763705398521,70.88102722167969,295600,0.0,0.0
2023-03-09 00:00:00-05:00,71.23561401941447,72.5869113513273,70.49766533388906,70.7851791381836,511600,0.0,0.0
2023-03-10 00:00:00-05:00,70.37309725451057,70.91936776781844,69.57764853688178,70.53601837158203,300400,0.0,0.0
2023-03-13 00:00:00-04:00,69.72140762166187,71.4464763019621,69.19430127163074,70.35393524169922,296000,0.0,0.0
2023-03-14 00:00:00-04:00,71.78187241157264,71.86812215139062,70.65099618158379,71.50394439697266,273800,0.0,0.0
2023-03-15 00:00:00-04:00,70.34433510181414,70.80434844791117,68.76302368707243,70.37308502197266,380300,0.0,0.0
2023-03-16 00:00:00-04:00,69.67347620115979,71.57105147706721,69.00262031723233,71.33145904541016,349600,0.0,0.0
2023-03-17 00:00:00-04:00,71.17812342110233,72.17482891281283,69.06971273864876,69.56806182861328,982000,0.0,0.0
2023-03-20 00:00:00-04:00,69.59681801748216,71.12062250097684,69.52973242346256,70.4976806640625,667900,0.0,0.0
2023-03-21 00:00:00-04:00,70.89059132925455,71.49436146706152,70.21972830880128,70.32514953613281,339500,0.0,0.0
2023-03-22 00:00:00-04:00,69.96098798227672,71.04394310921343,69.155960945286,69.17512512207031,236100,0.0,0.0
2023-03-23 00:00:00-04:00,69.28054906049695,70.80435343037048,68.9546995482831,69.74056243896484,236000,0.0,0.0
2023-03-24 00:00:00-04:00,69.59682090421462,69.79807769462118,68.53302978936449,69.45306396484375,236200,0.0,0.0
2023-03-27 00:00:00-04:00,69.79807001368255,70.62226857614274,69.17512821948159,70.1814193725586,298600,0.0,0.0
2023-03-28 00:00:00-04:00,69.88433155502351,70.11434559617096,68.76304052361252,69.02179718017578,201000,0.0,0.0
2023-03-29 00:00:00-04:00,69.33805544691187,69.78849043500502,68.97387754528283,69.5009765625,275300,0.0,0.0
2023-03-30 00:00:00-04:00,69.7118158587317,70.72769279912882,69.18471686597752,69.51055908203125,222700,0.0,0.0
2023-03-31 00:00:00-04:00,69.71181540735323,70.21017178510186,69.44347304015679,69.86515808105469,306100,0.0,0.0
2023-04-03 00:00:00-04:00,69.78847684859929,70.11432632812075,69.03136395606008,69.60638427734375,326000,0.0,0.0
2023-04-04 00:00:00-04:00,69.90350613229748,70.30601975439404,69.02180022588954,70.24851989746094,323100,0.0,0.0
2023-04-05 00:00:00-04:00,70.15267756831767,70.15267756831767,69.5776570594198,69.8939208984375,245800,0.0,0.0
2023-04-06 00:00:00-04:00,69.73098335695552,70.4401749073637,69.52972659177675,69.94182586669922,148000,0.0,0.0
2023-04-10 00:00:00-04:00,69.78849303973195,70.44977058410552,69.53931482837959,70.13350677490234,209100,0.0,0.0
2023-04-11 00:00:00-04:00,70.04682778217894,70.54757909904433,68.9875563230056,69.15126037597656,283300,0.35,0.0
2023-04-12 00:00:00-04:00,69.88314435467136,72.10761581016261,69.71944025338442,70.73056030273438,315400,0.0,0.0
2023-04-13 00:00:00-04:00,70.71128755784335,71.66463119580767,70.71128755784335,71.34684753417969,211800,0.0,0.0
2023-04-14 00:00:00-04:00,71.01943162354029,72.00166324182497,70.85572757831264,71.16387939453125,260800,0.0,0.0
2023-04-17 00:00:00-04:00,71.18313380543675,71.18313380543675,69.87348678406005,69.92163848876953,348200,0.0,0.0
2023-04-18 00:00:00-04:00,70.0949842903383,70.3935043305412,69.4594169631609,69.52682495117188,362200,0.0,0.0
2023-04-19 00:00:00-04:00,69.13198686059897,69.13198686059897,68.0149321607174,68.23641967773438,275400,0.0,0.0
2023-04-20 00:00:00-04:00,67.71643130173955,68.65051863549107,67.71643130173955,68.40977478027344,348900,0.0,0.0
2023-04-21 00:00:00-04:00,68.30384872632614,68.75644836176915,67.7068013044984,68.1594009399414,165700,0.0,0.0
2023-04-24 00:00:00-04:00,68.1112551698937,68.60236734777742,67.00383195969492,67.26383209228516,200000,0.0,0.0
2023-04-25 00:00:00-04:00,66.71494982880132,67.36977354477588,66.3875416442745,66.51272583007812,216700,0.0,0.0
2023-04-26 00:00:00-04:00,66.46456389672394,67.00383515737074,65.54974013637712,65.55937194824219,226600,0.0,0.0
2023-04-27 00:00:00-04:00,65.89641297500093,66.12752503511412,64.74084532751507,65.78085327148438,373100,0.0,0.0
2023-04-28 00:00:00-04:00,65.61714814050605,66.6860515032577,65.03936432610728,65.2319564819336,211200,0.0,0.0
2023-05-01 00:00:00-04:00,64.8949210986541,65.6171527541639,64.84676938285199,65.0971450805664,195400,0.0,0.0
2023-05-02 00:00:00-04:00,64.98157928844422,65.16453960745648,64.52897970235296,64.84675598144531,244100,0.0,0.0
2023-05-03 00:00:00-04:00,64.94305643082218,65.31861620918859,64.3460091013307,64.54823303222656,298500,0.0,0.0
2023-05-04 00:00:00-04:00,67.51420453519039,70.9809144366634,65.17417406598526,70.6246109008789,521700,0.0,0.0
2023-05-05 00:00:00-04:00,71.21203541903076,78.00101564545909,70.69203511335066,77.71212005615234,975600,0.0,0.0
2023-05-08 00:00:00-04:00,78.14544753426105,78.85804720340863,76.71061638577079,78.02025604248047,504400,0.0,0.0
2023-05-09 00:00:00-04:00,77.85655244754744,78.91582382057095,76.72987309661112,77.03802490234375,436400,0.0,0.0
2023-05-10 00:00:00-04:00,80.59140208180341,83.07587267577058,80.16769061522562,81.8336410522461,947700,0.0,0.0
2023-05-11 00:00:00-04:00,81.97809515756272,82.32476689777585,78.88694492976187,80.10029602050781,338900,0.0,0.0
2023-05-12 00:00:00-04:00,79.86918105459159,80.36029321283034,79.1469495133849,79.80177307128906,295500,0.0,0.0
2023-05-15 00:00:00-04:00,80.17732404149159,80.17732404149159,78.8676770701359,79.25286865234375,217200,0.0,0.0
2023-05-16 00:00:00-04:00,79.24324061910421,80.85140765352973,79.24324061910421,80.0810317993164,240000,0.0,0.0
2023-05-17 00:00:00-04:00,80.16769647124119,81.47734351185821,79.56102465634957,80.77436828613281,308100,0.0,0.0
2023-05-18 00:00:00-04:00,80.6973367886952,81.3328966955164,79.97510528049177,81.14030456542969,1108800,0.0,0.0
2023-05-19 00:00:00-04:00,81.71809078694692,81.90105845893493,80.88029956707022,81.255859375,272300,0.0,0.0
2023-05-22 00:00:00-04:00,81.49660643301625,81.95883786319585,81.29438247822496,81.55438995361328,310700,0.0,0.0
2023-05-23 00:00:00-04:00,81.38104744794317,82.33439097046393,80.68770403268489,80.77436828613281,209200,0.0,0.0
2023-05-24 00:00:00-04:00,80.30251587172148,80.7165955765297,79.71510030566984,80.41807556152344,168000,0.0,0.0
2023-05-25 00:00:00-04:00,80.60104032595297,80.8417841827771,78.9928731256284,80.11955261230469,231200,0.0,0.0
2023-05-26 00:00:00-04:00,79.82103940133287,81.15957477189546,79.82103940133287,80.2447509765625,195300,0.0,0.0
2023-05-30 00:00:00-04:00,80.88031551431884,80.96698713542509,79.12770028277535,79.59956359863281,247000,0.0,0.0
2023-05-31 00:00:00-04:00,79.2336211983168,80.59142014957206,78.88694943829077,79.96548461914062,508500,0.0,0.0
2023-06-01 00:00:00-04:00,79.55139566219289,81.31364234720897,79.40694788774717,80.39881134033203,186700,0.0,0.0
2023-06-02 00:00:00-04:00,80.64919283544164,81.7855041447909,80.49511323902568,81.65068817138672,246400,0.0,0.0
2023-06-05 00:00:00-04:00,81.05363406818411,81.58327345351572,79.62843465352276,81.36178588867188,209800,0.0,0.0
2023-06-06 00:00:00-04:00,81.12104013253891,83.27811017190345,81.0632639634748,82.9410629272461,486400,0.0,0.0
2023-06-07 00:00:00-04:00,82.97959213512407,84.95369473144893,82.97959213512407,83.50923156738281,566800,0.0,0.0
2023-06-08 00:00:00-04:00,83.15292726815221,84.38553464833758,81.85291190145419,84.30850219726562,453900,0.0,0.0
2023-06-09 00:00:00-04:00,84.4914562052095,85.35813550039808,83.84626447592649,85.04035186767578,289800,0.0,0.0
2023-06-12 00:00:00-04:00,84.81887162250622,86.25370285431393,84.74183183030904,86.20555114746094,371600,0.0,0.0
2023-06-13 00:00:00-04:00,86.71593449299488,87.55371835789818,86.42703894494056,87.04334259033203,454600,0.0,0.0
2023-06-14 00:00:00-04:00,86.87963403430994,87.57297743613412,86.47518616555205,87.50556945800781,345000,0.0,0.0
2023-06-15 00:00:00-04:00,87.03369969302123,88.01593855375107,86.37887623484067,87.8907470703125,401300,0.0,0.0
2023-06-16 00:00:00-04:00,88.89225410105776,89.8648612824134,88.0640946946629,88.2278060913086,900200,0.0,0.0
2023-06-20 00:00:00-04:00,88.22779218065625,88.84409573286015,87.49592895731993,88.12186431884766,515000,0.0,0.0
2023-06-21 00:00:00-04:00,88.04484861411512,88.81523193849164,87.9678088122935,88.507080078125,306500,0.0,0.0
2023-06-22 00:00:00-04:00,88.10261692750889,89.1811520159762,87.51520134816464,88.83448028564453,311400,0.0,0.0
2023-06-23 00:00:00-04:00,88.38188520758598,88.52633299378691,86.9181657631517,87.69817352294922,1231400,0.0,0.0
2023-06-26 00:00:00-04:00,87.47669144290144,88.77671425360263,86.83149961710993,87.27446746826172,320600,0.0,0.0
2023-06-27 00:00:00-04:00,88.3529801593624,89.3544753120088,87.73667658033666,88.95002746582031,372400,0.0,0.0
2023-06-28 00:00:00-04:00,89.32560383627634,91.14562682940434,89.28708393706121,90.68339538574219,310100,0.0,0.0
2023-06-29 00:00:00-04:00,90.90487354269271,92.78267251645647,90.14412214265235,92.42637634277344,821700,0.0,0.0
2023-06-30 00:00:00-04:00,93.07157683539332,94.00566417856759,92.03156160710118,92.97528076171875,384300,0.0,0.0
2023-07-03 00:00:00-04:00,93.17750964206927,93.33158189870265,91.70415833096064,92.53231048583984,189100,0.0,0.0
2023-07-05 00:00:00-04:00,91.5982286229041,92.17601243092562,90.90488511451039,91.78118896484375,494300,0.0,0.0
2023-07-06 00:00:00-04:00,91.53080767235124,92.16636756709467,90.12485723114453,90.54856872558594,375600,0.0,0.0
2023-07-07 00:00:00-04:00,90.54858000905698,91.7041549523728,90.37524413490559,90.7026596069336,286500,0.0,0.0
2023-07-10 00:00:00-04:00,90.80858465448472,91.77156007034597,90.72191304665913,91.7522964477539,259000,0.0,0.0
2023-07-11 00:00:00-04:00,92.31287858493666,92.45785892559526,91.55898966231965,92.10990905761719,250900,0.35,0.0
2023-07-12 00:00:00-04:00,92.64150246794863,93.42439343108545,92.26455797140417,93.26007843017578,366200,0.0,0.0
2023-07-13 00:00:00-04:00,93.75300341015871,95.386434385956,93.27940782878804,95.09647369384766,720100,0.0,0.0
2023-07-14 00:00:00-04:00,94.90316530110077,95.28976970005819,92.76714428863417,93.60801696777344,556400,0.0,0.0
2023-07-17 00:00:00-04:00,93.4920385976887,94.33291127682796,93.08609218037343,93.60801696777344,276800,0.0,0.0
2023-07-18 00:00:00-04:00,93.74333676100677,93.74333676100677,91.96493280038217,93.38572692871094,267800,0.0,0.0
2023-07-19 00:00:00-04:00,93.2407368581702,93.5306901481182,91.61697336284101,92.8637924194336,327000,0.0,0.0
2023-07-20 00:00:00-04:00,92.31287445885476,92.78647000143204,90.12852424618268,91.14337921142578,633500,0.0,0.0
2023-07-21 00:00:00-04:00,91.64599214130581,92.00360940469596,90.28319435867188,90.29285430908203,273600,0.0,0.0
2023-07-24 00:00:00-04:00,90.31217090329179,90.43781659957699,88.37911935056042,89.93522644042969,513400,0.0,0.0
2023-07-25 00:00:00-04:00,89.79991689617141,90.669784229352,89.34564858386209,89.35530853271484,221600,0.0,0.0
2023-07-26 00:00:00-04:00,89.42294971277394,89.72257767799235,87.84751556109882,88.6594009399414,239600,0.0,0.0
2023-07-27 00:00:00-04:00,89.62593690240418,90.00288135860205,87.69288538384833,87.85719299316406,301800,0.0,0.0
2023-07-28 00:00:00-04:00,88.47577097645355,88.78505893175877,87.79919850459386,88.37911987304688,168600,0.0,0.0
2023-07-31 00:00:00-04:00,88.45645453029057,89.63561740686832,88.43712725523547,89.58729553222656,250600,0.0,0.0
2023-08-01 00:00:00-04:00,89.30697631835938,90.10919442058999,88.63040390271675,89.30697631835938,203500,0.0,0.0
2023-08-02 00:00:00-04:00,88.30179395755114,88.60141458324527,87.62522887565913,87.85719299316406,250800,0.0,0.0
2023-08-03 00:00:00-04:00,83.42083508432637,86.21409391061701,82.1546887120926,84.6869888305664,591100,0.0,0.0
2023-08-04 00:00:00-04:00,85.04459805673012,85.43120982870809,82.79259867992037,82.98590087890625,421700,0.0,0.0
2023-08-07 00:00:00-04:00,83.1792289283898,84.08776576879282,82.60898210235541,82.9569320678711,343500,0.0,0.0
2023-08-08 00:00:00-04:00,82.34799693259507,82.85059448854994,81.67143180804827,82.37699890136719,274200,0.0,0.0
2023-08-09 00:00:00-04:00,82.15470601547024,82.16437333972367,81.42981155062786,81.95173645019531,195700,0.0,0.0
2023-08-10 00:00:00-04:00,82.56063335947772,83.03423631818107,81.38147068516611,81.44912719726562,408900,0.0,0.0
2023-08-11 00:00:00-04:00,81.07218758380606,82.22235573251739,80.19265287373821,82.17402648925781,321300,0.0,0.0
2023-08-14 00:00:00-04:00,82.00971021376867,82.24167433414124,81.30415053021692,81.79707336425781,213000,0.0,0.0
2023-08-15 00:00:00-04:00,81.68110647866682,81.68110647866682,80.57926753442699,80.75324249267578,222600,0.0,0.0
2023-08-16 00:00:00-04:00,80.7145792945702,81.21716951377802,80.02834679622522,80.06700134277344,243500,0.0,0.0
2023-08-17 00:00:00-04:00,80.3762782447621,80.50192392720137,78.96514427764711,79.01347351074219,242500,0.0,0.0
2023-08-18 00:00:00-04:00,78.5302334081282,79.40010823760441,78.5302334081282,78.70420837402344,183800,0.0,0.0
2023-08-21 00:00:00-04:00,78.80085653704785,79.11981185822107,78.10495669958172,78.1146240234375,235300,0.0,0.0
2023-08-22 00:00:00-04:00,78.77185487151935,80.67591192984993,78.77185487151935,80.51160430908203,271000,0.0,0.0
2023-08-23 00:00:00-04:00,80.72423106326954,83.13088559940418,80.72423106326954,81.93238830566406,370100,0.0,0.0
2023-08-24 00:00:00-04:00,81.78741897425832,82.367333001605,80.55025970884329,80.73390197753906,237100,0.0,0.0
2023-08-25 00:00:00-04:00,81.1881636800523,81.63276464389564,80.01866839763707,80.87887573242188,309200,0.0,0.0
2023-08-28 00:00:00-04:00,81.30416383166933,81.88407791447855,81.03353037728456,81.12052154541016,165700,0.0,0.0
2023-08-29 00:00:00-04:00,80.93687843776449,82.6476334447989,80.80156539894915,82.59930419921875,149500,0.0,0.0
2023-08-30 00:00:00-04:00,82.49299056207862,83.84612840303876,82.49299056207862,83.32420349121094,155100,0.0,0.0
2023-08-31 00:00:00-04:00,83.33386894679725,84.55169371375054,83.33386894679725,83.80746459960938,336900,0.0,0.0
2023-09-01 00:00:00-04:00,83.92344753146193,84.09742249228779,82.87959776650679,83.06324005126953,211600,0.0,0.0
2023-09-05 00:00:00-04:00,82.47364454369507,82.47364454369507,79.89302254448434,80.49226379394531,335100,0.0,0.0
2023-09-06 00:00:00-04:00,80.53094385210555,81.1881818093319,79.1778060138151,79.5354232788086,239900,0.0,0.0
2023-09-07 00:00:00-04:00,79.32277866104438,79.32277866104438,78.03729747113537,78.60755157470703,240900,0.0,0.0
2023-09-08 00:00:00-04:00,78.39491168664698,78.97482571743103,77.9503106839123,78.24993133544922,177800,0.0,0.0
2023-09-11 00:00:00-04:00,78.42391021429172,78.61721244290968,78.09529495083976,78.36592102050781,212100,0.0,0.0
2023-09-12 00:00:00-04:00,77.83431709370988,78.37556915142747,77.38971613572669,77.55402374267578,293600,0.0,0.0
2023-09-13 00:00:00-04:00,77.64102631472353,78.22094037243765,77.27374175809898,77.51537322998047,207700,0.0,0.0
2023-09-14 00:00:00-04:00,78.73319549215455,80.25064079395275,78.73319549215455,80.1733169555664,285600,0.0,0.0
2023-09-15 00:00:00-04:00,80.26030316855729,80.308625034064,79.22612085942875,79.44841766357422,804800,0.0,0.0
2023-09-18 00:00:00-04:00,79.66105186561207,80.56958844535298,79.52573884828978,79.70938110351562,227000,0.0,0.0
2023-09-19 00:00:00-04:00,79.36143971061757,80.05733951628874,79.1004735964873,79.69972229003906,240100,0.0,0.0
2023-09-20 00:00:00-04:00,80.10565365539316,80.55992194992672,79.1101332860144,79.15846252441406,194900,0.0,0.0
2023-09-21 00:00:00-04:00,78.54954522995301,79.13912653316814,77.50570301393849,77.54436492919922,323000,0.0,0.0
2023-09-22 00:00:00-04:00,77.65068560640344,78.52056037260812,77.50571262370872,78.29826354980469,202300,0.0,0.0
2023-09-25 00:00:00-04:00,78.16294661610218,78.92650290755593,77.85365864510885,77.95030975341797,162100,0.0,0.0
2023-09-26 00:00:00-04:00,77.38971888348904,77.9019763668749,76.54883880053085,76.90645599365234,203400,0.0,0.0
2023-09-27 00:00:00-04:00,77.50571243429907,78.03729724223092,77.04177676878794,77.29307556152344,384900,0.0,0.0
2023-09-28 00:00:00-04:00,77.10942572008089,78.70419473542958,77.10942572008089,78.0662841796875,227400,0.0,0.0
2023-09-29 00:00:00-04:00,78.62686790994188,78.6365352321172,76.97410977026318,77.55402374267578,217200,0.0,0.0
2023-10-02 00:00:00-04:00,77.8053294273922,78.04696088524123,77.15775889011842,77.71834564208984,177200,0.0,0.0
2023-10-03 00:00:00-04:00,77.27374666024117,77.67002583878975,76.36521728265586,77.46705627441406,265100,0.0,0.0
2023-10-04 00:00:00-04:00,77.67000011225399,78.20159215764114,76.92577124871198,77.80531311035156,177700,0.0,0.0
2023-10-05 00:00:00-04:00,77.63134757777694,77.76666059221628,76.76147293209094,77.09009552001953,156200,0.0,0.0
2023-10-06 00:00:00-04:00,76.80979852380823,78.40456740288204,76.58749436834702,77.90196990966797,160300,0.0,0.0
2023-10-09 00:00:00-04:00,77.63135818741203,78.4239091120178,77.5250397509643,78.14361572265625,113900,0.0,0.0
2023-10-10 00:00:00-04:00,78.08533599072592,79.60061070688907,77.8910726617151,79.25093078613281,235100,0.4,0.0
2023-10-11 00:00:00-04:00,79.44520251794168,80.77592931136421,79.34807085222327,79.45491790771484,228000,0.0,0.0
2023-10-12 00:00:00-04:00,79.69774870592603,79.69774870592603,78.76526398938647,79.23150634765625,182000,0.0,0.0
2023-10-13 00:00:00-04:00,79.27034696260947,79.56174931311585,76.73517170948065,77.80363464355469,255500,0.0,0.0
2023-10-16 00:00:00-04:00,78.19218454034696,78.97896067176053,77.3665542602539,77.3665542602539,220000,0.0,0.0
2023-10-17 00:00:00-04:00,76.84201974904963,78.09503801554517,76.84201974904963,77.50252532958984,189600,0.0,0.0
2023-10-18 00:00:00-04:00,76.96829618296559,77.47339264861657,76.24951303949182,76.5894775390625,193700,0.0,0.0
2023-10-19 00:00:00-04:00,76.4632105904073,76.5797656180121,75.55987207311702,75.82212829589844,222400,0.0,0.0
2023-10-20 00:00:00-04:00,76.09410098970429,76.13295513634849,74.82165918245742,74.94793701171875,239800,0.0,0.0
2023-10-23 00:00:00-04:00,74.90908445165553,75.5598747477205,74.56911251398586,75.10334777832031,316600,0.0,0.0
2023-10-24 00:00:00-04:00,75.74442658236215,76.28836980033118,75.20047595372257,76.12324523925781,215900,0.0,0.0
2023-10-25 00:00:00-04:00,75.67642391705688,76.66717856634988,74.62738435145049,74.82164764404297,232200,0.0,0.0
2023-10-26 00:00:00-04:00,75.0644798241678,75.16161146963466,73.54920540501004,73.60748291015625,208900,0.0,0.0
2023-10-27 00:00:00-04:00,73.78234105475374,74.19029851284999,73.04412702771909,73.52979278564453,176100,0.0,0.0
2023-10-30 00:00:00-04:00,74.14171613394339,74.14171613394339,72.50987933657278,72.87898254394531,179600,0.0,0.0
2023-10-31 00:00:00-04:00,73.01496597926327,73.54920111416817,72.76242519791649,73.0926742553711,159600,0.0,0.0
2023-11-01 00:00:00-04:00,73.04411758856305,74.14172680246523,73.04411758856305,74.13201141357422,191400,0.0,0.0
2023-11-02 00:00:00-04:00,78.55156820489395,80.53308502957175,74.61767331005758,80.47480010986328,676300,0.0,0.0
2023-11-03 00:00:00-04:00,81.16444451492899,83.09739921997263,80.30967560234916,82.88370513916016,547700,0.0,0.0
2023-11-06 00:00:00-05:00,82.88371512728422,83.04883969665808,82.28148695520962,82.92256927490234,274200,0.0,0.0
2023-11-07 00:00:00-05:00,83.17510511861722,84.22414480923437,82.53403024813151,82.77686309814453,247700,0.0,0.0
2023-11-08 00:00:00-05:00,82.93225989874985,83.1459539605948,81.99007480619521,82.95169067382812,167200,0.0,0.0
2023-11-09 00:00:00-05:00,83.51506649077898,84.62238355415124,82.91283843095549,83.42764282226562,241100,0.0,0.0
2023-11-10 00:00:00-05:00,84.11731262882343,85.90456657433768,84.07845847667402,85.75886535644531,345300,0.0,0.0
2023-11-13 00:00:00-05:00,85.75885311220786,88.33288289189277,85.55487440055036,87.9054946899414,528600,0.0,0.0
2023-11-14 00:00:00-05:00,89.45962844627441,91.67426305032568,88.54658188799871,91.10118103027344,645600,0.0,0.0
2023-11-15 00:00:00-05:00,91.42172312366984,92.30563093198654,90.65437035211023,92.19878387451172,555600,0.0,0.0
2023-11-16 00:00:00-05:00,92.24733510404735,94.14142818211666,91.40227420193273,94.11228942871094,580100,0.0,0.0
2023-11-17 00:00:00-05:00,94.52996055616734,94.6368075905929,92.79127666312472,93.70433044433594,431300,0.0,0.0
2023-11-20 00:00:00-05:00,93.70435831828544,96.38523554291504,93.70435831828544,96.14240264892578,437600,0.0,0.0
2023-11-21 00:00:00-05:00,95.44301977732988,96.90001679090116,95.29731859383875,96.64746856689453,286600,0.0,0.0
2023-11-22 00:00:00-05:00,97.13314109252313,97.23027275148155,96.14238631407444,96.696044921875,191300,0.0,0.0
2023-11-24 00:00:00-05:00,96.793167114901,97.07485408580207,96.12294613549258,97.04571533203125,128000,0.0,0.0
2023-11-27 00:00:00-05:00,96.89031216648961,97.71594241710247,96.15209818928089,97.46339416503906,287600,0.0,0.0
2023-11-28 00:00:00-05:00,97.47311616715818,97.54110907686436,96.32694468163153,97.1914291381836,367000,0.0,0.0
2023-11-29 00:00:00-05:00,97.75479568697173,98.1918918714109,97.3662616282087,98.01705932617188,270800,0.0,0.0
2023-11-30 00:00:00-05:00,98.07534386097696,98.07534386097696,94.71453772186855,97.0554428100586,543900,0.0,0.0
2023-12-01 00:00:00-05:00,97.33711976552844,98.56099941785438,96.52120493775818,98.09475708007812,413700,0.0,0.0
2023-12-04 00:00:00-05:00,97.69651834981181,99.87229870790812,97.50224761474111,99.4837646484375,425400,0.0,0.0
2023-12-05 00:00:00-05:00,98.76497151387873,100.49394012328428,98.44443039128016,100.20254516601562,295000,0.0,0.0
2023-12-06 00:00:00-05:00,101.65954195587531,103.7187596610243,100.22196830696956,100.45508575439453,473800,0.0,0.0
2023-12-07 00:00:00-05:00,101.01845562860943,102.69886204543387,100.20254089026906,102.66971588134766,291100,0.0,0.0
2023-12-08 00:00:00-05:00,102.7862874865687,105.11748430681646,102.7862874865687,103.58277893066406,316900,0.0,0.0
2023-12-11 00:00:00-05:00,103.41763995482762,104.456964101746,102.48516283886369,103.7867431640625,289900,0.0,0.0
2023-12-12 00:00:00-05:00,103.7867643061603,103.7867643061603,101.32929691494311,102.48518371582031,565500,0.0,0.0
2023-12-13 00:00:00-05:00,102.47546752287269,103.76734012423388,101.26130321572965,102.85428619384766,497500,0.0,0.0
2023-12-14 00:00:00-05:00,103.9033075075227,105.06890207140465,103.43706523556823,104.76779174804688,466000,0.0,0.0
2023-12-15 00:00:00-05:00,105.02034787943651,106.66189281620377,104.48611267445098,106.16651916503906,1700400,0.0,0.0
2023-12-18 00:00:00-05:00,106.26366480074772,106.8173234448292,104.56383472023974,106.14710235595703,403900,0.0,0.0
2023-12-19 00:00:00-05:00,106.98242531513095,107.91490244357048,106.60360671328583,107.04070281982422,301600,0.0,0.0
2023-12-20 00:00:00-05:00,107.17669883940856,108.28402340901091,106.28307576565103,106.8270263671875,420200,0.0,0.0
2023-12-21 00:00:00-05:00,108.313174080617,108.313174080617,106.78818397215785,107.91492462158203,267500,0.0,0.0
2023-12-22 00:00:00-05:00,107.81778430122307,108.46857455402993,107.2447023381852,107.39039611816406,202000,0.0,0.0
2023-12-26 00:00:00-05:00,107.99261211917155,108.58512479344151,107.45837695034795,108.13831329345703,158600,0.0,0.0
2023-12-27 00:00:00-05:00,107.92463081733416,108.35201899829572,106.67161244097264,107.25440979003906,187100,0.0,0.0
2023-12-28 00:00:00-05:00,106.82702082977565,107.11841577663368,106.29278564453125,106.29278564453125,148400,0.0,0.0
2023-12-29 00:00:00-05:00,106.38020716129415,106.88530361787494,104.96206426664374,105.42830657958984,285400,0.0,0.0
2024-01-02 00:00:00-05:00,105.38945670972065,105.38945670972065,101.82467225671773,103.21367645263672,335300,0.0,0.0
2024-01-03 00:00:00-05:00,102.7085861271989,103.46622347750163,101.6886925443571,101.72754669189453,347500,0.0,0.0
2024-01-04 00:00:00-05:00,101.79553726626125,102.66002164982719,101.25158662386472,101.43614196777344,223600,0.0,0.0
2024-01-05 00:00:00-05:00,100.93104711611541,101.78581606151549,100.3385343822649,101.33900451660156,204600,0.0,0.0
2024-01-08 00:00:00-05:00,101.91208228275899,102.57258788953365,101.33900035001994,102.47545623779297,434400,0.0,0.0
2024-01-09 00:00:00-05:00,100.76916599958324,103.23598622922793,100.76916599958324,102.25121307373047,244100,0.4,0.0
2024-01-10 00:00:00-05:00,102.70946989290165,102.70946989290165,101.16893094731597,101.74419403076172,241400,0.0,0.0
2024-01-11 00:00:00-05:00,101.89044885265335,102.33896094058377,100.63266155788384,101.16893005371094,214300,0.0,0.0
2024-01-12 00:00:00-05:00,101.53942852452319,101.62718492414521,100.53515074419168,100.7789077758789,199300,0.0,0.0
2024-01-16 00:00:00-05:00,105.04953269888256,105.5077971278943,100.84716367678466,101.26642608642578,592100,0.0,0.0
2024-01-17 00:00:00-05:00,100.60340105500886,101.79293654377587,99.77462864625495,100.34989166259766,360800,0.0,0.0
2024-01-18 00:00:00-05:00,101.35417696865171,102.59246693075762,100.0866447900577,102.1634521484375,355900,0.0,0.0
2024-01-19 00:00:00-05:00,102.67045505123657,103.90873738246385,101.02265529180453,103.76248168945312,381500,0.0,0.0
2024-01-22 00:00:00-05:00,104.67903402746512,105.50780655624654,103.39199702872068,104.37677764892578,586900,0.0,0.0
2024-01-23 00:00:00-05:00,104.71802187431692,105.17628628224327,102.86546695326061,103.39198303222656,359500,0.0,0.0
2024-01-24 00:00:00-05:00,104.71803691907456,105.02029330012145,102.0269568306924,102.52422332763672,240300,0.0,0.0
2024-01-25 00:00:00-05:00,103.96725392662267,103.96725392662267,102.45596468520068,102.73872375488281,293900,0.0,0.0
2024-01-26 00:00:00-05:00,102.89471731098548,103.33348443256402,102.12444419605247,102.69971466064453,190700,0.0,0.0
2024-01-29 00:00:00-05:00,102.48521839574423,104.41577013564685,102.13420763596645,104.13301849365234,221200,0.0,0.0
2024-01-30 00:00:00-05:00,104.11351640272547,105.29329970454877,103.08974119314753,104.84478759765625,454000,0.0,0.0
2024-01-31 00:00:00-05:00,104.20126300454889,104.96178378545942,101.7929422390825,102.42671203613281,433800,0.0,0.0
2024-02-01 00:00:00-05:00,103.12873421614458,104.27926784297362,100.77892001355423,102.13420867919922,332900,0.0,0.0
2024-02-02 00:00:00-05:00,101.31518566241851,102.83622730144867,101.20793196337152,102.0757064819336,222100,0.0,0.0
2024-02-05 00:00:00-05:00,101.27618274311652,101.73443975267483,99.45287731435833,100.34015655517578,300600,0.0,0.0
2024-02-06 00:00:00-05:00,100.27188851996416,100.75940258108155,99.16035705572646,100.41814422607422,333400,0.0,0.0
2024-02-07 00:00:00-05:00,100.82766730987153,101.07142435401428,99.42362435516934,99.92089080810547,175300,0.0,0.0
2024-02-08 00:00:00-05:00,99.52111761236226,101.40292213805616,98.83860091967496,101.37367248535156,295300,0.0,0.0
2024-02-09 00:00:00-05:00,101.59791913725566,102.15368482438689,100.73014477382047,101.3639144897461,232100,0.0,0.0
2024-02-12 00:00:00-05:00,101.91969875029373,102.3194638915613,101.20793231473802,101.5296859741211,266500,0.0,0.0
2024-02-13 00:00:00-05:00,99.1116103870789,100.1451378190667,98.0390809374289,100.01838684082031,435900,0.0,0.0
2024-02-14 00:00:00-05:00,101.04217602353194,102.4657163921255,100.40841360489374,102.01720428466797,711400,0.0,0.0
2024-02-15 00:00:00-05:00,109.9344370140777,113.96130107548959,103.76250630370006,113.2495346069336,1977000,0.0,0.0
2024-02-16 00:00:00-05:00,112.85950690636294,116.86687314626901,110.54868754268281,114.2635498046875,1300200,0.0,0.0
2024-02-20 00:00:00-05:00,112.99601734732997,112.99601734732997,107.50661126688209,107.99412536621094,949100,0.0,0.0
2024-02-21 00:00:00-05:00,106.70707786602502,107.09708315573566,105.21528606014705,106.12205505371094,787800,0.0,0.0
2024-02-22 00:00:00-05:00,107.2531002793442,107.85762043164084,106.35607613506505,106.55107879638672,353000,0.0,0.0
2024-02-23 00:00:00-05:00,106.99958609528024,107.20434111219627,104.50351643511404,105.19578552246094,332200,0.0,0.0
2024-02-26 00:00:00-05:00,105.05927483736954,106.39506597501328,104.552263512651,105.70279693603516,307100,0.0,0.0
2024-02-27 00:00:00-05:00,106.49258480829793,106.93134453763837,103.95751289003924,104.78628540039062,329300,0.0,0.0
2024-02-28 00:00:00-05:00,104.23052005982422,105.94657184043429,103.71375628425204,103.98676300048828,297200,0.0,0.0
2024-02-29 00:00:00-05:00,105.24455055480685,105.7028150176038,103.94776121090811,104.34751892089844,583700,0.0,0.0
2024-03-01 00:00:00-05:00,104.14275240471207,105.54679529531586,102.7972162604663,104.62052154541016,523500,0.0,0.0
2024-03-04 00:00:00-05:00,105.11779390857204,105.8880671235478,103.75276030114689,103.97701263427734,287400,0.0,0.0
2024-03-05 00:00:00-05:00,103.6552448925816,104.03550529301748,102.58271536727855,103.13848114013672,539100,0.0,0.0
2024-03-06 00:00:00-05:00,104.60102225635822,105.38104777811672,103.2944880621186,104.6302719116211,359700,0.0,0.0
2024-03-07 00:00:00-05:00,105.33229389664066,105.50779926793105,102.18295701704756,102.9239730834961,387300,0.0,0.0
2024-03-08 00:00:00-05:00,102.92396807390533,104.32801097588981,102.24145135148196,102.62171173095703,386400,0.0,0.0
2024-03-11 00:00:00-04:00,102.04645097732796,102.60221673195912,101.64668586035886,102.21220397949219,295600,0.0,0.0
2024-03-12 00:00:00-04:00,102.26094919286025,102.92396862916601,100.905660666112,102.58271026611328,351600,0.0,0.0
2024-03-13 00:00:00-04:00,103.10922005979953,103.34322471747608,101.45167528970694,102.10494232177734,319600,0.0,0.0
2024-03-14 00:00:00-04:00,102.42670392240342,102.69971059762973,100.0183833477121,101.15916442871094,645400,0.0,0.0
2024-03-15 00:00:00-04:00,100.4571443236603,101.24691470713638,99.35536524458729,100.02812957763672,3591300,0.0,0.0
2024-03-18 00:00:00-04:00,101.35418124357342,102.67047530141531,100.41815503811088,101.2371826171875,554100,0.0,0.0
2024-03-19 00:00:00-04:00,100.59364894846098,101.12016502379765,99.9013798787241,100.8569107055664,460700,0.0,0.0
2024-03-20 00:00:00-04:00,99.9208914269152,101.93919946736166,99.56012832135485,101.54918670654297,361700,0.0,0.0
2024-03-21 00:00:00-04:00,102.37795724260909,102.89472097942328,101.6466861194476,102.57295989990234,384000,0.0,0.0
2024-03-22 00:00:00-04:00,102.57296053070746,102.70946387942712,101.98794511635543,102.28045654296875,296500,0.0,0.0
2024-03-25 00:00:00-04:00,102.12444801534186,103.36273795182717,101.8221916643472,101.91969299316406,247900,0.0,0.0
2024-03-26 00:00:00-04:00,102.63146599288848,103.40173913036534,102.34870693440651,103.01172637939453,340400,0.0,0.0
2024-03-27 00:00:00-04:00,103.10922782476324,103.98675465572761,103.10922782476324,103.2652359008789,255800,0.0,0.0
2024-03-28 00:00:00-04:00,103.66499506396516,104.81552860575071,103.60649575402043,103.80149841308594,387100,0.0,0.0
2024-04-01 00:00:00-04:00,99.78438760638974,99.78438760638974,94.77274299288108,94.91899871826172,1555000,0.0,0.0
2024-04-02 00:00:00-04:00,93.88547305706807,94.87999861985128,93.4467058720274,94.14872741699219,612800,0.0,0.0
2024-04-03 00:00:00-04:00,93.37844174812608,94.36322225297438,93.05668811528648,93.44669342041016,344600,0.0,0.0
2024-04-04 00:00:00-04:00,94.09998039192195,95.55277043089433,93.33945953177366,93.3882064819336,2014100,0.0,0.0
2024-04-05 00:00:00-04:00,92.94943605066106,94.19747090218691,92.94943605066106,93.4759521484375,334900,0.0,0.0
2024-04-08 00:00:00-04:00,93.84645809681601,94.3242198006059,93.18343866673288,93.73920440673828,458000,0.0,0.0
2024-04-09 00:00:00-04:00,94.1993942056612,95.94219441657653,93.55319082709873,95.37432098388672,503300,0.4,0.0
2024-04-10 00:00:00-04:00,94.04274217334084,94.96309289631438,93.7196367477441,94.3756332397461,515500,0.0,0.0
2024-04-11 00:00:00-04:00,94.97287798672748,96.08905348093391,93.99377615181277,95.59950256347656,426900,0.0,0.0
2024-04-12 00:00:00-04:00,94.71830422713182,95.11973954302465,93.98397789118971,94.53227996826172,389900,0.0,0.0
2024-04-15 00:00:00-04:00,94.66935281175851,95.18827555620112,93.87627529614373,94.40499114990234,428400,0.0,0.0
2024-04-16 00:00:00-04:00,94.40499798100889,94.81621896259236,93.3867311671206,94.77706146240234,332400,0.0,0.0
2024-04-17 00:00:00-04:00,95.5113805478038,95.85406467294108,93.91543988366583,94.0035629272461,535000,0.0,0.0
2024-04-18 00:00:00-04:00,94.05252344475649,94.43437257728407,93.46506381547978,93.660888671875,428400,0.0,0.0
2024-04-19 00:00:00-04:00,93.70003081253502,94.80642052741779,93.36713981616717,94.610595703125,407500,0.0,0.0
2024-04-22 00:00:00-04:00,95.22744040512772,96.31424396928817,94.46374221841036,95.85406494140625,672100,0.0,0.0
2024-04-23 00:00:00-04:00,96.05968558912829,97.4206365982818,95.98135564631045,96.862548828125,487700,0.0,0.0
2024-04-24 00:00:00-04:00,96.98003309063456,98.03745732271626,96.72546453941412,97.57728576660156,405000,0.0,0.0
2024-04-25 00:00:00-04:00,96.3044714608092,98.17455236037648,96.3044714608092,97.82208251953125,283500,0.0,0.0
2024-04-26 00:00:00-04:00,97.97872209161517,99.05573263549235,97.97872209161517,98.6053466796875,360800,0.0,0.0
2024-04-29 00:00:00-04:00,98.96760954003298,99.21238498459977,98.32139878079886,98.83053588867188,308700,0.0,0.0
2024-04-30 00:00:00-04:00,98.39973207867033,98.58576381328393,96.24571108085019,96.6667251586914,704400,0.0,0.0
2024-05-01 00:00:00-04:00,96.37298768520375,97.28355263166377,95.47221584804758,95.85406494140625,484200,0.0,0.0
2024-05-02 00:00:00-04:00,99.84880418272547,102.55111975427837,98.174533542368,100.71041107177734,1116200,0.0,0.0
2024-05-03 00:00:00-04:00,101.16078596464037,103.14836119332303,100.92580365143411,101.4740982055664,586700,0.0,0.0
2024-05-06 00:00:00-04:00,101.69930282013647,103.29523600477094,101.62097288630132,103.09941864013672,559700,0.0,0.0
2024-05-07 00:00:00-04:00,102.52175293735272,104.37225482037697,101.88533524632304,103.2267074584961,1102300,0.0,0.0
2024-05-08 00:00:00-04:00,102.33571596130258,104.27434079526179,102.33571596130258,103.5595932006836,557600,0.0,0.0
2024-05-09 00:00:00-04:00,103.64771453866001,104.10789356827827,103.16795676031393,103.3539810180664,343400,0.0,0.0
2024-05-10 00:00:00-04:00,103.63791841727569,104.42120280279146,103.28544119078893,104.29391479492188,370400,0.0,0.0
2024-05-13 00:00:00-04:00,103.07983762586905,104.4701604068444,103.07983762586905,104.16664123535156,484400,0.0,0.0
2024-05-14 00:00:00-04:00,104.42119647518085,105.82131218722887,103.88268755902658,104.09809112548828,635800,0.0,0.0
2024-05-15 00:00:00-04:00,104.72472255295237,107.45641733887258,104.72472255295237,106.59481048583984,593300,0.0,0.0
2024-05-16 00:00:00-04:00,106.1933793697428,107.65223894694186,106.04651260708228,106.40878295898438,593000,0.0,0.0
2024-05-17 00:00:00-04:00,106.70251804815858,107.68161985364013,106.48711445576001,107.11373901367188,318400,0.0,0.0
2024-05-20 00:00:00-04:00,107.10394706783953,107.85785964942669,106.8297997545184,107.6424560546875,372000,0.0,0.0
2024-05-21 00:00:00-04:00,107.4368481825762,108.23971139252271,107.17248650262006,107.70120239257812,360200,0.0,0.0
2024-05-22 00:00:00-04:00,107.83827065144287,108.87611615940502,107.4857934091248,108.30824279785156,371700,0.0,0.0
2024-05-23 00:00:00-04:00,108.35719339855385,108.35719339855385,106.95707753886637,107.58370208740234,285000,0.0,0.0
2024-05-24 00:00:00-04:00,107.97534965244907,109.42442366152227,107.42705501277747,108.65093231201172,490700,0.0,0.0
2024-05-28 00:00:00-04:00,108.6019855643118,110.00210163953133,108.18097143064564,109.2384033203125,381600,0.0,0.0
2024-05-29 00:00:00-04:00,108.18095255256995,110.09999112673889,108.18095255256995,109.60065460205078,315200,0.0,0.0
2024-05-30 00:00:00-04:00,109.56149428156303,111.94071198405913,109.51253620297035,111.21617126464844,587400,0.0,0.0
2024-05-31 00:00:00-04:00,111.78404433962011,112.21485149744204,109.62023038138877,111.49031829833984,405500,0.0,0.0
2024-06-03 00:00:00-04:00,112.18549069195969,112.71420658229339,111.37283437144933,112.12673950195312,326300,0.0,0.0
2024-06-04 00:00:00-04:00,112.35192779657976,112.97855233004935,111.6861382960241,112.49879455566406,238200,0.0,0.0
2024-06-05 00:00:00-04:00,112.91003342005735,114.46680936143161,111.82322968833046,114.4080581665039,469500,0.0,0.0
2024-06-06 00:00:00-04:00,114.56470631002547,115.5927587413883,114.40804643289167,115.04446411132812,354500,0.0,0.0
2024-06-07 00:00:00-04:00,114.61365825285391,115.63192505621039,114.58428639303806,114.84864807128906,208200,0.0,0.0
2024-06-10 00:00:00-04:00,114.28075988241345,114.47657724859103,112.44004377254804,113.62476348876953,659200,0.0,0.0
2024-06-11 00:00:00-04:00,112.87085680900321,114.37867451079727,112.0288286447552,113.64434814453125,330900,0.0,0.0
2024-06-12 00:00:00-04:00,115.3577765010511,116.61102563945043,115.12279415508976,115.4948501586914,369000,0.0,0.0
2024-06-13 00:00:00-04:00,115.29903267669353,115.63192371067176,114.52554134074202,115.04446411132812,273200,0.0,0.0
2024-06-14 00:00:00-04:00,114.17306952592119,114.4178449931374,113.1743814365046,114.21223449707031,232800,0.0,0.0
2024-06-17 00:00:00-04:00,114.3199224785876,115.64170834775595,113.92828028440162,114.69197845458984,242800,0.0,0.0
2024-06-18 00:00:00-04:00,114.69199550971244,115.25987640223042,113.6149849180107,115.122802734375,369700,0.0,0.0
2024-06-20 00:00:00-04:00,115.04446788971109,116.0431484943993,112.67504319489927,114.00662231445312,454200,0.0,0.0
2024-06-21 00:00:00-04:00,113.87932689180154,116.10189213997926,113.66392330264382,115.13257598876953,1280700,0.0,0.0
2024-06-24 00:00:00-04:00,114.44720549919757,115.14236686072701,113.13521271066547,113.3506088256836,571500,0.0,0.0
2024-06-25 00:00:00-04:00,113.77162685408275,113.77162685408275,112.44004780050358,113.21353912353516,406800,0.0,0.0
2024-06-26 00:00:00-04:00,112.81210160409158,113.81078207375263,112.16589088199365,113.78141021728516,502500,0.0,0.0
2024-06-27 00:00:00-04:00,113.87932153046879,114.93675320748532,112.92959164296063,113.6149673461914,264300,0.0,0.0
2024-06-28 00:00:00-04:00,114.27097412990518,115.33819901315606,113.67372141367254,114.12410736083984,444300,0.0,0.0
2024-07-01 00:00:00-04:00,114.64301505906721,115.05424345235386,112.69460475759882,113.84994506835938,362800,0.0,0.0
2024-07-02 00:00:00-04:00,114.02618873430525,116.65997482816438,113.84995012077651,115.91585540771484,353000,0.0,0.0
2024-07-03 00:00:00-04:00,116.50331009355513,116.90474537924116,115.09340871420572,116.19979095458984,196900,0.0,0.0
2024-07-05 00:00:00-04:00,116.08230807781226,118.02093294629775,116.023564359661,117.86427307128906,377700,0.0,0.0
2024-07-08 00:00:00-04:00,118.14822183764576,120.5666046717477,118.00135506193973,118.94129943847656,594100,0.0,0.0
2024-07-09 00:00:00-04:00,118.72588045040827,119.45041365475998,117.9621822796114,118.7160873413086,553300,0.0,0.0
2024-07-10 00:00:00-04:00,119.42338830309052,120.37626181403314,118.90274792981569,119.99314880371094,248800,0.4,0.0
2024-07-11 00:00:00-04:00,121.71224506911524,121.82030335063241,119.5019743021023,120.03244018554688,274200,0.0,0.0
2024-07-12 00:00:00-04:00,120.41554331054542,120.95582717914468,118.71608751806352,118.92237854003906,310700,0.0,0.0
2024-07-15 00:00:00-04:00,119.66897513366298,120.92637246147882,119.24656751622368,120.07173919677734,408400,0.0,0.0
2024-07-16 00:00:00-04:00,121.03441727707144,121.54523956882187,119.91454743819808,120.97547912597656,311200,0.0,0.0
2024-07-17 00:00:00-04:00,120.73972240798031,122.25252328942028,119.94401987252527,121.1424789428711,642600,0.0,0.0
2024-07-18 00:00:00-04:00,121.02459366362125,122.0855253681429,119.2170870511875,120.7200698852539,310800,0.0,0.0
2024-07-19 00:00:00-04:00,121.03442955026061,121.16213138880828,119.21709725866158,119.99314880371094,212100,0.0,0.0
2024-07-22 00:00:00-04:00,120.1797787939436,121.52559072756983,119.3153200852564,121.06388854980469,255100,0.0,0.0
2024-07-23 00:00:00-04:00,120.98530803732402,121.75153400172776,120.33695837841091,121.1424789428711,184200,0.0,0.0
2024-07-24 00:00:00-04:00,120.39591786776818,121.28002778902352,118.70628723929796,119.14834594726562,235900,0.0,0.0
2024-07-25 00:00:00-04:00,118.92238556602062,120.21907741981765,118.15615958350587,118.16598510742188,283700,0.0,0.0
2024-07-26 00:00:00-04:00,119.41354510150919,119.7770145038951,118.4803227775244,118.60802459716797,216600,0.0,0.0
2024-07-29 00:00:00-04:00,118.93220961092922,119.59037730621954,118.05792536024715,118.97150421142578,308400,0.0,0.0
2024-07-30 00:00:00-04:00,119.13850480275197,120.4843168117088,118.7750428511547,119.96367645263672,261200,0.0,0.0
2024-07-31 00:00:00-04:00,121.29966456273992,121.81047940451943,119.511801374493,120.59237670898438,331000,0.0,0.0
2024-08-01 00:00:00-04:00,127.70454269785479,135.52399667682604,124.19757978663165,134.45323181152344,1260800,0.0,0.0
2024-08-02 00:00:00-04:00,131.45707473847236,135.53378993766228,131.36865252546662,133.8245086669922,1069600,0.0,0.0
2024-08-05 00:00:00-04:00,129.66921643499327,134.41393274417845,127.83224066542535,133.2547607421875,575000,0.0,0.0
2024-08-06 00:00:00-04:00,134.22728900440669,137.773546303852,133.40212483789375,134.99351501464844,445000,0.0,0.0
2024-08-07 00:00:00-04:00,135.49449899644063,137.01713292736923,133.62805417101688,133.99151611328125,573400,0.0,0.0
2024-08-08 00:00:00-04:00,135.67132913060902,137.16449399207903,134.44340095260748,136.99749755859375,350300,0.0,0.0
2024-08-09 00:00:00-04:00,137.0367733657271,137.53776262487435,135.897252513054,136.83047485351562,409200,0.0,0.0
2024-08-12 00:00:00-04:00,136.5259722470922,138.11737747395787,135.92674265319556,136.06427001953125,240100,0.0,0.0
2024-08-13 00:00:00-04:00,137.2135876457186,137.24307170973248,135.47485228350283,136.48666381835938,583600,0.0,0.0
2024-08-14 00:00:00-04:00,136.7322849184258,137.59675130434294,134.30589721288487,134.34518432617188,451400,0.0,0.0
2024-08-15 00:00:00-04:00,135.4748410831244,135.85795401135394,132.0955809011227,134.00132751464844,1905700,0.0,0.0
2024-08-16 00:00:00-04:00,134.00136765771384,134.00136765771384,131.28027425574524,132.31173706054688,302700,0.0,0.0
2024-08-19 00:00:00-04:00,132.5081940697146,133.13689274057054,131.11326936217037,132.64572143554688,328800,0.0,0.0
2024-08-20 00:00:00-04:00,132.52782983468418,133.9620414859068,132.1938369832331,132.43942260742188,1474500,0.0,0.0
2024-08-21 00:00:00-04:00,132.4688933587405,134.85597846115783,131.95807105694664,134.29605102539062,272500,0.0,0.0
2024-08-22 00:00:00-04:00,133.6968324152277,134.0504763469917,131.05432845140197,131.9384307861328,232600,0.0,0.0
2024-08-23 00:00:00-04:00,132.5965992223355,133.5003526106462,131.46691123428678,132.69483947753906,256800,0.0,0.0
2024-08-26 00:00:00-04:00,133.58876539178303,133.58876539178303,131.24096735624065,131.92860412597656,229500,0.0,0.0
2024-08-27 00:00:00-04:00,131.9286066460363,132.92076721922453,131.43743537407738,132.42959594726562,262200,0.0,0.0
2024-08-28 00:00:00-04:00,132.0366520286681,133.20564194004564,131.65353907353528,132.655517578125,167500,0.0,0.0
2024-08-29 00:00:00-04:00,133.16635021080384,135.70079572250606,132.5965897479228,134.24693298339844,380700,0.0,0.0
2024-08-30 00:00:00-04:00,134.28621517462432,136.8599626871524,134.28621517462432,136.11337280273438,420900,0.0,0.0
2024-09-03 00:00:00-04:00,136.04462483261761,136.90907608186515,132.04648346842598,132.91094970703125,342500,0.0,0.0
2024-09-04 00:00:00-04:00,132.88146892732155,132.88146892732155,129.8755033942611,132.12506103515625,261100,0.0,0.0
2024-09-05 00:00:00-04:00,131.63391340335767,132.71449630017366,131.06415287497828,131.653564453125,205100,0.0,0.0
2024-09-06 00:00:00-04:00,131.84020598660473,132.2429550577758,128.83422506131123,129.89515686035156,291600,0.0,0.0
2024-09-09 00:00:00-04:00,129.22716306364737,130.4256221516614,128.02870397563336,128.1171112060547,383900,0.0,0.0
2024-09-10 00:00:00-04:00,131.19187107474144,131.34904950477716,127.46878383374107,128.93247985839844,363800,0.0,0.0
2024-09-11 00:00:00-04:00,128.83423163606275,130.17021823014156,128.15642780344206,129.88534545898438,324000,0.0,0.0
2024-09-12 00:00:00-04:00,130.30773260097592,130.4157908805023,128.97174614017632,130.11126708984375,397400,0.0,0.0
2024-09-13 00:00:00-04:00,130.80872933545024,133.82451297997295,130.63189989309615,133.58876037597656,281800,0.0,0.0
2024-09-16 00:00:00-04:00,134.07993973713855,134.8265146772518,132.37065830790294,132.91094970703125,368900,0.0,0.0
2024-09-17 00:00:00-04:00,134.21745644392254,134.21745644392254,132.16434929015168,133.29405212402344,223200,0.0,0.0
2024-09-18 00:00:00-04:00,133.29406905982052,134.44340809678167,132.02683871874342,132.69483947753906,225300,0.0,0.0
2024-09-19 00:00:00-04:00,134.70863398876196,135.6909765045657,132.74394895715446,135.39627075195312,272300,0.0,0.0
2024-09-20 00:00:00-04:00,135.54364935281419,138.37280128829593,135.4748931543228,136.1035919189453,882900,0.0,0.0
2024-09-23 00:00:00-04:00,136.74207838570328,138.51029795319,134.95422275978052,136.51614379882812,356300,0.0,0.0
2024-09-24 00:00:00-04:00,136.83048778612962,137.5279575949644,135.73026892196444,136.3982696533203,307000,0.0,0.0
2024-09-25 00:00:00-04:00,136.84032555045377,137.26272566853814,134.1683525110824,134.394287109375,482700,0.0,0.0
2024-09-26 00:00:00-04:00,135.632045334922,137.13502826233415,134.5907496234989,136.0053253173828,301500,0.0,0.0
2024-09-27 00:00:00-04:00,136.17230257134025,139.2568571956537,136.17230257134025,138.5594024658203,257300,0.0,0.0
2024-09-30 00:00:00-04:00,139.10954511671017,141.41805637066503,138.80502128945642,139.1291961669922,515600,0.0,0.0
2024-10-01 00:00:00-04:00,139.2175868193928,140.78934088874857,137.9896586368829,140.1409912109375,310300,0.0,0.0
2024-10-02 00:00:00-04:00,140.37674562798563,142.91119122789277,139.78734908644125,142.27267456054688,292000,0.0,0.0
2024-10-03 00:00:00-04:00,141.78150252840808,142.92102348777755,140.5928614434979,141.3099822998047,191000,0.0,0.0
2024-10-04 00:00:00-04:00,142.61648648704596,142.61648648704596,139.83647021687452,140.84828186035156,220900,0.0,0.0
2024-10-07 00:00:00-04:00,140.2588722975106,141.6243278833989,140.01328665264322,140.66163635253906,205800,0.0,0.0
2024-10-08 00:00:00-04:00,140.89736570963686,144.3159281139632,140.77948941616208,143.52023315429688,286800,0.0,0.0
2024-10-09 00:00:00-04:00,143.96368175112093,145.9048769389273,143.16551321871577,145.55014038085938,1023300,0.45,0.0
2024-10-10 00:00:00-04:00,144.89978470561343,149.74784088131622,144.89978470561343,149.57046508789062,681900,0.0,0.0
2024-10-11 00:00:00-04:00,150.07301403016427,153.36417166137335,149.7182774867264,153.04885864257812,414500,0.0,0.0
2024-10-14 00:00:00-04:00,153.4134354942137,154.6944293357944,151.99448939496543,153.58094787597656,362700,0.0,0.0
2024-10-15 00:00:00-04:00,152.53643462393978,154.13274130619064,150.3390470864751,151.5017852783203,536900,0.0,0.0
2024-10-16 00:00:00-04:00,151.84667333804146,154.85206257711025,151.22588072381185,154.5269012451172,271400,0.0,0.0
2024-10-17 00:00:00-04:00,154.62544709558549,155.1969678927406,153.09810884887244,153.41343688964844,198000,0.0,0.0
2024-10-18 00:00:00-04:00,153.6400754942499,154.0736440493371,151.70874379425848,151.91566467285156,234000,0.0,0.0
2024-10-21 00:00:00-04:00,151.94520531427588,153.11780692816993,150.95982782840423,152.89117431640625,404800,0.0,0.0
2024-10-22 00:00:00-04:00,152.76309584677804,153.23607290869805,149.22559369253042,150.7726287841797,394300,0.0,0.0
2024-10-23 00:00:00-04:00,149.97446798752776,149.97446798752776,146.4862378928338,148.2796173095703,562100,0.0,0.0
2024-10-24 00:00:00-04:00,148.69346708687561,149.521195660471,145.0968450241438,145.1953887939453,389300,0.0,0.0
2024-10-25 00:00:00-04:00,145.20524463587606,148.90041065873967,143.8946906154868,145.13626098632812,327500,0.0,0.0
2024-10-28 00:00:00-04:00,146.5059233965458,146.79169129915337,143.00784520663427,143.3822784423828,311100,0.0,0.0
2024-10-29 00:00:00-04:00,142.87974426666037,147.79678363736733,142.34764700715436,147.44204711914062,479800,0.0,0.0
2024-10-30 00:00:00-04:00,147.0873051892888,147.44204169446408,145.40230303078937,145.55996704101562,422900,0.0,0.0
2024-10-31 00:00:00-04:00,157.76880314353042,161.91724932391293,143.1655003566514,148.24020385742188,801300,0.0,0.0
2024-11-01 00:00:00-04:00,149.29454426639808,164.02595037918172,148.79200713857182,163.2770538330078,868000,0.0,0.0
2024-11-04 00:00:00-05:00,163.37560376737878,166.99193763734525,160.36035081526697,163.50369262695312,555700,0.0,0.0
2024-11-05 00:00:00-05:00,162.25228352510544,167.3663958103635,161.88768357918673,166.37115478515625,423300,0.0,0.0
2024-11-06 00:00:00-05:00,168.6670800290157,176.10668382975456,168.6670800290157,174.6975860595703,428400,0.0,0.0
2024-11-07 00:00:00-05:00,173.64324380917216,178.16612343499474,173.23923538011113,176.62893676757812,341900,0.0,0.0
2024-11-08 00:00:00-05:00,177.23984637309917,181.55580464083212,176.53037336920696,180.39306640625,329000,0.0,0.0
2024-11-11 00:00:00-05:00,181.85142224032813,185.09330762830393,179.2007543361803,184.97506713867188,400200,0.0,0.0
2024-11-12 00:00:00-05:00,183.3787835209486,186.7389098224684,183.3787835209486,186.28564453125,401800,0.0,0.0
2024-11-13 00:00:00-05:00,186.60094354690938,188.76878620536593,180.9744461046772,181.72332763671875,503800,0.0,0.0
2024-11-14 00:00:00-05:00,181.80216157191992,182.72841889295265,177.7029872742582,178.41246032714844,371300,0.0,0.0
2024-11-15 00:00:00-05:00,179.69346774478916,180.63943689863706,177.3679759037356,179.40771484375,295200,0.0,0.0
2024-11-18 00:00:00-05:00,179.43727650493094,182.00911277895867,179.43727650493094,180.60986328125,205600,0.0,0.0
2024-11-19 00:00:00-05:00,179.52593055057338,181.1321006996901,179.52593055057338,180.2255401611328,252300,0.0,0.0
2024-11-20 00:00:00-05:00,180.3043788536856,181.80215693107226,178.31392703979606,179.6244659423828,225300,0.0,0.0
2024-11-21 00:00:00-05:00,180.5802815425752,183.73350168121175,179.61461576884344,180.73794555664062,317000,0.0,0.0
2024-11-22 00:00:00-05:00,181.83172400426218,187.8129731441447,181.7134835058357,187.33998107910156,304600,0.0,0.0
2024-11-25 00:00:00-05:00,187.87211260652296,192.05010435866183,187.517376039297,190.99575805664062,460100,0.0,0.0
2024-11-26 00:00:00-05:00,190.39466674471848,193.57743227751246,189.51768125602902,193.1143035888672,300400,0.0,0.0
2024-11-27 00:00:00-05:00,193.14386719152972,194.75003756768623,191.26180731271373,193.55772399902344,277600,0.0,0.0
2024-11-29 00:00:00-05:00,193.74494229246451,196.86858753486968,193.0256208418587,193.0946044921875,168300,0.0,0.0
2024-12-02 00:00:00-05:00,192.14862868847854,195.57773846739337,191.37018701358866,193.6956787109375,292800,0.0,0.0
2024-12-03 00:00:00-05:00,193.65626431837694,198.0609035249953,193.350799658946,197.15435791015625,477200,0.0,0.0
2024-12-04 00:00:00-05:00,198.80978086673935,200.9184883473819,196.0605839548761,197.65689086914062,493800,0.0,0.0
2024-12-05 00:00:00-05:00,197.08535380636093,197.08535380636093,189.65561386681864,190.2862548828125,451500,0.0,0.0
2024-12-06 00:00:00-05:00,190.36509993582672,194.31645867794103,190.06948365026736,193.95187377929688,263800,0.0,0.0
2024-12-09 00:00:00-05:00,194.13907425623188,194.13907425623188,186.620639313599,190.20741271972656,261100,0.0,0.0
2024-12-10 00:00:00-05:00,190.20743785159468,192.75956223946483,189.20234848471188,190.87750244140625,404900,0.0,0.0
2024-12-11 00:00:00-05:00,192.37524974115286,193.62668340623355,189.99063793808904,191.4687042236328,366100,0.0,0.0
2024-12-12 00:00:00-05:00,192.12891091629055,195.56788398627907,191.9318384129859,192.9960479736328,438700,0.0,0.0
2024-12-13 00:00:00-05:00,193.48872988800923,195.0850366545354,190.88733384390437,191.51797485351562,208800,0.0,0.0
2024-12-16 00:00:00-05:00,190.22714512995145,195.0554892653955,189.53738382998353,193.93215942382812,374000,0.0,0.0
2024-12-17 00:00:00-05:00,193.3113801140242,194.83871847829585,189.4782616578602,192.9665069580078,275400,0.0,0.0
2024-12-18 00:00:00-05:00,193.13400374798744,193.9715806968762,184.92580678441774,186.8472900390625,261700,0.0,0.0
2024-12-19 00:00:00-05:00,188.55200581837485,189.65562389580649,185.86191420113235,186.20680236816406,383400,0.0,0.0
2024-12-20 00:00:00-05:00,183.95029143403477,186.93599952929458,183.95029143403477,186.6600799560547,1436300,0.0,0.0
2024-12-23 00:00:00-05:00,186.10827934154884,188.8870516421214,185.0637813967391,187.26116943359375,268500,0.0,0.0
2024-12-24 00:00:00-05:00,188.40417308258432,189.9315111992317,187.0147872131115,189.28115844726562,140500,0.0,0.0
2024-12-26 00:00:00-05:00,187.64543834194188,192.31613330973676,187.13305284513848,191.67564392089844,207100,0.0,0.0
2024-12-27 00:00:00-05:00,190.89721591533274,192.20777004897195,188.58158736230402,192.0796661376953,163300,0.0,0.0
2024-12-30 00:00:00-05:00,190.8676377120303,193.863194029714,188.06916894246783,192.88766479492188,337800,0.0,0.0
2024-12-31 00:00:00-05:00,193.8631733397039,195.0948952056619,190.69025661014268,190.8873291015625,187600,0.0,0.0
2025-01-02 00:00:00-05:00,191.6559312744396,194.75001614448712,190.32566558294621,193.21282958984375,249700,0.0,0.0
2025-01-03 00:00:00-05:00,194.75985943102611,200.76081991232948,192.5427600267665,200.3568115234375,398900,0.0,0.0
2025-01-06 00:00:00-05:00,201.14513283376323,204.0519937254485,197.50908711055038,198.81964111328125,639100,0.0,0.0
2025-01-07 00:00:00-05:00,197.69630978618702,199.16451276572366,182.4328055742672,184.31488037109375,475600,0.0,0.0
2025-01-08 00:00:00-05:00,183.8506303989806,189.68824424466442,183.15919064088945,188.4436798095703,457100,0.45,0.0
2025-01-10 00:00:00-05:00,186.24100661309453,188.34491223618105,182.91226561834546,183.0011749267578,325900,0.0,0.0
2025-01-13 00:00:00-05:00,178.9316043474769,180.74908289070004,175.29667740488603,177.62777709960938,360800,0.0,0.0
2025-01-14 00:00:00-05:00,177.8154546410629,178.78344920668303,174.77317093432887,175.36581420898438,297600,0.0,0.0
2025-01-15 00:00:00-05:00,177.70680408571087,178.95136854804,172.02721927834287,173.50885009765625,434600,0.0,0.0
2025-01-16 00:00:00-05:00,173.50884690359075,173.84467959919013,169.3405244029014,169.57757568359375,691800,0.0,0.0
2025-01-17 00:00:00-05:00,172.066720152489,173.11373683717392,167.5033021222857,169.58746337890625,444800,0.0,0.0
2025-01-21 00:00:00-05:00,171.0690956699633,171.95806812685876,169.02443791840454,169.62696838378906,326600,0.0,0.0
2025-01-22 00:00:00-05:00,170.95056534029337,171.26663873357137,167.78974097594792,170.2788848876953,263400,0.0,0.0
2025-01-23 00:00:00-05:00,169.77513516552514,175.4152011623863,169.77513516552514,172.5704803466797,382500,0.0,0.0
2025-01-24 00:00:00-05:00,172.79766750010216,175.9683490388688,172.42231619981482,174.7040252685547,248900,0.0,0.0
2025-01-27 00:00:00-05:00,172.64949240970415,176.6103950768252,172.64949240970415,175.3954620361328,297100,0.0,0.0
2025-01-28 00:00:00-05:00,176.2251641527208,180.35396792115637,175.61274653016534,179.0600128173828,177600,0.0,0.0
2025-01-29 00:00:00-05:00,178.82294764238418,180.66017037821365,176.24490953036423,177.93397521972656,251500,0.0,0.0
2025-01-30 00:00:00-05:00,179.62305359785776,183.25798073261578,178.92174169387462,182.49740600585938,239600,0.0,0.0
2025-01-31 00:00:00-05:00,182.74435133207393,183.48516678836535,179.50451960898044,180.7392120361328,206400,0.0,0.0
2025-02-03 00:00:00-05:00,176.61038494356617,181.40098189792963,174.83242506412188,179.76132202148438,420000,0.0,0.0
2025-02-04 00:00:00-05:00,180.44286805871334,185.2927431325657,180.44286805871334,182.28997802734375,276500,0.0,0.0
2025-02-05 00:00:00-05:00,182.7344757498127,185.0655756109037,180.03791176023933,180.2650909423828,496400,0.0,0.0
2025-02-06 00:00:00-05:00,197.5507838006252,210.7570488746798,189.6487524486002,209.19639587402344,1008400,0.0,0.0
2025-02-07 00:00:00-05:00,206.56898295148892,210.7669371285367,195.6938026020907,201.88702392578125,625900,0.0,0.0
2025-02-10 00:00:00-05:00,202.39077012365405,208.8605612483296,201.40301621368613,204.5144500732422,547200,0.0,0.0
2025-02-11 00:00:00-05:00,203.90203926810835,206.84555687074672,201.66972078228477,205.0774688720703,479400,0.0,0.0
2025-02-12 00:00:00-05:00,204.46505796110657,209.40382747707534,203.5365668805959,207.5666046142578,398200,0.0,0.0
2025-02-13 00:00:00-05:00,210.1644077489187,213.20669165967283,207.7246543378907,212.33746337890625,395000,0.0,0.0
2025-02-14 00:00:00-05:00,212.59426253944625,213.35483724420664,208.99883903320801,211.665771484375,411300,0.0,0.0
2025-02-18 00:00:00-05:00,211.88308887530695,214.658690063005,209.94709962396263,214.62904357910156,376600,0.0,0.0
2025-02-19 00:00:00-05:00,214.34258601081964,215.5278876195354,211.40895586288968,214.61915588378906,280700,0.0,0.0
2025-02-20 00:00:00-05:00,213.82895409819253,215.824221140778,209.8088036745289,214.34259033203125,249600,0.0,0.0
2025-02-21 00:00:00-05:00,216.0810419333751,216.0810419333751,207.86293716322123,208.81117248535156,316000,0.0,0.0
2025-02-24 00:00:00-05:00,208.47533409830748,211.21141660013126,205.2058711262877,207.1221160888672,372600,0.0,0.0
2025-02-25 00:00:00-05:00,206.67763135828469,207.90243654763648,202.9439228239107,206.77639770507812,292100,0.0,0.0
2025-02-26 00:00:00-05:00,206.4800630437739,210.72740771336575,205.12684506036467,207.02333068847656,291400,0.0,0.0
2025-02-27 00:00:00-05:00,207.90244366729075,211.57688950503498,204.28727572596662,207.3394317626953,255300,0.0,0.0
2025-02-28 00:00:00-05:00,205.99607894007474,211.39909398094537,205.2256321035272,211.02374267578125,473100,0.0,0.0
2025-03-03 00:00:00-05:00,214.0067701229285,214.1154236581218,203.65509808319834,205.77877807617188,464100,0.0,0.0
2025-03-04 00:00:00-05:00,202.9636838205123,205.29478381883402,197.6792090646751,202.56858825683594,367200,0.0,0.0
2025-03-05 00:00:00-05:00,203.7835163749927,203.7835163749927,198.59780810283365,201.6697235107422,284200,0.0,0.0
2025-03-06 00:00:00-05:00,229.12926427369567,229.12926427369567,198.53852600188054,206.95419311523438,544900,0.0,0.0
2025-03-07 00:00:00-05:00,206.5195754244214,214.06601418649856,205.3836494611474,212.64364624023438,449500,0.0,0.0
2025-03-10 00:00:00-04:00,207.42828952331973,210.1940030646826,204.46502824441518,207.961669921875,387400,0.0,0.0
2025-03-11 00:00:00-04:00,207.76412626281916,213.24616275079222,206.30225489000185,209.986572265625,303600,0.0,0.0
2025-03-12 00:00:00-04:00,213.79931360039524,215.58714562211742,207.42830440796465,209.8779296875,341600,0.0,0.0
2025-03-13 00:00:00-04:00,209.8680746844864,209.8680746844864,202.8155123625358,205.67999267578125,205900,0.0,0.0
2025-03-14 00:00:00-04:00,207.54682745963044,216.29832689186338,206.44054800625,214.4314727783203,396200,0.0,0.0
2025-03-17 00:00:00-04:00,215.47851251048655,223.86454875186706,215.47851251048655,216.94039916992188,467600,0.0,0.0
2025-03-18 00:00:00-04:00,215.9921413744655,219.91352552455092,213.3548402961034,216.36749267578125,337500,0.0,0.0
2025-03-19 00:00:00-04:00,214.32282907678248,218.91589358510043,212.3670806472407,218.14544677734375,282400,0.0,0.0
2025-03-20 00:00:00-04:00,215.4093584669161,221.23710007334265,215.4093584669161,216.4563751220703,343600,0.0,0.0
2025-03-21 00:00:00-04:00,214.2141760085467,216.54527573422774,212.10038333905075,214.6883087158203,1269900,0.0,0.0
2025-03-24 00:00:00-04:00,217.30586393319516,219.3801532086017,216.87124979382014,218.8862762451172,203000,0.0,0.0
2025-03-25 00:00:00-04:00,221.13833186161517,223.58795713520306,217.91824473592368,222.95579528808594,258700,0.0,0.0
2025-03-26 00:00:00-04:00,222.9558107722333,224.2892845615697,218.91590095193231,219.8740234375,362600,0.0,0.0
2025-03-27 00:00:00-04:00,218.21458379977284,219.50853896180686,211.19165316034062,212.41647338867188,274800,0.0,0.0
2025-03-28 00:00:00-04:00,210.9545887761698,210.9545887761698,205.48242421967248,207.46780395507812,225700,0.0,0.0
2025-03-31 00:00:00-04:00,204.6527385289996,205.34416326345425,201.09681836333456,204.21812438964844,671800,0.0,0.0
2025-04-01 00:00:00-04:00,203.15132287887369,206.38128203521268,200.7510883718192,202.42037963867188,321100,0.0,0.0
2025-04-02 00:00:00-04:00,199.45714163804777,207.62587076868246,198.0446607683405,205.71951293945312,321800,0.0,0.0
2025-04-03 00:00:00-04:00,197.41249730798955,200.4053904533635,193.96523073178585,195.64442443847656,390300,0.0,0.0
2025-04-04 00:00:00-04:00,187.67322326948215,192.8885621630062,184.97665959738123,188.96717834472656,635300,0.0,0.0
2025-04-07 00:00:00-04:00,178.81307418022809,199.57566385368125,178.38834726894325,193.3034210205078,586900,0.0,0.0
2025-04-08 00:00:00-04:00,200.22760400195293,201.69934769853487,187.0015795997076,188.74989318847656,517300,0.0,0.0
2025-04-09 00:00:00-04:00,186.1736364693566,207.88349367347854,186.025012757358,205.17843627929688,523000,0.6,0.0
2025-04-10 00:00:00-04:00,198.1730133459974,203.8605842720119,194.46717255344288,200.69972229003906,363100,0.0,0.0
2025-04-11 00:00:00-04:00,198.93599612503283,202.14638946564392,195.27970138097953,200.08538818359375,247200,0.0,0.0
2025-04-14 00:00:00-04:00,203.12733942328643,209.51841610321208,197.57848898152403,199.91693115234375,359800,0.0,0.0
2025-04-15 00:00:00-04:00,200.58080039606895,202.55262724512053,199.6593031771788,201.07623291015625,202900,0.0,0.0
2025-04-16 00:00:00-04:00,198.1928413960908,202.79045485208238,193.8330258875151,195.18060302734375,283200,0.0,0.0
2025-04-17 00:00:00-04:00,195.15088303310816,198.17302468341055,187.3924073024244,187.54104614257812,328600,0.0,0.0
2025-04-21 00:00:00-04:00,186.45107094089823,189.19577130831547,179.39611676323133,181.69491577148438,343200,0.0,0.0
2025-04-22 00:00:00-04:00,184.1225500623394,186.62943741858606,182.67588044297852,185.2818603515625,235600,0.0,0.0
2025-04-23 00:00:00-04:00,189.13632376714537,193.87265745114067,188.2742609007257,189.790283203125,252400,0.0,0.0
2025-04-24 00:00:00-04:00,189.8992766195901,193.06013847886558,189.31466988156873,189.90919494628906,466200,0.0,0.0
2025-04-25 00:00:00-04:00,190.01819398267614,192.75297606489352,188.66069858933648,191.9801025390625,166400,0.0,0.0
2025-04-28 00:00:00-04:00,192.89169534403615,195.10132014775994,191.80175287268477,192.78269958496094,190500,0.0,0.0
2025-04-29 00:00:00-04:00,193.86275453222697,200.67000818262295,192.04948466908502,198.69818115234375,258500,0.0,0.0
2025-04-30 00:00:00-04:00,196.87498349820575,199.42149887016666,193.62494727286202,199.16387939453125,468000,0.0,0.0
2025-05-01 00:00:00-04:00,203.38495083679084,205.70358650026577,194.20954609196096,200.30335998535156,612100,0.0,0.0
2025-05-02 00:00:00-04:00,203.32550532878253,212.12439181500073,200.96725678990032,209.0428009033203,610600,0.0,0.0
2025-05-05 00:00:00-04:00,206.96197074586624,213.4719611486151,205.77293575231494,210.90562438964844,512600,0.0,0.0
2025-05-06 00:00:00-04:00,206.11975980376602,212.83782388969925,205.91167148278518,212.3721160888672,316400,0.0,0.0
2025-05-07 00:00:00-04:00,213.33324716034238,215.45369775134913,208.57709192162238,210.5885467529297,320400,0.0,0.0
2025-05-08 00:00:00-04:00,212.6792686952489,212.69909022921215,208.676180640498,210.03366088867188,210900,0.0,0.0
2025-05-09 00:00:00-04:00,210.73718215532253,211.5496987944218,206.7737217563638,210.02377319335938,184800,0.0,0.0
2025-05-12 00:00:00-04:00,215.47352425103279,219.0604509575065,213.53142206601655,215.5527801513672,306800,0.0,0.0
2025-05-13 00:00:00-04:00,215.72123337276238,222.74646284064016,215.2753320115945,220.36837768554688,369300,0.0,0.0
2025-05-14 00:00:00-04:00,220.71519635822906,221.0421836486435,213.82868708271675,214.69073486328125,285900,0.0,0.0
2025-05-15 00:00:00-04:00,214.56191122973027,219.49643006367006,213.03598570558475,214.25474548339844,333500,0.0,0.0
2025-05-16 00:00:00-04:00,214.55200390582976,217.79213678992141,213.80885513274274,216.69227600097656,228800,0.0,0.0
2025-05-19 00:00:00-04:00,215.4140633756579,216.9003610027744,213.75932049846298,215.3744354248047,178800,0.0,0.0
2025-05-20 00:00:00-04:00,215.34469658728779,215.93920652758234,212.7684414878105,213.82867431640625,217400,0.0,0.0
2025-05-21 00:00:00-04:00,211.43079418531389,215.37443294373404,210.14266656610496,212.52073669433594,197600,0.0,0.0
2025-05-22 00:00:00-04:00,212.7089977150053,215.18616033122242,210.51919442913376,210.5687255859375,200600,0.0,0.0
2025-05-23 00:00:00-04:00,208.64646513558455,211.89650135700902,203.90021298140965,210.32101440429688,168200,0.0,0.0
2025-05-27 00:00:00-04:00,211.12362894802763,213.03599128691855,208.97343842857035,209.52833557128906,239700,0.0,0.0
2025-05-28 00:00:00-04:00,211.18307148062868,212.66936904532454,210.48945385491675,211.3515167236328,170000,0.0,0.0
2025-05-29 00:00:00-04:00,212.27302638900989,213.7295992972736,208.95363737175018,212.2333984375,173300,0.0,0.0
2025-05-30 00:00:00-04:00,211.5199578028401,215.9194009268404,209.30041470693536,215.27532958984375,327700,0.0,0.0
2025-06-02 00:00:00-04:00,215.22580125626894,215.85003594814572,211.0641560069541,214.39346313476562,215600,0.0,0.0
2025-06-03 00:00:00-04:00,215.04744126784414,220.95300363694173,214.74027552048284,219.42706298828125,235300,0.0,0.0
2025-06-04 00:00:00-04:00,217.9804273163239,223.74725456175256,214.95828561925975,221.46826171875,298600,0.0,0.0
2025-06-05 00:00:00-04:00,221.11153443316596,225.0452699725826,220.388207165137,224.4408416748047,223100,0.0,0.0
2025-06-06 00:00:00-04:00,226.0757771205863,227.1459132063524,224.33184492775223,225.23353576660156,240000,0.0,0.0
2025-06-09 00:00:00-04:00,226.71983549542452,228.1070556727002,222.95454518482074,225.8776092529297,245000,0.0,0.0
2025-06-10 00:00:00-04:00,225.84787604214083,227.47290932836776,215.5329817936358,219.61534118652344,247600,0.0,0.0
2025-06-11 00:00:00-04:00,219.42705310032983,225.01553114328715,218.64427639617986,219.91258239746094,315200,0.0,0.0
2025-06-12 00:00:00-04:00,219.59550030791902,221.9339423536519,218.74335578821805,219.81349182128906,222300,0.0,0.0
2025-06-13 00:00:00-04:00,217.3066110772466,218.95145068421633,215.0969862554745,216.513916015625,178300,0.0,0.0
2025-06-16 00:00:00-04:00,218.53530280960942,221.94388120360787,217.89123141713085,220.30894470214844,262400,0.0,0.0
2025-06-17 00:00:00-04:00,218.60463405796602,221.80513893194362,218.60463405796602,219.87294006347656,156800,0.0,0.0
2025-06-18 00:00:00-04:00,219.97203487556382,224.4408306816283,219.91258539335016,222.7464599609375,194900,0.0,0.0
2025-06-20 00:00:00-04:00,224.0643202787928,225.44162210386867,221.9537728682215,225.33262634277344,378000,0.0,0.0
2025-06-23 00:00:00-04:00,225.1740881319611,232.0407758394648,222.37984136515624,230.34640502929688,230300,0.0,0.0
2025-06-24 00:00:00-04:00,232.47675925304296,235.33045550964195,230.0194180984167,232.5560302734375,271100,0.0,0.0
2025-06-25 00:00:00-04:00,233.40816865250903,234.6269284300213,227.67106666816034,228.39439392089844,225300,0.0,0.0
2025-06-26 00:00:00-04:00,228.61240564943202,230.42569066471808,223.82652522273978,225.1939239501953,204700,0.0,0.0
2025-06-27 00:00:00-04:00,225.8974161331698,229.18709544775547,221.51779430498377,228.82046508789062,451400,0.0,0.0
2025-06-30 00:00:00-04:00,230.2076842837056,235.15210644223336,221.86460218122505,222.18167114257812,248300,0.0,0.0
2025-07-01 00:00:00-04:00,221.16106873527636,222.89508251475002,215.76085741736696,219.8234100341797,251600,0.0,0.0
2025-07-02 00:00:00-04:00,218.30740798188492,220.97282242369488,217.08863301234987,219.57571411132812,225300,0.0,0.0
2025-07-03 00:00:00-04:00,220.10087289623954,225.9667925643925,220.10087289623954,222.4690399169922,120700,0.0,0.0
2025-07-07 00:00:00-04:00,222.52847367464008,226.16494657634792,221.35924505916688,223.97512817382812,272300,0.0,0.0
2025-07-08 00:00:00-04:00,223.97513064641058,226.03613177759328,221.25025174191535,223.1130828857422,266300,0.0,0.0
2025-07-09 00:00:00-04:00,223.25218306843354,225.60680265797134,220.67897437342612,225.1497802734375,204100,0.6,0.0
2025-07-10 00:00:00-04:00,225.14976825148392,229.50135727960853,220.90748135015616,227.8024444580078,236500,0.0,0.0
2025-07-11 00:00:00-04:00,227.85213565575629,230.59423964795252,223.55022504115257,223.8085479736328,252500,0.0,0.0
2025-07-14 00:00:00-04:00,224.3351083471444,227.53421956486565,224.3351083471444,225.26901245117188,138700,0.0,0.0
2025-07-15 00:00:00-04:00,225.3087412071299,228.06077480412242,223.55022001167154,224.82191467285156,190000,0.0,0.0
2025-07-16 00:00:00-04:00,226.32213111565062,228.81584181918655,224.3947146054372,227.39512634277344,233600,0.0,0.0
2025-07-17 00:00:00-04:00,227.7428443507151,234.34971093976475,227.7428443507151,228.02102661132812,336400,0.0,0.0
2025-07-18 00:00:00-04:00,230.60417301051916,230.9916422556529,222.34808706127168,223.73899841308594,287200,0.0,0.0
2025-07-21 00:00:00-04:00,224.91134665493985,228.2594786616494,224.63316438992047,224.99082946777344,162000,0.0,0.0
2025-07-22 00:00:00-04:00,225.81542751788132,227.86207580329003,222.89451378586313,224.9808807373047,178600,0.0,0.0
2025-07-23 00:00:00-04:00,224.79210238189296,227.43484891272536,223.03359640984348,226.0637969970703,165600,0.0,0.0
2025-07-24 00:00:00-04:00,225.51737330108347,226.7989975595289,223.04352209735487,223.1329345703125,173300,0.0,0.0
2025-07-25 00:00:00-04:00,223.49059529168235,224.62319873992027,220.28155471497416,222.92430114746094,118200,0.0,0.0
2025-07-28 00:00:00-04:00,224.13640055311237,226.99770591878124,211.6777467316475,220.66903686523438,490200,0.0,0.0
2025-07-29 00:00:00-04:00,223.66944652354476,225.47763116851823,219.8742219626576,219.91397094726562,219500,0.0,0.0
2025-07-30 00:00:00-04:00,233.35619019109606,249.37160473573877,228.02101845840744,243.58935546875,928700,0.0,0.0
2025-07-31 00:00:00-04:00,250.45452608484686,276.1467713668495,247.9608155298173,256.52490234375,627800,0.0,0.0
2025-08-01 00:00:00-04:00,251.11026397402964,257.14089163578575,246.06321906489137,251.15994262695312,426800,0.0,0.0
2025-08-04 00:00:00-04:00,256.7533963905527,269.10274796376746,254.78626128802497,268.6954345703125,388700,0.0,0.0
2025-08-05 00:00:00-04:00,269.20208380286846,271.38782298651745,266.2712407152359,267.8509216308594,322800,0.0,0.0
2025-08-06 00:00:00-04:00,267.8509576025692,269.8379824656156,263.8868223834683,268.4967346191406,181600,0.0,0.0
2025-08-07 00:00:00-04:00,268.54637534625766,270.35457509503806,259.5054372415371,264.2544250488281,186300,0.0,0.0
2025-08-08 00:00:00-04:00,265.81423852242705,268.2483561037988,261.85013362894074,262.49591064453125,178600,0.0,0.0
2025-08-11 00:00:00-04:00,263.0224840391681,268.75507044864975,263.0224840391681,264.5823059082031,325300,0.0,0.0
2025-08-12 00:00:00-04:00,266.0327952299531,274.7856367455947,264.8505130892849,271.8448486328125,226000,0.0,0.0
2025-08-13 00:00:00-04:00,273.88157750501745,275.0837190232906,271.0003672803344,274.3186950683594,174600,0.0,0.0
2025-08-14 00:00:00-04:00,273.1861054151249,273.9312397139639,267.3044986756686,267.9999694824219,154900,0.0,0.0
2025-08-15 00:00:00-04:00,267.99997825364136,268.4470709754143,265.13865760131836,266.99652099609375,157000,0.0,0.0
2025-08-18 00:00:00-04:00,266.8077275731736,269.13257313693185,266.1619506141699,268.1191711425781,143000,0.0,0.0
2025-08-19 00:00:00-04:00,267.1852958974517,268.34771880455406,257.2005079029516,258.6410827636719,206700,0.0,0.0
2025-08-20 00:00:00-04:00,259.3365335334806,260.9361042203343,254.20007638380886,258.2734680175781,299100,0.0,0.0
2025-08-21 00:00:00-04:00,256.80309309827214,257.2501554813485,254.27956314195964,256.8627014160156,198100,0.0,0.0
2025-08-22 00:00:00-04:00,256.6739104963421,266.50967626861933,255.33266281839764,264.5425109863281,244900,0.0,0.0
2025-08-25 00:00:00-04:00,264.274293671834,267.19522250114267,263.34038960697524,263.4894104003906,513400,0.0,0.0
2025-08-26 00:00:00-04:00,263.4099280940034,267.6124658324422,262.5852958836688,265.10882568359375,207300,0.0,0.0
2025-08-27 00:00:00-04:00,264.7313087432821,268.89412817404843,263.628524519653,267.930419921875,198700,0.0,0.0
2025-08-28 00:00:00-04:00,268.18871891548014,273.11653154842946,267.6820179284449,271.7355651855469,350200,0.0,0.0
2025-08-29 00:00:00-04:00,271.34809117472884,273.21589926447143,266.579243969949,269.9472351074219,400200,0.0,0.0
2025-09-02 00:00:00-04:00,266.68850846521786,276.2560370901283,263.41987471736616,275.6897277832031,298700,0.0,0.0
2025-09-03 00:00:00-04:00,274.3186948274426,283.8266157935247,274.3186948274426,282.9225158691406,353900,0.0,0.0
2025-09-04 00:00:00-04:00,283.7769566796241,288.68491044795223,283.6477952142061,286.0123596191406,290800,0.0,0.0
2025-09-05 00:00:00-04:00,287.9000575552942,292.4702212226821,285.05862629436973,285.9328918457031,364400,0.0,0.0
2025-09-08 00:00:00-04:00,287.4926951531692,298.19284373159184,286.4097702121768,297.9643249511719,237600,0.0,0.0
2025-09-09 00:00:00-04:00,297.72585761532474,304.0147774153559,294.66582261531056,303.71673583984375,203900,0.0,0.0
2025-09-10 00:00:00-04:00,302.2463335207127,305.57460601429227,294.9639012107605,296.3150634765625,306100,0.0,0.0
2025-09-11 00:00:00-04:00,300.57724168072235,323.7062085008996,300.57724168072235,322.7623596191406,348300,0.0,0.0
2025-09-12 00:00:00-04:00,322.9014913053319,325.3653827785359,318.8678331810442,320.7753601074219,332400,0.0,0.0
2025-09-15 00:00:00-04:00,320.060001317349,329.7467468457282,314.6354323109422,327.1735534667969,600300,0.0,0.0
2025-09-16 00:00:00-04:00,324.53084933469927,326.91527325074867,317.4172962561087,321.4410400390625,208800,0.0,0.0
2025-09-17 00:00:00-04:00,322.6828905466111,328.4949439643093,321.37144694392805,325.0474548339844,346600,0.0,0.0
2025-09-18 00:00:00-04:00,327.014605892484,337.8935789831727,327.014605892484,337.00933837890625,230400,0.0,0.0
2025-09-19 00:00:00-04:00,334.35666575505013,339.2546745249376,332.33983683100286,332.63787841796875,768500,0.0,0.0
2025-09-22 00:00:00-04:00,357.96249953347376,357.96249953347376,328.57441657950193,344.2420959472656,355300,0.0,0.0
2025-09-23 00:00:00-04:00,343.0796880685945,348.3750954931224,337.2974389807935,346.9643249511719,1421000,0.0,0.0
2025-09-24 00:00:00-04:00,347.7293483603934,351.33580331023745,343.2088789595454,343.8049621582031,261800,0.0,0.0
2025-09-25 00:00:00-04:00,340.55614190884035,345.901242885753,331.505259490897,336.7410583496094,980300,0.0,0.0
2025-09-26 00:00:00-04:00,336.10522337270925,343.65592346501694,333.90956951972896,342.8114318847656,251000,0.0,0.0
2025-09-29 00:00:00-04:00,346.3086206841982,349.716360901508,344.3116510801901,346.378173828125,259500,0.0,0.0
2025-09-30 00:00:00-04:00,346.3781763191046,348.72285102042457,339.9203457446523,342.99029541015625,276900,0.0,0.0
2025-10-01 00:00:00-04:00,342.75182492538283,347.2822389347907,339.214923292066,346.1297912597656,356000,0.0,0.0
2025-10-02 00:00:00-04:00,347.1729982652873,354.9323281929369,343.5168796700515,353.789794921875,300600,0.0,0.0
2025-10-03 00:00:00-04:00,355.0416025776202,359.21436708946936,335.310459429486,336.90008544921875,1657200,0.0,0.0
2025-10-06 00:00:00-04:00,335.88664056244005,341.73844283321523,329.4188958079298,335.131591796875,416900,0.0,0.0
2025-10-07 00:00:00-04:00,334.9726769807403,340.218421749828,329.01160200134075,338.6585998535156,250100,0.0,0.0
2025-10-08 00:00:00-04:00,340.4306532675295,349.30103744623364,338.6087673451829,348.8729553222656,224000,0.7,0.0
2025-10-09 00:00:00-04:00,350.43598046216187,352.0388122667202,344.2237159852939,346.7723388671875,287400,0.0,0.0
2025-10-10 00:00:00-04:00,347.0212305527684,349.49019189748896,338.369839792351,338.3897399902344,272200,0.0,0.0
2025-10-13 00:00:00-04:00,341.8443502766741,355.58305301791125,341.8443502766741,355.1350402832031,187100,0.0,0.0
2025-10-14 00:00:00-04:00,349.5399921694582,359.2566057001642,346.7126145549591,356.6681823730469,214400,0.0,0.0
2025-10-15 00:00:00-04:00,360.5409181303209,366.663586867872,356.89717630252335,363.06964111328125,268400,0.0,0.0
2025-10-16 00:00:00-04:00,360.5707428021084,367.7188331018884,360.5707428021084,365.7476501464844,172600,0.0,0.0
2025-10-17 00:00:00-04:00,363.34838002356065,367.93788245888453,358.34073034861433,365.22003173828125,240400,0.0,0.0
2025-10-20 00:00:00-04:00,368.5252941964204,377.1766553105551,368.35603616308333,369.3515930175781,211700,0.0,0.0
2025-10-21 00:00:00-04:00,368.4257429266567,371.47214455760803,363.37826223894893,370.51641845703125,206200,0.0,0.0
2025-10-22 00:00:00-04:00,368.91353768478103,371.0042131109246,352.2578609276166,362.2930908203125,371200,0.0,0.0
2025-10-23 00:00:00-04:00,362.3826815271215,372.83602810963464,360.88934630104825,372.61700439453125,185400,0.0,0.0
2025-10-24 00:00:00-04:00,376.5494622667235,382.63229977765695,375.26518547799617,376.9377136230469,159400,0.0,0.0
2025-10-27 00:00:00-04:00,390.19854779057783,391.5325903017598,378.0029765790142,385.1112365722656,263600,0.0,0.0
2025-10-28 00:00:00-04:00,385.11122815117005,391.4628854717469,368.93342995897274,370.82501220703125,520500,0.0,0.0
2025-10-29 00:00:00-04:00,370.8449041932796,383.32919484408353,370.8250039949976,381.1688232421875,581300,0.0,0.0
2025-10-30 00:00:00-04:00,368.1867694022339,410.76675450412966,353.63173339565014,394.6088562011719,427200,0.0,0.0
2025-10-31 00:00:00-04:00,393.8721578048083,394.60886014479917,351.3817991292,360.35174560546875,819300,0.0,0.0
2025-11-03 00:00:00-05:00,384.9917959758357,398.2227555354571,368.35604887029785,394.77813720703125,669100,0.0,0.0
2025-11-04 00:00:00-05:00,379.8845600805298,392.189658241509,378.2020969969731,379.8248291015625,354900,0.0,0.0
2025-11-05 00:00:00-05:00,373.6424314035966,385.41988571536257,366.55407163574273,384.1057434082031,367700,0.0,0.0
2025-11-06 00:00:00-05:00,382.67213139946904,383.9265427020103,373.7121201115634,379.0781555175781,316400,0.0,0.0
2025-11-07 00:00:00-05:00,373.52296627967723,378.18216491250325,365.2797570131455,368.42572021484375,300500,0.0,0.0
2025-11-10 00:00:00-05:00,368.42571517072923,374.32935974957195,362.1736196327444,363.37823486328125,271400,0.0,0.0
2025-11-11 00:00:00-05:00,359.0276651328037,371.6314182699196,355.5232856402065,369.9787902832031,238800,0.0,0.0
2025-11-12 00:00:00-05:00,369.6104680788179,374.73758008822693,349.9183536169622,353.0543518066406,313900,0.0,0.0
2025-11-13 00:00:00-05:00,349.11192639879954,350.79438948744655,339.95279142431434,344.34320068359375,237500,0.0,0.0
2025-11-14 00:00:00-05:00,337.5933479823986,356.369536372644,337.3842895421405,346.891845703125,230800,0.0,0.0
2025-11-17 00:00:00-05:00,346.40400385242924,350.7147514674275,333.5115310227852,337.61322021484375,241500,0.0,0.0
2025-11-18 00:00:00-05:00,334.2283639618505,339.8831198668871,330.6543183337099,334.4473876953125,202100,0.0,0.0
2025-11-19 00:00:00-05:00,336.55793686283124,341.0379425624711,333.3323424813251,334.7559814453125,238200,0.0,0.0
2025-11-20 00:00:00-05:00,343.2281515739275,343.9250230630829,324.86011755907543,325.9154052734375,441600,0.0,0.0
2025-11-21 00:00:00-05:00,324.16324166724195,330.8135843170035,321.31596374459986,326.1742858886719,367400,0.0,0.0
2025-11-24 00:00:00-05:00,329.07136430001503,346.0555614514422,329.07136430001503,344.1042785644531,318900,0.0,0.0
2025-11-25 00:00:00-05:00,345.0799027898613,359.92365873815186,342.2923558248232,355.98126220703125,352400,0.0,0.0
2025-11-26 00:00:00-05:00,355.1549263357721,363.9855103708664,353.5421291662396,358.29095458984375,348000,0.0,0.0
2025-11-28 00:00:00-05:00,362.3627915098576,362.3627915098576,352.42712325569966,356.16046142578125,133700,0.0,0.0
2025-12-01 00:00:00-05:00,348.82319218893724,354.5576090092029,343.97483549321186,350.0975036621094,211300,0.0,0.0
2025-12-02 00:00:00-05:00,351.24239787633394,354.34853028161365,328.2848601264075,336.2393493652344,456200,0.0,0.0
2025-12-03 00:00:00-05:00,334.18853284339394,341.16739643344044,331.33128940199833,340.3211669921875,360000,0.0,0.0
2025-12-04 00:00:00-05:00,338.7282416307601,353.2832774314721,338.35989046965597,349.23138427734375,278200,0.0,0.0
2025-12-05 00:00:00-05:00,349.2313889896242,354.26890412012,347.87741590185567,353.60186767578125,205200,0.0,0.0
2025-12-08 00:00:00-05:00,357.0664228102478,365.8173760126116,354.7567236308188,357.05645751953125,291900,0.0,0.0
2025-12-09 00:00:00-05:00,355.78215900993246,362.56189896391027,354.70697094257275,361.47674560546875,215600,0.0,0.0
2025-12-10 00:00:00-05:00,359.49558643782507,364.9014528691136,352.3474955101851,358.281005859375,209200,0.0,0.0
2025-12-11 00:00:00-05:00,354.99563630575244,359.8141580343853,351.5808837163884,356.349609375,217800,0.0,0.0
2025-12-12 00:00:00-05:00,356.1504896977436,359.1072946902839,343.87528738446014,352.70587158203125,179000,0.0,0.0
2025-12-15 00:00:00-05:00,356.8075745352662,356.91710158910814,348.2059790155812,349.3309631347656,193400,0.0,0.0
2025-12-16 00:00:00-05:00,347.1605945970597,351.08309072217764,337.49374681615365,346.51348876953125,292200,0.0,0.0
2025-12-17 00:00:00-05:00,346.7026654991737,351.1129749574226,322.84913239705446,323.55596923828125,304100,0.0,0.0
2025-12-18 00:00:00-05:00,326.27386503216155,327.8965972148134,312.97320940591385,321.7540283203125,300700,0.0,0.0
2025-12-19 00:00:00-05:00,322.40110729623814,334.2581923134944,321.5150775515807,332.9141845703125,633800,0.0,0.0
2025-12-22 00:00:00-05:00,334.35777397580677,334.99491456084525,326.96079387581216,330.39544677734375,209400,0.0,0.0
2025-12-23 00:00:00-05:00,329.5293333438851,330.17643925139595,325.8756261589775,326.3236389160156,244600,0.0,0.0
2025-12-24 00:00:00-05:00,325.517226003353,328.59349303860233,322.7296789629283,326.8811340332031,113700,0.0,0.0
2025-12-26 00:00:00-05:00,327.18975860722855,330.6343768637153,323.8745676047055,329.220703125,136600,0.0,0.0
2025-12-29 00:00:00-05:00,328.762737049974,329.87775581858745,324.16323905646954,328.7926025390625,218100,0.0,0.0
2025-12-30 00:00:00-05:00,328.03597537416914,330.1365857014074,322.2716928234613,323.66546630859375,154500,0.0,0.0
2025-12-31 00:00:00-05:00,323.8944601983377,323.94425626976135,315.78067799069305,316.96539306640625,259400,0.0,0.0
2026-01-02 00:00:00-05:00,317.0748979589604,324.90992566857034,315.42226990811486,324.8103942871094,200900,0.0,0.0
2026-01-05 00:00:00-05:00,325.2982007177774,334.75599079220393,323.7650346619148,334.3478088378906,281200,0.0,0.0
2026-01-06 00:00:00-05:00,332.5955953242824,334.1287612707315,307.5175480154075,307.6270446777344,582200,0.0,0.0
2026-01-07 00:00:00-05:00,309.09052932736313,312.48538175363785,293.74899497579764,307.8560485839844,468100,0.0,0.0
2026-01-08 00:00:00-05:00,305.1083078215603,307.6668962075626,299.36395575741614,305.32733154296875,253200,0.0,0.0
2026-01-09 00:00:00-05:00,305.79525730290726,312.166815308439,303.1869031179853,307.7166748046875,216300,0.0,0.0
2026-01-12 00:00:00-05:00,306.96001561976254,313.0229832845742,306.96001561976254,310.6236877441406,145300,0.0,0.0
2026-01-13 00:00:00-05:00,309.4389868330632,315.7607788952003,306.34278923669103,312.6645812988281,198800,0.0,0.0
2026-01-14 00:00:00-05:00,312.025984353916,324.7177561829644,306.8475000412477,311.9361877441406,313000,0.7,0.0
2026-01-15 00:00:00-05:00,317.0548080023376,320.6767568498863,304.21337514273824,309.7410583496094,260400,0.0,0.0
2026-01-16 00:00:00-05:00,310.02045280480377,312.77433745871406,306.00938509355166,308.0747985839844,216500,0.0,0.0
2026-01-20 00:00:00-05:00,303.0958508533977,332.7100069862965,301.1900859456138,325.15679931640625,405400,0.0,0.0
2026-01-21 00:00:00-05:00,325.98494509600937,334.9350397730009,323.4206716727218,332.2510070800781,273900,0.0,0.0
2026-01-22 00:00:00-05:00,335.72327315040053,336.37182451505066,324.9671984286931,329.3873596191406,245500,0.0,0.0
2026-01-23 00:00:00-05:00,329.3873623127994,330.3452232661135,317.8829519724496,329.7864685058594,226100,0.0,0.0
2026-01-26 00:00:00-05:00,329.59689058423294,337.2498820754172,327.0026850819951,329.41729736328125,233500,0.0,0.0
2026-01-27 00:00:00-05:00,328.3696529190369,336.33192386472604,321.494928893651,332.7299499511719,267200,0.0,0.0
2026-01-28 00:00:00-05:00,334.50600725151025,334.50600725151025,326.32419265706534,331.18341064453125,136200,0.0,0.0
2026-01-29 00:00:00-05:00,326.8829476512003,331.58251706228407,322.7521510441547,330.1955871582031,202300,0.0,0.0
2026-01-30 00:00:00-05:00,326.92285181800315,339.2354624371307,323.19116161208285,325.7155456542969,346100,0.0,0.0
2026-02-02 00:00:00-05:00,325.71553959093967,333.29867912772283,320.01822022462136,328.6490173339844,215600,0.0,0.0
2026-02-03 00:00:00-05:00,328.2698624056813,331.0536791872989,317.4040155660508,323.191162109375,295000,0.0,0.0
2026-02-04 00:00:00-05:00,319.48940043992417,328.2798461943497,309.3120248613209,313.1734313964844,537800,0.0,0.0
2026-02-05 00:00:00-05:00,325.5359620755029,364.1899791608404,316.98497361299474,344.28424072265625,545100,0.0,0.0
2026-02-06 00:00:00-05:00,356.8163617184235,375.8440480529703,349.93168058849784,370.2564697265625,389700,0.0,0.0
2026-02-09 00:00:00-05:00,373.36955357918987,382.27972800477806,370.2863843917561,375.76422119140625,340000,0.0,0.0
2026-02-10 00:00:00-05:00,371.1644437671682,377.1611156945176,348.7044202553857,350.3706970214844,329900,0.0,0.0
2026-02-11 00:00:00-05:00,351.4582800791184,364.1001755235508,347.3274836263405,363.0924072265625,335300,0.0,0.0
2026-02-12 00:00:00-05:00,362.9028222598245,370.80525907153225,352.50596406281267,356.0380859375,259100,0.0,0.0
2026-02-13 00:00:00-05:00,353.4538394436668,375.8340845742575,351.7775751091425,374.1777648925781,328400,0.0,0.0
2026-02-17 00:00:00-05:00,373.60903283038556,375.9937130295853,364.50927710734834,365.6068420410156,210600,0.0,0.0
2026-02-18 00:00:00-05:00,368.18107859443427,374.16776279922186,360.1788883359811,360.8074645996094,249500,0.0,0.0
2026-02-19 00:00:00-05:00,359.4604843792923,360.92722322487185,342.6079537566165,347.5669250488281,290500,0.0,0.0
2026-02-20 00:00:00-05:00,345.17228267878045,363.3219173562452,344.79312111346917,357.70440673828125,343100,0.0,0.0
2026-02-23 00:00:00-05:00,357.70440556619786,357.70440556619786,342.9073301648395,350.7199401855469,205300,0.0,0.0
2026-02-24 00:00:00-05:00,353.2043857442285,368.1312071723534,351.9272276463524,362.15447998046875,188900,0.0,0.0
2026-02-25 00:00:00-05:00,368.67997162900605,381.22208243731285,361.43607394452175,378.1788330078125,339100,0.0,0.0
2026-02-26 00:00:00-05:00,378.1788561007405,381.5812921769796,361.7055163106111,374.4571533203125,301600,0.0,0.0
2026-02-27 00:00:00-05:00,365.04805674023504,374.42722030841514,361.5558240562943,365.7165832519531,401900,0.0,0.0
2026-03-02 00:00:00-05:00,364.7287739306576,379.8052260359224,364.18996381439854,377.9892578125,184100,0.0,0.0
2026-03-03 00:00:00-05:00,367.55248144079076,377.87951805261986,362.1944038101214,369.9770812988281,249200,0.0,0.0
2026-03-04 00:00:00-05:00,371.06470522355204,373.2797493014059,359.38067048131063,372.4815368652344,187200,0.0,0.0
2026-03-05 00:00:00-05:00,366.3851131847878,373.3595910661723,353.0447586296925,362.9327697753906,251600,0.0,0.0
2026-03-06 00:00:00-05:00,354.8507465677286,365.63675361436054,354.212152296955,356.267578125,213600,0.0,0.0
2026-03-09 00:00:00-04:00,349.22324762175214,364.18995823411296,345.80086710302317,362.9626770019531,256500,0.0,0.0
2026-03-10 00:00:00-04:00,363.76094442925387,373.7786414857964,363.6910924670431,364.90838623046875,226200,0.0,0.0
2026-03-11 00:00:00-04:00,361.92501172341514,372.6212222655978,361.5957270337203,367.49261474609375,211900,0.0,0.0
2026-03-12 00:00:00-04:00,361.00705777843075,374.1677885641831,359.8396713300279,361.5458679199219,245600,0.0,0.0
2026-03-13 00:00:00-04:00,364.04030369818156,374.0380556032607,353.7631439581747,358.27313232421875,199400,0.0,0.0
2026-03-16 00:00:00-04:00,363.77087506722006,366.16557311275625,352.4361009043778,357.5148010253906,315900,0.0,0.0
2026-03-17 00:00:00-04:00,354.2520814272983,355.20994240895953,339.41508673854077,350.55029296875,255500,0.0,0.0
2026-03-18 00:00:00-04:00,350.36073976449194,358.9216850205833,349.2232551176088,351.2487487792969,231400,0.0,0.0
2026-03-19 00:00:00-04:00,347.62681347731865,355.1999658523711,345.2321457241161,351.8175048828125,1765400,0.0,0.0
2026-03-20 00:00:00-04:00,348.41507241118546,348.41507241118546,314.89961972201115,324.96722412109375,4664700,0.0,0.0
2026-03-23 00:00:00-04:00,325.73547881124546,334.2565345156013,310.0304203364646,310.7687683105469,732400,0.0,0.0
2026-03-24 00:00:00-04:00,306.6778678918963,311.70669125335513,299.33421639883994,304.9816589355469,541000,0.0,0.0
2026-03-25 00:00:00-04:00,309.31202260174797,316.29648762823905,306.82755835770564,310.35968017578125,311200,0.0,0.0
2026-03-26 00:00:00-04:00,306.19897096046174,312.1357483377948,297.59810549979113,298.3763732910156,234600,0.0,0.0
2026-03-27 00:00:00-04:00,295.59254765807344,302.83644565855815,294.53490249737786,300.5814514160156,335500,0.0,0.0
2026-03-30 00:00:00-04:00,304.2333226025289,305.8696671473267,292.9683697620873,294.0459899902344,382000,0.0,0.0
2026-03-31 00:00:00-04:00,298.0570534543868,304.3231150646083,295.33310116743604,301.32977294921875,406900,0.0,0.0
2026-04-01 00:00:00-04:00,305.39075534866004,309.3519460648785,302.3475058521536,305.7100524902344,280900,0.0,0.0
2026-04-02 00:00:00-04:00,300.721166298819,316.1069289972252,300.721166298819,312.23553466796875,224700,0.0,0.0
2026-04-06 00:00:00-04:00,312.6046889990705,316.2166808018674,310.309805511243,313.6124572753906,165700,0.0,0.0
2026-04-07 00:00:00-04:00,309.78097458472746,317.4040032849691,309.20227517771207,314.7200012207031,310900,0.0,0.0
2026-04-08 00:00:00-04:00,327.8599853515625,346.1700134277344,325.1700134277344,344.9599914550781,525500,0.7,0.0
2026-04-09 00:00:00-04:00,344.9599914550781,357.3599853515625,340.8599853515625,349.5799865722656,473900,0.0,0.0
2026-04-10 00:00:00-04:00,350.2699890136719,362.3500061035156,347.9700012207031,352.2699890136719,311200,0.0,0.0
2026-04-13 00:00:00-04:00,349.5299987792969,354.3999938964844,346.6400146484375,351.94000244140625,214300,0.0,0.0
2026-04-14 00:00:00-04:00,353.6099853515625,356.3900146484375,350.1099853515625,352.32000732421875,179800,0.0,0.0
2026-04-15 00:00:00-04:00,352.0,366.54998779296875,350.0,365.5,205700,0.0,0.0
2026-04-16 00:00:00-04:00,366.8999938964844,376.9200134277344,365.6099853515625,375.1600036621094,231500,0.0,0.0
2026-04-17 00:00:00-04:00,384.2799987792969,387.29998779296875,372.44000244140625,373.0199890136719,352500,0.0,0.0
2026-04-20 00:00:00-04:00,372.0,376.1700134277344,366.4700012207031,368.95001220703125,221400,0.0,0.0
2026-04-21 00:00:00-04:00,369.4800109863281,380.6199951171875,369.0299987792969,375.17999267578125,181500,0.0,0.0
2026-04-22 00:00:00-04:00,378.5299987792969,381.30999755859375,373.0899963378906,376.3500061035156,231400,0.0,0.0
2026-04-23 00:00:00-04:00,373.2099914550781,373.2099914550781,356.19000244140625,359.45001220703125,195300,0.0,0.0
2026-04-24 00:00:00-04:00,364.55999755859375,371.6199951171875,357.6600036621094,368.5,248100,0.0,0.0
2026-04-27 00:00:00-04:00,369.1700134277344,373.82000732421875,354.7699890136719,362.239990234375,337600,0.0,0.0
2026-04-28 00:00:00-04:00,362.239990234375,364.82000732421875,346.82000732421875,353.1000061035156,252500,0.0,0.0
2026-04-29 00:00:00-04:00,350.010009765625,358.19000244140625,345.5299987792969,352.67999267578125,229700,0.0,0.0
2026-04-30 00:00:00-04:00,343.0899963378906,346.8399963378906,289.29998779296875,296.55999755859375,722600,0.0,0.0
2026-05-01 00:00:00-04:00,300.010009765625,305.0,278.7699890136719,290.5,665600,0.0,0.0
2026-05-04 00:00:00-04:00,289.29998779296875,289.29998779296875,266.0199890136719,272.9599914550781,685900,0.0,0.0
2026-05-05 00:00:00-04:00,278.0,287.8500061035156,273.0,287.1300048828125,506700,0.0,0.0
2026-05-06 00:00:00-04:00,287.1300048828125,288.2099914550781,277.7900085449219,278.0,453200,0.0,0.0
2026-05-07 00:00:00-04:00,278.0,281.5299987792969,270.7900085449219,278.7699890136719,464500,0.0,0.0
2026-05-08 00:00:00-04:00,278.4200134277344,282.8599853515625,274.6499938964844,279.6099853515625,277000,0.0,0.0
2026-05-11 00:00:00-04:00,278.7699890136719,284.6300048828125,267.80999755859375,269.5799865722656,404900,0.0,0.0
2026-05-12 00:00:00-04:00,268.0,272.1400146484375,261.5199890136719,269.82000732421875,547500,0.0,0.0
2026-05-13 00:00:00-04:00,269.2900085449219,272.0,263.1000061035156,270.2099914550781,303600,0.0,0.0
2026-05-14 00:00:00-04:00,270.7200012207031,274.0,266.6199951171875,269.30999755859375,252800,0.0,0.0
2026-05-15 00:00:00-04:00,266.8900146484375,266.8900146484375,259.010009765625,260.3699951171875,342600,0.0,0.0
2026-05-18 00:00:00-04:00,260.6000061035156,265.0,257.8900146484375,263.8500061035156,357100,0.0,0.0
2026-05-19 00:00:00-04:00,263.8500061035156,267.989990234375,260.0199890136719,264.7900085449219,342400,0.0,0.0
2026-05-20 00:00:00-04:00,264.69000244140625,269.5,260.2900085449219,266.1199951171875,260500,0.0,0.0
2026-05-21 00:00:00-04:00,263.69000244140625,268.45001220703125,260.5,267.1000061035156,227500,0.0,0.0
2026-05-22 00:00:00-04:00,267.8299865722656,269.44000244140625,260.2300109863281,260.9800109863281,213400,0.0,0.0
2026-05-26 00:00:00-04:00,260.5799865722656,263.94000244140625,255.0,263.3599853515625,262300,0.0,0.0
2026-05-27 00:00:00-04:00,261.80999755859375,261.8299865722656,251.52999877929688,252.4499969482422,439500,0.0,0.0
2026-05-28 00:00:00-04:00,252.5,256.34991455078125,250.24000549316406,250.75,324763,0.0,0.0
