Date,Open,High,Low,Close,Volume,Dividends,Stock Splits
2022-01-03 00:00:00-05:00,503.5400085449219,520.3900146484375,490.4599914550781,520.2000122070312,123300,0.0,0.0
2022-01-04 00:00:00-05:00,516.75,519.8699951171875,498.6300048828125,508.1700134277344,164500,0.0,0.0
2022-01-05 00:00:00-05:00,505.9100036621094,514.8599853515625,500.05999755859375,502.2200012207031,174100,0.0,0.0
2022-01-06 00:00:00-05:00,501.5400085449219,513.6900024414062,497.760009765625,499.3299865722656,161800,0.0,0.0
2022-01-07 00:00:00-05:00,500.0,535.0,499.29998779296875,516.8800048828125,382900,0.0,0.0
2022-01-10 00:00:00-05:00,517.0,519.4500122070312,495.6700134277344,510.2699890136719,147800,0.0,0.0
2022-01-11 00:00:00-05:00,507.4700012207031,511.010009765625,501.0899963378906,504.5799865722656,99800,0.0,0.0
2022-01-12 00:00:00-05:00,502.2300109863281,505.9800109863281,484.3900146484375,485.0,166000,0.0,0.0
2022-01-13 00:00:00-05:00,489.4100036621094,495.0,484.55999755859375,488.9800109863281,142300,0.0,0.0
2022-01-14 00:00:00-05:00,446.489990234375,460.3299865722656,428.1300048828125,449.3299865722656,1185000,0.0,0.0
2022-01-18 00:00:00-05:00,445.0,452.2799987792969,435.55999755859375,444.7300109863281,270600,0.0,0.0
2022-01-19 00:00:00-05:00,450.0,470.8399963378906,445.760009765625,456.1600036621094,308700,0.0,0.0
2022-01-20 00:00:00-05:00,458.260009765625,468.3699951171875,452.42999267578125,453.760009765625,259900,0.0,0.0
2022-01-21 00:00:00-05:00,452.42999267578125,457.6300048828125,440.8999938964844,443.44000244140625,188400,0.0,0.0
2022-01-24 00:00:00-05:00,439.04998779296875,452.5899963378906,429.1499938964844,451.239990234375,234200,0.0,0.0
2022-01-25 00:00:00-05:00,447.9800109863281,447.9800109863281,432.989990234375,435.57000732421875,279200,0.0,0.0
2022-01-26 00:00:00-05:00,436.79998779296875,439.79998779296875,419.1499938964844,421.260009765625,339100,0.0,0.0
2022-01-27 00:00:00-05:00,425.0,434.7099914550781,412.2900085449219,415.3399963378906,243300,0.0,0.0
2022-01-28 00:00:00-05:00,415.8999938964844,427.9800109863281,406.67999267578125,426.1600036621094,304400,0.0,0.0
2022-01-31 00:00:00-05:00,426.1600036621094,428.8699951171875,408.2300109863281,420.8299865722656,532200,0.0,0.0
2022-02-01 00:00:00-05:00,424.489990234375,426.9100036621094,407.5199890136719,425.07000732421875,307300,0.0,0.0
2022-02-02 00:00:00-05:00,426.9100036621094,426.9100036621094,406.82000732421875,414.94000244140625,207700,0.0,0.0
2022-02-03 00:00:00-05:00,411.6099853515625,420.54998779296875,407.0,408.6600036621094,164300,0.0,0.0
2022-02-04 00:00:00-05:00,407.010009765625,422.5400085449219,404.5,419.0400085449219,192500,0.0,0.0
2022-02-07 00:00:00-05:00,423.4100036621094,429.55999755859375,418.8500061035156,424.9700012207031,169700,0.0,0.0
2022-02-08 00:00:00-05:00,424.3900146484375,445.8699951171875,424.3900146484375,443.2300109863281,263900,0.0,0.0
2022-02-09 00:00:00-05:00,444.5199890136719,454.1099853515625,439.7799987792969,444.6099853515625,272800,0.0,0.0
2022-02-10 00:00:00-05:00,441.7699890136719,451.0199890136719,433.239990234375,439.55999755859375,120400,0.0,0.0
2022-02-11 00:00:00-05:00,443.17999267578125,445.69000244140625,428.0,432.5199890136719,160400,0.0,0.0
2022-02-14 00:00:00-05:00,430.0899963378906,432.04998779296875,417.32000732421875,422.3800048828125,185400,0.0,0.0
2022-02-15 00:00:00-05:00,428.32000732421875,431.95001220703125,419.9599914550781,422.44000244140625,219400,0.0,0.0
2022-02-16 00:00:00-05:00,422.29998779296875,422.29998779296875,405.19000244140625,408.1199951171875,314100,0.0,0.0
2022-02-17 00:00:00-05:00,396.1600036621094,426.3599853515625,386.19000244140625,397.1600036621094,471000,0.0,0.0
2022-02-18 00:00:00-05:00,397.05999755859375,399.8599853515625,378.1400146484375,378.260009765625,237300,0.0,0.0
2022-02-22 00:00:00-05:00,377.6099853515625,392.70001220703125,377.0,382.75,265700,0.0,0.0
2022-02-23 00:00:00-05:00,382.57000732421875,386.5899963378906,367.0299987792969,368.1499938964844,177500,0.0,0.0
2022-02-24 00:00:00-05:00,356.80999755859375,375.2900085449219,355.8699951171875,374.6099853515625,174000,0.0,0.0
2022-02-25 00:00:00-05:00,373.0,385.5299987792969,365.010009765625,380.5299987792969,157800,0.0,0.0
2022-02-28 00:00:00-05:00,379.7200012207031,384.010009765625,375.5,383.4599914550781,117600,0.0,0.0
2022-03-01 00:00:00-05:00,379.95001220703125,402.80999755859375,377.7200012207031,379.9599914550781,246800,0.0,0.0
2022-03-02 00:00:00-05:00,378.0,395.7300109863281,378.0,393.7099914550781,209400,0.0,0.0
2022-03-03 00:00:00-05:00,395.7200012207031,398.55999755859375,390.010009765625,391.67999267578125,126100,0.0,0.0
2022-03-04 00:00:00-05:00,388.07000732421875,391.1499938964844,372.70001220703125,376.1300048828125,133900,0.0,0.0
2022-03-07 00:00:00-05:00,377.1700134277344,381.0199890136719,365.82000732421875,367.7200012207031,112200,0.0,0.0
2022-03-08 00:00:00-05:00,369.2900085449219,371.6099853515625,357.2900085449219,358.05999755859375,151000,0.0,0.0
2022-03-09 00:00:00-05:00,365.19000244140625,369.8399963378906,360.010009765625,367.69000244140625,82200,0.0,0.0
2022-03-10 00:00:00-05:00,361.8599853515625,361.8599853515625,349.54998779296875,350.1199951171875,144600,0.0,0.0
2022-03-11 00:00:00-05:00,352.3500061035156,353.70001220703125,342.739990234375,346.6199951171875,152600,0.0,0.0
2022-03-14 00:00:00-04:00,348.7799987792969,354.69000244140625,345.30999755859375,349.9100036621094,151500,0.0,0.0
2022-03-15 00:00:00-04:00,350.4599914550781,359.20001220703125,349.3299865722656,358.9700012207031,113600,0.0,0.0
2022-03-16 00:00:00-04:00,362.0,373.5400085449219,360.29998779296875,373.05999755859375,95300,0.0,0.0
2022-03-17 00:00:00-04:00,373.25,388.8999938964844,370.42999267578125,384.79998779296875,116400,0.0,0.0
2022-03-18 00:00:00-04:00,385.0,402.95001220703125,384.489990234375,401.6199951171875,308000,0.0,0.0
2022-03-21 00:00:00-04:00,401.1000061035156,405.7799987792969,393.8800048828125,397.9200134277344,123400,0.0,0.0
2022-03-22 00:00:00-04:00,398.6400146484375,409.7799987792969,397.9700012207031,407.010009765625,106900,0.0,0.0
2022-03-23 00:00:00-04:00,405.5,405.57000732421875,388.04998779296875,389.17999267578125,119700,0.0,0.0
2022-03-24 00:00:00-04:00,392.8900146484375,392.8900146484375,385.19000244140625,392.6400146484375,96000,0.0,0.0
2022-03-25 00:00:00-04:00,394.6000061035156,395.4800109863281,378.8800048828125,383.20001220703125,84300,0.0,0.0
2022-03-28 00:00:00-04:00,384.489990234375,387.4100036621094,377.8500061035156,386.5299987792969,84900,0.0,0.0
2022-03-29 00:00:00-04:00,391.9599914550781,401.1499938964844,391.2699890136719,396.510009765625,76700,0.0,0.0
2022-03-30 00:00:00-04:00,395.20001220703125,395.3699951171875,384.6700134277344,386.260009765625,73200,0.0,0.0
2022-03-31 00:00:00-04:00,385.2200012207031,392.5,384.1600036621094,388.4700012207031,82400,0.0,0.0
2022-04-01 00:00:00-04:00,388.3599853515625,391.44000244140625,381.30999755859375,391.1499938964844,85500,0.0,0.0
2022-04-04 00:00:00-04:00,391.3999938964844,404.20001220703125,389.05999755859375,396.9599914550781,119800,0.0,0.0
2022-04-05 00:00:00-04:00,395.0,395.6400146484375,387.3299865722656,392.6300048828125,58700,0.0,0.0
2022-04-06 00:00:00-04:00,389.19000244140625,389.4100036621094,379.4700012207031,384.2799987792969,92600,0.0,0.0
2022-04-07 00:00:00-04:00,384.739990234375,387.6600036621094,372.0899963378906,384.8800048828125,147600,0.0,0.0
2022-04-08 00:00:00-04:00,382.239990234375,386.2300109863281,375.6199951171875,377.3299865722656,130500,0.0,0.0
2022-04-11 00:00:00-04:00,372.29998779296875,383.0799865722656,366.6000061035156,377.79998779296875,113300,0.0,0.0
2022-04-12 00:00:00-04:00,379.1499938964844,392.19000244140625,373.6099853515625,376.8299865722656,110600,0.0,0.0
2022-04-13 00:00:00-04:00,371.07000732421875,379.6000061035156,371.07000732421875,375.1300048828125,77900,0.0,0.0
2022-04-14 00:00:00-04:00,376.95001220703125,376.95001220703125,363.67999267578125,365.760009765625,172500,0.0,0.0
2022-04-18 00:00:00-04:00,361.92999267578125,365.19000244140625,352.0299987792969,357.67999267578125,184000,0.0,0.0
2022-04-19 00:00:00-04:00,359.2099914550781,372.4200134277344,359.2099914550781,364.8699951171875,157600,0.0,0.0
2022-04-20 00:00:00-04:00,363.8800048828125,369.8500061035156,354.1000061035156,361.2200012207031,153400,0.0,0.0
2022-04-21 00:00:00-04:00,364.29998779296875,366.17999267578125,342.989990234375,345.9700012207031,233700,0.0,0.0
2022-04-22 00:00:00-04:00,330.3800048828125,366.70001220703125,325.5299987792969,350.70001220703125,475700,0.0,0.0
2022-04-25 00:00:00-04:00,349.5899963378906,358.25,340.7900085449219,358.25,201200,0.0,0.0
2022-04-26 00:00:00-04:00,359.510009765625,366.7699890136719,356.70001220703125,359.6000061035156,162200,0.0,0.0
2022-04-27 00:00:00-04:00,361.3800048828125,379.9800109863281,358.5400085449219,359.6400146484375,224500,0.0,0.0
2022-04-28 00:00:00-04:00,364.3900146484375,378.3699951171875,356.1700134277344,377.2200012207031,206900,0.0,0.0
2022-04-29 00:00:00-04:00,379.989990234375,383.6300048828125,374.0899963378906,375.0,154300,0.0,0.0
2022-05-02 00:00:00-04:00,375.3800048828125,395.6199951171875,371.8399963378906,391.3299865722656,317100,0.0,0.0
2022-05-03 00:00:00-04:00,389.8299865722656,393.29998779296875,379.4700012207031,381.2200012207031,192900,0.0,0.0
2022-05-04 00:00:00-04:00,382.9700012207031,389.07000732421875,373.0,388.6600036621094,171400,0.0,0.0
2022-05-05 00:00:00-04:00,383.75,383.75,366.0799865722656,373.1099853515625,155400,0.0,0.0
2022-05-06 00:00:00-04:00,372.32000732421875,374.989990234375,359.010009765625,372.3900146484375,132500,0.0,0.0
2022-05-09 00:00:00-04:00,368.3299865722656,376.8800048828125,355.5799865722656,358.989990234375,166000,0.0,0.0
2022-05-10 00:00:00-04:00,361.32000732421875,361.3299865722656,345.3500061035156,359.2699890136719,151800,0.0,0.0
2022-05-11 00:00:00-04:00,358.510009765625,360.1300048828125,337.55999755859375,340.0299987792969,199800,0.0,0.0
2022-05-12 00:00:00-04:00,336.6000061035156,356.7099914550781,332.0400085449219,347.1499938964844,168300,0.0,0.0
2022-05-13 00:00:00-04:00,353.94000244140625,361.67999267578125,350.8299865722656,358.2900085449219,125400,0.0,0.0
2022-05-16 00:00:00-04:00,354.05999755859375,363.0,351.1700134277344,354.5,67900,0.0,0.0
2022-05-17 00:00:00-04:00,358.7699890136719,361.2099914550781,347.6700134277344,356.5199890136719,103900,0.0,0.0
2022-05-18 00:00:00-04:00,353.54998779296875,353.54998779296875,335.92999267578125,337.20001220703125,116200,0.0,0.0
2022-05-19 00:00:00-04:00,333.4200134277344,335.67999267578125,323.0299987792969,329.1700134277344,155600,0.0,0.0
2022-05-20 00:00:00-04:00,331.0799865722656,331.80999755859375,322.2200012207031,329.2099914550781,129800,0.0,0.0
2022-05-23 00:00:00-04:00,330.1400146484375,332.2799987792969,324.67999267578125,331.4599914550781,114000,0.0,0.0
2022-05-24 00:00:00-04:00,328.9200134277344,328.9200134277344,315.0799865722656,323.1199951171875,267400,0.0,0.0
2022-05-25 00:00:00-04:00,323.5,334.9700012207031,323.3999938964844,333.4100036621094,99200,0.0,0.0
2022-05-26 00:00:00-04:00,336.1000061035156,347.07000732421875,336.1000061035156,342.69000244140625,136800,0.0,0.0
2022-05-27 00:00:00-04:00,345.2099914550781,359.5299987792969,345.2099914550781,358.260009765625,135500,0.0,0.0
2022-05-31 00:00:00-04:00,355.8399963378906,359.0299987792969,352.17999267578125,355.29998779296875,143300,0.0,0.0
2022-06-01 00:00:00-04:00,357.82000732421875,358.54998779296875,339.4100036621094,345.7699890136719,192400,0.0,0.0
2022-06-02 00:00:00-04:00,348.8299865722656,355.7799987792969,348.05999755859375,352.3999938964844,174400,0.0,0.0
2022-06-03 00:00:00-04:00,350.8500061035156,354.739990234375,345.95001220703125,347.3900146484375,120300,0.0,0.0
2022-06-06 00:00:00-04:00,345.2099914550781,348.9599914550781,331.80999755859375,333.510009765625,128500,0.0,0.0
2022-06-07 00:00:00-04:00,331.05999755859375,336.55999755859375,327.489990234375,333.4200134277344,151300,0.0,0.0
2022-06-08 00:00:00-04:00,330.6199951171875,340.5,329.9700012207031,332.42999267578125,101000,0.0,0.0
2022-06-09 00:00:00-04:00,333.6499938964844,333.6499938964844,324.260009765625,325.1000061035156,143600,0.0,0.0
2022-06-10 00:00:00-04:00,320.0,323.0299987792969,313.69000244140625,314.1000061035156,165100,0.0,0.0
2022-06-13 00:00:00-04:00,307.70001220703125,309.6499938964844,288.989990234375,294.7099914550781,295000,0.0,0.0
2022-06-14 00:00:00-04:00,299.1099853515625,303.8800048828125,290.8699951171875,294.6300048828125,226300,0.0,0.0
2022-06-15 00:00:00-04:00,298.92999267578125,305.94000244140625,295.05999755859375,301.7099914550781,188600,0.0,0.0
2022-06-16 00:00:00-04:00,296.2200012207031,296.9599914550781,287.0,289.94000244140625,145200,0.0,0.0
2022-06-17 00:00:00-04:00,296.8999938964844,298.0,290.4700012207031,296.69000244140625,232800,0.0,0.0
2022-06-21 00:00:00-04:00,293.1000061035156,305.7300109863281,293.07000732421875,302.2699890136719,149900,0.0,0.0
2022-06-22 00:00:00-04:00,288.6400146484375,314.5199890136719,288.6400146484375,312.29998779296875,220400,0.0,0.0
2022-06-23 00:00:00-04:00,315.20001220703125,331.20001220703125,315.20001220703125,329.9800109863281,209700,0.0,0.0
2022-06-24 00:00:00-04:00,333.0899963378906,344.1099853515625,331.6499938964844,341.2900085449219,238200,0.0,0.0
2022-06-27 00:00:00-04:00,341.2900085449219,341.2900085449219,332.2900085449219,333.989990234375,112900,0.0,0.0
2022-06-28 00:00:00-04:00,322.17999267578125,328.79998779296875,317.20001220703125,319.1700134277344,176500,0.0,0.0
2022-06-29 00:00:00-04:00,319.7300109863281,322.8599853515625,312.3399963378906,314.6700134277344,126400,0.0,0.0
2022-06-30 00:00:00-04:00,309.8900146484375,309.8900146484375,298.3599853515625,302.9700012207031,180600,0.0,0.0
2022-07-01 00:00:00-04:00,304.9700012207031,316.9200134277344,304.9700012207031,314.5899963378906,111900,0.0,0.0
2022-07-05 00:00:00-04:00,312.0199890136719,317.82000732421875,302.2099914550781,316.92999267578125,188000,0.0,0.0
2022-07-06 00:00:00-04:00,316.6300048828125,318.8999938964844,304.55999755859375,306.2300109863281,229200,0.0,0.0
2022-07-07 00:00:00-04:00,301.04998779296875,307.2099914550781,299.260009765625,306.8999938964844,160900,0.0,0.0
2022-07-08 00:00:00-04:00,306.25,325.3999938964844,302.94000244140625,317.4100036621094,129800,0.0,0.0
2022-07-11 00:00:00-04:00,314.29998779296875,317.4599914550781,305.2099914550781,307.4100036621094,206300,0.0,0.0
2022-07-12 00:00:00-04:00,306.7900085449219,326.739990234375,306.7900085449219,314.2900085449219,165100,0.0,0.0
2022-07-13 00:00:00-04:00,305.8500061035156,322.5799865722656,305.8500061035156,317.45001220703125,142400,0.0,0.0
2022-07-14 00:00:00-04:00,315.75,320.8999938964844,309.80999755859375,320.17999267578125,110100,0.0,0.0
2022-07-15 00:00:00-04:00,320.17999267578125,324.54998779296875,316.05999755859375,321.92999267578125,163300,0.0,0.0
2022-07-18 00:00:00-04:00,327.0899963378906,339.32000732421875,323.0400085449219,327.42999267578125,203000,0.0,0.0
2022-07-19 00:00:00-04:00,333.92999267578125,340.3699951171875,326.760009765625,337.0400085449219,172200,0.0,0.0
2022-07-20 00:00:00-04:00,340.4200134277344,343.57000732421875,331.3699951171875,334.8800048828125,176200,0.0,0.0
2022-07-21 00:00:00-04:00,335.07000732421875,344.1199951171875,333.6000061035156,336.17999267578125,296300,0.0,0.0
2022-07-22 00:00:00-04:00,316.20001220703125,358.0,316.20001220703125,356.989990234375,818200,0.0,0.0
2022-07-25 00:00:00-04:00,358.8500061035156,377.1600036621094,355.3800048828125,376.510009765625,515200,0.0,0.0
2022-07-26 00:00:00-04:00,372.3800048828125,375.6000061035156,354.1700134277344,360.9700012207031,227100,0.0,0.0
2022-07-27 00:00:00-04:00,366.3599853515625,372.1199951171875,361.5799865722656,372.0400085449219,164000,0.0,0.0
2022-07-28 00:00:00-04:00,374.05999755859375,377.4700012207031,364.7699890136719,377.4200134277344,140400,0.0,0.0
2022-07-29 00:00:00-04:00,377.0,383.0799865722656,374.3299865722656,380.42999267578125,114600,0.0,0.0
2022-08-01 00:00:00-04:00,379.9200134277344,383.20001220703125,375.5400085449219,380.6099853515625,104400,0.0,0.0
2022-08-02 00:00:00-04:00,378.07000732421875,378.07000732421875,368.239990234375,372.44000244140625,113300,0.0,0.0
2022-08-03 00:00:00-04:00,375.0,382.95001220703125,372.3900146484375,378.3299865722656,141600,0.0,0.0
2022-08-04 00:00:00-04:00,381.5,382.5400085449219,374.9700012207031,379.1099853515625,139400,0.0,0.0
2022-08-05 00:00:00-04:00,374.95001220703125,378.6600036621094,370.1300048828125,375.8699951171875,106000,0.0,0.0
2022-08-08 00:00:00-04:00,379.989990234375,394.1700134277344,379.6400146484375,384.30999755859375,135100,0.0,0.0
2022-08-09 00:00:00-04:00,380.0,382.8999938964844,371.2200012207031,374.32000732421875,142200,0.0,0.0
2022-08-10 00:00:00-04:00,384.3699951171875,392.3399963378906,380.1400146484375,382.6700134277344,127900,0.0,0.0
2022-08-11 00:00:00-04:00,385.5799865722656,394.3399963378906,380.25,382.82000732421875,119600,0.0,0.0
2022-08-12 00:00:00-04:00,387.510009765625,387.510009765625,381.19000244140625,381.82000732421875,56600,0.0,0.0
2022-08-15 00:00:00-04:00,378.6700134277344,384.2300109863281,378.6700134277344,382.0,72000,0.0,0.0
2022-08-16 00:00:00-04:00,381.1300048828125,383.0400085449219,375.4800109863281,378.19000244140625,135000,0.0,0.0
2022-08-17 00:00:00-04:00,372.3599853515625,381.04998779296875,370.1000061035156,379.1600036621094,88700,0.0,0.0
2022-08-18 00:00:00-04:00,377.5199890136719,382.2099914550781,374.1300048828125,381.489990234375,100200,0.0,0.0
2022-08-19 00:00:00-04:00,379.8399963378906,379.8399963378906,362.79998779296875,368.5799865722656,182700,0.0,0.0
2022-08-22 00:00:00-04:00,363.3599853515625,366.8299865722656,354.82000732421875,359.760009765625,122400,0.0,0.0
2022-08-23 00:00:00-04:00,356.2699890136719,357.6700134277344,345.3800048828125,351.3399963378906,232500,0.0,0.0
2022-08-24 00:00:00-04:00,354.1099853515625,358.7200012207031,353.5,355.4700012207031,70900,0.0,0.0
2022-08-25 00:00:00-04:00,355.9599914550781,361.9200134277344,353.0,358.92999267578125,62600,0.0,0.0
2022-08-26 00:00:00-04:00,358.8500061035156,360.2099914550781,347.20001220703125,347.8500061035156,81300,0.0,0.0
2022-08-29 00:00:00-04:00,344.42999267578125,352.9100036621094,343.0,348.07000732421875,74900,0.0,0.0
2022-08-30 00:00:00-04:00,350.4100036621094,350.4100036621094,341.0,341.20001220703125,88300,0.0,0.0
2022-08-31 00:00:00-04:00,343.1199951171875,343.1199951171875,335.1300048828125,337.0799865722656,82000,0.0,0.0
2022-09-01 00:00:00-04:00,332.9800109863281,338.5199890136719,327.3999938964844,337.2900085449219,112200,0.0,0.0
2022-09-02 00:00:00-04:00,339.4800109863281,346.3699951171875,329.70001220703125,330.79998779296875,97200,0.0,0.0
2022-09-06 00:00:00-04:00,331.1300048828125,339.4599914550781,328.57000732421875,331.3399963378906,83100,0.0,0.0
2022-09-07 00:00:00-04:00,330.8900146484375,347.739990234375,330.8900146484375,346.6099853515625,99900,0.0,0.0
2022-09-08 00:00:00-04:00,342.0400085449219,348.989990234375,340.4200134277344,341.82000732421875,95100,0.0,0.0
2022-09-09 00:00:00-04:00,345.989990234375,349.4700012207031,341.1600036621094,342.44000244140625,171300,0.0,0.0
2022-09-12 00:00:00-04:00,343.739990234375,348.6400146484375,340.7799987792969,346.5199890136719,128600,0.0,0.0
2022-09-13 00:00:00-04:00,337.739990234375,338.29998779296875,325.07000732421875,329.79998779296875,182700,0.0,0.0
2022-09-14 00:00:00-04:00,328.82000732421875,331.8999938964844,324.5899963378906,329.4800109863281,122900,0.0,0.0
2022-09-15 00:00:00-04:00,328.3399963378906,337.1400146484375,326.3900146484375,329.1099853515625,88900,0.0,0.0
2022-09-16 00:00:00-04:00,327.9800109863281,330.45001220703125,326.3800048828125,326.94000244140625,129600,0.0,0.0
2022-09-19 00:00:00-04:00,322.7799987792969,329.1000061035156,322.7799987792969,328.3699951171875,85200,0.0,0.0
2022-09-20 00:00:00-04:00,325.010009765625,334.5199890136719,323.25,332.489990234375,98700,0.0,0.0
2022-09-21 00:00:00-04:00,333.7699890136719,335.94000244140625,321.6199951171875,326.6300048828125,130800,0.0,0.0
2022-09-22 00:00:00-04:00,324.8500061035156,325.3299865722656,311.7699890136719,318.4800109863281,154600,0.0,0.0
2022-09-23 00:00:00-04:00,315.4599914550781,317.94000244140625,308.7900085449219,317.6400146484375,111600,0.0,0.0
2022-09-26 00:00:00-04:00,318.760009765625,326.2900085449219,318.3699951171875,320.2099914550781,107500,0.0,0.0
2022-09-27 00:00:00-04:00,321.6099853515625,330.0,319.4800109863281,324.6700134277344,118700,0.0,0.0
2022-09-28 00:00:00-04:00,324.6000061035156,335.1499938964844,324.6000061035156,334.19000244140625,79400,0.0,0.0
2022-09-29 00:00:00-04:00,328.9200134277344,333.0,322.5,332.17999267578125,126100,0.0,0.0
2022-09-30 00:00:00-04:00,331.05999755859375,336.2699890136719,323.3800048828125,323.6499938964844,123600,0.0,0.0
2022-10-03 00:00:00-04:00,322.8299865722656,331.6600036621094,322.8299865722656,328.94000244140625,72000,0.0,0.0
2022-10-04 00:00:00-04:00,334.6099853515625,341.989990234375,334.6099853515625,338.8599853515625,89700,0.0,0.0
2022-10-05 00:00:00-04:00,336.9100036621094,342.8999938964844,329.67999267578125,337.2200012207031,141500,0.0,0.0
2022-10-06 00:00:00-04:00,334.010009765625,349.2200012207031,334.010009765625,346.92999267578125,160600,0.0,0.0
2022-10-07 00:00:00-04:00,344.67999267578125,346.1000061035156,339.1700134277344,342.45001220703125,162700,0.0,0.0
2022-10-10 00:00:00-04:00,342.2900085449219,351.3699951171875,339.7099914550781,348.25,121500,0.0,0.0
2022-10-11 00:00:00-04:00,345.20001220703125,364.0799865722656,344.1000061035156,356.9100036621094,184500,0.0,0.0
2022-10-12 00:00:00-04:00,359.989990234375,369.0400085449219,357.0,368.3699951171875,177300,0.0,0.0
2022-10-13 00:00:00-04:00,354.20001220703125,371.3800048828125,345.0,371.0199890136719,225300,0.0,0.0
2022-10-14 00:00:00-04:00,373.239990234375,373.8800048828125,340.6199951171875,350.67999267578125,256100,0.0,0.0
2022-10-17 00:00:00-04:00,354.9800109863281,364.8900146484375,348.7699890136719,354.7799987792969,143300,0.0,0.0
2022-10-18 00:00:00-04:00,360.989990234375,367.79998779296875,350.04998779296875,354.30999755859375,191000,0.0,0.0
2022-10-19 00:00:00-04:00,345.1099853515625,346.9100036621094,324.5799865722656,335.2799987792969,226600,0.0,0.0
2022-10-20 00:00:00-04:00,335.94000244140625,343.7099914550781,331.1499938964844,336.1600036621094,241700,0.0,0.0
2022-10-21 00:00:00-04:00,353.5,405.0,352.0,402.2799987792969,768300,0.0,0.0
2022-10-24 00:00:00-04:00,405.25,422.75,400.94000244140625,404.25,271000,0.0,0.0
2022-10-25 00:00:00-04:00,408.3900146484375,416.7200012207031,406.2799987792969,415.2099914550781,191100,0.0,0.0
2022-10-26 00:00:00-04:00,414.2699890136719,417.7200012207031,395.04998779296875,396.25,263300,0.0,0.0
2022-10-27 00:00:00-04:00,394.55999755859375,397.25,377.6199951171875,379.05999755859375,190600,0.0,0.0
2022-10-28 00:00:00-04:00,379.2099914550781,387.2699890136719,372.1400146484375,383.75,184100,0.0,0.0
2022-10-31 00:00:00-04:00,381.9700012207031,384.2099914550781,373.010009765625,373.2900085449219,179000,0.0,0.0
2022-11-01 00:00:00-04:00,377.5199890136719,377.5199890136719,363.6000061035156,370.2699890136719,157700,0.0,0.0
2022-11-02 00:00:00-04:00,369.6600036621094,381.07000732421875,368.2699890136719,368.8800048828125,173500,0.0,0.0
2022-11-03 00:00:00-04:00,362.739990234375,373.92999267578125,361.739990234375,371.6700134277344,145100,0.0,0.0
2022-11-04 00:00:00-04:00,379.6099853515625,383.82000732421875,368.82000732421875,375.510009765625,135700,0.0,0.0
2022-11-07 00:00:00-05:00,368.010009765625,373.2099914550781,361.0,367.0,189700,0.0,0.0
2022-11-08 00:00:00-05:00,366.5299987792969,369.0299987792969,352.0199890136719,353.6400146484375,296500,0.0,0.0
2022-11-09 00:00:00-05:00,350.9800109863281,357.9599914550781,343.989990234375,347.0400085449219,138400,0.0,0.0
2022-11-10 00:00:00-05:00,359.989990234375,371.42999267578125,357.510009765625,369.82000732421875,183900,0.0,0.0
2022-11-11 00:00:00-05:00,371.6099853515625,420.8399963378906,371.6099853515625,412.1499938964844,357300,0.0,0.0
2022-11-14 00:00:00-05:00,408.010009765625,408.2900085449219,378.29998779296875,378.6700134277344,242400,0.0,0.0
2022-11-15 00:00:00-05:00,384.1400146484375,391.8800048828125,382.010009765625,387.2699890136719,104000,0.0,0.0
2022-11-16 00:00:00-05:00,384.67999267578125,385.4200134277344,375.75,377.69000244140625,95100,0.0,0.0
2022-11-17 00:00:00-05:00,371.760009765625,380.55999755859375,366.8800048828125,377.0400085449219,106100,0.0,0.0
2022-11-18 00:00:00-05:00,385.1700134277344,385.1700134277344,367.1099853515625,376.6499938964844,103100,0.0,0.0
2022-11-21 00:00:00-05:00,376.6499938964844,379.2200012207031,371.6400146484375,374.05999755859375,74100,0.0,0.0
2022-11-22 00:00:00-05:00,376.67999267578125,377.1300048828125,364.54998779296875,372.3399963378906,104000,0.0,0.0
2022-11-23 00:00:00-05:00,370.510009765625,376.0,367.1600036621094,373.760009765625,71500,0.0,0.0
2022-11-25 00:00:00-05:00,374.0,377.1300048828125,368.70001220703125,377.07000732421875,73500,0.0,0.0
2022-11-28 00:00:00-05:00,377.07000732421875,382.5299987792969,375.0,375.5,85600,0.0,0.0
2022-11-29 00:00:00-05:00,376.0,376.0,365.95001220703125,373.3800048828125,73700,0.0,0.0
2022-11-30 00:00:00-05:00,375.7099914550781,385.6099853515625,368.6099853515625,384.3699951171875,96700,0.0,0.0
2022-12-01 00:00:00-05:00,386.42999267578125,391.5,381.7799987792969,384.4800109863281,74700,0.0,0.0
2022-12-02 00:00:00-05:00,384.80999755859375,392.04998779296875,381.30999755859375,388.7200012207031,62700,0.0,0.0
2022-12-05 00:00:00-05:00,385.989990234375,385.989990234375,377.8900146484375,379.70001220703125,67800,0.0,0.0
2022-12-06 00:00:00-05:00,369.67999267578125,369.80999755859375,352.0899963378906,359.9200134277344,165800,0.0,0.0
2022-12-07 00:00:00-05:00,357.9200134277344,367.760009765625,357.9200134277344,359.0199890136719,87200,0.0,0.0
2022-12-08 00:00:00-05:00,358.8999938964844,364.260009765625,352.67999267578125,359.32000732421875,88100,0.0,0.0
2022-12-09 00:00:00-05:00,355.6099853515625,362.6400146484375,352.6099853515625,360.6099853515625,92500,0.0,0.0
2022-12-12 00:00:00-05:00,360.6099853515625,362.5400085449219,354.2099914550781,358.94000244140625,76300,0.0,0.0
2022-12-13 00:00:00-05:00,369.0400085449219,372.3500061035156,361.79998779296875,363.489990234375,106700,0.0,0.0
2022-12-14 00:00:00-05:00,360.6700134277344,364.55999755859375,356.1000061035156,357.25,78800,0.0,0.0
2022-12-15 00:00:00-05:00,352.5,352.82000732421875,344.239990234375,345.3399963378906,99400,0.0,0.0
2022-12-16 00:00:00-05:00,344.0799865722656,347.6499938964844,338.29998779296875,344.0799865722656,132300,0.0,0.0
2022-12-19 00:00:00-05:00,344.9200134277344,345.17999267578125,338.7900085449219,339.45001220703125,70700,0.0,0.0
2022-12-20 00:00:00-05:00,337.2699890136719,344.04998779296875,333.3299865722656,333.6400146484375,79400,0.0,0.0
2022-12-21 00:00:00-05:00,335.9100036621094,339.3299865722656,335.0,336.4200134277344,112200,0.0,0.0
2022-12-22 00:00:00-05:00,334.3999938964844,335.3900146484375,331.3500061035156,334.3399963378906,71500,0.0,0.0
2022-12-23 00:00:00-05:00,333.55999755859375,336.30999755859375,330.07000732421875,336.0199890136719,76100,0.0,0.0
2022-12-27 00:00:00-05:00,335.8900146484375,337.95001220703125,332.8299865722656,333.3999938964844,78300,0.0,0.0
2022-12-28 00:00:00-05:00,332.2200012207031,333.6499938964844,325.55999755859375,328.260009765625,85500,0.0,0.0
2022-12-29 00:00:00-05:00,329.7099914550781,335.0,327.989990234375,334.9100036621094,91500,0.0,0.0
2022-12-30 00:00:00-05:00,329.3999938964844,333.8900146484375,323.5199890136719,329.5199890136719,132200,0.0,0.0
2023-01-03 00:00:00-05:00,330.0,333.1099853515625,321.9200134277344,322.6300048828125,134200,0.0,0.0
2023-01-04 00:00:00-05:00,312.1700134277344,332.5799865722656,310.1000061035156,327.7200012207031,140900,0.0,0.0
2023-01-05 00:00:00-05:00,320.92999267578125,325.260009765625,320.0,324.5199890136719,110000,0.0,0.0
2023-01-06 00:00:00-05:00,327.0799865722656,337.1199951171875,325.0199890136719,328.70001220703125,126800,0.0,0.0
2023-01-09 00:00:00-05:00,328.9700012207031,332.3399963378906,321.2799987792969,322.6199951171875,127400,0.0,0.0
2023-01-10 00:00:00-05:00,323.9100036621094,332.6000061035156,320.94000244140625,332.20001220703125,100600,0.0,0.0
2023-01-11 00:00:00-05:00,334.17999267578125,348.5,332.1700134277344,344.5799865722656,164900,0.0,0.0
2023-01-12 00:00:00-05:00,345.2300109863281,358.8900146484375,342.7099914550781,349.95001220703125,140000,0.0,0.0
2023-01-13 00:00:00-05:00,347.8500061035156,361.5799865722656,346.20001220703125,357.6600036621094,136100,0.0,0.0
2023-01-17 00:00:00-05:00,355.1499938964844,371.32000732421875,353.9599914550781,359.3500061035156,171700,0.0,0.0
2023-01-18 00:00:00-05:00,360.3699951171875,364.80999755859375,346.80999755859375,348.1400146484375,175800,0.0,0.0
2023-01-19 00:00:00-05:00,347.9700012207031,351.4200134277344,341.3599853515625,348.57000732421875,103900,0.0,0.0
2023-01-20 00:00:00-05:00,348.0199890136719,358.239990234375,345.6300048828125,354.8299865722656,117100,0.0,0.0
2023-01-23 00:00:00-05:00,352.70001220703125,373.54998779296875,352.70001220703125,364.760009765625,113300,0.0,0.0
2023-01-24 00:00:00-05:00,366.42999267578125,379.0,363.7300109863281,378.80999755859375,101000,0.0,0.0
2023-01-25 00:00:00-05:00,373.5899963378906,382.8800048828125,370.2200012207031,381.8999938964844,97800,0.0,0.0
2023-01-26 00:00:00-05:00,385.8599853515625,390.9200134277344,375.2200012207031,389.9200134277344,137200,0.0,0.0
2023-01-27 00:00:00-05:00,386.510009765625,393.80999755859375,384.57000732421875,392.2900085449219,98800,0.0,0.0
2023-01-30 00:00:00-05:00,388.79998779296875,394.0899963378906,377.0199890136719,377.4700012207031,121200,0.0,0.0
2023-01-31 00:00:00-05:00,377.4700012207031,388.7900085449219,374.2099914550781,388.6099853515625,107900,0.0,0.0
2023-02-01 00:00:00-05:00,391.2300109863281,406.2699890136719,390.3800048828125,401.7300109863281,159100,0.0,0.0
2023-02-02 00:00:00-05:00,404.8299865722656,420.5,400.2099914550781,417.0,235700,0.0,0.0
2023-02-03 00:00:00-05:00,410.1099853515625,414.2200012207031,400.510009765625,402.989990234375,146500,0.0,0.0
2023-02-06 00:00:00-05:00,399.260009765625,402.2300109863281,393.69000244140625,395.07000732421875,144800,0.0,0.0
2023-02-07 00:00:00-05:00,391.5400085449219,391.5400085449219,376.04998779296875,377.1199951171875,202000,0.0,0.0
2023-02-08 00:00:00-05:00,375.0899963378906,378.4700012207031,368.07000732421875,369.94000244140625,144700,0.0,0.0
2023-02-09 00:00:00-05:00,372.1099853515625,373.05999755859375,359.010009765625,364.6700134277344,172700,0.0,0.0
2023-02-10 00:00:00-05:00,363.94000244140625,363.94000244140625,355.4599914550781,359.9800109863281,126400,0.0,0.0
2023-02-13 00:00:00-05:00,361.8500061035156,376.1600036621094,358.1199951171875,375.0,250000,0.0,0.0
2023-02-14 00:00:00-05:00,373.2699890136719,388.9700012207031,371.0,385.6499938964844,235900,0.0,0.0
2023-02-15 00:00:00-05:00,387.489990234375,396.20001220703125,384.1700134277344,392.9100036621094,260700,0.0,0.0
2023-02-16 00:00:00-05:00,340.07000732421875,348.79998779296875,330.3299865722656,335.010009765625,791500,0.0,0.0
2023-02-17 00:00:00-05:00,330.95001220703125,340.1300048828125,324.17999267578125,329.0400085449219,373000,0.0,0.0
2023-02-21 00:00:00-05:00,331.80999755859375,334.7099914550781,322.5400085449219,324.7799987792969,262600,0.0,0.0
2023-02-22 00:00:00-05:00,324.79998779296875,335.30999755859375,324.79998779296875,334.0899963378906,181200,0.0,0.0
2023-02-23 00:00:00-05:00,334.20001220703125,338.0,329.6499938964844,336.0299987792969,155200,0.0,0.0
2023-02-24 00:00:00-05:00,330.4599914550781,334.5,325.45001220703125,332.0299987792969,114700,0.0,0.0
2023-02-27 00:00:00-05:00,333.7799987792969,334.4599914550781,324.8399963378906,328.20001220703125,95700,0.0,0.0
2023-02-28 00:00:00-05:00,328.4100036621094,332.6199951171875,323.32000732421875,323.79998779296875,93800,0.0,0.0
2023-03-01 00:00:00-05:00,321.3299865722656,322.8800048828125,317.0899963378906,318.5899963378906,151200,0.0,0.0
2023-03-02 00:00:00-05:00,316.1099853515625,319.8500061035156,313.8699951171875,317.2300109863281,74300,0.0,0.0
2023-03-03 00:00:00-05:00,317.5799865722656,322.0,315.3599853515625,319.1400146484375,100400,0.0,0.0
2023-03-06 00:00:00-05:00,317.44000244140625,320.489990234375,316.79998779296875,319.0199890136719,95400,0.0,0.0
2023-03-07 00:00:00-05:00,316.5799865722656,321.1000061035156,316.0,318.760009765625,96400,0.0,0.0
2023-03-08 00:00:00-05:00,317.1199951171875,328.989990234375,316.32000732421875,328.1400146484375,183700,0.0,0.0
2023-03-09 00:00:00-05:00,328.75,333.6199951171875,322.95001220703125,323.1000061035156,206600,0.0,0.0
2023-03-10 00:00:00-05:00,322.19000244140625,322.5799865722656,305.1199951171875,311.9700012207031,168300,0.0,0.0
2023-03-13 00:00:00-04:00,309.0299987792969,311.1600036621094,303.17999267578125,306.1300048828125,156300,0.0,0.0
2023-03-14 00:00:00-04:00,312.05999755859375,312.1099853515625,304.0299987792969,309.739990234375,137700,0.0,0.0
2023-03-15 00:00:00-04:00,306.0299987792969,319.0299987792969,306.0199890136719,315.4800109863281,132000,0.0,0.0
2023-03-16 00:00:00-04:00,312.989990234375,316.510009765625,310.7699890136719,315.1600036621094,91100,0.0,0.0
2023-03-17 00:00:00-04:00,314.3299865722656,314.3299865722656,307.7900085449219,310.2099914550781,168500,0.0,0.0
2023-03-20 00:00:00-04:00,309.6000061035156,318.7699890136719,309.4599914550781,313.95001220703125,108000,0.0,0.0
2023-03-21 00:00:00-04:00,316.05999755859375,320.9800109863281,314.5,319.5199890136719,111200,0.0,0.0
2023-03-22 00:00:00-04:00,321.0,329.3399963378906,317.989990234375,318.1300048828125,145100,0.0,0.0
2023-03-23 00:00:00-04:00,319.5,326.0299987792969,319.5,320.94000244140625,117300,0.0,0.0
2023-03-24 00:00:00-04:00,321.2799987792969,328.4100036621094,319.0,325.3900146484375,105000,0.0,0.0
2023-03-27 00:00:00-04:00,326.92999267578125,328.4100036621094,323.6499938964844,327.510009765625,118800,0.0,0.0
2023-03-28 00:00:00-04:00,327.2099914550781,327.79998779296875,324.05999755859375,324.07000732421875,86300,0.0,0.0
2023-03-29 00:00:00-04:00,326.1499938964844,328.8900146484375,324.8999938964844,326.19000244140625,93000,0.0,0.0
2023-03-30 00:00:00-04:00,327.0,329.1199951171875,324.4700012207031,327.0799865722656,120300,0.0,0.0
2023-03-31 00:00:00-04:00,329.6199951171875,331.6000061035156,326.32000732421875,328.70001220703125,92500,0.0,0.0
2023-04-03 00:00:00-04:00,327.1300048828125,331.7099914550781,325.82000732421875,328.2099914550781,111900,0.0,0.0
2023-04-04 00:00:00-04:00,329.7900085449219,330.05999755859375,321.0199890136719,321.79998779296875,110100,0.0,0.0
2023-04-05 00:00:00-04:00,321.3500061035156,321.5400085449219,318.07000732421875,320.19000244140625,105900,0.0,0.0
2023-04-06 00:00:00-04:00,319.9100036621094,323.239990234375,316.3800048828125,319.2699890136719,94800,0.0,0.0
2023-04-10 00:00:00-04:00,318.3900146484375,325.7300109863281,317.6499938964844,324.3999938964844,109200,0.0,0.0
2023-04-11 00:00:00-04:00,325.260009765625,326.4700012207031,322.9700012207031,325.19000244140625,129400,0.0,0.0
2023-04-12 00:00:00-04:00,326.6099853515625,326.6099853515625,315.17999267578125,317.6400146484375,164200,0.0,0.0
2023-04-13 00:00:00-04:00,319.42999267578125,321.9700012207031,314.2900085449219,319.739990234375,167000,0.0,0.0
2023-04-14 00:00:00-04:00,319.1099853515625,325.04998779296875,319.1099853515625,323.1300048828125,85100,0.0,0.0
2023-04-17 00:00:00-04:00,323.0299987792969,325.3999938964844,319.739990234375,325.2300109863281,76600,0.0,0.0
2023-04-18 00:00:00-04:00,325.7099914550781,325.7099914550781,316.489990234375,320.1400146484375,82800,0.0,0.0
2023-04-19 00:00:00-04:00,319.4100036621094,321.8699951171875,319.05999755859375,321.5299987792969,85800,0.0,0.0
2023-04-20 00:00:00-04:00,319.739990234375,321.6300048828125,318.6499938964844,320.1000061035156,64300,0.0,0.0
2023-04-21 00:00:00-04:00,321.760009765625,322.8500061035156,319.3699951171875,322.1600036621094,91800,0.0,0.0
2023-04-24 00:00:00-04:00,321.1400146484375,326.04998779296875,319.2699890136719,320.4200134277344,110500,0.0,0.0
2023-04-25 00:00:00-04:00,319.0,320.2900085449219,314.5199890136719,315.2900085449219,97900,0.0,0.0
2023-04-26 00:00:00-04:00,315.07000732421875,315.1600036621094,309.9800109863281,311.8900146484375,150000,0.0,0.0
2023-04-27 00:00:00-04:00,315.25,324.7099914550781,314.80999755859375,316.1600036621094,198400,0.0,0.0
2023-04-28 00:00:00-04:00,310.3699951171875,328.5,308.7300109863281,317.510009765625,294700,0.0,0.0
2023-05-01 00:00:00-04:00,317.1700134277344,323.7699890136719,315.1499938964844,316.44000244140625,131200,0.0,0.0
2023-05-02 00:00:00-04:00,314.6400146484375,315.7699890136719,309.57000732421875,311.30999755859375,109600,0.0,0.0
2023-05-03 00:00:00-04:00,312.19000244140625,313.30999755859375,304.489990234375,304.5899963378906,140300,0.0,0.0
2023-05-04 00:00:00-04:00,305.4700012207031,305.4700012207031,300.67999267578125,304.3399963378906,137400,0.0,0.0
2023-05-05 00:00:00-04:00,306.42999267578125,310.82000732421875,304.9599914550781,310.30999755859375,95800,0.0,0.0
2023-05-08 00:00:00-04:00,308.3999938964844,312.1000061035156,305.8800048828125,312.0899963378906,113200,0.0,0.0
2023-05-09 00:00:00-04:00,309.05999755859375,312.32000732421875,303.1700134277344,303.989990234375,97200,0.0,0.0
2023-05-10 00:00:00-04:00,306.0,311.45001220703125,304.6300048828125,307.2200012207031,98800,0.0,0.0
2023-05-11 00:00:00-04:00,307.0,307.82000732421875,303.3299865722656,306.67999267578125,75500,0.0,0.0
2023-05-12 00:00:00-04:00,306.3299865722656,309.25,306.0400085449219,308.1400146484375,78800,0.0,0.0
2023-05-15 00:00:00-04:00,308.17999267578125,313.3699951171875,306.69000244140625,313.2699890136719,82400,0.0,0.0
2023-05-16 00:00:00-04:00,312.32000732421875,325.19000244140625,310.760009765625,319.1600036621094,164500,0.0,0.0
2023-05-17 00:00:00-04:00,319.3800048828125,322.9100036621094,315.4599914550781,322.4100036621094,126600,0.0,0.0
2023-05-18 00:00:00-04:00,322.2099914550781,328.17999267578125,321.5,326.20001220703125,88800,0.0,0.0
2023-05-19 00:00:00-04:00,327.7200012207031,328.989990234375,322.79998779296875,325.57000732421875,105800,0.0,0.0
2023-05-22 00:00:00-04:00,326.3800048828125,335.9800109863281,326.3800048828125,330.75,162200,0.0,0.0
2023-05-23 00:00:00-04:00,331.32000732421875,334.6400146484375,329.95001220703125,330.67999267578125,65900,0.0,0.0
2023-05-24 00:00:00-04:00,329.6199951171875,329.6499938964844,323.0199890136719,327.29998779296875,83300,0.0,0.0
2023-05-25 00:00:00-04:00,327.0400085449219,327.0400085449219,316.8900146484375,317.2200012207031,86600,0.0,0.0
2023-05-26 00:00:00-04:00,316.79998779296875,320.0400085449219,316.57000732421875,317.8500061035156,76900,0.0,0.0
2023-05-30 00:00:00-04:00,329.95001220703125,343.45001220703125,327.04998779296875,334.92999267578125,299400,0.0,0.0
2023-05-31 00:00:00-04:00,336.6700134277344,342.3299865722656,333.7900085449219,337.5,152700,0.0,0.0
2023-06-01 00:00:00-04:00,338.0,338.0,331.3399963378906,334.5,105200,0.0,0.0
2023-06-02 00:00:00-04:00,335.3599853515625,342.82000732421875,335.3599853515625,342.6600036621094,104000,0.0,0.0
2023-06-05 00:00:00-04:00,341.3500061035156,342.69000244140625,338.55999755859375,340.1099853515625,151300,0.0,0.0
2023-06-06 00:00:00-04:00,340.20001220703125,344.0299987792969,334.70001220703125,334.7300109863281,91100,0.0,0.0
2023-06-07 00:00:00-04:00,335.8699951171875,335.8699951171875,331.8399963378906,332.3800048828125,81800,0.0,0.0
2023-06-08 00:00:00-04:00,332.30999755859375,335.2300109863281,330.20001220703125,333.2200012207031,76200,0.0,0.0
2023-06-09 00:00:00-04:00,333.70001220703125,335.2900085449219,328.4599914550781,328.489990234375,71000,0.0,0.0
2023-06-12 00:00:00-04:00,331.2900085449219,333.0899963378906,326.44000244140625,330.1199951171875,122100,0.0,0.0
2023-06-13 00:00:00-04:00,329.9700012207031,336.2799987792969,328.739990234375,334.6099853515625,117600,0.0,0.0
2023-06-14 00:00:00-04:00,334.80999755859375,337.3299865722656,332.3699951171875,335.2099914550781,65900,0.0,0.0
2023-06-15 00:00:00-04:00,335.8999938964844,337.010009765625,331.82000732421875,336.17999267578125,77800,0.0,0.0
2023-06-16 00:00:00-04:00,338.260009765625,338.92999267578125,331.3699951171875,332.8399963378906,112800,0.0,0.0
2023-06-20 00:00:00-04:00,332.20001220703125,332.25,325.239990234375,325.5199890136719,93500,0.0,0.0
2023-06-21 00:00:00-04:00,325.1499938964844,325.5400085449219,319.2699890136719,324.2200012207031,103000,0.0,0.0
2023-06-22 00:00:00-04:00,324.6199951171875,324.6199951171875,320.04998779296875,321.54998779296875,67100,0.0,0.0
2023-06-23 00:00:00-04:00,318.79998779296875,319.239990234375,312.25,312.70001220703125,191700,0.0,0.0
2023-06-26 00:00:00-04:00,313.05999755859375,321.8800048828125,313.05999755859375,319.2200012207031,158000,0.0,0.0
2023-06-27 00:00:00-04:00,318.2300109863281,319.8800048828125,314.45001220703125,315.7099914550781,96300,0.0,0.0
2023-06-28 00:00:00-04:00,314.0,314.54998779296875,308.25,308.5,126700,0.0,0.0
2023-06-29 00:00:00-04:00,308.0,311.510009765625,307.2099914550781,309.6600036621094,122400,0.0,0.0
2023-06-30 00:00:00-04:00,310.29998779296875,311.0899963378906,306.80999755859375,308.44000244140625,155600,0.0,0.0
2023-07-03 00:00:00-04:00,307.54998779296875,314.07000732421875,307.54998779296875,309.5400085449219,61400,0.0,0.0
2023-07-05 00:00:00-04:00,307.0,309.6400146484375,305.2200012207031,309.04998779296875,147600,0.0,0.0
2023-07-06 00:00:00-04:00,306.6600036621094,308.55999755859375,302.5,305.75,111000,0.0,0.0
2023-07-07 00:00:00-04:00,304.9200134277344,313.989990234375,304.8800048828125,312.2900085449219,142500,0.0,0.0
2023-07-10 00:00:00-04:00,311.9800109863281,315.2200012207031,308.9700012207031,309.6300048828125,85100,0.0,0.0
2023-07-11 00:00:00-04:00,309.45001220703125,311.55999755859375,302.8500061035156,303.1400146484375,204300,0.0,0.0
2023-07-12 00:00:00-04:00,305.8699951171875,306.9599914550781,300.7200012207031,301.95001220703125,202900,0.0,0.0
2023-07-13 00:00:00-04:00,302.0,304.9800109863281,299.2200012207031,299.760009765625,129400,0.0,0.0
2023-07-14 00:00:00-04:00,299.75,304.489990234375,299.17999267578125,302.19000244140625,125700,0.0,0.0
2023-07-17 00:00:00-04:00,300.6700134277344,306.3800048828125,300.1000061035156,301.1199951171875,207900,0.0,0.0
2023-07-18 00:00:00-04:00,301.6700134277344,304.0,299.17999267578125,300.79998779296875,119900,0.0,0.0
2023-07-19 00:00:00-04:00,301.07000732421875,305.69000244140625,296.2699890136719,304.2900085449219,184700,0.0,0.0
2023-07-20 00:00:00-04:00,304.20001220703125,304.20001220703125,299.5,301.2900085449219,102400,0.0,0.0
2023-07-21 00:00:00-04:00,302.2900085449219,304.9100036621094,301.20001220703125,303.1700134277344,102800,0.0,0.0
2023-07-24 00:00:00-04:00,302.5,308.5,302.20001220703125,306.3999938964844,133600,0.0,0.0
2023-07-25 00:00:00-04:00,306.5,313.489990234375,303.6199951171875,311.7699890136719,158800,0.0,0.0
2023-07-26 00:00:00-04:00,312.510009765625,316.6099853515625,312.4599914550781,314.19000244140625,180900,0.0,0.0
2023-07-27 00:00:00-04:00,316.9599914550781,321.7300109863281,313.44000244140625,313.5199890136719,284000,0.0,0.0
2023-07-28 00:00:00-04:00,349.1099853515625,377.989990234375,349.04998779296875,366.1000061035156,734100,0.0,0.0
2023-07-31 00:00:00-04:00,366.1000061035156,375.4700012207031,366.1000061035156,371.44000244140625,269300,0.0,0.0
2023-08-01 00:00:00-04:00,372.3999938964844,374.510009765625,365.989990234375,367.2099914550781,166600,0.0,0.0
2023-08-02 00:00:00-04:00,365.6700134277344,366.760009765625,358.0199890136719,359.1700134277344,148200,0.0,0.0
2023-08-03 00:00:00-04:00,358.1099853515625,361.55999755859375,352.9200134277344,358.260009765625,142300,0.0,0.0
2023-08-04 00:00:00-04:00,357.1000061035156,359.79998779296875,352.3800048828125,353.17999267578125,111000,0.0,0.0
2023-08-07 00:00:00-04:00,353.44000244140625,362.0,349.5299987792969,359.7099914550781,128200,0.0,0.0
2023-08-08 00:00:00-04:00,358.0400085449219,369.239990234375,353.989990234375,367.6700134277344,137400,0.0,0.0
2023-08-09 00:00:00-04:00,368.6000061035156,369.9100036621094,362.7799987792969,364.2699890136719,103200,0.0,0.0
2023-08-10 00:00:00-04:00,365.2099914550781,365.75,359.2900085449219,360.6499938964844,101000,0.0,0.0
2023-08-11 00:00:00-04:00,358.6400146484375,359.1700134277344,353.239990234375,358.75,113500,0.0,0.0
2023-08-14 00:00:00-04:00,357.6400146484375,362.8599853515625,356.3999938964844,361.3599853515625,74900,0.0,0.0
2023-08-15 00:00:00-04:00,358.260009765625,366.2699890136719,353.3299865722656,362.3699951171875,94700,0.0,0.0
2023-08-16 00:00:00-04:00,366.0400085449219,370.19000244140625,365.5,367.69000244140625,93400,0.0,0.0
2023-08-17 00:00:00-04:00,367.989990234375,374.2200012207031,367.6499938964844,371.1700134277344,127600,0.0,0.0
2023-08-18 00:00:00-04:00,368.0299987792969,369.010009765625,362.1199951171875,362.739990234375,86900,0.0,0.0
2023-08-21 00:00:00-04:00,362.6000061035156,369.6199951171875,360.8800048828125,367.7099914550781,92700,0.0,0.0
2023-08-22 00:00:00-04:00,365.1499938964844,367.70001220703125,357.1499938964844,360.17999267578125,84500,0.0,0.0
2023-08-23 00:00:00-04:00,361.489990234375,365.9599914550781,357.6099853515625,363.57000732421875,72100,0.0,0.0
2023-08-24 00:00:00-04:00,362.989990234375,364.07000732421875,357.1099853515625,358.3699951171875,45300,0.0,0.0
2023-08-25 00:00:00-04:00,358.8800048828125,359.5299987792969,351.8599853515625,355.4200134277344,78700,0.0,0.0
2023-08-28 00:00:00-04:00,356.5299987792969,358.8599853515625,356.510009765625,357.5299987792969,45500,0.0,0.0
2023-08-29 00:00:00-04:00,356.7900085449219,361.29998779296875,355.44000244140625,361.2900085449219,56500,0.0,0.0
2023-08-30 00:00:00-04:00,360.489990234375,364.8999938964844,359.9800109863281,364.82000732421875,57300,0.0,0.0
2023-08-31 00:00:00-04:00,363.9100036621094,368.7099914550781,362.5299987792969,365.42999267578125,61300,0.0,0.0
2023-09-01 00:00:00-04:00,366.94000244140625,368.67999267578125,365.6700134277344,367.5,61300,0.0,0.0
2023-09-05 00:00:00-04:00,363.0199890136719,365.2799987792969,360.8399963378906,362.0299987792969,86100,0.0,0.0
2023-09-06 00:00:00-04:00,362.82000732421875,364.2200012207031,358.1099853515625,363.44000244140625,63000,0.0,0.0
2023-09-07 00:00:00-04:00,361.1199951171875,369.2900085449219,359.3900146484375,369.0199890136719,85700,0.0,0.0
2023-09-08 00:00:00-04:00,370.0,380.9700012207031,368.7200012207031,374.9200134277344,160700,0.0,0.0
2023-09-11 00:00:00-04:00,376.3299865722656,385.8399963378906,376.3299865722656,380.44000244140625,130000,0.0,0.0
2023-09-12 00:00:00-04:00,378.989990234375,381.989990234375,375.510009765625,380.4200134277344,94600,0.0,0.0
2023-09-13 00:00:00-04:00,378.4200134277344,378.4200134277344,374.1499938964844,376.2300109863281,81300,0.0,0.0
2023-09-14 00:00:00-04:00,374.7799987792969,376.7200012207031,369.95001220703125,376.1000061035156,98300,0.0,0.0
2023-09-15 00:00:00-04:00,374.9100036621094,377.1700134277344,371.5,371.55999755859375,104500,0.0,0.0
2023-09-18 00:00:00-04:00,370.7900085449219,371.4100036621094,365.25,370.8699951171875,73300,0.0,0.0
2023-09-19 00:00:00-04:00,370.32000732421875,379.3299865722656,366.8599853515625,374.3800048828125,95500,0.0,0.0
2023-09-20 00:00:00-04:00,375.0,377.0,370.8500061035156,371.30999755859375,57000,0.0,0.0
2023-09-21 00:00:00-04:00,369.69000244140625,373.1300048828125,366.3999938964844,371.92999267578125,59300,0.0,0.0
2023-09-22 00:00:00-04:00,372.6700134277344,379.30999755859375,371.510009765625,378.30999755859375,102500,0.0,0.0
2023-09-25 00:00:00-04:00,377.4599914550781,383.69000244140625,376.45001220703125,380.42999267578125,117500,0.0,0.0
2023-09-26 00:00:00-04:00,379.2300109863281,379.7300109863281,375.2200012207031,378.25,80300,0.0,0.0
2023-09-27 00:00:00-04:00,381.5899963378906,383.1499938964844,378.6400146484375,380.0,84900,0.0,0.0
2023-09-28 00:00:00-04:00,380.69000244140625,384.42999267578125,380.69000244140625,382.29998779296875,103000,0.0,0.0
2023-09-29 00:00:00-04:00,385.0,392.94000244140625,382.9599914550781,389.5299987792969,130000,0.0,0.0
2023-10-02 00:00:00-04:00,389.2900085449219,395.5199890136719,387.989990234375,393.7099914550781,104300,0.0,0.0
2023-10-03 00:00:00-04:00,393.6499938964844,393.6499938964844,379.3999938964844,380.6099853515625,134200,0.0,0.0
2023-10-04 00:00:00-04:00,379.5299987792969,383.0,374.4100036621094,379.5400085449219,168500,0.0,0.0
2023-10-05 00:00:00-04:00,378.07000732421875,378.07000732421875,358.67999267578125,359.82000732421875,132400,0.0,0.0
2023-10-06 00:00:00-04:00,357.6400146484375,361.1099853515625,347.010009765625,360.6499938964844,119900,0.0,0.0
2023-10-09 00:00:00-04:00,356.80999755859375,359.25,352.510009765625,357.7300109863281,90600,0.0,0.0
2023-10-10 00:00:00-04:00,360.260009765625,366.1300048828125,359.25,360.3599853515625,103400,0.0,0.0
2023-10-11 00:00:00-04:00,362.9200134277344,363.70001220703125,355.94000244140625,358.0400085449219,80500,0.0,0.0
2023-10-12 00:00:00-04:00,360.3399963378906,360.3399963378906,337.9800109863281,339.8900146484375,145500,0.0,0.0
2023-10-13 00:00:00-04:00,340.6300048828125,350.1400146484375,337.5199890136719,349.239990234375,117900,0.0,0.0
2023-10-16 00:00:00-04:00,352.0,355.5799865722656,350.260009765625,350.8299865722656,117000,0.0,0.0
2023-10-17 00:00:00-04:00,349.79998779296875,369.8599853515625,349.79998779296875,366.989990234375,143700,0.0,0.0
2023-10-18 00:00:00-04:00,363.510009765625,373.8900146484375,363.2900085449219,370.2900085449219,111100,0.0,0.0
2023-10-19 00:00:00-04:00,370.82000732421875,377.8999938964844,370.2799987792969,371.4599914550781,102100,0.0,0.0
2023-10-20 00:00:00-04:00,373.010009765625,373.989990234375,367.57000732421875,369.4800109863281,80200,0.0,0.0
2023-10-23 00:00:00-04:00,369.79998779296875,376.7799987792969,367.0899963378906,374.8800048828125,120700,0.0,0.0
2023-10-24 00:00:00-04:00,376.7699890136719,377.1300048828125,373.05999755859375,375.8399963378906,108000,0.0,0.0
2023-10-25 00:00:00-04:00,376.5199890136719,378.0799865722656,371.8399963378906,372.3800048828125,68100,0.0,0.0
2023-10-26 00:00:00-04:00,372.4700012207031,372.6099853515625,361.0199890136719,364.8800048828125,172600,0.0,0.0
2023-10-27 00:00:00-04:00,348.5,348.5,313.1700134277344,319.6400146484375,376300,0.0,0.0
2023-10-30 00:00:00-04:00,325.8599853515625,339.32000732421875,325.69000244140625,333.5,208700,0.0,0.0
2023-10-31 00:00:00-04:00,337.07000732421875,340.9599914550781,333.0199890136719,333.95001220703125,147200,0.0,0.0
2023-11-01 00:00:00-04:00,332.3599853515625,332.42999267578125,325.3800048828125,330.7799987792969,146100,0.0,0.0
2023-11-02 00:00:00-04:00,335.57000732421875,336.25,329.8399963378906,333.1700134277344,120600,0.0,0.0
2023-11-03 00:00:00-04:00,336.7900085449219,345.0400085449219,336.7900085449219,338.1300048828125,110800,0.0,0.0
2023-11-06 00:00:00-05:00,337.8699951171875,342.1499938964844,337.8699951171875,339.260009765625,92600,0.0,0.0
2023-11-07 00:00:00-05:00,338.8999938964844,345.54998779296875,338.8999938964844,344.3800048828125,87000,0.0,0.0
2023-11-08 00:00:00-05:00,343.0299987792969,343.2900085449219,338.04998779296875,340.1199951171875,82700,0.0,0.0
2023-11-09 00:00:00-05:00,340.6600036621094,342.95001220703125,336.17999267578125,336.2799987792969,69100,0.0,0.0
2023-11-10 00:00:00-05:00,334.8699951171875,339.25,333.260009765625,336.70001220703125,77100,0.0,0.0
2023-11-13 00:00:00-05:00,333.9599914550781,338.4200134277344,333.30999755859375,336.7200012207031,112700,0.0,0.0
2023-11-14 00:00:00-05:00,341.94000244140625,347.989990234375,341.4599914550781,343.0899963378906,129100,0.0,0.0
2023-11-15 00:00:00-05:00,343.80999755859375,349.1600036621094,343.80999755859375,345.20001220703125,81800,0.0,0.0
2023-11-16 00:00:00-05:00,345.25,346.010009765625,338.25,339.010009765625,66000,0.0,0.0
2023-11-17 00:00:00-05:00,342.25,342.25,336.8299865722656,340.8699951171875,85300,0.0,0.0
2023-11-20 00:00:00-05:00,341.07000732421875,344.82000732421875,341.07000732421875,343.92999267578125,66000,0.0,0.0
2023-11-21 00:00:00-05:00,342.6499938964844,342.6499938964844,337.54998779296875,337.6099853515625,110600,0.0,0.0
2023-11-22 00:00:00-05:00,340.489990234375,342.3500061035156,337.7900085449219,341.29998779296875,79400,0.0,0.0
2023-11-24 00:00:00-05:00,340.45001220703125,343.45001220703125,340.4100036621094,341.32000732421875,35100,0.0,0.0
2023-11-27 00:00:00-05:00,337.7799987792969,339.9800109863281,335.32000732421875,335.8800048828125,88700,0.0,0.0
2023-11-28 00:00:00-05:00,335.9800109863281,347.7200012207031,335.9800109863281,344.3800048828125,133100,0.0,0.0
2023-11-29 00:00:00-05:00,345.2699890136719,350.6000061035156,342.6199951171875,343.0299987792969,102300,0.0,0.0
2023-11-30 00:00:00-05:00,346.57000732421875,356.1099853515625,344.70001220703125,354.760009765625,148300,0.0,0.0
2023-12-01 00:00:00-05:00,354.8999938964844,356.5799865722656,352.0299987792969,356.0899963378906,98700,0.0,0.0
2023-12-04 00:00:00-05:00,355.9599914550781,363.4800109863281,355.9599914550781,359.57000732421875,98400,0.0,0.0
2023-12-05 00:00:00-05:00,358.6199951171875,359.82000732421875,355.07000732421875,356.92999267578125,78100,0.0,0.0
2023-12-06 00:00:00-05:00,358.6499938964844,359.0,352.989990234375,353.3800048828125,61200,0.0,0.0
2023-12-07 00:00:00-05:00,353.010009765625,354.5199890136719,347.8999938964844,349.42999267578125,64100,0.0,0.0
2023-12-08 00:00:00-05:00,348.5199890136719,351.6300048828125,345.6199951171875,346.0299987792969,58200,0.0,0.0
2023-12-11 00:00:00-05:00,345.6300048828125,348.3699951171875,345.0199890136719,346.8299865722656,80200,0.0,0.0
2023-12-12 00:00:00-05:00,346.4100036621094,348.7900085449219,344.29998779296875,344.82000732421875,109900,0.0,0.0
2023-12-13 00:00:00-05:00,343.2699890136719,353.75,341.5,352.3500061035156,97100,0.0,0.0
2023-12-14 00:00:00-05:00,351.20001220703125,361.989990234375,351.20001220703125,355.25,115300,0.0,0.0
2023-12-15 00:00:00-05:00,355.1199951171875,355.1199951171875,343.1499938964844,345.7300109863281,152900,0.0,0.0
2023-12-18 00:00:00-05:00,346.0299987792969,352.1000061035156,346.0299987792969,349.5899963378906,110900,0.0,0.0
2023-12-19 00:00:00-05:00,350.25,356.3800048828125,350.25,354.32000732421875,94600,0.0,0.0
2023-12-20 00:00:00-05:00,351.489990234375,354.05999755859375,343.80999755859375,345.19000244140625,123000,0.0,0.0
2023-12-21 00:00:00-05:00,348.6000061035156,348.9200134277344,343.8299865722656,345.54998779296875,53100,0.0,0.0
2023-12-22 00:00:00-05:00,345.17999267578125,350.57000732421875,345.17999267578125,350.07000732421875,87600,0.0,0.0
2023-12-26 00:00:00-05:00,348.07000732421875,353.45001220703125,347.0400085449219,350.5400085449219,46600,0.0,0.0
2023-12-27 00:00:00-05:00,350.3399963378906,351.0400085449219,348.0,348.739990234375,75800,0.0,0.0
2023-12-28 00:00:00-05:00,348.5,350.25,345.79998779296875,349.29998779296875,93800,0.0,0.0
2023-12-29 00:00:00-05:00,346.9700012207031,347.8299865722656,345.1199951171875,345.5899963378906,74300,0.0,0.0
2024-01-02 00:00:00-05:00,344.8299865722656,345.54998779296875,337.6400146484375,339.4100036621094,137600,0.0,0.0
2024-01-03 00:00:00-05:00,336.9700012207031,338.1099853515625,330.0400085449219,331.04998779296875,176700,0.0,0.0
2024-01-04 00:00:00-05:00,329.79998779296875,330.67999267578125,326.70001220703125,329.45001220703125,159100,0.0,0.0
2024-01-05 00:00:00-05:00,330.7900085449219,332.67999267578125,325.3299865722656,327.25,281400,0.0,0.0
2024-01-08 00:00:00-05:00,328.6300048828125,337.9200134277344,325.6099853515625,337.4100036621094,162500,0.0,0.0
2024-01-09 00:00:00-05:00,334.19000244140625,339.2699890136719,333.92999267578125,337.42999267578125,150400,0.0,0.0
2024-01-10 00:00:00-05:00,338.1300048828125,350.44000244140625,338.1300048828125,350.1199951171875,139700,0.0,0.0
2024-01-11 00:00:00-05:00,349.17999267578125,352.7900085449219,346.70001220703125,347.69000244140625,118100,0.0,0.0
2024-01-12 00:00:00-05:00,349.2099914550781,354.69000244140625,349.2099914550781,351.9100036621094,107600,0.0,0.0
2024-01-16 00:00:00-05:00,355.44000244140625,359.1000061035156,353.29998779296875,358.8299865722656,146000,0.0,0.0
2024-01-17 00:00:00-05:00,356.54998779296875,358.6300048828125,351.239990234375,358.4100036621094,138300,0.0,0.0
2024-01-18 00:00:00-05:00,356.6400146484375,361.3299865722656,356.1000061035156,360.1199951171875,90800,0.0,0.0
2024-01-19 00:00:00-05:00,360.3999938964844,360.3999938964844,355.0899963378906,357.5899963378906,77800,0.0,0.0
2024-01-22 00:00:00-05:00,356.20001220703125,362.2300109863281,356.20001220703125,358.6099853515625,79500,0.0,0.0
2024-01-23 00:00:00-05:00,361.3399963378906,366.7900085449219,360.20001220703125,365.9100036621094,86800,0.0,0.0
2024-01-24 00:00:00-05:00,367.0,368.79998779296875,356.2200012207031,357.2900085449219,87700,0.0,0.0
2024-01-25 00:00:00-05:00,359.5799865722656,360.32000732421875,356.3800048828125,356.6099853515625,101500,0.0,0.0
2024-01-26 00:00:00-05:00,360.0,361.6000061035156,356.7200012207031,359.3999938964844,76200,0.0,0.0
2024-01-29 00:00:00-05:00,362.2799987792969,363.1499938964844,358.7200012207031,361.9700012207031,86800,0.0,0.0
2024-01-30 00:00:00-05:00,361.9700012207031,362.2699890136719,357.5199890136719,357.6199951171875,113300,0.0,0.0
2024-01-31 00:00:00-05:00,357.2799987792969,358.57000732421875,347.8500061035156,349.2699890136719,109000,0.0,0.0
2024-02-01 00:00:00-05:00,350.7200012207031,357.79998779296875,349.8999938964844,356.739990234375,103600,0.0,0.0
2024-02-02 00:00:00-05:00,356.79998779296875,359.1600036621094,354.5199890136719,357.07000732421875,72700,0.0,0.0
2024-02-05 00:00:00-05:00,355.0799865722656,357.489990234375,350.2799987792969,356.489990234375,84900,0.0,0.0
2024-02-06 00:00:00-05:00,357.94000244140625,358.1400146484375,353.0299987792969,353.04998779296875,115300,0.0,0.0
2024-02-07 00:00:00-05:00,354.4200134277344,355.5299987792969,351.42999267578125,352.5400085449219,69400,0.0,0.0
2024-02-08 00:00:00-05:00,352.45001220703125,356.07000732421875,351.1099853515625,351.80999755859375,84500,0.0,0.0
2024-02-09 00:00:00-05:00,351.1400146484375,353.6000061035156,349.5899963378906,350.2699890136719,78000,0.0,0.0
2024-02-12 00:00:00-05:00,351.30999755859375,361.5400085449219,350.9700012207031,356.3999938964844,105800,0.0,0.0
2024-02-13 00:00:00-05:00,348.3599853515625,356.1499938964844,346.44000244140625,356.0,115300,0.0,0.0
2024-02-14 00:00:00-05:00,357.5199890136719,358.760009765625,350.69000244140625,355.29998779296875,84900,0.0,0.0
2024-02-15 00:00:00-05:00,355.75,358.9700012207031,354.92999267578125,356.1000061035156,68300,0.0,0.0
2024-02-16 00:00:00-05:00,353.9800109863281,355.9200134277344,351.6099853515625,351.9200134277344,79100,0.0,0.0
2024-02-20 00:00:00-05:00,351.2799987792969,355.8900146484375,346.07000732421875,347.3800048828125,111300,0.0,0.0
2024-02-21 00:00:00-05:00,346.5799865722656,348.7300109863281,343.3399963378906,347.8299865722656,112700,0.0,0.0
2024-02-22 00:00:00-05:00,349.30999755859375,353.0299987792969,346.0899963378906,350.4599914550781,95200,0.0,0.0
2024-02-23 00:00:00-05:00,348.010009765625,356.3999938964844,348.010009765625,354.42999267578125,110000,0.0,0.0
2024-02-26 00:00:00-05:00,352.6700134277344,364.2099914550781,352.6700134277344,359.5299987792969,151900,0.0,0.0
2024-02-27 00:00:00-05:00,358.2699890136719,371.6499938964844,357.8299865722656,370.05999755859375,219000,0.0,0.0
2024-02-28 00:00:00-05:00,326.3599853515625,327.07000732421875,300.1600036621094,311.739990234375,896600,0.0,0.0
2024-02-29 00:00:00-05:00,313.989990234375,319.2300109863281,305.05999755859375,308.1400146484375,329300,0.0,0.0
2024-03-01 00:00:00-05:00,308.45001220703125,308.7699890136719,303.4800109863281,304.4800109863281,172100,0.0,0.0
2024-03-04 00:00:00-05:00,303.510009765625,307.45001220703125,299.6199951171875,299.6400146484375,163600,0.0,0.0
2024-03-05 00:00:00-05:00,300.8999938964844,302.30999755859375,296.260009765625,297.04998779296875,152600,0.0,0.0
2024-03-06 00:00:00-05:00,297.4200134277344,301.69000244140625,294.70001220703125,295.5299987792969,127900,0.0,0.0
2024-03-07 00:00:00-05:00,296.5,300.239990234375,294.8500061035156,298.6700134277344,141100,0.0,0.0
2024-03-08 00:00:00-05:00,299.69000244140625,301.489990234375,297.3800048828125,298.80999755859375,108900,0.0,0.0
2024-03-11 00:00:00-04:00,300.1600036621094,304.9200134277344,298.1000061035156,301.67999267578125,132100,0.0,0.0
2024-03-12 00:00:00-04:00,301.0,302.0,296.6700134277344,297.6199951171875,119700,0.0,0.0
2024-03-13 00:00:00-04:00,298.3299865722656,300.2799987792969,297.5,298.3500061035156,151700,0.0,0.0
2024-03-14 00:00:00-04:00,297.1400146484375,297.9100036621094,293.3599853515625,294.2699890136719,143800,0.0,0.0
2024-03-15 00:00:00-04:00,292.8299865722656,296.0199890136719,292.8299865722656,295.1000061035156,171800,0.0,0.0
2024-03-18 00:00:00-04:00,294.0899963378906,295.8699951171875,289.70001220703125,290.0799865722656,181800,0.0,0.0
2024-03-19 00:00:00-04:00,290.010009765625,292.6300048828125,287.3299865722656,289.92999267578125,207500,0.0,0.0
2024-03-20 00:00:00-04:00,290.9200134277344,295.510009765625,288.0,295.3800048828125,144100,0.0,0.0
2024-03-21 00:00:00-04:00,296.1000061035156,296.67999267578125,292.8599853515625,293.9200134277344,115900,0.0,0.0
2024-03-22 00:00:00-04:00,297.510009765625,308.2699890136719,295.25,307.1199951171875,202600,0.0,0.0
2024-03-25 00:00:00-04:00,306.5,311.67999267578125,304.1099853515625,310.1300048828125,167100,0.0,0.0
2024-03-26 00:00:00-04:00,311.6099853515625,312.8500061035156,307.5400085449219,308.4200134277344,129300,0.0,0.0
2024-03-27 00:00:00-04:00,310.9700012207031,311.6400146484375,307.4700012207031,307.9700012207031,97400,0.0,0.0
2024-03-28 00:00:00-04:00,308.79998779296875,309.8399963378906,303.44000244140625,304.4200134277344,129600,0.0,0.0
2024-04-01 00:00:00-04:00,303.489990234375,304.3699951171875,297.7799987792969,300.70001220703125,191600,0.0,0.0
2024-04-02 00:00:00-04:00,299.4100036621094,301.9700012207031,297.739990234375,300.0,125900,0.0,0.0
2024-04-03 00:00:00-04:00,297.6600036621094,298.3999938964844,293.489990234375,296.5199890136719,105400,0.0,0.0
2024-04-04 00:00:00-04:00,297.6099853515625,299.5799865722656,295.0,295.989990234375,89200,0.0,0.0
2024-04-05 00:00:00-04:00,294.94000244140625,295.8299865722656,291.70001220703125,294.75,93800,0.0,0.0
2024-04-08 00:00:00-04:00,295.5799865722656,300.7099914550781,295.0,297.0,88800,0.0,0.0
2024-04-09 00:00:00-04:00,293.7300109863281,295.010009765625,290.760009765625,291.30999755859375,161000,0.0,0.0
2024-04-10 00:00:00-04:00,289.5,292.0400085449219,289.0199890136719,290.55999755859375,146700,0.0,0.0
2024-04-11 00:00:00-04:00,292.55999755859375,294.3900146484375,290.0,291.3900146484375,125200,0.0,0.0
2024-04-12 00:00:00-04:00,289.0,290.9599914550781,284.70001220703125,285.6499938964844,118200,0.0,0.0
2024-04-15 00:00:00-04:00,283.3399963378906,286.5799865722656,280.7699890136719,280.82000732421875,147100,0.0,0.0
2024-04-16 00:00:00-04:00,279.5799865722656,279.989990234375,274.7799987792969,274.9200134277344,136700,0.0,0.0
2024-04-17 00:00:00-04:00,276.5400085449219,283.0199890136719,276.260009765625,280.1000061035156,162800,0.0,0.0
2024-04-18 00:00:00-04:00,279.8800048828125,285.4800109863281,279.5799865722656,284.8699951171875,119000,0.0,0.0
2024-04-19 00:00:00-04:00,284.1099853515625,290.0,284.1099853515625,286.9800109863281,136300,0.0,0.0
2024-04-22 00:00:00-04:00,288.25,290.4599914550781,286.8699951171875,289.17999267578125,149000,0.0,0.0
2024-04-23 00:00:00-04:00,288.3800048828125,290.0,283.3999938964844,286.1000061035156,136800,0.0,0.0
2024-04-24 00:00:00-04:00,285.0299987792969,293.8500061035156,284.9700012207031,293.29998779296875,172700,0.0,0.0
2024-04-25 00:00:00-04:00,291.2900085449219,294.1000061035156,286.44000244140625,287.2699890136719,213500,0.0,0.0
2024-04-26 00:00:00-04:00,315.0,318.0,281.5199890136719,283.20001220703125,403700,0.0,0.0
2024-04-29 00:00:00-04:00,285.0,288.19000244140625,282.0199890136719,285.6300048828125,334400,0.0,0.0
2024-04-30 00:00:00-04:00,283.8599853515625,283.8599853515625,277.3599853515625,278.4100036621094,247700,0.0,0.0
2024-05-01 00:00:00-04:00,277.989990234375,280.6199951171875,276.0,276.57000732421875,286100,0.0,0.0
2024-05-02 00:00:00-04:00,277.5799865722656,281.6099853515625,277.5799865722656,278.9800109863281,132900,0.0,0.0
2024-05-03 00:00:00-04:00,280.4800109863281,281.1400146484375,276.6400146484375,277.2799987792969,165100,0.0,0.0
2024-05-06 00:00:00-04:00,279.07000732421875,279.9700012207031,267.0799865722656,268.20001220703125,232700,0.0,0.0
2024-05-07 00:00:00-04:00,269.25,273.3399963378906,264.6300048828125,273.2900085449219,250900,0.0,0.0
2024-05-08 00:00:00-04:00,277.0,281.82000732421875,275.04998779296875,281.6400146484375,251700,0.0,0.0
2024-05-09 00:00:00-04:00,283.05999755859375,287.44000244140625,282.3399963378906,284.5299987792969,174600,0.0,0.0
2024-05-10 00:00:00-04:00,284.3800048828125,298.510009765625,283.6400146484375,291.1600036621094,492000,0.0,0.0
2024-05-13 00:00:00-04:00,290.92999267578125,291.8699951171875,282.6099853515625,283.82000732421875,207700,0.0,0.0
2024-05-14 00:00:00-04:00,295.0,302.6099853515625,283.2200012207031,284.7799987792969,413300,0.0,0.0
2024-05-15 00:00:00-04:00,286.2699890136719,286.3500061035156,280.0400085449219,281.6000061035156,208200,0.0,0.0
2024-05-16 00:00:00-04:00,282.67999267578125,284.3800048828125,280.6499938964844,282.2900085449219,142700,0.0,0.0
2024-05-17 00:00:00-04:00,282.0,282.0400085449219,277.0,280.3299865722656,167800,0.0,0.0
2024-05-20 00:00:00-04:00,279.9800109863281,282.44000244140625,272.489990234375,275.07000732421875,219700,0.0,0.0
2024-05-21 00:00:00-04:00,274.739990234375,274.739990234375,269.010009765625,271.5899963378906,168900,0.0,0.0
2024-05-22 00:00:00-04:00,271.1600036621094,275.29998779296875,266.4800109863281,267.07000732421875,175700,0.0,0.0
2024-05-23 00:00:00-04:00,267.0,268.75,264.04998779296875,267.2799987792969,157700,0.0,0.0
2024-05-24 00:00:00-04:00,268.0,269.010009765625,260.05999755859375,260.75,178800,0.0,0.0
2024-05-28 00:00:00-04:00,259.6300048828125,260.4700012207031,254.39999389648438,259.510009765625,269800,0.0,0.0
2024-05-29 00:00:00-04:00,257.2799987792969,263.7900085449219,255.6999969482422,255.8699951171875,203000,0.0,0.0
2024-05-30 00:00:00-04:00,256.5400085449219,260.3500061035156,255.25999450683594,256.4100036621094,162000,0.0,0.0
2024-05-31 00:00:00-04:00,256.6099853515625,339.7699890136719,255.5,313.6700134277344,1823000,0.0,0.0
2024-06-03 00:00:00-04:00,283.010009765625,305.20001220703125,282.8500061035156,302.760009765625,760200,0.0,0.0
2024-06-04 00:00:00-04:00,302.8500061035156,304.989990234375,291.5199890136719,298.4100036621094,334300,0.0,0.0
2024-06-05 00:00:00-04:00,300.0,306.20001220703125,296.2699890136719,301.9100036621094,191600,0.0,0.0
2024-06-06 00:00:00-04:00,301.2799987792969,303.7699890136719,293.75,294.7799987792969,231100,0.0,0.0
2024-06-07 00:00:00-04:00,292.5899963378906,294.67999267578125,288.9700012207031,291.5299987792969,110700,0.0,0.0
2024-06-10 00:00:00-04:00,289.79998779296875,292.9599914550781,288.7900085449219,291.79998779296875,141300,0.0,0.0
2024-06-11 00:00:00-04:00,290.1600036621094,293.4100036621094,284.1099853515625,285.7900085449219,196000,0.0,0.0
2024-06-12 00:00:00-04:00,287.7799987792969,289.9700012207031,284.0,289.1400146484375,110500,0.0,0.0
2024-06-13 00:00:00-04:00,289.1400146484375,289.1400146484375,282.7300109863281,286.30999755859375,130400,0.0,0.0
2024-06-14 00:00:00-04:00,284.4599914550781,287.6400146484375,281.95001220703125,284.8699951171875,107300,0.0,0.0
2024-06-17 00:00:00-04:00,284.05999755859375,292.8500061035156,284.05999755859375,290.9200134277344,109000,0.0,0.0
2024-06-18 00:00:00-04:00,289.0400085449219,296.07000732421875,289.0400085449219,295.55999755859375,112400,0.0,0.0
2024-06-20 00:00:00-04:00,293.6199951171875,297.7900085449219,292.6400146484375,295.0400085449219,101900,0.0,0.0
2024-06-21 00:00:00-04:00,294.5,298.54998779296875,294.3999938964844,297.239990234375,289500,0.0,0.0
2024-06-24 00:00:00-04:00,296.69000244140625,301.6000061035156,295.3399963378906,297.94000244140625,133700,0.0,0.0
2024-06-25 00:00:00-04:00,296.510009765625,303.70001220703125,295.1700134277344,301.0299987792969,116500,0.0,0.0
2024-06-26 00:00:00-04:00,299.0199890136719,303.510009765625,299.0199890136719,303.5,111600,0.0,0.0
2024-06-27 00:00:00-04:00,302.3599853515625,305.54998779296875,299.489990234375,302.3599853515625,134600,0.0,0.0
2024-06-28 00:00:00-04:00,303.82000732421875,305.239990234375,299.2099914550781,305.04998779296875,328400,0.0,0.0
2024-07-01 00:00:00-04:00,304.1700134277344,305.0199890136719,299.5799865722656,301.8999938964844,111800,0.0,0.0
2024-07-02 00:00:00-04:00,301.1400146484375,302.3599853515625,298.2200012207031,300.9200134277344,76000,0.0,0.0
2024-07-03 00:00:00-04:00,302.3500061035156,302.5899963378906,295.9100036621094,296.44000244140625,43100,0.0,0.0
2024-07-05 00:00:00-04:00,294.80999755859375,296.3800048828125,293.07000732421875,295.07000732421875,111500,0.0,0.0
2024-07-08 00:00:00-04:00,296.8599853515625,298.0,292.54998779296875,292.54998779296875,112500,0.0,0.0
2024-07-09 00:00:00-04:00,291.45001220703125,294.6499938964844,288.75,289.5,101500,0.0,0.0
2024-07-10 00:00:00-04:00,289.4599914550781,290.04998779296875,281.2699890136719,284.739990234375,116600,0.0,0.0
2024-07-11 00:00:00-04:00,285.8800048828125,291.6300048828125,284.1499938964844,288.1300048828125,123600,0.0,0.0
2024-07-12 00:00:00-04:00,287.5400085449219,289.80999755859375,286.1099853515625,288.2699890136719,85000,0.0,0.0
2024-07-15 00:00:00-04:00,289.2300109863281,289.2300109863281,282.9100036621094,284.5799865722656,75000,0.0,0.0
2024-07-16 00:00:00-04:00,286.4700012207031,291.25,283.2699890136719,287.32000732421875,98700,0.0,0.0
2024-07-17 00:00:00-04:00,289.3999938964844,290.5799865722656,283.760009765625,286.8500061035156,109300,0.0,0.0
2024-07-18 00:00:00-04:00,286.8800048828125,292.1099853515625,280.70001220703125,280.75,129700,0.0,0.0
2024-07-19 00:00:00-04:00,280.67999267578125,281.4800109863281,277.760009765625,279.2900085449219,115300,0.0,0.0
2024-07-22 00:00:00-04:00,280.0,280.0,274.80999755859375,275.260009765625,124300,0.0,0.0
2024-07-23 00:00:00-04:00,275.010009765625,277.29998779296875,273.17999267578125,273.4700012207031,143100,0.0,0.0
2024-07-24 00:00:00-04:00,273.1400146484375,275.6400146484375,268.7900085449219,271.8500061035156,200700,0.0,0.0
2024-07-25 00:00:00-04:00,270.19000244140625,274.989990234375,270.19000244140625,270.5199890136719,305400,0.0,0.0
2024-07-26 00:00:00-04:00,262.0,295.1000061035156,262.0,290.9100036621094,358700,0.0,0.0
2024-07-29 00:00:00-04:00,288.95001220703125,289.04998779296875,277.04998779296875,283.7099914550781,204600,0.0,0.0
2024-07-30 00:00:00-04:00,285.07000732421875,285.8399963378906,278.9800109863281,279.19000244140625,118700,0.0,0.0
2024-07-31 00:00:00-04:00,282.3900146484375,285.6400146484375,279.44000244140625,280.2099914550781,132000,0.0,0.0
2024-08-01 00:00:00-04:00,281.4100036621094,281.4100036621094,276.1199951171875,277.0899963378906,131700,0.0,0.0
2024-08-02 00:00:00-04:00,276.7699890136719,282.1400146484375,276.2699890136719,279.1700134277344,116100,0.0,0.0
2024-08-05 00:00:00-04:00,272.010009765625,273.80999755859375,267.4200134277344,267.9700012207031,147000,0.0,0.0
2024-08-06 00:00:00-04:00,270.1600036621094,273.6099853515625,265.70001220703125,266.0899963378906,102700,0.0,0.0
2024-08-07 00:00:00-04:00,268.9599914550781,271.69000244140625,264.80999755859375,265.0899963378906,118800,0.0,0.0
2024-08-08 00:00:00-04:00,265.45001220703125,270.5,264.0,269.5899963378906,77400,0.0,0.0
2024-08-09 00:00:00-04:00,268.739990234375,273.2900085449219,268.0,271.239990234375,88400,0.0,0.0
2024-08-12 00:00:00-04:00,270.260009765625,270.260009765625,265.29998779296875,266.2699890136719,73300,0.0,0.0
2024-08-13 00:00:00-04:00,264.42999267578125,275.5799865722656,264.42999267578125,273.3599853515625,127300,0.0,0.0
2024-08-14 00:00:00-04:00,273.80999755859375,274.45001220703125,269.5799865722656,272.5799865722656,110100,0.0,0.0
2024-08-15 00:00:00-04:00,277.20001220703125,284.3999938964844,275.4599914550781,280.6400146484375,101200,0.0,0.0
2024-08-16 00:00:00-04:00,279.70001220703125,282.8500061035156,278.6700134277344,282.2900085449219,104000,0.0,0.0
2024-08-19 00:00:00-04:00,282.8900146484375,283.42999267578125,280.25,280.6400146484375,76800,0.0,0.0
2024-08-20 00:00:00-04:00,280.2900085449219,280.4599914550781,277.3299865722656,279.5799865722656,68500,0.0,0.0
2024-08-21 00:00:00-04:00,281.7200012207031,283.17999267578125,279.95001220703125,282.3500061035156,75400,0.0,0.0
2024-08-22 00:00:00-04:00,283.1300048828125,283.1300048828125,274.7699890136719,274.8800048828125,82600,0.0,0.0
2024-08-23 00:00:00-04:00,276.80999755859375,283.67999267578125,276.5,281.8599853515625,90700,0.0,0.0
2024-08-26 00:00:00-04:00,282.54998779296875,286.44000244140625,280.0199890136719,280.4800109863281,82900,0.0,0.0
2024-08-27 00:00:00-04:00,279.3699951171875,279.6300048828125,277.8900146484375,279.6300048828125,59700,0.0,0.0
2024-08-28 00:00:00-04:00,277.2699890136719,277.7699890136719,267.4200134277344,273.5299987792969,137700,0.0,0.0
2024-08-29 00:00:00-04:00,274.9800109863281,274.9800109863281,269.2300109863281,270.20001220703125,125400,0.0,0.0
2024-08-30 00:00:00-04:00,272.1099853515625,274.0,268.3399963378906,271.7200012207031,149600,0.0,0.0
2024-09-03 00:00:00-04:00,269.4700012207031,281.19000244140625,269.4700012207031,280.07000732421875,135400,0.0,0.0
2024-09-04 00:00:00-04:00,278.80999755859375,282.239990234375,277.0299987792969,280.80999755859375,107900,0.0,0.0
2024-09-05 00:00:00-04:00,283.04998779296875,284.8800048828125,281.19000244140625,281.5299987792969,75000,0.0,0.0
2024-09-06 00:00:00-04:00,280.44000244140625,286.94000244140625,280.3599853515625,284.3500061035156,71900,0.0,0.0
2024-09-09 00:00:00-04:00,284.70001220703125,284.8800048828125,273.75,274.4200134277344,134100,0.0,0.0
2024-09-10 00:00:00-04:00,274.8500061035156,274.8500061035156,268.2200012207031,270.2200012207031,145900,0.0,0.0
2024-09-11 00:00:00-04:00,270.2099914550781,270.2099914550781,264.8999938964844,266.4599914550781,231400,0.0,0.0
2024-09-12 00:00:00-04:00,267.2099914550781,270.0799865722656,263.5,269.7900085449219,151100,0.0,0.0
2024-09-13 00:00:00-04:00,269.8999938964844,273.1600036621094,267.1700134277344,269.3399963378906,85900,0.0,0.0
2024-09-16 00:00:00-04:00,270.8900146484375,273.9800109863281,270.6000061035156,271.8699951171875,117900,0.0,0.0
2024-09-17 00:00:00-04:00,271.7099914550781,279.05999755859375,271.7099914550781,276.3699951171875,106400,0.0,0.0
2024-09-18 00:00:00-04:00,275.8800048828125,277.6300048828125,272.7099914550781,274.6199951171875,84000,0.0,0.0
2024-09-19 00:00:00-04:00,277.7699890136719,277.7699890136719,274.2300109863281,275.489990234375,133600,0.0,0.0
2024-09-20 00:00:00-04:00,273.80999755859375,274.8399963378906,269.2799987792969,269.6000061035156,262500,0.0,0.0
2024-09-23 00:00:00-04:00,270.0,275.3399963378906,269.0199890136719,274.5799865722656,224200,0.0,0.0
2024-09-24 00:00:00-04:00,277.2200012207031,278.2099914550781,274.4100036621094,276.3800048828125,119100,0.0,0.0
2024-09-25 00:00:00-04:00,276.44000244140625,276.44000244140625,270.7900085449219,270.7900085449219,105200,0.0,0.0
2024-09-26 00:00:00-04:00,273.8800048828125,277.760009765625,270.0,276.8999938964844,144100,0.0,0.0
2024-09-27 00:00:00-04:00,279.260009765625,284.94000244140625,278.3299865722656,283.5,145200,0.0,0.0
2024-09-30 00:00:00-04:00,285.4200134277344,296.3399963378906,284.0400085449219,289.1400146484375,184600,0.0,0.0
2024-10-01 00:00:00-04:00,288.8599853515625,289.7300109863281,286.4599914550781,288.1000061035156,118500,0.0,0.0
2024-10-02 00:00:00-04:00,287.05999755859375,287.05999755859375,282.739990234375,285.32000732421875,118100,0.0,0.0
2024-10-03 00:00:00-04:00,282.7300109863281,285.7099914550781,279.6400146484375,281.67999267578125,112900,0.0,0.0
2024-10-04 00:00:00-04:00,282.5799865722656,284.70001220703125,280.32000732421875,280.4200134277344,97100,0.0,0.0
2024-10-07 00:00:00-04:00,281.0,281.0,267.739990234375,271.3299865722656,146700,0.0,0.0
2024-10-08 00:00:00-04:00,279.6099853515625,279.6099853515625,270.3999938964844,271.70001220703125,124200,0.0,0.0
2024-10-09 00:00:00-04:00,271.739990234375,273.7900085449219,269.94000244140625,270.19000244140625,85500,0.0,0.0
2024-10-10 00:00:00-04:00,270.4200134277344,277.9800109863281,269.5,277.9599914550781,121500,0.0,0.0
2024-10-11 00:00:00-04:00,277.6000061035156,279.69000244140625,273.739990234375,273.739990234375,108900,0.0,0.0
2024-10-14 00:00:00-04:00,273.8800048828125,276.489990234375,273.5299987792969,275.42999267578125,108900,0.0,0.0
2024-10-15 00:00:00-04:00,272.8900146484375,280.25,272.8900146484375,277.239990234375,100300,0.0,0.0
2024-10-16 00:00:00-04:00,277.1199951171875,289.1000061035156,276.010009765625,287.5199890136719,136400,0.0,0.0
2024-10-17 00:00:00-04:00,285.3500061035156,293.95001220703125,285.3500061035156,293.8999938964844,148900,0.0,0.0
2024-10-18 00:00:00-04:00,294.260009765625,302.79998779296875,292.07000732421875,298.80999755859375,188300,0.0,0.0
2024-10-21 00:00:00-04:00,296.0400085449219,300.1300048828125,294.7300109863281,294.7799987792969,145600,0.0,0.0
2024-10-22 00:00:00-04:00,295.8399963378906,297.45001220703125,294.25,295.6099853515625,93100,0.0,0.0
2024-10-23 00:00:00-04:00,294.0,301.75,294.0,301.510009765625,114600,0.0,0.0
2024-10-24 00:00:00-04:00,303.0,303.3599853515625,297.9800109863281,301.8800048828125,160700,0.0,0.0
2024-10-25 00:00:00-04:00,297.20001220703125,303.010009765625,282.75,295.9599914550781,341100,0.0,0.0
2024-10-28 00:00:00-04:00,296.70001220703125,306.739990234375,296.70001220703125,304.3299865722656,171800,0.0,0.0
2024-10-29 00:00:00-04:00,301.2900085449219,303.2300109863281,296.8500061035156,298.7799987792969,135400,0.0,0.0
2024-10-30 00:00:00-04:00,298.4700012207031,301.5199890136719,297.19000244140625,299.4700012207031,104500,0.0,0.0
2024-10-31 00:00:00-04:00,298.3999938964844,299.70001220703125,291.05999755859375,291.07000732421875,109000,0.0,0.0
2024-11-01 00:00:00-04:00,292.739990234375,297.6000061035156,291.82000732421875,294.94000244140625,81100,0.0,0.0
2024-11-04 00:00:00-05:00,294.92999267578125,304.05999755859375,294.92999267578125,296.6499938964844,138600,0.0,0.0
2024-11-05 00:00:00-05:00,295.1600036621094,301.75,294.6199951171875,300.07000732421875,88400,0.0,0.0
2024-11-06 00:00:00-05:00,305.0,306.010009765625,298.57000732421875,300.0799865722656,114800,0.0,0.0
2024-11-07 00:00:00-05:00,299.5799865722656,309.260009765625,299.5799865722656,307.2200012207031,122200,0.0,0.0
2024-11-08 00:00:00-05:00,304.3500061035156,309.5299987792969,304.3500061035156,308.3500061035156,89300,0.0,0.0
2024-11-11 00:00:00-05:00,308.04998779296875,315.4800109863281,308.04998779296875,313.2699890136719,81400,0.0,0.0
2024-11-12 00:00:00-05:00,314.07000732421875,318.6499938964844,310.3999938964844,317.3900146484375,123300,0.0,0.0
2024-11-13 00:00:00-05:00,319.6400146484375,329.54998779296875,319.4200134277344,323.55999755859375,158400,0.0,0.0
2024-11-14 00:00:00-05:00,324.8699951171875,325.6600036621094,319.6199951171875,320.82000732421875,114600,0.0,0.0
2024-11-15 00:00:00-05:00,319.7099914550781,321.0899963378906,313.0199890136719,318.1700134277344,176500,0.0,0.0
2024-11-18 00:00:00-05:00,317.739990234375,317.739990234375,309.2200012207031,310.69000244140625,157200,0.0,0.0
2024-11-19 00:00:00-05:00,307.1499938964844,313.1199951171875,307.1499938964844,311.79998779296875,129600,0.0,0.0
2024-11-20 00:00:00-05:00,311.5899963378906,311.5899963378906,307.6199951171875,309.07000732421875,108900,0.0,0.0
2024-11-21 00:00:00-05:00,307.07000732421875,310.79998779296875,305.1000061035156,307.17999267578125,124300,0.0,0.0
2024-11-22 00:00:00-05:00,308.30999755859375,313.82000732421875,305.0,312.79998779296875,114900,0.0,0.0
2024-11-25 00:00:00-05:00,315.8699951171875,320.0299987792969,315.17999267578125,315.30999755859375,119400,0.0,0.0
2024-11-26 00:00:00-05:00,314.010009765625,314.8599853515625,311.4700012207031,312.30999755859375,86000,0.0,0.0
2024-11-27 00:00:00-05:00,312.19000244140625,315.9599914550781,311.2200012207031,313.67999267578125,68800,0.0,0.0
2024-11-29 00:00:00-05:00,312.1199951171875,317.1400146484375,311.7900085449219,316.239990234375,46500,0.0,0.0
2024-12-02 00:00:00-05:00,316.239990234375,317.8399963378906,313.8599853515625,314.9200134277344,89500,0.0,0.0
2024-12-03 00:00:00-05:00,313.4800109863281,314.4100036621094,310.67999267578125,313.0199890136719,94200,0.0,0.0
2024-12-04 00:00:00-05:00,311.739990234375,315.5799865722656,311.739990234375,315.1499938964844,77300,0.0,0.0
2024-12-05 00:00:00-05:00,315.1400146484375,318.1099853515625,312.75,316.0899963378906,105400,0.0,0.0
2024-12-06 00:00:00-05:00,318.8900146484375,319.92999267578125,313.05999755859375,314.80999755859375,71900,0.0,0.0
2024-12-09 00:00:00-05:00,314.8500061035156,323.8800048828125,314.1400146484375,322.4700012207031,80000,0.0,0.0
2024-12-10 00:00:00-05:00,323.9800109863281,323.9800109863281,315.4200134277344,316.5,89700,0.0,0.0
2024-12-11 00:00:00-05:00,317.25,320.4800109863281,314.9200134277344,315.07000732421875,63700,0.0,0.0
2024-12-12 00:00:00-05:00,316.4800109863281,321.3699951171875,314.0,319.1000061035156,73800,0.0,0.0
2024-12-13 00:00:00-05:00,317.7099914550781,318.2900085449219,311.7200012207031,315.010009765625,79500,0.0,0.0
2024-12-16 00:00:00-05:00,314.44000244140625,316.82000732421875,307.07000732421875,307.5,99200,0.0,0.0
2024-12-17 00:00:00-05:00,305.1300048828125,309.92999267578125,304.9100036621094,307.79998779296875,97500,0.0,0.0
2024-12-18 00:00:00-05:00,306.010009765625,307.5199890136719,300.260009765625,302.989990234375,97700,0.0,0.0
2024-12-19 00:00:00-05:00,303.44000244140625,310.5299987792969,299.9100036621094,308.5899963378906,93000,0.0,0.0
2024-12-20 00:00:00-05:00,308.0,310.4700012207031,302.739990234375,302.7699890136719,302900,0.0,0.0
2024-12-23 00:00:00-05:00,303.0,303.0,292.29998779296875,295.3399963378906,124700,0.0,0.0
2024-12-24 00:00:00-05:00,294.8999938964844,300.7099914550781,294.0,300.3299865722656,62200,0.0,0.0
2024-12-26 00:00:00-05:00,298.1099853515625,306.42999267578125,296.7200012207031,302.2200012207031,89200,0.0,0.0
2024-12-27 00:00:00-05:00,303.5,305.20001220703125,298.1300048828125,301.1099853515625,63900,0.0,0.0
2024-12-30 00:00:00-05:00,300.1199951171875,302.57000732421875,297.3599853515625,298.1499938964844,71000,0.0,0.0
2024-12-31 00:00:00-05:00,298.0,300.5199890136719,298.0,299.9800109863281,94400,0.0,0.0
2025-01-02 00:00:00-05:00,301.760009765625,302.67999267578125,298.95001220703125,301.260009765625,74600,0.0,0.0
2025-01-03 00:00:00-05:00,294.04998779296875,295.1000061035156,282.0,289.7200012207031,221800,0.0,0.0
2025-01-06 00:00:00-05:00,290.0,298.989990234375,287.70001220703125,289.1600036621094,209000,0.0,0.0
2025-01-07 00:00:00-05:00,288.94000244140625,289.6700134277344,280.0,281.1300048828125,228300,0.0,0.0
2025-01-08 00:00:00-05:00,279.29998779296875,284.0,275.17999267578125,275.3900146484375,273200,0.0,0.0
2025-01-10 00:00:00-05:00,272.0,273.010009765625,255.72000122070312,256.04998779296875,263300,0.0,0.0
2025-01-13 00:00:00-05:00,255.39999389648438,262.5299987792969,253.1300048828125,261.92999267578125,200100,0.0,0.0
2025-01-14 00:00:00-05:00,260.69000244140625,262.05999755859375,256.8999938964844,258.9100036621094,117900,0.0,0.0
2025-01-15 00:00:00-05:00,262.05999755859375,265.2799987792969,255.8699951171875,256.57000732421875,191000,0.0,0.0
2025-01-16 00:00:00-05:00,255.19000244140625,257.3399963378906,252.50999450683594,252.74000549316406,191400,0.0,0.0
2025-01-17 00:00:00-05:00,255.13999938964844,256.0799865722656,249.2100067138672,252.42999267578125,189400,0.0,0.0
2025-01-21 00:00:00-05:00,252.89999389648438,255.0,250.8300018310547,253.4499969482422,185900,0.0,0.0
2025-01-22 00:00:00-05:00,252.24000549316406,253.47000122070312,250.0,250.19000244140625,212800,0.0,0.0
2025-01-23 00:00:00-05:00,247.25,248.27999877929688,243.1999969482422,244.67999267578125,278700,0.0,0.0
2025-01-24 00:00:00-05:00,245.44000244140625,251.3699951171875,245.44000244140625,248.4199981689453,190600,0.0,0.0
2025-01-27 00:00:00-05:00,251.0399932861328,258.5,250.0,254.1300048828125,162100,0.0,0.0
2025-01-28 00:00:00-05:00,252.82000732421875,256.67999267578125,251.6300048828125,252.22999572753906,121900,0.0,0.0
2025-01-29 00:00:00-05:00,252.08999633789062,253.27999877929688,249.80999755859375,250.1699981689453,99500,0.0,0.0
2025-01-30 00:00:00-05:00,251.3300018310547,256.6099853515625,250.6300048828125,254.6699981689453,114800,0.0,0.0
2025-01-31 00:00:00-05:00,254.02999877929688,255.0,249.13999938964844,250.6699981689453,251100,0.0,0.0
2025-02-03 00:00:00-05:00,247.0500030517578,249.94000244140625,244.5500030517578,246.6300048828125,114300,0.0,0.0
2025-02-04 00:00:00-05:00,245.2899932861328,246.3000030517578,242.6199951171875,243.5800018310547,163400,0.0,0.0
2025-02-05 00:00:00-05:00,244.2100067138672,246.8300018310547,241.14999389648438,244.85000610351562,124400,0.0,0.0
2025-02-06 00:00:00-05:00,248.5500030517578,249.50999450683594,240.0399932861328,241.75999450683594,193000,0.0,0.0
2025-02-07 00:00:00-05:00,241.7100067138672,244.0,237.10000610351562,239.35000610351562,127100,0.0,0.0
2025-02-10 00:00:00-05:00,239.13999938964844,240.00999450683594,235.0500030517578,235.0500030517578,130500,0.0,0.0
2025-02-11 00:00:00-05:00,236.60000610351562,236.60000610351562,231.00999450683594,233.17999267578125,182400,0.0,0.0
2025-02-12 00:00:00-05:00,231.07000732421875,233.17999267578125,223.07000732421875,227.6199951171875,260500,0.0,0.0
2025-02-13 00:00:00-05:00,229.5399932861328,233.30999755859375,224.22999572753906,232.97999572753906,280600,0.0,0.0
2025-02-14 00:00:00-05:00,235.25999450683594,238.5399932861328,230.58999633789062,232.11000061035156,196900,0.0,0.0
2025-02-18 00:00:00-05:00,231.11000061035156,232.14999389648438,225.17999267578125,226.8699951171875,250400,0.0,0.0
2025-02-19 00:00:00-05:00,228.75999450683594,228.75999450683594,223.5399932861328,226.02999877929688,182000,0.0,0.0
2025-02-20 00:00:00-05:00,224.17999267578125,225.86000061035156,222.27000427246094,225.14999389648438,198400,0.0,0.0
2025-02-21 00:00:00-05:00,227.2100067138672,227.72000122070312,224.2899932861328,227.32000732421875,215900,0.0,0.0
2025-02-24 00:00:00-05:00,225.22000122070312,237.11000061035156,224.5,233.8300018310547,320500,0.0,0.0
2025-02-25 00:00:00-05:00,236.00999450683594,239.0800018310547,233.25999450683594,234.2899932861328,325700,0.0,0.0
2025-02-26 00:00:00-05:00,235.0,250.49000549316406,235.0,241.36000061035156,501900,0.0,0.0
2025-02-27 00:00:00-05:00,239.60000610351562,249.94000244140625,239.05999755859375,244.0399932861328,372700,0.0,0.0
2025-02-28 00:00:00-05:00,243.74000549316406,245.67999267578125,239.30999755859375,243.77000427246094,412300,0.0,0.0
2025-03-03 00:00:00-05:00,243.57000732421875,253.25,243.30999755859375,248.08999633789062,405300,0.0,0.0
2025-03-04 00:00:00-05:00,246.19000244140625,246.55999755859375,237.55999755859375,238.99000549316406,239300,0.0,0.0
2025-03-05 00:00:00-05:00,237.7899932861328,240.5,232.94000244140625,237.66000366210938,214900,0.0,0.0
2025-03-06 00:00:00-05:00,235.1699981689453,237.72999572753906,230.52999877929688,233.2100067138672,286800,0.0,0.0
2025-03-07 00:00:00-05:00,232.88999938964844,244.55999755859375,232.88999938964844,239.13999938964844,231500,0.0,0.0
2025-03-10 00:00:00-04:00,240.13999938964844,245.0,232.69000244140625,233.27000427246094,254200,0.0,0.0
2025-03-11 00:00:00-04:00,233.4199981689453,233.85000610351562,226.94000244140625,231.11000061035156,230700,0.0,0.0
2025-03-12 00:00:00-04:00,230.22000122070312,233.4499969482422,224.72999572753906,233.4499969482422,343900,0.0,0.0
2025-03-13 00:00:00-04:00,233.91000366210938,236.1699981689453,225.08999633789062,226.6999969482422,186600,0.0,0.0
2025-03-14 00:00:00-04:00,227.39999389648438,231.14999389648438,226.1999969482422,228.85000610351562,171000,0.0,0.0
2025-03-17 00:00:00-04:00,228.02000427246094,231.30999755859375,225.8000030517578,228.19000244140625,187400,0.0,0.0
2025-03-18 00:00:00-04:00,227.25,227.50999450683594,221.5,221.67999267578125,165700,0.0,0.0
2025-03-19 00:00:00-04:00,222.05999755859375,222.0800018310547,215.10000610351562,219.16000366210938,223500,0.0,0.0
2025-03-20 00:00:00-04:00,226.74000549316406,230.0,222.47999572753906,227.50999450683594,301000,0.0,0.0
2025-03-21 00:00:00-04:00,227.0399932861328,233.16000366210938,224.99000549316406,227.9600067138672,337300,0.0,0.0
2025-03-24 00:00:00-04:00,230.0,237.55999755859375,229.44000244140625,237.0500030517578,253600,0.0,0.0
2025-03-25 00:00:00-04:00,237.14999389648438,237.58999633789062,231.97000122070312,233.94000244140625,118900,0.0,0.0
2025-03-26 00:00:00-04:00,234.58999633789062,239.8000030517578,233.74000549316406,237.91000366210938,146100,0.0,0.0
2025-03-27 00:00:00-04:00,237.10000610351562,240.44000244140625,237.05999755859375,240.38999938964844,110700,0.0,0.0
2025-03-28 00:00:00-04:00,240.58999633789062,242.9199981689453,237.30999755859375,239.3699951171875,144300,0.0,0.0
2025-03-31 00:00:00-04:00,237.1999969482422,241.5399932861328,236.0,238.83999633789062,155000,0.0,0.0
2025-04-01 00:00:00-04:00,239.69000244140625,243.55999755859375,238.0,243.47000122070312,157600,0.0,0.0
2025-04-02 00:00:00-04:00,243.25,247.42999267578125,240.2100067138672,246.36000061035156,169900,0.0,0.0
2025-04-03 00:00:00-04:00,244.0,250.86000061035156,242.75999450683594,243.2899932861328,235900,0.0,0.0
2025-04-04 00:00:00-04:00,241.52999877929688,251.24000549316406,238.5500030517578,244.86000061035156,405600,0.0,0.0
2025-04-07 00:00:00-04:00,242.0500030517578,244.24000549316406,228.05999755859375,236.1300048828125,237000,0.0,0.0
2025-04-08 00:00:00-04:00,236.49000549316406,239.27999877929688,226.02000427246094,228.10000610351562,194900,0.0,0.0
2025-04-09 00:00:00-04:00,227.6199951171875,240.91000366210938,225.89999389648438,240.50999450683594,265000,0.0,0.0
2025-04-10 00:00:00-04:00,236.5,248.5800018310547,235.6699981689453,242.97000122070312,233200,0.0,0.0
2025-04-11 00:00:00-04:00,242.39999389648438,249.52999877929688,237.6999969482422,245.5800018310547,145900,0.0,0.0
2025-04-14 00:00:00-04:00,248.3000030517578,248.99000549316406,242.77000427246094,244.44000244140625,107600,0.0,0.0
2025-04-15 00:00:00-04:00,245.7100067138672,245.7100067138672,240.6199951171875,242.97000122070312,125700,0.0,0.0
2025-04-16 00:00:00-04:00,244.19000244140625,244.85000610351562,237.97999572753906,238.4199981689453,102900,0.0,0.0
2025-04-17 00:00:00-04:00,237.97999572753906,241.50999450683594,237.97999572753906,239.36000061035156,147500,0.0,0.0
2025-04-21 00:00:00-04:00,238.5800018310547,239.0500030517578,233.13999938964844,238.82000732421875,180100,0.0,0.0
2025-04-22 00:00:00-04:00,240.0,243.8000030517578,238.7899932861328,242.19000244140625,163100,0.0,0.0
2025-04-23 00:00:00-04:00,246.0,249.07000732421875,243.2899932861328,245.4199981689453,147000,0.0,0.0
2025-04-24 00:00:00-04:00,241.9600067138672,245.4499969482422,240.36000061035156,242.39999389648438,194900,0.0,0.0
2025-04-25 00:00:00-04:00,252.97000122070312,260.0,237.0,247.88999938964844,382500,0.0,0.0
2025-04-28 00:00:00-04:00,245.75999450683594,247.6699981689453,235.5,238.00999450683594,262600,0.0,0.0
2025-04-29 00:00:00-04:00,237.57000732421875,246.77999877929688,236.52000427246094,246.52000427246094,187100,0.0,0.0
2025-04-30 00:00:00-04:00,247.60000610351562,248.00999450683594,240.52000427246094,245.8000030517578,290200,0.0,0.0
2025-05-01 00:00:00-04:00,244.75,247.05999755859375,242.99000549316406,244.85000610351562,124000,0.0,0.0
2025-05-02 00:00:00-04:00,246.4199981689453,246.5399932861328,239.11000061035156,239.55999755859375,123000,0.0,0.0
2025-05-05 00:00:00-04:00,239.2899932861328,246.11000061035156,238.9499969482422,242.3300018310547,134500,0.0,0.0
2025-05-06 00:00:00-04:00,240.52999877929688,243.25999450683594,239.35000610351562,241.8300018310547,113900,0.0,0.0
2025-05-07 00:00:00-04:00,243.5399932861328,243.5399932861328,239.3699951171875,241.02999877929688,91600,0.0,0.0
2025-05-08 00:00:00-04:00,240.2100067138672,245.6199951171875,239.77000427246094,244.86000061035156,98800,0.0,0.0
2025-05-09 00:00:00-04:00,245.0,246.35000610351562,242.42999267578125,242.55999755859375,100000,0.0,0.0
2025-05-12 00:00:00-04:00,245.1999969482422,247.25999450683594,240.3000030517578,243.30999755859375,137400,0.0,0.0
2025-05-13 00:00:00-04:00,243.3300018310547,245.36000061035156,237.9600067138672,240.25999450683594,139400,0.0,0.0
2025-05-14 00:00:00-04:00,239.75999450683594,241.94000244140625,236.8000030517578,238.0,129300,0.0,0.0
2025-05-15 00:00:00-04:00,240.24000549316406,245.52000427246094,239.6699981689453,245.52000427246094,120200,0.0,0.0
2025-05-16 00:00:00-04:00,246.5800018310547,251.0500030517578,246.5800018310547,249.72999572753906,108500,0.0,0.0
2025-05-19 00:00:00-04:00,249.52999877929688,249.77999877929688,245.47000122070312,246.6300048828125,95400,0.0,0.0
2025-05-20 00:00:00-04:00,245.19000244140625,246.00999450683594,241.0500030517578,243.25,93700,0.0,0.0
2025-05-21 00:00:00-04:00,241.44000244140625,243.94000244140625,237.9199981689453,238.75,92800,0.0,0.0
2025-05-22 00:00:00-04:00,238.14999389648438,239.1300048828125,233.8300018310547,233.97000122070312,110400,0.0,0.0
2025-05-23 00:00:00-04:00,233.10000610351562,233.6999969482422,230.5,232.05999755859375,108300,0.0,0.0
2025-05-27 00:00:00-04:00,234.3300018310547,235.82000732421875,232.05999755859375,235.6300048828125,159800,0.0,0.0
2025-05-28 00:00:00-04:00,235.7100067138672,236.3000030517578,228.3300018310547,228.5500030517578,210500,0.0,0.0
2025-05-29 00:00:00-04:00,229.4499969482422,231.42999267578125,228.10000610351562,231.24000549316406,163600,0.0,0.0
2025-05-30 00:00:00-04:00,230.7100067138672,230.7100067138672,227.6300048828125,229.85000610351562,294900,0.0,0.0
2025-06-02 00:00:00-04:00,228.36000061035156,228.6999969482422,218.4199981689453,220.88999938964844,342600,0.0,0.0
2025-06-03 00:00:00-04:00,221.27000427246094,225.1999969482422,217.7899932861328,224.3699951171875,202500,0.0,0.0
2025-06-04 00:00:00-04:00,225.0,227.75999450683594,221.91000366210938,226.80999755859375,148500,0.0,0.0
2025-06-05 00:00:00-04:00,222.35000610351562,223.07000732421875,218.5,221.1300048828125,180600,0.0,0.0
2025-06-06 00:00:00-04:00,223.00999450683594,223.97999572753906,217.9199981689453,221.5,163800,0.0,0.0
2025-06-09 00:00:00-04:00,222.8699951171875,222.8699951171875,217.3000030517578,218.7100067138672,210200,0.0,0.0
2025-06-10 00:00:00-04:00,218.25,221.63999938964844,216.89999389648438,220.02999877929688,189400,0.0,0.0
2025-06-11 00:00:00-04:00,220.30999755859375,222.42999267578125,213.30999755859375,213.80999755859375,243100,0.0,0.0
2025-06-12 00:00:00-04:00,213.25999450683594,214.52999877929688,209.6699981689453,214.39999389648438,203700,0.0,0.0
2025-06-13 00:00:00-04:00,212.33999633789062,215.14999389648438,207.0,208.50999450683594,192700,0.0,0.0
2025-06-16 00:00:00-04:00,210.6999969482422,211.02000427246094,205.17999267578125,207.52999877929688,257000,0.0,0.0
2025-06-17 00:00:00-04:00,206.10000610351562,209.67999267578125,204.0,205.44000244140625,242300,0.0,0.0
2025-06-18 00:00:00-04:00,205.0500030517578,205.63999938964844,201.10000610351562,201.5500030517578,330800,0.0,0.0
2025-06-20 00:00:00-04:00,202.14999389648438,202.7899932861328,196.60000610351562,198.1699981689453,456800,0.0,0.0
2025-06-23 00:00:00-04:00,195.10000610351562,197.75,190.97999572753906,197.67999267578125,348800,0.0,0.0
2025-06-24 00:00:00-04:00,197.72000122070312,199.02999877929688,195.64999389648438,196.7899932861328,206300,0.0,0.0
2025-06-25 00:00:00-04:00,195.6999969482422,197.5500030517578,188.1999969482422,188.2100067138672,250600,0.0,0.0
2025-06-26 00:00:00-04:00,189.39999389648438,190.19000244140625,185.33999633789062,187.05999755859375,304200,0.0,0.0
2025-06-27 00:00:00-04:00,188.60000610351562,190.97999572753906,187.5,190.1699981689453,316300,0.0,0.0
2025-06-30 00:00:00-04:00,190.05999755859375,192.66000366210938,186.72000122070312,190.80999755859375,489300,0.0,0.0
2025-07-01 00:00:00-04:00,191.60000610351562,204.47000122070312,190.42999267578125,199.63999938964844,623500,0.0,0.0
2025-07-02 00:00:00-04:00,201.25,206.10000610351562,199.35000610351562,205.27999877929688,271700,0.0,0.0
2025-07-03 00:00:00-04:00,205.63999938964844,208.02999877929688,200.2899932861328,201.0800018310547,224000,0.0,0.0
2025-07-07 00:00:00-04:00,200.66000366210938,203.82000732421875,196.14999389648438,198.6300048828125,289700,0.0,0.0
2025-07-08 00:00:00-04:00,196.92999267578125,200.82000732421875,195.8300018310547,198.33999633789062,216300,0.0,0.0
2025-07-09 00:00:00-04:00,196.88999938964844,200.0,191.44000244140625,193.88999938964844,304600,0.0,0.0
2025-07-10 00:00:00-04:00,193.5800018310547,200.5399932861328,193.5800018310547,197.6699981689453,321200,0.0,0.0
2025-07-11 00:00:00-04:00,194.9600067138672,196.4199981689453,193.92999267578125,194.97999572753906,271900,0.0,0.0
2025-07-14 00:00:00-04:00,194.5500030517578,195.11000061035156,187.0,192.0,262200,0.0,0.0
2025-07-15 00:00:00-04:00,192.02999877929688,193.8699951171875,190.77000427246094,191.3800048828125,255700,0.0,0.0
2025-07-16 00:00:00-04:00,191.17999267578125,192.72999572753906,188.8800048828125,192.24000549316406,145100,0.0,0.0
2025-07-17 00:00:00-04:00,193.5399932861328,194.8800048828125,192.52999877929688,194.60000610351562,124000,0.0,0.0
2025-07-18 00:00:00-04:00,195.57000732421875,199.49000549316406,189.8699951171875,192.24000549316406,178200,0.0,0.0
2025-07-21 00:00:00-04:00,192.91000366210938,195.24000549316406,192.77999877929688,194.22999572753906,217100,0.0,0.0
2025-07-22 00:00:00-04:00,195.94000244140625,204.22000122070312,195.0,204.13999938964844,248500,0.0,0.0
2025-07-23 00:00:00-04:00,205.0,208.88999938964844,204.00999450683594,207.82000732421875,332200,0.0,0.0
2025-07-24 00:00:00-04:00,207.0,208.5,201.80999755859375,201.80999755859375,229300,0.0,0.0
2025-07-25 00:00:00-04:00,222.74000549316406,232.0,211.0,215.0,642100,0.0,0.0
2025-07-28 00:00:00-04:00,212.75999450683594,213.8300018310547,204.74000549316406,208.1999969482422,368900,0.0,0.0
2025-07-29 00:00:00-04:00,207.63999938964844,212.3000030517578,207.44000244140625,211.7899932861328,254600,0.0,0.0
2025-07-30 00:00:00-04:00,213.92999267578125,215.2100067138672,210.38999938964844,211.8000030517578,281000,0.0,0.0
2025-07-31 00:00:00-04:00,207.60000610351562,212.41000366210938,205.32000732421875,207.0800018310547,400600,0.0,0.0
2025-08-01 00:00:00-04:00,208.64999389648438,210.49000549316406,204.52999877929688,209.50999450683594,474400,0.0,0.0
2025-08-04 00:00:00-04:00,212.52000427246094,222.49000549316406,210.9199981689453,218.42999267578125,439400,0.0,0.0
2025-08-05 00:00:00-04:00,218.19000244140625,221.44000244140625,216.77999877929688,217.61000061035156,372100,0.0,0.0
2025-08-06 00:00:00-04:00,215.82000732421875,219.33999633789062,213.9199981689453,218.3800048828125,242900,0.0,0.0
2025-08-07 00:00:00-04:00,219.10000610351562,221.52000427246094,216.42999267578125,221.3800048828125,228100,0.0,0.0
2025-08-08 00:00:00-04:00,220.05999755859375,221.89999389648438,217.17999267578125,217.47999572753906,234500,0.0,0.0
2025-08-11 00:00:00-04:00,216.60000610351562,218.22999572753906,210.89999389648438,213.8699951171875,283200,0.0,0.0
2025-08-12 00:00:00-04:00,214.0800018310547,221.6199951171875,213.9600067138672,220.75,260100,0.0,0.0
2025-08-13 00:00:00-04:00,220.6999969482422,225.49000549316406,219.5800018310547,224.74000549316406,216700,0.0,0.0
2025-08-14 00:00:00-04:00,220.00999450683594,223.3699951171875,217.30999755859375,219.75,172200,0.0,0.0
2025-08-15 00:00:00-04:00,220.9499969482422,222.0399932861328,218.91000366210938,220.30999755859375,231500,0.0,0.0
2025-08-18 00:00:00-04:00,219.92999267578125,222.5,215.92999267578125,215.9600067138672,187400,0.0,0.0
2025-08-19 00:00:00-04:00,217.72999572753906,223.6199951171875,217.4499969482422,223.58999633789062,194100,0.0,0.0
2025-08-20 00:00:00-04:00,224.69000244140625,225.11000061035156,217.9199981689453,218.3300018310547,197400,0.0,0.0
2025-08-21 00:00:00-04:00,216.1999969482422,218.49000549316406,214.3000030517578,218.2100067138672,143100,0.0,0.0
2025-08-22 00:00:00-04:00,219.27999877929688,224.10000610351562,217.74000549316406,223.63999938964844,157600,0.0,0.0
2025-08-25 00:00:00-04:00,221.4199981689453,221.82000732421875,216.27000427246094,217.3000030517578,189800,0.0,0.0
2025-08-26 00:00:00-04:00,216.22000122070312,218.86000061035156,215.6199951171875,216.13999938964844,179000,0.0,0.0
2025-08-27 00:00:00-04:00,215.6999969482422,222.6300048828125,215.6999969482422,221.97000122070312,168500,0.0,0.0
2025-08-28 00:00:00-04:00,222.9600067138672,222.9600067138672,215.80999755859375,216.41000366210938,150700,0.0,0.0
2025-08-29 00:00:00-04:00,218.19000244140625,223.3300018310547,218.13999938964844,221.08999633789062,287600,0.0,0.0
2025-09-02 00:00:00-04:00,219.22999572753906,221.36000061035156,215.7100067138672,215.72999572753906,437000,0.0,0.0
2025-09-03 00:00:00-04:00,215.4199981689453,219.35000610351562,214.4499969482422,218.97000122070312,184400,0.0,0.0
2025-09-04 00:00:00-04:00,219.41000366210938,223.0399932861328,219.32000732421875,222.8699951171875,211300,0.0,0.0
2025-09-05 00:00:00-04:00,224.0,230.77999877929688,222.5,226.97000122070312,261500,0.0,0.0
2025-09-08 00:00:00-04:00,223.9600067138672,225.72000122070312,221.3699951171875,224.97999572753906,297600,0.0,0.0
2025-09-09 00:00:00-04:00,224.0,229.07000732421875,221.8800048828125,223.0,310800,0.0,0.0
2025-09-10 00:00:00-04:00,220.5399932861328,221.42999267578125,216.5399932861328,219.5800018310547,294300,0.0,0.0
2025-09-11 00:00:00-04:00,220.5399932861328,222.5,218.6999969482422,219.97999572753906,165900,0.0,0.0
2025-09-12 00:00:00-04:00,219.02000427246094,219.02000427246094,215.8699951171875,216.69000244140625,191200,0.0,0.0
2025-09-15 00:00:00-04:00,217.25,217.77000427246094,214.00999450683594,215.11000061035156,194800,0.0,0.0
2025-09-16 00:00:00-04:00,214.5,223.30999755859375,214.5,222.35000610351562,336300,0.0,0.0
2025-09-17 00:00:00-04:00,223.27999877929688,229.1199951171875,223.27999877929688,225.41000366210938,244600,0.0,0.0
2025-09-18 00:00:00-04:00,224.72000122070312,228.19000244140625,223.42999267578125,223.52000427246094,189100,0.0,0.0
2025-09-19 00:00:00-04:00,224.5399932861328,225.94000244140625,221.25,223.24000549316406,286500,0.0,0.0
2025-09-22 00:00:00-04:00,221.97999572753906,223.97000122070312,215.3699951171875,215.74000549316406,341700,0.0,0.0
2025-09-23 00:00:00-04:00,217.8000030517578,218.4600067138672,215.0,215.99000549316406,152900,0.0,0.0
2025-09-24 00:00:00-04:00,215.02000427246094,220.7100067138672,215.00999450683594,220.6699981689453,160700,0.0,0.0
2025-09-25 00:00:00-04:00,221.16000366210938,221.16000366210938,214.4600067138672,214.4600067138672,125900,0.0,0.0
2025-09-26 00:00:00-04:00,215.38999938964844,218.77999877929688,213.63999938964844,215.02000427246094,133100,0.0,0.0
2025-09-29 00:00:00-04:00,216.55999755859375,216.77000427246094,214.38999938964844,215.3800048828125,136300,0.0,0.0
2025-09-30 00:00:00-04:00,213.6699981689453,215.13999938964844,210.75999450683594,211.4199981689453,243900,0.0,0.0
2025-10-01 00:00:00-04:00,212.99000549316406,222.63999938964844,212.99000549316406,221.6999969482422,233400,0.0,0.0
2025-10-02 00:00:00-04:00,220.8300018310547,225.5800018310547,220.52999877929688,223.22000122070312,156000,0.0,0.0
2025-10-03 00:00:00-04:00,223.32000732421875,227.3699951171875,223.32000732421875,226.75999450683594,140300,0.0,0.0
2025-10-06 00:00:00-04:00,220.42999267578125,222.9499969482422,217.17999267578125,217.30999755859375,218600,0.0,0.0
2025-10-07 00:00:00-04:00,220.0,223.6199951171875,218.0500030517578,221.4499969482422,249300,0.0,0.0
2025-10-08 00:00:00-04:00,221.64999389648438,224.6300048828125,218.0500030517578,220.13999938964844,260700,0.0,0.0
2025-10-09 00:00:00-04:00,220.8699951171875,228.49000549316406,220.7100067138672,226.5399932861328,230800,0.0,0.0
2025-10-10 00:00:00-04:00,228.91000366210938,228.91000366210938,214.0,215.67999267578125,360100,0.0,0.0
2025-10-13 00:00:00-04:00,215.5399932861328,222.17999267578125,215.0399932861328,219.27999877929688,132200,0.0,0.0
2025-10-14 00:00:00-04:00,217.58999633789062,222.74000549316406,217.58999633789062,222.6999969482422,102300,0.0,0.0
2025-10-15 00:00:00-04:00,223.97999572753906,223.97999572753906,216.4600067138672,223.60000610351562,132100,0.0,0.0
2025-10-16 00:00:00-04:00,224.55999755859375,227.27000427246094,222.6199951171875,225.72000122070312,183500,0.0,0.0
2025-10-17 00:00:00-04:00,225.72999572753906,227.77999877929688,222.60000610351562,223.8300018310547,137000,0.0,0.0
2025-10-20 00:00:00-04:00,224.0,224.94000244140625,217.97999572753906,220.0500030517578,140800,0.0,0.0
2025-10-21 00:00:00-04:00,219.35000610351562,222.35000610351562,216.22999572753906,219.00999450683594,159400,0.0,0.0
2025-10-22 00:00:00-04:00,218.25,220.8300018310547,215.14999389648438,218.6699981689453,146000,0.0,0.0
2025-10-23 00:00:00-04:00,217.2100067138672,222.1699981689453,214.8800048828125,219.6300048828125,244200,0.0,0.0
2025-10-24 00:00:00-04:00,232.89999389648438,243.72999572753906,222.0500030517578,231.60000610351562,470000,0.0,0.0
2025-10-27 00:00:00-04:00,232.9600067138672,232.9600067138672,226.0,227.52000427246094,292500,0.0,0.0
2025-10-28 00:00:00-04:00,227.27000427246094,228.2899932861328,221.99000549316406,222.72999572753906,164900,0.0,0.0
2025-10-29 00:00:00-04:00,221.1699981689453,222.0,211.13999938964844,212.97999572753906,320800,0.0,0.0
2025-10-30 00:00:00-04:00,215.50999450683594,216.3699951171875,205.08999633789062,206.05999755859375,183000,0.0,0.0
2025-10-31 00:00:00-04:00,205.0,207.5500030517578,202.9600067138672,206.99000549316406,196000,0.0,0.0
2025-11-03 00:00:00-05:00,206.69000244140625,206.69000244140625,202.07000732421875,205.00999450683594,205800,0.0,0.0
2025-11-04 00:00:00-05:00,203.1199951171875,209.0,203.1199951171875,204.85000610351562,196400,0.0,0.0
2025-11-05 00:00:00-05:00,204.32000732421875,209.66000366210938,204.32000732421875,209.4600067138672,172200,0.0,0.0
2025-11-06 00:00:00-05:00,207.69000244140625,210.3699951171875,198.82000732421875,199.4499969482422,154300,0.0,0.0
2025-11-07 00:00:00-05:00,200.50999450683594,202.44000244140625,198.33999633789062,200.02999877929688,148600,0.0,0.0
2025-11-10 00:00:00-05:00,201.0,202.8000030517578,199.8699951171875,201.3300018310547,204600,0.0,0.0
2025-11-11 00:00:00-05:00,202.8000030517578,208.0800018310547,202.66000366210938,205.14999389648438,154300,0.0,0.0
2025-11-12 00:00:00-05:00,206.10000610351562,207.27999877929688,200.9499969482422,200.9600067138672,144300,0.0,0.0
2025-11-13 00:00:00-05:00,200.77000427246094,204.02000427246094,200.44000244140625,201.02000427246094,188500,0.0,0.0
2025-11-14 00:00:00-05:00,200.4600067138672,200.4600067138672,195.72000122070312,198.24000549316406,197400,0.0,0.0
2025-11-17 00:00:00-05:00,197.75,199.00999450683594,193.72999572753906,193.91000366210938,183200,0.0,0.0
2025-11-18 00:00:00-05:00,193.5,197.27000427246094,190.25,195.97999572753906,191700,0.0,0.0
2025-11-19 00:00:00-05:00,195.39999389648438,195.39999389648438,191.6199951171875,193.02999877929688,168200,0.0,0.0
2025-11-20 00:00:00-05:00,192.16000366210938,194.88999938964844,190.0,192.89999389648438,163100,0.0,0.0
2025-11-21 00:00:00-05:00,194.8000030517578,198.41000366210938,194.8000030517578,195.83999633789062,183800,0.0,0.0
2025-11-24 00:00:00-05:00,193.8800048828125,197.3699951171875,192.07000732421875,192.52999877929688,152600,0.0,0.0
2025-11-25 00:00:00-05:00,193.49000549316406,195.3699951171875,190.27000427246094,190.9600067138672,164100,0.0,0.0
2025-11-26 00:00:00-05:00,190.64999389648438,196.69000244140625,189.9199981689453,195.32000732421875,155700,0.0,0.0
2025-11-28 00:00:00-05:00,194.2100067138672,197.11000061035156,194.2100067138672,194.8000030517578,68600,0.0,0.0
2025-12-01 00:00:00-05:00,193.97999572753906,198.74000549316406,193.97999572753906,196.72000122070312,182100,0.0,0.0
2025-12-02 00:00:00-05:00,196.5,197.25,193.02000427246094,194.9199981689453,218200,0.0,0.0
2025-12-03 00:00:00-05:00,194.19000244140625,202.30999755859375,194.19000244140625,200.85000610351562,210200,0.0,0.0
2025-12-04 00:00:00-05:00,201.27999877929688,201.5,193.82000732421875,194.10000610351562,151400,0.0,0.0
2025-12-05 00:00:00-05:00,194.0,197.74000549316406,192.1699981689453,195.88999938964844,129000,0.0,0.0
2025-12-08 00:00:00-05:00,195.05999755859375,196.3000030517578,190.7100067138672,195.02000427246094,131000,0.0,0.0
2025-12-09 00:00:00-05:00,193.9499969482422,196.22000122070312,193.39999389648438,196.00999450683594,128400,0.0,0.0
2025-12-10 00:00:00-05:00,196.94000244140625,202.7899932861328,196.14999389648438,202.60000610351562,157700,0.0,0.0
2025-12-11 00:00:00-05:00,200.83999633789062,206.82000732421875,199.4199981689453,199.47000122070312,169800,0.0,0.0
2025-12-12 00:00:00-05:00,199.77999877929688,203.7100067138672,199.75999450683594,203.02999877929688,124800,0.0,0.0
2025-12-15 00:00:00-05:00,203.58999633789062,203.58999633789062,196.39999389648438,198.69000244140625,191500,0.0,0.0
2025-12-16 00:00:00-05:00,199.8800048828125,204.32000732421875,199.16000366210938,201.39999389648438,167500,0.0,0.0
2025-12-17 00:00:00-05:00,200.39999389648438,201.77999877929688,196.52000427246094,198.32000732421875,192800,0.0,0.0
2025-12-18 00:00:00-05:00,198.35000610351562,200.22999572753906,196.1999969482422,198.8300018310547,151500,0.0,0.0
2025-12-19 00:00:00-05:00,197.8699951171875,201.13999938964844,197.77999877929688,200.6699981689453,344700,0.0,0.0
2025-12-22 00:00:00-05:00,198.67999267578125,201.92999267578125,197.38999938964844,198.47000122070312,165400,0.0,0.0
2025-12-23 00:00:00-05:00,198.6199951171875,198.63999938964844,193.85000610351562,194.47999572753906,210200,0.0,0.0
2025-12-24 00:00:00-05:00,194.47999572753906,196.30999755859375,193.89999389648438,196.30999755859375,71500,0.0,0.0
2025-12-26 00:00:00-05:00,195.05999755859375,197.5,194.58999633789062,197.0500030517578,119200,0.0,0.0
2025-12-29 00:00:00-05:00,196.19000244140625,197.99000549316406,195.6699981689453,197.61000061035156,127800,0.0,0.0
2025-12-30 00:00:00-05:00,196.38999938964844,198.61000061035156,196.0,197.5500030517578,117900,0.0,0.0
2025-12-31 00:00:00-05:00,197.08999633789062,197.49000549316406,194.50999450683594,195.1300048828125,187200,0.0,0.0
2026-01-02 00:00:00-05:00,195.66000366210938,199.83999633789062,193.61000061035156,199.83999633789062,110400,0.0,0.0
2026-01-05 00:00:00-05:00,198.88999938964844,201.17999267578125,197.47999572753906,197.8699951171875,123700,0.0,0.0
2026-01-06 00:00:00-05:00,197.60000610351562,202.60000610351562,197.60000610351562,202.07000732421875,161800,0.0,0.0
2026-01-07 00:00:00-05:00,203.10000610351562,205.25,201.99000549316406,204.5,144700,0.0,0.0
2026-01-08 00:00:00-05:00,204.64999389648438,212.35000610351562,203.85000610351562,209.25999450683594,234700,0.0,0.0
2026-01-09 00:00:00-05:00,210.41000366210938,212.0,207.1199951171875,207.82000732421875,117200,0.0,0.0
2026-01-12 00:00:00-05:00,206.50999450683594,211.83999633789062,203.5,208.86000061035156,166100,0.0,0.0
2026-01-13 00:00:00-05:00,208.0,210.25,206.9600067138672,209.82000732421875,121200,0.0,0.0
2026-01-14 00:00:00-05:00,210.1999969482422,217.97000122070312,210.1999969482422,216.33999633789062,211400,0.0,0.0
2026-01-15 00:00:00-05:00,215.80999755859375,216.27000427246094,212.8800048828125,216.0800018310547,147000,0.0,0.0
2026-01-16 00:00:00-05:00,214.5,214.5,204.94000244140625,206.80999755859375,157400,0.0,0.0
2026-01-20 00:00:00-05:00,206.5,217.9499969482422,206.07000732421875,217.72000122070312,210400,0.0,0.0
2026-01-21 00:00:00-05:00,217.02000427246094,222.3300018310547,216.08999633789062,222.24000549316406,276900,0.0,0.0
2026-01-22 00:00:00-05:00,222.7100067138672,224.88999938964844,219.33999633789062,221.38999938964844,153700,0.0,0.0
2026-01-23 00:00:00-05:00,219.83999633789062,221.2100067138672,216.11000061035156,220.3300018310547,91400,0.0,0.0
2026-01-26 00:00:00-05:00,222.0,222.0,216.97000122070312,218.30999755859375,107700,0.0,0.0
2026-01-27 00:00:00-05:00,216.83999633789062,220.49000549316406,216.52000427246094,219.17999267578125,104400,0.0,0.0
2026-01-28 00:00:00-05:00,217.9499969482422,219.5500030517578,211.74000549316406,213.33999633789062,121700,0.0,0.0
2026-01-29 00:00:00-05:00,213.33999633789062,214.0399932861328,208.0399932861328,209.74000549316406,180800,0.0,0.0
2026-01-30 00:00:00-05:00,209.5500030517578,213.85000610351562,209.5500030517578,213.6199951171875,137300,0.0,0.0
2026-02-02 00:00:00-05:00,213.1699981689453,215.60000610351562,211.38999938964844,213.2899932861328,119400,0.0,0.0
2026-02-03 00:00:00-05:00,213.61000061035156,223.66000366210938,211.44000244140625,223.49000549316406,170600,0.0,0.0
2026-02-04 00:00:00-05:00,225.0,235.9499969482422,225.0,235.66000366210938,263800,0.0,0.0
2026-02-05 00:00:00-05:00,235.4499969482422,241.99000549316406,234.5399932861328,238.6999969482422,223200,0.0,0.0
2026-02-06 00:00:00-05:00,237.27000427246094,247.24000549316406,237.0800018310547,246.75999450683594,167700,0.0,0.0
2026-02-09 00:00:00-05:00,246.99000549316406,248.49000549316406,243.8699951171875,246.7100067138672,155800,0.0,0.0
2026-02-10 00:00:00-05:00,247.8800048828125,251.97999572753906,246.5,247.52000427246094,150700,0.0,0.0
2026-02-11 00:00:00-05:00,246.89999389648438,252.49000549316406,245.0,250.8300018310547,229000,0.0,0.0
2026-02-12 00:00:00-05:00,250.77000427246094,254.88999938964844,245.0399932861328,246.39999389648438,182000,0.0,0.0
2026-02-13 00:00:00-05:00,246.08999633789062,250.32000732421875,238.0,247.57000732421875,134100,0.0,0.0
2026-02-17 00:00:00-05:00,249.13999938964844,249.94000244140625,230.67999267578125,231.7100067138672,248300,0.0,0.0
2026-02-18 00:00:00-05:00,227.77000427246094,236.77000427246094,227.77000427246094,233.7100067138672,174500,0.0,0.0
2026-02-19 00:00:00-05:00,230.52000427246094,233.94000244140625,223.49000549316406,231.49000549316406,158100,0.0,0.0
2026-02-20 00:00:00-05:00,233.39999389648438,240.55999755859375,231.49000549316406,235.0,144900,0.0,0.0
2026-02-23 00:00:00-05:00,232.3800048828125,233.50999450683594,219.36000061035156,224.16000366210938,185700,0.0,0.0
2026-02-24 00:00:00-05:00,226.69000244140625,227.9199981689453,223.3699951171875,227.4499969482422,190600,0.0,0.0
2026-02-25 00:00:00-05:00,207.6999969482422,223.07000732421875,207.6999969482422,217.75999450683594,369400,0.0,0.0
2026-02-26 00:00:00-05:00,219.44000244140625,225.8800048828125,217.49000549316406,225.5800018310547,259100,0.0,0.0
2026-02-27 00:00:00-05:00,220.02000427246094,230.5800018310547,220.02000427246094,226.77999877929688,156900,0.0,0.0
2026-03-02 00:00:00-05:00,223.89999389648438,226.6300048828125,220.94000244140625,223.16000366210938,188000,0.0,0.0
2026-03-03 00:00:00-05:00,218.4499969482422,226.88999938964844,217.1199951171875,226.27000427246094,130700,0.0,0.0
2026-03-04 00:00:00-05:00,228.1699981689453,232.75,221.4600067138672,232.22999572753906,192500,0.0,0.0
2026-03-05 00:00:00-05:00,229.17999267578125,235.2100067138672,227.97999572753906,231.17999267578125,153100,0.0,0.0
2026-03-06 00:00:00-05:00,228.63999938964844,236.77999877929688,228.10000610351562,232.1999969482422,169200,0.0,0.0
2026-03-09 00:00:00-04:00,230.13999938964844,232.27000427246094,226.69000244140625,230.77999877929688,162500,0.0,0.0
2026-03-10 00:00:00-04:00,229.72000122070312,236.72999572753906,227.55999755859375,233.6699981689453,194600,0.0,0.0
2026-03-11 00:00:00-04:00,233.1699981689453,236.99000549316406,227.6699981689453,231.99000549316406,173900,0.0,0.0
2026-03-12 00:00:00-04:00,229.49000549316406,234.74000549316406,228.35000610351562,229.1999969482422,169500,0.0,0.0
2026-03-13 00:00:00-04:00,231.94000244140625,235.24000549316406,229.0800018310547,231.5,191900,0.0,0.0
2026-03-16 00:00:00-04:00,233.4600067138672,233.52999877929688,225.17999267578125,225.17999267578125,166600,0.0,0.0
2026-03-17 00:00:00-04:00,227.0500030517578,230.6699981689453,226.00999450683594,230.39999389648438,136700,0.0,0.0
2026-03-18 00:00:00-04:00,228.6699981689453,234.0399932861328,226.0,232.88999938964844,113600,0.0,0.0
2026-03-19 00:00:00-04:00,233.0500030517578,237.13999938964844,225.25999450683594,231.7899932861328,117500,0.0,0.0
2026-03-20 00:00:00-04:00,230.41000366210938,231.8300018310547,223.19000244140625,223.2100067138672,198000,0.0,0.0
2026-03-23 00:00:00-04:00,226.77999877929688,228.10000610351562,221.47000122070312,221.6199951171875,131300,0.0,0.0
2026-03-24 00:00:00-04:00,221.25999450683594,221.36000061035156,216.36000061035156,216.5800018310547,114700,0.0,0.0
2026-03-25 00:00:00-04:00,218.1300048828125,225.41000366210938,215.25,224.27000427246094,193800,0.0,0.0
2026-03-26 00:00:00-04:00,226.24000549316406,239.10000610351562,226.24000549316406,233.75999450683594,215900,0.0,0.0
2026-03-27 00:00:00-04:00,230.9499969482422,232.0,227.14999389648438,229.75999450683594,174700,0.0,0.0
2026-03-30 00:00:00-04:00,229.39999389648438,234.10000610351562,226.67999267578125,229.8300018310547,185100,0.0,0.0
2026-03-31 00:00:00-04:00,231.25999450683594,233.25999450683594,227.6999969482422,230.39999389648438,102600,0.0,0.0
2026-04-01 00:00:00-04:00,230.2899932861328,236.36000061035156,229.41000366210938,234.85000610351562,119300,0.0,0.0
2026-04-02 00:00:00-04:00,235.9600067138672,240.83999633789062,233.80999755859375,240.8300018310547,164600,0.0,0.0
2026-04-06 00:00:00-04:00,241.0,248.5500030517578,241.0,246.85000610351562,184100,0.0,0.0
2026-04-07 00:00:00-04:00,247.3800048828125,253.75,242.17999267578125,250.6699981689453,253600,0.0,0.0
2026-04-08 00:00:00-04:00,250.92999267578125,253.89999389648438,247.22999572753906,250.58999633789062,357700,0.0,0.0
2026-04-09 00:00:00-04:00,247.94000244140625,260.3800048828125,247.94000244140625,260.04998779296875,201500,0.0,0.0
2026-04-10 00:00:00-04:00,259.75,264.4599914550781,257.0,257.2099914550781,140100,0.0,0.0
2026-04-13 00:00:00-04:00,250.75999450683594,252.0500030517578,241.0,243.1300048828125,242700,0.0,0.0
2026-04-14 00:00:00-04:00,242.1199951171875,243.75999450683594,231.6699981689453,236.3800048828125,459200,0.0,0.0
2026-04-15 00:00:00-04:00,236.3699951171875,245.4600067138672,233.35000610351562,244.50999450683594,187400,0.0,0.0
2026-04-16 00:00:00-04:00,244.49000549316406,249.8300018310547,241.14999389648438,244.52000427246094,211900,0.0,0.0
2026-04-17 00:00:00-04:00,244.94000244140625,249.5800018310547,243.64999389648438,245.3300018310547,112000,0.0,0.0
2026-04-20 00:00:00-04:00,244.97999572753906,250.77999877929688,244.97999572753906,249.89999389648438,154800,0.0,0.0
2026-04-21 00:00:00-04:00,250.77000427246094,250.77000427246094,240.0,244.58999633789062,355600,0.0,0.0
2026-04-22 00:00:00-04:00,246.00999450683594,247.0500030517578,240.85000610351562,243.94000244140625,169500,0.0,0.0
2026-04-23 00:00:00-04:00,244.1199951171875,247.13999938964844,239.1199951171875,240.42999267578125,191000,0.0,0.0
2026-04-24 00:00:00-04:00,241.61000061035156,244.38999938964844,233.3300018310547,236.39999389648438,190500,0.0,0.0
2026-04-27 00:00:00-04:00,236.39999389648438,240.75,233.8000030517578,240.14999389648438,154100,0.0,0.0
2026-04-28 00:00:00-04:00,239.16000366210938,244.22999572753906,235.80999755859375,238.2100067138672,367700,0.0,0.0
2026-04-29 00:00:00-04:00,236.33999633789062,239.0,224.0,236.49000549316406,299300,0.0,0.0
2026-04-30 00:00:00-04:00,238.52000427246094,246.10000610351562,236.36000061035156,237.0399932861328,217500,0.0,0.0
2026-05-01 00:00:00-04:00,212.64999389648438,221.9600067138672,207.85000610351562,214.3000030517578,577700,0.0,0.0
2026-05-04 00:00:00-04:00,213.00999450683594,216.27999877929688,205.2100067138672,207.1699981689453,338000,0.0,0.0
2026-05-05 00:00:00-04:00,206.80999755859375,212.55999755859375,205.25,206.25,222000,0.0,0.0
2026-05-06 00:00:00-04:00,206.4499969482422,212.11000061035156,205.0,206.36000061035156,311000,0.0,0.0
2026-05-07 00:00:00-04:00,205.88999938964844,210.3800048828125,202.75999450683594,203.00999450683594,236800,0.0,0.0
2026-05-08 00:00:00-04:00,202.6699981689453,204.10000610351562,196.27999877929688,197.33999633789062,277100,0.0,0.0
2026-05-11 00:00:00-04:00,198.1300048828125,199.6699981689453,187.57000732421875,188.5399932861328,303100,0.0,0.0
2026-05-12 00:00:00-04:00,189.0800018310547,191.75999450683594,181.80999755859375,181.82000732421875,400500,0.0,0.0
2026-05-13 00:00:00-04:00,180.99000549316406,184.1999969482422,176.77000427246094,179.19000244140625,401500,0.0,0.0
2026-05-14 00:00:00-04:00,180.49000549316406,182.5,169.97999572753906,173.17999267578125,565700,0.0,0.0
2026-05-15 00:00:00-04:00,175.0,177.77000427246094,173.1699981689453,174.72999572753906,293200,0.0,0.0
2026-05-18 00:00:00-04:00,173.5800018310547,177.02999877929688,172.5,174.02999877929688,294600,0.0,0.0
2026-05-19 00:00:00-04:00,175.0399932861328,181.0500030517578,172.25999450683594,178.7899932861328,391900,0.0,0.0
2026-05-20 00:00:00-04:00,181.88999938964844,184.97000122070312,178.13999938964844,183.44000244140625,292100,0.0,0.0
2026-05-21 00:00:00-04:00,181.64999389648438,187.5500030517578,178.5,186.02999877929688,313400,0.0,0.0
2026-05-22 00:00:00-04:00,185.4199981689453,190.58999633789062,185.38999938964844,190.10000610351562,278800,0.0,0.0
2026-05-26 00:00:00-04:00,188.0399932861328,188.57000732421875,181.50999450683594,181.6300048828125,350800,0.0,0.0
2026-05-27 00:00:00-04:00,184.22000122070312,187.99000549316406,182.41000366210938,183.4499969482422,235700,0.0,0.0
2026-05-28 00:00:00-04:00,181.3699951171875,186.0,179.50999450683594,180.4499969482422,169208,0.0,0.0
