Date,Open,High,Low,Close,Volume,Dividends,Stock Splits
2022-01-03 00:00:00-05:00,23.166712639661768,23.24724596224512,22.87142435909637,22.9698543548584,8000,0.0,0.0
2022-01-04 00:00:00-05:00,22.898267785410503,23.005644403615907,22.746149487352373,22.86247444152832,13100,0.0,0.0
2022-01-05 00:00:00-05:00,22.8624743153758,22.8624743153758,22.6119277364653,22.656667709350586,16200,0.0,0.0
2022-01-06 00:00:00-05:00,22.647720693029814,22.81773567199707,22.549292405603016,22.81773567199707,10700,0.0,0.0
2022-01-07 00:00:00-05:00,22.728255239469377,22.844581912772597,22.64772191386584,22.75510025024414,6600,0.0,0.0
2022-01-10 00:00:00-05:00,22.692461456548262,22.817734748231096,22.692461456548262,22.790889739990234,5200,0.0,0.0
2022-01-11 00:00:00-05:00,22.772998563353873,22.87142686317162,22.772998563353873,22.80879020690918,6700,0.0,0.0
2022-01-12 00:00:00-05:00,22.835632344882185,22.87142398393175,22.81773567199707,22.81773567199707,2900,0.0,0.0
2022-01-13 00:00:00-05:00,22.790893531771086,22.88037520074067,22.790893531771086,22.80879020690918,15100,0.0,0.0
2022-01-14 00:00:00-05:00,22.710357603405924,22.862475911242985,22.710357603405924,22.764047622680664,7100,0.0,0.0
2022-01-18 00:00:00-05:00,22.60297940054413,22.71930435407821,22.60297940054413,22.656667709350586,10400,0.0,0.0
2022-01-19 00:00:00-05:00,22.638776482845653,22.746154833006997,22.620881513419576,22.71036148071289,5600,0.0,0.0
2022-01-20 00:00:00-05:00,22.737202613043294,22.79983926214314,22.719305939951717,22.764047622680664,4700,0.0,0.0
2022-01-21 00:00:00-05:00,22.75509866581565,22.81773531320798,22.647720336914062,22.647720336914062,4600,0.0,0.0
2022-01-24 00:00:00-05:00,22.59403198522034,22.737201952351413,22.54929201051212,22.683513641357422,5800,0.0,0.0
2022-01-25 00:00:00-05:00,22.728253656910095,22.728253656910095,22.620877034729144,22.647720336914062,5000,0.0,0.0
2022-01-26 00:00:00-05:00,22.64772055809885,22.701410576434316,22.51349892570149,22.629825592041016,15100,0.0,0.0
2022-01-27 00:00:00-05:00,22.56718685812732,22.5850835306051,22.4687585729408,22.477706909179688,6900,0.0,0.0
2022-01-28 00:00:00-05:00,22.47680931885743,22.69275924643335,22.40482600966546,22.557790756225586,10200,0.139,0.0
2022-01-31 00:00:00-05:00,22.566787462586944,22.989689162917784,22.548791207368435,22.944700241088867,32600,0.0,0.0
2022-02-01 00:00:00-05:00,22.926706288571076,22.944702545597085,22.72875260993757,22.85472297668457,6500,0.0,0.0
2022-02-02 00:00:00-05:00,22.91770730218545,22.92670543036163,22.52179995973833,22.557790756225586,11400,0.0,0.0
2022-02-03 00:00:00-05:00,22.62077589258071,22.76474251068042,22.55779071168927,22.746747970581055,10200,0.0,0.0
2022-02-04 00:00:00-05:00,22.692756976204258,22.74674573986019,22.692756976204258,22.719751358032227,4600,0.0,0.0
2022-02-07 00:00:00-05:00,22.66576505210664,22.7377483564522,22.66576505210664,22.728750228881836,2000,0.0,0.0
2022-02-08 00:00:00-05:00,22.692756976204258,22.74674573986019,22.692756976204258,22.719751358032227,5400,0.0,0.0
2022-02-09 00:00:00-05:00,22.755743867136182,22.791734660022843,22.719751358032227,22.719751358032227,13000,0.0,0.0
2022-02-10 00:00:00-05:00,22.719752101311474,22.809731660797762,22.71075397374111,22.728750228881836,19700,0.0,0.0
2022-02-11 00:00:00-05:00,22.728749485308214,22.80973091457482,22.719751358032227,22.719751358032227,10400,0.0,0.0
2022-02-14 00:00:00-05:00,22.76473794788175,22.76473794788175,22.71974903232439,22.73774528503418,4600,0.0,0.0
2022-02-15 00:00:00-05:00,22.71975358610581,22.746747970581055,22.63877214889754,22.746747970581055,13000,0.0,0.0
2022-02-16 00:00:00-05:00,22.719751358032227,22.755743867136182,22.674762437869575,22.719751358032227,2300,0.0,0.0
2022-02-17 00:00:00-05:00,22.710751608797715,22.737745988697796,22.647766438581368,22.674760818481445,10400,0.0,0.0
2022-02-18 00:00:00-05:00,22.665764310593588,22.791734660022843,22.665764310593588,22.719751358032227,2600,0.0,0.0
2022-02-22 00:00:00-05:00,22.656766183317597,22.728749485308214,22.656766183317597,22.719751358032227,13200,0.0,0.0
2022-02-23 00:00:00-05:00,22.63876992876562,22.728749485308214,22.62077367421364,22.719751358032227,23600,0.0,0.0
2022-02-24 00:00:00-05:00,22.5937844060381,22.809734344482422,22.5937844060381,22.809734344482422,10900,0.0,0.0
2022-02-25 00:00:00-05:00,22.818729429853448,22.88171460563906,22.629772186279297,22.629772186279297,1900,0.0,0.0
2022-02-28 00:00:00-05:00,22.719756781378486,23.079673377245893,22.719756781378486,22.764745712280273,7000,0.0,0.0
2022-03-01 00:00:00-05:00,22.89971122028405,23.07067049546891,22.674763179677004,22.728750228881836,8600,0.0,0.0
2022-03-02 00:00:00-05:00,22.737747612584204,22.88171421656544,22.710753230756236,22.719751358032227,3200,0.0,0.0
2022-03-03 00:00:00-05:00,22.73774984242264,22.92670538509696,22.71975358610581,22.746747970581055,6600,0.0,0.0
2022-03-04 00:00:00-05:00,22.719751358032227,22.76474027819488,22.68375884892827,22.719751358032227,11300,0.0,0.0
2022-03-07 00:00:00-05:00,22.674762857571345,22.719751778566724,22.674762857571345,22.70175552368164,8000,0.0,0.0
2022-03-08 00:00:00-05:00,22.638770734717692,22.674763245103,22.584783685357085,22.61177635192871,6800,0.0,0.0
2022-03-09 00:00:00-05:00,22.71975629894663,22.71975629894663,22.566791534423828,22.566791534423828,2400,0.0,0.0
2022-03-10 00:00:00-05:00,22.55778991356656,22.656767603589707,22.54879178572651,22.593782424926758,9900,0.0,0.0
2022-03-11 00:00:00-05:00,22.71975363096189,22.71975363096189,22.52179995973833,22.557790756225586,6800,0.0,0.0
2022-03-14 00:00:00-04:00,22.50380399573036,22.512802124023438,22.44981694218941,22.512802124023438,8900,0.0,0.0
2022-03-15 00:00:00-04:00,22.539792916357033,22.58478355407715,22.503802122398284,22.58478355407715,2000,0.0,0.0
2022-03-16 00:00:00-04:00,22.647767161940465,22.65676528886122,22.251858158513333,22.422819137573242,26000,0.0,0.0
2022-03-17 00:00:00-04:00,22.458813062505072,22.620775937241376,22.44081852237018,22.557790756225586,11800,0.0,0.0
2022-03-18 00:00:00-04:00,22.503806326246412,22.575789643828177,22.47681193857163,22.494808197021484,5800,0.0,0.0
2022-03-21 00:00:00-04:00,22.494806609103808,22.566789921604236,22.404827039423882,22.521800994873047,27500,0.0,0.0
2022-03-22 00:00:00-04:00,22.44981309867638,22.548789060520065,22.323841040357845,22.440814971923828,22200,0.0,0.0
2022-03-23 00:00:00-04:00,22.36883470634144,22.47680880957417,22.35983657836914,22.35983657836914,23200,0.0,0.0
2022-03-24 00:00:00-04:00,22.35983326362319,22.485803604125977,22.35983326362319,22.485803604125977,6800,0.0,0.0
2022-03-25 00:00:00-04:00,22.512800149497465,22.512800149497465,22.206870679235017,22.368833541870117,16800,0.0,0.0
2022-03-28 00:00:00-04:00,22.395826272960868,22.395826272960868,22.206870743484785,22.251859664916992,43200,0.0,0.0
2022-03-29 00:00:00-04:00,22.278854991737195,22.278854991737195,21.80196450974427,21.999919891357422,77300,0.0,0.0
2022-03-30 00:00:00-04:00,22.179874508680893,22.224865142573332,21.648997042270523,21.77496910095215,31600,0.0,0.0
2022-03-31 00:00:00-04:00,21.675993808072036,21.85595293101208,21.64000129699707,21.64000129699707,12700,0.0,0.0
2022-04-01 00:00:00-04:00,21.648998905580747,21.792965513993227,21.30707863965544,21.702987670898438,9700,0.0,0.0
2022-04-04 00:00:00-04:00,21.54102561367381,21.675994099585296,21.388060871982816,21.595012664794922,9900,0.0,0.0
2022-04-05 00:00:00-04:00,21.595009894120068,21.747974616185438,21.34306749418381,21.37006187438965,6400,0.0,0.0
2022-04-06 00:00:00-04:00,21.22609259582139,21.613003415442193,20.983148353331543,21.289077758789062,10200,0.0,0.0
2022-04-07 00:00:00-04:00,21.13611923881096,21.487037658691406,21.13611923881096,21.487037658691406,6800,0.0,0.0
2022-04-08 00:00:00-04:00,20.88417336669112,21.451043338543947,20.88417336669112,21.442045211791992,6200,0.0,0.0
2022-04-11 00:00:00-04:00,21.370063779919604,21.41505270139039,21.001149131963643,21.10912322998047,5900,0.0,0.0
2022-04-12 00:00:00-04:00,21.14511436512862,21.217097664531433,20.722212695664254,20.947160720825195,16600,0.0,0.0
2022-04-13 00:00:00-04:00,21.00961853708768,21.036775064754,20.82858019889023,20.973411560058594,12800,0.139,0.0
2022-04-14 00:00:00-04:00,20.991515911836142,21.091086393560634,20.611333157137683,20.973411560058594,12100,0.0,0.0
2022-04-18 00:00:00-04:00,20.828579151330263,20.973410505214428,20.774267825255183,20.846683502197266,19200,0.0,0.0
2022-04-19 00:00:00-04:00,20.729008224050393,20.774269104003906,20.683749070622913,20.774269104003906,14400,0.0,0.0
2022-04-20 00:00:00-04:00,20.692803621133343,20.80142629243427,20.584179223306183,20.61133575439453,16100,0.0,0.0
2022-04-21 00:00:00-04:00,20.71090715092438,20.71090715092438,20.26736081631593,20.50271224975586,20700,0.0,0.0
2022-04-22 00:00:00-04:00,20.54796623151348,20.58417320251465,20.3759783713122,20.58417320251465,3200,0.0,0.0
2022-04-25 00:00:00-04:00,20.584178868454934,21.244972241477203,20.54797188748754,20.80142593383789,27200,0.0,0.0
2022-04-26 00:00:00-04:00,20.919097696752043,21.17255168482589,20.74710982875493,20.90099334716797,9900,0.0,0.0
2022-04-27 00:00:00-04:00,20.819530686189786,20.95530988883795,20.47555659104602,20.837635040283203,10200,0.0,0.0
2022-04-28 00:00:00-04:00,20.900995382766652,20.937202358935284,20.375981279376678,20.692800521850586,8600,0.0,0.0
2022-04-29 00:00:00-04:00,20.538921502918342,21.145403594150352,20.50271279226504,21.000572204589844,31800,0.0,0.0
2022-05-02 00:00:00-04:00,20.82858463083046,20.82858463083046,20.375986099243164,20.375986099243164,10300,0.0,0.0
2022-05-03 00:00:00-04:00,20.62038464164231,20.846683851696007,20.294513226676678,20.67469596862793,15300,0.0,0.0
2022-05-04 00:00:00-04:00,20.547969327532375,21.163501739501953,20.547969327532375,21.163501739501953,19900,0.0,0.0
2022-05-05 00:00:00-04:00,21.036774862525736,21.036774862525736,20.502708575904162,20.955307006835938,9000,0.0,0.0
2022-05-06 00:00:00-04:00,20.910047884991954,20.910047884991954,20.51176078176112,20.738059997558594,7800,0.0,0.0
2022-05-09 00:00:00-04:00,20.58417865222739,20.810477892106576,20.52081514130541,20.76521873474121,8400,0.0,0.0
2022-05-10 00:00:00-04:00,20.665644095590764,20.729007599089297,20.59322841637444,20.701852798461914,12700,0.0,0.0
2022-05-11 00:00:00-04:00,20.792373756964494,20.81047811071129,20.54797188748754,20.80142593383789,5000,0.0,0.0
2022-05-12 00:00:00-04:00,20.683747974837004,21.082035064697266,20.683747974837004,21.082035064697266,5000,0.0,0.0
2022-05-13 00:00:00-04:00,20.910048055363184,20.973411560058594,20.729007990639722,20.973411560058594,3000,0.0,0.0
2022-05-16 00:00:00-04:00,20.819525601943944,20.95530477143407,20.774266454289172,20.910045623779297,15300,0.0,0.0
2022-05-17 00:00:00-04:00,20.81952691729117,20.919099120253467,20.638486862182617,20.638486862182617,12900,0.0,0.0
2022-05-18 00:00:00-04:00,20.58417688146541,20.810476101877114,20.58417688146541,20.79237174987793,13700,0.0,0.0
2022-05-19 00:00:00-04:00,20.42124299542557,20.900998007214003,20.385036014710582,20.56607437133789,8400,0.0,0.0
2022-05-20 00:00:00-04:00,20.557017740991167,20.81952563204059,20.557017740991167,20.710901260375977,10500,0.0,0.0
2022-05-23 00:00:00-04:00,20.774272621437355,20.93720663727937,20.69280475025318,20.747116088867188,11500,0.0,0.0
2022-05-24 00:00:00-04:00,20.801421150981355,21.000565543354583,20.801421150981355,20.90099334716797,3600,0.0,0.0
2022-05-25 00:00:00-04:00,20.973408482994056,21.091083299231713,20.964356308433352,21.05487632751465,15900,0.0,0.0
2022-05-26 00:00:00-04:00,21.09108551368246,21.199709893290148,20.95530633406731,21.082035064697266,8400,0.0,0.0
2022-05-27 00:00:00-04:00,21.1544512902823,21.263073946177997,21.04582690786062,21.163501739501953,16900,0.0,0.0
2022-05-31 00:00:00-04:00,20.891943308957515,21.082035545979096,20.68374844702634,20.701852798461914,140800,0.0,0.0
2022-06-01 00:00:00-04:00,20.801422725944096,20.864786227760074,20.692800073266977,20.855735778808594,50500,0.0,0.0
2022-06-02 00:00:00-04:00,20.810474901421514,20.864786227760074,20.774267926037783,20.855735778808594,11400,0.0,0.0
2022-06-03 00:00:00-04:00,20.774269325278155,20.846685007449068,20.774269325278155,20.810476303100586,4000,0.0,0.0
2022-06-06 00:00:00-04:00,20.72900802307244,20.837632407381673,20.683748870083768,20.75616455078125,11800,0.0,0.0
2022-06-07 00:00:00-04:00,20.792374055658126,20.891946276169715,20.69280356167276,20.828582763671875,7100,0.0,0.0
2022-06-08 00:00:00-04:00,20.692801266934485,20.810476101877114,20.63848821093693,20.79237174987793,22800,0.0,0.0
2022-06-09 00:00:00-04:00,20.701856115944558,20.8466874975865,20.65659523010254,20.65659523010254,6700,0.0,0.0
2022-06-10 00:00:00-04:00,20.547970114081313,20.557020563647406,20.149682998657227,20.149682998657227,27800,0.0,0.0
2022-06-13 00:00:00-04:00,19.914330531630494,19.914330531630494,19.461732110457074,19.597511291503906,20900,0.0,0.0
2022-06-14 00:00:00-04:00,19.47983693181548,19.878122308962002,19.38026472426585,19.86001968383789,16900,0.0,0.0
2022-06-15 00:00:00-04:00,19.57035751533897,20.185889950064205,19.55225316317839,19.70613670349121,6200,0.0,0.0
2022-06-16 00:00:00-04:00,19.552250766489383,19.67897776302731,19.461730743308365,19.660873413085938,6700,0.0,0.0
2022-06-17 00:00:00-04:00,19.733292227175674,20.113475003827094,19.561306054935972,19.78760528564453,21700,0.0,0.0
2022-06-21 00:00:00-04:00,19.850965736994798,19.941485760643562,19.552250867521963,19.669925689697266,4800,0.0,0.0
2022-06-22 00:00:00-04:00,19.579410273261274,19.7695025403067,19.543203291197443,19.76045036315918,6500,0.0,0.0
2022-06-23 00:00:00-04:00,19.923383712768555,20.185889912504305,19.90527936064166,19.923383712768555,10500,0.0,0.0
2022-06-24 00:00:00-04:00,19.986747885864073,20.122527078296116,19.751396479936354,19.778553009033203,6900,0.0,0.0
2022-06-27 00:00:00-04:00,19.796659883338396,19.914334738027886,19.69708765715983,19.850971221923828,4800,0.0,0.0
2022-06-28 00:00:00-04:00,19.733292127205118,19.977695709498455,19.64277381660116,19.778553009033203,13300,0.0,0.0
2022-06-29 00:00:00-04:00,19.869069543894014,19.905276516448268,19.742340823639626,19.823808670043945,9600,0.0,0.0
2022-06-30 00:00:00-04:00,19.751395071512153,20.321670056198347,19.751395071512153,20.059162139892578,28000,0.0,0.0
2022-07-01 00:00:00-04:00,20.213048044719898,20.36693159695796,20.18589151437453,20.321672439575195,7000,0.0,0.0
2022-07-05 00:00:00-04:00,20.36693159695796,20.403140304085124,20.149684533773552,20.321672439575195,7000,0.0,0.0
2022-07-06 00:00:00-04:00,20.357880765497274,20.50271215052452,20.357880765497274,20.49365997314453,12600,0.0,0.0
2022-07-07 00:00:00-04:00,20.403140175283998,20.403140175283998,20.05011218912752,20.10442352294922,9400,0.0,0.0
2022-07-08 00:00:00-04:00,20.10442011393842,20.1677853402664,20.041056614136323,20.140628814697266,2400,0.0,0.0
2022-07-11 00:00:00-04:00,20.140629140251026,20.294512667911736,20.09536999009678,20.185888290405273,3500,0.0,0.0
2022-07-12 00:00:00-04:00,20.294516484714766,20.312620838791723,20.050112884254514,20.167789459228516,6400,0.0,0.0
2022-07-13 00:00:00-04:00,20.059163264060626,20.17683982849121,19.887175368791507,20.17683982849121,2300,0.0,0.0
2022-07-14 00:00:00-04:00,20.095372130777005,20.095372130777005,19.814759845045263,19.98674774169922,5000,0.0,0.0
2022-07-15 00:00:00-04:00,20.050108159344695,20.068212509155273,19.97769248662821,20.068212509155273,1300,0.0,0.0
2022-07-18 00:00:00-04:00,20.02295368738724,20.194939833812406,20.02295368738724,20.11347198486328,4800,0.0,0.0
2022-07-19 00:00:00-04:00,20.13157633496883,20.167785035179932,20.059160661072486,20.11347198486328,6200,0.0,0.0
2022-07-20 00:00:00-04:00,20.05916456499647,20.122528076171875,20.05916456499647,20.122528076171875,4000,0.0,0.0
2022-07-21 00:00:00-04:00,20.0863162212914,20.213043212890625,20.050107522819754,20.213043212890625,9000,0.0,0.0
2022-07-22 00:00:00-04:00,20.276410856234975,20.31261956211312,20.068215977014,20.2583065032959,13500,0.0,0.0
2022-07-25 00:00:00-04:00,20.25830406816067,20.276408418923523,20.113472715109683,20.1949405670166,9800,0.0,0.0
2022-07-26 00:00:00-04:00,20.1587347511253,20.258305232994367,20.09537124633789,20.09537124633789,7900,0.0,0.0
2022-07-27 00:00:00-04:00,20.095373072750746,20.203995740394145,20.095373072750746,20.10442352294922,15600,0.0,0.0
2022-07-28 00:00:00-04:00,20.185495376586914,20.358566447353052,20.149060367551762,20.185495376586914,6800,0.139,0.0
2022-07-29 00:00:00-04:00,20.240142407166783,20.677374540176213,20.240142407166783,20.64093780517578,42700,0.0,0.0
2022-08-01 00:00:00-04:00,20.640942905082614,20.695596283687717,20.486090217868508,20.622724533081055,13200,0.0,0.0
2022-08-02 00:00:00-04:00,20.71381350848138,20.71381350848138,20.376782332116445,20.467870712280273,5600,0.0,0.0
2022-08-03 00:00:00-04:00,20.404105167817402,20.70470129564501,20.404105167817402,20.66826629638672,4800,0.0,0.0
2022-08-04 00:00:00-04:00,20.71381113813982,20.71381113813982,20.376780000342336,20.6318302154541,7800,0.0,0.0
2022-08-05 00:00:00-04:00,20.45875802677749,20.622719862861594,20.340342110382963,20.47697639465332,5000,0.0,0.0
2022-08-08 00:00:00-04:00,20.413219644925295,20.54074478149414,20.331238703588273,20.54074478149414,21500,0.0,0.0
2022-08-09 00:00:00-04:00,20.413217025821655,20.595397258173794,20.31301772428803,20.45876121520996,5500,0.0,0.0
2022-08-10 00:00:00-04:00,20.57718024019891,20.631833618537673,20.38589080991388,20.558961868286133,2600,0.0,0.0
2022-08-11 00:00:00-04:00,20.495200392466135,20.495200392466135,20.376784443543293,20.413219451904297,6700,0.0,0.0
2022-08-12 00:00:00-04:00,20.45875802677749,20.549848128757457,20.385886292673355,20.47697639465332,12200,0.0,0.0
2022-08-15 00:00:00-04:00,20.39499556063637,20.476976479016173,20.313014642256565,20.35856056213379,11200,0.0,0.0
2022-08-16 00:00:00-04:00,20.43143606089262,20.495198623069356,20.221930003054904,20.24014663696289,24700,0.0,0.0
2022-08-17 00:00:00-04:00,20.21282040243135,20.294801334232517,20.01242179696206,20.167274475097656,28000,0.0,0.0
2022-08-18 00:00:00-04:00,20.139945784004315,20.22192670411445,20.03063731139106,20.194599151611328,13600,0.0,0.0
2022-08-19 00:00:00-04:00,20.030637852386942,20.11261877471125,20.030637852386942,20.09440040588379,4500,0.0,0.0
2022-08-22 00:00:00-04:00,20.048857081249,20.048857081249,19.948657785798986,20.003311157226562,4900,0.0,0.0
2022-08-23 00:00:00-04:00,19.875785903288776,20.13083786380095,19.875785903288776,19.994203567504883,14200,0.0,0.0
2022-08-24 00:00:00-04:00,19.966877606849888,20.06707690958364,19.7846973723157,19.985095977783203,9500,0.0,0.0
2022-08-25 00:00:00-04:00,19.912224539150795,20.194602343382808,19.894006167935956,20.17638397216797,7500,0.0,0.0
2022-08-26 00:00:00-04:00,20.03974945706425,20.121730389289652,19.930440968297216,20.048858642578125,2700,0.0,0.0
2022-08-29 00:00:00-04:00,19.921333210467395,20.039749145507812,19.921333210467395,20.039749145507812,900,0.0,0.0
2022-08-30 00:00:00-04:00,19.930440449071657,20.121729865080646,19.830242885828323,19.91222381591797,18600,0.0,0.0
2022-08-31 00:00:00-04:00,20.012419790174075,20.012419790174075,19.6025169096716,19.684497833251953,28800,0.0,0.0
2022-09-01 00:00:00-04:00,19.556967218495952,19.666275674673674,19.538750590298807,19.629838943481445,14900,0.0,0.0
2022-09-02 00:00:00-04:00,19.693609900284574,19.74826327820445,19.65717315673828,19.65717315673828,5200,0.0,0.0
2022-09-06 00:00:00-04:00,19.629841876313343,19.711822796345402,19.538753509521484,19.538753509521484,9300,0.0,0.0
2022-09-07 00:00:00-04:00,19.675384857471734,19.720929034063055,19.538750590298807,19.629838943481445,3300,0.0,0.0
2022-09-08 00:00:00-04:00,19.602519054452625,19.66628161590288,19.502319750802517,19.575191497802734,9900,0.0,0.0
2022-09-09 00:00:00-04:00,19.675389414881558,19.884895455567857,19.611626857924804,19.711824417114258,5000,0.0,0.0
2022-09-12 00:00:00-04:00,19.802918316085627,19.821136689385913,19.648065617832625,19.766483306884766,2700,0.0,0.0
2022-09-13 00:00:00-04:00,19.67539111442213,19.74826286258149,19.584300994873047,19.584300994873047,14000,0.0,0.0
2022-09-14 00:00:00-04:00,19.611625470927855,19.702713838767227,19.55697036534513,19.666278839111328,6000,0.0,0.0
2022-09-15 00:00:00-04:00,19.68450252915596,19.70271916520898,19.593412399291992,19.593412399291992,3900,0.0,0.0
2022-09-16 00:00:00-04:00,19.575194001078966,19.91222695992943,19.575194001078966,19.775590896606445,52100,0.0,0.0
2022-09-19 00:00:00-04:00,19.65717336751959,19.766481861931005,19.520539052555005,19.602519989013672,14000,0.0,0.0
2022-09-20 00:00:00-04:00,19.575190446710163,19.58429963177101,19.137959988186015,19.301921844482422,28500,0.0,0.0
2022-09-21 00:00:00-04:00,19.35657702911136,19.374795400938183,19.001327465486117,19.238161087036133,19400,0.0,0.0
2022-09-22 00:00:00-04:00,19.21994160954029,19.21994160954029,18.973998816225258,19.02865219116211,12600,0.0,0.0
2022-09-23 00:00:00-04:00,18.901128669847548,19.092416367012262,18.673404228042155,18.837366104125977,12300,0.0,0.0
2022-09-26 00:00:00-04:00,18.60964032874517,18.892018129876643,18.60053114323777,18.737165451049805,20300,0.0,0.0
2022-09-27 00:00:00-04:00,18.755385264393478,18.9011287689209,18.682513512129766,18.9011287689209,6000,0.0,0.0
2022-09-28 00:00:00-04:00,18.937564122107695,19.110633435141082,18.846474004121998,19.037761688232422,14000,0.0,0.0
2022-09-29 00:00:00-04:00,18.873800799704828,18.992218480431987,18.791819863016666,18.828256607055664,10800,0.0,0.0
2022-09-30 00:00:00-04:00,18.755383033780422,19.15617849226328,18.755383033780422,19.12885093688965,50300,0.0,0.0
2022-10-03 00:00:00-04:00,19.265485238958977,19.292812794332608,19.11063256664056,19.12885093688965,5700,0.0,0.0
2022-10-04 00:00:00-04:00,19.0650897209767,19.283704967162347,19.0650897209767,19.22905158996582,6700,0.0,0.0
2022-10-05 00:00:00-04:00,19.110629068890727,19.229046716436827,19.01043152565837,19.137956619262695,13200,0.0,0.0
2022-10-06 00:00:00-04:00,19.137963006365666,19.165290565857934,19.08330962478081,19.101526260375977,10100,0.0,0.0
2022-10-07 00:00:00-04:00,19.12884965465376,19.320137317248633,18.946669439173526,19.14706802368164,32800,0.0,0.0
2022-10-10 00:00:00-04:00,19.26548206567761,19.839348472204534,19.174391966835337,19.32924461364746,31700,0.0,0.0
2022-10-11 00:00:00-04:00,19.265485139564273,19.28370350971937,18.892017238381847,19.24726676940918,14500,0.0,0.0
2022-10-12 00:00:00-04:00,19.15617849226328,19.19261349536204,19.12885093688965,19.12885093688965,8000,0.0,0.0
2022-10-13 00:00:00-04:00,18.67340432592185,19.11063483950411,18.67340432592185,18.9011287689209,30700,0.0,0.0
2022-10-14 00:00:00-04:00,18.800928427206564,18.901127732600244,18.800928427206564,18.81003761291504,11500,0.0,0.0
2022-10-17 00:00:00-04:00,18.882904347465733,19.092410350934795,18.636961610837318,18.655179977416992,5500,0.0,0.0
2022-10-18 00:00:00-04:00,18.755385696235095,18.87380164486529,18.363699367274243,18.43657112121582,67900,0.0,0.0
2022-10-19 00:00:00-04:00,18.35458765474491,18.400133580564773,18.227062537248138,18.23617172241211,46900,0.0,0.0
2022-10-20 00:00:00-04:00,18.309040689919012,18.536765072287658,18.090425491333008,18.090425491333008,19600,0.0,0.0
2022-10-21 00:00:00-04:00,18.135971271726316,18.18151545725559,18.053990347854178,18.081317901611328,13700,0.0,0.0
2022-10-24 00:00:00-04:00,18.23617549144789,18.32726562451462,18.044886038267784,18.11775779724121,4200,0.0,0.0
2022-10-25 00:00:00-04:00,18.154190793335776,18.318152651488443,18.12686323784386,18.23617172241211,35100,0.0,0.0
2022-10-26 00:00:00-04:00,18.190622759830074,18.400130508827154,18.190622759830074,18.26349449157715,66600,0.0,0.0
2022-10-27 00:00:00-04:00,18.400134728945382,18.418351363010835,18.327262980484985,18.39102554321289,6700,0.0,0.0
2022-10-28 00:00:00-04:00,18.481825898749165,18.582719802856445,18.39927665892384,18.582719802856445,20000,0.139,0.0
2022-10-31 00:00:00-04:00,18.546027716420806,19.105527647716148,18.546027716420806,18.88539695739746,55400,0.0,0.0
2022-11-01 00:00:00-04:00,18.766162603231226,19.123876585753955,18.71113035570604,18.729475021362305,30400,0.0,0.0
2022-11-02 00:00:00-04:00,18.830367504778344,19.03215356336132,18.656096693149177,18.78450584411621,24600,0.0,0.0
2022-11-03 00:00:00-04:00,18.756991720332074,19.004637704962768,18.555203900222562,18.894573211669922,21800,0.0,0.0
2022-11-04 00:00:00-04:00,18.830364769698487,18.949601571214142,18.601061748024122,18.701953887939453,16200,0.0,0.0
2022-11-07 00:00:00-05:00,18.77533073751651,18.90374161895149,18.646921605524746,18.88539695739746,9600,0.0,0.0
2022-11-08 00:00:00-05:00,18.848709214474532,18.98629243822084,18.665267831885053,18.857881546020508,14100,0.0,0.0
2022-11-09 00:00:00-05:00,18.857879965066417,19.142216970824204,18.73864316385167,18.88539695739746,22200,0.0,0.0
2022-11-10 00:00:00-05:00,18.97712360266602,19.41738510131836,18.894574352988247,19.41738510131836,50300,0.0,0.0
2022-11-11 00:00:00-05:00,19.380691360949495,19.619166722514645,19.022979193323415,19.35317611694336,38500,0.0,0.0
2022-11-14 00:00:00-05:00,19.307317784823265,19.444901026311157,19.15139162732143,19.298147201538086,12900,0.0,0.0
2022-11-15 00:00:00-05:00,19.298149479799786,19.41738632046318,19.133050970078322,19.344009399414062,28800,0.0,0.0
2022-11-16 00:00:00-05:00,19.316491920622603,19.48159042626409,19.169738082151007,19.288976669311523,25400,0.0,0.0
2022-11-17 00:00:00-05:00,19.270632056114504,19.362353642777084,19.151393468620025,19.30731964111328,21500,0.0,0.0
2022-11-18 00:00:00-05:00,19.224768539707963,19.325662450280795,19.14222104403625,19.298147201538086,29400,0.0,0.0
2022-11-21 00:00:00-05:00,19.188081780421594,19.279803362195814,18.967951033829664,18.986295700073242,33500,0.0,0.0
2022-11-22 00:00:00-05:00,18.949606846085487,19.20642693164957,18.949606846085487,19.04132843017578,29300,0.0,0.0
2022-11-23 00:00:00-05:00,18.986292970601824,19.21559601735091,18.949603643389135,19.10552978515625,22800,0.0,0.0
2022-11-25 00:00:00-05:00,19.050502987401725,19.142224582199198,19.01381364970517,19.06884765625,2700,0.0,0.0
2022-11-28 00:00:00-05:00,19.041327006368007,19.1422209162674,19.004637675697836,19.096359252929688,21200,0.0,0.0
2022-11-29 00:00:00-05:00,18.995462789815857,19.31648739225605,18.995462789815857,19.215595245361328,52300,0.0,0.0
2022-11-30 00:00:00-05:00,19.22476582735266,19.435725951463457,19.105529017588594,19.215595245361328,59800,0.0,0.0
2022-12-01 00:00:00-05:00,19.243115476930104,19.426558654274796,19.197255557315827,19.344009399414062,16000,0.0,0.0
2022-12-02 00:00:00-05:00,19.23394272167197,19.42655822860776,19.12387821723188,19.30731964111328,14700,0.0,0.0
2022-12-05 00:00:00-05:00,19.344007418968218,19.399039666759887,19.13304901123047,19.13304901123047,41500,0.0,0.0
2022-12-06 00:00:00-05:00,19.078018069986207,19.26146125793457,19.078018069986207,19.26146125793457,23700,0.0,0.0
2022-12-07 00:00:00-05:00,19.27062688603837,19.399036023249113,19.261454554888566,19.35317611694336,29700,0.0,0.0
2022-12-08 00:00:00-05:00,19.380696246245826,19.53662241621033,19.344008661842032,19.4724178314209,23600,0.0,0.0
2022-12-09 00:00:00-05:00,19.444899760590943,19.481587339674324,19.27980128110704,19.380693435668945,24000,0.0,0.0
2022-12-12 00:00:00-05:00,19.30731714160573,19.32566180645211,19.233940231663723,19.243112564086914,17800,0.0,0.0
2022-12-13 00:00:00-05:00,19.353180995303912,19.53662241621033,19.334836328380153,19.4724178314209,29100,0.0,0.0
2022-12-14 00:00:00-05:00,19.417384583505033,19.5733107454667,19.38986758453169,19.564138412475586,15900,0.0,0.0
2022-12-15 00:00:00-05:00,19.42656039175151,19.536624908447266,19.3990433878556,19.536624908447266,9700,0.0,0.0
2022-12-16 00:00:00-05:00,19.41738357137558,19.536620395157584,19.334834328202064,19.46324348449707,19100,0.0,0.0
2022-12-19 00:00:00-05:00,19.33483785582116,19.426559448242188,19.215601010284534,19.426559448242188,12100,0.0,0.0
2022-12-20 00:00:00-05:00,19.288972422575586,19.389864570909655,19.14221861641388,19.252283096313477,10500,0.0,0.0
2022-12-21 00:00:00-05:00,19.261456616843613,19.426555096327515,19.178907377101662,19.380693435668945,8300,0.0,0.0
2022-12-22 00:00:00-05:00,19.362350863244284,19.380693778388604,19.02298156614351,19.206424713134766,16600,0.0,0.0
2022-12-23 00:00:00-05:00,19.123879913350923,19.197256839300117,18.903749135503332,19.06884765625,18500,0.0,0.0
2022-12-27 00:00:00-05:00,18.995466763408782,19.105533014205875,18.967951512792286,19.04132843017578,12400,0.0,0.0
2022-12-28 00:00:00-05:00,19.07801490754842,19.18808115196126,18.940433414115084,19.123876571655273,15900,0.0,0.0
2022-12-29 00:00:00-05:00,19.032151524473225,19.490757585303903,18.98629161816747,19.35317611694336,16400,0.0,0.0
2022-12-30 00:00:00-05:00,19.206423471728524,20.35293869271016,19.169734144924284,20.059431076049805,298200,0.0,0.0
2023-01-03 00:00:00-05:00,20.068601225822636,20.270389020010583,19.958536746668624,20.022741317749023,28200,0.0,0.0
2023-01-04 00:00:00-05:00,20.022744135004913,20.178670293615138,19.958539554890752,20.114465713500977,5600,0.0,0.0
2023-01-05 00:00:00-05:00,19.995227331474645,20.077776577981176,19.903507501528384,19.940195083618164,30300,0.0,0.0
2023-01-06 00:00:00-05:00,19.93102213250591,20.233702110493322,19.93102213250591,20.077775955200195,6900,0.0,0.0
2023-01-09 00:00:00-05:00,20.169497152179183,20.178669484605408,19.976883419559023,20.03191566467285,6100,0.0,0.0
2023-01-10 00:00:00-05:00,20.03191826179488,20.206189101600184,19.940196675084515,20.105295181274414,9900,0.0,0.0
2023-01-11 00:00:00-05:00,20.068605639074008,20.343770396356742,20.05026272147682,20.279565811157227,9300,0.0,0.0
2023-01-12 00:00:00-05:00,20.297905398500216,20.426316297274756,20.08694701047244,20.3345947265625,7300,0.0,0.0
2023-01-13 00:00:00-05:00,20.307076924948994,20.481347727444746,20.05025863647461,20.05025863647461,22200,0.0,0.0
2023-01-17 00:00:00-05:00,20.215358412136514,20.325422900174495,19.912676696423336,20.187841415405273,10800,0.0,0.0
2023-01-18 00:00:00-05:00,20.288735320643,20.29790590344325,20.114464506898788,20.187841415405273,18300,0.0,0.0
2023-01-19 00:00:00-05:00,20.086950302124023,20.325425725277515,20.059435051011835,20.086950302124023,11200,0.0,0.0
2023-01-20 00:00:00-05:00,20.059430427024363,20.2061842306063,19.94936419961624,20.004396438598633,11500,0.0,0.0
2023-01-23 00:00:00-05:00,20.02274461427452,20.316252272932513,19.967712365637055,20.169498443603516,17300,0.0,0.0
2023-01-24 00:00:00-05:00,20.132811803223593,20.132811803223593,19.866819381713867,19.866819381713867,4900,0.0,0.0
2023-01-25 00:00:00-05:00,19.894334259093547,20.270391142899808,19.894334259093547,20.242874145507812,17600,0.0,0.0
2023-01-26 00:00:00-05:00,20.2245307067787,20.37128453621319,20.2245307067787,20.36211395263672,12000,0.0,0.0
2023-01-27 00:00:00-05:00,20.362116449212103,20.463008625916306,20.15115626277126,20.233705520629883,7500,0.0,0.0
2023-01-30 00:00:00-05:00,20.112786153049033,20.288160250699836,20.038942203886613,20.186628341674805,6800,0.139,0.0
2023-01-31 00:00:00-05:00,20.2881624946805,20.2881624946805,19.9189515107149,19.955873489379883,57400,0.0,0.0
2023-02-01 00:00:00-05:00,20.00202125732012,20.260469788313642,19.937409564705884,20.214317321777344,17500,0.0,0.0
2023-02-02 00:00:00-05:00,20.21431885080789,20.445075919334318,20.149707153306363,20.343544006347656,9100,0.0,0.0
2023-02-03 00:00:00-05:00,20.14970839045487,20.288162287964152,19.9743325146568,20.12201690673828,10200,0.0,0.0
2023-02-06 00:00:00-05:00,20.00202432322315,20.07586652046315,19.76203674205894,19.891260147094727,14400,0.0,0.0
2023-02-07 00:00:00-05:00,19.762033961585264,19.854337135282627,19.61434958788412,19.715883255004883,14200,0.0,0.0
2023-02-08 00:00:00-05:00,19.55896864515685,19.71588351434543,19.55896864515685,19.65127182006836,7300,0.0,0.0
2023-02-09 00:00:00-05:00,19.65126942756983,19.937407650475848,19.586655980622677,19.614347457885742,9900,0.0,0.0
2023-02-10 00:00:00-05:00,19.715886086622763,19.715886086622763,19.42974603101152,19.45743751525879,11800,0.0,0.0
2023-02-13 00:00:00-05:00,19.503583309369894,19.65126942756983,19.438971622959155,19.614347457885742,18000,0.0,0.0
2023-02-14 00:00:00-05:00,19.59588861892408,19.762033979623666,19.512815938574285,19.632810592651367,18600,0.0,0.0
2023-02-15 00:00:00-05:00,19.577430603552926,19.826648682429013,19.540510384758438,19.642044067382812,9400,0.0,0.0
2023-02-16 00:00:00-05:00,19.614354289511738,19.734347211705398,19.540512084960938,19.540512084960938,9000,0.0,0.0
2023-02-17 00:00:00-05:00,19.5866592189854,19.642042182668277,19.51281702794493,19.558969497680664,8500,0.0,0.0
2023-02-21 00:00:00-05:00,19.42974582215038,19.595891204774315,19.31898340742565,19.35590362548828,11800,0.0,0.0
2023-02-22 00:00:00-05:00,19.41128620751575,19.53127911450504,19.346672746251112,19.48512840270996,8300,0.0,0.0
2023-02-23 00:00:00-05:00,19.48512267776466,19.642037516516137,19.48512267776466,19.568195343017578,12400,0.0,0.0
2023-02-24 00:00:00-05:00,19.438971398075957,19.623577723287912,19.420512173983877,19.42974090576172,9200,0.0,0.0
2023-02-27 00:00:00-05:00,19.522044294211938,19.642038935148808,19.4574326078012,19.614347457885742,9700,0.0,0.0
2023-02-28 00:00:00-05:00,19.614347499165042,20.131242752075195,19.35589899244176,20.131242752075195,56600,0.0,0.0
2023-03-01 00:00:00-05:00,19.97433481662975,19.97433481662975,19.540512084960938,19.540512084960938,10100,0.0,0.0
2023-03-02 00:00:00-05:00,19.57742826537617,19.734343137720018,19.392823672377716,19.438974380493164,12900,0.0,0.0
2023-03-03 00:00:00-05:00,19.577428442114854,19.73434331587528,19.3835933536361,19.706653594970703,7200,0.0,0.0
2023-03-06 00:00:00-05:00,19.595889429742357,19.826646493476122,19.595889429742357,19.706653594970703,5100,0.0,0.0
2023-03-07 00:00:00-05:00,19.651271321571162,19.826645412863993,19.651271321571162,19.69742202758789,20800,0.0,0.0
2023-03-08 00:00:00-05:00,19.734344776005575,19.771266753992414,19.392825282311357,19.586660385131836,6400,0.0,0.0
2023-03-09 00:00:00-05:00,19.6605028139557,19.6605028139557,19.337444305419922,19.337444305419922,17000,0.0,0.0
2023-03-10 00:00:00-05:00,19.36513219118645,19.614350240297856,19.337442470531848,19.438974380493164,17900,0.0,0.0
2023-03-13 00:00:00-04:00,19.309750111222993,19.826645412863993,19.309750111222993,19.69742202758789,3100,0.0,0.0
2023-03-14 00:00:00-04:00,19.58665814352252,19.678961317389106,19.33744186278033,19.54973793029785,22400,0.0,0.0
2023-03-15 00:00:00-04:00,19.475900338497585,19.66050496925016,19.475900338497585,19.623584747314453,10600,0.0,0.0
2023-03-16 00:00:00-04:00,19.6697326394119,19.882030487060547,19.6697326394119,19.882030487060547,9500,0.0,0.0
2023-03-17 00:00:00-04:00,19.78049550333866,20.149706447949068,19.64204161917684,19.854337692260742,18800,0.0,0.0
2023-03-20 00:00:00-04:00,19.863568185943084,20.002022070104903,19.688192327051894,19.854337692260742,6500,0.0,0.0
2023-03-21 00:00:00-04:00,19.734342575073242,19.98356061707918,19.7066528552081,19.734342575073242,9300,0.0,0.0
2023-03-22 00:00:00-04:00,19.67896185352592,19.92817990159445,19.67896185352592,19.771265029907227,8000,0.0,0.0
2023-03-23 00:00:00-04:00,20.17739716024893,20.186627653579595,19.789725243043915,19.965099334716797,12300,0.0,0.0
2023-03-24 00:00:00-04:00,19.88202806630048,20.103554620732396,19.80818412095329,20.01125144958496,4700,0.0,0.0
2023-03-27 00:00:00-04:00,19.817414404390227,19.882027855885205,19.734341727290364,19.826644897460938,4700,0.0,0.0
2023-03-28 00:00:00-04:00,19.76203513039471,19.872799297489923,19.623581241928225,19.743574142456055,12000,0.0,0.0
2023-03-29 00:00:00-04:00,19.86356871020374,19.974331116241896,19.65127263151669,19.725114822387695,14900,0.0,0.0
2023-03-30 00:00:00-04:00,19.669731858831916,19.845107722351813,19.577428680108987,19.725114822387695,14300,0.0,0.0
2023-03-31 00:00:00-04:00,19.863567420493617,20.10355496537654,19.503585222900934,19.53127670288086,103400,0.0,0.0
2023-04-03 00:00:00-04:00,19.61435334925962,19.863571437873198,19.61435334925962,19.798959732055664,44200,0.0,0.0
2023-04-04 00:00:00-04:00,19.75280105510793,19.845104217529297,19.743570562812153,19.845104217529297,12600,0.0,0.0
2023-04-05 00:00:00-04:00,19.752804022291635,19.918949387500483,19.752804022291635,19.854337692260742,12100,0.0,0.0
2023-04-06 00:00:00-04:00,19.85433876546227,19.882030248006124,19.752805090004887,19.863569259643555,25400,0.0,0.0
2023-04-10 00:00:00-04:00,19.826644897460938,19.882027855885205,19.642040317656328,19.826644897460938,14300,0.0,0.0
2023-04-11 00:00:00-04:00,19.845104217529297,19.955868364542216,19.75280105510793,19.845104217529297,15000,0.0,0.0
2023-04-12 00:00:00-04:00,19.872800918187366,19.93741262070526,19.826648444576833,19.891260147094727,7100,0.0,0.0
2023-04-13 00:00:00-04:00,19.798956490703343,19.882029173307767,19.798956490703343,19.854337692260742,17200,0.0,0.0
2023-04-14 00:00:00-04:00,19.854337229610895,19.854337229610895,19.697422361740852,19.734342575073242,24600,0.0,0.0
2023-04-17 00:00:00-04:00,19.863571437873198,19.863571437873198,19.725117531044635,19.798959732055664,10700,0.0,0.0
2023-04-18 00:00:00-04:00,19.743573548831836,19.771265029907227,19.743573548831836,19.771265029907227,5200,0.0,0.0
2023-04-19 00:00:00-04:00,19.752807256088182,19.808188466712217,19.706656540657644,19.798959732055664,9200,0.0,0.0
2023-04-20 00:00:00-04:00,19.771266078367457,19.918950464194513,19.771266078367457,19.863569259643555,17700,0.0,0.0
2023-04-21 00:00:00-04:00,19.891260117609278,19.974332809448242,19.78049770218189,19.974332809448242,12100,0.0,0.0
2023-04-24 00:00:00-04:00,19.955872747050545,20.08509614649737,19.937411758404778,19.983562469482422,12400,0.0,0.0
2023-04-25 00:00:00-04:00,19.91894806763151,20.09432391490195,19.826644897460938,19.826644897460938,14800,0.0,0.0
2023-04-26 00:00:00-04:00,19.93741309687127,20.048175515108188,19.798959193806677,19.92818260192871,9000,0.0,0.0
2023-04-27 00:00:00-04:00,20.168792923160524,20.168792923160524,19.95512118960877,20.07589340209961,4200,0.139,0.0
2023-04-28 00:00:00-04:00,20.11305230755065,20.28027427601096,19.98299156405696,20.20595359802246,23200,0.0,0.0
2023-05-01 00:00:00-04:00,20.233827425231173,20.270986883594492,19.945833206176758,19.945833206176758,8200,0.0,0.0
2023-05-02 00:00:00-04:00,20.048021996221237,20.131632980703365,19.899380639796288,20.113052368164062,11700,0.0,0.0
2023-05-03 00:00:00-04:00,20.12234080778759,20.168790562882208,20.075891052692977,20.159502029418945,7100,0.0,0.0
2023-05-04 00:00:00-04:00,20.131634959905504,20.233826566973704,19.936542052952117,20.020153045654297,10100,0.0,0.0
2023-05-05 00:00:00-04:00,19.992280180615083,20.00157048607155,19.927249814364398,19.97369956970215,12000,0.0,0.0
2023-05-08 00:00:00-04:00,19.93653953293642,19.93653953293642,19.78789818068663,19.862218856811523,6700,0.0,0.0
2023-05-09 00:00:00-04:00,19.834348584382724,19.982989928191515,19.61138656866954,19.88079833984375,21800,0.0,0.0
2023-05-10 00:00:00-04:00,19.880801629606964,20.094473375196223,19.81577125242283,20.057313919067383,12900,0.0,0.0
2023-05-11 00:00:00-04:00,19.862217676169124,20.085181463235173,19.862217676169124,19.97369956970215,7200,0.0,0.0
2023-05-12 00:00:00-04:00,19.871509818181742,20.06660270690918,19.871509818181742,20.06660270690918,11000,0.0,0.0
2023-05-15 00:00:00-04:00,19.955122313809525,20.057313919067383,19.945832006791097,20.057313919067383,6500,0.0,0.0
2023-05-16 00:00:00-04:00,19.98299358886717,20.103764038356474,19.852932832194853,20.020153045654297,6700,0.0,0.0
2023-05-17 00:00:00-04:00,20.075891052692977,20.178080868290046,19.87150787760969,20.159502029418945,21800,0.0,0.0
2023-05-18 00:00:00-04:00,20.122344194264954,20.196664878090836,20.029442896496384,20.103763580322266,23600,0.0,0.0
2023-05-19 00:00:00-04:00,20.178081998154227,20.18737230408227,20.066601870907032,20.14092254638672,17400,0.0,0.0
2023-05-22 00:00:00-04:00,20.020155259682195,20.187377263579624,20.020155259682195,20.122346878051758,13100,0.0,0.0
2023-05-23 00:00:00-04:00,20.122341102370417,20.345303119588873,20.122341102370417,20.215242385864258,16600,0.0,0.0
2023-05-24 00:00:00-04:00,20.168790764058677,20.308143574621667,20.168790764058677,20.26169204711914,7500,0.0,0.0
2023-05-25 00:00:00-04:00,20.16879441669263,20.26169571657782,20.020153045654297,20.020153045654297,6100,0.0,0.0
2023-05-26 00:00:00-04:00,19.97370208974819,20.2245350528862,19.927252328549955,20.131633758544922,22700,0.0,0.0
2023-05-30 00:00:00-04:00,20.20595178451356,20.20595178451356,20.075891052692977,20.159502029418945,4700,0.0,0.0
2023-05-31 00:00:00-04:00,20.22453360840611,20.42891502380371,20.0294407270289,20.42891502380371,32400,0.0,0.0
2023-06-01 00:00:00-04:00,20.336014243102873,20.4289155331251,20.1966631940419,20.252403259277344,7300,0.0,0.0
2023-06-02 00:00:00-04:00,20.205953729075187,20.401044845581055,20.205953729075187,20.401044845581055,6800,0.0,0.0
2023-06-05 00:00:00-04:00,20.345307738890327,20.4010478128643,20.22453728328922,20.233827590942383,10400,0.0,0.0
2023-06-06 00:00:00-04:00,20.17808345540838,20.363886043498532,20.17808345540838,20.22453498840332,9600,0.0,0.0
2023-06-07 00:00:00-04:00,20.113052919693313,20.178083293419366,19.94583094614359,19.98299217224121,13900,0.0,0.0
2023-06-08 00:00:00-04:00,20.09447185390971,20.09447185390971,20.001572334648284,20.06660270690918,4400,0.0,0.0
2023-06-09 00:00:00-04:00,20.00156935766672,20.233821665141953,19.992279052734375,19.992279052734375,9100,0.0,0.0
2023-06-12 00:00:00-04:00,20.33601347327192,20.33601347327192,19.843639667099236,19.89937973022461,7700,0.0,0.0
2023-06-13 00:00:00-04:00,19.98299100461461,20.048021374540873,19.908670328706787,19.955120086669922,6700,0.0,0.0
2023-06-14 00:00:00-04:00,19.94583256575717,20.010864716708657,19.917963415865746,19.92725372314453,10000,0.0,0.0
2023-06-15 00:00:00-04:00,19.899378897994993,20.085181463235173,19.899378897994993,19.97369956970215,7200,0.0,0.0
2023-06-16 00:00:00-04:00,19.982993234864818,20.122344296251516,19.964412620827957,20.057313919067383,10300,0.0,0.0
2023-06-20 00:00:00-04:00,20.02944186962437,20.15950438861026,20.02944186962437,20.07589340209961,6600,0.0,0.0
2023-06-21 00:00:00-04:00,20.113055155364904,20.131635770479047,20.020153851739167,20.085186004638672,5100,0.0,0.0
2023-06-22 00:00:00-04:00,20.02944070461896,20.094471074357042,20.020150398664278,20.04802131652832,2300,0.0,0.0
2023-06-23 00:00:00-04:00,20.02014962055386,20.11305090454525,20.02014962055386,20.02943992614746,6700,0.0,0.0
2023-06-26 00:00:00-04:00,20.03873330503052,20.159505524325237,20.03873330503052,20.057313919067383,5400,0.0,0.0
2023-06-27 00:00:00-04:00,20.178082740106884,20.18737304637654,20.048021996221237,20.113052368164062,9600,0.0,0.0
2023-06-28 00:00:00-04:00,20.075891693591814,20.178081512451172,20.066601387887395,20.178081512451172,11100,0.0,0.0
2023-06-29 00:00:00-04:00,20.178083519743158,20.196664133000375,20.020151850946426,20.131633758544922,36100,0.0,0.0
2023-06-30 00:00:00-04:00,20.205951880913506,20.447494506835938,20.06660084302026,20.447494506835938,102800,0.0,0.0
2023-07-03 00:00:00-04:00,20.28956339382062,20.34530345606092,20.224533025882838,20.317434310913086,7500,0.0,0.0
2023-07-05 00:00:00-04:00,20.205955218902325,20.373177200776837,20.14092484193888,20.15021514892578,12700,0.0,0.0
2023-07-06 00:00:00-04:00,20.075893429307488,20.140923802916173,19.927252069074843,19.936540603637695,6900,0.0,0.0
2023-07-07 00:00:00-04:00,19.834351967453305,20.13163470577728,19.834351967453305,20.0108642578125,10200,0.0,0.0
2023-07-10 00:00:00-04:00,19.89938259616499,20.150215574271524,19.89938259616499,20.020153045654297,5300,0.0,0.0
2023-07-11 00:00:00-04:00,19.97370282661319,20.11305388729361,19.97370282661319,20.103763580322266,3000,0.0,0.0
2023-07-12 00:00:00-04:00,20.08518277396854,20.27098357938926,20.08518277396854,20.19666290283203,3200,0.0,0.0
2023-07-13 00:00:00-04:00,20.150212367282542,20.289563408959577,20.150212367282542,20.178081512451172,4500,0.0,0.0
2023-07-14 00:00:00-04:00,20.25240273169725,20.25240273169725,20.04802131652832,20.04802131652832,1600,0.0,0.0
2023-07-17 00:00:00-04:00,20.057315081967456,20.159506693150263,19.927254320058417,20.085186004638672,24100,0.0,0.0
2023-07-18 00:00:00-04:00,20.178084366417217,20.178084366417217,20.02015269099366,20.057313919067383,3600,0.0,0.0
2023-07-19 00:00:00-04:00,20.1037621602248,20.373175727528228,20.02015117533372,20.06660270690918,8100,0.0,0.0
2023-07-20 00:00:00-04:00,20.06660208397942,20.085182696032803,19.90867042541504,19.90867042541504,15900,0.0,0.0
2023-07-21 00:00:00-04:00,19.93654141442385,20.029442711333594,19.93654141442385,20.00157356262207,1800,0.0,0.0
2023-07-24 00:00:00-04:00,20.00157048607155,20.00157048607155,19.90866920345146,19.97369956970215,9100,0.0,0.0
2023-07-25 00:00:00-04:00,19.899381149551928,20.08518373581513,19.871510230029013,19.936540603637695,15600,0.0,0.0
2023-07-26 00:00:00-04:00,19.908671491990756,20.020151626394046,19.871510265893132,19.98299217224121,6000,0.0,0.0
2023-07-27 00:00:00-04:00,20.038731068559308,20.122342050448697,19.936539474706795,19.955120086669922,21200,0.0,0.0
2023-07-28 00:00:00-04:00,20.000939328817118,20.047693414101637,19.94483620996169,20.010290145874023,9500,0.139,0.0
2023-07-31 00:00:00-04:00,20.066391193912867,20.16924838743813,19.954184967781494,20.047691345214844,19200,0.0,0.0
2023-08-01 00:00:00-04:00,19.982238014354582,19.982238014354582,19.91678229975133,19.935483932495117,8200,0.0,0.0
2023-08-02 00:00:00-04:00,19.898083888705596,19.898083888705596,19.79522668466623,19.851329803466797,15300,0.0,0.0
2023-08-03 00:00:00-04:00,19.76717496679354,19.813929053766703,19.711071845911807,19.739124298095703,7900,0.0,0.0
2023-08-04 00:00:00-04:00,19.739124922816444,19.898085256583986,19.720423287435295,19.785877227783203,9700,0.0,0.0
2023-08-07 00:00:00-04:00,19.860681150877884,19.860681150877884,19.729773275685435,19.757823944091797,12500,0.0,0.0
2023-08-08 00:00:00-04:00,19.748474829145408,19.80457794921367,19.72977319462731,19.776525497436523,4800,0.0,0.0
2023-08-09 00:00:00-04:00,19.77652703304614,19.841980975455826,19.76717621506102,19.832630157470703,11100,0.0,0.0
2023-08-10 00:00:00-04:00,19.860682901495537,19.888735355860614,19.757825685643112,19.795228958129883,10200,0.0,0.0
2023-08-11 00:00:00-04:00,19.776526492167857,19.841980432787413,19.72977418700707,19.767175674438477,5200,0.0,0.0
2023-08-14 00:00:00-04:00,19.72977592354361,19.82328232558137,19.720425104991207,19.804580688476562,19800,0.0,0.0
2023-08-15 00:00:00-04:00,19.757820409065747,19.776522040314624,19.72041893005371,19.72041893005371,6600,0.0,0.0
2023-08-16 00:00:00-04:00,19.711068114429274,19.757820409065747,19.645614188543924,19.72041893005371,16400,0.0,0.0
2023-08-17 00:00:00-04:00,19.69236854731747,19.71107018052664,19.636265431175882,19.68301773071289,34100,0.0,0.0
2023-08-18 00:00:00-04:00,19.645614545779218,19.701717657060307,19.636263729984744,19.664316177368164,16000,0.0,0.0
2023-08-21 00:00:00-04:00,19.645615062831983,19.711068991630228,19.552108685912007,19.570810317993164,7400,0.0,0.0
2023-08-22 00:00:00-04:00,19.598862812114003,19.673669347421548,19.55211051103275,19.589513778686523,10100,0.0,0.0
2023-08-23 00:00:00-04:00,19.636265431175882,19.729771813735805,19.570811498429705,19.68301773071289,35100,0.0,0.0
2023-08-24 00:00:00-04:00,19.72042099713122,19.72042099713122,19.636265431175882,19.68301773071289,28200,0.0,0.0
2023-08-25 00:00:00-04:00,19.654967064385048,19.68301773071289,19.645616247780463,19.68301773071289,3600,0.0,0.0
2023-08-28 00:00:00-04:00,19.692366841265834,19.71106847285478,19.636263729984744,19.664316177368164,11400,0.0,0.0
2023-08-29 00:00:00-04:00,19.608215708284032,19.77652686360181,19.608215708284032,19.71107292175293,44000,0.0,0.0
2023-08-30 00:00:00-04:00,19.71107292175293,19.7578252277918,19.654969797809056,19.71107292175293,32300,0.0,0.0
2023-08-31 00:00:00-04:00,19.73912529296358,19.851331540382333,19.664320533522357,19.729774475097656,73600,0.0,0.0
2023-09-01 00:00:00-04:00,19.75782514520927,19.75782514520927,19.664320533522357,19.729774475097656,38000,0.0,0.0
2023-09-05 00:00:00-04:00,19.673667510953717,19.692367359549074,19.552108685912007,19.570810317993164,90500,0.0,0.0
2023-09-06 00:00:00-04:00,19.58016113403374,19.654965878872563,19.54275786987143,19.570810317993164,43400,0.0,0.0
2023-09-07 00:00:00-04:00,19.4960075535405,19.598862973463216,19.4960075535405,19.55211067199707,98100,0.0,0.0
2023-09-08 00:00:00-04:00,19.552112502617454,19.748476110829497,19.542761684751536,19.729774475097656,100300,0.0,0.0
2023-09-11 00:00:00-04:00,19.70172082379304,19.776525578686726,19.70172082379304,19.757823944091797,27700,0.0,0.0
2023-09-12 00:00:00-04:00,19.720420944740532,19.860679626464844,19.720420944740532,19.860679626464844,149900,0.0,0.0
2023-09-13 00:00:00-04:00,19.832628714243125,19.944836738413002,19.832628714243125,19.916784286499023,21700,0.0,0.0
2023-09-14 00:00:00-04:00,19.916784953555013,20.0102913462473,19.888734284187596,19.982240676879883,18400,0.0,0.0
2023-09-15 00:00:00-04:00,19.982236940576712,20.010287604699183,19.91678122949083,19.96353530883789,5300,0.0,0.0
2023-09-18 00:00:00-04:00,19.916783758790977,20.10379653295707,19.87003145699245,20.010290145874023,22200,0.0,0.0
2023-09-19 00:00:00-04:00,19.926135566188897,20.038343592962555,19.90743571463169,20.000940322875977,11000,0.0,0.0
2023-09-20 00:00:00-04:00,20.08509489884326,20.08509489884326,20.000939328817118,20.010290145874023,4800,0.0,0.0
2023-09-21 00:00:00-04:00,19.898084175281852,19.99158878013414,19.748474667334964,19.813928604125977,19900,0.0,0.0
2023-09-22 00:00:00-04:00,19.804579240173798,19.907436453242045,19.804579240173798,19.888734817504883,3800,0.0,0.0
2023-09-25 00:00:00-04:00,19.898084338318128,19.898084338318128,19.739124011886357,19.776525497436523,4400,0.0,0.0
2023-09-26 00:00:00-04:00,19.757826305567864,19.935488288481984,19.74847727063903,19.841981887817383,14900,0.0,0.0
2023-09-27 00:00:00-04:00,19.84197951628295,19.916784271176642,19.67367015538668,19.757823944091797,34400,0.0,0.0
2023-09-28 00:00:00-04:00,19.673669815063477,19.851329990183977,19.608214095113496,19.673669815063477,59200,0.0,0.0
2023-09-29 00:00:00-04:00,19.767171542714564,19.77652235848944,19.505355834960938,19.505355834960938,125000,0.0,0.0
2023-10-02 00:00:00-04:00,19.5427594904566,19.757822926766643,19.514708823494562,19.608213424682617,28300,0.0,0.0
2023-10-03 00:00:00-04:00,19.486655557915714,19.496006374340563,19.374447544303408,19.439903259277344,25000,0.0,0.0
2023-10-04 00:00:00-04:00,19.47730575921117,19.64561689668122,19.47730575921117,19.589513778686523,22300,0.0,0.0
2023-10-05 00:00:00-04:00,19.589514405796113,19.683019010951934,19.589514405796113,19.636266708374023,13900,0.0,0.0
2023-10-06 00:00:00-04:00,19.524056237790276,19.795224552509627,19.524056237790276,19.570810317993164,10000,0.0,0.0
2023-10-09 00:00:00-04:00,19.673671433619063,19.795228499411817,19.617566526189037,19.71107292175293,9400,0.0,0.0
2023-10-10 00:00:00-04:00,19.701720482984605,19.804577687991426,19.645617363656342,19.673669815063477,16800,0.0,0.0
2023-10-11 00:00:00-04:00,19.711073378520844,19.851332083373844,19.514711548423882,19.795228958129883,50300,0.0,0.0
2023-10-12 00:00:00-04:00,19.804579487001508,19.954189007791122,19.757825397075898,19.832630157470703,64700,0.0,0.0
2023-10-13 00:00:00-04:00,19.916784491818984,19.916784491818984,19.823279884780536,19.89808464050293,6300,0.0,0.0
2023-10-16 00:00:00-04:00,19.8419821791999,19.8419821791999,19.739126742096015,19.804580688476562,11700,0.0,0.0
2023-10-17 00:00:00-04:00,19.7952239900392,19.7952239900392,19.43990190802253,19.505355834960938,22600,0.0,0.0
2023-10-18 00:00:00-04:00,19.496005019186057,19.74847169465055,19.496005019186057,19.505355834960938,10800,0.0,0.0
2023-10-19 00:00:00-04:00,19.533408204897267,19.626914587327395,19.49600672201676,19.524057388305664,9300,0.0,0.0
2023-10-20 00:00:00-04:00,19.449250940311664,19.62691287306287,19.449250940311664,19.505355834960938,15300,0.0,0.0
2023-10-23 00:00:00-04:00,19.49600711011081,19.636265794805087,19.44925302622209,19.626914978027344,9200,0.0,0.0
2023-10-24 00:00:00-04:00,19.542760481429674,19.66431932271566,19.486657361174778,19.59886360168457,10200,0.0,0.0
2023-10-25 00:00:00-04:00,19.514708007190258,19.580161938678323,19.439903259277344,19.439903259277344,13500,0.0,0.0
2023-10-26 00:00:00-04:00,19.477306302380743,19.65496826171875,19.449253850858106,19.65496826171875,9200,0.0,0.0
2023-10-27 00:00:00-04:00,19.56146385554615,19.795228958129883,19.542762219302766,19.795228958129883,14500,0.0,0.0
2023-10-30 00:00:00-04:00,19.690750030263168,19.831935736876115,19.615450867051354,19.82252311706543,19400,0.139,0.0
2023-10-31 00:00:00-04:00,19.737810224386422,20.048419479581966,19.737810224386422,20.010770797729492,22100,0.0,0.0
2023-11-01 00:00:00-04:00,19.991944859359812,20.114307110462644,19.95429617882521,20.095481872558594,18300,0.0,0.0
2023-11-02 00:00:00-04:00,20.095479374325706,20.23666505050715,20.02959284512592,20.057828903198242,26000,0.0,0.0
2023-11-03 00:00:00-04:00,20.086067280341844,20.547274792040852,20.076654662314517,20.227252960205078,15700,0.0,0.0
2023-11-06 00:00:00-05:00,20.05782812676112,20.19901379747727,20.001354217529297,20.001354217529297,8400,0.0,0.0
2023-11-07 00:00:00-05:00,19.99194673707175,20.048420660814628,19.86017364991381,19.963708877563477,14000,0.0,0.0
2023-11-08 00:00:00-05:00,19.926060484003102,20.02018488846262,19.860173939463547,19.982534408569336,21500,0.0,0.0
2023-11-09 00:00:00-05:00,20.067246141024203,20.067246141024203,19.76604948375365,19.84134864807129,10100,0.0,0.0
2023-11-10 00:00:00-05:00,19.954295671690172,19.982531732555135,19.775459506693778,19.926057815551758,5400,0.0,0.0
2023-11-13 00:00:00-05:00,19.87899751009433,19.982532730559228,19.860172271728516,19.860172271728516,15700,0.0,0.0
2023-11-14 00:00:00-05:00,20.001354217529297,20.302550793796613,19.77545678532881,20.001354217529297,12400,0.0,0.0
2023-11-15 00:00:00-05:00,20.09548165763234,20.217842112152997,19.907232871152196,19.944883346557617,12100,0.0,0.0
2023-11-16 00:00:00-05:00,19.93547295872113,20.161370450613813,19.93547295872113,19.973121643066406,12700,0.0,0.0
2023-11-17 00:00:00-05:00,20.001354217529297,20.13312727082795,19.96370374785928,20.001354217529297,10100,0.0,0.0
2023-11-20 00:00:00-05:00,19.963701695328442,20.095476530352112,19.963701695328442,19.991939544677734,10900,0.0,0.0
2023-11-21 00:00:00-05:00,19.9919413950743,20.142539681663422,19.97311616043236,20.123714447021484,10800,0.0,0.0
2023-11-22 00:00:00-05:00,20.293144897768144,20.293144897768144,20.001360842275147,20.06724739074707,18700,0.0,0.0
2023-11-24 00:00:00-05:00,20.03900865557402,20.142543877123494,20.001358178447983,20.010770797729492,2900,0.0,0.0
2023-11-27 00:00:00-05:00,20.06724328225995,20.16136767306653,19.973118891453367,20.048418045043945,10800,0.0,0.0
2023-11-28 00:00:00-05:00,20.0295966778753,20.20843106413166,20.0295966778753,20.189607620239258,17300,0.0,0.0
2023-11-29 00:00:00-05:00,20.3213776412532,20.3213776412532,20.14254148667532,20.246078491210938,33400,0.0,0.0
2023-11-30 00:00:00-05:00,20.227255865015554,20.59433904443098,20.199018006878376,20.566102981567383,87300,0.0,0.0
2023-12-01 00:00:00-05:00,20.537862379481844,20.688460678879046,20.38726408008464,20.641399383544922,25800,0.0,0.0
2023-12-04 00:00:00-05:00,20.47197723388672,20.669636841999882,20.359027604055296,20.47197723388672,16400,0.0,0.0
2023-12-05 00:00:00-05:00,20.396678079090258,20.679049460758623,20.396678079090258,20.47197723388672,18100,0.0,0.0
2023-12-06 00:00:00-05:00,20.519039884672086,20.65081476070534,20.471978583050365,20.566102981567383,10300,0.0,0.0
2023-12-07 00:00:00-05:00,20.566100779955757,20.61316207653954,20.471976391514804,20.54727554321289,40200,0.0,0.0
2023-12-08 00:00:00-05:00,20.641400928887748,20.641400928887748,20.424916081706044,20.48138999938965,9400,0.0,0.0
2023-12-11 00:00:00-05:00,20.424918546254016,20.50021771067586,20.33079414190829,20.38726806640625,12600,0.0,0.0
2023-12-12 00:00:00-05:00,20.38726483983166,20.58492623720233,20.3307909242715,20.424915313720703,18900,0.0,0.0
2023-12-13 00:00:00-05:00,20.6790496777593,20.75434883334593,20.434326973284378,20.622575759887695,37300,0.0,0.0
2023-12-14 00:00:00-05:00,20.70728874206543,20.744939219691414,20.631989582087044,20.70728874206543,37100,0.0,0.0
2023-12-15 00:00:00-05:00,20.641399678039214,20.80141059784081,20.434325666958696,20.66022491455078,24500,0.0,0.0
2023-12-18 00:00:00-05:00,20.707286210556337,20.810823216096594,20.4908013764934,20.66022491455078,51000,0.0,0.0
2023-12-19 00:00:00-05:00,20.613161676293178,20.80141044951985,20.613161676293178,20.65081214904785,85600,0.0,0.0
2023-12-20 00:00:00-05:00,20.63198999501511,20.70728915650053,20.584928692314328,20.60375213623047,28200,0.0,0.0
2023-12-21 00:00:00-05:00,20.60375166381004,20.688463442948,20.566102981567383,20.566102981567383,32100,0.0,0.0
2023-12-22 00:00:00-05:00,20.64139894079492,20.91435767936999,20.58492502855065,20.613161087036133,46300,0.0,0.0
2023-12-26 00:00:00-05:00,20.61316182327186,20.848471893846366,20.61316182327186,20.66022491455078,13400,0.0,0.0
2023-12-27 00:00:00-05:00,20.641398191125237,20.867295627171316,20.641398191125237,20.82964515686035,14200,0.0,0.0
2023-12-28 00:00:00-05:00,20.857883060867664,21.00848135193526,20.773171297732986,20.9614200592041,21600,0.0,0.0
2023-12-29 00:00:00-05:00,21.03672295373695,21.657941463917762,20.933185936948963,21.4979305267334,132200,0.0,0.0
2024-01-02 00:00:00-05:00,21.37556977512826,21.37556977512826,21.046137053579667,21.196735382080078,37100,0.0,0.0
2024-01-03 00:00:00-05:00,21.055548769889576,21.29085887248199,21.017898291743457,21.130847930908203,18200,0.0,0.0
2024-01-04 00:00:00-05:00,21.13084749242304,21.224970095287986,20.999072616919687,21.102609634399414,3200,0.0,0.0
2024-01-05 00:00:00-05:00,20.999073902078422,21.215560569628224,20.895538673535835,21.05554962158203,9700,0.0,0.0
2024-01-08 00:00:00-05:00,20.904949498179423,21.10261092589469,20.904949498179423,21.05554962158203,11100,0.0,0.0
2024-01-09 00:00:00-05:00,21.112023162367063,21.234383628521826,21.093197922874438,21.16849708557129,5100,0.0,0.0
2024-01-10 00:00:00-05:00,21.17790850022705,21.206146357859165,20.989659706560058,21.083784103393555,10400,0.0,0.0
2024-01-11 00:00:00-05:00,21.140255737154654,21.140255737154654,20.782585222196182,20.923770904541016,22900,0.0,0.0
2024-01-12 00:00:00-05:00,20.904946729781518,21.102608131320903,20.895535906384186,20.99907112121582,17300,0.0,0.0
2024-01-16 00:00:00-05:00,20.96142314131114,21.055547535886475,20.801412209115117,20.91436004638672,8900,0.0,0.0
2024-01-17 00:00:00-05:00,20.810824433098635,20.886123588274984,20.716700040309835,20.744937896728516,18700,0.0,0.0
2024-01-18 00:00:00-05:00,20.726113980878424,20.942598841407083,20.669638264439445,20.70728874206543,22000,0.0,0.0
2024-01-19 00:00:00-05:00,20.707289236259093,20.876712799072266,20.707289236259093,20.876712799072266,6400,0.0,0.0
2024-01-22 00:00:00-05:00,20.820238439536382,20.904948423891256,20.80141320066926,20.848474502563477,7200,0.0,0.0
2024-01-23 00:00:00-05:00,20.81082582010282,20.886124980297723,20.7167014210408,20.848474502563477,6500,0.0,0.0
2024-01-24 00:00:00-05:00,20.82965053700713,20.895538877069797,20.669639587402344,20.669639587402344,20800,0.0,0.0
2024-01-25 00:00:00-05:00,20.707286761173755,20.839059829711914,20.660225463916817,20.839059829711914,12900,0.0,0.0
2024-01-26 00:00:00-05:00,20.914361482323176,20.914361482323176,20.84847494017886,20.876712799072266,5700,0.0,0.0
2024-01-29 00:00:00-05:00,20.91436004638672,20.98024837928091,20.716700433524668,20.91436004638672,10200,0.0,0.0
2024-01-30 00:00:00-05:00,20.932355903167558,21.074430353222667,20.84711087181956,20.94182777404785,15600,0.139,0.0
2024-01-31 00:00:00-05:00,21.04601649021153,21.121789656978525,20.70503814304746,20.780811309814453,57400,0.0,0.0
2024-02-01 00:00:00-05:00,20.847112827238025,21.074432329963255,20.79028340320042,21.05548858642578,51800,0.0,0.0
2024-02-02 00:00:00-05:00,20.780809459096474,21.09337396999549,20.780809459096474,20.847110748291016,14500,0.0,0.0
2024-02-05 00:00:00-05:00,20.77133943814673,21.074432105214704,20.75239569481128,20.780811309814453,7400,0.0,0.0
2024-02-06 00:00:00-05:00,20.86605442232676,20.86605442232676,20.761865650173146,20.818695068359375,4500,0.0,0.0
2024-02-07 00:00:00-05:00,20.790285048096404,20.913415777682264,20.742925685505718,20.761869430541992,10700,0.0,0.0
2024-02-08 00:00:00-05:00,20.77134132385254,20.9986608447905,20.742925706269684,20.77134132385254,9700,0.0,0.0
2024-02-09 00:00:00-05:00,20.742922020507166,20.97971337189783,20.742922020507166,20.86605453491211,14900,0.0,0.0
2024-02-12 00:00:00-05:00,20.837638877466848,20.970241455855934,20.837638877466848,20.847110748291016,8000,0.0,0.0
2024-02-13 00:00:00-05:00,20.761867384985358,20.79028299974013,20.61032105277614,20.657678604125977,7200,0.0,0.0
2024-02-14 00:00:00-05:00,20.65767675402081,20.79028113775889,20.65767675402081,20.72397804260254,6900,0.0,0.0
2024-02-15 00:00:00-05:00,20.733451951475832,20.790283181482177,20.70503814304746,20.780811309814453,4500,0.0,0.0
2024-02-16 00:00:00-05:00,20.667150656376563,20.790283181482177,20.648206913041115,20.780811309814453,4800,0.0,0.0
2024-02-20 00:00:00-05:00,20.714513757638382,20.885002058738696,20.714513757638382,20.752399444580078,7000,0.0,0.0
2024-02-21 00:00:00-05:00,20.742925661481053,20.94183137098164,20.705039978027344,20.705039978027344,3100,0.0,0.0
2024-02-22 00:00:00-05:00,20.82816689275992,20.932355664681463,20.69556431509587,20.714508056640625,5800,0.0,0.0
2024-02-23 00:00:00-05:00,20.742920147597545,20.875524520874023,20.742920147597545,20.875524520874023,9900,0.0,0.0
2024-02-26 00:00:00-05:00,20.77133945976983,20.866056369970874,20.72398010138191,20.790283203125,10500,0.0,0.0
2024-02-27 00:00:00-05:00,20.72397806516615,20.86605431979554,20.714508000993842,20.733449935913086,10800,0.0,0.0
2024-02-28 00:00:00-05:00,20.78081319638016,20.828170752443288,20.733453833742065,20.77134132385254,10900,0.0,0.0
2024-02-29 00:00:00-05:00,20.790279552032654,21.017599012649487,20.74292020196176,20.979711532592773,104300,0.0,0.0
2024-03-01 00:00:00-05:00,20.84711256900309,20.894470120685337,20.790283145669438,20.80922508239746,9400,0.0,0.0
2024-03-04 00:00:00-05:00,20.73344991333916,20.875526167813863,20.714507978440537,20.72397804260254,11000,0.0,0.0
2024-03-05 00:00:00-05:00,20.72397804260254,20.913411844185728,20.695564236967297,20.72397804260254,14300,0.0,0.0
2024-03-06 00:00:00-05:00,20.78081315150972,20.86605819749926,20.705039978027344,20.705039978027344,9100,0.0,0.0
2024-03-07 00:00:00-05:00,20.74292180666002,20.771337418900824,20.705036130246906,20.733449935913086,12100,0.0,0.0
2024-03-08 00:00:00-05:00,20.75239389135175,20.903940211715803,20.75239389135175,20.86605453491211,12000,0.0,0.0
2024-03-11 00:00:00-04:00,20.828168804011547,20.875528162219272,20.799753189086914,20.799753189086914,10900,0.0,0.0
2024-03-12 00:00:00-04:00,20.81869502198754,20.866054375849437,20.69556431509587,20.714508056640625,13200,0.0,0.0
2024-03-13 00:00:00-04:00,20.714509877166385,20.752395557010914,20.67662239074707,20.67662239074707,9600,0.0,0.0
2024-03-14 00:00:00-04:00,20.667152292940894,20.686096037776437,20.515605947406446,20.52507781982422,22800,0.0,0.0
2024-03-15 00:00:00-04:00,20.534547740406865,20.591377162936837,20.48718838281958,20.506132125854492,15100,0.0,0.0
2024-03-18 00:00:00-04:00,20.515605901804385,20.695567864192125,20.43983272920559,20.458776473999023,29500,0.0,0.0
2024-03-19 00:00:00-04:00,20.45877457484198,20.55349148344178,20.45877457484198,20.506132125854492,15700,0.0,0.0
2024-03-20 00:00:00-04:00,20.477720264310307,20.59137912017367,20.458776519474764,20.52507781982422,10200,0.0,0.0
2024-03-21 00:00:00-04:00,20.600849181191215,20.69556609046567,20.56296169485152,20.657678604125977,14300,0.0,0.0
2024-03-22 00:00:00-04:00,20.657676674166805,20.742921703892254,20.572431644441355,20.648204803466797,9400,0.0,0.0
2024-03-25 00:00:00-04:00,20.581905291419382,20.61032090597175,20.45877457484198,20.506132125854492,17600,0.0,0.0
2024-03-26 00:00:00-04:00,20.51560215710186,20.581903445201995,20.46824461033736,20.5345458984375,35300,0.0,0.0
2024-03-27 00:00:00-04:00,20.55349153517187,20.638736572468762,20.50613217746539,20.572433471679688,13900,0.0,0.0
2024-03-28 00:00:00-04:00,20.515602429266643,20.86605442232676,20.515602429266643,20.818695068359375,91200,0.0,0.0
2024-04-01 00:00:00-04:00,20.742921784075783,20.761865525549027,20.629262948385566,20.72397804260254,23000,0.0,0.0
2024-04-02 00:00:00-04:00,20.69556428201207,20.742921829223633,20.610319251771557,20.742921829223633,12200,0.0,0.0
2024-04-03 00:00:00-04:00,20.771339278405428,20.771339278405428,20.58190545965738,20.667150497436523,7200,0.0,0.0
2024-04-04 00:00:00-04:00,20.799753189086914,20.80922506072846,20.695566214179507,20.799753189086914,9400,0.0,0.0
2024-04-05 00:00:00-04:00,20.79975115474759,20.79975115474759,20.52507413030701,20.61979103088379,16200,0.0,0.0
2024-04-08 00:00:00-04:00,20.600849034454296,20.600849034454296,20.45877457484198,20.506132125854492,16800,0.0,0.0
2024-04-09 00:00:00-04:00,20.55349343707753,20.600850992591443,20.506134074988676,20.52507781982422,10500,0.0,0.0
2024-04-10 00:00:00-04:00,20.506133987444333,20.506133987444333,20.383003259688863,20.43983268737793,12300,0.0,0.0
2024-04-11 00:00:00-04:00,20.41141512193498,20.420886993408203,20.39247318556329,20.420886993408203,17200,0.0,0.0
2024-04-12 00:00:00-04:00,20.401945078843468,20.468246372652143,20.38300133587677,20.43035888671875,5800,0.0,0.0
2024-04-15 00:00:00-04:00,20.392475086264856,20.449304513826284,20.278814424567067,20.373531341552734,40800,0.0,0.0
2024-04-16 00:00:00-04:00,20.288286296923125,20.506133941387713,20.288286296923125,20.373531341552734,7100,0.0,0.0
2024-04-17 00:00:00-04:00,20.420886993408203,20.43983073635465,20.326170085250723,20.420886993408203,5300,0.0,0.0
2024-04-18 00:00:00-04:00,20.297752309304027,20.496656151632816,20.269336700439453,20.269336700439453,13300,0.0,0.0
2024-04-19 00:00:00-04:00,20.297756238779055,20.37352940384589,20.26934062441346,20.316699981689453,5000,0.0,0.0
2024-04-22 00:00:00-04:00,20.32617009863787,20.38300132751465,20.316700033733174,20.38300132751465,11700,0.0,0.0
2024-04-23 00:00:00-04:00,20.316700201437456,20.581905378752495,20.316700201437456,20.54401969909668,41500,0.0,0.0
2024-04-24 00:00:00-04:00,20.487188491433518,20.553491592407227,20.477718426440624,20.553491592407227,26000,0.0,0.0
2024-04-25 00:00:00-04:00,20.449298929266142,20.48718460176914,20.41141145018871,20.47771453857422,8700,0.0,0.0
2024-04-26 00:00:00-04:00,20.458774536559375,20.52507583048274,20.401945114135742,20.401945114135742,5000,0.0,0.0
2024-04-29 00:00:00-04:00,20.429588836584834,20.5916528408506,20.429588836584834,20.572586059570312,12700,0.139,0.0
2024-04-30 00:00:00-04:00,20.496319772491166,20.572585075656477,20.41052107914166,20.553518295288086,17100,0.0,0.0
2024-05-01 00:00:00-04:00,20.496321699211464,20.63931892880009,20.4391231710377,20.629785537719727,12600,0.0,0.0
2024-05-02 00:00:00-04:00,20.60118958712036,20.66792151416267,20.582122802734375,20.582122802734375,12100,0.0,0.0
2024-05-03 00:00:00-04:00,20.66792054877824,20.706052297460467,20.591655233105236,20.639320373535156,4200,0.0,0.0
2024-05-06 00:00:00-04:00,20.677454885626336,20.820452131760597,20.677454885626336,20.69651985168457,4800,0.0,0.0
2024-05-07 00:00:00-04:00,20.65838571096082,20.73465102129532,20.629785537719727,20.629785537719727,10900,0.0,0.0
2024-05-08 00:00:00-04:00,20.601186231490747,20.61071962213089,20.4963207527575,20.572586059570312,9800,0.0,0.0
2024-05-09 00:00:00-04:00,20.61072297931335,20.61072297931335,20.515390875692063,20.582122802734375,7100,0.0,0.0
2024-05-10 00:00:00-04:00,20.572588929630392,20.572588929630392,20.505857004148027,20.515390396118164,7600,0.0,0.0
2024-05-13 00:00:00-04:00,20.572588465050657,20.65838717253575,20.50585654107526,20.52492332458496,9400,0.0,0.0
2024-05-14 00:00:00-04:00,20.524922861511993,20.56305460936253,20.51538946997223,20.534456253051758,13800,0.0,0.0
2024-05-15 00:00:00-04:00,20.591654825934437,20.69651849646844,20.58212143437525,20.686986923217773,8700,0.0,0.0
2024-05-16 00:00:00-04:00,20.706051853997927,20.82998412575514,20.620253148414783,20.72511863708496,11000,0.0,0.0
2024-05-17 00:00:00-04:00,20.63931896102035,20.648852352115597,20.563053650566793,20.59165382385254,12000,0.0,0.0
2024-05-20 00:00:00-04:00,20.59165382385254,20.74418444475965,20.563053650566793,20.59165382385254,6000,0.0,0.0
2024-05-21 00:00:00-04:00,20.55352022738523,20.629785537719727,20.55352022738523,20.629785537719727,18500,0.0,0.0
2024-05-22 00:00:00-04:00,20.59165382385254,20.59165382385254,20.53445529558948,20.59165382385254,10500,0.0,0.0
2024-05-23 00:00:00-04:00,20.543987771098198,20.572587945640663,20.496322631835938,20.496322631835938,12100,0.0,0.0
2024-05-24 00:00:00-04:00,20.543986349394682,20.591653303666764,20.505854604285403,20.563053131103516,9000,0.0,0.0
2024-05-28 00:00:00-04:00,20.563053650566793,20.601187214947785,20.52492190449423,20.59165382385254,13300,0.0,0.0
2024-05-29 00:00:00-04:00,20.543987826283004,20.582121392442055,20.429590764422883,20.534456253051758,30500,0.0,0.0
2024-05-30 00:00:00-04:00,20.496324091306075,20.66792151416267,20.496324091306075,20.582122802734375,9900,0.0,0.0
2024-05-31 00:00:00-04:00,20.610723536837533,20.877651252227228,20.49632464573574,20.839519500732422,96400,0.0,0.0
2024-06-03 00:00:00-04:00,20.79185064280068,21.05878015216202,20.74418550320083,21.030179977416992,54900,0.0,0.0
2024-06-04 00:00:00-04:00,20.972979053946396,20.972979053946396,20.868113576818,20.96344566345215,19100,0.0,0.0
2024-06-05 00:00:00-04:00,21.049246718763186,21.049246718763186,20.858582524125506,20.877649307250977,23700,0.0,0.0
2024-06-06 00:00:00-04:00,20.801383565017773,20.934847407532686,20.801383565017773,20.849050521850586,8200,0.0,0.0
2024-06-07 00:00:00-04:00,20.782318151036364,20.88718364466666,20.706052833389407,20.744186401367188,12400,0.0,0.0
2024-06-10 00:00:00-04:00,20.677453497675888,20.83951751729866,20.677453497675888,20.72511863708496,8600,0.0,0.0
2024-06-11 00:00:00-04:00,20.725120080692825,20.76325364952309,20.66792154575607,20.73465347290039,12900,0.0,0.0
2024-06-12 00:00:00-04:00,20.839518968874973,20.925317680434425,20.73465347290039,20.73465347290039,16800,0.0,0.0
2024-06-13 00:00:00-04:00,20.772781345871532,20.8109130859375,20.73464778749742,20.8109130859375,10900,0.0,0.0
2024-06-14 00:00:00-04:00,20.763250781988095,20.801382527243483,20.744184000206204,20.79184913635254,14300,0.0,0.0
2024-06-17 00:00:00-04:00,20.753716960259112,20.95391270988781,20.73465017887304,20.76325035095215,16400,0.0,0.0
2024-06-18 00:00:00-04:00,20.78231574546159,21.001580099336547,20.763250781988095,20.79184913635254,18000,0.0,0.0
2024-06-20 00:00:00-04:00,20.772784204296077,20.81091594960914,20.725117249769262,20.75371742248535,17200,0.0,0.0
2024-06-21 00:00:00-04:00,20.725117275786115,20.839516148485693,20.725117275786115,20.82998275756836,9900,0.0,0.0
2024-06-24 00:00:00-04:00,20.83951753838062,20.868115894731588,20.80138397216797,20.80138397216797,8800,0.0,0.0
2024-06-25 00:00:00-04:00,20.791852538478057,20.877651252227228,20.772787571884997,20.839519500732422,16300,0.0,0.0
2024-06-26 00:00:00-04:00,20.84905143265396,21.001582064565394,20.84905143265396,20.944381713867188,33200,0.0,0.0
2024-06-27 00:00:00-04:00,21.001580209616385,21.039711955072004,20.829982809295096,20.982513427734375,48600,0.0,0.0
2024-06-28 00:00:00-04:00,20.868113635680373,21.135043115347244,20.810915110861874,21.00157928466797,23200,0.0,0.0
2024-07-01 00:00:00-04:00,20.934844143918625,21.068309783935547,20.829980491851,21.068309783935547,10400,0.0,0.0
2024-07-02 00:00:00-04:00,21.077844157892315,21.087377548217773,20.75371616005988,21.087377548217773,21900,0.0,0.0
2024-07-03 00:00:00-04:00,21.020647121661366,21.16364618072308,20.934848413547762,21.135046005249023,5200,0.0,0.0
2024-07-05 00:00:00-04:00,21.049247262218014,21.17317771911621,21.049247262218014,21.17317771911621,6900,0.0,0.0
2024-07-08 00:00:00-04:00,20.972981480355436,21.22084420695666,20.972981480355436,20.992048263549805,2500,0.0,0.0
2024-07-09 00:00:00-04:00,21.06831313570257,21.182710195850042,21.049246352908497,21.07784652709961,8600,0.0,0.0
2024-07-10 00:00:00-04:00,21.020646606489144,21.163645662046253,21.011115033206625,21.1064453125,9500,0.0,0.0
2024-07-11 00:00:00-04:00,21.21131373237395,21.37337777519635,21.18271355364925,21.354310989379883,9700,0.0,0.0
2024-07-12 00:00:00-04:00,21.278040856825864,21.33523938304295,21.23037572136302,21.258974075317383,8400,0.0,0.0
2024-07-15 00:00:00-04:00,21.201778428863822,21.28757713899737,21.14457989487766,21.278043746948242,5500,0.0,0.0
2024-07-16 00:00:00-04:00,21.182711146063884,21.30664342147623,21.135046005249023,21.135046005249023,6300,0.0,0.0
2024-07-17 00:00:00-04:00,21.08738036819664,21.28757613687824,21.08738036819664,21.182710647583008,3900,0.0,0.0
2024-07-18 00:00:00-04:00,21.163643315407572,21.29710714626656,21.12550975327168,21.192241668701172,3100,0.0,0.0
2024-07-19 00:00:00-04:00,21.106442052638158,21.297106218394127,21.106442052638158,21.211307525634766,10300,0.0,0.0
2024-07-22 00:00:00-04:00,21.287573843853124,21.316174015573438,21.201775147000518,21.306640625,8000,0.0,0.0
2024-07-23 00:00:00-04:00,21.38290835079129,21.44964027404785,21.287576252578262,21.44964027404785,5100,0.0,0.0
2024-07-24 00:00:00-04:00,21.382910753615626,21.440109291647502,21.335243789998447,21.4019775390625,1800,0.0,0.0
2024-07-25 00:00:00-04:00,21.449640328558136,21.5068388603079,21.44010693688175,21.487773895263672,7500,0.0,0.0
2024-07-26 00:00:00-04:00,21.316174129213287,21.61170196533203,21.316174129213287,21.61170196533203,4300,0.0,0.0
2024-07-29 00:00:00-04:00,21.63077107882176,21.63077107882176,21.411506707439226,21.44964027404785,12600,0.0,0.0
2024-07-30 00:00:00-04:00,21.506836866093114,21.506836866093114,21.268507551208145,21.37337303161621,8600,0.0,0.0
2024-07-31 00:00:00-04:00,21.458753444447503,21.458753444447503,20.931156729683813,20.969528198242188,106300,0.139,0.0
2024-08-01 00:00:00-04:00,21.094227916107403,21.190154740135416,21.0750421853714,21.170969009399414,35200,0.0,0.0
2024-08-02 00:00:00-04:00,21.15178567704938,21.41078758239746,21.132601773790118,21.41078758239746,40700,0.0,0.0
2024-08-05 00:00:00-04:00,21.34363613882143,21.47793258971192,21.247709318334547,21.382007598876953,16100,0.0,0.0
2024-08-06 00:00:00-04:00,21.458750314078078,21.458750314078078,21.30526629188692,21.362823486328125,5200,0.0,0.0
2024-08-07 00:00:00-04:00,21.410787085230933,21.449158550162846,21.305267386320324,21.372417449951172,7000,0.0,0.0
2024-08-08 00:00:00-04:00,21.343636367924468,21.35322923304132,21.266895276641602,21.334043502807617,8500,0.0,0.0
2024-08-09 00:00:00-04:00,21.286083431217694,21.334045932612614,21.218935197403948,21.305267333984375,11900,0.0,0.0
2024-08-12 00:00:00-04:00,21.324452256103687,21.37241658532818,21.295675488221068,21.31485939025879,5500,0.0,0.0
2024-08-13 00:00:00-04:00,21.295673871992154,21.37241496327502,21.276488141758453,21.334043502807617,11900,0.0,0.0
2024-08-14 00:00:00-04:00,21.362821288588666,21.439562376963337,21.34363555908203,21.34363555908203,4300,0.0,0.0
2024-08-15 00:00:00-04:00,21.429969819529934,21.429969819529934,21.247709045906902,21.295673370361328,6400,0.0,0.0
2024-08-16 00:00:00-04:00,21.324452567796666,21.334045433781778,21.22852573759763,21.266897201538086,7100,0.0,0.0
2024-08-19 00:00:00-04:00,21.334042694328716,21.35322842383535,21.228523011694094,21.34363555908203,4400,0.0,0.0
2024-08-20 00:00:00-04:00,21.276488968894597,21.334044332181257,21.24771037242526,21.25730323791504,7400,0.0,0.0
2024-08-21 00:00:00-04:00,21.257304056960063,21.44915771484375,21.257304056960063,21.44915771484375,7600,0.0,0.0
2024-08-22 00:00:00-04:00,21.439564230181528,21.55467495786767,21.420378499016493,21.545082092285156,20800,0.0,0.0
2024-08-23 00:00:00-04:00,21.3915991356071,21.46834022786485,21.3915991356071,21.420377731323242,4400,0.0,0.0
2024-08-26 00:00:00-04:00,21.429974145260566,21.554677754710234,21.429974145260566,21.535493850708008,8000,0.0,0.0
2024-08-27 00:00:00-04:00,21.497120975864622,21.602640674403112,21.468342377267177,21.573862075805664,14600,0.0,0.0
2024-08-28 00:00:00-04:00,21.487524599703885,21.59304428100586,21.487524599703885,21.59304428100586,14100,0.0,0.0
2024-08-29 00:00:00-04:00,21.583454132080078,21.593046997919252,21.573861266240904,21.583454132080078,9900,0.0,0.0
2024-08-30 00:00:00-04:00,21.497118786877515,21.583452744226577,21.487525921655177,21.55467414855957,14900,0.0,0.0
2024-09-03 00:00:00-04:00,21.506712459607115,21.573860689032706,21.439564230181528,21.545082092285156,8600,0.0,0.0
2024-09-04 00:00:00-04:00,21.54508078145799,21.583452241453497,21.487525421116654,21.51630401611328,54400,0.0,0.0
2024-09-05 00:00:00-04:00,21.516304825198468,21.60263878378288,21.506711959838867,21.506711959838867,13100,0.0,0.0
2024-09-06 00:00:00-04:00,21.525897979736328,21.59304620850361,21.50671224875939,21.525897979736328,19000,0.0,0.0
2024-09-09 00:00:00-04:00,21.583450608733862,21.631413100448114,21.573857744460657,21.602636337280273,10400,0.0,0.0
2024-09-10 00:00:00-04:00,21.602637664283883,21.660193023806844,21.53548943989845,21.564266204833984,12400,0.0,0.0
2024-09-11 00:00:00-04:00,21.573857744460657,21.602636337280273,21.535488117019607,21.602636337280273,16000,0.0,0.0
2024-09-12 00:00:00-04:00,21.583450608733862,21.64100596472132,21.554672015914242,21.602636337280273,12700,0.0,0.0
2024-09-13 00:00:00-04:00,21.564265687109362,21.621822874902357,21.53548892286471,21.59304428100586,21900,0.0,0.0
2024-09-16 00:00:00-04:00,21.602637905122652,21.80408258052478,21.59304504015323,21.784896850585938,23700,0.0,0.0
2024-09-17 00:00:00-04:00,21.775306412227508,21.90001000094486,21.708156355600668,21.756120681762695,30800,0.0,0.0
2024-09-18 00:00:00-04:00,21.66978722262405,21.852048006926957,21.650601491718056,21.794490814208984,35100,0.0,0.0
2024-09-19 00:00:00-04:00,21.813677410567006,21.90960423925083,21.813677410567006,21.852048873901367,53100,0.0,0.0
2024-09-20 00:00:00-04:00,21.775307180748005,21.98634473435324,21.708157121751224,21.88082504272461,14000,0.0,0.0
2024-09-23 00:00:00-04:00,21.804082597106316,21.86163978696662,21.708155776991056,21.717748641967773,17500,0.0,0.0
2024-09-24 00:00:00-04:00,21.736934951297883,21.852047504434793,21.736934951297883,21.756120681762695,27000,0.0,0.0
2024-09-25 00:00:00-04:00,21.804083719727984,21.86164091255172,21.660194396972656,21.660194396972656,33000,0.0,0.0
2024-09-26 00:00:00-04:00,21.679381203187454,21.842456264972373,21.679381203187454,21.736936569213867,43300,0.0,0.0
2024-09-27 00:00:00-04:00,21.736936070019986,21.77530753292445,21.660194973863113,21.698566436767578,83400,0.0,0.0
2024-09-30 00:00:00-04:00,21.660195471294617,21.804084801186697,21.61223297121462,21.736936569213867,328500,0.0,0.0
2024-10-01 00:00:00-04:00,21.78489610569584,21.919194381023782,21.756119341423446,21.86163902282715,30400,0.0,0.0
2024-10-02 00:00:00-04:00,21.79448838987446,21.900008068467805,21.79448838987446,21.823266983032227,3600,0.0,0.0
2024-10-03 00:00:00-04:00,21.79449191189589,21.909604473477515,21.765715143739552,21.80408477783203,3000,0.0,0.0
2024-10-04 00:00:00-04:00,21.80408367966198,21.82326941056797,21.708156854784026,21.794490814208984,5100,0.0,0.0
2024-10-07 00:00:00-04:00,21.78489767871405,21.8136762747163,21.679379819343087,21.70815658569336,6600,0.0,0.0
2024-10-08 00:00:00-04:00,21.75612227780341,21.813677643768173,21.708157948122693,21.80408477783203,8800,0.0,0.0
2024-10-09 00:00:00-04:00,21.804083699633072,21.813676565094852,21.717749740129037,21.72734260559082,2600,0.0,0.0
2024-10-10 00:00:00-04:00,21.698567246577294,21.794492248114352,21.660195782240773,21.688974380493164,4200,0.0,0.0
2024-10-11 00:00:00-04:00,21.842455141473962,21.842455141473962,21.698565818983035,21.794490814208984,8000,0.0,0.0
2024-10-14 00:00:00-04:00,21.727341490421317,21.79448971555536,21.69856472516496,21.784896850585938,5500,0.0,0.0
2024-10-15 00:00:00-04:00,21.79449407446855,21.986347752924033,21.79449407446855,21.89042091369629,10300,0.0,0.0
2024-10-16 00:00:00-04:00,21.756119538384553,21.96715707345066,21.746526673656295,21.94797134399414,12000,0.0,0.0
2024-10-17 00:00:00-04:00,21.95756563519185,21.95756563519185,21.784897718169574,21.84245491027832,7600,0.0,0.0
2024-10-18 00:00:00-04:00,21.84245329354432,21.909601516382367,21.78489610569584,21.86163902282715,5500,0.0,0.0
2024-10-21 00:00:00-04:00,21.775309158991174,21.775309158991174,21.621826955216175,21.67938232421875,23900,0.0,0.0
2024-10-22 00:00:00-04:00,21.69856583885748,21.736935471052604,21.62182474481523,21.72734260559082,11000,0.0,0.0
2024-10-23 00:00:00-04:00,21.72734320429387,21.78489856899851,21.61223247488459,21.698566436767578,17000,0.0,0.0
2024-10-24 00:00:00-04:00,21.72734289430977,21.76571435666679,21.70815716313126,21.74652862548828,5800,0.0,0.0
2024-10-25 00:00:00-04:00,21.72734260559082,21.823269430556635,21.64100864608679,21.72734260559082,7100,0.0,0.0
2024-10-28 00:00:00-04:00,21.68897109767567,21.86163900175095,21.57385855174153,21.59304428100586,11900,0.0,0.0
2024-10-29 00:00:00-04:00,21.698566415022277,21.823270010032704,21.593046721792803,21.765714645385742,11200,0.0,0.0
2024-10-30 00:00:00-04:00,21.813675462083033,21.86163978696662,21.554673596667406,21.717748641967773,24200,0.0,0.0
2024-10-31 00:00:00-04:00,21.71678634034592,21.774697255119502,21.543051755070387,21.57200813293457,41500,0.139,0.0
2024-11-01 00:00:00-04:00,21.58165829995364,21.658873459627973,21.51409526535793,21.533397674560547,20100,0.0,0.0
2024-11-04 00:00:00-05:00,21.572006244556533,21.726436564404032,21.572006244556533,21.687828063964844,18000,0.0,0.0
2024-11-05 00:00:00-05:00,21.62026507948989,21.736088740122504,21.62026507948989,21.726436614990234,11400,0.0,0.0
2024-11-06 00:00:00-05:00,21.620266921753423,21.668527551527067,21.562356006979844,21.57200813293457,11800,0.0,0.0
2024-11-07 00:00:00-05:00,21.57200719840467,21.658874487279224,21.543050821794917,21.639570236206055,14800,0.0,0.0
2024-11-08 00:00:00-05:00,21.658874518559767,21.716785430908203,21.629918141908192,21.716785430908203,18000,0.0,0.0
2024-11-11 00:00:00-05:00,21.716783432827107,21.716783432827107,21.533396746149293,21.60095977783203,18300,0.0,0.0
2024-11-12 00:00:00-05:00,21.562355065949625,21.610613852662357,21.427228990390216,21.5816593170166,11800,0.0,0.0
2024-11-13 00:00:00-05:00,21.63957117366288,21.707134214391193,21.42722992552322,21.57200813293457,7500,0.0,0.0
2024-11-14 00:00:00-05:00,21.55270291598136,21.59131141807154,21.45618350171062,21.562355041503906,6100,0.0,0.0
2024-11-15 00:00:00-05:00,21.57200524479917,21.65887252580684,21.456181589804093,21.60095977783203,8400,0.0,0.0
2024-11-18 00:00:00-05:00,21.600962693457756,21.649223323284154,21.475488737818697,21.591312408447266,8600,0.0,0.0
2024-11-19 00:00:00-05:00,21.620268812053368,21.620268812053368,21.494794845581055,21.494794845581055,9600,0.0,0.0
2024-11-20 00:00:00-05:00,21.523746490478516,21.726437444081718,21.436879201927816,21.523746490478516,15300,0.0,0.0
2024-11-21 00:00:00-05:00,21.494791100327824,21.649221420288086,21.494791100327824,21.649221420288086,16200,0.0,0.0
2024-11-22 00:00:00-05:00,21.62991813507632,21.65887451171875,21.504444184868557,21.65887451171875,6600,0.0,0.0
2024-11-25 00:00:00-05:00,21.707134195118126,21.707134195118126,21.58166023972764,21.610614776611328,7000,0.0,0.0
2024-11-26 00:00:00-05:00,21.54305076599121,21.620265929129168,21.494791979388005,21.54305076599121,10600,0.0,0.0
2024-11-27 00:00:00-05:00,21.572006244556533,21.716784439294237,21.562354119446738,21.687828063964844,9100,0.0,0.0
2024-11-29 00:00:00-05:00,21.707133360751055,21.813304901123047,21.629918197104526,21.813304901123047,36300,0.0,0.0
2024-12-02 00:00:00-05:00,21.784348356130618,21.784348356130618,21.475487703930217,21.523746490478516,66100,0.0,0.0
2024-12-03 00:00:00-05:00,21.52374755443836,21.716786392083236,21.485140891482256,21.668527603149414,44000,0.0,0.0
2024-12-04 00:00:00-05:00,21.736088740122504,21.765043274564686,21.629917204622163,21.726436614990234,12700,0.0,0.0
2024-12-05 00:00:00-05:00,21.668523775991627,21.76504133681206,21.65887165171869,21.707130432128906,2300,0.0,0.0
2024-12-06 00:00:00-05:00,21.755393908633497,21.765044193218454,21.639570243112225,21.697481155395508,7000,0.0,0.0
2024-12-09 00:00:00-05:00,21.600961758433893,21.7553939262388,21.552702971651225,21.65887451171875,8700,0.0,0.0
2024-12-10 00:00:00-05:00,21.716785424048894,21.716785424048894,21.5237465950088,21.65887451171875,14700,0.0,0.0
2024-12-11 00:00:00-05:00,21.572006244556533,21.755392939733426,21.543049869227143,21.687828063964844,18000,0.0,0.0
2024-12-12 00:00:00-05:00,21.610613890807144,21.745741807559774,21.610613890807144,21.716785430908203,8400,0.0,0.0
2024-12-13 00:00:00-05:00,21.620265029150893,21.73608868951383,21.52374561900755,21.687828063964844,15800,0.0,0.0
2024-12-16 00:00:00-05:00,21.678177817279654,21.678177817279654,21.543051735943006,21.610614776611328,19700,0.0,0.0
2024-12-17 00:00:00-05:00,21.572007222746176,21.687829047406467,21.54305084610375,21.65887451171875,11000,0.0,0.0
2024-12-18 00:00:00-05:00,21.543048896905997,21.67817496043514,21.42722708272517,21.620264053344727,22700,0.0,0.0
2024-12-19 00:00:00-05:00,21.47548583912903,21.610611902494497,21.40792280744629,21.60095977783203,15700,0.0,0.0
2024-12-20 00:00:00-05:00,21.629916151819433,21.765042215184906,21.436877340479153,21.60095977783203,34600,0.0,0.0
2024-12-23 00:00:00-05:00,21.610611902494497,21.78434646450984,21.552700995474233,21.60095977783203,17100,0.0,0.0
2024-12-24 00:00:00-05:00,21.504442239163904,21.620264053344727,21.42722708272517,21.620264053344727,17000,0.0,0.0
2024-12-26 00:00:00-05:00,21.485138890122073,21.726436494223684,21.43687826472898,21.533397674560547,9600,0.0,0.0
2024-12-27 00:00:00-05:00,21.581660207011737,21.65887537350917,21.446532284925148,21.475488662719727,19800,0.0,0.0
2024-12-30 00:00:00-05:00,21.504445073113157,21.707134195118126,21.475488695274684,21.610614776611328,18800,0.0,0.0
2024-12-31 00:00:00-05:00,21.620265904529816,21.668526532032818,21.340361628831214,21.523746490478516,80200,0.0,0.0
2025-01-02 00:00:00-05:00,21.620266902557486,21.66852753228828,21.494792947167,21.610614776611328,10400,0.0,0.0
2025-01-03 00:00:00-05:00,21.57200719840467,21.66852661281581,21.523746570721748,21.639570236206055,6000,0.0,0.0
2025-01-06 00:00:00-05:00,21.58165926803754,21.658874431175498,21.504444104899587,21.54305076599121,20100,0.0,0.0
2025-01-07 00:00:00-05:00,21.523748441459215,21.639572117010342,21.494793903287587,21.504446029663086,13600,0.0,0.0
2025-01-08 00:00:00-05:00,21.51409623041117,21.54305076599121,21.494791979388005,21.54305076599121,9400,0.0,0.0
2025-01-10 00:00:00-05:00,21.543050741479714,24.41931786628933,21.378968289878916,21.523746490478516,18700,0.0,0.0
2025-01-13 00:00:00-05:00,21.43687922631851,21.552702891502793,21.340361653112094,21.54305076599121,17900,0.0,0.0
2025-01-14 00:00:00-05:00,21.44653233647789,21.60096266984397,21.44653233647789,21.57200813293457,14100,0.0,0.0
2025-01-15 00:00:00-05:00,21.581658360202194,21.658873520092083,21.562354109991066,21.62991714477539,44900,0.0,0.0
2025-01-16 00:00:00-05:00,21.629915195656473,21.629915195656473,21.53339579425303,21.55270004272461,14700,0.0,0.0
2025-01-17 00:00:00-05:00,21.562354109991066,21.639569269880955,21.543049859779938,21.62991714477539,31900,0.0,0.0
2025-01-21 00:00:00-05:00,21.707132330034526,21.707132330034526,21.610612919820706,21.649221420288086,22400,0.0,0.0
2025-01-22 00:00:00-05:00,21.600960794703862,21.707132330034526,21.600960794703862,21.649221420288086,14700,0.0,0.0
2025-01-23 00:00:00-05:00,21.6395702606238,21.707133298501418,21.572007222746176,21.65887451171875,134500,0.0,0.0
2025-01-24 00:00:00-05:00,21.620266009528844,21.668526637266226,21.600961758433893,21.65887451171875,14100,0.0,0.0
2025-01-27 00:00:00-05:00,21.6009607789313,21.726436564404032,21.6009607789313,21.687828063964844,24000,0.0,0.0
2025-01-28 00:00:00-05:00,21.745742770016406,21.794001558950228,21.620266973260797,21.668527603149414,29700,0.0,0.0
2025-01-29 00:00:00-05:00,21.649224249052235,21.7360915454996,21.649224249052235,21.678178787231445,8400,0.0,0.0
2025-01-30 00:00:00-05:00,21.639569295171242,21.716784455151373,21.639569295171242,21.649221420288086,14400,0.0,0.0
2025-01-31 00:00:00-05:00,21.638538025390762,21.823066408788822,21.638538025390762,21.667673110961914,10300,0.139,0.0
2025-02-03 00:00:00-05:00,21.638537134403556,21.852202447009127,21.638537134403556,21.755081176757812,14800,0.0,0.0
2025-02-04 00:00:00-05:00,21.803644461691942,21.842491861402888,21.706523183763128,21.774507522583008,30400,0.0,0.0
2025-02-05 00:00:00-05:00,21.793933059861132,21.891054341850587,21.793933059861132,21.87162971496582,20200,0.0,0.0
2025-02-06 00:00:00-05:00,21.852203369140625,21.891052619854193,21.813354118427053,21.852203369140625,28200,0.0,0.0
2025-02-07 00:00:00-05:00,21.813352918470876,21.881339103479693,21.77450552232854,21.784217834472656,28800,0.0,0.0
2025-02-10 00:00:00-05:00,21.7842184208181,21.949324026843815,21.7842184208181,21.91047477722168,32200,0.0,0.0
2025-02-11 00:00:00-05:00,22.056157394930388,22.075582021182697,21.784220037135306,21.939613342285156,16200,0.0,0.0
2025-02-12 00:00:00-05:00,21.881340494471694,21.9396125186066,21.764794593767625,21.832778930664062,15900,0.0,0.0
2025-02-13 00:00:00-05:00,21.7065223838332,21.891052619854193,21.7065223838332,21.852203369140625,8900,0.0,0.0
2025-02-14 00:00:00-05:00,21.8230673438578,21.988172961427573,21.764795317784444,21.949325561523438,9400,0.0,0.0
2025-02-18 00:00:00-05:00,21.842491970027023,22.085294239839374,21.842491970027023,21.949325561523438,32200,0.0,0.0
2025-02-19 00:00:00-05:00,21.83277932271923,22.04644650244117,21.764794984601988,21.97846031188965,15300,0.0,0.0
2025-02-20 00:00:00-05:00,21.997883949361686,22.124142159421538,21.72594660911129,22.075580596923828,28300,0.0,0.0
2025-02-21 00:00:00-05:00,21.959035169947978,22.075579207740144,21.959035169947978,22.027019500732422,3600,0.0,0.0
2025-02-24 00:00:00-05:00,22.095006942749023,22.13385619577289,21.609402394556735,22.095006942749023,17400,0.0,0.0
2025-02-25 00:00:00-05:00,22.133857577512615,22.23097701126643,21.959039632860623,22.14356803894043,25100,0.0,0.0
2025-02-26 00:00:00-05:00,22.075582234197483,22.289249420166016,22.075582234197483,22.289249420166016,23500,0.0,0.0
2025-02-27 00:00:00-05:00,22.00759925618173,22.386370233027897,22.00759925618173,22.337810516357422,12100,0.0,0.0
2025-02-28 00:00:00-05:00,22.31838508065601,22.41550636291504,22.143567143076638,22.41550636291504,28200,0.0,0.0
2025-03-03 00:00:00-05:00,22.357235143999393,22.366947457820377,22.143567944806623,22.337810516357422,11600,0.0,0.0
2025-03-04 00:00:00-05:00,22.376657172565995,22.66801914361571,22.221262021914015,22.590322494506836,34700,0.0,0.0
2025-03-05 00:00:00-05:00,22.590322494506836,22.609747119892614,22.415504570903316,22.590322494506836,11100,0.0,0.0
2025-03-06 00:00:00-05:00,22.53205136794976,22.53205136794976,22.162990880661937,22.502914428710938,17300,0.0,0.0
2025-03-07 00:00:00-05:00,22.64859479967997,22.755428388195106,22.55147352397841,22.561185836791992,14900,0.0,0.0
2025-03-10 00:00:00-04:00,22.5417624039468,22.74571727895563,22.5417624039468,22.62917137145996,22500,0.0,0.0
2025-03-11 00:00:00-04:00,22.551474717274303,22.736004965628126,22.551474717274303,22.62917137145996,12000,0.0,0.0
2025-03-12 00:00:00-04:00,22.67773475446851,22.67773475446851,22.541764209427292,22.638885498046875,19200,0.0,0.0
2025-03-13 00:00:00-04:00,22.561186440061345,22.726292057438517,21.949325535919066,22.318384170532227,33300,0.0,0.0
2025-03-14 00:00:00-04:00,22.05615798900667,22.648596138619084,22.05615798900667,22.4349308013916,16700,0.0,0.0
2025-03-17 00:00:00-04:00,22.46406425999431,22.619459410494525,22.318383274611733,22.405792236328125,6600,0.0,0.0
2025-03-18 00:00:00-04:00,22.60974629082937,22.677730624752478,22.464063458212237,22.483488082885742,10500,0.0,0.0
2025-03-19 00:00:00-04:00,22.095007242557685,22.66802076539459,22.095007242557685,22.4349308013916,8800,0.0,0.0
2025-03-20 00:00:00-04:00,22.425217479420294,22.434929792371232,22.337808515296132,22.34752082824707,15400,0.0,0.0
2025-03-21 00:00:00-04:00,22.34752258864706,22.66802153153782,22.34752258864706,22.541763305664062,21200,0.0,0.0
2025-03-24 00:00:00-04:00,22.5417624039468,22.67773293809747,22.47377806308864,22.62917137145996,8200,0.0,0.0
2025-03-25 00:00:00-04:00,22.600034921700143,22.92053383245229,22.55147335798967,22.765140533447266,59600,0.0,0.0
2025-03-26 00:00:00-04:00,22.638884592823675,22.852551789730107,22.551475621804574,22.726293563842773,26800,0.0,0.0
2025-03-27 00:00:00-04:00,22.629168905925166,22.74571480072271,22.580609197012777,22.687442779541016,86000,0.0,0.0
2025-03-28 00:00:00-04:00,22.590321999311197,22.988517548819722,22.19212644980267,22.82341194152832,57700,0.0,0.0
2025-03-31 00:00:00-04:00,22.726291953365724,23.017655786926976,22.483489684948495,22.881685256958008,407900,0.0,0.0
2025-04-01 00:00:00-04:00,22.745716618921982,22.745716618921982,22.658307653945247,22.69715690612793,18100,0.0,0.0
2025-04-02 00:00:00-04:00,22.580611002014184,22.794276331716034,22.580611002014184,22.69715690612793,4300,0.0,0.0
2025-04-03 00:00:00-04:00,22.522339255788008,22.74571690130875,22.211552644205355,22.668020248413086,21400,0.0,0.0
2025-04-04 00:00:00-04:00,22.619461107051595,22.823414131397715,22.24068829372622,22.79427719116211,26900,0.0,0.0
2025-04-07 00:00:00-04:00,22.716580583214462,22.716580583214462,22.357234248405092,22.60974884033203,14300,0.0,0.0
2025-04-08 00:00:00-04:00,22.63888321514728,22.716579867721133,22.347521231103904,22.677732467651367,21800,0.0,0.0
2025-04-09 00:00:00-04:00,22.668020154525344,22.687444780777387,22.47377759687355,22.677732467651367,14800,0.0,0.0
2025-04-10 00:00:00-04:00,22.51262726727166,22.60003623459408,22.35723395923944,22.454355239868164,11400,0.0,0.0
2025-04-11 00:00:00-04:00,22.36694388439046,22.687442779541016,22.337806947582532,22.687442779541016,15600,0.0,0.0
2025-04-14 00:00:00-04:00,22.541761936321382,22.677732467651367,22.454354823055823,22.677732467651367,16800,0.0,0.0
2025-04-15 00:00:00-04:00,22.53205108642578,22.638882824098044,22.434929809277495,22.53205108642578,23600,0.0,0.0
2025-04-16 00:00:00-04:00,22.522339580577967,22.66802057530388,22.337809332626822,22.454355239868164,7800,0.0,0.0
2025-04-17 00:00:00-04:00,22.473776501693898,22.629169799269068,22.473776501693898,22.600034713745117,3700,0.0,0.0
2025-04-21 00:00:00-04:00,22.493202021870975,22.580610986788773,22.493202021870975,22.51262664794922,13900,0.0,0.0
2025-04-22 00:00:00-04:00,22.512625752304803,22.6777313625327,22.512625752304803,22.600034713745117,12800,0.0,0.0
2025-04-23 00:00:00-04:00,22.687445251424975,22.726292652300625,22.600036283911813,22.62917137145996,8700,0.0,0.0
2025-04-24 00:00:00-04:00,22.61945872470459,22.706865831336692,22.60003409992671,22.658306121826172,29000,0.0,0.0
2025-04-25 00:00:00-04:00,22.658308311442468,22.687445251424975,22.609748597239314,22.62917137145996,4000,0.0,0.0
2025-04-28 00:00:00-04:00,22.619462722270562,22.668022440363103,22.600038094059745,22.638885498046875,8100,0.0,0.0
2025-04-29 00:00:00-04:00,22.677730839874545,22.813699509010565,22.609746505306536,22.64859390258789,6400,0.0,0.0
2025-04-30 00:00:00-04:00,22.657388977525713,22.85279440063151,22.657388977525713,22.75509262084961,5900,0.139,0.0
2025-05-01 00:00:00-04:00,22.725781913898885,22.872336453208572,22.667160470883424,22.696470260620117,3100,0.0,0.0
2025-05-02 00:00:00-04:00,22.64761936869758,22.784403356914346,22.64761936869758,22.696470260620117,15800,0.0,0.0
2025-05-05 00:00:00-04:00,22.667160470883424,22.696470260620117,22.6573899197905,22.696470260620117,1700,0.0,0.0
2025-05-06 00:00:00-04:00,22.745322894300543,22.745322894300543,22.647619247436523,22.647619247436523,11200,0.0,0.0
2025-05-07 00:00:00-04:00,22.608535744848766,22.794172476874937,22.608535744848766,22.725780487060547,5400,0.0,0.0
2025-05-08 00:00:00-04:00,22.657387406335005,22.686697192820272,22.559683769786428,22.618305206298828,6200,0.0,0.0
2025-05-09 00:00:00-04:00,22.53037301686485,22.794172286987305,22.53037301686485,22.794172286987305,4600,0.0,0.0
2025-05-12 00:00:00-04:00,22.764861332368284,22.764861332368284,22.618306798996525,22.637847900390625,10300,0.0,0.0
2025-05-13 00:00:00-04:00,22.72578067752136,22.72578067752136,22.637847586011063,22.65738868713379,8500,0.0,0.0
2025-05-14 00:00:00-04:00,22.63784840842554,22.63784840842554,22.530374211888063,22.549915313720703,13300,0.0,0.0
2025-05-15 00:00:00-04:00,22.549912113300877,22.74531937680981,22.549912113300877,22.628074645996094,8000,0.0,0.0
2025-05-16 00:00:00-04:00,22.637848023365592,22.7160105658246,22.637848023365592,22.68669891357422,2500,0.0,0.0
2025-05-19 00:00:00-04:00,22.58899808961525,22.745323181152344,22.58899808961525,22.745323181152344,13300,0.0,0.0
2025-05-20 00:00:00-04:00,22.6573899197905,22.71601136280596,22.6573899197905,22.696470260620117,6400,0.0,0.0
2025-05-21 00:00:00-04:00,22.60853644004151,22.68669898273881,22.530373897344212,22.569456100463867,16200,0.0,0.0
2025-05-22 00:00:00-04:00,22.510833551609196,22.63784697841395,22.481521900711826,22.579225540161133,13800,0.0,0.0
2025-05-23 00:00:00-04:00,22.530373416103586,22.57922616895968,22.491293077360684,22.540143966674805,5300,0.0,0.0
2025-05-27 00:00:00-04:00,22.56945461504551,22.764860027157063,22.56945461504551,22.71600914001465,12400,0.0,0.0
2025-05-28 00:00:00-04:00,22.62807843072848,22.745323181152344,22.62807843072848,22.745323181152344,9500,0.0,0.0
2025-05-29 00:00:00-04:00,22.745322315588663,22.86256519800881,22.628077569626498,22.852794647216797,15800,0.0,0.0
2025-05-30 00:00:00-04:00,22.891877555394416,23.018890992518262,22.696470260620117,22.696470260620117,107000,0.0,0.0
2025-06-02 00:00:00-04:00,22.69647113362753,22.725782788033754,22.520604934274477,22.588998794555664,15100,0.0,0.0
2025-06-03 00:00:00-04:00,22.588996719530897,22.862564681357124,22.540143966674805,22.540143966674805,11800,0.0,0.0
2025-06-04 00:00:00-04:00,22.549914202982915,22.618306192486337,22.549914202982915,22.55968475341797,8000,0.0,0.0
2025-06-05 00:00:00-04:00,22.66715957700395,22.66715957700395,22.52060317993164,22.52060317993164,16300,0.0,0.0
2025-06-06 00:00:00-04:00,22.520600162881596,22.559682360476298,22.33496531493202,22.530370712280273,6100,0.0,0.0
2025-06-09 00:00:00-04:00,22.559685382762122,22.559685382762122,22.471752289935537,22.52060317993164,31500,0.0,0.0
2025-06-10 00:00:00-04:00,22.530370712280273,22.6183037933266,22.481519828828645,22.530370712280273,9300,0.0,0.0
2025-06-11 00:00:00-04:00,22.510835963531818,22.637849403945427,22.354509005538127,22.491294860839844,11800,0.0,0.0
2025-06-12 00:00:00-04:00,22.50106541218583,22.569457408065627,22.491294860839844,22.491294860839844,8100,0.0,0.0
2025-06-13 00:00:00-04:00,22.491290378227323,22.530370712280273,22.35450455018762,22.530370712280273,13100,0.0,0.0
2025-06-16 00:00:00-04:00,22.501064422681143,22.579226966469662,22.501064422681143,22.549915313720703,11000,0.0,0.0
2025-06-17 00:00:00-04:00,22.442439405760375,22.569454694444516,22.354506317761167,22.481521606445312,17600,0.0,0.0
2025-06-18 00:00:00-04:00,22.471754040472913,22.608538033951003,22.471754040472913,22.588998794555664,17500,0.0,0.0
2025-06-20 00:00:00-04:00,22.588997804734937,22.65738979847713,22.510835259952135,22.647619247436523,13300,0.0,0.0
2025-06-23 00:00:00-04:00,22.608536728751584,22.696469823351702,22.588997490484257,22.667160034179688,12300,0.0,0.0
2025-06-24 00:00:00-04:00,22.71601116904103,22.843024605081464,22.676928965002705,22.764862060546875,6400,0.0,0.0
2025-06-25 00:00:00-04:00,22.755093278868305,22.76486196629538,22.549915435600706,22.598766326904297,14900,0.0,0.0
2025-06-26 00:00:00-04:00,22.56945638867489,22.68669927244702,22.56945638867489,22.667160034179688,10200,0.0,0.0
2025-06-27 00:00:00-04:00,22.686700025105786,22.745323332478787,22.55968658621515,22.676929473876953,38500,0.0,0.0
2025-06-30 00:00:00-04:00,22.66716027753518,22.852795156091045,22.501064637456427,22.764862060546875,207000,0.0,0.0
2025-07-01 00:00:00-04:00,22.667158360253687,22.882104873657227,22.667158360253687,22.882104873657227,30200,0.0,0.0
2025-07-02 00:00:00-04:00,22.882105670179865,22.921186008730935,22.823484230582277,22.891876220703125,18800,0.0,0.0
2025-07-03 00:00:00-04:00,22.88210629959284,22.90164740117687,22.852794647216797,22.852794647216797,1700,0.0,0.0
2025-07-07 00:00:00-04:00,22.784402655214706,22.86256519800881,22.764861553630677,22.852794647216797,11200,0.0,0.0
2025-07-08 00:00:00-04:00,22.882105670179865,22.950497660300712,22.833254781105538,22.891876220703125,13700,0.0,0.0
2025-07-09 00:00:00-04:00,22.843022672924636,22.921185210847916,22.843022672924636,22.882104873657227,4100,0.0,0.0
2025-07-10 00:00:00-04:00,22.911415725982312,22.911415725982312,22.813712091096694,22.872333526611328,17400,0.0,0.0
2025-07-11 00:00:00-04:00,22.823483123547497,22.90164566040039,22.823483123547497,22.90164566040039,2900,0.0,0.0
2025-07-14 00:00:00-04:00,22.81371259011079,22.81371259011079,22.764859839828485,22.784400939941406,4800,0.0,0.0
2025-07-15 00:00:00-04:00,22.794171176762376,22.833253376451154,22.72577919084886,22.80394172668457,11900,0.0,0.0
2025-07-16 00:00:00-04:00,22.85279372583387,22.89187592742621,22.725780297742656,22.794172286987305,8500,0.0,0.0
2025-07-17 00:00:00-04:00,22.852795954859356,22.91141926296589,22.725782514379453,22.774633407592773,12700,0.0,0.0
2025-07-18 00:00:00-04:00,22.833255767822266,22.833255767822266,22.76486191120388,22.833255767822266,2500,0.0,0.0
2025-07-21 00:00:00-04:00,22.862566506210445,22.862566506210445,22.764862856241685,22.774633407592773,3800,0.0,0.0
2025-07-22 00:00:00-04:00,22.745323421931154,22.891877963855826,22.64761977280067,22.84302520751953,11600,0.0,0.0
2025-07-23 00:00:00-04:00,22.569454907766637,22.921185399546054,22.569454907766637,22.81371307373047,13600,0.0,0.0
2025-07-24 00:00:00-04:00,22.764861307994202,22.77463185868079,22.716010418103252,22.75509262084961,4300,0.0,0.0
2025-07-25 00:00:00-04:00,22.725780297742656,22.813713387783473,22.696468646548404,22.794172286987305,5500,0.0,0.0
2025-07-28 00:00:00-04:00,22.852794455714577,22.930956997853695,22.7355515742769,22.921186447143555,8300,0.0,0.0
2025-07-29 00:00:00-04:00,22.930957988646732,22.940728539779034,22.79417399987866,22.862565994262695,21400,0.0,0.0
2025-07-30 00:00:00-04:00,22.91141652420667,22.921185210847916,22.833253986283392,22.882104873657227,11500,0.0,0.0
2025-07-31 00:00:00-04:00,22.930265426635742,23.038381294646967,22.920436540937608,22.930265426635742,34800,0.139,0.0
2025-08-01 00:00:00-04:00,22.940094277916355,23.0580371567805,22.9007787351828,22.98923683166504,14300,0.0,0.0
2025-08-04 00:00:00-04:00,22.910608180928843,23.146495819091797,22.753349755486873,23.146495819091797,26300,0.0,0.0
2025-08-05 00:00:00-04:00,23.1661526021282,23.293926239013672,23.1661526021282,23.293926239013672,25700,0.0,0.0
2025-08-06 00:00:00-04:00,23.284097068280396,23.284097068280396,23.146494547576417,23.185810089111328,4600,0.0,0.0
2025-08-07 00:00:00-04:00,23.166153307522997,23.19563996493324,22.714035808575648,23.097352981567383,19700,0.0,0.0
2025-08-08 00:00:00-04:00,23.11701036643856,23.22512435913086,23.048210041633936,23.22512435913086,12600,0.0,0.0
2025-08-11 00:00:00-04:00,23.225125028646065,23.225125028646065,23.077695489147857,23.205469131469727,6500,0.0,0.0
2025-08-12 00:00:00-04:00,23.254610412129214,23.254610412129214,23.156323432960146,23.185810089111328,4600,0.0,0.0
2025-08-13 00:00:00-04:00,23.136667820284032,23.293926239013672,22.92043608852961,23.293926239013672,17700,0.0,0.0
2025-08-14 00:00:00-04:00,23.264439582501282,23.293926239013672,23.185810373136462,23.293926239013672,3700,0.0,0.0
2025-08-15 00:00:00-04:00,23.215298617628264,23.244783401489258,23.136669402885026,23.244783401489258,2300,0.0,0.0
2025-08-18 00:00:00-04:00,23.175979905662828,23.3037516591585,23.136666240998043,23.284095764160156,19800,0.0,0.0
2025-08-19 00:00:00-04:00,23.254610412129214,23.30375296437965,23.185810089111328,23.185810089111328,11300,0.0,0.0
2025-08-20 00:00:00-04:00,23.234952291174327,23.254610061645508,23.195638624900138,23.254610061645508,4500,0.0,0.0
2025-08-21 00:00:00-04:00,22.900778384193202,23.215297097236377,22.900778384193202,23.11701011657715,7900,0.0,0.0
2025-08-22 00:00:00-04:00,23.146493251163164,23.284095764160156,23.058035162332278,23.284095764160156,7000,0.0,0.0
2025-08-25 00:00:00-04:00,23.058035162332278,23.284095764160156,23.058035162332278,23.284095764160156,21200,0.0,0.0
2025-08-26 00:00:00-04:00,23.215297030295158,23.293926239662166,23.195639259286352,23.234952926635742,6400,0.0,0.0
2025-08-27 00:00:00-04:00,23.058038313473435,23.264441173842155,22.930266542516307,23.244783401489258,7500,0.0,0.0
2025-08-28 00:00:00-04:00,23.20546814414472,23.293926239013672,23.20546814414472,23.293926239013672,9600,0.0,0.0
2025-08-29 00:00:00-04:00,23.21529837693289,23.25461204656273,22.959752962999765,23.077695846557617,30900,0.0,0.0
2025-09-02 00:00:00-04:00,22.95975109719303,23.087522856442153,22.910606670813998,23.018722534179688,16500,0.0,0.0
2025-09-03 00:00:00-04:00,22.949924393866077,23.136669482524702,22.949924393866077,23.067867279052734,8800,0.0,0.0
2025-09-04 00:00:00-04:00,23.097352981567383,23.097352981567383,22.920436786442494,23.097352981567383,36500,0.0,0.0
2025-09-05 00:00:00-04:00,23.097351046534378,23.215295791625977,23.028550726342665,23.215295791625977,8600,0.0,0.0
2025-09-08 00:00:00-04:00,23.185811006717728,23.274269104003906,23.17598212094501,23.274269104003906,6000,0.0,0.0
2025-09-09 00:00:00-04:00,23.244782446685754,23.293926875549342,23.136668452522418,23.274269104003906,20900,0.0,0.0
2025-09-10 00:00:00-04:00,23.284098946195055,23.2939278323715,23.17598307292247,23.244783401489258,9500,0.0,0.0
2025-09-11 00:00:00-04:00,23.29392430323843,23.45118270889956,23.27426653386377,23.352895736694336,23700,0.0,0.0
2025-09-12 00:00:00-04:00,23.431527737605805,23.559299504462835,23.362727411246762,23.500328063964844,112200,0.0,0.0
2025-09-15 00:00:00-04:00,23.470842042827506,23.480670928955078,23.264441058153523,23.480670928955078,13300,0.0,0.0
2025-09-16 00:00:00-04:00,23.264440112275715,23.510156631469727,23.264440112275715,23.510156631469727,8900,0.0,0.0
2025-09-17 00:00:00-04:00,23.441357934559154,23.480671605533892,23.343070945119706,23.402042388916016,4100,0.0,0.0
2025-09-18 00:00:00-04:00,23.470840804886226,23.470840804886226,23.225124288661977,23.461013793945312,8600,0.0,0.0
2025-09-19 00:00:00-04:00,23.372555448378492,23.44135577223918,23.264439582501282,23.293926239013672,4900,0.0,0.0
2025-09-22 00:00:00-04:00,23.372556686401367,23.480670683337053,23.215298259341893,23.372556686401367,14800,0.0,0.0
2025-09-23 00:00:00-04:00,23.43152813167128,23.43152813167128,23.313583374023438,23.313583374023438,4900,0.0,0.0
2025-09-24 00:00:00-04:00,23.284098590612718,23.362727804155174,23.284098590612718,23.313583374023438,5200,0.0,0.0
2025-09-25 00:00:00-04:00,23.333240543971936,23.35289831551737,23.195639892490444,23.274269104003906,13700,0.0,0.0
2025-09-26 00:00:00-04:00,23.22512435913086,23.274268787325767,23.22512435913086,23.22512435913086,3400,0.0,0.0
2025-09-29 00:00:00-04:00,23.274268468005413,23.31358213535371,23.17598148763233,23.293926239013672,15500,0.0,0.0
2025-09-30 00:00:00-04:00,23.1956399297507,23.254611369813457,23.067866289168407,23.15632438659668,178900,0.0,0.0
2025-10-01 00:00:00-04:00,23.234954120577957,23.431528091430664,23.18581156519894,23.431528091430664,39000,0.0,0.0
2025-10-02 00:00:00-04:00,23.510155709993356,23.510155709993356,23.31358175247552,23.42169761657715,7400,0.0,0.0
2025-10-03 00:00:00-04:00,23.56912842598591,23.58878619773775,23.362727446596487,23.441356658935547,23400,0.0,0.0
2025-10-06 00:00:00-04:00,23.55930042012824,23.588787078857422,23.264441331509868,23.588787078857422,10100,0.0,0.0
2025-10-07 00:00:00-04:00,23.343069639524668,23.500328063964844,23.343069639524668,23.500328063964844,12700,0.0,0.0
2025-10-08 00:00:00-04:00,23.588787078857422,23.588787078857422,23.303755001813748,23.588787078857422,3300,0.0,0.0
2025-10-09 00:00:00-04:00,23.47084136836346,23.61827278137207,23.313582944178012,23.61827278137207,8000,0.0,0.0
2025-10-10 00:00:00-04:00,23.44135560641609,23.647756576538086,23.411868950112282,23.647756576538086,13300,0.0,0.0
2025-10-13 00:00:00-04:00,23.313582702783922,23.51998555405786,23.313582702783922,23.3922119140625,3800,0.0,0.0
2025-10-14 00:00:00-04:00,23.431527773059628,23.54947065423407,23.323411903092808,23.441356658935547,9900,0.0,0.0
2025-10-15 00:00:00-04:00,23.46101530703436,23.588787078857422,23.46101530703436,23.588787078857422,8200,0.0,0.0
2025-10-16 00:00:00-04:00,23.500327110093206,23.56912743365966,23.421697901064654,23.529813766479492,10400,0.0,0.0
2025-10-17 00:00:00-04:00,23.7165584564209,23.736216228580233,23.372556816974203,23.7165584564209,8300,0.0,0.0
2025-10-20 00:00:00-04:00,23.65758677259123,23.65758677259123,23.50032834626199,23.549470901489258,23300,0.0,0.0
2025-10-21 00:00:00-04:00,23.559299150785527,23.62810135077999,23.50032771117283,23.569128036499023,6700,0.0,0.0
2025-10-22 00:00:00-04:00,23.578958192614362,23.63792963540436,23.49050009109518,23.588787078857422,6400,0.0,0.0
2025-10-23 00:00:00-04:00,23.667414699563306,23.706730241886703,23.490498508444503,23.578956604003906,23100,0.0,0.0
2025-10-24 00:00:00-04:00,23.667415300570923,23.687073072231808,23.578957202765228,23.677244186401367,12400,0.0,0.0
2025-10-27 00:00:00-04:00,23.647757528910038,23.736215626715737,23.500327990789973,23.677244186401367,47500,0.0,0.0
2025-10-28 00:00:00-04:00,23.637928009033203,23.637928009033203,23.50032736043448,23.637928009033203,43800,0.0,0.0
2025-10-29 00:00:00-04:00,23.559299712151585,23.76570256771656,23.519986043029114,23.72638702392578,25600,0.0,0.0
2025-10-30 00:00:00-04:00,23.55929848229488,23.647756576538086,23.510155929790088,23.647756576538086,12400,0.0,0.0
2025-10-31 00:00:00-04:00,23.715969934994007,23.765399932861328,23.50836960063612,23.765399932861328,36300,0.139,0.0
2025-11-03 00:00:00-05:00,23.725854873657227,23.75551287105145,23.55779665954636,23.725854873657227,77100,0.0,0.0
2025-11-04 00:00:00-05:00,23.676426958723603,23.834599175006858,23.567682852943285,23.804941177368164,12500,0.0,0.0
2025-11-05 00:00:00-05:00,23.884029153766107,23.982887268066406,23.646770810782407,23.982887268066406,11000,0.0,0.0
2025-11-06 00:00:00-05:00,23.943342208862305,23.943342208862305,23.60722576644818,23.943342208862305,14000,0.0,0.0
2025-11-07 00:00:00-05:00,23.795055986752924,23.943342208862305,23.676427763290064,23.943342208862305,7900,0.0,0.0
2025-11-10 00:00:00-05:00,23.77528356780223,23.96311378479004,23.77528356780223,23.96311378479004,8700,0.0,0.0
2025-11-11 00:00:00-05:00,23.86425569373388,23.992771800129923,23.785169584244617,23.874141693115234,11400,0.0,0.0
2025-11-12 00:00:00-05:00,23.824715250121464,24.052087595129894,23.824715250121464,23.97300148010254,15000,0.0,0.0
2025-11-13 00:00:00-05:00,23.973000399993783,24.022428512573242,23.824714176693778,24.022428512573242,12000,0.0,0.0
2025-11-14 00:00:00-05:00,23.963115480028904,23.97300148010254,23.81482925004783,23.97300148010254,19700,0.0,0.0
2025-11-17 00:00:00-05:00,23.97300148010254,23.97300148010254,23.953229479955272,23.97300148010254,1500,0.0,0.0
2025-11-18 00:00:00-05:00,23.874142521379035,24.012544631958008,23.874142521379035,24.012544631958008,5300,0.0,0.0
2025-11-19 00:00:00-05:00,23.92357230682383,23.933456420898438,23.884028308278875,23.933456420898438,2000,0.0,0.0
2025-11-20 00:00:00-05:00,23.854370964816088,23.913686964263345,23.834600850562023,23.90380096435547,5000,0.0,0.0
2025-11-21 00:00:00-05:00,24.002657390503007,24.002657390503007,23.715969070013642,23.804941177368164,3700,0.0,0.0
2025-11-24 00:00:00-05:00,23.814828408594703,24.012544631958008,23.72585629663738,24.012544631958008,19600,0.0,0.0
2025-11-25 00:00:00-05:00,23.982887480176174,23.982887480176174,23.795057249900562,23.97300148010254,7900,0.0,0.0
2025-11-26 00:00:00-05:00,23.86425611674409,23.884028115857276,23.73574189363163,23.8543701171875,4600,0.0,0.0
2025-11-28 00:00:00-05:00,23.82471252905074,23.9334547463176,23.82471252905074,23.92357063293457,12800,0.0,0.0
2025-12-01 00:00:00-05:00,23.804941793899342,23.903799903027117,23.804941793899342,23.864255905151367,5000,0.0,0.0
2025-12-02 00:00:00-05:00,23.913686752319336,23.913686752319336,23.75551452631855,23.913686752319336,9100,0.0,0.0
2025-12-03 00:00:00-05:00,23.992770937619543,24.002656936645508,23.834598724327112,24.002656936645508,9100,0.0,0.0
2025-12-04 00:00:00-05:00,23.864257364854282,23.97300148010254,23.804943249974198,23.97300148010254,33900,0.0,0.0
2025-12-05 00:00:00-05:00,23.96311399628769,23.96311399628769,23.8444857738727,23.953227996826172,6200,0.0,0.0
2025-12-08 00:00:00-05:00,23.874143153779908,23.982887268066406,23.874143153779908,23.982887268066406,5900,0.0,0.0
2025-12-09 00:00:00-05:00,23.982886632785018,24.012544631958008,23.903800520552025,24.012544631958008,6600,0.0,0.0
2025-12-10 00:00:00-05:00,23.982885783538563,24.022427895474028,23.864255676609005,23.96311378479004,11200,0.0,0.0
2025-12-11 00:00:00-05:00,23.953226941515677,24.002656936645508,23.94334094248971,24.002656936645508,2200,0.0,0.0
2025-12-12 00:00:00-05:00,23.92357275213959,23.973000865679214,23.824714639498687,23.913686752319336,10900,0.0,0.0
2025-12-15 00:00:00-05:00,23.91368736522245,23.97300148010254,23.85437136478065,23.97300148010254,22900,0.0,0.0
2025-12-16 00:00:00-05:00,23.953228633612028,24.02242874612069,23.864256521654706,24.012544631958008,7400,0.0,0.0
2025-12-17 00:00:00-05:00,23.97299893956761,24.002656936645508,23.864254835843493,24.002656936645508,8700,0.0,0.0
2025-12-18 00:00:00-05:00,23.933456634163367,24.02242874612069,23.893914520827696,24.012544631958008,12200,0.0,0.0
2025-12-19 00:00:00-05:00,24.002658187475284,24.111400411304672,23.9433421902284,24.03231430053711,6100,0.0,0.0
2025-12-22 00:00:00-05:00,23.99277237992823,24.111400604248047,23.90380026890755,24.111400604248047,7100,0.0,0.0
2025-12-23 00:00:00-05:00,24.012544417988344,24.111400643227466,23.913686307187593,23.933456420898438,26000,0.0,0.0
2025-12-24 00:00:00-05:00,23.92357296417122,24.022429192126612,23.90380096435547,23.90380096435547,4800,0.0,0.0
2025-12-26 00:00:00-05:00,23.884027886157163,24.091630103725787,23.884027886157163,23.953227996826172,12500,0.0,0.0
2025-12-29 00:00:00-05:00,24.002657133063057,24.081743240356445,23.95322713752873,24.081743240356445,3800,0.0,0.0
2025-12-30 00:00:00-05:00,24.042200244767855,24.44751679721436,23.963114134182234,24.299230575561523,44300,0.0,0.0
2025-12-31 00:00:00-05:00,24.25968850011944,24.338774610825908,24.052086281038957,24.121286392211914,154900,0.0,0.0
2026-01-02 00:00:00-05:00,24.160829347649837,24.160829347649837,24.05208524303585,24.081743240356445,24900,0.0,0.0
2026-01-05 00:00:00-05:00,24.02242868420185,24.190486907958984,24.02242868420185,24.190486907958984,41800,0.0,0.0
2026-01-06 00:00:00-05:00,24.101514796230994,24.190486907958984,24.032314683900697,24.190486907958984,14300,0.0,0.0
2026-01-07 00:00:00-05:00,24.19048648483486,24.21025848388672,24.08174426117286,24.21025848388672,21100,0.0,0.0
2026-01-08 00:00:00-05:00,24.19048648483486,24.22014448341265,24.12128637371497,24.21025848388672,26100,0.0,0.0
2026-01-09 00:00:00-05:00,24.07185657486571,24.23991478390698,24.07185657486571,24.20037078857422,8500,0.0,0.0
2026-01-12 00:00:00-05:00,24.11140037418904,24.21025848388672,23.973000151949254,24.21025848388672,7200,0.0,0.0
2026-01-13 00:00:00-05:00,24.269572595480682,24.269572595480682,24.150944372292756,24.21025848388672,13000,0.0,0.0
2026-01-14 00:00:00-05:00,24.160830371818687,24.21025848388672,24.160830371818687,24.21025848388672,9800,0.0,0.0
2026-01-15 00:00:00-05:00,24.22014448341265,24.22014448341265,24.160830371818687,24.21025848388672,9200,0.0,0.0
2026-01-16 00:00:00-05:00,24.170716371344614,24.269572595480682,24.071858261646934,24.21025848388672,16600,0.0,0.0
2026-01-20 00:00:00-05:00,24.0817436467492,24.150943756103516,24.061971648201805,24.150943756103516,10900,0.0,0.0
2026-01-21 00:00:00-05:00,24.10151437466311,24.21025848388672,24.10151437466311,24.21025848388672,18600,0.0,0.0
2026-01-22 00:00:00-05:00,24.170716371344614,24.21025848388672,24.11140037418904,24.21025848388672,8900,0.0,0.0
2026-01-23 00:00:00-05:00,24.220144271850586,24.220144271850586,24.131172162456004,24.220144271850586,5900,0.0,0.0
2026-01-26 00:00:00-05:00,24.170716160214305,24.259688269608887,24.170716160214305,24.220144271850586,2100,0.0,0.0
2026-01-27 00:00:00-05:00,24.19048648483486,24.22014448341265,24.180600485308933,24.21025848388672,5100,0.0,0.0
2026-01-28 00:00:00-05:00,24.210257849977083,24.269571960017995,24.210257849977083,24.23991584777832,6200,0.0,0.0
2026-01-29 00:00:00-05:00,24.220144271850586,24.24980227016931,24.220144271850586,24.220144271850586,10000,0.0,0.0
2026-01-30 00:00:00-05:00,24.358341217041016,24.368283624688047,24.358341217041016,24.358341217041016,20200,0.139,0.0
2026-02-02 00:00:00-05:00,24.33845509677341,24.368282318115234,24.278802550410017,24.368282318115234,17700,0.0,0.0
2026-02-03 00:00:00-05:00,24.408050050250743,24.408050050250743,24.33845509677341,24.368282318115234,6800,0.0,0.0
2026-02-04 00:00:00-05:00,24.408051358955813,24.417993766602844,24.348398809393984,24.358341217041016,16000,0.0,0.0
2026-02-05 00:00:00-05:00,24.41799338487712,24.41799338487712,24.11972874541038,24.288745880126953,7100,0.0,0.0
2026-02-06 00:00:00-05:00,24.29868817212987,24.39811035025302,24.239033727463788,24.318571090698242,6700,0.0,0.0
2026-02-09 00:00:00-05:00,24.28874636468166,24.338456506811045,24.27880395699171,24.328514099121094,5600,0.0,0.0
2026-02-10 00:00:00-05:00,24.278803632374675,24.417993545532227,24.278803632374675,24.417993545532227,6700,0.0,0.0
2026-02-11 00:00:00-05:00,24.417992457364686,24.417992457364686,24.34839750388735,24.368282318115234,7500,0.0,0.0
2026-02-12 00:00:00-05:00,24.328513115768537,24.36828274492086,24.24897575378418,24.24897575378418,8700,0.0,0.0
2026-02-13 00:00:00-05:00,24.358340836247837,24.358340836247837,24.229093331497673,24.288745880126953,7500,0.0,0.0
2026-02-17 00:00:00-05:00,24.39810953945706,24.5074722250699,24.258917736182134,24.368282318115234,5700,0.0,0.0
2026-02-18 00:00:00-05:00,24.28874636468166,24.477648318149985,24.27880395699171,24.328514099121094,20300,0.0,0.0
2026-02-19 00:00:00-05:00,24.40805065229532,24.447820281732035,24.258918334548238,24.378225326538086,20700,0.0,0.0
2026-02-20 00:00:00-05:00,24.33845597308551,24.487588292523665,24.33845597308551,24.47764778137207,3400,0.0,0.0
2026-02-23 00:00:00-05:00,24.408051307839553,24.547243118286133,24.30863102421817,24.547243118286133,6600,0.0,0.0
2026-02-24 00:00:00-05:00,24.527358852780708,24.527358852780708,24.37822652768568,24.39811134338379,10900,0.0,0.0
2026-02-25 00:00:00-05:00,24.378226137570845,24.43787868739018,24.28874636468166,24.328514099121094,9400,0.0,0.0
2026-02-26 00:00:00-05:00,24.308630475331633,24.487588119601494,24.2788032531265,24.348398208618164,17500,0.0,0.0
2026-02-27 00:00:00-05:00,24.30863140175238,24.467706133601588,24.229094035827774,24.268861770629883,37500,0.0,0.0
2026-03-02 00:00:00-05:00,24.34839870454407,24.398110742565155,24.258918932426468,24.388168334960938,10200,0.0,0.0
2026-03-03 00:00:00-05:00,24.38816843998211,24.45776339719097,24.25891903689106,24.358341217041016,9300,0.0,0.0
2026-03-04 00:00:00-05:00,24.398109758131223,24.398109758131223,24.169438185101555,24.308629989624023,2600,0.0,0.0
2026-03-05 00:00:00-05:00,24.159495499347937,24.29868730226557,24.12967017440293,24.20920753479004,9700,0.0,0.0
2026-03-06 00:00:00-05:00,23.970596638965702,24.27880368866645,23.88111686706543,23.88111686706543,8700,0.0,0.0
2026-03-09 00:00:00-04:00,23.712100003116277,23.980539321899414,23.712100003116277,23.980539321899414,5500,0.0,0.0
2026-03-10 00:00:00-04:00,24.02030601593419,24.089900970458984,23.891058514148177,24.089900970458984,1900,0.0,0.0
2026-03-11 00:00:00-04:00,24.129671039956946,24.129671039956946,23.920884276251243,23.970596313476562,4600,0.0,0.0
2026-03-12 00:00:00-04:00,23.97059669349218,24.139613830097126,23.93082706308144,24.040191650390625,9800,0.0,0.0
2026-03-13 00:00:00-04:00,23.970595816088828,24.089900910313386,23.93082618713379,23.93082618713379,13200,0.0,0.0
2026-03-16 00:00:00-04:00,23.93082608346664,24.129670434739893,23.93082608346664,23.96065330505371,15600,0.0,0.0
2026-03-17 00:00:00-04:00,23.97059641802192,24.020306559143727,23.91094197309136,23.94076919555664,27800,0.0,0.0
2026-03-18 00:00:00-04:00,24.000421639491435,24.060076084161818,23.920884276251243,23.970596313476562,25000,0.0,0.0
2026-03-19 00:00:00-04:00,24.000422346348547,24.000422346348547,23.910942573027945,23.950712203979492,22000,0.0,0.0
2026-03-20 00:00:00-04:00,23.920885202658226,24.040192200299188,23.871175059828055,23.89105987548828,41800,0.0,0.0
2026-03-23 00:00:00-04:00,23.86123095366718,23.891058175034562,23.761808778762852,23.831403732299805,10700,0.0,0.0
2026-03-24 00:00:00-04:00,23.761808893047405,23.910941207961038,23.761808893047405,23.801578521728516,20600,0.0,0.0
2026-03-25 00:00:00-04:00,23.95071237499726,23.95071237499726,23.70215786873645,23.731985092163086,23500,0.0,0.0
2026-03-26 00:00:00-04:00,23.761810144710342,23.831405102247963,23.622620229635103,23.6325626373291,10700,0.0,0.0
2026-03-27 00:00:00-04:00,23.751867620386633,23.76181002803181,23.66238784790039,23.66238784790039,24400,0.0,0.0
2026-03-30 00:00:00-04:00,23.781694632762786,23.781694632762786,23.67233004595449,23.722042083740234,19800,0.0,0.0
2026-03-31 00:00:00-04:00,23.841347666762136,24.109786987304688,23.75186789324795,24.109786987304688,459200,0.0,0.0
2026-04-01 00:00:00-04:00,24.099843492811654,24.099843492811654,23.980538397719485,24.060075759887695,15200,0.0,0.0
2026-04-02 00:00:00-04:00,24.060076570701295,24.060076570701295,24.010364532470703,24.010364532470703,1600,0.0,0.0
2026-04-06 00:00:00-04:00,24.020305633544922,24.020305633544922,24.020305633544922,24.020305633544922,400,0.0,0.0
2026-04-07 00:00:00-04:00,24.099843056143055,24.328512731193324,24.099843056143055,24.179380416870117,2400,0.0,0.0
2026-04-08 00:00:00-04:00,24.25891805721307,24.29868768619513,24.129670555661946,24.2788028717041,5200,0.0,0.0
2026-04-09 00:00:00-04:00,24.159496099201213,24.308630312910104,24.109785958845116,24.21915054321289,19300,0.0,0.0
2026-04-10 00:00:00-04:00,24.129671697508606,24.25891920517589,24.04019192438496,24.13961410522461,11400,0.0,0.0
2026-04-13 00:00:00-04:00,24.060076570701295,24.139613935549878,23.99047971717847,24.010364532470703,8900,0.0,0.0
2026-04-14 00:00:00-04:00,24.169438447668803,24.22909289153518,24.050133352576633,24.060075759887695,4700,0.0,0.0
2026-04-15 00:00:00-04:00,24.070016052275072,24.209207857045527,24.060075541374584,24.119728088378906,3700,0.0,0.0
2026-04-16 00:00:00-04:00,24.089900970458984,24.248975694035742,24.089900970458984,24.089900970458984,3200,0.0,0.0
2026-04-17 00:00:00-04:00,24.209208786995568,24.239034113483275,24.030249242787942,24.040191650390625,9400,0.0,0.0
2026-04-20 00:00:00-04:00,24.10978709279346,24.10978709279346,24.02030731888777,24.079959869384766,3400,0.0,0.0
2026-04-21 00:00:00-04:00,24.03024967533734,24.050134490900643,23.871174943471704,23.92088508605957,10700,0.0,0.0
2026-04-22 00:00:00-04:00,23.881117351253355,24.209209222766276,23.881117351253355,23.92088508605957,6500,0.0,0.0
2026-04-23 00:00:00-04:00,23.930826892700516,24.000421849103464,23.90100156642516,23.91094207763672,7000,0.0,0.0
2026-04-24 00:00:00-04:00,23.930825969056325,24.040190551365782,23.901000643932118,23.990478515625,4900,0.0,0.0
2026-04-27 00:00:00-04:00,23.950712309404523,24.06007689868229,23.92088508605957,23.92088508605957,8700,0.0,0.0
2026-04-28 00:00:00-04:00,23.920885202658226,23.920885202658226,23.781695285677433,23.89105987548828,4700,0.0,0.0
2026-04-29 00:00:00-04:00,23.9010009765625,24.04019088593327,23.831404125556826,23.9010009765625,2800,0.0,0.0
2026-04-30 00:00:00-04:00,23.860000610351562,23.940000534057617,23.799999237060547,23.940000534057617,12000,0.139,0.0
2026-05-01 00:00:00-04:00,23.940000534057617,23.979999542236328,23.75,23.84000015258789,19900,0.0,0.0
2026-05-04 00:00:00-04:00,23.850000381469727,23.889999389648438,23.780000686645508,23.81999969482422,2600,0.0,0.0
2026-05-05 00:00:00-04:00,23.809999465942383,23.84000015258789,23.75,23.84000015258789,3700,0.0,0.0
2026-05-06 00:00:00-04:00,23.84000015258789,23.90999984741211,23.84000015258789,23.860000610351562,1900,0.0,0.0
2026-05-07 00:00:00-04:00,23.84000015258789,23.8700008392334,23.600000381469727,23.68000030517578,16200,0.0,0.0
2026-05-08 00:00:00-04:00,23.639999389648438,23.920000076293945,23.639999389648438,23.700000762939453,7500,0.0,0.0
2026-05-11 00:00:00-04:00,23.65999984741211,23.75,23.65999984741211,23.700000762939453,4500,0.0,0.0
2026-05-12 00:00:00-04:00,23.670000076293945,23.790000915527344,23.649999618530273,23.700000762939453,7700,0.0,0.0
2026-05-13 00:00:00-04:00,23.700000762939453,23.899999618530273,23.6299991607666,23.6299991607666,6100,0.0,0.0
2026-05-14 00:00:00-04:00,23.649999618530273,23.690000534057617,23.59000015258789,23.610000610351562,5800,0.0,0.0
2026-05-15 00:00:00-04:00,23.56999969482422,23.59000015258789,23.3700008392334,23.40999984741211,24200,0.0,0.0
2026-05-18 00:00:00-04:00,23.389999389648438,23.520000457763672,23.389999389648438,23.43000030517578,10300,0.0,0.0
2026-05-19 00:00:00-04:00,23.399999618530273,23.520000457763672,23.350000381469727,23.399999618530273,9700,0.0,0.0
2026-05-20 00:00:00-04:00,23.3700008392334,23.510000228881836,23.350000381469727,23.510000228881836,13400,0.0,0.0
2026-05-21 00:00:00-04:00,23.5,23.530000686645508,23.420000076293945,23.530000686645508,1000,0.0,0.0
2026-05-22 00:00:00-04:00,23.530000686645508,23.610000610351562,23.489999771118164,23.510000228881836,6000,0.0,0.0
2026-05-26 00:00:00-04:00,23.540000915527344,23.6299991607666,23.530000686645508,23.540000915527344,3400,0.0,0.0
2026-05-27 00:00:00-04:00,23.530000686645508,23.6200008392334,23.5,23.520000457763672,4000,0.0,0.0
2026-05-28 00:00:00-04:00,23.520000457763672,23.624799728393555,23.510000228881836,23.579999923706055,8053,0.0,0.0
