Date,Open,High,Low,Close,Volume,Dividends,Stock Splits
2022-01-03 00:00:00-05:00,1480.5,1585.5,1459.5,1557.5,815,0.0,0.0
2022-01-04 00:00:00-05:00,1557.5,1592.5,1480.5,1508.5,562,0.0,0.0
2022-01-05 00:00:00-05:00,1536.5,1536.5,1389.5,1407.0,949,0.0,0.0
2022-01-06 00:00:00-05:00,1501.5,1900.5,1445.5,1515.5,24084,0.0,0.0
2022-01-07 00:00:00-05:00,1522.5,1855.0,1515.5,1757.0,8499,0.0,0.0
2022-01-10 00:00:00-05:00,1711.5,1722.0,1578.5,1655.5,1929,0.0,0.0
2022-01-11 00:00:00-05:00,1704.5,1704.5,1578.5,1662.5,1009,0.0,0.0
2022-01-12 00:00:00-05:00,1662.5,1715.0,1603.0,1666.0,1053,0.0,0.0
2022-01-13 00:00:00-05:00,1655.5,1711.5,1519.0,1533.0,950,0.0,0.0
2022-01-14 00:00:00-05:00,1533.0,1568.0,1456.0,1494.5,844,0.0,0.0
2022-01-18 00:00:00-05:00,1473.5,1550.5,1473.5,1494.5,852,0.0,0.0
2022-01-19 00:00:00-05:00,1501.5,1515.5,1347.5,1351.0,1159,0.0,0.0
2022-01-20 00:00:00-05:00,1375.5,1414.0,1284.5,1295.0,950,0.0,0.0
2022-01-21 00:00:00-05:00,1260.0,1312.5,1200.5,1228.5,1354,0.0,0.0
2022-01-24 00:00:00-05:00,1162.0,1347.5,1137.5,1330.0,1596,0.0,0.0
2022-01-25 00:00:00-05:00,1337.0,1393.0,1242.5,1291.5,1030,0.0,0.0
2022-01-26 00:00:00-05:00,1330.0,1351.0,1204.0,1225.0,1227,0.0,0.0
2022-01-27 00:00:00-05:00,1246.0,1277.5,1165.5,1179.5,724,0.0,0.0
2022-01-28 00:00:00-05:00,1179.5,1281.0,1176.0,1281.0,906,0.0,0.0
2022-01-31 00:00:00-05:00,1284.5,1365.0,1281.0,1347.5,790,0.0,0.0
2022-02-01 00:00:00-05:00,1358.0,1393.0,1316.0,1375.5,545,0.0,0.0
2022-02-02 00:00:00-05:00,1396.5,1417.5,1295.0,1305.5,498,0.0,0.0
2022-02-03 00:00:00-05:00,1211.0,1267.0,1183.0,1207.5,1015,0.0,0.0
2022-02-04 00:00:00-05:00,1207.5,1295.0,1186.5,1288.0,693,0.0,0.0
2022-02-07 00:00:00-05:00,1291.5,1337.0,1246.0,1288.0,558,0.0,0.0
2022-02-08 00:00:00-05:00,1270.5,1284.5,1197.0,1211.0,895,0.0,0.0
2022-02-09 00:00:00-05:00,1239.0,1291.5,1207.5,1270.5,751,0.0,0.0
2022-02-10 00:00:00-05:00,1239.0,1295.0,1204.0,1207.5,628,0.0,0.0
2022-02-11 00:00:00-05:00,1211.0,1253.0,1095.5,1109.5,811,0.0,0.0
2022-02-14 00:00:00-05:00,1116.5,1179.5,1102.5,1137.5,741,0.0,0.0
2022-02-15 00:00:00-05:00,1155.0,1204.0,1144.5,1179.5,842,0.0,0.0
2022-02-16 00:00:00-05:00,1190.0,1270.5,1165.5,1225.0,578,0.0,0.0
2022-02-17 00:00:00-05:00,1190.0,1232.0,1172.5,1179.5,480,0.0,0.0
2022-02-18 00:00:00-05:00,1176.0,1197.0,1120.0,1123.5,451,0.0,0.0
2022-02-22 00:00:00-05:00,1120.0,1130.5,1039.5,1050.0,941,0.0,0.0
2022-02-23 00:00:00-05:00,1071.0,1081.5,1001.0,1001.0,560,0.0,0.0
2022-02-24 00:00:00-05:00,938.0,1109.5,913.5,1095.5,1756,0.0,0.0
2022-02-25 00:00:00-05:00,1113.0,1151.5,1078.0,1130.5,853,0.0,0.0
2022-02-28 00:00:00-05:00,1123.5,1204.0,1120.0,1190.0,580,0.0,0.0
2022-03-01 00:00:00-05:00,1193.5,1267.0,1162.0,1197.0,1313,0.0,0.0
2022-03-02 00:00:00-05:00,1214.5,1214.5,1141.0,1151.5,690,0.0,0.0
2022-03-03 00:00:00-05:00,1165.5,1176.0,1092.0,1095.5,459,0.0,0.0
2022-03-04 00:00:00-05:00,1074.5,1113.0,1025.5,1053.5,691,0.0,0.0
2022-03-07 00:00:00-05:00,1050.0,1053.5,969.5,980.0,804,0.0,0.0
2022-03-08 00:00:00-05:00,976.5,997.5,910.0,910.0,1514,0.0,0.0
2022-03-09 00:00:00-05:00,952.0,969.5,808.5,819.0,2900,0.0,0.0
2022-03-10 00:00:00-05:00,819.0,910.0,815.5,885.5,906,0.0,0.0
2022-03-11 00:00:00-05:00,899.5,906.5,815.5,857.5,677,0.0,0.0
2022-03-14 00:00:00-04:00,868.0,903.0,805.0,819.0,810,0.0,0.0
2022-03-15 00:00:00-04:00,815.5,857.5,784.0,850.5,528,0.0,0.0
2022-03-16 00:00:00-04:00,864.5,899.5,840.0,885.5,534,0.0,0.0
2022-03-17 00:00:00-04:00,868.0,1029.0,868.0,1001.0,1051,0.0,0.0
2022-03-18 00:00:00-04:00,994.0,1155.0,987.0,1155.0,1651,0.0,0.0
2022-03-21 00:00:00-04:00,1172.5,1207.5,1057.0,1095.5,1675,0.0,0.0
2022-03-22 00:00:00-04:00,1102.5,1190.0,1088.5,1176.0,712,0.0,0.0
2022-03-23 00:00:00-04:00,1155.0,1186.5,1113.0,1141.0,661,0.0,0.0
2022-03-24 00:00:00-04:00,1158.5,1414.0,1116.5,1396.5,2381,0.0,0.0
2022-03-25 00:00:00-04:00,1400.0,1575.0,1302.0,1498.0,2588,0.0,0.0
2022-03-28 00:00:00-04:00,1519.0,1547.0,1410.5,1498.0,1784,0.0,0.0
2022-03-29 00:00:00-04:00,1515.5,1694.0,1456.0,1596.0,1515,0.0,0.0
2022-03-30 00:00:00-04:00,1592.5,1617.0,1494.5,1529.5,1025,0.0,0.0
2022-03-31 00:00:00-04:00,1533.0,1564.5,1407.0,1477.0,1652,0.0,0.0
2022-04-01 00:00:00-04:00,1400.0,1557.5,1340.5,1522.5,1270,0.0,0.0
2022-04-04 00:00:00-04:00,1550.5,1610.0,1494.5,1610.0,949,0.0,0.0
2022-04-05 00:00:00-04:00,1631.0,1666.0,1498.0,1526.0,1085,0.0,0.0
2022-04-06 00:00:00-04:00,1529.5,1529.5,1435.0,1491.0,843,0.0,0.0
2022-04-07 00:00:00-04:00,1512.0,1571.5,1463.0,1491.0,503,0.0,0.0
2022-04-08 00:00:00-04:00,1470.0,1491.0,1372.0,1382.5,675,0.0,0.0
2022-04-11 00:00:00-04:00,1351.0,1375.5,1305.5,1323.0,733,0.0,0.0
2022-04-12 00:00:00-04:00,1347.5,1368.5,1207.5,1242.5,915,0.0,0.0
2022-04-13 00:00:00-04:00,1239.0,1337.0,1239.0,1281.0,703,0.0,0.0
2022-04-14 00:00:00-04:00,1295.0,1305.5,1190.0,1200.5,771,0.0,0.0
2022-04-18 00:00:00-04:00,1200.5,1242.5,1134.0,1190.0,960,0.0,0.0
2022-04-19 00:00:00-04:00,1169.0,1277.5,1169.0,1235.5,1072,0.0,0.0
2022-04-20 00:00:00-04:00,1246.0,1466.5,1190.0,1228.5,2431,0.0,0.0
2022-04-21 00:00:00-04:00,1246.0,1256.5,1141.0,1162.0,1369,0.0,0.0
2022-04-22 00:00:00-04:00,1148.0,1186.5,1039.5,1050.0,1343,0.0,0.0
2022-04-25 00:00:00-04:00,1029.0,1116.5,1022.0,1113.0,1018,0.0,0.0
2022-04-26 00:00:00-04:00,1095.5,1172.5,1057.0,1169.0,792,0.0,0.0
2022-04-27 00:00:00-04:00,1186.5,1295.0,1148.0,1277.5,794,0.0,0.0
2022-04-28 00:00:00-04:00,1302.0,1501.5,1295.0,1396.5,1516,0.0,0.0
2022-04-29 00:00:00-04:00,1393.0,1428.0,1246.0,1263.5,539,0.0,0.0
2022-05-02 00:00:00-04:00,1270.5,1323.0,1225.0,1319.5,786,0.0,0.0
2022-05-03 00:00:00-04:00,1333.5,1340.5,1218.0,1291.5,993,0.0,0.0
2022-05-04 00:00:00-04:00,1295.0,1295.0,1130.5,1249.5,1479,0.0,0.0
2022-05-05 00:00:00-04:00,1214.5,1249.5,1130.5,1165.5,1159,0.0,0.0
2022-05-06 00:00:00-04:00,1134.0,1260.0,1092.0,1193.5,589,0.0,0.0
2022-05-09 00:00:00-04:00,1162.0,1284.5,1148.0,1246.0,599,0.0,0.0
2022-05-10 00:00:00-04:00,1242.5,1305.5,1172.5,1239.0,558,0.0,0.0
2022-05-11 00:00:00-04:00,1239.0,1239.0,1074.5,1088.5,953,0.0,0.0
2022-05-12 00:00:00-04:00,1071.0,1106.0,1018.5,1046.5,742,0.0,0.0
2022-05-13 00:00:00-04:00,1064.0,1127.0,1001.0,1008.0,1659,0.0,0.0
2022-05-16 00:00:00-04:00,1011.5,1046.5,889.0,924.0,1284,0.0,0.0
2022-05-17 00:00:00-04:00,896.0,910.0,577.5,700.0,5713,0.0,0.0
2022-05-18 00:00:00-04:00,668.5,857.5,661.5,784.0,2889,0.0,0.0
2022-05-19 00:00:00-04:00,759.5,808.5,693.0,777.0,1021,0.0,0.0
2022-05-20 00:00:00-04:00,801.5,801.5,703.5,714.0,555,0.0,0.0
2022-05-23 00:00:00-04:00,714.0,812.0,682.5,805.0,919,0.0,0.0
2022-05-24 00:00:00-04:00,815.5,875.0,717.5,854.0,902,0.0,0.0
2022-05-25 00:00:00-04:00,850.5,917.0,808.5,885.5,565,0.0,0.0
2022-05-26 00:00:00-04:00,899.5,934.5,892.5,920.5,504,0.0,0.0
2022-05-27 00:00:00-04:00,931.0,962.5,899.5,913.5,343,0.0,0.0
2022-05-31 00:00:00-04:00,931.0,945.0,892.5,920.5,469,0.0,0.0
2022-06-01 00:00:00-04:00,903.0,945.0,833.0,833.0,956,0.0,0.0
2022-06-02 00:00:00-04:00,847.0,850.5,735.0,742.0,905,0.0,0.0
2022-06-03 00:00:00-04:00,745.5,910.0,724.5,892.5,1294,0.0,0.0
2022-06-06 00:00:00-04:00,892.5,927.5,843.5,861.0,737,0.0,0.0
2022-06-07 00:00:00-04:00,843.5,871.5,794.5,798.0,440,0.0,0.0
2022-06-08 00:00:00-04:00,805.0,882.0,798.0,836.5,452,0.0,0.0
2022-06-09 00:00:00-04:00,836.5,889.0,777.0,826.0,828,0.0,0.0
2022-06-10 00:00:00-04:00,822.5,822.5,735.0,749.0,527,0.0,0.0
2022-06-13 00:00:00-04:00,700.0,759.5,658.0,682.5,2247,0.0,0.0
2022-06-14 00:00:00-04:00,731.5,742.0,560.0,570.5,1445,0.0,0.0
2022-06-15 00:00:00-04:00,563.5,584.5,441.0,486.5,3541,0.0,0.0
2022-06-16 00:00:00-04:00,458.5,539.0,451.5,455.0,2377,0.0,0.0
2022-06-17 00:00:00-04:00,455.0,469.0,357.0,385.0,5615,0.0,0.0
2022-06-21 00:00:00-04:00,413.0,584.5,395.5,525.0,12391,0.0,0.0
2022-06-22 00:00:00-04:00,486.5,581.0,455.0,462.0,6044,0.0,0.0
2022-06-23 00:00:00-04:00,455.0,486.5,437.5,444.5,1190,0.0,0.0
2022-06-24 00:00:00-04:00,455.0,493.5,430.5,434.0,7515,0.0,0.0
2022-06-27 00:00:00-04:00,451.5,451.5,388.5,399.0,854,0.0,0.0
2022-06-28 00:00:00-04:00,416.5,427.0,402.5,409.5,729,0.0,0.0
2022-06-29 00:00:00-04:00,409.5,420.0,367.5,367.5,1349,0.0,0.0
2022-06-30 00:00:00-04:00,360.5,448.0,350.0,367.5,3064,0.0,0.0
2022-07-01 00:00:00-04:00,392.0,392.0,360.5,374.5,867,0.0,0.0
2022-07-05 00:00:00-04:00,364.0,371.0,339.5,357.0,874,0.0,0.0
2022-07-06 00:00:00-04:00,360.5,371.0,322.0,329.0,1230,0.0,0.0
2022-07-07 00:00:00-04:00,336.0,357.0,322.0,343.0,1466,0.0,0.0
2022-07-08 00:00:00-04:00,346.5,346.5,308.0,318.5,1391,0.0,0.0
2022-07-11 00:00:00-04:00,322.0,329.0,283.5,287.0,1116,0.0,0.0
2022-07-12 00:00:00-04:00,287.0,304.5,262.5,276.5,1623,0.0,0.0
2022-07-13 00:00:00-04:00,280.0,311.5,266.0,294.0,679,0.0,0.0
2022-07-14 00:00:00-04:00,297.5,308.0,276.5,294.0,517,0.0,0.0
2022-07-15 00:00:00-04:00,308.0,322.0,283.5,297.5,821,0.0,0.0
2022-07-18 00:00:00-04:00,315.0,322.0,283.5,283.5,515,0.0,0.0
2022-07-19 00:00:00-04:00,287.0,311.5,287.0,294.0,1161,0.0,0.0
2022-07-20 00:00:00-04:00,311.5,315.0,290.5,294.0,723,0.0,0.0
2022-07-21 00:00:00-04:00,294.0,297.5,269.5,276.5,1026,0.0,0.0
2022-07-22 00:00:00-04:00,273.0,283.5,266.0,273.0,773,0.0,0.0
2022-07-25 00:00:00-04:00,273.0,290.5,269.5,283.5,464,0.0,0.0
2022-07-26 00:00:00-04:00,290.5,290.5,262.5,266.0,444,0.0,0.0
2022-07-27 00:00:00-04:00,269.5,290.5,269.5,283.5,396,0.0,0.0
2022-07-28 00:00:00-04:00,283.5,297.5,283.5,294.0,652,0.0,0.0
2022-07-29 00:00:00-04:00,287.0,294.0,280.0,287.0,448,0.0,0.0
2022-08-01 00:00:00-04:00,276.5,294.0,276.5,294.0,515,0.0,0.0
2022-08-02 00:00:00-04:00,301.0,301.0,273.0,273.0,460,0.0,0.0
2022-08-03 00:00:00-04:00,269.5,283.5,252.0,255.5,1296,0.0,0.0
2022-08-04 00:00:00-04:00,276.5,301.0,255.5,301.0,1345,0.0,0.0
2022-08-05 00:00:00-04:00,301.0,332.5,280.0,294.0,755,0.0,0.0
2022-08-08 00:00:00-04:00,318.5,465.5,297.5,392.0,4795,0.0,0.0
2022-08-09 00:00:00-04:00,395.5,402.5,318.5,332.5,2526,0.0,0.0
2022-08-10 00:00:00-04:00,346.5,374.5,339.5,360.5,583,0.0,0.0
2022-08-11 00:00:00-04:00,353.5,434.0,353.5,381.5,1526,0.0,0.0
2022-08-12 00:00:00-04:00,395.5,409.5,367.5,378.0,1356,0.0,0.0
2022-08-15 00:00:00-04:00,395.5,455.0,385.0,444.5,1673,0.0,0.0
2022-08-16 00:00:00-04:00,521.5,1001.0,486.5,689.5,323919,0.0,0.0
2022-08-17 00:00:00-04:00,637.0,651.0,563.5,630.0,19510,0.0,0.0
2022-08-18 00:00:00-04:00,679.0,770.0,479.5,497.0,22334,0.0,0.0
2022-08-19 00:00:00-04:00,479.5,525.0,444.5,507.5,15620,0.0,0.0
2022-08-22 00:00:00-04:00,490.0,490.0,402.5,416.5,5417,0.0,0.0
2022-08-23 00:00:00-04:00,420.0,423.5,360.5,409.5,3021,0.0,0.0
2022-08-24 00:00:00-04:00,402.5,444.5,395.5,409.5,3475,0.0,0.0
2022-08-25 00:00:00-04:00,406.0,434.0,402.5,406.0,1285,0.0,0.0
2022-08-26 00:00:00-04:00,420.0,427.0,374.5,399.0,1996,0.0,0.0
2022-08-29 00:00:00-04:00,395.5,430.5,385.0,427.0,2022,0.0,0.0
2022-08-30 00:00:00-04:00,416.5,441.0,395.5,409.5,1866,0.0,0.0
2022-08-31 00:00:00-04:00,416.5,423.5,381.5,406.0,1340,0.0,0.0
2022-09-01 00:00:00-04:00,381.5,399.0,357.0,399.0,1676,0.0,0.0
2022-09-02 00:00:00-04:00,385.0,409.5,367.5,374.5,1789,0.0,0.0
2022-09-06 00:00:00-04:00,385.0,416.5,364.0,406.0,982,0.0,0.0
2022-09-07 00:00:00-04:00,395.5,402.5,388.5,392.0,590,0.0,0.0
2022-09-08 00:00:00-04:00,409.5,423.5,388.5,409.5,809,0.0,0.0
2022-09-09 00:00:00-04:00,413.0,437.5,413.0,434.0,963,0.0,0.0
2022-09-12 00:00:00-04:00,441.0,462.0,392.0,402.5,1535,0.0,0.0
2022-09-13 00:00:00-04:00,392.0,402.5,381.5,388.5,1125,0.0,0.0
2022-09-14 00:00:00-04:00,385.0,430.5,378.0,413.0,1048,0.0,0.0
2022-09-15 00:00:00-04:00,416.5,423.5,385.0,388.5,913,0.0,0.0
2022-09-16 00:00:00-04:00,395.5,399.0,343.0,364.0,2692,0.0,0.0
2022-09-19 00:00:00-04:00,353.5,381.5,350.0,364.0,901,0.0,0.0
2022-09-20 00:00:00-04:00,360.5,367.5,325.5,343.0,1262,0.0,0.0
2022-09-21 00:00:00-04:00,336.0,353.5,322.0,346.5,2320,0.0,0.0
2022-09-22 00:00:00-04:00,350.0,353.5,315.0,322.0,945,0.0,0.0
2022-09-23 00:00:00-04:00,339.5,339.5,297.5,308.0,1602,0.0,0.0
2022-09-26 00:00:00-04:00,301.0,381.5,301.0,318.5,2087,0.0,0.0
2022-09-27 00:00:00-04:00,378.0,378.0,304.5,336.0,1239,0.0,0.0
2022-09-28 00:00:00-04:00,339.5,353.5,322.0,350.0,449,0.0,0.0
2022-09-29 00:00:00-04:00,367.5,371.0,332.5,336.0,1361,0.0,0.0
2022-09-30 00:00:00-04:00,353.5,374.5,322.0,343.0,1120,0.0,0.0
2022-10-03 00:00:00-04:00,350.0,388.5,343.0,388.5,703,0.0,0.0
2022-10-04 00:00:00-04:00,381.5,406.0,374.5,399.0,518,0.0,0.0
2022-10-05 00:00:00-04:00,416.5,416.5,371.0,381.5,1212,0.0,0.0
2022-10-06 00:00:00-04:00,399.0,399.0,360.5,374.5,530,0.0,0.0
2022-10-07 00:00:00-04:00,371.0,378.0,353.5,371.0,689,0.0,0.0
2022-10-10 00:00:00-04:00,364.0,367.5,329.0,343.0,484,0.0,0.0
2022-10-11 00:00:00-04:00,336.0,343.0,325.5,336.0,366,0.0,0.0
2022-10-12 00:00:00-04:00,332.5,346.5,325.5,332.5,295,0.0,0.0
2022-10-13 00:00:00-04:00,339.5,350.0,329.0,339.5,624,0.0,0.0
2022-10-14 00:00:00-04:00,367.5,374.5,346.5,360.5,791,0.0,0.0
2022-10-17 00:00:00-04:00,367.5,381.5,360.5,367.5,334,0.0,0.0
2022-10-18 00:00:00-04:00,381.5,381.5,350.0,364.0,353,0.0,0.0
2022-10-19 00:00:00-04:00,357.0,367.5,353.5,353.5,146,0.0,0.0
2022-10-20 00:00:00-04:00,360.5,381.5,346.5,353.5,457,0.0,0.0
2022-10-21 00:00:00-04:00,346.5,357.0,308.0,315.0,971,0.0,0.0
2022-10-24 00:00:00-04:00,322.0,332.5,318.5,322.0,305,0.0,0.0
2022-10-25 00:00:00-04:00,311.5,343.0,311.5,339.5,509,0.0,0.0
2022-10-26 00:00:00-04:00,325.5,353.5,322.0,339.5,453,0.0,0.0
2022-10-27 00:00:00-04:00,343.0,343.0,322.0,329.0,367,0.0,0.0
2022-10-28 00:00:00-04:00,329.0,336.0,311.5,318.5,384,0.0,0.0
2022-10-31 00:00:00-04:00,322.0,350.0,315.0,339.5,576,0.0,0.0
2022-11-01 00:00:00-04:00,336.0,353.5,336.0,339.5,303,0.0,0.0
2022-11-02 00:00:00-04:00,332.5,339.5,318.5,318.5,272,0.0,0.0
2022-11-03 00:00:00-04:00,318.5,339.5,318.5,329.0,236,0.0,0.0
2022-11-04 00:00:00-04:00,325.5,329.0,297.5,308.0,899,0.0,0.0
2022-11-07 00:00:00-05:00,322.0,329.0,304.5,318.5,290,0.0,0.0
2022-11-08 00:00:00-05:00,329.0,329.0,301.0,304.5,805,0.0,0.0
2022-11-09 00:00:00-05:00,332.5,332.5,269.5,290.5,705,0.0,0.0
2022-11-10 00:00:00-05:00,315.0,315.0,283.5,283.5,341,0.0,0.0
2022-11-11 00:00:00-05:00,294.0,339.5,273.0,339.5,1119,0.0,0.0
2022-11-14 00:00:00-05:00,346.5,350.0,318.5,322.0,1083,0.0,0.0
2022-11-15 00:00:00-05:00,318.5,350.0,315.0,336.0,442,0.0,0.0
2022-11-16 00:00:00-05:00,332.5,336.0,315.0,336.0,126,0.0,0.0
2022-11-17 00:00:00-05:00,332.5,339.5,308.0,322.0,302,0.0,0.0
2022-11-18 00:00:00-05:00,318.5,336.0,311.5,329.0,393,0.0,0.0
2022-11-21 00:00:00-05:00,329.0,343.0,297.5,297.5,529,0.0,0.0
2022-11-22 00:00:00-05:00,308.0,308.0,266.0,266.0,1219,0.0,0.0
2022-11-23 00:00:00-05:00,266.0,287.0,262.5,276.5,445,0.0,0.0
2022-11-25 00:00:00-05:00,273.0,287.0,262.5,269.5,365,0.0,0.0
2022-11-28 00:00:00-05:00,266.0,283.5,248.5,252.0,578,0.0,0.0
2022-11-29 00:00:00-05:00,248.5,262.5,220.5,241.5,483,0.0,0.0
2022-11-30 00:00:00-05:00,252.0,255.5,234.5,255.5,381,0.0,0.0
2022-12-01 00:00:00-05:00,259.0,276.5,245.0,252.0,293,0.0,0.0
2022-12-02 00:00:00-05:00,273.0,273.0,245.0,248.5,251,0.0,0.0
2022-12-05 00:00:00-05:00,248.5,262.5,231.0,231.0,408,0.0,0.0
2022-12-06 00:00:00-05:00,231.0,245.0,199.5,213.5,678,0.0,0.0
2022-12-07 00:00:00-05:00,220.5,224.0,210.0,213.5,314,0.0,0.0
2022-12-08 00:00:00-05:00,199.5,224.0,199.5,213.5,400,0.0,0.0
2022-12-09 00:00:00-05:00,210.0,217.0,203.0,210.0,373,0.0,0.0
2022-12-12 00:00:00-05:00,199.5,210.0,182.0,189.0,1077,0.0,0.0
2022-12-13 00:00:00-05:00,210.0,210.0,185.5,185.5,591,0.0,0.0
2022-12-14 00:00:00-05:00,185.5,185.5,175.0,175.0,745,0.0,0.0
2022-12-15 00:00:00-05:00,178.5,206.5,164.5,185.5,961,0.0,0.0
2022-12-16 00:00:00-05:00,185.5,210.0,182.0,199.5,561,0.0,0.0
2022-12-19 00:00:00-05:00,192.5,199.5,171.5,171.5,798,0.0,0.0
2022-12-20 00:00:00-05:00,175.0,185.5,164.5,171.5,270,0.0,0.0
2022-12-21 00:00:00-05:00,182.0,185.5,171.5,178.5,447,0.0,0.0
2022-12-22 00:00:00-05:00,175.0,175.0,168.0,175.0,318,0.0,0.0
2022-12-23 00:00:00-05:00,164.5,178.5,164.5,171.5,329,0.0,0.0
2022-12-27 00:00:00-05:00,168.0,171.5,147.0,157.5,723,0.0,0.0
2022-12-28 00:00:00-05:00,157.5,161.0,140.0,150.5,498,0.0,0.0
2022-12-29 00:00:00-05:00,147.0,157.5,143.5,157.5,501,0.0,0.0
2022-12-30 00:00:00-05:00,143.5,161.0,140.0,161.0,469,0.0,0.0
2023-01-03 00:00:00-05:00,164.5,182.0,164.5,168.0,518,0.0,0.0
2023-01-04 00:00:00-05:00,171.5,206.5,168.0,196.0,532,0.0,0.0
2023-01-05 00:00:00-05:00,206.5,266.0,206.5,252.0,2016,0.0,0.0
2023-01-06 00:00:00-05:00,245.0,252.0,213.5,224.0,513,0.0,0.0
2023-01-09 00:00:00-05:00,220.5,241.5,213.5,220.5,997,0.0,0.0
2023-01-10 00:00:00-05:00,224.0,231.0,213.5,224.0,155,0.0,0.0
2023-01-11 00:00:00-05:00,227.5,245.0,224.0,231.0,223,0.0,0.0
2023-01-12 00:00:00-05:00,224.0,238.0,220.5,234.5,207,0.0,0.0
2023-01-13 00:00:00-05:00,220.5,245.0,220.5,241.5,148,0.0,0.0
2023-01-17 00:00:00-05:00,234.5,287.0,231.0,276.5,680,0.0,0.0
2023-01-18 00:00:00-05:00,276.5,308.0,266.0,290.5,742,0.0,0.0
2023-01-19 00:00:00-05:00,290.5,294.0,266.0,280.0,544,0.0,0.0
2023-01-20 00:00:00-05:00,276.5,294.0,273.0,287.0,362,0.0,0.0
2023-01-23 00:00:00-05:00,266.0,280.0,224.0,245.0,9577,0.0,0.0
2023-01-24 00:00:00-05:00,245.0,248.5,210.0,227.5,1609,0.0,0.0
2023-01-25 00:00:00-05:00,227.5,227.5,206.5,217.0,1028,0.0,0.0
2023-01-26 00:00:00-05:00,213.5,220.5,206.5,213.5,1020,0.0,0.0
2023-01-27 00:00:00-05:00,210.0,220.5,199.5,210.0,975,0.0,0.0
2023-01-30 00:00:00-05:00,199.5,210.0,182.0,192.5,1708,0.0,0.0
2023-01-31 00:00:00-05:00,185.5,196.0,182.0,185.5,527,0.0,0.0
2023-02-01 00:00:00-05:00,185.5,206.5,185.5,196.0,441,0.0,0.0
2023-02-02 00:00:00-05:00,199.5,217.0,189.0,199.5,757,0.0,0.0
2023-02-03 00:00:00-05:00,203.0,210.0,196.0,199.5,603,0.0,0.0
2023-02-06 00:00:00-05:00,199.5,206.5,185.5,192.5,310,0.0,0.0
2023-02-07 00:00:00-05:00,192.5,192.5,182.0,185.5,280,0.0,0.0
2023-02-08 00:00:00-05:00,182.0,189.0,175.0,185.5,345,0.0,0.0
2023-02-09 00:00:00-05:00,192.5,192.5,164.5,168.0,619,0.0,0.0
2023-02-10 00:00:00-05:00,171.5,175.0,161.0,168.0,243,0.0,0.0
2023-02-13 00:00:00-05:00,168.0,185.5,168.0,182.0,334,0.0,0.0
2023-02-14 00:00:00-05:00,168.0,178.5,168.0,175.0,179,0.0,0.0
2023-02-15 00:00:00-05:00,178.5,199.5,171.5,185.5,703,0.0,0.0
2023-02-16 00:00:00-05:00,185.5,185.5,157.5,178.5,667,0.0,0.0
2023-02-17 00:00:00-05:00,168.0,182.0,168.0,175.0,175,0.0,0.0
2023-02-21 00:00:00-05:00,171.5,182.0,168.0,171.5,268,0.0,0.0
2023-02-22 00:00:00-05:00,178.5,182.0,168.0,168.0,305,0.0,0.0
2023-02-23 00:00:00-05:00,168.0,175.0,168.0,175.0,190,0.0,0.0
2023-02-24 00:00:00-05:00,171.5,171.5,161.0,164.5,426,0.0,0.0
2023-02-27 00:00:00-05:00,164.5,175.0,161.0,175.0,270,0.0,0.0
2023-02-28 00:00:00-05:00,175.0,175.0,164.5,175.0,253,0.0,0.0
2023-03-01 00:00:00-05:00,171.5,175.0,171.5,171.5,133,0.0,0.0
2023-03-02 00:00:00-05:00,175.0,182.0,175.0,175.0,507,0.0,0.0
2023-03-03 00:00:00-05:00,168.0,178.5,168.0,178.5,201,0.0,0.0
2023-03-06 00:00:00-05:00,168.0,196.0,168.0,196.0,1020,0.0,0.0
2023-03-07 00:00:00-05:00,189.0,192.5,171.5,182.0,517,0.0,0.0
2023-03-08 00:00:00-05:00,185.5,185.5,171.5,175.0,250,0.0,0.0
2023-03-09 00:00:00-05:00,175.0,178.5,157.5,164.5,571,0.0,0.0
2023-03-10 00:00:00-05:00,164.5,164.5,136.5,143.5,1857,0.0,0.0
2023-03-13 00:00:00-04:00,140.0,150.5,136.5,140.0,546,0.0,0.0
2023-03-14 00:00:00-04:00,140.0,147.0,119.0,122.5,724,0.0,0.0
2023-03-15 00:00:00-04:00,108.5,129.5,94.5,126.0,1591,0.0,0.0
2023-03-16 00:00:00-04:00,129.5,129.5,119.0,119.0,340,0.0,0.0
2023-03-17 00:00:00-04:00,115.5,122.5,105.0,105.0,516,0.0,0.0
2023-03-20 00:00:00-04:00,105.0,119.0,105.0,112.0,413,0.0,0.0
2023-03-21 00:00:00-04:00,119.0,119.0,112.0,112.0,494,0.0,0.0
2023-03-22 00:00:00-04:00,108.5,115.5,108.5,112.0,227,0.0,0.0
2023-03-23 00:00:00-04:00,112.0,115.5,108.5,112.0,127,0.0,0.0
2023-03-24 00:00:00-04:00,112.0,119.0,108.5,119.0,289,0.0,0.0
2023-03-27 00:00:00-04:00,119.0,122.5,115.5,119.0,190,0.0,0.0
2023-03-28 00:00:00-04:00,112.0,136.5,112.0,122.5,129,0.0,0.0
2023-03-29 00:00:00-04:00,119.0,136.5,119.0,126.0,450,0.0,0.0
2023-03-30 00:00:00-04:00,122.5,136.5,122.5,129.5,133,0.0,0.0
2023-03-31 00:00:00-04:00,133.0,147.0,126.0,143.5,289,0.0,0.0
2023-04-03 00:00:00-04:00,147.0,150.5,133.0,136.5,273,0.0,0.0
2023-04-04 00:00:00-04:00,136.5,147.0,126.0,126.0,137,0.0,0.0
2023-04-05 00:00:00-04:00,133.0,140.0,119.0,126.0,166,0.0,0.0
2023-04-06 00:00:00-04:00,119.0,136.5,119.0,136.5,95,0.0,0.0
2023-04-10 00:00:00-04:00,133.0,199.5,133.0,199.5,2035,0.0,0.0
2023-04-11 00:00:00-04:00,185.5,234.5,185.5,217.0,1207,0.0,0.0
2023-04-12 00:00:00-04:00,248.5,252.0,210.0,220.5,1103,0.0,0.0
2023-04-13 00:00:00-04:00,217.0,231.0,213.5,220.5,480,0.0,0.0
2023-04-14 00:00:00-04:00,217.0,248.5,217.0,231.0,388,0.0,0.0
2023-04-17 00:00:00-04:00,241.5,308.0,227.5,280.0,1583,0.0,0.0
2023-04-18 00:00:00-04:00,231.0,280.0,231.0,266.0,1189,0.0,0.0
2023-04-19 00:00:00-04:00,266.0,280.0,231.0,234.5,541,0.0,0.0
2023-04-20 00:00:00-04:00,231.0,234.5,210.0,210.0,196,0.0,0.0
2023-04-21 00:00:00-04:00,210.0,224.0,196.0,196.0,229,0.0,0.0
2023-04-24 00:00:00-04:00,203.0,227.5,203.0,210.0,199,0.0,0.0
2023-04-25 00:00:00-04:00,217.0,227.5,203.0,210.0,575,0.0,0.0
2023-04-26 00:00:00-04:00,213.5,220.5,206.5,206.5,401,0.0,0.0
2023-04-27 00:00:00-04:00,203.0,227.5,203.0,217.0,244,0.0,0.0
2023-04-28 00:00:00-04:00,213.5,234.5,203.0,227.5,411,0.0,0.0
2023-05-01 00:00:00-04:00,227.5,259.0,220.5,255.5,672,0.0,0.0
2023-05-02 00:00:00-04:00,259.0,262.5,238.0,245.0,360,0.0,0.0
2023-05-03 00:00:00-04:00,248.5,252.0,238.0,241.5,237,0.0,0.0
2023-05-04 00:00:00-04:00,248.5,248.5,220.5,234.5,246,0.0,0.0
2023-05-05 00:00:00-04:00,248.5,248.5,227.5,248.5,236,0.0,0.0
2023-05-08 00:00:00-04:00,245.0,248.5,227.5,234.5,325,0.0,0.0
2023-05-09 00:00:00-04:00,227.5,245.0,203.0,224.0,633,0.0,0.0
2023-05-10 00:00:00-04:00,217.0,238.0,213.5,220.5,106,0.0,0.0
2023-05-11 00:00:00-04:00,213.5,231.0,210.0,210.0,176,0.0,0.0
2023-05-12 00:00:00-04:00,206.5,231.0,168.0,168.0,1329,0.0,0.0
2023-05-15 00:00:00-04:00,168.0,196.0,154.0,164.5,706,0.0,0.0
2023-05-16 00:00:00-04:00,175.0,189.0,154.0,168.0,593,0.0,0.0
2023-05-17 00:00:00-04:00,175.0,175.0,143.5,161.0,1168,0.0,0.0
2023-05-18 00:00:00-04:00,161.0,178.5,161.0,168.0,465,0.0,0.0
2023-05-19 00:00:00-04:00,171.5,175.0,161.0,161.0,445,0.0,0.0
2023-05-22 00:00:00-04:00,157.5,161.0,143.5,161.0,690,0.0,0.0
2023-05-23 00:00:00-04:00,161.0,168.0,143.5,154.0,330,0.0,0.0
2023-05-24 00:00:00-04:00,161.0,220.5,157.5,203.0,1349,0.0,0.0
2023-05-25 00:00:00-04:00,192.5,199.5,182.0,185.5,515,0.0,0.0
2023-05-26 00:00:00-04:00,196.0,224.0,189.0,224.0,576,0.0,0.0
2023-05-30 00:00:00-04:00,217.0,245.0,210.0,238.0,365,0.0,0.0
2023-05-31 00:00:00-04:00,231.0,245.0,227.5,227.5,469,0.0,0.0
2023-06-01 00:00:00-04:00,245.0,259.0,234.5,259.0,523,0.0,0.0
2023-06-02 00:00:00-04:00,266.0,297.5,252.0,259.0,721,0.0,0.0
2023-06-05 00:00:00-04:00,255.5,276.5,248.5,273.0,352,0.0,0.0
2023-06-06 00:00:00-04:00,276.5,283.5,255.5,266.0,370,0.0,0.0
2023-06-07 00:00:00-04:00,262.5,269.5,248.5,259.0,371,0.0,0.0
2023-06-08 00:00:00-04:00,255.5,266.0,241.5,252.0,230,0.0,0.0
2023-06-09 00:00:00-04:00,245.0,252.0,213.5,231.0,393,0.0,0.0
2023-06-12 00:00:00-04:00,224.0,234.5,213.5,227.5,249,0.0,0.0
2023-06-13 00:00:00-04:00,238.0,252.0,220.5,245.0,154,0.0,0.0
2023-06-14 00:00:00-04:00,248.5,255.5,227.5,238.0,402,0.0,0.0
2023-06-15 00:00:00-04:00,234.5,241.5,217.0,224.0,274,0.0,0.0
2023-06-16 00:00:00-04:00,224.0,234.5,203.0,210.0,467,0.0,0.0
2023-06-20 00:00:00-04:00,210.0,220.5,206.5,220.5,201,0.0,0.0
2023-06-21 00:00:00-04:00,210.0,231.0,210.0,231.0,215,0.0,0.0
2023-06-22 00:00:00-04:00,224.0,234.5,206.5,224.0,126,0.0,0.0
2023-06-23 00:00:00-04:00,217.0,234.5,217.0,217.0,313,0.0,0.0
2023-06-26 00:00:00-04:00,217.0,220.5,210.0,217.0,203,0.0,0.0
2023-06-27 00:00:00-04:00,234.5,381.5,213.5,297.5,15429,0.0,0.0
2023-06-28 00:00:00-04:00,283.5,308.0,255.5,287.0,1613,0.0,0.0
2023-06-29 00:00:00-04:00,280.0,308.0,276.5,280.0,721,0.0,0.0
2023-06-30 00:00:00-04:00,290.5,290.5,248.5,262.5,707,0.0,0.0
2023-07-03 00:00:00-04:00,266.0,287.0,262.5,283.5,281,0.0,0.0
2023-07-05 00:00:00-04:00,276.5,297.5,262.5,287.0,439,0.0,0.0
2023-07-06 00:00:00-04:00,283.5,332.5,283.5,322.0,536,0.0,0.0
2023-07-07 00:00:00-04:00,322.0,385.0,315.0,385.0,1245,0.0,0.0
2023-07-10 00:00:00-04:00,402.5,448.0,388.5,406.0,1933,0.0,0.0
2023-07-11 00:00:00-04:00,385.0,406.0,385.0,406.0,492,0.0,0.0
2023-07-12 00:00:00-04:00,406.0,430.5,399.0,406.0,797,0.0,0.0
2023-07-13 00:00:00-04:00,416.5,542.5,395.5,493.5,1637,0.0,0.0
2023-07-14 00:00:00-04:00,486.5,595.0,479.5,577.5,3351,0.0,0.0
2023-07-17 00:00:00-04:00,577.5,581.0,430.5,514.5,2390,0.0,0.0
2023-07-18 00:00:00-04:00,504.0,507.5,357.0,374.5,3011,0.0,0.0
2023-07-19 00:00:00-04:00,451.5,458.5,311.5,357.0,6051,0.0,0.0
2023-07-20 00:00:00-04:00,360.5,406.0,350.0,385.0,1530,0.0,0.0
2023-07-21 00:00:00-04:00,395.5,490.0,385.0,469.0,2615,0.0,0.0
2023-07-24 00:00:00-04:00,490.0,507.5,444.5,469.0,679,0.0,0.0
2023-07-25 00:00:00-04:00,486.5,525.0,458.5,514.5,1052,0.0,0.0
2023-07-26 00:00:00-04:00,525.0,525.0,469.0,500.5,970,0.0,0.0
2023-07-27 00:00:00-04:00,497.0,507.5,444.5,458.5,700,0.0,0.0
2023-07-28 00:00:00-04:00,493.5,567.0,490.0,560.0,1491,0.0,0.0
2023-07-31 00:00:00-04:00,581.0,612.5,507.5,518.0,1947,0.0,0.0
2023-08-01 00:00:00-04:00,518.0,539.0,507.5,535.5,599,0.0,0.0
2023-08-02 00:00:00-04:00,542.5,560.0,497.0,528.5,860,0.0,0.0
2023-08-03 00:00:00-04:00,521.5,532.0,472.5,500.5,689,0.0,0.0
2023-08-04 00:00:00-04:00,507.5,511.0,483.0,500.5,361,0.0,0.0
2023-08-07 00:00:00-04:00,500.5,500.5,472.5,479.5,479,0.0,0.0
2023-08-08 00:00:00-04:00,479.5,504.0,455.0,476.0,614,0.0,0.0
2023-08-09 00:00:00-04:00,476.0,486.5,430.5,451.5,903,0.0,0.0
2023-08-10 00:00:00-04:00,472.5,479.5,416.5,434.0,543,0.0,0.0
2023-08-11 00:00:00-04:00,455.0,465.5,325.5,381.5,3258,0.0,0.0
2023-08-14 00:00:00-04:00,402.5,416.5,385.0,406.0,750,0.0,0.0
2023-08-15 00:00:00-04:00,420.0,423.5,353.5,371.0,1015,0.0,0.0
2023-08-16 00:00:00-04:00,360.5,378.0,301.0,311.5,1728,0.0,0.0
2023-08-17 00:00:00-04:00,322.0,357.0,318.5,329.0,521,0.0,0.0
2023-08-18 00:00:00-04:00,329.0,364.0,318.5,318.5,375,0.0,0.0
2023-08-21 00:00:00-04:00,308.0,332.5,308.0,315.0,605,0.0,0.0
2023-08-22 00:00:00-04:00,315.0,329.0,315.0,322.0,276,0.0,0.0
2023-08-23 00:00:00-04:00,318.5,329.0,315.0,318.5,286,0.0,0.0
2023-08-24 00:00:00-04:00,325.5,329.0,290.5,304.5,1020,0.0,0.0
2023-08-25 00:00:00-04:00,315.0,325.5,301.0,322.0,235,0.0,0.0
2023-08-28 00:00:00-04:00,315.0,329.0,315.0,322.0,237,0.0,0.0
2023-08-29 00:00:00-04:00,322.0,374.5,318.5,374.5,713,0.0,0.0
2023-08-30 00:00:00-04:00,381.5,409.5,353.5,399.0,390,0.0,0.0
2023-08-31 00:00:00-04:00,406.0,434.0,392.0,416.5,1083,0.0,0.0
2023-09-01 00:00:00-04:00,420.0,434.0,371.0,374.5,383,0.0,0.0
2023-09-05 00:00:00-04:00,367.5,399.0,364.0,392.0,391,0.0,0.0
2023-09-06 00:00:00-04:00,385.0,388.5,227.5,241.5,6045,0.0,0.0
2023-09-07 00:00:00-04:00,219.8000030517578,234.14999389648438,165.1999969482422,182.35000610351562,9177,0.0,0.1
2023-09-08 00:00:00-04:00,180.60000610351562,186.1999969482422,140.0,147.6999969482422,4174,0.0,0.0
2023-09-11 00:00:00-04:00,144.89999389648438,202.3000030517578,143.5,190.0500030517578,5711,0.0,0.0
2023-09-12 00:00:00-04:00,185.85000610351562,190.39999389648438,155.39999389648438,179.89999389648438,1560,0.0,0.0
2023-09-13 00:00:00-04:00,183.75,193.1999969482422,171.5,186.89999389648438,1437,0.0,0.0
2023-09-14 00:00:00-04:00,183.0500030517578,183.39999389648438,165.89999389648438,169.39999389648438,689,0.0,0.0
2023-09-15 00:00:00-04:00,172.1999969482422,184.8000030517578,165.89999389648438,171.5,729,0.0,0.0
2023-09-18 00:00:00-04:00,172.89999389648438,179.1999969482422,154.35000610351562,166.9499969482422,1563,0.0,0.0
2023-09-19 00:00:00-04:00,161.6999969482422,162.0500030517578,146.64999389648438,148.39999389648438,840,0.0,0.0
2023-09-20 00:00:00-04:00,145.9499969482422,150.14999389648438,143.14999389648438,143.5,617,0.0,0.0
2023-09-21 00:00:00-04:00,143.5,146.3000030517578,124.25,129.5,1449,0.0,0.0
2023-09-22 00:00:00-04:00,130.1999969482422,136.14999389648438,105.69999694824219,114.0999984741211,1663,0.0,0.0
2023-09-25 00:00:00-04:00,108.8499984741211,123.19999694824219,108.8499984741211,114.0999984741211,803,0.0,0.0
2023-09-26 00:00:00-04:00,112.3499984741211,117.25,109.9000015258789,114.80000305175781,306,0.0,0.0
2023-09-27 00:00:00-04:00,117.25,129.5,116.9000015258789,118.6500015258789,880,0.0,0.0
2023-09-28 00:00:00-04:00,119.0,128.10000610351562,110.25,111.6500015258789,1140,0.0,0.0
2023-09-29 00:00:00-04:00,110.5999984741211,117.25,99.75,105.69999694824219,1606,0.0,0.0
2023-10-02 00:00:00-04:00,112.69999694824219,116.9000015258789,101.1500015258789,101.8499984741211,500,0.0,0.0
2023-10-03 00:00:00-04:00,105.0,108.5,96.25,99.4000015258789,1091,0.0,0.0
2023-10-04 00:00:00-04:00,97.6500015258789,105.0,92.05000305175781,102.9000015258789,1654,0.0,0.0
2023-10-05 00:00:00-04:00,109.9000015258789,112.3499984741211,100.80000305175781,109.19999694824219,806,0.0,0.0
2023-10-06 00:00:00-04:00,109.9000015258789,114.0999984741211,103.94999694824219,113.4000015258789,474,0.0,0.0
2023-10-09 00:00:00-04:00,111.30000305175781,112.0,107.80000305175781,112.0,157,0.0,0.0
2023-10-10 00:00:00-04:00,112.0,125.6500015258789,107.0999984741211,120.4000015258789,1166,0.0,0.0
2023-10-11 00:00:00-04:00,124.5999984741211,124.5999984741211,115.5,117.5999984741211,403,0.0,0.0
2023-10-12 00:00:00-04:00,116.55000305175781,121.0999984741211,111.30000305175781,111.6500015258789,703,0.0,0.0
2023-10-13 00:00:00-04:00,107.0999984741211,117.5999984741211,107.0999984741211,113.05000305175781,731,0.0,0.0
2023-10-16 00:00:00-04:00,111.30000305175781,119.3499984741211,107.0999984741211,110.25,529,0.0,0.0
2023-10-17 00:00:00-04:00,107.0999984741211,115.1500015258789,107.0999984741211,109.9000015258789,483,0.0,0.0
2023-10-18 00:00:00-04:00,113.75,113.75,105.0,105.3499984741211,569,0.0,0.0
2023-10-19 00:00:00-04:00,107.44999694824219,110.25,102.55000305175781,105.3499984741211,331,0.0,0.0
2023-10-20 00:00:00-04:00,103.25,108.5,98.3499984741211,104.30000305175781,489,0.0,0.0
2023-10-23 00:00:00-04:00,104.30000305175781,104.30000305175781,59.5,64.75,5263,0.0,0.0
2023-10-24 00:00:00-04:00,70.3499984741211,71.75,54.95000076293945,59.150001525878906,3040,0.0,0.0
2023-10-25 00:00:00-04:00,60.20000076293945,64.75,57.75,61.25,446,0.0,0.0
2023-10-26 00:00:00-04:00,60.900001525878906,64.05000305175781,56.0,61.25,1440,0.0,0.0
2023-10-27 00:00:00-04:00,73.1500015258789,73.5,64.4000015258789,68.5999984741211,1217,0.0,0.0
2023-10-30 00:00:00-04:00,67.55000305175781,74.19999694824219,61.25,63.0,1117,0.0,0.0
2023-10-31 00:00:00-04:00,65.0999984741211,66.8499984741211,61.25,64.75,309,0.0,0.0
2023-11-01 00:00:00-04:00,63.349998474121094,65.0999984741211,60.54999923706055,63.70000076293945,1274,0.0,0.0
2023-11-02 00:00:00-04:00,57.75,63.70000076293945,56.349998474121094,58.45000076293945,2766,0.0,0.0
2023-11-03 00:00:00-04:00,58.79999923706055,66.5,58.79999923706055,62.29999923706055,1660,0.0,0.0
2023-11-06 00:00:00-05:00,62.29999923706055,69.30000305175781,62.29999923706055,67.9000015258789,1126,0.0,0.0
2023-11-07 00:00:00-05:00,70.69999694824219,81.9000015258789,68.25,78.75,1549,0.0,0.0
2023-11-08 00:00:00-05:00,80.8499984741211,84.3499984741211,75.25,77.69999694824219,617,0.0,0.0
2023-11-09 00:00:00-05:00,78.4000015258789,78.75,67.55000305175781,68.25,1251,0.0,0.0
2023-11-10 00:00:00-05:00,72.0999984741211,78.4000015258789,63.0,68.25,737,0.0,0.0
2023-11-13 00:00:00-05:00,66.5,75.25,64.75,72.0999984741211,1214,0.0,0.0
2023-11-14 00:00:00-05:00,70.3499984741211,72.0999984741211,63.349998474121094,65.80000305175781,1506,0.0,0.0
2023-11-15 00:00:00-05:00,66.5,73.1500015258789,64.05000305175781,72.0999984741211,374,0.0,0.0
2023-11-16 00:00:00-05:00,72.0999984741211,72.0999984741211,67.9000015258789,69.30000305175781,254,0.0,0.0
2023-11-17 00:00:00-05:00,71.4000015258789,81.19999694824219,68.5999984741211,78.4000015258789,680,0.0,0.0
2023-11-20 00:00:00-05:00,79.0999984741211,88.9000015258789,73.8499984741211,88.19999694824219,571,0.0,0.0
2023-11-21 00:00:00-05:00,87.5,119.3499984741211,78.05000305175781,109.19999694824219,2351,0.0,0.0
2023-11-22 00:00:00-05:00,119.0,165.1999969482422,113.75,132.3000030517578,19266,0.0,0.0
2023-11-24 00:00:00-05:00,128.8000030517578,137.5500030517578,123.19999694824219,136.14999389648438,926,0.0,0.0
2023-11-27 00:00:00-05:00,138.25,138.25,122.5,124.25,1357,0.0,0.0
2023-11-28 00:00:00-05:00,126.0,126.0,113.05000305175781,121.44999694824219,1426,0.0,0.0
2023-11-29 00:00:00-05:00,117.94999694824219,121.0999984741211,114.80000305175781,120.75,420,0.0,0.0
2023-11-30 00:00:00-05:00,119.0,120.05000305175781,116.19999694824219,118.6500015258789,131,0.0,0.0
2023-12-01 00:00:00-05:00,118.6500015258789,121.44999694824219,109.9000015258789,121.44999694824219,909,0.0,0.0
2023-12-04 00:00:00-05:00,123.19999694824219,127.75,115.1500015258789,120.4000015258789,560,0.0,0.0
2023-12-05 00:00:00-05:00,124.25,127.05000305175781,119.0,120.05000305175781,631,0.0,0.0
2023-12-06 00:00:00-05:00,123.19999694824219,123.19999694824219,106.75,108.8499984741211,1066,0.0,0.0
2023-12-07 00:00:00-05:00,112.69999694824219,114.44999694824219,107.80000305175781,113.05000305175781,300,0.0,0.0
2023-12-08 00:00:00-05:00,114.44999694824219,114.44999694824219,98.3499984741211,103.5999984741211,797,0.0,0.0
2023-12-11 00:00:00-05:00,102.19999694824219,106.4000015258789,100.0999984741211,105.3499984741211,594,0.0,0.0
2023-12-12 00:00:00-05:00,106.75,107.44999694824219,96.25,99.05000305175781,2089,0.0,0.0
2023-12-13 00:00:00-05:00,98.3499984741211,106.75,97.30000305175781,101.5,991,0.0,0.0
2023-12-14 00:00:00-05:00,102.55000305175781,110.94999694824219,97.6500015258789,105.69999694824219,1914,0.0,0.0
2023-12-15 00:00:00-05:00,105.3499984741211,113.05000305175781,103.25,107.44999694824219,826,0.0,0.0
2023-12-18 00:00:00-05:00,111.30000305175781,134.39999389648438,111.30000305175781,128.8000030517578,2726,0.0,0.0
2023-12-19 00:00:00-05:00,132.3000030517578,182.0,132.3000030517578,170.4499969482422,5846,0.0,0.0
2023-12-20 00:00:00-05:00,170.4499969482422,191.8000030517578,167.3000030517578,174.64999389648438,2991,0.0,0.0
2023-12-21 00:00:00-05:00,181.3000030517578,181.3000030517578,153.3000030517578,174.3000030517578,1674,0.0,0.0
2023-12-22 00:00:00-05:00,174.64999389648438,180.25,167.64999389648438,175.6999969482422,751,0.0,0.0
2023-12-26 00:00:00-05:00,175.35000610351562,183.75,165.1999969482422,166.25,751,0.0,0.0
2023-12-27 00:00:00-05:00,166.60000610351562,171.5,147.0,154.0,1614,0.0,0.0
2023-12-28 00:00:00-05:00,152.60000610351562,157.5,149.4499969482422,153.3000030517578,357,0.0,0.0
2023-12-29 00:00:00-05:00,150.5,161.0,140.0,145.60000610351562,1114,0.0,0.0
2024-01-02 00:00:00-05:00,147.6999969482422,163.8000030517578,147.6999969482422,155.39999389648438,560,0.0,0.0
2024-01-03 00:00:00-05:00,150.14999389648438,159.60000610351562,150.14999389648438,151.1999969482422,417,0.0,0.0
2024-01-04 00:00:00-05:00,155.0500030517578,155.39999389648438,148.0500030517578,154.0,211,0.0,0.0
2024-01-05 00:00:00-05:00,155.0500030517578,161.0,147.6999969482422,153.64999389648438,340,0.0,0.0
2024-01-08 00:00:00-05:00,151.1999969482422,155.39999389648438,140.35000610351562,147.35000610351562,846,0.0,0.0
2024-01-09 00:00:00-05:00,147.0,153.3000030517578,143.85000610351562,151.5500030517578,403,0.0,0.0
2024-01-10 00:00:00-05:00,148.75,151.1999969482422,143.14999389648438,143.5,683,0.0,0.0
2024-01-11 00:00:00-05:00,143.14999389648438,147.6999969482422,136.5,140.0,791,0.0,0.0
2024-01-12 00:00:00-05:00,140.0,147.6999969482422,138.60000610351562,147.6999969482422,486,0.0,0.0
2024-01-16 00:00:00-05:00,148.39999389648438,154.35000610351562,142.10000610351562,146.64999389648438,723,0.0,0.0
2024-01-17 00:00:00-05:00,143.5,145.25,127.75,127.75,429,0.0,0.0
2024-01-18 00:00:00-05:00,124.5999984741211,132.3000030517578,122.5,124.94999694824219,503,0.0,0.0
2024-01-19 00:00:00-05:00,138.9499969482422,150.5,124.25,146.3000030517578,1629,0.0,0.0
2024-01-22 00:00:00-05:00,149.8000030517578,165.89999389648438,140.0,148.75,797,0.0,0.0
2024-01-23 00:00:00-05:00,151.89999389648438,153.3000030517578,126.3499984741211,128.4499969482422,1429,0.0,0.0
2024-01-24 00:00:00-05:00,134.0500030517578,144.1999969482422,129.85000610351562,136.85000610351562,780,0.0,0.0
2024-01-25 00:00:00-05:00,136.14999389648438,137.89999389648438,129.5,133.35000610351562,714,0.0,0.0
2024-01-26 00:00:00-05:00,134.0500030517578,151.89999389648438,128.8000030517578,143.85000610351562,331,0.0,0.0
2024-01-29 00:00:00-05:00,148.0500030517578,155.39999389648438,142.10000610351562,154.0,491,0.0,0.0
2024-01-30 00:00:00-05:00,155.39999389648438,157.5,141.75,152.25,354,0.0,0.0
2024-01-31 00:00:00-05:00,148.39999389648438,157.14999389648438,140.0,142.4499969482422,366,0.0,0.0
2024-02-01 00:00:00-05:00,142.10000610351562,149.10000610351562,138.60000610351562,144.5500030517578,383,0.0,0.0
2024-02-02 00:00:00-05:00,145.25,145.9499969482422,138.25,144.5500030517578,246,0.0,0.0
2024-02-05 00:00:00-05:00,142.4499969482422,150.5,134.75,137.1999969482422,360,0.0,0.0
2024-02-06 00:00:00-05:00,140.35000610351562,143.5,136.5,143.14999389648438,203,0.0,0.0
2024-02-07 00:00:00-05:00,143.14999389648438,143.14999389648438,133.0,137.1999969482422,374,0.0,0.0
2024-02-08 00:00:00-05:00,137.1999969482422,143.85000610351562,133.0,139.64999389648438,349,0.0,0.0
2024-02-09 00:00:00-05:00,139.3000030517578,147.35000610351562,134.0500030517578,147.0,454,0.0,0.0
2024-02-12 00:00:00-05:00,149.10000610351562,169.75,146.64999389648438,148.75,1251,0.0,0.0
2024-02-13 00:00:00-05:00,148.75,157.14999389648438,142.10000610351562,143.5,420,0.0,0.0
2024-02-14 00:00:00-05:00,146.3000030517578,150.5,141.75,146.3000030517578,551,0.0,0.0
2024-02-15 00:00:00-05:00,151.5500030517578,158.5500030517578,151.5500030517578,152.60000610351562,429,0.0,0.0
2024-02-16 00:00:00-05:00,155.0500030517578,156.10000610351562,148.75,155.0500030517578,437,0.0,0.0
2024-02-20 00:00:00-05:00,156.8000030517578,159.25,148.75,155.0500030517578,480,0.0,0.0
2024-02-21 00:00:00-05:00,153.3000030517578,153.64999389648438,141.0500030517578,142.10000610351562,377,0.0,0.0
2024-02-22 00:00:00-05:00,146.64999389648438,151.1999969482422,135.8000030517578,141.75,800,0.0,0.0
2024-02-23 00:00:00-05:00,138.25,141.0500030517578,130.5500030517578,138.60000610351562,669,0.0,0.0
2024-02-26 00:00:00-05:00,140.0,142.8000030517578,134.75,135.10000610351562,629,0.0,0.0
2024-02-27 00:00:00-05:00,137.89999389648438,142.8000030517578,135.4499969482422,135.4499969482422,760,0.0,0.0
2024-02-28 00:00:00-05:00,135.10000610351562,144.1999969482422,135.10000610351562,143.5,449,0.0,0.0
2024-02-29 00:00:00-05:00,144.89999389648438,145.25,137.89999389648438,141.0500030517578,206,0.0,0.0
2024-03-01 00:00:00-05:00,140.0,150.5,140.0,150.5,380,0.0,0.0
2024-03-04 00:00:00-05:00,151.1999969482422,157.85000610351562,148.0500030517578,150.14999389648438,943,0.0,0.0
2024-03-05 00:00:00-05:00,148.75,154.35000610351562,141.75,148.75,383,0.0,0.0
2024-03-06 00:00:00-05:00,147.0,148.75,139.3000030517578,143.14999389648438,566,0.0,0.0
2024-03-07 00:00:00-05:00,141.75,148.39999389648438,141.75,141.75,343,0.0,0.0
2024-03-08 00:00:00-05:00,143.5,148.0500030517578,141.75,147.0,143,0.0,0.0
2024-03-11 00:00:00-04:00,143.85000610351562,162.75,143.85000610351562,155.75,1074,0.0,0.0
2024-03-12 00:00:00-04:00,153.3000030517578,159.9499969482422,142.8000030517578,143.14999389648438,649,0.0,0.0
2024-03-13 00:00:00-04:00,146.3000030517578,148.0500030517578,132.64999389648438,137.89999389648438,557,0.0,0.0
2024-03-14 00:00:00-04:00,141.75,143.5,137.89999389648438,142.4499969482422,229,0.0,0.0
2024-03-15 00:00:00-04:00,138.25,142.4499969482422,133.6999969482422,137.5500030517578,609,0.0,0.0
2024-03-18 00:00:00-04:00,138.25,143.14999389648438,136.14999389648438,137.5500030517578,509,0.0,0.0
2024-03-19 00:00:00-04:00,138.25,140.0,129.14999389648438,130.5500030517578,306,0.0,0.0
2024-03-20 00:00:00-04:00,130.5500030517578,138.25,117.25,128.8000030517578,943,0.0,0.0
2024-03-21 00:00:00-04:00,127.75,140.35000610351562,127.75,133.6999969482422,517,0.0,0.0
2024-03-22 00:00:00-04:00,131.60000610351562,133.0,126.0,129.14999389648438,391,0.0,0.0
2024-03-25 00:00:00-04:00,133.6999969482422,136.85000610351562,129.5,133.6999969482422,409,0.0,0.0
2024-03-26 00:00:00-04:00,134.75,143.5,133.0,143.5,1266,0.0,0.0
2024-03-27 00:00:00-04:00,102.55000305175781,115.5,78.75,97.30000305175781,7894,0.0,0.0
2024-03-28 00:00:00-04:00,100.80000305175781,108.5,99.75,101.8499984741211,2457,0.0,0.0
2024-04-01 00:00:00-04:00,101.8499984741211,104.6500015258789,87.8499984741211,92.05000305175781,1460,0.0,0.0
2024-04-02 00:00:00-04:00,92.05000305175781,92.05000305175781,89.25,90.30000305175781,489,0.0,0.0
2024-04-03 00:00:00-04:00,91.69999694824219,91.69999694824219,89.5999984741211,89.5999984741211,391,0.0,0.0
2024-04-04 00:00:00-04:00,91.0,96.5999984741211,89.94999694824219,92.75,714,0.0,0.0
2024-04-05 00:00:00-04:00,95.19999694824219,95.19999694824219,89.5999984741211,89.5999984741211,369,0.0,0.0
2024-04-08 00:00:00-04:00,89.94999694824219,93.80000305175781,87.8499984741211,88.19999694824219,297,0.0,0.0
2024-04-09 00:00:00-04:00,91.69999694824219,93.0999984741211,87.8499984741211,88.9000015258789,97,0.0,0.0
2024-04-10 00:00:00-04:00,87.5,88.55000305175781,80.5,83.6500015258789,620,0.0,0.0
2024-04-11 00:00:00-04:00,87.1500015258789,87.1500015258789,77.0,77.3499984741211,603,0.0,0.0
2024-04-12 00:00:00-04:00,81.55000305175781,81.55000305175781,70.3499984741211,73.1500015258789,611,0.0,0.0
2024-04-15 00:00:00-04:00,80.1500015258789,80.1500015258789,72.0999984741211,72.0999984741211,5309,0.0,0.0
2024-04-16 00:00:00-04:00,56.0,56.0,44.45000076293945,45.849998474121094,26323,0.0,0.0
2024-04-17 00:00:00-04:00,45.150001525878906,59.5,39.20000076293945,49.0,10457,0.0,0.0
2024-04-18 00:00:00-04:00,49.70000076293945,50.04999923706055,42.349998474121094,43.04999923706055,2500,0.0,0.0
2024-04-19 00:00:00-04:00,42.0,48.29999923706055,42.0,44.79999923706055,1163,0.0,0.0
2024-04-22 00:00:00-04:00,45.849998474121094,46.20000076293945,40.25,46.20000076293945,974,0.0,0.0
2024-04-23 00:00:00-04:00,46.900001525878906,59.5,46.54999923706055,57.75,25769,0.0,0.0
2024-04-24 00:00:00-04:00,58.099998474121094,60.900001525878906,46.900001525878906,48.29999923706055,12837,0.0,0.0
2024-04-25 00:00:00-04:00,50.75,50.75,42.70000076293945,47.25,6103,0.0,0.0
2024-04-26 00:00:00-04:00,45.849998474121094,52.150001525878906,44.45000076293945,47.95000076293945,3780,0.0,0.0
2024-04-29 00:00:00-04:00,47.95000076293945,51.79999923706055,47.95000076293945,51.099998474121094,4289,0.0,0.0
2024-04-30 00:00:00-04:00,50.400001525878906,52.5,45.849998474121094,46.20000076293945,2326,0.0,0.0
2024-05-01 00:00:00-04:00,46.20000076293945,51.45000076293945,44.45000076293945,50.04999923706055,2943,0.0,0.0
2024-05-02 00:00:00-04:00,51.099998474121094,51.79999923706055,46.900001525878906,50.400001525878906,1231,0.0,0.0
2024-05-03 00:00:00-04:00,49.0,52.150001525878906,47.25,48.29999923706055,1166,0.0,0.0
2024-05-06 00:00:00-04:00,49.349998474121094,52.150001525878906,48.29999923706055,50.04999923706055,1040,0.0,0.0
2024-05-07 00:00:00-04:00,51.45000076293945,54.599998474121094,50.04999923706055,53.54999923706055,1457,0.0,0.0
2024-05-08 00:00:00-04:00,54.25,55.650001525878906,49.0,52.150001525878906,1446,0.0,0.0
2024-05-09 00:00:00-04:00,54.25,55.650001525878906,49.0,50.04999923706055,980,0.0,0.0
2024-05-10 00:00:00-04:00,50.400001525878906,51.45000076293945,46.54999923706055,48.650001525878906,814,0.0,0.0
2024-05-13 00:00:00-04:00,49.70000076293945,50.04999923706055,45.5,46.54999923706055,1194,0.0,0.0
2024-05-14 00:00:00-04:00,48.29999923706055,52.150001525878906,45.849998474121094,47.599998474121094,2403,0.0,0.0
2024-05-15 00:00:00-04:00,46.20000076293945,53.54999923706055,45.849998474121094,53.20000076293945,3369,0.0,0.0
2024-05-16 00:00:00-04:00,52.849998474121094,53.900001525878906,49.70000076293945,52.849998474121094,1391,0.0,0.0
2024-05-17 00:00:00-04:00,53.54999923706055,64.75,52.5,54.599998474121094,7280,0.0,0.0
2024-05-20 00:00:00-04:00,54.95000076293945,54.95000076293945,45.5,51.099998474121094,2469,0.0,0.0
2024-05-21 00:00:00-04:00,50.75,51.099998474121094,45.150001525878906,46.54999923706055,1203,0.0,0.0
2024-05-22 00:00:00-04:00,46.54999923706055,48.650001525878906,44.45000076293945,45.849998474121094,1183,0.0,0.0
2024-05-23 00:00:00-04:00,47.95000076293945,47.95000076293945,42.349998474121094,44.099998474121094,1677,0.0,0.0
2024-05-24 00:00:00-04:00,43.75,47.95000076293945,41.29999923706055,42.0,1691,0.0,0.0
2024-05-28 00:00:00-04:00,42.70000076293945,45.150001525878906,42.0,43.04999923706055,1797,0.0,0.0
2024-05-29 00:00:00-04:00,44.79999923706055,52.150001525878906,43.400001525878906,49.0,3523,0.0,0.0
2024-05-30 00:00:00-04:00,48.29999923706055,53.54999923706055,47.599998474121094,52.150001525878906,1723,0.0,0.0
2024-05-31 00:00:00-04:00,52.150001525878906,52.5,49.70000076293945,51.79999923706055,566,0.0,0.0
2024-06-03 00:00:00-04:00,49.349998474121094,53.900001525878906,47.95000076293945,47.95000076293945,1214,0.0,0.0
2024-06-04 00:00:00-04:00,50.75,50.75,47.25,48.29999923706055,1180,0.0,0.0
2024-06-05 00:00:00-04:00,49.0,53.20000076293945,46.20000076293945,51.45000076293945,2823,0.0,0.0
2024-06-06 00:00:00-04:00,52.5,53.20000076293945,46.900001525878906,47.25,869,0.0,0.0
2024-06-07 00:00:00-04:00,46.54999923706055,52.150001525878906,46.20000076293945,50.04999923706055,1646,0.0,0.0
2024-06-10 00:00:00-04:00,52.849998474121094,76.30000305175781,52.5,61.599998474121094,14377,0.0,0.0
2024-06-11 00:00:00-04:00,61.95000076293945,61.95000076293945,53.20000076293945,53.20000076293945,2097,0.0,0.0
2024-06-12 00:00:00-04:00,52.5,58.79999923706055,49.70000076293945,51.099998474121094,1634,0.0,0.0
2024-06-13 00:00:00-04:00,54.599998474121094,59.5,51.79999923706055,57.04999923706055,1186,0.0,0.0
2024-06-14 00:00:00-04:00,57.400001525878906,57.400001525878906,54.599998474121094,55.650001525878906,423,0.0,0.0
2024-06-17 00:00:00-04:00,53.54999923706055,55.650001525878906,52.5,54.95000076293945,874,0.0,0.0
2024-06-18 00:00:00-04:00,54.95000076293945,56.0,53.20000076293945,54.95000076293945,769,0.0,0.0
2024-06-20 00:00:00-04:00,54.25,57.04999923706055,54.25,56.349998474121094,960,0.0,0.0
2024-06-21 00:00:00-04:00,54.599998474121094,56.349998474121094,49.70000076293945,51.099998474121094,2180,0.0,0.0
2024-06-24 00:00:00-04:00,51.45000076293945,54.599998474121094,51.45000076293945,54.599998474121094,657,0.0,0.0
2024-06-25 00:00:00-04:00,54.599998474121094,57.400001525878906,51.79999923706055,54.25,511,0.0,0.0
2024-06-26 00:00:00-04:00,52.150001525878906,53.900001525878906,50.75,52.849998474121094,271,0.0,0.0
2024-06-27 00:00:00-04:00,50.75,54.599998474121094,50.75,52.5,594,0.0,0.0
2024-06-28 00:00:00-04:00,52.5,52.5,50.400001525878906,50.75,860,0.0,0.0
2024-07-01 00:00:00-04:00,52.150001525878906,52.150001525878906,47.95000076293945,51.099998474121094,2046,0.0,0.0
2024-07-02 00:00:00-04:00,50.75,53.54999923706055,50.04999923706055,52.150001525878906,483,0.0,0.0
2024-07-03 00:00:00-04:00,53.900001525878906,53.900001525878906,51.45000076293945,51.79999923706055,449,0.0,0.0
2024-07-05 00:00:00-04:00,51.45000076293945,62.29999923706055,51.45000076293945,60.900001525878906,1843,0.0,0.0
2024-07-08 00:00:00-04:00,63.70000076293945,82.25,63.70000076293945,78.05000305175781,5577,0.0,0.0
2024-07-09 00:00:00-04:00,78.75,84.0,64.05000305175781,64.05000305175781,3894,0.0,0.0
2024-07-10 00:00:00-04:00,68.25,75.5999984741211,63.70000076293945,69.6500015258789,1111,0.0,0.0
2024-07-11 00:00:00-04:00,70.69999694824219,78.75,70.69999694824219,74.19999694824219,1383,0.0,0.0
2024-07-12 00:00:00-04:00,73.1500015258789,75.5999984741211,68.5999984741211,70.3499984741211,786,0.0,0.0
2024-07-15 00:00:00-04:00,70.3499984741211,72.80000305175781,68.25,71.75,903,0.0,0.0
2024-07-16 00:00:00-04:00,70.0,72.80000305175781,69.30000305175781,71.4000015258789,554,0.0,0.0
2024-07-17 00:00:00-04:00,68.5999984741211,70.69999694824219,63.70000076293945,65.0999984741211,717,0.0,0.0
2024-07-18 00:00:00-04:00,62.650001525878906,62.650001525878906,58.45000076293945,61.599998474121094,606,0.0,0.0
2024-07-19 00:00:00-04:00,61.25,62.29999923706055,59.849998474121094,61.25,337,0.0,0.0
2024-07-22 00:00:00-04:00,59.5,61.95000076293945,58.099998474121094,61.25,409,0.0,0.0
2024-07-23 00:00:00-04:00,61.599998474121094,63.0,58.79999923706055,61.599998474121094,857,0.0,0.0
2024-07-24 00:00:00-04:00,62.29999923706055,64.75,59.5,63.0,906,0.0,0.0
2024-07-25 00:00:00-04:00,63.349998474121094,64.4000015258789,61.25,62.650001525878906,546,0.0,0.0
2024-07-26 00:00:00-04:00,63.70000076293945,72.44999694824219,63.70000076293945,72.44999694824219,546,0.0,0.0
2024-07-29 00:00:00-04:00,74.9000015258789,84.0,71.05000305175781,71.75,4240,0.0,0.0
2024-07-30 00:00:00-04:00,71.75,77.0,64.75,64.75,2017,0.0,0.0
2024-07-31 00:00:00-04:00,65.0999984741211,70.0,59.849998474121094,68.94999694824219,1577,0.0,0.0
2024-08-01 00:00:00-04:00,72.0999984741211,72.0999984741211,63.349998474121094,67.9000015258789,614,0.0,0.0
2024-08-02 00:00:00-04:00,67.55000305175781,67.55000305175781,60.900001525878906,61.599998474121094,771,0.0,0.0
2024-08-05 00:00:00-04:00,59.849998474121094,61.95000076293945,57.400001525878906,61.599998474121094,789,0.0,0.0
2024-08-06 00:00:00-04:00,64.4000015258789,72.0999984741211,62.29999923706055,66.5,686,0.0,0.0
2024-08-07 00:00:00-04:00,71.75,71.75,61.25,63.70000076293945,703,0.0,0.0
2024-08-08 00:00:00-04:00,66.8499984741211,71.05000305175781,62.29999923706055,68.94999694824219,1369,0.0,0.0
2024-08-09 00:00:00-04:00,71.4000015258789,71.4000015258789,61.599998474121094,63.70000076293945,726,0.0,0.0
2024-08-12 00:00:00-04:00,66.8499984741211,66.8499984741211,57.400001525878906,58.45000076293945,603,0.0,0.0
2024-08-13 00:00:00-04:00,61.25,63.70000076293945,57.75,63.70000076293945,554,0.0,0.0
2024-08-14 00:00:00-04:00,49.0,54.599998474121094,42.0,44.45000076293945,7437,0.0,0.0
2024-08-15 00:00:00-04:00,44.79999923706055,49.349998474121094,42.0,44.79999923706055,2363,0.0,0.0
2024-08-16 00:00:00-04:00,46.900001525878906,46.900001525878906,31.5,35.0,11314,0.0,0.0
2024-08-19 00:00:00-04:00,38.150001525878906,38.150001525878906,31.850000381469727,32.54999923706055,4731,0.0,0.0
2024-08-20 00:00:00-04:00,34.29999923706055,34.29999923706055,31.149999618530273,33.599998474121094,1620,0.0,0.0
2024-08-21 00:00:00-04:00,33.599998474121094,33.599998474121094,32.20000076293945,32.54999923706055,1043,0.0,0.0
2024-08-22 00:00:00-04:00,33.25,33.599998474121094,31.5,31.850000381469727,1723,0.0,0.0
2024-08-23 00:00:00-04:00,33.95000076293945,33.95000076293945,31.149999618530273,31.850000381469727,474,0.0,0.0
2024-08-26 00:00:00-04:00,33.599998474121094,33.599998474121094,31.850000381469727,32.900001525878906,643,0.0,0.0
2024-08-27 00:00:00-04:00,31.850000381469727,37.099998474121094,31.850000381469727,36.75,1311,0.0,0.0
2024-08-28 00:00:00-04:00,36.400001525878906,39.20000076293945,35.349998474121094,38.150001525878906,1920,0.0,0.0
2024-08-29 00:00:00-04:00,40.25,40.25,37.099998474121094,37.45000076293945,669,0.0,0.0
2024-08-30 00:00:00-04:00,40.25,40.25,37.099998474121094,37.79999923706055,1254,0.0,0.0
2024-09-03 00:00:00-04:00,37.099998474121094,38.849998474121094,34.650001525878906,36.04999923706055,1969,0.0,0.0
2024-09-04 00:00:00-04:00,37.099998474121094,38.849998474121094,35.0,36.400001525878906,920,0.0,0.0
2024-09-05 00:00:00-04:00,37.099998474121094,40.25,35.349998474121094,40.25,871,0.0,0.0
2024-09-06 00:00:00-04:00,39.20000076293945,40.25,36.75,37.099998474121094,1169,0.0,0.0
2024-09-09 00:00:00-04:00,36.75,38.150001525878906,35.70000076293945,37.79999923706055,1131,0.0,0.0
2024-09-10 00:00:00-04:00,38.150001525878906,38.150001525878906,36.04999923706055,36.75,203,0.0,0.0
2024-09-11 00:00:00-04:00,36.04999923706055,36.75,35.349998474121094,35.70000076293945,929,0.0,0.0
2024-09-12 00:00:00-04:00,36.75,36.75,35.0,36.04999923706055,703,0.0,0.0
2024-09-13 00:00:00-04:00,37.45000076293945,40.25,36.400001525878906,37.45000076293945,469,0.0,0.0
2024-09-16 00:00:00-04:00,38.849998474121094,47.95000076293945,37.45000076293945,45.5,4291,0.0,0.0
2024-09-17 00:00:00-04:00,44.45000076293945,53.20000076293945,43.400001525878906,44.79999923706055,2817,0.0,0.0
2024-09-18 00:00:00-04:00,45.5,47.95000076293945,43.400001525878906,46.20000076293945,640,0.0,0.0
2024-09-19 00:00:00-04:00,44.099998474121094,47.599998474121094,44.099998474121094,44.099998474121094,263,0.0,0.0
2024-09-20 00:00:00-04:00,46.54999923706055,47.599998474121094,43.75,44.79999923706055,1094,0.0,0.0
2024-09-23 00:00:00-04:00,44.45000076293945,45.5,40.25,40.95000076293945,989,0.0,0.0
2024-09-24 00:00:00-04:00,41.29999923706055,43.75,40.25,42.0,1731,0.0,0.0
2024-09-25 00:00:00-04:00,40.95000076293945,42.70000076293945,39.20000076293945,41.29999923706055,566,0.0,0.0
2024-09-26 00:00:00-04:00,41.29999923706055,45.5,40.599998474121094,45.5,694,0.0,0.0
2024-09-27 00:00:00-04:00,45.150001525878906,45.5,44.45000076293945,45.150001525878906,271,0.0,0.0
2024-09-30 00:00:00-04:00,46.20000076293945,46.54999923706055,44.45000076293945,46.20000076293945,714,0.0,0.0
2024-10-01 00:00:00-04:00,45.150001525878906,46.20000076293945,43.400001525878906,43.400001525878906,506,0.0,0.0
2024-10-02 00:00:00-04:00,45.849998474121094,58.45000076293945,45.5,57.75,9380,0.0,0.0
2024-10-03 00:00:00-04:00,60.900001525878906,70.0,47.599998474121094,48.650001525878906,8003,0.0,0.0
2024-10-04 00:00:00-04:00,50.400001525878906,53.20000076293945,48.29999923706055,49.0,2243,0.0,0.0
2024-10-07 00:00:00-04:00,51.099998474121094,52.849998474121094,47.95000076293945,51.45000076293945,1217,0.0,0.0
2024-10-08 00:00:00-04:00,54.25,54.25,49.349998474121094,51.099998474121094,500,0.0,0.0
2024-10-09 00:00:00-04:00,50.04999923706055,51.45000076293945,46.20000076293945,46.900001525878906,1560,0.0,0.0
2024-10-10 00:00:00-04:00,53.54999923706055,62.29999923706055,49.0,60.54999923706055,7494,0.0,0.0
2024-10-11 00:00:00-04:00,61.25,62.650001525878906,58.099998474121094,60.900001525878906,2060,0.0,0.0
2024-10-14 00:00:00-04:00,61.25,68.25,59.849998474121094,65.0999984741211,2166,0.0,0.0
2024-10-15 00:00:00-04:00,64.75,72.44999694824219,62.29999923706055,68.94999694824219,3003,0.0,0.0
2024-10-16 00:00:00-04:00,71.75,82.25,68.94999694824219,77.0,5749,0.0,0.0
2024-10-17 00:00:00-04:00,76.30000305175781,79.44999694824219,66.8499984741211,68.5999984741211,3703,0.0,0.0
2024-10-18 00:00:00-04:00,68.94999694824219,77.0,68.25,77.0,1920,0.0,0.0
2024-10-21 00:00:00-04:00,77.69999694824219,80.5,73.8499984741211,76.6500015258789,1403,0.0,0.0
2024-10-22 00:00:00-04:00,77.3499984741211,78.05000305175781,69.6500015258789,72.0999984741211,1569,0.0,0.0
2024-10-23 00:00:00-04:00,71.05000305175781,74.55000305175781,66.8499984741211,67.9000015258789,963,0.0,0.0
2024-10-24 00:00:00-04:00,70.3499984741211,70.3499984741211,67.55000305175781,68.94999694824219,880,0.0,0.0
2024-10-25 00:00:00-04:00,67.9000015258789,71.4000015258789,67.9000015258789,68.5999984741211,569,0.0,0.0
2024-10-28 00:00:00-04:00,68.94999694824219,70.0,52.849998474121094,58.45000076293945,10389,0.0,0.0
2024-10-29 00:00:00-04:00,57.75,57.75,50.75,52.849998474121094,2629,0.0,0.0
2024-10-30 00:00:00-04:00,50.400001525878906,51.45000076293945,47.25,47.25,3046,0.0,0.0
2024-10-31 00:00:00-04:00,46.54999923706055,51.45000076293945,46.54999923706055,50.04999923706055,1189,0.0,0.0
2024-11-01 00:00:00-04:00,50.04999923706055,52.150001525878906,47.599998474121094,48.650001525878906,840,0.0,0.0
2024-11-04 00:00:00-05:00,48.650001525878906,51.79999923706055,48.29999923706055,48.29999923706055,1117,0.0,0.0
2024-11-05 00:00:00-05:00,50.04999923706055,51.79999923706055,47.95000076293945,51.099998474121094,1246,0.0,0.0
2024-11-06 00:00:00-05:00,53.20000076293945,58.45000076293945,51.45000076293945,54.95000076293945,2591,0.0,0.0
2024-11-07 00:00:00-05:00,57.04999923706055,58.099998474121094,54.95000076293945,56.70000076293945,1454,0.0,0.0
2024-11-08 00:00:00-05:00,57.75,58.79999923706055,51.099998474121094,55.650001525878906,2849,0.0,0.0
2024-11-11 00:00:00-05:00,57.400001525878906,70.3499984741211,55.29999923706055,69.30000305175781,7029,0.0,0.0
2024-11-12 00:00:00-05:00,67.55000305175781,68.5999984741211,62.650001525878906,65.0999984741211,2114,0.0,0.0
2024-11-13 00:00:00-05:00,66.8499984741211,68.5999984741211,59.849998474121094,61.599998474121094,2069,0.0,0.0
2024-11-14 00:00:00-05:00,64.4000015258789,64.4000015258789,58.45000076293945,59.5,1931,0.0,0.0
2024-11-15 00:00:00-05:00,50.400001525878906,52.849998474121094,36.75,43.400001525878906,10357,0.0,0.0
2024-11-18 00:00:00-05:00,44.099998474121094,47.599998474121094,42.0,44.79999923706055,3674,0.0,0.0
2024-11-19 00:00:00-05:00,44.45000076293945,46.54999923706055,42.0,43.75,1691,0.0,0.0
2024-11-20 00:00:00-05:00,43.04999923706055,45.150001525878906,41.650001525878906,42.349998474121094,1506,0.0,0.0
2024-11-21 00:00:00-05:00,45.150001525878906,45.150001525878906,36.400001525878906,37.45000076293945,3577,0.0,0.0
2024-11-22 00:00:00-05:00,38.5,42.349998474121094,38.5,42.349998474121094,1991,0.0,0.0
2024-11-25 00:00:00-05:00,45.150001525878906,67.19999694824219,45.150001525878906,58.45000076293945,22746,0.0,0.0
2024-11-26 00:00:00-05:00,63.70000076293945,69.6500015258789,57.400001525878906,65.44999694824219,12063,0.0,0.0
2024-11-27 00:00:00-05:00,64.05000305175781,67.9000015258789,61.25,64.75,4431,0.0,0.0
2024-11-29 00:00:00-05:00,63.0,65.44999694824219,53.54999923706055,60.54999923706055,2817,0.0,0.0
2024-12-02 00:00:00-05:00,60.54999923706055,62.650001525878906,54.25,54.95000076293945,2857,0.0,0.0
2024-12-03 00:00:00-05:00,54.599998474121094,57.400001525878906,52.5,53.900001525878906,2000,0.0,0.0
2024-12-04 00:00:00-05:00,56.0,57.75,45.150001525878906,47.25,8037,0.0,0.0
2024-12-05 00:00:00-05:00,50.400001525878906,56.349998474121094,46.900001525878906,53.54999923706055,8451,0.0,0.0
2024-12-06 00:00:00-05:00,53.900001525878906,53.900001525878906,49.349998474121094,51.099998474121094,1791,0.0,0.0
2024-12-09 00:00:00-05:00,53.54999923706055,56.70000076293945,50.400001525878906,51.79999923706055,2177,0.0,0.0
2024-12-10 00:00:00-05:00,53.54999923706055,57.400001525878906,50.75,56.349998474121094,3866,0.0,0.0
2024-12-11 00:00:00-05:00,57.400001525878906,57.400001525878906,51.45000076293945,55.29999923706055,4240,0.0,0.0
2024-12-12 00:00:00-05:00,55.29999923706055,56.0,51.45000076293945,51.79999923706055,1523,0.0,0.0
2024-12-13 00:00:00-05:00,51.79999923706055,51.79999923706055,47.95000076293945,49.0,2017,0.0,0.0
2024-12-16 00:00:00-05:00,48.29999923706055,54.25,48.29999923706055,53.20000076293945,2263,0.0,0.0
2024-12-17 00:00:00-05:00,53.900001525878906,56.70000076293945,52.5,55.29999923706055,3446,0.0,0.0
2024-12-18 00:00:00-05:00,59.5,59.5,49.0,49.0,2520,0.0,0.0
2024-12-19 00:00:00-05:00,49.70000076293945,49.70000076293945,43.75,45.849998474121094,4771,0.0,0.0
2024-12-20 00:00:00-05:00,45.5,47.25,42.349998474121094,43.75,3123,0.0,0.0
2024-12-23 00:00:00-05:00,43.75,47.25,43.04999923706055,43.400001525878906,2306,0.0,0.0
2024-12-24 00:00:00-05:00,44.79999923706055,47.95000076293945,43.75,47.599998474121094,1809,0.0,0.0
2024-12-26 00:00:00-05:00,46.54999923706055,51.099998474121094,45.849998474121094,50.400001525878906,2563,0.0,0.0
2024-12-27 00:00:00-05:00,51.099998474121094,51.099998474121094,46.900001525878906,48.29999923706055,1994,0.0,0.0
2024-12-30 00:00:00-05:00,48.29999923706055,50.75,45.849998474121094,46.900001525878906,2369,0.0,0.0
2024-12-31 00:00:00-05:00,45.5,48.29999923706055,45.150001525878906,45.5,2646,0.0,0.0
2025-01-02 00:00:00-05:00,48.29999923706055,48.29999923706055,45.5,46.20000076293945,1203,0.0,0.0
2025-01-03 00:00:00-05:00,46.20000076293945,53.20000076293945,46.20000076293945,51.79999923706055,4451,0.0,0.0
2025-01-06 00:00:00-05:00,54.25,61.25,51.099998474121094,60.54999923706055,5020,0.0,0.0
2025-01-07 00:00:00-05:00,63.0,66.5,53.20000076293945,54.25,6771,0.0,0.0
2025-01-08 00:00:00-05:00,53.20000076293945,54.25,49.349998474121094,49.70000076293945,2171,0.0,0.0
2025-01-10 00:00:00-05:00,49.70000076293945,52.5,45.849998474121094,46.900001525878906,2463,0.0,0.0
2025-01-13 00:00:00-05:00,47.25,47.95000076293945,45.5,46.54999923706055,1194,0.0,0.0
2025-01-14 00:00:00-05:00,47.25,49.0,46.20000076293945,48.650001525878906,634,0.0,0.0
2025-01-15 00:00:00-05:00,49.0,50.400001525878906,44.79999923706055,45.849998474121094,6194,0.0,0.0
2025-01-16 00:00:00-05:00,45.849998474121094,46.900001525878906,44.79999923706055,45.5,1166,0.0,0.0
2025-01-17 00:00:00-05:00,47.25,49.70000076293945,44.79999923706055,49.0,2280,0.0,0.0
2025-01-21 00:00:00-05:00,50.75,54.95000076293945,48.29999923706055,54.599998474121094,3366,0.0,0.0
2025-01-22 00:00:00-05:00,54.599998474121094,62.29999923706055,54.599998474121094,55.29999923706055,5949,0.0,0.0
2025-01-23 00:00:00-05:00,59.5,59.849998474121094,47.599998474121094,51.099998474121094,5766,0.0,0.0
2025-01-24 00:00:00-05:00,54.599998474121094,54.599998474121094,49.349998474121094,50.75,5146,0.0,0.0
2025-01-27 00:00:00-05:00,49.349998474121094,51.79999923706055,45.150001525878906,45.150001525878906,5234,0.0,0.0
2025-01-28 00:00:00-05:00,49.349998474121094,49.349998474121094,43.400001525878906,44.099998474121094,4680,0.0,0.0
2025-01-29 00:00:00-05:00,45.5,45.5,40.95000076293945,41.650001525878906,3311,0.0,0.0
2025-01-30 00:00:00-05:00,42.70000076293945,43.75,40.599998474121094,42.349998474121094,2417,0.0,0.0
2025-01-31 00:00:00-05:00,42.0,43.75,42.0,43.400001525878906,1317,0.0,0.0
2025-02-03 00:00:00-05:00,42.0,43.04999923706055,40.25,42.0,3066,0.0,0.0
2025-02-04 00:00:00-05:00,42.349998474121094,42.349998474121094,40.25,40.95000076293945,1797,0.0,0.0
2025-02-05 00:00:00-05:00,40.599998474121094,40.95000076293945,39.54999923706055,40.25,1200,0.0,0.0
2025-02-06 00:00:00-05:00,40.95000076293945,42.0,39.900001525878906,42.0,1406,0.0,0.0
2025-02-07 00:00:00-05:00,42.349998474121094,43.400001525878906,41.29999923706055,42.70000076293945,1186,0.0,0.0
2025-02-10 00:00:00-05:00,43.04999923706055,46.54999923706055,41.650001525878906,42.349998474121094,3506,0.0,0.0
2025-02-11 00:00:00-05:00,43.04999923706055,43.400001525878906,40.25,41.29999923706055,1943,0.0,0.0
2025-02-12 00:00:00-05:00,42.0,42.70000076293945,39.900001525878906,41.650001525878906,780,0.0,0.0
2025-02-13 00:00:00-05:00,43.75,44.099998474121094,40.599998474121094,43.400001525878906,1391,0.0,0.0
2025-02-14 00:00:00-05:00,44.45000076293945,44.45000076293945,42.0,44.099998474121094,2446,0.0,0.0
2025-02-18 00:00:00-05:00,42.349998474121094,42.70000076293945,36.75,37.45000076293945,6209,0.0,0.0
2025-02-19 00:00:00-05:00,38.150001525878906,39.20000076293945,36.75,36.75,1131,0.0,0.0
2025-02-20 00:00:00-05:00,38.150001525878906,38.150001525878906,33.599998474121094,35.349998474121094,2646,0.0,0.0
2025-02-21 00:00:00-05:00,35.349998474121094,36.04999923706055,33.599998474121094,34.650001525878906,1929,0.0,0.0
2025-02-24 00:00:00-05:00,34.650001525878906,34.650001525878906,29.75,29.75,5634,0.0,0.0
2025-02-25 00:00:00-05:00,29.399999618530273,30.100000381469727,24.149999618530273,29.049999237060547,7157,0.0,0.0
2025-02-26 00:00:00-05:00,28.700000762939453,37.45000076293945,28.700000762939453,32.54999923706055,5180,0.0,0.0
2025-02-27 00:00:00-05:00,35.70000076293945,35.70000076293945,29.399999618530273,31.5,1751,0.0,0.0
2025-02-28 00:00:00-05:00,32.20000076293945,32.900001525878906,30.799999237060547,32.20000076293945,2986,0.0,0.0
2025-03-03 00:00:00-05:00,33.599998474121094,33.599998474121094,28.350000381469727,28.350000381469727,3403,0.0,0.0
2025-03-04 00:00:00-05:00,28.0,31.5,27.649999618530273,29.049999237060547,1157,0.0,0.0
2025-03-05 00:00:00-05:00,31.149999618530273,31.5,28.350000381469727,29.399999618530273,440,0.0,0.0
2025-03-06 00:00:00-05:00,28.350000381469727,29.399999618530273,27.649999618530273,28.700000762939453,303,0.0,0.0
2025-03-07 00:00:00-05:00,28.350000381469727,31.149999618530273,26.600000381469727,30.450000762939453,1034,0.0,0.0
2025-03-10 00:00:00-04:00,30.450000762939453,31.149999618530273,28.350000381469727,29.049999237060547,1611,0.0,0.0
2025-03-11 00:00:00-04:00,28.700000762939453,30.799999237060547,28.350000381469727,30.799999237060547,209,0.0,0.0
2025-03-12 00:00:00-04:00,30.450000762939453,33.95000076293945,29.049999237060547,33.95000076293945,1346,0.0,0.0
2025-03-13 00:00:00-04:00,34.29999923706055,34.29999923706055,31.149999618530273,32.900001525878906,434,0.0,0.0
2025-03-14 00:00:00-04:00,34.650001525878906,34.650001525878906,31.5,33.599998474121094,686,0.0,0.0
2025-03-17 00:00:00-04:00,32.54999923706055,34.29999923706055,31.850000381469727,34.29999923706055,560,0.0,0.0
2025-03-18 00:00:00-04:00,34.29999923706055,34.29999923706055,32.900001525878906,34.29999923706055,231,0.0,0.0
2025-03-19 00:00:00-04:00,34.29999923706055,35.349998474121094,32.54999923706055,34.29999923706055,997,0.0,0.0
2025-03-20 00:00:00-04:00,35.0,43.75,34.650001525878906,40.25,5989,0.0,0.0
2025-03-21 00:00:00-04:00,40.25,40.599998474121094,38.150001525878906,40.599998474121094,600,0.0,0.0
2025-03-24 00:00:00-04:00,38.150001525878906,40.599998474121094,38.150001525878906,38.5,720,0.0,0.0
2025-03-25 00:00:00-04:00,39.900001525878906,39.900001525878906,37.099998474121094,38.150001525878906,523,0.0,0.0
2025-03-26 00:00:00-04:00,39.900001525878906,41.29999923706055,37.099998474121094,37.45000076293945,374,0.0,0.0
2025-03-27 00:00:00-04:00,37.45000076293945,39.900001525878906,37.45000076293945,37.45000076293945,483,0.0,0.0
2025-03-28 00:00:00-04:00,37.45000076293945,39.54999923706055,36.75,37.099998474121094,594,0.0,0.0
2025-03-31 00:00:00-04:00,35.349998474121094,37.79999923706055,34.29999923706055,34.650001525878906,2583,0.0,0.0
2025-04-01 00:00:00-04:00,35.70000076293945,36.400001525878906,25.549999237060547,31.5,4471,0.0,0.0
2025-04-02 00:00:00-04:00,36.04999923706055,36.04999923706055,31.850000381469727,33.25,971,0.0,0.0
2025-04-03 00:00:00-04:00,33.25,33.25,29.75,30.450000762939453,280,0.0,0.0
2025-04-04 00:00:00-04:00,30.100000381469727,31.850000381469727,28.350000381469727,29.75,920,0.0,0.0
2025-04-07 00:00:00-04:00,26.25,31.149999618530273,26.25,26.25,2520,0.0,0.0
2025-04-08 00:00:00-04:00,29.75,29.75,25.549999237060547,27.649999618530273,1211,0.0,0.0
2025-04-09 00:00:00-04:00,27.649999618530273,29.399999618530273,25.899999618530273,29.399999618530273,1571,0.0,0.0
2025-04-10 00:00:00-04:00,29.399999618530273,31.149999618530273,26.25,30.799999237060547,1611,0.0,0.0
2025-04-11 00:00:00-04:00,30.450000762939453,33.25,29.75,33.25,917,0.0,0.0
2025-04-14 00:00:00-04:00,35.349998474121094,36.400001525878906,33.25,35.70000076293945,477,0.0,0.0
2025-04-15 00:00:00-04:00,36.400001525878906,36.400001525878906,32.900001525878906,34.29999923706055,214,0.0,0.0
2025-04-16 00:00:00-04:00,35.349998474121094,36.400001525878906,34.29999923706055,34.29999923706055,494,0.0,0.0
2025-04-17 00:00:00-04:00,35.0,35.70000076293945,32.900001525878906,34.650001525878906,400,0.0,0.0
2025-04-21 00:00:00-04:00,36.04999923706055,36.400001525878906,32.900001525878906,34.650001525878906,906,0.0,0.0
2025-04-22 00:00:00-04:00,34.650001525878906,36.400001525878906,32.900001525878906,32.900001525878906,306,0.0,0.0
2025-04-23 00:00:00-04:00,32.900001525878906,34.29999923706055,32.900001525878906,32.900001525878906,1283,0.0,0.0
2025-04-24 00:00:00-04:00,32.54999923706055,34.650001525878906,30.450000762939453,34.29999923706055,2683,0.0,0.0
2025-04-25 00:00:00-04:00,31.850000381469727,36.04999923706055,31.850000381469727,36.04999923706055,1349,0.0,0.0
2025-04-28 00:00:00-04:00,35.349998474121094,36.04999923706055,33.599998474121094,35.70000076293945,360,0.0,0.0
2025-04-29 00:00:00-04:00,35.0,36.04999923706055,35.0,35.70000076293945,583,0.0,0.0
2025-04-30 00:00:00-04:00,34.650001525878906,36.04999923706055,33.95000076293945,34.650001525878906,291,0.0,0.0
2025-05-01 00:00:00-04:00,36.400001525878906,36.400001525878906,33.599998474121094,33.95000076293945,374,0.0,0.0
2025-05-02 00:00:00-04:00,33.25,34.29999923706055,31.850000381469727,33.599998474121094,623,0.0,0.0
2025-05-05 00:00:00-04:00,31.850000381469727,33.599998474121094,31.5,33.599998474121094,449,0.0,0.0
2025-05-06 00:00:00-04:00,33.95000076293945,33.95000076293945,31.5,31.5,734,0.0,0.0
2025-05-07 00:00:00-04:00,31.850000381469727,31.850000381469727,30.799999237060547,31.149999618530273,706,0.0,0.0
2025-05-08 00:00:00-04:00,31.850000381469727,31.850000381469727,30.100000381469727,30.100000381469727,526,0.0,0.0
2025-05-09 00:00:00-04:00,29.399999618530273,30.799999237060547,28.350000381469727,28.700000762939453,720,0.0,0.0
2025-05-12 00:00:00-04:00,30.100000381469727,31.5,29.399999618530273,30.450000762939453,2106,0.0,0.0
2025-05-13 00:00:00-04:00,31.149999618530273,32.20000076293945,29.399999618530273,31.5,1103,0.0,0.0
2025-05-14 00:00:00-04:00,31.149999618530273,31.149999618530273,29.049999237060547,30.450000762939453,817,0.0,0.0
2025-05-15 00:00:00-04:00,28.0,29.75,24.5,24.5,4426,0.0,0.0
2025-05-16 00:00:00-04:00,24.5,26.600000381469727,23.799999237060547,24.149999618530273,2043,0.0,0.0
2025-05-19 00:00:00-04:00,26.950000762939453,26.950000762939453,21.350000381469727,22.75,2151,0.0,0.0
2025-05-20 00:00:00-04:00,23.799999237060547,24.5,21.0,21.0,4760,0.0,0.0
2025-05-21 00:00:00-04:00,22.049999237060547,26.25,21.700000762939453,23.799999237060547,5960,0.0,0.0
2025-05-22 00:00:00-04:00,21.700000762939453,23.799999237060547,20.649999618530273,22.75,61571,0.0,0.0
2025-05-23 00:00:00-04:00,21.0,22.049999237060547,18.899999618530273,21.350000381469727,8854,0.0,0.0
2025-05-27 00:00:00-04:00,21.350000381469727,22.399999618530273,21.0,22.399999618530273,4586,0.0,0.0
2025-05-28 00:00:00-04:00,22.75,22.75,21.0,22.049999237060547,2146,0.0,0.0
2025-05-29 00:00:00-04:00,22.049999237060547,23.100000381469727,20.649999618530273,21.0,4991,0.0,0.0
2025-05-30 00:00:00-04:00,21.700000762939453,21.700000762939453,18.200000762939453,20.299999237060547,14509,0.0,0.0
2025-06-02 00:00:00-04:00,23.100000381469727,81.55000305175781,18.549999237060547,21.0,5560643,0.0,0.0
2025-06-03 00:00:00-04:00,19.950000762939453,20.299999237060547,15.050000190734863,15.75,217031,0.0,0.0
2025-06-04 00:00:00-04:00,15.75,15.75,12.600000381469727,13.300000190734863,140043,0.0,0.0
2025-06-05 00:00:00-04:00,21.700000762939453,42.0,20.649999618530273,31.5,13246014,0.0,0.0
2025-06-06 00:00:00-04:00,29.75,32.20000076293945,25.200000762939453,26.600000381469727,252037,0.0,0.0
2025-06-09 00:00:00-04:00,26.25,27.299999237060547,21.700000762939453,23.450000762939453,88623,0.0,0.0
2025-06-10 00:00:00-04:00,23.450000762939453,23.799999237060547,21.0,22.399999618530273,61351,0.0,0.0
2025-06-11 00:00:00-04:00,21.700000762939453,25.549999237060547,21.350000381469727,24.149999618530273,30469,0.0,0.0
2025-06-12 00:00:00-04:00,23.799999237060547,26.25,23.100000381469727,25.899999618530273,33791,0.0,0.0
2025-06-13 00:00:00-04:00,24.5,26.950000762939453,23.100000381469727,23.799999237060547,28200,0.0,0.0
2025-06-16 00:00:00-04:00,23.450000762939453,25.899999618530273,23.450000762939453,24.5,21486,0.0,0.0
2025-06-17 00:00:00-04:00,24.149999618530273,25.899999618530273,23.799999237060547,24.149999618530273,19686,0.0,0.0
2025-06-18 00:00:00-04:00,24.5,26.25,24.149999618530273,25.549999237060547,20960,0.0,0.0
2025-06-20 00:00:00-04:00,25.549999237060547,28.700000762939453,25.549999237060547,27.649999618530273,16791,0.0,0.0
2025-06-23 00:00:00-04:00,26.950000762939453,28.700000762939453,26.600000381469727,27.299999237060547,12746,0.0,0.0
2025-06-24 00:00:00-04:00,30.450000762939453,30.799999237060547,27.649999618530273,30.100000381469727,17389,0.0,0.0
2025-06-25 00:00:00-04:00,29.049999237060547,31.850000381469727,28.0,29.049999237060547,14797,0.0,0.0
2025-06-26 00:00:00-04:00,29.049999237060547,29.399999618530273,26.600000381469727,27.299999237060547,11677,0.0,0.0
2025-06-27 00:00:00-04:00,27.299999237060547,30.799999237060547,27.299999237060547,28.700000762939453,10306,0.0,0.0
2025-06-30 00:00:00-04:00,28.700000762939453,32.20000076293945,28.700000762939453,29.75,15731,0.0,0.0
2025-07-01 00:00:00-04:00,31.149999618530273,32.20000076293945,30.100000381469727,31.5,10466,0.0,0.0
2025-07-02 00:00:00-04:00,31.149999618530273,34.29999923706055,25.549999237060547,26.25,45926,0.0,0.0
2025-07-03 00:00:00-04:00,26.25,26.950000762939453,22.399999618530273,22.75,48286,0.0,0.0
2025-07-07 00:00:00-04:00,24.5,24.850000381469727,21.0,21.350000381469727,44869,0.0,0.0
2025-07-08 00:00:00-04:00,22.399999618530273,24.5,21.700000762939453,23.450000762939453,19800,0.0,0.0
2025-07-09 00:00:00-04:00,23.450000762939453,26.25,23.450000762939453,26.25,19974,0.0,0.0
2025-07-10 00:00:00-04:00,25.200000762939453,25.899999618530273,23.450000762939453,24.850000381469727,14923,0.0,0.0
2025-07-11 00:00:00-04:00,24.149999618530273,24.149999618530273,21.350000381469727,23.100000381469727,27969,0.0,0.0
2025-07-14 00:00:00-04:00,22.399999618530273,24.149999618530273,22.399999618530273,22.75,8777,0.0,0.0
2025-07-15 00:00:00-04:00,12.600000381469727,13.300000190734863,11.199999809265137,11.899999618530273,322140,0.0,0.0
2025-07-16 00:00:00-04:00,12.25,12.600000381469727,11.199999809265137,11.550000190734863,80863,0.0,0.0
2025-07-17 00:00:00-04:00,11.899999618530273,12.25,10.5,10.850000381469727,98129,0.0,0.0
2025-07-18 00:00:00-04:00,11.550000190734863,11.899999618530273,11.199999809265137,11.550000190734863,79346,0.0,0.0
2025-07-21 00:00:00-04:00,11.550000190734863,12.25,10.850000381469727,10.850000381469727,128186,0.0,0.0
2025-07-22 00:00:00-04:00,11.199999809265137,11.199999809265137,10.149999618530273,10.850000381469727,111066,0.0,0.0
2025-07-23 00:00:00-04:00,11.199999809265137,11.199999809265137,10.850000381469727,11.199999809265137,68034,0.0,0.0
2025-07-24 00:00:00-04:00,10.850000381469727,11.550000190734863,10.850000381469727,11.550000190734863,42154,0.0,0.0
2025-07-25 00:00:00-04:00,11.199999809265137,11.199999809265137,10.850000381469727,10.850000381469727,38549,0.0,0.0
2025-07-28 00:00:00-04:00,11.199999809265137,11.199999809265137,10.850000381469727,11.199999809265137,28166,0.0,0.0
2025-07-29 00:00:00-04:00,11.199999809265137,11.199999809265137,10.149999618530273,10.5,39437,0.0,0.0
2025-07-30 00:00:00-04:00,10.850000381469727,10.850000381469727,10.149999618530273,10.149999618530273,18557,0.0,0.0
2025-07-31 00:00:00-04:00,10.149999618530273,10.149999618530273,8.75,9.100000381469727,50066,0.0,0.0
2025-08-01 00:00:00-04:00,9.100000381469727,9.449999809265137,8.75,9.100000381469727,23649,0.0,0.0
2025-08-04 00:00:00-04:00,9.449999809265137,9.800000190734863,9.449999809265137,9.800000190734863,16291,0.0,0.0
2025-08-05 00:00:00-04:00,9.449999809265137,9.800000190734863,9.449999809265137,9.449999809265137,9069,0.0,0.0
2025-08-06 00:00:00-04:00,9.449999809265137,11.899999618530273,9.449999809265137,10.5,407620,0.0,0.0
2025-08-07 00:00:00-04:00,10.5,11.199999809265137,10.149999618530273,10.5,68163,0.0,0.0
2025-08-08 00:00:00-04:00,10.5,11.550000190734863,10.149999618530273,10.850000381469727,185851,0.0,0.0
2025-08-11 00:00:00-04:00,11.199999809265137,11.550000190734863,10.5,11.199999809265137,158206,0.0,0.0
2025-08-12 00:00:00-04:00,11.199999809265137,11.199999809265137,10.149999618530273,10.5,53371,0.0,0.0
2025-08-13 00:00:00-04:00,10.149999618530273,11.899999618530273,10.149999618530273,11.199999809265137,131357,0.0,0.0
2025-08-14 00:00:00-04:00,10.850000381469727,11.199999809265137,10.5,10.5,39697,0.0,0.0
2025-08-15 00:00:00-04:00,9.449999809265137,10.5,9.449999809265137,10.149999618530273,304651,0.0,0.0
2025-08-18 00:00:00-04:00,11.199999809265137,12.25,10.149999618530273,11.199999809265137,2208783,0.0,0.0
2025-08-19 00:00:00-04:00,10.5,10.850000381469727,9.800000190734863,10.5,126640,0.0,0.0
2025-08-20 00:00:00-04:00,10.149999618530273,11.199999809265137,9.800000190734863,10.5,56991,0.0,0.0
2025-08-21 00:00:00-04:00,10.149999618530273,11.199999809265137,10.149999618530273,10.850000381469727,74251,0.0,0.0
2025-08-22 00:00:00-04:00,10.5,11.550000190734863,10.5,10.850000381469727,43903,0.0,0.0
2025-08-25 00:00:00-04:00,11.199999809265137,11.550000190734863,10.850000381469727,11.199999809265137,30217,0.0,0.0
2025-08-26 00:00:00-04:00,11.199999809265137,11.199999809265137,10.850000381469727,11.199999809265137,19909,0.0,0.0
2025-08-27 00:00:00-04:00,10.850000381469727,11.199999809265137,10.850000381469727,11.199999809265137,18251,0.0,0.0
2025-08-28 00:00:00-04:00,11.199999809265137,11.199999809265137,10.850000381469727,10.850000381469727,24437,0.0,0.0
2025-08-29 00:00:00-04:00,10.850000381469727,10.850000381469727,10.149999618530273,10.5,20774,0.0,0.0
2025-09-02 00:00:00-04:00,10.5,10.850000381469727,10.149999618530273,10.850000381469727,22894,0.0,0.0
2025-09-03 00:00:00-04:00,10.5,10.850000381469727,10.149999618530273,10.149999618530273,18989,0.0,0.0
2025-09-04 00:00:00-04:00,10.149999618530273,10.5,9.800000190734863,10.149999618530273,17460,0.0,0.0
2025-09-05 00:00:00-04:00,9.800000190734863,9.800000190734863,9.449999809265137,9.800000190734863,23126,0.0,0.0
2025-09-08 00:00:00-04:00,9.800000190734863,10.850000381469727,9.800000190734863,10.5,66517,0.0,0.0
2025-09-09 00:00:00-04:00,9.800000190734863,10.149999618530273,9.800000190734863,9.800000190734863,20849,0.0,0.0
2025-09-10 00:00:00-04:00,9.800000190734863,10.5,9.800000190734863,10.149999618530273,40620,0.0,0.0
2025-09-11 00:00:00-04:00,10.149999618530273,10.5,10.149999618530273,10.5,14543,0.0,0.0
2025-09-12 00:00:00-04:00,10.850000381469727,10.850000381469727,10.149999618530273,10.5,31223,0.0,0.0
2025-09-15 00:00:00-04:00,10.5,10.5,9.449999809265137,9.800000190734863,52129,0.0,0.0
2025-09-16 00:00:00-04:00,9.800000190734863,9.800000190734863,9.800000190734863,9.800000190734863,12203,0.0,0.0
2025-09-17 00:00:00-04:00,10.149999618530273,10.149999618530273,9.800000190734863,9.800000190734863,27423,0.0,0.0
2025-09-18 00:00:00-04:00,10.149999618530273,10.149999618530273,9.449999809265137,9.800000190734863,21494,0.0,0.0
2025-09-19 00:00:00-04:00,9.800000190734863,11.550000190734863,9.449999809265137,10.5,204117,0.0,0.0
2025-09-22 00:00:00-04:00,10.5,10.850000381469727,10.149999618530273,10.149999618530273,51911,0.0,0.0
2025-09-23 00:00:00-04:00,10.5,11.199999809265137,10.5,10.850000381469727,64840,0.0,0.0
2025-09-24 00:00:00-04:00,10.850000381469727,11.199999809265137,9.800000190734863,10.149999618530273,69786,0.0,0.0
2025-09-25 00:00:00-04:00,9.800000190734863,10.5,9.800000190734863,10.149999618530273,87774,0.0,0.0
2025-09-26 00:00:00-04:00,10.149999618530273,10.850000381469727,10.149999618530273,10.5,47814,0.0,0.0
2025-09-29 00:00:00-04:00,10.5,10.850000381469727,10.5,10.5,21531,0.0,0.0
2025-09-30 00:00:00-04:00,10.5,10.5,10.149999618530273,10.5,1625757,0.0,0.0
2025-10-01 00:00:00-04:00,17.5,20.299999237060547,15.399999618530273,17.850000381469727,7818066,0.0,0.0
2025-10-02 00:00:00-04:00,16.100000381469727,16.450000762939453,13.649999618530273,14.0,505429,0.0,0.0
2025-10-03 00:00:00-04:00,16.450000762939453,16.450000762939453,14.699999809265137,15.399999618530273,515763,0.0,0.0
2025-10-06 00:00:00-04:00,15.399999618530273,15.399999618530273,13.300000190734863,14.350000381469727,200371,0.0,0.0
2025-10-07 00:00:00-04:00,14.0,14.699999809265137,13.300000190734863,13.300000190734863,545303,0.0,0.0
2025-10-08 00:00:00-04:00,13.649999618530273,14.699999809265137,12.949999809265137,13.300000190734863,154329,0.0,0.0
2025-10-09 00:00:00-04:00,13.649999618530273,14.350000381469727,12.949999809265137,14.0,92369,0.0,0.0
2025-10-10 00:00:00-04:00,13.649999618530273,13.649999618530273,12.25,12.25,89809,0.0,0.0
2025-10-13 00:00:00-04:00,12.25,12.600000381469727,11.550000190734863,11.899999618530273,64500,0.0,0.0
2025-10-14 00:00:00-04:00,11.550000190734863,12.600000381469727,10.850000381469727,11.899999618530273,49494,0.0,0.0
2025-10-15 00:00:00-04:00,11.899999618530273,13.649999618530273,11.899999618530273,12.949999809265137,116543,0.0,0.0
2025-10-16 00:00:00-04:00,12.949999809265137,13.300000190734863,11.899999618530273,12.25,41709,0.0,0.0
2025-10-17 00:00:00-04:00,11.899999618530273,11.899999618530273,11.199999809265137,11.199999809265137,37409,0.0,0.0
2025-10-20 00:00:00-04:00,11.550000190734863,12.25,11.199999809265137,11.199999809265137,41249,0.0,0.0
2025-10-21 00:00:00-04:00,11.199999809265137,11.550000190734863,10.5,11.199999809265137,41363,0.0,0.0
2025-10-22 00:00:00-04:00,11.199999809265137,11.550000190734863,10.5,10.5,65746,0.0,0.0
2025-10-23 00:00:00-04:00,10.5,11.199999809265137,10.5,10.850000381469727,27963,0.0,0.0
2025-10-24 00:00:00-04:00,10.850000381469727,13.300000190734863,10.850000381469727,12.949999809265137,126837,0.0,0.0
2025-10-27 00:00:00-04:00,13.649999618530273,14.699999809265137,12.600000381469727,14.350000381469727,196686,0.0,0.0
2025-10-28 00:00:00-04:00,15.050000190734863,20.299999237060547,11.899999618530273,12.600000381469727,2432426,0.0,0.0
2025-10-29 00:00:00-04:00,11.550000190734863,13.300000190734863,10.850000381469727,12.25,149031,0.0,0.0
2025-10-30 00:00:00-04:00,11.899999618530273,12.949999809265137,11.899999618530273,12.25,80474,0.0,0.0
2025-10-31 00:00:00-04:00,12.25,12.949999809265137,11.899999618530273,12.949999809265137,40569,0.0,0.0
2025-11-03 00:00:00-05:00,10.850000381469727,12.949999809265137,10.850000381469727,12.25,42686,0.0,0.0
2025-11-04 00:00:00-05:00,11.899999618530273,12.25,11.199999809265137,11.550000190734863,22171,0.0,0.0
2025-11-05 00:00:00-05:00,11.199999809265137,11.199999809265137,9.449999809265137,10.149999618530273,121463,0.0,0.0
2025-11-06 00:00:00-05:00,10.149999618530273,11.199999809265137,10.149999618530273,10.149999618530273,66757,0.0,0.0
2025-11-07 00:00:00-05:00,10.5,10.5,9.800000190734863,10.5,75251,0.0,0.0
2025-11-10 00:00:00-05:00,10.5,10.5,9.800000190734863,10.5,32091,0.0,0.0
2025-11-11 00:00:00-05:00,10.5,10.5,9.800000190734863,9.800000190734863,25209,0.0,0.0
2025-11-12 00:00:00-05:00,10.149999618530273,14.350000381469727,9.800000190734863,11.550000190734863,1953060,0.0,0.0
2025-11-13 00:00:00-05:00,11.899999618530273,12.25,10.5,11.550000190734863,345471,0.0,0.0
2025-11-14 00:00:00-05:00,10.5,10.850000381469727,9.800000190734863,10.149999618530273,167737,0.0,0.0
2025-11-17 00:00:00-05:00,9.800000190734863,12.949999809265137,9.800000190734863,11.899999618530273,456423,0.0,0.0
2025-11-18 00:00:00-05:00,11.899999618530273,11.899999618530273,10.850000381469727,11.199999809265137,113323,0.0,0.0
2025-11-19 00:00:00-05:00,11.550000190734863,11.550000190734863,10.5,11.550000190734863,99409,0.0,0.0
2025-11-20 00:00:00-05:00,11.550000190734863,12.600000381469727,9.800000190734863,10.149999618530273,242191,0.0,0.0
2025-11-21 00:00:00-05:00,10.149999618530273,10.5,9.100000381469727,9.449999809265137,130983,0.0,0.0
2025-11-24 00:00:00-05:00,10.149999618530273,10.5,9.449999809265137,9.800000190734863,61363,0.0,0.0
2025-11-25 00:00:00-05:00,9.800000190734863,10.5,9.800000190734863,10.5,49580,0.0,0.0
2025-11-26 00:00:00-05:00,10.149999618530273,11.899999618530273,10.149999618530273,11.550000190734863,76146,0.0,0.0
2025-11-28 00:00:00-05:00,11.899999618530273,13.300000190734863,11.899999618530273,12.949999809265137,196240,0.0,0.0
2025-12-01 00:00:00-05:00,12.25,12.600000381469727,11.199999809265137,11.550000190734863,89837,0.0,0.0
2025-12-02 00:00:00-05:00,11.550000190734863,12.949999809265137,11.550000190734863,11.899999618530273,103926,0.0,0.0
2025-12-03 00:00:00-05:00,11.899999618530273,12.25,11.899999618530273,12.25,35720,0.0,0.0
2025-12-04 00:00:00-05:00,12.25,12.25,11.550000190734863,11.899999618530273,32966,0.0,0.0
2025-12-05 00:00:00-05:00,11.550000190734863,11.899999618530273,10.850000381469727,11.199999809265137,56189,0.0,0.0
2025-12-08 00:00:00-05:00,11.199999809265137,11.550000190734863,10.850000381469727,10.850000381469727,17949,0.0,0.0
2025-12-09 00:00:00-05:00,10.850000381469727,11.550000190734863,10.850000381469727,11.199999809265137,13294,0.0,0.0
2025-12-10 00:00:00-05:00,11.199999809265137,12.25,11.199999809265137,12.25,33697,0.0,0.0
2025-12-11 00:00:00-05:00,11.550000190734863,12.25,11.550000190734863,11.550000190734863,20840,0.0,0.0
2025-12-12 00:00:00-05:00,11.550000190734863,11.899999618530273,10.850000381469727,11.199999809265137,15131,0.0,0.0
2025-12-15 00:00:00-05:00,11.550000190734863,11.550000190734863,10.149999618530273,10.149999618530273,42660,0.0,0.0
2025-12-16 00:00:00-05:00,10.149999618530273,10.5,9.800000190734863,9.800000190734863,15040,0.0,0.0
2025-12-17 00:00:00-05:00,9.449999809265137,10.5,9.449999809265137,9.449999809265137,66986,0.0,0.0
2025-12-18 00:00:00-05:00,8.050000190734863,8.75,7.0,8.399999618530273,123437,0.0,0.0
2025-12-19 00:00:00-05:00,8.050000190734863,8.050000190734863,7.0,7.349999904632568,23046,0.0,0.0
2025-12-22 00:00:00-05:00,7.349999904632568,8.050000190734863,7.349999904632568,7.699999809265137,25666,0.0,0.0
2025-12-23 00:00:00-05:00,7.349999904632568,7.699999809265137,7.0,7.0,23611,0.0,0.0
2025-12-24 00:00:00-05:00,7.349999904632568,7.349999904632568,5.949999809265137,6.300000190734863,95440,0.0,0.0
2025-12-26 00:00:00-05:00,6.300000190734863,6.650000095367432,5.599999904632568,5.949999809265137,29769,0.0,0.0
2025-12-29 00:00:00-05:00,5.949999809265137,5.949999809265137,5.25,5.599999904632568,54300,0.0,0.0
2025-12-30 00:00:00-05:00,4.900000095367432,6.300000190734863,4.900000095367432,6.300000190734863,100989,0.0,0.0
2025-12-31 00:00:00-05:00,5.949999809265137,5.949999809265137,5.599999904632568,5.599999904632568,25491,0.0,0.0
2026-01-02 00:00:00-05:00,5.599999904632568,6.099999904632568,5.090000152587891,5.730000019073486,220200,0.0,0.02857142857142857
2026-01-05 00:00:00-05:00,5.550000190734863,5.840000152587891,4.840000152587891,4.920000076293945,148900,0.0,0.0
2026-01-06 00:00:00-05:00,4.900000095367432,5.360000133514404,4.5,5.21999979019165,79000,0.0,0.0
2026-01-07 00:00:00-05:00,5.110000133514404,5.769999980926514,4.940000057220459,5.53000020980835,105200,0.0,0.0
2026-01-08 00:00:00-05:00,5.420000076293945,5.809999942779541,5.409999847412109,5.5,59200,0.0,0.0
2026-01-09 00:00:00-05:00,5.449999809265137,5.570000171661377,5.400000095367432,5.46999979019165,72000,0.0,0.0
2026-01-12 00:00:00-05:00,5.389999866485596,5.420000076293945,5.119999885559082,5.230000019073486,30300,0.0,0.0
2026-01-13 00:00:00-05:00,5.230000019073486,7.739999771118164,5.070000171661377,5.179999828338623,1872900,0.0,0.0
2026-01-14 00:00:00-05:00,5.099999904632568,5.489999771118164,4.849999904632568,5.010000228881836,134700,0.0,0.0
2026-01-15 00:00:00-05:00,4.980000019073486,5.590000152587891,4.710000038146973,5.389999866485596,294900,0.0,0.0
2026-01-16 00:00:00-05:00,5.409999847412109,5.449999809265137,4.820000171661377,5.070000171661377,74900,0.0,0.0
2026-01-20 00:00:00-05:00,4.980000019073486,5.289999961853027,4.75,5.139999866485596,55700,0.0,0.0
2026-01-21 00:00:00-05:00,5.21999979019165,5.230000019073486,4.730000019073486,4.75,78300,0.0,0.0
2026-01-22 00:00:00-05:00,4.769999980926514,5.300000190734863,4.71999979019165,5.239999771118164,272900,0.0,0.0
2026-01-23 00:00:00-05:00,7.349999904632568,8.550000190734863,6.059999942779541,6.309999942779541,12841000,0.0,0.0
2026-01-26 00:00:00-05:00,5.489999771118164,6.050000190734863,5.300000190734863,5.690000057220459,372400,0.0,0.0
2026-01-27 00:00:00-05:00,5.5,7.28000020980835,5.309999942779541,7.110000133514404,341200,0.0,0.0
2026-01-28 00:00:00-05:00,6.699999809265137,7.679999828338623,6.699999809265137,6.900000095367432,130700,0.0,0.0
2026-01-29 00:00:00-05:00,6.880000114440918,7.25,6.380000114440918,6.389999866485596,40900,0.0,0.0
2026-01-30 00:00:00-05:00,6.230000019073486,6.590000152587891,6.010000228881836,6.110000133514404,49700,0.0,0.0
2026-02-02 00:00:00-05:00,5.989999771118164,6.380000114440918,5.980000019073486,6.179999828338623,21700,0.0,0.0
2026-02-03 00:00:00-05:00,6.019999980926514,6.349999904632568,5.510000228881836,5.610000133514404,44200,0.0,0.0
2026-02-04 00:00:00-05:00,5.579999923706055,6.179999828338623,5.519999980926514,5.880000114440918,39100,0.0,0.0
2026-02-05 00:00:00-05:00,5.760000228881836,5.949999809265137,5.260000228881836,5.309999942779541,71900,0.0,0.0
2026-02-06 00:00:00-05:00,5.289999961853027,7.0,5.289999961853027,6.889999866485596,109100,0.0,0.0
2026-02-09 00:00:00-05:00,6.690000057220459,7.050000190734863,6.639999866485596,6.690000057220459,22900,0.0,0.0
2026-02-10 00:00:00-05:00,6.599999904632568,6.980000019073486,6.300000190734863,6.300000190734863,20400,0.0,0.0
2026-02-11 00:00:00-05:00,6.320000171661377,6.900000095367432,6.320000171661377,6.420000076293945,21000,0.0,0.0
2026-02-12 00:00:00-05:00,6.099999904632568,6.420000076293945,5.739999771118164,5.960000038146973,14800,0.0,0.0
2026-02-13 00:00:00-05:00,5.909999847412109,6.5,5.909999847412109,6.03000020980835,17800,0.0,0.0
2026-02-17 00:00:00-05:00,5.980000019073486,6.0,5.800000190734863,5.820000171661377,13100,0.0,0.0
2026-02-18 00:00:00-05:00,5.900000095367432,6.25,5.679999828338623,5.840000152587891,14200,0.0,0.0
2026-02-19 00:00:00-05:00,5.849999904632568,5.989999771118164,5.650000095367432,5.690000057220459,13000,0.0,0.0
2026-02-20 00:00:00-05:00,5.699999809265137,5.789999961853027,5.449999809265137,5.519999980926514,15600,0.0,0.0
2026-02-23 00:00:00-05:00,5.550000190734863,5.960000038146973,5.550000190734863,5.809999942779541,13600,0.0,0.0
2026-02-24 00:00:00-05:00,5.800000190734863,6.239999771118164,5.800000190734863,6.010000228881836,9300,0.0,0.0
2026-02-25 00:00:00-05:00,5.710000038146973,6.010000228881836,5.710000038146973,5.949999809265137,13300,0.0,0.0
2026-02-26 00:00:00-05:00,5.889999866485596,6.230000019073486,5.860000133514404,6.110000133514404,12200,0.0,0.0
2026-02-27 00:00:00-05:00,5.989999771118164,6.119999885559082,5.75,5.880000114440918,14000,0.0,0.0
2026-03-02 00:00:00-05:00,5.639999866485596,5.739999771118164,5.300000190734863,5.590000152587891,20300,0.0,0.0
2026-03-03 00:00:00-05:00,5.5,5.570000171661377,5.400000095367432,5.489999771118164,20600,0.0,0.0
2026-03-04 00:00:00-05:00,5.539999961853027,5.610000133514404,5.320000171661377,5.53000020980835,18500,0.0,0.0
2026-03-05 00:00:00-05:00,5.550000190734863,5.599999904632568,5.320000171661377,5.449999809265137,16800,0.0,0.0
2026-03-06 00:00:00-05:00,5.309999942779541,5.590000152587891,5.309999942779541,5.449999809265137,14500,0.0,0.0
2026-03-09 00:00:00-04:00,5.429999828338623,5.869999885559082,5.429999828338623,5.519999980926514,14800,0.0,0.0
2026-03-10 00:00:00-04:00,5.449999809265137,5.869999885559082,5.309999942779541,5.599999904632568,8700,0.0,0.0
2026-03-11 00:00:00-04:00,5.650000095367432,5.710000038146973,5.409999847412109,5.429999828338623,4500,0.0,0.0
2026-03-12 00:00:00-04:00,5.409999847412109,5.650000095367432,5.25,5.599999904632568,16500,0.0,0.0
2026-03-13 00:00:00-04:00,5.710000038146973,5.710000038146973,5.340000152587891,5.519999980926514,4100,0.0,0.0
2026-03-16 00:00:00-04:00,5.690000057220459,5.849999904632568,5.53000020980835,5.710000038146973,14400,0.0,0.0
2026-03-17 00:00:00-04:00,5.710000038146973,6.03000020980835,5.590000152587891,5.760000228881836,26600,0.0,0.0
2026-03-18 00:00:00-04:00,5.849999904632568,5.849999904632568,5.300000190734863,5.519999980926514,19300,0.0,0.0
2026-03-19 00:00:00-04:00,5.340000152587891,5.489999771118164,5.340000152587891,5.420000076293945,9200,0.0,0.0
2026-03-20 00:00:00-04:00,5.440000057220459,5.489999771118164,5.260000228881836,5.489999771118164,28000,0.0,0.0
2026-03-23 00:00:00-04:00,5.380000114440918,5.380000114440918,5.199999809265137,5.260000228881836,9500,0.0,0.0
2026-03-24 00:00:00-04:00,5.300000190734863,5.389999866485596,5.210000038146973,5.21999979019165,12300,0.0,0.0
2026-03-25 00:00:00-04:00,5.21999979019165,6.309999942779541,5.21999979019165,5.980000019073486,217105,0.0,0.0
