Date,Open,High,Low,Close,Volume,Dividends,Stock Splits
2022-01-03 00:00:00-05:00,19.809999465942383,20.360000610351562,19.520000457763672,20.34000015258789,2464700,0.0,0.0
2022-01-04 00:00:00-05:00,20.3799991607666,20.5,19.760000228881836,20.459999084472656,654800,0.0,0.0
2022-01-05 00:00:00-05:00,20.5,20.889999389648438,19.709999084472656,19.719999313354492,772100,0.0,0.0
2022-01-06 00:00:00-05:00,19.700000762939453,20.040000915527344,19.110000610351562,19.190000534057617,698200,0.0,0.0
2022-01-07 00:00:00-05:00,19.280000686645508,19.579999923706055,18.850000381469727,18.950000762939453,478000,0.0,0.0
2022-01-10 00:00:00-05:00,18.780000686645508,19.229999542236328,18.600000381469727,19.190000534057617,1208300,0.0,0.0
2022-01-11 00:00:00-05:00,19.31999969482422,19.450000762939453,18.90999984741211,19.219999313354492,435700,0.0,0.0
2022-01-12 00:00:00-05:00,19.229999542236328,19.420000076293945,18.739999771118164,18.84000015258789,480500,0.0,0.0
2022-01-13 00:00:00-05:00,18.850000381469727,18.8799991607666,18.469999313354492,18.549999237060547,476200,0.0,0.0
2022-01-14 00:00:00-05:00,18.3799991607666,18.520000457763672,18.030000686645508,18.450000762939453,571200,0.0,0.0
2022-01-18 00:00:00-05:00,18.18000030517578,18.329999923706055,17.600000381469727,17.610000610351562,791400,0.0,0.0
2022-01-19 00:00:00-05:00,17.719999313354492,18.239999771118164,17.65999984741211,17.889999389648438,1100700,0.0,0.0
2022-01-20 00:00:00-05:00,18.059999465942383,18.3799991607666,17.420000076293945,17.469999313354492,583000,0.0,0.0
2022-01-21 00:00:00-05:00,17.290000915527344,17.690000534057617,17.110000610351562,17.190000534057617,1089100,0.0,0.0
2022-01-24 00:00:00-05:00,17.010000228881836,17.850000381469727,16.780000686645508,17.780000686645508,700300,0.0,0.0
2022-01-25 00:00:00-05:00,17.610000610351562,17.670000076293945,17.200000762939453,17.420000076293945,815100,0.0,0.0
2022-01-26 00:00:00-05:00,17.360000610351562,17.719999313354492,17.0,17.15999984741211,523500,0.0,0.0
2022-01-27 00:00:00-05:00,17.170000076293945,17.549999237060547,16.469999313354492,16.530000686645508,741800,0.0,0.0
2022-01-28 00:00:00-05:00,17.0,17.6200008392334,16.790000915527344,17.610000610351562,1145000,0.0,0.0
2022-01-31 00:00:00-05:00,17.770000457763672,18.90999984741211,17.770000457763672,18.770000457763672,932800,0.0,0.0
2022-02-01 00:00:00-05:00,18.860000610351562,18.899999618530273,18.350000381469727,18.809999465942383,1547200,0.0,0.0
2022-02-02 00:00:00-05:00,19.18000030517578,19.350000381469727,18.700000762939453,19.260000228881836,1607200,0.0,0.0
2022-02-03 00:00:00-05:00,18.860000610351562,19.18000030517578,18.799999237060547,19.020000457763672,429200,0.0,0.0
2022-02-04 00:00:00-05:00,18.950000762939453,19.579999923706055,18.860000610351562,19.40999984741211,492000,0.0,0.0
2022-02-07 00:00:00-05:00,19.389999389648438,19.760000228881836,19.170000076293945,19.690000534057617,618600,0.0,0.0
2022-02-08 00:00:00-05:00,19.610000610351562,20.079999923706055,19.06999969482422,19.979999542236328,503100,0.0,0.0
2022-02-09 00:00:00-05:00,20.010000228881836,20.190000534057617,19.540000915527344,19.84000015258789,1276400,0.0,0.0
2022-02-10 00:00:00-05:00,19.479999542236328,19.950000762939453,19.43000030517578,19.639999389648438,428900,0.0,0.0
2022-02-11 00:00:00-05:00,19.6299991607666,20.1299991607666,19.6299991607666,19.989999771118164,471400,0.0,0.0
2022-02-14 00:00:00-05:00,19.899999618530273,19.899999618530273,19.3700008392334,19.489999771118164,826700,0.0,0.0
2022-02-15 00:00:00-05:00,19.68000030517578,20.489999771118164,19.59000015258789,20.309999465942383,969700,0.0,0.0
2022-02-16 00:00:00-05:00,20.309999465942383,23.290000915527344,20.280000686645508,22.90999984741211,1889700,0.0,0.0
2022-02-17 00:00:00-05:00,22.579999923706055,22.989999771118164,22.1200008392334,22.34000015258789,809100,0.0,0.0
2022-02-18 00:00:00-05:00,22.229999542236328,22.90999984741211,22.229999542236328,22.540000915527344,1043300,0.0,0.0
2022-02-22 00:00:00-05:00,22.239999771118164,22.950000762939453,22.239999771118164,22.520000457763672,722400,0.0,0.0
2022-02-23 00:00:00-05:00,22.709999084472656,22.90999984741211,22.40999984741211,22.469999313354492,665400,0.0,0.0
2022-02-24 00:00:00-05:00,22.059999465942383,22.709999084472656,21.860000610351562,22.65999984741211,759400,0.0,0.0
2022-02-25 00:00:00-05:00,23.18000030517578,23.18000030517578,22.229999542236328,22.649999618530273,935900,0.0,0.0
2022-02-28 00:00:00-05:00,22.59000015258789,22.790000915527344,22.219999313354492,22.290000915527344,1140000,0.0,0.0
2022-03-01 00:00:00-05:00,22.350000381469727,23.459999084472656,22.270000457763672,23.139999389648438,946100,0.0,0.0
2022-03-02 00:00:00-05:00,23.389999389648438,24.31999969482422,23.059999465942383,24.15999984741211,1404900,0.0,0.0
2022-03-03 00:00:00-05:00,24.100000381469727,24.209999084472656,23.559999465942383,24.149999618530273,776200,0.0,0.0
2022-03-04 00:00:00-05:00,24.010000228881836,24.34000015258789,23.389999389648438,23.670000076293945,823900,0.0,0.0
2022-03-07 00:00:00-05:00,23.56999969482422,24.399999618530273,23.280000686645508,24.079999923706055,667300,0.0,0.0
2022-03-08 00:00:00-05:00,23.950000762939453,24.950000762939453,23.950000762939453,24.239999771118164,977700,0.0,0.0
2022-03-09 00:00:00-05:00,24.43000030517578,25.270000457763672,24.309999465942383,25.209999084472656,1159000,0.0,0.0
2022-03-10 00:00:00-05:00,24.93000030517578,25.18000030517578,24.280000686645508,24.389999389648438,877200,0.0,0.0
2022-03-11 00:00:00-05:00,24.350000381469727,25.0,24.299999237060547,24.31999969482422,636400,0.0,0.0
2022-03-14 00:00:00-04:00,24.260000228881836,24.770000457763672,22.75,23.0,950800,0.0,0.0
2022-03-15 00:00:00-04:00,22.799999237060547,24.0,22.729999542236328,24.0,726600,0.0,0.0
2022-03-16 00:00:00-04:00,24.0,24.350000381469727,23.579999923706055,24.239999771118164,547000,0.0,0.0
2022-03-17 00:00:00-04:00,24.31999969482422,24.709999084472656,24.1299991607666,24.540000915527344,515800,0.0,0.0
2022-03-18 00:00:00-04:00,24.3799991607666,25.0,24.25,24.969999313354492,2078400,0.0,0.0
2022-03-21 00:00:00-04:00,25.0,25.190000534057617,24.489999771118164,24.6299991607666,742100,0.0,0.0
2022-03-22 00:00:00-04:00,24.709999084472656,25.5,23.469999313354492,24.229999542236328,1033900,0.0,0.0
2022-03-23 00:00:00-04:00,24.280000686645508,24.56999969482422,23.829999923706055,24.219999313354492,770600,0.0,0.0
2022-03-24 00:00:00-04:00,24.530000686645508,24.530000686645508,23.719999313354492,24.1200008392334,885800,0.0,0.0
2022-03-25 00:00:00-04:00,24.25,24.799999237060547,23.670000076293945,23.969999313354492,1135100,0.0,0.0
2022-03-28 00:00:00-04:00,23.850000381469727,24.25,23.760000228881836,23.950000762939453,698600,0.0,0.0
2022-03-29 00:00:00-04:00,24.200000762939453,24.969999313354492,24.06999969482422,24.780000686645508,1034900,0.0,0.0
2022-03-30 00:00:00-04:00,24.889999389648438,25.059999465942383,24.079999923706055,24.18000030517578,618400,0.0,0.0
2022-03-31 00:00:00-04:00,24.360000610351562,25.010000228881836,22.030000686645508,22.520000457763672,2565700,0.0,0.0
2022-04-01 00:00:00-04:00,22.75,23.81999969482422,22.25,23.649999618530273,1152200,0.0,0.0
2022-04-04 00:00:00-04:00,23.649999618530273,23.84000015258789,23.270000457763672,23.799999237060547,966300,0.0,0.0
2022-04-05 00:00:00-04:00,23.829999923706055,24.59000015258789,23.739999771118164,24.110000610351562,907400,0.0,0.0
2022-04-06 00:00:00-04:00,23.969999313354492,24.770000457763672,23.75,24.59000015258789,924200,0.0,0.0
2022-04-07 00:00:00-04:00,24.579999923706055,25.510000228881836,24.579999923706055,25.299999237060547,1154500,0.0,0.0
2022-04-08 00:00:00-04:00,25.68000030517578,25.68000030517578,24.790000915527344,24.860000610351562,942000,0.0,0.0
2022-04-11 00:00:00-04:00,24.860000610351562,24.860000610351562,24.020000457763672,24.059999465942383,773300,0.0,0.0
2022-04-12 00:00:00-04:00,24.049999237060547,24.59000015258789,24.040000915527344,24.239999771118164,760500,0.0,0.0
2022-04-13 00:00:00-04:00,24.280000686645508,25.309999465942383,24.280000686645508,25.25,519300,0.0,0.0
2022-04-14 00:00:00-04:00,25.530000686645508,25.68000030517578,24.459999084472656,24.489999771118164,1275200,0.0,0.0
2022-04-18 00:00:00-04:00,24.18000030517578,24.389999389648438,23.15999984741211,23.260000228881836,1015300,0.0,0.0
2022-04-19 00:00:00-04:00,23.3700008392334,23.65999984741211,23.079999923706055,23.200000762939453,950500,0.0,0.0
2022-04-20 00:00:00-04:00,23.059999465942383,23.3700008392334,22.899999618530273,22.989999771118164,1459300,0.0,0.0
2022-04-21 00:00:00-04:00,23.170000076293945,23.479999542236328,22.579999923706055,22.770000457763672,1076500,0.0,0.0
2022-04-22 00:00:00-04:00,22.770000457763672,23.0,22.219999313354492,22.31999969482422,1063200,0.0,0.0
2022-04-25 00:00:00-04:00,22.209999084472656,22.809999465942383,22.209999084472656,22.760000228881836,830900,0.0,0.0
2022-04-26 00:00:00-04:00,22.56999969482422,22.56999969482422,21.899999618530273,21.90999984741211,868500,0.0,0.0
2022-04-27 00:00:00-04:00,21.979999542236328,22.09000015258789,21.520000457763672,21.559999465942383,1030700,0.0,0.0
2022-04-28 00:00:00-04:00,21.860000610351562,21.860000610351562,21.149999618530273,21.25,750600,0.0,0.0
2022-04-29 00:00:00-04:00,21.059999465942383,21.610000610351562,21.040000915527344,21.510000228881836,771300,0.0,0.0
2022-05-02 00:00:00-04:00,21.579999923706055,22.049999237060547,21.190000534057617,22.049999237060547,1064100,0.0,0.0
2022-05-03 00:00:00-04:00,22.030000686645508,22.299999237060547,21.65999984741211,21.979999542236328,759100,0.0,0.0
2022-05-04 00:00:00-04:00,21.950000762939453,22.290000915527344,21.020000457763672,22.219999313354492,958100,0.0,0.0
2022-05-05 00:00:00-04:00,22.100000381469727,22.100000381469727,21.030000686645508,21.31999969482422,1128700,0.0,0.0
2022-05-06 00:00:00-04:00,20.68000030517578,20.93000030517578,18.899999618530273,19.200000762939453,2232000,0.0,0.0
2022-05-09 00:00:00-04:00,18.829999923706055,19.149999618530273,18.3799991607666,18.520000457763672,1451800,0.0,0.0
2022-05-10 00:00:00-04:00,18.719999313354492,19.040000915527344,18.020000457763672,18.270000457763672,1081000,0.0,0.0
2022-05-11 00:00:00-04:00,18.239999771118164,18.579999923706055,17.190000534057617,17.329999923706055,1105500,0.0,0.0
2022-05-12 00:00:00-04:00,17.31999969482422,18.799999237060547,17.290000915527344,18.6200008392334,836700,0.0,0.0
2022-05-13 00:00:00-04:00,18.850000381469727,19.290000915527344,18.709999084472656,18.940000534057617,1283200,0.0,0.0
2022-05-16 00:00:00-04:00,18.940000534057617,19.479999542236328,18.65999984741211,19.040000915527344,900200,0.0,0.0
2022-05-17 00:00:00-04:00,19.34000015258789,19.90999984741211,19.09000015258789,19.549999237060547,565800,0.0,0.0
2022-05-18 00:00:00-04:00,19.1200008392334,19.549999237060547,19.1200008392334,19.469999313354492,837400,0.0,0.0
2022-05-19 00:00:00-04:00,19.459999084472656,20.3799991607666,19.229999542236328,20.25,894300,0.0,0.0
2022-05-20 00:00:00-04:00,20.40999984741211,20.6299991607666,19.899999618530273,20.420000076293945,1170300,0.0,0.0
2022-05-23 00:00:00-04:00,20.670000076293945,20.670000076293945,19.90999984741211,20.049999237060547,629800,0.0,0.0
2022-05-24 00:00:00-04:00,20.049999237060547,20.270000457763672,19.690000534057617,20.0,758500,0.0,0.0
2022-05-25 00:00:00-04:00,20.020000457763672,20.200000762939453,19.68000030517578,19.940000534057617,459800,0.0,0.0
2022-05-26 00:00:00-04:00,20.1200008392334,20.34000015258789,19.899999618530273,20.110000610351562,424100,0.0,0.0
2022-05-27 00:00:00-04:00,20.110000610351562,21.0,19.8700008392334,21.0,579200,0.0,0.0
2022-05-31 00:00:00-04:00,20.989999771118164,21.5,20.59000015258789,20.84000015258789,1421700,0.0,0.0
2022-06-01 00:00:00-04:00,21.0,21.270000457763672,20.510000228881836,20.739999771118164,901600,0.0,0.0
2022-06-02 00:00:00-04:00,20.75,21.09000015258789,20.309999465942383,21.0,536600,0.0,0.0
2022-06-03 00:00:00-04:00,20.899999618530273,21.40999984741211,20.770000457763672,21.360000610351562,615100,0.0,0.0
2022-06-06 00:00:00-04:00,21.3700008392334,21.579999923706055,21.280000686645508,21.420000076293945,1161100,0.0,0.0
2022-06-07 00:00:00-04:00,21.219999313354492,21.6200008392334,20.920000076293945,21.420000076293945,674500,0.0,0.0
2022-06-08 00:00:00-04:00,21.510000228881836,21.90999984741211,21.299999237060547,21.59000015258789,650000,0.0,0.0
2022-06-09 00:00:00-04:00,21.600000381469727,21.75,21.40999984741211,21.56999969482422,412200,0.0,0.0
2022-06-10 00:00:00-04:00,21.3799991607666,21.459999084472656,21.030000686645508,21.40999984741211,486400,0.0,0.0
2022-06-13 00:00:00-04:00,20.989999771118164,21.170000076293945,20.440000534057617,20.56999969482422,561000,0.0,0.0
2022-06-14 00:00:00-04:00,20.559999465942383,21.100000381469727,20.540000915527344,21.100000381469727,602300,0.0,0.0
2022-06-15 00:00:00-04:00,21.170000076293945,21.579999923706055,20.510000228881836,21.100000381469727,873700,0.0,0.0
2022-06-16 00:00:00-04:00,20.790000915527344,21.020000457763672,20.170000076293945,20.389999389648438,670900,0.0,0.0
2022-06-17 00:00:00-04:00,20.549999237060547,21.170000076293945,20.549999237060547,20.700000762939453,869100,0.0,0.0
2022-06-21 00:00:00-04:00,20.75,22.25,20.75,22.030000686645508,634700,0.0,0.0
2022-06-22 00:00:00-04:00,21.84000015258789,22.540000915527344,21.610000610351562,22.34000015258789,520200,0.0,0.0
2022-06-23 00:00:00-04:00,22.549999237060547,23.260000228881836,22.389999389648438,23.25,548700,0.0,0.0
2022-06-24 00:00:00-04:00,23.520000457763672,23.829999923706055,23.030000686645508,23.799999237060547,1395800,0.0,0.0
2022-06-27 00:00:00-04:00,24.270000457763672,25.3700008392334,23.809999465942383,25.100000381469727,908500,0.0,0.0
2022-06-28 00:00:00-04:00,25.309999465942383,25.579999923706055,24.149999618530273,24.3799991607666,644700,0.0,0.0
2022-06-29 00:00:00-04:00,24.43000030517578,24.860000610351562,24.110000610351562,24.739999771118164,685200,0.0,0.0
2022-06-30 00:00:00-04:00,24.43000030517578,24.8799991607666,23.709999084472656,23.780000686645508,955300,0.0,0.0
2022-07-01 00:00:00-04:00,23.940000534057617,25.600000381469727,23.93000030517578,25.440000534057617,894300,0.0,0.0
2022-07-05 00:00:00-04:00,25.270000457763672,25.989999771118164,24.989999771118164,25.729999542236328,989100,0.0,0.0
2022-07-06 00:00:00-04:00,25.75,26.68000030517578,25.56999969482422,26.209999084472656,1106600,0.0,0.0
2022-07-07 00:00:00-04:00,26.209999084472656,27.3700008392334,26.020000457763672,27.110000610351562,853000,0.0,0.0
2022-07-08 00:00:00-04:00,26.90999984741211,27.729999542236328,26.889999389648438,27.639999389648438,510200,0.0,0.0
2022-07-11 00:00:00-04:00,27.780000686645508,28.059999465942383,25.81999969482422,25.90999984741211,884100,0.0,0.0
2022-07-12 00:00:00-04:00,26.06999969482422,26.770000457763672,25.3799991607666,26.239999771118164,708600,0.0,0.0
2022-07-13 00:00:00-04:00,25.93000030517578,26.829999923706055,25.889999389648438,26.719999313354492,786700,0.0,0.0
2022-07-14 00:00:00-04:00,26.6299991607666,27.469999313354492,26.399999618530273,27.3700008392334,703600,0.0,0.0
2022-07-15 00:00:00-04:00,27.420000076293945,27.479999542236328,27.06999969482422,27.239999771118164,720700,0.0,0.0
2022-07-18 00:00:00-04:00,27.450000762939453,27.8700008392334,26.690000534057617,26.889999389648438,630600,0.0,0.0
2022-07-19 00:00:00-04:00,27.25,27.920000076293945,26.950000762939453,27.829999923706055,550200,0.0,0.0
2022-07-20 00:00:00-04:00,27.829999923706055,28.40999984741211,27.479999542236328,27.690000534057617,616900,0.0,0.0
2022-07-21 00:00:00-04:00,27.84000015258789,27.84000015258789,27.31999969482422,27.81999969482422,383000,0.0,0.0
2022-07-22 00:00:00-04:00,28.09000015258789,28.09000015258789,26.829999923706055,26.90999984741211,471900,0.0,0.0
2022-07-25 00:00:00-04:00,26.799999237060547,26.850000381469727,26.139999389648438,26.56999969482422,470300,0.0,0.0
2022-07-26 00:00:00-04:00,26.479999542236328,26.940000534057617,26.290000915527344,26.809999465942383,384500,0.0,0.0
2022-07-27 00:00:00-04:00,27.90999984741211,29.93000030517578,27.639999389648438,29.059999465942383,1289300,0.0,0.0
2022-07-28 00:00:00-04:00,28.969999313354492,29.260000228881836,28.40999984741211,29.1200008392334,530300,0.0,0.0
2022-07-29 00:00:00-04:00,29.3700008392334,29.420000076293945,28.610000610351562,28.65999984741211,542600,0.0,0.0
2022-08-01 00:00:00-04:00,27.899999618530273,28.270000457763672,27.010000228881836,27.329999923706055,971800,0.0,0.0
2022-08-02 00:00:00-04:00,27.40999984741211,28.139999389648438,27.31999969482422,28.0,473000,0.0,0.0
2022-08-03 00:00:00-04:00,27.899999618530273,28.760000228881836,27.8799991607666,28.709999084472656,634000,0.0,0.0
2022-08-04 00:00:00-04:00,29.0,29.700000762939453,26.510000228881836,28.329999923706055,1150600,0.0,0.0
2022-08-05 00:00:00-04:00,28.18000030517578,28.75,27.739999771118164,28.700000762939453,575000,0.0,0.0
2022-08-08 00:00:00-04:00,27.8700008392334,28.56999969482422,27.700000762939453,28.350000381469727,1142000,0.0,0.0
2022-08-09 00:00:00-04:00,28.350000381469727,28.700000762939453,27.899999618530273,28.110000610351562,542600,0.0,0.0
2022-08-10 00:00:00-04:00,28.420000076293945,28.420000076293945,27.31999969482422,27.739999771118164,503100,0.0,0.0
2022-08-11 00:00:00-04:00,27.479999542236328,27.989999771118164,26.950000762939453,27.969999313354492,479400,0.0,0.0
2022-08-12 00:00:00-04:00,28.0,28.760000228881836,27.889999389648438,28.40999984741211,454600,0.0,0.0
2022-08-15 00:00:00-04:00,28.290000915527344,28.389999389648438,27.920000076293945,28.06999969482422,515500,0.0,0.0
2022-08-16 00:00:00-04:00,27.899999618530273,28.040000915527344,26.600000381469727,26.84000015258789,627100,0.0,0.0
2022-08-17 00:00:00-04:00,26.780000686645508,27.15999984741211,26.530000686645508,27.010000228881836,332500,0.0,0.0
2022-08-18 00:00:00-04:00,26.93000030517578,27.469999313354492,26.729999542236328,27.459999084472656,437000,0.0,0.0
2022-08-19 00:00:00-04:00,27.459999084472656,27.829999923706055,27.389999389648438,27.670000076293945,358600,0.0,0.0
2022-08-22 00:00:00-04:00,27.649999618530273,27.93000030517578,26.959999084472656,27.149999618530273,298200,0.0,0.0
2022-08-23 00:00:00-04:00,27.239999771118164,27.290000915527344,26.799999237060547,27.06999969482422,320000,0.0,0.0
2022-08-24 00:00:00-04:00,27.020000457763672,27.270000457763672,26.959999084472656,27.1200008392334,322600,0.0,0.0
2022-08-25 00:00:00-04:00,27.100000381469727,27.760000228881836,26.8700008392334,27.649999618530273,526400,0.0,0.0
2022-08-26 00:00:00-04:00,27.68000030517578,28.3799991607666,26.3799991607666,26.719999313354492,672800,0.0,0.0
2022-08-29 00:00:00-04:00,26.329999923706055,26.440000534057617,25.760000228881836,25.959999084472656,723500,0.0,0.0
2022-08-30 00:00:00-04:00,26.200000762939453,26.209999084472656,25.799999237060547,26.139999389648438,677600,0.0,0.0
2022-08-31 00:00:00-04:00,26.43000030517578,26.81999969482422,25.760000228881836,25.81999969482422,909400,0.0,0.0
2022-09-01 00:00:00-04:00,25.639999389648438,26.020000457763672,25.489999771118164,25.979999542236328,380900,0.0,0.0
2022-09-02 00:00:00-04:00,26.18000030517578,26.190000534057617,25.489999771118164,25.6299991607666,397000,0.0,0.0
2022-09-06 00:00:00-04:00,25.65999984741211,26.780000686645508,25.31999969482422,25.540000915527344,513700,0.0,0.0
2022-09-07 00:00:00-04:00,25.729999542236328,26.389999389648438,25.719999313354492,26.329999923706055,610700,0.0,0.0
2022-09-08 00:00:00-04:00,26.34000015258789,26.34000015258789,25.790000915527344,26.149999618530273,376700,0.0,0.0
2022-09-09 00:00:00-04:00,26.170000076293945,26.530000686645508,25.959999084472656,25.989999771118164,458900,0.0,0.0
2022-09-12 00:00:00-04:00,26.1299991607666,26.190000534057617,25.84000015258789,26.010000228881836,322600,0.0,0.0
2022-09-13 00:00:00-04:00,25.399999618530273,25.860000610351562,25.309999465942383,25.770000457763672,574900,0.0,0.0
2022-09-14 00:00:00-04:00,25.829999923706055,25.829999923706055,25.3700008392334,25.610000610351562,783600,0.0,0.0
2022-09-15 00:00:00-04:00,25.520000457763672,25.6200008392334,24.950000762939453,25.299999237060547,597400,0.0,0.0
2022-09-16 00:00:00-04:00,25.15999984741211,25.510000228881836,24.579999923706055,25.489999771118164,1150100,0.0,0.0
2022-09-19 00:00:00-04:00,25.450000762939453,25.690000534057617,25.010000228881836,25.450000762939453,490900,0.0,0.0
2022-09-20 00:00:00-04:00,25.440000534057617,25.469999313354492,24.719999313354492,25.389999389648438,457700,0.0,0.0
2022-09-21 00:00:00-04:00,25.56999969482422,26.290000915527344,25.420000076293945,25.5,426700,0.0,0.0
2022-09-22 00:00:00-04:00,25.5,25.5,24.81999969482422,25.209999084472656,693800,0.0,0.0
2022-09-23 00:00:00-04:00,25.420000076293945,25.440000534057617,24.850000381469727,25.079999923706055,546900,0.0,0.0
2022-09-26 00:00:00-04:00,24.920000076293945,25.399999618530273,24.65999984741211,24.700000762939453,396700,0.0,0.0
2022-09-27 00:00:00-04:00,24.809999465942383,25.1200008392334,24.56999969482422,24.950000762939453,490300,0.0,0.0
2022-09-28 00:00:00-04:00,25.309999465942383,26.1299991607666,25.15999984741211,26.040000915527344,547800,0.0,0.0
2022-09-29 00:00:00-04:00,25.899999618530273,25.989999771118164,25.200000762939453,25.540000915527344,547200,0.0,0.0
2022-09-30 00:00:00-04:00,25.770000457763672,26.459999084472656,25.600000381469727,25.639999389648438,1102900,0.0,0.0
2022-10-03 00:00:00-04:00,25.639999389648438,26.280000686645508,25.309999465942383,26.059999465942383,446500,0.0,0.0
2022-10-04 00:00:00-04:00,26.579999923706055,26.8700008392334,26.270000457763672,26.56999969482422,543400,0.0,0.0
2022-10-05 00:00:00-04:00,26.299999237060547,26.559999465942383,26.040000915527344,26.3799991607666,450100,0.0,0.0
2022-10-06 00:00:00-04:00,26.3700008392334,26.979999542236328,26.329999923706055,26.84000015258789,422500,0.0,0.0
2022-10-07 00:00:00-04:00,26.8700008392334,26.899999618530273,26.280000686645508,26.479999542236328,506900,0.0,0.0
2022-10-10 00:00:00-04:00,26.40999984741211,26.479999542236328,25.809999465942383,26.06999969482422,354000,0.0,0.0
2022-10-11 00:00:00-04:00,26.110000610351562,26.709999084472656,25.68000030517578,26.530000686645508,482400,0.0,0.0
2022-10-12 00:00:00-04:00,26.489999771118164,26.600000381469727,26.100000381469727,26.5,234400,0.0,0.0
2022-10-13 00:00:00-04:00,26.25,28.049999237060547,25.979999542236328,27.969999313354492,577200,0.0,0.0
2022-10-14 00:00:00-04:00,28.049999237060547,28.18000030517578,27.18000030517578,27.219999313354492,488600,0.0,0.0
2022-10-17 00:00:00-04:00,27.440000534057617,28.1299991607666,27.440000534057617,27.829999923706055,558200,0.0,0.0
2022-10-18 00:00:00-04:00,28.190000534057617,28.75,27.950000762939453,28.399999618530273,527100,0.0,0.0
2022-10-19 00:00:00-04:00,28.3799991607666,28.450000762939453,27.299999237060547,27.75,437100,0.0,0.0
2022-10-20 00:00:00-04:00,27.520000457763672,28.059999465942383,27.209999084472656,27.860000610351562,364200,0.0,0.0
2022-10-21 00:00:00-04:00,28.06999969482422,28.860000610351562,27.040000915527344,28.6200008392334,388500,0.0,0.0
2022-10-24 00:00:00-04:00,28.469999313354492,29.260000228881836,28.329999923706055,28.979999542236328,711500,0.0,0.0
2022-10-25 00:00:00-04:00,28.65999984741211,29.209999084472656,28.309999465942383,28.34000015258789,525600,0.0,0.0
2022-10-26 00:00:00-04:00,28.600000381469727,29.350000381469727,28.3700008392334,28.709999084472656,495900,0.0,0.0
2022-10-27 00:00:00-04:00,28.889999389648438,29.25,27.950000762939453,28.030000686645508,316400,0.0,0.0
2022-10-28 00:00:00-04:00,28.270000457763672,28.93000030517578,28.079999923706055,28.440000534057617,622000,0.0,0.0
2022-10-31 00:00:00-04:00,28.260000228881836,28.8700008392334,28.020000457763672,28.600000381469727,573700,0.0,0.0
2022-11-01 00:00:00-04:00,28.790000915527344,30.1299991607666,28.360000610351562,29.959999084472656,1328200,0.0,0.0
2022-11-02 00:00:00-04:00,29.979999542236328,30.139999389648438,28.799999237060547,28.84000015258789,677300,0.0,0.0
2022-11-03 00:00:00-04:00,28.829999923706055,28.93000030517578,26.360000610351562,28.520000457763672,1162300,0.0,0.0
2022-11-04 00:00:00-04:00,27.049999237060547,27.239999771118164,24.799999237060547,25.549999237060547,1473600,0.0,0.0
2022-11-07 00:00:00-05:00,25.350000381469727,25.540000915527344,24.780000686645508,24.84000015258789,721300,0.0,0.0
2022-11-08 00:00:00-05:00,24.889999389648438,24.959999084472656,24.309999465942383,24.510000228881836,827300,0.0,0.0
2022-11-09 00:00:00-05:00,24.469999313354492,25.440000534057617,24.40999984741211,24.549999237060547,595700,0.0,0.0
2022-11-10 00:00:00-05:00,25.399999618530273,25.959999084472656,24.75,25.8700008392334,547200,0.0,0.0
2022-11-11 00:00:00-05:00,25.829999923706055,26.670000076293945,25.65999984741211,26.5,783700,0.0,0.0
2022-11-14 00:00:00-05:00,26.5,26.989999771118164,25.799999237060547,25.81999969482422,343300,0.0,0.0
2022-11-15 00:00:00-05:00,26.020000457763672,26.90999984741211,25.950000762939453,26.690000534057617,560200,0.0,0.0
2022-11-16 00:00:00-05:00,26.84000015258789,27.3799991607666,26.06999969482422,26.40999984741211,425900,0.0,0.0
2022-11-17 00:00:00-05:00,26.299999237060547,26.40999984741211,25.8799991607666,25.969999313354492,368100,0.0,0.0
2022-11-18 00:00:00-05:00,26.43000030517578,26.729999542236328,26.049999237060547,26.510000228881836,369500,0.0,0.0
2022-11-21 00:00:00-05:00,26.510000228881836,26.610000610351562,26.059999465942383,26.06999969482422,332200,0.0,0.0
2022-11-22 00:00:00-05:00,25.940000534057617,26.06999969482422,25.399999618530273,26.040000915527344,406600,0.0,0.0
2022-11-23 00:00:00-05:00,26.059999465942383,26.34000015258789,25.3799991607666,25.989999771118164,322100,0.0,0.0
2022-11-25 00:00:00-05:00,26.020000457763672,26.290000915527344,26.010000228881836,26.100000381469727,86900,0.0,0.0
2022-11-28 00:00:00-05:00,25.920000076293945,25.920000076293945,25.25,25.3700008392334,375800,0.0,0.0
2022-11-29 00:00:00-05:00,25.31999969482422,25.6200008392334,25.15999984741211,25.559999465942383,295600,0.0,0.0
2022-11-30 00:00:00-05:00,25.68000030517578,25.719999313354492,24.84000015258789,25.280000686645508,821600,0.0,0.0
2022-12-01 00:00:00-05:00,25.270000457763672,25.290000915527344,24.639999389648438,24.940000534057617,536200,0.0,0.0
2022-12-02 00:00:00-05:00,24.81999969482422,25.15999984741211,24.670000076293945,24.979999542236328,301900,0.0,0.0
2022-12-05 00:00:00-05:00,24.75,24.90999984741211,23.219999313354492,23.399999618530273,1924100,0.0,0.0
2022-12-06 00:00:00-05:00,23.40999984741211,23.520000457763672,22.530000686645508,22.860000610351562,1295100,0.0,0.0
2022-12-07 00:00:00-05:00,22.920000076293945,23.600000381469727,22.75,23.520000457763672,487400,0.0,0.0
2022-12-08 00:00:00-05:00,23.479999542236328,23.559999465942383,22.639999389648438,23.010000228881836,957900,0.0,0.0
2022-12-09 00:00:00-05:00,22.969999313354492,22.969999313354492,21.309999465942383,21.3799991607666,1552400,0.0,0.0
2022-12-12 00:00:00-05:00,21.639999389648438,21.829999923706055,20.610000610351562,20.84000015258789,1412700,0.0,0.0
2022-12-13 00:00:00-05:00,21.43000030517578,21.43000030517578,20.75,20.860000610351562,1534300,0.0,0.0
2022-12-14 00:00:00-05:00,20.780000686645508,21.010000228881836,20.510000228881836,20.649999618530273,936600,0.0,0.0
2022-12-15 00:00:00-05:00,20.510000228881836,20.670000076293945,20.020000457763672,20.18000030517578,1868300,0.0,0.0
2022-12-16 00:00:00-05:00,20.06999969482422,20.389999389648438,19.59000015258789,20.09000015258789,2539100,0.0,0.0
2022-12-19 00:00:00-05:00,20.100000381469727,20.799999237060547,20.100000381469727,20.299999237060547,1059300,0.0,0.0
2022-12-20 00:00:00-05:00,20.260000228881836,20.950000762939453,20.260000228881836,20.520000457763672,1403700,0.0,0.0
2022-12-21 00:00:00-05:00,20.610000610351562,20.68000030517578,20.190000534057617,20.559999465942383,519100,0.0,0.0
2022-12-22 00:00:00-05:00,20.5,20.780000686645508,20.200000762939453,20.600000381469727,640600,0.0,0.0
2022-12-23 00:00:00-05:00,20.65999984741211,20.969999313354492,20.450000762939453,20.649999618530273,523300,0.0,0.0
2022-12-27 00:00:00-05:00,20.639999389648438,20.649999618530273,19.84000015258789,20.010000228881836,466500,0.0,0.0
2022-12-28 00:00:00-05:00,20.06999969482422,20.309999465942383,19.8700008392334,19.950000762939453,362500,0.0,0.0
2022-12-29 00:00:00-05:00,20.1200008392334,20.59000015258789,20.020000457763672,20.479999542236328,463700,0.0,0.0
2022-12-30 00:00:00-05:00,20.360000610351562,20.3700008392334,20.010000228881836,20.309999465942383,528500,0.0,0.0
2023-01-03 00:00:00-05:00,20.399999618530273,20.649999618530273,19.969999313354492,20.170000076293945,659700,0.0,0.0
2023-01-04 00:00:00-05:00,20.229999542236328,20.559999465942383,19.809999465942383,20.239999771118164,611400,0.0,0.0
2023-01-05 00:00:00-05:00,20.09000015258789,20.6299991607666,19.780000686645508,20.5,485800,0.0,0.0
2023-01-06 00:00:00-05:00,20.709999084472656,20.93000030517578,20.350000381469727,20.639999389648438,521600,0.0,0.0
2023-01-09 00:00:00-05:00,20.65999984741211,20.81999969482422,20.43000030517578,20.520000457763672,441300,0.0,0.0
2023-01-10 00:00:00-05:00,20.549999237060547,21.030000686645508,20.549999237060547,20.889999389648438,386300,0.0,0.0
2023-01-11 00:00:00-05:00,20.93000030517578,21.1200008392334,20.770000457763672,21.020000457763672,489500,0.0,0.0
2023-01-12 00:00:00-05:00,21.149999618530273,21.8799991607666,20.809999465942383,21.860000610351562,704800,0.0,0.0
2023-01-13 00:00:00-05:00,21.93000030517578,22.790000915527344,21.93000030517578,22.440000534057617,879800,0.0,0.0
2023-01-17 00:00:00-05:00,22.420000076293945,23.020000457763672,22.280000686645508,22.93000030517578,575500,0.0,0.0
2023-01-18 00:00:00-05:00,22.93000030517578,23.860000610351562,22.93000030517578,23.489999771118164,770300,0.0,0.0
2023-01-19 00:00:00-05:00,23.5,23.790000915527344,23.270000457763672,23.68000030517578,649700,0.0,0.0
2023-01-20 00:00:00-05:00,23.81999969482422,23.979999542236328,23.34000015258789,23.93000030517578,642200,0.0,0.0
2023-01-23 00:00:00-05:00,24.0,24.270000457763672,23.639999389648438,24.170000076293945,581700,0.0,0.0
2023-01-24 00:00:00-05:00,24.18000030517578,24.260000228881836,22.360000610351562,22.770000457763672,1010500,0.0,0.0
2023-01-25 00:00:00-05:00,22.729999542236328,23.389999389648438,22.290000915527344,23.3799991607666,639000,0.0,0.0
2023-01-26 00:00:00-05:00,23.579999923706055,23.84000015258789,22.850000381469727,22.940000534057617,404300,0.0,0.0
2023-01-27 00:00:00-05:00,22.959999084472656,23.450000762939453,22.899999618530273,23.260000228881836,270300,0.0,0.0
2023-01-30 00:00:00-05:00,23.260000228881836,23.399999618530273,22.979999542236328,22.989999771118164,416700,0.0,0.0
2023-01-31 00:00:00-05:00,23.06999969482422,23.350000381469727,22.770000457763672,22.860000610351562,476500,0.0,0.0
2023-02-01 00:00:00-05:00,22.860000610351562,24.1299991607666,22.649999618530273,23.940000534057617,1091300,0.0,0.0
2023-02-02 00:00:00-05:00,24.030000686645508,24.739999771118164,23.799999237060547,24.469999313354492,759300,0.0,0.0
2023-02-03 00:00:00-05:00,24.3700008392334,24.8700008392334,23.93000030517578,24.31999969482422,611800,0.0,0.0
2023-02-06 00:00:00-05:00,24.31999969482422,24.670000076293945,23.5,23.959999084472656,377300,0.0,0.0
2023-02-07 00:00:00-05:00,23.979999542236328,24.209999084472656,23.450000762939453,23.799999237060547,404800,0.0,0.0
2023-02-08 00:00:00-05:00,23.709999084472656,23.829999923706055,23.420000076293945,23.450000762939453,344000,0.0,0.0
2023-02-09 00:00:00-05:00,23.639999389648438,23.889999389648438,22.989999771118164,23.040000915527344,392600,0.0,0.0
2023-02-10 00:00:00-05:00,23.010000228881836,23.31999969482422,22.760000228881836,23.0,568800,0.0,0.0
2023-02-13 00:00:00-05:00,23.020000457763672,23.18000030517578,22.65999984741211,23.059999465942383,424100,0.0,0.0
2023-02-14 00:00:00-05:00,23.030000686645508,23.280000686645508,22.809999465942383,23.09000015258789,432300,0.0,0.0
2023-02-15 00:00:00-05:00,21.670000076293945,22.479999542236328,20.979999542236328,22.059999465942383,1428200,0.0,0.0
2023-02-16 00:00:00-05:00,21.84000015258789,22.68000030517578,21.690000534057617,22.34000015258789,555700,0.0,0.0
2023-02-17 00:00:00-05:00,22.5,22.610000610351562,22.139999389648438,22.530000686645508,424100,0.0,0.0
2023-02-21 00:00:00-05:00,22.360000610351562,22.459999084472656,21.68000030517578,21.850000381469727,769700,0.0,0.0
2023-02-22 00:00:00-05:00,21.940000534057617,22.1200008392334,21.600000381469727,21.84000015258789,677000,0.0,0.0
2023-02-23 00:00:00-05:00,21.889999389648438,22.1200008392334,21.6299991607666,21.959999084472656,531800,0.0,0.0
2023-02-24 00:00:00-05:00,21.809999465942383,21.860000610351562,21.059999465942383,21.309999465942383,772200,0.0,0.0
2023-02-27 00:00:00-05:00,21.399999618530273,21.700000762939453,20.860000610351562,20.940000534057617,753900,0.0,0.0
2023-02-28 00:00:00-05:00,20.989999771118164,21.450000762939453,20.760000228881836,20.829999923706055,957700,0.0,0.0
2023-03-01 00:00:00-05:00,20.559999465942383,20.75,17.860000610351562,19.860000610351562,1890000,0.0,0.0
2023-03-02 00:00:00-05:00,19.75,20.229999542236328,19.3799991607666,19.559999465942383,939400,0.0,0.0
2023-03-03 00:00:00-05:00,19.610000610351562,20.309999465942383,19.190000534057617,19.200000762939453,694200,0.0,0.0
2023-03-06 00:00:00-05:00,21.079999923706055,21.770000457763672,20.829999923706055,21.200000762939453,1761500,0.0,0.0
2023-03-07 00:00:00-05:00,21.149999618530273,21.389999389648438,20.950000762939453,21.219999313354492,1275300,0.0,0.0
2023-03-08 00:00:00-05:00,21.170000076293945,21.190000534057617,20.81999969482422,21.010000228881836,1002300,0.0,0.0
2023-03-09 00:00:00-05:00,21.030000686645508,21.190000534057617,20.93000030517578,21.139999389648438,786600,0.0,0.0
2023-03-10 00:00:00-05:00,21.09000015258789,21.209999084472656,20.6299991607666,20.700000762939453,1029700,0.0,0.0
2023-03-13 00:00:00-04:00,20.450000762939453,20.940000534057617,20.450000762939453,20.729999542236328,702700,0.0,0.0
2023-03-14 00:00:00-04:00,21.100000381469727,21.229999542236328,20.790000915527344,21.1299991607666,747600,0.0,0.0
2023-03-15 00:00:00-04:00,20.989999771118164,21.149999618530273,20.600000381469727,21.06999969482422,659600,0.0,0.0
2023-03-16 00:00:00-04:00,20.899999618530273,21.09000015258789,20.75,20.860000610351562,725700,0.0,0.0
2023-03-17 00:00:00-04:00,20.860000610351562,20.979999542236328,20.540000915527344,20.639999389648438,1622200,0.0,0.0
2023-03-20 00:00:00-04:00,20.760000228881836,20.959999084472656,20.600000381469727,20.899999618530273,649900,0.0,0.0
2023-03-21 00:00:00-04:00,21.040000915527344,21.459999084472656,20.84000015258789,21.25,1349600,0.0,0.0
2023-03-22 00:00:00-04:00,21.209999084472656,21.280000686645508,20.84000015258789,20.84000015258789,1051000,0.0,0.0
2023-03-23 00:00:00-04:00,20.989999771118164,21.309999465942383,20.950000762939453,21.110000610351562,575400,0.0,0.0
2023-03-24 00:00:00-04:00,21.1299991607666,21.780000686645508,21.09000015258789,21.770000457763672,709000,0.0,0.0
2023-03-27 00:00:00-04:00,21.8799991607666,21.920000076293945,21.610000610351562,21.639999389648438,1077800,0.0,0.0
2023-03-28 00:00:00-04:00,21.6299991607666,21.8700008392334,21.610000610351562,21.850000381469727,1138900,0.0,0.0
2023-03-29 00:00:00-04:00,21.90999984741211,21.959999084472656,21.700000762939453,21.770000457763672,1833700,0.0,0.0
2023-03-30 00:00:00-04:00,21.90999984741211,21.90999984741211,21.450000762939453,21.6299991607666,1247800,0.0,0.0
2023-03-31 00:00:00-04:00,21.93000030517578,21.93000030517578,21.579999923706055,21.65999984741211,1167100,0.0,0.0
2023-04-03 00:00:00-04:00,22.040000915527344,22.549999237060547,21.809999465942383,22.510000228881836,1587000,0.0,0.0
2023-04-04 00:00:00-04:00,23.030000686645508,23.040000915527344,21.0,22.020000457763672,2397600,0.0,0.0
2023-04-05 00:00:00-04:00,22.0,22.290000915527344,21.780000686645508,21.81999969482422,1377000,0.0,0.0
2023-04-06 00:00:00-04:00,21.920000076293945,22.299999237060547,21.760000228881836,22.290000915527344,633300,0.0,0.0
2023-04-10 00:00:00-04:00,22.200000762939453,22.649999618530273,22.06999969482422,22.6299991607666,860900,0.0,0.0
2023-04-11 00:00:00-04:00,22.420000076293945,22.65999984741211,21.899999618530273,22.059999465942383,1333100,0.0,0.0
2023-04-12 00:00:00-04:00,22.25,22.31999969482422,21.65999984741211,21.739999771118164,958400,0.0,0.0
2023-04-13 00:00:00-04:00,21.8700008392334,22.549999237060547,21.770000457763672,22.530000686645508,815300,0.0,0.0
2023-04-14 00:00:00-04:00,22.530000686645508,22.600000381469727,21.8700008392334,22.170000076293945,708700,0.0,0.0
2023-04-17 00:00:00-04:00,22.280000686645508,22.739999771118164,22.170000076293945,22.459999084472656,481300,0.0,0.0
2023-04-18 00:00:00-04:00,22.489999771118164,22.489999771118164,21.979999542236328,22.149999618530273,702800,0.0,0.0
2023-04-19 00:00:00-04:00,22.06999969482422,22.219999313354492,21.8700008392334,22.100000381469727,693600,0.0,0.0
2023-04-20 00:00:00-04:00,22.110000610351562,22.3700008392334,22.020000457763672,22.299999237060547,636600,0.0,0.0
2023-04-21 00:00:00-04:00,22.309999465942383,22.510000228881836,21.969999313354492,22.459999084472656,612000,0.0,0.0
2023-04-24 00:00:00-04:00,22.459999084472656,22.59000015258789,22.219999313354492,22.5,496600,0.0,0.0
2023-04-25 00:00:00-04:00,22.420000076293945,22.59000015258789,22.100000381469727,22.25,459900,0.0,0.0
2023-04-26 00:00:00-04:00,22.15999984741211,22.260000228881836,21.93000030517578,22.229999542236328,512500,0.0,0.0
2023-04-27 00:00:00-04:00,22.360000610351562,22.450000762939453,22.040000915527344,22.309999465942383,573600,0.0,0.0
2023-04-28 00:00:00-04:00,22.3700008392334,22.93000030517578,22.270000457763672,22.530000686645508,737000,0.0,0.0
2023-05-01 00:00:00-04:00,22.399999618530273,22.889999389648438,22.260000228881836,22.770000457763672,1134700,0.0,0.0
2023-05-02 00:00:00-04:00,22.649999618530273,22.979999542236328,22.3700008392334,22.389999389648438,1204600,0.0,0.0
2023-05-03 00:00:00-04:00,22.649999618530273,23.329999923706055,22.049999237060547,23.100000381469727,1308000,0.0,0.0
2023-05-04 00:00:00-04:00,23.200000762939453,24.15999984741211,21.84000015258789,24.0,1085800,0.0,0.0
2023-05-05 00:00:00-04:00,24.190000534057617,24.190000534057617,23.549999237060547,24.06999969482422,554000,0.0,0.0
2023-05-08 00:00:00-04:00,23.979999542236328,24.18000030517578,23.75,23.760000228881836,693900,0.0,0.0
2023-05-09 00:00:00-04:00,23.579999923706055,24.040000915527344,23.510000228881836,23.81999969482422,632300,0.0,0.0
2023-05-10 00:00:00-04:00,23.93000030517578,24.18000030517578,23.760000228881836,24.0,518400,0.0,0.0
2023-05-11 00:00:00-04:00,23.969999313354492,24.040000915527344,23.729999542236328,23.90999984741211,555300,0.0,0.0
2023-05-12 00:00:00-04:00,23.84000015258789,23.979999542236328,23.56999969482422,23.639999389648438,535200,0.0,0.0
2023-05-15 00:00:00-04:00,23.770000457763672,24.280000686645508,23.59000015258789,24.059999465942383,590400,0.0,0.0
2023-05-16 00:00:00-04:00,24.059999465942383,24.389999389648438,23.780000686645508,24.290000915527344,566800,0.0,0.0
2023-05-17 00:00:00-04:00,24.350000381469727,24.68000030517578,24.170000076293945,24.440000534057617,638600,0.0,0.0
2023-05-18 00:00:00-04:00,24.25,24.40999984741211,23.829999923706055,24.049999237060547,570600,0.0,0.0
2023-05-19 00:00:00-04:00,24.229999542236328,24.290000915527344,23.920000076293945,24.100000381469727,453900,0.0,0.0
2023-05-22 00:00:00-04:00,24.100000381469727,24.809999465942383,24.100000381469727,24.639999389648438,480300,0.0,0.0
2023-05-23 00:00:00-04:00,24.75,25.670000076293945,24.6299991607666,25.149999618530273,767600,0.0,0.0
2023-05-24 00:00:00-04:00,25.1299991607666,25.1299991607666,24.59000015258789,24.690000534057617,453900,0.0,0.0
2023-05-25 00:00:00-04:00,24.610000610351562,24.68000030517578,23.979999542236328,24.520000457763672,550200,0.0,0.0
2023-05-26 00:00:00-04:00,24.3700008392334,24.549999237060547,23.950000762939453,23.979999542236328,441300,0.0,0.0
2023-05-30 00:00:00-04:00,24.030000686645508,24.110000610351562,23.020000457763672,23.049999237060547,500300,0.0,0.0
2023-05-31 00:00:00-04:00,23.1299991607666,23.709999084472656,23.1299991607666,23.489999771118164,934000,0.0,0.0
2023-06-01 00:00:00-04:00,23.459999084472656,23.459999084472656,22.899999618530273,22.969999313354492,464100,0.0,0.0
2023-06-02 00:00:00-04:00,22.940000534057617,23.299999237060547,22.809999465942383,23.260000228881836,471600,0.0,0.0
2023-06-05 00:00:00-04:00,23.079999923706055,23.329999923706055,22.84000015258789,23.229999542236328,470900,0.0,0.0
2023-06-06 00:00:00-04:00,23.239999771118164,23.719999313354492,23.110000610351562,23.559999465942383,467500,0.0,0.0
2023-06-07 00:00:00-04:00,23.649999618530273,24.190000534057617,23.649999618530273,23.8700008392334,525000,0.0,0.0
2023-06-08 00:00:00-04:00,23.809999465942383,24.06999969482422,23.600000381469727,24.040000915527344,431400,0.0,0.0
2023-06-09 00:00:00-04:00,23.989999771118164,24.010000228881836,23.239999771118164,23.31999969482422,357500,0.0,0.0
2023-06-12 00:00:00-04:00,23.31999969482422,23.530000686645508,23.040000915527344,23.3799991607666,380500,0.0,0.0
2023-06-13 00:00:00-04:00,23.360000610351562,23.579999923706055,23.18000030517578,23.309999465942383,394700,0.0,0.0
2023-06-14 00:00:00-04:00,23.360000610351562,23.549999237060547,22.600000381469727,22.719999313354492,682600,0.0,0.0
2023-06-15 00:00:00-04:00,22.760000228881836,23.200000762939453,22.6299991607666,23.190000534057617,658600,0.0,0.0
2023-06-16 00:00:00-04:00,23.549999237060547,23.549999237060547,22.760000228881836,23.1299991607666,2128800,0.0,0.0
2023-06-20 00:00:00-04:00,23.100000381469727,23.100000381469727,22.770000457763672,22.899999618530273,494900,0.0,0.0
2023-06-21 00:00:00-04:00,22.770000457763672,22.950000762939453,22.31999969482422,22.459999084472656,738100,0.0,0.0
2023-06-22 00:00:00-04:00,22.489999771118164,22.649999618530273,22.290000915527344,22.350000381469727,666800,0.0,0.0
2023-06-23 00:00:00-04:00,22.34000015258789,22.479999542236328,21.75,21.860000610351562,1233000,0.0,0.0
2023-06-26 00:00:00-04:00,21.8799991607666,21.90999984741211,21.5,21.59000015258789,431700,0.0,0.0
2023-06-27 00:00:00-04:00,21.559999465942383,21.719999313354492,21.399999618530273,21.579999923706055,310800,0.0,0.0
2023-06-28 00:00:00-04:00,21.729999542236328,21.729999542236328,21.34000015258789,21.440000534057617,315100,0.0,0.0
2023-06-29 00:00:00-04:00,21.420000076293945,21.760000228881836,21.200000762939453,21.6299991607666,366800,0.0,0.0
2023-06-30 00:00:00-04:00,21.809999465942383,22.389999389648438,21.790000915527344,22.25,725300,0.0,0.0
2023-07-03 00:00:00-04:00,22.209999084472656,22.260000228881836,21.850000381469727,22.110000610351562,234100,0.0,0.0
2023-07-05 00:00:00-04:00,22.1200008392334,22.299999237060547,21.850000381469727,22.139999389648438,458300,0.0,0.0
2023-07-06 00:00:00-04:00,21.950000762939453,22.040000915527344,21.770000457763672,21.969999313354492,304300,0.0,0.0
2023-07-07 00:00:00-04:00,22.059999465942383,22.350000381469727,21.920000076293945,22.170000076293945,371200,0.0,0.0
2023-07-10 00:00:00-04:00,22.190000534057617,22.610000610351562,22.190000534057617,22.489999771118164,283700,0.0,0.0
2023-07-11 00:00:00-04:00,22.56999969482422,22.739999771118164,22.450000762939453,22.559999465942383,210300,0.0,0.0
2023-07-12 00:00:00-04:00,22.829999923706055,22.93000030517578,22.610000610351562,22.709999084472656,340100,0.0,0.0
2023-07-13 00:00:00-04:00,22.760000228881836,22.850000381469727,22.520000457763672,22.6200008392334,304500,0.0,0.0
2023-07-14 00:00:00-04:00,22.6299991607666,23.020000457763672,22.489999771118164,22.81999969482422,345700,0.0,0.0
2023-07-17 00:00:00-04:00,22.84000015258789,23.020000457763672,22.6299991607666,22.940000534057617,374600,0.0,0.0
2023-07-18 00:00:00-04:00,23.1200008392334,24.049999237060547,23.079999923706055,23.34000015258789,529500,0.0,0.0
2023-07-19 00:00:00-04:00,23.450000762939453,23.700000762939453,22.989999771118164,23.06999969482422,434500,0.0,0.0
2023-07-20 00:00:00-04:00,23.149999618530273,23.389999389648438,23.06999969482422,23.329999923706055,278500,0.0,0.0
2023-07-21 00:00:00-04:00,23.450000762939453,23.950000762939453,23.350000381469727,23.84000015258789,522800,0.0,0.0
2023-07-24 00:00:00-04:00,23.84000015258789,24.420000076293945,23.670000076293945,24.290000915527344,561100,0.0,0.0
2023-07-25 00:00:00-04:00,24.280000686645508,24.479999542236328,24.059999465942383,24.3700008392334,384000,0.0,0.0
2023-07-26 00:00:00-04:00,24.40999984741211,25.100000381469727,24.40999984741211,25.09000015258789,478500,0.0,0.0
2023-07-27 00:00:00-04:00,25.219999313354492,25.260000228881836,24.829999923706055,25.030000686645508,452700,0.0,0.0
2023-07-28 00:00:00-04:00,25.329999923706055,25.479999542236328,25.1200008392334,25.350000381469727,482700,0.0,0.0
2023-07-31 00:00:00-04:00,25.350000381469727,25.670000076293945,25.09000015258789,25.479999542236328,719400,0.0,0.0
2023-08-01 00:00:00-04:00,25.479999542236328,25.8700008392334,24.979999542236328,25.0,914400,0.0,0.0
2023-08-02 00:00:00-04:00,25.0,25.190000534057617,24.81999969482422,25.010000228881836,559000,0.0,0.0
2023-08-03 00:00:00-04:00,26.0,31.899999618530273,25.40999984741211,31.239999771118164,4766500,0.0,0.0
2023-08-04 00:00:00-04:00,31.239999771118164,31.260000228881836,29.6299991607666,31.190000534057617,1417800,0.0,0.0
2023-08-07 00:00:00-04:00,31.559999465942383,31.6200008392334,29.889999389648438,30.229999542236328,1256700,0.0,0.0
2023-08-08 00:00:00-04:00,30.1200008392334,30.540000915527344,29.940000534057617,30.479999542236328,877400,0.0,0.0
2023-08-09 00:00:00-04:00,30.700000762939453,30.700000762939453,29.950000762939453,30.170000076293945,673000,0.0,0.0
2023-08-10 00:00:00-04:00,30.170000076293945,30.950000762939453,30.1200008392334,30.700000762939453,532200,0.0,0.0
2023-08-11 00:00:00-04:00,30.739999771118164,31.010000228881836,30.520000457763672,30.8700008392334,465700,0.0,0.0
2023-08-14 00:00:00-04:00,30.770000457763672,31.149999618530273,30.329999923706055,31.06999969482422,644300,0.0,0.0
2023-08-15 00:00:00-04:00,31.139999389648438,31.139999389648438,30.520000457763672,30.959999084472656,529000,0.0,0.0
2023-08-16 00:00:00-04:00,30.940000534057617,31.1200008392334,30.450000762939453,30.559999465942383,384500,0.0,0.0
2023-08-17 00:00:00-04:00,30.65999984741211,30.90999984741211,30.34000015258789,30.510000228881836,430300,0.0,0.0
2023-08-18 00:00:00-04:00,30.329999923706055,30.969999313354492,30.229999542236328,30.93000030517578,393100,0.0,0.0
2023-08-21 00:00:00-04:00,31.0,31.850000381469727,30.979999542236328,31.420000076293945,626200,0.0,0.0
2023-08-22 00:00:00-04:00,31.3700008392334,31.709999084472656,31.239999771118164,31.700000762939453,421000,0.0,0.0
2023-08-23 00:00:00-04:00,32.0,32.13999938964844,31.479999542236328,31.809999465942383,563600,0.0,0.0
2023-08-24 00:00:00-04:00,31.799999237060547,31.889999389648438,31.389999389648438,31.770000457763672,676800,0.0,0.0
2023-08-25 00:00:00-04:00,31.809999465942383,32.11000061035156,31.479999542236328,31.729999542236328,369900,0.0,0.0
2023-08-28 00:00:00-04:00,31.729999542236328,32.290000915527344,31.729999542236328,32.220001220703125,404200,0.0,0.0
2023-08-29 00:00:00-04:00,32.34000015258789,32.91999816894531,32.06999969482422,32.83000183105469,565700,0.0,0.0
2023-08-30 00:00:00-04:00,32.84000015258789,32.97999954223633,32.29999923706055,32.869998931884766,304100,0.0,0.0
2023-08-31 00:00:00-04:00,32.79999923706055,33.04999923706055,32.66999816894531,32.72999954223633,377200,0.0,0.0
2023-09-01 00:00:00-04:00,32.72999954223633,33.2400016784668,32.459999084472656,33.099998474121094,492000,0.0,0.0
2023-09-05 00:00:00-04:00,32.900001525878906,32.900001525878906,31.260000228881836,31.649999618530273,882500,0.0,0.0
2023-09-06 00:00:00-04:00,31.8799991607666,31.969999313354492,31.059999465942383,31.530000686645508,645400,0.0,0.0
2023-09-07 00:00:00-04:00,31.639999389648438,33.2599983215332,31.6299991607666,33.150001525878906,633700,0.0,0.0
2023-09-08 00:00:00-04:00,33.15999984741211,33.7599983215332,32.869998931884766,32.939998626708984,885800,0.0,0.0
2023-09-11 00:00:00-04:00,32.93000030517578,33.060001373291016,32.52000045776367,33.040000915527344,432600,0.0,0.0
2023-09-12 00:00:00-04:00,33.11000061035156,33.29999923706055,32.88999938964844,33.029998779296875,431400,0.0,0.0
2023-09-13 00:00:00-04:00,33.040000915527344,33.77000045776367,32.9900016784668,33.619998931884766,556200,0.0,0.0
2023-09-14 00:00:00-04:00,33.52000045776367,34.279998779296875,33.29999923706055,33.79999923706055,756700,0.0,0.0
2023-09-15 00:00:00-04:00,33.810001373291016,33.810001373291016,33.189998626708984,33.470001220703125,1594200,0.0,0.0
2023-09-18 00:00:00-04:00,33.25,33.2599983215332,32.029998779296875,32.31999969482422,479900,0.0,0.0
2023-09-19 00:00:00-04:00,32.40999984741211,33.029998779296875,32.20000076293945,32.970001220703125,404900,0.0,0.0
2023-09-20 00:00:00-04:00,33.22999954223633,33.349998474121094,31.989999771118164,32.040000915527344,428500,0.0,0.0
2023-09-21 00:00:00-04:00,31.760000228881836,32.189998626708984,31.469999313354492,31.93000030517578,537700,0.0,0.0
2023-09-22 00:00:00-04:00,32.029998779296875,32.41999816894531,31.549999237060547,31.639999389648438,619200,0.0,0.0
2023-09-25 00:00:00-04:00,31.729999542236328,32.4900016784668,31.420000076293945,32.31999969482422,505100,0.0,0.0
2023-09-26 00:00:00-04:00,32.459999084472656,32.689998626708984,32.349998474121094,32.470001220703125,563200,0.0,0.0
2023-09-27 00:00:00-04:00,32.7400016784668,33.459999084472656,32.310001373291016,32.369998931884766,563600,0.0,0.0
2023-09-28 00:00:00-04:00,32.290000915527344,33.15999984741211,32.11000061035156,32.9900016784668,585300,0.0,0.0
2023-09-29 00:00:00-04:00,32.54999923706055,32.7400016784668,25.149999618530273,27.25,5046800,0.0,0.0
2023-10-02 00:00:00-04:00,27.239999771118164,27.31999969482422,25.790000915527344,26.290000915527344,1630900,0.0,0.0
2023-10-03 00:00:00-04:00,26.209999084472656,26.579999923706055,25.90999984741211,26.170000076293945,783300,0.0,0.0
2023-10-04 00:00:00-04:00,26.020000457763672,26.40999984741211,25.75,25.899999618530273,550700,0.0,0.0
2023-10-05 00:00:00-04:00,25.75,26.639999389648438,25.75,26.489999771118164,544000,0.0,0.0
2023-10-06 00:00:00-04:00,26.329999923706055,27.239999771118164,26.239999771118164,26.399999618530273,729400,0.0,0.0
2023-10-09 00:00:00-04:00,26.219999313354492,27.06999969482422,26.079999923706055,26.639999389648438,429700,0.0,0.0
2023-10-10 00:00:00-04:00,26.6200008392334,27.780000686645508,26.549999237060547,27.389999389648438,520200,0.0,0.0
2023-10-11 00:00:00-04:00,27.389999389648438,27.6299991607666,27.040000915527344,27.59000015258789,386300,0.0,0.0
2023-10-12 00:00:00-04:00,27.420000076293945,27.690000534057617,27.110000610351562,27.6200008392334,680000,0.0,0.0
2023-10-13 00:00:00-04:00,27.75,28.440000534057617,27.270000457763672,27.559999465942383,742900,0.0,0.0
2023-10-16 00:00:00-04:00,27.760000228881836,28.479999542236328,27.670000076293945,28.09000015258789,530300,0.0,0.0
2023-10-17 00:00:00-04:00,28.09000015258789,28.559999465942383,28.09000015258789,28.329999923706055,481600,0.0,0.0
2023-10-18 00:00:00-04:00,28.719999313354492,29.18000030517578,28.1200008392334,28.290000915527344,492500,0.0,0.0
2023-10-19 00:00:00-04:00,28.329999923706055,28.389999389648438,27.780000686645508,28.0,446400,0.0,0.0
2023-10-20 00:00:00-04:00,28.18000030517578,28.389999389648438,27.68000030517578,27.920000076293945,775500,0.0,0.0
2023-10-23 00:00:00-04:00,27.790000915527344,28.100000381469727,27.149999618530273,27.25,723900,0.0,0.0
2023-10-24 00:00:00-04:00,27.520000457763672,28.149999618530273,27.520000457763672,28.049999237060547,576200,0.0,0.0
2023-10-25 00:00:00-04:00,28.040000915527344,28.25,27.5,27.510000228881836,443600,0.0,0.0
2023-10-26 00:00:00-04:00,27.690000534057617,27.950000762939453,27.389999389648438,27.559999465942383,433800,0.0,0.0
2023-10-27 00:00:00-04:00,27.56999969482422,27.719999313354492,27.030000686645508,27.260000228881836,602000,0.0,0.0
2023-10-30 00:00:00-04:00,27.530000686645508,27.719999313354492,27.260000228881836,27.329999923706055,433800,0.0,0.0
2023-10-31 00:00:00-04:00,27.65999984741211,28.239999771118164,27.520000457763672,28.079999923706055,667900,0.0,0.0
2023-11-01 00:00:00-04:00,27.959999084472656,28.1200008392334,26.950000762939453,28.09000015258789,1215800,0.0,0.0
2023-11-02 00:00:00-04:00,27.860000610351562,28.440000534057617,24.510000228881836,25.290000915527344,2890900,0.0,0.0
2023-11-03 00:00:00-04:00,25.649999618530273,25.860000610351562,25.040000915527344,25.6200008392334,1552100,0.0,0.0
2023-11-06 00:00:00-05:00,26.719999313354492,26.75,25.700000762939453,25.90999984741211,1091200,0.0,0.0
2023-11-07 00:00:00-05:00,25.739999771118164,26.020000457763672,25.1299991607666,25.739999771118164,904200,0.0,0.0
2023-11-08 00:00:00-05:00,25.8700008392334,26.06999969482422,25.450000762939453,25.760000228881836,698700,0.0,0.0
2023-11-09 00:00:00-05:00,25.8700008392334,25.8700008392334,24.760000228881836,24.90999984741211,756200,0.0,0.0
2023-11-10 00:00:00-05:00,25.1299991607666,25.59000015258789,24.6200008392334,25.030000686645508,632500,0.0,0.0
2023-11-13 00:00:00-05:00,24.760000228881836,25.010000228881836,24.440000534057617,24.81999969482422,628300,0.0,0.0
2023-11-14 00:00:00-05:00,25.440000534057617,25.729999542236328,25.100000381469727,25.440000534057617,772800,0.0,0.0
2023-11-15 00:00:00-05:00,25.31999969482422,25.84000015258789,25.239999771118164,25.3799991607666,561900,0.0,0.0
2023-11-16 00:00:00-05:00,25.40999984741211,25.729999542236328,25.030000686645508,25.110000610351562,424000,0.0,0.0
2023-11-17 00:00:00-05:00,25.280000686645508,25.940000534057617,25.0,25.90999984741211,1113400,0.0,0.0
2023-11-20 00:00:00-05:00,25.8799991607666,26.290000915527344,25.81999969482422,25.940000534057617,431300,0.0,0.0
2023-11-21 00:00:00-05:00,25.93000030517578,25.93000030517578,25.31999969482422,25.420000076293945,367900,0.0,0.0
2023-11-22 00:00:00-05:00,25.56999969482422,25.940000534057617,25.170000076293945,25.34000015258789,695000,0.0,0.0
2023-11-24 00:00:00-05:00,25.3700008392334,25.600000381469727,25.239999771118164,25.329999923706055,171500,0.0,0.0
2023-11-27 00:00:00-05:00,25.309999465942383,25.420000076293945,24.860000610351562,25.270000457763672,503200,0.0,0.0
2023-11-28 00:00:00-05:00,25.270000457763672,25.479999542236328,24.8799991607666,25.450000762939453,410100,0.0,0.0
2023-11-29 00:00:00-05:00,25.610000610351562,25.889999389648438,25.389999389648438,25.559999465942383,374500,0.0,0.0
2023-11-30 00:00:00-05:00,25.59000015258789,25.979999542236328,25.209999084472656,25.469999313354492,672000,0.0,0.0
2023-12-01 00:00:00-05:00,25.469999313354492,26.0,25.270000457763672,25.969999313354492,578000,0.0,0.0
2023-12-04 00:00:00-05:00,26.0,26.3799991607666,25.84000015258789,26.260000228881836,433600,0.0,0.0
2023-12-05 00:00:00-05:00,26.139999389648438,26.770000457763672,26.010000228881836,26.459999084472656,528000,0.0,0.0
2023-12-06 00:00:00-05:00,26.389999389648438,27.1299991607666,26.290000915527344,27.040000915527344,368000,0.0,0.0
2023-12-07 00:00:00-05:00,26.920000076293945,27.100000381469727,26.299999237060547,26.729999542236328,490200,0.0,0.0
2023-12-08 00:00:00-05:00,26.739999771118164,26.979999542236328,26.459999084472656,26.540000915527344,369600,0.0,0.0
2023-12-11 00:00:00-05:00,26.739999771118164,27.239999771118164,26.31999969482422,27.190000534057617,458200,0.0,0.0
2023-12-12 00:00:00-05:00,27.31999969482422,27.920000076293945,26.93000030517578,27.850000381469727,363900,0.0,0.0
2023-12-13 00:00:00-05:00,28.190000534057617,30.739999771118164,28.1299991607666,30.06999969482422,1622200,0.0,0.0
2023-12-14 00:00:00-05:00,30.1200008392334,30.34000015258789,29.760000228881836,29.829999923706055,1062000,0.0,0.0
2023-12-15 00:00:00-05:00,29.979999542236328,30.229999542236328,29.65999984741211,29.75,1859500,0.0,0.0
2023-12-18 00:00:00-05:00,29.979999542236328,30.639999389648438,29.709999084472656,30.540000915527344,760900,0.0,0.0
2023-12-19 00:00:00-05:00,30.709999084472656,31.450000762939453,30.65999984741211,31.229999542236328,853800,0.0,0.0
2023-12-20 00:00:00-05:00,31.5,31.799999237060547,30.850000381469727,30.8799991607666,726000,0.0,0.0
2023-12-21 00:00:00-05:00,31.170000076293945,31.75,30.719999313354492,31.65999984741211,625200,0.0,0.0
2023-12-22 00:00:00-05:00,31.75,32.84000015258789,31.700000762939453,32.7599983215332,813300,0.0,0.0
2023-12-26 00:00:00-05:00,32.779998779296875,33.189998626708984,32.060001373291016,32.41999816894531,465100,0.0,0.0
2023-12-27 00:00:00-05:00,32.63999938964844,33.130001068115234,32.47999954223633,32.81999969482422,888900,0.0,0.0
2023-12-28 00:00:00-05:00,32.970001220703125,33.279998779296875,32.81999969482422,32.880001068115234,493800,0.0,0.0
2023-12-29 00:00:00-05:00,32.869998931884766,33.06999969482422,32.43000030517578,32.47999954223633,949000,0.0,0.0
2024-01-02 00:00:00-05:00,22.110000610351562,25.729999542236328,22.0,24.15999984741211,7379800,0.0,0.0
2024-01-03 00:00:00-05:00,24.350000381469727,25.809999465942383,24.110000610351562,25.389999389648438,2550600,0.0,0.0
2024-01-04 00:00:00-05:00,25.59000015258789,25.59000015258789,24.860000610351562,25.34000015258789,1453300,0.0,0.0
2024-01-05 00:00:00-05:00,25.0,25.030000686645508,24.049999237060547,24.280000686645508,1218300,0.0,0.0
2024-01-08 00:00:00-05:00,26.0,27.540000915527344,25.190000534057617,27.459999084472656,1769400,0.0,0.0
2024-01-09 00:00:00-05:00,27.059999465942383,27.100000381469727,24.520000457763672,25.100000381469727,2891200,0.0,0.0
2024-01-10 00:00:00-05:00,25.079999923706055,25.100000381469727,23.829999923706055,24.540000915527344,2679000,0.0,0.0
2024-01-11 00:00:00-05:00,24.479999542236328,24.549999237060547,23.15999984741211,23.450000762939453,1417500,0.0,0.0
2024-01-12 00:00:00-05:00,23.739999771118164,24.079999923706055,23.09000015258789,23.200000762939453,1370500,0.0,0.0
2024-01-16 00:00:00-05:00,23.600000381469727,25.469999313354492,23.3700008392334,24.610000610351562,2543600,0.0,0.0
2024-01-17 00:00:00-05:00,24.43000030517578,25.350000381469727,24.219999313354492,24.81999969482422,1665300,0.0,0.0
2024-01-18 00:00:00-05:00,24.81999969482422,25.139999389648438,24.43000030517578,24.739999771118164,1970300,0.0,0.0
2024-01-19 00:00:00-05:00,24.68000030517578,24.68000030517578,24.020000457763672,24.420000076293945,5014800,0.0,0.0
2024-01-22 00:00:00-05:00,22.709999084472656,24.299999237060547,22.600000381469727,23.559999465942383,4167200,0.0,0.0
2024-01-23 00:00:00-05:00,23.739999771118164,23.799999237060547,23.010000228881836,23.440000534057617,2339800,0.0,0.0
2024-01-24 00:00:00-05:00,23.670000076293945,23.670000076293945,22.84000015258789,22.8700008392334,1388900,0.0,0.0
2024-01-25 00:00:00-05:00,22.93000030517578,23.260000228881836,22.6200008392334,22.959999084472656,1784100,0.0,0.0
2024-01-26 00:00:00-05:00,23.139999389648438,23.31999969482422,21.520000457763672,21.65999984741211,2996800,0.0,0.0
2024-01-29 00:00:00-05:00,21.790000915527344,22.329999923706055,21.600000381469727,22.329999923706055,2077700,0.0,0.0
2024-01-30 00:00:00-05:00,22.350000381469727,22.3700008392334,21.299999237060547,21.8700008392334,2208100,0.0,0.0
2024-01-31 00:00:00-05:00,22.0,22.0,21.0,21.100000381469727,1768500,0.0,0.0
2024-02-01 00:00:00-05:00,21.309999465942383,22.3799991607666,20.959999084472656,21.6299991607666,3048900,0.0,0.0
2024-02-02 00:00:00-05:00,21.399999618530273,21.760000228881836,20.8700008392334,21.579999923706055,1398500,0.0,0.0
2024-02-05 00:00:00-05:00,21.469999313354492,21.989999771118164,21.139999389648438,21.469999313354492,1296600,0.0,0.0
2024-02-06 00:00:00-05:00,21.3799991607666,22.059999465942383,21.079999923706055,22.020000457763672,1049800,0.0,0.0
2024-02-07 00:00:00-05:00,22.030000686645508,22.6299991607666,21.979999542236328,22.260000228881836,992400,0.0,0.0
2024-02-08 00:00:00-05:00,22.329999923706055,22.6200008392334,22.1299991607666,22.489999771118164,1023500,0.0,0.0
2024-02-09 00:00:00-05:00,22.649999618530273,23.049999237060547,22.559999465942383,23.010000228881836,1184700,0.0,0.0
2024-02-12 00:00:00-05:00,23.1299991607666,24.200000762939453,23.030000686645508,23.950000762939453,1398800,0.0,0.0
2024-02-13 00:00:00-05:00,23.200000762939453,23.610000610351562,22.510000228881836,23.049999237060547,1894500,0.0,0.0
2024-02-14 00:00:00-05:00,23.350000381469727,24.389999389648438,23.200000762939453,24.200000762939453,1884800,0.0,0.0
2024-02-15 00:00:00-05:00,24.209999084472656,25.0,24.200000762939453,24.459999084472656,1537200,0.0,0.0
2024-02-16 00:00:00-05:00,26.0,26.0,22.700000762939453,22.709999084472656,2347200,0.0,0.0
2024-02-20 00:00:00-05:00,22.709999084472656,23.280000686645508,22.559999465942383,22.579999923706055,1001800,0.0,0.0
2024-02-21 00:00:00-05:00,22.3799991607666,22.559999465942383,21.559999465942383,21.65999984741211,900100,0.0,0.0
2024-02-22 00:00:00-05:00,21.719999313354492,23.09000015258789,21.65999984741211,22.989999771118164,1378000,0.0,0.0
2024-02-23 00:00:00-05:00,22.969999313354492,23.06999969482422,22.3700008392334,22.450000762939453,844500,0.0,0.0
2024-02-26 00:00:00-05:00,22.399999618530273,23.5,22.360000610351562,23.1299991607666,981300,0.0,0.0
2024-02-27 00:00:00-05:00,23.450000762939453,24.489999771118164,23.440000534057617,24.149999618530273,1430600,0.0,0.0
2024-02-28 00:00:00-05:00,24.040000915527344,24.610000610351562,23.670000076293945,23.700000762939453,916900,0.0,0.0
2024-02-29 00:00:00-05:00,24.040000915527344,24.280000686645508,23.1200008392334,23.5,936400,0.0,0.0
2024-03-01 00:00:00-05:00,23.59000015258789,24.440000534057617,23.1200008392334,24.059999465942383,1282200,0.0,0.0
2024-03-04 00:00:00-05:00,24.219999313354492,24.329999923706055,23.920000076293945,24.149999618530273,978200,0.0,0.0
2024-03-05 00:00:00-05:00,24.09000015258789,24.200000762939453,22.860000610351562,23.18000030517578,906300,0.0,0.0
2024-03-06 00:00:00-05:00,23.75,23.75,22.760000228881836,23.030000686645508,663100,0.0,0.0
2024-03-07 00:00:00-05:00,23.329999923706055,23.489999771118164,23.110000610351562,23.3799991607666,715600,0.0,0.0
2024-03-08 00:00:00-05:00,23.56999969482422,23.959999084472656,23.56999969482422,23.639999389648438,631600,0.0,0.0
2024-03-11 00:00:00-04:00,23.579999923706055,23.780000686645508,23.31999969482422,23.75,616300,0.0,0.0
2024-03-12 00:00:00-04:00,23.75,24.479999542236328,23.399999618530273,24.459999084472656,1190600,0.0,0.0
2024-03-13 00:00:00-04:00,24.459999084472656,24.729999542236328,23.959999084472656,24.200000762939453,578200,0.0,0.0
2024-03-14 00:00:00-04:00,24.209999084472656,24.270000457763672,23.200000762939453,23.670000076293945,763500,0.0,0.0
2024-03-15 00:00:00-04:00,23.3799991607666,23.780000686645508,22.65999984741211,23.229999542236328,1883400,0.0,0.0
2024-03-18 00:00:00-04:00,23.229999542236328,25.0,23.010000228881836,24.309999465942383,1607900,0.0,0.0
2024-03-19 00:00:00-04:00,24.18000030517578,24.43000030517578,23.540000915527344,24.25,769200,0.0,0.0
2024-03-20 00:00:00-04:00,24.389999389648438,24.899999618530273,23.959999084472656,24.40999984741211,770600,0.0,0.0
2024-03-21 00:00:00-04:00,24.479999542236328,24.950000762939453,24.329999923706055,24.75,770800,0.0,0.0
2024-03-22 00:00:00-04:00,24.8799991607666,24.8799991607666,24.229999542236328,24.5,747100,0.0,0.0
2024-03-25 00:00:00-04:00,24.739999771118164,24.829999923706055,24.139999389648438,24.65999984741211,853700,0.0,0.0
2024-03-26 00:00:00-04:00,24.8799991607666,25.0,24.450000762939453,24.75,568000,0.0,0.0
2024-03-27 00:00:00-04:00,24.889999389648438,25.360000610351562,24.59000015258789,25.31999969482422,746700,0.0,0.0
2024-03-28 00:00:00-04:00,25.43000030517578,25.690000534057617,25.190000534057617,25.190000534057617,845300,0.0,0.0
2024-04-01 00:00:00-04:00,24.950000762939453,26.100000381469727,24.940000534057617,25.739999771118164,838000,0.0,0.0
2024-04-02 00:00:00-04:00,25.270000457763672,25.3799991607666,24.8799991607666,25.360000610351562,1032600,0.0,0.0
2024-04-03 00:00:00-04:00,25.260000228881836,25.68000030517578,25.09000015258789,25.649999618530273,569600,0.0,0.0
2024-04-04 00:00:00-04:00,25.829999923706055,26.010000228881836,25.0,25.049999237060547,776700,0.0,0.0
2024-04-05 00:00:00-04:00,25.079999923706055,25.3700008392334,24.860000610351562,25.200000762939453,723300,0.0,0.0
2024-04-08 00:00:00-04:00,25.5,25.5,24.010000228881836,24.229999542236328,952800,0.0,0.0
2024-04-09 00:00:00-04:00,24.31999969482422,25.639999389648438,24.25,25.459999084472656,855600,0.0,0.0
2024-04-10 00:00:00-04:00,24.719999313354492,24.719999313354492,23.190000534057617,23.799999237060547,818100,0.0,0.0
2024-04-11 00:00:00-04:00,24.010000228881836,24.100000381469727,23.389999389648438,23.81999969482422,569100,0.0,0.0
2024-04-12 00:00:00-04:00,23.65999984741211,23.81999969482422,23.309999465942383,23.510000228881836,426900,0.0,0.0
2024-04-15 00:00:00-04:00,23.5,23.6299991607666,22.90999984741211,23.149999618530273,724400,0.0,0.0
2024-04-16 00:00:00-04:00,23.020000457763672,23.649999618530273,22.760000228881836,23.389999389648438,714300,0.0,0.0
2024-04-17 00:00:00-04:00,23.520000457763672,23.540000915527344,22.760000228881836,23.0,957800,0.0,0.0
2024-04-18 00:00:00-04:00,22.8700008392334,23.440000534057617,22.56999969482422,22.65999984741211,971200,0.0,0.0
2024-04-19 00:00:00-04:00,22.600000381469727,23.030000686645508,22.559999465942383,22.950000762939453,924800,0.0,0.0
2024-04-22 00:00:00-04:00,21.31999969482422,22.790000915527344,20.84000015258789,22.299999237060547,3898000,0.0,0.0
2024-04-23 00:00:00-04:00,22.760000228881836,24.229999542236328,22.360000610351562,23.0,1885100,0.0,0.0
2024-04-24 00:00:00-04:00,23.0,23.290000915527344,22.049999237060547,22.479999542236328,1087700,0.0,0.0
2024-04-25 00:00:00-04:00,22.469999313354492,22.729999542236328,22.0,22.209999084472656,1176200,0.0,0.0
2024-04-26 00:00:00-04:00,22.280000686645508,23.219999313354492,22.280000686645508,22.799999237060547,820600,0.0,0.0
2024-04-29 00:00:00-04:00,23.030000686645508,23.579999923706055,22.790000915527344,23.3700008392334,556300,0.0,0.0
2024-04-30 00:00:00-04:00,23.469999313354492,23.940000534057617,23.290000915527344,23.31999969482422,1788900,0.0,0.0
2024-05-01 00:00:00-04:00,23.09000015258789,24.610000610351562,22.600000381469727,23.8799991607666,1828300,0.0,0.0
2024-05-02 00:00:00-04:00,26.389999389648438,26.389999389648438,23.799999237060547,25.059999465942383,2274500,0.0,0.0
2024-05-03 00:00:00-04:00,25.059999465942383,25.219999313354492,23.110000610351562,24.520000457763672,1698300,0.0,0.0
2024-05-06 00:00:00-04:00,24.520000457763672,24.579999923706055,23.020000457763672,23.969999313354492,1230600,0.0,0.0
2024-05-07 00:00:00-04:00,24.170000076293945,24.6200008392334,23.610000610351562,24.479999542236328,876400,0.0,0.0
2024-05-08 00:00:00-04:00,24.260000228881836,25.540000915527344,23.899999618530273,25.399999618530273,932700,0.0,0.0
2024-05-09 00:00:00-04:00,25.489999771118164,26.6200008392334,25.350000381469727,26.600000381469727,1265800,0.0,0.0
2024-05-10 00:00:00-04:00,26.829999923706055,27.479999542236328,26.530000686645508,27.040000915527344,1547900,0.0,0.0
2024-05-13 00:00:00-04:00,27.350000381469727,29.270000457763672,27.229999542236328,27.530000686645508,1769200,0.0,0.0
2024-05-14 00:00:00-04:00,27.8700008392334,28.18000030517578,26.8700008392334,27.65999984741211,1090900,0.0,0.0
2024-05-15 00:00:00-04:00,28.1200008392334,28.459999084472656,27.6299991607666,27.829999923706055,682500,0.0,0.0
2024-05-16 00:00:00-04:00,27.670000076293945,27.93000030517578,27.350000381469727,27.540000915527344,729900,0.0,0.0
2024-05-17 00:00:00-04:00,27.56999969482422,28.329999923706055,27.530000686645508,28.09000015258789,823800,0.0,0.0
2024-05-20 00:00:00-04:00,28.010000228881836,29.360000610351562,27.809999465942383,28.8799991607666,1050500,0.0,0.0
2024-05-21 00:00:00-04:00,28.639999389648438,29.110000610351562,28.440000534057617,28.799999237060547,547800,0.0,0.0
2024-05-22 00:00:00-04:00,28.799999237060547,29.420000076293945,28.440000534057617,28.6200008392334,578500,0.0,0.0
2024-05-23 00:00:00-04:00,28.760000228881836,28.760000228881836,27.760000228881836,27.84000015258789,596600,0.0,0.0
2024-05-24 00:00:00-04:00,28.049999237060547,28.190000534057617,27.299999237060547,27.520000457763672,594700,0.0,0.0
2024-05-28 00:00:00-04:00,32.0,32.83000183105469,28.510000228881836,31.610000610351562,3604300,0.0,0.0
2024-05-29 00:00:00-04:00,31.5,31.989999771118164,30.559999465942383,31.530000686645508,1209400,0.0,0.0
2024-05-30 00:00:00-04:00,32.0,32.0,30.75,31.209999084472656,997700,0.0,0.0
2024-05-31 00:00:00-04:00,31.389999389648438,31.68000030517578,30.0,30.170000076293945,1374300,0.0,0.0
2024-06-03 00:00:00-04:00,30.209999084472656,32.2400016784668,29.8799991607666,31.299999237060547,1109000,0.0,0.0
2024-06-04 00:00:00-04:00,31.93000030517578,33.470001220703125,31.399999618530273,32.869998931884766,1303500,0.0,0.0
2024-06-05 00:00:00-04:00,32.869998931884766,34.47999954223633,32.650001525878906,34.439998626708984,1104400,0.0,0.0
2024-06-06 00:00:00-04:00,34.290000915527344,35.220001220703125,33.90999984741211,34.47999954223633,728500,0.0,0.0
2024-06-07 00:00:00-04:00,34.150001525878906,34.29999923706055,33.11000061035156,33.310001373291016,778500,0.0,0.0
2024-06-10 00:00:00-04:00,30.969999313354492,32.040000915527344,30.15999984741211,31.93000030517578,1727900,0.0,0.0
2024-06-11 00:00:00-04:00,31.65999984741211,33.439998626708984,31.360000610351562,32.790000915527344,961900,0.0,0.0
2024-06-12 00:00:00-04:00,33.68000030517578,33.689998626708984,32.380001068115234,32.63999938964844,783600,0.0,0.0
2024-06-13 00:00:00-04:00,32.650001525878906,32.77000045776367,31.0,31.510000228881836,1167200,0.0,0.0
2024-06-14 00:00:00-04:00,31.190000534057617,31.260000228881836,28.260000228881836,28.969999313354492,3137600,0.0,0.0
2024-06-17 00:00:00-04:00,29.110000610351562,29.829999923706055,28.040000915527344,28.59000015258789,1585900,0.0,0.0
2024-06-18 00:00:00-04:00,28.6200008392334,28.93000030517578,28.09000015258789,28.149999618530273,1002700,0.0,0.0
2024-06-20 00:00:00-04:00,28.34000015258789,29.459999084472656,28.100000381469727,29.399999618530273,1004800,0.0,0.0
2024-06-21 00:00:00-04:00,29.18000030517578,30.34000015258789,29.18000030517578,30.040000915527344,1837300,0.0,0.0
2024-06-24 00:00:00-04:00,30.15999984741211,31.229999542236328,30.0,30.59000015258789,774400,0.0,0.0
2024-06-25 00:00:00-04:00,30.93000030517578,31.459999084472656,30.389999389648438,30.389999389648438,738600,0.0,0.0
2024-06-26 00:00:00-04:00,30.219999313354492,31.600000381469727,29.860000610351562,31.600000381469727,844300,0.0,0.0
2024-06-27 00:00:00-04:00,31.6200008392334,32.099998474121094,31.239999771118164,32.060001373291016,791400,0.0,0.0
2024-06-28 00:00:00-04:00,32.29999923706055,32.810001373291016,31.920000076293945,32.4900016784668,1550600,0.0,0.0
2024-07-01 00:00:00-04:00,32.4900016784668,33.689998626708984,32.45000076293945,32.66999816894531,1210100,0.0,0.0
2024-07-02 00:00:00-04:00,32.66999816894531,32.93000030517578,31.520000457763672,31.559999465942383,977700,0.0,0.0
2024-07-03 00:00:00-04:00,31.530000686645508,31.579999923706055,30.149999618530273,30.5,559700,0.0,0.0
2024-07-05 00:00:00-04:00,30.34000015258789,31.0,30.0,30.079999923706055,1015600,0.0,0.0
2024-07-08 00:00:00-04:00,30.3700008392334,30.670000076293945,29.450000762939453,29.510000228881836,873500,0.0,0.0
2024-07-09 00:00:00-04:00,29.639999389648438,30.25,29.420000076293945,29.899999618530273,585200,0.0,0.0
2024-07-10 00:00:00-04:00,30.25,30.670000076293945,30.040000915527344,30.6200008392334,480800,0.0,0.0
2024-07-11 00:00:00-04:00,31.329999923706055,31.600000381469727,30.770000457763672,31.170000076293945,662900,0.0,0.0
2024-07-12 00:00:00-04:00,31.489999771118164,32.130001068115234,31.18000030517578,31.5,714400,0.0,0.0
2024-07-15 00:00:00-04:00,31.889999389648438,32.47999954223633,31.459999084472656,32.349998474121094,644900,0.0,0.0
2024-07-16 00:00:00-04:00,32.93000030517578,33.689998626708984,32.560001373291016,33.34000015258789,941900,0.0,0.0
2024-07-17 00:00:00-04:00,33.2400016784668,33.75,33.099998474121094,33.2400016784668,729000,0.0,0.0
2024-07-18 00:00:00-04:00,33.369998931884766,34.189998626708984,33.02000045776367,33.290000915527344,936900,0.0,0.0
2024-07-19 00:00:00-04:00,33.41999816894531,34.060001373291016,33.0,33.880001068115234,1047400,0.0,0.0
2024-07-22 00:00:00-04:00,34.29999923706055,34.77000045776367,33.880001068115234,34.56999969482422,811300,0.0,0.0
2024-07-23 00:00:00-04:00,34.5,35.060001373291016,34.25,34.560001373291016,858000,0.0,0.0
2024-07-24 00:00:00-04:00,34.4900016784668,34.9900016784668,34.150001525878906,34.47999954223633,946400,0.0,0.0
2024-07-25 00:00:00-04:00,34.59000015258789,35.869998931884766,34.150001525878906,34.869998931884766,1006300,0.0,0.0
2024-07-26 00:00:00-04:00,35.38999938964844,35.95000076293945,34.900001525878906,35.599998474121094,901800,0.0,0.0
2024-07-29 00:00:00-04:00,35.959999084472656,36.97999954223633,35.650001525878906,36.529998779296875,1646200,0.0,0.0
2024-07-30 00:00:00-04:00,38.38999938964844,38.97999954223633,34.02000045776367,36.119998931884766,2397100,0.0,0.0
2024-07-31 00:00:00-04:00,37.2400016784668,39.75,36.0,38.66999816894531,1532500,0.0,0.0
2024-08-01 00:00:00-04:00,38.5,39.689998626708984,37.02000045776367,37.939998626708984,2664100,0.0,0.0
2024-08-02 00:00:00-04:00,36.88999938964844,36.900001525878906,34.529998779296875,35.29999923706055,1368700,0.0,0.0
2024-08-05 00:00:00-04:00,33.119998931884766,35.20000076293945,32.33000183105469,34.5099983215332,940100,0.0,0.0
2024-08-06 00:00:00-04:00,34.779998779296875,35.540000915527344,34.13999938964844,34.209999084472656,931900,0.0,0.0
2024-08-07 00:00:00-04:00,34.7599983215332,35.02000045776367,33.95000076293945,34.04999923706055,820800,0.0,0.0
2024-08-08 00:00:00-04:00,34.65999984741211,34.7599983215332,33.86000061035156,34.06999969482422,575000,0.0,0.0
2024-08-09 00:00:00-04:00,33.88999938964844,34.560001373291016,33.88999938964844,34.220001220703125,638800,0.0,0.0
2024-08-12 00:00:00-04:00,34.25,35.16999816894531,34.0099983215332,34.11000061035156,519600,0.0,0.0
2024-08-13 00:00:00-04:00,34.220001220703125,34.720001220703125,33.93000030517578,34.13999938964844,524400,0.0,0.0
2024-08-14 00:00:00-04:00,34.310001373291016,34.5099983215332,33.77000045776367,33.790000915527344,925300,0.0,0.0
2024-08-15 00:00:00-04:00,34.5099983215332,34.970001220703125,33.90999984741211,34.939998626708984,494100,0.0,0.0
2024-08-16 00:00:00-04:00,34.88999938964844,35.029998779296875,33.900001525878906,33.970001220703125,502900,0.0,0.0
2024-08-19 00:00:00-04:00,34.0,34.630001068115234,33.95000076293945,34.470001220703125,484500,0.0,0.0
2024-08-20 00:00:00-04:00,34.56999969482422,34.849998474121094,33.75,34.310001373291016,447700,0.0,0.0
2024-08-21 00:00:00-04:00,34.43000030517578,34.93000030517578,33.689998626708984,34.43000030517578,381500,0.0,0.0
2024-08-22 00:00:00-04:00,34.47999954223633,35.02000045776367,34.04999923706055,34.279998779296875,349300,0.0,0.0
2024-08-23 00:00:00-04:00,34.5099983215332,35.290000915527344,34.279998779296875,34.790000915527344,394300,0.0,0.0
2024-08-26 00:00:00-04:00,35.18000030517578,35.939998626708984,34.970001220703125,35.0,633800,0.0,0.0
2024-08-27 00:00:00-04:00,34.900001525878906,35.27000045776367,34.279998779296875,34.65999984741211,520200,0.0,0.0
2024-08-28 00:00:00-04:00,34.54999923706055,35.7400016784668,34.349998474121094,34.439998626708984,499200,0.0,0.0
2024-08-29 00:00:00-04:00,34.56999969482422,35.619998931884766,34.040000915527344,35.13999938964844,498500,0.0,0.0
2024-08-30 00:00:00-04:00,35.31999969482422,35.47999954223633,34.79999923706055,35.29999923706055,689600,0.0,0.0
2024-09-03 00:00:00-04:00,35.060001373291016,35.540000915527344,34.11000061035156,34.2599983215332,579400,0.0,0.0
2024-09-04 00:00:00-04:00,34.130001068115234,34.65999984741211,33.34000015258789,34.619998931884766,590700,0.0,0.0
2024-09-05 00:00:00-04:00,34.7400016784668,35.58000183105469,33.849998474121094,34.099998474121094,416900,0.0,0.0
2024-09-06 00:00:00-04:00,34.33000183105469,34.61000061035156,33.65999984741211,34.380001068115234,554400,0.0,0.0
2024-09-09 00:00:00-04:00,34.380001068115234,35.08000183105469,34.25,34.70000076293945,460400,0.0,0.0
2024-09-10 00:00:00-04:00,34.84000015258789,35.040000915527344,34.34000015258789,35.029998779296875,409700,0.0,0.0
2024-09-11 00:00:00-04:00,35.040000915527344,36.130001068115234,34.869998931884766,35.54999923706055,478200,0.0,0.0
2024-09-12 00:00:00-04:00,35.939998626708984,36.16999816894531,35.45000076293945,35.709999084472656,417300,0.0,0.0
2024-09-13 00:00:00-04:00,35.939998626708984,38.18000030517578,35.869998931884766,38.11000061035156,777600,0.0,0.0
2024-09-16 00:00:00-04:00,38.310001373291016,39.2400016784668,37.81999969482422,38.470001220703125,820600,0.0,0.0
2024-09-17 00:00:00-04:00,39.029998779296875,41.95000076293945,38.68000030517578,39.709999084472656,1425300,0.0,0.0
2024-09-18 00:00:00-04:00,40.29999923706055,43.31999969482422,40.150001525878906,42.27000045776367,2548300,0.0,0.0
2024-09-19 00:00:00-04:00,43.20000076293945,43.7400016784668,40.7599983215332,40.91999816894531,1109000,0.0,0.0
2024-09-20 00:00:00-04:00,41.060001373291016,42.77000045776367,40.619998931884766,42.25,1550600,0.0,0.0
2024-09-23 00:00:00-04:00,42.31999969482422,43.29999923706055,41.91999816894531,42.95000076293945,704100,0.0,0.0
2024-09-24 00:00:00-04:00,42.91999816894531,44.34000015258789,42.16999816894531,44.0,706600,0.0,0.0
2024-09-25 00:00:00-04:00,44.040000915527344,44.369998931884766,42.5099983215332,42.540000915527344,729800,0.0,0.0
2024-09-26 00:00:00-04:00,42.849998474121094,43.619998931884766,42.369998931884766,43.279998779296875,717900,0.0,0.0
2024-09-27 00:00:00-04:00,43.220001220703125,44.02000045776367,42.810001373291016,43.93000030517578,625800,0.0,0.0
2024-09-30 00:00:00-04:00,44.369998931884766,47.33000183105469,44.150001525878906,46.279998779296875,1546300,0.0,0.0
2024-10-01 00:00:00-04:00,46.58000183105469,47.709999084472656,45.36000061035156,46.75,1152900,0.0,0.0
2024-10-02 00:00:00-04:00,46.66999816894531,47.38999938964844,45.619998931884766,45.86000061035156,800400,0.0,0.0
2024-10-03 00:00:00-04:00,46.130001068115234,46.38999938964844,44.7400016784668,45.040000915527344,964000,0.0,0.0
2024-10-04 00:00:00-04:00,45.099998474121094,45.66999816894531,44.529998779296875,45.43000030517578,703000,0.0,0.0
2024-10-07 00:00:00-04:00,45.779998779296875,46.9900016784668,44.279998779296875,44.65999984741211,1116900,0.0,0.0
2024-10-08 00:00:00-04:00,44.65999984741211,45.95000076293945,44.540000915527344,45.779998779296875,533300,0.0,0.0
2024-10-09 00:00:00-04:00,46.310001373291016,46.310001373291016,45.0,45.939998626708984,589600,0.0,0.0
2024-10-10 00:00:00-04:00,46.119998931884766,46.150001525878906,44.43000030517578,45.25,1009300,0.0,0.0
2024-10-11 00:00:00-04:00,45.38999938964844,46.16999816894531,45.040000915527344,45.43000030517578,739600,0.0,0.0
2024-10-14 00:00:00-04:00,45.689998626708984,47.16999816894531,44.63999938964844,45.29999923706055,1111400,0.0,0.0
2024-10-15 00:00:00-04:00,45.18000030517578,46.97999954223633,45.16999816894531,46.84000015258789,831500,0.0,0.0
2024-10-16 00:00:00-04:00,46.900001525878906,47.41999816894531,46.04999923706055,47.27000045776367,776400,0.0,0.0
2024-10-17 00:00:00-04:00,47.65999984741211,48.459999084472656,46.720001220703125,47.16999816894531,864900,0.0,0.0
2024-10-18 00:00:00-04:00,47.790000915527344,50.06999969482422,47.459999084472656,49.75,3005300,0.0,0.0
2024-10-21 00:00:00-04:00,49.91999816894531,50.0,48.61000061035156,49.11000061035156,1549500,0.0,0.0
2024-10-22 00:00:00-04:00,49.0,49.540000915527344,48.779998779296875,48.91999816894531,960000,0.0,0.0
2024-10-23 00:00:00-04:00,48.56999969482422,49.36000061035156,47.5099983215332,48.060001373291016,793900,0.0,0.0
2024-10-24 00:00:00-04:00,47.970001220703125,49.040000915527344,47.02000045776367,47.2400016784668,852800,0.0,0.0
2024-10-25 00:00:00-04:00,47.68000030517578,48.400001525878906,47.25,47.279998779296875,933200,0.0,0.0
2024-10-28 00:00:00-04:00,47.5099983215332,49.189998626708984,47.439998626708984,48.34000015258789,682800,0.0,0.0
2024-10-29 00:00:00-04:00,48.040000915527344,48.72999954223633,47.619998931884766,48.209999084472656,821900,0.0,0.0
2024-10-30 00:00:00-04:00,47.66999816894531,48.650001525878906,46.279998779296875,46.88999938964844,1426400,0.0,0.0
2024-10-31 00:00:00-04:00,45.9900016784668,49.91999816894531,42.0099983215332,48.970001220703125,2709700,0.0,0.0
2024-11-01 00:00:00-04:00,48.61000061035156,48.970001220703125,46.380001068115234,47.619998931884766,1462100,0.0,0.0
2024-11-04 00:00:00-05:00,47.630001068115234,51.31999969482422,47.630001068115234,50.060001373291016,1498000,0.0,0.0
2024-11-05 00:00:00-05:00,50.0,52.349998474121094,49.5099983215332,52.13999938964844,1252600,0.0,0.0
2024-11-06 00:00:00-05:00,54.08000183105469,54.880001068115234,53.060001373291016,54.22999954223633,981800,0.0,0.0
2024-11-07 00:00:00-05:00,54.11000061035156,55.2400016784668,53.650001525878906,54.29999923706055,871000,0.0,0.0
2024-11-08 00:00:00-05:00,54.29999923706055,61.65999984741211,54.29999923706055,59.599998474121094,1727400,0.0,0.0
2024-11-11 00:00:00-05:00,59.880001068115234,60.04999923706055,58.02000045776367,59.060001373291016,1220200,0.0,0.0
2024-11-12 00:00:00-05:00,59.0,59.97999954223633,57.0,57.790000915527344,1166200,0.0,0.0
2024-11-13 00:00:00-05:00,58.02000045776367,59.2599983215332,56.40999984741211,56.45000076293945,581400,0.0,0.0
2024-11-14 00:00:00-05:00,56.400001525878906,57.5,54.4900016784668,54.790000915527344,836600,0.0,0.0
2024-11-15 00:00:00-05:00,55.09000015258789,55.220001220703125,51.5099983215332,51.83000183105469,1414000,0.0,0.0
2024-11-18 00:00:00-05:00,52.0,52.9900016784668,51.689998626708984,52.619998931884766,767200,0.0,0.0
2024-11-19 00:00:00-05:00,52.790000915527344,54.56999969482422,52.25,54.310001373291016,620000,0.0,0.0
2024-11-20 00:00:00-05:00,54.310001373291016,56.130001068115234,54.02000045776367,56.09000015258789,1014200,0.0,0.0
2024-11-21 00:00:00-05:00,56.15999984741211,57.2400016784668,55.34000015258789,55.91999816894531,599800,0.0,0.0
2024-11-22 00:00:00-05:00,56.20000076293945,57.709999084472656,56.13999938964844,57.540000915527344,676100,0.0,0.0
2024-11-25 00:00:00-05:00,57.619998931884766,59.540000915527344,57.5,59.029998779296875,1501200,0.0,0.0
2024-11-26 00:00:00-05:00,59.02000045776367,59.02000045776367,57.29999923706055,58.58000183105469,788800,0.0,0.0
2024-11-27 00:00:00-05:00,58.86000061035156,59.209999084472656,57.84000015258789,58.599998474121094,477700,0.0,0.0
2024-11-29 00:00:00-05:00,58.630001068115234,59.119998931884766,57.43000030517578,57.68000030517578,299900,0.0,0.0
2024-12-02 00:00:00-05:00,57.400001525878906,59.5,56.56999969482422,59.209999084472656,959300,0.0,0.0
2024-12-03 00:00:00-05:00,58.88999938964844,59.790000915527344,57.869998931884766,59.66999816894531,770700,0.0,0.0
2024-12-04 00:00:00-05:00,59.81999969482422,62.220001220703125,59.529998779296875,60.849998474121094,761800,0.0,0.0
2024-12-05 00:00:00-05:00,59.9900016784668,60.20000076293945,59.02000045776367,59.41999816894531,509800,0.0,0.0
2024-12-06 00:00:00-05:00,60.209999084472656,61.369998931884766,59.900001525878906,60.779998779296875,538400,0.0,0.0
2024-12-09 00:00:00-05:00,60.810001373291016,61.189998626708984,58.02000045776367,59.2599983215332,1697100,0.0,0.0
2024-12-10 00:00:00-05:00,59.459999084472656,60.189998626708984,58.25,58.810001373291016,446500,0.0,0.0
2024-12-11 00:00:00-05:00,59.88999938964844,60.900001525878906,58.02000045776367,60.08000183105469,546000,0.0,0.0
2024-12-12 00:00:00-05:00,56.08000183105469,59.91999816894531,53.5099983215332,56.33000183105469,1067900,0.0,0.0
2024-12-13 00:00:00-05:00,57.619998931884766,58.5099983215332,55.20000076293945,55.400001525878906,1167800,0.0,0.0
2024-12-16 00:00:00-05:00,55.4900016784668,56.459999084472656,54.52000045776367,55.43000030517578,856100,0.0,0.0
2024-12-17 00:00:00-05:00,55.2599983215332,56.130001068115234,54.13999938964844,55.13999938964844,617700,0.0,0.0
2024-12-18 00:00:00-05:00,54.95000076293945,55.9900016784668,52.02000045776367,52.41999816894531,797600,0.0,0.0
2024-12-19 00:00:00-05:00,52.650001525878906,53.27000045776367,50.779998779296875,51.150001525878906,1280300,0.0,0.0
2024-12-20 00:00:00-05:00,50.58000183105469,52.349998474121094,50.02000045776367,51.400001525878906,2456300,0.0,0.0
2024-12-23 00:00:00-05:00,51.720001220703125,51.720001220703125,49.5099983215332,50.900001525878906,662200,0.0,0.0
2024-12-24 00:00:00-05:00,51.0,52.16999816894531,50.54999923706055,52.16999816894531,261100,0.0,0.0
2024-12-26 00:00:00-05:00,52.349998474121094,53.66999816894531,51.7400016784668,53.630001068115234,461500,0.0,0.0
2024-12-27 00:00:00-05:00,53.36000061035156,53.36000061035156,51.869998931884766,52.470001220703125,427100,0.0,0.0
2024-12-30 00:00:00-05:00,51.95000076293945,51.95000076293945,50.150001525878906,50.849998474121094,596200,0.0,0.0
2024-12-31 00:00:00-05:00,51.86000061035156,51.86000061035156,50.02000045776367,50.38999938964844,765700,0.0,0.0
2025-01-02 00:00:00-05:00,50.619998931884766,52.0,49.41999816894531,49.970001220703125,843800,0.0,0.0
2025-01-03 00:00:00-05:00,50.08000183105469,51.150001525878906,49.7599983215332,50.86000061035156,942700,0.0,0.0
2025-01-06 00:00:00-05:00,50.81999969482422,51.779998779296875,49.79999923706055,51.65999984741211,691300,0.0,0.0
2025-01-07 00:00:00-05:00,51.5,52.16999816894531,50.290000915527344,51.25,625300,0.0,0.0
2025-01-08 00:00:00-05:00,50.93000030517578,52.09000015258789,50.5,51.689998626708984,375000,0.0,0.0
2025-01-10 00:00:00-05:00,50.540000915527344,50.939998626708984,49.15999984741211,49.849998474121094,1014000,0.0,0.0
2025-01-13 00:00:00-05:00,49.47999954223633,51.130001068115234,49.0,51.060001373291016,590400,0.0,0.0
2025-01-14 00:00:00-05:00,51.58000183105469,52.560001373291016,50.90999984741211,51.65999984741211,1085600,0.0,0.0
2025-01-15 00:00:00-05:00,52.81999969482422,53.880001068115234,52.45000076293945,53.779998779296875,531200,0.0,0.0
2025-01-16 00:00:00-05:00,53.70000076293945,54.810001373291016,53.29999923706055,54.439998626708984,677200,0.0,0.0
2025-01-17 00:00:00-05:00,54.93000030517578,55.36000061035156,53.7599983215332,55.310001373291016,742400,0.0,0.0
2025-01-21 00:00:00-05:00,56.33000183105469,61.2400016784668,55.900001525878906,61.11000061035156,1100600,0.0,0.0
2025-01-22 00:00:00-05:00,61.209999084472656,61.630001068115234,58.02000045776367,59.029998779296875,1352900,0.0,0.0
2025-01-23 00:00:00-05:00,58.869998931884766,62.97999954223633,58.279998779296875,62.290000915527344,1058500,0.0,0.0
2025-01-24 00:00:00-05:00,62.290000915527344,62.290000915527344,59.349998474121094,59.9900016784668,1006600,0.0,0.0
2025-01-27 00:00:00-05:00,59.77000045776367,61.439998626708984,59.31999969482422,60.29999923706055,824000,0.0,0.0
2025-01-28 00:00:00-05:00,60.529998779296875,61.060001373291016,59.0099983215332,60.65999984741211,492900,0.0,0.0
2025-01-29 00:00:00-05:00,60.38999938964844,61.869998931884766,60.060001373291016,61.529998779296875,430600,0.0,0.0
2025-01-30 00:00:00-05:00,63.33000183105469,70.5999984741211,62.279998779296875,69.9000015258789,1877300,0.0,0.0
2025-01-31 00:00:00-05:00,70.05000305175781,71.29000091552734,65.3499984741211,66.91999816894531,1507000,0.0,0.0
2025-02-03 00:00:00-05:00,65.0999984741211,67.94000244140625,64.66000366210938,66.55000305175781,1226200,0.0,0.0
2025-02-04 00:00:00-05:00,65.97000122070312,67.8499984741211,65.94999694824219,66.91000366210938,776100,0.0,0.0
2025-02-05 00:00:00-05:00,67.0199966430664,68.93000030517578,66.77999877929688,68.44999694824219,715800,0.0,0.0
2025-02-06 00:00:00-05:00,68.11000061035156,69.4000015258789,67.41000366210938,68.04000091552734,888400,0.0,0.0
2025-02-07 00:00:00-05:00,68.05999755859375,70.01000213623047,67.16999816894531,68.01000213623047,654900,0.0,0.0
2025-02-10 00:00:00-05:00,68.08000183105469,68.66000366210938,67.33999633789062,67.54000091552734,619100,0.0,0.0
2025-02-11 00:00:00-05:00,67.91999816894531,70.2699966430664,67.7699966430664,68.11000061035156,576900,0.0,0.0
2025-02-12 00:00:00-05:00,66.62000274658203,70.68000030517578,66.27999877929688,70.1500015258789,641200,0.0,0.0
2025-02-13 00:00:00-05:00,70.12999725341797,73.75,69.55000305175781,73.61000061035156,951400,0.0,0.0
2025-02-14 00:00:00-05:00,74.0,74.61000061035156,72.0,72.72000122070312,816300,0.0,0.0
2025-02-18 00:00:00-05:00,73.62999725341797,74.5,71.5,72.5999984741211,592300,0.0,0.0
2025-02-19 00:00:00-05:00,73.8499984741211,75.0,71.5199966430664,73.52999877929688,807500,0.0,0.0
2025-02-20 00:00:00-05:00,73.05000305175781,74.0,64.33999633789062,65.08999633789062,1981400,0.0,0.0
2025-02-21 00:00:00-05:00,65.9000015258789,66.4800033569336,63.189998626708984,63.540000915527344,1206500,0.0,0.0
2025-02-24 00:00:00-05:00,63.939998626708984,64.19000244140625,60.5,61.810001373291016,1304100,0.0,0.0
2025-02-25 00:00:00-05:00,61.599998474121094,61.709999084472656,59.09000015258789,61.22999954223633,1267000,0.0,0.0
2025-02-26 00:00:00-05:00,61.61000061035156,64.25,61.59000015258789,63.369998931884766,1316600,0.0,0.0
2025-02-27 00:00:00-05:00,61.0,64.66000366210938,59.25,59.849998474121094,2111700,0.0,0.0
2025-02-28 00:00:00-05:00,60.189998626708984,61.040000915527344,59.119998931884766,60.58000183105469,1359600,0.0,0.0
2025-03-03 00:00:00-05:00,61.38999938964844,61.38999938964844,57.81999969482422,59.06999969482422,1738700,0.0,0.0
2025-03-04 00:00:00-05:00,58.720001220703125,60.31999969482422,55.79999923706055,55.9900016784668,1889400,0.0,0.0
2025-03-05 00:00:00-05:00,56.02000045776367,57.11000061035156,54.65999984741211,55.4900016784668,1230000,0.0,0.0
2025-03-06 00:00:00-05:00,54.369998931884766,56.11000061035156,53.81999969482422,54.29999923706055,1679100,0.0,0.0
2025-03-07 00:00:00-05:00,54.15999984741211,56.18000030517578,52.45000076293945,55.400001525878906,1439400,0.0,0.0
2025-03-10 00:00:00-04:00,53.599998474121094,56.560001373291016,52.95000076293945,56.400001525878906,1365100,0.0,0.0
2025-03-11 00:00:00-04:00,56.56999969482422,57.560001373291016,55.040000915527344,55.41999816894531,1332600,0.0,0.0
2025-03-12 00:00:00-04:00,57.470001220703125,57.95000076293945,54.400001525878906,55.0,1038200,0.0,0.0
2025-03-13 00:00:00-04:00,55.290000915527344,55.54999923706055,54.18000030517578,54.849998474121094,691700,0.0,0.0
2025-03-14 00:00:00-04:00,55.5099983215332,56.83000183105469,54.119998931884766,56.0099983215332,753500,0.0,0.0
2025-03-17 00:00:00-04:00,55.0099983215332,58.47999954223633,55.0099983215332,57.880001068115234,1049700,0.0,0.0
2025-03-18 00:00:00-04:00,57.45000076293945,57.880001068115234,56.099998474121094,56.5,722600,0.0,0.0
2025-03-19 00:00:00-04:00,56.06999969482422,58.61000061035156,55.63999938964844,58.0,805400,0.0,0.0
2025-03-20 00:00:00-04:00,57.31999969482422,59.720001220703125,57.02000045776367,57.59000015258789,882500,0.0,0.0
2025-03-21 00:00:00-04:00,56.7400016784668,59.13999938964844,56.33000183105469,58.65999984741211,1943500,0.0,0.0
2025-03-24 00:00:00-04:00,59.959999084472656,61.09000015258789,59.369998931884766,59.470001220703125,834000,0.0,0.0
2025-03-25 00:00:00-04:00,59.5,60.040000915527344,57.86000061035156,58.31999969482422,663500,0.0,0.0
2025-03-26 00:00:00-04:00,58.2599983215332,58.7599983215332,56.52000045776367,57.11000061035156,636400,0.0,0.0
2025-03-27 00:00:00-04:00,56.810001373291016,57.709999084472656,56.63999938964844,56.68000030517578,431500,0.0,0.0
2025-03-28 00:00:00-04:00,56.81999969482422,57.5099983215332,53.790000915527344,54.630001068115234,653500,0.0,0.0
2025-03-31 00:00:00-04:00,94.93000030517578,117.33000183105469,87.58000183105469,114.22000122070312,14339400,0.0,0.0
2025-04-01 00:00:00-04:00,114.68000030517578,114.70999908447266,91.05999755859375,91.93000030517578,7317600,0.0,0.0
2025-04-02 00:00:00-04:00,89.44000244140625,90.5,82.83999633789062,83.80999755859375,3042700,0.0,0.0
2025-04-03 00:00:00-04:00,79.16000366210938,82.95999908447266,77.01000213623047,79.37000274658203,2093000,0.0,0.0
2025-04-04 00:00:00-04:00,77.5999984741211,78.0,72.58999633789062,74.44999694824219,2541800,0.0,0.0
2025-04-07 00:00:00-04:00,72.88999938964844,77.48999786376953,69.04000091552734,74.6500015258789,2559400,0.0,0.0
2025-04-08 00:00:00-04:00,77.8499984741211,77.8499984741211,70.0,70.48999786376953,1715500,0.0,0.0
2025-04-09 00:00:00-04:00,69.54000091552734,75.08000183105469,64.62000274658203,72.97000122070312,2314200,0.0,0.0
2025-04-10 00:00:00-04:00,70.22000122070312,70.94000244140625,66.02999877929688,67.7300033569336,1650000,0.0,0.0
2025-04-11 00:00:00-04:00,67.3499984741211,68.87000274658203,65.06999969482422,68.62000274658203,1108900,0.0,0.0
2025-04-14 00:00:00-04:00,70.0,71.1500015258789,67.04000091552734,67.43000030517578,1138400,0.0,0.0
2025-04-15 00:00:00-04:00,67.43000030517578,70.37000274658203,67.41999816894531,69.58999633789062,1291000,0.0,0.0
2025-04-16 00:00:00-04:00,68.80000305175781,70.19999694824219,63.75,64.5999984741211,1510000,0.0,0.0
2025-04-17 00:00:00-04:00,64.5999984741211,65.4000015258789,61.939998626708984,62.2400016784668,1579000,0.0,0.0
2025-04-21 00:00:00-04:00,62.060001373291016,64.26000213623047,61.75,62.900001525878906,1198000,0.0,0.0
2025-04-22 00:00:00-04:00,63.43000030517578,65.08000183105469,62.040000915527344,64.68000030517578,1028800,0.0,0.0
2025-04-23 00:00:00-04:00,66.77999877929688,70.7300033569336,65.7699966430664,69.2699966430664,1800200,0.0,0.0
2025-04-24 00:00:00-04:00,69.22000122070312,76.16999816894531,69.11000061035156,71.79000091552734,2616200,0.0,0.0
2025-04-25 00:00:00-04:00,72.3499984741211,73.16000366210938,69.55999755859375,71.70999908447266,1279500,0.0,0.0
2025-04-28 00:00:00-04:00,73.86000061035156,74.55999755859375,70.7300033569336,70.94999694824219,1377500,0.0,0.0
2025-04-29 00:00:00-04:00,71.66000366210938,73.56999969482422,70.08000183105469,73.2300033569336,816800,0.0,0.0
2025-04-30 00:00:00-04:00,73.12000274658203,73.12000274658203,70.94999694824219,71.87999725341797,810000,0.0,0.0
2025-05-01 00:00:00-04:00,71.19999694824219,72.0999984741211,69.26000213623047,71.4800033569336,1031700,0.0,0.0
2025-05-02 00:00:00-04:00,71.87999725341797,74.22000122070312,71.16999816894531,72.7699966430664,1231600,0.0,0.0
2025-05-05 00:00:00-04:00,71.41000366210938,74.30000305175781,71.31999969482422,73.94000244140625,2220300,0.0,0.0
2025-05-06 00:00:00-04:00,67.23999786376953,75.41000366210938,67.0,70.73999786376953,1916900,0.0,0.0
2025-05-07 00:00:00-04:00,70.72000122070312,72.37999725341797,70.0199966430664,70.45999908447266,1331600,0.0,0.0
2025-05-08 00:00:00-04:00,70.62999725341797,72.20999908447266,68.91999816894531,71.37999725341797,1220800,0.0,0.0
2025-05-09 00:00:00-04:00,70.62000274658203,71.2699966430664,69.73999786376953,70.2300033569336,953400,0.0,0.0
2025-05-12 00:00:00-04:00,72.16999816894531,73.36000061035156,69.33000183105469,72.13999938964844,1163800,0.0,0.0
2025-05-13 00:00:00-04:00,72.20999908447266,73.12000274658203,70.52999877929688,70.58999633789062,1047900,0.0,0.0
2025-05-14 00:00:00-04:00,70.01000213623047,71.66999816894531,68.86000061035156,70.83999633789062,1299600,0.0,0.0
2025-05-15 00:00:00-04:00,70.83999633789062,73.56999969482422,70.55000305175781,73.36000061035156,1151200,0.0,0.0
2025-05-16 00:00:00-04:00,73.0199966430664,75.5,72.4800033569336,75.08000183105469,1129400,0.0,0.0
2025-05-19 00:00:00-04:00,73.66000366210938,75.12000274658203,73.36000061035156,74.81999969482422,720800,0.0,0.0
2025-05-20 00:00:00-04:00,75.19000244140625,76.72000122070312,74.52999877929688,76.22000122070312,815000,0.0,0.0
2025-05-21 00:00:00-04:00,75.08000183105469,77.0,74.75,75.80000305175781,995000,0.0,0.0
2025-05-22 00:00:00-04:00,75.41000366210938,77.0199966430664,74.33999633789062,76.08999633789062,889100,0.0,0.0
2025-05-23 00:00:00-04:00,74.69999694824219,79.68000030517578,74.55000305175781,78.69000244140625,975600,0.0,0.0
2025-05-27 00:00:00-04:00,80.44999694824219,80.6500015258789,76.16999816894531,76.80999755859375,1599800,0.0,0.0
2025-05-28 00:00:00-04:00,76.4000015258789,78.25,76.4000015258789,77.6500015258789,1365500,0.0,0.0
2025-05-29 00:00:00-04:00,78.48999786376953,78.48999786376953,76.51000213623047,77.63999938964844,1025700,0.0,0.0
2025-05-30 00:00:00-04:00,77.63999938964844,78.69999694824219,75.12000274658203,77.55999755859375,1203900,0.0,0.0
2025-06-02 00:00:00-04:00,77.55999755859375,86.19999694824219,70.0,71.68000030517578,6056200,0.0,0.0
2025-06-03 00:00:00-04:00,71.0999984741211,72.0199966430664,66.5,69.51000213623047,2476600,0.0,0.0
2025-06-04 00:00:00-04:00,69.93000030517578,70.69000244140625,68.75,69.9800033569336,1141900,0.0,0.0
2025-06-05 00:00:00-04:00,69.45999908447266,70.23999786376953,67.94000244140625,69.01000213623047,1300900,0.0,0.0
2025-06-06 00:00:00-04:00,69.6500015258789,70.72000122070312,68.76000213623047,69.5999984741211,973300,0.0,0.0
2025-06-09 00:00:00-04:00,70.83000183105469,71.2300033569336,69.3499984741211,70.56999969482422,1064600,0.0,0.0
2025-06-10 00:00:00-04:00,70.61000061035156,74.06999969482422,70.44999694824219,72.2699966430664,976000,0.0,0.0
2025-06-11 00:00:00-04:00,72.29000091552734,73.87999725341797,71.16000366210938,71.23999786376953,822000,0.0,0.0
2025-06-12 00:00:00-04:00,71.06999969482422,72.01000213623047,69.72000122070312,71.18000030517578,1553600,0.0,0.0
2025-06-13 00:00:00-04:00,69.83999633789062,70.94999694824219,69.37999725341797,70.05999755859375,1008700,0.0,0.0
2025-06-16 00:00:00-04:00,70.72000122070312,71.06999969482422,69.91999816894531,70.9000015258789,807000,0.0,0.0
2025-06-17 00:00:00-04:00,69.87999725341797,72.55000305175781,69.5999984741211,71.8499984741211,789600,0.0,0.0
2025-06-18 00:00:00-04:00,72.04000091552734,73.12999725341797,70.77999877929688,71.23999786376953,907300,0.0,0.0
2025-06-20 00:00:00-04:00,71.23999786376953,72.0,69.47000122070312,71.37999725341797,1736000,0.0,0.0
2025-06-23 00:00:00-04:00,71.37999725341797,74.4000015258789,71.0,74.27999877929688,967000,0.0,0.0
2025-06-24 00:00:00-04:00,75.06999969482422,77.41999816894531,73.33000183105469,76.7699966430664,889000,0.0,0.0
2025-06-25 00:00:00-04:00,77.02999877929688,77.16000366210938,73.72000122070312,73.98999786376953,643100,0.0,0.0
2025-06-26 00:00:00-04:00,73.9800033569336,74.43000030517578,72.4800033569336,74.33000183105469,778600,0.0,0.0
2025-06-27 00:00:00-04:00,75.12999725341797,75.94999694824219,72.9800033569336,73.22000122070312,11990900,0.0,0.0
2025-06-30 00:00:00-04:00,73.5999984741211,73.80999755859375,71.73999786376953,73.4000015258789,1018000,0.0,0.0
2025-07-01 00:00:00-04:00,73.30000305175781,73.80000305175781,69.27999877929688,69.30999755859375,1451600,0.0,0.0
2025-07-02 00:00:00-04:00,69.12000274658203,71.56999969482422,68.5199966430664,71.33999633789062,1154900,0.0,0.0
2025-07-03 00:00:00-04:00,71.62999725341797,72.72000122070312,71.44999694824219,72.2699966430664,675800,0.0,0.0
2025-07-07 00:00:00-04:00,71.54000091552734,71.55000305175781,66.48999786376953,67.55000305175781,1905000,0.0,0.0
2025-07-08 00:00:00-04:00,67.54000091552734,68.55000305175781,67.37999725341797,68.16000366210938,1096800,0.0,0.0
2025-07-09 00:00:00-04:00,68.9800033569336,70.94000244140625,68.31999969482422,70.88999938964844,1116700,0.0,0.0
2025-07-10 00:00:00-04:00,71.08000183105469,72.48999786376953,70.16000366210938,72.01000213623047,806800,0.0,0.0
2025-07-11 00:00:00-04:00,72.01000213623047,72.2300033569336,70.08999633789062,71.87999725341797,679500,0.0,0.0
2025-07-14 00:00:00-04:00,71.8499984741211,73.44000244140625,71.54000091552734,72.7699966430664,650200,0.0,0.0
2025-07-15 00:00:00-04:00,72.66000366210938,72.66000366210938,70.13999938964844,71.41000366210938,1049500,0.0,0.0
2025-07-16 00:00:00-04:00,71.66000366210938,73.45999908447266,71.54000091552734,72.8499984741211,634100,0.0,0.0
2025-07-17 00:00:00-04:00,72.8499984741211,73.77999877929688,72.41000366210938,73.0999984741211,726000,0.0,0.0
2025-07-18 00:00:00-04:00,73.48999786376953,73.5,70.76000213623047,70.86000061035156,563100,0.0,0.0
2025-07-21 00:00:00-04:00,71.38999938964844,71.56999969482422,69.61000061035156,70.12000274658203,629000,0.0,0.0
2025-07-22 00:00:00-04:00,70.12000274658203,71.1500015258789,68.94999694824219,69.08000183105469,852900,0.0,0.0
2025-07-23 00:00:00-04:00,69.33999633789062,70.11000061035156,67.56999969482422,68.38999938964844,719200,0.0,0.0
2025-07-24 00:00:00-04:00,68.5,69.1500015258789,67.44000244140625,67.58999633789062,649200,0.0,0.0
2025-07-25 00:00:00-04:00,67.72000122070312,68.66999816894531,67.52999877929688,68.29000091552734,395600,0.0,0.0
2025-07-28 00:00:00-04:00,68.77999877929688,70.44000244140625,68.37999725341797,69.1500015258789,829900,0.0,0.0
2025-07-29 00:00:00-04:00,69.1500015258789,69.44000244140625,67.75,68.19999694824219,853000,0.0,0.0
2025-07-30 00:00:00-04:00,68.1500015258789,70.2699966430664,67.97000122070312,69.91000366210938,874600,0.0,0.0
2025-07-31 00:00:00-04:00,68.94999694824219,70.73999786376953,66.94000244140625,67.16999816894531,1618400,0.0,0.0
2025-08-01 00:00:00-04:00,64.75,69.9000015258789,62.400001525878906,69.0,2107400,0.0,0.0
2025-08-04 00:00:00-04:00,67.62000274658203,71.91000366210938,66.45999908447266,71.7699966430664,1816500,0.0,0.0
2025-08-05 00:00:00-04:00,71.62999725341797,71.79000091552734,70.02999877929688,70.44999694824219,746500,0.0,0.0
2025-08-06 00:00:00-04:00,69.5,70.83000183105469,69.13999938964844,70.5199966430664,626600,0.0,0.0
2025-08-07 00:00:00-04:00,71.0,71.56999969482422,70.16000366210938,71.4800033569336,712400,0.0,0.0
2025-08-08 00:00:00-04:00,71.61000061035156,73.08000183105469,71.5999984741211,72.30000305175781,666800,0.0,0.0
2025-08-11 00:00:00-04:00,72.30000305175781,75.19999694824219,71.83000183105469,71.97000122070312,1052300,0.0,0.0
2025-08-12 00:00:00-04:00,71.97000122070312,73.80999755859375,71.0,73.58999633789062,514700,0.0,0.0
2025-08-13 00:00:00-04:00,74.0,74.54000091552734,72.38999938964844,72.80000305175781,460900,0.0,0.0
2025-08-14 00:00:00-04:00,72.31999969482422,72.95999908447266,71.20999908447266,72.0,545200,0.0,0.0
2025-08-15 00:00:00-04:00,71.94999694824219,72.36000061035156,70.75,71.75,692600,0.0,0.0
2025-08-18 00:00:00-04:00,71.77999877929688,72.33000183105469,71.08000183105469,71.76000213623047,547300,0.0,0.0
2025-08-19 00:00:00-04:00,71.80000305175781,72.0,70.06999969482422,70.19000244140625,783800,0.0,0.0
2025-08-20 00:00:00-04:00,70.05000305175781,70.91999816894531,70.05000305175781,70.4000015258789,383500,0.0,0.0
2025-08-21 00:00:00-04:00,70.33000183105469,71.27999877929688,70.31999969482422,70.9800033569336,572900,0.0,0.0
2025-08-22 00:00:00-04:00,71.16999816894531,71.2699966430664,69.7300033569336,70.33000183105469,866200,0.0,0.0
2025-08-25 00:00:00-04:00,70.47000122070312,70.81999969482422,68.7699966430664,68.81999969482422,881800,0.0,0.0
2025-08-26 00:00:00-04:00,68.8499984741211,69.6500015258789,68.23999786376953,69.56999969482422,652800,0.0,0.0
2025-08-27 00:00:00-04:00,69.56999969482422,70.36000061035156,69.44999694824219,69.7300033569336,595100,0.0,0.0
2025-08-28 00:00:00-04:00,69.73999786376953,70.6500015258789,69.02999877929688,69.58000183105469,591300,0.0,0.0
2025-08-29 00:00:00-04:00,69.4800033569336,69.87999725341797,68.81999969482422,69.72000122070312,397600,0.0,0.0
2025-09-02 00:00:00-04:00,69.33000183105469,71.61000061035156,69.33000183105469,71.37999725341797,806300,0.0,0.0
2025-09-03 00:00:00-04:00,71.43000030517578,72.5199966430664,70.73999786376953,71.33999633789062,405900,0.0,0.0
2025-09-04 00:00:00-04:00,71.4800033569336,71.95999908447266,69.04000091552734,69.37000274658203,551800,0.0,0.0
2025-09-05 00:00:00-04:00,69.62999725341797,69.8499984741211,67.7699966430664,69.36000061035156,967000,0.0,0.0
2025-09-08 00:00:00-04:00,69.2300033569336,71.45999908447266,67.31999969482422,71.2300033569336,754600,0.0,0.0
2025-09-09 00:00:00-04:00,71.26000213623047,72.19000244140625,70.33000183105469,71.7300033569336,746500,0.0,0.0
2025-09-10 00:00:00-04:00,72.44999694824219,73.58999633789062,71.30000305175781,71.62000274658203,615500,0.0,0.0
2025-09-11 00:00:00-04:00,71.83999633789062,74.5,71.38999938964844,74.33000183105469,718100,0.0,0.0
2025-09-12 00:00:00-04:00,74.27999877929688,74.79000091552734,71.61000061035156,72.87000274658203,664300,0.0,0.0
2025-09-15 00:00:00-04:00,72.87000274658203,73.81999969482422,69.4800033569336,69.52999877929688,701400,0.0,0.0
2025-09-16 00:00:00-04:00,69.25,71.48999786376953,69.02999877929688,71.31999969482422,937100,0.0,0.0
2025-09-17 00:00:00-04:00,71.61000061035156,75.54000091552734,71.0,75.18000030517578,1114500,0.0,0.0
2025-09-18 00:00:00-04:00,75.37000274658203,79.93000030517578,74.88999938964844,79.80000305175781,1524900,0.0,0.0
2025-09-19 00:00:00-04:00,81.27999877929688,81.33000183105469,78.58000183105469,80.5199966430664,3109800,0.0,0.0
2025-09-22 00:00:00-04:00,80.41000366210938,80.83000183105469,79.06999969482422,80.0,834500,0.0,0.0
2025-09-23 00:00:00-04:00,80.02999877929688,84.5,79.77999877929688,83.31999969482422,950600,0.0,0.0
2025-09-24 00:00:00-04:00,83.3499984741211,84.69999694824219,81.4000015258789,83.83999633789062,1108000,0.0,0.0
2025-09-25 00:00:00-04:00,83.37999725341797,84.23999786376953,81.98999786376953,82.7300033569336,705500,0.0,0.0
2025-09-26 00:00:00-04:00,83.80999755859375,84.88999938964844,82.77999877929688,83.87000274658203,482800,0.0,0.0
2025-09-29 00:00:00-04:00,84.12999725341797,84.72000122070312,83.44000244140625,83.9000015258789,595400,0.0,0.0
2025-09-30 00:00:00-04:00,85.5,85.5,83.04000091552734,83.11000061035156,526100,0.0,0.0
2025-10-01 00:00:00-04:00,83.06999969482422,85.91000366210938,82.6500015258789,84.25,796100,0.0,0.0
2025-10-02 00:00:00-04:00,84.5,85.5999984741211,83.9000015258789,85.4800033569336,490900,0.0,0.0
2025-10-03 00:00:00-04:00,86.58999633789062,88.69000244140625,85.80000305175781,88.1500015258789,843100,0.0,0.0
2025-10-06 00:00:00-04:00,88.33999633789062,90.70999908447266,88.1500015258789,89.8499984741211,815200,0.0,0.0
2025-10-07 00:00:00-04:00,89.83000183105469,90.31999969482422,89.05999755859375,90.31999969482422,1145100,0.0,0.0
2025-10-08 00:00:00-04:00,91.0,91.0,85.61000061035156,88.43000030517578,1060900,0.0,0.0
2025-10-09 00:00:00-04:00,88.56999969482422,90.26000213623047,88.06999969482422,88.36000061035156,693000,0.0,0.0
2025-10-10 00:00:00-04:00,87.54000091552734,87.54000091552734,73.12000274658203,73.95999908447266,2281900,0.0,0.0
2025-10-13 00:00:00-04:00,75.16999816894531,76.83999633789062,70.63999938964844,71.52999877929688,1171000,0.0,0.0
2025-10-14 00:00:00-04:00,71.30000305175781,73.6500015258789,69.43000030517578,72.12000274658203,951600,0.0,0.0
2025-10-15 00:00:00-04:00,72.33000183105469,80.45999908447266,72.33000183105469,76.80999755859375,1385300,0.0,0.0
2025-10-16 00:00:00-04:00,78.37999725341797,79.58000183105469,76.33999633789062,79.47000122070312,1211800,0.0,0.0
2025-10-17 00:00:00-04:00,78.62999725341797,80.23999786376953,76.44000244140625,78.69000244140625,1331000,0.0,0.0
2025-10-20 00:00:00-04:00,79.70999908447266,80.29000091552734,77.91000366210938,78.5999984741211,1322500,0.0,0.0
2025-10-21 00:00:00-04:00,78.12999725341797,78.26000213623047,75.37999725341797,75.38999938964844,739400,0.0,0.0
2025-10-22 00:00:00-04:00,76.16999816894531,76.48999786376953,72.83999633789062,73.6500015258789,706300,0.0,0.0
2025-10-23 00:00:00-04:00,73.16000366210938,73.8499984741211,71.66000366210938,72.9800033569336,552700,0.0,0.0
2025-10-24 00:00:00-04:00,73.58999633789062,74.41999816894531,72.33000183105469,72.5199966430664,456300,0.0,0.0
2025-10-27 00:00:00-04:00,73.37000274658203,74.7699966430664,72.25,72.55999755859375,713800,0.0,0.0
2025-10-28 00:00:00-04:00,72.55999755859375,72.80999755859375,70.88999938964844,71.55999755859375,571400,0.0,0.0
2025-10-29 00:00:00-04:00,72.02999877929688,73.08999633789062,70.97000122070312,72.05000305175781,551300,0.0,0.0
2025-10-30 00:00:00-04:00,72.20999908447266,73.98999786376953,71.58999633789062,72.26000213623047,577600,0.0,0.0
2025-10-31 00:00:00-04:00,72.97000122070312,74.22000122070312,72.47000122070312,73.47000122070312,686800,0.0,0.0
2025-11-03 00:00:00-05:00,73.05999755859375,74.2699966430664,70.5,74.16999816894531,712300,0.0,0.0
2025-11-04 00:00:00-05:00,72.58000183105469,73.69000244140625,69.68000030517578,71.0999984741211,1130200,0.0,0.0
2025-11-05 00:00:00-05:00,67.0,77.0199966430664,67.0,76.6500015258789,1021900,0.0,0.0
2025-11-06 00:00:00-05:00,76.52999877929688,76.73999786376953,73.04000091552734,73.05999755859375,724200,0.0,0.0
2025-11-07 00:00:00-05:00,73.05999755859375,74.02999877929688,71.5199966430664,73.72000122070312,646900,0.0,0.0
2025-11-10 00:00:00-05:00,70.7699966430664,76.4800033569336,70.73999786376953,75.48999786376953,1254000,0.0,0.0
2025-11-11 00:00:00-05:00,75.41999816894531,79.4000015258789,75.29000091552734,79.01000213623047,492300,0.0,0.0
2025-11-12 00:00:00-05:00,79.29000091552734,79.88999938964844,78.16000366210938,78.38999938964844,597600,0.0,0.0
2025-11-13 00:00:00-05:00,77.54000091552734,77.9800033569336,75.11000061035156,75.75,460700,0.0,0.0
2025-11-14 00:00:00-05:00,74.12000274658203,76.62000274658203,74.12000274658203,75.54000091552734,373700,0.0,0.0
2025-11-17 00:00:00-05:00,75.31999969482422,76.80000305175781,74.69999694824219,75.12000274658203,551900,0.0,0.0
2025-11-18 00:00:00-05:00,74.04000091552734,75.93000030517578,73.79000091552734,75.11000061035156,471000,0.0,0.0
2025-11-19 00:00:00-05:00,75.66999816894531,76.2300033569336,73.91999816894531,76.0999984741211,433100,0.0,0.0
2025-11-20 00:00:00-05:00,77.26000213623047,78.98999786376953,74.83000183105469,75.05000305175781,771600,0.0,0.0
2025-11-21 00:00:00-05:00,75.0999984741211,78.9800033569336,74.93000030517578,77.29000091552734,542900,0.0,0.0
2025-11-24 00:00:00-05:00,77.47000122070312,78.73999786376953,77.01000213623047,77.70999908447266,476000,0.0,0.0
2025-11-25 00:00:00-05:00,78.58999633789062,81.41000366210938,78.4000015258789,80.27999877929688,545100,0.0,0.0
2025-11-26 00:00:00-05:00,80.27999877929688,81.30000305175781,79.25,79.80000305175781,761200,0.0,0.0
2025-11-28 00:00:00-05:00,79.5999984741211,80.04000091552734,78.62999725341797,79.4000015258789,201500,0.0,0.0
2025-12-01 00:00:00-05:00,78.16999816894531,80.13999938964844,77.55000305175781,79.77999877929688,900000,0.0,0.0
2025-12-02 00:00:00-05:00,79.77999877929688,81.76000213623047,78.19000244140625,80.76000213623047,1149200,0.0,0.0
2025-12-03 00:00:00-05:00,81.04000091552734,84.47000122070312,80.83000183105469,83.66999816894531,724500,0.0,0.0
2025-12-04 00:00:00-05:00,84.3499984741211,85.83999633789062,83.06999969482422,84.66000366210938,992300,0.0,0.0
2025-12-05 00:00:00-05:00,85.2699966430664,86.38999938964844,83.5999984741211,86.11000061035156,644200,0.0,0.0
2025-12-08 00:00:00-05:00,87.19000244140625,87.19000244140625,82.61000061035156,82.9800033569336,883600,0.0,0.0
2025-12-09 00:00:00-05:00,82.56999969482422,84.91999816894531,81.30999755859375,83.1500015258789,887700,0.0,0.0
2025-12-10 00:00:00-05:00,83.6500015258789,85.98999786376953,82.72000122070312,85.30999755859375,653900,0.0,0.0
2025-12-11 00:00:00-05:00,85.33000183105469,87.5,85.05999755859375,87.12999725341797,942300,0.0,0.0
2025-12-12 00:00:00-05:00,87.2300033569336,88.7300033569336,86.12999725341797,87.98999786376953,1029100,0.0,0.0
2025-12-15 00:00:00-05:00,88.73999786376953,89.0,87.11000061035156,87.30000305175781,942000,0.0,0.0
2025-12-16 00:00:00-05:00,86.0199966430664,86.58000183105469,78.06999969482422,81.12000274658203,2633700,0.0,0.0
2025-12-17 00:00:00-05:00,81.19000244140625,82.9800033569336,79.0199966430664,82.27999877929688,1092700,0.0,0.0
2025-12-18 00:00:00-05:00,82.27999877929688,83.37000274658203,81.01000213623047,81.54000091552734,1208600,0.0,0.0
2025-12-19 00:00:00-05:00,82.51000213623047,85.33999633789062,81.26000213623047,83.76000213623047,2270300,0.0,0.0
2025-12-22 00:00:00-05:00,84.37000274658203,85.27999877929688,83.05000305175781,85.11000061035156,792500,0.0,0.0
2025-12-23 00:00:00-05:00,84.4000015258789,85.16000366210938,80.37999725341797,81.98999786376953,1524500,0.0,0.0
2025-12-24 00:00:00-05:00,82.01000213623047,84.4800033569336,81.97000122070312,83.58999633789062,313900,0.0,0.0
2025-12-26 00:00:00-05:00,83.41000366210938,83.69999694824219,82.12999725341797,82.6500015258789,342900,0.0,0.0
2025-12-29 00:00:00-05:00,82.31999969482422,82.9800033569336,79.66999816894531,79.81999969482422,913900,0.0,0.0
2025-12-30 00:00:00-05:00,79.75,79.75,69.91000366210938,70.19999694824219,2382700,0.0,0.0
2025-12-31 00:00:00-05:00,38.88999938964844,39.0,32.9900016784668,34.79999923706055,20305000,0.0,0.0
2026-01-02 00:00:00-05:00,35.7599983215332,38.439998626708984,35.119998931884766,38.20000076293945,6702900,0.0,0.0
2026-01-05 00:00:00-05:00,38.13999938964844,38.16999816894531,34.88999938964844,34.95000076293945,5194700,0.0,0.0
2026-01-06 00:00:00-05:00,34.84000015258789,36.900001525878906,34.279998779296875,35.779998779296875,3842000,0.0,0.0
2026-01-07 00:00:00-05:00,36.29999923706055,37.650001525878906,35.599998474121094,37.0,1851600,0.0,0.0
2026-01-08 00:00:00-05:00,36.5,37.5,36.130001068115234,36.529998779296875,1863500,0.0,0.0
2026-01-09 00:00:00-05:00,36.95000076293945,37.70000076293945,36.20000076293945,37.5,1613200,0.0,0.0
2026-01-12 00:00:00-05:00,37.439998626708984,38.11000061035156,37.0,37.36000061035156,1325900,0.0,0.0
2026-01-13 00:00:00-05:00,37.349998474121094,37.459999084472656,36.22999954223633,36.349998474121094,1239200,0.0,0.0
2026-01-14 00:00:00-05:00,36.099998474121094,37.47999954223633,35.709999084472656,37.040000915527344,1284900,0.0,0.0
2026-01-15 00:00:00-05:00,37.0,37.220001220703125,35.15999984741211,35.38999938964844,1351800,0.0,0.0
2026-01-16 00:00:00-05:00,35.38999938964844,35.86000061035156,34.540000915527344,34.72999954223633,2415900,0.0,0.0
2026-01-20 00:00:00-05:00,34.11000061035156,35.310001373291016,33.79999923706055,35.290000915527344,1632800,0.0,0.0
2026-01-21 00:00:00-05:00,35.290000915527344,37.5,35.0,36.310001373291016,1436300,0.0,0.0
2026-01-22 00:00:00-05:00,41.5099983215332,43.5,40.459999084472656,41.29999923706055,5899100,0.0,0.0
2026-01-23 00:00:00-05:00,41.77000045776367,44.84000015258789,41.40999984741211,43.97999954223633,3946500,0.0,0.0
2026-01-26 00:00:00-05:00,43.209999084472656,45.66999816894531,42.900001525878906,45.63999938964844,1838700,0.0,0.0
2026-01-27 00:00:00-05:00,45.529998779296875,46.290000915527344,43.52000045776367,46.220001220703125,1751100,0.0,0.0
2026-01-28 00:00:00-05:00,46.2599983215332,47.060001373291016,45.2400016784668,45.849998474121094,1668400,0.0,0.0
2026-01-29 00:00:00-05:00,45.7400016784668,46.09000015258789,44.34000015258789,44.61000061035156,1785900,0.0,0.0
2026-01-30 00:00:00-05:00,37.38999938964844,40.720001220703125,36.79999923706055,39.869998931884766,5067500,0.0,0.0
2026-02-02 00:00:00-05:00,39.869998931884766,42.2599983215332,39.630001068115234,40.709999084472656,2250800,0.0,0.0
2026-02-03 00:00:00-05:00,40.540000915527344,41.279998779296875,39.7400016784668,40.70000076293945,1752200,0.0,0.0
2026-02-04 00:00:00-05:00,41.02000045776367,41.36000061035156,39.41999816894531,40.130001068115234,1297700,0.0,0.0
2026-02-05 00:00:00-05:00,39.900001525878906,40.75,38.099998474121094,38.36000061035156,1063400,0.0,0.0
2026-02-06 00:00:00-05:00,39.0099983215332,40.849998474121094,38.68000030517578,40.83000183105469,1384500,0.0,0.0
2026-02-09 00:00:00-05:00,40.77000045776367,41.40999984741211,40.29999923706055,41.310001373291016,858000,0.0,0.0
2026-02-10 00:00:00-05:00,41.279998779296875,41.91999816894531,40.81999969482422,40.970001220703125,591800,0.0,0.0
2026-02-11 00:00:00-05:00,40.59000015258789,41.0,39.65999984741211,40.83000183105469,851600,0.0,0.0
2026-02-12 00:00:00-05:00,40.849998474121094,40.849998474121094,38.0,38.34000015258789,1367700,0.0,0.0
2026-02-13 00:00:00-05:00,39.11000061035156,40.43000030517578,39.09000015258789,39.970001220703125,684500,0.0,0.0
2026-02-17 00:00:00-05:00,39.900001525878906,40.40999984741211,39.40999984741211,39.630001068115234,840200,0.0,0.0
2026-02-18 00:00:00-05:00,39.47999954223633,40.5099983215332,39.150001525878906,39.81999969482422,808000,0.0,0.0
2026-02-19 00:00:00-05:00,39.650001525878906,40.279998779296875,28.65999984741211,34.2400016784668,11764600,0.0,0.0
2026-02-20 00:00:00-05:00,33.970001220703125,35.060001373291016,33.290000915527344,34.81999969482422,2560100,0.0,0.0
2026-02-23 00:00:00-05:00,34.61000061035156,35.779998779296875,34.209999084472656,35.34000015258789,1673800,0.0,0.0
2026-02-24 00:00:00-05:00,35.400001525878906,37.58000183105469,35.400001525878906,36.47999954223633,1972300,0.0,0.0
2026-02-25 00:00:00-05:00,37.650001525878906,38.220001220703125,33.939998626708984,36.220001220703125,2985800,0.0,0.0
2026-02-26 00:00:00-05:00,36.470001220703125,36.470001220703125,34.5,35.779998779296875,1576900,0.0,0.0
2026-02-27 00:00:00-05:00,35.209999084472656,35.7400016784668,34.56999969482422,35.70000076293945,1408900,0.0,0.0
2026-03-02 00:00:00-05:00,34.560001373291016,36.27000045776367,34.34000015258789,35.970001220703125,1134300,0.0,0.0
2026-03-03 00:00:00-05:00,34.91999816894531,35.72999954223633,34.0,35.279998779296875,1397600,0.0,0.0
2026-03-04 00:00:00-05:00,35.279998779296875,36.060001373291016,34.93000030517578,35.689998626708984,1082100,0.0,0.0
2026-03-05 00:00:00-05:00,34.939998626708984,35.54999923706055,33.849998474121094,34.040000915527344,1330200,0.0,0.0
2026-03-06 00:00:00-05:00,33.2599983215332,34.18000030517578,32.9900016784668,33.869998931884766,1230000,0.0,0.0
2026-03-09 00:00:00-04:00,33.56999969482422,34.11000061035156,33.099998474121094,33.9900016784668,1208800,0.0,0.0
2026-03-10 00:00:00-04:00,34.0,34.0,32.93000030517578,33.540000915527344,1018300,0.0,0.0
2026-03-11 00:00:00-04:00,33.470001220703125,34.27000045776367,33.0,33.7400016784668,1239000,0.0,0.0
2026-03-12 00:00:00-04:00,33.220001220703125,33.43000030517578,31.959999084472656,32.38999938964844,1154400,0.0,0.0
2026-03-13 00:00:00-04:00,32.77000045776367,33.119998931884766,31.809999465942383,32.150001525878906,1019100,0.0,0.0
2026-03-16 00:00:00-04:00,32.36000061035156,32.849998474121094,32.040000915527344,32.18000030517578,725200,0.0,0.0
2026-03-17 00:00:00-04:00,32.40999984741211,33.68000030517578,32.22999954223633,33.5099983215332,1038600,0.0,0.0
2026-03-18 00:00:00-04:00,33.0099983215332,33.4900016784668,32.68000030517578,33.29999923706055,1653900,0.0,0.0
2026-03-19 00:00:00-04:00,32.95000076293945,34.25,32.88999938964844,34.08000183105469,1266400,0.0,0.0
2026-03-20 00:00:00-04:00,35.5,36.349998474121094,34.459999084472656,34.63999938964844,3205400,0.0,0.0
2026-03-23 00:00:00-04:00,35.0,35.27000045776367,33.61000061035156,33.630001068115234,1338900,0.0,0.0
2026-03-24 00:00:00-04:00,33.16999816894531,34.11000061035156,33.0,33.81999969482422,1242500,0.0,0.0
2026-03-25 00:00:00-04:00,34.150001525878906,50.400001525878906,33.9900016784668,40.470001220703125,11743400,0.0,0.0
2026-03-26 00:00:00-04:00,38.7599983215332,40.119998931884766,37.880001068115234,38.529998779296875,3033300,0.0,0.0
2026-03-27 00:00:00-04:00,38.09000015258789,38.439998626708984,37.150001525878906,37.599998474121094,1774600,0.0,0.0
2026-03-30 00:00:00-04:00,37.810001373291016,38.970001220703125,37.470001220703125,38.119998931884766,1928962,0.0,0.0
