Date,Open,High,Low,Close,Volume,Dividends,Stock Splits
2022-01-03 00:00:00-05:00,83.72000122070312,94.37999725341797,83.72000122070312,91.0,15662,0.0,0.0
2022-01-04 00:00:00-05:00,97.5,97.5,90.08999633789062,90.73999786376953,27662,0.0,0.0
2022-01-05 00:00:00-05:00,93.86000061035156,93.86000061035156,85.27999877929688,86.58000183105469,9231,0.0,0.0
2022-01-06 00:00:00-05:00,84.62999725341797,88.36100006103516,77.4800033569336,78.0,11269,0.0,0.0
2022-01-07 00:00:00-05:00,77.61000061035156,78.38999938964844,65.6500015258789,65.6500015258789,19646,0.0,0.0
2022-01-10 00:00:00-05:00,68.37999725341797,71.11000061035156,64.3499984741211,65.26000213623047,21515,0.0,0.0
2022-01-11 00:00:00-05:00,65.0,70.33000183105469,64.49299621582031,69.80999755859375,16615,0.0,0.0
2022-01-12 00:00:00-05:00,70.58999633789062,76.44000244140625,70.33000183105469,73.70999908447266,17677,0.0,0.0
2022-01-13 00:00:00-05:00,72.0199966430664,74.2300033569336,66.30000305175781,66.69000244140625,20877,0.0,0.0
2022-01-14 00:00:00-05:00,69.16000366210938,70.9800033569336,66.55999755859375,67.5999984741211,3515,0.0,0.0
2022-01-18 00:00:00-05:00,64.87000274658203,67.7300033569336,64.61000061035156,65.77999877929688,4085,0.0,0.0
2022-01-19 00:00:00-05:00,65.0,67.15799713134766,63.70000076293945,63.83000183105469,9292,0.0,0.0
2022-01-20 00:00:00-05:00,63.70000076293945,65.66300201416016,63.70000076293945,64.22000122070312,6731,0.0,0.0
2022-01-21 00:00:00-05:00,65.5199966430664,65.5199966430664,60.709999084472656,62.27000045776367,8469,0.0,0.0
2022-01-24 00:00:00-05:00,59.79999923706055,61.880001068115234,57.20000076293945,61.099998474121094,5038,0.0,0.0
2022-01-25 00:00:00-05:00,59.66999816894531,60.58000183105469,57.459999084472656,59.279998779296875,4269,0.0,0.0
2022-01-26 00:00:00-05:00,64.08999633789062,65.0,60.64500045776367,62.65999984741211,5708,0.0,0.0
2022-01-27 00:00:00-05:00,63.439998626708984,65.0,60.45000076293945,63.56999969482422,4692,0.0,0.0
2022-01-28 00:00:00-05:00,63.04999923706055,65.0,62.400001525878906,63.959999084472656,1962,0.0,0.0
2022-01-31 00:00:00-05:00,64.4800033569336,65.0,59.540000915527344,61.36000061035156,8262,0.0,0.0
2022-02-01 00:00:00-05:00,61.880001068115234,61.880001068115234,59.540000915527344,60.58000183105469,5131,0.0,0.0
2022-02-02 00:00:00-05:00,62.0099983215332,63.18000030517578,60.189998626708984,62.13999938964844,7100,0.0,0.0
2022-02-03 00:00:00-05:00,62.400001525878906,64.73999786376953,60.709999084472656,64.61000061035156,13762,0.0,0.0
2022-02-04 00:00:00-05:00,63.959999084472656,68.25,62.790000915527344,68.25,11231,0.0,0.0
2022-02-07 00:00:00-05:00,66.94999694824219,70.73300170898438,66.94999694824219,69.68000030517578,4685,0.0,0.0
2022-02-08 00:00:00-05:00,70.9800033569336,72.0199966430664,68.93900299072266,70.72000122070312,2846,0.0,0.0
2022-02-09 00:00:00-05:00,71.23999786376953,73.58000183105469,69.02999877929688,73.44999694824219,14646,0.0,0.0
2022-02-10 00:00:00-05:00,73.58000183105469,77.3499984741211,72.80000305175781,77.22000122070312,7531,0.0,0.0
2022-02-11 00:00:00-05:00,78.0,83.83699798583984,76.05000305175781,81.25,9431,0.0,0.0
2022-02-14 00:00:00-05:00,80.08000183105469,81.9000015258789,73.44999694824219,74.36000061035156,3031,0.0,0.0
2022-02-15 00:00:00-05:00,74.0999984741211,75.2699966430664,68.51000213623047,69.29000091552734,6385,0.0,0.0
2022-02-16 00:00:00-05:00,69.16000366210938,70.04399871826172,67.33999633789062,69.16000366210938,4069,0.0,0.0
2022-02-17 00:00:00-05:00,69.29000091552734,74.48999786376953,68.9000015258789,72.54000091552734,1638,0.0,0.0
2022-02-18 00:00:00-05:00,72.80000305175781,74.75,72.80000305175781,74.2300033569336,3569,0.0,0.0
2022-02-22 00:00:00-05:00,74.2300033569336,74.29499816894531,71.11000061035156,73.19000244140625,3115,0.0,0.0
2022-02-23 00:00:00-05:00,73.70999908447266,76.83000183105469,72.41000366210938,73.19000244140625,1315,0.0,0.0
2022-02-24 00:00:00-05:00,70.45999908447266,74.0999984741211,70.12200164794922,72.80000305175781,1692,0.0,0.0
2022-02-25 00:00:00-05:00,71.37000274658203,77.3499984741211,71.37000274658203,77.3499984741211,5169,0.0,0.0
2022-02-28 00:00:00-05:00,78.12999725341797,85.80000305175781,77.3499984741211,77.73999786376953,13138,0.0,0.0
2022-03-01 00:00:00-05:00,78.38999938964844,83.05699920654297,75.11399841308594,78.26000213623047,3808,0.0,0.0
2022-03-02 00:00:00-05:00,78.91000366210938,80.33999633789062,75.66000366210938,75.66000366210938,1562,0.0,0.0
2022-03-03 00:00:00-05:00,76.30999755859375,77.3499984741211,71.76000213623047,72.66999816894531,3938,0.0,0.0
2022-03-04 00:00:00-05:00,73.83999633789062,75.52999877929688,69.94000244140625,74.62000274658203,2523,0.0,0.0
2022-03-07 00:00:00-05:00,81.51000213623047,82.29000091552734,74.36000061035156,74.62000274658203,9931,0.0,0.0
2022-03-08 00:00:00-05:00,73.05999755859375,80.98999786376953,73.05999755859375,77.73999786376953,8977,0.0,0.0
2022-03-09 00:00:00-05:00,79.16999816894531,84.23999786376953,77.08999633789062,80.5999984741211,10946,0.0,0.0
2022-03-10 00:00:00-05:00,81.9000015258789,90.61000061035156,81.25,88.4000015258789,24700,0.0,0.0
2022-03-11 00:00:00-05:00,89.69999694824219,93.5999984741211,87.0999984741211,89.30999755859375,7554,0.0,0.0
2022-03-14 00:00:00-04:00,91.0,92.30000305175781,65.0,68.51000213623047,16646,0.0,0.0
2022-03-15 00:00:00-04:00,68.63999938964844,80.08000183105469,68.63999938964844,78.12999725341797,12615,0.0,0.0
2022-03-16 00:00:00-04:00,81.63999938964844,85.39700317382812,78.12999725341797,83.8499984741211,27646,0.0,0.0
2022-03-17 00:00:00-04:00,83.19999694824219,88.01000213623047,83.19999694824219,85.66999816894531,13531,0.0,0.0
2022-03-18 00:00:00-04:00,85.41000366210938,88.13999938964844,81.37999725341797,83.58999633789062,98400,0.0,0.0
2022-03-21 00:00:00-04:00,85.0199966430664,85.27999877929688,76.95999908447266,81.63999938964844,13262,0.0,0.0
2022-03-22 00:00:00-04:00,83.45999908447266,88.13999938964844,81.51000213623047,85.27999877929688,9577,0.0,0.0
2022-03-23 00:00:00-04:00,86.58000183105469,88.13999938964844,84.23999786376953,87.0999984741211,9138,0.0,0.0
2022-03-24 00:00:00-04:00,89.44000244140625,92.16999816894531,86.19000244140625,89.69999694824219,8815,0.0,0.0
2022-03-25 00:00:00-04:00,90.22000122070312,97.21399688720703,90.08999633789062,93.47000122070312,8769,0.0,0.0
2022-03-28 00:00:00-04:00,95.55000305175781,95.94000244140625,86.19000244140625,92.69000244140625,9208,0.0,0.0
2022-03-29 00:00:00-04:00,93.86000061035156,98.66999816894531,90.87000274658203,95.41999816894531,9054,0.0,0.0
2022-03-30 00:00:00-04:00,96.9800033569336,101.91999816894531,96.26499938964844,98.93000030517578,7554,0.0,0.0
2022-03-31 00:00:00-04:00,103.61000061035156,120.9000015258789,101.07499694824219,110.37000274658203,35038,0.0,0.0
2022-04-01 00:00:00-04:00,115.83000183105469,117.12999725341797,109.70700073242188,113.48999786376953,18715,0.0,0.0
2022-04-04 00:00:00-04:00,112.44999694824219,117.12999725341797,103.3499984741211,117.12999725341797,16192,0.0,0.0
2022-04-05 00:00:00-04:00,114.66000366210938,116.4800033569336,109.8499984741211,116.4800033569336,9331,0.0,0.0
2022-04-06 00:00:00-04:00,113.75,115.18000030517578,106.7300033569336,113.0999984741211,13331,0.0,0.0
2022-04-07 00:00:00-04:00,112.44999694824219,115.54399871826172,106.5999984741211,107.25,8569,0.0,0.0
2022-04-08 00:00:00-04:00,105.55999755859375,105.55999755859375,89.83000183105469,93.47000122070312,16408,0.0,0.0
2022-04-11 00:00:00-04:00,91.5199966430664,97.11000061035156,88.02300262451172,96.72000122070312,13408,0.0,0.0
2022-04-12 00:00:00-04:00,95.94000244140625,105.30000305175781,94.37999725341797,104.26000213623047,6246,0.0,0.0
2022-04-13 00:00:00-04:00,105.04000091552734,106.5999984741211,102.30999755859375,105.16999816894531,4338,0.0,0.0
2022-04-14 00:00:00-04:00,105.55999755859375,106.20999908447266,103.3499984741211,105.04000091552734,3023,0.0,0.0
2022-04-18 00:00:00-04:00,105.30000305175781,106.86000061035156,101.20500183105469,103.22000122070312,4538,0.0,0.0
2022-04-19 00:00:00-04:00,104.77999877929688,107.63999938964844,104.0260009765625,107.63999938964844,4477,0.0,0.0
2022-04-20 00:00:00-04:00,109.9800033569336,115.05000305175781,107.37999725341797,114.91999816894531,6554,0.0,0.0
2022-04-21 00:00:00-04:00,116.61000061035156,125.58000183105469,112.31999969482422,113.0999984741211,13338,0.0,0.0
2022-04-22 00:00:00-04:00,110.5,111.34500122070312,98.66999816894531,101.01000213623047,7562,0.0,0.0
2022-04-25 00:00:00-04:00,100.87999725341797,108.16000366210938,97.88999938964844,106.20999908447266,6469,0.0,0.0
2022-04-26 00:00:00-04:00,110.37000274658203,110.37000274658203,102.03700256347656,104.91000366210938,7462,0.0,0.0
2022-04-27 00:00:00-04:00,104.0,107.63999938964844,100.48999786376953,100.75,6592,0.0,0.0
2022-04-28 00:00:00-04:00,101.66000366210938,101.91999816894531,86.31999969482422,92.30000305175781,12362,0.0,0.0
2022-04-29 00:00:00-04:00,92.55999755859375,97.5,90.73999786376953,91.0,7015,0.0,0.0
2022-05-02 00:00:00-04:00,93.86000061035156,95.55000305175781,81.9000015258789,82.80999755859375,11646,0.0,0.0
2022-05-03 00:00:00-04:00,82.55000305175781,82.55000305175781,76.18000030517578,77.61000061035156,24192,0.0,0.0
2022-05-04 00:00:00-04:00,75.01000213623047,76.18000030517578,70.58999633789062,73.19000244140625,12569,0.0,0.0
2022-05-05 00:00:00-04:00,72.80000305175781,72.80000305175781,66.81999969482422,69.68000030517578,14192,0.0,0.0
2022-05-06 00:00:00-04:00,69.94000244140625,71.5,65.12999725341797,65.38999938964844,8269,0.0,0.0
2022-05-09 00:00:00-04:00,65.38999938964844,67.98999786376953,61.36000061035156,66.94999694824219,18069,0.0,0.0
2022-05-10 00:00:00-04:00,66.69000244140625,69.16000366210938,55.57500076293945,58.11000061035156,21738,0.0,0.0
2022-05-11 00:00:00-04:00,58.11000061035156,65.12999725341797,57.20000076293945,59.540000915527344,15769,0.0,0.0
2022-05-12 00:00:00-04:00,58.7599983215332,70.8499984741211,58.5,66.94999694824219,15569,0.0,0.0
2022-05-13 00:00:00-04:00,68.63999938964844,78.9229965209961,67.86000061035156,75.66000366210938,18508,0.0,0.0
2022-05-16 00:00:00-04:00,76.18000030517578,77.73999786376953,72.41000366210938,73.97000122070312,11531,0.0,0.0
2022-05-17 00:00:00-04:00,74.48999786376953,79.43000030517578,72.66999816894531,79.16999816894531,12338,0.0,0.0
2022-05-18 00:00:00-04:00,79.30000305175781,80.7300033569336,65.0,66.04000091552734,19892,0.0,0.0
2022-05-19 00:00:00-04:00,66.04000091552734,68.63999938964844,63.18000030517578,65.77999877929688,20854,0.0,0.0
2022-05-20 00:00:00-04:00,66.69000244140625,67.08000183105469,62.13999938964844,64.08999633789062,15385,0.0,0.0
2022-05-23 00:00:00-04:00,65.12999725341797,71.11000061035156,64.12899780273438,67.08000183105469,14100,0.0,0.0
2022-05-24 00:00:00-04:00,67.08000183105469,67.86000061035156,63.04999923706055,66.04000091552734,19262,0.0,0.0
2022-05-25 00:00:00-04:00,66.94999694824219,68.9000015258789,64.4800033569336,66.81999969482422,8192,0.0,0.0
2022-05-26 00:00:00-04:00,67.20999908447266,70.19999694824219,66.30000305175781,67.33999633789062,15131,0.0,0.0
2022-05-27 00:00:00-04:00,69.41999816894531,71.5,66.43000030517578,68.7699966430664,12954,0.0,0.0
2022-05-31 00:00:00-04:00,68.9000015258789,71.23999786376953,63.70000076293945,70.58999633789062,53300,0.0,0.0
2022-06-01 00:00:00-04:00,69.41999816894531,78.5199966430664,69.3550033569336,70.58999633789062,30200,0.0,0.0
2022-06-02 00:00:00-04:00,69.41999816894531,70.58999633789062,65.26000213623047,67.98999786376953,22354,0.0,0.0
2022-06-03 00:00:00-04:00,66.94999694824219,67.86000061035156,65.26000213623047,66.16999816894531,19738,0.0,0.0
2022-06-06 00:00:00-04:00,65.12999725341797,66.43000030517578,49.13999938964844,51.09000015258789,45215,0.0,0.0
2022-06-07 00:00:00-04:00,51.349998474121094,55.5099983215332,48.94499969482422,53.81999969482422,28923,0.0,0.0
2022-06-08 00:00:00-04:00,54.08000183105469,56.54999923706055,52.0,53.16999816894531,25115,0.0,0.0
2022-06-09 00:00:00-04:00,52.38999938964844,52.779998779296875,46.150001525878906,46.150001525878906,20692,0.0,0.0
2022-06-10 00:00:00-04:00,45.5,46.150001525878906,43.41999816894531,43.41999816894531,13723,0.0,0.0
2022-06-13 00:00:00-04:00,44.33000183105469,44.33000183105469,38.154998779296875,40.040000915527344,20969,0.0,0.0
2022-06-14 00:00:00-04:00,40.81999969482422,42.5099983215332,37.439998626708984,40.560001373291016,17185,0.0,0.0
2022-06-15 00:00:00-04:00,42.5099983215332,45.88999938964844,41.470001220703125,44.720001220703125,14908,0.0,0.0
2022-06-16 00:00:00-04:00,46.02000045776367,49.13999938964844,45.11000061035156,47.709999084472656,18600,0.0,0.0
2022-06-17 00:00:00-04:00,46.93000030517578,50.04999923706055,45.630001068115234,46.66999816894531,47454,0.0,0.0
2022-06-21 00:00:00-04:00,46.93000030517578,48.75,43.54999923706055,43.68000030517578,18192,0.0,0.0
2022-06-22 00:00:00-04:00,42.63999938964844,44.06999969482422,40.29999923706055,42.25,11285,0.0,0.0
2022-06-23 00:00:00-04:00,42.119998931884766,43.68000030517578,41.209999084472656,43.54999923706055,23315,0.0,0.0
2022-06-24 00:00:00-04:00,44.06999969482422,47.58000183105469,42.119998931884766,44.59000015258789,155492,0.0,0.0
2022-06-27 00:00:00-04:00,45.369998931884766,46.7869987487793,42.77000045776367,43.54999923706055,12731,0.0,0.0
2022-06-28 00:00:00-04:00,43.15999984741211,44.849998474121094,40.040000915527344,40.040000915527344,11408,0.0,0.0
2022-06-29 00:00:00-04:00,40.43000030517578,40.43000030517578,37.375,38.349998474121094,14015,0.0,0.0
2022-06-30 00:00:00-04:00,38.61000061035156,42.380001068115234,37.04999923706055,41.34000015258789,9500,0.0,0.0
2022-07-01 00:00:00-04:00,41.08000183105469,43.41999816894531,40.040000915527344,41.9900016784668,10000,0.0,0.0
2022-07-05 00:00:00-04:00,41.9900016784668,52.52000045776367,39.0,52.52000045776367,27146,0.0,0.0
2022-07-06 00:00:00-04:00,54.599998474121094,55.159000396728516,47.189998626708984,49.13999938964844,11338,0.0,0.0
2022-07-07 00:00:00-04:00,48.75,52.779998779296875,45.5,49.529998779296875,18446,0.0,0.0
2022-07-08 00:00:00-04:00,49.27000045776367,56.15999984741211,49.27000045776367,55.25,19646,0.0,0.0
2022-07-11 00:00:00-04:00,54.86000061035156,55.25,50.310001373291016,52.0,8400,0.0,0.0
2022-07-12 00:00:00-04:00,53.16999816894531,53.16999816894531,48.619998931884766,49.91999816894531,4369,0.0,0.0
2022-07-13 00:00:00-04:00,48.75,53.43000030517578,47.189998626708984,53.16999816894531,7515,0.0,0.0
2022-07-14 00:00:00-04:00,53.560001373291016,54.08000183105469,51.7400016784668,52.130001068115234,5938,0.0,0.0
2022-07-15 00:00:00-04:00,53.689998626708984,53.689998626708984,46.02000045776367,46.540000915527344,11369,0.0,0.0
2022-07-18 00:00:00-04:00,47.189998626708984,49.91999816894531,46.79999923706055,48.4900016784668,4800,0.0,0.0
2022-07-19 00:00:00-04:00,49.400001525878906,50.439998626708984,48.00899887084961,49.91999816894531,7869,0.0,0.0
2022-07-20 00:00:00-04:00,50.959999084472656,52.0,49.400001525878906,51.869998931884766,7400,0.0,0.0
2022-07-21 00:00:00-04:00,51.47999954223633,51.869998931884766,48.814998626708984,51.349998474121094,4708,0.0,0.0
2022-07-22 00:00:00-04:00,51.349998474121094,51.349998474121094,48.22999954223633,48.619998931884766,4023,0.0,0.0
2022-07-25 00:00:00-04:00,49.790000915527344,52.2599983215332,47.189998626708984,50.439998626708984,5708,0.0,0.0
2022-07-26 00:00:00-04:00,50.439998626708984,50.439998626708984,46.150001525878906,46.279998779296875,6369,0.0,0.0
2022-07-27 00:00:00-04:00,47.31999969482422,49.91999816894531,45.630001068115234,49.27000045776367,12100,0.0,0.0
2022-07-28 00:00:00-04:00,50.310001373291016,51.47999954223633,48.099998474121094,50.959999084472656,9892,0.0,0.0
2022-07-29 00:00:00-04:00,50.83000183105469,52.650001525878906,49.400001525878906,50.310001373291016,8823,0.0,0.0
2022-08-01 00:00:00-04:00,51.47999954223633,51.47999954223633,45.88999938964844,48.4900016784668,12931,0.0,0.0
2022-08-02 00:00:00-04:00,46.79999923706055,54.599998474121094,46.79999923706055,53.95000076293945,11246,0.0,0.0
2022-08-03 00:00:00-04:00,55.5099983215332,59.279998779296875,53.689998626708984,58.88999938964844,14923,0.0,0.0
2022-08-04 00:00:00-04:00,59.66999816894531,59.93000030517578,56.17300033569336,59.279998779296875,7646,0.0,0.0
2022-08-05 00:00:00-04:00,57.720001220703125,60.45000076293945,56.64099884033203,60.060001373291016,5292,0.0,0.0
2022-08-08 00:00:00-04:00,62.400001525878906,62.65999984741211,54.08000183105469,55.900001525878906,22531,0.0,0.0
2022-08-09 00:00:00-04:00,55.119998931884766,60.189998626708984,54.01499938964844,57.20000076293945,14915,0.0,0.0
2022-08-10 00:00:00-04:00,57.849998474121094,59.93000030517578,54.34000015258789,54.9900016784668,11546,0.0,0.0
2022-08-11 00:00:00-04:00,55.119998931884766,56.57600021362305,52.779998779296875,53.16999816894531,7785,0.0,0.0
2022-08-12 00:00:00-04:00,52.90999984741211,53.689998626708984,45.5,48.619998931884766,21738,0.0,0.0
2022-08-15 00:00:00-04:00,52.130001068115234,52.2599983215332,43.68000030517578,45.88999938964844,15646,0.0,0.0
2022-08-16 00:00:00-04:00,45.2400016784668,49.790000915527344,44.33000183105469,49.790000915527344,12846,0.0,0.0
2022-08-17 00:00:00-04:00,49.0099983215332,49.65999984741211,46.279998779296875,48.75,7869,0.0,0.0
2022-08-18 00:00:00-04:00,48.099998474121094,51.7400016784668,46.93000030517578,49.400001525878906,14323,0.0,0.0
2022-08-19 00:00:00-04:00,48.880001068115234,49.27000045776367,43.54999923706055,47.709999084472656,12223,0.0,0.0
2022-08-22 00:00:00-04:00,48.099998474121094,52.38999938964844,48.099998474121094,51.7400016784668,18569,0.0,0.0
2022-08-23 00:00:00-04:00,51.869998931884766,52.0,46.150001525878906,50.04999923706055,18300,0.0,0.0
2022-08-24 00:00:00-04:00,50.18000030517578,52.38999938964844,49.529998779296875,52.0,21746,0.0,0.0
2022-08-25 00:00:00-04:00,52.52000045776367,55.77000045776367,51.47999954223633,52.0,19192,0.0,0.0
2022-08-26 00:00:00-04:00,51.349998474121094,52.2599983215332,50.70000076293945,51.869998931884766,16538,0.0,0.0
2022-08-29 00:00:00-04:00,51.61000061035156,51.869998931884766,47.709999084472656,51.349998474121094,18269,0.0,0.0
2022-08-30 00:00:00-04:00,51.349998474121094,51.349998474121094,47.45000076293945,48.22999954223633,14831,0.0,0.0
2022-08-31 00:00:00-04:00,48.099998474121094,49.400001525878906,45.630001068115234,48.36000061035156,26923,0.0,0.0
2022-09-01 00:00:00-04:00,47.84000015258789,48.099998474121094,43.68000030517578,47.060001373291016,19200,0.0,0.0
2022-09-02 00:00:00-04:00,46.540000915527344,48.619998931884766,44.59000015258789,45.369998931884766,19954,0.0,0.0
2022-09-06 00:00:00-04:00,46.540000915527344,47.060001373291016,42.63999938964844,42.900001525878906,24231,0.0,0.0
2022-09-07 00:00:00-04:00,43.68000030517578,45.5,40.43000030517578,44.33000183105469,16985,0.0,0.0
2022-09-08 00:00:00-04:00,43.810001373291016,45.5,42.25,44.849998474121094,10531,0.0,0.0
2022-09-09 00:00:00-04:00,46.150001525878906,46.60499954223633,43.68000030517578,43.939998626708984,12115,0.0,0.0
2022-09-12 00:00:00-04:00,43.68000030517578,45.88999938964844,43.41999816894531,44.33000183105469,13246,0.0,0.0
2022-09-13 00:00:00-04:00,42.380001068115234,46.279998779296875,42.380001068115234,43.029998779296875,16023,0.0,0.0
2022-09-14 00:00:00-04:00,42.5099983215332,44.59000015258789,40.29999923706055,40.560001373291016,21292,0.0,0.0
2022-09-15 00:00:00-04:00,41.08000183105469,42.119998931884766,36.400001525878906,37.18000030517578,25477,0.0,0.0
2022-09-16 00:00:00-04:00,36.790000915527344,36.790000915527344,32.88999938964844,33.279998779296875,182438,0.0,0.0
2022-09-19 00:00:00-04:00,32.88999938964844,33.79999923706055,32.5,33.279998779296875,16531,0.0,0.0
2022-09-20 00:00:00-04:00,32.7599983215332,33.279998779296875,31.459999084472656,32.369998931884766,19215,0.0,0.0
2022-09-21 00:00:00-04:00,32.630001068115234,32.8380012512207,30.549999237060547,30.549999237060547,14531,0.0,0.0
2022-09-22 00:00:00-04:00,30.940000534057617,30.940000534057617,29.25,30.030000686645508,11369,0.0,0.0
2022-09-23 00:00:00-04:00,30.030000686645508,30.290000915527344,28.860000610351562,29.3799991607666,13115,0.0,0.0
2022-09-26 00:00:00-04:00,29.510000228881836,31.06999969482422,29.510000228881836,30.549999237060547,12192,0.0,0.0
2022-09-27 00:00:00-04:00,30.549999237060547,32.369998931884766,29.770000457763672,31.459999084472656,6969,0.0,0.0
2022-09-28 00:00:00-04:00,32.11000061035156,37.310001373291016,31.459999084472656,37.18000030517578,19669,0.0,0.0
2022-09-29 00:00:00-04:00,36.400001525878906,38.28499984741211,33.540000915527344,37.56999969482422,23800,0.0,0.0
2022-09-30 00:00:00-04:00,37.959999084472656,38.61000061035156,36.790000915527344,36.91999816894531,16554,0.0,0.0
2022-10-03 00:00:00-04:00,37.18000030517578,37.439998626708984,34.31999969482422,36.529998779296875,11577,0.0,0.0
2022-10-04 00:00:00-04:00,38.09000015258789,41.08000183105469,37.04999923706055,39.38999938964844,16885,0.0,0.0
2022-10-05 00:00:00-04:00,38.09000015258789,39.650001525878906,37.439998626708984,39.2599983215332,7100,0.0,0.0
2022-10-06 00:00:00-04:00,39.0,39.90999984741211,37.70000076293945,39.0,4985,0.0,0.0
2022-10-07 00:00:00-04:00,38.869998931884766,40.10499954223633,37.12799835205078,39.90999984741211,8923,0.0,0.0
2022-10-10 00:00:00-04:00,40.16999816894531,40.29999923706055,37.70000076293945,39.52000045776367,6746,0.0,0.0
2022-10-11 00:00:00-04:00,38.869998931884766,40.29999923706055,37.439998626708984,38.349998474121094,11138,0.0,0.0
2022-10-12 00:00:00-04:00,38.869998931884766,38.869998931884766,36.65999984741211,37.83000183105469,5592,0.0,0.0
2022-10-13 00:00:00-04:00,37.70000076293945,39.2599983215332,35.36000061035156,38.869998931884766,6792,0.0,0.0
2022-10-14 00:00:00-04:00,39.0,40.040000915527344,37.310001373291016,37.56999969482422,7638,0.0,0.0
2022-10-17 00:00:00-04:00,38.61000061035156,40.040000915527344,37.18000030517578,37.56999969482422,8223,0.0,0.0
2022-10-18 00:00:00-04:00,38.220001220703125,39.52000045776367,32.630001068115234,32.88999938964844,14685,0.0,0.0
2022-10-19 00:00:00-04:00,32.5,32.88999938964844,32.11000061035156,32.7599983215332,3662,0.0,0.0
2022-10-20 00:00:00-04:00,32.88999938964844,33.79999923706055,31.850000381469727,32.5,6100,0.0,0.0
2022-10-21 00:00:00-04:00,34.189998626708984,34.189998626708984,30.68000030517578,32.88999938964844,18446,0.0,0.0
2022-10-24 00:00:00-04:00,34.709999084472656,34.84000015258789,31.850000381469727,33.150001525878906,19108,0.0,0.0
2022-10-25 00:00:00-04:00,33.02000045776367,36.27000045776367,33.02000045776367,35.75,16600,0.0,0.0
2022-10-26 00:00:00-04:00,39.90999984741211,42.63999938964844,37.959999084472656,41.86000061035156,82938,0.0,0.0
2022-10-27 00:00:00-04:00,42.25,42.63999938964844,37.18000030517578,38.220001220703125,28046,0.0,0.0
2022-10-28 00:00:00-04:00,38.220001220703125,39.130001068115234,37.70000076293945,38.61000061035156,12592,0.0,0.0
2022-10-31 00:00:00-04:00,38.869998931884766,40.040000915527344,37.959999084472656,38.47999954223633,21346,0.0,0.0
2022-11-01 00:00:00-04:00,38.7400016784668,39.35100173950195,33.8650016784668,34.970001220703125,18062,0.0,0.0
2022-11-02 00:00:00-04:00,34.189998626708984,35.4900016784668,33.17599868774414,34.060001373291016,15108,0.0,0.0
2022-11-03 00:00:00-04:00,33.79999923706055,35.36000061035156,33.266998291015625,34.58000183105469,9500,0.0,0.0
2022-11-04 00:00:00-04:00,34.970001220703125,36.13999938964844,33.279998779296875,36.0099983215332,14169,0.0,0.0
2022-11-07 00:00:00-05:00,37.04999923706055,39.064998626708984,35.4900016784668,36.91999816894531,18223,0.0,0.0
2022-11-08 00:00:00-05:00,37.439998626708984,38.220001220703125,35.880001068115234,36.400001525878906,13400,0.0,0.0
2022-11-09 00:00:00-05:00,35.75,35.814998626708984,32.630001068115234,32.7599983215332,23754,0.0,0.0
2022-11-10 00:00:00-05:00,40.16999816894531,41.08000183105469,34.709999084472656,36.529998779296875,32438,0.0,0.0
2022-11-11 00:00:00-05:00,36.91999816894531,39.130001068115234,36.27000045776367,37.83000183105469,12062,0.0,0.0
2022-11-14 00:00:00-05:00,37.04999923706055,38.47999954223633,33.150001525878906,33.93000030517578,17738,0.0,0.0
2022-11-15 00:00:00-05:00,34.709999084472656,35.75,33.79999923706055,34.84000015258789,13200,0.0,0.0
2022-11-16 00:00:00-05:00,34.709999084472656,34.709999084472656,31.06999969482422,31.719999313354492,14577,0.0,0.0
2022-11-17 00:00:00-05:00,31.719999313354492,32.630001068115234,28.600000381469727,29.25,16262,0.0,0.0
2022-11-18 00:00:00-05:00,30.420000076293945,31.329999923706055,27.690000534057617,29.510000228881836,20938,0.0,0.0
2022-11-21 00:00:00-05:00,29.639999389648438,30.549999237060547,27.170000076293945,28.079999923706055,27815,0.0,0.0
2022-11-22 00:00:00-05:00,28.729999542236328,29.1200008392334,26.649999618530273,28.079999923706055,10077,0.0,0.0
2022-11-23 00:00:00-05:00,28.079999923706055,29.770000457763672,27.170000076293945,29.639999389648438,11008,0.0,0.0
2022-11-25 00:00:00-05:00,30.15999984741211,32.5,29.899999618530273,31.719999313354492,11977,0.0,0.0
2022-11-28 00:00:00-05:00,31.459999084472656,31.979999542236328,30.420000076293945,30.809999465942383,9992,0.0,0.0
2022-11-29 00:00:00-05:00,31.06999969482422,31.59000015258789,29.25,29.3799991607666,15692,0.0,0.0
2022-11-30 00:00:00-05:00,28.860000610351562,29.535999298095703,26.260000228881836,27.299999237060547,48777,0.0,0.0
2022-12-01 00:00:00-05:00,27.170000076293945,28.209999084472656,27.170000076293945,27.81999969482422,7423,0.0,0.0
2022-12-02 00:00:00-05:00,26.90999984741211,29.496999740600586,26.90999984741211,28.729999542236328,9031,0.0,0.0
2022-12-05 00:00:00-05:00,29.25,31.850000381469727,28.079999923706055,29.25,25823,0.0,0.0
2022-12-06 00:00:00-05:00,29.3799991607666,30.030000686645508,28.34000015258789,29.25,13908,0.0,0.0
2022-12-07 00:00:00-05:00,28.34000015258789,28.989999771118164,26.389999389648438,27.299999237060547,19523,0.0,0.0
2022-12-08 00:00:00-05:00,27.299999237060547,28.209999084472656,25.610000610351562,27.690000534057617,23508,0.0,0.0
2022-12-09 00:00:00-05:00,27.43000030517578,27.950000762939453,25.739999771118164,26.649999618530273,15477,0.0,0.0
2022-12-12 00:00:00-05:00,26.1299991607666,28.924999237060547,26.0,27.559999465942383,13031,0.0,0.0
2022-12-13 00:00:00-05:00,28.079999923706055,29.510000228881836,27.040000915527344,28.860000610351562,15000,0.0,0.0
2022-12-14 00:00:00-05:00,28.209999084472656,30.420000076293945,27.559999465942383,27.81999969482422,13392,0.0,0.0
2022-12-15 00:00:00-05:00,26.780000686645508,27.43000030517578,25.479999542236328,26.0,21408,0.0,0.0
2022-12-16 00:00:00-05:00,25.479999542236328,26.90999984741211,24.959999084472656,25.09000015258789,173331,0.0,0.0
2022-12-19 00:00:00-05:00,25.610000610351562,25.610000610351562,20.540000915527344,20.540000915527344,25223,0.0,0.0
2022-12-20 00:00:00-05:00,20.280000686645508,20.93000030517578,19.3700008392334,20.280000686645508,9962,0.0,0.0
2022-12-21 00:00:00-05:00,21.190000534057617,21.84000015258789,19.760000228881836,20.93000030517578,19200,0.0,0.0
2022-12-22 00:00:00-05:00,20.799999237060547,20.9950008392334,19.5,19.6299991607666,16023,0.0,0.0
2022-12-23 00:00:00-05:00,19.889999389648438,19.889999389648438,17.940000534057617,18.06999969482422,12400,0.0,0.0
2022-12-27 00:00:00-05:00,18.200000762939453,18.850000381469727,16.899999618530273,17.030000686645508,20754,0.0,0.0
2022-12-28 00:00:00-05:00,16.639999389648438,17.420000076293945,16.1200008392334,16.25,11623,0.0,0.0
2022-12-29 00:00:00-05:00,16.899999618530273,17.420000076293945,16.510000228881836,16.899999618530273,11885,0.0,0.0
2022-12-30 00:00:00-05:00,15.859999656677246,18.200000762939453,15.859999656677246,18.06999969482422,19554,0.0,0.0
2023-01-03 00:00:00-05:00,18.329999923706055,18.719999313354492,17.549999237060547,18.329999923706055,13146,0.0,0.0
2023-01-04 00:00:00-05:00,18.329999923706055,18.850000381469727,17.290000915527344,17.68000030517578,9415,0.0,0.0
2023-01-05 00:00:00-05:00,18.719999313354492,19.239999771118164,16.770000457763672,16.899999618530273,27331,0.0,0.0
2023-01-06 00:00:00-05:00,16.899999618530273,16.899999618530273,15.079999923706055,15.600000381469727,9254,0.0,0.0
2023-01-09 00:00:00-05:00,15.859999656677246,16.1200008392334,15.470000267028809,15.600000381469727,16500,0.0,0.0
2023-01-10 00:00:00-05:00,15.729999542236328,15.847000122070312,14.6899995803833,14.949999809265137,35169,0.0,0.0
2023-01-11 00:00:00-05:00,14.949999809265137,14.949999809265137,14.5600004196167,14.5600004196167,12862,0.0,0.0
2023-01-12 00:00:00-05:00,15.989999771118164,15.989999771118164,14.039999961853027,14.949999809265137,55669,0.0,0.0
2023-01-13 00:00:00-05:00,14.949999809265137,15.600000381469727,14.6899995803833,14.949999809265137,30031,0.0,0.0
2023-01-17 00:00:00-05:00,15.859999656677246,15.859999656677246,14.5600004196167,14.5600004196167,30000,0.0,0.0
2023-01-18 00:00:00-05:00,16.25,16.25,13.130000114440918,13.260000228881836,26846,0.0,0.0
2023-01-19 00:00:00-05:00,13.390000343322754,13.520000457763672,11.505000114440918,11.635000228881836,30008,0.0,0.0
2023-01-20 00:00:00-05:00,12.350000381469727,12.869999885559082,11.699999809265137,12.609999656677246,38462,0.0,0.0
2023-01-23 00:00:00-05:00,12.739999771118164,13.520000457763672,12.739999771118164,13.130000114440918,23985,0.0,0.0
2023-01-24 00:00:00-05:00,13.520000457763672,14.6899995803833,12.895999908447266,13.520000457763672,35292,0.0,0.0
2023-01-25 00:00:00-05:00,13.520000457763672,13.585000038146973,12.857000350952148,13.260000228881836,17823,0.0,0.0
2023-01-26 00:00:00-05:00,13.779999732971191,13.779999732971191,12.467000007629395,12.597000122070312,13508,0.0,0.0
2023-01-27 00:00:00-05:00,12.206999778747559,13.260000228881836,12.154999732971191,12.765999794006348,11638,0.0,0.0
2023-01-30 00:00:00-05:00,13.260000228881836,13.260000228881836,12.479999542236328,12.609999656677246,10300,0.0,0.0
2023-01-31 00:00:00-05:00,12.895999908447266,13.130000114440918,12.232999801635742,12.479999542236328,14823,0.0,0.0
2023-02-01 00:00:00-05:00,12.350000381469727,13.260000228881836,12.09000015258789,12.583999633789062,18492,0.0,0.0
2023-02-02 00:00:00-05:00,13.260000228881836,14.637999534606934,13.0,14.430000305175781,32131,0.0,0.0
2023-02-03 00:00:00-05:00,14.5600004196167,14.5600004196167,13.520000457763672,13.649999618530273,11477,0.0,0.0
2023-02-06 00:00:00-05:00,13.130000114440918,14.5600004196167,13.130000114440918,13.520000457763672,15977,0.0,0.0
2023-02-07 00:00:00-05:00,13.90999984741211,13.90999984741211,13.0,13.520000457763672,10185,0.0,0.0
2023-02-08 00:00:00-05:00,13.390000343322754,13.532999992370605,12.350000381469727,12.350000381469727,16938,0.0,0.0
2023-02-09 00:00:00-05:00,12.63599967956543,12.805000305175781,11.050000190734863,11.270999908447266,33238,0.0,0.0
2023-02-10 00:00:00-05:00,11.569999694824219,11.64799976348877,11.062999725341797,11.218999862670898,18800,0.0,0.0
2023-02-13 00:00:00-05:00,11.621999740600586,12.09000015258789,11.050000190734863,11.687000274658203,18254,0.0,0.0
2023-02-14 00:00:00-05:00,11.699999809265137,12.154999732971191,11.08899974822998,11.232000350952148,10185,0.0,0.0
2023-02-15 00:00:00-05:00,11.192999839782715,11.673999786376953,11.050000190734863,11.4399995803833,40892,0.0,0.0
2023-02-16 00:00:00-05:00,11.829999923706055,11.843000411987305,11.140999794006348,11.140999794006348,9962,0.0,0.0
2023-02-17 00:00:00-05:00,11.881999969482422,11.881999969482422,11.180000305175781,11.569999694824219,10700,0.0,0.0
2023-02-21 00:00:00-05:00,11.699999809265137,11.699999809265137,10.65999984741211,10.65999984741211,14677,0.0,0.0
2023-02-22 00:00:00-05:00,11.154000282287598,11.154000282287598,9.880000114440918,9.984000205993652,21738,0.0,0.0
2023-02-23 00:00:00-05:00,9.880000114440918,10.425999641418457,9.619999885559082,9.75,17562,0.0,0.0
2023-02-24 00:00:00-05:00,9.880000114440918,9.918999671936035,9.359999656677246,9.359999656677246,16208,0.0,0.0
2023-02-27 00:00:00-05:00,9.762999534606934,10.218000411987305,9.100000381469727,9.178000450134277,17008,0.0,0.0
2023-02-28 00:00:00-05:00,9.100000381469727,9.918999671936035,8.918000221252441,8.918000221252441,18131,0.0,0.0
2023-03-01 00:00:00-05:00,9.217000007629395,9.944999694824219,8.319999694824219,8.593000411987305,55338,0.0,0.0
2023-03-02 00:00:00-05:00,8.41100025177002,8.956999778747559,7.539999961853027,7.6570000648498535,36985,0.0,0.0
2023-03-03 00:00:00-05:00,7.929999828338623,8.125,7.800000190734863,8.034000396728516,18377,0.0,0.0
2023-03-06 00:00:00-05:00,8.515000343322754,8.670999526977539,7.670000076293945,8.0600004196167,17408,0.0,0.0
2023-03-07 00:00:00-05:00,7.813000202178955,7.813000202178955,6.798999786376953,6.889999866485596,24254,0.0,0.0
2023-03-08 00:00:00-05:00,6.889999866485596,7.163000106811523,5.980000019073486,6.578000068664551,33246,0.0,0.0
2023-03-09 00:00:00-05:00,6.876999855041504,7.0329999923706055,6.239999771118164,6.669000148773193,24146,0.0,0.0
2023-03-10 00:00:00-05:00,7.006999969482422,7.150000095367432,6.5,6.552000045776367,19223,0.0,0.0
2023-03-13 00:00:00-04:00,6.99399995803833,6.99399995803833,5.849999904632568,5.849999904632568,20262,0.0,0.0
2023-03-14 00:00:00-04:00,6.239999771118164,6.5,5.329999923706055,5.329999923706055,24669,0.0,0.0
2023-03-15 00:00:00-04:00,5.173999786376953,5.394999980926514,4.289999961853027,4.861999988555908,31354,0.0,0.0
2023-03-16 00:00:00-04:00,4.875,4.940000057220459,4.550000190734863,4.563000202178955,23738,0.0,0.0
2023-03-17 00:00:00-04:00,4.550000190734863,9.75,3.9260001182556152,9.619999885559082,123046,0.0,0.0
2023-03-20 00:00:00-04:00,7.929999828338623,8.449999809265137,7.409999847412109,7.48799991607666,48938,0.0,0.0
2023-03-21 00:00:00-04:00,7.150000095367432,7.150000095367432,6.14900016784668,6.201000213623047,30362,0.0,0.0
2023-03-22 00:00:00-04:00,6.630000114440918,7.046000003814697,6.14900016784668,6.35699987411499,14631,0.0,0.0
2023-03-23 00:00:00-04:00,6.5,6.604000091552734,5.849999904632568,5.980000019073486,12200,0.0,0.0
2023-03-24 00:00:00-04:00,6.188000202178955,6.239999771118164,4.809999942779541,4.835999965667725,31354,0.0,0.0
2023-03-27 00:00:00-04:00,5.303999900817871,6.760000228881836,5.031000137329102,6.045000076293945,34015,0.0,0.0
2023-03-28 00:00:00-04:00,6.239999771118164,6.434999942779541,5.264999866485596,5.836999893188477,19254,0.0,0.0
2023-03-29 00:00:00-04:00,8.84000015258789,9.359999656677246,7.422999858856201,8.579999923706055,1680738,0.0,0.0
2023-03-30 00:00:00-04:00,7.800000190734863,8.710000038146973,7.670000076293945,8.463000297546387,188392,0.0,0.0
2023-03-31 00:00:00-04:00,8.710000038146973,10.503999710083008,8.0600004196167,10.361000061035156,133523,0.0,0.0
2023-04-03 00:00:00-04:00,10.010000228881836,10.399999618530273,7.670000076293945,8.1899995803833,93492,0.0,0.0
2023-04-04 00:00:00-04:00,7.929999828338623,8.215999603271484,6.889999866485596,6.9679999351501465,55554,0.0,0.0
2023-04-05 00:00:00-04:00,7.019999980926514,7.111000061035156,6.5,6.578000068664551,32654,0.0,0.0
2023-04-06 00:00:00-04:00,6.565000057220459,6.760000228881836,6.00600004196167,6.110000133514404,64669,0.0,0.0
2023-04-10 00:00:00-04:00,6.578000068664551,7.670000076293945,6.239999771118164,7.513999938964844,33908,0.0,0.0
2023-04-11 00:00:00-04:00,7.539999961853027,7.539999961853027,6.7210001945495605,7.513999938964844,15523,0.0,0.0
2023-04-12 00:00:00-04:00,7.293000221252441,7.293000221252441,6.682000160217285,7.124000072479248,18038,0.0,0.0
2023-04-13 00:00:00-04:00,6.915999889373779,6.915999889373779,6.434999942779541,6.760000228881836,15423,0.0,0.0
2023-04-14 00:00:00-04:00,6.954999923706055,7.059000015258789,6.265999794006348,6.317999839782715,18715,0.0,0.0
2023-04-17 00:00:00-04:00,6.35699987411499,6.708000183105469,6.252999782562256,6.565000057220459,18646,0.0,0.0
2023-04-18 00:00:00-04:00,6.760000228881836,6.7729997634887695,6.045000076293945,6.1620001792907715,22723,0.0,0.0
2023-04-19 00:00:00-04:00,6.110000133514404,6.330999851226807,6.019000053405762,6.2789998054504395,8746,0.0,0.0
2023-04-20 00:00:00-04:00,6.201000213623047,6.473999977111816,5.71999979019165,6.239999771118164,19977,0.0,0.0
2023-04-21 00:00:00-04:00,6.0970001220703125,6.889999866485596,5.888999938964844,6.708000183105469,21231,0.0,0.0
2023-04-24 00:00:00-04:00,6.526000022888184,6.863999843597412,6.00600004196167,6.421999931335449,14754,0.0,0.0
2023-04-25 00:00:00-04:00,6.5,7.150000095367432,6.5,6.9679999351501465,19254,0.0,0.0
2023-04-26 00:00:00-04:00,6.747000217437744,7.150000095367432,6.5,6.7729997634887695,4715,0.0,0.0
2023-04-27 00:00:00-04:00,6.889999866485596,6.889999866485596,6.408999919891357,6.760000228881836,9669,0.0,0.0
2023-04-28 00:00:00-04:00,6.552000045776367,7.085000038146973,6.369999885559082,6.954999923706055,7308,0.0,0.0
2023-05-01 00:00:00-04:00,6.889999866485596,6.889999866485596,6.473999977111816,6.64300012588501,10154,0.0,0.0
2023-05-02 00:00:00-04:00,6.889999866485596,6.889999866485596,6.110000133514404,6.747000217437744,11823,0.0,0.0
2023-05-03 00:00:00-04:00,6.889999866485596,8.696999549865723,6.5,7.072000026702881,38654,0.0,0.0
2023-05-04 00:00:00-04:00,7.189000129699707,7.189000129699707,6.239999771118164,6.591000080108643,15369,0.0,0.0
2023-05-05 00:00:00-04:00,6.682000160217285,7.0329999923706055,5.486000061035156,6.00600004196167,23162,0.0,0.0
2023-05-08 00:00:00-04:00,5.953999996185303,6.110000133514404,5.603000164031982,5.980000019073486,11331,0.0,0.0
2023-05-09 00:00:00-04:00,6.369999885559082,6.630000114440918,5.927999973297119,6.565000057220459,15292,0.0,0.0
2023-05-10 00:00:00-04:00,6.434999942779541,6.760000228881836,6.239999771118164,6.760000228881836,12662,0.0,0.0
2023-05-11 00:00:00-04:00,6.760000228881836,6.889999866485596,6.434999942779541,6.434999942779541,9423,0.0,0.0
2023-05-12 00:00:00-04:00,6.434999942779541,6.734000205993652,6.304999828338623,6.408999919891357,9585,0.0,0.0
2023-05-15 00:00:00-04:00,6.5,6.5,6.123000144958496,6.330999851226807,9785,0.0,0.0
2023-05-16 00:00:00-04:00,6.239999771118164,6.239999771118164,5.849999904632568,5.875999927520752,10308,0.0,0.0
2023-05-17 00:00:00-04:00,6.239999771118164,6.239999771118164,5.784999847412109,6.00600004196167,11569,0.0,0.0
2023-05-18 00:00:00-04:00,5.823999881744385,6.201000213623047,5.823999881744385,6.1620001792907715,8415,0.0,0.0
2023-05-19 00:00:00-04:00,6.239999771118164,6.239999771118164,5.980000019073486,6.0320000648498535,11323,0.0,0.0
2023-05-22 00:00:00-04:00,6.110000133514404,6.214000225067139,5.71999979019165,5.836999893188477,15469,0.0,0.0
2023-05-23 00:00:00-04:00,6.123000144958496,6.201000213623047,5.65500020980835,5.849999904632568,9308,0.0,0.0
2023-05-24 00:00:00-04:00,5.849999904632568,5.849999904632568,5.2779998779296875,5.51200008392334,14223,0.0,0.0
2023-05-25 00:00:00-04:00,5.460000038146973,5.460000038146973,4.940000057220459,5.186999797821045,13431,0.0,0.0
2023-05-26 00:00:00-04:00,6.369999885559082,6.369999885559082,5.329999923706055,5.914999961853027,19177,0.0,0.0
2023-05-30 00:00:00-04:00,5.980000019073486,6.304999828338623,5.629000186920166,5.797999858856201,14969,0.0,0.0
2023-05-31 00:00:00-04:00,6.5,6.5,5.590000152587891,5.71999979019165,11746,0.0,0.0
2023-06-01 00:00:00-04:00,5.810999870300293,6.045000076293945,5.031000137329102,5.238999843597412,22785,0.0,0.0
2023-06-02 00:00:00-04:00,5.199999809265137,5.329999923706055,5.044000148773193,5.329999923706055,15177,0.0,0.0
2023-06-05 00:00:00-04:00,5.070000171661377,5.3429999351501465,4.614999771118164,4.73199987411499,32946,0.0,0.0
2023-06-06 00:00:00-04:00,4.979000091552734,5.499000072479248,4.744999885559082,4.940000057220459,36315,0.0,0.0
2023-06-07 00:00:00-04:00,5.629000186920166,5.629000186920166,4.940000057220459,5.109000205993652,16800,0.0,0.0
2023-06-08 00:00:00-04:00,4.953000068664551,5.057000160217285,4.679999828338623,4.809999942779541,18100,0.0,0.0
2023-06-09 00:00:00-04:00,4.809999942779541,4.979000091552734,4.679999828338623,4.888000011444092,14538,0.0,0.0
2023-06-12 00:00:00-04:00,4.940000057220459,5.525000095367432,4.940000057220459,5.22599983215332,25054,0.0,0.0
2023-06-13 00:00:00-04:00,5.71999979019165,5.71999979019165,5.083000183105469,5.303999900817871,14646,0.0,0.0
2023-06-14 00:00:00-04:00,5.460000038146973,5.629000186920166,5.199999809265137,5.199999809265137,33254,0.0,0.0
2023-06-15 00:00:00-04:00,5.699999809265137,5.699999809265137,4.360000133514404,5.079999923706055,78600,0.0,0.07692307692307693
2023-06-16 00:00:00-04:00,5.0,5.0,4.019999980926514,4.53000020980835,74100,0.0,0.0
2023-06-20 00:00:00-04:00,4.489999771118164,4.519999980926514,3.7100000381469727,4.119999885559082,92600,0.0,0.0
2023-06-21 00:00:00-04:00,4.159999847412109,4.195000171661377,3.5840001106262207,3.7100000381469727,42400,0.0,0.0
2023-06-22 00:00:00-04:00,3.690000057220459,3.880000114440918,3.4000000953674316,3.5199999809265137,93400,0.0,0.0
2023-06-23 00:00:00-04:00,3.5,3.7200000286102295,3.1600000858306885,3.1700000762939453,492900,0.0,0.0
2023-06-26 00:00:00-04:00,3.0999999046325684,3.2200000286102295,2.700000047683716,2.740000009536743,52400,0.0,0.0
2023-06-27 00:00:00-04:00,2.700000047683716,3.0,2.700000047683716,2.9000000953674316,23100,0.0,0.0
2023-06-28 00:00:00-04:00,2.9000000953674316,2.990000009536743,2.634999990463257,2.680000066757202,37500,0.0,0.0
2023-06-29 00:00:00-04:00,2.5199999809265137,2.7100000381469727,2.5199999809265137,2.630000114440918,20300,0.0,0.0
2023-06-30 00:00:00-04:00,2.859999895095825,2.986999988555908,2.700000047683716,2.7200000286102295,31400,0.0,0.0
2023-07-03 00:00:00-04:00,2.7300000190734863,2.7799999713897705,2.6600000858306885,2.7200000286102295,11300,0.0,0.0
2023-07-05 00:00:00-04:00,2.700000047683716,2.8399999141693115,2.6600000858306885,2.740000009536743,21700,0.0,0.0
2023-07-06 00:00:00-04:00,2.680000066757202,2.871000051498413,2.509999990463257,2.5199999809265137,18600,0.0,0.0
2023-07-07 00:00:00-04:00,2.5199999809265137,2.6700000762939453,2.505000114440918,2.5399999618530273,23500,0.0,0.0
2023-07-10 00:00:00-04:00,2.5899999141693115,2.700000047683716,2.5,2.680000066757202,26800,0.0,0.0
2023-07-11 00:00:00-04:00,2.75,2.9600000381469727,2.700000047683716,2.9100000858306885,26300,0.0,0.0
2023-07-12 00:00:00-04:00,2.990000009536743,3.75,2.990000009536743,3.059999942779541,197700,0.0,0.0
2023-07-13 00:00:00-04:00,3.069999933242798,3.0999999046325684,2.7899999618530273,2.9000000953674316,42500,0.0,0.0
2023-07-14 00:00:00-04:00,2.9200000762939453,3.0,2.8499999046325684,2.9100000858306885,13500,0.0,0.0
2023-07-17 00:00:00-04:00,2.9000000953674316,3.244999885559082,2.9000000953674316,3.2300000190734863,20800,0.0,0.0
2023-07-18 00:00:00-04:00,3.2699999809265137,3.450000047683716,3.200000047683716,3.4000000953674316,18900,0.0,0.0
2023-07-19 00:00:00-04:00,3.430000066757202,3.680000066757202,3.299999952316284,3.549999952316284,15200,0.0,0.0
2023-07-20 00:00:00-04:00,3.5899999141693115,3.700000047683716,3.4200000762939453,3.609999895095825,29900,0.0,0.0
2023-07-21 00:00:00-04:00,3.5799999237060547,3.5799999237060547,3.359999895095825,3.450000047683716,11300,0.0,0.0
2023-07-24 00:00:00-04:00,3.5,3.5199999809265137,3.2100000381469727,3.380000114440918,17500,0.0,0.0
2023-07-25 00:00:00-04:00,3.3299999237060547,4.190999984741211,3.309999942779541,3.950000047683716,60600,0.0,0.0
2023-07-26 00:00:00-04:00,3.9600000381469727,4.0,3.7100000381469727,3.9100000858306885,26400,0.0,0.0
2023-07-27 00:00:00-04:00,4.03000020980835,4.230000019073486,3.7909998893737793,3.8299999237060547,50700,0.0,0.0
2023-07-28 00:00:00-04:00,3.809999942779541,3.8399999141693115,3.700000047683716,3.759999990463257,15900,0.0,0.0
2023-07-31 00:00:00-04:00,3.7300000190734863,4.505000114440918,3.7300000190734863,4.340000152587891,38500,0.0,0.0
2023-08-01 00:00:00-04:00,4.5,4.559999942779541,4.400000095367432,4.440000057220459,27200,0.0,0.0
2023-08-02 00:00:00-04:00,4.449999809265137,6.329999923706055,4.449999809265137,5.139999866485596,164300,0.0,0.0
2023-08-03 00:00:00-04:00,5.039999961853027,5.440000057220459,4.820000171661377,5.039999961853027,43400,0.0,0.0
2023-08-04 00:00:00-04:00,5.070000171661377,5.070000171661377,4.651000022888184,4.809999942779541,20800,0.0,0.0
2023-08-07 00:00:00-04:00,4.809999942779541,4.809999942779541,4.510000228881836,4.559999942779541,15800,0.0,0.0
2023-08-08 00:00:00-04:00,4.440000057220459,4.5,4.130000114440918,4.360000133514404,22900,0.0,0.0
2023-08-09 00:00:00-04:00,4.960000038146973,5.0,4.264999866485596,4.539999961853027,52900,0.0,0.0
2023-08-10 00:00:00-04:00,4.619999885559082,4.849999904632568,4.130000114440918,4.300000190734863,29900,0.0,0.0
2023-08-11 00:00:00-04:00,4.329999923706055,4.429999828338623,4.079999923706055,4.239999771118164,18800,0.0,0.0
2023-08-14 00:00:00-04:00,4.170000076293945,4.199999809265137,3.430000066757202,3.640000104904175,33300,0.0,0.0
2023-08-15 00:00:00-04:00,3.5199999809265137,3.6470000743865967,3.109999895095825,3.240000009536743,32900,0.0,0.0
2023-08-16 00:00:00-04:00,3.180000066757202,3.249000072479248,2.9600000381469727,3.0899999141693115,19700,0.0,0.0
2023-08-17 00:00:00-04:00,3.119999885559082,3.2130000591278076,3.0,3.0399999618530273,10600,0.0,0.0
2023-08-18 00:00:00-04:00,3.0,3.180000066757202,3.0,3.180000066757202,9300,0.0,0.0
2023-08-21 00:00:00-04:00,3.2100000381469727,3.25,3.0299999713897705,3.130000114440918,13100,0.0,0.0
2023-08-22 00:00:00-04:00,3.130000114440918,3.190000057220459,3.0,3.0999999046325684,9200,0.0,0.0
2023-08-23 00:00:00-04:00,3.0399999618530273,3.0820000171661377,3.0,3.069999933242798,8600,0.0,0.0
2023-08-24 00:00:00-04:00,3.0299999713897705,3.075000047683716,2.930000066757202,3.0,10600,0.0,0.0
2023-08-25 00:00:00-04:00,3.009999990463257,3.009999990463257,2.8550000190734863,2.950000047683716,5000,0.0,0.0
2023-08-28 00:00:00-04:00,2.9800000190734863,3.1649999618530273,2.9700000286102295,3.009999990463257,18200,0.0,0.0
2023-08-29 00:00:00-04:00,3.069999933242798,3.109999895095825,3.0,3.0799999237060547,19300,0.0,0.0
2023-08-30 00:00:00-04:00,3.069999933242798,3.4110000133514404,3.0,3.009999990463257,6600,0.0,0.0
2023-08-31 00:00:00-04:00,3.0199999809265137,3.2300000190734863,3.0199999809265137,3.119999885559082,21400,0.0,0.0
2023-09-01 00:00:00-04:00,3.0799999237060547,3.191999912261963,2.7850000858306885,2.990000009536743,42600,0.0,0.0
2023-09-05 00:00:00-04:00,2.9200000762939453,3.190000057220459,2.9200000762939453,3.0299999713897705,29800,0.0,0.0
2023-09-06 00:00:00-04:00,3.119999885559082,3.119999885559082,2.9100000858306885,2.950000047683716,9200,0.0,0.0
2023-09-07 00:00:00-04:00,3.130000114440918,3.130000114440918,2.7799999713897705,2.869999885559082,23300,0.0,0.0
2023-09-08 00:00:00-04:00,2.809999942779541,2.8499999046325684,2.559999942779541,2.569999933242798,58100,0.0,0.0
2023-09-11 00:00:00-04:00,2.6500000953674316,2.6500000953674316,2.569999933242798,2.609999895095825,7200,0.0,0.0
2023-09-12 00:00:00-04:00,2.619999885559082,2.6500000953674316,2.5799999237060547,2.5999999046325684,9700,0.0,0.0
2023-09-13 00:00:00-04:00,2.575000047683716,2.5869998931884766,2.559999942779541,2.559999942779541,3700,0.0,0.0
2023-09-14 00:00:00-04:00,2.5999999046325684,2.680000066757202,2.565999984741211,2.640000104904175,6400,0.0,0.0
2023-09-15 00:00:00-04:00,2.690000057220459,2.8299999237060547,2.619999885559082,2.809999942779541,36300,0.0,0.0
2023-09-18 00:00:00-04:00,2.869999885559082,2.930000066757202,2.559999942779541,2.569999933242798,13900,0.0,0.0
2023-09-19 00:00:00-04:00,2.5799999237060547,2.640000104904175,2.450000047683716,2.5,24600,0.0,0.0
2023-09-20 00:00:00-04:00,2.5999999046325684,2.5999999046325684,2.4600000381469727,2.4800000190734863,7700,0.0,0.0
2023-09-21 00:00:00-04:00,2.496000051498413,2.496000051498413,2.380000114440918,2.4000000953674316,7800,0.0,0.0
2023-09-22 00:00:00-04:00,2.4600000381469727,2.4600000381469727,2.4000000953674316,2.4000000953674316,2900,0.0,0.0
2023-09-25 00:00:00-04:00,2.4000000953674316,2.7300000190734863,2.3989999294281006,2.5999999046325684,14100,0.0,0.0
2023-09-26 00:00:00-04:00,2.5999999046325684,2.742000102996826,2.4800000190734863,2.7300000190734863,4200,0.0,0.0
2023-09-27 00:00:00-04:00,2.809999942779541,3.0190000534057617,2.559999942779541,2.5899999141693115,13100,0.0,0.0
2023-09-28 00:00:00-04:00,2.5199999809265137,2.5899999141693115,2.25,2.25,17300,0.0,0.0
2023-09-29 00:00:00-04:00,2.5,2.5,2.4000000953674316,2.450000047683716,7900,0.0,0.0
2023-10-02 00:00:00-04:00,2.5,2.5,2.299999952316284,2.3499999046325684,5400,0.0,0.0
2023-10-03 00:00:00-04:00,2.299999952316284,2.380000114440918,2.0,2.3499999046325684,48400,0.0,0.0
2023-10-04 00:00:00-04:00,2.440000057220459,2.5999999046325684,2.3499999046325684,2.5999999046325684,34200,0.0,0.0
2023-10-05 00:00:00-04:00,2.75,2.75,2.4700000286102295,2.4700000286102295,14000,0.0,0.0
2023-10-06 00:00:00-04:00,2.509999990463257,2.5199999809265137,2.25,2.25,14000,0.0,0.0
2023-10-09 00:00:00-04:00,2.2699999809265137,2.364000082015991,2.109999895095825,2.140000104904175,7400,0.0,0.0
2023-10-10 00:00:00-04:00,2.069999933242798,2.111999988555908,1.909999966621399,1.909999966621399,26300,0.0,0.0
2023-10-11 00:00:00-04:00,1.909999966621399,1.9199999570846558,1.8300000429153442,1.8300000429153442,8200,0.0,0.0
2023-10-12 00:00:00-04:00,1.850000023841858,1.850000023841858,1.4900000095367432,1.5299999713897705,34300,0.0,0.0
2023-10-13 00:00:00-04:00,1.5499999523162842,1.5800000429153442,1.4600000381469727,1.559999942779541,9100,0.0,0.0
2023-10-16 00:00:00-04:00,1.5499999523162842,1.5499999523162842,1.5,1.5299999713897705,21100,0.0,0.0
2023-10-17 00:00:00-04:00,1.4900000095367432,1.5499999523162842,1.4900000095367432,1.4900000095367432,24600,0.0,0.0
2023-10-18 00:00:00-04:00,1.5299999713897705,1.6649999618530273,1.399999976158142,1.399999976158142,14300,0.0,0.0
2023-10-19 00:00:00-04:00,1.3899999856948853,1.4900000095367432,1.350000023841858,1.409999966621399,45600,0.0,0.0
2023-10-20 00:00:00-04:00,1.4500000476837158,1.4500000476837158,1.25,1.25,40400,0.0,0.0
2023-10-23 00:00:00-04:00,1.190000057220459,1.2699999809265137,1.190000057220459,1.2300000190734863,18600,0.0,0.0
2023-10-24 00:00:00-04:00,1.2100000381469727,1.2949999570846558,1.2100000381469727,1.2599999904632568,19700,0.0,0.0
2023-10-25 00:00:00-04:00,1.309999942779541,1.309999942779541,1.2200000286102295,1.2300000190734863,32500,0.0,0.0
2023-10-26 00:00:00-04:00,1.190000057220459,1.2300000190734863,1.1799999475479126,1.2000000476837158,8200,0.0,0.0
2023-10-27 00:00:00-04:00,1.2000000476837158,1.340000033378601,1.1699999570846558,1.25,22100,0.0,0.0
2023-10-30 00:00:00-04:00,1.309999942779541,1.309999942779541,1.190000057220459,1.2380000352859497,23500,0.0,0.0
2023-10-31 00:00:00-04:00,1.2400000095367432,1.909999966621399,1.1770000457763672,1.659999966621399,870200,0.0,0.0
2023-11-01 00:00:00-04:00,1.75,2.2200000286102295,1.659999966621399,2.1600000858306885,100700,0.0,0.0
2023-11-02 00:00:00-04:00,2.259999990463257,2.7799999713897705,2.1600000858306885,2.3499999046325684,133000,0.0,0.0
2023-11-03 00:00:00-04:00,2.9000000953674316,3.1500000953674316,2.4600000381469727,2.619999885559082,97400,0.0,0.0
2023-11-06 00:00:00-05:00,2.549999952316284,3.3499999046325684,2.430000066757202,3.200000047683716,71100,0.0,0.0
2023-11-07 00:00:00-05:00,3.200000047683716,4.570000171661377,3.115000009536743,4.400000095367432,137900,0.0,0.0
2023-11-08 00:00:00-05:00,4.849999904632568,6.329999923706055,2.3399999141693115,3.9800000190734863,460900,0.0,0.0
2023-11-09 00:00:00-05:00,3.8499999046325684,4.199999809265137,3.5899999141693115,3.6500000953674316,83400,0.0,0.0
2023-11-10 00:00:00-05:00,3.2699999809265137,3.3299999237060547,2.559999942779541,2.9000000953674316,102500,0.0,0.0
2023-11-13 00:00:00-05:00,2.9000000953674316,3.380000114440918,2.7899999618530273,3.0899999141693115,28300,0.0,0.0
2023-11-14 00:00:00-05:00,3.190000057220459,3.3299999237060547,2.9800000190734863,3.0,10800,0.0,0.0
2023-11-15 00:00:00-05:00,3.0,3.0999999046325684,2.880000114440918,3.069999933242798,17300,0.0,0.0
2023-11-16 00:00:00-05:00,3.069999933242798,3.069999933242798,2.9600000381469727,2.9600000381469727,11200,0.0,0.0
2023-11-17 00:00:00-05:00,2.9200000762939453,4.289999961853027,2.802000045776367,4.179999828338623,105300,0.0,0.0
2023-11-20 00:00:00-05:00,4.179999828338623,4.598999977111816,4.179999828338623,4.400000095367432,47200,0.0,0.0
2023-11-21 00:00:00-05:00,4.199999809265137,4.480000019073486,4.131999969482422,4.28000020980835,36300,0.0,0.0
2023-11-22 00:00:00-05:00,4.269999980926514,4.400000095367432,3.75,3.8499999046325684,38100,0.0,0.0
2023-11-24 00:00:00-05:00,3.759999990463257,4.0,3.759999990463257,3.8499999046325684,5800,0.0,0.0
2023-11-27 00:00:00-05:00,3.8499999046325684,4.0,3.752000093460083,3.859999895095825,42700,0.0,0.0
2023-11-28 00:00:00-05:00,3.759999990463257,3.950000047683716,3.740000009536743,3.890000104904175,13100,0.0,0.0
2023-11-29 00:00:00-05:00,3.8399999141693115,3.950000047683716,3.622999906539917,3.9000000953674316,31300,0.0,0.0
2023-11-30 00:00:00-05:00,4.0,4.0,3.509999990463257,3.509999990463257,19500,0.0,0.0
2023-12-01 00:00:00-05:00,3.5,3.687999963760376,3.5,3.5899999141693115,8300,0.0,0.0
2023-12-04 00:00:00-05:00,3.5,3.7300000190734863,3.5,3.609999895095825,9300,0.0,0.0
2023-12-05 00:00:00-05:00,3.5899999141693115,3.700000047683716,3.5,3.559999942779541,6600,0.0,0.0
2023-12-06 00:00:00-05:00,3.5,3.7799999713897705,3.5,3.5,10100,0.0,0.0
2023-12-07 00:00:00-05:00,3.440000057220459,3.450000047683716,3.25,3.25,11000,0.0,0.0
2023-12-08 00:00:00-05:00,3.25,3.369999885559082,3.069999933242798,3.0799999237060547,8500,0.0,0.0
2023-12-11 00:00:00-05:00,3.009999990463257,3.0999999046325684,2.950000047683716,2.950000047683716,15000,0.0,0.0
2023-12-12 00:00:00-05:00,2.869999885559082,2.993000030517578,2.5,2.5,46000,0.0,0.0
2023-12-13 00:00:00-05:00,2.6500000953674316,2.7100000381469727,2.380000114440918,2.5,39300,0.0,0.0
2023-12-14 00:00:00-05:00,2.75,2.75,2.4100000858306885,2.4700000286102295,18800,0.0,0.0
2023-12-15 00:00:00-05:00,2.4200000762939453,2.5320000648498535,2.4200000762939453,2.440000057220459,16900,0.0,0.0
2023-12-18 00:00:00-05:00,2.5,2.5380001068115234,2.4200000762939453,2.450000047683716,30900,0.0,0.0
2023-12-19 00:00:00-05:00,2.4800000190734863,2.5399999618530273,2.3399999141693115,2.450000047683716,14900,0.0,0.0
2023-12-20 00:00:00-05:00,2.4000000953674316,2.4200000762939453,2.3510000705718994,2.4200000762939453,48600,0.0,0.0
2023-12-21 00:00:00-05:00,2.4200000762939453,2.440000057220459,2.180000066757202,2.25,62100,0.0,0.0
2023-12-22 00:00:00-05:00,2.25,2.2929999828338623,2.0399999618530273,2.0399999618530273,27700,0.0,0.0
2023-12-26 00:00:00-05:00,2.2899999618530273,2.2899999618530273,2.0,2.109999895095825,23100,0.0,0.0
2023-12-27 00:00:00-05:00,2.059999942779541,2.2200000286102295,2.059999942779541,2.1600000858306885,20200,0.0,0.0
2023-12-28 00:00:00-05:00,2.1700000762939453,2.2339999675750732,2.0299999713897705,2.1500000953674316,83500,0.0,0.0
2023-12-29 00:00:00-05:00,2.200000047683716,2.200000047683716,2.0399999618530273,2.069999933242798,41100,0.0,0.0
2024-01-02 00:00:00-05:00,2.109999895095825,2.190000057220459,2.0999999046325684,2.1500000953674316,20000,0.0,0.0
2024-01-03 00:00:00-05:00,2.1500000953674316,2.2149999141693115,2.069999933242798,2.180000066757202,14500,0.0,0.0
2024-01-04 00:00:00-05:00,2.1500000953674316,2.25,2.0399999618530273,2.1700000762939453,82700,0.0,0.0
2024-01-05 00:00:00-05:00,2.119999885559082,2.1600000858306885,2.0999999046325684,2.130000114440918,7200,0.0,0.0
2024-01-08 00:00:00-05:00,2.0399999618530273,2.109999895095825,1.899999976158142,1.9299999475479126,49400,0.0,0.0
2024-01-09 00:00:00-05:00,1.9199999570846558,2.0199999809265137,1.8600000143051147,1.8700000047683716,8100,0.0,0.0
2024-01-10 00:00:00-05:00,1.9199999570846558,1.9500000476837158,1.7200000286102295,1.8600000143051147,12400,0.0,0.0
2024-01-11 00:00:00-05:00,1.809999942779541,1.8600000143051147,1.7400000095367432,1.7400000095367432,14100,0.0,0.0
2024-01-12 00:00:00-05:00,1.7699999809265137,1.7799999713897705,1.6649999618530273,1.6699999570846558,16900,0.0,0.0
2024-01-16 00:00:00-05:00,1.7699999809265137,1.7730000019073486,1.565000057220459,1.6200000047683716,19000,0.0,0.0
2024-01-17 00:00:00-05:00,1.559999942779541,1.7100000381469727,1.559999942779541,1.7100000381469727,7000,0.0,0.0
2024-01-18 00:00:00-05:00,1.7599999904632568,1.8799999952316284,1.75,1.7899999618530273,8000,0.0,0.0
2024-01-19 00:00:00-05:00,1.850000023841858,1.9800000190734863,1.815000057220459,1.899999976158142,3100,0.0,0.0
2024-01-22 00:00:00-05:00,1.899999976158142,2.0999999046325684,1.8200000524520874,2.069999933242798,14900,0.0,0.0
2024-01-23 00:00:00-05:00,2.1500000953674316,2.1500000953674316,2.0899999141693115,2.0999999046325684,4100,0.0,0.0
2024-01-24 00:00:00-05:00,2.25,2.319999933242798,2.119999885559082,2.2899999618530273,19200,0.0,0.0
2024-01-25 00:00:00-05:00,2.319999933242798,2.319999933242798,2.200000047683716,2.2699999809265137,6200,0.0,0.0
2024-01-26 00:00:00-05:00,2.299999952316284,2.299999952316284,2.2200000286102295,2.2200000286102295,3200,0.0,0.0
2024-01-29 00:00:00-05:00,2.190000057220459,2.2300000190734863,2.009999990463257,2.1500000953674316,12000,0.0,0.0
2024-01-30 00:00:00-05:00,2.0899999141693115,2.200000047683716,2.0799999237060547,2.200000047683716,2300,0.0,0.0
2024-01-31 00:00:00-05:00,2.0999999046325684,2.190000057220459,2.0299999713897705,2.0999999046325684,2900,0.0,0.0
2024-02-01 00:00:00-05:00,2.059999942779541,2.180000066757202,2.0299999713897705,2.0299999713897705,3200,0.0,0.0
2024-02-02 00:00:00-05:00,2.0799999237060547,2.1700000762939453,2.0329999923706055,2.0999999046325684,3800,0.0,0.0
2024-02-05 00:00:00-05:00,2.109999895095825,2.1500000953674316,2.109999895095825,2.109999895095825,3400,0.0,0.0
2024-02-06 00:00:00-05:00,2.180000066757202,2.180000066757202,2.0999999046325684,2.180000066757202,3000,0.0,0.0
2024-02-07 00:00:00-05:00,2.180000066757202,2.319999933242798,2.180000066757202,2.319999933242798,10200,0.0,0.0
2024-02-08 00:00:00-05:00,2.259999990463257,2.3399999141693115,2.1700000762939453,2.3399999141693115,6300,0.0,0.0
2024-02-09 00:00:00-05:00,2.3399999141693115,2.430000066757202,2.3299999237060547,2.430000066757202,4200,0.0,0.0
2024-02-12 00:00:00-05:00,2.450000047683716,2.549999952316284,2.4000000953674316,2.4700000286102295,8100,0.0,0.0
2024-02-13 00:00:00-05:00,2.4100000858306885,2.5420000553131104,2.4059998989105225,2.5399999618530273,9200,0.0,0.0
2024-02-14 00:00:00-05:00,2.4600000381469727,2.4600000381469727,2.1500000953674316,2.299999952316284,10600,0.0,0.0
2024-02-15 00:00:00-05:00,2.299999952316284,2.430000066757202,2.190000057220459,2.430000066757202,4600,0.0,0.0
2024-02-16 00:00:00-05:00,2.4200000762939453,2.5799999237060547,2.380000114440918,2.5799999237060547,13600,0.0,0.0
2024-02-20 00:00:00-05:00,2.5399999618530273,2.5399999618530273,2.4000000953674316,2.4200000762939453,8100,0.0,0.0
2024-02-21 00:00:00-05:00,2.700000047683716,2.700000047683716,2.4600000381469727,2.5199999809265137,16200,0.0,0.0
2024-02-22 00:00:00-05:00,2.5199999809265137,2.5199999809265137,2.2699999809265137,2.3499999046325684,8700,0.0,0.0
2024-02-23 00:00:00-05:00,2.5799999237060547,2.5799999237060547,2.4600000381469727,2.5,10800,0.0,0.0
2024-02-26 00:00:00-05:00,2.4600000381469727,2.5999999046325684,2.450000047683716,2.559999942779541,13700,0.0,0.0
2024-02-27 00:00:00-05:00,2.5999999046325684,2.9000000953674316,2.559999942779541,2.7799999713897705,36700,0.0,0.0
2024-02-28 00:00:00-05:00,2.7899999618530273,3.069999933242798,2.7899999618530273,2.9600000381469727,56800,0.0,0.0
2024-02-29 00:00:00-05:00,3.0399999618530273,3.0399999618530273,2.740000009536743,2.740000009536743,12500,0.0,0.0
2024-03-01 00:00:00-05:00,2.6600000858306885,2.8399999141693115,2.5199999809265137,2.7200000286102295,12700,0.0,0.0
2024-03-04 00:00:00-05:00,2.7699999809265137,2.940000057220459,2.75,2.7950000762939453,9600,0.0,0.0
2024-03-05 00:00:00-05:00,2.880000114440918,2.880000114440918,2.7049999237060547,2.7799999713897705,12600,0.0,0.0
2024-03-06 00:00:00-05:00,2.859999895095825,2.859999895095825,2.630000114440918,2.75,3800,0.0,0.0
2024-03-07 00:00:00-05:00,2.8299999237060547,2.8299999237060547,2.680000066757202,2.700000047683716,3800,0.0,0.0
2024-03-08 00:00:00-05:00,2.630000114440918,2.630000114440918,2.549999952316284,2.5999999046325684,5800,0.0,0.0
2024-03-11 00:00:00-04:00,2.6500000953674316,2.693000078201294,2.559999942779541,2.693000078201294,15700,0.0,0.0
2024-03-12 00:00:00-04:00,2.6700000762939453,2.75,2.6700000762939453,2.680000066757202,44500,0.0,0.0
2024-03-13 00:00:00-04:00,2.5999999046325684,2.8299999237060547,2.5199999809265137,2.674999952316284,17400,0.0,0.0
2024-03-14 00:00:00-04:00,2.930000066757202,2.930000066757202,2.7219998836517334,2.740000009536743,4000,0.0,0.0
2024-03-15 00:00:00-04:00,2.5899999141693115,2.9030001163482666,2.569999933242798,2.569999933242798,9500,0.0,0.0
2024-03-18 00:00:00-04:00,2.799999952316284,2.799999952316284,2.5899999141693115,2.5899999141693115,4300,0.0,0.0
2024-03-19 00:00:00-04:00,2.549999952316284,2.559999942779541,2.319999933242798,2.4100000858306885,7900,0.0,0.0
2024-03-20 00:00:00-04:00,2.319999933242798,2.5,2.319999933242798,2.5,1700,0.0,0.0
2024-03-21 00:00:00-04:00,2.4800000190734863,2.6700000762939453,2.4800000190734863,2.5999999046325684,6200,0.0,0.0
2024-03-22 00:00:00-04:00,2.5299999713897705,2.819999933242798,2.5299999713897705,2.740000009536743,19500,0.0,0.0
2024-03-25 00:00:00-04:00,2.700000047683716,2.9600000381469727,2.700000047683716,2.819999933242798,12600,0.0,0.0
2024-03-26 00:00:00-04:00,2.9000000953674316,2.950000047683716,2.859999895095825,2.869999885559082,6800,0.0,0.0
2024-03-27 00:00:00-04:00,2.9100000858306885,2.9600000381469727,2.799999952316284,2.9200000762939453,38700,0.0,0.0
2024-03-28 00:00:00-04:00,2.940000057220459,2.9600000381469727,2.7200000286102295,2.9100000858306885,36800,0.0,0.0
2024-04-01 00:00:00-04:00,2.880000114440918,2.880000114440918,2.75,2.8399999141693115,4400,0.0,0.0
2024-04-02 00:00:00-04:00,2.805000066757202,2.809999942779541,2.744999885559082,2.809999942779541,3200,0.0,0.0
2024-04-03 00:00:00-04:00,2.950000047683716,2.9600000381469727,2.759999990463257,2.890000104904175,14700,0.0,0.0
2024-04-04 00:00:00-04:00,2.950000047683716,2.950000047683716,2.700000047683716,2.8399999141693115,10500,0.0,0.0
2024-04-05 00:00:00-04:00,2.9000000953674316,2.9000000953674316,2.509999990463257,2.559999942779541,16100,0.0,0.0
2024-04-08 00:00:00-04:00,2.549999952316284,2.5999999046325684,2.5399999618530273,2.5999999046325684,4900,0.0,0.0
2024-04-09 00:00:00-04:00,2.690000057220459,2.7249999046325684,2.640000104904175,2.640000104904175,1000,0.0,0.0
2024-04-10 00:00:00-04:00,2.5,2.559999942779541,2.3499999046325684,2.4200000762939453,5800,0.0,0.0
2024-04-11 00:00:00-04:00,2.4000000953674316,2.4600000381469727,2.309999942779541,2.4200000762939453,3400,0.0,0.0
2024-04-12 00:00:00-04:00,2.5199999809265137,2.5199999809265137,2.369999885559082,2.4000000953674316,6100,0.0,0.0
2024-04-15 00:00:00-04:00,2.4000000953674316,2.4000000953674316,2.010999917984009,2.140000104904175,23000,0.0,0.0
2024-04-16 00:00:00-04:00,2.3399999141693115,2.3399999141693115,2.2149999141693115,2.240000009536743,5200,0.0,0.0
2024-04-17 00:00:00-04:00,2.369999885559082,2.369999885559082,2.190000057220459,2.200000047683716,4800,0.0,0.0
2024-04-18 00:00:00-04:00,2.180000066757202,2.3510000705718994,2.180000066757202,2.2899999618530273,4500,0.0,0.0
2024-04-19 00:00:00-04:00,2.2899999618530273,2.50600004196167,2.2720000743865967,2.492000102996826,10500,0.0,0.0
2024-04-22 00:00:00-04:00,2.559999942779541,2.609999895095825,2.430000066757202,2.609999895095825,6000,0.0,0.0
2024-04-23 00:00:00-04:00,2.5799999237060547,3.3329999446868896,2.5799999237060547,3.049999952316284,58300,0.0,0.0
2024-04-24 00:00:00-04:00,3.0299999713897705,3.25,2.950000047683716,3.049999952316284,23400,0.0,0.0
2024-04-25 00:00:00-04:00,3.0,3.1600000858306885,2.9200000762939453,3.0,21300,0.0,0.0
2024-04-26 00:00:00-04:00,2.9600000381469727,3.0899999141693115,2.9049999713897705,2.950000047683716,11500,0.0,0.0
2024-04-29 00:00:00-04:00,3.0299999713897705,3.200000047683716,3.0,3.0899999141693115,39100,0.0,0.0
2024-04-30 00:00:00-04:00,3.0899999141693115,3.180000066757202,2.6500000953674316,2.859999895095825,8800,0.0,0.0
2024-05-01 00:00:00-04:00,2.9000000953674316,2.9000000953674316,2.759999990463257,2.8299999237060547,3100,0.0,0.0
2024-05-02 00:00:00-04:00,2.799999952316284,2.799999952316284,2.4600000381469727,2.5799999237060547,14600,0.0,0.0
2024-05-03 00:00:00-04:00,2.549999952316284,2.759999990463257,2.5299999713897705,2.609999895095825,12600,0.0,0.0
2024-05-06 00:00:00-04:00,2.609999895095825,3.1500000953674316,2.609999895095825,3.049999952316284,15300,0.0,0.0
2024-05-07 00:00:00-04:00,3.049999952316284,3.059000015258789,2.7100000381469727,2.880000114440918,12200,0.0,0.0
2024-05-08 00:00:00-04:00,2.9700000286102295,3.049999952316284,2.880000114440918,2.9600000381469727,7100,0.0,0.0
2024-05-09 00:00:00-04:00,3.119999885559082,3.1500000953674316,2.950000047683716,2.950000047683716,7300,0.0,0.0
2024-05-10 00:00:00-04:00,2.950000047683716,2.9700000286102295,2.8499999046325684,2.9000000953674316,3900,0.0,0.0
2024-05-13 00:00:00-04:00,2.9800000190734863,3.009999990463257,2.944999933242798,2.9600000381469727,6200,0.0,0.0
2024-05-14 00:00:00-04:00,2.950000047683716,3.0299999713897705,2.559999942779541,3.0,37100,0.0,0.0
2024-05-15 00:00:00-04:00,3.0,3.0299999713897705,2.859999895095825,2.930000066757202,7700,0.0,0.0
2024-05-16 00:00:00-04:00,2.9100000858306885,3.0,2.9100000858306885,2.9600000381469727,10400,0.0,0.0
2024-05-17 00:00:00-04:00,2.9489998817443848,3.0,2.9489998817443848,3.0,4200,0.0,0.0
2024-05-20 00:00:00-04:00,3.0,3.049999952316284,2.940000057220459,3.049999952316284,2700,0.0,0.0
2024-05-21 00:00:00-04:00,3.0999999046325684,3.234999895095825,3.0829999446868896,3.234999895095825,2500,0.0,0.0
2024-05-22 00:00:00-04:00,3.119999885559082,3.1500000953674316,2.799999952316284,2.869999885559082,5200,0.0,0.0
2024-05-23 00:00:00-04:00,2.869999885559082,3.2260000705718994,2.869999885559082,3.0999999046325684,5000,0.0,0.0
2024-05-24 00:00:00-04:00,3.119999885559082,3.2200000286102295,2.990000009536743,2.990000009536743,7200,0.0,0.0
2024-05-28 00:00:00-04:00,3.049999952316284,3.109999895095825,2.950000047683716,2.9700000286102295,7800,0.0,0.0
2024-05-29 00:00:00-04:00,2.9700000286102295,2.990000009536743,2.869999885559082,2.880000114440918,3800,0.0,0.0
2024-05-30 00:00:00-04:00,2.869999885559082,2.9749999046325684,2.869999885559082,2.950000047683716,4100,0.0,0.0
2024-05-31 00:00:00-04:00,2.890000104904175,2.9100000858306885,2.890000104904175,2.9100000858306885,900,0.0,0.0
2024-06-03 00:00:00-04:00,3.0199999809265137,3.0399999618530273,2.869999885559082,2.9100000858306885,6800,0.0,0.0
2024-06-04 00:00:00-04:00,2.869999885559082,2.9600000381469727,2.869999885559082,2.9100000858306885,1800,0.0,0.0
2024-06-05 00:00:00-04:00,2.9100000858306885,2.9100000858306885,2.7699999809265137,2.799999952316284,4100,0.0,0.0
2024-06-06 00:00:00-04:00,3.0399999618530273,3.0399999618530273,2.759999990463257,2.799999952316284,12000,0.0,0.0
2024-06-07 00:00:00-04:00,2.755000114440918,3.0399999618530273,2.5999999046325684,2.8299999237060547,30100,0.0,0.0
2024-06-10 00:00:00-04:00,2.6700000762939453,2.9860000610351562,2.6500000953674316,2.7699999809265137,6200,0.0,0.0
2024-06-11 00:00:00-04:00,2.7850000858306885,2.930000066757202,2.6600000858306885,2.930000066757202,8900,0.0,0.0
2024-06-12 00:00:00-04:00,2.940000057220459,3.009999990463257,2.940000057220459,2.9749999046325684,8200,0.0,0.0
2024-06-13 00:00:00-04:00,2.9800000190734863,3.0,2.819999933242798,2.937999963760376,11500,0.0,0.0
2024-06-14 00:00:00-04:00,2.869999885559082,2.9800000190734863,2.819999933242798,2.9700000286102295,4700,0.0,0.0
2024-06-17 00:00:00-04:00,2.890000104904175,2.8919999599456787,2.640000104904175,2.759999990463257,16200,0.0,0.0
2024-06-18 00:00:00-04:00,2.700000047683716,2.744999885559082,2.5999999046325684,2.5999999046325684,8900,0.0,0.0
2024-06-20 00:00:00-04:00,2.5999999046325684,2.6500000953674316,2.5999999046325684,2.630000114440918,9600,0.0,0.0
2024-06-21 00:00:00-04:00,2.6500000953674316,3.0299999713897705,2.5999999046325684,3.0199999809265137,33800,0.0,0.0
2024-06-24 00:00:00-04:00,2.880000114440918,2.9200000762939453,2.809000015258789,2.8399999141693115,9900,0.0,0.0
2024-06-25 00:00:00-04:00,2.9000000953674316,2.9000000953674316,2.5999999046325684,2.819999933242798,11300,0.0,0.0
2024-06-26 00:00:00-04:00,2.8499999046325684,2.997999906539917,2.819999933242798,2.8499999046325684,5500,0.0,0.0
2024-06-27 00:00:00-04:00,2.7799999713897705,2.809999942779541,2.700000047683716,2.700000047683716,2200,0.0,0.0
2024-06-28 00:00:00-04:00,2.819999933242798,2.819999933242798,2.75,2.7899999618530273,1900,0.0,0.0
2024-07-01 00:00:00-04:00,2.7899999618530273,2.990000009536743,2.7200000286102295,2.9600000381469727,3300,0.0,0.0
2024-07-02 00:00:00-04:00,2.940000057220459,3.0299999713897705,2.871000051498413,2.950000047683716,6100,0.0,0.0
2024-07-03 00:00:00-04:00,3.009999990463257,3.059999942779541,2.799999952316284,2.950000047683716,6600,0.0,0.0
2024-07-05 00:00:00-04:00,2.8299999237060547,2.880000114440918,2.5999999046325684,2.7799999713897705,19200,0.0,0.0
2024-07-08 00:00:00-04:00,2.690000057220459,2.880000114440918,2.690000057220459,2.759999990463257,2400,0.0,0.0
2024-07-09 00:00:00-04:00,2.640000104904175,2.8480000495910645,2.630000114440918,2.75,10000,0.0,0.0
2024-07-10 00:00:00-04:00,2.8499999046325684,2.8499999046325684,2.640000104904175,2.742000102996826,14200,0.0,0.0
2024-07-11 00:00:00-04:00,2.640000104904175,2.869999885559082,2.640000104904175,2.859999895095825,9000,0.0,0.0
2024-07-12 00:00:00-04:00,2.950000047683716,3.009999990463257,2.880000114440918,3.009999990463257,23600,0.0,0.0
2024-07-15 00:00:00-04:00,2.9200000762939453,3.130000114440918,2.9200000762939453,3.0399999618530273,5300,0.0,0.0
2024-07-16 00:00:00-04:00,3.059999942779541,3.059999942779541,2.950000047683716,3.009999990463257,2900,0.0,0.0
2024-07-17 00:00:00-04:00,3.0,3.0299999713897705,3.0,3.0299999713897705,1500,0.0,0.0
2024-07-18 00:00:00-04:00,3.069999933242798,3.069999933242798,2.859999895095825,2.9100000858306885,3500,0.0,0.0
2024-07-19 00:00:00-04:00,2.9700000286102295,3.1500000953674316,2.9700000286102295,3.049999952316284,3000,0.0,0.0
2024-07-22 00:00:00-04:00,2.950000047683716,3.0399999618530273,2.8499999046325684,3.0399999618530273,9800,0.0,0.0
2024-07-23 00:00:00-04:00,3.069999933242798,3.132999897003174,2.8399999141693115,2.869999885559082,5800,0.0,0.0
2024-07-24 00:00:00-04:00,2.940000057220459,2.940000057220459,2.619999885559082,2.619999885559082,3400,0.0,0.0
2024-07-25 00:00:00-04:00,2.809999942779541,2.890000104904175,2.799999952316284,2.8499999046325684,2400,0.0,0.0
2024-07-26 00:00:00-04:00,2.7699999809265137,2.950000047683716,2.6429998874664307,2.950000047683716,2100,0.0,0.0
2024-07-29 00:00:00-04:00,2.859999895095825,2.930000066757202,2.859999895095825,2.859999895095825,5100,0.0,0.0
2024-07-30 00:00:00-04:00,2.7899999618530273,2.859999895095825,2.6600000858306885,2.75600004196167,11000,0.0,0.0
2024-07-31 00:00:00-04:00,2.8299999237060547,2.9200000762939453,2.700000047683716,2.7149999141693115,23500,0.0,0.0
2024-08-01 00:00:00-04:00,2.740000009536743,2.799999952316284,2.630000114440918,2.740000009536743,9100,0.0,0.0
2024-08-02 00:00:00-04:00,2.6700000762939453,2.8499999046325684,2.640000104904175,2.690000057220459,3800,0.0,0.0
2024-08-05 00:00:00-04:00,2.6500000953674316,2.7100000381469727,2.6500000953674316,2.690000057220459,8000,0.0,0.0
2024-08-06 00:00:00-04:00,2.680000066757202,2.740000009536743,2.6670000553131104,2.684999942779541,11700,0.0,0.0
2024-08-07 00:00:00-04:00,2.700000047683716,2.865000009536743,2.6630001068115234,2.6630001068115234,3000,0.0,0.0
2024-08-08 00:00:00-04:00,2.890000104904175,2.890000104904175,2.559999942779541,2.572000026702881,6200,0.0,0.0
2024-08-09 00:00:00-04:00,2.5,2.5999999046325684,2.5,2.5999999046325684,1500,0.0,0.0
2024-08-12 00:00:00-04:00,2.640000104904175,2.75,2.640000104904175,2.700000047683716,6000,0.0,0.0
2024-08-13 00:00:00-04:00,3.200000047683716,3.200000047683716,2.819999933242798,2.930000066757202,27000,0.0,0.0
2024-08-14 00:00:00-04:00,2.8499999046325684,2.950000047683716,2.569999933242798,2.700000047683716,12300,0.0,0.0
2024-08-15 00:00:00-04:00,2.609999895095825,2.7699999809265137,2.609999895095825,2.640000104904175,3900,0.0,0.0
2024-08-16 00:00:00-04:00,2.7300000190734863,2.7300000190734863,2.640000104904175,2.640000104904175,3300,0.0,0.0
2024-08-19 00:00:00-04:00,2.700000047683716,2.7149999141693115,2.700000047683716,2.7100000381469727,900,0.0,0.0
2024-08-20 00:00:00-04:00,2.7200000286102295,2.7300000190734863,2.7049999237060547,2.7049999237060547,2100,0.0,0.0
2024-08-21 00:00:00-04:00,2.7300000190734863,2.7300000190734863,2.700000047683716,2.7100000381469727,1400,0.0,0.0
2024-08-22 00:00:00-04:00,2.700000047683716,2.7799999713897705,2.700000047683716,2.7799999713897705,1800,0.0,0.0
2024-08-23 00:00:00-04:00,2.799999952316284,2.799999952316284,2.700000047683716,2.739000082015991,4300,0.0,0.0
2024-08-26 00:00:00-04:00,2.8299999237060547,2.8480000495910645,2.7149999141693115,2.740000009536743,1800,0.0,0.0
2024-08-27 00:00:00-04:00,2.75,2.859999895095825,2.75,2.859999895095825,700,0.0,0.0
2024-08-28 00:00:00-04:00,2.930000066757202,2.930000066757202,2.630000114440918,2.630000114440918,5700,0.0,0.0
2024-08-29 00:00:00-04:00,2.630000114440918,2.7309999465942383,2.630000114440918,2.7200000286102295,3800,0.0,0.0
2024-08-30 00:00:00-04:00,2.6600000858306885,2.799999952316284,2.559999942779541,2.630000114440918,8200,0.0,0.0
2024-09-03 00:00:00-04:00,2.5799999237060547,2.5999999046325684,2.5799999237060547,2.5999999046325684,4400,0.0,0.0
2024-09-04 00:00:00-04:00,2.5399999618530273,2.740000009536743,2.5399999618530273,2.680000066757202,4200,0.0,0.0
2024-09-05 00:00:00-04:00,2.630000114440918,2.760999917984009,2.1700000762939453,2.319999933242798,14900,0.0,0.0
2024-09-06 00:00:00-04:00,2.359999895095825,2.490000009536743,2.319999933242798,2.319999933242798,4600,0.0,0.0
2024-09-09 00:00:00-04:00,2.380000114440918,2.380000114440918,2.25,2.319999933242798,8400,0.0,0.0
2024-09-10 00:00:00-04:00,2.2899999618530273,2.369999885559082,2.2899999618530273,2.365000009536743,15100,0.0,0.0
2024-09-11 00:00:00-04:00,2.2179999351501465,2.369999885559082,2.2179999351501465,2.299999952316284,2300,0.0,0.0
2024-09-12 00:00:00-04:00,2.240000009536743,2.4100000858306885,2.240000009536743,2.4100000858306885,1200,0.0,0.0
2024-09-13 00:00:00-04:00,2.3399999141693115,2.5,2.2709999084472656,2.384999990463257,7800,0.0,0.0
2024-09-16 00:00:00-04:00,2.3499999046325684,2.4649999141693115,2.2809998989105225,2.4200000762939453,4600,0.0,0.0
2024-09-17 00:00:00-04:00,2.319999933242798,2.4100000858306885,2.302000045776367,2.319999933242798,4800,0.0,0.0
2024-09-18 00:00:00-04:00,2.430000066757202,2.430000066757202,2.1600000858306885,2.1600000858306885,9600,0.0,0.0
2024-09-19 00:00:00-04:00,2.3299999237060547,2.3499999046325684,2.0899999141693115,2.1700000762939453,6900,0.0,0.0
2024-09-20 00:00:00-04:00,2.059999942779541,2.1500000953674316,2.009999990463257,2.140000104904175,30100,0.0,0.0
2024-09-23 00:00:00-04:00,2.200000047683716,2.200000047683716,2.1489999294281006,2.200000047683716,1700,0.0,0.0
2024-09-24 00:00:00-04:00,2.140000104904175,2.1500000953674316,2.130000114440918,2.140000104904175,2500,0.0,0.0
2024-09-25 00:00:00-04:00,2.190000057220459,2.440000057220459,2.1700000762939453,2.437000036239624,8400,0.0,0.0
2024-09-26 00:00:00-04:00,2.5,2.9159998893737793,2.309999942779541,2.4100000858306885,12200,0.0,0.0
2024-09-27 00:00:00-04:00,2.369999885559082,2.430000066757202,2.1700000762939453,2.390000104904175,5200,0.0,0.0
2024-09-30 00:00:00-04:00,2.430000066757202,2.5,2.4000000953674316,2.5,7500,0.0,0.0
2024-10-01 00:00:00-04:00,2.5,2.559999942779541,2.5,2.559999942779541,3300,0.0,0.0
2024-10-02 00:00:00-04:00,2.5,2.75,2.496000051498413,2.569999933242798,15200,0.0,0.0
2024-10-03 00:00:00-04:00,2.5199999809265137,2.684000015258789,2.51200008392334,2.5199999809265137,4500,0.0,0.0
2024-10-04 00:00:00-04:00,2.5799999237060547,2.802999973297119,2.5799999237060547,2.7799999713897705,14600,0.0,0.0
2024-10-07 00:00:00-04:00,2.640000104904175,2.690000057220459,2.569999933242798,2.6689999103546143,8700,0.0,0.0
2024-10-08 00:00:00-04:00,2.680000066757202,2.809999942779541,2.680000066757202,2.809999942779541,2600,0.0,0.0
2024-10-09 00:00:00-04:00,2.7100000381469727,2.7200000286102295,2.5999999046325684,2.7200000286102295,3100,0.0,0.0
2024-10-10 00:00:00-04:00,2.700000047683716,2.7300000190734863,2.6500000953674316,2.7300000190734863,800,0.0,0.0
2024-10-11 00:00:00-04:00,2.6600000858306885,2.8299999237060547,2.6600000858306885,2.690000057220459,3200,0.0,0.0
2024-10-14 00:00:00-04:00,2.680000066757202,2.8399999141693115,2.630000114440918,2.809999942779541,12100,0.0,0.0
2024-10-15 00:00:00-04:00,2.75,2.7950000762939453,2.619999885559082,2.753000020980835,5200,0.0,0.0
2024-10-16 00:00:00-04:00,2.8399999141693115,2.8399999141693115,2.6500000953674316,2.6500000953674316,7600,0.0,0.0
2024-10-17 00:00:00-04:00,2.740000009536743,2.740000009536743,2.509999990463257,2.5299999713897705,5600,0.0,0.0
2024-10-18 00:00:00-04:00,2.509999990463257,2.63700008392334,2.509999990463257,2.569999933242798,2000,0.0,0.0
2024-10-21 00:00:00-04:00,2.640000104904175,2.640000104904175,2.565000057220459,2.565000057220459,1300,0.0,0.0
2024-10-22 00:00:00-04:00,2.569999933242798,2.569999933242798,2.4700000286102295,2.5299999713897705,3600,0.0,0.0
2024-10-23 00:00:00-04:00,2.5799999237060547,2.5799999237060547,2.5299999713897705,2.5299999713897705,1800,0.0,0.0
2024-10-24 00:00:00-04:00,2.5799999237060547,2.5799999237060547,2.4700000286102295,2.4700000286102295,3400,0.0,0.0
2024-10-25 00:00:00-04:00,2.5,2.5480000972747803,2.5,2.5299999713897705,2700,0.0,0.0
2024-10-28 00:00:00-04:00,2.571000099182129,2.5739998817443848,2.5199999809265137,2.5199999809265137,2600,0.0,0.0
2024-10-29 00:00:00-04:00,2.5199999809265137,2.568000078201294,2.4700000286102295,2.552000045776367,6800,0.0,0.0
2024-10-30 00:00:00-04:00,2.5199999809265137,2.549999952316284,2.486999988555908,2.5199999809265137,4400,0.0,0.0
2024-10-31 00:00:00-04:00,2.4800000190734863,2.5339999198913574,2.4700000286102295,2.5,3500,0.0,0.0
2024-11-01 00:00:00-04:00,2.5399999618530273,2.5399999618530273,2.4700000286102295,2.4760000705718994,4000,0.0,0.0
2024-11-04 00:00:00-05:00,2.4800000190734863,2.5299999713897705,2.309999942779541,2.450000047683716,4200,0.0,0.0
2024-11-05 00:00:00-05:00,2.5,2.5,2.359999895095825,2.4100000858306885,6600,0.0,0.0
2024-11-06 00:00:00-05:00,2.4000000953674316,2.490999937057495,2.309999942779541,2.490999937057495,5500,0.0,0.0
2024-11-07 00:00:00-05:00,2.2100000381469727,2.5360000133514404,2.2100000381469727,2.509999990463257,3000,0.0,0.0
2024-11-08 00:00:00-05:00,2.5799999237060547,2.5799999237060547,2.4100000858306885,2.4700000286102295,4500,0.0,0.0
2024-11-11 00:00:00-05:00,2.3299999237060547,2.5,2.3299999237060547,2.4000000953674316,5300,0.0,0.0
2024-11-12 00:00:00-05:00,2.4100000858306885,2.4100000858306885,2.299999952316284,2.3499999046325684,3700,0.0,0.0
2024-11-13 00:00:00-05:00,2.440000057220459,2.440000057220459,2.309999942779541,2.3380000591278076,6700,0.0,0.0
2024-11-14 00:00:00-05:00,2.299999952316284,2.369999885559082,2.200000047683716,2.3299999237060547,8100,0.0,0.0
2024-11-15 00:00:00-05:00,2.3299999237060547,2.3399999141693115,2.140000104904175,2.25,12900,0.0,0.0
2024-11-18 00:00:00-05:00,2.25,2.26200008392334,2.009999990463257,2.059999942779541,27300,0.0,0.0
2024-11-19 00:00:00-05:00,2.1700000762939453,2.1700000762939453,1.7999999523162842,1.7999999523162842,12500,0.0,0.0
2024-11-20 00:00:00-05:00,1.909999966621399,1.909999966621399,1.7100000381469727,1.7100000381469727,11700,0.0,0.0
2024-11-21 00:00:00-05:00,1.7599999904632568,1.8350000381469727,1.6200000047683716,1.75,24000,0.0,0.0
2024-11-22 00:00:00-05:00,1.7000000476837158,1.7999999523162842,1.6200000047683716,1.6699999570846558,15100,0.0,0.0
2024-11-25 00:00:00-05:00,1.7200000286102295,1.784000039100647,1.649999976158142,1.6699999570846558,8100,0.0,0.0
2024-11-26 00:00:00-05:00,1.6660000085830688,1.75,1.6660000085830688,1.7300000190734863,11300,0.0,0.0
2024-11-27 00:00:00-05:00,1.7489999532699585,1.7979999780654907,1.7350000143051147,1.7350000143051147,16200,0.0,0.0
2024-11-29 00:00:00-05:00,1.7999999523162842,1.7999999523162842,1.718999981880188,1.75,3800,0.0,0.0
2024-12-02 00:00:00-05:00,1.7999999523162842,1.8519999980926514,1.7319999933242798,1.8519999980926514,8000,0.0,0.0
2024-12-03 00:00:00-05:00,1.9600000381469727,2.009999990463257,1.7000000476837158,1.725000023841858,20600,0.0,0.0
2024-12-04 00:00:00-05:00,1.7100000381469727,1.7100000381469727,1.5299999713897705,1.6200000047683716,22100,0.0,0.0
2024-12-05 00:00:00-05:00,1.649999976158142,1.7300000190734863,1.5,1.534999966621399,14000,0.0,0.0
2024-12-06 00:00:00-05:00,1.5099999904632568,1.5099999904632568,1.350000023841858,1.440000057220459,41300,0.0,0.0
2024-12-09 00:00:00-05:00,1.440000057220459,1.440000057220459,1.350000023841858,1.3509999513626099,35100,0.0,0.0
2024-12-10 00:00:00-05:00,1.440000057220459,1.440000057220459,1.25,1.340000033378601,32500,0.0,0.0
2024-12-11 00:00:00-05:00,1.3300000429153442,1.3919999599456787,1.2519999742507935,1.3300000429153442,9800,0.0,0.0
2024-12-12 00:00:00-05:00,1.3300000429153442,1.3799999952316284,1.2000000476837158,1.2790000438690186,14700,0.0,0.0
2024-12-13 00:00:00-05:00,1.2799999713897705,1.3580000400543213,1.1799999475479126,1.2799999713897705,40300,0.0,0.0
2024-12-16 00:00:00-05:00,1.399999976158142,2.200000047683716,1.350000023841858,2.200000047683716,212900,0.0,0.0
2024-12-17 00:00:00-05:00,2.309999942779541,2.5,2.0369999408721924,2.2300000190734863,93700,0.0,0.0
2024-12-18 00:00:00-05:00,2.2300000190734863,2.2300000190734863,1.8200000524520874,1.850000023841858,27100,0.0,0.0
2024-12-19 00:00:00-05:00,1.7799999713897705,1.8650000095367432,1.680999994277954,1.7599999904632568,22700,0.0,0.0
2024-12-20 00:00:00-05:00,1.600000023841858,2.049999952316284,1.600000023841858,2.0299999713897705,24900,0.0,0.0
2024-12-23 00:00:00-05:00,2.059999942779541,2.140000104904175,1.7899999618530273,2.119999885559082,37100,0.0,0.0
2024-12-24 00:00:00-05:00,2.059999942779541,2.1510000228881836,2.049999952316284,2.130000114440918,12600,0.0,0.0
2024-12-26 00:00:00-05:00,2.0399999618530273,2.140000104904175,2.0399999618530273,2.0899999141693115,8900,0.0,0.0
2024-12-27 00:00:00-05:00,2.049999952316284,2.1500000953674316,1.909999966621399,2.0399999618530273,34600,0.0,0.0
2024-12-30 00:00:00-05:00,2.0399999618530273,2.130000114440918,1.9420000314712524,2.0399999618530273,12500,0.0,0.0
2024-12-31 00:00:00-05:00,2.0399999618530273,2.1500000953674316,1.9500000476837158,2.069999933242798,21200,0.0,0.0
2025-01-02 00:00:00-05:00,2.0399999618530273,2.1500000953674316,1.968000054359436,2.1500000953674316,4100,0.0,0.0
2025-01-03 00:00:00-05:00,2.1500000953674316,2.190000057220459,1.9429999589920044,2.190000057220459,18700,0.0,0.0
2025-01-06 00:00:00-05:00,2.1600000858306885,2.25,2.052000045776367,2.25,8400,0.0,0.0
2025-01-07 00:00:00-05:00,2.25,2.2799999713897705,2.200000047683716,2.2799999713897705,31600,0.0,0.0
2025-01-08 00:00:00-05:00,2.130000114440918,2.184999942779541,2.069999933242798,2.1500000953674316,18000,0.0,0.0
2025-01-10 00:00:00-05:00,2.180000066757202,2.25,2.0899999141693115,2.0999999046325684,14700,0.0,0.0
2025-01-13 00:00:00-05:00,2.130000114440918,2.130000114440918,1.9700000286102295,1.9800000190734863,8300,0.0,0.0
2025-01-14 00:00:00-05:00,1.9500000476837158,2.0199999809265137,1.8380000591278076,2.0199999809265137,8300,0.0,0.0
2025-01-15 00:00:00-05:00,2.119999885559082,2.119999885559082,2.0,2.049999952316284,3600,0.0,0.0
2025-01-16 00:00:00-05:00,2.109999895095825,2.1600000858306885,2.0399999618530273,2.1600000858306885,4600,0.0,0.0
2025-01-17 00:00:00-05:00,2.1600000858306885,2.1600000858306885,2.119999885559082,2.140000104904175,3300,0.0,0.0
2025-01-21 00:00:00-05:00,2.140000104904175,2.180000066757202,2.119999885559082,2.1600000858306885,44700,0.0,0.0
2025-01-22 00:00:00-05:00,2.180000066757202,2.190000057220459,2.111999988555908,2.1500000953674316,9900,0.0,0.0
2025-01-23 00:00:00-05:00,2.0999999046325684,2.200000047683716,2.0999999046325684,2.140000104904175,5200,0.0,0.0
2025-01-24 00:00:00-05:00,2.0999999046325684,2.3399999141693115,2.0999999046325684,2.2799999713897705,12800,0.0,0.0
2025-01-27 00:00:00-05:00,2.0799999237060547,2.2899999618530273,2.0799999237060547,2.240000009536743,23400,0.0,0.0
2025-01-28 00:00:00-05:00,2.2100000381469727,2.496999979019165,2.2100000381469727,2.369999885559082,46100,0.0,0.0
2025-01-29 00:00:00-05:00,2.259999990463257,2.3499999046325684,2.2300000190734863,2.240000009536743,6400,0.0,0.0
2025-01-30 00:00:00-05:00,2.240000009536743,2.38700008392334,2.190000057220459,2.190000057220459,7100,0.0,0.0
2025-01-31 00:00:00-05:00,2.1700000762939453,2.200000047683716,2.1700000762939453,2.200000047683716,2100,0.0,0.0
2025-02-03 00:00:00-05:00,2.1500000953674316,2.2200000286102295,2.0899999141693115,2.109999895095825,3500,0.0,0.0
2025-02-04 00:00:00-05:00,2.180000066757202,2.309999942779541,2.109999895095825,2.1700000762939453,2200,0.0,0.0
2025-02-05 00:00:00-05:00,2.1500000953674316,2.1500000953674316,2.0899999141693115,2.109999895095825,2400,0.0,0.0
2025-02-06 00:00:00-05:00,2.2300000190734863,2.2300000190734863,2.109999895095825,2.190000057220459,1800,0.0,0.0
2025-02-07 00:00:00-05:00,2.2300000190734863,2.25,2.2249999046325684,2.2339999675750732,7200,0.0,0.0
2025-02-10 00:00:00-05:00,2.2699999809265137,2.2699999809265137,2.2100000381469727,2.23799991607666,3300,0.0,0.0
2025-02-11 00:00:00-05:00,2.25,2.25,2.2049999237060547,2.2049999237060547,2200,0.0,0.0
2025-02-12 00:00:00-05:00,2.200000047683716,2.2699999809265137,2.180000066757202,2.180000066757202,10700,0.0,0.0
2025-02-13 00:00:00-05:00,2.200000047683716,2.2899999618530273,2.200000047683716,2.2699999809265137,12800,0.0,0.0
2025-02-14 00:00:00-05:00,2.2799999713897705,2.2899999618530273,2.2699999809265137,2.2699999809265137,11700,0.0,0.0
2025-02-18 00:00:00-05:00,2.299999952316284,2.299999952316284,2.25,2.259999990463257,3400,0.0,0.0
2025-02-19 00:00:00-05:00,2.2300000190734863,2.2869999408721924,2.1080000400543213,2.200000047683716,6200,0.0,0.0
2025-02-20 00:00:00-05:00,2.1600000858306885,2.25,2.1600000858306885,2.25,3700,0.0,0.0
2025-02-21 00:00:00-05:00,2.109999895095825,2.2799999713897705,2.109999895095825,2.2200000286102295,9600,0.0,0.0
2025-02-24 00:00:00-05:00,2.119999885559082,2.23799991607666,2.119999885559082,2.2100000381469727,8100,0.0,0.0
2025-02-25 00:00:00-05:00,2.200000047683716,2.240000009536743,2.0799999237060547,2.190000057220459,5400,0.0,0.0
2025-02-26 00:00:00-05:00,2.200000047683716,2.2899999618530273,2.1500000953674316,2.2899999618530273,4500,0.0,0.0
2025-02-27 00:00:00-05:00,2.240000009536743,2.2899999618530273,2.240000009536743,2.2899999618530273,5700,0.0,0.0
2025-02-28 00:00:00-05:00,2.240000009536743,2.299999952316284,2.240000009536743,2.2899999618530273,9000,0.0,0.0
2025-03-03 00:00:00-05:00,2.240000009536743,2.299999952316284,2.240000009536743,2.2799999713897705,3000,0.0,0.0
2025-03-04 00:00:00-05:00,2.240000009536743,2.5,2.240000009536743,2.450000047683716,12800,0.0,0.0
2025-03-05 00:00:00-05:00,2.4600000381469727,2.4800000190734863,2.369999885559082,2.450000047683716,4500,0.0,0.0
2025-03-06 00:00:00-05:00,2.3499999046325684,2.496000051498413,2.3499999046325684,2.390000104904175,4500,0.0,0.0
2025-03-07 00:00:00-05:00,2.2799999713897705,2.450000047683716,2.25,2.450000047683716,3300,0.0,0.0
2025-03-10 00:00:00-04:00,2.4000000953674316,2.433000087738037,2.247999906539917,2.309999942779541,16300,0.0,0.0
2025-03-11 00:00:00-04:00,2.390000104904175,2.390000104904175,2.200000047683716,2.259999990463257,17500,0.0,0.0
2025-03-12 00:00:00-04:00,2.2109999656677246,2.2200000286102295,2.1500000953674316,2.180000066757202,5300,0.0,0.0
2025-03-13 00:00:00-04:00,2.2200000286102295,2.2200000286102295,2.119999885559082,2.1500000953674316,6800,0.0,0.0
2025-03-14 00:00:00-04:00,2.0940001010894775,2.119999885559082,2.059999942779541,2.0899999141693115,15700,0.0,0.0
2025-03-17 00:00:00-04:00,2.049999952316284,2.1500000953674316,2.049999952316284,2.0799999237060547,12100,0.0,0.0
2025-03-18 00:00:00-04:00,2.1500000953674316,2.369999885559082,1.8899999856948853,1.8899999856948853,30800,0.0,0.0
2025-03-19 00:00:00-04:00,1.9800000190734863,1.9800000190734863,1.899999976158142,1.9199999570846558,6200,0.0,0.0
2025-03-20 00:00:00-04:00,1.899999976158142,2.0,1.899999976158142,1.9800000190734863,3900,0.0,0.0
2025-03-21 00:00:00-04:00,1.9600000381469727,1.9600000381469727,1.899999976158142,1.899999976158142,4600,0.0,0.0
2025-03-24 00:00:00-04:00,2.0199999809265137,2.0199999809265137,1.9140000343322754,1.9500000476837158,3700,0.0,0.0
2025-03-25 00:00:00-04:00,2.0399999618530273,2.4000000953674316,1.9900000095367432,2.0199999809265137,14700,0.0,0.0
2025-03-26 00:00:00-04:00,2.119999885559082,2.119999885559082,2.009999990463257,2.0999999046325684,3100,0.0,0.0
2025-03-27 00:00:00-04:00,2.1600000858306885,2.2260000705718994,2.0799999237060547,2.0799999237060547,1400,0.0,0.0
2025-03-28 00:00:00-04:00,2.119999885559082,2.130000114440918,1.9500000476837158,2.015000104904175,6800,0.0,0.0
2025-03-31 00:00:00-04:00,2.0799999237060547,2.180000066757202,2.0,2.059999942779541,4800,0.0,0.0
2025-04-01 00:00:00-04:00,2.0999999046325684,2.0999999046325684,1.909999966621399,1.9299999475479126,26400,0.0,0.0
2025-04-02 00:00:00-04:00,2.0480000972747803,2.140000104904175,2.009999990463257,2.0999999046325684,19300,0.0,0.0
2025-04-03 00:00:00-04:00,2.1500000953674316,2.990000009536743,2.1500000953674316,2.819999933242798,214300,0.0,0.0
2025-04-04 00:00:00-04:00,2.809999942779541,4.75,2.806999921798706,4.75,490200,0.0,0.0
2025-04-07 00:00:00-04:00,4.820000171661377,5.748000144958496,2.9200000762939453,3.4800000190734863,487400,0.0,0.0
2025-04-08 00:00:00-04:00,3.930000066757202,4.380000114440918,3.5899999141693115,3.8299999237060547,100700,0.0,0.0
2025-04-09 00:00:00-04:00,3.9000000953674316,3.984999895095825,3.440999984741211,3.75,46700,0.0,0.0
2025-04-10 00:00:00-04:00,3.549999952316284,3.753999948501587,3.2100000381469727,3.5,32300,0.0,0.0
2025-04-11 00:00:00-04:00,3.359999895095825,3.4700000286102295,3.009999990463257,3.369999885559082,38300,0.0,0.0
2025-04-14 00:00:00-04:00,3.4100000858306885,3.5299999713897705,3.25,3.4100000858306885,25200,0.0,0.0
2025-04-15 00:00:00-04:00,3.4600000381469727,3.515000104904175,3.25,3.299999952316284,11100,0.0,0.0
2025-04-16 00:00:00-04:00,3.25,3.880000114440918,3.25,3.690000057220459,12100,0.0,0.0
2025-04-17 00:00:00-04:00,3.7300000190734863,3.9000000953674316,3.5399999618530273,3.549999952316284,61000,0.0,0.0
2025-04-21 00:00:00-04:00,3.5,3.5,2.7300000190734863,2.7899999618530273,54300,0.0,0.0
2025-04-22 00:00:00-04:00,2.8399999141693115,2.9800000190734863,2.2899999618530273,2.299999952316284,131400,0.0,0.0
2025-04-23 00:00:00-04:00,2.369999885559082,2.4000000953674316,2.059999942779541,2.180000066757202,38700,0.0,0.0
2025-04-24 00:00:00-04:00,2.119999885559082,2.299999952316284,2.062999963760376,2.1700000762939453,53700,0.0,0.0
2025-04-25 00:00:00-04:00,2.1700000762939453,2.549999952316284,2.1700000762939453,2.450000047683716,20400,0.0,0.0
2025-04-28 00:00:00-04:00,2.549999952316284,2.700000047683716,2.3399999141693115,2.3499999046325684,10300,0.0,0.0
2025-04-29 00:00:00-04:00,2.3350000381469727,2.390000104904175,2.2899999618530273,2.359999895095825,5800,0.0,0.0
2025-04-30 00:00:00-04:00,2.359999895095825,2.4800000190734863,2.2200000286102295,2.4100000858306885,12900,0.0,0.0
2025-05-01 00:00:00-04:00,2.5,2.5399999618530273,2.309999942779541,2.390000104904175,6300,0.0,0.0
2025-05-02 00:00:00-04:00,2.369999885559082,2.559999942779541,2.3399999141693115,2.421999931335449,5700,0.0,0.0
2025-05-05 00:00:00-04:00,2.5,2.5190000534057617,2.4000000953674316,2.5,5100,0.0,0.0
2025-05-06 00:00:00-04:00,2.380000114440918,2.440000057220459,2.302999973297119,2.369999885559082,4200,0.0,0.0
2025-05-07 00:00:00-04:00,2.450000047683716,2.450000047683716,2.302000045776367,2.4200000762939453,4200,0.0,0.0
2025-05-08 00:00:00-04:00,2.380000114440918,2.4100000858306885,2.3499999046325684,2.4000000953674316,4800,0.0,0.0
2025-05-09 00:00:00-04:00,2.4000000953674316,2.4000000953674316,2.309999942779541,2.3350000381469727,2900,0.0,0.0
2025-05-12 00:00:00-04:00,2.3399999141693115,2.4230000972747803,2.325000047683716,2.4230000972747803,6600,0.0,0.0
2025-05-13 00:00:00-04:00,2.380000114440918,2.630000114440918,2.380000114440918,2.5899999141693115,14800,0.0,0.0
2025-05-14 00:00:00-04:00,2.549999952316284,2.630000114440918,2.3610000610351562,2.5,16300,0.0,0.0
2025-05-15 00:00:00-04:00,2.4800000190734863,2.509000062942505,2.2100000381469727,2.4700000286102295,12800,0.0,0.0
2025-05-16 00:00:00-04:00,2.4000000953674316,2.5,2.2899999618530273,2.319999933242798,16900,0.0,0.0
2025-05-19 00:00:00-04:00,2.319999933242798,2.3580000400543213,2.180000066757202,2.25,12200,0.0,0.0
2025-05-20 00:00:00-04:00,2.1600000858306885,2.2899999618530273,2.0999999046325684,2.240000009536743,9800,0.0,0.0
2025-05-21 00:00:00-04:00,2.140000104904175,2.450000047683716,2.0999999046325684,2.140000104904175,8000,0.0,0.0
2025-05-22 00:00:00-04:00,2.180000066757202,2.200000047683716,2.0,2.0199999809265137,24100,0.0,0.0
2025-05-23 00:00:00-04:00,2.049999952316284,2.059999942779541,2.006999969482422,2.0299999713897705,5400,0.0,0.0
2025-05-27 00:00:00-04:00,2.130000114440918,2.134000062942505,2.003999948501587,2.0399999618530273,10200,0.0,0.0
2025-05-28 00:00:00-04:00,2.0,2.1510000228881836,2.0,2.138000011444092,1700,0.0,0.0
2025-05-29 00:00:00-04:00,2.119999885559082,2.200000047683716,2.059999942779541,2.119999885559082,4800,0.0,0.0
2025-05-30 00:00:00-04:00,2.0999999046325684,2.1050000190734863,2.0999999046325684,2.1050000190734863,1500,0.0,0.0
2025-06-02 00:00:00-04:00,1.9600000381469727,2.0759999752044678,1.899999976158142,2.0299999713897705,13500,0.0,0.0
2025-06-03 00:00:00-04:00,1.9600000381469727,2.119999885559082,1.9170000553131104,1.9600000381469727,6700,0.0,0.0
2025-06-04 00:00:00-04:00,1.9299999475479126,2.0899999141693115,1.9299999475479126,2.069999933242798,20200,0.0,0.0
2025-06-05 00:00:00-04:00,2.0999999046325684,2.0999999046325684,2.0399999618530273,2.0999999046325684,5300,0.0,0.0
2025-06-06 00:00:00-04:00,1.9900000095367432,2.0,1.940000057220459,1.9700000286102295,4600,0.0,0.0
2025-06-09 00:00:00-04:00,2.0,2.0199999809265137,1.9500000476837158,2.009999990463257,7900,0.0,0.0
2025-06-10 00:00:00-04:00,2.0299999713897705,2.0899999141693115,1.9600000381469727,2.0,23300,0.0,0.0
2025-06-11 00:00:00-04:00,2.0199999809265137,2.0399999618530273,2.0,2.0,19200,0.0,0.0
2025-06-12 00:00:00-04:00,2.0399999618530273,2.119999885559082,2.009999990463257,2.0999999046325684,6000,0.0,0.0
2025-06-13 00:00:00-04:00,2.180000066757202,2.180000066757202,1.9600000381469727,2.0399999618530273,8800,0.0,0.0
2025-06-16 00:00:00-04:00,2.0199999809265137,2.177999973297119,2.0,2.0399999618530273,7100,0.0,0.0
2025-06-17 00:00:00-04:00,2.009999990463257,2.0299999713897705,1.9509999752044678,1.9600000381469727,15400,0.0,0.0
2025-06-18 00:00:00-04:00,2.0,2.0999999046325684,2.0,2.0999999046325684,12600,0.0,0.0
2025-06-20 00:00:00-04:00,2.0999999046325684,2.5,2.0999999046325684,2.140000104904175,42200,0.0,0.0
2025-06-23 00:00:00-04:00,2.2100000381469727,2.380000114440918,2.1700000762939453,2.25,14900,0.0,0.0
2025-06-24 00:00:00-04:00,2.299999952316284,2.497999906539917,2.2699999809265137,2.2699999809265137,25700,0.0,0.0
2025-06-25 00:00:00-04:00,2.25,2.3359999656677246,2.25,2.319999933242798,6500,0.0,0.0
2025-06-26 00:00:00-04:00,2.25,2.259999990463257,2.200000047683716,2.2200000286102295,29100,0.0,0.0
2025-06-27 00:00:00-04:00,2.2300000190734863,2.311000108718872,2.2119998931884766,2.259999990463257,26100,0.0,0.0
2025-06-30 00:00:00-04:00,2.359999895095825,2.4089999198913574,2.259999990463257,2.3399999141693115,6300,0.0,0.0
2025-07-01 00:00:00-04:00,2.4800000190734863,2.4800000190734863,2.369999885559082,2.4100000858306885,17900,0.0,0.0
2025-07-02 00:00:00-04:00,2.5,3.0999999046325684,2.4200000762939453,2.809999942779541,48100,0.0,0.0
2025-07-03 00:00:00-04:00,2.809999942779541,3.0999999046325684,2.809999942779541,3.0399999618530273,31500,0.0,0.0
2025-07-07 00:00:00-04:00,3.059999942779541,3.0999999046325684,2.9600000381469727,2.9700000286102295,16000,0.0,0.0
2025-07-08 00:00:00-04:00,2.950000047683716,3.0999999046325684,2.859999895095825,3.0299999713897705,15500,0.0,0.0
2025-07-09 00:00:00-04:00,2.990000009536743,3.140000104904175,2.990000009536743,3.0399999618530273,16600,0.0,0.0
2025-07-10 00:00:00-04:00,3.0,3.0,2.509999990463257,2.630000114440918,36800,0.0,0.0
2025-07-11 00:00:00-04:00,2.7100000381469727,2.756999969482422,2.509999990463257,2.509999990463257,15500,0.0,0.0
2025-07-14 00:00:00-04:00,2.569999933242798,2.9800000190734863,2.502000093460083,2.569999933242798,11200,0.0,0.0
2025-07-15 00:00:00-04:00,2.5999999046325684,2.7300000190734863,2.5999999046325684,2.680000066757202,14600,0.0,0.0
2025-07-16 00:00:00-04:00,2.680000066757202,2.7300000190734863,2.5309998989105225,2.5999999046325684,6200,0.0,0.0
2025-07-17 00:00:00-04:00,2.5399999618530273,2.6700000762939453,2.5179998874664307,2.6700000762939453,24900,0.0,0.0
2025-07-18 00:00:00-04:00,2.7699999809265137,2.7699999809265137,2.5409998893737793,2.549999952316284,9900,0.0,0.0
2025-07-21 00:00:00-04:00,2.559999942779541,2.6500000953674316,2.5190000534057617,2.6500000953674316,15500,0.0,0.0
2025-07-22 00:00:00-04:00,2.6500000953674316,3.140000104904175,2.6500000953674316,3.0999999046325684,26800,0.0,0.0
2025-07-23 00:00:00-04:00,3.200000047683716,3.200000047683716,2.890000104904175,3.0999999046325684,13200,0.0,0.0
2025-07-24 00:00:00-04:00,3.0399999618530273,3.049999952316284,2.888000011444092,2.930000066757202,4400,0.0,0.0
2025-07-25 00:00:00-04:00,2.869999885559082,3.0399999618530273,2.869999885559082,2.9700000286102295,17600,0.0,0.0
2025-07-28 00:00:00-04:00,3.069999933242798,3.9200000762939453,3.0199999809265137,3.6500000953674316,84900,0.0,0.0
2025-07-29 00:00:00-04:00,3.75,3.75,3.4000000953674316,3.450000047683716,19700,0.0,0.0
2025-07-30 00:00:00-04:00,3.5399999618530273,3.5399999618530273,3.2200000286102295,3.3299999237060547,10700,0.0,0.0
2025-07-31 00:00:00-04:00,3.1600000858306885,3.309999942779541,3.1500000953674316,3.184999942779541,4600,0.0,0.0
2025-08-01 00:00:00-04:00,3.180000066757202,3.2799999713897705,2.5199999809265137,2.7300000190734863,47800,0.0,0.0
2025-08-04 00:00:00-04:00,2.690000057220459,2.9100000858306885,2.6600000858306885,2.700000047683716,7000,0.0,0.0
2025-08-05 00:00:00-04:00,2.6500000953674316,2.7200000286102295,2.5,2.5,12800,0.0,0.0
2025-08-06 00:00:00-04:00,2.5999999046325684,2.5999999046325684,2.4600000381469727,2.4600000381469727,20200,0.0,0.0
2025-08-07 00:00:00-04:00,2.5,2.5199999809265137,2.4600000381469727,2.4800000190734863,8800,0.0,0.0
2025-08-08 00:00:00-04:00,2.4600000381469727,2.690000057220459,2.4600000381469727,2.6700000762939453,10800,0.0,0.0
2025-08-11 00:00:00-04:00,2.6500000953674316,2.680000066757202,2.509999990463257,2.5399999618530273,6200,0.0,0.0
2025-08-12 00:00:00-04:00,2.549999952316284,2.569999933242798,2.5,2.509999990463257,8000,0.0,0.0
2025-08-13 00:00:00-04:00,2.3399999141693115,2.700000047683716,2.3399999141693115,2.5299999713897705,18000,0.0,0.0
2025-08-14 00:00:00-04:00,2.75,2.75,2.5,2.549999952316284,13200,0.0,0.0
2025-08-15 00:00:00-04:00,2.490000009536743,2.5999999046325684,2.4600000381469727,2.4600000381469727,12500,0.0,0.0
2025-08-18 00:00:00-04:00,2.4100000858306885,2.549999952316284,2.4100000858306885,2.5399999618530273,9700,0.0,0.0
2025-08-19 00:00:00-04:00,2.430000066757202,2.575000047683716,2.430000066757202,2.569999933242798,8200,0.0,0.0
2025-08-20 00:00:00-04:00,2.549999952316284,2.630000114440918,2.5199999809265137,2.5399999618530273,6100,0.0,0.0
2025-08-21 00:00:00-04:00,2.4600000381469727,2.6700000762939453,2.4100000858306885,2.450000047683716,16000,0.0,0.0
2025-08-22 00:00:00-04:00,2.450000047683716,2.559999942779541,2.2090001106262207,2.509999990463257,33400,0.0,0.0
2025-08-25 00:00:00-04:00,2.559999942779541,2.559999942779541,2.4200000762939453,2.484999895095825,11600,0.0,0.0
2025-08-26 00:00:00-04:00,2.390000104904175,2.569999933242798,2.2899999618530273,2.509999990463257,8900,0.0,0.0
2025-08-27 00:00:00-04:00,2.490000009536743,2.5299999713897705,2.4000000953674316,2.4000000953674316,7100,0.0,0.0
2025-08-28 00:00:00-04:00,2.430000066757202,2.4800000190734863,2.4170000553131104,2.4600000381469727,6400,0.0,0.0
2025-08-29 00:00:00-04:00,2.4600000381469727,2.4600000381469727,2.3499999046325684,2.4100000858306885,11000,0.0,0.0
2025-09-02 00:00:00-04:00,2.4600000381469727,2.4600000381469727,2.2739999294281006,2.309999942779541,12900,0.0,0.0
2025-09-03 00:00:00-04:00,2.299999952316284,2.559999942779541,1.9500000476837158,2.559999942779541,98400,0.0,0.0
2025-09-04 00:00:00-04:00,2.5399999618530273,2.5399999618530273,2.240000009536743,2.319999933242798,13900,0.0,0.0
2025-09-05 00:00:00-04:00,2.2699999809265137,2.305000066757202,2.2699999809265137,2.2799999713897705,8500,0.0,0.0
2025-09-08 00:00:00-04:00,2.200000047683716,2.25,2.0899999141693115,2.1500000953674316,12100,0.0,0.0
2025-09-09 00:00:00-04:00,2.2899999618530273,2.309999942779541,2.1600000858306885,2.2300000190734863,17400,0.0,0.0
2025-09-10 00:00:00-04:00,2.2799999713897705,2.2799999713897705,2.1500000953674316,2.177000045776367,7700,0.0,0.0
2025-09-11 00:00:00-04:00,2.240000009536743,2.240000009536743,2.1500000953674316,2.190000057220459,7400,0.0,0.0
2025-09-12 00:00:00-04:00,2.2899999618530273,2.2899999618530273,2.1500000953674316,2.200000047683716,7600,0.0,0.0
2025-09-15 00:00:00-04:00,2.200000047683716,2.309999942779541,2.125,2.180000066757202,14100,0.0,0.0
2025-09-16 00:00:00-04:00,2.2100000381469727,2.632999897003174,2.138000011444092,2.5999999046325684,43800,0.0,0.0
2025-09-17 00:00:00-04:00,2.7100000381469727,3.859999895095825,2.2200000286102295,3.0,716900,0.0,0.0
2025-09-18 00:00:00-04:00,2.9700000286102295,2.9800000190734863,2.799999952316284,2.940000057220459,46800,0.0,0.0
2025-09-19 00:00:00-04:00,3.0,3.4200000762939453,2.7009999752044678,3.4200000762939453,94500,0.0,0.0
2025-09-22 00:00:00-04:00,3.380000114440918,3.380000114440918,3.0999999046325684,3.2300000190734863,43900,0.0,0.0
2025-09-23 00:00:00-04:00,3.200000047683716,3.2799999713897705,3.059999942779541,3.2300000190734863,18500,0.0,0.0
2025-09-24 00:00:00-04:00,3.2100000381469727,3.2149999141693115,3.049999952316284,3.1500000953674316,19100,0.0,0.0
2025-09-25 00:00:00-04:00,3.2100000381469727,3.2100000381469727,2.9200000762939453,3.059999942779541,15400,0.0,0.0
2025-09-26 00:00:00-04:00,3.0,3.1050000190734863,2.8499999046325684,2.930000066757202,9200,0.0,0.0
2025-09-29 00:00:00-04:00,2.940000057220459,2.9649999141693115,2.8499999046325684,2.9100000858306885,11600,0.0,0.0
2025-09-30 00:00:00-04:00,2.8499999046325684,3.049999952316284,2.8499999046325684,2.990000009536743,14900,0.0,0.0
2025-10-01 00:00:00-04:00,2.9830000400543213,3.0199999809265137,2.881999969482422,2.950000047683716,11700,0.0,0.0
2025-10-02 00:00:00-04:00,3.059999942779541,3.059999942779541,2.871000051498413,2.8949999809265137,4300,0.0,0.0
2025-10-03 00:00:00-04:00,2.8529999256134033,3.0199999809265137,2.8529999256134033,2.990000009536743,9500,0.0,0.0
2025-10-06 00:00:00-04:00,2.990000009536743,3.0739998817443848,2.9000000953674316,2.9600000381469727,7000,0.0,0.0
2025-10-07 00:00:00-04:00,2.9800000190734863,3.049999952316284,2.9100000858306885,2.9100000858306885,15200,0.0,0.0
2025-10-08 00:00:00-04:00,2.9000000953674316,3.0490000247955322,2.9000000953674316,2.9549999237060547,6500,0.0,0.0
2025-10-09 00:00:00-04:00,2.9100000858306885,3.2799999713897705,2.9100000858306885,2.990000009536743,35300,0.0,0.0
2025-10-10 00:00:00-04:00,2.9200000762939453,3.140000104904175,2.9200000762939453,3.015000104904175,18700,0.0,0.0
2025-10-13 00:00:00-04:00,3.0899999141693115,3.444999933242798,3.049999952316284,3.430000066757202,43200,0.0,0.0
2025-10-14 00:00:00-04:00,3.4200000762939453,3.4200000762939453,3.0899999141693115,3.0999999046325684,23500,0.0,0.0
2025-10-15 00:00:00-04:00,3.200000047683716,3.994999885559082,3.200000047683716,3.490000009536743,111500,0.0,0.0
2025-10-16 00:00:00-04:00,3.4100000858306885,3.4700000286102295,3.25,3.3399999141693115,18100,0.0,0.0
2025-10-17 00:00:00-04:00,3.390000104904175,3.390000104904175,2.9000000953674316,3.049999952316284,23700,0.0,0.0
2025-10-20 00:00:00-04:00,3.049999952316284,3.119999885559082,3.049999952316284,3.119999885559082,7500,0.0,0.0
2025-10-21 00:00:00-04:00,3.200000047683716,3.3459999561309814,3.063999891281128,3.190000057220459,9100,0.0,0.0
2025-10-22 00:00:00-04:00,3.119999885559082,3.2300000190734863,2.9200000762939453,2.9649999141693115,37400,0.0,0.0
2025-10-23 00:00:00-04:00,2.9200000762939453,3.0369999408721924,2.9000000953674316,2.930000066757202,20700,0.0,0.0
2025-10-24 00:00:00-04:00,2.9700000286102295,3.190000057220459,2.9700000286102295,3.0399999618530273,6600,0.0,0.0
2025-10-27 00:00:00-04:00,3.0799999237060547,3.2200000286102295,2.944999933242798,2.9800000190734863,24400,0.0,0.0
2025-10-28 00:00:00-04:00,2.950000047683716,3.0399999618530273,2.937000036239624,2.937000036239624,7400,0.0,0.0
2025-10-29 00:00:00-04:00,2.930000066757202,2.992000102996826,2.6700000762939453,2.7100000381469727,29400,0.0,0.0
2025-10-30 00:00:00-04:00,2.75,2.930000066757202,2.5999999046325684,2.6600000858306885,19300,0.0,0.0
2025-10-31 00:00:00-04:00,2.6600000858306885,2.740000009536743,2.5799999237060547,2.5799999237060547,18300,0.0,0.0
2025-11-03 00:00:00-05:00,2.6600000858306885,2.7200000286102295,2.575000047683716,2.5999999046325684,13400,0.0,0.0
2025-11-04 00:00:00-05:00,2.5999999046325684,2.690000057220459,2.502000093460083,2.5199999809265137,6800,0.0,0.0
2025-11-05 00:00:00-05:00,2.513000011444092,2.7049999237060547,2.513000011444092,2.5850000381469727,4300,0.0,0.0
2025-11-06 00:00:00-05:00,2.5199999809265137,2.569999933242798,2.4100000858306885,2.450000047683716,9400,0.0,0.0
2025-11-07 00:00:00-05:00,2.390000104904175,2.680000066757202,2.390000104904175,2.6700000762939453,6200,0.0,0.0
2025-11-10 00:00:00-05:00,2.75,2.75,2.490000009536743,2.569999933242798,11200,0.0,0.0
2025-11-11 00:00:00-05:00,2.569999933242798,2.7200000286102295,2.380000114440918,2.619999885559082,5400,0.0,0.0
2025-11-12 00:00:00-05:00,2.319999933242798,2.75,2.25,2.630000114440918,25000,0.0,0.0
2025-11-13 00:00:00-05:00,2.640000104904175,2.75,2.4600000381469727,2.4600000381469727,68500,0.0,0.0
2025-11-14 00:00:00-05:00,2.390000104904175,2.4800000190734863,2.25,2.440000057220459,9700,0.0,0.0
2025-11-17 00:00:00-05:00,2.5799999237060547,2.5799999237060547,2.380000114440918,2.4600000381469727,9800,0.0,0.0
2025-11-18 00:00:00-05:00,2.4000000953674316,2.450000047683716,2.369999885559082,2.380000114440918,15000,0.0,0.0
2025-11-19 00:00:00-05:00,2.4000000953674316,2.569999933242798,2.2799999713897705,2.5,9900,0.0,0.0
2025-11-20 00:00:00-05:00,2.509999990463257,2.5399999618530273,2.3410000801086426,2.4000000953674316,15200,0.0,0.0
2025-11-21 00:00:00-05:00,2.3299999237060547,2.4509999752044678,2.309999942779541,2.359999895095825,29000,0.0,0.0
2025-11-24 00:00:00-05:00,2.3499999046325684,2.5,2.246000051498413,2.3499999046325684,14900,0.0,0.0
2025-11-25 00:00:00-05:00,2.299999952316284,2.3499999046325684,2.25,2.299999952316284,12000,0.0,0.0
2025-11-26 00:00:00-05:00,2.299999952316284,2.4600000381469727,2.299999952316284,2.4200000762939453,6800,0.0,0.0
2025-11-28 00:00:00-05:00,2.4700000286102295,2.5299999713897705,2.3499999046325684,2.450000047683716,8000,0.0,0.0
2025-12-01 00:00:00-05:00,2.450000047683716,2.740000009536743,2.380000114440918,2.740000009536743,36200,0.0,0.0
2025-12-02 00:00:00-05:00,2.799999952316284,2.799999952316284,2.4600000381469727,2.4800000190734863,22200,0.0,0.0
2025-12-03 00:00:00-05:00,2.509999990463257,2.509999990463257,2.3499999046325684,2.3499999046325684,18600,0.0,0.0
2025-12-04 00:00:00-05:00,2.390000104904175,2.450000047683716,2.2699999809265137,2.3499999046325684,52100,0.0,0.0
2025-12-05 00:00:00-05:00,2.3399999141693115,2.5950000286102295,2.3299999237060547,2.5299999713897705,37300,0.0,0.0
2025-12-08 00:00:00-05:00,2.549999952316284,2.6700000762939453,2.369999885559082,2.5399999618530273,20800,0.0,0.0
2025-12-09 00:00:00-05:00,2.5,2.6700000762939453,2.5,2.6600000858306885,5800,0.0,0.0
2025-12-10 00:00:00-05:00,2.5999999046325684,2.640000104904175,2.4790000915527344,2.509999990463257,11500,0.0,0.0
2025-12-11 00:00:00-05:00,2.555000066757202,2.630000114440918,2.509999990463257,2.5199999809265137,6000,0.0,0.0
2025-12-12 00:00:00-05:00,2.549999952316284,2.700000047683716,2.4609999656677246,2.569999933242798,14200,0.0,0.0
2025-12-15 00:00:00-05:00,2.5299999713897705,2.6500000953674316,2.4600000381469727,2.5,16400,0.0,0.0
2025-12-16 00:00:00-05:00,2.430000066757202,2.690000057220459,2.4100000858306885,2.5899999141693115,8400,0.0,0.0
2025-12-17 00:00:00-05:00,2.509999990463257,2.690000057220459,2.390000104904175,2.390000104904175,14300,0.0,0.0
2025-12-18 00:00:00-05:00,2.3499999046325684,2.490000009536743,2.2699999809265137,2.2699999809265137,28500,0.0,0.0
2025-12-19 00:00:00-05:00,2.311000108718872,2.369999885559082,2.2699999809265137,2.3399999141693115,6600,0.0,0.0
2025-12-22 00:00:00-05:00,2.240000009536743,2.3399999141693115,2.2100000381469727,2.2899999618530273,12200,0.0,0.0
2025-12-23 00:00:00-05:00,2.359999895095825,2.359999895095825,2.200000047683716,2.2799999713897705,18400,0.0,0.0
2025-12-24 00:00:00-05:00,2.2300000190734863,2.265000104904175,2.1500000953674316,2.200000047683716,12200,0.0,0.0
2025-12-26 00:00:00-05:00,2.2100000381469727,2.247999906539917,2.140000104904175,2.190000057220459,21000,0.0,0.0
2025-12-29 00:00:00-05:00,2.1500000953674316,2.2699999809265137,2.140000104904175,2.25,9700,0.0,0.0
2025-12-30 00:00:00-05:00,2.1500000953674316,2.2300000190734863,2.1500000953674316,2.2300000190734863,2600,0.0,0.0
2025-12-31 00:00:00-05:00,2.140000104904175,2.1600000858306885,2.109999895095825,2.140000104904175,31000,0.0,0.0
2026-01-02 00:00:00-05:00,2.1500000953674316,2.200000047683716,2.0999999046325684,2.1600000858306885,23400,0.0,0.0
2026-01-05 00:00:00-05:00,2.1700000762939453,2.299999952316284,2.0999999046325684,2.200000047683716,23100,0.0,0.0
2026-01-06 00:00:00-05:00,2.2699999809265137,2.2699999809265137,2.1679999828338623,2.259999990463257,25300,0.0,0.0
2026-01-07 00:00:00-05:00,2.319999933242798,2.319999933242798,2.200000047683716,2.2200000286102295,14500,0.0,0.0
2026-01-08 00:00:00-05:00,2.299999952316284,2.299999952316284,2.140000104904175,2.190000057220459,15600,0.0,0.0
2026-01-09 00:00:00-05:00,2.25,2.259999990463257,2.200000047683716,2.240000009536743,12300,0.0,0.0
2026-01-12 00:00:00-05:00,2.2200000286102295,2.3320000171661377,2.2200000286102295,2.2799999713897705,5000,0.0,0.0
2026-01-13 00:00:00-05:00,2.240000009536743,2.26200008392334,2.2300000190734863,2.26200008392334,4300,0.0,0.0
2026-01-14 00:00:00-05:00,2.2200000286102295,2.2799999713897705,2.200000047683716,2.2799999713897705,12100,0.0,0.0
2026-01-15 00:00:00-05:00,2.2200000286102295,2.3329999446868896,2.2200000286102295,2.259999990463257,9500,0.0,0.0
2026-01-16 00:00:00-05:00,2.309999942779541,2.309999942779541,2.200000047683716,2.200000047683716,10400,0.0,0.0
2026-01-20 00:00:00-05:00,2.190000057220459,2.312000036239624,2.190000057220459,2.240000009536743,8100,0.0,0.0
2026-01-21 00:00:00-05:00,2.180000066757202,2.236999988555908,2.1700000762939453,2.200000047683716,10200,0.0,0.0
2026-01-22 00:00:00-05:00,2.180000066757202,2.2799999713897705,2.180000066757202,2.2200000286102295,5000,0.0,0.0
2026-01-23 00:00:00-05:00,2.200000047683716,2.23799991607666,2.190000057220459,2.190000057220459,6400,0.0,0.0
2026-01-26 00:00:00-05:00,2.190000057220459,2.2899999618530273,2.180000066757202,2.2200000286102295,9600,0.0,0.0
2026-01-27 00:00:00-05:00,2.25,2.2699999809265137,2.25,2.259999990463257,7200,0.0,0.0
2026-01-28 00:00:00-05:00,2.25,2.2699999809265137,2.200000047683716,2.2699999809265137,3600,0.0,0.0
2026-01-29 00:00:00-05:00,2.2799999713897705,2.3510000705718994,2.0999999046325684,2.200000047683716,23300,0.0,0.0
2026-01-30 00:00:00-05:00,2.2300000190734863,2.259999990463257,2.0999999046325684,2.0999999046325684,5500,0.0,0.0
2026-02-02 00:00:00-05:00,2.0999999046325684,2.259999990463257,2.0999999046325684,2.0999999046325684,7300,0.0,0.0
2026-02-03 00:00:00-05:00,2.119999885559082,2.1449999809265137,2.109999895095825,2.122999906539917,8700,0.0,0.0
2026-02-04 00:00:00-05:00,2.0999999046325684,2.140000104904175,2.0999999046325684,2.109999895095825,2200,0.0,0.0
2026-02-05 00:00:00-05:00,2.140000104904175,2.180000066757202,2.109999895095825,2.119999885559082,10100,0.0,0.0
2026-02-06 00:00:00-05:00,2.1500000953674316,2.1679999828338623,1.9600000381469727,1.9600000381469727,70300,0.0,0.0
2026-02-09 00:00:00-05:00,2.009999990463257,2.0250000953674316,1.9800000190734863,2.01200008392334,7200,0.0,0.0
2026-02-10 00:00:00-05:00,2.0999999046325684,2.0999999046325684,1.8949999809265137,1.9199999570846558,22200,0.0,0.0
2026-02-11 00:00:00-05:00,1.8300000429153442,1.940000057220459,1.8300000429153442,1.8799999952316284,15700,0.0,0.0
2026-02-12 00:00:00-05:00,1.899999976158142,1.909999966621399,1.7000000476837158,1.75,40400,0.0,0.0
2026-02-13 00:00:00-05:00,1.7300000190734863,1.7699999809265137,1.7200000286102295,1.7200000286102295,8600,0.0,0.0
2026-02-17 00:00:00-05:00,1.7000000476837158,1.809999942779541,1.7000000476837158,1.7699999809265137,7400,0.0,0.0
2026-02-18 00:00:00-05:00,1.809999942779541,1.9049999713897705,1.7999999523162842,1.8200000524520874,5600,0.0,0.0
2026-02-19 00:00:00-05:00,1.7999999523162842,1.840000033378601,1.7100000381469727,1.8200000524520874,10000,0.0,0.0
2026-02-20 00:00:00-05:00,1.8200000524520874,1.8200000524520874,1.7300000190734863,1.7400000095367432,12700,0.0,0.0
2026-02-23 00:00:00-05:00,1.75,1.75,1.5099999904632568,1.5499999523162842,21600,0.0,0.0
2026-02-24 00:00:00-05:00,1.5,1.5499999523162842,1.4500000476837158,1.5499999523162842,6900,0.0,0.0
2026-02-25 00:00:00-05:00,1.5299999713897705,1.5299999713897705,1.3880000114440918,1.440000057220459,60100,0.0,0.0
2026-02-26 00:00:00-05:00,1.4199999570846558,1.5199999809265137,1.4199999570846558,1.5199999809265137,16400,0.0,0.0
2026-02-27 00:00:00-05:00,1.440000057220459,1.565999984741211,1.399999976158142,1.5199999809265137,31400,0.0,0.0
2026-03-02 00:00:00-05:00,1.440000057220459,1.5199999809265137,1.3969999551773071,1.409999966621399,11300,0.0,0.0
2026-03-03 00:00:00-05:00,1.3899999856948853,1.4199999570846558,1.0099999904632568,1.2000000476837158,80400,0.0,0.0
2026-03-04 00:00:00-05:00,1.2200000286102295,1.2200000286102295,1.1200000047683716,1.149999976158142,35200,0.0,0.0
2026-03-05 00:00:00-05:00,1.149999976158142,1.149999976158142,1.065000057220459,1.090000033378601,15000,0.0,0.0
2026-03-06 00:00:00-05:00,1.100000023841858,1.1100000143051147,0.9800000190734863,0.9900000095367432,29500,0.0,0.0
2026-03-09 00:00:00-04:00,1.0800000429153442,1.0800000429153442,1.0099999904632568,1.0700000524520874,56800,0.0,0.0
2026-03-10 00:00:00-04:00,1.0499999523162842,1.1779999732971191,1.0099999904632568,1.149999976158142,34200,0.0,0.0
2026-03-11 00:00:00-04:00,1.159999966621399,1.159999966621399,1.0779999494552612,1.1150000095367432,7700,0.0,0.0
2026-03-12 00:00:00-04:00,1.1299999952316284,1.1699999570846558,1.1200000047683716,1.149999976158142,15000,0.0,0.0
2026-03-13 00:00:00-04:00,1.1100000143051147,1.1200000047683716,1.0700000524520874,1.1100000143051147,13100,0.0,0.0
2026-03-16 00:00:00-04:00,1.190000057220459,1.190000057220459,1.0099999904632568,1.0399999618530273,18900,0.0,0.0
2026-03-17 00:00:00-04:00,1.0700000524520874,1.1200000047683716,1.0299999713897705,1.0299999713897705,19100,0.0,0.0
2026-03-18 00:00:00-04:00,1.059999942779541,1.218999981880188,1.059999942779541,1.1200000047683716,21500,0.0,0.0
2026-03-19 00:00:00-04:00,1.100000023841858,1.1799999475479126,1.100000023841858,1.1399999856948853,7700,0.0,0.0
2026-03-20 00:00:00-04:00,1.149999976158142,1.1799999475479126,1.1089999675750732,1.159999966621399,37200,0.0,0.0
2026-03-23 00:00:00-04:00,1.1699999570846558,1.1749999523162842,1.100000023841858,1.1100000143051147,9900,0.0,0.0
2026-03-24 00:00:00-04:00,1.1100000143051147,1.1100000143051147,1.0800000429153442,1.0800000429153442,3700,0.0,0.0
2026-03-25 00:00:00-04:00,1.0199999809265137,1.1799999475479126,1.0,1.149999976158142,42800,0.0,0.0
2026-03-26 00:00:00-04:00,1.2999999523162842,1.2999999523162842,1.1100000143051147,1.1399999856948853,13500,0.0,0.0
2026-03-27 00:00:00-04:00,1.159999966621399,1.159999966621399,1.059999942779541,1.090000033378601,11200,0.0,0.0
2026-03-30 00:00:00-04:00,1.100000023841858,1.128000020980835,1.0499999523162842,1.0800000429153442,21600,0.0,0.0
2026-03-31 00:00:00-04:00,1.100000023841858,1.190000057220459,1.0750000476837158,1.159999966621399,22400,0.0,0.0
2026-04-01 00:00:00-04:00,1.2599999904632568,1.6399999856948853,1.2000000476837158,1.6299999952316284,578900,0.0,0.0
2026-04-02 00:00:00-04:00,1.659999966621399,1.843000054359436,1.5099999904632568,1.6399999856948853,103200,0.0,0.0
2026-04-06 00:00:00-04:00,1.600000023841858,1.6369999647140503,1.5199999809265137,1.590000033378601,20900,0.0,0.0
2026-04-07 00:00:00-04:00,1.6399999856948853,1.6699999570846558,1.5,1.6200000047683716,26200,0.0,0.0
2026-04-08 00:00:00-04:00,1.7100000381469727,1.7300000190734863,1.5800000429153442,1.7200000286102295,10200,0.0,0.0
2026-04-09 00:00:00-04:00,1.600000023841858,1.6649999618530273,1.4700000286102295,1.5,22500,0.0,0.0
2026-04-10 00:00:00-04:00,1.4700000286102295,1.5099999904632568,1.4700000286102295,1.4700000286102295,9900,0.0,0.0
2026-04-13 00:00:00-04:00,1.440000057220459,1.440000057220459,1.3600000143051147,1.3700000047683716,8400,0.0,0.0
2026-04-14 00:00:00-04:00,1.309999942779541,1.3600000143051147,1.309999942779541,1.3200000524520874,16100,0.0,0.0
2026-04-15 00:00:00-04:00,1.309999942779541,1.350000023841858,1.2999999523162842,1.340000033378601,10000,0.0,0.0
2026-04-16 00:00:00-04:00,1.4199999570846558,1.4800000190734863,1.3650000095367432,1.4600000381469727,14900,0.0,0.0
2026-04-17 00:00:00-04:00,1.4700000286102295,1.5700000524520874,1.4700000286102295,1.5399999618530273,13400,0.0,0.0
2026-04-20 00:00:00-04:00,1.600000023841858,1.899999976158142,1.5299999713897705,1.8799999952316284,113800,0.0,0.0
2026-04-21 00:00:00-04:00,2.8399999141693115,3.130000114440918,2.569999933242798,2.9100000858306885,82422600,0.0,0.0
2026-04-22 00:00:00-04:00,2.2899999618530273,2.8399999141693115,2.240000009536743,2.759999990463257,2661600,0.0,0.0
2026-04-23 00:00:00-04:00,2.319999933242798,2.700000047683716,2.319999933242798,2.450000047683716,442100,0.0,0.0
2026-04-24 00:00:00-04:00,2.4800000190734863,2.75,2.299999952316284,2.299999952316284,321000,0.0,0.0
2026-04-27 00:00:00-04:00,2.2699999809265137,2.7699999809265137,2.2699999809265137,2.5199999809265137,224400,0.0,0.0
2026-04-28 00:00:00-04:00,2.440000057220459,2.700000047683716,2.4100000858306885,2.5399999618530273,105300,0.0,0.0
2026-04-29 00:00:00-04:00,2.4800000190734863,2.5299999713897705,2.311000108718872,2.390000104904175,95100,0.0,0.0
2026-04-30 00:00:00-04:00,2.390000104904175,2.4600000381469727,2.2799999713897705,2.2799999713897705,88800,0.0,0.0
2026-05-01 00:00:00-04:00,2.2100000381469727,2.305000066757202,2.0199999809265137,2.0199999809265137,85300,0.0,0.0
2026-05-04 00:00:00-04:00,2.009999990463257,2.0799999237060547,1.940000057220459,1.940000057220459,68500,0.0,0.0
2026-05-05 00:00:00-04:00,1.8600000143051147,1.9199999570846558,1.6619999408721924,1.690000057220459,79700,0.0,0.0
2026-05-06 00:00:00-04:00,1.659999966621399,1.8200000524520874,1.659999966621399,1.7599999904632568,47400,0.0,0.0
2026-05-07 00:00:00-04:00,1.7799999713897705,1.7999999523162842,1.5700000524520874,1.5800000429153442,49000,0.0,0.0
2026-05-08 00:00:00-04:00,1.559999942779541,1.600000023841858,1.5099999904632568,1.5299999713897705,48200,0.0,0.0
2026-05-11 00:00:00-04:00,1.5499999523162842,1.5499999523162842,1.409999966621399,1.409999966621399,51000,0.0,0.0
2026-05-12 00:00:00-04:00,1.5199999809265137,1.5199999809265137,1.350000023841858,1.3799999952316284,84000,0.0,0.0
2026-05-13 00:00:00-04:00,1.4199999570846558,1.5199999809265137,1.3600000143051147,1.4700000286102295,54200,0.0,0.0
2026-05-14 00:00:00-04:00,1.6399999856948853,2.049999952316284,1.590000033378601,1.8600000143051147,410300,0.0,0.0
2026-05-15 00:00:00-04:00,1.9299999475479126,2.0399999618530273,1.8550000190734863,1.8799999952316284,106700,0.0,0.0
2026-05-18 00:00:00-04:00,1.899999976158142,1.9149999618530273,1.7799999713897705,1.7799999713897705,57900,0.0,0.0
2026-05-19 00:00:00-04:00,1.7599999904632568,1.9800000190734863,1.7350000143051147,1.8899999856948853,50500,0.0,0.0
2026-05-20 00:00:00-04:00,1.8899999856948853,1.9700000286102295,1.7999999523162842,1.909999966621399,49900,0.0,0.0
2026-05-21 00:00:00-04:00,1.909999966621399,2.0,1.8200000524520874,1.9199999570846558,66000,0.0,0.0
2026-05-22 00:00:00-04:00,1.9199999570846558,1.9900000095367432,1.8899999856948853,1.899999976158142,52700,0.0,0.0
2026-05-26 00:00:00-04:00,1.8700000047683716,1.9700000286102295,1.8380000591278076,1.8600000143051147,30700,0.0,0.0
2026-05-27 00:00:00-04:00,1.8600000143051147,1.9049999713897705,1.7599999904632568,1.7599999904632568,24700,0.0,0.0
2026-05-28 00:00:00-04:00,1.7899999618530273,1.909999966621399,1.7699999809265137,1.840000033378601,28900,0.0,0.0
2026-05-29 00:00:00-04:00,1.809999942779541,1.8300000429153442,1.7100000381469727,1.7300000190734863,29100,0.0,0.0
2026-06-01 00:00:00-04:00,1.7599999904632568,1.7599999904632568,1.600000023841858,1.6200000047683716,44100,0.0,0.0
2026-06-02 00:00:00-04:00,1.6200000047683716,1.6440000534057617,1.5750000476837158,1.6100000143051147,26500,0.0,0.0
2026-06-03 00:00:00-04:00,1.6069999933242798,1.649999976158142,1.4600000381469727,1.4800000190734863,23000,0.0,0.0
2026-06-04 00:00:00-04:00,1.4600000381469727,1.5800000429153442,1.4600000381469727,1.5099999904632568,20200,0.0,0.0
2026-06-05 00:00:00-04:00,1.5,1.5299999713897705,1.399999976158142,1.409999966621399,37000,0.0,0.0
2026-06-08 00:00:00-04:00,1.4500000476837158,1.5049999952316284,1.350000023841858,1.3700000047683716,28900,0.0,0.0
2026-06-09 00:00:00-04:00,1.4500000476837158,1.4500000476837158,1.309999942779541,1.3300000429153442,26700,0.0,0.0
2026-06-10 00:00:00-04:00,1.3799999952316284,1.4299999475479126,1.3200000524520874,1.3899999856948853,31100,0.0,0.0
2026-06-11 00:00:00-04:00,1.399999976158142,1.4199999570846558,1.350000023841858,1.3600000143051147,25300,0.0,0.0
2026-06-12 00:00:00-04:00,1.3600000143051147,1.4299999475479126,1.350000023841858,1.350000023841858,26800,0.0,0.0
2026-06-15 00:00:00-04:00,1.350000023841858,1.4299999475479126,1.3200000524520874,1.3200000524520874,36800,0.0,0.0
2026-06-16 00:00:00-04:00,1.2999999523162842,1.309999942779541,1.2100000381469727,1.2699999809265137,55200,0.0,0.0
2026-06-17 00:00:00-04:00,1.2300000190734863,1.3700000047683716,1.2300000190734863,1.3200000524520874,36300,0.0,0.0
2026-06-18 00:00:00-04:00,1.2999999523162842,1.309999942779541,1.2400000095367432,1.2899999618530273,43500,0.0,0.0
2026-06-22 00:00:00-04:00,1.2699999809265137,1.343000054359436,1.25,1.2699999809265137,19600,0.0,0.0
2026-06-23 00:00:00-04:00,1.25,1.340000033378601,1.25,1.2999999523162842,14900,0.0,0.0
2026-06-24 00:00:00-04:00,1.2699999809265137,1.340000033378601,1.2699999809265137,1.2899999618530273,8500,0.0,0.0
2026-06-25 00:00:00-04:00,1.2799999713897705,1.3200000524520874,1.2599999904632568,1.2899999618530273,26800,0.0,0.0
2026-06-26 00:00:00-04:00,1.2599999904632568,1.3899999856948853,1.253000020980835,1.3700000047683716,12100,0.0,0.0
2026-06-29 00:00:00-04:00,1.3300000429153442,1.4800000190734863,1.25,1.2999999523162842,32000,0.0,0.0
2026-06-30 00:00:00-04:00,1.2999999523162842,1.3450000286102295,1.2699999809265137,1.2899999618530273,11200,0.0,0.0
2026-07-01 00:00:00-04:00,1.2999999523162842,1.3200000524520874,1.2699999809265137,1.2999999523162842,11200,0.0,0.0
2026-07-02 00:00:00-04:00,1.2599999904632568,1.3200000524520874,1.2599999904632568,1.2699999809265137,177700,0.0,0.0
2026-07-06 00:00:00-04:00,1.2599999904632568,1.3200000524520874,1.2599999904632568,1.3200000524520874,11500,0.0,0.0
2026-07-07 00:00:00-04:00,1.3200000524520874,1.3450000286102295,1.2599999904632568,1.2699999809265137,19500,0.0,0.0
2026-07-08 00:00:00-04:00,1.25,1.2799999713897705,1.25,1.2699999809265137,7300,0.0,0.0
2026-07-09 00:00:00-04:00,1.309999942779541,1.309999942779541,1.2699999809265137,1.2999999523162842,6100,0.0,0.0
2026-07-10 00:00:00-04:00,1.2899999618530273,1.309999942779541,1.2799999713897705,1.2999999523162842,3500,0.0,0.0
2026-07-13 00:00:00-04:00,1.350000023841858,1.350000023841858,1.2899999618530273,1.309999942779541,10500,0.0,0.0
2026-07-14 00:00:00-04:00,1.3200000524520874,1.3200000524520874,1.2799999713897705,1.2999999523162842,8500,0.0,0.0
2026-07-15 00:00:00-04:00,1.315000057220459,1.3799999952316284,1.2799999713897705,1.350000023841858,21900,0.0,0.0
2026-07-16 00:00:00-04:00,1.350000023841858,1.3700000047683716,1.2000000476837158,1.2599999904632568,28000,0.0,0.0
2026-07-17 00:00:00-04:00,1.2599999904632568,1.309999942779541,1.1799999475479126,1.2100000381469727,38900,0.0,0.0
2026-07-20 00:00:00-04:00,1.2100000381469727,1.2309999465942383,1.149999976158142,1.159999966621399,16900,0.0,0.0
2026-07-21 00:00:00-04:00,1.1799999475479126,1.184999942779541,1.149999976158142,1.159999966621399,19500,0.0,0.0
2026-07-22 00:00:00-04:00,1.149999976158142,1.190000057220459,1.1200000047683716,1.1399999856948853,21500,0.0,0.0
2026-07-23 00:00:00-04:00,1.100000023841858,1.1349999904632568,1.0499999523162842,1.0800000429153442,13900,0.0,0.0
2026-07-24 00:00:00-04:00,1.090000033378601,1.1200000047683716,1.0399999618530273,1.059999942779541,24000,0.0,0.0
2026-07-27 00:00:00-04:00,1.090000033378601,1.1699999570846558,1.0700000524520874,1.0800000429153442,24300,0.0,0.0
2026-07-28 00:00:00-04:00,1.100000023841858,1.1100000143051147,1.0099999904632568,1.0199999809265137,17200,0.0,0.0
2026-07-29 00:00:00-04:00,1.0099999904632568,1.0463000535964966,1.0,1.0099999904632568,15144,0.0,0.0
